pid,mp_type,latitude,longitude,easting,northing,height_ortho,height_ellipse,line,pixel,rmse_ts,temporal_coherence,amplitude_dispersion,incidence_angle,track_angle,los_east,los_north,los_up,mean_velocity,mean_velocity_std,acceleration,acceleration_std,seasonality,seasonality_std,gnss_velocity,20200104,20200110,20200116,20200122,20200128,20200203,20200209,20200215,20200221,20200227,20200304,20200310,20200316,20200322,20200328,20200403,20200409,20200415,20200421,20200427,20200503,20200509,20200515,20200521,20200527,20200602,20200608,20200614,20200620,20200626,20200702,20200708,20200714,20200720,20200726,20200801,20200807,20200813,20200819,20200825,20200831,20200906,20200912,20200918,20200924,20200930,20201006,20201012,20201018,20201024,20201030,20201105,20201111,20201117,20201123,20201129,20201205,20201211,20201217,20201223,20201229,20210104,20210110,20210122,20210128,20210203,20210209,20210215,20210221,20210227,20210305,20210311,20210317,20210323,20210329,20210404,20210410,20210416,20210422,20210428,20210504,20210510,20210516,20210522,20210528,20210603,20210609,20210615,20210621,20210627,20210703,20210709,20210715,20210721,20210727,20210802,20210808,20210814,20210820,20210826,20210901,20210907,20210913,20210919,20210925,20211001,20211007,20211013,20211019,20211025,20211031,20211106,20211112,20211118,20211124,20211206,20211212,20211218,20211230,20220111,20220123,20220204,20220216,20220228,20220312,20220324,20220405,20220417,20220429,20220511,20220604,20220616,20220628,20220710,20220722,20220803,20220815,20220827,20220908,20220920,20221002,20221014,20221026,20221107,20221119,20221201,20221213,20221225,20230106,20230118,20230130,20230211,20230223,20230307,20230319,20230331,20230412,20230424,20230506,20230518,20230530,20230611,20230623,20230705,20230717,20230729,20230810,20230822,20230903,20230915,20230927,20231009,20231021,20231102,20231114,20231126,20231220,20240101,20240113,20240125,20240206,20240218,20240301,20240313,20240325,20240406,20240418,20240430,20240512,20240524,20240605,20240617,20240629,20240711,20240723,20240804,20240816,20240828,20240909,20240921,20241003,20241015,20241027,20241108,20241120,20241202,20241214,20241226
2C7L50t1jS,0,48.098022,11.638773,4443112.42,2777405.43,542.2,587.9,200,7502,1.8,0.92,0.32,32.68,349.02,-0.53,-0.103,0.842,-0.5,0.1,-0.54,0.14,0.6,0.1,-0.3,-1.0,-2.1,1.6,0.4,0.3,-1.8,0.6,1.9,0.0,-1.3,0.4,-0.3,1.0,0.5,-0.2,0.2,1.2,3.5,-0.1,3.7,2.2,2.6,1.5,0.3,0.3,1.5,0.8,0.5,-0.1,-7.0,-14.6,1.0,-3.3,0.2,0.4,-2.9,1.4,-1.1,-0.1,-0.1,1.9,0.7,1.0,-2.4,2.2,0.9,-1.5,-0.2,0.2,1.1,-0.2,1.6,2.4,1.4,3.2,-0.3,0.8,2.5,2.1,2.5,2.7,2.9,-0.7,1.6,5.5,0.3,0.1,1.3,1.1,1.2,-1.2,0.3,0.0,1.5,1.2,0.5,0.7,0.6,-0.6,0.9,-1.3,-1.7,-0.2,-0.1,-0.9,1.1,0.5,1.3,-1.9,-1.0,-0.7,-1.6,-1.3,0.1,1.3,3.5,2.4,2.2,3.7,-0.3,-1.8,2.3,0.9,1.9,1.6,2.3,0.8,0.4,0.8,-0.6,0.9,1.1,3.8,1.8,3.4,2.1,0.9,2.4,-0.1,1.1,1.1,2.6,-0.3,2.2,2.2,2.5,1.2,0.8,-0.1,-1.2,3.3,1.0,-0.9,2.3,-2.7,0.2,-0.8,-0.7,2.5,3.8,-0.6,-1.4,-1.3,-0.3,-0.3,-0.2,0.6,0.9,0.3,-1.5,-1.5,-0.8,-0.9,-0.4,-0.9,-1.1,-2.4,-1.8,-2.3,-2.7,0.2,-2.6,-2.5,-1.5,-1.9,1.7,0.5,-4.5,-2.1,0.0,0.5,-0.9,-2.3,-2.2,-0.4,0.8,-1.3,-1.5,-3.5,-0.6,-0.6,-0.5,-0.3,-1.8,-1.8,-0.7,-1.0,-1.0,-1.6,-3.3,-1.5,-2.6,-1.4,-3.2,0.8,2.6,0.1,-3.4,-0.2,-2.0,-3.4,-4.3,-2.1,-1.7,0.8,-2.2,-2.2,-2.2
2C7L50t1jT,0,48.098042,11.638929,4443124.0,2777407.91,547.1,592.8,200,7503,1.9,0.89,0.36,32.68,349.02,-0.53,-0.103,0.842,-1.0,0.1,-0.52,0.15,1.1,0.1,-0.3,-0.4,-2.9,0.0,1.5,0.2,-1.5,-0.7,0.5,-1.4,3.1,-1.1,0.3,-1.2,-0.5,-2.0,-0.8,-0.1,1.7,-2.5,1.2,1.1,-3.2,-0.7,-4.1,0.9,1.3,-5.8,1.1,-4.0,0.5,-8.1,-3.0,-0.3,0.1,-1.5,-2.8,-0.9,-3.3,-2.2,-1.0,-1.5,-1.5,0.3,0.2,0.3,-0.3,-0.3,-1.3,0.3,0.9,0.5,-0.7,1.3,0.8,1.2,-0.8,-0.4,0.4,0.3,0.6,-0.1,0.2,-1.8,-1.8,3.3,-0.4,0.3,-0.5,1.0,0.2,-1.3,-0.8,-0.6,-0.1,-1.9,-2.0,-2.6,-1.0,-3.0,-1.7,-2.0,-3.8,0.3,-1.2,-1.1,-0.1,-1.9,0.0,-6.0,-4.4,-4.7,-5.4,-6.5,-1.8,-0.4,-1.8,3.5,0.9,-0.4,-2.1,-1.6,-0.6,-0.8,-1.7,-0.9,-0.3,-0.3,-0.0,1.5,-2.3,1.1,-3.1,1.3,-1.5,-0.0,0.0,-0.1,1.7,-1.7,1.4,1.2,-0.6,-2.5,0.2,-1.6,-0.7,-1.6,-1.7,-2.5,-3.9,2.8,0.3,-3.7,-2.2,-5.0,-2.7,-4.2,-3.1,-1.2,0.4,-0.2,-1.2,-1.8,-1.5,-2.0,-1.0,-0.0,0.1,0.6,-5.5,2.9,-2.7,-2.5,-2.7,-2.9,-3.4,-4.1,-5.4,-4.4,-3.2,-4.2,-4.4,-6.7,-4.9,-5.7,1.0,-3.9,-6.8,-4.6,-4.6,-4.2,-3.5,-5.1,-6.8,-2.4,0.6,-3.7,-1.3,-8.0,-4.0,-2.3,-2.9,-2.3,-4.4,-4.1,-5.2,-3.0,-7.9,-6.5,-2.8,-4.6,-0.4,-5.6,-2.0,-5.4,-4.8,-4.8,-8.5,-7.2,-7.1,-12.5,-9.9,-3.9,-3.2,-2.3,-1.5,-2.2,-3.7
2C7L50t1jO,0,48.098039,11.638614,4443100.54,2777407.02,546.1,591.8,200,7498,2.7,0.85,0.36,32.68,349.02,-0.53,-0.103,0.842,-0.7,0.1,-0.29,0.2,1.3,0.2,-0.3,0.5,-1.1,-1.6,-2.0,-1.2,1.8,-1.0,0.2,0.2,0.9,-0.3,3.6,-1.5,-1.3,3.7,-3.4,-0.4,-1.5,2.1,-0.4,0.0,-3.2,-1.1,-2.1,2.2,1.1,0.2,-4.4,-0.5,-3.5,-19.3,-7.6,-5.4,-2.2,-2.0,-2.9,1.5,-2.9,-2.2,0.1,-1.3,-1.1,0.1,-2.3,-1.8,-1.9,-1.6,-0.8,-1.9,-0.7,-0.9,3.2,-0.4,-1.5,-2.8,-2.9,-2.5,-1.6,-1.2,-0.9,-1.4,-1.6,-1.6,-0.1,-1.7,-0.6,-3.4,0.2,-1.5,-2.5,-0.3,-3.9,-2.6,-1.9,-4.3,-3.1,-2.7,-3.2,-2.5,-4.3,-0.6,-4.0,-2.9,0.7,-4.4,-0.5,-3.2,-1.9,-9.9,-1.6,-4.5,-2.4,-4.2,-3.6,-2.9,2.6,1.3,-0.3,-3.2,-2.5,-3.4,-4.8,-5.1,-5.4,-0.3,-4.5,-3.3,-4.9,-2.9,-3.6,-2.5,0.6,0.6,-0.9,0.3,-0.3,-0.4,-0.9,-0.9,-0.5,-2.1,-0.9,0.4,-0.3,0.8,-1.8,-0.5,-1.8,-1.1,-2.7,3.1,-6.0,-0.5,-1.8,-6.9,-5.3,-3.4,-8.0,-1.4,2.3,7.3,-0.0,-2.8,-3.1,-1.2,-1.2,-3.9,-0.1,0.5,-2.9,-2.1,-0.6,-0.6,-0.4,-1.0,-2.2,-3.5,-0.2,-5.3,-1.1,-7.3,-6.0,-5.6,-5.0,-13.0,0.1,-4.1,-6.9,-5.0,-4.1,-4.3,-6.0,-3.9,-6.6,-0.4,-7.4,-5.1,-2.9,-1.9,-2.6,-2.4,-2.0,-4.1,-0.3,-1.3,-1.9,-6.8,-6.1,-5.0,-7.1,-3.0,-2.2,1.3,-6.3,-0.9,-16.0,-3.4,-9.8,-5.0,-4.7,-5.6,-7.1,-6.1,-5.0,-1.2,-1.6,-5.3,-2.2
2C7L50t1jN,0,48.098048,11.638536,4443094.75,2777407.85,545.3,591.0,200,7497,3.0,0.76,0.47,32.68,349.02,-0.53,-0.103,0.842,-0.2,0.1,-0.7,0.23,2.3,0.2,-0.3,3.0,2.0,1.2,2.7,0.6,4.0,-8.4,-6.3,1.5,5.4,-1.3,-5.4,-5.9,-1.6,-4.0,-3.2,-2.8,-1.9,-1.5,-0.6,3.1,0.3,-0.8,-4.4,-0.7,0.3,-1.2,-2.5,0.5,-4.6,-15.3,-8.2,-5.4,-4.0,0.2,-7.5,2.1,-1.1,-2.9,-0.4,-2.5,-4.3,-0.8,-1.2,-1.7,-1.7,-3.6,-0.9,-1.7,-0.5,2.1,2.5,2.3,-0.9,4.1,0.2,3.4,4.4,5.0,3.4,3.3,4.8,2.7,4.9,1.1,2.2,-0.1,-0.6,-0.5,-1.0,-0.7,-0.7,-1.2,-1.5,-0.9,-1.0,-2.1,0.5,-2.2,-3.5,-1.3,-0.7,-1.4,1.6,-3.3,-1.6,-2.7,1.5,-1.3,-4.3,-5.9,-1.3,-3.1,-2.4,-2.3,1.4,3.4,4.4,0.3,-2.2,0.1,-2.1,0.1,1.3,0.7,0.7,2.4,1.8,0.9,0.4,2.6,3.5,4.9,2.2,3.9,1.6,2.2,2.3,0.4,2.2,-0.7,2.5,1.0,1.2,1.6,0.9,-0.2,-2.0,0.1,-3.4,-2.3,-4.7,-3.5,-1.4,1.1,-7.6,6.0,-7.4,0.4,2.3,-2.7,2.1,-0.4,-2.0,-1.6,1.0,-2.2,-0.0,1.5,1.6,0.4,2.9,0.6,1.2,1.5,-1.1,-0.0,0.0,-4.1,-2.0,-5.2,-4.0,-4.3,-2.6,-4.6,1.4,-1.2,-6.3,-3.5,-0.9,-4.9,-9.3,0.7,-6.4,5.9,1.8,1.3,1.9,8.4,-0.8,2.2,0.3,-0.2,1.8,0.4,-2.7,-7.0,-7.2,1.1,0.1,2.3,-4.2,1.5,-4.0,-8.1,-12.2,5.3,-2.5,-5.3,-0.9,-2.5,-1.0,4.5,-10.2,-0.0,-1.9,-0.7,1.6
2C7L50t1jW,0,48.098123,11.638974,4443127.17,2777416.89,539.5,585.2,200,7506,4.7,0.65,0.55,32.68,349.02,-0.53,-0.103,0.842,-0.9,0.2,-0.5,0.37,0.3,0.3,-0.3,-3.1,-3.5,-0.5,-1.6,1.4,2.1,1.9,1.2,0.8,4.6,2.0,3.1,-2.1,-0.3,-5.0,-3.8,2.8,-3.0,-3.6,-3.9,-3.1,-3.8,1.2,-1.3,-1.0,-9.0,2.5,2.2,-8.5,-1.1,-20.9,-12.6,-6.1,-0.9,-10.0,-4.9,-3.9,-3.1,-1.4,2.4,-3.2,3.3,-1.3,1.7,1.3,0.5,0.6,-0.6,-1.0,1.0,6.5,-18.6,1.3,-19.4,-10.5,-5.1,-0.9,-9.9,1.4,-16.2,-4.4,-9.8,-1.2,-4.1,-1.3,-0.9,-13.9,-20.1,-12.3,0.1,-5.9,0.3,-0.5,2.3,-0.8,1.5,-0.6,-4.5,-3.7,-11.6,-3.7,-4.5,-3.9,6.9,-3.1,-10.8,-0.8,0.0,-8.9,3.4,-1.6,-21.8,-14.0,-1.5,-1.2,2.1,-5.5,3.2,-3.3,0.6,-6.1,-4.4,-2.0,-5.4,-3.1,-0.5,-3.9,-3.4,0.4,-1.4,2.1,-4.2,-1.8,-1.8,-5.9,-5.0,-3.2,-5.3,-5.0,-8.8,-2.1,0.1,-6.4,-6.8,-4.0,-2.4,-4.5,-6.7,-4.7,-4.8,-0.3,-4.5,-20.2,-0.5,-2.1,1.0,-1.3,-10.9,-5.3,-1.8,2.2,-9.4,-4.7,-0.6,-1.3,-0.3,0.2,-2.5,-0.4,-1.3,3.7,-4.4,-1.8,-5.3,-0.8,-2.0,-8.1,-6.2,-1.0,-7.0,-4.0,-7.4,-4.8,-2.7,-0.8,2.5,-1.9,-5.3,-10.5,-3.7,-6.7,-7.5,-4.3,-2.8,-1.9,-11.0,-3.1,-4.2,0.4,-7.4,-4.9,-5.4,-1.6,-4.8,-6.6,-4.5,-1.7,-10.8,-7.6,-6.4,-5.3,-3.0,-5.6,-8.7,-6.8,-7.2,-8.1,-7.3,-6.8,-10.6,-17.4,-10.4,-11.5,-9.2,-9.2,-9.7,-11.3,-7.9
2C7L50tImS,0,48.098108,11.638424,4443086.23,2777414.33,531.7,577.3,201,7500,4.4,0.62,0.53,32.69,348.95,-0.53,-0.103,0.842,-0.8,0.2,-0.45,0.33,1.7,0.3,-0.3,-6.3,-4.2,-1.9,-1.6,-1.3,-4.7,-0.3,-2.1,0.1,5.0,-2.6,-4.0,-1.8,-2.7,-1.7,1.5,3.0,-10.7,-1.9,-3.9,-0.3,-0.3,1.7,-11.4,-3.7,-3.9,-2.4,-0.6,-5.1,1.8,2.6,-6.0,-1.7,-3.0,-3.5,-4.6,2.3,-3.5,2.3,4.8,-7.6,-2.5,3.8,2.1,1.2,-1.3,-5.1,-4.3,-2.0,-5.6,-1.6,-0.7,0.7,-4.4,-3.0,9.0,-2.7,-2.2,-3.9,-2.6,1.7,-2.2,7.3,-0.2,-4.1,-4.3,2.0,-6.7,-7.7,-0.8,-7.0,-2.1,-3.5,-1.5,-4.1,-3.0,-3.5,2.1,0.7,-12.1,8.2,-5.4,-3.4,-3.4,-2.0,-3.8,-7.1,-3.5,-7.0,-4.6,-5.4,-7.6,-14.9,-7.7,-4.9,-5.4,-6.3,-2.9,-1.4,-7.8,-8.4,-8.3,-9.1,-7.4,1.4,-4.7,2.8,-1.1,-6.2,-1.6,0.9,2.3,-0.3,-0.2,0.7,-0.5,0.4,1.4,2.5,-0.4,-0.9,-0.5,-3.0,0.5,2.2,0.2,-2.7,-0.2,-5.2,-14.9,-0.8,-16.6,-6.3,9.4,-7.0,-2.9,6.1,2.8,0.2,7.9,-1.5,-0.4,-3.1,-2.7,-6.9,-2.2,3.3,-1.7,-7.1,0.3,7.2,-6.2,0.8,-13.2,0.6,-7.0,-3.6,-2.2,-5.4,-5.8,-8.1,-18.3,-10.5,-0.9,-3.6,-2.7,-5.3,2.8,-8.5,-8.4,-0.7,-4.0,-7.3,-6.0,-1.4,-11.1,0.7,-0.6,2.4,-2.9,-3.5,-2.5,-3.5,-5.2,-0.7,-3.3,-7.9,-8.2,-9.3,-11.5,1.0,-2.0,-9.3,-7.8,-7.3,-13.2,-17.8,8.4,-0.4,-6.5,-5.0,-4.9,-8.0,-9.1,-0.9,-8.1,-2.0,-9.6
2C7L50tImU,0,48.098152,11.638767,4443111.69,2777419.77,543.4,589.1,201,7502,3.4,0.76,0.44,32.69,348.95,-0.53,-0.103,0.842,-0.2,0.2,-0.03,0.26,0.7,0.2,-0.3,0.2,-4.3,1.8,-0.3,-0.8,-7.8,-0.4,0.3,-0.6,14.7,-1.0,-2.0,-1.5,5.4,1.2,-0.5,-1.0,2.5,-0.5,5.8,0.6,6.4,4.9,-3.0,0.7,0.5,-5.1,9.0,2.3,-3.6,-2.9,-4.7,-7.4,-3.6,-3.8,-4.6,0.1,0.1,1.3,-4.9,-0.8,-2.7,-4.7,-10.3,-7.8,-2.3,-4.5,-4.5,-0.7,-2.8,-4.9,-2.6,-2.0,1.3,0.6,10.9,2.4,2.6,1.9,4.5,3.1,2.9,-1.4,-1.6,7.7,-4.0,-4.8,-4.0,-0.5,0.8,-0.5,-1.2,-0.4,-0.8,2.9,-1.1,-1.0,-4.1,-1.5,-2.7,-1.8,0.1,-1.1,-3.0,-2.2,-1.7,0.5,0.7,-5.2,-5.0,-2.2,-5.4,3.4,-3.9,-0.3,3.0,0.2,-0.7,2.3,-0.9,-1.5,0.4,-0.3,-2.1,0.0,0.3,2.9,1.3,1.4,-2.5,-5.5,-4.2,5.3,-5.3,1.0,1.1,1.0,1.9,-3.6,-0.7,-3.1,0.0,-3.3,1.1,3.4,2.7,-0.4,2.0,-0.7,-3.6,3.3,1.9,-6.4,-0.2,0.5,0.0,-1.5,-2.2,2.4,2.9,-1.9,-2.6,-0.6,0.1,-3.7,-1.7,0.6,-2.9,-8.3,-3.3,7.1,-2.5,-3.5,0.0,-0.2,-4.1,-3.0,-2.7,-4.0,-3.1,-1.6,-5.4,-0.1,-1.6,-2.9,-0.2,0.6,-5.5,-1.0,-2.5,-0.2,-0.8,-4.4,-3.5,-0.0,3.2,-1.5,-0.2,-2.3,-1.4,-1.2,-2.0,-0.3,-2.3,-2.0,0.3,-1.7,-0.6,5.7,-4.9,-3.0,-2.1,1.5,-7.2,0.7,8.5,-9.5,4.7,3.9,-6.7,-1.2,-7.6,-1.5,-4.1,2.6,-2.2,-3.1,-4.8
2C7L50tImB,0,48.098023,11.637623,4443026.75,2777403.62,540.6,586.3,201,7483,1.9,0.9,0.37,32.68,349.02,-0.53,-0.103,0.842,-0.8,0.1,0.13,0.15,0.9,0.1,-0.3,0.8,-1.9,0.6,-0.1,-1.6,-0.9,0.1,0.5,1.0,1.6,0.8,1.6,0.3,0.4,2.2,1.6,3.0,3.0,1.9,-0.0,1.0,2.3,1.3,2.1,2.2,2.9,2.2,0.9,0.8,0.7,3.9,0.9,-1.4,2.1,-0.5,0.6,2.1,-0.3,2.0,3.5,0.5,0.6,2.0,3.6,-0.1,1.4,0.9,-1.9,1.3,0.7,-0.3,1.0,-2.1,-0.7,-2.1,1.4,-2.9,0.4,-1.1,-0.5,0.6,1.5,0.5,-1.3,2.0,0.9,-0.0,2.1,2.3,-0.5,3.4,-0.7,-1.4,1.3,1.7,3.2,0.6,0.5,0.7,2.8,-1.2,0.2,-1.2,0.6,-0.1,0.9,0.4,0.8,0.1,2.0,0.4,0.4,-3.2,-0.8,-0.3,2.5,0.1,4.9,0.9,0.1,0.1,2.7,1.1,1.0,2.9,-0.1,-2.0,-1.2,-0.8,-0.8,0.7,-0.6,-2.0,-2.0,-1.8,-2.6,-0.2,-0.6,-1.6,0.3,-2.9,1.4,-1.4,0.2,1.2,1.5,-3.0,0.4,1.4,-1.2,2.1,-0.2,-6.6,-1.3,-2.0,0.1,-0.0,-3.8,0.8,2.4,-6.2,-4.4,-3.3,-3.3,-2.4,-3.3,-2.1,-2.0,-1.5,-2.7,-0.1,-1.1,-1.5,-2.4,-2.0,-2.4,-2.3,-2.5,-1.1,-1.4,0.0,1.7,-1.6,-0.4,-5.7,-4.5,-2.4,-3.3,-3.9,-2.9,0.2,-2.8,-4.1,-6.0,-12.5,-2.2,-1.9,-2.5,6.3,-1.4,-0.8,-0.7,-2.3,-1.4,1.1,0.3,0.9,2.2,1.7,-6.0,-2.7,-1.3,-6.0,-6.0,3.4,-2.8,-0.6,-1.1,-5.2,1.6,-3.0,-3.3,-2.2,-5.6,-2.8,-3.7,-1.6,-1.3
2C7L50tImH,0,48.098113,11.638032,4443057.01,2777414.25,542.2,587.9,201,7489,1.6,0.93,0.26,32.68,349.02,-0.53,-0.103,0.842,-0.7,0.1,-0.19,0.12,0.3,0.1,-0.3,2.2,0.2,0.4,0.3,0.0,-0.6,0.6,0.6,2.0,-1.2,0.6,-0.5,-0.0,-0.8,-0.1,0.7,-0.2,-0.4,-4.9,-1.9,-1.9,-0.7,-1.9,1.2,1.6,1.5,-2.0,-2.2,-3.2,-3.7,3.5,-4.2,-5.5,-2.9,-2.6,-3.1,-1.6,-3.0,1.7,1.1,-0.4,-0.1,0.4,-3.5,-2.8,-4.3,-3.3,-0.3,-3.5,-0.4,-1.5,-0.3,-1.5,-2.6,-1.1,-1.9,-1.8,-1.4,-1.9,-2.5,-1.1,-2.0,1.4,-1.0,2.7,-3.8,-1.3,-2.5,-2.9,-0.3,-2.7,-1.9,-4.3,-2.4,-0.5,-0.5,-1.2,-1.8,-2.9,-1.3,-1.6,-2.4,-3.5,-3.4,-2.5,-2.3,-2.6,-2.8,-4.4,-1.2,-2.1,-3.9,-4.5,-2.9,-1.6,1.5,0.6,1.7,0.8,-0.4,-2.1,-0.2,0.2,-0.6,-0.3,0.6,-0.2,-1.5,-1.5,-2.4,-0.3,-0.8,-0.7,-1.4,-1.5,-1.7,-1.2,-2.1,-1.5,-2.9,-1.1,-1.8,-2.5,-1.5,-0.8,-2.0,-2.9,-2.7,-2.8,-4.3,0.7,-1.8,0.2,-3.8,-1.5,1.6,-1.3,-2.0,1.3,2.0,-3.1,-2.2,-5.0,-2.1,-2.3,-3.3,-4.0,-2.7,-0.5,-2.9,-3.6,-2.1,-3.3,-1.4,-2.5,-1.8,-3.0,-1.7,-3.2,-2.5,-3.7,-2.4,-1.5,-4.6,-2.0,-1.4,0.3,-5.8,-2.6,-1.5,-2.3,-4.3,-4.8,-2.9,-2.0,-4.5,-4.9,-0.2,-4.1,-2.7,-2.4,-3.4,-3.9,-4.7,-3.2,-1.9,-4.6,-3.5,-2.8,-3.9,-3.3,-5.2,-3.0,-5.7,-4.5,-2.6,-6.6,-1.8,-4.6,-2.8,-6.2,-6.9,-4.9,-6.5,-3.6,-3.0,-2.2,-5.5
2C7L50tImD,0,48.098097,11.637765,4443037.16,2777412.07,540.6,586.3,201,7485,3.2,0.79,0.43,32.68,349.02,-0.53,-0.103,0.842,-0.9,0.2,0.26,0.24,0.6,0.2,-0.3,-1.4,6.5,2.0,0.4,0.2,1.0,4.7,1.6,2.3,-6.3,2.5,-5.5,0.5,1.0,2.5,2.7,1.4,3.3,0.2,1.5,1.9,2.1,0.1,2.9,2.8,0.1,-2.0,-4.6,-2.4,-1.7,2.6,-0.6,-4.4,0.4,0.1,-0.5,2.5,1.9,2.0,1.0,0.2,-0.9,1.0,0.2,-0.6,0.8,-2.9,-3.3,1.8,-2.7,0.9,1.8,1.6,0.2,2.3,0.1,-0.2,-2.7,1.2,-2.6,-3.2,0.8,-11.0,1.3,-8.8,-8.3,-1.4,-7.2,1.4,-0.5,-2.6,2.0,-3.0,-0.1,1.7,-0.3,0.5,0.4,-1.0,-0.3,0.4,1.9,-0.0,-1.0,-1.5,2.8,-0.9,0.5,0.9,-1.6,0.2,-1.8,-2.5,0.6,-1.4,1.9,-2.2,4.9,0.4,-0.5,-2.7,-0.7,-0.4,-0.9,-0.4,-1.5,-2.7,-0.9,-1.9,2.1,0.8,5.2,2.5,-5.1,-4.0,-11.0,0.8,2.5,2.3,-2.4,7.9,4.3,-2.0,-0.2,0.1,0.0,-8.4,-0.7,2.0,-1.1,0.4,-3.2,-4.4,-3.3,-0.9,-2.1,-0.5,-5.3,-2.5,-2.6,-6.6,-5.5,-7.1,-6.7,-2.9,-2.1,-4.4,-0.7,1.0,-0.8,-5.6,-1.0,-1.2,-3.0,-5.2,-3.7,-2.5,-1.1,-2.7,-1.8,-0.7,-1.1,-1.8,-5.1,-5.4,-3.8,-8.0,-7.0,-2.3,-3.5,-0.7,-2.1,0.8,0.7,-12.1,-13.8,-10.0,3.5,-17.2,-2.2,3.6,-4.7,-2.9,-2.8,-2.2,-0.9,-5.1,-1.7,0.9,-1.4,-1.6,-1.1,-2.2,-7.3,-2.3,-3.0,-1.2,-3.9,-3.1,-0.9,-3.6,4.3,-3.3,-8.9,-4.7,-9.3,-3.2,1.0
2C7L50tImE,0,48.098122,11.637817,4443040.97,2777414.96,540.6,586.3,201,7486,1.8,0.92,0.33,32.68,349.02,-0.53,-0.103,0.842,-0.5,0.1,-0.29,0.13,0.4,0.1,-0.3,0.8,-0.2,-0.5,1.7,0.9,0.6,1.3,-1.0,-0.2,-0.9,0.1,0.0,0.4,0.8,2.2,1.7,3.6,0.0,0.6,-1.2,3.1,1.4,1.2,1.3,2.6,0.6,1.4,-0.3,1.3,-0.8,8.1,-1.9,-5.0,0.1,0.2,-1.6,2.2,0.3,2.2,2.7,2.7,1.2,1.6,0.1,-0.2,0.6,-0.9,-0.5,0.2,-0.3,3.6,-1.2,-1.8,-3.3,-0.6,0.6,1.9,-1.6,2.6,0.6,-0.2,0.7,0.2,-0.2,3.7,2.1,2.3,-0.8,-0.2,2.4,1.7,0.6,1.9,1.3,1.9,0.7,1.5,2.1,1.9,0.7,-0.5,1.5,-0.0,1.3,0.2,0.8,1.7,1.1,-1.9,-0.1,-0.6,0.0,-2.3,0.1,0.4,5.1,1.7,4.7,2.4,2.3,-0.0,1.5,0.8,2.6,0.1,2.0,0.7,0.6,-1.8,-1.3,-1.5,1.0,-0.1,-0.2,-0.9,-0.3,1.6,0.2,0.9,-0.5,-0.7,4.2,1.6,1.0,0.7,1.8,-0.6,-0.4,1.4,0.2,3.5,-2.1,2.4,-0.6,-1.1,1.6,0.6,-1.1,3.0,1.9,2.7,-3.1,-3.9,-3.0,-2.5,0.6,-1.6,0.4,0.1,0.3,-3.3,-1.7,-1.1,-1.4,-1.4,1.4,-0.5,1.4,-0.1,0.1,-0.2,-1.8,-3.3,-0.8,-2.8,0.6,0.0,-4.0,-2.8,-1.9,0.7,-0.9,1.8,0.5,1.4,-2.2,-0.7,0.4,-6.4,-0.0,-2.5,0.3,-1.6,0.2,-0.3,-0.0,0.3,-1.6,-0.6,-4.3,2.0,1.8,2.9,-5.8,-1.7,-2.5,-2.0,-1.2,-2.3,-1.2,-3.0,-6.9,-1.5,-3.1,-0.2,-1.4,-0.1,-0.7
2C7L50tImI,0,48.098158,11.638092,4443061.37,2777419.33,542.9,588.6,201,7490,4.3,0.68,0.53,32.69,348.95,-0.53,-0.103,0.842,-1.7,0.2,0.4,0.33,1.5,0.3,-0.3,0.2,-0.9,1.3,-0.3,-0.9,-2.2,0.6,-0.6,-1.1,-1.1,-2.0,-1.4,-0.4,-0.2,-0.8,0.8,-0.7,0.9,0.3,-3.8,-2.1,1.2,-3.7,0.0,0.5,-1.9,1.9,-3.8,-0.8,-2.3,-22.7,-2.7,-3.2,-6.1,-2.9,-1.5,-5.2,-8.8,-6.6,-4.8,-6.1,-3.7,-4.2,-6.4,-6.7,-6.9,-6.5,-4.7,-12.9,-1.0,-3.3,-2.0,-2.0,-3.9,-2.0,-5.1,-3.6,-4.0,-4.6,-4.7,-6.3,-4.3,-4.6,-5.2,-2.9,-1.9,-4.5,-5.1,-6.2,-4.4,-8.6,-5.7,-6.6,-3.8,-3.0,-2.9,-4.0,-4.5,-7.5,-5.3,-6.7,-6.9,-7.2,-5.3,-7.5,-4.2,-7.0,-6.2,-6.9,-5.1,-7.9,-10.3,-8.0,-6.0,-8.2,-1.5,-8.5,0.2,-3.2,-6.4,-6.7,-5.7,-4.9,-9.1,-6.8,-6.5,-7.6,-8.8,-21.3,-10.6,-15.4,-16.9,-15.2,-6.7,-15.8,-4.6,-5.5,-15.7,4.5,-5.3,-6.7,-0.5,-4.5,-5.0,-4.6,-4.6,-5.7,-6.0,-5.1,-8.0,-4.8,-0.8,-7.5,-7.1,-9.3,-6.0,-9.6,-6.1,-7.0,-4.2,-6.0,1.9,-12.5,-12.3,-0.2,4.7,-9.8,-0.3,0.8,4.1,5.7,-5.0,-18.6,-1.1,-14.8,-6.0,-11.1,-5.6,-9.0,-8.6,-17.6,0.4,-12.1,-13.4,-22.7,-9.7,-12.9,-21.1,-5.9,-7.6,-9.9,-9.3,-0.7,-19.9,-14.0,-9.2,-10.5,-1.2,-14.1,-9.1,-6.7,-7.7,-8.9,-12.8,-7.7,-9.4,-9.1,-7.8,-10.6,-9.9,-9.7,-9.3,-20.0,-10.5,-11.6,-16.0,-15.1,-6.8,-7.6,-7.7,-9.1,-9.2,-11.1,-10.3,-5.3,-9.9,-8.8,-16.2
2C7L50tZpL,0,48.098165,11.638003,4443054.75,2777419.99,536.1,581.8,202,7491,3.4,0.58,0.54,32.69,348.95,-0.53,-0.103,0.842,-1.8,0.2,2.42,0.28,1.8,0.2,-0.3,-0.8,-1.4,1.6,-4.8,-1.9,-3.3,-0.5,-0.9,-1.5,-0.3,-2.0,-2.2,-2.6,-0.5,-0.7,-2.1,1.4,-1.0,-1.0,-4.6,-1.7,0.9,-2.7,3.0,-2.2,-3.6,-0.5,1.7,0.3,-7.1,2.5,-7.7,-7.7,-5.5,-5.5,-5.1,-4.0,-6.2,-3.6,-6.0,-5.1,-4.9,-5.8,-4.9,-5.9,-5.3,-4.9,-12.2,-13.1,-13.3,-13.7,-12.0,-13.4,-11.1,-14.1,-14.9,-14.6,-13.6,-13.9,-13.5,-14.0,-13.0,-9.2,-12.6,-6.5,-12.6,-12.5,-11.6,-9.7,-8.2,-8.0,-6.9,-5.4,-3.6,-4.2,-4.2,-6.0,-5.8,-9.3,-11.9,-12.6,-9.3,-11.2,-10.2,-10.8,-10.8,-10.0,-16.2,-18.0,-9.3,-10.7,-13.2,-17.9,-21.8,-18.7,-13.0,-8.9,-14.1,-15.7,-11.3,-13.3,-11.6,-14.7,-11.0,-11.9,-12.7,-13.6,-16.8,-16.3,-15.7,-14.5,-15.4,-14.6,-14.6,-13.0,-18.6,-13.5,-16.1,-15.6,-17.0,-6.0,-15.5,-13.2,-14.3,-16.6,-12.8,-13.6,-9.0,-6.9,-7.2,-10.1,-12.3,-12.2,-8.5,-14.8,-9.0,-12.6,-12.6,-8.8,-6.4,-17.3,-14.6,-14.6,-13.5,-13.0,-14.8,-7.3,-13.5,-11.7,-13.4,3.7,-11.6,-12.3,-11.5,-10.4,-10.4,-11.6,-11.0,-12.5,-9.9,-18.0,-18.9,-13.1,-14.0,-18.8,-14.9,-13.9,-21.2,-12.7,-14.2,-13.4,-14.1,-23.0,-15.6,-12.5,-4.2,-11.1,-10.1,-12.9,-12.1,-10.6,-8.9,-9.7,-11.6,-10.1,-8.6,-12.0,-10.9,-10.8,-12.1,-10.2,-8.7,-16.8,-24.9,-14.4,-15.7,-10.9,-7.4,-15.1,-7.3,-15.1,-15.5,-14.3,-15.6,-11.1,-15.0,-15.8,-12.7
2C7L50tZpT,0,48.098235,11.638552,4443095.44,2777428.71,542.2,587.8,202,7499,4.4,0.67,0.48,32.69,348.95,-0.53,-0.103,0.842,-0.3,0.2,-0.88,0.33,2.6,0.3,-0.3,1.5,-0.5,4.4,2.1,1.7,-5.7,0.1,1.3,1.8,4.8,1.5,-1.0,-1.0,2.5,2.7,6.2,1.6,-10.8,0.3,-1.0,-0.5,7.1,-13.5,-19.1,5.1,-1.1,-1.4,-9.0,-6.5,-18.7,-23.1,2.2,-10.9,-0.2,-0.4,0.2,-7.9,-1.7,-0.6,0.1,-4.1,-3.0,-9.7,-1.0,-4.9,-1.2,-2.0,0.3,-2.6,2.7,2.9,1.1,2.1,3.1,4.6,-13.0,2.6,3.0,-0.1,3.8,2.7,5.3,-5.3,-0.8,-0.4,1.6,4.0,-1.8,-5.6,0.5,-3.1,-0.1,-2.3,1.9,0.4,1.2,-1.4,-0.6,3.8,-7.7,4.2,0.4,-0.8,2.2,-1.1,-3.3,-3.8,-3.7,-5.6,-4.3,-3.9,-4.8,-2.8,0.4,-2.2,-1.6,-7.2,0.0,-1.4,-1.9,1.0,-3.3,3.9,2.5,-4.2,-3.6,3.5,-4.5,-2.7,-0.2,4.0,0.3,2.0,-0.9,3.3,1.8,-13.9,3.8,3.6,1.2,0.7,2.0,3.0,1.3,3.1,2.4,2.9,0.2,-3.9,-0.8,2.7,4.6,-2.8,-7.8,-4.5,-6.0,-2.3,-3.9,-5.6,-2.0,3.0,-0.3,1.0,-1.5,0.7,1.7,1.0,0.5,-4.5,-2.9,3.4,-1.2,0.3,-1.1,2.7,0.6,0.8,4.0,1.8,-4.1,1.9,-14.4,-0.1,0.6,-12.2,2.3,2.6,-14.4,2.1,-11.4,-18.5,-0.6,-2.2,-5.5,-0.0,1.5,-1.0,-2.0,5.7,-2.0,-0.9,-0.3,-1.3,-2.6,2.2,-1.3,-5.4,-2.8,-1.2,-3.4,-7.1,-3.8,-7.6,-10.1,-8.3,-5.2,0.0,-2.4,-6.9,-4.9,-2.7,-1.1,-3.1,-2.6,0.1,-0.7,-8.6,-5.2
2C7L50tZpC,0,48.098149,11.63759,4443023.96,2777417.51,542.6,588.3,202,7482,4.1,0.63,0.44,32.69,348.95,-0.53,-0.103,0.842,-0.5,0.2,-0.46,0.31,2.2,0.3,-0.3,-0.6,-3.3,0.1,-1.6,-2.4,4.9,1.9,1.4,2.0,4.5,2.6,3.6,2.3,0.2,3.4,1.4,1.3,1.4,-3.3,-0.2,3.5,0.7,-2.2,-2.2,-3.4,-2.5,-1.5,-2.7,-3.4,-3.7,8.4,-6.6,-4.3,-3.7,-3.5,-4.4,-3.6,-4.2,-0.9,-4.6,-2.8,-2.8,-5.7,-2.9,-1.4,-1.9,-1.8,-4.6,-0.4,-1.2,-5.1,12.4,-9.9,-11.3,-6.2,5.9,-0.8,4.6,8.9,-1.9,5.8,4.6,4.7,0.2,2.7,10.6,-4.8,3.3,4.4,-6.9,14.7,2.6,3.4,3.2,-2.7,1.7,4.1,-1.2,2.3,3.9,-1.6,-3.2,5.2,6.1,-0.7,-4.8,0.1,-2.5,-7.6,2.2,-0.2,2.3,-2.2,-5.3,-1.6,2.0,-4.9,1.4,1.2,-0.7,-3.6,2.7,-5.6,-3.0,6.7,5.1,-1.9,-6.0,-2.0,-9.6,2.2,1.6,1.8,1.0,-0.0,1.2,3.2,-1.0,-1.8,5.0,0.0,2.4,0.7,3.4,2.6,3.8,-0.0,1.3,-0.9,-8.2,3.9,-5.5,-4.4,-5.9,-5.2,-3.1,-5.7,-2.6,1.3,2.8,-2.2,-3.4,-5.3,-2.3,-0.0,-0.1,-0.3,-0.5,-1.1,-2.3,0.2,-0.5,1.1,-0.6,0.8,-0.2,-0.9,-0.9,-3.6,-2.4,-7.0,-2.1,-6.2,9.4,-7.6,-2.0,-2.5,-10.1,-8.5,-5.4,-1.1,-4.4,-3.9,10.8,-10.1,-0.4,0.4,-1.4,-1.2,0.6,-1.4,7.4,-11.0,-12.4,0.8,3.2,-0.0,-2.6,-0.6,-5.1,0.2,-2.9,-7.4,-8.9,-5.3,-3.0,-4.4,0.0,-1.5,4.2,-5.3,-2.6,6.0,-1.4,5.6,-8.7,-11.5,-5.8
2C7L50tZpD,0,48.09815,11.637599,4443024.65,2777417.67,540.3,586.0,202,7483,2.9,0.8,0.44,32.69,348.95,-0.53,-0.103,0.842,-1.3,0.2,-0.08,0.24,0.5,0.2,-0.3,-0.1,-3.6,1.1,1.0,-2.6,-1.2,-0.4,1.5,0.0,1.0,3.3,1.0,1.1,0.3,1.4,1.0,1.2,3.8,0.2,-0.5,-0.0,2.4,1.0,4.8,-0.8,3.3,-1.2,0.3,-0.4,0.9,6.7,0.1,-2.0,3.7,-2.5,2.1,2.5,-0.2,2.5,3.5,2.9,1.5,0.5,4.2,0.6,2.4,1.6,-5.0,2.1,0.6,2.6,4.1,8.8,1.2,-0.0,0.7,-2.6,4.5,4.2,-0.7,2.7,1.1,1.0,1.4,0.8,-0.4,0.7,2.1,2.4,1.1,2.7,-0.0,1.4,3.8,1.7,2.6,1.0,-1.7,1.9,5.1,1.6,1.9,-6.4,-0.6,-1.1,-2.5,-2.5,-9.1,0.1,2.0,0.5,0.6,-4.1,5.2,1.5,3.0,2.6,3.2,0.3,-0.4,2.2,2.7,1.9,5.5,4.2,0.7,0.7,-4.0,2.6,6.6,1.2,1.9,0.1,-2.1,-1.4,-3.0,3.8,1.0,-1.5,0.7,0.3,0.8,-0.8,0.4,0.9,1.1,-2.8,-0.3,0.2,-2.1,0.7,-1.4,-4.7,-3.3,-2.8,-1.0,4.5,-3.6,-1.7,3.1,3.0,-3.4,-2.7,-3.7,-1.9,-3.5,-4.7,-0.6,-1.3,-4.4,-0.1,-0.3,-2.1,-3.4,-3.3,-2.9,-3.0,-3.1,-2.0,-2.7,-0.3,0.4,-2.0,-3.4,-14.7,-2.8,-4.4,-18.5,-8.1,-6.6,-3.7,-5.6,-7.1,-3.7,-7.7,-9.2,-0.4,-9.5,5.0,-3.1,-4.0,-1.3,-4.8,-2.7,0.8,-1.4,-2.7,-0.7,-1.7,-11.6,-6.1,-2.4,-8.4,-10.6,-5.1,0.3,-0.8,-6.0,-5.2,3.3,0.9,-2.7,0.3,-0.8,-3.6,-3.4,1.3,-1.7
2C7L50tZon,0,48.098022,11.636456,4442939.83,2777401.51,555.7,601.3,202,7457,4.4,0.61,0.48,32.67,349.02,-0.53,-0.103,0.842,-0.5,0.2,-1.08,0.34,0.8,0.3,-0.3,0.0,-4.3,1.5,-2.6,2.2,-4.2,1.2,1.7,4.6,0.4,3.3,2.2,1.7,6.3,1.7,2.7,2.4,1.9,-2.3,-0.8,7.2,1.0,2.4,1.7,5.5,5.4,3.8,0.8,1.2,-3.8,4.8,-10.3,0.8,-4.2,5.5,2.2,0.2,3.5,-1.0,5.6,0.9,2.9,-0.1,1.6,4.3,8.6,2.9,2.5,-1.7,-1.2,1.8,3.6,0.8,0.1,2.4,-3.5,-9.6,-1.0,-0.2,-3.5,-2.3,1.6,-3.2,-1.6,6.4,-1.9,-0.4,-0.8,4.6,3.8,0.6,1.9,-0.6,5.9,3.6,3.0,7.2,-1.2,1.8,1.7,-4.6,3.4,0.8,0.1,3.8,-0.2,9.9,0.8,1.6,-12.0,0.7,-1.1,-0.2,11.9,4.7,10.2,-4.7,6.1,7.8,-8.0,4.2,-4.6,2.0,1.2,3.8,-0.4,0.9,2.4,7.5,3.0,10.7,1.6,6.5,4.9,8.3,5.2,7.2,6.3,3.4,0.8,-8.8,0.6,2.8,2.5,10.0,5.4,1.2,-0.2,-0.6,1.2,7.1,1.9,-1.7,2.7,-1.9,0.4,0.6,-1.5,2.5,-1.6,1.1,-3.0,-2.1,-0.7,8.1,5.7,3.9,4.2,3.6,-3.8,4.7,7.9,-2.8,4.9,6.1,5.5,7.6,2.7,0.8,-0.3,-3.4,8.2,-2.2,1.6,0.5,-0.6,4.4,-0.2,7.7,3.4,0.4,1.9,-0.3,-6.3,-6.0,-2.5,-4.5,-4.2,-14.9,1.6,-0.7,5.9,-13.7,9.0,2.1,-6.7,-3.0,-9.3,-2.0,7.2,11.8,6.2,2.9,3.1,6.9,2.3,3.9,-8.8,-7.3,-1.2,-5.3,-10.4,0.0,2.5,0.7,-7.5,-5.6,-8.3
2C7L50tZox,0,48.098088,11.636828,4442967.39,2777409.51,546.9,592.6,202,7467,4.5,0.6,0.42,32.67,349.02,-0.53,-0.103,0.842,1.4,0.2,0.69,0.35,1.6,0.3,-0.3,-0.5,-1.1,-0.6,-1.6,-0.6,-11.4,1.6,-4.4,1.0,-9.2,-1.0,-11.2,1.0,2.5,1.4,1.6,5.4,0.7,2.5,-3.0,1.5,3.5,4.1,1.8,3.3,2.5,4.8,-9.1,4.3,1.5,-11.3,-2.2,-2.1,-0.1,3.5,0.3,2.1,2.0,4.1,1.4,4.8,-3.3,3.6,3.1,2.7,2.2,-0.5,-1.2,3.4,0.0,3.6,3.9,3.1,-0.8,-2.3,0.7,-6.7,-1.0,-1.9,-1.4,0.5,-3.2,1.3,-4.7,-13.6,-11.2,-1.5,-10.7,-4.5,-0.9,-6.7,0.3,-9.1,-4.0,-2.1,-1.8,-2.0,0.6,-1.5,-3.7,1.3,0.8,0.9,1.8,-0.2,1.1,-1.7,0.2,-1.1,2.9,-1.9,4.7,2.0,1.1,1.0,2.6,5.6,5.2,4.1,1.1,3.5,4.4,5.9,6.2,2.6,7.1,6.3,-1.2,4.1,0.8,0.3,3.0,-1.6,3.9,-3.1,-9.5,-5.4,0.5,-7.4,-4.2,12.6,-3.8,-4.6,-2.7,-4.1,-2.8,-9.8,-0.2,3.0,1.1,4.3,-1.4,7.3,2.4,-1.0,0.3,1.9,2.4,5.6,5.6,13.6,-1.1,5.0,4.6,16.2,6.6,-2.9,5.8,3.9,2.0,6.7,-3.4,2.4,-1.5,3.5,-0.2,-4.1,2.3,3.8,3.3,0.8,1.9,0.4,-1.1,-1.0,1.1,1.0,-3.6,0.1,2.3,4.1,1.7,-11.8,8.7,10.9,8.1,7.4,11.4,12.3,7.8,7.4,8.6,15.0,10.1,7.2,6.8,9.2,4.3,4.6,2.2,2.1,3.8,1.9,-4.5,-1.2,-0.9,1.0,5.7,17.4,7.4,7.6,5.9,5.7,1.6,14.9,11.6,1.9,7.5
2C7L50tZoy,0,48.098102,11.636933,4442975.13,2777411.17,549.3,594.9,202,7468,4.1,0.65,0.52,32.67,349.02,-0.53,-0.103,0.842,-1.2,0.2,-0.74,0.32,1.8,0.3,-0.3,4.1,0.2,3.4,-0.8,2.0,-0.4,-0.8,2.7,1.9,3.0,0.4,-2.1,-0.6,-4.0,1.2,2.7,-6.6,1.1,2.2,1.5,1.9,-3.1,-3.1,-0.4,8.6,-0.8,-1.1,-2.8,-6.0,-2.2,3.9,-5.4,-0.4,1.0,10.2,8.4,3.4,-0.5,-6.5,3.1,-0.0,-0.7,5.6,5.1,4.0,2.2,3.8,2.0,0.9,3.0,-2.7,1.7,0.4,0.1,-1.1,-2.6,-0.7,-1.7,-1.7,-0.7,-3.6,-0.2,-1.7,-1.2,-2.7,0.5,-2.5,1.2,-1.3,-0.7,-0.7,1.1,-2.0,-1.1,-1.9,0.2,1.1,-0.6,0.0,-3.6,-1.2,-1.2,-0.5,1.7,-5.6,3.4,1.8,5.1,-6.6,-4.3,1.0,-10.0,-1.6,-6.2,-2.7,1.7,-3.9,3.9,-4.0,-2.1,-2.0,-2.6,-2.4,-4.6,-1.3,-1.7,-5.2,2.9,-4.3,1.3,1.6,-0.0,0.9,-0.9,-1.9,-1.6,2.6,-3.2,-4.1,-1.6,-1.4,-3.6,-0.6,-5.2,-1.9,0.3,-2.2,-1.5,2.1,13.3,4.3,5.8,1.4,4.7,-0.7,3.9,-2.0,3.9,4.2,-2.3,3.9,0.3,-2.1,-3.8,-3.9,-4.8,-4.0,-2.8,-0.5,-4.3,-4.3,-3.4,-2.4,-1.6,-4.8,2.0,1.2,0.8,-5.3,-10.7,9.1,12.5,10.0,4.9,7.0,6.6,6.1,-15.7,-0.9,-4.0,-12.6,-9.9,1.1,-9.7,-6.8,-7.1,-7.3,-4.8,-5.1,-8.3,-8.0,-3.6,-2.7,-6.6,-10.2,-5.9,-7.1,-8.6,7.0,-1.8,-10.6,11.6,0.7,-2.9,-3.0,2.2,-0.4,-4.1,-3.4,-12.8,-9.0,-13.7,-8.8,-7.6,-7.3,-9.0,-16.4,-4.9
2C7L50tZpJ,0,48.098242,11.638024,4443056.09,2777428.55,543.6,589.3,202,7489,1.9,0.9,0.32,32.69,348.95,-0.53,-0.103,0.842,-0.8,0.1,0.04,0.15,0.7,0.1,-0.3,-0.1,-2.3,-0.1,-0.4,-0.4,-1.0,1.8,-0.2,1.9,-2.6,1.3,-1.8,1.0,-1.5,-0.2,0.9,-0.6,0.6,-4.1,-2.4,-2.2,0.4,0.4,1.6,2.6,0.5,-1.3,-4.5,-3.1,-4.0,3.4,-6.0,-4.1,-2.0,-2.9,-0.9,1.3,0.1,0.9,0.5,-0.2,1.5,0.1,-2.7,0.3,-2.8,-3.5,-2.4,-3.0,-1.5,-4.3,-1.3,-2.2,-1.5,-2.3,-3.0,-3.0,-2.0,-4.7,-5.9,-2.2,-3.8,-0.1,-4.6,3.0,-4.0,-4.8,-4.6,-3.6,-1.4,-2.3,-3.7,-6.1,-4.2,-2.8,-0.9,-2.0,-4.4,-4.7,-2.8,-3.3,-4.4,-4.4,-6.0,-4.9,-2.1,-8.1,-2.1,-2.4,-3.2,-3.5,-4.9,-3.8,-4.0,-2.9,-0.2,-0.4,0.6,0.8,-2.3,-2.4,0.2,-1.0,-1.9,-0.8,0.9,-1.5,-3.7,-3.1,-3.9,0.1,-2.6,-1.9,-4.1,-4.2,-2.9,-3.2,-6.7,-4.0,-5.1,-4.2,-4.0,-5.5,-1.9,-0.8,-0.6,-3.4,-2.5,-3.3,-4.2,-0.4,-1.7,-1.2,-1.7,-1.7,0.9,-0.3,-2.3,2.3,4.4,-1.1,-2.6,-4.4,-2.1,-3.9,-3.1,-6.0,-3.4,-2.9,-2.5,-7.4,-4.6,-2.3,-3.4,-3.1,-3.5,-4.5,-2.2,-3.7,-3.4,-2.6,-4.2,-4.0,-4.2,-4.1,-4.1,-0.9,-4.2,-4.2,-0.9,-2.7,-5.8,-7.8,-3.7,-3.1,-5.1,-4.4,-0.2,-5.5,-2.8,-3.4,-5.2,-4.3,-6.6,-5.2,-2.6,-4.8,-3.4,-1.6,-5.1,-2.3,-3.1,-4.3,-7.5,-4.4,-4.3,-3.8,-1.8,-5.1,-3.5,-9.0,-9.0,-8.3,-9.1,-6.0,-3.4,-3.6,-7.9
2C7L50tZow,0,48.098096,11.636748,4442961.43,2777410.3,546.4,592.1,202,7466,1.7,0.93,0.29,32.67,349.02,-0.53,-0.103,0.842,-0.7,0.1,-0.09,0.13,0.6,0.1,-0.3,0.1,0.1,0.6,0.1,0.1,0.1,1.1,0.5,0.6,-2.3,0.1,-0.3,-0.4,0.1,0.2,0.7,1.6,1.1,0.7,-0.4,0.3,0.7,0.7,1.7,0.8,1.1,1.8,-2.4,-0.7,-1.0,5.5,-2.7,-2.1,0.1,2.5,-0.1,1.7,0.8,1.3,2.2,0.5,-2.5,1.5,1.9,1.0,0.8,-2.2,-2.4,-0.2,-1.3,-1.0,0.5,-0.0,-0.3,-0.7,-0.7,-3.7,-1.2,-1.3,-1.5,-1.7,-0.7,-1.4,-0.9,-2.5,0.2,-1.6,-2.5,-2.1,-1.0,-3.6,0.1,-2.9,-0.5,-0.6,-0.1,-0.5,-0.3,-0.7,-0.8,-1.7,-1.5,-0.4,-0.4,-1.2,0.5,-0.4,-0.3,-1.1,-0.1,-1.1,-2.6,-1.6,-1.3,-0.9,2.3,-1.7,2.2,0.3,-0.2,0.3,1.3,2.3,1.8,1.0,1.5,0.9,-0.2,-1.2,0.5,0.4,0.2,-0.4,0.4,-1.2,-1.9,-1.0,-2.0,-3.3,-1.5,0.5,-1.3,-2.3,-1.1,-0.6,0.2,-3.4,-0.1,0.9,-2.8,2.2,-1.5,-2.5,-0.7,-2.0,0.0,0.8,-1.0,2.2,1.6,-0.5,-2.9,-3.0,-1.6,-0.7,-1.4,-3.0,-1.6,-1.6,-0.9,-3.9,-2.4,-0.8,-0.6,-1.2,-1.7,-2.3,-1.7,-1.7,-1.0,-0.9,0.2,0.1,-2.0,-2.7,-3.3,-0.0,-4.8,-2.2,-0.6,0.4,-1.5,-4.1,-1.8,-0.4,-3.5,-3.1,-2.8,-13.5,-2.5,-1.1,-1.7,-2.1,-2.5,-1.7,-2.1,-3.8,-1.4,-1.6,-1.7,-1.8,-1.8,-1.4,-5.9,-2.4,-3.5,-0.9,-0.7,-6.4,-3.5,-7.1,-4.4,-3.8,-5.9,-1.4,4.1,-5.0,-1.2
2C7L50tZpF,0,48.09822,11.637708,4443032.62,2777425.59,539.6,585.3,202,7485,3.5,0.77,0.45,32.69,348.95,-0.53,-0.103,0.842,-0.9,0.2,-0.2,0.27,0.7,0.2,-0.3,-3.6,2.3,2.8,2.5,-1.1,-3.3,7.7,2.2,1.3,-2.7,0.8,-5.2,0.9,1.2,1.9,1.2,0.9,5.3,-0.0,1.3,1.0,2.6,-0.0,2.7,3.0,2.4,-0.6,-3.9,-0.7,-1.6,1.9,0.5,-1.5,1.6,-0.1,1.3,3.0,2.4,3.9,0.9,0.7,-2.8,2.1,4.7,-0.2,0.9,-4.3,-2.1,-12.9,-2.6,0.5,-0.6,2.2,-0.3,2.6,0.7,-4.6,-1.6,-0.4,-2.9,-2.7,0.6,-4.7,1.2,-6.2,-7.4,-6.0,-6.5,-0.3,0.5,-4.2,0.5,-2.9,-1.0,1.0,2.1,1.8,0.7,-1.2,0.0,-0.8,1.9,1.2,-1.0,-1.8,3.7,0.6,2.0,2.9,0.6,0.3,-2.2,-2.5,3.1,-0.9,3.2,-2.5,5.1,1.3,-1.0,-3.1,0.8,0.9,0.8,0.5,-0.6,-0.0,-1.0,8.5,2.4,5.9,8.5,5.5,-1.0,-4.4,-6.5,-2.5,-1.6,-0.2,1.1,-1.7,4.6,-1.7,2.3,1.5,1.2,-5.4,1.0,-17.3,0.3,1.4,-0.3,-3.5,-1.1,-3.2,-0.7,1.7,-4.1,-2.1,1.2,-6.5,-4.8,-6.0,-4.1,-0.7,2.5,-15.1,0.3,-1.0,4.3,-0.1,-4.2,-1.6,-0.0,-1.6,-3.4,-1.3,0.1,-0.8,-1.1,0.5,1.0,-0.4,-4.0,-3.4,-2.0,-2.3,-5.9,-1.2,-2.1,-0.5,-2.5,-0.3,-5.8,-5.0,-8.7,-3.6,0.8,-12.9,0.2,2.8,0.1,-3.1,-3.2,-0.4,-1.5,-3.1,-4.0,-2.3,-6.8,0.5,-0.6,-2.6,-7.6,4.8,-3.6,0.8,-5.5,-3.4,-7.9,-4.4,-13.8,3.4,-11.5,-2.0,-5.1,-0.8,-5.6
2C7L50tqs2,0,48.098127,11.636841,4442968.23,2777413.85,540.4,586.1,203,7470,3.2,0.79,0.43,32.68,348.95,-0.53,-0.103,0.842,-0.8,0.2,0.1,0.24,0.4,0.2,-0.3,-1.2,-2.4,-3.8,0.5,-1.1,2.3,-0.5,-2.5,0.9,0.1,0.5,0.7,-0.2,-1.4,-1.4,2.3,-0.6,6.7,12.1,-1.3,-0.6,-3.4,-1.5,-1.7,-1.0,-1.1,1.2,-3.8,2.3,-8.2,6.4,-4.6,-6.8,-2.3,1.1,-4.6,-2.9,1.8,-1.7,-0.8,-1.7,-1.7,1.2,-1.3,3.0,-3.0,-3.3,-3.0,-1.4,-0.8,-7.1,-0.3,-2.8,-5.0,-4.6,-3.0,1.0,-2.8,-1.5,-10.7,-4.0,-4.1,-2.5,-1.6,3.9,-0.6,-0.3,-7.7,-5.5,4.6,-5.5,-5.5,-3.1,-1.6,-2.0,-3.5,-1.3,-2.9,-3.2,-5.0,-5.3,-5.3,-4.9,-2.8,-2.8,2.9,-3.9,-0.6,-3.2,0.2,1.3,-5.5,-2.9,-3.5,-2.4,0.8,-4.9,-2.8,-3.8,-2.5,-5.0,-5.1,-4.4,1.4,1.9,1.9,1.7,1.4,-6.4,0.8,-4.0,-1.1,-3.6,-4.6,-4.6,-0.2,0.2,-10.6,-0.0,-3.6,-8.2,-5.6,-2.1,-4.0,-2.7,-6.5,-6.1,-4.9,0.1,-5.1,1.1,0.0,0.6,-6.5,-0.1,-10.7,-3.5,-2.7,2.8,1.6,-3.9,-5.2,-4.5,-4.1,-2.1,-2.1,-1.8,-3.4,-3.7,3.8,-5.2,-3.1,1.3,-3.8,-4.9,-3.4,-1.6,-3.8,-4.7,-4.9,1.9,2.1,-3.6,-3.3,9.6,-3.0,-1.4,-8.2,0.8,-4.7,-3.0,-6.7,-4.6,-5.7,-3.8,-6.9,-4.3,-3.4,-8.9,-2.2,-0.4,-2.9,-7.5,-4.1,-3.7,-4.6,-7.1,-10.8,-4.5,-4.9,-6.4,-5.6,-6.1,-5.1,-7.0,-3.4,2.8,-5.1,-6.4,-8.2,-4.6,-6.6,-7.8,-8.5,-4.6,-7.2,-3.9,3.3
2C7L50tqsI,0,48.098248,11.637781,4443037.96,2777428.81,540.6,586.3,203,7486,1.5,0.94,0.31,32.69,348.95,-0.53,-0.103,0.842,-0.6,0.1,-0.11,0.12,0.3,0.1,-0.3,-1.2,-1.0,-0.9,0.0,-0.5,-0.6,0.4,-1.4,0.4,0.6,0.2,1.2,1.1,0.4,1.6,1.0,1.7,1.1,-0.4,-1.3,0.9,0.3,1.8,0.5,2.0,0.3,0.5,-0.1,1.2,-0.9,6.5,-5.1,-5.3,-0.7,-1.0,-1.7,2.2,0.2,1.5,0.4,1.4,0.9,0.7,0.6,0.2,0.4,-1.0,0.1,-0.5,0.1,2.7,-0.4,-0.8,-1.1,0.0,1.4,-0.1,0.1,0.2,-0.2,-0.6,-0.4,-1.9,-0.2,1.8,0.7,-0.8,-2.5,0.0,1.2,0.1,0.6,-0.1,0.5,0.6,1.0,0.3,-0.7,-0.7,-0.4,-1.6,-0.4,-0.9,-0.7,-1.4,-1.0,1.5,0.2,-1.4,-0.9,-1.6,-1.5,-1.7,-0.6,-1.3,3.4,-0.2,2.1,0.7,0.3,-1.3,-0.7,-0.0,1.0,0.3,1.2,0.6,-0.6,-3.5,-2.2,-1.6,0.3,-0.9,-0.8,-0.6,-1.8,0.2,-0.3,-1.0,-1.3,-1.2,2.3,-0.3,0.5,1.3,1.0,-1.5,0.4,-0.0,-0.9,2.4,-1.3,-0.5,-1.5,-2.2,0.6,0.1,-2.3,1.3,1.3,-4.0,-4.3,-4.4,-2.7,-2.7,-1.5,-2.1,-0.3,-1.1,0.7,-1.8,-3.5,-1.7,-0.2,-0.8,-0.6,-0.7,0.0,-0.4,-0.7,-0.7,-2.5,-3.5,-2.1,-3.9,-0.6,-0.4,-4.1,-2.8,-1.1,-0.1,-2.4,0.6,-0.9,0.4,-2.2,-2.7,0.2,-5.1,-0.4,-1.3,-0.6,-1.6,-1.5,-2.0,-0.6,-1.4,-3.5,-2.5,-4.7,-1.1,-0.7,-0.4,-6.8,-1.6,-5.1,-3.7,-2.8,-2.3,-2.9,-2.8,-6.1,-3.0,-4.3,1.0,0.8,-0.0,0.1
2C7L50tqrs,0,48.098111,11.636573,4442948.29,2777411.61,556.2,601.9,203,7460,3.9,0.67,0.46,32.67,349.02,-0.53,-0.103,0.842,-1.0,0.2,-0.68,0.3,1.6,0.3,-0.3,3.0,-1.5,4.0,4.5,3.8,-8.0,7.6,1.2,-0.8,-3.9,3.6,-9.9,3.1,3.3,2.6,0.1,2.0,-4.6,3.5,1.8,4.7,-0.2,-2.2,6.0,4.7,-1.0,4.4,-2.4,-4.1,-2.1,4.7,-3.5,-1.3,-2.6,6.0,-3.5,-0.1,-2.2,-1.5,-10.7,1.8,1.9,-0.1,2.0,2.4,0.2,-0.9,0.1,-0.4,0.0,-3.4,3.9,-0.7,1.7,-3.9,2.1,7.6,0.4,-4.8,-0.7,0.7,2.9,0.8,2.2,9.1,-0.4,-1.2,5.3,4.2,5.8,4.1,-0.2,0.8,4.3,2.0,6.4,8.6,3.8,3.0,-0.0,3.6,-0.6,-3.2,0.0,0.8,-6.2,-3.8,-0.7,-1.2,-0.0,8.9,-4.4,-2.3,2.8,0.9,-1.1,0.3,5.8,1.9,-1.3,-3.0,1.7,0.4,0.7,-0.1,-0.8,-9.8,-1.8,-4.9,-0.5,2.2,-0.9,2.8,0.4,-0.3,1.3,-1.5,-4.7,-0.3,4.9,-0.9,-1.9,-3.1,-7.9,3.3,5.0,9.6,3.3,1.1,-7.1,2.5,0.4,-2.4,4.9,-1.6,-2.7,-2.3,-2.2,-0.9,-2.1,-1.8,-1.1,-3.2,0.8,-3.8,1.9,-3.6,1.4,6.4,8.6,-3.0,3.5,1.7,4.1,-1.2,1.9,1.1,-2.9,0.6,-0.5,-4.5,-5.3,-2.4,-7.0,-3.0,6.8,-2.0,-3.0,-7.5,-5.9,-5.8,-2.6,-14.7,-14.3,-3.3,-4.8,0.4,9.1,-9.0,-6.7,-6.3,2.7,1.7,-2.6,0.2,-3.6,-7.6,-5.5,-11.8,1.7,-12.4,2.8,7.2,-11.0,-1.0,-8.7,-3.9,-3.4,-5.8,-0.8,-8.3,-5.2,-2.8,-4.7,-4.9,-2.7,-1.0,-0.8
2C7L50tqsK,0,48.098266,11.637782,4443038.02,2777430.89,536.6,582.3,203,7488,4.3,0.64,0.48,32.69,348.95,-0.53,-0.103,0.842,-0.5,0.2,-0.25,0.33,1.5,0.3,-0.3,2.0,-6.8,-3.8,-5.4,-3.4,-5.1,-3.8,-1.7,1.3,-2.4,-0.5,-2.2,-1.1,-6.5,1.2,-0.7,6.0,0.7,2.5,0.8,-4.5,3.1,-4.4,4.4,4.0,2.6,1.7,1.5,-3.4,1.0,5.9,-1.0,-3.2,2.6,0.0,2.1,4.4,1.0,6.7,5.4,-1.2,9.5,6.4,12.2,4.7,5.0,-2.7,3.1,0.1,-1.9,3.2,-4.6,2.1,0.8,4.0,2.9,-5.4,-4.4,-5.4,-2.8,-1.2,-1.8,7.4,-2.2,2.1,-1.2,-3.7,-4.4,1.7,-1.0,-1.7,1.1,-5.8,-3.3,0.9,1.7,-1.8,1.7,-1.4,3.9,-1.3,-2.6,-2.3,6.8,0.5,0.2,-0.5,2.5,-1.8,-9.6,-0.6,-9.9,-4.6,-1.9,-5.2,-5.4,14.1,1.1,2.1,2.6,-0.4,11.8,2.6,3.4,6.5,2.4,2.0,4.5,4.5,1.0,3.6,1.7,1.8,0.3,1.5,13.6,-11.0,-8.9,10.8,-10.9,-3.1,-1.2,0.8,-1.7,0.5,-2.9,-2.0,6.4,-0.2,-2.7,0.3,-0.9,-2.9,-0.4,1.4,1.7,0.5,0.4,4.5,2.9,1.5,-3.2,-3.5,0.3,2.6,0.2,-1.7,-0.1,-0.2,1.7,10.9,-1.7,-1.1,-2.8,-3.0,-2.1,-4.2,-1.4,-5.0,-4.7,-6.3,-12.9,-3.5,-5.2,-4.5,-7.7,-0.3,-3.7,-3.4,-5.7,-3.1,8.5,-2.1,-2.7,5.6,4.1,4.8,7.9,0.3,-3.6,8.5,-0.6,-4.2,0.4,-0.4,-11.6,0.1,0.8,2.8,-1.7,-0.7,-0.7,-5.7,-10.7,-3.2,0.1,-3.4,-4.1,0.1,-3.2,10.5,-1.4,-1.8,1.9,-1.1,-4.8,-3.5,-1.4
2C7L50tqrz,0,48.098215,11.636806,4442965.44,2777423.59,548.0,593.6,203,7467,3.3,0.8,0.41,32.68,348.95,-0.53,-0.103,0.842,-0.5,0.2,-0.75,0.26,0.3,0.2,-0.3,0.7,0.3,1.1,0.5,1.4,-7.0,1.7,1.5,2.2,-8.5,1.7,-7.3,2.2,2.3,2.5,2.7,3.4,2.2,0.7,-0.3,1.7,0.9,1.3,2.0,2.2,1.8,3.2,-5.8,1.3,0.7,-11.2,-1.8,-1.8,-0.3,2.6,0.4,2.4,1.9,2.3,3.1,1.0,-1.8,2.2,2.5,1.5,1.7,-1.8,1.0,2.3,1.0,0.9,2.1,0.6,1.3,0.1,-1.1,-1.5,0.2,-0.1,0.1,0.4,-0.6,1.3,0.7,-2.3,-8.8,0.8,6.1,-0.7,0.7,-2.5,0.9,-4.3,0.3,0.8,1.5,0.9,1.2,1.2,-0.4,0.1,0.5,0.9,1.5,0.2,2.0,0.5,0.4,-0.5,1.2,-0.6,-0.7,-0.3,-0.4,-0.0,2.4,1.3,3.5,2.1,0.1,1.2,2.3,3.8,2.6,2.1,2.9,2.1,0.9,-0.3,0.3,1.4,1.6,0.2,1.7,0.2,-2.5,2.1,-0.3,-3.0,-0.4,10.8,0.1,-0.5,-0.4,0.2,1.1,-4.1,1.3,1.7,-0.8,3.5,-0.4,-4.6,1.3,-2.1,0.2,1.9,-1.0,2.8,2.9,14.2,-1.7,-1.0,0.5,0.5,0.4,-1.1,-1.6,0.9,-0.8,6.5,-0.4,0.1,-0.1,0.7,0.1,-0.7,0.8,1.5,0.5,-0.1,0.4,-0.7,-1.6,-2.4,-1.6,0.2,-4.4,-2.6,-0.5,1.5,-0.4,-8.6,11.5,-12.9,10.9,-11.4,-9.2,9.2,-6.0,0.6,-0.6,-2.2,-2.8,7.4,-1.2,-8.6,-0.6,-0.4,-1.0,0.1,-0.0,0.5,-5.8,-4.3,-2.8,-0.4,1.5,-4.6,-1.4,-5.5,-3.4,-2.9,-5.0,-2.6,-11.8,-2.3,3.4
2C7L50tqs0,0,48.098211,11.636777,4442963.25,2777423.13,543.8,589.4,203,7468,3.6,0.72,0.52,32.68,348.95,-0.53,-0.103,0.842,-0.7,0.2,0.09,0.27,1.9,0.2,-0.3,1.1,-0.4,1.4,-0.5,0.7,-2.6,-0.6,0.5,1.1,-6.5,1.5,-7.3,-1.0,-2.2,3.6,3.6,5.8,1.2,1.6,0.5,0.2,2.2,2.0,1.8,2.9,1.5,1.1,-5.6,7.8,1.0,5.0,-2.3,-0.9,-0.6,6.2,2.6,2.5,0.5,3.4,3.1,0.8,-2.7,1.7,5.8,-0.9,0.6,-0.7,-0.5,1.0,-0.6,-4.4,-1.0,-1.7,-2.0,-3.2,-2.1,-2.6,-1.5,-2.0,-2.0,-2.8,-2.2,-6.0,-2.0,-3.5,-2.8,-2.1,-3.6,-2.3,-1.6,-2.3,0.4,-4.1,-3.0,-1.3,0.4,-0.4,-0.9,0.9,0.2,-1.8,-0.0,0.3,-2.2,-1.9,-0.9,0.2,0.4,-3.9,-3.1,-2.6,-5.5,-4.3,1.2,-3.8,0.9,15.6,3.4,1.8,-2.3,-2.5,2.5,1.7,3.9,-2.5,-2.9,-1.1,-0.6,-3.4,-1.9,-0.3,-0.3,-1.4,-2.7,-3.7,-3.6,-1.1,-3.6,-4.9,-6.8,-3.0,-6.9,-1.4,-6.3,-3.3,-1.9,-5.4,-2.2,1.9,6.0,6.0,4.7,-3.1,3.9,-2.3,1.0,3.3,2.1,3.2,0.2,-1.2,-1.6,-4.0,-2.0,-7.8,-4.5,-4.0,-2.9,-1.7,-2.5,-5.9,-4.7,1.2,1.5,0.0,0.7,-0.0,-2.2,-7.9,-1.0,0.4,4.6,3.8,1.5,1.7,-1.8,3.4,-0.7,-3.8,-1.3,6.0,0.7,-3.7,-13.6,-1.2,-2.3,-0.6,-0.4,10.1,0.1,-0.1,-4.0,-7.0,-12.3,-12.5,-5.6,-7.5,-8.3,1.2,-0.7,-7.0,3.7,0.4,-4.1,-4.3,-3.1,-1.3,-2.4,-4.7,9.9,-12.0,1.1,-6.0,-9.5,-0.5,-13.6,7.2,-4.5
2C7L50tqsL,0,48.098352,11.637868,4443044.19,2777440.5,537.8,583.5,203,7489,4.4,0.63,0.48,32.69,348.95,-0.53,-0.103,0.842,-0.7,0.2,0.2,0.34,0.4,0.3,-0.3,-3.6,0.9,2.0,-1.1,-1.8,-14.2,4.1,6.7,3.2,-5.6,5.0,-4.8,0.1,-2.6,0.2,1.8,-3.9,-0.1,-4.1,-2.2,-5.9,3.1,-0.5,-6.1,6.9,-6.0,4.9,-5.0,-2.1,-5.3,0.3,-7.4,-3.8,-0.5,-2.7,-0.1,2.7,0.7,4.4,-2.1,5.8,8.9,-0.2,-0.0,2.9,-4.7,-3.7,0.8,0.5,1.7,-11.4,-2.2,-3.8,2.4,-4.7,-8.2,-5.3,-0.5,-8.4,-12.5,10.8,-5.4,1.6,-4.8,10.3,-5.8,-8.6,-8.6,0.4,0.1,-2.4,-3.5,-11.5,-2.8,-2.4,-0.9,0.1,-4.0,-4.4,-2.4,-1.3,-9.3,-2.7,-6.9,-5.1,-11.9,-12.6,10.7,1.6,-5.5,-2.8,-3.0,-2.5,-2.9,-0.3,-2.4,-2.1,-1.2,2.4,-5.3,-2.2,0.7,-4.8,-3.0,-3.4,3.1,-0.9,-5.8,-5.8,-5.7,-0.1,-2.0,-1.6,-5.5,-5.0,-4.9,-7.8,-8.7,-6.1,-4.6,-7.7,-4.4,-9.6,2.6,4.4,0.2,-10.0,-2.5,-2.4,-4.1,1.9,-5.5,-3.1,1.8,0.0,-2.9,1.2,-4.1,-0.0,-11.4,-11.9,-1.4,-3.7,0.7,-1.2,-1.2,-1.7,-0.7,0.2,-0.4,-7.8,-4.7,1.0,-2.8,2.9,-3.0,-3.3,-3.8,-3.7,-1.1,-2.3,-5.3,-4.5,-16.2,-4.4,-13.6,3.3,-4.9,-4.5,1.2,3.4,-5.8,-11.9,-4.1,-3.4,-2.5,-2.7,2.1,-2.2,-0.3,-3.7,0.6,-2.0,-5.0,-5.5,-5.0,-2.6,-3.8,1.8,-3.2,-2.7,-4.9,-1.6,-8.9,-0.8,-3.2,-1.7,0.8,-5.3,-2.0,-16.7,-7.9,-8.6,-11.2,-3.3,-3.1,-6.1,-6.4
2C7L50tqsa,0,48.098467,11.638765,4443110.8,2777454.79,540.3,586.0,203,7504,3.3,0.75,0.48,32.69,348.95,-0.53,-0.103,0.842,-0.5,0.2,0.03,0.25,1.6,0.2,-0.3,-2.6,-3.5,-1.5,-1.0,-0.8,11.4,1.2,-0.4,-2.3,-8.2,-3.3,5.7,1.2,-0.3,0.5,0.6,-6.0,-3.2,-3.8,-6.1,-2.4,-2.3,-0.1,-6.5,-0.2,-2.5,-4.8,-10.2,-4.5,-9.2,0.9,-2.1,-5.9,-1.9,-2.9,-4.1,-0.3,-8.7,-8.4,-6.2,2.6,1.4,-0.4,-2.3,-3.8,-4.4,-7.4,-7.8,-4.9,-4.5,-4.0,-0.1,-0.3,-4.7,-4.0,-0.1,-2.3,1.7,-3.5,3.0,-2.0,-0.0,3.1,-0.5,-2.0,-0.6,-1.2,-2.5,1.0,-0.3,1.3,-1.3,-0.1,-2.1,-0.6,-1.1,-9.6,-4.1,-5.5,-6.5,-3.4,-0.1,-7.3,-2.0,-5.5,-1.6,-6.1,-3.6,-4.9,-5.6,-9.5,-4.6,-5.3,-8.4,-5.1,0.6,-7.6,-5.2,2.1,-9.7,-7.6,-6.9,-3.5,-3.8,-8.1,-6.8,-4.7,-4.9,-2.4,-3.4,1.9,-0.3,-1.9,-3.3,0.5,-4.2,-0.4,-1.3,-3.3,-3.6,-2.3,-1.7,-2.0,-1.7,-3.4,-5.4,-0.5,-4.6,-4.9,-5.7,-8.8,-1.7,-9.6,-5.5,-9.8,-4.0,-5.0,-8.4,1.5,0.1,7.2,-3.7,-9.0,-1.6,-5.7,-3.0,-2.4,-2.9,0.2,-3.3,-2.5,-3.5,0.3,-1.1,-1.2,-6.0,8.2,-8.2,-3.2,-3.9,-4.9,-9.1,1.3,1.9,-7.1,-1.7,-0.3,-3.9,-1.4,-1.8,-1.5,-3.9,-0.5,-4.8,-3.7,-3.9,-6.3,-1.2,-11.1,-5.7,-8.5,-8.0,-6.9,-2.8,-5.7,-3.0,-8.1,-1.8,-4.9,-11.4,-5.9,-4.9,-5.9,-6.3,-8.1,-11.8,-3.8,-4.4,-3.8,-9.1,-1.9,-6.0,-2.7,-0.0,0.2,-8.5,-4.7,1.6
2C7L50tqrV,0,48.098006,11.635033,4442833.85,2777397.43,545.9,591.6,203,7437,4.2,0.68,0.45,32.67,349.02,-0.53,-0.103,0.842,-0.8,0.2,-0.18,0.32,2.2,0.3,-0.3,2.1,-2.9,-4.0,-0.7,2.2,6.1,-1.4,-5.9,-5.2,10.3,-5.8,13.6,-5.7,-7.3,-3.1,-3.4,-2.6,-2.8,-5.3,-2.9,-2.6,-2.0,-0.9,0.0,-2.8,-3.6,-3.0,2.1,-1.0,-3.1,-0.8,-5.6,-4.1,-3.9,-2.7,-5.4,-0.6,-0.8,-3.7,-5.8,-1.0,-3.9,-0.7,-4.9,-3.4,-4.4,-1.8,0.6,-1.6,-1.8,-9.7,0.6,1.6,4.6,3.1,0.8,4.0,1.4,1.3,4.1,2.1,-6.0,-8.6,-3.0,12.8,10.3,5.7,-7.3,5.7,2.0,11.9,-2.2,-3.2,2.1,-4.6,-0.5,-2.1,-2.2,-1.4,-3.6,-2.8,-3.8,-2.3,-0.5,-3.9,-2.8,-5.5,-4.8,-4.4,-2.9,-5.7,1.6,-6.6,-3.2,-3.5,-4.2,-9.7,-4.1,-4.1,-4.2,-3.5,-4.7,-1.0,-1.3,-3.2,-0.7,-5.2,-4.0,-6.2,-2.8,-2.4,-2.5,-2.0,-1.6,2.1,-9.8,-5.5,-3.3,-2.5,1.0,14.2,0.3,-0.7,-1.9,-1.9,-2.9,-8.6,-2.0,-2.0,-5.0,-0.4,-4.8,-6.3,-3.6,-6.0,-3.5,-3.0,-4.0,0.3,-1.0,-7.4,-0.2,-1.2,-3.4,-3.7,-7.8,-12.4,1.2,-9.9,5.8,10.8,-0.0,-5.0,-1.8,-2.4,-0.8,-3.8,0.4,-4.9,-5.9,-3.1,-3.8,-7.0,-6.6,-8.7,-4.4,-5.6,-4.3,-6.1,-1.0,-5.6,-8.7,-10.7,-13.0,11.7,9.2,-7.5,-3.1,5.4,-2.7,-6.0,-7.6,-3.4,-6.0,-3.6,-8.3,-10.0,-5.1,-8.3,-9.4,0.7,-4.8,-8.2,-8.9,-7.1,-7.9,-3.0,-3.0,1.1,-4.2,-7.2,-12.3,-4.2,-4.0,2.5,-10.8,1.8,0.7
2C7L50tqrx,0,48.098217,11.636674,4442955.56,2777423.54,547.3,593.0,203,7465,3.0,0.79,0.35,32.68,348.95,-0.53,-0.103,0.842,-0.5,0.2,0.84,0.24,0.6,0.2,-0.3,-2.2,0.6,1.5,-0.3,0.8,0.3,2.9,0.5,2.9,-3.0,1.2,-3.2,1.6,-0.3,0.2,1.2,0.0,1.5,-0.1,-1.3,0.1,-1.2,-0.6,0.5,-0.2,0.8,1.5,-4.4,0.1,-2.7,3.5,-1.5,-3.4,1.1,2.4,-0.5,0.0,0.7,0.9,1.7,-1.9,-5.8,-0.0,3.6,3.3,1.3,-4.7,-6.1,3.1,-2.2,-1.7,1.5,2.3,1.9,1.3,1.4,-3.4,-0.0,0.3,-1.1,-0.7,0.7,-2.1,0.6,-5.0,-1.3,-1.3,-4.7,-0.2,-1.5,-6.2,1.7,-0.9,0.2,0.9,1.8,1.0,2.0,-3.0,-1.1,-2.6,-2.9,-1.3,-0.3,-1.1,-1.1,-2.0,-1.9,-2.6,-2.3,-0.9,-5.1,-3.3,-5.0,-2.2,-0.2,-4.7,1.2,-2.2,-1.4,-1.0,0.2,1.6,0.4,2.2,1.1,-0.1,-1.3,-1.2,-0.3,-0.5,0.6,3.7,-2.0,-0.9,5.7,-4.7,-2.8,-2.6,-0.0,-6.0,-1.0,-5.3,2.1,-1.2,1.2,-3.3,-1.4,-0.5,-2.8,1.2,-2.2,-8.0,-3.3,-4.3,-0.6,0.0,-2.8,1.9,0.1,-5.0,-6.7,-5.7,-2.5,-1.2,-0.3,-4.6,-1.8,-3.4,0.9,-9.4,-0.6,0.3,-0.0,-0.6,-2.6,-1.6,-4.7,-4.2,-1.4,-1.5,-0.6,0.1,-3.9,-4.6,-3.8,-2.3,-6.4,-3.1,-3.0,1.5,0.1,-7.4,-7.5,-0.3,-5.1,-2.5,-5.0,-13.2,-3.4,-0.1,-2.0,-3.0,-6.0,-2.5,-8.1,-9.7,-2.6,-5.1,-3.7,-0.4,-7.7,-3.5,-8.5,0.3,-3.6,-2.4,7.6,-6.8,8.1,-2.2,3.0,-8.9,12.3,10.2,4.4,4.8,3.6
2C7L50tqry,0,48.098225,11.636742,4442960.6,2777424.62,547.8,593.5,203,7466,1.6,0.94,0.26,32.68,348.95,-0.53,-0.103,0.842,-0.5,0.1,-0.07,0.13,0.3,0.1,-0.3,-0.2,0.1,-0.3,-0.7,-0.1,0.6,0.7,1.1,0.2,-2.0,-0.0,-0.0,-0.9,0.0,-0.7,0.6,-0.2,0.5,-1.4,-1.9,-1.1,-1.8,-0.8,-0.5,-1.3,-0.0,0.2,-2.4,-2.1,-2.3,5.9,-3.7,-5.2,-2.0,0.3,-1.8,-0.4,-1.0,-0.3,1.6,-1.5,-2.3,-0.8,1.3,-0.4,-0.0,-3.6,-2.5,-0.6,-2.0,-2.4,0.1,-1.7,-0.3,-2.1,-2.2,-4.0,-1.7,-3.3,-2.1,-2.7,-1.2,-1.9,-1.4,-2.0,0.0,-1.7,-2.7,-2.0,-1.9,-4.6,-0.3,-2.5,-1.4,-0.6,-1.1,-1.3,-1.8,-1.7,-2.8,-2.3,-3.7,-1.5,-1.6,-1.7,-1.2,-1.6,-2.0,-2.7,-1.8,-2.4,-3.6,-2.1,-3.5,-2.8,0.4,-2.8,0.3,-0.5,-1.9,-0.1,-0.6,1.4,-0.6,0.2,0.0,0.1,-1.5,-2.2,-1.5,-0.7,-0.7,-1.7,-1.2,-2.2,-0.5,-0.3,-2.3,-3.5,-1.7,0.0,-0.9,-3.1,-1.8,-1.3,-0.6,-4.1,-0.7,-0.5,-3.6,1.2,-3.0,-2.2,-3.0,-3.9,-1.0,-0.9,-3.4,1.4,1.1,0.3,-2.7,-2.8,-2.1,-0.6,-1.4,-3.5,-1.3,-2.2,-1.3,-3.2,-2.6,-1.2,-0.8,-1.7,-1.6,-3.6,-2.7,-3.0,-2.2,-2.2,-1.6,0.1,-3.4,-4.3,-3.9,-0.3,-6.4,-3.8,-1.9,-0.2,-1.7,-4.7,1.6,0.8,-3.2,-2.2,-0.3,-12.3,-1.7,-0.9,-1.0,-3.1,-3.7,-1.6,-2.8,-4.2,-2.3,-3.0,-2.8,-3.1,-3.4,-2.8,-7.4,-4.9,-5.0,-3.3,-3.0,-4.4,-4.2,-5.9,-5.8,-4.1,-5.4,-1.2,0.3,-3.0,-0.0
2C7L50u7vK,0,48.098365,11.637682,4443030.36,2777441.67,537.9,583.6,204,7486,2.7,0.84,0.38,32.69,348.95,-0.53,-0.103,0.842,-0.6,0.1,0.2,0.21,0.7,0.2,-0.3,-2.3,-0.9,-2.3,2.4,-2.6,0.4,0.4,-0.0,2.0,-0.3,0.2,3.2,1.6,1.6,1.1,1.2,0.7,1.9,-0.2,1.5,-8.5,-0.0,3.2,0.9,1.6,0.1,-3.3,1.0,0.3,-0.5,4.4,-5.1,-12.8,-2.7,-3.6,-1.6,0.3,-0.2,1.0,-2.8,-0.9,-0.2,-1.8,2.2,-1.5,-0.8,-2.5,-0.2,-2.2,1.2,2.9,-0.5,0.6,-0.4,-0.5,0.3,-1.7,-0.2,-1.3,-1.0,-0.7,-0.7,-2.4,0.4,-7.5,-0.8,-2.4,-3.8,0.9,2.1,1.0,0.4,-0.0,-0.7,0.1,0.2,-1.2,-3.0,-1.4,-0.9,-3.2,-1.3,-0.3,-3.5,-2.1,-8.5,2.3,-2.3,-0.2,-3.0,-2.9,-2.2,-2.7,-0.9,-2.8,1.7,-0.7,1.1,2.1,1.0,-0.6,-4.9,8.3,-7.9,0.4,1.0,3.0,-3.2,-13.4,-4.9,-1.3,0.6,-0.4,-0.5,-1.1,-5.3,-3.3,-0.4,-3.9,-2.2,-0.8,1.8,0.9,0.5,0.1,0.5,-1.7,-0.4,-2.4,-1.9,2.0,-0.9,0.1,-2.1,-3.9,-1.3,-1.7,-5.5,-1.3,1.3,-5.9,-4.3,-5.8,-2.7,-3.1,-2.9,-1.7,-5.4,-1.5,-2.4,-1.1,-4.4,-2.3,0.4,-1.9,-2.6,-1.8,0.0,-1.6,-3.4,-5.0,-4.1,-4.1,-5.3,-4.8,-1.4,-1.3,-4.0,-2.8,-1.2,1.0,-2.2,-3.2,-8.2,3.4,-3.5,-3.4,-1.7,-4.4,-1.1,0.6,0.5,-2.6,-2.3,-2.7,-0.1,-2.5,-4.8,-4.8,-5.1,-3.8,-3.2,-3.3,-7.8,-7.0,-3.2,-4.7,-6.7,-2.7,-3.9,1.9,-7.0,0.8,-10.0,3.3,1.4,2.2,1.1
2C7L50u7ve,0,48.098522,11.638909,4443121.38,2777461.19,542.8,588.5,204,7506,3.1,0.81,0.38,32.69,348.95,-0.53,-0.103,0.842,-0.5,0.2,0.09,0.23,0.7,0.2,-0.3,-1.6,-3.3,-1.1,-0.5,-0.5,-4.8,-0.3,-0.3,2.3,-2.1,-0.5,-0.9,2.7,4.5,-0.8,1.0,6.6,-3.6,2.1,-2.1,2.7,2.2,0.9,-0.1,6.6,1.1,3.3,1.0,0.5,-0.6,11.2,-3.4,-0.5,-0.1,1.6,1.3,3.1,1.7,1.5,1.6,2.5,0.1,1.5,-0.9,2.4,-0.2,-3.3,-3.3,0.5,0.2,0.6,0.3,6.8,6.5,0.5,0.4,12.2,1.4,1.5,7.0,0.6,0.1,-2.8,-2.8,-7.0,-11.8,-3.7,-0.2,-1.5,-1.0,8.4,-4.8,-6.8,-1.4,2.2,-0.7,-0.7,-1.5,-4.5,3.6,0.3,1.5,0.2,1.3,-0.5,1.4,1.3,1.7,1.0,0.1,-1.3,0.4,-3.1,-3.2,0.6,3.9,0.2,1.3,0.1,-0.5,-2.0,2.1,0.8,1.6,1.0,-1.0,1.7,2.1,-3.2,0.6,-0.1,1.3,-1.6,1.7,-0.9,-3.9,1.1,-1.0,-2.5,0.6,-0.3,-2.3,0.0,-0.2,-0.1,-0.0,2.4,1.3,0.8,-1.3,1.6,-2.7,3.8,3.5,-0.6,1.5,1.0,-2.3,3.1,2.4,-3.7,-4.4,-1.7,1.4,-0.8,-3.5,-7.1,-4.9,-2.8,-5.3,-2.3,-2.8,-1.5,-2.7,-0.5,-2.8,-2.7,-1.3,1.2,1.2,1.4,0.7,-0.2,-1.0,-1.9,0.8,1.1,-1.6,-1.9,2.6,0.1,-2.7,-2.9,-2.4,-0.4,-9.4,4.3,-0.6,8.4,-0.6,1.7,1.0,-14.3,5.4,-0.7,-1.3,-0.0,-1.7,-2.4,-2.3,-3.2,3.5,-4.5,-6.4,-3.0,-2.3,-0.0,-0.8,-3.2,-3.0,-4.4,-1.5,0.2,1.3,0.4,-4.6,-1.2,3.0
2C7L50u7ub,0,48.098059,11.635158,4442843.06,2777403.56,541.5,587.1,204,7441,2.8,0.85,0.4,32.67,349.02,-0.53,-0.103,0.842,-0.4,0.1,-0.21,0.22,0.5,0.2,-0.3,-2.6,-2.5,-2.9,-0.9,-1.5,3.7,0.7,0.0,0.1,1.8,2.9,8.0,-4.4,1.2,1.4,-2.8,0.3,0.2,1.6,0.6,0.5,0.1,2.4,2.0,1.0,0.7,2.2,0.0,2.3,-1.5,-15.8,-4.7,-3.0,-2.2,1.2,-0.8,0.4,1.7,0.0,-0.3,1.2,2.3,2.0,0.3,2.6,1.2,4.7,0.9,0.3,4.1,-0.6,0.8,1.3,-0.1,0.6,1.5,-2.5,-1.9,0.7,0.9,0.7,1.8,-2.5,3.9,3.1,6.2,-1.1,-8.3,-0.2,0.4,-4.0,1.4,-1.7,0.9,1.0,1.9,0.6,0.6,-0.0,-0.3,-1.3,-0.0,-2.1,-1.1,-0.2,-1.2,0.2,0.4,-0.3,1.2,-0.9,-4.2,-1.0,0.7,-1.7,0.2,0.2,1.9,0.2,0.4,0.2,2.8,2.5,2.0,1.3,-0.4,-0.8,-1.0,-1.9,-0.1,-1.0,-1.6,0.3,-0.5,0.5,-4.2,-4.7,-1.5,-5.1,0.1,-5.2,0.2,-0.8,0.4,-0.5,1.5,-4.7,2.7,1.5,0.2,1.9,0.6,1.5,2.3,1.5,3.5,4.0,0.6,2.7,3.4,10.4,-1.4,-2.0,0.1,-3.1,-1.5,-6.8,-1.9,1.7,-0.0,-11.3,-2.7,0.5,1.6,0.6,-0.1,-0.6,-2.4,-0.9,1.1,-0.0,0.4,-0.8,1.6,-2.2,2.0,1.3,-7.3,-3.8,0.7,1.4,1.8,-3.3,0.4,-3.1,2.4,-4.1,-2.8,12.0,-3.6,-2.7,-1.3,-4.6,-4.5,-0.5,-0.6,1.3,0.7,-1.6,-1.1,-0.2,0.5,-1.3,-3.7,-1.8,-0.5,1.2,0.5,-0.7,0.2,-4.1,-5.3,-3.2,0.8,-3.8,-6.4,-2.0,-0.3
2C7L50u7v3,0,48.098279,11.636721,4442958.97,2777430.5,539.3,585.0,204,7469,4.2,0.66,0.44,32.68,348.95,-0.53,-0.103,0.842,-0.9,0.2,-1.17,0.32,0.5,0.3,-0.3,-12.7,0.3,13.7,3.8,-1.2,11.2,-8.0,-2.5,0.3,-8.0,-0.9,11.5,0.1,0.5,-0.6,-1.4,0.4,5.9,1.2,1.4,3.9,3.9,4.5,3.1,-3.1,0.6,5.4,4.4,-1.8,-1.5,6.7,1.8,1.4,2.6,4.4,1.0,8.1,-1.1,3.6,2.5,0.6,1.3,1.1,1.0,3.4,6.2,12.5,11.3,-0.3,0.5,1.9,-5.7,-6.0,1.8,1.3,2.4,12.4,-7.0,-4.6,2.7,1.6,4.0,2.9,-1.2,-10.8,-0.7,4.5,6.7,7.2,3.2,0.5,-4.1,8.6,5.9,2.6,-0.0,-1.1,0.0,0.8,0.8,0.1,4.1,2.7,1.6,0.8,2.7,3.3,0.6,2.3,4.8,0.8,4.3,-1.2,1.8,1.8,6.7,2.7,6.0,1.5,0.6,0.9,1.8,3.7,2.1,3.1,2.5,4.9,1.6,-1.1,3.4,0.6,1.6,-4.5,3.0,4.7,2.6,10.3,-0.2,5.2,1.5,8.2,0.7,8.9,2.4,-0.3,5.7,-2.5,3.4,1.5,0.2,5.4,-2.8,0.7,0.9,5.0,1.6,1.8,-3.6,1.3,2.9,13.1,-8.7,-5.6,5.3,0.2,6.1,5.8,2.6,3.8,3.0,12.0,-3.6,1.2,2.0,4.4,4.9,5.2,1.8,2.8,2.2,-1.8,-1.0,0.1,0.5,-2.4,-0.0,-2.9,-3.3,1.7,-0.1,-0.2,-2.7,-12.9,-2.1,-7.1,-8.9,-2.8,-9.4,10.5,-8.0,-5.2,-6.1,-3.4,-3.5,-2.2,0.8,1.7,-1.3,0.1,-1.2,-1.8,3.5,2.5,-5.6,-1.8,-5.1,-2.3,-2.9,-0.1,-4.2,-2.9,-6.5,-5.3,-4.9,-1.9,-1.6,-3.5,-1.8
2C7L50u7vE,0,48.098361,11.637365,4443006.72,2777440.74,540.5,586.2,204,7480,3.9,0.69,0.49,32.69,348.95,-0.53,-0.103,0.842,-0.8,0.2,-0.96,0.3,0.9,0.3,-0.3,-1.8,-0.8,-0.1,-2.7,0.1,-2.1,-0.5,-0.3,0.5,0.9,1.0,-1.5,1.2,-2.0,-0.1,-1.3,-1.7,-0.6,-6.9,-5.8,-2.4,-2.7,2.6,-1.1,-1.5,2.0,0.6,-2.5,0.2,-2.7,6.9,-3.8,-2.1,-1.7,3.0,-1.9,4.6,3.1,0.6,-2.0,-0.4,-0.2,3.6,8.1,6.7,0.9,-3.6,1.4,7.3,-2.8,-0.3,2.2,1.4,-1.3,-1.3,-2.9,0.5,-0.8,-2.0,-0.0,-1.6,-5.1,-2.7,-1.2,6.9,-2.3,-1.5,-0.8,-1.1,0.5,1.4,2.7,-1.0,0.9,-5.6,-1.8,-1.5,-1.6,2.1,-1.2,-5.7,-13.3,2.0,5.3,-1.3,0.9,1.2,5.0,9.7,-1.8,3.3,3.7,0.5,0.6,-1.7,2.3,0.4,0.9,2.9,-1.4,1.9,7.2,4.8,-2.6,3.6,1.3,0.2,0.4,1.8,2.4,0.1,0.9,2.0,-0.1,1.3,-0.2,-2.2,-3.9,-1.7,1.1,0.3,0.4,-0.0,0.8,0.3,-1.7,-0.8,-3.4,-1.1,-5.2,1.8,-3.6,1.1,-0.3,-3.1,7.8,-2.4,7.4,-0.3,1.0,-13.3,-10.0,-4.3,-3.7,-2.8,7.6,3.1,2.3,0.2,8.6,-2.6,-5.5,-4.9,-0.4,-5.1,0.0,4.5,-0.1,-2.9,-5.5,-1.0,0.2,-3.4,-7.4,-9.2,0.1,-0.1,-19.1,2.4,4.4,-5.0,0.4,-2.2,-6.0,3.8,7.1,8.0,4.5,5.2,1.1,2.5,0.3,-4.1,-0.9,0.0,-4.6,-7.5,-6.2,-0.7,-11.4,-4.3,-1.2,-3.8,-5.6,-7.6,-9.4,-5.7,-11.4,-8.5,-6.1,0.1,-7.0,-1.3,-12.7,1.8,-3.1,-2.3,-5.8
2C7L50u7vB,0,48.098366,11.637261,4442998.93,2777441.13,543.7,589.3,204,7477,3.9,0.63,0.46,32.68,348.95,-0.53,-0.103,0.842,-0.8,0.2,-0.58,0.3,2.5,0.3,-0.3,11.5,3.5,5.1,3.1,-0.3,-1.7,-1.1,0.5,2.1,1.9,0.1,-2.7,0.3,1.8,0.9,1.2,4.1,-1.5,4.5,5.3,4.7,2.7,4.2,3.2,4.2,6.5,3.8,7.2,5.4,-0.8,9.6,-3.8,1.9,2.6,7.1,2.4,4.9,7.0,0.6,9.2,3.8,7.0,-1.4,3.7,8.4,4.0,1.3,0.1,4.4,2.9,0.6,3.8,8.1,0.9,-0.7,-0.4,0.6,-0.6,-1.5,-2.8,-1.1,1.4,4.1,1.1,-3.4,2.7,1.9,3.0,3.1,5.1,4.9,8.1,7.4,-0.4,-0.3,4.9,3.2,5.1,6.2,7.7,1.2,3.1,4.2,1.1,0.9,10.2,7.0,10.7,2.0,3.3,4.4,5.6,3.0,2.5,6.5,1.1,20.3,9.1,8.5,8.6,14.3,9.4,8.9,6.6,8.7,11.0,5.9,4.4,3.4,2.9,4.3,2.3,6.0,-4.0,-3.4,-6.3,-2.3,-0.5,-4.0,-1.9,-2.6,-2.4,-2.7,-0.5,4.9,6.8,2.2,1.8,6.2,1.1,4.5,10.7,-0.9,4.1,5.5,-2.3,7.4,0.4,8.4,8.7,0.4,-1.1,-1.9,-9.4,1.1,-1.1,1.5,-1.0,4.5,1.2,-0.5,2.7,4.8,3.9,2.2,2.5,2.6,2.7,-4.9,0.0,-4.5,7.2,6.3,4.2,5.4,1.8,1.4,-0.8,2.0,0.9,-5.0,2.1,2.2,-7.4,-2.7,14.1,3.1,-1.7,-11.6,1.5,-8.2,-6.1,-2.8,3.1,0.1,0.1,-1.7,0.1,3.8,6.6,2.9,6.6,8.0,-2.2,3.5,5.0,3.3,2.6,-0.2,-2.4,-10.6,11.2,-6.5,-5.6,-0.2,-1.9,-4.2,-3.0
2C7L50u7uS,0,48.098045,11.63461,4442802.24,2777401.02,539.5,585.2,204,7432,4.5,0.73,0.52,32.66,349.02,-0.53,-0.103,0.842,0.2,0.2,-0.24,0.35,2.6,0.3,-0.3,0.5,-1.8,-3.0,-1.1,3.8,-2.3,-0.7,0.2,-0.7,-1.2,-0.9,-1.0,-0.4,-0.8,-1.5,-2.2,-3.6,-1.4,-3.0,-3.2,-0.6,-0.5,1.5,0.3,0.6,-1.5,-1.3,-1.1,-20.6,-9.2,-25.0,-7.4,-3.0,-3.3,-3.4,2.5,-11.8,3.0,-3.7,-5.4,-0.6,-0.8,1.4,3.4,4.0,4.8,0.7,2.9,-8.4,2.7,6.1,1.8,5.0,-1.4,-0.7,-4.2,-1.2,1.9,-0.1,-2.0,-1.9,0.5,0.4,-3.6,-2.6,0.7,0.2,-2.8,1.4,0.9,-1.9,2.2,-4.3,3.6,-8.4,-4.6,-3.1,-1.6,-3.5,-5.7,-6.5,-4.8,3.2,-7.2,1.3,-0.3,-4.9,-0.1,-1.6,-3.2,-1.5,3.0,-0.4,-3.6,0.2,-1.4,0.1,-3.6,-2.1,0.3,0.4,-1.3,0.7,-2.1,-2.7,-1.8,-0.8,2.1,6.5,0.6,-20.2,0.7,2.1,2.8,2.7,-2.2,0.5,4.4,3.2,1.6,0.5,0.3,0.9,2.1,0.4,-1.7,-3.2,-3.0,-5.2,-1.3,-2.1,-8.0,2.3,-5.5,-1.6,1.0,-1.0,-10.4,-5.3,-1.7,-2.4,-2.9,-1.9,2.5,2.1,2.5,5.3,2.5,2.9,5.1,0.9,-0.5,5.6,3.1,3.8,4.5,-1.1,-0.4,-0.3,-1.3,0.5,-0.6,-15.9,-24.4,-4.7,4.3,-3.0,-5.4,1.4,1.6,3.0,-1.0,-2.9,-2.4,-2.3,-2.2,-0.5,1.2,-4.5,1.7,3.7,2.9,4.2,1.4,2.5,0.5,-0.7,-1.6,-3.4,-12.8,5.1,5.9,-21.1,-11.6,1.2,-9.3,-2.8,-3.9,0.3,4.6,0.1,-0.1,6.2,3.0,-1.6,-0.2,-0.9,8.7
2C7L50u7uU,0,48.098069,11.634801,4442816.43,2777404.05,542.4,588.1,204,7434,2.4,0.92,0.28,32.67,349.02,-0.53,-0.103,0.842,-0.8,0.1,-0.39,0.19,0.3,0.2,-0.3,1.4,0.0,0.8,-0.5,2.0,0.9,1.3,0.8,1.1,-12.8,2.4,2.3,-0.2,1.1,1.9,0.9,2.7,-0.9,0.1,-1.7,0.1,-0.3,-0.8,1.8,1.3,-0.2,3.0,5.5,3.3,-1.2,-17.8,-1.9,-1.2,0.3,1.8,1.4,3.2,3.6,3.9,0.9,2.8,2.1,1.2,1.7,0.9,0.5,3.1,1.0,1.1,2.5,1.5,3.1,2.3,2.0,2.7,2.9,2.3,0.9,1.1,1.0,1.8,1.3,0.8,1.9,-0.3,3.5,1.9,4.2,1.6,2.3,2.8,2.0,0.2,2.2,2.2,3.2,1.5,2.0,-0.5,2.2,-0.3,0.5,-0.6,0.2,0.7,-0.9,-0.4,-0.7,-0.6,1.5,-2.6,-0.4,-0.4,1.0,0.3,2.8,0.5,4.6,2.0,1.1,1.1,0.7,1.2,3.1,1.0,1.3,0.9,0.9,-0.8,0.2,0.0,-1.2,-0.2,-0.0,-1.3,-0.3,-1.0,-1.0,0.8,2.8,0.3,1.0,1.3,1.1,0.8,0.2,1.7,1.1,-0.2,-2.4,-0.6,-0.9,-3.2,-0.8,-0.1,1.6,1.0,-1.4,-0.9,1.1,1.8,-3.8,-4.4,0.2,-0.7,-1.4,-3.1,-3.1,-1.0,-1.5,-1.8,-2.3,1.1,0.5,1.4,-0.9,-1.6,-2.1,0.1,1.1,1.1,-3.0,-3.3,-2.5,-3.0,1.1,-0.8,-5.4,-2.0,-2.5,-3.7,-2.7,-2.7,-0.8,-0.3,0.3,-2.6,-1.9,-16.2,-0.0,-2.1,-0.0,-0.6,-2.3,-1.5,-0.5,-0.8,-2.1,-2.5,-3.3,-0.4,-2.4,-5.6,-4.1,-3.9,-1.9,-4.2,-2.9,-1.9,-3.5,-3.1,-3.0,-2.6,0.8,0.2,-3.7,-3.8,1.0
2C7L50u7v8,0,48.098358,11.637048,4442983.15,2777439.82,541.0,586.7,204,7474,3.5,0.75,0.44,32.68,348.95,-0.53,-0.103,0.842,-0.7,0.2,-0.33,0.26,0.9,0.2,-0.3,2.6,-0.1,-0.6,-1.0,-1.6,-2.5,2.0,-1.0,-1.0,-10.0,-0.8,-4.2,-3.1,-3.6,-1.0,-1.7,-0.1,8.4,-1.2,-0.1,1.6,4.5,2.5,0.2,4.4,6.6,4.3,0.0,-3.9,2.7,7.5,6.0,0.9,0.9,9.3,2.4,3.1,1.7,3.0,3.2,3.8,3.6,3.9,3.8,2.1,4.2,6.8,2.2,4.1,2.0,3.6,3.4,9.7,1.1,-2.6,-2.6,-10.6,-4.9,-5.0,-5.3,-1.6,-3.1,0.8,4.1,-5.9,-2.7,-3.7,-2.7,-2.4,-0.4,8.2,5.3,-8.5,4.7,0.3,0.9,-2.1,-2.5,3.1,2.6,-0.3,1.2,0.7,2.0,-1.4,-1.1,-0.5,1.4,-0.1,-1.9,2.9,-2.8,-2.9,-3.0,-8.2,5.0,2.5,2.9,-0.3,-1.5,-0.7,-1.0,1.8,2.8,-0.2,1.0,3.2,0.3,-1.9,1.8,0.2,-0.5,-0.1,-0.8,0.6,1.3,0.2,0.8,1.2,1.3,0.6,3.0,-1.3,0.2,2.0,2.7,2.8,1.8,-3.8,-2.5,0.4,0.1,2.8,0.7,-3.0,1.4,0.2,2.0,4.9,9.6,4.2,-1.4,-2.0,-4.1,-2.4,-0.1,1.8,3.6,-0.7,-0.8,-3.0,-1.6,-3.7,-1.9,-1.5,0.2,3.3,3.5,1.1,2.5,-5.3,0.8,3.5,0.8,-5.2,-1.5,-3.2,-7.3,-6.4,-3.3,-0.0,-2.6,-3.8,0.4,1.2,0.9,-4.5,-2.0,6.5,-4.1,-2.1,-1.2,-4.0,-3.0,-1.0,-0.5,-4.1,4.0,-12.8,12.8,0.9,-1.8,-3.5,-4.6,-4.2,-3.8,-3.4,0.8,-3.7,-3.5,-6.5,-3.7,-0.5,-0.1,-0.5,-2.2,-1.2,-3.7
2C7L50u7un,0,48.098219,11.63582,4442891.97,2777422.34,540.5,586.2,204,7453,2.7,0.85,0.38,32.68,348.95,-0.53,-0.103,0.842,-0.4,0.1,0.38,0.21,0.3,0.2,-0.3,2.7,1.7,1.1,-1.6,0.9,7.1,1.9,-1.0,0.9,-3.7,-0.9,1.4,-2.0,-0.8,-1.1,-1.2,-1.1,-0.9,1.1,0.3,1.7,1.7,-0.8,-0.7,-1.3,-2.3,1.7,2.9,-2.2,-2.8,-0.2,-9.0,-5.1,-6.4,-4.3,-3.2,-1.2,-4.6,-2.5,-1.7,-1.9,-0.6,-1.1,4.2,0.2,-0.7,-1.0,-2.6,-0.4,1.2,1.5,0.1,1.0,1.4,-2.9,0.3,-0.5,-0.2,-2.0,-3.1,-0.7,-0.5,-4.5,-1.1,-6.5,1.7,-3.4,-4.3,-0.6,0.5,-0.4,-2.0,-0.4,-0.9,-1.4,-0.5,-0.1,-1.0,-1.3,1.3,-1.8,-1.7,-3.4,0.9,-1.3,-4.4,1.3,-2.0,-5.2,-0.9,-1.7,-1.7,-0.1,0.1,0.2,0.2,3.6,0.7,-0.5,-0.5,-1.7,2.0,-0.5,-0.6,0.4,-1.2,-0.1,-0.5,-3.0,0.6,-1.3,-0.4,-0.3,-2.3,-4.0,-5.8,-11.5,-3.9,-3.1,-3.0,-3.2,-2.4,-3.4,-1.3,-2.5,-1.6,-2.2,-2.6,1.2,-6.1,-0.5,-3.7,2.0,-0.3,-5.5,-2.1,-3.4,-0.6,0.2,2.1,2.5,-0.7,-1.7,-1.2,1.7,-1.3,-5.1,2.6,0.1,-5.4,-8.0,-0.2,-2.5,-3.1,-3.4,0.9,-2.0,-2.9,-0.8,-3.2,0.1,-3.1,-1.7,-2.8,-3.2,-4.1,-1.1,-7.2,-4.9,0.4,-0.7,-3.4,-17.9,1.7,3.8,-4.2,2.1,-1.8,-10.9,-0.4,-2.1,-1.1,-1.7,-6.5,0.6,-1.0,-0.5,-5.2,-4.3,-3.2,-6.0,4.3,-2.0,-5.3,-3.2,-3.6,-0.4,-1.6,0.6,-3.5,-1.7,-2.6,-3.7,-2.1,3.1,1.3,-2.5,1.3
2C7L50u7v1,0,48.098339,11.636758,4442961.55,2777437.25,547.4,593.1,204,7467,2.7,0.84,0.3,32.68,348.95,-0.53,-0.103,0.842,-0.9,0.1,-0.52,0.21,0.4,0.2,-0.3,0.4,1.4,1.3,2.3,1.4,-2.4,1.4,2.0,1.7,-7.1,2.5,-3.8,2.2,2.1,2.6,3.4,2.2,2.4,-0.2,0.1,0.6,-0.1,0.2,1.7,1.8,3.1,1.4,-5.8,-2.4,1.5,-4.6,0.1,-1.3,0.1,1.2,1.1,2.1,2.2,2.2,3.2,-0.8,-3.4,0.6,3.2,0.1,0.8,-4.2,1.5,3.0,0.8,0.3,2.2,0.3,2.2,0.1,0.4,0.8,2.3,1.1,1.2,1.9,-0.5,-2.1,1.4,-4.8,-5.5,0.2,1.1,1.1,0.2,-0.6,0.0,-4.5,0.9,1.0,1.1,0.7,0.7,1.6,0.0,0.8,-1.1,1.6,-0.7,1.5,2.3,1.7,0.5,0.0,1.0,-0.3,-3.3,-1.5,-0.9,-0.2,1.0,0.4,2.8,2.4,-2.0,-0.2,1.2,4.3,1.9,2.5,1.3,1.2,-0.0,-0.9,-0.4,1.0,0.8,1.4,-0.1,1.3,-2.0,-3.2,-1.0,-3.0,1.2,-5.0,0.6,0.1,-0.0,1.2,2.2,-2.5,2.3,0.0,-2.5,2.5,0.4,-4.4,0.5,-2.8,0.3,3.3,-1.2,3.7,1.2,-8.0,-3.6,-4.0,-0.8,-0.5,-0.9,-1.6,-2.3,1.9,-0.3,11.1,1.4,0.8,0.9,1.1,0.4,-0.8,-0.7,-1.8,-0.8,0.4,0.4,-1.2,-1.7,-1.0,-5.0,2.6,-3.8,-4.9,-2.4,0.0,-0.8,-9.4,-12.4,-4.0,-12.0,-7.6,-5.8,10.0,-6.1,-1.8,-2.1,-1.3,-3.3,-7.2,-5.9,-5.6,-1.9,-1.1,-2.4,-0.3,-1.9,2.0,-4.8,-5.1,-4.2,-1.0,-0.3,-2.2,-2.5,-8.8,-5.8,-3.3,-4.2,-1.1,-8.7,-1.8,-3.8
2C7L50u7vc,0,48.098583,11.638657,4443102.47,2777467.5,537.1,582.8,204,7504,2.1,0.89,0.38,32.69,348.95,-0.53,-0.103,0.842,-0.4,0.1,-0.28,0.16,0.5,0.1,-0.3,0.5,-0.6,0.5,1.4,2.1,-5.5,2.4,-0.1,-0.5,-1.9,0.2,-6.0,2.1,1.5,3.4,3.7,2.7,0.5,2.4,-3.1,1.8,3.0,3.8,0.3,2.4,3.4,2.9,-2.0,1.2,-1.6,6.2,-0.1,-1.7,5.5,0.5,1.7,1.0,0.9,-2.0,1.9,3.0,2.1,1.8,1.6,1.0,2.5,-2.4,-1.3,0.2,0.3,0.6,1.9,2.2,1.7,3.8,1.6,1.4,-1.9,2.1,4.6,2.7,3.3,9.1,2.1,1.2,2.6,2.7,3.9,0.6,4.3,-1.2,4.1,1.8,3.3,0.9,6.1,3.3,4.5,2.4,0.5,2.8,2.5,2.9,0.2,2.9,1.2,1.4,0.5,1.7,-0.0,1.3,1.2,-0.6,-0.4,1.9,3.6,2.7,1.4,3.5,-0.2,0.6,1.7,2.4,3.4,1.2,-0.7,1.5,0.1,0.1,1.8,2.4,4.0,2.1,1.1,1.8,-1.9,1.4,-1.9,-2.2,-2.2,-0.3,0.1,0.2,-1.7,-2.8,3.0,1.9,1.2,2.5,1.3,-2.6,-1.3,2.7,0.7,-0.6,0.4,2.9,-0.1,2.9,4.0,2.7,-0.6,-2.0,-2.5,0.7,-1.6,2.2,-4.7,-4.0,0.7,2.5,-2.9,-1.4,0.6,-2.1,0.3,3.6,3.0,1.5,2.5,1.2,0.2,3.1,2.8,0.7,3.0,0.7,-0.9,1.2,2.0,4.6,2.7,0.1,-2.1,2.6,1.1,-0.2,2.1,-0.8,-4.7,-2.7,-4.5,-1.9,-0.2,-0.3,1.3,-0.4,1.0,-1.7,-0.2,1.0,3.8,0.2,-3.4,-1.7,-1.5,1.2,1.4,-1.1,-2.2,1.1,-1.2,-1.1,-1.3,3.9,-2.9,-1.1,0.8
2C7L50u7uX,0,48.098112,11.634843,4442819.43,2777408.85,539.1,584.8,204,7437,2.9,0.82,0.41,32.67,349.02,-0.53,-0.103,0.842,-0.9,0.1,-0.07,0.22,0.5,0.2,-0.3,0.3,-2.9,-3.3,1.8,-2.6,-3.9,0.0,-2.7,0.3,9.7,0.4,-4.1,0.7,-0.6,0.7,0.4,-0.4,1.5,-0.1,1.7,3.2,0.7,1.1,3.1,1.1,0.1,0.9,-5.0,3.0,-2.7,1.8,-3.6,-0.8,-2.1,1.8,-2.6,0.8,-2.1,-0.4,-1.3,0.8,-3.0,2.7,0.5,2.1,-2.1,0.2,1.2,3.9,-1.5,-2.0,2.8,1.6,2.6,1.4,4.8,2.1,1.6,2.2,1.5,2.7,0.5,-1.9,-0.3,-9.4,7.5,-2.2,-6.4,-2.8,-0.6,-4.6,-2.3,-2.1,-0.4,-0.1,0.7,1.0,0.6,1.6,-0.0,-2.1,-1.3,-0.9,-0.6,-3.1,1.5,-1.2,-1.6,-2.3,1.5,-2.6,7.9,-1.7,0.1,-1.4,1.1,-3.7,0.9,-0.5,-2.5,-0.2,-1.2,1.1,1.3,0.9,1.1,-1.5,1.1,-1.8,-1.0,1.4,0.7,0.2,2.2,1.9,-1.5,-1.8,-0.5,-2.6,1.4,1.0,2.6,0.2,-2.2,-1.9,-2.0,-7.2,-1.7,-2.4,-4.1,-0.4,-1.3,-2.5,-1.6,-2.4,-1.3,-2.1,-4.0,-0.6,-3.3,-6.7,-7.2,-2.8,-3.6,-1.2,-1.5,-9.3,-4.5,-1.5,-3.7,-7.7,0.3,-0.2,0.2,-0.3,2.1,-0.4,-0.0,-4.2,-4.2,2.0,-2.7,-4.8,-2.2,-7.1,-10.5,-4.2,-6.4,-5.5,-0.8,-3.4,-3.6,-1.0,-6.5,4.2,-8.6,-1.8,-3.1,10.0,-2.3,-2.3,-1.8,-2.7,-5.3,-3.7,-3.0,-4.4,-1.6,-3.1,-1.9,-4.3,-2.9,-3.8,-8.1,-5.7,-4.3,-2.7,-4.1,-0.5,-3.5,-9.1,-2.9,-4.5,-3.4,-11.1,-5.0,-2.5,7.4
2C7L50u7uk,0,48.098214,11.635641,4442878.66,2777421.55,539.8,585.4,204,7450,3.2,0.79,0.48,32.68,348.95,-0.53,-0.103,0.842,-1.1,0.2,-0.3,0.24,0.5,0.2,-0.3,-1.6,-1.1,-1.4,-1.0,-1.0,-0.4,0.7,0.2,-1.2,-8.7,-1.4,2.3,-1.0,-0.1,-0.8,-1.1,1.5,-1.9,-1.4,0.9,-0.3,3.5,-0.6,0.3,-3.3,-1.7,4.3,1.7,2.2,-3.1,6.5,-2.2,-1.0,-1.9,4.2,3.5,2.4,-1.3,-1.0,-0.1,-0.5,-8.0,-3.3,2.5,1.0,-0.3,2.3,3.2,-0.6,3.9,0.3,3.5,-0.9,-0.7,0.6,-1.0,-1.0,0.3,6.2,4.6,0.5,-0.9,-5.2,-1.3,-0.6,-0.2,1.9,0.7,-1.0,-0.3,-5.2,-1.2,-0.8,-6.4,-5.6,-1.0,-1.1,0.1,-0.1,2.1,-2.9,0.2,-7.6,2.4,-5.8,-4.2,-0.3,-2.4,3.2,-0.5,1.3,-2.1,-3.2,-2.1,-0.8,0.9,-0.5,-1.3,1.0,0.3,-3.0,-4.1,-5.8,-3.5,-3.5,-3.7,-8.2,-9.1,-2.2,-1.6,-3.1,-2.0,-0.3,-1.0,0.0,-2.2,-0.8,0.6,-1.3,3.0,-0.1,1.6,-0.5,-0.3,-0.2,-2.0,-2.4,-2.0,-0.7,-3.4,-7.4,-4.0,9.9,-3.1,-2.6,3.4,-2.6,-3.4,0.2,0.6,-0.7,0.3,-0.7,1.4,6.8,1.8,-14.1,1.8,1.7,-1.1,-3.0,1.5,-4.6,-4.6,-4.0,-3.7,-1.6,0.1,3.6,-1.9,-6.5,-8.8,-6.5,-7.6,-4.4,1.5,-3.3,-8.0,-1.6,-7.9,-4.1,-9.8,-7.7,-3.0,-0.6,-3.4,-2.1,-6.0,-1.8,-2.6,-8.7,-3.5,-4.8,-5.6,-7.4,-7.4,-3.3,-8.2,-18.3,-3.1,-3.8,-7.5,-6.0,-6.9,-2.7,-4.7,0.6,2.2,-3.6,-1.6,-3.2,-2.4,-4.4,-7.0,-5.8,-7.9,-2.7,-4.7
2C7L50uOxI,0,48.098019,11.633974,4442754.95,2777397.08,541.7,587.4,205,7420,2.9,0.8,0.44,32.66,349.02,-0.53,-0.103,0.842,-1.0,0.1,0.37,0.22,0.6,0.2,-0.3,1.2,1.7,2.1,-2.0,1.0,-0.6,1.8,2.8,1.9,5.8,1.5,-2.8,0.6,-1.0,0.2,0.8,-0.7,0.8,0.1,-2.1,-1.1,2.2,2.6,1.6,1.5,-0.7,-0.7,-2.6,-2.3,-2.6,-1.1,-4.2,1.3,-2.7,-0.2,-2.0,-1.4,-0.7,1.0,-0.0,1.0,-4.4,-1.0,-2.4,-0.4,-2.3,-1.5,-0.8,-1.2,-0.6,-1.9,-3.6,-1.6,-2.9,-2.2,-0.8,-5.4,6.2,1.5,-1.8,-2.0,-0.6,5.3,0.6,-3.6,-0.8,2.1,-1.8,-1.3,0.6,-5.6,-2.6,-0.2,-0.8,0.8,2.3,2.9,2.1,2.3,0.8,-2.5,1.8,-2.9,-5.8,-5.7,-4.4,-1.8,-3.3,-1.7,-3.2,-0.5,-1.5,-0.3,-5.0,0.5,4.9,-4.9,3.4,-0.4,-2.0,-2.7,-1.7,0.8,3.0,0.9,1.2,-0.2,1.5,-0.9,-3.2,-2.5,-7.3,-5.5,-4.0,-2.3,-6.4,-3.5,-4.9,-5.2,-2.7,-4.3,-3.5,-1.7,-2.8,-2.6,-1.4,-3.7,-1.4,-1.4,-2.5,-3.4,-0.8,-7.4,-1.3,0.7,-2.5,-4.1,-2.2,0.5,2.9,-6.9,-6.0,-4.3,-1.5,-2.4,-5.0,-6.6,-6.2,-4.5,-5.5,-5.3,-9.8,-3.1,5.2,-6.7,-9.3,-2.9,0.1,-2.1,-0.9,-3.2,-2.7,-3.7,-3.6,-6.5,-2.7,-3.3,-4.6,-0.1,4.1,-0.7,0.7,2.3,-10.9,-7.2,-5.6,-8.1,-8.1,-2.6,-10.7,-12.0,-3.8,4.2,-7.0,-7.5,-6.7,-9.3,-6.5,-0.7,-0.5,2.3,3.0,-1.0,-4.9,-5.8,-8.7,-1.8,-4.4,0.1,0.3,-8.4,-8.7,-2.4,-3.5,-5.6,-8.6,-3.5,-1.1
2C7L50uOxf,0,48.098187,11.635287,4442852.34,2777417.97,541.8,587.5,205,7443,3.9,0.72,0.45,32.68,348.95,-0.53,-0.103,0.842,-0.8,0.2,0.42,0.3,0.1,0.3,-0.3,4.7,5.3,-1.3,2.4,-0.1,-2.0,2.7,-2.5,2.3,0.4,0.8,0.4,-0.7,-1.6,-0.2,-2.3,-2.7,-0.4,-4.4,-1.9,-1.0,-2.1,-0.0,-5.3,0.9,-0.9,0.5,-1.1,-2.4,-9.2,1.4,-8.5,-12.0,-2.0,-0.5,1.2,5.3,-1.7,-3.9,-1.1,4.0,-3.3,-6.6,0.4,0.5,-2.9,1.1,2.6,-3.7,-6.1,-0.8,-6.0,-3.3,-7.9,-4.5,-6.7,-9.3,-1.8,-1.0,-6.2,-3.6,-7.1,-7.1,-5.9,12.9,-2.5,-8.2,-2.3,-3.9,-6.2,-3.9,-6.7,-2.7,-5.0,-6.3,1.4,-4.1,-1.5,0.3,-1.9,1.0,-1.6,-0.3,2.7,2.0,-1.3,-4.8,-2.8,-3.9,-5.8,-5.6,11.8,5.3,-4.4,-3.9,-3.9,-0.0,-1.4,-4.2,0.8,-8.4,-7.6,-5.0,-3.2,-6.9,-4.1,-6.9,-6.4,-14.7,-6.3,-2.6,-3.7,-6.3,-2.4,-0.1,-1.4,-5.1,-1.2,-2.5,-0.8,-0.6,-3.7,2.9,-2.6,-4.1,-6.1,-2.8,-4.2,-0.9,-8.6,-4.3,-3.6,-5.1,-6.1,-5.7,-1.2,-3.2,-2.1,1.1,0.1,0.2,-11.1,-14.9,-8.4,-0.6,-4.6,3.6,-6.4,-2.5,-4.1,-8.2,-6.8,0.8,-5.6,-6.2,-2.9,-6.3,-4.4,-4.8,-4.6,-3.3,-6.6,-2.8,-4.3,-7.2,0.9,-4.0,-12.6,-5.0,1.2,-2.1,-10.9,-6.7,10.6,-6.6,-1.8,-6.8,0.2,11.6,-9.3,-6.7,-8.8,-5.1,-12.3,-4.0,-3.4,-6.8,-7.5,-5.4,-4.3,-6.1,-3.7,-5.8,-3.6,-7.9,-7.0,-7.4,-2.8,-0.5,-3.9,-4.5,-6.3,-3.1,-8.6,-3.2,-4.7,-8.0,-3.6
2C7L50uOyV,0,48.098544,11.638064,4443058.38,2777462.19,534.3,579.9,205,7495,3.6,0.73,0.43,32.69,348.95,-0.53,-0.103,0.842,-0.1,0.2,-0.25,0.28,1.5,0.2,-0.3,-1.8,-1.8,2.8,-0.2,-2.3,-0.9,0.9,-1.5,0.2,-3.4,-0.5,-2.2,3.1,4.3,1.4,-3.2,-1.3,10.1,-0.2,-2.4,-2.0,-3.8,2.3,-0.8,-2.8,-4.1,-4.1,-1.0,-1.9,-5.3,-20.3,-6.7,-6.4,-3.3,-3.5,1.8,-0.6,-5.9,-7.0,-3.1,1.4,-1.4,-2.4,-3.9,-4.5,-4.0,-3.7,-0.9,0.5,1.4,-0.3,2.1,-4.5,-6.4,-0.7,0.3,-4.7,1.3,1.2,2.6,2.8,-2.6,0.1,-9.4,-2.2,-2.5,-2.0,-1.5,-4.3,-3.7,-1.3,-0.5,-2.0,2.9,-5.6,-0.3,-0.5,-4.7,-5.9,-0.7,-5.0,6.1,-5.0,6.9,-5.0,-7.9,-5.9,-8.0,-5.7,-2.7,-3.6,-4.5,-3.4,-4.5,-6.5,-5.9,-8.8,0.2,-5.3,-4.8,-3.3,1.7,-1.8,3.5,-0.8,-1.3,-4.3,-4.5,1.5,3.2,-3.5,-1.9,-0.3,-0.5,-1.6,-4.3,3.4,1.1,-1.3,0.4,-9.9,-1.1,-0.8,2.1,1.0,-4.2,1.3,0.1,0.0,-3.1,-1.3,-5.1,-6.7,-0.2,0.9,-4.1,-6.2,-5.3,-1.5,-0.4,-4.0,-3.9,-1.2,3.0,-2.0,-1.7,4.0,0.2,5.7,0.1,1.5,-4.2,2.5,-2.1,-0.5,1.5,-2.6,0.0,-3.6,-1.0,-3.2,0.2,3.4,-3.3,5.5,-4.0,-5.6,-10.2,-3.2,-3.5,-1.7,-15.6,0.6,-7.4,-4.1,3.3,-3.9,-2.4,0.9,-2.7,-1.8,-3.4,-4.2,0.7,-0.7,0.6,-3.2,-3.2,3.2,-7.2,-2.0,-0.9,1.8,-10.1,-3.7,-1.2,-3.8,-7.2,0.1,1.4,-16.7,-2.9,-0.9,-3.5,2.2,2.0,-3.8,-10.9
2C7L50uOyg,0,48.09865,11.638896,4443120.12,2777475.41,544.3,590.0,205,7506,2.1,0.91,0.31,32.69,348.95,-0.53,-0.103,0.842,-0.4,0.1,-0.32,0.16,0.1,0.1,-0.3,-0.7,-0.3,0.6,-0.5,0.0,-5.5,1.5,-0.5,1.2,-5.0,-0.4,-4.6,1.5,1.4,0.9,2.9,3.9,3.2,0.9,-1.2,-0.1,0.7,0.6,1.9,2.7,0.9,1.3,-0.8,-0.6,-0.5,5.4,-3.4,-2.7,-0.1,-1.0,0.8,0.3,1.4,1.0,1.5,0.6,-0.2,1.1,0.2,0.7,-0.2,-3.3,-3.6,2.0,0.4,0.8,1.3,2.3,2.2,0.6,4.6,0.9,-0.9,1.4,-0.2,0.9,-0.1,0.1,0.0,-8.4,-6.6,-0.6,1.5,-0.6,0.7,1.1,1.4,0.7,0.8,0.0,-0.7,-1.4,0.2,0.5,2.5,1.1,-0.0,1.2,1.6,0.4,0.8,-0.0,-0.1,-0.7,-1.1,-1.1,-2.8,-2.9,-1.3,0.1,2.0,-1.8,1.3,0.6,-1.2,-1.3,1.4,2.8,2.2,0.9,-0.1,1.9,0.4,0.5,0.4,1.6,2.7,1.2,1.9,0.7,-1.0,0.6,-1.0,-0.4,-0.2,0.1,0.2,0.4,1.6,1.2,1.9,-1.2,0.6,-0.2,-2.1,2.7,0.2,1.6,2.1,-3.8,-1.1,-0.2,-1.4,1.6,4.6,-2.4,-2.1,-1.8,0.7,0.0,-0.6,-3.0,-2.5,-2.0,-0.9,4.0,-3.0,0.6,0.5,0.1,-1.6,-2.3,-1.1,-0.7,-0.0,-0.4,-1.0,-0.9,0.3,-2.1,-1.1,2.4,-1.5,-1.8,-0.7,-0.7,0.6,-1.4,-1.6,-1.2,-5.9,-2.3,-0.7,11.7,-0.1,2.2,-0.4,-0.6,-0.9,0.2,-1.3,-2.4,-2.2,-2.9,-2.2,-0.4,-0.7,-3.0,-5.0,-3.2,-2.4,-1.7,0.1,-2.9,-2.6,-5.9,-3.4,-0.2,-0.3,0.2,-1.0,-2.0,-0.3
2C7L50uOxQ,0,48.0981,11.634463,4442791.13,2777406.91,544.1,589.8,205,7428,4.0,0.71,0.49,32.66,349.02,-0.53,-0.103,0.842,0.5,0.2,-0.69,0.3,0.3,0.3,-0.3,7.6,3.4,-2.9,0.3,-1.7,8.1,-1.5,5.6,0.2,-4.6,-0.8,-3.2,-1.1,-4.7,-1.2,-2.0,-1.3,0.5,4.3,1.4,-0.6,1.0,3.0,4.6,1.4,2.0,0.1,16.5,2.3,4.2,-4.7,-0.0,-4.2,-0.4,1.5,1.1,2.9,3.8,3.1,0.2,0.2,-1.3,4.2,3.7,2.8,-0.0,1.2,3.0,0.7,1.8,4.7,3.6,2.0,1.4,1.5,3.5,2.0,-0.9,-0.0,1.0,1.9,-2.0,-4.3,8.6,4.7,-2.8,0.5,-6.2,0.9,0.1,7.2,7.4,7.1,10.2,2.1,-2.3,-1.5,2.8,10.7,-0.4,15.1,3.3,0.1,2.9,3.6,7.4,3.0,2.9,7.3,3.5,2.0,10.6,-0.2,1.2,1.7,2.0,8.5,11.8,-5.4,-1.9,-2.6,7.9,6.5,3.5,3.5,0.2,4.9,3.7,1.5,1.4,2.0,17.9,-2.6,2.9,2.6,-7.3,10.7,8.1,12.0,5.1,1.4,2.8,2.8,5.4,6.1,-2.5,-4.1,0.7,7.3,-4.6,1.0,3.7,12.6,2.7,6.6,5.9,6.8,1.8,8.8,3.7,4.4,2.5,1.2,1.7,6.1,3.1,1.1,3.6,3.8,2.1,4.1,3.3,3.4,1.2,3.5,4.2,2.6,0.5,3.4,4.0,6.7,4.0,3.6,2.9,4.2,4.3,6.0,2.7,2.8,8.8,6.1,6.1,1.9,-0.3,5.5,1.4,1.3,4.6,-6.4,7.5,5.3,6.1,7.9,7.4,5.1,6.3,3.4,5.8,2.1,2.0,4.1,1.9,1.7,-1.1,0.3,1.3,6.0,5.0,1.9,4.9,2.1,-3.6,0.3,20.0,4.2,1.2,3.1,-0.8
2C7L50uOxc,0,48.098195,11.635203,4442846.05,2777418.68,547.2,592.9,205,7440,3.4,0.73,0.47,32.68,348.95,-0.53,-0.103,0.842,-0.7,0.2,-0.69,0.26,1.9,0.2,-0.3,2.5,-2.0,0.9,-0.0,1.8,-2.3,1.3,2.9,0.9,-0.4,1.3,-3.5,0.9,4.0,3.9,2.1,2.5,4.2,3.3,3.9,2.0,2.6,4.9,4.7,3.9,3.2,2.6,1.6,2.1,-0.4,2.1,0.1,-0.0,-0.9,4.3,0.0,4.0,4.1,4.6,5.8,3.9,3.5,5.6,4.3,4.1,3.6,3.8,1.7,1.1,3.5,2.8,2.0,-0.4,3.1,1.5,4.2,-0.7,3.3,0.6,-0.7,-0.5,2.6,-7.1,2.2,-7.2,-8.3,3.0,-3.2,-0.4,1.3,-0.6,1.4,-1.5,0.7,0.7,3.8,-0.3,1.5,0.9,-0.1,3.7,2.8,4.2,3.1,4.3,2.6,1.0,1.2,0.9,1.5,1.5,-2.2,2.5,2.3,1.1,5.5,4.7,5.0,1.9,1.4,3.5,1.7,4.8,4.5,3.7,3.9,5.2,4.7,0.1,3.5,3.5,2.4,5.8,3.2,6.0,-0.8,1.0,2.2,-0.3,6.8,1.3,2.9,-0.8,-0.2,2.2,6.9,-1.6,4.2,8.3,-1.4,9.0,6.3,2.5,6.5,-0.2,3.5,8.9,2.8,5.6,6.8,-4.2,-6.1,-3.2,-0.9,0.6,-3.5,2.6,-1.2,6.2,13.9,-4.0,-0.2,-6.4,-8.6,-4.0,4.0,-0.0,1.1,0.9,3.0,2.3,0.4,1.7,0.4,4.3,5.8,1.4,-5.0,2.1,5.0,6.0,-2.7,-1.8,-9.4,-3.1,-6.5,-6.5,-2.0,-9.6,-4.1,0.6,1.2,0.4,-1.1,1.5,-0.8,2.5,-10.1,-2.0,1.9,4.3,12.7,2.4,2.8,1.0,3.3,1.7,-3.9,3.3,0.1,-7.7,-5.4,-3.6,-9.2,0.3,-1.8,2.2,-11.7
2C7L50uOxd,0,48.098193,11.635188,4442844.94,2777418.45,543.7,589.4,205,7441,2.1,0.88,0.36,32.68,348.95,-0.53,-0.103,0.842,-0.6,0.1,-0.3,0.17,1.1,0.1,-0.3,-2.0,-2.7,-1.5,1.8,1.9,-0.9,1.5,1.8,0.5,1.6,2.8,-0.9,-1.8,2.1,1.6,-1.3,-0.1,1.5,2.9,1.6,2.0,2.9,3.5,6.2,3.8,4.0,3.7,-0.7,4.7,0.9,6.4,0.6,5.3,2.4,4.7,3.9,4.9,5.0,4.2,2.9,2.9,2.6,4.9,3.2,3.9,2.3,2.6,1.2,1.7,2.9,0.3,1.8,3.0,3.2,2.8,0.9,1.5,2.6,2.3,6.6,5.0,4.0,-3.7,6.4,4.4,5.0,3.5,2.7,3.6,2.9,-3.5,2.0,-7.4,3.8,3.7,3.9,2.9,3.0,0.2,5.0,2.2,3.1,2.7,4.2,3.2,2.8,3.0,3.3,3.0,3.2,2.0,1.9,1.4,3.2,3.1,2.6,1.4,6.2,1.6,2.2,4.1,6.6,3.7,4.1,2.7,3.7,0.8,2.9,3.1,1.0,1.6,1.1,0.7,0.7,5.2,-1.6,-1.2,-0.6,-3.4,3.7,-2.4,0.5,-0.5,0.3,3.0,2.8,-2.6,3.3,4.0,1.0,2.8,2.8,-1.2,3.6,-1.5,2.2,4.4,2.3,5.1,4.8,-1.0,-1.1,-0.3,0.7,-0.8,-0.7,-0.4,0.6,2.2,1.6,-1.9,2.2,1.4,3.1,1.7,1.3,0.7,-1.0,1.0,1.0,0.7,1.6,0.3,2.1,0.9,3.6,1.8,-3.7,1.3,1.7,3.7,2.4,-2.1,-3.6,-1.2,-10.1,-0.4,-1.1,-8.5,1.4,0.3,-0.9,-1.3,-3.0,0.6,2.3,0.4,1.1,2.3,2.4,1.0,2.4,1.4,-1.9,-0.8,1.0,0.8,1.7,-0.9,1.1,-2.8,-0.4,-0.5,2.4,1.2,-1.7,-0.6,-1.1
2C7L50uOxD,0,48.098032,11.633787,4442740.98,2777398.21,547.8,593.5,205,7415,1.8,0.92,0.28,32.66,349.02,-0.53,-0.103,0.842,-0.4,0.1,0.09,0.13,1.0,0.1,-0.3,-0.3,-1.5,0.7,-0.4,0.5,-1.4,0.4,2.1,0.7,-1.9,-0.1,-0.9,0.9,1.3,0.5,0.9,0.9,1.2,-2.1,-0.9,-2.3,-0.4,0.9,0.9,-4.1,-1.0,-1.8,-3.6,-0.9,-4.9,4.4,-6.8,-5.0,-4.9,-3.1,-4.3,-1.3,-0.2,-0.6,-1.1,-1.1,-0.3,-3.0,-1.4,-2.9,-0.5,3.1,-1.7,-1.5,-0.6,-2.8,0.8,-2.0,-0.3,0.2,-2.0,-0.3,-1.4,-0.1,0.7,-0.9,-0.3,0.2,-0.0,0.2,-0.7,-1.1,-1.7,-0.9,-2.5,-0.1,-3.1,-0.9,-1.6,-1.1,-1.2,0.2,-1.4,-0.3,-1.0,-1.4,-2.6,-2.0,-0.7,-0.4,-3.6,-1.2,-0.6,-1.2,-3.6,-3.1,-3.9,-3.2,-4.9,-1.0,-2.0,-2.6,-3.0,-2.7,-2.7,-1.7,-2.0,0.6,-1.6,0.5,0.1,-1.3,-0.3,-1.8,-0.2,-1.2,-2.4,-0.8,-1.9,-1.2,-1.9,-0.7,-2.3,-2.5,-0.0,-2.3,-1.4,-1.9,-1.6,-1.0,-1.8,-3.2,-2.5,-1.4,-1.9,1.6,-2.8,-1.4,-5.0,-2.1,-3.3,-1.7,-7.9,-2.8,-3.6,-3.8,-3.2,-3.3,-2.6,-1.1,-1.0,0.5,-2.4,-0.9,-2.4,-1.2,-1.9,-1.1,-0.2,0.7,-0.2,1.0,0.3,-1.2,-1.0,-3.5,-5.9,-2.0,-5.9,-5.1,-2.4,1.0,-4.7,-6.1,-3.5,-2.1,-4.0,-7.0,-3.4,-2.4,0.1,-4.7,-3.4,8.3,-2.7,-3.5,-1.7,-2.8,-4.3,-3.7,-1.4,-2.3,-4.0,1.2,-3.8,-1.3,-4.1,-3.3,-4.4,-4.3,-3.2,-3.1,-1.7,-4.2,-3.4,-6.5,-1.7,-2.9,-2.9,-2.8,-3.9,1.3,0.7
2C7L50uOxE,0,48.098034,11.633809,4442742.62,2777398.57,546.1,591.8,205,7416,2.7,0.83,0.38,32.66,349.02,-0.53,-0.103,0.842,0.2,0.1,0.49,0.21,1.4,0.2,-0.3,-0.5,-0.7,0.4,0.1,-0.9,2.6,2.6,2.2,1.5,-0.2,1.6,2.1,1.1,1.9,0.2,-0.7,-0.2,1.1,-2.3,-9.9,-0.9,-1.5,0.2,-0.2,-2.6,-0.3,-0.3,-3.8,2.9,-9.4,-15.9,-6.3,-1.9,-2.6,-3.3,-3.3,-3.0,-1.8,-2.7,-3.8,-2.8,2.5,8.2,-1.9,1.1,-0.2,2.0,0.1,0.6,0.5,3.8,5.8,0.7,1.9,-1.9,-3.3,0.3,-2.5,-2.6,0.2,-0.8,-0.3,1.1,-0.2,3.0,1.3,1.5,1.4,-0.2,-1.3,1.0,0.7,1.7,-0.0,-0.3,-0.5,-0.9,0.1,0.8,-1.0,0.2,-0.1,-1.2,2.7,1.6,-0.9,-0.8,-0.1,-6.2,-8.0,-1.1,4.0,-3.2,-3.2,-0.4,0.7,-0.8,-5.9,-2.1,-1.6,-1.1,-1.4,0.3,-2.3,-1.3,0.4,-0.1,-0.6,-1.0,1.2,-1.4,-1.4,-1.6,-0.5,-0.5,-0.5,-2.0,-3.2,-2.5,-0.6,-4.0,-0.1,-1.2,-1.7,-1.3,2.2,1.3,0.5,2.0,-2.0,3.4,-3.0,2.0,-4.1,-1.8,-3.6,2.2,-9.9,2.1,2.1,-0.6,-1.1,-1.0,-1.5,-0.5,-1.7,-0.7,-0.6,-0.9,-0.9,0.2,-1.9,0.9,0.1,1.3,-3.0,1.3,2.1,-5.0,-3.9,-3.6,-1.6,-1.8,-5.6,-9.8,-6.5,1.5,-3.4,-2.6,0.6,-0.2,-5.6,-0.3,-1.8,-0.8,1.0,0.2,0.7,-2.6,0.2,5.9,3.5,2.6,0.8,-5.1,0.2,1.8,-1.5,1.0,-1.6,1.5,-0.9,-2.0,-1.3,-5.1,-1.1,6.4,1.5,-2.8,2.7,3.7,2.0,-1.0,-0.4,4.6,5.6,3.5,3.0
2C7L50uOxP,0,48.098112,11.634413,4442787.38,2777408.17,544.7,590.4,205,7427,2.6,0.84,0.41,32.66,349.02,-0.53,-0.103,0.842,-0.0,0.1,-0.64,0.2,0.2,0.2,-0.3,2.3,-1.0,2.0,0.9,2.3,-6.2,-0.2,1.2,1.7,-4.4,1.0,-2.4,1.6,0.4,1.3,0.5,1.3,0.2,0.3,0.4,2.0,2.5,0.6,5.1,0.3,-0.4,0.7,-6.2,9.7,2.8,0.3,-1.2,0.5,-0.3,3.8,2.0,2.9,3.2,3.2,0.6,0.6,1.1,1.9,1.8,2.2,7.0,-1.3,0.4,-2.5,2.5,5.1,5.0,6.6,4.5,3.3,3.9,1.6,2.0,3.2,5.8,5.4,3.0,6.9,4.2,-11.6,4.4,1.3,3.9,0.5,1.9,-2.5,2.4,3.3,2.8,3.0,3.3,2.4,3.0,0.7,5.2,-3.0,4.7,3.3,4.3,3.3,3.0,5.1,3.3,2.3,5.5,1.7,3.3,2.3,1.9,4.4,2.8,4.2,2.6,1.2,2.4,2.4,3.7,3.5,4.4,2.8,3.4,4.5,5.5,0.8,3.5,3.8,5.5,1.9,2.0,3.4,-2.4,7.2,5.9,5.2,6.2,0.7,3.6,-3.3,2.5,2.9,0.6,-4.0,1.0,2.4,-3.6,2.9,1.1,0.2,1.5,2.9,3.6,3.1,2.3,4.0,3.1,3.5,0.3,0.7,3.0,-0.4,2.6,-6.4,3.9,3.3,3.4,6.0,2.6,3.3,1.1,3.3,4.1,3.0,0.7,2.9,3.0,4.2,1.5,0.9,2.7,1.3,6.1,6.3,1.0,-1.8,1.0,3.3,-0.2,-0.6,-3.4,-0.3,-3.5,0.4,1.1,8.5,1.3,2.2,1.7,3.4,2.1,4.2,4.1,-1.9,3.4,2.7,2.7,3.5,1.7,1.7,-0.6,-0.0,1.7,4.7,5.1,1.8,3.1,-0.6,-1.5,0.6,3.9,1.7,-2.5,-1.7,0.7
2C7L50uOxt,0,48.098318,11.636016,4442906.33,2777433.7,540.0,585.7,205,7457,4.6,0.62,0.52,32.68,348.95,-0.53,-0.103,0.842,0.1,0.2,-0.58,0.35,1.6,0.3,-0.3,-1.6,-3.9,-2.4,-5.6,-4.8,0.3,-0.7,-3.1,-3.1,-0.0,-5.3,1.0,-1.6,-1.5,0.2,-2.1,-5.0,-0.2,1.3,-5.2,-4.1,5.0,1.8,-3.5,1.2,2.5,-2.2,-1.1,2.1,-3.8,4.2,4.3,-5.3,-20.6,0.5,-12.7,-1.5,-8.8,-3.1,2.1,5.7,-3.7,8.1,-4.9,-0.8,4.5,-0.5,-0.5,0.4,1.3,-10.1,2.5,3.2,2.1,1.8,2.7,-0.9,4.6,2.7,3.6,9.0,8.1,-0.3,-14.9,-2.0,-0.6,-11.0,-8.5,-2.7,-8.1,2.3,2.0,2.2,-3.4,-6.8,-8.3,-1.9,-6.2,-5.8,-4.3,0.5,-6.2,-0.0,-3.3,-5.4,-0.6,3.6,-0.6,-3.3,5.1,-2.8,-2.0,2.3,0.9,-3.1,-9.8,-1.0,-15.9,8.7,-3.5,-8.5,-4.1,0.5,11.7,-0.8,2.6,0.6,-2.0,6.3,-1.0,-4.3,-3.3,1.1,0.4,2.2,0.7,1.6,0.8,2.1,5.0,1.7,1.9,0.1,-3.4,1.1,-1.0,-0.3,-5.3,-1.5,-1.6,7.2,0.6,-1.0,-9.1,-2.7,-5.0,-11.9,3.6,-1.0,7.2,0.0,1.2,1.0,4.2,3.0,1.6,0.5,-0.3,1.4,2.4,0.0,-0.6,5.0,4.3,-0.0,1.9,-4.5,5.2,0.1,-2.8,-4.9,2.1,-4.7,0.6,-6.9,-2.1,0.9,-3.5,-1.0,8.3,4.3,-1.2,0.3,-1.2,-0.1,0.8,-2.4,1.0,-3.2,1.7,3.9,1.1,6.5,6.7,-0.9,4.2,0.9,-16.6,-14.1,-7.0,-4.7,0.6,2.1,0.1,-6.1,-6.3,-3.0,-4.2,4.3,-1.8,5.8,-2.9,-1.7,-2.1,3.3,-0.3,-6.8,-1.9
2C7L50uOy6,0,48.098422,11.63683,4442966.74,2777446.65,544.5,590.2,205,7470,3.1,0.82,0.4,32.68,348.95,-0.53,-0.103,0.842,0.0,0.2,-0.49,0.24,0.9,0.2,-0.3,-0.6,-2.1,2.3,0.6,0.2,-2.2,-0.1,-1.0,0.6,0.3,0.4,-6.8,0.2,-1.0,-0.0,-1.5,-1.2,-1.3,1.6,5.4,1.9,-0.2,2.5,3.0,-0.1,0.5,1.0,3.6,-5.5,-2.0,4.9,-0.9,-0.6,1.3,4.1,-3.9,1.0,-0.7,3.0,-0.5,-1.0,4.8,1.2,2.1,1.8,1.0,1.4,-7.0,-4.4,-2.9,1.4,-0.6,-1.7,-0.4,-1.2,-0.6,-1.6,-1.3,-1.3,-0.9,-1.0,-0.1,-0.0,-1.0,-5.0,-1.6,-0.9,-4.0,-5.2,-4.1,-6.0,-1.6,-7.0,-2.8,-1.2,-0.5,-1.2,-1.1,0.2,0.2,-2.0,2.1,1.0,0.6,1.0,2.1,0.7,-0.1,-2.3,1.2,2.2,-0.3,-1.7,1.9,2.7,4.0,1.8,5.7,0.9,-0.9,-0.9,3.3,2.4,-0.2,2.6,2.6,2.1,2.6,0.8,1.8,1.5,0.2,-1.8,1.8,1.5,-0.0,1.8,-1.0,-1.8,0.8,-2.3,0.2,-3.2,1.7,2.7,-0.4,-3.1,2.6,1.2,1.0,7.7,6.4,2.9,0.4,-1.1,0.6,1.1,-3.4,9.1,3.4,16.5,-0.3,-2.9,0.4,-1.8,-0.7,0.4,-2.5,0.1,0.2,0.1,-0.8,1.0,0.8,0.8,-1.5,1.5,-0.4,-1.2,0.6,-0.8,0.7,0.8,-3.4,-3.1,-2.1,-0.2,-0.7,2.6,-0.0,0.4,-1.6,-4.0,2.0,17.3,0.9,0.2,13.2,12.8,-2.5,-3.5,-3.2,-3.0,-2.3,0.8,-2.3,7.3,-1.2,-1.3,1.9,-1.2,3.8,-0.5,-4.9,-2.0,-2.2,-0.4,-2.9,-4.0,-0.4,-3.9,-3.1,-2.7,-2.2,2.2,1.9,-2.0,-2.3
2C7L50uOyi,0,48.098688,11.638901,4443120.4,2777479.62,539.8,585.5,205,7508,2.5,0.87,0.4,32.69,348.95,-0.53,-0.103,0.842,-0.5,0.1,-0.38,0.19,0.3,0.2,-0.3,-2.0,-4.1,1.4,2.3,0.0,-0.3,0.6,4.1,-3.8,3.1,1.0,1.8,2.0,1.5,-0.3,-1.0,1.2,-1.3,-1.8,-3.3,-4.5,-1.7,-0.7,-2.0,1.0,0.4,-0.3,0.1,-2.5,-0.7,8.5,-5.6,-1.7,-3.6,-0.5,-1.1,0.2,-1.0,0.5,-2.3,0.3,-0.1,0.8,2.1,-0.7,-0.7,-1.8,-0.2,-1.7,-1.2,-1.3,-3.5,-0.5,0.0,1.8,2.5,1.5,-0.9,3.5,-1.9,-0.2,-2.3,-0.4,-1.0,1.2,4.7,-4.4,6.8,-3.0,-0.2,-1.0,-0.2,0.5,-4.6,0.4,-3.0,-0.4,-3.9,2.0,-3.7,-1.6,-0.8,-3.8,-0.2,-2.1,-0.9,-0.5,-1.0,0.8,-0.8,-1.3,0.1,-2.5,-2.7,0.6,5.6,1.0,0.8,-0.5,-4.0,-2.1,-1.4,1.3,2.2,1.7,-0.2,2.3,-0.2,-0.3,0.3,-2.8,-0.6,-0.2,0.2,0.3,-2.7,-0.6,-0.5,-3.7,0.7,-1.6,-3.6,-0.5,-3.4,-2.3,-0.8,0.9,0.4,-0.4,13.7,-1.6,-2.1,-3.0,-0.9,-0.3,-0.5,-0.5,-0.9,5.9,3.0,-3.2,-0.3,0.7,-3.2,-0.4,-1.9,1.2,-3.6,-3.8,-3.4,1.3,-3.3,0.2,-1.2,-1.5,4.1,-1.9,-1.8,-0.2,-1.6,-1.6,-2.8,-1.3,-2.8,-4.2,-3.4,-3.5,-4.5,-2.9,-3.3,0.4,-2.5,0.0,0.9,1.6,-1.3,-2.2,-0.1,-1.3,-2.4,-2.6,-2.4,-2.2,-3.0,-4.8,-3.0,-2.9,-2.3,-0.5,-2.7,-4.9,-0.4,-0.3,-4.7,-4.2,-3.1,-4.1,-4.3,-2.4,0.2,-7.7,-4.6,-2.7,-7.1,-3.5,9.0,-8.6,-1.6
2C7L50uOxN,0,48.098124,11.634361,4442783.47,2777409.4,548.0,593.7,205,7425,3.5,0.76,0.44,32.66,349.02,-0.53,-0.103,0.842,-0.6,0.2,0.1,0.27,0.8,0.2,-0.3,-0.6,-4.8,1.2,-1.2,-0.6,11.2,1.2,1.5,2.7,-6.2,-1.7,11.6,-0.5,-0.4,0.0,1.0,2.3,0.3,-0.2,0.0,1.3,0.3,-1.7,4.5,0.6,6.5,0.9,3.4,0.1,0.4,-2.8,-2.5,-2.5,-1.8,1.7,-4.8,2.1,-0.3,2.2,1.2,1.0,-1.4,3.6,-0.3,2.9,8.4,1.8,1.1,0.6,0.9,5.1,2.9,0.2,-1.6,-0.6,-0.8,-5.6,-0.9,1.0,2.0,1.2,0.4,-6.2,0.4,-9.5,-5.3,-3.5,-0.2,0.8,-3.1,-0.9,1.8,-2.3,-0.1,-0.6,-0.1,-0.2,0.7,2.6,-2.2,0.8,1.5,-0.7,0.8,-1.7,0.6,1.0,0.9,5.5,-3.2,1.6,1.1,-2.0,-0.3,1.1,2.8,1.4,0.1,1.5,2.1,3.9,5.2,3.6,4.3,2.1,0.9,-1.7,1.4,0.6,1.4,6.3,-0.8,2.6,0.8,0.4,5.2,-0.5,-0.8,-3.4,-0.7,-9.4,-3.9,-3.7,-2.6,-0.7,1.7,-4.4,0.7,2.6,-0.8,2.3,1.4,7.6,-0.1,-3.1,1.1,-0.3,-0.8,2.1,4.4,2.0,-7.2,-0.0,-0.7,0.9,-2.4,-3.6,-3.4,-2.6,1.3,0.6,-1.1,-8.3,2.1,-0.1,3.0,-2.8,0.2,-1.3,-0.8,0.7,-2.3,-1.1,-3.2,-8.3,-3.7,-4.6,-5.0,-0.9,-3.7,-1.6,-4.0,-7.8,-11.9,-9.7,7.8,-1.9,10.6,-8.3,-1.4,0.8,0.8,-3.5,-2.6,2.3,-0.3,-0.4,2.7,0.9,-0.4,0.5,10.2,-6.3,-4.1,-3.2,-3.0,0.5,3.6,1.6,-1.2,1.6,0.3,-2.6,-1.0,0.3,-13.7,1.5,-3.3
2C7L50uOxO,0,48.098129,11.634399,4442786.34,2777410.02,547.1,592.8,205,7426,2.5,0.85,0.4,32.66,349.02,-0.53,-0.103,0.842,-0.1,0.1,-0.51,0.2,0.6,0.2,-0.3,0.4,-3.5,-0.3,-1.7,0.8,-4.3,0.7,1.9,1.8,-5.8,0.7,0.3,0.7,0.3,1.8,0.9,3.7,3.5,0.8,1.7,1.6,1.7,1.4,5.0,0.7,3.7,1.8,-5.5,5.3,3.2,3.2,0.4,0.5,0.6,5.5,4.3,3.4,2.0,4.9,3.3,1.7,1.3,0.6,4.1,3.3,10.0,-0.1,2.1,2.6,1.7,4.7,3.0,3.2,-2.2,2.0,1.1,-3.6,4.1,1.2,5.9,2.0,4.8,6.4,2.2,13.7,-0.9,0.9,1.8,1.2,2.5,0.2,3.6,0.0,0.8,2.4,2.7,0.8,1.4,1.3,3.7,1.5,3.3,3.6,2.9,1.6,1.9,3.2,3.1,3.3,6.1,2.8,2.2,2.0,2.4,2.7,3.5,2.7,2.1,2.2,2.3,5.2,4.5,4.7,5.3,4.4,2.3,2.9,2.1,1.8,4.4,4.8,5.1,4.8,4.1,2.5,1.1,4.9,2.6,-0.3,-0.0,-5.2,-2.7,-6.3,0.4,0.5,3.2,-1.8,1.1,2.9,0.5,3.5,1.6,4.5,0.9,1.7,2.7,4.2,3.0,4.0,5.6,2.1,-3.0,1.9,3.9,1.8,1.1,-9.8,-0.2,2.8,2.0,4.9,3.7,6.4,7.2,6.6,3.9,2.7,2.6,1.9,1.6,2.2,0.2,1.9,1.2,-4.2,4.3,8.5,-0.3,0.1,3.6,1.1,0.0,0.1,-2.0,0.7,0.6,1.8,2.2,1.9,1.0,1.9,0.3,1.7,1.0,3.7,2.1,-0.0,4.2,2.5,0.4,1.3,2.9,0.5,-4.1,-2.0,0.3,2.5,4.4,2.5,2.5,-1.4,1.0,1.1,3.1,2.3,-0.8,2.0,-0.0
2C7L50uOxq,0,48.098321,11.635897,4442897.46,2777433.86,542.8,588.4,205,7454,4.2,0.64,0.51,32.68,348.95,-0.53,-0.103,0.842,-0.1,0.2,-0.61,0.32,1.5,0.3,-0.3,1.7,2.6,3.1,2.9,4.2,9.0,4.9,1.1,-3.3,-10.5,-9.1,10.6,-3.5,-6.3,-11.1,-8.9,8.6,-6.1,-7.2,3.0,-5.2,-12.6,-5.0,-5.3,-5.3,-3.6,2.0,8.4,-5.6,2.5,-7.2,-12.1,-6.3,-7.8,-2.3,-6.0,-3.8,0.6,-2.3,-0.7,-5.2,-6.1,-5.1,3.6,-4.6,-0.1,-1.1,0.2,-4.6,0.2,8.8,-7.8,2.2,-6.2,-3.6,1.6,-8.0,2.5,0.1,-1.2,-3.4,0.0,-5.1,-1.6,-6.3,-14.0,-1.4,-4.4,-0.7,-0.4,-6.2,-2.9,-3.5,-1.5,-2.7,-3.9,-2.9,-2.9,-3.9,-2.6,-3.0,-4.5,-3.8,-3.2,-2.6,-3.7,-6.2,-3.1,-5.1,-2.1,-3.1,-4.6,-5.4,-3.5,-1.9,-1.2,-0.6,-2.4,0.7,-1.7,0.3,-1.4,0.5,0.6,3.7,-4.5,-0.4,1.3,-2.6,2.7,1.6,-2.5,-2.2,-1.3,-2.3,-1.7,-3.0,-7.3,5.6,0.6,-5.6,12.8,6.1,0.2,-1.3,1.6,0.2,-1.7,-0.1,-7.1,-0.2,0.4,-2.8,-3.8,-6.8,-2.4,-5.7,-1.0,-0.2,0.2,9.6,-4.1,-2.7,-4.4,1.0,-6.5,-5.0,-3.0,-0.4,-0.4,7.9,2.2,-2.0,-1.0,-2.2,6.8,-2.3,-3.2,-1.3,-3.1,0.3,-3.8,1.9,-0.4,-3.0,-15.3,-1.1,-4.5,-3.2,-2.2,-2.9,0.1,-10.8,4.0,3.4,-1.8,1.7,0.4,-9.3,-0.5,-1.0,1.5,-0.9,2.1,0.5,-1.3,3.7,-4.2,-3.1,-3.4,-5.6,3.5,-5.9,-7.6,-8.8,-5.1,-4.0,-3.2,-7.7,-4.0,-13.8,-8.8,-6.1,-6.3,3.7,0.9,-3.9,-0.8
2C7L50uOxX,0,48.098189,11.634726,4442810.57,2777417.3,539.6,585.3,205,7435,2.7,0.83,0.4,32.67,348.95,-0.53,-0.103,0.842,-0.6,0.1,-0.53,0.2,1.4,0.2,-0.3,-1.5,-3.6,-3.4,-0.3,-0.3,-1.2,-0.9,-1.0,1.9,5.0,0.4,-0.9,-1.4,0.8,0.3,-0.6,-0.6,-5.2,-2.7,0.1,-1.0,-4.8,-2.7,-1.4,1.4,0.4,-3.8,4.4,-2.1,-3.8,-17.6,-4.4,-3.7,-2.3,-2.6,-1.7,1.1,-0.6,-0.1,-2.6,0.2,-0.2,-1.9,-2.8,-2.6,-2.3,0.5,-3.1,-1.2,-1.0,0.9,-1.6,-3.1,-0.9,-0.1,0.9,-3.7,-1.2,-2.3,-1.6,-2.3,-0.7,0.9,-0.5,-0.1,1.3,-0.8,-0.2,-1.1,-0.8,-0.6,-1.9,-1.1,-1.7,-0.9,1.5,0.5,-0.5,-1.5,-0.5,1.9,-8.3,-1.9,-6.5,-3.6,-9.4,-4.9,-6.1,-4.1,-3.0,-9.7,-4.3,-4.1,-6.4,-1.5,-0.9,-3.1,-1.9,0.3,-3.9,-3.0,-4.4,0.2,-1.2,0.3,-0.9,-1.4,-2.1,-1.0,-1.0,0.9,-6.6,-0.6,-2.3,-1.8,-2.8,-2.3,-5.8,-3.2,-0.2,-2.2,-1.4,0.9,-1.0,0.6,-1.2,-0.3,-5.5,0.2,-7.9,-2.5,-3.7,5.3,-2.5,-4.4,-2.5,-0.3,-1.1,-5.1,1.1,-0.9,-2.6,-2.5,-1.2,2.1,-0.6,-1.3,-2.4,-3.7,2.1,-1.7,-0.6,1.8,0.6,2.5,1.9,-1.0,-2.6,-1.6,1.1,-2.3,-5.6,-5.7,-3.8,-4.2,0.5,-0.3,-8.0,-5.4,-9.3,-10.5,1.1,-3.5,-2.6,-0.6,-2.9,-4.6,0.6,-3.7,-0.4,-6.2,-2.5,-2.7,-1.7,-5.0,-2.8,-2.0,-4.3,-4.9,-8.6,-9.8,-6.2,-3.1,-8.1,-8.2,-2.2,-10.6,-6.6,-5.6,-10.8,-7.9,-8.0,-6.6,-1.5,0.3,-1.0,-4.0,-0.4
2C7L50uOxv,0,48.098367,11.636107,4442913.02,2777439.28,540.0,585.7,205,7459,4.2,0.64,0.47,32.68,348.95,-0.53,-0.103,0.842,0.1,0.2,0.54,0.32,1.3,0.3,-0.3,-0.5,-3.1,-1.0,-3.6,-4.2,-3.5,-0.1,0.9,0.6,0.3,0.5,-3.6,-0.8,-1.3,2.8,1.4,2.4,2.4,-0.7,0.5,-0.8,-2.5,3.7,-2.2,-0.3,-0.5,2.6,0.4,-3.8,-8.6,3.0,-2.2,-5.9,-3.5,3.4,-4.4,-0.0,1.6,-1.1,-1.8,0.4,2.4,-0.9,-2.2,4.2,-2.0,1.1,-4.4,-3.0,-0.8,-1.3,-1.9,-1.0,1.7,0.4,-2.7,-0.1,-5.8,-5.4,-1.7,-2.8,-3.1,-5.3,-3.4,7.3,-0.2,-3.5,-5.5,-4.1,-5.9,2.5,-2.2,-6.6,-2.3,-1.2,0.8,-1.5,-2.5,-1.4,-2.8,0.9,-3.7,-4.6,13.0,-4.7,-6.5,-1.9,-0.3,-2.3,-3.7,-1.2,-2.8,-2.7,-5.1,-1.3,0.8,-5.1,0.8,-2.6,-4.3,3.2,0.6,-7.9,-6.2,-4.9,-2.6,-5.6,-8.5,-4.3,-0.0,-5.4,-8.4,-9.3,-6.2,-7.5,-0.8,6.7,-3.1,-9.8,-10.5,-1.2,3.7,-2.1,-5.2,-7.0,12.8,0.5,-3.2,1.0,-1.3,-2.7,-7.6,-13.0,-0.9,-7.1,-3.4,-3.0,-8.3,-0.3,3.8,-11.3,3.0,9.6,-3.5,6.7,-0.8,-2.3,1.6,3.4,1.5,10.9,1.4,1.0,-1.6,0.7,3.3,0.9,-2.0,-2.2,-1.4,-7.0,-4.2,-4.9,-1.2,-10.7,3.3,-5.7,-10.1,-7.9,-4.9,-5.4,-5.3,-5.3,0.2,0.4,7.3,-13.9,3.3,6.7,-2.2,-0.1,2.2,0.0,-0.2,-0.4,-2.5,3.7,7.3,-1.4,7.6,-3.3,-2.8,-5.9,-6.7,-6.7,-6.0,-0.4,-5.7,-8.0,7.0,1.8,-6.2,-5.7,0.3,7.8,1.1,1.2,-0.4
2C7L50uOyA,0,48.098482,11.637005,4442979.58,2777453.56,540.9,586.6,205,7474,4.6,0.64,0.46,32.68,348.95,-0.53,-0.103,0.842,-0.5,0.2,-0.71,0.35,0.2,0.3,-0.3,1.3,-0.2,1.0,-1.2,-4.0,-2.1,2.2,0.9,-1.1,-10.7,-2.8,-2.6,-2.0,1.0,-0.4,3.1,0.2,6.4,-2.5,-1.5,-1.0,1.0,-1.2,-5.0,15.7,5.2,4.2,1.7,-8.0,4.8,0.9,9.7,-7.2,-1.1,10.6,2.8,-8.6,-0.8,2.4,0.9,0.5,-3.6,0.5,2.8,1.0,4.2,-9.4,-0.8,5.3,2.2,2.5,1.6,0.9,0.2,1.0,1.6,-9.3,2.0,-0.8,-4.5,-1.3,-0.5,2.0,-0.1,-3.0,-3.1,-3.4,1.6,0.8,-0.9,4.6,-1.7,-7.4,1.9,2.1,-1.1,-1.7,0.7,0.1,4.1,-2.7,-2.2,-1.7,-0.4,-2.4,-0.2,-1.2,7.5,14.8,-6.4,3.3,-5.7,-4.7,0.1,-6.6,-3.6,3.0,-3.1,-1.8,-3.4,0.4,-0.3,-2.1,1.9,-0.2,-0.7,-0.4,-1.6,-4.0,2.1,0.5,-2.2,-0.3,-1.2,-0.5,9.1,-4.5,0.1,14.0,-1.1,1.1,3.2,-7.4,0.9,3.7,1.8,-0.5,2.0,-10.2,-5.1,0.5,0.6,2.2,0.5,-2.7,0.6,-0.1,2.2,4.2,12.8,5.4,2.8,1.5,2.8,-0.9,1.7,4.1,5.1,1.1,1.8,-1.4,-2.8,2.0,1.4,0.9,-1.1,3.7,4.5,-0.6,1.2,-9.9,-0.8,4.3,-0.1,-5.6,-0.6,9.2,-10.2,-6.5,-7.9,-7.2,-5.3,-3.0,-0.1,-3.1,-0.7,-3.5,-4.4,10.1,-4.2,-2.4,-3.5,-5.3,-4.8,-1.7,-1.9,-3.8,1.6,7.5,-11.0,5.1,-3.2,-5.4,-10.7,-5.2,-6.3,-5.0,-1.5,-5.1,0.2,-12.3,-5.7,14.2,-6.3,4.7,-5.1,-1.1,-6.2
2C7L50uOx6,0,48.098005,11.633148,4442693.43,2777394.25,536.9,582.6,205,7408,3.4,0.76,0.4,32.66,349.02,-0.53,-0.103,0.842,-0.4,0.2,0.34,0.26,1.7,0.2,-0.3,-2.2,0.2,-4.0,-1.1,-2.1,-4.2,-5.5,-0.9,-4.5,2.6,3.8,-0.2,-0.0,1.2,1.2,0.5,-0.1,-2.1,-2.7,-3.8,5.9,-5.8,-0.4,-1.1,-3.9,-0.4,1.8,-1.7,-1.1,-5.8,-20.9,-7.4,-6.9,-8.6,-6.2,-5.4,-3.3,-5.7,-3.8,-1.6,-1.3,-0.0,-4.8,-5.5,-6.5,2.6,-1.1,-3.5,-2.5,-1.2,-1.9,0.8,-3.7,-0.7,-0.3,-12.2,-6.4,-10.2,6.1,2.6,0.5,3.0,2.2,-1.2,-1.5,-1.5,-1.0,-3.1,1.3,0.4,-2.4,0.0,0.2,-2.8,-6.1,-3.3,-3.7,-2.5,-0.7,-3.3,-6.4,-3.5,-4.6,-4.3,-4.5,-2.3,-4.1,-6.0,-6.9,-5.6,-6.0,-1.9,-0.4,-2.3,-7.9,-3.2,-0.2,-6.4,-4.5,-5.7,-5.5,-4.7,-3.3,-4.5,-3.1,-3.0,-3.7,-4.8,-7.6,-4.6,-6.0,-8.5,-9.8,-7.4,-17.2,-5.4,-3.5,-4.4,-3.0,-1.7,-1.7,-1.8,-2.5,-1.8,0.6,-2.0,-12.1,-2.6,-1.4,-2.9,-1.1,-2.0,-14.0,-7.3,-6.8,-3.7,-5.1,-7.8,-5.3,1.6,-2.1,-3.6,-2.4,-0.8,-1.3,-1.7,8.9,-2.1,-0.2,-3.7,-5.6,-2.9,-3.6,-8.0,-4.2,-3.2,-6.4,-2.0,-6.5,-4.6,-7.8,-9.4,-6.6,-8.1,-9.5,-3.6,-1.3,-9.6,-4.3,-2.9,-3.0,-4.0,-3.5,-0.9,0.2,0.5,-2.7,0.4,3.6,-1.8,-2.5,-1.3,-5.3,-9.7,1.3,-5.6,-3.4,-6.0,-7.6,-9.4,-0.1,-8.5,-8.8,-7.1,-5.9,-4.5,-4.8,-5.3,-3.7,-4.9,-2.7,-5.2,-2.7,-1.5,-4.2,-3.4,-3.4,-5.1
2C7L50uOx9,0,48.098038,11.633406,4442712.57,2777398.34,542.4,588.1,205,7411,2.8,0.82,0.4,32.66,349.02,-0.53,-0.103,0.842,-0.4,0.1,0.05,0.21,0.7,0.2,-0.3,-1.4,-3.0,-0.0,-2.6,4.9,0.4,-0.2,0.5,2.8,6.5,2.9,-6.3,3.7,0.7,-0.4,3.3,0.7,1.6,-0.0,1.8,1.6,2.0,-0.6,2.8,1.8,3.9,3.1,1.4,-0.5,-0.5,6.9,-2.1,-3.8,-2.8,1.6,0.1,1.5,2.1,1.3,3.0,3.4,2.2,4.2,1.7,2.3,1.2,4.1,0.3,2.8,-1.0,2.1,1.7,0.6,1.0,0.7,1.1,-0.4,1.2,0.8,2.1,-0.6,1.8,0.9,0.4,5.9,0.1,0.7,-3.9,1.4,0.2,0.7,-0.1,1.8,-0.3,0.9,0.6,-1.5,0.7,2.1,0.7,1.8,6.3,0.1,3.1,-0.9,1.5,4.9,5.7,-0.5,-4.2,0.5,-4.5,-0.7,2.3,1.9,0.2,-4.0,5.8,4.4,1.7,1.4,0.7,7.0,6.5,1.0,2.0,1.6,4.9,-0.3,1.1,1.3,1.5,1.6,-2.0,-0.5,-1.6,2.7,-7.1,-2.0,-1.9,8.6,3.2,-3.1,-1.0,-1.5,5.3,-0.6,-1.8,2.9,-2.7,3.6,1.2,1.0,0.6,4.0,3.8,2.6,-0.4,4.8,5.0,-9.1,-5.9,-1.4,-1.4,-0.6,-2.2,-7.1,-0.2,-1.2,2.4,-0.4,0.7,-0.4,-1.4,-1.8,1.4,-0.2,-0.2,1.3,1.6,1.0,-4.5,-1.7,-2.9,-2.1,0.1,0.6,-1.8,0.2,-1.5,0.6,-0.9,5.0,-6.4,1.2,-1.2,-5.0,-2.6,-6.2,0.9,0.2,1.4,-0.8,1.8,3.2,-0.9,0.7,3.5,2.5,3.4,0.1,-8.7,7.2,3.1,2.1,2.1,-1.2,-2.0,4.3,0.8,-2.0,-3.2,1.7,3.3,1.0,-4.1,-4.4,-2.6
2C7L50uOxB,0,48.098064,11.633603,4442727.2,2777401.47,545.2,590.9,205,7413,4.1,0.68,0.47,32.66,349.02,-0.53,-0.103,0.842,-0.9,0.2,-0.05,0.31,0.9,0.3,-0.3,-2.7,-2.7,-1.6,-2.5,-1.3,16.0,-1.3,-0.9,-4.7,2.9,-2.5,-3.6,7.6,4.0,0.8,3.2,3.8,1.9,0.2,-1.3,-5.9,-2.2,-2.5,1.4,-1.5,-0.4,0.8,-3.2,-2.3,-2.5,-8.7,-6.0,-0.2,-2.6,-3.3,0.2,0.6,2.7,-0.4,1.6,-1.1,2.0,-0.4,-2.4,10.5,7.8,-4.4,-4.2,1.0,-6.5,-8.3,-0.4,-2.5,-1.1,-1.0,-2.8,-1.8,-3.7,-2.3,-2.7,-1.5,-0.5,-4.7,-1.2,6.3,-3.0,-0.6,-3.7,-0.4,0.4,-0.7,-3.0,1.0,1.8,-2.4,-1.4,-1.4,-1.9,-1.2,-0.4,-4.2,-2.4,-3.9,-7.9,-2.1,0.2,2.1,-4.0,3.5,-4.1,-0.8,-7.9,-5.1,-1.8,-3.4,-3.5,-3.6,0.0,-5.5,-4.8,-3.5,-3.2,1.9,-3.1,-3.4,-3.1,-1.8,-3.7,-4.8,-0.6,-1.4,-0.4,-1.5,-1.2,0.4,-1.8,0.8,-4.2,-7.4,-1.6,-9.9,-11.6,-1.3,-1.1,1.6,-2.1,10.4,-2.5,0.2,-12.4,0.3,1.3,-3.7,-6.4,-2.6,-0.7,2.1,-1.7,3.1,4.0,-8.7,-5.9,-8.8,-3.6,-4.4,-3.4,-6.8,-5.7,4.6,-0.8,-0.8,-1.3,-1.4,-4.5,-1.5,0.0,3.3,3.4,-0.9,0.7,-1.4,-2.1,-4.8,-7.4,-0.7,0.1,-7.1,-7.2,-1.2,-3.9,-12.0,-0.7,-9.0,-9.7,-13.4,-0.1,-4.9,0.0,-0.3,-10.6,-0.4,-13.9,-13.0,12.0,2.3,5.7,-13.0,2.1,-3.1,-4.9,-5.8,-12.0,-8.5,-11.1,-4.2,-6.6,-3.4,-1.2,-5.6,-4.6,-6.7,-12.3,-6.8,-2.9,-3.5,0.1,-3.6,-4.3
2C7L50uOyS,0,48.098615,11.637893,4443045.48,2777469.77,536.7,582.4,205,7492,3.8,0.71,0.46,32.69,348.95,-0.53,-0.103,0.842,0.1,0.2,-0.47,0.29,0.6,0.2,-0.3,2.6,-4.7,-5.0,-7.3,-2.1,0.2,-2.2,-3.1,-3.2,1.6,-5.0,2.9,-4.0,-4.4,0.1,-1.3,5.3,5.0,3.0,-0.1,-1.5,-2.2,13.1,4.2,-0.4,1.7,2.8,2.2,3.4,0.7,13.4,-6.3,-5.2,-1.4,1.9,1.6,11.2,1.1,8.2,6.0,7.4,-0.0,4.2,5.6,1.9,2.0,-0.5,3.5,1.2,-8.9,-1.8,3.2,5.4,2.9,5.3,5.2,2.8,2.6,1.5,-0.1,2.1,4.3,0.2,-0.2,0.1,2.1,-0.3,5.3,-0.5,0.0,-0.8,2.2,-2.8,-1.2,1.1,3.1,1.8,2.6,0.5,1.8,-0.7,0.3,1.4,-0.8,-1.2,-1.7,0.5,3.8,3.3,2.5,1.3,-1.5,-3.6,-2.4,-0.5,2.9,7.9,5.2,-0.5,1.2,2.7,-2.8,0.8,2.9,9.1,1.8,0.7,-3.6,0.3,2.2,8.2,1.7,2.2,0.8,2.8,-3.3,0.4,-1.7,-1.0,0.3,-3.2,-0.2,0.4,2.5,-0.2,5.8,5.4,1.7,6.2,-4.3,5.9,6.3,3.0,-2.6,-0.1,4.0,-2.5,4.1,6.4,6.2,3.4,2.1,-9.9,-4.1,7.6,-6.3,5.3,-8.9,2.4,1.2,6.4,1.8,1.4,1.5,0.1,2.6,-0.1,2.6,-4.4,-0.9,-0.2,0.2,3.3,0.4,0.4,1.1,5.7,1.0,3.3,5.1,1.2,-0.0,-0.4,3.2,4.9,2.2,4.4,5.9,14.7,9.9,4.7,-5.1,5.3,2.4,-0.7,2.0,-1.0,2.7,9.1,3.3,-0.5,3.3,2.0,-3.3,-2.2,-0.3,1.4,4.6,-0.4,1.3,-3.0,-5.8,-2.2,-4.2,0.8,-0.6,-0.4,-0.9
2C7L50uOyT,0,48.098623,11.637955,4443050.05,2777470.75,537.0,582.7,205,7493,1.8,0.91,0.29,32.69,348.95,-0.53,-0.103,0.842,-0.5,0.1,-0.08,0.14,1.3,0.1,-0.3,1.2,-1.4,0.2,-11.3,0.4,-0.2,0.1,-1.8,0.7,1.1,-1.8,1.0,-1.8,-0.4,-1.1,-1.1,4.0,2.0,2.0,-0.8,1.3,1.9,3.9,1.1,2.1,6.4,3.4,1.8,3.0,2.8,8.6,9.6,-2.3,1.1,1.0,1.8,1.3,3.5,5.1,3.6,7.0,1.0,4.0,5.0,2.1,1.7,0.0,1.7,0.0,1.3,0.1,0.5,1.1,1.1,1.3,1.4,0.0,-0.5,1.0,0.2,1.7,0.8,0.5,0.7,0.6,0.2,1.2,0.1,-1.0,-0.6,-0.6,0.6,-2.1,-1.3,-1.2,0.9,-0.2,1.0,-0.5,2.5,-0.1,1.7,1.4,0.4,1.2,0.5,0.8,3.1,1.9,1.6,-1.1,-0.3,-1.6,-0.4,-0.9,3.6,3.0,5.2,-0.5,-0.8,0.2,1.5,1.7,1.1,2.2,1.3,1.2,0.1,-0.7,0.7,-0.1,-0.1,-0.2,-0.7,0.6,1.1,1.5,-1.0,-0.6,0.1,-1.6,-0.2,0.5,-0.7,-1.2,1.0,0.5,-0.0,1.2,-2.2,2.7,2.8,2.3,0.8,-1.1,2.3,4.2,-1.1,3.9,3.4,1.9,-0.9,-2.4,-1.4,1.1,-1.2,-0.4,-1.4,-0.9,-1.0,3.0,-0.2,-1.0,-1.4,-2.1,-1.6,-1.3,0.3,0.7,0.5,1.5,2.1,-1.2,0.4,-1.6,1.2,1.8,-2.2,-0.8,3.6,1.5,0.1,1.3,-0.4,0.6,-2.7,-3.2,-1.9,-1.3,-2.1,-1.5,-3.7,-0.4,-0.6,-1.9,-3.1,-0.7,1.0,0.5,0.6,0.8,2.5,-1.1,-2.7,-1.8,-0.6,0.2,1.3,-0.2,0.9,-1.4,-1.7,-0.7,-0.9,0.9,-2.1,-1.4,-3.2
2C7L50uOyd,0,48.098698,11.638544,4443093.73,2777480.12,537.0,582.7,205,7503,4.0,0.61,0.47,32.69,348.95,-0.53,-0.103,0.842,-0.5,0.2,-0.42,0.31,3.8,0.3,-0.3,-4.9,-6.4,-1.9,-3.8,-4.7,1.1,-3.4,-3.8,-2.9,-0.9,-2.4,4.8,20.0,5.3,3.7,7.7,7.6,13.2,6.4,24.5,5.2,6.9,6.8,10.6,10.8,11.7,5.6,7.8,7.6,6.6,16.7,8.5,3.6,6.9,4.0,5.9,6.4,5.5,10.1,6.4,5.8,9.0,8.4,6.1,6.1,6.5,4.1,2.0,1.4,0.6,1.1,1.6,1.2,2.7,1.1,2.3,4.7,0.6,2.1,2.9,3.2,1.4,2.5,4.1,4.0,6.7,1.7,4.9,0.3,-0.6,3.7,-1.9,5.9,5.7,5.9,6.8,6.3,5.5,4.7,5.8,4.4,4.0,6.3,8.3,5.3,5.9,7.3,11.6,9.2,8.7,6.9,9.3,7.7,6.2,3.3,7.7,8.7,9.1,9.0,4.2,4.9,1.5,5.8,6.7,8.3,6.4,5.0,1.9,-0.1,-1.7,4.8,0.4,-5.3,-2.3,-6.1,4.1,5.1,1.9,6.0,5.4,8.1,4.0,4.5,-3.6,-3.2,4.9,5.5,4.1,3.1,8.1,11.7,3.0,4.9,5.8,13.1,3.4,5.0,6.2,13.9,9.4,1.5,-0.9,18.3,-0.1,1.9,3.3,-5.1,-6.2,-6.9,-4.4,13.7,-6.5,-0.7,3.8,4.8,5.9,4.7,6.0,5.8,7.4,4.5,6.1,4.6,11.2,6.5,7.0,9.3,-0.5,3.0,5.5,6.3,-1.3,0.2,1.2,2.6,-1.6,1.3,3.0,0.1,1.1,2.1,5.0,0.1,-3.5,3.4,3.7,3.8,4.9,2.6,5.7,6.2,7.7,4.1,3.1,3.7,3.7,4.6,3.7,1.5,22.0,-3.0,-0.8,-2.3,-3.6,2.0,-1.9,-4.8,0.2
2C7L50uOye,0,48.098708,11.63862,4443099.4,2777481.33,538.0,583.7,205,7504,2.8,0.8,0.32,32.69,348.95,-0.53,-0.103,0.842,-0.1,0.1,-0.7,0.22,1.0,0.2,-0.3,-0.5,-1.8,-0.4,-0.5,-1.0,-0.4,0.7,0.6,0.4,0.8,1.8,-1.1,-0.9,1.3,3.0,3.9,6.5,-0.6,4.1,-3.5,5.1,2.4,5.3,2.0,1.0,3.7,7.5,6.8,4.9,1.2,-10.0,-5.8,-0.2,5.6,3.7,0.5,4.4,5.0,0.2,6.7,5.6,7.7,4.5,3.7,5.3,4.2,-0.1,0.0,-0.8,2.1,1.7,3.1,2.3,3.0,3.4,3.9,4.3,2.7,2.9,3.7,4.0,2.8,3.9,3.3,1.8,2.5,2.8,5.4,2.7,3.4,3.3,1.3,5.5,6.4,7.0,6.9,8.4,6.8,5.5,3.5,3.7,2.1,7.5,1.8,2.8,5.8,3.7,-0.6,0.4,2.0,3.5,-1.5,1.2,1.7,3.2,8.6,8.1,3.9,2.1,4.5,5.5,1.2,5.9,5.9,5.1,1.2,5.1,0.2,2.5,1.6,5.0,1.8,1.5,-0.5,2.2,0.5,3.0,1.9,0.8,1.1,3.2,1.9,1.8,0.3,1.2,6.0,4.3,3.5,3.7,1.8,-5.9,1.9,6.7,4.8,-6.1,0.5,6.4,2.3,3.1,7.7,3.3,-0.2,-1.4,-0.3,2.9,0.3,-1.4,-0.3,-1.2,-1.4,1.0,-1.5,0.9,4.9,2.3,5.5,6.8,7.0,5.5,7.4,4.8,4.6,7.4,4.7,1.6,6.7,3.7,-2.1,6.0,5.3,7.9,-0.2,3.0,1.3,4.3,1.9,1.9,4.1,2.2,-0.6,0.7,-1.2,-1.2,0.3,2.4,1.9,4.2,8.6,-2.0,4.7,4.3,6.3,1.9,-1.3,-0.8,3.1,4.8,6.2,-0.6,-4.3,-0.6,-2.5,-0.2,-1.1,2.0,-0.3,-2.6,2.9
2C7L50uOyf,0,48.098742,11.638884,4443118.98,2777485.51,547.7,593.4,205,7505,3.7,0.69,0.48,32.69,348.95,-0.53,-0.103,0.842,0.6,0.2,0.4,0.29,1.2,0.2,-0.3,-5.2,4.4,1.6,-0.6,-0.5,-5.7,1.9,0.6,-3.4,1.5,1.3,-5.6,-1.0,3.3,2.9,4.1,2.9,1.7,-0.7,-0.4,-0.3,2.3,-0.0,-2.4,0.0,-0.9,0.5,-9.0,0.6,-1.2,1.2,-3.1,-5.0,-0.7,-0.7,-2.6,-3.0,-1.8,3.3,1.9,2.2,-1.7,-0.7,-0.8,2.2,-0.2,-4.8,-0.9,-1.6,0.4,-3.3,-2.4,-3.6,-2.0,1.8,-0.1,-1.7,-3.1,-0.2,-0.8,-0.6,0.5,1.6,-2.4,-4.9,5.5,-1.0,3.6,2.0,0.9,-9.0,1.1,-5.3,0.8,-4.0,-1.6,10.2,0.5,4.2,-8.7,3.6,1.6,1.9,3.1,2.2,0.3,-5.0,-2.1,-5.2,-4.5,-1.5,-3.2,0.3,-2.3,-2.6,2.5,-5.4,-1.4,-8.7,-2.2,-1.8,-4.3,-2.5,-3.4,-4.4,-4.2,-1.8,-1.1,-3.8,-1.0,-0.6,-1.1,-0.8,1.0,0.4,-12.5,0.1,-11.0,-8.0,-3.9,-3.3,-4.9,-7.2,0.3,0.4,0.4,-7.7,2.9,3.2,-2.3,5.0,-3.1,-6.2,-3.8,-2.8,1.3,0.6,0.4,1.8,4.6,0.9,-3.5,-0.1,1.6,1.6,1.9,-3.8,2.0,1.9,5.3,2.5,3.1,6.2,8.2,7.4,-1.3,1.8,3.9,2.3,0.8,-0.5,0.6,1.6,-0.8,1.0,-3.3,9.4,-3.1,-1.6,0.1,1.0,-2.1,-2.3,-7.3,-3.4,10.7,-8.3,-11.1,1.7,3.2,3.8,3.7,8.7,2.9,-0.9,8.8,-8.6,3.8,12.0,-2.2,5.7,-0.9,4.9,1.6,5.7,3.5,0.5,0.8,-2.2,-0.8,-5.7,-2.5,-0.7,2.1,-0.3,-6.0,-0.8,5.5
2C7L50uOxJ,0,48.098133,11.634,4442756.58,2777409.86,541.7,587.4,205,7421,2.7,0.83,0.42,32.67,348.95,-0.53,-0.103,0.842,-0.6,0.1,0.13,0.21,0.4,0.2,-0.3,-0.8,-3.1,-2.2,-0.0,-2.8,-1.7,-4.2,5.2,5.1,7.3,1.9,12.8,-0.8,1.6,0.4,3.3,4.6,-9.6,0.4,-0.2,-2.4,3.5,2.6,-2.8,5.5,-0.4,3.2,0.7,0.3,-4.2,3.8,-1.5,-1.6,-3.4,1.5,-1.4,0.9,-1.0,-1.5,0.5,1.5,-2.2,-0.1,3.0,-0.6,-2.1,-2.2,-0.5,-0.5,-1.5,3.4,2.8,2.6,4.7,0.7,-2.7,-3.7,-2.8,-1.4,-1.1,-0.3,2.8,3.8,2.3,-4.5,-3.1,0.3,0.7,2.7,0.3,-3.6,-2.4,1.4,1.8,1.5,1.9,1.7,0.2,1.2,-1.1,-1.5,2.6,-0.1,3.2,4.4,1.7,0.7,-1.7,-2.5,-0.4,-1.5,1.1,3.1,4.6,2.1,0.1,0.1,4.7,0.5,-4.5,0.3,-5.4,1.4,4.0,5.8,2.7,0.1,4.0,0.8,1.5,0.0,-1.8,-3.0,0.2,0.5,-5.4,-1.5,0.4,-2.1,-0.7,1.3,-0.8,-2.9,-0.6,-3.9,-0.3,0.2,0.0,0.3,-1.2,0.1,-0.4,-8.6,-3.8,-2.9,-1.0,-0.2,-4.2,3.5,0.7,-0.9,-5.0,-2.5,-3.8,-2.6,-2.3,0.3,-3.5,-0.4,-2.5,0.8,-1.2,-0.4,0.7,-2.1,-2.2,-2.6,3.7,1.1,-0.0,-0.3,-3.6,-0.5,-2.2,-3.0,0.7,-1.9,-5.8,-1.7,1.4,0.5,-1.0,-5.5,-5.7,-1.3,-1.6,0.9,0.6,-0.9,-3.6,-5.4,-3.4,-2.1,-1.1,-0.6,-3.0,0.5,-2.5,-2.8,-0.5,2.7,-2.2,-5.4,-6.4,-6.1,-1.1,1.6,0.4,-0.3,-2.9,-3.5,-3.2,-1.4,-4.4,3.2,-1.4,3.5,1.6
2C7L50uOxZ,0,48.098242,11.63485,4442819.65,2777423.39,540.9,586.6,205,7437,3.1,0.79,0.43,32.67,348.95,-0.53,-0.103,0.842,-0.7,0.2,-0.32,0.24,0.4,0.2,-0.3,0.3,-7.6,-3.4,1.8,-0.3,-2.8,-0.2,1.7,3.2,-4.4,3.6,0.6,4.4,4.2,4.9,3.8,-0.6,4.9,2.6,4.4,7.3,3.0,3.6,5.1,3.4,2.9,2.6,-3.4,3.9,-1.0,-0.8,-2.5,1.2,-0.4,2.6,0.1,1.0,-1.1,1.1,2.5,0.7,-1.6,6.7,2.5,6.8,-0.5,2.1,2.4,1.8,-1.1,1.8,1.2,4.0,2.0,2.1,1.1,-0.4,1.2,2.4,2.1,1.8,1.9,-0.7,0.7,-2.7,5.0,0.4,-2.9,-0.2,2.2,-1.7,-2.7,1.8,3.6,2.0,1.2,2.9,3.4,4.0,1.7,1.9,0.7,2.2,0.4,1.0,3.2,0.9,-0.5,-0.3,3.6,-1.6,1.3,2.1,3.0,0.8,1.5,-3.6,2.6,1.8,-0.2,0.1,1.4,3.0,4.1,4.6,0.7,4.6,4.8,1.7,0.6,4.1,3.5,1.9,3.1,2.1,3.3,-0.8,-0.6,-2.8,5.7,0.9,6.0,3.9,-1.2,-0.1,0.5,-8.4,-0.3,-1.0,-3.5,1.2,3.6,6.2,1.1,1.4,0.4,0.1,-0.3,3.0,8.0,-4.0,-5.1,0.5,2.2,1.1,-0.3,2.5,-3.4,5.2,1.7,-2.5,-0.2,3.7,0.0,2.8,3.9,0.4,-0.5,-1.3,-0.3,1.1,-2.3,-1.1,0.1,-3.7,-4.0,-2.4,-4.6,-0.7,1.3,-7.9,-1.0,3.5,-7.4,2.8,-2.4,-4.8,-0.6,-12.6,-11.7,0.2,2.8,-1.6,-1.1,0.1,0.9,-2.3,-1.6,1.9,4.2,0.6,0.6,2.9,-4.5,-2.8,-2.9,-1.8,-1.4,1.8,-1.7,-7.6,-2.6,-4.7,-4.5,9.6,-6.8,0.4,8.3
2C7L50uOxm,0,48.098345,11.635652,4442879.12,2777436.14,542.0,587.7,205,7450,2.0,0.88,0.39,32.68,348.95,-0.53,-0.103,0.842,-0.7,0.1,-0.93,0.16,0.2,0.1,-0.3,1.0,0.6,0.4,0.4,0.9,1.2,1.1,2.3,1.5,-2.0,1.5,2.7,1.2,0.7,-0.4,0.0,0.9,0.1,-1.5,-0.6,0.4,0.6,1.3,-0.6,-2.5,-1.7,2.3,2.8,0.2,-3.5,4.9,-2.1,-1.6,-1.6,1.8,1.3,1.2,-1.0,-1.3,0.8,-0.7,0.4,-1.8,1.1,0.7,-0.0,3.5,4.4,1.6,3.2,0.9,1.8,1.1,-0.2,3.4,1.0,0.8,2.3,5.1,3.3,1.9,1.6,-0.1,2.8,0.8,1.6,2.1,2.7,1.8,2.9,-0.3,1.7,-0.7,0.8,-0.4,1.5,-0.1,2.4,2.1,3.3,-0.8,0.4,2.0,3.8,3.5,0.5,-0.1,0.8,3.9,2.0,2.2,1.8,-1.5,1.4,-0.1,1.3,1.3,4.9,2.9,2.4,4.5,7.3,3.2,3.3,2.8,0.1,3.2,2.2,-1.8,0.5,-0.4,-0.1,0.8,0.2,2.1,0.2,2.6,0.0,0.8,3.4,1.6,1.8,1.4,1.0,2.1,1.6,-1.2,1.6,1.7,-1.3,-1.2,-1.2,4.1,8.7,-1.2,4.0,-0.3,-2.2,4.1,5.9,1.4,0.2,-1.2,1.6,3.2,1.9,1.4,1.2,1.7,0.2,0.1,2.0,-0.0,1.1,0.1,-0.6,1.2,0.8,-1.9,-0.8,-0.5,-1.5,-2.7,-0.7,-4.2,4.3,-0.3,-5.6,-3.8,-3.5,0.6,-2.4,-3.1,-2.2,-0.6,-2.6,-0.9,-0.5,-2.7,1.0,-3.7,-1.4,-3.9,-4.6,-3.2,-5.4,-0.8,-4.6,5.1,1.7,-0.7,4.9,-5.5,-6.6,-3.5,-3.3,-1.2,2.8,-1.1,-0.2,-3.2,-2.8,-2.3,-4.6,-3.2,-4.4,-2.7,-3.8
2C7L50ug0K,0,48.098148,11.633972,4442754.44,2777411.46,543.3,589.0,206,7420,2.1,0.89,0.32,32.67,348.95,-0.53,-0.103,0.842,-0.5,0.1,0.04,0.16,1.0,0.1,-0.3,1.1,1.3,1.3,-2.0,-0.6,-0.9,2.4,0.0,2.5,-9.5,2.4,-5.3,2.7,0.4,2.1,3.8,2.8,3.6,3.0,1.1,1.4,3.8,2.4,4.3,3.1,2.7,1.1,-1.3,0.7,-1.4,1.8,-2.3,-1.6,0.9,1.9,-0.5,1.7,1.4,4.4,2.9,2.2,-1.5,1.2,2.8,1.9,0.5,-1.2,0.3,0.8,0.5,0.0,0.1,0.6,0.2,-0.8,0.1,-4.2,1.2,-0.8,-0.6,1.0,-0.3,4.2,-2.9,-2.3,-0.8,-0.2,-3.9,0.1,-0.0,-4.1,-1.5,-2.6,-1.3,1.5,1.9,2.6,2.4,3.0,1.7,-0.9,0.6,-2.3,-1.4,-1.9,2.8,1.7,-0.0,1.1,0.7,0.5,-1.4,-0.9,2.5,2.3,4.0,-0.1,5.5,2.5,-0.0,0.2,1.3,3.7,3.5,2.8,2.9,1.2,1.6,1.2,0.8,1.1,-2.7,-0.9,-0.2,1.1,-3.8,-1.2,-2.3,-1.8,-0.1,-0.4,-1.7,0.3,-1.2,-1.6,1.0,-1.8,1.4,0.6,-0.7,1.7,2.3,-3.2,-0.4,3.2,2.2,1.1,-1.1,2.4,3.0,-5.1,-3.1,-2.2,-1.2,-0.8,-1.5,-3.5,-3.2,-0.9,0.7,-2.3,-3.8,-0.8,-1.7,-2.1,-2.8,-0.6,-1.6,-0.7,-1.1,-2.0,-1.4,0.9,-1.8,-3.0,-0.3,-0.3,-1.7,-1.4,2.2,1.4,0.9,0.3,-6.2,-3.5,-2.7,-0.9,-3.4,7.5,-3.5,-1.0,-0.8,-0.7,-1.8,-2.7,-2.1,-0.6,0.4,1.2,0.2,2.5,2.1,-0.1,-1.6,-3.2,-2.7,0.9,-1.8,2.1,1.5,-5.2,-6.5,-2.1,-3.1,-1.0,-4.1,-1.9,-0.3
2C7L50ug0h,0,48.098308,11.635215,4442846.65,2777431.25,541.3,587.0,206,7443,2.5,0.86,0.37,32.68,348.95,-0.53,-0.103,0.842,-0.4,0.1,0.08,0.19,0.4,0.2,-0.3,-1.3,-0.7,0.9,1.1,0.8,-6.5,0.3,-1.1,2.8,1.3,2.5,-1.3,0.5,-0.1,0.3,-0.9,-1.2,-1.9,-2.7,0.0,-0.6,-0.9,0.2,-2.1,0.5,0.5,0.1,0.2,-1.4,-8.8,7.1,-4.7,-2.4,-12.8,0.5,0.5,6.4,-0.8,-0.3,1.3,0.8,-0.3,-0.7,1.5,1.2,-0.5,1.1,0.2,1.5,-3.4,1.5,-1.8,-1.3,-4.9,-2.9,-3.1,-0.0,-3.0,-0.1,-1.6,-0.8,-2.1,-1.7,-1.4,-5.8,-1.3,-2.2,-1.3,-0.3,-2.0,-1.1,-2.2,-0.5,-1.7,-3.5,1.4,-1.8,-1.6,-0.4,2.1,1.6,-0.5,-0.0,0.4,1.6,-1.3,-1.0,-2.5,-2.7,-6.3,-2.8,-4.5,-4.5,-2.6,-2.3,-4.1,0.7,-2.0,-2.3,0.2,-3.0,2.0,-0.6,-2.4,-1.2,-1.0,-3.2,-2.6,-3.6,-3.8,-2.0,-2.4,-2.2,-0.4,0.1,0.3,-1.6,-2.0,-0.2,1.5,0.5,0.5,1.3,-0.9,-1.3,-1.1,-1.2,-1.0,-0.3,-4.3,-1.0,-8.4,-0.5,-2.4,-7.3,-1.5,-1.7,-1.5,1.1,4.5,0.0,-8.2,-5.2,-4.5,0.4,0.2,2.5,-2.6,1.0,1.4,-5.7,-4.2,-1.4,-1.6,1.5,-0.7,-3.0,-2.1,-4.8,-2.9,-7.9,-1.9,-0.1,-0.1,-9.3,4.9,-1.8,-7.3,-3.7,1.6,-0.5,-4.8,-4.8,-1.2,-4.0,-4.3,-3.4,0.5,-4.3,-6.4,2.3,-1.9,-0.4,3.1,-0.6,0.6,-3.1,-0.8,-0.4,-4.9,-4.7,-4.0,-1.2,-3.8,-3.8,-5.1,-3.7,-2.8,-4.8,-0.9,-3.4,-1.2,-1.2,-4.0,-0.6,-2.0,-5.0,-1.7
2C7L50ug1W,0,48.098671,11.638044,4443056.59,2777476.29,536.6,582.3,206,7494,1.9,0.9,0.29,32.69,348.95,-0.53,-0.103,0.842,-0.2,0.1,-0.31,0.14,1.1,0.1,-0.3,0.6,-2.0,0.3,1.0,-1.3,-0.4,-0.1,-0.5,-0.8,-1.9,-0.0,-1.5,0.2,1.1,-1.4,-1.4,-1.1,0.5,-2.5,-4.6,-2.3,-2.1,0.9,-2.9,-3.3,-0.6,-3.3,-0.4,-0.4,-5.7,7.1,-4.9,-6.4,-2.0,-2.8,-4.1,-4.2,-4.1,-1.8,-2.5,-0.6,0.7,-1.6,-2.5,-3.5,-1.6,-0.9,-2.0,-0.9,0.2,-1.7,0.7,-1.4,-4.2,-1.4,-1.8,-2.1,-2.3,-1.5,-1.4,-2.3,-2.6,-0.9,-3.4,-3.9,-2.4,-2.8,-2.8,-4.5,-2.9,-1.9,-1.4,-3.9,-1.4,-6.1,-3.4,-2.3,-2.4,-5.4,-1.0,-2.9,-1.3,-2.4,0.2,-2.2,-4.1,-1.9,-3.1,-3.0,-0.7,-2.1,-2.9,-4.0,-4.2,-4.3,-1.9,-3.8,-3.3,-5.2,-5.8,-2.3,0.4,-1.5,2.9,-1.3,-1.3,-0.9,-3.4,1.8,2.3,-1.3,-2.2,0.1,1.1,-0.5,-3.0,2.1,-1.2,0.3,-0.4,1.8,1.4,0.0,0.1,-0.8,-3.4,-0.7,-1.3,-1.3,-4.7,-1.4,-2.4,-0.4,-1.5,-3.8,-4.0,-4.6,-6.2,0.8,1.4,-1.3,-1.0,-1.1,0.9,-0.9,-1.4,3.7,0.7,1.4,1.2,0.2,-1.4,0.9,-0.2,1.3,0.8,-0.0,0.2,-1.6,-0.3,-3.9,-1.6,-2.7,-2.7,-4.5,-2.0,-4.0,-5.9,-2.6,-2.3,-2.0,-2.3,-0.2,-4.5,-1.3,-0.8,-3.1,-1.2,-5.3,-2.5,-1.2,-1.0,-2.5,-1.0,-2.6,-0.8,-2.5,-3.4,-1.9,-4.9,-3.0,-1.3,-6.0,-8.9,-4.1,-5.6,-3.9,-7.1,-4.1,-2.7,-1.4,-2.7,-1.8,-2.7,2.2,-0.0,-0.8,-5.1
2C7L50ug1i,0,48.09877,11.638818,4443114.01,2777488.6,542.0,587.6,206,7506,2.0,0.9,0.31,32.69,348.95,-0.53,-0.103,0.842,-0.2,0.1,-0.73,0.15,0.7,0.1,-0.3,-1.0,-0.3,0.7,-0.4,-1.0,0.0,1.2,-1.5,0.8,9.1,-0.2,0.4,0.2,1.1,0.1,2.0,5.3,1.9,1.2,-1.2,-3.0,0.8,1.3,2.1,1.8,1.4,-1.3,1.3,-2.2,-0.9,3.6,-3.6,-4.1,-0.4,-7.5,0.5,-0.5,0.2,-0.4,0.3,-1.4,-0.4,-0.0,1.9,-2.4,-0.0,0.1,-3.2,1.5,-0.1,0.2,0.6,2.5,-0.1,-1.0,3.1,-3.1,1.0,-0.3,-1.9,-1.7,1.0,-1.9,1.0,-4.8,2.5,-0.2,3.7,0.1,-0.9,0.9,1.0,1.5,1.4,1.5,4.2,2.7,1.0,1.0,4.6,1.3,0.4,-0.1,0.3,-1.6,2.7,2.0,4.0,0.9,-0.2,0.3,-2.1,-2.6,-0.8,0.3,0.7,0.5,3.3,3.5,1.2,-0.6,2.9,3.5,2.5,2.8,2.9,0.9,0.4,1.8,2.7,1.0,1.1,1.3,1.0,0.9,-1.1,-1.9,0.8,0.9,1.7,2.7,1.9,2.6,2.6,2.7,2.6,-0.5,2.4,0.8,-1.6,1.5,-0.2,2.0,2.7,0.7,0.6,1.7,-2.1,2.3,3.6,-2.8,-2.5,-3.1,-0.1,-1.7,-1.6,4.1,-0.9,0.3,2.3,4.0,-0.3,2.9,1.4,1.1,-0.2,-2.0,0.5,-0.9,1.6,0.8,0.1,0.2,0.1,-0.9,-0.1,1.8,-1.5,-1.9,-0.5,0.6,1.4,-0.1,-2.0,-0.3,-2.4,-0.4,0.6,10.2,0.0,1.2,-0.9,1.1,-1.0,-0.0,0.7,-1.1,0.1,0.6,-2.3,1.8,-1.6,-1.1,-5.2,-3.1,-2.6,-2.6,-1.2,-4.5,-2.2,-3.6,-3.7,-1.5,-1.9,-0.8,-2.6,-2.5,-0.1
2C7L50ug0f,0,48.098322,11.635181,4442844.14,2777432.77,546.7,592.4,206,7441,2.9,0.78,0.41,32.68,348.95,-0.53,-0.103,0.842,-0.6,0.1,-0.9,0.22,1.6,0.2,-0.3,1.0,-3.1,-0.9,-0.2,2.3,-0.2,1.1,1.3,-0.6,2.4,-0.8,0.7,0.8,2.4,2.0,-1.2,-0.1,1.2,1.4,2.3,-0.1,2.8,5.3,5.2,2.5,3.4,-0.3,2.4,1.3,-4.5,7.8,2.3,0.4,0.1,3.5,5.3,5.5,5.8,7.2,6.1,3.8,5.3,6.4,4.9,5.4,4.6,3.4,0.6,0.6,4.1,-0.4,5.7,3.8,3.9,6.4,1.8,1.3,3.4,-3.6,2.8,3.4,3.1,-5.1,3.5,1.2,-12.9,4.5,4.0,5.4,1.9,-4.8,1.4,-4.7,-2.1,-0.9,1.8,-1.2,-2.0,-0.2,2.8,6.1,3.1,4.9,4.6,6.8,3.8,3.0,5.0,5.1,3.8,4.6,6.6,3.0,4.3,8.8,5.4,6.0,7.8,2.4,1.4,5.0,6.3,4.2,7.8,5.2,6.3,4.6,5.1,4.5,1.7,3.9,3.6,5.8,1.9,6.1,0.6,-0.1,1.6,2.9,4.7,-2.2,1.0,-2.3,0.3,0.2,4.2,-3.1,4.6,7.6,-1.9,6.6,5.9,-0.5,4.0,-0.5,1.2,4.8,3.8,5.0,7.0,5.9,0.0,0.5,1.5,-3.9,-4.4,3.7,0.5,3.9,8.9,-3.5,-0.9,4.4,4.3,2.0,3.2,1.1,0.1,0.7,2.9,1.8,1.6,1.8,2.6,2.6,4.4,4.8,-1.6,2.4,2.5,5.0,3.3,-1.8,-4.3,-1.0,-6.9,1.0,-1.3,-7.6,3.4,2.9,1.8,1.3,-0.9,3.8,3.0,0.8,-0.2,1.6,1.1,1.5,3.9,0.9,-3.6,-2.8,0.2,0.7,-0.2,2.6,0.1,-2.7,-2.2,-3.5,-7.6,1.5,-2.9,0.3,-0.1
2C7L50ug0g,0,48.098321,11.635175,4442843.65,2777432.67,543.6,589.3,206,7442,2.6,0.84,0.43,32.68,348.95,-0.53,-0.103,0.842,-2.6,0.1,-0.44,0.21,0.6,0.2,-0.3,2.5,2.8,6.5,1.7,-0.1,-3.6,2.4,1.3,4.1,-3.2,1.7,-3.6,3.6,-3.8,4.7,3.4,1.8,0.3,1.2,-0.4,3.1,1.5,-1.5,0.7,0.5,1.1,1.4,-4.3,1.0,-2.7,1.3,-3.3,-0.2,-3.9,0.7,-1.9,1.3,0.4,0.9,1.3,0.2,-4.4,-0.5,-2.3,-0.9,-0.5,-4.0,0.1,2.3,0.6,-0.1,0.0,1.2,-0.7,-0.7,0.1,0.2,0.7,2.8,0.9,1.6,0.2,0.7,1.9,-1.4,-2.7,0.0,-0.2,-0.0,-2.0,-0.8,0.8,0.1,-0.6,1.2,-1.5,-1.9,-0.8,2.7,0.5,-0.9,-2.3,-0.3,-2.2,-0.4,-1.7,0.1,-1.5,-1.1,0.8,-1.2,-0.7,-2.7,-3.1,1.7,-0.6,2.0,1.2,-0.2,-4.6,0.3,1.4,0.1,2.5,2.0,2.5,-0.2,0.1,0.8,2.1,-0.2,2.3,0.8,-0.1,0.7,-4.8,-2.7,1.4,1.5,1.0,-14.1,0.5,-0.0,5.3,3.2,5.4,-6.7,1.7,-0.9,-3.6,-6.6,-4.8,-9.1,-6.1,-8.8,-6.2,-5.2,-5.7,-4.0,-2.4,-7.6,-9.7,-9.5,-6.4,-6.4,-7.8,-8.7,-6.8,-5.5,-6.2,-8.2,-6.5,-5.2,-5.9,-5.8,-5.8,-7.5,-7.1,-7.1,-6.6,-7.6,-7.6,-8.6,-7.6,-9.7,-5.5,-6.3,-11.4,-8.1,-6.4,-5.3,-7.8,-9.9,-9.4,-6.8,-18.8,-7.5,-7.1,-20.8,-6.4,-6.4,-8.4,-8.1,-7.9,-7.5,-6.9,-8.7,-8.0,-7.8,-7.0,-8.1,-7.5,-8.7,-12.6,-12.7,-8.2,-9.2,-8.0,-9.6,-8.8,-12.5,-9.1,-10.0,-8.9,-7.4,-11.5,-9.2,-9.3
2C7L50ug1a,0,48.098733,11.638381,4443081.51,2777483.7,542.1,587.8,206,7498,4.4,0.67,0.51,32.69,348.95,-0.53,-0.103,0.842,-1.2,0.2,-0.53,0.33,0.7,0.3,-0.3,-3.9,-3.8,-5.3,11.6,-0.6,-0.0,-9.6,-5.5,-7.7,-8.4,2.1,3.1,-6.6,-5.4,14.8,-9.9,-0.7,-9.3,10.3,15.3,13.4,0.3,3.2,17.2,-3.4,9.8,12.8,6.1,-7.9,-9.2,12.4,-4.1,-3.2,-2.9,6.9,1.0,-1.2,-2.1,-0.2,-2.8,0.6,-5.4,1.5,2.0,3.0,-0.4,-4.5,-0.0,-1.7,0.4,0.3,-1.4,0.2,-0.9,-0.2,0.2,0.4,-2.7,-0.8,-1.0,-1.5,2.7,5.8,-1.5,1.5,-0.9,-1.9,0.3,-1.1,-0.7,-0.3,0.2,-2.3,0.6,-0.1,0.8,-0.4,0.8,1.2,-1.6,-3.0,-2.6,-3.7,-0.9,-0.1,-1.9,-2.3,-2.0,-2.4,1.1,-2.1,-1.4,-1.5,-0.9,-0.4,5.3,-4.3,2.2,-1.4,5.2,1.3,-0.9,-0.0,8.4,-1.1,-2.3,-1.1,-4.1,-4.7,-4.8,-3.6,-2.4,-1.3,-1.7,-2.3,-4.0,-3.5,-4.8,-3.4,-4.0,-3.7,-1.8,-4.2,-4.6,-2.9,0.6,-3.0,-5.0,-3.1,-9.2,-0.6,-1.6,-2.3,-0.3,-4.2,-1.7,0.5,0.2,3.5,2.5,-1.7,2.3,-0.7,0.3,-0.1,2.5,7.1,-1.4,-0.8,-0.4,0.2,1.1,0.5,1.2,0.7,1.1,-1.0,1.1,-1.2,1.8,-0.1,-0.4,-1.6,-5.1,-4.0,-2.7,-1.8,-6.1,-4.4,-3.7,-2.3,-3.1,-3.1,-10.0,-8.5,-4.6,-6.4,-6.5,0.7,-6.0,-5.6,-4.4,-5.2,-5.8,-5.4,-4.8,-6.2,-5.8,-7.1,-7.0,-4.5,-5.3,-6.0,-10.0,-3.0,-8.4,-3.0,-6.6,-4.9,-8.5,-7.5,8.1,-0.4,-13.0,-3.7,1.5,-14.7,-7.6
2C7L50ug02,0,48.098051,11.632925,4442676.71,2777398.93,543.7,589.4,206,7402,1.8,0.88,0.31,32.66,349.02,-0.53,-0.103,0.842,-0.7,0.1,-0.26,0.14,2.2,0.1,-0.3,1.7,-0.0,0.2,-1.6,0.3,-0.1,0.7,0.7,-0.5,-3.2,-0.9,3.1,-0.9,-2.6,-2.2,-1.4,-3.6,-2.1,-4.4,-3.5,-4.4,-3.6,-4.0,-2.4,-3.6,-3.2,-3.6,2.3,-3.5,-5.4,-18.0,-8.1,-6.7,-6.5,-4.2,-4.9,-3.4,-3.2,-2.8,-2.6,-4.1,-0.5,-3.0,-2.3,-3.3,-3.3,3.2,-1.0,-2.4,-1.0,-0.8,-0.3,0.6,-0.4,-1.3,-2.2,2.4,-0.4,2.3,3.0,1.0,-3.3,1.2,0.7,0.9,1.9,0.3,-0.9,-0.5,-1.9,1.0,-2.8,-0.5,-2.7,-2.6,-2.3,-1.9,-2.9,-1.5,-3.4,-4.0,-2.7,-4.6,-3.6,-2.6,-3.1,-1.9,-3.2,-5.0,-4.1,-4.7,-5.5,-4.4,-3.0,-3.8,-4.0,-5.1,-2.1,-3.2,-4.8,-4.0,-3.2,-0.8,-2.0,-2.0,-2.7,-3.6,-4.1,-3.5,-3.6,-2.5,-3.9,-2.7,-2.4,-2.9,-0.8,-0.4,-0.4,0.4,0.4,-1.6,-0.7,-1.3,-3.4,-2.6,-3.9,-1.6,-2.9,-3.3,-5.7,-2.0,-3.3,-0.7,-5.3,-4.4,-3.1,-3.5,-7.7,-2.3,-2.0,3.2,-3.9,-4.5,-3.8,-2.3,-1.8,-5.5,-0.0,0.1,-1.7,-2.5,-1.6,-2.8,-4.0,-4.7,-4.0,-3.3,-4.5,-4.1,-3.7,-4.7,-7.3,-5.9,-7.3,-7.8,-5.7,-4.6,-9.0,-6.1,-4.6,-3.6,-6.3,-3.4,-0.7,-0.8,0.1,-1.1,-0.6,-3.6,0.1,-1.8,-2.8,-4.8,-5.6,-4.8,-3.9,-4.6,-5.6,-5.4,-6.2,-6.6,-6.0,-5.6,-9.0,-7.9,-6.4,-4.3,-4.1,-6.4,-4.4,-3.4,-4.2,-4.4,-3.3,-6.2,-2.7,-3.5,-5.6
2C7L50ug0F,0,48.098146,11.633667,4442731.73,2777410.73,543.1,588.8,206,7415,3.7,0.75,0.43,32.67,348.95,-0.53,-0.103,0.842,-0.9,0.2,-0.05,0.29,0.7,0.2,-0.3,2.0,-0.3,1.7,-1.2,2.2,3.9,1.9,2.5,0.8,-1.0,-1.4,3.7,-0.1,1.0,0.6,-0.1,-0.2,0.6,-0.1,-3.5,-1.6,0.3,4.2,3.1,-2.8,-1.3,2.0,-0.5,8.0,-2.1,-16.0,-6.1,-5.5,-5.5,-2.8,-4.2,0.3,-0.0,-0.1,0.3,2.6,-10.1,-3.5,-2.6,-3.6,-0.6,7.7,-2.6,-2.6,-3.1,-1.9,-1.1,-2.5,-1.2,-2.8,-3.5,-4.3,-2.7,0.1,-1.3,-3.1,-1.7,-2.1,-4.2,10.3,-1.5,-2.2,-3.4,-2.8,-2.4,-0.8,-3.9,-4.1,-2.7,-1.6,-2.7,-1.5,-2.0,-2.5,-1.1,-5.1,-1.5,-2.5,-0.5,1.0,-2.8,0.9,2.2,-3.3,-2.8,-4.5,-5.0,-1.8,-4.3,-3.7,-2.3,-3.1,-2.9,-4.7,-3.7,-3.6,-1.5,-0.6,-0.6,2.3,0.5,-0.3,0.4,-0.4,1.7,-2.4,-0.8,0.3,-1.7,-0.5,-2.6,-3.5,-4.3,-2.3,-1.9,-8.0,-2.4,-2.6,-2.4,-1.8,-4.1,-4.5,-2.6,0.6,-0.2,0.2,-5.8,-0.7,-3.0,-2.2,-3.3,-1.0,-8.8,-1.8,-5.1,-5.5,-4.5,-1.5,-4.7,0.2,-1.7,-0.1,-1.7,-1.4,-3.6,-1.7,-0.8,-5.5,-5.3,-5.8,-3.5,6.0,6.3,0.5,0.3,-3.0,-1.5,-4.1,-4.4,-6.0,-5.6,-11.3,-3.0,-3.1,-1.0,1.2,-2.6,-17.6,-2.7,-4.0,-18.9,-6.8,-2.3,-18.4,-3.1,-5.7,-4.1,-4.9,-4.0,-4.0,3.3,3.5,-2.5,-10.4,1.0,5.7,2.4,0.7,-18.3,-2.0,0.2,-4.2,-1.4,-4.8,-3.4,-10.6,0.3,-7.4,-4.2,-8.9,-8.9,-12.8,-8.7
2C7L50ug0J,0,48.098169,11.633847,4442745.07,2777413.6,540.5,586.2,206,7419,3.0,0.8,0.45,32.67,348.95,-0.53,-0.103,0.842,-0.5,0.1,0.52,0.23,0.2,0.2,-0.3,0.2,-0.1,1.5,-2.4,2.8,-9.6,1.7,3.9,1.1,-13.1,2.3,-10.3,3.5,3.4,0.9,2.7,0.3,0.1,3.2,0.3,-1.3,-0.2,-2.0,1.9,-1.6,-0.0,-0.4,-3.9,-1.2,-3.0,0.9,-2.2,-3.9,-2.6,-1.0,1.5,0.4,0.2,3.6,1.9,3.7,1.8,0.5,1.7,1.2,1.6,-7.4,-3.8,-4.4,-0.8,-3.5,-2.3,-4.2,-3.1,-5.0,-0.8,-3.0,-2.0,-4.9,-0.6,0.6,-0.6,1.6,-6.4,2.9,-4.3,-2.3,2.7,-2.1,-5.7,-7.8,-4.6,-4.3,-3.8,-5.2,-1.5,-3.2,-1.2,-2.8,-1.0,-5.5,-5.1,-7.4,-6.2,-6.8,-1.1,-1.2,-1.3,-1.4,-3.1,-1.3,-6.7,-1.2,-0.7,0.5,0.1,-4.1,-0.2,-1.6,-3.7,-3.5,-2.6,-1.0,-1.0,-1.0,-1.3,-4.5,-0.8,-3.7,-2.6,-1.3,-2.9,-4.5,-3.8,-1.1,-6.2,-0.0,-4.4,-2.6,-1.0,-3.4,-2.4,-2.7,-2.1,-0.3,0.1,-4.8,-0.6,-2.8,-2.5,-2.7,-1.3,-8.3,-2.8,0.2,-0.8,-2.6,-3.3,-0.9,-3.6,2.3,-4.8,-5.6,-6.1,-4.0,1.2,-8.1,-6.3,-1.1,3.4,-4.3,-2.7,3.8,-3.7,-7.0,-3.7,-3.6,-5.1,-4.5,-6.0,-3.7,-4.1,-1.2,-4.2,-5.3,-4.0,-1.8,-3.7,-4.1,-1.9,-2.6,-2.7,-9.0,-9.1,-6.6,-8.7,9.0,-6.3,4.5,-0.6,-1.7,-3.2,2.5,-0.3,-2.4,-1.9,-0.2,-1.1,0.3,-3.7,-3.4,-1.5,-2.8,-4.1,-1.1,-1.2,-0.9,-2.8,-3.0,-4.6,-5.7,-2.0,-3.1,-6.0,-2.7,-8.6,-1.9,-3.4
2C7L50ug0v,0,48.098446,11.636006,4442905.26,2777447.96,540.6,586.3,206,7457,3.3,0.78,0.46,32.68,348.95,-0.53,-0.103,0.842,-0.6,0.2,-0.32,0.25,0.6,0.2,-0.3,0.4,-2.3,-2.8,-3.3,3.0,1.5,0.3,-1.9,-1.6,0.0,-2.5,2.5,-2.9,1.0,1.6,1.3,2.8,3.1,1.6,0.5,2.2,2.2,1.7,0.3,1.2,2.1,1.8,-0.9,1.3,-0.6,2.6,-0.8,2.7,2.9,2.5,-4.0,3.1,13.5,1.0,2.2,1.5,-3.9,2.5,1.4,0.2,1.6,-2.0,-0.3,0.6,2.8,-5.5,-4.2,1.7,-1.5,-0.8,1.3,1.0,0.7,0.3,4.0,0.5,-1.6,9.8,6.9,-1.4,-2.4,4.5,-12.0,-2.3,-1.8,0.3,-0.6,3.0,-3.2,-3.4,0.3,1.0,-2.0,-1.1,1.4,-0.3,-0.6,-1.0,-2.9,-0.8,-0.1,2.3,-0.5,4.6,2.7,-0.7,-1.8,0.3,0.0,1.0,-1.3,0.7,6.2,7.4,0.2,-4.7,2.0,-2.5,7.6,-0.1,1.6,-0.1,-0.1,3.7,-1.0,2.1,-0.3,2.7,2.1,2.0,1.1,0.7,0.7,0.4,6.2,1.2,0.8,-1.1,-2.4,1.2,2.7,-1.7,-3.3,-0.9,-2.6,4.7,1.6,-1.5,-2.9,-0.2,3.8,-9.7,1.9,0.6,6.7,0.9,-2.0,-8.4,4.3,4.3,-4.2,-13.2,-5.7,-1.9,-0.3,-0.2,-2.2,1.3,2.1,-0.7,2.8,-5.9,2.0,1.4,-2.1,-0.2,3.3,-0.8,-0.2,-3.9,-0.5,0.5,-5.5,0.2,-0.4,-0.0,-3.2,0.1,-2.4,-1.0,-2.9,-6.1,-4.4,1.5,2.1,2.2,0.2,-1.5,4.4,-4.3,2.5,-2.2,3.1,5.6,-7.0,-2.3,9.6,-0.6,0.1,-5.9,-4.4,-5.6,-0.9,-0.7,-0.6,-3.2,2.2,-4.2,-8.0,-1.0,-4.4,-7.9,-3.9
2C7L50ug1Y,0,48.098744,11.638326,4443077.42,2777484.88,547.7,593.4,206,7496,4.5,0.54,0.43,32.69,348.95,-0.53,-0.103,0.842,-0.5,0.2,-0.6,0.34,3.3,0.3,-0.3,1.1,-5.0,5.8,1.0,3.4,1.8,-2.0,-0.2,2.8,-3.3,3.4,1.0,4.6,6.3,7.0,0.5,12.3,7.7,7.8,4.3,8.0,6.5,4.1,4.6,11.5,10.4,8.6,3.4,1.7,3.8,13.7,8.1,3.5,3.2,6.0,5.5,7.6,7.5,9.5,7.1,5.5,-2.4,5.2,9.8,5.3,5.0,6.5,0.1,0.9,2.1,-0.8,1.9,-0.2,3.6,4.8,1.7,10.2,0.7,1.6,2.4,-5.0,0.9,3.4,0.6,-9.6,4.7,-1.2,3.0,0.9,3.6,3.7,4.8,-8.8,4.2,5.8,3.4,7.5,8.1,10.2,6.4,10.0,10.5,7.1,6.8,7.0,11.0,8.7,4.7,11.3,6.8,1.3,19.4,1.6,4.3,10.3,11.4,-2.7,15.3,12.7,10.5,5.5,9.2,10.1,9.5,10.1,7.6,8.9,7.6,6.1,6.5,4.7,5.2,2.6,4.1,2.5,0.2,4.0,-10.5,2.6,2.9,10.7,5.4,-3.4,2.0,2.5,6.6,14.8,1.9,1.2,5.6,7.6,3.7,11.0,2.1,4.8,5.2,7.9,4.6,7.6,-2.2,7.4,-3.3,-3.5,3.9,0.6,-1.0,5.6,2.3,-0.7,12.7,5.3,-1.7,-0.0,2.1,-2.6,2.3,5.6,-2.1,-1.0,7.4,8.9,10.4,4.0,3.3,2.5,-4.7,2.9,5.2,5.6,7.6,1.5,4.7,9.8,-9.2,7.9,-4.9,-4.3,-1.9,11.0,-2.1,-2.6,1.2,4.6,0.6,3.6,2.9,6.2,6.3,6.7,5.1,4.8,14.5,5.6,4.2,14.5,15.0,18.6,-8.5,-7.2,-3.3,-1.3,-3.4,-0.4,0.7,3.0,-0.2,-3.4,-2.7
2C7L50ug1Z,0,48.098732,11.638233,4443070.51,2777483.42,540.4,586.1,206,7497,3.0,0.8,0.45,32.69,348.95,-0.53,-0.103,0.842,-0.2,0.2,-0.49,0.23,0.4,0.2,-0.3,-1.0,0.9,1.8,-3.4,2.4,-0.3,7.6,-2.5,-0.4,-9.6,-1.9,-4.1,1.4,0.6,2.7,-0.2,4.9,0.8,-0.7,-0.7,-0.3,0.2,-2.6,-1.0,1.9,2.0,-0.8,-3.9,-6.0,-3.5,2.2,-4.1,-5.0,-3.7,-5.2,0.1,-0.9,-0.4,0.5,-1.8,-4.2,-6.6,0.9,0.5,-1.9,-2.0,-3.9,-4.1,-3.3,-3.1,-0.8,-0.2,-0.2,-3.4,-1.0,-2.3,1.0,-0.9,2.4,-0.9,-0.0,-0.3,-7.3,-0.4,-2.4,-14.0,-2.5,-6.4,-5.0,-0.5,-4.6,-7.6,2.9,-0.2,3.0,0.5,-0.7,0.0,-1.5,-0.8,-0.7,-0.7,-1.8,-4.1,-3.0,0.0,0.0,1.3,0.5,0.4,-4.2,-10.7,-7.1,-5.3,-1.1,-0.5,-6.5,4.7,2.1,-0.9,-5.5,0.8,-0.3,0.8,0.1,-0.9,-2.8,-2.0,-1.6,-3.5,-3.4,-2.4,-3.7,-1.3,0.2,-3.7,9.6,3.7,-6.2,-1.6,-2.6,0.2,1.7,-3.3,-5.5,-0.7,2.5,-1.4,12.0,-3.9,-4.4,-2.4,-0.4,-1.8,-3.7,-2.0,0.3,-0.9,0.3,0.0,-4.7,-2.8,9.1,2.3,0.2,-0.2,-6.0,-0.7,1.3,0.2,-6.6,-0.3,-0.5,-1.3,2.1,-1.3,3.3,3.1,-3.4,-0.4,-0.7,0.9,-1.2,-1.4,-3.3,0.3,-1.2,-3.8,-2.0,0.7,0.6,-1.0,-0.2,-0.8,0.9,-2.6,-1.2,-0.9,-6.1,-0.3,1.7,-0.5,-1.7,-1.4,1.5,-2.2,-2.2,-0.4,-0.6,-3.1,-1.2,1.2,-1.8,-2.5,-4.2,-5.4,-6.2,-5.4,-4.7,-5.1,-3.7,-4.8,-4.1,-4.4,-4.5,-5.4,-5.0,-4.4
2C7L50ug1d,0,48.098776,11.638573,4443095.71,2777488.81,545.0,590.7,206,7501,4.1,0.67,0.48,32.69,348.95,-0.53,-0.103,0.842,-0.8,0.2,-0.67,0.31,0.9,0.3,-0.3,-0.2,3.7,1.1,4.3,-0.7,0.2,2.3,-2.8,-3.0,-2.9,2.6,14.9,-1.9,0.8,-2.4,-1.8,0.1,-1.7,0.1,-6.2,-1.9,-0.5,-1.4,1.7,-1.3,0.2,-5.1,13.1,0.5,-3.2,-0.2,-7.3,-5.8,-4.6,-4.5,-4.9,-4.1,-1.6,-1.4,-0.9,4.4,-1.0,2.7,-0.6,0.0,1.5,-6.4,-1.4,2.2,0.7,5.7,3.8,1.2,0.0,4.1,-2.6,-8.4,-3.6,-4.1,-1.5,0.4,-1.7,-4.6,-1.6,12.2,-12.8,-0.1,-3.5,0.6,0.6,-5.2,5.4,8.9,-5.3,0.9,-0.0,0.4,-0.8,1.9,0.3,1.3,-2.1,1.5,-0.3,-0.1,3.1,-2.3,0.7,-2.2,-3.3,-3.1,-3.4,-4.7,-3.7,-1.3,5.0,-7.1,-0.7,0.7,-2.0,-4.4,0.4,-1.6,-0.5,-2.0,-1.6,-1.0,-1.2,-3.3,-2.6,-0.2,1.0,0.8,-0.9,2.4,-4.4,-3.2,0.3,1.4,0.8,-8.8,1.0,-6.8,1.7,-1.8,1.5,-6.6,-3.2,-2.6,-2.1,2.0,0.8,12.9,-0.4,-2.5,2.8,0.3,-2.3,1.0,2.8,-14.4,-7.1,-4.5,2.0,-0.9,1.4,-5.1,-7.3,5.5,2.6,-11.0,-1.9,-4.3,-2.7,-0.9,8.1,0.3,2.8,3.7,3.0,2.7,0.9,0.5,-2.4,-2.1,-5.5,0.9,-5.0,-3.8,-1.3,-2.1,-0.0,-6.7,-9.7,-10.1,-11.6,-0.5,2.5,-8.6,2.4,1.5,1.9,0.1,-1.4,4.8,-5.6,-10.0,-2.1,-2.0,-2.2,1.7,-10.1,-4.7,-10.3,-7.6,-7.6,-5.0,-5.3,-3.9,-5.6,-12.1,-8.5,-6.6,-5.6,-1.4,-7.8,-4.9,-3.4
2C7L50ug04,0,48.098057,11.632829,4442669.52,2777399.47,534.6,580.3,206,7404,3.1,0.8,0.41,32.66,349.02,-0.53,-0.103,0.842,-0.1,0.2,0.12,0.24,0.4,0.2,-0.3,2.3,-0.8,0.4,0.2,-1.8,4.9,-0.6,0.5,-0.3,2.1,-3.2,4.0,-1.5,-4.8,-1.4,-1.8,1.7,-2.8,-1.0,-0.4,0.6,0.6,1.2,-0.6,-3.1,-2.0,-0.3,1.8,-0.8,-1.0,4.5,-3.3,-3.1,-6.6,-1.8,-3.5,-4.2,-0.3,-1.1,-0.0,-0.2,1.3,0.5,0.1,-2.0,-2.9,0.0,2.7,0.1,-3.0,1.6,0.5,1.3,-2.6,-4.7,-2.8,-3.9,-3.9,-3.0,-2.1,-2.3,-1.4,2.9,-0.4,-13.0,-4.0,-1.9,-5.3,-2.9,-1.8,-1.9,-2.2,-1.6,-1.8,-2.3,-1.2,-0.9,-2.4,-8.2,-0.0,-1.5,-4.6,-0.1,-0.3,-6.7,0.2,-1.8,-5.9,-8.4,-9.3,-11.8,-0.0,-1.3,0.0,-1.0,8.9,11.6,-1.6,-2.9,-1.5,-4.6,-0.8,5.4,4.7,4.4,2.8,2.4,3.0,-1.6,0.0,-0.4,-0.8,-0.2,-4.0,-0.1,-0.6,-0.3,-0.1,0.8,-0.4,0.9,1.2,-1.1,-1.5,-0.8,-0.7,0.5,1.2,0.5,0.9,1.3,1.0,2.2,-1.9,-3.0,0.5,0.2,-3.6,-1.2,-2.1,2.4,-4.7,-5.7,-3.5,-2.1,4.0,-2.5,0.2,0.7,0.1,-2.6,-3.0,0.1,-0.1,-2.4,-1.7,-0.2,-1.5,0.0,0.9,-1.7,-6.0,-5.2,-7.9,-9.5,-1.5,0.2,-4.9,-5.1,0.2,1.6,-3.3,-5.7,-5.1,2.5,-3.2,-4.3,-2.1,7.6,-1.2,-2.4,1.3,0.4,-0.8,-0.4,-0.8,-0.9,-2.4,-0.1,-0.9,-3.8,1.3,-1.6,-3.8,-0.8,1.8,0.1,1.4,-1.3,-5.4,5.7,-7.6,0.8,0.8,-3.1,0.3,-9.0,2.5
2C7L50ug0H,0,48.098164,11.633663,4442731.36,2777412.73,537.9,583.6,206,7417,2.4,0.82,0.36,32.67,348.95,-0.53,-0.103,0.842,-1.7,0.1,-1.44,0.18,0.7,0.2,-0.3,0.3,0.3,1.0,2.0,1.2,-2.2,2.6,1.6,3.3,2.2,0.1,-1.7,1.6,2.0,2.7,3.8,5.1,3.4,3.7,4.0,0.7,2.2,-1.7,2.8,1.4,2.1,0.9,1.1,4.7,-1.6,4.9,1.1,-1.2,1.1,-0.6,1.4,5.6,3.2,0.1,1.8,0.9,0.3,2.6,6.0,0.6,3.8,-5.3,-1.1,2.0,1.3,1.9,0.8,2.0,2.0,-0.1,2.7,-0.1,-0.3,-0.8,-1.5,0.1,0.1,0.6,1.3,2.4,-3.3,0.1,2.0,1.7,1.9,-1.9,2.2,-0.2,1.5,3.9,2.8,2.4,2.1,3.5,1.9,2.3,1.9,0.4,0.4,0.5,2.7,2.5,2.7,2.4,1.4,1.9,1.9,0.6,3.4,3.3,5.3,1.9,6.7,4.1,0.4,1.0,3.5,5.1,5.5,5.4,3.9,3.8,1.7,3.0,2.6,4.5,2.8,1.6,2.6,0.6,-2.5,0.7,-1.9,-2.0,-1.2,-1.0,1.1,0.6,1.9,3.0,3.4,0.8,3.5,1.9,0.7,1.8,3.7,2.9,0.9,0.6,2.8,3.2,-0.3,4.1,4.6,-8.9,-0.2,-1.7,1.4,1.2,1.7,-2.3,-0.4,-0.1,2.9,-0.8,-0.2,0.4,1.0,0.5,-0.4,0.0,-0.9,-1.9,-0.4,3.3,-0.0,1.3,-1.7,0.2,-0.0,2.5,0.3,-5.6,-4.2,-4.2,-3.8,-8.4,-6.8,-4.6,-5.2,-5.4,-2.8,-12.7,-2.6,-5.3,-6.8,-7.0,-7.2,-3.0,-5.7,-6.7,-4.5,-7.7,-5.1,-11.1,1.1,-6.4,-5.9,-5.5,-10.0,-8.6,-12.9,-2.0,-9.5,-11.6,-6.1,-3.8,-1.6,-3.8,-6.8,-2.4,-4.8
2C7L50ug0R,0,48.098255,11.634372,4442784.0,2777424.01,546.3,592.0,206,7427,4.2,0.68,0.47,32.67,348.95,-0.53,-0.103,0.842,-0.4,0.2,-0.81,0.32,0.2,0.3,-0.3,-1.5,-4.6,-0.3,-3.2,0.4,-8.8,-1.5,3.0,1.0,-6.9,2.4,-2.4,5.4,1.3,-0.6,1.3,3.4,2.7,0.1,-2.9,-2.4,-1.4,-4.2,1.5,13.8,14.8,3.9,13.5,7.9,4.0,0.7,-1.0,-2.1,-3.5,5.7,3.3,-1.8,0.3,2.9,6.7,-1.4,-1.6,-5.6,12.0,-2.3,13.9,-4.3,4.4,3.0,4.9,1.1,2.1,2.8,0.6,1.4,0.2,-10.7,1.8,-1.1,3.0,0.7,4.7,1.2,2.8,13.5,-3.0,1.8,-0.5,2.8,1.3,3.5,2.4,2.1,3.3,12.2,6.0,9.8,-2.2,2.7,3.8,11.3,2.3,1.2,0.7,-2.3,-8.5,2.0,-2.1,-1.7,3.6,-3.0,-2.1,2.3,-3.2,1.3,1.3,-1.4,-3.6,0.2,0.5,4.5,0.4,3.9,7.6,3.6,-1.4,6.0,3.5,1.2,2.0,2.1,3.1,2.3,0.3,2.7,-0.7,4.7,0.8,-0.4,4.7,-10.9,-1.7,7.7,-1.5,0.8,-0.5,-6.5,-0.7,1.2,1.7,8.9,-1.9,-0.8,-1.0,4.6,12.9,2.8,3.0,4.4,3.3,0.6,-0.2,1.6,3.2,-0.0,3.1,13.8,6.8,2.7,1.7,3.5,1.2,4.2,-0.2,4.2,2.9,1.9,1.8,0.3,-0.1,2.8,-1.3,0.9,0.7,-9.3,2.1,4.3,-2.0,3.6,3.8,-1.9,-2.8,-4.0,-5.8,-1.6,0.4,1.4,-0.8,1.0,-2.2,-0.2,1.8,-1.4,0.2,3.4,-0.1,-0.8,0.3,0.2,-2.5,-2.7,-1.1,-3.5,4.1,-7.2,-1.4,1.2,3.9,0.6,-0.4,-6.7,-0.7,-2.4,2.0,-1.3,-3.7,0.8,-0.5
2C7L50ug00,0,48.098082,11.632881,4442673.33,2777402.34,546.9,592.6,206,7400,3.4,0.69,0.42,32.66,349.02,-0.53,-0.103,0.842,-0.6,0.2,0.16,0.26,3.2,0.2,-0.3,-0.9,-1.3,0.7,-2.2,1.1,-1.4,-2.1,0.3,1.3,6.9,-1.5,0.7,-0.9,-1.1,-0.5,-3.0,-3.2,-3.3,-5.7,-3.3,-6.6,-5.9,2.7,-2.4,-2.3,-5.2,-6.3,4.1,-9.8,-7.0,-19.8,-10.4,-9.3,-8.4,-6.0,-5.8,-4.2,-4.1,-4.9,-2.9,1.5,-17.8,-6.4,-4.9,-4.0,-5.2,1.9,-1.9,-4.6,-4.1,0.8,-0.5,-0.8,-1.4,-1.4,-2.2,-0.8,-2.4,-0.9,-0.7,3.8,0.5,0.2,-1.3,-5.2,4.3,0.8,-4.6,1.2,0.8,0.2,1.1,0.2,0.7,3.8,-4.6,-3.9,-4.9,-2.0,-4.7,-6.7,-4.2,-3.5,-6.1,-7.0,-3.6,-7.2,-5.0,-8.4,-6.8,-6.5,-6.0,-7.8,-4.1,-7.6,-9.9,-11.1,-4.2,-6.3,-5.7,-5.0,-6.4,-2.4,-1.9,-4.3,-4.8,-5.9,-4.7,-5.4,-4.3,-1.5,-6.8,-7.0,-3.6,-6.0,-13.4,1.0,-1.7,-3.4,-4.3,-11.4,-9.0,0.6,-2.7,-2.6,-2.7,0.8,-6.6,-5.9,-8.3,-4.6,-6.2,-3.7,-7.1,-8.0,-5.8,-4.6,-10.1,-4.9,-3.9,-1.9,-4.1,-5.3,-2.5,-1.9,-1.5,3.3,-0.3,-1.5,-0.8,-13.7,0.7,0.8,2.9,0.5,8.6,-6.1,-8.9,-5.8,-4.4,-6.8,-10.2,-9.7,-11.3,-9.1,-8.6,-10.6,-11.2,-9.2,-8.7,-8.8,-9.5,-6.1,-7.6,-2.1,-3.2,-3.9,-3.5,-2.4,-2.6,-2.8,-1.6,-2.8,-5.8,-5.5,-9.0,-5.8,-7.8,-4.5,-14.0,-4.0,-8.0,-7.2,-9.2,-12.0,-7.6,-8.9,-3.9,-7.5,-3.7,-7.8,-7.1,-3.4,-3.6,7.4,-3.7,0.2,-12.1
2C7L50ug0Z,0,48.098326,11.634781,4442814.33,2777432.59,543.1,588.8,206,7435,3.1,0.79,0.41,32.67,348.95,-0.53,-0.103,0.842,0.5,0.2,-0.1,0.24,1.6,0.2,-0.3,-1.8,-2.8,-0.5,-0.1,-1.1,0.5,-0.4,-5.1,4.7,-9.6,-0.0,15.4,3.9,3.5,5.0,3.3,2.4,-0.6,4.3,3.2,2.9,7.8,1.1,4.1,4.2,3.9,3.5,4.0,1.0,-0.1,9.0,-1.6,-1.8,1.3,3.8,1.1,3.4,2.4,2.2,0.7,2.9,-0.1,1.4,-1.0,-0.9,2.4,2.5,-9.9,-0.4,0.5,4.3,-2.0,-1.8,0.5,1.3,5.0,-5.8,2.0,-1.9,-3.0,-3.9,-2.3,3.3,-3.7,4.7,2.1,2.2,0.1,-7.6,2.3,1.1,6.0,-0.7,-1.9,2.1,5.1,3.4,2.7,2.4,2.8,6.1,7.9,0.9,2.5,1.5,5.7,3.4,-2.3,-0.5,1.7,3.0,-1.8,1.7,0.9,4.1,2.4,1.5,3.8,3.5,2.8,-0.8,-4.6,3.4,2.0,3.7,0.7,1.6,0.5,0.8,-0.5,3.3,1.4,3.2,-0.6,-0.3,-10.5,1.7,-5.3,-2.2,-1.5,-0.6,1.2,7.1,-2.8,7.2,7.2,3.8,-0.5,1.2,1.0,5.5,4.0,6.7,5.6,2.4,5.1,4.8,4.2,6.7,6.1,1.9,2.5,0.9,1.6,3.3,2.1,2.2,2.8,-0.4,3.3,3.2,1.0,4.7,4.9,4.7,2.7,3.4,2.9,1.8,4.1,1.7,0.4,0.8,2.7,1.6,5.9,5.1,-0.1,2.7,6.1,3.0,4.6,0.9,-1.6,2.0,-3.2,-2.2,2.1,17.1,1.3,0.0,4.5,1.9,3.0,0.7,2.6,1.1,1.7,4.0,4.2,8.4,6.8,-0.0,0.8,3.6,2.6,6.0,4.0,5.2,3.4,1.6,-0.1,2.6,-0.3,3.7,0.3,0.5,-0.6
2C7L50ug0j,0,48.098406,11.635259,4442849.73,2777442.27,538.0,583.7,206,7445,4.0,0.67,0.45,32.68,348.95,-0.53,-0.103,0.842,-0.6,0.2,0.67,0.3,2.0,0.3,-0.3,1.0,-0.4,2.3,-1.3,-0.4,-7.1,1.6,-0.1,3.8,13.4,4.1,3.4,3.6,3.2,4.5,3.9,3.3,0.6,-0.8,-1.7,1.4,1.2,0.9,0.1,2.6,-2.2,3.6,-3.9,0.3,-1.5,4.7,-1.2,-1.2,1.3,0.6,-3.1,1.9,-0.9,0.1,-0.8,-0.5,-5.8,0.7,0.1,2.0,1.1,-7.7,-0.2,-0.2,-1.3,1.7,0.6,-2.5,-0.2,2.3,-2.1,-3.4,-3.6,-3.0,-3.3,-2.3,-1.3,-13.1,-4.7,1.8,-11.9,-3.9,-5.6,-6.0,1.0,-7.1,0.5,-7.6,-2.6,3.3,-3.3,-0.2,2.5,2.1,2.8,3.4,5.2,3.1,2.4,0.2,3.8,4.8,-2.2,4.1,1.4,1.0,-1.8,-2.0,5.3,2.7,3.7,-2.3,4.5,2.3,0.2,-1.8,0.0,-0.7,1.3,1.2,0.6,-0.4,-0.2,-2.3,-1.4,-1.6,-5.6,-4.4,-2.6,-2.3,-9.4,-8.7,-5.3,-6.3,-2.4,-12.1,-3.1,-7.0,-2.8,-3.1,3.2,-9.8,0.8,0.6,-1.6,0.0,-1.7,-9.6,-4.7,-0.9,1.4,-1.0,1.8,3.3,0.9,-0.3,-1.9,5.1,7.0,-13.5,-4.6,-11.3,-7.0,-3.2,-3.4,-10.6,-4.2,-4.1,-4.6,-2.7,-2.1,15.3,-9.3,0.6,0.1,-1.8,-1.0,-4.6,-4.1,-5.2,-9.5,0.2,-6.5,-0.9,-3.2,-3.2,-2.8,3.9,-7.1,-9.6,1.7,-5.9,7.6,2.9,-4.3,-9.6,1.2,-3.3,-1.8,6.6,1.8,11.8,-1.4,3.0,0.2,2.1,-0.6,2.1,-5.3,0.2,-6.3,-1.6,-2.6,-4.8,-1.8,-2.8,-3.9,-4.0,-5.8,-4.3,-7.5,-4.4,-3.2
2C7L50ug1U,0,48.098737,11.637839,4443041.13,2777483.33,535.6,581.2,206,7492,2.4,0.87,0.39,32.69,348.95,-0.53,-0.103,0.842,-0.2,0.1,-0.26,0.18,0.9,0.2,-0.3,-0.5,-2.9,9.9,-8.7,-0.4,-0.9,-0.3,-1.6,-1.3,0.7,-3.6,1.8,0.0,-3.1,-0.9,-1.0,2.9,-0.0,0.4,-1.9,-3.1,-3.9,4.6,-1.1,-0.7,-2.7,1.1,2.0,0.8,9.4,1.6,-11.9,-2.1,-0.9,1.4,-0.1,3.6,0.2,1.4,1.8,6.6,0.1,1.3,-0.1,-0.5,-0.7,-1.9,0.6,-0.7,-3.4,-0.4,1.2,2.8,0.1,1.5,0.8,-0.8,-0.5,-1.8,-1.2,0.5,1.1,-0.2,-2.3,-0.9,0.3,-0.3,0.3,-3.0,-3.3,-1.7,-1.1,-2.8,-2.0,-3.8,-2.0,-3.3,-2.5,-3.3,-2.6,-3.0,-1.1,-0.5,-1.7,-0.0,1.3,-1.6,1.7,1.5,-0.4,-1.0,-2.6,-4.2,-0.6,-1.8,3.1,2.2,3.8,-0.4,-0.1,0.5,-2.1,1.7,4.2,5.4,0.5,0.1,-1.4,0.6,-0.7,-0.2,-1.1,0.3,-1.7,0.3,-1.2,-1.3,-1.3,-1.3,0.1,-2.1,-1.9,-0.6,0.7,-0.3,1.7,1.5,-1.8,-4.2,-5.2,4.3,5.6,1.3,-2.4,-0.2,0.4,0.9,-1.2,1.4,3.3,2.1,-0.6,-5.7,-1.5,-0.8,-2.1,0.1,-2.6,-0.6,1.1,-1.6,-0.2,0.2,-2.5,-0.4,-0.9,-2.1,0.7,-2.0,-2.4,0.1,0.6,1.2,-0.1,-0.1,1.0,3.4,-2.4,-0.6,2.9,-1.9,1.1,-0.1,1.3,2.1,-0.1,1.8,0.7,-1.3,-3.6,-0.8,-4.6,-0.0,0.3,-1.3,-2.2,-2.2,0.1,-1.9,2.2,-0.4,2.7,0.7,-3.9,-1.6,-1.3,0.2,-1.3,-2.7,-4.1,-2.9,-6.2,-3.3,-4.3,1.4,-2.9,-3.5,-2.3
2C7L50ug1V,0,48.098751,11.637941,4443048.71,2777484.95,537.8,583.4,206,7493,1.7,0.95,0.24,32.69,348.95,-0.53,-0.103,0.842,-0.5,0.1,-0.17,0.13,0.4,0.1,-0.3,2.8,-1.2,1.8,-13.9,-0.4,-0.3,0.1,-0.7,0.7,1.1,-0.5,0.7,-1.1,-0.5,-0.2,-0.1,2.0,0.5,-0.5,-1.6,-0.8,-0.3,3.9,0.0,0.4,4.7,1.0,1.5,1.3,3.6,-4.7,8.1,-2.6,-0.1,-1.1,-0.5,0.7,0.8,1.3,0.3,4.2,1.7,1.0,0.7,-0.2,0.0,0.0,0.6,-0.5,-0.2,-0.5,-0.2,-0.5,-0.9,-0.7,-0.4,-0.6,-1.0,-0.8,-0.3,0.2,-0.2,-0.2,-0.5,0.1,0.2,-0.0,0.0,-1.7,-1.3,-0.2,-0.8,-1.5,-1.3,-1.7,-1.0,-1.7,-1.2,-1.6,-0.1,-1.5,-0.4,-0.7,-1.0,-0.5,0.2,-0.2,0.1,-1.4,-0.5,-2.2,-2.1,-2.7,-1.6,-1.5,2.2,1.4,2.6,-0.2,-1.2,-0.8,0.7,1.3,1.3,1.1,0.2,-0.0,-0.8,-1.2,-0.6,-0.6,-0.7,-0.3,-0.6,0.5,-0.3,0.3,-1.0,-1.0,-0.1,-1.0,-0.6,-0.2,-0.9,-0.8,-0.4,-0.5,-1.2,-0.9,-2.6,1.2,-0.2,0.1,-0.7,-2.1,0.5,0.8,-2.6,1.2,1.3,0.8,-1.5,-2.6,-1.0,-0.3,-0.8,-0.5,-1.1,-1.0,-0.6,-1.0,-0.9,0.0,-1.2,-1.1,-1.3,-1.7,-0.5,-1.0,-1.0,-0.6,0.2,-1.8,-1.6,-3.3,0.7,0.1,-4.5,-2.9,-0.3,-1.2,-1.3,0.5,-1.3,0.0,-1.8,-1.4,-1.0,-2.6,-1.7,-1.3,-2.8,-1.3,-1.3,-2.1,-2.1,-1.6,-1.6,-0.9,-2.7,-1.6,-0.4,-3.3,-6.3,-3.6,-3.6,1.7,-1.8,-1.4,-2.9,-2.7,-2.2,-3.3,-2.3,-0.0,-2.7,-2.7,-3.3
2C7L50ug0b,0,48.098371,11.634839,4442818.5,2777437.63,542.4,588.1,206,7437,1.9,0.88,0.31,32.67,348.95,-0.53,-0.103,0.842,-0.9,0.1,-0.18,0.15,1.4,0.1,-0.3,-0.2,-1.5,0.5,0.7,1.8,0.3,1.5,1.6,3.1,-2.6,1.5,1.3,1.2,2.1,3.7,3.3,2.7,2.1,2.7,2.3,2.8,3.9,4.7,5.0,4.3,4.3,4.4,-3.3,4.4,0.0,-1.3,-0.8,0.3,1.1,4.5,3.1,4.1,2.7,3.9,2.5,2.4,-4.0,3.2,3.5,3.6,1.8,1.7,3.2,2.7,1.6,2.3,1.7,3.5,2.4,2.0,1.9,-0.6,1.5,2.9,1.3,2.1,1.8,0.3,1.9,-0.5,-0.4,0.6,-1.9,1.1,2.6,-1.0,0.9,0.9,3.7,2.0,2.2,2.7,3.4,3.1,2.7,2.0,2.0,3.9,1.9,3.1,3.3,2.4,1.7,1.9,4.1,1.3,2.5,2.2,4.2,2.5,2.9,-2.4,4.3,3.6,2.0,0.8,3.8,4.0,5.2,3.9,2.5,4.9,3.2,3.0,2.7,2.9,3.4,1.8,2.6,0.7,-1.2,-0.4,-1.0,-3.6,0.2,-2.5,0.2,1.8,-0.3,1.3,1.8,-1.8,1.8,-0.1,-2.0,1.2,2.7,1.9,1.8,2.8,3.8,3.8,1.4,4.5,3.4,-3.7,-4.1,-1.5,-2.5,-0.8,-1.8,-2.4,-3.3,-7.2,-2.3,-2.2,-3.0,-1.2,-0.5,1.1,-1.6,-1.9,-0.5,-0.8,0.5,1.2,0.3,-0.5,-0.2,-0.6,1.6,0.4,-2.8,-1.8,2.6,-0.0,-1.0,-4.2,-6.4,-1.3,-3.4,-3.4,-2.6,-9.5,-5.2,0.4,-0.4,-0.3,-0.9,-0.5,0.3,-3.2,0.4,2.7,2.5,1.3,0.8,1.5,-3.1,-0.5,-0.7,1.1,0.9,1.3,-0.2,-4.5,-3.0,-2.7,-2.8,-1.2,-4.9,0.9,-7.2
2C7L50ug0c,0,48.098373,11.634857,4442819.81,2777437.92,540.5,586.2,206,7438,3.3,0.72,0.43,32.67,348.95,-0.53,-0.103,0.842,-0.3,0.2,-0.23,0.25,2.8,0.2,-0.3,-0.1,0.8,2.3,2.4,3.0,1.8,5.2,2.0,2.4,1.9,1.3,4.1,3.7,0.7,5.8,4.6,5.1,4.3,4.4,4.0,3.9,4.0,4.7,6.1,7.0,7.7,7.4,4.0,7.3,3.1,9.2,-0.9,2.8,4.4,5.8,3.9,6.9,5.6,5.5,5.3,3.6,-7.1,4.9,3.8,0.6,7.0,16.1,-10.6,-0.1,-1.3,-0.7,-0.8,3.6,-0.0,0.3,3.3,-2.3,-1.1,-2.3,-1.5,-1.4,1.5,-1.2,-1.1,1.4,-6.9,-2.6,-5.1,4.8,1.2,10.3,4.0,-7.0,-8.2,5.9,4.9,6.4,6.6,6.5,4.7,5.0,5.2,6.1,8.9,6.8,9.1,7.0,5.3,2.4,6.1,4.0,10.4,9.8,7.3,7.1,6.1,4.1,7.3,6.0,6.3,6.2,6.7,8.9,9.2,7.9,4.7,4.5,1.8,3.5,4.4,5.6,4.8,5.3,4.0,1.0,-11.9,0.7,7.3,-3.3,0.8,7.3,0.0,-8.8,3.3,3.3,4.3,8.8,6.3,4.2,1.1,4.5,3.7,3.9,3.1,7.3,8.6,5.8,4.2,6.7,5.9,3.6,0.7,2.1,2.1,-2.4,-1.8,-4.2,-0.4,0.1,5.9,5.3,3.0,3.5,3.5,4.8,0.5,2.9,-0.4,2.9,4.0,5.8,6.8,1.8,1.2,2.6,1.9,4.0,-1.7,2.2,1.2,4.5,2.2,-1.6,-3.2,-0.5,-0.8,-3.3,-1.9,-3.8,-0.9,2.3,0.5,3.2,3.4,0.9,4.0,2.6,3.1,4.0,7.2,3.4,3.7,5.0,0.7,4.3,2.4,3.6,4.4,6.7,4.3,-0.5,1.1,1.6,1.5,-1.1,-0.2,2.0,-0.3
2C7L50ux3D,0,48.098182,11.633223,4442698.54,2777413.98,535.4,581.1,207,7411,2.8,0.78,0.43,32.67,348.95,-0.53,-0.103,0.842,-0.9,0.1,-0.86,0.21,1.7,0.2,-0.3,3.6,1.0,1.0,0.4,-3.5,0.3,-2.2,-2.2,-1.0,0.6,-0.1,-1.9,1.4,5.4,0.9,1.8,3.8,6.9,4.5,4.6,6.2,5.4,4.6,7.6,3.4,0.6,7.4,-3.7,3.8,2.4,5.8,-1.6,1.0,2.5,6.0,2.6,4.7,1.6,5.7,6.6,5.8,4.0,6.6,9.4,7.2,8.5,-1.1,-9.0,0.8,0.9,1.5,3.6,2.2,2.3,2.5,3.0,-0.3,-1.3,2.3,-1.5,0.5,-0.2,-3.2,1.3,-4.2,0.5,0.1,6.7,4.0,-0.2,-0.4,-0.0,0.7,0.9,-2.4,3.6,1.6,5.9,4.3,5.5,2.2,5.9,4.8,4.6,0.7,3.9,7.9,4.9,2.6,2.7,5.0,2.0,0.2,7.0,7.4,3.9,1.2,5.7,2.6,5.0,3.0,5.1,5.6,7.3,3.0,3.6,3.7,1.1,4.5,2.7,4.6,2.4,2.4,3.0,2.8,-0.7,0.4,-1.8,-0.9,1.2,-0.4,-1.4,4.9,0.8,2.9,11.8,5.6,2.3,4.5,2.0,4.4,2.3,1.3,1.7,1.6,3.4,4.6,1.0,5.3,-0.4,-0.5,-0.5,2.3,1.4,0.0,0.7,-2.8,0.1,2.7,1.4,1.6,-4.9,2.3,1.9,0.2,2.3,-0.3,4.6,7.5,5.9,-0.7,-4.4,1.4,-0.5,1.6,-1.4,0.8,3.3,1.5,3.7,5.3,1.4,-4.5,-0.6,2.2,-4.9,-2.1,-2.6,7.4,-5.7,-2.8,-5.1,-7.1,-0.4,-3.3,0.3,-3.6,-2.1,1.8,0.2,2.7,2.5,-0.1,-3.2,1.1,-4.1,0.0,-1.1,-2.8,-1.7,-0.1,-2.3,-4.7,-7.9,4.8,-4.1,-3.4,-2.1
2C7L50ux3M,0,48.098281,11.633998,4442756.04,2777426.3,546.3,592.0,207,7420,3.2,0.75,0.43,32.67,348.95,-0.53,-0.103,0.842,-0.3,0.2,-0.12,0.25,1.5,0.2,-0.3,1.6,-0.8,0.2,1.0,-2.7,-7.9,-0.3,-1.6,1.6,-5.7,2.8,-6.7,1.1,-0.2,3.6,5.0,3.0,6.2,1.6,2.5,3.1,5.6,5.1,9.0,6.9,5.9,8.7,-4.1,2.0,4.4,2.7,9.2,-3.9,7.6,-0.5,-1.4,3.3,3.2,6.6,7.9,-0.3,-1.8,-0.5,5.3,3.0,2.2,-0.8,1.7,-5.4,3.8,-2.2,2.2,1.3,2.3,-1.0,1.1,-2.5,1.7,0.2,1.8,-0.0,0.6,-0.4,-1.7,-6.7,-2.6,-2.1,-4.2,-0.6,-2.3,-4.2,-2.5,-0.4,0.7,1.4,1.5,2.2,1.4,2.0,0.9,-0.0,-0.7,-4.3,-1.9,-1.6,2.1,2.3,0.7,1.5,0.9,3.2,-2.7,0.9,5.7,4.6,3.7,1.0,6.3,2.9,-1.0,0.5,-0.5,6.4,2.7,4.2,3.8,1.4,3.1,1.6,2.4,2.8,2.3,1.9,2.4,3.5,-2.0,1.5,1.2,1.1,3.4,2.1,0.9,2.6,1.8,-0.8,7.0,0.7,-0.1,0.9,0.2,3.6,4.8,-3.0,-1.2,5.4,6.2,3.1,-0.7,2.6,7.7,-1.5,-3.1,-0.9,-1.1,2.0,-1.8,-2.6,-2.0,2.1,1.0,-3.3,-2.4,-1.7,-0.5,0.2,-4.1,1.6,-1.2,-1.2,-1.9,-1.4,-1.2,5.7,-0.7,-0.2,1.6,3.7,4.0,-1.6,1.3,2.4,3.4,-0.5,-5.6,-5.5,3.5,5.4,6.0,-14.6,-5.5,0.9,0.8,1.5,-0.8,5.7,1.6,6.7,4.5,4.0,7.3,0.2,2.0,0.9,1.7,-2.9,-2.2,1.7,0.4,-5.1,1.6,-7.9,-2.8,-1.0,-4.7,3.2,-2.7,-0.4,1.6
2C7L50ux3p,0,48.098474,11.635494,4442867.1,2777450.13,541.0,586.7,207,7449,4.5,0.62,0.48,32.68,348.95,-0.53,-0.103,0.842,-1.2,0.2,0.94,0.34,1.0,0.3,-0.3,0.3,-1.7,0.6,-1.6,-0.5,-0.7,-0.3,3.2,-2.0,9.5,-2.2,-1.8,-1.2,0.2,-0.0,-0.6,-3.8,-4.1,-2.6,-1.3,-2.6,-3.1,5.3,1.7,-0.8,-0.3,-3.5,-2.0,-8.3,2.1,2.2,-3.6,-3.4,-1.8,1.5,0.7,2.4,0.0,2.4,1.1,0.5,-3.2,-3.1,-2.6,-6.7,1.8,2.1,-4.1,-0.8,0.2,-16.3,-13.8,6.3,-2.7,-9.2,-5.0,-5.2,-4.6,-5.2,-5.6,-2.9,-5.0,-13.5,-7.3,-8.5,-3.7,-5.6,-10.7,-8.4,-8.1,-6.4,-6.7,-10.4,-7.5,-6.7,-6.2,-4.6,-8.3,-8.8,-3.3,-5.5,-8.3,-6.0,-4.9,2.3,-5.2,-1.7,-5.0,-6.1,-7.1,-8.5,-6.7,-7.4,-5.4,-6.4,-6.1,-4.6,0.1,-2.9,-3.7,-1.9,-1.1,-3.5,-4.3,-4.8,-5.3,-3.5,-4.6,-4.1,-4.1,-4.7,-3.7,-7.6,-5.0,-7.4,-9.0,-2.9,-7.1,-6.6,-4.6,-0.7,-7.5,-4.6,-3.8,-0.8,-2.8,-6.7,-6.4,-3.7,-9.2,-3.8,-8.4,-4.8,-6.1,-8.5,-3.9,-2.9,-4.1,-2.8,-3.7,-9.0,-7.5,-7.2,-8.9,-11.1,-5.0,-14.6,-16.5,-15.0,2.6,-0.8,-18.1,6.4,-16.1,-14.1,4.0,6.4,6.7,1.0,-11.6,-4.5,-4.8,-4.5,1.2,-5.9,-6.7,-2.6,-4.8,-21.6,-4.7,-2.6,-4.7,-11.4,-3.5,-4.9,-18.2,-15.3,-8.9,5.6,-7.8,-6.8,-3.2,-4.2,-7.1,-6.3,-8.0,-10.1,-1.5,-1.9,-7.2,-8.6,-6.9,-8.1,-13.0,-8.3,-9.3,-13.1,3.7,-7.2,-13.2,-12.6,-3.4,-17.2,-8.4,-0.3,-9.8,-1.6,-3.4
2C7L50ux3s,0,48.098494,11.635652,4442878.79,2777452.64,540.7,586.4,207,7452,4.6,0.55,0.52,32.68,348.95,-0.53,-0.103,0.842,-0.3,0.2,0.37,0.35,2.7,0.3,-0.3,4.0,0.4,6.3,2.2,3.7,0.6,3.7,2.3,0.6,3.2,-1.3,0.8,-0.3,-5.8,-16.1,5.6,-5.6,-10.5,-6.2,-3.8,-9.3,-6.8,-9.2,-5.6,-3.7,-3.6,-4.9,-3.4,-5.9,-7.7,-1.5,-11.1,-8.8,-7.8,-2.5,-6.8,-2.5,-4.3,-4.6,-6.2,-7.2,-7.9,-4.0,-4.3,-9.1,-10.2,-10.6,-14.7,-12.4,-11.1,-8.4,-11.6,6.9,-6.9,-2.9,-3.0,-0.4,-2.2,-1.7,-2.1,-3.6,-2.6,-0.2,-3.0,2.4,-1.7,-2.3,-3.2,-8.8,-3.8,-3.0,-2.9,-3.4,-4.5,-2.3,-7.0,-4.9,-5.6,-7.4,-7.7,-7.8,-3.3,-11.8,-10.7,-7.5,-6.2,-3.7,-4.0,-4.2,-22.1,-5.5,-6.1,-2.4,-7.3,-5.5,-8.8,-1.1,-1.9,-1.2,1.2,-0.2,-2.7,-3.1,-2.1,-16.4,-16.3,-8.5,2.4,1.6,3.3,5.1,8.0,9.0,0.9,0.3,3.4,-1.1,0.7,-2.2,3.9,-0.1,4.7,-1.8,-6.3,-10.5,-4.4,-6.2,-5.4,-11.9,-7.1,-9.8,-7.1,-8.5,-6.4,-5.9,-6.0,-3.3,-8.6,-5.2,-7.7,6.4,3.5,1.6,6.0,-15.3,-6.9,-1.7,-4.9,-5.8,-6.4,-4.2,-7.7,-5.2,-6.6,-8.3,-11.4,0.2,-15.5,-6.2,-11.2,-8.7,-6.4,-5.5,-1.4,-6.6,-1.0,-3.3,-11.2,-12.1,-0.1,-1.0,-4.9,-2.9,-9.5,-1.6,-7.7,-4.4,-5.1,-7.0,-8.6,-4.8,2.4,-0.1,-3.2,-10.3,-8.7,-11.8,-0.9,-3.4,-3.8,-1.5,-2.6,-3.3,-8.1,-5.3,-19.3,-3.2,-2.7,0.0,-12.4,-4.6,-2.0,1.4,-1.1,-3.5,-1.4,-2.1,-3.8
2C7L50ux4Y,0,48.098784,11.637916,4443046.75,2777488.68,534.3,580.0,207,7494,2.1,0.9,0.42,32.69,348.95,-0.53,-0.103,0.842,-0.5,0.1,-0.08,0.16,0.3,0.1,-0.3,-0.5,-1.3,-0.8,-7.4,-2.5,0.1,-0.4,-2.3,0.5,-0.4,-1.0,0.6,-1.4,-0.4,0.2,-1.0,-1.0,1.9,2.7,0.0,-0.8,0.9,1.7,2.9,1.8,6.6,-0.9,1.0,1.2,2.6,-8.6,5.2,-3.5,-2.5,-1.6,-5.7,3.2,-2.4,1.7,-0.7,0.9,3.6,-0.5,1.6,-3.3,1.6,1.1,1.6,1.8,0.4,1.4,-1.6,0.8,-1.0,-1.2,0.4,0.8,-0.7,-1.0,-1.6,-1.3,-1.5,-2.5,-1.1,-0.6,-0.1,-1.3,-1.2,-3.2,-2.5,-2.0,-1.7,-2.8,-0.6,-3.3,0.6,2.1,-1.2,-0.4,-0.9,-1.5,-1.9,-1.4,-2.9,-1.0,-0.7,-0.8,3.3,-7.0,-0.3,-3.6,-2.8,-2.4,-5.6,-6.9,-0.3,-0.5,5.1,-1.1,-5.9,-2.3,2.1,2.2,-0.9,0.1,-0.7,-1.1,-1.5,0.2,-1.5,0.3,-1.4,1.2,-0.4,0.4,-0.9,-1.6,-0.1,-1.2,-0.6,-1.2,-0.1,-0.2,-1.8,0.8,-1.3,-1.2,-1.4,-1.8,-2.3,1.4,-1.7,0.0,-1.1,-0.0,-0.6,4.4,-5.5,1.1,1.5,-0.6,-0.8,-2.5,-0.5,-1.1,-1.2,0.3,-0.9,-0.2,1.2,-2.5,-0.7,-0.5,-1.9,-1.0,0.1,-2.8,-1.2,-4.2,-2.7,-6.1,-3.1,-3.3,-1.8,-4.3,0.5,-0.4,-5.4,-7.5,-2.8,-2.0,-2.1,-0.4,-2.1,-0.5,-1.3,-0.7,-1.0,-2.1,-1.9,-1.1,-2.2,-2.6,-1.5,-2.4,-2.6,-2.2,-2.6,-2.5,-4.2,-0.5,0.1,-3.1,-6.4,-2.1,-5.5,-4.9,-0.8,-0.2,-2.1,-2.1,-1.0,-3.9,-2.8,-0.4,-1.6,-2.0,-3.7
2C7L50ux2m,0,48.098017,11.631797,4442592.75,2777393.35,539.2,584.9,207,7384,1.7,0.93,0.29,32.65,349.02,-0.53,-0.103,0.842,-0.7,0.1,0.4,0.13,0.2,0.1,-0.3,0.2,-0.9,-1.5,-0.3,-0.3,-0.3,0.4,0.6,1.5,-0.4,2.5,0.6,-1.1,0.2,-1.5,-1.2,0.5,0.2,0.2,-1.2,-1.7,1.8,-0.4,0.2,-1.5,0.2,-0.7,-2.5,-1.5,-0.5,4.5,-2.9,-3.9,-0.4,-3.2,0.3,0.1,1.4,2.8,1.7,-0.5,-0.3,-1.7,0.5,0.4,2.7,-1.0,-0.9,-1.7,-2.5,-0.3,-0.4,0.0,-1.5,-1.4,-0.9,-1.5,-1.9,-0.5,-1.2,-1.1,-0.2,-2.6,0.2,-11.9,-0.7,-1.9,-2.2,-1.0,-0.9,-2.5,-0.8,-3.2,-2.4,0.1,0.6,-0.3,-1.3,-0.7,-1.2,-2.2,-2.0,-2.0,-1.8,-0.6,-1.7,-0.8,0.1,-2.2,-3.2,-3.3,-1.8,-1.6,-2.3,-3.3,-1.9,-0.6,-2.1,-1.8,-2.9,-2.8,-2.6,-0.3,-1.3,-0.8,-0.7,-1.0,-3.9,-3.0,-2.3,-3.2,-3.6,-2.7,-4.0,-2.4,-1.7,-4.0,-2.2,-2.1,-2.4,-2.6,-1.7,-3.0,-2.8,-1.5,-1.4,-2.7,-1.6,-1.9,-3.1,-2.3,-3.0,-2.5,-2.0,-3.3,-1.5,-2.3,-3.9,-1.8,-0.7,-0.3,-4.8,-4.9,-2.5,-1.7,-1.9,-3.1,-1.7,-1.7,-1.0,-3.8,-2.1,-3.5,-2.8,-3.3,-3.4,-3.0,-2.4,-2.8,-3.2,-2.0,-2.8,-5.5,-6.3,-5.1,-1.4,-2.5,-8.0,-4.6,-3.3,-1.4,-2.7,-6.5,-4.3,-2.4,-6.3,-5.4,-5.7,-5.0,-3.7,-2.3,-3.3,-1.9,-3.2,-1.3,0.8,-0.7,-2.2,-3.8,-1.9,-2.3,-1.6,-7.1,-11.0,-4.8,-0.7,2.7,-1.0,-0.6,-5.0,-1.6,-3.8,-3.7,-3.3,-3.0,-5.0,-4.5,-4.1
2C7L50ux2n,0,48.09803,11.631895,4442600.02,2777394.9,541.2,586.9,207,7385,3.1,0.79,0.43,32.65,349.02,-0.53,-0.103,0.842,-0.8,0.2,0.27,0.24,1.0,0.2,-0.3,-1.6,-0.6,-2.9,-2.9,-2.2,8.4,-4.1,-8.8,0.2,4.8,8.5,-1.5,-3.4,-3.3,-2.2,-1.2,1.7,11.5,1.7,2.1,2.1,3.0,3.4,3.1,2.6,6.0,1.7,-8.6,1.1,1.2,8.0,-3.3,1.3,-0.8,0.1,0.9,3.5,2.9,3.9,3.3,2.0,-7.0,3.2,3.1,5.4,2.8,-12.4,-1.3,1.2,0.2,3.0,2.1,3.0,-2.2,-2.9,1.2,-1.8,-2.8,-1.4,-3.5,-1.3,1.6,-1.2,-2.6,-0.7,-5.0,-4.9,-3.3,-0.2,-1.5,-4.8,-1.9,-7.6,-2.8,2.2,-0.1,0.4,-0.8,2.0,-0.4,-3.9,-0.8,-2.8,0.1,-1.7,2.5,1.9,1.2,-3.3,-0.9,-0.9,1.9,-0.2,0.6,-2.4,-0.5,-7.2,0.1,-0.9,-3.5,-1.1,-0.7,-0.0,0.4,-1.8,1.8,0.0,-2.4,-3.1,-1.0,-2.7,-4.6,-2.9,-3.7,-3.9,11.3,-10.7,2.4,-0.7,1.7,0.6,-1.0,-2.7,-3.6,-1.0,-0.0,-4.2,-2.5,0.1,-2.1,-0.9,-0.9,-2.5,-2.2,-2.2,-0.4,0.2,-3.8,0.7,0.9,-2.7,-4.7,-2.0,-0.6,1.1,1.3,-7.9,0.2,-2.2,-3.4,-3.5,-2.1,0.3,0.1,-1.6,-4.5,-3.4,-2.0,-0.5,-0.8,-1.4,-5.7,-2.7,-6.3,-5.2,2.4,-2.3,-6.9,-4.3,-2.6,-3.4,-3.8,-6.3,-1.3,-2.3,-8.7,-5.9,-10.2,-6.5,-4.9,-1.4,-2.3,0.3,-0.6,-3.6,0.5,1.4,0.5,-2.7,0.1,-3.9,-1.5,-2.7,-1.7,-2.9,0.4,-0.4,-0.9,2.1,-1.9,-3.9,-2.9,-4.9,-3.8,-5.4,-8.6,-6.0,-5.2
2C7L50ux3h,0,48.098445,11.635126,4442839.72,2777446.32,543.3,589.0,207,7441,3.3,0.71,0.45,32.68,348.95,-0.53,-0.103,0.842,-3.4,0.2,-0.81,0.28,1.9,0.2,-0.3,2.2,3.5,5.4,3.3,1.4,-4.5,0.6,2.8,4.1,-3.0,3.6,-2.7,3.5,-4.4,5.8,6.3,2.4,2.1,-2.6,-0.2,2.6,1.2,-5.0,-1.4,0.8,-0.3,1.2,-5.1,-1.1,1.1,1.3,-3.4,1.2,-2.5,1.1,-2.6,1.8,0.1,-1.9,-0.2,6.0,-4.1,-2.9,-0.8,0.8,-3.0,-6.0,-0.9,1.0,0.6,0.4,1.5,0.3,-0.4,-2.2,1.8,-0.1,2.3,1.1,2.0,2.0,1.7,2.5,1.6,1.2,0.5,0.3,-1.6,2.1,2.8,2.6,2.8,0.1,1.3,3.6,2.6,5.6,4.1,3.8,1.9,-0.4,-2.5,0.4,-2.9,0.3,-0.4,-2.6,-2.6,-1.9,0.9,-0.8,-1.4,-3.4,-4.7,1.8,-3.5,0.6,-1.3,4.4,-6.1,-5.2,-1.0,0.9,2.5,1.8,0.4,1.7,0.2,0.4,3.0,1.4,1.0,0.1,-1.3,0.5,0.7,-1.2,4.3,1.8,2.0,1.4,2.4,1.1,4.4,4.7,-19.3,-0.2,4.5,5.0,-5.5,-9.2,-6.1,-14.4,-10.8,-14.4,-9.2,-8.0,-10.1,-8.9,-3.5,-8.4,-11.5,-12.1,-6.1,-9.0,-8.2,-18.6,-7.7,-5.0,-4.8,-8.0,-7.1,-5.6,-5.4,-5.8,-6.0,-9.5,-8.8,-12.8,-9.4,-10.5,-11.7,-11.2,-9.8,-14.4,-9.2,-7.6,-15.5,-12.0,-10.4,-8.4,-10.7,-13.9,-13.9,-6.3,-22.9,-8.0,-8.1,-22.5,-7.3,-7.0,-9.0,-9.8,-10.0,-8.0,-9.7,-11.3,-12.0,-10.6,-11.0,-10.9,-11.1,-13.1,-15.9,-15.9,-11.0,-12.7,-12.6,-11.1,-13.7,-16.3,-13.5,-14.8,-11.9,-8.1,-14.1,-12.2,-11.7
2C7L50ux3q,0,48.098507,11.635613,4442875.88,2777454.08,544.3,590.0,207,7450,3.3,0.78,0.45,32.68,348.95,-0.53,-0.103,0.842,0.4,0.2,-1.04,0.25,0.4,0.2,-0.3,5.1,1.6,3.7,3.3,3.4,0.6,6.9,5.1,3.9,-0.3,3.6,0.4,6.4,-0.9,1.1,1.8,-0.7,-0.4,-10.2,-6.1,14.8,5.7,-9.5,-2.4,-1.2,-7.3,15.2,0.2,13.0,-8.7,-4.2,-3.2,-6.2,-8.4,-1.5,-5.6,-7.7,-6.0,-4.4,-4.9,-1.6,4.5,-4.3,-0.8,0.9,0.1,0.5,4.3,2.9,9.9,1.8,4.4,2.6,1.4,3.2,3.2,3.1,3.3,3.7,3.1,4.0,3.1,-0.6,3.3,1.6,0.9,3.2,1.9,2.6,3.7,2.0,3.3,2.3,3.7,3.0,3.6,3.5,3.5,3.8,3.8,2.2,2.5,3.1,3.7,3.3,4.3,4.3,4.6,2.8,4.0,3.2,3.8,3.2,3.7,4.5,6.0,5.6,6.8,6.2,4.3,3.5,6.4,6.7,6.3,5.8,4.4,5.2,4.3,2.9,4.0,3.3,2.6,3.4,3.2,3.3,1.8,3.6,1.3,2.1,3.9,2.3,2.2,2.6,2.7,2.9,3.4,1.7,3.1,3.2,1.3,5.2,5.2,4.7,4.6,4.6,4.7,6.4,5.1,7.5,7.3,1.8,3.1,3.6,4.0,4.1,3.4,0.8,3.0,3.0,5.3,4.2,1.0,3.9,3.8,4.5,1.9,3.8,2.6,5.6,4.2,3.7,3.5,3.1,2.7,1.2,5.3,4.2,-1.9,0.9,6.5,4.4,3.3,0.9,0.6,1.4,-3.0,0.9,2.4,-6.7,2.0,3.1,3.6,3.2,3.1,2.7,2.6,2.8,3.2,4.3,2.9,3.1,4.9,4.5,1.1,3.4,2.5,3.1,2.2,4.0,0.3,-0.0,0.9,0.4,2.0,4.4,1.4,1.7,3.2
2C7L50ux34,0,48.098174,11.632875,4442672.66,2777412.56,542.7,588.4,207,7402,2.2,0.84,0.35,32.67,348.95,-0.53,-0.103,0.842,-0.4,0.1,0.0,0.17,2.4,0.1,-0.3,0.8,0.8,0.9,-0.8,-0.6,-0.6,0.4,0.1,0.1,-3.7,-0.2,3.5,-1.3,-2.8,-3.2,-1.4,-5.3,-2.1,-4.8,-2.9,-5.5,-3.3,-4.7,-3.0,-3.8,-3.3,-3.9,0.0,-3.2,-6.7,-19.4,-8.9,-6.4,-6.9,-5.7,-5.9,-5.9,-1.9,-3.1,-1.2,-2.3,-3.4,-3.7,-0.2,-3.7,-2.3,2.6,0.3,-2.6,0.9,-0.4,1.6,1.1,0.3,-3.2,-0.1,2.1,4.1,2.0,1.8,-0.4,-5.3,-2.4,0.5,0.5,0.6,-1.1,-1.7,-0.7,-2.6,3.6,-5.0,-2.3,-3.5,-4.1,-2.6,-2.9,-3.5,-1.7,-3.5,-4.1,-4.6,-5.4,-4.5,-2.9,-4.4,-0.5,-2.4,-5.9,-4.8,-5.0,-5.3,-4.0,-4.6,-3.8,-4.7,-6.1,-2.1,-3.1,-5.2,-4.4,-4.2,-0.5,-3.7,-1.8,-3.5,-4.2,-3.8,-2.9,-3.8,-0.9,-4.4,-1.2,-2.9,-2.5,-0.9,-2.2,-0.8,0.1,0.1,-3.0,-0.5,-2.7,-2.7,-1.2,-3.0,-1.1,-2.0,-3.5,-6.6,-2.9,-2.3,-0.1,-3.1,-4.9,-3.1,-3.8,-8.6,-3.7,-0.9,2.1,-3.3,-4.5,-3.3,-2.7,-0.3,-8.8,-0.2,-0.7,0.1,-5.3,-2.2,-1.3,-3.0,-3.3,-2.6,-2.8,-5.0,-4.4,-4.5,-6.2,-7.5,-4.5,-7.5,-8.0,-7.2,-3.9,-7.5,-4.6,-5.7,-3.6,-7.1,-2.0,-1.3,-0.4,-1.4,-0.7,0.7,-4.4,2.1,0.1,-1.9,0.3,-7.6,-5.1,-4.2,-3.0,-6.5,-5.5,-6.7,-6.3,-5.6,-5.7,-9.4,-6.8,-6.5,-3.3,-4.4,-6.3,-3.8,-3.8,-3.2,-3.3,-2.3,5.0,-0.5,-2.2,-4.8
2C7L50ux3H,0,48.098276,11.633671,4442731.71,2777425.22,545.7,591.4,207,7415,4.3,0.66,0.45,32.67,348.95,-0.53,-0.103,0.842,-0.6,0.2,-0.18,0.33,0.6,0.3,-0.3,9.9,3.6,-0.2,-2.6,-6.9,7.6,1.5,-2.7,0.2,-12.7,0.6,11.5,0.3,2.5,0.7,-0.8,-1.1,1.4,0.6,-1.7,-4.7,-3.1,-1.0,5.5,1.3,-0.7,-2.1,-7.7,-9.2,1.7,-14.6,-5.6,-6.7,-6.2,-1.4,-4.3,1.3,0.6,-0.8,-1.9,-2.8,-8.0,0.6,-2.4,-1.9,-2.2,-9.0,-7.4,-1.5,-3.4,-1.1,-1.1,0.0,-3.3,-1.7,-2.1,-7.1,-11.9,-3.2,-3.5,-2.0,-2.0,-6.3,-4.5,-11.4,-10.3,-4.9,-3.7,0.6,-0.9,-9.1,-3.2,-7.9,-1.4,0.5,-0.6,-1.3,-0.1,-0.3,-3.4,-5.2,-1.7,-3.5,-0.6,-3.0,0.6,-1.2,-1.5,-5.4,-2.9,-5.7,-5.1,0.4,-2.5,-4.9,-3.6,-6.4,-3.5,-3.9,-6.8,-3.1,-0.0,2.1,0.9,2.1,-2.3,-5.7,-2.8,-1.4,0.9,-0.9,-0.2,-3.7,-0.8,0.4,-0.3,-3.7,-5.4,0.7,-0.4,-7.0,-3.1,-2.3,-3.6,0.6,-1.9,12.1,-2.6,0.7,-5.5,0.6,-6.4,-5.7,-4.9,-4.5,-1.8,-2.4,-7.3,0.0,-4.3,-10.1,-5.7,-0.6,-2.3,1.8,3.7,7.3,0.5,2.6,-1.2,-15.9,4.0,-2.2,-3.2,-4.0,2.7,9.9,-12.1,-1.7,-5.0,-3.6,-5.0,-3.4,-3.9,-5.7,-6.7,-6.7,-5.8,-3.3,-1.8,0.8,-1.6,-11.0,-4.4,-10.3,0.8,-3.3,0.6,-16.2,3.3,-6.9,-5.6,-4.7,-2.7,-9.3,2.3,-13.3,-1.2,-5.5,-8.8,5.0,-5.5,-6.1,-7.7,-5.9,-5.3,-1.9,-0.6,-5.7,-2.3,-10.0,-8.3,-2.8,-6.5,-10.3,6.5,-8.0,-7.1
2C7L50ux3x,0,48.098558,11.635866,4442894.57,2777460.18,535.3,581.0,207,7457,4.1,0.62,0.53,32.68,348.95,-0.53,-0.103,0.842,-0.7,0.2,-0.02,0.32,2.6,0.3,-0.3,0.6,2.1,-1.1,0.1,-5.9,4.2,5.7,0.7,3.0,0.6,-0.9,4.3,-4.2,5.4,4.3,3.9,4.8,10.7,3.0,4.2,7.5,3.9,3.3,2.8,3.6,7.6,6.2,4.0,-2.9,2.7,5.2,1.6,8.3,6.8,5.2,-0.7,3.3,2.4,4.6,2.8,0.5,-2.3,1.9,8.3,0.1,-8.9,-6.7,4.8,3.3,4.8,0.3,-4.3,-3.9,-7.5,-1.0,5.2,-0.2,1.0,1.4,-5.1,0.1,0.4,-3.1,-2.4,2.9,-0.2,-1.8,-6.2,-1.6,-2.8,0.2,0.4,-6.1,-1.0,-0.3,5.4,-0.2,1.1,1.2,5.4,0.6,5.1,2.3,0.9,-1.7,1.0,7.0,2.7,6.0,4.3,3.7,1.2,1.0,4.7,4.4,0.4,4.6,8.9,11.1,5.7,5.5,7.4,6.5,9.2,1.1,-0.7,6.0,0.2,15.4,5.9,5.9,3.8,5.0,4.4,2.7,-2.3,-1.6,-3.4,-2.8,-10.2,-2.5,-0.7,0.7,3.2,6.8,7.0,-1.5,-8.7,1.8,1.4,2.9,6.2,1.0,4.4,2.1,8.4,-3.5,1.6,5.7,18.1,2.5,-7.3,-2.7,-2.5,-0.0,-2.0,-10.2,-2.8,-2.1,-7.0,-3.5,-2.9,5.3,-2.1,0.3,-1.8,-4.2,4.9,5.4,-0.4,0.6,4.2,-4.0,-2.8,-0.8,-0.6,2.1,1.7,2.4,2.2,0.5,-0.2,-1.6,0.1,3.2,0.1,-4.2,-5.2,6.8,-13.0,-5.7,-6.0,-3.5,4.4,-3.4,5.0,-0.5,4.7,8.6,-1.5,-0.3,-6.1,12.6,8.2,1.7,1.0,-3.0,2.5,-5.8,-0.1,-3.6,8.6,-3.9,-5.9,0.2,-2.9,-3.2,-1.9
2C7L50ux4Z,0,48.098863,11.638242,4443070.86,2777497.97,545.7,591.4,207,7495,2.4,0.86,0.43,32.69,348.95,-0.53,-0.103,0.842,-0.5,0.1,-0.46,0.19,0.3,0.2,-0.3,-0.7,-3.1,1.2,-0.9,0.8,2.8,1.7,-1.7,0.7,-5.8,3.3,2.3,0.9,2.1,2.6,0.8,4.6,1.6,2.7,0.4,3.1,2.2,1.5,0.2,4.2,3.8,2.6,0.4,-1.7,0.4,9.2,-1.9,-1.6,-1.2,-0.2,0.7,2.0,1.7,3.3,2.6,-0.4,4.5,2.5,1.9,0.5,-0.1,3.3,3.7,1.2,-0.9,1.4,1.1,0.4,0.7,0.9,-0.6,1.7,-0.6,0.8,3.1,4.7,5.1,8.5,1.4,9.5,3.0,0.1,2.6,1.6,2.0,1.9,1.4,3.6,0.4,2.1,2.0,2.8,1.8,3.2,1.4,0.7,2.4,1.6,2.6,0.9,2.4,3.2,1.4,1.6,0.1,-1.1,-1.6,-1.5,-0.3,1.7,5.5,8.7,6.9,5.3,4.3,1.6,5.1,5.0,4.1,3.7,1.3,2.1,1.9,1.2,1.9,1.7,1.6,3.8,1.7,2.2,2.2,3.9,4.2,2.1,2.4,-0.3,2.0,-1.9,0.4,0.3,2.5,6.9,0.1,-0.2,1.4,3.3,-0.9,-0.0,-0.7,-1.6,-1.0,2.2,-0.9,2.6,1.1,4.4,2.0,-2.9,0.4,-1.5,-1.1,1.9,2.0,-2.8,4.5,2.0,-2.6,2.1,2.8,0.4,0.6,1.2,-0.5,1.5,2.1,2.2,3.2,0.1,-1.7,-2.8,-4.6,0.1,-2.0,-1.4,1.0,0.7,-1.4,1.8,-1.0,1.2,-4.8,-6.2,-1.8,9.5,-3.8,-1.5,-1.4,-0.3,-0.2,0.1,-0.7,3.9,-0.0,2.4,-1.4,-0.1,2.1,0.6,-0.8,5.7,1.1,-0.9,8.2,4.3,-6.0,-3.3,-1.2,-1.6,-0.1,-0.6,-0.9,-1.6,-1.8
2C7L50ux4a,0,48.098867,11.638274,4443073.26,2777498.49,544.5,590.2,207,7496,1.6,0.92,0.35,32.69,348.95,-0.53,-0.103,0.842,-0.5,0.1,-0.24,0.13,0.6,0.1,-0.3,0.8,-1.1,0.2,0.3,0.9,0.2,1.8,-1.4,-0.8,-2.4,0.3,-3.7,-0.1,-1.3,0.4,-2.3,1.8,-1.9,-2.3,-3.1,-1.8,-2.1,-1.8,-3.4,-1.7,-0.6,-2.7,-0.9,-2.4,-4.2,2.5,-5.8,-5.5,-3.5,-5.3,-2.3,-2.4,-2.7,-0.7,-1.8,-3.8,-0.3,-1.1,-2.3,-2.5,-2.9,-1.7,-1.5,-2.2,-2.8,-0.4,-0.8,-1.0,-1.1,-1.6,-1.9,-1.2,-1.3,0.2,0.3,0.0,0.0,-2.0,-0.9,-1.0,3.3,0.1,-5.2,-3.3,-1.4,-4.3,-2.6,-0.5,-3.0,-3.6,-2.1,-2.8,-2.6,-3.1,-3.2,-3.4,-3.8,-3.0,-3.0,-3.9,-2.5,-2.2,-1.3,-2.8,-3.0,-3.2,-6.4,-6.1,-4.1,-2.4,-1.2,1.2,1.8,-1.3,-1.9,-5.6,-2.1,-1.2,-0.9,-2.6,-4.0,-4.3,-3.9,-3.7,-4.2,-4.9,-4.0,-2.7,-2.0,-1.1,-3.5,1.1,-2.3,-1.9,-2.7,-0.4,-1.1,-0.2,-1.8,-3.0,-1.4,0.2,-1.7,-3.9,-5.1,-3.7,-3.5,2.1,-2.3,-5.4,-3.2,-1.1,-4.3,-0.9,-0.6,-1.8,-0.8,-3.8,-2.6,-0.1,-0.9,-4.5,-1.5,-1.2,-2.2,-4.9,-2.0,-0.3,-0.6,-1.0,-2.8,-1.6,0.8,-2.8,-3.1,-2.6,-1.6,-2.6,-3.2,-5.1,0.9,-1.8,-5.6,-3.6,-2.6,-1.6,-3.6,-1.8,-2.9,-0.5,-3.4,-2.8,-3.2,-9.9,-2.0,-1.7,-2.4,-2.8,-3.3,-1.8,-3.4,-3.2,-3.6,-2.9,-5.5,-3.9,-1.6,-4.2,-6.5,-5.2,-4.0,-4.7,-3.6,-3.1,-5.6,-5.4,-5.8,-4.7,-4.5,-4.3,-7.7,-4.9,-6.4
2C7L50ux4k,0,48.098907,11.638584,4443096.2,2777503.44,532.8,578.5,207,7506,4.4,0.66,0.49,32.69,348.95,-0.53,-0.103,0.842,-0.7,0.2,-0.03,0.34,0.9,0.3,-0.3,0.4,0.3,-0.1,0.3,-0.1,-0.2,1.0,-0.7,2.7,0.5,1.1,2.4,0.8,-0.9,0.7,2.3,3.1,-1.2,3.8,-5.8,-0.2,-1.9,1.2,1.6,4.7,5.7,2.3,2.6,2.3,1.1,10.3,-0.5,0.3,1.6,-1.0,0.7,1.8,0.5,1.3,-0.2,0.9,4.8,1.5,1.2,-0.9,0.2,1.0,1.2,2.9,-0.9,2.3,-4.5,1.9,-0.4,0.0,1.3,2.3,-1.5,0.4,-6.5,1.1,2.7,2.4,-0.5,0.9,0.1,2.1,-0.2,-1.8,-0.8,-1.5,2.0,-0.6,1.2,1.3,-3.1,-1.8,0.4,0.1,-1.6,0.3,1.2,-3.5,12.1,-0.6,10.2,2.3,-3.0,6.7,2.5,-2.7,3.5,-1.2,-4.1,-10.1,2.9,2.5,-7.2,-5.1,14.0,-2.2,5.5,0.9,3.4,3.5,4.8,3.9,2.6,0.8,-3.2,11.4,-2.6,-2.6,0.1,-1.1,0.1,-0.1,-2.7,-3.9,-6.9,0.6,-1.4,2.2,-0.7,-3.4,-4.1,2.3,-9.6,-0.8,-3.0,1.7,-0.2,3.0,10.6,12.5,8.5,14.8,-6.2,3.6,5.8,4.3,-3.8,-0.6,0.3,9.8,-1.8,4.7,-4.8,-3.0,0.8,-10.8,-0.5,-3.8,-2.1,-3.4,-0.6,-6.2,0.8,3.0,-2.9,-2.9,3.6,-1.6,-1.7,-9.4,-10.7,-2.2,-14.6,-14.1,-4.1,-3.5,-3.0,5.1,2.4,5.1,-5.6,-0.6,-10.6,9.1,-3.8,-8.4,-2.7,-0.9,3.9,-9.9,0.1,3.6,-0.3,2.1,0.1,3.3,2.5,1.0,-2.4,1.0,-2.5,-5.1,-10.0,0.7,-3.5,-4.8,9.4,-2.9,8.5,-1.3,-3.7,-2.4,-5.6
2C7L50ux35,0,48.098202,11.632948,4442678.07,2777415.78,543.7,589.4,207,7403,4.4,0.62,0.49,32.67,348.95,-0.53,-0.103,0.842,-0.4,0.2,-0.44,0.34,1.1,0.3,-0.3,1.1,2.5,4.5,2.5,4.4,-1.8,4.9,-1.2,0.4,-9.1,0.6,2.0,1.7,1.1,3.1,5.1,1.6,3.5,1.9,2.8,8.7,5.2,0.0,5.0,3.7,2.6,0.6,-2.8,3.2,-0.9,6.4,-4.9,2.5,-1.3,-3.7,-0.1,0.6,9.0,5.9,7.6,0.5,-4.8,1.0,1.5,0.9,-3.2,1.0,-4.2,-5.2,1.5,-8.1,-2.4,-9.2,0.3,-1.7,2.8,1.6,3.9,5.2,6.3,1.0,5.8,0.0,3.3,-1.9,1.1,-1.9,-1.1,-1.4,-3.8,11.9,0.7,2.0,5.5,6.9,3.8,5.8,1.2,0.5,1.0,6.4,0.8,3.8,6.0,-0.7,10.1,2.0,2.0,2.6,-1.2,-4.1,5.1,1.3,3.9,7.9,-2.3,-4.2,2.7,2.5,5.5,0.3,1.7,-1.4,2.5,-8.2,6.7,8.3,-5.8,5.8,8.7,7.8,5.8,7.0,0.1,2.0,-5.1,-1.6,-2.8,-14.3,2.2,-5.2,1.3,1.7,0.8,10.5,5.9,-2.4,5.5,5.8,-10.7,-2.3,4.8,13.3,5.0,3.1,7.0,-0.8,2.0,0.7,1.4,-5.0,0.5,-0.8,-5.2,-7.4,-1.7,-2.5,9.8,13.1,-0.4,7.1,-3.6,0.9,-0.5,2.8,10.3,3.6,0.7,-0.2,-0.5,0.4,-1.7,1.6,-1.9,-0.8,-2.0,6.0,1.4,-1.1,-0.1,1.3,-1.1,-2.8,-1.3,-4.6,2.9,-2.0,4.2,-0.9,0.8,0.8,-10.4,-6.4,-5.0,-5.6,-0.2,4.8,2.3,5.8,-4.6,-1.8,1.8,-1.2,-0.9,0.2,-6.5,0.1,-3.7,-12.3,-0.5,-3.8,-2.7,-4.1,9.2,5.0,4.2,0.0,5.4
2C7L50ux3J,0,48.098292,11.633646,4442729.84,2777426.9,540.2,585.8,207,7417,3.0,0.78,0.4,32.67,348.95,-0.53,-0.103,0.842,-1.6,0.2,-1.27,0.23,0.1,0.2,-0.3,0.7,1.1,2.1,0.3,1.8,-2.2,4.1,1.9,4.4,-6.8,-0.6,-3.0,1.8,1.5,-0.8,2.6,0.8,2.7,3.0,2.8,-0.1,3.2,1.0,7.4,-1.2,0.7,-3.9,-0.9,3.8,-2.8,1.2,-0.3,-2.2,-2.4,-3.4,1.3,1.2,0.5,-1.6,-1.6,-3.4,-1.0,-2.4,-12.1,-2.1,-1.2,-4.5,0.2,0.3,-1.8,-2.7,-1.2,-1.8,0.6,-0.9,2.9,-3.8,-1.6,-2.4,-1.5,-2.1,-0.7,-1.3,0.4,-2.8,-5.2,-0.4,-0.5,-0.2,-0.0,-2.5,2.5,0.1,-0.1,4.2,1.5,-1.1,0.8,2.2,-0.2,0.9,-3.1,-4.1,-2.4,-2.1,0.1,2.0,1.3,4.0,-4.8,1.2,1.0,0.4,0.6,-1.4,3.0,-1.7,2.3,-0.5,-2.1,-0.1,0.9,4.0,-1.7,6.6,3.2,7.4,1.5,1.0,0.1,4.1,0.6,2.1,1.4,-0.8,-0.7,-2.0,-2.3,-4.5,-4.2,-5.8,0.2,-2.0,-0.0,2.2,1.8,-4.1,4.6,0.6,-2.5,0.7,1.5,-3.1,-3.8,-1.8,-2.3,-2.7,1.8,0.4,3.6,-3.2,-1.9,-2.0,0.8,0.8,0.2,-3.0,-2.7,-0.2,0.4,-8.9,0.0,-0.6,-0.8,0.8,-1.4,-1.3,-1.5,-4.4,0.1,-2.2,-1.7,-1.7,-1.6,-3.8,-4.8,1.2,0.2,-7.7,-5.8,-0.8,-5.4,-6.7,-10.9,-2.2,-4.8,-0.7,-2.5,-12.5,-5.0,-6.6,-6.4,-4.7,-6.7,1.4,-4.3,-7.3,-9.1,-11.8,-8.7,-13.5,-15.5,-8.7,-3.6,-14.1,-12.5,-6.7,-2.6,-4.4,-4.7,-5.1,-14.6,-4.2,-3.7,-7.7,-8.4,-10.0,-6.3
2C7L50ux3i,0,48.098487,11.635166,4442842.63,2777451.09,543.0,588.7,207,7442,2.6,0.79,0.39,32.68,348.95,-0.53,-0.103,0.842,0.5,0.1,0.2,0.2,2.4,0.2,-0.3,0.9,-0.1,1.1,1.3,1.2,-3.8,2.3,0.6,3.2,-7.3,2.0,-2.3,2.3,6.2,4.1,4.4,3.6,7.1,0.8,3.3,2.2,2.5,3.1,5.2,4.8,6.4,3.9,0.3,5.4,5.4,4.4,1.3,0.7,3.3,3.2,4.4,6.4,2.5,2.5,4.7,2.8,1.3,2.9,3.0,3.6,3.8,0.2,3.6,-0.6,0.9,2.0,1.1,3.5,1.4,1.4,2.9,0.0,1.0,1.0,0.4,-0.2,-0.6,-2.2,0.0,-3.9,-3.9,-1.4,-4.2,0.5,2.5,-2.7,2.3,-1.5,1.2,1.5,2.5,2.5,3.6,2.4,3.0,1.8,3.1,3.6,2.9,4.7,0.2,5.8,2.9,3.2,5.0,2.2,2.4,2.4,6.1,2.7,5.8,5.7,6.3,4.0,3.6,3.8,6.4,6.7,6.4,5.0,5.2,3.8,2.9,1.3,2.0,-0.8,-0.9,-0.2,-1.3,0.8,-1.3,-3.7,-1.2,-2.1,0.9,-4.0,-1.6,-1.5,-0.4,1.1,3.1,-0.1,2.2,2.2,2.7,8.8,6.6,0.2,4.4,3.4,6.4,7.0,5.5,7.6,9.6,-1.6,1.7,3.3,2.3,4.3,2.5,-1.1,2.8,3.9,4.3,-9.3,1.3,6.7,5.4,8.6,8.7,6.3,6.5,4.1,7.1,6.9,3.4,4.9,5.9,3.7,6.9,4.0,1.6,4.5,6.0,6.7,5.5,-6.8,-3.7,-2.7,-6.8,-0.9,-0.2,-4.5,3.6,6.9,4.6,3.9,5.0,5.2,6.7,3.7,6.0,5.9,7.6,7.1,6.5,3.2,1.8,3.4,4.3,5.2,3.8,5.6,3.2,1.8,5.1,3.2,4.0,5.9,0.9,3.0,4.0
2C7L50ux3u,0,48.098564,11.635769,4442887.37,2777460.69,540.4,586.1,207,7454,3.2,0.78,0.4,32.68,348.95,-0.53,-0.103,0.842,-0.8,0.2,-0.41,0.24,1.6,0.2,-0.3,-0.0,-1.6,0.4,0.2,0.9,-1.7,2.1,1.1,1.1,3.5,1.2,5.1,-1.0,2.2,1.8,2.4,0.9,4.2,2.1,5.3,3.4,3.9,3.7,4.1,5.7,2.7,1.4,-0.0,7.9,-0.5,-12.9,0.5,-1.6,2.6,-0.2,1.4,6.1,0.8,2.3,3.2,3.1,-0.3,7.0,1.1,7.5,0.1,-10.1,-2.8,3.1,-0.8,5.4,0.5,-0.4,0.8,-0.6,0.3,-4.5,-1.4,-1.6,-2.4,-1.4,-1.0,-14.2,-2.4,-7.0,-12.0,-0.5,12.4,-3.3,2.5,-4.2,-0.4,-2.9,0.1,4.1,0.4,1.3,1.5,1.6,4.1,2.2,0.6,2.3,1.4,4.0,1.5,4.5,6.1,-1.3,4.8,0.7,-0.1,0.2,5.7,2.8,0.6,2.5,7.0,2.9,2.3,1.7,2.7,1.6,5.5,0.7,-2.5,-0.1,-2.2,0.2,2.1,3.2,2.5,0.5,-0.1,0.5,-5.2,-3.0,-2.2,-3.7,-1.6,-6.8,-2.4,1.0,-0.5,0.7,3.1,2.2,1.4,1.6,-0.0,4.7,4.5,2.2,0.7,0.2,0.8,3.4,2.4,3.3,3.2,-2.1,-3.1,-1.9,0.6,0.9,-3.3,-1.7,-1.3,-0.7,2.2,-8.5,-2.6,0.2,1.1,2.0,1.1,0.9,-1.5,-0.4,-0.1,3.1,1.3,-1.4,1.0,0.5,0.5,1.7,-4.8,-0.3,3.1,1.6,0.6,-0.9,-2.9,1.2,-8.3,-4.6,-3.0,6.9,-4.4,-2.0,-3.4,-2.3,-2.2,-5.4,-4.7,-4.3,4.2,-0.5,-3.3,-2.2,-1.8,-0.9,-4.6,-5.3,-4.7,-5.8,-4.4,-0.7,-2.8,-5.5,-0.6,-4.6,-5.9,0.1,-3.0,-3.0,-0.6
2C7L50ux48,0,48.098671,11.636598,4442948.81,2777473.86,543.2,588.9,207,7468,3.9,0.69,0.48,32.68,348.95,-0.53,-0.103,0.842,-0.9,0.2,0.04,0.3,1.6,0.3,-0.3,-2.2,7.5,1.3,-1.4,3.9,-1.6,-0.0,2.4,-1.2,4.8,0.7,1.0,-0.5,-5.0,0.5,-2.1,-3.8,-8.0,-5.4,-10.0,-3.7,-16.1,4.2,-7.7,-5.5,2.2,0.3,4.6,-8.4,-5.1,-4.5,-4.1,-7.0,-4.5,-4.2,-7.1,-5.3,-3.7,0.2,-0.3,-3.0,-3.0,-18.4,-0.7,-4.7,-3.6,-1.5,-3.3,4.6,-15.8,-1.7,3.8,0.8,1.4,1.0,2.8,-6.3,4.2,0.4,-2.1,1.8,-4.4,0.9,3.6,-12.0,-4.1,2.7,5.8,-8.2,-2.2,-17.3,-1.1,-9.2,-2.1,-2.4,-1.4,0.0,2.6,-3.3,-3.1,-5.1,-6.0,0.8,-0.8,2.3,-4.8,-4.5,-3.2,-4.0,-7.3,-1.3,-6.7,-9.9,-2.9,-8.2,-0.0,-7.3,-7.1,-3.9,-5.5,-1.8,-6.1,-7.2,1.1,-7.0,-5.7,-0.7,-1.6,-6.9,-3.2,-7.0,-10.1,-1.6,-1.2,-2.9,-7.5,-4.5,-7.0,-8.4,-0.3,-0.7,0.6,-4.8,-2.0,1.4,-10.9,1.4,-6.6,-3.0,-6.3,1.0,-3.6,-6.1,-1.7,-5.9,-3.9,-3.0,-3.4,-5.8,-0.7,-5.0,-3.8,-5.7,-3.4,-10.9,6.0,1.7,-1.6,-3.7,-1.8,-3.9,-2.4,-3.3,-2.7,-2.7,-9.3,-2.4,-5.0,-5.6,-13.4,-5.9,-9.8,-7.5,-11.4,-7.4,-1.5,-2.8,-6.9,-9.7,-5.8,-5.9,-5.5,-4.6,-6.3,-6.2,-10.5,-6.1,-4.6,-4.4,-5.5,0.1,0.4,-2.2,-5.7,-2.4,-6.8,-1.3,-6.7,-8.7,-7.7,-6.2,-8.0,-9.5,-9.9,-5.7,-8.2,-7.7,-2.2,-8.7,-3.4,-7.1,-4.6,-5.2,-4.9,-4.8,-8.6,-5.9,-6.4
2C7L50ux4h,0,48.098911,11.638469,4443087.64,2777503.66,536.4,582.1,207,7503,3.2,0.81,0.45,32.69,348.95,-0.53,-0.103,0.842,-0.4,0.2,-0.15,0.24,0.8,0.2,-0.3,1.7,-0.9,3.4,-0.1,1.0,-5.9,1.3,-0.8,-0.0,-4.0,-1.3,-14.2,3.9,0.5,3.0,1.1,3.5,3.4,0.3,1.4,1.5,-0.9,-0.8,-3.3,1.0,-2.8,1.4,4.8,-2.2,2.4,-8.2,-3.3,-2.0,-1.8,0.1,0.5,1.0,1.8,0.6,1.0,-0.3,6.6,2.4,2.5,-1.1,0.9,-0.2,-1.3,1.5,0.1,1.7,1.8,1.1,1.5,0.8,2.1,0.9,-0.9,1.0,-1.2,1.6,1.1,0.6,1.6,2.8,3.5,-0.1,-0.9,2.2,1.7,2.6,-0.1,3.6,0.5,2.0,2.7,1.5,-0.3,-0.0,0.5,1.3,-0.7,1.9,0.5,1.4,0.9,2.9,2.8,0.9,1.3,-0.8,6.7,-1.6,-1.2,-0.2,1.0,3.1,-2.2,-1.4,1.1,1.5,-0.9,0.9,2.8,2.9,1.8,9.8,2.2,1.1,0.6,0.4,0.9,0.8,0.7,0.8,-1.0,0.6,-4.9,-0.7,0.3,0.8,0.7,0.5,-4.7,-7.6,1.8,0.6,-1.7,-3.3,6.3,1.7,-1.5,1.9,-0.2,-4.5,-1.5,-0.0,-2.1,2.0,1.4,-5.4,-0.2,-3.7,-3.2,0.7,-0.7,0.4,-3.5,-1.0,-0.5,-14.2,1.0,-0.5,-1.4,-1.7,-14.7,-1.7,-3.6,0.7,-3.2,-2.0,1.2,0.0,3.6,-2.5,2.9,3.3,0.4,-1.1,3.0,8.4,1.2,6.9,3.0,0.7,5.8,-0.4,0.7,3.5,-1.1,0.3,4.6,-3.1,-5.3,-0.5,-0.1,-6.6,-2.7,0.4,-1.0,-2.1,0.0,2.2,-15.1,-1.7,-0.9,5.1,-0.8,-4.3,-4.6,1.1,-2.2,-1.7,0.9,1.5,4.9,-1.1,-4.2
2C7L50ux3b,0,48.098456,11.634782,4442814.05,2777447.03,544.0,589.7,207,7435,2.6,0.84,0.54,32.67,348.95,-0.53,-0.103,0.842,-0.7,0.1,0.07,0.2,0.6,0.2,-0.3,-1.0,-2.8,0.4,-1.1,0.4,0.4,1.2,7.7,1.9,-4.1,-0.3,-3.2,1.0,0.7,2.1,1.7,1.9,1.7,0.3,-0.1,-1.3,3.8,-5.2,3.1,0.3,-0.7,0.7,-6.0,-3.8,-2.2,1.7,-4.6,-3.7,-5.0,-2.7,-1.3,-2.4,-0.7,-3.2,-3.4,-3.6,-5.3,-5.8,3.2,-0.3,-0.1,-4.2,7.7,-1.1,3.7,0.6,-3.1,-0.1,0.3,1.9,2.0,-1.2,2.8,4.6,5.8,2.0,-4.6,-1.7,6.1,-2.5,-2.4,1.1,-3.2,2.9,1.9,-1.2,0.7,-3.9,1.7,0.1,1.2,0.8,1.5,1.5,-0.5,0.3,-0.8,-3.1,-2.7,-1.6,2.1,-1.1,-4.4,-4.9,-4.3,-3.1,-6.7,-2.6,-3.6,0.6,0.2,-1.2,1.3,-1.1,-1.4,-2.5,-5.6,-1.9,1.6,-1.1,-6.7,-2.8,-7.0,-1.4,-4.3,-1.0,-2.5,-2.0,-6.3,-4.2,-2.9,-1.6,-5.4,-1.4,-1.3,-4.2,-2.6,-2.5,-1.1,1.7,0.3,-7.2,-5.1,-2.1,-3.5,0.5,-0.1,1.0,0.5,0.7,1.8,1.3,-2.0,1.5,0.4,-3.7,-3.5,-3.7,-3.0,-2.6,-2.9,-4.2,-3.4,-3.3,-2.2,-3.0,-3.9,-1.4,-1.2,-1.9,-2.8,-2.2,-1.2,-2.9,-2.7,-1.8,-3.2,-2.8,-3.3,-4.1,0.1,-0.1,-5.9,-3.7,-0.8,-2.1,-2.4,-5.1,-8.5,-5.4,-8.8,-6.5,-4.7,8.6,-4.2,-3.5,-2.3,-2.6,-3.4,-3.9,-3.1,-4.7,-2.6,-1.0,-3.6,-1.9,-1.1,-2.7,-5.5,-2.8,-2.9,-0.4,-1.8,-1.3,-3.0,-5.2,-5.7,-3.4,-4.1,-3.2,-6.4,-5.1,-4.7
2C7L50ux4m,0,48.098971,11.63879,4443111.44,2777510.83,538.5,584.2,207,7508,3.8,0.71,0.44,32.69,348.95,-0.53,-0.103,0.842,-1.4,0.2,-0.24,0.29,0.8,0.2,-0.3,3.0,-2.6,-0.2,-2.0,-1.6,0.0,-2.1,-2.9,-3.5,0.4,-3.7,2.4,0.5,-1.8,2.0,0.2,-1.2,-2.1,-0.2,-5.0,-3.6,-2.2,-0.9,-0.9,2.4,1.7,-2.7,2.2,-3.0,-5.4,10.7,-7.1,-7.5,-5.2,-7.7,-2.5,1.3,-2.5,0.8,-0.4,-2.1,-3.6,-2.3,-4.9,-3.8,-4.8,-2.3,-2.6,-1.3,-5.2,-1.7,-5.8,1.8,1.6,-2.0,-6.0,1.1,2.9,4.0,2.8,-1.2,-3.4,-0.6,-2.6,4.5,3.7,-1.4,2.9,-2.0,-6.8,-0.8,-6.2,-1.3,-5.6,-2.9,-2.2,-1.6,-7.4,-9.6,-5.8,-12.9,-3.1,-4.8,-5.7,-7.1,-6.4,-4.7,-6.7,-7.3,11.7,-6.0,1.4,-10.0,4.2,-1.6,-11.4,-1.3,5.9,1.5,-0.9,-3.2,0.2,3.0,-5.4,-9.9,-1.1,6.5,-3.0,-1.4,-5.8,-3.6,-6.4,-5.7,-7.2,-5.1,-3.4,-3.0,-5.8,-2.1,-6.5,-4.7,-5.6,-4.7,-5.0,-5.4,1.3,-2.5,1.8,-9.5,-7.2,-1.2,-8.5,2.1,-5.5,-7.6,-5.9,-4.0,-8.3,0.6,-5.2,-1.6,-6.4,-7.4,-6.3,-0.7,-2.3,-5.8,0.5,-0.9,-3.5,-3.7,-5.3,-3.1,-3.4,-6.7,-4.9,2.8,-3.3,-4.2,-5.5,-4.2,-3.8,-8.8,-7.3,-9.3,-0.6,-6.6,-6.5,-6.6,-6.0,-8.7,-6.9,-5.1,-5.0,1.1,-9.1,-5.2,-7.2,-7.4,-8.0,-5.9,-6.3,-5.2,-6.7,-5.0,-4.8,-6.0,-7.4,-7.3,-11.6,-4.1,-10.1,-10.1,-11.2,-5.1,-10.0,-9.1,-13.5,-13.1,-14.5,-16.5,4.2,-12.1,-0.5,-6.2,-15.1,-0.5,-2.3
2C7L50ux2h,0,48.098063,11.631574,4442576.02,2777398.04,544.2,589.9,207,7379,1.7,0.9,0.29,32.65,349.02,-0.53,-0.103,0.842,-0.3,0.1,-0.21,0.13,1.6,0.1,-0.3,-0.8,0.5,-1.2,0.0,-0.2,0.7,-0.2,-0.1,0.9,0.1,-0.3,1.2,-2.0,0.3,0.5,1.7,-0.5,-0.1,-0.2,-1.3,2.5,-0.6,0.4,0.3,-1.1,-1.3,-0.7,1.1,-1.6,-4.9,4.7,-8.5,-4.4,-5.3,-4.5,-3.3,-0.3,-1.4,0.3,-0.1,1.1,-3.3,-1.3,-0.8,-0.9,-1.7,-0.4,-1.4,-0.6,1.1,1.5,-0.2,1.0,0.8,-1.4,-2.3,-0.3,-0.9,-0.2,-0.4,-1.8,-1.6,-0.1,-0.3,1.8,1.9,0.6,-0.9,-3.1,-1.6,3.0,0.3,0.6,0.1,-1.1,-1.0,-2.0,-0.2,0.6,-0.7,0.5,-0.2,-0.6,1.5,0.7,-1.2,-0.2,-0.3,-0.9,-0.4,-4.4,-3.6,-5.5,-0.2,-3.2,-3.0,-2.1,-1.9,-0.4,-1.1,-3.2,-1.4,-0.2,-0.2,-0.2,-0.4,-2.5,-2.1,-1.9,1.2,0.8,1.4,3.3,2.6,3.8,1.0,0.4,-0.8,1.6,0.6,-0.1,0.7,2.4,1.2,-0.3,-0.1,0.2,1.3,0.6,-0.8,0.7,-1.7,-1.0,-3.1,-3.5,-0.6,-1.2,-5.2,-2.1,0.2,-1.2,-2.5,-1.3,-0.2,2.2,1.4,0.5,1.2,2.2,-0.2,-1.8,1.0,0.6,-0.6,1.2,-0.7,-0.0,-1.7,-2.7,-2.2,-3.5,-6.8,-6.1,-6.8,-6.5,-2.8,-3.8,-8.2,-6.2,-2.5,-3.0,-4.2,-4.3,-0.7,-0.7,1.0,-2.0,-0.2,1.8,0.7,0.1,-2.3,2.1,1.5,-1.0,-0.1,-0.4,-2.6,-2.6,-1.5,-0.3,-0.0,-2.3,-6.4,-2.6,-3.5,-2.2,-3.4,-3.4,-4.6,0.5,-2.9,0.6,0.1,-0.2,0.4,-1.8,-1.7
2C7L50ux2i,0,48.098059,11.631546,4442573.91,2777397.59,540.0,585.7,207,7380,3.2,0.75,0.39,32.65,349.02,-0.53,-0.103,0.842,0.2,0.2,0.81,0.24,1.9,0.2,-0.3,-0.8,-3.4,-0.2,1.0,1.9,-0.6,0.1,0.2,-0.0,0.6,-1.8,5.3,-0.7,1.4,1.8,1.1,-0.3,0.0,-0.7,-1.7,-0.9,-3.7,-1.6,-3.1,-2.5,-3.2,-1.5,-0.1,-0.6,-5.9,3.7,-8.1,-5.7,-4.3,-3.9,-5.6,-2.8,-3.8,-3.3,-2.2,-2.4,-2.1,-4.4,-3.8,-0.2,-2.1,-1.1,-2.5,-3.1,0.5,-0.4,3.0,-0.5,-0.2,-4.5,-3.3,-1.9,-1.2,-1.7,-2.0,-1.7,-3.7,-1.4,0.7,-4.4,-2.0,-0.4,-1.4,-0.1,-1.3,1.1,-1.5,-0.7,-2.6,-1.4,-0.3,-3.2,-0.8,-1.1,-0.5,-2.1,-0.9,-3.2,-1.9,-2.3,-2.5,-6.5,-1.5,-1.7,-1.3,-0.3,-3.3,-5.3,-5.5,-6.0,-5.8,-3.6,-3.9,-3.9,0.2,-3.4,-4.9,-2.4,-1.3,-2.7,-2.2,-6.0,-6.8,-6.4,-1.2,-1.5,-2.0,-1.2,0.5,2.6,-4.2,-1.5,-2.2,-3.0,-2.2,-3.9,1.3,-2.7,-1.6,-1.7,-2.5,-0.3,2.3,-1.3,-2.4,-3.7,-3.0,-0.8,-2.2,-5.3,-1.8,0.8,-2.7,0.1,-2.4,-3.7,-2.6,-3.4,1.3,1.4,2.4,-1.3,3.4,0.5,3.8,-0.8,2.1,5.4,-0.9,3.0,-1.3,2.4,-2.4,-4.7,0.6,-6.2,-10.6,-10.4,-9.9,-10.1,-7.7,-13.3,-11.4,-8.4,-2.7,-4.5,-7.9,-6.0,1.6,2.0,1.9,-9.9,12.4,-0.6,1.2,1.7,-5.7,2.1,-1.6,-4.1,-4.1,-2.2,1.6,-2.2,-2.7,1.3,-4.9,-2.2,-8.5,-10.0,11.9,8.6,3.7,4.0,3.5,0.8,0.3,2.8,4.9,0.7,0.2,-3.4,6.9
2C7L50ux3l,0,48.098536,11.635258,4442849.36,2777456.68,541.3,586.9,207,7445,3.0,0.79,0.39,32.68,348.95,-0.53,-0.103,0.842,1.0,0.2,0.02,0.24,1.2,0.2,-0.3,-0.0,-1.7,1.1,0.6,1.6,-1.0,-0.2,-1.2,1.0,-9.0,0.1,-4.2,-2.3,1.2,-0.4,3.0,2.0,0.5,1.0,0.9,1.2,0.3,-0.1,-1.4,1.2,-0.7,1.9,-5.2,1.8,-1.4,0.0,-1.2,-10.0,-0.5,5.0,0.3,1.0,-1.1,1.3,2.8,1.8,-5.0,0.7,2.1,2.0,3.1,-6.3,-0.2,1.1,2.0,1.3,0.3,-1.5,1.0,2.1,0.0,-7.2,-3.4,0.5,-1.6,-0.2,1.5,-11.4,-3.6,13.7,-10.6,-2.8,-7.2,-1.9,-1.6,-1.1,-1.3,-9.7,-3.1,-1.0,0.1,-0.9,-0.7,0.1,0.7,2.6,-4.3,1.1,0.2,-1.8,-1.0,2.5,0.5,-1.4,-1.6,-3.5,-3.1,-0.9,-2.5,4.6,3.0,-1.3,2.1,3.3,-0.7,-1.1,0.3,1.1,2.6,1.7,-1.1,-0.8,-0.7,0.3,0.2,2.8,-5.2,-2.7,-0.6,-1.3,-9.7,0.2,-3.5,-5.3,-0.8,-3.4,-2.7,-3.9,-2.3,-1.4,2.1,-8.5,-1.4,2.0,3.6,7.0,6.1,10.5,2.4,3.4,5.7,3.7,3.5,6.4,7.1,5.3,4.4,2.4,4.7,6.5,3.4,-7.8,1.6,4.7,5.2,6.3,4.1,3.7,2.3,4.0,4.7,3.2,4.0,4.4,4.6,1.7,2.0,1.1,0.7,0.9,3.9,5.2,-1.4,2.3,3.9,3.1,3.5,4.0,0.4,2.1,3.1,2.0,3.9,2.0,1.9,4.8,3.6,2.0,2.1,4.1,5.7,4.3,2.5,3.9,4.0,5.5,1.3,5.5,0.4,2.3,3.7,4.5,1.2,3.0,3.7,1.1,0.2,0.4,0.8,2.4,1.3,1.7,1.6
2C7L50ux4I,0,48.098785,11.637198,4442993.25,2777487.54,543.6,589.3,207,7478,2.6,0.87,0.37,32.69,348.95,-0.53,-0.103,0.842,-0.6,0.1,-0.34,0.2,1.0,0.2,-0.3,1.1,0.9,-1.1,-4.2,0.6,0.4,0.7,-0.1,-3.1,3.2,0.8,2.7,-3.0,-0.7,-0.5,-1.3,3.1,-2.0,-1.2,0.1,-2.2,-2.9,2.9,1.6,-3.1,3.3,2.2,1.1,-0.2,-0.7,-20.6,-3.5,-5.2,-1.7,-0.8,-3.1,-0.8,1.8,1.9,2.2,-1.8,0.9,-0.8,-6.2,0.1,0.7,-0.8,-2.6,1.7,3.8,-1.0,3.4,2.3,4.5,3.2,4.1,0.1,3.1,3.5,2.6,1.9,1.5,-4.3,3.3,-1.0,0.1,0.6,1.6,2.4,2.6,1.7,-0.6,1.0,2.2,1.7,1.8,1.0,1.3,-0.6,0.0,-1.4,-0.0,-2.1,0.2,0.7,0.3,-5.2,-2.0,-3.1,-5.8,-1.3,-1.0,2.3,0.0,-4.8,1.4,0.2,2.5,-4.4,-2.0,-2.0,-5.9,-0.0,0.6,0.4,0.3,0.5,1.3,-2.0,-1.0,-0.6,3.6,0.7,0.5,0.7,-0.6,0.4,1.8,-0.7,0.9,1.4,1.5,-1.6,-0.1,-0.7,1.3,-1.9,-3.0,-1.0,-1.6,0.7,3.9,1.0,-1.9,-4.4,0.9,-0.9,-0.7,-1.5,-1.1,-0.3,-1.6,-3.6,-3.9,0.8,0.8,-1.4,-0.0,-2.0,-3.2,-1.6,-0.5,-2.4,-1.9,-1.9,-2.0,-2.0,-1.6,-2.2,-3.9,-1.8,-2.1,-8.0,-4.7,-6.5,2.6,-2.0,-6.0,0.0,-2.4,-0.1,-1.9,-3.2,-4.2,1.0,-2.4,-1.4,-1.7,-1.6,-1.6,-0.8,0.4,1.7,-1.7,0.8,-3.9,-0.7,-4.8,-2.0,-8.8,-0.0,-0.1,5.5,-2.4,-2.1,-5.4,2.4,-3.9,-2.8,-1.5,-2.5,-4.5,-4.5,-3.7,-0.5,-5.0,-3.9,-3.4
2C7L50ux4X,0,48.098877,11.637916,4443046.56,2777498.99,538.3,584.0,207,7493,2.2,0.89,0.34,32.69,348.95,-0.53,-0.103,0.842,-0.7,0.1,-0.18,0.18,0.3,0.1,-0.3,4.9,-1.1,4.3,-16.6,-2.2,-1.4,-1.2,-0.2,-0.5,-0.3,-1.7,-0.6,-2.0,0.2,0.4,-0.2,2.5,-0.8,-4.1,-2.8,-3.7,-2.8,4.8,-1.8,-3.1,8.5,-2.2,-0.3,-2.2,2.6,-7.9,5.1,-4.9,-2.5,-3.2,-3.5,-2.5,-0.9,-1.9,-2.1,1.3,-0.2,-2.2,-1.8,-3.4,-2.1,-2.6,-3.1,-3.8,-2.9,-3.1,-2.4,-2.5,-3.6,-3.7,-5.1,-2.5,-1.9,-3.9,-1.2,-1.4,-2.2,-2.2,-2.8,-1.2,-1.9,-1.7,-2.6,-2.5,-3.7,-0.5,-3.0,-3.0,-3.4,-3.0,-3.5,-2.9,-3.8,-2.2,-3.6,-3.9,-4.3,-4.2,-4.8,-2.9,-2.2,-4.5,-5.2,-4.7,-5.0,-5.2,-6.4,-4.9,-3.5,-3.2,-1.3,-1.2,-0.2,-2.1,-4.3,-2.0,-0.9,-0.6,-1.2,-2.2,-2.5,-2.0,-3.2,-3.8,-3.9,-2.4,-3.9,-2.6,-4.0,-0.9,-2.8,-3.2,-2.8,-3.1,-2.0,-2.7,-2.9,-2.7,-2.9,-2.7,-3.2,-3.1,-3.1,-4.8,-4.4,-0.7,-2.1,-2.7,-3.4,-4.2,0.5,-1.1,-5.7,-3.7,-1.5,-1.4,-3.5,-5.2,-2.5,-2.7,-0.1,-1.4,-1.1,-1.6,0.5,-2.9,-1.8,0.4,-1.2,-0.6,-3.1,-2.7,-1.1,-4.3,-5.2,-5.3,-2.6,-4.1,-4.4,-6.0,-2.2,-1.9,-5.6,-6.4,-4.1,-5.2,-3.7,-2.2,-3.1,-1.4,-3.5,-1.1,-1.7,-4.3,-2.9,-2.4,-5.4,-2.7,-4.1,-4.2,-3.9,-5.4,-5.5,-5.1,-6.8,-6.2,-4.4,-6.2,-8.8,-7.6,-7.3,3.1,-5.7,-5.2,-6.8,-6.6,-4.8,-7.1,-6.3,-3.4,-5.8,-8.4,-7.0
2C7L50ux2g,0,48.098075,11.631524,4442572.27,2777399.3,544.8,590.4,207,7378,4.4,0.69,0.42,32.65,349.02,-0.53,-0.103,0.842,0.1,0.2,-0.26,0.33,0.8,0.3,-0.3,0.4,-8.0,-0.6,-1.9,4.6,4.4,2.6,-1.0,4.9,4.1,-2.6,1.2,6.8,-1.0,-1.2,7.4,7.6,3.2,4.0,-0.3,5.0,7.1,0.1,1.2,5.8,-6.8,6.9,7.6,-1.8,-8.0,-18.5,-7.2,0.5,0.7,3.8,5.6,3.8,1.5,2.8,2.8,-11.6,2.3,-0.6,0.4,-2.0,5.2,4.1,-13.8,6.5,9.0,3.9,2.9,1.8,2.4,0.1,2.5,2.5,0.2,-2.6,-5.8,0.8,1.7,2.2,4.0,-14.4,-2.8,4.0,0.0,-9.4,0.7,2.1,1.6,-2.4,-0.6,4.6,1.2,1.3,1.6,1.7,3.4,0.5,-1.5,-0.3,1.0,2.8,-0.6,2.2,5.8,1.6,0.5,-1.7,-0.5,3.0,7.1,-1.5,-6.9,3.0,4.3,0.5,5.5,-5.3,2.9,1.2,3.3,6.4,7.6,1.3,4.4,2.4,2.4,0.2,4.9,3.6,-0.3,-8.9,0.1,0.1,5.4,4.6,5.9,3.1,7.2,4.9,6.5,5.4,3.2,1.4,2.9,3.5,1.9,9.9,4.0,6.5,0.1,-1.1,2.1,2.5,-0.1,-3.0,-2.0,3.6,-4.1,-0.6,4.5,3.9,4.1,-0.9,6.0,3.5,6.7,-3.7,3.5,3.2,2.1,5.1,-0.2,2.7,-2.7,4.6,1.2,1.4,-3.9,-1.9,-2.9,-1.6,1.5,0.4,-2.9,-2.9,-0.0,-6.7,-1.2,-1.4,2.6,-0.7,3.0,-0.6,3.1,-15.7,3.6,2.5,-13.1,9.0,5.4,1.7,4.8,4.2,2.7,2.9,2.2,3.0,4.4,1.6,-2.8,-0.0,-1.8,0.8,5.4,-3.1,-0.2,6.3,-2.5,1.1,4.7,-1.4,8.4,3.5,0.9
2C7L50ux31,0,48.098213,11.6326,4442652.06,2777416.43,539.2,584.9,207,7399,4.4,0.63,0.45,32.66,348.95,-0.53,-0.103,0.842,-0.6,0.2,-0.98,0.33,1.3,0.3,-0.3,1.7,0.3,2.2,1.1,1.3,-5.1,-2.2,-0.5,-1.0,-4.6,-2.8,-0.5,-3.6,-2.1,-2.1,-1.2,-2.3,1.5,2.9,4.6,3.7,2.8,6.1,1.3,12.6,0.2,-1.2,1.6,-1.6,-8.5,-16.0,-9.8,-10.0,-7.8,-3.8,3.7,-2.4,-5.0,-3.8,-1.3,-2.8,-4.8,-0.2,-6.5,-1.3,-0.5,-2.0,-2.0,-1.4,1.2,0.3,1.6,1.9,-0.7,0.2,3.4,2.2,2.5,0.8,0.8,2.9,2.7,11.2,4.1,2.2,1.0,1.8,-2.4,5.2,2.8,-3.3,-0.8,-0.9,2.8,-11.2,-1.2,-6.4,-3.6,-3.2,-1.4,-3.0,1.4,-1.5,-4.4,0.4,1.8,-1.6,1.2,-4.0,-4.1,-4.7,-3.8,-2.9,-2.8,-3.1,-10.9,-1.0,-7.6,-1.1,8.7,-6.8,-5.0,-3.8,11.6,-0.4,3.9,2.0,3.4,8.0,1.9,4.4,-1.7,-0.4,-0.4,0.4,-2.1,-4.6,7.1,-0.7,1.8,3.8,4.4,2.7,1.0,0.4,-0.1,-0.2,0.1,-4.1,-3.5,-1.8,-4.4,6.9,-1.8,-6.3,-3.8,0.4,-5.9,1.5,6.3,-3.4,3.1,-11.1,-1.3,-1.1,-1.1,1.3,-1.3,3.7,4.6,-0.2,-6.3,1.4,2.1,2.9,1.9,2.8,-0.6,-0.1,-1.4,-2.5,-1.9,1.8,-3.3,-0.2,0.3,3.3,-4.7,-4.5,0.8,-1.0,-2.2,-4.0,-5.5,-0.4,-2.1,-10.5,-3.8,4.2,-10.6,-8.2,-6.9,-13.2,-9.4,11.3,-3.3,-2.9,-0.7,-5.9,0.4,-7.2,-8.7,-2.8,-10.7,-13.1,9.7,-6.5,5.0,0.4,-4.3,-7.0,-5.2,-2.9,-5.3,-12.6,-3.6,-6.6,-0.7
2C7L50ux3F,0,48.098321,11.63344,4442714.4,2777429.79,542.6,588.3,207,7413,2.3,0.81,0.34,32.67,348.95,-0.53,-0.103,0.842,-0.2,0.1,-0.57,0.18,2.2,0.2,-0.3,1.9,1.1,4.3,2.0,3.2,-1.2,0.8,0.6,3.3,-0.8,3.9,-0.6,2.7,3.4,3.1,1.3,2.9,4.1,4.8,7.1,4.5,4.7,2.3,7.1,6.3,5.3,7.2,3.2,6.6,3.0,7.2,-0.5,0.3,0.6,1.5,2.6,5.2,4.5,5.4,6.8,6.2,2.0,7.4,8.1,5.7,5.9,2.5,4.3,1.3,2.0,-0.0,2.5,4.6,2.3,1.0,4.3,0.5,1.1,3.1,3.2,0.3,2.6,0.1,4.4,-3.8,1.2,2.6,-5.7,4.1,4.6,1.9,4.9,0.0,5.3,6.4,6.9,5.3,6.4,6.8,5.7,6.1,6.2,4.7,4.7,4.4,6.5,7.0,7.5,5.4,6.3,8.5,4.1,4.3,9.1,6.1,6.1,2.7,7.7,5.7,6.3,5.3,7.7,8.7,9.9,7.1,6.2,5.2,5.1,5.7,4.7,5.1,4.3,5.8,4.3,5.2,1.2,-0.3,3.1,1.3,5.8,-3.0,4.0,1.1,4.6,6.6,6.2,1.7,6.7,4.5,3.7,8.6,7.6,3.4,7.6,6.5,7.8,9.3,2.8,7.1,6.8,3.2,5.3,1.8,3.4,3.8,0.3,-0.6,0.3,0.1,2.3,-5.0,3.6,5.4,4.5,5.5,3.5,2.4,4.2,3.7,5.1,4.4,2.9,3.7,3.8,4.3,2.2,6.5,2.9,2.0,5.9,8.6,5.8,-0.0,0.9,-2.1,-4.7,-0.5,-0.7,-5.2,3.4,4.9,2.2,3.3,0.3,1.1,1.3,-0.6,0.9,7.2,4.0,7.8,4.5,9.3,4.9,4.8,6.8,8.7,5.8,3.5,5.4,1.7,1.6,2.3,2.4,-1.2,-2.0,0.9,4.0
2C7L50ux3c,0,48.098497,11.63481,4442816.07,2777451.6,543.1,588.8,207,7436,2.0,0.88,0.27,32.67,348.95,-0.53,-0.103,0.842,-1.4,0.1,-0.16,0.15,1.4,0.1,-0.3,1.1,0.5,1.8,1.3,2.3,0.1,2.2,1.4,2.7,-3.5,1.4,-2.3,1.1,2.0,2.9,2.6,2.8,2.0,2.4,2.1,1.7,3.4,3.9,4.6,3.9,3.6,3.9,-4.6,3.6,0.5,0.5,-0.5,0.0,1.4,4.6,4.0,4.3,4.0,4.1,2.7,4.5,-4.1,2.7,3.7,2.6,2.7,0.9,3.0,2.8,2.0,2.3,1.9,2.4,2.0,1.4,2.3,-1.0,1.8,2.1,1.4,1.9,2.1,-0.3,1.8,-4.9,-4.3,-0.3,-3.0,1.4,2.1,-1.0,1.4,-1.8,2.1,2.1,2.3,2.1,2.3,2.5,2.4,1.8,1.7,2.9,1.4,2.1,2.9,2.8,1.7,2.7,3.4,1.5,3.3,1.0,3.5,2.5,3.1,-0.3,4.3,3.4,1.9,0.7,3.5,3.7,4.5,3.6,3.2,3.6,2.3,2.5,2.7,2.9,2.1,2.2,2.3,1.6,-2.8,-1.8,0.2,-2.1,1.6,-4.1,0.3,-0.4,0.8,1.9,1.5,-1.6,1.4,-1.7,-3.9,-0.1,1.0,0.1,0.2,1.4,3.2,3.0,-1.0,1.9,1.7,-4.8,-4.8,-4.0,-2.9,-2.5,-2.8,-4.7,-4.4,-3.9,-3.4,-2.3,-3.8,-1.9,-1.6,-2.2,-3.0,-3.0,-1.4,-3.2,-1.1,0.1,-0.8,-2.2,-1.5,-1.6,0.7,-0.7,-3.7,-3.5,-0.1,-0.0,-2.0,-6.9,-8.7,-3.1,-6.5,-5.5,-4.8,-14.1,-3.9,-1.5,-1.9,-2.1,-3.9,-2.5,-1.8,-2.6,-0.6,0.5,-0.8,-2.4,-1.8,-1.2,-4.9,-2.7,-1.6,0.3,-1.1,-1.3,-2.2,-5.1,-4.7,-2.6,-3.2,-1.3,-5.3,-4.8,-4.6
2C7L50ux3d,0,48.098497,11.634809,4442815.95,2777451.58,540.2,585.9,207,7437,2.8,0.76,0.45,32.67,348.95,-0.53,-0.103,0.842,-0.6,0.1,0.18,0.22,2.3,0.2,-0.3,0.6,1.7,4.1,3.0,3.2,0.7,3.8,1.7,3.7,-0.1,2.6,1.6,2.2,1.1,4.6,4.8,3.8,3.9,4.1,3.2,3.5,3.7,1.4,5.7,5.5,6.0,5.8,-0.3,5.0,1.8,3.6,-0.6,2.7,2.6,4.7,2.6,6.3,5.9,4.3,2.7,3.7,-5.7,5.4,5.8,0.2,5.6,11.6,14.6,4.9,-3.1,1.2,0.7,3.5,0.5,-0.7,2.0,-3.4,-0.8,-1.2,-1.4,-0.8,1.8,2.0,0.8,-3.0,-5.3,-1.9,-2.7,3.0,3.3,-1.4,3.5,-7.2,2.3,4.1,4.4,3.4,3.8,3.6,3.6,4.8,2.4,6.7,4.1,5.0,7.0,6.4,4.9,3.3,5.9,4.5,7.9,5.4,6.5,4.7,5.6,6.1,6.2,5.3,4.4,4.0,5.6,5.4,7.2,5.9,4.8,5.0,5.8,3.3,4.3,4.9,3.5,4.0,4.0,1.3,-4.8,-2.1,3.9,-0.5,3.4,-0.7,1.3,-6.3,2.7,3.2,3.5,7.7,2.0,0.9,-0.9,2.5,3.3,3.2,2.5,4.0,6.1,5.5,2.3,5.6,5.9,0.4,-1.8,-0.4,2.3,-7.7,-2.6,-7.1,-4.6,-5.4,0.1,4.7,-0.1,1.7,0.7,1.4,-1.6,0.6,0.8,0.1,2.3,4.1,4.1,2.8,2.9,2.8,5.5,3.7,-4.8,3.1,0.5,4.6,0.4,-6.0,-7.2,-3.5,-3.2,-9.0,-2.8,-3.0,-1.1,0.3,2.0,0.8,1.1,1.0,0.7,2.1,2.1,3.7,4.1,2.5,3.6,3.3,-1.8,2.7,2.3,5.7,-0.1,6.3,0.9,-2.2,-0.2,2.0,1.2,3.2,2.1,3.5,2.8
2C7L50ux4U,0,48.098902,11.637965,4443050.11,2777501.8,547.4,593.1,207,7490,3.8,0.65,0.48,32.69,348.95,-0.53,-0.103,0.842,-0.0,0.2,-0.27,0.29,2.4,0.3,-0.3,1.9,0.4,3.6,3.4,-0.5,-10.1,-3.3,1.9,1.1,2.8,-1.5,-1.6,-0.1,0.3,-0.2,-3.6,6.7,1.5,-6.6,-5.9,1.8,-2.3,8.9,-4.0,12.8,-0.1,-2.2,-4.8,6.3,-3.4,8.6,0.8,-2.7,0.1,0.0,9.8,-0.3,7.4,13.6,19.4,8.7,6.9,13.1,-4.2,13.2,7.9,1.8,1.5,3.4,3.7,1.3,4.1,5.6,1.6,1.9,3.0,-1.2,0.9,-6.1,3.0,3.7,6.4,3.5,0.6,-7.0,-1.7,1.9,2.0,4.5,3.6,1.5,-2.1,-4.8,-0.3,-6.0,0.8,-3.7,0.4,1.4,4.0,4.3,5.2,1.6,1.7,2.0,6.0,6.6,1.9,0.8,9.5,0.9,4.5,-0.4,2.6,0.3,7.1,8.0,8.6,4.8,8.0,2.1,9.3,7.8,8.4,10.1,6.9,8.8,5.5,6.4,2.4,6.9,4.6,3.0,1.4,2.2,-0.5,1.9,-0.4,3.4,2.5,1.6,2.5,-0.1,-0.6,9.9,-8.3,-3.6,7.1,1.6,3.1,-1.5,2.7,3.3,9.2,4.7,7.0,4.6,2.5,8.9,7.3,2.5,1.0,-1.9,1.1,2.9,5.6,0.5,1.7,0.5,2.8,2.2,1.1,1.8,2.8,-0.5,0.7,0.5,8.4,-7.6,0.5,3.1,7.6,4.2,1.4,-0.1,3.1,2.1,0.9,4.8,4.9,4.8,5.8,0.5,-2.3,-2.1,2.6,0.5,0.4,9.7,-3.0,-1.0,0.5,3.3,-0.4,-0.6,1.4,-0.9,0.8,5.2,1.6,3.8,3.9,-3.0,-0.5,1.9,3.6,4.5,8.8,0.5,4.6,0.3,6.7,0.4,2.3,5.7,3.9,10.5,3.8
2C7L50vE6F,0,48.098315,11.633248,4442700.1,2777428.81,538.4,584.1,208,7411,1.9,0.91,0.33,32.67,348.95,-0.53,-0.103,0.842,-0.6,0.1,-0.36,0.14,0.5,0.1,-0.3,-0.4,-2.2,-1.8,-1.1,-0.5,-1.0,-3.3,-0.9,0.4,1.7,-0.4,-1.4,0.1,1.9,1.4,1.9,1.9,4.1,0.5,1.4,1.9,4.4,-0.2,4.6,-0.3,1.4,2.4,-4.4,0.7,-1.4,3.4,-3.7,-1.0,-3.1,0.9,1.2,2.7,-0.1,2.5,2.3,0.0,-1.5,2.2,-0.1,3.8,-0.7,-1.4,-3.3,0.7,-0.5,-0.9,-0.0,-2.3,-0.4,1.3,1.5,-1.6,-1.6,-0.3,-1.0,-0.1,0.1,-3.0,0.5,-3.9,-1.4,-0.2,-2.9,1.6,-1.0,-0.4,0.1,-0.8,-0.0,-1.1,0.5,0.7,1.7,0.5,0.7,-0.4,-1.5,0.1,1.5,-4.3,2.4,0.4,2.7,-0.8,-3.7,-0.5,-1.1,-1.9,0.7,-1.7,1.5,-0.6,0.5,0.5,1.6,0.2,2.8,3.6,4.7,2.3,1.1,-0.9,-1.4,-1.5,-1.7,-0.9,-0.6,0.1,-1.3,-0.3,-2.0,-1.5,-1.4,-0.8,-1.2,-2.2,-1.8,0.0,-1.6,-0.9,-2.5,-2.3,-1.5,-1.9,-0.1,1.9,1.4,-0.5,0.1,0.6,1.6,-0.4,-0.5,2.2,1.1,-0.7,-2.3,-1.6,-0.4,-0.0,-1.7,-1.3,-0.6,0.3,1.1,1.3,-3.7,1.2,0.3,-0.2,0.9,0.3,0.0,0.2,0.9,-1.9,-3.2,-2.6,-3.7,-3.5,0.1,0.5,-3.5,-2.1,-0.2,1.4,-0.8,-4.1,-1.4,0.2,-2.6,-2.5,-2.2,10.3,-3.5,-2.6,-2.8,-4.1,-2.3,-1.9,-1.9,-3.3,-3.6,-0.9,-1.7,-1.0,-0.2,-2.1,-5.0,-1.9,-2.6,-1.7,-1.0,-3.0,-3.1,-4.1,-3.9,-5.1,-6.2,-2.3,-3.6,-3.9,-1.7
2C7L50vE6t,0,48.098633,11.635725,4442883.91,2777468.22,547.2,592.9,208,7451,1.8,0.92,0.27,32.68,348.95,-0.53,-0.103,0.842,-0.8,0.1,0.13,0.13,0.3,0.1,-0.3,0.6,-1.8,-0.2,-0.2,1.0,0.0,0.5,1.4,0.3,6.6,0.4,2.0,-0.9,-1.3,-2.2,-0.4,-2.0,-1.8,-2.2,0.3,-2.4,-2.1,-1.6,-0.9,0.4,0.2,0.1,-3.2,-1.2,-2.4,2.3,-3.9,-4.0,-1.2,3.5,-2.1,1.1,2.0,-0.2,0.6,-1.4,-4.6,0.2,0.7,-0.7,-1.9,-5.1,-3.4,-3.3,-0.9,-1.4,-1.9,-2.1,-1.9,-0.4,-1.2,0.3,1.0,-0.1,1.3,-1.3,-0.2,0.2,-1.4,-1.4,-1.1,-2.0,-4.4,-2.3,-1.2,-0.4,-1.1,-2.3,-1.4,-1.8,-1.7,-1.2,-1.3,-1.2,-2.1,-3.5,-1.7,-1.5,-2.4,-1.9,-1.7,-1.5,-1.0,-1.7,-3.2,-2.7,-3.3,-3.1,-2.1,-2.1,-1.0,-2.8,-0.9,-1.2,-1.3,-3.0,0.2,-0.4,0.8,-1.6,-3.6,-1.6,-0.3,-0.9,-1.7,-0.0,-0.2,-0.9,-0.6,0.0,-2.0,-1.4,-2.2,-3.8,0.6,-2.0,-1.5,-0.6,-1.5,-2.0,-0.3,-4.1,-3.1,-4.2,-5.0,-0.5,-2.0,-4.6,-3.6,-2.1,-2.6,-0.6,-1.8,-0.8,-0.8,-10.3,-4.2,-5.7,-2.4,-2.4,-1.4,-1.1,-1.9,-1.1,-2.6,-3.4,-1.9,-3.6,-2.1,-3.7,-4.0,-2.9,-0.4,-1.4,-3.8,-2.2,-2.6,-0.7,-0.5,-5.2,-0.1,-0.0,-7.8,-7.0,-0.8,-0.7,-3.1,-5.3,-8.1,-2.7,-4.8,-3.8,-4.8,-3.9,-6.2,-6.2,-5.1,-5.5,-3.8,-4.7,-5.2,-6.7,-1.8,-2.7,-4.2,-3.7,-3.3,-3.4,-7.2,-6.0,-5.7,-2.7,-2.4,-1.2,-4.1,-3.5,-4.1,-5.4,-0.9,-0.1,-2.8,-2.9,-4.1
2C7L50vE7H,0,48.098783,11.636894,4442970.59,2777486.83,537.7,583.4,208,7475,4.7,0.53,0.46,32.68,348.95,-0.53,-0.103,0.842,-0.6,0.2,0.02,0.36,3.9,0.3,-0.3,3.4,-11.8,-1.5,-6.3,6.2,6.1,-2.6,-7.7,-0.9,1.3,3.4,2.8,5.4,0.4,3.1,6.8,-9.5,7.8,10.5,7.4,1.1,5.9,3.2,10.9,6.5,12.6,11.1,13.7,7.0,2.7,7.7,12.7,9.5,6.7,8.2,7.5,2.0,2.0,14.9,16.7,18.0,-1.3,0.3,11.7,2.2,0.2,5.0,6.1,2.0,11.2,-0.8,0.3,-1.5,-0.4,0.4,2.9,4.9,-2.0,-2.1,1.5,-2.1,0.9,2.1,-4.0,-11.3,3.4,0.2,0.1,-3.0,0.1,3.0,2.6,0.6,-0.2,1.1,5.1,0.8,0.0,14.9,14.3,1.8,2.5,-3.4,3.6,0.3,7.1,0.2,6.8,7.9,11.7,-1.2,6.3,0.8,13.7,5.6,9.3,5.0,13.4,14.7,3.8,1.0,10.1,7.3,12.7,9.8,9.7,5.5,-1.1,-4.3,5.4,6.5,-10.3,5.3,4.9,6.1,-2.7,5.6,-3.5,-8.2,-2.4,-7.8,-6.2,0.1,7.4,6.3,8.6,-0.0,2.3,0.0,3.0,1.7,4.5,4.6,11.2,2.8,6.6,7.4,5.9,5.7,2.8,5.2,-1.8,1.8,0.3,3.7,-0.4,1.1,2.7,-1.2,-0.3,-8.0,-1.3,2.3,1.7,1.1,2.5,2.0,3.8,2.0,-1.9,7.7,3.0,-1.1,4.7,0.9,3.9,-7.2,4.8,2.7,5.3,2.5,3.8,1.1,0.9,0.3,-1.4,0.1,3.9,-5.0,1.8,-1.1,1.4,1.0,2.4,-0.5,0.2,0.6,7.6,7.4,5.0,1.0,10.9,12.4,-5.6,-0.2,1.8,17.2,2.7,-0.2,-1.1,1.1,-0.5,0.2,4.9,3.4,-16.5,2.8,0.5
2C7L50vE5o,0,48.098142,11.631757,4442589.48,2777407.14,540.9,586.6,208,7384,3.1,0.82,0.39,32.66,348.95,-0.53,-0.103,0.842,-0.6,0.2,0.28,0.24,1.1,0.2,-0.3,1.9,0.2,-1.8,2.1,1.9,1.8,1.5,2.4,3.8,-1.5,2.3,2.5,3.4,0.2,-1.8,-1.4,-0.7,3.0,-2.5,2.9,-4.0,-3.8,-1.4,-1.0,-0.3,-2.0,-1.3,0.4,1.9,-1.2,-17.9,-5.0,-4.6,-2.7,1.7,0.2,-3.9,2.2,1.1,4.1,-1.2,-2.5,-1.5,6.9,-1.9,-2.5,-4.3,-2.6,-1.8,-0.7,-1.5,2.0,0.6,-0.9,-0.8,0.4,-0.5,1.5,-0.4,1.6,3.0,1.3,-0.3,2.3,-9.6,-0.4,0.2,-2.2,1.2,0.9,1.5,3.3,0.4,-0.7,2.5,-0.1,1.3,2.2,1.7,1.0,1.6,2.0,1.5,2.2,2.0,-15.1,-0.7,-1.3,-3.5,-1.2,-2.0,-2.6,-0.2,-4.5,-2.6,-3.4,-0.1,5.2,0.6,0.7,-1.8,-0.5,-0.7,-0.5,1.4,0.0,-0.3,-2.8,-1.5,-2.7,-1.3,-3.5,-3.0,-2.7,-2.6,-0.8,9.7,-0.2,-0.3,-1.7,-2.0,1.9,-0.3,-1.2,-0.9,-2.8,-4.6,-1.0,-1.2,-1.4,-3.8,0.2,-4.1,0.4,-1.1,1.4,0.3,-4.7,-2.6,-4.7,-4.7,-6.1,-6.1,-3.3,-2.3,-2.7,-1.7,-2.4,-1.1,-2.6,-0.8,-2.0,-3.0,-2.2,-2.5,-0.7,-3.2,-2.7,-3.1,-2.6,-1.8,-4.2,-7.2,-5.6,-7.5,-4.9,-1.7,-5.8,-3.0,-1.5,-2.2,-1.4,-7.8,-5.3,-1.4,-2.9,-6.3,-2.6,-3.3,-1.3,0.4,-2.2,-2.4,-1.9,-0.7,0.1,-3.2,-0.9,-3.4,-2.3,-3.8,7.5,6.3,-10.8,-9.3,-15.1,2.8,1.9,-0.3,-5.3,-1.4,-0.9,-0.9,0.7,-0.7,-3.2,-0.7,-0.1
2C7L50vE5p,0,48.09815,11.63182,4442594.1,2777408.13,541.2,586.9,208,7385,2.1,0.91,0.34,32.66,348.95,-0.53,-0.103,0.842,-0.2,0.1,0.4,0.16,1.2,0.1,-0.3,0.2,-0.7,-1.6,0.1,0.0,3.6,-1.0,-0.2,0.3,-0.7,0.4,3.6,-1.0,-0.9,-1.0,-2.2,-1.2,1.5,-2.0,0.2,-1.1,-2.4,0.0,-1.1,-3.5,-4.0,-2.9,2.8,1.4,-1.4,-21.7,-6.4,-4.4,-3.5,-4.3,-0.1,-3.1,-1.2,1.0,-0.9,-2.3,-3.7,-0.9,-1.7,0.2,-0.9,-2.7,-0.9,-1.5,-0.4,-0.5,1.0,0.3,-0.9,-1.2,-0.8,-0.8,-0.6,-1.3,-0.3,-1.6,-0.2,-0.8,-0.3,4.1,-0.3,-0.8,-4.7,0.4,-0.8,-1.0,0.6,-2.5,-1.1,0.5,-0.0,0.9,-0.3,0.5,-0.6,-1.7,-3.4,-1.9,-0.8,0.1,-1.3,-0.4,-3.5,-3.5,-6.4,-4.6,-1.0,-2.2,-3.6,-4.1,-3.2,0.7,-4.3,-2.4,-3.9,-2.4,-2.2,1.2,-0.5,-1.6,-1.0,-0.3,-1.6,-2.0,-2.3,-3.2,-3.7,-2.0,-4.3,-2.0,-1.8,-4.4,-1.7,-1.0,-1.2,-2.3,-1.2,-1.6,-3.1,-2.0,-1.9,-3.1,-1.2,-2.1,-2.9,-2.9,-1.9,-2.7,-3.8,-5.3,-2.7,-3.0,-6.1,-3.2,-1.6,-5.3,-4.7,-3.8,-2.3,-1.2,-1.4,-3.6,-0.9,-1.5,-2.4,-2.0,-1.3,-3.1,-2.4,-1.5,-2.2,-2.0,-2.8,-2.6,-2.3,-2.2,-5.1,-4.0,-5.2,-5.5,-1.0,-2.4,-6.2,-4.9,-2.3,-2.4,-3.2,-6.0,-0.7,4.5,-2.2,-1.0,-0.4,0.8,0.4,-0.7,-1.4,-0.5,-1.1,-1.1,-0.8,-1.1,-1.1,-2.9,-1.7,-3.7,-2.6,-4.4,-6.9,-4.5,-0.7,1.1,0.0,0.5,-3.1,-1.5,-2.2,-0.5,-0.3,-1.5,-3.3,-2.1,-1.9
2C7L50vE6s,0,48.098642,11.635654,4442878.56,2777469.14,548.0,593.7,208,7450,3.6,0.78,0.43,32.68,348.95,-0.53,-0.103,0.842,-0.7,0.2,-0.03,0.27,0.4,0.2,-0.3,1.1,-1.2,-0.1,-1.1,1.2,-5.1,2.7,3.8,0.8,0.0,-0.3,-3.7,-1.2,-1.8,2.0,-0.0,0.5,-4.7,-4.2,-2.7,7.5,-2.6,11.6,-5.3,-9.5,-10.1,11.8,-7.5,3.8,9.6,-17.0,-4.9,-2.4,1.8,-0.9,-11.5,-2.4,-9.5,-8.0,-12.8,11.5,-2.2,12.3,-4.2,-1.2,-5.7,-4.7,-0.1,-1.0,2.4,-0.3,3.7,3.7,-1.5,-2.2,-2.8,-2.7,-2.6,-3.1,-1.7,-1.9,-1.0,-8.8,-4.1,-2.2,-3.7,-3.8,-4.7,-2.2,-3.4,-3.0,-4.6,-1.8,-2.5,-3.3,-2.3,-2.4,-3.3,-2.4,-3.5,-3.3,-3.9,-4.2,-2.5,-3.7,-1.8,-1.4,-3.1,-6.3,-4.0,-2.9,-3.4,-1.0,-4.2,-1.6,-1.3,-2.2,-1.1,-1.8,-1.7,-3.5,-0.9,1.6,-2.2,-1.9,-3.0,0.4,-1.6,-3.0,-2.9,-3.1,-2.3,-1.3,-5.0,-1.7,-4.0,-0.8,-4.9,-4.6,-1.0,-1.6,-2.8,-3.0,-3.3,-2.2,-2.0,-3.6,-3.0,-3.1,-4.6,-0.0,-0.1,-2.3,-2.7,-0.8,-1.7,1.6,-2.2,1.0,1.8,0.6,-2.7,-2.2,-2.2,-2.0,-3.3,-4.5,-5.9,-6.0,8.2,-0.6,-5.3,-4.2,-4.6,-3.5,-5.3,-5.9,-6.1,2.5,-3.4,-2.8,-1.6,-1.4,-5.7,-5.1,-0.3,-2.1,-8.5,-5.0,-0.6,-1.4,-3.3,-3.9,-5.0,-3.9,-5.7,-3.8,-3.1,-13.0,-2.5,-0.6,-0.4,-1.0,-2.1,-2.7,-3.8,-3.4,-4.4,-3.3,-4.5,-6.5,-3.8,-4.0,-6.5,-3.9,-5.0,-3.9,-2.4,-2.5,-7.1,-8.2,-4.5,-7.2,-4.5,-2.4,-4.7,-6.5,-3.8
2C7L50vE6u,0,48.098637,11.635615,4442875.65,2777468.53,539.4,585.0,208,7452,4.6,0.37,0.53,32.68,348.95,-0.53,-0.103,0.842,28.0,0.2,-1.08,0.35,5.7,0.3,-0.3,5.0,6.0,6.5,4.5,5.2,2.5,8.0,5.7,4.9,6.9,5.1,4.9,6.5,7.8,7.4,8.3,17.9,17.7,21.1,24.4,20.4,22.0,15.2,20.5,23.3,21.6,23.4,34.0,23.7,20.7,31.5,17.1,18.3,20.4,25.0,20.8,23.5,22.4,22.3,22.2,19.6,22.3,25.5,25.0,23.0,22.7,34.6,11.0,22.4,19.1,19.0,24.7,21.8,18.9,20.2,23.4,31.5,28.1,27.3,26.8,25.2,28.6,35.1,29.8,31.2,29.0,34.3,38.0,43.9,45.5,33.5,54.1,30.9,53.0,45.9,47.3,50.6,49.9,48.6,51.2,46.7,45.8,47.1,46.6,51.8,49.6,50.2,50.8,50.5,51.4,48.7,49.9,47.9,46.9,51.4,50.5,50.7,53.3,52.4,57.8,52.2,54.9,50.2,52.9,50.5,48.0,50.5,52.1,48.9,48.7,59.7,39.3,63.7,60.4,64.0,60.2,59.7,59.3,59.0,60.7,60.2,61.8,62.9,74.1,76.6,76.4,72.4,75.3,72.4,74.7,75.6,78.2,75.8,75.3,75.9,75.9,77.5,77.1,80.3,78.7,65.4,79.6,79.4,82.4,73.7,83.1,96.3,81.1,78.7,77.6,100.5,102.5,102.8,103.6,102.4,99.7,104.6,101.6,107.2,100.9,103.6,103.6,105.8,108.3,102.5,108.3,107.7,98.2,100.5,107.7,106.6,105.1,102.1,106.6,107.6,111.7,105.0,106.5,111.7,128.4,130.6,123.5,124.8,127.2,127.4,129.4,128.9,132.0,132.9,132.2,134.3,138.1,137.2,131.6,132.8,132.7,134.7,128.8,132.9,128.0,137.1,129.4,127.6,136.1,135.4,137.8,134.8,134.1
2C7L50vE7P,0,48.098877,11.637481,4443014.16,2777498.23,545.3,591.0,208,7483,3.5,0.75,0.45,32.69,348.95,-0.53,-0.103,0.842,-1.0,0.2,-0.21,0.27,1.1,0.2,-0.3,5.9,-2.7,0.6,-1.1,-3.0,-0.3,0.6,2.0,3.1,-2.7,6.0,8.2,-2.1,0.1,-1.5,0.3,-0.1,-2.1,2.9,-1.3,7.7,3.7,0.3,0.1,2.7,2.9,5.8,1.8,6.0,-2.5,5.6,-2.0,-3.8,2.7,0.1,0.5,2.8,1.3,5.1,3.7,-2.6,10.8,-0.4,1.1,2.5,-1.1,-4.7,-0.6,2.0,4.1,3.1,4.3,2.4,2.3,2.7,2.6,-1.6,-4.4,3.2,-1.9,-2.2,-1.4,5.9,-4.7,-0.8,4.4,0.8,0.1,0.8,1.6,-0.9,-1.8,0.4,1.1,-0.7,2.9,2.8,0.7,-1.1,-0.7,-2.8,0.6,6.5,-13.0,1.6,3.4,1.3,6.9,0.3,1.2,2.7,4.5,3.0,-3.1,1.6,7.5,2.2,7.4,3.8,1.8,0.8,4.7,1.8,2.7,2.4,2.0,1.5,1.7,1.9,1.5,2.2,4.8,2.3,4.0,3.1,-14.3,-0.9,-2.9,3.8,2.2,-1.2,6.7,-2.5,1.5,4.6,2.3,-1.3,-0.2,-3.3,2.2,2.5,-4.2,0.8,-1.8,-6.2,0.3,0.2,-1.2,2.0,-2.8,-4.2,-2.1,-0.7,0.1,-0.4,-0.2,-0.3,-2.7,-2.8,-6.3,-1.4,-2.6,-3.9,-2.3,-2.6,-1.8,-2.4,-2.0,1.7,-4.3,8.8,9.7,-0.6,1.2,-1.6,4.5,-1.1,-3.6,0.5,1.2,-2.3,-3.2,0.6,-4.3,-4.4,-7.8,-7.2,-0.9,-13.5,-8.4,-4.0,-1.4,3.8,-2.2,-3.5,-6.0,-3.8,-2.3,1.9,-6.0,-0.4,-14.9,5.5,2.3,2.0,-4.1,-0.7,-1.2,-3.6,-2.2,-3.7,-4.4,-0.8,-1.8,-0.6,-2.8,-0.3,-3.9
2C7L50vE7l,0,48.099027,11.638651,4443100.91,2777516.85,540.4,586.1,208,7505,4.3,0.66,0.52,32.69,348.95,-0.53,-0.103,0.842,-1.0,0.2,0.01,0.33,1.6,0.3,-0.3,-7.0,-3.4,-2.9,-4.0,-3.0,-0.3,3.4,-0.3,6.6,-1.3,4.0,0.1,4.7,-2.2,5.2,5.8,3.8,5.8,3.2,0.2,2.8,0.1,2.6,4.8,4.3,4.9,3.4,1.0,0.9,1.9,9.3,1.8,2.9,1.3,0.2,1.5,3.5,6.4,5.6,3.6,-0.6,3.2,1.5,4.2,1.5,4.1,-1.4,1.6,4.2,1.2,5.5,-5.4,3.3,6.4,4.3,-0.2,-1.7,0.4,3.7,4.3,8.5,3.6,7.7,3.7,-1.8,0.4,2.2,-0.4,0.3,-2.2,-0.8,1.0,3.6,-12.5,-13.4,8.6,3.6,3.0,2.5,-3.1,3.8,0.3,3.7,0.0,1.1,2.1,6.1,-1.6,-0.4,2.6,1.1,2.3,0.7,5.2,6.5,7.3,2.4,4.5,4.7,-3.7,-3.6,9.0,4.3,2.0,2.6,1.2,4.1,2.1,0.9,2.0,5.9,-3.5,-1.0,1.3,1.5,-3.1,-3.2,-3.6,-7.5,3.2,4.0,1.9,-0.1,-3.7,0.5,0.9,0.9,1.0,0.7,-0.3,3.2,7.2,1.8,2.5,0.4,0.7,-2.4,6.3,0.3,-7.4,3.6,-6.3,-10.6,8.1,0.1,-1.2,8.0,-4.1,-2.1,2.4,-2.3,-0.2,-10.1,-1.6,-16.4,0.7,-0.3,0.9,-3.0,0.6,-0.3,-1.3,2.1,6.2,-2.4,0.5,-3.0,2.5,-7.6,-1.1,2.1,2.1,-4.9,-8.5,-1.0,-2.4,2.3,-6.1,-8.7,-2.2,-12.2,5.9,-0.7,1.4,-15.0,-1.4,-2.0,0.3,-15.5,6.0,-0.1,0.0,5.3,-19.9,1.0,3.5,7.7,4.9,0.3,1.9,-1.6,0.9,0.6,6.4,-2.4,-7.0,-1.5,-8.6
2C7L50vE5z,0,48.098249,11.632448,4442640.66,2777420.19,543.7,589.4,208,7395,3.9,0.76,0.44,32.66,348.95,-0.53,-0.103,0.842,-0.8,0.2,0.14,0.3,1.0,0.3,-0.3,2.0,1.1,10.0,5.4,5.8,-0.7,1.8,6.6,1.0,-3.9,-0.1,2.7,-0.0,-5.6,-12.9,2.4,0.3,-8.5,-17.4,5.4,4.0,-5.2,5.0,-8.2,-16.8,5.5,1.0,-0.0,3.4,5.7,-21.9,-2.5,-1.3,-3.5,-0.8,-2.8,3.6,2.7,3.8,4.6,-3.8,0.5,-1.3,1.2,-0.4,-1.6,0.6,-0.7,-1.7,-0.2,1.3,-0.9,-1.5,4.5,3.4,0.2,0.3,-1.5,-0.3,0.9,1.5,0.8,-3.3,-0.8,-1.9,1.7,-1.0,-0.7,1.4,2.9,2.1,4.1,-0.4,2.2,3.8,1.2,1.0,4.0,0.7,0.6,-2.8,-0.6,-3.3,0.0,0.2,0.2,-2.1,-4.1,-0.6,1.0,1.8,-2.3,-1.9,0.0,0.4,3.6,-1.7,-2.0,-1.7,-2.2,-2.3,-3.5,0.0,1.0,0.8,3.0,0.6,-0.9,0.5,-2.2,0.4,-1.3,1.5,-0.8,1.5,0.2,1.0,-0.0,-1.2,-2.7,-3.3,-4.5,-3.4,-5.4,-5.9,6.5,-2.8,-0.3,-1.8,-4.2,-1.4,-11.5,-4.3,4.1,0.7,2.4,0.9,-5.9,-4.7,0.4,0.1,-3.0,-7.3,6.1,-1.2,-1.7,-0.3,-5.9,-2.0,-2.9,-3.8,-1.1,-0.3,-1.7,-3.1,-3.6,-0.3,-1.6,-0.8,-0.9,-0.2,-3.5,-4.0,-5.2,-5.7,-3.1,-9.4,-5.6,-13.0,0.4,0.2,0.4,-4.1,-4.6,-1.5,-8.6,-2.9,-4.7,-9.7,-3.6,0.5,-2.3,-3.8,-2.6,-4.7,-1.6,-5.1,-4.1,-16.8,-0.5,1.1,-3.3,-3.6,-6.4,-2.6,-4.5,0.8,-0.6,-3.3,2.9,-2.8,-5.6,-1.0,1.4,-0.9,2.5,1.5,0.4
2C7L50vE7c,0,48.098993,11.638237,4443070.21,2777512.33,544.8,590.5,208,7496,2.6,0.81,0.38,32.69,348.95,-0.53,-0.103,0.842,-0.5,0.1,-0.41,0.2,1.8,0.2,-0.3,0.9,-1.2,-1.2,-0.4,0.2,0.0,1.3,-0.3,-2.0,-1.9,1.3,1.1,-0.0,-1.9,1.1,-4.1,-0.4,-2.0,-4.9,-4.8,-2.9,-2.8,-3.5,-6.4,-4.8,-1.4,-4.7,-5.8,-6.4,-7.2,1.5,-8.4,-8.8,-6.0,-9.4,-4.6,-5.1,-7.1,-1.9,-3.9,-4.4,-5.0,-4.1,-3.2,-5.4,-5.2,-3.6,-2.5,-5.0,-4.2,-1.7,-2.6,-1.1,-2.0,-3.4,-1.4,-2.4,0.6,-0.1,3.8,-0.6,-0.4,-3.1,-0.3,-0.8,1.4,0.9,-2.6,-2.3,-4.5,-3.4,-2.3,-0.8,-6.7,-5.8,-4.2,-4.4,-7.8,-5.4,-6.2,-5.4,-6.7,-4.4,-7.4,-4.4,-6.2,-3.5,-4.2,-7.5,-6.0,-8.2,-7.6,-7.3,-10.5,-6.4,-3.9,-1.7,-0.8,-5.4,-4.8,-8.4,-5.3,-3.8,-6.0,-4.1,-8.9,-6.3,-7.4,-5.1,-9.6,-6.7,-8.3,-4.1,-5.7,-3.8,-3.4,-0.1,-4.5,-1.1,-4.0,11.9,-2.5,-1.8,-2.3,-2.6,-1.7,-2.4,-1.6,-3.2,-6.2,-6.3,-3.4,-2.3,-1.5,-8.2,-2.8,0.5,-5.4,-1.8,-0.2,-1.2,-1.2,-6.0,-4.1,2.8,-0.2,-3.8,-1.2,-1.4,-1.2,-4.0,-1.7,-0.4,-0.2,-1.8,-1.2,0.1,-0.9,1.3,-5.3,-3.4,-3.1,-1.7,-5.2,-6.5,-1.4,-2.8,-7.0,-5.8,-4.9,-2.7,-5.3,-5.6,-6.3,-2.5,-7.7,-5.4,-6.0,-15.7,-4.5,-4.3,-3.5,-3.1,-4.7,-3.9,-4.6,-4.4,-6.7,-4.8,-7.9,-3.7,-13.2,-5.2,-9.0,-7.5,-5.3,-6.9,-5.8,-5.0,-9.4,-7.7,-6.2,-5.3,-5.6,-4.2,-7.7,-6.7,-8.3
2C7L50vE7m,0,48.099047,11.638662,4443101.7,2777519.1,538.4,584.1,208,7506,1.6,0.93,0.3,32.69,348.95,-0.53,-0.103,0.842,-0.7,0.1,-0.25,0.12,0.4,0.1,-0.3,-2.1,-2.0,-1.0,-1.0,-1.2,-1.1,-0.3,-0.5,0.3,0.1,1.2,0.5,-0.1,-1.0,-0.9,0.7,1.0,-0.6,-0.4,-3.4,-1.1,-1.8,0.0,0.8,0.5,0.8,-0.0,0.1,-0.1,-2.6,6.2,-3.8,-4.1,-1.5,-2.3,-2.3,-2.3,-1.8,-1.2,-0.8,-1.6,1.6,0.9,0.5,-1.2,-0.4,-0.1,-0.8,0.2,-0.1,-0.1,-1.8,-0.1,-1.1,-1.1,-0.8,0.3,-0.8,-0.1,-2.7,-0.3,-0.9,-0.2,0.3,-1.4,-0.2,0.4,0.4,-1.3,-2.1,-0.6,-0.8,-1.0,-0.9,-0.4,-1.5,-1.0,-1.3,-1.0,-2.7,-1.7,-2.4,-2.8,-3.5,-1.6,-1.2,-0.0,-2.2,-2.3,-1.4,-2.8,-2.9,-2.6,-4.4,-2.3,-1.1,-0.8,-1.6,-3.2,-3.7,-3.2,-0.9,0.1,0.3,-0.2,0.5,0.4,-0.7,-0.2,-3.1,-1.0,-3.9,-1.2,-0.9,-0.9,0.0,-0.6,-2.4,-4.4,-1.7,0.9,-0.3,0.6,-1.0,-1.6,-1.5,-0.8,-4.6,-2.1,-3.2,0.7,-0.9,-0.5,-1.5,-4.3,-2.8,-3.0,-3.9,0.6,2.2,2.0,-2.9,-3.0,-1.7,-0.6,-1.3,2.4,-4.2,-3.8,-1.0,-1.7,-0.7,-4.7,-1.5,-1.2,-0.9,-3.3,-0.9,-1.9,-2.0,-3.6,-1.3,-2.2,-2.8,-6.1,-3.8,-3.1,-8.5,-6.7,-3.8,-2.6,-2.8,0.0,-3.4,-0.3,-4.8,-1.6,-4.3,4.0,-2.9,-4.4,-2.9,-3.6,-2.6,-2.2,-2.0,-2.2,-2.9,-2.1,-4.9,-1.5,-1.8,-3.1,-6.6,-3.5,-4.9,-5.1,-4.5,-3.0,-3.5,-4.6,-5.0,-4.6,-2.6,-2.4,-5.9,-4.0,-7.8
2C7L50vE6k,0,48.098611,11.635118,4442838.69,2777464.74,542.4,588.1,208,7442,2.2,0.86,0.34,32.68,348.95,-0.53,-0.103,0.842,-0.3,0.1,0.43,0.17,1.3,0.1,-0.3,1.0,-1.2,-1.0,0.9,2.2,-3.1,1.7,1.7,3.4,-7.0,6.4,-3.4,2.5,4.6,3.1,3.0,2.0,4.3,4.0,2.0,-0.4,2.0,-0.5,1.6,1.4,2.5,1.8,-1.8,4.8,1.8,0.9,-0.1,-0.6,-2.3,2.1,1.4,7.0,5.0,0.0,5.1,1.5,-0.4,0.3,1.3,1.9,1.1,-2.3,1.5,1.5,-0.2,-0.6,-0.2,0.7,0.7,-0.6,1.6,-0.5,2.1,-1.4,-0.0,-0.8,-0.8,-2.8,0.6,-4.7,-3.7,-1.8,-4.6,0.4,1.1,-3.8,1.2,-1.7,-0.8,1.2,0.5,1.7,1.8,0.7,-1.2,-1.8,2.9,-0.9,-0.9,2.5,1.0,3.5,2.3,0.7,0.0,-0.0,-2.0,0.1,2.9,0.0,1.3,3.3,1.5,1.3,1.6,1.1,3.6,4.7,3.9,3.3,2.2,2.6,0.1,2.5,1.4,4.0,0.0,0.4,-1.9,0.8,-1.6,-3.4,-3.0,-5.1,0.7,-4.8,-1.8,-1.1,-1.9,1.2,1.4,-2.9,-1.0,-0.7,1.4,2.7,1.7,-3.2,0.3,0.2,1.3,2.6,-0.8,1.9,3.9,-5.2,-2.2,-1.9,-1.3,0.2,-0.7,-4.0,-2.7,-0.4,0.1,-4.1,0.1,1.1,2.1,3.5,0.7,1.3,0.4,-1.0,1.5,3.5,-0.6,1.2,-0.5,-0.9,2.1,0.6,-2.9,-0.8,1.1,2.6,0.4,-9.7,-4.5,-3.1,-8.5,-2.4,-1.6,-4.7,-0.9,0.7,-0.9,1.0,0.2,0.7,2.9,-1.4,2.4,1.0,1.7,4.2,1.3,-0.6,-0.3,1.3,2.1,1.0,0.8,1.7,-1.1,-1.3,0.3,-0.0,1.4,3.9,-1.7,-0.1,-0.3
2C7L50vE6w,0,48.098691,11.635742,4442885.02,2777474.69,540.2,585.9,208,7454,2.9,0.82,0.36,32.68,348.95,-0.53,-0.103,0.842,-0.9,0.1,-0.31,0.22,0.6,0.2,-0.3,-0.4,-1.5,-0.8,-0.8,-0.1,5.8,1.8,0.1,-1.1,6.8,1.0,2.2,-2.6,2.2,-1.1,0.0,-1.9,2.9,0.2,3.2,1.0,2.9,2.6,-0.4,3.6,-0.3,-1.0,-5.1,0.7,-4.3,-2.8,-2.3,-2.4,-1.4,-3.1,-1.8,1.3,-2.4,1.4,-0.9,0.2,-0.4,1.7,-6.1,4.3,-1.3,-2.0,-2.2,4.3,-0.7,4.6,2.2,-0.4,0.7,-2.5,-2.4,-3.1,-3.5,-3.5,-3.5,-4.2,-2.5,-12.8,-4.9,12.4,4.3,-1.5,12.3,-5.1,-0.1,-3.1,-2.3,-3.1,-2.6,-0.7,-2.6,-1.8,-0.9,-0.7,-0.1,-0.3,-2.0,0.2,-1.3,-0.2,-0.8,3.2,2.2,-4.5,-0.1,-1.5,-2.8,-1.9,4.5,1.2,-1.7,1.1,6.3,0.9,-0.0,-0.0,1.5,0.0,2.5,-0.3,-2.9,-0.1,-4.0,-1.6,0.4,1.8,1.1,-0.1,-1.6,-1.3,-6.7,-3.1,-2.1,-4.9,-1.3,-8.6,-2.8,0.2,-1.2,0.7,1.6,0.2,-2.6,-2.5,-1.5,3.2,4.0,0.5,-1.5,-2.7,-0.7,1.9,0.2,1.8,3.2,-2.0,-3.5,-3.7,-2.1,-1.5,-4.7,-4.7,-2.0,-3.0,1.3,-9.4,-3.4,-2.0,-0.2,-0.0,-1.4,-1.4,-2.5,-1.7,-2.1,-0.3,-1.0,-1.5,-0.4,-2.3,-0.2,0.9,-5.5,-1.9,0.2,0.6,-0.4,-2.6,-2.6,1.4,-8.2,-5.7,-3.8,1.1,-5.7,-3.5,-4.1,-5.1,-5.6,-5.8,-6.1,-7.2,-1.5,-3.2,-4.0,-3.2,-4.4,-4.5,-6.9,-5.5,-7.5,-4.1,-1.5,-6.1,-3.7,-6.9,-5.4,-5.2,-6.1,0.4,-3.6,-3.4,-1.1
2C7L50vE7C,0,48.098826,11.636796,4442963.18,2777491.44,547.2,592.9,208,7470,2.7,0.85,0.39,32.68,348.95,-0.53,-0.103,0.842,-0.0,0.1,0.14,0.2,0.8,0.2,-0.3,-0.9,-2.1,-0.5,0.6,-0.4,-1.0,-2.6,-2.0,2.3,2.6,0.7,-0.5,-1.0,-2.3,-0.3,-2.2,2.4,-1.9,-0.5,-4.5,-0.1,0.8,-2.1,0.1,2.4,-0.3,2.1,-0.9,-0.7,-0.0,-2.6,-4.1,-4.8,-3.0,-1.2,-3.8,1.0,-1.3,0.3,3.0,2.5,-0.2,1.0,-0.1,3.9,5.0,1.8,-1.7,2.1,1.4,-2.4,-0.4,1.1,0.3,-2.4,-1.2,0.0,-2.8,-0.8,-1.1,-0.7,-1.0,-2.1,0.5,0.2,0.5,0.0,2.5,-4.0,-0.5,-0.9,2.8,-1.5,-0.4,-0.1,-0.7,1.6,-0.5,-0.3,-1.1,-1.8,-0.2,-1.9,-1.5,3.3,-0.3,-4.9,-3.8,-6.2,0.8,0.7,-4.9,-1.7,-4.5,-5.3,3.1,-1.6,1.0,-3.4,-0.4,0.7,1.5,-0.6,0.7,-0.0,0.8,-0.1,-0.4,-2.7,1.2,0.5,-0.5,-0.0,0.7,1.2,-2.5,-0.9,-2.1,0.8,0.9,-0.4,1.7,-1.2,-1.4,1.6,0.9,-1.7,1.0,2.1,-2.7,1.4,-4.3,-0.7,-2.8,-1.9,0.4,1.1,-2.0,4.0,2.6,-3.5,-0.7,0.9,1.0,-0.7,0.0,-0.9,0.1,-1.8,-0.6,-2.8,-0.7,-1.6,-1.7,0.0,-3.2,-0.8,1.2,2.3,1.0,-0.6,-7.2,-4.5,0.2,-4.8,-1.8,-2.5,-6.5,0.9,2.4,-4.4,-0.6,-1.8,-5.6,3.8,-0.3,-1.5,-3.4,8.5,0.3,1.6,1.4,0.2,8.6,0.1,0.7,-0.5,-1.0,-5.6,-11.5,-0.3,4.2,-0.9,-5.9,0.1,5.6,-4.6,-1.1,-4.2,-1.5,-3.5,-5.6,13.9,0.8,3.4,-1.5,2.9,0.3
2C7L50vE7j,0,48.099043,11.638485,4443088.54,2777518.35,538.7,584.4,208,7503,2.2,0.9,0.38,32.69,348.95,-0.53,-0.103,0.842,-0.4,0.1,-0.06,0.17,0.4,0.1,-0.3,0.0,-1.6,-0.4,-1.9,-0.6,-3.4,-0.1,-0.9,-1.0,-2.7,-0.6,1.1,-0.4,-0.1,0.8,-0.8,1.3,0.0,0.0,-2.3,0.4,-0.6,1.1,-3.7,-0.5,-2.6,-1.8,2.1,-0.7,-1.7,6.8,-5.6,-5.3,-3.5,-2.4,-1.9,0.0,-0.2,-1.3,0.0,-0.2,3.4,0.3,0.7,-2.4,-0.4,0.4,-0.6,0.3,1.8,1.0,0.6,0.9,0.6,0.1,0.4,0.3,0.0,0.8,-0.8,-0.7,0.1,-2.6,-0.3,0.9,1.7,-1.0,-1.0,0.2,0.6,0.6,-0.2,0.3,-0.8,-0.1,1.0,0.8,-0.2,-0.7,-0.7,-1.4,-1.7,-0.7,-1.4,0.4,-0.1,1.2,-0.3,-0.5,0.3,-1.3,3.3,-2.3,-3.4,-1.7,0.2,0.3,-2.9,-6.4,-0.1,0.7,-1.6,-1.2,-0.5,0.8,0.3,1.7,0.8,-0.8,-0.7,-2.2,-2.2,-1.4,-0.7,-0.7,-2.1,-0.4,-2.9,-2.4,-2.1,-1.2,-1.7,-1.3,-3.5,-4.2,1.0,-1.7,-3.8,-3.2,0.1,0.4,-3.0,-0.6,-4.3,-5.5,-2.9,-1.3,-4.0,1.8,-0.4,-1.6,-2.5,-4.3,-4.4,-1.1,-1.9,-2.3,-2.8,-2.3,-1.4,-5.9,-1.9,-1.7,-2.5,-3.2,-5.0,-2.0,-2.4,0.1,-2.1,-0.9,0.4,-1.5,0.3,-3.7,0.4,1.0,-4.8,-2.6,-0.1,2.9,1.0,0.2,-3.5,-5.7,9.8,0.7,0.8,12.1,-0.2,-0.8,-5.1,-1.7,-4.5,-3.2,-0.8,-1.3,-2.6,-1.7,-4.5,-0.7,-1.7,-4.9,-5.6,-4.7,-3.8,-2.2,-3.7,-3.9,-3.3,-1.9,-5.0,-5.3,-1.1,-1.8,0.5,-0.2,-4.6
2C7L50vE62,0,48.098308,11.632619,4442653.27,2777427.03,544.2,589.9,208,7398,3.3,0.76,0.45,32.66,348.95,-0.53,-0.103,0.842,-0.4,0.2,-0.95,0.25,1.0,0.2,-0.3,3.1,3.6,6.4,3.5,3.8,-5.6,2.5,0.2,-0.2,-3.8,0.6,-0.7,1.4,2.8,1.4,-1.1,-3.9,-8.5,-4.7,5.5,3.1,-1.8,8.3,4.4,-6.2,2.2,4.8,-1.5,2.4,-2.0,-16.2,-6.8,-2.6,-4.4,0.3,-5.3,0.4,-0.4,5.4,0.6,1.0,2.3,1.5,0.3,1.1,2.2,4.2,1.9,2.7,2.7,3.6,6.3,4.3,2.0,4.8,7.7,7.1,3.5,5.1,4.6,3.9,3.0,7.5,6.0,0.6,1.3,4.1,4.0,5.0,3.8,-3.3,10.7,2.5,3.8,3.5,4.8,1.2,4.3,2.7,4.1,1.8,0.8,0.8,4.8,4.0,5.4,4.8,2.6,-2.3,-1.4,1.1,1.0,2.5,2.0,1.4,-1.9,5.0,-1.9,-1.0,-2.2,1.8,-1.5,2.5,8.0,6.5,7.1,6.0,6.5,7.7,4.8,4.7,2.4,3.5,4.3,3.4,-0.2,-1.2,1.5,1.3,-1.6,-1.0,3.3,5.2,2.3,4.5,2.0,-0.5,3.5,4.8,-3.5,3.2,-0.1,3.1,7.0,3.5,2.7,7.1,-0.4,2.6,-0.5,2.8,-2.4,-0.9,1.6,3.9,1.7,-2.9,-1.7,1.2,2.1,-2.6,-1.5,1.2,1.1,-0.0,3.5,1.9,5.1,0.3,2.3,1.4,0.8,1.8,0.7,0.6,-0.2,-2.7,-4.0,-1.0,0.6,6.9,2.0,-3.2,-5.2,6.2,1.4,1.5,-0.8,-7.2,0.4,-1.8,-0.9,-0.1,-2.8,-1.2,9.2,2.4,1.7,4.4,0.9,0.3,1.3,0.7,-6.3,-1.7,-1.0,-6.8,-1.2,-0.7,-1.7,-0.1,1.1,0.4,0.3,-2.9,-1.2,-0.0,5.3
2C7L50vE6d,0,48.098592,11.63483,4442817.35,2777462.22,548.1,593.8,208,7435,3.1,0.8,0.45,32.67,348.95,-0.53,-0.103,0.842,-1.3,0.2,-0.14,0.24,0.0,0.2,-0.3,1.6,-1.1,2.6,-1.0,0.3,1.7,2.3,5.3,3.2,-5.0,2.0,-6.2,2.0,2.0,1.8,1.9,0.3,1.7,0.6,0.2,-3.7,0.3,0.2,1.9,1.1,-0.7,-1.8,-8.6,-0.1,-2.4,1.2,-4.8,-4.8,-3.1,0.2,1.2,1.0,2.7,-4.7,2.5,-6.2,-3.0,2.0,0.9,0.4,-1.8,-10.3,-9.6,-0.6,1.0,-0.7,0.7,1.1,0.4,1.2,0.3,-0.4,0.3,1.9,0.5,1.3,0.7,-4.1,2.7,-6.0,-4.1,1.1,-5.2,0.1,-0.7,-2.0,-0.9,-5.3,-2.1,-1.1,-1.5,-1.0,-0.6,1.4,0.2,-1.4,-4.3,-0.5,-2.0,-1.4,1.2,-2.9,-3.4,-4.4,-0.2,-6.3,0.8,5.3,-0.6,0.2,0.5,-1.0,3.0,-9.0,-0.5,-2.5,-3.9,4.4,2.7,2.6,-7.3,3.4,-13.8,2.3,-0.3,3.3,-1.8,-11.5,2.7,-2.7,-3.1,-0.9,4.7,1.4,-0.8,-5.9,4.8,-8.2,-3.5,-0.8,-2.3,-8.5,-2.9,-2.9,-5.6,-0.2,-1.0,-2.1,-0.7,1.0,1.4,1.1,-2.9,0.8,-1.0,-4.5,-4.7,-5.4,-4.0,-2.8,-4.1,-6.5,-5.0,-3.9,-4.9,-4.9,-3.7,-2.6,-2.9,-3.1,-1.9,-2.6,-2.7,-4.3,-3.6,-4.3,-3.6,-3.0,-4.8,-5.6,-0.9,-1.8,-5.7,-5.1,-3.4,-3.3,-4.9,-7.5,-11.2,-8.3,-10.4,-7.4,-6.3,8.3,-6.4,-5.5,-5.5,-4.5,-5.4,-5.9,-6.5,-6.4,-5.3,-3.8,-7.3,-7.3,-3.3,-5.4,-9.3,-6.3,-4.6,-2.1,-2.7,-4.3,-5.3,-6.4,-7.1,-5.1,-4.6,-5.2,-7.4,-6.5,-5.0
2C7L50vE6h,0,48.098601,11.634902,4442822.62,2777463.37,540.5,586.2,208,7439,3.7,0.74,0.45,32.68,348.95,-0.53,-0.103,0.842,0.8,0.2,0.52,0.29,0.3,0.2,-0.3,0.7,0.6,-1.0,-0.7,-0.2,5.4,-0.4,-2.6,-1.3,6.4,0.0,-2.3,-1.7,-0.9,-1.3,-1.0,-1.6,-2.5,4.0,-2.4,0.9,1.1,9.1,0.6,-0.7,-0.4,1.2,-12.8,-1.4,-4.5,-19.3,-3.0,-4.5,-11.9,-2.1,2.2,2.9,-1.6,-1.5,-3.0,-3.5,-0.9,-4.1,-1.3,-1.9,-1.3,3.6,-1.3,-1.5,-0.0,-3.3,-3.2,-3.8,-4.6,-4.3,-3.8,-3.6,-2.0,-0.8,-5.6,-0.3,-0.3,-2.9,-0.5,3.7,-1.1,-0.1,2.9,-4.2,-1.7,-11.7,-3.6,-10.0,-2.5,-2.7,-1.3,-2.4,1.1,2.5,-1.6,-1.1,-1.2,-0.9,-1.2,-1.1,-0.8,-2.0,-0.7,-1.7,-1.4,-5.1,1.5,-0.4,7.6,-1.1,-10.7,-11.7,1.0,1.2,-2.2,1.9,1.9,4.0,0.8,0.1,4.4,1.9,-3.0,-2.6,-3.9,-1.2,-0.8,-2.4,0.9,-0.4,-5.1,-15.8,-8.7,-7.7,-3.5,2.0,-5.1,-3.8,-0.5,-1.3,-1.7,0.1,-2.8,-1.0,-5.5,-0.1,-0.9,0.1,-0.9,-3.5,-1.8,1.8,-2.4,1.3,2.7,2.1,-3.0,-3.0,6.6,4.0,1.6,7.3,-0.2,-0.4,0.3,-5.1,-2.4,-1.1,-3.4,6.7,1.6,1.2,4.2,-0.4,-1.2,3.9,-2.9,-3.5,2.8,2.1,3.2,0.5,-5.7,3.0,1.9,0.4,-0.2,4.3,1.4,1.2,-2.0,0.8,1.8,-5.5,0.8,5.2,4.2,2.2,0.2,1.9,4.7,-0.3,4.7,3.4,-9.7,5.3,-0.9,6.3,9.5,-4.3,6.8,-2.1,5.6,5.5,-2.5,2.0,1.5,2.6,0.7,0.9,-2.1,-2.8,-1.1
2C7L50vE7f,0,48.09903,11.638239,4443070.22,2777516.49,536.8,582.5,208,7499,4.7,0.45,0.48,32.69,348.95,-0.53,-0.103,0.842,-0.5,0.2,-0.23,0.36,4.7,0.3,-0.3,-9.1,3.2,5.6,2.1,3.9,2.6,-14.2,4.8,4.9,-14.0,7.3,5.4,-5.4,-1.6,-6.6,-5.0,-6.4,-3.9,-9.7,-5.0,-10.7,-8.8,-9.7,-10.4,-0.5,-3.5,-7.0,-9.4,-20.3,-12.6,-24.5,-17.7,-11.3,-8.4,-9.3,-6.3,-10.2,-5.2,-6.1,-6.0,-6.0,-10.6,-7.2,-5.1,-10.8,-9.1,-13.9,4.1,3.2,4.8,-3.4,-2.2,-3.8,-3.8,-4.0,-3.3,-2.6,-2.6,0.4,-2.1,-4.3,-3.0,-2.3,-2.4,-1.8,-3.4,-1.1,-4.4,-4.4,-3.1,-5.5,-6.2,-5.1,-3.8,-1.3,-6.0,-8.6,-8.5,-9.9,-6.5,-7.8,-9.1,-6.9,-12.0,-3.8,-5.4,-5.3,-9.9,-2.9,-15.0,-3.4,-11.2,-10.3,-8.9,-8.9,-6.6,-10.4,-6.3,-8.1,-6.8,-10.4,-7.3,-7.3,-1.0,-7.0,-0.4,-6.9,-10.5,-8.4,2.4,-1.6,-6.6,5.5,-5.1,-5.0,2.5,-7.6,-7.0,6.2,-5.8,-9.5,-5.7,-7.2,-0.9,-5.6,-3.4,-2.9,-5.8,-8.1,-8.9,-6.1,-3.6,-9.9,-8.5,-12.7,-12.4,-9.7,-7.5,-5.5,2.2,1.0,-3.7,-2.3,-17.2,-2.6,-0.6,1.3,-0.9,-2.5,-4.4,-4.5,-2.0,-3.1,-4.6,-3.4,-2.9,-15.5,-13.4,-2.4,-2.2,-11.7,-15.4,-10.9,-14.0,-15.9,-16.1,-10.8,-15.9,-8.0,1.4,-10.4,-16.9,-13.7,5.1,-0.5,4.6,3.2,-1.6,4.7,0.7,-1.5,-3.7,-4.1,-4.3,-1.3,-0.7,-9.5,-14.8,-9.5,1.9,-16.0,-6.4,-11.0,-12.6,-22.8,-15.1,-7.6,-12.0,-13.0,-21.2,-6.2,-4.4,-1.1,-2.3,-6.5,-6.5,-2.6,-3.2
2C7L50vE7n,0,48.099084,11.638658,4443101.34,2777523.17,536.0,581.7,208,7507,4.6,0.56,0.46,32.69,348.95,-0.53,-0.103,0.842,-0.5,0.2,-1.17,0.35,0.9,0.3,-0.3,-5.5,0.0,-0.0,-0.2,0.6,2.4,3.3,3.4,4.6,-0.3,5.2,2.8,-3.4,2.8,-4.1,0.0,1.9,7.3,-3.2,-1.5,-1.4,-1.6,1.6,5.9,5.1,2.2,4.9,2.8,4.4,1.8,6.1,-2.7,5.9,1.5,-2.2,-6.3,-8.3,-8.3,-3.3,-3.9,-1.6,1.2,2.1,5.9,4.4,3.5,7.7,9.6,1.4,3.3,-0.6,-3.5,-0.1,-4.7,-1.3,2.9,-3.5,-1.4,-2.3,-4.9,-0.3,-10.0,10.8,11.3,5.9,-11.2,3.3,5.7,7.3,7.3,-8.6,7.4,6.6,7.3,2.7,3.2,4.0,6.0,5.4,9.4,4.3,5.4,4.2,5.4,2.3,5.1,1.6,4.5,3.1,0.9,1.8,0.5,0.5,-3.3,7.3,2.1,2.9,1.1,-3.9,-2.2,-0.8,2.6,2.0,5.0,3.2,5.2,5.4,4.7,1.2,0.1,-3.8,8.4,4.0,4.3,6.0,8.9,-14.2,2.4,-4.3,9.2,6.3,6.7,7.4,5.3,3.1,1.4,1.2,-5.1,-1.1,0.2,0.8,4.3,-0.7,-1.5,0.5,8.0,-7.7,-7.1,2.1,6.0,4.5,2.9,0.4,3.2,-10.2,-3.9,6.4,-6.4,-4.3,4.8,11.5,5.8,-7.9,3.6,0.6,4.5,-5.8,4.7,0.2,1.9,0.2,0.7,-2.3,1.9,-8.5,-6.6,6.2,8.5,2.4,0.3,1.7,-2.5,8.7,-1.7,3.6,9.6,6.7,-12.8,7.5,4.2,-10.6,0.2,1.9,-0.9,-4.4,0.6,-0.6,-0.7,0.9,2.0,3.1,1.7,-1.2,-3.3,-2.4,-2.8,-4.0,-3.8,-2.0,-4.6,-4.9,-5.4,-1.3,-7.6,2.4,-4.9,-3.1,-5.8
2C7L50vE5W,0,48.098098,11.630834,4442520.82,2777400.69,545.6,591.3,208,7366,2.8,0.84,0.37,32.65,349.02,-0.53,-0.103,0.842,-0.2,0.1,-0.34,0.21,0.5,0.2,-0.3,-1.6,-2.9,2.0,-2.8,-1.6,15.1,-0.9,-1.4,-1.3,-3.9,-0.6,-6.5,0.4,-1.8,0.9,4.2,2.4,0.4,3.1,5.5,-0.0,1.5,0.7,4.8,3.0,3.5,2.8,4.0,0.1,-0.5,3.1,-0.5,-1.6,0.1,-2.4,1.6,2.9,2.7,5.1,4.8,0.1,0.2,4.3,4.2,3.4,2.4,0.6,1.9,2.4,1.6,1.9,3.1,3.2,4.2,1.2,2.4,-0.5,0.2,1.0,0.6,4.0,2.8,4.5,1.0,17.0,5.9,3.9,-0.5,3.5,1.8,0.9,6.7,1.6,-0.8,3.1,2.8,4.1,3.3,3.3,3.9,1.5,2.5,0.2,2.9,2.5,0.5,4.8,0.0,3.7,3.7,6.3,-1.6,-0.1,3.0,0.9,0.2,2.0,3.6,3.8,2.5,2.2,3.3,5.0,3.8,3.4,2.9,2.4,1.7,5.6,1.1,3.0,2.8,4.0,3.9,3.7,3.8,1.2,3.3,-1.0,2.1,-0.4,-2.0,-4.2,0.7,0.7,0.7,-0.6,4.4,0.8,1.5,3.4,2.8,-4.4,4.3,1.7,4.8,0.7,3.6,8.8,6.1,4.5,-3.2,0.7,-1.0,1.7,-0.8,-0.9,-2.9,-1.5,11.0,-4.9,-2.2,-3.5,-1.1,-0.8,2.1,2.3,0.3,4.9,1.2,2.0,0.7,2.2,-1.2,0.5,3.3,1.3,0.5,-3.0,4.1,3.0,4.1,-1.1,-0.3,3.1,5.7,2.7,0.6,-5.8,1.5,1.3,0.0,0.3,3.5,1.8,2.0,-0.2,3.2,3.5,0.3,-0.5,3.3,2.1,-0.5,2.3,4.1,3.6,3.4,-0.9,2.2,-0.5,2.4,2.1,0.8,-2.2,0.4,-0.2,0.5
2C7L50vE5q,0,48.098227,11.631839,4442595.37,2777416.69,540.4,586.1,208,7386,2.8,0.86,0.39,32.66,348.95,-0.53,-0.103,0.842,0.2,0.1,0.42,0.21,0.5,0.2,-0.3,0.8,-0.3,1.2,0.1,1.3,-2.9,1.7,-5.3,-2.1,-0.5,-0.2,-1.4,0.5,0.2,3.5,0.3,2.1,2.5,2.4,1.8,1.1,-1.0,2.2,2.9,5.4,1.0,2.6,1.4,3.0,1.2,-18.6,-0.3,-0.2,0.6,0.3,2.7,1.8,3.4,2.1,0.5,0.9,3.2,2.3,3.1,3.8,0.2,-1.3,1.0,1.7,0.7,1.3,2.1,1.8,1.9,2.1,1.1,3.7,2.3,2.1,1.3,0.8,0.5,1.0,0.6,-3.6,-4.4,1.8,-2.6,-0.4,1.9,-3.6,1.4,-3.0,2.1,2.0,2.1,2.5,2.1,2.8,2.7,-0.1,1.6,0.2,5.2,2.7,3.4,3.2,0.6,-2.2,-0.3,1.0,2.7,-0.3,0.6,0.2,-0.6,3.2,2.1,3.9,1.2,0.7,2.7,2.6,4.2,2.5,-2.2,2.2,-2.0,1.1,2.2,-0.1,3.0,-0.8,-2.6,-4.6,-7.0,1.0,-4.9,-1.6,3.5,1.6,-1.4,-1.1,-1.7,-0.7,-1.5,-3.1,2.0,0.7,-3.3,-0.9,0.9,9.4,-0.5,-4.8,0.4,-0.0,-4.5,-2.2,-2.5,-11.8,-4.2,-2.1,-1.2,-1.7,3.1,1.2,2.7,1.6,2.6,1.6,-0.9,1.8,2.1,2.3,0.5,1.8,1.7,-1.3,1.2,4.8,-1.2,-0.9,-1.0,1.2,4.5,-0.1,-1.3,0.2,2.0,2.5,1.4,-0.5,3.9,-10.1,0.9,1.0,2.3,2.2,3.7,1.6,1.1,3.6,5.0,1.5,2.0,4.8,2.1,2.9,1.4,0.7,2.4,2.4,-0.8,0.9,0.4,3.7,3.8,1.0,2.4,0.4,2.4,3.0,3.6,0.7,-0.4,1.0,0.3
2C7L50vE6m,0,48.09866,11.635213,4442845.67,2777470.38,542.3,588.0,208,7444,3.9,0.59,0.45,32.68,348.95,-0.53,-0.103,0.842,3.8,0.2,-0.28,0.34,2.4,0.3,-0.3,-2.4,-2.9,-1.7,1.9,-1.7,-2.9,0.1,-2.1,-1.6,-6.1,-2.2,-4.4,-1.8,-0.5,0.4,1.3,1.1,3.8,5.2,5.0,0.5,6.2,0.5,6.4,2.4,7.6,2.1,-5.7,0.8,3.3,2.4,3.1,-5.8,3.4,13.6,6.0,3.0,6.5,6.4,8.4,4.5,-4.4,3.1,9.5,6.0,1.3,-4.3,-0.2,1.6,-0.7,-2.9,0.2,0.5,-1.1,-2.3,-1.5,-2.9,-0.5,-2.2,-5.1,-3.3,-2.4,-3.1,-1.8,-3.8,-6.0,-3.9,-4.8,-2.3,-1.4,-5.7,-1.5,-5.4,-2.3,1.3,1.8,3.2,2.4,2.1,3.1,-0.1,0.4,1.7,1.6,2.4,3.6,4.1,3.5,3.4,-0.2,0.2,0.4,-0.5,2.4,21.8,5.6,-0.4,6.3,7.1,4.1,1.4,5.2,4.2,2.8,6.8,2.1,2.1,2.6,0.7,2.3,-0.4,-0.4,-0.8,0.4,0.0,-4.2,12.4,-2.7,-1.4,0.7,3.8,-3.2,-3.6,-2.0,-1.6,1.0,23.4,4.0,12.1,10.7,16.1,15.6,16.4,12.8,13.1,14.2,13.2,12.4,14.8,16.8,13.2,12.7,12.9,15.6,16.8,14.3,4.2,13.7,15.8,17.5,17.9,15.2,16.4,17.1,15.6,14.2,13.9,13.1,14.4,13.9,12.5,11.9,11.9,12.8,10.9,14.2,15.8,9.3,11.4,12.9,14.2,12.4,11.0,13.0,12.9,18.0,12.7,14.4,10.7,13.1,15.7,14.3,12.6,12.3,14.8,13.4,12.2,13.2,14.1,13.4,15.4,15.9,14.0,10.6,13.1,12.6,14.9,13.0,12.7,13.2,10.7,11.0,12.2,13.7,15.5,12.7,15.3,14.4
2C7L50vE6n,0,48.098666,11.635257,4442848.93,2777471.08,541.7,587.4,208,7445,4.1,0.68,0.55,32.68,348.95,-0.53,-0.103,0.842,0.2,0.2,-0.71,0.31,1.5,0.3,-0.3,6.4,3.9,7.1,3.6,3.2,-3.7,0.0,2.7,8.8,-9.3,1.8,-6.2,-2.7,-5.8,8.1,1.9,-7.8,-1.8,-4.6,-4.9,-2.9,-3.5,-4.6,4.3,-2.7,-3.9,-7.9,-4.7,-6.1,-7.0,-0.1,-6.4,-6.1,-8.2,0.2,-1.1,-7.6,-2.3,-3.7,-0.9,-2.9,-2.2,-2.7,-1.6,-0.8,-1.2,-2.4,-0.4,-2.5,-2.9,-7.1,-3.3,-6.5,9.1,-10.6,2.7,3.1,4.6,0.4,1.2,-3.7,2.5,12.9,-7.6,11.8,6.1,-0.8,12.7,-1.6,-4.2,-0.7,-6.1,8.8,-4.6,-2.7,-5.1,1.4,-3.5,4.8,-1.5,-6.7,-3.7,0.4,10.9,1.3,-1.3,-0.4,-1.3,-4.4,9.6,0.8,-6.2,0.2,-2.4,1.2,-2.7,-1.2,-2.5,-0.9,-5.1,-4.7,-2.2,3.2,1.4,-1.8,-1.6,-3.9,-2.8,-1.9,-0.3,1.4,-4.9,-2.2,0.7,-2.8,-10.0,-2.3,-5.0,2.9,-1.2,-0.2,-0.0,-0.3,-5.5,-2.5,0.5,15.5,-4.8,-1.3,-1.7,6.5,2.3,3.6,-2.1,0.1,-0.6,-1.2,-0.4,3.9,3.4,-0.6,-1.7,-0.4,-1.8,4.3,1.1,14.3,-1.0,2.7,4.8,3.0,4.2,3.1,-0.9,1.0,2.0,3.5,0.2,-0.1,0.5,-1.4,-2.5,-4.3,-4.1,-2.4,1.1,3.1,-4.8,-0.8,0.9,1.2,-0.8,-2.1,-3.8,-1.3,-1.7,-1.1,1.8,-1.7,1.3,3.4,0.2,-2.0,-1.3,1.9,1.6,-3.1,-0.3,0.1,-0.8,1.2,3.4,-0.1,-7.5,-1.5,-1.8,0.2,-5.1,-0.9,-0.4,-3.0,-3.4,-2.3,-1.7,-1.2,-2.3,-1.3,-4.7
2C7L50vE76,0,48.098783,11.636173,4442916.92,2777485.68,533.7,579.4,208,7464,3.6,0.8,0.38,32.68,348.95,-0.53,-0.103,0.842,-1.0,0.2,-0.23,0.27,0.7,0.2,-0.3,1.8,-2.1,1.8,0.1,0.4,3.1,1.1,0.3,1.4,-12.4,-2.1,5.2,-1.2,3.0,4.6,1.8,3.7,5.2,1.4,2.5,2.4,4.1,3.7,-0.4,2.2,2.9,3.2,2.8,3.5,-0.1,-17.4,-5.5,0.4,0.2,3.9,0.6,4.0,3.8,0.3,3.2,0.2,5.4,1.6,1.1,2.7,-0.1,5.3,4.5,2.2,3.7,-0.3,0.1,0.0,-1.9,2.5,0.5,0.0,-1.2,-1.1,-2.1,-0.2,1.0,0.6,4.9,0.8,-5.1,-2.2,0.2,-0.8,0.8,5.4,1.8,-0.2,2.7,-2.7,1.7,0.4,-0.1,2.8,-0.5,0.8,0.9,1.9,3.2,3.7,-1.2,4.9,-0.3,1.1,0.3,1.1,-5.4,-0.7,-4.3,0.4,-1.2,6.5,4.0,3.0,1.1,0.6,1.9,5.7,-0.1,-0.6,3.5,0.0,1.9,-1.6,-0.6,-0.6,-0.6,-3.2,-0.9,-2.5,-0.1,-4.5,-3.3,7.5,-7.5,-7.1,-1.8,0.3,0.8,0.2,1.9,2.0,-2.1,0.2,-2.1,-1.0,-5.4,-0.8,1.0,-0.6,1.9,-0.8,-2.0,-1.4,-0.2,2.5,-0.3,-0.5,-3.2,-1.5,-7.3,2.7,3.0,2.8,1.3,-3.9,0.3,2.4,3.0,1.0,1.6,0.2,2.9,3.0,0.9,-0.7,-1.7,-3.6,-3.2,-9.9,2.4,-0.6,-17.0,-5.4,-3.7,-14.8,0.8,3.3,-15.4,-0.5,-1.5,-2.7,-1.7,-18.5,-3.2,0.2,-2.2,-1.9,-3.7,-3.9,-1.6,1.6,-2.9,1.8,-2.9,2.7,-1.4,-1.6,-4.5,-3.3,-2.4,-4.6,-4.6,-4.9,-1.5,-1.1,-3.3,-6.5,-5.0,-2.4,-2.3,-3.8,-0.1
2C7L50vE7I,0,48.098891,11.637013,4442979.2,2777499.03,541.3,587.0,208,7476,4.4,0.61,0.48,32.68,348.95,-0.53,-0.103,0.842,0.7,0.2,-0.78,0.33,2.6,0.3,-0.3,1.7,-8.4,-5.3,-7.4,-0.6,0.8,-0.9,-2.4,-1.4,-1.4,-2.2,-1.3,-2.0,0.8,-2.4,0.4,-2.9,-1.6,-2.4,-6.1,-0.2,0.5,1.9,-5.7,-1.4,-5.4,-4.2,5.3,6.5,-6.1,-17.9,-9.1,-5.7,-3.8,-11.9,-5.9,-3.8,-2.6,-5.4,-6.3,1.4,2.0,-1.1,15.5,2.3,0.1,0.4,4.0,3.2,1.7,0.5,2.9,2.3,0.1,-3.7,-4.8,1.4,3.0,1.1,1.2,1.5,-1.8,-2.5,3.2,-1.6,1.6,2.4,0.3,0.6,-0.6,1.9,-2.9,2.4,0.3,-1.9,-2.6,-2.0,-4.2,-4.5,-8.4,-3.7,-4.6,-1.4,2.0,-1.3,-4.2,-2.2,-4.9,-6.1,-7.0,-1.1,4.6,-5.6,-3.8,-4.6,-4.2,8.8,-2.4,3.1,-2.3,1.0,0.5,3.5,-0.7,1.2,1.0,-6.8,-0.2,-1.1,-1.3,0.1,5.3,-0.6,5.6,7.8,5.8,-2.4,6.6,7.5,4.7,1.1,5.8,2.9,-2.0,-0.9,4.6,1.4,0.6,-2.4,-4.3,-0.2,-11.6,-3.0,-5.8,3.8,-6.7,2.0,0.6,5.1,2.9,6.1,6.6,3.2,9.7,1.5,0.9,-0.8,0.2,1.1,1.1,0.1,1.0,6.0,-1.4,1.6,2.3,-0.8,11.6,-3.8,-0.7,-9.0,-3.9,-1.6,4.5,0.3,6.1,9.7,13.1,-3.1,-5.8,-5.1,-7.0,2.7,1.8,2.9,1.5,-1.8,16.8,18.9,3.4,8.2,1.9,-0.1,-4.9,1.1,5.8,-0.8,-2.3,-4.0,-4.9,2.4,1.6,-10.1,-1.7,-2.4,-2.1,-8.2,-3.0,2.5,2.1,5.8,2.8,1.0,-1.3,-1.4,12.7,4.4,-6.5
2C7L50vE7K,0,48.098899,11.637074,4442983.76,2777500.01,538.8,584.5,208,7478,2.1,0.87,0.35,32.69,348.95,-0.53,-0.103,0.842,-0.5,0.1,-0.46,0.16,1.3,0.1,-0.3,0.6,-0.4,-2.0,-1.1,-1.1,0.5,0.0,-0.7,-1.7,0.1,-0.8,0.9,-2.3,-0.8,-1.7,-1.1,1.8,1.3,-2.8,-2.5,-3.4,-3.1,-2.0,0.3,-1.1,-4.1,0.5,1.1,0.5,-1.4,5.6,-3.1,-5.2,-4.2,-3.9,-4.9,-1.7,-1.8,-3.5,-1.4,-4.4,-3.7,-1.0,-2.5,-1.5,-1.9,-0.7,-2.0,4.4,-0.3,-0.2,1.6,1.3,2.4,-1.7,-1.0,-0.4,1.3,1.1,0.4,1.3,-0.7,-2.2,1.0,1.3,-0.3,-1.4,1.7,0.8,-7.5,2.0,-0.3,-0.1,-0.0,1.0,1.1,0.7,-0.1,-1.0,-1.5,-1.8,-3.9,0.1,-2.8,0.2,-2.0,-3.9,-4.3,-6.9,-4.9,-4.5,-3.4,-3.9,-0.6,-4.6,-1.0,0.7,1.8,-4.1,-3.5,-2.1,-3.5,0.1,0.2,-0.2,-2.3,-2.6,-2.1,-4.3,-2.5,-1.9,-3.9,-2.2,-2.0,-0.4,-1.9,0.8,0.0,-0.5,-0.0,0.7,1.8,-2.0,0.7,0.7,-0.1,-0.3,-1.9,-3.9,-1.8,-1.1,3.9,0.9,-1.6,-3.6,1.5,-1.1,-1.8,-0.6,-0.6,-1.9,-3.4,-4.8,-3.4,-0.9,-0.5,-1.1,-0.4,-0.4,-0.5,-1.0,1.4,-0.7,-2.8,-2.7,-1.2,-4.2,-1.7,-2.6,-3.0,-5.0,-3.0,-5.3,-3.9,-5.9,-0.0,-1.4,-7.8,-3.5,-2.6,-2.0,-4.1,-2.2,-4.2,1.2,-0.2,0.2,0.5,-0.3,-1.2,0.5,-0.2,-1.0,-2.7,-2.0,-5.3,-5.1,-4.0,-0.5,-6.2,2.3,1.8,-14.0,-4.7,-6.8,-6.1,-11.1,-6.3,-4.4,-3.3,-3.6,-5.6,-5.0,-2.7,-0.9,-3.5,-3.3,-2.3
2C7L50vE7L,0,48.098899,11.637078,4442984.03,2777500.07,536.2,581.9,208,7479,3.4,0.75,0.46,32.69,348.95,-0.53,-0.103,0.842,-0.7,0.2,-0.48,0.26,0.6,0.2,-0.3,-0.3,-4.6,-4.5,-2.8,-2.5,-1.9,1.1,-0.6,-0.3,0.1,0.9,0.8,-1.8,1.8,-3.8,-2.5,6.6,-1.8,5.1,-0.3,0.8,11.9,1.4,4.7,3.0,1.3,0.0,-1.9,-3.0,-0.7,6.2,-0.6,-5.9,-1.1,-7.5,-6.9,1.8,-3.3,-6.3,1.8,-4.0,-3.1,-0.3,1.0,-2.5,2.5,3.4,-1.0,8.9,-10.0,-2.0,-2.3,-1.4,-2.3,-2.0,-1.1,-3.8,-3.2,-3.2,-1.3,-1.5,-7.7,-2.3,-2.1,-1.2,-4.3,-1.5,-1.0,-5.3,-5.9,-1.6,-2.1,-1.4,-0.7,-0.2,0.2,-0.1,3.4,0.4,2.6,0.1,2.2,-0.9,-4.2,0.4,-2.2,-8.1,-9.6,-12.5,-4.0,-9.9,-3.9,-6.4,-1.4,-9.7,-1.3,-2.9,-7.2,-5.2,-3.9,-2.4,-1.1,1.2,-0.7,-0.3,-0.5,1.8,-3.1,-1.4,-0.5,1.5,0.7,-3.5,-0.8,-0.2,-0.9,1.2,6.9,-1.1,-1.3,-2.3,-0.9,-0.6,0.2,6.3,2.4,-0.2,-4.3,-5.9,-1.8,0.1,3.9,6.2,4.1,-2.1,5.1,2.8,-4.6,2.3,-4.7,-4.0,-1.5,-4.7,-4.3,-1.9,-2.0,-3.2,-1.2,-0.6,-0.9,-5.2,-3.2,-1.0,-4.4,2.1,-0.4,-2.8,-2.1,-1.1,-2.8,-3.0,-10.2,-7.8,-2.0,1.5,-0.5,-0.3,-7.3,-4.1,-0.9,-2.6,-8.2,-2.9,-4.5,0.4,-2.4,-3.1,-1.3,1.2,-2.8,-1.7,-2.4,-3.7,-3.9,-2.8,-5.3,-4.7,-3.4,0.4,-5.1,-2.6,-7.8,-12.4,-3.1,-4.7,-8.4,-8.8,-3.9,-4.5,-5.3,-5.8,-7.4,-7.3,-5.0,-3.5,-0.3,-6.3,-4.7
2C7L50vE5N,0,48.098046,11.630289,4442480.34,2777394.07,544.0,589.7,208,7357,4.1,0.71,0.44,32.65,349.02,-0.53,-0.103,0.842,-0.5,0.2,-0.35,0.31,1.0,0.3,-0.3,3.4,2.7,-0.3,-1.7,1.6,5.0,1.3,0.9,-1.6,-10.9,-1.2,0.9,0.6,0.6,2.7,4.9,2.9,1.6,0.9,4.1,0.1,2.0,-0.1,2.1,5.9,3.3,2.2,-2.3,1.8,3.4,5.6,-8.7,-2.7,-1.0,-2.7,1.9,-6.2,5.5,-0.8,1.1,-5.7,-2.3,3.4,0.6,1.9,-2.1,-0.9,1.1,0.6,3.0,2.1,0.3,0.1,-1.3,0.4,2.8,0.3,-0.7,2.5,4.6,-0.1,0.4,-9.4,-4.6,-14.4,0.7,-1.8,-7.4,-0.2,-0.4,-0.9,-0.7,-9.9,-1.8,-0.3,0.7,6.9,8.4,10.2,-1.1,2.6,-1.6,4.2,2.2,1.0,3.6,-1.0,-0.2,4.5,-0.4,3.3,-0.3,-2.0,-0.4,-2.0,-4.4,-4.6,2.7,3.6,0.2,-1.2,-11.7,1.7,1.1,8.1,8.8,4.7,-3.5,-1.5,0.8,0.9,-1.2,-3.2,1.9,2.5,3.8,-13.6,4.2,4.7,-0.1,-14.9,1.6,4.2,1.6,-0.8,3.2,1.4,4.8,1.0,0.2,-0.1,6.7,2.6,1.5,0.1,2.6,2.5,-2.4,-3.3,-1.1,0.4,-2.6,0.3,-1.2,0.8,1.0,-8.9,2.6,3.7,0.8,-15.5,1.1,-0.2,-0.1,-0.0,-2.4,1.3,-3.2,2.9,-3.4,1.2,5.2,-0.8,-9.6,-1.9,0.6,4.0,-1.9,-1.7,3.6,5.9,0.6,0.5,-0.4,-3.0,-4.5,1.7,1.7,-16.3,2.3,-0.2,-2.4,0.6,0.8,-2.1,1.5,-1.3,-1.5,0.6,1.9,1.7,-1.0,4.9,5.8,-2.6,-5.7,-5.0,-10.5,-3.9,-7.2,-1.5,-2.9,-3.2,-3.0,-7.0,-1.6,-2.8,-2.4
2C7L50vE5O,0,48.09805,11.630318,4442482.49,2777394.54,542.6,588.3,208,7358,2.2,0.89,0.28,32.65,349.02,-0.53,-0.103,0.842,-0.5,0.1,0.06,0.17,1.1,0.1,-0.3,-0.5,-0.3,0.1,-4.5,0.1,-0.3,0.3,0.5,0.0,-0.5,-1.1,0.6,-0.9,-1.7,-1.2,-0.9,-1.2,-0.9,-2.0,-0.1,-3.1,-2.0,-3.1,-1.0,-1.8,-0.8,-1.6,0.0,-1.7,-1.9,4.7,-5.6,-4.9,-3.4,-7.3,-2.3,-4.7,-1.0,-1.7,-0.5,-2.6,0.1,-2.9,-2.1,-2.1,-2.1,-0.4,-0.3,-0.6,0.4,0.1,0.0,-0.1,-0.6,-0.4,-1.1,-0.6,-0.6,0.2,0.0,1.1,-1.2,-7.6,-0.3,3.2,0.3,0.0,-7.0,-0.6,-0.2,-0.2,-2.0,-2.7,-2.1,-2.6,-2.3,-1.6,-2.4,-2.7,-2.7,-3.3,-3.6,-1.4,-0.3,-2.0,-1.6,-1.0,-2.0,-2.4,-3.7,-2.7,-3.2,-2.9,-2.5,-4.5,-4.0,-3.8,-1.6,-2.6,-2.6,-1.3,-3.5,-1.3,-2.2,-1.7,-2.8,-3.5,-3.3,-2.1,-1.9,-2.7,-2.0,-1.6,-0.9,-0.6,0.5,9.5,-0.5,-0.7,-1.0,-14.9,-0.8,-0.1,-1.6,-2.4,-1.8,-1.5,-1.8,-3.3,-3.4,-3.3,-3.5,-0.7,-3.1,-5.1,-1.5,-1.9,-4.4,-2.6,-0.3,-0.0,-2.1,-1.6,-2.2,0.3,-0.6,-9.2,-0.5,0.5,-0.4,-10.7,-1.3,-2.7,-3.3,-2.9,-2.7,-2.9,-4.3,-2.2,-3.0,-2.0,-4.7,-4.7,-8.3,-7.5,-2.4,-2.6,-7.7,-2.9,-4.6,-4.3,-4.7,-2.8,-1.2,-0.4,-6.6,-1.4,-0.3,6.0,-0.3,-1.0,-1.1,-2.8,-2.2,-3.3,-2.5,-3.7,-3.6,-2.8,-4.5,-4.2,-4.5,-2.7,-7.4,-5.6,-4.4,-4.1,-4.2,-4.3,-3.2,-1.8,-2.4,-2.8,-2.9,-4.0,-2.3,-2.1,-4.6
2C7L50vE5P,0,48.098038,11.630227,4442475.68,2777393.09,535.4,581.1,208,7359,2.9,0.81,0.44,32.65,349.02,-0.53,-0.103,0.842,-0.4,0.1,-0.22,0.22,1.1,0.2,-0.3,-0.3,1.0,-0.4,-2.9,-1.3,0.2,1.8,0.9,1.3,-0.8,-0.2,-0.7,-5.0,-0.5,-2.5,-0.0,-8.2,-3.5,-5.4,0.7,-2.8,-3.4,-1.6,3.0,-6.0,4.8,0.4,0.4,0.1,-1.8,5.6,-2.7,-5.2,-3.9,-9.6,-1.3,-7.8,-0.1,-2.0,1.1,-2.7,-1.2,-4.6,-0.1,-2.3,1.6,-2.3,-2.2,0.6,-0.9,0.3,-0.4,-0.5,-0.9,-1.9,-0.7,-1.2,-0.7,-0.6,0.0,2.1,-1.7,-5.4,-1.0,-2.7,-0.4,-0.6,-4.8,-1.3,1.1,0.4,-4.3,-1.1,-4.6,-6.3,-3.1,-3.7,-5.1,-3.1,-2.6,-3.8,-3.5,-2.4,-2.8,-0.5,0.5,-2.2,2.6,-1.2,-1.8,-4.2,-0.5,-3.8,-0.7,-1.7,-2.3,-2.6,-3.0,-2.2,-1.7,-1.0,-0.8,0.1,-1.8,-4.7,-2.4,-4.0,-4.1,-1.1,-1.0,6.9,-2.5,-4.1,-1.8,-2.6,-1.3,7.3,0.4,-0.6,-1.3,10.3,-0.8,0.1,-0.5,-4.3,-3.8,-3.9,-3.6,-4.4,-2.6,-2.9,-9.8,0.7,-0.4,-4.7,0.8,1.4,-3.1,0.0,3.2,-3.3,-3.2,-1.6,0.6,0.4,-1.9,-7.2,0.2,2.8,0.3,-8.9,-0.5,-3.6,-2.0,-1.2,-3.1,-0.2,-0.5,-5.6,-1.4,2.9,1.0,-2.7,-6.2,-7.4,0.2,3.0,-1.1,-4.4,-6.0,-3.1,-3.9,-4.3,-0.2,-0.1,-5.2,-0.5,0.1,-0.8,-0.4,-0.9,-1.2,-3.0,-1.5,-1.2,-3.4,-2.6,-3.3,-1.0,-7.8,-4.8,-9.6,-3.7,-13.1,-6.6,-6.3,-8.5,-2.8,-3.3,1.7,1.4,-2.0,-2.3,-0.9,3.7,1.1,-0.2,-11.9
2C7L50vE5T,0,48.098069,11.630468,4442493.62,2777396.94,537.6,583.3,208,7363,3.4,0.73,0.43,32.65,349.02,-0.53,-0.103,0.842,0.6,0.2,0.3,0.26,2.0,0.2,-0.3,-0.1,1.5,-0.1,-1.2,0.1,-1.8,0.6,0.2,-0.5,-0.9,0.4,-1.1,-0.1,-0.9,-1.3,-1.6,-0.7,-2.4,-4.6,-1.7,1.7,-3.8,0.5,-2.4,-1.0,-4.4,2.1,0.8,-2.4,-13.9,1.9,-8.7,-5.8,-8.5,-7.2,-7.4,0.2,1.8,-2.9,-0.2,-1.3,-0.5,-2.1,-3.6,-11.7,-3.2,-1.8,-0.4,-0.9,0.7,0.6,-0.5,-0.1,-0.1,-0.0,-0.6,-0.2,1.4,2.1,2.0,1.4,2.0,2.3,1.0,-0.2,1.1,1.2,-1.3,2.7,0.2,-0.8,-3.2,-1.0,-0.8,0.3,-1.5,-0.3,-0.5,-2.8,-3.1,-2.2,-6.6,-0.3,1.0,-0.3,-2.3,-7.8,-2.8,-4.5,-1.6,-3.2,-4.4,1.2,-3.7,-7.8,4.5,2.4,-7.1,-2.8,-3.3,-0.5,-9.9,-7.9,10.0,-6.5,-7.0,-2.3,-1.7,0.4,7.7,0.8,-1.1,-1.7,-1.0,-2.6,-2.8,-2.8,-1.3,-3.1,-2.1,-1.9,-1.1,4.5,-0.4,-1.5,-1.5,-1.5,-1.3,-3.5,-4.7,-2.6,-4.2,0.7,-3.0,-6.8,-3.7,-3.5,-5.0,-3.2,0.0,2.0,-2.8,-2.9,-2.9,-0.9,-0.3,-3.2,-0.3,0.9,1.1,-2.0,1.1,1.4,3.3,-4.2,3.1,5.0,6.2,5.4,4.8,4.2,-2.0,-14.6,-10.5,-9.1,2.1,-2.0,-3.3,-2.0,-13.1,7.6,0.8,0.6,-2.6,1.2,-2.7,-0.9,2.8,4.9,4.2,3.9,4.1,2.4,4.5,3.7,3.0,3.7,1.9,5.7,9.5,-1.8,1.5,2.7,-3.9,-4.6,0.3,-3.2,-8.4,3.4,-2.1,1.5,1.9,0.5,1.1,1.7,1.6,3.4,-8.0
2C7L50vE5b,0,48.098135,11.630984,4442531.87,2777405.13,540.6,586.3,208,7371,1.7,0.92,0.29,32.66,348.95,-0.53,-0.103,0.842,-0.5,0.1,0.56,0.13,0.2,0.1,-0.3,0.2,-0.9,0.3,-1.2,0.1,-1.5,-0.8,0.8,-0.3,1.9,0.6,-1.0,0.3,0.9,0.8,0.2,0.3,-0.5,-2.8,0.2,-0.8,-1.8,-2.3,-1.4,1.5,-0.8,-0.4,-1.4,2.1,-2.1,0.8,-4.8,-3.1,-3.1,-5.0,-0.9,2.4,1.4,2.3,1.2,-0.1,-1.0,2.0,-0.1,1.5,-0.2,0.9,0.4,-0.8,-1.1,0.3,0.8,-0.2,-2.9,-2.2,-2.6,-3.3,-5.4,-2.5,-3.1,-0.8,-4.3,-7.6,-1.1,-2.8,-1.6,0.9,-4.8,-2.3,-3.5,-1.1,-2.5,0.3,-1.9,-0.7,-1.6,-1.7,-2.2,-1.7,-1.3,-2.0,-3.4,-0.1,0.8,-0.7,-1.0,-0.9,-2.7,-5.1,-1.8,-2.7,-4.1,-2.8,-0.7,-2.9,-3.9,-4.4,-2.1,-2.2,-2.1,-3.3,-2.7,-1.3,-1.2,-1.5,-1.3,-1.0,-1.2,-1.4,-2.3,-2.4,-2.7,-2.6,-1.6,-1.6,-2.9,-3.2,-2.1,-2.4,-2.0,-3.7,-1.5,-3.0,0.0,-1.7,-1.8,-3.6,0.2,-1.0,-2.2,-0.8,-3.0,-3.0,-3.7,-7.2,-2.9,-1.9,-3.4,-2.2,-0.0,-3.5,-4.9,-3.1,-2.6,-1.7,-0.3,-4.9,-1.2,-0.9,-4.9,-2.1,-5.5,-4.5,-4.0,-3.8,-2.1,-1.7,-2.6,-0.0,-0.4,-1.5,-5.1,-4.0,-7.4,-6.0,-1.9,-2.7,-6.6,-3.9,-3.3,-3.8,-5.6,-5.5,-3.2,-3.6,-3.9,-2.8,-2.8,7.6,-1.8,-2.1,-3.1,-3.2,-3.0,-3.2,-3.1,-2.7,-1.7,-1.3,-2.9,-3.4,-3.1,-2.9,-4.6,-2.6,-2.1,-4.0,-2.2,-0.4,-2.4,-3.3,-2.9,-2.0,-3.5,-3.2,-1.2,-1.2,0.2
2C7L50vE67,0,48.098375,11.632853,4442670.51,2777434.87,542.5,588.2,208,7403,3.3,0.75,0.44,32.67,348.95,-0.53,-0.103,0.842,-1.0,0.2,-0.54,0.25,1.5,0.2,-0.3,-0.3,-1.6,0.1,3.4,3.2,-4.2,-4.0,-1.6,1.5,3.2,-0.2,1.8,1.0,2.1,2.7,5.2,1.0,1.4,2.2,13.0,-6.6,7.8,0.5,6.7,13.7,7.5,3.3,1.3,0.6,-0.7,7.4,-1.0,-2.8,-4.1,-4.7,-4.6,0.1,0.4,-1.3,-0.2,-2.2,-0.1,3.8,4.7,2.8,-0.9,0.4,-2.4,-0.9,-1.3,-1.5,0.3,-1.5,-0.6,-1.2,1.5,-0.2,1.0,1.5,0.3,3.2,1.4,0.0,-3.8,3.4,2.7,-1.5,0.0,-0.1,0.3,-0.2,-0.7,-0.7,2.5,1.6,3.9,1.2,2.6,3.8,2.6,2.7,0.5,0.3,2.0,-0.4,6.5,5.9,1.5,-0.5,-2.2,-0.9,-2.1,-2.3,-0.2,-3.3,-2.3,-0.6,4.0,-1.1,-0.5,-1.8,1.1,1.0,-1.0,3.3,0.7,0.8,0.4,0.8,1.9,2.7,1.1,1.6,2.3,2.8,-1.5,-1.3,-0.6,-3.4,2.1,-1.1,-1.0,-1.4,-0.8,1.6,7.4,0.6,7.6,2.7,-1.9,1.6,1.1,-5.2,4.0,0.6,2.9,3.3,-7.1,0.4,0.9,-0.6,-1.0,-0.1,-3.5,-1.1,1.0,-2.0,-2.8,-1.0,-1.8,-5.4,-2.4,-1.4,-4.3,1.8,-4.2,-7.9,-6.4,-2.6,0.8,1.4,0.3,4.4,-4.1,7.0,-1.9,0.3,-0.1,-6.5,0.3,0.3,-1.9,0.4,-0.1,-3.1,-7.9,-4.0,-3.5,-5.2,-1.7,-1.1,-5.3,-6.0,-5.2,-3.4,-1.5,5.5,3.8,3.0,-2.0,-1.0,4.8,0.5,-4.1,1.4,0.4,3.4,2.0,-4.8,-4.2,-14.7,-12.2,-9.0,-7.7,-6.0,-16.0,-1.1,-2.9
2C7L50vE6e,0,48.098624,11.634792,4442814.39,2777465.73,544.0,589.7,208,7436,2.5,0.85,0.32,32.67,348.95,-0.53,-0.103,0.842,-1.8,0.1,-0.12,0.19,1.4,0.2,-0.3,1.2,0.6,2.2,1.8,2.1,0.2,2.3,1.6,2.2,-3.8,1.5,-5.3,1.8,1.6,3.5,2.2,2.1,2.1,2.6,2.5,3.2,2.9,2.4,4.6,3.5,3.8,3.3,-4.3,2.5,0.1,-1.0,-0.2,0.3,0.6,3.3,3.5,3.4,3.8,3.1,3.4,4.6,0.8,3.1,4.8,3.2,3.4,-5.0,5.0,1.4,1.4,1.9,1.1,1.8,1.8,0.6,2.2,-3.6,2.3,0.6,2.0,1.5,2.0,-2.0,0.7,-9.6,-12.7,-1.2,-5.0,0.4,0.8,-2.0,-0.1,-3.0,0.7,1.5,1.4,1.0,0.2,2.2,1.7,2.0,1.0,1.9,0.7,1.7,3.0,2.3,2.4,2.0,1.1,0.8,1.5,1.0,2.6,1.9,1.9,-0.3,3.4,3.2,1.7,-0.1,2.6,3.7,3.0,3.5,2.5,2.2,1.4,1.2,1.9,3.0,1.2,3.1,1.9,1.2,-3.3,-4.1,-0.4,-2.3,1.5,-6.0,0.8,-1.8,0.8,2.2,1.1,-3.9,-1.2,-3.5,-6.9,-2.6,0.1,-3.3,-2.0,-0.6,1.4,1.2,-3.4,-1.2,-1.2,-6.8,-6.2,-5.2,-2.7,-3.1,-3.6,-6.2,-4.4,-3.5,-3.9,-1.8,-4.4,-2.6,-3.0,-4.0,-4.7,-4.2,-2.5,-5.3,-0.8,-1.3,-2.4,-3.2,-3.1,-4.0,-1.2,-2.8,-3.9,-6.0,-2.9,-2.1,-2.2,-12.4,-11.1,-9.1,-9.6,-8.3,-5.8,-16.7,-5.3,-4.4,-4.8,-5.2,-6.3,-5.0,-4.1,-3.2,-4.2,-1.3,-4.2,-5.4,-3.6,-3.8,-6.9,-5.5,-3.7,-1.8,-3.2,-3.6,-4.4,-7.5,-7.0,-5.5,-6.4,-1.6,-8.0,-7.7,-4.1
2C7L50vE6f,0,48.098632,11.634848,4442818.58,2777466.63,543.9,589.6,208,7437,3.2,0.77,0.47,32.67,348.95,-0.53,-0.103,0.842,-1.1,0.2,0.1,0.24,1.4,0.2,-0.3,1.7,-0.2,2.2,1.5,0.9,-0.7,0.8,0.4,1.3,2.2,1.1,-1.5,1.5,1.9,3.6,3.6,1.3,3.3,4.3,2.8,1.3,2.8,0.5,4.4,2.5,3.4,4.3,-4.8,4.4,0.4,1.6,-3.0,0.3,0.5,3.3,-1.1,1.4,4.2,-1.0,1.4,2.1,-6.0,4.1,5.2,-4.4,3.4,0.1,10.3,0.9,-6.7,-0.3,1.2,3.5,-1.3,-2.6,-2.4,-7.0,-3.1,-2.5,-2.2,-1.7,-0.9,-1.9,-0.2,-12.4,-8.4,-3.8,-4.9,1.2,1.6,-3.3,0.4,-4.1,0.6,0.6,0.4,0.6,-0.9,0.9,-0.1,0.8,-0.3,2.1,-1.4,-0.0,4.7,4.9,2.5,1.5,0.0,1.4,5.4,-1.1,3.7,2.5,1.8,3.8,2.1,2.1,1.2,0.2,1.3,2.0,3.3,4.2,3.0,3.7,2.5,-2.9,0.7,0.9,-0.7,-0.2,0.1,-0.7,-6.1,-3.6,-0.0,-3.3,0.5,-5.2,-0.5,-4.2,-0.5,1.5,1.6,-5.0,-6.3,-5.3,-4.6,-0.5,-0.6,-3.5,-1.2,-0.2,3.0,2.8,-1.9,2.7,3.8,-1.5,-1.6,-1.8,-0.6,2.6,-0.9,-8.3,-2.3,-1.4,7.2,7.5,-5.0,-4.2,-3.0,-4.2,-3.8,-2.1,-0.4,-6.4,-1.4,-0.7,-0.3,-0.2,0.3,-1.4,0.6,-1.7,-7.4,-0.9,-5.5,1.0,-2.0,-11.0,-7.7,-6.4,-13.1,-13.3,-5.8,0.9,-6.3,-7.5,-5.9,-4.3,-4.1,-2.4,-4.0,-0.9,-3.5,0.3,-2.7,-4.1,-1.8,-4.1,-9.1,-7.2,-4.7,4.7,-4.9,0.8,-6.9,-3.8,-2.4,-0.3,-3.7,2.1,-3.5,-1.0,-2.3
2C7L50vE7h,0,48.099088,11.6384,4443082.1,2777523.17,541.1,586.8,208,7501,3.7,0.72,0.41,32.69,348.95,-0.53,-0.103,0.842,-0.0,0.2,-0.29,0.28,0.5,0.2,-0.3,1.4,-2.1,-2.0,-1.6,-0.6,-0.7,-0.5,3.5,3.6,-1.0,2.6,4.0,3.2,1.8,-1.5,1.5,2.9,-0.8,-1.0,-3.6,-1.5,2.6,2.0,0.6,1.8,3.8,1.3,-0.7,4.4,1.8,5.8,-3.6,-7.8,-3.4,-5.2,-1.9,-0.5,2.8,1.3,0.4,-0.5,0.4,1.0,1.5,1.1,1.3,-0.8,-5.0,0.8,-0.9,1.2,1.1,-1.4,-1.4,4.0,2.1,3.9,2.0,1.2,-1.1,7.0,5.2,-9.1,0.0,-9.0,-8.0,-4.6,-5.0,-4.4,-2.7,2.3,-0.2,0.1,0.2,-1.0,-0.8,1.7,3.1,2.7,0.1,-1.0,2.6,-0.8,-0.4,-2.9,-7.9,1.0,-4.0,-3.2,-1.9,-3.0,0.2,-1.2,-2.5,-0.6,-2.9,5.9,-0.2,-4.0,15.1,6.6,5.8,4.0,5.5,7.1,6.8,10.9,-0.4,4.8,5.2,1.5,5.6,-0.7,1.0,0.2,-0.5,13.8,0.3,-2.3,-4.1,10.9,-2.9,0.6,0.2,4.2,10.4,5.3,4.9,-0.2,-1.9,4.3,-5.9,6.4,1.8,2.4,-1.2,-0.2,1.4,4.2,4.0,4.1,-4.6,-0.3,1.0,-0.7,-1.5,-4.7,-1.0,0.0,1.1,-2.6,0.3,1.2,4.9,-1.3,1.9,-0.6,1.7,-0.8,3.0,-2.7,-1.7,-0.4,5.1,-2.8,-2.9,-2.1,-9.8,-6.1,-1.5,-2.3,-1.0,5.0,2.2,-0.2,-2.6,-0.4,2.8,10.2,-3.8,0.1,1.5,1.8,0.5,-0.4,-2.2,-2.9,-1.9,0.7,1.0,-0.6,1.5,2.6,-2.1,-2.9,5.2,-0.3,-0.9,-1.7,-4.1,-0.3,1.4,1.9,0.5,2.1,0.6,-1.8,10.2
2C7L50vE7p,0,48.099147,11.638864,4443116.54,2777530.56,541.6,587.3,208,7509,2.9,0.76,0.4,32.69,348.95,-0.53,-0.103,0.842,-1.1,0.1,0.14,0.22,2.4,0.2,-0.3,0.3,-1.4,1.4,-1.0,0.6,-0.1,0.6,-0.4,1.6,12.8,-2.1,-0.5,3.3,-0.8,2.2,6.8,4.3,5.7,-2.2,1.3,-1.5,1.7,2.2,5.1,5.1,5.4,4.2,-0.8,3.3,2.1,8.8,0.3,-0.8,2.7,0.5,1.4,3.0,4.3,3.2,5.5,4.4,-1.2,3.6,7.0,1.7,2.2,-5.0,-4.3,1.2,0.0,2.2,0.1,3.0,0.1,-1.4,0.2,0.7,2.1,0.6,-0.6,2.1,-2.4,-5.4,1.3,-10.3,-4.4,-0.7,-1.4,-0.4,0.9,-5.9,2.3,-5.9,0.9,1.3,0.8,4.0,2.3,2.7,3.0,3.4,3.9,-0.9,-0.7,-1.0,4.8,3.1,5.2,2.1,3.4,0.2,-0.6,-0.5,0.1,1.1,4.9,3.3,4.0,4.8,4.3,-1.0,4.9,3.4,3.7,7.5,3.7,1.6,-1.6,-0.7,-0.4,-3.2,-0.5,1.1,-1.5,-2.8,-11.2,-2.9,-6.1,-1.9,-5.1,1.8,-2.7,-5.0,-1.5,0.0,4.3,-3.1,-0.5,-1.0,-0.1,2.2,3.1,-0.5,-4.2,2.5,-1.0,3.9,-0.5,2.1,2.7,-5.0,-4.0,-0.7,-3.4,-1.0,-1.9,-9.1,-3.1,-1.9,-3.0,-10.3,-2.5,-1.8,-1.6,-0.7,3.6,1.3,3.9,2.2,-1.9,-2.5,4.8,0.7,3.5,0.1,-2.9,2.0,-0.7,-0.7,-1.8,1.1,0.3,-7.3,-7.5,-3.8,-10.7,-4.4,-4.1,-5.1,-2.2,-5.2,-6.6,-4.8,-3.2,0.2,0.4,-2.4,2.6,-0.4,-1.0,-3.8,4.3,1.0,-7.3,-3.2,-2.5,-0.4,-0.5,-0.7,-4.0,-1.2,-1.7,-5.0,-4.3,-2.5,0.7,-2.9,-12.9
2C7L50vV8a,0,48.098148,11.630936,4442528.3,2777406.43,546.8,592.5,209,7368,2.7,0.84,0.38,32.66,348.95,-0.53,-0.103,0.842,-0.6,0.1,-0.28,0.21,0.5,0.2,-0.3,2.1,0.4,4.7,-2.0,-1.2,-2.5,0.7,0.7,-0.7,-0.5,0.2,-1.2,-1.2,-0.0,1.8,0.5,3.7,5.8,2.4,5.7,-3.1,0.8,-0.7,1.2,1.5,3.5,-2.6,-2.3,-1.8,-1.2,2.5,-1.5,0.6,-3.6,-4.2,6.2,-2.3,4.1,2.4,1.6,1.8,-3.5,1.4,3.1,0.1,-3.3,-3.3,-1.6,1.2,-1.5,1.8,-0.9,-1.0,1.1,-0.6,-2.6,0.5,-1.7,-0.5,-2.6,-4.0,-3.3,-4.1,-0.1,-0.4,0.7,1.5,0.4,-3.4,0.2,2.5,-6.9,1.0,-1.4,-0.1,1.3,0.5,-1.1,-1.2,-2.9,-4.8,-0.6,3.3,3.7,-1.1,2.8,0.8,-1.7,1.1,-1.5,-2.4,-2.2,-4.1,-2.4,-3.6,-6.4,-5.0,-1.3,0.5,-1.6,0.5,3.6,3.9,-0.7,0.9,0.3,-0.0,-1.8,0.1,-0.8,-0.8,-0.1,-1.6,-1.3,1.2,0.4,-2.2,0.1,1.0,0.5,-1.7,0.1,-0.6,-1.8,11.9,0.8,0.0,1.3,-0.5,0.7,2.7,0.5,3.9,1.0,-1.2,1.2,0.4,1.9,0.6,2.1,-0.5,1.1,-0.4,-3.8,0.7,-2.1,-0.6,0.3,0.1,-2.7,-1.0,-0.9,-4.3,-2.8,-2.6,-0.1,-2.2,2.4,0.7,-14.2,2.1,0.9,-3.1,1.1,-5.5,-4.3,-3.3,-7.8,-6.9,-2.9,-1.1,-5.6,-6.5,1.8,-2.7,-4.3,-1.8,-2.1,-6.9,0.2,-1.5,-1.6,0.1,0.8,1.7,0.3,-2.8,-2.5,-2.3,-5.2,-1.9,0.9,-2.1,-3.4,2.5,0.4,0.3,-3.6,-7.2,-2.7,-5.3,-0.7,-8.5,-6.6,-4.5,-0.6,-3.1,-3.0
2C7L50vV8l,0,48.098227,11.631554,4442574.13,2777416.26,547.0,592.7,209,7379,3.5,0.74,0.47,32.66,348.95,-0.53,-0.103,0.842,0.2,0.2,-0.71,0.27,0.6,0.2,-0.3,-0.1,-0.0,2.8,2.2,2.5,-13.0,-0.5,1.5,2.7,0.2,0.9,0.4,1.3,-1.9,0.5,5.0,-0.4,1.0,-1.0,1.4,-2.8,-2.6,0.9,2.6,2.6,1.3,-0.4,-6.0,0.5,-1.5,10.1,-1.3,0.6,-0.2,-2.2,-1.4,3.9,4.2,2.3,3.0,-1.3,-0.4,2.3,-2.1,2.5,3.2,-9.6,-3.2,0.1,-9.8,4.4,-7.6,1.1,3.7,4.1,-1.1,2.6,5.3,-0.6,-1.2,2.3,0.7,0.6,-3.7,3.8,5.8,6.5,-0.1,-5.4,1.7,4.6,0.6,-7.3,1.2,-1.9,1.6,2.3,3.6,0.6,-0.6,4.4,-0.6,0.8,6.6,2.4,0.9,0.8,0.3,0.3,2.1,2.2,-0.4,1.5,2.8,-2.4,-1.3,-1.0,-1.4,4.4,7.4,0.5,3.0,0.6,0.3,4.1,-0.6,2.4,-1.9,3.0,-0.8,-0.5,-0.5,2.5,-3.4,-2.0,7.7,2.3,6.1,5.9,3.6,6.5,-3.8,-1.6,9.2,-3.2,4.1,0.6,5.0,1.1,1.0,3.3,4.2,-1.3,2.6,0.7,3.0,1.0,-0.7,1.9,-0.0,8.0,-3.3,-0.7,-0.4,-2.0,2.4,3.1,-2.3,7.2,2.0,3.9,2.1,2.7,0.7,4.9,2.3,-0.4,-2.1,-0.0,1.8,1.5,-2.5,5.8,1.7,0.6,3.7,-0.7,-3.2,-0.3,0.8,-4.8,1.1,-1.5,13.3,4.0,4.3,0.5,4.0,4.5,4.3,-0.1,-1.1,4.4,2.2,-2.0,4.6,7.2,-1.9,-2.5,8.0,6.6,0.1,-1.1,0.8,-0.9,-6.9,-0.3,-3.5,-1.6,2.1,-9.2,-2.3,-0.8,7.8,5.5,-4.9,4.2,-7.3
2C7L50vV9H,0,48.098442,11.633224,4442698.05,2777442.86,538.4,584.1,209,7411,2.7,0.83,0.43,32.67,348.95,-0.53,-0.103,0.842,-0.2,0.1,-0.44,0.21,0.6,0.2,-0.3,-3.8,-3.8,-1.1,-1.3,0.5,-0.7,-2.7,0.8,2.1,4.2,-2.0,3.8,0.4,2.5,2.2,2.2,-0.6,3.1,-1.6,0.9,-0.2,3.5,3.8,5.5,-2.3,0.8,0.5,-1.2,-1.9,-5.1,6.6,-4.5,-3.0,-6.5,-4.7,-1.0,-0.4,-3.8,-1.5,0.2,-4.8,-1.2,-1.5,-1.3,1.8,-4.6,4.1,-0.7,2.6,-1.0,0.7,-2.8,-4.3,-1.6,1.7,2.5,1.3,-2.0,1.1,-2.0,0.4,-0.9,-2.5,0.7,-7.4,-0.4,0.5,1.0,2.5,0.9,2.9,0.8,1.4,0.6,-0.4,-0.2,-1.3,0.4,0.8,-1.6,-2.4,-2.5,-0.3,2.4,-4.0,-1.8,1.1,1.0,-2.8,-7.6,-5.7,-1.3,-1.5,-1.3,-3.0,4.4,3.0,11.1,-0.5,-1.4,0.7,1.2,6.6,3.2,1.9,-2.5,-1.3,-0.7,-3.8,1.4,-3.6,0.1,-0.3,-1.1,-3.2,-3.0,-0.2,-0.1,-1.4,0.2,-2.3,-1.0,0.2,-2.4,2.4,2.0,1.8,-1.0,-4.0,-0.6,0.4,1.2,-1.1,1.3,-0.3,2.9,3.5,0.3,0.2,2.1,0.3,0.1,-0.5,1.2,2.5,-1.8,1.6,0.1,2.8,2.3,1.4,3.0,2.7,1.2,2.0,2.6,2.1,1.8,-1.5,2.5,-2.8,-4.5,-5.0,-3.0,-5.7,1.1,-0.7,-4.7,-3.7,-2.6,-0.4,0.3,-3.1,-0.9,0.8,0.7,-2.9,-2.1,11.2,-1.7,-1.6,-2.3,-3.0,-2.3,-1.1,-1.7,-3.4,-4.2,1.1,-2.2,0.4,-1.7,-2.7,-6.1,-3.4,-0.2,3.6,-0.5,-4.3,-4.6,-2.7,-2.4,-2.4,-3.4,-2.1,-2.7,4.0,-1.4
2C7L50vV9v,0,48.09875,11.635625,4442876.19,2777481.06,545.1,590.8,209,7451,4.7,0.6,0.5,32.68,348.95,-0.53,-0.103,0.842,-0.0,0.2,0.09,0.36,1.0,0.3,-0.3,1.7,0.6,0.6,4.5,-0.1,1.4,2.3,4.0,-0.9,0.5,-1.1,1.2,-2.8,-0.8,-2.6,1.8,-3.0,1.8,1.1,2.9,2.6,1.1,1.4,2.4,3.3,5.2,1.5,-7.4,-2.6,-0.5,8.5,-1.4,-3.0,1.4,5.0,3.1,1.1,5.0,1.6,2.6,1.7,-5.4,5.5,-3.5,-0.4,0.8,-6.9,0.1,-4.2,2.5,-7.4,-0.8,-1.5,-4.3,-3.4,-1.4,-5.3,1.9,-4.7,-6.9,-4.9,-0.9,-2.6,-4.3,-0.0,-7.0,-8.0,-7.1,-2.8,-4.8,-0.6,-3.0,-2.6,-3.3,-0.8,-8.6,3.1,2.9,2.2,1.3,-3.8,2.8,2.1,-5.7,1.7,-2.9,0.8,-0.1,1.4,-0.5,-0.4,-1.0,-2.3,5.1,3.1,3.5,-2.1,-4.6,0.4,0.6,-8.4,1.5,6.6,1.9,6.5,14.0,-0.8,4.5,1.8,-1.4,3.7,0.0,1.8,1.5,-0.2,2.1,1.3,3.4,-3.3,1.8,-1.9,-1.2,-2.6,3.3,9.4,0.6,-6.4,-2.7,-1.2,-4.4,1.5,-0.5,0.6,-4.1,1.4,-0.5,-0.2,0.2,5.1,6.0,14.7,-2.2,-4.7,-11.5,3.4,2.9,2.8,-7.1,4.4,4.7,-3.0,11.1,-9.4,12.3,12.0,13.8,-13.6,7.1,3.3,-9.6,5.0,-1.5,2.4,1.9,12.2,-5.9,6.5,-3.5,-6.9,-1.1,-1.9,-5.2,1.1,-7.1,-2.6,-2.9,-0.5,-4.2,1.3,-7.2,-3.8,-1.5,-8.9,-3.2,-0.7,-8.5,-6.6,-0.1,-5.1,12.7,2.3,0.8,5.5,-4.4,-1.7,-9.5,5.7,1.9,1.6,1.5,-4.9,3.5,3.4,2.3,2.7,2.3,6.1,-1.1
2C7L50vV8y,0,48.098332,11.632224,4442623.82,2777429.0,543.9,589.6,209,7392,3.3,0.78,0.43,32.66,348.95,-0.53,-0.103,0.842,-0.1,0.2,0.08,0.25,0.6,0.2,-0.3,-2.2,2.3,2.3,2.2,-0.8,-5.7,-0.9,0.6,0.7,0.6,2.3,0.4,7.2,2.2,4.6,4.3,0.6,2.2,0.3,-2.1,-2.1,-0.9,-2.9,1.2,0.3,-0.4,-1.5,-4.0,3.3,-3.7,6.6,-4.8,-4.0,-2.9,-5.5,-2.4,-0.4,-3.7,-2.9,-0.4,-7.8,-6.2,1.4,3.9,3.5,0.5,2.0,2.3,0.6,2.0,-1.0,2.9,3.3,-0.4,0.8,0.9,-1.6,-0.5,0.2,1.1,0.4,-1.9,1.8,-0.1,0.1,-0.6,-0.3,-0.6,-1.1,-0.1,-2.5,2.6,-2.8,-1.6,-2.9,-0.4,-0.4,2.6,0.1,-0.7,2.7,-2.4,1.8,4.6,6.1,-1.3,-0.5,-1.7,1.3,0.0,-1.7,0.4,-1.3,6.7,-2.9,-2.6,-8.7,1.2,2.5,0.9,-1.0,-2.2,1.1,-0.0,1.2,1.7,1.7,1.1,-1.8,2.4,0.6,2.5,0.5,0.0,-0.1,-0.6,-9.0,-2.8,-3.7,-2.3,-2.1,-1.3,1.4,1.2,0.0,-1.4,-1.7,4.2,0.4,2.3,0.2,1.7,-2.6,2.6,-2.6,0.4,-2.0,-2.4,-1.4,-0.5,-0.4,-5.9,0.4,-0.5,-1.5,-0.2,-2.2,0.5,5.4,1.8,-3.3,-1.1,5.0,3.0,-1.5,-2.3,0.4,-4.6,3.0,-3.3,2.9,0.2,0.9,-5.5,-4.4,-0.2,2.3,-5.1,5.1,4.7,-16.0,-2.8,-2.7,-10.3,5.8,-1.9,-3.8,-2.4,2.6,3.4,2.8,3.2,2.2,0.5,2.2,-3.1,-3.9,0.1,0.7,-1.9,-0.1,-1.0,-3.8,-2.0,7.5,-7.5,8.3,8.9,-0.6,-2.5,-3.7,1.2,-0.6,-7.1,-7.2,3.4,0.4,1.3
2C7L50vV9w,0,48.098773,11.635658,4442878.59,2777483.65,544.2,589.9,209,7452,4.5,0.65,0.49,32.68,348.95,-0.53,-0.103,0.842,-0.5,0.2,0.16,0.34,0.8,0.3,-0.3,7.1,-11.1,-2.8,-14.2,-6.5,5.5,-0.8,13.2,-1.4,12.3,1.5,9.9,-9.2,-6.3,-1.7,-0.7,-2.6,-0.6,1.5,-4.7,0.1,1.2,-5.2,0.2,0.7,-5.3,2.0,15.3,0.6,-1.2,-15.0,-3.3,-4.4,0.1,5.0,-2.5,1.7,4.9,-1.6,1.3,-2.9,-0.6,5.3,0.3,1.8,2.8,2.4,11.7,-4.8,-2.3,-7.9,2.5,3.7,-1.2,-1.9,0.5,-12.3,-2.6,-2.6,-2.2,-0.4,6.5,-11.7,5.7,5.5,-1.9,-1.7,-6.8,-0.3,-3.1,2.6,-1.0,-14.7,-4.8,-5.2,-5.2,11.4,-0.6,-2.2,2.3,-8.2,-1.7,-2.5,-2.6,2.9,0.1,-0.7,-0.6,-1.2,-0.9,-0.6,-1.5,-3.3,-3.2,1.9,-0.8,-1.1,-3.2,-2.4,-1.4,-1.9,-4.7,-0.7,4.4,2.0,-0.2,-2.0,-2.8,-0.3,-1.1,1.4,-8.7,1.4,-9.0,-7.1,8.2,8.1,4.9,-7.5,0.1,-6.1,1.0,-7.9,-3.4,-2.3,-0.4,-4.9,-2.0,-2.4,-1.7,-2.1,-1.6,1.5,-4.9,0.3,-2.2,-2.2,-0.9,3.8,2.7,-6.6,-1.2,-3.7,-4.1,-1.8,2.1,-2.8,0.1,2.9,-3.3,-2.8,-3.9,-4.4,-5.7,-2.1,-2.6,-2.7,1.2,2.4,-7.3,-0.1,-3.3,-0.7,-0.1,-2.0,2.4,1.4,-6.2,-5.1,-0.8,-2.0,0.2,-4.1,-2.1,-1.0,1.6,-1.2,-0.3,1.6,-6.0,-2.6,-5.3,-7.1,-5.3,-6.9,-2.7,-3.2,-3.3,-2.8,-6.7,-2.5,2.3,5.8,-6.6,-3.8,0.1,-3.3,-3.4,-1.4,-5.6,5.7,-4.5,-3.2,-6.9,-6.1,2.6,-2.4,-1.6
2C7L50vVAH,0,48.098918,11.636786,4442962.27,2777501.61,540.3,586.0,209,7473,3.1,0.78,0.42,32.68,348.95,-0.53,-0.103,0.842,-0.7,0.2,-0.34,0.23,0.7,0.2,-0.3,-3.7,-4.8,-3.2,-4.3,-2.7,3.9,-3.0,-1.1,-0.8,0.5,0.1,3.8,-2.2,0.0,-3.1,-2.0,0.0,-0.7,1.5,-0.5,-1.5,0.3,4.3,4.0,3.0,0.3,2.0,4.9,-2.9,0.3,8.4,-2.3,-8.3,6.0,0.8,4.5,-0.5,1.7,2.7,-1.7,8.3,5.7,1.9,1.4,2.0,-3.2,2.2,5.6,9.6,-0.8,3.7,1.3,2.1,1.6,0.2,2.1,1.3,0.3,0.4,-1.4,-2.1,-1.9,1.4,-0.5,10.7,1.2,-1.2,-1.8,-0.7,-0.6,-0.8,6.7,-0.2,-4.3,-1.0,-1.3,0.6,-1.2,-1.2,1.1,-1.6,-0.7,-1.8,1.2,0.7,-1.5,1.7,-1.7,-3.7,-8.2,-1.3,-6.6,-2.9,2.1,4.7,3.4,5.5,6.4,2.3,1.4,5.0,4.7,3.6,4.2,-0.1,0.1,-1.7,-1.1,-2.9,-1.4,-1.9,-1.6,-2.4,-1.5,-2.3,-1.6,-1.3,-4.3,-1.2,-2.7,-1.8,-3.4,-3.9,-3.1,-2.3,-2.6,0.3,-0.9,-1.6,-2.8,4.1,-5.8,1.6,-2.2,-0.9,3.1,4.2,0.5,2.4,1.9,2.4,-0.9,-1.2,0.2,-1.4,-0.8,0.8,-0.6,0.0,1.2,-2.9,0.5,1.0,0.5,-0.5,-0.7,-1.0,1.4,2.6,2.2,1.2,0.3,4.2,-0.6,-5.9,2.6,-6.0,-5.9,-5.0,-2.4,-2.5,0.2,0.3,-4.7,0.4,-1.0,1.2,-2.1,4.4,-2.2,2.6,-4.0,-3.6,-0.2,-5.6,-6.3,-4.1,-0.7,8.2,-3.7,-8.7,-1.0,-1.2,-6.9,-6.8,-6.3,-2.8,-2.6,-2.3,-3.2,-3.5,-1.9,-4.4,-3.7,-1.5,-0.6,-0.5,0.8
2C7L50vVAR,0,48.099004,11.637464,4443012.54,2777512.38,545.9,591.6,209,7483,2.7,0.84,0.42,32.69,348.95,-0.53,-0.103,0.842,-0.5,0.1,-0.38,0.2,0.5,0.2,-0.3,-0.2,-3.7,-0.5,-0.3,-2.0,-5.2,0.7,-0.6,3.4,-4.6,2.4,5.3,-0.3,1.4,4.2,4.1,5.3,3.4,3.0,0.3,4.0,2.9,3.1,1.6,3.4,4.2,3.9,0.4,5.4,-0.4,6.4,-0.4,1.0,2.4,0.5,2.8,3.8,2.5,4.4,3.3,0.1,-10.8,0.9,1.7,1.4,-0.2,-2.7,-1.8,-0.7,2.1,1.5,2.5,1.6,-1.1,0.5,1.8,-1.5,-0.7,0.6,3.7,-3.2,-3.1,4.4,-9.9,-2.6,1.0,-0.1,-0.8,1.1,1.0,0.2,0.4,2.4,-1.1,-1.2,0.8,2.7,1.4,-1.0,1.3,-0.6,0.6,1.5,0.8,0.5,1.4,2.2,2.9,2.1,1.1,-0.6,-3.4,-1.1,-2.1,-0.3,4.0,1.2,4.3,1.0,0.8,-1.3,3.9,2.7,2.0,2.5,3.1,2.5,1.8,1.6,1.5,2.1,3.7,4.9,4.5,5.8,6.4,-1.2,0.2,7.4,11.0,-1.1,4.3,1.1,2.9,4.6,-0.0,2.2,0.3,0.4,3.3,2.1,-1.6,-1.3,-0.9,-2.5,-0.1,2.2,-1.0,2.2,-0.8,-1.7,-1.2,-1.3,1.4,1.3,0.6,0.8,-1.2,-1.3,-3.2,-0.8,0.5,-1.0,0.0,-1.5,0.3,-0.9,-0.9,0.1,-1.5,-0.9,0.4,1.2,-0.3,-0.8,2.5,0.9,-2.7,-2.2,0.5,0.9,0.0,2.6,-2.7,-4.7,-7.0,-2.2,-4.2,7.2,-0.7,-2.0,-1.5,0.0,-3.0,-0.9,1.7,-4.2,-4.3,0.4,-3.6,1.4,5.5,5.2,2.8,-3.2,-1.8,-0.7,1.0,-2.0,-2.6,-4.3,-3.2,-1.7,-0.7,-0.8,-3.3,1.3,-2.2
2C7L50vV8E,0,48.098004,11.629527,4442423.62,2777388.13,538.5,584.2,209,7346,1.5,0.92,0.26,32.64,349.02,-0.53,-0.103,0.842,-0.5,0.1,0.01,0.11,1.5,0.1,-0.3,-0.8,-0.7,0.2,-0.4,0.5,-0.7,0.5,-0.2,-1.8,-0.4,1.6,-0.2,-0.9,-0.3,-0.2,0.2,0.1,-0.8,-1.6,-0.7,-2.8,-2.5,-1.7,-5.8,1.1,-5.0,-0.1,0.4,-4.3,-7.1,0.5,-9.1,-9.2,-6.2,-5.6,-5.2,-4.2,-3.4,-4.2,-3.5,-5.3,-1.6,-1.5,-2.9,-3.1,-1.6,-1.4,-2.7,-3.2,-3.5,-2.7,-2.2,-2.1,-1.5,-1.9,-0.3,-2.7,-0.6,-0.2,-1.6,-1.0,-1.6,1.3,0.6,0.2,-0.5,-1.0,-1.5,-0.9,-1.8,-3.0,-1.9,-0.9,-1.7,-2.0,-2.1,-2.4,-2.5,-1.7,-4.3,-2.0,-2.1,-1.6,-2.6,-3.3,-3.0,-0.9,-5.1,-5.4,-4.2,-3.8,-4.2,-4.4,-3.2,-4.8,-3.4,-3.7,-2.9,-4.5,-1.8,-3.6,-2.8,-2.4,-1.7,-4.1,-2.3,-5.3,-2.7,-3.8,-3.0,-2.1,-2.2,-1.7,-1.3,-1.9,-2.1,-4.9,-1.8,-2.6,-3.4,-3.1,-2.1,-2.1,-2.1,-1.8,-1.1,-3.6,-3.6,-3.0,-3.8,-3.2,-6.0,-4.0,-4.9,-6.4,-3.1,-4.0,-1.3,-1.6,-0.1,-2.7,-4.5,-4.9,-4.0,-1.8,-0.5,-0.3,-1.6,-0.7,-0.3,-1.0,-1.2,-2.9,-2.6,-3.8,-3.8,-3.1,-4.8,-2.6,-4.9,-4.7,-8.9,-4.3,-7.7,-6.9,-1.3,-3.2,-6.7,-4.7,-3.9,-1.7,-3.7,-5.2,-3.1,-3.3,-2.4,-3.4,-1.6,0.8,-1.0,-2.7,-3.1,-2.7,-3.5,-3.8,-3.1,-3.8,-5.0,-4.0,-3.8,-5.2,-5.4,-4.2,-7.9,-5.7,-4.1,-4.9,-4.4,-4.3,-4.2,-3.5,-3.1,-3.5,-4.5,-4.8,-4.7,-4.9,-3.4
2C7L50vV8F,0,48.098018,11.62964,4442432.05,2777389.93,541.2,586.9,209,7347,2.4,0.83,0.41,32.64,349.02,-0.53,-0.103,0.842,-0.3,0.1,-0.16,0.18,1.8,0.2,-0.3,-0.5,-1.1,-0.4,-2.0,-0.4,-0.7,0.0,-1.5,-1.2,-1.3,-1.2,3.8,0.5,-1.6,-5.4,-1.5,-0.2,2.2,0.6,-0.1,-1.7,-2.3,-4.3,-3.1,0.7,-3.1,-2.9,-1.1,-3.2,-6.5,0.2,-8.1,-8.7,-6.4,-8.2,-4.1,-2.6,-3.5,-3.7,-5.1,-6.6,-0.8,-1.7,-0.5,-6.8,-0.9,-0.0,-2.7,-4.7,-2.3,-1.9,-3.1,-4.7,-0.9,-2.2,0.1,-1.7,-1.2,0.3,0.8,1.0,-3.2,-1.1,2.7,3.3,1.9,1.5,2.2,-1.1,-1.2,-5.6,-2.6,-1.1,-2.2,-1.7,-6.3,-3.5,-5.0,0.2,-2.8,-3.1,-2.6,-4.6,-3.5,-4.7,-2.9,0.4,-4.2,-5.1,-2.0,-4.7,-1.0,-0.4,-3.6,-2.4,-5.5,-3.8,-2.9,-4.1,0.5,-5.2,-1.4,-0.2,-4.8,-4.7,-2.9,-6.3,-1.7,-1.5,-7.6,1.2,-1.8,1.5,2.8,2.9,0.5,-3.3,0.5,-4.1,-0.6,-3.5,2.0,-1.4,-8.1,-3.9,-3.3,-0.8,-3.6,-5.5,-3.4,-3.5,-1.6,-1.5,-5.2,-6.3,-3.1,-6.0,-3.7,-0.3,-1.0,-1.5,-1.1,-5.6,-4.5,1.1,-0.1,-9.5,1.5,5.9,1.4,2.6,3.2,0.9,-1.2,-3.9,-3.7,-5.2,-4.0,-6.5,-6.0,-3.6,-5.2,-5.5,-6.7,-4.2,-0.7,-2.1,-6.9,-5.3,-5.7,-2.8,-2.2,-2.5,-0.5,-1.6,-3.6,-2.0,-2.3,4.2,-2.6,-3.2,-2.4,-2.7,-1.6,-4.1,-0.2,-2.3,-3.1,-2.6,-3.1,-4.7,-7.0,-5.8,-9.7,-7.8,-3.0,-4.1,-2.4,-7.3,-3.6,-1.2,-1.2,-0.5,-0.2,-3.0,-4.9,-5.1,-6.1
2C7L50vV8T,0,48.098124,11.63046,4442492.85,2777402.97,542.3,588.0,209,7361,4.4,0.6,0.44,32.65,349.02,-0.53,-0.103,0.842,-1.1,0.2,-0.41,0.34,1.9,0.3,-0.3,-5.5,-3.3,-1.4,-1.6,-1.2,8.8,-1.8,-1.3,3.2,2.3,2.3,16.7,1.4,-7.7,2.6,5.5,6.9,5.4,2.2,2.9,17.0,4.1,-4.7,5.3,4.6,4.8,-0.2,7.2,14.6,1.8,5.5,0.4,-1.0,2.8,-2.0,2.7,-3.8,2.4,3.5,3.4,-3.8,-4.3,-2.5,4.9,1.6,-1.4,-7.2,-4.2,-3.2,-1.0,-3.8,-2.1,-2.5,-0.4,-1.8,4.9,-0.8,-3.3,-2.7,-3.1,-2.9,-1.7,-9.7,-2.5,-4.6,3.4,-2.7,-0.1,-1.8,3.1,1.2,4.1,-2.1,-1.0,0.7,3.1,1.9,3.9,2.2,2.8,3.9,2.9,9.5,8.5,10.4,3.2,1.4,2.3,0.4,-0.1,-1.6,-9.8,2.4,1.1,0.9,-9.3,-7.0,3.0,1.5,-1.5,-9.1,-1.7,0.5,-5.5,1.3,2.2,0.3,-10.3,9.7,-5.1,4.4,4.3,3.8,2.1,-2.4,0.2,6.2,-0.8,1.2,-3.5,-6.2,-0.6,-1.3,9.9,-0.2,-0.5,-4.4,2.2,4.2,-0.6,7.6,5.9,-0.5,2.0,0.4,2.5,-2.7,-0.8,-0.1,-1.1,-9.9,-0.9,-1.0,1.4,-0.7,0.1,4.2,0.8,1.6,1.6,1.2,-1.0,5.5,3.9,3.2,-1.8,0.9,-2.5,5.1,-7.7,1.6,0.5,-8.2,-9.9,-4.2,-9.0,-10.6,-2.8,-4.2,-3.5,-5.0,-2.7,-7.1,-5.4,-4.8,-10.5,-6.3,-1.7,-12.4,-2.5,-0.3,8.0,-10.8,-4.4,-4.7,-1.6,-5.3,-4.2,1.8,-7.2,-12.4,-1.8,2.6,-4.3,-4.0,-3.1,0.4,-3.3,-5.1,0.8,-4.7,-3.1,-1.6,-2.5,-2.6,-2.7,-3.4,-15.3
2C7L50vV8c,0,48.098191,11.630981,4442531.55,2777411.27,544.0,589.7,209,7370,3.4,0.76,0.4,32.66,348.95,-0.53,-0.103,0.842,-0.8,0.2,-0.05,0.26,2.1,0.2,-0.3,0.3,-2.0,-0.6,-0.9,-0.8,2.6,1.0,0.2,-1.2,-4.6,-2.3,1.2,-0.3,0.2,-2.2,-4.4,-2.0,-2.2,-4.2,1.4,-3.0,-3.1,-3.4,-2.2,-0.4,-2.7,-0.8,0.9,-1.5,-6.7,-22.4,-7.8,-5.4,-4.1,-6.5,-4.5,-1.4,-2.8,-2.5,-3.3,-1.5,-10.0,-2.2,-2.4,-3.7,-3.7,-0.8,0.3,-3.7,-1.5,-1.6,1.1,-1.9,-4.6,-2.0,-3.2,-4.6,-5.5,0.2,-0.3,0.7,-3.7,-3.7,1.8,-3.6,-0.1,2.0,1.3,-2.8,-4.0,-2.0,-4.4,2.4,-3.7,-3.9,-4.6,-4.2,-2.9,-6.0,-6.7,-4.8,-3.5,-4.4,-4.1,-4.7,-3.3,-4.3,-8.0,-6.8,-0.8,-4.0,-7.1,-9.3,-2.6,-7.8,-5.5,-9.8,-0.9,-8.7,-5.7,-9.7,-4.7,-5.3,-3.4,-6.4,-3.1,-5.4,-5.3,-3.6,-3.4,-4.5,-7.5,-4.1,-5.0,-3.1,-1.8,-2.2,-1.8,-2.8,0.3,-0.4,-1.3,-1.9,-1.0,-2.3,-1.2,-3.4,-2.9,-2.1,-3.3,-1.7,-0.4,0.1,-5.7,-10.5,-8.5,-4.0,-4.4,-6.8,-4.8,-2.7,5.4,-12.9,-12.6,2.2,2.6,-18.3,-0.8,-0.6,-6.8,1.6,1.7,-5.0,-4.9,-5.7,-3.4,-7.7,-8.2,-4.1,-5.8,-8.1,-16.1,-9.4,-8.7,-7.2,-2.9,-5.6,-5.9,-6.7,-4.6,-3.4,-6.8,-6.9,-2.0,-3.7,-4.2,-1.9,-2.8,-1.2,-0.3,-2.7,-3.9,-2.8,-2.9,-3.3,-3.7,-3.8,-1.6,-1.7,-7.1,-9.6,-7.9,-7.7,-8.6,-6.7,-6.1,-6.4,-6.8,-18.2,-8.0,-19.5,-2.0,-8.2,-5.3,-1.0,1.7,-1.1,-16.0
2C7L50vV9Q,0,48.098539,11.633691,4442732.61,2777454.42,535.5,581.2,209,7420,3.7,0.71,0.46,32.67,348.95,-0.53,-0.103,0.842,-0.1,0.2,0.06,0.29,0.7,0.2,-0.3,2.6,1.3,1.0,1.9,0.3,-4.4,4.6,2.7,2.4,-0.3,1.0,-7.2,-0.2,0.2,2.4,1.8,3.9,1.4,2.8,-1.4,-1.2,6.0,6.6,6.7,3.5,2.8,2.4,-5.0,-0.7,1.1,-1.2,-4.3,-2.1,-1.2,0.4,-2.6,-1.6,-1.6,4.3,-0.7,-2.3,-14.5,-1.7,2.6,-1.8,-1.8,-4.1,-0.1,-1.5,-3.6,-3.9,-2.7,-3.0,-6.0,-3.5,-0.3,-4.8,-2.5,0.3,-0.2,0.3,-1.2,3.4,0.4,-8.6,-9.0,-0.5,-3.7,-0.6,-2.5,-4.0,-2.1,-3.9,-2.6,-0.0,1.9,1.7,-0.1,1.9,4.2,0.2,-1.9,-1.4,0.2,-0.5,-1.3,0.9,-2.8,0.1,3.9,1.9,6.0,-2.9,-1.5,-4.8,1.2,-4.2,4.2,-0.7,-4.3,-1.9,-0.6,0.9,7.0,3.8,4.5,5.9,1.5,4.0,1.1,2.6,4.1,0.1,0.4,-3.2,-6.6,-1.7,-0.6,5.9,5.7,-8.4,-2.7,-4.9,-1.2,-1.5,4.2,6.8,-2.3,-1.4,-3.1,-2.8,-1.6,-7.7,-2.2,-5.5,-1.6,1.3,-0.9,0.2,-0.8,-4.6,-0.7,-2.8,0.5,3.0,0.6,0.3,0.4,-0.6,4.9,-1.9,-1.4,2.4,2.5,-1.1,-11.3,1.8,0.1,-3.5,1.3,6.2,2.7,1.1,-1.1,-1.1,2.0,4.4,-0.6,0.1,3.7,-1.8,2.0,3.1,-0.7,-8.8,-2.9,-8.3,-7.3,-13.6,-2.2,-2.3,6.6,4.6,3.1,-6.3,-5.0,3.4,2.5,1.0,1.0,-0.8,3.5,3.0,-6.0,-0.5,-1.1,0.6,3.5,-5.8,6.1,-14.2,-1.1,2.7,-3.6,-5.1,-2.9,0.5,1.8
2C7L50vVAU,0,48.099038,11.637581,4443021.17,2777516.31,542.0,587.7,209,7486,2.9,0.8,0.4,32.69,348.95,-0.53,-0.103,0.842,0.0,0.1,-0.32,0.22,0.8,0.2,-0.3,2.0,-0.3,0.8,-1.1,-0.7,2.2,0.0,-0.7,5.4,-8.5,-3.2,3.0,0.5,1.6,-2.9,0.4,3.9,2.1,-2.0,-3.5,0.4,0.0,0.5,-1.0,0.3,-2.4,-0.3,4.5,-0.5,-0.5,6.5,-5.3,-4.3,-6.9,-3.9,2.0,-3.8,-5.4,0.7,-1.1,1.3,3.2,-1.9,-0.7,-6.6,-5.3,2.5,-1.9,-3.6,-3.4,-5.2,-4.2,-5.3,-4.3,-4.7,-6.6,-5.5,-5.4,-5.3,-3.9,-3.8,2.2,-11.6,-0.1,6.9,-9.5,-1.1,0.3,3.5,1.3,3.7,0.1,-1.0,0.5,0.3,-1.2,-0.3,-1.5,-1.1,-3.9,-2.2,-0.3,-1.8,-3.7,-1.5,-2.3,0.1,-1.2,-8.3,-2.6,-5.2,0.6,-0.6,-2.4,-0.5,3.1,1.1,-0.2,1.1,-1.0,-0.4,0.7,1.3,2.5,1.2,0.4,1.0,-2.0,0.5,1.2,3.3,2.0,2.0,0.5,2.7,1.4,2.5,0.8,-0.4,2.3,1.9,1.2,1.8,-1.2,2.4,-1.6,1.7,-2.2,-0.4,2.0,0.8,-1.2,-0.4,-1.8,-8.1,-4.9,0.2,-3.6,2.9,3.3,0.9,-1.9,-3.6,-0.2,1.3,-2.3,3.1,-0.2,-0.6,2.3,1.4,-0.2,3.2,0.1,0.8,-0.4,-2.2,-1.7,-0.6,-0.6,-2.5,-3.4,-3.4,-1.3,-3.4,0.3,-1.7,-1.4,-3.5,0.0,1.4,0.1,2.1,1.3,0.5,2.0,-1.9,1.6,8.2,-0.7,2.0,-1.0,-0.5,-2.6,-3.4,-1.7,-10.2,-5.6,-4.6,-6.7,0.3,2.4,-3.1,-2.4,-2.6,0.9,-4.5,-1.1,-1.7,-1.4,-1.2,-1.9,-0.0,-1.1,1.8,-0.7,-1.4,1.0
2C7L50vVAo,0,48.099174,11.638638,4443099.62,2777533.14,539.0,584.7,209,7506,1.7,0.93,0.31,32.69,348.95,-0.53,-0.103,0.842,-0.8,0.1,-0.27,0.13,0.4,0.1,-0.3,-2.0,0.3,-1.3,-0.9,-1.0,-0.6,-1.2,-0.1,-0.5,-0.3,4.0,-0.2,-0.8,-0.7,-0.4,1.0,2.0,0.1,-0.2,-3.1,-1.5,0.0,-0.4,1.5,0.6,1.0,-0.3,-0.9,0.4,-2.7,5.7,-3.2,-2.7,-0.0,-2.6,-1.5,-3.6,-2.8,0.1,-0.6,-2.3,1.5,0.5,0.9,-0.6,0.4,0.2,-1.3,0.6,-0.2,-0.8,-1.8,-2.4,-1.3,-2.0,-1.6,-1.3,2.2,-0.6,-0.3,1.0,0.1,-0.7,-1.3,-1.8,1.3,0.5,-1.1,-0.2,-2.0,0.3,-1.0,-1.5,-1.0,0.4,-1.6,-1.2,-1.0,-0.5,-1.9,-2.7,-2.6,-3.1,-11.6,-1.6,-1.0,0.3,-1.9,-1.9,-1.5,-2.2,-4.7,-2.7,-3.4,-0.9,-1.0,-1.5,0.3,-1.1,-3.0,-3.3,-1.0,-0.5,-1.0,0.2,0.4,0.8,-1.7,0.2,-2.5,-0.5,-4.0,0.4,0.1,0.5,0.7,0.6,-1.6,-3.1,0.1,2.8,0.1,0.1,-0.8,-0.4,-0.5,-1.8,-3.0,-1.2,-2.3,0.3,-0.3,-1.3,-1.2,-2.9,-0.2,-1.8,-2.6,1.1,0.5,-2.9,-3.3,-3.9,-1.1,-1.2,-1.0,-0.7,-5.2,-3.4,-0.3,-3.0,0.0,-4.2,-1.3,-0.8,-1.9,-1.0,-0.6,-2.9,-3.5,-2.9,-0.7,-1.4,-2.7,-4.9,-4.0,-3.8,-7.9,-6.0,-2.8,-2.9,-3.4,-1.8,-4.3,-1.3,-3.9,-3.6,-4.3,-5.6,-2.3,-2.5,-1.8,-4.2,-3.9,-3.0,-2.4,-3.8,-3.5,-4.1,-6.0,-3.3,-1.3,-4.4,-6.5,-4.0,-4.2,-4.1,-2.0,-3.4,-0.6,-4.6,-4.4,-6.0,-4.3,-2.3,-5.9,-3.4,-6.2
2C7L50vV8X,0,48.098151,11.630525,4442497.67,2777406.09,535.9,581.6,209,7365,4.5,0.66,0.52,32.66,348.95,-0.53,-0.103,0.842,-0.3,0.2,0.12,0.34,0.4,0.3,-0.3,-7.9,0.2,0.2,1.3,2.6,6.6,-9.6,10.4,0.7,2.8,4.3,-13.0,-0.4,1.3,1.7,1.6,1.9,0.9,0.2,-3.9,-0.2,1.6,-0.8,0.8,4.4,2.4,5.3,3.3,-5.9,1.2,7.7,-1.6,0.8,-1.4,3.2,1.4,4.2,2.5,1.6,0.7,-6.3,1.6,4.3,0.7,5.3,-0.8,5.1,5.9,-8.7,1.7,11.4,-10.3,-8.8,-3.1,-3.4,3.0,0.3,0.0,2.8,-5.0,2.7,3.1,3.9,12.9,-6.9,2.0,0.3,3.1,-0.5,5.0,0.4,2.8,0.1,0.4,1.6,1.1,2.7,3.9,1.8,1.5,-3.1,-1.7,-0.2,2.0,4.0,-0.9,3.9,-1.0,2.0,-4.2,-2.5,-4.3,-0.5,0.2,3.4,-0.1,5.8,3.4,1.5,3.1,0.1,0.8,6.6,11.4,3.5,4.4,6.8,5.5,-14.3,3.7,2.3,2.3,2.6,1.2,-0.3,7.9,12.3,11.6,-4.1,-7.7,-8.3,-15.0,3.4,0.0,0.5,-0.1,-13.6,0.2,1.9,-1.5,0.2,-10.0,5.9,-0.2,-0.9,-1.5,0.8,-2.0,0.6,2.6,4.1,-3.0,-1.4,3.1,-14.2,9.3,-0.8,-11.2,-3.5,1.7,4.9,-0.7,-1.3,-3.8,2.3,0.3,3.4,-0.6,1.0,-2.1,4.6,-1.7,2.7,-1.2,-2.2,-2.3,-3.6,-5.1,-3.3,3.8,1.1,-2.9,-3.3,3.2,-4.4,-1.3,-2.3,2.5,3.9,0.4,1.2,-0.5,-1.9,-0.9,-0.3,0.5,-8.9,1.8,3.3,-1.2,2.2,-0.1,2.7,-2.9,5.4,1.8,-1.4,0.8,-0.6,1.7,2.1,0.7,-1.0,1.4,-0.6,-2.6,-1.8,1.6
2C7L50vV8f,0,48.098223,11.631085,4442539.2,2777414.99,540.6,586.3,209,7373,3.2,0.76,0.48,32.66,348.95,-0.53,-0.103,0.842,-0.9,0.2,-0.32,0.24,0.9,0.2,-0.3,-2.1,1.7,3.1,3.0,3.5,4.4,7.2,-0.8,1.2,-2.4,1.5,2.1,7.1,2.4,5.6,4.2,-6.2,-7.0,1.1,-1.2,-0.6,2.0,0.4,4.5,8.8,3.2,1.0,-2.3,-2.6,-3.8,0.5,-2.5,-1.8,0.8,-4.5,-2.5,-0.5,-2.3,-0.2,0.3,-3.1,-2.4,-4.1,-0.3,-1.1,0.3,-10.9,-4.8,-2.0,1.8,-1.0,-1.7,-5.8,-3.7,-3.6,-1.9,-3.7,-5.3,-1.1,-2.5,-2.5,-1.2,0.0,-0.8,-1.4,-1.2,-1.8,0.1,1.4,-0.2,-6.5,-0.4,2.9,1.0,0.3,0.8,1.5,1.9,1.8,2.2,1.1,2.1,0.8,1.9,-1.8,5.7,0.5,-0.0,-0.4,-1.3,-1.0,-2.1,-2.6,2.7,2.7,-0.9,-2.8,3.8,1.8,0.0,-6.4,0.9,-0.4,0.6,2.9,0.5,1.0,5.0,1.5,-4.6,0.2,-0.2,-2.0,-0.2,-1.7,-4.9,-5.0,-3.0,-4.4,-2.4,-3.8,-2.2,-0.7,-2.3,3.0,-0.6,-1.6,6.0,5.3,1.9,-1.0,-0.4,-4.7,6.0,-4.7,3.9,3.3,-0.4,2.2,3.0,-1.8,-7.1,-5.7,-2.7,-6.6,-3.3,-2.4,-4.2,-2.5,0.3,-4.5,-2.1,-1.5,-2.2,-0.2,-4.6,-5.9,-2.1,-8.9,-8.2,1.7,-8.5,-3.4,-2.7,-6.3,-3.0,-2.5,3.1,-1.5,-1.0,7.2,1.8,-4.8,-4.1,-3.3,-3.5,-4.2,-2.3,-6.7,-2.1,-2.0,-6.3,1.7,-6.5,-0.6,-4.0,-6.5,6.1,0.6,-11.6,-1.9,-3.3,-0.6,-4.9,-3.7,-4.2,-2.2,-10.4,-2.4,-7.2,-7.6,-3.9,-3.5,-2.5,-8.9,-7.4,-4.5,-5.0
2C7L50vV9y,0,48.098817,11.635716,4442882.74,2777488.69,540.1,585.8,209,7454,4.1,0.66,0.46,32.68,348.95,-0.53,-0.103,0.842,-0.7,0.2,-0.11,0.31,1.1,0.3,-0.3,3.6,-1.4,-1.0,0.2,0.3,7.4,0.8,0.7,0.1,7.9,1.5,3.3,-3.8,2.3,-4.8,-3.7,-6.8,3.3,-0.2,4.9,-5.6,5.6,2.4,-7.4,2.5,-5.0,-3.9,-9.0,-1.6,-5.9,-2.1,-3.8,-5.6,-7.2,-1.9,-2.6,-0.2,-2.8,-2.9,-4.5,-1.2,-0.7,2.5,-5.1,3.5,-1.3,-0.5,-0.7,10.3,2.0,6.6,5.8,0.5,2.6,-4.4,-5.7,1.4,-4.5,-5.7,-0.7,-5.3,-0.3,-11.1,-5.8,1.0,2.3,0.0,12.6,-6.6,-4.2,-2.8,-3.6,-1.1,-3.4,-3.3,-3.7,-2.5,-1.8,-2.0,-0.7,-1.6,-1.2,-0.5,-3.6,-3.6,-0.2,4.0,-0.7,-7.0,-0.5,-1.8,-6.2,-1.7,12.4,1.7,-2.0,3.4,9.1,2.9,0.6,1.0,3.7,0.3,-0.1,-1.7,-3.6,1.8,-4.7,-1.6,-0.1,2.9,-0.1,5.4,-3.1,-2.7,-8.5,-3.2,0.4,-3.7,0.9,-9.4,-0.2,0.0,0.4,3.2,3.3,-1.1,-9.6,-4.5,0.4,3.2,-10.6,1.3,-1.2,-4.0,-1.4,2.2,0.5,2.4,4.3,-2.2,-2.2,-4.3,-1.7,-2.7,-2.9,-3.8,-0.9,-3.8,3.5,-7.5,-3.2,-2.9,-1.0,-0.3,-1.2,-1.3,-2.4,-0.9,-2.5,-1.1,-3.0,-0.8,-0.4,-5.6,2.8,0.5,-4.5,-1.6,-1.6,3.4,-2.0,-0.9,-2.0,4.3,-7.2,-9.1,-6.4,-2.0,-7.8,-5.5,-7.2,-7.7,-8.9,-4.5,-5.5,-11.0,-8.8,-6.0,-2.0,-1.9,-3.1,-7.3,3.0,-4.9,-5.2,-12.0,6.2,-9.8,7.4,2.0,-8.7,-2.6,-6.1,4.4,-2.7,-1.6,1.4
2C7L50vVAF,0,48.098953,11.636775,4442961.31,2777505.53,545.2,590.8,209,7471,3.1,0.78,0.44,32.68,348.95,-0.53,-0.103,0.842,-0.9,0.2,0.23,0.23,1.1,0.2,-0.3,1.3,0.1,3.2,2.2,10.5,1.4,4.1,4.8,1.0,0.4,-5.4,2.2,2.5,2.2,2.6,-0.0,-3.8,3.4,-1.0,-6.1,-4.9,-4.2,3.1,6.6,1.7,2.6,-4.5,-0.7,-2.3,-7.6,3.1,-5.9,0.8,0.2,-0.2,0.3,3.4,2.2,-0.8,-2.0,-0.4,1.3,1.9,-3.8,-4.5,-5.2,-9.4,-4.8,-5.1,-0.8,-1.7,-0.4,0.0,0.3,-3.7,0.3,0.4,-0.4,-2.0,1.1,-0.3,-0.4,-2.1,-2.8,-3.0,-2.3,1.8,-4.4,-1.3,-0.6,-0.1,-3.8,1.4,-5.4,-4.5,0.6,-2.3,-1.6,-2.5,-4.1,-3.0,-4.3,0.4,-6.1,-1.4,-3.9,-0.1,0.0,3.7,-4.2,8.4,-1.9,1.0,-2.1,4.0,5.1,1.3,2.8,-1.3,0.2,1.0,-0.2,0.5,1.2,0.4,-0.4,1.4,-3.9,-2.1,-1.8,-2.7,-1.4,0.3,-1.7,-2.1,-3.9,-2.4,-3.6,-5.1,-3.3,-4.3,-3.4,-1.8,-1.8,-1.2,-1.2,-4.4,-1.9,-4.3,2.8,4.4,-3.3,0.2,3.0,8.1,-2.2,-6.3,-2.6,-1.0,-5.5,-4.9,-4.6,-8.3,-7.7,-6.5,-7.5,-2.7,-3.2,-4.7,-7.0,-3.7,-3.4,-2.7,-3.0,-0.5,-1.6,-5.3,0.2,0.8,-1.2,-1.6,1.4,-0.3,-4.3,-1.3,2.5,-3.1,-7.7,-0.2,-0.3,-3.3,-4.5,-4.6,-3.3,-3.1,-7.2,-4.7,-1.3,-11.5,-5.4,-2.8,-2.3,-4.6,-5.5,-7.9,-7.3,-9.5,-2.6,2.7,-1.2,-0.4,-0.2,-1.0,-1.3,-6.5,-1.6,-1.2,3.5,-8.2,-3.2,-1.0,-8.3,-5.0,-6.5,-4.1,-3.8,-3.5,-9.1
2C7L50vVAl,0,48.099179,11.63853,4443091.54,2777533.48,542.3,588.0,209,7503,4.0,0.76,0.44,32.69,348.95,-0.53,-0.103,0.842,0.3,0.2,-0.31,0.3,1.0,0.3,-0.3,-2.0,-3.4,-2.5,-3.1,-1.3,-1.8,-1.5,1.0,-0.9,-0.4,-0.2,2.7,-4.4,1.2,0.7,0.3,1.5,-0.9,-0.7,-2.5,0.8,-0.8,3.6,-3.2,-3.8,-2.6,12.4,3.5,1.3,-1.9,4.7,-8.9,-10.0,-5.7,-4.5,-5.0,-3.3,-1.7,-3.0,-0.4,1.2,2.3,-0.1,-1.1,-4.4,-1.8,0.4,-1.1,-1.5,3.7,0.5,1.5,-1.2,3.6,0.5,1.2,1.1,2.7,0.7,1.6,0.6,-0.1,-4.0,1.1,1.8,2.2,1.6,-1.8,0.4,1.6,1.0,-0.4,-0.3,-0.7,0.0,0.2,-0.1,-0.9,-1.9,-2.6,-2.8,-1.2,-2.0,-3.8,0.8,-0.2,-0.5,-3.9,-6.5,4.4,-7.7,0.4,-0.7,16.6,-1.2,1.2,1.7,-5.3,19.1,-4.3,1.6,-5.5,-1.8,-1.2,-0.7,0.3,2.9,-0.7,0.2,-3.9,-1.1,-4.9,-0.2,-1.8,-0.3,-0.4,0.4,-0.5,-1.7,0.5,1.1,0.5,0.5,0.7,-1.4,1.7,1.1,-3.8,-3.8,-6.5,-1.5,-6.1,-0.4,-5.3,7.1,-3.7,-0.1,18.6,9.9,13.3,0.5,-1.5,-3.1,3.3,-0.3,-0.8,-1.1,1.0,0.8,1.4,-0.3,-0.6,-2.8,-0.2,0.9,2.1,-1.4,2.7,1.6,3.2,1.2,2.8,0.0,0.4,-4.6,0.3,0.7,-5.3,-0.4,-0.9,0.9,0.4,0.7,-1.6,6.2,9.7,7.1,2.6,11.6,2.8,0.7,-4.1,-0.6,-0.9,0.8,0.5,0.3,1.3,-1.2,-4.0,1.1,-2.3,-4.8,-6.0,-6.3,-2.5,-2.2,-1.8,-0.0,-2.5,-3.4,-5.7,16.2,1.0,1.2,1.0,2.4,4.8
2C7L50vV8B,0,48.098033,11.629468,4442419.16,2777391.3,544.1,589.8,209,7343,1.3,0.95,0.19,32.64,349.02,-0.53,-0.103,0.842,-0.4,0.1,-0.19,0.1,0.9,0.1,-0.3,-0.9,0.3,-1.2,-1.1,-0.7,-0.8,-0.2,0.6,0.1,1.9,0.3,-0.4,0.7,0.2,-1.6,-1.9,-1.1,-2.5,-3.4,-1.8,-0.6,-1.6,-1.0,-3.5,0.4,-3.1,-0.2,0.8,-1.2,-2.9,2.4,-4.9,-5.5,-1.9,-6.6,-4.1,-2.3,-3.0,-0.2,-0.3,-0.3,-1.2,0.0,-1.8,-1.0,-1.2,-0.5,-0.4,-0.0,-0.8,0.7,1.0,0.1,-1.1,-0.6,-0.4,-0.9,-0.7,-0.5,-0.5,-1.5,-1.3,0.3,-0.1,-2.8,0.9,0.3,-1.1,0.3,-1.3,-2.7,-0.5,-0.8,-1.3,-1.4,-1.5,-1.6,-1.4,-0.8,-2.5,-1.2,-0.6,-0.5,-0.4,-0.6,-3.0,0.2,-2.1,-3.0,-2.6,-1.0,-1.9,-1.5,-2.8,-3.0,-3.0,-0.8,-2.7,-2.2,-2.1,-1.1,-3.8,-1.9,-2.3,-2.0,-1.8,-0.8,-2.1,-0.8,-0.6,-1.2,-1.5,-0.2,-0.9,-1.4,-0.8,-2.9,-1.1,-0.7,-1.3,-2.3,-0.8,-1.3,-1.9,-2.1,-1.0,-1.4,-1.1,-3.6,-3.1,-0.7,-3.9,-1.9,-0.6,-5.9,-2.2,-2.4,-0.5,-2.5,0.8,-1.2,-3.3,-2.4,-2.3,0.2,-0.2,-0.6,-0.7,0.7,0.6,-1.1,-1.3,-1.3,-2.2,-1.4,-1.8,-0.0,-2.4,-0.1,-0.7,-2.2,-3.3,-2.8,-4.6,-7.8,-0.0,-2.3,-5.3,-2.9,-2.9,-1.9,-2.1,-3.1,-2.1,-1.9,0.1,-1.6,-1.4,-1.5,-1.1,-1.0,-1.1,-0.6,-1.1,-1.4,-2.4,-2.4,-1.8,-2.3,-4.6,-5.4,-3.2,-1.5,-6.4,-5.4,-3.9,-3.2,-4.1,-5.0,-3.4,-2.6,-2.7,-3.4,-2.4,-3.7,-2.8,-1.9,-2.5
2C7L50vV8m,0,48.098292,11.631478,4442568.33,2777423.31,541.6,587.3,209,7380,2.1,0.84,0.36,32.66,348.95,-0.53,-0.103,0.842,-0.5,0.1,-0.84,0.16,2.3,0.1,-0.3,4.0,1.3,1.3,-0.5,1.9,-4.9,-1.3,-2.5,-0.2,2.0,-1.0,-3.9,-0.6,-2.7,-0.5,2.9,-2.8,-2.6,-3.5,-2.6,-4.6,-3.0,-3.5,1.2,0.8,1.1,-1.8,-3.3,-1.8,-3.9,0.4,-6.3,-1.0,-2.9,-6.0,-1.2,1.8,-0.4,0.5,-7.5,-6.1,-3.8,-3.3,-2.9,-3.5,-3.6,-2.8,-4.8,-1.4,-1.1,0.6,-1.7,0.1,2.2,5.2,0.0,3.5,1.6,1.8,4.4,1.9,2.2,1.1,-0.0,2.7,5.5,3.0,2.7,-5.5,-2.5,-3.1,-0.2,12.9,-3.4,0.2,-2.9,-0.2,2.1,0.0,0.1,-1.8,-0.3,-1.0,-1.3,-2.2,-1.6,-2.9,-3.4,-2.9,-2.5,-3.7,-3.8,-2.8,-0.8,-2.0,-4.0,-3.2,-0.7,-1.8,-2.3,-2.5,-2.9,-0.9,-0.7,-0.8,-2.9,-2.5,-2.8,-2.5,-1.6,-0.1,-1.3,3.3,-0.0,-0.6,-0.1,3.0,2.1,-1.8,2.9,3.3,0.8,0.6,-0.2,-2.8,2.5,0.7,-0.5,-2.6,-3.7,-0.4,-0.9,-2.8,-2.3,-3.1,0.1,-3.1,-4.5,-1.2,-0.9,-2.1,-2.0,-2.8,-1.5,1.7,1.4,3.4,2.2,1.8,1.9,5.5,-0.9,1.0,0.1,1.4,-0.9,-1.0,-2.6,-2.2,-3.7,-4.0,-4.8,-4.3,-6.1,-3.9,-1.9,-2.4,-5.4,-4.8,-2.9,-3.1,-4.9,-6.3,-4.6,-3.1,-3.4,-1.8,-0.3,6.6,-0.1,-2.3,-1.5,-0.5,0.2,-2.4,-1.2,-4.4,-4.7,-4.6,-5.7,-7.2,-4.1,-4.3,-8.5,-6.1,-3.7,-5.1,-5.3,-5.0,-4.8,-4.6,-4.7,-4.3,-3.2,-3.9,-3.5,-2.3,-1.6
2C7L50vV8n,0,48.098297,11.631523,4442571.63,2777424.02,541.0,586.7,209,7381,3.5,0.76,0.49,32.66,348.95,-0.53,-0.103,0.842,0.2,0.2,-0.02,0.27,1.7,0.2,-0.3,-3.2,-7.9,-9.7,-9.0,-10.6,0.4,8.1,3.2,8.8,-2.8,4.9,2.9,6.3,4.3,8.0,2.4,15.3,4.1,2.3,2.2,5.3,5.9,3.8,4.4,11.1,5.9,6.2,1.4,5.1,4.9,9.0,-2.0,-3.4,4.7,-0.3,2.2,0.7,5.0,8.4,6.1,6.2,3.4,7.6,3.5,5.5,4.7,2.3,2.8,4.4,-1.8,4.3,2.8,6.0,4.9,-7.0,0.6,-10.9,5.4,10.0,13.9,7.2,6.6,9.4,3.3,-12.2,-6.4,1.4,2.9,2.6,3.6,-1.1,2.2,1.1,5.6,3.6,5.0,5.3,4.6,2.5,5.5,4.1,4.4,4.8,6.1,5.2,5.6,7.6,5.6,3.2,6.2,4.3,5.4,5.2,5.8,2.6,3.9,2.9,6.3,5.6,4.0,3.2,4.6,6.6,6.1,5.6,6.0,3.5,6.4,2.6,4.2,5.4,3.4,1.2,5.1,1.5,-1.6,0.4,-1.3,-3.7,1.2,-2.9,2.0,3.8,2.0,1.8,3.9,-0.8,4.6,0.9,5.5,5.1,2.3,2.7,2.6,1.7,0.9,4.5,2.5,5.2,6.8,2.2,1.0,-0.5,-0.4,2.6,1.5,0.6,0.5,2.1,6.7,0.8,0.5,2.8,3.5,2.4,2.1,5.3,3.4,5.5,4.5,5.7,4.6,2.3,3.8,3.2,9.3,4.5,1.0,4.8,7.0,4.6,2.7,2.5,4.5,2.7,1.5,3.2,3.3,-3.8,4.3,4.2,3.7,5.6,5.7,1.1,5.2,2.7,3.7,4.4,0.9,4.4,5.6,5.6,1.0,5.3,5.5,5.2,2.3,3.1,3.2,5.0,5.2,5.0,5.4,2.0,2.7,4.2,3.4
2C7L50vV8Y,0,48.098218,11.630759,4442514.93,2777413.92,543.4,589.2,209,7366,3.4,0.76,0.45,32.66,348.95,-0.53,-0.103,0.842,-0.1,0.2,-0.01,0.26,1.0,0.2,-0.3,-0.2,-0.6,1.1,-0.5,-0.1,-7.9,-0.2,-0.4,-1.7,-1.3,-2.2,-2.0,0.7,-0.5,-0.7,3.5,0.0,2.3,2.2,6.4,-0.1,2.6,-0.7,4.2,5.9,4.8,0.6,-0.2,0.9,-2.2,2.5,-6.3,-1.1,2.1,-0.6,2.6,4.2,3.6,4.9,4.5,0.2,-1.5,3.4,3.4,3.6,4.3,2.1,3.7,5.0,3.4,-0.6,2.7,3.1,2.9,1.7,1.2,-1.6,-0.8,0.1,-0.9,1.1,2.5,3.7,2.0,9.3,3.5,3.3,0.9,1.8,1.5,0.9,7.6,0.7,-1.6,1.4,-1.5,0.4,1.1,1.4,-2.6,0.1,1.9,0.9,3.7,2.2,-1.0,2.9,0.3,2.4,3.2,4.4,-5.2,0.2,4.4,4.2,-0.2,6.6,0.9,3.7,-0.5,0.1,6.2,3.5,2.9,3.3,2.5,3.7,1.3,7.0,-2.0,-0.7,-1.4,2.5,0.0,1.0,-1.0,1.3,2.1,-1.1,2.0,-2.3,0.7,-0.8,3.4,0.4,1.9,1.1,2.7,3.5,1.8,4.4,4.5,-8.7,7.1,2.0,5.1,3.6,5.1,2.9,2.8,5.0,-6.4,1.4,-5.9,-0.1,-3.0,13.3,-3.0,-0.3,-9.5,-4.5,-3.1,-13.0,-2.7,-3.8,-5.7,-1.6,-0.9,-0.1,-0.7,-3.4,-0.5,4.9,-1.4,-2.9,4.0,-0.4,5.2,-6.7,4.8,2.3,6.7,3.4,6.5,7.1,8.7,3.2,3.8,3.2,5.0,2.1,0.4,-12.6,6.2,5.3,2.8,-2.7,0.2,4.5,-0.6,2.7,6.2,2.2,-3.0,2.1,5.7,4.5,0.6,-2.5,0.2,-0.9,2.1,-0.3,0.3,-2.1,-0.2,0.5,2.6
2C7L50vV8r,0,48.098353,11.631812,4442593.02,2777430.67,542.9,588.6,209,7385,2.9,0.84,0.37,32.66,348.95,-0.53,-0.103,0.842,-0.9,0.1,0.03,0.22,1.3,0.2,-0.3,0.4,-1.3,-1.2,-1.4,0.6,1.1,-1.4,0.2,-1.8,2.2,0.0,2.9,-1.2,-1.6,-0.7,-1.4,-1.5,-1.7,-2.6,0.6,-0.9,-0.7,0.7,0.7,2.7,0.1,1.6,5.5,0.2,-1.7,-20.6,-5.3,-3.8,-3.7,-3.5,-1.1,-2.0,0.4,-0.5,-0.2,-0.7,-0.6,0.1,-1.1,1.2,-1.8,4.8,0.7,-1.1,0.5,-0.8,0.8,0.2,-0.4,-0.1,-1.2,-0.8,-0.2,-0.4,-0.5,-1.7,-1.5,-7.0,-0.5,2.1,0.9,-0.4,-2.1,-0.9,0.3,-0.9,-0.4,0.0,-0.6,-0.8,-0.6,0.3,0.9,0.0,-1.0,-1.8,-0.3,-0.2,1.2,1.9,2.6,2.6,-2.9,-2.3,1.2,-3.4,-1.8,-4.3,-5.1,-3.4,-4.8,-3.2,-1.3,-1.5,-2.8,-2.8,-1.0,1.0,0.8,0.3,-1.3,-1.3,0.2,-0.5,0.1,0.7,-0.7,-0.4,-1.3,-1.3,-4.4,-0.1,-5.0,-3.2,-1.7,-0.2,-3.3,-2.9,-4.2,-2.9,-2.2,-0.5,-1.5,-2.8,-6.0,-4.4,-3.5,-9.5,-3.4,-8.4,-4.1,-4.1,-5.4,-4.9,-3.1,-11.9,-6.9,-1.7,-1.4,2.1,1.1,-5.1,-0.1,0.5,-1.0,1.5,-0.2,-2.3,-1.3,0.3,-0.8,0.9,-0.3,-2.7,-3.5,-3.8,-9.0,-7.2,-6.4,-7.9,-8.5,-6.3,-6.7,-5.3,-3.1,-4.2,-4.2,-12.9,2.1,6.6,-5.3,-0.7,-0.1,-17.6,0.9,-2.4,-1.7,-1.8,-0.7,-2.5,-3.4,-8.6,-3.6,-5.5,-5.0,-5.2,-6.8,-4.6,-6.8,-3.6,-4.4,-2.7,-4.7,-9.1,-5.2,-6.9,-1.9,-2.1,0.3,-1.2,-1.4,-2.0,-5.6
2C7L50vV8s,0,48.098369,11.631938,4442602.42,2777432.68,546.3,592.0,209,7386,3.9,0.66,0.44,32.66,348.95,-0.53,-0.103,0.842,0.2,0.2,1.93,0.3,1.1,0.3,-0.3,1.3,1.4,1.3,1.2,0.4,-4.8,1.5,0.5,0.1,-5.7,1.9,-2.1,1.4,2.7,2.9,1.4,1.2,1.8,0.1,0.6,1.5,0.1,1.9,2.8,3.4,3.0,2.7,-0.9,1.9,0.5,3.3,-2.7,1.5,-0.8,0.2,2.3,3.0,3.7,2.2,3.4,1.4,-0.9,4.2,2.0,4.0,0.7,-3.5,1.3,0.2,1.3,1.2,2.3,0.9,1.6,1.9,1.7,1.2,2.3,1.9,-1.6,-0.1,0.7,-2.0,0.8,-3.4,-2.6,-1.4,1.1,0.4,1.5,-1.8,-0.2,-1.9,-1.1,2.1,3.0,2.6,2.3,2.6,1.5,1.1,2.3,1.4,4.8,1.7,2.9,3.1,1.6,-0.8,2.0,0.9,-1.4,1.2,-1.0,-0.3,-0.2,-0.0,2.3,0.5,0.8,1.8,2.6,4.1,4.2,2.4,-1.5,-2.2,-3.6,-2.7,-2.7,-4.0,-4.5,-3.0,-4.3,-4.0,-5.7,-2.5,-5.6,-3.6,-4.2,-4.3,-5.2,-5.1,-4.0,-2.5,-0.5,-5.0,0.2,-2.1,-4.7,-1.6,0.7,-6.3,0.4,-3.2,0.1,-5.9,-4.1,-1.4,-2.9,-5.8,-4.6,-4.1,-2.1,-5.4,-8.0,-6.4,-8.8,-6.5,9.8,5.7,-7.7,-12.3,-14.9,12.5,0.6,-2.7,-4.3,-0.2,0.9,9.9,0.9,-7.3,9.6,3.1,-12.8,-3.5,-18.7,0.8,2.4,5.3,3.3,7.5,6.4,-9.2,-1.0,2.9,4.3,-9.2,3.4,2.2,3.3,6.7,6.3,13.1,4.5,-12.6,5.8,6.2,2.5,1.8,6.1,3.4,-0.2,0.2,4.1,5.9,6.6,3.2,4.7,-0.4,5.5,6.0,6.1,3.2,5.8,6.9,5.9
2C7L50vVA8,0,48.098924,11.63626,4442923.04,2777501.47,541.2,586.9,209,7464,3.0,0.7,0.44,32.68,348.95,-0.53,-0.103,0.842,-1.5,0.1,-0.24,0.23,3.2,0.2,-0.3,0.8,-1.7,3.0,0.3,0.2,0.6,-5.2,-0.2,-1.7,-3.3,2.1,2.3,-8.5,-0.1,6.9,0.1,3.0,-4.2,-1.8,-5.5,-2.2,-4.9,-5.3,-7.4,-6.3,-4.2,-3.9,-4.6,-4.8,-6.8,0.4,-11.8,-9.8,-7.6,-7.6,-8.7,-5.5,-4.5,-7.6,-3.2,-8.6,-2.5,-9.6,-7.8,-4.6,-6.1,-5.7,-6.8,-1.6,0.7,-1.7,-1.7,-2.8,-2.1,-1.7,-2.7,-2.5,-1.6,-0.1,-1.6,-2.1,-1.3,-5.2,3.2,-3.9,1.2,0.6,6.8,0.7,1.7,-0.5,-1.1,-1.8,0.2,0.3,0.1,-1.8,-0.6,0.4,-7.4,-3.4,-8.0,-5.8,-1.2,-5.8,-6.8,-5.2,-7.2,-8.7,-7.1,-8.7,-9.9,-12.3,-9.7,-7.6,-10.2,-5.4,-4.3,-7.6,-8.4,-8.0,-7.2,-1.8,-8.5,-8.2,-4.5,-6.0,-10.3,-6.3,-7.4,-4.4,-5.1,-5.9,-5.9,-2.7,-8.6,-7.9,-5.0,0.7,-0.1,-8.2,-4.5,-7.5,-4.9,-0.8,-2.6,-9.1,-5.2,-5.0,-9.3,-5.1,-7.6,-8.1,-7.3,-7.2,-8.9,-6.8,-6.7,-5.6,-4.6,-3.3,-4.8,-8.7,-4.4,-5.8,-0.4,0.9,0.8,-3.4,-4.1,-10.6,1.5,-6.0,-4.2,-4.2,-9.3,-2.5,-7.8,-5.8,-7.2,-12.3,-10.9,-14.6,-7.9,-13.0,-10.5,-9.5,-17.3,-19.2,-9.8,-9.9,-2.8,0.9,-12.2,-2.7,-6.2,-2.2,-8.4,-13.6,-11.4,-4.4,-6.5,-6.1,-10.5,-5.1,-9.5,-13.4,-7.9,-8.5,-11.2,-7.9,-10.3,-10.6,-13.6,-11.4,-13.0,-10.8,-12.3,-12.5,-13.2,-9.5,-12.5,-11.3,-14.0,-5.9,-8.1,-5.7,-6.5
2C7L50vVAN,0,48.099025,11.637047,4442981.46,2777514.01,538.6,584.3,209,7479,3.3,0.77,0.41,32.69,348.95,-0.53,-0.103,0.842,-0.2,0.2,-0.33,0.25,1.5,0.2,-0.3,0.8,-2.3,-3.6,0.0,-0.5,1.8,-0.9,0.2,-1.9,1.8,0.7,1.2,-1.1,-1.8,-2.7,-2.3,-1.6,-2.5,-2.2,-2.4,-3.2,-5.4,-3.1,-6.2,-2.2,-5.5,-1.0,1.7,1.4,0.7,1.9,-6.1,-3.8,-3.0,-5.3,0.3,-2.3,-3.9,-5.3,-3.1,-3.7,-3.7,-3.8,0.6,-1.6,-2.1,-1.7,-1.0,14.1,-2.4,0.0,-0.2,-0.3,2.8,-1.0,-0.2,-0.4,-0.2,-6.0,-4.1,-0.2,-2.5,-1.0,-5.3,3.8,0.2,-1.2,3.9,8.1,-8.1,2.8,-2.8,1.2,-1.0,4.9,-2.7,0.5,2.0,-2.4,-7.5,-0.8,-4.5,-2.2,-3.5,-0.2,-2.5,-4.8,-3.5,-9.0,-6.9,-7.7,-4.4,-4.4,-5.2,-6.9,-2.7,-0.4,-4.4,-6.7,-4.4,-1.7,-2.6,1.8,-1.1,-0.7,-3.7,-1.8,-2.5,-4.6,-3.5,-3.6,-6.1,-4.3,-1.8,1.0,-1.3,1.0,-0.9,-1.1,-0.0,0.3,2.0,-1.3,2.7,2.3,0.3,2.3,-1.2,-3.2,-1.9,-1.1,5.5,-1.3,1.7,-2.7,-1.8,-0.3,-1.2,1.8,0.0,2.0,-3.1,-5.4,-2.1,-0.3,0.3,2.5,-0.6,2.4,2.0,-3.1,-10.6,2.6,-8.5,-4.4,0.1,-4.7,-2.1,-1.0,-2.0,-5.8,-7.1,-4.0,-4.5,-3.4,-1.2,13.2,-10.8,-4.1,-2.4,-2.9,-5.2,-2.5,-5.1,1.7,1.5,3.0,2.4,0.4,-0.5,1.2,-1.0,-1.4,-3.1,-0.7,-3.8,-5.7,-2.2,0.7,-7.7,5.3,1.9,-11.2,-1.2,-6.2,-5.6,-7.1,-5.7,-8.2,-3.4,-4.6,-7.1,-4.6,-1.8,0.2,-2.6,2.6,-3.4
2C7L50vV8Q,0,48.098177,11.6303,4442480.83,2777408.68,543.5,589.2,209,7358,2.9,0.78,0.38,32.65,348.95,-0.53,-0.103,0.842,-0.3,0.1,-0.1,0.22,2.9,0.2,-0.3,-0.7,-0.5,0.1,-5.0,-0.2,-0.1,-0.1,1.4,0.1,4.3,-1.6,1.7,-0.4,-2.3,-1.8,-2.5,-3.5,-3.1,-4.3,-1.9,-4.5,-4.7,-4.8,-5.1,-5.3,-4.6,-4.4,-2.8,-5.3,-4.2,-26.2,-9.0,-7.9,-6.2,-10.0,-6.1,-8.9,-5.5,-5.7,-3.7,-4.1,1.8,-7.6,-4.2,-3.8,-3.8,-1.0,1.3,-1.3,1.6,-1.6,0.4,-1.3,-0.2,-0.7,-0.9,-1.0,-1.0,-0.9,-0.1,-0.1,-0.4,-10.1,-1.5,1.7,-0.5,-1.1,-6.9,0.6,-0.9,1.0,-4.0,-0.3,-2.1,-2.3,-5.2,-3.7,-4.7,-5.9,-6.7,-4.2,-7.3,-1.5,-1.1,-2.1,-5.8,-2.9,-4.7,-4.8,-7.2,-4.2,-6.4,-3.0,-4.9,-7.9,-6.5,-6.2,-4.1,-5.4,-5.5,-2.8,-6.0,-4.0,-4.4,-4.4,-6.6,-5.7,-6.8,-3.7,-3.7,-2.1,-3.5,0.4,-3.0,0.6,1.2,9.4,-0.5,-0.9,0.0,-15.1,-0.7,-0.4,-2.7,-4.0,-4.7,-2.2,-6.2,-5.5,-4.6,-2.5,-5.2,-2.5,-5.2,-7.9,-2.8,-4.5,-6.7,-7.0,-1.4,-0.7,0.2,-2.1,-2.5,1.0,-0.1,-10.3,-0.1,1.4,0.4,8.5,-0.1,-3.2,-5.1,-4.7,-4.4,-3.5,-6.3,-4.7,-4.5,-4.6,-7.5,-5.2,-11.3,-9.9,-5.8,-3.0,-10.7,-3.3,-8.1,-5.7,-6.9,-4.0,-1.3,-1.1,-7.6,-1.2,0.6,3.2,-0.0,0.4,-0.3,-2.1,-3.6,-5.4,-5.5,-5.8,-5.5,-4.8,-6.1,-6.2,-8.4,-4.7,-8.5,-7.7,-6.0,-6.0,-7.1,-6.6,-3.8,-2.5,-3.2,-2.7,-1.8,-2.3,-3.1,-2.3,-4.0
2C7L50vV8d,0,48.098262,11.630959,4442529.69,2777419.16,540.8,586.5,209,7371,2.0,0.87,0.35,32.66,348.95,-0.53,-0.103,0.842,-1.0,0.1,1.34,0.17,0.4,0.1,-0.3,0.5,-0.8,-0.2,-0.3,0.8,-1.0,0.8,1.9,0.5,0.9,1.3,-1.6,1.0,1.6,1.8,1.9,0.7,0.7,-0.5,0.8,-0.5,0.5,0.8,1.6,1.3,0.0,-1.6,-2.1,2.7,-0.9,3.8,-4.6,-2.9,-2.8,-5.3,-0.4,1.0,1.5,1.7,1.7,0.7,-0.8,1.2,0.7,1.9,0.2,-0.4,0.5,-0.1,-1.3,0.2,0.5,-1.0,-2.4,-2.1,-0.9,-1.8,4.4,-1.3,-0.9,2.3,-2.2,-4.1,-0.2,-0.1,-2.1,3.8,-1.5,-2.1,0.5,-1.4,-0.6,3.6,-0.9,0.1,0.2,-0.2,-1.5,-1.0,-1.2,-0.4,-0.2,0.0,-0.3,1.3,-1.3,-1.4,-4.3,-5.0,-3.2,-2.1,-5.2,-2.3,-1.9,-3.6,-4.5,-5.3,-1.7,-1.2,-3.2,-3.9,-3.7,-0.9,-1.7,-2.0,-2.6,-2.5,-2.8,-2.4,-3.1,-3.4,-4.7,-4.8,-2.9,-2.5,-4.0,-4.0,-4.4,-4.3,-3.4,-2.6,-3.2,-4.8,-1.0,-3.6,-0.9,-5.4,-1.8,-3.9,-4.3,-2.3,-3.6,-2.9,-4.7,-4.6,-3.3,-2.8,-4.5,-4.3,-2.8,-5.7,-8.1,-7.5,-8.0,-4.4,-0.3,-9.0,-5.1,-3.7,-7.4,-7.0,-5.6,-6.3,-4.6,-4.5,-4.1,-3.6,-3.7,-3.5,-5.5,-2.7,-3.5,-5.9,-8.5,-7.4,-3.1,-2.8,-6.9,-4.8,-4.8,-4.0,-7.2,-6.6,-5.2,-5.7,-3.5,-3.7,-4.5,-20.2,-3.1,-3.6,-4.1,-4.3,-3.8,-4.7,-3.9,-2.8,-1.2,-2.4,-3.5,-5.4,-4.8,-3.9,-6.6,-4.2,-2.8,-3.0,-2.2,0.2,-0.3,1.7,0.1,-0.1,1.6,-1.9,-0.2,0.3,1.8
2C7L50vV98,0,48.098498,11.632794,4442665.83,2777448.37,542.7,588.4,209,7402,3.1,0.8,0.41,32.67,348.95,-0.53,-0.103,0.842,-0.9,0.1,0.0,0.23,0.2,0.2,-0.3,-2.0,-0.4,-2.6,-0.4,0.1,-2.6,-2.1,-2.5,-0.5,1.4,-1.7,-2.2,1.0,0.8,0.8,1.7,3.0,-0.5,0.2,6.5,-1.3,2.8,1.7,6.0,2.1,3.2,1.0,-0.9,0.4,-3.4,1.2,-2.1,-4.3,-2.4,-7.3,6.7,-1.3,1.9,-1.7,2.9,-1.5,-1.5,3.8,4.5,3.2,-0.4,-0.8,-1.8,-2.0,-0.3,-3.0,0.2,-1.4,-0.3,0.3,2.5,-0.9,1.7,-1.0,0.0,5.8,4.2,0.2,-5.9,6.4,0.9,-1.9,-0.9,1.4,0.0,1.1,0.5,-4.4,1.9,0.5,1.1,3.4,1.6,2.8,0.8,-0.5,-1.7,-1.0,-1.2,-2.0,3.5,-1.5,-0.7,-1.9,-2.8,-3.3,-4.7,-4.1,-1.5,-2.3,-3.8,-5.5,0.0,-1.2,-2.6,-2.7,3.4,3.9,-0.7,1.4,-0.4,1.3,0.1,-1.6,-0.0,-0.2,-2.8,-1.3,-2.5,-0.4,-3.3,-3.2,-2.7,-7.1,-4.0,-6.2,-2.7,-3.6,-1.4,-1.7,3.7,-1.5,1.5,-3.3,-3.8,0.2,0.7,-6.2,-2.7,-2.6,0.6,-1.3,-8.9,-0.5,-1.0,-4.7,-4.3,-0.1,0.7,0.7,-1.0,0.5,-1.8,-1.2,0.8,-3.4,-2.5,-2.1,-4.8,0.8,1.6,-10.6,-6.6,-5.3,-1.7,-0.5,-2.6,4.5,0.3,-1.9,-2.3,-0.0,-2.2,-4.6,0.8,-0.5,-1.5,-4.2,-2.2,-4.6,-7.7,-4.0,-3.9,-9.1,-0.8,-0.0,-4.0,-6.5,-5.4,0.8,-3.0,-4.1,-4.9,-0.4,-2.6,-7.0,-5.8,-3.9,-6.1,-1.8,-1.9,-5.3,0.7,-4.5,-4.4,-12.3,-8.9,2.7,2.0,-3.3,-17.4,7.2,1.5
2C7L50vV9g,0,48.098756,11.634808,4442815.28,2777480.41,548.0,593.7,209,7436,4.1,0.67,0.44,32.67,348.95,-0.53,-0.103,0.842,-1.2,0.2,-0.01,0.31,0.3,0.3,-0.3,3.4,-1.0,2.1,1.5,3.9,-0.7,5.0,4.9,2.7,4.2,0.9,-16.5,2.0,-1.3,1.6,-0.4,2.6,0.5,-2.2,-2.3,5.2,-0.9,-2.3,1.8,-1.5,5.1,-0.8,7.0,-4.5,-8.8,-8.6,1.7,-6.9,-6.3,-3.5,-1.6,-4.6,-0.4,-7.1,-1.1,-0.2,-9.4,0.5,-0.2,-3.3,-11.4,-13.3,7.1,-4.2,-2.6,-4.0,-5.5,7.5,-0.4,-3.7,-1.0,-7.6,-0.5,-4.3,-3.0,1.5,-0.3,0.7,-1.9,-6.7,2.6,1.8,-6.0,-6.9,-6.5,-9.0,-4.8,-11.1,-5.8,-4.8,-9.4,-5.4,-8.7,-0.8,0.4,2.8,0.3,0.3,-0.0,2.2,1.8,-1.3,1.1,-2.7,-3.3,-1.1,-7.5,-3.5,-1.1,0.6,4.9,-5.3,-3.4,2.8,0.8,-3.6,-2.3,2.2,0.2,-0.5,0.1,-1.3,-3.4,-2.5,-1.6,4.4,4.4,4.2,-6.8,-5.7,-5.8,-3.9,-4.5,-7.1,-3.9,-7.8,-2.4,-5.6,-2.2,-2.0,0.8,-2.0,-4.4,-2.4,-9.0,-3.3,-2.7,-6.3,-3.4,-3.0,-1.6,-7.8,-6.0,-5.3,-6.6,-10.6,-7.5,-8.9,-4.0,0.0,-2.5,-2.8,-1.0,-6.6,-4.9,-5.6,-1.9,-2.1,-1.6,-3.0,-4.7,-6.4,-3.8,-6.5,-0.0,2.9,-4.0,-3.2,-6.6,2.0,2.6,-4.0,-4.7,-7.3,-3.6,-1.3,-6.2,-18.7,-3.7,-2.8,-6.2,-7.9,-5.5,-13.4,-9.8,-7.5,-1.9,-8.3,-4.1,-6.7,0.3,-5.5,-2.0,-3.5,-11.7,-19.9,-2.6,-7.8,-6.6,-8.2,-4.5,-5.3,-2.3,-7.0,-3.4,-7.9,-8.3,-10.3,-8.5,0.4,-11.6,-12.0,-1.3
2C7L50vVAY,0,48.099137,11.63777,4443035.02,2777527.56,543.0,588.7,209,7490,3.9,0.69,0.48,32.69,348.95,-0.53,-0.103,0.842,-0.3,0.2,-0.54,0.3,0.1,0.3,-0.3,0.3,-3.3,-3.0,-2.2,-2.1,-1.5,-1.1,-0.7,-1.3,-2.2,-1.4,-0.9,-1.0,-0.4,-1.5,-3.3,-1.0,-1.0,-2.1,-1.2,-1.6,0.4,0.8,-1.5,0.4,-0.9,1.8,1.1,0.9,-6.4,3.0,7.9,10.4,-3.1,-8.2,-1.1,0.3,-3.5,3.9,-8.9,3.3,-2.7,0.2,2.3,-0.5,-1.2,-0.4,9.4,3.0,2.2,1.3,2.4,0.9,0.5,1.1,-0.3,-2.5,-0.4,-1.3,-0.3,1.0,0.4,0.8,2.8,2.5,-4.5,0.8,-2.4,-0.3,1.7,-1.7,2.3,-3.9,3.5,0.6,0.8,-0.9,-0.2,0.8,5.5,1.7,-5.9,2.5,7.2,8.5,-8.8,0.7,-8.9,-1.3,-3.5,3.9,1.1,-7.6,-4.0,-0.4,0.2,0.4,-4.0,0.4,-0.5,1.2,-4.1,-5.2,-0.4,0.4,-3.3,1.6,3.4,-4.1,0.1,-0.7,-3.9,-6.6,-5.9,-7.1,-7.0,-7.6,-6.7,-3.5,-2.8,0.3,-2.6,-6.2,1.4,6.5,4.4,-8.4,-3.0,-4.7,-0.1,2.1,-5.1,-2.3,9.6,-6.6,-0.4,-3.9,-1.6,2.6,3.3,-0.6,-1.3,0.4,-0.1,1.8,1.0,-1.4,3.9,3.7,-0.4,1.8,4.7,-1.8,-0.3,1.9,-0.6,2.5,1.7,-1.2,-1.9,-2.0,-3.5,1.2,0.9,-6.3,2.1,0.6,3.9,-0.8,-3.4,4.2,-1.9,0.8,-10.1,3.4,1.8,-0.8,2.2,-0.5,1.6,-0.4,4.0,0.9,0.4,2.4,-1.8,-8.5,-6.0,-2.5,-2.2,-2.4,-1.6,3.5,-9.0,-11.5,-0.5,7.4,-1.5,-8.6,-2.8,-7.1,-4.8,-5.3,-3.1,12.8,-11.5,-10.7,-10.1
2C7L50vVAc,0,48.099149,11.637868,4443042.31,2777529.14,534.9,580.5,209,7494,2.8,0.76,0.43,32.69,348.95,-0.53,-0.103,0.842,-1.4,0.2,-1.78,0.22,1.4,0.2,-0.3,2.4,-0.1,0.2,1.6,1.5,1.6,0.3,0.7,0.8,4.2,-0.5,2.4,1.4,-0.9,3.7,0.3,4.7,-1.4,0.5,-3.6,0.4,1.0,1.5,-11.2,3.4,-5.5,1.3,0.5,-1.2,-3.8,4.8,-6.5,-3.0,2.8,-2.1,0.0,1.7,-1.1,-0.8,-1.6,4.1,1.3,6.4,3.4,2.0,1.6,4.8,-0.8,1.7,3.4,0.8,1.4,2.5,0.9,2.4,1.3,4.2,2.4,3.6,1.2,1.9,6.1,5.8,5.6,7.0,4.5,5.5,7.3,3.4,6.2,5.2,6.3,3.8,3.3,5.3,3.4,6.1,3.0,3.7,4.6,4.0,2.8,2.0,1.8,0.1,4.6,0.1,-6.5,-0.2,0.2,0.4,1.3,-2.7,-2.1,0.9,7.3,4.6,7.8,5.1,9.7,6.0,4.8,5.3,5.5,3.8,5.5,3.4,2.2,0.6,0.1,3.6,4.8,3.9,4.0,2.7,-0.5,1.7,0.9,1.3,2.8,5.0,3.9,6.2,4.8,7.3,-0.5,1.4,2.4,-0.3,1.8,-1.6,-7.7,4.5,1.6,-0.3,-0.1,3.7,-1.9,0.6,4.3,2.8,0.6,-1.5,0.9,1.1,0.6,-2.8,-0.3,-0.7,2.5,-1.5,1.4,2.4,1.3,-1.4,-2.3,-3.1,0.6,-5.6,-4.0,5.7,1.6,-3.9,-1.3,-8.3,-0.3,-2.9,-6.6,-5.0,-3.4,-3.0,-3.6,-0.6,-3.2,-2.8,-1.7,-1.1,-0.7,3.4,-2.9,-3.0,-3.4,-5.7,-5.9,-4.2,-2.0,-4.0,-2.0,-2.9,-3.8,-0.9,-2.5,-6.5,-6.1,-6.4,-4.2,-7.1,-9.5,-3.5,-6.7,-18.0,-3.4,-8.2,-4.0,-2.4,1.0,-5.3,-5.1
2C7L50vVAe,0,48.099163,11.637972,4443050.01,2777530.79,535.6,581.3,209,7496,3.3,0.59,0.42,32.69,348.95,-0.53,-0.103,0.842,-4.1,0.2,-2.57,0.28,0.7,0.2,-0.3,-1.8,-1.6,-1.0,-2.6,0.8,12.0,-0.8,2.1,3.2,-2.8,0.3,3.3,-1.1,1.9,1.5,0.2,4.2,0.4,2.1,-1.7,1.6,4.4,3.5,2.4,0.7,1.6,5.5,7.6,5.2,3.7,8.1,1.8,2.5,2.5,1.7,1.1,4.6,4.1,5.1,7.6,3.1,9.1,2.8,5.7,5.5,6.7,7.7,12.3,7.5,2.2,6.2,6.2,5.0,6.0,4.6,5.9,3.1,1.1,1.2,3.3,4.8,3.4,4.8,3.7,8.7,-0.6,3.8,13.4,5.1,6.1,0.7,3.3,-2.3,1.9,2.9,2.1,1.6,1.3,2.3,3.0,2.3,0.0,10.8,2.3,1.8,1.3,2.3,3.4,2.0,5.7,3.4,5.1,2.5,2.5,4.2,4.4,8.7,6.7,7.3,5.0,4.9,7.2,6.8,7.0,4.7,5.8,5.0,4.1,5.8,4.4,5.1,4.8,3.4,6.3,5.6,3.5,3.9,4.9,5.1,3.9,4.0,3.9,5.7,2.0,2.3,4.1,2.2,0.7,-1.9,-0.8,2.8,2.0,4.3,-5.3,-5.6,-4.5,-1.5,-3.6,1.2,8.6,-8.0,-3.8,-5.4,-0.2,-2.1,-2.3,1.0,-4.0,-0.4,1.7,-5.5,-2.1,0.4,0.6,-0.5,-2.2,-3.1,-3.3,-2.1,-7.9,-10.4,-10.3,-13.0,-10.5,-11.8,-10.0,-12.6,-12.7,-11.4,-12.4,-9.3,-10.1,-14.2,-19.1,-12.7,-11.1,-12.9,-11.3,-12.8,-15.3,-9.1,-11.5,-10.5,-10.6,-12.0,-10.5,-11.9,0.5,-14.4,-13.2,-14.9,-12.7,-16.8,-13.6,-15.0,-14.4,-15.8,-15.5,-15.6,-16.5,-15.5,1.8,-5.9,-12.7,-8.2,-15.5,-12.4,-17.1
2C7L50vVAj,0,48.099219,11.638414,4443082.82,2777537.82,543.6,589.3,209,7501,4.7,0.57,0.45,32.69,348.95,-0.53,-0.103,0.842,-0.3,0.2,-0.1,0.36,1.3,0.3,-0.3,7.3,-2.4,-2.7,-2.1,0.1,-3.7,-2.4,4.8,3.5,1.5,0.3,1.0,1.8,1.2,-0.6,-0.7,0.4,-1.0,-0.9,2.8,-4.0,5.1,6.6,8.2,-3.9,3.2,-2.5,3.8,3.0,6.0,-13.1,2.5,10.9,-1.7,7.6,-0.2,-6.3,10.4,1.3,6.4,-0.6,-2.1,1.6,10.2,-10.6,2.3,-0.0,-5.8,-8.2,-3.9,-5.2,-2.4,-4.0,-3.6,-6.4,-0.4,4.7,-0.1,-4.6,-1.3,3.0,3.1,-14.7,-3.9,-8.6,-5.4,-5.4,-3.4,-7.1,-3.3,-6.2,-1.4,0.7,-3.8,-1.6,-1.7,-5.7,1.3,1.6,-0.2,-2.6,0.0,5.8,-10.6,-6.1,-6.4,5.4,-8.4,-5.1,2.9,-5.0,-2.6,-2.2,0.2,5.1,-9.6,2.4,12.1,-11.2,-13.3,2.8,0.9,10.2,2.4,6.3,6.3,7.8,4.4,2.1,3.7,-2.5,1.1,-2.2,-2.8,-3.7,-1.9,-13.9,-0.6,-4.9,-2.4,9.7,0.9,-0.6,-1.0,3.7,11.9,4.9,0.6,3.2,4.0,5.9,6.5,6.7,2.5,1.5,-0.6,-1.6,4.8,2.4,-1.1,6.7,-5.2,-3.1,-1.0,-3.6,-3.8,-3.9,-2.6,-2.9,-0.8,1.2,-2.7,-1.8,1.6,-1.6,-0.9,-0.3,0.7,-4.5,-1.5,-6.4,-2.1,-0.9,6.4,-4.9,3.2,0.1,-9.5,-5.5,-3.4,-3.5,-1.9,5.1,2.4,-0.6,-7.0,0.8,-1.9,5.1,-5.8,-1.9,-0.7,-1.7,-0.2,-1.3,-1.9,-2.1,-3.5,2.9,3.9,-2.7,2.1,-0.2,-4.9,-1.7,3.5,-0.9,-0.3,-1.6,-4.2,0.8,-5.0,-8.9,2.8,-1.7,-1.4,-4.3,-8.1
2C7L50vmBc,0,48.098275,11.63092,4442526.77,2777420.59,547.2,592.9,210,7368,3.1,0.8,0.49,32.66,348.95,-0.53,-0.103,0.842,-0.5,0.2,-0.49,0.24,0.8,0.2,-0.3,1.3,0.9,2.9,-0.2,0.2,0.7,2.2,0.8,1.1,0.9,1.6,2.0,-0.2,0.0,1.5,0.8,-0.2,-0.8,-0.3,-6.3,-8.0,-2.0,-3.3,-2.1,-1.6,-0.3,-1.1,-1.8,-0.8,3.0,2.4,-6.1,-0.8,-3.5,-9.2,-9.4,-3.8,3.6,-3.5,-3.1,1.1,-4.0,8.3,-2.4,-2.4,-3.5,-2.0,-1.1,0.8,0.9,1.7,1.1,0.6,-1.4,-5.4,-1.2,0.1,-1.9,-0.9,-1.4,-1.2,-4.1,-1.7,0.6,-0.3,0.4,0.0,1.7,-0.8,-2.2,-0.3,-4.1,0.6,-0.5,-1.7,1.0,-0.3,-3.4,-3.9,-3.0,-4.2,-1.4,3.5,13.1,0.0,2.5,-1.5,-4.5,-3.9,-0.4,-1.6,0.0,-2.2,-0.9,-2.7,-6.3,-3.4,5.7,2.0,-2.5,3.7,4.5,1.0,-1.2,1.5,-3.0,-1.2,-1.8,-0.6,-1.0,0.3,-0.4,-1.9,-0.8,0.5,0.3,-0.4,1.0,-0.5,-0.4,-1.0,0.1,2.0,-2.4,1.7,-0.9,0.9,0.6,0.5,1.2,2.6,-2.2,-3.9,-0.8,-9.6,1.4,6.4,-2.0,5.6,2.7,-0.6,-3.2,-0.6,-4.1,-0.3,-2.1,1.6,-0.1,0.4,0.9,-0.3,-1.4,-2.6,-4.2,-3.0,-1.6,-3.4,3.3,1.5,1.5,-9.0,-1.7,-2.0,-6.9,-5.3,-3.4,-4.3,-11.7,-9.2,-7.9,-3.9,13.8,-5.0,2.5,-0.1,0.0,-0.1,-1.9,-1.2,-0.1,-2.1,-3.7,-1.4,-2.0,1.3,-2.2,-6.6,-1.1,-1.1,-7.7,-5.1,-2.5,-1.6,-1.3,-3.0,-2.5,0.6,-2.9,-7.3,-4.1,-6.4,0.4,-3.5,-4.7,-6.6,-3.7,-2.2,-0.5
2C7L50vmC1,0,48.098456,11.632325,4442631.0,2777442.96,545.3,591.0,210,7393,3.2,0.78,0.4,32.66,348.95,-0.53,-0.103,0.842,-0.1,0.2,0.37,0.25,0.3,0.2,-0.3,-1.3,0.0,0.2,-1.2,0.2,-1.0,-0.7,-0.4,1.3,-3.1,0.6,0.6,1.7,2.9,1.7,4.6,4.4,2.0,0.9,0.8,2.6,3.0,1.4,1.9,0.2,-2.2,1.4,0.9,3.8,-1.7,0.3,-4.1,-1.9,0.4,1.0,1.0,2.7,0.5,-0.0,-0.4,1.3,-5.7,2.7,0.7,2.7,3.1,-0.7,0.8,2.6,2.1,2.3,4.7,2.6,3.0,1.3,3.4,0.9,3.3,1.3,1.3,2.0,-1.7,-2.2,1.5,6.0,5.1,1.1,-1.3,2.1,1.3,-1.1,-1.2,-4.4,0.1,1.3,-0.5,1.9,1.0,2.4,-0.6,-0.7,-1.6,-0.2,3.5,0.1,1.2,0.9,1.8,-0.6,2.9,3.3,3.4,2.3,4.1,1.8,4.0,0.2,5.2,4.0,3.8,3.2,1.8,3.0,3.3,3.1,2.3,3.6,0.7,-0.6,1.5,0.3,4.3,2.9,2.6,1.6,-0.4,-5.9,-0.9,0.2,-3.1,-5.0,-0.4,1.3,1.6,0.1,0.7,-2.5,1.8,0.7,-0.1,0.3,1.9,-1.0,-0.8,-2.1,0.1,2.8,-2.9,1.6,10.9,-4.4,-5.2,-3.3,-0.5,0.6,-6.2,-5.4,-6.5,1.7,0.2,-8.5,-8.7,3.9,0.4,4.5,-3.4,-3.4,-3.5,3.6,4.3,-2.9,-2.9,-3.6,-4.7,-5.4,3.4,3.6,-1.5,0.7,2.4,-0.4,-6.9,-6.8,-0.4,-3.0,7.7,5.9,6.0,-12.0,3.4,7.7,9.4,12.8,6.6,4.6,2.1,-1.8,0.9,2.4,2.0,-0.6,2.0,-0.9,-1.0,0.9,-0.9,-0.1,5.2,4.4,4.1,-2.0,1.0,0.7,3.7,2.2,-6.4,0.2,2.6
2C7L50vmCp,0,48.098794,11.634958,4442826.35,2777484.88,537.1,582.8,210,7443,3.3,0.76,0.47,32.68,348.95,-0.53,-0.103,0.842,0.4,0.2,-0.3,0.26,0.5,0.2,-0.3,1.6,-0.1,-0.2,1.8,-4.5,1.1,-0.9,-3.2,-0.9,0.3,-2.9,-0.4,-3.3,3.9,3.8,2.8,-3.4,0.0,-3.2,-4.5,0.2,5.1,0.4,1.9,1.6,-1.5,8.3,1.2,7.5,-9.4,3.6,-2.7,-0.2,-0.4,3.5,0.3,14.5,7.2,0.1,11.0,7.4,1.4,1.3,-1.5,4.5,3.7,-1.7,11.6,9.1,5.7,0.6,3.0,-1.2,-9.9,2.0,0.3,9.9,4.8,4.0,3.4,2.6,3.4,5.9,5.4,4.5,5.5,3.6,5.3,3.2,3.3,-2.9,1.2,2.8,2.5,7.6,3.5,7.1,8.0,4.0,7.7,1.6,3.3,-1.7,-1.5,4.8,4.3,5.1,8.9,0.1,4.0,1.9,2.6,-4.1,4.4,4.8,1.3,-0.3,2.9,2.4,2.5,4.2,3.8,5.5,7.5,6.7,5.7,-1.0,3.7,12.4,4.0,4.9,3.0,4.1,0.5,0.9,12.0,0.8,1.3,0.1,5.5,4.9,2.9,-2.9,1.9,2.7,3.5,2.5,1.5,1.6,-7.6,3.2,0.7,2.3,2.3,2.5,1.4,3.3,1.8,5.2,7.3,0.6,3.8,0.5,2.6,4.4,0.2,5.7,4.0,2.8,3.7,1.2,-2.6,0.7,0.8,2.0,5.2,3.3,1.3,0.2,1.4,-0.7,3.6,3.2,1.6,2.5,6.6,4.1,-1.2,1.7,1.8,2.6,4.4,-2.0,2.2,3.7,5.9,8.0,6.4,3.8,4.8,6.8,3.9,5.3,4.6,3.6,6.4,5.1,3.6,4.2,4.8,2.1,6.6,-2.2,7.9,4.9,7.0,3.6,4.8,3.5,0.5,0.5,3.8,2.6,6.3,6.2,1.7,2.8,5.4
2C7L50vmCP,0,48.098633,11.633561,4442722.69,2777464.71,541.1,586.8,210,7417,2.3,0.88,0.36,32.67,348.95,-0.53,-0.103,0.842,-0.6,0.1,-0.03,0.17,0.5,0.1,-0.3,-0.4,-1.6,-0.5,-0.0,-0.2,-0.5,-0.3,-1.3,0.1,-0.5,1.0,1.3,-2.1,0.1,-1.3,0.6,0.3,-0.6,-3.2,-0.1,-1.5,-2.6,-2.2,1.1,-2.2,-0.6,0.2,3.4,1.4,-4.1,8.2,-5.9,-6.2,-2.9,-1.7,-2.3,0.9,-3.6,-0.0,-1.8,-0.9,1.8,-3.2,0.1,1.2,-1.4,-3.9,-1.7,-4.2,-4.9,-3.6,-2.9,0.1,-0.9,-0.5,-1.2,1.8,-2.6,0.5,-0.7,-1.5,-0.6,-0.4,-2.0,0.5,-2.4,-2.6,-5.5,-3.6,-2.0,-1.1,0.5,-1.4,-1.4,-1.9,-1.3,-2.3,-4.5,0.7,-0.4,-2.4,-3.1,-2.1,-1.2,0.8,-3.3,1.6,-3.1,-1.4,-1.8,-1.7,0.8,-2.5,-1.8,-3.2,-2.3,1.2,-4.1,-1.2,-2.3,-1.4,-0.9,0.2,1.8,0.6,-0.1,-3.1,-3.0,-2.2,-0.3,-2.5,-2.8,-2.4,-3.3,-1.6,-1.9,-1.7,-3.5,-2.7,-1.0,-0.7,-1.0,-0.6,-2.8,-1.8,-4.0,-7.7,-1.2,-2.0,-3.9,0.8,-2.5,2.8,-3.1,-4.4,-4.2,-3.2,-5.1,0.8,2.3,-3.0,-2.1,-4.6,-1.7,-1.0,-0.3,-0.8,-1.5,1.1,-2.5,-0.7,-2.1,-3.6,-2.6,-0.8,-1.1,-2.1,-0.7,-2.4,-1.8,-6.1,-7.8,-0.3,-4.7,-5.5,-3.3,-3.6,-5.7,-1.9,-5.0,-2.5,-7.1,-2.2,1.1,1.8,0.1,-2.4,0.4,-2.2,-3.1,-2.6,-3.1,-2.7,-1.1,-3.9,-5.9,-5.6,-5.4,-8.0,4.5,-14.6,-1.0,-3.0,-10.3,-2.2,-5.0,-2.3,-4.4,-1.7,-0.2,-5.8,-2.0,-2.5,-2.0,-1.7,-4.3,-5.0,-3.7
2C7L50vmCe,0,48.098757,11.634527,4442794.31,2777480.06,544.7,590.4,210,7432,3.8,0.73,0.48,32.67,348.95,-0.53,-0.103,0.842,-0.0,0.2,-0.05,0.29,0.6,0.3,-0.3,10.1,-3.1,-10.8,-6.6,-3.4,6.3,-3.1,0.4,0.5,-8.3,1.6,2.5,-0.3,-2.3,2.4,0.7,-1.1,-0.0,-1.8,-6.2,-1.2,1.9,-3.7,-0.3,-0.5,-0.9,-1.3,1.1,-2.9,-7.9,-6.4,-7.0,-3.9,-3.4,1.9,-3.6,-0.6,-2.2,-1.3,-2.9,-0.3,-5.3,-0.1,1.3,-1.6,-0.2,-3.7,-3.9,-1.4,0.2,-1.4,3.1,2.3,4.7,3.3,-1.0,-2.1,-3.2,-0.4,0.6,-1.5,-0.3,-3.9,-3.7,-10.3,13.6,-5.4,-5.2,-2.1,0.4,-5.7,0.2,-2.0,-3.1,-2.2,-3.1,-3.7,-2.9,-4.6,-0.7,-3.3,-4.5,-2.7,-1.3,-1.2,-0.1,-0.4,-0.7,-5.0,5.4,-4.4,-4.5,-8.4,-5.0,-6.2,-3.5,-2.2,-3.9,-4.0,-1.6,-3.2,-3.8,0.1,0.5,-5.0,-0.0,-2.7,-1.1,-1.3,-3.8,-4.4,-3.9,-4.7,-2.5,-5.0,-4.6,-5.6,-4.0,-1.7,-3.6,-6.0,-1.9,13.4,-1.9,-3.1,-1.2,-5.4,-2.9,1.4,-5.5,-1.7,-1.9,-7.2,-3.3,-7.2,-3.9,-0.7,2.3,3.6,1.2,12.9,-6.1,1.5,-0.7,2.4,0.1,-8.9,0.8,2.2,1.7,1.5,-1.8,1.3,-0.1,-0.0,0.9,-1.7,-0.7,4.8,-8.6,-3.4,-0.0,-7.3,-0.4,5.7,3.6,1.8,-0.8,-6.6,-1.3,-0.3,-2.1,-4.0,-3.4,2.8,-4.1,-3.0,-1.1,1.9,-3.0,-2.2,-3.9,-1.7,-4.5,-1.1,-2.1,4.0,0.5,-3.4,-6.5,5.0,0.4,-1.1,-6.7,-10.3,-1.4,-1.3,-1.4,-5.2,0.6,-6.4,-5.4,-0.6,-5.3,-10.3,13.4,-2.9,-5.0
2C7L50vmCk,0,48.098798,11.634843,4442817.76,2777485.09,544.7,590.4,210,7438,2.5,0.84,0.38,32.67,348.95,-0.53,-0.103,0.842,-1.1,0.1,0.64,0.19,0.6,0.2,-0.3,-0.9,-3.0,-1.3,-2.7,-3.3,-0.4,-2.8,-3.9,-1.9,3.8,-0.2,-3.4,1.2,1.1,1.7,1.7,0.6,2.6,0.1,-0.6,-2.7,-0.1,-3.5,0.8,-1.7,-3.7,-1.6,-6.0,-2.1,-7.6,-1.4,-9.8,-7.0,-4.6,-2.7,-7.3,-4.6,-6.9,-5.7,-3.5,-3.4,-6.3,-1.6,-2.4,-3.6,-0.3,-7.3,-5.1,-5.4,-5.5,-4.9,-1.2,-2.4,-3.8,-4.1,-3.8,-5.3,-4.3,-4.6,-4.6,-3.3,-5.1,-5.7,-1.2,-8.6,-5.5,-3.6,-3.1,-3.7,-2.5,-4.6,-2.6,-4.4,-2.5,-6.7,-6.6,-5.0,-7.6,-7.6,-8.8,-9.2,-6.6,-7.4,-6.5,-6.2,-7.2,-10.6,-7.0,-9.2,-8.4,-7.9,-6.9,-7.5,-7.7,-8.9,-5.7,-3.8,-4.1,-2.7,-6.1,-5.4,-10.1,-5.2,-4.8,-5.9,-4.8,-6.5,-5.7,-9.6,-5.8,-7.2,-7.3,-7.0,-4.3,-5.0,-5.3,-3.8,-4.3,-4.7,-3.8,-5.3,-7.3,-6.9,-8.0,-6.4,-5.1,-6.9,-8.8,-6.7,-5.7,-3.4,-8.3,-6.5,-6.3,-4.2,-1.7,0.1,-3.0,0.6,-0.5,-5.9,-2.3,-4.6,-4.1,-1.6,-3.3,-8.0,-4.6,-2.5,1.9,-14.1,-9.8,-9.0,-8.4,-8.9,-4.5,-7.6,-7.0,-9.9,-7.5,-9.9,-8.0,-5.9,-7.1,-8.8,-3.5,-7.1,-17.2,-7.5,-7.8,-8.7,-9.9,-9.1,-6.5,-6.4,-9.6,-7.5,-5.5,-9.1,-6.8,-7.6,-6.4,-9.5,-5.0,-7.7,-6.8,-5.0,-7.3,-4.7,-8.2,-10.5,-4.1,-7.6,-12.1,-10.2,-8.4,-5.8,-8.0,-4.6,-6.6,-5.3,-9.4,-8.2,-8.7,-5.6,-9.1,-8.1,-9.1
2C7L50vmDT,0,48.099129,11.637422,4443009.15,2777526.15,545.3,591.0,210,7483,4.0,0.7,0.49,32.69,348.95,-0.53,-0.103,0.842,-0.7,0.2,-0.41,0.3,0.7,0.3,-0.3,-2.4,-4.9,-3.4,0.1,-2.0,-8.6,-0.2,0.6,4.4,-15.7,1.5,7.9,-3.7,-1.3,1.6,2.0,2.5,3.5,-0.3,-3.4,-2.1,-1.0,0.8,0.2,1.4,1.9,0.0,3.2,3.0,-3.0,6.0,-3.6,-1.8,-2.1,-4.1,-1.2,-0.2,1.3,1.0,2.3,-2.0,-12.3,-2.8,-1.9,-2.7,-2.8,0.9,2.0,-4.3,1.5,3.0,2.8,0.7,-2.5,1.4,-0.6,1.5,1.5,-1.9,4.3,7.7,-3.3,-9.4,5.9,8.2,10.0,3.1,2.2,-1.0,-2.5,0.6,-2.8,2.0,-3.4,-2.9,0.8,-1.6,-0.6,-4.3,-2.2,-3.8,-5.9,-1.3,-4.6,-1.5,0.3,-1.1,0.2,0.3,-2.0,-3.2,-7.5,-5.8,-6.3,-4.6,-2.8,-6.1,1.4,-2.4,-2.1,-3.3,1.1,-0.4,1.0,-1.5,0.6,0.2,0.0,-1.6,-1.1,-1.4,-1.2,2.4,-0.1,3.7,2.7,8.4,0.2,-1.4,5.0,-17.0,0.0,0.5,0.7,3.5,-5.0,8.3,-3.9,-2.1,-2.6,-1.0,-5.2,2.5,-7.8,-4.3,-4.8,-1.0,-3.0,-2.6,-12.0,9.0,-8.1,-1.3,-1.2,-0.7,-1.0,0.4,-0.3,-2.1,-11.1,-3.0,-0.8,-4.6,-2.6,-3.1,-3.1,-1.3,-0.1,-3.8,-0.6,2.2,-10.4,-0.7,-0.1,-3.4,2.1,1.6,-4.3,-12.3,3.2,-0.9,-1.2,4.5,3.5,3.9,-3.1,-6.8,-4.1,4.4,-1.8,-2.6,-3.5,-10.1,-6.4,-0.3,4.5,0.4,-9.4,-3.1,-3.9,-3.7,2.5,0.7,-2.6,-5.4,-4.8,-5.9,-1.2,-4.5,-6.0,-6.5,-3.5,-5.7,-3.5,-3.6,-7.2,-5.1,-7.7
2C7L50vmDu,0,48.099323,11.638933,4443121.21,2777550.19,545.0,590.7,210,7510,3.9,0.66,0.47,32.69,348.95,-0.53,-0.103,0.842,-1.3,0.2,-0.45,0.3,2.0,0.3,-0.3,0.5,3.1,-2.2,-2.2,-4.5,-0.4,-2.5,2.0,1.5,-3.7,1.8,0.3,-5.9,-0.3,-2.6,-8.5,-1.8,-4.3,-4.4,-7.9,-3.7,-3.2,0.9,-10.6,-7.0,-6.4,5.4,1.6,-2.1,-6.8,-15.8,-7.3,-3.7,-8.0,-7.9,-2.6,-7.1,-7.7,-6.4,-7.8,-3.2,4.6,0.0,-5.8,-7.4,-1.2,-1.4,-0.2,-2.0,-3.6,-5.6,-3.5,2.1,-3.9,-8.7,11.4,-7.3,7.6,-4.7,-1.5,-2.8,-7.2,-9.9,-9.9,-4.4,-2.9,0.7,-11.0,-2.0,-6.5,-4.4,-6.1,-2.9,-5.3,-4.9,-4.7,-6.0,-7.6,-7.7,-4.6,-6.9,-7.2,-3.6,-3.7,-5.0,-6.0,-4.6,-8.9,-4.7,-8.5,-6.3,-8.2,-3.2,5.1,-8.8,-6.7,-10.2,-6.5,-7.7,-9.2,-6.8,-9.9,-3.5,-5.7,0.7,-3.7,-4.3,-1.3,-2.0,-12.7,-6.4,-4.7,5.0,-3.1,-3.2,-8.5,-4.2,-7.6,-5.0,-2.3,-5.5,-3.5,-5.0,-2.7,-4.7,-5.0,-5.1,-6.8,-6.5,-10.8,-5.7,-8.5,-7.7,-7.1,-9.6,-7.8,-5.7,-9.2,-3.9,-8.9,-8.9,-2.0,-6.2,-0.4,-1.0,-0.8,-0.1,-3.0,-1.8,-1.5,0.3,-3.0,-1.6,-4.5,-4.8,-4.6,-1.0,4.8,-7.4,-3.6,-6.2,-7.9,-4.0,-11.6,-16.1,-9.1,-1.7,-11.0,-12.2,-8.6,-7.9,-7.9,-5.9,-5.3,-4.6,-18.3,-6.0,-3.0,-1.2,-4.2,-7.5,-9.6,-4.6,-11.6,-6.3,-9.5,-12.6,-6.6,-10.0,-10.3,-11.7,-5.0,-10.5,-10.1,-13.4,-15.5,-18.3,-17.1,-1.5,-6.8,-3.1,-21.5,-14.7,-11.9,-1.3,-4.6,-10.6,-9.3
2C7L50vmDv,0,48.099319,11.638898,4443118.63,2777549.64,540.6,586.3,210,7511,3.5,0.73,0.41,32.69,348.95,-0.53,-0.103,0.842,-0.3,0.2,-0.14,0.27,1.8,0.2,-0.3,1.6,-3.4,5.4,2.3,-1.0,-1.0,0.7,1.1,1.3,2.2,2.2,1.2,-0.7,-0.6,-5.2,1.2,2.9,0.9,0.3,-4.6,2.0,7.3,-11.5,-6.3,-4.1,-1.1,-5.2,-8.4,-11.9,-1.1,0.3,-13.7,-12.1,-7.2,-4.9,-5.4,-4.6,-3.6,0.7,-1.8,-8.0,11.5,9.6,-0.5,-4.9,-9.7,-5.2,-3.9,3.9,-4.1,-3.7,-6.2,-6.2,-2.3,-5.5,-4.0,-3.0,-3.5,-1.9,0.5,-0.7,-5.0,0.1,-1.9,-0.1,0.7,2.0,-4.5,11.5,-3.7,5.8,-0.8,1.3,-0.3,-1.5,-0.2,-5.7,-1.0,1.3,-2.2,-9.8,-3.8,-0.1,-0.1,0.6,-2.7,-0.1,-13.8,-9.2,-3.3,-2.9,-3.8,-5.9,-7.7,-4.6,-6.1,-4.6,-2.6,-2.6,-2.7,-5.2,-3.6,-3.6,-2.9,-0.8,-3.6,-1.2,-0.3,-0.5,-4.2,-2.1,-2.5,-4.6,-4.5,0.6,-0.4,-1.8,-0.4,-3.3,0.3,1.8,-0.7,-1.5,0.5,1.2,-0.6,-2.1,-3.1,-1.8,-1.5,-0.9,-1.5,-1.7,-0.4,-2.7,-2.8,0.7,-4.8,2.2,-1.3,-3.1,-3.2,-2.9,-7.7,-0.4,0.4,-1.4,-3.1,0.1,-4.2,-4.0,-0.4,-1.0,-2.9,-0.8,0.1,-0.9,-5.9,-2.4,-4.2,-2.1,-1.6,-4.2,-3.1,-7.7,-5.5,-4.6,-6.7,-7.4,-2.3,-3.2,-1.2,-4.8,-3.4,-1.9,-2.0,-2.0,6.8,-3.1,0.6,-5.4,-4.5,-2.3,-3.4,0.3,-3.4,-5.8,-6.3,-4.3,-0.2,-6.5,0.0,-2.9,-6.3,-8.3,3.4,-3.7,-6.5,0.7,-6.6,-1.7,-8.8,-11.1,-9.1,-3.4,1.6,-2.6,2.8
2C7L50vmBG,0,48.098131,11.629508,4442421.95,2777402.26,539.6,585.3,210,7346,1.9,0.91,0.34,32.65,348.95,-0.53,-0.103,0.842,-0.5,0.1,0.1,0.14,0.8,0.1,-0.3,-3.1,-0.8,-1.1,-0.4,-1.2,0.2,-0.1,-1.1,-0.8,1.6,-0.1,-2.4,-0.0,-0.6,0.2,0.3,-0.4,0.4,-1.6,-0.1,-4.1,-0.2,-3.0,-0.2,2.1,-2.9,-1.3,-0.1,-4.2,-4.1,0.5,-5.2,-6.4,-1.8,-5.1,-1.0,-2.3,-3.6,-3.1,0.3,-3.2,-2.0,-1.6,0.4,-3.9,-2.6,-2.8,-2.1,-1.6,-3.3,-2.6,-2.4,-4.5,-2.1,-1.4,-0.2,-2.5,-1.3,-1.7,-4.6,-1.7,-0.6,4.0,-1.0,-3.9,-0.4,-0.8,0.0,-0.1,-0.7,-0.7,-2.8,-1.0,-2.4,-1.8,-0.2,-1.2,-2.8,-0.7,-4.2,-1.2,-3.2,-2.1,-4.1,-5.5,-1.3,0.7,-3.1,-3.4,-3.8,-3.3,-4.2,-3.4,-2.4,-4.4,-2.9,-3.0,-0.7,-3.9,-3.0,-2.6,-2.4,-1.7,2.4,-3.4,-3.9,-5.4,-5.1,-4.5,-4.4,-1.4,-2.3,-2.3,-3.9,-3.0,-2.6,-5.1,-3.7,-2.3,-3.6,-2.1,-2.5,-3.5,-2.2,-1.8,-0.6,-4.5,-3.6,-3.6,-5.3,-2.0,-6.2,-5.8,-4.5,-6.0,-1.2,-3.4,0.2,-3.4,0.2,-3.1,-6.0,-6.1,-6.8,-2.6,0.0,-0.2,-0.3,0.1,-0.4,1.3,-2.9,-3.9,-1.3,-2.1,-3.5,-3.4,-5.1,-2.3,-4.3,-4.0,-8.2,-2.4,-6.7,-5.4,-0.2,-1.6,-5.0,-5.0,-5.2,-0.2,-1.2,-5.2,-2.5,-1.9,-2.2,-3.3,0.1,4.3,-3.1,-2.4,-3.5,-3.6,-3.6,-4.7,-3.5,-4.0,-2.3,-3.6,-5.2,-3.5,-4.9,-11.2,-4.7,-4.2,-3.2,-2.0,-2.8,-1.6,-4.0,-5.2,-4.5,-2.1,-4.8,-8.0,-6.2,-7.0,-1.7
2C7L50vmBe,0,48.098306,11.63087,4442522.94,2777423.93,540.0,585.7,210,7370,2.1,0.89,0.36,32.66,348.95,-0.53,-0.103,0.842,-0.4,0.1,0.61,0.16,0.3,0.1,-0.3,-1.3,-0.5,-2.0,-0.9,-1.0,-0.8,1.1,0.0,0.3,-0.4,-1.0,-1.0,-0.5,0.5,-1.2,0.5,0.4,-0.5,-0.7,0.2,-1.2,0.7,2.0,2.9,0.8,0.8,1.6,-2.4,5.3,-1.0,1.7,-3.6,-3.6,-0.5,-4.4,-0.0,-1.1,1.1,2.6,1.4,2.0,-1.1,0.3,1.5,-1.2,-0.0,-2.1,-1.1,0.1,-1.0,-0.3,0.0,-0.9,-3.7,-3.4,0.4,-3.6,-1.6,-0.3,-1.4,0.4,-1.6,-2.9,0.3,-0.6,-3.0,0.5,-3.0,-2.8,-2.5,-2.1,-3.5,1.1,-2.3,-1.7,-0.8,-2.0,-1.5,-2.0,0.7,-3.1,-1.0,-1.2,-2.5,-1.5,-0.8,-0.3,-1.8,-2.6,-0.5,-2.5,0.1,-1.9,0.3,-1.9,-3.9,-6.8,1.7,-0.6,-3.8,-3.3,-2.7,-0.9,-0.3,-1.0,-1.1,-3.1,-3.5,-1.5,-1.3,-1.9,-2.8,-2.3,-0.0,-1.8,-2.6,-3.4,-0.9,-3.3,-2.2,-1.3,-2.9,-2.7,-1.7,-2.0,-1.0,-3.7,-0.5,-1.0,-3.2,-1.8,-0.1,-3.0,-1.5,-2.5,-1.3,1.5,-2.6,-1.6,2.2,-4.6,-1.4,-6.7,-5.7,-1.6,0.4,-3.9,-1.5,0.3,-0.1,-1.0,-0.2,-2.7,-3.5,-2.5,-3.9,-0.7,-3.8,-3.0,-1.1,0.1,1.7,-3.5,-6.5,-5.7,-2.8,-1.4,-5.3,-2.6,-1.4,-0.9,-1.3,-5.8,-2.6,-3.9,-2.0,-2.4,-2.8,2.7,-1.0,-3.1,-4.3,-4.7,-3.6,-3.4,-3.8,-4.7,-0.9,-0.0,-3.8,-5.2,-8.4,-13.6,-3.7,-1.3,-2.2,2.4,-1.6,0.2,6.9,5.0,3.1,0.2,-0.1,-4.0,0.4,1.4,-3.3
2C7L50vmCf,0,48.098787,11.634617,4442800.97,2777483.55,546.6,592.3,210,7433,2.3,0.88,0.36,32.67,348.95,-0.53,-0.103,0.842,-0.4,0.1,0.01,0.18,1.1,0.2,-0.3,-0.2,-3.1,-1.6,-2.8,-0.8,1.3,-0.4,0.1,-1.1,11.4,-0.3,-2.0,-1.6,0.7,0.1,-0.8,-1.0,-0.1,0.6,-1.3,-2.2,0.4,0.9,1.2,-0.2,-0.1,-0.3,3.1,2.4,-2.9,3.0,-7.1,-5.3,-4.8,0.8,-1.6,0.9,-2.0,-0.6,-2.4,-0.0,0.9,1.2,1.8,1.8,1.0,1.1,-0.2,-0.1,2.2,-1.1,1.9,-0.3,-2.9,-2.2,-1.2,-2.4,-3.1,-2.0,-3.4,-1.4,-1.4,-10.2,-3.3,-10.6,-4.6,-6.4,-2.8,-2.2,-1.4,-2.2,-2.3,-1.6,-3.1,-3.9,-2.8,-4.5,-2.3,-2.4,0.4,-3.2,-2.5,-0.5,-1.9,-1.9,-2.1,0.2,-1.3,-1.9,1.0,-0.8,0.3,-1.1,-3.4,-3.6,-0.4,-1.2,-1.0,-1.2,-0.0,-2.0,-2.6,0.5,1.2,0.4,0.3,-1.1,0.6,-2.7,-0.2,-0.6,-1.0,-1.8,-1.9,-3.3,-3.9,3.5,-4.3,-2.4,-2.4,-1.6,-2.8,-1.0,-1.3,-2.9,-2.8,-3.0,-2.0,-1.4,-3.4,-0.5,-2.3,0.5,-1.5,-2.3,-1.1,1.1,0.0,1.8,4.2,2.9,-2.0,-0.6,-0.6,-0.4,-1.7,-7.1,-0.6,0.4,-1.8,2.3,-1.8,0.1,-0.7,-0.7,-1.4,-1.4,0.0,0.3,-3.9,-1.3,-0.4,-2.9,-0.8,-0.0,1.1,-1.9,-5.3,-2.1,-1.1,-0.9,-1.8,-1.4,-2.3,-0.2,1.6,-4.8,-2.2,-15.7,-6.0,-3.0,-4.4,-4.3,-3.1,-4.3,-1.9,1.4,-5.1,-3.0,-1.5,0.6,0.8,-1.7,-7.0,-1.9,-2.0,-1.9,-2.5,-1.5,-2.6,-3.6,-2.4,-1.6,-3.8,-7.6,-2.4,-2.4,-2.9
2C7L50vmCg,0,48.098786,11.634605,4442800.1,2777483.38,543.3,588.9,210,7434,4.1,0.68,0.47,32.67,348.95,-0.53,-0.103,0.842,-0.9,0.2,-0.69,0.31,0.7,0.3,-0.3,1.1,-1.5,-0.3,-1.3,-0.7,-4.3,-1.2,-2.2,-1.9,-2.0,1.1,-7.6,2.4,0.9,4.3,1.9,1.3,3.3,2.7,0.8,-3.2,-0.7,2.5,1.0,0.1,1.7,-1.2,3.0,2.7,0.8,3.7,-0.4,6.1,0.4,2.8,0.5,0.7,4.4,0.9,-0.8,-0.4,2.4,1.8,1.3,2.4,1.8,1.3,0.3,-0.4,1.7,-1.9,7.3,3.5,-3.5,1.0,-1.1,4.2,1.6,0.3,-1.6,2.3,1.7,3.2,0.5,14.6,1.7,1.3,-0.9,-0.6,1.3,6.3,1.0,3.4,-0.3,-2.9,4.5,10.5,1.6,-0.8,3.1,0.6,-2.1,-0.8,-3.0,-5.0,0.6,1.8,0.3,-2.1,7.7,1.9,-3.8,8.4,-5.5,-3.6,-1.9,-11.1,-3.6,0.2,1.3,-10.0,-4.6,-2.2,-6.2,-0.6,-2.6,-3.0,-0.6,-5.5,-0.6,-0.1,-3.2,-0.8,-0.9,-4.2,14.2,4.9,0.4,6.3,10.1,4.3,2.2,6.1,2.2,-3.9,-3.3,9.7,-2.0,-3.1,-4.4,-3.2,-6.6,7.9,-2.6,-2.4,1.8,-0.4,0.4,2.8,4.4,-0.6,-3.0,-3.6,2.6,4.8,-1.1,2.8,7.8,5.3,-1.6,5.4,-3.2,-1.3,-1.5,0.4,-3.5,6.1,0.6,-0.6,-2.8,-2.9,-0.5,-13.5,2.4,-1.2,0.1,-0.3,-5.7,-4.4,-0.7,-4.4,-0.9,1.7,-3.7,8.9,-14.2,-12.9,-5.2,-8.3,-11.1,0.9,-6.3,-10.9,-2.8,-10.0,-2.4,1.0,1.0,-1.7,-2.3,-0.9,0.7,1.1,-4.5,-1.1,-7.0,-7.5,0.3,-2.1,-8.9,-0.6,-3.2,0.2,-4.9,-7.0,-3.1,-0.4,-3.6
2C7L50vmB7,0,48.098095,11.62908,4442390.15,2777397.51,543.7,589.4,210,7337,1.8,0.92,0.3,32.64,349.02,-0.53,-0.103,0.842,-0.3,0.1,0.06,0.14,0.5,0.1,-0.3,-0.9,-0.8,0.6,-2.3,0.9,1.0,-0.2,-0.3,0.2,2.9,0.2,0.3,0.9,-0.9,-0.5,-1.5,-0.2,-1.3,0.8,2.0,0.2,2.4,1.0,-2.6,-0.6,-1.1,0.3,-3.7,-1.5,-1.7,2.3,-4.0,-2.8,-0.1,-5.6,-1.6,-1.3,-1.3,0.6,-0.2,-0.7,0.8,1.9,0.1,2.5,1.0,1.3,1.5,0.3,0.3,0.4,0.3,-0.7,-0.6,0.4,0.6,-0.6,-0.6,-0.9,-0.2,-0.6,-2.5,0.3,0.3,-0.5,0.1,0.4,-0.5,-0.7,-1.2,-2.8,-1.0,-1.2,-2.4,-1.5,-2.0,-2.1,-2.6,-0.5,0.5,-0.8,0.4,-0.2,-0.8,-0.8,-1.9,-0.6,-1.3,-1.3,-0.9,0.6,-0.8,-1.0,-4.1,0.1,-1.2,0.5,-0.3,-0.6,-1.8,-0.6,-1.1,0.9,0.2,-0.4,-0.1,-0.7,0.1,3.3,2.3,-1.5,-0.9,-0.9,-0.4,0.5,1.4,-0.0,0.5,-0.0,-0.7,1.2,-1.7,0.2,-1.0,0.3,1.2,0.7,0.5,-0.6,-2.7,-0.1,-1.6,1.9,0.8,-4.8,-0.8,-0.4,4.5,1.2,0.7,0.5,-0.7,-3.2,-2.8,1.3,-0.8,-1.2,-1.8,-0.3,-0.1,-0.9,-3.0,-2.6,-3.8,-3.4,-1.8,-2.5,-0.3,-1.1,-2.0,-3.5,-6.5,-0.7,-5.2,-3.2,6.7,-1.8,-7.8,-2.4,-2.2,-1.7,-1.3,0.5,-0.8,-1.0,-1.3,-2.6,-0.3,-2.1,-1.4,-2.8,-0.4,-3.5,-2.4,-2.7,0.8,-1.6,-0.5,-1.7,-0.3,-0.4,-1.0,1.7,-4.6,-0.7,-2.0,-1.6,-1.4,1.7,10.2,-1.9,-2.1,-3.6,-2.1,-2.2,-2.5,0.3,-2.7
2C7L50vmB8,0,48.0981,11.629121,4442393.2,2777398.16,542.9,588.6,210,7338,1.1,0.97,0.15,32.64,349.02,-0.53,-0.103,0.842,-0.4,0.1,-0.17,0.09,0.3,0.1,-0.3,-0.6,-0.4,-0.3,-1.1,-0.0,-0.0,-0.3,-0.5,0.0,1.2,0.4,-0.6,0.4,0.3,0.2,-0.4,-0.1,-0.6,-1.1,0.6,-0.2,0.7,-0.1,-1.8,1.4,0.3,0.0,0.5,-1.2,-1.7,3.1,-3.3,-4.3,-1.9,-5.0,-2.0,0.1,-0.5,1.3,-0.1,-0.7,-0.5,0.4,0.2,-0.1,-0.5,-1.0,-0.5,-0.7,-0.7,0.4,-0.4,-1.1,-1.2,-1.3,-0.7,-0.5,-0.7,-0.4,-0.8,-0.7,-1.6,1.0,0.1,-1.5,-0.2,-0.2,-1.2,-0.4,-0.8,-1.4,-0.7,-0.8,-1.3,-0.9,-0.9,-0.2,-0.6,-0.4,-0.8,-1.1,-0.1,-0.7,-0.8,-0.6,-1.8,-0.1,-1.7,-0.9,-2.1,-1.6,-1.5,-1.2,-2.3,-1.5,-2.4,-0.4,0.6,-0.4,0.3,0.1,-0.8,0.9,1.0,0.3,0.0,-0.1,-0.8,0.5,0.1,-1.1,-0.7,-0.9,-0.8,-0.4,-0.1,-1.3,-0.9,-1.3,-1.1,-0.2,-1.0,0.0,-1.3,0.2,-0.6,-0.9,-0.3,-2.4,-2.7,-1.2,-2.3,-0.3,-0.0,-3.2,1.0,0.6,1.5,1.2,1.8,-1.2,-0.9,-2.1,-2.1,0.6,-0.6,-0.6,-1.1,-0.2,-0.4,-0.6,-2.3,-2.0,-2.2,-1.7,-2.1,-0.9,-1.6,-1.1,-1.2,-2.8,-4.1,-1.1,-4.6,-4.1,2.7,-1.5,-5.8,-2.6,-2.2,-1.2,-0.8,-2.3,-1.5,-1.0,-0.5,-1.6,-0.7,-2.4,-0.5,-1.3,-1.0,-2.4,-1.3,-1.3,-0.0,-1.6,-2.5,-1.6,-2.6,-3.3,-2.9,-0.4,-5.1,-1.1,-1.5,-0.9,-2.1,-2.1,-0.9,-3.1,-2.7,-2.7,-2.7,-2.8,-3.7,-2.6,-2.7
2C7L50vmBX,0,48.098278,11.630504,4442495.79,2777420.17,540.9,586.6,210,7363,2.3,0.87,0.36,32.66,348.95,-0.53,-0.103,0.842,-0.2,0.1,-0.32,0.18,1.0,0.2,-0.3,-0.7,0.2,0.8,0.3,-0.8,0.9,1.5,0.6,2.5,-0.8,0.4,-0.7,-0.2,0.3,0.4,-1.2,0.7,-2.1,-0.6,-1.0,-1.4,-0.2,1.6,1.3,1.5,0.8,3.7,0.0,4.5,-5.6,-10.5,-3.8,-2.8,-0.6,-4.5,-1.9,-0.4,1.5,2.5,0.3,2.0,-7.5,1.8,-6.9,2.6,1.0,0.4,1.4,1.1,0.0,1.2,0.3,0.9,0.3,1.2,3.6,1.6,1.4,2.0,2.4,4.5,4.3,-1.6,2.3,2.8,0.9,2.9,-0.3,0.5,-0.9,-0.8,1.9,-3.3,-0.7,0.5,-0.5,0.0,0.6,1.0,2.3,0.6,3.3,0.3,0.3,0.2,0.9,1.0,-1.5,-1.0,0.3,-0.7,2.0,-0.1,2.6,-1.9,-1.5,0.1,-0.6,2.4,1.9,4.2,0.9,1.9,4.6,2.5,3.9,-0.9,4.8,-1.7,3.6,3.1,1.3,0.2,1.4,1.4,1.3,0.2,0.6,1.9,0.4,-0.2,-0.2,7.3,-0.4,-1.1,0.0,-0.3,2.2,-1.0,-1.8,-0.4,-0.0,-3.0,-0.4,-1.0,1.3,-0.8,1.3,2.4,2.5,0.8,-3.0,-0.5,1.9,1.9,0.4,-4.0,1.5,1.7,0.3,1.6,1.3,-2.5,-0.8,-0.9,-3.3,-1.6,-0.8,2.4,-2.5,0.4,-2.3,-3.7,-7.5,-4.9,0.8,-1.9,-5.8,-1.6,1.0,1.7,-0.5,-2.2,0.4,1.7,-7.8,-2.3,0.3,10.5,2.6,0.4,1.4,0.3,0.4,-2.7,-1.1,-1.5,-0.1,0.5,0.1,1.0,-0.5,0.5,-7.0,-2.0,-0.8,-0.4,-1.8,-1.6,-0.1,0.1,-0.2,-2.9,-0.8,0.3,3.3,2.2,0.5
2C7L50vmC8,0,48.098552,11.632637,4442654.03,2777454.12,542.2,587.9,210,7400,4.0,0.59,0.47,32.67,348.95,-0.53,-0.103,0.842,-0.3,0.2,0.39,0.31,3.2,0.3,-0.3,-2.9,1.8,0.1,3.4,-0.5,3.2,2.9,1.9,4.1,-3.5,2.2,-7.3,2.6,5.8,6.5,5.9,7.7,6.2,4.6,16.7,-2.9,-0.2,2.5,10.1,16.1,-1.6,3.0,5.7,8.8,2.2,0.7,16.0,-0.7,12.1,2.6,-6.9,1.6,6.9,3.9,12.8,7.7,2.4,8.9,-2.3,2.3,4.4,2.1,-2.0,0.7,-5.1,-1.2,-0.4,1.0,-0.5,1.4,1.4,-3.6,-0.3,-1.0,-4.6,-3.6,-1.0,-3.7,1.0,7.3,-5.5,-4.9,-2.1,-3.3,-2.6,-5.0,-0.7,-6.7,-3.8,-1.3,0.3,3.2,0.9,7.2,6.3,7.0,5.7,6.1,7.7,7.7,10.9,9.4,9.0,6.1,4.2,5.0,4.2,0.6,5.2,4.1,0.6,0.4,1.7,4.2,4.4,3.3,2.2,7.1,5.5,3.9,1.3,1.5,4.5,5.0,5.1,1.7,8.5,7.0,6.0,-0.1,-8.6,-10.5,-6.4,-2.4,-3.0,10.5,-1.0,-5.0,2.0,2.1,5.7,-1.0,4.5,5.3,-1.7,6.7,-1.3,3.7,3.3,-1.4,1.4,-2.6,2.5,6.0,2.7,3.7,-3.7,-1.9,-0.3,1.9,2.3,-4.6,-2.1,-0.8,0.7,6.6,-0.4,0.8,-2.9,-0.7,12.2,-1.8,2.1,4.1,2.5,3.5,2.0,1.8,2.7,2.7,0.8,1.8,0.5,2.8,0.9,-5.5,-3.9,-8.5,-9.2,0.7,2.4,-1.9,-2.5,-0.4,2.9,1.5,2.3,0.6,1.8,5.3,2.3,-0.2,5.6,9.2,3.8,7.8,3.3,10.2,3.1,7.5,6.3,5.4,0.3,4.4,5.6,-1.7,-3.5,-2.1,-0.2,-1.9,-6.6,-1.7,2.0
2C7L50vmCE,0,48.098602,11.633026,4442682.9,2777460.3,544.5,590.2,210,7406,4.4,0.63,0.41,32.67,348.95,-0.53,-0.103,0.842,0.9,0.2,-0.47,0.34,1.1,0.3,-0.3,-0.9,-2.5,6.1,-1.1,0.7,-10.8,5.2,5.3,1.4,-6.3,1.0,1.1,0.0,1.5,0.6,-0.6,-2.1,2.5,3.2,2.7,-1.1,1.9,-3.8,1.1,0.4,-2.7,-2.4,-4.4,5.7,-8.4,-3.2,-10.3,-4.2,-2.8,-5.6,-0.7,-1.8,1.1,1.0,2.6,-3.3,0.4,0.7,6.8,1.3,10.3,-0.4,0.6,-6.6,0.4,4.7,0.4,-1.2,-3.1,-0.5,-1.0,2.4,2.3,0.2,2.1,1.6,1.2,6.3,2.7,8.2,-0.1,-2.1,-1.3,2.1,4.3,-1.0,2.3,-5.5,2.9,5.7,1.2,2.6,1.2,6.8,1.8,-11.5,-1.2,-6.0,-1.4,-2.5,1.1,4.1,2.5,-2.9,-3.6,-3.4,-7.9,-2.3,2.0,-0.9,0.0,0.0,5.2,2.9,0.2,7.7,2.9,5.8,4.7,7.0,4.1,4.7,-1.0,4.0,9.7,-3.6,4.9,5.0,-3.9,7.0,-2.0,2.3,1.9,-0.3,6.4,9.7,2.8,1.2,1.8,5.3,3.4,-0.5,7.0,2.2,-0.7,-1.4,2.0,0.5,1.3,4.5,6.1,2.0,-0.1,-0.2,4.7,-1.0,0.1,5.1,5.8,-13.2,9.2,-11.9,6.2,1.9,13.4,9.2,-5.9,2.8,2.1,4.9,12.0,5.7,7.3,8.8,2.8,3.1,2.0,0.5,-0.6,0.9,3.1,2.4,-8.8,-3.1,-0.2,9.3,2.9,-8.0,-7.8,13.1,11.8,4.0,5.8,11.4,4.9,2.3,1.4,3.5,1.9,2.5,3.2,-1.7,2.9,3.3,0.9,2.0,10.4,3.0,5.0,5.0,10.5,4.3,5.8,1.8,6.9,-8.7,1.5,1.7,3.8,10.6,-3.9,1.1,3.1
2C7L50vmCR,0,48.098679,11.633624,4442727.28,2777469.83,539.5,585.2,210,7419,3.6,0.71,0.45,32.67,348.95,-0.53,-0.103,0.842,0.1,0.2,-0.19,0.28,1.2,0.2,-0.3,5.1,4.6,1.7,2.2,-3.1,-4.0,-2.3,-3.2,-1.8,2.0,-3.7,-6.7,-3.5,-4.1,-0.2,-1.6,2.9,-6.0,-1.1,-4.9,-1.7,-1.3,-4.3,-4.4,4.9,0.1,1.2,-0.7,-4.1,-5.7,8.6,-2.1,-9.0,-1.2,0.9,-1.7,1.7,-0.3,1.7,7.1,2.4,-0.4,3.9,-0.8,-4.1,-0.8,6.6,5.0,-0.9,8.1,2.8,-2.1,-2.5,1.1,0.8,1.7,-0.1,8.1,-1.0,4.2,5.4,-7.5,2.1,1.2,5.9,5.2,8.8,3.8,-3.8,-1.6,3.3,2.1,4.9,-0.3,5.5,-2.5,1.0,-0.4,-1.5,-1.9,-0.2,-6.4,0.6,0.6,0.1,1.0,2.8,-2.9,-4.7,-3.7,-4.7,-3.7,-0.6,-1.0,-2.4,-0.3,1.6,0.3,-2.6,-0.8,-0.8,-0.2,1.1,1.9,1.7,-2.7,0.5,-3.0,-6.4,-0.8,2.3,-1.9,0.5,1.2,1.7,4.5,6.1,-3.1,4.4,-1.0,-3.5,-2.1,1.8,-2.2,2.6,8.3,6.3,2.5,-2.7,-1.5,5.9,0.0,9.1,3.1,-7.7,-1.4,-2.8,-4.9,2.4,4.9,4.7,-5.2,-2.7,-1.9,0.1,0.2,4.3,3.2,1.5,0.8,0.4,0.1,0.9,-1.1,-0.7,-1.7,-3.2,0.0,1.0,-2.8,-0.2,-0.1,4.3,-14.9,-4.4,-1.5,4.8,-7.5,8.5,-1.5,-0.5,-1.7,7.4,1.9,1.5,3.2,1.9,3.5,-1.3,0.1,2.3,-0.0,-0.1,0.6,-1.0,-1.7,3.3,2.9,-0.1,-3.2,-1.4,5.5,-1.1,-6.2,4.7,-7.1,3.3,2.8,-1.0,-0.6,-1.1,-2.8,0.5,-0.4,5.2,7.1,-4.4,5.1
2C7L50vmDH,0,48.099077,11.636732,4442957.83,2777519.28,544.5,590.2,210,7471,1.9,0.91,0.32,32.68,348.95,-0.53,-0.103,0.842,-0.3,0.1,0.0,0.14,0.3,0.1,-0.3,-1.3,0.2,-0.5,1.8,-2.3,0.0,1.8,3.2,-0.1,-3.8,-2.2,1.6,0.6,2.7,0.9,1.1,1.0,-0.5,-1.1,-3.2,-2.2,-2.0,-1.2,8.1,2.0,2.6,-0.5,-0.6,-1.0,-4.0,5.3,-3.9,-2.5,-0.3,-0.1,0.6,1.6,0.2,-0.5,-0.8,0.5,0.2,1.3,-0.1,-0.8,-1.5,-4.0,-0.4,-1.9,1.0,-0.4,1.9,1.2,0.8,-1.9,0.6,0.6,-0.4,-1.0,-2.8,-2.0,-0.4,-0.3,-1.4,-2.3,-0.9,-4.2,-1.3,-0.4,-0.3,-0.5,-0.7,-2.7,-1.4,-1.2,1.1,-0.6,-1.4,-0.4,-1.9,-0.7,-2.7,0.2,-2.9,-1.6,-2.3,-2.5,-0.6,-2.4,-1.6,0.1,-4.7,-4.1,-2.4,-0.6,0.6,-0.5,3.4,0.3,1.2,1.4,1.4,1.8,3.2,0.6,2.1,0.6,-1.1,-1.7,0.1,-0.1,0.2,2.4,0.3,0.3,-0.8,-0.4,-0.2,-0.6,0.5,-1.9,-0.3,0.5,0.7,-0.3,0.8,-2.2,-0.7,-2.4,0.1,2.5,-2.6,0.2,3.0,-3.1,0.4,-1.3,-0.5,1.8,-0.1,-2.7,-2.2,-2.9,-3.4,-1.9,-3.7,-0.6,-0.3,-2.0,-1.6,-0.7,0.4,0.7,0.3,1.6,-0.1,-2.0,1.1,0.0,-2.5,-1.0,0.8,-3.6,-2.0,-0.1,3.1,-1.9,-5.8,-1.2,0.9,0.3,-1.2,-3.0,-1.5,-1.5,-4.1,-2.1,-0.6,-6.3,-1.6,0.4,-0.1,-2.3,-2.9,-2.3,-2.6,-4.8,-1.6,1.2,-2.7,-2.5,2.3,2.2,-1.1,-2.8,-0.4,0.9,2.8,-4.3,-0.5,-0.7,-3.6,-2.3,-1.9,-1.0,-1.9,-0.4,-3.5
2C7L50vmDR,0,48.09914,11.637219,4442994.0,2777527.05,540.6,586.3,210,7481,3.6,0.74,0.41,32.69,348.95,-0.53,-0.103,0.842,0.1,0.2,0.13,0.27,0.6,0.2,-0.3,2.0,-2.3,-4.1,-3.1,0.0,-0.3,-6.3,-1.2,-2.0,-4.1,11.4,1.6,-3.0,-1.6,0.5,-1.2,-2.6,0.5,-1.7,4.0,1.3,3.0,3.2,5.1,-0.5,5.5,2.0,-2.4,2.4,-1.0,6.9,-7.6,2.3,0.8,-2.1,-0.6,1.1,-1.0,5.2,4.2,2.7,4.6,-3.6,-1.0,1.4,3.8,1.1,-0.9,-0.5,1.0,-4.2,1.2,0.7,-0.3,-0.9,0.1,2.8,2.1,0.7,0.6,-0.2,-0.0,0.0,4.7,5.9,1.1,3.3,2.4,5.8,1.1,4.6,1.6,3.5,1.8,1.1,4.3,0.3,-0.7,-0.4,-0.4,-1.2,0.2,0.1,1.9,-1.3,3.0,2.5,5.3,-5.8,-0.1,-4.4,-5.4,-8.2,0.4,-4.8,-0.7,-1.6,-0.9,-0.7,-7.9,-3.5,-6.7,2.6,1.1,-6.8,-0.1,-3.6,2.3,1.6,6.3,-1.0,5.4,-1.2,0.6,1.5,1.1,-2.8,-0.3,3.1,-3.1,0.4,-3.7,0.1,-2.0,0.8,-0.9,6.7,1.0,0.1,-1.9,7.8,1.8,3.4,4.4,2.8,2.1,7.1,-0.6,2.8,1.0,-2.1,-1.8,-2.7,-1.1,-1.8,-2.0,0.7,-2.3,-1.5,0.1,-5.0,-1.2,-0.7,1.2,-4.1,-1.3,0.3,-2.6,-1.2,-4.3,-5.4,3.0,0.7,-1.2,-4.1,0.6,-0.4,-3.0,0.3,6.4,1.5,1.0,-2.3,-5.4,2.9,7.4,1.5,3.5,-5.8,15.4,4.5,10.1,4.0,-10.6,3.9,2.6,-5.0,5.5,3.9,-6.2,6.0,6.7,5.0,-1.7,-0.2,-1.5,-0.7,-1.2,-4.5,2.3,-2.5,-2.1,0.0,2.2,2.6,0.1,0.1,-0.1
2C7L50vmAx,0,48.098052,11.628604,4442354.74,2777391.97,549.7,595.4,210,7327,3.2,0.77,0.45,32.64,349.02,-0.529,-0.103,0.842,-0.7,0.2,1.03,0.25,1.5,0.2,-0.3,-0.4,-1.1,-0.7,-1.5,-0.8,1.6,1.2,2.0,2.4,-6.3,1.7,0.0,2.7,1.0,2.0,1.4,1.1,2.3,5.2,4.9,-1.3,2.3,-1.2,1.1,1.9,2.4,0.4,-0.3,-1.6,0.5,2.6,-1.4,-1.8,0.9,0.2,4.4,4.6,5.3,2.7,2.8,2.6,-0.5,4.3,5.2,3.6,2.0,2.3,-2.2,1.4,-0.0,0.9,2.8,2.2,0.0,-1.0,0.5,-2.0,-1.1,-0.7,0.3,-2.0,-0.0,-3.7,1.4,0.0,1.1,-0.6,1.5,0.6,-1.3,-2.9,-0.6,-1.0,-0.0,0.8,1.6,3.4,1.0,1.8,4.7,1.2,1.5,1.6,1.8,-0.2,2.4,1.3,4.8,5.7,-2.6,1.2,-0.9,-5.0,-3.7,-3.2,-2.3,-0.4,4.4,-2.0,-0.5,-1.1,4.9,3.7,-0.4,-0.3,-0.1,-1.9,-1.1,-1.7,-1.8,-2.0,-0.9,-1.1,-3.7,-1.1,-2.9,-6.7,-5.0,-4.8,-2.6,-5.0,-2.8,-3.6,-3.5,-1.0,0.4,-4.0,-1.5,-2.5,-0.4,-0.3,-2.8,-2.5,-3.1,9.1,-2.0,-17.0,5.6,-2.7,2.8,-1.1,-4.1,-1.3,-1.4,0.0,-2.2,-0.3,-6.7,-5.9,-8.5,-5.9,-4.1,-12.5,-6.9,-4.0,-6.3,-6.1,-5.5,-4.2,-1.0,-2.0,1.2,2.3,-3.2,-1.1,-0.9,-0.8,-3.6,-0.3,1.2,-1.2,1.4,-1.9,-2.0,-4.7,-8.0,-0.1,1.5,-14.2,-4.4,3.4,-2.0,-5.7,-3.7,0.1,2.7,5.4,1.7,-0.0,-1.0,-3.1,-1.1,5.4,0.1,4.2,-17.8,5.1,4.0,0.3,2.9,2.0,5.8,-4.5,-2.6,-1.4,-0.4,-3.7,-1.9
2C7L50vmB3,0,48.098085,11.628858,4442373.63,2777396.03,544.5,590.2,210,7333,2.1,0.9,0.37,32.64,349.02,-0.529,-0.103,0.842,-0.4,0.1,-0.13,0.16,0.2,0.1,-0.3,2.3,0.1,2.1,1.1,0.0,-4.9,1.7,1.7,1.0,-4.7,1.2,-3.8,2.0,2.2,1.7,2.5,-0.3,1.7,1.1,1.6,-0.8,0.4,-2.2,-3.0,1.4,0.8,-0.1,-0.0,-0.9,-1.7,6.2,-1.7,-4.2,-0.5,-1.6,-0.9,-1.3,1.1,1.4,1.0,-0.6,-0.1,1.0,2.7,0.7,0.4,-0.1,-1.2,-0.5,0.3,-0.2,0.7,0.7,0.8,-0.0,-0.1,-1.8,0.8,0.2,-0.2,-0.7,2.3,-1.1,1.2,5.5,-1.7,0.6,-1.7,0.6,0.3,-2.3,-1.2,-2.6,-0.8,1.0,1.4,1.7,1.1,1.1,0.1,0.7,-0.5,-0.5,-0.8,-0.7,1.0,2.0,1.0,8.8,-2.5,-2.0,-4.6,-3.8,-2.1,-1.3,-2.3,-1.0,3.2,0.5,1.6,-0.0,-0.4,3.1,0.9,1.9,2.8,2.4,0.4,1.4,1.1,1.4,0.7,1.8,-1.4,1.8,0.9,-0.8,-0.3,-1.5,-1.4,-4.8,-1.3,-0.8,-0.6,1.3,1.9,-3.3,0.1,-0.6,0.3,0.5,0.3,1.4,1.1,-1.4,-2.8,-1.2,-2.7,-0.5,0.6,-2.0,-3.2,-2.3,-1.2,2.3,0.0,-0.4,-2.1,-0.1,-0.8,-2.0,1.4,-1.2,-0.9,-1.2,-2.0,-0.4,-2.0,-1.1,-0.1,0.8,0.0,0.1,-4.4,-8.9,0.2,0.7,-3.9,-2.8,-0.6,3.2,2.2,-3.2,-3.0,-3.8,-4.6,-2.4,-2.6,-2.7,0.8,-1.2,1.6,-3.5,-2.3,-1.0,-1.3,-1.7,0.8,0.2,-1.0,-1.4,-0.0,4.0,-2.6,0.4,-2.4,2.4,-1.9,1.4,1.9,-2.5,-2.2,-2.1,-1.3,-3.7,-6.9,-4.9,-2.7
2C7L50vmBD,0,48.098157,11.62942,4442415.28,2777404.97,543.5,589.2,210,7343,1.4,0.93,0.21,32.65,348.95,-0.53,-0.103,0.842,-0.3,0.1,-0.18,0.1,1.2,0.1,-0.3,-3.2,-0.4,-0.9,-2.3,-1.9,-0.2,0.6,0.5,-0.1,2.1,-0.2,-0.4,1.6,-0.1,-3.2,-1.4,-2.9,-1.5,-3.0,-0.4,-1.6,-1.7,-1.9,-3.4,-0.3,-1.4,-1.2,1.4,-2.1,-2.9,-0.0,-5.1,-6.5,-2.9,-6.0,-3.6,-2.9,-3.2,-1.9,-1.7,-2.0,-1.7,-0.9,-1.7,-1.4,0.3,-0.3,-0.5,0.1,-0.3,-0.8,0.9,1.3,-0.2,-0.4,-0.3,-0.3,-0.0,0.3,0.6,-1.3,0.1,-0.5,-1.0,-3.4,1.5,0.4,-1.9,0.1,-1.9,-1.7,-1.0,-0.9,-2.2,-1.5,-1.2,-0.7,-2.2,-0.2,-3.9,-2.4,-2.9,-2.0,-0.4,-0.1,-3.8,-0.7,-2.8,-3.4,-4.2,-1.5,-1.3,-1.8,-4.6,-4.5,-3.4,-2.7,-4.5,-4.1,-3.8,-1.2,-5.7,-3.3,-4.8,-3.0,-3.2,-1.9,-2.1,-2.4,-1.5,-1.4,-2.2,-1.1,-1.7,-1.6,-0.5,-4.0,-0.0,-0.2,-1.1,-2.0,-1.3,-0.2,-1.1,-2.2,-1.4,-2.4,-0.5,-3.3,-2.4,-1.2,-4.2,-0.6,-1.3,-4.3,-0.8,-2.1,-0.9,-2.4,1.2,-0.1,-1.5,-2.7,-1.1,1.2,-0.2,-1.2,-0.8,0.3,0.8,-1.4,-1.2,0.5,-1.3,-0.8,-1.8,-0.3,-2.1,-0.6,-2.4,-3.6,-4.5,-1.9,-5.6,-6.6,1.0,-1.6,-6.5,-3.1,-4.2,-2.9,-2.9,-3.8,-2.5,-3.1,0.9,-1.4,-1.1,1.0,-1.5,-1.5,-0.6,-1.6,-1.4,-1.9,-3.1,-3.2,-3.1,-2.9,-5.2,-3.8,-2.9,-3.6,-5.0,-4.4,-4.8,-4.6,-3.8,-4.6,-3.3,-4.1,-3.3,-2.4,-2.5,-2.9,-1.3,-1.8,-2.4
2C7L50vmBo,0,48.098436,11.631589,4442576.21,2777439.49,546.5,592.2,210,7380,1.7,0.91,0.33,32.66,348.95,-0.53,-0.103,0.842,-1.0,0.1,0.96,0.13,0.5,0.1,-0.3,1.4,0.4,0.9,0.4,0.9,0.7,-0.2,0.7,-0.1,5.7,0.2,2.2,-1.3,-1.5,-3.8,-1.4,-3.9,-2.6,-4.1,-2.9,-4.6,-2.5,-3.4,-3.3,-3.4,-3.2,-3.5,-4.6,-2.2,-5.8,-0.1,-9.0,-6.5,-6.8,-8.3,-4.6,-4.3,-3.6,-2.4,-2.3,-3.7,-1.3,-2.4,-4.2,-3.6,-4.9,-2.8,-3.8,-3.4,-1.8,-2.9,-3.0,-2.3,-1.4,-2.3,-3.4,0.6,-3.9,-1.5,-3.7,-1.3,-2.9,-2.2,-1.9,-2.3,1.2,-1.9,-4.7,-3.0,-4.7,-4.7,-5.5,-4.4,-4.2,-4.1,-4.0,-3.6,-2.4,-5.1,-5.5,-3.2,-5.3,-3.6,-2.5,-3.3,-2.8,-1.4,-3.6,-4.9,-4.4,-5.6,-3.6,-4.3,-5.0,-6.6,-6.9,-6.7,-5.0,-6.1,-5.9,-6.3,-5.3,-2.5,-3.8,-4.2,-4.6,-5.2,-4.5,-5.6,-4.5,-4.8,-6.8,-5.6,-5.8,-4.3,-7.1,-8.5,-7.5,-7.7,-6.4,-7.1,-6.9,-5.8,-6.7,-6.5,-5.7,-9.9,-5.5,-7.9,-5.3,-3.3,-4.1,-6.6,-6.9,-7.4,-6.2,-5.3,-8.6,-4.8,-2.7,-5.4,-7.3,-7.6,-6.1,-4.5,-6.3,-8.2,-7.7,-7.1,-6.2,-7.2,-5.5,-6.7,-8.7,-8.0,-7.4,-6.3,-7.9,-5.0,-6.5,-7.2,-6.7,-5.5,-6.9,-6.7,-1.2,-3.8,-8.2,-6.5,-4.8,-5.6,-6.7,-6.8,-6.5,-3.8,-7.3,-6.3,-4.9,-12.5,-4.1,-5.3,-5.0,-5.0,-6.5,-6.3,-6.4,-7.7,-7.0,-7.6,-6.4,-7.5,-6.3,-6.2,-9.4,-7.9,-4.6,-4.0,-7.7,-5.5,-7.6,-5.4,-4.7,-4.2,-4.5,-5.7,-6.4,-6.6,-5.5
2C7L50vmB0,0,48.098065,11.628562,4442351.59,2777393.38,540.2,585.9,210,7330,3.4,0.76,0.41,32.64,349.02,-0.529,-0.103,0.842,-0.2,0.2,0.09,0.26,1.8,0.2,-0.3,-0.6,0.7,0.8,0.4,1.7,-0.0,-0.5,-0.5,-1.0,-8.2,-0.4,-3.0,-0.1,-4.5,-0.5,0.5,-0.2,-0.6,4.2,2.3,2.9,4.5,0.0,-3.3,4.1,4.7,-2.9,5.3,-2.0,1.1,-1.1,-3.9,1.8,-3.4,-7.9,-0.4,-0.3,8.0,-0.7,6.0,5.6,-0.8,7.1,8.1,10.3,3.2,10.5,13.7,10.1,12.6,10.4,0.8,0.8,2.5,-3.2,0.4,-6.8,-3.6,-1.7,-2.6,-2.4,-1.8,-4.6,1.0,1.2,-3.4,-0.6,-0.2,-0.4,-3.0,-4.9,-2.4,-3.6,-4.4,-1.4,3.6,-0.8,2.6,0.0,3.9,-0.4,0.5,-0.7,2.3,1.0,0.5,4.3,-0.0,-1.8,0.3,0.8,-2.4,-0.3,2.7,0.6,2.3,3.6,6.2,2.9,2.9,1.8,2.6,4.2,2.1,-1.9,-1.0,1.0,-1.1,-1.6,-0.5,-1.5,-2.1,-0.6,-1.7,-1.4,-2.4,-1.1,0.3,-2.4,-1.1,-1.1,-1.9,-0.0,-1.3,0.0,0.1,-8.3,5.0,7.3,-4.6,1.4,0.2,1.3,5.0,-1.3,16.5,2.9,3.9,5.7,4.3,-0.8,-7.9,-0.7,-2.9,2.2,-1.1,-5.5,-1.2,2.4,1.5,-3.5,-1.8,-0.9,0.0,-1.1,3.4,3.0,0.8,-0.1,-0.9,2.1,0.4,1.6,-2.4,-1.4,6.1,-0.2,-0.9,1.3,-0.7,-0.1,4.1,-2.8,-0.7,3.4,-2.9,-0.7,0.8,-6.0,3.2,0.1,0.4,0.1,-1.9,0.7,-0.9,-2.5,-0.5,2.2,1.8,2.2,0.2,5.4,-0.5,-1.6,1.4,3.5,2.1,-1.3,0.3,-1.3,-1.1,-1.7,-0.6,1.0,-0.6,-2.2,1.9
2C7L50vmB5,0,48.098096,11.628797,4442369.03,2777397.13,536.3,582.0,210,7335,4.6,0.54,0.49,32.64,349.02,-0.529,-0.103,0.842,-0.7,0.2,-0.98,0.35,4.8,0.3,-0.3,-2.9,3.2,0.9,0.8,-2.1,-5.1,-1.1,-5.9,-1.2,-3.0,-1.6,0.3,-7.8,-4.0,-2.6,-1.5,-0.2,3.3,-2.6,1.4,-6.1,-6.9,-4.7,-6.6,-20.2,-22.1,-8.2,-6.0,-21.7,-16.9,-19.1,-13.0,-10.2,-9.2,-11.4,-1.9,-6.5,-3.1,0.2,-3.4,-1.8,-4.2,-5.0,4.6,-1.5,-0.5,-6.5,-5.9,-3.3,-2.8,0.5,-0.5,0.7,-0.5,-2.5,5.6,1.1,2.5,-0.4,4.3,2.1,2.7,4.6,3.4,-17.4,0.4,0.2,-2.2,-1.9,-1.6,-2.4,-1.4,-2.4,-4.6,-5.9,-5.1,-8.3,-0.3,-2.5,-3.2,-5.1,-9.0,-5.1,-9.5,-3.0,-8.3,-7.1,-5.8,-2.4,1.2,-7.4,-7.0,-8.5,-10.3,-7.9,-7.6,-7.0,-5.0,-10.8,-6.4,-13.6,-2.6,5.6,5.8,1.4,-2.2,4.1,-0.7,3.9,-0.7,-2.4,-0.1,-2.1,1.1,0.8,-3.4,-2.0,2.5,-1.1,-2.0,7.1,8.0,2.9,-0.8,-3.3,-12.3,-5.0,-3.9,-8.0,-17.0,-12.3,-18.4,-9.3,-0.2,-3.4,-23.5,1.7,-0.2,-6.3,1.0,-4.6,-4.5,-5.0,-5.0,-5.1,-2.1,2.1,-1.2,-1.2,0.4,-1.7,-3.7,-1.6,-5.6,-6.0,-5.9,-4.4,-5.3,-8.3,2.0,-1.4,-1.1,-9.0,-9.7,-9.7,-2.8,0.3,-4.7,-9.8,-6.7,-0.6,0.6,-6.9,-1.6,-0.2,-0.4,-3.4,-2.1,1.0,-2.4,-3.4,-5.0,-7.4,-6.2,-5.5,-10.0,-6.1,-11.9,-15.1,-8.5,-14.0,-18.0,-21.3,-12.3,-8.7,-9.1,-1.7,-22.8,-4.7,-18.5,-1.8,-2.0,-2.2,-2.1,-1.9,-1.8,-6.7,1.9
2C7L50vmBB,0,48.098165,11.629339,4442409.23,2777405.74,545.1,590.8,210,7341,1.6,0.93,0.27,32.65,348.95,-0.53,-0.103,0.842,-0.2,0.1,-0.32,0.12,0.5,0.1,-0.3,-1.5,-0.5,-2.8,-1.7,-1.3,-2.3,-0.2,1.6,0.0,-0.1,0.2,-1.6,-0.1,-0.6,0.7,1.5,0.4,1.2,-1.2,0.1,-1.5,0.5,0.7,-2.1,-0.0,-0.3,-1.9,1.3,-3.0,-0.2,3.0,-2.3,-3.2,-2.9,-3.2,-0.0,1.1,1.5,1.7,2.1,0.1,0.0,0.6,-0.1,0.3,-1.6,0.1,-2.1,-1.6,0.4,0.3,0.9,-0.8,-1.0,-1.0,-0.7,-1.0,-0.5,-1.8,-0.2,0.9,-0.2,0.8,-1.0,-1.1,-0.9,-1.3,-2.2,-0.9,-0.6,-1.8,-0.5,-1.7,0.8,-0.6,0.6,0.8,1.7,0.1,-1.8,-1.5,-3.7,-3.0,-4.1,-2.7,-2.5,-0.5,-1.9,-1.2,-3.6,0.3,-3.0,-1.0,-0.7,-1.9,-0.3,2.5,1.9,-2.0,-1.8,-3.8,-6.5,-0.0,0.2,-1.7,0.9,-1.4,-1.7,-1.0,-1.5,-0.4,-1.5,-1.7,-1.2,0.8,1.0,-3.1,-0.7,1.3,1.2,-2.1,1.2,0.7,2.4,-0.6,-1.3,0.9,2.0,2.3,-2.5,-0.5,-3.0,0.1,1.1,-2.3,-1.1,-0.6,1.5,0.0,2.6,-0.9,-1.8,-2.1,-0.1,2.9,2.4,-0.7,0.3,1.6,1.4,1.1,2.4,2.4,0.9,0.3,-0.9,0.5,-2.0,-2.1,-1.2,-2.2,-2.2,-1.4,-5.0,-3.0,3.3,-1.7,-5.0,-2.4,-3.4,-1.7,-0.6,-4.3,-2.2,-0.5,-0.2,-1.7,-1.0,1.3,-0.1,-0.8,0.6,-1.8,-2.9,-2.5,-3.4,-1.7,-1.9,-1.6,-2.0,-2.6,-0.8,-1.2,-5.0,-1.7,-2.0,-1.7,0.1,-2.6,-0.0,-3.0,-1.9,-2.0,-2.5,-4.6,-4.1,-1.5,-0.5
2C7L50vmBt,0,48.098482,11.631802,4442592.02,2777444.95,544.9,590.6,210,7385,2.8,0.83,0.36,32.66,348.95,-0.53,-0.103,0.842,-1.5,0.1,-0.23,0.22,0.7,0.2,-0.3,0.0,-1.5,-1.0,-1.6,0.7,2.1,-1.4,1.7,-0.8,3.4,1.8,3.8,-1.1,-0.7,-0.1,1.3,-1.5,-0.7,-2.3,1.3,-1.0,2.7,-0.0,0.6,2.5,1.9,0.5,5.2,0.3,-2.3,5.7,-6.3,-2.5,-5.5,-5.5,-0.8,-2.6,0.1,-1.2,-2.2,0.1,0.3,-0.3,0.0,1.1,-0.7,4.9,1.5,-1.9,0.4,-0.9,0.8,-0.1,-0.4,-1.5,-1.8,-1.5,-0.3,-1.2,-1.0,-2.2,-2.9,-13.8,-0.6,0.8,0.3,-0.9,-0.9,0.2,0.5,0.6,-1.6,-0.2,-1.6,-1.2,-0.8,-0.1,1.1,0.0,-2.3,-1.0,-1.3,0.1,1.1,2.2,3.5,1.9,0.1,0.1,0.7,-4.4,-3.6,-2.5,-7.2,-3.9,-4.6,-3.4,-1.9,-2.1,-1.3,-2.6,-1.8,1.4,-1.0,-1.7,-0.7,-2.8,-1.5,-2.3,-1.4,-0.1,-2.2,-0.9,-2.4,-0.9,-2.1,-0.8,-3.8,-3.9,0.1,0.9,-3.0,-4.8,-5.2,-3.7,-2.0,-0.7,-2.3,-1.3,-4.8,-2.7,-4.2,-6.1,-3.6,-8.0,-2.5,-0.5,-6.0,-5.1,-2.8,-13.6,-8.0,-1.6,-3.1,1.7,-0.2,-8.4,0.6,2.2,0.3,2.7,3.0,-1.6,-1.2,-2.3,-2.2,0.1,-2.1,-4.1,-2.8,-4.3,-7.7,-10.1,-8.0,-6.7,-5.0,-5.9,-6.2,-6.7,-5.9,-4.4,-4.8,-14.9,-7.6,-0.8,-9.7,-5.6,-9.1,-17.3,-3.7,-4.3,-3.6,-5.9,-4.1,-4.8,-5.2,-14.3,-6.2,-8.1,-7.8,-4.4,0.5,-5.7,-9.2,-2.7,-4.9,-5.6,-5.8,-6.5,-8.0,-12.1,-4.5,-4.6,-6.8,-3.7,-10.4,-5.7,-7.6
2C7L50vmBu,0,48.098476,11.631755,4442588.5,2777444.21,538.6,584.3,210,7386,3.7,0.73,0.44,32.66,348.95,-0.53,-0.103,0.842,-1.9,0.2,-1.2,0.28,1.2,0.2,-0.3,-2.3,-0.5,1.0,6.5,1.1,-0.1,1.6,2.6,-0.7,-3.5,-0.9,1.3,0.5,-5.1,-2.1,-3.4,-1.4,-4.3,-2.5,-2.6,0.1,-2.8,-1.0,-1.8,-2.4,-2.8,1.1,-1.2,3.2,-2.6,2.3,-2.2,-8.6,-0.2,-1.6,-0.1,1.1,-1.8,2.6,3.7,1.0,-2.1,2.4,5.5,-1.0,1.9,-2.0,-0.9,1.7,0.1,-1.9,3.4,1.1,-2.0,-2.0,-3.6,2.8,-1.5,2.8,0.4,-0.3,-1.2,-1.1,1.9,2.8,1.6,-1.0,-5.0,1.0,-2.1,0.2,-0.6,-0.3,-1.7,-1.4,-2.0,-1.1,0.0,-0.3,-0.2,-1.0,-0.1,-2.4,-0.7,-0.4,-4.0,-0.2,-2.5,-1.2,-1.7,-0.4,1.4,0.3,0.2,-0.3,-1.1,1.0,-0.3,0.9,-0.6,-1.1,0.9,-1.6,4.4,-0.5,-0.4,0.4,-1.9,-0.6,-1.7,-0.9,-0.6,-0.4,0.5,0.5,-0.4,-3.5,0.0,1.6,0.1,-2.1,0.3,-0.3,0.0,-0.9,-1.2,-3.6,-0.4,-2.8,-3.8,-2.9,-3.3,-3.8,-2.3,-4.5,-1.6,-4.2,-2.7,-2.8,1.3,-3.2,-1.3,-3.8,-4.0,-2.6,-2.1,-5.0,-1.8,-1.2,-0.7,-3.3,-3.5,-3.8,-3.8,-2.0,-2.9,-4.7,-1.9,1.3,3.3,-9.4,-9.0,-4.1,-7.1,-9.3,-7.9,-2.6,-9.1,-4.1,-3.9,-8.0,-19.4,-11.4,-7.8,-9.1,6.1,-9.9,-5.3,1.2,7.8,-19.1,2.8,-3.3,1.7,-5.1,-14.2,-6.8,-13.6,-2.5,-11.1,-15.6,-9.4,-10.0,-15.4,-15.9,-12.8,-11.3,-16.7,4.3,-19.7,-8.6,-10.7,0.8,2.7,-20.6,-5.9,-8.9,-4.5
2C7L50vmDX,0,48.099235,11.637667,4443027.15,2777538.29,547.5,593.2,210,7487,3.7,0.74,0.41,32.69,348.95,-0.53,-0.103,0.842,-0.1,0.2,-0.29,0.29,1.4,0.2,-0.3,-6.6,-5.3,-2.2,-1.7,-4.1,13.2,-3.4,0.5,-1.7,-2.4,-0.5,-2.5,-4.1,-1.6,-0.4,-0.2,5.5,1.8,2.3,0.9,0.3,1.1,-0.3,0.2,2.7,0.8,2.2,9.5,1.1,0.1,11.8,-1.4,-3.5,0.0,-0.6,1.5,-3.2,-0.0,2.1,1.2,2.3,12.1,0.5,3.2,0.3,0.5,12.1,0.8,0.5,-0.5,-0.9,0.5,1.2,-1.1,0.2,-0.2,-11.7,-0.6,-0.9,-3.2,-0.0,-0.6,-7.7,-1.0,12.7,-0.1,-2.8,-4.0,-3.7,-2.1,-7.2,-2.0,0.6,-0.6,0.0,1.2,1.8,0.8,0.8,0.5,-2.3,-1.4,-0.1,2.8,0.9,1.5,1.1,-0.2,-2.3,-0.0,0.1,-2.8,0.5,-0.7,2.1,4.0,4.2,3.1,1.4,1.4,-0.3,3.2,4.2,4.9,-0.1,1.2,3.1,-3.9,1.3,0.5,-1.2,-0.1,0.1,-1.5,0.1,-0.0,6.0,-2.3,-3.3,-1.8,3.3,0.3,-6.7,-1.4,-1.3,-2.2,9.3,-1.1,-2.7,0.3,0.1,-0.1,4.4,0.1,-2.5,1.1,0.5,0.5,6.0,1.0,5.3,1.1,0.6,3.2,1.7,1.2,8.7,-0.2,0.9,-1.7,2.9,1.7,0.5,0.5,0.6,-1.2,-1.7,0.4,1.8,-0.5,3.3,-0.3,-0.7,-1.3,0.9,7.0,2.3,-1.9,-2.3,-0.9,0.6,0.5,13.1,8.5,13.2,3.2,-11.7,-11.7,5.7,-6.7,-0.6,-1.2,-1.2,-2.2,-3.2,-3.0,13.3,-2.2,-0.4,-3.1,-0.6,0.8,-1.2,-4.1,-3.2,0.0,1.5,-0.2,-1.6,1.7,2.0,-2.9,-2.2,-1.7,3.3,0.7,-1.9,0.4
2C7L50w3EC,0,48.098162,11.629169,4442396.56,2777405.1,541.4,587.1,211,7340,1.4,0.95,0.22,32.65,348.95,-0.53,-0.103,0.842,-0.2,0.1,-0.18,0.1,0.7,0.1,-0.3,-1.9,-1.5,-1.9,-0.5,-1.9,0.1,-0.2,1.7,0.7,2.0,0.6,2.1,-1.2,0.1,-1.0,-0.1,-0.2,0.4,-1.6,0.8,-1.5,0.1,-1.5,-3.6,1.4,-0.8,-0.8,1.3,-1.5,-3.2,2.0,-4.7,-6.1,-3.9,-5.5,-2.8,-2.3,-0.6,0.5,2.5,-1.3,-0.3,-0.7,-2.0,-1.0,-1.3,-0.4,-0.6,-1.2,-0.2,0.4,0.7,-2.4,0.5,-0.7,-0.9,-0.9,-0.6,0.0,-0.1,-1.1,-0.5,1.7,-0.6,-0.6,1.0,-0.0,-0.1,0.4,-2.2,-0.5,-0.5,0.2,-0.9,-0.2,-0.8,0.6,1.0,0.4,-2.5,-1.5,-1.6,-0.4,-0.3,-0.0,-2.3,-0.9,-3.7,-1.3,-5.5,-0.2,-0.7,-0.7,-3.1,-1.8,-0.6,0.4,1.0,-0.3,-1.4,1.1,0.0,1.2,2.7,0.5,-1.3,1.3,-0.9,1.0,-0.5,-0.8,0.7,-0.0,-1.6,-1.1,-0.7,-2.3,-1.4,-3.0,-1.2,-0.6,-1.3,-1.0,-1.7,-0.5,0.9,-1.5,-1.1,-2.3,-2.7,-0.6,-3.2,-1.8,-1.2,-1.9,0.2,-1.6,-1.3,-2.4,1.6,1.7,-1.6,-1.7,-0.3,0.1,0.3,1.0,0.8,1.2,0.9,-1.1,-1.4,-0.8,-0.9,-0.3,-0.8,-0.7,-1.7,-1.3,0.5,-2.6,-2.0,0.6,-4.4,-4.5,0.6,-1.3,-4.4,-2.7,-1.6,-0.3,-0.2,-2.0,-0.7,0.6,1.1,-0.1,0.7,0.6,-0.3,0.4,-1.3,-1.5,-1.1,-1.0,-1.7,-1.8,-3.1,-1.1,-1.8,-2.4,-2.2,-0.5,-4.5,-1.4,-0.9,-1.0,-1.1,-2.4,-1.7,-3.8,-1.3,-2.1,-1.9,-1.3,-0.9,-2.0,-1.6
2C7L50w3Eh,0,48.098389,11.630939,4442527.95,2777433.28,540.7,586.4,211,7371,2.2,0.82,0.33,32.66,348.95,-0.53,-0.103,0.842,-0.7,0.1,1.35,0.19,1.1,0.1,-0.3,1.1,0.3,0.4,1.1,1.6,0.4,1.6,1.8,2.0,2.1,3.1,-0.9,4.1,2.0,4.1,4.3,2.6,2.3,2.6,3.0,0.3,6.1,3.1,3.9,3.0,1.5,-0.6,-1.6,3.0,1.3,2.3,-2.3,-2.4,-0.8,-3.7,0.6,1.7,2.1,2.4,2.5,1.4,0.1,4.3,2.3,3.2,1.0,-1.3,1.0,-0.4,-0.3,0.6,-0.4,-1.5,-0.7,-1.3,0.5,-1.9,0.6,-1.7,-1.5,0.5,-0.5,0.2,0.0,4.5,-1.2,6.8,-0.8,0.5,4.3,-1.4,4.7,8.7,4.0,3.8,3.3,4.9,3.4,2.3,0.4,1.8,3.0,2.6,1.9,4.0,0.8,2.3,-3.7,-3.2,-2.2,1.1,-2.0,-0.3,-0.1,0.0,-1.1,-0.3,4.4,3.2,0.6,0.1,-0.7,2.9,1.2,1.8,-0.2,1.2,0.0,0.4,-0.7,-0.9,-3.4,-3.1,-2.5,-1.2,-3.3,-3.9,-3.0,-3.1,-1.3,-1.9,-2.2,-4.3,-0.8,-0.3,2.4,-4.9,-1.5,-3.6,-3.1,-0.3,-0.2,-3.2,-1.6,-1.7,-0.3,-0.6,-3.3,-3.1,-0.8,-5.6,-7.8,-6.1,-5.4,-4.3,-0.4,-7.1,-6.2,-4.6,-5.2,-8.5,-5.9,-3.5,-2.7,-2.1,-2.8,-1.4,-1.7,-2.9,-5.0,-0.6,-2.2,-5.0,-7.5,-5.8,-2.8,0.8,-4.3,-4.0,-3.0,-2.6,-1.9,-5.5,-3.9,-6.3,-1.4,-3.0,-1.7,-15.6,-1.4,-0.5,0.2,-1.2,-1.2,-1.7,-1.1,4.3,2.7,-0.4,0.5,-2.0,-0.1,-0.2,-3.3,-0.9,0.6,1.9,0.9,1.5,3.7,2.1,2.2,2.5,3.5,1.6,0.0,2.4,2.7
2C7L50w3FB,0,48.098608,11.632638,4442653.97,2777460.32,540.2,585.9,211,7401,3.9,0.68,0.48,32.67,348.95,-0.53,-0.103,0.842,-0.8,0.2,-0.34,0.3,0.8,0.3,-0.3,-7.8,2.5,-2.3,-0.0,-5.5,6.9,3.8,1.4,3.5,4.4,-0.3,3.4,0.1,4.1,2.5,1.8,1.6,0.6,-0.1,0.1,-3.2,3.1,-7.0,13.1,-8.4,-0.1,0.3,1.5,6.4,-5.2,3.2,-4.8,-4.8,5.1,-2.6,-1.8,2.1,0.7,0.8,0.5,-8.8,1.0,4.1,-2.1,7.0,5.4,11.1,10.3,5.3,7.3,5.6,3.1,3.4,-0.3,2.6,2.9,0.9,1.6,-0.2,-0.4,0.3,-5.0,2.0,-2.6,12.8,-7.3,-4.3,1.3,-2.8,-2.3,-6.9,-1.9,-6.8,-5.8,-0.9,-1.6,2.0,1.0,3.0,2.1,5.0,0.5,3.4,5.0,-2.5,1.1,-0.0,2.2,-0.8,-1.3,2.6,2.3,0.1,1.6,5.0,0.8,0.4,3.0,2.2,3.1,0.7,-0.2,4.9,3.4,2.1,2.2,2.8,1.8,1.7,5.1,2.3,3.3,3.2,3.3,2.4,1.3,4.6,2.0,2.8,-0.6,7.8,-2.3,-1.5,1.0,-0.6,2.3,2.2,3.4,2.9,-2.4,7.2,4.4,2.2,1.0,-1.7,2.1,-2.0,-0.6,3.1,2.9,7.3,-2.2,-5.8,-1.6,12.0,-3.0,-1.8,-2.3,-1.2,0.1,1.1,-2.7,-1.5,-3.6,-3.8,-6.8,-5.2,-3.0,-1.3,-1.1,-2.1,-3.8,-4.2,-7.0,-10.4,2.3,-1.4,-6.0,-0.6,0.6,-7.5,-3.7,-1.9,-10.9,-4.4,1.9,-2.3,-3.0,-1.3,-3.2,-2.0,-5.2,-2.7,-8.5,6.9,-1.0,4.5,0.7,-0.1,-1.0,1.6,-1.1,-4.0,-7.1,0.6,0.9,1.1,7.2,4.1,0.1,0.5,-4.2,-6.2,-8.9,-1.1,-1.3,-2.9,-1.1
2C7L50w3GI,0,48.099144,11.63682,4442964.27,2777526.86,552.4,598.1,211,7470,4.3,0.66,0.5,32.68,348.95,-0.53,-0.103,0.842,-0.1,0.2,-0.4,0.33,1.1,0.3,-0.3,0.2,2.1,-0.3,-1.6,1.2,7.8,1.4,5.4,2.8,0.4,-1.3,4.0,3.0,1.2,3.2,2.2,1.7,1.9,-1.4,2.5,-0.1,-0.4,1.7,5.5,5.3,2.6,0.7,-2.3,4.3,-2.1,6.0,-4.0,-0.1,-1.0,1.0,0.1,2.1,1.5,-1.9,2.4,1.5,1.0,5.0,0.1,2.0,-3.9,-8.7,2.2,-5.3,2.7,-3.6,1.0,-0.6,1.0,-1.7,-14.4,4.2,-2.0,-2.0,-5.5,-2.3,3.3,-1.9,-6.4,2.0,3.3,-5.5,0.4,0.9,-1.1,-1.0,-0.1,-6.1,-1.2,0.5,3.2,2.3,2.6,2.1,-0.1,0.5,2.5,-1.0,1.3,-3.7,4.8,0.3,3.3,1.3,0.6,0.9,14.1,6.9,-3.5,3.7,5.8,1.5,0.9,-3.0,3.6,3.3,-3.2,1.0,0.7,0.5,2.8,-0.9,3.4,3.7,4.5,4.3,3.0,6.1,3.6,6.6,7.5,2.9,-0.2,2.0,1.9,0.1,0.2,-13.3,-0.1,0.2,5.0,0.5,3.3,2.5,-1.1,6.5,8.4,4.7,4.2,-1.2,5.0,5.0,5.4,4.0,14.3,7.0,1.5,-1.6,-9.7,4.7,5.1,-0.6,0.5,-3.3,-4.8,2.6,3.3,5.6,2.8,3.3,-0.9,3.5,-4.1,5.5,2.0,0.0,2.1,-0.5,-5.3,-0.7,3.4,14.2,-6.6,4.8,-6.0,1.5,-1.2,-0.4,3.7,-1.1,-6.1,12.2,-4.5,-8.6,-5.5,-3.7,-1.5,1.2,-3.8,6.1,-2.2,-5.1,-6.5,0.3,-10.1,14.8,2.8,-1.5,2.6,6.8,10.3,-2.8,-3.4,-3.0,-2.8,-1.1,-4.2,-3.4,-3.8,-2.9,5.5,6.0,6.6
2C7L50w3Dw,0,48.098067,11.628282,4442330.78,2777393.05,541.3,587.0,211,7324,2.7,0.83,0.41,32.64,349.02,-0.529,-0.103,0.842,-0.7,0.1,-0.15,0.21,0.9,0.2,-0.3,-1.0,-1.4,-0.6,-0.6,0.8,-1.2,-0.4,-0.7,-2.0,-0.7,-1.7,-0.2,0.7,-0.4,-2.8,-2.1,-2.0,-3.7,-4.1,-2.3,-4.1,-4.6,-0.1,-1.5,0.3,-3.8,1.9,1.5,-2.3,-2.4,0.3,-7.4,-9.2,-5.4,-8.7,-5.1,0.0,-1.9,-1.8,-4.7,-1.0,1.3,-1.2,-0.1,0.0,-1.7,-1.7,-0.7,-3.2,-2.0,-1.4,-2.6,-1.9,-2.1,-1.7,-2.6,-0.4,-0.1,0.4,0.7,-2.0,-1.4,2.1,-0.3,-3.1,-1.9,-3.9,-3.7,-5.3,-2.4,-1.1,-1.9,-2.9,-4.8,-3.9,-5.6,-2.8,-2.1,-3.7,-1.8,-4.1,-3.1,-2.4,-5.8,-4.5,-3.6,-4.4,-2.4,-1.3,-2.3,-1.5,-1.6,-5.0,-1.1,-6.2,-4.5,-0.7,1.1,-1.1,-3.9,-2.4,0.1,-3.8,-1.0,-4.1,-3.9,-3.0,-6.1,-4.0,-4.4,-8.0,-7.8,-7.3,-5.3,-4.8,-4.7,-4.5,-5.7,-6.4,-6.2,2.7,3.9,-10.9,4.7,0.1,-4.6,-2.5,-5.6,-3.9,-4.8,-6.7,-3.0,-3.8,-0.9,-9.0,-3.7,2.5,1.4,-2.8,-0.7,-0.6,-1.5,-0.9,-0.4,1.1,2.2,-0.9,-3.9,-1.4,-0.1,-4.6,-2.9,-2.8,1.9,-0.9,-12.0,-3.2,-3.5,-2.5,-6.2,-7.0,-6.0,-4.9,-7.0,-8.2,-2.2,1.3,-7.3,-2.6,-5.6,-2.4,-1.5,-2.8,-3.6,-2.1,-1.6,-5.8,-5.0,2.4,-5.2,-8.6,-1.4,-2.9,3.2,-18.4,-3.2,-4.0,-3.6,-4.0,-6.8,-7.7,-4.9,-5.0,-9.3,-5.8,-7.3,-6.1,-6.0,-6.0,-4.2,-6.1,-3.8,-5.8,-3.3,-4.2,-5.7,-6.9,-5.9
2C7L50w3Dy,0,48.098093,11.628488,4442346.0,2777396.31,547.6,593.3,211,7326,3.1,0.81,0.36,32.64,349.02,-0.529,-0.103,0.842,-0.4,0.2,-0.1,0.24,1.2,0.2,-0.3,-0.9,-2.0,-0.3,-1.7,-0.3,-1.4,0.2,2.0,1.2,15.5,-0.8,-1.1,0.8,1.5,2.4,1.5,0.0,2.1,4.4,4.9,-2.3,3.6,-0.6,0.1,1.3,4.5,2.1,-4.9,1.6,-1.5,-7.1,0.2,4.3,0.3,-5.0,2.8,3.5,4.2,2.2,1.7,-1.4,3.1,2.8,1.2,2.5,0.9,-2.0,-1.6,-0.0,1.0,0.6,-1.2,-0.5,-1.9,-1.7,0.7,-3.0,0.4,-0.8,-1.0,-3.3,-0.2,-6.1,0.4,2.4,1.9,-0.8,2.7,-1.4,-1.6,-6.1,-1.7,2.1,-3.2,0.2,3.2,2.5,2.0,-0.4,1.7,1.6,-0.2,1.4,1.6,-0.0,5.2,4.0,0.8,5.5,1.5,4.4,-2.2,0.2,2.9,1.4,0.7,-0.6,6.0,-1.0,3.6,0.7,4.8,5.1,1.0,1.7,1.6,1.4,2.6,2.3,2.6,-0.9,0.2,0.4,1.4,0.7,-2.8,-5.7,2.1,-1.6,-1.5,-2.5,-0.9,-1.3,-1.5,0.9,-0.6,1.5,0.9,-0.0,-0.3,-1.6,-8.2,1.3,3.5,4.2,7.8,5.8,5.7,5.9,2.0,-3.3,-2.0,-2.7,-1.6,0.0,-2.9,-3.2,0.5,0.0,5.0,-3.1,-0.9,-1.1,-1.7,-1.1,-3.5,-5.5,-3.1,-1.3,-1.6,1.7,-0.0,3.5,-4.5,-0.2,18.3,-2.5,-2.0,0.1,1.5,0.1,3.9,-0.5,-3.6,-2.4,-8.2,1.7,-1.1,11.3,-0.6,1.0,-0.9,-6.8,-5.6,-0.4,-4.0,-0.2,-1.0,-1.2,-0.3,-1.7,-1.6,3.5,-0.9,3.4,-3.0,2.4,3.5,-1.2,-1.3,-3.9,0.7,-2.2,-1.4,-2.0,-3.1,-2.4,1.2
2C7L50w3EW,0,48.098339,11.630401,4442487.96,2777426.76,546.8,592.5,211,7360,2.5,0.8,0.29,32.66,348.95,-0.53,-0.103,0.842,-0.3,0.1,0.06,0.19,2.3,0.2,-0.3,0.1,-0.1,1.3,0.3,-0.3,-5.6,-0.0,1.0,1.9,1.3,1.0,-4.1,1.6,0.9,3.9,3.1,4.1,2.4,5.5,4.5,2.0,6.1,3.2,7.7,6.7,4.7,3.6,-0.6,3.4,2.6,0.7,2.9,3.4,6.4,2.7,3.5,4.8,6.1,6.8,7.4,2.2,-2.4,5.5,4.2,5.1,4.8,-1.2,1.0,0.9,1.9,2.6,2.8,2.6,2.2,1.5,2.0,-2.0,0.4,1.7,1.3,1.5,0.2,0.0,2.1,-4.6,-5.3,-1.4,-0.2,-0.3,2.1,-3.6,-0.5,-2.4,-0.6,1.4,3.5,1.9,2.1,3.6,3.0,1.0,5.9,0.7,1.5,1.4,6.9,6.7,4.6,6.8,4.9,4.3,2.6,-0.5,3.4,5.2,3.7,-0.5,6.2,6.2,4.4,3.1,3.7,4.3,3.9,4.4,4.1,2.3,2.1,3.2,2.1,3.4,1.3,0.4,-0.2,0.1,-4.2,-2.8,-1.6,1.2,-0.2,-4.6,-0.7,0.8,1.5,2.1,1.7,-4.0,4.0,3.1,6.3,4.2,3.5,-3.8,6.3,3.7,3.8,5.9,4.6,5.7,4.8,-5.4,-3.5,-2.4,0.5,0.6,1.9,-2.4,2.3,2.4,2.9,6.8,-0.7,-0.2,1.2,3.6,-1.0,2.3,-0.5,2.2,1.9,4.5,1.7,1.5,-0.6,1.3,2.9,-0.4,2.4,1.4,4.9,4.8,3.5,-3.1,-4.4,-3.8,5.8,-0.8,-3.0,-11.1,0.4,0.5,0.5,-0.4,0.4,-0.1,4.0,-1.2,6.6,3.6,2.0,-0.3,4.5,0.6,2.6,6.2,4.0,5.7,5.6,0.9,2.7,1.2,0.0,1.2,1.1,-1.3,-1.9,-0.2,-1.3
2C7L50w3F4,0,48.098586,11.63233,4442631.11,2777457.47,546.8,592.5,211,7394,2.3,0.88,0.34,32.66,348.95,-0.53,-0.103,0.842,-1.1,0.1,0.06,0.18,0.2,0.1,-0.3,0.6,0.5,1.1,0.5,0.8,-2.6,0.7,0.3,1.6,-6.0,2.0,1.7,1.9,3.6,1.5,2.7,2.5,2.5,1.8,1.0,3.2,2.8,1.9,2.3,1.8,-0.4,1.2,0.9,3.7,-1.5,1.1,-3.0,-1.6,-0.0,-1.3,0.2,1.5,1.5,-0.6,1.4,1.8,3.5,1.4,0.1,1.7,1.8,1.9,2.4,3.9,4.2,3.0,4.9,3.6,3.9,2.1,2.6,2.4,3.3,1.2,1.5,1.9,1.4,-1.5,2.1,-2.6,0.3,1.8,0.8,2.1,1.4,0.2,0.4,-0.8,0.8,0.3,-0.0,1.3,2.3,3.0,-0.6,0.2,-1.7,0.6,3.0,1.8,0.9,1.8,0.4,-0.3,0.3,1.0,2.6,1.8,3.0,0.8,1.2,1.9,3.8,3.7,2.3,3.0,1.1,3.8,2.9,2.7,2.4,1.8,0.9,0.4,1.7,1.5,2.9,1.2,2.1,2.5,0.2,-2.6,-1.5,0.5,0.4,-2.3,0.3,1.9,1.9,-0.9,1.2,-0.9,2.0,1.4,-1.5,0.7,0.8,0.1,-2.5,-4.3,-0.5,-1.7,-7.7,-2.5,-2.0,-2.3,-5.1,-3.4,-2.0,0.4,-2.8,-5.7,-3.9,-2.8,-2.0,-4.6,-2.5,-2.1,-1.6,-2.4,-2.2,-2.7,-4.0,-3.3,0.7,-3.6,-4.4,-4.3,-5.5,-6.6,2.0,-2.5,-4.1,-0.6,-1.7,-2.6,-4.5,-6.9,-2.9,-1.0,-16.6,1.4,-2.0,-9.1,2.4,-4.1,0.3,-3.9,6.5,2.8,-0.2,-2.4,-2.5,-1.6,-0.1,-3.4,-0.3,-1.5,-2.9,-1.1,-1.4,-1.1,-1.8,3.9,-4.3,-3.4,-2.5,-1.6,-3.4,-1.5,-6.2,-2.7,-0.5
2C7L50w3Dl,0,48.098022,11.627793,4442294.43,2777387.31,550.7,596.4,211,7313,2.0,0.84,0.39,32.63,349.02,-0.529,-0.103,0.842,-0.3,0.1,0.06,0.15,2.4,0.1,-0.3,-0.9,0.8,-1.7,-0.3,-0.5,1.3,-2.4,1.3,0.6,-0.4,1.3,0.8,-1.6,0.6,-2.6,-3.4,-2.9,-3.2,-4.9,-4.3,-6.4,-5.5,-4.3,-4.7,-4.4,-4.3,-4.5,0.4,-4.6,-7.9,-5.3,-6.5,-9.6,-8.1,-11.9,-7.3,-0.9,-3.7,-3.0,-3.1,-3.6,0.5,-7.9,-4.5,-3.7,-2.8,-2.2,-0.4,-1.8,-1.6,-2.3,-1.0,-2.0,-0.9,-2.3,-1.1,-1.9,-0.2,-1.7,-0.5,-0.4,-0.9,-2.2,-0.1,-1.2,0.0,-0.2,-1.8,0.0,0.1,0.4,-1.1,-0.2,-1.6,-4.0,-0.4,-2.4,-3.6,-6.6,-5.7,-2.0,-10.6,-3.7,-1.6,-4.3,-6.6,-4.4,-5.0,-4.4,-8.2,-3.0,-1.2,-2.8,-6.2,-6.5,-5.1,-2.2,-4.9,-5.9,-6.8,-2.3,-6.1,-3.4,-4.6,-5.5,-5.5,-2.9,-2.4,-2.3,-4.6,-3.1,-3.7,-2.2,-3.6,-1.1,0.4,-1.0,-1.5,-1.3,-0.9,-2.1,-1.2,-0.4,-2.5,-3.7,-5.1,-2.2,-9.3,-6.6,-7.0,-4.1,-5.5,-0.6,-4.1,-8.8,-4.2,-5.8,-2.8,-5.9,0.2,-0.5,-2.2,-1.4,-0.3,0.2,0.2,-1.1,-0.9,-0.5,-1.0,-5.6,-2.0,-3.3,-4.2,-3.3,-4.9,-3.8,-2.3,-3.7,-1.8,-5.8,-5.6,-5.8,-8.0,-9.7,2.9,-3.0,-8.5,-4.6,-6.7,-5.5,-5.3,-4.6,-1.2,-1.1,-5.1,-2.4,-1.6,-5.1,0.0,-0.8,0.1,-0.1,-2.7,-0.6,-4.7,-2.8,-7.1,-5.2,-6.3,-7.7,-8.8,-3.8,-8.8,-5.3,-7.0,-6.0,-4.2,-2.7,-2.4,-5.4,-3.1,-2.6,-2.3,-2.4,-3.6,-2.4,-0.3
2C7L50w3Ds,0,48.098074,11.6282,4442324.61,2777393.79,550.1,595.8,211,7320,4.1,0.59,0.51,32.64,349.02,-0.529,-0.103,0.842,0.2,0.2,0.5,0.33,2.4,0.3,-0.3,-0.1,-1.0,1.5,0.4,4.3,-2.0,2.9,3.5,2.8,-5.5,2.6,-1.5,4.0,6.0,7.1,8.0,9.2,1.4,12.3,9.6,12.7,-9.9,6.2,-8.6,10.7,-1.7,7.6,7.5,7.7,1.1,-3.2,-1.7,9.3,2.5,-3.0,6.2,3.5,5.0,13.5,9.1,8.2,9.3,11.7,-8.1,7.8,11.2,7.2,6.1,4.1,4.1,8.5,4.7,3.8,6.8,5.9,10.5,3.5,3.1,2.1,4.6,1.6,1.2,7.5,0.3,-3.8,3.8,-0.7,4.5,2.5,3.6,4.7,3.2,0.5,1.8,4.5,2.7,6.5,7.6,6.6,8.9,6.4,8.0,6.7,4.8,7.5,6.8,17.4,9.9,12.7,10.1,8.0,4.3,6.1,8.8,9.9,6.7,6.6,15.6,12.6,7.2,6.8,2.0,7.3,9.1,9.2,8.2,4.1,4.8,4.3,5.1,3.4,1.8,2.6,3.7,4.9,-0.1,1.4,-0.8,-0.6,1.8,-2.6,1.2,1.3,1.7,7.2,6.0,-0.8,4.9,4.4,6.1,6.8,5.8,5.2,10.2,-6.0,2.8,6.3,11.6,5.2,6.9,2.4,2.5,3.2,-0.8,2.5,0.8,-2.1,-2.7,-0.5,-3.3,6.0,1.1,-4.7,0.3,-4.1,-2.6,4.9,2.2,4.4,1.9,3.5,2.3,5.4,3.0,-2.3,9.3,2.8,-2.6,5.1,12.4,8.1,14.1,9.2,5.9,-7.8,5.3,-4.5,-4.8,2.8,2.0,3.3,5.7,9.4,7.4,3.0,10.1,6.6,12.6,14.7,9.1,5.2,7.9,10.4,3.4,5.9,12.0,6.2,6.9,6.1,8.8,3.1,6.3,5.8,7.0,7.7,5.2,7.1,6.5
2C7L50w3Dt,0,48.098067,11.62814,4442320.16,2777392.84,544.5,590.2,211,7321,2.5,0.86,0.35,32.64,349.02,-0.529,-0.103,0.842,-0.2,0.1,-0.25,0.19,0.4,0.2,-0.3,-1.6,-0.3,0.5,-2.3,1.2,-10.4,-0.6,-1.7,2.5,-10.0,1.4,-3.8,0.4,2.0,1.6,1.7,2.6,3.4,1.7,6.1,4.0,5.7,2.1,2.4,5.2,4.2,4.3,2.3,2.2,-0.5,3.5,0.1,0.7,1.0,-2.9,2.0,1.8,2.9,4.5,3.4,1.8,4.0,6.3,3.6,4.7,1.9,2.3,0.4,1.7,-0.8,3.9,4.7,3.8,2.3,1.5,2.5,1.3,1.5,0.2,1.6,0.5,-0.0,5.2,2.1,2.7,1.8,1.2,3.8,1.0,2.4,-0.0,2.7,1.5,1.7,3.1,1.3,1.6,1.4,0.1,2.5,0.5,2.9,1.4,2.8,2.6,2.4,1.1,1.5,1.8,1.7,2.6,1.7,1.1,3.2,1.5,1.8,1.5,5.3,2.8,2.0,1.7,0.5,3.3,3.4,3.1,3.1,2.9,1.6,2.2,2.6,1.4,0.4,1.0,1.5,1.0,-0.9,2.9,-0.2,-2.0,-1.8,-0.4,0.3,-1.1,-0.9,2.7,1.6,-2.9,3.0,0.4,2.3,2.1,-3.5,2.6,3.3,0.6,2.9,1.7,5.4,4.2,5.2,-4.5,-0.5,0.4,1.1,1.0,-0.4,-4.3,-3.2,2.8,4.4,-0.4,-2.0,9.0,4.0,0.2,-2.0,1.4,1.3,0.8,-1.4,-1.5,-2.8,1.0,-2.9,-3.8,3.9,-1.7,-3.5,-2.0,4.5,1.0,1.6,3.4,0.6,3.3,1.6,1.8,2.3,-0.2,5.1,4.5,2.7,3.0,0.6,0.1,2.3,0.4,6.4,9.0,-0.2,-1.0,0.5,0.8,-5.4,1.7,0.0,0.6,1.7,0.0,-0.8,-2.6,0.4,1.3,-0.4,0.2,-1.0,1.6,-1.0
2C7L50w3Dv,0,48.098077,11.628218,4442325.96,2777394.09,543.0,588.7,211,7323,2.9,0.8,0.41,32.64,349.02,-0.529,-0.103,0.842,-0.5,0.1,0.04,0.22,1.8,0.2,-0.3,-1.1,-2.5,-1.1,-0.7,-2.8,0.9,-2.8,-0.6,-2.4,4.9,-2.9,0.6,-4.2,-2.7,-3.2,-3.6,-3.1,-3.7,-2.5,-1.4,-4.1,-1.7,-1.5,-1.2,-3.1,0.9,0.3,1.4,-2.7,-2.2,3.5,-2.7,-6.5,-3.3,-7.0,-3.1,-3.0,-1.6,-3.1,-2.4,-1.4,-1.2,0.4,-0.4,-1.6,2.9,0.7,0.8,1.1,1.2,1.1,0.6,0.8,0.5,-1.4,0.0,-3.3,0.9,-0.5,-0.0,-0.1,0.6,4.8,-2.1,11.0,5.3,-1.4,9.4,2.5,-0.9,-0.3,2.3,5.0,-1.9,1.2,-0.9,-5.7,-6.6,-5.2,-2.0,-8.5,-4.0,-6.0,-2.2,-1.4,-3.5,-1.0,-2.3,-2.1,-4.1,-2.8,-3.1,-4.8,-4.9,-3.9,-3.5,-1.7,-0.7,-1.7,-4.4,-2.7,-3.4,-1.5,-3.6,-3.4,-5.6,-5.0,-5.6,-8.3,-3.4,-4.2,-0.8,1.5,-1.0,-0.1,-1.0,-2.2,1.4,0.7,2.0,-4.9,-0.2,0.4,0.3,0.4,0.4,-0.5,-1.0,-2.3,-4.3,-4.1,-8.7,-1.7,-4.0,-5.8,-2.6,0.0,-1.9,-4.1,0.3,-2.0,-2.5,-2.4,-2.1,-1.4,-3.2,-16.7,-1.4,-0.2,-4.0,-2.4,-4.2,-3.8,-3.9,-3.5,-2.8,-1.5,-4.9,-4.0,-2.3,-3.6,-4.5,-13.9,-5.3,-5.0,2.2,0.1,-7.4,-1.8,-2.6,-0.3,0.8,-3.9,-0.5,1.2,5.5,-3.9,-0.7,0.7,-2.4,-1.4,-1.3,0.6,-1.1,0.1,-0.1,-0.7,-3.6,-5.3,-9.5,-7.0,-3.9,-2.3,-7.5,-7.2,-8.1,-6.9,-6.4,-2.2,-4.9,-5.2,-5.6,-2.5,-3.9,-2.7,-5.1,4.5,5.9
2C7L50w3Fg,0,48.098896,11.634595,4442799.08,2777495.57,549.8,595.5,211,7432,2.6,0.85,0.45,32.67,348.95,-0.53,-0.103,0.842,0.0,0.1,-0.53,0.21,0.4,0.2,-0.3,-3.3,-1.9,1.2,-1.9,-2.2,1.8,-0.4,1.6,-0.1,0.0,0.7,-0.1,0.2,-1.0,1.2,-0.0,-2.6,-1.6,-3.0,-3.2,-0.4,2.0,-0.9,0.6,-2.7,-0.7,-0.5,2.0,-0.7,-3.4,0.0,-4.9,-4.5,-3.4,0.0,-3.4,0.8,-4.1,-0.3,-1.4,-0.9,-4.9,-2.1,0.6,-0.6,-0.3,-0.7,-2.7,-2.9,1.7,-1.7,1.7,-0.0,-2.7,-0.5,-2.3,-2.5,-0.8,-0.9,-0.2,-0.5,0.3,-3.8,-1.3,-6.5,-3.3,-1.0,-2.6,-1.7,-1.3,-4.2,-0.2,-0.6,-0.1,-4.7,-3.7,-2.0,-2.8,-1.4,-2.1,-0.8,-3.4,-2.0,-0.3,-2.0,-0.5,-0.0,-2.3,-2.9,0.1,-1.4,2.2,-3.9,-3.5,-3.6,-3.4,-4.4,-3.2,-1.1,-4.2,-0.6,-2.7,-1.8,-2.4,-2.4,-0.6,-0.2,-2.1,-0.4,0.4,-2.9,-2.6,-1.5,-3.0,-1.4,-3.3,-0.5,-2.9,-3.2,1.2,-1.5,-1.5,2.0,0.2,0.5,-1.9,-1.0,-0.2,1.1,-2.9,1.0,-1.7,12.4,-0.5,-4.1,-1.9,-0.3,-3.8,0.2,2.5,4.9,-5.1,0.2,-0.9,-1.1,-2.0,-7.2,1.5,1.7,0.3,9.4,0.4,-0.4,1.3,2.4,1.5,0.9,1.1,2.0,1.5,0.2,0.3,-1.8,-3.7,-1.2,2.0,1.0,-0.1,-8.3,-1.1,2.4,0.1,-1.4,-5.4,1.4,1.0,-1.4,0.9,11.7,-5.2,1.0,-1.9,-2.4,-1.7,-0.6,-3.0,6.8,-4.2,1.8,-0.7,0.4,-0.6,-2.8,-10.5,0.3,-1.1,-0.3,0.4,-3.6,-6.0,-4.8,-4.2,-2.8,-3.6,-7.5,-12.4,0.1,-6.4
2C7L50w3Fm,0,48.098928,11.634845,4442817.6,2777499.55,546.3,592.0,211,7438,3.1,0.78,0.39,32.68,348.95,-0.53,-0.103,0.842,-0.7,0.2,0.65,0.24,1.1,0.2,-0.3,2.3,-0.7,1.5,-2.3,-1.8,-1.0,-0.3,-1.3,1.9,-12.3,2.6,-15.0,2.0,1.7,2.3,1.0,-1.0,3.8,-1.5,-1.9,-2.5,-3.2,-3.8,-0.4,-2.9,-3.2,-1.7,-6.2,-1.0,-6.3,-0.8,-10.2,-8.6,-6.8,-0.7,-10.3,-1.7,-3.9,-3.6,-4.9,-5.8,-5.1,-3.9,0.2,-2.3,-3.9,-7.5,-5.1,-1.5,-4.3,-2.6,-3.8,-2.8,-1.5,-2.2,-3.1,-5.0,-3.8,-3.8,-6.2,-0.1,-4.2,-7.5,-3.3,-5.9,-4.2,-3.0,-0.5,-3.0,-2.9,-2.3,-0.6,-5.7,-4.7,-6.1,-5.2,-3.8,-7.8,-6.8,-14.2,-13.5,-6.5,-10.0,-5.6,-5.1,-6.4,-4.7,-9.6,-15.4,-9.5,-5.8,-4.8,-6.5,-6.2,-5.3,-9.7,-2.8,0.8,-3.0,-7.6,-6.3,-6.4,-5.7,-4.5,-4.2,-6.4,-5.3,-5.0,-8.5,-6.3,-8.3,-7.4,-5.3,-5.4,-5.0,-1.6,-1.7,-5.8,-3.7,-2.0,-6.9,-6.4,-5.0,-3.9,-4.8,-3.1,-5.8,-4.3,-6.8,-4.9,-2.3,-7.1,-5.2,-8.4,2.1,-4.0,-4.8,-4.3,-3.3,1.7,-5.5,-3.7,-5.5,-0.2,-1.1,-1.5,-8.9,-4.0,-1.7,1.6,-12.0,-6.5,-5.7,-5.0,-8.8,-2.9,-6.8,-5.6,-7.0,-6.3,-8.0,-6.9,-5.9,-11.8,-9.8,-3.7,-6.0,-18.2,-4.3,-4.3,-12.8,-7.1,-8.2,-5.4,-6.2,-8.9,-4.5,-3.1,-8.8,-4.0,-3.1,-3.4,-7.2,-2.8,-8.8,-2.6,-5.3,-3.7,-0.8,-7.9,-12.3,-4.4,-5.6,-7.3,-9.1,-6.6,-5.2,-5.8,-4.9,-4.3,-4.5,-6.0,-6.3,-6.4,-5.1,-8.3,-5.6,-6.3
2C7L50w3GQ,0,48.099189,11.636878,4442968.49,2777531.94,533.6,579.3,211,7478,3.0,0.8,0.39,32.69,348.96,-0.53,-0.103,0.842,-0.4,0.1,0.51,0.23,0.7,0.2,-0.3,3.9,-4.2,-2.5,-1.2,-1.2,-1.9,-2.2,0.2,1.6,-3.0,-3.5,2.7,-3.7,-3.7,1.3,-0.3,0.7,-0.7,0.4,-2.0,-2.5,-0.5,0.4,-1.8,-2.9,-1.6,-1.5,-0.1,2.7,-1.4,8.9,-6.6,-2.6,-0.5,0.8,3.0,7.5,2.2,-0.8,3.1,1.6,-1.5,0.2,-0.3,1.7,-3.0,-3.5,-5.1,-3.7,-3.1,0.0,-2.9,-2.6,-1.3,-4.1,-3.3,-3.0,-2.6,-1.8,-1.8,-4.3,-3.6,-2.2,-1.6,-2.0,-1.4,-4.3,-4.8,-4.7,-3.5,-5.3,-3.0,-5.4,-2.7,-2.8,-3.9,-3.6,-8.2,-4.7,3.4,-3.0,-1.6,-3.8,-2.0,-3.7,-1.2,-3.1,1.0,-6.0,-7.1,-7.5,1.1,-4.0,-4.2,-4.9,-3.0,-2.5,-2.1,-2.9,-2.6,-2.4,-0.0,-1.0,-2.2,-5.1,-3.5,0.8,-4.5,-3.2,-5.5,-4.8,-3.3,-5.6,-2.7,-4.3,-5.4,-5.6,-3.4,-2.3,-4.8,-4.8,-2.8,-4.2,-0.2,0.2,-3.1,-6.7,1.6,-2.0,-2.2,-1.3,-1.4,-4.8,-2.6,-6.5,-4.2,-1.7,-2.2,2.5,2.8,8.8,-5.0,-6.3,-3.5,-7.9,-7.4,4.0,-3.1,-1.5,-4.0,-3.2,-9.6,-6.5,-10.0,-6.4,8.1,-5.7,-2.4,2.3,-4.2,3.0,1.1,-1.3,-4.1,-3.3,-4.1,-6.0,-7.3,-7.2,-2.6,-2.1,-0.5,-4.7,-2.8,5.8,-4.1,-0.8,-1.8,-4.9,-0.9,1.0,-3.1,-3.0,-1.6,-1.7,-2.6,-4.3,1.4,-0.2,-2.8,-11.4,3.1,-4.4,-7.9,-0.6,-2.4,0.2,-4.4,-8.0,-2.7,-4.9,-6.8,-3.3,-4.5,-1.9,-3.1,-6.1,-2.6
2C7L50w3Dm,0,48.098044,11.627816,4442296.11,2777389.75,549.3,595.0,211,7314,1.9,0.82,0.33,32.64,349.02,-0.529,-0.103,0.842,-0.3,0.1,0.03,0.15,2.8,0.1,-0.3,-1.1,-1.0,-1.3,0.3,-0.3,0.1,-1.0,0.9,-1.2,0.8,-1.7,0.3,-4.5,-3.3,-4.7,-3.9,-5.0,-4.6,-5.9,-4.1,-5.7,-4.5,-5.1,-6.2,-4.4,-4.3,-5.5,0.8,-4.6,-7.3,0.1,-9.4,-10.5,-8.6,-11.9,-7.6,-6.4,-4.7,-5.0,-4.7,-3.0,0.2,-6.2,-5.0,-5.8,-1.9,-0.6,0.0,-1.7,-0.2,-0.1,0.1,-0.7,-0.1,-0.4,-1.1,-1.4,0.5,-0.8,-0.1,-0.4,-0.3,-7.3,-0.8,-0.3,0.0,-0.5,-2.0,-0.5,-2.0,-0.8,-4.3,-0.7,-2.1,-6.2,-4.1,-4.3,-6.1,-6.2,-6.4,-5.5,-8.1,-5.0,-4.0,-4.3,-6.1,-5.3,-6.6,-6.1,-7.8,-6.1,-5.4,-6.5,-6.1,-6.3,-6.0,-3.0,-4.1,-5.6,-6.3,-0.8,-6.7,-2.9,-5.0,-4.4,-5.6,-4.3,-2.9,-4.3,-5.4,-4.8,-2.3,-1.4,-0.9,0.2,0.2,-1.4,-1.1,-1.0,-1.0,-0.6,-0.7,-0.0,-4.8,-4.4,-3.8,-1.5,-6.9,-6.9,-7.0,-5.7,-7.5,-1.2,-5.7,-7.4,-5.5,-5.9,-3.2,-4.6,1.6,0.2,-0.9,-0.3,-0.9,0.4,-0.3,-5.1,-1.4,-0.1,0.0,-2.5,-1.2,-2.8,-5.3,-5.8,-4.5,-5.0,-5.0,-5.1,-4.0,-5.9,-7.8,-6.0,-8.8,-9.6,0.8,-4.5,-9.2,-4.6,-7.0,-5.6,-5.1,-2.8,-1.4,-0.5,-4.9,-1.9,-0.1,-5.5,-0.3,-0.8,-0.7,-2.9,-5.9,-3.7,-5.4,-4.5,-7.4,-6.3,-8.3,-7.8,-7.0,-5.5,-9.5,-7.1,-6.7,-5.6,-5.9,-2.8,-2.2,-3.0,-1.4,-0.9,-1.2,-2.2,-2.7,-2.4,-3.8
2C7L50w3Dn,0,48.098049,11.627857,4442299.15,2777390.4,548.5,594.2,211,7315,1.8,0.85,0.27,32.64,349.02,-0.529,-0.103,0.842,-0.4,0.1,0.12,0.14,2.6,0.1,-0.3,-0.8,-1.2,-0.9,-0.6,-0.3,-0.1,-0.3,0.3,-1.6,0.9,-2.0,-0.6,-2.9,-3.1,-4.3,-3.8,-4.6,-5.5,-5.6,-3.7,-4.9,-3.8,-5.0,-5.9,-3.1,-4.1,-4.9,0.9,-3.8,-7.5,0.8,-8.6,-9.4,-7.3,-11.1,-7.7,-6.0,-4.8,-4.1,-4.6,-2.5,-2.1,-4.4,-5.5,-4.9,-3.2,-1.0,-1.1,-1.9,-0.9,0.3,-0.4,-0.6,-1.3,-0.9,-2.6,-2.2,-1.4,-0.4,-0.9,-0.7,-2.2,-7.6,-0.8,0.1,0.4,-0.9,-2.0,-1.2,-2.7,-2.3,-3.9,-1.8,-3.0,-5.0,-5.0,-4.1,-5.6,-5.8,-6.1,-6.2,-6.0,-4.4,-4.0,-4.3,-5.2,-5.2,-6.5,-6.2,-7.0,-5.9,-6.1,-6.3,-5.7,-6.0,-6.2,-3.5,-3.3,-5.3,-5.8,-2.1,-5.9,-2.5,-4.9,-4.2,-4.3,-4.7,-4.1,-5.3,-6.1,-6.1,-3.7,-2.9,-0.8,-0.6,0.1,-1.2,-1.1,-0.9,-1.5,-3.3,-0.9,-1.1,-5.6,-3.9,-3.9,-1.9,-5.7,-6.7,-6.4,-6.0,-8.3,-2.2,-5.5,-8.0,-5.7,-5.7,-4.1,-4.3,-0.3,-0.2,-1.9,-2.1,-3.3,0.1,-0.8,-6.2,-1.6,-0.5,-1.3,-0.2,-2.0,-3.8,-5.5,-5.3,-5.3,-5.0,-5.9,-5.0,-4.5,-6.8,-8.5,-6.8,-9.3,-9.8,-1.4,-6.2,-10.4,-4.9,-6.5,-5.4,-5.0,-4.8,-1.2,-0.9,-5.6,-2.0,-1.3,7.6,-0.7,-1.6,-2.2,-3.1,-4.2,-3.8,-4.9,-5.7,-6.7,-6.3,-7.5,-6.6,-6.6,-6.3,-9.6,-7.3,-6.3,-6.7,-6.0,-6.0,-3.4,-2.6,-1.6,-1.9,-2.1,-5.1,-3.1,-2.6,-4.2
2C7L50w3Ef,0,48.098443,11.630921,4442526.44,2777439.16,546.1,591.8,211,7369,3.0,0.76,0.42,32.66,348.95,-0.53,-0.103,0.842,0.5,0.2,0.58,0.23,2.1,0.2,-0.3,0.3,-0.0,1.1,2.3,0.1,1.8,3.2,-1.4,1.1,-10.6,5.8,3.3,3.0,0.6,0.5,5.2,2.0,5.3,3.5,5.6,0.6,3.4,1.5,6.8,4.1,2.5,0.2,-4.5,0.4,1.7,-2.2,1.2,0.4,5.2,1.3,4.7,1.5,7.5,6.7,7.9,14.1,2.1,4.2,9.2,3.7,4.0,-0.3,3.3,5.7,4.3,1.8,-3.1,-2.0,0.8,-0.4,1.8,-2.6,-1.5,0.4,0.4,2.9,2.0,-9.6,1.7,1.9,-1.8,-2.3,-5.1,-1.6,0.4,-3.6,-10.3,-6.9,-5.4,-2.2,3.2,3.6,4.8,3.7,4.3,4.6,0.2,6.9,5.6,4.6,4.7,4.7,4.1,3.8,5.1,2.1,4.2,3.2,5.3,3.2,1.7,2.6,4.6,4.0,3.8,2.7,3.8,5.5,5.6,5.5,5.3,4.0,4.5,4.6,2.0,10.2,4.9,3.0,5.2,4.4,1.4,3.9,-0.3,-1.9,-1.0,1.4,0.9,0.2,4.9,5.1,5.0,0.9,5.5,2.5,-1.2,4.7,4.8,0.2,6.0,3.7,3.5,4.1,2.7,3.8,4.2,-2.2,-1.9,-1.5,1.6,0.3,-1.8,0.6,-3.0,1.8,3.7,-4.7,-0.1,2.7,1.2,2.1,6.2,2.4,0.0,1.5,-0.1,8.0,3.9,3.0,3.1,2.0,3.0,4.0,0.2,1.8,4.6,4.6,3.1,0.3,1.9,3.5,-1.6,0.6,3.7,2.0,1.1,-0.5,2.7,3.2,4.2,2.7,-1.6,11.7,-1.7,3.9,3.5,5.8,7.7,12.0,5.2,6.3,6.1,9.2,9.4,4.0,8.9,6.6,9.1,5.5,7.0,4.9,0.9,3.9,0.8
2C7L50w3Eg,0,48.098448,11.630959,4442529.28,2777439.78,545.2,590.9,211,7370,1.8,0.92,0.28,32.66,348.95,-0.53,-0.103,0.842,-0.2,0.1,0.22,0.14,1.1,0.1,-0.3,-1.0,0.6,0.7,0.1,0.7,0.3,1.9,1.8,3.3,-12.5,2.4,0.4,2.0,1.2,2.3,3.1,2.2,2.3,1.5,3.1,0.7,2.5,2.9,4.0,2.9,2.2,3.6,-0.7,3.3,0.8,-1.4,-2.7,-1.6,1.0,-1.5,1.4,1.8,3.6,3.8,4.1,3.6,-0.5,4.1,3.3,2.1,1.6,-1.1,0.5,1.3,0.8,0.5,-0.4,-0.6,-0.5,-1.4,0.1,-2.1,-0.5,-0.1,-1.0,-0.5,0.5,-1.8,0.9,-0.5,-2.6,-0.6,-2.5,-0.3,-0.1,-1.9,-0.1,-4.3,0.1,1.2,2.1,2.6,2.0,0.8,1.2,0.5,1.5,2.8,3.2,3.2,1.8,2.4,0.3,1.3,1.0,0.8,2.1,0.9,1.9,0.7,1.1,0.4,2.2,3.0,2.1,1.0,1.2,3.1,3.4,2.8,2.4,1.7,0.8,1.8,0.9,1.5,1.0,0.8,0.8,1.6,-1.6,-1.4,0.0,-2.8,-0.5,-0.7,-1.5,-1.9,-0.5,1.1,0.9,-2.2,2.6,0.5,-0.5,1.9,1.6,-2.0,2.1,-0.1,1.6,2.8,-1.0,2.1,4.4,-1.6,-0.6,0.4,-0.3,1.8,1.3,-0.3,-0.7,0.6,0.8,-3.7,-0.3,0.1,0.5,-0.3,-0.6,0.4,0.1,0.5,1.7,1.9,1.3,-0.8,-3.0,-1.7,-0.2,0.7,-2.8,-0.3,1.6,0.8,1.4,-1.3,-2.0,-0.3,-2.8,-2.3,-1.3,2.4,-0.3,-2.2,-0.8,-1.9,-1.2,-1.2,-1.3,-4.0,1.7,1.8,0.8,0.8,2.1,4.6,-1.5,0.3,1.8,3.1,1.7,0.4,4.4,1.3,2.7,1.9,0.1,-0.1,-2.3,1.6,-0.3
2C7L50w3Ep,0,48.098507,11.631423,4442563.68,2777447.15,544.7,590.4,211,7379,3.6,0.75,0.48,32.66,348.95,-0.53,-0.103,0.842,-0.4,0.2,-0.08,0.27,1.0,0.2,-0.3,-2.0,-2.4,1.2,-1.0,1.3,4.9,1.2,3.2,7.7,-7.7,3.4,-1.6,-5.1,1.5,4.0,0.7,14.5,-1.1,5.0,0.9,3.8,5.1,-0.9,0.9,8.0,1.7,4.5,3.3,3.4,-2.4,4.1,-4.2,-3.9,2.1,1.6,2.1,0.1,1.4,4.4,2.9,3.6,1.5,0.2,2.1,3.7,1.0,3.1,1.7,6.7,-0.5,-1.9,5.0,1.8,3.6,-3.8,2.2,0.5,1.2,-6.3,-3.6,1.3,7.8,-4.3,3.7,2.8,-12.9,5.9,11.4,2.8,-0.7,2.7,4.6,-4.3,-2.5,-1.2,-1.1,1.8,0.4,0.6,2.7,1.0,15.6,-0.6,0.2,3.4,8.4,2.1,0.8,5.9,3.5,0.5,3.2,1.4,1.8,-1.0,3.2,-0.5,3.1,1.0,2.1,0.9,2.9,1.6,4.3,-1.0,-4.8,2.0,2.3,3.9,1.7,-2.0,0.6,2.5,-1.7,1.0,1.8,5.9,1.2,2.2,3.0,-3.1,-0.6,0.8,2.0,0.6,2.7,0.6,0.2,0.3,-0.4,1.0,-1.5,4.5,4.3,1.9,3.4,2.7,-0.1,1.8,-1.1,0.6,-3.6,-2.5,-2.8,-1.2,1.0,1.8,0.9,3.5,4.1,-2.6,0.3,-0.7,3.0,0.2,-0.1,4.8,1.2,8.1,1.5,2.5,-1.7,-0.4,2.2,-2.2,-0.5,-4.1,1.7,-6.9,-6.6,-4.8,-1.1,-8.1,0.9,-0.6,-10.4,-0.3,-0.5,10.7,-4.9,-4.6,0.1,-0.6,10.3,-1.4,-0.6,0.0,-0.0,-2.7,-1.2,0.9,-2.5,8.7,-0.8,2.7,-0.7,-0.8,2.1,7.7,-0.4,2.6,1.6,-2.6,-1.0,0.1,-6.4,-0.7,0.9
2C7L50w3FH,0,48.098711,11.633013,4442681.63,2777472.46,542.3,588.0,211,7407,2.2,0.88,0.35,32.67,348.95,-0.53,-0.103,0.842,-0.1,0.1,-0.37,0.17,0.6,0.1,-0.3,-1.4,-0.4,1.4,1.3,-0.2,-7.4,0.8,-1.6,2.6,1.8,1.1,4.9,-0.3,1.1,2.4,1.2,2.0,2.6,1.7,1.6,0.9,0.6,1.3,1.3,0.5,4.6,2.5,4.9,5.2,0.1,-0.2,-3.8,-2.4,-1.7,-4.2,3.9,-8.4,-0.1,0.8,-0.4,-0.3,5.6,-0.3,1.2,2.6,2.3,3.1,-1.3,-0.9,-1.0,-0.2,1.1,-0.6,-1.6,0.9,-1.1,-1.1,-1.5,0.3,1.2,0.1,0.4,5.6,2.3,-1.4,1.6,1.2,2.6,-0.5,1.3,1.2,1.2,1.1,1.4,1.6,1.1,1.4,0.6,0.4,1.8,1.3,1.6,-0.1,1.9,3.5,8.4,6.2,2.4,-1.4,1.7,0.5,-0.9,-3.4,0.9,-1.1,1.9,2.7,1.3,2.0,-1.0,-1.9,1.3,4.7,3.8,2.8,2.2,3.4,0.5,3.4,-1.1,2.2,2.8,-0.7,0.8,1.5,-0.5,0.0,0.9,2.2,3.1,1.9,3.8,3.6,2.2,1.8,1.1,2.8,1.7,1.9,0.7,0.6,-0.6,1.3,-0.9,-0.3,1.8,0.9,-2.8,1.6,1.5,2.7,-0.3,-0.8,1.4,-1.8,3.0,-1.9,0.7,2.5,1.0,4.4,-0.6,-2.1,-1.2,0.5,3.8,0.4,0.8,0.8,1.8,0.9,-1.6,0.7,-2.4,-2.5,3.7,-2.4,-5.3,-1.4,2.6,5.0,-0.6,-1.7,-0.3,4.3,-2.5,1.9,1.6,6.9,3.8,0.6,0.1,1.3,1.0,-0.9,2.5,-0.7,0.7,2.6,0.9,-3.7,2.0,1.8,-2.8,0.3,2.1,5.1,3.6,-0.1,-5.6,0.6,1.3,-1.2,-2.7,-0.0,-1.4,-1.3,0.8
2C7L50w3FP,0,48.098781,11.633559,4442722.18,2777481.15,548.6,594.3,211,7415,1.9,0.92,0.25,32.67,348.95,-0.53,-0.103,0.842,-0.5,0.1,-0.09,0.15,0.7,0.1,-0.3,1.2,0.4,1.3,0.9,1.7,-2.8,3.1,0.3,2.2,-3.0,0.6,-1.3,0.8,0.6,0.4,0.6,1.6,0.8,-0.5,-0.1,1.4,3.2,1.7,4.0,3.6,2.8,1.3,-0.5,6.0,-5.2,2.3,-4.1,-1.2,0.8,0.1,-0.3,3.3,-0.4,1.3,0.8,2.8,-1.2,4.1,-0.2,1.1,2.4,0.6,2.2,1.2,2.2,1.8,3.1,0.8,0.7,-0.6,-1.0,-0.6,-0.8,1.7,1.7,0.3,0.1,-1.8,0.5,-1.3,-3.6,1.8,0.3,-1.3,0.9,-0.6,1.4,-0.3,0.1,0.6,-0.9,0.3,-0.8,-0.7,-0.2,1.0,-1.4,-0.6,2.7,2.2,2.5,3.7,1.3,-0.6,0.2,2.2,4.2,0.4,1.9,0.4,0.8,3.7,2.8,0.7,0.7,1.0,0.8,1.8,4.7,1.8,2.5,0.7,1.9,3.0,2.2,1.5,0.1,1.2,1.9,0.7,0.1,2.1,-0.4,1.0,2.2,-1.2,0.1,0.2,-0.0,0.3,0.7,-1.1,1.7,-2.5,-0.2,3.4,-0.9,-0.4,0.5,0.5,1.9,1.2,-0.9,1.8,1.2,-1.5,-0.9,0.2,1.5,2.5,-2.2,-3.6,1.8,0.9,0.6,-2.7,-1.9,-2.8,-1.1,-0.3,0.7,1.9,-0.6,-0.9,-0.4,-1.4,1.0,-2.3,-1.5,-3.2,-0.3,0.5,-4.7,0.2,1.8,2.3,0.2,-1.1,-1.8,-0.9,-5.8,-1.5,-1.6,-15.1,0.1,-2.7,-0.3,-2.9,1.6,-0.6,0.9,-0.9,-0.5,-0.5,-0.9,-0.7,4.1,3.0,-3.7,-1.7,-0.7,0.4,-0.2,1.6,-1.2,-0.6,-1.2,0.8,-0.5,1.7,-1.2,-3.0,-0.9
2C7L50w3FQ,0,48.098781,11.633553,4442721.73,2777481.06,545.5,591.2,211,7416,3.0,0.79,0.43,32.67,348.95,-0.53,-0.103,0.842,0.2,0.2,-0.6,0.24,0.2,0.2,-0.3,1.6,-1.3,-1.1,-1.2,3.2,-1.0,3.4,-1.7,3.7,13.5,-5.6,-0.2,-1.0,0.6,1.9,-1.7,-2.7,3.8,2.0,1.7,-1.9,1.5,1.0,4.8,4.7,4.9,1.5,4.0,12.1,-1.1,4.3,-0.9,-3.5,-1.5,1.4,2.3,4.2,4.1,0.4,3.1,1.5,5.2,2.0,1.5,2.8,-1.9,1.2,4.0,1.4,1.1,-0.0,6.3,5.2,3.5,2.3,-0.3,4.2,1.5,-0.1,2.9,1.6,2.4,3.3,2.4,-2.2,-1.0,0.2,0.2,4.5,4.3,7.3,4.2,-4.5,4.4,2.4,2.1,3.6,0.5,4.4,1.8,1.5,2.9,2.8,5.5,8.0,3.3,2.5,0.4,2.7,3.5,1.9,10.3,2.8,4.6,2.2,3.0,6.7,6.8,4.5,3.7,4.1,4.3,7.8,7.4,5.0,7.1,5.0,1.1,5.0,3.3,5.0,1.4,2.0,2.3,3.7,4.6,4.8,4.6,4.7,3.6,4.8,2.3,1.2,3.9,3.1,0.8,5.4,8.2,-1.4,2.9,3.3,11.2,5.9,2.2,3.6,7.5,2.1,1.1,6.2,3.9,4.4,3.7,4.6,5.1,3.5,2.5,-7.0,4.2,5.5,9.1,1.9,0.5,1.8,4.4,4.5,2.7,-4.7,5.1,2.8,2.9,-0.2,12.5,1.2,-0.3,-1.2,4.2,3.2,-1.5,1.3,4.7,3.4,0.2,2.8,3.5,0.6,-0.3,-0.4,1.1,14.0,4.2,0.9,1.6,-0.2,6.3,3.6,-1.5,4.8,1.9,3.3,3.5,-0.1,5.6,0.4,-4.5,-0.7,4.0,1.8,2.4,0.6,2.4,1.7,2.7,5.0,4.9,14.2,4.2,4.0,4.7
2C7L50w3Fh,0,48.098919,11.63463,4442801.62,2777498.19,549.0,594.7,211,7433,2.0,0.92,0.28,32.67,348.95,-0.53,-0.103,0.842,-0.5,0.1,-0.05,0.15,0.3,0.1,-0.3,-0.1,-1.9,-0.2,-1.8,-0.9,0.9,-0.4,0.0,-0.2,6.5,0.1,0.3,-0.4,-0.5,0.3,-0.1,-1.0,-0.2,-1.7,-0.9,-1.6,-0.0,-1.2,1.1,-1.1,-0.3,-0.5,2.5,1.2,-3.4,2.3,-5.0,-5.2,-4.0,0.4,-1.5,1.2,-0.9,-1.0,-0.6,0.2,-1.2,0.0,0.3,0.0,-0.3,-0.0,-0.6,-0.5,0.7,-0.8,1.2,-0.2,-1.6,-2.0,-1.0,-2.1,-1.0,-0.3,-2.0,-0.7,-1.5,-12.3,-2.0,2.7,-0.7,-2.5,1.3,-1.3,-2.9,-2.0,-1.5,-0.9,-1.5,-2.5,-2.3,-2.2,-2.1,-1.1,-1.9,-2.4,-2.9,-0.3,-1.8,-1.4,-1.1,-0.2,-1.6,-2.2,-1.5,-1.1,-0.9,-1.8,-2.2,-1.7,-1.7,-2.1,0.1,-1.1,-2.0,-2.0,-2.1,0.2,0.5,-0.1,-0.4,-0.6,-1.0,-2.0,-1.1,-1.0,-1.1,-1.2,-2.2,-2.1,-2.3,3.9,-3.1,-2.2,-0.2,8.2,-2.8,-2.9,-2.3,-2.2,-1.9,-3.0,-2.3,-1.7,-3.2,0.6,-1.9,-0.2,-1.3,-2.2,-1.2,-0.4,-1.8,1.3,2.4,0.5,-2.1,-1.8,-2.4,-1.9,-2.0,-7.0,-1.0,0.1,-1.3,-0.6,-2.0,-0.7,-1.5,-2.4,-0.3,-2.6,-0.6,0.0,-2.3,-1.8,-0.4,-1.7,-1.9,-3.3,0.1,-0.6,-4.6,-3.2,-1.8,-1.5,-1.6,-2.7,-2.5,0.0,1.5,-1.5,-2.8,-14.3,-3.4,-1.3,-1.9,-3.0,-3.3,-2.6,-2.6,-0.8,-3.0,-2.0,-1.5,-1.4,-1.0,-3.0,-6.6,-2.4,-1.7,-0.9,-2.1,-1.6,-2.8,-2.6,-2.8,-2.6,-3.6,-8.8,-2.7,-1.4,-2.1
2C7L50w3Fi,0,48.098921,11.634645,4442802.74,2777498.43,547.0,592.7,211,7434,2.4,0.86,0.36,32.67,348.95,-0.53,-0.103,0.842,-0.7,0.1,0.09,0.19,1.0,0.2,-0.3,1.3,-1.5,-0.9,-1.8,-2.1,-2.7,-1.8,-2.8,-0.8,4.9,-0.6,0.8,-4.4,-0.8,-0.1,-0.2,-1.8,-1.7,1.3,0.9,-3.2,-1.2,-4.7,0.4,-1.8,-0.6,-2.0,1.0,-0.2,-3.7,1.8,-4.6,-10.4,-3.5,-0.6,-2.1,-1.4,2.0,-2.1,-0.9,-0.9,3.3,0.2,-0.5,-0.3,-0.7,0.5,0.2,-2.3,-2.5,-2.7,2.0,0.8,-2.2,-0.3,-0.3,1.8,-0.3,-0.6,-2.7,0.3,-0.9,2.2,1.1,9.7,-1.4,-0.3,0.5,0.4,-0.9,0.1,-0.0,1.3,-1.7,-1.8,-1.5,-6.6,-1.2,-0.8,0.8,-2.0,-4.7,-2.0,-3.7,-3.0,-0.4,-1.3,-2.1,-3.5,-3.1,-2.4,-7.1,-3.8,-3.2,-3.2,-5.1,-7.6,-3.3,-3.6,-3.1,-5.5,-3.8,-2.6,-3.6,-1.5,-2.9,-4.4,-3.0,-4.6,-3.3,-2.5,-3.0,-1.6,-2.3,-4.0,-0.8,4.1,-4.1,-3.3,0.3,4.4,-1.0,4.1,-1.3,-2.8,-3.2,-6.2,-4.5,-3.2,-4.2,-3.5,-6.2,1.2,-2.8,-5.1,-1.4,-2.2,-2.3,-1.6,1.5,-2.0,-3.7,-7.9,-1.9,-2.0,-3.1,-3.9,0.2,-1.2,-4.5,-1.9,-5.3,-2.4,-2.8,-1.3,-2.6,-6.8,-1.9,-1.0,-3.3,-2.6,-2.4,-5.3,-3.1,-5.2,-2.5,-2.6,-7.1,-5.1,-2.8,-4.7,-4.2,2.2,-3.6,6.2,-5.4,-2.5,-6.0,-10.7,-8.5,0.5,-2.9,-5.9,-5.4,-5.6,-2.7,-1.0,-2.3,-4.0,-5.4,-4.0,-4.7,-4.2,-6.5,-4.5,-6.2,-6.7,-4.1,-4.9,-4.8,-4.7,-4.3,-3.3,-4.4,5.4,-3.6,-2.9,-2.7
2C7L50w3GP,0,48.09923,11.637054,4442981.44,2777536.77,546.3,592.0,211,7477,3.9,0.71,0.42,32.68,348.96,-0.53,-0.103,0.842,-0.6,0.2,-0.64,0.3,1.0,0.3,-0.3,1.2,-1.9,-0.9,-1.1,-3.7,-2.5,-4.5,-0.2,0.3,7.5,-3.3,0.1,-1.7,-4.3,-0.7,-2.6,-1.2,-4.7,-7.4,-3.5,-4.7,3.1,1.2,-2.3,0.6,1.7,3.6,-0.5,-1.2,-3.1,-0.6,-6.0,-2.9,-3.2,-1.1,-1.2,-0.3,0.5,-3.5,2.9,1.0,11.4,-0.9,-1.4,-2.0,-2.6,-0.3,1.1,-1.9,-1.0,-2.8,-1.3,-0.0,-5.6,-5.1,-2.0,-0.8,-4.3,-1.7,-3.3,-3.1,-2.2,11.8,-3.0,6.5,0.4,-3.9,-5.8,-4.1,-4.2,-8.0,-0.9,-2.4,-0.8,0.6,2.5,-0.3,-3.0,-4.0,-2.1,-3.4,-3.2,-7.5,-2.6,5.1,-2.8,-9.8,-2.0,-7.1,-4.4,-0.2,-2.4,-7.3,1.0,1.8,5.6,2.2,2.1,-3.6,-0.8,-3.2,-1.1,-2.3,-1.8,-4.5,-2.6,-1.2,-2.1,0.6,0.6,-1.3,-0.2,-0.1,0.1,1.4,8.3,2.0,-2.3,-2.0,0.1,-5.7,-0.6,2.1,-0.6,-2.9,-1.6,1.9,-3.1,1.3,-10.5,-0.8,-7.3,0.4,-0.1,-6.8,-10.5,3.5,-1.1,6.0,-1.9,2.9,-5.2,-0.9,-4.7,-3.2,-2.0,10.5,-5.9,-2.1,-5.8,8.7,-1.1,-0.8,-3.7,5.5,1.6,0.8,-1.5,-8.5,-1.0,-1.2,-4.0,-6.8,-3.3,-5.9,-7.4,3.8,-8.5,-11.4,-3.0,-2.8,-4.1,-3.6,-3.3,-0.9,0.8,-2.2,-2.6,8.5,-5.1,-2.1,-6.0,11.2,2.3,-1.6,12.1,-5.3,-8.1,-7.8,-5.5,-4.9,-7.0,-8.4,-4.7,-4.3,-7.9,-6.5,-5.7,-1.5,-7.9,-1.0,-2.0,-10.8,-9.3,-3.0,-5.2,-0.9,-7.8
2C7L50w3Gf,0,48.099345,11.637949,4443047.88,2777551.02,545.3,591.0,211,7493,3.8,0.71,0.57,32.69,348.96,-0.53,-0.103,0.842,0.2,0.2,0.21,0.29,1.2,0.3,-0.3,0.5,-0.6,-0.3,1.4,1.8,1.2,-1.2,2.5,4.3,-4.7,0.5,1.0,2.2,-2.6,-0.4,-7.8,-4.0,-6.2,-5.3,-6.0,-2.1,-2.8,-1.4,-1.5,0.2,-2.1,-0.9,-1.7,4.2,-4.0,-19.1,-6.6,-3.6,-0.3,-4.1,-3.4,-3.5,-2.7,-2.8,-2.8,0.7,0.5,-2.5,-4.1,-1.2,-0.0,0.9,1.8,-1.0,0.8,0.3,-0.2,-1.2,-2.4,-1.3,-5.7,-3.8,-5.8,-1.8,-6.1,-9.6,-5.9,-6.0,-3.1,5.8,-1.1,1.0,-4.5,-1.8,-5.6,-3.7,-4.0,-5.8,-2.3,-5.6,-6.1,-6.3,-8.4,-6.2,-4.7,-8.2,-5.1,-3.1,-1.1,0.4,-3.9,0.4,-3.2,-3.4,-1.1,-0.6,-0.6,-0.8,-2.8,0.3,1.1,0.9,0.9,-1.7,-0.4,0.7,-0.3,-1.7,1.2,-2.4,-4.8,-2.8,-2.3,-2.0,-0.5,-1.4,1.0,0.5,-1.7,-1.7,-1.4,-2.9,-7.3,6.0,-2.4,-6.3,10.4,2.5,-5.2,-1.6,-4.3,1.8,-10.2,-5.7,-3.9,0.9,-3.3,-1.7,-2.3,-3.9,-2.3,-2.9,-5.1,0.6,3.7,-0.3,0.4,1.7,1.7,-0.1,-1.4,-8.0,5.6,3.0,-0.2,4.0,3.3,-6.7,-8.0,-5.6,-3.5,4.2,0.6,-5.4,-1.5,-4.6,-4.2,-3.0,-3.1,-5.1,-0.5,1.5,-5.9,0.9,-4.8,-3.8,-3.8,-5.7,0.7,0.7,-8.1,6.0,3.0,3.0,6.5,0.9,-12.9,10.3,-15.6,4.8,6.5,4.8,-13.0,-2.7,-2.7,1.2,1.9,-0.4,-4.7,-3.4,-4.7,-4.5,-3.2,1.7,0.3,-1.4,0.3,-2.3,-2.1,-0.6,1.0,-4.6,5.4
2C7L50w3Gn,0,48.099387,11.638274,4443072.01,2777556.21,537.8,583.5,211,7501,2.9,0.81,0.41,32.69,348.96,-0.53,-0.103,0.842,-0.7,0.1,-0.56,0.22,0.4,0.2,-0.3,-1.7,-7.3,-1.1,-1.6,-0.2,0.2,-2.0,-0.6,1.3,0.6,0.2,2.1,0.4,-2.2,0.0,1.4,1.1,-0.5,0.9,-3.1,1.0,1.1,1.8,-1.0,1.8,4.1,3.6,1.2,5.7,-1.9,5.4,-3.1,-0.6,2.7,0.3,0.7,2.3,0.8,4.4,2.4,2.9,-0.8,1.6,2.9,0.7,1.3,-2.0,-2.9,2.1,-0.4,3.5,1.3,4.1,2.1,0.9,3.4,1.2,3.8,2.9,3.2,3.2,6.1,4.1,3.7,2.3,0.4,1.8,4.6,2.0,4.2,-1.4,3.0,1.6,2.6,6.1,4.0,1.3,1.9,3.1,1.6,2.8,2.3,-4.1,-3.3,0.7,2.8,3.2,-1.5,-2.2,-1.3,1.5,1.4,-3.0,-5.7,-0.7,-1.9,-0.4,-1.1,-0.8,2.3,-0.3,-0.8,-2.1,1.3,0.8,3.0,0.0,-0.1,0.3,0.4,0.7,0.0,-1.2,1.1,1.8,-0.1,2.2,-1.4,-0.7,-1.3,4.0,0.7,-2.6,3.5,-0.2,-0.5,1.3,0.2,2.5,4.9,5.6,-5.6,0.6,-2.5,-6.0,2.1,-1.7,-2.7,3.5,4.3,0.9,0.8,2.4,-3.7,-1.1,1.0,6.5,-0.1,2.4,0.5,-2.0,-2.1,2.2,0.4,-0.4,-0.1,0.4,0.0,1.3,-0.8,-0.9,4.2,-1.0,3.2,-1.1,0.5,2.2,0.2,-1.5,3.1,6.5,-0.4,0.9,0.7,-2.2,-0.8,-3.0,-2.1,-3.1,-3.1,-13.4,-7.0,-4.8,-7.2,-0.5,0.1,0.0,-2.1,-1.8,-4.1,2.2,-5.0,-7.8,-5.1,-14.9,3.2,-5.3,0.7,1.3,-2.4,-9.3,-0.9,-2.3,-2.7,5.9,3.5,3.3,0.6
2C7L50w3Gx,0,48.099462,11.638861,4443115.56,2777565.55,540.2,585.9,211,7511,2.6,0.82,0.38,32.69,348.96,-0.53,-0.103,0.842,-0.3,0.1,-0.93,0.2,1.3,0.2,-0.3,2.2,-0.3,0.2,6.4,2.7,-9.0,4.6,0.7,3.1,0.4,-0.3,-2.3,1.4,-1.7,0.2,-0.2,2.0,3.9,0.8,-2.8,-2.5,-1.6,-2.0,-0.2,-1.8,-1.1,-0.8,-3.8,-1.9,1.0,4.7,-7.9,-3.6,-2.5,-1.3,-0.4,-1.8,0.5,-0.4,-2.6,-2.6,-1.9,1.0,-2.0,0.7,-4.4,-0.9,-1.3,-0.1,1.2,1.4,0.5,1.7,4.4,2.0,1.4,1.6,1.4,1.9,0.1,-0.1,-0.1,0.1,1.5,2.7,3.3,2.0,3.6,1.8,2.6,-3.2,2.1,3.1,4.2,0.0,0.6,2.4,3.1,5.5,2.0,-2.5,-1.1,1.1,1.7,4.5,-3.0,3.9,11.1,-3.8,12.0,-6.2,-0.6,-1.5,-5.0,1.1,-2.2,-0.4,-2.3,0.6,-2.2,-0.8,0.0,0.0,5.4,0.9,1.4,2.3,2.1,3.7,1.7,1.6,0.3,-1.7,0.5,2.2,-1.3,0.7,2.8,0.3,-0.1,0.6,0.7,2.1,3.5,-3.4,0.5,-3.1,-1.2,1.2,-0.0,4.7,0.9,1.3,-0.6,0.9,0.2,3.9,-2.2,3.8,2.4,-1.4,1.8,1.7,-2.1,1.7,0.8,4.2,1.4,1.3,2.2,0.0,2.2,4.2,0.7,1.6,1.6,2.5,-0.3,2.1,1.6,-0.9,0.5,-5.8,1.4,-6.9,-0.7,-3.4,-2.4,-4.8,-0.2,-2.6,-0.9,0.4,-4.4,3.3,3.4,2.2,-5.6,4.0,1.5,0.2,-1.4,-0.7,0.7,1.5,3.1,-2.1,0.3,-0.4,1.4,-0.7,4.5,-1.8,-5.5,-3.1,-5.2,-6.7,-3.7,-3.7,-3.7,-1.0,-5.6,-6.4,-3.5,1.9,-1.2,-1.0,-1.9
2C7L50w3E4,0,48.09818,11.628728,4442363.7,2777406.33,542.5,588.2,211,7332,3.9,0.67,0.44,32.65,348.95,-0.529,-0.103,0.842,-0.2,0.2,-1.06,0.29,0.7,0.3,-0.3,0.9,5.5,-2.4,-4.4,2.5,1.2,2.2,1.1,4.7,-5.2,1.5,3.9,5.9,5.2,3.9,4.2,5.4,3.2,1.3,1.9,0.4,8.0,-0.7,-0.7,-0.7,7.1,3.1,3.4,-0.8,-4.0,6.6,2.3,-1.3,6.1,-1.0,-3.4,0.9,1.6,6.6,-0.0,1.2,0.5,2.5,0.8,-1.4,3.3,0.3,1.1,0.9,1.9,-1.5,1.8,0.3,0.9,-0.1,2.0,1.6,1.8,0.3,3.1,1.9,0.2,-2.4,1.8,-8.7,3.4,-1.6,-4.0,3.4,2.0,-1.0,3.4,-1.0,-0.9,5.6,-8.1,9.8,-2.6,3.6,10.7,7.4,1.3,6.0,3.3,8.0,9.3,6.5,4.6,10.1,4.4,8.3,3.0,6.1,4.2,3.7,3.3,5.2,8.5,9.8,5.8,7.1,5.3,7.8,10.9,4.9,5.8,7.7,5.5,7.4,5.5,8.1,6.7,6.2,4.0,4.5,5.7,3.3,4.8,-9.5,5.1,7.5,5.9,5.2,10.3,7.4,6.7,-0.4,-3.8,-1.6,12.7,0.8,-9.4,4.2,1.3,-4.6,3.1,-1.1,4.4,5.1,3.7,3.4,1.7,1.0,3.4,1.9,0.7,6.7,0.9,1.6,2.9,-3.5,1.0,3.1,1.7,4.3,-0.2,4.0,1.7,4.3,5.7,3.3,0.7,10.2,6.4,-9.2,2.9,4.5,-6.0,10.8,6.4,6.2,-1.9,1.9,1.2,2.5,3.6,2.2,-0.0,3.7,2.0,2.2,3.1,2.5,-0.2,-4.8,9.7,-3.3,0.0,6.8,3.5,-0.3,2.6,4.2,-1.3,0.2,-6.0,9.9,1.0,0.0,2.7,-0.0,-0.6,2.1,-2.5,-3.9,-3.3,-3.0,6.3
2C7L50w3E9,0,48.09821,11.628968,4442381.48,2777410.15,540.0,585.7,211,7337,3.4,0.77,0.4,32.65,348.95,-0.53,-0.103,0.842,0.4,0.2,0.32,0.26,0.8,0.2,-0.3,1.5,0.3,2.6,-2.3,1.6,4.0,1.7,1.4,0.4,2.0,1.4,1.4,3.5,0.7,-0.1,0.2,-2.5,-0.7,-4.5,-15.2,-2.8,2.2,1.3,-1.3,-2.2,-2.8,-0.5,-8.2,-1.6,0.3,-0.2,-3.5,-3.1,6.6,-11.4,0.5,-0.5,-9.1,0.7,0.8,-2.4,-0.5,1.5,-0.2,-0.2,1.1,2.8,2.8,-9.3,1.2,-1.5,-0.9,-2.8,-2.1,-1.8,0.6,-1.5,1.1,-0.8,1.5,-0.1,-1.8,0.5,-3.3,3.1,2.2,2.8,2.4,0.5,-1.0,-0.0,-1.0,-0.1,0.7,-1.5,-1.4,-2.1,-3.9,2.9,0.8,1.1,0.4,-2.3,-2.0,-2.7,1.8,1.0,-3.5,-0.4,-2.8,1.1,-2.2,-1.7,-8.6,-0.8,-4.8,-1.0,-5.9,-0.4,-3.3,-5.0,-3.6,6.3,-2.0,-1.2,0.8,0.0,0.9,4.0,-3.0,0.2,-1.4,-0.5,-0.8,2.5,3.2,1.8,1.7,1.8,-0.8,5.3,-2.3,1.0,0.0,4.1,-0.3,0.2,0.7,-2.7,0.4,4.3,-0.6,2.6,0.8,7.4,-11.6,12.7,9.5,0.7,4.6,2.5,1.3,-3.1,-2.7,3.1,-0.2,-0.3,-2.9,-1.5,0.8,0.9,-2.5,1.1,-4.0,-2.3,-6.7,-5.0,-1.5,-4.9,-0.2,-3.5,-0.4,0.2,5.1,-4.6,7.1,0.2,4.2,-3.7,-2.1,-1.2,2.5,0.3,1.0,-1.0,0.7,-1.4,-0.4,0.0,0.6,-1.6,1.3,-0.0,1.7,-1.7,0.2,-4.6,-2.2,0.6,-0.0,1.0,2.5,5.8,0.2,2.4,-1.0,7.7,-3.2,1.8,7.3,12.6,5.9,-1.7,-1.6,0.3,0.8,2.9,4.3
2C7L50w3EA,0,48.098226,11.629091,4442390.62,2777412.1,543.2,588.9,211,7338,1.2,0.95,0.18,32.65,348.95,-0.53,-0.103,0.842,-0.2,0.1,-0.29,0.1,0.8,0.1,-0.3,0.0,-0.4,0.1,-0.4,-0.5,1.3,-1.0,-0.7,-0.1,1.3,0.9,-1.1,1.1,0.3,-0.2,-0.2,-1.6,-1.0,-3.3,-1.3,-1.4,0.4,-1.7,-2.3,-0.0,0.1,-1.1,-1.8,-3.1,-1.8,1.0,-3.5,-4.3,-0.9,-7.7,-1.7,-0.8,-2.7,0.7,-1.1,-2.5,-1.8,0.3,0.4,-0.6,-0.7,-2.0,-1.2,-1.0,-1.3,-1.0,-1.3,-2.2,-1.8,-2.0,-0.9,-1.5,0.1,-1.3,-0.7,-0.7,-0.8,1.1,-0.3,0.5,-1.0,0.0,-0.1,1.4,0.1,0.2,-0.8,-0.9,-0.3,0.3,-0.4,-0.7,-1.1,-0.4,-1.2,-0.3,-0.9,-0.2,-2.0,-1.3,-1.6,-1.2,-3.0,-1.7,-3.8,-2.3,-2.4,-1.8,-2.3,-1.9,-4.2,-2.2,-0.1,-2.0,-2.3,-2.1,-2.1,0.5,-1.1,-0.4,-1.3,-0.7,-2.0,0.5,-1.0,-1.0,-1.0,-1.3,-1.4,-0.5,0.1,-1.6,-0.4,-0.8,-1.6,0.4,-0.7,-0.1,-0.4,2.1,-0.1,-1.1,-0.5,-3.2,-2.3,-0.6,-2.2,-0.7,-0.8,-2.7,0.2,-0.4,2.1,0.6,1.8,-1.1,-0.3,-1.9,-2.2,0.6,-0.8,0.1,-0.8,0.7,-0.2,0.4,-2.0,-1.0,-1.1,-0.7,-3.2,-0.8,-0.4,-0.1,-1.1,-3.4,-4.5,-0.5,-4.5,-4.8,1.9,-1.1,-5.7,-2.5,-1.9,-0.7,-0.2,-1.8,-0.4,-0.8,-0.7,-1.7,-0.7,-1.1,-0.2,-0.2,-0.8,-1.7,-1.5,-1.5,-0.2,-2.5,-2.4,-1.7,-3.0,-4.6,-3.6,-0.9,-6.2,-1.3,-2.7,-0.4,-2.7,-2.0,-1.1,-3.8,-2.3,-2.7,-3.2,-3.1,-3.8,-2.6,-1.9
2C7L50w3EZ,0,48.098409,11.630517,4442496.45,2777434.8,543.3,589.0,211,7363,2.1,0.91,0.3,32.66,348.95,-0.53,-0.103,0.842,-0.5,0.1,-0.35,0.16,0.5,0.1,-0.3,-1.6,0.3,1.4,-1.1,-0.0,1.0,0.9,0.3,1.8,-4.5,0.6,-1.0,1.8,0.8,1.7,0.6,0.1,-1.1,-1.4,1.1,-1.0,-0.2,-1.9,1.9,1.2,1.5,1.3,-2.5,2.1,-2.1,-10.1,-3.1,-2.4,-0.6,-3.8,-2.3,0.0,1.4,1.4,0.6,1.1,-6.9,0.6,1.7,0.7,0.9,0.4,-1.1,0.8,0.8,1.3,0.1,2.1,0.9,1.2,2.8,0.8,0.4,1.5,0.2,1.6,1.1,-4.7,1.8,2.2,-0.5,0.7,-0.3,-0.5,0.5,-1.7,0.4,-4.6,-1.5,0.5,0.3,-0.4,0.2,1.0,0.7,1.1,0.7,-0.4,-0.1,0.3,0.6,1.4,-1.2,-1.2,-0.6,-1.0,-1.6,-1.4,1.0,-1.9,-1.5,-2.2,0.6,0.5,1.6,1.7,-0.1,3.2,1.6,2.2,1.8,2.5,2.5,1.6,1.8,0.6,1.1,0.1,1.8,1.0,-0.1,-0.7,-0.3,1.0,-0.6,-1.6,-1.2,-2.1,-0.0,-1.0,-0.1,-5.8,0.9,-0.8,-1.9,1.8,1.0,-3.8,0.2,-2.5,0.5,1.5,0.7,2.8,1.4,-2.3,-3.0,-1.6,0.9,0.8,-0.2,-4.3,0.1,-0.0,-0.1,1.5,-0.5,-1.0,-0.1,0.1,-2.8,-1.6,-2.0,0.5,-1.3,-0.8,-1.3,-1.8,-5.0,-4.1,-0.5,-0.4,-4.2,-2.3,-0.9,0.1,-1.1,-4.5,-0.1,-2.9,-10.0,-3.6,-2.9,14.0,-0.3,-1.0,-1.1,-1.2,-1.6,-3.1,-1.6,-4.7,-1.5,-0.3,-1.8,-1.1,-1.7,-2.0,-6.0,-1.7,-1.5,0.5,-1.9,-3.6,-1.1,-1.4,-2.2,-2.3,-1.9,-2.7,-3.4,-1.3,-1.4
2C7L50w3F5,0,48.098642,11.632329,4442630.89,2777463.64,542.9,588.6,211,7395,1.9,0.91,0.29,32.66,348.95,-0.53,-0.103,0.842,-0.3,0.1,-0.05,0.15,0.7,0.1,-0.3,1.2,1.9,1.3,0.5,1.8,-3.1,-0.6,-2.0,-0.4,-7.2,0.6,-0.7,1.0,0.3,1.2,2.1,2.9,2.9,2.8,3.6,1.0,3.1,2.2,2.4,4.4,4.0,1.6,-3.5,0.5,-1.3,-3.8,-1.0,-0.1,1.7,4.0,3.5,5.8,7.4,5.8,5.0,3.6,-7.0,2.6,3.8,4.4,2.2,-1.4,0.7,1.5,0.6,2.1,3.4,2.6,3.3,2.3,2.9,0.9,0.5,0.8,0.2,0.2,-0.4,-0.7,1.2,-6.8,-3.8,-0.8,-1.2,0.4,0.9,0.5,1.0,1.8,-0.5,0.8,2.5,1.3,2.3,1.5,2.5,3.0,1.8,3.2,0.9,2.9,4.2,3.4,3.2,2.0,1.7,1.1,-0.7,-3.5,1.0,0.9,0.1,4.1,2.8,3.0,-0.3,-0.2,2.1,1.4,2.7,2.6,1.0,2.7,0.7,-0.1,2.5,2.1,0.4,2.1,2.2,2.2,-0.4,0.2,0.5,-0.6,0.4,0.3,-0.7,1.0,2.0,3.3,1.9,-0.8,2.2,0.8,-0.2,2.6,2.0,0.8,3.0,0.9,2.5,1.3,-2.4,1.6,2.4,0.5,0.1,-1.5,1.1,1.5,0.0,-2.4,1.0,1.8,0.4,-0.6,-1.2,-0.7,-1.0,-0.7,1.0,1.1,-0.1,2.3,1.3,0.9,-0.0,0.0,-2.6,-0.2,1.4,-0.2,-3.8,-0.8,0.9,1.6,-1.1,-0.6,-0.2,0.1,-1.8,-1.2,-0.8,4.3,0.4,1.1,-0.8,0.1,-0.1,-1.3,0.2,1.0,2.8,2.2,1.4,2.9,1.4,-0.1,-1.0,1.4,3.0,1.4,0.7,-0.4,0.9,0.2,-0.6,-0.5,1.4,0.1,-0.2,-1.1,0.4
2C7L50w3F6,0,48.098653,11.632414,4442637.16,2777464.99,544.2,589.9,211,7396,4.3,0.62,0.49,32.66,348.95,-0.53,-0.103,0.842,-0.8,0.2,0.4,0.33,1.4,0.3,-0.3,1.8,-1.4,0.9,0.4,2.1,-1.7,-1.6,-2.8,-1.9,-3.5,0.9,2.7,1.4,-0.2,2.0,2.9,7.2,4.8,8.5,9.9,2.2,7.5,2.7,17.2,6.1,3.5,-4.5,-4.4,-5.2,-0.7,-10.9,0.6,0.4,-0.6,4.9,5.7,5.5,6.7,6.4,5.5,6.4,8.1,7.5,5.4,8.3,5.6,7.3,3.8,-0.1,1.0,-0.3,1.5,-0.5,1.8,0.2,-2.1,3.1,0.1,1.9,-0.4,-4.4,0.5,-0.4,2.4,-0.8,-0.5,0.5,1.2,0.5,2.1,6.5,2.8,5.6,7.1,1.3,4.5,-2.5,4.4,3.6,2.0,0.6,0.5,4.4,2.1,6.1,10.4,8.6,-2.5,-0.5,9.4,5.4,-5.9,-8.5,0.2,4.1,-1.8,10.6,4.4,7.8,9.0,-10.7,7.1,0.4,3.2,2.7,-3.7,-8.6,-5.7,4.6,2.4,-0.9,-1.4,1.6,2.5,3.4,2.7,1.4,-0.0,-3.8,-0.0,-1.4,-1.7,-0.5,-1.1,5.1,1.1,-0.4,-2.3,-1.5,-6.8,-2.2,-4.7,4.4,5.0,5.2,0.7,0.8,-6.6,3.8,4.5,-0.1,0.6,-1.1,-3.6,0.1,-1.9,-2.1,-2.2,-0.6,-4.0,-1.9,-1.7,-2.5,-1.2,-2.2,1.0,2.5,-2.6,5.9,4.8,-3.9,-4.3,-6.5,-1.0,-2.0,-0.7,-11.5,-10.1,-7.6,-0.5,-1.2,-4.7,-1.9,-3.6,-1.8,-6.1,-3.9,-1.1,3.3,-1.4,0.1,-1.7,-1.4,0.9,-4.3,-0.7,-1.1,4.6,2.4,4.9,4.9,6.8,11.5,4.4,-3.1,10.9,-12.5,-5.0,-1.3,11.0,2.3,1.9,-9.2,-0.3,-1.0,-5.3,-7.2,2.1
2C7L50w3GJ,0,48.099203,11.636698,4442955.01,2777533.17,544.4,590.0,211,7471,1.8,0.92,0.28,32.68,348.96,-0.53,-0.103,0.842,-0.3,0.1,-0.01,0.13,0.3,0.1,-0.3,-1.3,0.2,0.1,0.1,0.5,-0.4,1.2,1.9,1.0,0.3,-0.3,1.2,-0.2,1.8,-0.7,2.1,1.4,0.9,-2.0,-1.3,-1.4,-1.7,-1.3,-7.6,2.1,0.8,0.9,-1.7,0.1,-2.3,4.0,-2.1,-3.0,-1.2,-1.7,-0.0,-0.6,-0.9,-0.5,-0.7,-3.0,-1.3,0.7,2.3,-1.5,-0.2,-3.7,-0.8,-1.9,-0.1,-1.1,2.1,-1.8,-4.3,-3.4,-1.0,-0.4,-1.8,-1.9,-2.4,-3.8,-0.6,-0.5,-1.0,-1.8,-0.6,-3.7,-0.8,-1.0,-1.3,-1.8,0.1,-1.7,-0.5,-0.3,-0.3,-1.2,-2.1,-0.3,-2.7,-0.9,-3.0,0.0,-0.5,-1.8,-0.9,-2.4,-0.8,-4.8,-1.3,-1.3,-5.6,-5.4,-2.6,-1.8,0.5,-1.4,3.4,0.4,-0.1,-1.6,1.0,1.9,1.3,-0.6,2.7,-1.4,0.8,-2.0,-0.8,-0.0,-0.5,1.6,0.2,0.4,2.3,-0.7,-0.5,-0.8,0.9,0.4,-0.1,-0.7,-0.2,-0.6,1.5,-2.5,-1.7,-2.4,0.4,0.5,-2.9,0.3,-0.7,-2.4,0.8,0.3,0.6,1.8,0.8,-4.9,-2.0,-1.5,-2.8,2.3,-1.2,-1.0,-1.7,-0.9,0.4,-0.4,0.1,0.7,0.2,-0.2,-1.6,0.3,-0.3,-1.9,-3.2,-2.5,-1.0,-3.2,-3.2,-4.7,0.8,-3.4,-5.9,-2.3,-0.4,0.7,0.6,-4.4,-2.8,-1.8,-3.5,-2.3,-0.0,-4.0,-2.9,-1.3,-0.5,-3.3,-3.8,-0.6,-1.7,-3.5,-2.4,-0.3,-4.4,-4.4,2.3,1.7,-1.5,-2.7,-2.5,1.3,-4.3,0.2,-0.4,-3.5,-2.2,-3.1,-1.0,0.0,-0.6,0.2,-1.5
2C7L50w3GT,0,48.099265,11.637178,4442990.59,2777540.81,541.6,587.2,211,7481,2.3,0.87,0.39,32.69,348.96,-0.53,-0.103,0.842,-0.4,0.1,0.18,0.18,0.6,0.2,-0.3,-1.2,-2.1,-2.0,-2.4,-0.2,2.3,-1.2,3.5,0.0,-7.0,3.8,0.9,-3.0,0.9,1.4,1.2,-0.4,1.2,-2.8,-2.0,-3.1,-2.5,0.6,-2.0,-1.9,0.9,1.5,0.5,1.4,-3.4,3.7,-6.5,-2.2,-2.4,-2.2,-4.0,-3.2,-1.9,0.7,0.8,1.7,0.5,-1.3,-3.0,2.4,1.6,0.8,-0.8,-1.4,0.2,-0.8,-0.5,-1.0,-1.4,0.1,-1.1,-1.1,0.1,1.0,0.6,-0.6,-1.9,-1.3,3.3,10.4,1.6,0.8,-3.1,1.9,-2.0,-5.3,-1.6,-4.9,-1.4,-2.9,1.3,-0.5,-2.7,-0.9,0.5,-1.1,-3.3,-3.2,-1.0,-2.6,0.8,-0.7,-1.5,-4.5,-3.9,-2.9,-1.0,-4.0,-2.1,-3.9,-1.1,-0.7,-2.3,-5.5,-3.2,-2.9,-4.4,-0.7,-2.1,-6.0,-1.1,0.2,0.2,-2.4,1.8,0.9,-0.1,-2.4,-1.3,1.3,2.0,-6.1,-4.7,0.5,-1.8,3.8,-2.3,-0.5,-3.8,-2.8,-4.7,1.9,-0.9,-1.3,-1.9,2.1,-1.5,-1.3,-2.0,-4.3,-2.1,-2.6,-4.2,0.3,-2.2,-2.9,-1.8,-4.8,-5.3,-2.2,-5.3,-2.7,-0.8,-3.8,0.4,-8.8,-2.0,-1.1,-1.6,-4.9,2.7,3.2,-1.4,-2.3,-2.8,-2.2,-1.1,-2.9,-5.9,-4.7,-2.1,0.9,-7.5,-4.8,-2.1,-1.6,-3.8,-3.9,-2.4,2.7,2.9,1.4,-2.3,-6.6,1.7,-1.2,-1.8,-1.3,-4.2,-5.4,-1.7,-5.6,-2.3,-2.0,-5.2,-1.0,1.4,-0.9,-2.7,-4.2,-1.6,-4.2,-4.5,-1.7,0.8,-1.9,-3.4,-2.3,-1.5,-2.5,-2.8,-2.9,-2.8
2C7L50w3Gv,0,48.099467,11.638753,4443107.46,2777565.88,540.4,586.1,211,7509,3.4,0.77,0.43,32.69,348.96,-0.53,-0.103,0.842,-0.9,0.2,-0.56,0.26,0.4,0.2,-0.3,-1.4,0.5,-0.6,1.8,-10.6,4.2,2.7,1.2,2.0,-1.0,2.0,1.4,-3.6,1.2,0.4,-0.2,4.0,2.1,-0.6,-2.3,-3.3,-1.6,0.1,1.3,-3.9,-3.5,-0.4,2.0,0.2,-12.1,-5.2,-8.9,-4.3,-2.7,-2.3,1.2,-5.0,0.8,0.4,-11.4,5.4,-1.5,8.7,-3.1,-5.0,-9.1,2.5,4.4,4.4,-0.1,2.6,3.3,4.1,0.3,5.7,-0.5,1.4,3.8,-1.1,-0.4,0.7,1.3,-4.5,2.2,-8.2,-1.3,-0.2,0.4,-3.0,-2.1,-1.1,-3.5,2.6,-3.4,-1.6,-4.0,-0.2,-0.7,-1.3,-0.5,-1.3,1.2,-1.4,-2.6,-3.5,-2.0,-2.1,-6.1,-5.1,-1.1,-2.4,-0.7,-3.7,-1.5,-0.7,10.5,4.1,0.3,4.4,-11.4,-2.3,0.0,0.9,0.3,2.2,-1.1,-1.8,-1.0,-0.5,1.1,-3.5,0.1,-1.7,-2.4,-3.5,-3.4,-2.3,-3.7,-1.6,-2.2,-1.8,-2.4,-0.4,-1.2,-3.0,-0.9,-1.7,-5.3,-2.9,-2.9,-0.4,-5.4,10.4,2.6,-1.4,-0.8,-2.8,-0.5,3.0,-0.0,-4.9,-1.4,-5.0,-2.1,-1.6,-1.3,-2.8,-1.8,-0.5,-0.2,-6.2,-1.2,-1.1,-0.8,-3.7,-1.9,0.2,2.7,0.0,-2.7,-1.3,-0.7,-1.0,-4.1,0.2,0.2,-0.2,-8.5,-7.0,0.8,-1.8,-0.2,-0.7,-0.6,-4.2,-8.2,-2.7,-1.7,-13.9,-2.7,-2.8,-3.2,-4.8,-3.2,-2.2,-3.3,-2.6,-4.6,-6.9,-6.7,-3.2,-2.5,-8.0,-1.7,-8.7,3.6,-9.5,-6.5,-1.1,-2.5,-3.0,-3.9,-6.5,-14.6,-3.1,-2.6,-5.7,-7.2
2C7L50w3Ec,0,48.098439,11.630604,4442502.88,2777438.26,540.1,585.8,211,7366,3.2,0.78,0.39,32.66,348.95,-0.53,-0.103,0.842,-0.4,0.2,-0.61,0.24,1.0,0.2,-0.3,0.3,0.4,-1.9,-0.4,-0.5,0.6,-0.1,0.6,-0.2,0.5,0.6,1.1,1.2,0.0,0.6,-0.1,-0.7,-1.4,-0.3,-0.9,-0.8,-0.5,-2.0,1.4,-0.8,-1.2,0.9,-0.4,3.7,-5.3,0.6,-4.3,-6.8,-3.8,-5.4,-6.9,-3.6,-3.9,-0.9,-1.0,-1.4,1.4,-0.8,-2.2,-1.8,-3.3,-2.4,-2.7,-1.9,-1.0,2.2,1.2,-4.2,-2.2,-5.4,-4.8,-0.3,-0.8,1.1,-1.2,0.4,-2.7,-8.8,0.7,1.4,-0.7,-1.2,-5.0,-2.8,-2.7,-0.5,-4.3,-1.5,-3.2,-2.7,-1.1,-2.3,0.3,-1.9,2.6,-0.3,0.4,-1.6,-5.0,0.5,13.9,3.5,-0.3,-2.8,-5.4,-4.9,-5.2,-6.0,-6.5,-6.5,-5.0,3.8,-1.0,-9.6,1.7,3.6,-1.2,3.1,-1.7,-4.6,0.4,-7.3,-2.0,-0.3,0.5,0.8,0.9,-0.0,3.9,-0.2,-0.4,0.5,1.5,0.2,1.6,0.6,1.3,0.2,-1.4,-2.9,-0.7,-2.0,-0.6,-3.1,-6.1,-2.8,-1.7,4.8,-0.1,-1.6,-0.8,-1.1,2.9,0.9,5.1,-0.0,1.9,0.5,0.5,2.8,1.7,1.5,1.1,2.0,2.6,-1.0,-2.5,0.3,0.6,0.9,-0.3,1.1,-2.0,-1.2,1.4,-4.6,-0.7,-4.8,-10.5,-8.9,-0.9,-12.3,-6.7,-1.6,2.5,-2.1,-4.2,-2.7,-2.3,-1.7,-2.2,-2.8,-1.8,-9.7,0.8,-2.2,0.7,-2.3,-1.0,-1.5,-2.0,1.2,-4.3,0.3,1.4,-4.9,-3.8,-10.6,-15.6,7.8,-3.0,-6.5,-5.1,-1.3,-8.6,4.9,-3.7,-2.5,-4.3,-5.1,-5.4,-5.0,-2.6
2C7L50w3Ex,0,48.098609,11.63193,4442601.21,2777459.34,545.8,591.5,211,7387,3.0,0.78,0.4,32.66,348.95,-0.53,-0.103,0.842,0.1,0.2,0.67,0.24,1.6,0.2,-0.3,-0.0,-1.2,-1.8,-1.5,-3.2,7.3,-1.1,1.6,2.0,4.6,1.3,-5.3,4.3,1.6,3.5,2.9,9.4,6.3,1.2,3.6,4.1,4.5,2.6,6.9,2.7,3.2,2.9,4.1,-0.4,8.7,-1.6,-1.5,-1.7,2.0,2.3,4.6,2.8,4.7,4.0,1.9,5.0,1.5,5.5,2.1,3.1,0.8,3.5,4.8,4.6,-0.0,2.2,1.7,-0.1,1.1,0.9,-0.2,-2.0,-2.9,-1.6,-0.0,-1.2,2.6,1.9,1.1,0.4,4.2,3.3,0.5,3.7,2.3,3.4,3.5,2.8,2.1,3.9,2.2,3.2,4.1,2.4,2.3,0.1,2.9,1.4,3.1,2.4,3.6,0.3,2.3,2.3,3.6,5.0,4.7,5.0,6.5,5.3,5.8,6.9,6.8,7.4,6.3,3.8,3.8,3.0,3.9,5.5,3.8,4.4,3.9,4.1,3.9,0.5,2.8,-1.0,-3.6,-0.6,-0.4,2.9,2.3,4.2,-0.8,0.4,2.1,-0.9,1.3,4.2,5.1,0.3,0.9,-0.4,-1.3,4.9,-0.7,-1.6,-0.8,-4.3,3.1,4.1,1.8,4.1,3.0,-0.7,-6.9,-7.5,-6.9,0.5,-3.9,-5.3,-5.4,-5.1,3.9,2.2,-1.7,1.2,0.9,3.5,2.1,3.0,-3.7,2.0,1.1,3.1,-1.8,1.5,0.7,-2.5,2.6,0.1,0.9,5.0,2.6,1.4,1.2,0.3,-0.9,-0.8,6.4,1.3,3.9,10.6,2.2,2.4,4.1,4.6,2.8,-0.2,1.7,1.6,4.5,6.6,7.3,5.4,17.6,4.1,-0.6,10.8,7.8,4.2,15.6,0.5,0.1,0.3,1.2,2.5,2.1,1.8,1.3,0.3,2.1
2C7L50w3Fc,0,48.098895,11.634154,4442766.24,2777494.76,539.9,585.6,211,7428,3.3,0.77,0.47,32.67,348.96,-0.53,-0.103,0.842,-0.4,0.2,-0.23,0.26,1.2,0.2,-0.3,0.6,-1.5,1.7,3.1,0.7,-0.4,-0.3,1.6,1.4,0.5,-0.4,5.8,-7.0,-9.9,-12.7,-5.8,7.7,-2.1,5.3,3.2,4.8,6.2,-4.8,4.4,3.0,1.9,7.1,4.2,6.9,-4.4,3.4,-4.4,2.4,-0.0,5.0,4.5,6.3,0.3,15.7,8.3,8.1,3.6,5.2,-0.1,6.5,2.8,6.4,3.3,-4.2,2.6,7.2,3.0,4.3,2.8,3.2,2.1,6.0,-0.7,2.5,1.6,3.4,2.6,2.8,2.0,3.4,3.1,6.1,7.1,-2.6,1.1,3.1,2.4,3.2,-1.2,3.0,2.8,1.8,1.5,5.5,3.1,-4.4,0.0,0.6,1.6,4.5,4.0,3.7,0.4,5.8,-3.1,1.4,5.4,-0.2,6.1,2.4,5.3,0.8,4.8,5.4,4.1,2.7,3.0,3.7,5.0,3.3,4.3,3.7,2.4,0.5,3.9,1.7,0.9,-0.6,2.4,0.5,-2.6,2.5,-0.1,-1.8,1.2,2.6,-1.4,2.0,3.4,0.2,5.4,-2.9,3.8,1.7,4.7,1.9,3.2,1.1,4.5,2.5,3.2,1.1,3.5,2.8,2.6,4.0,0.2,2.5,-2.0,-0.2,0.7,-0.9,-2.9,-6.6,0.3,4.3,-2.2,0.1,-4.8,0.1,-4.4,-1.4,1.3,3.3,2.3,-0.7,5.1,2.6,0.9,0.9,1.7,1.4,-2.4,-0.2,-0.5,3.1,-2.0,1.6,-1.0,2.1,-0.1,-1.9,5.5,-2.2,4.5,3.0,1.6,-4.2,6.2,1.5,4.4,4.4,-0.8,0.7,5.3,8.1,4.4,4.5,-5.8,4.1,2.2,3.2,-0.3,2.0,0.1,3.5,1.2,-1.5,-1.4,-0.2,1.4,-13.0,4.2
2C7L50w3Fn,0,48.098995,11.634937,4442824.3,2777507.2,548.1,593.8,211,7439,3.0,0.8,0.35,32.68,348.96,-0.53,-0.103,0.842,-0.2,0.2,-0.59,0.24,0.5,0.2,-0.3,-0.1,0.3,-0.2,-1.3,0.1,2.3,-1.0,-1.2,1.8,-11.2,3.0,7.2,0.6,0.4,1.5,0.8,0.5,2.4,0.5,0.6,0.6,4.4,-0.2,2.6,0.4,-1.0,1.5,-6.4,1.5,-4.6,10.4,-5.9,-2.9,-1.8,2.1,-0.7,3.8,1.9,-0.7,0.5,1.1,-8.9,1.0,4.1,-0.2,-0.2,-4.1,-3.6,-4.1,-4.6,0.9,0.3,0.2,-0.2,0.2,-0.4,2.3,-1.0,-1.4,-5.0,-0.8,0.5,-7.9,-3.4,-4.7,0.0,-4.3,-5.9,-2.3,-0.1,-0.1,-1.4,0.0,-2.1,-1.2,-2.1,-1.7,0.6,0.7,-1.0,-1.4,-2.1,-0.1,1.7,0.8,1.4,0.7,0.0,2.0,0.6,-1.7,-3.1,-3.9,-1.4,-1.3,2.1,-3.0,3.1,0.4,-3.6,-1.6,0.5,2.3,4.3,1.7,1.6,-0.9,0.8,1.4,1.3,0.4,0.3,-2.3,-1.8,-1.7,-0.5,6.4,-1.7,-2.1,0.6,11.6,-2.7,2.2,-1.0,2.0,0.8,-2.7,1.1,-1.0,-1.5,2.2,3.4,3.5,2.7,-0.4,2.9,2.2,-0.4,2.3,1.7,-5.7,-2.1,-0.9,2.1,1.6,-1.1,-5.8,1.9,0.3,-1.4,10.5,-1.1,0.8,1.2,-0.4,-0.1,0.1,0.2,-1.0,1.4,3.3,3.3,-0.8,3.1,3.3,-0.8,-0.6,-1.4,-1.6,1.0,1.4,-2.8,-7.7,-8.9,6.8,6.9,-1.7,-2.2,8.8,-2.0,-2.2,-2.9,-1.6,-1.6,-2.9,0.8,-7.5,-0.0,1.1,1.8,-2.1,0.3,-0.9,-2.2,-2.2,0.2,0.8,-2.1,-2.6,-3.2,-2.9,-4.5,-3.2,-5.9,-1.2,-8.4,-2.9,-1.4
2C7L50w3GM,0,48.099223,11.636706,4442955.54,2777535.37,536.7,582.4,211,7474,4.7,0.5,0.53,32.68,348.96,-0.53,-0.103,0.842,0.4,0.2,-0.22,0.36,4.5,0.3,-0.3,-0.2,-1.7,-2.4,-0.2,-4.8,-1.2,-3.4,-1.4,-3.2,3.7,-5.1,-1.7,-1.0,0.2,-0.8,-1.6,-1.9,-0.9,-2.0,-4.1,-0.9,-1.0,-2.5,-5.2,-2.6,-2.6,-3.0,-3.0,-2.4,-6.1,2.3,-6.4,-7.0,-5.2,-6.0,-6.5,-3.3,-5.3,-3.8,-4.4,-3.8,1.4,-6.8,-5.3,-4.1,-2.5,-0.9,-1.8,-0.7,0.1,1.4,1.6,-1.4,-0.5,1.8,4.9,4.7,1.4,2.9,8.1,-10.7,0.9,-6.5,-2.3,-10.0,2.1,-1.9,5.9,-2.5,-3.0,3.3,-6.2,2.4,-3.8,-0.7,-3.6,1.8,3.9,1.5,6.3,-0.3,-8.3,2.4,1.3,-1.0,-13.0,-3.6,-4.6,-5.9,-4.4,-3.9,-5.8,-3.0,-4.1,-4.7,-3.8,-0.6,-4.6,-4.1,-3.4,-5.1,-2.5,-2.2,-2.8,-3.8,-1.4,-2.8,-4.0,-2.0,-1.7,-1.0,0.0,0.7,-1.1,0.7,2.1,13.8,0.4,0.6,6.4,11.8,4.9,-1.6,-0.6,-7.6,6.8,-0.5,-1.3,-2.1,-1.1,-1.5,-2.5,-3.9,-8.1,-8.4,-7.1,-5.2,-6.5,-2.2,-0.8,-3.1,-4.6,-6.1,-4.7,-7.0,-4.7,15.8,0.6,2.4,-0.7,4.9,-0.3,0.2,-3.1,-2.6,-1.0,0.6,-2.9,-4.6,-4.6,-7.0,-5.8,-8.6,-12.3,-3.6,-6.9,-11.3,-11.9,-13.2,-11.7,-7.7,-14.5,-12.7,10.4,8.8,12.7,9.6,11.4,5.4,10.9,14.9,12.6,6.9,10.2,12.3,9.0,3.2,1.8,-12.5,-9.8,-4.2,2.6,-6.9,-6.8,-5.4,-9.0,-13.0,-14.2,-5.8,-2.9,-13.5,6.8,2.6,4.2,3.5,1.5,-1.4,4.7
2C7L50w3Go,0,48.099429,11.638315,4443074.96,2777560.99,537.5,583.2,211,7502,4.1,0.66,0.47,32.69,348.96,-0.53,-0.103,0.842,0.0,0.2,0.06,0.32,1.1,0.3,-0.3,-5.3,-12.8,-7.5,-9.6,1.4,3.0,10.9,6.4,5.2,2.4,2.0,3.1,2.4,-6.6,1.2,0.7,6.8,-3.8,-4.5,-8.0,-3.1,5.9,-1.9,8.6,1.7,-9.5,4.5,7.3,3.6,3.2,1.5,7.9,-0.0,6.6,5.9,5.2,7.9,10.7,8.6,6.4,2.6,-3.9,6.7,4.1,1.2,1.2,0.2,-4.7,2.3,2.3,1.4,0.2,3.8,2.0,-2.8,1.4,0.0,1.0,0.0,-0.3,0.9,6.2,8.8,2.7,4.7,0.3,0.0,1.9,1.6,1.4,-1.8,1.1,0.8,0.3,3.5,2.9,2.9,1.5,2.3,2.0,2.7,2.6,0.5,14.4,-3.6,4.3,5.7,-1.2,-3.9,0.7,1.3,-1.0,-3.5,-9.1,-0.1,1.9,-5.6,-6.9,9.1,0.6,-1.6,-0.9,-0.5,0.5,7.8,-2.2,-0.4,-2.9,-3.3,-0.4,0.5,-0.0,-2.0,0.5,-0.2,-2.4,-0.2,-1.6,-0.5,-5.2,2.8,-0.3,-3.1,5.0,1.9,0.5,0.1,1.7,1.9,3.6,7.7,-4.4,0.8,6.8,10.6,6.9,7.2,3.6,5.1,3.6,2.3,0.9,-0.3,-3.8,-2.6,0.4,4.2,-0.6,2.6,-6.0,1.3,-5.3,2.2,1.7,-0.3,1.3,4.1,1.9,1.9,-0.1,0.2,0.9,-0.2,2.7,1.7,2.7,2.7,4.2,2.7,11.2,7.6,2.4,-0.4,2.1,-1.3,2.8,0.8,-0.1,11.7,0.4,-3.8,-8.0,2.0,-2.1,2.5,1.7,-1.0,-0.6,5.0,2.7,2.9,-3.5,6.3,-0.5,2.2,2.1,-2.9,1.0,3.1,1.1,0.3,2.3,1.5,1.9,-9.7,12.8,2.2,1.9
2C7L50w3Do,0,48.098104,11.627854,4442298.76,2777396.53,546.3,592.0,211,7316,2.0,0.88,0.23,32.64,349.02,-0.529,-0.103,0.842,-0.2,0.1,0.04,0.15,1.7,0.1,-0.3,-0.1,-0.1,-0.1,-1.2,0.6,1.8,1.0,1.0,0.9,-7.0,-0.8,0.1,-0.9,-0.4,-2.5,-2.8,-2.7,-3.8,-3.9,-2.7,-3.8,-2.1,-3.7,-4.1,-1.6,-2.4,-2.7,-0.4,-2.2,-5.1,0.3,-6.8,-7.7,-5.2,-9.4,-6.1,-4.7,-2.8,-1.7,-2.3,-1.6,-0.7,-1.0,-3.4,-1.3,-1.2,1.2,0.7,0.6,1.2,0.7,0.5,0.4,-0.9,0.1,-0.3,-0.7,-0.1,0.5,-0.2,-0.6,-1.5,-2.7,0.7,-5.8,2.1,0.4,-6.7,0.0,0.6,0.2,-1.7,0.2,-1.5,-0.8,-3.6,-2.0,-2.5,-3.2,-3.9,-3.6,-2.9,-1.6,-1.5,-2.0,-3.1,-2.0,-4.5,-4.0,-4.2,-2.9,-3.3,-3.3,-2.5,-2.9,-3.1,-0.5,-1.4,-2.7,-3.0,-1.2,-4.0,-1.1,-1.9,-1.4,-2.2,-2.4,-3.0,-3.2,-3.9,-4.2,-2.7,-1.7,-0.8,-1.1,0.2,-1.1,0.9,0.8,-0.8,-3.4,0.2,0.0,-2.9,-1.4,-2.9,-1.8,-2.8,-4.0,-4.5,-2.6,-6.6,-0.9,-2.6,-6.5,-3.3,-3.5,-1.6,-1.5,0.7,2.0,0.1,-0.7,-1.6,0.9,1.5,-3.7,0.7,1.5,0.6,-8.0,-0.2,-1.9,-2.8,-2.4,-2.4,-2.2,-2.4,-1.8,-1.9,-4.1,-7.0,-3.8,-6.7,-7.8,0.3,-3.9,-8.9,-1.4,-3.8,-2.5,-2.7,-2.8,0.7,1.1,-0.6,1.3,1.2,-11.4,1.1,-0.2,-1.0,-1.6,-1.1,-0.5,-2.3,-2.8,-3.6,-4.2,-4.5,-2.8,-4.1,-3.6,-7.0,-4.4,-3.4,-3.6,-2.8,-2.8,0.2,0.7,0.1,-0.2,-1.1,-1.5,-1.4,-0.3,-4.6
2C7L50w3Dp,0,48.098105,11.627863,4442299.44,2777396.68,544.0,589.7,211,7317,1.7,0.89,0.26,32.64,349.02,-0.529,-0.103,0.842,-0.3,0.1,0.29,0.13,1.8,0.1,-0.3,-0.3,-0.5,-0.3,-1.0,-0.2,-1.5,0.2,-0.5,-1.2,-2.7,-1.6,-0.1,-0.5,-0.6,-2.0,-3.7,-3.3,-4.7,-4.2,-3.2,-2.8,-2.6,-3.1,-3.9,-0.7,-2.9,-1.3,1.0,-2.9,-6.3,1.4,-7.4,-7.7,-5.5,-9.4,-6.3,-3.8,-3.5,-1.9,-2.8,-0.1,-3.4,-4.1,-4.8,-4.0,-1.4,-0.1,-1.3,-0.2,-0.4,0.5,-0.6,-0.3,-0.8,0.1,0.0,-1.7,-0.5,0.3,-0.3,0.6,-1.9,-4.5,0.7,-1.7,1.2,-0.0,-3.2,-1.3,-1.8,-1.0,-2.6,-0.3,-2.3,-5.3,-4.5,-4.4,-3.4,-5.5,-3.7,-4.4,-2.4,-2.1,-1.0,-3.6,-3.5,-4.1,-4.5,-4.9,-4.5,-3.4,-4.6,-6.5,-4.7,-4.8,-4.1,-2.2,-1.2,-4.4,-3.9,-2.1,-4.8,-3.3,-2.6,-2.6,-3.4,-4.2,-2.5,-4.2,-3.8,-5.7,-3.1,-3.3,-0.6,-1.6,-1.2,-3.3,-1.5,-0.3,-1.3,-2.7,-0.8,-1.0,-4.0,-4.9,-5.3,-2.1,-3.5,-5.4,-6.1,-5.1,-7.3,-2.6,-4.4,-6.9,-3.6,-3.9,-2.9,-2.9,0.4,0.8,-1.5,-2.4,-2.9,0.4,-1.1,-3.1,-1.3,-0.4,-1.7,-4.5,-2.7,-3.6,-3.4,-3.6,-4.2,-4.1,-3.7,-3.1,-2.0,-3.6,-6.7,-6.9,-8.6,-8.0,-0.1,-5.8,-10.0,-2.7,-5.7,-5.7,-4.0,-2.2,-0.3,-1.3,-4.5,-2.3,-1.3,4.7,-1.2,-1.0,-2.3,-1.0,-1.7,-1.7,-3.3,-2.7,-5.0,-4.4,-5.9,-5.6,-5.3,-4.8,-7.6,-5.4,-4.6,-4.3,-3.3,-3.8,-1.4,-1.5,-1.5,-1.2,-1.3,-2.2,-2.1,-1.8,-3.5
2C7L50w3Dq,0,48.098107,11.627876,4442300.41,2777396.89,541.6,587.3,211,7318,3.9,0.68,0.49,32.64,349.02,-0.529,-0.103,0.842,0.1,0.2,-0.76,0.3,1.4,0.3,-0.3,-0.8,-0.1,0.3,0.8,0.4,3.0,0.9,0.3,-1.0,4.1,-3.2,-3.5,-10.0,2.6,-12.0,-4.0,-6.6,-1.2,-2.0,3.5,-6.9,-2.7,3.4,-2.5,2.8,0.3,0.1,5.7,1.2,-2.5,5.3,-3.5,-3.5,-1.7,-4.5,-2.3,4.1,2.4,-3.6,-3.8,4.8,5.7,2.4,2.6,4.1,8.0,5.1,3.2,3.0,2.0,4.4,4.2,2.6,0.7,2.8,0.6,-3.4,1.4,0.7,0.1,0.8,-5.4,5.6,2.0,0.9,2.8,2.5,-7.8,2.1,1.7,3.0,3.3,2.3,3.9,8.7,-7.1,0.0,-14.2,-14.7,-4.3,9.5,-2.6,3.7,6.1,3.5,-2.3,-4.1,-2.6,-4.5,10.5,-6.7,2.4,3.6,-2.5,1.3,10.1,5.1,2.2,1.4,1.0,6.4,2.4,4.4,6.9,-5.4,2.0,2.5,2.7,1.5,8.2,2.2,1.8,0.9,5.2,5.0,4.1,-1.2,1.7,1.0,2.1,-5.4,1.3,3.1,-1.3,4.4,-4.7,5.5,10.2,0.4,-0.6,-1.4,-5.7,4.3,3.2,-1.7,0.2,0.3,6.8,1.5,2.1,-0.3,-0.0,4.9,1.4,5.0,2.5,6.6,2.5,3.6,3.0,2.9,0.6,0.4,2.7,4.1,3.1,8.6,-0.1,3.7,2.7,-5.1,-5.2,4.7,-3.9,-3.9,4.7,0.9,-5.1,5.1,-1.9,-0.4,0.8,-2.7,4.6,2.6,1.2,0.5,1.1,8.4,2.4,0.8,0.3,-0.5,-0.2,-0.2,11.4,-2.0,-0.3,-3.5,-1.6,2.5,-0.5,-0.4,-4.2,-3.4,-1.2,-1.9,-2.3,-1.8,2.7,1.0,2.1,4.0,4.3,4.3,0.4,1.7,-1.4
2C7L50w3E0,0,48.098198,11.628581,4442352.69,2777408.1,547.5,593.2,211,7328,3.5,0.77,0.44,32.65,348.95,-0.529,-0.103,0.842,-0.9,0.2,0.26,0.27,1.0,0.2,-0.3,-1.2,-1.6,0.7,-2.8,-2.6,1.5,-2.3,0.9,-1.4,8.4,0.0,0.5,1.2,-1.2,0.1,-9.3,-2.7,7.9,-6.5,-8.2,-2.4,-2.3,-5.9,-6.4,-4.4,-0.6,-4.3,9.3,-3.2,-6.8,-1.0,-6.8,-6.3,-5.0,-8.8,-5.7,-3.7,-3.4,-2.6,-1.1,-5.2,-3.6,-1.0,-5.9,-0.7,-4.7,0.2,-6.5,-5.7,-2.4,-3.5,-2.7,-3.0,-3.8,-3.9,-4.7,-4.0,-4.7,-3.4,-3.8,-4.5,-3.3,-7.7,-3.3,-3.3,1.3,-3.5,-6.3,-2.7,-4.8,-1.8,-6.1,-3.1,-4.3,-4.5,-3.2,-4.0,-5.5,-3.2,-3.8,-5.9,-4.0,-4.9,-5.1,-5.1,-4.2,-4.6,-5.5,-9.8,-8.5,-7.5,-7.4,-8.4,-5.8,-6.3,-6.5,-4.1,-2.7,-6.2,-6.4,-2.6,-5.9,-4.6,-3.6,-4.0,-3.4,-4.2,-6.1,-5.6,-6.2,-4.0,-4.5,-6.2,-6.9,-4.8,-3.0,10.7,-4.1,-5.0,-7.9,-9.5,-5.1,-5.0,-6.2,-5.7,-1.3,-4.7,-5.1,-6.3,-7.4,-3.9,-8.3,4.3,-3.2,-6.0,-6.3,-6.1,-5.7,-2.9,-4.4,2.9,-3.0,-5.9,-7.7,-4.6,-4.7,-2.4,-6.2,-1.8,-5.4,4.0,-1.1,-6.0,-5.5,-7.3,7.1,-9.4,-6.0,-9.1,-2.0,-7.3,-10.4,-6.8,-11.8,-9.3,-4.5,-18.8,-11.1,-5.5,-6.9,-3.4,-6.5,-4.7,-4.7,-6.8,5.1,-6.6,-6.3,-10.6,-3.3,-7.8,-4.6,-12.0,6.1,-11.1,-0.1,-14.0,-3.8,-6.9,-4.3,-3.6,-2.9,-2.1,-10.1,-3.0,-12.7,-6.2,-4.7,-14.5,-6.2,-8.4,-6.2,-7.6,-7.7,-6.2,-3.8,-9.2,-9.4
2C7L50w3E2,0,48.0982,11.628599,4442354.03,2777408.4,541.6,587.3,211,7330,4.4,0.62,0.5,32.65,348.95,-0.529,-0.103,0.842,-0.8,0.2,0.11,0.34,1.9,0.3,-0.3,-6.0,-5.7,-3.1,-6.4,-5.7,-0.5,-2.1,-5.6,-2.7,3.2,-3.4,-3.0,-1.4,0.3,-4.3,1.7,1.2,-8.4,3.6,-6.1,-6.5,-2.5,-0.4,-2.2,-2.0,-3.0,-16.0,1.9,-10.3,6.3,7.5,-8.5,-6.7,-11.2,6.7,-6.0,-4.4,-8.8,-2.8,-0.6,-0.3,-8.6,-11.3,6.2,8.9,2.3,5.4,5.6,4.8,10.0,4.3,11.8,6.1,2.1,7.1,-4.4,3.1,2.4,-2.6,-2.6,1.2,-4.7,-7.1,-3.5,-1.2,1.8,-0.4,-4.1,-6.0,-11.3,-0.9,-4.6,-17.2,-14.6,-8.7,-7.2,-3.1,-4.4,-4.8,-4.5,-4.8,-3.7,-7.3,-2.6,-5.6,-11.2,1.3,-5.5,-9.1,-2.2,-4.7,9.2,-12.5,-4.0,-6.3,-6.4,0.5,0.9,-1.9,-3.4,-1.7,-3.5,-1.4,-0.6,-4.8,-4.1,-3.7,-3.3,-1.3,-9.4,-2.1,-2.3,-3.0,-3.9,-2.3,-8.6,-8.4,-3.9,-3.0,-8.6,-7.3,-3.8,-6.1,-1.1,-1.8,5.4,-13.0,-1.8,-4.4,-18.1,-3.0,-3.8,-2.8,0.2,-3.2,-2.1,-6.3,-8.3,-1.6,-2.8,0.4,1.3,-8.5,-7.3,-3.1,-4.4,-0.1,-4.9,-5.1,-6.0,-6.5,-3.4,-6.2,-5.6,-4.2,-4.0,-5.6,-5.7,-5.7,-3.0,-6.7,-2.0,-6.3,-8.1,-5.8,3.0,-3.6,-6.3,-3.2,-1.6,-8.2,-1.5,-2.1,-1.3,2.7,-5.6,-4.0,-3.3,6.4,-1.3,-4.4,-6.3,-5.9,-7.3,-4.0,-2.7,-5.4,3.8,-3.5,-6.4,-7.8,-8.3,-6.5,-9.8,-5.1,-6.1,-6.4,-3.9,-8.1,-7.1,-5.8,-5.9,-6.8,-6.1,-4.5,-6.0,-8.4,-9.5
2C7L50w3Ew,0,48.098614,11.63182,4442593.0,2777459.65,543.5,589.2,211,7386,2.3,0.86,0.39,32.66,348.95,-0.53,-0.103,0.842,-0.9,0.1,-0.58,0.19,0.9,0.2,-0.3,-0.2,1.0,1.9,-0.2,2.4,0.8,2.4,3.0,2.0,-0.5,1.4,-1.0,-0.1,-0.1,1.7,1.7,-0.1,-0.3,-0.1,0.6,0.2,0.5,0.8,1.0,1.5,1.9,0.7,0.4,2.1,-1.5,-0.3,-4.0,-3.8,-0.1,-2.9,1.1,1.0,2.2,2.6,3.3,2.3,-0.5,0.3,0.6,0.6,2.9,0.5,1.5,2.4,2.5,1.0,1.4,1.5,0.7,0.1,0.6,-1.1,1.3,1.6,2.0,-0.4,1.7,-0.6,2.0,-3.2,6.3,0.9,-0.4,1.8,0.8,-1.6,1.4,-0.8,1.1,1.7,0.5,1.0,1.9,2.0,0.4,1.7,1.1,1.2,0.7,1.9,-0.0,2.0,-0.3,0.8,0.2,0.9,2.2,1.1,2.6,-0.1,0.3,0.8,1.6,1.9,1.9,0.2,1.3,0.8,3.0,1.2,1.8,3.1,1.4,2.6,1.3,3.3,3.1,2.8,3.3,3.7,1.9,-0.3,2.4,3.5,3.5,0.7,2.6,0.5,3.2,2.9,1.9,-2.5,2.3,0.2,-0.6,1.0,0.8,-1.2,0.9,-1.5,0.7,-0.7,0.3,1.2,3.9,-1.3,-2.2,-0.5,-0.2,1.4,1.8,-1.3,1.7,1.6,1.6,0.4,0.6,0.6,0.8,2.3,0.5,0.1,-5.6,-3.9,-8.4,-4.9,-4.1,-0.8,-3.8,-4.4,-3.5,-0.3,-3.6,-4.2,-1.0,-1.8,-4.6,-7.5,-3.0,-3.7,-11.3,-3.9,-2.0,-11.9,-5.1,-3.9,5.7,-1.1,2.5,-1.0,-3.3,-3.3,-2.4,1.8,-1.7,-2.8,-1.2,-4.7,-7.9,-9.5,-2.4,-3.3,-3.3,-8.9,-10.1,-3.6,-2.1,7.1,0.7,4.4,0.1,-2.0,2.9
2C7L50w3F0,0,48.098655,11.63214,4442616.79,2777464.75,547.4,593.1,211,7390,4.7,0.58,0.41,32.66,348.95,-0.53,-0.103,0.842,0.6,0.2,0.76,0.36,1.0,0.3,-0.3,2.6,6.7,9.0,1.5,7.3,5.2,5.2,2.4,-5.1,-4.7,0.6,1.7,5.3,-1.1,1.3,1.8,-0.0,3.1,-6.7,-2.1,-0.9,-4.3,1.8,-3.6,-2.1,-6.9,-5.4,-3.8,5.0,-7.8,-16.8,-9.8,-6.8,-7.1,-7.0,-0.6,-2.2,-5.7,-7.4,-5.8,3.9,-1.0,-1.1,5.7,0.2,2.9,-1.8,2.9,-0.7,1.7,-0.7,0.3,2.3,0.5,3.7,5.6,-2.4,-0.7,1.6,1.0,-2.7,0.3,-7.7,3.9,3.4,-13.3,3.0,-1.9,-3.1,-2.6,-3.1,0.1,1.9,2.1,2.7,0.3,-0.4,-8.3,10.0,-5.8,1.0,3.7,5.6,3.1,0.8,8.4,8.3,-3.5,-6.0,0.8,-0.1,-6.3,-3.3,-3.8,-1.4,-0.1,-0.8,0.9,-2.0,3.2,1.9,-4.8,7.9,2.9,1.4,-4.4,1.3,-0.6,-1.9,-0.6,-1.8,-3.4,-0.8,-6.6,-2.7,0.8,-0.4,-4.8,-6.6,0.6,-0.2,-1.5,2.4,-2.8,1.8,1.2,1.0,-13.9,-0.3,3.4,4.6,11.1,-3.4,-1.2,7.0,0.3,-1.8,-8.3,-0.9,2.2,7.6,-0.8,0.4,0.8,2.7,2.4,-1.7,-0.4,-3.5,-8.3,-0.1,0.7,-2.7,-0.3,0.8,3.5,4.5,3.1,2.7,2.5,-2.4,-5.3,-5.7,1.7,-2.0,4.9,-15.6,-4.6,-2.9,-9.8,4.4,-4.4,9.0,2.5,-0.4,-0.3,-8.2,-3.0,-3.2,5.8,-2.0,-3.2,4.4,6.0,2.2,-0.6,12.8,-3.9,5.0,5.7,4.2,-10.1,9.1,-0.7,7.7,2.4,3.6,3.0,0.5,-4.7,7.9,0.0,1.7,1.0,5.0,8.1,7.9,8.6
2C7L50w3Ff,0,48.098946,11.634408,4442785.06,2777500.85,546.4,592.1,211,7431,4.4,0.63,0.49,32.67,348.96,-0.53,-0.103,0.842,-0.5,0.2,-1.08,0.34,1.0,0.3,-0.3,-3.0,-1.7,-1.0,-5.4,-2.9,-5.0,-1.4,2.6,-2.3,16.4,-1.5,-2.9,4.1,1.0,3.4,0.3,-0.9,2.8,-1.1,-3.5,10.4,5.5,-1.6,-0.5,1.1,-1.2,7.1,12.4,8.7,15.5,9.4,2.1,3.0,-9.6,13.7,-1.9,5.4,-1.0,1.4,-1.7,0.7,-0.5,-5.3,7.6,-6.3,0.3,-4.5,8.0,-2.5,1.4,-1.2,0.8,1.3,-0.8,3.3,2.3,0.8,2.3,3.1,-1.7,-2.1,-4.7,-4.7,2.3,1.8,5.3,-10.1,-3.3,3.0,4.1,4.1,5.3,-0.9,3.6,-1.8,2.5,3.3,1.9,1.0,1.2,-0.0,1.9,1.8,-0.2,2.6,-1.0,0.8,-1.2,0.2,-0.2,-2.6,-0.1,0.9,-0.2,-0.1,-2.3,-5.0,5.2,4.4,-0.4,4.1,1.8,4.1,5.3,5.3,4.8,0.3,4.5,1.9,-0.9,-0.5,-0.8,2.7,1.3,2.6,3.5,1.4,0.8,-0.2,5.1,-1.5,4.4,-0.9,-0.7,2.7,5.3,6.3,11.0,2.2,-1.4,2.7,0.5,17.9,-1.9,-2.7,3.9,2.6,-2.5,4.8,2.0,-10.1,1.6,6.7,6.5,6.7,3.4,1.9,3.7,7.9,2.9,0.8,1.1,1.1,2.9,1.3,9.1,12.2,2.6,0.5,-0.1,-0.1,-0.4,2.9,-3.5,-0.1,12.6,1.3,-4.1,3.1,0.6,2.9,-2.0,-4.3,-1.8,-6.1,7.4,-1.3,-6.0,-5.6,-5.8,6.8,-1.5,-8.2,-0.1,-9.9,4.6,-5.2,-3.7,4.4,9.8,5.0,-5.4,-5.1,-6.1,-0.4,-0.1,-2.2,1.0,-1.3,1.0,-3.4,-2.5,-0.8,-5.1,-2.8,-6.7,-7.7,1.9
2C7L50wKHD,0,48.098273,11.629018,4442385.11,2777417.14,537.7,583.4,212,7339,3.7,0.71,0.41,32.65,348.95,-0.53,-0.103,0.842,0.1,0.2,-0.62,0.28,1.5,0.2,-0.3,-0.9,-1.9,-1.0,-1.4,-1.4,5.2,-4.7,0.1,2.5,5.7,0.2,-7.6,0.3,0.4,2.1,5.5,7.6,1.6,-7.0,2.4,-0.7,-4.0,-2.0,-2.1,1.2,1.4,-2.1,7.8,-5.7,-0.7,-14.0,-3.7,-5.2,-1.5,-8.7,-5.6,-0.7,1.7,6.6,7.0,-1.9,5.0,3.8,5.3,3.6,-0.0,0.5,5.5,-0.7,-4.4,1.8,2.9,-1.8,-5.0,-0.7,4.3,-1.2,0.6,2.0,7.9,1.4,2.1,1.1,2.6,9.1,5.8,-2.6,4.0,2.0,2.3,3.1,4.2,2.4,1.3,1.5,-0.2,-0.4,5.6,4.1,5.1,0.4,-1.5,4.6,6.6,3.2,2.5,1.3,-0.7,1.1,-6.0,-0.5,-2.7,2.2,-1.4,2.6,-1.3,-8.0,5.0,-8.8,-4.7,-1.2,0.8,0.8,-2.6,-1.9,0.1,-16.2,-0.4,7.3,0.5,0.5,-6.3,-3.7,1.7,3.5,1.8,0.3,10.8,-2.5,1.3,2.1,-3.2,-0.1,5.7,5.4,6.2,-0.1,4.3,6.7,-1.4,2.3,4.8,0.4,0.5,-1.3,0.8,-0.7,1.7,-1.3,6.3,7.9,-2.3,-1.6,-1.4,1.1,1.8,5.0,-3.0,2.0,3.5,3.8,-1.7,0.9,-0.8,2.6,-2.6,0.6,-0.6,2.7,2.2,0.3,-1.4,0.5,-1.2,-5.5,3.9,3.6,-9.9,3.9,0.3,0.7,0.8,-0.8,3.4,-4.8,6.7,2.2,4.6,8.6,0.6,0.9,2.6,2.8,1.1,3.5,2.4,-0.3,4.1,1.8,1.0,-2.0,-3.9,1.5,-3.5,2.3,-0.4,4.6,-2.0,-0.4,-1.9,-3.5,-2.4,-2.7,-2.5,-3.0,-1.9,1.9,1.2
2C7L50wKHs,0,48.098574,11.631361,4442558.95,2777454.43,538.1,583.8,212,7380,1.3,0.95,0.23,32.66,348.95,-0.53,-0.103,0.842,-0.6,0.1,-0.52,0.1,0.2,0.1,-0.3,2.1,-1.0,0.9,0.3,-0.2,1.7,-0.6,1.2,0.1,0.2,0.1,2.8,-1.0,-0.2,-0.9,-0.4,0.5,0.7,0.2,-2.7,-1.2,1.9,-0.7,1.7,0.4,-1.3,-1.5,0.7,1.5,-1.7,3.1,-5.5,-3.5,-0.2,-2.5,0.1,1.0,0.9,2.3,1.6,1.6,1.3,1.0,0.7,0.5,0.7,0.5,-0.1,-0.2,0.4,1.6,2.0,1.0,1.5,-0.6,-0.0,1.1,0.5,0.6,0.2,-0.0,-0.4,2.4,1.5,1.6,2.3,1.5,1.1,-0.3,-0.0,0.5,0.1,1.2,0.5,1.5,1.1,0.9,0.8,-1.4,1.1,1.0,-0.0,2.1,0.6,1.8,-0.9,0.9,-1.1,-0.2,0.8,-1.1,2.3,-1.2,0.4,-0.2,-0.3,0.6,0.6,0.6,2.0,2.2,-0.6,1.5,2.2,0.4,0.2,-0.4,-1.5,-1.9,-0.5,2.4,3.1,0.7,-0.6,1.5,0.9,-0.3,-0.0,-1.6,0.9,0.3,-0.3,-1.1,-0.1,0.2,0.2,-0.0,1.1,0.3,-2.1,2.5,0.5,1.4,1.0,-1.7,0.8,-0.3,-0.4,-0.0,2.5,0.8,-1.0,-2.8,-2.4,0.5,-1.5,-0.7,-1.5,1.3,-0.8,0.7,-1.2,-2.2,-2.1,0.6,-1.5,-0.4,-1.9,0.3,1.0,1.1,-0.1,-0.6,-2.0,-3.0,2.4,-1.4,-5.3,-2.3,0.1,-2.3,-4.0,-2.7,-2.7,-0.4,-0.5,-1.4,-2.0,0.7,-0.9,-1.8,-3.0,-2.4,-2.2,-1.8,-1.4,-1.2,-2.3,-1.9,-1.2,-4.3,-0.9,-1.2,-4.0,-2.1,-3.2,-3.4,-5.3,-1.3,-1.5,-3.9,-0.9,-2.0,-4.6,-1.7,-2.7,-3.4,-2.8
2C7L50wKHt,0,48.098581,11.631419,4442563.26,2777455.36,537.5,583.2,212,7381,3.1,0.79,0.47,32.66,348.95,-0.53,-0.103,0.842,0.3,0.2,-0.46,0.23,0.9,0.2,-0.3,-1.4,-0.3,1.0,1.3,-0.4,5.7,2.3,1.5,2.2,-6.1,1.3,0.8,-1.1,3.3,2.7,-0.7,2.2,4.2,1.6,1.7,2.2,8.0,1.7,4.5,1.6,4.4,3.6,2.4,11.0,3.2,-7.1,1.6,-1.2,1.9,-1.3,-6.4,-2.0,-1.3,1.6,-4.0,-3.0,9.8,-7.9,1.1,-4.2,0.1,1.8,1.7,-2.0,1.6,-0.5,1.2,1.1,0.5,-0.7,4.0,3.9,4.3,2.8,-2.2,-1.3,0.5,7.7,0.9,2.3,4.5,0.5,-1.0,0.5,2.8,1.0,3.6,3.0,4.6,3.2,0.7,-1.1,0.8,0.3,2.3,2.3,5.6,0.9,3.8,6.8,7.6,1.2,7.3,4.9,4.2,2.0,-0.9,7.1,4.0,2.3,0.1,2.7,6.8,9.9,2.8,2.5,11.5,12.9,1.4,9.8,-2.9,-0.8,-3.6,2.0,2.6,4.0,3.9,2.9,2.6,-0.9,2.5,0.3,4.6,-1.4,3.8,2.0,5.8,5.4,6.1,7.0,2.4,1.3,5.2,5.2,-0.1,4.5,3.8,2.0,3.2,-3.1,1.7,-5.3,-1.0,0.2,2.2,1.1,-2.3,1.7,-0.1,-0.1,-0.5,3.3,4.2,4.2,-0.3,6.2,3.1,0.1,4.8,3.4,0.3,1.0,-0.2,2.2,2.1,0.2,2.4,5.1,-0.5,-1.6,1.9,5.4,-1.8,3.2,3.2,4.4,2.1,6.3,3.1,6.3,2.3,4.7,7.2,-4.6,5.6,5.9,5.5,4.1,6.9,3.9,5.2,3.5,3.0,4.0,1.6,2.5,1.8,2.9,-0.8,0.5,-1.2,2.3,1.9,1.7,0.9,2.3,1.3,2.3,4.5,2.8,2.5,1.8,2.0
2C7L50wKHw,0,48.098594,11.631521,4442570.76,2777456.97,536.3,582.0,212,7384,2.6,0.84,0.33,32.66,348.95,-0.53,-0.103,0.842,-0.5,0.1,-0.39,0.2,0.3,0.2,-0.3,1.6,0.1,-1.4,-2.5,-2.7,-0.1,0.4,-1.1,1.6,1.4,-0.3,-5.2,-3.0,-3.0,-0.8,-0.8,1.2,0.7,-1.0,0.5,1.4,3.2,0.1,1.4,2.2,4.0,1.8,3.6,3.8,-1.9,1.4,1.5,-0.9,-0.4,-5.7,-0.3,1.3,0.1,0.5,-0.5,0.9,0.8,1.8,-0.3,-0.3,2.6,0.7,-0.0,1.1,-0.1,3.5,1.4,1.7,-0.5,-1.8,0.6,-0.6,0.6,0.6,1.5,-1.2,-1.4,-1.8,0.4,-1.8,-1.9,0.4,0.7,-0.9,-0.2,-0.9,-0.2,1.0,2.4,3.1,2.7,0.9,-3.4,-0.7,0.7,-0.2,-0.9,0.8,0.5,1.3,2.5,3.5,-1.2,-1.2,-0.5,-0.1,-0.5,-0.5,2.2,-3.9,-0.9,-0.5,2.2,2.0,-0.5,1.1,1.3,1.6,3.3,1.5,0.8,1.1,-3.0,0.8,-1.1,-0.3,1.1,-0.8,-0.5,0.1,-1.4,0.3,-1.9,-1.9,-2.3,-1.2,-2.2,-0.4,-0.1,-0.6,0.2,-3.1,1.7,2.4,1.1,0.7,1.3,0.5,2.9,-1.1,5.2,6.0,-4.0,-2.3,2.0,8.0,-0.5,2.6,1.1,1.0,2.4,3.6,-5.7,-2.5,-0.5,-8.1,-2.5,-3.2,-4.1,-0.0,-1.2,-4.5,-5.8,3.2,-1.6,-0.6,-4.0,-5.1,-7.0,-6.8,-2.8,-4.9,-4.7,-0.1,1.4,2.6,1.2,3.0,-0.7,1.9,2.8,-2.4,-0.0,4.5,5.0,2.3,-3.5,-3.0,4.2,0.6,0.3,-2.1,1.4,0.5,0.2,-1.7,0.9,-1.5,-8.1,-0.0,-3.4,-7.9,-8.6,-4.6,-10.6,3.4,0.4,2.0,-2.3,-5.7,-4.5,-1.9,-1.5
2C7L50wKIE,0,48.098735,11.632622,4442652.44,2777474.49,539.4,585.1,212,7402,2.5,0.85,0.39,32.67,348.96,-0.53,-0.103,0.842,-0.8,0.1,-0.71,0.19,0.7,0.2,-0.3,0.6,-0.3,-1.3,-1.7,-0.8,2.3,-1.0,1.6,0.2,3.8,1.8,4.8,0.6,1.6,0.4,2.3,0.9,1.3,-0.2,0.6,3.3,1.6,-1.9,3.3,1.9,0.7,0.1,4.4,-4.6,-6.5,2.2,-5.7,-4.8,-1.9,-2.8,-1.5,1.5,-1.0,-1.5,-0.0,-2.5,4.8,1.2,-1.1,2.0,3.5,4.2,3.3,1.2,-0.1,0.3,2.4,1.0,0.1,1.9,2.6,1.9,1.7,-1.7,1.4,-0.3,-2.0,-5.6,-3.3,-3.0,0.6,2.1,0.2,1.4,1.3,2.7,-0.6,9.4,-3.0,-3.8,-0.1,0.0,1.2,2.0,0.1,1.5,0.2,4.2,4.1,-4.0,0.5,0.9,0.8,-1.5,-1.4,0.8,0.6,2.4,0.2,1.4,-1.0,1.6,1.6,1.6,0.2,-0.3,0.1,2.6,4.2,2.3,2.0,3.2,2.1,1.9,2.5,2.9,2.6,2.9,2.2,3.9,2.2,3.4,3.6,1.5,0.2,3.9,-0.8,0.6,-0.3,0.1,2.3,2.8,2.7,1.3,0.8,3.3,3.7,-0.9,-2.1,-3.1,-1.1,0.0,-2.9,2.9,0.5,0.2,-2.0,-3.4,2.9,2.9,1.3,3.1,0.8,0.5,0.6,1.3,-0.8,-2.2,-0.9,-2.3,-1.2,-1.2,0.0,0.7,-0.7,-4.7,-4.5,-4.6,-3.4,-11.1,-0.2,-3.6,-5.1,-3.2,-2.9,-1.6,-3.9,-5.6,-4.8,-1.5,-4.4,-4.3,-2.2,6.0,-1.8,-2.2,-3.9,-2.9,-4.9,1.6,-6.0,1.3,1.0,-2.5,-2.2,6.8,-3.7,-4.8,-6.3,-3.5,-2.5,-0.9,-4.5,-2.9,-2.7,-1.9,-2.8,-5.3,-3.0,-1.1,-2.9,-3.0,-1.3
2C7L50wKJY,0,48.099324,11.637203,4442992.32,2777547.4,536.2,581.8,212,7484,3.9,0.73,0.45,32.69,348.96,-0.53,-0.103,0.842,-0.2,0.2,0.97,0.3,2.4,0.3,-0.3,0.1,-4.8,3.3,1.1,3.3,-0.6,-1.5,3.1,1.9,2.5,1.7,1.8,-1.9,3.0,-2.1,-21.4,-5.0,-18.3,-4.6,-8.2,-2.3,-3.6,-3.7,-4.0,-4.1,-4.0,-3.2,-0.5,-2.5,-8.1,-23.4,-11.4,-8.9,-7.3,-6.3,-6.9,-8.3,-3.6,-3.5,-7.8,-4.1,-3.0,-9.0,-5.6,-5.6,-2.2,-2.2,-2.0,-4.5,-0.7,-4.2,-5.5,-8.0,-2.9,-5.5,-4.4,-1.3,-2.9,-5.6,-2.8,-1.6,-6.4,-3.7,-4.3,-0.7,-1.4,-2.8,-0.1,-11.3,-5.4,0.5,-8.1,-3.9,-7.7,-5.8,-9.0,-13.0,-4.6,-4.9,-6.1,-2.6,-7.0,-5.0,-4.6,-6.5,-4.0,-7.7,-9.5,-8.2,-4.6,-11.8,-9.1,-9.2,-5.8,-8.0,-8.9,-7.0,-5.2,-6.5,-6.3,-5.0,-4.7,-4.4,-1.9,-8.4,-6.6,-8.3,-6.1,-4.2,-7.0,-8.6,-5.4,-5.5,-7.1,-3.3,-1.7,-1.6,-4.7,-7.0,-8.0,-8.2,-5.3,-6.5,-5.5,-3.9,-3.8,-2.4,-6.3,-7.1,-7.1,-6.5,-8.0,-2.8,-7.4,-12.1,-5.3,-8.8,-13.7,-9.8,-1.6,-23.3,-8.8,-4.9,-5.7,1.5,-4.4,2.8,-1.7,-2.1,-5.4,-5.0,-2.7,-2.6,-4.0,-2.7,-0.4,-14.7,-2.9,-22.5,-1.8,-7.1,-7.9,-5.2,-7.2,-26.5,-2.4,-1.7,-8.4,-5.1,-3.3,-5.5,-6.9,-1.2,-4.2,-3.5,-3.4,-3.0,-1.8,-3.7,-2.5,-0.4,-2.5,-4.0,-5.6,0.0,-5.6,-1.0,-4.2,-5.6,-5.9,-7.7,-5.3,-8.8,-7.4,-7.8,-4.8,-4.3,-7.9,-2.4,-10.2,-1.1,-4.9,-4.2,-4.7,-1.4,-3.2,-2.6,-4.0
2C7L50wKJj,0,48.099411,11.637887,4443043.1,2777558.29,538.1,583.8,212,7495,2.3,0.87,0.41,32.69,348.96,-0.53,-0.103,0.842,-0.5,0.1,-0.22,0.18,0.4,0.2,-0.3,1.2,-1.6,-1.0,0.2,0.2,-0.8,-1.2,0.3,0.1,-2.1,-2.1,-2.1,-1.2,-1.9,-0.7,-0.3,-1.5,-1.4,-5.7,-6.5,-0.2,-1.3,-2.0,-0.6,1.6,0.1,1.8,-0.1,1.2,-2.2,2.5,-0.9,3.8,-0.3,-0.7,-2.1,-2.7,0.8,-1.6,-5.7,3.6,0.7,2.8,-2.9,-2.5,2.5,-0.5,-2.0,-2.1,0.1,-2.1,-1.0,-1.3,-0.3,-1.4,-1.4,-1.5,-1.9,-3.3,-1.7,-2.6,-2.5,-6.5,1.8,0.2,-0.4,-2.4,-4.0,1.6,-1.7,-3.7,-0.6,0.5,-3.5,-3.0,-4.7,-4.1,-4.2,-1.5,-3.4,-2.2,-4.8,-2.3,-2.1,-2.8,-2.5,-0.9,-4.4,-5.7,-6.3,-3.2,-5.6,-4.1,-4.3,9.4,-2.2,-1.1,-3.3,-1.9,-0.7,-0.8,-5.0,-1.3,-3.9,-4.9,-1.2,4.8,-4.4,-5.5,-0.0,0.2,-7.2,3.6,0.3,1.3,-1.5,-2.1,0.4,-0.4,-1.8,-1.2,-2.6,-1.7,0.4,0.4,-3.2,2.9,-0.5,-1.2,-1.3,2.8,-1.8,-2.8,-0.5,-3.4,-2.4,-1.6,-3.5,-0.1,1.9,-1.4,0.5,-6.8,2.1,3.8,-2.2,-1.4,-4.9,-7.4,-2.1,3.3,-3.5,-2.3,1.5,-2.4,-1.5,-2.2,0.5,-1.5,-1.3,-2.6,-4.4,-2.5,-1.3,-3.9,1.2,-0.4,-5.8,-2.1,-3.9,-1.5,-1.8,-4.7,-3.0,-1.2,-0.1,-1.3,-3.6,-2.2,0.1,-1.3,-1.0,-3.1,-6.3,-3.7,-1.3,-5.4,-3.9,-2.4,-1.8,-1.6,-1.5,-5.8,-6.1,-4.6,-6.3,-5.9,-6.0,-3.1,-4.2,-5.8,-4.5,-3.4,-2.4,-1.5,-3.0,-3.3,-2.8
2C7L50wKJo,0,48.099446,11.638159,4443063.24,2777562.62,536.2,581.9,212,7500,4.5,0.57,0.54,32.69,348.96,-0.53,-0.103,0.842,-1.1,0.2,-0.96,0.35,2.5,0.3,-0.3,-0.2,-5.3,-0.7,-3.1,-4.0,-10.9,9.9,-0.5,0.0,-8.5,-2.6,0.1,-0.0,-6.6,-0.7,-2.9,2.3,0.2,1.2,-2.4,-0.4,-1.1,-6.2,-1.5,2.7,2.6,2.5,-0.8,0.3,5.9,3.1,-17.6,3.7,2.1,2.2,-0.5,4.0,2.5,1.8,-0.3,1.7,1.9,2.0,1.2,2.0,-0.7,-1.8,2.5,-1.6,3.5,-0.7,0.6,0.7,0.6,-8.3,1.6,-6.5,5.4,3.7,2.6,8.9,3.5,9.9,4.5,4.3,4.3,13.8,7.3,2.6,9.2,1.7,6.8,-1.5,0.9,7.1,7.5,1.6,6.0,1.0,3.6,2.2,-2.0,-9.9,-1.6,2.6,0.5,2.5,-3.0,-1.4,0.7,2.2,-1.7,-1.8,-14.1,-10.0,-3.3,0.4,0.4,0.4,0.2,-3.2,0.4,-3.1,1.6,2.0,-1.2,-0.2,6.5,9.9,0.2,4.5,8.0,0.2,0.2,7.2,2.0,5.8,9.5,1.3,-0.5,2.1,0.8,-5.8,0.2,1.5,-4.2,-6.8,0.8,-0.1,-0.7,-3.6,-10.0,-9.2,-1.9,-4.0,-6.3,-4.5,-5.9,-0.5,3.6,-2.6,-4.6,-10.3,-3.0,-8.6,3.3,9.8,0.7,1.6,0.0,-0.2,0.6,3.6,-2.1,3.2,-5.0,-3.1,-5.6,-2.9,-9.7,-4.3,-1.1,-2.6,-12.5,-2.5,0.5,-10.7,-12.7,-2.5,0.1,7.4,-1.8,-2.1,0.3,1.9,-1.3,1.5,-2.9,7.4,2.4,1.5,-1.2,-5.7,-11.5,-6.7,-11.7,-4.3,-5.5,-1.8,-3.9,-1.1,-3.3,-12.8,-10.3,-4.7,-13.7,-13.5,1.7,-2.2,-1.1,-16.8,3.8,-5.3,-5.1,7.8,-4.3,-2.9,-3.8
2C7L50wKGz,0,48.09819,11.628234,4442326.87,2777406.72,540.4,586.1,212,7325,4.6,0.46,0.48,32.65,348.95,-0.529,-0.103,0.842,-0.0,0.2,0.26,0.36,3.7,0.3,-0.3,-2.2,-2.4,-0.8,-0.8,0.6,-1.2,-0.4,-1.6,-1.6,-3.0,-3.9,-1.3,-1.0,7.1,-13.9,0.2,-9.5,-8.7,-16.7,-8.2,-8.3,-10.6,-7.1,-9.4,-4.9,-11.5,-2.7,-2.5,-9.8,-17.1,-5.2,-15.3,-14.2,-10.7,-13.9,-9.5,-10.7,-7.0,-12.8,-5.2,-0.5,5.3,-5.5,-13.4,-3.5,-2.3,-4.0,-2.1,-4.2,-2.5,-2.2,-2.5,-2.8,-2.9,-2.4,-2.7,-3.3,-1.3,0.4,-2.1,-2.9,-3.7,-0.9,-2.2,-4.5,-2.2,-5.7,-2.9,-4.9,-3.5,-3.0,-4.2,-3.6,-4.1,-7.6,-9.5,-8.0,4.1,-2.1,5.5,-5.3,-8.3,-12.0,-13.3,-15.3,-16.5,-11.2,1.6,-10.5,-17.8,-15.1,-5.8,-13.7,-18.0,-16.3,-11.2,-9.9,-9.5,-10.6,-15.4,-12.7,-14.5,-11.9,-7.2,-13.3,-10.3,-10.4,-10.0,-10.9,-13.3,-14.8,-12.4,-15.7,-16.0,-5.0,-9.4,-9.2,-10.1,-9.6,6.7,2.3,5.1,7.8,5.4,2.4,-16.5,-3.3,-16.7,-3.5,-10.4,-4.8,-4.1,-19.2,-5.6,-14.0,-8.3,1.1,-3.4,-7.0,-4.4,-4.7,-4.9,-3.5,-4.6,-2.5,-1.1,-1.2,-6.0,-4.5,0.5,-7.3,-2.2,-2.3,-0.8,1.4,-14.8,-1.2,-7.3,-8.2,-4.9,-12.4,-7.2,-7.6,-10.7,-10.9,-5.2,0.8,-10.4,-3.1,-4.5,-7.2,-5.9,-4.4,-4.8,-1.8,-0.6,-8.4,-6.9,-0.2,-5.3,-4.4,-2.4,-2.6,1.9,2.3,-5.3,-9.3,-6.0,-7.3,-8.7,-12.5,-11.0,-6.9,-14.8,-8.3,-10.5,-11.4,-7.3,-8.5,-5.8,-7.9,-3.4,-6.5,-5.4,-7.2,-7.0,-9.0,-8.1
2C7L50wKHX,0,48.098458,11.630316,4442481.35,2777439.84,546.6,592.3,212,7359,1.9,0.92,0.26,32.66,348.95,-0.53,-0.103,0.842,-0.2,0.1,0.12,0.14,0.3,0.1,-0.3,0.2,1.1,1.3,-0.8,0.7,-3.3,1.3,0.5,2.2,-0.5,1.6,-3.4,-0.4,0.1,1.1,0.7,-0.0,-0.9,-0.3,-0.3,-0.4,0.6,0.3,0.7,1.2,0.6,1.3,-0.1,1.9,-0.4,1.1,-1.8,-2.6,2.8,-3.0,0.7,0.4,1.9,2.1,2.3,-0.3,-2.4,1.7,0.9,2.1,-0.7,-3.7,-2.0,0.7,0.1,-0.4,1.4,0.8,0.7,1.5,0.6,-1.0,2.1,0.6,-0.6,-0.0,0.6,-0.6,-0.2,-4.4,-3.1,-1.9,-1.4,0.4,0.4,-3.9,-1.6,-3.2,-0.5,-1.3,-0.9,1.1,-1.4,-1.2,-0.3,-0.5,2.4,0.2,-0.3,2.6,0.1,1.7,0.1,1.9,0.5,1.1,0.4,0.2,-0.4,0.7,-0.5,-3.0,2.1,2.6,0.7,0.3,-1.4,1.3,0.7,0.3,0.4,-0.7,-2.1,-0.2,0.8,0.2,-0.1,0.9,-1.2,-0.9,-1.9,-0.5,-2.0,-1.5,0.6,1.3,-0.1,-1.6,0.6,1.1,0.5,-5.9,2.2,1.0,-0.5,-0.2,0.5,-4.8,1.2,-2.4,-0.2,1.5,0.1,0.9,2.5,-1.7,-1.3,-2.5,-2.1,-0.5,-0.1,-4.3,-0.8,0.9,0.8,-1.1,-3.1,0.6,-0.8,1.3,-2.1,-1.0,-0.7,1.6,0.6,1.4,-2.7,-2.3,-3.7,-3.4,0.3,-1.8,-4.5,-1.6,1.2,1.3,-0.3,-4.9,-5.3,-1.9,-1.1,-3.7,-1.8,11.4,-1.3,1.0,0.7,-2.4,-0.1,-0.7,0.7,-5.2,0.8,-1.0,-0.5,-1.7,-1.8,-0.8,-4.2,-0.2,1.1,0.7,1.7,2.3,1.6,1.8,0.3,0.0,-0.2,-2.1,-3.7,-2.8,-2.6
2C7L50wKHY,0,48.098468,11.630397,4442487.38,2777441.14,547.7,593.4,212,7360,2.7,0.84,0.26,32.66,348.95,-0.53,-0.103,0.842,-0.2,0.1,-0.2,0.2,0.8,0.2,-0.3,-0.1,1.0,1.2,0.7,-0.4,-8.0,2.2,1.1,1.4,-0.7,2.2,-6.0,2.1,1.9,2.2,2.1,1.8,2.5,1.8,2.8,0.5,3.9,2.1,4.6,3.9,3.7,2.9,-3.1,2.1,1.0,-3.8,-1.2,0.4,3.8,-0.1,2.3,2.6,4.4,4.4,5.7,1.6,-3.2,3.6,3.2,4.2,3.7,-3.8,0.3,1.2,3.0,2.8,2.8,2.2,2.3,4.0,4.6,-2.2,3.6,3.5,2.5,1.9,1.9,-0.8,2.5,-6.3,-6.4,-0.3,0.9,1.5,3.1,-4.6,2.7,-2.8,-0.0,1.8,2.9,2.0,1.1,1.1,0.1,0.7,2.1,1.5,2.2,2.0,3.5,3.9,1.6,4.0,2.7,2.7,2.1,0.8,3.0,2.3,0.9,-2.1,4.6,4.4,2.8,2.3,2.5,4.2,3.7,3.5,3.2,2.8,2.7,2.9,2.1,2.9,2.3,1.0,0.6,0.4,-4.7,-1.2,-0.9,0.6,0.8,8.7,0.7,-0.4,0.8,2.8,2.7,-5.0,2.4,1.9,2.1,3.2,2.3,-5.5,2.1,1.1,3.1,4.2,2.9,3.4,6.0,-6.3,-0.6,1.4,1.5,1.2,3.5,-2.9,2.3,3.7,4.1,7.3,-0.4,2.0,2.0,3.3,-0.3,1.1,0.2,0.8,1.4,2.6,0.3,1.9,-1.3,-1.0,2.2,2.1,-0.2,1.0,3.3,3.0,2.9,-6.3,-7.0,-5.6,5.7,-1.1,-2.3,-11.7,1.0,1.5,1.7,1.1,1.9,1.1,1.3,-2.8,2.8,1.8,1.5,-0.9,1.8,1.9,-1.9,1.2,1.9,3.4,4.1,3.4,3.3,1.3,2.0,1.5,1.6,0.0,-3.2,0.3,0.3
2C7L50wKI5,0,48.09871,11.632283,4442627.26,2777471.14,546.5,592.2,212,7393,3.6,0.77,0.57,32.66,348.96,-0.53,-0.103,0.842,-2.0,0.2,-0.1,0.27,1.3,0.2,-0.3,-0.1,-0.8,0.8,1.5,0.8,0.2,-0.4,1.8,0.8,-4.5,2.7,2.8,3.7,2.9,1.7,2.2,1.2,0.7,-1.2,-0.4,2.0,-0.5,0.5,0.1,1.0,-2.1,-0.2,2.2,0.9,-3.6,2.1,-6.9,-4.0,-2.6,-0.5,-1.0,1.5,1.4,-0.2,3.3,1.8,1.7,2.9,-3.5,1.4,-0.1,1.4,2.5,0.4,2.2,2.2,2.0,-1.0,-2.8,-1.4,-3.6,1.2,1.2,-4.3,-0.9,-1.6,1.6,-5.1,-2.7,-11.0,1.3,0.0,-2.0,1.1,-2.8,-0.0,-1.9,-0.7,-2.0,-1.1,-1.2,-0.6,1.8,1.3,-2.6,-1.2,-3.9,-1.4,0.1,1.4,0.8,-1.9,-1.0,-2.5,-2.5,-1.9,6.0,0.7,0.4,-3.1,-2.9,2.5,-0.8,-1.8,-0.7,-0.5,-2.0,2.9,-0.1,-0.8,-2.6,-2.5,-5.7,-2.2,-1.9,-2.5,-5.2,-3.0,-2.3,-2.4,-0.5,-8.1,-7.8,-19.7,-4.4,-6.5,-4.0,-0.8,-2.0,-4.9,3.4,-2.7,1.4,1.6,-1.3,-0.6,-0.7,-3.8,-4.0,-6.4,-2.6,-3.3,-10.4,-5.3,-7.2,-3.4,-8.1,-12.1,-17.3,-1.8,-3.1,-8.1,-3.5,-3.3,1.0,-3.1,-1.8,-0.2,-6.5,-4.6,-4.2,-6.4,-6.0,-5.7,-4.8,-5.7,-3.8,-5.7,-6.1,-7.7,2.5,-5.1,-7.7,-3.7,-3.6,-2.1,-4.4,-2.6,0.9,-0.8,-13.8,-23.2,0.0,-2.6,-14.6,-8.8,-7.5,-8.3,-9.7,-22.2,-8.6,-2.2,-6.0,-2.6,-5.4,-6.7,-6.2,-0.6,-2.1,-6.2,-2.4,-0.8,-4.9,-16.4,-9.6,-5.1,-9.9,-7.4,-10.8,-13.4,-16.1,-14.6,-7.3
2C7L50wKIV,0,48.09888,11.633601,4442725.09,2777492.14,540.2,585.9,212,7419,3.6,0.74,0.43,32.67,348.96,-0.53,-0.103,0.842,-0.3,0.2,-0.36,0.28,0.2,0.2,-0.3,-1.1,2.0,2.5,2.4,2.4,-5.0,3.7,1.7,1.2,2.3,1.3,-6.4,-1.0,-5.0,-1.7,0.5,3.6,-1.4,1.6,-0.6,3.3,-0.3,-5.6,5.4,1.6,2.9,1.6,-5.6,-2.0,-4.4,-15.6,-2.9,-2.3,3.8,3.6,-1.0,3.5,-0.4,2.2,0.9,3.0,-3.2,5.5,2.4,3.5,1.6,-6.3,-3.2,-2.8,6.6,1.4,-4.3,-3.5,-1.4,1.5,3.7,-3.3,-1.0,1.5,0.2,3.9,-0.3,-2.5,1.9,-5.2,-1.7,-1.5,1.3,-1.1,-0.2,-1.0,3.5,-7.5,-0.2,0.4,-1.4,0.6,-1.1,-2.4,0.5,-0.9,-1.2,1.7,1.0,0.5,0.7,3.5,-0.2,-2.4,-1.4,-0.5,-8.4,-1.3,2.7,-3.0,-0.1,0.4,1.8,-0.8,1.0,-1.0,2.7,0.6,4.3,1.5,-1.6,0.3,-3.2,-5.5,0.9,0.5,-3.2,-0.7,0.1,1.3,6.1,11.1,-3.7,4.5,-1.1,-11.0,-0.3,1.2,0.2,1.5,0.9,5.0,0.6,-3.8,-2.4,4.0,0.2,0.3,-1.0,3.0,0.3,-2.3,-0.6,1.9,4.1,5.0,-2.4,1.0,-1.1,6.6,8.2,-6.0,3.7,3.8,1.8,-0.2,4.6,1.2,5.2,-2.2,-0.8,3.1,-0.7,0.3,-4.1,0.1,1.6,-2.1,-6.9,-2.6,-3.8,0.6,-5.1,-1.5,-2.0,-2.5,-2.4,-0.1,-8.2,-3.1,-7.8,-2.1,1.7,-12.3,-3.4,0.2,-2.1,-2.4,-0.6,-2.4,-0.6,3.3,-2.1,1.3,-2.4,-0.3,1.3,-0.3,-3.8,4.3,-2.7,2.2,2.0,8.6,-0.1,-0.9,-3.6,0.9,-2.4,1.5,5.5,-14.6,-9.6
2C7L50wKK1,0,48.099557,11.638876,4443116.4,2777576.09,536.9,582.6,212,7513,4.4,0.61,0.53,32.69,348.96,-0.53,-0.103,0.842,-1.0,0.2,-0.3,0.34,1.4,0.3,-0.3,-6.5,-3.1,-0.2,-6.9,-4.7,-2.2,-1.8,-3.6,-0.4,12.2,-0.8,-6.1,1.4,-10.2,2.0,2.0,1.8,3.6,4.0,-3.5,0.2,-1.8,4.8,17.4,4.9,11.5,5.6,9.9,9.2,7.5,-5.5,4.4,0.4,-9.5,2.4,4.0,-2.0,6.5,6.2,4.3,5.3,6.2,-6.5,2.2,3.2,-2.2,7.1,6.0,-4.6,3.1,-4.5,1.5,-9.5,-2.2,-5.2,-0.9,-6.6,-4.5,-4.4,-4.1,-6.7,-0.9,0.1,-2.8,-5.5,-1.4,-2.0,0.7,-6.6,-4.6,-6.8,-3.6,-3.6,-5.3,-6.8,-4.2,-5.4,0.4,9.8,5.9,0.1,3.5,4.7,3.2,-1.2,4.9,1.6,2.5,-3.4,-3.5,-3.3,-2.1,-2.0,2.4,4.9,1.8,-3.5,-0.7,2.3,-5.3,5.0,-4.1,-5.5,-1.6,-4.2,7.3,-4.2,-5.9,1.0,-5.6,-2.9,-3.7,-6.9,-7.7,-6.9,-3.7,-3.8,-6.1,10.9,-4.7,-0.6,-4.7,-4.3,-5.7,0.4,0.8,1.5,-3.1,-9.1,1.7,-1.0,-0.6,4.7,-2.3,-2.7,-4.8,-3.3,-3.3,3.4,9.5,3.2,5.3,-1.6,4.8,1.4,8.1,7.8,-1.4,-0.5,2.9,-2.0,4.2,0.2,3.2,-2.0,-4.9,-3.2,-2.8,-4.7,-2.5,-2.4,-4.6,-4.1,-5.0,-5.3,-3.9,0.1,-7.6,-6.1,-1.1,-3.9,-5.9,-4.4,-4.7,-4.5,1.8,-4.4,-1.9,6.4,-6.1,-5.2,-4.5,-3.9,-4.3,-1.9,-8.0,-4.3,-4.5,0.1,-1.6,-4.9,-3.2,-7.2,-3.9,-4.9,-4.5,-4.4,-4.9,-5.0,-3.4,-6.4,-8.4,-5.6,-7.4,-3.9,-6.8,-0.7,-7.5
2C7L50wKGV,0,48.098013,11.626707,4442213.53,2777384.46,547.9,593.7,212,7295,3.5,0.72,0.45,32.63,349.02,-0.529,-0.103,0.842,-0.3,0.2,-0.96,0.27,0.6,0.2,-0.3,4.8,-1.9,-1.1,-4.7,-0.8,2.9,-1.6,0.3,0.2,2.4,-3.5,-1.5,0.8,1.6,0.3,-0.0,2.1,1.2,3.0,4.7,0.4,9.2,5.4,0.9,2.4,13.1,5.6,3.5,6.5,3.7,-0.0,4.2,2.5,1.0,-5.3,0.9,5.8,-2.3,16.0,6.9,2.8,-3.8,4.5,2.7,6.0,2.9,0.8,0.7,17.0,3.5,4.1,3.2,6.2,6.2,3.1,5.5,-1.8,3.6,6.7,4.5,3.3,0.1,-1.1,5.9,-0.6,0.4,2.5,2.9,4.6,2.2,-1.7,2.5,4.1,3.1,4.8,9.8,-4.7,16.7,11.8,6.0,4.0,4.2,5.1,11.1,4.6,-1.8,3.5,6.9,8.7,3.7,3.1,-0.0,2.5,4.6,5.0,-1.8,3.5,5.9,3.4,7.0,4.2,5.8,5.8,6.7,5.2,7.3,6.1,4.4,3.8,6.7,4.2,-0.4,3.1,1.7,2.5,8.2,1.1,2.1,2.5,4.4,4.1,7.4,4.1,1.4,2.4,1.7,3.3,5.0,8.2,1.8,2.1,-2.0,0.5,1.8,0.5,4.4,0.3,6.0,6.8,3.8,-2.0,0.8,4.9,0.6,-1.2,2.4,3.2,9.3,7.5,3.3,9.9,0.8,1.1,1.8,0.4,-1.3,5.7,6.2,5.9,1.9,2.9,1.8,6.7,2.0,1.1,3.8,2.5,-3.0,3.2,-1.4,2.8,-2.1,0.4,-5.9,-1.9,2.7,0.7,3.6,-1.2,4.5,2.9,6.1,3.4,4.5,2.5,3.5,-0.2,-0.1,6.2,-3.6,4.3,-0.2,1.1,-1.1,1.9,3.8,9.0,-6.0,2.3,5.9,11.5,-4.4,1.0,-1.4,-1.2,-2.6,-1.8,-0.3
2C7L50wKGu,0,48.098166,11.627903,4442302.27,2777403.51,537.2,582.9,212,7320,3.8,0.76,0.44,32.65,348.95,-0.529,-0.103,0.842,-0.3,0.2,-0.04,0.29,1.1,0.2,-0.3,-0.7,1.9,2.1,-0.1,2.1,-0.6,1.5,-0.2,1.9,-4.0,-1.0,-3.1,-0.9,0.7,0.2,-1.5,-1.0,-2.3,-3.0,-2.2,0.1,-2.9,-1.9,1.4,0.7,1.7,0.3,5.0,0.1,-3.0,4.6,-4.9,-2.9,-4.5,-8.1,0.9,-2.5,-2.2,-0.2,-1.9,0.1,5.1,-2.6,-8.0,-0.9,1.5,0.3,1.9,2.5,0.3,3.0,3.0,2.0,2.5,2.3,3.6,4.1,2.4,2.5,2.1,3.2,-2.4,-2.6,1.0,-1.7,0.9,1.4,-7.1,1.7,1.3,-2.4,0.8,2.5,0.5,-4.8,-4.4,-0.7,4.0,0.9,-0.4,3.5,0.4,-1.0,-2.0,0.4,-3.4,0.1,1.9,9.5,-2.9,0.9,-0.7,-1.7,-0.4,-8.1,0.0,4.0,0.2,-2.9,-0.7,0.6,-7.6,-0.8,3.3,-8.4,0.5,-1.7,-1.8,-1.8,-0.8,0.4,3.0,0.3,4.0,3.1,-0.5,-0.8,0.1,0.4,1.1,-1.3,0.1,1.9,1.5,3.1,-2.2,-1.5,-3.4,0.9,2.1,0.4,2.9,2.8,5.5,-18.1,-0.6,-1.5,5.9,-2.1,3.8,-2.5,0.5,1.1,-1.2,1.3,0.1,-8.2,-0.5,1.9,0.2,-1.0,-1.0,-0.4,0.4,-4.7,-1.6,4.2,0.3,-2.6,0.7,-3.8,0.3,-14.5,-20.9,-5.2,3.5,6.7,-13.0,2.5,4.0,-9.6,-3.8,-1.7,1.4,-0.7,-1.4,-0.9,-2.9,4.1,1.0,0.4,-2.4,-0.7,-2.6,0.6,-1.6,1.3,2.3,-9.6,6.5,-12.7,1.8,-12.2,0.7,0.0,-1.5,-1.8,0.8,1.3,0.6,-0.4,-1.3,-0.7,1.2,2.1,0.8,1.8,-3.7
2C7L50wKGv,0,48.098197,11.628144,4442320.16,2777407.33,546.1,591.8,212,7321,2.5,0.86,0.37,32.65,348.95,-0.529,-0.103,0.842,-0.2,0.1,-0.42,0.19,1.1,0.2,-0.3,-1.7,-0.0,1.3,2.2,-2.6,-11.7,1.6,2.2,2.6,-12.2,-0.0,3.0,-0.5,-0.4,0.8,0.1,-1.1,1.5,-0.3,3.4,0.8,1.7,0.5,-0.9,0.8,1.1,0.8,2.7,-0.3,-4.3,1.5,-2.3,-3.4,-2.1,-7.5,-1.2,-3.2,-0.8,1.0,-0.8,-3.3,2.2,0.3,0.6,1.7,-1.7,-2.0,-1.8,-0.1,-2.8,1.4,0.7,0.8,-1.1,-1.1,-1.1,-0.2,0.3,2.8,1.3,-0.9,-1.2,0.5,1.8,1.2,8.4,0.1,1.1,0.0,1.1,-1.2,1.2,0.4,1.2,2.8,-0.5,-0.2,-1.0,-2.0,-2.3,0.5,-2.3,-2.3,-0.6,0.5,-0.3,-2.2,-1.9,-0.5,-5.3,-2.6,-2.4,-1.7,-0.5,-0.8,-3.1,0.7,-0.3,-0.8,-1.9,-2.9,1.0,2.1,0.7,0.4,-0.8,1.6,-1.7,-0.3,1.6,-0.3,-0.7,-1.3,-0.4,-0.4,0.3,1.3,1.6,0.4,-1.5,-1.7,2.2,0.4,0.4,2.1,1.9,-3.4,-1.1,-2.6,-1.1,0.9,-4.4,2.0,-0.9,-2.5,0.4,-1.7,1.7,0.8,3.1,-12.1,-1.6,0.1,-0.9,0.8,5.5,-0.4,2.1,1.2,1.1,-4.1,9.9,4.4,-1.6,0.5,-1.5,1.8,-1.0,-0.3,-0.6,-2.6,-4.1,-0.3,-5.0,-2.5,1.4,-2.4,-5.4,-4.2,0.0,1.7,0.8,-0.8,0.4,1.9,-1.9,0.1,-0.4,-5.7,3.3,2.1,0.9,-1.2,-1.5,-1.9,-1.6,-0.5,-2.0,0.2,-2.3,-3.0,-1.4,-2.1,-8.5,-3.7,-2.2,-1.9,-0.6,-1.4,-4.5,0.9,-0.5,-2.5,-3.1,-2.5,-1.1,0.6,-1.1
2C7L50wKGx,0,48.098207,11.628221,4442325.88,2777408.56,544.6,590.3,212,7323,2.0,0.9,0.29,32.65,348.95,-0.529,-0.103,0.842,-0.6,0.1,0.06,0.15,0.6,0.1,-0.3,0.2,-0.9,-0.0,-1.9,0.3,2.0,-0.7,-0.3,0.4,-7.2,0.8,-1.8,-0.4,-0.6,1.1,0.2,0.7,0.9,-0.8,2.7,-1.4,-0.3,1.1,0.9,2.1,4.1,1.4,0.5,-0.6,0.1,2.4,-3.0,-3.2,-1.4,-6.8,-0.4,-0.1,2.3,0.2,0.2,1.5,1.9,0.3,-1.0,0.8,0.8,2.5,2.1,1.0,1.9,1.4,1.0,0.7,0.4,-0.9,0.5,-0.8,0.3,0.5,0.0,0.9,-1.4,6.6,-0.5,-4.3,-2.4,-1.5,-8.7,-1.9,-0.5,-2.5,-2.2,-2.7,-0.0,2.2,1.2,-0.1,-0.6,-1.9,-0.5,-1.4,-0.6,-2.4,-1.0,0.9,0.2,1.0,-0.6,1.8,0.2,-0.1,-2.0,-0.3,-0.4,-1.3,-2.0,1.3,2.7,-0.1,-1.0,0.0,-1.4,-0.0,-1.0,-0.2,-2.5,-1.5,-3.5,-2.2,-1.6,-2.7,-2.0,-1.8,-0.6,0.4,-1.0,-3.6,-2.6,-3.2,-2.8,-2.7,-2.7,-1.6,-2.0,-0.4,-0.1,-2.7,-0.4,-2.0,-2.3,0.2,-3.8,0.9,-2.0,-2.6,0.6,1.8,-0.1,-0.5,1.8,-2.7,-1.7,-0.5,-0.8,-0.4,-2.3,-6.6,-6.3,-1.4,-0.7,-2.2,-4.5,0.2,-2.3,-1.4,-3.3,-1.8,-3.2,-1.3,-1.1,-0.5,-1.0,-2.3,-3.1,-3.1,3.1,-0.8,-3.5,-1.8,-0.7,0.7,2.5,-3.4,-3.7,-3.1,-11.7,-1.8,1.4,3.8,-1.2,-1.4,-1.2,-2.9,-0.4,-0.1,-2.1,-2.0,0.7,-1.3,-3.4,-3.8,-1.2,0.3,-4.4,-1.3,-4.5,-2.9,-2.1,-1.7,-0.2,-6.5,-3.7,-2.1,-3.7,-5.1,-5.5,-3.7,-1.1
2C7L50wKHH,0,48.098339,11.62925,4442402.19,2777424.95,538.4,584.1,212,7343,4.4,0.62,0.49,32.65,348.95,-0.53,-0.103,0.842,-0.6,0.2,0.75,0.34,1.5,0.3,-0.3,4.0,3.1,5.2,-0.3,2.3,-1.8,-1.2,1.0,-0.8,2.2,2.5,1.7,-2.0,2.1,3.8,4.6,4.1,1.6,2.7,3.1,0.6,3.5,-0.5,3.7,3.4,3.3,0.3,-3.9,-7.8,1.7,3.3,-2.1,-1.0,1.9,-0.5,2.0,0.1,4.5,3.2,2.8,-2.0,-3.4,2.1,3.8,1.6,-0.7,-3.2,-3.3,-3.5,-9.6,-1.1,-4.7,-5.7,-3.3,-1.2,-4.7,-9.3,-0.1,-0.1,2.8,-4.2,0.9,0.7,-0.7,6.2,0.8,2.9,-1.8,-4.1,1.8,-1.8,-2.4,8.6,-4.1,6.6,4.7,-6.9,3.4,1.8,14.6,1.3,13.7,-5.3,0.2,5.7,4.2,11.1,5.2,6.2,-5.2,1.2,12.5,15.5,3.1,2.7,-3.7,-1.4,7.3,14.4,-0.8,-10.1,2.8,4.0,-0.5,2.6,3.7,-1.2,-4.7,1.3,2.5,1.3,-1.5,-5.5,-5.5,-3.8,-4.2,1.8,-3.4,-8.5,-6.9,-2.8,-4.8,-1.5,-12.8,-7.2,1.1,-8.2,-2.8,-3.3,-1.6,-3.3,-7.3,-6.7,-3.1,-1.4,0.0,-1.0,0.3,2.0,1.1,-3.5,-4.1,-4.0,-2.4,7.0,0.5,-4.3,-15.1,-10.5,-2.7,-12.1,-6.7,-4.0,-4.0,-5.7,-6.2,-6.2,-4.1,0.1,2.8,1.1,-0.7,0.2,-4.7,-7.3,-2.6,-2.1,-3.6,-9.8,4.2,0.1,2.5,-2.7,0.0,1.8,0.5,9.9,3.5,2.8,3.2,0.6,3.0,2.9,-6.8,-3.9,1.7,-1.1,0.1,-0.0,-3.7,0.7,1.2,2.6,-2.8,-0.5,2.5,0.7,0.5,-3.5,-2.2,-0.7,-0.9,-4.1,-0.1,-2.1,-5.0,-2.0,-6.6
2C7L50wKJS,0,48.099326,11.636933,4442972.26,2777547.24,538.0,583.7,212,7478,1.8,0.92,0.28,32.69,348.96,-0.53,-0.103,0.842,-0.2,0.1,-0.0,0.14,0.3,0.1,-0.3,2.4,-3.0,-1.3,-0.8,-1.5,0.4,-0.6,0.1,0.6,-0.1,-0.8,2.5,0.4,-1.4,1.4,1.1,1.1,0.4,-1.9,-2.2,-1.9,-0.5,0.8,-1.2,-1.4,-1.5,-1.0,0.2,0.4,-2.6,7.1,-6.3,-5.0,-2.1,-2.3,-1.6,2.3,2.5,-0.5,1.2,0.7,-1.0,-0.6,-1.3,-1.5,-2.0,-3.7,-2.7,-1.5,-1.7,-0.8,-2.2,-2.5,-2.4,-3.7,-3.5,-2.2,-1.5,-1.4,-1.0,-1.9,-2.3,0.2,-1.5,0.9,0.3,-1.4,-1.4,-1.5,-1.9,-2.4,-0.9,-2.4,-1.5,-0.3,-0.9,-1.7,-2.7,-1.5,0.1,-2.1,-2.3,-2.7,-2.2,-3.1,-2.2,-1.3,-1.8,-3.7,-4.3,-4.3,-0.6,-3.3,-3.2,-3.5,-1.1,-0.1,0.2,-0.7,-0.9,0.0,-0.5,0.8,-0.7,-2.0,-0.7,1.2,-2.2,-1.5,-1.7,-1.7,-0.9,-0.5,-1.4,-2.0,-3.6,-3.6,-1.7,-0.7,-1.8,-1.7,-1.1,-3.0,-0.6,0.0,-1.8,-3.5,0.9,-0.9,-1.5,0.2,-2.4,-0.5,-2.9,-4.4,-2.6,-1.6,-2.7,1.9,1.5,2.3,-1.1,-3.1,-2.5,-2.3,-2.6,2.3,-0.9,-0.7,-2.8,-1.7,-2.1,0.9,0.7,-0.1,9.1,-1.5,-1.0,1.3,-1.2,1.1,1.1,-0.5,-2.7,-4.2,-1.9,-1.6,-6.6,-4.3,-2.5,-1.8,-2.4,-3.7,-1.1,2.0,-2.3,-2.0,-1.5,-2.9,-1.3,-1.1,-0.9,-0.6,-1.1,-2.1,-2.5,-2.3,-1.6,-0.9,-2.7,2.4,0.0,-2.8,-5.3,-2.1,-2.5,-1.0,0.1,-3.3,-2.2,-3.3,-4.0,-2.2,-3.2,-1.6,-3.8,-2.2,-2.9
2C7L50wKJt,0,48.099513,11.638392,4443080.46,2777570.46,534.6,580.2,212,7505,3.0,0.79,0.4,32.69,348.96,-0.53,-0.103,0.842,-0.6,0.1,0.06,0.23,1.1,0.2,-0.3,0.6,2.0,-0.1,-0.4,0.8,-2.2,2.1,1.9,-2.8,3.0,0.4,0.9,-8.7,1.0,-4.1,-2.2,2.7,0.4,-1.6,-2.6,4.1,2.4,1.2,-5.0,-2.5,1.8,0.7,2.0,2.8,-2.1,4.2,-4.7,-4.3,-1.0,-0.9,1.5,-7.0,-2.0,0.4,-2.0,-1.2,2.8,-0.3,-4.1,-2.4,-4.0,3.5,1.2,-1.2,0.1,2.1,1.2,1.5,-1.9,3.0,1.4,-0.6,3.5,2.8,0.6,1.4,0.8,1.7,-2.8,0.6,-1.4,-0.1,-1.1,0.9,2.8,0.5,7.1,-2.1,-9.7,1.4,-0.5,-1.2,-7.0,-1.2,0.4,-3.9,-1.4,3.4,-0.1,-1.3,0.5,-0.2,-1.8,-2.6,-0.1,-4.2,3.7,-2.3,-2.5,-1.5,-1.4,1.4,-1.8,-0.7,-2.2,1.0,-0.5,-5.0,-4.0,0.7,8.2,-5.8,2.0,-3.7,-0.1,-1.1,-1.6,3.4,2.2,-0.8,-0.2,-0.5,-0.7,-0.2,-2.1,-1.9,-1.1,-3.0,-3.5,-0.4,3.2,8.0,-3.0,-7.5,-4.3,2.1,-4.6,0.3,-6.3,-7.3,-2.0,-1.0,-2.8,-0.1,-1.0,2.9,-8.2,-8.1,-4.1,-5.8,-3.5,-4.6,-0.1,0.9,0.0,-3.3,-0.4,-4.6,-1.1,-2.5,-6.8,-3.1,0.3,-3.2,4.6,-4.3,-3.4,-3.8,-5.4,-3.9,-2.3,-1.8,-9.2,-10.0,-6.3,-4.7,-3.9,-3.4,-4.5,-4.3,-3.4,-0.9,1.8,-1.0,-2.8,-3.5,8.8,2.9,3.6,-5.3,4.2,5.4,-2.0,-2.4,-2.9,-1.3,1.5,-5.3,-5.8,-5.1,-4.4,-6.5,-2.7,-6.7,-3.7,-0.5,-3.3,-7.2,-5.1,-1.2,-0.8,-0.1,-4.0
2C7L50wKGp,0,48.098178,11.62785,4442298.28,2777404.71,549.9,595.6,212,7315,2.0,0.82,0.25,32.64,348.95,-0.529,-0.103,0.842,-0.3,0.1,0.06,0.15,2.9,0.1,-0.3,-1.1,-1.2,-1.8,-1.5,-1.1,0.4,-1.1,0.3,-2.3,2.3,-2.1,-0.5,-3.5,-2.9,-5.3,-3.4,-5.8,-5.6,-6.9,-3.9,-5.8,-4.1,-6.2,-6.5,-3.9,-4.8,-6.5,0.0,-5.9,-7.7,-0.3,-8.9,-10.0,-8.1,-12.5,-8.1,-7.1,-5.7,-5.4,-4.5,-3.0,-2.7,-5.5,-6.2,-5.8,-3.8,-2.0,-1.0,-2.8,-1.0,-0.4,-0.6,-0.8,-1.2,-1.5,-2.9,-2.9,-1.1,-0.4,-0.7,-0.7,-2.7,-8.0,-1.2,-0.2,0.4,-1.1,-4.0,-1.1,-3.1,-1.9,-5.0,-2.1,-3.5,-5.6,-5.8,-4.7,-6.4,-6.2,-7.1,-6.5,-7.4,-5.1,-5.3,-4.5,-6.1,-5.7,-7.2,-7.0,-8.5,-6.6,-7.1,-7.0,-6.7,-6.5,-7.3,-4.1,-5.1,-6.3,-7.4,-3.6,-7.2,-3.0,-6.4,-4.8,-5.0,-5.2,-5.2,-6.0,-7.4,-6.8,-4.9,-3.7,-2.7,-1.4,0.4,-2.0,-1.0,-0.8,-1.5,-5.3,-1.1,-2.1,-5.3,-3.6,-4.3,-2.7,-6.2,-6.9,-6.6,-6.0,-8.3,-3.8,-6.3,-8.6,-6.5,-6.3,-4.9,-4.9,-0.8,-0.1,-2.1,-2.7,-3.0,0.4,-0.4,-6.2,-1.3,-0.1,-0.6,-0.8,-1.6,-2.7,-4.8,-5.0,-5.0,-5.7,-5.8,-6.1,-5.0,-7.6,-9.1,-5.9,-9.8,-10.6,-2.1,-6.6,-10.7,-5.2,-7.2,-5.7,-5.3,-5.4,-1.6,-1.0,-5.5,-1.7,-0.5,9.7,-0.7,-1.5,-2.3,-3.5,-4.9,-4.0,-5.3,-6.6,-7.5,-7.4,-8.6,-6.9,-8.1,-8.0,-10.3,-8.3,-7.1,-6.9,-6.4,-6.3,-3.9,-3.3,-2.8,-2.9,-2.9,-5.6,-4.1,-3.2,-4.9
2C7L50wKHW,0,48.098492,11.630299,4442479.97,2777443.68,549.0,594.7,212,7358,2.5,0.86,0.32,32.65,348.96,-0.53,-0.103,0.842,-0.2,0.1,-0.36,0.19,0.2,0.2,-0.3,4.1,3.4,-0.2,2.0,2.8,-8.4,6.0,3.0,4.9,-2.0,3.7,-5.9,1.7,0.2,1.3,2.6,-0.6,0.1,-1.9,0.5,-0.9,1.4,1.4,2.6,0.9,-1.1,5.9,-3.0,4.5,-1.8,-3.2,-3.7,-2.2,2.4,-1.9,1.3,1.5,1.7,4.3,3.7,1.5,-3.6,2.7,2.1,3.3,0.1,-4.3,0.9,1.6,1.0,0.2,1.7,1.1,-0.9,1.9,3.4,-3.7,-0.5,-0.4,1.5,1.0,2.4,-1.0,0.3,2.0,-4.5,-0.2,1.5,1.1,0.3,-6.1,1.6,-3.4,0.2,1.6,1.1,0.2,0.4,-0.8,-1.0,2.2,3.3,3.3,3.1,5.9,4.4,4.4,-0.1,0.6,2.4,2.1,-0.1,1.9,3.8,1.5,0.2,-2.4,2.4,8.3,2.4,1.7,-0.3,1.8,2.4,1.1,1.0,2.0,-0.6,-0.4,1.9,1.9,2.6,3.4,3.2,1.9,0.8,2.9,1.8,0.4,1.0,2.5,1.7,2.4,2.7,2.4,1.9,-2.5,0.3,0.4,3.9,4.3,-0.5,-2.2,1.9,0.3,4.6,1.6,1.9,2.6,5.9,-5.8,-1.1,-0.8,0.7,2.8,1.9,-3.3,1.5,2.6,1.6,-2.2,-1.2,1.5,2.7,2.8,0.6,2.0,1.2,2.0,-0.6,0.8,-0.6,0.5,-2.9,-3.3,0.6,-1.1,-3.1,-2.5,1.8,3.5,1.2,-2.6,-2.5,-4.4,-2.2,-2.9,-0.7,-7.8,1.3,2.6,2.4,0.7,3.6,1.2,2.1,-5.2,3.6,0.1,1.8,-0.8,1.3,-2.8,-3.9,1.4,2.7,1.2,0.6,1.2,-0.8,-0.5,-0.4,-0.1,-0.0,-1.1,-3.5,0.3,1.2
2C7L50wKHh,0,48.098575,11.630944,4442527.83,2777453.95,548.7,594.4,212,7369,3.4,0.73,0.44,32.66,348.96,-0.53,-0.103,0.842,-0.3,0.2,1.02,0.26,0.9,0.2,-0.3,0.4,0.2,-2.0,1.5,-3.2,1.4,2.3,2.3,3.8,10.6,8.3,2.8,-7.3,-3.0,-2.6,5.3,-2.1,1.6,1.6,4.0,-5.5,-2.9,-2.5,2.9,0.4,-3.7,1.1,0.6,-1.6,-1.8,-7.3,-3.7,-4.9,0.7,-1.5,0.9,-2.9,5.2,1.3,9.0,5.5,-1.9,1.2,0.0,-5.3,0.1,2.7,-2.2,1.5,-0.7,-7.7,-5.3,-3.9,-5.2,-1.8,-2.1,-6.5,-1.1,-1.2,-0.8,-0.6,-3.0,-6.9,-1.4,-2.4,0.8,-3.7,-7.1,-0.5,-0.8,-2.7,4.7,-6.0,-5.3,-5.4,-2.6,-1.5,1.3,-1.2,0.5,1.0,-4.9,2.1,1.4,1.4,-1.9,-3.8,0.6,2.4,-2.4,-2.5,-2.8,-0.5,-1.1,-3.8,-5.2,-2.0,-1.7,-0.3,-1.4,-0.2,-2.0,-1.3,-1.8,-1.7,-4.0,-1.8,-3.2,-6.8,-8.7,5.4,0.1,0.1,-0.0,1.9,-2.4,-2.0,-4.6,-4.7,-3.6,-1.8,-0.6,-4.2,3.0,0.7,1.7,-3.1,-1.3,-4.8,-7.9,-0.5,-0.6,-2.0,-3.2,-1.5,-2.4,11.6,8.1,0.3,-0.4,-6.8,-6.8,-8.9,-4.4,-3.6,-3.4,-1.2,-5.5,-2.9,-2.5,-7.4,-2.8,-4.8,-2.1,-5.2,-5.3,-3.9,-4.0,-4.3,-4.4,2.8,-0.7,-0.5,2.0,-1.4,-2.5,-1.2,-5.0,-1.1,1.7,-3.1,-1.7,-3.8,-2.6,-1.3,-7.5,-5.7,2.6,-2.0,-12.2,-6.2,-2.1,-6.0,-2.7,3.6,-6.8,-7.7,-4.4,2.7,-3.5,-7.7,-5.5,4.4,-0.3,-0.2,3.5,1.8,5.5,0.3,1.0,1.1,0.9,2.7,2.5,1.4,-2.8,0.3,-2.0
2C7L50wKHi,0,48.098579,11.630969,4442529.68,2777454.35,547.1,592.8,212,7370,1.8,0.92,0.27,32.66,348.96,-0.53,-0.103,0.842,-0.2,0.1,0.27,0.13,0.6,0.1,-0.3,-1.8,-0.0,0.3,-0.4,0.2,1.8,0.4,0.8,2.5,7.6,1.7,0.2,-0.2,-0.6,0.8,2.3,0.5,0.8,-0.6,2.1,-0.9,0.8,-0.2,2.7,0.5,0.0,0.4,0.0,-0.4,-0.7,-4.8,-4.2,-3.7,-1.0,-3.1,0.3,-0.3,2.8,1.8,3.6,0.5,-2.7,1.8,1.8,0.9,-0.6,-3.3,-0.7,-1.1,-0.7,-1.7,-3.0,-2.9,-1.1,-1.6,-1.1,-3.1,-1.3,-2.5,-1.6,-1.9,-1.3,-2.4,-1.2,-2.7,-2.6,-4.5,-4.6,-1.1,-1.4,-3.5,-0.4,-3.0,-1.8,-0.3,0.6,1.7,0.6,-1.2,-1.3,-0.9,-1.0,2.0,1.5,1.4,0.1,1.6,-0.4,0.2,-0.7,-1.2,-0.5,-1.0,-0.3,-0.3,-1.1,-1.4,-1.1,-0.0,0.9,-0.0,-0.1,2.4,1.7,2.0,1.1,1.0,0.5,1.4,-0.6,1.2,0.1,0.5,-1.2,1.0,-2.3,-2.3,-0.6,-3.5,-1.2,-2.3,-2.2,-3.6,-0.0,0.7,-0.4,-3.3,2.3,-0.9,-0.8,0.7,-0.4,-4.7,-0.1,-3.0,-0.4,1.6,-1.3,1.0,2.9,-3.4,-3.0,-2.3,-1.3,1.2,-0.3,-1.0,-1.1,0.4,0.5,-7.6,-2.0,0.2,0.6,-1.1,-1.1,-2.0,-0.7,0.0,-1.3,0.5,-0.2,-0.7,-2.7,-1.9,-1.1,-0.6,-3.4,-2.1,0.0,-0.8,-0.3,-3.1,-2.3,-1.2,-4.2,-3.3,-1.2,-3.1,-0.1,-0.9,-0.6,-0.9,-0.9,-0.6,-0.8,-6.0,0.3,1.9,-0.1,-1.7,0.5,2.9,-2.4,-0.8,0.8,1.4,0.7,-1.0,1.2,-2.0,-0.9,-1.1,-2.1,-1.2,-4.4,-0.5,-0.2
2C7L50wKIK,0,48.098845,11.633041,4442683.44,2777487.34,544.9,590.5,212,7408,1.8,0.92,0.32,32.67,348.96,-0.53,-0.103,0.842,-0.3,0.1,-0.35,0.14,1.0,0.1,-0.3,-0.4,-1.2,0.9,-0.1,-1.0,0.0,-0.5,-0.0,1.4,3.6,0.8,3.4,0.4,0.7,2.3,1.1,1.3,0.3,-0.9,0.7,0.1,-1.9,0.1,-0.4,-1.2,-2.0,-0.4,2.6,1.6,-3.7,1.1,-2.9,-4.6,-2.4,-3.0,0.5,-2.3,-3.8,-1.1,0.9,-1.0,-2.8,-2.8,-0.9,0.2,0.7,-3.7,-5.1,-0.6,-2.3,-1.0,-0.1,-0.6,-1.7,-0.8,-1.3,-0.8,0.3,-0.2,0.1,0.6,1.7,-0.2,0.6,-0.8,2.3,-0.2,0.9,0.9,-0.1,1.0,0.5,0.1,-0.6,-1.1,0.0,0.1,-1.3,-0.3,0.2,-0.9,-2.9,-0.8,1.8,-0.3,1.2,4.0,0.3,-0.9,-1.5,-1.2,-1.5,-3.1,-3.0,-3.0,-3.4,-0.3,-0.8,0.5,-2.1,-2.1,-0.1,1.8,2.1,0.4,2.1,1.1,-1.6,0.0,-0.4,-1.0,1.0,-0.3,0.7,-1.3,-1.0,-1.2,0.4,1.1,2.1,-0.8,1.9,0.5,-0.5,-0.2,-2.1,1.3,1.2,1.4,-0.9,1.5,-0.3,0.1,-0.9,-1.5,2.2,-1.4,-3.3,-0.5,0.3,-13.9,-0.8,-2.2,-0.7,-0.8,0.6,-3.2,1.3,2.4,-1.1,1.7,-0.7,-0.9,-0.6,-0.9,1.0,0.4,-0.8,-0.2,0.3,-0.8,-1.4,-1.5,-2.5,-3.8,0.8,-0.2,-5.8,-5.0,1.6,-0.2,-1.6,-2.9,-1.4,-2.4,-2.1,0.8,0.1,4.7,-0.6,0.1,-1.4,-2.9,-0.5,-1.4,-1.2,-3.7,-0.8,-0.6,-1.8,-5.2,-1.1,-2.1,-4.9,-2.4,-0.7,2.4,-2.4,-1.5,-6.1,-2.7,-6.5,-3.6,-3.2,-1.2,-3.0,-1.7,-0.5
2C7L50wKIQ,0,48.09891,11.633551,4442721.26,2777495.44,553.0,598.7,212,7414,4.1,0.67,0.49,32.67,348.96,-0.53,-0.103,0.842,-0.1,0.2,-0.22,0.31,1.8,0.3,-0.3,3.1,0.4,-2.4,0.1,2.4,-3.6,0.2,0.7,-3.5,-8.9,-8.0,-2.9,-2.5,-1.7,-2.2,4.0,-1.4,-0.9,-5.0,1.0,-1.9,-1.9,-1.0,0.6,2.2,-8.9,1.3,-2.4,2.6,2.9,-1.0,-3.0,0.4,-1.7,-1.0,-3.3,2.2,0.8,-0.7,-0.5,3.7,-0.1,1.8,10.7,-0.1,-5.4,3.5,-0.0,5.1,15.4,0.3,-1.2,6.2,-3.3,-1.5,-0.2,1.2,3.0,0.4,7.0,7.8,-0.8,-12.1,-2.6,5.3,1.1,-1.5,-1.8,-6.4,-5.6,2.4,0.5,-5.2,-5.1,-0.5,0.0,0.0,-2.8,-0.8,-1.9,-5.7,-3.4,-1.4,-1.2,-0.2,-1.1,4.6,0.4,-5.1,-2.5,-0.9,-1.8,1.0,-5.1,-0.7,3.3,3.2,1.0,3.1,4.9,-2.9,-1.4,-1.7,-5.0,0.8,0.7,2.0,1.6,-3.5,2.6,13.8,-10.5,-2.5,-2.0,2.4,2.6,-4.1,-3.2,-1.2,-3.5,-4.6,-3.2,-1.1,1.7,-1.3,-9.6,-5.5,-1.7,-1.6,-1.0,13.8,2.4,0.7,-0.8,1.8,-1.5,4.4,-1.8,4.1,-1.6,2.7,3.0,0.9,3.7,4.7,4.3,9.5,3.9,-10.3,-0.6,12.1,-3.2,-2.9,8.8,-8.8,-3.2,1.6,2.3,-0.9,0.6,0.3,1.8,-2.4,-1.7,-1.9,3.0,8.1,-8.0,1.4,-1.5,-3.1,-4.6,-0.1,4.5,-4.1,13.4,-4.0,1.0,-6.3,-2.0,-6.1,-0.7,-2.1,-2.1,-3.4,-1.0,-5.1,4.2,-4.6,-1.2,-8.6,0.1,3.6,-3.0,-4.4,0.4,6.0,3.9,3.0,4.1,-0.6,-0.3,-1.2,0.5,-3.0,-6.9,4.5,-1.9
2C7L50wKIR,0,48.098909,11.63354,4442720.46,2777495.27,549.7,595.4,212,7415,1.6,0.94,0.19,32.67,348.96,-0.53,-0.103,0.842,-0.4,0.1,-0.1,0.13,0.4,0.1,-0.3,1.0,0.4,1.7,0.6,0.9,-2.0,2.0,0.3,1.0,-4.8,0.1,-0.8,0.2,0.2,0.3,-0.6,-0.1,-0.8,-1.5,-0.7,0.1,1.0,0.9,2.8,1.2,0.0,0.5,-0.5,3.2,-2.5,2.5,-3.9,-3.5,-0.3,-0.2,-1.0,2.4,0.8,1.2,1.0,1.6,-0.5,1.5,-0.5,1.2,1.3,0.0,1.9,1.4,1.0,1.8,2.6,0.8,0.8,0.3,0.6,-0.7,-0.1,1.3,0.8,0.4,0.5,-3.2,1.0,-2.5,-2.6,0.7,0.6,-0.1,-0.2,-2.3,0.7,-2.0,-0.2,0.2,-1.0,-0.0,-0.6,-0.2,-1.1,0.1,-1.4,-0.4,1.2,1.2,1.0,1.3,0.1,-1.3,-0.8,0.0,2.1,0.1,0.1,-0.6,0.1,1.6,1.4,0.6,-0.2,0.1,0.1,1.7,2.8,1.6,1.7,1.4,0.5,0.2,1.1,0.7,-0.7,1.1,1.5,1.1,0.1,1.3,-0.2,0.7,1.7,-1.1,1.0,0.0,-0.5,-0.3,-0.3,-2.0,0.9,-1.4,-2.0,2.2,-1.3,-0.6,-1.3,-1.1,1.0,-0.7,-1.9,1.5,1.9,-1.0,-1.4,-0.4,1.1,1.4,0.3,-2.9,1.4,1.6,1.0,-1.8,-0.9,-1.0,-1.6,0.2,0.6,-0.3,-0.9,-0.8,0.6,-1.0,-0.4,-1.0,-2.3,-3.0,0.6,0.3,-4.5,-1.1,1.0,1.1,-1.3,-1.2,-2.6,-1.8,-4.8,-0.7,-0.4,-15.0,-0.1,-0.6,0.7,-1.2,-0.4,-0.4,-0.4,-1.8,-1.2,-0.9,-0.7,-1.3,1.8,-0.1,-3.8,-1.7,-1.8,0.1,-1.0,1.8,-0.2,-1.9,-1.1,0.9,-0.3,0.1,-1.6,-1.7,-0.2
2C7L50wKIU,0,48.098915,11.633591,4442724.24,2777496.1,543.0,588.7,212,7418,4.1,0.62,0.48,32.67,348.96,-0.53,-0.103,0.842,-0.1,0.2,-1.05,0.31,1.6,0.3,-0.3,-0.8,-0.4,-0.5,-0.2,-0.5,-1.5,2.0,-1.1,-5.9,-3.1,2.3,2.8,-3.3,-8.1,-5.5,-8.0,-1.5,-9.2,1.8,-3.7,0.5,7.9,4.3,7.5,8.2,4.1,5.4,12.3,10.0,7.6,9.7,1.2,4.9,8.6,6.0,4.6,-0.6,13.3,3.5,7.6,6.3,8.8,5.3,12.2,7.1,4.2,5.7,4.8,8.0,7.3,2.1,-5.2,8.3,-4.8,-0.5,0.4,15.6,2.1,3.4,4.6,5.0,2.3,1.1,3.9,12.5,8.7,3.1,0.1,-0.8,-0.2,5.3,6.4,12.1,0.3,-2.3,-3.4,0.9,-4.5,-7.7,0.2,4.4,2.3,-1.0,-3.7,2.4,12.7,4.8,2.9,9.1,15.3,2.0,9.6,7.7,2.4,9.0,1.9,9.0,4.0,2.6,0.9,7.4,2.2,3.2,1.1,4.2,3.7,7.7,8.8,8.6,2.2,-0.3,4.1,3.7,0.5,2.9,7.5,6.1,4.4,3.0,7.2,1.6,3.3,6.8,7.9,-0.4,5.1,5.1,3.9,10.3,-0.8,8.4,0.6,7.3,-4.2,7.1,8.0,8.9,2.3,7.1,8.4,7.2,4.7,3.8,6.9,7.5,5.8,5.7,4.9,7.8,3.2,7.6,3.7,0.4,3.1,5.2,1.7,6.3,5.0,2.0,6.7,2.0,1.0,6.2,7.3,-1.7,0.9,3.1,-0.4,5.1,1.4,-4.4,6.9,1.6,10.5,-7.2,3.8,3.0,4.9,-1.3,5.0,6.8,4.8,1.6,2.3,-0.6,-0.4,1.1,4.0,-1.4,1.8,-5.0,2.2,2.9,0.9,1.5,5.9,5.6,5.3,9.1,4.6,4.7,2.9,-1.9,3.3,2.7,2.2,0.3,4.8
2C7L50wKIZ,0,48.098954,11.63389,4442746.44,2777500.86,542.2,587.9,212,7423,3.7,0.7,0.46,32.67,348.96,-0.53,-0.103,0.842,0.5,0.2,1.06,0.29,0.6,0.2,-0.3,-1.2,-0.9,-0.5,-1.8,-0.1,0.5,-0.3,-0.0,0.4,-3.9,-0.3,0.4,3.1,-0.3,0.7,2.3,2.5,3.6,0.5,-1.3,-0.8,3.4,0.0,3.7,1.2,-2.1,-0.4,2.2,1.4,-2.3,-2.2,-6.9,-5.8,1.6,-6.6,-4.5,2.8,3.6,-0.8,1.6,6.2,1.5,-1.3,-2.0,2.7,-3.4,-1.8,-3.7,-6.7,-2.2,3.6,-0.5,0.6,-0.9,-1.2,-1.7,-2.0,-0.7,-2.5,-3.7,-0.9,-0.9,-0.8,-1.9,-2.9,-3.0,-3.1,-3.7,-0.2,-1.5,-4.6,-0.3,-1.9,-0.4,-0.8,-1.8,-2.7,-3.0,-2.9,-4.2,3.9,0.8,-2.8,-1.0,-2.8,-3.0,-8.0,-0.2,-2.8,9.5,-5.1,-0.2,7.1,0.8,-6.3,0.7,-2.0,2.7,0.5,0.6,3.7,-2.7,-3.4,11.6,4.9,0.1,0.8,-0.0,-3.0,-2.3,-2.7,-5.9,-2.1,-4.1,-4.3,-4.7,0.0,-2.3,-6.3,-3.8,-3.2,-1.9,-4.8,-3.8,-2.0,-3.1,-6.6,-0.1,-2.7,-0.3,3.7,1.0,0.1,-3.7,-5.4,-2.9,-1.9,-10.1,3.5,2.4,0.6,9.2,-13.6,-4.5,3.1,-8.0,1.2,-0.6,11.0,-7.6,3.7,-7.7,11.4,0.6,-2.0,-8.7,-1.3,-6.2,-2.5,-1.9,3.6,4.5,-1.9,-1.2,-0.5,-5.8,-1.2,-6.1,-0.0,-0.0,5.7,1.8,-2.2,-4.1,1.2,-2.6,1.0,-1.7,-2.1,5.0,5.0,4.8,7.8,6.2,5.0,3.3,-5.0,2.7,6.8,10.2,4.1,5.7,0.1,1.4,4.2,-5.1,2.4,6.3,6.0,2.2,-2.6,-2.1,4.8,3.7,5.1,-1.6,0.8,-2.8
2C7L50wKIj,0,48.099051,11.634647,4442802.58,2777512.88,551.3,597.0,212,7433,2.6,0.85,0.32,32.67,348.96,-0.53,-0.103,0.842,-0.4,0.1,-0.25,0.2,1.3,0.2,-0.3,-0.7,-2.0,-0.1,-2.4,-2.4,0.4,-0.6,-0.1,-1.6,5.0,-1.6,2.2,-0.2,-0.6,-0.6,0.2,-2.2,-1.4,-5.0,-2.4,-3.8,-1.3,-5.4,0.4,-3.1,-1.6,-2.6,-2.0,-1.2,-5.3,-0.9,-4.6,-8.3,-6.2,-2.6,-2.2,-1.6,-1.1,-2.7,-1.0,-2.0,-4.7,-1.5,-1.4,-1.6,-1.7,-8.3,-0.8,-3.1,-1.7,-2.7,1.2,0.9,-0.6,-4.1,1.5,-5.5,0.8,2.4,0.3,0.0,-3.1,10.0,2.9,2.1,-0.5,5.3,5.1,-1.5,-5.7,-0.6,-0.7,1.2,-0.2,-2.6,-3.5,-1.9,-3.1,-2.0,-5.4,-2.2,-5.8,-1.2,-4.9,-2.7,-2.4,-1.0,-3.8,-3.2,-3.2,-2.7,-3.0,-2.7,-3.0,-1.4,-4.5,-4.4,-0.6,-4.2,-4.8,-4.2,-3.5,-0.8,-1.1,-1.8,-2.4,-0.9,-3.8,-2.8,-3.6,-1.2,-2.5,-1.4,-2.5,-2.6,-2.0,4.2,-3.1,-2.1,1.0,9.4,-2.1,-4.6,-2.4,-2.8,-2.4,-4.4,-5.3,-3.2,-5.1,1.7,-3.7,-1.8,-4.0,-2.1,-2.5,-1.7,-5.0,0.4,0.8,-1.2,-4.8,-3.4,-2.5,-1.8,-3.1,-11.2,-1.9,-0.1,-3.5,-2.2,-1.3,-0.9,-2.7,-5.4,0.2,-5.5,-4.1,-0.1,-3.7,-2.9,-0.5,-1.6,-2.4,-5.1,-0.5,-0.3,-6.1,-3.1,-3.5,-2.4,-2.7,1.0,-1.9,0.8,0.9,-1.2,-5.7,7.3,-1.7,-0.6,-0.3,-2.0,-3.6,-2.8,-4.4,-3.3,-5.3,-3.0,-4.0,-3.3,-3.4,-5.2,-9.5,-5.2,-2.7,-0.6,-2.4,-3.9,-6.9,-3.6,-5.6,-4.0,-4.8,-14.6,-2.1,0.9,-3.5
2C7L50wKJR,0,48.099348,11.636963,4442974.4,2777549.76,544.3,590.0,212,7477,2.1,0.91,0.33,32.68,348.96,-0.53,-0.103,0.842,-0.4,0.1,-0.36,0.16,0.1,0.1,-0.3,0.3,-2.0,-0.4,0.0,-1.7,-1.0,-1.0,0.8,0.9,-3.5,-0.2,0.7,-0.1,-1.6,1.8,0.4,0.2,-2.1,-1.2,-2.3,-1.8,0.9,0.4,2.1,1.2,2.4,0.2,4.2,1.9,-1.3,3.0,-4.3,-1.3,-1.9,-1.3,-0.5,0.4,1.2,0.2,0.3,1.5,1.5,2.2,0.6,-0.3,0.7,1.9,1.2,0.6,-0.1,0.5,-0.4,0.5,-0.5,-2.4,1.5,1.9,1.3,1.3,0.3,-0.0,-0.6,-6.5,-1.7,4.1,0.2,-0.7,-1.8,-0.8,-0.1,-2.2,1.0,-2.0,0.8,0.7,2.0,2.0,0.5,0.6,0.7,-0.5,-1.3,-1.6,1.5,0.6,-0.0,-0.0,-1.2,-4.2,1.0,2.0,-2.0,-0.4,0.8,0.7,2.9,0.7,2.4,1.0,-0.7,-0.1,0.6,-0.2,1.2,1.1,0.0,0.5,-0.2,-0.7,0.9,1.1,0.7,-0.4,-0.2,0.5,-0.9,0.1,-1.7,-1.2,-1.2,-0.4,0.6,2.6,-2.2,-1.6,-0.1,-0.1,-0.6,0.5,-0.7,1.6,-2.9,0.6,-0.3,-2.9,-2.0,0.2,-0.6,2.4,0.1,0.9,-4.4,-1.5,-0.4,-0.3,1.2,-13.1,0.0,0.4,-0.4,10.0,-1.2,1.6,-0.1,0.1,-0.9,-0.2,-2.4,-2.3,-0.3,-2.3,0.4,-2.1,-2.0,-3.3,-1.9,1.9,-7.0,-1.6,1.3,-0.7,0.1,-1.1,-1.7,-0.9,5.2,0.6,-1.3,9.1,-1.1,-1.0,-2.7,-1.5,0.0,2.0,-3.5,-2.4,-1.8,-1.3,-3.7,-0.3,-2.5,-3.1,-3.7,-2.4,-2.0,-1.4,0.4,-2.8,-1.3,-0.3,-1.8,-5.4,-4.7,-2.5,-3.3,-2.5,-2.5
2C7L50wKJp,0,48.099517,11.638277,4443071.93,2777570.69,540.0,585.7,212,7501,1.9,0.91,0.32,32.69,348.96,-0.53,-0.103,0.842,-0.8,0.1,-0.3,0.15,0.1,0.1,-0.3,-0.7,-2.2,-0.9,-0.1,-0.9,-0.9,-1.3,-0.4,0.0,-0.9,-0.7,0.7,-1.2,-1.9,-1.2,-0.6,0.8,-0.4,-0.7,-2.5,0.9,0.6,3.0,-0.5,2.0,2.2,0.9,1.0,3.3,-2.5,7.6,0.3,-3.2,0.8,-0.1,-0.3,1.7,1.1,2.5,1.2,0.9,0.8,3.6,1.6,1.3,-1.9,-3.4,-3.3,-0.4,0.5,-1.7,0.4,-0.5,-0.6,-2.4,0.7,-2.5,2.8,0.3,0.6,1.3,2.1,2.4,1.0,1.9,-0.6,0.5,1.4,0.5,1.5,-0.4,0.2,-1.6,0.7,3.6,-0.5,-0.3,0.2,-0.7,-0.6,0.2,-1.7,-3.1,-0.2,-1.1,1.7,1.0,-0.0,-2.7,-2.1,-0.4,-1.4,-3.0,-3.0,-1.8,-1.6,0.7,-0.2,-0.5,-0.5,-1.3,-2.1,-2.3,-1.9,1.6,-1.2,-2.7,-0.4,-3.5,-1.1,0.2,-2.0,-0.9,-0.2,0.3,-0.9,0.1,-2.5,-0.9,-2.6,0.7,-0.8,-3.4,-1.1,-0.7,-2.7,-1.1,-0.8,1.5,1.6,4.8,-3.4,0.0,-1.2,-3.0,-0.1,-2.4,-4.1,2.6,2.0,1.6,-2.6,-3.1,-2.2,-4.1,-0.9,2.2,-1.7,0.1,-1.5,-1.3,-2.7,0.4,-1.4,-1.0,-1.7,-2.3,-1.9,-0.6,-2.5,-2.6,-0.0,-2.2,-6.4,-2.4,0.0,3.1,-5.7,-4.0,-0.2,-1.9,-0.7,0.5,0.9,-1.1,0.6,-1.6,-2.4,-7.0,-0.9,-3.8,-5.0,-5.1,-3.5,-3.2,-5.6,-2.7,-3.4,-3.8,-5.1,0.0,-4.4,-8.2,-7.4,-3.3,-2.8,-3.5,-1.3,-5.0,-3.9,-8.6,-3.0,-4.8,-2.5,-0.9,-1.3,-0.6,-1.9
2C7L50wKH6,0,48.098287,11.62855,4442350.21,2777417.94,535.3,581.0,212,7332,3.7,0.71,0.44,32.65,348.96,-0.529,-0.103,0.842,-0.2,0.2,0.15,0.28,1.0,0.2,-0.3,0.9,-1.2,-8.9,-5.8,-0.9,1.7,-0.4,-4.6,1.2,1.1,-0.1,2.6,1.9,7.2,4.0,2.5,2.3,1.4,3.2,-2.4,2.4,2.5,-5.2,-2.2,3.9,6.9,5.5,1.5,-3.8,-7.9,3.2,-2.5,4.3,4.1,-9.0,-6.0,9.0,-0.3,8.4,-1.8,0.5,1.6,3.1,-2.6,6.1,-0.1,0.5,4.7,-3.2,4.8,-3.7,-0.4,-3.3,-1.2,-4.0,1.5,2.4,1.1,-1.1,3.2,3.9,0.5,2.3,0.3,-3.2,6.9,8.4,-2.0,2.4,2.0,2.7,-1.5,2.8,0.7,-0.1,7.6,3.8,4.0,2.8,8.9,6.6,-1.8,3.8,-0.7,-0.3,3.8,0.7,-2.5,-3.6,-2.4,-0.8,0.1,2.0,-0.1,-0.8,-0.9,2.4,3.6,-8.8,-1.9,1.1,-2.9,-7.1,-5.2,-2.0,-1.0,-0.8,-0.1,-7.7,-6.1,-5.9,0.6,-4.6,-1.2,-0.5,-1.4,-2.4,-0.5,-4.4,-0.9,1.8,1.6,4.0,-0.3,2.9,3.3,0.3,0.7,-3.2,12.0,-4.7,-8.0,-0.2,0.4,-4.2,-1.2,-1.4,1.4,1.6,1.3,2.5,-0.1,0.4,0.6,1.7,-0.5,4.0,1.0,0.6,1.9,-4.0,-1.4,0.1,-1.2,0.9,0.2,2.0,-1.0,2.4,1.7,0.1,-5.1,-9.0,-7.2,-8.9,1.1,-0.4,-10.9,1.2,6.0,1.2,-3.5,1.1,2.7,0.9,4.4,1.6,-0.6,-0.7,2.8,0.3,0.6,-0.2,-0.7,-9.2,-10.7,-1.5,3.2,7.9,-1.2,-3.3,1.7,0.6,-2.9,-1.5,-1.2,-0.1,-1.8,0.8,1.8,2.3,-1.0,-0.7,0.8,0.3,0.1,-1.5,3.1
2C7L50wKHj,0,48.09859,11.630914,4442525.55,2777455.54,541.9,587.6,212,7371,2.7,0.81,0.37,32.66,348.96,-0.53,-0.103,0.842,-0.5,0.1,-0.54,0.21,1.1,0.2,-0.3,1.1,-0.1,2.1,3.4,2.4,5.6,0.6,-2.9,5.6,4.0,-1.3,3.9,0.8,-1.4,-0.1,0.4,-2.1,-1.6,-2.3,0.8,-3.1,1.4,-2.3,-0.1,-0.3,4.9,1.2,-1.9,-1.5,-0.4,-5.9,-5.9,-10.1,-4.7,-6.8,-1.6,-1.2,-0.9,2.8,1.3,-3.3,-3.8,1.0,-0.6,-2.2,-3.6,-7.5,-1.6,-3.0,1.0,-0.9,-4.7,-3.9,-3.3,-2.7,-2.4,-6.3,-3.1,-4.5,-2.1,-3.2,-3.3,-0.2,-1.0,-2.2,-6.2,0.8,-2.3,-2.4,-0.6,-4.1,-0.7,-2.7,-7.7,1.5,-0.9,3.2,0.1,-1.6,-0.5,-2.0,-1.4,1.0,1.7,0.2,1.9,2.1,0.6,1.8,-1.3,-4.1,-1.0,-2.5,0.5,-0.7,-1.0,-2.0,-0.4,0.7,1.8,0.2,1.3,4.6,2.1,1.1,0.5,-1.3,0.5,0.9,1.8,-1.3,2.1,1.3,-1.0,3.8,0.1,2.1,1.7,0.4,3.6,0.2,1.2,-0.3,-0.6,3.5,2.9,4.5,2.0,0.0,-2.8,-3.2,1.5,-5.8,-3.5,-6.2,-3.0,-1.7,-4.6,-2.4,-1.5,-6.5,-9.6,-2.5,-3.7,-1.2,1.4,0.6,3.0,2.2,2.1,3.6,-1.3,-1.1,1.6,4.3,-2.8,-1.4,-3.8,-1.7,-0.9,-2.4,-5.4,-5.0,-7.1,-6.0,-3.9,-3.7,-6.4,-0.6,-3.0,-1.3,-2.7,0.5,-3.7,-0.8,-0.7,-1.0,-2.0,-5.7,-1.1,-2.0,-0.4,-1.3,-0.7,-1.5,-0.7,-8.1,0.1,-1.4,-3.1,-3.0,-3.2,-0.7,-7.1,-0.8,-3.5,2.9,-8.4,-7.8,-1.6,-4.4,-4.2,-5.1,-4.9,-4.5,-5.5,-5.9,0.2
2C7L50wKHx,0,48.098686,11.631661,4442581.0,2777467.44,540.1,585.8,212,7385,3.0,0.73,0.39,32.66,348.96,-0.53,-0.103,0.842,3.2,0.2,0.86,0.26,0.8,0.2,-0.3,-4.8,-1.0,-4.0,-2.9,-4.0,-3.9,-0.0,-3.0,-0.2,-0.8,-2.5,-5.3,-3.1,-5.3,-1.3,0.8,-2.7,-2.3,2.4,-2.4,-4.1,-3.2,-4.4,-3.8,-3.9,0.6,-5.9,-5.8,-4.3,-7.4,-3.2,-10.5,-7.8,-5.9,-8.4,-1.6,1.0,-2.6,-0.5,-1.5,-1.2,-4.1,-5.7,-4.5,-6.2,-2.5,-3.7,-4.1,-0.2,-1.8,-1.2,-0.7,-1.4,-1.2,0.1,1.1,-4.9,-2.9,-0.4,-0.2,-0.3,-2.0,-1.7,-0.1,-9.4,-4.8,-5.1,0.5,-0.2,-0.4,-7.5,0.3,-4.8,-5.6,-1.6,-3.8,-4.7,-4.0,-4.9,-6.1,-5.1,-4.7,-4.7,-7.2,-1.6,-4.9,-2.3,-6.8,-3.9,-3.2,-3.9,-1.7,-2.7,-2.2,-5.8,-5.5,-3.1,-3.8,-4.0,1.3,-1.5,-1.7,0.9,1.7,-5.5,1.2,1.5,-0.1,-1.0,-2.4,-3.9,0.8,-1.9,-1.4,-3.6,-2.6,-5.1,-1.6,0.1,-2.0,-5.6,-4.4,-1.6,-2.6,0.7,2.1,-5.6,-0.1,-4.3,1.6,-3.8,-3.0,2.6,-1.1,-1.4,-7.4,0.7,-5.8,1.5,4.5,-6.8,-5.8,-3.4,0.6,6.8,5.0,9.1,4.3,7.0,7.2,10.8,4.4,6.2,5.5,4.5,6.2,5.8,8.1,9.4,10.8,11.5,11.6,9.8,6.8,6.9,12.9,9.0,7.7,8.0,15.6,12.6,9.9,9.1,6.8,10.5,13.4,7.0,6.0,11.9,11.4,9.4,10.7,10.4,8.3,8.0,10.4,10.1,10.0,7.3,6.4,4.8,3.8,5.2,2.7,6.6,9.9,8.9,9.3,13.7,9.5,8.5,9.0,6.5,6.7,7.2,5.8,6.5,6.1
2C7L50wKI7,0,48.098765,11.632277,4442626.67,2777477.23,543.9,589.6,212,7395,1.7,0.93,0.3,32.66,348.96,-0.53,-0.103,0.842,-0.2,0.1,-0.29,0.13,0.4,0.1,-0.3,0.3,-1.0,0.2,0.7,0.4,-1.2,-0.8,1.1,0.8,-1.2,1.5,1.6,2.0,1.3,0.9,1.8,1.1,1.3,0.6,1.3,0.7,2.1,1.4,1.7,1.8,0.6,-0.6,-3.6,-0.6,-1.6,-1.2,-2.2,-3.1,1.3,-0.8,0.7,0.9,1.8,1.4,2.6,1.6,-2.2,1.5,-1.1,1.0,1.1,0.2,-0.8,-0.7,-1.0,0.8,2.1,0.1,1.6,2.3,1.4,-0.7,1.4,0.4,1.7,0.9,1.6,-2.4,1.2,9.0,-2.0,1.0,0.3,1.5,-0.5,0.3,-1.7,0.9,-1.3,-0.0,0.2,2.0,1.9,1.7,-0.9,2.3,1.1,1.9,1.2,3.4,2.3,2.3,1.5,-1.0,-0.6,-0.4,-0.9,-2.5,1.4,0.8,-0.9,4.2,1.1,2.8,-1.7,-1.3,1.5,3.2,2.1,3.0,1.9,1.6,-0.2,-0.9,1.4,2.9,2.3,0.6,2.0,2.9,-0.2,-3.5,-1.0,-0.3,1.3,0.7,0.6,0.4,2.6,3.9,2.8,-0.7,3.6,2.2,0.5,0.3,3.1,0.4,-0.1,-1.6,-0.3,0.7,-2.4,-0.3,0.2,0.9,0.9,-0.4,0.9,2.3,2.9,-5.2,1.2,-0.2,2.5,3.2,-0.0,-0.7,-0.9,-0.6,2.1,0.7,0.0,-0.2,-0.1,0.3,-0.0,0.5,-3.2,-3.3,0.8,-1.1,-2.8,-1.3,-0.6,1.8,-0.3,-3.4,-1.7,1.6,-2.4,0.2,-0.7,3.1,1.0,1.7,-1.2,-3.0,-2.7,1.8,2.1,1.2,0.9,-1.0,-1.2,1.9,-0.9,1.5,-4.0,1.0,-0.2,-0.5,-1.0,-0.4,-0.5,-1.0,-0.6,-1.6,1.9,-0.9,-1.2,1.1,-0.7
2C7L50wKI8,0,48.098772,11.63233,4442630.6,2777478.07,543.7,589.4,212,7396,1.5,0.94,0.21,32.66,348.96,-0.53,-0.103,0.842,-0.0,0.1,-0.07,0.11,0.5,0.1,-0.3,1.6,0.8,1.6,0.8,1.1,-5.5,-0.2,-0.2,0.0,-1.7,0.9,-1.5,0.9,0.1,1.0,1.8,0.8,2.0,1.0,2.6,1.0,3.2,2.3,1.7,2.7,1.8,0.9,-2.6,1.9,-0.4,-2.0,-1.5,-1.7,0.3,1.1,2.7,2.3,4.1,2.3,3.4,2.2,1.6,2.1,3.0,2.5,2.2,0.9,1.6,2.2,1.2,1.3,1.8,1.2,1.6,1.8,1.8,0.5,0.2,0.2,0.9,0.2,0.3,-4.0,0.5,-5.3,-3.2,0.9,0.4,-1.3,0.6,0.0,-0.5,-0.4,0.0,-0.1,1.2,0.1,1.5,1.2,0.8,0.1,1.0,2.1,1.9,2.6,3.1,3.0,1.0,0.6,0.2,0.3,1.1,-0.8,1.8,-0.1,-0.1,2.9,2.0,2.9,0.7,1.5,2.7,3.3,3.5,3.3,2.4,1.7,1.6,1.3,2.7,3.1,1.7,1.6,2.4,2.6,-0.2,-0.6,-0.1,-0.9,1.0,0.3,0.8,2.1,1.3,3.4,2.5,-0.4,2.6,0.6,0.7,2.1,2.8,1.4,1.3,-0.5,1.1,1.6,-0.9,1.9,4.5,-0.3,0.0,-0.2,1.1,2.1,1.6,-2.5,1.4,2.1,2.2,-0.0,-1.1,0.9,0.1,1.4,1.6,2.4,0.9,1.7,0.5,2.0,-0.2,0.7,-1.7,-1.3,2.1,1.4,-3.6,0.9,0.6,1.4,-0.8,-1.4,-2.3,-0.3,-3.1,-0.1,0.4,4.0,0.8,1.1,0.4,0.2,0.6,0.4,0.3,0.3,1.9,1.6,1.1,3.0,1.3,2.0,-0.8,0.6,2.2,1.9,0.7,1.0,1.5,1.1,0.9,1.5,2.0,0.7,0.3,0.4,1.7
2C7L50wKI9,0,48.098776,11.632363,4442633.06,2777478.6,542.6,588.3,212,7397,2.8,0.8,0.41,32.66,348.96,-0.53,-0.103,0.842,-0.0,0.1,-0.21,0.21,1.5,0.2,-0.3,1.8,-1.3,1.0,1.1,1.5,0.2,-1.4,-0.6,-1.2,-1.9,1.3,5.0,1.1,-0.2,1.4,1.0,2.1,6.8,4.4,7.0,3.4,6.0,3.4,-7.0,4.1,4.1,1.6,-4.2,4.8,-0.3,-10.0,0.9,-1.8,-0.6,1.9,6.5,6.4,4.0,3.7,3.7,2.8,3.4,6.2,5.6,7.5,5.0,5.7,1.7,0.8,1.3,0.3,1.2,0.6,0.2,1.5,-0.3,2.2,0.4,0.9,0.1,-1.7,0.6,7.8,4.1,1.5,2.6,2.2,3.2,-1.6,3.1,7.0,1.0,1.8,4.8,2.1,3.9,-5.5,3.8,1.8,1.4,-4.8,-1.6,-0.3,1.0,-0.2,8.1,5.0,1.6,2.5,4.1,5.6,2.8,4.4,1.5,1.0,1.1,3.6,3.2,4.6,4.8,4.6,4.5,3.8,4.9,4.8,4.8,11.3,7.2,3.7,4.5,4.5,3.4,1.7,3.1,4.1,0.6,-0.2,0.1,-3.0,0.6,0.3,0.4,2.1,-0.0,5.4,7.4,1.9,-0.2,-0.3,4.5,-1.5,4.5,3.9,5.4,4.5,4.7,3.5,2.8,6.5,5.9,7.8,0.2,-0.0,-2.3,0.3,0.5,-1.3,-0.9,0.3,-1.8,-0.3,-0.4,-1.2,1.5,0.9,1.5,1.3,0.2,4.2,6.6,4.6,1.8,5.4,1.0,1.9,2.7,6.1,1.9,5.4,5.3,1.9,-1.9,-2.3,-1.0,3.3,-1.5,-0.2,0.1,4.2,-0.7,-1.7,-1.5,-2.5,1.2,-0.0,-1.1,1.6,3.8,4.6,5.6,5.4,7.5,5.8,2.5,4.0,6.3,7.7,4.8,0.4,7.9,1.1,1.5,-0.9,-0.8,0.2,-1.7,-0.3,1.8
2C7L50wKJV,0,48.099397,11.6372,4442991.97,2777555.59,544.7,590.4,212,7481,3.4,0.76,0.41,32.69,348.96,-0.53,-0.103,0.842,-0.1,0.2,0.11,0.26,1.2,0.2,-0.3,-0.5,-6.3,-5.4,8.5,-0.9,-4.9,-1.7,7.8,1.6,-2.5,-2.3,1.4,-2.7,-1.7,4.0,3.2,2.1,3.6,-3.0,-1.9,-4.3,-3.2,-1.0,-3.7,-1.9,-0.7,0.1,1.3,-0.5,-2.5,1.0,-6.4,-4.9,-2.5,-2.0,-3.8,-2.0,-2.6,-2.7,-3.5,1.3,-3.0,-2.7,-3.7,-0.1,-0.5,0.5,2.1,-1.7,2.1,0.2,-0.1,-1.5,-0.8,1.8,-0.3,-2.3,2.1,-1.1,-0.7,-1.3,-4.3,-3.7,11.6,-10.6,12.4,8.8,-6.4,-2.7,-4.9,-7.7,-2.5,-7.5,-4.6,-4.4,-2.9,1.0,-4.7,1.4,2.1,0.5,-3.5,-4.2,-3.3,-2.5,0.6,-0.2,-2.1,-2.6,-3.6,-4.7,-1.8,-2.2,-1.7,-1.5,-0.1,-1.0,-0.8,-3.5,-4.1,-2.0,-2.9,1.8,-3.4,-6.4,-1.9,3.3,-1.0,0.8,2.4,-0.5,0.9,4.5,1.2,1.4,5.8,-6.3,-3.3,-0.5,2.4,4.2,0.1,1.7,-4.1,-3.9,-3.9,5.7,0.7,-2.0,-3.7,0.3,-0.9,-4.8,-2.0,-4.3,-2.5,-3.7,-5.1,2.1,-3.7,-5.4,-4.8,-4.9,-4.7,-1.2,-5.7,-2.3,1.1,-0.8,1.3,-8.9,-1.6,-0.5,-0.8,-3.6,0.1,1.3,1.7,-2.1,0.8,1.9,-3.6,-2.2,-6.6,-6.1,-1.2,3.8,-9.1,-5.1,-2.6,-1.7,-4.8,-8.6,-4.1,6.1,5.0,2.7,-4.1,8.3,0.0,0.5,-1.2,2.1,-1.8,-5.2,1.9,-2.8,-2.7,-0.5,-4.5,-1.5,-1.3,-3.5,-4.2,-5.4,-0.3,-1.5,-2.7,0.2,0.4,-1.1,-2.7,-7.0,-3.5,-2.3,-0.7,2.4,1.2
2C7L50wKJx,0,48.099599,11.638767,4443108.24,2777580.54,542.3,588.0,212,7509,2.7,0.83,0.35,32.69,348.96,-0.53,-0.103,0.842,-1.0,0.1,-0.07,0.21,1.0,0.2,-0.3,0.9,-3.1,0.6,1.9,0.5,3.1,1.7,-0.7,-1.0,-4.4,-0.8,2.9,-3.6,-1.1,-2.5,-2.3,-1.3,-0.5,-3.7,-3.5,-2.2,-0.7,-2.3,-7.1,-6.4,-5.2,-4.7,1.3,-2.0,-8.1,-3.9,-9.6,-8.2,-3.5,-4.1,-0.9,-5.1,-0.7,-1.0,4.1,3.1,-2.3,2.4,-3.3,-9.0,3.3,5.0,5.7,4.6,3.8,7.3,4.5,1.3,-0.1,2.2,-4.7,1.2,1.6,3.5,1.5,2.0,2.1,-6.7,2.2,-12.4,-1.2,1.1,3.4,-4.7,-2.6,-3.3,-3.2,1.5,-5.0,-3.0,-2.7,-2.6,-1.7,-2.9,-2.3,-3.4,-2.0,-2.5,-2.0,-4.5,-4.2,-3.0,-6.1,-6.0,-2.1,-4.0,-2.3,-8.3,-6.0,-2.6,0.1,0.1,-3.1,-1.4,-3.1,-4.9,-2.2,-1.6,-2.0,-2.7,-3.0,-3.4,-3.2,-3.8,-3.1,-3.3,-2.4,-3.2,-3.0,-2.8,-2.5,3.0,-3.7,-2.5,-2.9,-0.5,-2.7,-1.6,-2.8,-3.0,-1.4,-3.2,-4.9,-3.4,-4.3,-2.2,-3.8,2.7,-2.0,-2.7,-2.9,-3.3,-3.8,-0.8,-1.4,-3.1,-4.7,-5.7,-4.1,-3.4,-3.1,-4.8,-3.4,-3.1,-4.3,-5.5,-2.6,-3.5,-3.3,-3.3,-2.7,-3.7,-2.8,-1.8,-4.4,-3.5,-2.6,-3.6,-5.3,-3.9,-1.6,-1.9,-8.0,-6.8,-3.3,-3.4,-3.4,-3.5,-3.6,-7.2,-7.0,-3.9,-2.9,-15.1,-4.9,-4.1,-4.0,-6.2,-4.7,-4.1,-4.4,-2.5,-4.3,-5.8,-5.3,-3.8,-4.2,-5.7,-7.0,-4.9,-4.3,-4.9,-5.2,-2.5,-4.2,-4.6,-6.7,-7.6,-6.4,-5.0,-1.0,-7.3,-5.8
2C7L50wKK0,0,48.09962,11.638937,4443120.82,2777583.24,543.4,589.1,212,7512,4.1,0.7,0.49,32.69,348.96,-0.53,-0.103,0.842,-0.6,0.2,-0.52,0.31,1.4,0.3,-0.3,6.1,9.0,5.4,3.1,2.0,6.4,4.8,-2.4,0.3,8.8,0.8,-10.7,1.8,-2.1,-2.8,-4.2,-2.2,-0.7,1.1,-5.9,-11.9,-5.3,-3.6,-9.3,7.9,-13.5,12.7,-10.2,-13.2,1.2,2.2,5.9,1.3,-14.4,1.6,-1.5,-7.8,-2.0,-6.8,-8.6,-10.0,6.5,-7.4,-2.0,-11.7,12.3,10.0,-13.4,-0.8,-3.7,-2.8,0.6,5.1,1.8,2.6,0.1,1.4,2.4,0.7,0.4,5.4,-0.3,12.1,-1.2,2.4,3.8,1.2,-1.5,2.5,3.5,2.9,5.9,7.7,-2.1,-9.5,-1.3,-2.7,-0.5,2.6,-0.4,3.1,-0.1,0.2,0.8,-0.8,5.1,3.1,1.7,-2.0,2.8,0.3,-2.7,-1.5,0.1,2.0,-0.6,0.4,4.0,0.2,-1.5,-2.4,-0.6,1.7,0.1,-2.0,1.7,-1.0,-0.8,0.8,-0.5,-0.4,-2.6,-2.1,-0.8,0.6,0.1,-2.7,-2.2,-2.6,-1.6,-1.3,-0.0,-2.5,0.3,2.2,5.4,1.2,1.9,-2.5,-2.6,3.7,-2.0,0.8,-0.0,-2.0,-0.8,-2.7,-5.5,0.7,0.8,-1.4,-0.1,-5.9,-3.0,-2.4,-0.9,-0.3,-3.4,-2.8,-2.8,-2.1,-1.7,-0.7,-0.8,-2.1,-4.2,-3.9,-2.5,-2.4,0.2,-1.1,-0.7,-2.6,-3.1,-3.2,-1.5,-0.3,-3.1,-7.4,-1.3,-2.0,-5.5,-0.6,-0.7,-2.4,-3.5,-1.6,-2.3,-0.9,-1.0,0.3,-1.9,-1.5,-2.4,-1.5,-0.9,-3.2,-1.4,-1.3,-2.9,-2.4,-2.3,-6.6,-6.3,-7.3,-6.4,-6.0,-1.5,-2.0,-2.4,-2.9,0.2,-1.8,-1.8,0.1,-4.0,-2.8,-6.7
2C7L50wKGP,0,48.098007,11.626228,4442177.83,2777383.02,542.0,587.7,212,7289,2.9,0.81,0.39,32.63,349.02,-0.529,-0.103,0.842,-0.2,0.1,-0.21,0.22,0.5,0.2,-0.3,1.8,-3.4,0.6,1.9,4.1,2.8,5.2,4.0,9.0,2.8,2.1,2.1,-1.2,1.6,-0.5,-0.7,-0.3,-4.1,0.5,-0.3,-5.4,0.9,4.4,-0.7,4.0,6.1,-2.1,1.6,-4.8,-4.1,6.9,1.6,-6.6,-6.2,-9.2,-4.9,-4.8,-3.9,0.2,2.5,3.7,5.2,-0.4,3.9,-3.0,-1.5,4.4,3.1,1.6,4.6,1.1,0.2,-2.7,1.1,-4.1,-2.1,-1.1,-3.1,-1.9,-2.6,-3.4,-1.4,-0.4,0.6,-3.6,1.3,-0.2,1.9,-0.4,1.5,1.2,1.0,1.7,1.0,-1.2,-1.1,-1.8,-2.4,-3.2,-3.4,0.4,1.2,-1.0,2.5,5.9,10.2,0.4,1.4,2.2,1.2,2.4,3.3,-0.3,3.6,0.4,0.3,2.0,2.6,2.4,1.3,2.4,4.8,1.6,-0.2,2.0,-0.6,2.0,3.1,0.5,3.6,0.5,1.4,0.5,0.0,4.9,3.6,0.8,2.3,1.3,2.3,5.5,2.3,1.9,1.6,0.4,0.8,1.6,-0.6,1.6,-0.8,1.5,3.4,1.2,0.1,1.2,-1.5,1.0,-0.5,0.6,4.2,-3.5,2.0,-2.2,-1.8,1.6,-1.8,1.9,-3.7,1.0,3.1,-2.9,-0.4,-1.6,-0.2,1.5,1.2,-0.1,0.2,-1.0,-2.6,-2.2,-2.9,1.8,0.6,-1.9,2.9,0.5,-8.5,-3.2,-2.7,0.1,2.0,-1.7,0.1,-10.8,-6.2,-1.7,-3.9,6.4,0.5,2.2,3.5,1.4,-0.4,4.4,-0.7,4.1,3.2,0.8,2.7,-0.0,-0.6,-4.2,-2.1,-2.9,4.3,0.1,1.2,-1.8,-0.2,-1.8,-0.9,-0.5,-1.3,4.8,-0.4,-2.2,0.2
2C7L50wKGT,0,48.098056,11.626608,4442206.07,2777389.07,549.1,594.8,212,7293,3.1,0.78,0.39,32.63,349.02,-0.529,-0.103,0.842,-0.6,0.2,-0.17,0.24,0.5,0.2,-0.3,1.7,1.2,0.1,0.5,0.1,-2.3,0.9,1.3,2.6,-2.7,0.1,-3.9,1.2,2.3,2.1,2.3,4.6,0.8,2.0,4.1,0.1,3.4,0.8,1.8,4.4,-0.0,0.5,2.6,1.7,0.7,-3.6,-1.5,-1.0,-1.4,-4.3,-1.5,1.7,0.7,1.4,-0.2,0.9,0.9,2.2,5.7,-1.6,4.5,-1.4,-0.8,0.9,-0.6,5.7,2.3,3.2,-5.1,0.1,-0.4,-2.6,-0.3,0.8,1.3,0.6,1.6,-0.1,1.3,11.7,5.4,2.3,-0.9,0.5,1.0,-5.0,-3.4,-7.7,-1.4,-0.6,-1.1,-0.8,-1.7,-3.6,2.3,4.1,3.2,1.3,0.0,5.1,4.1,4.9,0.5,0.4,2.8,0.7,0.5,-3.3,2.0,1.5,2.4,-8.4,3.9,6.2,4.8,5.7,0.1,5.2,2.7,4.5,5.1,0.3,-1.9,0.5,-0.4,0.9,1.2,1.3,3.0,2.2,4.3,-4.3,3.7,0.5,2.2,-1.5,2.8,-4.2,-0.7,0.4,1.4,-9.4,1.7,-2.1,2.9,2.1,-2.4,-4.3,1.6,-1.1,3.6,2.4,5.9,4.0,1.6,-3.5,-0.3,-1.4,0.5,2.9,1.0,-5.5,-0.4,1.9,1.1,-7.1,-0.2,-1.4,-0.1,1.4,-1.8,0.1,-2.1,1.2,2.9,-5.3,-4.0,-5.1,-0.7,-2.9,1.3,0.3,-3.1,-1.1,0.6,3.9,0.8,-9.6,-2.2,-5.6,-9.9,-3.3,-5.4,-10.1,3.6,0.3,1.1,3.6,0.9,-0.1,0.1,-4.4,1.5,-2.1,-3.6,1.8,1.1,-2.3,-8.2,0.7,3.9,2.3,4.6,-1.1,1.1,-8.1,2.6,-0.1,-0.7,-1.3,-6.5,-1.9,-1.0
2C7L50wKGa,0,48.098074,11.626752,4442216.71,2777391.37,538.6,584.3,212,7300,3.3,0.76,0.47,32.63,349.02,-0.529,-0.103,0.842,0.1,0.2,-0.96,0.25,0.2,0.2,-0.3,-0.6,1.3,3.7,2.8,0.4,4.0,-0.2,0.3,0.5,-0.8,5.2,-1.5,-0.3,2.1,-2.9,-1.7,1.4,0.1,0.8,-5.3,11.3,-0.2,-9.6,8.1,1.1,2.9,5.2,2.3,1.5,1.5,11.7,-0.1,-0.1,0.6,-9.2,-3.6,6.0,2.3,4.4,4.4,4.3,5.1,-3.3,2.9,7.5,6.9,2.1,0.2,4.2,2.7,5.8,0.8,5.3,1.6,-8.9,-2.1,2.3,-1.1,-1.7,-0.3,3.0,2.9,4.0,6.7,6.2,6.5,7.5,3.4,0.2,-0.3,4.2,5.0,3.9,2.0,4.1,2.2,1.8,5.0,5.0,6.0,6.0,5.6,1.7,10.4,5.5,7.3,1.2,7.0,3.9,2.4,6.9,4.9,2.3,5.3,3.3,3.6,5.1,-5.2,4.4,2.9,2.7,4.1,6.0,3.3,3.4,-0.2,6.6,3.2,4.6,5.0,-0.7,4.7,2.8,3.0,3.3,7.2,-6.0,2.6,7.9,6.1,2.9,4.6,4.4,2.0,2.9,3.5,1.5,0.5,1.6,-2.1,9.0,1.7,7.7,4.9,2.6,5.3,1.2,5.3,5.1,7.0,9.1,6.1,11.9,1.9,4.0,3.9,5.6,2.0,2.0,1.5,3.6,-0.3,2.2,0.1,2.2,0.7,-0.1,0.9,10.8,5.1,8.2,0.9,2.4,-3.4,-1.3,5.5,2.6,0.1,-1.0,0.6,0.2,0.9,2.5,2.0,1.5,3.2,4.3,2.9,3.9,5.7,3.4,2.7,6.2,0.7,3.2,1.4,2.0,6.5,2.9,0.9,0.1,0.6,4.3,-1.6,2.5,-0.9,4.3,5.1,-1.5,-3.0,-2.9,1.8,3.6,1.0,-0.7,8.0,2.9,2.4
2C7L50wKGk,0,48.098173,11.627521,4442273.8,2777403.6,548.3,594.0,212,7310,4.4,0.53,0.46,32.64,348.95,-0.529,-0.103,0.842,-0.3,0.2,0.09,0.34,3.8,0.3,-0.3,0.3,-0.1,0.6,-0.5,-0.7,3.3,1.3,-2.1,-2.0,0.2,-1.1,-1.9,2.4,-2.9,-5.4,-3.8,-4.8,-6.4,-6.8,-4.4,-5.8,-8.5,-0.7,-9.6,-4.4,0.8,-9.9,-9.3,6.5,-6.3,-19.3,-14.8,-5.7,-10.7,-9.9,-9.1,8.1,-5.2,-5.4,-4.4,-1.5,0.0,-6.4,-1.0,-3.5,-1.9,8.6,1.4,-3.1,-0.3,2.2,1.0,-0.9,1.9,-0.6,2.6,1.5,2.1,2.3,3.2,3.6,-1.0,3.5,2.6,1.3,2.6,1.4,-2.2,-1.1,0.3,-0.1,2.1,0.1,-0.7,-0.6,-3.7,-1.9,-4.1,-4.7,-2.5,-3.4,-4.3,5.4,-8.0,-0.3,-2.6,2.2,-6.8,-6.2,-6.4,-5.6,-4.8,-1.6,-3.0,-4.4,-6.9,1.1,-1.8,-12.9,-8.1,-4.0,-1.8,-6.4,-9.1,-5.4,-4.6,-3.9,-4.7,-4.9,-10.8,-7.7,-4.6,-7.4,-3.7,-1.1,-3.1,-5.3,-2.0,4.2,-2.2,2.1,0.6,0.1,0.3,-5.4,-6.7,-4.8,-6.4,-7.1,-3.8,-9.3,-7.0,-5.3,-3.9,-9.1,-4.9,-3.6,-3.6,-2.6,6.9,-0.3,-0.5,-2.3,2.3,-3.2,-4.4,-2.9,-2.4,-2.7,-11.0,-6.0,-3.7,3.2,-1.4,0.6,-4.3,3.0,-2.6,6.1,-1.5,-3.8,-10.6,-6.2,-13.3,-12.3,-2.1,-14.7,-13.3,-6.0,-5.1,-2.1,-8.1,-5.8,0.6,-1.3,0.1,3.2,3.1,-7.2,4.1,3.8,0.6,2.8,8.1,0.4,-8.5,-7.5,-1.5,-9.6,-2.1,-15.2,6.8,-17.2,-13.0,-16.9,-18.3,-8.0,-10.5,-10.4,-1.4,-3.0,3.3,-2.6,-0.8,-3.3,2.0,9.7,10.1
2C7L50wKGn,0,48.098211,11.627815,4442295.62,2777408.27,552.7,598.4,212,7313,2.7,0.77,0.32,32.64,348.95,-0.529,-0.103,0.842,-0.6,0.1,-0.26,0.2,3.0,0.2,-0.3,-1.7,-0.8,0.6,-0.9,-1.0,1.7,-0.0,0.2,0.1,1.1,-1.6,-0.3,-1.7,-3.4,-6.5,-3.4,-5.6,-4.6,-4.6,-2.5,-4.1,-4.8,-3.3,-6.5,-4.5,-4.7,-2.5,0.9,-2.7,-6.6,-23.0,-7.0,-10.0,-9.1,-11.9,-8.5,-7.9,-4.3,-4.5,-4.2,-2.3,-2.3,-4.7,-5.3,-4.6,-1.2,-1.1,1.9,-0.4,1.8,1.6,1.5,2.0,1.7,3.5,2.6,-0.1,0.1,3.0,0.8,-1.3,-3.5,-5.8,-0.8,-1.9,1.1,-1.8,-5.6,0.3,-1.7,-2.0,-5.2,-0.2,-2.0,-6.8,-7.1,-3.4,-6.9,-4.5,-8.6,-5.8,-4.1,-3.0,-1.3,-3.8,-4.6,-4.8,-7.7,-6.4,-5.7,-6.6,-3.6,-2.8,-6.4,-8.1,-4.0,0.7,-4.9,-5.3,-3.2,-2.7,-7.1,-4.0,-5.6,-3.8,-3.5,-4.0,-2.2,-5.3,-3.1,-5.2,-4.4,-1.0,0.2,0.9,1.7,-2.1,-0.4,0.3,-0.1,0.0,0.3,0.4,-4.2,-4.1,-5.1,-1.1,-5.4,-8.6,-6.6,-4.8,-8.1,-1.8,-5.1,-7.7,-5.6,-4.3,-6.4,-4.9,2.0,-0.0,-1.6,-4.3,-1.5,0.0,-0.0,-4.9,-1.1,1.1,0.2,-0.8,-1.8,-6.5,-6.0,-3.2,-4.4,-2.1,-7.6,-6.0,-4.3,-5.9,-9.8,-6.9,-10.0,-9.2,-3.1,0.4,-10.5,-6.4,-8.3,-8.7,-2.9,-3.7,-0.9,-3.1,-4.0,-2.3,-1.9,-14.0,-0.2,-0.3,-3.4,-2.1,-4.0,-4.0,-7.2,-4.7,-7.1,-8.6,-5.3,-9.4,-6.1,-5.3,-14.4,-8.6,-7.4,-5.0,-7.2,-5.5,-2.8,-3.6,-2.8,-1.3,-4.0,-5.5,-5.1,-2.8,-4.5
2C7L50wKHe,0,48.098561,11.630539,4442497.68,2777451.64,538.4,584.1,212,7366,2.3,0.86,0.4,32.66,348.96,-0.53,-0.103,0.842,-0.3,0.1,-0.17,0.18,1.2,0.2,-0.3,-1.0,-1.0,-1.4,-0.6,-0.8,-0.1,-1.1,-1.0,-1.1,0.9,-0.1,0.4,-1.4,-2.2,-1.1,-1.9,-1.8,-3.5,-2.6,-1.7,-1.3,-1.0,-1.2,2.1,-0.3,-1.6,-2.3,-0.9,1.8,-4.7,1.3,-5.3,-7.2,-2.3,-7.0,-4.5,-3.9,-0.8,-1.6,-0.1,-1.5,-0.3,-1.0,-1.9,-2.7,-3.7,-2.3,-1.9,-1.9,-2.3,-0.3,-1.2,-2.7,-2.2,-3.0,-1.0,1.5,-0.0,-0.4,-1.1,-0.1,-1.4,-8.7,-0.8,3.6,-0.7,-1.2,-6.7,-2.3,-1.4,-1.5,-2.5,-0.6,-2.2,-1.2,-2.8,-2.7,-1.2,-3.1,-1.5,-2.6,-2.2,-1.5,-2.0,-1.8,-5.1,-0.2,-5.6,-6.6,-3.3,-4.4,-1.7,-4.9,-5.9,-6.0,-6.5,-2.3,-7.2,-8.7,-4.7,2.7,-7.0,1.5,-2.7,-1.5,-0.6,-5.2,-2.1,-1.6,-2.0,-1.5,-2.4,-2.3,-1.7,-2.9,-0.6,-1.3,-1.6,-0.8,-1.8,-1.2,-1.9,-0.1,-1.0,-2.1,-1.9,-2.0,-0.7,-1.6,-3.5,-0.7,-2.5,3.9,-1.1,-4.2,-2.7,-3.1,-1.7,-0.8,0.8,0.3,0.1,-3.2,-2.1,-1.1,-2.0,-1.8,0.6,2.3,1.0,1.1,-2.8,-0.2,-0.5,-0.3,-1.3,-0.8,-2.1,-2.2,-2.2,-4.3,-2.8,-7.6,-8.2,-9.6,1.0,-9.4,-8.3,-3.6,2.2,-0.3,-3.0,-1.8,-1.5,-1.9,-1.2,-1.6,-1.4,-3.0,-1.4,-2.5,-2.7,-3.4,-2.1,-2.1,-3.5,-1.2,-5.4,-0.7,-1.8,-3.3,-6.4,-12.9,-9.5,1.3,-3.8,-2.1,-6.5,3.4,-9.7,2.6,-5.0,-5.3,-4.4,-4.6,-0.8,-3.5,-2.0
2C7L50wKI0,0,48.098735,11.631899,4442598.61,2777473.28,545.2,590.9,212,7388,4.2,0.68,0.44,32.66,348.96,-0.53,-0.103,0.842,0.2,0.2,0.48,0.32,1.8,0.3,-0.3,-2.8,-1.4,-0.8,-2.3,-3.4,10.7,-1.6,-0.4,1.2,7.7,1.2,-1.6,1.5,2.0,2.6,2.1,12.8,6.6,0.5,3.7,3.1,3.0,1.5,6.1,1.6,3.8,1.4,7.4,1.0,5.9,3.8,-4.2,0.9,2.2,1.4,3.3,-0.2,2.2,2.3,4.9,2.0,-1.1,2.5,1.2,3.4,-0.6,5.3,4.7,3.8,4.1,2.1,-0.8,-3.2,-0.7,0.1,-1.1,-3.3,-2.6,1.1,-1.8,-2.6,1.9,2.9,-2.6,-0.9,3.6,-0.3,-4.1,0.8,0.7,9.2,0.9,17.0,1.3,2.4,0.0,1.0,1.8,0.1,-0.9,1.9,4.0,0.9,0.0,6.2,0.0,0.6,2.0,3.0,3.7,4.5,1.9,4.1,2.8,4.5,5.3,3.4,1.9,2.6,2.5,3.7,1.5,3.2,3.1,4.7,3.6,3.3,2.4,2.6,2.8,0.0,1.3,-0.6,-3.7,-0.3,-2.4,-4.9,-4.6,2.9,-2.1,0.7,-3.3,2.7,-1.0,1.5,2.8,-0.5,-5.7,-0.0,-2.2,4.4,-0.3,4.6,6.6,18.9,14.9,6.4,1.3,6.7,9.9,2.6,-8.3,1.1,-1.7,16.6,13.9,-11.1,-10.8,-10.1,3.4,9.4,1.4,2.6,-1.3,-0.3,1.9,2.9,-4.3,-2.2,11.7,1.4,-4.7,1.6,-1.7,-1.5,4.5,1.7,0.5,4.8,-0.0,0.4,-0.8,1.7,-4.0,-0.9,3.3,-1.6,1.4,10.3,-7.9,-0.2,2.5,3.7,3.1,1.4,5.5,8.9,6.9,9.4,5.1,1.0,5.4,5.1,0.3,6.5,6.3,8.6,12.5,-1.0,1.1,-2.3,-2.3,3.6,6.1,5.6,1.1,3.8,2.8
2C7L50wKIC,0,48.098801,11.632411,4442636.58,2777481.44,535.9,581.6,212,7400,4.1,0.67,0.44,32.67,348.96,-0.53,-0.103,0.842,-0.1,0.2,-0.2,0.31,0.9,0.3,-0.3,0.7,-2.0,2.7,3.2,1.6,1.2,1.1,7.2,2.1,3.3,2.9,2.0,1.2,4.3,2.4,1.4,3.4,-0.8,5.5,-4.0,3.9,4.9,2.5,-8.1,5.2,6.2,3.8,3.6,1.8,0.1,2.0,0.6,-1.2,4.0,3.7,2.3,3.9,3.5,5.5,4.0,3.6,2.2,0.6,1.0,-3.0,3.4,11.3,-2.5,3.0,-0.3,-3.5,5.1,5.2,3.0,2.0,-0.2,-0.3,0.0,3.5,1.3,-3.9,2.0,-4.8,2.0,-4.5,12.3,1.2,-3.2,2.3,2.0,1.2,2.5,3.4,0.8,1.8,8.5,2.7,5.0,2.0,3.6,3.4,3.0,4.3,-4.2,7.9,9.5,9.0,2.7,4.1,2.6,-7.1,-3.3,-3.8,3.4,2.2,3.5,3.0,4.6,6.1,6.4,2.7,2.3,16.8,3.8,4.6,2.1,2.7,0.1,3.2,0.4,3.4,4.8,2.8,6.2,2.4,6.5,12.6,7.0,-1.4,4.8,4.6,11.6,3.1,6.6,7.2,2.1,5.7,5.5,2.8,4.6,-3.9,2.9,7.7,0.2,-2.8,-8.2,10.7,3.8,4.4,2.7,-9.2,2.2,-0.0,-1.1,2.6,2.1,2.6,3.4,-8.7,-0.5,6.7,1.4,-2.1,-0.5,5.0,2.2,15.5,2.0,4.9,-0.4,6.4,2.7,3.6,1.7,4.0,4.4,0.3,2.0,-1.3,1.1,1.7,-1.5,-7.7,-7.1,-4.9,1.7,-0.8,-4.9,-7.9,3.6,5.7,3.1,-1.1,-2.1,3.4,1.1,2.6,7.1,-4.6,-0.8,8.9,12.8,6.1,-3.4,1.7,-1.7,6.3,6.9,6.6,6.8,3.2,6.1,4.4,1.9,6.2,4.3,-2.6,-2.8
2C7L50wKId,0,48.099024,11.634148,4442765.51,2777509.09,544.2,589.9,212,7427,3.0,0.77,0.44,32.67,348.96,-0.53,-0.103,0.842,-0.8,0.2,0.39,0.24,1.7,0.2,-0.3,1.1,-13.1,-1.7,-3.3,-1.3,-3.3,-0.1,0.0,-2.2,8.5,-1.6,-1.0,-2.2,-1.4,0.1,-0.3,-3.2,-2.8,-2.2,-3.9,-3.1,-2.0,-4.3,-3.6,-9.0,-3.2,-5.8,-9.8,-4.4,-4.8,-2.1,-11.9,-8.5,-7.1,-6.9,-5.7,-2.7,-6.4,-4.8,-8.4,-7.7,-7.7,-3.3,-6.3,-3.0,-5.4,-1.0,-1.7,-3.9,-0.8,-1.9,-3.0,-4.8,-4.5,-2.2,-6.0,-3.6,-3.6,-2.9,-1.7,-3.3,-5.6,-7.3,-5.6,-5.3,-6.3,-4.7,-12.7,-7.9,-6.4,-4.0,-5.3,-5.1,-4.2,-8.1,-7.5,-8.6,-5.0,-8.6,-8.3,-10.7,-8.9,-7.4,-5.1,-5.0,-17.4,-9.5,-3.5,-6.0,-13.5,-3.0,-5.3,-10.1,-4.8,-15.3,-8.6,-8.6,-1.7,-3.6,-6.9,-5.2,-6.8,-7.5,-5.4,-5.5,-2.6,-5.0,-6.7,-3.7,-4.7,-5.7,-7.8,-4.5,-5.2,-2.9,-8.6,-1.3,-4.3,-4.6,-2.2,-8.2,-7.1,-6.6,-6.0,-7.7,-9.6,-9.1,-4.5,-8.0,-5.5,-6.3,-7.5,-7.2,-6.1,-5.2,-5.1,-5.1,-5.7,-3.8,-3.0,-4.8,-6.0,-3.8,0.1,-1.8,-2.9,-10.3,-4.9,0.2,1.1,2.2,-4.5,-5.9,-10.0,-8.2,-10.1,-11.3,-14.0,-7.7,-6.3,-6.1,-2.7,-5.1,-8.8,-5.1,-2.6,-4.1,-6.7,-6.6,-7.4,2.0,-11.1,-3.7,-3.8,-4.2,-10.2,-7.8,-2.4,-10.0,-5.7,-6.2,-3.5,-8.3,-4.1,-14.7,-5.8,-5.0,-12.8,-7.8,-6.7,-11.9,-6.3,-8.5,-13.5,-10.8,-6.2,-9.7,-8.5,-4.7,-7.9,-9.3,-8.8,-7.6,-8.9,-4.5,-11.4,0.2,-4.5
2C7L50wKIe,0,48.099029,11.634185,4442768.24,2777509.67,543.2,588.9,212,7428,1.4,0.95,0.27,32.67,348.96,-0.53,-0.103,0.842,-0.2,0.1,0.03,0.11,0.4,0.1,-0.3,1.1,-1.6,-1.0,-1.8,0.2,-1.3,-2.4,0.3,-0.4,-3.0,0.1,1.2,-1.0,-2.9,1.9,0.9,0.2,-0.1,-0.4,0.8,0.1,1.5,3.5,2.4,-0.0,0.5,1.6,-0.5,3.7,-0.8,4.5,-4.2,-1.3,-1.4,1.4,1.2,3.7,-0.1,0.5,3.8,2.0,1.0,1.4,-0.4,1.8,0.3,2.6,1.6,1.5,1.1,3.4,1.7,0.7,0.6,1.5,0.5,1.0,-0.0,-0.3,0.4,0.1,0.1,0.5,0.5,1.4,-0.6,1.1,-1.4,-1.8,-0.4,1.0,-0.5,0.0,0.1,-0.5,1.5,0.2,0.3,1.1,-0.4,-2.4,-0.9,-1.6,0.2,1.9,1.2,-0.6,0.3,0.4,-1.0,-1.5,0.2,-1.4,1.4,-0.7,0.3,-0.6,1.8,1.3,0.9,1.0,-0.2,0.9,2.1,1.9,2.9,1.4,0.8,0.1,-0.4,-0.2,-1.2,-0.2,0.3,0.6,-2.4,-0.6,-1.8,-1.1,0.9,-1.0,-2.2,-0.1,-0.6,0.1,-0.4,-1.8,1.6,-1.2,-0.6,2.0,-0.7,0.6,-0.6,0.7,1.3,0.1,-0.5,1.8,1.6,1.6,-1.3,-0.5,-2.1,1.1,0.5,-0.3,-0.1,1.1,-0.4,0.0,-3.0,-0.9,-1.8,0.2,-1.4,-1.9,-1.7,-0.7,-0.7,-0.5,2.3,0.6,-1.0,-2.9,0.8,0.3,-2.1,-2.9,-0.5,0.3,-2.3,-0.9,-0.9,0.8,-1.5,-1.8,2.3,1.7,0.7,0.3,1.6,-1.6,0.4,-1.7,-0.1,-0.6,-2.2,-0.8,1.5,2.1,0.6,1.0,-5.3,0.6,0.7,-0.7,-1.6,0.5,-1.1,-0.4,-0.5,-1.2,-1.4,0.0,-1.4,0.4,1.4
2C7L50wKIf,0,48.099032,11.634213,4442770.26,2777510.11,541.7,587.4,212,7429,2.3,0.86,0.39,32.67,348.96,-0.53,-0.103,0.842,-0.3,0.1,0.14,0.18,0.9,0.2,-0.3,1.0,-1.2,1.3,-2.7,0.3,-4.0,-1.7,-1.3,-0.9,-0.6,-2.2,-2.2,-2.5,-3.8,1.8,-4.1,0.7,-0.4,1.7,2.1,4.3,3.3,5.8,0.1,6.1,5.9,4.1,3.2,6.3,9.5,7.6,-0.2,0.1,2.3,1.4,1.5,5.7,-0.2,4.2,5.6,2.4,1.1,3.5,4.1,4.1,0.7,2.1,2.3,1.6,-0.2,1.6,1.8,1.8,0.7,2.1,1.7,1.8,0.1,0.5,-0.0,1.6,2.5,1.7,3.5,1.9,-0.8,3.6,-0.9,2.6,4.7,2.5,3.4,2.1,7.2,1.1,8.0,4.8,4.4,6.6,3.0,1.8,2.9,-0.2,0.4,2.5,2.0,1.7,-0.3,0.7,0.9,-2.2,-0.6,-0.4,1.4,1.4,0.6,-1.8,3.2,2.6,0.5,0.3,1.3,0.9,3.1,1.2,0.8,1.0,-0.1,-0.8,-0.5,1.7,0.5,-0.3,0.7,0.5,-1.9,-0.0,-2.1,-2.7,-0.5,-0.9,-2.3,-0.5,-3.3,0.4,0.2,-0.9,0.7,1.3,0.2,7.5,-1.4,0.1,-1.9,-1.8,-1.4,0.5,-0.4,0.1,0.3,3.6,-1.7,-0.1,-3.0,1.4,0.7,2.3,-0.3,1.0,0.2,-1.0,-2.7,-0.8,-0.7,0.3,1.9,-0.2,4.5,-0.8,0.2,-1.9,1.4,3.1,1.9,-4.0,1.0,0.9,3.8,0.1,2.8,4.9,6.0,-2.9,-3.3,0.7,-2.6,0.4,3.5,0.6,1.0,5.4,0.2,-1.0,0.8,0.4,3.2,0.3,0.2,-1.1,4.1,3.9,-0.3,0.5,-3.9,-0.7,-1.7,5.9,3.7,-0.4,-1.0,3.5,0.7,0.9,0.6,0.2,0.0,-1.5,-0.5
2C7L50wKJP,0,48.099378,11.636907,4442970.13,2777552.98,545.5,591.1,212,7475,2.5,0.85,0.4,32.68,348.96,-0.53,-0.103,0.842,-0.5,0.1,-0.32,0.19,0.8,0.2,-0.3,-2.6,-0.8,1.4,2.5,-0.0,0.3,0.2,-0.9,4.3,0.7,1.2,-0.1,1.9,0.8,-1.6,-2.4,0.4,-2.8,-4.6,-5.2,-4.1,-3.0,-2.7,-2.5,-0.5,0.4,-2.9,-5.3,-0.7,-5.1,-1.2,10.2,-0.8,-2.6,-4.7,2.2,2.3,-0.9,6.0,2.8,6.0,0.4,3.1,-1.1,4.2,0.8,-1.4,-0.7,1.9,1.1,1.1,-0.5,-1.8,-2.8,-0.8,1.1,-1.0,-0.9,-0.5,0.3,0.4,-2.4,0.4,-0.4,2.9,-0.1,2.1,-1.1,3.4,2.6,-0.5,3.2,3.7,1.6,-0.9,-3.0,-1.2,-1.0,-1.3,0.8,0.3,-0.7,-2.5,2.3,-1.5,0.9,4.0,-1.9,-0.8,-1.2,-3.9,-1.7,-2.9,-2.4,-4.0,2.7,0.7,1.4,-0.7,-1.0,-1.2,-1.8,-0.7,1.7,0.1,-1.4,1.0,0.2,-4.2,-0.2,4.2,0.4,1.0,0.9,1.7,0.6,2.5,0.6,1.5,0.4,1.5,0.5,-0.7,1.7,1.7,0.1,0.3,-1.8,-1.0,-1.2,-1.2,0.8,0.1,1.4,-3.2,0.6,3.1,-1.4,2.9,-0.1,1.5,-2.0,-1.2,0.4,2.2,1.0,3.0,-1.5,-0.7,-2.2,1.6,0.8,-0.7,-4.3,-0.2,-2.1,-1.7,-1.6,0.2,-5.3,-3.8,-3.1,-4.0,-5.7,-8.6,-0.0,-4.1,-6.8,-3.1,-5.8,-0.1,0.8,-0.1,-3.9,0.7,-0.7,-1.1,-1.6,4.1,-1.4,-0.3,-1.5,-1.0,-2.6,-2.3,-2.8,-2.5,-3.1,-7.1,1.6,-4.7,0.8,5.8,-4.2,-3.7,5.0,4.4,3.3,-5.7,-2.2,-2.9,-3.1,-3.0,-2.7,-0.8,-4.0,-3.0,-2.8
2C7L50wKGZ,0,48.098086,11.626703,4442213.09,2777392.67,539.3,585.0,212,7299,2.2,0.85,0.41,32.63,349.02,-0.529,-0.103,0.842,-0.6,0.1,-0.69,0.17,1.3,0.1,-0.3,-0.7,-3.5,-0.1,-2.1,-0.3,4.4,3.2,-1.6,0.2,5.5,2.2,1.3,2.2,1.4,2.4,3.0,0.1,-2.6,0.7,-2.4,-0.0,-2.8,1.7,5.4,2.5,2.4,0.5,5.8,-1.4,-1.0,3.9,-5.9,-4.2,-3.1,-5.6,-4.6,-0.7,-6.4,-2.3,-1.0,-2.9,0.2,0.8,-1.7,0.2,2.9,0.6,0.8,-1.6,0.4,3.0,-1.0,3.7,1.2,2.9,3.4,2.5,2.7,4.2,0.0,5.0,0.6,2.8,3.0,1.5,4.1,3.6,-0.4,2.0,2.5,1.4,2.6,3.7,1.9,2.8,2.3,2.2,1.9,-0.3,2.5,3.0,1.2,2.3,1.9,1.1,2.9,0.7,0.4,1.9,-2.9,1.7,3.7,-1.2,0.7,-1.7,-0.4,0.1,4.6,0.1,1.7,0.6,-1.4,0.7,0.2,0.9,1.1,2.2,2.0,3.5,0.2,-2.5,-0.4,1.2,2.6,-0.6,3.6,1.4,1.8,2.4,2.9,1.9,0.8,3.7,-0.1,0.5,1.3,1.9,1.2,1.0,-0.7,-0.5,-0.5,0.8,-0.6,-3.3,3.6,-0.2,0.4,-1.5,4.1,3.2,0.5,-0.1,-1.7,0.5,-0.2,0.4,0.2,-2.9,-2.9,-1.2,-3.5,-3.2,-3.9,-0.4,0.8,8.3,-0.5,2.6,-0.7,1.4,-3.0,-5.8,-6.8,-6.9,2.6,-1.5,-7.1,-3.2,-1.9,-2.1,-1.4,-3.8,2.2,-0.2,2.2,1.8,1.8,-4.3,1.4,2.5,-1.0,-0.9,-1.8,-0.8,-0.8,-0.5,0.2,-2.7,-3.2,-0.5,-2.7,0.5,-5.1,-3.6,-3.5,-2.0,-1.0,-4.6,-0.5,-7.6,-2.1,-1.2,-2.6,-1.9,-2.5,0.2,-0.9
2C7L50wKGb,0,48.098103,11.626831,4442222.57,2777394.7,539.3,585.0,212,7301,2.8,0.84,0.38,32.63,349.02,-0.529,-0.103,0.842,-0.4,0.1,-0.1,0.22,0.2,0.2,-0.3,-0.2,0.2,-2.6,-1.2,-0.9,2.1,0.6,0.3,-1.4,1.5,1.4,0.9,0.7,0.2,1.6,2.0,0.6,-0.2,-2.8,4.4,-3.1,-1.2,-2.3,1.2,-0.8,-1.1,0.3,2.4,-2.5,-4.2,0.2,-1.8,-6.3,-1.3,-6.9,-2.9,1.6,4.5,3.2,3.5,-2.1,1.4,2.8,-1.0,0.7,-0.3,2.8,0.7,-2.8,-1.3,-0.2,-1.4,-3.2,-2.5,-3.6,1.0,-1.4,-1.5,-2.9,-1.9,0.2,-0.2,1.5,-0.8,-2.0,-6.4,-1.6,-1.1,-1.1,-0.2,-2.8,-2.3,-2.3,-0.9,0.2,-0.1,-0.3,-4.6,-0.5,2.7,-1.9,-3.2,-0.9,2.2,-7.3,1.1,-2.0,15.6,-2.6,-0.8,-2.5,-4.1,-1.5,-3.3,1.9,-0.9,0.2,1.5,-6.6,-1.7,1.9,-4.0,1.2,-1.3,1.9,0.3,-1.7,-2.7,-0.1,-0.3,-2.5,-2.6,-1.3,0.5,-0.2,-1.8,-4.4,-2.1,-4.0,-2.9,0.7,0.1,-0.2,-3.7,-0.9,2.0,-3.5,-3.8,3.4,-0.1,-2.2,-5.0,2.1,0.1,-3.7,-0.2,0.2,1.6,5.5,4.7,1.4,1.6,-5.5,-1.6,-1.4,-4.2,4.5,0.8,1.5,1.4,-3.8,-4.4,0.3,-1.7,-0.8,-0.7,-0.5,-0.1,-0.4,-3.4,-3.9,-4.2,-2.6,-6.4,-0.2,5.8,-3.5,-9.9,-5.6,0.1,-2.4,-4.2,-3.6,0.5,0.5,1.4,-0.1,2.3,0.0,-9.5,-4.7,-10.5,0.7,-1.5,0.5,-1.4,0.0,-1.4,-3.3,-0.7,-0.7,-5.5,-2.0,-2.6,-2.3,-0.8,-1.6,-7.3,-0.3,3.1,-2.7,-3.4,-4.7,-5.9,-2.6,-3.8,-0.3,-1.4
2C7L50wKGq,0,48.098234,11.627853,4442298.39,2777410.95,546.5,592.2,212,7316,1.6,0.88,0.24,32.64,348.96,-0.529,-0.103,0.842,-0.3,0.1,0.13,0.12,2.1,0.1,-0.3,-0.3,-0.6,-0.2,-0.9,0.0,-0.3,0.2,-0.1,-1.6,-3.4,-1.9,-0.3,-1.6,-1.6,-3.0,-3.6,-3.5,-4.0,-4.9,-2.5,-3.9,-3.2,-3.5,-4.3,-2.1,-2.8,-3.1,-0.3,-4.1,-6.5,0.0,-6.9,-8.2,-5.7,-9.9,-6.1,-4.9,-2.9,-2.1,-3.0,-2.4,-1.9,-3.8,-3.8,-3.6,-2.3,0.2,0.0,0.1,0.2,1.1,0.7,0.4,-0.5,0.3,-0.6,-1.2,-0.0,0.1,0.2,-0.0,-2.3,-4.6,0.6,-2.2,1.3,0.1,-5.1,-0.4,-1.1,-1.3,-2.3,-0.6,-1.9,-4.6,-4.4,-4.0,-4.2,-5.2,-4.6,-4.2,-3.7,-3.0,-1.9,-2.7,-3.6,-4.0,-5.3,-4.8,-5.5,-4.4,-4.6,-4.3,-4.3,-5.2,-3.9,-2.4,-2.3,-4.7,-4.2,-2.4,-5.4,-2.7,-3.3,-2.8,-3.4,-3.4,-3.0,-3.6,-4.0,-4.6,-3.1,-2.1,-0.9,-0.7,0.1,-3.6,-0.9,-0.2,-0.7,-1.7,-0.3,-0.3,-4.4,-4.0,-3.9,-2.3,-4.2,-5.9,-5.5,-4.8,-6.9,-1.8,-4.2,-6.9,-3.7,-3.6,-2.9,-3.2,-0.2,0.3,-1.8,-2.7,-2.8,0.1,-0.3,-4.8,-0.6,0.7,-0.5,-4.3,-1.7,-3.3,-3.4,-3.7,-4.1,-3.8,-5.2,-3.5,-2.9,-4.7,-7.6,-5.3,-8.0,-7.9,0.0,-4.5,-8.6,-3.4,-5.6,-5.1,-3.6,-3.3,-0.3,-0.9,-5.1,-1.4,-0.9,4.9,-0.4,-0.9,-2.8,-2.0,-2.8,-2.5,-4.4,-3.8,-6.1,-5.5,-6.3,-6.2,-5.6,-4.3,-7.9,-6.2,-5.8,-4.3,-4.7,-4.3,-1.8,-1.3,-1.0,-1.0,-1.4,-2.1,-1.9,-1.4,-4.1
2C7L50wKGr,0,48.098236,11.627865,4442299.3,2777411.15,544.4,590.1,212,7317,2.2,0.83,0.39,32.64,348.96,-0.529,-0.103,0.842,-0.4,0.1,0.25,0.17,2.2,0.1,-0.3,0.6,-0.6,-0.3,-1.4,-0.2,-1.8,0.2,-0.5,-4.8,-5.9,-2.5,-1.4,-3.2,-2.5,-3.5,-3.3,-3.1,-3.3,-4.1,-3.2,-3.4,-3.0,-3.6,-4.1,-2.0,-2.7,-3.0,-3.6,-5.1,-7.2,0.8,-6.5,-7.3,-5.8,-10.0,-5.9,-6.1,-2.9,-1.6,-3.0,-1.7,-4.1,-4.6,-4.3,-3.6,-4.3,4.3,-0.0,2.3,0.6,4.2,0.7,1.3,0.9,1.4,-1.8,-2.7,-1.7,1.2,1.1,0.6,-1.8,-8.7,1.6,-0.7,2.2,0.5,-4.6,-0.7,-7.5,-4.3,-2.5,-0.8,-3.2,-6.1,-3.4,-4.7,-4.8,-5.6,-3.3,-5.0,-3.5,-3.5,-2.4,-4.7,-2.7,-5.3,-4.9,-4.0,-5.3,-5.1,-6.9,-9.7,-4.1,-5.5,-4.3,-6.1,-1.5,-4.5,-4.3,-4.5,-5.7,-3.1,-3.8,-2.6,-3.3,-4.2,-3.5,-4.8,-3.3,-5.8,-4.8,-4.4,-2.4,-3.0,-0.1,-3.5,-1.3,1.0,-1.1,-1.3,0.5,-5.4,-7.3,-5.4,-3.5,-2.5,-3.7,-6.1,-5.1,-5.1,-7.1,-2.2,-4.6,-6.7,-3.7,-3.1,-2.4,-3.4,-0.6,0.3,-0.3,-6.0,-7.4,-1.1,-0.4,-5.1,-0.5,0.2,-0.5,-5.7,-2.2,-6.7,-4.9,-4.6,-7.1,-5.4,-10.1,-5.5,-5.0,-3.9,-6.5,-6.6,-7.2,-8.4,-2.8,-9.9,-9.5,-5.0,-5.1,-4.5,-3.9,-2.2,0.2,-1.1,-4.6,-1.2,0.7,6.5,0.8,0.9,-2.6,-1.9,-2.6,-1.6,-4.1,-6.0,-6.7,-4.0,-6.3,-9.1,-6.1,-4.1,-7.3,-5.7,-5.6,-4.4,-5.0,-4.7,-6.4,0.1,-2.7,-2.4,-3.7,-5.0,-2.2,-1.7,-4.1
2C7L50wKHl,0,48.098624,11.63089,4442523.73,2777459.31,537.9,583.6,212,7373,3.3,0.75,0.4,32.66,348.96,-0.53,-0.103,0.842,0.2,0.2,-0.01,0.25,2.2,0.2,-0.3,0.4,0.2,0.0,0.8,0.3,1.5,0.0,-0.2,-0.4,1.2,-0.5,2.4,-1.5,-1.2,-3.0,-1.1,-5.9,-3.0,-4.9,-2.5,4.3,0.8,-2.3,-2.5,-1.3,2.3,0.7,0.6,-0.9,-3.3,-4.2,-10.8,-7.3,1.1,-9.1,-4.3,-2.7,-3.2,-0.7,1.9,-2.6,-4.5,-0.6,-4.8,-6.0,-5.1,-3.5,-3.3,-4.5,-2.2,-2.1,-5.1,-3.6,-0.3,-3.6,2.1,0.7,1.0,1.6,-2.0,-1.0,-5.3,-2.6,-0.2,-0.5,-0.8,-2.0,-1.4,-1.3,-0.5,-3.7,-0.3,0.6,-0.5,1.5,1.5,1.7,-1.0,-0.0,-1.1,-1.3,-3.2,-2.0,-3.1,-3.8,-5.6,-1.6,7.6,1.0,-4.4,-8.5,-3.9,-6.7,-9.3,-14.1,-0.8,-0.2,-9.9,-1.5,-1.0,-1.5,4.2,-4.4,-4.7,-1.4,-4.8,-1.4,-2.7,-2.8,2.3,1.8,1.6,1.4,-0.4,0.6,1.1,0.5,0.7,0.4,-1.1,-0.2,-0.5,-1.5,0.3,-0.2,1.9,1.4,1.8,-1.0,-3.3,-3.0,5.7,-4.3,-6.1,-9.9,-5.5,-6.1,-6.1,-3.4,-3.4,-5.8,-7.0,-5.6,8.4,-1.0,-1.3,-0.3,1.1,2.0,7.4,-0.4,-0.8,3.3,0.4,5.1,-0.7,-2.4,-0.7,0.8,-0.1,-15.4,-9.2,-3.4,-3.1,-1.2,-0.7,-3.4,-15.0,-4.1,-3.1,-1.9,-1.6,-3.7,-0.6,1.1,3.1,0.2,1.7,-0.0,1.0,-0.0,-1.8,-0.1,0.3,0.9,2.9,0.8,1.6,1.1,-0.5,-3.3,0.4,8.5,-10.5,-15.0,-3.9,2.5,0.0,-1.2,-0.2,-1.5,-0.2,-1.2,-3.7,-3.1,-3.4,-1.5,-1.4
2C7L50wKHp,0,48.098684,11.63136,4442558.57,2777466.76,548.1,593.8,212,7377,3.1,0.78,0.51,32.66,348.96,-0.53,-0.103,0.842,0.1,0.2,-0.62,0.23,1.7,0.2,-0.3,1.8,-0.2,0.3,1.2,-1.9,-0.6,14.3,-3.5,-5.5,1.0,-9.6,3.2,-1.7,0.9,-2.4,-3.2,-2.0,-1.8,-5.8,-5.6,-7.2,-2.8,1.2,-3.4,-3.2,2.0,1.0,4.6,-1.1,-4.8,4.4,-4.7,-3.4,-5.2,-8.5,-3.0,0.8,-1.2,-3.1,-4.0,-2.2,0.1,0.8,-3.7,-1.1,-5.0,2.5,-3.5,4.2,1.7,-2.9,-2.2,-1.8,-1.8,0.5,-1.9,2.4,5.8,2.3,5.5,3.4,2.4,3.4,-0.5,0.7,1.8,-0.9,0.9,2.7,0.2,1.0,4.0,-0.2,2.0,0.1,0.6,-1.0,9.3,-0.3,-0.3,2.8,-2.1,-0.0,-2.4,-0.6,-2.1,-4.7,-1.7,-4.7,-4.4,-3.4,-6.4,4.2,-4.6,0.4,-4.9,1.9,-3.8,-1.0,-0.4,4.2,-7.6,0.0,-1.8,0.2,-2.1,-2.7,-1.2,-0.0,-1.8,5.7,-2.6,-3.6,0.9,-2.0,2.6,-3.0,-1.0,4.2,-4.6,5.4,0.7,-0.1,9.6,-0.5,-0.4,-0.7,-0.6,-1.7,-1.4,-0.7,-4.1,2.3,-2.0,-1.2,1.1,-2.8,-5.8,2.3,5.4,2.1,2.4,-1.6,-1.8,4.0,1.6,5.5,1.5,-1.4,3.0,1.5,1.5,-0.4,2.3,3.0,1.4,12.9,-1.7,-1.3,-0.9,-3.8,-5.2,1.1,-6.1,-2.8,0.9,-0.0,-4.6,-6.3,0.2,2.4,-0.4,1.3,-0.4,1.8,-2.6,1.3,1.1,1.8,2.6,0.7,-2.1,-1.3,-2.0,-2.0,-1.8,0.4,-4.5,2.7,-2.1,-2.5,-1.1,-1.3,-6.2,-1.9,-2.5,0.3,-0.2,-2.9,-0.7,0.2,0.6,-2.8,-2.1,-1.1,-0.3,-1.0,-1.7
2C7L50wKHz,0,48.098754,11.631905,4442598.99,2777475.43,548.5,594.2,212,7387,2.1,0.89,0.32,32.66,348.96,-0.53,-0.103,0.842,-0.1,0.1,0.13,0.17,0.2,0.1,-0.3,-0.7,1.0,1.4,0.7,0.7,0.9,2.1,2.0,3.1,-0.9,2.4,-0.9,1.0,2.1,2.5,3.0,-0.1,0.9,-0.8,-1.7,-0.3,1.4,1.0,2.1,1.3,3.0,-0.9,0.9,1.9,-0.1,-0.8,-5.5,-4.1,-2.2,-3.7,1.8,0.8,3.6,1.8,2.6,2.4,-0.2,1.4,0.7,-0.0,1.9,0.2,2.3,2.4,4.1,0.7,2.4,1.0,2.1,1.1,-0.8,-1.8,2.4,1.8,1.1,-1.1,1.8,0.8,1.0,-1.5,-0.8,1.4,-1.5,1.6,1.2,-2.8,2.2,-2.3,1.0,2.1,1.4,0.6,1.5,1.6,-0.4,3.7,2.2,2.6,2.2,3.3,0.4,3.0,-1.1,3.0,0.2,1.8,0.3,1.5,3.1,2.3,0.0,0.5,0.2,0.1,-1.3,1.5,1.8,3.3,2.5,2.1,2.6,3.1,1.9,2.1,2.0,2.4,2.2,0.6,1.9,3.0,-0.1,-0.8,-1.2,1.5,0.9,0.1,0.4,0.1,1.4,1.6,0.9,-1.8,2.4,1.5,0.4,3.7,1.0,-0.4,0.7,-2.6,-0.6,-0.2,0.3,2.4,4.0,-3.0,-2.6,-0.2,0.1,2.5,1.7,-0.6,1.1,0.5,0.4,2.0,0.4,-0.4,1.8,1.2,2.0,1.6,-2.8,-1.8,0.4,-1.1,-3.2,-1.3,-1.3,-4.0,-0.2,0.9,-0.3,2.2,0.0,2.4,-0.9,-2.8,-3.0,0.1,-3.5,-2.3,-1.0,-10.7,-0.6,-2.6,0.2,1.5,1.5,0.5,2.4,-2.8,7.4,5.6,3.7,0.3,-1.5,-3.2,-2.9,5.4,-1.2,3.4,-1.2,-2.0,-0.7,-3.0,-1.2,6.7,7.4,4.7,2.5,1.6,3.7
2C7L50wKIY,0,48.098997,11.633793,4442739.12,2777505.5,543.4,589.1,212,7422,2.6,0.85,0.41,32.67,348.96,-0.53,-0.103,0.842,-0.4,0.1,-0.83,0.19,0.7,0.2,-0.3,-3.1,-3.8,-0.4,-3.0,-0.5,-0.8,0.0,0.3,-0.2,4.7,1.2,1.5,-0.3,0.8,0.3,-0.0,1.4,2.1,1.8,0.5,0.8,2.2,-3.5,2.4,1.7,3.2,1.1,1.0,3.7,-1.8,-15.3,-2.6,-0.4,-2.2,0.8,0.1,4.2,-1.3,1.2,2.3,1.4,6.6,-0.1,0.3,1.0,0.8,6.5,-2.3,-3.7,-1.9,1.4,0.5,0.6,-2.6,-1.7,0.4,4.1,0.7,-1.0,0.3,3.0,1.9,9.6,-0.6,5.2,4.5,2.7,1.6,-0.7,0.3,4.1,2.1,1.3,-0.6,1.5,1.8,2.5,0.4,2.7,2.3,0.8,1.3,2.1,0.4,0.5,0.1,1.0,-1.0,1.4,-2.1,1.4,-2.5,-1.4,-1.2,-0.2,-0.5,-0.6,3.3,2.9,2.0,1.0,-0.4,-0.7,2.9,0.8,0.8,-2.6,-1.4,-3.5,0.2,-1.1,1.5,2.4,-1.1,3.8,5.2,0.7,1.0,6.3,6.3,-0.6,0.3,0.3,-1.1,-0.4,0.2,3.2,1.2,-0.6,-2.3,3.7,4.4,2.4,-0.9,-0.2,0.5,3.0,-1.7,0.8,4.0,5.6,-1.5,-2.1,1.2,0.1,3.7,0.4,-0.9,4.7,0.6,-0.8,-2.2,0.7,1.2,0.3,-0.6,0.6,1.6,1.1,1.4,-1.6,3.3,0.6,-1.5,-3.5,-1.7,-0.7,-3.1,-3.3,-0.9,-1.1,-3.2,0.1,-1.4,6.7,-2.5,6.0,0.0,-0.0,2.9,0.4,1.6,0.8,0.6,-0.3,-2.2,-0.7,-1.6,-2.4,-5.2,-5.5,-0.7,6.1,-3.3,3.7,-4.5,-1.6,-0.7,-3.1,-3.5,-5.4,-3.5,-2.8,2.0,-4.9,-6.1,-1.9,-1.1
2C7L50wKJm,0,48.099538,11.638007,4443051.76,2777572.58,538.1,583.8,212,7498,3.4,0.77,0.45,32.69,348.96,-0.53,-0.103,0.842,-1.0,0.2,-0.12,0.26,1.0,0.2,-0.3,-2.6,-2.6,-0.3,-3.1,-2.5,-1.5,2.7,-4.5,-2.2,-0.8,-1.6,-2.1,-1.4,-3.4,4.0,0.4,1.6,0.3,-2.2,-1.7,-0.4,2.0,-1.7,-0.7,1.9,-0.4,5.2,-1.4,-1.1,-2.6,4.9,-8.1,-4.9,-1.6,0.8,-2.4,2.5,0.9,-1.7,-3.7,-2.7,-1.8,-1.4,-3.1,-0.5,1.4,-4.2,-2.0,-3.9,-2.4,-0.2,-1.7,0.9,-1.0,-0.4,0.7,-2.3,-0.4,-1.1,-1.1,-2.7,-2.5,-2.1,-2.1,-3.5,-3.1,-1.1,-0.2,1.7,-0.2,-4.4,-2.4,-6.3,-0.3,1.5,2.2,5.1,2.8,4.2,2.4,0.3,2.2,4.1,0.1,0.7,-0.9,0.7,-17.4,-1.5,-2.4,-10.4,-1.7,3.5,-18.3,-0.8,-6.9,-6.5,-2.4,-7.5,-2.7,-1.9,-4.3,5.5,0.4,-1.8,2.0,-0.8,0.1,-2.1,-3.2,-1.9,-2.2,-2.1,-2.1,-1.6,-3.8,-5.1,-4.5,-4.4,-6.2,0.5,-3.2,-5.6,-3.7,0.9,-1.6,-7.6,-3.7,-5.6,-4.5,-7.2,-6.2,-2.0,-1.0,-6.0,-4.1,-4.4,-5.4,-3.9,-2.0,-9.1,-6.6,-9.3,-3.4,-4.6,-3.4,-3.5,1.5,-5.5,0.5,0.7,-0.0,-2.3,0.6,-3.4,-7.3,-1.7,-1.6,-4.2,-9.9,-13.5,-11.3,-0.4,-6.9,-3.9,-2.3,-3.2,-9.6,-2.7,-1.3,-1.3,-1.7,-4.8,-0.5,-3.1,-4.4,-1.2,0.3,0.9,0.0,-0.1,-0.9,-3.3,-3.6,-0.5,-0.4,0.7,-2.9,-16.4,-6.5,-7.6,-0.5,-8.6,-11.0,-7.6,-6.3,-11.0,-7.3,-6.8,-2.9,-5.8,-9.5,-6.6,-6.8,-3.3,-7.6,-8.1,-4.6
2C7L50wbKu,0,48.098694,11.631286,4442553.05,2777467.67,536.5,582.2,213,7380,1.5,0.93,0.22,32.66,348.96,-0.53,-0.103,0.842,-0.3,0.1,-0.76,0.12,0.5,0.1,-0.3,0.0,-3.4,0.4,-0.4,-4.1,1.2,-0.9,-0.0,0.2,0.8,-0.9,2.3,0.6,0.2,0.9,0.2,2.1,1.3,1.5,-0.7,-1.1,2.1,0.2,2.6,1.7,-0.5,-0.4,2.6,1.6,-0.9,3.5,-4.2,-3.1,0.6,-2.1,0.7,1.9,2.2,3.0,2.5,2.4,2.3,1.9,1.9,2.1,2.1,1.9,0.8,1.2,2.4,2.8,3.3,2.6,3.4,0.9,1.8,2.4,2.9,2.4,1.8,0.8,0.4,4.0,2.7,3.6,3.6,3.2,1.9,2.6,3.0,1.9,2.1,2.5,2.2,3.7,2.6,1.9,0.7,-0.1,2.5,1.8,1.9,2.1,-0.1,1.6,-0.5,1.3,0.5,0.9,1.9,0.5,1.8,-0.6,2.3,0.2,-0.9,0.9,1.6,1.3,2.8,3.3,-0.3,1.6,1.8,1.6,1.5,0.2,-0.6,-0.1,0.1,5.5,6.7,0.9,1.4,1.1,3.0,1.1,2.3,-0.7,2.6,2.1,0.9,0.5,1.9,2.4,3.2,2.2,3.0,1.6,-0.4,2.7,2.2,2.9,2.3,-0.6,1.7,1.1,0.9,1.3,3.7,2.8,0.7,-0.9,-0.9,2.0,1.1,1.8,-0.1,3.1,2.1,3.0,-0.3,0.4,0.9,3.2,1.2,1.6,0.6,1.6,2.0,2.4,0.8,1.2,-1.2,-2.7,3.4,0.3,-3.9,-1.2,0.9,-2.1,-1.3,-0.7,1.2,1.4,2.3,2.3,0.6,3.5,0.5,0.0,-2.0,-1.0,1.7,1.5,1.6,3.3,1.8,1.7,-0.4,-0.7,-0.1,0.6,-2.9,-0.4,-2.6,-2.2,-1.1,1.6,0.8,-3.7,-0.6,-1.1,-1.8,-0.7,-0.5,-1.6,-0.9
2C7L50wbKv,0,48.098703,11.631361,4442558.62,2777468.86,537.4,583.1,213,7381,2.0,0.89,0.42,32.66,348.96,-0.53,-0.103,0.842,-0.8,0.1,-0.69,0.15,0.6,0.1,-0.3,-2.0,-3.1,-0.8,-1.6,-1.4,-1.4,0.9,-2.1,-0.5,5.3,-2.8,-0.1,-0.3,1.7,0.2,0.9,-0.9,0.8,2.3,-1.1,-0.4,2.7,1.1,3.1,3.4,1.1,0.3,2.7,3.9,1.8,6.8,-2.6,-1.8,0.3,-1.8,2.8,6.0,3.7,5.4,5.2,5.4,4.3,6.4,3.7,4.1,4.6,3.2,0.9,4.9,1.6,6.1,3.4,0.9,2.2,-1.7,0.3,1.7,0.9,3.7,2.0,2.1,-0.7,4.6,0.3,0.8,1.9,0.4,3.3,0.2,4.8,-2.0,3.7,1.8,2.2,2.6,0.7,0.6,0.3,-1.2,2.0,0.5,1.2,2.6,0.6,3.4,-0.3,2.8,2.1,2.0,3.4,0.9,2.3,-0.1,1.3,1.2,-2.1,1.0,1.5,3.2,4.3,2.1,2.5,3.7,3.7,2.1,6.0,0.9,2.0,0.2,-0.6,2.6,-0.3,-0.8,1.0,-1.9,-2.2,0.3,0.2,-2.4,-1.2,-2.5,-0.5,-0.3,2.2,2.5,2.0,0.1,4.8,1.2,0.1,5.3,3.4,2.8,0.7,0.7,0.7,3.1,2.6,2.7,7.4,-2.7,0.2,-0.9,-0.2,0.9,0.9,-0.3,0.1,1.6,-0.1,0.4,-2.1,-0.4,0.2,3.9,0.7,1.5,-0.0,-0.4,-1.2,1.3,-0.6,2.2,-1.3,-4.0,2.5,-0.7,-4.5,-3.3,0.3,-0.0,-1.7,-1.6,-1.1,0.5,-2.2,-1.6,-0.2,5.5,-0.1,-0.4,-1.1,-3.1,-0.7,-1.4,-1.7,-2.5,-2.1,-0.3,-3.4,-2.2,-2.2,-1.6,-4.5,-2.4,-4.9,-2.1,-1.7,-1.5,-3.3,-2.9,-1.1,-1.3,-0.6,-1.1,-1.6,-3.2,-2.2
2C7L50wbKy,0,48.098734,11.631597,4442576.11,2777472.6,541.8,587.5,213,7384,2.0,0.91,0.31,32.66,348.96,-0.53,-0.103,0.842,-0.8,0.1,0.13,0.16,0.3,0.1,-0.3,0.0,-0.1,-1.7,-2.0,-5.2,-0.1,-1.9,1.0,1.7,0.8,0.4,-1.9,-1.3,-2.0,-0.6,-0.1,-1.0,0.6,-2.9,-2.0,-0.5,0.8,-0.4,1.3,0.6,2.1,0.3,-0.1,1.6,-2.6,-1.4,-2.9,-4.1,-1.1,-4.0,0.3,0.1,-0.1,-1.1,1.2,-0.6,-1.6,1.4,-0.5,-0.9,-1.5,-2.4,-0.6,-2.8,-0.9,-0.3,1.4,-0.4,0.2,-2.1,-0.4,-2.7,0.1,-2.2,-0.5,-3.5,-1.2,-2.4,-0.4,-3.1,-2.4,-1.4,-2.3,-2.3,-3.3,-1.7,-3.0,-2.0,-3.0,-1.2,-1.1,-1.3,-3.7,-2.3,-3.4,-3.0,-2.9,-4.3,-1.9,-2.2,-1.3,0.7,-2.2,-3.2,-2.2,-2.2,-3.1,-3.8,-0.9,-5.6,-4.4,-3.9,-1.3,-1.0,-2.4,-2.2,-1.2,1.3,-0.0,-0.4,-1.4,-0.8,-3.7,-1.0,-3.4,-1.0,-4.4,-2.6,-4.1,-2.0,-1.6,-5.3,-2.9,-2.1,-2.1,-3.0,-2.7,-1.1,-4.4,-2.1,-1.6,-4.5,-1.6,-2.5,-2.8,-0.3,-0.6,-5.2,-3.6,-3.3,-1.2,-2.8,-6.5,-3.5,-2.1,-4.8,-3.3,-5.0,-4.2,-2.8,-1.1,0.4,-4.3,-2.0,-1.4,-5.4,-2.3,-1.8,-2.7,-0.4,-3.0,-5.4,-6.1,-2.9,-3.1,-3.6,-5.3,-4.0,-8.9,-7.5,-3.7,-3.7,-7.5,-4.0,-3.1,-2.6,-3.6,-4.4,-3.3,-0.6,2.6,-0.1,-0.5,-19.4,-0.4,-0.6,-3.1,-4.1,-2.7,0.5,-2.7,-4.5,-2.8,-2.2,-3.5,-4.7,-4.7,-2.6,-10.6,-6.8,-6.3,-5.9,-6.3,-4.6,-6.9,-3.0,-3.9,-3.5,-4.9,-5.3,-5.5,-3.5,-2.6
2C7L50wbLG,0,48.098865,11.632623,4442652.23,2777488.93,540.6,586.3,213,7402,2.3,0.86,0.41,32.67,348.96,-0.53,-0.103,0.842,-0.6,0.1,-0.66,0.18,0.9,0.2,-0.3,0.4,-0.7,-0.7,-2.1,-0.9,0.5,-1.1,-0.6,0.2,6.8,1.7,5.3,-0.4,1.8,1.6,2.0,1.6,0.2,-2.8,-2.4,2.4,0.6,1.1,1.6,-0.1,-0.5,-1.4,-0.7,-3.7,-5.7,-0.5,-2.8,-1.2,-0.6,-2.0,-0.9,1.3,-0.9,-1.5,1.5,-0.3,-0.3,-1.2,-1.5,0.9,2.4,3.7,-4.1,-1.7,-1.9,-3.7,2.2,0.4,-1.2,1.1,5.4,2.5,0.4,0.1,-0.4,-1.5,-1.0,-8.3,-0.8,-4.2,0.7,0.7,0.7,-0.2,1.5,-2.1,0.6,5.6,-0.0,0.1,0.6,0.1,0.4,1.4,1.4,1.0,-1.2,2.1,-0.1,0.5,-1.2,2.5,0.6,0.6,-1.6,-1.7,-0.8,0.4,-0.5,-0.4,-1.3,-1.5,-0.4,1.3,0.6,-1.2,0.8,1.5,3.7,1.6,0.4,2.5,0.7,0.6,0.8,2.4,2.3,2.0,2.3,4.7,6.5,4.6,7.7,-0.0,-0.2,3.3,-0.9,-5.6,-1.2,-0.7,2.6,2.0,2.4,-0.8,-0.3,1.3,-1.8,-0.0,-2.1,-3.9,-2.2,0.2,-2.9,0.7,2.0,-2.7,-0.8,-1.4,6.7,0.5,1.5,2.6,1.7,0.6,-0.0,2.5,-0.6,-1.3,-0.1,0.2,-0.8,-2.8,1.4,1.0,0.3,-3.5,-0.9,-4.1,-3.0,-5.3,-5.8,-12.8,-2.3,-3.8,-0.1,0.4,-0.6,-3.3,-6.0,-1.2,-5.8,-3.7,0.1,2.4,-1.4,-2.1,-2.0,-3.6,-3.5,-1.6,-3.8,3.2,-2.1,-5.1,-2.0,0.1,-2.6,-2.9,-6.9,-3.0,-3.1,-1.0,-1.4,-4.1,-2.9,-1.4,-2.9,-2.4,-3.1,0.1,-5.2,-1.7,-1.4
2C7L50wbLZ,0,48.099001,11.633676,4442730.37,2777505.69,540.8,586.5,213,7421,3.3,0.78,0.44,32.67,348.96,-0.53,-0.103,0.842,-0.3,0.2,-0.05,0.25,0.6,0.2,-0.3,1.6,-1.9,-0.6,-3.1,0.2,-3.1,0.5,-0.7,2.7,-0.3,2.7,-0.1,-1.3,-0.2,-0.5,-2.0,-0.6,0.2,0.2,8.7,-2.4,-0.9,8.6,4.3,2.2,-4.0,8.0,-4.6,3.3,1.9,6.6,-0.7,-1.2,-1.9,1.0,0.7,3.4,2.2,3.4,5.8,3.9,-1.0,3.4,2.2,2.3,5.2,0.9,1.9,2.0,0.2,3.6,2.1,0.2,1.5,0.1,-3.0,-1.6,-1.4,0.6,-1.5,-0.9,1.0,3.4,0.2,1.0,-1.4,0.3,1.5,-3.7,-2.2,-0.9,2.7,-0.3,-0.4,-0.0,0.3,0.6,2.0,0.9,-1.7,-1.3,-4.2,-0.5,2.1,1.2,4.3,-1.0,-4.3,0.4,-0.5,5.1,3.5,-2.0,2.3,4.2,2.6,-2.4,6.3,3.5,1.5,3.3,2.1,6.7,5.5,2.9,3.6,2.2,-0.1,7.0,0.4,3.7,0.7,1.4,1.8,0.4,-0.7,-1.3,-0.5,0.0,2.5,-1.9,2.3,2.9,0.5,0.4,3.6,-1.9,-1.8,-2.9,2.0,5.1,3.2,-3.7,0.7,3.2,3.2,-0.2,-6.2,-1.2,2.6,0.9,-1.1,7.6,0.2,-0.2,0.7,-0.1,3.1,3.5,-5.2,4.3,-7.6,-2.6,-3.6,-0.6,-1.5,2.5,0.6,-0.5,0.1,-0.5,-1.8,5.2,-14.9,-2.1,2.0,-7.6,1.1,-2.7,-3.3,-11.2,5.8,-0.1,-0.6,4.0,1.7,1.6,-0.6,-11.1,5.4,1.4,3.1,1.2,2.4,1.7,1.3,-1.8,-0.9,0.8,1.5,3.6,3.9,-1.0,-4.1,3.0,6.6,-1.9,0.8,-1.5,-12.4,7.4,0.5,-1.5,-1.1,1.6,-0.7,-0.6,1.2
2C7L50wbMY,0,48.099451,11.637187,4442990.86,2777561.58,541.5,587.2,213,7482,4.0,0.69,0.42,32.69,348.96,-0.53,-0.103,0.842,-0.3,0.2,-0.18,0.3,0.8,0.3,-0.3,-1.1,-1.5,-1.1,-0.6,-2.2,-5.3,-0.8,0.4,2.0,-11.6,0.3,-4.4,2.7,2.8,0.3,0.1,-1.2,-0.7,-0.8,-3.0,-1.3,0.3,1.5,-1.0,-0.2,-5.4,3.8,-2.6,0.6,2.8,3.1,-5.4,-5.2,5.2,-3.3,3.1,-5.0,-8.2,7.8,4.7,-5.8,-6.2,-2.9,-1.6,-0.3,-7.3,-8.9,-3.0,2.5,0.4,2.6,0.3,3.1,2.1,-1.9,4.0,-1.3,0.2,0.6,1.5,1.5,1.4,-10.0,-1.3,4.0,-1.0,-2.1,-16.0,0.6,5.2,-6.9,-2.8,-0.9,1.3,0.6,-0.2,-2.4,-1.8,-2.7,-6.7,-1.4,-5.1,-8.6,3.4,-0.8,0.1,-1.5,-7.4,-5.1,-2.3,4.2,2.4,-8.8,-3.9,-12.8,5.5,-2.9,2.6,-2.5,-0.4,-0.9,-0.4,0.9,-1.8,3.6,4.2,-5.1,4.6,-0.3,-1.2,-5.2,-1.1,0.9,1.2,-4.7,-5.5,-4.1,-0.1,-0.3,-1.2,-3.8,-1.1,-3.7,-2.1,-15.7,1.9,-1.9,1.4,-1.0,-2.1,-0.4,-2.5,-1.4,-13.7,-5.2,-2.5,-6.6,-10.7,-4.1,5.7,-0.7,2.1,2.0,4.1,-2.6,2.7,5.7,-1.4,0.7,0.7,3.6,0.5,1.3,1.8,-1.7,0.4,1.0,0.8,1.2,-0.2,0.6,-5.7,-6.6,-0.4,-7.1,-7.2,-5.6,-15.0,-3.7,-0.7,4.5,0.6,-3.2,0.1,-2.9,0.6,-11.5,-3.7,-3.6,0.6,1.6,1.9,-0.5,-0.9,0.7,-2.4,0.4,-2.3,2.8,-1.6,-0.9,2.4,-3.4,-4.7,-8.0,-6.1,-5.4,-2.3,-6.1,-3.2,-4.8,-4.9,-1.8,-2.3,-3.9,-5.5,0.7,-3.1
2C7L50wbMa,0,48.099452,11.637189,4442991.01,2777561.62,537.0,582.7,213,7484,3.1,0.7,0.48,32.69,348.96,-0.53,-0.103,0.842,0.3,0.2,0.67,0.25,2.5,0.2,-0.3,-0.3,-5.1,4.0,0.3,1.4,-2.1,-1.4,0.0,-1.1,1.3,-2.2,0.1,-0.7,-0.9,7.9,-1.8,-7.1,-0.0,-16.3,-9.3,-1.0,-6.5,-5.9,-4.5,-8.4,-4.1,-5.6,-0.8,-4.5,-10.5,-0.5,-14.0,-13.5,-11.1,-11.0,-10.9,-12.0,-13.5,-7.2,-12.9,-6.4,-3.1,-12.1,-7.3,-10.2,-5.6,-3.3,-1.2,-8.0,6.0,-6.6,-10.6,-3.7,1.2,-0.5,-5.7,-1.7,-1.9,-5.5,-3.4,-3.2,-4.8,-3.5,-4.1,-3.1,-4.2,-4.6,-3.6,-13.7,-6.0,-1.0,-5.5,-5.0,-6.2,-7.4,-11.8,-1.4,-8.1,-7.7,-8.4,-4.9,-8.7,-10.2,-8.1,-9.1,-6.3,-7.1,-13.4,-10.9,-7.5,-14.1,-10.4,-9.4,-12.8,-8.1,-7.2,-3.3,-6.8,-6.2,-11.0,-4.5,-6.0,-6.1,-2.4,-8.5,-7.0,-8.8,-12.9,-8.6,-11.4,-14.1,-1.5,-2.5,-3.3,-5.2,-1.8,-1.5,-3.0,-4.8,-3.5,-5.8,-4.1,-5.5,-4.7,-4.9,-4.3,-2.6,-6.7,-5.4,-4.7,-4.5,-6.7,-3.2,-6.0,-15.8,-1.4,-10.4,-9.0,-2.5,-4.4,-2.5,-8.3,-7.1,-5.1,-2.4,-4.1,0.4,-2.3,-2.7,-0.9,-5.2,-2.4,-1.9,-2.4,-2.4,-2.3,-3.1,-5.0,-2.2,-1.9,-3.9,-3.9,-4.9,-7.0,-6.7,-3.4,-3.1,-10.3,-7.7,-4.1,-4.7,-5.8,-3.0,-6.8,-4.0,-3.7,-2.9,-2.8,-5.1,-2.4,-1.5,-3.2,-4.0,-5.5,-2.5,-4.7,-2.3,-4.2,-5.6,-4.0,-6.6,-6.7,-7.5,-9.9,-7.4,-6.7,-4.8,-5.1,-3.7,-5.1,-2.5,-3.1,-4.5,-3.3,-1.3,-4.9,-3.8,-3.9
2C7L50wbMp,0,48.09956,11.638036,4443053.87,2777575.1,537.0,582.7,213,7499,4.3,0.62,0.43,32.69,348.96,-0.53,-0.103,0.842,-1.1,0.2,0.13,0.32,1.0,0.3,-0.3,-5.8,-6.4,0.1,-6.4,-1.5,2.3,-2.1,3.4,-2.7,3.9,-3.8,1.0,3.0,1.0,1.0,-2.1,1.4,4.4,-1.0,1.5,-0.3,1.9,-3.8,-2.3,-2.3,0.9,4.4,3.5,-1.3,-1.8,3.7,-9.9,-7.7,-12.2,1.5,-5.9,-0.6,-1.1,-3.2,0.1,-2.2,-4.0,-2.9,-1.3,-2.7,-1.3,-6.7,-9.8,-9.1,-12.2,-0.3,3.2,-2.9,4.5,4.2,-2.0,4.7,-3.0,-3.9,-1.5,1.7,-1.8,5.8,-1.4,-0.4,-2.8,-2.3,3.4,3.1,0.6,-3.8,3.4,-5.7,0.2,-3.1,-0.9,2.7,-1.4,-0.3,0.9,2.5,2.4,-2.5,-3.6,-0.2,1.0,1.2,0.5,-3.2,-0.5,-5.5,-6.4,-2.6,-0.8,-3.8,2.4,3.4,-8.4,-5.5,0.9,-2.4,-4.1,2.1,-3.8,-4.7,-3.9,-3.3,-5.5,-3.0,-10.1,-4.4,-5.0,-7.1,-5.0,-5.0,-7.6,-11.3,-8.1,-8.4,-5.0,1.8,-7.5,-8.0,-7.1,-0.6,-16.9,-8.9,-2.4,-9.5,-7.2,-10.7,-9.1,-8.3,-7.6,-9.6,-13.0,-8.2,-8.7,-4.6,-0.5,4.6,2.3,-6.4,-2.5,-10.0,-5.4,1.1,-3.0,-5.6,-1.8,-3.7,-9.8,0.1,-4.7,-4.9,-0.0,-1.3,2.1,-8.0,-7.9,-14.3,0.8,-1.8,-6.1,-6.3,3.5,-3.5,-4.3,-1.2,-5.2,-4.6,-1.6,1.7,3.6,0.7,-19.5,-5.5,-3.3,-0.2,-7.0,0.1,1.3,3.8,-5.6,-1.4,-4.8,-3.1,-4.2,1.1,-11.0,-5.6,0.3,-13.8,-7.2,-9.0,-5.2,-1.9,-6.0,-12.8,-6.7,-11.8,-11.1,-8.9,-9.3,-10.7,-8.9,-8.6,-7.0
2C7L50wbJN,0,48.098038,11.626041,4442163.88,2777386.24,544.8,590.5,213,7285,4.3,0.69,0.44,32.63,349.02,-0.529,-0.103,0.842,-1.3,0.2,0.52,0.33,1.6,0.3,-0.3,7.0,-2.5,-1.6,-2.5,-2.1,-3.5,1.4,5.1,2.2,5.1,3.8,6.2,3.5,-0.2,3.7,7.9,-15.1,-13.4,3.7,3.4,0.0,-0.3,2.5,2.3,7.8,7.5,9.9,-3.9,-1.1,6.6,-5.5,-0.8,-0.0,1.5,-3.0,3.8,-1.8,-1.1,1.8,5.0,0.9,-11.6,4.1,-3.4,1.0,1.7,-3.6,-5.8,-3.7,-4.2,2.1,-2.3,-2.4,-4.4,-2.6,-2.7,-9.4,-3.0,-2.4,-3.5,-3.8,-5.1,-19.4,-1.9,-8.2,0.3,-2.6,-5.3,-5.5,-3.6,-10.8,-1.0,-2.3,-3.3,1.5,1.9,2.8,1.9,0.1,1.4,0.4,2.7,2.1,4.0,-0.3,0.6,-3.8,0.2,1.2,-0.2,7.0,-6.2,-3.7,-2.5,0.3,0.3,-2.8,-2.3,-2.5,3.5,0.6,-1.6,-0.8,-0.6,-2.3,0.9,-2.2,-0.4,-0.5,-0.8,-5.4,-1.9,-4.4,-4.9,-3.6,-5.7,-7.9,-5.9,-7.1,-6.4,-5.5,-5.6,-3.4,-4.8,-2.0,1.7,-9.9,-1.8,0.7,-1.5,-2.1,-8.3,-4.8,-0.2,-3.1,1.5,-1.9,0.6,-6.2,-3.7,-8.5,-10.7,3.9,-5.6,-2.3,-1.8,3.0,-1.3,1.8,-1.6,-6.5,-6.7,-5.1,-4.2,-5.7,-4.4,-21.6,-4.5,-2.1,-4.1,-6.1,-7.4,-5.2,-14.2,-12.3,1.2,-4.7,-10.1,-3.1,-5.5,-10.1,-2.4,-0.3,-7.2,-4.8,-0.8,-4.7,-4.5,-9.8,-4.5,-6.3,-6.2,-6.0,-3.5,-5.5,-4.4,-1.6,-2.2,-1.6,-1.3,-4.9,-2.3,-1.0,-3.0,-2.5,-4.0,-1.7,-3.1,-6.1,-4.8,-2.9,-3.0,-8.2,-4.9,-2.3,-6.5,-27.2,-6.3
2C7L50wbKZ,0,48.098586,11.630302,4442479.98,2777454.04,547.6,593.3,213,7359,3.0,0.79,0.38,32.66,348.96,-0.53,-0.103,0.842,-0.5,0.1,0.27,0.23,0.8,0.2,-0.3,1.4,1.0,3.7,2.3,1.4,-1.8,2.3,3.0,4.1,-4.2,2.4,-2.8,-6.0,2.0,2.8,2.6,-8.8,-0.8,-3.4,-2.3,0.1,0.4,-2.3,-5.5,-4.4,-6.5,0.5,-4.5,-2.0,-1.1,-5.1,-9.3,-4.6,0.1,-4.1,-0.2,-0.9,0.6,-0.3,2.1,-1.6,-1.8,-0.9,1.2,-0.6,-0.9,-8.6,-2.0,-1.1,1.2,-2.9,0.1,-2.5,0.6,1.1,6.2,-3.9,4.9,0.8,-2.2,2.0,0.9,1.0,-2.1,-5.2,-5.9,-4.8,-3.7,1.2,-5.7,-5.0,-3.2,-6.4,-0.7,-3.8,-2.9,0.1,-5.7,-6.0,-10.0,-1.6,-0.1,2.6,-0.7,3.0,-3.0,-2.1,-6.9,1.2,0.0,-2.0,-3.2,-2.0,-3.5,-0.6,-2.1,-6.4,1.5,1.8,-2.4,-0.5,-2.7,0.7,-0.6,1.0,-0.6,-1.4,-2.0,-1.4,-2.2,0.5,-1.1,-0.4,-5.5,-2.5,-1.3,-0.8,-5.6,-6.7,-0.8,-2.9,-1.8,-3.5,-0.7,0.1,-0.9,-9.3,2.9,-0.9,0.3,-1.5,-3.4,-7.2,-1.9,-5.4,-0.8,-2.0,-2.6,-3.8,5.1,0.5,0.9,-2.0,-4.0,-1.6,-1.0,-4.4,-2.7,1.2,-1.7,-3.4,-5.5,2.2,-1.8,0.2,-5.0,-6.2,-4.2,1.8,-0.4,-0.6,-5.2,-1.6,-6.5,-5.9,0.3,-1.3,-6.1,-4.1,1.8,-4.3,-0.5,-6.8,-9.7,-6.0,-5.6,-5.0,-3.7,-14.6,-4.2,-1.0,-1.1,-2.7,-1.0,-3.2,-1.7,-11.9,-2.5,-2.5,-3.5,-3.5,-3.3,-1.3,-6.3,-2.6,-2.5,0.9,2.2,-1.3,0.2,-4.7,0.6,0.9,-1.5,-1.2,-7.1,-5.5,-0.5
2C7L50wbLF,0,48.098874,11.632544,4442646.31,2777489.74,539.8,585.5,213,7401,4.1,0.69,0.43,32.67,348.96,-0.53,-0.103,0.842,-0.6,0.2,-0.64,0.31,0.7,0.3,-0.3,-1.5,-2.8,-1.8,-2.1,-1.6,-2.8,-0.5,1.4,-3.9,15.9,2.4,8.3,-0.1,-2.6,-1.4,0.7,4.1,0.6,3.7,-4.3,9.9,0.8,-6.3,3.1,1.7,0.6,0.4,13.5,-0.8,-5.3,-0.4,0.1,6.1,2.9,-6.1,-2.2,4.0,1.6,-0.5,4.4,-1.6,-8.3,-3.1,-4.1,0.2,4.9,14.0,4.3,3.1,-0.1,0.1,-2.3,-2.5,-1.6,3.8,2.9,0.3,-3.1,-1.0,-2.3,-0.4,-2.9,-4.8,-2.9,-8.4,-0.5,-0.4,-1.1,-3.1,0.5,-4.0,0.7,-7.7,-1.9,-2.7,2.8,5.6,1.6,0.7,2.1,-1.3,3.1,0.6,2.0,-2.4,-0.6,2.5,3.3,5.0,-4.1,-3.8,2.5,5.3,-0.6,1.7,0.2,-3.8,0.4,3.9,0.4,-1.8,-0.9,2.5,4.4,3.4,2.8,2.7,1.5,0.5,1.0,7.0,3.8,6.4,2.9,-2.9,-7.4,5.1,3.6,-2.4,0.5,7.3,-3.6,-2.6,-2.1,0.4,4.0,-0.5,-0.4,1.7,-3.7,0.5,-0.9,14.5,-1.5,-3.1,-2.2,1.2,-3.0,3.9,3.7,0.9,-6.1,-7.2,1.8,2.6,0.6,1.1,1.4,4.0,6.3,3.9,-2.1,-1.8,-2.5,2.8,-0.9,-0.6,-1.2,-0.2,-0.0,3.4,0.9,-4.0,0.0,0.4,-3.9,3.8,-2.6,-5.0,1.8,-0.1,-4.6,-0.3,-5.9,0.3,-1.4,-3.8,-1.9,-1.6,-4.3,-2.5,-3.8,-4.2,-5.4,9.8,-6.4,13.2,0.9,-2.5,-1.8,-0.2,14.9,-3.7,-7.9,-0.9,-3.1,2.3,-7.9,-4.6,-4.5,-5.7,-5.4,-6.1,-8.0,-6.2,-2.2,0.6,-3.6
2C7L50wbJX,0,48.09814,11.626691,4442212.03,2777398.63,548.9,594.6,213,7295,1.9,0.91,0.29,32.63,349.02,-0.529,-0.103,0.842,-0.2,0.1,-0.28,0.14,0.6,0.1,-0.3,1.3,-0.4,1.2,-0.5,-0.1,1.5,3.4,-0.8,-1.0,-1.0,-1.8,-0.2,-1.8,1.1,-1.8,-0.3,0.2,0.0,-0.7,1.0,-0.9,3.0,0.6,-1.2,0.8,3.8,2.8,1.4,-3.0,-1.0,-3.3,0.4,-2.8,-1.9,-8.2,-1.8,-1.1,-3.0,4.5,0.2,0.4,-5.0,-0.2,-0.3,0.2,-0.9,0.4,-1.5,-1.7,0.2,1.6,0.6,0.8,1.3,1.4,-0.1,0.3,0.2,2.0,1.2,0.1,0.5,1.3,1.9,-4.7,2.5,1.4,0.7,0.9,-0.6,-1.9,0.5,-0.3,0.1,0.7,-0.1,0.8,1.3,0.7,0.2,0.6,1.1,2.7,1.9,1.0,-2.1,-0.4,-0.8,2.7,0.2,0.2,-3.2,-1.8,-0.8,0.8,-1.4,0.1,1.5,0.1,2.1,0.4,0.9,3.0,0.8,1.1,1.4,1.5,-0.5,0.7,0.6,-0.2,1.1,1.2,0.8,1.1,2.6,-1.0,-0.5,-0.2,2.8,-0.8,2.3,1.5,-1.0,-1.4,-0.2,-0.8,1.2,0.7,-0.1,-1.2,-3.0,-3.8,-0.6,-3.9,-0.8,0.3,2.4,2.8,0.5,-2.6,-1.9,0.6,-0.7,1.0,0.9,0.4,3.2,-0.1,-0.3,5.5,-3.1,-1.0,0.6,-0.6,-2.1,0.6,-0.6,0.5,-0.5,-2.2,-3.4,1.5,-2.3,-4.0,0.9,-1.6,-4.4,-0.5,-1.6,0.2,-0.6,-1.8,-3.2,-1.9,-0.7,-4.4,-1.9,8.4,1.2,0.5,0.1,-0.1,-1.2,-1.6,-0.9,-3.3,-0.8,-0.6,-3.4,-1.5,-1.2,-1.5,-4.1,-0.8,0.2,0.2,0.6,-0.5,0.5,6.4,-1.8,-2.3,-2.0,-1.2,-3.8,-0.5,-1.2
2C7L50wbJY,0,48.098137,11.626663,4442209.98,2777398.2,544.8,590.5,213,7296,3.1,0.76,0.42,32.64,348.96,-0.529,-0.103,0.842,-0.2,0.2,-0.36,0.24,1.6,0.2,-0.3,2.9,1.7,3.9,-0.9,2.5,1.2,1.8,3.7,4.8,-2.8,4.8,-0.9,-8.6,-2.1,-8.6,9.1,9.8,7.8,0.5,3.3,2.2,-2.5,-1.5,-3.8,-5.3,-4.5,-2.7,-0.8,-1.0,-2.4,5.2,-3.6,4.9,-5.8,-12.1,-4.9,-2.0,-4.3,-5.0,-4.2,-1.7,-7.5,-3.2,-3.1,-1.9,-5.8,-3.7,-8.5,1.6,5.0,3.7,-1.4,-0.2,1.6,-1.1,1.2,2.4,1.1,3.4,1.9,3.7,1.2,6.8,1.1,-1.3,-0.1,3.4,-0.2,2.3,3.4,0.8,0.8,-0.4,3.0,1.4,3.3,4.1,4.5,3.3,1.3,-3.3,-0.7,0.7,0.0,-1.3,0.0,3.5,-1.0,0.6,-1.0,-0.2,-4.6,-1.5,-1.4,-0.2,0.2,-1.9,0.4,-1.7,4.0,0.6,1.4,3.3,1.3,1.0,2.8,2.4,1.9,2.6,3.3,0.2,1.4,1.5,1.0,0.9,3.0,-1.8,0.3,2.0,2.7,4.6,2.4,3.1,3.5,0.9,-1.8,-4.0,2.8,-0.2,-3.0,2.1,-1.9,-1.6,1.7,-1.2,-3.6,0.9,2.3,0.9,5.7,5.4,-1.4,-0.4,-2.4,-2.5,-1.0,-3.0,5.8,7.1,-5.9,-2.5,2.4,-1.3,-0.0,-2.3,-9.1,0.1,1.0,1.2,-2.5,-3.9,-3.7,-0.3,-2.4,-6.6,3.2,-2.7,-6.0,-1.8,-3.9,-2.1,-1.1,-3.3,-4.3,-4.5,-1.2,-4.0,1.5,1.5,-0.4,2.3,2.2,0.0,0.6,3.3,2.9,-4.1,-3.8,-0.6,-1.5,-1.6,1.2,-0.1,-4.6,-1.1,-0.7,-1.1,5.3,-1.2,2.6,-0.2,-1.5,-2.8,-4.6,-1.1,0.2,1.7,0.3
2C7L50wbJz,0,48.098334,11.628198,4442323.83,2777422.62,544.4,590.1,213,7323,2.7,0.83,0.43,32.65,348.96,-0.529,-0.103,0.842,-0.6,0.1,-0.04,0.21,0.2,0.2,-0.3,-3.0,0.1,-0.8,-2.2,-0.8,-1.4,-1.2,-0.1,2.3,-2.7,0.6,-1.5,-0.1,0.1,0.9,0.9,1.8,1.5,-2.1,2.2,0.7,1.0,1.9,0.9,1.7,5.2,0.0,-4.2,-2.2,1.7,0.5,-1.9,-3.9,-3.3,-9.0,-1.6,-0.3,0.5,-2.9,-0.3,4.2,0.8,-4.5,-3.2,-0.9,4.7,-2.3,2.2,4.1,3.8,0.2,2.0,-0.2,0.2,-0.8,0.4,0.9,1.8,1.0,-0.3,-0.5,2.6,-0.5,3.2,-1.5,-2.3,1.2,-4.6,-0.4,-0.2,-0.6,-3.1,-0.8,-0.3,3.3,4.2,1.6,2.2,1.3,-1.6,-0.6,-3.2,-1.9,1.2,2.7,-1.9,-0.9,-3.3,0.9,1.0,0.9,-3.3,-0.4,0.6,3.9,-0.7,6.6,2.9,-1.9,-1.3,0.5,-2.9,1.1,-7.0,-1.7,-1.4,1.3,-1.1,-0.0,-1.8,-2.4,-1.9,0.7,-0.3,1.2,-0.2,-2.4,-1.1,-0.9,1.2,-3.0,0.8,0.7,-1.1,0.3,-0.3,-3.3,0.2,-1.8,-2.2,-4.2,-6.1,-2.2,-8.4,-2.8,-3.8,1.5,-7.0,-3.6,2.0,-2.4,-1.3,-1.1,-0.3,0.8,-1.2,-3.9,-6.9,-1.7,1.5,-2.5,-5.7,-1.7,-2.8,-2.1,-5.8,-4.8,-2.8,-4.5,-3.2,-1.8,-0.8,0.7,-2.8,-3.2,3.1,-0.8,0.2,-3.5,2.6,5.1,0.2,-5.2,-3.8,-4.0,-7.4,-3.0,-0.2,2.8,6.6,-2.0,-2.5,5.7,1.0,-3.4,-4.2,0.1,-1.1,-0.9,-10.9,-3.5,2.9,1.1,-6.1,0.7,-6.3,-3.5,-0.8,-1.4,3.9,-6.5,-4.3,-1.8,-2.1,-5.2,-6.9,-1.2,-6.3
2C7L50wbKc,0,48.098624,11.63046,4442491.65,2777458.61,547.3,593.0,213,7362,2.5,0.85,0.35,32.66,348.96,-0.53,-0.103,0.842,-0.2,0.1,-0.21,0.2,1.9,0.2,-0.3,-1.2,-2.7,-3.8,-3.0,-1.5,2.0,-1.1,-1.2,-1.7,2.1,-2.8,0.0,-3.2,-0.2,-3.6,-3.4,-3.7,-1.4,-3.4,-2.4,-2.3,1.5,-1.2,-1.7,-4.8,-3.0,-1.3,4.1,-0.5,-4.3,-21.4,-7.2,-7.3,-3.8,-8.6,-5.2,-5.8,-0.4,-1.4,-1.1,-1.5,0.4,-3.5,-1.6,-0.3,-1.1,-0.7,-0.2,-2.4,1.6,-0.6,-0.7,-1.6,-0.9,-1.5,-1.3,-0.2,-2.6,-1.9,-2.3,-3.2,-1.8,-9.7,-0.9,0.2,1.2,-1.4,3.1,-1.9,-2.9,-5.8,-2.3,-0.1,-1.8,-2.2,-2.6,-1.2,-2.6,-2.0,-3.4,-2.5,-6.0,-1.4,-3.5,-0.7,-5.0,-1.6,-5.3,-5.1,-4.3,-6.2,-5.5,-3.2,-3.9,-5.8,-7.1,-1.1,-3.5,-4.6,-5.4,-2.3,-6.5,-1.0,-4.8,-3.7,-2.9,-2.5,-3.6,-2.1,-4.3,-2.8,-0.9,-2.4,0.6,0.0,-2.3,-0.9,-2.1,-3.9,-2.5,1.7,-2.3,-2.3,-2.9,-2.0,-2.6,-1.8,-2.8,-5.4,-5.2,-1.7,-6.0,-7.9,-1.1,-5.7,-4.6,-3.1,-1.8,-2.8,-0.5,2.1,-2.1,-3.7,-2.4,-0.5,-1.4,5.3,-1.1,2.2,0.1,-1.6,-2.0,-1.4,-1.4,-1.5,-0.7,-2.6,-2.7,-4.8,-4.4,-3.0,-5.7,-1.4,-4.5,-5.7,-0.7,-2.7,-5.2,-3.8,-4.8,-2.5,-3.6,-2.8,0.7,0.1,0.6,-0.3,4.1,9.3,1.4,-6.7,-3.5,-4.1,-2.3,-3.6,-5.4,-4.3,-4.7,-2.8,-3.5,-6.2,-5.6,-8.0,-10.1,-7.0,-5.1,-3.7,-3.8,-3.0,-3.0,-4.6,-1.8,-5.8,-5.4,-1.1,3.3,-7.2,-0.9
2C7L50wbLd,0,48.099085,11.634048,4442757.87,2777515.72,546.1,591.8,213,7425,3.9,0.7,0.44,32.67,348.96,-0.53,-0.103,0.842,-0.8,0.2,-0.96,0.29,1.3,0.3,-0.3,5.1,0.8,-3.1,-0.8,3.7,-2.3,4.4,3.9,5.6,-13.4,4.6,3.8,1.1,1.6,2.8,4.0,0.4,2.1,-0.8,-1.0,0.5,0.7,-1.0,1.0,0.0,2.8,5.8,10.2,4.2,-1.7,4.0,-4.6,-3.1,-1.5,0.3,-0.3,1.7,2.0,4.9,3.5,-6.2,0.7,-6.1,4.7,4.0,-0.6,4.9,4.3,3.4,5.9,3.1,1.0,1.6,2.4,4.7,1.7,2.2,3.7,6.1,4.5,3.7,2.3,2.9,1.1,-2.4,7.7,0.5,-1.6,1.4,1.5,3.7,3.6,0.2,1.9,2.1,3.1,1.2,-0.4,1.7,2.4,2.2,1.8,-5.4,-6.1,-2.4,9.9,11.7,4.8,4.7,6.3,3.6,3.1,0.1,1.8,6.2,10.1,4.4,4.0,2.2,4.3,8.5,3.7,2.8,5.5,6.3,12.4,2.5,-0.2,-2.0,1.7,0.1,2.8,0.5,-1.4,2.5,4.6,3.5,-4.9,1.5,-11.0,-0.8,5.5,4.4,4.7,6.2,5.6,1.5,2.8,6.3,1.2,2.6,4.3,1.6,0.3,-2.2,3.0,-1.3,4.6,2.6,6.4,9.1,3.2,2.7,0.2,2.0,1.9,2.2,3.0,3.3,0.3,0.6,0.4,2.0,3.0,-1.1,2.5,0.1,2.6,-5.3,2.6,4.0,6.6,1.9,1.3,-2.5,5.3,-4.6,-3.3,3.0,1.7,2.5,1.6,-0.3,-2.0,-0.1,0.9,3.0,2.1,-11.8,-5.2,-13.3,-10.4,-12.7,-12.0,-5.3,-4.3,0.0,4.0,-1.2,1.5,-0.1,-0.1,-1.7,-3.6,-2.1,-0.5,5.1,7.2,0.5,0.6,0.8,6.1,-1.2,1.9,1.5,-3.0,-2.6,-12.7
2C7L50wbMU,0,48.099464,11.636996,4442976.62,2777562.66,542.8,588.5,213,7478,2.6,0.85,0.39,32.69,348.96,-0.53,-0.103,0.842,-0.1,0.1,0.27,0.19,1.4,0.2,-0.3,-2.1,-1.3,-1.9,0.1,-0.4,-0.6,0.3,1.0,-0.7,6.2,-0.0,-0.7,2.1,-1.1,0.5,-1.6,-0.4,-2.1,-6.2,-6.0,-5.1,-0.6,1.0,-3.3,-3.1,-2.7,-2.7,-0.1,-1.9,-3.0,2.4,-8.9,-7.1,-4.2,-5.4,-4.4,-6.5,-8.2,-3.9,-1.6,-1.6,-1.7,-3.7,-3.2,-2.0,-0.2,-3.8,-0.6,-1.7,-0.0,-2.0,-2.7,-4.1,-5.2,-7.2,-2.6,-0.7,2.1,-2.8,1.9,0.2,-0.9,2.0,-2.7,2.2,0.4,0.2,0.1,-1.4,-3.0,-0.4,-2.9,-1.7,-1.0,2.6,-1.6,-1.3,-2.9,-4.1,-5.6,-3.7,-2.5,-3.3,-4.0,-2.9,-3.5,-2.0,-3.2,-5.9,-5.3,-6.6,-2.5,-4.6,-7.1,-6.0,-1.2,0.1,-1.5,-3.3,-0.5,-7.3,-3.9,-2.3,-5.1,-3.9,-2.7,-1.0,-3.8,-4.3,-2.5,-4.1,-1.6,-0.5,-3.3,-2.5,-4.6,-5.7,-3.0,-3.5,-4.1,-2.4,-1.6,-5.3,-2.3,-2.0,-1.4,-4.3,-5.3,-1.5,-4.0,-1.2,-3.0,-2.7,-3.7,-5.6,-6.2,-3.4,-4.8,3.0,-0.0,-2.5,-1.8,-3.0,-3.4,-0.3,0.3,3.3,-1.6,-2.3,-2.7,15.7,-1.4,0.8,-1.9,-1.8,-4.7,-3.3,-4.1,0.4,-1.2,-3.6,-4.4,-3.8,-6.4,-7.5,-2.2,-3.6,-7.7,-0.9,-3.5,-1.6,-2.6,-9.5,-5.8,-1.3,1.5,-1.6,-2.4,-4.7,-2.7,-1.6,0.1,-2.5,-3.3,-4.0,-3.5,-5.3,-3.1,-7.3,-5.4,-4.2,-2.3,-4.1,-5.8,-3.8,-2.6,-2.3,6.8,-3.9,1.9,-2.8,-2.9,0.3,-1.5,-2.3,-2.6,-1.9,-2.8
2C7L50wbMv,0,48.099641,11.638376,4443078.94,2777584.62,535.8,581.5,213,7505,2.8,0.8,0.41,32.69,348.96,-0.53,-0.103,0.842,-1.0,0.1,0.32,0.21,1.8,0.2,-0.3,-0.1,-1.9,2.0,-0.8,1.0,-1.0,1.1,-0.4,2.7,0.4,1.8,0.3,-2.1,-0.8,-1.3,-0.6,1.1,-1.1,-2.1,-4.2,-0.7,-0.4,-1.6,-7.0,-3.1,-0.7,-2.7,0.7,-1.5,-3.7,5.6,-12.5,-5.5,-4.7,-4.8,-2.9,-4.2,-4.2,-2.3,-6.5,-4.3,1.0,-1.9,-8.5,-3.9,-4.9,-1.0,-4.3,-4.1,-4.6,-1.7,-1.0,-0.7,-2.0,-1.5,-1.6,0.3,0.4,0.7,0.4,-2.5,-2.4,1.2,-1.9,-0.7,-3.1,-2.5,-0.4,-0.3,2.1,-1.5,4.5,3.7,1.1,-0.3,-2.6,-1.8,-13.5,-2.8,-5.3,1.0,-1.7,1.6,-1.3,-2.4,-0.5,-3.5,-3.2,-6.9,-2.6,-5.8,-5.7,-5.8,-5.9,-6.1,-3.1,-2.8,-1.1,-13.5,-3.7,-6.1,-4.3,-2.8,-2.8,-3.7,-7.9,-4.6,-5.1,-4.5,-3.9,-2.9,-3.6,-2.2,-2.0,-2.2,-2.7,-2.4,-4.0,-2.6,-4.2,0.8,-3.4,-3.0,1.8,-2.5,2.7,0.0,-4.3,-12.1,-7.9,-1.2,-8.6,-1.2,-8.3,-13.8,-6.0,-6.7,-9.9,-2.2,-2.7,-1.3,-4.8,-9.4,-6.3,-5.0,-5.0,-4.1,-3.7,-2.4,-3.3,-5.1,-3.0,-5.5,-5.0,-8.9,-11.1,-6.2,-5.0,-6.5,-7.8,-6.4,-2.3,-3.2,-4.8,-5.7,-4.4,-5.1,-6.8,-8.9,-8.6,-8.0,-5.9,-1.2,-4.1,-2.7,-4.6,-4.1,-1.0,-8.8,-5.4,-7.9,1.8,-6.7,1.0,-7.0,-5.6,6.4,-6.1,-6.0,-7.0,-2.4,-4.2,-9.8,-8.2,-8.8,-7.2,-8.7,-5.6,-7.4,-7.8,-7.7,-6.0,-6.5,-5.7,-3.0,-3.6,-5.9,-4.7
2C7L50wbJq,0,48.098309,11.627862,4442298.88,2777419.32,553.2,598.9,213,7314,4.3,0.6,0.47,32.64,348.96,-0.529,-0.103,0.842,-0.6,0.2,-0.0,0.33,2.3,0.3,-0.3,-1.1,-1.4,-2.4,-3.5,-3.3,-3.0,-0.4,-0.3,-3.5,4.7,-0.2,-2.0,4.9,-1.9,3.2,-0.3,-5.2,-6.4,-8.6,-3.0,-7.3,-6.7,-3.9,-2.8,-5.2,-7.0,-9.8,-1.7,-9.5,-9.2,-3.5,-9.1,-10.9,-5.9,-17.4,-5.8,-4.3,-8.8,-10.3,-3.9,-2.6,-3.0,0.5,-4.6,1.1,-3.7,-3.0,1.1,3.7,-6.2,5.6,-4.9,-3.4,-0.7,-0.4,-3.5,-4.9,-2.3,-0.6,-0.5,-2.0,1.1,-8.5,-2.0,-3.7,0.9,-0.1,-11.1,-3.7,-2.0,-4.0,-12.3,-4.5,-4.6,4.4,3.2,-8.0,-1.9,-5.1,-5.4,-4.9,-0.5,-4.8,-6.7,0.6,1.5,-6.9,-8.6,-6.1,-4.9,-9.3,-8.5,-8.9,-14.1,-4.3,-5.7,-9.0,8.5,-9.3,-14.1,-10.5,-11.3,-5.8,-10.2,-6.7,-4.2,-7.0,-10.3,-7.1,-12.0,-14.0,-9.1,-9.1,-10.2,-5.2,-0.2,-7.0,-0.3,-1.8,1.9,-13.9,8.8,-6.7,-5.9,-2.7,-5.9,-8.1,-5.2,-8.7,-5.9,-2.1,-5.2,-7.0,-8.6,2.7,-9.9,-7.3,-1.8,-3.1,-1.2,0.4,-1.9,-3.0,-4.1,0.0,-1.7,-5.9,-1.3,-0.5,-2.0,-14.8,-0.0,-0.5,-0.1,-3.6,-4.6,-6.3,-4.4,-10.6,-5.9,-11.8,-10.8,-3.7,-8.3,-11.2,-0.3,-9.8,-7.1,-1.3,-8.6,-7.2,-4.4,-4.2,-2.1,-1.9,-6.3,-0.7,-0.4,10.9,-0.3,-6.5,-6.3,-6.2,-12.5,-4.6,-5.5,-17.4,-7.6,-9.9,-4.0,-7.8,-4.2,-19.5,-11.9,-10.9,-7.1,-3.1,-6.5,-8.6,-4.3,-3.4,-17.5,-10.3,-1.3,-7.4,0.4,-4.7,-8.9
2C7L50wbKk,0,48.098711,11.63099,4442530.92,2777469.11,549.9,595.6,213,7370,2.4,0.83,0.43,32.66,348.96,-0.53,-0.103,0.842,-0.2,0.1,0.97,0.18,1.5,0.2,-0.3,2.1,0.9,-0.9,0.2,0.6,2.9,1.9,1.3,1.4,1.9,-2.5,1.0,-2.1,-2.7,-1.2,1.6,-0.0,0.6,-1.4,1.4,-2.2,0.6,-1.6,3.7,0.2,-1.0,-0.3,0.6,-0.2,-0.7,-0.1,-5.2,-5.3,-0.5,-2.8,1.0,-0.7,2.0,2.1,5.8,-0.8,-1.8,1.7,0.4,0.7,-1.7,-0.3,-1.4,-4.0,-0.4,-1.5,-3.6,-4.9,-1.3,-1.0,-1.5,-3.3,-1.5,-3.8,-3.7,-3.2,-3.6,-2.9,-3.9,-3.3,-0.3,-4.9,-6.3,-4.0,-4.4,-4.4,-4.2,-3.3,-3.6,-2.7,-0.4,-0.1,-0.7,-1.9,-3.1,-2.0,-1.6,1.6,0.4,0.4,-0.9,1.2,-0.4,-1.4,-2.2,-2.8,-2.1,-2.9,-2.2,-1.5,-3.1,-2.5,-1.7,-4.2,0.1,-0.0,-4.6,1.8,-0.3,-0.1,0.6,-1.1,0.5,-0.6,-1.6,-1.5,-1.7,-0.8,-3.0,-1.9,-3.9,-3.9,-3.1,-4.4,-4.2,-4.1,-8.4,-7.3,-0.6,-3.1,0.6,-3.1,2.6,-2.0,-2.7,-1.9,-6.8,-5.4,-2.7,-4.8,-1.8,2.0,-1.4,1.1,9.5,-1.4,-5.9,-6.7,-3.3,-2.9,-2.5,-3.4,-6.3,-5.1,-11.3,-8.0,-2.4,-5.2,-4.2,-7.1,-5.2,-5.4,-2.2,-1.8,-4.2,1.8,1.1,1.3,-1.1,-2.5,-0.8,1.4,-0.8,-2.1,-1.7,-4.3,1.1,-4.9,1.0,-2.4,-4.3,-8.5,-2.7,-2.6,0.3,2.7,-1.8,1.2,0.8,-2.9,1.8,-4.9,-1.2,2.8,2.5,6.2,2.4,4.2,-0.8,2.2,2.8,1.2,0.4,-3.0,-0.1,-3.2,-2.8,-3.1,-3.0,-4.1,-5.3,-4.9,-3.6
2C7L50wbKs,0,48.098756,11.631337,4442556.67,2777474.64,544.3,590.0,213,7378,2.3,0.88,0.34,32.66,348.96,-0.53,-0.103,0.842,-0.4,0.1,-0.2,0.18,0.3,0.2,-0.3,0.5,0.5,0.2,1.6,-10.0,5.3,-0.3,3.3,2.8,-1.0,2.9,-3.1,-0.2,0.1,-0.6,-0.6,5.0,-1.2,0.9,1.0,-0.3,3.2,0.7,2.1,1.7,2.0,0.8,0.5,1.3,-2.1,0.9,-4.4,-5.0,-1.0,-2.1,1.6,0.2,1.4,3.6,1.8,1.1,4.7,-0.2,1.4,-0.0,1.1,-0.4,1.4,-0.7,0.8,1.4,4.7,1.7,1.8,1.8,5.3,-1.1,0.2,0.1,0.7,-0.1,1.1,-4.0,1.2,-11.9,1.4,1.8,2.5,-0.1,0.7,0.8,1.0,-4.5,0.5,2.6,1.8,0.3,-1.0,0.7,-0.8,-0.2,2.1,1.1,2.0,2.2,-0.6,2.3,-0.0,2.0,0.5,0.8,1.6,-0.7,-0.8,0.4,1.4,-2.0,1.4,-1.1,-0.1,1.4,0.6,0.6,1.1,0.7,-0.4,-3.4,-0.6,1.0,0.1,-1.3,-1.2,1.6,-3.8,0.2,7.0,7.6,2.0,-0.4,3.4,0.0,-1.9,-1.3,-0.4,0.9,1.3,-1.3,2.0,0.4,-0.9,2.3,3.1,1.1,1.4,-0.9,0.3,1.8,-0.7,-2.9,0.9,-1.3,-0.9,-2.0,-3.8,-1.0,-1.2,1.6,-0.9,2.4,0.8,-5.7,-2.6,-0.8,0.2,1.2,-0.3,0.9,-0.3,1.5,-0.3,-0.6,0.4,-0.2,-0.9,-2.5,-1.0,1.7,-0.3,-0.9,-2.0,-0.8,-2.2,-4.6,-2.5,0.2,-2.2,-2.2,-7.0,7.9,-1.6,-1.4,-0.0,-0.2,1.9,0.6,1.8,-1.0,0.0,-1.2,-2.7,-2.0,-2.3,-0.2,-6.8,4.1,-1.4,0.8,-1.4,-1.7,-1.3,-3.1,-2.0,0.1,-2.3,-3.4,-2.4,0.3,1.2
2C7L50wbLM,0,48.098973,11.633025,4442681.94,2777501.51,545.8,591.5,213,7408,3.5,0.76,0.42,32.67,348.96,-0.53,-0.103,0.842,0.1,0.2,-0.25,0.27,1.9,0.2,-0.3,-0.3,-1.8,-2.4,-0.8,-6.0,-0.4,-1.3,-0.9,1.5,6.0,0.9,1.6,0.1,1.9,1.3,0.6,-0.8,-0.5,-5.9,2.7,-3.3,-2.6,-2.2,-0.2,-2.7,-4.2,-3.7,-7.7,-1.8,-2.5,-0.3,-3.4,-8.1,-2.7,-4.0,-3.2,-0.7,-1.8,-1.3,0.2,-4.7,-6.1,-8.0,-6.5,-3.9,-0.8,-10.5,-6.6,0.6,-0.0,-2.3,-4.2,-0.1,-3.4,-3.7,-2.8,5.8,0.1,-2.3,-0.2,0.2,1.9,-0.7,-0.6,-0.7,4.0,-1.4,-0.8,1.5,-2.4,1.8,0.8,-0.7,-1.5,-2.5,5.4,0.3,-1.8,-3.3,2.6,-4.6,-6.7,-1.2,1.0,-1.0,-3.7,0.5,-3.2,1.8,-3.6,-6.2,-0.3,-21.1,-5.5,-1.6,-7.4,-2.7,-4.7,-3.1,-5.3,-1.8,-2.3,-0.3,-1.3,-2.9,1.9,0.7,-7.5,0.2,-1.0,-6.9,0.2,2.0,2.9,0.2,3.3,-5.0,-0.3,0.5,-0.7,-0.4,1.3,1.4,-0.6,2.5,-3.4,-17.9,-0.7,1.6,-0.7,2.8,-3.2,-8.2,-3.1,-4.0,2.5,-1.8,-5.3,-5.9,-3.9,-15.5,2.2,-3.9,-1.3,2.7,-0.9,-0.1,-1.1,-0.7,-1.3,2.9,3.9,-0.3,-1.5,-2.2,8.8,1.9,-0.5,-1.8,-0.1,0.3,-0.9,-0.7,-1.4,-0.0,3.4,0.7,-3.5,-6.8,0.3,-0.0,-2.0,-9.2,-0.1,6.2,-1.1,-0.7,-0.1,3.6,5.1,3.5,1.2,-3.2,-3.0,-0.7,-3.3,-7.3,-0.6,-1.0,-4.5,-3.9,-0.9,-3.1,-7.1,-4.8,-2.9,0.4,-3.5,1.1,-5.2,-6.0,-13.4,5.3,-0.2,-1.4,-0.1,-3.1,-1.9
2C7L50wbLS,0,48.099034,11.633506,4442717.59,2777509.14,552.0,597.7,213,7414,2.1,0.9,0.39,32.67,348.96,-0.53,-0.103,0.842,-0.2,0.1,-0.12,0.16,0.6,0.1,-0.3,-0.3,0.4,1.9,1.0,2.6,0.9,1.5,1.4,1.5,-6.1,-0.8,0.4,-2.4,-1.0,-2.2,0.6,-0.1,-0.4,-1.1,-0.1,-1.4,1.0,0.7,1.3,1.0,-1.4,-0.7,-0.2,1.7,-0.9,1.0,-2.0,-1.5,-0.4,-0.1,-0.8,4.9,1.8,-1.2,3.1,3.6,0.4,0.6,-8.6,2.1,-4.6,2.6,1.8,-1.1,-1.5,-0.2,1.8,-0.5,2.1,-0.9,3.9,0.8,2.0,0.9,1.6,1.7,-0.4,1.0,1.6,2.6,-4.9,0.4,-2.0,-2.9,-3.4,-2.5,-1.5,-2.1,-2.6,0.8,0.4,-0.5,-0.3,1.0,-3.2,-2.2,-2.3,-2.0,-0.3,0.2,0.5,4.2,-1.2,-0.5,-0.7,0.3,1.7,0.8,0.5,-1.9,2.6,0.3,0.5,2.0,1.9,-1.0,-1.0,0.7,-0.2,1.7,0.7,3.6,0.2,-0.9,0.7,-0.9,-2.8,-1.3,0.7,3.3,1.0,-2.7,-1.6,1.8,1.5,-0.6,0.6,0.7,0.4,0.1,-1.8,-3.6,0.9,-1.0,-1.0,1.9,-2.0,1.5,-0.2,-1.1,-0.5,1.2,-2.1,2.6,2.2,-0.1,2.8,-0.6,0.9,1.0,1.5,0.4,0.8,0.7,1.9,0.7,-0.9,1.5,-1.8,-1.0,0.6,-2.6,2.3,-0.6,0.6,-0.1,-0.4,0.2,0.4,-1.7,2.1,3.7,-3.0,1.4,1.4,0.2,-2.6,-2.2,-4.0,-3.2,-5.9,-1.9,-1.3,-10.0,-1.2,-2.6,1.3,-1.8,-0.3,-1.8,0.5,-1.5,0.0,-4.7,0.6,0.4,0.1,6.1,-0.0,-0.2,-3.5,-2.8,-0.1,2.6,2.8,-2.9,1.2,0.1,-0.3,-2.0,-5.7,-1.8,2.0
2C7L50wbLT,0,48.099033,11.633495,4442716.8,2777508.98,548.7,594.4,213,7415,1.6,0.94,0.24,32.67,348.96,-0.53,-0.103,0.842,-0.3,0.1,-0.26,0.12,0.7,0.1,-0.3,0.6,-0.9,0.6,0.5,-1.1,2.4,0.8,0.8,-1.8,-3.1,-1.2,1.8,-0.5,-0.9,-0.6,-0.6,-1.4,-1.0,-3.5,-1.7,-1.2,-0.1,-0.6,0.3,-0.6,-0.6,-0.2,-0.8,1.6,-2.6,2.1,-5.5,-4.7,-2.1,-1.2,-2.5,2.0,1.1,0.5,0.6,-0.8,-0.8,-0.6,-0.3,0.1,-0.0,-0.9,2.6,0.8,1.6,1.0,2.2,0.8,0.2,0.3,-0.4,0.1,0.7,1.5,1.6,-0.1,1.3,-1.0,-0.2,0.7,-1.0,1.5,-1.8,0.9,-0.8,-0.9,-1.8,-1.2,-1.0,-1.2,-1.3,-0.2,-0.7,-0.3,-3.1,-0.8,-1.4,-1.4,-0.7,0.5,0.5,-0.4,-0.9,-2.2,-1.7,-1.2,-0.2,-0.7,-0.9,-0.4,-1.5,0.2,1.0,-0.3,-1.3,-0.3,-0.8,1.7,1.2,1.2,1.1,-0.1,-0.7,-1.8,-0.5,-0.5,-0.6,0.8,0.1,0.3,2.2,1.1,-0.3,2.9,0.5,-0.4,0.7,0.5,-1.3,0.2,-0.8,-1.4,1.0,-1.7,-3.3,0.7,-1.7,-1.6,-1.3,-1.9,1.1,-1.5,-3.2,0.7,2.3,-0.3,-1.4,-1.2,-0.6,0.5,0.6,-0.1,0.7,3.7,1.4,1.9,-0.7,-0.5,-2.1,1.1,1.0,-0.6,-1.4,-0.3,0.3,-2.5,-1.3,-1.3,-3.0,-3.8,-0.3,0.9,-4.9,-2.3,-0.0,0.1,-2.9,-3.0,-0.8,-3.1,-1.2,1.3,1.0,-13.4,-0.8,-1.5,0.7,-0.6,-1.0,-1.1,-1.2,-2.1,-1.9,-2.0,-1.1,-1.2,-0.3,-0.5,-5.0,-2.5,-2.4,-1.6,-1.5,-0.2,-0.6,-1.3,-1.9,1.1,-2.3,-1.2,-1.9,-0.5,-1.1
2C7L50wbLb,0,48.099087,11.633914,4442747.88,2777515.66,545.4,591.1,213,7423,2.4,0.86,0.39,32.67,348.96,-0.53,-0.103,0.842,-0.1,0.1,0.8,0.19,0.5,0.2,-0.3,-3.0,-1.4,-0.1,-0.7,0.1,-1.5,0.0,0.5,1.1,-2.8,1.3,0.4,0.9,1.4,0.5,2.2,0.9,2.4,0.5,0.8,0.4,3.6,1.0,3.3,2.0,-1.0,-0.5,0.2,0.5,-2.5,-0.5,-5.1,-4.3,-2.0,-2.2,-1.5,3.5,3.0,0.9,5.4,8.8,0.7,3.5,0.4,1.4,-0.6,-0.7,-2.5,-0.2,0.6,4.0,1.8,1.3,1.1,1.1,-0.5,0.8,0.7,0.6,-0.4,-0.6,0.9,0.3,-0.3,-0.7,-0.7,-1.2,0.1,1.3,-1.0,-3.9,0.1,-0.3,-0.1,-0.0,0.2,0.2,-1.4,-0.3,-4.0,-0.1,-0.4,-2.1,-0.4,0.4,-0.5,-0.8,-1.1,-1.1,-5.1,-2.3,-0.5,-1.7,0.0,-2.0,0.5,-1.1,2.0,-0.8,0.5,-0.7,-0.5,0.3,6.3,1.0,-0.9,1.0,0.1,-1.3,-1.2,-0.6,-2.1,-0.9,-2.3,-1.7,-3.0,0.5,-2.3,-5.0,-0.9,-0.2,-1.7,-3.3,-1.9,-0.7,-0.8,-2.7,1.1,-2.2,-1.6,4.3,1.9,-0.5,-1.1,-3.7,-1.1,-1.4,-7.6,1.8,0.6,0.1,0.2,-4.5,-3.2,1.9,-3.3,-0.1,-3.5,-3.4,-4.4,2.2,-2.6,-1.8,-2.5,-3.2,-3.4,-2.5,-1.9,-2.6,-1.8,0.2,3.0,-1.3,-0.6,-2.1,-2.0,0.6,-3.3,-1.0,-0.8,-0.9,0.3,-2.4,-3.5,1.0,-0.9,-0.2,-4.5,0.1,-4.3,-1.9,-12.6,-3.0,9.5,8.4,-1.8,-5.2,2.3,3.3,4.7,1.8,3.3,1.0,-0.5,2.7,-4.9,1.6,7.6,-0.8,1.9,-2.4,-1.7,-0.8,2.8,4.1,-0.0,2.7,0.8
2C7L50wbMS,0,48.099478,11.636961,4442973.93,2777564.15,546.6,592.3,213,7476,1.6,0.93,0.29,32.68,348.96,-0.53,-0.103,0.842,-0.6,0.1,-0.52,0.12,0.3,0.1,-0.3,-0.7,-2.9,0.2,0.1,-1.1,0.3,-1.1,1.3,1.0,-2.4,0.4,1.4,0.1,0.2,1.6,0.6,-0.2,-1.0,1.1,-5.0,-0.9,0.4,0.1,1.9,-2.0,0.6,-0.9,5.9,2.2,-0.7,4.1,-3.1,-2.7,-3.4,-0.9,-1.0,-1.0,1.8,-0.9,0.3,1.9,2.5,2.0,0.1,0.3,0.6,1.9,1.0,0.8,1.9,1.1,1.7,3.2,1.3,-2.4,2.4,3.1,2.0,1.5,1.8,1.5,-0.1,-2.2,-0.6,1.6,1.5,0.8,1.3,0.8,1.8,1.3,1.6,0.8,-1.4,-1.1,0.4,2.4,-1.0,-0.3,-0.9,0.4,-0.6,-0.8,4.9,0.2,0.4,0.4,0.1,-1.1,0.9,1.3,-0.7,0.1,-0.2,-1.2,2.0,-0.7,1.7,0.4,-1.3,-0.1,-0.9,0.4,1.3,1.6,0.5,-0.4,1.0,-1.0,0.5,1.1,-0.0,-0.1,-0.2,0.6,0.9,-0.1,-1.1,-1.3,-0.2,2.3,0.7,1.3,-1.1,1.2,-1.2,-0.2,-0.3,-0.3,1.6,0.4,-0.6,1.8,-0.6,-0.1,-0.8,0.6,-1.3,2.8,1.1,0.6,-3.7,-0.8,0.2,0.5,1.0,-0.4,-0.1,-1.4,-0.6,-1.7,0.5,0.6,-1.7,-0.8,-0.8,-0.5,-2.1,0.3,-0.8,-2.9,-0.0,-0.6,-0.6,-3.0,1.5,5.4,-4.7,-2.2,0.5,2.1,2.7,-0.7,-2.9,0.0,-4.6,-0.8,-2.7,3.6,-2.0,-2.7,-2.6,-0.7,-3.5,-4.2,-4.4,-3.3,-3.5,-0.4,-3.0,0.8,-0.6,-1.8,-4.2,-3.0,-0.6,-0.6,1.2,-2.3,-2.3,-0.7,-2.4,-5.5,-4.1,-1.5,-3.9,-3.4,-3.6
2C7L50wbMr,0,48.099649,11.638294,4443072.83,2777585.37,542.3,587.9,213,7501,2.6,0.85,0.44,32.69,348.96,-0.53,-0.103,0.842,-0.8,0.1,0.44,0.2,0.4,0.2,-0.3,0.2,-0.7,-0.7,3.9,-1.3,1.0,0.7,0.2,-1.6,-2.3,-0.9,0.7,-3.7,-1.8,-2.2,-0.7,-1.0,-1.4,-2.9,-2.9,0.5,-0.5,1.5,-0.4,1.0,0.2,-1.7,-1.5,-0.4,-3.5,5.6,-0.7,-5.2,0.5,-0.1,-1.7,-1.0,-1.1,-0.5,1.0,-2.1,2.0,4.0,1.0,-1.2,-4.0,-4.5,-3.6,-1.9,5.0,-8.1,-1.7,-2.3,-5.2,-4.5,-0.9,-3.1,-14.8,-1.0,-0.3,-0.4,-1.7,-1.4,-1.8,1.6,-1.9,-0.6,0.4,2.9,-0.2,-0.2,-3.9,-5.3,0.8,-5.4,-4.2,-2.3,-1.2,-4.0,-4.2,-1.5,-5.8,-2.6,-2.0,-4.0,1.3,-1.7,-0.4,-4.4,-3.5,-4.8,-4.1,-5.0,-3.7,-3.3,-3.2,1.0,-3.3,-1.5,-2.9,-3.8,-1.5,-3.0,-5.0,4.1,-5.7,-2.9,-1.7,-11.9,-4.4,-3.1,-3.4,-1.9,-1.8,-0.7,-2.5,-3.3,-4.1,-1.0,-3.3,-3.1,-1.3,-5.0,-2.6,-3.3,-3.6,-5.4,-2.6,-2.2,-2.1,1.3,-4.5,-2.5,-3.1,-4.4,-2.1,-3.0,-5.5,-0.8,0.5,1.2,-2.9,-5.3,-4.3,-3.6,-1.8,1.2,-5.5,-2.4,-2.7,-3.0,-2.5,-2.2,-3.8,-5.8,-5.1,-3.3,-3.4,-4.1,-5.3,-4.7,-3.5,-3.1,-5.8,-4.9,-0.2,3.4,-6.6,-5.4,-2.0,-3.5,-1.2,-2.5,-0.9,-1.5,-5.0,-3.1,-1.4,-14.2,-0.9,-8.0,-5.7,-7.3,-7.2,-2.9,-8.6,-5.1,-6.3,-3.9,-5.4,-2.3,-2.3,-7.9,-8.7,-4.1,-1.1,-2.8,-3.3,-4.4,-4.6,-7.6,-4.2,-3.6,-0.4,1.8,-3.1,-2.4,-1.1
2C7L50wbK8,0,48.098411,11.628506,4442346.62,2777431.67,536.2,581.9,213,7332,4.3,0.65,0.52,32.65,348.96,-0.529,-0.103,0.842,-0.2,0.2,0.41,0.33,1.3,0.3,-0.3,2.4,-3.9,-8.3,-9.4,-4.6,-0.5,-0.4,-5.1,0.1,0.5,-2.0,0.8,2.3,5.4,8.0,2.2,1.9,0.6,2.7,-4.4,3.0,-1.8,13.9,9.2,-0.6,10.7,5.8,-0.3,-11.4,-5.4,0.7,-15.3,11.4,3.7,-14.4,-8.9,10.2,-0.7,8.2,5.2,1.8,2.1,10.9,3.7,5.0,-3.3,1.5,5.1,-2.2,4.4,1.3,-1.8,-0.4,-1.4,-0.9,4.2,1.0,2.6,-1.3,4.3,1.7,3.5,0.1,2.2,-3.4,6.0,2.5,3.8,-1.3,2.6,3.7,-1.4,4.4,1.5,-2.0,3.5,-0.7,1.7,-1.4,8.5,4.4,0.9,3.9,-1.1,1.3,1.5,-0.9,-4.1,1.3,0.3,2.7,-1.5,0.1,0.3,-3.5,-1.4,-0.1,0.9,-5.8,-2.2,1.3,-2.1,2.8,-9.8,4.1,-3.9,-2.9,-5.1,-3.7,-8.1,-4.2,-7.4,-7.5,-4.5,-2.3,-0.9,-6.2,-2.6,-4.0,-2.8,0.0,1.7,3.5,1.2,2.3,2.6,1.4,1.3,-3.0,-0.5,-7.4,-5.8,0.3,-0.6,0.2,-5.4,-1.4,2.7,2.3,1.3,0.4,1.3,0.4,1.6,2.3,-0.0,-0.7,1.9,3.7,3.6,-0.4,0.2,1.9,-0.1,-1.7,-1.6,2.3,-1.1,2.3,1.9,-5.2,-7.5,-4.8,-8.6,-5.9,1.6,-4.5,-13.2,-5.3,-9.0,-3.1,-3.1,0.0,3.0,1.0,1.5,2.3,2.3,-4.6,3.5,2.5,1.7,1.8,2.4,15.2,-7.3,-0.5,2.9,2.0,-1.9,-4.6,0.5,-6.6,-4.2,-1.7,0.2,0.3,-0.9,1.2,2.2,2.2,1.0,-2.1,0.8,1.6,0.5,0.5,1.6
2C7L50wbL9,0,48.098898,11.632297,4442627.88,2777491.99,545.1,590.8,213,7395,1.9,0.9,0.31,32.66,348.96,-0.53,-0.103,0.842,0.4,0.1,-0.41,0.15,0.1,0.1,-0.3,-0.8,0.0,-0.6,1.7,-0.9,-4.8,1.7,3.4,0.0,-1.5,0.5,-0.4,1.0,-0.3,0.9,1.8,0.2,2.6,1.3,3.0,1.4,4.6,1.7,4.7,4.3,1.3,0.5,-2.9,3.0,0.8,-2.0,0.4,-1.4,0.8,-2.6,2.3,-2.4,1.9,0.3,2.4,0.8,0.4,1.7,2.3,2.3,3.5,2.1,3.2,3.8,1.6,2.9,3.1,1.9,2.1,3.0,3.9,0.3,1.8,0.9,1.8,1.0,1.7,-3.1,1.6,-4.6,-2.7,2.9,-4.1,1.9,1.2,-0.1,0.6,-1.1,0.9,-0.0,0.5,1.4,2.8,3.1,-1.4,2.2,1.8,2.4,3.0,4.3,3.9,2.6,1.6,0.0,-0.2,0.8,0.3,-0.0,2.2,1.0,-0.1,2.4,3.8,4.1,-0.1,3.0,4.5,4.6,4.6,3.7,3.4,2.6,3.1,1.4,4.1,5.3,4.1,2.2,4.6,3.7,1.1,0.2,0.7,2.0,3.9,1.3,3.2,4.1,3.8,6.1,3.8,1.5,5.2,4.6,2.8,4.1,4.2,2.8,0.6,0.2,1.1,2.3,0.6,4.9,6.1,-0.2,1.3,1.4,3.8,4.3,4.3,-2.7,3.9,4.5,6.0,-0.0,-0.8,3.8,1.8,5.2,4.5,3.6,3.1,3.0,1.9,2.0,3.3,3.1,-0.2,-1.1,3.6,3.7,-1.3,1.9,1.9,1.8,0.2,0.8,-0.7,0.9,-1.2,3.1,2.4,6.8,2.6,3.7,2.9,1.9,2.4,3.1,4.0,2.4,4.3,2.9,2.8,4.4,0.5,5.4,-1.9,3.1,2.7,3.4,1.5,3.5,1.2,1.7,2.4,3.0,6.2,2.1,1.7,2.3,3.1
2C7L50wbLA,0,48.098901,11.632323,4442629.82,2777492.4,543.6,589.3,213,7396,2.0,0.91,0.32,32.66,348.96,-0.53,-0.103,0.842,0.2,0.1,-0.31,0.15,0.3,0.1,-0.3,2.5,1.6,1.6,1.4,1.1,3.9,1.1,1.0,0.2,-2.4,1.2,-1.6,-0.4,-0.4,-1.4,0.7,-0.5,1.1,-0.4,1.5,-0.2,3.7,0.9,0.5,2.5,2.2,1.6,-4.8,1.3,-1.0,-6.1,-3.4,-3.5,-2.4,-1.7,0.2,1.7,2.7,1.6,1.7,-0.1,-0.4,0.9,4.1,2.4,2.0,-1.0,0.2,0.6,0.3,0.3,1.1,0.4,0.5,0.2,1.3,-1.0,0.0,0.2,1.6,-1.8,1.3,-0.7,3.0,-12.4,-2.3,2.7,3.6,-1.0,1.9,6.7,-1.7,-2.3,-0.0,0.9,3.3,-2.4,1.8,0.1,0.8,-1.1,-0.2,0.5,1.7,0.2,3.0,2.4,-0.5,0.8,-0.2,1.1,0.2,-0.3,1.5,-1.4,-0.2,0.3,3.2,2.9,0.7,2.1,2.3,3.4,3.4,3.0,2.7,4.0,2.3,2.6,2.4,3.0,3.4,1.7,2.6,2.9,0.0,-2.2,0.5,-0.4,1.5,-0.3,1.0,2.8,1.7,2.9,2.7,0.4,2.8,4.2,1.6,3.6,3.2,1.6,2.2,-0.4,1.0,1.5,0.1,2.9,4.4,4.0,-0.2,-0.2,1.2,1.8,2.0,-1.8,1.5,3.0,1.9,0.5,-0.1,1.4,1.9,2.6,1.9,1.1,1.7,2.9,2.7,1.9,1.6,3.3,1.4,-0.1,2.0,2.9,-1.6,1.4,3.1,2.4,-0.3,-2.0,-0.4,1.7,0.2,1.8,0.5,-7.5,1.1,1.6,0.9,0.1,0.9,1.0,1.5,0.4,1.5,2.1,1.3,3.1,2.7,2.9,-0.1,2.2,1.2,2.7,2.0,1.2,2.1,0.1,1.0,1.1,1.5,1.7,-0.1,-0.1,1.8
2C7L50wbLB,0,48.098904,11.632348,4442631.64,2777492.8,542.1,587.8,213,7397,2.8,0.78,0.39,32.66,348.96,-0.53,-0.103,0.842,-0.9,0.1,0.22,0.21,2.3,0.2,-0.3,2.8,-6.4,2.7,-2.8,0.8,-2.8,6.9,3.8,7.1,-8.3,4.2,5.0,4.6,4.6,6.7,7.7,3.9,3.2,3.0,2.7,1.3,2.0,1.0,6.7,4.5,2.8,1.2,5.5,2.3,0.7,7.4,-0.7,-1.1,3.2,1.8,5.4,4.8,1.2,3.5,0.6,-0.3,1.1,3.4,4.0,4.3,1.7,4.0,-2.6,-1.8,-1.2,1.3,-1.1,-2.2,-2.2,-2.9,0.0,-0.3,-3.8,-5.0,-3.8,0.1,0.2,-0.7,-0.5,-0.8,-5.1,-3.4,0.2,0.6,2.3,4.4,4.6,2.4,2.3,3.7,5.5,8.4,5.0,4.9,3.7,5.5,6.8,4.7,3.1,15.0,3.3,3.3,4.0,0.2,0.6,1.6,0.9,-1.0,0.6,-0.2,-0.5,4.3,0.4,2.7,-0.4,-0.6,-0.2,2.5,2.4,2.9,3.3,2.0,1.8,0.2,2.0,1.4,1.4,-1.6,-1.5,-0.4,-4.4,-4.7,-3.3,-6.5,-2.3,-5.8,-4.0,-1.6,-2.2,2.2,2.7,-1.8,-0.8,2.5,1.7,2.9,0.3,-3.0,1.2,-1.2,0.5,0.5,0.2,2.7,1.2,1.7,1.8,-3.5,-2.7,-0.7,-2.5,-2.0,-0.8,-1.7,-3.3,-2.8,-2.3,-2.9,-1.0,-1.4,-1.3,-3.3,1.4,-1.7,0.3,0.4,1.9,-0.8,-1.1,-2.3,1.2,-0.8,-2.4,-1.0,1.0,2.1,-4.5,-4.1,-3.1,-1.2,-1.6,-1.0,-6.3,6.7,-5.8,-8.0,-7.9,-4.5,-2.6,-2.4,2.6,0.7,4.2,1.1,1.6,1.1,1.1,-0.4,-0.2,0.1,2.1,2.2,3.9,1.2,0.7,-4.5,-5.9,-9.6,-2.6,-1.9,-3.2,-2.7,-5.3
2C7L50wbJU,0,48.098176,11.626536,4442200.41,2777402.35,549.9,595.6,213,7292,4.4,0.63,0.46,32.64,348.96,-0.529,-0.103,0.842,-0.8,0.2,1.03,0.34,0.9,0.3,-0.3,1.4,-0.9,-5.2,-3.4,3.8,5.8,-5.3,4.4,5.7,-0.8,5.1,-6.5,-0.6,0.8,1.7,-12.1,3.4,0.5,-1.8,1.7,0.7,-4.1,-0.8,3.5,2.7,-0.2,-2.7,3.5,-0.7,-6.8,-6.0,-4.7,-7.8,-4.2,-11.9,-5.5,0.2,-1.8,-0.5,0.3,-0.7,1.3,-0.4,-0.8,-2.3,-2.5,2.6,-15.4,-3.2,7.2,-5.6,1.9,1.8,-1.1,-4.0,0.8,0.8,-0.7,-2.2,-1.6,-0.9,-10.1,-4.5,0.0,-1.9,-4.3,-0.5,-2.3,-0.0,-4.3,-8.3,-4.4,-6.9,-7.5,-3.3,-4.9,-0.6,-3.9,-5.2,-3.0,-5.1,-2.5,-3.0,-4.0,1.3,-5.2,0.8,-3.5,-2.4,-6.7,-2.2,-4.7,-2.1,-6.5,-3.5,-1.4,-1.5,-2.2,-5.4,0.5,-6.1,-6.4,-3.8,-6.5,-4.6,-2.9,-1.8,1.0,-3.6,-5.8,-5.6,-4.2,-12.5,2.0,4.5,-8.1,-8.6,-0.0,1.3,-4.5,-12.6,3.0,-5.2,-3.4,-1.5,3.2,-3.6,-6.8,-1.0,-2.6,-2.4,-2.8,-3.3,-5.3,-3.0,-19.4,-3.1,-17.9,-5.1,3.7,-17.3,-1.0,-5.2,-1.7,-2.9,-3.1,-7.8,-3.2,1.3,-0.4,-3.8,-3.7,-1.0,-1.2,-2.1,-5.7,1.1,-6.0,-3.3,-18.9,-14.1,-14.6,-9.4,0.0,-7.5,2.4,-6.4,-14.3,-9.5,-4.8,-5.4,-5.3,-11.1,-9.0,-14.8,-2.4,3.6,-2.6,-2.5,-8.5,-2.9,-13.1,-12.8,-10.9,3.1,-2.5,1.9,1.4,-5.8,-9.8,-7.1,1.5,-4.4,-7.7,-5.4,-2.4,-1.3,4.5,-3.0,-5.6,-6.6,0.8,-2.0,-1.6,-3.4,-3.9,-2.6,-3.3
2C7L50wbJV,0,48.098187,11.626618,4442206.5,2777403.65,551.1,596.8,213,7293,3.2,0.83,0.36,32.64,348.96,-0.529,-0.103,0.842,-0.2,0.2,-0.35,0.24,0.7,0.2,-0.3,-0.4,-1.7,0.9,-1.6,0.8,0.1,0.6,0.7,2.0,1.1,1.5,-5.6,1.2,1.2,2.5,0.3,3.7,1.6,1.5,4.9,0.4,5.1,0.8,2.9,4.1,4.7,1.7,3.5,1.6,-0.8,-6.1,-0.3,-2.2,0.8,-4.0,0.2,0.7,1.2,1.6,0.8,0.4,1.7,0.7,4.7,2.7,2.0,-6.3,-2.1,1.0,-0.9,5.8,4.6,2.8,2.5,2.9,2.6,-2.0,1.3,0.6,-0.3,-1.1,1.0,-1.5,1.7,0.2,1.4,0.5,1.2,1.2,-0.4,-2.8,-2.9,-4.4,-1.4,0.8,-1.1,0.4,1.8,-0.7,1.3,1.6,1.1,2.2,2.5,5.3,2.1,2.8,1.0,0.7,1.4,2.5,-1.9,4.6,0.2,1.6,2.0,-3.1,2.2,1.5,2.3,0.9,-1.2,2.7,-0.9,-0.3,1.7,-0.1,-0.6,0.2,-0.4,0.6,2.2,1.8,1.9,1.7,-0.1,-5.7,0.6,0.1,1.9,-2.7,0.6,-4.4,-0.5,2.9,3.8,0.9,1.2,-0.1,1.8,1.6,-0.6,18.6,0.6,0.6,3.6,2.1,5.2,5.8,2.3,19.2,-2.3,2.3,2.1,3.5,1.7,-6.1,-0.1,1.5,1.3,-0.3,0.1,1.5,1.7,0.4,-2.1,1.3,-0.6,1.8,2.9,-1.5,-2.9,0.1,-0.1,-1.9,3.0,-0.2,-2.6,-1.0,0.2,2.7,0.6,-9.8,-8.6,-8.1,-5.0,-2.7,-0.7,14.0,3.4,1.7,3.1,1.3,0.2,2.5,0.9,-1.7,0.6,-1.9,0.0,1.6,-0.3,1.5,-3.0,1.2,0.8,1.1,3.3,0.4,2.5,-5.3,2.7,1.0,-1.1,-0.9,-8.9,-0.2,0.5
2C7L50wbJc,0,48.098206,11.626769,4442217.71,2777406.07,541.2,586.9,213,7300,2.3,0.87,0.36,32.64,348.96,-0.529,-0.103,0.842,-0.3,0.1,-0.29,0.18,0.6,0.2,-0.3,1.5,0.9,0.4,2.4,-1.9,3.7,1.5,1.8,1.8,1.2,2.9,-2.1,1.6,1.9,1.2,2.0,-0.7,-2.9,-2.5,-0.8,0.7,1.5,-1.0,4.4,-2.2,2.7,-0.6,-3.3,-5.9,-2.2,4.8,-2.2,-5.3,-2.5,-11.4,-2.1,-3.1,-1.4,0.3,1.7,-0.2,0.5,-4.5,0.4,1.3,0.5,-1.2,-3.2,-1.1,-1.5,0.4,-2.6,-1.5,-1.3,-3.4,-1.4,-2.0,-1.4,-3.2,-3.8,-0.6,-0.3,-1.9,0.9,1.2,1.6,3.1,-1.2,1.0,-1.6,3.7,3.2,-1.4,-2.5,-0.3,-1.9,-1.8,0.5,0.1,-1.7,-0.2,-0.3,-0.4,3.9,1.7,0.9,1.1,1.2,0.6,-0.1,-0.4,-0.5,-1.0,2.8,-0.8,-1.3,2.0,-0.5,0.6,-1.6,-0.2,1.0,0.6,-0.8,-0.2,-1.1,1.0,-1.1,0.8,-1.0,-1.0,2.7,-1.3,2.2,-0.1,3.2,-4.1,-0.0,0.5,1.8,-1.9,-0.7,4.0,-1.0,0.3,1.8,0.9,0.2,-1.1,-3.3,5.0,-4.2,1.9,1.1,-3.9,-0.9,2.4,-0.5,1.5,2.9,1.9,1.6,4.0,-0.6,1.1,0.8,1.2,-2.4,0.4,-2.0,-5.4,-3.0,-2.0,-1.8,-0.2,-3.4,0.9,-2.6,0.9,-0.1,1.3,-4.0,-1.9,-4.4,-4.7,1.4,-1.4,-3.9,-4.6,-3.9,-1.5,-2.4,0.1,-0.3,1.6,-1.1,0.4,-2.0,0.2,0.2,-1.1,0.5,-0.9,-2.1,0.8,-3.6,-1.6,0.6,-0.6,-3.8,-3.7,-3.6,-0.1,-7.3,-1.1,-4.3,2.1,-1.3,-2.4,-2.9,-6.0,-0.2,0.2,-2.5,-7.2,5.2,-0.3,1.9
2C7L50wbKg,0,48.09869,11.630533,4442496.93,2777465.97,539.9,585.6,213,7366,3.0,0.74,0.43,32.66,348.96,-0.53,-0.103,0.842,-0.3,0.1,0.4,0.23,2.8,0.2,-0.3,-1.6,-1.5,-2.0,-0.3,-0.4,-0.4,-2.6,-0.2,-2.4,0.4,0.3,1.3,-3.7,-5.7,-4.6,-4.7,-2.7,-4.4,-5.4,-3.9,-2.8,-5.5,-3.0,-3.4,-0.9,-3.3,-4.8,-3.3,-4.3,-5.2,-0.8,-7.9,-10.1,-6.5,-10.3,-7.6,-5.5,-2.4,-3.4,-1.0,-3.3,-2.1,-4.2,-4.5,-5.5,-7.4,-4.3,-0.5,-6.4,-2.9,-2.5,-0.7,-6.5,-3.6,-5.5,-0.5,1.1,1.8,-0.1,-0.8,-0.9,-2.8,-13.1,-0.8,2.6,-2.9,-1.4,-9.2,-1.9,-2.3,-2.3,-2.7,-1.6,-4.8,-3.8,-5.4,-5.2,-5.9,-5.6,-4.8,-5.9,-5.1,-3.4,-3.8,-5.6,-6.9,-5.0,-10.3,-11.0,-9.3,-10.2,-2.5,-12.2,-11.2,-9.2,-12.8,-8.9,-9.6,-13.7,-10.2,-13.1,-12.7,-5.3,-7.8,-4.5,-5.6,-10.3,-4.0,-3.1,-5.0,-2.7,-4.7,-4.2,-4.4,-5.1,-1.3,-2.4,-3.2,-1.8,-4.0,-2.8,-3.2,-0.7,-1.1,-1.2,-4.2,-2.3,-2.2,-4.1,-2.7,-4.7,-3.3,-0.1,-5.5,-8.5,-5.4,-7.5,-5.6,-3.9,-1.2,-0.9,-2.6,-6.2,-4.9,-4.7,-4.4,-2.9,-0.9,-0.1,-3.6,0.3,-4.7,-2.6,-2.6,-4.5,-2.8,-4.4,-3.8,-8.6,-6.7,-5.8,-6.4,-10.4,-14.3,-7.9,-4.4,-11.3,-10.8,-7.1,-4.5,-5.8,-4.6,-3.2,-2.4,-2.6,-2.1,-2.0,-1.3,-4.9,-1.4,-3.2,-3.7,-5.5,-4.1,-3.6,-6.1,-6.6,-7.1,-3.5,-4.5,-5.8,-10.0,-20.7,-8.2,-6.6,-5.7,1.7,-9.0,-18.2,-11.9,1.0,-6.0,5.2,-3.9,-4.2,0.9,-1.2,-1.6
2C7L50wbLV,0,48.099071,11.633506,4442717.5,2777513.28,544.2,589.9,213,7417,2.9,0.8,0.41,32.67,348.96,-0.53,-0.103,0.842,-0.4,0.1,-0.46,0.22,1.4,0.2,-0.3,-3.1,-1.8,0.3,-1.7,-1.6,7.3,-1.5,-3.0,-0.6,3.7,-1.8,9.9,-2.5,-1.0,-1.8,0.4,1.1,0.1,0.1,3.7,2.6,2.3,0.6,2.7,-0.9,0.5,0.9,2.2,-0.4,-0.1,5.7,-4.6,-1.7,1.6,0.4,2.0,3.0,3.1,1.0,1.3,2.3,9.4,-0.0,0.1,1.7,0.8,-9.0,-2.0,-0.5,0.2,-0.3,1.3,0.0,-0.7,-1.3,1.0,-3.3,-1.6,-2.8,-1.4,-3.3,-1.3,4.6,-1.4,1.7,4.2,-4.3,-4.3,-1.0,1.1,0.6,-0.1,-1.7,0.9,-0.6,0.5,0.0,2.2,4.2,1.6,-1.0,-0.5,1.3,3.6,0.2,-0.7,2.8,-0.9,0.3,1.0,-0.1,-1.0,-1.3,-0.0,0.4,-2.4,-3.2,0.0,-1.1,-1.0,-0.9,1.5,1.6,4.0,2.8,2.2,3.4,1.1,0.9,1.9,3.3,2.0,-0.3,-0.2,-0.0,-5.4,1.7,-2.1,-1.3,0.3,-3.1,-0.2,-3.7,-1.0,0.1,0.6,2.2,2.0,0.1,0.3,1.8,0.9,1.5,1.3,-0.3,1.4,1.3,-1.2,2.5,3.0,2.0,-3.7,-1.4,-1.2,-0.3,1.6,0.3,-1.9,2.4,0.2,-3.4,-0.4,1.2,1.4,0.8,-0.4,-0.7,-0.8,0.7,0.2,1.6,2.2,1.4,0.2,2.9,-5.0,5.9,0.5,0.5,3.3,2.8,0.9,3.9,-3.4,7.7,3.0,-11.6,-6.3,0.1,-5.4,-4.3,-5.3,-3.1,-4.6,-3.6,-2.4,-3.2,0.2,-0.8,3.5,1.4,0.1,2.8,0.4,7.0,-1.4,1.1,4.3,2.0,-13.3,-1.5,-7.2,6.5,-5.3,-5.2,-10.2,-5.9,-7.8
2C7L50wbLX,0,48.099102,11.633744,4442735.16,2777517.06,548.4,594.1,213,7419,2.8,0.83,0.35,32.67,348.96,-0.53,-0.103,0.842,-0.8,0.1,-0.0,0.21,0.6,0.2,-0.3,-0.1,1.4,2.0,2.2,2.5,-6.1,2.5,1.0,1.0,5.4,1.2,-5.4,2.3,3.8,3.3,3.2,2.7,2.4,0.8,-1.2,0.6,3.6,-0.2,-2.2,1.4,2.7,3.0,-5.6,1.1,-3.2,-3.0,-4.3,-5.3,-1.4,2.1,-1.0,2.6,2.2,0.5,-0.6,2.2,-5.5,0.3,1.1,1.6,1.0,-7.0,-1.6,2.8,-0.7,0.9,1.6,1.7,-0.7,-0.1,1.8,-4.2,-2.5,-0.8,-1.6,-3.3,-0.8,-0.0,-0.3,-5.6,-5.6,-2.8,-6.1,-1.9,1.8,-7.0,-0.2,-7.3,0.0,1.3,-0.9,-0.0,-0.2,2.0,0.8,2.4,-2.0,0.4,2.5,1.9,1.6,1.2,-1.1,-0.9,1.1,-0.1,0.7,-1.9,0.9,-0.4,3.0,-3.0,1.8,2.0,1.1,0.4,0.9,2.1,3.8,1.4,0.9,1.0,0.6,-0.8,1.2,-0.6,0.8,-0.5,0.4,0.7,-6.0,-8.6,-0.1,-1.2,-0.7,-4.1,-0.7,-2.4,-1.8,-1.1,0.1,-5.0,2.3,0.5,-2.8,1.4,-3.8,-6.2,-0.3,-2.3,-2.0,-2.1,-2.4,1.7,-0.4,-6.6,-5.3,-2.5,0.1,-1.3,-3.4,-5.8,-2.6,-2.0,-2.8,6.2,-1.6,-2.3,-1.8,-0.5,-1.0,-0.9,-0.1,0.5,-0.1,-0.8,-0.8,-3.1,-3.6,-6.6,-3.9,-2.7,-3.8,-2.0,-1.0,-1.4,-1.8,-7.3,-9.1,-6.1,-12.5,-8.0,-6.7,8.9,-3.2,0.0,-2.9,-0.2,-2.1,-3.8,-3.3,-6.3,-0.3,1.5,-2.0,-1.5,-2.4,-1.6,-4.5,-4.9,-3.9,-2.8,-3.3,-1.6,-3.9,-6.0,-2.4,-2.9,-3.5,-3.1,-6.5,-2.6,-3.8
2C7L50wbLg,0,48.099161,11.634205,4442769.36,2777524.4,546.2,591.9,213,7428,1.8,0.92,0.31,32.67,348.96,-0.53,-0.103,0.842,-0.2,0.1,0.05,0.14,0.5,0.1,-0.3,2.7,1.6,-1.6,0.5,0.0,-2.2,-3.8,-0.1,-0.9,-6.8,-0.8,1.3,-1.5,-2.9,1.2,-0.7,-1.1,-0.1,0.1,-0.3,-2.0,-0.2,3.1,1.5,-2.5,-1.4,-2.9,-2.0,5.0,-2.2,4.6,-4.1,-1.6,-0.9,0.3,1.8,4.1,1.4,1.0,2.9,-0.7,0.2,-1.1,-1.4,-0.4,-1.6,-0.2,1.7,2.2,1.4,2.4,1.4,-2.0,-0.4,0.9,0.3,-0.7,2.9,-2.3,-2.0,-2.6,-0.0,0.1,-2.1,1.1,-2.5,-2.8,-2.7,-2.8,-1.4,1.1,-2.0,-0.9,0.1,-2.2,0.2,-0.2,-0.1,0.6,-2.3,-3.0,-0.5,-0.4,0.0,0.7,0.4,-1.6,-2.1,-1.2,-2.1,-2.6,-0.6,2.3,-0.5,-0.9,-1.5,-0.6,-0.0,-1.6,-1.3,-0.1,-1.7,0.9,-0.1,-0.2,0.9,0.8,-0.6,-0.5,-3.3,-2.5,-3.8,0.8,-1.3,0.5,0.2,-3.6,-2.2,-0.1,1.7,-3.2,-1.7,1.0,-1.9,1.2,-1.4,-1.8,0.2,-3.4,0.2,0.7,-1.8,1.2,-2.6,0.1,2.0,-0.2,-1.1,1.3,2.7,2.4,-1.2,-2.3,-3.1,-0.3,0.1,-3.2,0.6,6.0,2.1,-2.3,-2.5,-0.8,-1.2,-0.8,-0.9,-3.3,-3.2,-2.5,-1.6,-0.1,0.6,-1.4,-1.1,-2.8,1.5,0.4,-3.4,-4.0,-1.0,-1.7,-0.6,-0.7,0.2,-1.0,-2.2,-0.2,2.8,4.3,1.7,-1.7,0.3,-3.7,-2.6,-1.6,-1.0,-0.8,-2.0,-1.4,-0.8,-0.8,-0.6,-1.3,-6.1,-1.9,-1.1,-1.5,-0.9,1.9,-1.5,-1.6,-0.7,-0.3,-1.1,-0.1,-2.4,1.4,-0.8
2C7L50wbLh,0,48.09916,11.634193,4442768.51,2777524.23,542.9,588.6,213,7429,2.9,0.82,0.37,32.67,348.96,-0.53,-0.103,0.842,-0.2,0.1,0.01,0.22,0.6,0.2,-0.3,-1.2,0.8,1.9,-0.1,-1.0,-0.6,-1.8,0.5,2.9,1.9,0.8,0.2,-0.8,-1.4,0.2,-0.5,-1.6,-0.3,1.5,-1.0,0.7,2.8,5.6,3.4,-4.3,4.3,5.1,3.6,4.3,-1.8,6.6,-2.9,-0.3,-2.7,3.1,2.0,3.7,-0.9,4.4,6.0,-0.7,3.3,-0.8,-1.3,2.1,-1.1,0.9,1.3,1.6,-1.6,3.4,3.7,-0.5,-6.8,-2.3,0.3,8.3,-2.8,-5.6,-2.8,-0.6,-0.8,-0.1,-0.9,3.0,0.9,-0.1,2.4,4.2,3.7,3.3,-0.8,1.9,7.2,5.9,8.1,6.7,4.3,6.3,3.1,3.2,1.2,0.5,-1.1,1.8,3.7,1.1,-2.7,-0.3,2.0,-3.3,-1.2,-0.7,2.6,2.0,-0.4,-0.3,4.9,2.3,0.8,1.5,-2.0,-0.1,0.4,0.4,0.5,1.5,-0.9,-0.4,-5.1,0.0,0.2,0.2,1.0,0.7,1.6,-4.3,-2.4,-2.6,0.6,0.9,-1.8,0.9,-2.9,0.2,-0.3,2.2,-2.1,-2.5,3.2,3.7,0.5,-1.9,-2.6,-1.7,-1.3,-0.3,0.2,1.4,4.1,3.3,-0.8,-0.3,-1.8,2.1,2.6,4.1,2.2,-0.7,0.5,-2.2,-1.9,0.2,1.8,1.1,-0.1,-2.9,4.7,2.2,-1.4,3.3,-1.1,-0.3,-0.8,-5.9,2.6,0.5,4.9,-3.0,-1.8,0.5,2.4,-1.8,-0.9,0.4,-13.1,2.7,5.1,1.5,5.6,3.7,1.7,-2.3,-3.5,-2.2,0.7,3.2,-0.0,-1.2,1.5,1.8,-0.9,-2.0,-6.5,-2.7,-1.7,0.9,0.4,3.8,-3.0,10.2,-0.9,-1.2,3.5,-0.8,0.8,1.5,-3.6
2C7L50wbMV,0,48.099542,11.637168,4442989.24,2777571.57,549.2,594.9,213,7479,3.1,0.79,0.4,32.69,348.96,-0.53,-0.103,0.842,-1.1,0.2,0.14,0.24,1.2,0.2,-0.3,-1.3,-4.9,1.5,0.7,0.7,0.1,2.1,-0.8,-1.1,5.9,1.3,-2.8,2.6,-2.5,-2.2,-2.3,-1.7,2.4,-3.3,-3.4,-3.6,1.8,2.4,0.1,-0.0,0.5,-1.9,-2.4,-0.2,-4.9,1.2,-8.3,-4.6,-2.2,-6.8,-2.8,-1.9,-4.3,-3.3,-3.8,-4.8,-3.8,-4.4,-1.1,-3.8,-4.0,-1.3,-0.5,-2.8,-7.3,-2.7,-4.8,-5.1,-6.7,-6.7,-2.1,-5.0,5.8,-5.2,-4.3,0.2,-6.4,7.1,-3.1,6.7,0.7,-3.3,-7.2,-4.2,-4.2,-9.4,-3.7,-6.1,-3.4,-6.0,-5.4,-7.2,-5.3,-3.9,-5.2,-5.9,-4.3,-5.5,-2.9,-3.1,-3.3,-2.6,-1.8,-5.7,-7.9,-5.0,-5.8,-8.0,-5.7,-6.6,-3.3,-3.4,-3.4,-5.2,-4.9,-3.8,-2.8,-0.8,-6.6,-5.0,-3.5,-1.4,-5.6,-6.3,-3.5,-2.4,-1.3,-1.3,-1.6,-1.2,-3.1,-1.2,-2.7,-4.0,-2.2,-1.6,-1.6,-3.8,0.0,-1.6,2.2,-2.1,-2.6,-2.8,-4.6,-4.4,-6.0,-4.0,-3.0,-4.1,-2.1,-5.7,-5.7,-2.8,-3.4,-5.4,-0.8,-3.8,-5.6,0.9,-2.7,-15.4,-4.0,-1.6,-4.7,3.6,-3.1,-3.3,-1.7,-2.6,-2.5,-3.8,-3.2,-10.5,-5.6,-5.4,-2.3,-9.5,-8.0,-11.4,-1.4,-5.0,-11.8,-20.6,-3.9,-0.7,-5.8,-7.0,-7.3,-2.8,-13.1,-3.6,-1.9,-16.4,-3.3,-3.2,-3.8,-7.2,-5.9,-9.4,-5.9,-11.7,-7.5,-6.2,-6.1,-7.8,-3.9,-7.0,-10.3,-9.2,-7.9,-4.7,-6.8,-5.8,-8.7,-5.4,-6.2,-6.2,-2.1,-6.4,-2.6,-4.2,-5.2
2C7L50wbMj,0,48.099614,11.637732,4443031.06,2777580.56,539.1,584.8,213,7493,4.5,0.65,0.49,32.69,348.96,-0.53,-0.103,0.842,-0.5,0.2,-0.49,0.34,0.9,0.3,-0.3,-5.8,12.1,8.5,-8.9,-9.5,-1.3,-8.1,8.3,-2.0,13.7,1.9,-10.0,-6.0,-3.8,3.4,9.6,-9.5,14.1,3.9,-4.6,0.2,-1.7,-2.5,-2.2,0.7,3.3,1.1,-9.0,-1.4,-1.7,-4.9,-5.0,-3.2,-0.5,-1.9,-1.2,1.4,0.4,1.2,-2.0,0.2,-3.4,1.5,-1.1,-0.2,-1.8,-7.9,-1.9,-0.8,-1.1,-1.2,-4.8,-1.1,-3.9,1.8,-2.8,-2.1,-2.5,-2.8,-4.6,-1.2,-3.4,0.4,0.1,-0.5,-4.4,-5.2,-1.8,-3.7,-4.2,-1.9,-1.2,-3.6,-6.1,-0.5,0.6,2.0,-0.2,-9.9,-6.2,-4.4,-7.0,-6.2,-2.8,-5.1,-5.1,-2.6,-3.1,-5.8,1.4,10.9,-9.8,-4.9,-6.1,10.6,6.5,2.5,10.0,2.7,7.8,2.5,5.6,6.1,0.0,7.5,2.6,-2.6,1.0,-3.1,-0.4,-2.6,-2.1,-1.1,0.7,0.6,-0.4,-2.8,-3.3,-2.3,-1.4,-2.8,-0.2,-8.3,0.3,-5.8,-2.3,-5.9,0.7,-0.0,-2.1,1.8,-0.6,-3.4,-2.6,-2.9,-0.9,1.2,15.9,6.2,2.4,-1.0,-3.4,-2.3,-1.7,-1.4,-1.4,-4.1,-0.9,-0.2,-0.9,-7.6,0.3,1.9,1.2,0.2,-2.3,0.2,0.0,0.0,-0.4,-4.0,-3.6,-3.9,-3.0,-9.9,-1.4,-2.0,-6.3,-4.2,-0.6,-1.9,-1.6,-0.3,-3.4,-7.8,8.5,-1.3,-1.0,8.6,1.2,-2.5,-5.2,-7.0,-5.5,-5.7,-7.2,-1.1,-1.7,-5.2,9.7,2.2,-1.4,-1.3,-3.3,-3.7,-9.9,-6.6,-3.8,-9.5,-4.4,-6.1,-5.9,-5.5,-6.6,-0.7,-3.9,-2.8,-3.4
2C7L50wbMw,0,48.099681,11.638252,4443069.65,2777588.86,527.8,573.5,213,7506,3.8,0.7,0.46,32.69,348.96,-0.53,-0.103,0.842,-0.7,0.2,0.23,0.29,1.4,0.2,-0.3,-2.3,0.1,-5.9,0.9,-9.3,-1.9,0.2,-3.4,0.8,-1.4,-2.7,-0.3,2.5,-1.5,-2.4,-4.7,-4.1,-0.2,-2.9,-2.7,-1.3,-0.5,-3.6,-5.6,-2.3,1.4,-1.5,-1.9,1.7,-2.7,5.2,-1.0,-5.2,-0.2,-3.4,-1.7,-1.7,-4.0,1.8,-2.9,-1.4,5.2,-1.7,-3.3,-5.6,-1.0,-5.4,-3.0,2.3,-0.5,0.7,-0.5,0.1,-1.9,-1.4,3.7,-1.9,-0.6,-0.9,1.4,1.1,-6.3,-2.9,-2.3,1.6,-4.7,-0.5,-4.5,-4.9,-1.0,-6.3,-1.3,-6.3,-7.1,-3.4,-4.9,-5.1,-5.2,-4.3,-2.8,-1.5,-2.7,3.6,0.2,0.7,-1.8,1.0,-8.9,-7.8,-1.3,-2.2,-2.1,-4.5,-3.2,-3.1,-2.5,-0.7,-0.5,0.0,-5.9,-4.7,-1.3,-7.0,-4.3,-4.9,-4.7,-0.7,-5.0,-1.5,-2.9,-1.7,-2.1,-4.1,-1.5,-1.8,-1.0,-3.1,0.7,1.2,-4.8,-3.4,-2.8,-3.3,-3.2,-5.5,-5.0,-0.8,-3.1,-9.7,-7.1,-7.2,-5.2,0.2,-5.8,-9.9,-4.9,-2.4,-4.1,-1.0,2.2,-6.2,-1.9,-2.4,-2.5,-4.1,-4.2,-0.6,-0.5,-0.0,-2.0,-6.1,-6.5,-6.9,-7.7,-11.5,-11.8,2.1,-4.6,3.7,-16.8,-10.9,-5.2,-4.1,-0.8,-4.7,-3.7,4.2,-12.1,-15.9,5.8,-1.0,3.1,-9.0,0.8,-2.4,-6.3,0.8,4.2,-1.7,-1.9,-4.0,6.6,-4.3,0.9,-1.8,1.0,-0.6,-3.1,-11.0,-11.5,-13.1,-15.0,-11.6,-16.3,-15.6,3.0,5.4,-3.2,-3.9,-8.5,-7.9,-1.9,-2.1,-3.8,-1.9,-1.1,-3.2,-3.8
2C7L50wbJr,0,48.098358,11.62781,4442294.86,2777424.68,548.6,594.3,213,7315,2.2,0.79,0.35,32.64,348.96,-0.529,-0.103,0.842,-0.5,0.1,-0.23,0.17,3.1,0.1,-0.3,-1.5,0.6,0.9,0.4,0.2,1.0,-0.1,-0.1,-1.7,-4.6,-1.0,0.2,-2.1,-2.2,-3.8,-4.3,-5.6,-5.5,-6.2,-2.3,-4.2,-3.6,-5.2,-4.2,-3.3,-3.8,-6.5,-0.6,-6.3,-6.7,-3.0,-10.1,-10.5,-6.2,-11.2,-7.7,-4.8,-1.9,-2.6,-4.2,-6.0,-5.0,-5.4,-5.9,-6.4,-6.1,-4.1,-3.1,-4.1,-3.0,-0.5,0.2,-0.2,-4.0,-3.5,-1.0,-1.1,-0.5,-2.3,-0.3,-0.4,-2.1,-4.4,0.3,-1.6,0.9,-1.3,-6.3,0.4,-1.3,-1.6,-0.7,-0.3,-3.0,-5.7,-5.6,-3.9,-6.5,-8.3,-7.4,-5.0,-4.0,-3.7,-4.3,-3.3,-7.4,-4.7,-7.3,-5.7,-7.8,-5.2,-8.1,-4.6,-5.6,-7.6,-8.5,-5.8,-4.9,-7.1,-6.2,-2.2,-4.7,-2.7,-3.5,-3.4,-6.2,-4.1,-4.2,-1.6,-4.1,-2.1,-2.2,1.9,-0.9,1.6,0.8,-2.9,0.1,-0.5,0.0,-0.0,0.5,-0.4,-2.8,-1.2,-2.5,-3.7,-5.4,-8.9,-9.0,-6.9,-9.4,-3.2,-5.4,-8.2,-3.9,-5.4,-5.3,-5.2,-2.4,-1.1,-4.8,-5.4,-1.8,-2.2,-1.5,-5.9,-1.8,0.2,0.5,-3.2,-1.3,-1.7,-4.3,-7.5,-5.5,-5.9,-9.1,-3.5,-4.6,-6.3,-9.6,-6.3,-10.0,-7.4,1.5,-2.0,-9.0,-7.2,-7.6,-6.7,-4.9,-4.6,-2.9,-3.2,-6.2,-1.8,-1.6,6.7,-1.4,-0.8,-3.0,-3.8,-1.6,-3.8,-8.2,-3.8,-12.3,-8.7,-10.4,-9.8,-6.9,-5.9,-9.9,-9.2,-9.3,-8.3,-6.3,-4.8,-17.6,-7.4,-2.1,-2.6,-3.1,-2.7,-1.7,-1.9,-3.4
2C7L50wbJs,0,48.098363,11.627847,4442297.66,2777425.28,547.7,593.4,213,7316,1.8,0.84,0.3,32.64,348.96,-0.529,-0.103,0.842,-0.3,0.1,0.06,0.14,2.7,0.1,-0.3,-0.5,-0.5,0.4,0.1,-0.1,0.3,-0.3,0.2,-3.8,-3.8,-1.9,-0.6,-3.2,-2.4,-4.6,-3.6,-4.4,-4.3,-6.0,-2.7,-5.0,-4.0,-4.8,-5.1,-3.4,-3.5,-5.4,-1.3,-6.5,-7.7,-0.8,-8.1,-9.4,-6.8,-11.3,-7.4,-6.5,-3.4,-3.3,-4.0,-4.2,-1.8,-5.0,-4.5,-5.0,-3.7,-1.1,0.1,-1.2,-0.4,0.2,0.7,0.5,-1.0,-0.9,-1.9,-2.2,0.1,-0.6,0.4,-0.3,-2.0,-6.0,0.1,-2.0,1.1,-0.3,-5.8,0.1,-2.7,-2.7,-2.9,-0.8,-2.9,-6.2,-5.2,-4.6,-5.6,-5.9,-6.1,-5.6,-5.6,-3.6,-3.4,-3.8,-5.1,-5.2,-6.3,-5.6,-7.0,-6.0,-7.4,-6.1,-5.5,-6.2,-5.8,-5.0,-3.8,-5.6,-5.8,-3.9,-6.9,-2.8,-5.3,-3.5,-4.6,-4.0,-3.8,-4.2,-5.5,-5.0,-4.5,-1.6,-1.2,-0.3,0.8,-4.0,-0.5,-0.3,-0.0,-1.4,0.3,0.0,-6.2,-3.9,-3.8,-2.5,-5.4,-7.1,-6.5,-5.1,-7.4,-1.9,-5.5,-7.8,-4.5,-4.7,-4.0,-4.5,-0.4,-0.5,-2.2,-3.8,-3.6,0.1,0.1,-6.3,-0.7,0.3,0.0,-4.4,-1.2,-4.1,-4.2,-4.4,-5.0,-4.7,-7.2,-5.0,-4.5,-5.5,-8.4,-5.4,-8.6,-8.4,-0.8,-5.0,-9.0,-5.7,-6.5,-5.4,-4.1,-4.4,-0.3,-1.1,-5.7,-1.2,-0.1,4.0,-0.3,-0.8,-3.3,-3.0,-4.1,-3.6,-5.6,-4.6,-7.3,-6.7,-7.8,-8.2,-7.4,-5.3,-9.0,-7.0,-6.9,-4.8,-6.1,-5.4,-5.7,-2.1,-2.0,-1.4,-2.4,-3.8,-1.8,-1.6,-4.8
2C7L50wbJt,0,48.098367,11.627876,4442299.8,2777425.75,546.3,592.0,213,7317,3.0,0.73,0.42,32.64,348.96,-0.529,-0.103,0.842,-0.3,0.1,-0.1,0.23,2.7,0.2,-0.3,0.9,-1.2,2.5,2.9,1.1,-1.0,0.8,0.8,-7.7,-5.5,-2.5,-1.8,-8.4,-3.5,-5.3,-3.1,-3.5,-3.4,-5.1,-3.0,-5.1,-4.7,-4.9,-4.6,-2.5,-3.1,-4.9,-5.1,-7.0,-7.6,0.7,-7.2,-7.3,-5.5,-11.6,-7.6,-8.2,-2.7,-2.6,-3.1,-2.5,-0.7,-5.0,-4.2,-4.1,-4.1,3.4,2.0,0.8,-0.1,6.1,1.7,1.8,1.9,0.2,-5.0,-5.3,-2.9,0.2,1.1,0.9,1.2,-12.8,-0.9,-1.5,2.5,0.1,-4.9,-0.4,8.6,-4.1,-4.3,-0.6,-2.2,-5.9,-3.7,-4.7,-5.8,-5.9,-4.5,-5.5,-4.3,-4.2,-2.2,-4.4,-4.1,-6.4,-5.8,-4.9,-6.4,-6.0,-7.8,-10.5,-3.9,-5.4,-4.1,-6.0,-1.9,-4.0,-4.1,-4.7,-6.7,-2.5,-4.7,-2.5,-3.4,-3.7,-1.2,-4.8,-3.6,-5.0,-6.1,-3.4,-5.0,-1.9,1.6,-5.3,0.6,0.6,0.8,0.9,1.5,3.3,-7.9,-4.3,-1.9,-1.1,-3.4,-6.0,-5.5,-4.7,-7.4,1.1,-4.4,-7.0,-4.3,-3.3,-2.9,-4.0,0.6,-0.1,2.0,-8.4,-8.4,-0.3,2.2,-5.6,0.5,2.6,-0.3,-4.8,-1.7,-8.3,-3.8,-3.5,-6.5,-4.5,-14.1,-4.4,-5.6,-4.5,-7.8,-5.1,-6.6,-8.3,0.7,-12.4,-8.3,-7.3,-5.1,-4.1,-3.4,-5.1,0.7,-0.2,-4.6,0.2,1.8,6.6,1.5,2.8,-1.7,-0.9,-1.7,-3.3,-4.3,-5.1,-7.0,-4.8,-6.3,-7.4,-7.2,-5.5,-7.6,-8.0,-6.9,-5.3,-4.8,-4.6,-8.5,0.3,-3.1,-13.9,-3.6,-6.1,1.3,-0.3,-2.8
2C7L50wbKm,0,48.098737,11.630758,4442513.61,2777471.63,535.1,580.8,213,7372,3.7,0.71,0.45,32.66,348.96,-0.53,-0.103,0.842,-0.3,0.2,0.3,0.28,1.4,0.2,-0.3,2.5,2.2,0.7,1.8,-0.8,5.4,-0.7,1.0,-1.6,3.1,0.5,5.2,-4.3,-1.9,-2.6,-3.0,-2.5,-2.2,-2.2,-0.1,1.3,3.0,0.3,-3.7,2.2,-5.0,2.3,4.2,2.5,-1.3,-0.7,-8.5,2.7,-3.7,-7.5,-1.5,-4.7,-3.7,0.2,1.5,-0.5,-9.7,-2.5,-0.7,-4.4,-1.8,-2.4,-2.5,-0.6,-0.9,0.5,-3.7,-2.7,-6.9,-4.0,0.7,2.8,2.9,0.8,-0.5,-1.4,-3.3,-1.2,0.4,4.1,2.4,-1.9,-0.1,-2.4,-3.3,-1.9,-0.4,0.9,-0.5,2.1,-1.5,4.2,1.4,-0.5,-1.4,-1.2,-7.4,-0.9,-1.9,-0.9,-2.9,-0.4,5.9,4.1,4.2,-10.0,-2.0,-1.4,-8.1,-6.9,-3.3,-0.3,-5.6,0.3,0.9,0.4,-3.3,-2.3,-1.9,0.3,-1.3,-0.4,-2.7,-1.7,0.7,-3.6,-1.0,-1.4,-3.0,-2.8,-1.3,-8.2,0.0,-0.7,-3.5,-0.8,-1.2,0.8,-1.7,-0.9,1.3,2.7,2.5,-0.3,-3.4,-4.7,7.0,0.3,1.0,-10.9,-3.3,-3.1,-4.0,-2.9,-0.5,-9.1,-13.2,-3.7,-7.0,-3.6,-6.8,-8.2,-12.9,5.5,-3.7,-0.2,0.3,1.3,1.4,1.2,-0.7,-2.4,-0.9,2.1,-0.5,-15.9,-13.3,-1.6,-2.2,-1.3,-1.3,-1.2,-9.9,-2.2,-2.5,0.5,-1.5,-1.5,-0.9,-0.5,3.7,1.5,0.8,1.4,-0.5,-1.8,-4.4,-2.9,-0.7,-0.9,-6.0,6.8,4.5,1.0,-0.9,-0.4,4.6,-6.9,-8.4,-13.5,-5.5,7.7,-16.2,2.0,2.8,-1.3,-4.4,-4.9,-2.1,-1.7,-4.4,-1.6,-2.3
2C7L50wbKn,0,48.098755,11.6309,4442524.15,2777473.89,539.2,584.9,213,7373,2.2,0.87,0.36,32.66,348.96,-0.53,-0.103,0.842,-0.1,0.1,0.59,0.16,1.2,0.1,-0.3,1.0,0.9,-0.2,0.2,-0.2,1.5,0.7,0.7,-0.4,0.8,0.1,2.7,-0.9,-1.2,-1.7,-1.2,-1.8,0.2,-0.0,0.6,1.6,1.4,0.3,-1.4,-0.3,0.1,0.2,1.1,0.4,-1.4,-3.3,-8.9,-4.4,1.3,-7.2,-2.5,-3.2,-1.6,-1.5,-1.0,-2.1,-4.9,0.2,-2.0,-2.4,-4.2,-3.3,-2.1,-4.3,-2.1,-3.3,-3.7,-2.5,-2.9,-2.3,-1.2,0.7,0.4,0.7,-1.0,-2.3,-3.8,-1.1,0.9,0.3,1.0,-1.7,0.1,-1.5,-2.1,-3.2,-1.5,1.9,-1.1,0.8,-1.1,1.7,0.7,-1.3,-0.7,-1.6,-3.4,-2.3,0.7,-3.5,-3.1,-1.6,0.9,1.2,-1.5,-8.0,-3.7,-4.8,-6.1,-9.6,-6.2,-1.0,-8.7,0.2,0.0,-0.3,-2.6,-5.7,-3.5,-1.7,-2.5,-1.0,-0.4,-1.4,1.0,-0.8,-0.9,-3.0,-2.0,-3.5,-1.3,-4.7,-0.4,-3.2,-2.8,-1.9,-1.9,-1.9,-1.9,-1.8,-0.0,-0.1,1.5,-0.1,-1.6,-0.4,-3.8,-0.8,-1.4,-7.9,-3.1,-4.2,-5.7,-3.6,-3.0,-4.5,-7.3,-6.5,-6.7,-1.1,-5.1,-2.8,-1.9,1.5,-1.8,-0.8,-0.3,-1.0,-1.2,-1.2,-1.3,-2.6,-1.6,0.8,-0.5,-2.3,-7.8,-1.6,-3.5,-2.0,0.1,-2.4,-8.6,-2.7,-4.6,-1.5,-1.4,-0.9,-1.6,-1.8,1.5,-1.3,-0.0,-2.8,-1.4,-2.7,-3.7,-1.6,-0.4,-2.2,1.1,0.6,2.1,-0.1,-0.4,-3.4,-0.9,0.5,-7.8,4.8,-4.3,3.2,0.8,1.1,2.0,-0.2,-3.8,-1.2,-1.7,-2.7,-5.3,-3.4,-3.2
2C7L50wbLa,0,48.099124,11.633769,4442737.02,2777519.54,544.0,589.7,213,7422,2.9,0.83,0.41,32.67,348.96,-0.53,-0.103,0.842,-0.7,0.1,-0.64,0.22,0.6,0.2,-0.3,-4.0,-2.8,-1.0,-2.5,-0.7,7.2,-0.1,-4.8,-0.1,6.1,-0.5,4.4,0.0,0.9,1.0,0.4,1.3,1.2,0.4,-0.3,0.1,2.1,-1.2,1.8,0.6,1.3,-0.8,0.9,2.0,-3.4,-13.8,-3.1,-2.1,-1.6,-0.5,-0.9,2.6,-1.0,0.8,0.8,1.7,6.0,-1.6,0.2,-0.4,0.7,3.0,4.2,-0.9,-1.4,0.0,-0.2,0.7,-0.9,-1.8,0.1,6.7,2.3,-0.8,-0.5,1.1,-0.9,8.9,0.8,5.1,4.4,2.3,7.8,-0.5,-0.3,4.4,3.1,3.2,0.6,0.6,1.5,0.8,-0.1,2.2,1.0,0.6,0.3,1.4,0.3,1.0,0.8,0.5,-1.4,0.9,-1.2,-1.5,-4.2,-2.8,-1.6,-2.7,0.4,10.0,1.8,0.5,0.2,1.8,-1.0,-0.6,3.5,0.2,1.1,-2.0,-0.5,-0.6,0.1,-0.2,-0.3,-1.0,-1.5,-0.1,1.5,-0.3,0.8,1.8,3.4,0.7,-0.6,2.7,-0.7,-0.2,0.5,3.4,0.3,-0.5,-2.6,2.5,-1.7,-3.3,-2.0,-3.5,-0.3,0.2,-2.8,0.8,1.5,10.3,-2.4,-3.9,-0.7,-2.8,0.7,-13.3,-1.1,-0.3,2.7,-0.1,-3.3,-1.5,-1.6,0.2,-0.3,-1.4,0.0,0.9,-0.3,-0.3,1.7,-0.2,-2.5,-3.9,1.9,1.3,-2.3,-3.2,-1.3,-0.2,-2.9,1.0,-11.1,8.1,-3.3,8.4,0.6,-1.9,-6.6,-0.4,-0.3,-1.8,-1.6,-1.2,-2.9,-2.3,-2.0,-4.9,-3.0,-4.2,-1.6,2.1,-5.8,0.0,-3.6,-2.0,-2.1,0.2,-3.0,-4.2,-4.5,-4.4,-2.3,-5.1,-7.3,-2.8,-3.0
2C7L50wbMe,0,48.099604,11.637508,4443014.41,2777579.05,541.1,586.8,213,7488,4.3,0.67,0.53,32.69,348.96,-0.53,-0.103,0.842,-1.2,0.2,1.32,0.32,0.6,0.3,-0.3,-19.5,6.7,-12.2,-0.5,5.6,7.3,4.0,-4.9,-4.9,-0.1,0.9,-1.5,-15.6,-13.7,2.1,3.6,1.6,-3.6,-2.5,-5.1,-2.6,-2.6,4.8,4.6,4.7,5.4,3.0,3.4,-1.9,-1.3,-20.9,-10.1,-19.9,-3.0,0.1,-0.3,-1.4,3.1,2.9,4.8,3.9,4.3,4.7,-0.6,4.5,2.1,2.2,1.0,2.3,1.7,0.2,-1.0,-2.5,-7.5,-19.8,-11.7,-0.1,-1.9,-1.6,-3.3,-4.3,-6.4,-7.2,-3.7,-0.4,-0.4,-2.1,-4.3,-0.9,-1.1,0.6,-1.0,1.8,-2.4,-2.2,-1.8,-3.9,-4.6,-5.8,-1.6,-6.4,-3.9,-6.7,-7.9,-5.6,-3.4,-8.3,-4.2,-7.2,-3.3,-8.4,-3.9,-9.6,-7.6,-5.9,-5.2,-6.8,-4.5,-9.1,-2.2,-4.6,-9.3,-5.4,-2.7,-7.5,-6.9,-7.4,-7.7,-7.8,-6.9,-11.5,-8.9,-7.0,-5.6,-7.7,-9.1,-9.9,-8.3,-7.0,-5.0,-6.6,-4.3,-6.2,-8.4,-10.3,-8.3,-5.9,-7.6,-10.1,-13.5,-5.3,-7.5,-5.1,-9.7,-8.6,-8.7,-6.5,-4.0,-6.8,-3.6,0.3,-6.5,-10.9,-5.4,-4.9,-2.2,-4.3,-6.0,-4.7,-6.0,-6.4,-7.8,-6.8,-4.7,-6.8,-8.2,-9.2,-8.5,-7.5,-4.9,-7.7,-7.8,-9.6,-7.0,-7.6,-3.2,-4.3,-8.6,-8.1,-5.4,-4.8,-4.9,-6.1,-3.9,-4.1,-5.7,-5.0,-6.4,-10.0,-5.0,-7.2,-5.5,-4.6,-7.1,-6.7,-5.7,-6.6,-5.6,-7.7,-9.4,-8.0,-8.9,-5.7,-12.7,-10.5,-6.4,-4.7,-5.5,-4.4,-3.3,-3.7,-5.9,-4.5,-2.7,-3.6,-6.2,-7.4,-5.0
2C7L50wbMz,0,48.099751,11.638657,4443099.62,2777597.34,538.5,584.2,213,7509,1.9,0.91,0.34,32.69,348.96,-0.53,-0.103,0.842,-0.6,0.1,-0.19,0.14,0.6,0.1,-0.3,0.1,-3.6,-0.1,1.4,-1.5,8.2,2.9,-0.7,1.1,-0.6,0.0,1.6,-3.6,-1.2,-1.4,-0.4,-0.2,-1.9,-1.9,-5.1,-2.4,-0.3,-1.2,-2.8,-1.4,-1.0,-0.7,-1.8,-2.7,-4.3,0.5,-6.4,-4.9,-0.2,-2.2,2.7,-1.4,-2.1,-2.4,-0.1,2.3,1.0,-2.6,-1.1,0.7,-0.1,4.3,-4.9,0.8,0.7,-6.0,-1.1,3.2,2.7,0.9,-0.6,-1.9,-2.4,-0.2,-3.0,-5.0,-0.6,-2.8,0.7,-4.2,-2.8,-1.3,-2.0,-1.8,-1.6,-1.9,-1.3,-2.6,-2.1,-1.0,-1.8,-1.5,-2.2,-1.8,-0.1,0.1,-1.7,-1.3,-1.7,-1.6,-2.0,0.1,-1.8,-2.6,-0.5,-3.1,-4.8,-5.1,-5.6,-2.1,1.6,-0.4,1.6,0.2,-0.1,-1.8,2.6,1.1,1.4,0.7,0.7,-0.8,-0.9,-1.5,0.1,1.9,1.0,0.1,2.3,0.8,-1.0,-1.8,-1.2,-2.2,-2.8,-1.3,-1.0,-2.0,-1.6,-2.6,-1.7,-0.9,-2.9,-2.8,-1.4,-0.7,-5.9,1.6,-2.2,-4.3,-2.8,-2.4,-3.9,0.7,-1.0,-1.7,-2.2,-3.9,-2.8,-1.9,-1.9,-1.1,-2.8,-3.5,0.4,-3.4,-1.9,-0.6,-0.4,-0.9,-1.8,-2.1,-1.6,-2.1,-2.3,-2.5,-2.0,-3.2,-2.8,-4.9,-0.7,-2.2,-6.6,-5.5,-2.2,-1.7,-1.6,-2.7,-1.6,-2.7,-3.6,-0.8,-3.1,-4.5,-3.1,-2.2,-3.5,-3.7,-2.9,-3.9,-2.6,-1.4,-1.3,-4.5,-3.5,-4.2,-1.1,-2.5,-5.6,-1.7,-6.2,-2.9,-2.6,-2.2,-2.1,-2.7,-2.5,-3.9,-3.8,-2.1,-6.5,-5.8,-4.7
2C7L50wsMz,0,48.098405,11.628031,4442311.23,2777430.27,542.7,588.4,214,7321,4.1,0.66,0.44,32.65,348.96,-0.529,-0.103,0.842,-0.5,0.2,-0.6,0.31,2.4,0.3,-0.3,-7.8,-3.0,-0.4,-2.3,1.5,0.2,-2.8,-2.3,-2.2,1.8,0.3,0.9,-1.2,0.7,-7.8,0.4,1.4,-2.3,1.4,-2.1,-0.5,-9.8,-5.9,-12.2,-3.4,2.3,2.3,3.3,-9.1,-5.7,2.7,-6.8,-1.9,-15.2,-6.0,-4.2,1.1,1.0,3.5,-1.7,-1.2,-4.8,3.0,-4.4,0.7,1.6,-3.2,-1.3,-1.0,3.1,1.8,1.3,0.5,1.1,2.4,7.0,11.1,1.7,-3.1,-1.8,3.1,2.8,-9.1,2.0,-8.2,4.9,0.1,-5.9,1.8,1.6,10.7,-2.3,0.6,-5.4,2.4,-1.8,-4.0,-0.3,-1.8,2.6,0.2,-3.5,-2.6,-5.4,-0.1,-16.0,-0.5,-0.4,-1.2,-0.7,-4.2,-1.7,-3.7,-4.0,-1.9,-2.3,-1.2,0.5,-1.9,-9.3,0.0,-5.4,-1.8,4.5,-2.5,-2.3,-1.5,-3.1,0.2,-3.7,-0.0,0.3,1.0,1.8,2.3,-0.6,-3.0,-1.0,-0.6,0.8,2.1,-3.5,0.2,-3.2,-4.6,-1.4,-1.6,-3.7,-3.9,-4.2,-1.7,-5.0,-3.4,-6.2,-6.2,-3.7,-0.1,5.1,-1.4,11.8,-4.2,1.2,0.5,-1.6,-1.9,-0.7,-3.3,-0.0,0.7,-1.6,1.9,1.0,-0.9,0.7,-0.9,-4.9,1.5,-1.8,-6.5,-0.5,-11.6,-5.4,-0.7,-4.6,-6.0,2.0,2.1,-8.6,-4.8,-7.7,-2.4,-2.2,-5.3,-0.5,-6.0,-2.2,-3.7,0.3,12.4,-2.0,-1.9,1.0,-1.5,-2.5,1.9,-2.2,-8.3,-5.9,-7.2,4.5,-9.8,-11.5,-13.9,-7.2,-17.9,-16.8,-4.0,-8.2,-1.9,1.2,-3.1,-0.5,2.8,3.1,-2.1,9.4,-1.8,-11.3
2C7L50wsNw,0,48.098822,11.631274,4442551.84,2777481.9,537.7,583.4,214,7380,2.5,0.83,0.36,32.66,348.96,-0.53,-0.103,0.842,0.3,0.1,-0.89,0.19,1.3,0.2,-0.3,-0.7,-6.7,-5.8,-3.2,-6.7,3.7,-0.9,-0.2,0.2,5.1,-4.4,8.2,-0.9,-0.8,1.9,0.6,2.9,2.6,2.8,3.0,-2.0,2.5,1.5,2.3,1.6,0.9,1.5,4.3,2.1,-0.0,3.7,-4.2,-3.1,-0.1,-1.7,1.1,2.1,3.3,3.2,3.1,2.2,3.8,1.8,3.4,2.7,3.8,4.2,3.3,2.6,4.8,3.3,3.7,2.9,5.7,1.3,5.2,6.4,5.0,4.9,5.4,5.8,0.5,5.5,6.2,4.0,7.2,6.0,1.2,7.0,5.7,4.4,4.0,7.3,4.6,5.0,3.7,2.9,1.5,1.9,4.6,3.6,2.2,2.6,0.9,4.0,0.4,3.4,2.9,1.6,2.1,1.7,2.8,-0.4,3.1,1.1,-0.9,1.3,2.5,1.5,2.2,2.6,0.7,2.4,1.5,2.6,0.8,0.9,-1.7,1.3,-1.5,7.2,7.2,-0.5,1.8,-1.0,4.8,0.9,3.6,0.3,3.6,4.4,2.3,3.1,3.6,4.9,5.0,3.2,3.5,2.1,1.0,3.2,3.9,3.3,3.3,1.5,2.6,2.8,1.1,1.9,5.6,6.6,1.7,0.3,1.0,3.5,3.2,3.9,1.3,5.7,4.9,4.9,1.6,4.2,3.4,5.8,4.5,3.4,2.2,2.1,2.7,4.6,2.7,4.5,0.7,-2.2,5.0,3.2,-1.6,-0.5,1.7,-2.7,1.0,0.2,4.5,5.3,6.2,6.1,4.0,5.1,3.0,2.4,-0.3,13.2,7.9,5.8,8.7,6.5,6.1,4.8,3.7,1.9,2.6,1.8,-0.8,1.5,-1.5,-1.8,2.2,4.6,3.0,-6.4,-0.1,0.3,0.1,1.8,1.8,1.1,1.7
2C7L50wsO0,0,48.09886,11.631567,4442573.56,2777486.55,541.8,587.5,214,7384,2.2,0.87,0.3,32.66,348.96,-0.53,-0.103,0.842,-1.1,0.1,0.99,0.17,0.2,0.1,-0.3,-1.0,-1.5,-1.3,-2.1,-3.0,-3.9,-1.8,0.8,0.3,-0.6,-0.2,-1.2,-0.8,-1.4,-0.7,-0.7,-1.4,-1.4,2.1,-0.6,-0.2,-0.7,1.5,1.4,1.2,0.2,0.2,-1.0,1.3,-3.4,-1.5,-6.1,-4.8,-2.1,-4.0,-0.5,-1.1,1.4,-1.1,0.8,1.1,-0.9,-1.9,-3.1,-2.5,-6.1,-4.3,-3.7,-5.3,-3.0,-4.3,-2.7,-3.9,-1.9,-4.6,-4.3,-5.1,-3.2,-3.9,-3.2,-4.8,-3.8,-1.8,-3.2,-2.9,-3.0,-4.3,-5.4,-4.8,-4.6,-6.2,-3.9,-5.3,-6.8,-5.7,-4.1,-4.0,-4.8,-5.0,-5.4,-4.9,-5.2,-5.7,-5.2,-3.2,-2.8,-3.2,-4.0,-5.6,-4.3,-4.7,-3.8,-6.7,-4.4,-7.0,-6.5,-6.4,-4.5,-3.8,-6.3,-6.2,-5.3,-3.4,-2.7,-3.2,-4.9,-3.3,-5.3,-3.4,-7.0,-4.3,-6.8,-6.4,-5.6,-4.6,-6.8,-7.2,-7.1,-5.6,-5.0,-5.4,-5.1,-4.3,-6.3,-3.4,0.0,-7.4,-4.7,-5.3,-7.8,-3.5,-5.3,-7.9,-7.4,-8.1,-5.5,-6.2,-8.4,-6.3,-4.0,-6.8,-7.0,-8.5,-8.3,-5.9,-5.0,-5.3,-6.5,-5.5,-7.4,-4.1,-8.5,-5.4,-3.8,-3.2,-5.1,-7.0,-8.6,-11.6,-7.5,-9.0,-10.5,-2.8,-8.8,-8.2,-4.4,-4.2,-11.2,-8.6,-8.1,-6.5,-7.4,-7.0,-5.9,-0.3,0.1,-3.2,-4.0,-19.8,-3.9,-5.6,-4.2,-5.4,-3.0,-3.4,-2.8,-1.0,-5.9,-5.2,-9.9,-5.1,-8.6,-1.1,-11.8,-4.5,-8.6,-6.3,-6.8,-6.4,-6.9,-3.1,-5.2,-8.2,-7.5,-4.1,-9.2,-8.1,-9.0
2C7L50wsPa,0,48.099573,11.637121,4442985.65,2777574.95,540.7,586.3,214,7482,2.9,0.83,0.41,32.69,348.96,-0.53,-0.103,0.842,-0.6,0.1,-0.04,0.22,0.5,0.2,-0.3,-2.6,-3.0,-4.1,-0.8,-4.2,14.7,-4.5,-1.1,-1.2,7.8,-1.0,-2.8,0.1,0.4,-1.3,0.8,1.5,2.5,0.2,-2.3,-0.3,3.0,1.1,4.4,-0.9,12.7,2.1,-0.3,2.5,-3.0,2.8,-4.1,-4.7,2.6,-3.1,1.1,1.1,-2.6,1.7,0.6,-1.8,-2.2,-1.1,2.0,-1.5,1.0,-3.4,-1.8,1.7,-0.3,2.9,-0.2,0.0,2.1,-0.4,0.4,-2.5,-4.9,-1.4,-1.1,-0.1,-1.4,-7.6,3.3,2.2,3.2,-3.0,0.1,-1.6,-1.1,-1.8,-3.7,-1.0,-0.6,0.2,-1.5,-0.7,-0.9,2.4,2.0,-0.7,6.4,-1.2,0.9,-0.2,1.1,1.7,2.9,1.0,-6.1,-10.4,2.8,0.4,-1.9,-3.0,4.4,-0.0,2.0,0.0,1.1,1.0,1.6,-1.0,1.0,1.3,1.6,-0.0,1.1,-3.4,-4.8,-1.7,-2.5,-1.3,-0.2,-0.2,-5.7,-0.6,-0.9,-1.5,-1.5,0.3,-1.3,-2.4,-2.9,-0.3,1.5,-2.9,-0.8,0.0,-0.7,0.1,-3.6,-2.6,1.0,-11.0,-0.4,-9.4,-8.7,4.5,2.3,-5.5,-1.5,-1.5,1.0,0.4,1.1,-2.2,1.0,-2.0,-0.3,-0.4,0.6,-1.8,-4.3,-3.5,-1.7,-0.5,0.6,0.3,-1.0,0.8,1.4,-4.0,-3.6,-2.8,-3.2,1.2,-5.8,-0.5,-0.8,0.0,-3.9,-3.3,-0.8,-2.4,-3.0,-0.9,-2.2,-8.6,-2.4,-2.1,0.3,0.1,1.6,-1.7,-0.9,-1.6,-1.9,0.7,-1.4,-3.4,-0.5,-3.5,-4.5,-8.3,-2.8,-3.3,-1.3,-2.7,-2.0,-2.8,-3.8,-3.7,-3.1,-3.1,-3.1,-2.9,-3.5
2C7L50wsMP,0,48.098174,11.62609,4442167.15,2777401.43,548.3,594.0,214,7285,2.0,0.9,0.33,32.64,348.96,-0.529,-0.103,0.842,-0.8,0.1,0.4,0.15,0.3,0.1,-0.3,-0.9,-1.6,-0.3,-0.9,-1.0,-2.5,1.3,1.5,1.1,0.5,2.8,-1.3,1.6,0.1,1.1,1.8,1.4,0.8,-0.9,0.6,-2.1,-2.1,-1.2,-1.5,1.3,1.0,0.6,-1.9,-3.3,-3.8,0.8,-3.7,-7.0,-1.4,-6.9,-3.0,-5.1,-1.8,-2.0,-0.5,-1.0,-2.6,0.4,-2.4,-0.6,-1.0,-1.4,-4.4,-2.5,0.5,1.3,-0.6,-0.7,-1.6,0.1,-1.1,-1.6,-1.5,-1.6,-1.2,-2.7,-2.5,3.4,-2.1,-3.9,-1.3,-2.6,-4.9,-4.6,-3.4,-1.5,-3.1,-4.1,-2.6,-2.1,-0.7,-0.5,-1.0,-2.7,-2.4,-1.4,-2.0,-0.3,-1.5,-1.6,-2.8,-1.8,-2.0,-1.6,-1.6,2.0,-3.8,-4.2,-2.9,-0.4,-0.5,-3.6,-2.1,-2.9,0.4,-0.9,-2.9,0.5,-1.2,-3.5,0.0,-0.5,-1.1,0.2,-1.2,-3.9,-2.3,-3.0,-3.1,-2.2,-4.1,-7.7,-2.8,-5.1,-4.3,-5.9,-4.8,-3.0,-2.8,-1.1,-0.2,-6.7,-2.8,-1.1,-3.1,-4.4,-6.5,-6.6,-2.7,-3.6,-1.8,-1.6,3.0,-2.8,0.5,-5.0,-4.0,-2.5,-1.6,-2.2,-0.8,-2.4,-3.0,-0.9,-1.6,-7.0,-5.7,-5.9,-5.1,-6.1,-8.0,-5.3,-5.2,-2.0,-4.0,-4.6,-7.3,-2.7,-4.9,-6.1,-0.1,-3.0,-7.1,-5.9,-4.2,-6.3,-0.9,0.5,-6.2,-6.0,-4.6,-3.1,-3.8,5.0,-4.3,-4.8,-4.8,-8.3,-0.9,-3.9,-3.9,-3.7,-2.8,-4.5,-3.8,-4.5,-4.3,-3.2,-6.8,-4.5,-4.2,-3.5,-2.7,-5.9,-3.7,-4.9,-2.4,-4.7,-5.2,-4.2,-2.4,-1.3,-2.9
2C7L50wsMo,0,48.098334,11.627331,4442259.24,2777421.2,540.3,586.0,214,7310,3.8,0.67,0.45,32.64,348.96,-0.529,-0.103,0.842,-1.5,0.2,-0.16,0.3,0.4,0.3,-0.3,3.9,-1.8,1.0,4.0,2.7,-4.6,1.3,3.0,9.8,1.5,1.6,-0.7,-2.7,-6.9,-5.0,-1.6,3.9,6.1,1.9,4.0,1.5,1.4,3.1,0.5,2.8,-0.2,1.2,-2.6,-3.5,-1.1,-7.4,-3.3,-2.8,-0.9,-6.3,-2.2,-0.2,0.7,0.2,-3.2,3.8,3.7,0.3,3.9,1.7,1.4,1.6,6.6,5.4,3.0,2.1,8.0,-2.7,4.2,1.6,-3.4,9.9,4.1,2.6,1.5,2.2,6.7,-2.7,4.2,-3.7,5.5,5.4,1.0,3.1,2.6,5.4,4.5,2.6,3.9,-2.0,1.5,1.5,1.5,-0.4,0.9,-0.7,1.5,1.1,4.4,8.7,-0.2,4.1,3.7,-1.4,0.0,0.3,-9.1,-1.8,3.8,2.2,1.1,2.6,4.6,1.3,-11.8,3.7,1.4,3.1,8.2,1.1,0.5,3.0,4.2,1.9,2.2,-0.8,5.2,0.3,4.5,-7.0,-10.6,3.0,-0.7,-6.9,-3.8,-9.6,-0.5,-8.9,-1.7,-2.1,-0.2,5.9,-1.8,-1.5,2.4,-5.0,-2.0,8.1,2.1,-4.9,-0.5,1.9,1.2,1.3,5.1,0.3,-11.3,3.0,-0.1,0.7,1.9,-0.1,-3.9,-6.8,-3.0,-7.5,-9.5,-8.9,-7.2,-9.9,-7.1,-7.2,4.0,-8.5,9.2,-7.8,-5.5,-1.8,-6.5,-9.2,1.6,-6.5,-7.8,-5.1,-1.4,-7.4,-2.6,-3.7,-1.7,-4.3,-6.2,-8.4,-6.4,-3.4,-6.3,-5.6,-2.9,-5.9,-1.8,-3.4,-2.7,-3.8,-4.7,-2.6,-6.5,-2.5,-3.0,-2.3,-4.0,-3.9,-5.4,-3.1,3.7,-7.4,-3.6,-4.5,-3.8,0.2,-5.9,-3.0,-4.7,-4.8,-2.2
2C7L50wsNd,0,48.098698,11.630166,4442469.6,2777466.33,537.3,583.0,214,7361,4.1,0.62,0.44,32.66,348.96,-0.53,-0.103,0.842,-0.5,0.2,-1.91,0.31,0.3,0.3,-0.3,1.4,0.5,5.1,4.7,2.0,-1.7,1.7,-1.9,-0.0,3.6,0.6,2.6,2.3,2.3,-0.5,4.6,-0.2,1.7,-0.5,1.8,0.3,4.1,-0.1,2.1,1.9,2.3,1.2,-0.2,0.7,-2.6,3.6,-4.3,-3.9,-2.3,-6.2,-5.8,-1.1,-1.1,-4.7,-7.2,-4.4,13.9,-3.5,3.8,-3.6,0.4,-2.0,0.5,1.1,5.2,1.5,2.9,1.6,2.3,2.3,4.1,13.3,7.3,5.0,3.3,4.0,3.3,-0.1,8.0,2.2,-2.3,6.4,12.5,9.7,9.6,4.4,7.4,1.3,3.6,6.3,4.9,5.7,5.6,2.3,6.2,5.3,5.2,5.6,2.4,7.1,2.8,6.8,3.2,5.4,6.2,4.7,7.4,7.4,5.8,-0.2,2.1,5.4,6.7,12.5,7.2,6.2,5.9,2.2,8.9,7.6,8.6,6.4,4.7,7.5,7.4,8.5,4.5,5.4,3.2,4.4,3.6,-2.4,2.3,-0.3,3.6,4.3,4.7,-10.6,-0.2,4.8,-0.2,-12.4,7.5,4.6,9.8,2.8,6.1,10.4,-0.1,2.4,6.9,2.9,5.6,1.5,1.0,-1.1,-1.5,1.1,2.7,0.6,4.1,1.9,1.6,3.6,5.2,-1.2,0.5,2.0,3.7,1.5,0.5,-1.9,7.6,10.9,1.8,2.0,0.8,5.4,3.9,8.7,-12.2,8.7,-0.0,1.4,6.6,8.2,7.5,7.8,12.3,9.6,3.6,-5.0,-2.0,-5.0,4.5,5.9,2.8,-0.9,-2.2,-0.6,-4.0,-13.4,1.5,-2.4,0.8,2.0,-1.7,3.9,-1.4,-1.2,-6.8,-0.1,-2.2,1.2,-1.9,-1.0,-1.8,-2.7,-3.7,-4.3,-2.4,-3.7,-2.4
2C7L50wsPb,0,48.099592,11.637125,4442985.86,2777577.08,536.8,582.5,214,7483,3.5,0.71,0.53,32.69,348.96,-0.53,-0.103,0.842,-0.9,0.2,1.29,0.27,1.5,0.2,-0.3,1.4,-5.6,1.4,1.4,0.4,-1.5,0.3,0.5,-2.7,3.3,-4.8,-0.1,-1.4,-3.3,-2.3,-13.4,-1.9,-0.1,0.4,-3.5,-2.0,-3.2,-7.5,-5.3,-1.9,-4.9,2.5,-4.5,-1.2,-5.7,0.7,-15.8,0.2,-20.0,-16.1,2.1,-16.4,-5.4,-7.9,-8.3,-3.9,-4.1,-4.1,-3.8,-6.6,-8.5,-7.2,-0.1,-12.0,4.3,2.0,5.9,-5.2,-2.6,-4.7,-4.2,-4.3,-3.1,-5.1,-4.3,-6.1,-3.7,-7.6,-8.1,-10.1,-7.8,-4.2,-8.3,-8.5,-6.4,-7.7,-6.1,-10.6,-8.5,-9.9,-7.0,-8.5,-9.5,-8.4,-6.3,-7.7,-4.7,-3.6,-7.9,-10.2,-9.5,-8.4,-8.8,-10.9,-9.5,-13.4,-10.4,-11.2,-14.3,-13.1,-3.3,-7.9,-6.6,-5.3,-3.2,-6.0,-8.2,-6.0,-3.6,-4.3,-8.6,-9.3,0.5,-12.4,-13.7,-4.7,2.6,-3.2,-10.0,3.9,0.7,-3.3,-4.3,-5.5,-6.4,-8.4,-5.6,-8.8,-11.1,-10.0,-8.7,-5.3,-9.7,-8.8,-7.4,-7.7,-7.8,-7.2,-10.5,-4.2,-7.2,-7.4,-11.4,-4.8,-13.8,-7.2,-13.9,-1.5,-7.6,-5.5,-8.0,-6.6,-7.0,-6.3,-6.4,-8.7,-8.5,-8.8,-9.0,-9.7,-7.7,-10.8,-8.2,-9.1,-7.6,-8.4,-6.2,-8.3,-11.4,-10.9,-5.4,-6.7,-11.3,-11.7,-9.3,-8.8,-8.7,-7.6,-11.4,-5.5,-7.5,-6.1,-8.8,-9.0,-5.3,-6.5,-7.5,-7.1,-10.1,-8.9,-8.3,-6.0,-8.2,-6.1,-6.6,-8.6,-5.9,-8.5,-4.5,-7.4,-9.0,-7.7,-7.4,-8.7,-10.0,-6.9,-8.1,-5.6,-0.0,-4.8,-7.6,-6.5,-7.3
2C7L50wsMZ,0,48.098266,11.626662,4442209.55,2777412.59,548.7,594.4,214,7295,2.6,0.83,0.4,32.64,348.96,-0.529,-0.103,0.842,-0.1,0.1,0.04,0.2,1.2,0.2,-0.3,0.2,1.2,4.4,1.3,1.0,-0.2,2.1,-3.7,-0.7,-2.8,3.2,1.6,7.1,1.0,-0.9,1.2,-0.7,-0.5,-2.9,1.3,1.6,1.1,-2.8,2.0,-2.5,1.0,1.8,2.8,-7.1,1.2,-3.7,-0.9,-4.5,-2.7,-6.8,-1.9,-4.8,0.6,2.4,-4.0,0.2,-4.7,-3.8,-1.0,-0.4,-1.1,0.7,-2.7,-2.1,1.6,-0.3,-1.6,-1.9,3.1,-0.2,-1.8,-1.8,0.4,-0.1,2.0,-0.0,-0.6,3.2,1.2,13.8,0.6,2.4,-0.2,1.2,0.7,1.8,1.5,4.1,-0.9,0.1,-1.4,-1.1,0.1,-0.1,-2.7,-1.3,1.7,3.3,0.0,0.5,-3.2,1.4,-2.4,0.5,-0.3,-0.7,-3.1,-3.0,-1.1,-0.7,-2.8,1.7,-1.0,1.8,-0.3,-0.9,-0.3,1.7,-2.1,0.9,0.3,1.4,-1.7,-0.0,-0.3,1.0,0.4,-0.3,0.1,1.9,2.9,0.9,0.9,-0.4,4.2,0.3,0.5,2.1,-0.7,-1.0,0.1,0.4,1.8,-0.7,-0.8,1.0,-3.1,8.1,-1.4,-3.0,-0.7,-0.7,4.1,3.7,3.3,-7.2,-9.6,-0.3,-0.2,3.7,-2.2,0.4,-0.6,-4.0,-0.9,4.8,-4.6,0.9,0.9,-1.6,-3.8,-1.4,-3.4,1.7,-3.6,-2.5,-6.8,1.4,-4.1,-4.7,1.1,-1.3,-5.6,-1.7,-3.4,-0.7,-1.9,-3.1,-2.6,-4.5,-1.6,-5.1,0.1,7.4,2.7,1.5,-1.3,3.7,-2.7,1.2,2.6,-6.5,1.0,-1.5,-3.8,-3.6,-1.7,0.4,-5.2,-0.3,-0.1,-0.2,2.5,1.3,2.9,4.7,1.9,-2.5,-0.2,0.7,-1.0,0.6,0.9
2C7L50wsMp,0,48.09837,11.627468,4442269.4,2777425.44,543.9,589.6,214,7311,3.2,0.79,0.39,32.64,348.96,-0.529,-0.103,0.842,-0.9,0.2,0.4,0.24,0.3,0.2,-0.3,1.7,2.3,-0.2,-1.9,0.1,5.4,2.3,2.0,-1.0,0.9,-4.5,5.1,2.4,8.6,-3.7,-2.8,-0.9,-3.6,-0.2,1.4,2.8,-0.7,4.5,-3.5,1.9,1.9,-6.6,-7.7,11.8,-6.9,-11.1,-4.1,-13.9,-8.0,-9.6,-6.3,-3.2,2.1,-1.3,-0.5,-0.6,-3.9,-1.0,-0.1,0.9,-0.1,0.4,-2.1,-2.6,1.3,-0.1,3.8,-2.3,-2.2,-1.0,-0.9,-4.2,-2.9,-0.2,0.7,1.1,0.1,-1.4,-2.4,-10.0,-3.2,-0.4,-3.1,-2.7,-1.3,-1.8,-3.2,-1.0,-1.6,-2.9,0.3,-1.1,-3.6,-0.7,-2.1,-0.7,2.7,1.1,0.6,-1.1,-0.3,-3.2,-3.1,-0.4,-1.9,-3.1,-0.3,-1.9,-2.7,-6.4,1.2,-8.6,2.3,-1.1,-0.6,-5.4,-2.6,-3.8,-3.9,-1.0,-1.3,-6.4,-4.9,-5.9,-3.8,-4.6,-1.9,-1.5,-3.2,-2.1,-1.5,-4.7,-2.4,-1.6,0.8,-5.5,0.4,-2.6,-4.2,-2.8,-2.4,-2.2,-3.7,-5.8,-2.2,-2.8,-0.3,-8.9,0.0,-1.9,-3.3,-1.7,0.1,-0.2,3.1,0.0,-0.5,-2.6,-3.4,-1.1,0.2,-10.4,-2.3,-2.1,-7.4,-2.9,-4.0,-6.1,-5.0,-5.5,-6.8,-5.0,-5.1,-2.8,-4.8,-3.9,-6.4,-4.7,-7.1,-5.8,0.4,-6.3,-7.3,-2.9,-3.6,-5.5,-1.8,-8.2,-4.8,-6.7,-4.6,-15.8,-4.6,-8.2,-1.7,-3.2,-2.1,-5.0,-3.4,-3.6,-4.3,-6.4,-2.6,-1.9,-3.4,-5.6,-3.1,-1.4,-10.5,-1.3,-4.9,-1.7,-6.3,-2.2,-2.2,-8.0,-0.8,0.9,-3.6,-1.6,-4.5,-5.9,-5.1
2C7L50wsMy,0,48.098429,11.627925,4442303.28,2777432.71,542.1,587.8,214,7320,3.1,0.79,0.38,32.64,348.96,-0.529,-0.103,0.842,0.2,0.2,-0.13,0.24,0.9,0.2,-0.3,-1.3,-1.2,-1.6,-1.6,-0.9,4.2,0.4,2.0,-0.5,4.8,-0.6,3.5,0.4,-1.1,-0.4,-1.7,0.9,0.4,1.1,0.2,1.2,0.3,-0.8,-0.7,1.2,2.3,-2.2,-7.5,-4.8,-4.0,-5.1,-1.9,-6.9,-2.7,-4.6,-3.3,-3.0,2.4,0.5,-0.4,-3.4,-2.3,-1.9,-1.2,-2.7,-2.3,-3.5,-4.5,-1.6,-5.6,-2.7,-0.4,2.5,-3.8,-0.7,-0.8,0.3,0.7,1.5,0.5,-2.7,-0.1,-5.3,1.0,-8.5,3.0,1.3,0.4,-0.7,-2.4,1.5,-1.2,1.6,-1.2,1.5,-0.3,2.2,1.8,1.6,0.2,-1.1,0.7,-1.8,-7.6,-4.7,-1.4,-0.2,3.7,2.6,-0.6,-2.8,-5.4,1.3,-2.9,-1.7,-1.6,-4.7,2.2,-0.9,-3.6,2.0,1.2,-5.5,-1.2,5.9,-1.5,9.3,-4.9,-1.6,-1.3,-2.7,-3.2,-6.5,0.8,0.6,4.6,-10.6,0.9,1.6,0.9,1.9,-0.1,2.5,0.3,0.6,2.1,5.9,1.0,1.5,0.5,-6.6,-5.6,-11.1,0.8,1.8,0.7,3.6,-0.6,-1.2,-1.9,8.3,0.1,0.7,-0.9,-0.7,-0.3,-7.2,1.7,0.4,0.5,2.0,-1.7,-3.8,-2.0,-2.0,-2.6,-1.7,-1.1,1.4,-1.0,2.2,-1.0,-0.2,-3.6,-1.0,5.2,-3.3,-3.4,-3.1,-1.7,-0.1,0.8,0.5,6.2,-0.1,1.3,-1.2,-0.3,11.8,0.0,-6.0,0.6,2.0,0.9,0.9,3.4,3.2,2.0,-12.3,-6.0,3.9,0.8,-1.3,-3.4,-2.2,1.0,1.8,-4.2,-4.6,2.2,3.3,-1.5,-0.9,-0.8,0.2,-2.2,-1.6,-2.2
2C7L50wsPc,0,48.099618,11.637186,4442990.4,2777580.12,537.3,582.9,214,7484,2.9,0.79,0.44,32.69,348.96,-0.53,-0.103,0.842,1.0,0.1,-0.63,0.22,1.6,0.2,-0.3,-2.2,2.8,-1.8,14.3,2.9,1.3,2.5,8.1,2.1,1.8,4.0,3.4,0.6,0.9,-0.4,3.4,2.7,2.2,-0.6,1.2,0.4,2.6,3.4,1.7,2.4,4.5,2.2,0.9,2.9,-1.2,3.6,-3.4,-3.3,1.2,0.7,-0.5,0.3,0.1,2.9,-2.1,-4.1,-5.9,-3.2,-0.6,-2.7,-1.2,-3.4,-3.9,-1.8,-2.8,2.0,-1.1,2.8,-2.9,-3.5,3.4,3.8,5.3,4.5,5.9,4.1,1.3,3.8,6.8,4.4,3.4,5.4,3.7,2.4,3.9,2.9,4.3,5.2,4.1,3.8,3.8,4.1,3.6,4.0,2.6,3.7,4.9,1.4,5.8,6.7,4.4,7.5,7.5,3.9,6.3,2.4,5.5,2.1,1.8,5.0,6.6,5.8,7.5,10.0,1.7,5.0,7.7,6.6,5.9,2.0,5.9,2.3,-8.1,2.6,1.6,1.7,-2.2,5.3,6.3,1.7,5.5,10.7,10.5,7.0,7.6,6.5,6.4,6.0,5.1,6.1,6.8,1.8,5.7,6.1,4.5,4.4,4.2,3.1,4.3,5.6,5.3,1.4,6.5,5.8,4.7,8.8,2.7,-4.3,3.5,7.1,4.0,5.9,3.9,5.2,4.4,4.0,5.7,3.0,5.0,4.1,4.6,3.9,5.1,6.8,6.8,6.5,7.2,4.7,3.7,2.0,3.5,3.4,-2.2,4.1,6.5,4.9,-0.0,1.3,1.7,6.7,6.2,-0.5,3.1,5.9,7.1,5.7,6.8,8.0,7.2,4.5,4.7,7.4,7.9,7.2,9.1,3.1,6.0,5.3,-0.2,-0.4,-0.0,3.6,8.5,9.0,10.3,7.1,6.0,1.9,7.0,10.2,3.9,4.7,6.4
2C7L50wsPd,0,48.099626,11.637245,4442994.73,2777581.05,537.3,583.0,214,7485,4.1,0.69,0.42,32.69,348.96,-0.53,-0.103,0.842,1.6,0.2,-0.63,0.31,1.0,0.3,-0.3,6.5,4.7,0.5,2.9,-1.4,-0.5,-4.2,2.3,2.2,2.3,4.7,0.6,-2.1,2.5,2.5,-0.9,0.5,-2.1,12.7,-5.9,1.4,-8.9,-6.9,-6.8,5.1,-6.2,-5.0,-0.9,-8.2,-12.5,-5.2,-11.4,-10.7,-10.7,15.1,6.5,9.0,3.0,8.7,11.9,9.4,8.1,8.7,-9.9,9.8,13.2,13.9,3.6,0.9,1.3,3.0,1.6,3.6,2.0,0.8,-1.9,4.7,0.2,3.1,1.4,1.9,4.4,0.6,4.1,-0.9,-1.3,-0.9,1.0,-0.6,1.2,-1.5,6.3,-0.1,1.1,-3.4,3.4,-0.5,3.3,3.9,9.1,0.1,3.5,4.9,5.8,7.0,3.9,5.5,4.8,1.6,6.2,2.4,2.3,1.2,1.6,1.0,5.2,4.1,7.8,6.9,4.6,2.2,5.9,4.5,5.6,7.2,2.8,4.5,6.6,3.9,3.3,6.0,0.8,4.2,4.2,3.0,2.0,4.3,4.2,3.7,4.7,4.3,4.0,3.4,6.8,4.4,5.1,7.1,7.7,6.0,5.2,9.2,14.2,11.2,8.7,5.2,6.1,10.2,6.9,9.1,10.6,2.8,3.2,5.3,4.7,5.0,5.6,8.9,7.9,7.8,7.8,6.3,6.7,8.3,7.3,5.7,5.2,5.2,3.4,7.1,4.0,4.4,5.1,3.7,6.2,2.4,4.1,9.7,5.4,4.2,8.8,8.7,7.0,5.6,7.0,7.2,7.6,8.2,7.7,-1.9,7.5,8.0,5.6,4.8,6.8,8.3,7.0,7.0,6.6,9.0,8.4,14.6,10.2,10.6,6.3,8.9,7.9,7.7,5.1,4.4,5.1,22.2,6.9,3.2,4.8,7.2,7.5,8.1,8.1
2C7L50wsNT,0,48.09867,11.629654,4442431.52,2777462.29,541.2,586.9,214,7351,3.1,0.79,0.38,32.65,348.96,-0.53,-0.103,0.842,-0.2,0.2,-0.56,0.24,0.6,0.2,-0.3,3.1,1.6,-0.2,1.1,2.8,-0.7,1.8,2.5,0.0,-1.6,-6.9,-3.6,0.6,1.5,3.9,3.7,3.3,2.2,3.6,2.7,2.1,5.2,-2.6,3.0,4.8,3.0,5.0,2.5,3.7,5.9,3.3,6.4,2.7,-1.4,0.5,3.1,-2.9,-4.4,0.6,-0.7,4.2,0.8,3.4,1.3,0.1,-9.8,1.9,-1.0,0.5,-4.2,0.5,-2.3,3.7,-6.3,0.1,4.3,1.4,3.5,0.4,2.4,3.3,-0.1,-6.1,2.0,-0.0,0.2,2.1,-4.9,3.9,2.2,0.6,2.0,0.7,-1.2,1.8,1.8,2.0,-2.0,2.6,1.7,6.9,2.1,2.1,5.1,1.6,-3.4,1.6,2.4,0.3,-1.5,2.0,-1.5,2.6,0.9,3.1,-4.4,1.1,4.0,7.3,4.4,3.6,5.2,3.6,4.6,4.7,4.2,1.0,6.5,2.9,2.2,7.7,5.6,7.5,3.0,4.7,3.8,4.1,2.8,2.8,3.8,11.1,3.7,1.6,0.3,6.9,1.9,1.1,4.4,-0.9,-2.3,0.7,0.1,-1.0,3.3,-0.7,2.8,4.0,6.5,4.6,2.4,-0.0,-3.5,-0.3,0.3,-0.2,0.7,-2.0,-2.1,0.9,0.2,11.8,-0.9,-0.5,-1.2,0.9,4.5,1.3,0.7,4.2,1.1,5.8,-0.5,3.5,-1.5,-0.2,7.6,1.5,-2.4,-0.1,2.7,5.0,-1.9,-2.9,-3.7,-1.5,3.6,0.3,-1.1,-11.3,1.5,0.1,-2.2,-1.8,4.5,-1.3,0.6,4.1,3.9,4.0,1.3,0.8,4.7,-2.4,-0.2,1.8,2.1,3.8,-0.1,2.9,6.0,-0.9,1.0,1.5,-1.8,-3.3,-2.8,1.2,-4.0
2C7L50wsOJ,0,48.099043,11.632564,4442647.4,2777508.61,538.7,584.4,214,7403,3.0,0.8,0.42,32.67,348.96,-0.53,-0.103,0.842,-0.2,0.1,-0.33,0.23,1.0,0.2,-0.3,-0.8,0.4,0.3,-0.2,-0.5,0.6,1.2,0.5,2.7,-0.7,1.7,4.2,0.7,3.0,1.5,1.6,3.7,1.5,-10.3,-7.2,0.4,5.1,2.4,4.7,-0.8,-4.8,5.4,-2.2,2.0,-0.4,0.5,-6.9,-4.5,1.1,-2.3,0.1,4.1,2.1,5.0,4.9,-0.2,-3.1,8.6,-1.2,2.5,-1.3,-3.7,-10.2,2.9,2.2,0.0,3.4,0.9,-0.3,-0.5,2.3,-0.1,2.0,1.0,0.3,1.1,0.2,-0.3,1.4,-1.6,-1.7,2.0,0.8,1.9,3.7,0.3,3.8,2.0,3.4,2.8,2.2,3.1,7.8,4.7,2.8,1.5,6.7,1.0,2.0,3.6,9.4,2.5,3.0,2.7,-0.6,-5.2,1.7,-1.5,-6.2,3.1,0.8,-1.9,-2.0,-0.0,0.9,-0.8,0.7,0.3,2.9,-1.0,-1.4,1.5,-1.9,-1.2,1.9,1.4,0.6,-0.6,1.6,3.0,0.3,-3.7,1.4,-2.9,-4.0,-5.8,-5.1,0.6,-0.6,0.9,2.3,-0.6,2.0,6.6,-0.6,0.3,2.1,3.5,1.5,-8.5,-1.2,-1.8,-2.2,-1.9,1.4,-5.1,-2.2,-2.4,2.6,1.2,0.6,2.8,4.5,2.2,0.3,0.8,-2.8,1.5,-0.4,-0.8,-5.2,11.9,1.5,2.2,0.7,1.6,0.1,-1.8,-4.1,-4.5,2.3,0.5,-0.5,2.4,0.6,2.0,1.5,-0.5,-6.7,5.8,0.7,-0.1,1.4,2.9,-2.5,-0.8,1.1,2.2,0.9,0.2,-1.0,-0.4,-2.1,5.1,-1.1,-0.1,4.1,-3.3,-5.1,-0.0,-4.7,-0.8,-2.1,-3.1,-3.7,-2.3,-3.0,-1.6,-5.2,-1.0,-0.1,1.5,2.7
2C7L50wsOU,0,48.099126,11.633205,4442694.94,2777518.81,539.1,584.8,214,7414,3.7,0.74,0.46,32.67,348.96,-0.53,-0.103,0.842,-0.5,0.2,-0.26,0.28,0.3,0.2,-0.3,-3.6,-2.1,0.6,-2.6,-0.4,9.4,0.2,-1.2,-1.5,-13.6,-0.7,3.4,-2.4,-0.1,-2.2,-0.2,-1.3,-0.2,-0.0,-1.2,-0.9,0.4,0.9,2.9,2.2,3.4,-1.1,3.1,5.6,-2.0,5.4,-2.9,0.1,2.5,0.4,0.1,5.7,0.8,1.4,1.7,0.9,-2.8,2.2,-1.5,2.3,-3.8,11.6,-0.1,0.5,-0.9,3.2,3.1,-1.5,1.0,-0.9,-5.9,2.3,-1.6,-0.2,1.3,6.0,-0.5,-10.3,-5.2,10.1,-4.0,12.7,-5.3,-3.8,-2.7,-2.4,1.2,2.4,-0.8,-0.9,1.1,-0.4,-0.6,2.3,-0.4,-1.0,-1.7,-1.1,-0.3,-0.3,0.1,-2.2,0.4,2.7,0.7,-4.3,-6.6,0.2,3.3,0.6,0.7,5.0,2.7,3.4,-4.2,-1.4,-0.5,1.1,-0.8,1.1,1.0,-2.4,-1.9,1.2,-2.2,1.7,0.1,-1.8,-1.1,0.4,3.2,-2.9,-2.7,-6.5,-2.6,11.9,0.5,0.7,2.8,-0.5,-1.7,-2.4,1.6,-1.3,-2.0,-0.4,1.2,-9.4,1.3,-2.5,-0.6,1.5,-0.1,1.4,7.4,0.3,-5.2,-1.9,-0.0,2.7,1.0,-12.7,-2.1,5.0,-2.3,6.8,-1.6,-3.0,-1.2,1.9,-5.2,-3.4,0.3,-0.3,-1.9,-0.5,-1.5,-0.8,5.3,-1.2,0.5,-13.6,-3.0,-1.7,-0.6,-1.7,-1.8,-8.9,5.0,-4.2,2.9,3.3,5.6,-4.5,-0.4,-1.1,-0.2,-1.8,0.2,1.3,2.9,1.6,-0.8,-3.1,-4.8,-7.5,-0.1,-3.5,-7.1,-1.2,1.3,-0.0,-2.6,2.4,-2.8,-0.7,-4.0,-1.7,-0.0,0.4,2.6,-15.2,-4.5
2C7L50wsOV,0,48.099152,11.633411,4442710.25,2777522.07,546.4,592.1,214,7415,3.6,0.74,0.41,32.67,348.96,-0.53,-0.103,0.842,0.1,0.2,-0.7,0.28,1.1,0.2,-0.3,-1.4,-0.8,1.6,1.4,-0.1,-10.7,1.3,2.4,-0.0,-5.2,1.4,-5.9,-0.7,1.3,1.4,2.4,-0.2,1.0,-0.5,0.1,1.0,3.9,-2.6,0.0,0.2,5.3,3.1,-6.4,2.8,-0.4,-0.6,-3.3,-3.9,0.3,0.3,1.8,6.8,7.0,3.6,2.9,-0.6,-3.5,-1.1,4.2,-2.7,0.2,-5.5,1.6,0.3,7.5,-7.7,2.7,0.2,-3.0,0.9,1.5,-0.7,3.6,3.3,2.3,2.4,-0.7,1.9,-2.1,-9.2,-5.1,-6.2,-6.6,-1.8,-0.6,-4.5,-2.9,-7.0,-2.2,-1.5,-0.7,1.8,-1.0,0.9,-2.0,-1.3,0.2,0.9,-0.6,5.1,3.6,1.2,-0.5,-0.2,-6.1,2.5,-1.4,-6.2,3.9,6.1,-2.0,-1.6,7.3,5.3,-0.4,-0.4,1.7,3.4,1.7,3.7,3.9,3.1,-0.6,0.5,1.2,2.5,3.8,5.7,1.9,3.0,5.5,-1.9,2.4,1.4,1.8,-4.6,0.1,-3.1,2.7,3.4,-1.6,-2.7,4.0,-0.0,-2.3,0.5,3.3,-3.0,12.9,1.0,8.7,2.5,-0.7,7.3,6.1,-2.8,0.4,2.1,2.8,4.3,3.8,-0.9,4.2,3.8,0.7,10.1,2.6,1.7,1.9,2.9,0.3,1.9,-0.0,1.8,0.1,-3.1,-1.6,3.0,-3.3,0.4,-2.0,3.1,-3.6,-1.5,2.3,2.8,-1.6,-4.6,17.5,-3.2,-6.2,-3.7,-0.9,15.8,0.5,-0.2,0.4,-0.3,-3.2,-1.6,-0.2,-3.0,0.6,0.9,-0.2,1.5,3.2,2.8,-2.6,0.9,3.5,-5.4,1.9,-2.3,2.7,-0.1,-0.7,1.2,0.2,-2.8,-4.6,-3.0,-1.1
2C7L50wsOY,0,48.099192,11.633728,4442733.75,2777527.11,551.6,597.3,214,7418,3.8,0.72,0.5,32.67,348.96,-0.53,-0.103,0.842,-0.9,0.2,0.39,0.29,0.5,0.3,-0.3,-0.1,2.2,2.6,0.8,5.0,-4.8,1.9,1.2,1.6,1.1,2.2,-4.9,0.9,5.5,0.3,1.7,1.1,-0.6,-2.2,-2.9,1.9,2.3,-0.2,9.2,-0.6,0.2,-0.4,-5.9,-0.5,-4.2,-5.1,-0.8,-7.6,-1.1,1.3,-1.1,-2.6,1.6,-0.7,-0.4,-0.6,-5.3,1.8,0.3,1.6,-5.9,-6.8,-1.3,9.9,-3.2,-0.6,-0.5,-0.7,-0.4,0.5,2.4,-4.0,-1.0,-0.2,-1.6,-1.3,0.1,-2.0,-0.8,-3.5,-5.1,-2.4,-12.1,0.5,2.2,-6.8,0.2,-5.3,-1.8,-0.3,3.9,2.8,-2.5,2.8,2.0,0.2,0.0,1.2,2.2,-0.0,0.8,0.7,0.9,-10.7,-0.1,-4.0,-0.8,-5.3,4.6,3.9,3.0,-3.7,-11.9,-0.0,1.2,-1.3,3.0,0.8,2.8,-0.7,-0.4,-0.2,-1.1,-2.6,3.8,0.8,-0.9,-0.8,5.0,0.8,-5.3,-15.5,-2.3,-2.9,-0.5,3.4,-0.4,-4.0,-1.9,-1.3,-3.2,-5.3,-3.1,-1.9,-1.6,4.1,-2.3,-8.0,-6.7,-6.0,-5.5,-5.3,-6.1,-2.8,-1.3,-7.0,-7.5,-5.8,-0.6,-2.0,-2.7,-2.8,-0.2,-0.4,-3.9,2.6,-2.0,-1.9,-8.8,-0.7,-2.4,-2.3,-7.4,1.5,-0.9,-1.2,-18.3,-4.8,-4.2,-7.6,-5.1,-1.9,-3.6,-1.1,1.8,-0.1,-1.6,-10.4,-9.2,-6.5,-13.4,-7.5,-5.0,-16.8,-0.1,2.9,0.8,2.8,0.8,-0.5,0.4,-8.2,-0.1,0.4,-0.7,-3.0,-0.8,-2.3,-6.1,-4.1,-5.0,-0.0,0.1,-0.2,-3.5,-11.0,-0.8,-3.1,0.6,-7.6,-7.6,-5.5,-1.2
2C7L50wsOe,0,48.09922,11.633941,4442749.56,2777530.51,547.8,593.5,214,7424,3.3,0.78,0.47,32.67,348.96,-0.53,-0.103,0.842,-0.8,0.2,0.21,0.25,0.4,0.2,-0.3,-0.4,1.0,-0.3,0.8,-2.8,-1.9,-1.2,0.7,1.1,8.5,0.1,-1.7,1.6,3.3,-1.6,2.7,-1.0,-0.6,-0.7,2.2,1.8,3.0,0.0,2.2,3.0,-1.6,-2.2,-3.8,-2.0,-1.9,-2.5,-3.9,-2.8,-3.4,2.1,4.4,3.8,4.3,-1.2,9.3,0.7,-3.3,8.2,-3.1,2.3,-0.7,-1.9,-3.0,0.1,1.7,2.7,4.2,3.5,0.3,2.3,0.3,-1.4,2.3,2.2,2.2,-1.1,6.6,0.6,-0.0,-0.6,-0.4,-1.6,-0.3,2.6,-0.8,-4.2,-1.5,0.5,-1.3,-0.7,0.2,-0.2,-1.9,2.3,-4.2,-0.4,-1.0,0.4,0.1,2.3,2.5,-1.7,-0.7,2.0,0.2,-1.8,-0.5,-5.1,1.2,0.4,0.2,-0.7,3.3,-3.5,2.4,-2.8,0.3,-3.4,-0.6,-2.5,-1.4,1.9,0.0,-2.0,-1.8,0.2,-3.8,0.4,-4.9,-2.4,-1.6,-0.2,-1.0,-2.1,3.5,0.8,0.5,-0.1,-1.9,1.0,-0.9,-1.6,1.2,-1.8,-0.9,-0.0,0.4,-4.4,-0.5,0.1,1.4,-0.4,-9.1,0.2,-3.3,-0.8,-1.4,-6.9,-3.9,-1.5,-2.9,-2.2,-5.4,-4.5,-4.3,1.7,-3.2,-3.2,-5.2,-1.9,-3.8,-3.2,-2.8,-2.7,-5.6,5.1,1.1,-0.0,1.5,-7.7,-3.7,4.4,-2.3,1.7,-4.4,-2.7,-0.1,-3.4,-5.4,-12.5,-1.9,-4.7,-8.7,3.2,7.8,-6.5,-9.1,-8.5,-15.3,8.1,-1.3,-4.6,1.8,-5.3,1.9,-1.5,1.3,0.9,-4.9,-1.6,-7.8,2.2,9.1,-0.9,-4.7,-7.2,-5.5,-3.8,-6.0,-8.4,-1.4,0.9,0.5
2C7L50wsPU,0,48.099609,11.636974,4442974.57,2777578.77,549.0,594.7,214,7476,2.8,0.83,0.38,32.68,348.96,-0.53,-0.103,0.842,-0.3,0.1,-0.52,0.21,0.4,0.2,-0.3,-0.6,-3.3,0.1,0.7,-2.6,3.3,-1.2,1.7,1.8,-2.6,0.1,3.2,-0.5,1.6,0.7,0.3,-2.7,-1.7,1.8,-3.9,-4.3,1.4,0.4,-0.0,-5.9,1.7,-2.9,6.8,-0.3,-1.7,2.2,-2.7,-4.7,-3.2,-1.1,0.5,-3.3,1.6,-4.5,-0.7,2.3,1.5,0.9,-3.0,-0.2,-1.2,-0.5,2.1,-0.7,4.8,0.6,3.7,7.8,0.9,-2.4,3.2,2.5,4.4,1.5,4.5,2.0,0.3,-2.7,3.8,2.4,1.6,0.7,2.1,1.9,2.7,2.7,-1.7,7.2,-2.8,-4.6,-1.7,1.4,-4.4,-3.6,-4.4,1.6,-2.3,0.9,10.9,5.1,-3.4,0.6,0.2,0.2,0.7,-1.1,-0.4,-0.7,1.7,-1.1,1.7,-4.2,0.5,-3.1,-3.3,-1.3,-1.8,0.9,0.7,0.2,-1.4,-1.6,2.2,-0.5,-0.7,-1.9,-1.5,-1.0,-2.2,-0.5,3.1,-2.3,-1.2,-0.1,3.0,6.6,2.8,3.1,0.4,3.1,-1.4,-0.7,-0.3,-1.0,2.8,-0.6,-3.6,5.0,-2.2,-2.7,12.1,-0.6,-2.2,2.2,0.5,1.1,-4.4,-1.4,-1.2,-0.2,0.6,-0.0,-0.9,-1.3,-0.3,-1.8,1.9,0.2,-0.4,-1.4,-1.4,0.5,-1.8,0.3,0.5,-1.5,0.7,-0.5,0.4,-3.3,6.0,7.0,-3.7,-2.4,-0.3,4.5,2.3,-1.1,-2.6,3.6,-3.4,-1.2,-3.0,1.6,-1.7,-1.9,-2.1,-0.5,-3.8,-3.3,-7.2,-3.2,-2.9,-0.2,-1.2,-0.3,0.8,-0.6,-3.6,-1.6,-0.7,-0.6,0.9,-0.5,-4.4,-0.3,0.2,-6.3,-4.2,2.9,-2.3,-2.1,-4.4
2C7L50wsPe,0,48.099656,11.637336,4443001.46,2777584.56,539.3,584.9,214,7486,1.6,0.94,0.33,32.69,348.96,-0.53,-0.103,0.842,-0.5,0.1,-0.01,0.12,0.3,0.1,-0.3,-1.1,-1.5,-1.3,-0.3,0.1,-3.9,0.8,-0.3,-1.3,-2.5,0.3,-1.5,0.6,2.6,1.8,1.6,1.9,0.3,0.8,-2.0,0.0,0.6,2.0,-0.1,1.3,0.7,0.5,1.2,2.5,-2.8,5.0,-5.3,-3.0,-1.5,0.5,-1.5,-0.2,-2.0,-0.8,-1.7,2.1,-0.1,0.2,-1.5,-1.2,-0.5,0.3,-1.3,-1.1,-1.5,2.3,0.9,1.4,0.6,0.5,-1.8,0.8,-0.6,1.1,0.5,1.6,-0.1,2.3,0.3,1.0,0.7,1.7,0.7,-0.2,-0.8,-1.5,0.1,-0.3,0.7,-0.2,0.3,1.9,0.1,-1.1,0.3,-1.9,-1.9,-0.4,1.2,0.7,-0.0,-0.5,-0.9,-2.0,-1.0,-2.2,-1.5,-3.1,-3.5,-2.5,2.1,-0.7,0.5,-1.4,0.3,-2.2,0.9,-0.5,1.1,-0.6,-0.0,-1.5,-0.3,-2.9,-1.9,-2.3,-1.3,-2.0,-0.1,-1.6,-2.0,-1.7,-3.0,-2.3,-1.1,-2.1,-1.4,-2.0,-1.9,-2.5,-1.7,-2.6,-2.6,-2.5,-2.8,0.2,-2.1,-0.3,-1.3,-2.8,-1.5,-0.1,-2.9,0.9,0.2,-1.7,-4.2,-2.7,-0.7,-0.5,-0.5,-0.2,0.2,-0.0,-0.1,0.1,0.4,0.1,-0.2,-0.4,-1.1,-0.5,-1.4,0.1,-0.9,-1.6,-1.3,-2.8,-2.5,-4.6,0.2,-0.5,-4.4,-2.7,-1.1,-1.2,-1.5,-2.3,-1.2,-0.9,-2.8,-0.8,-0.3,-12.5,-0.9,-1.0,-0.3,-0.9,-0.7,-1.9,-1.7,-0.8,-0.9,-1.6,-3.0,-1.6,-0.6,-2.2,-5.9,-3.3,-2.7,-1.8,-2.4,-2.8,-2.5,-1.8,-2.4,-1.3,-1.5,-2.1,-3.0,-2.2,-2.0
2C7L50wsMO,0,48.098221,11.626018,4442161.71,2777406.47,548.4,594.1,214,7284,2.0,0.91,0.26,32.64,348.96,-0.529,-0.103,0.842,-0.5,0.1,-0.08,0.15,0.8,0.1,-0.3,-1.9,0.5,0.0,-0.6,1.0,-1.4,0.7,0.3,0.4,7.6,1.2,-0.7,1.2,1.1,0.9,1.0,-2.5,-3.6,-1.9,-1.6,-0.7,-2.5,-3.2,0.4,-1.0,-0.1,-3.2,1.9,-3.2,-4.1,-0.8,-4.3,-5.3,-4.1,-6.7,-3.5,-2.8,-1.6,-0.7,-1.2,-0.5,0.3,-0.4,-2.8,-0.9,-1.6,-1.4,-1.5,-2.5,-1.2,-0.2,-0.4,-0.3,-0.7,0.4,0.6,0.2,-0.7,0.0,0.1,0.1,-0.7,11.5,-1.1,-2.0,-1.8,-1.8,-3.7,-1.4,-1.9,-1.9,-3.1,-3.3,-2.5,-0.8,-2.2,-0.1,0.5,-2.5,-2.9,1.0,0.3,1.0,1.1,-0.9,-1.0,-0.7,0.6,-0.9,-3.8,-1.0,-2.2,-2.9,-2.1,0.9,-0.4,-1.5,-3.8,-1.3,-0.2,0.2,-2.9,1.8,-0.0,-1.6,1.4,0.4,-0.7,0.5,-0.8,-2.1,-0.8,-1.2,-1.7,-0.5,-0.9,-1.0,-0.6,-1.7,-2.8,-2.6,-2.4,-2.8,-2.2,-1.0,-1.3,-3.3,-1.8,-2.2,-2.7,-1.5,-4.7,-0.9,-1.4,-3.8,-3.2,-0.5,1.8,1.5,2.4,0.8,-1.7,-2.6,-1.3,-2.2,-0.3,-2.1,-0.8,-1.6,0.6,-3.9,-3.6,-2.2,-2.1,-2.5,-3.0,-0.4,-3.2,-1.4,-2.2,-5.0,-7.1,-4.0,-7.3,-5.1,1.7,-3.7,-8.0,-4.7,-3.5,-3.2,-2.0,-1.1,-5.1,-4.4,-1.1,-2.8,-3.3,5.9,-1.3,-1.8,-1.9,-2.4,-3.2,-2.2,-2.5,-3.1,-1.1,-3.9,-1.2,-1.5,-2.6,-2.8,-6.2,-3.3,-3.5,-2.5,-2.5,-4.7,-2.2,-3.1,-3.1,-3.0,-4.1,-1.3,-4.0,-2.6,-1.7
2C7L50wsMr,0,48.098403,11.627433,4442266.69,2777429.01,537.1,582.9,214,7313,3.3,0.76,0.39,32.64,348.96,-0.529,-0.103,0.842,-0.7,0.2,-0.64,0.25,1.5,0.2,-0.3,-0.9,-3.3,-0.5,-5.2,-2.9,2.6,0.0,-2.5,-0.5,-3.6,-1.5,-4.0,-1.1,-3.9,1.0,-1.4,3.2,-0.3,2.0,5.0,4.1,4.2,-0.0,1.5,5.1,4.5,2.5,-0.1,5.1,1.3,1.6,3.4,-2.2,-1.0,-4.4,-0.1,2.0,5.4,6.9,4.1,5.7,0.2,0.2,2.4,2.5,3.2,1.5,-0.2,3.0,3.3,8.5,7.0,6.7,16.8,6.5,2.9,-3.6,1.8,5.2,-1.7,1.1,-0.8,-0.1,-2.6,-2.7,-0.3,-3.7,-0.8,-2.7,-2.5,-4.3,0.7,-5.7,-9.0,-1.0,-3.3,4.7,-1.2,4.2,3.5,1.0,-1.8,-0.1,1.4,-2.4,-2.4,3.9,-1.7,-3.7,-0.6,5.2,1.6,-0.6,2.1,7.2,4.0,2.4,3.8,0.6,1.5,0.9,0.5,4.2,1.9,4.3,2.7,3.0,1.3,3.0,-0.2,-0.6,0.8,1.1,0.5,2.1,1.3,1.3,-0.3,1.0,-0.3,0.1,1.5,2.5,1.2,2.6,2.0,-2.7,-1.8,1.8,0.5,1.4,1.9,0.9,-0.2,-1.0,3.0,0.6,3.6,5.7,4.0,0.0,-2.6,-5.8,-1.9,-1.2,-2.1,0.8,-4.0,1.2,4.4,2.6,-1.8,-3.4,-0.7,-6.4,-2.0,-4.7,4.6,-1.9,9.6,2.1,-0.1,15.7,-3.3,2.1,3.8,2.4,-1.8,-1.7,0.9,4.2,3.1,-2.9,-0.6,-4.8,-4.9,-1.6,-1.3,1.9,0.2,0.1,-2.5,-5.4,-2.7,-1.8,-4.4,-0.6,1.7,6.5,2.5,-3.5,1.3,-5.4,-11.0,-1.8,-4.1,-1.1,-2.4,1.2,-1.5,-5.1,-3.5,-0.6,-2.6,-1.9,-3.9,-2.5,-3.7
2C7L50wsNZ,0,48.098759,11.630209,4442472.64,2777473.17,549.6,595.3,214,7357,4.0,0.61,0.55,32.65,348.96,-0.53,-0.103,0.842,-0.2,0.2,-0.82,0.3,3.2,0.3,-0.3,1.3,2.2,-3.1,-12.2,-1.4,5.0,-2.4,-1.6,-0.6,14.3,1.2,3.4,-1.4,-1.9,-4.2,-1.5,-0.3,0.5,-1.7,1.7,-7.9,-1.5,-2.5,-1.1,-1.6,-0.1,-7.3,7.3,-0.6,-2.6,-9.4,-6.1,-5.8,-3.0,-7.4,-2.7,-3.0,-3.9,-3.4,-0.4,-15.6,-10.4,-2.3,-1.6,-1.3,-2.2,1.2,-1.5,-12.3,-0.3,4.4,-11.9,-6.2,-1.5,-2.1,-2.2,-4.9,-0.5,-7.1,4.6,7.2,3.2,8.2,3.1,6.2,3.7,4.6,10.4,1.8,5.7,4.9,-1.7,6.2,-0.7,-0.8,-2.9,-3.2,-9.0,-1.1,-0.5,-2.0,-0.7,-0.6,1.0,0.4,-6.0,0.5,-2.0,-1.6,-2.9,-3.1,-3.5,-4.6,-0.7,-4.4,-6.7,-4.5,-2.5,-2.3,-3.7,-0.8,-2.9,-0.2,-4.7,-2.2,-2.4,-6.8,-4.6,0.1,-3.5,-2.1,-2.8,-1.9,-0.6,1.7,-9.1,10.6,10.9,4.9,0.4,4.0,4.0,7.1,-3.4,-1.7,0.3,2.0,-0.6,-5.0,-4.2,-4.5,-3.4,-7.0,-2.1,-5.6,0.0,-1.7,-2.5,-2.5,-3.6,1.6,-2.5,2.9,2.2,7.3,6.5,-4.3,4.3,-0.4,2.2,3.3,-1.2,0.5,-0.3,3.7,8.1,-5.5,-2.9,-8.2,-0.1,-2.5,-3.2,-1.1,-5.3,-8.7,-0.2,-7.9,-7.0,-9.4,-5.1,-3.1,-3.1,-6.2,-2.9,3.9,1.2,-3.2,1.3,5.6,9.5,-2.7,-7.0,-4.1,8.5,1.3,-6.8,0.4,-8.5,-3.3,-6.7,-7.1,-3.9,-2.2,-6.9,-7.3,-6.9,-2.4,-3.3,-2.4,-4.0,0.2,-0.1,-4.6,-6.6,-4.1,-2.0,5.0,-8.8
2C7L50wsNm,0,48.098852,11.630928,4442525.97,2777484.61,549.2,594.9,214,7370,2.5,0.83,0.51,32.66,348.96,-0.53,-0.103,0.842,-0.5,0.1,0.72,0.19,1.2,0.2,-0.3,1.6,-1.7,1.1,-2.3,-0.1,3.8,0.5,3.9,2.7,1.5,-2.5,0.9,-2.6,-3.1,-2.6,-1.3,0.1,1.2,-2.6,1.2,-5.5,2.3,-2.2,2.0,0.4,5.1,2.2,-0.6,-0.1,-4.1,0.4,-5.8,-6.7,5.4,-4.7,-6.5,-1.1,-3.2,3.3,2.7,0.6,1.3,-1.0,0.7,-0.4,-4.2,-4.6,-3.5,4.7,-2.7,-1.4,-2.8,-5.8,-3.8,-3.8,-6.4,-3.6,-3.8,-8.0,-7.6,-7.4,-6.0,-0.6,-4.9,-2.2,-1.5,-6.0,-5.8,-7.3,-5.6,-4.3,-5.8,-3.6,-3.7,-3.9,-0.9,-1.0,-2.9,-0.3,-3.7,-2.5,-1.5,-0.6,-3.0,-1.5,-2.4,0.9,-3.1,-5.4,-1.8,-3.5,-2.5,-4.5,-3.7,0.3,-4.3,-2.3,1.0,-0.1,0.0,1.0,-5.2,1.0,0.2,-0.0,1.0,-2.3,-0.8,-1.7,-1.9,-2.7,-2.2,-2.3,-4.0,-2.7,-3.2,-4.8,-1.9,-2.3,-4.3,-1.9,-5.4,-6.1,-3.9,-1.2,-2.0,-2.0,-1.1,-2.4,-5.7,-3.5,-4.6,-2.8,-4.3,-4.2,-4.5,-1.5,-3.3,-2.1,-2.2,1.5,-4.3,-7.1,-5.8,-5.1,-2.9,-1.9,-3.9,-4.2,-5.9,-2.9,-5.4,-7.8,-6.0,-7.1,-5.4,-6.1,-4.4,-4.0,-3.3,1.6,-1.8,-0.9,-5.0,-3.1,8.0,-1.3,-5.6,-3.0,-1.8,-7.4,-2.3,-5.9,-1.1,0.2,-2.1,-3.7,-2.8,-0.9,-2.2,-2.1,-5.1,-5.6,-2.1,-8.2,0.8,-3.2,-4.3,-7.7,-1.3,-2.8,-1.2,0.7,-2.4,0.0,-1.6,-2.5,1.0,-6.3,-1.7,-5.1,-5.2,-0.4,-3.4,-4.2,-3.6,-5.2,-5.7
2C7L50wsOC,0,48.099034,11.632347,4442631.24,2777507.2,545.9,591.6,214,7396,2.6,0.86,0.38,32.66,348.96,-0.53,-0.103,0.842,-0.1,0.1,-0.34,0.2,0.2,0.2,-0.3,10.4,8.1,-0.1,0.6,2.4,4.1,0.5,0.9,-1.2,-9.7,-2.0,-4.2,-1.5,1.8,-3.6,1.2,1.6,1.6,-0.2,2.5,-1.8,3.4,-1.0,2.6,2.4,2.9,1.8,-7.6,-0.4,-3.6,-5.4,-7.0,-3.4,-1.5,-2.1,-2.1,-0.0,4.4,1.1,2.1,-1.9,-1.9,1.5,4.4,4.4,2.2,-3.9,-0.8,-1.2,-0.3,-0.4,2.4,-1.4,-1.5,-2.1,0.7,-3.8,0.3,-2.4,1.7,12.8,0.2,-1.2,2.0,-4.8,-4.0,1.7,-1.1,1.5,2.4,-5.9,0.3,-2.7,0.4,0.8,3.2,0.4,2.3,0.7,-0.2,-0.6,0.2,0.4,1.3,0.3,0.8,3.7,2.3,1.0,-0.7,1.3,5.6,-1.3,1.4,-0.9,-0.9,-0.6,3.2,2.7,0.6,1.4,0.5,2.8,2.5,2.0,3.5,2.2,3.1,1.3,2.1,1.3,1.5,3.3,1.1,2.5,-0.3,-1.9,2.1,0.2,1.2,-3.9,0.1,1.3,-0.3,0.5,-0.2,0.6,1.4,2.0,0.1,4.5,1.5,-1.1,3.0,-0.2,1.7,0.5,-0.8,2.6,2.5,1.1,-0.5,-2.4,-1.4,0.4,0.7,-2.0,1.9,3.1,1.0,0.1,0.1,2.0,1.3,0.6,1.2,0.1,1.6,0.9,2.3,1.5,1.4,2.3,0.7,-1.0,2.4,2.7,-2.7,0.0,1.8,2.5,-1.4,-4.5,-1.0,-1.2,0.3,1.6,-2.5,-9.2,-1.8,-0.2,-1.0,-0.2,0.0,-0.7,1.2,0.2,-0.1,0.6,-1.3,-0.1,-0.8,-0.4,-2.2,-0.0,0.1,1.1,0.9,0.0,1.2,-1.3,-0.5,-1.5,0.4,1.0,-0.4,0.1,1.2
2C7L50wsOI,0,48.099056,11.632515,4442643.72,2777509.89,539.4,585.1,214,7402,4.5,0.62,0.49,32.67,348.96,-0.53,-0.103,0.842,-0.6,0.2,-0.56,0.35,2.3,0.3,-0.3,1.4,2.0,1.7,-1.8,2.5,1.8,4.3,1.7,3.3,5.7,-0.2,3.0,-0.1,-0.2,1.6,1.8,2.0,1.5,-6.4,6.7,5.8,8.7,4.6,-3.1,14.3,-7.4,8.1,13.1,8.9,-0.7,0.1,1.7,-2.5,-1.7,-2.1,-13.7,4.1,0.3,9.0,1.5,-0.7,-9.6,7.5,2.7,0.1,2.4,0.2,6.7,3.3,0.9,2.3,2.9,3.1,-0.4,3.5,4.0,2.5,3.2,1.3,1.3,4.6,3.3,2.0,0.8,-2.4,-3.4,1.6,0.8,4.8,1.8,-0.6,3.0,3.2,4.3,4.7,2.7,3.7,6.4,4.5,6.5,5.6,6.6,11.2,12.1,5.8,11.4,3.6,2.7,-0.4,3.5,-13.2,3.9,2.0,11.5,3.6,3.1,4.3,7.4,-4.3,0.2,10.6,-0.5,0.8,-0.1,-8.1,-3.9,3.8,-3.9,-0.2,2.8,2.3,1.1,-0.8,1.0,-1.7,-1.0,-0.6,0.5,-4.9,-0.1,2.5,1.3,6.6,3.6,2.8,3.5,-5.1,4.6,1.8,2.1,13.0,2.1,0.3,-0.4,-14.1,0.1,-1.2,1.6,-0.4,3.3,3.9,-1.4,3.4,1.3,1.4,-0.3,-1.2,-1.8,1.4,0.5,-2.1,-1.5,1.8,-0.4,1.0,1.2,7.9,3.3,13.8,8.0,3.7,0.2,-0.4,-5.7,-6.3,5.1,3.1,-3.0,2.9,0.3,-1.1,-3.3,-3.2,-11.1,-7.0,1.8,0.8,-3.7,-5.3,-3.9,-0.2,-1.6,4.3,2.4,0.5,13.3,-2.1,3.2,7.3,6.1,5.7,3.2,-0.7,8.6,1.0,-13.6,-6.2,-5.4,-0.4,-5.9,-3.4,-2.7,-6.7,-4.7,4.1,3.9,2.5,-16.3
2C7L50wsOK,0,48.099072,11.63264,4442653.04,2777511.89,539.3,585.0,214,7404,3.1,0.81,0.35,32.67,348.96,-0.53,-0.103,0.842,-0.7,0.2,-0.19,0.24,0.2,0.2,-0.3,1.0,-3.0,-0.9,-3.2,0.2,-3.3,-0.2,-2.4,0.5,9.4,-3.2,-0.5,1.7,1.8,1.8,1.7,0.7,-1.7,-1.2,-3.7,4.1,0.6,1.6,3.1,-8.7,7.5,4.7,-1.0,1.4,-6.4,0.6,-1.7,-6.8,3.0,-7.7,-4.1,-0.8,-0.5,-2.1,1.4,-2.0,-4.8,-1.8,0.8,1.4,0.6,-2.5,0.4,-0.1,0.5,-0.3,-0.8,-0.3,0.7,0.8,0.5,0.4,0.1,-0.0,-3.7,-1.2,-2.5,-1.1,-2.2,1.5,-4.1,-2.8,-2.9,-1.9,-2.7,-3.5,-1.8,-1.1,-1.4,-0.0,-0.8,-1.0,-0.1,-2.3,1.1,-1.7,-0.8,-0.6,5.9,3.3,1.2,1.5,1.1,3.8,-1.4,-5.7,-1.0,-3.7,-2.0,-0.5,-2.4,-0.6,-0.7,0.7,-2.2,-0.2,-1.9,-8.1,3.5,-0.6,-0.7,-3.0,-2.2,-2.7,-0.9,-0.8,-0.6,-2.1,0.5,0.8,-1.3,-1.1,-4.9,-6.4,-4.7,10.5,-8.1,-2.2,-2.8,-1.8,1.2,-3.6,1.3,2.6,-4.2,-2.6,-0.7,-2.6,-1.0,-4.5,-0.1,-2.1,-2.4,2.6,-1.4,-3.1,-5.0,-5.1,-2.6,-1.4,-3.9,-1.3,-5.8,-3.7,-5.4,2.4,-3.5,-1.1,-3.1,-1.2,-3.2,-1.0,-1.4,-3.8,-5.4,-3.7,3.4,-1.0,-3.2,-5.0,-4.8,7.7,-6.0,-6.6,-3.7,11.3,-1.4,-4.0,-0.9,-1.2,6.5,-5.8,-4.6,9.4,-5.9,-4.8,-2.8,-4.0,-4.7,-2.0,-2.9,-2.7,1.8,-2.0,-5.8,-2.6,-2.8,-9.0,-7.9,-2.3,-6.5,-5.0,-4.4,-2.5,-4.6,-7.0,-0.2,-2.4,-6.3,-2.2,-6.8,-5.5,-4.1
2C7L50wsMX,0,48.098312,11.626584,4442203.69,2777417.54,551.2,596.9,214,7293,4.5,0.69,0.48,32.64,348.96,-0.529,-0.103,0.842,0.2,0.2,-0.26,0.34,0.6,0.3,-0.3,-1.4,-3.1,-1.5,-6.2,-0.0,2.2,-2.5,2.5,-0.6,2.7,2.7,-5.1,-1.5,-2.0,-0.6,-3.0,1.3,5.9,-0.1,5.5,-3.0,4.3,-4.9,2.5,2.0,5.6,-1.1,11.0,-1.8,-10.0,-9.7,-2.1,-8.3,4.3,-6.5,-2.2,-1.4,-0.2,-2.8,-1.4,-2.8,2.0,-2.3,4.9,4.9,13.9,10.5,-1.8,-1.7,-1.3,6.4,3.1,1.1,1.5,4.2,2.6,-2.4,-0.2,-0.5,-2.0,-3.5,0.6,-3.1,2.1,-0.1,-2.7,0.8,2.0,0.1,-1.9,-3.1,1.9,-3.0,-3.4,0.3,4.2,1.0,-0.4,-0.5,-1.6,-2.1,-3.2,-1.1,8.3,3.6,-1.3,-0.4,-1.0,-1.4,-3.0,2.1,-4.3,3.4,-5.2,-5.7,7.2,17.1,-1.8,-2.5,-4.2,-3.1,-5.6,-2.2,-5.4,-4.7,-2.9,-2.0,-3.5,-1.8,-3.0,-1.3,3.2,-1.0,-0.6,-5.3,13.5,-6.9,-0.7,0.6,0.4,-2.1,-0.7,15.7,-1.3,2.2,2.9,1.2,-2.2,0.8,0.1,-1.8,0.7,7.5,0.3,-2.2,3.6,-0.8,3.0,5.8,1.1,12.3,-3.6,1.7,2.9,3.1,0.5,-6.2,0.0,1.1,0.1,1.4,1.3,2.1,1.2,-3.7,-0.8,1.8,-3.2,0.4,1.9,-1.8,4.0,3.7,-3.1,-3.9,2.4,-1.2,-4.2,-5.8,-4.8,2.6,-1.6,16.0,12.3,-8.9,-2.3,-3.9,-3.2,-1.7,1.7,2.8,7.4,3.2,19.5,1.1,-0.0,0.2,0.1,1.7,2.7,-0.6,-3.0,-1.3,-4.9,-0.9,1.3,-3.4,0.4,-5.4,-4.0,-4.7,1.3,4.1,-0.4,1.9,2.1,0.8,-0.1
2C7L50wsN9,0,48.098556,11.628481,4442344.4,2777447.75,539.1,584.8,214,7331,2.5,0.84,0.43,32.65,348.96,-0.529,-0.103,0.842,-0.2,0.1,0.17,0.19,1.4,0.2,-0.3,2.5,-0.4,-1.5,-5.9,1.1,-0.7,0.1,-0.4,-1.0,3.5,-0.9,0.5,-0.3,0.0,0.0,-0.1,0.1,-2.9,-1.9,-0.8,-2.2,-0.1,0.9,-0.2,-2.1,-3.6,0.0,-1.9,-0.3,-1.5,2.3,-4.8,-4.4,4.5,-4.2,-5.2,-5.5,-1.9,3.0,-0.0,-0.1,-1.0,-4.0,-0.8,-2.0,-3.5,-1.4,-0.2,-4.8,4.1,-4.0,-5.0,-2.9,-4.0,-5.7,-0.6,-6.2,0.5,-2.8,-5.4,-2.8,-3.1,4.6,-3.4,10.7,5.7,-1.8,-0.5,-4.6,-4.1,-0.2,4.8,1.4,0.7,-7.3,-1.7,-1.0,-2.3,-4.2,-8.0,-1.1,-4.2,0.8,-6.4,1.6,-3.4,1.4,-1.2,0.2,-1.7,-2.3,-3.8,-2.7,-0.5,-2.1,-3.4,-4.6,-0.4,-0.7,-2.2,-1.7,-2.2,0.0,-1.0,0.1,-1.6,-0.8,-4.9,-1.7,-2.9,-1.6,-4.0,-4.2,-1.0,-0.1,0.2,-2.1,-1.4,-2.9,-1.5,0.5,1.7,-0.1,-1.7,-1.1,0.2,0.5,0.1,-3.1,-2.2,-4.5,-4.8,-0.9,-1.2,-4.4,-4.3,-2.3,-0.8,-0.0,0.5,-1.7,-1.2,-1.9,-1.3,-1.1,-0.3,-0.2,0.7,3.1,3.7,2.4,0.8,0.5,-2.2,-4.0,-3.1,-0.1,-3.3,-2.0,-1.6,-5.8,-5.9,-2.8,-4.7,-4.9,-0.2,-4.2,-8.6,-5.3,-5.6,-1.7,-1.0,-3.8,-1.0,1.4,-3.1,0.7,1.5,-2.7,2.7,0.7,-1.1,-0.9,0.4,-2.6,-3.1,-2.4,-5.0,-3.4,-2.7,-6.7,-5.6,-6.0,-8.0,-2.3,-3.1,-4.1,-3.3,-2.8,-1.1,-3.6,1.2,0.6,1.1,1.1,3.7,0.8,3.0
2C7L50wsNV,0,48.0987,11.629604,4442427.73,2777465.64,532.2,577.9,214,7353,4.2,0.68,0.42,32.65,348.96,-0.53,-0.103,0.842,0.5,0.2,0.54,0.33,1.4,0.3,-0.3,0.5,0.9,-4.5,7.4,-0.5,0.9,0.2,-0.4,-0.3,1.0,1.4,1.5,1.6,-1.8,-0.3,1.1,5.9,3.1,-1.9,-0.3,-2.0,3.0,-17.5,-8.2,-12.0,-0.6,2.9,1.6,6.1,4.2,3.6,3.2,-1.6,3.1,-2.9,3.2,3.1,2.5,2.9,4.8,1.1,2.5,-2.2,2.9,0.8,-1.4,2.2,1.4,3.5,6.2,4.6,1.0,4.3,-1.1,-0.1,2.1,1.9,2.8,0.7,0.5,4.0,-3.4,10.7,5.4,2.4,1.1,1.9,-0.2,0.9,-1.6,-2.3,0.5,0.7,-3.1,0.8,-0.6,-0.6,1.4,-0.3,2.0,0.9,-0.5,-0.4,-0.6,1.9,-2.5,-1.7,4.7,10.5,-3.2,-3.6,-0.4,-1.1,-2.3,-2.4,-5.3,4.5,-3.4,0.9,-3.0,-4.3,6.4,3.3,2.7,1.3,2.0,2.5,5.2,3.2,8.9,6.8,4.8,7.2,8.2,6.9,4.2,4.1,4.0,3.6,2.7,3.5,5.1,4.8,1.6,2.5,1.4,2.8,8.0,4.7,4.1,1.5,1.8,2.4,1.7,4.9,9.5,9.1,1.4,0.7,3.7,-1.0,-1.0,0.4,2.6,-1.0,0.5,-8.9,2.8,2.9,1.6,-4.4,0.1,1.4,-0.2,1.5,-2.6,0.6,-1.0,1.9,-2.0,2.0,-17.6,1.8,2.1,-5.1,0.8,7.3,0.4,-2.2,0.9,-6.1,8.0,-6.1,2.8,2.6,5.4,8.0,6.1,-14.0,6.5,-0.3,3.3,1.1,5.1,1.4,-0.2,1.1,3.8,4.2,0.0,-12.2,4.5,0.5,2.2,12.1,-5.4,12.6,10.4,11.3,11.3,7.8,8.8,9.3,6.3,4.1,3.1,11.7,13.6
2C7L50wsOH,0,48.099065,11.632443,4442638.36,2777510.81,538.9,584.6,214,7401,2.6,0.8,0.34,32.67,348.96,-0.53,-0.103,0.842,-0.4,0.1,0.23,0.2,2.1,0.2,-0.3,1.2,-0.1,1.9,2.1,1.9,-0.6,2.1,0.3,3.4,-0.8,1.0,-2.8,5.0,4.3,5.1,5.2,6.1,4.2,4.7,2.7,3.4,5.3,2.3,8.3,6.4,4.4,7.1,2.5,3.5,0.8,5.6,2.4,-1.7,3.3,2.0,3.7,5.9,2.2,3.6,1.4,2.7,2.7,4.5,3.3,3.0,0.4,-2.4,-1.1,1.2,0.8,-0.1,-0.1,-0.8,-1.5,0.3,0.7,-0.6,0.0,1.6,0.1,2.1,0.6,3.3,-2.2,-2.5,1.8,0.0,-0.6,1.2,2.0,-0.8,2.1,0.1,1.7,1.7,4.2,2.7,4.0,3.5,10.0,2.8,6.0,3.6,5.9,1.6,6.6,4.6,7.0,1.9,5.0,4.1,2.7,1.4,5.2,2.0,0.5,2.3,3.4,3.9,1.3,4.0,3.3,3.7,6.3,6.5,4.7,2.6,-0.3,-0.3,-0.7,0.8,1.6,-0.6,0.7,-2.4,-3.5,0.3,-2.3,-2.3,0.3,-0.3,0.9,0.4,3.5,3.7,6.3,3.8,5.5,5.4,1.1,0.1,1.1,-1.9,1.6,4.1,3.4,2.4,0.1,4.2,3.3,-3.7,-3.5,-2.7,-0.5,0.6,-1.6,-3.2,1.8,1.6,2.9,-6.5,-1.0,1.0,1.2,2.5,-0.5,3.3,3.1,8.1,6.3,4.5,-0.3,-4.3,-2.8,-5.5,0.5,0.3,-3.5,1.5,6.1,6.7,-0.1,0.1,-2.5,-2.3,-6.2,-4.3,-2.2,-11.8,7.6,1.9,0.8,-2.0,2.5,0.8,3.8,0.1,3.2,4.7,4.2,4.2,1.3,1.5,-0.0,2.7,4.0,5.9,1.6,0.5,9.4,-2.3,-0.8,-0.0,1.8,-0.1,-3.0,-3.1,3.9
2C7L50wsOZ,0,48.099227,11.63371,4442732.33,2777530.95,548.5,594.2,214,7419,2.6,0.86,0.28,32.67,348.96,-0.53,-0.103,0.842,-0.6,0.1,0.02,0.2,0.3,0.2,-0.3,0.3,2.0,2.4,1.5,1.0,-4.4,2.2,0.4,1.0,-1.3,1.1,-2.5,2.3,0.5,2.9,2.2,2.5,0.7,-0.1,0.5,1.3,3.8,0.8,-0.3,1.8,2.9,0.6,-5.9,0.2,-4.2,-2.2,-4.0,-3.7,0.2,0.5,0.5,1.5,1.3,0.3,1.5,1.0,-4.1,0.3,0.5,1.3,-0.6,-6.3,-0.4,1.4,0.3,0.7,1.4,1.0,-0.2,-0.2,-0.5,-2.8,-1.9,-0.1,0.4,-1.4,0.0,8.3,1.0,-2.2,-3.8,-1.2,-4.0,-0.2,1.0,-5.1,0.3,-5.6,0.1,-1.2,0.2,0.6,-0.7,1.6,0.3,-0.6,-2.1,0.8,1.2,1.8,0.3,2.1,0.3,-1.6,0.1,-0.2,-1.5,-3.2,0.1,-0.3,3.3,-2.7,0.4,1.8,-1.0,-1.3,0.8,2.2,3.7,2.6,1.8,-0.2,-0.9,0.1,-0.3,0.2,2.8,0.6,1.8,0.4,-4.3,-6.5,0.7,-0.2,0.7,-3.8,1.3,-2.2,-0.2,0.1,1.2,-4.9,-0.6,0.0,-1.9,2.6,-1.5,-5.0,-1.6,-2.0,-0.6,-1.1,-3.0,0.8,1.2,-5.0,-3.9,-2.7,0.6,-0.4,-2.1,-9.5,-0.9,0.8,-0.6,-15.2,0.9,1.1,-0.9,1.5,1.1,0.5,-1.3,0.1,1.5,0.5,0.3,-0.6,-2.2,-5.5,-3.0,-1.3,-3.6,-1.8,-0.0,-0.9,-2.3,-7.7,-8.1,-4.1,-9.8,-6.1,-4.6,9.9,-1.7,0.1,-1.3,-1.5,-2.1,-2.5,-2.8,-5.0,-1.3,-1.4,-3.3,-1.2,-2.6,-2.2,-4.4,-2.9,-2.9,-1.3,-0.8,-0.4,-0.7,-4.6,-2.4,-2.1,-1.9,-1.8,-4.6,-2.0,-1.8
2C7L50wsPf,0,48.099698,11.637375,4443004.25,2777589.3,538.9,584.6,214,7487,3.3,0.83,0.42,32.69,348.96,-0.53,-0.103,0.842,-0.9,0.2,0.51,0.25,0.4,0.2,-0.3,-0.4,-3.8,-3.6,-2.1,-0.9,-0.7,-1.9,-0.0,-2.6,-5.7,-3.0,0.2,-1.6,-1.8,-1.7,-3.9,-0.9,0.4,-0.1,-3.5,3.0,1.6,6.5,-1.8,3.8,-17.5,6.2,6.8,6.9,3.3,-21.4,2.5,-6.4,-14.6,3.8,-1.1,1.2,-1.4,1.3,-0.8,3.9,2.6,0.9,-2.4,4.7,3.8,0.9,-0.1,0.3,1.0,0.5,0.4,1.2,0.8,1.4,-4.1,-0.7,-0.7,-0.8,-0.8,-0.8,-1.9,-2.1,-0.7,-1.0,-1.2,0.2,-2.9,-1.2,-2.0,-3.1,0.5,-2.2,-1.0,-2.2,-2.7,-2.4,-2.9,-2.9,-2.2,-1.7,-2.1,-2.7,-1.1,-1.0,0.9,-3.0,-5.1,-2.7,-4.4,-4.0,-3.5,-4.0,-5.0,-4.9,-0.5,-1.0,-0.7,-3.4,-1.3,-0.9,-1.6,-5.0,0.1,-2.7,-1.9,-3.9,-1.5,-4.5,-5.5,-5.4,-6.7,-6.0,-5.5,-4.3,-5.5,-5.7,-5.9,-5.0,-4.9,-3.5,-3.8,-3.3,-5.6,-5.7,-8.2,-5.8,-6.2,-8.3,-7.1,-2.4,-8.2,-2.4,-6.9,-6.9,-5.7,-4.5,-9.3,-5.7,-5.7,-3.3,-2.8,-1.2,-3.2,-3.0,-1.1,-1.7,-2.3,-1.4,-2.1,-1.6,-1.6,-1.8,-1.6,-2.4,-2.8,-1.3,-2.3,-2.9,-2.3,-4.8,-3.8,-4.5,-3.8,-6.5,-1.1,-2.9,-6.4,-3.7,-3.5,-2.9,-2.8,-3.1,-2.7,-1.0,-6.5,-2.5,-2.8,-20.6,-2.9,-3.0,-2.3,-2.8,-2.9,-3.6,-2.3,-2.5,-2.8,-3.4,-5.9,-5.7,-5.3,-6.6,-9.4,-7.0,-4.7,-4.4,-3.2,-5.0,-4.5,-4.4,-4.4,-3.4,-2.2,-7.0,-3.8,-3.7,-2.1
2C7L50wsPl,0,48.09974,11.637706,4443028.78,2777594.56,539.6,585.3,214,7493,2.6,0.85,0.4,32.69,348.96,-0.53,-0.103,0.842,-0.3,0.1,-0.27,0.2,1.2,0.2,-0.3,-3.2,-3.1,2.6,-4.3,-4.4,-0.2,-4.0,7.6,-0.7,12.2,-0.3,-4.9,-2.1,-1.7,2.6,4.4,-4.2,-6.3,-2.8,-1.3,-0.9,-0.8,-1.2,-1.5,-0.4,1.1,-0.0,-6.1,-7.3,-2.9,-4.6,-4.0,-3.9,-0.9,-4.8,-1.1,-0.8,-1.0,0.2,-2.1,-0.7,-5.0,0.2,-0.9,0.4,0.0,-5.8,0.8,-8.3,-0.9,-2.1,-2.9,-2.2,-0.6,0.3,-2.3,-1.1,-2.1,-0.8,-2.9,0.9,-0.8,4.8,-0.8,2.9,-1.5,-1.3,-2.1,-0.7,-1.8,-3.3,0.0,-3.0,-2.0,-1.2,0.4,-1.0,-1.1,-3.1,-3.0,-2.6,-4.4,-4.1,-2.3,-2.9,-5.0,-1.5,-4.3,-0.2,-1.2,-11.5,-9.1,-5.6,-4.6,-1.8,0.8,-0.6,0.4,-0.1,-2.5,-1.2,1.0,2.9,-0.3,-0.8,0.1,-1.0,0.2,-3.6,-1.0,-0.9,-1.5,2.2,-0.2,-0.5,-1.5,-2.4,-1.3,-3.7,-2.6,-1.8,-0.5,-4.2,-0.0,-0.3,-1.9,-5.3,0.1,-0.7,-4.1,0.8,0.0,-4.2,-3.1,-3.5,-2.7,-1.0,-6.2,1.7,1.8,-0.4,-3.8,-2.8,-2.3,-0.9,-1.0,-0.8,0.1,-0.1,1.5,-2.1,-0.5,3.1,2.5,1.2,-1.9,-0.7,-0.9,-1.4,-1.6,-4.8,-4.8,-3.9,-4.4,-7.8,-0.8,-1.7,-6.2,-4.5,-1.9,-2.5,-2.1,-3.5,-3.9,-5.3,-1.4,0.0,1.2,7.5,-0.3,0.1,-2.3,-4.8,-3.8,-1.2,-6.8,-2.4,-2.7,-1.7,-2.0,0.3,-3.5,-2.5,-4.3,-2.9,-5.4,-5.3,-3.6,-6.1,-2.2,-6.2,-4.5,-3.9,-4.7,0.3,-4.4,-1.2,-2.4
2C7L50wsPm,0,48.099744,11.63773,4443030.57,2777594.95,538.0,583.7,214,7494,4.3,0.63,0.46,32.69,348.96,-0.53,-0.103,0.842,-0.4,0.2,-0.08,0.32,0.3,0.3,-0.3,7.5,-3.2,4.3,-6.9,-6.7,0.9,-5.5,6.4,3.1,-11.8,0.3,8.3,-5.2,7.1,9.7,7.3,3.9,-8.4,1.8,-2.2,-2.3,-1.4,1.2,-6.5,1.1,-1.2,5.0,5.2,1.8,2.5,0.4,-7.6,-3.7,-3.8,0.2,-2.3,-1.4,-7.4,-1.3,-3.6,1.4,-1.7,-3.6,-2.4,-3.5,-4.9,-5.5,-4.1,1.7,-3.0,-2.6,-1.0,-7.3,2.6,2.1,2.8,1.5,-1.2,3.4,-2.1,3.5,-4.5,-4.1,-7.0,-0.5,-6.1,-9.5,-1.1,0.6,-3.3,-4.0,-1.0,-5.2,-4.4,-4.0,1.5,-10.9,2.2,-5.6,-5.6,-0.9,1.8,0.6,8.9,3.7,6.1,4.3,-0.4,-0.5,-1.5,1.2,4.4,0.8,-1.6,-2.1,5.5,-3.0,1.0,-3.9,4.0,0.6,-1.5,-0.7,-3.6,1.3,-0.2,-2.8,-1.4,-3.5,0.3,-1.1,-4.5,3.2,1.0,3.8,7.3,2.7,-4.7,-2.6,-2.1,2.3,-2.5,-7.4,-6.1,-3.6,-1.4,-3.2,1.4,-3.7,0.3,-5.6,-5.6,-4.2,-6.1,-4.2,-3.8,-1.4,-6.4,-0.2,1.9,11.7,-11.1,-6.5,-0.0,1.8,2.2,-1.5,-0.4,1.5,-1.5,2.9,4.5,4.1,1.8,1.0,-0.1,1.8,1.9,1.6,-0.3,-5.7,-4.0,-3.1,-5.9,-10.0,-2.0,-2.3,-3.0,-4.2,-0.4,2.8,-1.2,-3.3,-0.2,4.2,-1.6,-2.3,-1.6,-14.2,-5.5,-6.1,-0.8,8.6,-5.0,-6.2,-9.8,2.4,0.6,-1.9,-3.2,-11.9,-4.3,-2.0,-1.8,4.4,-10.2,-4.6,-3.0,-0.7,-1.3,-10.2,3.0,1.8,-1.9,-1.9,-2.5,-0.9,0.6
2C7L50wsPy,0,48.099852,11.638572,4443093.04,2777608.33,544.5,590.2,214,7506,2.9,0.82,0.41,32.69,348.96,-0.53,-0.103,0.842,-0.9,0.1,0.05,0.22,1.0,0.2,-0.3,-1.1,-1.6,-3.4,2.6,-6.6,-1.3,-2.3,-3.9,1.0,0.2,-1.2,0.2,7.0,-0.2,1.7,-0.0,-5.8,7.3,-1.9,6.2,-1.7,1.0,-2.4,-2.2,-0.3,2.9,-0.4,-1.7,2.2,1.3,5.0,-0.2,-1.5,0.9,1.5,2.3,1.2,6.9,4.0,4.5,-0.9,-4.9,6.1,1.9,1.6,0.0,-7.7,3.5,3.7,-6.5,0.4,1.2,0.6,0.0,1.7,3.0,-0.9,1.0,-1.6,-0.1,1.7,-3.3,-5.4,1.3,-1.6,-2.2,0.2,-2.8,-1.9,-0.6,-2.5,-2.4,-2.7,-4.5,-2.0,-4.0,-3.2,-2.5,-2.5,-0.5,-1.7,-3.0,1.4,-1.2,0.7,5.4,1.5,-4.5,-1.3,0.4,-0.1,-3.1,-1.6,-2.6,0.0,-1.0,1.1,0.5,0.8,-2.8,-3.2,-0.3,-0.4,0.8,-1.7,-1.2,1.0,-1.1,-0.7,2.1,0.0,0.3,0.4,-0.6,-0.1,0.9,-0.8,1.5,2.0,-1.2,-2.9,-0.8,-1.3,-1.5,-2.8,0.4,-0.6,-2.8,-5.6,-1.4,2.2,1.2,1.7,-2.6,-2.3,-0.5,-0.1,-2.0,-0.0,1.2,-0.3,-5.0,-2.7,-3.3,-3.3,-2.5,-3.2,0.1,-3.0,-6.4,-4.4,-3.4,-5.0,-2.3,-2.6,-3.6,-6.2,-3.9,-3.1,-7.8,-5.7,-1.1,0.2,-0.3,-2.8,-1.6,4.6,-7.1,-7.1,0.4,-0.2,-4.1,-0.3,-0.4,-3.4,-16.5,6.7,-0.8,-0.6,-3.1,-1.3,-7.6,-0.1,-5.8,-1.3,-4.8,-2.9,-1.6,-16.8,-7.0,-1.5,-1.9,-3.3,-5.9,-0.4,-2.0,-0.7,0.5,-3.3,-3.0,-3.5,-2.1,-2.5,-4.3,-2.1,-2.8,-3.7,-6.3
2C7L50wsQ3,0,48.099867,11.638692,4443101.98,2777610.26,538.7,584.4,214,7511,3.5,0.71,0.45,32.69,348.96,-0.53,-0.103,0.842,-0.9,0.2,-0.53,0.27,2.6,0.2,-0.3,-3.5,2.3,1.9,1.1,-1.4,-0.7,-0.1,1.3,0.1,1.3,-5.7,-0.6,10.6,-3.3,-1.1,-14.9,-7.5,-16.6,-2.4,-5.4,-3.3,1.0,-3.7,-2.6,-1.9,1.6,-0.4,-2.8,-1.2,-7.5,4.1,-4.8,-4.8,-3.0,-8.4,-1.8,-6.1,-6.5,-0.3,3.0,1.4,-0.4,2.6,-0.6,3.8,1.5,-2.0,-4.8,3.1,0.9,2.0,-4.9,0.8,-3.3,0.1,5.2,-3.2,-0.4,0.0,-2.5,-1.0,-0.3,8.0,-1.0,2.9,-1.4,0.9,1.6,-2.4,-0.3,-2.5,-2.6,-0.0,-0.5,-2.4,-3.2,-0.5,-2.8,-3.1,-0.2,-1.4,-5.3,-2.8,-3.1,-2.3,-5.6,0.9,-4.6,-2.3,-0.5,-4.1,-17.1,-6.3,-8.0,-4.7,-4.9,1.6,-1.4,0.3,-2.6,-8.0,1.5,-3.5,-0.6,-1.5,1.0,0.2,-0.7,0.0,-2.8,2.0,1.2,2.2,4.7,2.0,-0.6,2.2,2.9,2.4,-0.8,1.2,0.1,0.2,0.5,-4.9,-0.2,-2.1,-2.5,-0.2,-1.6,-2.4,-2.0,-3.0,-6.3,-10.3,-7.3,-4.4,-6.4,-3.8,-2.7,-7.1,-5.4,-1.8,-2.8,-3.7,-4.0,-2.2,2.1,0.8,-9.1,-4.9,-4.4,3.7,-0.4,0.1,-0.5,-1.3,-4.2,-2.9,-2.5,-7.9,-2.6,-3.9,-0.1,-7.9,-8.4,-2.4,-8.1,-12.4,-4.0,-2.8,-3.5,-7.1,0.1,-1.7,0.1,-0.3,1.3,-1.7,-3.7,-4.4,-6.6,-2.7,-8.8,-2.3,-5.1,-3.4,-3.5,-18.3,-16.8,-7.5,-6.4,-10.1,-10.4,-8.5,-16.5,1.9,-6.7,-7.7,-6.6,-4.2,-4.7,-6.6,-3.3,-0.8,-2.7,2.0,4.8
2C7L50wsMu,0,48.098483,11.627768,4442291.47,2777438.45,545.6,591.3,214,7316,4.6,0.52,0.52,32.64,348.96,-0.529,-0.103,0.842,0.7,0.2,0.6,0.35,3.8,0.3,-0.3,3.8,1.8,0.3,2.3,-1.0,4.0,-2.2,0.8,-9.0,-5.6,-1.6,-0.8,-5.7,-2.7,-6.9,-2.5,0.6,-5.5,-7.7,-1.0,-3.7,-1.2,-4.7,-4.7,-4.3,-3.0,-9.4,-0.1,-10.8,-7.4,-27.0,-11.9,-12.7,-7.3,-13.7,-9.6,-6.0,-4.0,-5.0,-7.3,-5.0,1.0,-6.0,-4.7,-7.0,-3.4,-10.4,6.9,-17.5,-5.0,-4.0,-9.6,1.7,-10.3,-7.6,-7.4,0.7,1.2,-2.7,-3.4,-0.4,-2.6,-7.6,-4.4,-0.6,0.4,0.0,-5.8,6.9,-5.2,-5.5,-5.1,1.4,-19.8,-1.4,2.1,-5.4,-5.6,-8.7,-8.1,-8.9,-9.4,-3.6,-7.5,-4.1,-9.7,-7.2,-8.1,-5.3,-6.5,-8.2,-14.7,-18.7,-7.2,-4.8,-10.8,-13.5,-5.7,-1.6,-10.0,-5.8,-9.5,-1.9,-12.0,-2.9,-11.0,-0.6,-3.9,-2.4,2.7,-4.5,-8.1,2.3,0.5,2.4,2.8,-4.3,3.6,0.8,2.2,-0.2,4.0,2.6,-12.0,-1.0,-2.0,-4.1,-7.4,-9.2,-8.6,-4.6,-0.7,-3.2,-6.4,-5.1,-3.5,-6.3,-4.6,-5.2,2.5,-2.5,1.6,8.4,7.3,2.3,3.4,-8.3,2.1,0.4,5.0,-4.9,-0.5,1.7,-9.6,-4.8,-7.6,-5.4,-9.7,-6.1,-5.7,-4.4,-4.9,-2.5,-6.4,-8.0,-1.9,-20.0,-10.1,-10.5,-4.2,-5.3,-2.9,-5.6,2.2,2.8,-2.5,2.2,5.8,-5.1,0.0,6.4,-0.8,-15.2,0.7,-1.1,-5.9,-4.1,-8.5,-2.1,-7.3,-3.2,-4.2,-1.4,-6.9,-2.5,-3.6,-1.9,-7.0,-7.5,9.2,2.5,0.5,5.9,5.9,-2.8,3.5,2.2,3.7
2C7L50wsNB,0,48.098602,11.628694,4442360.16,2777453.19,544.8,590.5,214,7333,2.5,0.85,0.36,32.65,348.96,-0.529,-0.103,0.842,-0.7,0.1,-0.42,0.2,0.8,0.2,-0.3,-1.4,-6.2,-1.6,4.1,-0.2,-1.6,2.9,-1.1,0.7,6.9,0.9,-0.3,3.6,1.1,3.2,1.0,0.1,1.7,4.5,2.8,-1.1,6.6,1.4,0.9,5.9,4.2,0.9,5.6,2.4,-1.1,-0.2,-2.0,-2.8,0.2,-1.5,0.9,2.2,3.5,2.9,2.1,-1.4,1.3,2.7,2.6,2.6,2.5,1.8,1.6,1.5,-0.3,1.6,3.7,3.6,1.5,1.1,1.3,2.6,0.6,2.0,2.1,4.8,3.8,3.5,3.8,-2.8,4.3,1.4,3.2,5.4,3.7,0.0,7.7,3.3,2.3,5.8,6.7,2.2,1.7,3.1,3.5,2.1,3.5,1.7,4.8,1.4,3.4,3.7,0.4,0.7,1.0,0.4,-2.7,-0.5,3.8,-0.1,2.1,1.4,4.1,2.7,0.1,1.4,0.1,2.9,1.4,1.8,1.7,1.2,-0.9,-0.7,3.1,1.0,3.2,2.8,0.2,1.0,2.9,-3.2,1.5,4.2,-2.1,-0.9,-0.3,3.4,2.8,3.0,1.6,-1.4,2.1,1.0,-1.9,6.1,0.3,0.7,-1.5,-2.6,2.2,1.1,2.9,3.0,1.5,-2.8,1.6,0.2,1.2,1.3,4.0,4.2,-1.7,0.5,-0.2,-1.5,-1.2,-1.4,-3.9,4.9,2.2,-0.6,-1.9,-2.4,-2.5,3.3,0.1,1.0,-1.7,-3.0,-0.0,2.9,-15.3,0.9,-1.4,-1.9,-0.2,-1.3,-2.9,-11.3,-4.6,-2.4,-2.7,9.2,-1.1,-0.4,-1.3,-0.3,-0.8,1.5,0.9,-1.4,5.5,-1.8,-4.2,-2.2,0.5,1.5,-1.7,0.8,-0.5,-0.9,-2.0,2.0,0.6,-3.0,-1.0,-4.4,-2.5,-1.7,-4.3,2.1,-0.1
2C7L50wsNp,0,48.09888,11.630858,4442520.7,2777487.64,539.3,585.0,214,7373,2.6,0.84,0.36,32.66,348.96,-0.53,-0.103,0.842,0.2,0.1,0.13,0.2,0.5,0.2,-0.3,2.9,-2.9,-2.1,-3.3,-3.9,4.7,0.0,4.3,-1.5,2.0,1.8,4.0,-4.1,-0.5,-1.1,-2.9,0.2,4.0,2.1,4.5,0.1,3.1,2.1,0.1,2.4,1.4,1.1,6.7,3.1,1.8,0.3,-7.7,-3.4,0.5,-6.3,0.2,-3.7,-0.1,-0.3,0.8,-1.3,-3.1,1.6,0.6,-0.2,-0.7,-0.4,3.0,-2.0,1.6,-1.0,-0.9,-2.3,-2.7,-0.7,1.5,3.8,0.7,2.0,1.5,0.4,0.8,2.4,1.6,3.3,3.0,0.1,4.6,0.5,-3.0,0.4,-2.8,1.6,-3.7,1.0,-3.4,0.9,1.5,1.3,1.7,1.6,-5.9,-1.4,2.8,-0.9,-1.2,2.2,2.8,4.1,-0.8,-3.9,0.3,0.3,-4.7,-4.3,-1.8,0.6,-1.9,1.7,2.7,4.2,1.5,-0.8,0.2,2.2,2.3,3.0,2.9,2.8,3.4,1.9,2.2,0.5,-0.7,-0.4,-0.1,-3.7,1.8,-0.4,-0.6,1.7,-0.1,0.5,-0.4,1.2,2.5,2.6,2.5,1.9,1.6,2.8,1.8,5.3,0.9,-5.7,0.6,-1.2,-2.0,-0.4,1.6,-1.6,-3.0,-2.7,-5.2,-3.5,-4.4,-0.7,-0.9,5.2,2.3,1.2,2.2,1.4,1.1,1.4,1.6,-0.5,1.3,3.3,1.5,-2.3,-6.3,2.9,-1.1,1.4,2.8,-0.3,-4.2,-1.3,-1.9,0.6,0.5,1.8,1.3,0.2,4.3,1.7,3.4,3.0,1.9,-1.2,-1.0,0.3,2.0,0.3,-0.3,4.9,4.6,2.1,3.5,-0.6,2.9,2.4,-3.3,7.9,1.0,5.1,5.7,4.8,5.5,3.7,-2.6,0.6,1.0,0.5,-2.9,-3.4,-3.5
2C7L50wsOc,0,48.099251,11.633748,4442735.16,2777533.64,544.8,590.5,214,7422,3.7,0.73,0.45,32.67,348.96,-0.53,-0.103,0.842,-0.6,0.2,-0.24,0.28,0.6,0.2,-0.3,-6.7,-2.9,-0.9,0.1,-1.1,9.9,-0.8,-1.1,1.1,9.6,-2.5,1.3,2.1,3.1,2.3,2.7,2.0,3.7,0.8,1.9,1.1,3.2,0.2,4.0,0.2,2.6,0.7,-7.8,-5.9,-4.0,5.3,-0.2,-0.2,0.9,0.3,-2.0,3.3,0.7,1.3,3.1,3.8,6.3,-2.2,2.3,-4.4,5.0,1.2,5.7,0.3,-11.1,2.5,-0.3,2.2,-0.4,-0.3,2.0,10.8,4.1,1.2,1.3,1.4,-1.4,11.1,-1.9,7.2,5.8,2.7,10.1,0.2,0.1,4.2,7.0,-1.3,1.1,3.4,2.1,1.4,0.3,3.2,1.8,1.0,2.0,2.2,1.2,3.4,3.9,2.0,1.3,3.3,1.8,-2.0,-7.5,-3.5,-1.4,-1.9,2.3,-3.0,2.0,1.2,-0.4,4.8,0.4,2.4,5.9,2.1,3.4,0.3,1.9,1.2,1.3,-0.1,0.2,-0.1,-0.7,0.1,-0.6,-2.7,-2.3,1.7,3.9,0.5,1.4,6.0,0.2,0.2,1.6,5.5,0.9,0.9,-2.8,4.7,-1.8,0.1,-2.1,-6.4,1.2,0.6,-0.8,2.7,3.0,-7.6,1.2,-3.6,-2.2,-3.4,-3.4,-11.2,-0.1,0.1,-5.6,3.2,-2.1,-1.4,-1.7,2.0,0.8,-2.2,-0.3,2.7,2.1,1.2,3.1,0.2,-1.4,-2.4,5.9,6.9,0.1,-0.7,0.8,2.3,-1.6,4.5,-13.0,9.7,-1.6,-11.4,-2.1,0.2,-4.3,-1.7,-3.1,-2.7,-2.0,-2.5,-1.2,-7.7,-2.0,-4.7,11.1,-5.5,5.0,2.4,-6.6,1.1,-0.8,0.5,-4.4,8.5,-1.3,-0.9,0.6,-3.7,-2.9,-2.1,-7.0,-1.5,0.3
2C7L50wsQ1,0,48.099871,11.638576,4443093.34,2777610.48,538.9,584.5,214,7509,3.5,0.76,0.43,32.69,348.96,-0.53,-0.103,0.842,-0.6,0.2,-0.79,0.28,1.2,0.2,-0.3,0.1,3.8,-3.6,1.9,-5.0,-0.8,-0.8,-10.7,-0.7,2.2,0.3,0.9,-0.6,0.0,2.4,1.9,0.2,5.3,-1.5,3.2,-0.8,-0.2,0.4,1.3,2.5,3.6,2.0,-2.8,2.1,-2.8,-19.9,-2.6,-0.9,2.9,2.0,8.1,-11.7,8.7,0.4,4.9,-1.4,3.1,9.2,1.2,3.7,2.5,-15.6,6.9,5.9,8.2,6.0,8.5,6.2,-4.5,9.1,8.8,0.8,0.7,1.9,2.5,4.1,3.2,7.2,2.4,2.9,2.6,3.5,1.9,3.2,0.6,1.4,2.4,1.5,2.2,1.4,4.5,5.4,4.0,3.7,3.4,1.8,3.2,-0.3,0.0,2.0,4.8,3.7,3.9,0.4,0.9,-0.6,3.4,0.9,-0.8,0.6,-1.1,7.8,-3.0,3.9,-1.4,2.2,1.3,7.5,3.1,-2.2,10.6,4.7,5.2,3.7,2.2,1.7,1.4,5.4,3.2,3.4,1.5,2.1,2.4,3.5,-0.3,0.4,0.6,1.3,0.4,-1.0,2.9,0.5,-2.9,-2.1,-4.2,3.9,1.1,3.4,-2.7,-3.0,2.0,-4.9,-1.6,-1.9,6.5,1.1,-0.6,-1.8,1.5,0.4,-0.8,-0.0,1.8,4.3,-2.7,-1.4,-0.2,3.5,1.0,2.1,-0.5,-0.4,0.0,-2.3,-3.3,-1.1,-1.1,-0.6,-2.8,-4.4,-1.6,3.7,-5.2,-7.2,-0.8,-0.6,-0.9,3.8,1.4,0.2,3.8,5.3,2.3,-0.3,-1.3,-0.4,-1.9,-0.3,3.2,2.0,-4.4,-1.3,-3.7,5.2,-6.6,-1.9,-0.8,-1.5,-5.4,-3.0,-2.9,0.7,-5.5,-3.4,-6.3,-2.6,0.1,-4.1,-1.7,1.5,2.0,3.2,2.2
2C7L50wsQ2,0,48.099872,11.638587,4443094.16,2777610.66,536.6,582.3,214,7510,1.9,0.9,0.32,32.69,348.96,-0.53,-0.103,0.842,-0.9,0.1,-0.28,0.15,0.9,0.1,-0.3,0.3,-3.3,-0.6,-0.2,-1.5,0.2,1.4,-1.3,-0.4,1.6,0.3,1.5,-3.1,-0.2,-1.1,-0.6,-0.3,-2.0,-1.5,-4.7,-2.0,0.6,-0.3,-0.2,-0.2,1.8,0.9,-0.9,-2.4,-2.2,0.3,-6.9,-4.2,-0.8,-1.7,3.4,-0.4,-0.8,-4.7,-0.6,2.4,1.7,-1.6,0.2,0.1,1.5,0.5,-1.2,2.9,0.8,1.1,4.2,8.1,1.0,0.3,1.1,-0.5,-1.2,0.7,-0.5,-2.2,-0.1,-0.2,0.7,-2.9,-0.6,-0.9,-0.5,-0.2,-0.6,-0.7,-0.5,-0.9,-0.8,-0.1,-1.0,-1.1,-1.3,-1.2,0.1,-0.5,-1.7,-1.0,-1.8,-1.9,-2.3,2.0,-0.7,-2.1,-2.4,-3.0,-4.4,-4.1,-5.3,-3.0,-0.2,-5.4,6.9,-0.9,1.0,0.2,3.2,1.3,0.0,1.3,0.6,-1.1,0.2,-1.2,-0.1,4.0,2.2,1.0,4.3,3.0,0.2,-0.9,-1.7,-3.2,-1.3,-0.3,-0.9,-1.9,-1.9,-3.0,-1.8,-1.1,-2.1,-2.9,-1.7,-0.4,-3.8,-1.4,-2.6,-5.4,-3.5,-2.9,-6.2,0.3,-2.0,-2.9,-1.3,-6.2,-4.5,-1.5,-2.1,0.6,-4.6,-3.5,0.1,-2.8,-2.0,-1.7,-1.3,-0.8,-1.3,-1.9,-1.6,-1.6,-0.4,-2.6,-2.1,-4.9,-4.5,-6.2,-2.2,-2.9,-7.5,-4.6,-4.8,-2.3,-1.6,-3.1,-4.3,-1.6,-2.4,-1.1,-3.5,1.4,-3.3,-5.4,-2.8,-4.9,-3.8,-3.3,-2.4,-1.3,-2.4,-4.5,-4.5,-3.8,-2.2,-5.2,-5.7,-4.1,-5.8,-5.7,-3.6,-4.3,-3.5,-2.9,-3.4,-4.0,-2.9,-2.1,-4.2,-4.7,-3.1
2C7L50x9PP,0,48.098258,11.625873,4442150.79,2777410.35,545.1,590.8,215,7283,3.4,0.74,0.42,32.64,348.96,-0.529,-0.103,0.842,-0.6,0.2,0.17,0.26,1.2,0.2,-0.3,3.4,2.0,-1.4,-0.7,-0.9,1.2,-0.5,0.3,1.3,-12.4,0.7,3.2,0.0,1.7,-1.9,-0.6,0.3,-4.1,1.2,0.5,-2.4,-3.6,-2.7,-10.7,-3.8,3.7,-2.4,1.2,-4.8,-6.2,4.2,-3.4,-5.9,-5.6,-8.1,-2.5,-0.6,-2.2,-1.8,-1.2,4.2,1.8,-3.9,-2.7,0.7,-0.5,-0.0,0.3,-0.4,-1.1,0.8,-0.9,-3.6,-2.0,-3.1,-1.8,-1.9,-0.6,-1.0,-3.2,0.7,1.0,-7.3,0.9,3.1,1.0,0.3,-3.7,-0.6,-4.3,-0.1,-3.2,-1.5,-4.1,-3.5,1.6,-5.5,-2.0,-4.6,-13.1,-6.7,1.2,-5.8,2.5,0.8,-3.2,5.9,2.1,0.8,-7.8,-1.1,-1.7,-1.0,0.4,-3.3,-7.0,-1.0,-9.0,-1.9,9.7,4.9,-7.5,-0.0,-1.5,0.5,1.2,3.0,-2.1,-4.4,-5.6,-2.1,-3.2,-3.9,-5.2,-3.4,-2.3,-6.1,-2.8,1.0,-1.0,1.0,-2.4,-3.0,-2.6,-1.5,-4.6,-4.5,-2.5,-5.7,-4.8,-0.8,-3.1,5.6,-5.0,-4.2,-2.6,0.1,3.0,-1.1,4.1,-0.3,0.4,-5.1,-4.9,-5.8,-4.1,-4.3,-0.1,-0.4,-2.2,-5.2,-2.9,-1.1,-3.8,2.0,-1.3,-5.5,-6.4,-1.2,-7.2,-5.4,-5.7,-2.7,-6.7,-9.6,-9.7,7.3,-10.7,-2.8,-2.5,-0.7,0.3,-1.5,-6.8,-0.9,5.2,-5.1,-2.6,3.6,-2.6,0.2,-1.8,-4.8,-5.1,-3.9,-3.7,-14.4,-7.2,-4.6,-5.1,-9.5,-4.6,-2.3,-6.6,-8.0,-3.3,-5.1,-0.6,4.8,0.4,-2.5,-3.1,-3.7,-1.5,-1.3,-1.2,-2.7,-1.2
2C7L50x9QT,0,48.098709,11.62938,4442411.0,2777466.2,532.3,578.0,215,7349,4.6,0.62,0.4,32.65,348.96,-0.53,-0.103,0.842,0.4,0.2,-0.07,0.35,1.3,0.3,-0.3,2.7,8.5,6.7,-1.4,-0.7,-6.5,0.8,0.1,3.1,0.9,2.0,-3.9,1.5,2.4,0.3,2.9,3.7,4.1,2.2,4.1,4.1,12.2,5.4,7.0,3.7,4.7,7.3,-11.3,9.0,3.2,-3.1,1.3,2.3,5.6,-0.2,-0.5,1.8,6.9,2.2,6.9,6.3,-10.7,1.7,-3.6,3.9,2.1,-3.6,-2.1,0.7,-4.1,1.1,1.8,1.1,3.6,0.3,6.5,-2.8,0.6,-0.5,-0.9,0.9,0.5,-4.0,2.5,0.9,-5.2,0.3,1.2,-0.3,2.3,-5.9,2.3,1.2,-1.7,6.3,-11.2,5.0,4.5,3.1,2.1,4.5,4.9,6.0,2.8,2.5,6.0,2.8,1.3,7.2,4.4,6.8,-3.1,-8.0,7.0,8.5,4.4,-0.2,8.0,8.5,4.3,6.2,13.0,7.9,2.7,5.6,5.3,8.6,3.1,0.4,4.4,6.2,2.2,2.8,0.8,2.9,3.5,-11.6,2.8,3.3,0.7,1.4,3.2,2.5,8.4,11.8,5.2,-2.1,6.0,1.8,3.4,7.2,5.5,-1.7,6.6,3.4,6.8,7.0,4.4,1.7,3.7,1.9,1.0,3.1,2.0,3.9,5.5,-2.8,2.3,6.4,10.8,-6.0,1.4,2.6,6.7,4.3,0.7,-1.0,5.4,2.9,-6.2,2.1,7.3,3.7,-13.0,2.3,-2.9,3.5,9.7,2.6,-0.6,6.2,9.9,2.4,-6.5,-10.1,-3.6,-1.1,-2.3,11.3,-12.0,10.7,10.3,4.7,8.3,6.8,10.6,-0.5,5.8,10.1,7.3,2.1,3.6,-4.9,7.7,9.7,6.3,9.3,2.4,0.8,3.0,-4.9,7.6,2.2,6.4,9.2,2.1,1.6,-0.2
2C7L50x9QW,0,48.098754,11.629736,4442437.44,2777471.85,541.9,587.6,215,7352,3.1,0.78,0.46,32.65,348.96,-0.53,-0.103,0.842,-0.3,0.2,0.31,0.25,1.1,0.2,-0.3,0.5,-4.8,-4.8,11.7,12.5,1.7,0.1,0.5,-0.5,3.7,1.4,1.7,0.6,1.1,0.7,-0.4,0.0,1.9,-0.0,-1.2,1.2,-1.0,-0.0,-1.4,0.4,-3.2,3.3,1.8,0.9,-7.1,-0.4,-4.9,-1.4,0.6,-2.3,-2.6,2.6,7.4,6.2,0.0,3.6,-0.4,-7.0,-2.8,4.1,2.1,0.6,0.4,0.6,0.7,-1.8,0.7,2.2,3.5,1.8,-0.5,2.5,1.8,2.7,3.5,5.6,5.2,3.4,8.2,3.5,4.6,-2.0,-6.1,3.5,3.5,6.3,2.9,0.4,9.4,4.1,-0.2,2.5,2.1,-2.0,0.4,1.7,-0.3,2.7,2.3,2.2,1.1,2.4,3.4,2.6,2.0,1.1,0.8,-0.9,-1.4,-1.6,-3.2,3.8,3.2,1.5,1.1,-2.6,-1.7,3.5,2.5,-0.6,0.5,-0.2,0.5,-0.1,3.4,2.2,1.1,2.0,2.8,2.9,1.8,0.4,-0.0,0.3,2.6,-0.4,0.1,5.1,1.4,2.5,2.5,3.7,1.7,-0.3,2.9,-1.3,0.0,-0.5,0.8,0.1,2.3,2.4,0.3,0.3,-0.9,-1.8,-2.4,-1.9,-2.6,1.5,1.0,4.8,0.9,1.9,0.4,2.0,1.2,-2.6,0.7,-1.8,0.9,0.3,-2.5,2.1,-3.5,-1.0,-3.3,-2.3,-9.4,-7.9,-1.3,-0.8,-4.6,-3.5,-2.2,-12.3,-1.9,-15.7,3.1,-1.6,-1.5,-1.9,-2.2,8.5,0.2,-0.6,0.4,-3.6,-1.2,-1.1,-5.8,-0.1,-4.4,-1.4,-0.3,2.4,2.8,0.7,-1.0,1.4,8.0,7.4,6.4,4.6,5.1,4.9,4.1,3.5,3.8,0.5,0.6,2.3,1.2
2C7L50x9Qx,0,48.09895,11.631261,4442550.6,2777496.12,542.2,587.9,215,7379,3.9,0.7,0.56,32.66,348.96,-0.53,-0.103,0.842,-0.9,0.2,0.3,0.3,1.6,0.3,-0.3,-1.0,-3.2,-1.8,-1.9,-0.8,5.9,0.9,-0.7,-1.1,0.4,1.0,-0.0,-0.9,-5.4,-6.4,0.3,-9.5,1.1,0.7,-1.6,-0.8,8.4,6.4,2.2,-3.9,-9.4,-1.1,-5.8,-2.0,-6.9,-2.2,-10.4,-4.0,2.8,-4.1,-0.6,0.1,-0.0,3.0,-0.4,-2.6,0.5,-4.2,-2.9,-2.6,-2.9,0.5,2.0,-1.6,-1.8,-1.8,1.8,-0.7,-1.6,-0.2,5.6,0.7,-5.1,-0.8,2.6,0.2,-2.0,-1.2,-1.9,-12.3,-1.3,-3.0,3.0,-6.7,0.9,1.0,2.4,-3.2,-0.7,0.8,-4.5,-2.3,-4.7,-5.6,5.3,-7.1,6.5,2.2,-7.6,-1.0,-8.7,0.3,4.3,-17.7,-0.6,-3.4,-3.6,-0.4,3.0,-6.9,-10.9,-2.8,-8.5,-6.3,-3.4,-10.7,-6.9,-16.0,-2.2,0.4,-2.5,-3.1,-6.7,-1.9,-3.4,-2.8,-3.0,-4.0,-3.6,-2.0,2.4,-11.7,-3.3,-2.5,-4.9,-5.7,-5.4,-3.8,-3.4,0.2,3.6,-1.0,-1.2,-2.6,-1.1,-2.0,0.6,0.2,-21.1,0.6,2.3,-3.5,-10.4,-6.5,0.1,1.7,-4.0,-6.3,-7.2,-3.5,-3.1,0.7,-2.5,-1.3,-2.7,-4.8,-3.6,-2.0,-5.3,-4.1,-5.7,-4.0,-3.9,-4.9,-4.5,-6.7,-8.3,-4.4,-7.0,-12.1,-0.0,-16.2,-9.5,-9.5,-9.4,-5.9,-3.1,-5.2,-4.2,-0.8,-4.1,-4.2,-2.6,5.3,-1.9,-3.4,-4.2,-6.2,0.1,-5.0,-2.8,-3.4,-2.2,-4.8,-8.8,-4.4,-4.6,-9.4,-11.1,-6.2,-9.2,-9.4,-7.7,-5.4,-3.2,-5.0,-7.3,-4.8,-2.3,-5.4,-2.0,-2.8,-0.3
2C7L50x9RI,0,48.099093,11.63237,4442632.88,2777513.78,538.6,584.3,215,7400,2.6,0.8,0.42,32.67,348.96,-0.53,-0.103,0.842,-0.2,0.1,0.44,0.2,1.8,0.2,-0.3,0.6,-1.1,1.0,1.0,-2.5,0.9,0.6,5.0,3.6,-3.5,3.1,6.4,2.9,2.9,1.0,3.4,2.9,2.7,2.8,3.3,-0.6,2.3,7.9,3.1,7.7,0.4,3.5,2.0,1.8,0.6,5.4,-4.1,-3.9,1.9,-4.5,1.1,1.9,3.4,2.2,2.5,0.1,-3.3,-0.7,0.9,-2.9,1.0,0.0,0.7,-0.0,-4.1,-0.7,-1.3,-2.7,-1.7,-6.7,-1.5,-1.5,-1.8,-5.4,-4.2,-1.1,0.1,-3.0,-2.9,8.5,-3.8,-0.4,-5.0,-2.0,-0.9,0.5,0.7,0.8,-1.4,0.4,1.2,-1.1,0.5,4.9,6.4,2.5,3.8,5.9,3.5,3.9,4.3,5.4,0.5,-0.7,0.3,-0.0,0.4,-3.0,-3.7,-3.2,-2.5,-3.6,1.2,0.1,1.2,3.0,1.2,1.9,1.6,1.4,5.3,4.5,-0.0,-3.0,-0.0,1.8,-3.3,-1.7,-0.2,-5.0,-4.2,-2.7,-1.7,-3.8,-3.6,-4.2,0.4,-3.3,1.0,2.4,1.4,1.9,3.6,2.5,4.5,2.0,2.5,5.4,-0.4,-1.9,-2.9,-0.9,-4.1,1.3,1.4,-1.0,-4.5,-3.9,-1.5,-1.0,-1.6,-3.7,-2.5,-2.2,-1.3,6.2,-1.1,-1.4,-1.2,1.1,-1.4,-2.1,-1.6,1.4,1.1,1.5,-1.5,-4.2,-4.4,8.0,2.0,-0.5,-2.6,-2.6,0.3,-0.8,-3.8,-5.9,-2.0,-2.0,-4.4,-2.2,-1.4,7.2,2.2,0.9,1.8,1.9,4.7,2.2,-0.5,-1.0,-1.0,-0.7,0.8,2.0,-0.9,1.9,-3.9,4.3,1.9,2.4,2.6,-1.6,0.5,-2.2,-1.1,-0.4,-1.0,-4.1,-3.4,3.2,0.0
2C7L50x9Sa,0,48.099703,11.637125,4442985.64,2777589.44,546.9,592.6,215,7480,3.1,0.77,0.44,32.69,348.96,-0.53,-0.103,0.842,-0.3,0.2,-0.6,0.24,1.4,0.2,-0.3,-0.9,-3.4,-0.7,-1.4,-1.9,-0.4,-0.1,-1.3,-3.0,-5.2,-2.8,-2.1,-0.5,0.2,-1.1,-1.7,-2.6,-1.4,-1.6,-4.5,0.1,-1.5,-0.0,-2.6,2.5,2.7,0.8,-0.1,2.0,-7.4,2.2,-7.9,-8.6,-1.8,-2.1,-5.5,-2.6,-5.3,9.7,-6.9,-7.8,-8.3,-3.5,6.0,2.4,10.6,8.5,0.2,2.2,3.9,4.4,0.9,0.3,1.7,-0.8,-0.9,-1.8,-0.7,-0.4,-0.8,-2.1,-0.8,-4.7,-3.0,1.3,-0.2,-2.9,-4.9,-2.1,-2.5,-1.8,-8.1,-4.3,-5.0,-6.3,-6.3,-2.7,-3.7,-7.0,3.7,-3.3,-8.2,-7.4,-3.2,-3.9,-6.7,-6.5,-8.2,-5.1,-2.3,-4.0,1.5,-3.8,-3.8,1.3,-1.0,1.5,-1.0,-1.6,0.6,2.1,-0.9,-0.7,2.7,-2.7,-1.6,0.1,0.2,-1.9,0.2,-1.5,-0.2,1.7,-0.0,-3.8,-1.1,1.9,1.8,8.1,1.8,-0.1,4.7,0.3,-0.2,-4.3,-1.5,1.0,-2.1,-2.7,-1.7,5.0,-1.0,1.1,0.9,-2.1,-0.2,4.6,-2.6,2.6,-1.4,-2.7,-1.3,-2.9,0.3,6.2,-0.6,-0.2,0.8,1.5,-4.9,-0.6,-0.9,-4.5,-0.3,-1.4,-1.4,-2.1,-2.7,2.7,1.8,0.1,-0.8,-0.4,-3.2,-5.2,1.7,-1.4,-2.4,-2.5,-0.5,-1.6,-5.0,-3.1,0.3,-0.2,-0.9,-5.7,-3.6,-0.7,-1.9,-0.4,-2.1,0.7,-2.3,0.1,-3.7,-1.9,-3.5,-2.7,-5.9,-5.0,-6.1,-4.4,-6.7,-5.9,-4.7,-4.6,1.0,-0.6,0.8,-0.9,-1.6,-12.1,-10.0,0.4,-0.3,-2.4,-1.7
2C7L50x9PR,0,48.098301,11.626063,4442164.88,2777415.43,548.8,594.5,215,7285,3.9,0.71,0.44,32.64,348.96,-0.529,-0.103,0.842,-0.6,0.2,0.05,0.3,0.7,0.3,-0.3,-2.2,0.8,4.3,0.6,-0.6,-3.1,0.9,2.0,1.5,-3.7,3.8,-0.6,5.3,3.3,1.1,3.7,2.6,4.9,-2.0,-2.3,0.4,1.3,1.2,1.9,0.1,1.5,1.8,-1.3,-4.9,-6.5,1.3,-2.5,-5.8,0.3,-7.5,-1.7,-4.3,4.1,0.2,-1.0,0.1,-2.8,-1.0,-5.4,2.6,-1.1,-0.1,-3.3,0.9,2.7,8.8,2.7,1.5,2.0,8.2,4.2,-3.6,5.1,-13.7,6.1,-1.0,1.0,6.2,0.2,-3.2,1.5,-1.6,-2.3,-1.8,-3.2,-14.0,-5.9,-16.4,-2.0,-0.6,-0.4,2.6,2.3,0.3,-6.4,2.0,-0.6,5.0,1.0,-0.7,3.1,1.0,1.9,0.7,-0.6,1.6,2.6,4.3,-0.0,1.6,2.6,-3.2,3.5,-1.4,2.6,0.5,-2.7,8.6,0.2,1.0,5.3,1.4,2.8,2.5,0.8,0.7,0.3,-2.6,-1.9,4.7,-6.4,-9.6,1.5,-3.0,2.9,-0.5,-2.5,-1.0,-1.4,1.9,0.5,0.6,1.0,2.2,-0.3,-8.6,-5.2,10.0,0.5,0.1,0.8,1.2,7.0,-0.5,6.3,-0.4,-1.1,-3.0,1.8,1.8,1.6,2.5,-0.6,-3.1,1.5,-5.2,-4.0,-5.4,-5.0,-4.7,-8.7,-3.2,-1.8,0.2,-3.3,-2.8,-8.6,2.0,-3.0,-2.6,2.9,-0.1,-4.0,-5.0,-2.1,-1.3,0.1,-7.4,-7.0,-5.3,-5.1,-2.5,-2.3,6.6,-4.4,-2.2,-3.3,-0.7,-3.4,-0.8,-1.9,-4.4,1.7,-5.4,-1.0,-2.6,-3.2,-2.4,-3.4,-1.6,9.3,-9.2,-1.8,-4.5,-2.5,-9.7,6.6,3.0,-4.4,-3.5,5.2,-0.2,4.1
2C7L50x9Pq,0,48.09847,11.627381,4442262.67,2777436.42,544.2,590.0,215,7310,3.1,0.78,0.37,32.64,348.96,-0.529,-0.103,0.842,-1.2,0.2,0.37,0.25,0.8,0.2,-0.3,-1.4,-1.8,0.5,-1.7,1.2,1.0,2.4,1.1,-1.6,1.3,1.9,-0.0,-2.3,-1.5,-1.4,-2.3,4.1,-8.2,2.0,5.2,2.2,1.3,2.0,0.1,3.0,0.5,-0.0,-1.9,-3.6,-1.0,-10.1,-4.8,-3.9,-1.6,-7.2,-2.7,-0.2,0.9,1.5,-3.2,2.7,2.5,-0.3,1.4,0.8,2.0,-1.2,0.7,2.1,2.2,0.5,-0.9,-2.3,0.2,-0.2,-2.4,-2.4,-0.1,0.6,1.8,0.4,-1.0,-3.9,2.4,2.5,1.0,0.8,-1.2,0.9,2.0,3.1,1.2,1.0,2.7,-1.0,1.9,1.9,1.4,-0.5,-2.4,-0.9,0.7,1.7,3.5,1.7,-2.4,1.9,2.8,-0.6,-0.2,0.2,-6.7,-5.4,0.8,-0.4,0.2,-3.1,3.6,-0.8,-5.2,0.4,1.0,4.1,4.3,2.4,1.7,3.2,1.6,3.1,2.0,0.4,0.8,1.2,1.8,-1.4,-7.6,-12.5,-3.0,-4.7,-1.8,-9.1,-1.1,-5.9,-3.5,-3.0,-3.3,-9.5,-3.3,-6.0,-4.0,-6.3,-6.5,-15.7,0.1,-5.3,-0.7,-3.1,0.2,-1.6,1.2,0.4,-7.6,-2.8,0.6,-1.3,0.5,-2.7,-5.1,-5.8,-5.5,-5.4,-6.7,-6.8,-5.8,-5.7,-4.5,-4.5,1.5,-8.8,-16.2,-9.0,-4.6,-1.7,-5.5,-7.5,-4.2,-6.2,-9.4,-6.6,-4.6,-6.6,-2.0,2.9,-2.4,-3.8,-5.8,-7.0,-4.7,7.4,-1.4,-2.7,-0.1,-3.4,-3.1,-2.5,-3.0,-6.4,-7.3,-3.1,-5.7,-2.2,-4.3,-4.5,-6.3,-5.1,-7.7,-2.7,-1.7,-5.1,-1.2,-3.6,-1.8,-1.4,-4.6,-1.8,-5.6,-3.3,-0.7
2C7L50x9RN,0,48.099151,11.632678,4442655.68,2777520.74,539.4,585.1,215,7405,3.1,0.78,0.41,32.67,348.96,-0.53,-0.103,0.842,-0.6,0.2,0.07,0.24,1.3,0.2,-0.3,-1.7,-1.5,1.5,-0.2,1.4,0.6,1.3,-1.1,1.0,-11.5,-2.2,-1.3,1.7,2.0,2.3,1.9,3.1,2.2,0.1,1.0,1.2,2.2,2.2,6.1,6.0,3.5,-0.6,3.9,1.7,-8.0,-4.5,-2.7,-2.4,3.4,4.7,0.6,4.6,2.9,3.3,2.9,8.8,7.8,7.2,1.6,1.1,-0.3,-6.6,1.2,-2.6,0.8,1.5,1.7,6.6,2.8,-0.5,0.9,0.1,-0.8,-0.7,-1.5,-0.6,-2.5,-1.1,0.7,3.2,-1.9,-2.9,-2.8,-2.3,-0.8,-2.7,-3.7,-3.8,0.0,1.3,2.9,1.5,-0.1,0.2,1.6,0.6,0.8,-2.0,4.6,5.1,1.0,6.1,6.1,6.0,1.4,-1.9,1.5,-0.8,0.0,-0.0,0.8,0.9,0.5,2.4,-1.0,-2.3,2.7,-2.0,3.0,2.6,0.1,-1.3,0.9,1.9,2.7,-0.7,0.4,-0.6,-1.3,0.6,-4.2,-1.8,-4.8,-6.0,-1.8,-4.9,-3.8,2.6,-0.7,3.0,1.5,-3.0,1.3,-12.0,-1.8,-1.2,-1.2,-3.7,0.5,-2.1,4.6,-0.1,-1.3,-1.0,-0.5,0.8,-4.2,-5.6,-2.4,-4.2,-1.9,-1.8,-1.6,1.1,3.0,-1.1,-4.7,-0.5,-1.3,-1.4,6.1,-1.9,0.6,3.9,-0.7,-3.1,6.6,1.1,-1.8,-6.0,-5.1,2.2,-2.7,-4.7,-0.7,3.3,-1.5,0.6,6.6,5.1,-1.3,-4.1,-4.1,-13.6,-3.0,-1.3,-2.5,-0.4,-1.9,-1.7,-2.6,1.3,0.0,2.0,0.9,-1.1,-3.7,5.3,-3.7,-0.7,-0.1,-0.0,-3.0,3.2,-3.1,-9.4,-2.0,0.9,-4.1,0.6,-4.2,-6.6,-3.4
2C7L50x9Sd,0,48.099727,11.637168,4442988.74,2777592.18,540.9,586.6,215,7483,2.4,0.85,0.39,32.69,348.96,-0.53,-0.103,0.842,-1.0,0.1,0.87,0.18,0.9,0.2,-0.3,1.8,-4.7,-0.2,2.3,-1.5,-1.1,0.2,-2.1,-2.4,5.2,-2.0,0.3,-0.6,-0.8,-4.4,-5.0,0.1,0.4,-2.3,-5.0,-5.9,-3.4,-3.3,-4.2,-3.3,-3.0,0.2,-0.7,0.8,-5.4,3.5,-11.7,-3.9,1.6,-5.8,1.3,-5.1,-4.1,-3.6,-4.6,-4.0,-4.2,-3.3,-3.5,-2.7,-4.8,-2.0,-6.2,-4.4,-1.5,-2.8,1.1,-0.0,-1.3,-4.1,-3.2,-2.7,-2.8,-2.1,-1.7,-4.3,-2.0,-6.1,-2.4,-9.4,-5.9,-2.6,-4.8,-4.5,-6.0,-4.5,-4.8,-2.1,-5.6,-7.0,-3.8,-5.6,-6.0,-5.8,-6.5,-2.8,-3.7,-2.8,-4.3,-5.7,-4.4,-4.1,-7.6,-7.2,-9.5,-5.3,-7.2,-7.1,-10.6,-10.8,-3.6,-10.1,-6.8,-8.6,-4.2,-2.1,-7.9,-4.7,2.3,-3.0,-4.8,-2.8,-2.1,-5.8,-6.6,-2.9,-3.2,-3.0,-10.9,-2.6,0.4,-2.8,-3.4,-5.5,-4.7,-4.7,-3.1,-7.4,-9.1,-7.7,-5.8,-4.5,-6.3,-5.2,-5.9,-5.2,-7.1,-4.9,-9.5,-2.5,-7.6,-6.1,-8.7,-2.7,-1.9,-4.0,-6.5,0.4,-5.0,-3.8,-5.4,-4.4,-6.1,-4.0,-7.1,-6.1,-7.0,-6.6,-6.8,-7.7,-5.9,-8.6,-6.6,-6.7,-6.2,-6.3,-5.3,-6.6,-9.5,-8.6,-2.9,-3.9,-6.8,-9.6,-8.2,-6.4,-6.9,-7.6,-11.1,-5.4,-4.3,-7.9,-8.5,-8.0,-5.3,-5.1,-9.6,-6.4,-7.1,-9.4,-6.8,-4.5,-7.1,-5.6,-7.9,-8.7,-6.3,-5.2,-6.4,-6.4,-6.3,-5.8,-4.0,-5.7,-8.2,-6.2,-8.1,-2.4,3.4,-5.7,-5.8,-6.3,-7.2
2C7L50x9Pl,0,48.098435,11.626961,4442231.47,2777431.81,538.3,584.0,215,7305,4.0,0.7,0.5,32.64,348.96,-0.529,-0.103,0.842,-0.2,0.2,0.25,0.3,1.5,0.3,-0.3,-1.9,-1.3,2.3,-3.1,1.8,-2.2,-3.3,2.4,1.9,1.6,3.4,-4.3,0.3,-0.5,-3.3,-0.8,1.7,-2.5,-5.5,-5.9,-7.8,-9.2,-1.5,-0.6,-0.9,9.8,-6.8,-9.6,9.1,-3.2,-7.8,-1.0,-10.6,-1.3,-8.6,-4.5,-1.5,-3.4,-7.5,-6.3,13.8,0.3,-6.5,-1.1,-7.8,-8.7,3.9,0.4,1.0,-1.5,3.1,1.8,1.0,-0.2,-1.0,-0.1,0.9,-0.3,-5.4,-3.8,-2.3,-3.2,0.3,-1.9,-1.6,-0.8,-2.0,0.7,-5.6,-4.3,-2.5,0.1,-1.5,-3.5,-2.9,-3.9,3.2,1.7,-1.2,-5.5,-3.1,-4.9,-1.6,-3.8,-3.3,-1.8,0.8,-5.9,-3.1,-10.9,-0.6,-7.7,-2.5,-4.4,-8.8,1.6,0.7,-5.6,-4.4,6.3,-6.6,1.2,0.4,-4.0,-8.8,-5.0,-5.0,-5.2,2.6,0.6,-3.6,-0.4,-1.9,-1.8,-1.6,-0.6,-2.3,-2.1,0.1,0.8,-0.5,-0.7,0.6,-1.3,-2.7,0.3,-2.8,-1.0,-6.4,-2.4,-8.6,-1.2,6.4,-0.3,-4.1,-3.5,-0.8,1.9,3.2,1.7,-3.1,-2.0,-7.7,-5.7,-2.3,-2.6,-1.1,-3.8,0.3,-1.4,-3.4,-3.6,-4.1,-3.8,-2.7,-7.6,1.1,-4.8,-7.0,-4.8,-5.0,-4.0,-8.5,-4.6,-6.8,-3.3,-7.2,-9.5,2.4,14.7,-2.4,3.3,-5.3,0.4,-3.3,3.0,0.8,-0.6,-3.2,-2.1,-2.9,-1.0,-2.7,-4.5,-4.3,4.2,-2.7,-4.4,-11.8,-9.9,2.6,-3.2,-0.5,-12.5,-9.0,-3.3,-3.3,-3.5,-3.4,-3.0,13.3,-6.7,4.0,1.9,-4.4,-2.5,-3.1,3.1
2C7L50x9Pm,0,48.098439,11.626988,4442233.49,2777432.25,536.8,582.5,215,7306,4.1,0.65,0.5,32.64,348.96,-0.529,-0.103,0.842,-0.4,0.2,-0.37,0.31,1.8,0.3,-0.3,-2.2,-1.0,-2.5,-1.7,-7.8,1.3,-1.6,5.2,3.2,0.2,3.5,-0.2,-0.1,-1.2,-7.6,-2.9,1.6,-3.2,4.4,-4.9,-9.8,-3.0,-2.2,-3.2,-2.3,-5.6,-1.7,-13.1,7.8,1.5,-7.6,-3.9,-13.1,-2.4,-9.8,-6.8,-0.6,-2.1,3.4,-5.6,-3.1,0.4,-1.9,3.4,-3.4,-12.1,3.1,0.6,1.9,-0.7,3.1,0.7,1.6,-1.0,0.1,1.9,-4.2,2.5,2.8,-1.6,-2.2,-0.2,2.5,-0.4,-0.2,3.1,-1.0,2.6,-11.1,-4.8,-1.0,-1.2,-10.3,-8.1,-9.4,-0.1,8.6,-2.0,-5.6,-2.9,-0.9,-3.5,-0.6,-1.8,-3.1,-2.1,-4.0,-3.7,-2.0,-9.3,-1.6,-3.4,-0.6,-4.3,-15.7,2.5,-1.2,0.2,-0.9,-1.1,-5.2,2.2,5.3,-0.4,-1.3,-3.3,0.9,-2.1,0.9,-1.9,-2.2,5.2,-0.8,4.0,1.3,1.6,-0.3,-3.2,1.6,0.3,-2.1,-5.7,-0.3,-0.9,-2.6,0.7,-0.9,-2.1,-2.7,-5.1,-5.6,-3.9,3.0,-4.2,-9.1,-9.2,-3.8,8.3,0.0,-5.2,2.5,1.2,-13.1,-2.6,-0.9,-1.4,0.5,-3.6,1.7,-0.6,-1.7,-4.5,-2.0,-3.9,-0.5,-4.3,-2.8,-2.5,3.0,-4.5,-5.6,-6.3,-7.0,1.5,-6.7,-12.5,-8.0,0.2,6.3,-3.7,7.1,2.0,-7.5,0.7,-0.4,1.5,-0.2,-1.0,-0.5,2.6,-13.0,-1.6,-0.1,-4.1,-6.0,-2.9,-2.3,-2.9,-3.4,-10.3,-15.1,-2.1,-0.6,1.2,2.7,-13.3,-3.7,-2.9,-5.8,-0.6,-3.4,-4.7,-1.8,-8.1,-6.9,-4.1,-0.7,0.6
2C7L50x9Q0,0,48.09856,11.627934,4442303.64,2777447.28,544.9,590.6,215,7320,2.7,0.85,0.4,32.64,348.96,-0.529,-0.103,0.842,0.1,0.1,0.42,0.2,0.5,0.2,-0.3,-1.1,-1.2,-0.6,-0.4,-0.9,7.1,1.7,0.9,-1.0,3.5,0.5,-0.1,0.7,0.1,0.4,-0.2,-0.5,0.4,-2.6,0.4,-1.1,0.6,-2.3,-2.0,-0.5,0.3,-5.4,-0.8,-6.8,-5.8,-5.0,-3.6,-7.4,-5.1,-6.8,-1.5,-2.0,-0.1,2.5,0.3,-2.8,-0.8,0.4,-0.7,-1.8,-2.9,-3.1,-0.1,0.8,-3.4,-0.7,0.9,2.8,-3.0,0.5,-0.4,-1.1,-0.5,0.4,-0.1,-1.7,-3.0,-8.6,0.3,-13.7,-0.7,1.4,-3.4,-1.6,-2.6,-4.0,-2.6,-1.7,-1.8,-3.0,-1.7,-0.1,-0.1,-2.0,-1.2,-2.2,0.0,-2.2,-5.9,-2.5,-1.2,-0.9,-0.5,0.9,-0.2,-0.3,-6.5,-0.7,-0.6,0.1,-1.0,0.8,2.0,3.1,-5.1,3.0,2.9,-1.3,1.6,0.8,-4.3,-14.7,-2.0,1.4,0.5,-0.2,0.1,-3.6,1.8,1.3,1.2,-4.9,0.5,1.0,-1.7,-3.8,-0.2,0.3,4.6,1.3,0.6,-10.1,-0.3,-3.1,2.1,-4.5,-3.7,-4.0,-0.0,-2.4,-1.6,-1.7,-1.0,-0.6,0.3,-4.4,-1.8,-1.5,-1.6,-0.3,-1.7,-5.1,0.9,1.6,-3.5,-4.0,-2.9,-2.6,-4.0,-1.5,0.2,-0.9,-1.8,0.3,-0.3,-0.3,-4.1,-0.4,-2.0,-0.6,5.1,-1.5,-3.7,-4.1,-2.3,0.8,0.1,3.5,1.6,-2.0,-2.7,-4.2,-2.7,5.2,-0.6,-1.6,-1.1,-2.7,-1.3,-0.5,2.3,-1.8,-0.5,-0.7,-2.8,0.1,-4.0,0.7,-1.3,-1.0,-0.3,0.9,0.4,0.1,1.6,1.9,2.0,1.6,3.9,0.3,-3.4,-1.2,-2.9
2C7L50x9Q1,0,48.098557,11.627914,4442302.17,2777446.97,541.2,586.9,215,7321,3.4,0.73,0.51,32.65,348.96,-0.529,-0.103,0.842,-0.7,0.2,-0.72,0.27,1.7,0.2,-0.3,0.7,1.5,1.7,2.4,1.6,1.1,5.5,4.9,6.0,1.8,2.6,1.1,4.6,4.2,3.9,1.4,4.0,2.0,-0.4,3.8,5.8,3.6,6.7,4.2,6.7,2.1,13.8,2.0,5.6,8.8,0.3,1.5,-5.7,18.8,8.8,2.4,4.4,-2.1,5.6,-0.9,11.9,-0.6,-1.1,1.2,-7.2,-7.7,-1.7,-0.4,1.7,0.8,1.5,5.3,3.7,1.8,2.2,1.8,0.6,2.6,3.1,2.8,2.7,1.0,-2.3,3.8,3.9,2.9,2.5,2.6,2.5,2.0,-0.5,10.4,4.5,7.3,11.1,9.3,6.4,9.6,12.4,-5.6,10.8,8.2,6.6,13.0,12.1,11.8,8.6,6.5,0.7,4.9,8.4,5.9,6.8,5.4,5.4,-1.2,0.8,5.8,6.3,11.3,5.0,1.3,11.9,5.4,0.4,12.8,6.1,0.6,2.5,4.7,2.2,3.2,7.6,3.7,9.5,3.4,-1.6,1.2,2.8,3.3,0.0,3.3,3.0,5.7,4.8,4.6,1.4,4.6,0.6,4.1,3.8,1.9,1.3,4.6,0.6,1.6,1.7,5.6,7.3,13.2,0.3,1.6,2.7,2.2,1.3,1.7,-0.8,2.0,3.0,2.9,1.0,-1.7,2.3,-3.1,3.1,0.3,3.3,-3.5,3.7,1.5,3.8,0.0,1.0,0.2,-0.9,4.2,-0.1,-2.4,1.4,-0.2,3.0,2.2,-2.5,0.9,-0.8,-1.3,-0.9,-0.5,-3.4,0.9,0.6,1.3,1.1,2.9,1.9,4.6,-0.0,4.0,5.2,0.2,3.1,3.9,4.1,3.0,1.9,1.2,2.2,1.2,0.8,1.2,0.9,-0.1,-2.0,0.4,-2.2,-1.0,0.2,-0.3
2C7L50x9RC,0,48.099091,11.632072,4442610.62,2777513.14,541.2,586.9,215,7394,4.1,0.65,0.42,32.66,348.96,-0.53,-0.103,0.842,-0.9,0.2,-0.35,0.32,1.5,0.3,-0.3,-0.2,-1.0,0.5,0.3,-1.8,1.4,-0.4,0.1,2.3,-2.3,14.7,-3.1,1.4,1.0,4.0,3.0,3.8,2.8,7.5,1.3,3.3,-1.7,3.5,6.6,-0.5,6.3,6.9,1.7,5.3,-8.3,7.8,-1.7,4.1,-4.0,2.6,4.6,5.6,10.3,9.7,6.9,9.5,2.1,2.7,2.5,3.6,0.6,0.8,1.9,4.4,1.5,4.5,2.1,0.8,5.1,5.0,4.7,-1.4,0.4,0.5,-2.0,0.2,-1.9,-3.0,3.0,15.7,-6.6,-4.2,-0.8,4.4,3.4,16.2,4.7,16.8,-0.7,5.5,3.2,-1.0,7.0,9.4,4.0,1.5,6.3,3.9,0.2,3.8,3.1,7.6,5.3,5.5,3.7,2.9,3.3,5.4,-1.0,3.1,-0.2,-5.1,7.1,2.6,9.1,5.0,4.4,5.8,5.5,7.7,7.4,5.3,2.6,6.7,0.2,0.4,1.3,0.6,1.9,-0.5,-2.3,1.4,-0.7,6.4,-4.0,-10.5,0.4,0.7,0.5,1.2,1.0,3.7,2.0,6.1,-1.5,6.3,3.0,0.2,4.9,0.4,9.5,4.0,4.1,6.1,0.9,0.8,1.4,-2.1,-2.3,-0.9,-2.6,3.4,-1.5,-5.1,-0.6,-8.6,-1.9,0.4,-0.5,0.3,-1.3,1.0,-0.3,-4.0,0.2,3.8,-2.6,0.4,3.3,13.7,-2.3,-5.0,-8.9,11.5,2.6,-1.6,-2.7,-1.2,0.8,2.0,2.2,-12.4,-0.9,9.0,-0.6,1.2,-0.6,1.9,-0.6,4.1,2.4,-6.0,-1.2,2.5,-4.6,-0.3,-0.3,4.2,0.1,4.1,6.9,-2.9,-0.4,3.1,-6.2,-0.9,-9.3,-2.8,-1.7,-6.5,-1.0,5.5,3.1
2C7L50x9Se,0,48.099754,11.637229,4442993.26,2777595.22,541.1,586.8,215,7484,1.6,0.92,0.37,32.69,348.96,-0.53,-0.103,0.842,0.6,0.1,-0.36,0.13,0.8,0.1,-0.3,-1.0,1.5,-1.0,4.4,2.8,1.6,1.6,2.0,1.8,0.8,1.8,1.6,1.4,-0.1,0.6,1.0,1.4,-0.2,-1.0,-0.1,0.3,1.5,1.4,0.2,0.9,2.3,0.9,-0.8,1.0,-2.4,-1.4,-3.7,-3.7,0.3,-1.2,-1.3,0.4,1.6,-0.0,-0.3,2.5,-0.7,-0.5,1.5,1.3,2.3,-1.6,2.6,-1.6,-2.0,1.4,1.0,2.3,-1.6,0.0,1.4,0.7,1.7,-0.0,1.6,1.8,1.3,4.0,3.1,2.5,1.0,3.1,2.5,2.4,2.7,2.2,2.2,3.0,2.9,2.9,2.1,2.7,2.0,2.6,1.9,0.6,-0.1,-1.1,2.1,4.6,2.7,6.2,3.8,2.5,4.0,2.2,2.6,0.4,1.9,0.5,5.0,2.8,5.2,4.2,-0.7,1.2,3.7,1.7,4.6,1.9,3.4,2.7,0.8,2.7,3.1,2.0,3.1,2.7,1.8,1.0,3.3,3.7,6.4,3.5,4.5,4.8,4.0,3.3,3.9,5.0,4.2,0.8,3.2,1.8,2.1,3.0,-1.5,1.7,0.3,-1.7,0.7,0.4,2.0,4.6,2.8,3.5,0.4,-1.2,1.1,3.3,3.6,4.8,2.9,3.1,2.3,3.9,3.8,2.4,3.9,3.4,3.6,3.8,3.5,5.1,3.6,2.2,2.4,0.7,0.3,-0.2,4.9,3.1,-2.0,1.9,4.1,2.2,0.2,0.5,1.3,3.7,4.0,0.5,2.1,0.5,3.6,3.5,3.5,3.7,2.7,2.8,4.3,4.3,4.5,4.3,1.1,0.7,1.6,4.2,3.1,3.6,3.9,2.5,5.3,6.6,5.6,3.9,2.3,-0.2,0.8,7.9,3.3,3.3,3.3
2C7L50x9Sf,0,48.099761,11.637287,4442997.58,2777596.15,541.2,586.9,215,7485,1.6,0.93,0.28,32.69,348.96,-0.53,-0.103,0.842,-0.1,0.1,-0.23,0.12,1.1,0.1,-0.3,1.6,-1.3,-0.3,-0.4,-0.8,1.0,0.9,0.3,0.1,-0.5,0.2,-0.4,-0.6,0.1,0.9,-2.3,-1.1,-3.7,-0.6,-5.0,-1.8,0.3,-0.7,-2.8,-1.1,-4.3,-1.7,-1.3,-1.9,-3.3,3.9,-7.4,-4.6,-0.7,-1.1,-2.6,-0.2,-2.8,-0.7,-0.5,-0.8,1.0,0.3,-3.6,0.3,0.0,1.2,-1.2,-0.5,-2.0,-1.5,-0.6,0.4,0.7,0.3,1.4,0.8,0.2,0.8,0.6,1.3,1.1,1.1,2.5,0.9,0.2,0.6,1.2,-0.2,-0.5,-1.6,0.2,-2.5,-0.6,-0.7,-0.2,-1.5,-1.5,-0.9,0.2,-3.6,-1.7,-0.8,-1.3,-0.1,-1.1,-0.9,-1.1,-4.8,-2.0,-3.5,-3.7,-3.3,-3.8,-4.2,0.2,-2.1,0.6,-2.1,-0.6,-1.1,-1.1,0.4,-0.2,1.9,-0.0,-0.7,0.6,-1.4,0.2,0.8,0.3,0.2,0.2,0.2,-1.1,-0.2,-0.1,0.5,0.6,0.4,0.5,-0.4,-0.8,0.7,0.3,0.5,0.7,-0.3,-0.4,1.6,-0.9,0.7,-1.1,-3.8,-2.1,-2.1,-4.0,-0.0,1.2,-1.1,-3.2,-2.9,-1.6,-0.6,0.4,2.5,0.5,0.7,-0.4,0.7,1.3,0.7,-0.1,-1.1,-0.5,-0.7,-1.8,-0.7,-0.8,-1.7,-0.8,-5.1,-2.8,-4.1,0.0,0.8,-4.3,-3.8,-0.1,0.3,-0.6,0.3,0.5,1.1,-0.7,0.3,-0.9,-9.0,-0.5,0.6,-0.6,-0.2,-0.2,-0.4,-0.5,-0.5,-1.3,-0.3,-3.5,4.3,0.6,-1.6,-4.5,-2.8,-2.3,-3.1,-2.0,-1.5,-1.9,-3.2,-1.1,-1.7,-0.5,-0.4,-0.5,-0.9,-0.6
2C7L50x9RL,0,48.099174,11.63257,4442647.52,2777523.12,540.2,585.8,215,7403,1.6,0.92,0.24,32.67,348.96,-0.53,-0.103,0.842,-0.4,0.1,-0.04,0.12,1.2,0.1,-0.3,-1.6,0.1,-0.0,1.2,0.2,-0.6,0.4,-0.3,2.4,-4.7,1.7,1.8,2.0,3.3,3.8,3.2,3.8,2.8,5.9,1.5,0.3,2.0,-0.1,4.2,2.6,3.7,3.6,-1.0,1.7,-1.5,1.8,-3.4,-4.6,0.3,-3.5,-1.5,1.9,1.1,2.2,2.9,-1.0,-2.2,0.5,1.1,-0.1,-1.3,-3.2,-2.1,-0.2,0.2,0.0,-0.4,-0.2,-1.1,-0.7,0.5,-1.8,0.5,-0.6,-0.9,-0.2,0.1,-0.6,1.1,-2.1,-3.4,0.3,-1.3,1.5,1.0,0.5,2.0,0.8,0.5,3.1,3.2,1.7,2.4,2.9,2.2,0.2,2.1,0.7,1.8,1.4,2.4,2.4,1.6,0.2,0.8,-1.5,-1.7,-2.9,0.5,-0.7,-2.2,-1.5,1.6,0.8,-1.1,-0.3,1.1,1.1,2.3,1.1,0.7,0.1,-2.2,-0.3,0.1,1.1,-0.3,0.1,0.4,-0.6,-2.4,-3.5,-3.0,-4.5,-2.7,-3.3,-2.1,-0.2,1.3,2.5,3.9,-1.4,2.1,3.4,-1.4,1.1,1.3,0.3,-0.4,-1.2,-0.5,-1.7,-2.6,-0.8,-0.6,-3.0,-3.5,-3.1,-0.3,-0.1,-0.5,0.8,-0.2,0.4,-0.7,-0.2,-0.9,-0.3,0.0,1.4,-0.8,-0.2,-0.2,0.9,0.9,0.1,1.6,-0.7,-3.7,-2.9,-1.2,0.1,-3.2,-1.6,-0.3,-0.7,-2.3,-3.6,-4.7,-1.2,-1.5,-2.3,-1.2,2.0,-2.6,-0.3,-0.7,-0.2,-0.9,0.6,0.9,-1.9,0.0,1.9,-0.9,-0.7,-1.3,-1.6,-3.0,-1.1,-3.1,-0.4,-2.6,-2.8,-0.7,-2.6,-2.7,-2.8,-3.0,-2.1,-2.3,-1.0,0.2
2C7L50x9Ra,0,48.09931,11.633629,4442726.09,2777539.96,548.6,594.3,215,7418,4.3,0.64,0.47,32.67,348.96,-0.53,-0.103,0.842,-0.1,0.2,0.41,0.33,1.8,0.3,-0.3,-2.0,4.9,-2.4,4.2,-4.5,0.7,3.1,0.2,-1.4,0.6,1.0,-1.9,0.6,1.3,-0.2,-0.5,2.4,0.8,-1.7,-1.4,11.8,7.2,3.3,13.5,1.1,3.1,-2.7,-5.8,0.0,-2.6,-4.2,6.0,-5.9,3.9,-3.2,-4.2,-4.6,-15.3,-0.8,3.3,-0.2,-3.3,4.4,1.6,-1.0,-4.4,-12.7,0.5,-8.8,-2.7,-3.9,1.1,0.7,1.0,-0.1,-1.9,-2.4,-2.9,-0.7,0.3,0.0,1.8,1.6,0.9,-9.0,-3.8,0.3,-3.4,0.8,1.5,-3.5,0.7,-1.8,-0.3,-2.3,5.1,3.9,-2.0,3.0,5.5,0.7,-2.8,5.5,1.2,2.7,1.0,8.9,3.8,-11.5,-4.1,-3.9,-0.9,-5.0,-13.5,6.9,7.2,4.2,-10.7,1.3,-5.2,-3.2,1.7,2.2,0.9,-0.4,1.5,-6.0,-2.5,-1.5,-12.5,-5.6,0.4,-0.1,-13.8,2.1,-6.1,-10.8,1.7,0.5,-1.7,4.8,0.6,-2.5,0.3,1.1,-2.5,-3.3,-0.8,-0.8,-1.1,5.2,2.5,-4.2,-5.5,-5.0,-9.8,-4.3,-5.6,-1.0,-1.3,-6.3,-4.4,-2.6,2.4,-0.7,0.6,1.2,4.6,3.0,0.3,9.6,-1.0,3.1,-3.9,1.7,0.2,0.8,-6.0,5.2,0.2,0.0,-4.7,0.6,-2.3,-3.0,-4.1,2.7,-4.0,3.0,2.1,-1.5,-4.5,-14.6,-4.2,-1.3,-7.8,-5.5,0.3,-12.0,5.3,7.9,4.6,3.7,2.5,2.9,-0.2,-4.7,-3.3,-0.4,-1.9,-0.6,-6.3,-2.1,-2.4,-2.0,-8.4,-0.5,0.9,-0.1,-2.2,5.2,2.1,-1.4,3.0,-0.7,-3.7,-1.6,2.1
2C7L50x9Sg,0,48.099781,11.637296,4442998.21,2777598.35,539.1,584.8,215,7486,1.3,0.96,0.14,32.69,348.96,-0.53,-0.103,0.842,-0.4,0.1,-0.19,0.1,0.6,0.1,-0.3,-0.0,-0.7,0.0,0.6,0.3,-0.4,0.5,0.8,-0.0,-1.0,0.2,-0.5,-0.2,0.5,0.6,0.3,-0.2,-0.7,-1.2,-2.6,-1.2,0.0,-0.0,-1.8,-0.2,-0.7,-0.7,-0.7,0.3,-3.2,3.8,-6.1,-4.0,-1.9,-1.2,-1.8,-1.1,-1.8,-0.4,-1.4,-0.8,-0.4,-1.1,-0.9,-1.1,-0.8,-0.3,-1.1,-0.9,-1.1,-0.1,-0.3,0.2,-0.6,-0.6,-1.3,-0.1,-0.5,-0.3,-0.0,0.5,0.1,1.0,0.7,-0.2,0.1,0.6,0.1,-0.6,-0.5,-0.4,0.2,-1.2,-0.0,-0.1,0.2,0.2,-0.6,-0.7,-0.7,-2.5,-2.6,-1.2,-0.2,-0.0,-1.2,-0.1,-1.4,-3.4,-1.9,-2.0,-2.1,-3.2,-3.5,-2.1,1.3,-0.4,-0.2,-0.7,-0.4,-1.5,-0.3,0.5,0.7,-0.3,-0.1,-0.5,-0.8,-2.3,-1.1,-1.6,-0.8,-0.6,0.2,-0.4,-1.0,-1.1,-1.1,-1.0,-0.4,-1.2,-0.9,-1.2,-1.7,-1.1,-1.1,-1.9,-2.0,-2.1,-2.4,0.8,-1.5,-0.8,-1.3,-3.1,-2.1,-0.2,-2.6,0.9,1.1,-1.4,-2.7,-3.1,-0.3,-0.6,-0.6,-0.7,-0.1,-0.4,0.2,0.1,0.2,0.0,-0.9,-0.3,-1.0,-0.5,-1.5,-0.5,-1.1,-1.9,-1.7,-2.8,-2.8,-5.0,0.4,-0.4,-5.5,-3.6,-1.8,-1.9,-1.3,-2.9,-0.4,-1.2,-2.7,-0.3,-0.4,-12.2,-1.0,-1.1,-0.5,-1.4,-1.7,-1.7,-1.5,-1.5,-2.0,-1.6,-2.9,-2.2,-1.4,-2.8,-6.5,-3.9,-3.0,-2.9,-2.4,-2.7,-3.0,-3.0,-2.9,-2.2,-1.4,-1.5,-2.8,-1.9,-1.7
2C7L50x9Sj,0,48.099794,11.637402,4443006.06,2777600.05,535.6,581.3,215,7489,2.3,0.87,0.41,32.69,348.96,-0.53,-0.103,0.842,-0.2,0.1,-0.38,0.18,0.4,0.2,-0.3,-4.1,1.6,0.2,-1.0,-1.5,-4.5,-0.9,0.6,-1.1,-1.4,0.3,-6.9,3.0,-1.9,-0.3,-0.1,0.9,1.1,0.9,-3.0,-1.6,0.4,3.6,0.4,1.2,0.3,1.2,0.4,1.5,-0.0,4.9,-3.8,-3.1,2.9,-1.1,-0.8,0.3,-0.1,-2.2,-2.1,3.0,0.5,2.4,1.1,0.9,0.1,1.6,-0.3,0.5,-0.0,2.5,0.8,1.0,-0.6,-0.4,-1.4,0.0,-0.5,1.7,-1.9,0.0,-2.5,2.8,-1.2,4.6,-0.4,-1.8,0.8,-5.2,-3.6,-0.3,2.1,-1.8,-0.5,-3.9,-0.2,1.0,-2.7,-3.3,-1.9,-1.3,1.6,-2.2,-0.6,-0.8,-1.3,2.6,-3.5,-5.0,-5.3,0.1,-0.4,-0.2,-3.7,-1.5,2.1,0.2,0.2,-3.0,-2.1,-1.7,-0.7,-0.1,1.6,-0.5,2.3,0.8,-2.0,0.2,1.3,-0.9,-2.0,2.6,-0.9,-0.4,0.0,-0.4,-0.3,1.1,-0.0,-1.3,0.4,0.4,-0.6,0.1,0.2,2.3,0.1,0.9,-1.5,3.9,0.6,2.7,-0.0,-4.4,-0.5,1.6,-0.4,1.9,4.2,1.1,2.3,-0.7,1.2,-0.9,-2.1,1.5,1.6,2.5,2.1,1.7,-1.2,2.7,0.8,0.3,1.0,1.1,-0.5,-1.2,-7.3,1.3,-0.2,-2.5,-3.4,-2.5,-0.2,0.9,-2.1,-0.4,0.5,1.9,-2.1,-5.4,0.9,-1.0,-1.2,-0.5,-0.2,-3.1,-2.1,-0.3,-0.6,-3.3,-0.0,0.7,0.8,0.2,0.7,1.6,-0.2,-6.2,-3.3,-3.4,-6.0,-3.9,1.9,-0.8,-1.4,-8.4,-10.3,-3.6,10.4,-1.9,-0.2,-0.5,0.5,-0.8,-3.1
2C7L50x9Sk,0,48.099807,11.6375,4443013.32,2777601.6,537.6,583.3,215,7490,2.7,0.84,0.31,32.69,348.96,-0.53,-0.103,0.842,-0.0,0.1,0.12,0.21,0.6,0.2,-0.3,0.5,-2.7,-1.7,-2.1,-1.6,-2.1,-0.5,-2.1,0.4,-0.0,-0.6,-2.7,-0.4,-1.2,-1.5,0.7,-0.3,2.0,-1.4,-3.6,-1.2,-2.9,0.5,-2.0,1.0,7.0,0.8,-0.5,0.7,-5.5,1.2,-4.6,-4.9,-0.9,-4.5,-2.9,-1.3,-3.1,-2.1,-4.0,0.2,-2.2,-0.4,-0.5,0.4,-0.4,0.2,-0.8,-1.9,-1.4,-0.7,-3.7,-1.2,-1.7,-1.4,-3.0,-1.3,-2.5,-0.6,-2.5,-1.3,-3.0,-0.3,-0.7,1.0,-0.8,0.3,-0.9,-4.1,-2.4,-2.0,0.4,-0.6,-0.7,-2.0,-2.9,-0.8,-2.8,-2.2,1.5,0.9,0.1,6.4,-2.0,-10.5,-7.3,-7.6,-10.0,-13.5,10.3,-9.0,-9.2,-8.6,-11.6,-8.6,-5.0,-4.9,-7.0,-7.3,-7.5,-4.3,-4.1,0.8,-0.3,-1.9,0.8,-1.4,-1.0,-1.6,-0.6,-1.6,-1.8,-1.5,-1.3,-1.5,-0.8,-0.3,-1.7,-1.5,-2.9,-0.0,-1.0,-1.1,-2.6,-2.5,-0.9,0.3,-1.4,-0.5,-1.8,0.7,-2.0,2.2,-0.8,-1.7,0.8,-0.4,-1.7,3.1,1.3,0.9,-0.7,-1.4,-0.4,2.7,-1.5,-0.8,-0.3,-2.3,-1.8,-1.5,-1.8,-0.7,-0.6,-1.7,-1.1,1.4,0.4,0.4,1.4,0.4,-1.9,-2.4,-2.3,-4.9,0.8,-2.2,-5.9,-0.7,-1.5,-0.9,-2.8,-1.7,-0.9,-2.0,-5.3,-4.2,-3.5,-1.6,-2.4,-2.5,-3.1,-4.3,-3.1,-2.0,-3.2,-4.6,-2.5,1.9,-0.7,-4.3,1.5,-2.8,-4.1,-1.6,1.4,-2.3,-3.4,-1.9,-0.7,-2.1,1.0,-3.9,-1.4,0.3,-1.6,-1.2,-3.9
2C7L50x9Sl,0,48.099789,11.637359,4443002.88,2777599.38,528.0,573.7,215,7491,4.6,0.62,0.43,32.69,348.96,-0.53,-0.103,0.842,0.3,0.2,-0.09,0.35,2.6,0.3,-0.3,1.3,-0.3,1.0,-2.4,-0.4,-4.1,0.9,0.9,0.2,-0.5,1.8,3.1,4.8,2.8,2.0,2.5,7.6,-0.1,0.9,-3.1,-2.8,13.7,-3.8,-1.9,0.3,-9.5,-5.0,5.8,-10.0,-16.6,-3.2,-9.8,-5.3,-8.6,-10.9,-12.5,-3.6,-10.1,-2.0,-11.5,-2.3,-2.7,-3.7,-3.2,-3.1,-2.8,-1.5,-5.1,-2.1,-8.0,-2.0,-5.9,-2.9,-0.7,-2.6,-1.6,0.6,-4.3,-1.1,-4.5,-1.2,-2.7,1.0,-1.1,2.5,0.1,-0.9,-0.6,-0.5,-2.8,-2.6,-7.8,3.2,-1.1,-3.2,-0.2,1.8,0.2,-0.1,-3.9,12.4,4.0,5.7,-0.8,10.6,7.9,-12.2,4.6,-14.8,-4.8,10.2,-9.6,-14.3,-16.1,-14.4,-15.5,-6.2,-12.6,-8.0,10.6,-8.7,-10.6,0.5,-5.6,-0.1,-1.5,-1.8,-1.3,-2.9,-1.0,0.7,-1.6,-1.3,-1.8,-1.2,-7.6,-2.7,-2.3,3.3,-0.0,0.8,-0.5,-0.2,-2.6,-0.3,4.3,-2.6,-0.2,-2.3,-0.2,-1.6,0.1,-4.9,-3.3,-3.8,-2.6,0.9,-4.1,1.9,7.6,0.9,-2.2,-0.3,4.0,1.2,2.6,1.5,0.6,-1.9,4.0,-2.1,-1.4,4.3,-0.2,-4.2,-0.5,-2.4,0.3,-2.0,0.2,-2.3,-0.1,-3.6,-6.4,-10.6,2.5,-1.5,-6.5,-3.7,-2.2,-0.6,-1.1,-7.0,-2.7,-1.5,-5.8,2.1,-0.5,15.2,-2.1,-0.7,-2.2,-2.4,-7.2,-2.2,-1.3,-8.7,-0.5,-1.2,-0.7,-2.7,3.4,-1.6,-6.8,0.3,-3.2,-2.2,-4.4,-4.8,-4.0,-1.3,-0.3,-1.5,-0.8,-2.1,-1.0,2.8,-0.1
2C7L50x9PQ,0,48.098333,11.625879,4442151.05,2777418.69,543.7,589.4,215,7284,3.0,0.8,0.39,32.64,348.96,-0.529,-0.103,0.842,-0.4,0.1,-0.3,0.23,0.8,0.2,-0.3,-2.5,1.3,7.2,-0.8,0.2,-0.2,1.2,1.3,0.6,8.9,1.3,0.6,-2.6,2.8,0.7,1.2,-1.9,-6.3,-4.3,-2.7,-2.8,-2.8,-6.4,2.0,-4.5,0.9,-5.9,2.6,-3.6,-7.5,2.9,-2.8,-6.7,-4.4,-7.1,-3.5,-5.4,-5.2,-3.1,-2.5,-1.3,1.2,-3.4,-2.0,0.3,-2.0,-0.5,-3.3,-0.8,-1.1,-3.3,0.4,0.9,0.4,-2.9,1.4,-1.2,-2.1,-0.6,-1.4,-0.9,-3.9,-7.5,-2.1,1.9,0.9,1.0,-7.1,1.5,-1.5,-3.8,-3.9,-5.6,-4.1,0.1,-3.3,-3.1,-0.5,-3.4,-1.3,-5.4,0.6,-2.0,4.7,1.7,0.5,-0.4,-1.8,-1.0,-7.0,-1.7,-2.9,-0.7,-1.3,0.9,-0.8,-2.9,-4.9,-1.4,-1.5,-2.3,-3.6,2.2,-1.3,-0.2,0.0,-0.3,0.2,0.8,-2.2,-1.2,-3.5,-2.5,-2.2,0.8,3.7,9.4,-5.0,-1.6,-1.4,1.8,-0.5,-2.8,-3.1,-0.1,-1.7,-1.9,1.0,-3.3,-0.1,-5.3,-2.6,8.9,-0.2,-3.5,-3.0,0.4,3.9,0.4,2.9,0.8,-1.6,-6.9,-0.6,-3.3,-4.3,1.4,2.6,-0.4,-13.3,-1.4,-4.5,-3.5,-3.3,-0.1,0.0,-1.0,-2.3,-2.7,-2.5,-5.2,-4.3,-4.6,-5.7,-4.0,2.2,-0.5,-8.1,-4.3,-5.1,-3.6,-1.6,-2.0,-2.4,-3.5,0.0,-1.6,-3.7,6.9,-0.3,-0.7,-1.5,-2.7,-4.3,-0.8,-0.2,-0.6,-0.4,-3.1,-3.4,1.0,-4.7,-1.4,-1.4,-4.8,-3.7,-5.8,-4.2,-14.3,-1.3,-3.5,-6.1,1.3,-4.8,-2.6,-6.7,-2.1,-2.3
2C7L50x9RK,0,48.099186,11.632516,4442643.53,2777524.34,541.2,586.9,215,7402,1.5,0.93,0.25,32.67,348.96,-0.53,-0.103,0.842,-0.5,0.1,-0.29,0.12,1.3,0.1,-0.3,0.8,1.2,1.6,0.8,1.6,-0.9,2.9,1.5,2.7,0.3,1.7,1.7,2.0,0.6,2.3,2.2,2.9,2.0,-1.0,2.5,1.0,3.1,0.9,2.1,3.2,2.2,1.1,1.5,2.7,-1.8,0.0,-3.1,-3.9,0.5,-3.2,-0.8,1.9,0.8,0.9,1.0,-0.7,-1.4,1.7,1.2,-0.5,-0.8,-2.4,-0.6,1.0,0.7,-0.9,0.8,0.7,-1.5,0.3,0.3,0.4,1.0,-0.1,0.0,1.5,1.2,0.9,-0.1,-6.7,1.0,0.1,1.4,2.0,1.8,0.2,2.6,1.1,2.5,3.8,2.3,3.0,2.7,2.7,2.8,1.7,2.0,2.3,5.3,2.5,2.8,2.0,1.1,-0.4,-1.0,0.8,1.1,-1.1,1.3,-1.8,-0.7,-0.4,0.3,-0.2,-0.9,0.5,1.0,1.4,0.6,2.3,1.0,1.0,0.4,0.3,0.2,1.0,0.6,1.0,0.8,0.0,-2.8,-0.6,0.1,-1.0,0.8,0.5,-1.4,1.8,1.5,3.3,3.1,1.5,2.4,1.1,-0.2,3.0,1.4,-1.8,0.5,-0.8,0.3,-0.9,-2.4,1.0,1.6,-1.8,-3.7,-3.0,-0.6,0.4,0.0,-0.9,-1.9,-0.4,-0.4,-2.1,-1.2,1.2,0.0,1.7,0.7,-0.3,0.5,3.7,1.8,0.8,0.8,-0.7,-3.9,-4.4,-0.9,1.5,-4.9,-1.5,-1.4,-2.2,-3.1,-3.4,-5.4,-3.4,1.0,-3.2,-3.9,-0.4,-2.1,-0.1,-1.2,-0.4,-0.2,0.7,1.8,-1.8,0.2,1.2,-0.1,0.7,-1.0,-1.1,-3.6,0.3,-2.5,-1.6,-2.5,-2.6,-4.7,-3.3,-4.3,-3.9,-3.0,0.0,-2.4,-1.4,1.0
2C7L50x9RM,0,48.0992,11.632628,4442651.8,2777526.11,540.5,586.2,215,7404,1.6,0.94,0.25,32.67,348.96,-0.53,-0.103,0.842,-0.6,0.1,-0.13,0.12,0.6,0.1,-0.3,0.0,-0.5,0.9,0.3,-0.7,-0.3,-0.1,1.2,1.2,-7.3,-0.0,3.2,2.7,2.7,3.6,2.2,2.6,1.2,0.2,1.2,1.0,0.7,-0.9,3.7,2.0,3.8,1.1,1.1,1.4,-1.9,2.3,-2.8,-4.2,1.8,-4.0,-1.9,1.1,0.7,0.4,2.2,-0.5,-1.3,-0.6,3.3,1.3,-0.0,-1.0,0.4,-0.0,-0.9,0.7,-0.4,-0.4,0.4,1.3,-0.1,0.1,0.1,0.6,-0.5,-0.1,0.8,0.4,-0.1,1.7,-1.0,-2.5,-2.0,0.1,-0.9,0.0,-0.3,-0.3,-0.2,1.3,1.7,0.6,1.9,1.2,1.6,-0.1,0.1,1.0,3.7,1.7,1.1,2.9,2.5,1.3,-0.4,-2.3,-1.9,-2.5,1.9,-1.6,-1.8,0.1,2.4,0.9,-0.5,1.0,-1.0,-1.3,1.8,0.9,0.7,-1.2,-1.7,1.1,-1.1,0.2,-0.5,-0.1,-0.4,-0.4,-0.2,-1.5,-2.4,-2.6,-1.7,-1.9,-3.1,-0.3,-0.1,2.1,2.8,0.2,2.4,2.3,-1.7,0.3,-0.6,1.5,-1.1,-3.0,0.8,-1.8,-2.6,0.7,0.1,-1.4,-2.6,-3.9,-0.9,-0.6,-1.5,-1.4,-2.3,-0.8,-1.1,1.0,-1.6,0.4,0.3,0.9,-1.7,-0.6,-0.7,-1.0,-1.8,-1.3,0.5,-2.5,-4.0,-4.4,-5.7,-1.1,-3.5,-5.0,-1.7,-0.3,-2.5,-2.2,-3.3,0.6,0.9,-2.8,-1.7,-1.6,-2.1,-1.7,-0.4,-1.1,-2.7,-0.3,-1.3,-2.0,-2.0,0.1,-1.1,-0.4,-3.2,-3.1,-4.5,0.2,-2.8,-1.4,-1.5,-4.0,-2.6,-3.4,-2.9,-2.4,-2.6,-2.6,-3.0,-2.0,-1.1
2C7L50x9Q3,0,48.098613,11.627916,4442302.19,2777453.2,536.2,581.9,215,7323,2.9,0.8,0.41,32.65,348.96,-0.529,-0.103,0.842,-0.7,0.1,-0.24,0.22,1.5,0.2,-0.3,0.3,1.0,-1.8,-2.3,0.9,0.0,-0.5,-1.8,-2.1,-0.6,1.7,-1.1,-2.3,-1.1,0.4,-2.6,-2.9,-2.4,-6.7,-4.5,-4.6,-3.2,-2.5,-1.0,1.8,1.2,-1.3,1.0,1.4,-5.2,-5.1,-4.4,-7.1,-0.2,-6.1,-11.9,-5.2,-0.4,-11.4,-14.8,-3.1,-1.7,-4.3,-0.1,-1.8,-1.9,-3.2,-2.2,-3.7,-2.1,-0.7,-0.7,-0.6,-3.3,-3.0,-1.3,-4.0,-3.3,-2.5,-3.7,-1.1,-2.7,0.2,-2.1,-1.4,-0.7,-2.3,-1.4,-3.2,-1.7,-1.3,-4.5,-2.0,-3.8,-4.2,-2.9,-3.8,-5.3,-4.6,-5.3,-5.5,-4.5,-1.9,-3.9,0.3,-3.8,-8.9,-5.4,4.7,-5.5,-4.4,-6.8,-5.3,-4.5,-2.2,-7.3,-10.3,-7.0,1.6,-7.7,-3.2,-14.6,-9.0,-5.8,-3.6,-1.9,-1.3,-7.6,-2.5,-2.0,-1.1,0.5,0.8,2.1,0.2,-1.3,-4.6,-1.2,1.2,-5.3,-3.7,-3.2,-1.1,0.5,-2.9,-2.4,-0.9,-1.3,-2.1,-3.4,-7.1,-6.5,-4.5,-2.4,-6.7,-4.8,-4.6,-3.6,-1.1,-3.0,-4.3,-1.7,-3.2,-8.4,-0.2,0.2,-2.3,-1.9,-1.6,-3.6,-2.5,-3.7,-5.2,-5.5,-3.2,-5.1,-6.4,-3.4,-5.5,-4.0,-5.2,-6.5,-14.6,-11.2,-5.0,3.6,-0.5,-7.8,-8.6,-6.7,-5.2,-0.2,-5.6,-1.7,-2.3,-0.2,-3.8,-4.8,-4.7,-2.1,-1.6,-3.3,-4.5,-3.4,-5.0,-1.1,-4.9,-5.6,-9.3,-1.1,-8.4,-1.8,-15.3,-5.1,-6.0,-9.7,-5.0,-3.3,-7.9,-6.6,-8.5,-6.7,-3.5,-6.5,-2.0,-4.9,-11.7,-10.8
2C7L50x9QB,0,48.098679,11.628424,4442339.89,2777461.28,539.1,584.8,215,7331,2.1,0.91,0.44,32.65,348.96,-0.529,-0.103,0.842,-0.7,0.1,-0.2,0.16,0.4,0.1,-0.3,2.7,1.6,-0.9,-0.6,0.5,-0.7,-2.5,-0.1,-1.6,-2.6,0.5,2.0,-0.7,1.1,1.2,0.6,-0.3,-1.6,-1.1,0.5,-1.0,1.5,-1.4,-2.4,1.3,-0.6,-0.1,0.3,0.1,-2.3,-1.6,-3.0,-4.5,-2.4,-5.4,-3.6,-2.0,-1.4,0.1,-1.5,0.0,-2.1,-1.8,-1.1,-2.8,-2.4,-2.3,-3.5,-3.0,0.1,-1.6,-4.2,-3.2,-3.1,-2.7,-0.4,-4.1,-3.0,-2.2,-2.2,-2.3,-2.3,-1.7,-1.7,10.8,1.3,-0.1,-3.4,-2.2,-2.7,-1.7,-2.8,-1.3,-3.8,-3.3,-1.7,-1.2,-1.1,-2.4,-3.0,-2.1,-1.9,-1.4,-2.1,-0.8,-1.4,-0.5,-1.2,-0.4,-3.3,-1.8,-3.4,-2.4,-2.2,-2.1,-2.2,-1.7,-0.2,-0.6,-2.1,-2.2,-4.1,-1.6,-1.2,-3.3,-3.1,-0.7,-5.0,-1.2,-1.8,-0.3,-2.0,-2.2,1.7,1.0,-0.3,-4.3,-0.1,-1.3,-2.3,-2.5,0.9,-1.7,-2.1,-1.3,-1.4,-0.1,-1.0,-3.0,-2.5,-3.8,-3.8,-2.5,-2.4,-5.0,-1.7,-1.0,0.4,-1.8,0.2,-2.1,-4.7,-4.2,-2.9,-1.4,-1.5,-1.3,-1.4,-1.0,-4.1,1.3,-4.7,-3.0,-1.9,-2.4,-3.8,-4.0,-3.8,-2.0,-3.0,-3.1,-4.2,-2.2,-5.9,-5.0,-1.6,-3.8,-7.8,-5.3,-3.9,-1.5,-1.7,-3.4,-2.4,-1.0,-4.7,-4.3,-3.7,-1.1,-2.4,-3.3,-3.2,-4.0,-1.2,-2.8,-1.9,-2.8,-4.0,-2.4,-4.5,-4.9,-3.6,-3.6,-7.1,-4.7,-4.6,-3.1,-3.8,-3.1,-2.5,-5.5,0.9,-15.7,1.5,-1.5,-0.6,-8.1,-15.9
2C7L50x9QC,0,48.098684,11.628463,4442342.79,2777461.9,538.2,583.9,215,7332,3.4,0.71,0.45,32.65,348.96,-0.529,-0.103,0.842,-0.7,0.2,0.31,0.27,2.4,0.2,-0.3,-1.5,-1.4,-1.2,-0.8,-0.5,-0.4,-0.5,-0.3,-5.2,4.0,-1.4,0.7,-1.1,-2.0,-3.4,-5.3,-4.9,-6.4,-4.1,-4.8,-1.2,-2.2,-0.8,-3.1,3.7,-10.3,-1.0,0.8,2.7,-1.8,0.2,-1.8,-4.3,1.4,-8.1,-3.6,-1.1,-1.1,2.2,-3.9,-0.7,-0.7,-2.9,-8.3,-2.8,-1.7,0.2,1.2,-8.0,-0.5,1.2,-1.1,-3.1,-3.3,-3.0,-1.5,3.7,1.2,-2.8,-2.6,-1.6,-2.9,5.2,-3.5,3.6,1.2,-0.8,-2.1,-4.2,-3.2,-0.7,-2.9,1.4,-1.8,-1.1,-1.8,-1.2,-2.5,-2.9,0.1,-4.9,-4.3,-1.2,1.9,3.1,-1.6,-5.4,0.6,-5.2,-4.3,-0.4,-18.9,-5.3,-8.1,-7.7,-7.7,-17.0,-5.1,-3.4,-1.3,-1.5,-6.6,-4.1,-0.8,-0.9,-2.6,0.4,-5.2,-4.4,-3.1,-4.0,-4.7,-2.1,-2.5,-0.6,1.7,-2.7,-4.1,-2.8,-4.3,-2.2,0.4,4.3,-5.6,-5.0,-3.4,0.2,-2.0,-3.6,-4.6,-8.0,-5.3,-9.4,-5.1,-6.3,-5.2,0.1,-1.8,-3.7,-2.7,1.2,-15.8,-2.8,-2.6,-0.7,1.3,-2.3,-0.5,0.2,2.6,-0.7,-4.2,0.3,-3.2,-6.2,-4.8,-7.4,-9.7,-5.8,-3.5,-9.1,-10.9,-6.1,-10.8,-9.6,-3.7,-9.0,-11.9,-7.9,-6.5,-4.5,-4.8,-5.6,-4.7,-4.5,-7.9,4.2,8.2,-11.0,0.7,2.7,-0.1,-1.4,-0.2,-4.9,-5.6,-3.9,-5.2,-6.6,-7.3,-11.3,-9.2,-8.7,-12.7,-9.5,-8.3,-9.8,-5.3,-2.1,-2.4,-1.5,-1.2,-13.7,-0.7,3.8,1.1,0.1,3.0
2C7L50x9R0,0,48.099066,11.631441,4442563.72,2777509.29,543.9,589.6,215,7382,2.6,0.83,0.36,32.66,348.96,-0.53,-0.103,0.842,-0.3,0.1,-0.54,0.2,1.4,0.2,-0.3,2.3,3.2,-3.2,-0.4,-2.4,-2.4,1.0,0.6,-1.8,-1.2,-2.5,5.8,-2.3,-5.5,-2.4,-3.6,1.0,-1.3,-0.6,3.9,1.5,-2.2,-2.1,-0.5,-0.7,-0.2,1.5,1.6,2.3,-3.6,4.5,-4.9,-10.3,-3.7,-3.2,-0.7,-0.2,0.2,-0.8,0.9,4.7,-1.0,-0.2,-0.1,-1.5,-2.0,4.4,4.4,4.9,2.3,3.8,4.8,3.3,-1.3,-0.5,-1.8,-1.3,0.7,2.1,3.9,1.5,0.4,2.9,2.9,0.3,3.2,2.7,1.2,2.5,-0.1,-2.1,-0.5,1.6,3.2,-1.2,-1.2,1.4,0.6,-1.1,-2.0,-1.4,3.3,-0.2,-0.9,2.5,-1.5,2.6,-0.5,-0.5,-0.3,-0.2,2.5,-2.3,-1.4,-0.6,-2.8,-0.9,0.5,0.4,0.7,3.3,-1.0,0.3,0.6,0.9,1.9,2.9,2.6,2.2,0.1,2.3,1.0,1.7,0.5,2.7,3.0,2.0,2.7,2.3,3.3,5.3,1.5,-0.6,-0.9,-2.1,-0.7,3.9,0.2,2.0,-4.2,-1.2,0.1,-1.3,0.1,-2.4,1.2,-3.8,-2.0,0.9,4.6,6.1,3.0,1.7,-0.1,3.6,2.1,-1.9,2.8,3.4,3.1,3.2,0.2,-1.5,-2.4,-1.6,-0.4,-0.3,-1.0,-1.9,2.4,0.1,0.6,1.0,-2.7,-3.3,-2.8,-2.8,-8.6,-7.9,-1.8,1.7,-2.4,-2.7,-5.0,4.4,11.7,1.2,2.5,-13.4,3.1,-2.0,-1.9,-1.3,0.6,-3.8,-3.1,-2.0,-1.7,-2.9,-2.7,-5.1,-4.1,0.0,-5.4,-1.0,-1.1,-1.6,0.0,-1.3,-0.9,0.8,3.8,2.6,-0.2,2.7,-0.9,1.4,-0.5
2C7L50x9RD,0,48.099157,11.632153,4442616.52,2777520.62,541.6,587.3,215,7395,2.0,0.9,0.37,32.66,348.96,-0.53,-0.103,0.842,-0.6,0.1,0.07,0.15,0.7,0.1,-0.3,-2.2,-0.1,-0.9,-0.4,-0.5,1.0,1.2,1.7,1.0,0.7,-0.3,7.4,-1.0,-0.8,0.5,-1.6,1.8,0.0,2.6,1.1,-0.2,2.7,-1.9,2.0,1.9,3.3,0.3,-0.9,-0.4,-2.4,3.0,-2.7,-2.8,0.4,-2.7,-0.4,3.1,2.4,1.1,2.4,0.2,-0.8,1.8,0.3,0.5,-0.7,-2.2,-0.3,-0.0,-0.1,-0.1,0.6,0.2,-0.4,-0.4,0.1,-1.1,-2.1,-0.9,-1.2,-1.5,-0.1,1.5,1.1,9.5,-9.2,1.4,-3.5,-1.9,-0.9,0.2,0.3,-0.4,0.2,1.1,1.9,2.1,1.9,1.3,2.6,-0.2,1.0,-0.7,2.0,1.0,2.5,1.4,0.3,1.7,-1.1,-1.0,0.5,-2.7,0.1,-1.3,-2.0,0.7,1.8,1.5,-0.6,-0.4,-0.5,-0.1,1.2,3.3,-0.6,-2.1,-1.3,-0.8,-1.0,0.1,-2.6,-1.4,-2.6,-6.5,-5.7,-1.6,-6.2,-5.2,-2.5,-1.8,-2.7,-0.8,-2.3,0.2,1.3,-1.3,2.2,0.7,-2.2,-2.1,-2.0,1.2,1.1,-1.3,0.5,1.1,1.4,1.9,-1.1,-8.4,-6.2,-1.5,-2.0,-3.3,-2.4,0.5,-3.7,-1.6,-0.8,-2.0,-1.5,-3.7,-1.5,-0.8,0.4,-1.5,0.6,-1.3,-1.2,-1.6,-1.3,-2.1,-3.8,-0.7,-0.7,-1.4,-3.7,-2.9,0.2,-0.9,-1.6,-1.9,0.7,4.1,-1.6,-2.2,-2.3,1.9,-1.5,-2.1,-3.4,-1.9,-3.6,-2.7,-3.8,-1.1,-0.5,-0.1,-1.0,-4.2,-1.6,-2.4,-4.5,-2.8,-0.8,-1.7,-0.0,-2.9,-2.4,-2.4,-3.5,-4.6,-4.6,-3.8,-0.7,-2.5,-2.1
2C7L50x9RJ,0,48.099193,11.632433,4442637.33,2777525.08,540.2,585.9,215,7401,1.8,0.92,0.21,32.67,348.96,-0.53,-0.103,0.842,-0.4,0.1,-0.03,0.14,1.1,0.1,-0.3,-0.2,-0.1,0.9,0.9,0.2,-2.1,1.4,0.5,2.8,-2.2,0.7,0.5,3.2,3.3,4.3,3.7,3.8,3.5,1.9,2.5,1.4,2.6,1.8,3.8,2.7,2.0,1.2,-1.0,-0.1,0.0,1.6,-2.6,-2.8,-0.3,-2.1,1.0,3.5,2.5,1.3,2.7,0.1,-1.8,2.1,0.9,0.4,0.9,-2.0,-1.5,0.2,-0.4,-1.6,0.1,-1.1,0.6,-0.0,0.9,-1.3,0.4,1.2,0.0,0.9,-0.1,1.8,0.8,-1.3,-1.2,-0.6,-0.1,0.9,1.0,-0.2,1.1,-0.5,1.1,1.9,3.1,1.7,1.6,3.0,4.2,1.3,1.6,2.2,2.7,1.9,2.2,3.2,2.2,0.9,0.8,0.4,0.6,-0.7,2.6,0.5,-1.5,-1.1,1.4,1.8,-0.4,1.5,0.9,3.2,1.5,2.7,2.1,1.5,-0.6,-0.2,-0.2,1.7,1.6,-0.2,-0.4,-0.6,-3.0,-0.7,-1.5,-2.1,-0.2,-0.1,-0.3,-1.2,1.5,2.6,4.1,0.4,2.9,2.6,0.0,1.7,0.5,-2.6,-1.0,-0.3,-1.0,0.5,-2.8,1.7,2.3,-3.1,-4.1,-3.3,-1.8,-0.5,-0.8,-3.0,-1.0,-0.1,0.8,-1.1,-1.5,1.0,0.5,0.8,-0.6,0.0,0.5,2.3,2.3,2.2,-0.0,0.2,-2.1,-2.3,-1.9,0.7,-2.0,-1.6,0.2,2.3,-1.9,-3.4,-3.9,-2.8,-2.5,-4.8,-2.8,12.6,-0.3,-0.1,-1.1,-1.8,-2.1,0.7,1.1,-1.9,0.5,1.8,0.7,1.2,-0.6,-0.4,-2.5,0.6,0.6,2.6,0.8,-0.1,0.8,-3.2,-3.0,-1.7,-1.7,-1.6,-3.9,-2.7,0.5
2C7L50x9Rc,0,48.099359,11.633721,4442732.89,2777545.56,550.5,596.2,215,7420,3.2,0.79,0.39,32.67,348.96,-0.53,-0.103,0.842,-0.4,0.2,-0.18,0.24,0.4,0.2,-0.3,-0.3,1.7,2.5,0.5,-1.2,-1.9,1.4,0.5,-1.5,-0.5,1.2,0.6,2.2,2.5,3.2,2.7,2.5,-0.6,0.4,1.8,2.4,7.0,0.4,0.1,1.3,5.1,-2.7,-11.0,-1.1,-5.0,-13.3,-3.8,-4.8,0.3,-2.0,1.4,0.4,-1.1,0.8,6.2,0.7,-2.8,0.2,0.4,1.6,0.7,-4.0,2.2,-1.3,1.6,-0.1,2.6,1.1,1.0,0.8,-0.1,-3.1,-0.4,0.3,2.2,-0.4,1.8,-11.1,2.3,3.0,-3.8,-0.2,-2.8,1.5,1.1,-4.2,0.0,-6.0,1.8,-1.4,1.6,1.2,-0.1,3.0,-0.7,1.1,-0.2,2.1,0.2,2.8,-1.7,0.6,0.4,-3.2,-0.7,0.2,-3.2,-3.2,-2.6,0.9,6.8,-2.6,-2.5,5.2,-1.3,-0.6,0.6,2.1,3.0,3.8,2.5,-1.2,-1.5,0.4,-2.9,3.2,3.9,-1.1,2.2,-0.8,-5.0,-5.7,2.8,-0.8,1.5,-2.7,3.2,-0.8,2.9,1.4,2.1,-6.6,-0.2,-1.3,-0.6,5.2,0.7,-5.8,-2.8,-2.4,0.5,-0.1,-3.4,0.4,2.1,-2.2,-2.8,-0.4,2.1,0.2,-0.9,-9.2,-1.2,4.0,1.3,-10.7,3.9,5.9,0.0,4.1,2.7,1.9,-2.8,-0.0,5.2,2.7,2.4,1.1,-0.6,-2.3,-2.5,0.7,-4.9,-0.7,1.6,-0.2,-2.3,-8.6,-8.4,-1.1,-8.3,-4.1,-4.5,9.2,-2.9,-1.4,-0.6,-0.7,-2.5,-3.0,-4.5,-3.2,-0.7,-1.2,-5.5,-1.1,-3.3,-1.5,-3.8,-2.6,-3.3,-1.8,0.4,0.3,2.9,-3.6,-1.8,-0.3,0.4,-0.1,-2.4,-0.7,0.0
2C7L50x9Sn,0,48.099862,11.637639,4443023.53,2777607.94,536.9,582.6,215,7493,2.1,0.9,0.33,32.69,348.96,-0.53,-0.103,0.842,-0.1,0.1,-0.17,0.16,1.1,0.1,-0.3,0.2,-0.9,2.2,0.2,-0.6,2.6,-1.1,-1.7,0.3,-3.8,0.4,-0.7,-0.2,0.1,1.7,2.6,0.9,-1.5,-4.0,-0.8,0.5,-2.9,-0.1,-1.3,0.5,-0.4,1.8,0.2,-1.2,-1.0,1.3,-8.5,-3.4,-0.6,-2.0,-5.1,-0.6,-4.0,-1.2,-2.5,0.1,-3.3,-1.1,-2.6,-0.7,-0.8,-2.2,-0.0,-2.8,-1.1,-2.7,-2.3,-3.7,-3.8,-0.2,-1.5,-0.5,-1.5,0.2,-1.4,1.0,-0.1,-0.1,-1.1,2.6,-0.6,-0.1,-1.3,0.9,-0.2,-1.7,1.8,-0.9,0.8,-1.2,0.6,-0.7,-0.5,-0.7,-1.9,-0.7,-0.9,-2.8,0.1,-1.3,-2.5,0.5,-0.6,-1.2,-3.5,-4.2,-2.1,-4.1,-3.9,-3.8,1.6,-1.1,-1.1,-2.3,-0.9,0.1,-0.8,1.4,0.2,1.0,0.8,0.8,-0.2,-3.1,-0.6,-2.1,-2.2,-1.8,-0.7,-2.9,-2.8,-1.8,-0.1,-3.3,-1.8,-2.4,-1.3,-3.3,-1.3,-0.8,-0.7,-3.0,0.7,-0.6,-2.5,0.2,-1.5,-1.4,-0.1,-1.9,-1.4,-0.3,-2.4,2.1,2.2,-0.7,-3.9,-4.2,-2.1,2.3,-1.1,1.2,1.9,1.5,12.8,2.0,-1.6,7.8,2.5,0.1,-1.6,0.9,0.4,-0.7,-0.9,-3.9,-2.5,-4.2,-5.7,-8.3,-0.8,-0.6,-4.9,-1.7,-3.3,-3.4,-2.2,-3.5,-1.3,-2.7,-1.2,-1.1,1.4,-1.7,-0.5,-0.3,1.1,0.8,-1.1,-2.3,-6.5,-1.8,-2.8,0.2,-3.4,-3.3,-2.3,-2.8,-4.9,-4.5,-0.9,-4.1,-1.3,2.0,3.1,-5.3,-4.0,-2.2,-0.9,-0.4,-1.6,0.7,-0.9
2C7L50x9T0,0,48.099988,11.638622,4443096.47,2777623.56,549.1,594.7,215,7506,4.6,0.58,0.48,32.69,348.96,-0.53,-0.103,0.842,-1.7,0.2,-0.1,0.35,2.1,0.3,-0.3,-2.0,-3.0,-2.9,2.4,-5.4,-1.0,-4.0,-6.1,2.1,1.7,0.6,6.8,8.7,3.4,7.9,4.9,-4.4,-6.3,-1.0,-14.8,-6.5,-0.2,-2.2,0.6,12.8,2.0,1.2,-3.1,4.3,4.1,7.1,1.4,-1.6,1.5,6.0,4.6,-1.3,9.1,7.9,6.8,-1.7,2.8,9.0,4.6,11.5,1.8,-11.2,-11.7,4.4,-4.9,1.6,2.5,4.2,0.7,-7.9,7.3,0.8,6.0,-12.2,-1.1,3.4,-6.5,-8.8,4.9,-4.0,-8.6,4.4,-4.7,-6.9,-2.1,-3.9,-2.7,-3.3,-6.4,-3.5,-7.3,-5.8,8.5,3.3,0.5,-0.1,-7.1,0.8,-6.6,2.7,1.6,1.1,5.9,1.2,1.1,-9.0,-4.2,-0.6,-8.3,-0.4,-1.5,2.0,-0.6,0.7,-2.9,-4.2,-1.9,-4.5,5.7,-8.0,10.6,3.5,-0.4,0.2,6.0,2.2,1.7,4.2,1.4,-1.6,3.7,-5.3,2.0,0.3,-2.2,-2.5,-3.0,-2.4,-1.1,-5.0,-7.3,-2.9,-3.9,-4.2,-0.7,0.0,0.9,0.8,-7.2,-4.2,-3.6,-2.2,1.2,1.2,0.7,-7.8,-11.9,-4.5,-4.2,-4.2,-4.7,-2.8,4.3,-12.5,-6.9,-4.9,-4.2,-4.8,-1.5,-0.6,-3.7,-4.8,-3.8,-1.3,-3.7,-1.0,-3.9,0.6,-2.1,-1.0,-2.7,8.7,-6.4,-5.0,-0.2,1.8,-1.9,-4.1,-1.7,-3.6,-12.1,-14.1,-13.9,-1.9,-5.4,-22.0,-6.9,-10.2,-7.3,-7.7,-5.8,-2.6,-1.1,-4.7,-9.4,-8.0,-6.3,-9.0,-10.4,-5.5,-2.2,-2.3,-0.5,-5.3,-4.6,-2.4,-5.3,-4.6,-6.9,-3.3,-7.6,-5.9,-11.0
2C7L50x9QI,0,48.098752,11.628854,4442371.76,2777470.18,539.0,584.7,215,7338,4.7,0.54,0.79,32.65,348.96,-0.53,-0.103,0.842,3.4,0.2,-0.61,0.38,0.8,0.3,-0.3,-2.5,-1.3,-5.2,0.2,-1.1,-0.6,-1.8,2.0,-1.0,1.3,-0.1,-1.8,4.8,0.6,-2.2,-2.0,-2.3,-2.2,-0.9,4.5,-1.4,-11.2,-5.0,6.1,5.5,1.2,-0.5,2.4,-5.2,-3.2,-6.2,-10.7,-2.5,2.4,-2.4,-10.7,0.2,-6.1,-5.1,-6.0,-10.6,8.6,-0.0,-3.2,-6.5,-6.2,-5.7,-3.4,-4.8,-2.4,2.5,-3.2,-4.8,-5.2,0.5,-0.8,-3.6,17.4,-0.5,-2.8,1.7,-6.7,2.5,3.2,-1.5,4.9,-1.9,-3.1,-0.2,-2.5,-3.6,-4.6,-5.7,-6.2,-4.9,-2.8,-2.9,-3.5,-8.0,1.9,-1.4,-0.7,-7.2,7.2,-2.6,2.7,-5.7,1.4,-4.8,-9.2,-9.3,14.4,15.1,-6.1,-8.2,-7.3,-4.3,-6.7,-5.7,6.4,4.5,-3.5,5.3,7.9,-3.8,-0.7,5.2,6.4,11.6,7.8,13.8,4.6,2.3,-2.2,-1.3,-0.1,3.7,2.6,2.2,-0.5,0.4,1.2,1.8,-0.2,0.5,-0.5,4.0,-0.1,-0.5,-5.7,14.4,17.2,19.4,17.2,4.0,8.2,11.5,13.4,10.9,15.8,10.0,10.8,11.4,12.3,11.6,11.9,10.4,11.5,13.6,14.3,7.6,10.2,11.9,11.2,12.2,10.5,10.0,10.3,11.2,10.7,8.9,6.6,11.4,7.2,7.4,11.2,10.9,4.7,7.4,9.8,10.6,10.3,5.4,10.3,9.8,11.4,10.2,11.0,2.8,10.3,10.4,9.6,7.7,9.7,11.0,10.2,9.3,9.3,11.5,11.7,11.7,11.9,13.4,8.8,12.7,11.1,10.3,7.7,7.8,8.6,8.9,9.2,7.3,7.6,9.6,10.4,10.7,11.0
2C7L50x9Qq,0,48.098996,11.630749,4442512.32,2777500.34,537.3,583.0,215,7372,4.1,0.66,0.44,32.66,348.96,-0.53,-0.103,0.842,-1.1,0.2,-0.71,0.31,0.5,0.3,-0.3,2.0,2.0,-0.2,1.1,0.1,1.6,1.9,2.4,2.1,6.1,1.8,1.4,1.7,1.7,1.5,0.2,0.1,2.2,2.4,-0.1,1.2,2.6,3.1,0.4,1.8,2.1,2.7,-8.1,1.2,1.6,6.0,-4.5,-7.8,-3.2,-1.7,-7.6,-2.0,-2.0,0.3,-2.7,-3.5,-0.0,-1.2,4.1,-2.6,8.6,7.0,13.2,-2.1,2.3,0.2,-1.0,1.6,3.3,0.8,5.7,7.3,1.2,-0.3,-2.5,0.7,0.9,1.6,0.2,-6.5,-1.4,0.4,-4.2,-0.7,-0.4,-0.5,-0.2,-0.3,-1.1,2.2,0.3,2.0,2.4,1.2,3.9,7.5,-8.9,6.4,6.0,2.5,2.1,8.2,-2.5,5.6,3.8,7.3,8.7,6.2,-9.3,5.8,5.2,6.0,8.7,5.9,1.4,10.1,7.5,8.0,6.0,5.9,10.0,5.0,-0.4,2.0,2.7,-1.0,-3.0,-2.4,0.3,-2.2,-4.6,-3.0,-2.0,-2.6,-2.0,-4.8,-1.0,-1.6,-0.6,-1.9,-2.3,-4.0,-2.1,0.5,0.7,-0.4,-3.0,-8.3,14.0,-9.2,-0.7,0.2,2.7,4.1,6.9,-0.7,-6.0,4.4,-0.2,5.5,-0.6,-0.7,1.1,2.8,1.1,-2.1,-1.7,0.3,-1.3,0.3,-0.9,-0.6,0.3,0.5,2.6,-1.9,-1.0,0.7,1.1,-7.1,1.6,-0.2,-5.5,-5.0,-3.0,-0.1,-1.5,-3.1,-3.5,-2.5,-6.5,-3.6,-2.8,-12.1,-1.9,-0.2,-1.4,-3.5,-2.5,-1.0,0.1,-6.3,6.5,0.7,-8.3,-1.6,-8.3,10.9,-1.0,-7.3,-7.7,-4.2,-12.1,-10.1,-9.1,-5.5,0.2,-2.5,-0.0,0.3,-1.9,-2.3,0.4
2C7L50x9RH,0,48.099203,11.632361,4442631.88,2777525.98,542.4,588.1,215,7399,2.2,0.87,0.36,32.66,348.96,-0.53,-0.103,0.842,-0.2,0.1,0.15,0.17,1.1,0.1,-0.3,-1.6,1.2,1.4,-0.8,0.5,0.5,1.6,1.5,2.0,-4.3,-0.0,2.5,2.4,1.3,2.2,3.3,2.5,3.3,0.2,2.8,1.4,1.6,3.0,2.7,3.0,0.1,3.7,-0.2,1.9,-0.4,6.6,-5.3,-2.1,0.9,-3.0,2.1,2.8,6.0,2.4,2.9,0.6,-0.0,2.1,3.2,2.6,-1.3,0.2,0.7,2.2,3.7,1.2,0.5,-0.3,-0.5,0.4,1.4,-3.4,-1.0,-2.4,-1.7,-3.1,-0.8,-3.2,-0.9,-1.2,-4.2,-1.1,0.3,-0.7,2.3,3.9,1.9,2.7,2.8,4.1,3.8,2.4,2.9,3.9,4.3,4.6,1.3,4.7,2.7,1.9,2.3,4.4,2.1,0.2,1.1,0.0,1.9,-2.7,-6.2,1.3,-1.9,3.1,3.1,3.0,-1.5,1.3,2.1,3.2,3.1,1.6,2.6,2.3,0.1,1.7,0.8,2.2,0.5,0.3,1.1,-0.4,0.5,0.5,-0.3,-4.1,0.3,-5.5,-0.2,-2.0,1.4,2.4,2.9,-2.2,3.3,4.0,0.6,0.6,3.3,3.9,0.4,-1.4,-1.9,-2.8,-1.5,2.0,1.8,0.5,-5.2,-5.6,-0.1,-4.7,1.5,-3.6,-0.7,-0.9,-2.7,-3.7,-3.3,-0.7,-1.8,1.4,1.6,0.6,-0.1,0.6,-1.1,0.2,1.5,-0.4,-1.8,-1.8,2.3,0.2,-2.8,-0.4,3.8,1.7,-0.3,0.6,-2.0,-1.8,-1.8,0.1,4.1,8.4,1.8,1.7,0.7,1.8,1.0,0.9,1.1,0.2,1.5,2.3,-0.3,2.0,-0.3,2.5,-0.3,0.7,0.2,2.3,1.3,-0.4,-1.7,-2.2,-3.3,-2.0,-1.9,-2.7,4.0,-1.3,0.4
2C7L50x9T4,0,48.099999,11.638566,4443092.3,2777624.76,537.4,583.1,215,7510,2.9,0.8,0.42,32.69,348.96,-0.53,-0.103,0.842,-0.6,0.1,-0.41,0.22,1.3,0.2,-0.3,0.9,-3.3,-0.7,-4.2,-1.8,-0.2,-1.6,-0.8,-0.7,1.0,-0.5,3.9,-2.7,0.5,-1.4,0.7,-2.1,0.8,-3.6,-2.8,-2.4,0.1,-0.7,-0.8,-0.9,2.5,1.4,-3.7,-4.1,-1.3,-3.3,-8.5,-5.0,-2.3,-2.0,3.2,-1.1,1.5,-3.7,1.9,2.1,1.4,-0.3,0.9,-1.7,0.5,1.7,1.6,6.6,3.6,1.7,6.7,10.7,0.8,2.3,2.2,-0.4,0.2,1.6,0.6,0.0,2.0,-5.2,2.6,-2.8,-0.1,-1.4,0.6,1.6,0.3,0.9,-0.0,-0.3,-0.8,-0.4,0.5,0.1,-1.0,0.2,1.8,-0.6,-1.6,0.1,-1.9,-2.2,-2.5,3.9,-0.7,1.2,-3.8,-3.5,-4.8,-5.4,-4.4,-1.9,-1.4,-8.3,6.4,1.4,2.9,0.6,1.8,2.6,2.1,2.1,1.4,8.8,1.6,-2.6,-2.5,7.4,4.7,3.8,-13.0,6.1,1.7,-0.5,-0.2,-2.4,0.5,1.8,0.7,-3.8,-2.0,-2.0,-0.2,-0.8,-0.5,-1.5,-0.7,1.4,-2.3,1.4,-2.3,-5.2,-2.2,-2.5,-6.7,1.0,-2.6,-2.0,1.2,-6.3,-3.9,-0.6,-0.8,3.4,-4.1,-2.6,3.8,-2.5,-0.7,0.7,-1.5,1.0,-1.0,-1.1,-2.6,-0.4,2.3,-2.0,-1.2,-5.4,-7.2,-6.7,-0.4,-1.4,-7.4,-1.5,-3.4,-1.0,-0.1,-1.6,6.4,-1.9,1.6,3.8,-3.9,3.2,-6.2,-5.1,-2.4,-4.7,-3.3,2.5,-0.8,-0.7,-4.0,-4.0,-4.4,-2.5,-2.4,-4.3,-4.6,-3.1,-5.4,-4.4,-2.4,-3.5,-1.4,1.7,-3.9,-3.4,-1.8,-0.8,-2.4,-2.4,-0.5
2C7L50xQSf,0,48.098496,11.626718,4442213.22,2777438.23,550.5,596.2,216,7297,3.7,0.72,0.47,32.64,348.96,-0.529,-0.103,0.842,-0.2,0.2,-0.42,0.28,0.5,0.2,-0.3,-1.3,-0.5,-2.5,-6.4,-2.8,1.3,-1.3,-0.4,-0.1,10.7,-1.8,0.3,-1.0,-3.2,-7.7,-0.1,1.3,-0.7,-4.5,1.0,-0.2,1.6,-0.0,1.7,0.1,3.3,0.1,2.0,0.6,-5.7,0.1,-4.5,0.6,-0.3,-5.5,-2.4,0.2,0.2,2.7,3.3,-0.2,6.0,-3.0,0.4,-2.6,-6.8,-0.8,-1.6,-2.5,-2.3,-1.8,-9.4,-7.4,2.6,7.4,-1.2,6.4,7.6,6.6,1.2,-1.6,1.8,2.1,0.1,-7.5,-0.9,1.8,1.3,-2.6,-4.4,-4.5,-3.7,-8.2,-2.2,-1.5,-3.0,-3.3,-0.9,-3.1,-1.2,-2.2,-0.1,0.3,-3.0,0.0,-0.1,-1.0,-2.0,-1.3,0.0,-2.5,1.4,6.1,-5.2,-2.5,-7.1,6.1,-1.8,-0.2,4.9,1.9,0.8,-2.2,-2.6,-0.6,0.2,-0.6,-3.3,-0.9,-6.6,-0.8,-2.6,-5.0,-2.7,-0.3,5.2,-3.4,-2.3,4.8,4.4,-0.7,2.4,8.0,5.6,-1.6,-3.1,-16.4,2.0,-4.2,-3.3,3.4,-2.5,2.0,-0.2,-2.7,3.7,-0.8,3.6,-1.7,0.4,1.7,-1.8,0.4,2.3,2.9,-4.3,5.6,9.1,2.7,-1.8,2.8,9.8,3.8,-8.5,-3.5,1.2,-0.4,-4.3,1.7,-4.3,0.2,-3.5,0.6,-5.8,-1.4,4.5,-3.6,-4.0,-0.8,-1.0,-0.6,-0.8,-6.2,-4.3,-5.2,-4.5,-0.8,0.3,2.5,3.0,-0.1,-1.9,1.8,0.5,-3.7,-0.4,-3.1,-2.8,-3.6,-2.0,-0.1,3.8,3.6,-6.3,-9.4,1.3,-1.0,-0.8,2.0,-1.4,-3.9,-4.1,-3.3,-3.3,3.9,3.1,-12.6,-4.5
2C7L50xQSi,0,48.098519,11.626897,4442226.46,2777441.06,551.4,597.1,216,7300,4.0,0.65,0.41,32.64,348.96,-0.529,-0.103,0.842,-0.7,0.2,-0.57,0.31,3.0,0.3,-0.3,0.2,-3.8,-3.5,-4.5,-0.9,2.9,-3.5,0.4,-2.2,2.0,-2.1,3.9,-11.0,-2.3,-3.3,-4.4,-2.6,-3.4,-5.0,-1.7,-7.7,-3.7,-3.8,-2.4,-0.1,-3.6,-2.3,-1.1,-5.1,-6.2,-5.4,-8.0,-8.2,-4.5,-8.9,-4.5,-3.7,1.1,-2.3,-5.4,0.4,-2.0,-2.8,-2.5,-0.0,-3.3,3.4,4.8,-3.7,-3.7,-1.5,-0.7,-1.7,-1.1,1.6,-1.6,2.3,-1.3,0.6,0.4,-2.5,1.9,-4.0,1.0,2.2,3.5,3.2,4.4,-0.3,-1.9,2.0,2.0,1.3,-1.1,-4.5,-5.9,-2.6,-3.1,-5.8,-5.1,-5.2,-4.7,-5.2,-4.8,-5.6,-8.0,-5.1,-4.2,-3.3,-5.3,-3.6,-6.5,-4.3,-6.9,-6.5,-2.5,-3.9,-3.9,-5.2,-4.1,-3.6,-5.1,0.2,-1.5,0.5,4.8,-1.4,-13.4,0.4,-5.9,-2.4,-1.3,-0.3,-2.6,-1.2,2.1,6.8,-0.3,2.1,7.6,6.2,-0.9,2.4,-0.5,0.7,-8.9,4.7,-6.3,-7.9,-8.1,-9.0,-7.3,0.3,-5.0,-8.0,-6.4,-6.8,-5.5,-3.8,-0.9,-14.0,-6.2,-8.6,-6.0,-4.3,-5.2,-11.6,-3.6,-3.1,-6.4,1.1,-1.0,-3.5,-3.4,-5.0,-3.4,-1.1,-4.5,-4.4,-5.9,-6.0,-8.7,-6.0,-8.8,-9.0,-9.7,-5.9,-6.9,-4.0,-5.5,-4.3,-6.0,-19.0,0.6,3.9,6.4,-0.5,3.4,5.4,12.2,7.7,10.9,-13.8,10.7,2.3,-4.6,-18.3,-5.2,-4.7,-6.4,-10.4,-7.7,-5.4,-10.2,-7.0,-5.8,-6.7,-3.3,-8.2,-6.5,-9.9,-7.1,-5.5,-9.6,-8.8,-8.6,-4.8,-9.7
2C7L50xQTU,0,48.098842,11.629409,4442412.84,2777481.07,540.1,585.8,216,7348,4.4,0.61,0.53,32.65,348.96,-0.53,-0.103,0.842,-0.8,0.2,-0.31,0.34,1.7,0.3,-0.3,-3.4,-1.9,0.4,3.1,-6.3,-7.9,2.6,-3.3,3.4,10.6,3.8,-7.6,7.4,4.2,5.5,4.9,6.0,4.1,3.7,4.0,0.3,2.3,0.1,1.2,2.4,3.1,0.1,-8.7,0.4,-4.3,-0.2,-4.1,-3.8,-1.3,-4.1,-1.5,-0.2,-1.2,1.7,0.4,-3.1,-10.1,0.2,3.0,0.5,-0.5,9.5,-3.6,0.8,-0.3,-4.9,1.8,-6.0,-2.5,-10.9,6.6,2.9,-2.2,4.1,4.0,5.0,-5.6,-5.9,2.7,7.6,-0.7,4.0,1.3,6.1,2.6,-5.5,3.0,11.1,1.6,1.6,3.3,1.4,1.2,1.0,3.3,0.9,0.9,4.1,-1.7,3.4,0.7,-16.0,1.9,4.0,-1.6,-2.6,-0.3,-2.8,0.2,-2.7,-0.6,-4.2,1.5,0.7,-3.1,-3.9,4.3,2.5,-6.1,1.9,-0.6,1.9,-2.2,-0.9,5.5,1.2,3.8,2.6,1.0,0.2,4.8,-2.5,0.4,0.6,-0.1,-0.7,3.0,2.6,3.1,3.9,8.4,1.2,1.3,1.3,-3.6,-3.0,-5.0,-14.5,-2.5,-1.7,-1.8,-1.0,-6.8,-2.5,-2.9,9.2,-9.3,-5.7,-4.0,-3.9,-5.8,3.4,-6.9,-3.1,1.7,-0.9,0.2,1.7,1.4,-0.8,-3.8,-2.6,-3.3,-4.8,-2.5,-1.9,-3.5,-1.8,-2.4,-6.1,-8.1,0.4,-4.5,1.3,-5.0,1.7,2.3,7.0,7.1,-8.8,-16.0,-4.0,-10.5,1.4,-8.7,0.3,2.3,0.7,-0.9,-6.4,1.8,-13.4,4.0,1.0,-7.8,-3.6,-3.4,0.7,-2.6,-0.3,-2.4,-1.5,-6.6,-7.9,-3.1,-17.6,-6.0,-1.0,1.8,-13.6,6.3,1.2,2.3
2C7L50xQTz,0,48.099086,11.63131,4442553.9,2777511.31,547.0,592.7,216,7379,4.6,0.6,0.53,32.66,348.96,-0.53,-0.103,0.842,-0.7,0.2,0.56,0.35,1.0,0.3,-0.3,-2.2,-5.1,-3.6,-2.8,0.7,8.7,0.0,6.4,-3.5,2.9,-9.6,0.6,-0.1,-6.2,-7.1,-8.3,-8.5,-1.0,-1.7,-1.4,3.4,-14.9,6.7,2.1,-2.8,-4.6,0.2,-5.2,-1.8,-9.0,-1.2,-8.7,-3.6,1.4,-3.1,-0.5,1.3,-4.3,0.2,1.3,0.8,1.3,-8.6,-3.5,-0.1,2.1,2.3,4.3,-0.7,1.1,-0.4,-11.8,-0.5,-2.9,-0.0,-16.7,-7.3,-4.1,-3.1,3.0,-1.5,-6.7,-8.1,-6.0,-9.3,-0.9,-4.1,-17.4,-1.2,1.1,6.0,2.2,-0.8,1.5,3.4,-9.1,-0.7,-3.2,-5.4,6.6,-9.6,-20.3,2.4,-4.6,-0.4,-7.3,-5.4,-17.2,-9.5,-7.5,-1.6,-1.1,-0.4,-11.2,-6.8,-11.8,-1.5,-6.7,-7.6,-5.2,0.1,-4.4,7.5,-3.5,-3.4,-4.0,-8.4,-5.8,-3.0,-4.7,-4.9,-5.1,-3.0,-3.8,-0.6,-17.7,-10.4,-5.0,-4.3,-4.9,-7.1,-6.4,-3.3,-5.0,-10.7,-11.8,-0.7,-0.8,-6.2,-0.3,-4.9,-13.2,3.1,-12.3,-8.1,-5.2,-3.1,-7.7,-6.2,-0.5,3.3,-2.5,-5.5,-7.2,-0.9,-0.8,2.0,-2.0,-0.6,-1.0,-4.8,-0.3,-0.4,-4.7,-3.3,-5.0,-1.3,-3.2,-5.0,-4.4,-6.3,-6.9,-4.7,-7.3,-10.9,1.3,-15.0,-8.8,-10.7,-10.0,-10.7,-8.3,-4.8,-4.9,0.4,-3.4,-4.0,-3.0,2.8,-0.4,-6.0,-5.8,-6.4,-2.5,-3.5,-4.4,-2.9,-1.9,-5.8,-10.7,-3.6,-9.0,-11.2,-10.1,-7.3,-10.9,-7.5,-6.5,-3.1,-1.7,-4.2,-5.1,-4.1,-1.8,-4.9,-6.8,-4.3,-0.8
2C7L50xQUC,0,48.099167,11.631941,4442600.74,2777521.38,539.5,585.2,216,7392,2.4,0.87,0.37,32.66,348.96,-0.53,-0.103,0.842,-0.2,0.1,0.41,0.18,0.5,0.2,-0.3,0.1,-1.9,1.0,-1.2,0.1,-1.3,1.3,0.9,3.2,-4.2,0.1,-0.4,-1.0,-1.1,-2.4,0.1,-1.5,-0.0,1.0,0.4,0.4,-1.3,-2.0,3.9,-3.9,1.3,-3.7,-1.7,4.4,-4.8,3.4,-4.1,-0.9,-4.0,-4.2,-4.0,0.9,0.5,3.6,4.8,3.0,2.2,3.9,1.5,-0.5,-2.5,-0.5,2.7,3.0,-0.5,0.4,-0.8,-0.7,-1.8,-0.1,0.8,0.8,-1.6,-0.2,-0.2,-1.3,0.0,-3.0,0.0,-2.7,-1.0,-1.6,-0.9,-0.9,-0.9,-0.1,-0.1,0.5,0.3,0.1,0.8,0.4,1.0,0.4,-1.3,-1.8,-3.1,0.4,-3.0,1.5,-0.7,2.7,-2.3,-1.4,-5.6,-1.6,-1.0,0.3,-0.3,-0.0,-3.3,2.5,-1.9,-0.2,2.1,1.6,0.6,-2.9,1.0,3.6,2.5,-0.7,2.0,0.7,1.2,-1.2,-0.8,-1.7,-1.8,-2.5,-3.6,-3.1,-3.4,-6.2,-2.8,-5.4,-2.5,-2.1,-3.4,-1.0,-1.5,-12.1,-3.5,-1.2,-4.5,0.3,-0.2,0.5,2.8,-3.9,0.7,-0.7,-1.8,0.3,1.6,-1.3,-0.6,-2.5,-2.9,-2.3,-0.4,-4.6,0.5,0.6,-2.8,0.5,-3.1,-0.9,-4.2,-2.0,2.5,-1.2,-2.6,1.5,1.6,-2.7,3.0,-0.7,-2.9,-3.6,-3.0,-5.5,-4.2,-0.7,0.2,0.6,-2.9,-3.9,-0.2,-2.8,10.2,-2.9,-0.6,-4.8,1.2,-1.4,0.4,1.8,0.3,-2.5,-3.3,2.4,-3.4,-3.3,0.6,-1.3,-0.1,-1.6,-2.0,1.5,-3.1,0.3,-3.1,-0.7,0.5,0.4,-2.2,-2.1,-1.8,-0.5,-3.4,8.2,-0.6
2C7L50xQUH,0,48.099203,11.632219,4442621.3,2777525.79,539.8,585.5,216,7397,2.0,0.9,0.29,32.66,348.96,-0.53,-0.103,0.842,-0.3,0.1,-0.05,0.15,1.0,0.1,-0.3,-1.2,0.1,-0.8,-0.8,-1.2,-0.7,0.3,-0.6,0.3,-2.3,0.0,-0.7,2.3,2.8,2.7,1.7,5.3,3.7,2.4,4.9,1.5,4.4,2.4,4.7,2.4,4.8,0.2,0.6,4.0,-0.8,5.3,-3.8,-1.1,0.5,-1.1,2.8,4.2,3.6,3.0,4.1,2.3,1.1,4.3,1.0,0.7,-0.6,-0.5,0.4,-0.1,0.2,0.7,1.6,0.2,1.4,1.0,2.0,0.1,0.1,0.0,-1.2,0.9,-0.3,0.3,-2.7,3.6,-2.8,-3.5,-1.1,0.7,0.5,-1.0,1.7,1.6,1.7,2.6,3.6,4.3,3.3,3.7,3.3,2.0,3.0,1.6,3.5,2.8,4.2,2.9,1.8,2.6,0.4,0.6,1.0,0.2,1.8,-0.7,-1.3,-0.5,1.8,0.3,3.7,0.6,0.2,0.9,3.3,2.6,1.7,1.9,0.1,0.3,1.0,1.5,0.7,-1.8,-0.5,-0.6,-1.0,-0.4,-1.8,-0.2,1.5,-1.7,-1.3,0.4,-0.3,1.5,0.5,0.9,0.6,1.1,-0.2,4.8,3.8,0.7,0.6,-0.6,0.6,-0.0,-0.3,1.6,2.3,-0.2,-4.0,-1.9,0.1,1.8,0.3,-0.9,0.8,3.0,2.5,1.2,-0.7,1.2,0.8,1.0,0.5,0.8,1.6,2.0,2.8,3.1,0.1,0.2,-3.7,-5.2,0.3,1.5,-5.7,-2.2,-2.8,-0.4,-4.1,-1.0,0.0,-0.2,2.5,-3.1,-0.8,12.7,-0.0,-0.7,0.2,-0.7,0.6,-0.1,-0.4,1.4,1.8,2.1,-0.1,1.1,1.1,-0.3,-3.1,-0.7,-0.9,-0.6,-1.2,-0.2,0.5,-0.1,-2.7,-1.0,-1.5,0.1,1.3,-0.2,3.0
2C7L50xQUK,0,48.099222,11.632365,4442632.19,2777528.12,540.1,585.8,216,7400,1.6,0.91,0.25,32.67,348.96,-0.53,-0.103,0.842,-0.4,0.1,0.02,0.13,1.4,0.1,-0.3,0.1,0.3,2.0,0.3,0.2,-0.4,1.9,-0.1,2.7,-2.0,1.9,2.3,2.9,2.9,3.0,3.1,3.2,3.7,2.6,3.1,0.3,2.0,4.2,3.7,4.1,2.6,2.9,2.6,2.6,-0.1,3.8,-2.5,-2.9,0.5,-3.4,0.5,2.6,3.3,2.5,2.2,1.6,1.1,1.4,2.2,-1.0,1.5,1.5,1.0,0.5,-1.3,-0.4,-0.1,-0.1,0.3,-1.4,1.1,-0.4,0.9,0.1,-2.3,-0.6,-0.1,-0.8,2.1,4.3,-2.5,-1.0,-2.1,0.2,0.1,0.6,0.4,0.2,-0.6,2.7,3.0,0.6,3.2,4.4,5.0,2.9,2.3,3.9,3.8,3.1,4.2,5.8,2.1,1.2,3.3,1.3,1.6,-1.2,1.4,-0.4,0.4,0.4,3.4,1.8,1.8,1.9,2.4,1.9,2.3,3.6,3.7,1.9,0.4,1.5,1.3,2.1,0.4,-0.2,1.5,-2.1,-3.3,-1.9,-1.8,-3.0,-2.3,-3.8,-0.6,-1.1,1.3,2.8,3.9,-0.5,3.8,2.3,2.3,2.3,2.0,4.1,1.9,-0.7,0.8,1.4,-0.7,2.5,1.4,0.3,-3.9,-2.7,-1.0,-2.2,-1.1,-2.2,-1.6,-1.8,-0.7,-0.2,-1.3,-0.0,0.2,0.8,-0.2,-0.4,-1.1,1.0,1.2,2.1,2.0,-0.2,-0.9,-2.0,-0.2,1.1,-2.2,-1.5,1.3,-0.0,-1.0,-2.5,-2.1,-1.9,-1.5,-1.6,-1.0,6.6,-0.3,0.6,-0.2,1.2,0.4,1.4,1.2,-0.2,0.9,0.6,0.5,1.3,0.3,1.1,-2.9,2.2,0.5,1.9,1.8,-1.3,-0.1,-1.9,-2.4,-1.2,-1.6,-2.0,-2.2,-0.6,-0.2
2C7L50xQVc,0,48.099828,11.637085,4442982.38,2777603.23,546.5,592.1,216,7480,4.1,0.67,0.46,32.69,348.96,-0.53,-0.103,0.842,0.0,0.2,0.56,0.31,2.4,0.3,-0.3,-0.8,-6.0,-2.4,-2.9,-3.5,-0.3,2.6,-1.2,-3.6,-5.7,-3.4,-1.6,-2.3,-0.3,-6.5,-2.7,-3.4,-3.6,-6.5,-8.2,-1.2,-5.3,0.1,-5.6,0.0,-13.6,1.5,-2.3,1.1,-5.2,1.2,-8.7,-9.0,6.0,5.4,-1.2,-1.0,-8.2,5.0,-2.0,-14.3,1.8,3.5,6.4,-0.7,10.1,-1.8,-2.5,1.2,4.7,2.1,7.0,3.6,-1.2,-2.9,-1.6,-0.7,-0.9,-1.9,-1.4,-5.1,-1.5,-4.4,-2.6,-0.8,-3.3,-4.1,-6.9,-2.0,-1.8,-3.2,2.9,-6.5,-4.9,-11.1,-7.1,-7.5,-15.8,-17.2,-13.3,-3.2,-19.0,-6.6,-1.8,-4.9,-12.7,-12.3,-16.3,-12.6,-0.0,-11.1,-0.7,-3.1,-5.2,3.1,1.2,0.4,-0.3,-2.2,-5.2,2.5,-2.4,-1.2,1.8,-0.8,-4.0,-0.8,-1.0,-2.6,1.3,1.0,-1.8,-0.7,-2.8,-2.6,-3.2,-3.1,-3.7,-14.5,-4.2,-1.8,-0.7,0.1,3.1,0.3,1.6,-3.6,-1.9,-3.7,-1.0,0.8,-3.2,-1.6,-2.9,-5.2,-3.0,1.9,-1.9,0.5,-3.2,-4.8,-3.2,-6.4,1.3,2.8,-2.6,-2.2,-2.8,-0.4,-2.1,-1.1,-0.2,-2.3,-1.9,-2.5,-4.9,-1.9,-3.8,0.1,-1.5,-5.1,-3.5,-3.6,-5.0,-10.0,-2.3,-3.7,-6.6,-3.0,-2.2,-4.6,-4.2,-5.0,1.3,-1.7,2.4,-6.4,-3.6,0.4,-4.3,-2.2,-2.5,-1.1,-1.6,-2.7,1.3,-3.5,-3.4,-4.9,-8.9,2.6,-7.8,-2.8,-5.3,-3.6,-3.2,-4.3,0.1,-1.3,-2.6,-2.0,-4.2,9.7,10.1,-0.9,-0.1,-1.9,-0.9
2C7L50xQVe,0,48.099829,11.637096,4442983.16,2777603.4,543.3,589.0,216,7482,3.2,0.78,0.42,32.69,348.96,-0.53,-0.103,0.842,-0.1,0.2,-0.38,0.24,0.7,0.2,-0.3,2.6,-4.3,-0.3,0.9,2.3,-4.8,-0.7,-0.9,-1.4,0.9,-1.4,-1.8,-0.8,-1.9,-1.8,3.3,-2.4,-0.9,-1.3,-6.0,-0.7,-0.3,0.7,0.1,-0.0,-3.9,-2.9,-5.3,-2.1,-2.8,0.1,0.9,-5.1,0.6,-8.4,2.1,-1.0,-0.0,0.2,-1.7,2.9,-6.5,-0.1,-0.5,-1.1,-0.4,-4.4,-1.0,2.3,-2.1,3.0,2.3,2.2,1.3,2.8,0.1,1.1,-2.8,1.5,1.0,0.5,1.5,2.1,4.5,-1.1,-1.4,-0.5,-1.3,-1.0,-1.9,-0.4,-2.5,-2.6,-1.4,0.4,-3.6,1.5,-2.5,-4.5,1.0,-7.0,-5.4,-1.8,-2.2,-3.4,-6.8,-1.0,-2.7,-4.6,6.1,-12.7,0.3,1.4,2.8,3.1,3.8,0.8,-1.7,0.6,0.7,-0.5,4.4,-1.8,-0.3,-1.4,-0.7,-2.9,-0.2,-2.2,-3.3,0.3,2.6,-0.6,-1.4,2.9,-2.4,-1.5,1.5,0.7,-1.6,-4.4,-1.4,-0.6,-3.2,3.4,2.3,-0.3,0.8,-1.2,1.3,1.8,-0.1,-0.4,-3.8,-12.9,-3.6,-12.4,-9.8,0.4,7.3,3.4,-5.5,-1.4,-4.3,-1.5,2.9,-2.8,1.6,-0.8,0.2,0.6,3.2,2.5,-2.6,-1.4,2.0,0.4,1.8,3.0,-0.8,7.4,3.8,4.1,-2.3,-4.8,-2.6,2.9,-4.7,3.5,5.0,-2.3,1.1,-1.9,-3.4,-2.0,-3.7,2.3,1.9,-6.8,0.8,-0.6,0.4,1.3,1.0,2.1,0.9,-2.2,0.5,0.3,0.3,-10.3,-0.3,5.2,-5.0,-7.9,-7.6,-2.6,-0.3,0.7,-2.3,-5.4,-2.0,-2.2,0.2,-4.2,-3.3,-3.9,0.2
2C7L50xQVz,0,48.099962,11.638132,4443060.05,2777619.91,535.3,581.0,216,7503,4.3,0.61,0.47,32.69,348.96,-0.53,-0.103,0.842,-0.2,0.2,-0.18,0.33,2.1,0.3,-0.3,0.9,1.6,2.4,2.6,1.8,-5.0,2.3,2.7,0.2,-1.8,-1.8,-3.3,1.9,2.0,4.4,4.0,5.7,4.7,7.6,2.4,3.5,6.3,7.8,2.6,7.2,2.2,6.1,13.0,-3.4,1.9,1.0,2.3,7.2,8.2,2.9,7.0,8.0,3.2,3.0,2.5,3.9,15.8,3.2,3.6,2.4,2.3,-7.2,5.2,3.3,0.9,-5.1,-0.5,13.4,5.1,3.5,7.2,-0.3,4.0,6.8,2.9,7.3,5.6,0.4,1.6,-1.9,10.8,0.4,-11.3,3.5,2.1,5.3,-7.2,4.6,6.5,4.6,3.3,3.9,1.2,1.2,4.1,3.3,2.8,4.0,3.8,9.7,-0.5,8.8,12.9,7.5,7.6,2.7,0.5,4.6,1.9,0.4,9.5,5.0,8.0,8.2,7.5,6.4,9.7,8.9,7.0,12.4,7.8,3.1,7.7,3.2,3.7,5.3,3.8,2.6,-5.5,5.2,0.9,-1.9,-1.1,3.2,7.5,-3.0,3.4,-1.4,2.3,4.3,8.4,-9.8,5.4,6.2,7.4,6.5,2.5,-1.7,3.1,3.4,5.9,6.1,-0.7,5.6,6.7,-9.7,-2.4,-5.5,4.0,0.5,-4.9,0.4,-0.1,0.9,1.0,11.8,7.9,-0.2,-0.2,0.1,6.8,5.6,7.1,6.1,4.8,4.9,6.0,-1.3,13.8,5.8,3.6,-0.4,10.7,3.4,1.1,-10.6,8.8,-3.6,-2.4,0.5,-2.8,8.2,6.1,-6.4,-6.1,0.7,0.8,-0.5,1.3,-2.6,3.5,1.1,12.3,8.8,-0.4,6.5,4.5,7.9,-0.3,2.5,10.4,2.1,4.1,6.6,5.1,5.8,1.0,-9.9,2.2,-1.5,0.6,4.2,7.3
2C7L50xQSg,0,48.09852,11.626755,4442215.9,2777440.87,548.2,593.9,216,7298,3.9,0.68,0.44,32.64,348.96,-0.529,-0.103,0.842,-0.2,0.2,-0.63,0.3,1.4,0.3,-0.3,0.3,0.2,-0.7,-2.1,1.4,-6.8,0.8,1.6,2.0,-8.9,3.2,-6.4,8.5,5.1,6.8,7.8,6.0,5.4,5.3,6.4,3.7,7.3,3.5,5.6,7.9,8.0,5.4,0.3,1.3,2.3,-10.2,4.4,2.0,4.4,1.2,3.9,4.8,2.6,6.4,5.1,4.9,-1.7,4.4,6.3,4.2,4.5,2.6,2.3,1.9,1.3,6.5,3.6,6.6,6.7,6.0,4.2,-1.2,8.4,6.4,4.0,0.8,4.6,0.8,2.8,-3.8,2.3,9.0,1.0,1.0,1.5,4.6,6.5,-2.6,-0.4,13.0,7.9,4.2,0.5,4.7,5.1,5.5,3.3,2.2,3.6,4.8,5.1,7.1,4.0,6.8,5.9,6.1,0.9,2.1,7.5,5.5,8.4,3.6,8.3,4.8,5.9,6.0,4.1,6.2,6.3,5.2,4.8,4.6,6.1,5.3,5.9,1.8,3.7,-2.5,-3.5,0.6,15.9,-2.2,13.0,3.0,1.6,-4.6,0.5,-3.4,4.0,6.2,4.7,14.9,7.1,4.2,3.3,6.8,4.3,17.9,5.4,3.5,6.3,7.4,7.9,6.8,10.6,0.3,1.8,0.5,1.8,3.3,1.2,-0.2,0.7,-2.0,-3.4,1.1,-1.1,-1.3,-1.7,-5.3,-0.4,1.8,2.4,2.3,4.9,3.0,1.0,3.6,-0.4,1.0,3.9,4.0,0.8,0.3,1.6,3.0,3.2,6.9,14.7,11.1,-4.4,-6.9,10.3,1.7,5.1,-1.1,1.0,4.1,-0.5,0.6,4.0,0.8,6.3,-0.2,4.8,9.1,-1.6,8.9,1.3,3.3,-0.6,3.8,4.1,2.0,-0.7,-1.1,2.9,2.4,1.2,4.1,13.5,-2.7,-4.3
2C7L50xQT4,0,48.098673,11.627948,4442304.4,2777459.87,541.3,587.0,216,7322,3.0,0.81,0.42,32.65,348.96,-0.529,-0.103,0.842,-0.3,0.1,0.42,0.23,0.2,0.2,-0.3,-0.0,1.1,-0.5,-0.1,0.3,-0.2,0.9,0.8,-0.6,-0.8,-0.5,-1.1,-0.1,1.5,1.6,-0.0,-0.3,-1.5,-4.2,-2.6,-1.0,-1.5,-1.1,1.7,3.7,3.7,1.6,1.4,1.4,-2.3,-2.7,-3.4,-11.7,-0.7,-7.1,-7.7,-1.3,-3.0,1.4,-7.3,0.2,-0.7,-7.4,0.6,1.1,0.5,-0.8,-1.7,-1.9,-1.9,-1.1,-1.3,0.1,-4.1,-4.0,-3.7,-4.4,-4.2,-2.6,-3.3,-0.8,-5.7,-7.7,-0.9,3.8,1.2,-2.1,-5.9,-3.4,-1.9,-1.4,-5.0,0.2,-1.6,-8.5,10.3,-0.9,-9.2,-6.0,-5.4,-8.9,-8.0,-9.0,9.8,7.3,5.7,-12.5,0.6,-2.8,-2.5,2.1,-5.2,-2.5,-4.6,-1.1,-5.4,-1.2,0.8,-2.2,-1.4,-0.5,-6.1,-2.2,-0.5,1.2,0.8,0.9,-0.7,-0.0,-2.8,-2.2,-0.7,-0.0,0.9,2.6,0.9,-2.4,-3.9,-7.7,-4.3,-2.4,-3.0,-0.9,-8.0,-4.6,-3.6,-4.1,-5.6,-5.8,-3.2,-2.2,-3.1,-2.3,-1.2,-2.5,-0.3,-3.3,0.2,0.0,-2.1,-3.0,-2.2,-4.7,-4.9,-3.3,-1.4,-0.9,-1.5,-1.1,-3.2,-2.3,-4.9,-5.5,-6.3,-2.9,-4.3,-2.4,-3.9,-1.9,-3.0,-2.1,-4.0,-0.8,-5.8,-2.7,-2.2,0.2,-5.1,-6.2,-3.6,-2.9,-3.4,-5.2,-1.5,-4.1,-1.1,-4.1,-3.2,1.1,-1.4,0.2,-1.1,-2.1,-1.0,-1.5,2.4,-1.7,-0.1,-0.1,-1.1,-5.3,-2.0,-2.8,-4.1,-1.2,-2.3,0.0,-0.6,-1.6,-3.2,-5.2,0.0,-5.2,-5.5,-3.9,-3.4,-6.5,-3.4
2C7L50xQTr,0,48.099037,11.630786,4442514.94,2777505.03,542.3,588.0,216,7371,3.3,0.77,0.54,32.66,348.96,-0.53,-0.103,0.842,-0.1,0.2,-0.57,0.25,1.7,0.2,-0.3,-1.1,4.2,-0.3,4.6,1.8,-5.7,-3.5,-2.8,0.5,17.1,2.4,10.6,0.5,1.2,-1.0,7.4,2.1,-2.1,-4.8,-1.0,-1.4,0.6,2.7,1.6,5.8,-0.1,0.0,4.9,4.2,-3.3,-14.2,-6.7,-6.8,-1.4,-2.5,-3.2,1.9,-0.0,0.2,0.3,-2.4,-3.0,-3.5,-11.7,-3.0,-10.0,-1.5,-1.6,0.1,5.2,1.3,0.7,-1.9,-1.9,2.0,4.6,-1.4,-0.1,-1.0,0.6,1.4,0.1,-4.5,-0.5,-0.9,3.2,2.2,-0.8,2.6,0.9,-0.6,2.9,-1.2,-0.8,6.7,10.8,0.7,4.8,1.5,3.0,-0.3,-2.8,7.5,-0.4,5.8,12.7,1.0,-1.1,0.6,1.4,-0.3,-2.8,-1.3,-0.7,-3.5,-1.8,-1.8,-4.3,1.6,0.6,-8.8,-1.1,0.4,0.8,1.1,-0.7,-1.6,0.6,1.5,1.3,2.3,1.9,1.9,2.0,0.8,4.8,4.6,4.4,3.8,3.5,1.6,3.6,3.3,2.6,2.0,3.2,1.3,0.4,3.6,0.4,3.8,0.8,0.8,-0.0,-3.4,-0.7,-0.0,2.8,2.3,6.5,2.9,-0.6,-0.6,0.3,-0.5,-1.2,-10.8,1.5,6.4,5.0,-2.3,-2.9,2.1,1.2,0.9,0.5,0.3,0.8,-0.4,2.1,-1.2,-1.9,-0.6,-6.5,-1.3,3.1,0.1,-4.4,-1.4,-0.9,-1.0,0.0,0.1,-1.2,-0.2,-1.5,-0.8,0.6,-0.1,-0.1,0.3,1.2,0.5,1.7,0.2,-0.4,-1.7,-2.1,-1.6,-1.7,-3.3,-0.6,-1.0,-4.0,-1.4,-1.8,-1.9,-4.5,-1.6,-1.2,2.1,-2.4,-0.6,-1.1,3.8,0.5,-0.6,0.7
2C7L50xQUQ,0,48.099275,11.632636,4442652.23,2777534.49,537.3,583.0,216,7406,4.0,0.67,0.46,32.67,348.96,-0.53,-0.103,0.842,0.0,0.2,0.06,0.3,2.0,0.3,-0.3,-3.6,0.6,9.2,1.4,-0.2,-1.0,2.2,0.7,4.9,-3.1,6.9,-5.1,-0.3,2.8,1.7,3.8,2.8,4.4,0.7,-0.2,2.6,1.0,-1.0,3.6,12.9,6.2,7.2,-1.0,7.7,4.7,10.5,2.7,-1.8,0.3,-0.5,2.5,5.3,2.8,6.8,3.9,-0.1,0.7,-0.8,3.7,0.8,5.1,-1.8,-0.3,-2.9,2.0,1.3,4.5,5.9,2.7,0.4,0.3,-1.3,1.7,2.2,-3.4,-3.8,6.5,5.6,3.5,5.2,-2.3,-1.0,0.6,2.3,5.0,-2.5,0.7,-6.1,3.0,5.7,6.2,-0.7,-8.2,1.7,-3.9,5.7,-0.1,5.0,-6.8,15.2,11.7,14.7,14.0,1.6,8.1,-0.9,2.7,2.1,11.5,0.9,5.0,4.2,-1.2,4.6,4.4,-0.8,4.3,3.9,0.4,7.9,-5.5,0.0,1.2,4.1,1.5,2.4,3.1,-0.3,-8.5,4.7,-12.0,1.6,4.0,3.4,4.2,-2.5,-1.2,0.5,2.2,5.6,6.4,-0.1,3.3,9.0,6.8,2.1,-1.4,-9.6,5.5,2.0,6.8,3.4,6.3,2.4,6.2,-0.1,-2.3,-3.1,-2.5,4.0,-4.8,-1.6,-0.0,2.6,3.7,2.1,-0.4,1.7,2.7,2.1,1.4,3.7,3.5,4.8,2.1,7.3,4.1,2.4,0.5,-4.5,3.9,3.3,-0.6,6.0,5.0,4.7,4.6,-0.0,-5.2,-2.3,-1.0,-1.8,-1.3,0.4,2.1,3.8,2.0,5.8,2.2,1.0,3.1,0.3,4.6,4.6,6.2,7.5,11.7,15.9,3.8,-0.6,3.4,-0.6,-2.1,-1.6,3.5,-1.0,7.5,1.2,4.7,-3.7,-0.3,-1.8,-0.4
2C7L50xQVf,0,48.099854,11.637148,4442987.0,2777606.3,542.1,587.8,216,7483,1.8,0.92,0.32,32.69,348.96,-0.53,-0.103,0.842,-0.9,0.1,-0.24,0.14,0.5,0.1,-0.3,-1.3,-2.2,0.7,0.5,-0.9,-1.9,0.6,-0.8,-0.4,-3.2,-0.1,-1.6,1.5,0.4,-0.4,-1.2,4.0,0.5,1.5,-2.6,-4.0,1.2,1.8,-0.3,0.9,0.9,2.0,2.3,2.8,-2.2,5.6,-4.6,-1.3,2.6,0.7,-4.3,-0.4,-0.9,2.8,-0.8,0.1,-0.4,4.3,0.4,0.9,2.3,-0.4,-2.2,-1.1,-0.1,-0.4,0.8,0.6,0.8,-0.1,-1.0,-1.7,0.1,-0.1,-0.6,-0.7,-0.8,-2.3,0.1,-1.2,-2.6,-1.8,-3.1,-2.7,-2.7,-2.4,-2.7,-0.7,-3.1,-2.2,0.3,-1.7,-3.0,-1.7,-3.5,1.3,0.8,-1.2,0.4,-0.6,-1.8,2.3,-2.9,-2.2,-6.2,-1.3,-1.7,-0.2,-6.1,-2.5,0.6,-3.1,-1.2,-2.3,0.3,3.3,-2.6,-0.5,2.3,0.5,0.9,0.3,-0.3,-1.1,-1.1,0.9,-1.6,-0.6,-3.7,0.0,0.5,0.2,-1.1,-1.5,-0.2,-0.2,-0.1,0.6,-1.5,-2.9,0.6,-1.9,1.4,0.6,-1.3,-1.2,-3.3,4.3,-2.2,-2.1,-4.0,-2.2,-4.8,1.6,-1.6,-2.6,-2.4,1.3,-2.6,-2.3,-1.9,-0.8,-1.3,0.3,-2.6,-1.0,-3.3,-1.5,-1.4,-1.6,-2.1,-3.8,-3.9,-2.3,-1.9,-1.7,-2.9,-1.4,-5.9,-3.2,-0.1,0.1,-1.4,-4.4,-1.6,-0.7,-4.1,-5.1,-5.5,-3.5,-1.9,-5.1,-4.1,-2.4,-4.2,-1.9,-6.5,-5.3,-4.2,-3.9,-3.1,-3.3,-4.6,-3.1,-6.5,-4.0,-3.9,-1.9,-4.0,-2.9,-1.1,-2.7,0.5,-3.5,-4.4,-4.6,-5.3,-3.3,-5.6,-3.7,-5.9,-5.7,-4.7
2C7L50xQSn,0,48.098562,11.626937,4442229.35,2777445.85,538.8,584.5,216,7305,4.3,0.64,0.49,32.64,348.96,-0.529,-0.103,0.842,-0.6,0.2,0.14,0.33,1.8,0.3,-0.3,-4.6,-1.9,-0.1,-2.2,-0.6,-1.6,-2.3,2.2,0.6,2.5,3.7,-3.5,-0.6,0.1,-1.9,-0.7,2.1,-3.1,1.2,-5.5,-9.0,-10.2,-3.0,-1.5,-2.7,-13.9,13.4,-13.9,5.0,-1.8,-6.4,-3.0,0.0,-3.5,-9.5,-3.1,-1.9,-4.5,-9.2,-10.0,12.6,-0.7,-8.3,0.8,-12.6,12.0,3.3,0.8,2.6,-3.5,-0.6,1.9,1.0,0.3,-1.3,0.8,1.0,1.7,11.0,-3.7,-1.8,-2.6,0.5,-2.1,-0.3,-2.2,-4.3,-0.3,-4.3,-3.5,-0.0,-0.6,-1.0,-3.7,-3.3,-3.2,1.5,-0.7,-2.4,-3.8,-3.9,-5.5,-1.9,-5.7,-3.5,-2.3,0.7,-9.5,-4.6,10.2,-1.3,-7.7,-3.2,-3.4,-10.3,1.1,-0.6,-7.3,-4.4,2.9,-7.8,-4.8,1.5,-5.9,-1.1,2.3,-7.8,-9.6,-1.7,-3.5,-4.5,-1.8,-1.0,-2.1,-1.1,-0.0,-2.1,0.3,2.5,2.5,0.5,-1.0,-0.5,-1.3,-2.9,-1.9,-7.6,-0.8,-6.6,-4.7,-8.7,-6.2,7.4,-2.6,-5.5,-4.8,-3.5,-2.5,1.1,-0.5,-4.5,-4.1,-8.4,-5.9,-3.5,-2.9,-0.8,-4.0,0.1,-1.3,-3.9,-3.6,-3.9,-3.5,-3.9,-7.5,2.1,-5.7,-12.5,-3.4,-5.0,-4.5,-10.3,-3.9,-7.2,-3.1,-7.3,-10.4,0.4,-9.4,-3.3,6.6,-6.9,2.1,-3.3,4.4,0.7,0.4,-2.2,-0.8,-4.2,-1.9,-3.2,-5.6,-4.7,-0.1,-3.6,-6.2,-13.1,-13.7,2.4,-4.2,-1.3,-11.0,-9.8,1.0,-4.1,-3.5,5.7,-6.4,-11.2,-11.8,3.1,-3.8,4.9,-2.0,-2.3,-1.7
2C7L50xQT3,0,48.098692,11.627949,4442304.44,2777461.95,544.3,590.0,216,7321,2.4,0.83,0.36,32.65,348.96,-0.529,-0.103,0.842,-0.8,0.1,-0.55,0.19,1.8,0.2,-0.3,-0.0,0.8,1.5,1.5,1.1,0.5,4.2,4.4,5.5,0.4,2.7,-0.3,4.1,6.0,4.8,2.1,5.3,1.9,0.9,5.1,5.6,4.5,5.3,4.3,6.5,3.8,7.4,1.4,3.1,2.9,-2.1,0.4,-2.3,5.8,2.2,3.7,3.8,1.3,4.3,4.5,5.7,-1.4,2.4,4.8,4.5,4.6,-2.0,-0.0,0.9,1.1,1.4,3.2,2.0,1.7,1.7,2.5,-0.6,2.2,1.9,2.1,1.0,0.6,7.1,2.4,3.2,1.0,-0.2,-5.6,2.4,2.1,-2.4,8.3,1.8,4.5,9.0,8.9,6.3,10.3,11.1,6.8,10.1,6.4,6.1,10.9,8.3,9.3,6.4,4.6,1.4,3.5,6.1,2.6,3.5,4.5,3.4,2.4,1.0,5.1,3.8,5.2,2.9,2.0,5.7,4.0,2.2,7.0,3.5,1.6,2.7,3.1,3.0,3.1,3.8,2.6,6.1,1.9,-1.6,0.0,1.3,2.0,-1.5,1.6,0.4,3.3,3.4,5.4,-1.5,3.8,2.9,3.8,4.6,0.9,-0.6,2.4,-0.3,1.3,0.4,4.3,4.0,8.2,-1.2,-0.1,2.3,2.0,0.6,-0.1,0.7,-0.2,1.4,1.7,0.1,-3.7,1.7,-2.9,3.3,0.9,2.8,2.6,2.4,0.8,2.3,0.7,1.0,-0.8,-0.5,3.2,1.7,-2.1,0.6,0.3,2.5,1.0,-3.7,-2.2,-3.8,-4.8,-3.3,-2.2,-6.5,-1.0,-0.2,0.4,-1.5,1.7,3.2,4.1,-1.5,4.3,3.6,2.0,1.0,2.5,3.5,0.2,1.7,0.3,1.5,1.1,0.3,0.3,-0.9,-0.6,-2.8,-0.9,-2.7,-3.4,-2.3,-1.7
2C7L50xQUD,0,48.099215,11.632023,4442606.72,2777526.8,541.2,586.9,216,7393,1.7,0.92,0.24,32.66,348.96,-0.53,-0.103,0.842,-0.5,0.1,0.02,0.13,1.1,0.1,-0.3,-0.7,-0.5,0.2,0.9,-0.5,-4.6,1.1,1.1,1.4,-1.8,2.3,-1.7,0.7,2.0,2.3,2.4,2.4,2.8,5.7,2.3,1.8,-0.0,1.3,2.2,-0.1,4.0,3.3,-0.1,2.6,-4.7,3.3,-2.2,-0.9,2.2,1.0,2.9,3.1,3.6,3.0,3.7,3.8,0.9,2.6,3.3,0.9,0.3,-0.2,0.7,1.4,-0.6,0.5,0.7,0.8,0.0,-0.9,1.3,-1.8,-0.4,-1.3,-1.8,0.1,-1.2,-2.7,1.4,0.8,-3.3,-1.2,-1.5,0.6,1.5,-2.4,0.5,-3.4,-0.2,0.5,1.0,0.6,1.1,2.0,0.9,-0.1,2.1,-1.3,-0.4,2.2,2.2,2.5,2.2,2.7,2.0,1.3,-0.8,0.6,0.9,0.9,-0.9,-0.5,3.0,2.1,1.4,1.1,2.1,2.2,2.1,2.2,3.3,1.0,0.5,2.7,0.4,1.6,0.8,0.6,0.6,-0.3,-1.9,-2.3,-1.4,-3.3,-1.4,-7.5,-1.5,-1.0,1.0,1.3,2.2,-1.5,0.8,0.6,-2.1,2.5,3.1,1.0,1.6,-0.6,2.5,1.9,2.1,3.5,1.9,-0.8,-3.1,-1.4,-0.2,-1.6,-1.5,0.2,-0.6,-1.5,-0.3,-3.2,-2.1,1.2,-1.6,-0.1,-0.9,0.3,-0.8,0.2,1.1,0.8,2.3,0.3,-0.6,-3.0,0.2,-0.9,-3.2,-1.4,2.1,0.5,-2.8,-2.6,-0.3,-1.9,-1.3,-5.4,-1.5,3.2,-1.5,-0.9,-0.9,-0.3,-0.8,1.2,0.3,-1.8,0.4,0.7,-4.0,-0.7,-0.2,0.5,-1.0,2.1,-0.5,-0.5,-2.1,0.7,-0.8,-0.7,-1.2,-1.4,-1.5,-2.6,-1.8,-1.4,-0.3
2C7L50xQUG,0,48.099235,11.63218,4442618.33,2777529.29,541.2,586.9,216,7396,1.8,0.92,0.32,32.66,348.96,-0.53,-0.103,0.842,-0.6,0.1,-0.09,0.13,0.9,0.1,-0.3,0.2,-1.5,-0.0,-0.6,1.0,0.2,0.0,0.3,0.4,-0.8,0.7,-0.6,1.5,0.5,1.3,0.8,2.1,2.9,0.6,1.2,0.5,0.2,0.7,2.1,1.2,1.8,0.1,-2.6,-0.7,-2.9,1.8,-5.8,-2.4,-1.2,-3.4,-0.2,1.3,2.6,-0.6,1.7,-0.3,-0.1,-1.5,-1.1,-0.9,-2.7,-1.2,-1.0,-1.3,1.7,-1.3,1.5,0.0,0.5,-0.0,0.1,-0.6,0.6,-0.9,-1.6,-0.5,1.2,0.6,1.2,4.3,-1.7,0.6,0.4,0.1,1.1,-1.2,1.5,1.0,1.8,0.8,3.6,3.4,1.7,3.4,1.6,-0.6,0.3,0.7,2.1,1.4,1.9,1.3,1.1,0.0,-1.9,-3.8,-0.0,-2.0,-0.0,-2.1,-4.5,-1.2,-0.8,-1.3,0.9,-1.0,-2.4,0.5,0.9,2.0,0.4,-1.5,-1.0,-1.9,0.2,0.8,-2.3,-2.2,-3.7,-4.1,-5.7,-1.5,-5.7,-2.1,0.2,-1.3,-2.6,0.1,-2.0,-0.5,0.3,-1.4,-0.8,-0.8,-1.9,-2.6,-0.2,-0.4,-0.9,-3.7,-3.5,-4.3,-1.6,0.5,1.0,-5.4,-5.4,-3.9,-1.1,-0.3,-1.3,1.9,1.4,1.3,1.4,1.9,-1.0,-1.1,-0.9,1.7,0.8,-3.2,-1.0,-0.7,-1.0,-2.4,-3.8,-0.9,-4.3,-2.7,-1.5,-1.1,-1.3,-3.5,-1.5,-2.8,-2.7,-2.3,-3.7,-2.9,-3.8,-2.1,-4.2,7.2,-2.2,-2.6,-1.4,-4.1,-3.5,-1.3,-2.4,-2.6,-1.3,-0.7,-1.7,-3.1,-0.6,-2.0,-7.1,-3.2,-2.4,-2.2,-2.1,-2.3,-1.7,-1.6,-4.7,-2.9,-3.5,-5.5,-2.4,-3.0,0.7
2C7L50xQTW,0,48.098913,11.629528,4442421.53,2777489.14,540.7,586.4,216,7350,3.1,0.81,0.4,32.65,348.96,-0.53,-0.103,0.842,0.3,0.2,-0.12,0.24,1.0,0.2,-0.3,-9.1,1.0,1.9,-1.9,-1.2,-0.4,3.9,0.4,1.6,-1.6,3.7,-1.9,4.4,5.1,3.5,2.4,2.2,3.8,0.5,1.9,-2.7,7.3,2.1,8.4,6.3,0.3,1.5,-10.6,1.9,1.8,-5.1,-2.4,-3.3,9.8,-2.1,0.2,0.4,6.1,-2.0,7.5,2.3,2.3,4.6,4.0,6.5,3.2,1.7,-1.8,4.6,2.7,1.6,2.3,1.5,1.9,3.2,0.5,-0.5,-0.7,0.6,0.7,-0.3,0.7,-3.8,5.0,0.2,0.3,0.2,2.1,0.9,4.0,0.0,4.4,5.5,2.5,5.8,4.2,1.3,7.1,2.9,2.4,5.8,5.3,3.4,3.1,6.5,0.6,7.1,3.0,4.2,3.2,0.1,0.9,0.4,4.2,0.6,4.0,-0.2,3.5,4.0,0.4,2.7,5.7,5.3,4.5,2.5,2.2,2.6,-0.9,0.1,-0.1,1.6,2.4,3.7,3.3,2.3,1.7,2.3,-0.1,1.2,3.5,2.2,3.0,2.1,4.9,5.6,3.9,1.7,4.6,-0.4,-1.8,1.8,0.4,-0.6,4.6,-0.5,-12.5,-0.3,-14.0,0.3,5.9,-0.0,2.1,2.3,5.2,2.9,0.7,-7.6,1.3,2.0,5.1,2.7,1.2,1.9,3.0,4.1,3.6,5.3,5.8,2.3,4.1,4.7,-5.7,6.3,5.1,-1.8,2.3,0.7,-2.2,-3.2,0.7,5.9,4.0,0.2,1.9,1.0,1.5,1.6,3.6,10.0,1.7,5.0,3.7,3.4,3.4,5.0,5.5,1.3,3.3,4.9,-0.5,0.9,3.2,7.1,2.8,2.9,3.3,4.0,3.1,0.9,0.3,-0.0,2.4,3.8,3.1,3.0,2.4,0.3,1.4
2C7L50xQTk,0,48.099034,11.630473,4442491.63,2777504.17,547.9,593.6,216,7364,4.6,0.6,0.56,32.66,348.96,-0.53,-0.103,0.842,-0.7,0.2,-0.48,0.35,1.6,0.3,-0.3,0.9,1.9,3.8,-5.2,5.4,-9.9,7.4,-0.7,4.8,-2.7,6.3,3.6,3.8,4.5,1.6,3.6,-10.0,-8.5,-14.4,-10.7,-10.7,-5.3,-14.6,-5.9,-2.8,10.7,0.2,-14.6,4.4,-12.7,4.9,-14.7,-5.4,-5.5,-10.3,-7.5,-2.2,-4.5,-4.2,6.0,2.6,7.0,-1.1,10.4,-13.3,-5.7,-11.9,3.6,-0.9,-4.9,-4.5,6.9,-4.5,-1.2,4.8,-3.5,6.3,6.0,11.4,9.4,7.3,-8.8,6.6,4.5,0.1,-0.6,-11.5,0.2,-11.8,5.0,-4.4,-5.1,-9.7,-9.3,-3.6,-3.3,-0.1,-4.8,-2.8,-3.6,-2.4,-3.6,-8.0,-1.9,1.7,1.9,0.2,-4.1,-1.7,-1.1,-2.4,-2.5,-1.5,-0.7,-4.3,-1.0,0.3,0.2,-3.3,-0.6,-0.1,-0.7,1.0,-1.5,1.3,-1.1,-6.2,-4.7,-3.0,-4.4,-3.8,-3.1,-2.6,1.4,2.6,2.9,1.4,-1.0,-1.1,0.2,-0.9,-1.7,0.8,-2.1,-2.9,-1.2,-7.9,-1.9,-3.1,-3.0,-0.3,-2.9,-2.1,-1.6,-2.9,-1.3,-1.7,-1.9,-1.4,0.3,7.3,-3.4,-8.8,-2.1,0.2,-3.8,-3.1,-3.5,-4.4,-1.4,-3.6,-6.6,-4.6,-4.5,-5.1,-4.6,-0.5,-1.8,-2.9,-2.5,-3.5,-5.0,-3.8,-4.7,-6.7,2.1,-2.9,-6.7,-1.5,-5.6,-2.7,-1.6,-2.3,-1.2,-4.9,-1.2,-6.7,4.8,-11.7,-3.1,-2.6,-1.5,-4.0,-3.5,-4.4,-3.1,-2.2,-3.7,-3.2,-4.4,-6.1,-5.1,-4.0,-6.5,-1.0,-5.7,-4.5,-3.3,-6.9,-4.8,-3.3,-6.7,-2.2,-1.3,-6.7,-9.0,-11.0,-2.4
2C7L50xQU4,0,48.099146,11.63134,4442555.95,2777517.99,535.6,581.3,216,7384,2.7,0.84,0.36,32.66,348.96,-0.53,-0.103,0.842,-0.1,0.1,0.26,0.21,0.5,0.2,-0.3,-2.6,-0.8,-2.2,-1.2,-0.6,-3.6,-1.1,0.1,-1.0,0.1,-2.7,0.6,-0.9,3.5,-0.5,0.8,0.6,-1.0,-8.5,2.2,-1.0,13.0,0.1,1.5,-0.8,13.2,-0.9,2.3,-0.5,-2.3,-6.2,-5.8,-3.7,2.1,0.5,6.3,1.9,0.4,2.2,2.0,0.4,2.6,-2.9,-2.7,0.5,-5.9,-1.9,0.3,-1.9,1.0,0.3,3.7,0.7,-1.5,-0.1,-1.7,-0.9,-2.5,-0.1,2.0,-2.0,-1.1,-4.5,-0.8,1.0,1.4,1.1,-4.6,-0.9,-1.3,-0.3,1.0,1.4,-1.7,-0.0,4.0,2.1,2.0,2.7,-0.6,-0.3,2.4,-0.2,1.8,1.9,-0.9,4.5,-2.7,0.7,0.4,-2.7,-4.1,-5.4,-4.8,-2.5,-3.7,-2.5,0.3,0.3,-0.5,1.5,-2.0,-0.3,-0.1,-1.4,-2.3,-1.8,-5.7,-1.4,-3.6,-4.6,-1.9,0.4,-1.4,-0.2,0.5,1.0,-2.1,0.4,1.0,1.5,0.7,-3.6,0.6,-0.1,4.3,-1.9,0.3,0.4,-4.5,-3.8,-4.3,2.6,1.3,-5.0,-2.1,-1.5,-1.7,0.7,2.9,-1.0,-2.7,-0.9,-1.7,0.9,0.9,1.2,-1.0,-0.7,-1.3,1.2,-2.3,-2.8,-3.6,-0.7,-1.3,-2.1,-3.4,1.7,-3.4,-2.6,-10.5,-2.9,-2.3,-5.0,-1.9,-2.4,-5.5,-0.4,1.4,-0.5,2.3,-1.2,0.7,4.9,3.1,1.7,-0.6,2.4,5.1,-0.6,0.1,0.4,0.9,4.3,-0.3,2.7,-1.1,0.8,-1.1,-2.9,1.1,2.6,-1.8,-0.8,-3.1,1.9,-2.0,-3.6,0.2,1.5,-0.5,-1.5,-3.1,2.1,-0.6,-0.7,-3.9
2C7L50xQUN,0,48.099301,11.632545,4442645.39,2777537.17,540.7,586.4,216,7403,2.3,0.86,0.33,32.67,348.96,-0.53,-0.103,0.842,-0.2,0.1,-0.05,0.18,1.2,0.2,-0.3,-2.3,2.2,-4.0,2.0,-0.5,0.2,2.1,-1.0,2.3,-8.9,0.5,2.5,1.0,2.2,5.4,3.9,2.2,0.6,1.0,2.8,-0.2,0.0,-0.5,2.2,2.4,3.9,2.7,-1.5,1.2,-0.5,1.1,-3.5,-4.9,0.0,-4.6,0.6,0.1,-1.1,1.6,3.4,-2.2,-1.9,-0.4,-0.3,-1.0,-0.4,-3.8,-3.1,-2.1,0.0,-3.7,-1.0,-0.1,0.6,0.7,0.0,0.5,0.3,-2.1,-3.5,-2.3,-3.2,0.3,0.5,-10.4,-5.3,-0.6,-1.1,1.0,-5.2,-0.5,3.1,-0.5,1.7,3.6,2.8,1.4,1.4,1.0,1.1,-1.8,-1.0,0.6,-0.0,-1.9,1.7,4.3,0.6,-1.3,-1.3,-1.5,-0.8,-4.7,-2.8,-2.6,-4.9,-1.0,1.4,-0.0,-2.0,-1.9,-2.4,-1.7,0.6,-0.2,-0.2,0.4,-2.3,-1.1,-3.2,0.1,-3.1,0.3,-2.1,-2.9,-2.5,-4.3,-3.8,-7.0,-2.7,-2.2,1.5,0.5,2.6,6.0,5.9,-1.2,2.5,1.5,-2.7,1.4,1.1,-1.8,-1.4,-1.6,-0.8,-2.1,-4.1,1.1,0.4,-3.1,-3.7,-2.9,-0.4,-0.3,-0.5,2.1,-0.5,-0.3,1.7,1.4,1.0,0.8,1.3,2.6,0.1,-1.4,-1.4,0.4,0.3,-0.8,1.5,1.4,-2.3,-3.8,-1.4,0.2,-0.7,-2.1,-0.7,-2.2,-1.0,-2.8,-2.9,-1.5,-1.3,-3.1,-1.3,2.9,-5.4,11.7,-1.1,-1.0,-3.4,0.7,0.6,-1.5,-1.4,0.7,-2.5,-0.2,-4.1,-1.7,-3.7,-1.0,-2.8,-0.9,-2.6,-3.9,-1.5,-3.4,-3.2,-3.1,-1.5,-2.5,-0.3,-3.2,1.5
2C7L50xQVi,0,48.099906,11.63726,4442995.17,2777612.2,539.7,585.4,216,7486,1.3,0.95,0.24,32.69,348.96,-0.53,-0.103,0.842,-0.2,0.1,-0.11,0.1,0.6,0.1,-0.3,-0.4,-1.5,-0.3,0.3,-0.1,0.3,0.1,1.1,0.1,0.1,-0.6,0.4,-0.6,-0.3,0.4,0.6,-0.4,-0.5,-1.2,-1.6,-1.5,0.5,-0.2,-1.3,-0.3,0.2,-0.5,0.3,-1.3,-2.3,4.4,-4.4,-4.5,-1.3,-2.0,-1.3,-0.9,-1.4,-1.0,-0.4,-0.4,-0.5,-2.2,0.0,-1.2,-0.1,0.2,-0.1,-0.6,-0.8,-0.9,0.4,-0.1,-0.4,-0.4,-0.8,-0.6,-0.5,-0.7,0.0,-0.2,0.3,-0.1,0.0,0.8,-0.3,0.0,0.3,0.2,-0.3,-0.1,-0.5,-1.7,-0.1,-0.3,-0.0,-0.5,-1.3,-0.6,-0.4,-2.4,-2.9,-0.9,-2.0,-0.1,-2.2,-0.5,-2.3,-4.7,-3.4,-2.4,-1.1,-2.7,-3.3,-1.0,1.0,0.3,-0.7,-0.6,-1.5,-1.5,-1.2,1.4,-0.9,-0.5,-0.3,-0.1,-0.6,-1.6,0.3,-0.4,-0.2,0.3,0.6,0.6,-0.7,-0.5,0.2,-0.0,0.8,-0.2,0.8,-0.0,-1.0,0.9,0.1,-0.4,-1.6,-0.9,-1.7,1.7,-1.3,-1.1,-1.3,-2.7,-2.5,0.4,-1.9,1.2,1.1,-1.3,-1.9,-3.5,-1.2,-0.4,-0.1,-0.1,-0.1,-0.7,-0.7,0.3,0.2,0.0,-0.9,0.1,-0.6,-0.1,-0.6,-0.8,-0.7,-1.6,-1.1,-2.7,-1.8,-4.0,0.9,1.4,-5.6,-4.7,-2.1,-1.0,-1.0,-1.4,0.7,-1.1,-1.6,-0.1,-0.1,-11.0,-0.5,-0.2,0.1,-0.5,-1.5,-1.0,0.5,-0.8,-1.5,0.4,-1.0,-1.1,-0.2,-1.8,-5.2,-2.4,-2.5,-1.7,-1.2,-1.4,-1.8,-2.2,-2.5,-1.3,0.1,0.2,-2.1,-1.7,-1.3
2C7L50xQVm,0,48.099923,11.637395,4443005.21,2777614.36,536.7,582.4,216,7490,1.2,0.95,0.22,32.69,348.96,-0.53,-0.103,0.842,-0.4,0.1,-0.42,0.09,0.9,0.1,-0.3,-0.7,0.2,-0.2,0.1,-0.4,-2.4,-0.7,-0.4,-0.0,-0.2,0.1,-2.6,-1.4,-0.6,-0.0,-0.2,-0.2,0.7,-1.3,-2.8,-2.2,-0.2,1.3,-0.4,-0.3,-0.2,-0.7,-2.0,-1.0,-3.1,2.4,-5.3,-5.1,-0.9,-2.6,-2.8,-1.7,-3.0,-1.9,-2.5,0.2,-0.8,-0.7,-0.0,-1.1,-0.7,-1.0,-0.9,-0.8,-0.2,-0.4,-1.1,-0.5,-2.0,-1.3,-1.2,-1.3,-1.7,-0.8,-1.4,-0.9,-1.3,1.6,-0.7,0.9,-0.7,-0.6,-0.7,-2.3,-2.9,-0.9,0.6,-1.5,-2.0,-1.6,-1.0,-1.0,-2.2,-2.0,-1.7,-0.2,-0.6,-2.7,-1.8,-2.5,-2.9,-1.0,-3.4,-4.0,-2.8,-2.5,-4.2,-2.8,-4.6,-3.5,-0.8,-1.7,-1.6,-3.7,-2.8,-2.9,-2.6,-0.6,0.0,-1.7,-0.5,-0.7,-2.0,-1.9,-1.2,-0.9,-1.8,-0.1,-1.3,-0.4,0.3,-1.4,-1.1,0.4,-1.1,-1.4,-0.9,-0.7,-0.7,-0.7,-0.1,0.2,-0.5,-0.6,-1.1,1.2,-1.4,0.0,-1.9,-4.2,-2.5,-1.0,-3.1,0.3,1.1,-0.8,-2.4,-2.6,-1.4,-0.4,-1.8,0.7,0.2,-0.2,0.6,-0.4,-1.1,0.4,0.0,-1.0,-0.4,-0.6,-1.9,-1.9,-3.1,-1.9,-1.6,-3.1,-3.5,-4.8,-0.5,-0.4,-5.7,-3.8,-2.4,-2.2,-1.5,-5.4,-1.4,-2.3,-1.2,-0.8,-1.1,-3.4,-1.4,-1.4,-0.9,-2.8,-2.2,-1.3,-1.9,-2.4,-2.4,-2.3,-3.0,-3.5,-3.6,-5.1,-5.7,-6.0,-4.9,-4.0,-4.0,-6.5,-5.4,-4.9,-3.0,-3.8,-3.0,-1.6,-2.9,-3.3,-3.8
2C7L50xQVn,0,48.099931,11.637452,4443009.46,2777615.27,536.8,582.5,216,7491,1.8,0.9,0.24,32.69,348.96,-0.53,-0.103,0.842,-0.1,0.1,0.13,0.14,1.4,0.1,-0.3,-1.1,-2.7,-1.4,-1.2,-2.1,-3.3,-1.6,-1.5,-0.7,-1.0,-1.0,-1.5,-1.8,-1.5,-1.1,-0.7,-1.4,-0.7,-3.3,-3.8,-3.1,-2.5,-0.9,-2.7,-1.6,-1.8,-1.7,-1.4,-2.0,-5.1,-0.1,-6.7,-6.3,-3.0,-4.3,-3.7,-3.5,-4.3,-3.2,-4.0,-2.3,-2.2,-2.3,-2.3,-2.1,-1.8,-1.8,-2.1,-2.3,-2.1,-1.7,-2.6,-2.2,-2.6,-2.9,-2.9,-2.6,-2.7,-2.3,-2.7,-2.1,-2.8,-0.9,-1.6,-1.2,-1.5,-1.6,-1.4,-3.1,-2.7,-1.9,-1.7,-1.7,-2.2,-2.2,-1.9,-2.2,-3.4,-2.8,-2.1,-1.7,-1.9,-4.2,-6.0,-9.2,-8.6,-7.1,-9.6,-13.6,-8.1,-10.8,-9.7,-9.9,-10.9,-9.5,-6.2,-6.4,-8.1,-6.8,-6.7,-5.3,-5.8,-0.6,-1.6,-2.3,-1.8,-2.1,-2.7,-3.5,-2.5,-2.3,-2.8,-2.2,-2.6,-1.8,-1.7,-1.7,-3.0,-1.4,-2.9,-1.7,-2.5,-2.5,-2.7,-2.0,-1.0,-1.8,-2.2,-2.4,-2.8,-1.1,-2.8,-1.1,-3.0,-4.5,-2.3,-2.4,-4.1,0.2,0.4,-1.2,-3.4,-3.8,-2.2,-0.4,-1.8,-0.8,-1.3,-1.6,-1.1,-1.9,-2.4,-1.5,-2.0,-2.2,-1.8,-1.7,-2.0,-1.9,-2.7,-2.7,-3.5,-3.4,-4.3,-6.6,-1.7,-1.7,-7.4,-4.8,-3.5,-3.1,-3.6,-4.9,-3.0,-3.5,-2.0,-1.7,-2.5,-3.2,-2.6,-3.1,-3.3,-4.2,-4.6,-2.8,-4.0,-5.8,-4.0,-2.7,-3.0,-4.3,-2.7,-4.1,-6.5,-4.4,-3.9,-3.9,-4.2,-3.9,-3.4,-4.5,-3.0,-4.1,-2.8,-1.4,-3.5,-3.7,-3.5
2C7L50xQVo,0,48.09992,11.637368,4443003.23,2777613.95,529.9,575.6,216,7492,4.1,0.63,0.45,32.69,348.96,-0.53,-0.103,0.842,0.3,0.2,0.09,0.31,3.1,0.3,-0.3,1.0,-1.6,-0.0,-1.4,-2.3,-3.6,-0.5,1.8,-1.6,1.3,-0.1,3.3,2.1,3.3,5.7,1.8,12.0,4.2,-4.4,-2.8,-6.0,-6.6,-5.0,-8.5,-2.0,-6.7,-7.1,-13.6,-9.2,-10.7,-6.7,-15.6,-11.8,-10.1,-13.3,-10.3,-8.9,-13.2,-5.9,-11.9,-4.1,-1.6,-5.6,-4.1,-5.0,-2.6,-2.0,-5.9,-3.6,-4.4,-2.7,-5.7,-2.6,-3.8,-1.9,-3.0,-0.1,-3.7,-2.4,-2.7,-1.9,-1.8,0.1,-0.9,4.0,-0.7,-0.6,-1.8,-2.7,-2.6,-2.2,-3.2,-1.1,-2.2,-2.6,-1.9,-2.2,-2.2,-1.8,-2.7,-4.0,-3.1,-8.8,-10.7,-10.7,9.3,-9.1,-13.4,11.8,-10.8,-16.2,-10.9,-16.5,-14.7,-15.4,-14.4,-13.1,-13.6,-13.1,11.2,-8.9,-10.5,4.3,-9.1,-3.0,-3.9,-4.3,0.5,-4.2,-1.4,-2.1,-3.3,-2.2,-2.7,-2.1,-3.5,0.3,-4.8,1.6,2.0,1.3,-0.7,-1.4,-2.6,-2.3,3.2,-0.9,-1.3,-2.9,-3.3,-2.8,-1.1,-1.4,-2.4,-5.6,-4.1,-1.2,-4.5,2.7,1.2,2.4,-1.4,-1.5,-2.1,1.7,-2.7,1.8,-2.0,-2.8,-0.8,-5.0,-4.3,-2.3,-4.0,-3.9,-1.8,-2.3,-3.4,-2.8,-2.0,-1.5,-3.3,-3.5,-7.8,-12.4,-1.5,-2.4,-9.1,-3.8,-3.7,-2.8,-3.2,-8.3,-1.9,-1.8,-2.2,-1.0,-0.9,-6.5,-2.4,-4.4,-3.6,-3.7,-6.4,-1.8,-2.3,-8.8,-4.2,-3.2,-2.0,-2.2,-1.7,-2.9,-5.7,-1.6,-5.3,-2.6,-4.1,-5.4,-4.4,-1.1,-1.0,-1.5,-1.9,0.3,-2.5,-1.7,-1.6
2C7L50xQUA,0,48.099236,11.631897,4442597.28,2777528.91,543.9,589.6,216,7390,3.7,0.7,0.42,32.66,348.96,-0.53,-0.103,0.842,-0.4,0.2,0.27,0.28,1.5,0.2,-0.3,-0.7,0.2,4.1,5.3,4.1,-6.0,2.8,2.4,0.9,-5.4,-0.4,-5.5,2.8,2.1,5.2,4.3,2.2,6.4,-1.6,2.3,-0.8,3.0,-10.8,9.9,5.0,6.7,4.5,14.8,7.0,2.1,0.1,-1.5,-0.0,-0.0,-2.2,1.1,3.2,1.4,2.9,4.5,1.9,-1.6,3.7,2.4,3.8,3.7,3.7,-0.2,0.9,2.7,4.9,3.3,3.9,4.5,3.8,4.2,-10.3,3.1,4.1,3.7,1.6,1.8,1.3,2.8,-0.7,-3.6,-1.2,1.1,0.1,-1.3,-6.9,1.8,-3.8,-6.5,6.9,5.2,6.6,5.5,4.7,2.4,3.0,7.5,4.6,6.3,4.8,5.4,5.7,4.8,1.9,1.7,4.3,0.1,-4.0,2.4,-0.1,-2.9,-3.1,1.6,1.8,2.1,0.4,2.4,4.7,2.2,5.3,5.6,1.0,2.0,4.0,3.5,2.2,1.7,1.9,6.4,4.2,1.3,2.0,-2.0,-2.0,1.5,-2.2,-5.4,-3.7,2.5,2.8,8.6,-6.5,2.7,1.9,-9.0,3.4,5.0,0.3,5.7,0.9,3.6,5.3,4.1,1.2,6.8,-6.8,-1.4,-9.9,5.4,-7.3,-3.1,-2.3,-3.3,2.4,1.2,-3.6,-0.6,2.9,3.1,0.9,2.1,-0.9,-2.8,3.2,0.7,3.1,4.5,4.6,3.0,2.1,-4.5,1.8,-0.3,3.7,2.5,4.9,-0.6,-2.7,-2.7,-0.3,-0.1,-6.6,-4.8,-9.5,-3.2,-0.3,-0.6,-1.8,4.7,2.7,0.8,-8.4,2.9,2.3,0.8,8.3,0.8,3.3,-2.0,-0.1,2.9,3.1,5.5,8.6,-0.2,3.3,0.3,6.6,-1.4,-0.3,-4.1,3.2,1.4
2C7L50xQUM,0,48.099313,11.6325,4442642.01,2777538.51,541.6,587.3,216,7402,2.6,0.8,0.4,32.67,348.96,-0.53,-0.103,0.842,-0.3,0.1,-0.21,0.2,2.0,0.2,-0.3,2.1,1.5,9.1,1.3,-0.3,-1.2,3.2,-3.2,1.3,0.3,0.9,0.6,2.1,-0.9,2.0,0.1,0.4,-0.8,-1.2,1.7,-2.6,-0.5,-1.2,1.0,-0.1,3.1,-1.9,-0.5,-0.9,-2.7,-3.3,-6.6,-6.9,-2.2,-5.3,-1.9,-1.0,-1.6,-3.9,-2.2,-6.4,-3.4,-4.0,-3.2,-3.1,-7.0,-3.3,-5.8,-1.2,-0.7,-5.2,-3.3,-0.9,-0.2,-1.2,-2.7,-1.1,-0.3,-4.7,-1.7,-1.1,-3.5,-0.2,-2.3,-12.2,-3.4,-1.7,-3.0,-0.5,4.8,-4.1,5.0,-2.3,0.4,1.5,1.6,1.6,3.5,1.1,-4.3,-4.9,-2.5,-1.3,2.5,2.3,-1.0,0.0,-0.7,-1.1,-3.3,-2.1,-0.4,-7.1,-2.8,-4.1,-1.1,-3.0,-1.5,-0.6,-5.8,-2.5,-2.5,0.3,-2.3,-2.7,-3.0,-4.3,-2.5,-0.3,-3.1,0.3,-2.7,7.2,2.3,-3.3,0.7,-0.4,-7.7,-5.0,-2.6,1.4,-1.8,-0.3,1.9,4.1,2.4,3.4,0.5,-1.3,-2.2,1.2,-1.0,-3.9,-3.1,-5.2,-3.3,-4.3,-4.7,-1.7,-1.0,-7.7,-4.8,-4.0,0.4,3.2,0.3,1.2,-2.3,0.4,-2.1,0.4,-0.9,0.4,-0.3,1.4,0.4,-1.8,-3.8,1.3,-1.7,-3.3,-1.2,-0.7,-4.7,-3.5,-1.6,-1.3,-7.2,-6.8,-6.5,-9.6,-3.6,-6.8,-5.1,-7.4,1.1,-1.7,-1.7,3.4,7.8,0.7,-0.4,-0.9,-5.1,-0.1,-1.5,-2.2,-6.4,-0.1,-3.3,-1.2,-2.7,-5.0,-6.3,-1.9,-6.4,-1.8,-6.3,-7.2,-8.3,-3.4,-5.4,-3.7,-2.3,-1.5,-4.8,-2.7,1.5
2C7L50xQUO,0,48.099323,11.632579,4442647.88,2777539.77,539.9,585.6,216,7404,3.1,0.79,0.43,32.67,348.96,-0.53,-0.103,0.842,-0.6,0.1,-0.24,0.23,1.0,0.2,-0.3,-3.2,5.2,1.5,1.7,-1.9,-10.1,0.9,1.4,1.0,-8.5,0.5,6.4,0.5,0.8,5.9,2.7,4.7,1.5,4.5,3.5,0.8,1.8,-1.7,5.0,4.1,2.3,1.1,-2.4,-1.8,-0.2,6.4,-2.5,-4.5,2.8,-3.0,-1.0,-0.1,3.0,1.3,4.5,-1.3,-0.9,-2.4,0.6,2.2,-1.2,0.4,-2.8,-0.0,-1.7,1.0,0.0,-0.6,1.2,3.0,-2.2,1.1,-0.1,1.1,-11.5,-1.5,-0.0,1.6,-0.4,2.0,-1.9,-3.5,-1.6,-0.5,-2.5,-3.6,0.7,-4.1,-4.4,-0.3,1.6,1.2,3.0,0.0,2.5,-0.7,-0.3,2.1,3.1,0.3,4.6,5.8,4.8,3.6,-0.5,-2.3,-0.8,-1.7,0.3,-3.9,-2.2,-0.1,8.1,-0.3,-0.6,0.2,-1.8,-1.7,1.2,-3.7,0.3,0.9,-2.4,1.0,-3.4,1.1,-2.0,-0.6,-4.0,-3.3,-4.7,-1.2,-2.3,-5.5,-4.6,-0.1,-2.5,-3.3,-1.9,8.5,-9.0,1.5,4.2,0.6,-2.1,2.9,0.3,2.8,1.1,8.7,-2.7,-2.0,-2.6,1.2,0.2,-1.3,-1.5,-3.7,0.6,-0.8,-3.0,1.2,-3.0,-1.1,9.7,-1.2,0.1,0.1,2.2,0.7,-2.0,-0.5,-2.1,0.9,1.2,-1.2,1.0,0.1,-3.6,-5.5,-2.6,-1.6,-0.1,-2.9,-1.9,1.0,-3.5,-1.5,-1.8,3.1,-3.0,-2.3,-0.4,-0.6,1.2,-11.7,-1.0,-1.2,-3.0,0.7,0.3,-6.3,-4.4,0.2,-0.6,-2.8,-3.5,-7.4,-4.2,2.2,-1.7,1.9,-0.1,-5.4,-0.0,-1.5,-5.6,-3.5,-2.6,-4.7,-12.0,-2.0,-0.5
2C7L50xQTD,0,48.098806,11.62841,4442338.48,2777475.47,539.8,585.5,216,7331,2.8,0.83,0.48,32.65,348.96,-0.529,-0.103,0.842,-1.1,0.1,-0.33,0.23,0.7,0.2,-0.3,-0.9,-0.8,1.3,-2.3,-3.4,3.3,-0.1,-0.3,-2.9,-0.6,0.6,-0.2,-0.6,0.2,-2.8,-1.5,-3.0,-3.1,-3.1,-2.3,-3.6,-0.9,-4.0,-5.3,-0.1,-4.3,-1.1,-0.2,-6.6,-5.4,-5.3,-6.0,-5.8,-4.1,-6.7,-6.0,-3.7,-4.3,-3.1,-3.4,-3.6,-2.6,-3.9,-3.8,-2.3,-2.8,-4.3,-3.6,-3.5,-1.9,-0.2,-3.2,-2.1,-1.9,-3.2,-0.8,-0.5,-2.3,-3.4,-3.3,-2.9,-1.2,-9.8,-2.8,-18.0,-2.2,-4.3,-8.9,-2.6,-8.3,0.6,-4.5,-5.2,-6.0,-5.0,-6.3,-7.7,-5.7,-6.7,-5.2,-2.7,-3.8,-6.2,-4.1,-4.7,-5.4,-3.7,-4.6,-3.4,-6.0,-6.5,3.4,-7.0,-5.8,-6.3,-6.3,-5.0,-3.7,-3.5,-3.9,-4.6,-3.5,-3.7,-4.0,-4.8,-4.3,-3.4,-2.5,-2.1,-3.5,-0.9,-0.7,-4.4,2.8,-1.3,-18.0,2.7,-9.4,0.6,-5.6,-7.1,-3.2,-1.0,-1.3,-2.8,-3.1,-2.0,-4.9,-5.7,-5.8,-7.1,-5.5,-5.8,-6.8,-6.3,-4.0,-5.3,-1.9,-5.6,-2.2,-1.4,-6.7,-6.8,-5.6,0.8,-0.7,-8.6,-2.8,-3.9,-4.6,-4.5,-4.8,-5.9,-4.3,-5.4,-7.2,-4.0,-6.0,-3.7,-4.9,-4.8,-6.3,-5.4,-9.3,-8.3,-5.3,-6.1,-8.4,-6.8,-6.1,-6.2,-4.7,-6.5,-3.1,0.5,-4.7,-5.8,-6.1,-1.7,-6.5,-3.7,-5.0,-5.2,-3.2,-4.4,-4.9,-7.3,-7.5,-5.5,-7.3,-6.9,-7.3,-6.2,-11.5,-3.8,-9.5,-7.0,-3.4,-5.0,-6.1,-8.3,-21.3,-14.9,-10.5,-2.9,-16.7,-14.1,-10.7
2C7L50xQU0,0,48.09918,11.631319,4442554.34,2777521.77,544.1,589.8,216,7380,1.6,0.94,0.25,32.66,348.96,-0.53,-0.103,0.842,-0.5,0.1,-0.12,0.12,0.5,0.1,-0.3,-1.0,0.7,-2.0,-1.9,0.3,1.1,-0.5,-0.9,-1.3,-1.4,-2.2,-1.2,-1.1,-0.8,0.9,1.6,1.8,1.6,0.4,0.8,-1.5,-0.5,-2.5,1.2,1.4,1.2,-2.5,3.6,1.1,-3.0,1.3,-4.4,-4.8,-1.9,-2.5,-1.0,0.1,2.0,1.0,1.5,0.2,-0.6,-0.2,1.5,-0.2,-0.3,-0.3,1.1,0.1,0.1,-0.4,-1.4,-1.0,-1.0,-2.0,-2.9,-1.5,-3.0,-2.4,-1.4,-2.4,-0.9,-4.0,-0.7,1.0,-0.4,-1.0,-0.6,-1.5,-3.0,-2.0,-3.0,-1.4,-1.1,-1.9,-0.8,-1.1,-1.6,-2.5,0.3,-2.7,-2.4,-1.9,-1.1,-0.9,-0.3,-0.2,-1.5,-0.5,-0.8,-0.6,0.4,-2.0,-1.3,-1.1,-2.8,-0.4,1.0,-0.3,-1.6,0.1,-1.7,-0.2,-0.8,0.9,-0.2,0.5,-2.6,0.4,-2.7,-1.8,-0.4,-1.6,-1.4,-0.7,-4.2,-1.3,-3.5,-2.6,-2.4,-0.5,-1.4,-3.3,-4.5,-1.6,0.4,-1.0,-2.2,-2.5,-3.4,-2.5,0.4,-0.2,-1.1,-1.5,2.1,1.8,-0.3,0.5,3.9,-1.6,-2.6,-2.7,-2.3,-1.0,-1.1,-0.9,-0.8,-0.1,0.4,-2.0,-3.8,-2.4,-2.8,-3.0,-2.1,-2.2,-1.5,-1.1,0.5,-1.3,-2.2,-2.4,-3.6,-3.4,0.8,-0.2,-2.5,-1.8,-1.0,-2.7,-2.1,-3.9,-1.2,-1.1,0.1,-1.8,-2.3,7.7,-1.4,-4.3,-2.3,-1.8,-1.8,-1.5,-1.8,-2.8,-2.6,-1.5,-4.0,-2.4,-2.1,-0.7,-4.9,-0.9,-3.6,-0.9,-0.7,-3.6,-1.5,-1.7,-5.3,-4.3,-5.7,-4.9,-5.2,-4.3,-4.0
2C7L50xQUF,0,48.099282,11.63211,4442613.01,2777534.36,541.3,587.0,216,7395,1.3,0.96,0.23,32.66,348.96,-0.53,-0.103,0.842,-0.4,0.1,0.01,0.1,0.3,0.1,-0.3,-0.7,0.2,-0.1,-1.0,-0.9,2.3,1.3,0.7,0.3,1.3,-0.1,-2.3,-0.4,-0.4,1.6,0.5,0.9,0.6,0.5,1.5,-0.9,0.2,-0.9,1.3,1.0,1.2,-0.1,5.1,0.4,-2.8,3.1,-3.7,-3.7,-1.2,-3.2,-0.6,1.0,1.5,0.1,1.0,-0.4,0.8,1.4,-0.6,0.8,-1.1,-1.1,-0.4,-0.4,0.7,-0.6,0.1,-0.5,-0.7,-0.8,-0.9,-0.9,-0.3,-1.2,-1.2,-1.4,-0.7,0.1,-0.8,1.9,0.4,-0.8,-2.0,-0.8,-1.3,-1.1,-1.2,-1.3,-0.6,-0.5,0.1,0.2,-0.2,0.3,0.4,-1.0,-0.7,-0.2,1.6,0.2,0.9,1.6,0.9,0.0,-0.5,-0.1,0.4,-2.0,-0.6,-1.8,-2.1,0.1,0.1,1.3,-0.8,-0.2,-0.2,1.3,1.2,2.0,-0.5,-0.5,-1.9,-0.0,-1.7,-0.8,-1.1,-1.1,-0.8,-2.9,-1.6,-0.6,-2.0,-2.1,-1.3,-1.1,-2.3,-0.8,-2.5,-0.7,0.3,0.6,0.7,0.0,-3.2,-0.7,-0.7,0.9,0.1,-0.4,-0.1,0.3,-0.8,1.1,0.7,1.5,-5.3,-3.0,-2.2,-1.6,-2.8,1.2,-1.8,0.1,-0.9,-1.2,-2.9,-1.1,-0.8,-1.5,-0.4,-1.8,-1.5,0.4,-1.7,-1.4,-1.0,-1.3,-3.5,-3.0,0.1,-0.2,-3.0,-3.7,-0.0,-0.5,-2.2,-2.3,-0.6,2.4,-0.5,-1.1,-2.7,1.2,-2.5,-1.4,-2.3,-2.3,-1.9,-1.3,-1.6,-2.7,-1.1,0.7,-1.5,-2.6,-1.5,-0.8,-4.2,-1.6,-1.3,-1.5,-0.7,-1.6,-1.0,-2.2,-3.0,-2.9,-3.2,-2.7,-1.2,-2.4,-0.7
2C7L50xQUL,0,48.099319,11.632402,4442634.68,2777539.01,540.4,586.1,216,7401,2.1,0.89,0.31,32.67,348.96,-0.53,-0.103,0.842,-0.4,0.1,0.03,0.16,0.7,0.1,-0.3,0.3,2.1,1.1,0.7,-1.0,-2.9,0.1,1.5,1.4,-2.4,1.4,0.3,3.8,2.8,4.0,3.7,1.6,5.0,-0.1,1.2,1.1,-0.2,2.4,3.4,1.0,1.5,0.6,-1.1,-0.6,-1.5,4.4,-6.0,-1.0,-3.3,-3.2,-0.4,4.8,2.2,1.4,3.5,-0.2,-2.9,0.9,1.1,0.5,2.0,-1.7,-1.4,-0.3,-1.6,1.7,0.5,-3.7,1.9,-1.8,0.7,-2.0,0.1,-0.4,0.1,-0.7,-1.4,-0.9,3.3,-0.9,-4.1,-0.7,-2.0,-0.2,-0.9,1.4,0.7,-1.0,0.3,1.7,1.3,0.9,-4.4,3.9,1.9,3.7,-0.5,2.5,-0.1,1.8,2.7,2.3,-1.3,1.0,-2.4,-0.8,0.5,-2.0,3.8,-0.7,-1.6,-0.4,2.4,2.3,-1.6,1.0,1.0,4.7,0.8,1.6,3.3,1.7,0.1,-1.0,0.7,2.3,0.9,0.4,-2.9,0.7,-0.8,-2.7,-0.8,-2.7,-1.6,-0.0,-1.3,-3.3,-0.2,2.2,3.6,-1.7,1.2,2.1,0.3,1.5,0.6,-7.6,0.1,-0.2,-2.7,2.8,-1.0,4.9,2.7,-4.9,-2.9,-3.9,-1.6,-0.5,-0.1,-4.6,-1.5,-0.5,-0.1,-0.5,-1.4,1.0,3.3,-0.0,0.2,-1.9,1.6,0.6,2.1,1.7,2.7,-1.1,-3.7,-1.9,-3.0,0.8,-1.7,-2.0,-0.3,1.8,-1.9,-6.4,-5.3,-0.9,-3.3,-1.9,-4.0,4.5,-1.3,-0.3,-0.1,-3.1,-1.6,0.0,0.3,-4.9,0.3,0.5,0.1,0.6,0.5,-1.0,-2.8,0.6,-0.0,1.4,1.9,0.3,-0.2,-3.1,-3.5,-1.2,-1.5,-2.1,-2.8,-2.0,0.0
2C7L50xQVp,0,48.09999,11.637626,4443022.29,2777622.16,540.2,585.9,216,7493,3.9,0.69,0.49,32.69,348.96,-0.53,-0.103,0.842,-0.8,0.2,-0.98,0.3,1.5,0.3,-0.3,0.0,-2.5,-1.3,-0.8,-0.4,-12.2,-0.5,1.4,1.5,-1.6,0.5,-0.9,0.7,-1.1,-0.4,-1.0,-2.7,-2.2,-6.0,-5.5,1.6,-4.0,0.4,-3.5,-0.4,-0.4,0.7,-2.0,-1.9,-4.1,0.3,-8.8,-5.8,-2.0,-0.9,-2.0,-2.0,-2.7,-0.6,-1.1,1.0,1.3,2.5,-2.1,2.1,1.1,2.5,3.2,0.5,3.3,1.4,3.3,0.2,1.0,-1.2,-2.9,-0.8,-1.0,-0.2,1.2,-1.0,-1.7,0.3,-3.5,12.5,4.9,2.5,3.9,1.8,-0.4,1.4,-2.0,0.8,-1.7,-3.0,-0.8,-1.0,-1.4,-2.2,-4.5,0.6,-0.4,0.8,2.7,1.0,-4.1,0.4,-1.2,-3.8,-3.4,-2.4,-2.5,-0.5,-4.8,-4.8,2.0,-0.5,-1.6,-2.7,-3.4,2.6,0.7,1.6,-0.9,0.2,1.9,-2.6,-0.4,-3.6,-3.4,0.4,0.7,2.5,-2.5,0.9,-0.8,-0.1,-4.7,-0.5,0.4,0.0,-0.5,-2.5,-6.3,1.2,0.4,-3.0,-2.8,-3.3,-3.1,2.9,-3.2,-3.6,-4.3,1.4,4.3,-5.4,-4.4,0.1,-1.4,4.3,-1.4,-4.7,-4.0,-0.7,-1.8,-1.9,-1.3,-1.2,-3.5,1.6,1.7,-3.7,-3.2,-0.8,1.7,2.2,-0.2,-0.2,-2.5,-6.6,-6.2,-1.2,-3.1,-7.9,1.2,1.8,-5.4,-9.5,-6.7,-4.5,-5.0,5.4,5.1,5.8,2.7,4.7,9.0,-3.4,8.0,-3.6,-8.5,-6.2,-5.4,-6.7,-8.8,4.5,-8.3,-10.0,-8.3,-1.5,-16.1,-2.4,-0.1,2.0,-14.8,-17.4,6.7,-16.1,-13.4,-11.1,-3.5,2.4,-12.3,-0.6,11.0,-11.2,-6.1
2C7L50xQSq,0,48.098646,11.627012,4442234.75,2777455.29,536.1,581.8,216,7308,4.0,0.67,0.5,32.64,348.96,-0.529,-0.103,0.842,-0.2,0.2,-0.65,0.31,1.3,0.3,-0.3,0.3,-0.6,5.0,1.7,-1.7,0.8,1.9,-2.8,0.5,2.0,-0.5,-0.4,-8.5,-6.2,-8.3,-9.6,0.4,-1.2,1.0,6.1,2.5,-5.5,2.8,6.5,1.1,-2.7,0.1,10.4,3.2,-13.3,0.8,-2.8,-15.2,-7.3,-0.8,-1.0,10.5,-11.6,2.5,-2.6,-4.6,6.5,-2.5,-4.1,3.1,-0.2,-5.2,6.0,-2.5,-0.9,0.0,1.1,2.3,3.5,5.3,10.9,0.9,3.2,1.5,8.0,3.6,-3.5,4.0,3.6,1.9,1.1,3.4,6.6,-2.2,2.7,-1.9,0.8,1.2,0.9,-2.5,3.5,3.9,4.0,-9.3,-5.2,4.6,0.4,0.5,1.9,1.7,-4.2,-8.1,-1.8,-3.0,1.0,-7.3,-2.6,2.6,3.1,2.4,2.8,3.7,-2.0,-2.0,2.7,-2.1,-5.4,-3.2,-0.1,-5.0,-2.2,-2.1,-3.9,-1.2,-1.5,-0.2,2.6,0.8,3.6,4.0,3.7,2.3,-2.6,-1.7,0.8,0.2,0.5,0.1,1.5,-0.2,0.7,-0.8,-3.3,6.7,-6.2,7.9,-2.3,1.3,-4.5,-3.8,0.2,0.7,3.6,1.9,6.3,1.4,2.8,0.8,-2.3,4.4,2.1,5.2,2.5,3.0,2.2,-1.3,0.9,0.2,-1.5,-0.8,-1.1,3.1,0.1,-0.4,9.9,3.3,-3.0,1.0,-6.9,-5.8,-3.4,-4.4,-7.0,-2.3,0.4,-1.8,-0.2,-1.2,0.1,-0.2,2.9,-7.6,-3.6,5.9,-6.7,-2.0,-3.2,-3.5,-0.9,2.0,1.8,1.9,3.6,0.9,-6.1,-6.1,0.2,-6.1,-4.2,-3.9,-3.2,0.7,10.8,-0.4,-4.3,-6.7,-4.2,-2.1,-0.4,-0.9,-0.1,-4.6,2.7
2C7L50xQU8,0,48.099248,11.631701,4442582.66,2777529.91,542.0,587.7,216,7388,2.8,0.83,0.37,32.66,348.96,-0.53,-0.103,0.842,-0.7,0.1,-0.39,0.21,1.1,0.2,-0.3,-0.8,1.6,-0.1,0.7,-0.1,-7.4,2.7,0.6,2.6,13.4,2.3,-6.9,0.8,2.8,1.4,0.7,4.9,3.6,1.1,4.4,2.7,2.4,1.1,-0.5,0.9,2.1,2.2,13.1,3.4,0.1,-5.5,-5.8,-7.4,-2.0,-0.5,0.7,1.2,2.3,4.9,0.7,-0.8,-5.4,-0.5,-2.0,0.5,2.8,-3.9,-1.2,0.4,1.2,0.2,0.1,-0.6,-0.8,0.0,-0.3,-1.0,0.7,0.5,1.3,0.4,0.7,-2.7,1.3,-5.9,-2.2,-0.1,-0.3,0.9,1.3,-3.1,-0.5,-3.5,0.2,4.0,1.3,0.4,2.0,-0.8,1.9,0.8,1.3,1.4,1.2,5.5,0.8,3.0,-0.9,-1.7,1.0,-0.4,2.3,-3.1,-0.2,-0.9,-1.6,-1.7,2.3,5.3,2.6,0.4,2.2,1.8,2.8,-1.0,1.2,-0.8,-0.4,-0.2,-0.1,-1.0,-0.4,-0.6,0.4,1.3,-2.5,0.9,-0.4,-0.8,0.9,-0.0,0.5,-0.7,1.2,1.9,5.3,0.4,1.2,2.6,0.0,1.4,0.4,-1.4,-0.5,-3.5,-0.2,-0.5,-0.7,1.8,2.5,-6.0,0.4,-0.3,2.0,-0.5,0.7,-6.8,-3.3,1.4,0.7,3.8,-4.3,1.1,-0.9,1.6,-1.8,3.4,3.3,3.5,2.0,1.8,-2.0,-2.7,-2.9,-6.3,-0.3,-1.2,-2.7,-1.4,-3.7,-0.5,-4.4,-8.3,-7.1,-5.6,-9.2,-4.3,-3.1,9.8,-0.7,-1.3,-0.0,-1.0,0.5,-0.5,0.3,-5.1,-1.6,-1.5,-3.3,-3.6,-1.2,-1.1,-3.9,0.2,-0.9,-1.2,-2.7,0.9,-1.3,-5.4,-4.6,-5.9,-7.9,-0.4,-3.8,-2.5,-2.5
2C7L50xQU9,0,48.099247,11.631699,4442582.45,2777529.88,539.1,584.8,216,7389,3.4,0.77,0.38,32.66,348.96,-0.53,-0.103,0.842,-0.3,0.2,-0.49,0.26,1.3,0.2,-0.3,0.9,0.7,-0.9,1.2,0.4,-9.9,0.9,-0.6,2.6,9.5,1.3,-11.8,0.4,1.9,5.2,3.8,6.1,3.7,4.6,5.2,2.3,0.7,1.9,8.8,7.6,8.1,3.7,12.2,4.3,2.0,-11.1,-2.0,-0.6,-1.3,1.1,4.5,3.3,4.0,3.4,5.6,-0.2,-2.8,3.4,5.8,0.8,3.7,0.1,0.8,1.9,1.2,4.7,0.4,0.6,0.0,0.2,2.2,0.8,1.5,0.4,3.7,0.5,2.7,-1.1,2.5,-7.5,-4.1,-1.0,-0.2,2.0,2.5,-1.1,-1.0,-4.9,0.3,5.2,4.0,5.7,2.0,1.6,5.4,5.2,4.7,2.4,3.6,4.1,4.8,4.6,6.9,5.7,5.8,4.6,3.3,1.8,4.2,1.7,1.3,-3.0,7.7,6.4,4.7,2.1,6.0,1.5,4.0,7.7,4.2,4.8,0.9,4.0,5.7,6.1,4.2,2.3,2.7,2.5,0.1,1.7,0.5,-0.8,-0.1,0.5,0.9,-0.2,1.6,4.2,4.1,-8.7,4.6,4.4,-0.1,1.7,3.0,2.6,3.7,-1.1,4.3,4.4,4.1,4.6,6.4,11.1,2.4,0.2,3.8,2.1,3.2,-8.9,2.6,5.0,1.4,-6.6,-2.0,3.3,2.9,3.4,-2.0,2.3,1.4,3.2,2.8,3.4,4.7,1.4,-1.8,-2.2,-2.1,0.3,-1.7,0.0,1.8,2.7,0.8,2.9,0.5,7.8,-12.1,-3.6,2.5,10.1,1.4,2.4,1.5,0.9,1.9,1.1,4.0,2.9,2.7,2.2,-0.9,2.3,5.6,1.9,-1.2,0.5,0.8,2.2,1.0,0.5,2.8,-1.1,-2.1,2.4,-0.2,1.2,-4.0,-0.5,-1.5
2C7L50xhVk,0,48.098662,11.626999,4442233.76,2777457.11,556.9,602.7,217,7300,4.4,0.64,0.47,32.64,348.96,-0.529,-0.103,0.842,-1.4,0.2,0.36,0.34,1.5,0.3,-0.3,0.3,-4.6,-1.2,-4.8,-1.3,7.3,-0.6,-7.4,-3.5,11.9,-3.3,8.2,-5.1,-2.7,-2.5,-3.1,-3.4,-4.1,-3.0,-3.2,-6.6,-2.6,-4.9,-2.6,-1.3,-3.5,-3.5,0.5,-7.0,-5.7,-7.2,-6.7,-8.5,-6.1,-8.2,-4.2,-4.2,-3.2,-3.2,-4.7,0.7,-2.9,-2.5,-2.2,-0.2,-2.5,6.9,4.3,-4.4,-9.8,2.7,-2.4,-2.5,-3.0,10.5,-1.3,3.6,-2.1,1.7,0.8,-4.9,-2.9,-5.6,-0.8,3.1,10.9,-1.4,4.5,-0.6,-3.7,-9.2,-10.4,2.7,-8.1,-5.8,-5.5,-7.3,-5.3,-7.7,-3.9,-4.5,-5.7,-3.6,-3.9,-6.0,-4.7,-6.4,-6.3,-5.4,-6.6,-4.5,-7.1,-6.3,-5.6,-6.4,-4.3,-4.5,-5.5,-6.7,-4.4,-4.1,-9.8,-3.8,-4.6,-7.8,-6.3,-5.4,-7.2,-5.9,-6.7,-6.8,-2.9,-8.8,-2.2,-2.9,2.7,-12.0,0.8,3.8,-11.5,9.5,-17.9,2.3,-13.9,-6.3,-5.5,-6.7,-7.3,-6.3,-7.5,-4.2,-7.5,-4.6,-6.2,-7.3,-5.1,-5.4,-5.5,-4.5,-5.1,-7.0,-7.8,-8.8,-4.8,-6.8,-7.2,-8.9,0.7,2.5,-3.7,-18.4,-10.0,0.7,4.5,-11.7,0.4,-10.7,-5.4,-5.0,-4.0,-4.3,-6.6,-5.4,-7.8,-8.4,-6.5,-6.5,-9.0,-5.6,-6.0,-6.3,-6.2,-7.3,-2.2,-0.8,-20.0,-2.8,1.4,-17.4,-12.2,-15.9,-13.5,-13.2,-11.2,-3.8,2.0,-13.4,-4.9,-6.7,-7.5,-15.6,-10.8,-9.5,-13.1,-10.2,-7.6,-8.4,-1.3,-5.3,-5.8,-9.9,-8.2,-5.0,-8.5,-9.2,-9.0,5.5,-8.9
2C7L50xhWH,0,48.098866,11.628583,4442351.28,2777482.35,543.8,589.5,217,7333,4.2,0.8,0.42,32.65,348.96,-0.529,-0.103,0.842,-1.2,0.2,-0.8,0.32,1.8,0.3,-0.3,1.3,0.8,3.5,1.8,3.5,-3.0,3.1,4.3,2.8,-3.6,3.2,-2.1,4.7,4.9,4.7,3.9,2.6,1.8,1.0,2.5,2.8,1.0,0.3,-2.1,2.1,-0.7,1.6,0.1,-1.7,-1.7,-5.9,-7.5,-2.6,-1.1,-1.6,-0.9,3.0,-6.1,2.9,0.1,-18.6,4.0,-0.1,-2.4,-3.4,-16.3,0.4,0.1,2.5,4.3,4.7,2.7,1.6,4.5,4.5,0.8,-1.6,2.3,4.3,2.2,-0.7,-0.1,2.4,0.6,-6.8,-2.6,2.5,5.7,2.6,3.6,-2.6,3.4,-0.8,1.7,4.4,4.1,4.2,5.2,3.5,3.1,3.3,2.1,2.7,4.8,4.5,4.5,2.9,2.4,-0.3,-0.8,0.0,2.0,-1.4,0.2,-3.4,1.9,-0.1,1.3,-0.7,-1.2,-0.6,-1.2,1.2,0.0,0.6,0.5,-0.7,1.0,1.1,2.1,2.9,1.0,0.9,2.2,2.2,1.1,-0.9,1.9,2.3,1.0,0.3,2.0,0.9,3.1,4.1,5.3,-1.8,2.5,1.6,0.4,1.0,-1.0,-3.5,0.6,-2.4,2.4,1.4,0.8,-9.2,-0.3,-10.8,-6.3,-1.8,-3.0,0.3,0.7,-23.2,2.9,4.3,5.1,-11.6,0.2,2.7,0.5,1.3,-0.5,0.3,-2.1,0.8,0.9,0.3,-3.0,-6.4,-4.6,-5.8,2.5,-3.5,-6.7,-5.6,-1.9,-2.9,0.1,-7.1,-4.0,-5.0,-0.9,-4.4,-6.0,-4.3,-2.4,-3.0,-2.4,-1.7,-1.1,-4.0,1.1,-3.1,-0.0,-2.1,-5.2,-26.2,-5.7,-1.7,-28.4,-2.6,-4.5,-4.9,0.8,-5.5,-2.5,-2.3,-1.5,0.4,-1.3,1.0,-4.5,-6.7,-4.2
2C7L50xhWW,0,48.098976,11.629444,4442415.14,2777496.05,543.8,589.5,217,7348,4.4,0.61,0.49,32.65,348.96,-0.53,-0.103,0.842,0.2,0.2,0.39,0.34,2.7,0.3,-0.3,-3.3,-6.5,-1.7,1.2,2.9,-1.1,2.8,8.1,2.7,3.9,3.7,9.1,6.7,5.1,2.6,-0.1,1.4,0.7,-0.5,0.9,-4.7,-3.0,-3.4,-2.9,-1.8,-0.2,-2.7,-15.5,-6.7,-7.5,-22.8,-8.0,-6.9,-4.8,-6.4,-2.9,-3.2,-3.7,-1.1,-2.3,-5.3,-17.2,-2.6,-0.7,-3.5,-7.3,1.8,-11.6,-3.7,-2.4,-10.7,-8.6,-16.0,-14.0,-14.0,8.0,-5.0,-3.6,-6.3,4.3,6.4,5.3,-15.7,-9.5,4.1,5.5,3.4,2.0,3.8,-2.6,-7.6,2.3,3.8,-3.6,-2.7,-1.6,-2.1,-6.2,-2.7,-1.1,-2.5,-3.9,-1.7,-6.1,4.0,-3.9,5.0,-0.1,2.9,-4.2,-8.0,2.0,-4.9,-1.8,-4.6,-2.3,-8.0,-0.7,-3.0,-3.7,-7.0,-0.4,1.0,-0.8,-1.0,-3.7,-0.9,-5.8,-4.3,0.7,-1.9,-0.9,0.9,-3.1,-3.4,3.9,-0.9,-2.2,-0.0,-3.0,-0.7,-0.4,0.7,-0.9,-0.0,-0.6,-1.2,-2.0,-2.3,-6.6,-4.0,-9.1,0.3,-4.5,-3.3,-5.7,-1.8,-5.4,-4.2,-4.6,-1.4,2.6,-0.3,0.3,-4.6,-7.7,-1.1,-6.2,-2.2,-0.7,-1.4,-2.6,-2.2,-2.2,-4.2,-2.2,-4.9,-5.8,-2.9,-6.8,-2.9,-6.6,-3.6,-6.1,-8.6,-17.8,-2.6,-7.2,-1.9,-3.8,-1.9,-1.0,2.1,1.6,-0.2,5.1,1.1,4.9,5.2,5.0,-0.6,1.8,2.1,-4.3,-7.3,-1.6,7.2,1.4,-4.3,-9.8,-8.7,1.3,-1.9,-7.4,-3.0,-3.4,-5.6,-6.4,-7.4,-3.0,-3.2,-0.7,0.5,3.9,1.4,4.0,0.5,1.6
2C7L50xhX1,0,48.099212,11.631282,4442551.48,2777525.29,545.5,591.2,217,7379,4.1,0.66,0.49,32.66,348.96,-0.53,-0.103,0.842,-0.1,0.2,-0.32,0.31,0.7,0.3,-0.3,6.6,2.4,2.6,1.7,3.2,3.8,-0.1,-1.8,1.3,0.3,4.2,-7.1,5.7,2.5,4.5,3.6,2.7,0.8,-0.5,-4.2,-2.1,1.6,3.5,-0.7,5.5,2.9,-3.2,1.8,10.9,-3.3,-4.2,-4.4,-4.6,-8.4,-2.7,-2.4,-5.0,1.3,3.0,0.8,-5.0,0.5,-1.4,3.6,-3.1,-1.8,1.6,-1.6,-8.8,-1.7,-7.3,1.6,-3.3,-0.1,-7.6,1.9,2.4,-4.3,-3.1,-3.3,-1.8,3.1,3.0,6.2,2.1,-0.1,1.2,-0.1,-4.4,-9.9,-2.6,-6.3,-12.1,0.1,0.6,4.0,-4.1,-2.3,-1.2,0.5,-0.2,5.7,-5.4,5.4,0.6,1.0,2.9,-0.2,-0.7,1.5,-1.2,3.9,-1.7,1.7,0.6,4.5,1.3,2.7,4.5,3.3,4.5,-10.3,-4.7,9.0,4.5,3.4,2.2,5.6,1.0,-0.6,2.2,3.2,6.9,2.2,-2.2,-2.8,0.6,-1.7,5.0,7.9,5.5,7.3,13.6,6.3,5.1,1.6,-0.5,-3.9,3.8,-3.2,0.1,0.4,-1.1,-0.5,-1.4,4.7,3.2,-1.1,0.7,1.6,-7.2,-3.3,2.3,-3.6,-5.2,-1.5,-4.5,-5.7,-2.0,0.5,5.0,-4.1,2.8,5.3,0.5,3.4,-6.8,2.4,0.9,1.4,0.5,-0.7,-0.2,1.0,-1.7,4.8,3.1,-6.0,-2.6,-1.2,-2.5,-1.3,-5.7,-0.2,-7.0,-1.0,-5.9,-0.7,8.9,-7.3,-1.6,3.9,1.0,3.9,-5.9,1.7,1.4,-1.5,-1.2,-1.3,-3.3,1.7,0.9,5.2,1.1,-4.1,-0.3,-2.0,1.6,-2.0,-1.3,-8.2,-5.3,9.1,-5.3,7.7,-2.2,-4.0
2C7L50xhXM,0,48.099349,11.632343,4442630.23,2777542.19,540.8,586.5,217,7400,3.0,0.81,0.42,32.67,348.96,-0.53,-0.103,0.842,-0.2,0.1,-0.03,0.23,1.2,0.2,-0.3,2.9,3.2,5.3,-5.8,0.9,-4.3,2.1,-0.1,0.6,1.1,2.9,1.7,3.1,3.5,4.0,4.8,2.9,4.0,2.2,3.4,0.7,2.1,3.1,2.9,4.1,5.1,0.7,1.6,1.3,-0.1,1.0,-0.8,-2.5,0.2,-0.2,-9.7,0.5,2.8,2.4,1.2,1.5,3.3,3.2,6.1,6.8,4.6,1.7,0.8,0.1,-2.7,0.4,0.2,2.1,1.4,-1.4,2.6,0.2,4.2,2.4,-3.1,1.8,-0.4,-1.7,4.4,0.6,-1.1,0.2,-0.1,0.5,-3.1,0.7,-1.8,-3.0,-3.7,11.5,1.4,-1.7,12.9,11.2,13.1,6.3,1.8,4.5,10.7,-0.2,3.0,6.7,2.9,2.1,6.2,2.6,1.6,-3.1,2.9,-1.1,3.4,1.6,4.7,2.4,0.2,2.1,3.2,2.8,2.3,2.5,2.0,1.2,0.3,0.9,1.5,1.8,2.2,1.1,2.7,0.2,-2.5,-2.9,-1.3,-2.3,-3.9,-1.7,0.5,2.7,1.0,3.8,7.2,-1.4,5.4,2.5,1.2,2.9,2.3,2.4,2.8,-0.2,6.1,2.1,-0.4,3.8,0.9,1.5,-3.2,-2.1,1.6,0.4,-1.5,-3.6,-1.5,-1.9,1.6,0.8,-2.2,0.4,1.3,1.8,-1.9,-0.8,-1.5,2.9,0.8,3.1,1.4,-3.3,-0.5,0.1,0.2,2.2,-0.9,0.5,1.8,-1.1,-1.0,-6.3,1.1,0.0,1.2,-1.0,2.4,9.0,11.1,0.7,2.2,-0.9,-1.3,1.0,2.8,-1.4,5.0,2.6,-0.8,2.9,1.6,1.4,-4.7,1.0,1.7,2.0,1.9,-0.0,2.1,2.7,0.8,2.1,-2.1,-0.7,0.0,0.4,1.0
2C7L50xhYg,0,48.099965,11.637143,4442986.33,2777618.57,547.0,592.7,217,7482,3.3,0.79,0.48,32.69,348.96,-0.53,-0.103,0.842,0.7,0.2,-0.38,0.25,0.0,0.2,-0.3,0.4,-5.9,-1.4,2.1,0.3,-0.4,0.1,-1.8,0.2,-1.9,-2.5,0.8,-2.9,-1.9,0.3,6.8,-0.3,0.7,0.6,-1.8,2.1,0.9,2.3,-0.1,0.3,-0.5,1.2,5.5,-2.0,1.3,-13.0,-3.5,-2.4,2.0,-9.8,-1.3,3.1,1.7,1.7,-0.2,1.5,-1.1,2.2,2.2,1.8,2.4,-4.7,1.0,0.7,3.5,0.9,2.4,3.4,2.6,3.3,0.2,1.2,-0.8,2.6,3.8,-0.8,1.1,-0.1,4.1,0.1,-0.5,0.1,-3.7,0.1,0.4,0.5,2.4,-0.6,4.1,2.9,-0.8,1.8,-1.4,-3.3,-1.3,3.0,-2.2,1.4,-0.9,-1.4,-3.3,2.3,-3.4,-2.7,4.1,-3.2,-0.9,2.7,1.2,2.1,4.1,3.3,-0.1,0.2,2.7,1.4,1.6,5.8,3.0,4.6,2.0,3.5,0.5,-1.2,-0.3,0.6,0.6,-0.1,-1.3,-0.6,-3.0,-3.1,1.0,1.3,-2.0,-2.1,-0.7,-1.7,1.8,4.9,5.4,1.0,4.0,3.6,1.7,2.7,1.4,3.0,1.6,-11.6,-3.1,-14.9,9.3,-0.2,4.7,5.2,-0.3,2.7,10.1,4.4,4.1,4.3,3.2,1.5,0.9,1.5,6.1,5.7,-4.2,3.9,4.7,3.3,4.1,4.9,3.9,7.9,7.3,5.1,1.8,-1.2,1.7,4.7,2.6,2.0,6.3,0.6,6.0,3.9,3.7,4.5,-7.0,3.7,3.2,-5.2,6.7,-1.1,1.7,7.4,2.5,-0.7,3.9,2.5,6.6,4.8,2.8,3.7,3.7,4.3,-2.4,1.6,4.6,1.3,8.1,4.3,-1.0,-1.4,0.0,-0.5,3.6,-1.0,-1.2,-2.1,3.2
2C7L50xhZ1,0,48.100104,11.638228,4443066.81,2777635.85,542.3,588.0,217,7503,2.7,0.81,0.34,32.69,348.96,-0.53,-0.103,0.842,-0.3,0.1,-0.47,0.21,1.9,0.2,-0.3,1.3,-0.4,2.7,3.4,1.4,-4.4,3.1,2.0,1.3,-0.6,-0.4,-3.5,1.6,2.9,3.5,3.2,5.8,5.1,4.8,2.9,4.6,5.8,5.0,4.4,6.5,5.9,5.6,-0.5,4.4,1.1,4.5,-0.2,3.5,3.0,4.5,7.1,5.1,4.9,4.8,4.0,3.7,0.7,5.0,6.4,4.7,4.0,-1.8,2.5,4.5,1.4,2.5,2.4,5.8,1.5,1.0,3.9,-1.3,3.9,3.1,3.2,5.4,4.5,0.4,1.1,-5.2,-11.8,3.7,-4.0,2.3,1.8,1.4,1.7,2.4,2.6,4.7,3.6,4.9,2.2,2.1,4.6,3.6,5.0,3.6,3.8,5.6,6.6,7.5,6.1,4.9,7.6,4.2,1.8,2.8,3.0,3.9,7.7,4.4,6.3,7.2,6.0,4.5,4.3,7.0,6.4,3.0,6.3,5.8,6.7,5.9,5.0,6.7,2.4,2.9,3.5,6.4,0.8,-3.2,0.3,1.0,7.0,-6.2,5.0,1.5,5.5,4.7,7.0,-2.8,4.3,4.5,6.2,6.7,6.3,-1.1,5.0,3.9,5.4,4.3,3.1,6.5,7.5,-3.2,0.5,1.7,4.4,5.0,-1.7,2.1,0.3,1.4,4.2,8.5,-0.2,4.1,0.7,1.2,6.6,4.7,4.3,4.0,2.5,4.9,5.4,2.6,4.7,1.7,1.7,4.3,-0.1,2.3,3.6,4.9,3.0,0.2,-1.7,-2.5,-3.7,0.4,1.8,-12.2,-5.6,-1.4,2.3,0.8,2.5,1.3,1.7,1.2,4.5,7.3,-0.2,4.5,3.5,5.2,2.0,3.2,2.8,4.0,3.7,2.8,3.8,1.5,0.5,0.4,4.3,1.2,-0.8,2.6,2.7
2C7L50xhVY,0,48.098555,11.626016,4442160.78,2777443.56,542.7,588.4,217,7288,3.5,0.76,0.41,32.64,348.96,-0.529,-0.103,0.842,0.3,0.2,-0.6,0.27,0.9,0.2,-0.3,0.7,-0.5,4.0,0.6,3.4,2.7,1.7,1.1,-0.9,5.8,1.0,4.0,1.5,2.2,0.7,2.1,0.6,-0.3,0.5,2.8,-3.6,3.1,1.9,-1.3,5.1,-2.1,-2.3,10.6,4.3,-1.1,-0.1,-0.8,-5.0,-6.8,-0.4,-0.9,-0.1,-2.8,-0.9,0.9,7.5,7.1,0.7,-0.3,-0.6,-0.6,-4.6,-0.2,0.3,0.8,1.2,-2.2,4.3,-2.1,-2.4,3.4,7.7,0.4,5.2,-2.2,2.4,1.9,4.3,0.4,13.2,13.0,2.8,1.9,2.9,2.2,1.5,2.8,1.0,4.5,4.8,4.2,7.5,6.2,4.2,4.6,7.4,4.9,4.1,4.3,5.3,2.3,3.1,1.5,-0.1,0.8,-2.1,4.4,-3.3,12.5,1.6,8.9,2.8,21.5,-1.9,-1.4,1.3,-2.6,0.3,-0.8,-0.4,0.3,3.6,-3.7,2.7,1.4,0.6,1.8,1.5,2.9,3.6,6.4,2.5,4.5,6.3,4.1,4.0,4.1,2.8,2.4,2.9,2.8,3.2,4.1,3.1,1.5,1.1,2.8,16.3,5.3,2.4,2.9,1.7,9.0,10.1,9.5,4.3,-2.1,3.4,-0.3,2.8,2.2,4.0,5.2,6.4,4.9,5.1,4.9,-1.8,1.4,3.6,2.3,3.3,4.3,4.8,2.8,-3.3,-2.4,3.8,-4.1,-3.3,6.2,0.4,-6.2,-0.9,2.4,2.1,1.5,11.1,5.4,0.0,3.3,0.2,0.5,0.1,2.8,1.5,0.7,1.9,1.5,2.6,-0.3,0.6,0.0,-1.2,-1.3,2.8,2.2,3.0,0.0,1.5,1.8,5.1,7.2,3.2,2.4,1.6,6.3,4.4,7.5,5.2,3.5,4.8,3.0
2C7L50xhVq,0,48.098675,11.626949,4442229.95,2777458.41,536.9,582.6,217,7306,4.4,0.61,0.52,32.64,348.96,-0.529,-0.103,0.842,1.0,0.2,-0.15,0.33,1.9,0.3,-0.3,2.4,-0.7,1.6,-1.3,0.1,-0.7,2.4,-1.8,-2.0,5.5,1.7,1.8,5.8,-0.9,2.6,3.7,6.2,1.6,-1.5,1.7,0.6,-5.3,-3.9,6.3,-2.7,2.5,2.2,1.1,-4.5,-4.6,-6.8,-6.0,-7.3,-1.8,-1.1,-3.7,-12.7,-2.8,3.0,-2.7,-5.1,-4.7,-3.9,-7.1,0.4,-5.5,-1.8,-6.8,-1.7,-4.5,1.7,0.1,2.9,1.4,0.2,-1.1,0.5,-0.9,1.8,2.8,-1.5,1.5,4.0,4.1,-0.8,-1.1,3.3,4.7,2.0,3.8,-3.6,2.4,3.3,4.3,-1.2,-1.7,-8.0,0.9,0.5,-0.8,5.9,0.9,-1.8,1.1,-6.4,-2.5,-3.6,2.3,-4.7,-8.3,-5.1,-4.7,-7.1,1.0,4.4,1.5,11.2,3.8,-0.6,5.8,3.8,-0.4,-0.9,2.5,-0.3,3.5,-1.1,-4.2,2.2,5.2,-10.8,4.5,-4.7,7.8,-0.4,-9.2,5.2,-4.1,-5.7,-1.7,1.7,1.5,2.8,-1.0,0.6,15.0,4.9,5.1,13.7,-1.2,-10.7,-1.8,-1.2,-2.1,-1.2,4.9,-2.9,0.8,1.7,8.6,-2.5,4.5,4.0,4.0,6.6,6.5,-6.8,8.0,8.0,8.7,-0.0,4.0,6.6,3.4,7.0,-2.4,7.9,6.3,-1.1,3.2,3.3,-0.5,4.7,4.2,0.1,1.9,0.4,-2.6,2.0,-9.1,-10.8,2.6,1.1,4.7,-1.2,5.2,0.5,-3.9,-0.8,-6.1,2.6,6.5,11.6,7.3,5.8,6.3,0.3,3.5,3.7,0.0,-2.7,14.1,4.9,-0.1,3.2,3.1,4.8,8.1,-3.0,0.6,-1.2,1.1,-5.8,15.9,-1.3,3.9,3.6,3.3
2C7L50xhW6,0,48.0988,11.627928,4442302.64,2777473.99,542.1,587.8,217,7322,3.9,0.7,0.47,32.65,348.96,-0.529,-0.103,0.842,-0.7,0.2,0.31,0.3,0.7,0.3,-0.3,-1.0,-0.1,-3.7,1.6,0.1,0.2,2.0,2.4,-1.6,0.3,-1.0,0.1,-0.0,-6.1,-3.7,9.3,0.3,6.0,-8.6,-1.2,-0.8,1.3,1.7,4.5,2.7,4.6,1.0,3.6,1.7,-3.1,-2.5,-7.4,-10.2,0.2,-7.9,0.6,-0.8,-1.4,1.7,-2.5,-0.4,0.5,-7.6,1.6,1.2,-6.2,2.0,-1.4,-2.8,-0.9,-0.5,-0.7,-0.2,-2.3,-2.2,-1.4,-3.2,-2.5,-1.8,-2.1,-0.2,-6.2,-7.8,0.1,9.9,-4.3,-5.2,-8.2,-1.2,-1.6,-2.6,-5.2,-0.6,-0.6,-5.8,11.7,3.6,-10.0,0.1,-3.6,-5.8,0.1,-8.2,7.9,-13.5,-12.4,10.0,2.2,-3.5,-3.6,1.0,-4.7,-2.0,-6.8,12.3,-5.7,2.3,-0.3,-4.2,-2.0,-0.7,-5.7,-3.8,0.3,3.1,1.0,-0.5,0.4,-1.1,-1.3,4.9,-4.0,-8.6,2.6,5.3,5.9,-3.2,-3.6,-6.6,-5.0,-7.9,-4.1,-1.9,-6.2,-3.5,-5.6,-6.1,-5.8,-7.2,-4.0,-0.5,-4.1,-2.4,-0.6,-1.2,0.5,-5.5,-2.9,0.6,-1.5,-2.4,-3.6,-5.4,-4.2,-4.9,-5.6,0.8,-2.4,0.9,-1.3,-0.4,-5.4,-4.9,-7.2,-5.7,-4.0,-2.5,-3.7,-1.9,-5.2,-2.2,-1.2,1.6,-4.1,-2.1,-3.0,3.2,-4.3,-3.3,-4.1,-3.0,-2.6,-3.5,-1.0,-5.1,-3.7,-3.7,-5.6,-5.7,-5.7,-2.9,-3.5,-6.3,-2.2,-0.6,1.0,-2.4,7.1,1.0,-1.6,-5.5,-4.2,-1.7,-7.2,-7.6,-2.3,0.6,1.1,1.4,-3.2,-5.7,0.6,-6.5,-6.8,-13.4,-5.3,-5.8,-2.8
2C7L50xhWt,0,48.09916,11.630727,4442510.27,2777518.53,542.5,588.2,217,7371,3.1,0.76,0.4,32.66,348.96,-0.53,-0.103,0.842,-0.5,0.2,1.03,0.24,1.9,0.2,-0.3,0.8,0.9,-0.0,4.7,-1.5,-3.4,-4.1,-1.7,0.3,-2.6,-2.0,0.0,0.5,0.6,-0.0,2.9,-3.2,-4.1,-5.6,-4.3,-3.2,-2.3,-2.4,-2.1,-0.1,-1.7,-3.5,0.0,-1.2,-6.3,-18.1,-9.9,-9.4,-0.9,-4.4,-3.8,-2.0,-3.2,-0.9,-2.1,-3.0,-7.3,-8.0,-5.2,-7.7,-6.7,-3.6,-7.0,-1.2,1.5,-0.6,0.1,-5.9,1.8,2.4,-12.2,-1.0,0.1,-0.2,-3.7,-2.2,-3.9,-7.3,-6.3,-3.5,1.9,0.2,-1.8,1.6,0.8,-3.9,-2.1,-4.4,-2.4,0.5,9.2,-2.5,-3.9,-5.6,-2.5,-2.5,-8.3,-2.6,-12.2,-6.6,-5.3,-5.9,-9.7,-2.5,-5.3,-13.0,-15.5,-19.4,-9.4,-10.7,-10.1,-9.1,-8.7,-8.5,-7.6,-7.3,-6.2,-5.6,-6.2,-4.1,-6.3,-6.9,-4.4,-5.1,-6.4,-5.2,-5.2,-4.9,-5.7,-4.2,-5.0,-6.8,-5.5,-6.5,-5.4,-2.1,-2.6,-2.5,-2.5,-1.8,-1.3,-4.8,-4.3,-4.0,-5.7,-2.1,-3.7,-5.0,-4.2,-6.4,-6.7,-4.7,-5.5,-3.9,-2.9,-3.0,-5.9,-8.9,-4.0,-2.4,-2.5,-5.3,-4.9,-5.1,-7.9,-4.7,-8.4,-7.0,-6.5,-7.3,-6.0,-5.9,-7.6,-6.6,-9.1,-8.5,-7.4,-6.2,-9.7,-13.7,-2.1,-7.7,-13.1,-9.6,-5.3,-6.2,-6.0,-5.3,-6.0,-3.6,-6.6,-4.1,-2.5,-6.5,-3.7,-3.1,-4.4,-4.8,-5.6,-2.0,-3.2,-5.4,-4.3,-4.5,-5.8,-7.8,-7.0,-3.5,-8.3,-3.3,-5.1,-4.4,-0.6,-3.3,3.6,-2.0,-7.8,-4.7,-5.1,-3.3,-8.0,-1.8,-6.9
2C7L50xhXE,0,48.099297,11.631795,4442589.55,2777535.55,535.4,581.1,217,7392,3.4,0.75,0.42,32.66,348.96,-0.53,-0.103,0.842,-0.5,0.2,-0.68,0.26,0.2,0.2,-0.3,1.4,0.2,-0.9,-1.0,1.0,-2.3,0.9,1.0,3.4,-8.5,1.4,-0.2,0.8,3.8,2.4,2.4,4.0,-0.3,0.7,-0.9,2.4,-1.2,-4.4,6.6,5.0,4.2,5.3,-7.5,4.0,0.3,-0.3,0.4,-3.2,5.9,5.7,4.3,3.5,0.6,-3.4,1.8,5.1,-1.3,-0.4,3.8,10.0,2.2,-4.8,-1.4,2.2,-0.5,2.4,3.6,2.9,2.0,1.7,1.5,-1.0,3.7,3.2,1.4,0.4,-2.1,-1.8,0.4,-2.9,-2.6,1.3,-3.8,0.6,0.8,-1.8,3.0,0.5,1.0,2.2,2.8,1.9,-1.5,-2.2,3.5,4.7,5.5,-2.0,5.1,6.3,2.1,3.2,4.2,-0.1,2.0,4.2,-0.8,1.9,4.6,3.0,-4.1,-1.1,3.0,3.0,2.2,3.4,2.0,0.9,-1.6,1.9,5.4,4.6,0.8,1.9,1.8,-0.6,7.0,1.8,11.1,6.6,-3.6,12.2,-9.6,8.1,-0.5,-1.7,-1.5,3.4,5.6,3.5,4.9,-0.3,6.4,-1.9,-0.6,1.6,1.6,-3.4,3.3,-6.5,-1.5,-0.2,4.2,4.7,3.7,-8.1,-2.1,0.8,0.0,1.6,-3.0,-7.7,0.8,1.7,0.6,0.8,-2.5,-0.5,2.2,-1.5,3.7,8.3,3.5,1.7,3.1,-1.6,1.5,4.5,0.2,-2.2,-6.3,3.0,-4.0,-2.0,-2.1,1.4,-3.4,-6.7,1.1,1.8,3.7,1.3,1.2,4.1,1.7,-0.6,0.4,-4.7,0.4,1.0,-0.7,-3.9,2.5,-1.4,2.4,-9.5,-1.6,-2.7,2.5,-8.2,-8.0,-0.1,-1.9,-2.1,-3.1,-2.2,-3.3,0.4,-1.3,0.9,-1.1,3.0,-1.5
2C7L50xhVm,0,48.098669,11.626766,4442216.34,2777457.55,540.9,586.6,217,7302,1.6,0.92,0.29,32.64,348.96,-0.529,-0.103,0.842,-0.6,0.1,-0.06,0.12,1.2,0.1,-0.3,-1.7,-1.8,-0.4,-1.4,0.2,-0.9,-0.4,-2.7,-1.2,-0.4,1.4,-2.1,1.0,-1.2,2.4,1.0,-0.6,0.2,-2.2,1.2,-1.7,0.5,-1.1,-1.0,0.8,0.1,1.6,1.2,0.1,-2.3,-1.8,-3.5,-3.3,-3.6,-4.8,-2.7,-2.0,-1.9,0.9,-5.0,-3.6,-0.3,-0.0,-1.7,-0.0,-2.4,-1.5,-2.1,-0.5,-3.3,0.9,-1.2,-1.7,-2.5,-1.4,-1.0,0.2,-1.5,0.6,0.8,1.4,-2.4,1.6,-0.0,-0.2,4.0,-0.3,2.7,-1.4,-0.0,-1.7,0.0,-0.5,-0.9,-0.5,-1.5,-1.5,-2.3,1.3,-1.4,0.3,-4.0,-1.2,-1.6,-0.9,-1.6,-3.8,-1.7,-3.0,-2.2,-1.2,-3.8,-5.3,-1.2,-3.2,-0.8,-4.7,-4.8,-4.6,-3.3,-4.1,-4.8,-2.0,-2.7,-4.5,-2.3,-2.5,-3.1,-2.0,-1.8,-3.0,-1.3,-0.1,-1.4,-1.1,1.8,2.1,-1.0,-2.7,-3.9,-0.2,-2.2,0.9,-2.1,-1.5,-1.0,-0.6,-1.1,-1.6,-2.1,-4.8,-4.8,-3.9,-1.7,-2.8,-3.1,0.0,-1.3,1.0,0.4,-1.7,-5.0,-3.4,-1.9,0.3,-1.0,2.2,-1.9,-0.5,-1.7,-1.8,-3.7,-2.3,-2.7,-1.4,-2.9,1.6,-4.7,-1.6,-0.8,-5.6,-8.2,-4.5,-6.1,-8.1,0.3,-3.1,-6.3,-3.9,-3.0,-2.3,-3.5,-6.0,-3.5,-3.4,-0.6,-2.0,-1.2,1.1,-1.8,-2.1,-1.9,-2.6,-1.0,-1.9,-2.6,-2.4,-2.9,-5.3,-4.8,-4.9,-4.4,-4.9,-5.5,-2.6,-3.9,-2.8,-2.3,-4.7,-4.0,-6.1,-3.5,-2.2,-2.5,-2.8,-4.8,-2.2,-2.3
2C7L50xhVn,0,48.098671,11.626779,4442217.31,2777457.76,538.8,584.5,217,7303,3.9,0.66,0.44,32.64,348.96,-0.529,-0.103,0.842,-0.5,0.2,-0.68,0.3,2.0,0.3,-0.3,2.5,2.6,1.2,1.0,0.9,3.3,-5.0,1.0,-0.8,4.1,2.5,8.6,1.0,-1.1,-0.1,0.7,-2.4,-1.9,0.1,-0.6,-1.1,12.2,0.8,0.9,-1.5,-1.1,-2.0,3.8,5.1,-2.4,-3.1,-9.1,-2.6,-4.0,-5.8,-8.5,-2.1,-4.5,0.1,-7.6,-6.0,-6.0,-5.6,-6.5,-3.4,-6.5,-8.9,-4.2,-2.6,-12.6,-2.5,-3.5,-1.4,-4.8,-3.8,-3.1,-2.0,3.0,0.6,0.1,3.5,-2.6,10.2,0.4,0.2,4.8,1.3,2.1,-2.9,-1.9,1.6,-0.3,0.4,-0.7,-2.7,-1.4,-2.1,-3.8,-0.8,-1.7,-4.4,-1.6,-7.6,3.9,-0.7,-3.9,-4.5,-0.7,1.0,1.2,-0.6,9.4,-9.6,0.2,-7.6,0.7,-10.8,-1.0,-8.5,0.6,-6.7,10.5,1.5,1.1,-1.1,-0.7,2.2,-3.1,3.1,-0.4,-2.3,-0.9,0.4,-2.7,-0.2,3.1,-0.5,0.4,-1.3,-0.4,0.8,2.8,-0.7,0.5,-2.9,1.9,0.8,-0.3,-0.4,-1.7,-4.9,3.6,-6.5,1.8,-3.1,4.9,2.3,4.2,-0.5,4.7,-0.6,-9.2,1.4,-2.4,-0.0,-0.8,-1.1,-2.5,2.5,-0.2,12.0,-7.7,-3.1,-1.9,1.0,-2.0,-0.8,8.8,0.9,1.2,-5.3,-7.6,-5.6,-9.2,-7.6,2.1,-5.9,-5.5,-4.8,-3.3,-3.9,-6.0,-9.9,-5.2,-7.5,-4.5,-5.1,-0.8,-1.7,0.7,-5.6,2.6,1.8,0.1,-4.4,0.6,-2.1,-5.8,-6.0,-4.5,-8.1,7.7,-5.7,-9.5,-2.1,-1.2,-10.4,-7.7,-8.5,-3.5,-14.8,-0.5,-1.0,0.1,-1.7,-9.0,-1.3,-3.0
2C7L50xhW5,0,48.098818,11.627925,4442302.34,2777475.99,545.2,590.9,217,7321,3.9,0.66,0.48,32.65,348.96,-0.529,-0.103,0.842,-0.5,0.2,-0.95,0.3,1.8,0.3,-0.3,0.5,0.1,4.1,1.5,1.8,2.2,5.8,5.7,8.5,-0.7,4.6,0.5,3.5,8.3,7.4,3.6,2.9,3.0,0.9,6.3,4.7,3.5,5.0,4.8,4.9,1.5,5.3,2.4,0.8,1.6,-3.1,-1.4,-4.7,2.5,-2.2,6.1,3.2,2.1,4.1,4.3,3.8,-1.7,0.6,6.3,3.1,1.7,-3.2,0.8,1.5,0.6,0.7,2.8,1.0,2.3,1.5,4.0,-0.5,5.6,3.7,3.5,2.1,2.4,9.5,-4.2,2.1,-4.9,-2.7,-5.5,3.4,1.7,-3.4,7.9,-0.6,2.3,-2.2,14.6,7.1,12.9,14.9,3.8,12.3,5.7,11.8,12.7,8.8,9.1,6.1,4.4,2.3,3.7,5.9,2.5,4.5,6.8,4.0,3.5,1.9,5.3,3.6,2.3,2.8,6.0,8.4,5.9,3.8,6.7,4.2,3.8,4.4,3.4,5.6,4.8,7.9,6.4,5.7,2.4,-1.3,1.5,0.3,1.1,10.4,2.1,1.1,2.5,4.4,15.6,0.4,4.2,9.3,4.9,5.1,2.0,-1.0,0.7,-0.1,0.7,-1.5,2.8,3.4,9.2,-1.5,-0.2,4.4,11.8,2.5,-3.6,4.7,-3.5,6.7,8.2,-0.0,-5.7,1.2,13.2,6.4,4.5,3.2,3.6,1.2,0.3,0.8,1.7,2.9,0.5,1.3,12.5,4.1,-1.0,1.1,0.4,2.7,1.5,-3.3,-2.4,-5.3,-5.3,-3.8,-2.2,-7.4,-3.5,-5.6,0.2,-3.7,2.0,6.3,10.6,-1.6,6.8,5.7,6.4,2.4,3.6,8.3,2.3,3.8,-2.3,2.4,0.9,-0.8,0.8,-0.0,-2.8,9.8,-1.4,-1.8,-4.4,-5.6,-2.8
2C7L50xhWI,0,48.098909,11.628634,4442354.96,2777487.28,544.0,589.7,217,7334,2.2,0.86,0.24,32.65,348.96,-0.529,-0.103,0.842,-0.6,0.1,0.07,0.17,1.3,0.1,-0.3,-1.2,1.3,1.4,-0.8,1.1,-5.9,1.6,3.0,2.7,6.4,3.3,-2.5,4.1,3.4,3.8,4.4,3.5,3.0,3.0,4.3,2.7,3.9,2.1,1.5,3.7,1.2,2.0,-2.9,-1.2,-1.7,-7.8,-2.7,-2.0,-0.9,-0.9,-0.2,1.3,1.7,3.4,0.9,1.9,-2.9,0.7,0.3,-0.7,1.4,-4.6,-3.4,-1.3,-0.8,-0.5,-1.7,-1.4,-1.5,-2.0,-1.4,-4.6,-3.1,-2.9,-4.2,-2.5,-2.9,-2.0,-2.4,-9.6,-5.4,-0.1,1.2,-0.4,-1.1,-5.7,-0.3,-4.7,-1.7,0.9,0.7,0.8,2.6,1.3,0.9,2.2,0.1,0.6,1.5,2.8,1.8,2.5,1.7,0.0,0.2,0.2,-1.1,-2.4,0.8,-2.0,1.2,-2.0,1.0,0.3,-0.8,-1.0,-1.5,0.6,0.6,1.3,0.3,0.2,-1.2,-0.4,0.4,0.5,0.0,-2.0,-0.1,-0.7,-2.2,-4.7,-1.7,-2.0,-2.3,-2.8,-1.2,-1.9,0.2,2.4,2.6,-4.4,1.8,1.0,-0.9,0.5,-0.6,-3.4,1.3,-0.2,1.7,2.5,3.0,2.0,2.4,-3.7,-3.2,-2.9,-2.4,-0.2,-0.5,-0.1,-0.0,0.2,2.9,-4.3,-1.7,0.1,-0.9,-0.2,-1.2,-0.5,-2.4,-1.0,1.0,-0.0,-2.7,1.1,-3.6,-4.9,-0.6,-0.2,-3.1,-2.1,-1.3,1.7,-1.4,-7.5,-6.5,-7.1,-5.8,-5.5,-3.8,-8.6,-1.1,-1.0,-1.4,-1.1,-1.4,-3.3,0.1,-3.6,-1.2,-0.2,-1.2,0.3,-1.8,0.1,-2.7,-0.8,0.1,0.2,0.5,-3.4,-1.7,-3.6,-3.7,-1.1,-3.0,-3.5,-5.1,-2.8,-3.7
2C7L50xhWJ,0,48.098903,11.628581,4442351.05,2777486.45,538.7,584.4,217,7335,3.4,0.75,0.42,32.65,348.96,-0.529,-0.103,0.842,-0.5,0.2,-0.02,0.26,1.0,0.2,-0.3,-0.5,-2.3,-1.6,-1.3,-2.5,-4.9,-0.4,3.4,4.8,6.8,2.4,8.3,2.2,0.4,4.3,1.6,2.6,7.6,4.1,-2.7,2.4,4.2,3.0,-5.4,6.0,-0.4,1.8,-0.8,-0.6,-2.6,-2.6,-3.3,-0.0,-2.7,4.2,1.3,0.6,2.4,2.9,4.3,5.1,-4.5,3.1,2.1,3.4,1.5,-1.7,-4.2,-0.3,-1.8,-1.0,1.2,-0.5,-2.4,-2.8,-1.0,-2.2,-2.3,-0.8,-0.5,1.4,-2.2,-2.7,-0.3,13.9,-10.9,4.4,5.3,8.6,2.2,-4.3,3.5,-7.4,-6.2,4.4,-0.2,0.5,1.0,-0.9,-0.4,1.9,-0.1,5.3,2.3,12.8,4.3,1.5,1.4,-3.5,1.5,1.5,0.2,-1.4,1.6,-2.4,6.7,-2.2,-2.6,-5.9,0.4,2.9,1.0,-0.0,0.4,0.2,1.3,1.3,0.9,0.6,2.2,0.6,0.4,-2.8,3.3,0.8,-0.8,-5.3,-1.3,-3.4,-1.3,-0.4,0.4,-0.6,-0.3,-1.5,1.8,-4.2,-1.9,-0.1,-2.2,3.4,1.5,1.1,3.4,3.4,4.9,3.0,4.9,2.0,4.1,0.6,-1.0,-3.4,-3.4,-1.1,1.4,-0.9,1.0,0.4,-1.5,-1.2,-2.9,-0.7,-5.8,-3.8,0.6,1.7,-0.8,3.0,5.8,1.0,-2.6,-1.2,-14.3,-5.2,-2.1,-2.8,0.8,-0.6,0.3,8.7,-4.2,-3.9,-4.9,-5.9,-3.1,-1.8,0.6,-3.0,1.6,0.6,-0.2,-1.0,-1.0,-2.6,1.1,0.8,-1.0,-3.9,-0.2,4.2,2.2,2.5,-1.4,3.8,1.5,2.5,2.8,-2.8,-11.2,-2.0,-0.6,2.5,-5.0,-5.0,-3.0,-3.4,-0.7
2C7L50xhXG,0,48.099342,11.632002,4442604.85,2777540.89,541.7,587.4,217,7394,2.0,0.9,0.33,32.66,348.96,-0.53,-0.103,0.842,-0.4,0.1,-0.1,0.15,0.6,0.1,-0.3,-1.2,1.8,1.9,1.2,-0.1,-5.0,1.3,1.3,0.1,-3.7,3.5,-2.7,2.2,2.1,2.0,4.3,1.9,5.4,3.0,4.3,0.0,1.8,0.8,2.3,1.4,2.3,0.7,-1.5,0.3,-2.4,-0.2,-2.1,-3.2,2.0,-2.8,3.8,0.3,4.6,0.6,2.4,-0.7,1.3,-0.3,3.0,1.5,-0.5,-0.6,4.5,-0.5,1.7,-0.2,2.7,1.7,1.6,-0.7,1.3,-0.2,1.5,-1.6,-0.4,0.4,0.8,-3.0,1.6,-3.1,-1.1,-0.7,-0.1,2.7,1.8,-0.8,1.4,-0.3,1.2,1.2,2.6,0.9,0.6,0.1,0.3,2.1,0.7,-1.2,0.4,1.0,2.1,2.1,2.7,0.9,-0.1,1.3,-5.4,-0.3,1.3,0.2,-1.2,-0.3,2.6,1.3,-2.4,1.3,-0.9,3.4,-2.5,1.2,1.3,-0.3,0.4,1.2,-0.3,1.0,1.3,1.0,0.6,0.8,1.2,0.8,-0.0,-2.4,0.3,1.0,-1.6,1.0,1.9,3.9,5.0,1.6,3.0,-0.1,-1.1,1.5,2.7,2.2,0.3,-0.8,2.4,1.4,1.0,-0.7,3.7,-3.1,-2.1,0.2,0.8,-1.3,2.8,-1.3,-0.5,-0.6,0.9,1.9,-1.5,2.2,-2.2,0.6,-0.9,-0.5,-1.8,0.7,0.0,-1.2,-0.8,-0.0,-2.1,-3.6,1.5,-0.8,-0.9,-3.1,-1.4,-0.3,-1.1,-3.2,-3.9,-2.3,-4.8,-4.5,-2.9,-4.5,-0.6,1.8,0.7,-0.2,-0.6,1.6,-1.3,1.0,-1.8,-1.3,-7.7,4.5,5.3,4.3,-1.6,2.1,0.8,3.8,-2.5,-1.3,-1.0,-0.4,-1.0,-1.3,-0.7,-1.4,-2.7,-2.7,-1.0
2C7L50xhZ0,0,48.100144,11.63825,4443068.35,2777640.31,546.6,592.3,217,7502,3.5,0.74,0.43,32.69,348.96,-0.53,-0.103,0.842,-0.1,0.2,-0.45,0.27,0.4,0.2,-0.3,5.5,-3.3,-2.3,3.8,1.1,-0.6,-1.1,4.0,3.1,-2.2,-8.0,8.0,-3.4,-0.0,1.8,2.8,3.1,2.6,0.8,-2.2,2.0,2.0,0.9,3.3,1.2,7.3,0.6,-1.3,1.7,-1.5,1.7,2.4,-0.9,-1.1,1.3,5.8,0.9,2.4,2.3,-1.2,3.1,-2.5,6.0,4.0,2.5,2.7,-4.1,-0.5,1.2,0.3,0.5,0.5,3.4,0.8,-1.5,2.3,-3.6,2.4,-1.3,0.1,1.1,1.1,-1.8,-1.6,-10.0,-2.9,-0.7,-7.2,-1.1,-0.8,-5.3,-1.5,0.3,-1.5,0.1,-1.1,0.4,-0.9,0.4,5.4,0.1,5.1,1.6,0.6,1.2,0.9,4.8,3.1,2.2,3.1,-0.1,1.7,2.0,0.7,2.7,4.7,0.9,3.6,3.1,1.6,2.2,4.6,7.7,3.0,6.8,6.3,2.6,1.7,1.7,2.5,3.0,-0.1,1.7,4.1,4.8,-0.4,-3.5,1.1,3.6,3.3,5.0,1.8,-1.6,4.5,3.8,6.6,-5.4,0.6,4.6,2.5,5.1,1.7,-1.3,2.3,1.6,2.8,2.7,1.7,5.1,3.7,-8.1,-4.3,-1.4,0.9,3.9,8.1,1.0,4.8,3.1,7.2,-6.1,4.0,3.9,-1.2,-2.2,5.2,4.6,7.0,-0.1,-1.7,3.0,3.5,-4.3,0.5,-4.3,-0.2,1.9,-3.8,-1.1,-4.1,5.2,-0.1,-4.4,-4.6,-4.0,-10.8,12.4,-6.8,7.0,8.2,0.9,-1.0,1.9,-0.8,-0.6,14.3,0.5,2.2,0.6,-9.2,1.5,0.2,2.6,-1.0,-2.6,-2.4,0.1,2.2,-0.7,-1.2,-0.2,0.7,0.3,1.7,-0.9,-0.4,2.7,2.4
2C7L50xhX6,0,48.099274,11.631328,4442554.81,2777532.24,536.2,581.9,217,7384,1.2,0.97,0.12,32.66,348.96,-0.53,-0.103,0.842,-0.4,0.1,-0.05,0.09,0.2,0.1,-0.3,-0.8,-0.7,-0.0,-1.0,-0.2,-2.2,0.1,-0.7,0.2,2.9,0.3,-0.3,0.4,0.2,1.0,0.6,1.0,0.3,0.2,0.9,0.3,0.7,0.5,1.2,1.7,0.5,0.8,1.5,0.7,-2.5,2.7,-4.3,-3.5,-1.0,-1.0,-1.0,0.9,0.4,2.4,1.2,1.0,-0.1,0.9,0.4,1.0,-0.2,-0.6,-0.1,0.3,0.0,0.6,0.3,-0.0,-0.9,-0.5,-0.6,-0.5,-0.8,-0.1,-0.3,-0.2,-0.3,0.3,0.2,-0.6,-0.2,-0.3,-1.9,-0.5,0.2,-1.1,0.3,-0.4,-0.2,0.3,0.6,0.8,1.1,-0.4,-0.0,-0.3,0.3,0.5,1.6,1.9,-0.1,1.8,-1.2,-0.9,-0.5,-1.2,-0.1,-1.8,-0.7,-1.8,-1.3,-0.5,0.8,0.3,0.0,-0.4,-0.2,0.2,1.1,-0.1,0.2,0.5,-1.0,-0.6,-0.8,-0.9,0.0,-1.0,0.2,-0.1,-1.0,-0.9,-1.0,-0.6,-0.2,-1.4,-0.8,-1.2,0.5,-0.5,0.8,-0.9,0.7,-0.1,-2.4,-0.9,-1.5,-0.5,-0.2,-3.1,-0.8,-0.8,-0.2,1.4,1.9,0.0,-2.2,-2.2,-1.8,-0.8,-0.9,-0.5,-1.0,0.2,-0.9,-1.3,-2.9,-1.3,-1.8,-0.9,-1.3,-1.0,-1.6,0.5,-0.4,-1.5,-1.6,-2.4,-3.7,-4.4,-0.9,-1.9,-5.3,-2.5,-0.8,-1.4,-2.6,-2.2,-1.5,-1.7,-0.9,-1.7,-0.9,-0.8,5.9,-1.5,-1.2,-1.3,-0.4,-1.1,-0.6,-1.6,-1.0,-1.0,-1.8,-2.1,-1.4,-1.6,-4.2,-1.4,-2.4,-1.3,-2.2,-1.9,-1.9,-0.1,-2.0,-2.3,-2.1,-1.4,-2.0,-2.1,-1.8
2C7L50xhX7,0,48.099285,11.631412,4442561.02,2777533.57,537.5,583.2,217,7385,2.4,0.88,0.31,32.66,348.96,-0.53,-0.103,0.842,-1.0,0.1,0.0,0.18,0.6,0.2,-0.3,-0.6,0.9,2.0,-0.2,-0.1,-3.8,1.0,0.7,0.3,-0.4,1.2,-1.9,2.1,1.6,1.6,0.9,0.3,-0.3,-0.7,-0.2,1.1,2.3,0.3,0.7,3.6,2.4,1.3,-1.1,7.3,-0.5,-0.0,-4.0,-3.6,3.7,0.3,2.2,3.1,0.7,3.4,1.8,1.3,-1.5,2.8,3.9,1.6,5.0,-2.0,-1.3,0.7,-0.9,1.6,0.1,0.1,0.3,0.1,3.5,-2.2,-0.2,0.1,-1.6,-1.5,0.6,-1.7,1.8,-4.4,-2.6,-2.3,-2.5,-0.7,-0.3,-2.7,0.8,-3.8,-0.6,1.3,1.6,1.7,1.3,-0.9,1.1,1.4,2.1,1.6,3.0,2.2,0.1,4.0,-0.6,-1.5,-0.3,-1.5,1.7,-1.7,0.3,-0.9,-1.5,-0.8,2.6,-0.4,1.3,-0.3,0.2,0.5,2.1,-0.1,1.6,-0.6,-0.4,-1.8,0.3,0.1,2.1,0.3,2.2,0.4,-3.8,-1.4,-1.8,-2.1,-1.2,-4.3,-1.3,-4.2,-0.2,-0.9,1.8,-2.2,-0.7,-0.1,-2.7,0.1,-3.6,-3.2,-0.2,-4.4,-1.6,-1.7,-0.7,0.7,0.9,-4.2,-3.5,-4.2,-5.4,-1.2,-3.2,-2.6,-3.8,-2.5,-1.2,-3.0,-2.1,-0.6,-0.6,-0.3,-1.9,-1.1,-1.9,-0.8,-1.9,-4.0,-1.7,-3.9,-5.1,-5.3,-1.4,-2.7,-6.2,-2.0,-2.1,-2.7,-3.4,-3.4,-5.4,-4.4,-3.4,-5.3,-2.5,-9.3,2.3,0.0,-1.3,-1.3,-1.4,-0.2,-2.0,-5.1,-1.2,1.7,-1.2,3.9,10.4,-13.1,-7.7,-11.5,-8.7,-1.7,-2.3,-3.4,-1.9,-1.7,-4.6,-2.2,-3.2,-3.7,-2.9,-4.8,-5.2
2C7L50xhYo,0,48.100052,11.637382,4443003.97,2777628.59,537.6,583.3,217,7490,1.8,0.89,0.33,32.69,348.96,-0.53,-0.103,0.842,-0.6,0.1,-0.37,0.14,1.5,0.1,-0.3,-0.5,-0.8,-1.1,-0.1,0.4,-0.6,-1.4,0.4,-0.9,-0.1,0.9,0.1,0.1,0.9,-0.6,-0.5,-1.4,0.2,-3.8,-0.9,-2.9,-0.7,-0.3,-1.4,-2.1,-3.0,-3.6,-1.9,-4.1,-3.8,3.7,-7.3,-8.5,-5.3,-6.1,-2.6,-6.0,-2.8,-4.3,-4.9,-2.2,-1.3,-3.3,-0.0,-4.5,-2.2,-2.4,-1.2,-1.4,-0.7,-2.6,-1.8,-3.0,-2.5,-4.6,-2.2,-2.4,-1.6,-1.5,-1.1,-2.5,-1.3,-1.4,0.5,-2.4,-0.5,-0.2,-1.0,-1.2,-5.4,-0.8,-2.2,-0.5,-4.0,-1.4,-3.1,-1.7,-4.3,-1.5,-3.9,-0.2,-4.5,-4.8,-8.0,-5.3,-6.5,-4.3,-5.5,1.5,-3.9,-5.6,-7.8,-6.5,-6.9,-7.0,-5.7,-2.5,-4.2,-3.7,-5.2,-5.6,-3.4,-1.8,-2.6,-3.2,-2.3,-2.0,-3.8,-3.0,-4.1,-0.8,-3.7,-1.1,-2.8,-0.9,-1.0,-3.6,-2.2,0.1,-0.4,-1.9,-0.4,-0.8,-0.7,-2.1,-1.2,0.2,0.1,-2.2,-2.8,-0.8,-1.8,-0.8,-3.6,-3.1,-3.0,-2.1,-5.0,-1.8,1.3,0.1,-4.2,-4.6,-2.7,-2.2,-1.1,1.1,-2.7,-2.5,0.2,-2.6,0.7,-0.2,-0.1,-0.9,-1.4,-2.9,-3.4,-4.2,-4.3,-5.6,-4.1,-1.6,-5.9,-7.6,-1.5,-3.9,-6.6,-7.8,-3.7,-5.6,-2.5,-7.9,-5.5,-3.5,-2.1,-5.2,-3.6,-6.7,-4.9,-2.8,-2.2,-0.9,-4.0,-5.9,-5.6,-4.8,-5.8,-6.2,-4.9,-5.2,-6.4,-6.5,-8.3,-6.9,-6.1,-5.2,-5.6,-4.4,-7.3,-8.0,-6.1,-5.6,-5.6,-1.2,-5.0,-4.9,-5.0
2C7L50xhYp,0,48.100058,11.637434,4443007.8,2777629.41,537.4,583.0,217,7491,1.6,0.89,0.2,32.69,348.96,-0.53,-0.103,0.842,0.3,0.1,-0.19,0.13,1.9,0.1,-0.3,-1.0,-1.5,-1.9,-0.2,-1.8,-2.7,-2.6,0.1,-0.8,0.4,-0.2,-0.6,-2.3,-1.0,-1.7,-1.4,-3.0,-2.8,-4.3,-3.8,-4.0,-2.1,-1.5,-3.5,-3.8,-3.1,-3.1,-2.3,-2.6,-6.0,-0.5,-8.2,-7.2,-4.2,-5.6,-3.9,-4.7,-3.9,-3.4,-3.1,-2.7,-2.3,-3.0,-2.5,-3.1,-1.7,-1.8,-1.2,-1.5,-1.3,-1.7,-0.6,-1.7,-1.5,-2.2,-1.3,-2.1,-0.9,-2.4,-1.0,-1.7,-0.6,0.1,-0.8,0.0,-1.1,-0.9,-0.8,-1.0,-2.4,-0.2,-1.7,-0.4,-1.4,-1.0,-2.8,-1.0,-2.9,-1.6,-2.1,-1.2,-2.6,-5.2,-7.3,-8.0,-8.6,-6.1,-7.8,-9.5,-5.6,-8.6,-8.8,-8.6,-8.4,-7.5,-4.7,-5.4,-5.2,-5.2,-6.5,-4.9,-4.7,0.4,-1.7,-1.1,-1.8,-1.3,-2.6,-2.8,-2.1,-0.7,-2.7,0.2,-1.6,-0.5,-1.3,-2.0,-2.0,0.1,-1.0,-0.9,-1.2,-1.3,-1.3,0.0,1.1,-1.2,-1.4,-2.5,-2.3,-1.0,-1.3,-1.6,-3.0,-3.5,-2.3,-1.4,-3.9,0.4,1.6,-0.7,-4.0,-3.6,-1.0,0.9,1.0,1.0,0.1,0.6,1.1,-0.4,0.1,0.5,-0.3,-0.1,0.2,0.0,0.1,0.1,-0.3,-1.6,-2.2,-0.5,-2.9,-5.3,-0.6,0.8,-5.7,-3.7,-1.5,-1.5,-1.2,-2.7,-4.0,-1.4,1.2,1.9,1.3,-1.8,0.2,-0.8,-1.3,-1.4,-3.8,-0.5,-1.8,-4.6,-3.3,-2.3,-3.0,-2.9,-1.7,-2.5,-6.0,-4.1,-3.3,-2.7,-2.4,-2.3,-2.4,-5.0,-2.4,-2.2,-1.2,0.4,-2.6,-1.8,-1.5
2C7L50xhXD,0,48.099379,11.632003,4442604.85,2777545.01,549.0,594.7,217,7391,4.1,0.64,0.41,32.66,348.96,-0.53,-0.103,0.842,-0.6,0.2,-0.08,0.31,2.8,0.3,-0.3,1.6,1.7,2.9,3.3,3.0,-7.8,3.2,2.6,2.8,-6.4,2.9,-5.8,3.7,3.9,2.4,4.1,5.4,5.1,3.0,3.1,2.8,5.6,1.5,8.3,6.3,8.1,4.5,19.6,7.4,5.0,-6.2,0.4,0.8,4.6,2.3,4.0,5.7,4.9,5.7,6.1,2.0,-3.3,4.1,5.9,6.6,4.3,-5.2,-1.2,0.3,-1.9,2.9,0.4,0.7,-0.3,2.2,1.5,-5.3,4.5,0.9,0.4,0.7,-0.5,-6.4,-0.9,-9.4,-5.3,-4.1,0.4,-4.1,0.9,-5.7,2.4,-4.7,-2.2,3.5,4.9,6.4,4.3,4.5,8.1,4.5,4.9,0.8,4.2,3.4,3.4,4.9,3.6,4.7,1.9,4.2,-3.2,-0.8,3.8,1.1,-0.7,-4.0,2.6,3.9,2.2,3.5,8.4,5.5,6.4,6.8,4.8,3.2,2.8,5.5,4.0,4.6,3.1,2.0,4.8,3.6,-8.4,-3.9,-10.0,0.3,-3.2,-5.3,-4.1,-6.6,4.7,2.6,4.7,-4.0,4.8,5.1,1.5,5.5,4.5,21.6,3.9,4.0,4.2,4.1,4.6,6.3,0.7,-4.6,-5.1,-1.5,5.3,-2.8,-3.5,-7.6,-7.9,14.7,0.2,-1.9,-1.1,1.0,3.8,1.7,0.2,2.6,1.1,2.2,1.9,5.2,5.2,11.9,2.5,4.2,-2.6,3.8,-4.2,1.7,3.0,3.1,0.5,-3.1,-5.7,-7.0,5.1,-7.1,-5.1,-7.7,-0.8,0.1,0.9,-0.1,0.7,1.7,2.4,-8.2,3.0,4.3,0.4,0.2,-1.7,2.5,-0.0,1.1,2.6,4.6,-0.0,-5.0,2.3,-2.5,-1.6,-3.1,-0.5,-5.7,-3.7,0.7,7.8
2C7L50xhXd,0,48.099546,11.633305,4442701.42,2777565.74,541.9,587.6,217,7417,1.9,0.91,0.28,32.67,348.96,-0.53,-0.103,0.842,-0.3,0.1,0.07,0.14,0.5,0.1,-0.3,-1.0,-0.0,2.1,-1.1,0.4,-3.2,1.5,0.9,0.6,-0.7,-0.2,-2.4,1.2,1.2,0.0,-0.2,1.9,0.5,-0.7,-1.2,-0.0,-1.2,3.8,2.1,4.5,1.5,0.5,-0.6,3.2,0.7,4.1,-0.8,1.0,-0.0,-0.2,1.8,1.4,4.7,2.8,9.8,-0.3,-0.3,1.1,-0.2,2.5,-0.2,0.6,0.9,0.5,1.1,0.9,2.8,0.5,0.1,2.0,1.1,1.4,-0.5,1.1,0.1,0.1,-0.4,-1.0,0.2,-1.4,-1.1,-0.5,-4.4,-0.8,0.3,-1.4,2.4,0.6,0.8,0.8,3.1,1.7,1.8,0.9,0.7,-0.3,-0.9,2.2,2.1,1.5,1.2,1.4,0.4,-4.4,1.1,1.1,-0.4,-2.0,1.1,1.6,0.9,3.9,-1.8,2.3,-0.3,2.1,0.9,0.2,3.4,3.6,-0.9,1.5,-0.4,-0.3,0.6,-1.1,0.4,-1.4,0.6,0.4,0.7,-1.2,0.6,-0.5,2.2,-0.7,1.6,-0.7,-0.3,-0.5,3.2,-0.5,1.8,-0.7,-2.4,2.2,0.7,0.9,-0.2,-1.9,-2.9,-4.6,1.5,2.6,4.9,-1.5,-2.1,-2.0,0.4,-2.3,-0.6,-0.1,0.5,0.4,-0.4,1.7,-1.5,-1.5,0.3,0.6,0.6,-0.7,0.4,1.2,1.7,0.0,1.7,-3.3,-3.3,-2.3,-0.4,-0.1,-3.3,-0.3,0.6,2.4,-0.6,-1.6,-2.0,-2.4,-1.3,-1.7,-1.6,0.2,-2.6,0.4,-1.5,-2.0,-1.5,-0.8,-0.0,1.7,-0.1,1.0,-0.9,-0.9,0.4,7.2,-6.1,-2.5,0.3,-1.1,6.8,3.0,0.9,-1.8,-2.7,0.0,-1.0,-1.0,-1.3,-0.2,-0.4
2C7L50xhYh,0,48.100052,11.637244,4442993.69,2777628.43,549.0,594.7,217,7483,2.6,0.8,0.37,32.69,348.96,-0.53,-0.103,0.842,-0.8,0.1,-1.03,0.21,0.6,0.2,-0.3,1.9,0.3,2.2,3.5,1.6,-1.6,1.0,2.2,1.3,4.4,-1.5,1.1,1.8,2.1,1.9,2.5,2.4,1.4,-0.4,-0.2,2.4,0.3,1.8,2.9,4.5,3.0,1.0,0.9,4.5,-3.6,9.0,0.7,-4.9,1.3,-3.2,-1.5,2.9,-5.2,5.4,-5.4,7.2,7.2,2.2,8.4,9.9,6.3,4.8,6.6,5.0,6.7,4.5,8.0,5.6,9.2,9.0,3.0,5.1,2.3,2.7,0.9,3.0,3.6,2.8,2.9,3.3,4.7,4.0,3.0,3.0,2.0,2.6,1.9,3.7,3.3,3.3,6.3,4.7,5.2,4.9,3.2,2.5,3.1,3.4,5.0,6.8,5.9,6.0,6.3,6.4,5.6,8.6,4.7,8.1,2.8,9.0,8.1,8.8,8.5,8.9,4.2,3.1,4.8,6.0,5.9,7.1,6.5,3.6,7.8,1.7,5.9,5.5,3.7,6.8,2.8,5.0,1.8,2.7,2.4,2.5,0.6,0.0,1.2,1.4,0.9,3.4,0.7,1.7,2.7,5.8,3.2,7.2,6.2,-3.4,4.2,6.5,4.8,7.2,0.8,1.7,0.8,4.5,-2.6,-3.2,-0.7,1.3,2.7,2.2,1.8,1.5,-0.4,0.3,0.3,1.4,1.8,0.7,0.3,0.4,0.7,1.7,1.6,1.7,1.2,-3.5,-0.7,-3.4,1.2,3.7,-2.3,-1.8,3.3,1.5,-0.6,-2.3,-0.1,1.2,2.3,-0.4,0.1,0.6,0.8,1.7,1.2,1.9,1.7,4.1,0.9,-4.0,1.1,3.9,1.6,2.3,4.2,3.0,1.4,0.7,-0.4,2.3,2.3,0.6,-0.4,-4.9,-2.4,-2.2,-4.2,0.7,-1.7,-2.3,0.1
2C7L50xhYm,0,48.100049,11.637217,4442991.68,2777628.02,534.8,580.4,217,7488,2.1,0.88,0.32,32.69,348.96,-0.53,-0.103,0.842,-0.2,0.1,-0.58,0.16,1.2,0.1,-0.3,2.2,0.1,1.9,0.8,-0.0,1.9,1.0,1.5,-0.4,-0.1,0.4,2.9,0.4,1.1,-0.5,-0.1,-1.1,-1.4,-4.5,-3.8,-3.2,-2.7,-0.5,-0.9,-1.5,-0.1,-0.5,3.5,0.4,-4.0,1.3,-5.9,-8.6,-3.4,-6.3,-5.2,-6.3,-4.0,-0.7,-6.4,-1.5,-0.0,-4.9,-0.3,-2.2,-0.8,-1.3,-0.9,0.1,-1.0,-0.9,-1.2,-0.3,-1.8,-1.2,-0.4,0.4,1.2,-2.0,-0.4,-1.0,-1.6,2.6,-2.4,1.4,0.3,0.2,0.3,-1.5,-1.7,-0.5,-1.5,-2.1,-2.2,-1.3,0.0,-1.8,-1.7,-0.6,-0.8,-0.8,-3.8,-1.5,-1.8,-1.3,-3.2,-0.7,-0.5,-0.4,0.4,-0.6,-2.9,-3.0,-1.5,-0.1,1.7,1.4,-0.3,-0.1,0.1,-0.8,0.5,0.5,-1.0,-0.7,-1.1,0.2,-2.8,-3.1,-2.6,-0.9,-2.0,0.7,-2.4,-0.6,-0.6,-3.8,0.2,1.5,1.4,0.1,1.8,2.6,-0.9,1.5,2.1,0.1,-0.9,0.9,-1.0,1.0,1.3,3.9,-1.6,-9.2,-0.2,-3.1,-2.5,0.7,3.0,-2.6,-4.0,0.6,0.9,-0.6,1.3,1.4,1.5,1.1,1.6,-0.5,-1.2,1.9,0.6,-0.4,-0.4,-0.5,-1.5,-0.0,0.5,-0.1,0.3,0.6,0.7,-2.7,-0.9,2.9,-3.0,-2.1,0.7,-1.3,-1.5,-5.3,-1.1,-4.3,-3.9,-0.3,-0.2,-2.7,-1.9,0.4,-2.4,-2.5,-3.6,0.7,-0.7,-3.3,-1.9,-2.5,-2.7,-8.5,-3.6,-8.2,-9.2,-10.6,-4.8,-4.4,-2.5,-1.9,-1.3,-2.5,-2.7,-2.1,-1.3,0.5,-0.3,-0.5,1.2
2C7L50xhVc,0,48.098658,11.626241,4442177.25,2777455.37,544.7,590.4,217,7292,3.1,0.75,0.38,32.64,348.96,-0.529,-0.103,0.842,-0.7,0.2,-0.51,0.24,1.8,0.2,-0.3,4.9,-0.9,-0.9,-2.2,3.5,-5.5,3.1,2.9,3.8,0.0,8.0,-6.3,3.3,1.8,4.9,4.1,8.4,5.3,7.4,5.6,0.4,7.0,4.1,4.9,5.2,3.7,7.1,2.0,4.1,2.3,-4.7,0.4,1.5,8.0,5.4,2.3,3.5,3.7,5.3,4.0,4.3,3.4,8.4,2.8,7.2,4.5,-0.9,2.3,1.9,3.7,5.7,0.8,2.8,3.6,0.4,2.9,0.2,6.4,6.9,4.8,6.0,5.2,-0.6,5.6,-0.7,0.6,2.8,-0.5,2.5,5.4,-1.9,6.4,0.8,3.3,5.8,6.8,7.8,-7.8,4.7,10.4,10.0,10.0,12.3,7.6,2.0,6.0,4.3,2.9,5.9,5.7,6.8,1.9,3.0,9.0,7.9,9.5,3.9,9.1,8.5,7.7,6.7,6.0,10.4,7.1,7.1,9.1,9.6,5.9,10.3,5.4,3.9,6.1,3.3,3.7,3.0,-1.5,-2.1,0.7,1.7,-2.1,-2.8,-0.1,0.2,2.0,2.5,4.2,-3.9,4.3,4.5,5.8,3.7,-0.0,-3.1,7.4,1.9,3.8,5.5,5.5,7.3,6.1,1.4,6.0,2.3,3.1,3.3,0.8,0.1,2.1,2.4,1.0,0.7,0.7,1.2,1.5,3.5,-0.8,1.2,0.1,5.9,2.5,5.3,1.7,1.6,1.5,1.2,3.9,1.7,0.9,3.0,3.3,4.0,4.3,-0.7,-5.3,-2.6,-1.9,-3.7,-4.3,-12.7,-0.2,1.7,0.8,0.9,-0.1,1.9,3.1,-2.8,4.9,4.8,4.0,2.0,1.3,5.5,0.5,0.1,3.0,3.0,5.1,0.4,3.4,-0.7,3.3,1.7,2.8,2.3,0.6,1.7,-0.0
2C7L50xhVj,0,48.098717,11.6267,4442211.35,2777462.68,547.1,592.8,217,7299,3.3,0.77,0.41,32.64,348.96,-0.529,-0.103,0.842,-0.2,0.2,-0.33,0.25,0.8,0.2,-0.3,-1.0,-0.5,-0.9,-0.4,-0.6,-2.5,-0.9,3.9,1.2,-2.8,1.6,0.8,3.9,2.1,4.2,0.9,3.4,1.6,1.7,4.9,3.5,2.5,1.4,3.5,4.5,0.0,6.4,6.4,1.5,1.5,-2.3,-4.9,-2.2,0.3,-2.6,1.1,-2.7,2.5,6.4,0.9,2.1,6.6,1.7,-0.6,4.4,3.3,4.2,-2.7,1.7,2.0,1.9,2.3,2.0,0.3,2.5,1.9,-2.5,1.3,2.7,1.7,1.3,1.2,0.6,0.4,7.1,0.6,0.8,-0.2,-0.8,-0.6,-3.1,-0.5,-1.7,0.2,1.2,0.7,1.7,1.0,2.4,0.2,0.6,7.0,0.4,1.4,0.7,3.9,0.8,-2.2,2.5,5.4,4.7,-1.4,-0.8,3.2,1.8,6.2,3.4,3.3,-0.7,-6.2,-0.7,-1.7,4.1,1.4,3.3,1.1,4.0,-0.0,2.4,4.8,5.4,3.6,2.1,4.1,1.6,4.5,7.7,2.1,-0.2,1.4,4.5,-3.2,0.4,1.5,-0.4,3.7,9.6,4.5,6.6,2.5,3.4,-2.9,3.7,3.0,-1.1,0.4,2.4,8.0,-2.1,3.3,-4.8,-3.8,1.4,-2.6,-0.1,-1.7,-14.9,3.5,3.3,0.6,-0.4,4.4,3.0,1.0,3.8,3.8,6.4,-4.6,3.3,-0.1,2.4,-2.2,-0.4,-2.6,-2.5,1.3,2.2,0.2,4.2,2.0,3.1,0.7,-7.8,-0.8,6.6,-7.4,-2.1,0.8,-0.4,4.3,2.4,-3.5,-0.1,4.7,-6.6,0.7,-1.5,4.5,-1.2,2.4,4.1,1.7,3.2,-1.3,5.7,2.5,2.6,8.7,7.6,8.0,-7.9,2.3,-6.3,-5.4,-1.3,-4.6,-1.4,-2.9
2C7L50xhVz,0,48.098826,11.627552,4442274.57,2777476.25,542.4,588.1,217,7315,3.6,0.7,0.49,32.64,348.96,-0.529,-0.103,0.842,-0.6,0.2,-0.32,0.29,1.1,0.2,-0.3,2.0,0.2,1.8,0.0,2.3,-5.7,3.4,2.7,2.9,2.8,3.5,2.3,4.7,3.9,2.3,3.0,4.4,3.0,2.1,5.8,2.8,6.9,3.8,4.4,5.2,3.9,4.0,2.3,2.2,2.4,-2.3,-0.8,-1.0,1.1,-0.7,2.7,4.0,4.0,5.7,3.6,4.4,5.6,6.0,4.0,3.9,5.1,4.0,3.5,3.0,4.2,2.5,7.9,5.5,9.1,7.1,4.3,4.5,4.1,7.0,8.1,4.9,4.7,4.5,6.5,1.5,2.5,1.8,1.0,2.2,3.7,0.8,4.7,-0.4,4.1,10.1,5.6,5.7,9.4,3.8,2.1,5.3,5.6,1.6,7.5,13.1,3.4,4.8,5.0,-4.1,4.5,-4.9,-5.8,2.2,4.2,5.1,6.4,2.2,6.9,5.3,6.4,4.9,3.0,7.0,4.4,4.5,5.4,5.8,6.1,5.2,8.6,4.9,7.2,8.4,4.2,3.6,5.5,6.9,3.8,0.5,1.9,-3.3,2.0,0.9,2.5,3.0,3.3,3.9,3.0,4.2,1.8,-0.3,6.7,4.5,12.2,-0.4,4.0,5.5,5.4,6.7,5.7,-0.3,-3.2,3.3,1.8,7.2,-1.8,2.9,5.1,3.2,0.6,0.3,5.6,-1.3,2.4,5.5,2.6,4.2,3.3,5.4,4.4,1.0,-1.2,6.8,3.8,2.8,6.4,-2.0,-5.6,1.5,-0.8,-0.6,0.9,-1.4,-4.3,-9.1,-7.6,-10.4,-5.6,-5.7,-8.3,-10.0,-4.7,-9.0,6.5,-10.4,2.1,-0.3,10.4,7.8,4.3,4.2,4.3,9.3,5.3,4.1,5.4,4.7,11.8,3.1,4.7,1.4,5.1,2.5,2.3,10.5,-2.9,1.0,-2.2
2C7L50xhX3,0,48.099299,11.631231,4442547.5,2777534.8,540.3,586.0,217,7381,2.4,0.83,0.31,32.66,348.96,-0.53,-0.103,0.842,-0.6,0.1,0.48,0.2,2.0,0.2,-0.3,7.6,6.7,5.9,6.5,6.7,4.9,4.9,-12.3,-7.5,-4.2,-6.3,-5.2,-4.5,-5.8,-5.8,-3.9,-3.9,-8.6,-4.6,-5.2,-7.7,-7.2,-8.4,-6.1,-6.0,-6.5,-8.2,-1.8,-7.7,-10.5,-7.1,-13.6,-11.8,-7.7,-9.3,-8.7,-8.6,-5.7,-5.7,-5.9,-5.5,-8.0,-6.7,-6.8,-8.0,-7.9,-7.1,-5.7,-7.5,-5.5,-4.6,-8.3,-5.9,-7.9,-7.8,-8.1,-7.4,-8.5,-7.5,-6.7,-7.8,-5.9,-8.2,-6.0,-4.5,-4.5,-7.2,-6.2,-5.5,-6.5,-8.4,-7.2,-7.1,-6.6,-7.2,-8.3,-7.4,-6.4,-8.1,-5.9,-7.6,-8.4,-7.7,-6.4,-6.7,-7.8,-8.2,-10.1,-9.1,-9.5,-9.2,-10.1,-11.6,-9.7,-8.0,-9.1,-7.5,-6.7,-9.3,-9.2,-8.1,-8.5,-9.1,-7.4,-8.0,-8.3,-7.2,-12.6,-7.2,-9.1,-6.3,-6.8,-7.8,-6.4,-6.6,-6.7,-5.2,-6.2,-5.9,-7.6,-6.4,-4.5,-5.9,-6.5,-6.9,-2.9,-3.9,-5.1,-7.7,-9.5,-7.9,-10.6,-8.2,-6.4,-9.5,-5.2,-6.6,-8.0,-6.5,-4.8,-5.6,-5.8,-6.1,-7.4,-5.6,-3.7,-4.1,-5.1,-5.2,-7.3,-4.9,-6.8,-6.8,-5.9,-10.1,-5.8,-5.4,-7.4,-6.4,-6.7,-8.7,-9.3,-8.4,-10.4,-10.5,-7.0,-7.6,-11.8,-8.5,-7.4,-8.7,-7.9,-9.1,-5.4,-4.9,-3.9,-6.0,-7.2,4.0,-3.9,-8.8,-7.1,-7.5,-7.1,-5.1,-8.3,-9.3,-9.2,-9.9,-12.1,-10.1,-9.7,-9.8,-13.8,-7.6,-11.3,-9.6,-6.3,-10.0,-9.4,-8.2,-11.1,-9.2,-8.7,-7.8,-8.3,-10.0,-7.2
2C7L50xhXH,0,48.099403,11.63204,4442607.55,2777547.68,540.9,586.6,217,7395,1.5,0.94,0.26,32.66,348.96,-0.53,-0.103,0.842,-0.3,0.1,0.03,0.12,0.1,0.1,-0.3,-0.7,-1.0,-0.2,-1.5,-1.4,5.2,0.1,0.4,-0.5,2.7,0.3,3.6,-1.5,-0.3,-0.1,-0.9,-0.6,0.4,-2.7,0.4,-2.5,-1.2,-0.2,0.5,-0.9,0.3,0.8,4.8,1.2,-1.6,1.3,-4.8,-5.8,0.4,-3.2,-0.6,-0.3,1.6,1.1,0.3,0.5,1.9,1.3,-0.4,0.6,-1.3,-0.5,-1.1,-1.6,1.7,0.1,2.1,-0.5,-1.0,-1.4,-2.5,0.6,-1.4,-1.1,-0.0,-1.1,-0.4,0.6,-1.1,0.2,2.1,-1.3,-1.4,-0.5,-1.0,-0.7,-1.6,-0.0,-0.4,-0.5,-0.9,0.6,-0.3,0.2,-0.2,-2.1,-1.1,0.5,0.6,1.2,-1.3,1.0,0.6,-0.7,-1.3,0.5,1.0,-0.5,0.6,-0.8,-3.5,-1.4,-0.9,-0.7,-2.9,0.7,0.9,1.3,0.2,0.6,-1.0,-0.3,-2.3,0.4,-1.4,0.7,-1.1,-0.8,-0.5,0.2,-0.8,0.2,-1.6,-0.6,-0.4,-1.0,-2.0,-1.1,-1.8,-1.1,-0.8,-0.9,0.2,-0.1,-5.2,1.9,0.3,-0.1,-0.5,-2.2,-1.5,-1.6,-1.8,0.7,1.3,2.1,-4.6,-2.7,-2.3,-1.2,-0.6,1.4,-0.5,-0.2,-0.3,-0.9,-1.7,-1.1,-1.1,-1.0,-0.0,-0.3,-1.4,1.5,-3.7,-1.1,0.4,-0.4,-3.6,-2.8,1.5,-0.7,-3.7,-1.4,-0.7,-0.6,-3.8,-3.0,-2.1,1.3,0.2,-0.7,-1.5,-0.6,-1.7,-3.0,-1.8,-2.6,-3.2,-1.5,-0.5,-1.1,-1.9,0.6,-3.3,2.7,-3.8,-1.5,-4.4,0.6,-2.2,-1.8,0.3,0.0,1.7,-1.5,-1.7,0.5,-3.7,-0.2,-3.2,-2.7,-1.6
2C7L50xhXI,0,48.099417,11.632151,4442615.74,2777549.43,543.5,589.2,217,7396,3.1,0.79,0.44,32.66,348.96,-0.53,-0.103,0.842,-0.6,0.2,-0.08,0.24,0.3,0.2,-0.3,1.8,2.4,0.9,-0.7,-2.0,7.7,2.1,1.5,0.2,1.3,0.4,10.0,-0.5,1.2,1.7,-0.0,-2.1,2.6,-2.8,-0.2,0.9,-3.1,-5.5,6.8,0.2,-8.6,1.4,2.9,0.3,-4.3,3.4,-5.7,-7.7,-1.9,-3.1,-2.1,-2.2,0.8,0.8,1.0,-2.2,-0.7,1.7,-4.6,2.4,-1.9,-1.9,-1.6,-1.2,2.4,-1.7,5.2,3.5,-0.5,-0.8,-4.5,-0.6,0.4,-0.5,-1.1,-4.9,-1.9,0.3,-2.0,3.2,2.4,-1.1,0.8,-2.6,-3.0,-3.4,-6.4,-0.4,-0.6,-0.2,2.6,3.0,2.3,6.2,8.5,-2.0,0.5,2.4,-0.9,-1.5,-2.4,3.1,5.1,10.2,-3.1,2.4,3.9,-2.0,1.7,0.7,-6.0,2.0,-2.4,-0.6,-2.5,-0.2,-4.5,2.6,0.7,5.6,-1.0,1.2,-2.9,0.0,-0.9,-0.4,-1.4,-0.1,1.4,2.2,-1.6,0.2,5.0,-0.4,1.1,-2.2,-5.6,-2.2,-4.5,-3.0,1.4,-2.5,-2.8,-1.5,-7.5,8.0,0.3,2.4,1.8,0.6,-1.4,-0.4,-5.2,1.6,3.5,0.8,-7.8,-4.7,-2.2,-1.5,-3.8,1.8,-0.1,1.7,-2.8,1.1,-3.0,0.8,-1.6,-3.1,-5.1,1.2,-2.3,2.3,-3.5,-4.6,-7.6,-0.4,-0.6,-3.8,-0.9,-2.1,-3.4,-1.1,-10.3,-1.0,-2.6,-1.8,-0.9,-4.2,0.7,-0.4,-2.9,-1.8,-2.5,-0.7,-1.9,-0.8,-3.1,-0.7,-0.8,-13.3,-1.8,3.3,1.0,1.8,-1.1,-1.6,-4.8,-2.2,0.0,-3.8,0.5,0.1,-0.9,-2.0,-4.8,-4.7,-4.6,-3.2,-1.2,-3.0,-0.4
2C7L50xhXf,0,48.099558,11.633251,4442697.38,2777566.97,533.7,579.4,217,7419,4.6,0.57,0.49,32.67,348.96,-0.53,-0.103,0.842,-0.6,0.2,-0.05,0.35,0.7,0.3,-0.3,-7.0,5.7,0.8,0.1,-4.1,-5.2,1.8,-1.9,9.8,-2.6,5.1,-6.1,-8.6,2.8,7.0,-0.3,-4.6,-7.1,2.6,3.4,3.5,-7.7,3.4,-0.5,-0.7,-11.4,6.4,-5.3,3.8,-3.5,1.5,3.3,-7.9,2.0,-4.5,-3.0,2.1,-3.7,-5.8,-6.9,-12.3,3.9,1.3,-2.9,4.2,-6.1,-8.5,-1.4,-12.1,-6.5,-4.8,-1.5,-8.3,-6.6,-5.8,-1.8,-5.6,-6.4,-3.0,-2.4,-0.0,-4.6,-0.2,-2.4,-0.5,-2.3,0.4,-4.0,-4.1,-4.8,-8.4,-6.9,-3.4,-4.1,-3.3,-6.5,-4.5,-5.0,-3.2,7.2,-13.7,8.7,0.6,0.4,-3.6,-1.2,-0.5,-2.6,3.2,0.4,4.6,-2.6,-13.8,-2.7,-2.0,-6.2,3.6,-12.4,-3.6,-7.4,0.6,-8.4,-9.0,-3.2,-8.6,-1.9,0.8,-6.7,-5.5,-5.6,-3.2,-2.2,-5.4,-0.8,-1.7,-3.2,-4.9,-2.2,2.9,-0.5,-3.5,-3.0,1.3,1.3,2.5,2.9,-4.1,-3.2,-2.9,-17.2,-9.5,-3.7,-5.7,-1.0,-4.9,-2.7,-10.5,-2.2,-4.1,1.0,-2.5,5.5,-5.7,-6.2,-5.9,0.5,-1.7,-2.3,-2.3,0.7,-2.4,-8.9,-4.0,-6.6,-3.4,-8.9,-6.4,-1.2,0.3,-0.1,-5.5,-1.9,-13.1,-3.9,-1.9,-4.6,-10.8,-10.0,-7.5,-1.5,0.7,5.8,-0.1,0.7,6.9,0.0,-5.8,-2.8,-13.8,-3.8,-2.1,-1.1,-2.8,-1.9,0.1,3.8,-1.1,-4.0,-2.1,-7.9,-15.3,3.9,-15.2,-1.7,-6.0,-6.4,-8.5,4.4,-3.9,-10.1,-6.6,-14.5,-12.5,-3.4,-9.2,-6.7,-7.1,-4.9
2C7L50xhYi,0,48.100041,11.637013,4442976.45,2777626.83,535.2,580.9,217,7484,3.2,0.68,0.6,32.69,348.96,-0.53,-0.103,0.842,-1.1,0.2,-1.96,0.24,2.1,0.2,-0.3,-2.0,-2.8,-0.8,-1.6,-3.1,-4.1,-1.0,-2.2,-0.6,-4.7,-3.1,-1.9,-1.1,-1.5,-0.3,-0.0,-0.0,-2.1,-2.3,-4.2,-2.1,-1.4,-1.4,-0.4,0.2,-0.5,-1.5,-3.0,-1.6,-4.0,-1.0,-6.8,-7.3,-0.4,-2.6,-1.2,-1.1,-3.0,-0.1,-1.3,-2.9,-1.2,-4.1,1.0,-6.9,2.8,-4.0,-3.9,-3.9,2.6,5.0,8.1,5.5,-1.5,8.2,4.0,2.9,2.0,-0.9,-1.5,2.5,0.8,7.2,0.4,5.8,1.4,-2.3,2.8,-0.7,-3.4,-0.7,-1.3,2.6,-1.2,0.5,2.7,-1.6,-0.7,0.5,2.1,0.4,-3.2,-2.1,-4.0,-5.8,0.3,2.0,-0.0,-0.9,-13.4,-6.1,-2.2,-6.3,-3.9,-6.3,-1.8,1.7,2.7,5.7,-3.8,-3.6,-2.2,-4.6,2.4,-2.0,2.1,0.8,-7.7,-3.3,-1.1,0.0,0.2,8.3,2.0,4.5,1.9,0.6,1.7,2.3,-0.7,1.5,-0.4,1.3,2.4,3.3,2.0,-1.5,1.2,4.1,2.6,4.2,-17.0,-1.3,3.4,2.3,-2.8,0.6,-3.8,-1.8,1.8,-6.1,-5.1,-5.5,-0.3,-3.2,1.0,2.9,2.3,3.2,5.5,-1.9,0.1,3.4,0.9,1.1,-2.1,-4.1,-2.7,-3.5,-4.1,-3.1,-4.2,-3.1,-1.6,-6.2,-2.5,4.8,-5.2,-5.3,-0.5,1.3,-1.3,-9.9,2.5,3.3,3.9,2.0,0.8,-1.0,-2.2,2.4,-1.8,-6.6,-3.9,-2.2,-7.4,-9.1,-9.8,-9.6,-6.6,-10.5,-9.3,-11.2,-10.9,-6.2,-7.5,-10.3,-6.0,-8.7,-7.0,-8.7,-8.2,-7.8,-7.7,-5.6,-7.7,-6.3,-15.8
2C7L50xhVe,0,48.098679,11.626262,4442178.79,2777457.78,539.9,585.6,217,7294,3.7,0.72,0.4,32.64,348.96,-0.529,-0.103,0.842,-1.1,0.2,0.78,0.28,0.2,0.2,-0.3,6.9,5.1,-5.8,-1.5,-0.3,-0.4,-1.3,-3.1,-4.8,-2.0,-1.8,-4.8,-0.8,2.4,2.9,0.1,-3.2,-0.1,-5.5,0.7,-3.7,-6.7,-0.6,-0.3,0.2,9.2,2.3,-0.4,11.2,-6.7,-6.4,-9.2,-4.7,-1.1,-8.0,-6.2,-1.9,-1.0,3.4,0.8,-2.1,-3.8,6.4,-9.4,-8.5,-4.7,-4.3,-3.6,-4.0,-2.3,-4.2,-8.1,-8.9,-10.1,-8.6,-3.5,-5.7,-4.5,-5.3,-6.8,-3.8,-6.7,-0.3,-5.0,6.1,-5.1,-4.4,-5.9,-5.9,-5.1,-7.5,-8.8,-6.6,-5.2,-7.1,-6.1,-5.6,-8.0,-10.0,-5.7,-4.2,-6.8,-3.9,-2.5,-3.3,-5.4,-6.3,-7.4,-5.3,-4.2,-0.9,-16.6,-5.9,-3.5,-10.3,-0.9,-2.8,0.8,-6.7,-3.9,-7.5,-6.3,1.0,-6.5,-8.8,-5.1,4.2,-1.9,-0.6,-4.1,-3.8,-4.3,-6.8,-5.8,-4.5,-4.4,-6.8,-9.4,-6.9,-5.2,-3.7,-6.2,-3.2,-4.5,-4.1,-4.5,-5.5,-3.0,-3.6,-8.7,-5.3,0.5,-4.3,-4.8,-9.5,-1.8,-3.5,-6.9,-2.3,-4.9,-4.8,-5.4,-5.0,-6.0,-6.5,-5.3,-10.1,-4.7,-4.8,-2.7,-6.6,-7.0,-5.6,-4.3,-8.5,-8.0,-9.2,-9.4,-5.2,-8.4,-12.4,-13.4,-5.0,-5.3,-18.6,-4.4,-9.9,-9.8,-11.8,-7.6,-13.3,-5.1,-7.2,-5.3,-8.1,-1.8,-8.2,-5.3,-0.6,-3.6,-6.4,-3.3,-4.9,-3.6,-4.3,-0.9,-4.7,-6.5,-16.4,-9.7,-11.8,-5.0,1.9,-6.2,-12.1,-2.0,-4.9,-9.3,-6.9,-5.2,-11.1,-1.1,-6.9,-8.6,-8.7,-8.0,-9.1,-8.7
2C7L50xhVr,0,48.098776,11.62702,4442235.02,2777469.84,538.9,584.6,217,7307,2.6,0.81,0.39,32.64,348.96,-0.529,-0.103,0.842,0.1,0.1,-0.54,0.21,1.6,0.2,-0.3,2.2,-1.1,-0.0,-0.3,-1.0,-0.3,-1.5,-2.2,-1.1,1.8,0.4,0.0,0.4,-3.8,-5.4,-3.1,-0.3,-2.5,-0.6,-7.3,0.7,-5.4,1.2,4.9,-1.2,-4.1,-1.0,1.6,-2.6,-8.7,-1.7,-7.2,-12.4,-7.0,-4.3,-4.0,-8.2,-7.5,1.2,-1.7,-3.1,2.0,-4.9,-8.0,-0.0,-3.1,-3.3,3.4,-2.3,-1.4,-1.7,-0.9,-1.8,-1.3,0.1,-1.5,-1.5,-2.1,-2.9,-0.8,-2.1,-2.5,1.1,1.4,-1.5,-0.3,-0.2,3.5,-2.0,0.2,-1.8,0.2,-0.6,-1.4,-5.4,-8.1,-11.0,0.6,-2.8,-7.1,1.6,-2.7,-0.2,-1.9,-0.5,-5.7,-5.2,-6.6,-5.3,-0.0,-7.6,-2.6,-1.5,1.7,-1.8,-0.2,-0.4,-5.1,-3.5,-0.1,-2.0,-5.2,-3.0,-2.0,-5.1,-1.8,-2.1,-2.9,-1.0,-0.7,-2.4,-1.0,-1.0,-1.2,0.4,0.2,-2.8,-3.9,-1.7,-0.4,-0.7,-0.6,0.0,-0.4,1.4,0.6,-0.0,-2.5,2.1,-4.9,-4.1,-6.4,-3.8,-4.3,-4.3,-0.1,-0.3,1.8,0.2,5.0,0.6,0.2,-1.4,-0.3,2.3,1.4,4.6,0.6,2.8,0.3,0.3,0.9,1.2,-0.5,0.4,-0.7,3.0,-1.6,-0.2,-0.1,-0.9,-4.6,2.9,-5.3,-7.0,-1.4,-4.1,-7.2,-3.4,-0.7,-2.0,-0.3,-3.6,0.8,-2.6,-0.7,-3.3,-1.4,10.1,-0.4,-2.5,-3.2,-2.2,-1.3,-2.2,-0.5,-0.7,2.8,-1.9,-5.3,-4.4,-1.2,-7.2,-5.9,-4.3,-3.0,0.4,-10.0,-3.2,-3.7,-5.4,-2.9,-4.5,-1.6,-1.6,-3.6,-2.6,-0.7
2C7L50xhWu,0,48.099264,11.630816,4442516.67,2777530.25,545.3,591.0,217,7372,3.0,0.8,0.41,32.66,348.96,-0.53,-0.103,0.842,0.4,0.2,-0.12,0.24,0.7,0.2,-0.3,-1.6,0.2,3.4,2.7,1.0,-1.1,-0.1,-0.1,3.2,-5.2,3.8,3.3,6.0,1.3,2.4,2.7,3.2,2.4,1.8,3.3,2.9,2.7,3.4,3.4,4.9,3.6,1.1,5.8,1.1,-1.9,2.7,-2.7,-3.2,1.6,4.5,0.2,-2.1,3.4,3.0,4.6,2.2,-3.5,2.3,3.1,3.6,3.9,4.1,0.6,0.8,2.5,2.2,1.4,4.9,6.1,6.6,11.0,-0.7,-8.7,2.6,1.4,1.5,1.1,2.5,-5.1,0.1,6.6,2.6,4.7,1.8,4.4,1.4,4.0,0.5,1.4,13.4,3.5,2.2,0.1,2.7,3.1,1.1,9.5,5.7,6.7,7.7,2.0,1.2,2.4,3.3,4.9,4.4,12.3,6.2,3.9,2.3,4.2,1.7,3.6,4.7,2.4,4.5,3.2,4.4,4.8,5.7,5.2,6.6,5.0,6.2,2.8,4.8,4.5,2.8,1.2,2.0,2.1,-0.2,1.5,1.4,2.2,1.5,2.3,0.4,3.3,0.9,4.2,1.7,0.7,3.2,0.3,1.8,1.5,3.0,5.6,-0.0,2.0,5.4,2.0,4.5,6.8,3.3,3.8,4.0,-1.6,4.3,2.8,1.3,2.4,3.9,2.5,3.5,2.8,1.8,5.0,1.8,10.3,3.0,9.5,5.6,5.9,0.6,1.7,2.6,-0.3,-1.1,7.9,7.9,-1.4,6.7,2.1,2.0,2.6,2.1,0.7,1.2,-0.9,-1.1,1.2,-3.1,3.4,3.3,3.6,4.4,5.3,3.4,2.7,3.8,-0.4,4.9,1.7,4.5,3.1,5.9,7.0,8.8,7.4,-6.9,8.7,4.1,6.9,11.8,9.5,-8.4,10.3,6.0,2.7,4.4,5.5
2C7L50xhWw,0,48.099265,11.630823,4442517.19,2777530.37,539.2,584.9,217,7374,3.4,0.75,0.53,32.66,348.96,-0.53,-0.103,0.842,0.4,0.2,0.43,0.26,0.7,0.2,-0.3,-1.3,-1.7,-2.3,-1.6,-1.5,-1.2,-2.0,-1.1,-1.7,-1.2,-1.4,-0.3,-0.4,-0.4,-0.7,-0.5,1.1,-2.2,3.9,-0.3,-3.5,1.5,-0.6,4.8,2.8,-2.2,-2.5,3.6,-2.9,-4.1,-0.8,-5.1,-2.9,-1.9,0.4,-2.3,-1.5,0.2,-1.2,-3.6,0.8,-1.5,-0.7,-2.3,0.0,-2.4,-1.5,-3.2,-2.8,-3.9,-5.2,0.3,-1.2,-3.7,-0.6,-2.6,-0.5,-2.1,-3.6,-3.9,-2.1,-1.4,-2.0,-0.5,3.8,-1.1,-2.7,0.6,-1.2,-2.1,-1.5,-1.3,-1.6,0.2,-2.1,1.3,-1.8,0.1,-5.3,-6.4,-9.1,-3.4,5.2,4.3,3.0,-1.8,-5.0,-6.6,-8.0,-6.4,-5.8,5.3,-1.3,-6.7,-3.2,-3.8,2.6,-2.5,-4.2,-7.5,2.2,-11.7,-14.7,1.1,-8.6,-0.9,-5.7,0.8,0.0,1.9,-1.4,0.4,-3.9,-2.0,7.6,-0.2,-3.5,-2.5,1.0,-0.4,-2.7,-2.4,1.3,-1.2,-4.6,-7.0,-0.2,-7.9,-5.8,9.5,-0.8,-5.9,-1.6,7.3,-4.7,-7.1,-4.2,-1.0,-0.2,2.0,1.7,1.7,-1.6,-0.7,0.5,-0.2,-1.8,1.5,4.1,2.1,-2.3,-0.0,2.6,0.6,-0.4,3.9,4.1,1.7,2.3,-1.7,-5.2,0.6,-6.8,-8.0,-7.1,2.8,-0.4,-7.8,0.6,-8.7,-3.3,-0.4,4.0,1.2,2.3,-0.2,2.6,-0.3,-4.5,2.8,-0.1,-0.2,0.0,3.1,-0.8,1.4,0.5,-6.7,-1.2,-7.7,7.8,4.0,-2.3,-4.1,-1.5,2.1,2.2,0.2,1.7,5.3,1.5,3.3,-0.0,2.3,-2.9,-3.3,-3.0,0.2
2C7L50xhXJ,0,48.09941,11.63195,4442600.77,2777548.32,531.2,576.9,217,7397,4.5,0.61,0.45,32.66,348.96,-0.53,-0.103,0.842,-0.1,0.2,-0.01,0.34,1.4,0.3,-0.3,1.4,-1.6,1.3,-11.5,1.2,1.4,2.4,1.9,3.1,1.2,0.4,2.6,0.1,3.2,1.4,1.0,7.2,5.3,1.3,6.5,3.4,4.4,16.2,4.9,5.0,9.4,2.9,-0.7,2.0,-3.6,2.8,-1.7,2.7,0.4,0.2,-1.8,9.7,-2.4,9.0,3.0,0.6,2.6,11.4,-4.3,5.0,6.7,-1.6,4.1,1.9,1.6,-6.6,4.0,6.8,2.0,3.9,-8.3,3.9,-0.9,2.3,3.8,-6.8,-1.1,-1.0,2.3,9.2,4.9,0.9,3.4,0.4,-0.6,-7.7,0.9,5.5,-2.4,4.0,2.3,2.0,4.5,4.9,7.8,-0.7,1.5,-1.6,9.5,2.2,12.2,3.5,0.9,4.9,12.5,4.8,3.7,-5.3,-0.8,4.8,0.5,2.5,-2.2,4.2,1.2,-1.0,6.0,2.4,6.8,3.9,2.6,1.2,2.8,1.8,0.2,-4.1,4.9,3.2,5.0,4.1,10.2,3.2,7.4,12.1,2.6,0.6,8.6,-7.7,1.3,1.7,-0.1,-2.5,4.2,3.9,-0.5,0.7,-2.3,4.2,5.9,2.8,7.0,4.9,1.9,4.2,9.6,-3.6,2.2,-2.0,-3.1,2.2,-4.3,6.4,1.1,5.1,-11.9,4.9,3.1,3.3,-1.4,6.2,-1.5,2.5,2.1,4.5,3.6,-9.8,12.5,-2.3,0.9,1.6,8.2,14.7,2.6,1.6,-9.9,8.9,4.8,4.1,-3.6,-3.8,-0.1,0.1,-1.5,0.9,-6.0,1.2,-2.6,-5.4,-3.8,1.6,1.0,8.1,-0.2,3.9,0.9,9.0,-0.8,13.0,7.4,3.1,8.8,13.4,-1.6,-2.0,0.5,-1.2,3.4,-1.4,-1.6,2.0,-2.6,12.0,2.2
2C7L50xhXX,0,48.09955,11.633043,4442681.86,2777565.69,544.4,590.1,217,7411,2.4,0.85,0.48,32.67,348.96,-0.53,-0.103,0.842,0.1,0.1,0.45,0.19,1.4,0.2,-0.3,0.8,-0.9,1.0,1.7,0.3,-0.5,1.4,1.3,-1.9,1.3,0.2,1.6,1.5,-0.5,-0.1,1.0,1.0,-1.1,2.2,1.0,3.5,1.1,0.6,3.0,3.2,3.8,1.3,3.0,1.7,0.3,3.1,-5.6,-2.0,-0.7,0.5,1.4,6.8,4.4,2.7,3.1,1.9,2.4,5.2,5.0,3.4,1.3,1.4,1.3,0.7,2.5,-0.8,2.7,0.6,1.1,0.5,-1.8,2.0,-0.4,1.4,1.3,-0.9,1.1,1.2,-0.9,2.3,-0.3,-1.1,0.7,-0.2,-0.2,-0.4,-1.6,0.4,0.9,1.1,3.3,1.1,2.5,2.4,0.4,-1.0,1.5,-0.3,1.9,2.1,3.6,1.0,1.6,2.3,0.6,3.2,-3.4,0.6,2.7,-2.8,1.3,-1.3,5.3,1.6,1.9,0.2,1.4,2.4,3.2,1.6,0.6,0.6,-0.5,0.5,0.5,1.6,-0.8,0.5,-0.4,-0.2,0.2,0.8,-1.7,-2.0,1.4,-0.1,-1.9,-0.9,0.5,0.7,2.2,-0.7,2.0,2.1,-0.3,2.4,0.8,-0.2,2.2,0.7,3.5,5.1,2.5,5.3,-0.3,0.7,-0.4,-0.2,1.4,-0.4,1.7,-0.1,-0.6,0.2,-4.4,0.8,-2.1,0.2,0.8,1.4,-1.5,0.1,-3.4,-0.4,1.1,2.3,6.8,-6.0,0.2,4.2,-3.6,6.6,3.2,2.2,5.8,1.4,0.1,0.9,-7.4,-3.9,-4.6,-4.0,-2.5,-1.5,0.0,6.6,0.5,-0.7,2.3,-1.6,0.8,-1.7,9.3,3.6,6.3,8.4,13.4,8.0,2.4,4.1,2.0,3.0,3.5,4.5,3.5,-0.4,5.4,-0.7,2.2,-0.7,0.2,3.6,-9.3
2C7L50xhYq,0,48.100124,11.637513,4443013.48,2777636.84,539.2,584.8,217,7492,3.3,0.76,0.47,32.69,348.96,-0.53,-0.103,0.842,1.0,0.2,-1.01,0.25,0.8,0.2,-0.3,0.3,1.0,-1.5,0.3,-3.2,-1.0,-1.2,-3.7,1.4,1.2,-0.8,0.6,-0.8,0.4,-0.2,-2.5,0.8,-4.0,-2.1,-1.2,2.2,2.6,4.8,2.6,2.3,2.9,4.6,0.8,3.1,0.4,2.8,-3.7,-1.6,1.6,0.6,1.5,0.3,-2.1,4.4,-1.7,7.9,-5.9,3.6,0.1,0.1,2.8,1.7,-1.5,3.9,1.6,5.1,3.0,3.8,0.2,1.6,3.7,0.1,3.7,3.5,3.7,3.8,11.2,3.8,4.8,18.8,5.2,5.4,4.3,4.4,5.8,6.0,4.7,5.2,6.9,5.7,6.8,5.9,5.9,7.3,2.0,7.0,4.4,1.7,-0.0,10.3,-2.5,3.6,-2.5,-5.5,4.6,-2.5,0.7,-6.2,4.7,2.1,15.3,10.3,2.9,-0.7,-4.9,3.3,3.2,2.4,7.7,8.5,5.0,3.7,3.1,2.4,2.7,2.4,5.7,15.0,8.1,6.7,1.8,0.3,0.0,1.9,2.0,4.7,0.8,-0.6,1.9,5.6,3.6,1.4,1.8,1.4,2.2,5.0,6.0,1.7,5.1,4.9,5.0,8.1,3.6,9.6,6.6,7.1,0.4,3.4,6.6,1.4,6.3,11.2,7.6,8.7,8.6,0.9,5.5,9.5,3.0,5.8,7.1,6.1,5.6,6.2,8.3,12.7,7.8,7.7,1.6,0.1,4.7,5.5,2.6,4.5,8.6,5.5,6.2,5.8,7.0,6.6,8.6,8.4,8.0,-2.6,7.2,6.6,4.8,4.5,3.0,4.6,4.2,5.2,3.6,5.7,3.7,0.6,3.0,4.2,1.1,2.1,3.6,6.7,5.6,4.7,4.0,5.4,7.8,12.8,7.8,7.8,2.8,4.2,1.4
2C7L50xyZA,0,48.098917,11.62797,4442305.44,2777487.02,539.2,584.9,218,7324,4.0,0.68,0.42,32.65,348.96,-0.529,-0.103,0.842,-0.1,0.2,-1.1,0.31,1.5,0.3,-0.3,3.1,3.2,3.9,0.5,0.6,1.5,3.4,1.3,2.1,4.9,2.4,3.1,3.0,-2.5,-6.3,-1.4,-3.4,-3.9,-4.6,-1.6,-0.9,-2.0,-4.9,-3.8,-3.4,-4.7,-1.9,2.7,1.6,-5.0,0.4,-6.4,-3.3,-3.2,-6.1,-7.3,3.9,-3.4,0.4,-6.7,-1.1,1.9,-6.0,-3.9,-0.3,-0.9,1.3,2.0,-0.0,0.7,2.4,3.6,3.0,-2.9,-2.2,1.7,2.6,-0.2,-1.8,-2.9,0.8,-0.3,1.0,2.2,-0.9,-3.2,-0.5,-0.3,-1.8,-1.5,1.8,0.3,-1.8,-1.8,19.1,-3.4,-2.8,6.4,14.7,-2.2,1.0,3.1,3.3,0.3,2.2,-1.8,-0.5,-0.2,-0.2,-2.1,3.8,-1.0,-3.1,-1.7,-3.1,-2.2,-0.6,-2.4,3.5,5.8,2.0,-3.2,4.4,2.5,-2.8,4.1,-1.5,2.7,0.5,-2.1,-0.7,2.9,1.8,4.9,4.5,5.6,7.8,0.1,2.8,2.9,-1.3,-1.4,1.8,1.0,-1.4,-2.8,12.1,10.0,11.9,-2.4,1.4,-8.3,14.7,-7.8,-7.1,-7.7,-5.0,6.6,6.9,4.9,2.8,0.4,0.2,2.1,-4.2,3.6,0.2,3.2,7.1,6.9,6.2,-3.3,2.5,-2.8,1.3,4.8,-3.5,0.7,5.3,0.6,-3.0,-10.8,-0.4,-1.2,3.2,0.4,-0.2,-7.3,-4.3,-0.3,-1.6,-2.6,-0.3,-1.1,4.0,2.1,1.0,1.8,-0.4,1.1,-0.9,1.9,-0.1,1.9,-0.9,-1.2,-0.2,-3.2,-4.8,-3.0,-1.4,-1.6,-3.8,-7.0,12.9,-3.9,-4.6,10.8,-6.5,-5.3,-1.1,-5.1,-3.1,-1.2,-0.5,-1.7,-4.4,-2.1
2C7L50xyZj,0,48.099183,11.630042,4442459.21,2777519.99,544.5,590.2,218,7359,3.3,0.79,0.46,32.65,348.96,-0.53,-0.103,0.842,-0.9,0.2,-0.05,0.25,1.8,0.2,-0.3,-1.2,-0.4,0.3,-1.2,-0.5,-7.8,0.1,0.7,0.1,-11.9,1.1,7.2,2.2,1.8,1.5,-0.6,0.2,0.8,0.1,1.2,1.1,0.9,0.2,2.3,2.5,-5.6,2.6,2.4,0.6,-2.1,-14.1,-8.6,-4.0,-6.5,-1.8,-3.7,0.1,-1.3,-7.2,-1.1,-2.5,-5.2,-1.0,-6.9,-0.3,-3.1,-4.6,0.4,-4.1,-1.3,-1.0,-0.3,-0.7,-1.3,-0.1,-2.3,-0.2,-1.9,0.2,-1.9,-0.1,-0.1,-7.0,1.4,-5.1,-1.9,-2.9,-1.9,-0.6,-1.3,-0.8,-1.6,-3.6,-0.6,-1.2,0.1,0.1,-0.9,-2.0,-1.8,-3.0,-1.6,-2.6,1.3,-4.2,-2.8,-0.3,-1.4,-4.5,-1.7,-7.3,-6.4,-4.6,-1.5,-6.3,-3.5,-5.0,-3.7,-2.2,-3.0,-1.3,-2.7,-2.3,-3.7,-0.6,-1.8,-2.0,-0.9,-4.8,-3.1,-1.7,-2.8,-1.8,-3.0,1.2,-0.9,-0.6,-2.5,-2.5,-2.2,-2.3,-2.6,0.0,-2.5,-1.1,0.6,-5.5,-2.5,-1.9,-4.6,-5.7,-5.8,-13.4,-3.5,-8.7,-5.7,-6.2,-5.0,-6.6,-1.9,-11.1,-1.1,-4.0,-2.5,0.6,0.1,-7.8,-0.4,-0.1,-0.5,-2.1,-2.9,-4.5,-3.5,-2.6,-1.5,-1.9,-0.6,-1.5,-3.5,-6.7,-8.1,-8.1,-24.5,-7.5,4.7,-3.9,-8.2,-4.7,-6.8,-2.2,-4.6,-5.1,-11.8,-8.8,-4.0,-1.9,-1.9,-4.8,-0.6,-0.4,0.7,-0.4,0.9,-2.2,-3.7,-3.2,-2.9,-3.3,-4.6,-2.1,-21.7,2.0,-10.5,-3.5,-7.1,-8.0,-7.4,-8.9,-4.6,-11.7,-5.6,-5.4,-3.2,-7.3,-5.7,-4.5,-4.4
2C7L50xyab,0,48.099566,11.63302,4442680.11,2777567.39,539.8,585.5,218,7413,1.4,0.95,0.26,32.67,348.96,-0.53,-0.103,0.842,-0.4,0.1,-0.23,0.11,0.1,0.1,-0.3,1.1,0.3,0.6,-0.2,0.7,-3.7,0.2,0.1,1.8,-0.8,1.1,0.4,-0.2,-1.2,1.1,1.8,1.1,-0.1,-0.8,0.4,0.6,-2.2,1.5,0.8,0.7,0.7,2.0,0.4,2.5,0.2,1.0,-5.5,-2.7,-3.1,-4.3,0.1,3.4,1.8,0.2,1.6,0.2,-1.4,0.4,-0.6,1.0,0.2,-1.1,0.2,0.5,-0.4,0.5,-0.9,-1.0,0.0,-0.3,-0.7,-1.6,-0.2,-0.7,-0.8,-0.3,-0.8,-0.5,-1.1,1.9,0.5,-0.7,-1.3,-0.7,-0.9,-0.8,0.8,-0.8,-1.5,-1.1,-1.0,-1.0,-0.3,-0.4,-1.3,0.4,0.2,0.6,2.6,1.1,-0.5,0.6,-1.3,0.1,-0.7,-1.2,-1.8,-3.6,2.1,0.0,-2.9,-0.5,2.0,1.3,-0.7,0.6,-0.7,1.6,2.7,-2.0,0.1,-0.3,-1.3,1.0,-0.8,-0.4,-0.1,-0.9,-0.3,-0.4,0.2,0.8,-1.2,-1.6,-0.2,-2.1,-0.6,-0.5,-0.2,-0.5,-0.9,-1.2,3.5,0.8,-3.0,0.4,0.9,-0.2,-2.0,-0.3,0.5,2.5,1.5,1.0,2.1,-0.6,-2.8,-3.1,-1.4,-0.8,0.6,-0.1,-1.1,1.1,0.9,1.0,-2.5,-1.9,0.1,0.1,0.2,-1.6,-1.2,0.5,-0.6,-3.4,-0.6,0.2,-3.1,-0.5,-2.4,-0.7,-2.8,-2.6,-1.2,-2.1,-2.4,-3.0,-1.6,-2.6,-2.8,-1.4,-1.1,-0.2,-0.8,-1.5,-1.6,-3.0,-0.7,-0.4,1.5,-2.2,-1.7,-2.6,-3.4,-3.9,-1.3,-3.8,-3.9,0.4,-2.8,-4.5,-1.6,-3.0,-1.9,-0.8,-1.8,-3.0,-3.0,-6.2,1.6,0.3,-1.0
2C7L50xyad,0,48.099586,11.633183,4442692.24,2777569.99,541.9,587.6,218,7415,1.9,0.91,0.37,32.67,348.96,-0.53,-0.103,0.842,-0.5,0.1,-0.1,0.14,0.7,0.1,-0.3,-1.4,0.2,1.3,-1.3,1.9,-0.5,0.2,1.4,1.6,0.2,0.3,0.2,1.9,0.1,-1.6,-2.9,-8.8,-1.5,-2.4,-2.6,-1.7,-1.2,0.0,-3.5,-0.8,-2.0,-0.8,0.1,0.6,-4.9,2.8,-5.4,-3.3,-3.2,-3.4,-1.4,3.0,2.8,-0.9,-0.8,-1.1,-2.9,-0.1,-1.8,-0.3,-1.6,-1.8,-1.8,0.1,-2.2,-2.2,-0.2,-1.6,-1.3,0.1,-1.0,-1.6,-0.6,0.0,-0.3,-0.0,-1.8,-2.3,-2.5,-0.1,-2.3,-2.1,-3.4,-2.5,0.8,-1.8,-1.7,-2.1,-1.7,-2.7,-5.5,-0.5,-2.7,-2.3,-3.4,-1.8,1.0,-1.3,1.0,1.4,-8.9,-1.3,-5.1,-3.3,-2.2,-2.6,-1.5,-3.7,-3.0,-4.0,-4.6,-2.7,-1.5,-2.2,-2.8,-1.9,-2.7,-1.6,0.5,-0.8,-1.1,0.1,-1.5,-3.0,0.0,-1.3,-1.5,-1.2,-1.0,-0.2,-1.8,-2.4,-1.5,-1.5,-3.1,-2.1,-3.5,-1.6,-3.8,-4.4,-4.8,-1.4,0.2,-1.4,-4.8,1.7,-2.2,-0.1,-2.4,5.1,3.1,3.9,2.8,5.6,1.8,-1.2,-2.2,-2.0,-0.9,-0.6,-1.3,-0.6,-1.7,-0.9,0.1,-4.0,-3.5,-2.3,-1.2,-2.3,-2.9,-1.4,-0.6,-0.4,-2.7,-4.1,-2.3,-2.8,-3.3,-4.8,-3.3,-1.7,-4.2,-1.6,-1.1,-1.9,-4.8,-5.5,-2.6,-1.3,-2.9,-3.0,-2.1,-4.3,-4.2,-2.1,-2.7,-4.5,-3.2,-2.8,-3.1,-2.2,-2.7,-3.3,-3.5,-5.1,-4.1,-3.4,-5.7,-3.3,-1.5,-3.9,0.7,-2.9,-2.4,-2.0,-3.4,-2.5,-3.5,-2.9,-4.0,-2.9,-2.8
2C7L50xybi,0,48.100091,11.637115,4442983.94,2777632.55,546.8,592.5,218,7482,4.5,0.57,0.51,32.69,348.96,-0.53,-0.103,0.842,0.4,0.2,1.11,0.35,2.1,0.3,-0.3,1.6,5.5,10.1,4.4,-0.9,-0.2,4.5,10.0,0.1,-0.8,6.5,0.8,-14.3,7.8,-6.4,1.3,2.0,6.3,-0.4,-3.4,-3.6,-1.4,-5.3,-9.1,-8.7,-7.9,-7.0,0.8,8.8,-15.4,-19.8,-14.8,-9.7,-5.5,-14.5,-12.5,-7.4,-9.2,-7.7,-9.3,-8.6,-9.2,-6.0,-7.2,-8.1,-8.2,-13.9,-10.2,-9.3,-1.0,-4.6,-4.6,-2.9,-4.2,-4.1,-4.1,-2.8,-6.2,-4.5,-1.4,-6.1,-3.8,-10.5,1.1,2.2,-1.7,-4.2,-12.1,-3.0,-4.0,-2.0,-3.3,-2.5,-0.8,-3.9,-2.5,4.9,5.7,-0.8,-10.5,-2.9,-7.6,-2.1,-5.9,-2.2,-13.1,-6.0,-10.8,-9.9,-2.4,-12.2,-9.1,-2.9,-5.8,-4.3,-3.0,-4.1,-4.6,-8.0,-4.4,-1.1,-3.7,-0.8,-2.7,0.9,-2.4,-1.7,-5.6,-6.5,-5.6,-5.7,-7.1,-5.4,-8.4,-6.8,-6.2,-8.7,-6.3,-5.1,-7.2,-4.9,-7.5,-7.4,-3.4,-3.1,3.0,-2.7,-3.9,-2.8,-5.7,-5.3,-6.9,-4.3,-6.6,-8.6,-6.6,-10.3,-4.8,-1.5,-3.2,-2.2,-6.0,-4.4,-3.4,-1.8,-2.7,-2.2,-2.9,-4.0,-4.9,-3.6,-1.2,-4.3,-7.6,-1.1,-3.5,-2.0,-2.7,-3.2,-3.1,-0.9,-0.3,-7.4,-4.6,-10.9,-1.4,-12.2,-7.2,-8.2,-10.9,-5.4,-2.6,-4.9,-4.4,-6.3,5.9,-5.3,-9.0,-2.4,2.1,-12.5,-5.5,0.6,-6.2,13.4,-3.0,0.8,5.6,-3.4,-2.4,5.7,-1.7,-4.5,-11.4,4.0,0.2,-10.9,6.5,1.2,4.1,-5.0,-5.1,-0.4,-1.0,-2.7,-6.4,-7.7,-3.4
2C7L50xyc3,0,48.100234,11.638226,4443066.35,2777650.24,543.3,589.0,218,7503,3.3,0.76,0.4,32.69,348.96,-0.53,-0.103,0.842,0.5,0.2,-0.87,0.25,0.7,0.2,-0.3,1.1,-1.2,2.9,0.4,0.1,-3.7,4.5,3.9,-0.8,1.3,-0.4,-2.0,-1.5,5.3,2.6,1.6,4.1,-8.8,3.3,1.3,4.3,3.9,0.2,2.3,4.9,6.4,5.6,-1.1,5.0,-3.1,5.6,-2.0,0.1,0.5,4.1,5.6,1.9,3.2,3.9,2.3,1.5,1.0,0.1,6.8,-0.1,2.9,-0.8,-0.3,-4.1,-0.6,-4.5,-7.7,0.1,-1.7,0.7,2.6,-3.4,2.8,2.0,3.1,3.8,4.7,-0.0,6.1,-7.1,-4.3,3.2,-6.9,1.5,0.1,-2.6,-1.4,1.7,1.7,4.3,5.0,1.4,1.3,2.5,4.3,4.1,1.7,2.0,3.1,4.8,7.0,6.4,5.5,5.9,5.2,1.4,0.6,2.3,1.9,2.8,9.0,5.2,2.8,5.4,5.6,3.9,1.3,4.9,2.2,1.1,4.8,8.6,7.5,8.1,6.1,7.1,5.8,4.7,4.7,6.1,1.7,-2.6,0.0,0.7,-0.5,9.0,-0.0,1.3,3.9,6.1,7.2,1.3,5.7,3.9,5.6,6.5,7.7,0.5,3.7,0.4,3.9,4.0,3.0,6.7,3.9,-0.8,1.7,2.9,6.5,4.2,2.3,3.3,2.6,3.1,9.9,12.0,6.4,5.9,-3.9,2.0,5.6,3.9,1.2,0.2,4.9,4.4,3.9,3.1,5.8,1.9,2.5,5.3,1.4,3.3,4.6,3.9,4.4,0.3,-3.0,16.8,-3.6,2.2,4.6,15.2,3.1,1.2,2.6,0.2,3.1,2.2,4.6,0.4,4.0,7.8,0.4,5.1,1.3,2.7,-0.4,3.5,3.4,5.6,4.8,2.1,3.2,-1.9,1.4,5.3,6.7,3.5,-3.7,0.4,-0.3
2C7L50xyYs,0,48.098799,11.626907,4442226.55,2777472.17,536.7,582.4,218,7306,2.8,0.8,0.41,32.64,348.96,-0.529,-0.103,0.842,0.5,0.1,-0.7,0.21,1.8,0.2,-0.3,0.3,-1.0,0.3,0.1,-0.4,2.0,0.5,-0.8,-1.2,2.2,1.5,1.0,1.4,-0.1,0.7,2.2,3.3,-0.4,-0.5,-0.6,-2.6,-2.3,-3.5,-1.1,-1.6,0.7,-0.5,0.6,-3.3,-3.0,-6.0,-6.1,-6.6,-2.5,-5.8,-3.6,-1.8,-3.4,1.6,-4.2,-6.3,-0.4,-5.8,-7.1,-1.0,-4.6,-1.5,-5.6,-2.9,-4.2,-0.5,-1.0,-0.9,-0.3,0.4,0.7,0.5,0.7,1.1,-0.1,-0.3,-0.8,3.1,3.1,-0.9,1.9,2.0,2.9,0.2,2.2,-1.9,1.4,0.2,0.6,-2.1,-1.3,5.8,0.2,0.6,-4.6,4.0,-0.8,0.0,-1.6,-2.6,-4.6,-4.1,-1.2,-1.6,-9.5,-1.0,-5.1,-3.5,-1.6,2.4,0.8,5.3,3.3,-0.4,0.1,0.8,-1.0,-1.3,1.2,-0.5,0.7,-0.0,-3.3,-0.3,-1.7,1.7,1.6,0.2,0.9,1.4,2.5,-0.5,-2.0,0.1,0.3,2.4,1.2,2.7,1.0,0.7,8.6,3.1,4.0,5.0,-3.5,-7.4,-0.7,-2.1,0.8,2.5,1.0,5.6,3.4,3.2,-0.1,0.7,1.4,2.6,2.3,1.5,2.1,1.2,5.7,6.5,7.0,3.2,3.8,4.8,4.3,5.9,-4.0,4.3,-1.6,1.7,-0.3,0.6,-2.0,4.1,-1.8,-4.4,4.0,0.4,-2.6,-2.6,0.6,1.3,2.4,0.1,1.9,0.7,1.6,-2.9,-1.2,-2.4,4.8,1.9,0.2,0.5,1.2,1.1,1.4,1.4,1.9,0.6,-1.2,-2.7,-10.8,0.0,-3.3,0.3,0.4,2.2,-0.0,-4.4,-0.7,-0.9,0.0,-5.4,16.7,-4.0,0.8,1.6,0.9
2C7L50xyZn,0,48.099242,11.630358,4442482.59,2777527.08,546.6,592.3,218,7363,3.8,0.7,0.51,32.66,348.96,-0.53,-0.103,0.842,-2.1,0.2,0.99,0.29,0.5,0.3,-0.3,-2.5,-2.1,-0.8,-2.6,-1.0,-2.8,-0.5,-2.1,-0.9,-7.2,-1.9,-2.5,-1.1,-2.0,-0.2,-0.5,-0.7,-0.7,-2.2,-1.2,-2.9,-1.0,-1.4,-0.2,-1.4,-1.3,-0.4,2.0,-0.6,-2.3,0.8,-4.8,-6.1,-3.6,-2.8,-2.0,-0.0,-0.6,-0.3,0.3,-1.1,-2.8,-0.8,-0.7,-1.3,-1.5,-2.2,-3.8,-1.9,-2.0,-0.3,-2.7,-8.4,-15.7,-3.2,-0.0,-9.1,-9.0,-9.3,-5.4,-4.0,-6.2,-5.1,-5.1,-7.8,3.1,5.8,-10.4,-15.0,-3.7,-2.7,-6.1,-4.4,-4.5,-6.8,-4.3,-4.0,-8.9,-8.7,-7.7,-9.0,-7.8,-7.5,-9.7,-2.6,-7.7,-6.8,-6.0,-7.4,-10.0,-10.4,-7.3,-4.9,-7.1,-9.1,-11.9,-6.1,-5.9,-11.2,-7.4,-3.3,-7.5,-11.3,-9.3,-8.9,-7.2,-9.6,-5.2,-9.2,-9.2,-10.5,-7.2,-10.9,-5.4,-7.6,-10.1,-21.3,-7.9,-8.4,-8.8,-7.8,-8.5,-9.0,-3.8,-7.7,-7.8,-6.6,-9.1,6.1,-11.6,-18.8,-7.9,-1.8,-9.4,-12.4,-11.2,-6.8,-12.1,-8.1,-7.8,-6.0,-5.8,-7.6,-10.3,-9.2,-8.9,-9.7,-7.1,-4.1,-10.2,-11.3,-9.0,-7.0,-7.9,-10.3,-6.1,-11.5,-2.7,-1.2,-7.4,-7.4,-10.8,-21.7,-17.7,-16.4,-4.9,-4.8,-11.9,-13.8,-9.4,-11.1,-10.5,-8.8,-23.2,-6.2,-11.6,-10.5,-9.2,-8.4,-7.8,-10.5,-5.9,-11.0,-7.1,-4.6,-14.1,-8.7,-10.6,-12.3,-2.5,-5.4,-15.7,-13.8,-16.0,-18.5,-18.5,-10.0,-19.1,-6.0,-20.7,-6.7,-5.5,-14.5,-10.0,-9.3,-8.5,-10.3,-15.4
2C7L50xyaG,0,48.099432,11.631838,4442592.44,2777550.66,539.2,584.9,218,7392,2.3,0.89,0.31,32.66,348.96,-0.53,-0.103,0.842,-0.8,0.1,0.24,0.18,0.4,0.2,-0.3,-0.1,-2.6,-3.4,-1.1,0.2,1.6,-1.7,0.6,-1.0,5.5,-0.7,6.1,0.7,-1.7,-0.5,-0.6,-1.2,0.5,-2.1,-0.2,0.4,-1.9,-1.9,-0.9,1.2,-1.4,-2.4,9.1,-2.4,-2.7,-5.5,-6.5,-4.9,-2.9,-2.9,-2.7,-1.2,-0.6,-0.5,0.5,-1.7,-1.4,0.2,0.1,1.7,-1.3,3.9,-1.5,-2.6,-0.6,-4.3,-1.5,-3.0,-3.2,-2.7,-4.2,-3.2,-2.4,-1.3,-1.9,-1.0,0.1,-11.2,-0.6,-1.8,2.4,-0.9,-0.5,-0.5,-1.4,-5.5,-1.2,-4.0,-2.7,-2.8,-2.8,-2.9,-1.7,-2.3,-1.8,-2.7,-2.1,-2.4,-1.4,-0.9,-1.7,-0.5,-2.6,-3.2,-2.9,-3.7,-7.1,-6.3,-3.0,-3.3,-5.8,-7.2,-1.3,-2.5,-3.0,-2.2,-2.9,0.2,-1.5,-2.8,-0.3,-2.4,-4.0,-1.4,-2.9,-2.7,-2.0,-2.1,-2.6,-0.8,-2.5,-0.7,-2.6,-0.9,-2.1,-3.3,-2.1,-4.2,-1.8,-2.2,-1.5,-3.9,-0.5,-1.8,-6.4,-1.1,-3.4,-4.1,-4.0,-5.2,-4.4,-4.8,-3.2,-2.1,-1.8,4.6,-5.3,-5.0,-2.8,-2.0,-2.3,-16.3,-1.2,-1.2,0.1,-4.8,-4.4,-3.3,-1.8,-3.6,-2.9,-3.2,-3.3,-3.1,-2.9,-4.4,-3.3,-2.6,-5.6,-5.3,-2.5,-3.3,-9.2,-6.6,-3.4,-3.8,-7.9,-7.2,-6.0,-4.1,-4.1,-5.0,-3.0,-2.2,-0.1,-5.2,-3.8,-5.0,-2.9,-3.9,-2.8,-5.4,-4.8,-4.1,-3.8,-0.5,-8.2,-0.8,-4.4,0.4,-5.2,-5.1,-5.0,-8.1,-6.2,-5.3,-5.5,-5.7,-3.6,-3.5,-5.6,-5.3,-4.6
2C7L50xyYo,0,48.098793,11.626719,4442212.6,2777471.24,539.8,585.5,218,7302,1.4,0.93,0.23,32.64,348.96,-0.529,-0.103,0.842,-0.5,0.1,-0.11,0.11,1.2,0.1,-0.3,-1.0,-1.4,-0.9,-1.4,-1.0,-0.8,-0.6,-0.6,-1.2,1.7,1.4,-1.2,0.7,-0.3,1.6,0.8,-0.9,-0.5,-0.8,1.9,0.6,0.8,-0.9,0.7,0.3,1.0,0.3,1.1,-1.9,-2.9,-2.3,-4.0,-4.0,-2.3,-5.9,-2.4,-2.6,-1.7,-0.3,-2.7,-4.3,-1.2,-2.2,-1.9,-0.6,-2.6,-0.6,-2.7,-1.6,-3.9,-0.7,-1.0,-1.8,-1.5,-0.9,-0.6,0.2,-0.4,-0.2,-0.1,-0.1,-0.6,0.9,-0.4,-1.4,3.1,-0.6,1.8,-1.7,-0.9,-1.6,-0.9,-0.5,-1.8,-0.8,-1.3,-0.6,-1.3,-0.3,-0.4,-0.6,-2.2,-1.4,-1.1,-0.6,-2.4,-2.8,-2.6,-1.1,-2.8,0.3,-3.9,-5.3,-0.5,-3.4,-1.8,-4.1,-3.7,-4.9,-4.2,-3.9,-4.8,-2.5,-4.1,-3.9,-2.1,-2.2,-3.9,-2.6,-2.5,-3.2,-2.0,-1.2,-1.4,1.3,1.1,1.0,-1.3,-1.5,-1.5,-1.2,-0.9,0.8,-1.0,0.1,0.2,-0.6,-1.0,-2.6,-1.5,-3.1,-4.0,-4.8,-0.6,-3.2,-1.2,-0.2,-0.2,-0.2,0.3,-1.2,-3.3,-2.7,-2.2,-0.4,-1.3,1.1,-1.6,-0.6,-1.1,-1.1,-2.9,-1.9,-2.4,-1.4,-3.1,-0.4,-2.8,-1.2,-1.0,-5.9,-8.1,-4.5,-6.6,-7.6,0.6,-2.7,-6.1,-3.9,-3.6,-2.5,-3.2,-4.0,-3.5,-3.7,-2.9,-2.9,-0.9,0.8,-1.6,-1.8,-1.9,-2.6,-2.6,-3.1,-2.3,-2.9,-2.6,-4.1,-5.6,-6.3,-5.0,-4.8,-5.3,-1.7,-3.5,-2.6,-3.4,-5.1,-3.7,-6.7,-2.5,-2.0,-2.3,-3.1,-3.8,-2.6,-2.8
2C7L50xyYp,0,48.098812,11.626866,4442223.44,2777473.56,544.1,589.8,218,7303,3.4,0.71,0.41,32.64,348.96,-0.529,-0.103,0.842,-0.3,0.2,-0.59,0.26,2.2,0.2,-0.3,2.2,2.8,2.9,1.0,0.5,8.9,-6.1,1.7,-1.4,3.0,2.0,10.8,2.5,-2.5,-0.5,-1.1,-3.0,-1.1,-0.6,0.9,-3.6,4.7,-0.1,1.1,-1.2,1.3,-3.0,2.3,-7.4,-2.6,-7.1,-7.4,-6.8,-2.4,-7.6,-2.6,-3.0,-1.3,2.0,-1.8,-6.5,-6.8,-4.7,-4.8,-4.2,-6.6,-8.4,-6.1,-5.7,-6.2,-3.5,-2.2,-1.1,-3.2,-2.0,3.7,2.8,5.3,4.5,1.8,2.4,0.5,4.6,1.1,0.1,5.8,-0.1,3.4,1.2,0.1,2.9,1.1,2.7,1.0,-1.5,0.2,0.7,-0.3,1.1,0.6,-2.5,-1.9,-2.5,0.3,-1.4,-3.0,-1.5,-2.2,1.2,-2.3,0.4,1.2,-8.6,2.5,-3.7,-1.8,-11.3,-4.2,-1.7,-1.3,-1.4,-1.1,0.5,3.8,0.0,1.5,1.0,-2.5,0.2,0.8,-2.4,-1.2,0.4,-0.2,0.9,4.5,1.3,0.6,-0.9,3.3,-0.4,1.6,-0.2,1.0,-0.4,1.8,3.1,-0.5,-0.3,-0.3,-1.0,0.2,-9.7,2.5,0.9,3.1,3.6,1.8,-0.1,2.9,1.8,-3.1,-0.6,-1.9,1.6,0.8,-3.4,-0.7,1.1,0.0,7.5,-2.6,1.2,-1.1,1.4,-3.2,0.6,-1.1,0.6,1.1,-3.9,-6.6,-1.9,-7.0,-5.0,3.7,-1.7,-3.7,-4.2,-3.7,-2.5,-3.8,-10.5,-6.9,-6.7,-5.7,-7.6,1.9,2.4,1.2,-3.7,-2.9,-0.6,-0.1,-4.2,-1.6,-0.0,-1.5,-3.4,-4.0,4.3,5.2,-13.4,-10.9,-0.2,-0.3,-4.1,-5.9,-5.9,-2.9,-11.1,7.8,-0.6,1.8,0.2,-9.7,-0.7,-0.2
2C7L50xyZJ,0,48.099033,11.628588,4442351.23,2777500.97,545.4,591.1,218,7333,3.9,0.75,0.42,32.65,348.96,-0.529,-0.103,0.842,-0.3,0.2,-0.37,0.3,0.9,0.3,-0.3,-1.8,1.6,0.2,0.7,4.4,-5.9,0.5,3.8,0.8,7.4,4.1,-2.4,4.1,0.7,-1.2,5.3,1.6,1.1,-2.3,5.5,1.5,2.5,-1.1,-1.0,2.5,-0.1,0.7,-1.2,-1.0,-3.6,-6.5,-4.1,-3.8,0.8,-2.6,1.3,1.5,-0.7,1.7,-1.2,1.4,-0.2,0.7,-1.4,1.8,0.3,-3.7,-1.3,-2.2,3.0,-2.9,1.0,-0.7,-4.5,-7.0,-1.6,-7.2,-2.5,-4.4,-2.2,-3.4,-3.6,-5.1,-3.3,-5.4,-5.6,0.5,-2.9,-3.5,-5.4,-5.5,-3.1,-5.2,-2.3,1.6,1.2,2.6,3.2,0.6,-0.4,3.1,1.8,0.1,2.3,1.0,1.6,5.3,2.4,-0.2,-2.1,-0.3,-2.6,-5.3,1.9,-4.3,0.0,-1.5,1.1,1.8,-2.2,-3.5,-2.1,-1.9,-3.1,0.8,1.4,1.6,-1.5,-0.4,-1.0,6.4,-2.8,-2.4,-4.5,-2.4,-0.3,-3.7,-1.5,-2.0,-4.5,-4.5,-1.3,-1.8,1.8,7.5,6.3,-5.0,4.0,-0.1,-2.5,2.3,2.2,-3.6,1.3,-0.1,2.9,3.8,0.2,7.5,4.1,17.5,-1.8,-6.8,1.1,-1.3,0.2,-3.1,1.1,6.1,1.5,14.5,2.0,-5.8,-1.1,-1.2,-0.3,-2.4,18.7,-4.4,-0.9,-2.1,-2.2,4.0,-3.9,-6.0,-0.8,3.2,-8.7,-4.6,-1.5,1.1,-2.6,15.9,-4.3,-3.4,-5.4,-7.9,-5.4,-8.6,-4.9,-4.5,-2.3,-1.6,-2.7,-2.4,-1.2,-3.7,-2.9,-3.4,-0.2,2.0,-3.4,-1.7,-2.0,-2.6,0.3,-0.2,2.2,-7.0,2.3,-3.7,-3.0,-1.0,-2.2,-6.7,-6.5,0.9,-1.5
2C7L50xyZK,0,48.099037,11.628617,4442353.41,2777501.44,544.1,589.8,218,7334,2.6,0.83,0.29,32.65,348.96,-0.529,-0.103,0.842,-0.6,0.1,0.26,0.2,1.3,0.2,-0.3,-0.4,0.4,0.1,-0.1,0.3,-4.3,0.8,2.6,2.4,12.9,1.6,-10.7,3.5,3.0,4.0,4.8,3.2,6.2,1.8,3.4,2.5,3.9,2.3,1.6,3.8,1.8,1.3,-4.3,-2.5,-1.3,-7.4,-3.8,-2.5,-0.1,-1.4,-0.1,-0.2,2.9,3.8,0.6,-0.2,-3.6,0.5,1.8,2.1,1.0,-5.7,-2.6,-1.8,-1.5,-2.3,-1.3,-2.0,-0.6,-1.7,0.1,-4.3,-2.0,-3.1,-2.7,-1.8,-3.3,-3.7,-0.8,-8.7,-6.7,-1.0,1.2,-0.8,-2.1,-5.3,-2.0,-5.6,-2.3,0.9,-0.1,-0.3,-0.0,0.4,-1.0,1.1,-1.0,0.3,1.9,0.9,1.4,3.4,1.7,-1.3,-0.5,0.2,-1.7,-3.7,0.8,-1.6,-0.6,-2.8,0.7,0.6,-1.1,-0.9,-0.9,0.5,-1.6,0.3,-0.6,1.4,-1.1,-0.2,-0.9,0.7,-1.3,-0.7,-1.4,-0.6,-3.8,-5.2,-2.1,-3.7,-3.5,-5.3,-1.1,-2.0,-0.2,2.1,2.7,-4.1,2.4,-0.2,-1.2,2.6,0.3,-2.4,0.8,0.2,-0.0,2.3,1.3,1.3,2.4,-7.2,-2.8,-2.6,-0.9,-0.8,-1.7,-3.5,-2.3,-1.4,-0.6,-4.4,-2.1,-1.2,-3.3,-0.4,-1.4,-2.5,-4.4,0.2,0.5,-1.5,-3.0,0.1,-5.4,-6.0,-0.1,-0.3,-1.7,-1.0,-2.3,4.5,-2.4,-9.3,-6.1,-6.6,-5.8,-6.3,-2.5,-11.0,-0.2,0.9,-1.1,-0.3,-2.6,-2.9,-0.4,-4.0,-2.1,-1.2,-0.7,0.3,-2.3,-0.1,-2.9,-0.4,1.0,0.6,1.7,-3.3,-0.3,-4.2,-6.1,-3.3,-2.8,-5.5,-5.9,-2.8,-2.2
2C7L50xya7,0,48.0994,11.631298,4442552.27,2777546.18,539.0,584.7,218,7383,1.2,0.96,0.18,32.66,348.96,-0.53,-0.103,0.842,-0.2,0.1,-0.1,0.09,0.5,0.1,-0.3,-0.8,-0.6,-0.5,-1.3,-0.1,-1.2,-0.5,-0.6,-0.2,7.3,0.4,-1.0,-0.2,0.3,-0.3,-0.2,-0.3,-0.1,-1.5,0.5,-1.5,-0.6,-0.6,0.3,-1.2,-2.4,0.1,-0.6,-2.0,-3.2,1.8,-4.2,-3.8,-1.1,-2.2,-1.8,-0.6,-0.1,1.6,1.4,0.4,-0.8,-0.9,0.8,0.5,-0.2,-1.2,-0.3,0.1,0.6,0.7,0.6,0.0,-0.7,-0.9,-0.5,-0.2,-0.0,-1.2,-0.0,-0.7,0.0,0.1,-0.0,-0.3,0.4,-0.7,-2.9,-0.0,-0.0,-0.6,-0.7,-0.3,-0.7,-0.5,-0.3,-0.3,-0.7,-0.8,-1.6,-0.3,-1.1,0.9,0.1,0.7,-0.4,2.2,-2.5,-1.4,-0.6,-1.1,-0.6,-0.9,-1.9,-2.6,-2.3,-1.1,-0.6,-0.0,-0.4,-0.5,-0.4,0.7,0.6,0.2,0.2,0.1,-0.7,-0.0,-2.0,-0.5,-0.4,-0.8,-0.8,-0.1,-0.6,-1.7,-0.6,-0.4,-0.6,-1.1,-0.8,-0.5,0.2,-0.5,-0.5,-0.3,0.6,-0.4,-2.8,-0.1,-0.4,-1.0,-0.3,-2.9,-0.9,-2.6,0.1,1.5,2.3,-0.9,-1.3,-1.8,-1.6,-0.6,-0.7,1.0,-1.0,0.6,1.1,-0.6,-1.9,-0.4,-1.1,-1.2,-0.4,-0.3,-1.2,0.3,-0.7,-1.6,-1.2,-1.7,-4.0,-4.7,-0.6,-1.6,-5.7,-2.6,-1.0,-1.6,-2.4,-0.9,-1.8,-0.6,-0.2,-1.7,-0.3,0.6,5.3,-0.5,-0.0,-0.9,0.1,-0.5,-1.2,-1.2,-0.8,-1.1,-2.3,-1.5,-1.3,-2.0,-4.8,-1.1,-2.8,-1.3,-1.1,-1.1,-1.8,-1.2,-1.5,-1.4,-1.0,-1.7,-1.8,-0.8,-0.8
2C7L50xya8,0,48.099402,11.631313,4442553.39,2777546.42,537.0,582.7,218,7384,1.1,0.97,0.11,32.66,348.96,-0.53,-0.103,0.842,-0.4,0.1,-0.06,0.09,0.6,0.1,-0.3,-0.9,-0.6,-0.4,-1.0,-0.3,-1.6,-0.4,-0.5,-0.0,2.8,0.2,-0.3,0.2,0.2,0.3,0.3,-0.1,0.1,-0.8,0.3,-0.8,-0.1,-0.6,0.2,0.5,0.2,-0.5,0.2,-1.0,-3.2,1.7,-5.1,-4.7,-1.9,-2.5,-1.9,-0.6,-0.4,1.0,0.3,-0.3,-1.1,-0.4,-0.5,-0.1,-0.8,-1.5,-0.5,-0.4,-0.4,-0.2,-0.1,-0.7,-1.1,-1.0,-0.8,-1.0,-0.8,-0.9,-0.5,-0.6,-0.1,0.0,-0.3,-1.0,-0.4,-0.9,-2.4,-0.5,-0.3,-1.3,-0.5,-1.1,-0.8,-0.2,-0.4,-0.2,-0.2,-1.4,-1.4,-0.8,-1.5,-0.2,0.1,0.8,-1.4,0.8,-2.2,-1.8,-1.8,-2.1,-1.3,-2.1,-1.5,-2.8,-2.6,-1.4,-0.8,-0.8,-1.4,-1.2,-1.1,-0.3,-0.3,-0.7,-0.7,0.1,-1.5,-1.0,-1.7,-1.0,-0.6,-1.0,-0.7,-0.3,-1.1,-1.3,-1.2,-1.2,-0.5,-1.6,-1.2,-1.3,0.2,-0.6,-0.2,-1.5,-0.0,-0.9,-3.1,-0.9,-1.3,-1.5,-1.4,-4.1,-1.8,-1.7,-1.5,0.3,1.5,-1.1,-2.3,-2.8,-2.0,-1.0,-0.9,-0.5,-1.1,-0.0,-0.5,-1.0,-2.9,-1.2,-1.6,-1.2,-1.5,-1.7,-2.0,-0.7,-1.5,-2.8,-2.3,-1.8,-4.4,-5.2,-1.3,-1.8,-5.4,-3.8,-2.1,-2.4,-3.2,-3.2,-2.5,-1.8,-0.9,-1.6,-0.8,-1.1,7.0,-1.4,-1.2,-1.8,-1.3,-1.4,-1.2,-2.4,-2.1,-2.0,-3.1,-3.3,-3.0,-3.1,-5.7,-2.0,-3.7,-2.2,-2.8,-2.2,-2.7,-1.2,-2.9,-2.7,-2.3,-1.8,-2.6,-2.4,-1.9
2C7L50xya9,0,48.099412,11.631391,4442559.17,2777547.66,538.0,583.7,218,7385,2.0,0.91,0.36,32.66,348.96,-0.53,-0.103,0.842,-0.6,0.1,-0.23,0.15,0.4,0.1,-0.3,-1.9,-0.2,0.9,-0.1,-0.0,-0.2,1.0,0.5,0.0,7.8,0.8,-1.7,1.7,0.4,-0.0,-0.1,-0.3,-0.2,-1.4,-1.1,-1.4,-0.4,-4.0,-1.0,1.5,2.0,0.2,-4.9,6.6,-2.0,-0.6,-4.8,-4.7,-3.2,-1.5,-1.8,2.1,0.0,2.0,0.5,1.2,-1.0,1.9,1.7,0.9,4.2,-2.0,-1.7,-1.6,-2.0,1.4,0.2,-0.1,1.1,0.5,1.1,-1.0,-0.0,0.8,-0.6,-0.3,1.7,-0.9,2.0,-3.6,-0.4,-0.9,-1.8,1.0,0.3,-0.9,0.8,-2.7,-0.1,1.0,0.9,1.3,0.7,-0.3,1.3,0.2,0.8,-0.7,1.3,2.2,-0.5,2.5,-1.6,-2.0,-0.3,-1.1,-1.8,-2.3,0.9,-1.5,-2.1,-1.8,1.6,0.5,-0.4,-0.4,0.1,0.2,2.4,0.5,0.2,-0.2,-0.8,-0.9,0.2,-0.5,1.6,0.1,2.0,0.7,-2.7,-2.8,-0.1,-1.2,-1.0,-3.3,-1.2,-2.8,1.0,0.6,0.8,-3.0,-0.1,-0.1,-3.1,0.1,-0.9,-2.9,-1.2,-5.0,-1.4,-1.4,-0.3,1.3,3.7,-3.1,-2.3,-3.9,-5.1,-0.8,-1.4,-2.3,-4.0,-0.5,-0.0,-0.3,-1.8,0.8,0.0,-0.3,-1.3,-0.9,-1.2,-0.1,-1.0,-2.7,-2.5,-1.8,-4.6,-4.9,-1.6,-1.3,-5.6,-1.6,-2.7,-1.3,-2.6,-3.3,-5.1,-1.4,-3.0,-3.0,-2.0,-8.7,3.5,0.4,-0.4,-0.3,-0.4,-0.4,-0.2,-4.6,-1.2,0.1,-1.1,2.8,-4.7,-2.1,-5.6,-8.6,-8.0,-2.1,-1.9,-1.1,-1.8,-1.1,-2.6,-4.6,-3.3,-2.8,-2.5,-4.1,-4.5
2C7L50xyal,0,48.099714,11.633745,4442733.78,2777585.1,547.9,593.6,218,7423,2.7,0.84,0.4,32.67,348.96,-0.53,-0.103,0.842,0.1,0.1,-0.06,0.21,1.1,0.2,-0.3,0.2,5.8,-2.0,-1.9,2.4,1.3,-4.6,-0.8,9.2,0.6,-0.9,4.1,-4.2,-0.2,-1.5,-4.0,-0.1,2.2,0.1,2.2,0.2,0.5,1.3,1.4,3.6,0.9,2.8,0.0,2.8,-1.7,7.9,-1.9,-2.6,1.8,1.5,-0.4,6.3,1.6,4.1,-2.6,3.5,-0.0,0.8,5.5,3.0,1.4,-2.7,-1.3,1.5,2.3,-7.6,0.7,-0.1,-0.1,-0.2,2.0,0.7,-0.8,-0.4,-2.3,-3.7,-0.5,2.4,-6.8,3.0,2.3,-3.3,-0.7,-1.2,-2.9,0.0,-0.9,-1.9,0.5,-2.0,0.8,-1.3,-3.3,0.2,-0.6,1.1,-6.1,8.4,4.0,-0.1,4.2,-2.0,1.5,2.3,0.3,0.7,3.3,-3.8,-1.9,11.4,5.8,6.4,1.5,4.2,-0.6,-1.0,3.0,3.4,7.3,6.8,3.0,2.3,2.3,4.4,2.0,0.4,-0.1,1.2,0.1,2.6,2.4,-0.8,-0.9,1.6,1.6,-2.2,0.7,1.4,-0.6,0.1,0.7,-2.4,0.6,-2.3,-0.5,3.4,1.9,5.6,-0.6,1.9,2.5,0.2,0.2,4.6,3.6,1.8,2.6,-1.1,0.9,0.0,1.6,1.0,2.2,0.8,0.0,2.6,0.2,0.9,1.5,1.7,3.8,-0.4,2.2,6.6,3.1,2.0,7.5,1.8,2.8,1.3,-0.6,4.4,-0.8,-1.2,2.3,1.2,-0.9,0.2,1.2,2.2,-0.0,0.9,-0.3,-12.3,2.5,0.9,3.0,0.8,0.6,1.5,1.3,-0.9,2.1,1.5,2.4,-0.8,2.1,-0.9,-1.4,1.2,1.3,2.0,3.0,2.8,1.6,-1.3,3.7,4.6,1.4,3.9,1.4,0.1,2.8
2C7L50xyZe,0,48.099233,11.62985,4442444.78,2777525.18,548.2,593.9,218,7354,3.9,0.66,0.5,32.65,348.96,-0.53,-0.103,0.842,-0.3,0.2,1.29,0.3,1.3,0.3,-0.3,-0.8,-2.3,-1.1,-5.3,-0.5,-0.8,-2.3,0.7,1.0,-2.0,1.6,1.6,4.4,0.3,4.0,8.7,-1.8,-0.7,-0.6,1.4,-4.1,3.4,-0.8,0.7,2.3,0.9,0.2,-0.5,-5.1,-4.9,-0.2,-4.1,-6.1,-2.7,-1.7,1.5,-0.2,-0.3,3.8,2.4,-3.8,-5.7,-5.1,-3.2,-0.1,-1.4,-3.1,-1.3,-2.4,-0.7,-2.9,-1.3,-4.0,-1.3,-1.4,-7.7,-4.1,-2.9,-3.9,-3.2,8.9,-17.3,-13.7,0.1,-0.3,-3.4,-5.6,-13.1,-8.0,-4.8,-3.9,-3.0,-6.9,-4.4,-3.7,-2.6,-7.8,-13.8,-12.4,-2.7,-4.3,-10.9,2.5,4.2,4.7,-4.8,-4.4,0.6,-0.3,-1.5,-6.4,0.6,-4.9,-5.2,-5.5,-6.5,-7.0,-0.0,-6.4,-9.5,-2.3,-7.7,-3.4,-15.3,-2.6,-0.7,-4.6,-5.2,-2.6,-6.0,-4.9,-8.9,-4.3,-2.1,-8.1,-5.4,-4.2,-6.2,-4.3,0.2,-11.3,-2.4,1.6,-1.6,-0.2,0.6,-4.4,-10.5,-6.1,-2.8,-1.9,-0.3,0.3,-2.8,-2.7,-2.6,0.5,1.8,-1.6,-3.0,-5.8,-3.8,-10.1,-8.6,-7.5,-6.4,-10.2,-8.2,-4.7,0.2,-3.2,-8.8,-0.6,-2.8,0.9,-4.8,-4.2,-0.4,2.8,-6.0,-3.1,-2.2,-5.3,-10.9,-4.3,-3.7,1.9,1.1,-0.9,4.0,-3.9,-0.9,3.6,-2.6,-6.1,-9.6,-7.4,-7.6,-9.0,-3.8,-5.9,-7.4,-1.6,2.9,-0.8,0.8,-4.5,-13.4,-4.8,-2.9,6.7,-5.6,-0.7,-6.1,-2.1,-1.8,2.0,-2.4,-0.0,6.5,-1.1,-1.1,1.1,-10.6,-1.6,-5.3,-5.4,-3.7
2C7L50xyae,0,48.099674,11.633285,4442699.64,2777579.86,543.0,588.7,218,7416,1.6,0.94,0.25,32.67,348.96,-0.53,-0.103,0.842,-0.3,0.1,0.02,0.12,0.2,0.1,-0.3,-0.6,-0.8,1.1,-0.3,0.4,-1.6,0.0,0.8,0.3,-0.7,0.1,-1.2,-0.1,0.1,-0.3,-0.4,0.4,-0.2,-1.5,-1.5,-1.5,-0.8,1.9,0.3,2.2,0.1,0.2,-1.2,1.5,-0.3,2.4,-2.5,-2.6,-1.1,-2.2,-0.6,-1.2,1.7,2.1,8.8,0.1,-0.3,0.6,-1.8,0.3,-0.4,-1.2,0.7,-0.0,0.1,-0.3,2.5,-0.2,-1.3,0.3,0.4,0.3,-0.8,-0.8,-0.8,-0.6,-0.7,-0.7,-0.4,-0.4,-0.9,-0.8,-3.5,-0.3,0.2,-0.9,0.4,0.3,-0.2,0.3,1.0,1.0,1.0,-0.1,0.0,-1.3,-2.4,0.5,0.1,-0.3,0.2,0.5,-1.6,-5.6,-1.0,0.1,-1.0,-2.5,-0.2,0.7,-0.4,1.9,-2.5,0.6,-2.0,0.1,0.0,0.1,1.9,2.5,-0.5,1.6,-0.9,-1.2,-0.7,-0.7,-1.2,-1.2,-1.0,-0.9,0.4,-1.0,-0.5,-0.9,1.5,-1.6,-0.4,-0.6,-0.6,-0.7,-0.6,-0.8,-0.2,-1.2,-2.9,0.8,-0.3,-0.1,-0.8,-2.6,-3.3,-5.9,0.5,2.0,3.4,-1.6,-2.0,-2.8,-0.1,-0.7,-0.8,-0.2,0.5,0.7,0.3,0.3,-2.1,-1.0,-1.1,0.2,-0.2,-0.5,-0.4,-0.8,-0.8,-1.8,0.1,-1.8,-3.2,-4.6,-1.2,0.6,-4.6,-1.9,-1.0,-0.3,-1.7,-2.7,-2.7,-2.3,-0.6,-1.0,-0.2,-1.8,-1.0,0.1,-0.6,-2.9,-2.8,-1.2,-1.7,0.5,-1.1,-1.1,-2.6,-2.5,-1.7,1.5,-6.6,-3.8,-0.5,-1.3,4.6,1.8,0.7,-3.6,-3.3,-0.6,-1.6,-1.3,-1.4,-1.4,-0.7
2C7L50xybj,0,48.100178,11.637216,4442991.25,2777642.4,550.0,595.6,218,7483,2.2,0.87,0.36,32.69,348.96,-0.53,-0.103,0.842,-0.4,0.1,-0.38,0.17,1.1,0.1,-0.3,0.6,0.5,2.9,2.0,1.5,-0.0,1.4,2.7,2.2,3.1,0.7,2.0,3.0,2.1,3.2,3.9,3.5,3.2,1.5,0.6,2.1,2.3,0.8,1.0,2.8,2.2,-0.8,-0.7,3.4,-1.7,8.7,-1.4,-2.5,1.3,-4.2,-3.1,2.7,-3.2,3.3,-1.2,2.5,0.8,3.0,2.5,-2.4,2.4,0.3,-1.9,2.8,2.6,1.3,2.5,0.3,-1.5,-0.9,-0.6,1.3,0.3,-0.5,-0.4,0.9,1.0,0.6,1.8,3.3,1.9,0.6,-1.7,2.1,-0.1,0.2,1.2,0.5,1.3,3.9,5.8,3.7,3.4,3.1,1.6,0.5,1.8,0.2,2.5,3.7,6.8,2.5,12.5,-1.0,5.0,6.9,1.7,6.2,3.0,8.8,1.4,0.3,7.3,4.4,1.3,2.4,4.9,4.2,3.4,6.8,4.9,1.1,1.9,-0.2,0.0,2.5,1.1,0.3,-0.3,0.2,-0.5,0.8,0.1,0.7,-0.7,0.8,-1.0,-0.2,-0.1,4.0,4.2,-0.1,1.4,3.7,2.0,3.4,-3.1,0.5,-1.9,-3.1,2.5,3.3,-0.8,2.8,0.6,-0.7,-3.6,-2.4,-1.7,0.4,1.6,1.3,2.1,1.2,-1.2,1.4,0.8,0.6,0.8,1.1,2.6,1.7,1.5,2.5,1.0,3.2,2.9,-1.7,-0.7,-3.8,1.7,4.7,-0.5,-2.9,0.0,1.5,-0.0,-2.9,-2.0,-2.2,2.4,-0.9,-1.0,0.5,0.0,0.7,0.5,1.0,0.2,3.8,-0.7,-0.7,1.0,1.6,1.2,1.8,3.6,1.8,1.6,1.8,0.8,0.6,2.6,1.9,-1.5,-5.4,-3.1,-2.4,-3.3,1.5,-2.1,-2.8,-0.6
2C7L50xyYc,0,48.098792,11.626281,4442179.9,2777470.42,552.1,597.8,218,7290,4.3,0.64,0.45,32.64,348.96,-0.529,-0.103,0.842,-0.9,0.2,0.08,0.34,0.2,0.3,-0.3,-2.2,12.4,5.2,11.5,-2.0,-8.7,2.5,-0.5,-3.5,-9.0,-1.0,-4.2,-1.5,-3.9,0.3,-6.7,10.3,-8.6,-0.2,1.7,-3.5,1.9,0.5,10.4,1.1,4.5,4.8,4.8,4.4,2.0,-9.5,0.5,-1.2,-1.5,-3.7,-0.1,-4.6,3.2,4.8,3.7,-0.4,0.4,4.3,-0.2,3.6,3.0,3.5,3.6,0.2,3.6,1.7,2.9,0.8,2.5,3.3,1.5,4.2,2.5,4.2,4.7,2.2,4.7,0.0,4.9,-1.6,11.7,2.9,-1.5,4.6,3.6,-7.2,4.3,1.8,3.4,5.2,6.4,8.9,9.6,2.8,2.7,2.1,-10.8,-1.3,5.7,-1.9,3.5,-0.5,-1.3,-1.7,1.2,-2.0,-3.6,-2.6,-1.0,-3.4,2.4,-3.3,3.0,0.3,4.0,0.6,-0.5,3.5,0.0,0.4,1.8,2.9,2.2,2.5,2.2,3.4,3.7,3.1,2.8,3.0,-4.2,-12.0,-1.6,-1.9,2.5,-13.3,10.3,-0.2,-11.8,1.0,4.6,-5.4,-1.2,-3.3,3.5,0.5,-0.6,4.3,-1.8,1.7,1.9,0.9,3.4,0.8,-1.1,-12.4,-4.4,-1.1,0.9,-0.3,-3.5,-6.8,-4.3,-0.3,2.6,-15.0,-0.9,-3.4,-1.2,-2.0,-4.8,-1.2,-2.3,0.6,-0.8,-5.7,7.2,2.7,-1.0,-3.1,-9.7,-0.9,-3.8,2.6,0.7,1.7,2.8,-10.6,-6.9,-9.8,-2.9,-0.9,-9.9,6.5,-1.7,0.5,-1.3,0.6,-3.1,-2.2,-0.9,-5.2,-0.1,-1.0,-0.7,-2.8,-2.7,-1.9,-6.2,-3.6,-0.2,-4.5,-0.1,-4.8,0.9,1.3,3.1,0.5,3.4,-2.8,-4.4,4.8,-5.6
2C7L50xyYd,0,48.098785,11.626223,4442175.63,2777469.51,546.6,592.3,218,7291,2.5,0.84,0.37,32.64,348.96,-0.529,-0.103,0.842,-0.7,0.1,-0.5,0.2,0.6,0.2,-0.3,1.4,1.4,1.6,-0.1,1.0,-4.9,3.2,1.6,2.2,-5.1,3.1,-4.0,4.1,4.2,4.4,4.6,5.1,2.9,0.1,2.7,2.1,4.4,3.4,3.6,2.5,2.2,4.9,1.1,2.9,0.9,-5.3,0.3,-2.3,-1.2,-1.5,0.7,1.5,2.7,5.0,1.9,2.0,1.6,4.6,4.3,4.8,5.4,-0.1,2.7,3.8,3.7,5.1,2.6,3.3,3.9,3.4,4.6,0.4,2.3,6.0,2.3,2.6,3.3,0.7,4.1,-2.3,-2.5,1.7,1.2,3.3,5.7,-2.5,4.0,-1.0,3.4,6.8,5.2,7.0,8.1,4.8,7.7,6.6,6.6,4.8,4.5,3.4,3.1,2.0,0.4,2.8,3.0,1.8,-0.0,0.5,4.3,3.0,4.4,1.8,6.7,3.2,6.1,4.2,2.3,4.9,3.0,4.6,5.0,5.5,3.2,6.7,4.1,5.5,4.4,3.1,4.5,3.2,-1.8,-3.3,-0.3,-0.2,-0.0,-2.7,0.5,-1.1,1.5,2.9,4.7,-3.6,1.3,-0.1,3.3,1.9,-1.1,-2.0,4.1,2.3,1.5,5.1,4.4,4.7,5.5,-3.2,-1.0,2.0,3.3,3.9,1.8,-1.9,1.0,1.9,2.0,0.6,-0.5,1.2,1.2,1.8,-1.3,1.8,-0.2,3.8,2.4,1.6,-0.5,0.9,-0.5,-0.5,3.5,1.7,-0.8,0.7,1.4,3.1,3.4,-4.0,-4.9,-5.2,-1.3,-2.9,-3.0,-13.4,0.4,1.0,0.2,0.3,-0.1,0.5,2.2,-2.1,2.3,0.4,-1.4,0.7,-1.3,0.8,-1.2,0.9,1.2,0.2,1.9,0.1,1.8,-2.1,2.6,2.1,0.6,3.3,-2.5,-0.3,-0.4
2C7L50xyYl,0,48.098845,11.62669,4442210.29,2777476.94,548.0,593.8,218,7299,2.6,0.85,0.36,32.64,348.96,-0.529,-0.103,0.842,-0.5,0.1,-0.53,0.2,0.1,0.2,-0.3,-2.6,-2.4,1.1,-1.2,0.6,-3.8,-0.8,2.7,0.2,-5.6,0.9,-1.2,2.8,1.2,3.1,1.0,1.8,1.3,0.5,3.7,0.8,0.9,0.6,0.6,4.5,-1.3,1.3,1.5,-1.2,-0.2,-7.0,-6.7,-4.6,-0.6,-3.9,0.6,-2.4,0.0,5.7,-1.8,-0.1,0.2,1.7,-1.6,1.7,1.5,2.3,0.7,0.4,1.1,3.8,1.9,0.9,-0.3,0.5,1.0,4.2,-2.2,0.3,1.9,0.7,-0.3,2.1,-1.5,1.1,1.7,0.6,-0.3,-1.6,-2.2,-3.7,-2.2,-2.8,-1.6,-1.2,-0.1,1.0,-0.1,1.8,0.4,-0.6,2.9,1.2,-0.2,0.2,0.7,-1.6,0.0,-2.0,0.7,2.1,-3.1,-1.1,1.5,0.1,2.5,-2.5,0.7,-3.0,2.2,1.2,-3.4,2.1,0.3,1.1,-2.0,1.8,-0.3,-0.2,2.2,1.3,1.0,0.6,1.3,1.3,3.0,4.3,1.9,-0.7,1.7,4.8,-0.8,-0.2,-0.2,-0.9,-0.5,-14.2,1.5,3.1,0.2,1.6,-4.5,-1.1,2.2,-1.8,-1.3,1.5,4.0,1.5,-0.2,-5.0,-5.6,-0.5,-2.4,-3.1,-4.0,12.0,0.6,1.7,1.2,-1.3,-0.7,2.3,-0.5,1.7,3.9,3.3,-3.0,-1.0,-1.9,1.6,-2.6,-0.6,-4.4,-0.9,0.3,2.2,-2.0,-0.6,-0.7,-0.6,0.4,-4.3,0.0,0.7,-6.1,-3.3,-3.7,-2.8,0.9,-1.8,-3.2,-2.8,-1.5,-5.6,-2.0,-4.2,1.6,0.1,0.0,-0.6,-2.2,0.2,-3.9,1.3,-1.7,1.0,5.8,-0.9,-1.6,-10.3,-2.7,-4.5,-4.7,-2.1,-4.4,-3.4,-4.7
2C7L50xyYm,0,48.098849,11.626723,4442212.7,2777477.46,546.9,592.6,218,7300,3.6,0.74,0.43,32.64,348.96,-0.529,-0.103,0.842,-0.9,0.2,-0.6,0.27,1.4,0.2,-0.3,-4.7,0.3,0.7,-3.9,0.5,-1.3,1.3,0.9,0.3,21.9,-0.8,-3.3,-3.2,-0.8,4.1,-0.8,4.5,2.6,-4.0,1.1,-1.5,-3.9,-1.8,-0.5,1.7,-1.5,-3.8,-2.5,-1.6,-4.4,-8.9,-8.6,-8.2,-3.9,-8.4,-1.2,-5.9,-7.1,-6.0,-6.2,-4.2,0.0,-1.6,-4.0,-4.2,-1.1,-0.7,2.7,-2.0,1.0,3.4,4.7,3.5,-0.3,-0.8,-1.4,1.8,-0.3,3.9,1.2,1.0,2.6,-0.5,-2.3,-4.4,-0.3,0.0,2.3,0.4,3.0,-1.1,1.9,1.2,2.2,-4.0,-0.4,-1.5,-1.6,-0.2,-1.4,-3.3,1.7,2.8,8.1,3.7,0.8,-3.7,-2.9,-5.0,-4.5,-1.5,-7.0,1.1,-4.3,-5.4,-1.3,-1.3,-2.5,-5.2,2.3,4.8,-6.9,-3.6,-2.1,-2.8,-2.0,-2.4,-0.7,-4.6,3.1,-1.6,0.3,4.3,2.0,5.5,0.4,0.6,0.3,0.8,-2.5,0.7,-1.9,-1.9,-4.1,-3.4,-3.2,0.3,-3.4,-7.3,-3.5,-0.6,-7.7,-1.2,-1.2,-9.0,-4.8,-0.3,-0.8,5.2,-0.2,0.7,-2.1,-3.7,-6.0,-5.4,-5.2,3.3,-1.9,0.9,-3.6,-2.5,0.1,-1.3,-4.0,-1.4,-4.6,-0.3,-0.1,-1.4,-4.6,-1.8,-5.6,-1.8,-8.7,-4.2,1.6,-3.0,-6.8,-6.1,-5.7,-3.2,-8.4,-9.5,-3.4,-0.0,-7.1,-0.4,1.8,-3.3,-1.6,-6.4,-9.3,-10.1,-0.6,-7.8,-4.4,4.1,-4.0,-5.4,-6.8,-3.9,-6.8,-1.3,-6.1,-7.2,-4.5,-3.8,6.1,-1.7,-4.5,-12.1,-3.7,-5.6,-10.7,-10.6,0.1,-7.0,-8.4
2C7L50xyZ1,0,48.098952,11.627524,4442272.19,2777490.23,543.1,588.8,218,7315,4.2,0.76,0.45,32.64,348.96,-0.529,-0.103,0.842,0.7,0.2,-0.0,0.32,0.7,0.3,-0.3,0.5,-1.0,-0.5,-2.5,0.0,-0.7,-0.4,1.1,0.1,-1.8,0.6,-1.1,1.3,0.7,-0.8,-1.7,0.4,-0.6,-1.5,3.0,-0.8,1.6,-1.0,0.6,0.6,-0.4,-1.0,-2.6,-2.0,-1.9,-5.9,-6.0,-5.7,-2.5,-4.1,-2.0,-0.1,-0.2,1.0,0.2,-0.4,1.0,1.8,-0.6,0.8,0.5,0.8,0.8,-1.9,0.0,0.3,0.8,-0.1,0.9,0.0,0.1,-1.0,-1.0,1.5,0.9,-0.2,0.4,0.3,1.7,-1.2,-0.5,-1.1,-1.4,-0.6,-0.0,-1.4,0.9,-1.5,0.5,0.7,0.7,0.9,2.0,-1.3,-1.8,0.4,-1.1,-1.6,0.1,6.5,-3.7,-3.6,-4.4,-0.1,-3.6,-2.7,-5.0,-3.1,-0.5,1.0,-1.6,-3.6,1.1,0.8,0.8,-2.4,-2.7,1.4,-1.8,-2.5,0.4,-0.3,-4.5,0.5,-3.3,-2.1,1.7,1.6,-1.5,-1.8,-0.0,-0.6,-1.5,-1.9,-0.9,-1.5,-0.6,-0.7,-0.4,0.8,0.8,-0.4,-2.0,2.7,-2.6,-7.4,5.0,-3.6,10.4,-6.3,7.0,4.4,-1.1,8.1,3.1,20.6,4.8,-1.2,-3.4,1.6,-3.8,0.5,2.5,0.3,-0.5,-2.4,-1.3,-3.2,-1.7,3.8,-0.5,1.6,0.5,0.6,-0.1,-5.0,14.0,4.9,1.8,-0.8,3.3,-3.2,-8.8,-1.3,-3.4,-5.2,-1.8,-5.9,-3.4,-1.0,-5.4,8.3,-2.7,20.5,-4.0,12.1,20.8,7.6,4.5,-1.9,-2.6,20.2,10.0,1.6,-1.1,-1.2,1.8,8.4,-2.9,0.5,-0.1,1.0,7.4,0.2,1.3,-3.5,-1.7,-2.3,-1.7,7.9,-6.8,-5.1,-0.4
2C7L50xya3,0,48.099421,11.631175,4442543.03,2777548.33,544.0,589.7,218,7379,2.2,0.88,0.5,32.66,348.96,-0.53,-0.103,0.842,-0.7,0.1,-0.36,0.17,1.3,0.1,-0.3,0.2,-1.1,0.6,0.9,-0.4,3.1,0.4,-0.1,0.1,-2.0,-0.9,-0.3,0.3,-0.4,-1.4,0.4,-0.6,-0.5,-1.0,-0.7,0.2,-2.0,-1.6,-1.6,-1.1,-0.2,-1.9,0.1,-1.5,-1.4,-1.1,-5.3,-8.9,-4.9,-4.3,-1.6,2.0,-1.3,-1.4,-2.3,-0.3,-1.2,-0.3,-2.0,-0.0,6.2,3.8,0.1,-0.6,1.1,0.0,-0.1,-1.4,-0.3,-0.2,0.4,0.7,-0.6,-0.9,2.4,2.1,-2.1,0.4,-0.0,2.4,6.0,0.4,0.1,3.5,-0.1,-0.5,0.4,0.7,0.6,0.6,0.0,0.4,3.9,-5.2,-0.6,4.0,-4.7,-1.5,-0.7,-1.4,-1.9,-1.1,-1.8,-1.3,-2.9,-1.3,1.5,-1.3,-1.3,-1.2,-6.4,-1.3,-0.8,-2.3,-3.0,-1.1,-4.4,-1.1,-2.1,-2.5,1.6,1.4,-1.2,2.6,1.6,11.7,-0.0,1.7,-1.6,-2.1,-0.4,3.7,-2.1,1.3,-0.7,-0.3,-2.1,-1.2,-3.4,-0.5,0.1,0.1,-2.7,-3.5,-3.8,-1.1,-0.7,-1.4,-2.4,-3.8,-2.2,-2.2,-2.0,-0.9,1.5,0.7,-0.9,-2.3,-2.0,-1.2,-3.1,-1.5,-0.1,0.7,-1.9,-3.5,-1.4,-1.6,0.2,-0.9,-2.3,-2.5,-0.7,4.8,-1.7,-2.7,-1.9,-5.4,-6.2,-8.2,-1.9,-4.5,-5.0,-4.4,-3.2,-4.7,-4.1,-3.9,-3.6,-2.6,-6.3,-1.7,0.4,1.1,-1.0,-2.0,-1.4,-3.0,0.6,-1.3,-8.5,-3.7,-3.3,-2.6,-4.0,-1.6,-4.6,-0.8,-8.2,-6.1,-4.9,-1.3,-7.5,-0.4,-2.1,1.1,-3.0,-2.3,-4.9,-6.3,-3.7,-2.5,0.9
2C7L50xya6,0,48.099428,11.631227,4442546.92,2777549.17,539.1,584.8,218,7382,2.9,0.81,0.48,32.66,348.96,-0.53,-0.103,0.842,-1.1,0.1,0.11,0.22,1.6,0.2,-0.3,1.2,1.3,0.1,1.1,0.6,0.5,-0.6,0.6,-0.6,2.8,-0.2,1.3,0.1,-0.8,0.9,0.6,-0.3,-1.7,-2.3,-0.6,-2.3,-0.7,-1.8,1.4,3.2,-0.4,-3.0,5.0,8.0,-8.3,9.6,-13.3,-5.7,-6.8,-1.1,-12.3,-5.9,-7.1,-9.1,-5.7,-7.7,7.8,0.7,-4.1,-6.0,-4.6,-7.9,-2.8,-3.6,-3.9,-1.8,-0.1,-2.2,-3.1,-2.9,-2.0,-2.3,-2.7,-3.2,-3.3,-1.9,-4.9,0.5,-2.5,-1.7,-1.0,-2.5,-2.5,-3.2,-3.3,-0.3,-2.8,-0.8,-3.0,-1.5,-0.8,0.9,-1.0,-1.7,-1.0,-2.5,-6.5,-3.5,-1.5,-2.1,-3.0,-2.2,-1.8,-4.9,-2.4,-4.9,-2.2,2.8,-1.0,-6.9,-2.4,-2.1,-1.9,-5.4,-4.6,-4.8,-8.6,-1.3,-6.8,-4.7,-3.1,-0.8,-3.5,-5.7,-0.7,-3.0,-1.6,-2.0,-1.3,-0.8,-2.3,-1.8,-4.0,-4.1,-0.9,-2.2,-3.4,-3.0,-1.0,-1.5,0.4,-2.1,-1.6,-4.0,-2.4,-3.7,-8.0,4.7,-5.0,-9.7,-6.2,-12.2,-6.1,-1.4,-2.6,-14.7,-4.5,-6.1,-7.1,-2.7,-3.9,-3.6,-5.0,-3.9,-4.1,-1.8,-4.3,-3.7,-3.1,-3.1,-3.0,-2.8,-5.5,-5.6,-7.9,-10.2,-10.3,-6.5,-10.2,-5.3,-8.3,-7.2,-12.0,-7.8,-5.6,-5.3,-7.7,-4.3,-2.3,-3.4,-3.3,-4.9,-4.5,-0.4,-4.8,-3.3,-4.1,-4.1,-4.6,-4.5,-3.0,-4.4,-3.9,-5.7,-7.1,-6.6,-8.9,-8.0,-9.8,-6.2,-5.9,-3.4,-5.2,-10.9,-8.5,-3.1,-7.9,-7.2,-6.8,-5.6,-7.0,-7.6,-7.3
2C7L50xyaI,0,48.099533,11.632046,4442607.67,2777562.19,544.5,590.2,218,7394,2.7,0.85,0.39,32.66,348.96,-0.53,-0.103,0.842,-0.6,0.1,0.11,0.2,0.9,0.2,-0.3,0.2,-3.3,-3.8,-2.3,-4.6,2.5,-1.8,0.6,-3.5,5.4,-0.2,4.9,-3.4,-0.2,-2.1,-1.6,-0.2,3.0,1.2,-2.8,-8.2,0.8,-2.0,-0.0,-4.3,0.8,-2.2,-3.0,0.2,0.7,-1.9,-5.1,-7.5,0.4,-7.3,-0.4,-3.2,-0.7,-0.5,-3.0,-3.3,1.8,0.6,-0.4,-3.5,-0.2,-5.9,-6.5,-4.4,-3.1,-2.2,5.4,-0.6,-5.6,-3.6,-1.1,-2.4,-4.0,-8.1,-3.0,-2.4,-1.1,2.3,-3.6,0.5,3.4,-3.1,-0.5,10.2,-2.8,2.7,-5.3,1.2,-3.0,-1.7,-4.7,-1.0,-3.1,-4.2,-3.3,-4.8,-5.2,-4.2,-2.7,-5.0,-2.7,-0.9,-8.7,-3.2,-4.5,-1.0,-3.5,-3.9,-3.0,-2.6,-7.0,-2.2,-7.5,-0.2,-4.9,-3.9,-0.4,-2.8,-3.3,-3.4,-2.5,-1.3,-3.8,-1.4,-3.9,-1.9,-5.6,-3.1,-2.7,1.9,-1.5,-4.0,-1.4,-4.0,-2.2,-2.5,-3.9,-2.3,-2.9,-1.3,0.1,-4.7,-0.7,-1.8,-6.8,-4.3,-2.6,-6.4,-3.1,-6.6,-1.1,-5.5,-1.0,-1.3,-1.3,1.7,-5.6,-5.3,-3.7,-2.7,-1.3,-5.5,-0.6,-1.0,-2.1,-2.5,-3.8,-3.3,-2.4,-3.0,-4.5,-2.7,-3.1,-4.5,-5.8,-2.8,-2.7,-1.8,-5.0,-4.7,-3.7,-5.0,-6.1,-4.1,-3.9,-2.5,-1.7,-3.3,-1.3,-1.6,-2.4,-3.3,-4.8,10.7,-4.7,-5.3,-4.5,-4.6,-3.5,-4.6,-3.3,-4.0,-8.4,-3.5,-6.5,0.1,-12.4,-5.6,-7.3,-5.0,-6.0,-3.6,-2.4,-4.4,-0.3,-7.0,-4.8,-0.6,-4.9,-2.2,-5.4,-3.3,-4.8
2C7L50xyaM,0,48.099546,11.632148,4442615.23,2777563.83,537.8,583.5,218,7398,2.4,0.88,0.45,32.66,348.96,-0.53,-0.103,0.842,-0.9,0.1,0.27,0.18,0.4,0.2,-0.3,0.6,1.0,0.6,1.9,-1.1,-10.6,0.7,1.0,-1.1,3.5,1.8,-1.4,-1.6,0.9,3.0,2.4,2.3,2.1,-1.4,-1.5,-0.6,1.2,-1.7,-0.0,5.5,0.2,0.5,-3.6,-1.9,-6.5,0.1,-6.0,-6.0,-3.2,-4.7,-1.9,1.1,-1.2,-1.8,-1.5,-0.8,0.6,1.1,1.5,2.1,1.4,2.6,-1.6,1.3,2.1,-1.0,0.6,-1.2,0.3,-2.8,-1.6,-6.6,-4.2,-1.3,-3.2,-1.1,-1.5,1.0,1.1,-12.4,-0.4,-6.0,-2.5,-0.2,0.5,0.1,-2.4,-0.6,-1.6,-2.7,-0.3,-1.4,-0.1,-2.5,-0.7,0.2,-2.0,-2.7,-1.5,-0.2,-1.1,-1.8,-3.1,-1.6,-1.0,-2.4,-1.7,-3.6,-1.3,-4.3,-4.7,-5.7,3.8,2.8,-3.3,-1.5,-4.7,10.2,0.2,-0.1,-3.1,1.6,-0.4,1.9,0.9,0.4,1.9,-0.4,0.6,-2.5,-2.3,-3.1,-1.4,-0.2,-0.5,-4.4,-5.0,-4.5,-2.9,-6.3,-4.2,1.9,-2.9,-3.9,-5.7,-6.9,-3.1,-1.0,-2.9,-4.2,-0.6,-2.7,-4.8,0.2,-1.7,-4.6,-4.8,-5.8,-3.8,-4.5,-3.7,-3.5,-3.4,-3.1,-3.7,-4.0,-6.0,-5.2,-4.4,-5.4,-3.3,-5.1,-5.1,-2.5,-3.3,-4.8,-3.3,-3.8,-5.2,-3.9,-1.5,-2.8,-6.8,-6.3,-2.6,-3.6,-4.6,-3.4,-3.9,-2.8,-3.2,-4.7,-3.6,-1.8,-2.5,-5.4,-3.2,-6.2,-3.1,-3.5,-2.1,-3.4,-2.1,-2.3,-3.6,-3.8,-3.2,-4.0,-7.6,-4.3,-4.0,-2.2,-4.1,-3.4,-2.4,-4.7,-4.4,-3.7,-3.8,-4.0,-5.8,-4.6,-4.1
2C7L50xyag,0,48.099702,11.633364,4442705.41,2777583.16,542.1,587.8,218,7418,2.1,0.89,0.35,32.67,348.96,-0.53,-0.103,0.842,0.1,0.1,-0.35,0.16,0.8,0.1,-0.3,-0.8,-6.8,0.5,1.1,0.8,-0.8,-2.0,0.4,-3.5,1.9,1.9,-0.1,0.2,-0.5,0.6,0.9,-0.2,0.5,0.7,1.0,0.6,-0.2,3.2,2.0,1.9,-1.2,1.5,-0.4,0.3,-0.5,1.2,-0.9,-4.2,4.0,-2.0,-1.2,1.4,-0.6,1.3,-0.4,-2.8,1.8,1.3,1.7,-0.5,-1.1,-3.7,0.1,-1.9,-1.7,0.5,1.2,-1.0,-1.5,-0.6,1.7,-0.6,-2.4,2.1,-0.2,0.6,-0.5,2.1,0.1,3.5,1.7,1.8,-2.0,-0.5,-2.2,-1.2,-2.1,-0.1,-0.1,0.1,-0.1,-0.6,0.7,1.6,3.7,0.6,0.5,2.3,0.8,0.8,-0.1,-0.4,-0.0,-3.0,-3.7,0.4,0.6,-1.6,-0.7,-1.1,-3.0,-0.8,-1.7,0.6,-0.7,0.2,-0.8,-0.9,1.3,-0.7,-0.7,-0.4,-1.5,-3.6,-1.1,1.3,1.4,1.4,1.3,0.8,0.5,-0.6,-1.4,2.2,0.2,-0.5,-0.4,0.7,1.4,0.3,2.0,-0.8,0.4,1.7,7.7,0.2,-4.7,-2.7,0.2,0.6,-0.4,-2.9,2.4,1.0,3.5,1.9,3.2,-0.8,-0.8,-1.0,3.6,2.0,0.7,1.1,2.3,1.9,-1.1,0.6,1.6,0.3,1.1,0.0,0.7,1.7,2.0,-1.2,0.1,-2.1,-3.3,0.9,-0.0,-2.6,-3.1,-0.9,0.7,-0.1,-1.8,-4.8,-1.6,-0.9,2.6,1.0,2.4,4.3,1.7,6.4,2.3,0.5,4.6,1.2,5.0,1.0,2.2,-0.5,-0.0,4.9,3.4,-10.5,0.3,1.5,-2.4,-0.2,2.0,3.2,-3.0,-1.3,-5.2,-3.7,-1.2,-4.7,-3.4,-2.4,-0.0
2C7L50xyah,0,48.099698,11.633328,4442702.75,2777582.6,537.6,583.3,218,7419,3.0,0.8,0.47,32.67,348.96,-0.53,-0.103,0.842,-0.2,0.1,-0.22,0.23,0.8,0.2,-0.3,-5.1,3.6,1.9,0.9,-3.8,-1.9,-0.5,-3.0,3.4,-3.8,1.7,-3.0,0.9,2.7,3.0,0.9,-3.4,-5.1,2.6,-0.4,0.3,-2.0,1.1,-0.9,1.4,5.9,-2.1,-2.1,1.2,-3.0,-0.4,-4.1,1.4,-4.1,-3.2,-3.8,4.5,2.3,-4.2,-2.7,-9.7,1.0,-1.7,-1.2,-0.6,-4.5,-2.7,-3.3,0.3,0.8,-0.2,5.8,1.9,-6.4,-4.1,-2.3,-8.1,-3.2,-2.4,-1.0,-0.9,-1.7,-0.9,-2.2,-1.6,-1.1,2.2,-3.7,-1.0,-1.8,-4.7,-2.5,-3.7,0.1,0.3,0.7,-2.4,-2.9,-2.3,3.1,-0.8,-4.4,-0.6,1.1,0.8,-0.5,0.8,-3.0,1.2,-0.2,-0.6,-1.1,-2.6,-1.9,-0.1,-4.5,-2.0,-0.2,-2.6,-5.2,-3.3,-3.4,-1.2,-0.3,7.7,-1.3,-0.3,-1.4,0.6,-0.9,-0.9,-0.9,-2.5,-0.8,-2.6,-1.0,-2.5,1.4,5.2,6.7,-1.7,-1.1,3.3,2.0,4.1,-0.5,-3.4,-1.9,-4.0,-13.6,6.0,-1.5,0.3,-1.6,-2.7,-3.1,-5.9,-3.0,-1.9,0.6,-2.1,1.7,-4.2,-2.5,-1.3,0.5,-2.4,1.2,0.6,-1.3,-0.9,0.6,0.4,-0.1,-0.1,-1.4,-2.8,-0.0,1.5,-1.3,-6.7,-0.4,-4.7,-4.6,-2.2,-4.3,-2.3,-6.7,-2.6,-2.2,1.3,-1.8,-2.7,-1.4,3.0,-0.2,1.0,0.4,5.2,1.4,1.8,0.7,-0.7,-1.5,0.4,2.1,-2.3,-0.6,-1.6,-6.1,-14.6,-1.6,2.1,-0.1,1.5,-2.1,-4.4,-0.1,-2.8,-7.7,-5.9,-4.2,8.2,-2.1,1.5,-9.7,-6.9,-3.3
2C7L50xybW,0,48.100063,11.636172,4442913.74,2777627.87,535.1,580.8,218,7470,4.6,0.59,0.46,32.68,348.96,-0.53,-0.103,0.842,-0.1,0.2,-0.39,0.35,1.6,0.3,-0.3,-11.2,-7.1,2.2,2.1,0.2,14.0,-4.5,-0.3,-5.1,12.0,3.7,-7.9,3.8,3.3,4.2,2.6,1.4,-0.5,4.7,2.8,8.1,3.3,5.9,3.8,4.6,7.2,5.3,2.9,4.2,2.1,1.4,4.1,-1.3,0.1,2.5,3.9,2.6,4.0,6.1,-0.6,6.8,9.4,-3.8,1.6,2.2,3.9,-0.9,-4.5,1.6,-0.8,1.7,-1.7,5.0,-2.4,3.9,2.7,-2.0,-4.9,-4.8,-8.1,-3.8,-4.9,-2.5,11.3,-10.6,-6.8,-5.3,1.2,-2.9,-0.5,-1.6,0.7,2.4,2.8,-3.9,3.3,4.5,4.7,3.2,-0.9,1.1,-1.2,3.2,5.3,4.3,2.1,5.8,1.6,2.9,3.6,1.5,-2.4,-2.0,-2.2,-0.4,1.8,-0.5,2.5,-0.4,2.1,0.4,0.7,0.9,6.2,3.4,3.9,4.4,2.0,0.4,2.2,1.5,1.2,1.9,0.9,-1.1,0.5,0.1,0.1,8.3,-7.4,12.2,0.0,7.0,2.7,4.7,3.5,0.7,4.9,-0.2,-1.8,3.1,-0.9,8.5,-1.5,-0.8,-0.2,5.4,-0.7,6.3,5.6,9.1,-2.4,1.1,2.0,-4.9,-2.5,15.1,-1.0,-7.5,11.2,4.4,-8.1,6.6,12.2,4.5,4.9,11.0,6.3,3.9,2.4,1.4,4.0,4.2,3.0,0.3,-0.2,-1.2,1.5,-2.8,3.0,-1.5,0.9,-10.9,-11.4,9.2,-7.1,-7.2,-2.7,13.4,-6.5,-3.2,-2.4,3.9,4.0,-8.5,1.8,4.9,5.1,6.7,2.5,7.8,-1.1,0.5,-8.1,4.3,0.7,-0.6,-0.2,3.7,2.2,0.3,0.9,-0.4,6.7,4.7,-0.2,-8.4,-6.0
2C7L50xybk,0,48.100172,11.637024,4442976.96,2777641.43,538.1,583.8,218,7484,4.4,0.49,0.83,32.69,348.96,-0.53,-0.103,0.842,-1.0,0.2,-2.65,0.34,1.1,0.3,-0.3,0.2,-0.4,1.3,0.9,-0.2,-1.7,1.3,0.7,1.1,-5.9,-0.1,0.6,1.4,1.0,2.0,1.9,1.8,1.3,0.2,-1.3,0.2,1.0,0.6,1.6,1.3,1.8,0.0,-0.9,0.2,-2.2,0.5,-0.6,-4.5,3.1,-3.0,1.6,1.7,-1.4,3.1,-1.0,0.5,1.6,2.7,3.9,-6.9,6.2,0.3,-2.4,2.5,-5.1,6.2,-9.5,-6.4,-5.0,-10.6,4.7,-8.4,1.7,-1.9,-2.5,7.0,1.7,9.7,0.5,9.2,-6.1,0.4,0.1,4.2,-0.3,0.1,2.7,-3.6,3.9,6.2,4.3,1.6,1.5,4.5,5.5,2.9,5.9,-5.0,-0.5,-7.1,6.5,5.2,2.6,4.3,7.3,-0.8,2.4,-1.2,4.0,-7.4,3.8,4.8,9.4,6.7,-1.9,-0.8,4.5,-2.2,5.6,6.7,7.1,4.7,5.2,3.4,14.5,5.6,5.1,-11.9,4.3,7.8,-1.2,6.4,5.4,4.1,3.1,5.2,0.3,6.0,4.9,7.5,3.9,-5.2,4.3,7.1,5.3,7.8,9.1,3.3,4.5,4.4,2.5,3.3,-13.4,2.0,6.1,-7.1,-4.0,-2.9,-0.3,-2.7,3.0,6.6,6.1,6.5,7.8,2.3,-12.1,5.3,3.4,3.7,4.5,-2.4,1.1,2.7,-2.9,-4.4,-3.3,1.9,0.6,-5.4,-1.3,8.1,-3.8,-4.0,2.6,2.2,0.7,-11.2,6.5,8.5,6.5,3.3,4.2,2.8,0.8,5.3,3.2,1.0,0.5,8.4,-7.3,-8.7,-9.0,-8.5,-8.1,-11.5,-8.8,-10.6,-12.5,-9.1,-7.5,-7.9,-5.5,-7.9,-6.6,-8.2,-7.4,-7.4,-6.7,-5.9,-7.9,-7.2,-12.0
2C7L50xyYt,0,48.098911,11.627057,4442237.45,2777484.85,542.4,588.1,218,7307,3.7,0.68,0.43,32.64,348.96,-0.529,-0.103,0.842,-0.4,0.2,-0.65,0.28,2.4,0.2,-0.3,0.4,-0.2,-0.3,0.2,-2.6,2.1,-2.1,-1.8,-3.6,-2.0,0.8,0.1,-0.8,-5.3,-5.5,-1.2,-4.2,-4.9,-2.5,-7.9,-1.3,-5.7,1.8,-8.7,-4.8,-8.1,4.6,1.0,-4.9,-6.4,-2.7,-9.8,-13.0,-14.9,-5.5,-5.3,-9.2,-5.6,-2.9,-2.7,-1.1,0.6,-6.7,7.0,-0.2,-4.6,-0.7,2.2,-2.3,1.9,-1.5,-1.2,-1.8,-0.2,5.2,-3.4,-2.2,0.8,-1.4,-1.6,-1.4,-3.1,-0.5,1.1,-2.4,2.0,0.2,0.9,-0.7,-0.4,-0.8,-2.5,-1.2,0.2,-4.9,-6.8,-16.1,0.9,7.6,-14.9,3.0,-3.7,-1.5,-4.2,-1.8,-8.4,-6.7,-11.3,-8.1,6.6,-9.2,-1.5,-1.3,-3.0,-6.3,-5.4,-4.7,-14.3,-6.4,-3.0,-6.0,-8.5,-5.2,-4.1,-6.4,-4.6,-4.0,-5.5,0.6,-4.5,-2.5,-1.6,0.4,-0.2,1.3,0.8,-2.9,-4.1,-1.4,-0.7,-1.6,-0.1,0.7,-2.9,0.2,0.1,0.8,-10.7,-10.2,-8.9,-4.9,-3.2,-5.3,-3.1,-4.8,-1.9,1.4,-1.2,-1.6,0.9,0.7,-2.8,-3.1,-1.5,0.9,0.9,2.0,1.1,3.4,-1.1,2.4,-0.0,0.1,0.3,1.0,1.9,2.6,-4.6,-2.2,-10.0,-0.9,-4.6,2.8,-5.6,-9.9,-0.7,-2.0,-9.2,-5.6,-5.5,-3.4,-1.7,-5.1,-2.5,-2.5,-0.1,-12.7,-3.4,-9.7,-0.7,-0.5,-3.3,-4.0,-3.5,-1.7,-3.2,-3.0,-4.0,-5.9,-9.5,-8.8,-18.2,-9.2,-7.4,-7.4,-1.4,-1.8,-10.2,-5.0,-4.6,-8.1,-2.8,-5.1,-2.4,-4.7,-6.0,-4.2,-0.3
2C7L50xyZZ,0,48.099202,11.629324,4442405.68,2777520.95,536.7,582.4,218,7349,3.1,0.79,0.39,32.65,348.96,-0.53,-0.103,0.842,0.2,0.2,0.35,0.24,1.3,0.2,-0.3,-1.5,-2.5,-2.8,-0.7,0.1,3.3,-2.0,2.5,-1.0,1.7,-1.4,7.0,0.7,1.5,4.1,-0.7,2.0,-0.7,-3.5,-2.6,-2.7,-1.7,1.7,-0.5,0.5,1.2,0.5,2.2,1.4,-3.8,-5.0,-9.6,-2.1,-1.3,-1.2,-0.6,1.1,-2.3,3.1,1.0,-4.6,3.8,-2.4,-0.5,0.2,0.1,-0.3,-0.7,0.3,-0.8,-0.8,-2.0,-1.2,-3.4,-2.0,-2.2,1.0,-3.4,-1.4,-1.1,-2.6,1.5,0.7,1.1,2.4,1.5,-0.9,0.9,0.3,1.3,0.7,-0.0,1.5,0.4,-0.3,-0.8,0.4,2.7,-1.7,-0.4,0.4,-1.3,-0.7,1.1,1.1,-3.0,1.5,-1.3,-4.1,-3.1,-5.5,-1.6,-1.2,-2.5,-4.2,-1.2,-6.1,-2.4,0.2,-1.1,-2.5,-0.0,-2.3,-1.3,-0.6,0.6,-2.5,-0.4,-0.2,-0.1,-2.1,0.0,3.5,1.2,3.1,0.2,2.8,-0.6,2.1,1.3,1.3,2.1,0.4,0.0,1.6,-1.4,2.1,1.1,-0.9,-2.3,-1.0,-1.4,0.0,-4.6,-5.4,-2.1,-1.2,1.6,0.5,2.5,0.3,-1.8,-0.2,-0.7,0.6,3.0,9.6,-1.7,-3.2,-0.6,-0.9,-0.1,-0.6,1.1,-1.3,2.7,0.8,0.1,3.0,0.9,-3.0,-3.6,0.1,-3.4,-5.9,-3.4,-1.9,-5.6,-2.1,-1.5,-3.8,-9.6,0.2,-4.5,12.8,-3.7,-2.7,-2.0,12.4,0.0,-1.8,-0.6,-4.3,-4.5,-1.7,6.4,-0.8,-5.2,-5.9,-4.8,-4.1,3.7,9.3,-6.4,1.7,0.4,2.4,2.9,-13.0,9.0,8.4,1.3,0.5,0.5,-3.6,4.7,5.7,10.9
2C7L50xyZu,0,48.099369,11.630626,4442502.25,2777541.65,544.0,589.7,218,7370,3.6,0.74,0.4,32.66,348.96,-0.53,-0.103,0.842,-1.4,0.2,0.6,0.28,0.8,0.2,-0.3,-3.6,-1.4,-2.0,-5.4,-1.2,-7.5,9.7,-5.9,1.5,3.2,-3.8,-7.5,1.0,-1.6,1.0,-3.7,-2.2,-1.8,0.0,-0.3,-4.0,3.1,0.5,-0.4,-1.4,-1.9,-5.0,-4.3,-0.6,-5.0,-6.4,-8.5,-3.6,-2.5,-2.7,-2.4,-1.1,-5.8,-3.8,-2.0,-5.1,-3.6,8.4,2.9,-15.6,5.7,9.2,-12.4,5.9,7.9,8.1,8.7,6.0,5.9,5.9,3.9,1.3,2.9,-0.9,-6.2,-6.5,-4.4,-7.6,-2.5,-3.8,-10.1,-6.5,-6.0,-7.2,-2.1,-6.6,-5.5,-6.6,-2.8,-0.9,-2.6,-2.3,-4.4,-5.8,-6.3,-1.4,-2.2,-5.6,-3.0,-0.9,-6.3,-3.3,-0.9,-2.1,-5.7,-6.3,-5.5,-9.3,-4.4,-6.5,-5.9,-6.4,-1.2,-17.1,-7.2,-5.6,-5.5,-3.0,-5.2,-4.8,-4.9,-4.6,-4.3,-2.5,-4.7,-4.6,-4.7,-3.7,-1.9,-3.3,-4.5,-7.8,-7.1,-6.1,-5.2,-3.6,-5.5,-5.0,-4.5,-3.3,-2.8,-7.5,-4.9,-5.8,-7.6,-4.1,-7.4,-7.3,-5.4,-7.2,-4.9,-3.6,-5.3,-3.8,-4.3,-3.7,-8.1,-7.5,-3.4,-3.0,-1.7,-6.2,-4.2,-5.9,-7.9,-6.5,-6.6,-6.3,-6.1,-5.0,-6.1,-6.0,-7.7,-7.0,-6.9,-7.6,-7.1,-4.9,-11.8,0.8,-1.7,1.1,-11.8,-12.1,-9.8,-7.8,-8.1,-9.4,-7.9,-8.4,-9.7,-10.0,-8.7,-4.6,-6.4,-7.0,-6.4,-7.6,-5.0,-6.4,-2.1,-6.6,-2.7,-7.6,-8.7,-9.6,-7.6,-7.3,-9.4,-7.7,-7.3,-4.4,-6.0,-7.3,-4.3,-7.1,-6.5,-4.7,-5.3,-5.0,-6.7,-10.0,-9.8
2C7L50xyZw,0,48.099388,11.630772,4442513.12,2777543.98,544.6,590.3,218,7372,3.2,0.78,0.41,32.66,348.96,-0.53,-0.103,0.842,0.5,0.2,-0.03,0.25,1.0,0.2,-0.3,-0.6,-0.1,2.1,1.8,1.4,-0.1,0.7,1.1,2.8,-6.5,3.2,3.6,4.5,1.0,2.4,4.0,4.3,3.6,2.7,4.3,3.1,3.3,2.4,3.6,5.9,4.1,2.3,6.5,1.4,0.7,3.7,-0.7,-0.4,2.4,4.6,1.7,4.4,5.3,3.6,6.0,1.7,-1.9,2.9,3.5,4.4,4.5,3.6,1.7,1.5,2.6,3.3,2.4,3.7,4.7,4.5,3.1,0.4,0.2,1.8,2.3,2.4,1.5,0.9,0.0,3.0,8.7,3.1,7.0,0.8,3.7,14.1,8.5,6.5,1.3,12.5,2.7,2.3,-0.2,2.8,6.0,1.0,14.7,3.8,4.1,6.9,1.5,2.1,1.9,2.7,5.0,4.1,10.2,3.3,5.4,3.0,8.3,3.6,5.1,4.8,1.7,4.1,5.3,5.7,6.2,7.4,5.6,9.5,5.6,10.2,1.9,6.2,6.8,3.1,2.8,1.9,1.9,0.4,1.3,0.7,1.6,3.0,3.2,0.9,2.9,2.6,4.3,2.3,2.4,2.8,3.1,1.9,3.1,4.7,6.4,1.5,2.5,5.8,3.0,6.3,6.5,4.2,4.4,1.9,-1.9,3.8,0.9,1.9,2.4,0.6,0.3,7.3,3.8,-1.3,3.7,1.1,17.3,1.5,13.4,6.2,5.7,2.3,3.0,3.5,0.1,-0.7,9.5,6.5,-0.4,4.5,3.3,3.2,2.9,2.4,1.8,1.2,-2.0,5.1,2.9,-3.1,5.1,4.7,4.2,3.8,9.1,4.5,2.5,7.0,4.1,5.4,2.4,3.8,4.8,6.7,7.1,9.0,12.9,-5.5,11.6,10.1,11.1,13.4,8.1,-8.4,10.2,5.8,3.4,4.7,5.6
2C7L50xyZx,0,48.099389,11.630777,4442513.5,2777544.07,541.8,587.5,218,7373,3.1,0.79,0.55,32.66,348.96,-0.53,-0.103,0.842,0.1,0.2,0.64,0.24,1.1,0.2,-0.3,-2.2,-2.5,-1.9,-2.1,-2.5,-3.0,-1.5,-2.1,-3.0,0.9,-0.7,0.5,-1.6,0.6,-3.9,-3.5,-2.2,-2.9,-2.9,0.4,-0.5,-3.0,-2.4,-0.0,0.2,2.3,-0.0,1.2,-3.8,5.6,-15.9,-7.5,-6.5,-4.8,-1.7,-3.1,-1.2,-1.4,-0.8,-1.1,2.5,2.4,-1.6,1.4,-0.7,-2.3,-2.7,-3.2,-0.2,0.4,0.3,0.0,-1.2,-0.2,0.5,-0.2,-0.9,-0.6,-2.2,-1.9,-2.6,-1.9,-0.5,-0.8,2.9,-1.9,-4.2,-0.1,-4.2,-1.3,-0.3,-0.6,-1.4,-1.9,-1.5,-2.1,-4.7,-6.1,-5.5,-3.9,-8.5,-15.3,0.4,-0.6,-1.8,-5.4,-4.4,-5.2,-13.6,-4.4,-6.3,3.7,1.0,-4.4,-3.8,-4.2,-0.2,-3.6,-5.0,-6.3,-3.5,-1.2,-4.8,-10.3,0.3,-1.1,0.5,1.7,-0.9,-1.9,-0.5,0.2,1.8,-0.6,0.8,-2.9,-3.6,-2.7,-3.3,-0.6,-4.1,-2.0,-3.8,-2.9,-2.8,-5.4,-7.0,-6.0,-8.5,-5.2,-4.7,-1.3,-1.4,-2.5,-6.7,-5.7,-2.5,-0.2,-0.4,1.7,-1.6,0.0,-0.1,-14.1,-2.1,-1.4,-5.3,-2.4,3.9,-3.9,-0.3,-0.9,-1.6,2.2,-9.0,2.9,2.2,4.7,4.0,-3.1,-3.1,-3.1,-4.4,-3.1,-4.6,3.3,1.2,-3.7,-1.7,-6.3,-3.4,-3.1,-4.7,-4.4,-2.6,0.5,-2.2,-1.7,6.1,3.0,-2.3,-2.6,-2.4,-2.2,0.2,-5.5,0.4,-3.2,-3.9,-6.6,-4.3,-5.7,-6.3,-0.1,0.0,0.2,1.5,2.4,1.6,2.7,2.2,0.7,2.9,2.1,-1.7,-4.4,-3.6,0.2
2C7L50xyZy,0,48.099387,11.63076,4442512.18,2777543.8,538.2,583.9,218,7374,1.8,0.92,0.37,32.66,348.96,-0.53,-0.103,0.842,0.1,0.1,-0.02,0.14,0.8,0.1,-0.3,-1.2,-0.3,-0.8,-0.6,-0.1,-1.4,-0.9,-0.5,-0.9,-0.2,0.4,-0.4,-0.6,0.7,-1.0,0.1,0.8,-1.2,0.5,1.1,-2.2,-0.2,-1.0,2.7,1.3,-0.2,-1.8,0.7,-1.4,-0.9,-0.3,-5.5,-4.5,-1.2,-1.7,-2.1,-1.9,-1.2,-0.6,0.7,0.8,-0.9,-1.4,-0.6,-0.6,-1.7,-2.3,-0.9,-0.7,-2.4,-1.6,0.4,-1.0,-1.2,0.3,0.2,0.3,0.3,-1.5,-1.5,-0.6,-0.5,1.7,0.1,4.2,0.6,-1.7,0.5,-1.3,-0.4,-1.0,-1.3,-1.3,-0.0,-0.6,0.3,-0.4,0.4,-3.0,-3.6,-0.9,-3.5,2.3,2.0,2.0,-2.8,-1.8,-4.1,-0.9,-2.3,-1.8,0.1,-1.8,-3.4,-2.3,-3.6,0.9,-2.5,-3.1,-0.4,0.5,0.2,11.3,1.7,0.4,0.9,-1.4,2.3,-0.4,0.2,0.9,-0.3,1.1,0.6,2.2,1.0,-2.3,0.7,1.4,-0.8,-1.5,-1.5,-0.0,0.1,0.3,-2.0,-2.6,-2.9,-3.5,-4.2,-0.4,-1.7,-1.0,0.0,-3.9,-2.9,-3.0,-0.8,-0.1,3.1,-0.1,0.4,-1.3,-0.8,-0.1,-0.2,-1.3,0.9,2.7,2.6,0.8,1.3,2.8,1.5,1.1,1.4,2.1,-0.0,0.6,-1.5,-2.9,-3.9,-2.9,-1.4,-6.6,1.2,0.7,-4.1,-2.0,-2.7,-0.7,-2.2,0.1,-0.3,0.4,0.5,-0.2,0.4,-2.3,2.2,-0.7,-1.2,-1.1,0.4,0.4,0.7,-0.2,-1.3,-0.5,-3.7,2.4,-1.1,-2.8,-3.2,0.5,0.3,0.8,-0.3,-0.8,2.2,1.6,1.2,0.7,2.2,-1.4,-3.0,-1.9,0.1
2C7L50xyZz,0,48.09938,11.630704,4442508.04,2777542.92,532.7,578.4,218,7375,3.4,0.74,0.46,32.66,348.96,-0.53,-0.103,0.842,-0.3,0.2,-0.15,0.26,1.1,0.2,-0.3,-1.1,1.2,-1.4,-1.0,-0.5,-1.6,-2.1,-0.2,-0.3,-2.5,0.5,-0.1,-2.3,0.4,-0.8,-0.3,0.6,-3.1,4.6,0.6,-4.1,1.3,-1.0,3.9,0.9,-1.2,-3.8,1.8,-4.3,-5.7,1.2,-5.9,-5.1,-1.9,-2.7,-5.5,-3.0,-2.7,-2.3,-3.1,-3.4,-3.5,-4.1,-4.8,-3.3,-6.1,-5.8,-4.3,-3.5,-5.3,-11.3,0.2,-4.3,-2.4,-4.1,-8.9,1.1,6.4,7.1,-6.1,-5.8,-5.2,-11.0,-2.2,8.6,-1.3,-5.1,-1.3,-0.2,0.4,0.8,-5.0,0.8,-3.2,-2.4,-2.1,-2.6,-0.9,-6.3,-5.8,-4.3,-3.9,1.8,-3.2,4.6,-4.1,-4.7,-4.0,-0.5,-2.5,-3.2,1.3,-5.4,-4.8,-5.4,-1.9,4.4,-1.8,-1.4,-0.5,0.4,1.5,-6.4,1.4,0.5,-1.5,-3.0,-1.9,-0.1,0.3,-3.9,-5.4,-6.3,0.3,0.1,2.8,-3.0,-3.4,7.7,-5.8,-3.6,-3.1,-1.5,-3.0,-5.2,-6.0,-4.7,-7.8,-5.7,-6.3,-5.2,-5.7,-3.1,2.1,-6.8,-3.0,-2.6,0.0,-3.4,0.7,-1.9,-0.2,-2.7,-0.7,-1.6,-1.8,-0.6,-0.8,4.1,0.1,-1.7,-1.1,5.5,0.5,3.7,-1.1,0.8,-1.5,0.3,0.1,-5.2,-12.0,-2.9,-2.3,-11.1,-0.7,1.5,-7.0,-5.2,-2.7,-2.2,-3.6,-3.7,-0.3,1.2,-4.2,4.0,0.1,-3.1,-0.6,-1.5,-2.0,-5.7,-1.7,-2.9,-9.8,-2.4,-2.3,-1.2,-8.1,-11.4,-12.1,-8.7,-10.8,-3.9,-8.9,3.2,-4.2,-0.8,-1.0,1.3,1.3,-6.1,-0.1,-3.4,-4.2,-3.6,-1.9
2C7L50xyaC,0,48.099473,11.631435,4442562.25,2777554.55,532.9,578.6,218,7388,2.8,0.82,0.41,32.66,348.96,-0.53,-0.103,0.842,-0.0,0.1,-0.2,0.22,0.6,0.2,-0.3,2.9,0.3,0.4,0.4,2.8,-3.5,2.0,0.4,0.3,-4.9,1.4,-5.3,-3.1,2.6,1.3,3.0,0.4,2.8,-0.6,0.1,0.7,0.3,1.3,0.9,-1.1,1.3,0.2,-6.6,-1.0,-3.9,-0.1,-2.0,-3.7,-0.8,-2.9,-0.3,1.9,-0.5,2.5,1.3,-1.7,2.1,-9.3,2.1,-0.8,0.9,8.0,1.8,-3.0,1.3,-3.5,0.0,-0.0,2.4,-2.0,2.7,-0.7,1.5,-1.5,2.2,2.7,1.0,1.1,6.3,1.2,-3.0,5.4,-0.5,3.0,3.4,-1.7,1.0,-0.3,1.2,0.7,0.4,0.1,0.4,0.8,1.6,-2.2,-3.3,0.6,-2.1,-0.1,-5.8,2.7,-3.0,3.5,-0.2,-0.5,0.6,-4.4,-0.5,-2.9,-1.1,3.8,1.6,3.6,0.6,2.4,1.2,-1.1,-2.0,1.8,0.9,2.5,1.7,3.6,-3.3,-2.5,0.8,1.0,1.8,0.7,-1.1,0.4,3.3,1.9,2.4,1.1,0.8,3.2,4.4,2.1,0.6,-0.3,0.6,-0.8,-2.1,5.1,0.1,-3.0,-0.9,-3.8,-0.4,0.6,2.0,1.2,5.1,2.9,-0.4,-1.0,4.0,-0.4,-2.5,2.9,-1.2,5.0,-5.0,-3.8,-2.3,-2.4,-1.4,0.3,-2.0,0.7,1.8,4.5,-1.2,-0.9,-0.5,5.8,-0.0,-3.7,1.2,5.2,2.0,-4.3,-4.2,-1.0,-3.1,9.6,-3.5,-3.9,-3.0,3.2,2.0,-8.9,1.3,-0.3,-0.2,0.7,2.3,1.8,2.3,3.2,0.2,-0.3,0.2,-11.4,4.2,-3.4,-6.3,6.5,-0.7,-1.3,1.1,0.4,-0.8,-0.4,-0.8,2.2,4.1,0.9,-2.7,3.2,0.8
2C7L50xyaE,0,48.099547,11.632008,4442604.82,2777563.64,554.9,600.6,218,7390,3.5,0.75,0.66,32.66,348.96,-0.53,-0.103,0.842,-0.8,0.2,-0.67,0.27,0.8,0.2,-0.3,2.5,0.9,1.7,3.8,1.6,-0.2,3.6,3.8,0.6,-4.2,-1.9,0.4,1.4,-6.0,1.3,-1.2,-0.7,-0.2,-2.8,-1.3,-5.7,2.4,-14.8,0.9,-0.1,-0.0,3.4,1.0,4.4,-1.7,0.2,-3.3,-3.2,-1.2,-0.6,1.6,4.5,1.9,3.9,3.6,7.6,2.1,5.7,0.6,-0.5,5.3,-1.0,2.0,1.9,-2.0,3.4,-0.4,2.1,1.2,1.3,-1.1,1.3,-1.6,0.5,-0.1,1.3,1.1,0.6,0.9,0.1,1.9,-0.1,-2.3,-0.1,-1.9,0.7,0.7,-1.0,3.1,0.3,-0.2,2.7,-0.2,1.2,-1.7,-2.9,1.1,6.3,2.0,1.9,1.1,6.8,-8.0,7.0,5.4,9.2,6.9,7.2,1.6,-0.3,4.0,1.9,3.7,2.2,0.8,-3.8,-2.7,4.3,1.7,4.0,8.1,-0.3,-4.3,2.2,-0.0,-0.6,-0.4,3.5,2.6,-2.5,3.2,2.8,3.6,2.7,8.7,0.7,7.7,2.6,-0.1,-0.2,1.7,0.4,-0.0,-2.4,-4.2,4.0,-4.8,-1.6,-2.6,-4.6,-2.7,-7.0,-4.5,-2.2,5.0,1.5,1.2,-1.7,-0.3,-2.2,3.2,-1.9,1.6,2.9,-1.9,-6.1,-1.9,-1.6,-0.7,-1.6,5.7,3.3,-1.8,-0.6,-2.9,-2.2,-3.1,4.8,-12.0,3.0,4.5,-0.3,-5.0,-0.7,1.7,-0.6,-3.4,0.3,-3.3,-0.8,-3.5,-0.7,-0.9,-4.5,2.3,0.2,0.8,-1.9,-10.7,0.1,-3.9,-1.5,-1.3,-2.8,-4.7,-7.4,-6.4,-7.5,-8.4,7.5,-17.8,-1.2,0.4,-4.7,-1.1,1.8,-3.8,-2.5,0.5,1.8,-2.3,0.8,-0.2
2C7L50xyaZ,0,48.099672,11.632979,4442676.81,2777579.1,543.1,588.7,218,7411,1.5,0.95,0.31,32.67,348.96,-0.53,-0.103,0.842,0.0,0.1,0.17,0.11,0.5,0.1,-0.3,-0.6,-0.8,1.2,-0.1,0.3,-1.4,0.1,-0.1,-0.2,0.4,-0.7,-0.5,0.6,0.2,0.7,1.0,0.7,0.3,-0.4,0.4,-0.4,-0.7,0.2,1.2,0.7,1.1,0.0,0.8,0.3,-2.3,2.1,-5.7,-3.5,-2.1,-2.9,-0.0,5.9,2.8,0.2,1.3,-0.3,0.7,1.7,6.4,-0.0,-0.3,-0.5,-0.2,-0.9,0.7,-0.5,0.4,-1.5,1.1,-1.1,-1.6,0.3,0.2,-0.9,-0.1,-1.5,-1.2,1.0,-1.2,0.4,-1.6,-2.1,-0.8,-1.0,-1.2,-1.5,-1.3,-1.0,-1.5,0.6,-0.1,-0.5,0.2,0.7,-0.7,-1.6,-1.1,-0.8,0.0,-0.0,0.3,0.5,-1.2,1.8,-1.6,-0.6,-1.6,-1.2,0.2,-2.3,-3.1,0.3,1.0,0.7,-0.9,-1.0,-0.8,1.9,2.4,2.3,1.0,0.9,-1.2,-0.6,-0.5,0.6,-1.2,0.4,0.2,-0.3,-0.4,-0.1,-1.1,-1.6,0.9,-1.6,-1.0,-1.5,-0.6,0.0,1.1,-1.3,0.6,-0.1,-2.4,0.4,1.3,0.1,-0.7,-0.4,1.0,1.9,1.8,2.6,0.7,0.3,-1.8,-1.5,-0.2,0.0,-0.6,0.4,-0.3,0.8,0.3,-0.3,-2.3,-1.3,0.4,-0.5,-1.6,-1.2,-3.0,-0.0,0.4,-0.1,1.8,0.4,0.7,1.5,-0.7,3.7,-0.1,-1.3,1.7,1.5,-0.7,-1.9,-1.1,-2.3,-3.3,-1.3,-0.4,-3.2,1.2,2.1,-1.5,-1.1,-1.4,-0.2,1.4,0.1,1.6,1.4,-0.5,-0.1,-2.2,6.0,-2.8,0.4,0.2,-1.0,0.7,0.4,0.5,-0.2,3.8,-0.4,2.6,-1.1,-0.7,-1.1,-0.2
2C7L50xyaz,0,48.099831,11.634217,4442768.68,2777598.83,533.2,578.8,218,7437,4.0,0.68,0.51,32.67,348.96,-0.53,-0.103,0.842,-0.5,0.2,0.34,0.3,1.4,0.3,-0.3,6.7,-0.8,-0.2,0.2,-2.1,0.8,0.4,-0.6,1.7,1.3,0.7,4.1,-2.5,0.2,0.9,-3.3,1.9,1.2,1.5,3.0,-1.2,6.2,3.5,2.4,-0.6,-4.3,0.5,-10.6,3.2,-3.4,0.2,-6.0,3.0,0.7,-13.5,6.2,-9.0,-6.5,-4.5,1.6,-1.7,-0.2,2.5,-6.6,7.5,-6.0,-10.6,-3.2,2.6,-1.8,-0.8,0.2,0.2,-0.5,-1.8,2.5,-3.9,0.9,-0.2,-1.0,1.3,0.8,-1.2,0.3,5.0,-0.1,-0.4,-1.1,-0.5,1.7,-2.8,1.1,-3.0,1.2,-0.8,-4.1,6.2,0.1,4.7,6.8,2.1,-1.3,-0.7,2.8,3.5,-2.6,4.6,-0.2,2.5,-12.1,-0.6,1.0,-2.9,-3.6,-2.3,-2.5,-3.7,1.7,0.8,-2.9,-1.5,-1.7,-3.2,-0.4,-0.1,-2.9,-4.3,-7.9,-2.3,-4.3,0.2,1.1,-1.7,0.7,-0.0,-2.4,-2.4,-0.9,-1.7,-0.4,-3.8,-1.9,-2.5,-2.2,-2.5,-9.7,-5.9,-3.2,0.1,-2.3,-4.0,-7.1,3.6,-1.7,-8.0,8.3,-2.3,-13.4,1.6,-2.2,-0.9,-5.3,-2.5,-5.7,-5.2,-4.0,-0.5,-10.0,-5.3,-9.4,-1.3,-5.6,14.0,1.8,-4.3,-1.0,0.2,5.4,-1.8,2.1,0.7,-12.7,4.5,-4.0,-5.9,-4.2,-1.0,-9.2,-2.3,-3.1,-3.1,-5.6,-9.7,1.2,-4.2,-5.0,0.7,-8.4,2.1,-0.9,6.3,1.9,2.6,2.0,1.7,8.9,-9.7,0.2,-11.1,-8.9,-0.1,2.8,-5.3,-5.2,-2.6,-3.7,-2.4,-1.6,1.0,-1.4,-0.1,-1.3,-4.1,-3.3,-6.3,-4.0,-0.2,-2.9
2C7L50xyc8,0,48.100424,11.638838,4443111.54,2777672.33,559.0,604.7,218,7508,3.2,0.77,0.37,32.69,348.96,-0.53,-0.103,0.842,0.6,0.2,0.34,0.25,0.7,0.2,-0.3,2.3,-0.1,1.3,-2.1,0.7,0.5,-0.1,2.1,1.2,0.9,-0.2,4.2,2.7,3.5,1.6,0.3,3.6,-6.3,-3.2,-2.8,-1.4,1.9,0.9,0.1,1.4,3.5,5.1,5.6,-3.2,2.2,6.8,-1.7,-3.1,-0.4,1.2,3.7,-0.1,3.2,-2.1,2.0,4.6,2.1,3.4,4.6,3.4,0.7,6.7,1.0,-0.7,1.2,2.4,4.1,3.9,2.4,0.3,1.1,3.1,4.7,5.1,2.9,2.0,3.7,3.5,3.4,-1.1,-2.0,4.2,3.2,2.7,2.4,3.3,1.8,1.4,2.9,2.9,3.9,4.6,3.4,0.9,1.1,2.4,5.3,-0.7,3.1,3.4,0.4,4.6,3.5,4.5,1.9,-0.2,2.5,1.9,6.0,1.9,-0.4,1.2,6.6,0.9,7.8,3.2,0.0,1.3,7.1,6.6,3.2,4.0,5.8,0.2,4.3,1.1,2.9,2.7,3.5,1.1,-0.2,1.3,-1.1,-0.4,0.1,2.3,-6.1,-1.0,1.9,-2.0,10.3,2.2,3.5,1.5,1.8,3.7,-3.5,4.5,4.8,-0.1,5.5,-6.2,6.9,6.4,11.2,3.2,2.9,1.6,-0.9,1.8,4.0,1.9,2.2,0.6,-0.3,3.8,0.7,-0.2,0.3,1.5,5.1,2.7,2.8,5.3,0.1,0.5,1.6,-0.8,-1.3,-1.4,5.6,2.0,-2.7,8.4,5.3,4.7,1.3,10.7,2.7,1.4,-3.9,-2.7,-5.6,9.7,3.6,2.6,4.7,8.0,1.4,-2.6,6.4,2.0,-0.1,13.2,-3.3,9.0,4.0,10.6,16.5,5.3,10.4,7.5,4.9,7.6,3.0,-1.5,5.6,5.7,2.4,6.3,3.3,-0.1,12.4
2C7L50yFbd,0,48.098791,11.625978,4442157.37,2777469.75,540.7,586.4,219,7289,3.3,0.77,0.48,32.64,348.96,-0.529,-0.103,0.842,-0.1,0.2,0.12,0.25,0.7,0.2,-0.3,-1.2,-3.4,-1.4,-0.5,-0.6,2.9,-0.1,4.8,2.6,0.4,-6.3,3.4,-1.2,4.0,-0.6,-1.7,-7.5,-3.1,-11.5,-4.6,-1.3,0.8,3.1,-3.2,-2.1,-0.4,0.7,1.1,-1.6,-5.0,-1.5,-5.4,-7.0,-2.2,-1.2,2.0,-3.4,-1.1,0.5,1.6,3.2,4.6,0.2,-1.6,11.9,-5.1,0.4,-2.0,6.0,6.1,-3.7,-8.2,-8.5,-7.1,-7.5,-4.3,1.1,-3.7,-1.7,-1.7,-0.1,-2.0,1.4,-2.0,-1.7,1.2,-0.2,-4.1,-2.8,-1.4,-0.8,-6.9,1.6,-1.8,-4.1,-2.7,0.6,-1.5,-1.6,-0.8,-4.0,-1.6,-5.1,-2.8,0.4,-7.4,-2.1,2.4,0.5,-4.9,-1.2,-2.2,-3.4,-1.3,-2.0,-1.3,-0.2,4.4,-6.1,-1.8,-3.6,-3.3,-1.8,-1.5,-2.3,-3.0,-1.8,-5.2,-1.9,-0.3,-2.8,-1.0,-5.9,0.8,0.5,-2.6,-1.3,-0.3,-1.6,-2.5,-0.9,-1.9,-1.2,-1.3,-0.3,1.7,-0.2,4.2,-3.6,-6.8,-2.2,-4.1,-1.5,-2.4,-9.4,-3.9,-0.7,-1.2,1.7,2.7,-1.7,0.9,-0.6,-5.4,-1.3,-1.1,-1.2,1.0,-0.0,0.0,-0.1,-4.5,0.3,-1.1,0.5,0.6,5.3,-1.3,-3.0,-1.0,-6.5,-8.4,-5.5,-6.5,-12.4,-4.1,-7.8,-4.7,11.3,-5.0,-9.0,-3.4,-1.7,-0.8,-0.4,1.2,-4.0,-0.8,2.2,-1.2,1.5,2.1,3.2,3.3,0.5,-0.9,-3.8,2.8,-0.5,-3.6,-2.4,-2.0,1.5,-2.2,-3.8,-1.4,-2.0,0.6,-2.5,-2.9,-6.3,-2.2,1.7,-5.3,-4.1,-4.0,-4.6,-1.7
2C7L50yFdR,0,48.099613,11.632381,4442632.39,2777571.64,541.6,587.3,219,7401,1.7,0.92,0.28,32.67,348.96,-0.53,-0.103,0.842,-1.1,0.1,0.22,0.13,1.0,0.1,-0.3,-0.9,-2.5,-3.9,1.2,0.9,-4.0,-1.6,-2.1,-1.2,3.0,-0.9,5.5,-1.9,-1.6,-0.2,0.4,0.6,6.0,3.7,-3.9,-0.6,3.4,1.2,3.3,4.0,3.7,1.6,1.0,0.4,0.5,3.7,-0.1,-0.6,1.2,-1.2,3.2,4.6,1.6,2.8,1.0,1.0,1.7,-0.1,0.1,1.3,-0.3,2.3,0.7,-1.1,-0.2,-0.2,-2.3,-2.0,-2.8,-1.8,-2.1,-1.1,-2.7,-0.9,-1.8,1.1,0.1,-1.1,-1.0,-1.0,-1.7,-2.0,-2.8,-1.9,-2.5,-1.4,-1.4,-3.0,-3.0,-3.4,-3.4,-2.4,-1.8,-1.7,-1.3,-2.6,-1.2,-0.3,-0.3,-1.0,-2.6,-0.7,-1.1,-1.5,-0.8,-2.4,0.5,-1.2,0.1,-3.6,-3.3,-1.2,1.0,2.8,-2.0,-1.0,2.1,0.0,1.0,1.9,0.4,-0.3,-1.9,-2.4,-3.6,-2.6,-1.0,-1.9,-0.2,-1.6,-3.7,-1.1,-2.5,-1.1,-0.4,-4.6,-3.1,-4.0,-4.1,-2.9,0.1,-2.5,-0.5,-0.5,-4.6,-0.1,-1.3,0.5,-0.1,-1.1,2.2,-0.0,-0.3,0.8,0.6,-4.1,-4.0,-3.0,-5.4,-3.6,-3.6,-2.9,-4.0,-0.1,-4.0,-2.4,-4.0,-4.1,-2.4,-4.3,-2.4,-1.8,-2.2,-1.1,-3.8,-5.3,-4.5,-4.9,-4.6,-5.0,-5.2,-3.6,-5.9,-4.7,-0.8,-2.7,-4.3,-2.6,-3.9,-5.4,-4.2,-5.6,-2.9,-3.4,-3.8,-2.7,-4.8,-5.3,-4.1,-4.6,-2.9,-4.5,-3.3,-5.1,-5.0,-3.1,-1.1,-4.5,-7.2,-4.1,-3.4,-1.3,-2.7,-2.2,-1.3,-2.5,-5.1,-4.2,-4.7,-5.2,-6.2,-4.7,-2.4
2C7L50yFdd,0,48.099695,11.633018,4442679.68,2777581.79,540.9,586.6,219,7413,1.4,0.95,0.21,32.67,348.96,-0.53,-0.103,0.842,-0.6,0.1,0.11,0.1,0.1,0.1,-0.3,0.3,-0.1,-0.5,0.3,0.8,-3.6,0.3,0.0,1.9,-0.5,0.0,-1.1,-0.3,-0.6,0.6,1.5,1.9,-1.0,-1.4,-0.8,-0.8,-1.2,0.4,2.9,0.9,1.0,0.8,-0.1,1.8,-1.2,1.4,-5.3,-4.1,-2.6,-3.9,-0.6,2.4,1.1,1.2,1.2,0.5,-1.3,0.1,-0.4,0.1,-0.1,-2.1,-0.6,-0.1,-0.2,0.2,-0.0,-0.2,0.1,-0.7,-1.0,-1.1,-0.0,-0.5,-0.3,-0.0,-1.0,-0.7,-1.6,0.0,-1.0,-0.8,-1.2,-1.0,-0.6,-1.6,0.7,-1.9,-1.3,-1.2,-0.6,-0.6,-0.7,-0.6,-2.7,-0.7,0.1,0.3,0.5,1.2,-1.2,-0.1,-2.3,-0.0,-1.2,-1.5,-2.5,-4.1,0.6,-0.2,-4.0,-1.3,0.1,0.3,-2.2,-1.4,-1.0,-0.1,0.9,-2.5,-1.4,-0.4,-1.6,-0.7,-1.4,-1.0,-0.7,-1.4,-1.0,-1.0,-1.4,0.1,-2.4,-2.2,-1.2,-3.1,-2.5,-1.3,-1.6,-1.4,-1.0,-2.4,0.6,-1.6,-4.2,-0.6,-0.7,-1.6,-1.9,-1.6,0.1,-0.5,0.5,-0.1,-0.5,-2.1,-4.6,-4.2,-2.8,-0.8,-1.5,-0.2,-1.2,-0.6,-1.6,-1.0,-3.2,-2.0,-1.7,-1.0,-0.8,-3.2,-1.8,-0.4,-1.5,-4.4,-1.2,-0.2,-4.1,-1.1,-2.3,-3.8,-2.9,-3.8,-2.4,-2.2,-2.4,-3.7,-2.2,-3.8,-2.8,-1.9,-1.6,-1.4,-3.3,-2.0,-1.8,-3.4,-2.4,-1.9,-0.1,-2.8,-2.6,-2.3,-5.4,-5.0,-3.9,-3.3,-6.6,-0.9,-4.5,-0.0,-0.5,-2.3,-1.2,-1.6,-3.4,-3.5,-3.3,-5.3,2.1,-1.4,-0.7
2C7L50yFdf,0,48.099709,11.633127,4442687.8,2777583.53,541.0,586.7,219,7415,1.4,0.95,0.29,32.67,348.96,-0.53,-0.103,0.842,-0.6,0.1,0.05,0.11,0.6,0.1,-0.3,-1.0,-0.7,1.6,-0.4,0.6,0.1,-0.3,0.5,-0.2,0.6,-0.2,0.5,-0.2,-0.4,-1.0,-1.9,-6.3,-2.3,-2.4,-2.5,-1.0,-1.6,-0.1,-2.6,-0.2,-1.4,-0.5,-0.6,0.4,-5.2,1.6,-5.7,-4.9,-4.5,-4.3,-2.8,1.8,1.2,-0.8,-0.4,-1.8,-1.9,-1.8,-1.6,-0.8,-1.8,-1.5,-1.3,-1.2,-1.1,-1.8,-0.1,-1.2,-1.5,-0.7,-1.7,-1.4,-1.6,-1.1,-2.1,-1.2,-1.9,-1.8,-2.6,0.3,-1.6,-2.6,-2.1,-2.5,-1.9,-0.6,-2.3,-1.8,-2.1,-2.9,-3.1,-2.4,-2.1,-2.2,-4.0,-2.1,-0.6,-2.4,-0.8,-0.8,-9.9,-1.6,-3.9,-4.1,-2.7,-3.3,-2.1,-4.1,-3.3,-4.0,-4.5,-2.8,-1.9,-3.6,-4.3,-2.1,-3.0,-2.5,-0.8,-1.3,-0.9,-1.1,-1.5,-3.0,-1.7,-2.3,-1.6,-0.9,-0.9,-0.9,-1.7,-2.5,-2.2,-2.8,-2.2,-2.4,-3.7,-2.6,-4.4,-3.5,-1.6,-1.5,-2.5,-3.2,-5.0,0.6,-2.7,-0.6,-3.8,-0.5,0.8,-0.7,-0.7,1.7,0.4,-1.1,-3.5,-2.9,-1.7,-1.5,-1.8,-0.7,-2.6,-1.8,-1.1,-3.6,-4.1,-2.8,-1.9,-2.8,-2.2,-1.8,-2.2,-1.7,-3.5,-4.2,-2.8,-3.5,-4.5,-6.1,-3.4,-3.2,-5.3,-4.7,-2.7,-2.8,-5.0,-6.2,-3.0,-1.9,-3.0,-3.0,-2.6,-4.0,-4.2,-2.7,-3.1,-4.0,-3.4,-3.5,-3.5,-3.4,-3.7,-4.0,-4.9,-5.1,-4.1,-4.3,-6.0,-4.0,-2.5,-5.0,-0.8,-3.6,-3.1,-2.7,-4.6,-3.2,-4.3,-3.0,-4.6,-3.1,-2.9
2C7L50yFet,0,48.100273,11.63752,4443013.65,2777653.42,544.3,590.0,219,7491,3.1,0.75,0.49,32.69,348.96,-0.53,-0.103,0.842,-2.6,0.2,-0.79,0.25,0.6,0.2,-0.3,2.6,-0.0,1.2,2.1,0.6,1.8,1.2,3.1,1.8,2.9,1.9,3.2,1.8,1.2,3.2,2.4,3.3,2.1,0.6,-0.6,1.9,1.9,3.1,2.9,4.2,2.9,2.7,4.7,4.1,0.3,7.8,-2.0,0.3,0.5,0.0,2.0,1.6,3.1,2.5,2.0,1.9,3.5,2.6,2.7,1.1,0.9,3.8,3.0,2.1,4.0,1.4,1.8,1.6,0.3,1.2,0.8,2.5,1.5,1.5,2.2,0.9,2.3,-0.3,0.7,0.3,3.6,1.7,-4.8,-0.8,-0.2,4.0,0.3,2.6,0.5,1.1,2.3,1.3,0.2,0.7,2.2,1.0,0.4,0.6,1.3,1.3,1.5,3.3,1.9,1.9,3.6,1.2,3.1,1.5,0.8,0.3,4.8,7.3,4.3,3.4,1.0,0.5,3.9,1.0,3.2,4.2,1.4,1.0,2.6,-0.1,0.1,1.8,1.3,-0.3,1.4,2.0,1.5,1.0,-1.0,0.5,0.3,0.7,1.4,3.6,-0.3,2.2,3.2,-0.8,0.9,0.6,2.4,3.8,7.4,5.0,6.2,8.4,3.4,2.8,-2.0,3.1,5.0,2.4,2.1,2.0,-0.3,-8.6,-9.4,10.3,-3.2,-5.3,-4.6,2.9,-9.0,-7.9,-8.0,-8.6,-10.5,-12.3,-11.4,-9.0,-9.3,-9.7,-7.1,-7.8,-9.9,-11.3,-11.5,-5.6,-14.4,-13.3,-5.6,-8.0,-9.7,-5.3,-9.3,-8.6,-12.8,-7.2,-8.5,-1.9,-8.5,-5.8,-11.4,-10.3,-8.1,-5.8,-6.8,-6.8,-3.7,-5.5,-4.5,-4.8,-5.7,-6.9,-11.4,-7.9,-6.4,-8.1,-10.2,-0.2,-5.5,-4.2,-4.0,-4.7,-3.4,-9.6,-8.5,-5.4,-10.7
2C7L50yFbu,0,48.098934,11.626944,4442228.97,2777487.18,540.2,585.9,219,7306,4.2,0.63,0.48,32.64,348.96,-0.529,-0.103,0.842,0.0,0.2,-0.92,0.32,1.6,0.3,-0.3,-0.1,1.9,5.7,1.2,-0.4,5.0,-2.2,4.1,-1.5,0.7,3.3,1.2,0.7,-0.4,0.7,5.1,2.9,-0.7,0.2,4.6,-5.0,-1.1,-1.4,2.9,-1.0,-0.8,0.8,-1.9,-2.6,-1.6,-3.0,2.2,-7.1,-9.8,-5.6,-3.8,-2.9,-0.8,-3.3,6.3,-10.8,5.0,-3.2,2.8,4.6,-5.9,2.7,6.2,-4.4,2.8,-3.3,-0.2,2.5,0.7,2.4,-0.1,1.3,2.2,4.0,-1.3,0.2,-2.1,2.5,2.7,-3.6,3.5,1.6,2.5,1.3,0.8,-1.8,-1.1,-1.8,2.7,2.9,1.1,4.4,5.1,3.6,11.3,11.2,-1.0,0.5,-2.9,3.1,-1.6,-8.4,-3.3,-2.3,9.4,0.0,13.3,-1.1,-3.9,0.4,-2.4,5.3,5.9,-1.1,-3.5,-4.3,-3.4,-1.0,-0.8,-2.8,-4.0,-0.9,-3.5,6.7,-4.9,2.4,3.8,5.2,5.0,4.4,3.7,8.1,13.1,3.8,1.5,2.7,3.2,7.1,2.5,2.8,6.0,6.1,7.7,2.8,-9.2,3.3,1.5,-5.6,2.6,-1.6,-0.3,2.2,-4.0,2.8,2.9,-1.6,-2.6,4.4,1.5,2.4,0.2,2.1,7.9,6.9,9.9,5.8,0.8,4.2,4.4,1.9,-1.5,6.1,-0.7,1.0,2.7,2.3,-4.8,-3.9,8.0,-7.9,6.0,-2.7,-1.9,-3.0,-2.8,1.2,-5.5,-1.8,-0.5,1.0,-0.6,-6.8,-2.7,-3.8,-5.2,5.0,-0.4,-0.5,3.7,0.9,-2.2,1.9,0.1,-1.5,-3.4,0.1,14.6,5.8,-12.0,13.0,7.2,1.7,4.2,-3.9,2.6,-3.2,-3.6,-3.5,-0.0,-5.6,-5.5,-3.1,-0.5
2C7L50yFcf,0,48.099267,11.629536,4442421.34,2777528.45,538.6,584.3,219,7353,4.1,0.67,0.46,32.65,348.96,-0.53,-0.103,0.842,-0.9,0.2,0.87,0.31,1.6,0.3,-0.3,-4.1,-3.1,-4.5,3.5,-3.7,-5.3,-6.2,-2.4,-3.7,-0.0,14.3,7.9,-3.0,2.4,3.4,0.7,0.2,-2.9,-12.7,-9.8,-1.6,-2.3,-2.9,-3.9,1.4,-7.5,0.6,-2.3,3.5,-0.9,-0.5,0.1,2.1,-5.4,0.3,-10.3,1.4,11.4,-0.5,-2.9,-1.3,-3.6,-2.3,-8.1,-2.2,-6.0,-5.2,-3.6,-5.5,-5.3,-2.9,-5.7,-4.5,-4.8,-6.2,-3.6,-4.3,-2.3,-4.3,-4.4,-3.7,-1.9,7.4,-3.4,4.6,-2.6,-1.3,3.5,1.0,0.4,-3.0,-1.7,-0.9,-4.4,-13.3,-5.5,-3.8,-0.4,0.1,4.8,-2.6,-13.5,-5.6,-5.8,-3.7,-5.2,-7.5,-8.5,-10.1,-8.3,-11.1,-4.2,-6.7,-8.7,-9.1,-3.2,-0.0,-7.6,-8.3,-15.7,-9.3,-9.2,-5.3,-7.9,-7.1,-7.1,-3.9,-5.7,-3.1,-1.8,-7.7,-1.5,-1.7,-2.9,-7.0,-3.7,-4.0,-4.5,-2.9,-3.8,-4.6,-4.6,-3.1,-2.5,-1.7,-1.2,-4.2,-0.2,-1.5,-6.5,-4.8,-15.7,-7.3,-8.4,-8.9,-8.4,-10.3,-6.3,-1.4,-0.3,-0.6,-7.3,-7.2,-5.1,-7.4,-6.7,-1.4,-6.2,-4.5,-5.8,-2.9,-1.9,-7.0,-6.5,-6.7,-6.8,-3.7,-5.8,11.9,1.4,-14.5,-14.9,-9.2,-13.8,-14.1,-7.5,-1.3,-14.5,-5.8,-6.0,-1.4,-11.7,-4.3,-2.8,-6.9,-6.0,-5.6,-6.2,-4.5,-5.3,-2.8,-4.8,-5.4,-3.8,-3.2,-6.3,-6.0,-12.0,-6.8,7.0,-5.5,-13.3,-5.3,-6.5,-10.8,-6.9,-3.4,-7.9,-6.9,-1.4,-3.9,-5.6,-5.8,-3.8,-5.2,-4.7,-3.5,-4.1
2C7L50yFcp,0,48.09936,11.630264,4442475.28,2777540.01,543.8,589.5,219,7363,2.6,0.81,0.46,32.66,348.96,-0.53,-0.103,0.842,-2.1,0.1,1.23,0.21,0.5,0.2,-0.3,-2.7,-1.3,-2.0,-1.9,-2.3,-3.2,-1.5,-2.1,-1.4,-13.5,-1.9,-2.6,-1.8,-1.8,-2.0,-1.1,-2.3,-3.6,-4.0,-3.0,-3.8,-3.0,-3.5,-1.4,-2.8,-3.0,-2.2,-1.5,-2.3,-4.6,-2.4,-6.3,-8.0,-4.6,-4.4,-4.0,-2.8,-2.9,-1.7,-2.3,-3.1,-4.9,-2.6,-3.0,-3.6,-3.7,-5.1,-4.6,-3.3,-4.1,-1.8,-3.4,-9.8,-9.6,-7.8,-2.1,-9.9,-8.7,-8.2,-6.2,-5.8,-6.9,-5.0,-5.6,-8.5,-17.5,-20.0,-6.5,-6.9,-8.7,-10.2,-10.1,-6.9,-8.7,-9.9,-8.9,-8.3,-10.2,-10.1,-8.8,-11.1,-9.6,-9.6,-10.8,-10.5,-11.4,-8.2,-8.7,-9.1,-12.1,-11.9,-9.5,-8.4,-9.8,-13.1,-10.2,-8.7,-8.9,-11.2,-9.9,-10.0,-10.3,-11.6,-11.7,-11.1,-11.3,-12.0,-8.5,-11.1,-10.5,-13.2,-10.4,-11.5,-9.1,-8.8,-10.0,-7.2,-8.3,-9.3,-8.8,-8.1,-9.6,-8.9,-11.7,-10.7,-9.4,-8.9,-11.0,-12.7,-12.6,-14.5,-11.0,-9.5,-11.3,-12.7,-11.5,-10.0,-12.3,-8.8,-7.2,-9.0,-9.3,-9.7,-9.0,-8.9,-9.5,-11.7,-9.1,-7.0,-9.8,-12.6,-11.0,-11.3,-10.4,-13.3,-9.5,-8.9,-6.3,-4.2,-8.4,-11.6,-12.2,-12.5,-16.2,-17.0,-7.9,-8.8,-14.6,-19.2,-18.0,-14.8,-11.6,-11.9,-13.5,-11.4,-10.7,-10.4,-9.1,-15.1,-8.1,-10.1,-8.6,-13.0,-9.1,-8.9,-13.1,-9.7,-13.1,-13.4,-17.5,-17.3,-14.8,-13.4,-17.0,-17.2,-17.8,-13.2,-15.0,-11.0,-16.0,-11.5,-10.7,-14.7,-11.0,-15.0,-10.7,-10.7,-15.5
2C7L50yFdQ,0,48.099632,11.63238,4442632.27,2777573.68,544.6,590.3,219,7400,1.7,0.92,0.33,32.67,348.96,-0.53,-0.103,0.842,-0.6,0.1,0.18,0.13,1.0,0.1,-0.3,0.7,-0.5,-0.1,1.4,0.2,-6.7,1.2,0.1,1.2,8.9,0.8,-3.8,0.9,3.5,5.0,-0.2,3.9,-4.1,0.7,-0.1,-2.6,3.3,2.3,2.2,2.0,4.9,2.2,-1.0,3.4,-1.6,-2.2,0.5,-2.5,2.5,0.4,3.8,5.9,1.0,2.6,2.1,2.1,1.6,1.7,1.4,1.0,0.9,-4.8,-0.2,-0.5,0.6,-0.0,0.2,-0.2,-1.0,-0.4,-1.4,-1.1,-0.9,0.3,0.3,-3.2,-1.6,1.3,0.1,-1.7,-3.8,-0.4,-0.2,-0.6,-0.9,-1.9,-1.4,-0.9,-1.3,-1.3,0.5,0.5,1.6,0.9,1.2,-0.6,0.9,0.1,0.9,-0.1,0.6,1.6,0.3,0.8,1.4,1.1,1.3,-1.7,1.0,0.9,-0.9,1.4,2.3,1.9,-0.3,-0.8,2.0,1.2,2.8,2.5,0.6,0.5,-1.1,-0.4,-1.5,-1.1,-0.8,-0.9,0.5,-0.5,-2.6,-0.2,-1.9,-1.4,-1.0,-0.4,-2.3,-0.5,-0.8,-0.1,2.5,-1.9,1.3,1.4,-1.8,-0.4,0.7,0.6,-0.3,-2.1,1.5,-0.8,-0.3,2.0,0.7,-4.0,-2.3,-2.4,-2.6,-1.8,-1.4,-3.2,-2.4,-2.0,-4.0,-3.1,-3.9,-2.4,-1.1,-0.8,-1.5,-1.9,-2.0,0.4,-1.0,-1.3,-0.5,-3.3,-1.8,-2.9,-0.2,-0.6,-3.8,-1.0,1.7,0.7,-2.2,-1.7,-4.2,-2.9,-1.5,-2.6,-4.2,-1.9,-2.6,-1.5,-2.5,-1.7,-0.5,-2.6,-0.2,-1.5,0.2,-0.5,-2.4,-0.7,0.5,0.4,-4.7,-0.9,-1.5,0.7,-0.2,-0.2,0.4,0.3,-3.0,-3.4,-2.0,-1.1,-3.9,-3.3,-4.1
2C7L50yFdZ,0,48.099718,11.633052,4442682.19,2777584.38,552.0,597.7,219,7409,4.4,0.66,0.43,32.67,348.96,-0.53,-0.103,0.842,-0.1,0.2,-0.05,0.34,1.2,0.3,-0.3,2.5,2.5,-12.8,3.3,-16.7,1.9,6.2,-1.3,0.8,3.6,3.7,2.7,-3.6,1.1,2.3,-11.6,1.0,3.0,-0.1,-3.9,2.0,1.3,0.9,5.5,0.4,0.6,12.5,2.8,3.3,-0.1,7.0,-1.4,-0.5,-0.7,0.9,0.2,5.0,-7.0,7.5,3.4,1.1,11.0,3.7,3.4,7.2,-10.8,3.8,4.2,-0.1,6.9,-2.3,4.7,2.9,4.4,4.4,1.7,3.8,5.1,1.5,0.4,1.4,1.8,3.1,-0.9,3.6,2.6,-0.0,8.8,-0.5,-0.7,0.0,-9.1,-0.5,0.3,-0.4,0.6,0.7,1.1,-0.9,1.1,2.6,0.6,1.7,0.6,3.9,3.8,2.5,2.0,-0.1,-0.2,-0.2,3.1,1.7,-1.1,1.5,-0.0,1.6,8.5,-0.0,2.9,5.6,1.3,7.6,6.0,5.8,11.2,3.2,6.9,1.5,3.0,0.1,2.6,3.1,2.4,5.3,3.6,-3.5,2.0,1.6,8.7,2.7,4.6,2.1,1.0,0.4,-3.3,3.3,-8.7,1.8,2.0,3.1,-2.1,3.2,-3.6,-9.7,-5.1,11.3,-1.8,3.4,3.6,4.1,-1.9,-0.5,0.5,5.8,1.5,5.6,-2.1,0.2,-1.4,4.5,0.5,-1.7,0.9,0.5,3.3,0.8,-3.1,-1.5,-1.1,0.6,0.3,-2.3,3.3,-0.9,7.0,0.0,-3.0,-2.8,0.5,-6.3,1.9,1.6,-0.6,1.7,0.9,-2.2,2.0,2.8,2.5,-0.9,0.5,1.5,0.8,-1.1,2.6,4.0,0.6,2.3,-5.8,-7.0,4.3,-8.7,6.3,12.5,4.8,12.9,15.2,12.3,-10.1,10.5,11.1,-11.5,2.3,0.8,-2.7,-2.3,-0.3
2C7L50yFep,0,48.100234,11.637073,4442980.46,2777648.4,534.2,579.9,219,7487,4.5,0.55,0.51,32.69,348.96,-0.53,-0.103,0.842,-0.1,0.2,-0.33,0.34,4.0,0.3,-0.3,-0.5,-0.8,-0.8,1.0,0.3,-2.9,2.9,3.1,1.7,-1.3,3.5,1.7,-0.4,3.5,4.7,4.1,5.2,4.6,3.5,1.8,2.9,6.2,10.2,7.2,8.6,10.1,9.6,9.8,11.4,2.3,13.6,4.4,9.6,4.8,-1.4,8.7,6.9,5.8,9.8,5.5,5.8,10.8,6.5,10.1,11.5,9.5,6.9,1.9,7.8,0.9,9.2,0.8,-7.6,-8.7,-6.8,-6.6,0.6,-2.4,-14.8,-6.9,-7.0,-11.2,-4.6,-3.1,-5.6,-1.3,-3.4,-0.6,-8.4,-6.2,-7.5,-13.3,-1.5,9.4,11.9,9.3,12.6,1.4,-2.7,6.6,2.9,5.1,4.8,11.2,-4.0,5.9,12.2,6.9,11.5,13.9,0.5,1.3,10.4,7.2,11.7,9.6,10.7,6.9,4.5,15.5,9.6,10.8,10.4,14.2,14.2,2.4,-10.7,6.0,2.9,7.9,6.2,7.1,1.2,4.4,1.4,-0.8,-1.0,-1.9,2.8,0.7,1.2,6.4,3.0,2.8,0.6,4.2,0.8,6.4,4.4,5.8,1.4,3.0,2.8,5.8,4.5,4.0,6.3,11.9,6.0,13.5,6.8,2.2,1.6,6.2,-10.5,5.3,5.9,6.1,6.2,5.0,1.5,7.1,7.6,5.3,5.3,5.7,4.6,5.3,4.6,6.3,5.8,4.1,5.4,2.9,5.0,6.7,7.5,2.6,1.0,2.8,4.1,2.3,-0.1,0.4,1.3,1.6,2.5,2.2,-7.8,2.3,2.4,3.7,2.3,2.1,0.8,2.5,1.2,2.2,3.0,2.1,0.2,5.0,5.8,2.5,0.2,6.5,5.3,5.5,5.0,3.3,3.4,1.6,1.7,2.8,5.0,3.7,2.0,2.5
2C7L50yFeu,0,48.100283,11.63745,4443008.43,2777654.39,536.8,582.5,219,7492,2.9,0.77,0.43,32.69,348.96,-0.53,-0.103,0.842,-0.0,0.1,0.04,0.22,2.2,0.2,-0.3,-0.4,-1.8,2.1,-1.1,-0.5,-1.2,-0.1,-1.3,0.5,-2.0,1.1,1.4,2.7,1.9,3.1,4.5,4.4,4.0,1.4,2.7,2.7,8.2,1.3,8.1,5.2,7.1,1.3,0.7,0.0,3.2,1.2,14.7,-0.2,5.2,0.6,5.5,3.0,2.0,3.3,-0.6,3.2,-0.5,2.2,0.9,1.0,0.8,-1.7,-0.2,1.9,0.4,-0.5,1.3,1.8,-0.1,-1.4,-0.7,-0.6,0.3,-0.9,-1.3,-0.2,1.2,1.6,0.7,-1.0,-0.8,-0.8,-0.3,-1.2,0.2,-1.8,0.8,-2.7,0.4,5.4,6.8,-4.3,0.5,1.7,2.9,0.8,4.3,0.9,4.4,4.7,1.9,4.6,3.8,3.8,3.5,2.1,2.2,-1.0,6.4,0.7,7.9,2.4,11.0,4.0,0.8,-1.1,7.7,2.2,0.9,7.6,3.3,-4.3,0.8,-4.4,1.1,2.3,0.8,1.9,-2.2,-1.0,-0.4,-1.5,-5.3,-1.0,-5.2,1.0,-1.2,0.9,-0.2,4.1,5.1,1.7,1.5,1.0,3.2,4.6,4.9,2.1,4.6,4.8,1.7,4.6,2.1,7.0,3.1,-0.4,-0.2,1.0,2.5,0.7,-0.5,-0.8,0.0,0.8,-3.5,-2.9,-1.5,0.3,0.9,0.9,-1.9,-1.7,-2.1,0.5,3.8,6.6,8.1,5.8,4.4,-0.2,-0.5,2.9,0.3,2.6,5.2,4.5,5.5,-0.4,1.3,4.4,3.3,2.7,2.8,-6.2,1.2,7.4,-1.9,0.6,-0.7,2.2,7.4,-5.0,4.8,3.9,-2.3,-2.9,9.9,-6.1,10.4,5.5,10.4,4.3,3.7,-1.6,0.9,-4.3,-2.4,-3.9,-1.6,0.5,-1.2,1.3,1.9
2C7L50yFbq,0,48.098915,11.626652,4442207.25,2777484.6,538.6,584.3,219,7302,2.5,0.84,0.42,32.64,348.96,-0.529,-0.103,0.842,-0.9,0.1,0.35,0.19,1.2,0.2,-0.3,-2.1,-2.9,-2.6,-2.9,-2.1,-1.2,-1.1,1.7,-0.3,1.8,1.1,-0.3,0.4,0.4,2.5,1.7,-1.7,-2.2,-0.8,1.4,1.1,-1.8,-2.4,-0.4,-1.0,1.8,-2.4,1.5,-2.4,-5.5,-2.7,-6.8,-4.3,-3.6,-6.9,-5.5,-5.9,-4.1,-5.3,-4.5,-5.6,-0.3,-4.5,-4.2,-3.8,-2.8,-0.2,4.9,-0.8,4.1,1.7,-0.9,-1.9,-0.4,-0.5,-0.4,-0.1,0.5,-2.3,-1.6,-1.1,-0.4,-1.4,-1.1,-0.0,3.2,-1.6,0.0,-3.1,-3.4,-3.3,-3.4,-3.0,-4.7,-3.3,-1.4,-2.7,-6.5,-5.4,-4.5,-2.5,-4.4,-1.4,-2.8,-1.0,-2.3,-3.8,-3.0,-1.1,-4.6,0.9,-7.7,-3.4,0.1,-4.6,-6.7,-10.3,-4.3,-9.1,-8.2,-2.6,-4.2,-4.1,-7.4,-9.6,-6.1,-4.0,-7.7,-3.2,-8.7,-9.6,-11.6,-7.6,-6.4,0.7,-0.2,-2.1,-3.8,-2.6,-2.7,-4.7,-1.0,-2.2,-3.3,-1.7,4.7,-11.1,-2.7,-6.0,-3.1,-5.5,-5.7,-1.1,-0.5,-5.5,-4.9,-4.6,-2.2,-3.4,-1.7,-1.5,-3.8,-5.2,-4.3,-3.1,-3.6,-1.8,-4.1,-1.9,-2.3,-3.0,-3.4,-2.6,-4.0,-4.1,-5.0,-3.2,-4.1,-3.1,-4.7,-5.8,-11.0,-3.9,-8.3,-9.0,-1.1,-3.9,-9.4,-5.8,-6.9,-4.4,-6.3,-6.0,-5.2,-7.0,-6.6,-6.6,-3.4,-2.8,-4.0,-5.1,-4.8,-6.1,-6.0,-7.1,-7.3,-3.6,-5.6,-4.9,-8.1,-8.8,-7.2,-4.7,-7.0,-2.2,-4.1,-5.4,-4.3,-3.1,-6.0,-10.9,-5.5,-4.5,-4.9,-4.8,-5.9,-4.2,-4.5
2C7L50yFbs,0,48.098923,11.626719,4442212.26,2777485.67,536.6,582.3,219,7304,3.6,0.74,0.45,32.64,348.96,-0.529,-0.103,0.842,-0.7,0.2,0.32,0.27,0.4,0.2,-0.3,-0.3,-3.6,-0.6,-2.0,-1.3,3.5,2.4,-1.8,-4.9,-0.4,-2.7,1.2,1.3,0.2,2.8,3.1,-13.5,-3.4,-9.5,5.0,2.1,-1.4,6.8,8.3,-1.2,-1.7,0.6,0.5,-1.4,3.1,-1.3,-3.2,-1.5,-0.9,-1.3,-5.3,-1.5,0.8,1.1,-0.1,0.1,1.8,2.0,-2.2,4.6,-1.5,-1.0,1.5,-1.7,-0.2,0.5,-3.5,-2.6,-2.1,-1.1,-1.2,-2.1,-2.6,-2.0,-2.9,-3.2,-3.6,2.5,-3.1,-4.4,-1.2,-1.7,-3.3,-1.5,-0.3,-0.8,-2.7,-0.5,-0.5,-1.8,-0.9,4.8,5.0,-0.9,-1.2,1.5,-2.6,0.3,-2.7,2.5,-0.9,-7.0,2.5,-2.5,-8.3,3.6,0.7,-3.8,-0.6,-0.8,-15.0,4.4,-7.9,-3.4,0.5,-4.9,-8.0,-6.0,-3.1,-2.8,-8.9,1.5,4.2,-3.0,-5.1,-7.0,-2.0,-7.2,-1.5,-2.4,3.8,-1.7,-5.8,7.9,-2.8,-5.8,-2.5,-0.8,-5.8,-9.5,-2.0,4.6,1.2,-7.7,-7.0,-2.5,-5.7,2.3,-4.1,-3.2,-6.7,-3.1,0.0,-2.8,0.0,0.9,0.3,-2.3,-5.0,-2.7,-3.6,2.3,-0.4,1.7,2.8,1.2,-5.4,-1.1,-5.7,-6.6,0.1,-0.0,-4.8,-5.6,-4.3,-5.6,-11.0,-4.4,-1.4,-6.2,2.0,-1.1,-7.0,-8.0,-8.2,-6.5,-6.6,-2.1,-0.4,-1.0,1.1,1.5,1.1,-4.1,-14.7,-7.4,2.6,3.5,-2.4,-3.7,0.7,-2.0,-6.0,-7.4,-6.3,-3.1,-4.6,-0.1,-4.2,-3.8,-5.2,-6.2,-5.8,-3.8,-1.6,-2.6,0.5,-0.8,-6.5,-3.1,-0.3,-3.8,-1.9
2C7L50yFc5,0,48.099024,11.627501,4442270.28,2777498.12,538.7,584.4,219,7317,3.6,0.68,0.46,32.64,348.96,-0.529,-0.103,0.842,-0.2,0.2,-0.58,0.27,2.8,0.2,-0.3,-1.2,-4.1,0.2,-0.7,-0.1,-0.5,-4.0,-0.4,0.2,-1.1,1.2,-0.9,-3.3,2.9,5.4,-2.0,0.8,1.0,-2.6,0.1,-3.3,-0.9,-0.7,-2.1,-1.6,-1.2,-3.2,-1.8,-4.1,-5.9,-6.5,-6.4,-8.3,-5.3,-8.1,-7.2,-2.5,-3.9,-2.8,-4.9,-3.1,-4.4,-6.4,-2.7,-5.4,-2.2,1.7,-1.0,-9.5,-0.4,1.3,-1.7,-0.0,-0.1,0.5,0.2,1.2,0.6,2.6,-0.6,-0.9,-1.0,-2.3,-1.5,-12.4,5.5,4.9,-4.2,0.7,3.6,1.1,-8.6,4.7,4.0,-12.9,-0.3,8.5,5.7,1.6,-2.1,0.7,-1.4,-1.4,-3.2,-1.3,-3.5,0.4,-3.3,-4.0,-6.7,-4.8,-1.6,1.5,-4.2,-7.5,-19.0,0.6,-4.4,-3.2,-4.4,-2.7,-12.8,-5.7,-5.3,-5.0,-6.7,-3.3,-2.2,0.2,-0.5,-3.5,-0.2,0.4,2.4,0.9,-1.6,8.3,-1.5,-2.9,1.8,2.7,3.1,3.5,1.9,5.8,0.9,3.5,-1.6,-5.5,-5.3,-5.6,0.2,-0.4,-3.3,-7.5,-5.8,-0.9,-2.3,-4.6,2.2,-2.6,-1.3,-7.7,-4.6,-1.3,0.8,-1.5,3.7,2.5,7.3,-0.9,0.7,2.0,-1.1,-1.0,-4.3,0.6,-2.7,-3.2,-4.8,-5.3,-9.6,-2.2,-0.9,-7.9,-6.2,-3.1,-9.2,-1.9,-0.9,-3.8,-0.4,-2.6,1.8,2.7,2.4,0.2,-1.0,-2.7,1.5,5.3,-5.0,4.4,-9.5,-3.5,-5.6,-5.8,-13.0,-4.6,-5.0,-3.0,-4.3,-1.5,-8.8,-11.1,-8.2,-4.2,-5.4,-3.7,-2.0,-4.1,-1.3,2.7,-1.1,4.8,-2.0,-15.1,-0.0
2C7L50yFcO,0,48.099179,11.628709,4442359.9,2777517.33,543.5,589.2,219,7336,3.4,0.72,0.38,32.65,348.96,-0.53,-0.103,0.842,-0.5,0.2,-0.25,0.26,2.1,0.2,-0.3,-1.4,1.6,0.2,0.0,-1.4,-2.7,1.2,-4.4,-1.8,-0.4,0.8,-0.9,3.5,5.0,6.7,5.8,5.6,2.4,7.3,6.5,5.4,5.9,0.9,6.8,5.8,6.0,5.0,2.5,5.9,3.1,-0.5,1.9,2.0,6.1,7.1,5.7,3.7,3.3,7.4,1.8,4.2,3.0,1.4,5.9,2.7,4.7,3.7,2.7,2.6,4.5,8.5,1.3,-0.1,-2.8,0.5,0.8,-0.6,-1.1,-0.5,-0.1,-0.4,-1.4,-2.8,0.8,-3.7,9.4,1.6,3.2,-6.8,-0.5,-1.7,2.7,-2.3,2.3,4.4,5.5,2.1,3.8,8.4,6.8,3.8,5.7,3.0,5.8,4.5,5.6,5.5,3.8,2.6,5.8,5.8,0.2,1.2,4.5,2.6,0.3,2.1,0.9,-0.4,3.5,2.5,2.8,4.3,8.6,6.0,3.4,3.7,-1.7,4.8,0.8,3.6,1.8,2.3,2.8,2.5,0.3,-12.4,-1.1,2.4,-1.8,-7.1,0.6,-1.9,-0.4,4.7,6.6,1.3,5.3,5.2,4.5,-4.4,3.6,0.4,8.3,1.3,5.5,8.7,9.2,5.6,4.9,-2.7,-1.0,0.7,-0.3,1.7,1.1,-7.6,7.6,12.6,-4.4,2.3,-0.7,-0.6,-0.6,3.0,4.0,2.4,-0.3,4.8,7.2,7.1,2.9,11.6,-2.9,-4.4,2.2,0.7,-5.4,3.7,1.6,-1.2,-1.3,-3.5,-0.8,0.1,-12.3,-4.9,1.1,8.8,5.9,1.2,-3.8,1.9,1.1,0.5,1.5,-6.0,5.5,2.1,2.2,2.9,4.0,3.4,-2.5,-0.5,1.4,1.6,-2.2,0.0,5.4,2.0,1.2,-0.5,-1.0,-3.7,0.1,-0.5,0.5
2C7L50yFco,0,48.099358,11.630106,4442463.55,2777539.57,539.2,584.9,219,7362,3.2,0.82,0.41,32.66,348.96,-0.53,-0.103,0.842,-0.8,0.2,0.56,0.25,0.6,0.2,-0.3,0.5,-5.7,1.2,-0.2,3.1,-5.0,-0.3,2.9,-0.5,-3.8,-0.3,-1.5,4.3,-4.0,-0.1,2.2,0.6,-3.1,-1.2,2.2,-1.5,1.3,-1.8,3.1,-2.4,-2.4,-3.1,1.0,-0.9,3.4,-5.7,-22.8,-10.0,-11.0,-2.3,7.4,2.0,5.4,1.2,-12.7,2.7,-3.8,0.5,-17.8,-0.4,2.1,-2.3,5.6,-0.7,1.0,-7.7,-1.1,-2.5,2.7,-3.8,-2.6,-2.4,-4.7,-4.3,-1.3,-2.6,-2.7,-0.6,-2.7,-3.6,-6.2,-3.6,-3.8,-2.8,-2.0,-5.2,-4.1,-2.5,-5.2,-1.8,-3.4,-3.5,-3.5,-4.6,-3.3,-3.5,-2.2,-4.2,-4.0,-4.9,-2.5,0.9,-1.6,-4.0,-7.6,-1.8,-5.3,-3.6,-4.4,-6.4,-3.5,-2.0,-3.4,-3.9,-1.2,-5.3,-3.3,-3.5,-4.5,-5.5,-4.8,-5.4,-3.9,-1.2,-2.9,-7.0,-4.1,-4.8,-4.6,-4.0,-3.6,-1.9,-2.4,-1.8,-4.7,-3.8,-4.4,-2.2,-3.6,-4.1,-4.4,-3.5,-3.0,-4.5,-9.6,-7.3,-5.6,0.9,-5.7,-7.5,-6.3,-4.1,-7.3,-5.3,-0.1,-4.4,-5.2,-6.4,-4.2,-5.2,-6.3,-4.4,-4.6,-2.7,-3.7,-6.5,-5.8,-4.6,-3.6,-3.3,-3.0,-2.1,-2.5,-0.8,-2.3,-5.6,-4.2,-5.3,-8.3,-9.3,-3.8,-3.2,-8.8,-1.3,-5.7,-5.9,-7.8,-4.7,-4.9,-6.2,-5.4,-5.5,-3.9,-0.3,-3.3,-2.4,-3.3,-3.9,-2.5,-1.4,-2.2,-2.6,-6.4,-2.9,-8.3,-8.5,-5.9,-7.1,-6.0,-10.8,3.4,-7.6,-3.9,-4.3,-9.7,-4.6,-4.9,-6.5,-4.1,-3.6,-2.5,-5.1,-6.3
2C7L50yFdX,0,48.099683,11.632636,4442651.25,2777579.84,538.2,583.9,219,7407,3.0,0.79,0.39,32.67,348.96,-0.53,-0.103,0.842,-1.0,0.1,0.13,0.23,1.6,0.2,-0.3,3.6,-0.0,0.9,0.6,7.0,3.0,3.4,3.2,0.4,1.3,2.1,2.6,-2.1,2.3,-6.1,-2.5,0.4,-2.9,-1.3,-2.7,-1.2,-3.5,0.4,0.7,0.1,-2.4,-2.0,2.2,0.1,-7.0,3.6,-8.4,-10.6,-7.2,-5.0,-3.8,-0.7,-3.0,-4.5,-9.9,-1.3,-4.3,-4.2,-2.1,-3.4,-2.1,-11.9,0.8,-1.1,-1.5,-0.2,0.1,-0.5,-0.9,0.7,-0.5,1.3,-2.1,-1.5,-2.2,1.2,-0.7,-0.8,-0.2,-2.6,-1.2,-1.7,-0.2,-0.4,0.4,-6.4,1.6,-1.9,0.1,-1.3,-1.4,6.4,2.8,-1.1,-3.0,-1.4,-3.3,-2.5,3.3,-0.4,-4.9,-3.8,-7.2,-8.1,-4.0,-0.7,-0.3,-1.8,-6.5,-5.7,-5.6,-1.7,-4.5,-2.0,-2.7,-0.7,-2.8,-0.4,-5.2,-2.3,-2.2,-3.2,-2.7,-3.1,-4.8,-3.3,-3.0,-4.7,-3.2,-2.8,-3.7,-7.6,-2.9,-4.1,-0.8,-6.3,-1.7,-2.7,-0.6,-4.6,-2.2,2.4,8.1,-2.0,-4.4,-1.3,-2.4,-1.7,-5.8,-5.7,-10.5,-2.9,-7.4,-2.3,-0.3,2.1,-3.9,-4.8,-1.8,-2.8,-2.0,-3.3,-1.7,-1.7,-0.3,-4.9,-1.9,-1.6,-1.3,-1.3,-0.7,-3.4,-6.6,-0.9,-2.1,-5.2,-5.0,-7.6,-5.0,-6.3,-6.4,-1.5,-9.5,-4.5,-2.7,-7.4,-7.0,-19.9,-3.9,-4.2,-6.8,-6.4,-7.5,-8.3,-5.8,-5.0,-6.3,-6.2,-6.5,-6.3,-5.6,2.6,-4.4,-5.8,-6.6,-8.0,-4.0,-5.2,-10.0,-11.5,-4.7,0.4,-9.6,-0.6,-7.4,-0.1,-2.2,-5.1,-5.4,-4.5,-4.1,-4.8,0.4
2C7L50yFd9,0,48.099529,11.63129,4442551.37,2777560.48,539.8,585.5,219,7383,1.7,0.93,0.2,32.66,348.96,-0.53,-0.103,0.842,-0.2,0.1,-0.2,0.13,0.8,0.1,-0.3,-0.7,0.4,-1.0,-0.2,0.4,-0.9,-1.6,-0.2,-0.2,-11.5,0.6,0.8,-0.7,2.9,-0.3,0.3,-1.4,0.9,-2.4,1.2,-1.9,-0.2,-0.5,1.2,-0.7,-0.3,-1.4,0.2,-2.4,-2.7,2.1,-5.3,-4.1,-1.7,-1.8,-1.2,-0.5,0.1,1.6,2.7,-0.2,-1.8,-2.0,0.4,-1.0,-1.1,-2.0,0.3,-0.2,1.3,1.4,0.5,-0.7,0.1,-0.7,0.1,0.1,0.7,-2.0,0.8,-0.7,1.3,0.4,-0.2,0.2,0.1,-0.8,-3.1,0.1,-1.2,-0.6,-2.8,-0.2,-2.8,-1.2,-2.2,-1.2,-2.0,-1.6,-3.1,-0.9,-3.2,0.6,-1.1,0.8,-1.1,1.8,-1.7,-2.1,-3.3,-2.0,-1.6,0.1,-2.9,-2.4,-3.1,-1.0,-1.1,-0.6,-1.7,-0.9,-0.0,2.1,-1.9,-0.0,-0.7,0.3,-1.4,0.1,-3.4,0.4,-1.2,0.9,-1.7,1.0,0.6,-1.2,0.3,0.1,0.8,-0.1,0.1,-0.2,0.8,-0.6,0.1,-1.4,-0.4,0.1,-2.6,0.7,0.1,-1.1,-0.6,-3.7,-1.3,-0.5,-1.1,0.2,1.4,-1.8,-0.8,-2.7,-0.6,0.2,0.3,0.0,-1.0,0.1,1.3,-0.2,-1.9,0.1,-1.2,-0.9,-1.0,-0.5,-2.0,-2.2,-1.2,-1.4,-0.9,0.5,-3.8,-4.9,0.3,-1.5,-5.0,-3.8,-1.3,-2.3,-2.5,-1.9,-1.6,0.8,0.7,-0.1,0.1,0.4,10.6,-1.2,-0.1,-2.6,-2.0,-1.0,-2.1,-2.3,-1.9,-1.2,-3.4,-2.7,-3.5,-1.6,-6.4,-2.5,-3.9,-2.8,-2.7,-0.9,-1.8,-1.3,-1.5,-1.3,-0.9,-1.0,-0.8,-1.2,-0.5
2C7L50yFdA,0,48.099532,11.631312,4442552.94,2777560.82,538.0,583.7,219,7384,1.5,0.94,0.15,32.66,348.96,-0.53,-0.103,0.842,-0.3,0.1,-0.09,0.12,1.2,0.1,-0.3,-1.7,-0.8,-1.8,-1.3,-1.2,-0.9,-1.8,-0.8,-1.2,11.3,-0.8,-0.8,-1.0,-0.5,-1.1,-0.1,-2.1,-0.2,-2.5,-0.5,-2.0,-1.0,-3.1,-1.0,-0.6,-0.1,-2.0,-1.7,-3.2,-4.4,0.1,-6.4,-6.6,-2.9,-3.7,-2.9,-2.3,-1.1,-0.8,-0.2,-2.0,-2.1,-1.7,-1.4,-0.9,-1.7,-3.3,-1.0,-2.1,-0.4,-2.2,-0.5,-2.0,-1.2,-1.3,-0.7,-1.6,-0.7,-1.9,-0.8,-1.7,0.1,-0.6,-0.9,-1.6,-1.3,-1.7,-3.9,-0.5,-1.3,-1.7,-1.8,-1.6,-2.1,-0.4,-1.6,-1.3,-1.8,-2.2,-2.8,-1.6,-3.0,-1.8,-2.0,-0.4,-3.5,-0.5,-3.9,-3.1,-3.5,-3.3,-3.9,-3.1,-2.9,-3.4,-4.3,-2.7,-2.5,-1.8,-3.4,-2.3,-2.2,-0.5,-2.4,-1.5,-2.1,-0.6,-2.6,-1.5,-3.6,-1.3,-1.8,-0.2,-2.2,-1.0,-1.2,-2.0,-1.6,-1.9,-0.8,-1.3,-1.4,-1.8,-0.5,-1.3,-1.0,-2.2,-0.9,-1.6,-4.2,-1.1,-0.6,-3.2,-2.2,-5.9,-2.6,-2.4,-3.2,-0.7,1.1,-1.8,-2.5,-3.9,-2.4,-1.1,-0.6,-0.5,-0.9,0.0,-0.2,-0.5,-2.8,-0.6,-0.9,-0.8,-1.6,-2.0,-2.4,-2.0,-3.5,-4.4,-3.7,-1.1,-5.3,-6.4,-1.9,-2.5,-5.5,-5.6,-3.5,-3.7,-3.4,-4.3,-3.4,-1.9,-0.9,-0.8,-0.3,-0.2,8.0,-1.4,-0.3,-2.4,-2.4,-2.1,-1.9,-3.5,-3.3,-2.6,-4.7,-4.7,-5.0,-3.7,-7.3,-2.5,-5.3,-3.4,-3.6,-2.5,-4.0,-2.0,-3.8,-3.4,-3.0,-2.7,-3.4,-2.8,-2.0
2C7L50yFcZ,0,48.09928,11.629209,4442396.92,2777529.42,539.4,585.1,219,7347,4.4,0.63,0.54,32.65,348.96,-0.53,-0.103,0.842,-0.7,0.2,-0.08,0.34,1.7,0.3,-0.3,-4.5,-1.5,-3.2,1.7,0.0,-6.9,-2.3,0.1,3.0,-0.9,0.5,-7.7,-0.3,1.7,8.9,4.1,10.0,6.0,-3.4,9.4,4.2,-0.5,-7.1,12.4,3.8,1.3,6.4,16.9,-3.7,-1.4,-5.4,-4.5,6.0,-0.6,4.1,-7.0,8.2,-0.4,4.9,3.2,-0.4,-2.1,1.6,4.0,3.1,4.7,0.3,-0.7,-0.1,-1.8,-1.1,0.1,-0.6,-0.0,-1.5,3.4,-2.1,-2.9,-6.7,-2.1,-1.3,-1.0,-4.6,-0.6,-7.7,-7.3,-0.2,-6.0,-1.2,0.4,-1.3,1.5,-2.7,1.5,0.8,5.1,4.9,4.1,3.1,5.2,2.7,6.0,-1.5,-7.2,-1.5,-2.6,14.4,1.6,9.4,-1.1,-10.5,0.0,-4.0,1.1,-3.7,-5.4,-3.4,-1.5,-7.0,0.6,5.1,-1.9,1.1,-9.1,1.0,-1.9,-2.4,-1.5,-0.2,-0.9,0.9,-1.5,-1.1,-1.0,1.8,-3.3,-3.6,0.1,-2.1,-1.4,-3.3,-0.3,-1.0,-2.4,-0.9,-1.4,-3.8,0.8,-2.6,-6.2,1.3,-2.2,-8.9,-8.8,11.5,12.3,0.7,3.3,0.2,3.3,-5.2,-3.5,1.2,1.4,-1.0,-2.1,-3.5,-0.6,-0.2,2.0,-4.5,-2.8,-0.8,-0.2,0.1,-0.4,-1.2,-2.6,2.1,5.8,-1.3,-2.0,-7.5,8.7,-9.3,-1.6,-4.1,-2.7,6.9,-0.1,-1.9,-0.8,-6.4,-4.7,-7.0,-5.6,-5.4,-0.9,6.9,-2.1,-0.6,0.0,-2.9,-1.1,-1.0,-0.2,-4.7,8.3,-3.4,4.6,9.3,3.4,11.2,-5.1,-8.4,-5.3,-10.0,-2.7,-8.8,-8.5,-5.4,-4.1,-6.7,-3.7,-4.8,-6.3,-3.3,-4.0
2C7L50yFdh,0,48.099801,11.633265,4442697.85,2777593.97,543.5,589.2,219,7417,2.6,0.88,0.35,32.67,348.96,-0.53,-0.103,0.842,-0.1,0.1,-0.39,0.2,0.5,0.2,-0.3,0.3,-0.3,-0.7,0.5,0.6,-0.4,-1.6,1.2,-0.6,4.4,0.9,1.7,-1.7,1.6,-1.5,-0.5,-2.1,-1.6,-2.0,0.5,-4.0,-3.5,1.9,0.3,2.3,1.2,-0.8,0.8,1.2,0.3,3.3,-2.3,-5.0,-0.8,-3.2,1.1,-5.8,1.3,2.2,6.5,0.2,0.2,-0.3,-1.5,-3.6,-0.4,-5.1,1.5,-0.2,0.2,1.0,2.8,-1.5,-0.1,0.2,1.0,2.1,0.2,-1.5,-0.9,-0.2,0.5,1.7,1.6,1.8,-0.6,0.6,0.7,1.7,1.5,1.2,0.3,2.2,-0.1,0.9,-0.6,0.7,0.3,0.1,-0.3,-1.3,-4.4,1.2,-0.5,0.1,-1.9,1.5,-4.8,14.8,-3.4,-2.0,-0.6,-1.4,-0.1,0.9,-2.6,2.6,18.0,0.1,-3.0,-0.1,-0.3,1.6,0.5,1.5,-0.5,1.7,-1.2,-0.7,0.2,0.2,-2.4,-0.8,-1.5,-1.9,3.5,-1.4,-0.2,0.4,2.2,1.0,0.1,1.0,1.3,1.1,0.6,0.6,2.4,-1.5,-2.6,1.7,-0.5,-0.3,2.1,-11.5,-3.4,9.3,1.3,5.3,4.0,-1.8,-0.5,-1.9,2.4,0.9,0.4,1.0,1.0,1.8,1.4,-0.5,-0.9,0.3,-0.0,1.6,-0.2,0.7,0.5,-1.5,0.1,-2.3,0.4,-0.9,-1.3,-3.7,0.5,3.1,-1.4,-1.8,-0.5,-0.6,0.1,-0.7,-1.8,-1.6,1.6,1.0,0.8,1.4,1.0,1.5,2.3,1.5,0.4,0.5,-1.3,2.9,-0.7,-0.2,-2.7,-3.9,-0.7,-0.5,-6.2,-3.6,-0.5,-1.3,-0.9,1.8,-0.1,-2.9,-1.4,0.8,-4.2,1.5,0.1,-0.8,0.1
2C7L50yFel,0,48.100301,11.637162,4442986.95,2777655.97,549.1,594.8,219,7483,4.1,0.68,0.48,32.69,348.96,-0.53,-0.103,0.842,0.2,0.2,0.24,0.31,0.9,0.3,-0.3,-0.2,0.7,2.0,0.8,2.1,0.2,0.6,4.1,1.8,2.4,1.6,-0.8,1.9,1.0,3.2,3.7,3.3,3.5,1.3,1.9,0.9,1.5,-0.9,0.9,1.8,1.4,-4.4,-4.0,-0.8,-1.1,-15.8,-3.5,-1.3,1.5,-8.7,7.0,2.8,-5.0,3.0,-1.0,0.7,-1.5,3.4,9.1,-8.4,0.2,-4.5,-3.3,0.7,0.7,-2.4,-0.2,-3.3,-4.0,-4.2,-4.1,-2.3,-1.0,-3.1,-3.0,-1.7,-0.1,-7.9,-2.3,2.0,-1.6,-1.6,-5.1,0.6,-2.2,-1.6,-0.3,-2.7,-1.4,3.0,3.7,0.7,-2.3,-4.0,3.6,-2.7,4.3,-2.4,-2.5,-3.1,6.4,1.5,8.7,9.8,3.4,3.1,-7.6,12.0,2.3,9.6,-4.7,-5.5,6.2,0.7,-5.8,4.3,4.2,1.3,1.7,5.8,1.8,-0.2,4.0,-1.2,-5.2,0.8,-0.7,-1.4,-2.5,-0.7,-1.6,0.3,-2.2,0.3,-1.0,0.7,-3.6,-3.6,-3.0,4.7,3.5,-5.2,-3.6,0.4,1.5,0.7,-5.2,-2.6,-6.1,-6.7,0.3,-0.6,-9.7,2.0,0.5,-1.8,-4.0,-3.1,-2.6,1.2,1.4,0.8,1.8,1.5,-1.2,2.3,2.0,1.9,-8.4,0.3,4.1,3.6,3.1,3.4,0.2,2.3,10.9,-4.8,5.9,-4.8,3.5,7.0,4.0,-5.5,-10.7,2.0,1.3,-3.1,-1.4,-3.9,3.1,-0.0,1.4,0.8,0.3,1.1,2.0,1.0,0.9,5.0,-0.7,-0.3,-2.7,1.5,0.6,0.1,2.9,13.7,-12.2,8.8,1.8,-9.2,-1.0,2.6,6.5,5.7,-2.3,-1.6,-2.1,1.5,-0.2,-4.4,-1.9
2C7L50yFew,0,48.10039,11.637857,4443038.47,2777667.02,551.8,597.5,219,7494,4.5,0.59,0.46,32.69,348.96,-0.53,-0.103,0.842,-0.3,0.2,1.28,0.34,1.4,0.3,-0.3,3.3,-3.4,0.9,-2.8,-0.4,5.9,-0.8,-1.9,-1.3,-14.9,-1.3,-1.9,2.4,1.7,4.5,3.8,2.8,6.6,-0.9,-0.7,-2.0,0.2,-2.8,3.5,6.5,5.0,-0.6,-3.6,-2.3,0.9,-9.3,-2.8,-2.3,-4.4,-1.2,-2.1,-6.8,7.1,-4.5,-6.8,2.4,-3.6,3.0,6.8,2.3,-2.4,-9.0,-16.1,-6.4,-5.3,-3.2,-2.0,-4.7,-2.9,0.4,-3.9,2.1,-4.9,0.2,-2.0,-5.4,-1.8,10.0,-5.6,9.1,6.7,-2.8,1.1,-1.5,-0.9,-5.0,0.6,0.6,-4.3,-2.0,-1.6,-3.8,-5.4,-4.4,-2.2,-5.3,-3.6,-3.1,-2.8,-5.0,-1.5,-2.8,-1.3,-2.8,-0.4,-5.0,-10.1,-4.7,-7.2,-9.3,3.5,-7.4,-3.5,-5.1,-0.7,-2.6,-4.7,-0.1,-8.8,-4.9,-3.3,-1.4,-2.7,-10.7,-2.7,-3.8,-4.5,-2.1,-6.0,-3.8,-4.2,-2.6,-5.9,-7.0,-2.3,0.1,-5.0,-5.8,-0.9,-2.3,2.2,-4.9,-5.3,-2.9,-6.3,2.4,-5.1,-4.9,-6.8,-5.2,-7.5,-2.1,-9.3,-1.9,-5.8,-3.5,-5.5,-8.2,-8.0,-5.2,-1.0,-9.8,-5.4,-8.6,-11.6,7.3,-4.1,-4.2,-5.4,-7.6,-7.3,-6.4,-5.0,0.3,10.7,-3.1,-15.7,-10.7,-2.6,-2.0,2.2,-3.3,-2.7,-5.5,-5.9,-6.5,-6.1,-4.3,-12.0,0.8,-13.2,-6.6,-3.6,4.9,3.5,3.1,6.6,4.3,-0.1,3.8,-3.8,-1.6,-4.6,-9.4,-11.9,5.7,-0.0,1.4,1.4,2.8,-5.3,-5.6,-1.8,-5.5,-9.4,-5.7,-0.9,4.2,-0.7,7.2,-11.9,-13.1,10.3
2C7L50yFbf,0,48.098919,11.626258,4442177.89,2777484.48,550.3,596.0,219,7291,4.3,0.61,0.56,32.64,348.96,-0.529,-0.103,0.842,-0.3,0.2,-0.4,0.33,2.2,0.3,-0.3,-2.5,-0.3,-1.2,-2.1,-1.9,-6.7,-1.9,-1.2,-1.5,-8.5,2.5,-6.1,-4.1,2.8,2.2,11.5,-6.8,-8.8,-4.9,-4.0,-2.3,0.8,2.0,0.3,-4.3,-4.4,-2.6,-0.8,0.9,-1.6,-7.8,-14.5,-9.2,-6.4,-9.3,-7.7,-8.8,-3.9,-1.1,-5.7,-3.3,-0.3,-6.5,8.8,11.5,7.9,-2.0,1.4,1.6,3.4,1.0,1.7,1.4,1.7,0.8,6.8,1.0,4.3,10.0,1.8,-1.2,1.7,-2.2,0.5,-4.6,-8.6,-0.6,1.9,6.4,6.9,-6.6,3.3,-5.1,-0.6,9.1,-12.9,-5.1,11.6,3.0,-15.5,-0.0,-8.8,-12.6,3.5,-2.4,-3.4,-9.5,-4.2,-2.1,-4.3,-4.5,-4.2,-1.2,-2.2,-1.0,-1.3,-0.7,-6.3,-7.2,0.1,0.9,-5.3,-2.5,-2.5,-4.3,-2.2,1.6,-2.3,4.0,-0.2,7.4,0.2,2.1,2.2,-0.1,-3.2,-4.5,-1.7,-0.9,-2.7,-5.1,-2.2,-2.2,-1.0,4.4,1.4,-5.6,-12.5,-5.7,-9.6,-1.1,-6.9,-3.3,1.5,-3.6,-1.5,0.6,-0.4,0.6,4.1,-4.1,-4.0,-1.0,1.7,2.1,4.0,-4.1,-0.6,0.6,-0.4,0.3,-1.0,0.1,0.2,1.0,-3.4,-0.9,-1.9,-1.3,-0.9,-7.1,-4.2,0.5,-6.3,-6.4,6.5,1.1,-4.8,-0.8,-1.2,2.3,1.2,-7.2,-6.4,-7.3,-2.3,-5.5,-5.8,12.2,-1.3,-1.6,-0.2,-0.1,-2.7,-1.6,-0.7,-2.6,-2.1,-5.0,-6.2,-5.0,-7.6,-7.9,-7.0,-4.8,-5.3,-4.9,-0.7,0.1,-1.5,-7.1,1.3,1.9,-0.4,3.8,-6.8,-3.5,-3.5
2C7L50yFbn,0,48.098969,11.626647,4442206.77,2777490.68,547.1,592.8,219,7299,3.2,0.76,0.44,32.64,348.96,-0.529,-0.103,0.842,-1.0,0.2,-0.78,0.25,1.6,0.2,-0.3,-2.2,-0.4,2.1,-1.0,0.4,0.6,-0.6,0.4,-0.2,-3.3,-1.1,0.7,-0.9,-2.1,1.3,0.2,1.4,-0.6,-2.3,2.2,-1.6,-0.9,-3.8,-2.6,6.3,-1.9,-3.0,-2.7,-5.7,-2.1,-12.6,-10.3,-8.3,-4.2,-6.3,0.1,-4.8,-3.0,2.5,-5.7,-4.3,-5.5,-1.0,-2.9,-3.3,-2.3,-5.7,-2.2,-2.9,-1.6,2.8,0.6,-0.5,-2.2,-2.2,-1.8,0.2,-3.5,-0.7,1.9,-0.2,1.5,0.1,-1.8,-2.5,-1.2,-0.2,-1.1,-3.4,-2.6,-3.2,-3.8,-2.3,-3.1,-3.6,-0.5,-1.6,-2.7,-1.2,-1.7,-3.5,1.1,-0.4,-3.9,-1.9,-6.4,-11.3,-4.0,-6.5,-4.6,-2.6,-6.3,2.3,1.1,-3.3,-2.5,-8.8,-5.0,-8.7,-7.5,-5.5,-4.8,-0.2,-1.7,-3.3,-6.2,-0.5,-2.8,-4.3,-0.3,-0.7,-1.5,-0.4,1.6,2.4,1.5,-0.7,-0.6,-2.0,0.1,2.2,-0.9,-0.3,-2.4,-2.0,-2.6,-9.4,-4.9,-1.1,-4.3,-0.9,-5.2,5.6,1.3,4.9,-17.7,-0.4,-0.8,-5.7,-0.4,-7.4,-9.4,-3.4,-2.5,-5.8,-5.2,1.3,-1.9,-0.4,0.9,-4.2,-2.8,-0.7,-5.0,-1.4,0.3,-0.4,-2.4,-6.3,-6.8,-0.8,-4.1,-2.1,-7.9,-0.2,-2.1,-1.0,-5.4,-3.7,-5.3,-5.2,-3.7,-11.4,1.3,-4.8,-3.4,-5.0,-5.4,-8.0,-4.2,-6.0,-3.7,-5.7,-8.3,-0.8,-4.2,-7.1,1.0,0.5,-6.7,-3.1,-9.7,-7.0,-19.6,-16.7,-9.7,-0.1,-9.2,-10.6,-9.3,-13.2,-7.8,-8.8,-9.2,-4.9,-3.3,-6.8,-5.4
2C7L50yFd3,0,48.09952,11.630936,4442524.96,2777558.96,538.7,584.4,219,7377,4.6,0.61,0.53,32.66,348.96,-0.53,-0.103,0.842,-0.3,0.2,-0.02,0.35,1.1,0.3,-0.3,-3.3,-4.6,-1.3,-8.5,-4.4,5.9,2.0,-2.8,2.2,3.7,3.0,-6.9,3.6,-3.4,1.2,0.1,-0.1,-1.9,-0.5,-1.8,10.5,-6.9,10.2,12.6,9.7,-5.7,17.0,-3.1,-4.1,0.3,10.3,10.8,-4.4,0.4,4.2,-3.0,-5.3,-1.7,9.9,4.1,12.5,-7.1,-0.4,10.7,4.8,0.5,-11.2,-2.9,-3.8,-1.6,12.1,-2.0,-1.9,-1.9,-0.0,-2.8,-2.0,4.2,-3.2,-4.9,-0.6,-7.1,-4.5,-1.1,14.1,1.1,-2.1,-5.4,0.2,-0.8,0.0,-3.7,-3.0,0.7,5.0,2.1,2.0,1.1,-4.0,4.6,1.8,-1.9,3.7,-3.8,-0.1,1.2,-0.7,6.4,-2.7,-2.0,-2.7,-8.4,-7.8,0.7,-5.6,0.3,-4.1,7.9,3.7,0.6,-0.3,-0.8,1.0,-0.5,-7.4,-6.6,-1.9,-7.1,3.1,0.6,-0.6,-1.4,-0.5,0.5,0.2,1.9,-1.4,2.0,5.4,-0.7,1.4,-0.2,-0.3,-0.2,0.9,3.5,-3.9,0.4,2.7,-5.5,3.1,-1.2,-3.3,11.5,-7.0,-5.5,-9.2,-1.1,3.5,3.5,-0.3,-10.8,-2.7,0.6,5.4,3.7,1.6,1.4,3.7,0.8,3.8,2.3,0.1,3.4,-0.7,2.3,3.6,0.3,2.1,8.8,-3.9,-3.4,10.9,3.1,-5.3,-7.5,1.1,-3.9,-4.3,-2.9,1.7,-7.8,1.7,-4.6,-7.4,-3.6,-3.0,0.2,0.3,-0.5,-1.4,-0.2,-0.1,-0.9,-4.3,7.9,-1.2,0.8,1.8,-2.1,1.6,-3.8,-0.8,-5.8,-2.2,0.9,0.9,0.4,0.8,-5.7,-5.6,-3.6,-0.0,1.4,-0.2,-0.6,0.0,-2.5
2C7L50yFd4,0,48.09954,11.631088,4442536.25,2777561.37,543.3,589.0,219,7378,3.2,0.78,0.45,32.66,348.96,-0.53,-0.103,0.842,-0.3,0.2,-0.67,0.24,1.0,0.2,-0.3,-2.8,-2.9,-3.1,-3.8,-5.6,2.7,0.3,-1.5,-0.3,2.6,1.0,-9.4,3.6,-0.3,0.9,-1.0,-1.5,-1.7,-1.4,-1.3,0.5,-4.1,0.0,-0.3,0.2,-0.4,3.8,-0.7,1.2,2.6,7.6,-4.8,-8.6,-4.0,-2.5,-1.5,5.8,-2.4,-1.3,-2.2,2.1,1.2,1.1,-0.5,-0.3,8.1,6.0,-0.7,4.4,0.9,5.8,1.2,0.4,0.9,-0.4,-1.5,1.5,2.7,-2.4,0.6,2.6,-9.5,3.9,-0.1,4.9,5.4,0.1,-0.2,0.0,-1.7,-1.2,-1.2,-0.1,0.1,2.8,-0.5,0.3,7.3,-4.8,-0.7,-0.4,-3.4,2.3,-1.5,0.0,-4.2,-4.3,-2.0,-1.7,-3.2,-3.9,3.4,-0.4,-1.2,-4.2,1.3,1.5,-1.7,-2.9,1.4,0.8,-13.6,-1.9,0.5,-2.7,-3.4,-1.9,-1.8,3.7,0.1,-3.3,-1.8,0.4,1.4,-1.7,1.4,2.1,0.2,4.5,-0.8,3.3,0.2,0.3,-0.9,1.5,1.5,-0.3,-3.5,2.0,-3.7,-2.5,0.1,-0.7,-1.6,-4.2,-3.3,-2.8,-1.9,-0.3,3.9,3.9,6.5,-0.7,-0.6,2.5,1.2,1.7,-0.5,7.4,0.1,-0.5,1.6,-0.7,2.5,0.1,1.3,0.8,-0.0,4.0,4.3,-2.9,-1.5,-0.7,-3.7,-6.9,1.0,-2.7,-5.4,-3.6,-2.8,-2.9,-4.2,0.7,-3.1,-3.5,-4.6,2.2,4.9,1.0,-1.1,-3.2,1.7,-0.5,-0.2,-0.4,10.5,-0.3,0.2,-1.6,-2.8,-0.9,-2.8,-0.5,-9.6,-4.8,-4.0,-0.5,-1.0,-0.6,-1.0,-13.8,-4.5,-1.0,-1.6,-4.7,-2.0,-1.4,-4.5
2C7L50yFd5,0,48.099546,11.631138,4442539.99,2777562.17,543.0,588.7,219,7379,2.6,0.82,0.47,32.66,348.96,-0.53,-0.103,0.842,-0.3,0.1,-0.58,0.2,2.2,0.2,-0.3,-0.4,0.3,0.4,0.5,0.3,-0.5,0.7,0.3,1.5,2.4,-0.4,0.3,-0.2,0.9,0.2,4.1,-2.9,-1.8,-2.8,-1.5,-1.2,-3.0,-1.4,-2.9,-1.9,-1.4,2.5,0.7,1.7,-16.2,-3.6,-7.0,-8.6,-6.1,-5.3,-3.2,5.0,-2.8,-2.1,-3.1,-0.5,0.8,1.3,-3.1,-2.9,3.1,3.4,0.5,0.7,0.4,0.9,1.6,-0.6,0.5,-0.6,0.8,3.4,0.3,0.1,0.6,1.0,2.5,1.4,0.3,1.3,10.8,0.4,0.7,2.4,1.5,-0.1,0.5,2.1,1.2,2.5,-1.3,-0.4,2.8,-3.2,-1.8,-0.1,-2.9,0.0,1.1,0.9,-3.4,-1.7,-3.0,-1.8,-2.8,-1.3,1.8,-0.5,0.3,-2.2,0.2,1.1,-2.5,-1.1,-0.9,0.4,-13.0,-2.7,5.0,-3.8,-0.2,0.5,-0.1,5.1,0.9,3.7,1.4,3.6,0.8,0.6,-1.2,1.8,-1.3,2.3,0.5,1.1,0.7,0.3,-1.2,4.9,-1.0,2.1,5.4,-0.1,-3.9,-3.5,-2.5,-0.5,-2.9,-5.3,-3.0,-2.7,-2.8,-0.9,2.8,1.5,0.8,-1.2,0.4,-0.0,0.4,0.0,0.4,3.1,-0.3,-1.4,1.7,1.4,2.3,1.2,-1.1,-2.1,0.5,4.9,-0.3,-4.3,-3.2,-4.8,-6.2,-8.0,0.6,-2.9,-5.7,-3.3,-2.8,-6.4,-5.1,-4.1,-2.3,-1.6,-3.4,-1.6,0.1,1.5,0.4,-0.5,0.5,-0.7,-0.8,0.8,4.1,-2.4,1.5,-4.7,-4.4,-0.1,-4.5,-2.6,-8.1,-3.4,-5.3,-2.8,-8.8,-1.4,-0.4,0.0,-2.0,0.6,-3.3,-1.8,-4.0,-0.6,3.0
2C7L50yFdO,0,48.099686,11.632226,4442620.7,2777579.48,543.6,589.3,219,7398,2.0,0.89,0.29,32.66,348.96,-0.53,-0.103,0.842,-0.3,0.1,-0.51,0.15,0.8,0.1,-0.3,-0.0,3.1,4.1,0.5,2.8,-3.9,4.0,1.3,3.2,-6.7,3.5,-0.2,2.7,3.6,-5.2,-2.1,1.9,-4.9,2.2,1.9,-1.0,2.4,2.5,4.7,2.3,-0.2,4.1,-0.5,1.6,1.1,3.3,-1.6,-3.2,-0.3,1.2,2.6,3.8,4.6,2.8,4.4,3.2,1.6,3.5,5.7,3.2,4.4,-2.4,-1.0,3.2,1.9,2.4,3.0,3.2,2.7,1.1,1.9,-1.8,1.3,1.4,1.2,0.8,1.4,4.1,4.3,-1.0,-1.6,1.2,-1.7,2.4,2.4,-2.7,3.1,2.4,1.8,2.5,3.6,2.3,3.0,2.7,4.3,3.7,3.0,3.3,4.0,4.2,4.5,5.0,2.9,3.0,3.3,3.1,1.9,1.8,4.0,2.4,1.5,-1.4,6.8,5.9,2.2,3.6,4.6,4.2,5.2,4.4,3.9,5.0,2.8,4.4,3.7,4.5,3.7,2.8,3.3,2.3,-3.5,-0.4,0.4,-0.5,2.8,-1.6,0.7,-1.4,1.8,1.6,3.5,-3.8,3.4,1.5,-0.0,2.9,3.8,0.8,3.1,2.5,4.2,2.6,2.9,5.4,3.7,-2.3,0.1,0.0,1.0,1.0,1.0,2.2,1.1,2.0,1.2,0.6,-0.5,0.3,1.2,0.6,1.5,0.3,0.2,2.1,1.4,0.4,2.5,1.6,0.6,0.3,0.6,2.3,-0.6,0.0,3.0,2.4,1.7,-0.8,-3.1,-1.2,0.5,-1.7,-0.7,1.8,1.9,0.7,1.6,-0.4,1.1,1.1,2.2,-1.0,2.5,3.1,0.4,-0.3,0.8,0.9,-2.5,1.3,1.1,2.2,1.8,0.6,1.7,1.0,-0.1,1.0,0.0,0.1,-3.4,-0.6,-0.2
2C7L50yFdS,0,48.099673,11.632123,4442613.05,2777577.88,527.6,573.3,219,7402,4.5,0.61,0.51,32.67,348.96,-0.53,-0.103,0.842,0.3,0.2,0.22,0.34,1.7,0.3,-0.3,1.7,0.4,-7.5,0.0,2.9,-0.6,-0.8,-4.2,-3.1,2.7,0.3,1.5,-8.3,2.7,-0.4,0.7,1.8,0.6,1.2,12.9,1.3,3.0,1.8,2.9,1.1,5.0,1.8,1.8,4.2,1.9,6.5,2.9,0.9,5.6,-1.3,5.1,4.4,-1.9,3.7,0.2,0.9,2.2,0.4,3.0,-1.5,3.8,-2.2,-3.0,3.5,-0.8,2.8,-2.3,0.1,-0.7,-0.6,3.6,-0.5,1.0,-2.0,0.6,3.2,1.8,2.8,-0.8,5.1,0.5,0.6,-8.0,-1.1,-1.0,-1.0,0.5,-1.6,-3.6,-3.0,-8.7,-4.7,-4.7,-11.6,0.8,2.4,0.4,1.1,-1.6,1.8,12.7,8.2,-5.0,9.9,-5.4,-10.9,9.1,-0.3,2.5,-1.4,6.1,1.0,3.4,4.9,-1.9,-3.3,6.8,2.3,3.6,0.1,5.4,-0.0,-7.9,-2.0,-4.2,2.7,-1.3,-1.3,0.1,-1.0,-0.5,0.2,1.9,6.0,0.4,1.0,-0.0,2.2,-1.6,-1.6,0.6,-3.2,-4.7,9.2,10.0,-1.5,-4.1,3.6,-2.9,9.7,11.3,2.4,15.7,5.6,7.5,-0.3,4.7,-0.2,-4.8,1.1,-2.5,-4.2,3.1,4.7,4.3,-3.5,-1.3,-0.6,0.8,5.6,2.1,0.7,1.3,1.9,2.5,5.8,9.5,2.7,6.4,-7.7,15.5,-3.4,-2.0,2.5,-1.9,-3.0,2.9,0.6,-2.0,10.6,-5.0,-1.3,2.3,-12.1,-0.4,2.3,0.7,-0.1,0.9,-1.6,5.3,7.8,14.3,-5.7,-1.9,3.5,-2.6,0.9,-4.4,0.4,-0.6,2.6,11.7,2.4,9.4,5.6,1.4,14.9,10.0,2.1,-5.7,-7.7,0.5
2C7L50yFdj,0,48.09983,11.633345,4442703.75,2777597.31,541.2,586.9,219,7419,2.9,0.77,0.43,32.67,348.96,-0.53,-0.103,0.842,0.2,0.2,-0.76,0.24,1.2,0.2,-0.3,-2.8,-3.5,-3.1,-1.3,-1.6,-0.2,-3.7,-1.7,-3.6,-5.2,-2.2,-1.7,-0.1,-2.6,-2.1,-2.2,-2.6,-1.0,-1.9,-0.2,-5.1,-0.5,-4.3,0.1,0.5,3.5,-4.9,9.8,-6.8,-2.1,-2.9,-5.7,-4.0,-3.8,-4.6,-2.5,-1.3,2.9,-2.0,-2.8,-5.4,-7.6,-3.2,-2.2,-3.6,-5.0,-9.2,-0.3,-2.1,-5.0,1.1,0.3,-1.4,-2.4,-4.5,-6.7,-6.5,-0.1,-2.9,-0.0,-5.8,-2.3,-0.3,-4.4,3.0,2.2,6.0,-6.6,-7.2,-1.7,-2.2,-2.3,-3.7,-3.1,-3.4,-0.9,-2.0,-2.3,-1.2,-1.1,-2.7,-4.2,-2.2,-10.0,-3.8,-0.9,-2.7,-2.8,-3.0,-1.8,-2.4,-5.3,-4.8,-5.0,-4.4,-7.4,-5.1,-4.4,-3.5,-2.3,-4.0,-2.5,-0.9,1.7,-2.4,-2.2,-1.8,-2.6,-1.3,-1.6,0.5,0.6,0.3,-1.1,-1.7,4.0,-1.9,2.6,10.6,-0.3,-4.2,-1.0,-5.7,-4.3,-2.5,-1.5,-2.8,-1.9,-5.8,-7.2,-5.6,0.0,-2.2,-1.1,-3.7,-4.9,-2.9,-1.2,1.4,2.7,0.3,-3.7,-4.0,-0.8,1.8,1.1,0.6,5.4,2.5,1.8,0.8,0.6,5.1,2.1,-1.6,-0.5,-1.5,-2.2,0.6,-2.4,-4.2,-3.3,-0.8,-7.7,-0.6,-0.0,4.0,-0.9,0.1,-6.3,2.6,-1.5,0.8,-0.8,2.5,6.3,7.0,4.5,-0.7,4.1,3.7,2.2,1.3,2.4,2.7,-5.7,-5.6,-1.9,-4.4,-4.8,-6.2,-3.7,-1.6,-1.2,-3.1,-6.5,-3.5,-2.6,0.3,-3.8,-4.9,-6.3,-7.0,-3.5,-11.2,-10.2,-7.1,-0.7
2C7L50yFeM,0,48.100116,11.635577,4442869.34,2777632.83,541.5,587.2,219,7458,4.1,0.67,0.44,32.68,348.96,-0.53,-0.103,0.842,-0.7,0.2,-0.44,0.31,0.2,0.3,-0.3,-4.7,-2.6,-3.4,-6.3,0.1,5.2,-8.1,-2.0,8.0,0.6,3.1,-2.7,2.5,4.1,0.8,4.5,5.2,0.0,13.7,-3.2,1.6,-3.0,0.5,-0.2,1.1,-1.2,3.7,-3.5,3.5,-3.9,5.9,-4.5,-2.8,-4.7,-0.8,1.5,6.9,-3.0,0.3,1.3,1.7,5.2,2.9,0.3,2.5,6.2,4.5,0.1,1.5,-2.9,2.2,1.1,1.8,-4.2,2.2,1.8,-1.8,0.0,1.4,0.8,1.4,0.2,2.8,1.5,3.1,-1.3,0.6,3.6,-1.9,-1.7,-0.5,-1.1,-0.9,3.3,0.9,1.2,-3.6,0.6,0.2,0.8,3.6,0.5,0.9,0.8,2.5,-3.7,1.5,1.2,0.0,-0.6,-3.1,0.1,-6.6,6.6,6.3,3.4,3.8,1.5,6.0,3.5,-2.6,9.9,-10.6,9.3,6.9,1.7,-11.8,13.1,-6.3,-2.7,-0.3,-1.2,0.2,-0.0,2.7,0.2,2.0,0.1,-2.3,1.7,2.2,1.2,2.7,5.1,3.4,5.8,1.3,-0.9,-4.9,-4.8,4.6,-3.9,-1.7,0.7,0.5,1.0,-5.5,-6.2,1.3,-3.1,5.8,-14.8,-6.1,-9.0,6.0,3.5,0.8,4.5,0.5,-0.8,4.3,-8.0,-2.1,-1.0,3.5,-0.7,-3.5,-4.3,3.2,-4.4,-3.4,-6.9,1.2,-3.7,-8.9,5.5,-1.3,-4.1,4.5,3.9,0.8,-3.2,-5.7,-5.7,-1.2,-3.4,4.7,-2.6,2.0,-3.2,-2.2,-1.0,2.7,-1.0,0.3,-1.4,-1.6,0.8,0.1,1.2,1.5,-4.3,0.0,-5.1,-2.9,-5.1,-1.7,-10.2,0.3,0.4,-4.9,7.7,-0.9,3.4,-3.6,-5.1,-8.1,-12.3
2C7L50yFem,0,48.100311,11.637094,4442981.87,2777656.96,543.3,589.0,219,7484,4.0,0.6,0.67,32.69,348.96,-0.53,-0.103,0.842,2.6,0.2,1.42,0.34,1.1,0.3,-0.3,3.3,2.7,4.5,3.9,4.0,1.4,4.3,4.8,4.2,-2.8,3.7,3.4,4.5,4.1,5.4,5.5,4.3,5.4,2.9,3.1,3.2,4.5,3.3,4.9,4.0,5.2,1.6,1.7,1.3,1.2,0.8,4.4,3.0,7.4,-2.8,6.3,8.3,6.1,6.2,1.5,3.6,2.7,8.5,8.1,14.0,9.2,0.3,0.5,7.4,-0.7,9.6,0.2,-3.1,-4.6,-2.4,7.1,-3.5,4.6,2.0,5.8,9.0,4.9,8.2,5.7,12.1,2.3,5.6,1.0,8.5,9.7,3.7,10.1,4.7,8.8,9.1,8.2,6.7,9.2,7.3,9.5,5.9,9.5,-6.3,6.2,13.6,11.5,10.0,9.1,7.5,8.3,6.4,3.5,8.8,6.0,17.0,11.2,7.4,11.7,7.2,-0.5,9.9,8.2,9.0,9.1,9.8,9.6,7.6,8.2,4.6,11.0,7.8,6.9,6.7,5.5,7.7,1.1,8.6,5.6,5.2,4.9,8.5,3.1,6.4,6.5,9.3,6.5,19.4,4.1,11.9,7.9,12.4,7.2,9.3,6.2,8.4,5.9,5.1,13.1,10.0,9.7,-5.0,0.9,3.0,3.2,2.0,6.6,6.2,8.0,8.6,8.7,9.2,15.6,5.5,5.0,6.5,11.2,9.1,9.2,9.5,10.5,-1.5,-3.2,7.4,9.4,21.5,3.8,12.1,-1.3,7.5,10.5,9.6,5.3,16.0,14.1,15.9,8.1,5.0,7.8,5.0,5.2,8.3,6.3,7.7,5.6,10.5,21.1,20.6,19.7,19.1,13.8,14.1,18.4,17.2,14.9,16.9,16.6,21.5,24.3,22.1,22.8,20.6,21.0,22.6,22.4,24.0,19.8,21.3,16.3
2C7L50yFez,0,48.100377,11.637608,4443019.96,2777665.15,532.6,578.3,219,7497,3.6,0.77,0.44,32.69,348.96,-0.53,-0.103,0.842,-0.8,0.2,0.43,0.28,0.9,0.2,-0.3,12.7,-2.2,0.8,0.7,-1.5,-5.9,1.5,-3.9,-2.7,11.2,-1.2,10.7,-2.8,0.2,-1.9,-1.8,-3.5,-0.1,0.3,-3.4,-5.1,0.4,-2.4,12.3,-2.8,-2.7,0.3,-5.1,-4.9,-5.6,-0.6,-7.1,-7.5,-4.1,-4.4,-2.4,-3.2,-1.3,-1.5,-1.1,-0.1,-5.2,-3.3,-3.2,-4.1,-2.8,-1.6,-4.9,-2.7,-6.9,-2.2,-3.1,-1.9,-3.4,-1.4,-4.5,-6.0,-0.5,-1.4,-3.3,-3.0,-3.0,1.8,-4.7,3.7,5.9,-3.4,-4.3,-4.9,-3.6,-7.2,-5.5,-7.5,-4.7,-6.2,-3.8,14.4,-0.5,-3.9,1.5,-1.4,-2.8,-0.8,-2.8,2.3,-2.8,2.8,-4.4,0.0,-5.0,-4.6,-4.5,-6.1,-2.5,-6.2,1.5,-4.9,-1.1,-2.1,-1.0,-3.6,-2.9,-3.2,-7.7,-5.8,-5.6,-7.1,-4.1,-4.2,-5.8,-4.1,-7.4,-6.1,-5.2,-6.6,-3.2,-3.9,-6.9,-5.9,-6.8,11.0,-1.0,-4.3,-5.8,-4.0,-6.8,-6.5,-1.3,-5.1,-5.5,-1.3,-5.7,2.3,-1.5,-3.0,-3.5,-8.7,-5.3,2.4,-1.2,2.9,-9.5,-3.9,-5.0,-4.9,-9.0,-13.8,-5.4,-7.5,-5.6,-9.2,-5.1,-2.9,-4.2,-4.8,-5.8,-3.1,1.1,-3.5,-2.1,-4.7,-3.3,-4.2,-2.6,-7.5,-2.0,-2.1,-7.4,-0.2,-4.4,-2.7,-2.8,-4.8,-6.0,-5.1,-6.6,-4.3,-6.3,10.1,-4.4,-2.5,-4.9,-2.2,-5.5,-6.0,-3.0,-1.8,-2.9,0.9,-6.9,-5.4,-5.5,-6.4,-3.5,-6.8,-8.7,-9.9,-6.1,-6.3,-6.9,-1.4,-12.4,-5.6,-7.2,-5.7,-2.0,-5.6,-5.3
2C7L50yFfF,0,48.100546,11.638924,4443117.6,2777686.06,551.4,597.1,219,7513,2.2,0.86,0.33,32.69,348.96,-0.53,-0.103,0.842,-0.7,0.1,-0.1,0.16,1.6,0.1,-0.3,2.5,-2.5,-2.7,-2.6,0.5,-2.7,-2.8,0.5,-0.6,0.8,-0.4,1.4,-0.9,-2.0,-0.9,-1.6,0.6,-0.7,-2.5,-7.3,-4.3,-0.7,-2.8,-2.2,-1.0,-3.4,-1.7,-3.4,-1.6,-5.3,2.4,-8.5,-6.2,-6.8,-3.8,-1.0,-3.9,-0.9,-3.1,-2.6,-1.7,-0.3,-6.7,-3.3,-0.8,-2.3,0.5,-1.5,-0.4,-0.8,-2.8,-0.8,0.2,-0.7,-5.0,-3.4,-1.0,0.1,-1.3,-1.8,-1.9,-1.5,-0.1,0.3,1.3,2.4,1.0,1.0,-1.0,-0.6,2.0,-1.0,-1.9,-1.1,-1.0,1.2,-0.4,-1.7,-5.6,2.6,-0.3,-0.2,-3.0,-1.9,-0.0,-6.7,-5.6,-5.0,-2.2,-5.6,-6.7,-7.4,-4.3,-5.8,-5.1,-3.8,-2.5,-1.7,-3.2,-3.4,-4.1,-4.3,-1.3,-2.5,-2.0,-3.7,-2.5,-3.5,-2.7,-3.4,-3.0,-2.8,-3.8,-3.7,-3.7,-6.0,-4.1,-6.2,-1.7,-3.8,-3.5,-3.8,-1.3,-2.6,-6.4,-4.9,-0.9,-4.0,-6.2,-5.0,-3.9,-6.7,-1.1,-5.3,-10.2,-7.1,-5.0,-3.7,-4.0,-0.7,-11.2,-4.5,-3.1,-1.1,2.5,-1.8,0.8,-3.6,-3.9,-0.2,2.2,-1.2,-0.6,-2.7,-3.2,0.9,-3.0,-0.1,-5.6,-4.5,-7.7,-2.7,-5.8,-9.7,-7.3,-6.0,-3.7,-8.5,-2.9,-3.6,-1.2,-2.6,-4.9,-2.5,-4.8,-2.2,-1.3,-2.5,-4.1,-4.7,-1.0,-2.3,-1.0,-1.2,-3.5,-1.8,-3.8,-7.0,-9.1,-8.5,-5.7,-3.9,-9.5,-6.6,-8.2,-7.0,-4.6,-5.3,-5.1,-3.4,-7.7,-7.8,-4.9,-3.6,-3.5,-4.5,-7.0,-5.4
2C7L50yWfx,0,48.099483,11.630496,4442492.3,2777554.02,539.7,585.4,220,7369,3.8,0.74,0.47,32.66,348.96,-0.53,-0.103,0.842,-0.6,0.2,0.17,0.29,0.8,0.2,-0.3,0.3,1.5,2.3,-0.6,-0.4,-7.4,-0.4,4.3,3.8,-0.9,0.9,-1.9,1.3,1.1,3.2,1.8,-0.2,-0.3,1.4,2.4,-5.2,-4.2,-8.4,1.3,-3.6,-1.0,-5.9,-3.8,-6.1,-2.4,-8.0,-15.2,1.6,-1.6,-1.7,-0.7,-0.8,-5.4,-1.5,-5.0,-5.5,-2.5,9.9,6.7,13.3,11.1,11.7,-11.2,8.7,12.6,-13.4,-3.5,-6.5,6.2,7.8,7.7,1.2,-5.8,-6.8,-5.0,-2.6,2.1,-7.3,-0.7,-1.0,-8.0,-4.7,-4.0,-3.4,-2.8,-3.4,-4.0,-4.7,-5.7,-5.7,-4.1,-1.7,-1.8,-2.1,2.8,0.0,-0.9,-0.9,-0.9,1.5,-3.3,1.7,1.4,3.0,-0.3,-1.3,-4.1,-5.6,-2.0,0.8,0.8,-2.4,1.2,1.5,0.4,-1.0,-1.2,3.9,1.6,3.0,-1.6,0.4,-5.2,-2.5,-1.1,-0.6,-2.0,-1.4,0.6,-0.6,-0.6,-3.2,-5.3,-3.4,-2.8,-3.6,-3.4,-1.0,-1.8,-0.6,2.2,-3.9,-2.9,-5.8,-5.0,-1.6,-5.3,-2.3,-1.9,-5.6,-2.9,-0.5,-0.9,-0.3,-0.7,-2.8,-3.8,-2.8,-1.8,-0.8,-2.5,0.7,-3.5,-2.7,-2.6,-3.7,-3.7,-2.8,-1.5,2.5,-2.6,-3.0,-2.3,-1.3,-1.6,-0.2,-1.2,3.7,-3.9,-2.0,-0.7,0.3,-5.6,-6.9,-2.4,-6.3,-3.2,-9.3,-4.2,-5.0,-3.7,-5.0,-3.9,-0.4,-2.2,-2.0,-1.3,-3.5,-4.1,-2.8,-0.0,-2.4,-1.1,-5.1,-4.3,-2.2,-5.9,-6.2,-7.8,1.6,-4.0,0.2,0.8,-2.4,-1.4,-1.1,-2.3,-1.8,-1.8,-2.0,-3.3,-5.8,-2.5
2C7L50yWfz,0,48.09951,11.630707,4442507.94,2777557.37,545.4,591.1,220,7371,4.0,0.69,0.42,32.66,348.96,-0.53,-0.103,0.842,0.1,0.2,0.24,0.3,1.6,0.3,-0.3,-1.5,6.3,0.5,-1.2,3.0,-2.0,-0.4,0.6,-0.2,-7.1,-0.5,7.6,8.9,9.7,0.2,5.1,1.7,2.1,1.8,2.2,2.4,3.1,-0.6,4.2,3.9,6.8,-0.1,4.2,-2.1,-2.1,3.8,0.1,-6.0,0.3,0.5,1.6,7.3,3.0,6.1,2.9,-0.7,17.9,1.0,0.3,3.2,5.6,3.7,2.1,1.4,0.6,3.2,-1.6,-1.1,1.7,1.2,3.7,4.5,4.0,0.9,2.2,2.3,-0.6,5.1,3.3,0.4,3.3,-0.2,3.4,0.4,-5.3,0.7,12.1,1.3,-2.0,-3.7,-3.8,-0.6,-10.2,-8.7,7.2,4.4,5.3,3.2,7.8,4.2,1.1,2.0,0.8,6.1,1.1,3.5,5.4,1.5,3.9,1.7,2.4,0.5,5.6,5.6,7.4,3.5,5.0,7.3,7.8,6.9,6.7,9.0,2.0,6.7,4.2,4.0,3.4,1.1,1.3,1.4,-0.2,0.8,-0.3,-0.2,0.5,3.1,1.6,0.0,1.0,0.9,4.3,1.5,0.8,10.8,3.6,3.4,3.8,5.0,2.4,7.4,5.9,5.7,-0.2,6.4,3.8,1.1,-0.1,-1.3,-6.5,-0.9,-2.3,-1.8,-4.3,-2.5,-5.2,3.5,2.2,-2.8,-11.6,-4.4,-1.6,6.0,10.2,6.6,3.1,7.8,3.9,4.0,-2.6,-1.8,-0.5,4.0,-0.2,2.2,5.2,4.1,1.8,-1.1,-2.3,-1.3,0.0,4.3,0.7,-4.8,0.4,0.9,2.2,3.5,6.2,0.4,4.0,4.9,2.3,4.5,3.3,16.4,9.3,6.5,1.4,-5.1,18.3,-6.8,2.0,4.5,5.7,7.1,0.2,-0.7,5.8,2.3,1.4,2.5,0.8
2C7L50yWg0,0,48.099512,11.630727,4442509.47,2777557.7,543.3,589.0,220,7372,3.4,0.76,0.43,32.66,348.96,-0.53,-0.103,0.842,0.2,0.2,0.27,0.26,0.7,0.2,-0.3,-2.9,0.1,1.9,-0.2,-0.3,-0.9,0.1,1.0,2.0,11.1,2.0,2.1,2.8,0.3,-0.0,2.6,2.1,0.9,-1.0,3.9,0.1,0.7,-1.1,-0.5,2.6,2.8,1.1,4.7,-2.9,-4.6,0.7,-3.6,-2.1,1.3,1.9,-0.2,3.5,3.5,0.4,3.4,-2.0,-5.5,0.7,-3.3,1.6,1.9,0.3,-0.1,-1.6,1.7,0.6,2.3,-0.6,2.3,-0.1,4.8,-2.7,-1.1,-2.6,-0.0,-1.3,0.5,0.9,0.1,1.1,3.6,0.3,3.6,-1.2,-2.9,-3.6,4.3,4.3,-3.2,3.9,2.0,-1.2,-3.9,1.0,6.2,0.1,-10.4,0.5,-0.2,3.4,-5.1,1.2,-1.5,-0.4,2.3,3.1,13.5,-5.8,3.5,0.9,7.2,2.6,3.4,3.5,-1.1,1.5,3.7,4.5,6.2,8.3,2.8,8.4,1.6,5.6,-0.0,6.0,2.0,2.3,0.4,0.2,-0.4,-1.3,-0.3,-1.2,-0.2,0.7,0.2,-0.7,0.0,1.9,1.0,-0.7,0.8,-3.9,1.2,-3.0,3.1,4.1,5.5,-4.5,-0.6,3.9,2.5,5.1,4.3,1.0,2.7,-1.2,-4.3,1.2,-1.6,0.6,0.3,-1.3,1.4,3.8,0.5,-0.6,-1.8,-1.1,-7.3,1.0,13.0,5.7,1.6,1.1,4.0,3.4,-1.1,-1.7,7.6,4.9,-2.1,-3.5,1.6,0.4,0.6,-1.4,-0.4,-2.9,-4.9,3.4,-1.4,-1.2,-2.0,-0.8,1.3,0.3,6.4,0.9,0.1,2.2,2.3,2.1,-0.5,-1.9,3.3,2.4,-4.1,0.3,7.6,-6.5,10.8,9.8,12.6,9.9,3.0,-3.1,4.7,2.1,1.4,1.1,2.5
2C7L50yWg2,0,48.099517,11.630764,4442512.18,2777558.29,540.5,586.2,220,7374,2.3,0.87,0.44,32.66,348.96,-0.53,-0.103,0.842,0.0,0.1,-0.38,0.18,0.7,0.2,-0.3,-0.3,0.4,-1.2,0.6,0.6,-1.5,-1.3,-0.3,-3.0,0.3,0.9,-0.6,-0.4,1.4,-3.0,1.2,-4.3,1.1,-0.9,4.3,-1.2,0.0,-2.0,3.3,2.0,2.9,-3.4,-1.4,1.4,2.0,-0.8,-5.4,-3.4,2.0,-4.3,-2.4,-2.6,-0.1,1.0,1.2,2.4,-0.0,0.2,2.6,2.1,2.3,-3.2,-0.1,2.1,0.7,3.4,2.5,0.3,1.3,1.7,1.6,0.1,2.0,-1.0,0.2,0.9,1.2,3.7,0.5,6.6,-0.3,0.5,1.8,-0.8,0.7,0.2,-0.8,-1.3,0.9,1.0,1.0,-0.4,-0.8,-1.6,-1.4,-0.5,-6.4,2.1,1.4,6.9,-2.6,-0.6,-3.1,7.4,2.7,-0.8,-1.5,-2.9,-1.0,-1.2,-5.0,3.1,-2.8,-2.0,-1.9,4.8,3.1,13.8,4.7,2.4,1.5,-0.0,3.5,0.8,0.4,2.9,-0.5,1.7,2.8,1.8,1.4,-2.5,1.9,3.0,0.6,-0.3,0.8,-0.2,2.3,3.2,1.5,-5.6,1.4,-2.3,-0.3,0.6,1.2,2.5,1.2,-5.4,0.6,-2.6,0.6,0.8,3.8,0.8,1.4,-0.5,-2.0,-0.5,0.6,-1.4,0.9,0.4,3.3,3.0,3.9,2.8,3.3,2.1,3.9,2.3,1.9,0.6,-1.4,1.9,0.8,-0.4,-0.7,-3.0,1.3,2.1,-2.9,-2.1,-2.2,0.8,-2.0,-1.5,-1.1,0.8,2.4,0.4,1.6,0.8,3.0,0.8,-1.8,-0.2,0.3,1.4,-1.5,-0.9,0.5,-0.2,-2.5,-0.4,-3.4,-1.1,-2.9,0.7,0.7,1.6,0.7,0.2,1.7,1.9,1.3,1.4,2.9,0.8,-1.5,-1.3,-0.1
2C7L50yWgD,0,48.099596,11.631382,4442558.04,2777568.12,539.5,585.2,220,7385,3.6,0.74,0.49,32.66,348.96,-0.53,-0.103,0.842,-0.9,0.2,-0.45,0.28,0.9,0.2,-0.3,-2.8,-1.4,-1.1,-2.7,-4.1,15.0,-1.8,-1.7,-1.2,13.9,0.2,-1.1,1.4,0.6,1.8,2.8,2.8,3.4,2.3,3.3,1.1,2.7,-1.1,2.7,4.1,4.6,2.1,-4.3,-2.4,-0.6,4.4,-2.3,-2.7,-2.1,0.7,1.4,1.6,0.7,3.6,0.9,0.8,14.2,1.8,3.5,1.2,1.0,10.3,-2.1,-0.5,-0.1,0.1,0.5,0.3,2.6,0.2,2.1,6.1,1.3,0.6,-2.1,-2.1,-0.6,-8.5,2.5,5.7,9.1,3.0,1.4,1.8,2.1,7.5,2.7,7.1,3.4,2.8,3.2,2.9,2.7,1.9,3.8,3.5,1.3,0.8,0.8,3.1,0.4,3.8,1.3,1.4,1.7,2.8,-0.5,0.0,3.4,0.8,-0.3,1.7,2.4,2.5,-0.1,0.5,2.6,3.9,3.6,3.4,1.9,2.5,-0.3,1.9,0.7,1.6,2.1,2.0,4.6,0.0,1.8,-12.8,1.2,-7.7,-0.5,10.1,-1.8,-9.5,-3.3,1.1,4.0,0.7,2.1,1.8,1.0,2.4,2.8,-0.8,1.0,-1.0,0.9,3.0,3.0,2.3,9.3,0.6,-1.8,-3.4,-3.0,-1.4,-1.0,-6.9,-3.1,-1.6,1.4,9.5,-2.3,-4.3,1.5,-1.0,-0.7,-0.4,-2.9,0.1,-0.3,-0.2,0.7,1.5,-2.3,-2.1,-4.6,-3.5,-2.4,-3.5,-0.3,0.1,-1.8,-8.3,-4.0,9.4,-11.2,-11.1,-8.9,8.3,3.9,1.0,0.8,1.0,-1.1,-2.1,-0.0,-1.0,0.1,3.9,-0.7,-1.7,-3.5,2.4,0.1,-2.1,-1.2,0.9,-2.0,-5.9,-2.5,-2.6,-6.1,-4.4,-2.8,-4.5,-3.9,-2.9,-2.1
2C7L50yWgL,0,48.099661,11.631884,4442595.26,2777576.11,541.1,586.8,220,7393,3.9,0.7,0.45,32.66,348.96,-0.53,-0.103,0.842,-0.5,0.2,0.04,0.3,1.3,0.3,-0.3,-5.5,3.0,-4.2,3.0,-2.6,2.9,1.3,1.7,0.2,4.9,3.6,2.7,0.7,1.1,1.7,2.9,0.2,-5.6,-1.4,5.2,-7.9,4.0,3.4,-1.0,-4.1,-3.0,5.1,2.8,3.4,-12.3,3.7,4.1,-6.2,-4.2,-2.3,-11.8,-1.4,5.2,2.3,5.3,-2.9,-0.4,1.4,7.5,5.2,-0.1,-3.2,5.5,-5.3,0.4,2.5,-12.0,-1.7,-1.8,1.9,1.7,1.2,2.0,1.0,3.4,2.2,-4.4,-0.2,4.2,-0.7,-1.0,1.9,0.8,-0.3,0.9,0.8,2.9,1.4,-0.2,1.2,0.9,-0.2,1.5,1.3,-0.4,-0.1,-1.3,2.4,-1.0,-1.5,3.5,1.7,-0.1,-0.8,-1.9,-0.4,3.5,-0.5,3.7,0.5,-0.2,0.0,1.3,1.7,0.9,-2.2,0.4,1.8,0.8,1.7,2.6,0.6,4.1,3.9,-0.7,-0.4,-1.2,-4.8,-3.6,-0.9,-1.1,-3.0,-1.5,1.9,2.3,1.2,1.7,2.8,-0.6,1.9,2.4,1.4,-1.3,-2.7,-3.5,0.8,-5.2,-0.9,-2.2,-4.9,-1.4,-6.1,1.7,-0.5,4.1,-1.6,-0.3,-0.4,-7.6,-5.8,-6.4,0.2,3.7,1.6,-4.0,-2.0,0.5,10.4,-4.3,0.4,-3.2,-0.0,-0.4,3.4,2.9,-4.5,-1.4,-5.7,-2.3,-14.2,-4.5,-13.8,-13.4,-0.7,-1.3,-1.2,-8.0,-1.3,-1.9,-2.4,-2.6,1.2,1.1,-1.7,5.6,8.0,-12.6,10.9,1.7,-2.8,-8.4,2.3,-5.4,-1.4,-8.2,-11.7,-7.7,-2.9,-6.2,-6.9,-2.8,6.5,3.1,1.2,-3.3,1.1,1.1,0.9,-1.5,0.4,1.8,6.5,-2.7
2C7L50yWgR,0,48.099716,11.632315,4442627.22,2777582.95,545.4,591.1,220,7399,2.3,0.89,0.31,32.66,348.96,-0.53,-0.103,0.842,-0.4,0.1,-0.06,0.17,0.6,0.1,-0.3,0.2,5.9,1.6,-1.5,1.5,-7.3,2.3,1.1,1.5,15.3,1.5,-5.7,1.2,-2.8,0.4,2.2,1.4,1.8,0.8,0.9,-3.3,1.4,0.8,3.0,-0.2,1.2,2.0,-4.0,1.6,-0.1,-2.2,-2.3,-4.1,-1.6,0.0,-0.2,3.1,2.1,0.3,2.4,2.3,0.0,2.0,2.9,2.2,1.0,-7.6,-0.4,1.1,0.3,0.8,1.4,0.5,-0.4,-0.5,0.2,-2.1,0.1,0.5,0.1,-3.2,-0.0,2.5,0.3,-6.0,-7.7,0.3,-0.6,-0.0,-0.0,-2.4,0.3,0.0,0.7,1.4,2.1,1.1,1.9,1.2,1.4,-0.8,0.6,0.8,1.8,1.7,2.1,2.1,0.3,1.4,1.3,1.2,1.8,-0.8,1.9,0.4,-0.9,-2.2,3.2,2.2,0.0,1.6,2.1,1.8,2.0,2.0,0.4,1.4,-0.4,0.7,0.2,0.4,-0.2,-0.1,0.2,-0.0,-2.9,-0.1,-0.9,-0.5,-0.4,-0.6,-1.3,-1.2,-0.2,0.7,2.4,-5.0,2.1,1.1,-1.3,1.6,0.5,-0.3,0.6,-0.7,1.3,-0.2,0.5,3.2,2.3,-7.4,-1.3,-1.3,-0.5,-0.0,0.6,-0.7,-0.7,0.7,0.0,-0.9,-2.4,-0.4,-0.7,-0.9,-1.0,-1.0,-0.3,0.3,-0.8,-1.1,0.2,0.6,-0.6,-1.5,-1.0,0.9,-2.9,-1.0,1.1,0.9,-1.5,-2.2,-8.6,-9.4,-0.5,-2.9,-3.6,0.5,-1.1,-0.6,-1.0,-1.2,-0.4,-0.3,0.4,-1.1,0.6,0.2,-0.6,-2.0,-1.2,-0.3,-3.9,0.1,-0.6,0.8,-0.4,0.1,-0.1,-0.4,-2.1,-1.6,-1.4,-1.2,-3.4,-2.5,-2.0
2C7L50yWgd,0,48.099797,11.632948,4442674.24,2777593.04,543.3,589.0,220,7411,1.7,0.92,0.29,32.67,348.96,-0.53,-0.103,0.842,-0.3,0.1,-0.34,0.13,0.5,0.1,-0.3,-1.8,-1.1,0.7,-0.1,0.1,-2.0,-0.8,-0.0,-0.4,-0.3,-0.6,-1.7,-1.3,1.2,-1.6,0.0,-0.8,0.0,-2.2,-0.7,-1.3,-3.6,-1.0,0.6,1.7,2.2,1.8,2.5,0.6,-0.3,3.9,-4.2,-3.4,-0.8,-3.2,1.7,5.3,1.5,2.9,2.2,1.0,0.0,1.0,6.8,0.4,-0.3,-0.1,-0.2,-0.8,-0.0,1.0,1.0,-0.3,1.7,-1.6,-1.1,-0.4,0.5,-2.1,-0.4,-0.4,-1.5,0.4,-1.4,0.7,-1.4,-1.2,-0.8,-1.4,-1.8,-0.5,-1.2,-0.2,-1.5,1.7,-0.8,-0.6,-0.8,0.5,-0.4,-0.9,-1.8,0.4,-0.2,1.1,0.0,2.0,-0.9,-0.8,-0.9,0.3,-0.5,-1.6,0.4,-1.5,-3.6,1.8,1.7,0.2,-0.9,1.0,-0.1,0.1,3.3,0.7,0.7,1.3,-1.5,1.2,-0.5,0.2,-1.0,0.7,0.3,0.3,0.5,-0.9,0.3,1.8,-0.0,-2.0,-0.3,-0.7,-0.9,-0.2,0.9,-1.7,-0.3,-0.2,-4.1,0.1,0.2,2.0,-2.1,-0.8,0.7,1.3,2.3,3.7,2.0,-1.3,-1.2,-1.4,1.4,1.3,1.5,0.9,1.6,3.1,2.1,-1.2,-1.3,0.5,1.8,-0.9,-1.1,-1.0,-2.9,0.4,2.2,-1.0,0.7,-0.8,-1.0,0.4,0.0,0.6,-2.3,-1.8,0.0,0.1,-1.8,-1.4,-2.5,-1.6,-0.2,0.0,0.5,-3.8,1.2,0.9,-1.0,-1.3,-0.1,0.8,-0.2,-1.1,-2.3,-1.6,-3.4,-3.9,-3.4,3.5,-9.5,-4.3,-5.0,-4.7,-3.8,-1.1,-2.8,-1.7,0.4,-1.6,0.2,0.6,2.2,1.1,-0.5
2C7L50yWiD,0,48.100544,11.638768,4443106.03,2777685.64,557.0,602.7,220,7509,2.0,0.9,0.35,32.69,348.96,-0.53,-0.103,0.842,0.5,0.1,-0.3,0.15,0.4,0.1,-0.3,0.6,0.0,1.3,-1.4,1.0,2.6,-0.4,1.1,2.2,2.9,-1.5,4.3,1.9,-1.9,1.6,1.3,1.5,-0.9,-1.2,-3.4,-3.2,0.4,-0.2,0.8,1.8,2.8,2.0,0.2,-4.1,0.8,2.2,-3.3,-2.3,-0.7,0.2,4.1,-0.6,1.1,0.5,1.4,3.3,1.1,0.9,2.7,1.8,1.5,6.7,-0.0,0.7,2.2,1.8,3.9,2.8,2.2,1.8,0.8,2.9,1.8,3.1,2.8,1.2,2.9,3.0,3.8,2.0,2.0,3.1,5.2,3.0,2.1,4.5,1.5,2.5,2.6,3.3,4.3,3.2,3.6,2.3,0.4,3.9,2.1,0.5,2.2,3.2,0.4,4.2,4.3,4.8,3.0,0.3,1.6,1.3,2.0,2.4,2.5,3.1,5.3,4.1,4.9,2.7,2.9,3.6,5.9,5.1,3.1,4.2,3.7,1.7,3.0,1.3,1.8,2.2,3.1,1.5,-0.5,0.7,0.2,0.6,0.9,2.0,-0.9,-0.1,2.3,0.1,8.8,1.1,2.0,0.6,0.8,1.8,-0.2,6.7,4.3,1.7,5.6,7.0,5.0,5.7,8.6,1.9,2.7,3.4,1.7,1.2,1.6,1.1,2.3,1.2,2.1,3.3,0.9,2.6,1.1,2.3,4.0,1.7,2.5,4.8,1.1,1.3,2.2,2.8,0.7,-0.9,5.3,4.9,2.5,4.2,6.9,5.0,3.4,6.8,2.5,0.8,0.2,1.7,-1.3,10.2,4.3,3.2,4.6,3.5,1.2,-2.1,3.7,0.9,4.3,4.7,1.1,8.0,5.7,7.0,1.3,6.3,3.5,6.3,4.1,4.2,4.3,1.3,1.9,2.9,3.0,4.6,2.4,3.3,3.8
2C7L50yWiE,0,48.100549,11.638801,4443108.42,2777686.16,555.8,601.5,220,7510,4.7,0.66,0.5,32.69,348.96,-0.53,-0.103,0.842,-1.8,0.2,0.39,0.36,1.4,0.3,-0.3,-3.0,-3.8,-3.3,-3.3,-4.9,-1.2,-2.3,-0.9,-5.0,-2.1,-3.8,0.4,6.5,-5.5,3.8,-2.6,5.7,6.1,0.9,2.8,-8.0,-7.9,-6.0,1.9,5.7,3.5,-0.7,-5.8,-6.3,-1.5,-1.2,-4.2,-3.6,0.6,-1.0,4.9,2.9,1.9,-2.5,0.8,-1.2,-6.9,0.7,3.7,1.9,-2.5,-5.6,-2.8,-4.6,-4.8,-4.6,-1.1,-0.3,0.6,1.6,-1.3,-3.8,-1.0,0.2,-0.8,-2.6,-1.1,-3.6,-1.3,0.4,2.2,-2.8,-0.6,-0.7,-1.1,1.7,-0.4,-3.2,-1.6,-4.0,2.6,2.0,2.5,-4.5,-4.7,-14.0,2.8,-3.1,3.9,-0.8,2.4,-2.3,-19.5,-17.5,-1.4,-6.1,-3.9,-4.5,-17.4,-4.1,-3.1,-4.5,1.3,-0.2,3.2,-1.4,0.2,-1.3,3.6,3.6,2.2,-0.5,1.5,-1.5,-5.0,-5.1,-4.9,-1.3,-3.3,-2.9,-3.8,3.0,-4.1,-6.0,-4.0,-3.7,-4.9,-4.4,-4.9,-4.4,-20.4,-6.4,-6.6,-18.2,-12.3,-7.4,-7.6,-4.6,-10.5,-3.4,-16.8,-15.6,-4.7,-7.2,-2.3,1.8,-5.1,-7.7,-3.3,-8.3,-2.6,-6.6,-1.4,-3.6,-5.1,-3.9,-5.4,-4.3,-4.2,-2.9,-4.3,-4.8,-6.9,-4.2,-2.5,-26.0,-6.6,-2.9,-6.4,-10.4,-6.4,-9.5,-13.6,-12.6,-9.4,-6.2,-2.7,-6.8,-5.0,-3.3,-4.7,-4.8,-4.6,-13.7,-4.5,-3.0,-24.3,-15.0,-4.6,-7.9,-0.6,-4.6,-19.2,-13.7,-6.9,-7.4,-3.0,-13.2,-5.0,-23.8,-11.2,-9.4,-4.9,-6.2,-3.4,-5.7,-5.0,-10.6,-5.7,-2.3,-4.1,-5.2,-4.8
2C7L50yWfw,0,48.099512,11.630578,4442498.32,2777557.37,547.0,592.7,220,7368,4.5,0.66,0.48,32.66,348.96,-0.53,-0.103,0.842,1.1,0.2,-1.08,0.35,1.8,0.3,-0.3,-0.6,1.8,-1.3,2.6,-0.8,-2.6,0.8,-2.9,-3.0,10.9,0.7,5.0,-4.8,-2.3,-4.3,0.3,-2.0,-4.5,-2.4,-2.4,-5.9,-4.3,-2.2,-4.5,-4.1,-4.7,-4.9,1.5,-0.8,-9.4,-11.5,-9.8,-5.2,3.3,-2.7,-3.9,-1.9,0.5,-0.6,-4.3,13.2,10.9,-2.1,-6.0,0.5,-8.0,-0.2,0.3,-0.6,0.6,-0.8,2.4,1.1,2.6,-1.0,-5.5,-0.3,-1.4,-2.0,-1.4,-1.4,-1.7,-2.5,-1.6,0.2,0.2,0.9,0.1,-0.8,13.6,-1.8,-2.3,-2.3,-3.9,-1.5,-2.9,-2.6,-4.0,1.0,-9.3,-1.2,-2.5,-1.7,0.5,3.8,-5.0,16.4,-7.6,-1.1,-8.1,-3.8,1.3,-0.3,-3.5,-3.6,14.8,1.5,-4.9,-4.8,-3.9,-9.5,-6.5,-5.6,11.9,17.6,-2.6,2.5,-0.6,0.5,0.5,14.3,2.6,4.0,4.5,3.0,3.7,3.4,2.9,2.9,2.6,1.4,3.0,3.8,2.9,4.7,19.1,4.8,-1.8,-1.3,2.3,15.9,-0.7,4.6,2.2,0.8,-6.3,3.0,3.5,7.9,3.2,9.9,2.3,3.7,4.9,6.9,-0.0,10.6,1.7,3.9,3.4,7.1,0.7,3.1,0.1,1.9,5.4,6.3,3.3,7.6,3.3,-3.1,0.1,1.1,3.5,0.3,4.3,5.1,-2.7,3.9,0.6,8.8,0.8,17.3,3.6,3.1,3.5,2.1,2.8,9.2,3.5,4.2,4.7,-0.7,3.7,0.1,4.3,1.8,2.1,-1.0,-1.9,-1.6,1.8,0.2,-2.7,0.6,-0.6,-0.1,1.8,2.6,5.5,6.1,3.4,5.2,3.3,3.6,1.4,0.2,1.2
2C7L50yWgT,0,48.09974,11.632353,4442630.0,2777585.63,542.0,587.7,220,7401,1.4,0.95,0.22,32.67,348.96,-0.53,-0.103,0.842,-0.9,0.1,0.15,0.11,0.4,0.1,-0.3,-0.9,-0.5,-1.0,-1.6,-0.7,-2.8,-0.5,-1.1,-0.2,3.5,-0.4,0.8,-0.3,1.2,3.0,3.0,1.8,2.6,1.7,-2.4,0.1,3.2,1.6,1.7,3.4,1.0,0.2,-0.3,-0.5,-1.9,0.1,-2.2,-3.5,-0.9,-2.3,1.0,3.3,-0.6,1.2,0.1,0.1,-0.7,-0.2,0.6,-0.3,-1.3,-0.7,-1.0,-2.2,-1.1,-1.2,-2.1,-2.4,-2.3,-2.4,-1.3,-1.7,-1.6,-2.0,-1.0,-0.5,0.5,0.1,-0.9,-2.8,-2.8,-1.4,-2.9,-0.9,-2.3,-3.0,-1.2,-2.5,-1.8,-0.9,-1.9,-1.2,-1.1,-1.1,-1.4,-1.2,-1.7,-1.0,-1.0,-1.0,-2.7,-0.2,-1.0,-1.8,-1.7,-2.3,-1.8,-2.8,-1.4,-3.0,-3.9,-3.6,-1.2,0.3,-3.1,-2.5,-0.4,0.0,0.4,0.5,-1.8,-1.2,-3.2,-1.4,-2.0,-2.3,-1.8,-0.7,-1.4,-0.5,-3.7,-1.6,-2.5,-0.7,-0.7,-3.6,-2.6,-2.6,-3.5,-0.7,1.0,-3.5,-0.3,-1.0,-4.2,-0.1,0.1,-0.3,-0.6,-2.3,-0.3,-2.6,-1.7,0.7,0.5,-4.0,-4.4,-3.8,-3.3,-2.8,-3.2,-1.8,-2.9,-0.6,-2.6,-1.0,-3.3,-2.3,-2.0,-3.2,-2.0,-2.9,-1.9,-1.6,-2.6,-4.3,-4.0,-2.2,-3.8,-5.8,-4.7,-1.0,-6.3,-3.8,-2.1,-2.3,-5.6,-4.3,-5.4,-4.4,-4.9,-4.1,-4.2,-6.0,-2.8,-2.3,-4.5,-3.4,-3.8,-3.0,-1.7,-3.7,-3.5,-3.1,-5.0,-4.5,-2.6,-3.5,-6.5,-2.7,-3.6,-1.1,-2.4,-3.4,-2.9,-3.2,-4.3,-4.8,-2.4,-4.2,-6.3,-3.8,-3.9
2C7L50yWgf,0,48.099828,11.633039,4442680.94,2777596.55,543.4,589.1,220,7413,2.4,0.86,0.35,32.67,348.96,-0.53,-0.103,0.842,-0.6,0.1,0.11,0.18,1.0,0.2,-0.3,-1.2,1.0,-2.2,0.5,0.2,-5.4,-2.2,1.3,0.9,6.5,-0.9,-3.4,0.2,-2.5,0.4,0.3,2.8,-4.7,-3.4,1.1,-5.2,-1.3,-0.5,3.0,1.8,1.4,-2.4,0.2,-0.7,-9.6,2.1,-7.5,-5.9,-0.3,-4.0,-2.4,0.6,0.2,-0.6,-0.7,-1.3,-3.5,-1.0,-0.7,-0.9,-0.9,-3.9,-1.5,-2.0,0.7,-0.5,2.4,1.1,-0.2,-0.9,-0.4,-2.4,0.9,-0.6,-0.1,1.1,1.5,-2.6,-4.6,-1.0,-1.2,1.0,-0.1,0.6,-1.0,1.5,0.0,-2.5,-0.2,-1.9,-2.0,0.3,-2.3,-0.9,-9.6,-1.6,0.4,1.5,0.2,-1.7,-3.3,-2.5,-4.5,-1.4,-3.4,-3.6,-1.8,-4.0,-2.6,-1.6,-7.6,-1.3,-2.2,-1.6,-4.8,-2.1,-2.7,-1.0,-2.0,-5.5,-2.7,-1.3,-2.8,-2.5,-2.3,-1.0,-1.9,-2.1,-3.1,-1.6,-1.9,-1.6,-2.5,-2.5,-1.2,-3.4,-3.2,-4.0,-3.0,-0.6,-1.0,-3.4,0.7,-2.9,-5.1,-0.8,-3.6,-3.7,-3.2,-3.8,-1.5,-5.5,5.7,-2.3,-3.0,-2.3,-7.6,-5.4,-3.5,-0.8,-1.9,-1.0,-0.6,0.2,-1.2,-0.8,-1.2,-2.4,-0.8,1.3,0.6,-5.2,-0.7,-2.5,-3.7,-7.1,-7.7,-0.6,-5.7,-3.9,-1.6,-8.2,-2.7,-8.5,-4.5,-3.9,-3.5,-2.0,-4.5,-7.3,-2.3,-0.9,-0.4,0.9,-4.8,-2.9,-1.5,-3.2,-3.7,-1.6,-3.4,-4.9,-3.5,0.1,-7.4,-7.8,-4.0,-7.7,-8.4,-2.7,-4.6,2.3,-0.2,-2.4,-0.3,-2.5,-7.6,-5.0,-4.3,-10.2,2.5,-3.5,-0.1
2C7L50yWgh,0,48.099839,11.633125,4442687.27,2777597.91,542.6,588.3,220,7415,1.7,0.89,0.33,32.67,348.96,-0.53,-0.103,0.842,-0.5,0.1,-0.07,0.13,1.7,0.1,-0.3,0.4,0.5,2.0,1.2,0.3,2.6,-1.6,-1.3,-3.5,1.6,-0.4,-0.3,-4.0,-2.4,-3.2,-1.7,-6.9,-4.0,-3.9,-3.5,-2.4,-2.2,-2.5,-1.0,-0.1,-0.6,-1.1,-3.2,-1.7,-7.3,-0.6,-5.3,-6.9,-7.1,-5.7,-3.2,-3.0,-1.3,-1.9,-2.0,-4.6,-1.7,-1.1,-0.4,-3.0,-0.9,-2.6,-1.9,-1.7,0.8,-1.9,0.8,0.1,1.2,0.2,1.6,-0.8,0.9,-1.8,-0.9,0.5,-0.9,-1.7,1.0,-0.2,0.0,-1.2,-0.5,1.0,-1.3,1.4,-4.5,-0.7,-2.4,-3.0,-5.6,-5.5,-3.5,-1.7,-5.1,-1.9,-2.4,-3.5,-4.0,-3.4,-1.8,-2.4,-5.0,-3.3,-3.8,-3.2,-2.7,-4.7,-2.8,-3.2,-4.8,-4.0,-3.9,-4.5,-5.4,-1.2,-4.4,-2.6,-2.8,-1.4,-0.2,-0.4,-0.3,-3.1,-2.1,0.2,-1.9,0.1,-1.7,0.1,-0.8,-1.5,-0.3,-2.6,0.9,-1.1,-2.4,-3.2,-3.4,-1.5,-0.4,-0.3,-4.0,-5.6,-6.5,1.1,-3.1,-0.1,-5.3,-1.4,-0.0,-1.6,-2.8,-3.0,-1.8,-2.1,-4.8,-5.2,-1.8,-1.7,-1.5,-0.5,-1.3,-0.0,-1.0,-2.8,-2.7,-2.2,-3.1,-3.2,-1.9,-2.2,-2.4,-3.8,-4.2,-5.1,-2.6,-2.8,-6.7,-6.3,-3.1,-3.8,-1.0,-4.7,-5.9,-4.0,-5.0,-9.5,-4.4,-0.9,-1.5,1.7,0.4,-1.9,-1.5,-2.0,-0.4,-5.2,-4.4,-3.7,-3.5,-5.0,-5.6,-5.8,-5.5,-5.9,-4.7,-5.7,-8.2,-7.0,-5.9,-5.9,-4.5,-0.7,-3.3,-2.4,-4.1,-1.4,-2.7,-2.7,1.2,-1.9,-1.1
2C7L50yWhv,0,48.100376,11.637308,4442997.63,2777664.5,536.1,581.8,220,7491,3.7,0.72,0.47,32.69,348.96,-0.53,-0.103,0.842,0.1,0.2,-0.47,0.28,1.0,0.2,-0.3,0.1,0.1,-1.7,1.4,-1.3,0.3,-0.8,-1.5,0.8,2.4,-3.0,2.1,-3.1,-1.6,0.2,0.9,0.3,-2.1,-2.2,-4.9,-1.9,-0.6,-0.2,-0.2,0.2,1.6,-1.0,2.0,0.3,-3.1,5.1,-4.2,-3.8,-3.6,-6.0,-1.7,-3.0,-2.2,-0.1,-5.1,-4.0,-0.3,-2.7,0.7,-0.6,-1.4,2.4,-0.9,0.3,0.6,-0.3,-2.1,-0.6,-2.5,-1.4,0.7,1.1,1.3,0.7,1.8,2.1,-0.4,-0.5,-0.2,4.0,1.6,-0.3,-13.8,-2.9,-1.6,0.4,-1.6,-0.5,-2.7,-0.5,-2.2,-0.3,-3.5,-2.4,-0.3,0.5,-1.9,-0.6,-1.5,-0.9,-3.1,0.1,-2.6,-2.3,0.2,-3.0,2.6,-3.5,-2.0,-3.6,-2.6,3.5,-0.0,-0.0,-4.4,-4.6,-1.0,-4.8,-2.1,0.7,-4.2,-2.2,4.3,-2.7,-6.2,-1.4,-2.4,-3.6,0.9,-2.2,-1.8,3.1,-0.4,-1.2,-2.8,2.8,0.6,0.2,-0.7,-1.1,-0.0,-2.3,-1.2,-1.7,-1.3,2.1,-10.5,3.9,0.9,3.6,-0.8,0.9,-0.8,0.1,5.4,6.4,1.6,0.5,2.3,6.9,4.8,9.7,5.1,-1.4,2.5,6.9,5.4,-0.7,1.8,2.1,8.8,6.3,7.0,4.7,-9.5,3.0,-14.8,-8.3,3.6,-14.2,3.5,-6.8,-8.5,2.0,-2.0,-3.0,-9.0,-2.9,-3.8,-3.7,-11.5,-3.3,-7.5,-2.7,8.0,-3.3,5.4,9.2,5.0,-4.6,2.3,-2.2,-0.0,3.3,-0.1,4.6,-0.4,0.4,-3.3,-2.0,-4.9,0.4,-0.7,-0.5,-5.1,-0.3,-0.0,-0.1,1.8,-7.8,-1.2,-0.7,-10.1
2C7L50yWfh,0,48.099393,11.629509,4442418.97,2777542.43,538.4,584.1,220,7353,2.5,0.86,0.39,32.65,348.96,-0.53,-0.103,0.842,-0.7,0.1,0.32,0.19,1.0,0.2,-0.3,-1.1,-0.3,0.0,0.3,-1.9,2.3,0.3,-1.6,-0.1,0.0,-6.3,0.6,-1.9,0.2,-0.3,1.5,3.0,-0.5,-6.1,1.5,0.9,-1.9,-0.5,-2.4,2.0,-3.7,2.6,0.4,2.5,-1.8,-0.4,-0.6,1.6,1.0,-0.4,0.3,1.4,-6.8,1.1,1.6,-0.3,-1.1,4.6,-4.0,-8.8,-4.1,-2.3,1.1,-4.4,-1.4,-1.5,-2.1,-0.4,-2.2,-3.4,-1.0,-3.3,-3.2,-3.1,-2.8,-1.7,-0.3,12.3,-0.8,4.1,0.2,-1.6,3.4,-1.1,-1.1,-3.4,-2.0,-0.1,-1.9,-2.9,-2.6,-1.0,-0.1,-0.5,-2.2,-3.0,11.4,-3.5,-4.8,-2.8,-2.6,-5.0,-3.0,-7.0,-5.3,-7.1,-4.0,-2.9,-3.9,-4.5,-2.3,0.1,-4.0,-3.9,-3.3,-2.1,-4.8,-4.0,-2.1,-1.3,-4.5,-1.5,-5.1,-2.6,-1.4,-3.2,-0.3,0.6,-1.6,-2.7,0.0,-0.5,-0.7,-0.4,-0.8,-2.3,-2.7,2.6,-1.5,-1.8,-1.1,-0.8,-0.1,-3.1,-2.0,-0.9,-3.7,-4.1,-6.1,-6.7,-4.6,-3.6,-3.4,0.5,-0.7,1.3,-4.7,-4.4,-4.1,-3.9,-4.3,-0.3,-2.7,-2.6,-3.5,-2.6,1.2,-5.1,-4.0,-2.9,-4.2,-1.7,-2.5,-0.9,-1.8,-3.7,-4.5,-3.6,-10.2,-12.0,-4.2,-2.6,-6.2,-4.5,-5.6,0.5,-11.8,-3.2,-1.6,-2.8,-3.5,-4.2,-3.8,-3.0,-3.4,-0.7,-3.7,-2.6,-2.8,-2.5,-2.9,-4.9,-1.6,-2.0,-4.1,-3.6,-4.6,-0.4,-5.5,-6.8,-6.6,-1.2,-4.3,-3.9,-4.8,-1.7,-2.8,-3.5,-0.8,-1.0,-3.2,-1.5,-4.6
2C7L50yWfs,0,48.099483,11.630212,4442471.14,2777553.62,541.8,587.5,220,7364,4.5,0.59,0.46,32.66,348.96,-0.53,-0.103,0.842,-2.8,0.2,1.28,0.36,0.7,0.3,-0.3,-2.7,-1.5,-4.2,-1.8,-5.5,-3.7,-2.7,-3.1,-3.0,10.3,-2.9,-4.0,-4.3,-2.4,-3.9,-2.1,-6.0,-6.6,-9.3,-3.7,-7.1,-7.4,-7.5,-2.1,-5.5,-4.7,-6.6,-5.2,-5.8,-4.4,-5.4,-10.2,-11.0,-7.6,-6.1,-5.7,-8.5,-4.6,-2.9,-5.8,-6.6,-5.9,-5.4,-2.7,-9.8,-3.0,-7.9,-5.8,-5.3,-7.5,-2.3,-5.4,-13.3,-12.4,-13.9,-19.1,-0.8,-15.4,1.4,-9.0,-8.6,-8.8,-8.3,-3.7,-9.8,-17.0,5.0,-19.1,1.2,-12.5,-16.6,-12.5,-16.0,-14.0,-14.0,-16.2,-14.5,-15.8,-16.4,-13.2,-13.4,-14.1,-16.9,-14.4,-16.0,-15.6,-9.9,-13.5,-11.8,-18.0,-16.0,-16.2,-15.0,-15.1,-19.1,-15.3,-16.1,-10.1,-15.3,-15.4,-14.9,-18.7,-16.4,-17.8,-16.1,-16.1,-14.0,-13.9,-11.8,-16.2,-17.5,4.0,-16.8,3.4,-11.4,-14.6,-7.1,-21.9,4.4,-18.1,-11.7,-16.8,-12.8,-13.0,-12.1,-9.4,-12.9,-13.3,-15.3,-13.0,-6.0,-11.4,-12.8,-11.7,-11.9,-10.7,-11.4,-12.3,-9.0,-19.6,-13.4,-15.2,-12.4,-13.5,-9.2,-10.7,-12.3,-17.2,-13.5,-16.5,-14.7,-15.8,-15.6,-14.3,-14.9,-13.6,-12.6,-12.9,-23.7,-12.5,-15.7,-15.3,-19.2,-18.8,-20.9,-1.5,-11.8,-15.2,-16.7,-22.0,-18.9,-7.2,-16.6,-20.9,-15.1,-15.3,-21.1,-19.5,-17.2,-16.2,-18.8,-13.2,-16.6,-14.5,-16.9,-16.1,-13.0,-15.8,-10.6,-7.0,-14.0,-19.7,-19.3,-16.7,-24.1,-20.7,-15.1,-17.3,-17.7,-19.6,-17.0,-17.8,-27.8,-8.7,-20.3,-19.4,-29.7,-21.9
2C7L50yWgS,0,48.099752,11.632305,4442626.46,2777586.93,542.7,588.4,220,7400,1.5,0.94,0.3,32.67,348.96,-0.53,-0.103,0.842,-0.4,0.1,-0.13,0.11,0.6,0.1,-0.3,1.6,-1.9,1.5,-2.6,1.3,-2.7,2.4,1.2,2.1,-8.3,1.2,-2.3,2.4,0.8,7.0,3.3,2.5,1.7,-0.6,2.2,-0.8,1.2,2.5,3.0,1.1,3.6,2.1,-0.5,3.4,0.9,0.4,-0.4,-1.1,1.2,0.3,0.8,5.1,2.1,2.9,2.5,2.4,2.0,2.5,2.8,2.3,1.3,-1.1,1.5,1.1,1.6,1.6,1.8,1.2,0.4,0.6,0.3,0.5,1.0,0.5,1.6,-1.6,0.1,0.6,1.5,1.3,-2.5,1.5,0.3,0.5,0.5,0.1,0.5,2.0,1.4,2.0,2.2,1.6,2.3,1.5,2.3,0.1,0.4,0.5,1.1,1.0,1.7,2.6,1.0,2.0,1.4,0.6,2.6,-0.2,2.1,1.6,-0.8,0.2,2.8,2.6,-0.3,1.1,2.9,2.7,2.2,2.4,1.3,1.2,-0.2,1.4,-0.0,0.4,0.0,0.6,0.7,0.9,-0.2,1.2,-0.1,1.0,1.1,1.6,-0.7,0.8,-0.2,1.9,4.3,-1.1,2.5,2.9,-0.1,0.9,2.0,1.6,1.1,-0.1,1.5,0.2,0.3,2.8,2.5,-2.4,-0.9,-0.1,0.4,-0.4,0.6,-2.4,-0.7,0.4,-0.4,-0.6,-2.1,0.8,0.1,-0.2,-0.2,-0.6,-0.6,0.7,-0.2,-0.4,0.3,0.4,0.1,-1.4,0.2,1.9,-2.5,-0.7,1.9,1.9,-1.7,-1.2,-3.1,-1.8,-0.2,-0.4,-1.5,2.9,-0.6,-0.4,-1.0,-1.3,-0.2,0.5,0.7,0.5,1.0,1.6,-0.5,-0.2,-0.0,1.4,-1.8,2.0,-0.4,1.9,0.6,0.1,0.6,-0.0,-2.3,-1.9,0.4,0.7,-2.0,-0.8,-1.7
2C7L50yWhr,0,48.100403,11.637378,4443002.76,2777667.65,548.6,594.3,220,7487,2.0,0.9,0.35,32.69,348.96,-0.53,-0.103,0.842,0.0,0.1,0.07,0.15,0.4,0.1,-0.3,0.2,-1.1,1.8,0.3,1.3,-0.5,0.4,0.9,-0.3,-2.7,1.3,-0.0,0.2,-0.0,0.2,-0.0,-0.9,-0.3,-2.5,-1.8,1.2,-1.1,1.9,0.7,1.3,0.9,2.6,2.5,-0.0,-1.6,3.3,-6.5,-2.6,-2.1,3.7,0.2,-3.9,-4.9,4.9,-5.3,1.0,-0.2,-2.3,-1.0,3.2,0.5,0.3,-1.1,-0.3,1.4,-0.4,2.1,2.6,1.2,1.6,-1.2,0.6,0.7,0.8,0.2,-1.1,1.5,-1.2,0.3,-0.7,0.3,-0.3,0.9,1.7,-0.7,-1.5,0.2,-3.3,0.2,-2.9,-0.8,-1.0,-2.3,-4.9,-1.8,1.5,-1.1,0.8,1.1,0.2,-1.2,1.3,-1.6,-0.2,-1.8,-2.5,-3.4,1.4,-1.7,-0.6,1.1,-2.1,0.4,-2.6,-3.4,0.7,-0.2,-2.1,3.9,1.4,1.1,-0.4,-0.2,-2.3,1.0,-0.8,-0.5,-1.1,-2.2,-1.0,-1.9,2.2,-1.9,-2.5,-1.4,-1.7,-0.6,-1.4,-1.5,-0.2,0.6,0.5,1.2,0.1,-0.3,4.2,-1.0,3.1,0.0,0.3,-1.1,1.1,0.7,1.4,0.3,3.7,-3.6,-3.2,-2.5,-0.2,-0.3,-1.0,-2.2,-1.6,-4.3,4.4,-0.2,-1.9,1.1,0.6,-0.3,0.3,1.3,3.2,1.4,-0.3,0.4,-0.7,0.7,-0.2,0.7,1.0,-3.0,-2.0,-0.3,0.3,-4.3,-2.4,-2.0,-0.3,-5.2,-0.8,-2.2,8.4,0.0,-0.0,-1.8,2.0,-2.2,1.7,1.0,-0.3,2.4,2.0,3.0,3.1,3.3,-0.2,0.6,2.0,-1.7,1.3,2.6,-0.0,-0.7,-1.3,-1.3,-1.6,-2.4,-1.3,-3.9,-2.5,-2.8
2C7L50yWhx,0,48.100427,11.637564,4443016.58,2777670.62,542.9,588.6,220,7493,3.3,0.68,0.43,32.69,348.96,-0.53,-0.103,0.842,-0.3,0.2,0.52,0.26,3.1,0.2,-0.3,1.9,-2.3,5.7,-1.2,0.6,1.4,1.1,-5.0,7.4,-1.3,0.2,3.2,6.6,-3.2,7.4,9.7,10.4,8.9,10.9,5.1,2.6,10.3,0.7,7.1,7.1,7.7,-0.3,1.2,-1.2,6.1,-0.0,9.6,1.9,-10.0,17.2,6.3,3.8,4.7,1.2,3.7,-2.8,0.8,3.0,2.9,2.3,-1.7,0.9,0.7,0.3,2.5,-1.4,0.4,4.4,1.3,-0.4,0.3,0.8,-0.0,-1.3,-3.4,-0.8,0.3,0.8,-5.2,1.2,2.1,-2.1,-0.5,-0.7,-1.0,-1.3,-0.3,-2.6,1.9,5.9,6.5,10.5,6.9,5.2,6.3,6.5,4.1,1.8,6.8,3.1,4.3,3.7,5.1,6.3,9.6,8.0,0.7,3.7,3.9,1.8,0.8,1.0,7.9,6.6,1.8,0.1,6.4,4.8,0.5,5.7,7.1,-3.1,2.8,-4.2,1.9,1.6,-1.8,2.6,-1.7,-0.9,-2.7,0.2,-4.2,-3.1,-1.6,1.2,-1.6,0.2,0.3,2.8,4.2,-0.3,9.4,3.4,-0.2,5.9,2.0,3.0,3.5,2.4,1.9,4.7,-1.6,5.2,1.4,0.9,-3.2,-3.4,-1.4,-0.7,-3.2,-1.3,-2.2,-4.3,-2.6,-4.4,-1.2,-1.4,0.6,0.1,-2.1,-2.1,-0.8,-1.2,4.1,4.2,5.6,1.8,2.3,1.1,0.2,4.1,0.4,4.2,4.8,0.3,5.2,-0.0,-1.8,1.5,-3.8,-0.7,1.0,-15.2,0.4,5.5,-0.5,3.0,-1.1,-0.4,6.7,-2.7,4.1,6.7,8.5,11.9,3.9,11.5,5.1,2.6,5.7,6.0,3.4,-1.3,2.2,-3.5,-2.0,-1.0,-1.0,-2.3,-1.0,-0.7,-0.3
2C7L50yWfQ,0,48.09931,11.628716,4442360.14,2777531.87,545.3,591.0,220,7336,2.6,0.84,0.3,32.65,348.96,-0.53,-0.103,0.842,-0.5,0.1,-0.52,0.2,0.9,0.2,-0.3,0.5,0.5,-0.3,0.8,-0.4,0.4,0.0,-1.2,-0.4,-1.7,0.6,-0.6,1.9,3.4,4.4,4.7,3.9,3.4,4.3,5.4,2.6,5.5,-0.0,5.5,4.1,5.4,1.7,1.5,3.3,0.9,-2.1,1.2,-0.3,3.3,3.3,3.7,-0.6,4.0,6.7,3.7,0.9,2.5,-1.2,4.0,1.0,2.5,2.3,1.3,1.2,2.9,5.4,1.6,1.0,-0.9,0.2,0.3,0.2,0.1,-0.1,-0.0,0.3,-2.9,-4.5,0.6,-3.4,5.4,0.7,1.4,-1.5,-1.1,-1.1,0.4,-1.5,0.6,3.5,4.2,5.1,2.5,5.2,4.8,0.4,3.3,1.6,2.1,2.9,2.5,5.2,2.3,4.0,2.2,3.7,1.4,-1.5,5.0,2.9,-1.2,3.6,4.0,4.2,1.9,2.4,3.0,4.3,4.2,4.4,2.7,2.3,1.0,3.5,-0.3,3.0,2.1,1.5,1.7,2.1,0.6,9.9,0.4,3.5,-0.2,11.9,-0.1,-2.0,-1.2,4.0,5.9,0.7,3.6,2.9,3.0,-1.1,3.5,0.8,5.5,2.1,3.2,5.6,6.0,3.0,5.0,-0.4,-1.1,-0.6,-0.7,1.1,1.7,-3.7,4.4,4.3,-0.8,-0.0,-1.1,-1.4,-1.3,1.1,2.4,0.7,-1.7,2.3,4.3,3.8,1.0,3.3,-3.0,-4.6,0.6,-2.1,-5.1,1.4,-0.2,-2.1,-2.5,-3.6,0.5,0.2,-13.0,2.5,1.2,9.0,3.5,0.2,-1.1,0.2,-0.4,-0.4,-0.6,-1.7,1.5,1.1,-0.2,0.7,0.8,3.2,-1.3,0.8,0.2,1.9,-2.2,-3.5,2.7,0.1,-0.4,-0.9,-0.9,-4.0,-0.1,-0.3,-1.0
2C7L50yWfl,0,48.099435,11.629689,4442432.3,2777547.37,535.1,580.8,220,7357,3.6,0.73,0.46,32.65,348.96,-0.53,-0.103,0.842,-0.3,0.2,-0.03,0.27,0.5,0.2,-0.3,-3.6,-4.4,-5.1,-3.2,-3.8,0.4,-2.2,3.1,-2.7,1.5,-5.3,1.9,1.1,1.5,1.3,-1.0,2.4,2.4,5.4,1.5,0.0,0.5,0.6,0.7,5.2,3.4,0.1,2.7,-2.4,-5.1,-0.9,2.6,-5.4,-1.7,-2.9,0.3,-2.9,1.8,0.0,-0.3,4.8,3.3,-0.9,5.9,-0.1,10.0,-0.9,5.8,3.4,-0.5,0.6,-1.3,-1.2,-0.5,-3.7,-1.6,-0.4,2.2,1.0,1.0,-3.7,0.6,-7.1,1.8,2.2,1.5,4.4,-4.8,-1.9,-2.3,-3.5,-2.4,-0.4,-1.2,-1.5,1.6,0.2,1.6,3.4,2.5,2.2,1.5,1.3,1.0,0.7,1.0,0.1,-11.5,0.8,-3.1,-1.7,-3.9,-4.7,-1.0,-2.9,-4.9,-0.6,-0.7,-2.7,-4.5,-3.1,-2.1,-3.6,-2.4,-0.4,-2.6,0.2,0.5,1.7,-1.1,-1.1,-2.0,-0.0,-6.0,-3.3,-2.0,-0.2,-0.9,1.3,-0.5,-2.4,-0.2,-3.8,-4.2,3.8,-0.1,-2.5,-4.3,-0.6,0.9,-3.8,0.3,-0.4,4.1,-8.9,1.6,2.1,-1.4,1.2,-5.3,1.4,-2.7,1.7,-2.1,-4.0,-6.4,4.0,-0.3,5.3,-2.4,-0.3,-3.8,-2.2,-6.2,9.2,6.2,-1.5,-2.8,0.1,0.2,1.8,-7.6,-7.6,-2.4,-2.3,6.4,4.1,-2.3,-1.0,-0.4,-1.4,2.3,-10.7,2.7,-0.9,-2.0,-1.7,0.6,1.2,-3.5,-8.1,1.5,6.4,0.4,1.4,-0.4,-1.5,-1.6,0.8,-6.9,7.2,3.9,-0.4,-6.2,-3.8,-4.3,-0.0,10.3,1.1,-14.2,4.1,-4.8,-6.9,-7.2,-4.3,3.7,-7.1,-6.8
2C7L50yWfr,0,48.099482,11.630057,4442459.62,2777553.23,537.3,583.0,220,7363,1.5,0.94,0.26,32.66,348.96,-0.53,-0.103,0.842,-0.9,0.1,0.12,0.12,0.7,0.1,-0.3,-1.3,-2.6,-1.0,-3.5,-0.9,-2.3,0.4,0.2,-0.5,-3.1,-1.1,-0.9,2.4,0.5,-0.6,3.7,-1.4,-1.4,-2.4,1.3,-1.5,-1.1,-1.2,0.3,-0.3,-1.8,-1.1,-0.5,-1.0,-5.2,-2.9,-7.0,-7.1,-3.8,-2.0,4.0,-1.8,-0.0,-1.8,-2.6,-0.8,-1.9,-0.7,-3.1,-1.7,0.2,-2.8,-0.8,-2.0,-1.1,0.5,-1.7,-1.9,-3.1,-3.0,-2.5,-1.7,-3.6,-2.6,-2.7,-2.0,-1.9,-0.3,-1.1,-2.5,-2.2,-2.7,-3.1,-2.4,-2.5,-4.0,-2.1,-2.7,-3.0,-2.4,-3.6,-4.5,-4.0,-4.4,-4.0,-2.5,-4.7,-2.7,-3.0,-1.7,-4.6,-1.4,-3.3,-5.1,-6.4,-3.8,-4.7,-3.9,-4.0,-8.1,-3.8,-4.1,-3.0,-3.0,-2.3,-3.9,-3.5,-3.3,-3.5,-4.7,-4.7,-4.1,-4.0,-2.4,-3.1,-4.1,-3.2,-2.8,-2.9,-1.1,-2.8,-1.6,-3.6,-2.5,-4.0,-3.2,-3.7,-2.3,-3.1,-2.6,-2.4,-2.8,-3.4,-4.1,-5.6,-3.2,-4.0,-1.4,-4.7,-6.8,-4.1,-3.0,-2.5,-3.2,-0.4,-3.0,-3.1,-4.3,-3.0,-2.2,-3.4,-2.3,-3.0,-1.9,-2.7,-2.4,-5.9,-4.2,-3.9,-3.8,-3.4,-4.2,-3.9,-4.6,-3.9,-7.1,-5.1,-3.0,-7.1,-8.9,-3.1,-5.7,-8.9,-3.8,-6.0,-6.8,-5.4,-5.6,-3.8,-4.7,-3.6,-4.8,-4.0,-4.8,-2.6,-4.6,-3.0,-3.6,-3.0,-2.8,-4.2,-2.7,-5.1,-3.5,-6.1,-5.2,-6.7,-4.7,-8.4,-5.0,-8.7,-6.2,-7.4,-6.8,-10.2,-5.6,-6.4,-5.2,-4.5,-5.9,-5.5,-4.2,-5.6
2C7L50yWgO,0,48.099728,11.631975,4442601.88,2777583.74,539.5,585.2,220,7396,3.7,0.7,0.49,32.66,348.96,-0.53,-0.103,0.842,-0.4,0.2,0.07,0.28,1.6,0.2,-0.3,4.8,4.1,0.6,-3.8,-0.2,4.9,0.8,2.4,0.4,1.4,-3.3,6.6,2.2,-0.6,-1.9,-3.3,-7.2,-7.7,-6.2,-2.2,-5.0,-3.2,0.4,-4.2,-2.6,-4.2,-0.3,1.7,2.4,-2.6,-2.3,-9.7,-9.2,-4.3,-2.0,-4.5,-0.5,-1.2,1.1,0.5,-4.4,1.9,-5.3,-6.5,-2.9,1.6,-2.6,-1.8,0.2,-2.3,-2.1,-0.1,-0.3,-4.4,-1.5,-2.4,-2.2,-1.7,-3.5,0.7,6.8,-5.6,-5.7,-0.4,-4.8,2.4,1.3,2.0,-2.6,-4.9,1.5,2.4,2.6,-3.4,-3.3,-3.2,-4.7,-1.9,-2.7,-1.9,-4.5,2.0,4.9,-4.2,2.5,4.1,-2.4,-1.4,1.2,-1.5,-1.1,-0.6,-2.1,-1.2,-2.8,-3.9,-2.6,-4.6,-3.5,-2.8,0.4,1.0,-3.1,-1.9,-8.8,-5.1,-2.0,-11.0,-2.1,-0.7,-0.2,-1.8,-0.2,-0.8,1.3,-3.9,-1.0,-0.8,2.3,2.3,-1.4,5.2,2.7,3.6,0.4,2.7,1.4,4.4,-3.8,-6.8,0.0,-14.8,-1.9,-5.0,-6.8,-9.5,-6.7,-4.1,-0.9,-5.5,1.3,1.0,0.9,1.6,-1.4,1.8,-13.1,1.2,0.3,-1.3,-1.4,-4.0,-0.3,-7.5,-2.6,-4.5,-5.2,-2.9,-3.6,-1.9,-7.9,-4.5,-8.0,-5.8,-5.8,-0.9,2.1,-5.2,-3.4,-0.1,-3.4,-0.8,-2.8,-2.9,-0.8,-1.8,-0.7,0.3,1.4,-2.9,-0.7,-2.2,-3.4,-5.2,-5.6,-11.6,0.7,-6.7,-3.3,-7.8,-4.8,9.8,-10.9,-12.8,-10.0,8.1,-5.5,-1.7,3.2,-2.7,-2.7,-1.1,-11.8,-5.6,-2.6,2.1,7.6,-2.2
2C7L50yWei,0,48.098998,11.626147,4442169.43,2777493.04,543.4,589.1,220,7292,2.3,0.87,0.34,32.64,348.96,-0.529,-0.103,0.842,-0.2,0.1,-0.3,0.18,1.0,0.2,-0.3,2.0,-0.9,1.2,-0.2,-1.4,-0.6,0.2,0.9,-2.5,1.9,-0.0,0.5,1.0,-0.9,1.7,0.9,1.8,2.9,-0.6,2.8,2.9,4.2,1.0,5.4,2.2,3.5,1.1,4.2,-1.8,-0.3,-2.0,-1.0,-3.5,-0.7,-2.5,-0.4,-0.4,1.7,2.3,2.0,0.5,5.4,1.8,0.8,-0.5,-1.2,3.7,-1.1,-1.5,-1.3,-0.6,-0.6,-0.8,-0.6,-1.0,-1.1,-3.4,-0.6,-1.5,-1.0,0.3,-1.0,1.8,1.9,-2.7,-0.1,2.9,-9.2,1.1,-0.7,-0.4,0.7,2.8,-0.5,-0.5,0.1,2.1,-1.2,0.2,-0.4,1.0,0.4,1.1,1.7,2.8,2.5,0.1,1.6,0.9,-0.9,2.4,0.6,-3.6,1.8,-1.3,1.1,-0.1,1.2,-0.6,2.5,1.9,-0.8,2.5,0.7,2.1,1.4,-1.2,-2.3,0.5,-1.1,-0.9,-1.0,-1.1,-3.1,-1.1,1.3,1.6,-3.1,-0.7,0.1,1.2,-0.0,-1.8,-2.5,-0.7,2.2,4.2,0.2,-0.4,-0.4,1.5,-0.2,2.3,1.0,-0.9,1.6,2.6,4.1,3.8,1.5,4.2,-0.6,-0.1,-3.3,1.0,-1.5,4.8,-0.3,1.5,1.1,12.7,-2.7,-0.9,-2.2,-2.7,4.0,2.7,-0.9,3.6,2.7,0.0,-4.2,1.0,-0.9,-3.0,-0.3,-0.9,-4.7,-1.1,-0.8,-0.6,-0.5,-3.4,-2.0,1.8,-7.9,-0.8,1.4,1.1,-6.8,-1.4,-2.4,-3.3,4.5,5.2,4.3,2.3,3.3,1.5,-0.9,0.1,0.7,2.9,-1.3,1.2,0.9,1.3,1.7,-3.1,-0.2,-0.9,-3.1,-1.7,-5.0,-6.1,-2.7,-4.6,-4.4
2C7L50yWgZ,0,48.099823,11.632571,4442646.07,2777595.29,537.1,582.8,220,7407,4.0,0.72,0.53,32.67,348.96,-0.53,-0.103,0.842,-1.2,0.2,0.51,0.3,0.3,0.3,-0.3,-5.4,-3.7,0.9,-6.5,-5.1,-2.8,-4.7,-7.0,-7.2,15.4,-5.0,0.7,-1.7,0.0,-3.3,-0.8,12.6,0.9,-2.6,2.0,0.7,-6.1,-1.4,7.0,4.5,4.1,1.7,4.4,-1.1,-4.8,6.9,-1.7,-10.0,-0.2,-4.2,1.5,-1.6,-2.6,-0.3,-3.1,1.7,-8.1,-2.3,-0.7,-0.1,-0.1,-5.5,-9.1,1.5,-0.9,3.2,0.9,-0.7,4.3,6.4,6.0,-5.4,3.8,-2.9,-5.2,-4.9,-2.2,-8.4,-5.5,14.3,-8.1,-2.3,-4.7,-4.9,-1.3,-4.7,-1.4,-2.7,-1.6,3.1,1.3,-10.5,-3.6,-3.1,-3.8,-3.9,-1.8,-3.8,-4.4,2.8,-3.6,-6.7,-6.1,-5.6,-7.9,-7.2,-3.0,-3.3,-5.3,-2.6,-5.0,-3.9,-6.5,-7.0,-3.2,-2.0,-7.7,0.9,-2.3,-3.0,-3.1,-2.2,-3.0,-3.9,-3.5,-4.3,-4.8,-5.2,-1.9,-3.3,-3.0,-5.1,-3.6,-3.0,-6.3,-4.2,-7.6,-2.8,-7.2,-6.2,-4.9,-3.4,-9.2,-4.2,-6.3,-1.5,-4.4,-3.3,-6.2,-4.9,-5.5,-7.2,-8.1,-0.5,-1.9,-1.5,-5.6,-4.3,-10.4,-6.5,1.5,-6.2,-1.0,-1.6,1.2,-4.4,-14.3,-4.9,-1.3,-15.8,-1.2,1.5,-4.7,-1.9,-2.2,-4.5,-5.5,-7.2,-9.0,-9.0,-4.2,-9.7,-12.6,-4.4,-6.4,-7.0,-6.2,-9.7,-6.9,-5.7,-5.2,-6.0,-3.5,0.9,-1.8,-2.6,-4.6,-4.9,-4.1,-3.7,-5.8,-3.8,-4.6,-3.8,-9.8,-8.0,-3.9,-10.0,-11.7,-12.3,-7.8,7.8,-6.6,-4.2,-7.8,-5.0,-4.7,-6.7,-4.8,-4.8,-9.8,-5.4,-8.4
2C7L50yWgm,0,48.099945,11.633521,4442716.52,2777610.38,548.2,593.9,220,7420,4.4,0.66,0.45,32.67,348.96,-0.53,-0.103,0.842,0.2,0.2,0.07,0.34,0.4,0.3,-0.3,-1.0,-2.0,-1.3,-1.2,0.5,1.2,-0.3,-0.0,0.4,-4.1,-0.4,1.5,-0.9,-0.6,0.7,-0.1,-1.0,0.7,-1.3,-0.3,-2.8,-2.1,-3.2,-0.1,1.1,-0.1,-4.2,-9.5,-1.2,-0.9,-2.0,-6.3,-5.2,-3.6,-3.0,-1.6,-4.2,-1.1,-7.1,-0.5,-5.1,-10.3,-2.4,-3.9,-1.7,-2.8,-7.4,-4.6,-6.1,-4.7,-1.3,-8.4,-7.2,-8.1,-6.9,0.9,-7.7,-4.8,-7.5,-10.0,-6.2,-2.9,14.0,-4.8,3.3,-7.6,-5.2,-4.4,-4.1,-3.3,-6.8,-3.5,-3.9,-3.7,-2.8,-1.8,-0.6,-2.0,-2.5,-2.7,-2.6,-3.8,-4.6,-4.6,-0.7,-0.6,-4.9,-3.9,0.1,2.2,-2.3,-4.1,-5.6,-0.6,-2.0,-6.0,-1.8,1.3,1.7,-1.9,-5.9,-2.4,1.8,-1.3,-0.5,-0.5,0.2,-2.7,0.5,-1.8,0.2,0.4,-1.8,-3.1,-2.8,-7.6,-10.3,-6.7,-7.1,-4.7,-2.6,-4.1,-11.2,-1.4,-0.3,-0.7,-4.6,-3.0,-5.2,-6.1,-2.5,-2.0,-7.2,-1.2,-3.9,-1.4,-2.5,-1.0,2.8,4.4,11.4,6.1,-6.5,-5.5,-7.3,-3.9,-13.2,8.0,-4.1,-3.3,9.1,-3.3,-5.1,-3.4,-3.6,-8.1,-12.9,-3.5,-2.1,-0.5,0.3,-2.5,-2.0,-8.2,-8.5,-6.5,2.2,-2.0,12.7,-1.1,5.0,0.5,-1.1,-3.8,-7.4,11.2,6.6,7.6,2.9,8.1,-5.3,12.4,-5.7,0.5,-1.2,-8.2,12.0,-3.8,-3.0,-8.6,-6.8,-7.8,-2.3,-7.6,-5.5,-1.8,-2.6,-4.0,0.9,-2.1,-5.5,-10.6,-6.9,-5.9,-9.2,8.7,-6.0,-2.7
2C7L50yWgo,0,48.099925,11.633362,4442704.75,2777607.89,534.0,579.7,220,7422,2.1,0.9,0.38,32.67,348.96,-0.53,-0.103,0.842,-0.4,0.1,-0.0,0.16,0.8,0.1,-0.3,-1.0,0.1,-0.3,0.9,0.3,-1.1,0.7,-0.1,1.9,-1.4,0.8,2.0,-0.2,-0.5,1.5,1.6,-1.9,-0.8,-0.5,-1.4,-2.2,-2.8,-2.9,-1.5,1.3,-0.9,-1.6,-1.7,-3.1,-7.0,-2.8,-8.9,-7.0,-4.0,-7.0,-5.5,0.6,-1.5,0.5,-1.4,2.2,1.9,1.3,-1.3,0.2,-1.6,-0.6,-0.7,-0.4,1.0,-2.3,1.4,-0.3,-1.0,-3.3,-2.4,-1.8,-2.3,-1.0,-1.5,-1.2,-1.2,-3.2,-2.9,13.1,1.3,-2.0,-4.0,-3.3,-2.0,0.8,-1.3,-0.2,-0.3,-1.8,-1.3,-0.9,-1.3,0.2,-1.8,-0.8,-1.1,-1.8,-2.0,-0.4,-3.6,-1.3,-0.9,-2.7,-3.2,-1.5,-1.2,-3.0,-1.0,-3.4,-2.4,-2.4,-1.2,-0.6,-2.8,-2.7,-3.0,-2.5,0.2,-2.0,-1.2,-1.0,-1.5,-0.7,-2.3,-1.2,-1.4,-2.1,-2.2,-0.6,-2.3,-4.3,-2.0,-2.7,-0.1,-1.4,-2.0,-1.7,-2.3,-1.9,-2.7,-1.5,-1.4,-0.8,-3.2,-1.4,-5.2,-0.6,-3.2,-3.4,-3.7,-2.1,-6.3,2.8,-1.2,-1.8,-7.5,-2.1,-1.8,-1.7,-1.0,1.2,-1.4,-1.6,0.0,-2.3,-2.2,-2.3,-2.6,-1.4,-0.3,-1.7,-1.5,1.9,3.8,-4.6,-1.2,-8.5,-5.1,-3.9,3.3,-4.1,-4.1,-2.0,-4.2,-1.5,-5.8,-5.0,-3.8,-0.0,1.4,-1.7,0.1,-3.7,-0.4,-0.8,-1.3,-2.7,-2.8,-1.4,-1.1,-3.4,-2.0,-2.7,-2.5,-2.2,-1.9,1.2,-7.8,-3.5,-2.8,-1.2,-3.4,-2.0,-1.6,-3.1,-5.3,-5.7,-3.9,-2.2,-3.1,-2.8,-2.3
2C7L50yWhU,0,48.100226,11.63571,4442878.93,2777645.25,532.9,578.6,220,7464,4.6,0.6,0.49,32.68,348.96,-0.53,-0.103,0.842,-0.2,0.2,0.02,0.35,1.8,0.3,-0.3,0.0,2.8,-4.5,-3.0,-2.5,1.7,-2.9,-3.6,-1.8,1.3,6.5,1.6,0.3,3.4,-4.3,-2.9,-3.3,-6.9,-1.8,-1.5,-3.1,-5.4,-3.9,-6.7,5.5,1.6,-4.5,3.6,-15.3,-0.6,2.5,-11.8,-17.8,5.6,2.9,-9.3,8.6,-7.0,-1.8,-3.3,-8.6,2.5,-0.6,-6.3,-6.6,0.7,-5.1,2.7,-15.6,2.5,-0.7,-1.2,-1.4,-0.0,-5.4,-4.8,-2.4,-2.6,-0.5,-0.9,1.1,-5.1,8.6,-0.3,-7.7,-5.5,-3.3,-3.9,-1.2,-2.0,0.4,-1.6,1.4,0.8,-4.0,-1.1,-2.9,-0.4,-2.6,-6.0,-1.3,-3.2,-4.9,-4.2,-6.0,-10.0,-5.7,-5.7,-9.1,-3.5,-7.7,-2.4,-10.0,-11.7,-3.4,-7.7,0.6,-9.0,10.1,-7.2,-3.3,-1.7,-2.8,-2.6,-5.2,-6.1,-1.5,6.8,-4.2,-2.2,-4.9,-2.1,-1.5,-1.3,1.8,0.3,-0.6,0.7,-4.1,-4.4,-1.0,-0.8,6.8,-1.1,1.4,-5.4,-4.9,-4.2,-3.3,-6.5,-4.2,-0.1,0.1,-2.2,-7.1,-6.9,-5.2,-5.1,-1.2,12.0,-2.2,-4.8,4.6,-12.9,4.9,7.0,-11.7,-5.8,9.3,-0.2,-0.7,-2.6,-5.3,-7.1,0.0,-0.7,-3.4,2.5,0.3,-5.7,-10.2,-19.5,-6.0,1.3,1.4,-4.1,-0.2,-6.6,-5.3,-2.0,-3.7,-7.4,-11.0,-6.1,-4.1,5.5,1.0,3.0,-11.3,0.2,-2.2,0.5,-2.1,-3.2,1.4,-7.5,-5.5,-3.9,-3.5,2.5,-5.3,-0.4,-2.3,-8.3,-13.2,-7.0,-4.9,-10.0,2.3,-7.6,-1.3,-3.9,-3.9,-1.9,1.0,2.8,-2.6,-2.8
2C7L50yWiJ,0,48.100611,11.638704,4443101.09,2777692.9,536.8,582.5,220,7515,1.7,0.92,0.31,32.7,348.96,-0.53,-0.103,0.842,-0.8,0.1,-0.32,0.13,1.0,0.1,-0.3,-0.5,-1.5,-0.1,-2.0,0.9,-3.4,1.3,1.2,1.6,1.0,2.6,0.5,1.7,1.2,-2.2,0.3,0.3,1.6,-0.9,-4.1,-2.6,0.4,1.8,-2.1,-0.9,0.2,-0.7,-4.8,0.8,-2.3,2.5,-4.5,-3.9,-2.4,-4.0,-1.9,-1.7,-2.3,-2.2,-2.1,0.1,0.8,-1.1,-1.4,-1.7,-1.3,1.1,-1.7,-0.8,-0.2,0.3,-1.1,1.7,-0.6,0.8,0.1,-0.8,0.3,2.1,1.0,0.7,-1.1,-0.5,-0.4,0.1,1.7,1.3,-1.9,-0.0,1.5,-0.7,-0.6,0.7,1.3,-0.7,-0.7,-0.1,-0.6,-1.7,-2.8,-0.2,-0.7,-1.8,0.2,0.2,-2.5,-0.4,-1.6,-0.9,-3.7,-1.5,-2.8,0.2,-7.6,-6.0,-2.1,-3.9,1.9,-4.8,2.4,-1.9,1.0,-0.8,-1.9,-3.2,0.1,-1.8,-5.0,-3.0,-0.9,-4.1,-1.1,-0.7,-0.4,-1.1,-1.5,0.3,-0.8,-0.9,-1.4,-2.8,0.5,-2.3,-0.4,-1.4,-1.1,0.6,0.0,-0.4,0.1,-1.6,-5.6,1.1,-3.4,-3.9,-3.7,-3.3,-3.8,-0.1,1.1,-1.6,-3.2,-1.7,-0.8,1.3,-2.1,-1.3,-6.7,-1.2,-1.5,-2.8,-2.8,-1.5,-0.5,0.2,0.9,-1.9,-1.4,0.1,-1.5,-3.9,-5.1,-5.3,-4.4,-5.1,-2.1,-5.7,-5.6,-3.7,-4.5,-6.1,-5.0,-3.4,-2.8,-2.9,-2.1,-1.8,-1.7,-4.6,-4.1,-4.9,-2.6,-1.2,-2.1,-2.2,-5.9,-1.5,-2.7,-3.5,-2.9,-3.8,-2.8,-5.4,-6.6,-1.3,-3.2,-4.7,-4.7,-8.4,-7.7,-3.6,-3.8,-3.3,-4.3,-2.5,-3.0,-7.2,-5.6
2C7L50yWgG,0,48.099705,11.631502,4442566.71,2777580.34,539.8,585.5,220,7388,2.5,0.84,0.38,32.66,348.96,-0.53,-0.103,0.842,-1.0,0.1,-0.39,0.19,1.0,0.2,-0.3,-1.0,2.6,0.3,2.2,0.6,-2.2,3.9,1.8,2.7,-4.1,0.7,-1.8,2.8,1.3,1.7,4.1,3.0,3.7,0.1,2.0,0.3,-3.4,3.6,5.2,3.5,4.2,2.0,1.8,-0.1,1.6,5.9,-2.2,-5.8,2.6,-0.8,2.7,2.8,2.3,2.9,3.2,3.5,-0.8,7.4,2.0,2.3,-2.6,-0.8,6.0,2.1,2.7,0.6,3.2,4.5,-3.6,-0.8,1.4,-0.9,0.1,-0.4,0.9,-1.4,0.1,4.2,1.2,-4.0,-4.2,-2.0,-1.6,0.8,1.6,0.4,1.5,-0.1,0.8,1.8,1.4,1.7,4.1,2.3,4.0,0.6,4.1,2.5,5.0,0.8,1.3,2.8,1.7,0.3,0.8,0.5,3.6,2.1,1.7,-1.3,0.4,5.5,3.6,1.8,4.4,2.3,3.0,2.7,4.9,2.7,3.2,3.8,3.1,4.5,2.6,0.8,0.3,0.2,2.6,2.9,-0.6,3.5,1.9,-4.0,-1.4,-0.2,-4.4,1.1,-4.7,-1.7,0.4,-0.2,1.1,-2.0,2.0,2.2,4.2,6.2,0.2,-1.9,3.6,2.6,0.3,6.9,0.3,0.1,4.6,-2.2,-1.2,-5.3,-3.1,-3.8,-0.6,0.3,-0.9,-0.8,-3.3,1.1,-1.3,2.6,-4.0,-3.2,-1.9,-0.9,-0.1,-0.0,0.0,-1.3,-4.6,-4.2,3.5,-1.1,-3.1,-6.3,1.1,-1.8,-0.3,-11.2,-0.9,-2.7,2.2,0.8,-10.8,-4.2,2.5,-3.9,-5.9,-1.7,-4.1,-2.3,-0.2,-3.3,0.3,-1.6,-1.5,-3.7,-0.8,-1.5,-5.5,-1.5,-2.2,-2.4,-3.0,-1.5,-2.2,-0.9,-5.4,-4.1,-1.7,1.1,-2.8,-0.7,-2.6
2C7L50yWiA,0,48.100557,11.638138,4443059.03,2777685.96,535.3,581.0,220,7506,4.6,0.63,0.49,32.69,348.96,-0.53,-0.103,0.842,-1.1,0.2,-0.62,0.35,0.6,0.3,-0.3,8.4,1.4,-0.1,-2.7,0.7,-0.5,-6.3,-1.2,-0.3,-4.7,-2.8,0.4,2.2,7.8,-3.5,-2.4,6.7,5.2,-1.7,-0.8,-7.9,0.7,7.4,-5.5,17.9,-8.3,2.4,-0.8,-0.1,14.5,2.5,-2.2,-2.2,-8.5,-6.0,-5.1,0.2,-2.0,-0.5,-5.9,-1.8,0.9,0.8,-0.2,-5.8,-0.5,-0.5,-2.6,5.2,3.0,-6.4,0.7,3.6,-1.6,-0.3,2.2,1.4,-0.1,4.3,3.0,0.1,-3.7,-3.8,1.6,-1.0,1.6,-0.9,-9.0,-2.0,0.1,-2.1,-2.9,-1.5,0.0,6.0,2.5,-0.2,1.1,-2.2,11.3,2.1,4.7,-2.1,-4.0,9.0,-6.0,6.4,-2.1,-0.6,-6.1,-0.1,10.8,-3.1,-1.3,-11.9,6.1,2.4,-4.6,5.5,-1.5,-1.2,2.5,1.5,4.9,-2.2,-2.8,-4.7,-4.7,0.2,0.9,3.7,5.0,2.8,4.1,2.9,1.1,4.3,14.2,15.9,2.4,-7.8,3.8,-1.0,0.2,1.8,0.1,-6.3,1.1,3.2,-1.5,-9.5,-8.3,0.6,-9.8,-4.5,-1.2,7.1,-9.0,4.7,-0.0,-0.9,1.7,-2.4,-1.4,-3.7,-2.4,1.6,-5.7,-5.9,0.3,-0.6,-4.5,2.1,-3.0,-4.4,-4.4,-0.8,-6.0,-1.4,-9.2,-4.8,-4.3,12.2,-6.9,-5.6,-1.0,-9.1,-4.2,0.9,2.8,3.5,-2.9,-1.5,-2.6,-2.1,-6.9,-3.1,-1.7,-2.8,-11.5,-5.1,-4.8,-5.3,-5.7,-0.2,-2.5,-1.4,-3.3,-7.7,-6.7,-2.6,-4.5,-6.0,-5.9,-3.1,-9.2,-3.9,0.4,-0.3,-1.8,-1.0,0.5,-4.3,-3.1,0.2,-7.1,-11.4,-6.3
2C7L50yWfI,0,48.099289,11.628121,4442315.82,2777528.59,541.5,587.2,220,7328,4.5,0.64,0.45,32.65,348.96,-0.529,-0.103,0.842,0.3,0.2,-0.2,0.34,1.1,0.3,-0.3,3.2,-0.1,-2.8,-0.8,-0.2,-2.2,1.1,0.8,-0.5,1.0,-3.1,2.9,0.8,2.0,-0.4,1.8,-2.6,-3.1,-3.5,-3.7,-9.6,-2.8,-3.9,-3.9,-5.6,-0.4,-5.2,-4.1,-1.9,13.2,-6.3,-5.9,-9.7,-6.0,-4.1,-5.5,-4.0,2.6,4.8,9.7,1.5,0.2,-1.7,4.7,0.3,4.2,7.6,2.8,-3.6,1.4,2.7,4.3,1.9,0.5,0.4,2.8,0.8,3.3,3.3,4.2,4.9,9.7,-0.9,10.4,2.3,-3.7,0.1,-5.5,5.0,3.1,1.9,2.2,0.6,0.8,-1.8,-1.9,-2.5,-0.3,-1.6,-2.3,-1.5,0.7,2.0,2.3,-4.8,0.9,-0.6,0.0,-3.5,-1.3,-2.4,-6.3,-6.2,2.1,-2.2,1.2,-1.6,11.0,0.0,1.1,-2.4,-3.0,2.2,-3.7,0.5,-0.8,1.0,3.3,-1.1,-0.3,0.9,-1.2,-2.6,0.5,-0.8,-2.6,6.6,-1.7,-3.8,0.4,-8.0,0.1,2.3,-1.7,0.6,2.6,11.1,-3.2,4.9,-4.3,14.0,-4.7,3.3,-4.4,-1.8,-9.1,-3.8,8.0,5.2,5.6,8.9,6.0,1.9,2.2,4.2,0.8,-6.2,1.6,-1.3,-5.2,0.5,-0.3,-0.9,2.9,3.4,-0.6,1.8,-2.2,-2.2,3.1,-10.9,-2.7,5.0,-1.1,-0.7,3.1,-0.0,-3.3,8.8,-0.2,-1.5,-4.6,-0.9,5.1,-7.4,-5.2,10.5,-7.3,16.4,1.7,-1.4,-2.0,0.8,0.8,-3.5,7.5,15.1,-0.4,-1.2,2.8,-4.8,0.2,-2.6,2.4,5.4,4.3,1.0,0.3,1.2,-3.1,0.5,-1.7,-2.2,-0.7,2.4,15.3,-7.7,-1.0
2C7L50yWfL,0,48.099305,11.628247,4442325.21,2777530.61,537.8,583.5,220,7331,1.5,0.94,0.31,32.65,348.96,-0.529,-0.103,0.842,-1.1,0.1,-0.09,0.12,0.3,0.1,-0.3,-0.6,1.2,-2.1,0.8,-1.4,-0.7,-0.0,0.9,1.6,-0.1,0.4,-0.9,0.0,0.6,0.5,0.7,1.6,-0.2,-0.6,-0.1,-1.3,3.6,-0.7,2.9,1.4,1.5,1.6,-0.4,-0.8,-2.2,-3.0,-2.4,-4.5,-1.0,-1.7,-1.2,-1.0,0.3,1.8,-0.8,-1.6,-0.7,0.7,2.0,-0.5,0.5,-0.8,-1.9,1.5,-1.6,0.9,-0.7,0.0,-0.9,-2.0,-0.7,-2.7,-2.1,-1.3,-2.7,-2.3,0.5,1.3,-1.2,1.2,-1.5,-2.3,-1.0,-2.4,-1.1,-1.8,-2.4,-1.8,-1.2,-0.8,-3.0,-3.5,-3.1,-2.0,-1.4,-2.4,-2.1,1.3,0.5,-1.0,-2.4,-0.0,-1.1,-2.3,0.4,-1.1,-0.8,-3.2,1.6,-2.9,-0.7,-3.6,0.2,-3.1,-0.2,-1.6,-1.7,1.7,-2.9,-0.9,-2.3,-2.3,0.5,-0.9,-0.2,-2.4,-1.6,-0.6,0.2,-0.5,-1.2,-0.6,-2.3,-1.9,-3.8,-5.0,-2.2,-3.8,-2.7,-2.0,2.0,-0.8,-0.9,-1.4,-3.9,0.6,-3.2,-0.4,-0.2,-4.5,-2.6,-1.5,0.4,-1.0,-0.6,-2.4,-2.8,-3.0,-3.4,-2.7,-1.9,-1.7,-1.6,-1.2,-0.2,-3.7,-4.2,-1.5,-1.9,-3.7,-0.9,-2.2,-3.4,-3.0,-2.7,-2.0,-7.0,-3.8,-4.9,-7.1,-4.6,-6.7,-7.9,-8.5,-6.9,-3.6,-3.3,-7.9,-3.8,-4.3,-3.6,-5.1,-4.0,-6.1,-3.6,-3.5,-3.4,-4.1,-4.5,-3.5,-2.5,-2.9,-4.4,-5.6,-6.9,-7.4,-5.7,-4.0,-6.4,-6.1,-4.2,-6.4,-4.6,-5.9,-4.5,-4.1,-3.6,-4.0,-4.3,-2.8,-5.3,-3.8,-3.4
2C7L50yWfq,0,48.09954,11.630074,4442460.7,2777559.66,541.6,587.3,220,7362,3.2,0.8,0.4,32.66,348.96,-0.53,-0.103,0.842,-1.2,0.2,-0.39,0.25,0.9,0.2,-0.3,-1.1,-0.1,-0.4,-2.5,-1.2,-3.3,-0.8,-2.0,-1.4,-5.7,-1.1,-1.3,1.9,-0.6,-2.2,0.2,-3.2,-1.8,-3.3,-3.8,-2.3,-3.3,-3.3,-3.4,-3.4,-1.8,-0.2,-2.6,-1.8,-5.7,-4.8,-3.0,13.1,1.8,2.3,7.9,12.2,5.9,6.3,5.5,8.3,-4.0,-6.9,17.1,-5.3,-3.1,-7.6,-2.4,-2.1,-2.2,-6.2,-2.8,-1.6,0.3,-3.7,-1.3,-5.7,-3.7,-1.2,-3.8,-1.4,-2.3,-1.3,-0.5,-3.2,-2.7,-2.1,-5.5,-0.5,-3.4,-6.3,-1.9,-3.2,-1.7,-1.2,-2.3,-5.0,-3.0,-2.8,-5.7,-1.7,-3.2,-2.9,-2.3,-3.1,-4.2,2.1,-1.2,-2.3,-6.6,-5.2,-3.9,-3.1,-5.2,-7.5,-1.1,-4.3,0.2,-3.5,0.9,-5.5,-3.2,-3.3,-3.4,-5.7,-3.6,-3.8,-1.7,1.7,-3.3,-3.7,-1.9,-0.9,-1.3,1.2,-0.6,-5.4,-3.5,-0.7,-3.7,-3.4,-4.4,-2.7,-3.3,-2.2,-2.0,-3.0,-2.9,-3.7,-11.3,-2.3,-3.2,-0.3,-9.6,-0.4,-2.2,-0.2,2.4,3.5,4.5,-0.6,-0.6,-1.3,-1.1,-0.6,0.2,-3.0,-2.5,-1.0,-1.7,-2.3,-2.3,-1.7,-1.8,-1.8,-2.7,-3.3,-4.6,-4.9,-1.0,-5.3,-10.1,-2.2,-7.3,-6.8,-7.3,-1.1,-8.8,-2.2,-3.8,-4.5,-8.7,-4.3,-6.2,-7.2,-5.7,-5.1,-4.3,-7.3,-1.9,-3.2,-3.5,-4.4,-3.8,-3.5,-3.7,-5.1,-8.7,-3.3,-7.4,-8.7,-8.1,-0.0,-5.6,-9.0,-8.7,-8.8,-6.8,-7.4,-5.7,-6.0,-8.0,-8.2,-9.1,-7.9,-6.6,-6.1,-7.4
2C7L50yWg6,0,48.099646,11.630903,4442522.21,2777572.87,538.0,583.7,220,7378,3.4,0.75,0.44,32.66,348.96,-0.53,-0.103,0.842,0.0,0.2,-0.42,0.26,1.6,0.2,-0.3,-0.8,-3.5,-2.3,-2.1,-3.7,5.2,1.7,-1.9,0.7,7.5,2.3,-5.4,7.2,-0.9,1.6,-0.0,0.6,-2.1,-1.3,-2.0,1.1,-2.4,2.9,6.2,5.6,-5.2,10.1,-1.9,-2.3,0.6,-9.5,-8.1,-6.1,-0.2,1.2,3.9,0.2,2.5,0.0,0.0,-2.3,-1.4,-2.0,-0.7,-0.5,-0.1,-2.8,-4.1,-6.8,-0.7,12.8,1.5,-2.3,-3.1,-1.8,-0.9,1.7,-1.5,-1.1,-3.3,-2.5,-3.6,0.3,-0.5,-2.2,2.0,-1.1,-0.7,-0.0,-0.8,-0.1,0.3,0.1,1.3,0.2,1.8,-0.1,-1.2,-6.7,0.5,3.1,-1.6,4.3,-1.2,-0.5,-0.3,1.4,0.5,-1.2,-3.2,-2.0,-2.7,-7.7,-0.2,-5.3,-1.5,-5.1,-0.7,0.9,-0.2,-1.1,-3.4,-4.7,0.2,-3.9,-1.8,-0.9,-5.0,4.9,-1.8,1.4,-3.3,2.1,3.6,0.3,0.7,-0.7,2.0,2.3,0.8,-0.9,1.6,1.7,1.4,1.4,1.9,-1.5,2.0,1.9,-0.5,3.3,1.5,-2.9,3.3,-3.2,-2.6,-2.2,0.5,-0.1,2.9,-3.1,-7.6,-2.5,-0.1,-0.3,2.2,2.7,1.2,14.5,2.1,4.0,-0.1,1.7,4.8,0.1,3.8,2.3,0.9,2.2,12.2,0.1,-0.4,6.0,-1.3,-4.0,-1.5,0.4,-6.9,-5.3,-6.0,-1.5,-5.9,0.1,-4.0,-7.5,-3.0,-4.5,8.1,0.7,1.1,-0.1,4.8,0.9,1.7,-7.0,10.8,-4.5,-1.6,2.2,-1.4,0.2,-2.7,-1.2,-6.2,-2.5,-2.6,-0.7,0.3,0.2,-3.9,-5.8,-4.7,-0.1,-0.4,-1.5,-1.0,0.5,-0.3
2C7L50yWg8,0,48.099674,11.631118,4442538.17,2777576.28,543.5,589.2,220,7380,2.6,0.81,0.36,32.66,348.96,-0.53,-0.103,0.842,-0.4,0.1,-0.54,0.2,1.9,0.2,-0.3,-1.8,0.2,-1.1,-1.5,-0.9,-0.2,0.1,0.2,1.8,2.9,-0.7,1.1,-0.6,2.1,-0.0,6.8,-5.9,-2.2,-5.2,-2.4,-3.1,-4.5,-1.8,-4.3,-3.4,-2.6,2.4,-0.7,-0.6,8.8,-0.9,-9.0,-0.8,-1.3,-7.5,-4.4,3.9,-3.4,-3.0,-2.7,-2.7,-0.0,1.6,-3.6,-5.5,0.5,1.5,-0.2,0.1,-0.6,0.9,1.5,0.9,1.0,-1.2,0.8,3.2,1.5,0.2,-0.1,0.3,2.6,0.6,-1.0,0.9,7.8,-0.8,-0.4,1.8,-0.0,-0.8,-0.5,0.7,-0.9,1.0,-3.2,-0.1,-1.3,-3.0,-3.8,-0.5,-4.8,0.2,0.7,2.3,-4.8,-2.1,-4.4,-3.1,-3.2,-1.8,-0.5,-1.9,0.6,-3.7,1.3,0.3,-4.6,-1.1,1.5,-0.6,11.0,-3.0,3.3,-4.3,-1.3,-0.6,-0.9,2.1,0.2,3.8,1.9,3.2,1.8,1.9,-1.4,0.3,-0.6,1.1,1.1,-0.0,-0.5,-0.7,0.3,6.9,-0.8,1.7,3.9,-1.1,-4.4,-2.9,-3.5,-0.3,-3.7,-6.2,-3.3,-3.6,-2.1,-0.8,2.5,0.0,-0.9,-0.5,1.4,0.6,1.2,-0.5,-0.3,3.6,-0.0,-1.0,1.5,1.9,3.0,0.5,-1.6,-3.0,0.1,2.8,-0.8,-6.8,-4.5,-3.5,-6.5,-8.7,0.9,-2.5,-5.9,-4.4,-4.0,-5.9,-5.8,-5.4,-3.0,-2.3,0.0,-0.8,-0.1,0.6,0.2,0.7,-0.0,0.5,-1.7,0.5,3.3,-3.2,2.9,-6.1,-5.8,-1.9,-6.5,-5.8,-8.2,-3.8,-5.2,-4.3,-3.4,-4.1,-0.7,-0.5,-2.4,0.9,-2.8,-0.5,-4.6,-0.8,2.5
2C7L50yWgA,0,48.099672,11.631103,4442537.1,2777576.06,537.3,583.0,220,7382,2.4,0.86,0.4,32.66,348.96,-0.53,-0.103,0.842,-0.3,0.1,-0.28,0.18,1.1,0.2,-0.3,-3.1,-2.4,-1.6,-0.8,0.1,0.2,-0.5,0.5,0.3,2.2,0.9,3.6,0.4,0.9,-0.1,0.1,-0.9,0.1,-0.7,0.2,-2.0,0.1,0.1,0.5,-0.7,-2.4,-2.0,-0.0,8.8,-6.3,0.9,-4.4,-4.6,-2.3,-4.8,-2.5,-1.4,-3.1,-1.7,-1.4,-2.8,2.2,-2.1,-3.5,-2.6,-7.1,2.0,-2.2,0.7,2.0,2.2,-1.4,-0.7,-2.0,-2.4,-2.9,-0.9,0.5,-1.4,0.4,-1.4,-1.1,-0.4,-1.0,-1.1,2.9,-0.0,-2.8,2.3,-2.2,0.6,-2.1,0.5,-1.5,0.8,-3.0,-2.2,-1.5,-3.5,-2.6,0.8,-5.9,-4.2,-0.8,-2.4,-3.0,0.2,-0.8,-2.2,-2.8,-0.6,-0.6,-1.6,-4.5,-4.4,-0.4,2.6,-4.4,-1.7,-0.9,4.5,-5.6,-5.1,10.9,-1.8,-0.9,-1.8,-2.5,2.6,-1.5,-1.2,-0.6,-0.7,-2.3,-1.3,0.2,-2.6,-1.2,-0.2,0.4,-1.0,-1.0,-0.0,-0.5,0.6,-0.4,0.5,0.9,1.1,-1.5,3.7,-1.1,-1.9,-0.9,-3.1,-1.7,-4.5,0.1,2.3,4.7,-1.0,-2.8,-1.9,-0.1,0.4,1.1,-2.5,0.4,0.4,-1.7,0.9,-1.6,1.4,-0.3,-0.5,-0.1,-2.0,-1.3,-0.8,-1.5,-0.3,-4.7,-1.3,-7.6,-8.2,-0.2,2.3,-7.2,-5.3,-5.7,-7.1,-6.2,-5.9,-0.6,1.5,0.4,1.6,2.2,1.7,0.7,-2.1,0.6,-0.7,-2.0,-0.9,-0.4,-2.5,-3.8,-3.5,-7.6,-3.3,-5.7,-1.0,-6.5,-4.8,-5.5,-1.2,-3.7,-0.6,-1.7,-3.8,-2.8,-3.5,-1.0,-1.4,-2.6,-0.5,0.1
2C7L50yWgB,0,48.099703,11.631347,4442555.14,2777579.92,543.9,589.6,220,7383,3.5,0.72,0.44,32.66,348.96,-0.53,-0.103,0.842,-0.5,0.2,-0.16,0.27,2.5,0.2,-0.3,-2.3,-2.5,5.3,-3.9,-1.2,6.6,3.4,2.2,1.1,1.2,1.5,1.6,5.2,-1.3,3.9,3.9,-1.1,1.8,-5.5,-2.0,11.8,-1.4,-9.2,-4.8,-3.1,-0.3,-2.2,-2.0,-6.8,-2.9,-3.7,-14.8,-9.4,-4.4,-8.4,-5.7,-7.3,-0.3,-7.2,-2.0,2.1,-0.5,-1.2,-3.7,-1.8,-0.2,-4.2,-4.8,-5.8,-4.4,-3.7,-0.2,0.1,-1.3,-0.1,-0.1,-1.2,-1.1,-2.2,-1.9,-1.4,0.0,-0.4,-2.1,2.6,0.4,-0.2,-1.7,1.4,3.2,-0.6,1.3,1.1,0.6,-0.6,4.2,0.4,-1.1,-2.4,-6.4,-1.4,-4.8,-1.1,-0.7,6.3,-6.7,-4.3,-5.0,8.5,-4.2,-4.4,-5.3,-2.5,-4.3,-4.8,-2.9,-2.3,-0.9,-0.9,-2.7,-1.5,-5.3,-0.8,0.3,-3.9,0.9,0.0,-3.4,-2.8,-0.3,-2.2,-1.6,1.1,-3.1,1.6,-1.6,0.7,-0.1,-1.9,0.0,-1.7,-0.8,-0.8,-0.9,3.4,13.6,1.0,-3.0,-3.8,-4.0,-1.9,-6.4,-5.3,-9.7,-1.4,-6.3,-4.9,-8.7,-1.0,11.8,-5.4,-4.3,-3.3,-2.5,-2.0,-0.5,-2.8,1.2,-0.7,8.2,0.7,-2.9,-1.0,-1.6,-3.6,-1.1,-5.7,-1.6,-3.8,-3.2,-5.8,-6.8,-0.7,-10.4,-5.1,-6.4,-0.6,-4.5,-4.5,-6.8,-3.8,-7.6,-12.1,-11.3,-1.4,-4.3,-0.1,-2.7,-5.5,0.9,-0.9,-0.5,1.5,-1.5,2.1,-1.5,-1.3,-10.2,-4.2,-2.8,-11.1,-9.2,-7.9,-9.5,1.3,-6.6,1.1,5.0,-4.1,-6.6,-3.8,-5.5,-4.5,-1.2,3.1,-3.3,-2.8,-1.4
2C7L50yWgP,0,48.099811,11.632188,4442617.53,2777593.3,546.3,592.0,220,7397,3.8,0.7,0.69,32.66,348.96,-0.53,-0.103,0.842,-1.0,0.2,0.14,0.29,2.2,0.3,-0.3,-2.2,7.6,2.9,-3.1,-2.7,-4.3,4.6,0.7,2.3,-3.6,2.7,2.0,6.2,0.8,-0.4,-3.4,16.4,-4.0,5.0,4.4,4.6,-1.4,4.0,10.0,6.0,0.1,1.8,1.4,1.4,1.2,4.8,10.6,-3.0,19.7,2.9,-6.9,0.5,-0.9,8.5,2.3,4.0,1.0,0.8,-4.3,2.0,-0.5,-0.8,-0.4,-1.4,-0.3,0.7,2.0,1.9,-1.0,-0.1,3.3,-2.0,-0.4,-0.7,0.9,-4.7,-5.4,6.2,-8.6,1.0,-0.5,-2.9,-4.8,1.7,-1.1,-2.8,0.5,-3.1,0.1,-2.6,0.1,-0.9,1.6,3.8,2.3,0.8,3.2,-1.2,9.1,1.4,7.6,4.0,7.2,2.2,1.0,2.4,-0.9,0.2,5.7,1.7,2.9,-1.9,5.3,3.1,-2.1,0.9,3.7,2.6,0.9,0.3,-0.2,-6.0,-3.5,-3.6,6.0,-7.8,0.8,-1.8,-1.7,-0.3,-1.5,-1.6,-3.3,-2.2,-10.2,-1.2,-3.0,-3.7,-4.4,12.7,3.8,-2.1,7.7,3.0,-2.0,2.1,-2.1,-1.6,-0.2,-0.9,6.7,-1.0,0.8,6.8,-0.2,-1.0,-2.4,-4.4,-2.5,-2.8,-2.5,-5.8,-5.3,-2.9,-2.5,-1.9,-4.2,3.6,-0.6,-4.4,-3.0,-1.5,-3.5,0.4,1.3,-0.4,-1.5,4.1,-2.0,0.3,-1.5,-8.2,-10.3,-1.8,3.9,-1.0,-8.1,-2.4,-4.6,-5.2,-2.2,-4.5,-2.4,3.1,-3.6,0.2,-2.6,-3.7,-1.9,-4.0,0.6,-4.1,-3.6,0.2,-2.3,-3.3,7.3,6.7,-7.0,11.8,-4.1,-1.3,-4.2,-2.8,-8.0,-1.5,-5.8,-5.0,-3.3,-3.4,-4.4,-5.4,-6.3
2C7L50yWgQ,0,48.099818,11.63224,4442621.4,2777594.13,546.1,591.8,220,7398,2.3,0.84,0.36,32.66,348.96,-0.53,-0.103,0.842,-0.3,0.1,-0.77,0.18,1.0,0.2,-0.3,-0.1,4.5,4.7,-0.5,2.1,-1.5,4.5,2.5,4.1,-4.8,4.6,1.2,3.5,-3.1,-1.7,-1.8,1.6,-3.1,0.7,3.8,-0.7,0.9,2.8,7.1,1.6,-0.5,4.1,0.9,1.6,2.8,4.1,-1.7,-4.0,-3.7,2.4,2.1,1.5,5.2,3.1,4.6,2.5,1.4,3.8,6.9,3.2,3.5,-1.0,-0.1,2.8,2.1,2.2,3.1,3.8,3.0,2.9,4.1,-0.7,1.2,0.9,1.8,0.3,2.0,6.4,3.1,0.5,-0.6,1.6,-2.3,2.6,2.1,-2.2,3.2,-2.3,1.6,0.1,4.1,3.3,3.1,3.4,5.1,3.6,4.6,4.1,5.2,4.3,5.8,7.2,4.6,3.7,5.1,3.7,1.6,1.4,5.2,2.8,1.5,-1.6,6.5,6.0,2.7,4.3,5.2,5.1,6.0,4.9,4.2,2.9,1.8,4.3,3.8,4.2,3.7,4.0,2.6,2.2,-1.7,1.0,-1.5,-2.5,3.3,-1.6,4.0,-1.7,3.5,4.4,6.5,-2.5,5.9,3.5,0.9,5.3,5.9,0.9,4.2,3.1,6.2,3.7,3.3,6.3,5.8,-1.5,-1.1,-0.5,2.1,0.2,-0.2,4.2,0.0,2.2,5.4,0.9,-0.1,3.5,3.3,2.3,1.5,1.1,1.3,2.8,2.0,0.9,6.0,4.6,1.7,0.4,-0.4,4.7,1.1,1.6,4.4,2.5,3.5,-1.1,-4.3,-3.2,-1.5,-2.6,-1.2,3.7,2.5,2.0,-0.2,0.7,-0.2,-0.9,1.2,-2.2,3.8,4.7,0.3,0.9,0.0,5.3,-0.2,2.1,0.9,2.5,2.0,0.1,2.4,0.7,-1.9,0.6,0.1,-1.1,-4.4,-2.8,1.3
2C7L50yWgV,0,48.099842,11.632428,4442635.36,2777597.13,541.4,587.1,220,7403,1.6,0.93,0.33,32.67,348.96,-0.53,-0.103,0.842,-0.8,0.1,0.36,0.12,0.2,0.1,-0.3,-1.0,-0.5,-0.3,-1.2,-0.5,-1.0,0.6,-1.8,-0.7,-2.2,-0.9,1.1,-0.5,-1.9,0.1,-0.4,0.7,-0.2,0.4,0.6,-3.1,0.4,-1.3,3.3,-0.7,-1.6,-0.1,3.3,2.5,-2.3,0.1,-4.6,-6.5,-3.6,-2.0,-2.1,3.8,2.3,-0.7,0.8,-0.3,-1.6,-1.2,-1.2,-1.4,-2.4,-1.7,-3.2,-1.4,-2.0,-1.1,-1.4,-2.4,-3.7,-2.8,-2.7,-2.5,-2.5,-1.5,-2.7,-0.6,-2.0,-2.9,-1.2,0.5,-1.6,-1.2,-1.3,-4.3,-2.0,-3.0,-2.4,-2.1,-2.3,-2.8,-1.6,-2.8,-1.5,-1.4,-1.6,-4.7,-3.4,-2.2,-3.0,-1.1,-2.0,-2.2,-1.5,-4.0,-2.0,-2.3,-2.7,-2.8,-3.1,-3.8,-3.8,-2.0,-2.1,-4.3,-2.7,-4.1,-1.0,-1.7,-1.7,-0.9,-2.6,-1.0,-2.4,-2.5,-1.9,-3.4,-0.5,-4.1,-3.1,-2.8,-2.0,-1.9,-1.8,-4.3,-4.3,-2.6,-3.1,-5.2,-2.7,-1.7,-1.4,-0.9,-2.3,-1.5,-6.1,-5.1,-4.5,-1.6,-3.8,-4.4,-3.2,-5.3,-2.5,-2.3,-2.3,1.4,-3.5,-3.5,-2.3,-3.3,-2.8,-1.8,-3.6,-3.5,-5.6,-1.2,-6.9,-3.8,-4.6,-4.5,-5.0,-5.7,-4.7,-0.9,-2.6,-5.7,-2.7,-2.6,-5.4,-8.2,-3.2,-4.6,-7.5,-7.5,-2.3,-4.4,-5.1,-4.8,-2.0,0.1,-4.4,-2.1,-2.4,-0.7,-3.6,-2.1,-3.9,-4.8,-3.5,-4.1,-3.6,0.1,-3.8,-3.6,-3.5,-4.2,-2.8,-4.4,-11.1,-6.1,-3.0,-3.8,-4.5,-4.7,-4.1,-2.2,-4.4,-5.6,-4.3,-3.6,-3.4,-4.5,-3.6
2C7L50yWhO,0,48.100243,11.635548,4442866.84,2777646.79,542.1,587.8,220,7458,2.8,0.83,0.41,32.68,348.96,-0.53,-0.103,0.842,-0.2,0.1,-0.37,0.21,0.8,0.2,-0.3,-2.4,-0.7,-0.5,-1.2,-1.1,4.2,-2.9,0.2,2.0,2.1,1.9,-2.6,1.2,0.7,1.1,-0.2,0.3,1.7,-9.9,-3.6,0.7,-2.7,-0.6,-2.5,0.2,-1.2,0.6,-3.5,2.8,-5.5,3.4,-6.9,-5.5,-3.0,-2.0,-2.2,7.6,-1.5,-1.1,0.4,1.3,4.2,2.7,0.0,1.3,-1.7,1.3,1.7,12.3,-1.4,-1.2,-2.3,0.2,-4.1,-1.6,1.4,1.6,-0.9,1.1,-0.0,-0.5,0.2,4.0,0.5,2.6,0.1,-1.3,0.8,0.3,0.5,0.3,0.5,-0.1,2.2,-1.4,-0.2,0.9,0.4,0.9,-1.1,-2.8,-1.6,-0.4,-0.4,0.9,-6.4,6.0,0.0,-4.2,-1.9,0.4,-0.0,-4.9,4.2,3.0,-0.2,2.3,-0.5,5.5,3.5,2.4,8.0,0.2,5.0,3.0,2.5,-0.3,-6.3,-2.0,-2.6,-1.6,-1.8,1.8,-1.1,1.6,1.6,1.4,2.4,-1.0,2.4,4.5,0.6,1.0,2.5,3.9,-7.6,-0.5,0.2,-5.3,-5.0,1.6,-1.6,-0.8,1.7,-1.2,-0.0,-2.0,-3.6,2.2,-0.5,3.4,0.2,-0.2,-2.7,1.8,-0.6,-1.3,0.5,-0.7,-2.1,1.6,-2.8,-0.2,2.3,1.0,-2.7,0.0,-3.1,1.2,-1.5,-1.3,-2.4,-0.8,-3.4,-5.0,-0.9,1.1,-4.8,3.7,2.9,0.6,-1.0,-5.4,-3.5,1.4,0.2,7.4,-1.6,2.5,-1.4,0.7,0.7,1.5,0.3,1.7,1.5,-1.0,1.4,1.6,-3.2,-2.3,-4.8,-2.1,-4.5,-2.5,-4.2,-0.8,-0.9,-0.2,-0.3,-3.0,3.7,2.7,-4.7,-0.7,-2.0,-3.4,-0.8
2C7L50yniP,0,48.099352,11.628467,4442341.47,2777536.15,544.1,589.8,221,7333,4.0,0.55,0.56,32.65,348.96,-0.529,-0.103,0.842,0.9,0.2,-2.05,0.32,3.4,0.3,-0.3,-1.7,-0.4,-0.7,2.6,-2.5,-0.3,1.6,3.6,2.0,5.3,1.2,-1.9,0.3,-0.4,1.4,2.0,5.0,3.1,3.9,4.5,-0.3,5.2,-0.3,4.6,4.7,3.9,1.2,-0.1,-0.8,0.0,-4.7,-0.9,-2.6,0.0,2.3,1.0,0.3,3.4,3.6,3.0,-3.1,-1.6,1.4,1.9,1.2,-2.2,0.1,-3.8,-2.2,-0.5,11.5,13.6,13.6,14.8,15.4,15.3,5.4,3.5,10.5,2.7,6.9,8.9,0.9,7.9,6.5,-5.2,10.6,19.8,18.3,10.0,11.8,12.5,14.0,11.4,11.9,4.8,6.6,6.9,6.5,6.4,6.4,7.6,14.4,9.3,5.4,6.1,7.0,7.6,8.1,4.7,5.7,-9.4,4.1,4.6,1.9,6.1,-5.8,8.6,4.8,6.6,-9.2,6.7,9.7,0.5,6.3,7.1,2.8,-3.5,6.3,5.8,4.3,14.4,15.3,15.0,13.4,11.0,12.0,14.1,13.5,12.0,18.9,12.6,14.7,8.5,11.2,6.8,9.5,4.8,5.8,5.4,4.2,5.7,8.5,7.4,3.8,5.1,7.4,5.1,7.2,14.6,-1.4,8.4,8.7,7.5,8.3,10.2,22.3,10.9,11.9,9.6,1.2,9.6,8.3,8.1,7.8,11.6,6.7,8.0,5.6,9.9,5.6,2.2,3.5,3.0,2.9,7.0,3.9,2.7,5.1,5.2,5.1,5.6,0.2,-3.0,6.7,2.4,6.6,4.5,5.8,10.3,8.7,9.6,7.8,9.5,9.1,5.2,2.0,4.3,4.5,2.7,5.4,3.9,5.5,2.4,3.9,3.7,5.3,4.9,1.9,5.7,7.6,10.8,7.7,10.1,10.2,11.3,9.8,5.8
2C7L50ynjT,0,48.099841,11.632277,4442624.1,2777596.78,545.4,591.1,221,7399,2.8,0.84,0.32,32.67,348.96,-0.53,-0.103,0.842,0.0,0.1,-0.41,0.21,0.1,0.2,-0.3,1.7,14.3,2.8,-8.7,3.7,-6.1,5.3,4.1,4.1,-9.3,4.1,-4.6,3.0,-2.3,-1.6,3.8,1.1,-2.2,-7.0,2.4,-5.6,8.0,1.3,4.0,-1.2,-2.4,2.8,-2.5,1.4,2.1,-0.7,-3.8,-3.2,-1.5,0.2,-1.6,2.7,2.2,1.4,2.9,1.9,1.9,2.7,5.6,2.8,1.7,-7.2,0.3,2.7,0.9,2.0,3.0,1.4,1.1,0.9,1.7,-0.5,1.2,0.6,1.1,-3.4,2.0,5.5,1.9,-3.3,-5.3,2.1,1.1,0.9,1.2,-0.7,1.0,0.4,2.3,0.7,3.8,2.2,2.7,2.4,3.1,0.5,1.5,1.4,2.7,2.7,3.2,3.8,0.8,2.1,1.9,1.6,2.1,-0.4,2.7,2.0,-0.7,-1.7,4.6,3.3,1.1,3.5,3.1,3.5,2.7,2.3,1.6,1.1,1.1,2.6,1.5,1.8,0.3,1.9,2.2,2.4,-0.9,2.2,0.9,-0.5,1.5,1.8,0.9,-0.5,1.9,2.6,4.0,-3.4,4.3,3.2,0.6,3.2,4.1,0.2,0.8,0.4,1.8,0.3,1.4,4.7,4.9,-6.3,-0.2,-0.1,2.7,2.2,4.1,0.4,2.4,3.8,5.6,2.8,-1.1,2.5,1.1,1.7,2.2,-0.2,1.4,1.4,0.5,-0.5,1.6,4.0,1.0,0.1,-0.7,4.4,-0.5,0.3,4.7,3.1,0.4,-1.6,-8.1,-7.8,3.8,-0.5,-2.0,4.8,1.4,1.3,0.6,-0.2,0.1,2.7,1.1,0.2,2.2,2.5,-0.3,1.2,1.7,2.7,-1.0,2.8,0.3,1.4,0.8,2.6,1.5,0.7,-0.8,0.3,1.8,1.3,-2.0,-0.2,1.1
2C7L50ynkS,0,48.100284,11.635725,4442879.93,2777651.65,545.8,591.4,221,7460,4.3,0.61,0.47,32.68,348.96,-0.53,-0.103,0.842,-1.4,0.2,-0.92,0.33,1.2,0.3,-0.3,-1.4,1.7,3.0,3.6,0.7,1.2,-1.1,-1.8,0.5,-5.5,-1.8,-4.2,-1.4,-1.6,3.3,1.3,-1.9,-0.3,-0.9,12.4,4.5,0.2,-7.4,-0.2,13.7,-0.9,7.1,7.9,5.3,2.0,6.8,-0.8,0.2,-4.9,1.4,-1.8,6.0,3.7,2.7,4.2,-1.0,4.2,2.8,0.3,0.4,5.2,3.7,8.9,1.3,1.7,0.1,1.0,0.8,-2.5,0.1,0.1,-6.1,-4.3,-2.5,-1.8,-0.1,0.4,-2.0,-1.0,-5.5,1.0,0.7,-1.0,-1.0,2.8,-2.3,-6.4,13.5,-3.6,1.2,-3.6,1.2,0.1,5.1,-3.5,5.1,4.5,-2.2,-4.4,-2.6,-2.7,-0.1,-1.5,10.2,-2.0,3.0,-0.7,-0.5,8.3,-7.5,4.7,12.4,5.1,3.1,6.7,6.4,-2.3,10.0,9.3,1.9,7.9,-0.2,2.8,2.1,5.4,-1.1,3.5,10.8,4.7,-2.3,8.5,8.8,2.6,3.8,0.3,5.7,-6.8,-4.0,-1.1,-7.5,2.0,1.3,-0.2,0.4,3.3,-7.1,5.7,-3.3,-0.5,-2.0,-1.9,1.3,-7.9,3.4,7.0,-6.5,-2.3,-2.6,-1.8,-1.9,0.6,-1.3,-0.6,-3.2,-2.4,-0.6,-4.0,-0.7,-3.6,0.7,4.6,-0.3,-1.7,-0.2,-5.8,-9.8,-0.1,-3.1,-2.2,-8.6,-8.2,7.7,-5.6,-2.8,-5.4,0.6,4.4,0.7,-3.0,2.2,-14.6,-3.0,-2.0,-11.1,-3.5,-2.8,-2.5,0.9,3.7,-2.4,0.7,-4.7,-5.0,-1.0,-2.9,-4.5,1.4,4.6,1.0,3.1,-3.9,-2.0,-3.2,-7.9,-5.9,-7.0,-7.3,-14.6,-13.1,-6.2,-10.2,-5.1,-4.3
2C7L50ynlE,0,48.100662,11.638676,4443098.9,2777698.61,556.2,601.9,221,7508,4.4,0.67,0.46,32.69,348.96,-0.53,-0.103,0.842,-0.2,0.2,0.43,0.34,1.0,0.3,-0.3,-5.8,-6.9,-6.2,-7.9,1.3,1.3,-8.0,-11.6,-0.1,-0.1,11.2,-3.0,14.4,9.3,-9.4,15.9,10.0,12.7,15.1,6.6,10.6,-4.8,-3.3,-4.0,-4.5,-2.9,-7.8,5.8,8.9,-3.2,11.9,5.9,-7.1,-4.5,-3.5,-2.0,-9.7,7.7,-6.9,7.4,0.6,-8.7,-9.7,-7.2,-5.3,-4.0,3.2,-5.9,-3.9,-0.8,-2.8,-1.0,-2.8,-3.5,-2.6,-6.8,-3.7,-5.8,-6.3,-5.7,-8.0,-3.3,-5.1,-1.7,-9.1,-2.4,-7.1,2.9,-0.0,-2.3,-1.8,-4.1,0.2,-1.5,-1.6,0.4,-6.3,-3.9,-4.3,-2.5,-2.0,-5.2,-1.6,-3.5,-4.3,0.4,-1.7,-3.9,-0.1,-2.4,-7.3,-1.4,-3.1,-6.3,-2.9,-3.6,-0.8,-3.8,-2.3,-2.5,-4.4,-0.9,-4.6,-3.6,-4.4,-3.7,-3.7,-4.1,-5.4,-2.3,-3.8,0.2,-2.6,-0.4,0.9,0.1,6.0,-0.4,0.5,-4.2,-0.6,4.7,-3.2,-1.1,-0.1,0.7,-2.1,1.1,8.5,-7.2,0.8,-6.2,0.7,-4.1,-1.8,-2.7,-4.3,-3.4,5.6,2.6,4.6,-2.7,-3.4,-3.7,-4.2,-2.0,8.4,-4.1,-4.9,-1.8,2.8,-6.3,-1.9,-3.9,-4.7,-1.6,-4.6,-2.2,-1.2,-7.1,-2.1,-3.8,-1.4,-3.6,-5.1,2.8,0.5,-2.6,-5.0,-0.5,-0.7,-3.7,-2.2,-2.1,-0.3,-2.2,-0.8,1.1,-6.8,-1.1,-1.8,-1.3,-4.1,-2.6,-1.2,-3.7,-2.7,-3.1,3.6,-4.2,-0.1,-1.9,1.1,-3.5,-0.6,-4.7,-2.1,-0.9,-1.2,-3.4,-4.0,-3.5,-3.9,-2.4,-2.0,-2.0,-2.3,-1.3
2C7L50ynlF,0,48.100655,11.638621,4443094.8,2777697.74,550.7,596.4,221,7509,3.3,0.76,0.44,32.69,348.96,-0.53,-0.103,0.842,0.5,0.2,-0.92,0.25,0.6,0.2,-0.3,-0.2,-3.0,-0.9,0.3,7.9,6.9,-1.1,-1.0,-1.4,7.1,-5.5,5.7,-6.6,-5.0,-2.3,-1.3,-4.9,-6.9,-1.3,11.8,-10.7,0.1,-3.0,8.1,8.0,4.5,2.4,2.0,-1.1,1.9,1.3,-4.9,-0.6,0.6,0.5,4.3,-0.0,10.2,1.1,2.6,8.3,2.1,-1.0,2.9,3.7,2.3,12.1,10.0,4.4,7.4,3.5,4.4,1.3,2.4,4.0,2.3,4.1,2.5,3.9,3.5,2.9,4.2,3.5,5.7,5.6,2.4,3.1,6.8,3.6,2.5,3.6,2.2,5.5,3.3,4.7,6.2,3.9,3.9,3.0,1.0,5.1,1.4,3.7,1.8,4.5,0.5,5.2,6.6,7.1,3.4,-0.2,4.5,1.7,1.1,2.7,2.7,4.4,3.6,4.9,3.5,1.3,4.1,3.8,5.7,3.7,3.5,5.0,4.2,3.2,3.0,1.9,0.4,2.0,1.9,3.4,4.2,14.0,4.5,5.5,2.4,3.7,0.8,0.9,4.5,4.5,9.9,1.0,3.3,5.5,3.5,12.3,1.1,5.7,7.0,4.0,5.1,11.5,4.6,8.7,11.5,6.3,2.9,4.5,4.0,3.3,2.4,3.0,2.3,2.0,7.3,5.7,1.1,6.4,1.3,2.2,5.4,-1.4,1.6,3.6,0.9,2.1,6.2,6.0,3.2,3.3,2.4,8.4,3.7,5.2,7.9,1.1,1.9,8.4,2.4,4.0,5.0,2.0,0.7,18.3,3.8,3.2,5.1,3.3,-0.2,-0.7,4.6,1.1,4.9,4.5,1.4,6.2,9.4,8.0,3.0,7.7,3.5,4.0,3.6,2.9,4.8,2.2,0.1,2.1,2.9,3.8,4.3,5.0,4.2
2C7L50ynhh,0,48.099039,11.625884,4442149.78,2777497.11,540.3,586.0,221,7289,4.7,0.59,0.53,32.64,348.96,-0.529,-0.103,0.842,-0.8,0.2,-1.32,0.35,1.3,0.3,-0.3,-1.2,-0.9,1.1,1.7,-4.3,-12.6,-10.7,3.0,10.2,4.0,5.1,4.1,13.6,-2.6,-1.0,-9.6,-1.6,-7.4,-3.0,4.4,-0.2,5.6,0.4,4.3,-1.2,-0.8,2.4,6.4,-1.6,-6.4,0.8,-3.1,-3.8,-4.0,-7.1,-0.7,-1.8,-0.8,2.8,2.3,2.5,3.3,2.1,-0.6,2.5,-2.7,4.5,1.6,4.5,-1.3,-5.9,4.2,7.0,2.8,-6.4,-4.0,-2.4,6.4,-6.1,-2.7,-1.1,-6.1,2.7,-1.6,11.2,-12.9,1.6,2.3,3.1,3.7,1.2,1.8,3.2,0.9,7.1,4.4,10.5,1.3,-0.1,-2.7,1.0,-5.0,4.1,3.2,0.2,7.9,4.3,-0.3,-1.5,-7.5,-0.4,1.1,-0.8,-2.4,-4.3,-0.4,-1.0,6.7,1.8,-8.3,-2.9,-1.2,4.4,-5.2,-0.5,2.9,4.7,0.1,8.6,1.4,-1.5,2.2,3.9,2.3,2.9,3.7,-1.7,3.0,8.2,-0.2,1.5,1.9,-2.9,-0.8,4.0,3.0,-1.0,1.6,-0.2,-2.8,-2.0,1.7,0.2,-1.8,-3.1,2.6,0.5,2.6,-4.0,-0.8,3.3,-5.9,-0.9,-1.8,-2.8,3.3,1.1,-9.2,7.1,9.9,0.1,4.2,-9.4,3.1,-1.8,-5.9,0.8,-2.4,-12.8,1.4,1.9,4.8,-0.1,-2.5,0.6,5.0,0.0,-0.8,-1.0,-8.5,-7.9,-4.8,-10.9,2.0,2.1,3.5,3.0,1.2,7.1,-0.6,2.6,1.5,0.1,0.3,3.8,-9.0,2.2,-2.6,1.8,-2.8,-12.9,-6.5,-7.9,-22.1,-2.8,-2.3,-2.7,-0.6,-16.7,-4.2,-4.1,-9.3,-5.3,-9.6,-8.1,-2.2,-2.6,1.0
2C7L50ynhn,0,48.099086,11.626255,4442177.27,2777503.01,541.4,587.1,221,7295,3.2,0.77,0.42,32.64,348.96,-0.529,-0.103,0.842,-0.3,0.2,-0.49,0.25,0.5,0.2,-0.3,-0.1,-2.6,1.1,-5.8,-1.2,-11.3,-0.4,0.1,-3.9,-0.2,1.2,3.7,4.2,-4.8,6.0,4.7,6.1,6.0,4.2,7.9,4.7,7.6,13.2,6.9,5.2,4.6,4.1,4.9,2.8,7.9,2.9,5.4,1.1,6.6,3.3,4.1,5.5,6.7,5.4,3.5,3.7,3.0,-2.0,4.3,1.4,5.9,3.6,2.9,4.3,1.7,3.1,3.5,3.7,1.7,4.4,4.3,7.1,3.2,3.5,0.9,2.7,3.0,3.0,6.0,7.8,4.7,1.6,4.8,3.5,1.1,3.7,3.1,1.2,-0.7,2.4,3.0,5.0,4.8,5.3,0.7,3.1,5.3,4.3,5.0,7.3,2.1,-0.8,-0.7,4.1,2.0,4.6,5.6,4.4,3.0,6.8,4.4,4.4,5.4,3.7,6.0,5.3,3.6,5.3,3.5,4.7,6.1,3.5,2.3,6.8,3.6,6.4,5.1,3.9,4.4,3.2,7.6,4.7,3.6,3.0,2.6,9.1,3.8,5.1,4.0,5.1,5.5,1.6,7.9,4.3,2.1,6.3,-7.9,6.0,5.6,4.7,4.4,5.0,4.9,5.0,2.9,8.1,-3.2,1.7,-0.7,2.5,3.7,-1.5,1.6,2.3,5.0,9.5,-0.6,1.8,1.6,-0.4,2.0,4.4,2.9,3.2,3.8,2.7,-2.0,1.5,-2.0,-2.2,5.0,1.6,-3.1,1.4,-2.3,-1.4,0.6,0.6,2.3,3.8,0.5,1.6,2.1,12.0,1.1,1.1,-0.8,-4.2,0.3,1.8,3.4,7.9,1.9,0.2,1.2,4.8,13.3,1.4,-4.8,-0.7,5.2,-5.0,-1.4,3.4,-4.7,-0.9,10.7,5.5,10.0,1.1,2.8,7.0,4.6
2C7L50ynjW,0,48.099862,11.632297,4442625.6,2777599.18,540.5,586.2,221,7402,2.2,0.87,0.34,32.67,348.96,-0.53,-0.103,0.842,-0.5,0.1,0.14,0.18,0.5,0.1,-0.3,-1.5,0.3,-2.4,-1.2,0.2,-1.1,-0.9,-0.7,-0.7,2.0,-1.4,-1.1,-1.3,2.5,2.1,3.7,1.8,1.4,1.2,0.3,-1.8,2.1,0.1,2.8,3.1,-1.3,-4.4,-1.6,-4.8,-1.5,-2.9,-3.9,-5.8,-3.7,-5.0,0.2,1.6,-1.8,-0.4,-0.6,-2.6,-2.7,1.2,2.1,-2.7,-2.2,-3.7,-2.6,-4.7,-3.3,-6.0,-5.7,-6.7,-3.9,-6.5,4.8,-3.0,-2.4,-7.3,-1.8,-3.6,-1.0,5.8,-2.3,-3.6,-5.0,-1.1,-5.8,1.5,-9.8,-4.8,-2.8,-4.0,-3.3,-2.9,-2.1,-2.2,-3.1,-3.5,-2.4,-0.8,-2.9,-2.5,-2.5,-2.6,-0.4,1.0,-2.4,-4.1,-2.0,-3.3,-3.2,-5.8,-2.4,-4.6,-5.5,-7.1,-4.1,-1.9,-6.5,-4.0,-1.7,-2.3,-2.2,-2.0,-4.5,-3.6,-6.0,-0.6,-3.4,-2.8,-3.8,0.1,-3.6,-0.4,-2.4,-1.8,-1.9,-2.2,-2.0,-2.6,-2.7,-1.2,-4.3,-0.6,-0.5,-4.8,-1.3,-1.2,-5.7,-2.8,-1.0,-1.4,-2.8,-0.6,-0.8,-1.8,-0.9,2.1,2.0,-3.8,-4.1,-4.8,-1.9,-1.7,-1.6,-2.1,-0.9,0.2,-1.0,1.0,-3.0,-1.4,-2.9,-1.5,-1.5,-2.4,-1.3,-3.2,-3.0,-1.1,-1.8,-2.0,-4.6,-5.9,-4.7,-0.1,-7.1,-2.5,-3.3,-3.7,-6.0,-5.9,-6.3,-4.6,0.6,-3.6,-3.5,-10.2,-2.0,-0.2,-3.3,0.6,-4.5,-2.6,-1.5,-3.5,-2.6,-1.7,-8.0,-4.7,-4.2,-2.6,-7.1,-1.7,-3.8,-1.3,-4.2,-4.2,-2.9,-4.5,-4.6,-5.3,-0.6,-7.0,-6.9,-3.3,-3.2
2C7L50ynjm,0,48.099998,11.633353,4442703.91,2777615.97,546.3,592.0,221,7418,2.7,0.84,0.38,32.67,348.96,-0.53,-0.103,0.842,-0.5,0.1,-0.18,0.21,1.1,0.2,-0.3,-0.2,1.2,2.3,2.3,3.1,-2.6,4.1,1.5,4.2,0.1,3.7,-1.0,5.6,-1.1,1.7,0.5,7.0,4.3,0.3,-2.5,1.6,7.1,1.7,5.5,6.4,-3.2,-0.8,-0.2,4.7,2.5,4.5,-3.4,-3.4,2.4,0.0,-1.5,10.2,-0.3,0.9,3.2,4.9,0.7,3.3,3.3,3.0,2.5,1.8,-0.8,1.7,0.9,1.9,2.4,2.1,0.5,1.5,1.1,0.0,0.2,1.1,3.9,2.0,0.4,-3.0,0.6,2.4,-4.7,0.1,-1.4,3.4,1.7,1.5,2.1,1.5,2.7,1.3,2.5,2.1,4.3,1.1,2.0,2.8,0.2,-1.2,-0.8,2.7,0.4,6.6,6.0,3.7,6.5,6.6,2.4,3.0,5.0,6.7,1.8,0.5,6.9,4.3,4.9,2.9,0.9,3.4,4.6,1.2,6.3,2.1,5.3,2.1,2.6,4.0,2.6,2.5,2.3,-0.1,-0.7,-1.4,-0.7,-1.8,1.6,1.1,1.4,0.2,0.2,0.5,1.8,3.3,1.1,2.8,8.5,5.5,1.9,-2.4,-0.0,-0.9,3.9,4.4,2.8,0.6,1.7,-4.8,-0.6,0.4,1.2,-2.2,0.9,-3.9,-1.2,-1.9,1.3,6.2,0.8,-0.9,-4.7,0.7,0.1,-0.3,1.4,0.2,2.6,3.4,5.1,-1.7,1.2,3.9,1.1,5.5,-2.3,-6.4,4.5,1.9,0.1,-0.2,-2.3,-1.7,-2.6,-2.9,-1.8,-16.6,-0.4,0.5,0.0,0.4,0.0,-1.7,-0.9,-0.9,4.5,-0.4,0.9,1.6,4.3,-0.4,-2.7,2.0,0.7,1.4,-2.8,-0.2,-1.7,0.6,-0.2,1.2,0.0,-0.4,2.2,0.2,3.2
2C7L50ynkw,0,48.100518,11.637408,4443004.74,2777680.51,543.0,588.7,221,7490,3.2,0.77,0.4,32.69,348.96,-0.53,-0.103,0.842,0.1,0.2,-0.29,0.24,1.4,0.2,-0.3,0.1,-0.4,-0.8,0.9,-1.3,0.2,-0.9,-0.9,1.1,2.2,-2.6,0.9,-1.4,-4.2,0.8,2.1,1.3,0.4,-2.5,-3.6,-1.7,-1.9,-1.3,-0.2,-1.3,0.5,-3.1,0.5,-2.8,-3.5,3.1,-4.7,-3.9,-3.8,-8.8,-0.3,-3.1,-1.3,-2.2,-4.8,-6.9,-0.9,-3.0,-0.4,-3.1,-2.5,3.4,2.9,-1.0,1.8,-0.8,-0.3,-0.3,-2.5,1.3,-0.9,2.8,3.5,6.2,3.1,2.8,1.0,-0.0,1.1,3.5,2.3,1.7,-9.7,0.0,-0.7,0.9,-1.3,-0.7,-3.0,-0.7,-1.2,0.5,-2.0,-1.8,-2.3,1.1,-2.5,9.8,1.6,-0.8,-1.7,-2.1,-4.1,-4.1,-1.6,-2.2,0.9,-2.0,-6.2,-2.4,-3.0,1.4,-0.8,-3.1,-5.3,-6.0,-1.3,-4.3,-5.5,1.9,-6.9,-6.0,9.7,-4.9,-7.0,-3.5,-3.7,-3.7,-0.4,-1.1,-0.8,0.3,-1.5,-2.1,-1.1,1.8,1.4,-0.1,-0.5,-0.0,1.6,-1.1,-3.6,-3.6,-2.5,4.8,-2.1,4.3,-2.2,4.0,-1.6,0.8,-1.3,2.8,1.8,6.6,2.2,4.6,0.1,3.1,3.9,11.0,2.4,0.2,0.8,6.4,4.1,1.2,1.5,0.6,1.5,4.7,1.7,3.3,-1.9,-2.5,-9.3,-1.2,-4.8,-12.2,0.3,-7.3,-8.2,-1.5,-1.2,-3.0,-2.1,-0.9,-0.7,-1.6,-5.0,-1.5,-0.1,-1.0,-0.6,-2.0,-0.7,-8.0,0.6,-2.4,1.6,-0.1,3.1,4.5,-2.0,4.9,-1.3,0.3,-5.5,1.1,-7.8,-0.9,-0.4,-0.6,1.1,1.7,1.1,0.7,1.0,1.2,-0.8,-0.4,-8.7
2C7L50yniQ,0,48.099387,11.628454,4442340.39,2777540.07,541.2,586.9,221,7334,3.5,0.74,0.48,32.65,348.96,-0.529,-0.103,0.842,-0.1,0.2,-0.74,0.27,1.2,0.2,-0.3,2.6,-1.2,-3.4,2.3,3.9,4.2,2.0,1.4,0.2,1.0,-2.3,3.9,3.1,1.8,-1.9,-0.7,3.9,-3.7,-3.6,-1.2,-4.5,-3.0,-2.2,-2.8,0.4,-2.4,-2.1,1.8,1.2,-4.5,-14.8,-10.0,-8.2,-4.2,-4.0,-1.0,-3.3,-2.2,-3.3,-4.1,2.5,5.9,-4.5,-6.2,-3.9,8.5,-6.7,-4.2,2.9,2.3,4.1,0.7,-1.8,-1.7,0.1,2.8,1.5,0.5,0.2,-1.6,-1.9,1.1,-5.7,1.2,2.3,1.5,-2.9,1.0,-3.2,-2.8,-1.4,0.9,-1.5,0.1,3.5,-3.6,-3.5,-0.4,-3.6,-1.0,-2.5,-3.4,5.1,-4.9,14.1,-1.8,-0.4,-0.1,-1.0,-2.7,0.9,4.0,2.5,1.4,-3.4,7.2,3.7,1.3,-3.2,-0.5,3.2,-1.5,1.2,-6.5,1.8,0.7,2.1,2.8,-0.2,-0.1,-9.5,5.6,6.9,2.3,2.0,2.9,-0.1,-2.1,-2.3,2.3,-0.4,0.0,-3.0,-1.7,-0.3,4.0,1.2,-1.7,2.6,-1.2,-0.9,-0.9,7.1,2.7,-3.9,-3.3,0.2,2.6,2.8,5.4,3.7,2.7,1.3,2.0,3.6,3.9,15.7,2.4,7.4,-0.3,-2.6,-3.1,-1.7,-2.1,-5.5,1.3,-1.9,2.7,-5.0,0.5,-4.0,-5.6,-0.8,-2.9,-2.3,5.6,0.7,-3.8,2.6,-0.6,-1.3,-3.7,-5.9,-1.3,1.4,1.3,-4.7,-2.8,-0.3,1.9,-3.8,-0.4,2.8,0.5,0.3,-2.4,5.2,-4.0,-0.9,-1.6,-0.3,-4.5,-4.1,-3.2,-3.9,-4.1,-2.3,-3.6,-0.9,-2.3,-4.9,1.4,-1.9,-1.0,3.8,3.9,-2.1,-3.0
2C7L50yniw,0,48.099645,11.630463,4442489.43,2777572.02,548.7,594.4,221,7366,2.7,0.82,0.43,32.66,348.96,-0.53,-0.103,0.842,-0.4,0.1,0.08,0.2,1.1,0.2,-0.3,-0.7,2.1,4.5,0.8,0.3,0.6,1.3,1.8,0.5,-4.3,-0.9,-3.6,2.7,-1.2,3.2,4.9,1.1,4.2,1.1,4.3,-3.9,1.0,-2.5,1.1,4.6,3.7,0.8,-3.0,-3.3,-0.3,1.9,-3.5,0.5,2.7,4.9,0.9,2.6,1.8,4.6,1.4,-0.0,-0.6,-0.0,5.4,3.5,1.7,-1.6,-3.6,1.2,-1.8,-0.8,-0.5,1.1,0.2,1.6,3.9,-1.2,1.4,-0.6,2.1,-0.1,4.4,0.3,-4.0,-10.0,-4.2,-1.9,-2.9,-1.5,4.4,-1.1,-1.2,-2.8,-0.5,3.2,3.8,1.5,1.3,3.2,1.4,-4.7,1.5,-2.3,0.8,-1.6,-1.5,3.7,6.1,3.7,6.5,-0.0,-2.9,-3.9,5.5,-1.9,-1.3,-1.9,5.8,3.3,2.2,-1.1,-0.8,1.5,-0.3,6.7,1.9,-0.6,-0.4,-2.9,-0.9,-2.5,-0.7,-0.2,-2.4,-1.3,-3.8,-4.8,-2.8,-2.8,-1.9,-3.0,-2.3,-0.8,2.3,4.0,2.4,-5.5,1.9,0.1,2.1,-3.2,-3.5,1.6,-1.3,5.4,-0.0,4.6,5.1,4.0,0.3,-4.8,-0.9,-1.6,0.1,-0.8,-2.1,-1.9,-3.9,-1.4,1.0,-6.0,-3.3,0.7,1.9,1.7,-1.1,-1.5,-1.6,4.5,-1.9,6.5,0.5,1.0,0.3,0.9,-0.6,-1.7,-0.8,-3.2,1.1,-1.9,0.5,-3.9,-4.4,-4.0,-3.7,-2.9,-1.9,-6.6,-0.3,0.2,1.9,-1.0,3.6,-1.7,-0.6,-2.9,1.6,-0.9,-4.5,-1.7,1.4,0.6,1.4,0.9,-0.3,3.8,-3.3,-3.2,-4.0,-3.5,-3.2,0.3,0.0,-1.9,-3.2,-4.7,2.7
2C7L50ynjV,0,48.099877,11.632271,4442623.56,2777600.81,542.2,587.9,221,7401,1.5,0.94,0.3,32.67,348.96,-0.53,-0.103,0.842,-0.4,0.1,0.11,0.12,0.5,0.1,-0.3,0.7,-0.3,-0.1,-2.1,-0.4,-1.2,0.8,-0.0,0.3,-1.1,-0.5,-1.7,1.9,0.6,5.9,3.6,0.9,1.2,0.7,1.4,-0.7,1.6,0.9,1.8,1.9,2.2,0.1,-2.1,0.3,0.4,-1.1,-1.4,-2.1,0.9,-2.0,0.4,3.1,0.6,1.4,1.2,0.2,0.8,0.2,1.7,0.5,-0.4,-0.4,0.4,-0.5,0.3,-0.1,-0.0,-0.7,-1.0,-1.1,-0.9,0.1,1.3,-0.9,1.2,-1.6,-0.5,-6.2,1.9,0.6,-2.7,1.0,-1.8,-0.7,-1.8,-0.9,-0.7,1.2,0.4,2.9,1.7,0.7,0.6,-0.2,0.9,-1.0,-2.8,-1.4,-0.6,-0.5,-0.6,1.2,-0.5,0.3,0.0,-1.4,0.9,-2.2,0.5,1.1,-3.1,-1.9,0.7,1.3,-3.0,-0.4,1.0,1.8,-0.4,0.0,-0.6,-0.4,-1.9,0.2,-2.2,-1.0,-2.0,-0.5,-1.7,0.2,-0.9,-0.4,-1.9,-0.5,0.2,-0.6,-1.6,0.3,-1.9,2.0,3.9,-1.7,1.8,2.9,-0.8,-0.1,1.7,0.8,-0.2,-1.6,-0.2,-1.6,-1.9,1.7,0.9,-2.4,-2.5,-1.6,-0.6,-1.9,-0.1,-5.3,-2.0,-0.9,-0.8,-3.7,-3.1,1.5,-0.3,-1.4,-1.1,-2.2,-2.4,-1.1,-2.1,-1.6,-1.2,0.7,-0.5,-1.7,-1.8,1.9,-3.1,-1.5,0.2,0.9,-3.1,-3.2,-3.9,-1.4,-1.2,-1.8,-1.4,2.9,-0.7,-0.9,-1.5,-1.5,-1.3,1.4,0.1,0.2,0.5,1.2,-3.2,-2.8,-2.6,0.1,-3.9,1.6,-1.9,-0.1,-0.7,-1.9,0.1,-2.2,-3.6,-3.0,0.3,0.7,-2.6,-2.1,-2.2
2C7L50ynkq,0,48.100501,11.637131,4442984.14,2777678.15,547.9,593.6,221,7484,2.3,0.85,0.37,32.69,348.96,-0.53,-0.103,0.842,-0.4,0.1,-0.11,0.18,1.7,0.2,-0.3,0.6,0.9,2.3,3.2,0.3,-3.6,3.0,1.2,-0.5,0.6,1.3,-4.1,-1.5,-0.5,0.9,0.9,-0.4,0.7,1.9,0.5,1.6,-0.5,0.8,2.0,2.4,2.6,1.9,1.7,-0.3,-0.2,9.5,-5.2,-3.2,-0.2,0.4,1.8,3.4,3.2,3.6,2.6,5.1,3.0,0.6,3.7,2.9,1.2,1.0,0.9,-0.7,0.5,1.2,2.8,3.5,-1.0,-3.9,0.9,-0.6,-1.2,-0.8,-1.6,-2.3,0.3,-1.9,-3.2,-5.8,-0.7,-3.2,0.3,0.1,0.8,-0.3,1.7,-1.1,0.0,0.9,0.8,1.2,0.5,-1.3,0.9,0.0,-1.6,1.0,2.6,2.3,2.0,1.5,1.4,2.7,1.2,-0.0,0.1,0.9,0.6,2.6,4.5,5.6,4.8,1.9,3.6,2.3,0.5,2.6,1.8,0.1,2.8,-0.5,0.9,2.7,1.5,2.0,0.7,-0.5,-1.3,-2.5,-6.1,-1.6,-2.4,-2.8,-2.6,-3.5,-3.0,-3.6,1.0,2.5,2.3,1.2,-2.8,5.0,3.2,2.4,2.4,2.7,-2.3,1.8,1.2,2.6,0.5,3.1,0.6,-3.2,-0.9,-1.6,-0.3,-3.0,-1.0,2.7,1.2,1.0,-0.2,1.0,-1.1,-0.5,-1.4,-3.2,2.2,-2.8,1.0,1.2,-1.1,-2.1,0.3,-0.2,-0.8,0.0,6.7,1.1,-2.3,2.3,0.7,2.2,-0.7,3.9,0.7,5.8,0.1,-5.9,-0.8,-14.6,-1.5,2.3,-6.5,5.1,-2.7,-2.6,-0.9,-6.3,-1.5,1.1,1.2,-1.8,3.3,2.3,1.6,4.7,0.7,0.8,-1.4,0.3,0.7,-2.3,-1.6,-2.5,-0.3,-2.2,-2.9,-3.3,-5.5
2C7L50ynkt,0,48.100519,11.637266,4442994.15,2777680.3,545.0,590.6,221,7487,2.5,0.87,0.4,32.69,348.96,-0.53,-0.103,0.842,-0.3,0.1,-0.23,0.19,0.8,0.2,-0.3,-0.6,0.5,2.6,1.7,0.0,-1.8,2.5,1.3,1.9,-2.1,1.0,0.1,0.5,1.3,1.0,2.0,0.8,1.4,-1.4,-0.5,0.1,-0.1,1.2,2.1,0.2,2.2,2.1,4.6,-1.0,-1.5,2.6,-6.6,-14.1,4.3,5.6,5.6,11.5,9.0,6.9,12.8,3.4,0.8,-3.9,3.3,3.2,2.0,0.6,0.0,2.2,2.3,1.8,2.2,3.7,2.0,1.8,1.9,1.8,1.6,1.9,1.1,-0.2,2.2,1.6,2.3,-1.0,1.7,1.2,3.5,2.9,0.9,-1.8,2.5,-1.6,2.0,1.6,3.0,4.7,0.1,1.7,2.0,4.5,3.9,1.7,2.6,3.2,1.5,4.6,1.4,3.9,1.0,0.9,-1.9,1.5,1.5,2.5,5.4,-0.8,4.0,2.6,4.4,3.0,2.2,5.1,6.0,3.3,4.1,0.7,1.4,1.1,1.3,1.2,0.5,-0.1,0.7,1.1,-1.5,2.5,0.3,1.5,1.1,-2.1,1.1,-0.2,1.1,2.2,3.3,0.6,3.6,2.9,1.9,4.1,2.4,2.1,1.5,2.0,0.1,2.5,0.2,3.6,2.7,3.6,-0.5,-1.6,-0.5,-0.7,0.0,-1.3,-0.4,0.2,-1.9,2.9,-0.7,0.6,2.0,0.7,0.5,1.5,1.2,1.6,0.8,-0.2,2.2,0.2,0.4,-0.5,-1.0,4.3,-1.2,0.3,2.4,3.9,-0.0,-5.5,1.3,-0.4,-3.3,0.2,-1.2,9.3,-0.4,1.0,-2.7,1.1,-3.0,2.5,3.1,-0.7,2.2,2.4,2.1,2.1,3.5,1.7,2.6,2.0,1.0,4.0,3.3,-1.3,1.0,0.1,-0.9,0.5,-1.3,-0.7,-2.3,0.2,-0.1
2C7L50ynhw,0,48.09918,11.626694,4442209.76,2777514.12,537.7,583.4,221,7304,3.8,0.72,0.43,32.64,348.96,-0.529,-0.103,0.842,-0.1,0.2,0.24,0.29,0.4,0.3,-0.3,-0.7,-1.9,-2.1,2.0,-3.0,3.9,-0.5,1.2,0.7,2.5,2.0,3.9,1.4,1.4,-1.7,1.5,1.8,-5.7,0.1,-6.2,1.8,-0.6,2.1,-1.0,3.5,1.1,1.1,0.9,-4.1,-3.9,-5.1,-2.0,-5.6,-1.6,7.5,-3.2,1.5,0.7,2.8,10.9,-9.8,-7.2,5.0,2.7,6.9,-2.9,-4.0,-10.5,1.4,-5.5,1.5,-5.4,-0.7,-2.7,-1.8,0.1,-1.7,-0.2,-2.0,-2.8,-1.2,1.1,-0.9,-6.6,-6.1,-4.0,-0.6,-3.2,11.0,-3.4,-4.2,-3.1,0.1,-3.2,-2.4,-1.3,2.5,2.1,-3.6,4.5,-5.5,-0.3,-3.6,1.9,-5.5,2.2,-4.9,2.2,-1.6,-2.1,-4.2,-0.9,-1.4,-1.2,-2.4,-2.7,-1.3,0.7,-0.5,3.4,-2.1,-4.9,-1.3,1.1,-1.7,0.5,-1.2,-0.9,-1.4,-2.6,-2.4,-3.2,-2.6,-4.1,-2.9,0.3,-6.5,-3.2,-3.9,-0.5,-4.1,-1.5,-2.0,-4.5,-4.3,-0.6,-4.0,1.1,-2.2,-1.9,-3.3,-10.4,-0.7,14.4,1.4,4.1,0.4,2.6,3.4,5.1,1.5,1.2,-2.9,-4.5,-3.7,-1.3,-1.1,6.8,6.7,8.6,-3.2,2.8,-2.6,-1.8,-2.6,-6.6,-3.7,-3.4,3.3,7.1,4.4,-3.7,0.3,-4.1,-1.6,-0.4,-3.9,-3.6,-4.1,-2.3,-2.1,-5.6,-5.3,0.0,-2.3,-5.5,-4.2,-4.3,-0.5,-2.1,-1.7,-1.9,-1.4,-0.8,-0.9,1.3,-5.5,-2.5,-3.2,-3.4,6.5,3.5,-0.7,-8.5,-3.9,-5.3,7.0,-3.7,-9.0,2.5,13.5,-1.9,-1.7,-4.6,-3.3,0.1,-1.1,-0.6
2C7L50yniM,0,48.099374,11.628207,4442322.06,2777538.21,539.6,585.3,221,7330,2.5,0.86,0.41,32.65,348.96,-0.529,-0.103,0.842,-0.1,0.1,-0.1,0.19,0.9,0.2,-0.3,-0.1,-0.2,-0.5,0.3,-0.1,1.4,0.3,-0.3,-2.2,-1.8,-2.3,0.0,8.0,-1.0,-4.6,15.0,2.4,0.2,0.3,2.4,1.5,2.1,2.7,6.6,0.7,2.6,3.4,1.3,1.1,1.6,-0.9,1.2,-3.1,-1.4,1.3,3.1,2.4,3.7,4.4,0.1,-0.4,0.3,2.5,1.5,-0.4,0.4,-0.9,-0.4,-0.0,-1.5,-0.1,0.2,0.7,3.4,0.0,1.9,-0.8,0.2,0.3,0.9,-0.9,9.8,3.5,0.8,0.0,-1.1,-0.3,3.1,-1.3,0.0,4.3,-5.9,-2.8,3.3,-0.2,-1.6,3.8,9.1,5.7,5.0,5.5,2.7,1.6,2.9,-0.1,6.0,3.6,5.3,4.9,3.2,3.4,0.7,-0.3,6.4,-0.5,1.9,-0.5,0.2,0.4,0.8,-1.0,-0.4,3.1,3.5,-0.1,1.2,-1.1,0.4,1.3,1.8,0.8,-0.4,-0.6,-0.4,-0.6,-1.0,-3.9,-1.2,-1.3,-2.0,-2.1,-0.9,-0.9,0.1,3.2,-0.0,-0.2,0.0,0.3,-2.9,2.7,1.9,2.5,3.7,0.9,1.8,4.7,4.9,3.5,2.5,0.5,1.4,-0.0,1.1,-0.2,2.1,1.3,1.9,1.3,2.8,0.2,1.1,1.2,0.7,0.6,-1.9,1.9,0.2,3.5,-0.3,3.7,-6.1,5.5,-2.4,-2.5,0.6,2.5,-1.1,5.6,5.4,1.9,1.6,-2.5,2.2,-0.5,2.3,-1.6,0.7,-3.8,0.2,3.0,1.3,0.8,1.5,0.7,1.2,0.3,0.3,0.7,0.7,-1.7,3.8,2.1,0.3,1.6,1.5,0.2,3.0,-1.2,-0.7,-1.3,-2.1,-1.1,1.7,0.7,-1.2,0.6,4.1
2C7L50yniT,0,48.099442,11.62874,4442361.59,2777546.67,547.6,593.3,221,7337,2.7,0.83,0.33,32.65,348.96,-0.53,-0.103,0.842,-0.4,0.1,-0.49,0.21,0.3,0.2,-0.3,0.3,0.8,-1.9,-0.1,-1.4,1.3,-2.5,0.6,0.0,6.3,-1.0,-0.7,0.8,1.5,2.4,3.2,3.1,3.8,2.4,4.9,2.7,4.6,-2.2,4.7,4.8,4.1,-2.5,1.2,-0.6,-0.1,-5.5,-0.1,-2.2,0.8,-3.3,2.7,-5.2,2.5,4.9,2.5,-1.1,2.6,-4.5,1.5,-0.9,-0.1,1.8,1.8,-0.0,2.1,2.5,1.0,-0.5,-1.0,-1.1,0.2,-0.3,-0.1,-0.1,-0.5,0.4,-8.2,-7.7,1.3,1.8,4.1,1.1,-1.1,-0.9,0.2,-1.0,-1.1,-1.4,0.1,2.6,2.4,4.5,0.8,3.8,2.7,-3.6,0.9,0.3,4.9,3.2,-0.1,3.9,3.9,3.3,0.9,5.1,-1.3,-3.5,3.5,0.6,-5.2,3.7,4.2,2.8,0.6,3.0,3.4,3.4,-0.6,3.0,3.9,0.2,2.3,6.6,-4.3,3.0,0.9,1.6,1.0,2.7,1.0,6.2,0.2,2.1,0.5,5.3,-0.4,-0.1,-2.8,4.0,5.8,1.2,1.8,1.0,3.0,-0.4,2.4,0.4,3.1,0.6,1.1,3.7,2.5,0.7,3.7,-0.0,-1.2,-1.5,-1.5,-0.2,2.4,-1.1,1.6,1.5,1.5,-0.7,-1.9,-1.9,-1.7,-0.3,1.4,-1.2,-4.4,1.1,1.8,1.9,-0.4,2.0,-2.5,-3.4,-1.5,-3.9,-2.7,-1.1,-1.9,-2.2,-3.3,-6.0,-0.9,1.8,11.1,0.8,0.7,8.7,2.2,-0.4,-1.7,-0.3,-1.1,-2.3,-2.6,-0.2,-1.1,0.6,-2.7,-3.1,-1.3,2.2,-1.3,-1.6,-0.4,2.0,-3.3,-6.0,0.3,-0.9,-1.6,-1.9,-1.5,-3.8,-1.9,-0.1,4.5
2C7L50ynin,0,48.09957,11.629731,4442435.1,2777562.46,538.9,584.6,221,7357,2.0,0.9,0.3,32.65,348.96,-0.53,-0.103,0.842,-0.5,0.1,-0.1,0.15,0.1,0.1,-0.3,-2.6,-3.7,-2.3,-1.5,-1.8,3.7,-1.8,0.6,-2.0,0.8,-3.3,3.0,-0.7,1.7,0.1,-1.4,0.8,-0.5,1.0,2.0,-0.4,-1.3,-1.4,0.9,4.8,-2.2,-1.0,2.2,-1.6,-5.5,-0.8,1.3,-5.5,-1.9,-2.5,-0.0,-2.3,1.2,0.5,0.1,-1.1,2.1,0.4,2.3,0.0,-2.7,-1.1,0.1,-1.1,-0.4,-1.4,-1.4,-3.2,-0.3,-3.1,-2.2,-0.1,-3.5,-1.3,-0.0,-3.0,-1.7,-2.7,-1.4,3.5,1.9,-1.7,-1.5,-3.0,-3.4,-2.3,-3.8,-0.8,-3.1,-2.8,-0.1,-1.5,-0.9,-0.9,1.9,-0.3,-0.5,-0.9,-0.8,-0.5,-4.4,1.8,-1.9,-1.3,-2.7,-2.1,-2.3,-3.0,-2.4,-3.9,-4.1,-2.7,-4.7,-4.7,-2.7,-3.5,-3.3,-1.7,-3.7,-1.6,-2.9,-2.0,-1.3,-0.9,-1.7,-2.6,-2.5,-2.3,-3.9,-2.6,-1.5,0.6,-1.8,0.5,-1.5,-1.4,-0.8,-2.1,-3.1,1.8,-0.6,-1.1,-3.5,0.0,-0.9,-3.1,-1.3,0.8,-0.2,-5.3,0.7,-1.9,-3.3,0.2,-1.0,1.0,-2.0,-0.8,-1.8,-1.1,-2.7,3.1,-1.4,-0.1,-4.8,-0.0,-3.1,-3.6,-4.4,-5.2,-2.6,-1.9,-3.0,-2.0,-1.9,-1.5,-5.2,-5.8,-2.9,-5.0,3.5,3.2,-4.3,-2.4,0.4,-0.4,-0.8,-4.2,-2.8,-1.4,-0.9,-2.1,0.1,0.7,-2.2,-4.3,-3.0,-4.8,-1.2,-3.1,-1.1,-1.4,-2.8,0.7,-4.5,3.4,-0.1,-1.3,-7.8,-4.2,-6.2,-2.8,-3.8,-0.7,-7.1,-2.9,-4.8,-6.4,-5.3,-3.6,-4.3,-4.1,-5.7
2C7L50ynit,0,48.099605,11.630007,4442455.58,2777566.86,536.7,582.4,221,7363,2.2,0.87,0.37,32.66,348.96,-0.53,-0.103,0.842,-0.3,0.1,-0.89,0.17,0.9,0.1,-0.3,-1.3,0.8,-1.3,-1.9,-1.2,1.4,-0.6,1.6,-0.9,1.0,-1.4,0.4,1.6,0.3,1.7,4.4,0.4,0.9,-0.8,3.7,-0.3,0.4,-0.2,-0.0,2.5,0.8,-1.0,1.8,-1.3,-5.8,-0.9,-5.1,-5.8,-3.8,-1.1,8.6,-2.3,10.4,2.4,0.5,-1.9,1.6,-1.2,-3.1,-7.7,-3.9,-1.5,0.9,-2.1,-0.2,0.4,-0.6,1.2,0.1,-0.2,1.1,1.3,2.1,1.1,1.3,1.3,2.1,5.1,-0.8,0.9,2.0,0.6,-1.3,1.4,0.7,0.6,1.1,2.0,0.9,1.4,0.6,0.4,-0.5,0.7,-0.5,0.4,1.2,0.6,0.9,1.9,-2.2,3.8,2.2,-0.1,-3.6,-0.1,-0.6,-0.3,-1.5,-5.8,-1.7,-1.6,1.0,-0.4,2.0,0.9,1.7,0.4,1.1,0.2,-0.2,-1.2,-0.2,1.4,1.7,1.1,0.1,1.7,-0.9,2.6,3.3,3.8,1.4,2.4,0.5,0.1,-0.1,1.1,1.5,2.8,1.9,2.5,1.5,0.7,0.6,1.3,2.7,3.5,6.7,-2.0,1.1,3.5,5.2,4.0,5.0,0.2,1.3,0.7,2.8,1.7,3.3,2.0,0.4,2.3,2.8,3.4,-1.0,1.6,-1.0,0.4,-0.9,-2.9,-1.0,-5.3,-3.2,-0.7,-2.7,1.6,-4.2,-3.3,0.5,-1.2,-4.6,-2.6,-1.9,-2.5,-2.0,-2.9,-1.9,-0.9,1.8,1.6,1.6,-2.1,1.2,0.5,1.4,-1.6,0.2,1.9,-0.5,0.9,-0.5,0.6,-1.9,-0.2,-4.7,-0.9,-4.8,-1.4,-3.6,-2.3,-3.9,-4.1,-4.7,-1.8,-3.0,-3.3,-3.8,-3.0,-1.5,-1.3,0.3
2C7L50ynje,0,48.099998,11.633068,4442682.65,2777615.53,553.8,599.5,221,7410,4.7,0.63,0.53,32.67,348.96,-0.53,-0.103,0.842,0.2,0.2,-0.34,0.36,2.5,0.3,-0.3,-0.6,-4.0,-1.4,-2.0,-4.6,0.8,-4.0,1.9,0.8,12.6,-7.0,0.6,-5.5,4.0,-4.8,1.1,-10.3,-3.9,-6.6,-3.7,-5.9,-6.0,-3.5,-2.6,-4.9,-2.8,-1.2,-1.8,-1.8,-0.7,0.1,-6.9,-8.1,-4.1,-2.2,0.6,4.5,-0.9,-1.7,1.0,-2.3,-1.7,-1.2,-4.5,-2.6,-4.0,-1.8,-0.3,-2.6,0.2,-0.8,-0.3,-1.2,-2.2,-2.6,-6.5,-1.5,-0.5,1.3,3.4,1.6,5.3,1.2,-3.0,-2.0,-0.7,-2.0,-1.0,-1.7,-3.1,1.0,-1.1,-1.2,-2.7,-1.2,6.4,-5.4,-2.1,-0.8,-2.0,-3.9,-6.4,-4.0,-4.6,-1.6,-0.9,0.1,-4.1,-4.2,-3.2,-2.0,-4.0,-3.8,-1.0,-2.7,-6.9,-2.7,-0.3,-0.7,-3.2,2.2,-0.3,-1.3,2.4,-3.6,-5.7,-1.9,-1.4,-0.5,14.1,-4.0,-2.4,-2.6,-3.5,-5.0,-1.6,-3.8,-3.2,0.5,-2.7,-2.1,-4.6,2.1,-5.8,-7.1,-4.7,-3.2,-7.2,-7.9,3.2,-11.0,-2.6,0.3,-8.4,0.6,-13.9,-3.2,-1.9,1.3,-2.5,-2.8,-1.3,-1.7,2.4,-1.8,10.1,-4.0,5.1,8.7,-4.3,-2.5,8.6,5.4,7.4,13.3,6.8,0.3,-5.2,-3.9,-1.8,0.5,-0.8,-6.7,-7.1,-5.5,-1.3,-11.8,-7.8,-4.3,-8.9,-8.7,-8.2,-2.2,-8.6,1.1,-6.7,1.1,9.1,-1.2,9.3,16.8,16.7,-6.4,14.4,10.0,-2.9,-4.3,-5.9,6.9,-5.5,-8.6,-4.9,-7.7,-10.0,-8.0,-6.4,-2.6,-3.7,9.8,-12.0,-0.7,-9.6,-8.2,-3.7,0.3,-2.4,2.4,1.8
2C7L50ynjf,0,48.099983,11.632951,4442674.01,2777613.7,545.4,591.1,221,7411,3.3,0.76,0.38,32.67,348.96,-0.53,-0.103,0.842,-0.6,0.2,-1.05,0.26,0.9,0.2,-0.3,-2.6,-2.5,-0.2,-3.9,1.2,-3.2,0.7,2.4,0.2,-5.8,-2.3,-1.1,-0.8,0.9,-2.4,-0.9,-6.0,1.6,-1.4,0.8,-1.7,-2.1,0.8,-0.7,4.6,5.4,7.5,8.0,6.0,5.2,-13.9,-0.3,-2.0,1.4,0.2,2.1,5.1,2.0,3.3,4.2,2.1,0.8,3.1,-0.3,4.1,3.8,3.5,4.9,4.8,5.4,7.0,6.0,4.0,3.0,1.9,2.3,2.6,4.6,3.9,3.4,4.3,11.6,15.5,2.1,3.4,3.0,2.6,1.7,3.2,4.1,4.0,2.7,3.2,3.3,3.0,8.7,-1.5,-0.0,2.9,-2.1,2.0,0.8,2.6,1.9,3.7,3.5,5.2,1.7,-0.4,1.7,3.2,1.7,0.9,3.0,1.3,1.2,2.2,4.5,3.4,2.7,4.3,2.9,2.8,4.5,1.5,3.5,3.0,2.6,3.0,1.0,0.2,0.8,1.3,2.2,-1.0,-0.2,0.5,1.2,-1.8,0.8,-0.5,1.3,-0.1,-2.7,0.3,3.5,-0.3,0.8,2.3,0.1,5.2,-2.1,2.5,-1.8,-1.2,-8.7,0.2,0.8,3.9,4.4,-1.8,2.8,0.8,4.3,4.2,5.7,1.2,5.0,5.9,2.3,-0.4,1.2,0.9,3.8,-0.6,2.3,3.5,0.9,2.9,3.4,-0.4,2.1,-1.1,-0.5,1.4,2.8,2.3,-3.8,-0.2,-2.9,0.9,-1.6,0.8,-2.7,-2.9,-0.0,2.9,3.4,-4.8,3.4,3.3,2.6,3.6,5.1,3.3,-0.9,-6.2,-8.5,-1.2,-1.6,-2.9,1.2,-5.8,-8.5,-5.3,-4.5,-4.3,-2.8,-5.2,-4.4,-0.8,-3.7,-2.5,-3.8,5.8,7.9,13.5,-10.7
2C7L50ynhk,0,48.099123,11.626108,4442166.28,2777506.85,544.9,590.6,221,7292,3.8,0.71,0.43,32.64,348.96,-0.529,-0.103,0.842,-0.5,0.2,-0.15,0.29,0.9,0.3,-0.3,1.3,1.3,-2.4,0.2,-0.1,1.5,-0.4,0.2,-1.0,0.5,1.4,1.7,-0.9,-0.4,2.3,1.9,-1.1,2.6,-2.4,2.8,0.7,3.3,5.7,4.8,-1.0,1.8,-0.8,1.3,-2.7,3.3,4.4,-1.2,-6.7,-2.5,-5.0,-0.8,-7.6,0.9,-0.8,2.7,-0.7,7.5,-3.6,-1.6,-7.5,-1.3,7.3,-0.9,-2.3,0.6,-1.5,-0.3,0.1,-0.0,-0.2,0.6,-3.7,-0.3,-2.7,-1.9,-2.9,0.5,-0.9,-0.6,11.5,-4.9,0.7,-1.8,1.2,1.4,1.3,-1.5,-0.7,0.2,0.6,1.4,1.8,-3.7,1.0,-3.5,-7.4,-5.5,2.3,-3.4,2.1,11.3,-0.7,1.3,-2.5,-4.3,1.6,1.6,-4.7,-2.3,-2.6,-1.8,0.0,0.6,-4.2,-0.5,9.5,-1.8,0.6,2.8,3.7,-2.2,-6.7,-2.1,-2.7,-2.9,-1.2,-2.8,2.7,-5.1,0.9,4.6,-8.2,1.3,-0.1,1.4,-0.1,0.3,-2.7,-0.7,0.6,-0.2,-3.4,-1.7,-0.5,-1.0,3.3,-3.0,-0.0,-5.1,-1.6,0.7,2.3,-0.7,0.0,2.7,8.0,-4.4,2.5,-2.5,-0.5,-1.6,-4.6,1.0,0.5,-8.8,-7.9,-1.7,-1.6,-3.0,-3.2,7.8,3.7,0.3,-4.2,1.5,-0.4,-14.2,5.1,-2.9,-1.3,-0.1,-3.3,-7.1,-6.0,-2.3,4.8,-3.2,-9.5,8.0,-3.1,-11.3,0.3,-4.5,-2.8,-6.0,0.9,-4.1,-6.6,-4.1,6.1,4.6,-8.0,7.2,6.0,5.5,3.3,-2.1,3.2,-4.5,0.2,-0.8,0.2,-0.3,-2.4,-2.1,-4.1,-2.2,-2.4,-6.9,-3.1,-5.8,-17.6,-7.1
2C7L50ynhl,0,48.099115,11.626043,4442161.45,2777505.83,539.0,584.7,221,7293,2.0,0.86,0.34,32.64,348.96,-0.529,-0.103,0.842,-0.2,0.1,-0.03,0.15,2.0,0.1,-0.3,-0.2,-1.8,-1.5,-0.9,-1.1,-1.5,-0.5,-0.4,-0.4,1.4,1.2,3.5,1.5,1.7,2.0,3.0,3.0,4.2,2.5,4.2,5.0,3.5,6.2,7.2,4.7,6.4,3.5,8.1,1.9,1.9,1.5,1.8,-0.4,0.7,-0.1,-0.4,-0.8,4.5,3.8,7.2,1.1,8.5,4.8,5.6,3.5,0.3,1.8,-3.1,-0.2,-2.7,-1.0,-1.1,-0.8,-1.0,-1.8,-0.4,-1.6,0.9,-0.2,-0.0,0.6,0.2,0.9,-0.4,-2.1,0.5,0.3,-2.1,2.9,3.0,0.5,3.0,3.7,1.0,3.4,3.2,4.5,2.3,4.7,3.1,3.3,0.8,3.7,2.8,3.6,7.7,2.1,4.7,1.5,-1.1,2.4,2.3,-2.7,3.2,-1.6,-1.2,3.8,1.0,-1.0,2.6,1.4,-1.0,3.8,2.6,2.7,-1.0,-2.6,-3.5,-0.9,-1.9,-0.4,-1.6,-1.7,-2.1,-1.9,-0.7,-2.2,-0.4,-0.2,-1.4,-1.5,0.7,0.4,-0.8,1.6,3.7,4.7,2.8,2.7,1.1,1.3,2.0,5.7,1.8,-1.1,0.7,3.7,4.7,3.2,5.4,5.6,-0.3,-1.2,-0.7,1.6,0.9,0.9,1.4,2.0,1.7,0.1,-1.2,-1.0,-0.4,0.8,2.1,4.5,0.4,4.7,4.2,2.1,0.3,1.9,-0.9,-0.3,3.4,1.4,-4.0,0.3,1.5,1.7,-0.0,-1.9,-2.9,-1.6,-2.0,-0.6,-0.2,1.9,-0.1,0.1,-1.1,1.6,4.3,5.8,4.6,3.1,3.9,1.6,0.4,2.4,3.3,2.6,-1.3,2.5,3.4,-0.6,0.4,-0.8,0.4,-0.3,1.4,-2.3,-2.2,-1.9,-1.1,-1.5,-2.0
2C7L50ynj2,0,48.099685,11.630484,4442490.92,2777576.51,536.1,581.8,221,7372,2.8,0.82,0.41,32.66,348.96,-0.53,-0.103,0.842,0.1,0.1,0.27,0.22,0.2,0.2,-0.3,3.1,-1.2,-2.6,-1.4,2.2,1.4,1.8,-3.0,-2.6,1.2,-1.3,1.2,-1.0,-5.1,-0.7,-2.4,-0.4,1.3,1.4,0.1,4.9,2.3,3.3,5.5,4.2,-0.4,5.2,4.7,0.1,1.3,3.5,-4.2,-12.8,-2.3,0.4,-0.5,1.3,-0.8,3.3,4.2,3.7,1.8,5.3,3.8,4.8,-0.5,1.6,-1.8,0.9,1.8,-1.2,-1.5,-1.1,-2.2,-0.5,0.7,1.1,-3.2,-2.3,-4.3,1.4,-3.1,-2.7,1.5,-0.5,-1.7,0.7,2.9,1.0,1.6,-1.7,1.3,2.7,3.4,-1.2,-2.4,-2.0,0.6,-3.6,-0.4,6.4,-2.4,3.8,1.9,4.9,-7.6,2.5,0.6,0.3,1.1,1.8,-0.3,2.0,0.2,-7.3,0.1,1.5,-3.0,-0.1,6.3,-1.1,2.1,1.0,5.1,-3.4,-1.3,-0.3,1.3,1.9,-1.4,-1.5,-0.5,-2.1,-2.1,-1.7,-0.5,-0.5,0.2,1.8,-1.8,1.6,-1.4,1.8,-2.1,0.3,2.1,1.2,2.9,-3.1,6.9,-2.5,-4.3,3.3,0.3,-1.1,-1.1,-1.7,3.2,3.6,6.3,5.7,0.6,-1.4,0.6,2.5,-2.1,-0.5,-0.6,0.1,-1.2,3.0,1.0,-1.5,-1.2,2.2,-0.4,-0.9,-0.4,0.5,1.4,-0.6,-1.6,-1.5,-3.0,-4.4,0.8,-7.1,-1.9,1.2,1.7,-1.0,-0.5,2.5,3.1,3.3,0.9,-3.1,-1.2,0.1,-1.4,-0.0,3.5,3.8,3.2,-0.1,-2.0,5.9,1.1,-1.8,4.2,3.8,-3.2,0.3,-5.0,9.0,-3.0,1.3,0.9,-2.5,1.4,1.6,-0.9,1.5,3.0,7.2,2.2,2.4,-1.3
2C7L50ynjb,0,48.099953,11.632569,4442645.63,2777609.69,538.8,584.5,221,7407,2.9,0.82,0.46,32.67,348.96,-0.53,-0.103,0.842,-0.7,0.1,-0.02,0.22,0.6,0.2,-0.3,-0.5,-1.4,-0.8,-2.6,0.2,-0.0,-2.2,-1.6,-2.8,-4.3,-0.9,1.4,-1.1,0.9,-0.4,0.4,-10.4,-0.2,-4.0,-1.8,2.6,-2.4,0.8,6.0,-11.5,5.4,4.9,6.4,1.5,-3.4,5.5,-7.0,-8.3,-0.9,-0.8,-8.4,-1.3,-7.7,2.8,3.7,0.8,-0.5,-0.8,-2.7,2.8,0.8,-1.6,-5.1,-0.9,0.4,-1.2,2.5,1.2,1.9,-2.7,-0.2,-2.9,-0.7,-3.0,-1.4,-0.7,0.2,-3.9,-1.4,-6.6,-3.0,-1.4,-3.6,-0.6,-0.3,-0.4,-0.5,-0.1,0.4,-1.9,-5.7,-5.7,-2.3,-4.6,-3.1,-2.9,-3.2,-1.2,-1.4,-4.7,-2.0,-1.5,-3.9,-2.4,-4.7,-2.9,-1.2,-2.0,-3.4,-4.8,-3.8,-2.2,-5.4,-3.3,-4.4,-3.2,-5.3,-4.5,-0.7,-0.2,-1.5,-0.6,-2.9,-2.3,-3.4,-1.8,-3.7,-2.8,-3.2,-2.8,-0.3,-1.1,-0.9,-1.0,-1.9,-0.8,-4.0,-1.1,-2.2,-1.3,-3.2,-0.3,-0.9,-3.3,-3.8,1.6,-1.2,-1.6,-4.6,-7.0,-2.5,-3.9,-6.9,1.6,-0.4,1.4,-2.5,-2.9,-4.9,-2.6,0.5,-2.9,0.0,1.2,-2.3,0.4,-3.5,-3.1,-1.3,-4.0,-1.7,-13.7,-4.3,-1.6,-3.9,-2.8,-2.3,-2.9,-5.3,-7.9,-0.8,-3.0,-8.8,-2.7,-6.4,-4.6,-4.6,-6.0,-4.2,-2.8,-4.0,-2.2,-1.5,7.6,-3.4,-5.2,-1.6,-5.3,-0.5,-3.4,-4.3,-1.5,4.7,-2.6,-9.6,-6.3,-2.2,-6.6,-9.6,-8.6,-5.4,-2.7,-5.8,-1.9,-4.4,-1.9,-3.5,-4.3,-6.9,-3.2,-6.2,-4.9,-4.3
2C7L50ynjq,0,48.100066,11.633447,4442710.76,2777623.66,539.3,585.0,221,7422,3.1,0.75,0.45,32.67,348.96,-0.53,-0.103,0.842,1.0,0.2,-0.89,0.24,1.9,0.2,-0.3,0.2,1.6,-0.6,-1.6,-0.4,2.6,0.4,0.0,3.6,-1.6,0.7,6.3,1.6,-1.5,0.7,0.1,-2.3,-3.8,-5.1,0.6,-1.7,-2.8,-2.2,-0.6,-4.2,-3.3,-2.3,1.4,-3.0,-5.8,-1.2,-7.2,-3.3,-4.2,-3.6,-1.9,4.6,2.0,1.1,1.3,2.4,-11.5,2.0,-0.3,1.0,-1.8,-9.0,0.7,1.9,1.5,1.2,3.7,1.7,1.7,-0.5,-0.3,-3.3,0.2,3.0,5.5,0.3,4.2,-3.5,4.2,14.0,7.4,4.9,-2.2,4.3,3.8,8.7,2.9,6.4,5.3,4.1,5.9,2.4,3.3,5.5,1.4,1.7,0.9,4.5,2.5,4.9,1.0,-0.4,-0.8,1.4,-2.2,-0.2,2.7,-9.6,0.4,-1.5,1.6,-6.0,2.6,1.9,0.7,1.3,-0.6,2.4,1.3,0.6,-0.4,-0.3,2.3,1.7,-0.1,1.2,1.3,3.0,1.1,4.0,5.0,1.5,5.0,3.9,7.7,4.9,4.3,5.7,2.6,2.8,2.0,8.9,-1.1,1.6,-2.9,2.6,-0.7,6.8,-0.7,-0.0,-0.7,3.0,0.4,4.2,9.0,7.7,-7.6,4.5,2.5,3.9,7.3,0.7,8.1,5.2,3.5,4.1,5.8,5.5,5.2,6.1,5.3,3.6,1.5,8.1,5.7,2.1,-0.5,-1.5,2.0,-0.5,10.2,0.7,1.1,2.1,5.0,3.1,-0.7,2.3,6.9,11.5,3.5,13.1,6.4,-3.6,4.6,5.6,4.0,4.0,2.3,4.1,3.5,4.1,0.3,-1.9,4.3,0.2,0.2,8.0,3.2,4.5,7.4,2.7,5.4,4.1,5.1,1.2,2.6,0.3,0.9,5.0,2.9,0.5,-1.0
2C7L50ynkC,0,48.10022,11.634652,4442800.12,2777642.84,537.6,583.3,221,7444,3.0,0.8,0.42,32.68,348.96,-0.53,-0.103,0.842,-0.4,0.1,-0.49,0.23,0.5,0.2,-0.3,-0.0,-2.8,-0.8,-0.5,1.3,-2.8,0.4,-1.0,-3.7,0.1,-1.6,6.6,-0.2,-2.7,2.3,-3.0,0.5,0.1,0.5,0.4,-0.8,-1.4,1.1,-1.3,-0.1,-0.6,5.0,1.1,1.5,-6.8,1.7,-1.0,-0.7,0.9,0.6,-2.1,2.4,6.2,3.6,-3.4,0.5,-4.4,3.1,-1.1,0.3,0.4,2.2,-2.9,3.7,2.1,1.9,-1.5,-0.6,-3.2,-3.5,0.0,-0.8,-0.7,-2.1,0.2,1.5,-0.6,2.8,0.2,4.5,8.8,-0.8,-0.6,2.1,-0.5,3.2,-2.4,-4.8,-1.6,-3.0,-2.0,-0.4,0.3,-3.4,3.3,-9.6,-3.6,8.3,2.0,4.8,-4.6,2.0,-1.4,3.0,-1.2,-0.1,-2.4,-0.6,0.3,-1.0,-4.9,1.2,1.4,4.8,1.0,-1.2,-2.1,-0.3,3.7,2.6,0.7,1.1,0.3,-1.8,-1.3,0.3,1.2,4.8,0.3,2.7,0.7,6.2,0.7,3.0,1.6,0.8,-1.2,2.5,0.5,0.4,-0.6,3.2,3.9,-0.7,-0.8,2.0,-7.5,-1.7,0.9,-11.4,-0.7,1.8,1.9,4.0,0.1,8.1,-5.6,-3.5,-2.3,0.3,-1.8,0.6,-1.7,-0.6,-1.7,0.9,-0.0,-2.3,-1.9,-1.6,-3.3,-1.9,1.1,0.0,-1.2,1.3,2.2,-3.0,-4.1,-10.8,-0.0,-1.0,-6.0,-3.0,0.7,0.5,2.2,-3.8,-1.4,1.1,8.7,-0.6,-2.0,-1.3,-1.5,-0.1,4.4,2.6,2.3,-7.6,-5.4,0.1,-1.9,-0.1,-3.0,-3.3,2.4,-0.6,-3.5,-3.0,-0.5,-2.4,-3.0,1.4,-4.9,0.5,-1.3,-7.5,-5.1,-4.9,2.0,-7.0,-0.4
2C7L50ynlK,0,48.100757,11.63883,4443110.09,2777709.31,547.1,592.8,221,7514,3.7,0.59,0.5,32.69,348.96,-0.53,-0.103,0.842,-0.6,0.2,-0.07,0.28,3.8,0.2,-0.3,9.2,-2.0,0.6,-1.2,0.1,9.3,0.6,2.2,0.7,-8.4,1.5,5.1,4.1,1.4,0.2,5.1,-13.8,-13.4,-3.0,-7.4,-7.3,-5.1,-1.2,-3.9,-1.2,-1.3,-5.1,-9.9,-1.7,-4.3,-13.6,-11.5,-10.6,-8.4,-10.8,-9.0,-5.7,-9.5,-7.2,-9.7,-13.0,-5.8,-6.2,-4.7,-7.3,-6.9,-9.6,-10.0,-4.1,-4.1,-4.8,0.1,-2.0,2.3,1.2,-2.2,5.0,-0.4,-1.7,0.9,-2.5,-4.8,-6.1,-2.2,-0.7,3.4,0.3,-3.7,-0.2,-0.1,-0.8,-2.2,0.2,-0.5,-1.2,-2.1,-1.2,-2.8,-2.2,-8.9,-2.4,-9.0,-1.4,-3.0,-4.1,-4.4,-5.2,-8.3,-4.2,-7.7,-6.4,-6.7,-2.5,-10.0,-9.6,-6.6,-5.8,-6.8,-9.3,-3.5,4.7,-6.8,-1.0,-2.6,-4.9,-5.4,-4.9,-13.9,-6.6,-3.0,-7.3,-3.5,-6.1,-3.2,-1.4,-3.2,0.3,-3.6,-0.8,0.2,-1.4,-0.4,-3.6,-0.9,-3.1,-2.0,1.6,-0.5,0.7,-5.6,-5.0,-8.9,-1.9,-8.8,-6.3,-10.4,-7.7,-7.4,-3.4,0.4,-3.9,-3.9,-2.9,-2.7,-0.8,-2.4,2.8,-3.7,-3.7,-5.8,-1.6,-2.6,-4.2,-3.5,-3.2,0.3,-12.4,-7.7,-7.9,-8.8,-11.9,-12.2,-5.7,-14.5,-15.4,6.1,-9.6,-11.8,-10.0,-7.5,-8.0,-11.2,-7.0,4.4,-5.8,-3.1,-4.8,-3.8,-3.3,-0.3,-5.2,-2.8,3.0,-2.1,-2.2,-5.9,-15.7,-6.6,-7.2,-9.2,-11.8,-9.1,-11.9,-12.2,-6.3,-5.7,-8.9,-7.4,-12.7,-8.0,-6.1,-9.4,-3.4,-10.7,-1.2,8.0,-4.7,2.3
2C7L50ynlL,0,48.100742,11.638714,4443101.53,2777707.49,538.8,584.4,221,7515,1.3,0.91,0.25,32.69,348.96,-0.53,-0.103,0.842,-0.7,0.1,-0.21,0.1,2.1,0.1,-0.3,0.4,-0.7,-0.3,-0.2,0.0,0.6,-0.0,0.7,0.4,0.5,0.9,1.2,-0.2,0.3,-2.0,-0.7,-0.6,-0.7,-3.0,-4.8,-3.4,-1.6,-0.7,-2.7,-1.7,-0.9,-1.6,-0.3,-2.1,-4.1,1.1,-6.7,-6.3,-5.1,-6.0,-3.1,-4.9,-3.5,-4.3,-3.5,-3.0,-1.8,-3.4,-2.5,-3.5,-3.5,-0.4,-2.7,-2.2,-2.1,-2.1,-0.7,-0.5,-0.6,-0.8,-0.8,0.2,0.0,0.3,0.5,0.2,-1.1,1.1,-0.3,1.5,0.5,-0.2,1.1,-0.2,-0.3,-0.1,-1.7,-0.3,-0.4,-2.3,-1.7,-1.8,-2.1,-2.7,-3.6,-1.4,-2.8,-2.2,-2.0,-1.7,-3.7,-2.1,-3.6,-3.5,-4.4,-4.6,-4.2,-3.1,-7.0,-5.6,-3.3,-3.0,-2.0,-3.5,-1.1,-3.2,-2.3,-1.8,-3.0,-3.3,-2.8,-2.9,-3.8,-3.3,-2.2,-3.9,-1.8,-1.1,-1.3,-0.6,-0.7,-0.3,-0.9,-0.6,-0.7,-1.6,0.4,-0.9,-0.9,-1.4,-1.3,0.4,-1.6,-1.9,-3.0,-2.6,-5.1,-1.5,-5.3,-6.0,-6.0,-5.0,-5.3,-1.9,0.4,-2.7,-3.8,-3.3,-1.9,-0.9,-2.2,-0.5,-2.4,-1.8,-1.9,-2.0,-2.2,-1.5,-0.3,0.0,-0.9,-1.0,-1.8,-2.3,-2.8,-6.6,-5.9,-5.7,-7.3,-8.6,-5.8,-6.0,-9.3,-6.9,-6.6,-7.0,-5.9,-4.3,-4.1,-3.5,-1.9,-1.4,-1.6,-2.1,-3.4,-4.7,-2.4,-0.9,-3.3,-2.1,-5.9,-2.9,-5.6,-4.4,-5.1,-5.2,-4.5,-7.7,-9.6,-5.1,-6.1,-7.1,-5.9,-6.6,-6.1,-3.6,-4.3,-3.5,-4.2,-1.7,-2.5,-4.1,-2.3
2C7L50yni1,0,48.099245,11.626912,4442225.85,2777521.72,536.5,582.2,221,7309,3.3,0.79,0.42,32.64,348.96,-0.529,-0.103,0.842,-1.0,0.2,-0.26,0.25,0.6,0.2,-0.3,-1.9,-1.9,-0.2,0.0,-0.8,1.2,0.5,2.9,2.1,-0.7,0.8,0.2,2.3,1.2,1.0,-1.5,0.8,1.3,-0.7,0.3,0.7,1.3,0.5,0.3,0.6,0.5,2.1,5.4,2.1,-0.5,0.9,-6.0,-3.4,0.2,-0.4,-1.6,-1.9,-2.8,-0.7,-4.2,-0.1,3.1,-0.6,2.1,0.5,1.9,0.1,-2.5,-0.8,-2.1,3.0,-0.0,-0.6,-2.6,-2.4,-1.1,0.7,0.3,0.3,-0.0,0.3,-2.2,2.2,-1.3,0.4,2.7,1.7,1.5,1.9,1.4,-0.5,0.5,-0.5,2.3,2.1,1.5,2.3,2.9,4.2,0.1,-0.9,-0.1,-2.1,-1.2,-1.1,0.8,-1.1,5.5,3.0,-6.5,-0.0,3.1,0.7,-0.7,-4.3,-1.4,2.2,3.6,-1.6,1.8,-0.2,1.4,-0.2,-2.6,-1.5,0.1,-2.9,-0.0,-0.3,-0.7,-1.0,1.4,-3.1,-3.6,-3.8,3.7,0.7,2.8,-3.1,0.7,1.1,-1.5,-0.4,-1.1,-1.7,1.5,-1.4,-0.2,-5.5,-3.2,-2.8,-3.4,-1.7,-7.8,-6.0,4.4,-4.4,-0.0,2.4,0.2,14.6,-1.9,-4.2,-8.2,-4.4,-3.9,0.5,-8.2,-3.5,-4.6,-0.9,-4.5,-4.9,-10.0,0.2,-3.0,-2.6,-2.2,-8.5,-5.3,1.5,-6.8,-11.0,3.0,-9.5,-5.5,-8.0,1.1,9.4,-3.6,-2.7,-3.5,-7.0,-8.4,-5.1,-7.1,9.5,-1.0,0.6,-1.3,-2.2,-0.2,-4.4,0.6,-1.4,-2.8,-0.4,0.3,-4.4,-2.5,-3.0,-5.5,-6.1,-8.9,-5.7,-4.3,2.3,-5.9,-5.8,-8.4,-11.6,-7.6,-7.3,-7.4,-8.7,8.4,-3.1,-2.1
2C7L50yniG,0,48.099353,11.627752,4442288.19,2777535.09,534.9,580.6,221,7324,4.3,0.66,0.44,32.65,348.96,-0.529,-0.103,0.842,-0.5,0.2,-0.64,0.32,0.1,0.3,-0.3,-6.6,4.0,-2.6,5.6,1.7,-11.4,2.0,-9.7,-1.3,16.1,-1.2,-8.5,-1.6,1.9,-2.4,-2.7,3.9,-7.1,4.7,15.4,5.3,3.3,1.9,-2.0,1.4,2.2,2.4,-3.3,-3.6,11.0,-3.9,-2.6,-1.1,8.6,-1.8,-1.7,8.3,2.6,5.4,0.0,-1.5,0.4,4.5,14.1,-1.3,-2.3,-2.6,9.7,-3.9,-7.0,-4.9,-3.5,2.4,-3.5,-4.1,-0.1,-3.3,-2.3,-4.4,-5.0,-1.3,-1.5,0.2,-0.1,-3.0,1.7,0.1,-2.4,-1.8,-0.7,-3.4,-0.2,-3.0,0.1,3.6,-0.9,-2.9,-1.4,-10.9,-1.4,3.5,2.6,4.2,0.2,-1.6,-0.3,0.2,0.8,-1.4,-0.1,-2.2,-0.2,-2.8,2.9,-5.9,0.2,4.3,-1.3,-2.7,-2.0,-2.3,-0.8,5.9,1.6,1.6,3.9,4.5,-0.2,1.3,-0.1,-2.0,3.4,2.1,-0.6,-3.3,3.6,5.2,5.5,1.4,-2.1,1.8,-1.4,-1.1,1.5,1.2,-0.8,-3.8,1.2,3.6,0.9,-0.9,0.4,2.1,2.3,1.4,-1.0,4.2,4.0,3.7,1.8,-2.1,-3.7,-6.6,-1.7,-4.8,-2.2,-0.2,2.1,1.8,5.1,7.4,3.0,3.3,3.3,2.9,1.3,1.3,0.8,4.7,2.9,-0.9,-7.5,-0.4,-3.4,-1.4,0.8,3.4,-3.1,-1.2,-1.0,0.7,-1.3,-5.1,-4.2,-9.0,-0.2,-0.5,-2.2,11.4,-3.0,-3.4,-1.6,-4.3,-0.3,-2.7,1.1,-7.4,-3.9,-5.4,-7.6,4.5,-2.8,-3.9,-12.3,-7.4,-11.8,-8.0,-6.5,-2.5,0.8,-2.2,-7.4,-2.4,-1.9,2.3,-0.5,1.4,6.5
2C7L50ynjH,0,48.099829,11.631459,4442563.21,2777594.08,541.3,587.0,221,7387,3.0,0.8,0.53,32.66,348.96,-0.53,-0.103,0.842,-0.2,0.1,-0.12,0.23,1.6,0.2,-0.3,-1.2,0.2,-0.7,-2.3,-3.2,-3.1,0.2,-0.9,-3.9,3.4,4.5,1.9,-2.6,1.5,-3.3,-1.8,-1.1,-2.6,-3.1,-2.8,0.3,-6.7,0.2,-0.7,-1.8,-2.1,2.4,-1.6,-5.0,-3.5,-0.2,-5.8,-9.9,-3.0,-4.1,-1.9,-5.2,-3.3,0.0,-2.6,-0.2,-1.2,-4.2,-2.5,-4.6,-4.6,-4.6,1.1,-2.9,-0.2,-1.5,-3.6,-1.0,-5.2,-3.9,-2.9,-0.8,-3.3,-4.8,-3.7,-3.7,-3.4,-0.3,-1.9,-3.7,-5.5,-4.7,-4.2,-1.5,-2.9,0.0,-5.5,-3.9,-4.4,-4.3,-2.4,-5.6,-3.2,-4.6,-2.4,-0.9,-3.6,1.1,-1.5,3.5,-3.8,-3.2,-3.2,-1.8,-5.6,-6.4,-4.6,-2.5,-4.1,-4.1,-2.1,-2.2,-2.0,-4.9,-2.9,-2.2,-2.7,-0.9,-1.0,-1.1,-3.7,-0.3,-1.0,-4.0,-1.8,-1.0,-3.1,-1.3,-1.9,-1.9,-2.2,1.2,-1.5,10.3,2.7,0.7,4.7,-2.0,-0.5,-3.2,-3.1,-5.8,-4.8,-3.1,-3.7,-3.8,-2.2,1.4,-4.6,-7.1,-4.1,-4.5,-4.7,-2.6,-3.7,-0.3,-2.1,-4.2,-5.0,-1.8,-2.8,11.4,-0.3,0.3,-1.5,0.2,-1.9,-3.5,-3.0,-3.1,5.1,0.1,-0.3,-4.2,-5.2,-3.0,-3.8,-6.6,-11.1,-7.8,2.1,-3.6,-6.1,-3.2,-7.5,-5.9,-4.9,1.9,-3.1,7.4,-1.1,4.9,5.2,3.5,-2.5,-1.9,9.8,-9.7,-10.4,-8.1,-3.9,-3.9,-4.4,-4.3,-5.9,-5.8,-4.9,-2.8,-3.5,-8.4,-6.1,-3.0,-6.1,-4.8,-3.5,-2.0,-0.1,-0.1,-2.1,-0.8,-0.7,-1.2,-4.9
2C7L50ynjI,0,48.099829,11.631457,4442563.07,2777594.05,538.5,584.1,221,7388,1.5,0.94,0.29,32.66,348.96,-0.53,-0.103,0.842,-1.0,0.1,-0.46,0.12,0.4,0.1,-0.3,1.0,2.1,0.7,1.9,0.5,0.3,1.2,0.7,0.8,-1.3,-1.2,1.3,-2.7,-0.5,0.7,1.1,1.1,2.2,0.5,1.3,0.3,-1.1,2.8,3.7,4.1,2.9,1.2,-0.9,1.4,-1.1,3.3,-2.1,-4.8,-0.4,1.7,0.9,1.9,0.5,2.9,2.5,2.1,-1.2,0.1,1.7,-0.7,-1.9,-2.8,1.6,1.4,0.7,-0.4,0.9,-0.6,-0.8,-0.7,0.2,0.1,0.5,-0.5,-0.5,-0.6,0.1,3.6,0.4,-0.9,-0.4,-0.6,-1.2,0.3,0.3,1.0,0.7,0.7,0.0,-1.9,-0.1,0.3,1.4,-0.6,1.5,0.3,0.1,1.3,2.9,2.0,0.8,2.3,0.9,0.7,-0.3,-0.5,2.2,1.0,1.8,-0.8,-1.2,-0.2,1.6,1.6,1.9,1.8,1.2,2.2,0.9,1.0,1.1,2.1,0.5,2.9,1.3,0.1,0.6,0.9,0.3,2.3,0.8,4.6,-0.3,-3.0,0.3,0.0,-1.7,-0.2,0.6,-0.0,1.2,-0.5,-0.0,-0.1,-0.0,1.5,1.8,3.1,0.4,-2.4,-0.4,-1.7,1.6,2.5,0.5,1.1,-2.1,-3.2,-1.3,-1.6,-2.4,-0.1,-2.4,-1.2,-2.2,-0.6,-5.3,-0.9,-2.5,-0.1,-3.2,-2.9,-2.8,-0.9,-1.5,-1.3,-1.5,-2.2,-3.5,-4.1,0.9,-1.4,-4.3,-5.6,-1.4,-1.8,-2.6,-4.5,-0.9,-2.4,-0.2,-3.0,-4.8,-2.0,-1.3,-3.9,-3.7,-3.5,-4.5,-3.5,-1.5,-3.1,-2.1,-2.7,-1.6,-4.7,-3.0,-1.9,-6.2,-2.0,-2.4,-0.2,-3.3,-3.3,-3.7,-2.9,-4.3,-4.1,-1.0,-1.0,-4.1,-5.8,-5.8
2C7L50ynlC,0,48.100688,11.638154,4443059.92,2777700.63,537.9,583.6,221,7506,3.2,0.77,0.43,32.69,348.96,-0.53,-0.103,0.842,-0.5,0.2,-0.88,0.25,0.5,0.2,-0.3,9.1,1.7,-0.5,-1.0,1.6,2.2,-3.6,5.4,1.8,1.3,-0.7,-0.7,1.9,0.3,-1.4,0.9,4.7,0.5,0.0,-1.6,-4.0,3.6,1.6,-0.3,-3.3,-4.2,4.4,0.4,0.2,-6.8,3.4,-1.2,-3.0,-2.8,-4.0,0.3,1.3,-0.5,1.2,-3.4,-0.0,0.4,1.1,2.5,0.6,0.6,2.1,-1.3,2.1,0.6,2.3,2.4,3.7,0.7,1.0,3.8,1.7,1.3,3.6,1.6,5.0,-0.6,-1.5,3.3,1.3,1.6,1.3,-4.0,1.1,2.5,0.9,2.6,1.3,1.1,6.4,3.6,0.6,1.7,1.0,14.4,4.8,5.8,0.5,-1.4,2.0,-0.2,8.8,2.4,4.3,2.5,2.5,-5.7,-1.6,1.4,-6.4,6.3,5.2,2.2,6.7,1.5,1.5,8.1,-0.6,3.5,2.6,-0.1,0.6,-2.1,2.4,2.8,5.0,1.7,0.4,2.2,2.6,2.5,7.9,15.2,-4.7,1.5,-4.0,2.2,2.6,2.8,4.2,2.2,1.4,1.1,0.7,7.6,-3.5,-4.0,3.5,-1.4,0.4,5.3,8.3,-2.8,7.0,5.4,2.4,1.1,-4.7,0.4,0.4,1.9,1.0,-0.1,-1.7,3.6,3.4,-1.0,4.5,1.2,0.5,-3.5,0.5,-4.0,1.4,-0.9,1.3,3.0,-0.3,-6.8,-4.8,1.4,-1.6,-4.4,5.7,0.3,6.2,0.9,1.7,-0.8,0.6,-4.5,-1.9,-2.7,-2.1,-7.5,-4.0,-0.1,-0.9,-1.4,1.3,-2.2,-0.3,-0.0,-5.2,-7.3,-0.2,-0.4,-0.1,-1.0,1.3,-2.9,-2.7,-4.9,4.2,2.8,3.4,-1.2,-1.3,-0.1,2.6,-2.8,-4.8,-2.4
2C7L50ynlM,0,48.10076,11.638714,4443101.46,2777709.55,536.2,581.9,221,7516,2.6,0.78,0.43,32.7,348.96,-0.53,-0.103,0.842,-0.1,0.1,0.11,0.19,2.6,0.2,-0.3,-1.0,-0.5,-3.3,-0.1,0.2,0.6,-0.9,0.4,3.2,1.2,0.7,0.9,0.8,-0.2,-2.4,-2.8,-1.3,-0.4,-6.2,-4.6,-2.8,-4.1,0.1,-6.8,-0.8,-3.1,-1.7,-1.6,-3.2,-0.6,1.0,-3.7,-9.9,-6.6,-3.2,-7.3,-6.8,-4.6,-4.2,-3.6,-4.6,0.5,-4.7,-0.9,-3.4,-2.7,1.2,-0.5,-1.8,-3.2,-1.8,-3.8,-2.0,4.6,0.8,2.8,-7.1,-0.4,-1.8,-2.7,-0.4,-2.8,-0.9,-0.0,-0.0,1.0,-3.4,4.2,1.0,-0.3,0.7,-2.7,-1.7,-1.0,-1.9,2.0,2.1,0.2,-3.2,-5.0,-2.6,-1.2,-0.4,-0.9,-2.2,-2.6,-3.3,-0.7,-4.6,-3.7,-4.8,-4.3,-6.2,-7.1,-6.5,-7.2,-5.5,-6.2,-5.9,-0.9,-10.6,-5.0,-7.0,-5.2,-3.3,-2.2,-1.4,-2.4,-3.3,1.5,-4.0,-1.5,0.7,-2.7,-1.5,-1.0,2.1,-0.4,1.6,0.9,-4.0,1.5,-0.3,-0.6,-1.3,0.0,0.6,-8.8,-1.4,-5.3,-2.3,-4.3,-2.0,-5.3,-6.0,-5.4,-5.8,-5.2,-0.6,0.3,-0.7,-3.0,-3.4,-3.8,-0.8,-2.7,1.0,0.7,2.2,-5.1,0.6,-3.5,2.3,1.2,5.0,1.0,3.0,-1.1,-1.7,-4.4,-6.1,-9.1,-5.2,-7.8,-10.7,1.5,-3.4,-9.8,-3.7,-7.4,-5.5,-4.4,-3.1,-1.5,-2.4,2.8,1.1,0.6,-5.7,-1.3,-2.0,1.7,5.2,-0.7,-1.0,-10.1,-2.2,-7.8,-2.9,-4.7,0.6,-0.0,-4.4,-8.6,-3.8,-6.4,-6.9,1.3,-7.3,-2.6,-2.2,-4.0,0.4,0.4,-2.3,-0.3,-1.0,4.5
2C7L50ynig,0,48.099595,11.629497,4442417.58,2777564.9,547.7,593.4,221,7350,3.5,0.76,0.4,32.65,348.96,-0.53,-0.103,0.842,-0.2,0.2,0.42,0.27,0.6,0.2,-0.3,-2.4,-0.4,0.3,-3.1,0.3,-12.0,-0.8,-0.5,1.2,0.5,-0.4,9.5,2.3,0.9,4.5,0.1,3.5,-0.8,1.2,-3.1,0.7,3.1,0.7,0.1,0.9,0.3,3.2,4.8,1.2,-2.9,5.7,-2.2,-3.4,1.1,0.6,1.5,1.6,-1.1,4.7,0.6,-0.1,4.1,2.8,0.3,5.2,0.9,-1.0,3.8,-1.9,5.1,4.5,1.7,1.4,-0.6,2.3,0.0,-1.7,1.2,-1.0,1.6,0.8,-0.5,-4.0,0.1,1.2,2.8,0.7,2.7,0.5,2.0,5.7,2.8,-9.7,-1.8,-0.7,0.2,2.3,2.5,-4.7,-1.2,0.2,1.7,5.7,0.9,6.0,3.7,2.8,2.3,1.7,1.5,4.4,0.1,1.2,4.8,2.2,1.2,-0.7,0.1,8.1,6.8,-0.6,0.5,-1.7,5.7,2.5,0.7,0.7,-3.6,0.3,2.9,-2.2,-0.0,-2.2,4.2,4.2,-1.7,-2.4,-2.6,1.9,0.3,-12.3,-0.9,-9.7,1.6,-0.7,2.0,-5.5,-0.4,-0.5,-3.2,-1.6,-4.4,-6.6,3.1,-4.5,-2.4,-1.2,1.2,4.6,0.6,4.1,-0.8,1.8,4.8,0.8,-0.5,3.5,1.0,-1.3,-3.0,-11.1,-0.9,3.0,-2.2,-0.6,-2.2,0.3,-0.6,3.9,1.8,-1.1,-5.1,-3.4,-4.0,-2.2,-3.2,-0.5,-4.4,-2.6,-1.7,-0.4,-3.2,-2.1,-4.1,3.4,9.4,7.2,-6.7,13.8,-6.3,-1.2,-0.8,-0.7,1.2,-3.0,1.3,11.8,1.8,1.3,2.3,-3.7,-0.7,1.4,0.6,-0.9,0.6,-1.1,1.7,4.7,1.6,-0.8,3.8,6.1,-1.4,3.1,-2.8,-0.0,-0.9
2C7L50ynj8,0,48.099792,11.631025,4442531.01,2777589.24,543.9,589.6,221,7378,4.6,0.56,0.47,32.66,348.96,-0.53,-0.103,0.842,-1.0,0.2,-1.07,0.35,3.0,0.3,-0.3,-5.2,-5.6,-5.5,-8.1,1.2,4.2,-4.9,-3.7,-2.3,7.1,-0.4,3.1,3.4,-1.2,-3.1,-1.9,-0.9,4.5,-1.4,11.3,7.7,-6.9,2.1,2.1,-4.1,-0.1,-10.5,-6.3,-10.6,-5.6,-9.2,-19.8,4.0,-8.9,2.4,1.0,4.0,-1.7,5.8,-4.3,-6.1,-2.4,-11.3,-5.6,-12.8,-12.5,-0.7,-4.0,12.5,-2.4,3.8,3.6,1.0,7.6,0.4,2.4,-1.0,1.6,-5.8,1.1,0.3,-1.3,-1.0,-0.7,0.5,-1.3,-2.2,-0.5,-1.1,2.6,-7.1,-2.9,6.3,-2.8,-5.2,-4.3,-2.9,-13.9,12.1,-2.6,-1.4,-0.6,0.3,-1.8,-6.9,-4.1,0.9,-3.5,-2.3,-5.6,-0.5,-7.8,-10.7,-1.8,-3.9,-4.4,-9.4,-4.3,-4.5,-3.5,-4.0,-3.9,-0.7,-4.7,-3.0,-2.3,-4.0,-7.0,-0.5,-2.2,-0.2,3.2,0.7,2.3,0.5,3.1,-1.1,-0.3,0.1,1.4,-4.4,1.3,-1.8,-0.4,-3.4,-1.1,-6.6,0.7,-2.5,-4.1,-2.8,-2.1,-9.3,-0.6,-4.6,-3.8,-3.6,-3.7,-2.2,-5.2,-4.9,-0.9,-4.5,-5.2,-2.0,-2.9,-0.8,3.6,6.8,8.9,0.2,-0.9,6.6,2.7,-4.9,0.5,0.2,-1.9,-0.8,-8.3,-4.3,-4.3,-4.3,-8.4,-5.7,-6.4,-9.8,-16.9,-12.5,-11.1,-9.7,-9.8,-5.5,-12.7,-9.7,9.6,7.5,5.3,-4.6,-8.3,0.4,1.5,-8.7,-4.1,9.3,-5.8,-4.5,-11.2,-4.6,-7.7,-11.0,-11.0,-12.8,-12.3,-10.4,-8.7,-9.7,-5.5,-8.1,-10.0,-10.4,-6.4,-2.8,-3.1,-10.6,-8.1,-8.2,-4.5
2C7L50ynjK,0,48.099876,11.631683,4442579.81,2777599.71,542.9,588.6,221,7390,3.4,0.7,0.44,32.66,348.96,-0.53,-0.103,0.842,-0.2,0.2,0.22,0.26,1.9,0.2,-0.3,-2.5,-3.2,0.7,2.9,2.0,2.2,-2.5,-0.7,5.5,1.6,1.7,6.9,2.5,-1.7,3.1,4.5,5.8,6.1,5.5,6.0,-4.6,5.4,-0.9,7.5,6.2,8.2,-0.7,-3.8,0.8,3.0,6.6,0.7,-1.0,2.4,2.4,6.2,8.2,6.9,5.7,7.3,-2.1,0.5,-1.1,7.2,4.5,-3.2,-2.7,-4.1,-5.7,-0.4,-4.6,-2.0,-1.2,0.3,-0.3,1.5,-1.1,1.3,-3.3,-2.0,-1.5,2.4,0.3,-1.1,-1.6,12.0,-4.9,-3.2,0.9,2.3,-3.1,1.0,-1.0,-2.4,-1.3,2.4,0.5,-0.2,0.1,6.5,0.2,0.2,-2.8,-0.2,-0.2,6.2,4.8,4.8,6.7,5.2,1.9,-0.5,-1.8,5.7,3.5,-0.4,-1.7,5.8,5.2,1.7,-2.4,9.4,6.3,3.2,6.8,4.8,2.3,-2.9,3.4,1.4,4.9,-0.5,-0.6,-1.7,0.1,-0.1,5.0,-2.1,-2.6,-4.5,-1.7,-4.3,-1.7,9.9,2.5,5.9,-5.6,2.9,1.6,2.8,3.2,8.2,2.0,1.9,4.2,5.8,5.0,2.9,4.6,-1.9,-2.6,-4.0,-5.9,-2.5,-3.4,-0.4,5.4,-5.0,-0.4,2.9,1.2,-2.8,3.5,3.8,4.7,-2.7,-3.3,1.0,6.0,1.2,5.6,5.2,1.9,-0.3,-1.1,2.2,1.8,3.4,-1.8,0.6,1.8,3.5,-1.2,-3.2,-2.8,-1.6,-3.6,2.3,-1.8,-7.1,3.8,-2.2,0.0,0.8,2.4,0.9,6.4,-2.5,2.1,-4.3,-0.1,5.4,7.8,0.7,2.1,2.6,6.5,4.9,-4.7,1.2,1.3,-2.5,-0.7,1.4,1.7,1.1,-1.5,5.3
2C7L50ynjX,0,48.099966,11.632386,4442631.92,2777610.89,542.6,588.3,221,7403,1.5,0.94,0.27,32.67,348.96,-0.53,-0.103,0.842,-0.8,0.1,0.52,0.12,0.2,0.1,-0.3,-2.9,-0.6,-0.7,0.2,-0.6,-0.7,-1.6,-0.8,-1.0,-0.1,-0.5,0.1,-0.5,0.7,1.1,0.9,0.2,-0.2,-1.4,-0.6,-2.1,0.9,-0.5,2.5,2.8,1.9,0.5,1.3,2.6,-2.1,0.9,-4.2,-4.2,-0.6,-4.5,0.8,-7.1,0.0,-0.7,1.0,-1.1,-0.8,-0.8,-1.3,-0.7,-2.5,-3.0,-2.7,-1.8,-0.9,-1.3,-0.3,-1.7,-2.2,-0.9,-1.2,-1.4,-1.4,-1.2,-1.3,-1.0,-1.0,-2.9,-0.6,0.6,0.3,-1.3,-0.7,-1.8,-1.7,-1.8,-1.6,-1.7,-1.6,-1.7,-0.9,-1.0,-1.5,-2.5,-1.8,-3.2,-2.4,-1.1,-2.3,-0.5,-2.5,-2.2,-1.9,-2.3,-2.5,-2.2,-2.6,-2.9,-1.5,-2.8,-3.9,-2.7,-1.1,-2.3,-3.8,-3.1,-3.0,-2.8,-2.1,-2.8,-2.3,-1.9,-3.9,-4.6,-2.6,-3.9,-4.3,-2.8,-3.0,-3.3,-2.2,-2.4,-4.3,-4.4,-2.1,-2.1,-3.9,-4.1,-4.2,-1.3,-1.7,-3.0,-3.6,-4.5,-4.6,-1.3,-2.7,-2.8,-3.7,-4.4,-2.4,-4.6,-4.8,-0.2,-1.0,-3.5,-5.0,-6.0,-3.9,-4.7,-3.8,-8.3,-4.7,-4.8,-3.2,-6.1,-5.8,-5.5,-3.5,-4.7,-5.1,-6.2,-2.6,-2.1,-2.4,-4.2,-3.7,-2.2,-4.8,-7.4,-2.0,-1.8,-5.4,-4.1,-1.5,-2.6,-3.8,-2.9,0.4,0.5,-4.9,0.4,-0.5,-7.8,-2.2,-2.5,-4.6,-3.4,-2.4,-3.2,-2.5,-0.9,-3.7,-4.7,-3.4,-4.4,-1.1,-5.3,-8.1,-5.4,-4.4,-5.4,-3.2,-2.1,-4.7,-2.5,-4.0,-4.1,-4.0,-4.3,-4.3,-3.6,-5.7
2C7L50ynjY,0,48.099963,11.632361,4442630.1,2777610.5,538.7,584.4,221,7404,1.5,0.94,0.38,32.67,348.96,-0.53,-0.103,0.842,-0.8,0.1,0.09,0.12,0.2,0.1,-0.3,-2.3,-1.1,-0.4,-0.8,-0.7,-1.3,0.2,-1.0,0.2,-0.3,0.0,0.5,-0.0,0.2,1.8,1.5,1.6,1.6,1.1,1.9,-2.1,3.2,-0.7,3.5,2.2,1.3,-2.0,-5.3,0.0,-0.9,0.5,-2.9,-4.7,-0.8,-2.2,-1.5,0.1,0.8,0.6,1.8,-2.0,-0.6,-1.2,0.9,-1.1,-1.3,-2.2,-2.8,-1.2,-1.9,-1.2,-1.6,-1.9,-2.3,-2.4,-1.4,-1.5,-1.8,-1.8,-2.3,-0.9,-2.3,1.1,-1.3,1.2,-1.2,-1.4,-1.5,-2.6,-1.0,-1.5,-1.3,-2.2,-2.6,-2.2,-0.8,-1.9,-0.9,-0.9,-0.4,-2.3,-2.5,-1.8,-3.0,-0.6,-1.9,-0.3,-1.6,-2.0,-0.5,-0.7,-1.7,-2.3,0.0,-2.6,-3.7,-1.6,-0.4,-1.9,-1.8,-4.6,1.2,-2.3,-1.3,-0.2,-0.8,-0.0,-3.1,-1.7,-1.0,-2.4,-0.9,-2.6,-3.0,-1.5,-1.7,-1.3,-2.1,-3.0,-2.1,-2.6,-2.2,-2.1,-2.4,-1.0,0.8,-1.1,-3.0,0.0,-3.7,-1.4,-2.5,-0.2,-0.0,-4.5,-3.1,-5.1,-4.1,1.5,-0.2,0.1,-3.5,-3.4,-3.0,-5.6,-2.4,-4.7,-3.6,-2.4,-3.8,-1.7,-5.9,-3.3,-3.3,-3.0,-5.7,-4.8,-3.0,-1.1,-2.9,-4.5,-1.4,-1.2,-2.4,-8.1,-2.0,-2.6,-3.8,-0.4,-2.5,-2.3,-2.2,-3.6,-2.0,-0.8,-4.1,-2.5,-1.7,-0.2,-2.7,-1.2,-3.3,-4.8,-4.7,-2.6,-2.3,-1.5,-2.0,-2.3,-3.7,-4.6,-1.9,-4.7,-9.0,-4.9,-3.5,-2.7,-3.3,-3.7,-3.3,-3.2,-5.2,-6.9,-4.8,-3.7,-4.8,-4.6,-3.8
2C7L50ynjt,0,48.100123,11.633603,4442722.25,2777630.27,540.0,585.7,221,7425,2.5,0.85,0.34,32.67,348.96,-0.53,-0.103,0.842,-0.5,0.1,-0.21,0.19,1.3,0.2,-0.3,-1.5,0.4,0.4,-0.9,0.1,0.1,1.6,1.3,-1.0,-13.0,-1.9,-0.7,-2.0,0.4,-1.8,-0.7,-1.0,-0.3,-0.6,0.0,0.1,-2.9,0.5,1.4,-0.8,-0.6,-0.4,-2.1,-2.4,-1.1,4.9,-4.4,-3.8,-3.4,-1.8,-3.8,-0.3,-1.3,1.0,0.7,-0.3,-0.5,-1.6,-0.5,1.6,-1.4,-0.7,-0.4,1.9,1.3,-0.7,0.4,-0.5,-3.0,-2.0,-2.3,-2.0,-4.0,-3.4,-3.2,0.0,-3.4,10.9,-2.9,1.1,-6.0,-3.7,-0.6,-4.1,-3.7,-5.9,-4.7,-3.5,-3.8,-2.1,-4.5,-1.4,-1.8,-2.0,-4.1,-3.5,-3.9,-4.0,-1.3,-3.9,-3.1,-2.6,-2.8,-0.3,-1.7,-1.9,-5.5,-3.9,-2.7,-2.0,-7.0,1.2,-3.0,-0.6,1.0,0.6,-0.9,1.7,1.0,1.1,2.5,0.6,1.1,3.7,2.6,3.0,0.3,4.1,1.2,3.4,3.3,2.4,1.4,1.0,1.0,1.8,-1.6,0.4,-1.3,-1.6,-1.4,-3.3,-0.5,-1.0,-9.1,-1.4,-1.6,-2.6,-0.4,-1.0,-0.6,-5.5,-1.1,-0.2,1.1,1.2,-2.6,-3.4,-2.0,-2.1,-3.1,-1.2,-0.9,0.8,-0.9,0.7,-2.7,-2.4,-3.2,-3.2,-2.8,-3.1,-1.0,-1.6,-1.6,-2.0,-1.1,-11.4,-4.6,-4.6,-1.6,-0.8,-4.0,-5.0,0.2,-4.1,-4.6,-8.0,-5.7,-0.7,5.8,-2.7,-1.6,6.9,-3.5,-3.2,-4.5,-4.5,-3.0,-1.9,-4.2,-4.5,-4.7,-2.0,-4.1,-4.9,-0.2,0.2,-6.0,-5.6,-1.5,-2.5,0.1,-5.0,-1.0,-3.0,-3.4,-1.5,-2.9,-0.6,-3.5,-2.8,-3.1
2C7L50ynjv,0,48.100126,11.63363,4442724.25,2777630.7,537.0,582.7,221,7427,4.3,0.64,0.53,32.67,348.96,-0.53,-0.103,0.842,-1.4,0.2,-0.33,0.33,1.6,0.3,-0.3,-2.2,-11.2,-0.1,3.2,2.2,0.6,8.4,2.1,-4.6,4.0,0.2,-0.4,-5.9,-1.7,1.6,-0.9,-3.1,-1.1,-6.2,-0.9,0.5,0.9,-13.2,-2.9,-4.7,-10.2,-8.8,-9.5,-4.1,-5.2,-3.6,-7.7,-7.6,-3.0,-9.5,-5.1,9.8,-3.2,3.8,-3.1,-6.4,-0.8,-0.2,-1.1,-3.3,-3.3,-0.5,-2.8,-4.9,-4.4,-4.3,-3.3,-3.1,-3.8,-3.8,-3.2,-3.3,-3.7,-4.8,-3.7,-6.5,-2.3,-2.0,-4.2,-1.7,-4.0,-6.8,-2.0,-4.9,-3.8,-3.7,-1.6,-4.2,-2.8,-3.1,-2.6,-3.7,-2.2,-1.9,-5.4,-2.8,-6.7,-8.6,-5.0,-8.2,-6.6,-1.3,-10.4,-7.2,-7.7,-3.3,2.4,-4.4,-7.8,-3.5,-4.3,-5.4,-5.2,-5.0,-10.1,-8.3,-5.1,-8.6,-1.1,-6.4,-7.9,-2.7,-4.7,-5.0,-8.8,-4.7,-5.6,-7.0,-5.9,-5.9,-7.3,9.6,-1.4,-5.5,-1.8,-4.9,-1.4,-3.3,-3.0,0.6,-5.7,-6.1,-6.0,-9.9,-9.9,-0.8,-5.8,-1.1,-8.0,-6.6,-8.9,-11.0,-10.9,-4.1,-0.7,-18.3,-7.0,-5.4,-5.6,-2.9,-2.9,-3.2,-0.0,-4.4,10.1,-4.8,-13.3,-5.5,-6.3,-3.7,-4.7,-8.5,-6.5,-5.9,-6.1,-6.9,-5.8,-7.1,3.2,-10.5,-13.2,-14.2,-12.9,-7.5,-15.3,4.1,-5.1,-7.1,-18.3,0.2,-8.1,-0.3,-5.3,-15.4,-6.2,-4.9,-6.4,-6.5,-6.9,-3.6,-5.2,3.4,-7.3,-9.9,-0.6,-17.8,-6.3,-19.7,-12.1,-13.7,-4.9,-18.2,-17.2,-14.6,2.9,-12.7,0.7,-12.6,-15.6,-12.4,-14.8,-10.6,-8.9
2C7L50ynks,0,48.100568,11.637072,4442979.58,2777685.47,540.5,586.2,221,7486,3.1,0.68,0.42,32.69,348.96,-0.53,-0.103,0.842,-0.9,0.2,0.99,0.24,3.5,0.2,-0.3,-0.4,-12.6,7.4,-7.1,-3.1,-5.3,10.6,5.1,9.0,-9.2,-9.1,-2.2,2.9,5.5,6.1,5.5,9.7,5.5,8.5,5.6,9.7,10.4,12.4,8.8,7.3,14.5,15.3,12.1,5.5,9.5,-5.6,7.8,5.3,6.7,4.7,5.8,7.4,6.6,6.4,5.8,3.3,-0.6,5.4,2.1,0.4,-0.2,0.6,-1.7,0.4,-0.0,1.2,1.4,0.3,-0.7,-3.0,-3.2,-2.5,-2.7,-3.4,-3.0,-2.2,-3.5,0.4,-3.2,-0.7,-2.9,-3.8,-0.9,0.2,-1.3,-2.0,1.0,-4.1,-1.0,5.7,4.3,4.6,1.7,1.2,7.2,0.9,7.4,1.8,2.3,1.0,7.5,7.8,6.3,8.3,6.3,3.6,0.5,2.9,3.8,2.3,0.8,2.9,6.2,4.4,1.3,0.2,1.8,2.7,2.1,4.5,1.6,-1.1,-0.7,-0.9,-1.7,0.6,-3.6,-2.8,-2.9,-2.8,-2.2,-1.7,-4.0,-0.1,-3.2,-0.6,-2.7,-2.6,-2.1,-0.5,2.1,-2.0,-0.4,1.1,3.9,3.5,1.0,0.2,0.6,3.1,-0.5,3.2,-2.5,3.6,-1.0,-1.7,-3.8,-3.3,-1.8,-1.5,-2.4,-0.6,-1.9,-1.8,-3.5,-2.2,1.1,-1.4,-1.7,-1.3,-2.4,-0.1,-2.8,-0.3,-2.6,1.4,1.2,-1.6,0.0,-2.4,-2.3,0.2,-1.1,0.7,1.1,2.9,-1.3,-2.4,-2.6,-1.7,-3.4,-2.4,-3.6,-11.2,-3.3,-2.0,-0.1,-1.2,-1.1,-1.2,2.6,-2.3,5.5,2.3,1.5,-0.4,3.4,1.2,-0.4,0.9,0.8,4.0,3.2,0.0,1.7,-1.6,-1.2,-0.5,0.4,1.5,0.2,-0.7,0.7
2C7L50z4lR,0,48.099483,11.628478,4442341.93,2777550.74,546.4,592.1,222,7333,4.5,0.5,0.54,32.65,348.96,-0.529,-0.103,0.842,1.4,0.3,-2.48,0.36,2.2,0.3,-0.3,-2.2,-1.1,-2.7,5.6,-3.8,-0.7,2.7,3.1,0.9,4.1,1.6,-0.2,2.7,1.6,2.8,4.2,3.8,3.4,4.1,5.9,-0.1,4.9,4.1,5.4,3.8,5.5,1.6,3.5,8.8,2.2,-4.1,0.8,-1.5,1.3,3.2,3.1,0.2,5.8,4.6,4.6,-3.7,0.8,-0.2,4.4,2.1,-2.0,2.4,-1.7,-3.2,0.3,17.3,17.3,15.7,15.7,17.3,19.0,5.1,4.2,7.7,8.6,8.3,16.4,0.6,8.5,20.6,-2.9,7.0,-5.1,-4.7,2.2,11.6,14.1,20.5,13.2,15.4,5.0,8.5,7.5,7.5,7.8,7.8,10.3,14.9,13.9,5.5,11.0,8.8,9.4,8.2,5.5,7.2,9.0,7.6,6.8,7.2,11.8,9.5,9.8,7.8,11.5,18.4,8.4,11.8,18.1,8.5,10.6,5.0,9.9,7.0,5.7,6.9,17.5,21.4,17.8,20.3,14.2,16.3,18.6,17.4,12.1,22.0,15.5,22.4,9.0,8.6,9.9,14.3,8.4,8.2,7.4,7.4,7.7,11.3,9.9,7.7,8.2,9.2,6.9,10.2,17.9,13.2,11.3,12.7,17.6,4.9,7.7,-2.2,11.6,10.4,13.5,4.6,10.8,10.8,8.7,8.4,12.4,8.4,10.0,6.4,13.6,7.7,4.5,7.0,4.2,5.4,12.6,12.2,5.4,12.8,7.8,7.8,9.6,1.5,14.3,14.2,8.3,11.2,12.5,13.3,13.7,12.3,14.4,13.5,13.9,11.7,7.2,3.3,7.0,6.8,4.1,6.4,5.2,5.8,5.1,5.2,8.1,7.2,7.6,8.0,7.1,10.1,18.5,10.1,13.3,13.1,15.8,10.6,9.7
2C7L50z4lr,0,48.099686,11.63006,4442459.3,2777575.91,551.6,597.3,222,7359,3.4,0.72,0.66,32.65,348.96,-0.53,-0.103,0.842,-1.3,0.2,0.41,0.27,1.8,0.2,-0.3,-0.1,1.6,4.2,4.4,3.3,-3.5,3.2,3.1,5.1,9.1,-6.5,9.5,-6.8,-4.5,-1.9,-1.6,1.0,0.2,-0.8,1.1,-2.2,-0.5,-2.4,1.0,1.2,-0.2,-0.1,-3.9,-0.9,-5.2,1.8,-4.8,-5.8,-0.6,-0.1,-0.9,0.0,1.6,1.0,0.5,-2.2,-4.3,-0.4,-1.3,1.1,-2.7,-4.4,-4.4,-0.7,-1.5,1.5,-0.1,4.5,4.7,4.1,6.9,2.0,-0.3,2.9,4.9,6.5,-10.7,12.3,3.9,4.1,2.3,3.7,-0.8,2.8,5.8,6.9,-4.6,5.4,2.8,7.6,-3.6,-0.1,-0.8,-1.5,0.1,-1.3,0.5,-1.3,-1.2,-1.6,-0.9,1.7,0.1,-0.3,-1.4,-0.7,-4.8,-3.5,-0.7,-3.4,-1.7,-3.2,-0.4,-0.1,0.7,-3.1,-1.2,0.8,0.8,-0.7,-1.7,-3.3,-3.8,-3.5,-3.5,-4.3,-4.2,-3.6,-6.0,-6.0,-4.4,6.0,-3.1,-3.3,-1.6,-9.4,-1.5,-0.3,7.0,0.7,7.2,4.3,-6.4,11.2,-5.1,6.5,-11.9,-13.3,-3.3,-1.4,-6.5,-6.3,-6.1,-3.0,-3.4,-5.7,-5.9,-4.6,-7.3,-6.1,-5.7,-5.9,-3.4,-1.5,-5.7,-3.8,-4.3,-7.6,-5.7,-5.8,-5.9,-2.3,-3.6,-1.1,-2.8,-4.0,-4.1,-4.9,-8.5,-8.0,-3.9,-5.5,-9.6,-6.4,-7.7,-6.7,-7.5,-7.7,-7.4,-6.7,-10.7,-5.8,-6.9,4.4,-5.0,-2.2,-5.3,-1.2,-2.3,-7.5,-1.3,-6.4,-2.7,-3.4,-5.2,-6.2,-4.5,-4.0,-6.2,-2.0,-3.1,-4.8,-4.1,-3.6,-3.4,-3.8,-4.3,-2.9,-3.9,-2.5,-2.4,-2.1,-1.8
2C7L50z4mL,0,48.099865,11.631448,4442562.27,2777598.03,535.7,581.4,222,7389,3.3,0.77,0.42,32.66,348.96,-0.53,-0.103,0.842,-0.8,0.2,-0.63,0.25,1.1,0.2,-0.3,3.3,0.8,0.6,-7.7,-0.7,0.0,0.4,-9.4,0.8,1.4,-2.8,14.6,-0.5,-0.6,1.0,6.1,3.1,2.0,2.2,3.0,-2.0,3.4,-1.1,5.4,5.9,5.7,1.5,4.0,1.6,-2.0,6.4,-2.4,-6.2,2.8,3.0,4.7,8.7,1.9,5.4,4.8,13.7,-1.0,-1.2,4.7,1.6,-0.5,-6.1,6.9,-4.4,0.8,-2.3,1.4,-1.1,-0.9,-0.9,0.7,-0.4,0.4,-2.6,-2.3,-1.4,3.0,4.3,-2.0,-5.9,0.8,2.1,3.6,-5.5,2.1,1.2,2.7,0.5,-4.9,0.3,2.9,3.8,4.0,1.7,2.9,1.3,-3.0,-2.8,-3.2,1.5,0.5,4.0,3.5,4.4,1.3,3.4,13.7,1.8,3.1,2.5,0.1,0.8,3.3,4.1,3.1,-4.4,3.0,3.9,3.0,4.4,3.8,-0.6,-0.6,-1.7,-0.1,-0.4,1.3,3.9,0.8,4.6,4.9,10.6,4.3,1.5,3.5,-2.7,0.9,-0.3,-1.0,1.3,1.8,-9.3,3.0,3.1,1.7,0.8,2.2,1.8,2.8,-2.0,2.5,0.3,4.6,4.0,-4.4,6.7,-3.2,-3.3,0.4,-3.9,2.2,5.2,-1.1,-2.1,-0.0,1.7,-3.0,0.5,-0.6,1.6,-1.2,-1.0,-1.1,0.7,-1.3,0.4,2.0,-0.7,0.7,0.2,-0.5,1.3,-1.2,-5.8,0.1,0.6,-0.7,-2.9,-5.7,-2.1,0.4,-3.1,-0.9,-1.9,1.7,-0.4,-1.5,-1.4,-3.0,-1.6,2.4,-3.4,0.8,-0.8,0.7,-0.4,-2.5,1.1,-4.3,-0.8,0.2,3.1,-3.1,-4.5,-3.6,-3.3,-3.2,-3.1,-1.6,-2.3,-3.1,-7.1,-5.6
2C7L50z4mj,0,48.100059,11.632966,4442674.91,2777622.17,543.7,589.4,222,7413,2.0,0.9,0.35,32.67,348.96,-0.53,-0.103,0.842,-0.3,0.1,-0.04,0.15,0.3,0.1,-0.3,0.1,0.8,-0.1,0.9,0.7,-2.2,1.5,-0.3,-0.5,1.0,-3.3,2.5,-2.3,-1.1,-1.4,1.1,-0.6,-0.6,-0.7,-0.0,-1.7,0.8,0.6,-0.1,-3.2,4.0,3.8,7.7,2.9,-1.1,2.8,-3.3,-2.8,-1.2,-3.7,-0.5,2.5,-2.0,0.3,-0.2,0.1,-6.9,-1.4,-1.8,-1.5,-0.3,2.8,-1.6,-1.2,-1.5,0.1,0.4,-0.1,0.3,-1.8,0.3,-0.9,0.4,0.7,-1.4,-0.5,-2.7,-5.1,-1.2,2.6,-1.0,-1.3,-0.1,-1.0,-1.8,-1.6,-0.1,3.3,-0.1,0.3,-1.1,-2.2,-1.3,-0.1,0.4,-1.0,-0.7,0.3,-0.5,2.0,-0.5,1.2,0.5,-1.8,-2.0,-2.8,0.1,-4.5,0.2,-1.8,-1.2,-0.8,4.3,1.2,1.4,1.1,0.6,0.5,3.1,1.7,0.7,1.0,-1.0,-1.1,-1.7,-0.1,-0.1,-0.8,0.7,-1.1,-4.5,-2.2,-2.7,-1.9,-1.0,-1.0,-2.1,-2.2,-2.4,-1.9,-1.0,-2.0,-0.9,0.2,-3.6,0.1,-2.0,-2.9,-3.4,-3.6,-3.4,-0.9,-0.6,2.1,3.1,4.0,3.3,-1.8,-1.5,0.2,-2.2,-2.8,-1.0,-0.8,-1.3,-4.5,-2.2,-2.3,-2.3,-0.6,-0.0,-1.2,-0.5,-1.9,1.9,-1.3,2.2,-1.8,-1.4,-1.8,6.3,2.0,-3.0,-2.0,-0.2,0.3,-2.7,-5.7,-1.6,-2.5,-4.5,-1.7,-1.4,-4.3,-0.7,2.7,2.2,-0.1,2.6,1.2,0.0,-4.4,-1.0,-1.9,-2.2,-3.2,-0.6,-2.4,-6.0,-3.1,-2.2,-2.3,-2.4,-0.6,-1.4,-0.7,-1.5,-0.5,-1.5,-0.9,-2.8,-4.7,-3.7
2C7L50z4mk,0,48.100061,11.632982,4442676.11,2777622.43,541.7,587.4,222,7414,4.2,0.67,0.45,32.67,348.96,-0.53,-0.103,0.842,-0.0,0.2,0.59,0.32,0.8,0.3,-0.3,1.9,2.9,3.8,3.2,4.2,-1.2,0.2,1.0,2.7,2.5,1.0,0.4,3.0,1.0,3.6,4.7,0.5,5.6,0.3,1.1,-1.9,0.1,-1.3,3.2,2.0,2.1,3.8,2.2,2.5,-0.2,4.3,-3.9,-2.1,-1.2,-0.9,-2.8,4.8,0.6,3.7,2.2,1.0,2.0,-0.0,-0.7,0.9,-0.1,2.4,0.0,-2.3,-1.8,-4.0,-0.8,-0.1,-0.3,-1.1,-0.2,-1.6,-1.6,0.8,-1.7,-2.0,-1.5,-7.3,-0.1,4.3,0.4,-1.0,-3.0,-2.2,-2.7,0.5,1.0,1.0,1.5,0.4,-2.2,0.2,1.6,-1.3,0.1,0.2,1.9,-0.8,0.6,3.9,2.5,2.6,3.4,1.2,0.1,-0.9,-0.3,-2.3,3.5,2.4,2.1,0.7,9.1,4.0,0.8,3.0,2.8,1.8,4.2,4.6,0.4,-1.1,-2.8,-5.1,-1.7,-1.4,-2.4,2.9,4.2,4.1,-2.1,7.3,7.5,9.7,-7.8,11.7,1.2,4.9,-1.7,-6.3,17.5,13.6,-1.7,2.2,-3.6,4.4,0.7,3.6,1.0,-4.3,2.9,3.5,5.7,6.8,2.7,6.0,0.4,-5.0,-6.9,-4.8,-7.5,-8.9,-6.8,-4.1,-8.8,-6.0,-8.6,-3.1,-2.5,-1.4,-3.2,-7.7,-6.2,-5.0,4.4,-1.9,2.7,-0.4,-2.9,-4.6,7.4,0.9,-0.9,-0.9,0.7,-0.6,-3.1,-10.9,0.9,4.9,-6.4,10.7,-2.3,13.0,-4.2,7.7,1.3,13.9,-3.2,-0.2,-0.3,-0.4,4.1,2.1,1.6,3.6,3.0,4.0,-0.6,0.0,1.4,3.7,0.1,1.3,-1.1,-1.4,-0.2,3.4,2.8,-7.9,-2.1,13.2,8.9
2C7L50z4ml,0,48.100059,11.632959,4442674.44,2777622.08,537.9,583.6,222,7415,2.6,0.82,0.41,32.67,348.96,-0.53,-0.103,0.842,0.3,0.1,-0.3,0.2,1.7,0.2,-0.3,-0.7,-0.3,-0.1,0.3,-0.8,0.1,1.9,1.4,1.9,-3.9,0.9,2.4,-1.5,-0.7,1.6,1.3,-1.9,-1.3,-4.6,0.3,2.1,-7.5,4.0,-4.1,-2.5,-2.3,-3.9,-0.6,-1.0,-8.3,1.1,-8.0,-11.3,-11.8,-6.6,-4.0,1.2,-7.6,-0.7,-1.1,-2.0,-2.6,-6.7,-0.9,-3.7,-5.2,-3.4,-2.3,0.4,-0.9,0.6,-1.4,-0.9,0.6,-1.3,0.4,-1.7,-1.2,-1.8,-0.4,-0.4,-0.6,-0.9,0.0,1.2,-1.2,-0.6,-1.2,1.0,0.8,-0.7,0.4,-3.3,-0.1,-1.7,0.2,-0.6,0.1,-0.7,0.5,-1.9,-4.5,-0.1,-2.9,-3.6,-5.6,-0.6,-7.3,-4.2,-0.6,-7.0,-2.8,-7.3,-2.7,-3.1,-2.4,-5.3,-1.0,0.1,-5.7,-3.6,-3.6,-3.5,1.5,0.3,0.8,3.4,0.1,1.6,0.2,0.7,0.8,0.0,-0.3,-0.1,-0.6,-1.1,-0.9,0.2,2.3,0.2,0.5,-0.7,0.9,1.5,2.2,0.4,1.8,1.3,-2.0,-0.1,-0.1,-2.9,-7.7,-2.5,-1.8,-2.3,-0.1,3.2,5.8,2.6,-0.5,-0.5,2.7,0.5,-0.7,1.8,-1.4,0.7,2.8,4.2,-2.8,-5.6,-5.5,-4.1,-9.0,1.8,-0.6,1.6,-0.2,1.1,2.6,1.2,0.4,-0.3,-1.0,-0.1,-2.6,-6.9,1.4,-0.1,-7.0,2.5,0.2,-1.8,1.7,-0.0,-0.7,2.5,-1.3,0.6,0.3,-0.2,-0.2,0.4,0.0,-2.0,0.5,-0.4,-1.8,-3.4,0.1,-0.9,-7.0,-8.8,-1.6,0.5,-7.2,0.0,0.1,-0.4,-0.4,-1.2,0.9,2.1,-0.3,-0.4,0.1
2C7L50z4nC,0,48.100266,11.634573,4442794.16,2777647.76,540.1,585.8,222,7442,2.7,0.82,0.41,32.68,348.96,-0.53,-0.103,0.842,-0.9,0.1,-0.35,0.21,1.1,0.2,-0.3,-0.1,-2.1,0.6,-1.2,-1.6,2.0,-3.0,5.9,1.4,-3.6,7.5,-3.1,0.2,2.3,-0.9,-5.8,-1.9,-2.5,-1.4,-5.1,0.4,-3.4,0.1,-3.8,1.5,4.7,5.2,-0.4,-1.1,-5.8,3.1,-11.2,-1.1,-4.8,-6.0,-5.3,3.7,-2.2,2.3,-1.9,-3.2,-2.2,-2.0,-1.2,-2.1,-1.0,-0.9,-5.3,-0.3,-5.4,1.0,1.6,0.5,-0.1,-0.7,-0.6,-2.1,0.1,1.5,0.9,2.8,3.8,-0.3,5.8,-6.4,0.2,0.6,-4.4,1.8,1.5,-1.4,-1.6,0.1,-0.6,-0.9,-1.8,0.2,-0.8,-0.4,0.6,-3.4,-6.3,-2.4,-2.6,-3.2,-4.0,-1.2,-1.7,-0.8,-3.4,-2.0,-1.6,-3.3,-4.0,-3.7,-1.3,-3.8,-1.8,2.7,-2.1,-1.5,-1.4,-1.1,-0.4,-1.3,1.3,3.0,1.7,-1.0,1.6,6.9,-5.2,-0.9,-3.4,-3.2,-2.8,-2.2,-2.3,-0.0,-0.9,-1.5,-2.4,-3.9,0.6,-1.2,0.2,-3.6,-0.6,-0.4,-3.3,5.4,-2.9,2.9,-0.4,-4.9,-3.0,-2.9,-2.6,1.1,2.7,-9.7,-4.0,-5.2,-0.9,-2.4,-1.6,-2.5,-2.3,-4.1,-2.7,-0.7,-1.2,-0.6,-1.5,-5.2,-6.4,-2.8,-3.6,-2.5,-1.8,-7.1,-3.8,-6.6,-6.9,-6.5,-5.0,-3.4,-8.9,-3.8,-2.4,-3.2,-2.9,-7.2,-4.9,-3.8,-0.6,2.6,-0.3,3.4,-0.5,-2.6,-7.5,-3.6,1.9,-4.7,-5.7,-6.6,-1.6,-2.4,-4.5,-6.2,-8.3,-6.3,-10.5,-6.4,-4.4,-4.0,-6.0,-5.1,-3.3,-2.9,-1.2,-7.6,-2.5,-2.6,-7.7,-3.9,-3.8
2C7L50z4ne,0,48.100456,11.636052,4442903.89,2777671.31,536.1,581.8,222,7470,4.7,0.35,0.45,32.68,348.96,-0.53,-0.103,0.842,1.4,0.2,0.13,0.36,5.9,0.3,-0.3,4.0,8.2,-8.4,-4.6,5.5,1.1,-0.3,1.4,-7.2,4.4,-14.0,1.7,-5.8,-7.1,-4.5,-5.8,-8.4,-6.7,-9.7,-4.3,-4.3,-2.4,-13.3,-8.8,-7.6,-5.5,-7.3,-5.9,-9.2,-9.1,-4.9,-12.4,-7.8,-11.4,-9.6,-13.5,-6.6,-8.0,-2.6,-7.3,-7.1,-16.3,-9.1,-7.4,-11.7,-7.1,-1.7,-0.2,-6.0,1.3,-7.6,5.8,5.7,2.6,-1.0,-4.1,2.0,2.8,0.9,7.9,14.0,-11.8,7.0,7.5,0.3,-0.5,9.4,6.3,6.8,3.6,3.5,8.2,3.2,10.0,-6.9,-3.3,6.5,1.3,0.5,-7.6,-3.6,-4.2,-10.5,-13.7,-11.7,-10.9,-9.1,-5.6,-7.7,-4.7,-6.3,-12.6,-16.0,-6.3,-13.8,-11.6,2.7,-14.2,-4.3,-11.2,1.2,-4.7,-8.3,-3.2,-5.5,-7.2,-5.9,-8.4,-8.2,-6.0,-3.2,-5.6,-1.2,-4.1,-3.3,0.8,-2.2,-1.2,0.5,-1.0,-1.7,0.5,0.1,-0.4,-2.8,-2.8,0.1,-2.6,-1.2,-1.7,-2.2,-5.3,-4.7,-9.8,-16.3,-8.5,-9.4,-6.7,-3.3,0.8,-6.7,-8.7,-5.2,-9.9,-11.3,10.3,0.5,9.9,6.9,9.0,14.8,7.6,2.1,-0.1,3.7,2.6,2.4,6.1,0.6,3.7,-1.9,-2.6,-0.9,-9.0,-8.1,-3.8,-4.2,1.6,2.6,-2.7,7.7,-0.1,-0.3,-0.8,-2.3,-0.3,12.2,8.6,-1.6,5.4,4.7,11.7,-3.5,-6.4,2.8,1.0,1.3,-2.3,-4.1,-4.9,-3.1,-5.3,-9.8,-8.6,-7.9,-11.2,-7.1,-5.5,0.2,4.5,2.4,7.5,6.2,6.9,7.1,6.6,6.9,9.8
2C7L50z4oG,0,48.100776,11.638548,4443089.04,2777711.0,551.7,597.4,222,7508,3.4,0.75,0.44,32.69,348.96,-0.53,-0.103,0.842,-0.1,0.2,0.49,0.26,0.6,0.2,-0.3,-7.4,-0.8,4.1,-0.8,-0.6,-4.2,-1.9,12.1,-0.8,-1.7,5.3,3.1,5.5,5.5,-3.6,3.5,4.2,5.5,-0.3,0.7,0.4,-2.4,-2.7,-3.5,-0.7,-1.8,-2.7,-1.4,-5.8,-6.4,9.5,-2.6,-7.2,-3.5,-6.4,-1.6,-10.1,2.1,-12.0,2.2,-0.9,-3.6,-9.3,-10.1,-7.8,-7.2,-0.9,-3.7,-3.6,-2.2,-5.1,-2.8,-5.6,-3.9,-3.5,-7.6,-5.0,-6.5,-7.0,-5.8,-7.3,-2.8,-6.0,-1.8,-6.8,-5.6,-10.4,0.4,-2.5,-4.5,-4.7,-6.4,-1.6,-2.3,-1.6,-1.4,-4.7,-4.4,-4.0,-3.0,1.6,-6.1,-3.1,-0.6,-1.5,-3.2,-1.3,-4.3,-1.0,-3.5,-5.7,-4.9,-4.1,-6.2,-5.3,-0.1,-2.1,-5.7,-2.8,0.7,-2.6,-2.0,-3.2,-3.8,-6.7,-1.7,2.2,-1.1,-4.7,-1.4,-1.9,1.7,-0.2,0.3,0.4,-1.1,1.8,0.4,0.3,-2.8,-1.1,0.1,-0.5,-1.4,-3.7,-3.2,-2.7,-2.0,0.4,-7.3,-0.8,-6.6,-1.1,-7.7,-5.2,-6.9,-6.9,-4.2,0.9,3.8,0.0,-3.3,-4.2,-4.9,-3.3,0.4,1.2,-2.8,-3.8,-0.4,-3.5,-5.4,-5.0,-1.2,-7.1,-4.2,-5.6,-2.1,-1.6,-2.4,-2.8,-4.0,-3.6,-4.8,-7.9,7.6,-1.1,-4.5,-3.5,-2.1,-0.4,-8.3,-3.5,-3.8,-2.5,-3.3,-1.3,1.0,0.9,-2.1,-2.3,-2.9,-6.0,-3.2,-3.5,-6.9,-2.6,-4.3,-2.6,11.1,-2.5,4.7,1.0,-3.7,1.8,-2.1,-6.4,-1.9,-3.0,-7.2,-5.0,-5.0,-5.9,-3.2,-2.8,-2.2,-3.5,-0.9
2C7L50z4oJ,0,48.100779,11.638571,4443090.73,2777711.37,543.9,589.6,222,7511,2.5,0.86,0.42,32.69,348.96,-0.53,-0.103,0.842,-1.1,0.1,-0.03,0.19,0.7,0.2,-0.3,0.1,-0.0,2.1,2.0,1.6,0.8,0.7,2.0,-0.1,4.1,-2.8,1.2,-4.3,1.1,1.3,-0.6,4.3,1.9,0.9,-4.6,0.1,-0.2,-2.6,3.4,0.2,-1.2,-2.9,2.7,-1.0,-9.8,-0.1,-6.6,-6.7,-5.0,-9.0,-5.4,-5.3,-1.1,-0.7,-1.3,0.9,2.3,0.4,-2.0,-0.4,-2.9,0.6,-1.1,-6.9,-3.0,-3.2,-0.7,0.9,-2.7,-0.1,-1.7,-2.8,0.1,0.9,-1.3,-2.4,0.4,2.1,0.6,1.2,-2.1,-0.7,-10.1,-0.8,-1.4,-1.3,-0.2,-0.6,2.9,-1.6,-1.1,1.5,-0.3,-1.3,-1.6,1.8,-3.0,-4.2,1.0,-4.2,-1.7,0.4,-0.1,-8.5,0.4,-4.6,1.4,-2.2,-4.8,-5.2,-1.6,2.2,-0.3,-0.2,-3.7,-4.1,-2.7,-0.5,-1.2,-1.8,-3.1,-1.9,-3.0,-1.8,-2.4,-3.7,-1.9,-3.4,-1.0,-3.0,-2.0,-1.2,-3.0,-1.8,-1.9,1.0,-2.2,-1.9,-3.9,-2.8,1.5,-1.6,-5.1,-1.5,-4.4,-2.0,-4.1,-2.5,-0.5,-5.5,-6.6,-3.0,-3.7,-0.4,-1.2,-4.7,-7.1,-4.0,-0.7,-5.2,-5.0,-3.1,-1.9,-3.9,-3.2,-4.6,-4.3,-2.5,-2.9,-3.7,-4.6,-5.1,-4.9,-5.1,-6.1,-6.4,-3.2,2.5,-1.5,-4.4,-6.9,-5.7,-9.8,-7.5,-4.5,-7.3,-1.8,1.1,-3.8,-6.0,-7.7,-7.2,-6.7,-6.7,-5.6,-3.6,-3.0,-3.6,-4.5,-7.7,-3.2,-2.3,-8.7,-3.7,-6.2,-1.1,0.6,-7.8,-7.6,-5.6,-7.0,-4.5,-8.5,-2.1,-9.2,-2.0,-6.2,-5.6,-5.8,-4.0,-3.9,-6.2,-9.1
2C7L50z4kp,0,48.099202,11.626149,4442169.09,2777515.75,539.6,585.3,222,7295,2.0,0.9,0.35,32.64,348.96,-0.529,-0.103,0.842,-1.2,0.1,0.34,0.16,0.5,0.1,-0.3,-1.3,-1.9,-0.9,-3.9,-1.4,7.2,-2.3,-0.4,-1.9,-1.4,0.3,-1.2,1.9,1.5,-0.2,1.1,-3.4,-0.0,-1.0,3.2,-1.2,0.4,1.3,-0.8,4.4,0.9,0.9,0.5,-3.6,-1.6,-5.4,-0.5,-11.9,-0.3,-4.3,-1.6,1.4,0.6,-0.7,-1.0,-2.3,-1.0,-6.5,-3.8,-0.3,2.1,-1.8,-0.6,-1.3,-2.0,2.7,0.3,0.1,0.4,-2.0,-1.3,0.1,-0.2,-2.1,-3.3,-0.9,-2.8,-3.7,-1.0,2.4,1.3,1.8,3.2,0.3,-1.5,-0.7,-1.7,-1.9,-2.6,-2.2,-2.0,-1.2,-6.9,-0.3,-3.2,-1.5,-0.7,-3.4,-2.1,-1.6,-3.6,-4.2,-5.2,-1.2,-4.4,-1.8,-6.2,-3.4,-0.8,-4.5,-3.2,-3.3,-3.2,-3.9,-2.7,-1.5,-3.0,-0.5,-2.1,-2.6,-0.2,-1.7,-4.3,-2.2,-3.1,-0.4,-1.2,-1.6,-0.9,-2.3,-0.7,-3.1,-2.5,-3.7,-3.6,-2.9,-1.8,-1.3,-3.5,-4.2,-2.7,-4.0,-0.7,-3.2,-8.5,-5.0,-9.2,-3.2,-2.9,-4.4,-4.4,-2.9,-1.9,-1.6,-2.3,-1.6,-5.4,-4.7,-5.6,-3.6,-3.4,-4.2,-6.0,-4.4,-11.4,-4.1,-6.8,-5.0,-4.9,-5.6,-3.5,-2.6,-4.4,-4.1,-4.6,-6.0,-9.1,-4.3,-7.5,-7.4,-1.7,-7.0,-8.2,-5.1,-6.2,-4.9,-6.0,-7.0,-3.6,-3.5,-3.8,-4.3,-4.7,-8.6,-4.4,-5.3,-4.8,-6.6,-4.8,-2.8,-4.2,-6.5,-5.4,-5.3,-6.7,-5.5,-5.9,-3.4,-9.1,-6.3,-4.7,-5.0,-4.7,-4.8,-4.2,-4.0,-4.2,-5.6,-5.0,-4.5,-5.1,-6.2,-4.3
2C7L50z4kw,0,48.099258,11.626585,4442201.49,2777522.7,541.1,586.8,222,7302,2.3,0.88,0.36,32.64,348.96,-0.529,-0.103,0.842,-0.6,0.1,0.32,0.17,0.5,0.1,-0.3,4.1,1.0,-6.2,-2.1,0.6,0.9,-0.1,-5.5,-2.6,5.4,2.6,2.8,-3.7,1.5,-2.2,-0.5,1.3,-0.2,0.7,-2.2,-0.2,-1.2,-0.1,3.2,2.6,2.0,2.6,0.6,-1.9,-2.0,-4.5,-2.6,-4.2,-4.9,-4.3,-1.1,-0.5,-0.9,2.6,0.0,-0.2,2.2,1.7,0.8,3.1,-2.0,1.5,0.4,-0.5,0.9,2.6,-0.4,-0.6,-0.8,-0.5,-0.4,1.5,-2.1,1.0,-0.5,-2.1,-2.1,-3.4,-2.2,-2.7,-4.8,0.2,1.4,-4.1,-1.5,-4.1,-0.9,-0.4,-2.2,-2.2,-2.6,-1.1,-0.5,-3.0,-0.4,1.8,0.4,-2.1,3.0,-0.2,1.7,-0.1,1.2,-0.1,1.0,0.3,-2.0,-3.9,0.0,-4.4,-1.6,1.2,-1.1,-0.0,2.0,-0.6,-0.4,0.5,-0.2,-5.6,0.3,-2.3,-3.5,-1.6,-4.7,-4.5,-2.4,-2.9,-1.2,-4.4,-4.4,-6.6,-4.4,-3.4,-6.3,-13.2,-4.7,-3.2,-2.1,-2.3,-2.7,0.9,0.1,-3.3,-0.8,-1.5,-4.9,1.1,0.4,-2.3,-1.7,1.5,-1.2,-0.4,0.1,0.2,-4.5,-3.0,-2.1,-0.9,-1.8,-3.9,-3.1,-2.6,-1.7,2.8,-2.3,-3.0,-2.2,-1.9,-3.0,-2.1,-2.4,0.8,-1.9,-1.6,-3.4,-2.8,-3.7,-7.8,-0.7,-2.9,-6.1,-3.9,-2.4,-3.0,-3.8,-0.2,-0.3,2.8,-3.7,-2.4,-2.6,-0.4,-2.5,-2.9,-3.9,-2.5,-2.1,-2.2,-1.8,-4.9,-3.4,-4.3,-4.4,-6.0,-7.1,0.8,-4.9,-2.8,1.4,-1.4,-1.7,-1.6,-3.4,-4.9,-0.5,-4.3,-0.4,-2.2,-2.9,-3.2,-3.8
2C7L50z4kz,0,48.09928,11.626753,4442213.92,2777525.37,539.1,584.8,222,7305,2.8,0.82,0.38,32.64,348.96,-0.529,-0.103,0.842,-0.6,0.1,0.51,0.22,0.9,0.2,-0.3,-2.2,-3.4,-3.0,-1.6,-6.0,-0.9,-1.0,-0.4,-1.9,-0.5,-3.3,1.1,-1.5,-2.6,-2.4,-0.9,-1.3,-2.2,-1.9,-0.2,-2.4,-0.2,-1.5,1.1,1.1,-0.4,-2.3,11.0,-5.1,-3.8,-4.5,-5.7,-5.8,-4.0,-7.2,-3.4,-1.6,-1.0,1.3,2.1,-0.8,-12.8,-1.0,-2.8,3.4,-2.4,0.6,3.1,-0.8,-1.5,0.9,-1.9,-0.4,-1.9,-0.2,-1.3,1.2,-3.0,0.6,-10.5,-8.2,-6.1,1.2,-3.7,-11.8,5.8,-0.2,-7.6,-9.6,-12.1,-10.0,-6.0,-5.7,-9.4,-5.0,-4.7,-4.0,-6.1,-12.7,-2.2,-3.2,-2.4,-1.1,0.7,-5.2,-0.2,-3.0,0.1,-3.5,-3.6,-7.4,-6.2,0.8,-4.3,-6.7,-4.9,-4.3,-3.8,-5.3,-9.6,-5.6,-6.3,-5.1,-4.9,-6.3,-5.4,-4.4,-2.9,-3.9,-2.0,-4.1,-2.8,-2.6,-2.5,-2.3,-1.3,-5.1,-2.9,-3.1,-3.3,-0.9,-3.0,-2.4,-4.3,-3.8,-4.1,-13.5,-3.7,-7.7,-6.9,-5.9,-6.8,-5.4,-0.3,-2.5,-2.1,-3.3,-4.5,-2.1,-1.0,-0.6,-4.3,-3.4,-4.7,-2.0,-2.3,0.4,-2.0,-1.6,-3.9,-2.4,-2.3,-4.9,-5.2,-5.4,-4.7,-6.5,-6.3,-4.7,-6.6,-6.9,-6.6,-3.1,-6.4,-1.9,-5.2,-4.2,-3.3,-7.6,-6.5,-3.2,-5.9,-5.4,-3.0,-2.9,-2.7,-4.3,-4.3,-2.4,-3.2,-2.7,-2.5,-4.3,-5.0,-4.7,-5.3,-6.3,-4.5,-5.5,-6.0,-5.9,-6.0,-3.4,-6.3,-4.3,-3.0,-2.4,-5.9,-6.5,-4.6,-4.6,-8.5,-5.6,-4.3,-3.0,-3.9,-4.1,-4.8
2C7L50z4lE,0,48.099389,11.627599,4442276.74,2777538.84,540.5,586.2,222,7320,4.3,0.62,0.51,32.64,348.96,-0.529,-0.103,0.842,-0.6,0.2,0.48,0.33,1.2,0.3,-0.3,-1.9,-4.6,-2.8,1.1,-1.6,-1.7,0.6,-1.0,-1.2,-1.7,-1.2,-2.3,-1.6,-1.1,5.0,-1.6,-1.5,-1.3,-1.1,3.1,3.0,1.9,2.2,2.1,3.7,2.5,2.7,1.7,1.2,-0.2,-2.6,-0.9,-5.1,-5.4,-2.1,-2.8,-5.3,-0.6,10.5,4.2,2.4,-0.2,-4.5,-2.8,3.4,-9.0,-4.2,-3.0,7.4,-1.9,-4.4,13.2,12.7,-4.3,-6.5,-5.9,-1.9,-6.2,-7.7,-0.9,-6.9,1.4,-2.7,-3.8,6.2,-6.4,-5.6,-3.6,-2.6,-3.7,-1.8,-2.1,-0.3,-0.4,-3.2,0.5,-4.3,1.1,-1.0,-2.7,-1.8,-1.8,-3.6,-2.0,-4.5,-1.0,-5.1,-0.4,-2.9,-5.2,-3.8,-3.9,-6.1,-5.6,-5.4,-1.9,-2.2,0.7,-11.3,0.3,-2.3,-3.2,0.9,-6.9,-0.9,-1.1,-10.1,-4.2,-6.8,-9.9,-2.5,-4.7,-2.5,-2.1,-1.5,-2.3,-2.2,-1.3,-1.6,-3.0,-7.3,-3.0,-3.1,-0.3,-0.4,1.9,-4.5,-0.7,-4.1,-4.9,2.2,-10.2,6.0,2.6,-1.6,-3.5,0.7,-1.4,2.3,4.5,-9.3,-11.2,-10.4,2.5,-0.7,0.5,4.8,-0.5,-1.6,-5.1,-6.7,-3.5,-6.3,-7.5,-8.1,5.4,-8.0,-8.2,-2.8,-9.1,-3.4,-4.5,3.6,-14.4,2.0,4.3,4.6,-1.5,4.9,6.7,-10.8,2.7,-1.5,1.6,8.3,-9.6,-9.7,-8.3,-14.1,-6.2,-3.9,-4.3,-3.2,-5.3,-4.9,5.8,-12.3,5.0,-7.2,-1.7,-0.6,0.5,3.9,-2.3,1.7,1.2,-1.2,-5.4,-8.0,-0.9,5.1,-4.7,-7.0,-6.0,-7.9,-9.0,-4.5,-6.3
2C7L50z4mY,0,48.099997,11.632333,4442627.9,2777614.16,543.3,589.0,222,7402,3.9,0.69,0.49,32.67,348.96,-0.53,-0.103,0.842,-1.7,0.2,-0.07,0.3,0.4,0.3,-0.3,-2.6,0.3,10.0,-2.3,-0.7,-2.5,0.4,1.2,-0.1,-3.4,-0.6,-7.9,0.8,4.6,1.6,1.3,-0.5,-1.9,-1.5,-2.7,2.3,-2.9,-0.4,0.1,4.2,0.5,7.0,-0.7,4.2,-3.5,3.7,-8.2,-7.0,-7.0,-12.2,-3.3,-4.0,-0.5,-8.3,-0.7,3.6,-1.5,-1.5,-0.5,0.0,-4.4,1.9,-1.8,3.4,1.1,2.6,5.6,4.3,2.2,2.8,1.0,-3.4,3.3,4.1,2.9,1.0,-4.8,2.4,2.7,1.8,3.6,1.1,2.3,2.1,2.1,-0.9,3.0,1.2,2.9,-1.3,-1.8,1.7,-3.5,1.5,0.3,-1.4,-2.1,0.6,-10.8,7.8,-3.6,-2.2,-6.8,-0.9,-3.0,-6.9,-0.5,5.2,-4.9,13.2,2.9,8.2,-0.7,-2.1,10.0,-4.7,-1.9,-9.8,-7.0,-3.4,-5.7,3.4,-0.4,-4.4,1.4,-5.8,7.6,-1.2,-1.5,-4.1,-3.2,-1.2,-3.7,-11.0,-7.4,-3.4,-8.6,-5.0,-6.5,-5.4,-5.1,-9.6,-6.5,-3.5,-5.6,3.5,-8.9,-4.4,-1.8,-5.3,-3.4,-4.5,-5.9,0.4,1.7,-3.5,-5.5,-2.1,-2.1,-7.5,-6.4,-5.5,-6.9,-6.3,-9.3,-3.4,-7.6,-6.9,-13.9,-5.9,-3.9,-6.1,-0.7,-2.5,-2.6,-7.0,-5.8,0.1,-8.3,-7.2,-6.4,-2.1,-8.2,-5.4,-4.2,-3.8,-3.1,-5.3,-11.3,-9.2,-3.9,-6.9,-3.9,-3.0,-2.9,-0.7,-5.2,-1.5,-3.2,-3.2,-7.9,-5.2,-5.4,-6.7,0.7,-5.2,-14.2,-5.2,-13.4,-9.8,-7.6,-7.7,-10.4,-6.9,-7.3,-7.3,-10.9,-9.0,-4.4,-0.4,-9.7,-8.6,-4.0
2C7L50z4mr,0,48.10014,11.633449,4442710.74,2777631.93,543.2,588.9,222,7421,3.0,0.82,0.39,32.67,348.96,-0.53,-0.103,0.842,0.0,0.1,0.01,0.23,0.7,0.2,-0.3,-0.4,-1.5,-1.1,0.2,-1.5,5.6,-1.6,3.7,-0.6,-1.0,-0.9,3.9,-0.1,-2.7,-1.2,-1.6,-2.8,-0.2,1.9,1.9,1.0,-7.5,2.4,-1.7,-4.6,-3.4,-1.1,3.5,3.1,-2.0,-12.8,-4.9,-3.2,-2.8,0.4,-1.3,4.3,0.2,0.7,0.4,2.3,6.6,1.2,2.6,2.0,1.5,1.9,3.2,1.5,2.9,2.6,3.6,3.0,3.6,3.0,4.0,4.6,4.7,5.1,5.1,3.7,0.2,-6.7,1.3,-4.3,5.9,1.2,2.2,0.5,0.5,3.8,-0.4,1.9,1.0,-0.4,2.3,2.5,0.8,1.7,-0.1,1.4,-0.4,1.5,1.0,3.4,2.2,1.9,-0.7,-0.1,0.8,-1.1,3.6,3.3,1.1,-8.3,0.5,2.4,0.6,1.5,1.2,1.6,-1.4,-2.7,-0.9,3.0,0.3,0.3,-0.3,-1.5,0.2,-1.2,0.0,-0.7,-1.6,-1.6,5.2,3.1,2.7,-0.7,1.3,-1.4,-0.1,1.2,-0.9,1.1,1.9,3.7,0.6,1.1,-15.5,-0.8,1.6,2.2,-2.8,0.6,-1.3,2.7,1.0,1.4,6.0,6.3,3.0,-0.3,-6.1,4.7,0.5,0.0,0.1,-0.1,-2.4,1.3,0.8,-1.2,-0.8,-1.3,3.1,1.3,0.8,3.2,0.9,-2.0,-2.4,-5.7,-0.1,0.8,1.9,-1.3,0.7,-0.4,0.4,-0.4,-1.8,-0.3,0.4,4.2,0.6,-2.3,-3.3,3.6,-1.5,-1.6,-0.4,0.1,-1.6,-0.3,1.9,2.7,0.9,-5.9,1.9,-2.8,0.6,8.2,3.6,-0.1,3.5,8.6,8.7,2.6,1.4,2.5,-1.1,-0.4,-0.9,5.2,-0.3,-3.0,-2.1
2C7L50z4na,0,48.100457,11.635917,4442893.82,2777671.21,540.5,586.2,222,7466,3.5,0.76,0.41,32.68,348.96,-0.53,-0.103,0.842,-0.7,0.2,0.17,0.27,1.6,0.2,-0.3,0.3,-0.5,-0.2,-3.6,-8.4,-9.0,1.6,10.5,0.1,12.4,3.4,-4.0,0.9,2.2,2.5,2.0,3.5,3.1,3.5,-1.3,3.4,3.5,8.3,5.3,4.4,1.4,6.7,16.7,12.8,1.0,8.4,-0.3,-1.3,1.8,4.5,0.7,3.8,3.2,4.0,2.0,4.0,-1.4,3.4,2.6,2.5,-0.7,-9.9,1.0,3.2,7.5,1.3,5.5,2.4,0.1,1.2,-0.0,-3.1,0.5,1.7,4.0,-0.3,-0.4,-0.3,0.6,13.8,-4.9,2.2,0.7,0.8,1.5,-3.5,0.2,-1.1,-0.3,1.3,2.1,1.6,1.2,4.2,2.5,0.9,1.3,1.7,4.2,2.9,1.8,1.9,-1.3,0.1,0.6,1.4,2.6,0.4,1.0,2.0,1.5,3.1,4.6,4.4,-1.2,2.1,2.8,2.2,4.0,2.3,2.7,-0.1,2.1,-2.9,-0.1,0.5,-0.7,-1.3,2.3,0.6,0.3,-4.5,-1.4,-1.9,2.1,-2.5,1.3,0.7,0.2,1.4,2.7,2.7,2.3,1.0,0.2,4.3,-1.8,2.6,-0.8,0.7,0.7,2.8,1.2,3.6,4.0,12.6,-0.1,-3.9,0.5,3.9,1.3,-3.5,-3.8,0.8,-1.7,0.6,-0.1,-1.8,-0.1,-0.2,0.3,2.9,1.8,0.6,0.8,0.1,1.9,-3.3,1.1,-2.1,0.8,0.1,-0.7,-1.0,0.8,0.2,2.4,-10.6,-7.7,-7.2,-8.9,-8.2,-6.0,-1.3,-2.4,-2.1,-0.9,-1.5,-4.7,-3.2,-2.4,6.5,-0.5,10.8,-1.7,-2.8,10.9,-2.6,-4.3,-0.8,-2.4,-0.4,0.2,-2.1,-0.2,1.6,4.3,-2.2,1.3,-0.7,2.1,-0.1,-0.4
2C7L50z4ko,0,48.099217,11.626114,4442166.49,2777517.26,540.9,586.6,222,7294,1.8,0.91,0.32,32.64,348.96,-0.529,-0.103,0.842,-0.3,0.1,-0.01,0.14,1.0,0.1,-0.3,-0.3,-0.8,-0.4,-0.6,-0.1,-0.5,0.7,1.5,1.2,-0.3,2.0,2.8,3.2,2.7,1.0,2.3,2.2,1.3,2.1,2.8,0.7,2.7,-0.3,3.3,5.9,4.0,2.4,3.6,0.2,0.4,-2.7,-0.4,0.1,-3.2,-2.8,-0.5,0.6,0.8,2.4,1.2,1.2,2.7,3.7,1.1,2.5,0.2,-0.3,-1.1,0.1,-0.6,1.2,-0.3,0.7,0.9,-1.3,-1.1,-1.4,0.5,0.6,-0.7,-1.1,-0.1,-1.8,-1.6,-4.2,2.9,0.5,-1.2,0.8,-0.2,-0.3,0.9,1.9,0.3,1.9,3.6,2.0,0.9,1.3,1.0,2.0,1.6,0.5,1.3,-0.2,0.8,0.4,3.6,2.5,0.6,0.8,-1.5,-2.1,2.8,-2.5,-2.9,2.2,-0.3,-1.3,1.1,0.4,1.1,3.9,1.8,0.9,1.9,-0.1,-0.9,-1.4,0.0,0.3,-1.2,-1.1,-0.4,-2.3,-0.4,-2.1,-1.2,-1.6,-1.3,-3.8,-0.5,-1.3,-0.3,1.9,2.5,-0.4,3.3,1.5,-1.1,-2.1,-0.2,5.6,2.0,0.2,1.8,3.4,4.7,6.2,4.8,-5.9,-0.5,-1.8,-1.1,0.1,1.1,0.1,-0.1,-0.1,1.6,0.8,0.3,-1.2,-0.3,0.3,1.6,0.8,0.4,-0.1,1.6,2.1,-0.1,0.9,-2.0,-0.7,0.9,-2.4,-3.1,0.5,-0.2,0.0,-2.2,-2.9,-2.2,-2.1,-2.6,-2.3,-1.9,-7.6,0.1,-3.0,-1.3,-5.2,2.3,0.1,0.5,1.5,2.4,0.5,0.6,-0.0,1.2,1.0,-1.5,0.2,-1.6,-1.2,1.6,-1.5,0.9,-0.0,-0.5,-1.8,-1.3,-0.8,-2.5,-0.9,-0.9
2C7L50z4kt,0,48.099261,11.626457,4442191.97,2777522.72,542.2,587.9,222,7299,4.2,0.7,0.48,32.64,348.96,-0.529,-0.103,0.842,-0.0,0.2,0.41,0.32,1.9,0.3,-0.3,2.0,-0.0,1.7,1.9,3.1,0.7,0.4,2.6,2.4,3.4,2.7,-0.6,2.4,1.3,1.7,3.7,4.7,1.2,2.8,6.5,4.6,8.3,-0.9,7.4,4.5,4.8,1.4,5.5,-3.2,-16.7,-4.3,1.8,-0.5,2.2,0.3,2.8,7.1,1.6,-0.3,1.1,0.4,1.7,5.9,-0.7,2.3,-1.1,-1.1,-1.1,0.1,0.5,1.7,1.0,1.1,3.0,4.1,2.4,4.7,-17.5,5.6,-13.5,-9.2,4.8,2.9,6.1,-0.3,3.2,1.6,0.8,6.0,7.0,7.2,2.7,8.7,3.7,-16.3,9.1,7.5,5.8,6.6,7.1,4.5,4.9,2.1,1.8,3.4,4.4,7.8,5.6,4.0,-2.3,-3.5,-0.7,1.6,4.7,2.1,3.8,1.2,4.4,3.5,3.5,2.2,2.4,2.9,4.4,7.3,3.3,-4.4,1.6,-9.7,6.8,0.7,-2.8,-4.5,-0.3,0.1,-4.8,-4.8,-2.9,-5.6,-2.4,-2.5,-3.0,-3.2,-2.9,-1.3,-2.8,-5.7,-1.6,4.1,6.1,6.2,2.3,-6.2,3.4,2.5,6.8,2.6,4.5,-2.3,-4.4,-0.2,-2.4,-0.6,1.1,1.4,1.7,-2.2,1.6,5.5,2.4,2.9,8.3,6.7,2.8,2.5,0.9,2.5,-0.3,3.8,4.3,1.9,2.3,-0.4,-2.7,-18.4,5.4,-2.7,5.2,0.6,1.8,3.5,2.6,-3.9,-5.7,-3.9,-2.7,-4.0,-1.2,-4.1,-1.3,-0.7,1.0,2.5,2.5,1.5,4.0,3.9,4.7,6.0,1.6,6.6,5.6,4.1,5.3,3.9,4.4,6.5,6.9,-1.4,2.1,-3.1,-0.2,0.5,1.0,1.6,-0.2,-0.8,0.3
2C7L50z4mG,0,48.099891,11.631366,4442556.18,2777600.84,546.4,592.1,222,7384,3.9,0.7,0.52,32.66,348.96,-0.53,-0.103,0.842,-1.0,0.2,-0.38,0.3,0.9,0.3,-0.3,1.2,-0.5,1.8,7.4,-10.6,0.4,-0.6,0.8,2.5,-12.6,3.7,0.7,1.1,5.3,2.9,-0.2,-2.6,-1.6,1.7,3.4,0.9,-2.2,1.7,2.2,1.3,1.0,1.8,-0.2,-4.6,-3.8,2.3,-3.1,-0.6,-4.9,1.1,-1.2,5.6,1.6,4.7,0.7,-2.1,-3.0,0.4,1.7,3.3,1.4,2.7,2.0,4.1,2.3,1.4,-9.1,-3.4,-6.0,-2.4,-3.7,-2.4,-6.2,-2.6,-8.3,-1.8,-5.8,-1.3,0.1,-6.3,-3.7,-4.4,-2.7,3.2,-0.2,3.2,-7.8,-1.2,-2.0,9.0,-0.2,-1.9,-0.0,-5.2,2.9,2.0,-4.1,4.3,-0.3,2.5,-1.8,5.3,-2.0,-0.8,2.9,2.0,-0.9,2.3,4.3,-6.3,-5.0,-2.4,-2.8,-1.0,-3.5,-1.1,-2.7,2.7,-3.7,-0.9,-0.8,0.3,1.6,2.0,-1.7,3.8,4.0,2.9,-1.1,-0.4,-4.1,-4.5,-6.6,-13.9,-7.0,3.4,-6.9,4.3,-4.1,-1.3,1.6,-2.5,-0.5,-1.9,-5.3,1.0,1.6,-0.5,-1.1,-2.8,-0.3,-1.9,-0.4,-2.9,3.3,6.9,2.5,-3.0,1.3,-1.7,-2.0,-15.1,1.9,8.3,3.9,3.9,-3.8,-5.8,-6.6,3.6,-1.0,-2.3,-5.9,0.4,-2.1,-4.5,-2.6,-4.4,-2.7,-6.7,-1.4,0.1,-3.6,-4.3,-2.2,-0.6,-1.6,0.4,-0.7,-3.1,4.2,-0.8,-17.6,4.0,-8.7,-7.2,-6.7,-4.8,-8.9,-1.8,-7.7,-2.0,-4.1,-6.2,-6.1,-4.7,-8.3,-8.0,-11.9,4.5,-9.1,-3.1,0.5,-3.7,0.3,-6.8,-4.8,-4.1,-5.5,-2.6,-4.7,-6.4,-5.9
2C7L50z4mX,0,48.100001,11.632222,4442619.62,2777614.46,541.0,586.7,222,7401,3.9,0.7,0.43,32.67,348.96,-0.53,-0.103,0.842,-0.1,0.2,-0.01,0.3,1.3,0.3,-0.3,1.7,-1.6,-1.2,1.5,-3.8,7.9,-1.2,-2.2,-2.3,2.2,-2.1,0.4,1.2,-3.1,2.2,3.0,1.3,4.7,4.5,5.6,-2.8,5.5,0.2,9.0,3.9,3.0,0.3,0.8,-4.6,7.6,-5.0,-0.7,-1.4,0.2,-3.0,2.7,3.9,1.3,1.2,-0.8,-0.6,2.8,6.5,4.0,-1.5,-0.2,-1.1,-1.8,-1.7,-2.9,-4.2,-3.6,-3.5,-3.1,-3.0,0.8,1.9,2.2,-1.4,0.9,-0.3,4.1,-7.5,4.0,-2.1,-2.4,1.6,-7.6,-3.6,-5.9,1.0,1.1,-6.4,-1.1,2.4,4.5,0.9,0.3,-3.5,-1.6,-3.8,17.0,-2.0,-1.1,-1.6,-4.7,11.3,-0.3,-2.8,-0.0,1.0,1.0,-4.5,0.8,1.6,-3.7,-3.6,5.9,3.7,-6.7,-1.9,13.3,3.2,-1.0,0.5,-0.9,1.2,-3.2,2.1,-5.8,-1.4,-4.0,-8.6,-5.1,-0.3,5.4,-10.7,-4.3,-1.2,-0.3,-8.4,0.8,0.9,-1.9,1.9,3.3,0.2,2.3,3.6,-2.2,1.4,2.0,3.7,2.6,5.2,-2.8,5.7,4.9,4.7,1.6,-2.1,-3.3,-3.8,0.4,-1.2,5.1,-8.4,-0.0,3.8,2.7,14.8,-1.3,4.2,1.8,0.1,0.4,-0.5,-3.7,-1.5,-2.1,2.8,3.9,-0.1,-1.0,3.3,-4.3,2.5,-2.0,1.2,-0.2,2.1,1.7,-8.8,-4.7,-0.2,-11.7,-4.2,-0.6,-1.0,4.0,-0.1,1.9,0.6,2.1,1.4,1.2,0.2,2.5,0.8,-3.4,-4.1,-5.2,3.9,-3.7,4.0,0.6,2.4,-0.5,-1.4,3.1,-5.5,-3.1,-2.8,-1.6,6.5,-1.1,-7.3,-2.4
2C7L50z4ng,0,48.100533,11.636367,4442927.14,2777680.42,545.1,590.8,222,7472,3.2,0.76,0.4,32.68,348.96,-0.53,-0.103,0.842,-0.6,0.2,-0.37,0.25,2.0,0.2,-0.3,-0.6,2.2,2.9,2.9,3.0,-11.6,3.6,3.6,3.1,2.6,4.6,-10.7,0.0,2.2,4.1,3.2,4.4,3.3,2.7,0.4,1.3,3.2,3.3,4.4,4.1,2.6,5.1,9.9,3.6,3.2,5.6,-0.3,0.7,2.5,2.8,2.6,4.3,4.3,2.9,4.5,2.2,-5.4,0.8,2.6,1.9,0.8,-7.3,1.7,4.2,3.0,2.2,3.7,1.4,1.7,0.4,0.8,-4.4,-0.4,1.3,-0.4,-0.0,-0.4,-0.5,-0.8,-6.8,-8.3,-4.5,-0.7,-1.2,1.0,-5.2,3.6,-6.7,4.2,2.8,3.3,3.9,5.3,4.1,1.8,3.1,2.8,2.8,2.1,3.8,1.9,6.0,2.9,2.8,4.9,1.9,2.9,2.3,-0.7,0.6,3.3,-2.0,4.3,4.6,3.7,2.7,2.5,4.6,5.3,5.3,2.7,5.3,1.6,1.2,1.9,-0.2,1.4,1.5,1.0,0.2,-4.4,-2.1,0.7,-3.5,-0.3,-3.7,-1.2,-2.6,1.0,2.8,3.9,-6.1,4.2,2.4,2.8,3.5,1.0,-4.2,0.9,1.1,2.4,3.2,1.2,4.4,5.2,-7.2,0.3,1.0,3.8,5.2,4.3,5.1,2.1,3.8,1.7,-4.6,0.6,0.8,4.1,5.4,4.4,4.1,5.2,2.0,0.9,2.8,3.6,1.5,2.4,-1.1,-0.2,1.0,1.4,0.6,2.8,3.7,3.8,-9.8,-11.6,-6.6,-11.2,-5.1,-2.2,-10.5,-0.6,-1.7,-0.9,-1.3,4.4,0.5,0.5,-4.3,0.7,2.8,0.2,0.9,2.2,0.9,-0.9,0.7,1.3,2.2,1.2,1.4,-0.1,-1.8,-0.5,0.3,-2.3,-6.6,-6.7,0.2,-4.7
2C7L50z4ns,0,48.100627,11.637095,4442981.21,2777692.02,548.0,593.7,222,7484,3.3,0.76,0.45,32.69,348.96,-0.53,-0.103,0.842,0.4,0.2,-0.17,0.26,0.8,0.2,-0.3,0.4,2.8,2.2,5.8,0.8,-3.2,6.3,3.6,0.3,5.5,0.6,-1.1,-1.2,0.8,-1.1,-1.5,-1.5,-1.0,4.0,-1.0,1.8,0.4,3.7,-3.8,2.8,-0.9,5.9,5.4,-0.1,-0.8,-11.8,-3.3,-0.9,2.6,2.4,5.9,7.7,5.6,5.8,6.3,8.5,6.2,1.7,6.1,4.8,3.2,3.8,4.3,2.0,5.3,3.8,6.3,6.2,2.0,-0.0,3.8,4.5,3.2,3.1,1.8,1.9,4.6,7.3,1.4,-3.7,4.5,1.9,4.1,3.7,4.9,5.4,6.7,5.7,3.5,5.5,4.4,4.4,6.8,0.3,3.6,3.8,6.6,5.5,6.3,5.4,6.8,5.0,3.8,6.0,4.0,5.0,3.4,5.4,3.9,4.7,5.7,9.0,8.0,4.6,5.5,5.3,3.9,6.6,3.8,3.8,6.0,3.1,3.0,6.1,5.0,6.6,5.6,2.5,2.8,1.9,-1.3,0.1,2.4,1.8,4.0,-0.7,1.8,-0.0,5.9,8.1,8.6,4.4,5.7,0.9,6.6,5.7,2.5,3.9,-0.1,3.5,2.6,5.2,3.1,5.9,8.9,-3.9,4.7,2.9,7.9,-7.7,1.5,5.8,6.9,4.8,3.0,6.2,2.9,2.1,2.6,-0.3,3.5,-3.0,3.2,4.1,0.9,1.1,3.3,3.1,0.4,6.2,9.4,5.6,1.5,6.9,2.8,4.0,3.5,6.7,4.3,11.6,5.7,-3.4,2.3,-6.7,1.2,6.6,-10.5,11.9,0.7,-1.3,10.3,-7.0,4.2,5.3,4.9,2.8,6.4,2.5,2.9,5.3,6.0,5.2,6.5,14.0,6.5,3.6,3.8,2.2,6.3,12.7,3.8,10.9,8.6
2C7L50z4nv,0,48.100633,11.637144,4442984.78,2777692.79,542.0,587.7,222,7487,3.6,0.75,0.49,32.69,348.96,-0.53,-0.103,0.842,-0.3,0.2,0.24,0.28,0.9,0.2,-0.3,-5.8,6.8,8.2,-0.5,5.5,-8.0,7.0,-7.9,0.0,-10.3,10.9,0.2,3.1,0.5,1.7,4.7,-4.3,11.4,-0.2,-4.3,-6.6,11.3,-3.5,0.3,-7.5,-1.0,-2.4,8.6,-9.9,5.3,1.9,-16.7,6.8,4.7,1.4,7.1,7.7,6.6,4.2,7.0,3.8,2.0,9.1,5.0,0.7,1.0,2.9,3.2,2.1,3.3,2.9,2.9,3.3,2.3,0.8,3.1,3.5,1.2,0.8,0.8,0.0,1.2,7.8,2.6,5.7,1.0,-0.3,-1.6,3.3,0.9,2.3,1.6,-2.6,0.2,4.1,4.4,3.2,0.3,1.8,1.7,1.7,2.8,-0.3,0.9,2.0,10.6,7.7,4.9,3.4,4.4,3.0,-3.3,0.1,1.8,1.7,4.5,0.9,3.1,4.8,2.6,1.7,1.5,3.1,2.9,4.1,1.6,0.7,1.4,1.4,-0.7,1.8,-1.1,-1.3,0.6,-0.2,-1.8,-1.2,-0.9,2.8,1.3,-5.9,-0.4,0.4,-0.4,2.2,3.5,-1.1,1.8,0.9,3.3,4.8,3.4,0.3,2.1,3.4,1.4,2.3,-1.0,2.2,2.9,4.1,-2.5,-1.3,0.3,-5.3,-3.3,-4.6,-1.9,0.3,-1.3,0.4,-4.5,0.5,0.5,-0.5,0.3,-0.6,-0.9,-1.4,-2.3,-2.7,2.3,-1.2,-0.4,-1.1,0.1,3.2,0.1,1.4,0.5,5.4,3.8,4.6,2.3,0.6,0.6,1.1,-1.3,-8.8,-1.2,0.9,-4.1,2.0,-0.8,2.5,3.9,-3.5,6.6,3.0,1.7,0.5,3.2,-0.0,0.9,0.4,0.9,4.2,3.3,0.0,1.9,1.1,-0.4,0.8,1.4,3.5,2.3,1.2,4.1
2C7L50z4nw,0,48.100644,11.63723,4442991.19,2777694.17,543.4,589.1,222,7488,2.8,0.77,0.46,32.69,348.96,-0.53,-0.103,0.842,-0.6,0.1,-0.66,0.21,2.0,0.2,-0.3,-2.8,3.0,2.6,-3.1,1.0,-2.8,0.4,0.1,1.0,-1.9,1.1,0.0,0.3,-0.1,0.9,3.0,1.6,4.7,-0.9,1.2,-0.9,0.3,0.1,4.2,0.7,4.2,1.1,6.2,-4.4,-1.4,-0.3,4.4,8.0,5.5,5.8,7.5,8.8,8.2,8.4,9.2,6.0,8.3,7.8,5.9,5.3,4.0,6.6,4.8,2.1,6.6,5.4,3.7,4.6,3.1,4.6,4.0,4.5,2.0,2.7,3.2,0.7,4.1,-0.2,3.2,0.3,4.6,2.8,2.9,3.8,3.4,-4.3,4.3,-1.0,5.0,8.9,5.2,6.5,0.9,3.4,1.6,6.3,5.3,0.6,1.7,3.5,4.3,6.5,10.1,5.7,4.8,2.6,-4.1,0.7,1.9,1.5,9.5,1.3,4.2,4.9,1.4,4.6,3.8,6.0,5.4,5.2,5.3,1.1,1.9,2.5,2.4,2.7,-0.7,-0.4,2.3,1.3,-0.2,2.2,0.9,1.2,2.6,-2.6,1.4,1.4,2.1,2.7,3.9,2.3,5.0,4.7,5.0,2.2,6.7,2.6,1.9,5.8,1.9,3.3,1.3,3.9,3.6,7.1,-0.3,-2.0,1.9,-1.0,0.3,-0.8,0.1,1.5,0.5,-1.1,1.6,1.2,3.4,0.4,4.0,3.6,2.4,1.6,2.8,4.3,3.5,1.2,-0.0,0.8,4.6,7.1,-1.7,0.2,3.8,5.3,6.8,-2.2,3.6,4.3,-1.9,-0.1,-2.0,-5.0,-2.2,-2.2,-1.7,0.1,-3.6,-1.8,2.3,-1.1,-0.5,3.6,3.0,4.7,10.5,3.5,5.0,4.7,1.3,11.3,7.1,-1.6,0.8,-4.9,-4.0,1.5,-3.1,-2.2,-9.3,-2.3,-3.6
2C7L50z4ky,0,48.099314,11.626732,4442212.26,2777529.15,541.3,587.0,222,7304,1.6,0.92,0.25,32.64,348.96,-0.529,-0.103,0.842,-0.7,0.1,0.61,0.12,0.7,0.1,-0.3,-0.7,-3.2,-1.5,-1.7,-2.5,-0.4,-1.7,0.3,-0.7,-3.6,-1.2,2.1,-1.1,-0.4,-1.6,-1.3,-1.6,-2.5,-2.1,0.2,-1.9,-0.7,-0.8,-0.1,-0.2,-0.3,-0.9,-0.5,-7.0,-4.3,-5.5,-5.0,-6.4,-2.8,-3.9,-2.6,-1.3,-1.2,-0.1,1.4,-1.4,2.3,-1.1,-0.9,1.6,-2.0,0.4,0.1,0.1,-1.1,2.0,-2.6,-0.7,-0.6,-0.6,-1.0,0.1,-2.0,-1.7,-3.1,-3.3,-2.5,-1.2,-4.0,-6.1,-0.4,-2.4,-2.5,-5.1,-1.4,-5.4,-3.2,-2.0,-2.4,-3.4,-3.1,-3.1,-3.6,-4.4,-5.0,-4.8,-3.4,-4.2,-2.4,-4.4,-2.2,-2.6,-1.6,-3.9,-5.1,-5.9,-7.2,-4.9,-1.8,-5.7,-4.8,-5.7,-3.6,-4.1,-5.7,-4.7,-5.7,-2.2,-3.8,-3.9,-3.6,-3.8,-3.3,-2.1,-4.1,-3.2,-3.3,-4.6,-3.6,-3.0,-1.3,-3.7,-3.0,-4.3,-5.0,-3.8,-3.6,-4.2,-5.2,-4.3,-2.7,-6.0,-3.3,-5.5,-5.7,-4.9,-7.4,-6.3,-3.1,-2.7,-2.5,-3.3,-2.3,-1.5,-0.5,-1.0,-3.4,-4.5,-5.7,-3.4,-2.5,-1.0,-3.0,-1.9,-5.6,-4.5,-3.6,-5.3,-5.7,-6.6,-6.9,-3.4,-5.1,-2.3,-5.0,-5.2,-6.8,-4.2,-6.9,-4.8,-1.6,-5.4,-6.0,-4.8,-6.1,-4.5,-6.2,-6.0,-3.0,-4.7,-3.8,-5.3,-4.0,-3.3,-3.2,-3.7,-3.7,-3.4,-4.2,-4.0,-4.7,-6.5,-6.2,-5.6,-5.5,-2.3,-2.5,-2.0,-6.5,-4.6,-3.6,-3.2,-3.8,-5.8,-2.5,-6.8,-6.0,-3.2,-3.0,-3.0,-4.4,-4.5,-3.4
2C7L50z4lV,0,48.099553,11.628588,4442349.96,2777558.68,542.0,587.7,222,7337,3.4,0.78,0.4,32.65,348.96,-0.53,-0.103,0.842,-0.4,0.2,0.07,0.26,0.3,0.2,-0.3,-0.7,4.6,-5.7,-1.9,-2.3,0.4,-7.5,-0.1,0.9,4.4,3.1,3.5,-1.5,-1.1,0.4,2.5,6.6,8.0,-0.5,9.3,0.2,7.1,-3.8,1.7,3.4,2.4,-2.4,0.3,-5.7,-2.3,1.4,-1.1,-2.2,-1.7,-16.5,1.4,-0.3,0.6,2.7,-1.5,-4.3,0.7,1.6,-0.7,-3.2,-3.8,-0.2,1.1,-0.7,-0.7,1.0,0.9,-6.3,1.5,-3.1,2.1,-3.3,-0.6,-0.8,-1.4,-0.3,3.9,1.5,1.5,-0.5,7.2,0.4,-6.3,-0.9,-0.5,-2.5,-1.2,2.3,1.1,0.1,-2.9,1.6,-3.0,1.9,6.8,-2.2,-0.9,-0.8,-1.4,-2.2,3.3,-1.3,-1.9,-1.0,-2.1,0.7,-3.9,-1.0,-1.1,-0.4,0.6,4.0,2.4,2.2,-0.6,0.0,-3.8,1.5,-2.8,-1.5,1.0,-4.7,-3.7,2.0,-5.6,-2.2,-4.5,-0.3,-1.7,0.0,-1.7,-0.9,-5.5,-1.9,-0.1,-1.7,-4.1,-0.6,-5.1,-0.1,1.2,0.4,-1.1,1.6,2.5,-2.0,-1.0,-1.9,2.2,7.6,8.2,-0.3,-2.9,-0.7,3.1,2.7,0.4,-2.8,0.4,-1.1,2.0,0.7,-1.3,-0.8,-15.9,-0.2,-1.0,-1.2,-0.7,-1.9,-0.7,1.0,-6.7,3.5,-3.6,-4.3,-5.5,1.8,-5.5,-6.3,-0.7,-4.6,-5.7,-5.5,-1.1,-4.3,-2.2,8.2,2.9,1.8,-0.4,-4.1,-2.2,0.3,0.9,2.2,-4.2,-4.8,-1.1,-0.9,-5.5,-1.5,-4.0,-1.7,-3.9,-8.8,0.5,4.1,-1.8,-1.7,-2.0,3.2,2.5,-2.0,-5.6,-0.9,-3.6,-5.5,-2.5,-2.2,-4.3,-2.0,4.8
2C7L50z4mh,0,48.100112,11.632946,4442673.33,2777628.04,549.1,594.8,222,7411,3.6,0.73,0.42,32.67,348.96,-0.53,-0.103,0.842,-1.2,0.2,-0.25,0.27,0.9,0.2,-0.3,3.4,-3.5,-1.0,-5.1,-3.8,9.4,-1.7,4.5,14.2,-8.5,-4.3,-0.2,-1.5,6.9,-0.0,2.0,-1.8,0.6,-3.0,-1.5,-2.7,-1.5,-0.6,-1.6,-0.4,1.6,0.6,0.6,2.1,0.7,1.7,-2.8,-4.5,-1.7,1.1,0.1,4.2,1.2,1.0,2.7,-2.6,-0.4,-0.8,-0.5,-0.8,1.1,0.7,4.0,4.0,5.0,2.9,4.4,1.2,0.6,-1.9,-3.7,-1.0,3.7,1.3,-5.4,9.5,-13.5,-9.2,1.0,0.7,4.0,2.6,0.8,1.5,-3.4,5.8,-0.7,1.0,-2.8,-2.5,-3.5,-1.8,1.5,1.8,-1.9,0.8,-3.2,-0.8,-1.5,1.4,2.0,2.2,-1.4,-0.9,-1.2,0.5,-1.6,-0.6,2.0,0.1,-2.6,-0.1,-0.6,1.9,-2.2,3.9,2.1,-0.2,2.8,1.1,-0.3,2.0,1.7,2.5,-4.1,0.5,0.0,1.9,-0.6,-0.7,-0.0,-1.1,0.8,-2.8,-2.0,-0.5,-3.3,2.4,-2.0,-4.0,-1.0,0.5,-3.7,-1.4,0.6,-2.9,-0.4,1.3,-4.6,-3.5,-13.6,-0.1,0.4,2.3,4.7,0.6,-0.8,-1.3,6.7,3.0,-7.5,-1.5,-11.2,-7.4,4.2,-0.2,-5.2,-10.2,-11.6,-9.4,5.1,2.1,-0.3,-2.1,-2.9,-1.0,1.3,0.2,-2.3,-3.0,-0.1,-4.1,-2.8,-2.1,-4.1,-4.8,-5.3,-2.0,-5.1,-2.1,-3.5,-10.6,-8.0,2.9,-8.2,-8.1,-4.9,-4.0,-5.6,-7.8,-1.1,-3.7,-4.4,-6.3,-3.4,-4.4,-3.5,-2.4,-6.6,-4.4,-1.8,0.1,-2.9,-6.8,-2.3,0.8,-4.8,-6.0,-3.6,3.7,1.6,-10.6,-12.5
2C7L50z4mi,0,48.100106,11.632892,4442669.29,2777627.18,543.7,589.3,222,7412,3.0,0.78,0.4,32.67,348.96,-0.53,-0.103,0.842,-0.3,0.2,-0.96,0.23,0.6,0.2,-0.3,-1.9,-2.6,-1.4,-2.4,-0.6,-3.3,-0.7,-0.4,-2.0,-4.3,-2.3,-0.4,-1.9,-0.5,-1.6,-0.6,-3.0,2.0,-0.9,-1.0,-2.2,-0.2,1.7,-0.7,-2.9,3.6,2.2,9.1,3.0,-0.6,-4.7,-2.6,-2.9,0.2,-2.5,-0.1,3.4,-0.1,0.6,1.9,-1.8,-2.8,-0.3,-0.1,0.8,4.3,4.5,6.8,7.1,6.5,8.7,6.4,4.6,3.4,-0.5,3.1,1.8,8.6,3.8,0.7,5.4,-5.6,-9.5,-1.3,5.1,5.2,4.3,1.3,4.5,-2.4,7.7,1.4,4.6,1.8,1.6,0.0,-2.1,-0.7,1.7,-0.5,-0.7,-0.6,1.6,1.3,2.5,0.2,3.7,0.0,-1.0,-1.3,0.3,1.9,-0.3,0.6,-0.9,-0.6,0.8,1.6,2.0,1.5,3.6,1.8,2.0,2.9,1.0,2.4,1.5,1.3,2.7,-1.1,1.3,-0.4,1.2,1.6,-0.7,-0.4,0.4,-1.5,-1.6,1.7,1.0,-0.1,-0.3,-1.8,0.1,0.2,0.7,-2.2,1.2,-1.3,-0.0,-2.6,-0.4,-3.2,-2.4,-4.0,-1.6,-0.2,-0.2,4.9,-2.5,10.5,0.5,4.5,5.1,4.2,1.9,5.3,2.9,3.3,-2.4,1.5,0.4,-0.8,-2.5,3.0,3.6,1.9,1.8,2.6,-1.2,1.1,0.8,-0.1,-0.2,2.7,3.7,-4.2,-1.9,-1.9,2.7,-2.4,-3.1,-1.7,-2.3,-3.0,-0.2,2.5,-2.3,5.0,5.8,5.1,6.6,6.2,5.6,0.2,-5.4,-4.1,0.3,-0.8,-0.0,1.8,-1.6,-4.1,-1.4,-1.7,-1.3,-2.4,-2.5,-1.4,0.6,-1.9,-1.0,-3.3,1.7,-13.2,-6.9,-5.0
2C7L50z4nf,0,48.10053,11.636198,4442914.58,2777679.81,539.9,585.6,222,7471,4.2,0.6,0.43,32.68,348.96,-0.53,-0.103,0.842,-0.7,0.2,0.19,0.32,2.5,0.3,-0.3,-4.3,-1.4,2.8,0.4,-2.2,-0.3,2.6,-3.7,3.7,5.3,-0.4,5.2,9.8,-1.0,11.9,9.2,6.0,13.0,8.9,9.2,-6.4,0.1,-2.5,-7.8,11.6,5.3,1.6,2.8,-1.5,5.0,7.7,-1.3,-11.1,5.7,-2.4,7.5,13.5,7.1,-3.5,8.2,-2.9,-5.0,0.8,1.9,-2.9,-0.9,-6.5,-3.9,-0.5,-5.3,-2.4,-3.2,-1.0,-2.8,-11.0,0.7,2.5,-4.1,-5.7,-3.5,-1.1,-0.4,-0.6,-1.0,-8.9,-1.8,-6.4,-4.0,-4.2,-4.7,-6.4,-1.3,-3.7,0.5,5.1,9.2,3.4,8.1,6.7,3.9,6.2,1.3,1.0,-2.7,-1.5,-1.1,5.8,0.9,3.3,2.9,-1.6,-6.6,-1.9,-2.5,-4.1,-2.3,-4.8,4.8,5.3,1.2,-4.5,4.2,4.6,8.2,4.9,5.5,2.7,-3.3,2.0,-1.2,-2.2,-2.6,-0.7,-4.6,-3.9,-3.1,-5.5,-2.0,-5.4,-7.3,-7.8,-5.5,-2.8,-0.5,1.1,0.6,13.7,4.6,5.5,5.3,3.0,-1.7,-1.6,-0.9,-0.9,1.1,3.0,-2.9,0.3,0.6,-5.0,-5.3,-2.5,0.7,-0.1,-0.4,-1.3,-1.7,-1.5,-1.1,-1.5,0.3,1.7,3.4,2.5,-0.5,-2.5,-0.6,-1.8,-2.6,2.3,4.1,-1.5,-0.3,-0.6,-3.7,2.6,-0.1,-7.7,1.0,0.7,2.3,-4.5,0.5,-6.2,-11.7,-3.8,-3.4,-10.8,-4.3,-0.6,-9.2,-5.5,-1.8,-2.0,5.8,-7.1,5.1,1.2,-1.9,0.5,0.0,2.3,-1.9,0.1,-0.0,1.2,0.0,-2.8,-0.4,-5.9,-5.2,-4.5,-3.6,-3.2,-6.9,-2.5,-2.8
2C7L50z4kn,0,48.099237,11.625983,4442156.67,2777519.3,537.8,583.5,222,7293,2.7,0.8,0.4,32.64,348.96,-0.529,-0.103,0.842,-0.2,0.1,0.01,0.21,1.6,0.2,-0.3,-0.9,-1.7,-2.9,-1.1,-0.6,3.8,0.0,0.5,0.7,-0.9,0.7,7.7,1.0,3.5,-0.3,0.8,0.2,2.2,0.7,2.5,0.3,2.6,4.7,3.5,4.7,2.9,4.5,7.9,-0.3,1.1,2.1,-2.1,-1.9,-1.9,-0.7,-2.3,-2.1,4.7,1.1,4.4,3.0,7.5,1.3,3.0,1.7,-1.8,-4.2,-6.0,-0.2,-5.1,-0.4,-2.4,-2.3,-2.3,-4.1,-1.4,-3.6,-0.3,-0.8,-0.8,-2.1,-0.3,-1.4,-2.5,-5.3,1.7,-1.4,-2.6,0.1,2.1,1.6,2.3,4.2,0.4,4.5,3.3,3.2,0.7,1.1,2.4,1.1,2.3,-3.4,6.0,-2.0,5.2,-0.5,3.1,0.3,-2.9,-2.8,4.8,-5.6,1.5,-2.8,-2.0,1.9,-0.9,-0.0,-0.5,4.1,-1.6,6.5,2.1,-2.7,-8.8,-5.3,-7.7,-2.9,-6.4,-1.3,-4.2,-3.4,-2.1,-8.6,-1.8,-3.0,-2.0,2.7,-2.1,-5.3,-0.0,1.0,-1.3,-0.1,1.8,3.3,0.3,0.8,-0.9,1.5,0.1,6.2,4.7,-1.6,-0.8,1.5,2.6,5.9,6.9,8.6,0.4,-3.1,-1.3,-0.5,-0.3,-0.9,0.7,3.0,2.9,-0.4,-2.9,-0.3,-0.3,2.8,2.2,4.1,-1.8,1.6,2.1,-2.0,-0.8,1.6,-2.3,-0.8,2.1,-0.1,-3.8,2.1,0.6,-0.3,-2.1,-0.7,-2.0,-2.7,0.8,-4.0,1.4,-6.7,0.3,1.4,0.0,2.2,0.4,0.2,4.1,-1.1,1.0,0.3,-1.4,0.2,2.6,2.1,-3.3,-0.8,0.3,-3.4,-2.9,-2.3,-1.7,-1.3,0.5,-3.9,-0.1,-1.2,-1.7,-3.0,-1.5
2C7L50z4kq,0,48.099271,11.626246,4442176.17,2777523.48,541.7,587.4,222,7296,4.4,0.84,0.4,32.64,348.96,-0.529,-0.103,0.842,0.0,0.2,-0.25,0.34,1.1,0.3,-0.3,0.3,0.5,1.1,-0.0,1.0,-0.4,1.6,0.3,-0.1,1.2,1.7,1.0,0.2,0.7,-3.7,-0.2,22.2,-3.9,-3.9,-0.4,0.5,-0.7,-2.3,-2.2,3.6,0.6,2.2,1.1,0.8,-2.9,-1.5,-2.7,-3.6,-3.5,-3.8,-3.5,-0.9,-2.0,-0.3,-3.8,-0.6,2.1,-0.2,-2.8,-0.1,-0.5,0.4,-1.8,0.6,3.7,1.2,0.6,1.5,3.1,-0.9,-0.5,-1.4,0.4,-0.3,-1.0,-0.6,-1.2,-2.9,-4.4,-5.5,-1.5,-0.1,0.3,-3.0,0.8,-2.7,1.0,-0.2,-0.5,0.0,1.5,2.0,0.2,-1.0,0.4,-0.8,-1.1,0.9,0.7,-0.4,-0.3,1.0,1.3,5.2,7.3,19.9,0.1,-3.0,2.7,-3.8,-0.3,22.7,1.1,4.7,-0.4,-0.0,-1.5,-0.6,-1.2,-3.2,-0.7,0.3,-0.0,-1.8,-1.5,-3.2,-0.3,-1.7,-0.2,-0.1,-0.8,-4.2,-0.9,-3.0,-0.9,-2.1,-1.3,-2.5,-2.1,-1.2,0.1,-1.6,-1.0,-3.2,-2.2,0.4,-0.0,-1.0,2.9,-0.5,-0.2,17.0,-0.2,10.4,0.1,23.1,-1.6,-3.4,-0.4,1.2,-0.7,-5.0,-2.2,2.2,-2.3,-4.2,1.2,-1.7,-1.6,-2.1,-2.9,-0.3,1.1,1.4,2.5,-2.4,-2.6,-0.4,-1.0,2.6,10.3,-0.9,-3.5,0.9,2.3,1.5,0.4,9.1,-4.2,-3.2,19.3,-3.6,-2.2,0.7,2.9,1.4,0.0,-1.7,-1.5,3.6,-5.2,-4.4,4.3,5.1,20.2,-3.0,-1.2,1.8,-1.5,0.5,-1.4,-0.9,-0.6,-3.3,-0.5,-5.0,-0.7,-1.7,-1.9,-2.8,-2.3,-3.5,-1.6
2C7L50z4m4,0,48.099816,11.630494,4442491.32,2777591.09,538.0,583.7,222,7372,1.8,0.92,0.33,32.66,348.96,-0.53,-0.103,0.842,-0.4,0.1,0.15,0.14,0.1,0.1,-0.3,1.6,1.5,-0.9,-1.0,1.5,-1.3,1.1,-0.7,-1.0,0.2,-0.5,0.2,-1.3,-0.3,-0.4,-0.7,-0.7,2.1,0.2,-0.3,1.2,1.2,1.1,3.2,2.6,-0.6,2.4,2.2,-1.7,-1.1,0.1,-4.6,-4.3,-4.9,-3.3,-1.4,0.1,0.5,2.4,3.3,1.3,0.1,2.2,2.1,2.7,-3.4,-1.6,-2.9,-1.0,-1.1,-1.1,-1.3,-2.1,-3.8,0.3,-0.0,0.1,-2.7,-2.4,-0.6,1.0,-1.1,-2.3,-0.7,-2.3,0.1,0.8,0.7,-1.5,0.8,-1.3,0.8,0.0,0.5,-0.5,-0.1,-1.4,1.1,0.5,-2.0,2.0,-1.6,2.0,-1.8,0.6,-0.3,0.3,-1.4,-1.0,0.2,-0.5,-2.4,-0.5,-0.4,-5.5,-2.1,0.2,0.8,-1.3,1.6,-1.6,3.7,-0.1,1.5,-1.9,-0.4,0.6,-0.6,-0.1,-2.3,-1.9,-0.7,-0.6,1.6,-2.4,-0.2,-2.5,1.0,-0.5,-1.6,-2.1,-1.9,-0.3,-1.9,-0.3,2.2,-1.7,0.1,-3.4,-1.3,-2.6,-3.1,0.7,-2.1,-2.7,-2.5,-3.7,1.3,1.0,2.3,2.6,-1.5,-4.5,-0.9,-0.9,-2.3,-0.1,-1.1,-0.3,-2.1,-7.6,0.1,-3.2,-0.5,1.3,-1.4,-2.6,-3.8,-2.7,-0.0,1.1,-2.8,0.3,-3.3,-6.5,-1.6,-1.9,-3.9,-2.0,0.4,-1.5,-1.4,-1.3,-0.7,0.5,0.4,-2.1,-2.3,-2.9,-1.5,-3.0,-0.0,-0.3,-0.1,-1.5,-1.5,-0.8,-2.3,-0.8,0.8,-3.5,-3.1,-2.1,-4.0,0.1,-4.4,-1.0,-1.1,-3.5,3.1,-1.9,-2.7,-5.6,-2.2,-0.3,0.3,-0.2,0.7
2C7L50z4mm,0,48.100134,11.632968,4442674.92,2777630.48,534.7,580.4,222,7416,4.5,0.59,0.46,32.67,348.96,-0.53,-0.103,0.842,-1.6,0.2,-1.39,0.35,2.0,0.3,-0.3,-6.6,14.0,-4.5,16.2,-8.3,-4.1,3.6,4.2,-6.7,-1.9,-1.7,-2.2,-1.2,-4.0,17.0,-1.0,3.5,-2.4,0.5,1.0,2.1,0.7,-0.7,-0.4,2.5,4.9,-2.4,0.6,2.2,-0.2,1.8,-8.0,-2.3,1.4,-4.8,-1.4,5.5,2.5,14.8,-2.1,3.2,0.3,-4.7,-1.0,-0.3,1.9,-0.3,0.1,1.0,3.4,2.9,2.4,3.3,1.7,0.7,-1.4,-1.6,-1.4,-0.5,-3.1,-0.3,-0.7,0.3,-1.3,-0.7,-4.2,-0.5,-4.0,-1.8,-2.2,-3.1,-2.1,-1.8,-0.9,-4.7,3.7,-2.4,-3.9,-0.0,2.9,2.0,1.4,1.1,3.0,4.0,3.8,3.4,2.2,1.1,2.3,2.9,2.1,-3.0,1.7,-0.1,-1.0,1.4,2.2,3.9,1.7,3.9,5.0,6.4,4.9,4.7,2.5,2.5,2.2,-0.2,2.3,-0.8,3.7,3.8,1.2,5.2,-5.3,2.1,-2.6,-2.8,1.2,-3.8,3.6,5.1,-12.6,-3.5,13.5,-2.9,3.5,2.8,-0.2,2.2,1.6,2.5,1.7,-0.1,0.5,1.2,1.6,5.8,4.1,-2.5,-1.6,1.9,5.3,-2.4,-3.1,-3.2,-0.2,8.0,0.4,-2.4,-3.1,-4.2,-5.9,-7.6,-7.0,-8.0,1.8,2.9,-0.5,1.6,4.5,-7.0,-3.9,-3.9,4.6,3.1,-0.7,4.3,15.9,10.9,-9.0,-11.3,-12.6,-6.5,-5.0,-9.1,-8.4,9.6,-9.4,-11.2,-8.3,-11.4,-10.2,-11.0,-12.1,-7.9,-0.4,0.8,-8.3,-11.1,-1.4,-6.9,-12.8,-5.5,-3.7,-3.1,-4.6,1.1,1.1,-4.1,-7.8,-9.3,-11.4,-9.6,-7.4,-8.5,-10.7
2C7L50z4nE,0,48.100343,11.634595,4442795.59,2777656.36,537.2,582.9,222,7444,1.5,0.92,0.28,32.68,348.96,-0.53,-0.103,0.842,-0.6,0.1,-0.45,0.12,1.2,0.1,-0.3,0.1,-1.8,-0.5,-0.5,2.7,-1.7,0.0,-0.8,-1.1,-0.3,-0.6,2.5,0.0,-2.0,2.3,-0.2,-1.0,1.6,-0.5,-3.3,-1.2,-2.4,0.7,-1.2,0.9,-1.1,2.6,-0.7,0.4,-3.9,-0.1,-3.5,-4.0,-2.2,-2.3,-2.5,1.5,1.0,1.2,-2.2,-0.5,-0.8,-0.8,-1.2,0.6,0.6,-1.6,-1.2,1.0,1.5,0.2,-0.0,-0.9,-2.6,0.2,0.0,0.8,-0.3,1.0,0.9,1.5,-1.1,1.5,-0.2,1.5,-0.2,2.4,0.2,1.5,-0.8,0.4,0.4,-2.2,-0.1,-0.9,0.9,0.9,1.6,-2.0,-0.5,-0.7,-0.9,2.6,-1.2,1.7,-2.9,0.7,-0.4,0.1,-5.1,-3.6,-3.3,-3.4,-2.1,-1.3,-4.8,-2.9,-2.2,0.5,-0.6,-2.4,-1.9,-2.1,1.6,-1.6,-0.3,0.0,-2.0,-3.3,-0.3,-0.7,-0.3,1.2,1.2,2.3,0.5,0.3,-0.3,0.6,0.2,1.2,-0.7,0.6,0.6,-0.2,0.3,0.4,2.5,-1.2,-1.9,-0.8,0.6,-2.3,-2.8,-4.0,-1.6,-0.7,-0.6,1.4,1.1,0.2,-4.0,-3.4,-1.0,-0.7,-0.1,-1.2,-1.4,0.0,-0.4,0.3,-0.8,-2.2,-1.1,-1.8,-1.8,-2.6,-1.4,-1.1,-2.1,-2.3,-1.0,-3.1,-4.5,-10.4,0.1,-1.1,-7.1,-5.9,-2.2,-4.3,-2.8,-4.1,-3.8,-1.2,-0.4,-0.8,-1.5,0.4,-1.9,-1.3,-0.4,0.2,-1.8,-1.6,-2.4,-1.4,-3.4,-2.3,-4.6,-4.5,-2.4,-3.5,-6.3,-5.3,-3.2,-4.5,-4.5,-3.8,-4.9,-3.4,-2.6,-5.5,-2.8,-4.7,-1.8,-3.6,-0.3
2C7L50z4nF,0,48.100341,11.634577,4442794.26,2777656.08,533.6,579.3,222,7445,3.7,0.71,0.48,32.68,348.96,-0.53,-0.103,0.842,-0.6,0.2,-0.32,0.29,1.9,0.2,-0.3,1.1,-1.6,0.2,0.3,5.7,-0.4,1.4,-1.7,-4.6,-2.3,-0.3,4.7,-1.2,-2.8,6.1,4.1,3.0,4.8,-0.7,-0.3,-0.3,-0.6,-0.3,-2.1,4.8,-7.3,-5.3,-2.5,-8.1,-6.8,-1.1,-6.4,-4.7,2.3,-1.6,1.2,-3.1,6.0,1.5,-4.0,-0.8,-14.8,1.2,-3.4,1.5,0.8,4.4,4.1,1.9,2.8,7.3,0.2,-2.5,-1.9,-1.2,2.7,2.3,-1.4,2.5,3.5,5.9,0.8,2.1,-1.7,3.0,1.7,0.1,-0.6,0.0,-0.5,3.1,2.3,-0.5,-0.5,-2.1,0.9,1.0,1.2,1.5,3.7,0.8,4.1,4.2,-0.5,4.3,9.4,1.2,-2.4,-1.9,4.3,-5.6,2.1,-2.0,-4.0,-3.0,-13.1,1.9,4.7,3.1,-2.1,-1.7,-8.2,-1.0,2.1,2.4,3.3,0.4,-3.3,0.6,3.4,-3.3,0.5,-0.6,1.8,5.4,-8.3,-1.4,4.5,0.8,10.0,-3.9,0.6,0.4,2.5,-2.1,-2.3,0.3,1.4,-1.9,-1.7,0.0,2.7,-3.8,-2.1,-13.9,-3.7,9.2,-3.4,-0.9,4.6,0.0,-6.9,-6.0,-7.5,-0.4,-1.1,-0.3,-0.8,-3.5,1.5,-0.8,-0.8,0.4,0.9,-1.0,0.2,-2.1,0.7,-2.1,-0.9,-2.2,-2.8,-7.3,-8.2,-11.4,2.2,-2.3,-12.4,-9.7,-0.8,-4.3,0.8,-1.5,-1.9,1.5,-0.3,-0.8,-1.3,-5.2,-1.2,0.2,3.4,2.4,3.4,3.0,1.4,0.3,-5.2,0.2,-5.4,-16.7,-1.3,-4.9,-4.6,-6.1,0.8,-6.2,-3.1,-1.1,-4.6,-2.2,-4.4,0.2,0.4,-5.0,1.2,-2.7,2.8
2C7L50z4nW,0,48.100487,11.635721,4442879.18,2777674.28,543.1,588.8,222,7462,4.5,0.61,0.51,32.68,348.96,-0.53,-0.103,0.842,0.3,0.2,-0.95,0.34,1.1,0.3,-0.3,0.1,-0.8,3.7,-0.3,4.9,2.7,2.0,1.0,3.0,6.3,2.5,1.9,3.2,0.8,0.4,3.3,4.9,5.0,6.1,-6.3,2.9,0.5,5.3,3.8,4.2,-1.1,6.5,9.5,4.2,0.7,6.3,-2.4,0.5,-1.1,1.9,3.3,-1.0,1.9,4.3,3.0,4.7,4.1,1.7,1.5,0.8,2.5,6.3,2.5,0.7,2.7,3.0,2.7,0.2,-2.1,-0.3,-1.2,-1.9,-2.8,3.6,7.6,0.1,2.9,1.4,9.6,11.4,1.7,2.2,3.6,1.3,2.7,6.8,4.1,4.5,5.3,2.5,2.3,1.0,2.5,3.8,1.2,0.1,0.1,2.4,5.0,3.7,16.4,1.3,12.4,9.6,4.9,4.2,14.0,12.9,6.5,3.7,11.0,9.0,11.9,9.8,10.7,9.1,3.9,12.0,8.1,10.0,-3.1,-1.3,3.3,-0.7,1.3,3.8,-7.0,-6.3,4.7,10.6,4.4,0.3,3.6,8.3,15.3,17.3,11.3,5.7,4.4,2.7,6.3,-1.0,3.5,-0.1,2.3,1.6,-0.4,4.5,6.5,2.8,4.3,8.6,4.1,8.1,2.0,1.7,0.2,4.7,4.4,3.6,9.7,0.4,15.3,9.2,4.4,5.7,2.1,2.0,6.2,5.9,5.2,8.6,6.9,4.3,2.3,-4.4,3.4,3.0,-3.3,1.5,13.4,7.5,1.5,0.4,0.3,1.1,3.9,5.0,-1.6,-3.3,-1.3,0.9,9.1,-0.7,4.2,0.7,1.5,3.0,3.5,-1.7,4.4,13.7,15.5,17.4,-2.1,12.0,3.2,7.9,-6.7,3.7,-3.5,12.7,18.3,5.5,-0.0,-2.6,2.1,-1.6,-0.1,-1.6,2.8,3.0,3.4
2C7L50z4oN,0,48.100867,11.638675,4443098.31,2777721.3,538.6,584.3,222,7515,1.8,0.86,0.31,32.7,348.96,-0.53,-0.103,0.842,-0.6,0.1,-0.27,0.14,2.6,0.1,-0.3,0.6,-0.1,-0.5,0.7,-1.1,1.3,0.0,1.4,0.1,1.5,0.6,1.4,-0.8,0.4,-1.6,-0.0,0.7,0.5,-2.7,-2.7,-4.1,-2.0,-2.3,-3.4,-2.4,-1.2,-1.9,-7.7,-3.1,-1.6,-4.7,-5.1,-5.2,-4.4,-4.5,-5.3,-13.4,-1.6,-8.7,-4.4,-4.6,-1.1,-2.7,-0.5,-5.1,-4.2,-2.1,-4.1,-3.1,-1.7,-3.7,-0.5,-1.8,-2.2,-2.3,-1.1,-1.6,-0.3,-1.5,-0.3,-0.5,-0.9,3.2,-1.5,3.7,0.6,-0.3,-0.6,-0.6,-1.8,0.0,-2.5,-0.3,-1.1,-2.1,-2.2,-2.0,-2.8,-3.4,-5.4,-1.2,-2.2,-1.0,-3.8,-2.8,-4.0,-2.3,-2.0,-3.8,-4.1,-6.9,-5.7,-3.8,-7.4,-4.9,-4.2,-0.6,-2.8,-2.7,-0.3,-1.9,-2.8,-3.6,-5.1,-2.9,-4.2,-3.5,-1.9,-2.9,-2.4,-1.3,-2.0,1.0,-2.7,1.2,0.8,-0.6,0.6,1.5,-0.9,-1.5,1.9,-0.3,-1.2,0.2,-2.9,0.8,-2.9,-3.1,-5.4,-3.0,-3.9,-2.6,-5.4,-6.9,-5.9,-3.5,-6.1,-2.5,0.2,-2.0,-3.8,-3.6,-2.0,-1.6,-1.7,0.6,-2.1,-2.5,0.5,-1.9,-1.0,-0.9,0.4,0.5,-1.7,-1.2,-2.2,-3.1,-4.7,-8.5,-3.8,-6.1,-7.7,-11.6,-4.0,-5.4,-11.3,-6.5,-7.9,-6.3,-7.1,-4.5,-5.3,-4.0,0.4,0.2,-0.5,-3.1,-4.3,-4.5,-1.9,-2.8,-3.5,-1.6,-4.8,-4.9,-3.7,-3.8,-6.9,-4.8,-10.9,-7.4,-9.1,-4.7,-7.2,-5.2,-6.4,-3.7,-6.7,-4.7,-3.5,-3.4,-4.7,-1.6,-2.9,-4.2,0.3
2C7L50z4l3,0,48.099371,11.626879,4442223.13,2777535.63,536.7,582.4,222,7309,1.7,0.92,0.3,32.64,348.96,-0.529,-0.103,0.842,-0.7,0.1,-0.35,0.13,0.8,0.1,-0.3,-0.3,-0.6,-0.5,-1.0,0.0,2.9,0.5,0.1,0.3,0.9,0.7,2.9,0.3,0.5,0.8,1.2,0.9,0.4,0.1,2.4,0.7,2.6,0.3,0.3,1.6,2.4,-0.7,4.4,-0.5,-2.6,-1.3,-3.6,-3.8,-1.0,-3.7,-1.3,-0.7,-0.0,2.4,-1.0,-0.4,1.9,-0.2,0.6,0.7,-0.1,1.2,-0.7,-0.6,-1.0,1.2,0.2,0.3,-1.7,-1.3,0.7,-0.4,0.5,-0.4,0.0,0.8,0.1,3.2,0.1,1.5,2.9,1.1,3.5,0.1,1.4,0.5,0.2,0.4,0.2,-0.3,0.5,2.7,0.7,1.6,0.2,0.6,1.3,1.2,-1.0,0.5,0.3,0.2,2.5,1.9,-1.2,-1.1,-1.8,-1.0,-1.1,-3.1,-0.2,0.7,0.6,-1.2,2.2,0.2,-1.2,0.8,-1.9,-1.7,1.0,-0.1,-1.2,0.1,0.1,-1.7,-0.0,-0.4,-0.3,-0.7,1.2,0.4,-0.4,0.7,-0.4,1.2,-0.0,0.8,-0.5,-1.0,1.0,1.3,0.2,-1.9,-1.0,-0.8,-1.2,-4.2,3.8,-2.6,0.8,-0.4,1.4,2.5,1.9,2.9,0.3,-3.2,-4.3,-0.2,-1.2,2.0,-2.1,-0.7,-0.8,-1.8,-1.9,-2.2,-2.2,-0.1,-1.6,-0.6,-1.1,0.7,-1.1,0.4,-4.5,-6.6,1.7,-5.4,-2.9,-5.4,-6.2,-5.3,-4.1,-2.1,-2.4,-3.9,-2.8,-0.5,-2.3,-8.5,0.2,1.8,-0.2,-1.0,-2.1,-4.4,-0.2,-0.2,-0.5,-0.8,0.1,-1.9,-3.5,-2.9,0.8,-2.4,-4.8,-3.3,-3.4,-2.1,-1.3,-1.7,-6.0,-4.8,-4.0,-3.9,-5.5,-3.2,-2.8,-1.0,-0.8
2C7L50z4lI,0,48.099487,11.627786,4442290.43,2777550.06,537.4,583.1,222,7324,3.1,0.8,0.44,32.65,348.96,-0.529,-0.103,0.842,0.6,0.1,-0.35,0.23,1.1,0.2,-0.3,-2.7,1.5,-0.4,1.0,1.0,-4.5,2.9,1.8,-0.6,14.7,-0.7,-1.7,0.0,2.3,7.1,-1.5,2.4,0.2,-0.7,2.5,1.1,-1.8,-3.0,0.1,-0.5,-2.4,-4.8,-4.4,-4.7,-6.0,-7.8,-4.9,-5.5,-10.6,0.3,-4.1,2.3,0.1,1.3,-2.5,0.9,-0.0,6.2,-8.3,-0.5,-3.3,-3.7,0.7,-3.0,-9.6,-0.8,2.4,2.1,0.7,-1.0,1.4,-0.8,1.5,0.9,0.8,-0.5,-1.3,1.0,1.4,-2.8,3.1,1.4,0.3,-1.1,0.5,-2.3,-1.3,-4.2,0.7,3.6,-0.5,-1.3,0.1,0.9,-1.0,0.3,1.7,2.9,-1.5,-1.9,2.5,-2.4,-0.7,-6.7,0.4,1.2,6.7,-1.0,2.9,-5.0,2.4,1.5,-0.6,-0.5,-0.4,-0.1,0.5,3.4,0.6,0.6,3.5,2.2,1.4,1.2,1.7,0.6,3.4,1.9,0.9,1.2,3.1,5.0,2.9,2.7,1.0,0.5,1.0,0.5,1.1,1.1,3.1,-1.6,0.4,2.7,0.4,-1.0,0.9,1.7,-1.2,-0.5,0.0,2.0,5.7,5.4,6.4,1.3,-4.5,0.3,2.3,-0.4,0.3,-1.6,2.4,-1.0,2.6,4.0,1.2,2.1,0.7,2.8,2.1,3.3,1.6,5.3,3.0,-0.5,-0.5,0.9,-2.8,-2.4,3.6,2.0,-3.7,0.0,1.0,1.5,0.4,-0.3,0.4,5.6,-5.4,0.0,1.4,14.7,-1.8,7.9,1.1,-3.4,2.0,1.7,5.1,3.0,-4.4,5.5,5.8,1.5,0.1,5.7,5.3,-1.2,-2.6,-6.1,0.3,0.9,0.6,0.3,2.1,4.2,-0.4,2.1,-0.1,0.7,4.4
2C7L50z4lT,0,48.099579,11.628507,4442343.87,2777561.51,543.5,589.2,222,7335,3.2,0.78,0.46,32.65,348.96,-0.529,-0.103,0.842,-0.8,0.2,0.14,0.24,0.8,0.2,-0.3,-0.7,-0.5,-2.9,2.9,1.7,5.7,0.9,0.9,-2.5,8.8,-1.1,1.1,1.6,1.9,3.2,1.9,-1.1,-0.6,-1.3,1.8,-1.6,-1.6,0.7,0.1,2.1,2.1,3.7,5.4,-0.4,6.1,4.6,-6.4,-8.2,-4.1,-0.5,-2.8,2.1,-1.6,1.0,-2.5,1.1,-0.6,2.6,-1.3,0.7,-0.7,-6.1,-1.5,-0.8,-2.4,-0.1,-2.8,-1.6,-2.2,-1.5,-1.3,-1.7,1.0,-1.4,-4.0,-2.5,3.7,0.1,-4.1,-6.0,1.8,-5.0,-3.1,-1.8,0.1,-0.4,1.3,0.4,-1.4,-2.3,0.1,-1.2,0.5,-3.0,-2.7,0.1,-2.9,1.4,1.2,-2.1,-0.1,0.8,0.0,-4.2,-1.1,-0.2,1.4,-11.9,-0.5,-1.1,3.5,-2.1,1.7,-3.4,2.6,-3.4,-0.5,1.9,-0.6,2.9,2.2,3.5,-0.4,0.3,0.3,0.5,1.2,-2.3,0.1,0.5,-3.8,-9.5,-2.4,-0.9,-6.1,-5.7,-4.6,-6.1,-0.3,0.7,-4.5,6.9,-0.7,-2.8,-2.8,6.4,-2.9,10.7,-0.9,1.6,-2.7,-2.5,-1.1,2.8,0.9,-6.1,-7.0,-3.8,-2.6,-3.1,-3.3,4.5,-3.4,-3.6,-4.9,-2.8,-5.4,-0.6,-1.9,-6.6,-3.3,-3.4,-3.1,1.8,0.5,-0.3,-3.3,-5.7,-3.6,-2.1,1.7,0.8,-4.5,-6.4,-3.1,-0.6,-2.7,-7.5,0.1,-6.4,-11.0,-3.5,-4.0,-4.9,-3.3,-2.9,-2.1,-0.5,-0.5,-5.4,-3.8,2.0,-5.8,9.8,-9.7,-6.6,-3.8,1.5,-2.7,-6.5,-5.0,-4.7,-4.2,-1.9,-4.7,-4.6,-4.8,-4.5,-4.9,-1.2,-8.6,-2.6,5.2
2C7L50z4lm,0,48.099706,11.629491,4442416.88,2777577.18,539.1,584.8,222,7354,3.0,0.82,0.37,32.65,348.96,-0.53,-0.103,0.842,-0.5,0.1,-0.33,0.23,1.3,0.2,-0.3,1.5,-0.7,2.1,1.5,3.1,-0.1,4.6,1.8,3.8,0.4,-0.2,0.2,1.8,-0.6,3.3,1.9,0.9,0.0,-1.4,-1.4,-1.8,-1.9,-1.9,-1.3,0.5,2.5,1.7,0.6,-1.9,-2.5,0.2,-5.7,-4.5,-1.2,-2.5,-2.7,-0.8,-1.5,-1.0,-2.5,-3.8,-2.1,-1.8,-0.7,-1.9,-2.7,-1.7,4.7,1.7,-2.7,2.4,0.2,0.6,-0.0,-1.8,-2.1,1.1,-3.0,-3.4,-0.4,0.0,0.0,-0.1,1.1,-1.8,-0.1,2.2,0.6,0.4,1.6,-1.5,-0.8,-1.6,4.0,4.4,0.5,-0.9,-0.3,-1.4,2.5,3.7,3.2,1.3,-0.0,2.0,-0.8,0.4,0.7,-3.4,-2.6,-2.7,9.6,-3.7,1.7,-2.9,-1.3,-1.3,0.2,1.6,1.1,-2.9,-1.3,-0.8,-0.7,0.5,-1.5,0.2,-1.1,2.3,-2.0,-1.1,-3.9,-0.7,2.2,1.7,-2.4,14.9,-0.7,4.5,2.4,0.1,0.7,-2.5,1.4,1.2,7.8,4.7,-3.6,-3.5,-4.7,3.4,2.0,1.0,-1.7,-8.7,-4.4,-2.8,-4.3,1.6,0.3,-1.8,-0.0,-3.1,1.7,0.4,-1.7,-0.7,0.6,2.0,0.5,-1.1,2.1,-1.5,1.0,-0.5,1.5,-0.7,-3.1,2.0,6.1,-5.4,-6.0,-2.0,-4.2,-0.4,2.0,0.0,-17.2,-1.7,-4.2,-7.1,-3.7,-5.5,-2.5,0.6,-2.7,-1.6,-1.3,-11.4,0.9,-3.3,-2.8,-3.5,-1.6,-1.1,-3.4,-0.5,0.9,-0.7,-3.4,-11.8,0.5,-10.3,-6.4,1.7,-2.9,-3.6,2.0,-1.5,-1.4,0.1,-2.3,2.7,1.6,0.3,-0.2,-4.8,-3.8
2C7L50z4mC,0,48.099915,11.631122,4442537.9,2777603.13,546.1,591.8,222,7380,2.0,0.9,0.36,32.66,348.96,-0.53,-0.103,0.842,0.0,0.1,-0.12,0.15,0.1,0.1,-0.3,-0.7,-0.1,0.6,-0.1,-0.6,-0.4,0.6,-0.5,-0.9,-5.7,1.7,-0.7,0.9,1.6,1.0,1.1,1.2,-0.8,-3.4,-0.3,0.6,-0.7,1.7,-0.4,2.0,-0.1,-0.1,0.8,-1.5,-1.2,2.8,-6.0,-5.0,-2.0,0.9,-1.3,0.1,-0.7,2.5,1.1,2.1,0.2,4.3,-1.7,1.9,0.4,2.0,0.5,0.2,0.3,0.3,-0.6,0.2,-1.8,-0.1,-1.5,1.0,-1.3,-1.7,-0.7,-1.0,0.0,1.9,-0.6,-1.9,2.6,-1.2,-1.1,0.8,-1.8,-1.1,-1.7,-1.7,-0.1,-1.5,0.5,1.9,-0.1,0.7,-0.8,-0.1,-0.8,-0.6,1.3,1.3,0.8,0.1,1.3,-3.7,0.5,0.6,-1.6,3.1,2.6,-3.4,-1.7,-1.8,0.2,2.0,0.8,-0.0,0.5,-2.5,-0.0,-1.4,1.9,-0.6,0.7,-0.0,1.4,2.9,1.4,1.0,0.3,0.8,-3.2,0.1,-1.4,0.6,-0.1,-0.7,-1.6,-2.9,-0.3,0.3,2.3,-1.5,0.1,0.6,-1.7,0.3,-3.9,-2.7,-0.4,-2.2,-0.3,-1.8,7.5,3.0,0.3,-1.8,-2.9,-3.0,-1.9,-0.3,0.5,0.3,-1.0,1.6,1.8,6.1,-1.8,0.5,1.1,0.4,0.5,-0.5,0.6,3.8,0.8,-0.1,-1.3,-0.3,-1.5,-2.3,-0.6,3.2,-6.0,-4.2,3.2,1.5,-3.0,-6.3,-3.5,-2.1,5.2,4.9,4.8,2.1,0.9,0.2,-1.5,2.4,-0.1,-1.1,2.9,-1.9,-1.4,4.4,0.3,-0.4,2.6,0.9,-1.5,-0.9,-0.6,0.2,-0.4,0.6,-1.5,-0.6,-2.6,-1.3,-0.5,-1.0,-1.3,-2.2,-2.1
2C7L50z4mK,0,48.099955,11.631428,4442560.6,2777608.02,538.8,584.5,222,7388,2.5,0.86,0.39,32.66,348.96,-0.53,-0.103,0.842,-1.0,0.1,-0.53,0.19,0.1,0.2,-0.3,1.7,0.9,0.0,-0.6,0.4,-0.2,0.5,-1.6,-3.3,-1.4,-3.8,3.8,-2.8,-1.2,2.5,3.4,5.1,2.2,-1.2,0.6,-3.5,0.5,-0.6,3.2,4.4,3.0,-1.4,-2.7,0.5,2.2,2.1,0.5,-4.6,1.9,5.6,-0.1,1.7,-3.4,2.7,4.6,-0.3,-1.8,-2.0,2.8,-2.8,-2.1,-6.9,-0.6,0.2,-1.9,-3.2,0.3,-0.2,0.3,3.5,1.3,-1.2,2.6,1.1,-1.8,-0.0,0.6,3.4,0.0,0.7,-0.7,-0.8,-1.6,1.4,-0.6,0.8,0.6,4.1,-5.2,-1.9,-0.3,0.9,0.5,-0.8,0.1,0.2,-3.5,2.4,-0.9,2.6,-1.7,2.5,-1.0,0.4,-2.7,-1.2,1.0,-0.3,1.9,-0.6,-1.5,-6.1,-0.6,1.3,0.9,1.6,-2.5,5.1,-1.8,0.7,2.2,1.8,2.7,1.2,1.7,1.8,-0.3,3.0,-0.4,0.8,4.1,6.2,-0.6,0.3,2.3,-1.0,-5.0,-1.4,-13.3,-0.6,5.4,-1.3,1.5,0.5,-4.6,2.5,1.6,1.3,0.3,-2.4,-0.7,-3.2,2.2,1.3,1.2,1.9,-4.5,-4.0,-2.5,-0.9,-3.2,-1.0,-3.5,-0.1,0.5,-0.3,-4.8,0.1,-3.5,0.4,-2.6,-1.8,-3.8,-1.0,-3.6,-2.0,-1.4,-4.1,-5.1,-3.1,-5.2,0.9,-2.4,-7.3,-3.9,-2.9,-3.7,-5.0,-3.2,-3.4,-1.1,1.0,-2.6,0.2,-1.5,-2.8,-2.4,-3.8,-5.9,-4.7,-2.4,-2.4,-2.9,-3.2,-3.2,-4.8,-2.1,-3.8,-7.7,-1.7,-1.4,-0.2,-2.9,-6.5,-2.4,-5.7,-7.4,-3.4,-3.0,-4.7,-5.5,-6.2,-4.3
2C7L50z4nA,0,48.10033,11.634353,4442777.61,2777654.57,538.0,583.7,222,7440,3.6,0.74,0.44,32.68,348.96,-0.53,-0.103,0.842,-0.7,0.2,-0.07,0.28,0.4,0.2,-0.3,2.9,2.1,1.6,-4.8,-3.2,3.4,3.2,0.3,3.4,7.7,0.0,-7.2,1.9,-1.4,-0.5,-3.6,2.2,1.5,-2.4,-5.0,-0.9,-1.1,4.4,-0.3,-1.8,1.5,2.3,-10.6,5.0,-1.0,-3.6,-3.2,-5.8,-1.9,-2.8,-6.6,-1.4,-2.1,-3.2,0.1,-3.3,-1.9,-1.9,0.8,4.2,1.6,-4.2,-3.5,-0.3,-1.1,-1.8,-4.9,-3.4,-3.9,-2.3,-0.5,1.4,0.8,-1.8,-3.5,1.8,-3.8,-7.3,5.9,0.0,-5.6,-2.5,-6.4,-4.6,2.0,-2.8,-5.7,-8.2,-0.8,-0.5,-0.7,-3.1,-2.3,-1.5,-2.2,-1.0,-2.4,0.6,-1.5,-2.0,-3.1,0.9,-7.5,-4.7,-1.5,-7.1,-2.0,-7.4,-3.0,-2.5,-1.8,-3.2,8.8,0.9,-0.0,-0.7,-0.4,-2.5,3.8,-1.7,0.1,0.9,-2.6,-3.5,2.4,4.0,2.3,1.1,7.6,-1.0,-15.1,-15.2,1.3,-2.8,-2.8,-12.6,0.7,6.3,2.0,0.7,2.6,-3.7,2.2,-2.8,4.7,0.7,-2.0,-2.3,-3.2,-1.6,-2.1,-0.0,-3.0,-0.0,2.7,1.0,-4.5,-2.6,-4.3,-3.1,-1.9,-7.2,1.3,2.7,-1.0,-4.0,-5.7,-1.5,-2.0,-2.6,-4.9,-3.4,-4.7,-2.4,-1.7,-5.5,-5.7,-5.2,-2.0,-5.0,-3.5,0.4,-9.7,-2.6,-1.6,-3.2,-5.2,-7.6,-7.8,-4.9,-9.3,-6.8,-3.6,8.5,-3.2,-2.5,-3.3,-2.9,-3.3,-5.3,-3.4,-5.7,-2.9,-0.7,-7.4,-10.8,-3.5,-3.5,-13.2,-6.5,-4.1,-1.5,-4.1,-4.0,-3.2,-0.8,-6.1,5.1,-3.9,-6.5,-1.8,-4.7,-2.8
2C7L50z4oB,0,48.100857,11.638458,4443082.17,2777719.85,562.7,608.4,222,7503,3.6,0.73,0.51,32.69,348.96,-0.53,-0.103,0.842,-2.1,0.2,-0.19,0.28,0.4,0.2,-0.3,0.3,3.3,-8.8,-5.2,-5.1,-7.8,2.4,3.3,3.9,11.8,1.9,3.7,2.5,1.9,1.0,2.4,6.0,2.4,-3.2,1.9,-0.6,1.9,-0.6,-2.9,3.9,-3.8,0.1,6.2,-1.8,-0.6,-2.2,-3.1,-3.7,-8.4,13.0,-6.6,-4.3,2.2,6.7,-3.1,-2.9,-3.2,0.5,6.7,1.6,11.2,-3.6,-4.8,6.1,-0.9,0.4,2.7,4.6,5.8,1.8,-1.3,-4.1,0.0,1.6,2.1,-0.3,2.9,-4.3,3.0,0.7,-1.4,-0.6,-0.4,2.7,4.3,-2.9,-5.2,1.0,2.8,1.2,2.3,5.1,0.9,1.4,2.2,-1.0,0.9,-5.8,1.3,-4.8,-0.1,0.7,0.6,1.7,-1.6,0.3,3.6,3.0,-4.0,-7.7,-3.7,13.1,2.6,-12.9,4.0,-3.8,1.0,-0.3,-1.6,-0.7,-2.9,-6.7,-3.2,-5.4,-1.5,-3.4,-1.9,-2.3,0.3,-1.8,-5.3,0.2,-2.8,3.8,-5.7,-0.9,-10.4,-7.1,-5.7,-6.1,-1.6,-9.6,-6.9,-6.2,-3.5,-2.9,-0.4,-4.6,-6.6,-1.9,1.0,0.2,-6.8,-0.0,-2.1,-2.2,-6.0,-5.1,-3.5,-1.9,-3.5,-8.3,-2.8,-2.9,-1.4,-5.8,-2.9,-4.0,-4.3,-4.8,-4.3,-4.2,-5.3,-2.0,-6.0,-5.7,-1.4,-3.3,-6.0,-6.4,-1.4,-9.2,-7.6,-4.0,-6.5,-7.3,-5.8,-5.1,-10.8,-3.1,-13.5,-15.5,-11.1,-7.0,-11.4,-8.0,-8.8,-7.2,-8.1,-7.2,-7.2,-8.1,-6.0,-5.2,-10.7,-6.4,-4.6,-9.1,-8.2,-7.9,-7.0,-4.5,-6.8,-8.5,-8.2,-5.2,-8.8,-6.1,-8.7,-10.6,-6.0,-6.3,-9.6
2C7L50z4lh,0,48.099723,11.629478,4442415.88,2777579.02,551.0,596.7,222,7349,3.4,0.79,0.44,32.65,348.96,-0.53,-0.103,0.842,-0.4,0.2,-0.44,0.26,0.5,0.2,-0.3,0.5,0.9,-0.3,-2.1,1.4,-5.7,1.6,2.2,5.2,-5.5,1.1,8.1,1.9,0.5,2.5,0.3,-0.1,0.5,-0.9,4.3,1.0,1.0,0.3,4.6,-0.9,0.6,5.8,2.6,4.5,0.5,3.9,-3.5,-5.4,2.8,-0.4,1.2,1.2,1.7,2.8,3.5,-2.3,1.8,4.4,-0.4,3.6,1.6,-5.2,2.5,-2.0,4.0,-1.6,3.4,-0.3,0.6,1.6,0.4,-5.9,2.0,1.2,0.2,2.2,-11.4,-5.4,0.2,0.4,-1.5,0.6,6.4,1.4,1.1,3.0,2.4,5.2,1.5,2.2,2.5,0.9,1.3,-1.7,0.5,-1.3,-2.1,1.7,-1.2,3.5,1.0,3.6,1.9,3.5,0.1,3.0,1.5,0.9,3.5,1.5,5.5,17.0,-0.2,3.1,7.3,0.1,-0.6,3.2,0.7,3.1,2.3,0.8,3.3,1.8,4.4,3.7,2.8,5.3,3.6,6.3,4.3,1.4,0.2,1.9,0.9,14.7,-0.1,-6.3,2.0,1.6,2.3,-3.8,0.0,0.6,-3.2,4.2,1.1,-3.8,3.6,-3.2,0.8,-0.9,2.0,4.5,3.6,-2.5,4.0,-1.1,1.5,1.5,1.0,-3.0,1.5,3.3,0.1,5.1,1.0,1.7,-0.2,-0.3,-2.1,0.3,0.8,0.7,0.4,-1.3,-3.6,0.3,-1.3,-0.1,-2.1,-1.2,-2.4,-0.5,-0.4,1.4,-0.5,-8.6,2.5,-3.2,10.0,12.4,-6.2,-11.2,-2.5,-1.4,-0.7,0.8,-2.1,-0.8,-0.4,-11.0,-0.1,2.2,-1.2,-4.2,0.0,1.6,0.5,-0.5,0.3,4.0,-0.7,3.7,0.7,-3.1,0.5,3.4,-0.0,-3.5,0.5,0.3,-0.2
2C7L50z4li,0,48.099722,11.629471,4442415.41,2777578.92,547.9,593.6,222,7350,2.5,0.86,0.31,32.65,348.96,-0.53,-0.103,0.842,-0.5,0.1,0.07,0.19,0.4,0.2,-0.3,-2.6,-2.0,-0.7,-3.3,-2.0,8.0,-0.9,-0.5,-2.1,1.9,-0.5,5.7,0.0,-0.3,2.4,-0.4,-0.2,-2.3,-2.4,0.4,-1.8,-0.3,-0.6,1.0,-1.3,-1.8,4.0,2.7,2.1,-2.2,-1.0,-5.4,-5.5,1.5,-3.3,-0.1,-0.7,-2.4,2.9,0.3,-2.7,2.7,1.2,-3.2,0.4,-1.6,-1.3,-0.9,-2.0,2.4,-0.9,-0.6,-1.4,-1.8,-0.2,-1.7,-1.8,-0.3,-1.0,-1.6,-1.8,-0.9,-5.0,-1.2,0.2,4.9,-2.5,1.3,-0.6,-0.8,1.0,-1.2,-4.5,-1.3,-2.2,-1.0,-0.7,0.1,-1.1,-3.1,-2.1,-2.5,2.1,-1.2,2.6,-2.1,-0.0,0.3,0.4,-0.8,0.8,0.6,2.1,1.7,0.9,4.4,1.4,-1.3,0.4,6.8,-2.4,-2.3,-0.5,2.5,0.4,-1.0,-1.9,-1.1,-1.2,-1.6,-1.1,-0.2,-0.0,1.1,1.0,-0.1,-2.2,-3.2,0.3,-0.8,-12.6,-1.5,-6.7,-1.0,-1.6,-0.7,-4.2,-2.0,-4.0,-4.3,-2.2,-4.3,3.5,-1.0,-7.3,-5.2,-3.9,-2.1,-0.1,-0.4,-0.1,-2.4,-1.2,2.7,0.9,-0.7,-1.0,-0.4,-0.3,-1.8,2.0,-1.5,0.8,-1.3,-1.1,-2.4,-0.7,-1.2,1.1,-1.2,-3.8,-5.7,-4.4,-5.8,-2.5,-2.6,-3.2,-6.5,-5.4,-4.0,-4.5,-5.2,-7.6,-2.5,-1.9,7.0,0.6,-0.7,9.1,-2.5,-2.6,-2.1,-2.7,-1.8,-3.5,-1.6,-1.5,-2.0,-4.1,-4.1,-5.8,-4.6,-1.4,-4.6,-2.8,-3.9,-1.7,-0.8,0.4,-2.4,-2.1,-1.0,1.9,-1.1,-0.0,-5.4,-3.1,-3.2
2C7L50z4lj,0,48.099722,11.629469,4442415.26,2777578.9,545.0,590.7,222,7351,3.9,0.67,0.45,32.65,348.96,-0.53,-0.103,0.842,-0.2,0.2,-1.2,0.3,1.4,0.3,-0.3,-3.1,-0.5,1.4,-0.3,-0.5,7.4,3.2,2.6,1.7,15.4,3.8,4.5,5.4,0.5,2.7,1.3,1.6,-2.6,-1.0,-1.6,-1.3,1.2,-1.3,-2.2,-0.5,-1.2,16.2,6.0,5.5,-1.3,0.8,-2.2,-3.0,-14.7,-3.4,4.5,-6.0,-2.7,1.8,-2.9,-5.2,4.7,9.4,-2.3,-2.2,-1.8,0.2,6.1,0.5,5.4,1.5,0.9,-0.5,0.9,2.0,2.3,2.5,3.4,2.4,0.9,1.0,2.1,1.1,0.9,3.4,4.9,1.1,3.1,1.1,2.0,1.5,1.8,-0.8,1.9,0.6,0.8,0.5,3.0,2.7,0.1,1.5,-0.3,3.1,6.4,5.2,5.0,5.0,2.9,4.5,7.2,5.6,5.9,3.9,5.1,3.6,12.4,7.7,4.0,5.6,13.2,2.0,5.0,4.6,6.1,5.1,4.5,1.7,7.7,5.9,-1.3,-2.0,5.2,9.7,7.5,7.9,4.9,3.2,4.1,5.5,8.2,7.4,5.3,9.3,8.2,9.3,5.7,4.5,6.7,3.9,-1.1,8.6,3.2,6.7,-6.8,-5.8,-3.4,-2.9,12.6,3.2,5.0,4.7,1.7,2.3,5.8,4.2,0.5,5.9,3.4,3.3,1.6,5.0,3.0,2.2,3.4,3.9,1.6,3.2,3.6,5.7,2.9,-1.1,-5.3,-4.9,-6.5,-5.9,10.5,3.1,-9.7,-8.4,-3.7,-4.4,-5.1,-0.4,-0.2,1.1,6.2,2.1,3.9,8.7,1.5,1.1,1.1,0.8,2.9,0.1,4.6,0.2,-0.3,-6.8,2.3,1.1,-1.4,2.2,-0.4,2.0,0.5,1.7,2.1,-1.4,-1.1,1.0,1.5,4.9,3.4,3.1,-0.8,1.0,2.2
2C7L50z4mZ,0,48.100096,11.632386,4442631.61,2777625.31,544.4,590.1,222,7403,2.5,0.86,0.39,32.67,348.96,-0.53,-0.103,0.842,-0.8,0.1,0.55,0.19,0.5,0.2,-0.3,-5.8,-0.7,-1.2,0.1,-1.1,-4.0,-0.3,0.4,-1.1,0.0,-0.3,1.8,-0.1,1.3,1.8,1.2,-2.1,1.9,-1.6,-12.2,10.1,2.6,-1.5,6.2,4.7,3.8,-0.7,1.4,-0.8,-5.2,-1.0,-4.9,-4.8,2.0,-10.4,-1.5,-7.1,-1.7,-4.1,-0.0,-1.6,-2.6,-1.1,0.6,-1.2,-3.6,-3.8,-3.4,-3.5,-0.3,-3.8,-0.1,-3.0,-2.0,-1.5,-0.9,-2.2,-1.4,-1.7,-2.3,-4.0,-2.5,-4.2,-1.6,-0.3,1.3,-1.8,-1.4,-0.4,-2.2,-3.3,-3.1,-3.6,-2.1,-2.1,-2.2,-1.2,-3.0,-3.5,-2.5,-4.4,-4.1,-1.0,-3.5,1.1,-4.4,-4.4,-5.3,-3.7,-3.0,-0.6,-3.3,-3.5,-0.9,-3.6,-5.5,-2.1,-4.8,-3.8,-5.8,-3.6,-2.8,1.9,-6.1,-3.4,-4.0,-1.4,-4.9,-4.8,-4.5,-4.3,-6.8,-3.7,-4.0,-2.5,-1.9,-1.1,-4.7,-6.0,-2.6,-2.2,-2.8,-3.0,-6.0,-0.8,-0.6,-3.8,-4.5,-6.2,-5.7,0.3,-6.7,-7.1,-4.0,-5.0,-5.1,-4.9,-6.6,-0.7,-1.4,-5.9,-6.3,-7.4,-4.9,-5.6,-1.7,-8.9,-5.4,-5.6,-3.3,-5.4,-5.4,-4.4,-4.5,-4.6,-6.2,-5.4,-2.3,-3.7,-4.9,-4.1,-7.0,-2.4,-5.7,-9.6,-2.7,-1.6,-6.1,-5.9,-3.0,-2.9,-3.0,-2.4,0.1,-1.3,-3.8,-0.4,-2.5,-8.6,-2.5,-3.1,-5.5,-4.1,-4.1,-4.4,-0.6,-1.4,-4.4,-5.8,-1.7,-5.1,3.5,-5.8,-9.5,-6.6,-5.5,-5.0,-2.8,-4.0,-7.3,-5.1,-4.9,-3.2,-4.0,-8.0,-6.2,-7.3,-7.1
2C7L50z4ma,0,48.100093,11.632359,4442629.64,2777624.9,540.4,586.1,222,7404,2.0,0.9,0.35,32.67,348.96,-0.53,-0.103,0.842,-0.8,0.1,0.16,0.15,0.3,0.1,-0.3,-2.0,-1.2,-1.9,0.1,-0.6,0.1,-1.2,-0.5,-0.8,0.3,-0.8,0.1,-0.3,0.1,1.4,2.1,2.1,3.0,-0.3,1.9,-2.1,4.8,-0.6,3.6,4.4,2.8,-3.8,-4.7,-2.3,-0.7,-0.4,-2.7,-9.0,0.1,-3.5,-5.9,0.6,3.8,1.2,3.1,-4.1,-0.4,-2.3,0.8,-1.5,-1.4,-2.6,-3.2,-1.5,-1.7,-2.6,-2.2,-3.2,-2.1,-2.7,-1.3,-0.7,-1.8,-2.4,-2.7,-2.4,-3.5,2.9,-1.2,2.2,-0.6,-1.7,-0.8,-0.1,0.3,-0.5,-2.0,-2.2,-2.1,-3.3,-1.9,-2.4,-2.4,-2.3,-1.2,-2.4,-4.2,-1.4,-3.9,-1.3,-2.9,-0.6,-2.6,-1.9,-1.5,-0.0,-2.4,-2.0,-0.2,-1.6,-4.3,-1.9,1.6,-3.1,-3.9,-3.4,-3.4,-3.2,-1.8,-0.7,-0.0,0.8,-4.1,-1.9,-1.6,-2.1,-3.7,-2.0,-4.4,-0.8,-1.1,-1.2,-2.2,-2.8,-1.3,-2.5,-1.3,-1.9,-3.3,-0.8,1.2,-2.9,-5.5,-3.0,-4.0,-1.7,1.0,-1.8,-1.6,-5.5,-1.8,-6.5,-6.6,0.0,-0.6,0.4,-3.4,-3.9,-2.9,-5.4,-0.5,-10.3,-3.4,-3.3,-3.8,-1.1,-6.2,-3.6,-4.3,-2.6,-6.4,-1.8,-2.9,-1.8,-3.7,-5.2,-3.2,-1.0,-3.1,-9.7,-1.3,-2.3,-6.5,-3.8,-2.8,-2.6,-5.4,-3.7,-2.5,-1.3,-3.0,-1.8,-1.3,-3.0,-2.7,-2.5,-5.1,-6.0,-5.4,-3.4,-0.6,-2.8,-3.1,-4.9,-3.4,-3.9,-3.3,-4.6,-9.1,-5.3,-5.5,-3.0,-2.5,-2.9,-4.0,-4.5,-4.6,-7.1,-4.3,-4.6,-5.0,-4.6,-4.5
2C7L50z4mv,0,48.100253,11.633606,4442722.16,2777644.74,541.9,587.6,222,7425,2.7,0.84,0.38,32.67,348.96,-0.53,-0.103,0.842,-0.3,0.1,-0.46,0.2,1.1,0.2,-0.3,-0.2,0.2,0.7,-0.3,0.2,-0.4,0.2,-0.7,-1.1,-12.6,-1.8,-2.5,-1.4,-0.1,-0.7,1.5,-0.5,1.6,0.3,1.6,-0.8,-1.5,-0.2,1.1,-0.6,2.1,0.1,-2.1,-0.4,-0.1,3.1,-4.0,-1.3,-0.8,-1.9,-3.7,-1.9,-4.9,-1.7,-2.9,-2.4,3.3,-5.2,-2.6,1.6,-2.5,-2.3,-1.6,-2.4,1.0,-3.4,-0.4,1.4,-2.0,-2.0,-1.1,-1.2,-0.4,-2.5,-4.5,-4.8,-2.2,10.8,-3.1,0.9,-4.7,-1.7,1.2,-3.6,-3.1,-3.7,-5.6,-2.5,-4.0,-1.2,-2.1,-2.0,-2.2,-0.6,-3.5,-4.0,-4.3,-3.0,-2.4,-0.7,-1.8,0.3,0.1,1.1,-1.3,-3.9,-4.4,-3.9,-2.1,-2.5,-6.7,0.7,-1.0,0.6,-1.7,2.4,-1.1,-0.8,1.4,-0.2,0.6,4.3,0.7,3.8,5.4,-6.5,0.6,6.6,5.1,5.9,8.3,3.7,2.6,0.9,-0.1,2.8,-0.7,-1.5,-2.0,-3.3,-2.9,-0.4,-0.1,-3.8,-7.2,3.4,-1.9,-1.6,-3.0,-0.3,0.1,-2.3,-1.2,-1.8,-2.5,-2.7,-1.6,-3.5,-1.2,-0.6,0.8,-1.0,0.2,2.7,1.3,4.0,-1.4,1.9,-3.4,-2.3,-2.7,-1.3,-2.8,-2.8,-0.7,-3.3,0.4,-0.9,-4.5,-3.8,-2.0,1.2,-3.0,-2.2,-1.3,-3.3,-3.8,-6.4,-3.3,-1.2,3.8,2.1,-4.4,9.3,-1.8,-3.3,-0.7,-3.6,0.0,-1.8,-3.2,-3.9,-4.2,-3.3,-4.4,-4.7,-4.7,-4.5,-4.6,-4.7,-1.8,-1.7,-0.3,-3.3,-4.9,-3.7,-2.6,-3.3,-2.3,1.7,-2.2,-1.7,-2.4
2C7L50z4nu,0,48.100696,11.637056,4442978.1,2777699.64,541.5,587.2,222,7486,3.5,0.67,0.43,32.69,348.96,-0.53,-0.103,0.842,-0.2,0.2,-0.8,0.3,2.7,0.2,-0.3,-3.0,-7.9,-0.2,-2.0,-0.7,-0.8,-4.5,-0.6,-7.0,-2.1,0.8,-0.5,2.8,0.6,6.8,13.3,5.9,6.6,7.4,21.3,16.2,14.7,18.5,2.9,0.2,3.6,23.4,18.8,11.6,15.2,-2.8,14.9,9.0,12.7,8.6,11.1,12.0,12.5,9.5,11.6,11.2,12.1,9.3,7.9,8.8,5.7,10.0,8.0,9.1,10.0,10.5,11.1,10.3,9.4,7.1,5.5,7.3,7.3,7.2,7.5,6.7,6.0,8.9,8.9,10.4,8.7,4.8,8.1,11.4,7.5,8.3,10.2,7.2,9.1,13.5,12.7,12.7,10.2,8.1,10.0,9.8,12.7,10.1,8.0,10.3,13.3,14.0,11.7,14.3,10.2,9.4,8.4,12.6,10.5,9.8,8.9,10.4,10.8,10.0,9.4,6.8,7.3,10.6,7.4,9.3,7.7,7.0,7.0,6.7,4.6,7.0,4.9,5.4,5.6,6.0,7.4,7.5,5.3,9.3,4.6,8.3,6.0,4.7,6.2,6.7,9.6,6.1,7.6,7.7,10.6,12.6,8.7,9.1,8.3,11.0,7.6,8.3,4.4,11.9,7.8,6.4,3.5,4.5,6.7,10.1,6.2,2.7,6.7,5.8,5.3,5.9,9.4,7.8,6.3,7.6,5.1,9.5,4.4,13.5,3.9,8.5,6.2,5.0,7.2,5.3,3.6,7.4,4.7,4.1,7.6,19.7,2.9,4.1,2.6,2.9,4.5,5.6,3.8,-6.2,4.1,5.0,7.6,6.9,5.9,6.8,11.0,4.7,13.8,8.4,8.4,7.7,11.0,8.8,6.1,8.4,8.3,10.6,9.3,7.2,7.2,4.8,5.0,5.8,6.9,9.3,8.2,6.7,6.4
2C7L50zLoc,0,48.099661,11.628854,4442369.55,2777571.17,540.9,586.6,223,7342,2.2,0.87,0.38,32.65,348.96,-0.53,-0.103,0.842,-1.1,0.1,1.07,0.17,0.7,0.1,-0.3,-1.4,-0.4,-0.3,-1.7,-2.1,0.0,-0.6,-0.7,5.0,1.9,5.9,2.6,-2.9,-1.1,-3.5,-2.1,-2.7,-5.2,-2.7,-1.0,-2.9,-1.4,-2.7,-1.3,-1.5,-2.0,1.0,1.8,-0.6,-7.7,0.3,-9.7,-5.2,-6.3,-2.0,-5.4,-1.9,-1.9,-3.9,-3.3,-3.3,-4.3,-2.9,-2.8,-2.7,-2.9,-2.9,-3.7,-3.1,-4.2,-3.4,-4.0,-4.5,-4.7,-4.2,-4.6,-5.8,-5.6,-4.8,-1.8,-4.2,-3.6,-4.8,-3.7,-0.2,-4.5,-5.8,-4.9,-7.2,-4.7,-3.3,-5.4,-6.9,-6.1,-7.3,-5.1,-5.2,-5.3,-5.9,-5.6,-6.4,-4.2,-3.9,-3.4,-3.5,-3.9,-3.9,-4.8,-5.7,-5.6,-5.2,-6.1,-6.7,-3.0,-7.2,-4.9,-5.7,-3.0,-5.5,-4.5,-6.1,-4.1,-3.6,-5.1,-5.0,-4.5,-2.8,-4.9,-4.7,-5.0,-5.9,-7.4,-6.1,-6.5,-5.7,-7.7,-10.2,-9.4,-6.8,-9.2,-8.9,-7.9,-7.8,-8.4,-8.4,-5.3,-4.6,-6.5,-5.6,-8.9,-5.7,-6.3,-4.0,-2.9,-7.2,-5.9,-3.7,-2.2,-3.0,-2.5,0.6,-6.6,-8.2,-9.6,-7.0,-9.9,-7.0,-9.1,-8.8,-8.6,-2.7,-10.4,-9.1,-8.2,-9.1,-10.0,-7.0,-6.3,-5.1,-5.8,-6.1,-7.4,-5.1,-7.2,-9.5,-3.7,-8.5,-11.2,-7.5,-5.0,-6.8,-6.0,-2.8,5.1,-6.1,-6.9,-6.4,-4.7,-14.4,-6.5,-6.3,-5.8,-6.2,-6.2,-8.1,-8.6,-4.0,-7.9,-7.1,-7.4,-8.7,-4.6,-6.4,-7.9,-4.4,-6.2,-7.2,-6.9,-6.1,-6.4,-2.8,-6.3,-6.5,-10.3,-7.1,-9.1,-8.4,-7.4
2C7L50zLos,0,48.099797,11.629911,4442448.0,2777587.99,548.6,594.3,223,7358,3.7,0.75,0.53,32.65,348.96,-0.53,-0.103,0.842,-0.9,0.2,0.14,0.28,1.3,0.2,-0.3,-0.5,0.2,2.6,-0.2,1.9,-0.3,1.5,1.3,2.6,0.1,2.0,1.1,2.3,-3.5,-1.2,-1.8,0.2,-0.7,-1.8,-0.2,-4.5,-0.9,-2.1,0.1,-1.4,-0.5,-1.2,-0.4,1.6,-1.8,-1.4,-5.9,-6.1,-1.1,-2.1,-3.2,-3.9,-1.5,-0.4,-3.9,-1.3,-2.8,-1.9,-0.4,-1.1,-3.8,-3.9,-5.5,-2.4,-1.0,0.1,1.4,0.9,0.9,1.3,1.9,1.0,0.2,0.8,0.6,0.1,2.0,5.9,1.1,1.4,-0.5,0.7,-2.3,0.5,2.6,1.5,-0.5,-0.1,0.5,1.0,-3.0,-0.4,-2.0,-2.1,-0.6,-1.9,-0.9,-2.0,-4.5,-1.3,-5.8,1.2,-0.5,-0.1,-1.0,-4.6,-5.9,-4.1,-0.9,-2.7,-3.6,-3.3,-3.3,-1.5,-0.3,-5.0,-1.5,-1.4,-1.8,0.2,-2.3,-2.1,-7.7,-0.8,-6.1,-3.6,-3.5,-4.1,-4.9,-4.9,-4.0,-0.5,-1.8,-2.9,-3.8,-18.3,-1.1,1.6,-18.9,0.8,5.4,1.7,2.9,5.8,-5.2,2.3,0.8,-1.9,3.6,0.0,1.0,-9.8,-8.0,-6.8,-2.2,4.8,-2.1,-1.7,0.7,-5.7,-3.5,-10.1,-5.8,-2.2,0.9,-3.6,-0.7,-5.1,-2.5,-1.6,-3.8,-1.2,0.7,-0.4,2.2,-8.9,-15.0,-7.0,-8.7,-10.7,-5.3,-5.6,-3.6,3.7,-1.4,-1.6,2.0,-11.9,-7.3,1.8,-20.6,-4.7,-0.8,-4.7,-4.9,1.4,0.1,7.3,-1.5,-5.0,-2.3,-5.6,-7.4,-4.5,-5.0,-7.5,-3.6,-5.0,-6.9,-4.6,-6.7,-0.3,-4.9,-11.3,-10.7,-6.0,-10.2,-2.8,-0.5,2.8,-2.1,0.3,-2.7
2C7L50zLot,0,48.099821,11.630097,4442461.76,2777590.93,554.9,600.6,223,7359,3.0,0.74,0.69,32.65,348.96,-0.53,-0.103,0.842,-1.5,0.2,0.72,0.24,2.5,0.2,-0.3,-0.7,-0.3,1.8,0.7,1.5,1.3,0.9,2.0,1.4,3.3,0.7,2.1,2.7,-3.8,-2.9,-3.2,-1.8,-1.5,-3.8,-0.8,-4.3,-3.3,-4.2,-1.5,-1.2,-2.8,-3.8,-5.0,-5.9,-6.9,-1.0,-7.7,-8.3,-4.9,-3.1,-3.8,-2.5,-1.4,-2.4,-1.6,-5.5,-4.8,-2.9,-4.1,-1.4,-5.1,-5.2,-4.7,-3.0,-0.8,-0.5,0.8,1.6,1.9,2.3,1.2,1.3,-1.2,0.4,0.7,2.7,-9.3,9.9,1.5,1.8,1.9,1.0,-1.8,1.5,3.3,3.4,-1.6,1.4,1.7,3.3,-5.5,-1.8,-2.9,-3.4,-3.9,-3.3,-2.3,-3.1,-2.5,-3.4,-3.1,-1.5,-2.4,-3.3,-4.9,-3.4,-7.7,-5.6,-4.1,-6.5,-4.4,-5.9,-3.7,-3.7,-2.7,-5.2,-4.6,-1.5,-3.3,-3.5,-4.1,-5.8,-6.2,-6.2,-6.0,-6.2,-5.7,-6.4,-8.4,-7.8,-4.5,4.4,-4.7,-4.5,-2.5,-9.0,-2.4,-1.4,9.8,0.2,3.1,-3.2,-13.6,-17.5,-7.5,-7.4,-14.9,4.2,-14.5,-17.5,-8.3,-9.2,-10.0,-6.1,-7.2,-11.0,-9.1,-4.4,-11.1,-5.3,-7.1,-8.9,-5.1,-2.2,-5.7,-4.3,-3.2,-8.0,-7.7,-4.6,-6.1,-4.1,-6.4,-4.9,-6.7,-7.3,-9.4,-6.0,-10.5,-10.4,-7.1,-7.8,-9.4,-9.0,-9.4,-9.5,-8.4,-10.9,-10.1,-6.8,-12.5,-8.1,-9.1,2.3,-5.0,-3.6,-6.9,-5.6,-6.8,-9.9,-4.1,-7.6,-5.6,-6.4,-10.2,-11.5,-8.8,-9.0,-9.8,-8.4,-7.5,-7.6,-4.5,-3.1,-5.4,-5.8,-6.5,-3.6,-3.7,-3.6,-5.7,-5.5,-5.2
2C7L50zLou,0,48.099803,11.629954,4442451.19,2777588.68,545.2,590.9,223,7360,4.5,0.49,0.59,32.66,348.96,-0.53,-0.103,0.842,-0.5,0.2,0.27,0.34,3.3,0.3,-0.3,-2.4,-1.9,1.1,0.2,0.4,-2.4,0.9,-1.5,0.1,1.6,0.9,1.5,3.5,-0.2,-10.9,-7.8,-5.7,-7.3,-7.1,-6.3,-7.4,-8.2,-5.9,-5.7,-6.1,-5.1,-6.2,-17.1,1.0,-13.1,2.6,-10.9,-11.3,-14.9,-8.4,-7.4,2.9,-6.9,-4.9,-7.8,-6.5,-3.8,-9.1,-7.1,-7.3,-3.6,-5.6,-5.9,-0.4,1.1,0.9,0.7,1.4,2.2,3.6,3.2,3.6,2.0,-0.3,1.9,2.5,10.5,6.1,0.8,0.4,-1.8,-1.3,-2.5,-0.5,2.2,4.8,2.4,0.2,0.8,4.6,-10.3,-5.4,-7.2,-8.3,-6.4,-4.3,-6.1,-2.6,-0.7,-1.5,-9.7,-6.3,-7.8,-7.1,-7.3,-11.2,-7.4,-17.8,-8.4,-11.8,-7.1,-7.1,-7.8,-7.9,-8.5,-11.0,-8.6,-8.0,-4.8,-10.5,-9.6,-7.8,-8.5,-12.7,-10.3,-9.0,-7.2,-14.1,-10.5,-14.8,1.4,3.7,-1.0,-9.6,-5.6,-7.1,-3.2,-5.2,3.4,-5.1,2.0,-2.5,2.8,-1.0,-2.7,-0.8,-10.5,-3.2,-7.5,1.4,-1.5,-14.0,-9.8,-5.2,-5.9,-3.2,-4.8,-5.4,-11.9,-2.7,-3.1,-1.3,-8.3,-5.6,-11.8,-11.9,-9.9,-1.3,-0.4,-2.9,-9.0,-9.1,-12.3,-7.5,-13.3,-2.7,-6.2,2.9,-13.1,-12.7,-0.2,-8.2,-3.4,-13.5,-1.1,3.2,-8.2,1.1,0.3,1.3,2.7,2.9,-13.8,3.9,-3.2,-4.5,0.9,-0.0,-1.6,-2.3,-4.2,-2.8,-4.2,-8.6,-13.8,-11.5,-7.8,-8.7,-10.1,-6.0,-5.6,-8.4,-9.2,-6.4,-7.9,-3.2,-5.6,-11.0,-1.7,-8.8,-5.2,-4.1,-5.1
2C7L50zLpl,0,48.100193,11.632994,4442676.73,2777637.06,546.3,592.0,223,7413,1.5,0.94,0.26,32.67,348.96,-0.53,-0.103,0.842,-0.3,0.1,0.17,0.12,0.0,0.1,-0.3,1.0,0.9,0.5,0.6,0.9,0.2,1.4,2.0,0.7,0.3,-1.0,-0.7,-0.9,-0.0,-0.3,2.1,0.6,0.4,-0.9,0.2,-1.4,-0.5,0.5,0.9,-3.2,2.1,2.0,-1.2,1.6,-2.0,-0.1,-4.6,-3.7,-2.0,-4.3,-0.3,2.5,-1.3,-0.4,-0.6,-1.3,-3.2,-2.1,-0.5,-1.2,-0.8,-1.9,-1.4,-3.1,-1.6,-2.0,-1.6,-0.7,0.1,-1.5,0.0,-1.5,-0.6,0.1,-0.1,-0.9,-1.2,-3.5,-0.7,3.1,-1.7,-1.5,-0.9,-1.5,-2.4,-3.8,-0.6,1.2,-1.3,0.1,-2.0,-1.2,-1.3,-0.6,-0.4,-0.8,-0.6,-0.0,-0.1,0.9,0.1,1.6,0.6,-1.4,-1.6,-1.9,-0.0,-5.4,-1.1,-2.1,-0.8,-2.7,-1.6,0.4,-1.1,0.2,1.0,-0.9,0.3,0.3,-0.0,-0.1,-0.7,-1.8,-0.0,1.5,-1.2,1.0,0.2,-1.1,-2.9,-1.7,-2.3,-3.2,-0.7,-1.9,-1.2,-2.7,-2.0,-0.8,-0.5,-1.9,-1.6,-0.2,-2.7,-0.0,-0.8,1.7,-1.1,-2.6,-0.7,-1.5,-1.9,1.4,2.9,-0.7,3.0,-1.6,-3.7,-2.0,-3.5,-3.0,-2.4,-1.4,-2.1,-2.4,-4.5,-2.7,-2.6,-1.6,-1.1,-3.1,-3.7,-2.4,0.9,-1.4,0.3,-0.8,-3.1,-3.7,-3.5,0.2,-2.9,-1.6,0.2,0.5,-3.2,-6.4,-0.1,-2.5,-4.1,-2.3,-1.7,-2.3,-1.0,1.8,1.5,-3.3,-1.4,-0.1,-0.9,-1.7,-0.1,-1.9,-3.2,-2.6,-3.3,-1.4,-5.1,-2.8,-1.3,-0.8,-0.6,0.4,-0.9,-1.7,-1.8,-0.6,-1.8,-1.1,-2.3,-2.6,-2.7
2C7L50zLpn,0,48.100191,11.632976,4442675.38,2777636.78,540.5,586.2,223,7415,2.3,0.85,0.36,32.67,348.96,-0.53,-0.103,0.842,0.1,0.1,-0.42,0.18,1.5,0.2,-0.3,0.2,1.8,0.3,3.0,0.2,-2.6,0.7,-0.5,1.1,0.7,1.8,2.0,0.8,-1.5,2.4,2.2,1.0,0.3,-0.7,4.8,1.4,-1.3,-0.7,-1.1,-1.9,-0.1,-3.1,-0.7,0.3,-6.1,-5.6,-9.5,-5.5,-7.3,-7.6,-5.8,4.0,-3.1,-1.1,-0.3,-1.8,-1.0,-1.2,0.3,-1.5,-3.1,-1.8,-0.9,1.0,0.6,1.2,1.6,0.6,1.1,-0.9,2.2,0.7,-0.6,-0.2,1.5,1.6,0.4,1.4,1.2,4.9,0.6,-0.2,0.6,1.1,-2.1,1.2,2.8,0.2,0.9,-1.8,-0.1,-2.6,1.1,1.5,0.2,0.8,0.2,-1.7,-0.7,-1.5,0.3,1.4,-3.5,-2.6,2.7,-2.8,-1.2,-5.3,-1.0,-2.8,0.2,0.1,1.1,1.6,-3.3,-0.5,-1.2,-1.8,3.2,2.5,3.9,4.8,4.3,5.0,1.9,1.6,4.5,1.6,0.7,2.9,2.2,1.1,1.2,1.8,5.2,0.7,3.0,1.7,1.1,0.9,3.1,3.6,3.9,4.2,0.8,2.0,0.1,-0.4,-3.4,0.1,-1.7,-1.9,2.1,9.4,5.0,-2.0,0.4,0.5,7.0,-1.2,1.9,-2.9,-0.2,0.3,2.9,-0.6,-1.5,-1.0,-3.4,-2.8,-2.1,-3.0,0.1,2.4,-4.0,-3.8,0.1,1.7,1.2,-3.4,0.3,2.3,-4.9,-2.5,-3.0,-2.6,-6.1,0.1,-0.7,-0.1,0.9,0.5,2.0,1.6,1.2,3.7,3.4,1.2,0.3,-0.4,-1.7,-2.2,3.4,0.5,-1.5,-2.1,-0.5,2.4,-3.5,-2.6,-0.6,0.5,0.2,-1.1,0.7,0.3,-0.2,0.3,2.5,2.6,-0.4,1.1,1.8
2C7L50zLqE,0,48.100384,11.634483,4442787.2,2777660.77,537.8,583.5,223,7442,1.9,0.9,0.33,32.68,348.96,-0.53,-0.103,0.842,-0.7,0.1,0.04,0.14,1.2,0.1,-0.3,-0.0,-0.4,0.4,-0.5,-0.1,-1.2,-0.3,2.1,0.2,0.1,2.0,-1.8,0.7,0.6,0.6,-0.7,-2.7,-2.5,-1.8,-4.7,0.7,-3.4,0.3,-4.2,-1.6,-0.5,2.2,-2.9,-1.1,-6.9,-0.6,-7.9,-3.8,-5.7,-5.7,-4.8,0.8,-1.2,1.5,-3.0,-1.6,-3.2,-3.1,-2.0,-2.3,-1.2,-3.3,-0.8,-1.3,-0.8,1.3,1.3,-0.4,-0.8,-0.4,-0.9,-0.9,0.8,2.0,0.8,2.8,-0.2,-2.0,3.0,-5.7,-0.9,0.6,-4.6,1.5,0.7,-2.6,-0.2,-2.7,-1.4,-0.2,-2.4,0.8,-1.0,-0.0,-4.0,-1.7,-5.2,-2.5,-2.6,-2.3,-4.5,-2.9,-5.0,-1.9,-4.6,-5.0,-1.7,-5.0,-6.2,-4.9,-2.3,-1.6,-3.4,-0.2,-3.9,-1.6,-1.5,0.9,-1.0,-1.7,0.7,-0.5,0.5,-0.8,-0.3,-0.2,-2.7,-1.7,-1.9,-2.9,-5.0,-3.5,-2.8,-0.4,-0.4,-2.6,-1.2,-2.3,-1.3,-2.0,1.2,-1.5,-1.7,-2.4,-4.2,0.6,-3.9,-0.1,-3.1,-5.3,-3.6,-4.2,-2.9,-1.2,-1.9,-1.4,-5.6,-6.0,-3.9,-4.5,-3.4,-3.2,-2.1,-4.1,-3.5,-1.9,-3.8,-4.6,-3.2,-3.3,-4.9,-3.8,-4.2,-2.9,-3.2,-8.3,-4.5,-6.6,-7.9,-6.2,-2.2,-3.7,-8.2,-3.5,-3.7,-4.6,-5.7,-6.2,-3.8,-3.7,-0.3,-0.2,-1.3,-0.0,-2.1,-2.8,-4.8,-2.1,1.0,-3.4,-3.4,-5.0,-3.0,-0.4,-3.6,-6.4,-7.0,-6.4,-4.6,-4.9,-2.9,-4.4,-3.9,-2.9,-3.8,-4.9,-2.8,-4.7,-6.2,-4.4,-6.0,-4.2,-2.3
2C7L50zLrF,0,48.100902,11.638521,4443086.77,2777724.99,561.1,606.8,223,7505,4.0,0.65,0.44,32.69,348.96,-0.53,-0.103,0.842,-1.0,0.2,-1.29,0.31,1.0,0.3,-0.3,1.0,1.8,2.9,-0.7,1.0,1.0,2.5,2.5,3.9,-0.9,1.9,-4.1,2.3,-2.4,-0.1,-7.2,14.8,-6.3,4.7,1.7,4.0,5.9,2.3,1.1,4.9,10.3,5.5,-1.9,-2.0,4.5,7.7,3.0,4.0,3.7,-1.1,16.0,6.4,10.0,7.7,4.4,-1.2,1.0,5.7,-0.6,4.3,3.8,6.5,1.4,2.1,-0.6,-1.4,1.2,2.8,4.7,3.0,0.0,2.0,0.5,1.1,0.3,1.4,1.2,0.6,-0.4,-6.4,3.3,3.3,2.0,6.3,5.9,2.4,2.8,7.5,4.7,3.8,5.0,3.9,5.4,5.6,5.5,6.5,3.3,10.2,4.7,6.1,-1.9,13.0,-9.3,15.6,10.7,7.7,1.4,7.9,6.0,2.5,0.3,1.2,8.9,5.9,6.6,4.0,8.6,4.5,3.7,7.6,3.9,2.4,2.8,0.6,1.5,2.5,2.3,4.5,3.0,2.6,3.8,1.1,3.9,4.9,1.9,3.9,2.8,1.1,1.9,4.0,7.6,0.8,0.7,2.6,9.1,-1.2,2.0,5.2,1.4,9.9,-10.6,8.1,7.0,4.8,3.3,0.7,-1.3,-3.5,2.3,2.1,8.2,2.9,3.1,3.6,2.8,2.1,-0.2,3.8,5.5,6.8,2.4,8.7,5.6,0.8,1.4,-11.0,-8.4,8.7,6.0,2.7,3.8,5.2,-9.3,8.8,4.9,-2.0,-10.5,-1.3,-0.7,-2.1,-2.9,-0.5,-1.5,5.2,-1.9,2.4,2.8,-11.4,0.9,-2.8,-9.0,-1.5,-4.8,-3.5,-4.2,-2.4,-1.7,-4.7,-3.9,0.6,0.8,-1.6,0.4,2.2,1.1,0.0,-2.1,-2.8,-4.1,0.1,-0.9,-1.9,-2.0
2C7L50zLrK,0,48.100885,11.638386,4443076.7,2777722.87,539.4,585.1,223,7510,2.7,0.81,0.44,32.69,348.96,-0.53,-0.103,0.842,-0.8,0.1,-0.56,0.2,1.4,0.2,-0.3,0.1,-1.7,-0.9,-1.2,-0.9,-0.4,-0.1,-1.6,-1.5,-6.7,-0.1,2.8,-2.6,-1.3,0.1,-2.0,-3.9,-4.6,-6.4,-1.2,0.7,-0.5,0.9,-2.9,-3.9,1.1,-1.0,3.1,-1.9,-3.5,5.3,-3.4,-0.9,-0.4,-5.3,0.7,-3.2,-1.2,0.3,0.1,-0.5,1.4,-4.7,0.8,-2.7,-1.7,0.8,-0.9,-0.6,-1.2,0.8,1.7,-0.2,1.3,0.9,0.2,2.8,1.4,0.5,0.6,1.9,-2.1,-7.4,2.5,3.4,2.7,2.3,5.2,-0.7,-0.8,1.1,-2.1,0.7,-0.9,-0.6,-1.6,1.2,0.2,-0.6,-5.2,-0.1,-1.8,-1.1,-4.0,0.1,-7.8,-4.5,-9.0,-7.0,-4.8,-2.8,-7.8,-3.5,-8.3,-3.4,-2.4,-2.3,-2.7,-1.1,-1.9,-6.2,-3.9,-2.8,0.3,-2.7,-1.6,-0.6,-0.7,-0.3,-1.9,-1.3,-0.3,0.8,2.3,-0.2,1.3,1.5,0.5,-0.4,-0.0,-2.5,0.8,1.7,-1.5,-2.0,-4.6,2.4,-1.6,-1.8,-3.7,0.2,-2.0,2.0,6.1,-3.5,-4.4,-5.1,-4.0,-0.3,0.1,-4.0,-4.9,-2.9,-3.5,-2.7,-3.5,0.8,-1.2,-3.7,-1.0,-0.2,0.8,-0.3,-0.9,-1.7,-0.6,-0.8,-1.3,-2.3,-2.5,-0.0,-1.9,-12.2,-9.0,-9.5,-0.7,-5.3,-7.1,-7.2,-1.4,-3.6,-4.3,3.0,-0.4,-1.6,-3.1,-2.4,-2.3,-9.8,-1.1,-1.8,-2.2,-2.0,-3.2,-4.0,-2.2,0.5,-3.7,-5.2,5.8,-4.5,-10.2,-5.7,-9.5,-4.8,-7.1,-5.5,-9.4,-7.9,-4.3,-2.3,-2.9,-4.4,-9.2,-0.7,-5.5,-4.7,-6.1
2C7L50zLrL,0,48.100885,11.638383,4443076.48,2777722.83,536.5,582.2,223,7511,1.6,0.91,0.38,32.69,348.96,-0.53,-0.103,0.842,-0.9,0.1,-0.19,0.12,1.5,0.1,-0.3,-0.9,-1.5,-0.9,-1.5,-0.7,-1.3,-0.0,-0.8,-0.7,-5.4,-1.0,-0.1,-2.9,-0.6,-0.9,-1.5,1.3,1.1,-1.3,-2.9,-1.3,0.2,0.3,1.7,-1.0,0.2,-0.7,0.4,-1.0,-4.8,0.9,-4.4,-4.6,-5.0,-5.8,-2.4,-5.4,-1.5,-1.5,-1.1,-0.8,1.7,-3.0,-0.7,-3.7,-2.6,-1.7,-2.6,-2.2,-2.9,-1.0,-0.2,-0.7,-1.8,-1.2,-0.3,-1.2,-1.2,-0.6,-1.1,0.1,-2.8,-6.3,0.3,-2.9,0.2,0.4,-1.3,-1.4,-1.5,-1.7,-1.5,0.1,-0.6,-1.5,-2.4,-0.8,-1.0,-3.0,-2.4,-2.1,-4.7,-3.1,-2.4,-2.3,-5.3,-3.7,-5.7,-6.8,-5.9,-6.1,-5.3,-4.8,-7.6,-5.4,-2.8,-2.9,-1.8,-2.7,-3.8,-3.7,-2.8,-3.4,-1.2,-3.7,-3.7,-2.6,-2.7,-3.1,-2.7,-2.9,-1.0,-2.1,-0.1,-1.4,-1.6,-0.8,-1.6,-1.5,-1.5,-0.2,-1.5,-0.3,-1.9,-3.7,-2.0,0.1,-2.2,-3.4,-4.9,-2.1,-4.9,-0.7,-4.4,-4.2,-6.6,-2.7,-5.9,-2.9,-2.7,-4.8,-5.0,-3.9,-3.2,-2.5,-2.4,-0.7,-1.4,-2.3,-1.2,-1.4,-1.8,-1.2,-1.5,-1.9,-1.0,-2.1,-2.7,-2.4,-4.8,-6.6,-3.1,-8.5,-9.4,-9.5,-6.5,-6.0,-8.8,-5.7,-4.9,-5.9,-2.2,-2.2,-2.3,-3.9,-3.0,-2.1,-3.1,-8.4,-2.8,-3.2,-3.7,-4.0,-4.2,-4.5,-4.6,-3.6,-5.6,-5.6,-6.2,-7.2,-7.1,-9.2,-10.4,-5.3,-7.0,-7.1,-8.2,-6.6,-7.3,-5.0,-4.9,-5.7,-4.9,-2.8,-3.5,-3.5,-4.2
2C7L50zLrM,0,48.100893,11.638448,4443081.31,2777723.86,536.9,582.6,223,7512,3.1,0.78,0.42,32.69,348.96,-0.53,-0.103,0.842,-0.9,0.2,-0.33,0.24,1.0,0.2,-0.3,-1.1,-2.7,-2.2,-3.5,-2.0,-3.9,0.9,-4.8,0.2,-9.4,-0.6,-2.2,-2.1,-1.0,13.4,-4.6,8.8,1.9,-5.1,-2.4,1.3,4.1,2.6,8.8,3.2,3.0,0.8,-7.7,1.5,-5.3,2.3,-4.9,-4.3,-6.3,-3.4,-2.7,-4.1,-2.7,-1.1,3.5,-2.2,-0.7,1.1,0.1,4.6,0.6,0.2,-7.7,1.1,-3.5,-1.8,-1.0,-0.9,-1.6,-2.1,1.4,-3.4,2.0,0.3,0.8,2.4,-2.7,-7.3,-2.1,-6.4,0.9,-1.6,0.3,-1.4,-1.6,-1.7,1.5,0.7,-1.1,-2.8,-3.7,-2.1,-0.1,-3.6,-0.4,-3.7,-7.1,-2.0,0.5,0.4,2.4,-3.5,-6.3,-5.6,-4.5,-3.6,-3.2,-5.4,-7.4,-3.2,-2.4,-2.9,-2.9,-0.0,-1.5,-4.8,-4.0,-3.2,4.2,-4.2,-0.7,-7.2,-2.5,-1.3,-3.1,-3.7,-0.0,-2.5,-0.3,-2.7,-1.5,-1.1,-4.1,0.1,0.8,-9.7,-0.0,-0.5,-0.3,-7.0,-2.1,2.0,-1.2,-0.9,-2.6,-2.4,-5.0,0.3,-4.2,-3.8,-7.7,-3.3,-1.5,-0.9,-1.4,-0.5,-4.1,-3.7,0.2,0.3,0.7,3.7,0.7,0.4,-2.4,1.6,-1.1,0.3,-0.6,-2.2,2.2,0.1,-1.8,4.0,-3.6,-7.3,-3.0,-4.0,-5.9,-8.8,-5.2,-6.3,-6.3,-5.4,-4.9,-4.7,2.9,-11.6,-3.1,-4.2,-2.8,0.2,-1.7,-9.1,-2.4,-3.9,-4.5,-5.0,-4.9,-4.0,-5.3,-1.3,-4.1,-4.7,-6.2,-7.8,-7.6,-8.6,-8.3,-5.7,-7.4,-7.4,-9.3,-4.8,-6.6,-4.3,-3.7,-6.4,-5.0,-1.8,-2.1,-1.6,-4.7
2C7L50zLny,0,48.099385,11.62656,4442199.32,2777536.72,541.0,586.7,223,7302,1.3,0.96,0.25,32.64,348.96,-0.529,-0.103,0.842,-0.4,0.1,-0.23,0.1,0.1,0.1,-0.3,0.8,-1.2,-1.6,-1.7,0.0,-0.2,-0.2,-1.8,-0.1,4.4,-0.2,0.8,-0.2,0.9,-1.4,-1.1,1.5,0.6,-0.2,0.5,-0.7,0.8,-0.5,0.5,2.0,3.6,1.4,1.8,-0.5,-0.5,-2.5,-3.2,-3.2,-2.7,-1.9,-0.3,-0.6,1.3,2.8,1.4,0.6,3.2,1.2,0.6,1.2,-1.1,1.4,2.1,0.6,-0.1,1.0,0.3,0.3,-0.9,0.1,0.3,0.9,-0.5,1.6,0.8,0.4,-0.2,-1.8,-0.5,0.3,2.2,1.1,2.3,-1.2,1.4,0.2,-0.3,0.0,-0.7,-0.8,-1.5,-0.1,0.3,-0.9,-0.6,3.3,-0.5,0.7,-0.3,1.6,1.0,-1.6,1.9,0.5,0.6,0.3,-0.3,-0.6,2.1,-0.4,-1.0,2.2,0.9,-0.5,0.1,0.3,-0.3,1.1,0.3,-0.1,1.2,0.1,-0.1,-0.3,-0.3,-1.0,1.0,-0.1,1.1,-0.4,-0.1,-2.0,-1.3,-0.5,-2.2,-0.6,-1.4,0.6,-0.5,-0.2,0.1,2.1,-0.3,-1.8,-0.4,0.4,-1.5,1.2,0.4,-1.9,-0.9,0.5,1.4,2.4,3.5,0.2,-1.7,-0.8,-0.8,1.1,0.3,1.3,0.3,0.4,0.5,-0.8,-1.0,-2.2,-0.5,-1.7,-1.2,0.1,-0.8,0.4,-1.1,-0.4,-3.1,-0.3,-2.1,-3.6,1.9,-1.7,-3.7,-2.0,-1.5,-1.3,-0.4,-0.5,-1.0,1.8,-1.6,-1.4,0.6,-2.5,-0.9,-0.4,-1.0,-0.8,-1.4,-1.4,-1.0,-0.2,-1.7,-0.6,-2.5,-2.8,-2.5,-0.4,-3.3,-3.1,0.4,-0.7,0.3,-2.1,-2.4,-2.7,-1.1,-1.5,-1.3,-1.8,-1.0,-1.0,-1.0
2C7L50zLo6,0,48.099439,11.626978,4442230.31,2777543.38,539.5,585.2,223,7310,3.5,0.74,0.4,32.64,348.96,-0.529,-0.103,0.842,-0.5,0.2,-0.83,0.27,0.4,0.2,-0.3,6.7,-4.6,-4.3,-3.7,-2.1,3.4,3.3,0.7,-0.3,2.7,1.2,3.3,0.4,1.2,-1.1,0.5,-1.8,-4.0,0.1,0.5,6.2,2.2,1.8,-3.4,-4.1,1.7,-2.0,7.5,0.3,-2.4,-6.1,-3.9,-4.3,1.1,-8.2,-2.8,-4.4,-0.1,3.1,1.2,-1.0,1.4,6.9,-6.2,1.0,-0.2,-3.3,-1.7,0.4,-1.1,-2.6,-1.7,1.5,-1.6,-0.3,0.2,-3.0,0.8,0.1,-1.0,-0.9,0.8,2.6,-1.2,-1.9,2.6,-0.1,3.1,-1.2,0.1,-0.8,-1.6,-8.6,-1.0,-0.4,-11.8,-6.2,4.1,-6.7,-2.0,-0.2,3.5,2.6,-1.3,-1.0,4.3,-4.2,-3.4,2.8,-2.8,2.6,-1.1,13.4,-1.9,-3.7,0.4,1.0,-2.0,-2.9,4.4,-1.3,-4.5,-2.8,-0.7,-2.5,12.2,1.7,-2.3,-0.0,-1.2,-2.1,1.0,0.6,2.3,0.1,3.2,3.3,2.0,-1.3,0.8,-1.5,-3.1,-0.2,-1.1,-1.7,-1.7,1.3,1.8,-3.8,-1.5,-0.8,-3.1,7.0,12.4,-1.8,8.1,3.7,2.8,3.0,3.5,1.5,0.2,0.6,0.7,-0.7,4.2,3.2,-3.0,2.5,-0.2,4.1,1.8,-1.2,-3.2,1.5,0.2,0.7,-0.6,-0.9,-0.5,-1.9,-2.1,5.9,2.4,-10.9,-0.7,-3.3,-10.1,-4.1,8.0,-3.0,-4.7,-2.8,-5.7,3.1,-3.3,1.6,-2.9,1.6,-3.9,-1.6,-6.2,-6.2,-1.9,-8.1,-2.3,-3.1,2.7,-4.2,-2.7,-1.7,-2.5,-3.7,-3.6,-0.3,1.2,-3.9,0.2,-3.2,-1.8,-7.4,-5.1,-1.2,-6.4,-1.9,-3.1,-3.7,-5.2
2C7L50zLpe,0,48.100139,11.632432,4442634.98,2777630.18,538.9,584.6,223,7406,2.2,0.89,0.29,32.67,348.96,-0.53,-0.103,0.842,-0.2,0.1,0.19,0.17,0.1,0.1,-0.3,-1.2,0.7,2.2,-1.4,-1.0,-2.4,2.4,1.3,0.2,-6.7,0.4,-1.4,1.3,1.7,1.6,1.2,1.2,-1.7,-1.3,0.4,-0.0,-1.5,0.4,2.4,2.6,3.1,2.5,-5.7,2.5,-0.3,0.0,-4.4,-2.4,-2.3,-1.9,-1.4,3.6,0.5,3.2,2.3,3.3,6.0,0.5,0.1,1.7,-0.3,4.1,-0.4,1.8,0.5,0.0,2.0,1.8,2.8,2.9,0.2,-0.6,-0.4,2.6,0.6,1.3,-1.0,-6.0,2.7,-1.4,-1.6,-1.3,-4.8,-0.9,0.2,2.0,2.2,0.5,2.6,-0.6,0.7,0.1,0.8,-2.4,0.5,-0.1,-1.8,-1.8,2.8,1.3,1.6,1.3,0.2,-0.2,-0.6,-0.7,-0.8,-0.9,-0.3,-0.7,-0.8,0.5,0.9,1.1,-0.3,1.0,0.4,1.0,1.8,0.2,0.5,1.1,-2.3,-0.7,-0.2,-0.3,-0.7,-0.6,2.8,0.8,-3.4,-2.5,0.3,-0.5,1.0,2.2,-0.0,0.1,0.5,-1.9,-0.7,-1.0,-1.7,0.2,-4.1,-2.0,-2.5,-1.7,-1.5,-1.4,-0.8,-1.4,0.9,2.1,2.4,-2.1,-4.1,-1.2,-1.7,0.1,-2.0,-9.2,-0.5,-1.1,-3.0,9.9,-4.2,-1.8,-1.7,-0.7,3.2,0.5,2.8,3.4,2.7,-1.6,1.0,-1.6,-3.3,-3.4,-0.5,0.2,-4.8,-1.2,-0.1,-2.2,-2.0,-2.6,-3.7,-5.1,-0.3,-0.8,-0.9,8.3,-0.7,-0.4,-0.7,-0.7,1.3,-0.3,-1.1,-0.2,0.4,-0.7,-1.5,-1.3,-0.4,-1.1,-1.4,-0.3,-1.3,-0.4,-1.4,-0.7,-0.0,1.2,-0.2,-0.3,-1.3,0.3,2.3,0.9,-0.4
2C7L50zLpf,0,48.100141,11.632448,4442636.14,2777630.44,536.9,582.6,223,7407,3.3,0.76,0.41,32.67,348.96,-0.53,-0.103,0.842,-0.1,0.2,0.66,0.25,0.3,0.2,-0.3,-1.8,-2.8,0.5,-4.7,-2.5,-1.3,2.0,-1.4,-0.4,-7.2,2.8,1.1,-4.0,2.5,-1.2,-1.5,1.1,-1.0,-2.7,-1.3,-0.7,4.8,1.9,0.6,4.7,0.9,2.1,14.1,3.9,-2.8,2.3,-8.0,-5.5,-5.9,-5.4,-7.5,-1.2,-5.7,-0.4,1.3,0.6,5.6,-1.2,3.0,0.6,-2.5,0.4,-4.1,1.4,1.0,-1.8,4.2,0.4,-0.7,-0.6,0.3,1.1,-1.4,0.7,0.2,1.2,-5.0,-8.6,-0.7,-8.1,-4.6,-6.1,-8.6,-7.1,-4.6,-1.2,0.2,-3.6,-1.3,-2.1,-6.4,-3.8,-8.1,-7.6,-1.0,-1.0,-5.7,-5.5,-1.7,4.8,-0.0,-2.8,-4.2,-5.3,-3.2,-3.2,-2.3,-7.8,-4.0,-5.1,-0.6,-2.3,0.6,-3.2,-4.0,-3.3,-2.0,-3.4,-1.9,-1.7,-0.7,-4.4,-2.1,-2.4,-3.4,-1.6,-2.0,1.0,2.7,-0.6,-4.9,-4.7,0.2,2.7,1.2,4.7,0.7,0.9,-1.2,-2.9,-3.1,3.1,-2.4,-1.1,-5.2,-0.1,-6.9,-2.5,-0.8,-5.2,-0.3,-4.1,-2.3,2.9,-0.1,3.8,-5.4,-0.9,-7.6,-1.4,-3.8,-9.2,1.0,2.0,-11.3,5.4,-5.1,-6.0,-4.1,-4.5,-0.4,-2.7,-0.1,0.9,-0.4,-2.1,-1.8,-2.6,-5.4,4.9,-3.7,-4.3,-5.5,-3.1,0.1,-0.3,-1.2,-4.8,2.1,-4.8,-8.8,-3.9,-3.1,3.8,-2.1,-0.9,-2.2,-1.7,0.1,-3.2,-4.1,0.7,2.7,-0.9,0.7,1.0,-0.7,-1.1,-6.7,-4.0,-0.9,-1.0,-0.5,-3.5,-1.3,-1.9,-4.1,0.2,3.5,1.2,1.0,-1.8,-1.7
2C7L50zLq1,0,48.1003,11.633687,4442728.06,2777650.16,536.2,581.9,223,7429,2.8,0.83,0.43,32.67,348.96,-0.53,-0.103,0.842,0.6,0.1,0.11,0.21,0.9,0.2,-0.3,1.0,0.9,1.6,-0.8,-0.1,-0.0,1.1,0.2,1.6,-1.3,0.5,-2.9,-1.1,0.9,1.4,1.7,-0.5,-1.0,0.2,-0.2,-0.2,0.3,1.5,-2.0,1.8,0.3,3.1,-1.5,4.1,2.5,4.9,-2.1,-4.0,1.1,-0.1,-9.8,2.1,3.5,-5.8,9.3,-14.4,-0.3,6.9,11.2,2.6,-2.8,-4.5,-5.0,-6.1,1.1,0.7,1.1,-1.3,0.3,0.8,1.7,2.5,-6.0,3.5,1.5,4.1,2.6,1.3,-0.1,2.6,-2.5,1.0,-0.0,0.3,2.9,4.4,3.1,1.7,1.4,2.4,3.6,-2.0,2.0,3.5,3.2,0.9,-0.8,-3.9,0.7,-2.6,2.3,-0.6,5.0,-1.3,-0.5,-2.1,-2.9,-3.0,-1.2,-3.6,-4.1,-0.5,2.7,1.7,-0.8,0.5,3.8,3.9,3.3,1.2,1.7,0.3,-0.8,0.3,-0.2,-0.9,-0.6,-1.8,0.3,-0.5,-4.0,-1.1,0.3,0.9,-1.5,1.2,-1.5,1.2,0.1,-3.8,-0.1,1.4,4.5,4.0,2.4,4.2,0.9,2.9,1.5,-1.9,1.1,0.3,0.5,2.2,4.2,3.8,-0.1,1.4,4.3,-1.4,1.9,2.1,0.5,1.3,4.2,1.7,1.7,5.6,8.9,3.5,1.4,4.2,3.1,5.3,2.5,-0.1,-0.8,-1.6,-0.9,-0.7,2.0,4.1,-0.9,0.4,2.7,0.9,-2.7,-1.1,-1.2,-3.6,2.9,5.0,1.3,-3.1,4.4,3.5,1.0,3.3,5.6,3.4,4.1,2.2,3.9,5.3,1.2,0.2,1.7,1.5,0.4,2.1,1.8,1.3,0.2,-0.7,3.0,1.1,1.8,5.4,3.8,5.6,1.3,5.3,5.3
2C7L50zLqA,0,48.100391,11.634391,4442780.3,2777661.34,545.3,590.9,223,7438,4.3,0.66,0.42,32.68,348.96,-0.53,-0.103,0.842,0.2,0.2,-0.59,0.33,0.7,0.3,-0.3,-1.2,1.6,1.3,-6.3,2.8,-6.7,6.5,2.6,4.6,-4.2,-4.5,16.9,2.6,3.8,4.2,1.4,-0.0,6.5,4.8,0.5,0.6,-0.1,3.8,2.7,-3.2,-0.8,8.4,-5.0,5.0,-0.2,-9.4,-1.5,-1.5,-2.2,1.1,-0.8,6.0,2.9,3.7,2.4,4.5,-4.8,4.2,2.2,3.7,0.4,-9.7,7.3,4.7,6.2,2.5,6.9,7.1,7.0,4.9,2.5,-0.0,1.9,3.2,8.1,5.1,-3.3,-3.3,1.0,17.0,-9.5,8.2,-4.6,8.0,5.8,-5.0,4.5,13.6,6.2,9.5,8.1,9.2,7.7,7.7,5.4,4.0,5.9,2.5,4.6,1.7,3.5,2.4,2.4,1.8,0.5,5.1,3.6,0.1,-0.4,0.8,2.2,-2.1,5.6,5.3,1.9,4.6,3.9,3.9,3.8,4.6,5.4,2.5,1.5,1.5,4.2,0.1,3.1,2.4,1.6,0.2,14.1,-5.2,2.2,4.3,6.7,-8.5,8.2,4.9,8.7,-1.8,0.7,17.9,1.5,0.9,3.1,5.2,3.9,12.6,3.4,3.5,3.7,5.2,2.7,6.3,6.7,4.0,-0.8,2.1,0.5,2.4,-0.2,-4.6,2.1,1.9,2.6,0.0,0.6,0.7,1.3,3.1,4.0,3.7,4.0,7.5,3.5,2.0,3.5,0.2,2.0,0.3,2.7,6.1,-1.8,2.3,5.4,2.8,2.3,-1.7,13.7,-9.7,11.2,6.1,0.4,7.2,1.6,4.8,-0.2,3.9,5.7,4.2,4.7,-2.1,4.6,1.4,2.5,0.1,2.8,1.0,0.6,1.3,4.0,7.1,3.9,7.2,5.3,5.0,4.4,-5.5,1.3,14.4,-1.5,0.2,1.8
2C7L50zLqc,0,48.100579,11.635854,4442888.83,2777684.64,538.9,584.6,223,7466,2.7,0.86,0.35,32.68,348.96,-0.53,-0.103,0.842,-0.4,0.1,-0.22,0.21,0.3,0.2,-0.3,1.4,0.5,1.1,-2.6,5.2,-8.2,1.7,5.0,2.2,-9.9,4.3,-3.8,2.1,3.8,3.0,2.5,2.1,2.6,0.6,-1.6,0.6,0.9,4.2,3.4,2.6,2.4,3.9,-7.4,4.9,0.2,5.9,-1.6,-1.4,-0.2,0.5,0.9,2.8,2.8,1.7,1.1,2.5,0.6,1.3,2.9,0.9,1.1,1.0,1.5,2.8,3.6,3.2,3.5,2.0,2.0,1.5,1.6,2.3,2.6,3.0,4.0,2.8,1.2,0.1,2.7,7.8,-0.2,4.1,-0.2,0.9,2.9,4.3,1.2,1.2,1.2,1.5,1.8,1.1,0.9,1.9,1.2,0.8,-0.5,0.1,1.8,1.1,1.0,2.1,-0.4,-0.3,1.3,-1.3,2.1,1.3,-0.4,1.3,0.7,3.8,2.9,3.4,0.5,1.7,1.7,1.7,2.9,1.7,1.2,1.7,2.7,-1.8,0.8,0.2,1.5,0.8,4.8,3.6,0.6,-1.8,3.1,4.3,3.9,-4.2,2.2,3.1,0.4,0.9,1.9,1.3,0.9,-0.6,-0.3,3.2,-0.8,3.8,-0.1,-0.7,-0.6,1.4,0.0,3.3,3.7,-1.8,0.6,0.9,0.6,3.8,3.4,1.8,0.1,2.1,1.4,-1.6,0.3,-0.1,0.8,0.4,2.4,2.9,1.8,0.9,0.5,-0.1,1.1,-1.2,1.2,-2.6,0.8,1.2,-2.2,-1.0,-0.4,-0.1,-1.4,10.9,-9.7,-11.2,-8.4,-7.7,-3.7,-4.5,-1.3,-0.7,-0.6,-1.0,1.9,-1.1,-1.5,8.5,-0.0,7.6,0.5,0.1,4.3,-0.5,-1.4,0.4,-0.2,-0.2,-0.4,0.3,-0.3,-0.0,0.6,-0.7,2.3,0.3,1.8,0.0,-0.2
2C7L50zLqd,0,48.100585,11.635904,4442892.52,2777685.43,538.6,584.3,223,7467,3.0,0.81,0.35,32.68,348.96,-0.53,-0.103,0.842,-0.3,0.2,0.42,0.23,0.2,0.2,-0.3,-2.1,0.8,1.1,3.7,3.2,-13.0,-0.2,1.3,2.4,0.3,2.4,-6.9,-0.2,0.9,-0.4,0.1,0.2,3.1,2.6,-4.1,-2.0,-4.4,1.5,1.0,6.7,-0.7,3.2,-0.1,1.3,-2.7,2.6,-4.3,-2.2,-1.5,-0.5,-1.5,2.0,3.0,-2.4,-0.8,2.2,0.3,2.8,-0.4,-1.4,0.1,-2.3,1.0,2.5,0.6,-1.3,-0.0,0.0,-0.3,-1.0,0.7,0.2,-0.1,1.2,1.0,-0.7,-0.4,-5.3,0.1,4.8,-2.8,1.5,-5.2,-1.8,0.8,-1.0,-1.8,-1.5,-0.0,-1.8,0.2,-0.8,-0.9,-0.4,-2.1,-2.6,-4.8,-3.2,-0.1,-2.5,1.1,1.3,-1.4,-3.0,-0.9,-4.0,-0.5,-2.6,-2.1,-0.1,-1.7,2.0,1.0,1.3,-0.4,-1.4,-1.2,-3.3,1.9,-3.0,-2.3,-0.5,0.8,-6.6,-1.5,-1.7,-0.2,-3.3,1.7,2.0,-4.7,-3.7,-1.4,1.9,-0.1,-6.5,0.9,1.7,-2.0,-2.7,1.2,-0.7,-1.5,-3.8,-3.1,1.9,-4.2,0.4,-3.4,-3.9,-1.1,-1.9,-4.1,0.2,-1.6,-4.6,-2.5,1.6,-2.1,3.3,0.8,-1.3,3.9,-0.0,1.1,-9.9,-2.2,-3.1,-0.9,-1.1,-0.7,2.3,1.1,-0.1,-1.9,-0.4,-1.0,-3.5,-0.9,-1.9,0.7,-0.1,-5.4,-2.5,-0.9,-0.8,-1.1,-0.4,-8.8,-8.7,-14.5,9.9,8.6,-10.3,-5.5,-4.9,-1.6,-2.4,3.5,-0.7,-3.6,-4.3,0.6,5.4,-1.8,-2.1,-1.6,-4.8,-5.9,-3.4,-2.2,-4.4,-3.3,7.4,-1.8,-2.3,-0.7,-0.7,-0.7,1.6,0.0,2.9,3.4
2C7L50zLqe,0,48.100594,11.635976,4442897.9,2777686.59,537.8,583.5,223,7468,4.1,0.66,0.45,32.68,348.96,-0.53,-0.103,0.842,-0.2,0.2,-0.19,0.32,0.7,0.3,-0.3,-2.4,-2.4,-1.6,-1.0,-1.7,-2.5,-1.9,-0.9,-1.7,16.7,-1.2,9.5,-2.2,-3.0,-1.9,-2.3,0.3,2.0,0.2,1.7,2.1,2.0,1.7,3.9,1.4,0.2,1.5,4.9,0.7,0.6,9.7,-5.9,-0.9,0.6,0.7,1.0,1.4,1.1,3.1,-0.1,0.7,1.8,-0.7,2.7,-0.7,4.9,4.4,-0.5,5.0,4.8,2.6,7.1,3.0,2.5,1.7,-0.9,1.1,2.1,3.9,0.8,3.3,5.3,3.8,-0.6,-0.8,10.2,-0.8,0.7,-0.2,0.3,-9.1,0.4,13.4,5.9,2.8,4.1,2.0,2.0,4.0,-0.9,2.3,0.8,3.3,2.3,1.3,-1.0,3.1,-8.4,-1.3,5.0,0.3,-0.6,0.6,-2.4,3.0,1.0,-0.8,-1.2,2.4,1.5,1.9,2.0,4.2,4.4,2.5,4.3,3.0,3.5,-1.2,2.7,2.5,3.2,4.6,2.6,5.8,8.9,-1.6,-1.1,-1.8,9.7,6.7,4.5,8.2,3.7,5.5,4.6,1.4,2.8,0.7,-6.9,1.2,-4.1,11.3,0.6,-0.7,-0.9,2.3,2.3,5.8,9.9,4.0,-3.7,-1.6,-1.3,5.9,-1.6,-3.9,-7.3,-5.8,-7.7,1.5,-1.1,-2.9,2.8,0.6,-2.1,0.7,2.8,0.3,-4.6,0.9,7.4,-5.5,-0.5,-11.3,0.8,0.6,-6.8,-1.7,-1.5,-4.4,-5.2,12.1,2.8,-1.9,-4.8,11.9,10.6,-2.6,3.2,4.2,-2.3,2.9,5.1,-0.8,-2.7,1.6,2.7,8.0,0.1,0.9,2.7,3.1,-2.9,8.7,-0.1,2.8,-0.9,-10.1,-1.7,-9.4,1.2,-0.8,1.5,11.4,9.8,2.0,0.6
2C7L50zLnq,0,48.09935,11.626142,4442168.25,2777532.13,542.5,588.2,223,7294,2.0,0.9,0.35,32.64,348.96,-0.529,-0.103,0.842,-1.1,0.1,0.36,0.15,0.5,0.1,-0.3,-2.6,-1.3,-0.8,-0.2,-0.5,-1.3,-2.2,0.6,-1.0,-0.6,0.7,-1.5,1.3,1.6,-0.8,0.5,-1.7,1.6,-0.7,4.2,-1.6,-1.0,-2.7,-2.2,4.2,2.0,-1.0,-1.2,-1.7,-1.6,-3.0,-2.0,1.9,-0.7,-4.3,-2.1,0.4,-1.1,-2.0,-1.6,-3.2,-2.8,-1.6,-5.1,-0.2,-0.8,-2.4,-1.8,-2.1,-2.4,0.7,-0.1,-2.0,-0.3,-2.6,-2.9,-2.5,-1.2,-2.8,-3.0,-3.1,-1.1,-3.6,-2.8,-6.2,-4.7,-0.4,3.2,0.2,-1.9,-1.1,-2.0,-1.9,-1.6,-2.3,-1.0,-0.7,-3.9,-0.1,-3.0,-1.5,-2.8,-4.1,-2.4,-5.3,-1.5,-5.1,-2.8,-0.6,-3.4,-2.1,-6.6,-5.6,-0.5,-5.0,-5.9,-5.5,-5.8,-6.4,-4.3,-2.5,-6.9,-0.7,-3.1,-4.3,-0.1,-1.5,-3.5,-1.9,-3.2,-0.6,-1.4,-4.3,-1.5,-4.2,-0.9,-2.2,-4.2,-4.8,-4.2,-4.0,-5.0,-2.0,-2.8,-2.6,-0.2,-2.5,-0.8,-4.1,-10.9,-5.7,-7.6,-6.7,-2.2,-3.3,-5.0,-4.2,-1.2,-2.7,-2.9,-6.6,-2.9,-5.2,-4.7,-2.5,-4.7,-2.7,-4.8,-4.1,-4.7,-2.1,-2.6,-3.3,-2.3,-4.2,-7.9,-2.8,-6.0,-5.3,-5.8,-9.1,-11.9,-3.7,-6.9,-5.7,-2.3,-6.4,-7.8,-3.1,-5.8,-4.2,-4.4,-6.3,-10.0,-5.3,-5.7,-4.3,-4.7,-10.3,-2.4,-4.7,-4.0,-4.2,-3.5,-3.2,-3.8,-6.1,-6.2,-0.0,-4.1,-5.2,-6.2,-2.1,-9.9,-5.0,-5.8,-5.9,-5.0,-7.0,-3.4,-9.2,-6.6,-5.9,-6.7,-4.3,-8.1,-5.5,-4.3
2C7L50zLnv,0,48.099385,11.626419,4442188.8,2777536.54,543.6,589.3,223,7299,2.6,0.85,0.4,32.64,348.96,-0.529,-0.103,0.842,-0.5,0.1,0.37,0.2,0.7,0.2,-0.3,-0.0,-1.5,-0.9,0.1,2.3,1.6,1.5,1.1,-1.0,2.0,1.8,0.4,2.2,1.8,0.9,2.1,2.5,0.7,-0.1,3.9,0.0,2.0,-1.0,0.2,0.7,1.6,-1.9,2.1,-2.6,4.0,-6.8,-4.6,-1.1,3.8,-1.9,5.7,1.2,-0.4,1.5,-5.4,-3.0,0.0,-2.1,-4.2,0.8,-0.9,-2.3,-1.5,-2.7,-1.7,-1.2,-1.6,-0.9,1.5,0.6,-0.7,-1.6,-2.6,-2.3,-2.4,-4.3,-4.0,-3.3,-2.6,-3.1,0.9,-2.3,-3.1,-1.4,-2.0,-1.2,-1.5,0.2,-2.2,-2.9,1.9,3.5,1.1,0.5,0.8,3.8,1.2,0.2,-1.1,-1.1,0.9,0.1,-0.5,0.8,-3.0,-2.2,-2.6,0.0,3.0,-1.0,-3.2,-1.8,1.2,-1.2,-1.3,0.5,-1.7,0.2,-2.8,0.9,4.2,-2.3,0.6,-2.2,-2.0,-1.0,-0.3,-0.3,-1.5,-0.4,-3.8,-3.6,-4.7,-5.3,-3.8,-4.2,-3.2,-4.2,-5.6,-3.4,-2.2,-5.2,-2.6,-2.8,-3.2,4.6,-1.3,-2.4,-0.9,0.0,5.9,1.4,0.7,-1.0,1.5,0.1,-1.7,-2.7,-3.8,-0.1,-2.3,0.2,-2.5,0.2,-2.6,2.4,-3.5,1.9,0.5,-2.2,-2.3,0.0,-0.4,-1.0,3.3,-1.5,-5.8,-3.5,-6.4,-11.1,3.7,-0.9,-3.0,-2.1,-3.2,-0.6,-1.7,-4.9,-6.2,-4.2,-1.4,-4.5,-5.0,-3.5,-3.3,-3.6,-1.7,-0.6,-1.4,-3.2,-4.2,-2.1,2.9,0.8,-0.1,-16.2,1.4,-1.4,-2.0,-4.1,-0.4,-1.4,9.8,-2.8,-0.1,-4.0,-1.6,-0.3,0.1,-2.2,-1.6,-3.0,-3.8
2C7L50zLpY,0,48.100122,11.632154,4442614.28,2777627.81,540.7,586.4,223,7400,3.8,0.7,0.44,32.67,348.96,-0.53,-0.103,0.842,-0.8,0.2,0.33,0.29,1.5,0.2,-0.3,-1.0,1.5,1.0,1.1,2.2,-2.1,-2.6,-0.1,-0.5,0.1,-3.3,-0.8,-4.2,2.0,-0.3,1.9,1.3,-2.0,-3.9,-3.4,-0.3,-0.9,0.1,-2.5,-0.5,-3.3,-0.3,-1.6,-14.9,-3.2,1.0,-1.7,-10.8,-7.1,-8.0,-3.7,-2.5,-3.8,-0.2,-1.8,-7.2,-0.9,-5.2,-1.1,-3.7,-5.9,2.0,-12.4,-2.0,4.4,-1.8,-0.4,-3.5,-1.3,-1.8,-1.5,-1.3,-2.6,-3.0,-2.3,1.2,-1.9,-5.1,-2.2,-2.6,-5.2,-4.6,1.7,-4.6,-6.3,-2.7,-3.0,-1.2,-6.2,-4.1,-4.5,-6.6,-4.7,-9.1,-7.4,-3.9,-2.5,-4.2,-4.9,-5.8,2.9,0.8,-4.5,-8.1,-7.9,-5.8,-5.5,-5.5,-3.6,-3.8,-9.0,-1.6,0.1,-1.7,-5.2,-6.1,0.9,0.8,-5.5,1.4,-1.6,-1.3,-3.7,-4.5,-5.4,-5.0,-0.9,-2.9,-1.9,3.0,-2.2,-2.8,-4.4,-0.3,0.8,2.7,-1.2,-7.5,-7.9,-9.5,4.6,-5.8,-6.9,-4.4,5.6,-3.5,-1.1,-2.4,-7.8,-3.7,-12.5,-2.6,-4.9,-4.8,-3.3,-7.3,-4.7,-5.9,-3.0,-4.1,-2.2,-0.7,-3.1,-2.0,-2.6,5.2,-6.5,-1.6,-4.9,-5.9,-7.5,-5.2,-7.9,-5.8,-8.8,-19.0,-4.8,-3.3,-7.4,-13.0,6.1,-3.4,-8.2,-9.1,-18.6,-6.2,-3.4,3.5,-12.7,0.6,-2.9,-4.6,-1.6,-5.8,1.9,-1.9,-7.4,-13.0,-5.9,-6.8,-1.2,-12.6,-5.1,-9.5,-3.2,-15.9,-12.4,1.9,0.4,-1.5,-4.0,-4.3,-4.1,-3.6,-5.7,-10.2,-8.1,-4.8,-6.3,-8.7,-3.8,3.9,0.5
2C7L50zLqi,0,48.100658,11.636328,4442923.98,2777694.24,544.7,590.4,223,7472,3.9,0.72,0.42,32.68,348.96,-0.53,-0.103,0.842,-0.5,0.2,0.09,0.31,0.5,0.3,-0.3,-2.6,0.5,-0.0,0.7,0.7,6.8,-0.3,-3.5,11.1,1.5,-1.9,-5.9,-1.1,1.1,3.0,-1.6,0.2,1.0,-0.4,-2.5,-3.3,0.2,-2.5,0.2,-3.3,-6.6,-3.1,9.8,-2.0,-2.1,-2.4,-5.0,-4.3,-3.5,-0.7,-0.6,0.8,1.2,-1.0,-0.4,-1.5,-7.7,-1.4,-2.8,-1.4,-4.5,-11.3,-5.3,-2.6,-2.2,-2.0,-0.1,12.6,-3.8,-3.0,-2.7,-11.4,-2.3,-3.8,-4.3,-3.3,-4.0,-7.8,-5.8,-7.8,-10.0,-8.7,-3.3,-4.7,1.6,-6.7,-1.2,-9.0,0.1,-1.4,-2.7,-1.8,0.0,0.8,-2.9,-3.3,-2.1,-1.0,-2.7,0.7,-2.6,3.2,-3.0,-2.3,-0.3,-3.7,-3.5,-4.0,-7.3,-4.0,-4.3,-5.4,-0.0,1.0,-1.5,-0.9,-2.0,-2.6,-1.4,0.6,0.7,-1.9,0.1,-2.2,-2.5,-1.0,-4.0,-3.4,-1.1,-1.3,-8.8,-4.0,-7.9,-2.3,-4.5,-3.8,-5.5,-5.8,4.3,-1.8,0.4,-13.1,-0.8,-3.7,-2.3,-0.8,-3.4,-4.9,-3.7,-4.6,-2.0,-2.5,-1.7,1.5,4.2,-9.9,-6.3,7.8,-1.3,0.6,-2.4,-0.1,10.0,2.1,-0.8,-8.1,-2.2,-5.8,-5.2,0.7,-2.7,-1.5,2.9,-2.5,-2.5,-0.9,-0.5,-5.4,-2.3,-7.8,7.3,-2.0,-5.7,-6.6,-3.1,-2.2,-3.0,-17.0,-15.2,-2.3,6.7,-9.7,-7.2,-2.2,-2.9,-6.8,-3.0,-4.0,11.3,-0.0,-3.2,-10.8,-4.5,0.2,-4.1,-3.4,-2.2,-2.2,-5.0,-1.4,-2.5,-1.2,-2.7,-3.4,-5.0,-5.6,-4.1,-4.8,-2.9,-4.9,-14.1,-3.0,-8.1
2C7L50zLnx,0,48.099408,11.626449,4442190.97,2777539.08,538.9,584.6,223,7301,2.6,0.81,0.41,32.64,348.96,-0.529,-0.103,0.842,-0.5,0.1,0.31,0.2,1.1,0.2,-0.3,3.0,0.0,-2.9,-1.2,0.5,0.3,-2.8,-7.2,-5.0,4.1,0.1,5.5,-1.2,-3.1,-5.5,2.0,-1.4,-2.4,-3.8,0.4,5.1,-3.3,-1.2,-0.7,0.2,1.4,2.5,5.4,2.2,-2.3,-1.0,0.3,-5.9,2.4,-1.9,-4.0,-1.8,2.4,0.8,-0.1,-0.8,2.2,-4.8,-1.0,1.2,-1.0,1.2,0.7,-1.5,4.3,1.7,0.1,-0.4,1.5,0.7,0.6,2.7,0.5,2.4,1.2,-0.9,0.4,-5.7,-1.9,-1.4,4.7,-1.5,-0.0,-1.5,1.3,-3.6,-2.0,-2.0,0.0,-1.4,-1.3,-0.0,-1.3,-2.3,-1.4,0.5,-5.2,-5.8,0.1,2.9,-1.9,-5.5,-0.1,1.6,0.8,2.0,-0.8,-0.6,-1.3,-2.5,-0.6,1.7,-0.6,-2.5,-2.1,1.6,-1.5,-0.1,-0.2,6.0,3.1,1.8,1.8,-1.0,-0.9,-1.0,-1.0,0.3,-0.7,-0.6,-0.1,-0.2,-0.1,-1.1,0.0,4.6,-1.2,-0.0,-1.6,6.5,-0.6,-1.9,-2.9,-3.1,1.3,-3.2,-3.5,-7.6,0.0,-5.4,-9.2,-5.0,-0.5,-0.6,0.8,0.4,2.7,-5.5,-2.8,1.1,-0.8,-4.6,-2.6,-1.0,-1.6,2.0,-5.3,-5.1,-5.2,-7.3,-1.2,0.6,-3.1,-1.4,-6.0,-4.1,-4.0,-4.6,-6.1,-5.9,1.5,-3.6,-7.0,-7.4,-5.2,-3.7,-2.5,0.5,1.9,2.2,3.8,1.1,1.8,-6.0,1.2,4.1,-4.9,0.7,-4.7,-4.0,-4.3,-2.7,-4.6,-6.4,-1.9,-3.5,-4.0,-0.1,-3.9,-4.4,0.2,-2.8,3.0,1.5,0.6,0.0,-0.3,0.8,-0.7,0.0,1.3,0.7,-0.7
2C7L50zLo0,0,48.099442,11.626716,4442210.82,2777543.33,543.3,589.0,223,7304,2.0,0.88,0.36,32.64,348.96,-0.529,-0.103,0.842,-0.6,0.1,0.88,0.15,1.0,0.1,-0.3,-0.3,-1.4,-1.4,-3.9,-1.3,-0.5,-1.4,-0.1,0.7,-1.5,-0.4,1.6,-2.9,0.6,-3.3,-3.1,-2.6,-3.0,-3.6,0.4,-3.5,-2.6,-1.8,-1.0,-2.7,-1.7,-3.8,-2.2,-7.4,-6.0,-8.6,-5.6,-3.4,-6.3,-5.2,-3.5,-2.2,-2.1,-2.3,-2.2,-3.4,-1.3,-3.2,-4.7,-1.5,-3.1,-2.7,-1.8,-3.5,-1.4,0.1,-4.1,-1.3,-1.1,-0.8,-1.6,-0.0,-3.3,-3.2,-4.3,-4.2,-4.8,1.8,-3.1,-2.0,-5.9,-8.8,-9.2,-4.5,-3.5,-6.6,-6.0,-2.3,-4.5,-4.2,-4.8,-3.7,-4.6,-5.3,-5.1,-5.4,-4.6,-3.4,-3.4,-2.9,-6.2,-2.8,-1.3,-4.7,-6.1,-6.7,-8.9,-6.1,-1.9,-7.8,-7.0,-6.8,-6.6,-6.2,-6.5,-6.1,-7.2,-4.7,-7.8,-4.4,-3.8,-4.6,-5.4,-1.6,-7.1,-2.8,-9.0,-5.8,-4.1,-2.1,-1.6,-3.7,-4.8,-5.0,-3.4,-6.6,-2.7,-5.8,-7.3,-5.1,-4.7,-13.2,-4.8,-7.6,-5.7,-3.3,-9.3,-6.3,-2.7,-4.4,-4.7,-4.7,-3.1,-4.2,-3.3,-1.4,-5.8,-7.7,-6.0,-2.7,-1.9,2.2,-5.9,-2.5,-7.9,-0.3,-3.6,-7.2,-5.7,-6.9,-11.6,-7.0,-7.2,-3.7,-6.6,-6.3,-7.5,-5.1,-7.1,-6.5,-2.8,-5.5,-6.3,-5.7,-5.3,-6.0,-6.1,-6.8,-2.5,-3.6,-2.8,-4.9,-5.6,-0.9,-2.7,-4.3,-4.7,-6.5,-5.7,-5.6,-6.7,-2.3,-6.8,-4.2,-6.9,-6.8,-4.5,-3.1,-6.4,-6.8,-4.6,-5.6,-2.7,-5.0,-4.1,-5.7,-6.6,-3.1,-2.2,-2.7,-4.5,-4.9,-3.5
2C7L50zLoW,0,48.09967,11.628491,4442342.47,2777571.57,540.3,586.0,223,7336,4.0,0.7,0.5,32.65,348.96,-0.53,-0.103,0.842,0.2,0.2,-0.29,0.3,0.5,0.3,-0.3,-5.0,-10.7,-1.8,1.1,0.5,2.7,-3.1,-4.9,1.7,9.2,-0.7,6.2,1.0,-1.0,3.5,5.0,15.2,-9.7,3.3,-6.8,0.5,8.1,0.0,1.0,3.3,-3.0,-0.4,3.3,-4.6,1.6,2.0,-2.7,-3.0,2.3,3.6,0.4,2.7,-0.5,4.8,0.1,-2.4,2.9,1.5,2.4,2.1,0.9,1.5,-3.8,-2.4,0.4,-7.9,0.3,-3.7,-3.6,-1.4,-3.7,-3.1,3.3,-2.5,2.1,0.2,2.3,2.1,-1.5,1.0,6.9,-12.4,-2.8,-11.6,-2.6,-0.0,0.3,1.5,-5.2,2.8,2.2,4.6,-1.0,1.8,-11.5,3.7,3.8,0.5,-1.3,0.4,-5.3,-2.1,-2.4,-5.0,-1.0,1.4,0.8,0.4,3.7,5.8,4.1,3.7,13.9,5.9,-0.6,-7.1,0.1,-0.2,0.7,-0.1,0.2,-0.5,-1.4,-2.0,-2.2,-2.0,-1.7,-0.8,-0.0,2.2,2.0,2.8,-1.9,0.2,-7.7,2.7,0.7,3.8,-2.0,2.2,1.7,4.4,3.6,2.4,4.1,0.6,1.0,2.6,-6.3,-9.0,9.6,1.6,0.6,4.4,5.6,9.6,6.7,3.2,-2.7,3.3,3.3,0.4,3.5,2.5,-3.0,5.8,2.7,0.7,2.7,3.0,4.1,3.5,-0.2,4.7,-1.4,-6.9,-6.8,-0.9,-4.0,0.2,2.8,-0.7,-2.1,1.4,2.3,2.0,1.5,1.1,2.0,2.4,2.4,0.9,0.9,4.5,-5.7,-3.4,-2.4,-3.2,3.5,1.5,6.0,3.8,3.4,6.0,-1.3,-2.6,3.1,1.3,-2.9,4.6,-2.4,4.9,2.0,-1.6,-5.1,-0.3,-1.8,-1.5,-0.5,2.2,0.0,-2.4,0.4
2C7L50zLpW,0,48.100106,11.631885,4442594.32,2777625.61,533.4,579.1,223,7398,4.6,0.65,0.48,32.66,348.96,-0.53,-0.103,0.842,0.3,0.2,-0.43,0.35,0.8,0.3,-0.3,2.4,0.9,-2.7,-1.8,0.5,-1.8,4.4,-1.0,2.1,9.5,-0.2,18.0,-4.1,3.1,-0.3,0.5,4.8,1.0,-0.3,-0.9,0.7,-6.4,0.3,8.5,-5.1,-5.1,3.1,-0.9,4.0,-2.2,6.3,0.6,-4.4,-2.8,-3.4,-0.2,1.2,-1.0,-2.5,1.3,-0.7,-0.6,0.2,-7.3,-7.8,-2.2,-0.9,-3.2,0.8,-2.4,0.8,-2.7,-0.7,-3.1,-3.8,0.1,-2.6,-3.8,-2.9,-1.6,2.4,-0.3,0.4,0.3,10.9,3.1,-0.2,1.5,-2.0,0.8,-2.1,1.8,-2.9,-2.4,-1.4,0.3,-3.5,-1.5,-5.1,-5.2,2.5,-2.7,3.3,5.2,1.1,-5.7,2.4,5.1,4.6,5.8,1.2,5.7,5.8,1.6,-1.6,-0.9,0.9,4.6,3.4,1.6,0.2,3.7,0.7,2.3,18.6,1.8,2.1,2.8,1.1,7.5,9.7,1.5,0.6,2.5,-1.6,-4.4,-1.7,-1.6,0.8,0.2,-3.9,-1.5,1.2,1.0,-1.3,1.3,-1.6,0.9,20.0,-1.2,9.5,-3.0,0.1,8.2,0.6,-6.1,-4.8,2.3,7.3,4.4,-4.0,-5.8,-2.7,4.9,-2.4,-3.3,8.6,-4.9,6.6,9.1,9.4,-1.1,2.7,3.5,-0.5,2.9,-2.0,-1.8,-0.3,0.1,-3.8,-7.5,-2.1,1.8,-3.0,15.8,4.1,-3.8,-2.2,1.7,-0.1,-7.2,-4.0,5.7,2.5,-0.9,3.1,0.6,5.8,1.2,9.1,-1.8,-1.6,8.6,0.2,1.0,3.0,0.9,14.5,4.1,9.1,10.4,-2.7,-1.0,-4.2,2.7,-5.4,14.2,-3.6,0.4,2.1,-2.8,0.9,-5.8,-6.0,-5.0,-0.4,-2.1
2C7L50zLpk,0,48.100244,11.632963,4442674.28,2777642.74,548.3,594.0,223,7412,2.8,0.84,0.43,32.67,348.96,-0.53,-0.103,0.842,-0.3,0.1,0.38,0.21,0.2,0.2,-0.3,-0.5,-0.2,2.0,2.4,4.4,0.2,0.1,1.6,-0.7,-1.9,0.1,-2.3,0.3,-1.0,0.1,1.1,-0.7,2.7,-0.9,-0.4,-0.7,0.5,2.6,1.7,-3.5,2.0,-1.0,-7.5,-0.6,-1.2,-2.5,-3.3,-1.5,-1.1,-2.0,-1.2,2.5,-0.3,0.1,2.5,-0.3,-2.2,-3.2,1.0,-0.7,0.4,-2.0,-0.3,4.5,0.9,7.2,4.0,2.9,3.0,-0.0,-1.8,-1.6,0.4,0.8,-3.8,5.2,-0.9,-8.4,-1.1,-6.5,-11.4,-3.0,-2.9,2.0,-0.3,-9.2,-2.1,7.1,-0.2,-0.2,2.0,1.9,0.2,1.1,0.2,-2.1,-0.8,1.6,-1.0,-0.9,0.5,1.3,0.1,-1.8,-2.4,-0.1,-3.1,-2.6,-0.7,-2.8,-2.3,-1.2,1.3,0.3,-0.2,0.8,-0.3,0.1,1.1,0.2,-1.4,0.2,-2.1,1.4,-0.7,3.8,-1.6,1.6,0.7,-1.4,-0.5,-0.7,-2.8,-1.8,0.5,1.0,-0.3,-0.6,0.2,2.6,1.8,0.5,-1.8,-1.9,-1.9,1.5,-2.1,-0.3,-1.7,-0.7,2.1,-1.3,-2.7,0.6,-1.7,-5.0,-11.3,-1.2,2.5,0.1,-2.1,-9.1,-14.3,2.2,-0.7,-2.3,-0.7,-2.0,-2.6,-0.5,7.3,-3.7,-4.8,-0.2,-3.0,-0.9,0.4,1.3,-3.6,-2.3,-3.8,2.9,-4.0,-2.4,-0.2,-0.0,-3.1,-5.2,-1.2,-0.9,-1.6,-1.0,0.1,1.2,-2.6,-2.8,2.3,-5.7,-0.6,-3.9,1.2,-2.9,1.6,-0.8,-4.8,0.4,-5.5,-1.5,-4.7,-1.4,-0.5,0.7,-0.7,1.5,1.8,1.4,0.6,2.5,-0.0,2.5,-2.0,-0.5,-1.7
2C7L50zLni,0,48.099319,11.625609,4442128.6,2777527.77,538.3,584.0,223,7286,4.4,0.63,0.52,32.64,348.96,-0.529,-0.103,0.842,0.0,0.2,-0.69,0.34,0.7,0.3,-0.3,0.6,-0.3,0.1,-3.5,-3.8,-5.2,-1.5,-0.4,2.2,-1.8,-2.0,-0.6,2.7,1.2,0.7,0.7,0.4,-1.1,1.7,1.3,-0.9,1.4,0.2,1.4,1.3,3.5,2.5,-1.5,-1.2,-2.6,-9.1,-6.5,-3.3,-2.0,-3.7,-1.8,1.2,-0.9,0.9,1.9,0.7,-3.7,-2.5,-4.2,-3.6,-0.9,-0.9,0.4,1.8,-0.3,1.5,-3.0,1.4,0.3,-1.4,-2.4,-2.0,-2.3,0.7,-2.4,-3.2,-1.5,-3.0,0.7,-1.5,0.5,-1.7,-1.5,-4.2,2.0,-1.6,-1.5,-3.5,-1.8,-3.3,-4.7,-0.9,-2.8,-3.4,-1.2,0.0,-1.9,-2.5,2.7,-0.5,1.8,-2.8,-2.3,-2.1,0.2,-1.8,-4.4,-2.5,1.0,-0.9,-1.0,-3.8,1.0,-2.6,1.1,2.6,-3.9,-1.1,0.3,-2.6,-1.1,1.2,-0.0,0.6,0.3,-0.3,1.9,1.5,1.2,1.2,0.9,-1.9,-0.2,3.4,0.2,-0.9,4.5,-1.5,0.2,1.6,-0.5,-1.0,4.4,-0.4,0.2,-4.4,0.2,7.7,1.3,-6.8,-4.5,-1.8,3.0,1.9,-1.5,-0.1,-8.2,9.2,2.7,-4.0,8.2,5.1,0.2,8.0,7.5,2.0,-1.2,-13.3,-0.4,-6.6,-4.6,7.6,5.9,4.1,2.5,2.4,-11.5,7.6,-13.5,-11.5,-10.9,-8.4,-3.6,5.7,5.5,0.4,-13.8,6.4,-0.3,-9.2,-4.2,5.6,3.0,5.8,4.2,8.6,-11.7,7.2,5.7,5.6,2.0,9.4,-12.0,7.5,2.2,0.1,-2.3,0.3,5.3,-2.3,5.1,-3.1,11.5,-12.6,-5.3,-8.6,-3.3,-3.2,-3.1,-4.8,-7.4,-10.4,-12.9
2C7L50zLnp,0,48.099376,11.626058,4442161.93,2777534.91,542.6,588.3,223,7293,3.9,0.67,0.49,32.64,348.96,-0.529,-0.103,0.842,-0.5,0.2,-1.06,0.3,0.8,0.3,-0.3,1.6,-0.5,-1.7,2.5,2.7,2.4,3.2,3.5,2.0,4.1,1.4,2.1,0.6,0.3,-1.8,-1.4,-3.7,-0.3,-3.4,-0.6,-3.8,4.7,11.7,15.5,6.2,3.5,3.4,7.6,-2.0,-2.1,-3.4,-2.5,-3.0,-5.4,-4.6,-4.6,1.6,5.3,4.3,1.5,0.0,-3.3,-2.0,2.3,-1.5,-0.6,-7.8,2.2,-0.4,-3.2,0.1,-0.0,3.1,-0.5,0.1,3.8,-5.3,-1.4,-1.4,-2.6,-5.7,-1.2,8.8,-1.2,10.9,5.5,1.2,3.9,0.6,0.7,7.7,2.8,2.1,1.9,5.0,3.6,3.1,4.8,11.2,5.5,-1.0,-2.2,9.2,7.1,-1.1,3.8,8.6,0.4,2.6,1.6,-2.6,2.4,15.6,4.4,-4.4,5.6,-7.9,-8.9,7.2,3.5,7.1,5.5,2.3,7.0,6.4,5.5,3.6,6.5,5.9,11.2,0.8,6.1,2.9,3.5,8.3,-2.7,-0.7,8.1,3.6,3.4,-0.3,1.1,2.8,2.0,-1.0,-0.2,1.1,-0.7,-3.8,6.2,2.2,-0.4,7.7,2.6,-4.0,-1.9,-1.7,-1.3,5.4,7.0,9.0,-0.9,6.3,6.1,2.5,1.7,0.6,1.2,6.4,1.6,1.5,-2.3,2.6,1.0,2.9,0.7,5.9,-1.6,-1.4,-9.5,-0.6,1.0,1.8,-3.1,-3.5,0.1,-0.6,-5.2,0.2,-3.4,-5.5,-1.7,1.0,0.9,2.6,1.1,-5.2,1.7,4.2,1.5,2.1,1.7,3.5,-1.1,-0.6,3.2,-5.2,0.8,-0.4,-1.4,-4.1,1.2,0.0,-5.9,-1.8,-2.3,-1.6,-1.5,0.8,-2.1,-2.3,-3.2,1.4,0.9,-0.0,-2.8,-1.3,0.9
2C7L50zLns,0,48.099401,11.626253,4442176.39,2777538.01,544.1,589.8,223,7296,1.8,0.92,0.31,32.64,348.96,-0.529,-0.103,0.842,-0.1,0.1,0.11,0.14,0.2,0.1,-0.3,-0.2,0.1,0.1,-0.2,-1.3,-1.6,0.3,-1.5,-2.0,0.1,0.6,3.2,0.7,-1.0,-2.1,-1.3,-0.6,-3.9,-2.4,0.6,-0.6,-0.9,2.6,1.3,3.6,-0.2,0.4,-0.9,0.3,-1.7,-4.4,-3.6,-3.5,-4.0,-2.4,-1.1,0.2,-0.7,1.4,-2.4,-1.5,-1.2,-1.5,-1.9,0.7,0.6,1.4,-1.1,1.6,1.2,2.3,-1.0,0.1,0.6,-0.7,-0.6,-1.1,1.2,0.0,-0.9,-1.1,-1.1,-2.8,-2.3,-4.5,-0.8,-0.9,-1.2,-1.4,-1.9,-2.1,-2.8,-1.1,-1.2,-1.2,-0.2,-0.2,-0.1,-1.7,-1.4,-2.8,-1.1,-2.8,-0.4,1.0,-1.6,-1.0,-0.6,0.6,-1.5,-2.2,0.1,-1.4,2.4,-2.4,-3.1,-1.3,-0.7,-2.7,0.1,-0.5,-3.4,-1.1,-3.2,-3.1,-1.5,-2.4,-1.0,-2.0,-2.6,-2.7,-1.7,-1.4,-1.7,-1.2,-0.1,-2.9,-1.2,-2.8,-1.6,-3.0,-1.5,-1.9,-3.0,-1.4,-0.4,-0.9,-1.0,-1.8,-3.7,-0.1,-0.9,0.7,1.3,-1.5,-1.9,-0.9,0.2,3.0,2.5,-0.8,-1.1,-0.8,-0.4,0.4,0.2,-3.7,-0.4,1.6,-0.8,-0.1,-0.4,-0.7,-0.7,-1.5,-3.6,-0.8,-0.8,1.3,1.2,-3.6,-5.6,-0.1,-0.2,0.7,7.1,1.4,-4.8,-0.2,-1.4,-0.3,-3.4,1.7,1.2,-0.6,-1.9,-2.3,0.9,-11.6,1.6,0.3,0.9,-0.7,-0.4,-0.2,-3.1,-0.9,0.7,0.9,-3.8,-4.5,-0.9,-0.8,-3.6,-2.9,-2.0,-1.2,-0.3,-1.7,-0.6,-4.2,-0.1,0.1,-0.1,-1.4,-2.0,-0.9,0.1
2C7L50zLnt,0,48.099405,11.626286,4442178.82,2777538.54,542.9,588.6,223,7297,2.9,0.82,0.39,32.64,348.96,-0.529,-0.103,0.842,-0.1,0.1,0.52,0.22,0.1,0.2,-0.3,0.1,-2.4,-2.0,-2.4,-0.6,-1.2,-3.4,-3.5,-0.1,2.8,-2.3,0.9,-0.6,-1.0,-1.1,-1.1,7.2,-4.6,-2.2,-1.9,-3.9,-3.0,3.3,-0.5,1.4,0.2,-0.9,11.0,-2.8,-4.6,-8.0,-6.6,-4.9,-5.5,-4.8,-2.2,-1.2,-2.5,2.9,-2.3,-1.3,-1.5,-2.8,-3.2,-1.1,-1.8,1.1,-3.6,-0.2,-0.0,2.3,-1.1,-2.2,-1.6,-3.3,-4.4,-2.3,-1.9,-2.1,-3.9,-3.5,-3.2,-8.6,-5.3,-6.0,0.7,-3.2,-0.7,-6.6,-4.2,-3.8,0.6,-3.5,-3.8,-2.8,1.8,-2.1,-1.9,-3.2,-1.4,-6.7,-6.6,-3.7,-2.2,-2.1,-5.0,-2.6,-2.6,-0.5,-1.8,-3.3,-1.6,-4.4,1.3,-3.9,-4.8,-5.2,-1.2,0.0,-0.1,-3.3,-5.9,2.3,-7.9,-5.7,-4.1,-3.3,-5.1,-5.4,-1.9,1.5,-2.3,-3.1,-3.7,-2.2,-0.9,-7.7,-3.1,-4.0,-6.2,-0.3,-4.2,-3.4,-8.9,-9.7,-4.7,-2.4,-1.3,-4.2,-5.6,-4.2,-4.9,-2.8,-1.7,-1.8,-4.1,-2.6,-2.7,3.2,3.4,-1.2,-1.0,-1.9,-2.6,-1.6,-1.0,-8.2,-1.7,-0.3,-1.3,-5.2,-3.0,-1.5,-1.2,0.4,-2.0,-0.4,-2.8,-2.0,-1.9,-6.2,-9.6,-0.9,0.1,-1.9,2.8,-3.3,-12.5,-2.2,0.7,-2.6,1.2,-3.3,-0.9,-1.3,-9.1,-3.5,-2.3,10.8,-0.4,-1.2,0.1,0.9,-0.6,0.5,3.1,-1.1,0.4,-0.3,-4.0,-3.4,-1.0,-2.2,-5.9,-4.3,-6.5,-2.9,-2.8,-3.1,-1.1,-3.2,-1.4,-1.5,-1.7,-4.0,-3.5,-3.6,-4.5
2C7L50zLnz,0,48.099445,11.626591,4442201.46,2777543.4,540.5,586.2,223,7303,2.7,0.83,0.42,32.64,348.96,-0.529,-0.103,0.842,-0.2,0.1,0.15,0.21,1.2,0.2,-0.3,3.1,0.2,-0.5,-4.8,0.5,1.6,0.4,-0.0,3.0,2.1,2.1,2.9,-0.5,1.9,-10.5,11.4,2.2,-2.0,-0.9,0.0,-4.8,-1.5,-0.4,-0.7,-2.4,3.8,-9.4,0.1,-5.7,-2.6,0.7,-5.8,-4.6,-4.0,-2.4,-2.9,-3.0,-1.9,0.3,-4.4,-2.1,-0.8,-5.2,-4.0,-3.4,-3.4,-0.7,-3.1,0.1,-6.2,0.5,0.9,1.3,1.3,-1.9,0.5,0.3,-3.9,-2.2,-3.6,-3.3,-4.8,2.1,-5.2,-1.1,9.8,-3.6,5.8,-1.0,1.8,1.9,-2.4,3.8,-0.6,-4.0,-2.6,-3.5,-3.0,-3.4,-3.3,-2.2,-3.6,-1.8,-2.1,-2.4,-0.5,-2.5,-2.6,-1.2,-2.5,-3.6,-0.5,-4.7,0.7,-3.9,-4.4,-3.7,-2.6,-2.1,-3.0,-3.8,-3.3,0.1,-2.8,-2.2,-1.5,-0.9,-1.4,-2.5,-2.3,-1.9,5.3,-6.0,-2.7,-0.8,-0.3,-0.4,-2.0,-6.0,-2.7,-0.4,-1.1,2.4,-0.1,3.7,-2.2,1.9,-2.1,-5.5,-3.4,-1.0,-0.1,0.4,-0.9,-3.9,-0.5,-2.3,-0.6,-1.1,1.8,1.3,0.1,-2.5,-1.0,-1.7,0.2,3.9,-3.0,-0.0,-2.9,-0.2,-3.2,-3.4,-1.0,-1.5,-1.7,0.5,0.2,-1.2,-2.8,-3.3,-4.7,-0.6,-3.1,-6.1,-0.5,-3.9,-5.2,-3.3,-3.0,-1.9,-3.5,-1.6,-4.4,-1.6,-3.9,-6.3,-8.0,-5.5,-2.7,-0.4,1.5,-0.3,4.8,-2.2,-4.9,0.9,-4.5,1.3,-3.9,-7.8,-5.0,-0.1,-4.2,-4.8,-1.0,-1.6,-0.9,-4.7,-2.5,-0.9,-1.9,-1.9,-0.6,-1.8,2.8,-0.1,1.5
2C7L50zLp5,0,48.099935,11.630407,4442484.59,2777604.14,536.2,581.9,223,7371,3.5,0.76,0.59,32.66,348.96,-0.53,-0.103,0.842,-0.3,0.2,0.41,0.27,0.4,0.2,-0.3,4.6,4.7,-4.3,2.8,4.1,-5.0,3.8,3.8,1.2,-1.3,-1.1,-0.0,0.3,2.1,6.8,-0.5,-1.0,0.6,-3.2,-11.9,-2.7,2.4,-1.8,4.0,2.5,-3.5,1.1,0.1,-5.0,-5.6,-3.7,-2.9,-6.5,-8.6,-16.6,-2.1,-3.2,-15.4,-0.0,1.6,-6.1,-2.7,-0.7,-1.6,-1.9,-6.8,-4.1,-4.9,-0.8,-2.3,2.7,-2.0,-2.7,-5.0,-1.7,-0.6,-2.8,-3.4,-8.5,-14.2,-5.9,4.1,-0.5,-6.9,-4.9,0.1,-12.1,-0.6,-4.7,-1.9,-3.6,-1.7,-3.2,-3.6,-4.7,2.4,-4.0,-0.0,-0.5,-3.9,-4.5,-2.1,0.6,-5.1,-3.9,9.4,-1.4,0.4,-2.5,-1.6,-0.8,-7.7,-1.7,-3.3,-9.8,-7.2,-1.6,2.1,-8.7,-3.3,-5.0,6.8,4.7,-2.9,-4.4,0.4,1.3,-3.0,-2.7,-2.8,-5.8,-4.3,-1.1,-0.9,-2.9,-3.4,-6.1,-0.3,-1.6,-1.4,-1.7,-1.7,-2.4,-13.5,-2.5,1.0,-4.5,-1.8,-4.1,-3.8,-5.6,-3.9,-1.5,-5.1,-4.2,-4.7,-4.9,-1.2,-2.5,-1.2,-1.4,-4.4,-7.6,-4.6,-3.2,-3.1,0.6,-3.0,-1.5,-1.5,-7.5,-1.5,-4.4,-1.7,-1.2,-1.8,-5.0,-6.1,-1.8,-0.1,-0.3,-4.8,0.6,-3.8,-4.7,-2.2,-3.6,-4.8,-3.7,-2.4,-2.6,-3.5,-4.9,-4.1,-1.8,0.8,-0.8,-3.5,-7.9,-2.2,-4.8,-1.2,-4.4,-2.9,-3.0,-0.7,-4.3,-3.9,-2.5,0.6,-3.2,-4.6,-2.5,-1.1,-3.0,-3.8,-0.6,-4.1,-5.7,-0.0,-5.3,-6.5,-0.2,-11.2,-7.8,-2.4,1.3,-1.0
2C7L50zLpZ,0,48.100158,11.632148,4442613.73,2777631.84,538.1,583.8,223,7401,2.6,0.84,0.35,32.67,348.96,-0.53,-0.103,0.842,-0.5,0.1,0.35,0.2,0.8,0.2,-0.3,1.1,-2.0,1.1,-2.4,-1.3,-4.7,0.0,0.4,0.7,9.3,-1.2,-2.4,-1.7,-1.4,0.4,9.0,0.2,0.9,2.6,2.3,-4.7,3.8,-0.3,4.2,-0.4,7.8,1.5,1.0,1.9,3.3,-1.7,-4.7,-4.1,0.5,-4.5,0.6,2.3,0.6,-1.3,1.8,-2.1,-1.9,2.0,-3.2,-0.2,-3.4,0.4,-2.5,-1.9,-4.1,-1.6,-3.2,-3.9,-2.1,-4.3,-0.2,-3.1,-3.1,-2.0,-4.1,-3.0,0.0,-15.2,-1.4,-1.1,-3.7,-2.4,-3.0,-3.5,-3.4,-1.6,-2.6,-6.2,-3.6,1.2,1.1,-1.8,0.1,-1.4,2.3,-3.6,1.3,-2.3,-2.7,-2.3,0.3,4.4,-0.3,-0.5,0.8,-0.2,-4.5,-5.8,-0.8,-5.0,-3.3,-3.3,3.1,0.4,-2.2,-2.7,-0.5,0.6,0.0,1.9,-1.1,0.1,-0.9,0.4,-4.1,-1.8,-2.6,-4.6,0.5,-2.7,-1.6,-2.0,-5.7,-4.5,-3.9,-4.1,-2.7,-3.4,-4.7,-1.9,-0.8,-2.9,-0.9,-0.3,-2.1,-0.9,-1.4,-0.9,-0.6,-1.6,-3.8,2.4,0.7,-0.6,1.9,-3.8,-2.6,-6.5,-1.4,-2.8,1.2,-9.4,-1.6,1.9,0.2,-0.1,-2.4,0.8,-0.6,-3.2,-2.7,0.0,-4.8,-2.3,-3.5,-2.0,1.3,-5.3,-3.9,-8.9,-7.7,0.2,-4.2,-3.3,-3.3,-1.2,-0.5,-2.0,-3.8,-4.4,-3.9,-5.3,-3.9,3.0,-0.9,-2.3,-2.9,-2.2,-1.0,-2.9,0.7,-3.4,-0.0,-0.6,-3.2,-4.7,-5.0,-7.2,-0.8,-4.7,-0.5,0.5,-1.8,-2.3,-0.2,-2.8,-6.7,-4.7,-4.4,-0.9,-1.6,-4.9,-3.4
2C7L50zLpo,0,48.100267,11.632996,4442676.66,2777645.34,538.1,583.8,223,7416,3.3,0.73,0.4,32.67,348.96,-0.53,-0.103,0.842,-1.6,0.2,-1.6,0.26,1.2,0.2,-0.3,-0.2,11.6,-7.8,16.3,-6.0,0.5,16.4,0.9,-1.5,-2.5,-1.9,-2.2,-4.0,-2.4,-4.7,-3.2,2.1,-2.7,-0.6,-2.9,-1.6,-1.8,-0.4,-1.1,-0.5,-0.9,-1.2,1.3,1.2,-0.3,0.7,-6.7,-4.3,-0.5,-5.0,-0.9,5.2,1.8,9.7,0.3,2.1,0.1,-4.8,0.8,0.1,0.1,0.3,-1.2,0.4,0.6,1.8,4.0,0.9,1.2,-1.5,-0.6,-1.8,-0.4,-2.1,-2.9,-1.6,-1.2,-1.0,-1.9,-0.1,-2.4,-1.2,-4.4,-0.9,-2.0,-2.1,-1.3,-0.2,-1.3,-2.2,0.5,-2.5,-2.3,-0.9,1.3,-0.7,-0.4,1.1,4.2,3.1,1.8,2.0,1.5,0.7,0.4,1.0,1.1,-1.7,0.3,0.4,-1.1,2.4,2.3,3.5,1.8,3.4,2.9,3.9,4.6,3.4,2.9,2.6,1.9,0.1,1.6,1.4,1.9,3.3,0.5,3.3,-1.5,1.0,-0.7,-1.2,2.0,-2.4,2.2,5.1,2.6,1.5,-3.0,-2.4,-1.4,0.9,-1.4,2.9,1.2,4.7,1.5,-0.5,0.5,1.4,1.5,6.1,4.3,0.5,-0.6,0.2,2.3,-0.2,-1.1,-1.6,0.4,5.8,1.8,-1.0,-2.0,2.1,-4.4,-6.3,-2.8,-6.1,0.7,-2.4,-2.1,0.9,3.6,-5.6,-2.5,-4.6,-0.2,0.3,-4.9,-1.3,-0.9,-7.1,-9.0,-7.3,-6.7,-4.1,-1.2,-6.0,-13.3,11.8,-9.3,-10.3,-7.1,-9.3,-10.7,-9.3,-6.5,-8.2,-5.3,-4.3,-6.8,-9.2,-7.1,-9.8,-8.5,-6.0,-5.0,-4.5,-5.7,-7.2,-5.3,-6.4,-8.2,-6.8,-6.0,-7.1,-6.5,-7.4,-10.2
2C7L50zLpt,0,48.100317,11.633385,4442705.52,2777651.52,543.5,589.2,223,7421,2.6,0.82,0.38,32.67,348.96,-0.53,-0.103,0.842,-0.1,0.1,-0.54,0.2,1.3,0.2,-0.3,-0.2,-1.0,0.3,0.3,0.2,7.4,-1.0,-0.5,-1.6,2.1,3.7,5.5,-0.3,0.2,-2.4,0.8,2.1,1.3,-1.7,-0.5,2.6,1.5,3.8,1.7,0.2,2.5,0.7,1.5,2.7,-1.9,7.1,-4.0,-4.2,-0.7,-0.5,0.7,0.1,3.6,2.5,3.5,2.1,2.5,0.8,2.2,3.9,2.2,2.6,4.4,2.6,4.3,1.7,3.8,2.9,3.2,2.4,3.9,3.8,1.5,3.4,3.7,0.8,3.5,-3.7,0.4,1.3,6.0,4.4,3.0,1.0,1.1,3.5,-0.2,2.3,2.0,-3.5,1.8,2.0,3.2,3.3,1.4,1.7,3.6,2.0,4.4,3.9,2.5,3.2,5.2,1.7,-3.7,10.0,3.2,1.6,1.1,5.7,1.9,4.9,3.3,3.5,2.9,5.5,4.6,7.2,7.8,4.2,6.4,2.5,4.9,-0.8,1.3,1.5,6.5,3.8,5.7,4.5,4.8,4.9,3.1,-4.1,-2.5,1.5,-2.0,1.5,0.4,-0.9,0.4,3.2,2.9,2.3,2.3,1.2,5.0,4.1,6.0,0.7,2.9,0.4,8.5,6.5,7.0,6.6,-0.5,2.5,1.6,3.7,-1.6,1.8,-1.7,-2.0,-1.5,-1.3,0.4,-1.6,1.5,-0.8,1.1,1.7,3.2,2.3,5.5,-0.4,3.2,0.4,1.3,-0.2,4.2,1.4,-0.5,2.3,2.4,9.6,0.1,2.0,3.1,4.5,-1.1,-2.2,0.4,-4.8,0.7,-0.4,-0.0,-0.5,2.5,2.3,0.2,7.6,1.7,7.8,5.2,7.1,-2.8,5.2,5.7,6.3,4.7,1.9,2.0,4.3,3.2,3.3,1.6,-0.9,-1.8,-1.8,-1.0,-3.4,-5.7
2C7L50zLq2,0,48.100372,11.633807,4442736.82,2777658.24,538.2,583.9,223,7430,4.7,0.64,0.48,32.67,348.96,-0.53,-0.103,0.842,0.5,0.2,-0.26,0.36,1.2,0.3,-0.3,-1.2,2.8,3.2,0.5,1.0,-2.9,2.0,2.4,2.6,-0.6,4.4,3.7,0.3,6.3,5.0,4.7,4.2,1.0,1.1,-2.0,-4.4,1.1,3.3,2.7,-0.4,4.8,3.5,-0.5,-3.0,2.1,1.5,-9.1,-7.4,-5.4,-4.5,-4.5,-0.5,-1.4,-3.3,7.0,-7.0,-6.6,1.7,0.5,-4.3,7.2,-6.4,4.3,0.8,-1.9,-1.1,1.9,0.5,-1.6,-1.0,-1.6,-2.4,2.0,1.1,-1.1,0.0,-0.8,-0.2,0.8,-1.9,-4.3,-0.6,-1.1,-0.4,-0.3,-0.6,1.6,-0.4,-2.6,1.8,-2.0,-0.3,1.7,-3.7,-7.6,16.4,17.0,11.9,15.1,-6.5,17.9,13.0,1.8,-5.4,1.4,0.8,0.3,-6.8,-10.6,-4.1,-3.4,-6.4,-3.8,-0.5,0.3,0.6,3.4,4.6,-5.8,12.7,-3.7,5.6,1.8,1.3,1.5,1.4,1.0,-1.4,-2.7,-4.6,-2.3,-5.6,-2.2,-8.3,-6.8,17.5,-3.7,-5.6,3.5,9.1,11.1,-6.6,3.6,-0.5,-3.2,-4.7,4.5,16.5,5.3,4.3,4.4,3.2,0.6,6.5,6.8,4.6,3.6,3.1,2.2,0.8,1.4,2.5,-0.2,0.9,-0.0,0.7,3.1,2.4,3.5,2.4,3.9,5.8,8.9,7.6,1.6,-0.6,-4.4,4.2,0.6,-0.4,-2.9,5.1,-3.9,6.2,3.6,1.7,0.9,-1.9,-4.8,0.8,0.9,1.6,0.4,8.8,2.9,2.4,0.5,0.9,2.2,7.1,1.6,0.9,0.6,-0.4,3.0,6.4,-1.7,2.9,3.4,10.4,-4.7,-0.5,1.9,-1.6,-0.1,0.6,3.3,1.8,2.9,2.8,0.5,0.4,-0.4
2C7L50zLq3,0,48.10035,11.633635,4442724.06,2777655.53,527.1,572.8,223,7431,4.4,0.65,0.48,32.67,348.96,-0.53,-0.103,0.842,-0.2,0.2,-0.38,0.33,1.0,0.3,-0.3,-5.1,0.8,3.5,-0.6,-0.9,-4.4,3.9,-4.5,-1.5,-6.1,1.9,0.3,0.6,1.7,1.4,2.6,3.4,1.0,1.5,-4.6,0.1,1.0,5.3,1.0,-0.6,0.4,4.3,-0.2,4.8,-4.4,2.8,-4.9,-3.2,-2.3,-4.7,0.8,4.4,3.8,6.8,1.9,-1.3,-4.6,-0.1,2.0,-15.1,-6.6,0.3,1.7,4.1,0.7,2.5,3.1,3.6,3.2,1.2,4.1,6.4,4.5,4.4,5.0,4.3,3.4,-8.3,3.8,5.9,-14.0,3.7,2.9,1.3,1.2,2.8,3.9,0.2,0.2,-2.1,-3.7,0.6,1.0,0.1,-3.7,-2.7,1.7,-0.3,-15.8,1.1,10.4,8.3,7.1,-0.0,-1.7,1.8,1.6,-6.7,0.3,-4.3,-4.9,-4.7,-5.1,-3.6,-1.1,-1.7,2.4,-1.4,-3.2,0.6,-4.2,7.8,1.0,10.0,1.8,6.0,6.9,9.4,-7.4,-9.1,1.2,10.3,-0.8,8.6,4.6,-13.2,-3.9,-2.0,-0.1,11.2,9.0,0.9,7.5,4.5,-1.5,3.0,0.3,0.7,-6.1,-0.6,0.4,-0.3,2.4,-1.1,-2.4,2.2,0.6,-2.5,-0.2,-1.9,1.6,9.5,1.2,2.3,3.0,-0.3,1.4,-2.8,1.0,0.1,-0.2,-0.3,1.3,2.9,2.5,-1.5,2.5,-2.0,-4.1,-5.8,-4.6,-4.6,-5.7,2.3,0.9,-2.0,0.1,-6.2,-2.1,0.6,5.2,3.3,-2.5,-12.5,4.8,2.5,-1.4,-2.1,0.4,5.5,-3.1,-0.6,-2.3,-0.2,1.4,1.9,2.3,1.2,-3.8,-2.1,-0.5,-3.1,-2.0,-3.4,0.2,3.0,-0.1,-0.7,2.1,4.2,6.0,1.9,-10.6
2C7L50zLqG,0,48.100467,11.63455,4442791.93,2777670.07,536.5,582.2,223,7444,2.3,0.88,0.35,32.68,348.96,-0.53,-0.103,0.842,-0.6,0.1,-0.55,0.18,0.3,0.2,-0.3,0.4,-0.4,-1.2,0.1,2.7,-2.0,0.3,-0.5,2.0,-1.5,0.5,-1.5,0.9,-0.7,2.0,1.0,3.9,4.0,2.1,0.4,2.6,-0.4,1.7,-0.4,1.4,2.1,4.4,-2.1,4.6,0.1,-2.7,-4.0,-2.2,-0.4,-2.0,-2.2,2.3,-0.5,2.3,-1.9,-1.3,-1.8,-1.1,1.3,1.2,0.8,-3.3,0.6,2.4,2.8,0.5,2.1,-0.8,0.8,1.5,2.3,0.9,0.4,1.8,1.0,-0.4,-0.2,-0.7,-4.4,1.7,-1.2,3.1,-2.6,2.0,-0.9,-0.4,-0.7,-3.5,0.6,-0.1,0.7,1.3,1.2,0.4,2.7,1.4,-0.2,0.3,-1.1,1.0,2.2,1.0,0.9,2.2,2.5,8.0,-0.7,-3.4,-1.1,2.9,-1.3,-2.6,-1.2,1.2,0.4,-1.8,2.0,0.2,2.5,1.3,1.5,2.4,-1.0,-0.6,2.7,0.0,0.7,0.8,1.5,2.9,-3.0,-3.0,0.5,0.1,1.3,0.6,-1.2,-0.7,-0.4,0.9,0.3,-1.2,2.6,0.6,-1.4,1.5,-0.1,-4.6,-2.8,4.0,3.8,5.1,3.2,4.2,5.7,-1.4,-1.3,-3.1,-0.2,-0.8,0.6,-2.0,-2.2,-0.3,0.9,-3.5,-0.4,-0.8,-0.3,-1.9,-1.0,-2.0,-0.5,-2.3,-1.3,-2.3,-0.4,-2.2,-1.6,11.6,1.6,2.0,-1.6,0.0,-3.5,-7.5,-3.5,-6.2,-6.0,-3.1,-3.5,0.7,0.9,5.7,-1.0,-0.5,-0.6,-0.4,-1.3,-0.7,-0.6,-0.9,-1.8,-0.1,-2.7,1.4,-5.0,-2.8,-5.2,-6.6,-3.5,-3.8,-3.8,-4.9,-3.0,-6.4,-1.9,-3.6,-2.2,-4.6,-2.3,-0.1,0.1
2C7L50zLqY,0,48.100605,11.635623,4442871.58,2777687.15,540.1,585.8,223,7462,2.9,0.78,0.41,32.68,348.96,-0.53,-0.103,0.842,-0.6,0.2,-1.38,0.22,1.1,0.2,-0.3,0.6,-1.2,1.1,-0.5,2.7,-0.3,-0.4,1.3,1.0,4.0,0.5,4.0,0.0,-0.0,-1.5,-0.9,1.0,-4.1,0.5,-9.5,-2.2,-1.5,2.8,0.4,-0.7,-1.0,2.3,3.9,1.6,-1.3,2.8,-4.1,-2.1,-2.5,-3.5,0.2,2.5,2.2,0.8,0.1,0.2,1.7,-1.3,0.4,-2.4,1.3,2.4,0.8,-1.3,1.6,1.2,0.4,-1.5,-1.9,-0.6,-0.2,-1.3,-0.2,2.9,1.9,2.2,1.3,1.1,2.0,8.4,3.1,2.7,1.2,0.9,0.5,2.7,1.9,1.9,2.1,-0.2,-0.1,-0.9,-0.0,0.4,-1.5,-2.4,-3.6,-1.8,0.5,0.5,-11.2,0.8,8.4,8.9,-0.1,1.2,4.2,4.9,1.0,1.1,7.3,6.1,6.3,6.3,5.0,4.1,1.8,4.3,4.5,6.3,1.3,1.3,3.4,0.1,1.1,0.4,3.6,5.8,4.2,4.7,3.5,0.5,2.9,3.2,6.0,7.1,4.0,3.5,2.3,-1.7,5.8,-0.8,-0.7,-3.3,-0.1,-0.3,-0.5,1.8,4.1,-4.9,0.6,3.2,1.6,3.3,1.6,0.3,-0.2,1.5,1.4,3.1,1.9,-2.1,9.9,4.7,2.5,1.4,-0.5,-1.9,3.4,1.8,2.6,3.5,3.2,0.1,0.0,-8.6,-0.7,1.2,-7.1,-1.6,7.5,4.3,2.3,-2.6,-0.8,-4.4,-6.3,-0.6,0.6,-1.1,-1.7,0.5,0.7,0.0,0.5,-0.9,0.1,-0.8,0.9,-1.6,-0.8,-3.7,-14.9,-6.2,-5.1,-6.1,-2.4,-1.3,-2.2,-1.8,-2.5,-8.2,-4.5,1.2,-2.8,-4.4,-1.5,-3.4,-1.0,-2.8,-1.2,0.3,0.5
2C7L50zLo5,0,48.0995,11.626877,4442222.67,2777550.02,538.4,584.1,223,7309,3.0,0.79,0.42,32.64,348.96,-0.529,-0.103,0.842,0.0,0.1,-0.23,0.23,1.4,0.2,-0.3,-2.0,-2.2,-2.4,-0.7,-1.3,3.8,1.7,-0.7,-3.0,0.5,0.5,2.7,-1.6,-0.4,0.0,1.1,0.0,0.1,-1.5,-6.0,-1.4,1.6,0.5,0.6,-1.1,3.3,-3.1,5.0,-3.7,-5.8,-2.8,-6.1,-5.3,-4.5,-4.7,-0.4,-0.8,1.0,1.2,5.4,-1.2,-1.1,-1.9,-0.3,-1.2,-3.7,5.4,-2.7,-2.4,-3.3,0.3,0.5,-8.7,-3.5,0.6,0.3,-2.0,4.4,-4.1,-3.8,-0.6,3.5,-1.9,-2.1,1.7,2.7,1.2,5.5,-2.4,0.4,1.6,1.3,3.8,-1.9,-3.7,-1.2,6.1,-2.2,1.1,-1.4,13.4,-1.1,-0.5,-4.4,1.1,-2.1,1.1,-4.7,-9.7,-1.2,-3.0,0.8,-1.2,-3.8,-8.7,6.2,-12.4,-4.6,-5.4,-2.4,-1.5,-2.6,-1.3,-3.4,-4.4,0.7,-6.2,-2.2,-2.7,-8.3,-5.1,-1.7,0.7,-3.5,-1.5,2.5,2.3,0.6,1.6,-0.5,3.3,0.4,1.5,-0.4,-0.1,1.6,3.3,-1.0,-1.5,0.2,-0.4,-1.1,-9.5,2.7,-5.4,-1.2,0.1,3.4,2.1,1.3,1.5,-3.3,0.1,-3.7,2.1,1.1,4.8,4.7,1.3,1.1,0.2,-0.4,-0.1,-1.0,1.4,-1.9,-0.6,-0.6,1.9,0.7,-1.6,-4.3,2.1,0.7,-2.9,-0.2,-1.0,-7.0,-2.7,-2.7,0.1,1.5,-1.0,-0.9,0.7,3.0,-1.2,2.9,1.0,0.2,-1.3,-3.1,-7.5,0.9,-3.8,-0.4,-3.3,2.5,-0.9,-3.6,-3.5,-2.0,-0.8,-5.2,-5.1,-1.9,-2.5,2.0,-1.0,-3.5,-3.4,-2.7,-0.0,-3.3,0.6,-0.3,-0.0,2.3
2C7L50zLoV,0,48.099704,11.628463,4442340.31,2777575.25,542.2,587.9,223,7335,2.3,0.87,0.39,32.65,348.96,-0.529,-0.103,0.842,-0.2,0.1,-0.02,0.18,0.3,0.2,-0.3,-1.9,-2.0,-1.6,0.4,-0.7,2.3,-1.3,-1.2,-0.2,3.9,-0.4,1.6,0.7,0.7,3.0,5.2,-3.5,-2.7,-3.0,0.3,-0.3,-0.6,1.9,-0.9,1.5,1.1,2.4,3.6,-2.5,-1.2,0.5,-4.7,-2.8,-4.6,-2.0,-0.8,3.5,-2.6,0.3,-1.9,-2.0,-1.2,1.4,0.6,2.5,1.6,2.3,-1.7,-0.5,-1.1,-0.6,-2.0,-1.7,-1.8,-2.1,-1.6,-2.6,-0.5,-0.9,-3.9,-2.2,0.4,0.1,-1.4,-1.0,1.1,-4.0,-4.4,-2.9,-0.8,-0.6,-0.4,2.9,-2.0,-0.4,1.6,1.4,0.6,-4.5,-4.1,2.1,-0.1,0.3,-0.4,-0.4,-4.3,2.3,-3.0,-3.5,-5.5,-0.6,-1.7,-2.1,6.1,-0.8,0.6,-0.7,-4.1,-4.4,-1.5,-5.5,0.3,0.4,-0.5,1.2,1.3,2.2,-0.6,-0.0,0.3,-0.6,1.2,-0.8,-0.1,-0.4,0.1,0.2,-0.9,-0.7,-4.5,-3.8,-1.7,1.0,0.3,1.6,-1.3,2.7,2.6,0.6,-5.8,-1.6,-4.7,6.2,-2.4,-4.3,-2.5,-0.4,-0.4,1.9,1.0,-2.2,-6.9,-3.8,-2.3,-1.7,-0.8,4.8,-2.8,-2.2,-2.9,1.8,-1.6,-0.5,0.9,-0.8,1.1,-2.1,3.2,3.4,-1.3,-4.1,-4.5,-2.8,-1.9,3.1,1.6,-0.3,-4.8,0.8,-0.6,0.6,-1.4,-1.4,0.8,-1.4,-5.5,-2.0,-0.7,3.3,-1.9,-1.4,-1.9,0.0,0.4,0.4,-2.0,-0.5,-2.0,0.3,-8.7,-0.7,3.9,-0.9,-0.8,-4.4,-3.1,2.3,0.4,-2.2,-2.8,-2.9,-3.4,-4.0,-4.1,1.5,-4.5,-1.5,1.0
2C7L50zLoo,0,48.099837,11.629501,4442417.33,2777591.78,539.5,585.2,223,7354,1.9,0.91,0.33,32.65,348.96,-0.53,-0.103,0.842,-0.3,0.1,-0.23,0.15,0.5,0.1,-0.3,-1.2,0.4,-0.3,-0.6,0.2,3.0,0.9,2.8,2.3,2.7,3.6,2.3,0.3,2.8,1.4,0.7,0.4,1.1,0.2,1.7,1.1,2.8,1.2,1.5,3.0,1.7,0.3,0.5,-1.7,-2.9,-1.1,-3.7,-4.6,1.0,-1.2,-0.2,-0.1,1.8,2.7,3.1,0.0,-0.7,-0.1,-0.4,0.5,0.5,-2.4,0.6,1.7,0.5,1.4,1.8,0.6,0.4,0.1,-1.4,-1.2,-2.7,0.2,-2.1,-1.2,-0.2,-1.4,0.8,-1.3,-1.4,-2.4,-1.8,-1.3,-1.3,-2.4,-0.0,-4.5,-0.5,-0.7,0.3,2.2,2.2,2.9,1.8,2.5,2.8,2.9,3.7,4.0,-2.0,2.8,1.4,-1.5,0.5,0.0,0.7,0.1,3.7,-0.3,-1.0,0.6,-0.2,0.4,4.0,2.3,2.4,2.4,3.5,1.1,3.3,2.8,2.2,0.4,-0.1,-1.6,-0.7,-2.6,-0.8,-1.0,-1.3,-2.0,1.2,1.0,3.0,0.8,-0.3,1.0,2.1,0.8,4.0,-0.7,0.8,0.3,1.3,2.1,-0.4,2.5,0.3,-5.0,5.5,1.1,-0.6,4.3,2.0,2.2,0.2,0.1,1.0,0.0,0.0,-2.5,0.6,0.7,2.2,3.9,0.8,1.7,-0.6,-0.8,-2.0,0.5,0.3,2.2,2.1,0.7,-0.3,0.5,-2.2,-3.7,1.5,1.9,-3.6,-0.5,0.3,-1.9,0.3,-3.3,-1.3,-0.2,-2.2,-1.2,-1.1,-10.8,-2.5,-2.4,-1.5,-0.8,-1.2,-0.7,-1.4,-0.5,-1.1,0.5,-2.6,0.0,-2.2,1.3,-2.0,1.8,-1.0,-1.6,0.8,0.8,-0.8,-0.5,0.5,-1.6,-0.7,1.1,0.9,-0.3,-2.5
2C7L50zLpF,0,48.100038,11.631062,4442533.15,2777616.62,543.1,588.8,223,7381,1.7,0.92,0.3,32.66,348.96,-0.53,-0.103,0.842,-0.4,0.1,0.36,0.13,0.2,0.1,-0.3,-2.1,-0.4,-0.6,-2.0,-0.4,-1.3,-1.9,-0.9,-1.1,-2.6,-1.0,0.1,0.2,-0.9,-0.5,0.5,1.6,1.2,0.0,2.4,-1.7,-1.0,-1.9,0.6,2.3,1.1,0.5,1.1,1.1,-3.4,1.1,-4.2,-6.7,-2.7,-1.4,-2.1,-6.3,2.8,2.2,2.6,0.3,-4.3,-0.3,-0.2,1.0,-0.6,-2.5,-2.0,-1.4,-0.1,-2.7,1.0,-2.1,-0.1,0.9,-1.1,1.6,-1.6,-0.9,-0.1,-2.9,-1.2,0.0,-3.8,-1.6,0.4,-2.8,-2.6,-1.8,-3.8,-2.8,-2.2,-2.7,-3.3,-4.4,-1.6,-3.1,-3.3,-0.4,-2.2,-2.3,-1.8,-3.0,-1.7,-2.0,-1.8,-2.6,0.3,-0.8,-2.4,-3.4,-3.6,-3.5,-0.8,-5.6,-5.9,-4.0,-2.2,-3.1,-2.8,-2.4,-2.2,-0.5,-2.8,-2.1,-1.8,-1.9,-1.1,-1.0,-2.4,-0.7,-0.7,-1.7,-0.8,-1.3,-2.3,-3.1,-3.2,-3.1,-1.7,-2.2,-2.4,-3.3,-1.6,1.1,-0.2,-3.2,-3.3,-0.8,-4.6,-2.2,-1.4,-3.4,-3.1,-6.1,-3.2,-1.4,1.1,0.5,0.4,-5.2,-2.8,-2.9,-1.5,-0.7,-3.0,-7.3,-2.2,-0.0,-0.8,1.1,-3.1,-3.5,-2.4,-4.4,-2.0,-5.7,-3.0,-1.9,-2.2,-1.8,-0.6,-3.6,-2.5,-6.0,-1.3,-1.9,-3.5,-2.9,-1.9,-2.7,-2.6,-0.5,-5.1,-1.6,-1.8,-2.3,-1.8,-6.4,-2.4,-2.6,-1.6,-3.9,-4.3,-2.0,-1.2,-1.9,-4.2,-1.8,-2.3,-1.3,-0.3,-1.2,-4.2,0.4,-7.5,-5.1,-3.2,-2.3,-1.9,-2.5,-3.8,-2.5,1.1,-2.8,-2.3,-2.7,-2.9
2C7L50zLrD,0,48.100973,11.638353,4443074.06,2777732.62,560.0,605.7,223,7503,2.6,0.82,0.39,32.69,348.96,-0.53,-0.103,0.842,-0.8,0.1,-0.77,0.2,0.8,0.2,-0.3,-0.7,-4.2,-1.9,-2.4,-0.6,0.5,0.4,2.6,3.6,-3.8,3.7,4.5,1.7,2.4,7.0,6.8,8.9,6.9,2.0,7.8,1.7,4.7,6.2,5.0,2.6,3.7,3.1,2.6,2.5,4.8,5.7,2.2,2.2,0.9,-6.6,-1.5,1.8,5.5,1.1,3.2,3.6,1.2,4.6,3.6,3.7,2.2,0.8,1.2,-2.9,2.3,3.4,6.6,5.1,5.9,6.5,2.5,1.5,1.6,3.8,2.4,3.7,3.5,-3.1,-0.7,7.4,-0.1,-0.6,2.9,2.4,4.2,1.6,0.4,1.5,4.5,5.4,6.0,6.4,4.6,4.7,3.7,6.0,4.7,2.5,2.4,0.5,3.1,7.1,4.4,7.4,2.8,3.0,7.7,6.2,2.4,-2.5,4.4,7.0,9.1,9.2,8.8,4.7,6.2,5.2,3.7,5.4,5.3,2.5,1.7,1.2,3.1,2.7,2.1,2.1,8.9,1.2,1.0,1.3,2.0,3.9,2.1,3.1,1.7,1.7,2.2,3.3,4.6,-1.4,1.9,0.6,0.4,4.6,4.2,-0.2,0.5,3.8,5.5,4.4,1.1,6.0,5.0,2.0,1.4,-0.0,3.2,0.7,1.5,-3.3,6.3,6.1,6.2,-7.8,2.6,4.5,2.2,2.6,0.5,1.7,-0.3,2.8,1.1,-1.3,3.1,-1.7,-1.2,-2.0,2.0,-0.9,-1.9,1.7,1.3,0.9,0.9,0.0,-3.7,-0.0,-2.5,-3.8,-2.9,-1.7,-4.3,0.8,-3.2,-0.4,-1.5,-2.4,-0.6,-0.9,1.0,1.0,-2.5,2.6,2.8,-0.1,1.8,0.4,-1.0,2.5,-0.6,-3.3,-1.3,-0.5,-3.2,1.5,-1.7,-2.1,1.8,0.7,2.9
2C7L50zLok,0,48.09985,11.629456,4442413.92,2777593.1,548.6,594.3,223,7350,2.6,0.8,0.38,32.65,348.96,-0.53,-0.103,0.842,-0.7,0.1,-0.33,0.2,1.8,0.2,-0.3,-2.8,-1.9,-1.6,-4.7,-1.8,6.6,-1.3,-0.1,-3.9,5.8,0.3,5.0,-0.0,0.1,1.3,-0.6,-4.0,-3.1,-4.7,-1.6,-1.6,-1.7,-3.1,0.3,-3.8,-2.9,2.5,-1.0,-0.1,-3.8,-2.4,-6.1,-7.7,2.2,-7.2,-1.4,-0.8,-3.4,2.3,-0.7,-4.7,0.5,-1.0,-4.9,-4.2,-2.8,-3.5,0.5,-3.1,1.8,-1.6,0.0,-3.0,-2.0,-0.2,-1.7,-1.3,-0.2,-0.9,-1.2,-1.6,0.2,-2.5,-0.8,0.9,4.0,-2.3,0.9,-0.4,-2.3,2.1,-2.2,-3.1,-2.1,-2.2,-2.9,-2.0,-1.4,-1.9,-4.5,-2.4,-5.0,-0.5,-2.3,1.2,-4.4,-1.5,-2.0,-2.1,-3.1,-1.3,-1.3,0.5,-1.5,-0.6,2.7,-0.3,-2.8,-1.4,4.3,-4.3,-5.6,-2.6,1.0,-0.8,-3.1,-4.1,-3.2,-1.9,-3.8,-0.9,-0.6,0.4,1.1,2.2,0.7,-1.3,-0.6,1.4,0.7,1.9,1.3,0.5,-0.4,-1.9,-2.9,-6.4,-3.6,-4.3,-7.6,-3.6,-4.3,2.9,-7.4,-9.7,-7.1,-6.5,-5.7,-4.9,1.0,-2.5,-1.5,-1.5,2.0,1.8,0.5,-0.8,-0.7,-0.5,-1.3,3.8,-1.1,-0.4,-0.8,-1.5,-1.4,-1.4,-2.6,0.6,-1.0,-6.3,-8.0,-5.5,-6.7,-6.8,1.8,-5.6,-7.7,-11.7,-6.3,-11.2,-7.2,-6.8,-3.4,-4.5,4.5,0.4,0.6,3.8,-1.4,-2.2,-1.1,-4.0,-2.5,-2.2,-1.3,-4.5,-3.8,-12.9,-6.6,-7.5,-7.9,-3.5,-7.5,-6.1,-8.0,-3.5,-3.4,-1.4,-7.1,-3.1,-2.6,-1.3,-1.7,-1.3,-4.6,-3.8,-4.3
2C7L50zLqH,0,48.10052,11.634673,4442801.03,2777676.15,540.3,586.0,223,7445,3.1,0.8,0.4,32.68,348.96,-0.53,-0.103,0.842,-0.5,0.2,-0.04,0.24,0.3,0.2,-0.3,-2.8,-1.0,-7.3,-1.1,2.1,-5.0,3.6,-1.6,5.0,-4.8,2.5,-1.5,3.6,-3.9,4.2,1.9,0.1,2.4,-1.3,-1.0,0.4,1.7,-0.8,0.3,2.6,2.8,1.2,-7.9,7.1,-3.8,-4.0,-5.8,-5.1,-4.1,-3.7,-2.7,-0.2,0.5,-1.9,-1.0,14.2,-1.9,-1.9,-1.1,-0.5,-4.6,-1.0,1.4,-0.5,0.9,-0.5,-0.2,2.9,0.8,0.4,3.3,0.3,1.6,0.1,1.1,-2.5,-1.2,-4.1,-4.2,-5.1,-3.1,1.5,-3.7,-1.0,-0.6,-0.6,-3.1,-4.2,1.3,-4.4,-1.0,-1.7,-0.6,0.3,-0.6,-3.7,-2.3,-5.4,0.5,-0.9,0.6,-0.2,-0.2,-3.0,-2.2,-1.4,-2.4,-7.7,-5.1,-1.0,-3.2,-5.2,-1.1,-0.4,-0.9,2.3,-0.6,-1.2,-1.1,-0.1,0.1,-0.2,-0.5,-2.2,1.0,-1.4,-2.9,-0.8,2.5,4.5,1.4,-7.9,-0.8,-3.2,3.0,-2.4,-0.1,-3.0,-1.8,-1.9,-0.6,-3.9,-1.1,-1.7,-3.4,-1.6,-3.5,-6.6,-5.8,-0.0,-3.4,0.3,-2.3,2.6,6.6,-2.9,-1.8,1.2,7.1,0.4,0.9,-4.4,-5.5,-4.7,2.4,-8.9,-1.9,-1.3,-0.5,-2.2,-0.5,-2.3,-1.8,-1.4,-0.4,-2.0,-2.8,0.9,0.2,1.1,0.6,-10.7,-2.7,3.4,-0.5,-2.4,-2.2,-6.1,-5.8,0.7,-8.0,-1.8,-3.0,-13.0,-4.3,-1.3,-0.7,-0.1,-0.2,-3.6,-3.4,-3.2,0.1,-2.2,-1.4,0.6,-1.0,-0.9,-3.6,-1.5,-3.4,2.3,-5.6,-7.0,-2.5,-8.6,-2.8,0.3,-3.4,-7.3,-5.5,1.7,-2.9
2C7L50zcqf,0,48.099328,11.625247,4442101.63,2777528.2,537.5,583.2,224,7281,2.1,0.9,0.29,32.63,348.96,-0.529,-0.103,0.842,-0.5,0.1,-0.32,0.16,0.2,0.1,-0.3,0.6,-0.4,0.6,0.2,-1.1,0.3,1.7,0.7,-0.9,0.0,0.8,1.3,1.5,1.3,-0.4,0.4,1.4,-0.7,0.9,3.2,0.5,3.0,-0.4,-1.0,5.4,2.4,3.2,4.5,-4.0,-3.4,-5.9,-2.9,-1.9,-2.6,-4.7,-0.8,1.7,-0.9,5.7,-1.0,1.9,1.4,1.9,0.3,1.1,-0.1,1.1,-1.9,-3.4,-1.6,3.2,1.3,-0.3,-0.5,0.3,1.1,1.5,-0.2,3.3,1.3,-0.7,-1.5,0.0,-1.6,-0.3,0.7,0.4,-1.2,-1.8,0.7,0.7,0.1,0.6,1.5,-0.5,0.1,2.2,1.4,-0.2,-0.3,1.4,1.5,1.3,1.8,-0.2,2.7,-2.0,3.1,-0.7,0.9,0.2,-1.1,-2.7,3.4,0.6,1.0,-0.3,0.0,-1.4,1.3,1.9,-2.5,0.5,0.6,-0.4,0.5,0.8,0.1,1.0,0.6,-2.9,-1.8,-0.9,1.0,0.8,0.4,0.7,1.5,0.7,1.5,-0.4,3.2,0.6,0.8,0.7,1.4,-0.2,2.3,-0.3,-0.0,-2.2,-2.8,-1.6,1.8,-1.4,-0.4,0.1,2.0,1.9,5.1,0.9,-0.8,-0.9,-0.4,-1.4,-2.7,-1.1,-1.6,1.7,-0.3,-1.9,-3.3,-4.1,0.7,-2.5,-5.2,1.1,-0.3,-0.2,13.3,-3.1,-3.1,-1.1,-6.4,-2.6,2.7,-0.3,-3.5,0.6,-0.1,-2.7,-5.4,-4.7,-0.1,-0.9,-0.6,-3.1,0.0,-3.4,-0.5,-0.2,-1.6,-2.8,-3.2,-2.0,0.8,-1.3,-2.0,-2.1,-3.2,-5.0,-0.8,0.5,-6.0,-1.3,-1.5,-2.4,-2.9,-4.4,-0.1,4.0,-2.6,-2.3,-2.8,-1.5,-1.8,-2.7,-1.4
2C7L50zcrU,0,48.099722,11.62832,4442329.6,2777577.09,545.0,590.7,224,7332,3.4,0.74,0.42,32.65,348.96,-0.529,-0.103,0.842,-0.3,0.2,-0.99,0.27,0.9,0.2,-0.3,-0.8,-2.0,-0.7,-2.1,0.4,-2.7,3.3,-0.3,0.0,-0.1,0.8,-5.6,-0.9,0.5,0.3,-0.6,4.1,-2.3,8.7,1.7,6.6,5.4,4.4,7.2,6.5,5.7,5.5,10.5,1.7,2.4,-0.4,1.1,-1.6,-4.9,3.3,4.7,-3.2,2.9,11.6,6.8,6.4,1.4,5.9,4.4,6.4,1.9,2.0,2.1,4.6,5.5,3.2,6.5,7.7,4.6,3.8,4.2,6.6,3.7,5.4,-0.4,2.8,-0.2,2.4,4.4,2.9,5.4,4.6,7.1,4.5,3.0,3.7,2.3,2.7,4.3,4.4,5.8,5.6,3.5,6.3,12.7,2.9,7.6,6.9,6.0,2.4,5.5,4.5,3.7,2.2,0.1,0.3,1.9,1.4,7.1,4.7,4.7,-0.2,2.0,5.6,4.8,2.2,3.1,6.4,1.1,2.9,2.7,4.8,1.8,5.3,1.3,2.6,3.0,1.8,4.6,2.4,-10.3,9.6,6.4,3.6,1.8,6.7,7.2,-8.4,3.4,1.5,5.7,8.3,6.7,0.0,1.8,1.0,7.5,-4.0,4.8,-1.0,0.1,2.4,7.9,3.0,12.9,13.3,0.8,-1.3,3.7,3.3,2.8,1.5,1.4,7.1,2.8,3.7,5.8,5.2,4.2,5.0,4.4,3.7,6.8,3.4,1.1,3.0,-2.5,1.3,1.4,-0.5,1.3,1.2,-3.7,-0.8,-0.7,2.5,-0.2,-3.8,-2.7,-7.4,-3.5,1.9,4.1,4.0,4.9,6.9,4.3,7.4,4.8,2.2,1.3,5.6,3.4,2.7,3.7,-3.5,1.1,3.8,0.1,0.2,-0.3,1.4,0.6,1.1,-2.1,-11.2,-1.3,1.3,3.4,8.3,-1.0,3.6,-1.9
2C7L50zcre,0,48.099786,11.628816,4442366.44,2777585.0,540.5,586.2,224,7342,2.2,0.88,0.38,32.65,348.96,-0.53,-0.103,0.842,-0.9,0.1,0.61,0.17,0.7,0.1,-0.3,-2.2,1.0,-0.3,0.7,-0.7,0.3,-1.0,-1.0,-0.2,3.2,1.2,3.8,-0.3,0.7,-2.6,-0.4,-3.0,-1.2,-1.5,-0.4,-2.4,0.5,-1.0,-0.0,-0.8,-1.5,0.2,0.9,-0.9,-4.1,-2.1,-6.3,-5.2,-3.7,-0.3,-3.2,-0.4,-0.8,-0.7,-2.2,-2.3,-3.1,-2.4,-0.7,-1.2,-2.5,-0.5,-2.1,-2.2,-1.0,-1.0,-2.2,-2.5,-2.3,-2.1,-2.0,-3.6,-2.5,-2.0,-2.9,-3.0,-1.9,-1.4,-2.0,3.5,-0.8,-2.7,-2.5,-4.2,-2.2,-0.8,-4.0,-2.1,-3.5,-4.2,-3.2,-3.7,-2.9,-3.8,-3.0,-2.1,-3.2,-1.3,-2.8,-2.5,-3.6,-1.0,-3.7,-4.2,-3.6,-2.9,-2.9,-5.4,-0.3,-3.9,-3.5,-4.2,-2.6,-3.9,-1.0,-2.5,-0.2,-0.2,-2.6,-2.6,-2.2,0.1,-2.9,-2.0,-2.6,-2.6,-4.4,-3.3,-4.2,-3.1,-6.2,-9.9,-7.7,-8.4,-8.3,-9.5,-7.6,-9.1,-6.7,-5.0,-1.6,-1.4,-1.5,-2.4,-4.2,-4.6,-1.6,-3.8,-2.9,-5.2,-3.7,-1.7,-1.3,-1.7,2.6,6.5,-6.5,-4.4,-4.7,-4.5,-5.6,-6.4,-5.3,-3.9,-5.5,-0.7,-8.4,-5.8,-7.4,-8.1,-2.2,-3.1,-4.2,-3.5,-3.5,-4.6,-4.4,-3.2,-3.5,-7.4,-2.3,-4.3,-9.1,-4.2,-3.6,-3.4,-3.8,-2.6,0.6,-4.1,-5.8,-2.4,-1.7,-17.0,-4.8,-3.9,-3.5,-4.6,-3.7,-5.7,-6.0,-2.0,-4.6,-4.0,-2.3,-6.0,-3.4,-4.7,-7.7,-1.3,-2.2,-4.7,-5.5,-3.0,-3.6,-2.3,-4.5,-3.8,-6.0,-4.4,-8.5,-6.7,-4.8
2C7L50zcsF,0,48.100055,11.630913,4442521.97,2777618.36,541.6,587.3,224,7379,2.9,0.83,0.38,32.66,348.96,-0.53,-0.103,0.842,-0.4,0.1,0.3,0.22,0.5,0.2,-0.3,-0.7,-1.4,-2.6,-1.4,1.4,-1.4,-0.1,1.7,-2.0,-1.7,-0.5,0.7,0.5,-0.4,-3.6,-7.6,-0.8,3.6,-1.2,6.3,-4.4,1.1,-0.9,1.9,10.8,1.4,-1.3,2.9,1.1,-4.6,3.6,-6.0,-8.2,1.6,8.6,-0.5,-0.9,2.1,1.6,2.0,0.4,-1.4,-0.1,-2.0,1.4,-1.8,-2.7,0.3,0.1,-0.0,-1.5,-1.2,-1.4,-0.7,-0.5,-1.2,-2.9,-1.9,-1.6,0.1,0.4,-1.3,-1.5,1.0,-4.4,-0.3,-1.7,-3.2,-2.1,-1.6,-4.2,-1.5,-1.0,-3.4,-1.2,-2.3,-0.2,-0.6,-4.8,-2.6,-3.9,-6.5,-2.5,-2.8,-0.9,3.6,-3.6,-1.3,1.9,-1.0,-2.9,-1.9,1.3,-1.2,-0.2,-4.1,-0.7,-1.6,-1.6,-1.8,-3.8,1.2,-0.4,0.6,-5.5,-3.7,-0.2,-3.3,-3.1,-4.0,-5.1,-0.6,-5.0,-3.5,0.3,-2.8,11.7,-2.5,-3.3,-1.1,1.3,0.9,0.5,-1.5,-4.1,-2.6,0.2,-0.6,4.1,-5.8,-1.1,-3.8,-0.5,4.9,-3.4,-2.3,-4.4,3.7,3.1,2.5,-1.4,-1.6,-3.0,-0.7,-2.1,-1.8,6.0,-1.5,-0.9,-2.3,-3.6,-4.3,-2.5,-3.0,-5.4,-2.7,-2.6,-4.3,-0.5,-2.0,-2.3,-5.9,-4.2,-3.9,-1.7,-3.7,-1.4,-5.8,-3.0,-1.9,-1.3,0.4,-1.3,0.3,-4.5,-0.5,-3.3,-0.0,-3.9,-2.7,-2.9,-3.7,-3.7,-3.3,-2.6,6.0,-3.4,-4.3,-2.9,-4.5,-2.4,-0.8,-2.3,-5.4,-7.9,5.1,9.3,-2.5,-0.1,-3.5,-1.4,-2.9,0.3,-3.4,-4.8,1.2,-1.9,-4.1
2C7L50zcsn,0,48.100316,11.632939,4442672.33,2777650.61,545.4,591.1,224,7413,1.9,0.91,0.39,32.67,348.96,-0.53,-0.103,0.842,-0.4,0.1,0.1,0.14,0.3,0.1,-0.3,0.4,0.4,-0.1,0.6,0.8,0.2,0.2,3.1,0.7,0.3,-0.9,-1.2,-1.8,-1.6,-0.7,1.4,0.6,4.6,-2.5,0.7,-2.2,-0.9,-0.4,0.8,-3.1,2.1,1.8,-3.5,1.8,-2.2,0.5,-6.2,-5.3,-1.8,-3.2,1.0,1.9,-1.9,-3.6,-1.9,-1.9,-1.9,-1.7,1.1,-1.1,0.3,-1.5,0.2,-3.6,1.4,-1.3,0.0,-0.1,0.5,-1.6,0.0,-2.2,-0.4,-0.9,1.2,-0.0,1.4,0.1,-0.8,3.2,-1.0,-0.4,-1.3,-1.8,-3.2,-3.9,-3.8,1.4,-2.8,1.2,-2.9,-1.1,-1.5,-0.4,-1.2,-0.2,-1.7,0.5,-0.8,1.3,0.5,2.1,0.9,-0.5,-1.1,-1.6,3.4,-7.4,-0.9,-3.0,0.0,-3.8,-1.2,-0.5,-2.0,0.6,2.3,-0.1,-2.4,1.0,-1.9,0.5,-0.0,-0.7,1.9,3.9,-2.5,1.4,0.8,-2.6,-1.8,-2.9,-1.6,-2.4,-1.1,-2.7,-0.9,-0.9,-2.3,-1.0,0.5,-1.4,-1.4,-3.0,-2.0,-0.5,-2.1,2.3,0.2,-3.3,0.7,-0.1,-3.7,1.2,2.0,-1.8,4.3,-0.9,-2.2,-3.4,-2.9,0.7,-3.5,-2.1,-1.1,-1.2,-4.9,-2.8,-2.9,-1.0,-2.1,-5.2,-2.2,-2.6,-0.2,-3.3,-1.6,-0.8,-2.9,-5.6,-1.8,-1.0,-3.0,-2.3,0.0,0.9,-2.0,-7.3,-1.2,0.3,-4.1,-1.1,-1.5,-0.8,-1.3,-0.8,2.1,-3.3,-1.1,-1.5,-4.3,-1.9,0.2,-1.9,-4.1,-2.7,-5.8,-0.3,-5.1,-3.9,-1.7,0.6,-0.3,0.4,-0.8,-3.1,-2.2,-1.4,-2.5,0.4,-1.6,-0.4,-1.9
2C7L50zctG,0,48.100499,11.634368,4442778.33,2777673.37,533.7,579.4,224,7442,3.2,0.79,0.49,32.68,348.96,-0.53,-0.103,0.842,-0.5,0.2,0.27,0.24,0.8,0.2,-0.3,-0.5,-0.3,-1.9,0.4,1.2,-0.2,-1.7,0.0,-0.6,0.0,0.7,-4.2,-1.2,0.2,1.0,0.9,-2.6,-2.6,-0.1,10.3,2.2,-2.8,1.8,-4.5,-1.0,-2.5,5.8,-5.4,0.8,-5.1,-4.6,-10.4,-12.7,-10.0,-6.2,-5.4,2.8,-0.6,-2.6,2.8,3.6,-2.8,-0.5,-11.9,4.9,3.9,1.8,1.3,0.7,-2.0,1.1,-0.8,-1.3,-2.0,-0.8,1.0,-0.9,1.6,0.0,1.2,7.6,-2.1,-1.3,2.0,-3.4,-0.9,1.9,-4.8,2.1,1.0,-2.3,0.4,-2.7,-1.2,0.8,-1.8,1.0,0.2,1.4,-5.7,0.6,-0.2,-1.4,-0.4,-0.1,-4.5,-9.9,-8.1,-2.1,-5.9,-6.1,-0.8,-5.1,-8.5,-7.0,2.1,2.3,-8.8,-0.5,-3.6,-1.8,-5.7,-0.8,-1.1,-10.1,-1.4,0.1,0.8,-0.4,-2.3,-1.4,-0.5,-1.4,-0.8,-1.9,-4.8,-12.8,-3.8,0.7,-0.9,-6.0,-1.3,-1.5,-1.7,-0.4,0.9,-0.8,-0.5,-2.1,-2.6,-1.0,-2.9,-1.1,-4.8,-1.7,-0.1,1.8,-1.5,0.2,1.4,-3.4,-3.6,-4.7,-2.1,-3.7,-3.4,-2.5,-3.0,-2.6,-1.5,-3.6,-5.0,-3.7,-3.3,-2.4,-3.5,-2.7,-2.9,-2.3,-2.3,-10.3,-1.5,-1.6,-4.9,-2.8,1.2,0.0,-6.0,-5.5,-0.6,-4.3,-4.7,-3.9,0.6,-2.7,-0.7,-0.0,-1.2,-13.3,-2.2,-1.3,-3.1,-3.6,-3.7,-1.6,-2.7,-2.3,-2.5,0.3,-7.0,0.7,-2.1,-4.3,-4.3,-4.0,-3.1,-4.9,0.2,-2.2,-4.1,-2.3,-3.2,-4.6,-3.9,-2.1,-2.3,-1.7,0.9
2C7L50zcuN,0,48.101014,11.638377,4443075.72,2777737.16,538.3,584.0,224,7511,1.5,0.89,0.39,32.69,348.96,-0.53,-0.103,0.842,-0.7,0.1,-0.19,0.12,2.1,0.1,-0.3,0.2,-1.2,-0.8,-0.3,-0.3,-0.5,-0.2,0.0,-0.4,-5.0,-0.3,0.8,-1.9,-0.3,-1.4,-1.5,-1.7,-1.7,-2.9,-3.4,-1.4,-2.0,0.2,-2.5,-2.6,-1.7,-1.0,-0.2,-1.6,-4.3,-0.8,-6.3,-6.5,-5.8,-5.3,-3.7,-4.9,-3.2,-3.1,-3.2,-2.6,-1.7,-5.0,-4.4,-4.9,-3.0,-1.7,-1.9,-1.8,-2.0,-1.2,-0.2,-0.8,-1.4,-1.4,-1.1,-0.6,-0.8,-0.5,-1.0,0.1,-1.6,-6.5,0.2,-3.6,0.5,0.0,2.1,-0.7,-1.4,-0.8,-1.3,-0.2,-0.4,-2.2,-2.9,-1.9,-1.8,-3.4,-4.4,-1.7,-4.9,-3.1,-2.4,-2.2,-6.6,-3.9,-7.3,-6.2,-6.7,-7.1,-5.2,-5.1,-9.4,-5.7,-3.8,-3.1,-4.0,-3.3,-3.1,-3.8,-5.0,-3.9,-2.7,-4.8,-3.6,-3.4,-2.6,-3.9,-2.7,-4.5,-1.9,-1.7,-1.4,-1.3,-1.3,-0.7,-1.4,-1.4,-1.3,-1.9,-0.7,-0.5,-1.9,-4.1,-2.5,0.2,-2.6,-3.5,-4.7,-2.4,-5.7,-1.8,-4.6,-6.3,-7.0,-4.4,-6.1,-2.7,-1.9,-3.4,-4.7,-4.1,-3.0,-1.8,-1.9,-0.1,-1.5,-1.9,-0.8,-0.4,-0.9,-1.3,-1.1,-1.7,-0.6,-0.9,-2.1,-2.7,-4.1,-6.9,-5.0,-6.5,-9.2,-9.7,-5.5,-5.4,-10.7,-5.5,-6.0,-6.1,-5.4,-5.3,-3.9,-2.9,-2.2,-1.9,-2.1,-9.5,-2.2,-2.8,-3.0,-3.2,-3.9,-3.3,-4.5,-4.5,-6.1,-5.9,-6.2,-6.8,-6.5,-9.7,-11.0,-5.9,-7.1,-7.5,-7.5,-5.6,-6.4,-5.4,-5.5,-5.4,-4.4,-2.4,-3.8,-3.1,-3.1
2C7L50zcuO,0,48.101016,11.638395,4443077.06,2777737.45,536.4,582.1,224,7512,1.7,0.89,0.33,32.69,348.96,-0.53,-0.103,0.842,-0.7,0.1,-0.2,0.13,1.9,0.1,-0.3,0.7,-1.3,-0.2,-0.5,-0.6,-1.1,0.9,-0.6,-0.1,-5.8,0.4,0.8,-2.0,-1.1,-1.7,-2.3,-1.8,-2.5,-3.8,-4.8,-1.2,-0.9,0.6,-2.6,-1.0,-0.1,0.7,-2.2,-1.6,-4.4,-1.4,-2.7,-4.8,-2.8,-4.8,-3.3,-4.6,-2.5,-2.3,-4.7,-3.8,0.5,-3.8,-7.0,-2.1,-2.1,0.2,-2.6,-2.9,-3.1,-0.8,-0.3,-1.1,-0.9,-0.7,-0.8,-0.8,0.2,-0.1,-0.4,0.7,-1.2,-6.1,1.2,-4.6,-0.1,-0.5,0.9,-0.2,-0.6,-0.5,-0.6,-0.1,-0.3,-2.3,-2.8,-2.1,-1.4,-2.1,-4.7,-2.5,-4.9,-2.5,-0.9,-1.5,-3.4,-4.0,-8.7,-7.1,-6.3,-8.4,-4.1,-5.1,-8.7,-4.7,-3.0,-2.4,-4.5,-2.7,-3.0,-3.2,-5.2,-3.1,-1.2,-4.0,-3.6,-4.9,-2.5,-3.8,-2.8,-4.2,-0.7,-0.9,-1.8,-2.1,-1.8,-1.5,-1.7,-1.4,-0.7,-3.4,-0.4,-0.6,-2.2,-4.1,-2.0,0.7,-1.2,-3.3,-2.8,-3.7,-6.2,-0.5,-5.3,-6.0,-7.2,-2.6,-4.4,-1.7,-1.3,-2.6,-4.9,-4.4,-2.0,-0.5,-1.2,0.9,-2.0,-1.6,-1.6,0.1,-0.7,-0.9,-0.7,-1.6,0.6,-0.8,-2.5,-1.0,-4.1,-8.4,-5.7,-5.1,-8.2,-7.6,-5.2,-5.6,-7.8,-4.8,-5.4,-5.3,-5.2,-7.9,-3.3,-3.7,-2.0,-1.2,-1.6,-8.7,-2.4,-1.8,-3.2,-3.2,-3.3,-3.4,-4.2,-4.3,-5.5,-6.3,-5.9,-5.9,-6.8,-9.0,-9.8,-6.1,-7.3,-6.7,-6.4,-4.8,-6.5,-4.2,-4.1,-5.5,-4.5,-2.4,-3.4,-2.7,-3.2
2C7L50zcpQ,0,48.098821,11.621157,4441798.15,2777465.14,551.9,597.6,224,7204,4.0,0.66,0.46,32.59,348.92,-0.529,-0.104,0.843,-1.4,0.2,-0.91,0.3,1.3,0.3,-0.3,-0.6,0.2,1.1,6.2,-8.2,-2.6,0.4,4.8,4.3,7.3,1.7,0.1,-0.5,-2.7,-1.4,-1.5,-3.3,-2.0,1.8,-2.0,-0.8,0.1,-1.1,1.7,1.4,-2.4,0.1,6.6,-2.9,-3.4,-1.2,0.1,-1.6,-2.4,-5.9,-3.1,2.4,-0.5,-0.4,-2.0,-4.1,9.4,0.6,-3.9,1.2,-0.8,2.0,-8.1,-2.9,-0.5,-0.3,-0.9,-0.3,-0.3,-0.9,-1.7,7.7,-7.3,2.6,3.1,0.3,2.9,7.9,3.4,-7.2,4.5,4.9,4.4,-1.5,-1.6,3.0,2.6,2.2,-1.4,2.2,-4.0,0.6,-0.6,-3.2,-1.2,-2.2,2.0,1.6,-2.8,-0.3,-0.5,-1.2,2.4,3.1,3.7,-0.9,8.9,-12.0,-1.5,-2.9,-3.6,9.9,-0.1,-2.3,1.1,-3.8,-1.8,1.5,1.4,-1.1,2.9,1.3,-2.8,-4.0,-2.4,-4.9,-3.8,-1.7,-2.3,3.6,4.1,-4.7,0.0,0.7,6.4,6.9,3.1,-5.9,0.1,0.2,-0.5,1.6,-3.4,0.2,-1.6,-1.5,0.3,6.0,-1.5,-3.5,-5.4,-0.1,-2.7,-1.6,-5.3,-14.7,-14.7,-5.9,-4.4,-3.1,6.8,-10.2,7.2,3.0,-6.3,1.6,-0.7,-1.7,0.8,-2.1,-6.9,-2.4,-2.6,-3.4,-4.6,-2.3,-1.5,-8.0,-8.3,-2.9,-9.0,-8.2,-8.8,-2.9,-3.4,-2.4,-1.9,-1.4,-2.2,2.1,-15.7,1.7,-6.7,3.3,-5.6,-1.6,-1.9,0.6,1.0,-4.8,-7.7,-8.0,-7.7,-4.8,-4.1,-7.4,-9.3,-5.3,-7.0,-3.7,-4.0,-1.6,-2.1,-3.0,-3.3,-16.8,-15.9,-8.1,-13.1,0.5,-12.6,-10.6,-3.6
2C7L50zcpR,0,48.098815,11.621112,4441794.82,2777464.44,547.0,592.7,224,7205,3.3,0.74,0.41,32.59,348.92,-0.529,-0.104,0.843,-0.2,0.2,0.37,0.25,2.2,0.2,-0.3,-0.2,-0.8,-0.8,0.6,0.9,1.5,2.5,-0.2,1.5,-0.5,0.3,-0.6,1.5,0.9,-0.1,-2.0,-2.7,-4.5,-0.5,-3.3,-1.7,-0.9,-2.5,-1.9,-3.1,-2.3,-3.1,1.7,0.9,-2.8,-6.6,-2.9,-4.5,-5.5,-9.2,-5.8,-0.9,-4.8,-4.3,-4.1,-5.9,2.3,-3.9,-6.2,-3.8,-3.1,0.4,-0.9,-3.5,-2.5,0.9,-2.0,-1.5,-0.2,-1.8,1.3,2.7,0.7,1.8,0.3,0.3,-0.6,1.3,2.0,-10.0,1.8,3.2,-8.1,-1.4,1.5,0.5,1.4,-0.1,-1.8,-0.0,-1.1,-0.4,-3.1,-3.1,-1.6,-4.7,-1.7,-2.6,-0.6,-3.5,-1.9,-2.5,-2.7,-1.9,0.1,-3.7,4.6,2.3,-4.8,-4.0,-4.3,4.4,-1.8,-4.5,-1.6,-2.1,-3.2,-1.2,-1.3,-3.0,-2.9,-2.4,-6.0,0.6,-4.6,-4.3,-5.7,-5.0,-11.4,-0.7,0.9,-7.4,-0.1,2.5,0.2,-2.1,0.8,2.6,0.1,0.5,-1.5,1.0,-3.1,-3.1,-3.8,-5.7,-3.8,1.8,-5.8,-5.8,-6.6,-3.0,-4.2,-5.0,-4.4,3.0,2.8,-1.6,-6.4,-0.2,2.5,-2.5,1.9,2.2,2.0,-5.3,-1.5,-2.2,-1.2,-1.8,-6.1,-5.1,-6.1,0.3,-3.4,-3.1,-2.8,-6.1,-5.3,-6.9,-19.6,-9.0,-8.3,-5.4,-7.8,-6.3,-3.0,-1.2,-1.4,3.1,6.9,4.0,3.6,-13.6,2.5,-0.1,1.7,-1.5,3.1,-4.7,1.9,6.0,-4.1,1.7,-2.4,-7.4,-19.0,-5.1,-6.1,-3.6,-4.4,-2.2,-4.5,2.8,-2.4,3.9,3.0,-3.3,0.8,-1.7,3.0,3.5,-2.2
2C7L50zcqe,0,48.099343,11.625221,4442099.65,2777529.84,539.2,585.0,224,7280,3.9,0.69,0.53,32.63,348.96,-0.529,-0.103,0.842,-0.9,0.2,-0.07,0.3,0.8,0.3,-0.3,0.3,-2.2,0.4,-2.5,0.3,-1.7,0.2,-4.3,-4.6,-1.6,-0.9,0.7,1.6,1.4,1.1,0.3,-0.5,-1.8,1.1,0.7,2.0,0.3,0.4,1.3,5.5,-7.3,1.7,2.5,3.5,-11.3,-2.9,-2.2,-1.6,-0.2,-7.6,1.8,1.2,-6.8,6.1,-10.7,3.7,0.5,12.1,1.3,-0.5,0.3,-2.0,-3.6,10.9,3.8,6.5,2.0,0.1,-1.3,-2.7,5.6,2.4,-2.5,1.9,2.9,-0.3,3.4,-1.1,-2.7,-0.9,1.5,2.1,-5.3,-2.6,1.0,0.1,2.2,2.8,0.3,-1.2,-0.2,3.1,-1.9,-2.0,-1.7,-2.3,0.9,-3.4,-3.7,-5.9,-1.3,-4.8,2.0,-3.6,1.0,-9.1,-5.2,-1.9,2.5,-0.1,-0.7,-1.1,0.3,3.2,0.4,5.9,-4.1,3.3,3.6,-0.8,-0.3,-2.3,-1.8,5.2,-3.4,-5.7,-2.1,0.3,0.2,0.1,-1.0,-3.6,-4.7,-9.6,0.3,-2.1,6.8,-2.0,6.3,4.5,0.8,-1.4,1.4,-3.0,-3.5,-3.5,-0.7,-2.9,0.7,-4.0,1.5,0.3,4.3,0.1,3.8,-4.8,-3.3,-8.7,-2.5,-1.6,-6.1,-4.6,-14.0,2.0,-0.5,-1.5,-3.9,-6.1,0.0,-4.2,-4.7,-0.4,-7.5,-6.6,-6.0,-6.6,-4.8,-8.9,-9.5,-7.5,-5.4,-9.4,-2.2,1.7,1.8,-6.9,-4.4,-4.2,0.1,3.5,0.8,-9.3,0.3,-4.1,5.9,-2.6,-3.7,-5.2,-1.6,5.7,1.1,-1.6,-4.5,-5.1,-3.1,-7.0,-13.5,-3.6,-13.5,-7.1,0.2,6.8,-1.7,-2.1,0.5,-0.8,-8.3,-3.8,-3.9,-1.2,-6.7,-9.8,2.5
2C7L50zcr0,0,48.09951,11.626522,4442196.16,2777550.54,540.9,586.6,224,7302,2.6,0.86,0.38,32.64,348.96,-0.529,-0.103,0.842,-0.3,0.1,-0.07,0.2,0.4,0.2,-0.3,-0.1,-1.5,-0.4,-1.2,-1.4,0.4,-1.4,-2.8,-0.8,4.1,-1.2,12.1,1.8,-0.7,-8.6,-2.3,-0.1,-0.5,-2.1,0.4,-3.7,-1.6,-3.6,1.2,3.2,2.1,-0.8,4.9,-2.4,1.1,-1.9,-2.7,-3.1,0.6,-1.9,-1.0,-2.2,1.5,1.9,4.2,-2.2,5.8,-2.6,-1.9,1.5,-1.7,9.7,1.6,-1.5,-0.9,-2.3,-2.4,-0.7,-1.0,0.2,0.3,-0.9,0.3,-0.3,-2.5,-0.8,-0.4,-2.4,-1.7,0.3,2.7,-0.4,-3.2,-3.3,4.5,5.8,-1.0,-0.2,-1.2,-0.4,-0.4,1.3,0.6,1.1,-0.0,4.0,-1.5,0.9,-12.6,1.3,-0.7,-2.9,1.4,2.1,-1.7,0.7,-2.7,0.6,2.4,-0.2,-1.9,1.4,-4.0,-2.9,-1.1,0.3,-2.2,0.5,0.2,0.0,0.2,-1.0,-0.9,-1.1,0.5,-1.1,1.8,0.3,-0.1,1.5,-0.1,-1.4,-0.9,-2.1,-3.7,1.1,-3.3,3.2,-1.1,0.4,-0.4,1.9,0.1,-3.7,-2.0,-0.6,-2.3,-1.9,-0.6,-4.3,-0.4,-3.9,2.4,2.2,4.4,3.5,0.9,-1.8,-2.3,0.1,-1.2,4.1,-0.6,2.5,1.7,-5.2,-3.8,-4.6,-1.0,-3.2,-2.2,-0.2,-0.8,-0.7,-1.9,-1.5,-2.4,1.2,-1.4,-2.6,1.9,-3.5,-3.2,-2.0,-2.1,-1.3,-0.7,-1.6,-5.8,3.1,5.8,1.0,0.5,-10.4,0.4,-1.4,-0.2,-0.8,-0.3,-1.4,-2.4,0.6,-3.0,-0.1,-0.5,-3.6,-2.5,-1.2,-2.5,-3.6,-1.2,-2.4,0.7,-1.7,-2.4,-3.2,-4.9,1.5,-2.1,-1.3,0.2,-0.9,1.9
2C7L50zcrf,0,48.099811,11.628861,4442369.73,2777587.78,540.2,585.9,224,7343,3.2,0.76,0.44,32.65,348.96,-0.53,-0.103,0.842,-0.4,0.2,0.24,0.24,1.7,0.2,-0.3,-1.7,2.0,-0.8,3.1,-1.0,-10.2,0.2,-1.5,0.6,4.9,4.7,6.7,2.2,1.2,3.1,3.2,0.1,-1.4,1.3,1.9,-0.2,5.0,1.6,3.7,3.3,1.1,3.8,4.0,1.7,0.4,0.9,-2.4,-3.8,0.2,1.8,-1.6,2.6,7.4,-0.2,1.1,2.0,-0.8,-0.8,1.9,2.7,-0.1,-4.2,-0.2,-0.2,1.6,-0.1,-1.9,-1.3,-3.6,-1.0,-0.9,-2.7,-1.2,0.5,-3.0,-0.9,0.2,0.4,-0.9,-4.9,-2.1,-2.2,-3.5,-2.9,0.4,-3.3,-2.8,-3.3,-1.4,-1.8,-0.9,-3.0,-1.9,-0.6,-1.2,0.3,3.3,-1.5,0.3,1.5,0.9,-0.5,1.8,0.9,1.8,-1.4,-0.3,-5.4,6.0,-2.6,0.4,-5.3,-0.6,-1.3,2.0,-3.0,6.8,8.1,11.4,2.6,1.9,7.8,0.3,-11.3,-1.2,1.7,-4.8,0.3,-1.5,-5.5,1.0,-2.9,-3.4,-2.7,-3.3,-5.2,-3.6,-6.3,-3.0,0.1,5.6,-2.3,6.4,3.0,1.9,1.6,6.1,7.1,4.0,0.1,4.9,3.5,2.7,0.1,11.0,-10.3,-4.1,2.0,-0.0,-1.1,-3.1,-4.7,-2.3,5.9,-1.7,-9.8,-3.7,-2.2,-5.6,-2.0,1.4,-0.4,-0.3,5.1,-0.1,0.5,-0.4,-3.6,-3.8,-4.5,1.4,0.2,-4.6,-1.3,1.8,2.2,-0.6,-1.2,0.5,0.6,-4.6,-2.5,-0.5,-7.4,-0.6,0.3,-0.2,0.6,-1.1,-3.7,-2.6,-4.2,-1.9,-3.2,2.6,1.2,0.0,0.4,-3.9,2.1,2.0,1.3,1.8,2.5,1.1,4.0,-0.5,-1.3,-2.7,-2.4,-7.5,-2.0,-3.6
2C7L50zcsf,0,48.100268,11.632421,4442633.83,2777644.42,542.6,588.3,224,7405,2.2,0.86,0.29,32.67,348.96,-0.53,-0.103,0.842,-0.6,0.1,0.51,0.17,1.2,0.1,-0.3,-2.1,-0.0,1.1,0.2,-0.5,-1.1,-2.3,-0.2,0.4,-6.4,-1.5,-2.8,-0.3,-1.2,0.2,-0.5,-0.3,-1.7,-3.1,-0.2,-0.7,-2.8,-0.8,-0.6,-0.5,1.1,-1.2,-7.3,-1.3,-4.9,-0.2,-7.9,-7.1,-5.3,-3.9,-8.7,-3.5,-3.1,-1.4,0.1,0.1,1.8,-3.3,-1.0,-2.5,-2.5,-1.0,-0.2,-3.3,-1.0,-3.1,-0.0,-1.4,-1.2,0.4,-0.5,-2.8,0.3,0.2,2.3,1.9,-2.5,-9.6,-0.7,1.9,-2.2,-1.3,-6.2,-1.5,-1.3,0.4,-3.0,-0.1,-2.4,-3.1,-2.9,-0.7,-0.5,-2.3,-5.9,-3.4,-5.7,-2.9,1.7,-0.2,-3.3,-4.3,-7.0,-4.3,-4.8,-5.6,-5.6,-7.9,-5.4,-6.2,-4.7,-5.4,-4.7,-2.2,-6.3,-3.4,-5.7,-2.6,-1.5,-4.5,-3.2,-3.8,-7.8,-4.2,-4.6,-4.0,-7.4,-2.4,-4.0,-1.2,-5.6,-4.1,-2.8,-5.2,-4.4,-1.8,-3.6,-2.0,-2.5,-4.1,-2.3,-2.2,-4.6,-5.1,-7.5,-3.8,-5.4,-3.6,-6.0,-6.9,-6.1,-5.8,-4.9,-2.1,-2.6,-5.4,-7.0,-7.2,-4.6,-4.2,-4.7,-11.7,-3.3,-3.3,-4.9,0.2,-6.1,-3.2,-2.8,-5.2,-2.0,-5.3,-0.4,-1.0,-1.4,-5.4,-2.5,-5.7,-8.0,-8.8,-1.5,-2.9,-9.0,-5.8,-5.5,-4.3,-6.2,-3.5,0.7,-6.4,-3.4,-4.2,-1.1,7.6,-2.0,-1.6,-3.5,-4.0,-3.3,-4.3,-3.5,-3.7,-5.0,-4.9,-6.4,-5.0,-6.5,-5.8,-7.8,-3.3,-4.5,-6.4,-6.0,-4.4,-4.5,-3.0,-5.9,-5.8,-5.1,-1.7,-6.1,-3.5,-2.9
2C7L50zcsg,0,48.10027,11.632441,4442635.32,2777644.75,540.8,586.5,224,7406,1.8,0.92,0.21,32.67,348.96,-0.53,-0.103,0.842,-0.3,0.1,0.14,0.14,1.0,0.1,-0.3,-1.1,0.1,0.2,-1.1,-0.4,-2.2,0.9,0.8,-0.7,-6.5,0.0,-0.0,0.3,0.8,0.7,0.2,-0.6,-1.3,-2.6,-0.1,-1.3,-0.8,0.4,-0.2,0.5,-0.2,-0.7,-4.1,-2.2,-3.5,-0.5,-7.1,-6.1,-4.0,-5.0,-3.8,0.0,-1.0,0.6,0.4,0.3,0.9,-1.4,-1.2,-0.3,-1.0,0.4,-1.3,-0.3,-1.3,-1.7,1.2,-0.0,0.2,0.7,-0.5,0.1,0.0,0.4,0.1,0.2,-1.3,-7.3,0.5,1.3,-2.5,-1.9,-5.9,-1.0,-1.7,-0.6,-0.9,-0.6,-0.4,-1.9,-1.2,-1.3,-1.0,-2.4,-2.0,-1.8,-3.1,-2.4,-0.0,-0.3,-1.8,-1.5,-3.0,-2.9,-3.5,-3.5,-2.4,-4.0,-3.0,-3.4,-3.2,-1.5,-2.1,-1.3,-3.5,-1.5,-2.4,-1.1,-0.8,-2.0,-1.4,-1.2,-4.3,-2.3,-2.1,-1.9,-2.4,-0.9,-0.4,-0.0,-3.8,-3.3,-1.0,-1.8,-0.0,-0.2,-1.6,-0.1,-1.6,-2.0,-0.5,-1.9,-2.3,-1.7,-5.0,-2.0,-3.2,-3.3,-3.8,-4.2,-3.5,-4.2,-2.2,0.2,0.4,-3.0,-4.4,-3.4,-2.5,-1.2,-1.5,-9.4,-1.0,-1.3,-1.8,7.5,-3.4,-2.2,-1.8,-2.1,0.9,-1.5,-0.1,0.2,-0.4,-4.2,-2.7,-3.2,-4.7,-6.2,-2.1,-1.5,-6.6,-4.1,-2.8,-3.9,-4.1,-4.3,-1.5,-4.8,-1.6,-1.3,-1.5,8.8,-1.2,-1.0,-1.5,-2.2,-1.9,-1.7,-2.4,-1.9,-2.1,-2.8,-4.2,-3.4,-3.7,-4.1,-5.4,-2.9,-3.4,-2.6,-3.4,-3.3,-3.0,-1.5,-3.0,-2.7,-3.7,-0.1,-1.3,-1.7,-1.9
2C7L50zcsh,0,48.100265,11.632398,4442632.12,2777644.07,535.9,581.6,224,7407,2.8,0.82,0.36,32.67,348.96,-0.53,-0.103,0.842,0.0,0.1,0.66,0.22,1.0,0.2,-0.3,0.2,2.3,0.6,-5.2,-0.7,3.4,2.8,-0.9,0.3,-3.7,1.6,-0.1,-1.0,1.7,-2.1,-1.7,-1.4,-2.8,-3.3,-2.7,-3.7,2.5,1.2,-1.2,-0.1,-1.3,-0.6,1.5,1.2,-5.7,-0.6,-9.8,-4.7,-5.5,-4.5,-4.3,-1.0,-3.4,-1.4,-0.6,-1.5,1.5,-2.3,0.2,-1.2,-1.7,1.8,-5.8,0.3,-2.2,-1.8,-0.2,-0.9,-1.7,-1.4,-1.6,-0.4,-0.9,-0.6,-1.7,1.4,-1.4,-7.8,-1.7,10.4,-3.9,-6.8,-8.8,-4.0,-2.9,-3.3,-1.5,-0.3,-2.5,-1.6,-2.6,-2.2,-2.0,-4.3,-2.2,-2.0,-3.9,-4.9,-1.0,1.9,-2.7,-1.9,-4.7,-5.5,-3.0,-6.4,-2.6,-6.9,-3.8,-5.8,1.0,-2.8,-2.5,-5.7,-3.5,-2.7,-2.3,-4.1,-1.9,-0.5,-1.8,-4.0,-0.6,-3.4,-1.3,-2.9,-1.8,-0.4,0.8,-1.9,-5.0,-10.4,-1.4,-0.4,-0.3,3.2,-0.6,2.6,-1.2,-0.3,-3.0,1.7,-3.2,-1.5,-5.8,-0.4,-5.0,-2.6,-1.7,-3.6,-5.0,-6.6,-4.1,3.1,0.8,-0.8,-5.3,-3.1,-1.6,-1.6,-2.1,-8.4,0.4,1.1,-4.9,-8.0,-2.8,-2.7,-2.3,-1.5,-1.5,-2.2,-0.5,1.5,0.9,-4.4,-2.8,-2.1,-5.4,6.3,-5.5,-3.0,-7.0,-5.0,-0.5,3.0,-3.0,-3.9,-0.4,-3.4,-10.4,-2.4,-1.0,3.4,-0.1,1.9,-2.1,-0.3,-0.9,-1.2,-1.0,-0.7,-1.3,-2.0,-1.9,-1.7,-2.7,-4.9,-7.0,-4.1,-2.2,-3.1,-1.9,-3.6,-2.3,-3.2,-3.8,-1.2,0.0,0.6,2.5,-0.3,14.0
2C7L50zct3,0,48.100438,11.633746,4442732.16,2777665.52,540.9,586.6,224,7429,2.7,0.83,0.43,32.67,348.96,-0.53,-0.103,0.842,0.1,0.1,0.06,0.21,1.1,0.2,-0.3,1.0,0.7,0.7,0.3,1.4,-2.6,1.8,2.2,2.0,-3.7,0.7,-3.2,-0.2,0.7,-0.1,-0.7,-0.5,-0.5,-2.1,-1.2,-1.4,-0.8,0.6,-1.4,0.2,-1.0,0.7,-2.4,3.3,0.8,1.3,-1.7,-1.0,-1.0,2.2,0.1,5.7,4.3,0.9,-2.6,9.9,-4.6,2.2,-13.0,-0.0,-2.7,-9.7,-4.6,-4.7,0.3,-1.7,0.4,-2.5,-1.6,-1.8,-1.0,-0.9,-0.9,-1.4,-1.7,0.9,2.8,-0.6,0.5,0.6,-3.8,0.3,1.2,1.6,2.5,0.5,3.2,1.4,2.3,0.7,1.0,0.4,2.6,1.8,1.0,-0.6,-1.5,-2.2,-0.1,-1.0,-4.7,-0.6,4.0,-3.0,-4.2,-3.3,3.3,-4.5,-3.3,-7.4,-4.8,-3.8,-1.3,-1.0,-2.5,1.2,1.5,1.1,0.6,-1.1,-0.6,-0.4,-0.8,-1.1,-1.0,-0.2,-0.7,-0.6,-0.7,-0.8,-5.0,-3.0,-1.2,-0.0,0.9,-1.1,-0.2,-1.2,-0.5,-3.1,-2.3,2.0,2.5,-2.2,1.8,-5.8,-1.4,1.3,0.9,-2.0,-2.6,-1.9,-2.5,0.3,2.3,-0.2,0.7,-0.3,1.9,-1.4,-0.1,-1.0,-1.3,-0.6,2.4,3.0,-6.0,2.0,10.5,3.0,2.5,2.4,1.3,0.9,0.6,-5.2,-4.9,-1.0,-1.4,-8.0,1.1,2.1,0.5,-0.4,-0.6,-0.8,-4.7,-5.3,-3.3,-5.2,1.3,0.9,-1.4,-4.2,1.4,4.1,0.5,-0.3,2.2,0.7,7.5,1.2,2.3,-0.4,0.8,-4.0,-2.0,-2.8,-6.4,-2.1,1.2,-6.4,-2.1,-4.4,-2.6,-2.4,-1.4,3.7,3.0,1.4,-2.1,2.6,1.9
2C7L50zctC,0,48.100519,11.634381,4442779.26,2777675.61,545.6,591.3,224,7438,4.2,0.69,0.4,32.67,348.96,-0.53,-0.103,0.842,-0.1,0.2,-0.2,0.32,0.8,0.3,-0.3,-0.3,-2.2,-1.8,-5.4,0.1,-8.2,5.2,1.6,3.8,-3.0,0.6,12.4,0.6,-0.7,-0.5,1.9,-1.7,2.1,0.2,1.0,-1.3,-2.3,1.8,-1.3,-1.8,0.1,4.6,-5.2,2.3,0.8,-9.5,0.5,-7.0,1.3,0.5,-0.6,4.3,3.9,2.2,1.2,2.3,-3.1,3.0,0.7,0.9,-1.0,-7.7,5.6,3.8,2.2,-0.5,4.8,-0.5,-0.3,1.9,1.6,-0.0,-0.8,-0.0,-0.7,3.4,-2.9,-7.3,-2.3,-5.7,-10.7,-2.9,-8.8,-2.5,0.8,-3.9,1.8,-13.1,0.5,0.1,2.1,-7.3,7.1,0.6,-2.1,1.9,2.6,-2.5,0.2,-0.3,1.7,2.0,1.4,-5.6,-1.1,2.9,2.8,-3.0,-0.4,-1.5,-0.4,-0.5,-0.3,0.6,0.3,2.5,0.5,1.0,1.7,3.3,1.5,-1.7,0.6,-0.8,-1.2,1.6,0.2,1.0,0.3,-0.1,6.7,-3.4,-1.8,-1.0,2.1,-12.4,-5.4,2.6,-5.6,-2.0,1.3,-9.8,-2.2,-3.1,3.7,7.5,1.2,15.5,2.3,-0.6,1.4,0.7,1.5,4.4,1.8,-5.8,-2.1,-4.2,-0.4,-1.1,-1.7,-6.8,-1.1,0.9,2.8,13.5,-0.1,1.8,-3.3,-1.3,-0.9,4.1,-1.2,-1.2,-0.8,0.8,0.3,-2.3,-3.1,-4.4,1.7,6.8,-1.0,-0.2,1.2,-0.3,-2.6,-8.0,-12.4,-8.6,12.8,12.3,-3.8,8.4,0.9,0.3,-1.5,0.4,-2.2,2.3,-1.8,-6.1,1.7,2.2,0.2,-1.2,-0.8,-0.2,-4.1,-2.1,1.2,1.1,0.4,4.1,2.3,-12.0,1.5,-6.2,0.0,-10.4,-1.9,0.3,-2.1
2C7L50zcte,0,48.10071,11.635863,4442889.2,2777699.21,540.8,586.5,224,7466,2.8,0.84,0.36,32.68,348.96,-0.53,-0.103,0.842,-0.3,0.1,-0.36,0.21,0.6,0.2,-0.3,-2.2,-0.0,2.1,-1.8,0.2,-10.0,1.2,4.0,1.9,-4.8,2.9,-5.0,1.2,2.5,2.2,1.3,-0.8,0.4,-2.1,-3.0,-1.9,-2.6,1.7,-0.7,0.7,0.9,0.3,-5.8,3.0,-0.1,0.7,-2.2,-2.2,-1.4,-1.2,0.3,0.0,2.3,-2.2,1.3,-0.4,-1.0,-1.7,-0.2,-0.8,-0.6,-3.7,0.4,-1.0,0.7,0.6,1.5,-3.2,0.8,-0.3,1.3,-0.9,2.3,0.8,2.1,1.2,1.1,-2.2,0.8,3.8,-2.3,1.9,-3.4,0.5,-0.0,1.5,-0.4,0.6,-0.5,-0.9,0.1,-0.7,-1.3,1.1,-1.6,-0.5,-3.3,-4.3,-0.6,-1.2,-1.6,0.3,-1.1,-1.8,-1.2,-3.0,-1.2,0.7,-2.0,-0.3,-1.1,2.9,-0.1,1.3,-0.2,1.8,-0.7,0.1,0.3,-0.3,-1.2,1.1,2.0,-3.0,-1.8,-1.5,-1.0,-0.4,4.3,2.8,-2.4,-2.3,3.6,2.2,3.5,-10.7,0.6,1.3,-0.8,-0.5,0.7,-5.3,-1.6,-2.7,-0.5,1.8,-0.0,2.5,-1.8,-1.8,-1.3,-0.4,-1.6,1.9,1.9,-3.7,-1.3,-1.2,-0.5,2.6,2.6,0.7,2.3,1.9,1.9,-4.8,0.5,-1.4,0.0,-1.4,-0.6,1.1,1.6,-0.3,-0.3,-1.6,-0.6,-1.3,-0.4,-2.8,0.3,-0.0,-4.2,-2.9,-2.0,-0.6,-6.3,4.8,-13.8,11.0,-8.3,8.7,8.1,-10.3,0.1,-2.3,-0.7,-2.0,0.6,0.0,-3.4,-5.9,-3.7,3.1,-2.3,-2.5,-2.8,-4.8,-3.7,-2.2,-0.8,-2.8,-1.0,-0.8,-3.1,-1.9,-0.3,-1.7,0.2,-1.4,-2.8,-1.7,-3.2
2C7L50zcuM,0,48.101033,11.638384,4443076.24,2777739.33,541.7,587.4,224,7510,3.4,0.72,0.5,32.69,348.96,-0.53,-0.103,0.842,-0.9,0.2,-0.53,0.26,2.1,0.2,-0.3,0.3,-1.6,-1.1,-0.6,-0.0,-0.3,-0.8,-0.4,-1.6,-8.8,-1.1,2.6,-2.7,-1.3,-1.7,-4.2,-6.6,-4.6,-11.1,10.5,-0.8,-4.3,-0.1,-7.2,-9.3,-1.4,-3.8,4.9,-5.7,-8.8,5.8,-5.9,-3.6,-2.5,-6.2,-7.2,-3.0,6.0,-1.1,9.0,-1.7,-1.7,-7.9,-8.4,-4.7,-3.5,0.1,-4.1,-2.3,-0.1,-1.0,-1.6,-2.7,-1.6,-1.0,-2.2,0.1,-0.0,-1.1,-0.7,0.3,-2.3,-9.7,-0.6,1.1,3.0,-0.5,9.4,-2.1,-1.9,0.7,-2.2,-0.5,-0.6,-2.2,-3.5,-1.3,-0.5,-3.1,-8.1,-0.1,-4.8,-3.0,-3.3,-1.4,-8.9,-5.7,-7.8,-8.1,-6.5,-3.3,-7.4,-4.7,-10.3,-4.5,-6.2,-4.7,-5.8,-1.3,-1.4,-6.5,-7.8,-2.7,-1.4,-4.0,-1.3,-3.1,-0.2,-1.9,-2.8,-4.9,-2.2,2.6,-1.4,-2.2,-0.1,0.0,-0.8,-2.5,-1.6,-3.3,-0.1,0.0,-3.3,-4.2,-7.8,1.8,-4.0,-4.7,-6.1,0.5,-5.1,-9.4,9.1,-10.7,-9.3,-8.2,-5.5,-0.8,-0.8,-0.2,-5.1,-4.8,-3.7,-2.7,-3.4,2.7,-2.3,-2.1,-1.7,0.6,-1.5,-2.8,-1.9,-2.6,-0.2,-0.3,-0.9,-0.1,-2.6,-17.0,-6.1,-9.1,-8.7,-7.9,-3.7,-4.1,-10.6,-5.2,-4.6,-5.3,-4.2,-1.9,-1.6,-1.6,-2.4,-2.1,-3.0,-11.2,-2.8,-3.2,-2.2,-2.9,-2.3,-4.8,-2.8,-3.8,-4.6,-4.2,-5.2,-8.2,-7.2,-17.3,-11.6,-8.5,-9.8,-7.8,-10.3,-5.4,-14.8,-6.2,-5.6,-7.7,-6.0,-1.9,-5.1,-3.8,-4.8
2C7L50zcrJ,0,48.099664,11.627573,4442274.1,2777569.33,540.3,586.0,224,7321,2.4,0.84,0.32,32.64,348.96,-0.529,-0.103,0.842,-0.6,0.1,-0.06,0.18,1.8,0.2,-0.3,-0.6,-1.2,-1.1,-0.0,-0.2,-0.3,0.1,0.8,-1.9,-0.8,0.4,0.1,0.2,-2.5,-3.1,-3.7,-2.8,-3.9,-3.0,-1.7,-2.1,-1.4,-5.8,-3.0,-1.6,-2.0,-4.0,-3.7,-1.3,-6.2,-5.1,-6.3,-8.3,-7.0,-5.5,-5.0,-2.9,-5.2,-1.4,-3.6,-4.2,-4.9,-4.3,-4.3,-3.6,-2.9,-2.5,-0.4,0.0,-1.5,1.9,1.2,1.0,-3.4,-0.9,-2.2,-1.0,-1.0,-0.9,0.7,2.4,-8.2,-10.7,-0.2,-3.3,1.7,0.7,-1.9,-1.1,-4.0,-4.3,-7.9,-2.3,-0.6,-6.0,-5.5,-4.1,-3.5,-3.7,-4.9,-5.7,-1.4,-6.9,-0.8,-2.9,-3.4,-2.0,-1.9,-5.1,-4.7,-3.4,-5.1,-5.4,-3.5,-6.0,-5.3,-4.0,-2.0,-3.1,-2.8,-2.0,-4.4,-4.0,-4.1,-4.0,-3.8,-6.5,-5.3,-4.1,-5.9,-6.4,-5.6,-4.1,-1.9,-1.7,-0.3,-4.9,-0.9,0.0,0.1,-9.4,1.1,0.4,-2.5,-2.8,-2.8,-0.3,-4.2,-4.7,-3.6,-4.5,-7.1,-6.8,-3.3,-8.0,-5.8,-4.4,-4.6,-1.7,2.4,0.1,-0.6,-2.9,-4.9,0.4,-0.2,-14.2,0.4,1.6,-0.4,-3.0,-1.3,-4.9,-3.0,-4.9,-6.4,-5.0,-2.3,-4.2,-2.9,-5.3,-7.7,-7.1,-8.8,-9.1,-2.6,-5.6,-9.6,-3.6,-7.2,-5.3,-5.7,-4.9,-2.5,-2.3,-2.0,-0.9,-3.7,6.1,-1.1,-2.1,-3.1,-3.8,-3.9,-3.0,-4.7,-6.7,-5.5,-6.2,-6.9,-7.9,-5.3,-6.3,-7.6,-6.9,-7.6,-7.8,-6.5,-9.6,-2.5,-4.8,-2.0,-4.4,-4.6,-9.6,-5.0,-3.4,-3.7
2C7L50zcsw,0,48.100415,11.633424,4442708.21,2777662.45,543.3,589.0,224,7422,2.6,0.82,0.37,32.67,348.96,-0.53,-0.103,0.842,-1.0,0.1,-0.76,0.2,1.6,0.2,-0.3,-1.1,0.7,0.8,0.7,0.9,-0.6,3.2,1.2,1.5,-5.8,2.3,3.4,0.6,2.0,2.1,0.2,-0.2,-0.0,-2.1,-4.6,-3.7,-2.4,-0.3,1.6,-0.9,0.7,0.1,0.7,2.7,-3.3,-4.7,-6.9,-3.1,-2.2,-4.3,-1.7,4.4,-0.7,-0.7,0.0,0.0,-1.5,1.6,-0.9,-0.5,-0.2,0.9,-1.8,2.3,-0.4,1.9,0.5,0.0,-0.2,1.5,1.9,2.4,1.5,0.3,3.4,2.7,3.6,-3.7,3.3,7.8,2.5,3.1,1.4,5.6,4.0,1.0,2.5,1.8,1.7,1.5,1.8,2.1,2.4,3.3,-1.8,-1.3,1.7,-0.7,0.6,1.8,0.2,2.3,1.1,-1.7,-1.1,-0.4,-1.9,-2.1,-1.7,-2.1,-0.6,-2.5,0.3,2.3,-2.2,0.7,-0.9,-2.5,0.7,-2.9,1.7,-0.3,-1.2,1.8,-0.3,-1.2,1.1,0.5,1.1,4.0,-0.8,7.2,3.7,2.6,8.5,6.6,-0.9,3.0,-2.3,3.1,1.7,4.0,-1.3,-1.0,-3.2,1.0,-4.7,-3.8,-1.8,-5.3,-2.4,-3.0,-2.2,-0.4,0.0,-0.7,-3.7,-2.2,-2.7,-4.1,-4.8,-5.8,-0.7,6.0,-1.5,3.7,4.7,-2.6,-2.9,-0.2,-2.4,-13.7,-1.0,-0.5,0.1,-0.8,-5.7,-4.3,-4.9,-6.9,-3.1,-2.2,-5.0,-1.1,1.0,-1.2,-5.0,-7.5,-3.0,-5.3,-2.7,-3.8,-1.7,3.6,-3.7,-4.3,-1.8,-3.8,-4.3,-6.1,-1.9,-3.7,-0.3,-3.0,-3.9,-2.9,-2.3,-3.3,-5.2,-5.6,-2.9,-3.4,-4.9,-3.0,-2.0,-5.9,-4.2,-5.2,8.3,-4.5,-0.9,-8.9,-12.3
2C7L50zctg,0,48.100758,11.636094,4442906.28,2777704.93,546.1,591.8,224,7468,3.9,0.67,0.48,32.68,348.96,-0.53,-0.103,0.842,0.2,0.2,-0.28,0.3,0.6,0.3,-0.3,4.5,-0.4,0.7,-2.1,0.2,-2.8,-1.5,6.1,2.2,-2.4,7.2,-7.0,2.9,-7.0,-8.0,-1.8,5.9,4.4,2.2,0.3,0.3,4.8,-0.9,-1.7,-0.5,-1.7,3.1,2.1,-0.0,3.9,-11.3,-5.8,-0.5,-2.3,2.1,-2.2,2.6,-0.5,5.4,2.9,-0.5,4.5,1.8,6.8,2.8,1.8,-5.0,1.4,10.2,6.2,0.9,9.1,5.7,0.1,-0.4,8.4,-2.4,3.3,5.7,5.0,14.9,-3.0,-2.5,-0.8,-2.1,-8.7,7.4,0.8,0.6,-7.3,-1.9,6.5,8.4,6.8,0.6,10.8,3.1,5.6,5.7,-0.5,1.9,-0.0,0.1,1.1,-1.0,3.2,3.8,-6.4,5.3,6.6,1.2,-7.4,0.4,-0.7,0.8,-5.8,-0.0,2.6,1.7,1.7,1.1,1.0,3.5,1.9,2.9,3.3,5.7,4.0,3.4,2.6,6.0,4.3,5.2,6.6,4.3,6.9,-2.9,-1.9,-0.8,1.2,-0.5,3.2,-0.3,3.1,4.0,5.2,1.1,4.5,2.0,0.0,2.2,-2.9,-1.8,4.4,1.0,-1.4,2.2,0.8,6.0,2.3,3.7,-5.1,2.3,1.0,9.3,2.3,-2.9,7.4,1.9,-7.9,5.0,0.6,4.9,6.7,5.3,0.3,8.4,3.6,2.6,-7.2,0.7,3.4,1.1,1.3,-1.2,6.3,-0.2,-3.8,-0.2,-0.3,2.1,-1.0,1.1,-0.6,-4.2,-7.1,-3.0,9.7,-4.4,2.5,4.7,1.3,5.9,4.7,1.1,1.2,0.1,3.8,7.5,2.3,3.3,-1.2,6.2,0.5,5.5,4.7,1.2,-0.9,0.7,3.0,7.5,3.1,0.7,2.3,9.6,-1.7,2.6,-0.5
2C7L50zcuJ,0,48.101009,11.638046,4443051.08,2777736.02,534.7,580.4,224,7507,1.6,0.91,0.31,32.69,348.96,-0.53,-0.103,0.842,-1.0,0.1,-0.79,0.12,1.3,0.1,-0.3,-0.4,0.8,0.1,1.1,-1.6,1.4,0.5,1.9,0.6,3.3,1.0,1.7,-1.7,-0.1,0.2,-0.0,1.2,-1.4,0.1,-3.6,-0.8,0.1,1.2,0.7,2.4,1.9,0.0,0.3,-1.7,-4.0,0.2,-4.3,-4.3,-5.7,-3.9,1.3,-2.4,-0.1,0.0,-0.7,1.9,-1.1,-0.6,-0.8,-0.7,0.9,-3.0,-1.9,-0.7,-2.3,0.1,-0.3,1.3,0.3,-0.8,1.4,0.8,-0.9,0.1,1.2,1.1,-0.4,1.1,1.2,-0.7,-0.0,0.0,3.5,0.5,2.1,1.3,1.0,3.5,1.2,2.0,1.1,1.4,-0.7,-1.2,3.1,2.4,-0.6,1.3,-0.2,1.1,-1.7,1.5,-0.8,0.4,-1.1,-4.1,-1.5,-3.0,-2.8,-2.8,0.3,0.5,1.0,2.0,-0.3,-0.9,-0.4,-1.9,1.2,-1.3,-2.0,-0.5,-2.4,-2.3,-1.0,-1.1,1.3,-0.8,0.6,-0.7,0.0,-0.8,1.3,0.8,-0.4,2.8,1.7,2.2,1.1,-1.6,-1.0,0.6,0.7,0.6,-1.3,-1.1,-2.8,1.1,-0.9,-2.5,-3.7,-0.7,-2.2,3.0,1.8,-3.1,-3.8,0.0,-2.1,-0.4,-0.8,-0.6,-2.1,-3.9,-3.3,-3.2,-0.6,-1.8,1.1,-3.2,-1.3,-1.0,-1.7,-1.2,-1.7,-2.5,-3.2,-3.0,-7.1,-5.6,-3.2,-6.2,-7.4,-3.1,-2.0,-3.1,-0.8,-5.4,-2.1,-2.7,-1.8,-1.7,-3.2,-1.8,-2.4,-2.3,-3.8,-3.9,-3.1,-2.6,-1.3,-2.2,-0.6,-3.2,-6.7,-6.0,-5.4,-5.6,-8.0,-5.1,-12.4,-8.3,-6.0,-5.3,-5.5,-7.4,-4.4,-5.5,-4.0,-3.1,-4.1,-3.1,-4.4
2C7L50zcuK,0,48.101011,11.638068,4443052.75,2777736.38,533.0,578.7,224,7508,3.3,0.74,0.42,32.69,348.96,-0.53,-0.103,0.842,-0.7,0.2,-1.2,0.26,0.9,0.2,-0.3,0.1,-0.1,-3.5,1.2,-2.9,-2.5,-0.9,-4.0,-0.1,11.1,-2.6,4.2,-2.2,1.7,2.2,3.6,2.9,0.7,-4.3,-4.0,-2.7,-1.6,4.7,-7.9,13.5,4.1,2.2,7.2,-0.5,-3.0,0.6,-4.9,-2.1,-3.8,-1.4,15.0,2.4,4.2,-1.8,7.5,4.1,1.9,6.3,6.1,1.0,1.4,-1.5,3.7,-1.7,6.2,5.3,4.1,6.4,4.5,5.2,6.0,5.2,1.2,4.7,6.2,4.2,1.7,3.9,9.7,2.2,7.8,5.7,8.7,3.3,3.3,5.7,2.1,0.5,3.1,4.7,3.6,2.3,3.7,2.3,4.8,0.7,1.3,3.2,7.6,6.5,-1.3,6.2,4.5,8.5,0.7,-8.3,5.6,1.2,-1.5,-4.3,4.8,2.5,3.5,2.3,2.9,-1.2,4.0,2.1,3.7,2.7,-2.5,3.0,1.6,1.6,5.0,2.5,5.3,1.4,5.4,3.2,0.4,0.9,0.1,1.6,2.7,6.4,3.4,4.4,5.5,-2.0,0.7,5.5,5.2,15.1,-3.4,3.5,-0.5,2.5,3.3,-0.8,0.2,0.1,0.9,5.2,6.9,0.4,-3.3,-0.4,2.6,2.7,2.1,4.4,1.8,3.6,1.1,2.3,-1.1,-0.6,4.2,1.6,3.4,3.7,-0.1,3.5,4.3,0.2,-1.8,-1.7,-3.3,-2.7,-0.1,0.8,-4.9,-0.2,0.6,3.1,0.7,-3.5,0.7,1.6,0.8,-1.1,-1.9,5.6,-1.6,0.3,-2.9,-4.9,-0.9,-0.4,2.5,6.4,-0.1,0.3,-2.2,-3.0,-2.8,-3.6,-4.9,-1.1,-4.9,-2.5,-0.2,-0.9,-2.2,-1.9,-2.7,-0.8,-0.2,-0.9,0.5,-0.4,0.0
2C7L50zcrQ,0,48.099738,11.628004,4442306.03,2777578.25,540.9,586.6,224,7328,4.1,0.68,0.44,32.65,348.96,-0.529,-0.103,0.842,-0.7,0.2,-0.46,0.31,0.6,0.3,-0.3,-1.3,-2.8,4.1,-1.7,-0.2,1.1,0.5,-0.3,0.2,2.1,1.6,-1.5,1.8,-0.3,-0.2,0.6,1.7,-3.0,-3.2,3.0,2.5,2.0,-7.4,11.3,11.3,-1.8,-0.5,0.9,-1.7,-2.6,-12.3,-4.7,-8.1,-2.4,5.1,-5.5,-0.4,-0.1,5.1,-0.2,-0.5,2.2,2.9,-0.2,5.9,-0.8,12.3,-2.9,-2.3,-0.8,11.3,1.8,2.0,0.6,2.0,1.8,-1.8,0.4,-2.2,-0.8,-1.2,1.3,-6.9,0.1,5.6,4.0,1.8,1.0,-1.6,1.0,-0.5,-0.3,1.7,-2.6,-1.0,1.5,1.9,3.2,4.1,-0.3,0.9,-1.3,2.5,1.6,-2.0,-2.1,-2.6,-2.1,-0.9,-11.0,2.7,-0.0,-3.5,3.3,-3.5,4.6,-4.8,-0.3,0.7,4.5,-8.9,-1.9,-5.4,-4.1,16.0,5.3,4.7,-0.9,3.8,2.7,2.7,-0.6,-2.7,0.1,1.9,-2.3,-1.5,-2.4,-3.0,-1.8,11.1,-1.4,1.0,1.4,-3.7,3.0,1.3,0.0,-3.6,-0.2,-0.7,1.4,3.4,7.9,-0.4,-5.3,-8.2,1.1,4.5,4.7,0.6,-3.1,-4.5,3.6,-0.4,0.8,-7.1,0.3,4.5,3.8,9.7,-7.0,-5.5,-2.1,-0.1,4.8,0.4,-3.4,-1.7,-0.5,-2.5,2.0,-2.1,-1.7,4.4,-4.3,2.3,-11.1,-4.0,-5.6,-1.8,-4.4,-9.8,-7.1,-9.6,0.2,-7.2,-2.7,8.5,-3.4,-1.2,-3.6,-1.7,-5.1,-5.0,-2.0,-5.2,-1.2,-2.4,-3.6,-10.2,-6.9,1.2,-2.8,1.9,-1.0,3.5,-6.4,-3.5,-5.0,-7.3,-2.8,1.1,2.1,-5.1,1.5,-2.9,-0.9
2C7L50zcrg,0,48.099844,11.628835,4442367.67,2777591.49,536.7,582.4,224,7344,2.3,0.88,0.41,32.65,348.96,-0.53,-0.103,0.842,-0.3,0.1,-0.06,0.18,0.5,0.2,-0.3,-0.1,2.3,0.4,1.0,0.4,0.2,1.0,0.1,-0.4,-2.2,-1.1,0.9,2.7,1.5,3.7,3.6,1.7,0.3,-2.2,2.9,-0.5,0.7,0.2,2.1,3.3,0.8,-0.6,-1.3,-0.3,-0.1,-1.8,-3.2,-3.9,1.8,2.8,-2.0,1.7,-0.5,1.9,1.3,0.0,0.3,-1.2,0.1,0.6,1.2,-2.1,0.3,-0.4,-0.7,0.3,-0.4,-1.1,-1.7,-1.0,1.4,-1.0,-1.2,-0.8,-1.5,-0.2,1.0,1.9,-1.7,-0.0,0.7,0.5,-1.9,-0.5,0.9,-3.6,-1.6,-2.4,-0.2,-1.2,-0.3,0.4,-1.1,2.0,-1.3,-1.1,-2.1,-1.1,0.4,2.9,0.1,-1.9,5.8,3.9,0.7,-0.0,0.5,-2.8,5.3,3.2,-2.6,1.6,4.6,0.5,3.3,-1.6,0.6,0.8,-1.1,0.5,-0.9,-2.9,-0.4,-3.1,-0.6,-1.7,-1.2,0.9,-4.9,-1.9,1.8,-0.4,-1.1,-2.0,2.6,-0.7,3.3,-1.8,-3.6,-1.1,3.2,-3.1,0.8,3.7,-3.6,-1.1,1.1,11.1,1.3,3.0,5.2,-4.6,1.3,0.2,-3.6,-0.3,-2.7,4.6,-2.5,1.6,-3.4,-0.8,-8.2,2.6,4.9,3.3,1.7,-0.7,-3.8,-3.7,-1.4,-0.8,-0.4,-0.1,-1.8,0.6,-1.1,-0.6,-3.6,-6.2,-3.1,-3.6,-2.4,-3.8,-0.4,1.1,-2.3,-3.2,-2.8,0.4,-2.7,1.3,-0.8,-0.5,-0.2,1.1,-2.5,-0.1,-0.1,-0.4,3.2,4.4,-0.9,-1.6,-3.3,1.4,-3.2,-3.0,0.7,2.7,-1.6,-2.7,2.2,-5.4,-1.6,-2.0,-1.0,-1.8,-2.4,-2.0,-4.7,-0.3,0.2
2C7L50zcrp,0,48.099905,11.629311,4442402.98,2777599.06,534.9,580.6,224,7353,4.5,0.66,0.61,32.65,348.96,-0.53,-0.103,0.842,0.3,0.2,-0.69,0.34,1.1,0.3,-0.3,1.2,1.7,2.1,5.4,3.9,3.8,4.0,2.1,2.7,3.7,2.5,3.7,3.4,1.0,4.6,3.0,9.0,0.1,0.7,2.2,0.4,1.3,-0.0,2.6,2.2,0.9,0.2,2.6,1.7,-4.2,2.8,-6.4,-4.1,-1.5,-0.2,5.3,5.3,-2.9,2.4,-1.5,0.5,-3.4,2.0,3.3,3.9,1.6,0.6,0.6,1.7,0.7,1.6,0.9,3.4,3.9,8.4,3.6,8.2,3.4,0.9,1.2,0.9,-0.1,5.0,2.6,7.3,3.0,0.2,3.4,0.9,1.8,-1.5,1.6,-1.8,1.1,1.4,0.0,2.1,1.5,-4.2,2.0,0.2,2.2,1.5,2.2,-0.8,8.7,17.6,16.3,12.9,-4.3,19.4,21.1,4.1,14.8,-4.9,-1.9,11.7,0.1,-2.1,0.1,5.9,6.0,-1.6,3.6,-2.3,7.4,3.7,10.1,6.6,6.3,5.2,6.9,2.5,1.8,1.7,3.6,2.6,2.4,7.0,0.3,5.0,2.1,17.8,0.9,-0.5,8.2,5.0,4.0,6.9,6.7,8.0,9.0,-0.3,6.5,6.4,9.7,6.2,-2.8,10.1,7.7,3.6,-0.3,2.0,2.7,5.2,2.8,3.7,1.4,5.1,2.8,-2.6,-3.5,-1.6,2.2,7.2,-0.6,0.9,0.2,0.6,9.4,5.2,8.4,-1.1,0.9,1.2,1.0,4.5,4.4,4.1,4.4,5.6,0.3,2.3,2.6,0.9,0.2,-1.9,0.0,4.3,-1.1,0.1,-1.4,-0.6,-1.1,-2.5,18.5,6.3,8.7,9.6,4.8,9.5,1.2,8.5,1.5,10.3,20.1,5.0,7.7,-2.8,4.8,-2.5,-4.4,2.6,2.8,4.8,-3.9,0.7,-2.2
2C7L50zcsU,0,48.100226,11.631808,4442588.28,2777638.8,542.2,587.9,224,7394,3.3,0.74,0.46,32.66,348.96,-0.53,-0.103,0.842,-0.3,0.2,1.2,0.25,0.9,0.2,-0.3,-1.3,-0.8,-1.2,-2.2,0.2,-2.7,-2.1,-0.5,0.2,-5.2,-0.7,0.3,-0.8,-1.0,0.4,-3.6,4.4,2.8,0.1,2.0,-0.3,0.5,-1.5,-1.0,1.0,3.2,0.6,4.2,2.0,-3.1,-2.0,-8.2,-6.9,-4.9,-7.3,-6.3,-1.2,-2.4,-2.4,0.4,-1.3,0.8,-0.1,-0.4,-1.9,-0.7,-2.9,-1.6,-2.0,-1.9,-3.4,-0.8,-0.7,-2.3,-3.4,-1.7,-1.3,2.8,-1.6,-3.3,-5.3,-2.8,-9.2,-3.5,-3.4,-1.7,-1.6,-4.9,-2.0,-4.1,-7.3,-4.6,-1.8,-3.8,-6.7,-5.2,-5.6,-3.3,-6.2,-8.0,-3.4,-3.7,-1.2,-2.5,-2.9,0.4,-2.3,-3.2,-2.9,-2.0,-1.8,-3.7,-4.9,-3.1,-12.4,-5.8,-7.1,-2.1,-8.5,-1.6,-3.6,-4.5,1.1,-0.0,-6.1,-8.5,-4.3,-5.4,-7.8,-9.7,-11.1,-5.6,-8.9,-6.5,-8.1,-3.5,-3.7,-6.2,-4.5,-10.0,-4.2,-7.4,-5.9,-6.3,-5.3,-2.8,-3.9,-5.7,-4.7,-3.8,-3.2,-5.3,-6.9,-3.3,-3.5,2.3,-6.3,-5.4,-3.9,-1.1,-3.2,-3.5,-10.0,-7.1,-7.4,-7.7,-7.3,-13.4,-13.2,5.6,-4.8,-6.8,-15.4,6.2,3.7,2.2,0.8,0.6,0.6,-3.3,-0.0,-4.5,-9.1,-3.7,-10.7,-3.8,0.2,-6.2,-2.9,-5.9,-5.4,-5.0,-4.2,-3.1,-5.6,5.1,-7.0,-5.0,5.6,-3.5,2.4,-2.6,-0.8,-2.3,-3.3,2.0,-2.6,-3.4,-1.3,-5.3,-5.1,-4.0,-4.8,-2.3,0.4,-3.5,-1.4,-6.0,-3.7,-3.6,-5.3,-7.0,-4.9,-5.5,-7.6,-7.4,-4.5,6.2
2C7L50zcsd,0,48.100281,11.632233,4442619.83,2777645.57,540.4,586.1,224,7403,3.0,0.81,0.38,32.67,348.96,-0.53,-0.103,0.842,-0.4,0.1,-0.29,0.23,0.9,0.2,-0.3,2.5,1.7,4.3,3.4,3.8,0.3,3.9,1.9,2.3,-11.9,3.0,1.5,2.6,1.8,2.9,2.9,1.6,1.2,-1.6,1.5,0.6,3.9,1.2,2.7,0.7,2.8,3.0,0.9,2.5,3.4,1.7,-3.7,-5.8,-3.0,-3.8,-4.6,6.2,4.2,3.8,4.5,-0.6,0.2,1.5,-0.4,-1.3,0.9,0.9,1.2,0.5,1.1,0.8,0.8,-0.1,-1.5,-2.4,0.9,-2.5,0.0,-0.4,2.3,0.8,-0.9,-8.1,3.6,-13.6,1.0,1.5,-0.9,0.4,1.7,-0.0,2.3,2.9,1.2,2.9,5.0,1.1,2.9,1.2,3.0,1.8,3.8,1.4,2.7,3.1,0.9,4.7,2.4,0.1,1.8,0.4,-0.5,1.6,2.2,1.3,-0.0,0.6,5.6,5.9,0.5,3.2,4.5,2.7,3.2,4.0,2.7,2.3,1.0,0.2,1.5,2.5,1.3,0.8,0.5,-0.5,0.5,-3.6,-0.3,2.2,2.5,1.3,1.8,1.2,2.8,3.4,4.8,1.4,2.1,4.0,2.3,3.2,2.4,2.7,-3.1,-6.0,0.4,-8.8,-6.8,-1.8,-1.2,5.5,7.3,-2.5,-1.1,-2.4,-1.1,-5.5,0.3,2.2,-1.9,4.1,-3.4,-0.4,2.5,-0.2,-0.7,-1.6,-0.4,6.9,1.7,1.8,1.5,1.8,-3.1,-2.0,0.8,-1.7,-0.8,0.5,1.4,2.1,-1.6,-4.1,-4.6,-4.8,-4.2,-0.8,-3.9,7.0,-2.8,-0.1,-0.6,-0.9,-0.4,-3.5,3.0,-0.9,1.9,3.0,-2.0,-2.6,0.9,0.4,1.3,-3.0,4.4,2.5,-0.7,5.2,5.2,-1.4,-8.3,-4.4,-7.6,1.8,-3.7,-2.7,-2.0
2C7L50zcuD,0,48.10105,11.638228,4443064.56,2777740.94,558.6,604.3,224,7501,2.7,0.82,0.4,32.69,348.96,-0.53,-0.103,0.842,-0.1,0.1,-0.59,0.21,1.1,0.2,-0.3,0.1,-1.3,1.8,-0.1,1.2,1.4,1.0,1.3,1.9,-0.8,-1.1,2.6,1.6,-1.4,1.5,2.2,-0.0,-1.4,-0.4,-3.4,-2.0,2.4,-0.2,0.1,2.3,3.0,2.2,1.9,0.0,0.9,7.1,0.3,-0.9,-1.0,0.9,0.9,1.4,2.7,3.4,3.8,1.4,1.4,2.0,0.7,1.5,3.0,3.4,1.2,1.3,-0.6,1.3,-0.2,1.6,0.6,-1.9,-5.7,0.8,-5.9,-2.5,-0.5,-3.7,-1.3,-2.6,0.8,8.4,1.0,1.2,0.5,1.6,-0.3,1.2,-0.0,-1.3,0.1,-2.0,-1.9,3.4,1.6,-1.5,1.0,2.3,1.6,1.2,0.4,0.4,-2.6,4.8,1.8,-1.0,-8.9,1.6,5.7,4.1,6.0,2.5,3.7,4.7,1.8,5.9,4.6,4.7,6.6,4.0,3.3,7.6,2.7,1.4,0.9,-0.9,-1.3,1.8,-0.7,-0.2,-0.3,-1.1,-1.1,-0.9,0.1,2.4,0.1,1.1,3.8,0.4,4.0,-3.9,-1.3,2.6,2.9,2.0,4.8,2.9,5.3,10.8,3.7,5.4,0.9,2.2,3.1,4.1,4.9,4.9,2.3,2.0,3.1,1.7,0.0,-0.6,-4.9,-5.3,7.0,-1.5,-1.2,3.7,0.4,0.7,3.8,2.4,3.4,5.0,2.9,-3.3,-3.1,2.1,3.5,2.7,2.0,3.0,0.0,0.2,4.2,7.1,-2.7,-0.0,6.7,3.6,-1.6,2.1,4.4,0.6,-1.7,1.4,-0.1,-0.1,0.2,-2.4,-1.7,-1.9,-2.9,-5.2,1.9,-1.4,-0.3,-0.1,1.2,-0.2,3.8,-6.2,-1.8,-5.5,10.2,-0.2,-0.6,-0.3,0.7,-0.3,1.2,-0.9,2.1
2C7L50zcql,0,48.099448,11.625605,4442128.04,2777542.14,539.6,585.3,224,7287,3.9,0.71,0.57,32.64,348.96,-0.529,-0.103,0.842,-0.0,0.2,-0.54,0.3,1.4,0.3,-0.3,-0.2,-1.2,-0.5,-1.4,-1.2,-0.7,0.0,0.7,-0.1,-0.4,-0.3,0.2,2.7,0.5,-1.5,-0.1,-0.8,-1.2,-0.9,1.2,-0.9,-0.1,-0.8,-3.0,0.9,-0.7,-0.7,-1.0,-2.6,-2.9,-7.6,-6.3,-3.5,-4.7,-5.8,-2.2,0.4,-1.3,0.7,-0.9,-0.4,-1.0,-2.9,-4.2,-3.0,-2.0,-1.3,-0.6,-1.9,-1.6,1.7,-1.5,-0.4,-0.3,-1.3,-0.9,-0.8,-1.0,-0.6,-1.4,-2.7,-1.5,-1.6,0.9,-5.9,0.7,-0.9,-0.1,-1.3,1.0,-1.2,-0.7,-1.6,-1.6,-1.5,-1.3,-1.1,-1.1,-1.7,-2.2,-1.1,-1.9,-2.3,1.2,-0.8,-0.3,-2.3,-3.3,-2.2,-0.9,-1.8,-2.8,-2.8,0.4,-4.6,-1.5,-1.1,-1.4,-2.2,-0.6,-1.0,-3.4,0.9,0.5,-1.3,-0.4,-0.3,-0.5,-0.3,0.2,-1.8,0.3,-0.6,0.3,0.1,0.3,-1.9,-1.6,-1.1,-0.3,-3.5,-0.0,-1.7,-0.1,1.3,-0.3,-1.7,0.8,-1.8,-7.7,-0.9,-0.3,4.3,-2.3,-3.6,-3.8,-2.4,1.3,-0.6,-0.7,2.4,-5.4,-15.4,2.4,-3.6,11.5,8.3,1.2,5.5,-2.7,2.4,-0.7,-0.6,1.8,-4.5,-0.5,4.4,1.0,-6.4,0.2,4.4,-13.6,8.5,-15.8,-7.8,-1.9,-6.2,-12.3,7.2,-1.5,-9.1,-13.8,0.2,1.3,4.7,-5.9,3.5,2.9,3.9,5.7,2.5,-1.4,7.8,2.7,6.3,-2.5,10.1,-9.3,4.0,6.9,5.2,3.8,0.4,8.0,-0.9,-11.2,1.7,-9.4,-12.9,-6.8,-9.0,-8.9,-6.5,-3.2,0.0,-4.4,-5.2,-12.2
2C7L50zcqu,0,48.09953,11.626248,4442175.73,2777552.36,545.3,591.0,224,7296,3.4,0.72,0.42,32.64,348.96,-0.529,-0.103,0.842,-0.2,0.2,1.05,0.27,0.3,0.2,-0.3,0.5,-1.7,-2.5,-2.5,-4.4,-5.9,-2.3,-7.0,-5.4,-3.0,-2.8,3.3,2.3,-4.3,6.6,6.3,3.1,8.4,2.4,1.0,-8.8,7.4,1.0,-0.1,-0.9,-4.0,-3.8,-12.8,-5.0,-4.6,-10.2,-7.6,-8.4,-9.4,-5.3,-2.8,-1.4,-1.6,-1.1,-5.1,-9.8,-6.0,-6.6,-4.4,-1.9,-3.5,-1.9,-6.2,-4.5,-3.0,-2.7,-5.9,-4.1,-3.5,-5.0,-4.9,-5.9,-1.6,-3.2,-5.5,-5.5,-2.0,-7.9,-7.7,-5.8,-5.8,-5.1,-5.9,-5.9,-8.3,-5.3,-11.3,-5.9,-5.8,-7.3,-5.5,-5.8,-5.9,-9.9,-5.3,-12.6,4.8,-12.6,-5.9,-1.7,-8.0,-6.2,-4.8,2.2,2.4,-11.4,-8.8,-4.5,-3.0,-8.3,-6.4,-4.7,-6.4,-10.5,-8.0,-5.6,-9.8,-7.1,-8.8,-8.1,-7.3,-7.7,-8.0,-7.3,-8.5,-4.9,-7.6,-5.0,-7.2,-5.8,-7.4,-10.0,-6.0,-6.7,-6.0,-8.5,-5.7,-7.2,-8.7,-6.4,-5.8,-5.4,-7.0,-6.7,-10.4,-4.9,-4.3,-2.7,-3.8,-4.3,-8.7,-4.7,-3.8,-1.6,-0.6,-5.2,0.3,-2.5,-3.3,-4.6,-4.7,-7.5,-5.7,-2.8,-7.5,-8.3,-5.3,-5.3,-3.2,-3.9,-10.6,-0.1,-3.3,-0.4,-1.4,-12.7,-11.6,-4.5,0.2,-0.3,-0.7,-3.4,-4.2,-1.1,-2.0,-0.8,0.4,-2.9,-2.1,-5.5,-4.9,-5.7,0.2,-16.5,-2.8,-3.5,0.2,-4.3,-3.4,-4.4,-7.6,-6.8,-0.0,-3.9,-8.8,-8.0,-5.8,-1.0,-7.3,-9.3,-6.8,-4.6,-3.9,-5.4,-4.0,-8.2,-4.6,-3.3,-3.0,-5.7,-8.0,-5.4,-3.5
2C7L50zcro,0,48.099944,11.62947,4442414.77,2777603.64,546.2,591.9,224,7352,4.3,0.65,0.47,32.65,348.96,-0.53,-0.103,0.842,0.1,0.2,0.78,0.33,0.8,0.3,-0.3,0.2,0.3,5.0,-1.0,-2.2,-1.9,1.8,-4.9,-4.3,10.7,-3.7,-9.7,1.9,-4.6,-0.5,1.3,-0.1,13.3,-0.5,2.5,4.2,2.5,3.4,1.7,8.6,1.5,5.3,3.0,0.5,-1.3,2.0,-4.7,-3.5,-3.2,0.8,-1.9,2.2,-3.4,2.8,-0.4,0.6,-2.4,7.9,9.7,-9.6,3.0,0.1,1.0,1.3,6.3,-1.9,-1.8,-1.9,-1.4,0.0,-6.9,3.7,-0.1,1.0,-2.2,3.0,3.1,5.0,-0.9,2.3,-1.4,7.0,3.3,5.2,1.9,2.9,9.0,-5.3,9.0,0.8,1.8,4.5,1.6,1.1,-0.7,1.1,3.5,7.3,10.9,4.7,2.2,1.1,-0.1,-1.6,0.2,3.1,-0.0,-4.6,1.0,-1.2,0.1,0.2,1.8,0.2,3.9,2.9,3.1,-1.5,0.9,1.3,-0.1,3.2,2.0,0.3,-0.5,-0.5,0.2,-3.5,-1.2,-4.0,-0.7,-7.6,-2.4,-3.6,-2.7,-1.6,-5.1,-5.1,-5.7,-4.4,0.6,-2.6,0.4,-0.8,-0.5,-0.4,-1.4,-2.4,0.1,-1.3,3.8,5.3,-1.3,5.8,0.0,-4.7,0.0,-1.3,0.6,-1.4,-0.8,-6.9,-4.4,-2.8,0.6,1.4,14.0,-10.0,-5.8,-4.2,-5.9,-2.3,-3.1,-6.5,-0.4,4.8,-1.7,1.8,-0.4,-7.9,2.7,-1.1,-6.8,2.0,-1.4,-1.5,4.3,7.2,5.0,8.9,7.9,1.6,5.5,-4.5,5.9,2.9,8.4,-2.9,-1.1,0.2,-5.1,0.8,2.6,0.8,-3.7,15.7,11.3,-1.0,5.9,16.9,-6.5,3.6,-2.4,6.8,3.1,4.0,2.2,0.1,-1.4,2.1,0.2,-2.0,-1.0
2C7L50zcs2,0,48.100017,11.630036,4442456.72,2777612.66,535.0,580.7,224,7366,3.1,0.79,0.45,32.66,348.96,-0.53,-0.103,0.842,-0.6,0.2,-0.69,0.24,1.6,0.2,-0.3,-0.5,0.4,-1.6,-0.8,0.1,-0.6,0.3,-1.0,1.0,1.2,-0.1,-0.2,-2.5,-1.1,-2.7,-0.9,-1.8,-0.0,-0.9,0.6,-1.2,3.0,-0.3,2.2,-0.3,-0.9,-0.6,2.5,0.7,-5.5,0.1,-7.3,-5.7,-1.3,-2.1,-0.6,-2.2,-2.1,1.5,-1.4,-3.3,-2.4,-1.6,-1.3,-4.5,-2.3,-1.6,-1.0,-1.8,-2.3,0.8,-1.9,-1.7,-3.0,-3.8,1.2,-0.3,-2.2,-0.4,0.1,-1.3,-4.1,0.3,1.5,-0.3,0.1,-0.6,-2.6,-3.1,-2.1,-1.3,-2.9,0.7,-5.7,-4.5,-4.9,1.5,-6.7,-3.4,-0.7,1.2,-2.6,-2.0,-0.3,-0.2,-2.6,-0.2,-0.9,-3.4,-3.1,-1.6,-0.5,-2.4,-2.0,-3.3,-3.4,0.2,-2.1,-3.2,-2.3,-2.9,-0.6,-1.9,-0.6,-1.7,-1.0,-0.5,2.9,11.6,-6.8,9.7,4.9,12.2,8.1,9.1,11.6,1.1,-0.8,-0.4,-0.0,-0.3,2.1,1.4,2.3,0.7,-0.1,-0.1,1.8,3.1,-5.9,2.1,-0.2,-0.7,-3.0,-9.6,7.1,1.1,-6.0,2.7,-9.1,1.1,-2.1,-3.4,1.5,-2.7,2.8,1.9,-1.1,-1.3,1.1,-1.6,-1.2,-1.1,-1.7,-2.7,-3.2,-2.1,1.0,-2.6,-3.3,-7.0,-8.7,-3.8,-8.9,-11.4,-0.9,-2.0,-3.5,-0.2,-2.5,-8.1,-0.5,-4.0,-1.1,-1.2,0.4,-1.3,-0.3,0.3,0.1,0.7,-0.3,-4.0,-2.1,-2.9,-1.2,-2.0,-13.0,-12.5,-5.2,-2.1,-4.9,-1.9,-5.7,-3.9,-3.1,-5.0,-3.8,-5.3,-4.0,-1.3,-1.7,-1.2,-6.3,1.2,-1.8,-2.8,-2.6
2C7L50zcsc,0,48.100288,11.632146,4442613.32,2777646.24,539.2,584.9,224,7402,1.9,0.92,0.24,32.67,348.96,-0.53,-0.103,0.842,-0.3,0.1,-0.03,0.14,0.9,0.1,-0.3,1.7,1.2,3.5,1.4,2.3,-0.3,2.6,2.3,2.3,-10.7,2.1,1.2,1.9,2.2,1.8,1.6,1.0,1.0,-0.4,1.0,-0.1,2.2,1.9,1.5,2.5,2.8,2.4,3.0,4.1,2.0,0.3,-2.8,-2.6,-0.5,-2.0,0.2,4.0,2.5,1.5,3.6,1.1,0.8,1.7,0.9,1.4,-0.1,1.4,1.0,0.3,1.0,1.2,1.0,-0.5,0.9,-1.1,1.1,-0.6,-0.9,0.7,-0.1,0.4,0.4,-11.8,1.9,2.2,1.0,0.4,1.0,0.7,0.6,-0.2,0.4,0.4,0.8,3.3,4.5,2.1,2.4,2.2,6.0,1.0,3.2,1.4,2.6,2.3,3.6,3.6,1.8,1.8,2.0,0.4,-0.9,-1.0,1.8,-0.7,-0.3,0.3,2.6,2.4,0.1,1.9,2.3,2.5,2.3,2.1,0.9,1.5,0.7,0.8,-0.2,0.8,0.3,-0.9,0.8,-0.7,0.0,0.1,-1.4,0.3,0.3,-0.3,-0.4,0.1,-0.2,2.0,3.1,0.2,2.2,2.7,0.7,2.1,0.7,1.2,0.9,0.6,0.7,-0.7,1.1,2.9,3.4,1.3,-0.8,-2.1,-0.8,-1.4,-1.2,-5.7,-1.5,0.7,1.2,2.0,-1.8,0.7,3.1,-0.8,-0.6,0.4,-0.8,1.8,0.8,2.6,2.7,-0.4,-0.7,-2.4,-1.0,0.3,-2.1,-0.1,1.0,1.3,-0.4,-2.1,-2.6,-3.0,-0.9,-2.0,-2.1,5.5,-0.6,0.6,-1.6,0.4,0.1,0.3,2.4,-0.9,2.3,2.9,-0.6,-1.0,-0.4,2.8,0.1,-1.3,1.5,1.6,0.4,-0.0,2.0,-0.6,-2.0,-0.9,-0.5,0.1,-0.9,-0.3,-0.3
2C7L50zcsq,0,48.100377,11.632841,4442664.83,2777657.31,531.8,577.4,224,7416,3.9,0.68,0.49,32.67,348.96,-0.53,-0.103,0.842,-0.4,0.2,-0.7,0.31,1.4,0.3,-0.3,-0.8,5.8,7.9,7.6,-14.8,11.3,9.9,-1.5,-2.3,-11.2,-4.0,-6.4,-0.9,-2.4,-1.8,-5.1,-4.1,-5.7,-5.9,-6.6,-6.1,-4.0,-2.3,-1.9,-1.4,-6.1,-2.3,-3.5,-2.3,-5.5,-3.2,-5.5,-7.5,-2.1,-9.3,-3.4,0.2,-4.3,3.2,-4.3,-0.6,-3.2,2.6,-3.5,-1.8,-3.0,-5.5,-4.0,-5.9,-3.8,-2.5,-1.3,-3.5,-2.7,-6.0,-3.7,-5.9,-6.0,-7.5,-7.8,-6.5,-4.8,-4.8,-7.3,-1.5,-7.3,-4.8,-2.5,-3.6,-6.9,-7.6,-0.1,-2.9,-2.4,-1.8,-3.6,-7.2,-6.1,-3.9,-2.2,0.7,-8.4,-1.8,-2.0,-0.2,-7.1,-1.3,-6.0,-3.6,-3.3,-5.0,-1.0,-4.1,-4.1,-2.1,-6.0,-0.7,-2.1,-0.3,-2.3,-1.7,-1.5,-2.5,0.1,-0.9,-1.7,0.9,-2.8,-1.3,-1.5,-2.0,-1.5,-1.8,-1.1,-2.8,-3.7,-4.0,-2.2,0.1,-0.5,-4.5,0.0,2.5,-0.2,-2.2,-3.7,-4.5,-1.8,-1.1,-4.1,-3.4,-2.0,-1.3,-4.1,-6.8,-5.8,-3.9,-1.2,-0.6,2.2,-6.1,-3.9,-3.0,-0.6,-4.1,-3.9,-2.5,-2.2,2.7,3.5,-5.5,-6.0,-0.5,1.6,-11.9,-0.8,-2.7,-3.1,-0.2,-1.0,-5.3,-1.9,-7.6,-4.3,-8.4,-4.9,-3.0,-12.5,-5.0,-0.5,4.5,-14.7,-12.5,-8.9,0.8,-2.8,-0.3,6.0,8.9,5.6,7.4,9.8,5.7,4.3,2.6,-7.0,-8.8,-6.3,-8.4,-5.0,-8.3,-12.9,-14.8,-8.0,-4.0,-6.6,-4.7,-8.4,-8.3,-8.3,-9.5,-7.5,-8.9,-6.4,-5.3,-8.4,-5.8,-8.7
2C7L50zcsv,0,48.100447,11.633383,4442705.05,2777665.91,544.9,590.6,224,7421,2.6,0.85,0.39,32.67,348.96,-0.53,-0.103,0.842,-0.1,0.1,-0.96,0.2,0.3,0.2,-0.3,1.0,-0.5,1.1,-1.4,0.3,5.9,-2.1,0.9,-3.0,-9.2,2.7,8.4,-1.1,-0.6,-2.8,-0.1,-1.4,0.7,-2.5,0.5,1.7,0.1,3.0,0.8,0.4,2.6,-1.6,0.3,1.7,-0.9,3.8,-2.8,-3.4,-1.0,-2.1,-0.2,4.7,3.6,1.2,2.8,0.1,3.1,1.1,0.9,2.5,2.0,1.9,2.1,0.0,3.3,3.2,4.3,3.0,2.9,2.2,2.8,2.1,0.2,2.9,1.3,0.5,0.5,-0.2,-1.4,-0.3,4.0,1.4,5.8,0.3,0.2,4.4,1.3,2.5,1.0,2.3,1.0,1.3,1.1,2.6,-0.2,1.2,0.4,0.8,2.7,1.6,3.6,3.9,2.5,1.7,-2.1,2.4,3.8,-0.1,0.2,3.8,0.5,4.0,2.8,2.0,0.7,1.8,2.4,4.1,5.4,1.8,3.0,1.6,3.2,-0.3,3.4,2.0,3.3,3.4,4.8,4.6,4.8,10.9,3.4,10.5,5.7,-0.5,-3.3,-0.1,13.5,-2.9,-0.1,3.2,0.5,0.4,-0.8,3.1,2.5,4.3,1.1,-0.9,-0.2,0.2,1.2,3.6,5.1,3.7,-2.5,0.3,1.5,1.1,0.2,1.3,0.7,2.1,0.1,-2.2,1.9,4.9,4.1,3.9,2.0,2.0,2.2,5.0,3.2,-0.6,0.4,1.9,2.3,0.2,2.5,2.2,-1.1,0.3,3.1,4.3,-0.4,0.1,1.5,3.3,4.1,-0.3,3.9,-11.3,3.9,3.2,1.5,2.6,3.1,0.6,-1.4,3.9,0.2,0.2,0.8,0.8,5.0,2.4,0.5,1.7,3.0,2.7,-1.2,0.0,3.0,0.9,0.3,1.2,-3.1,-2.7,-4.3,-6.1,-3.8
2C7L50zct5,0,48.100498,11.633777,4442734.31,2777672.2,537.9,583.6,224,7431,3.2,0.77,0.41,32.67,348.96,-0.53,-0.103,0.842,0.4,0.2,0.74,0.25,0.3,0.2,-0.3,-3.4,-3.0,-1.9,-2.2,-1.9,-3.1,-2.2,-1.2,-1.8,-2.2,-0.2,1.0,-4.5,-3.7,-0.3,2.7,1.7,-1.1,-0.9,-1.0,2.6,-0.4,0.5,0.6,-0.7,0.0,0.7,0.5,-3.6,-0.4,0.8,-7.4,-5.7,-5.8,-7.6,-3.6,-0.1,-2.3,-6.3,-5.1,-1.9,-9.8,1.0,-3.9,-2.7,-2.3,-1.8,-13.9,-0.1,-4.7,-1.8,0.6,-1.0,-3.0,-3.7,-1.4,-0.6,0.6,0.7,-1.0,-0.3,-4.0,-1.7,-1.5,-4.2,-2.9,-1.6,-1.2,-1.4,-1.7,0.1,-2.2,-2.8,-5.2,-5.5,-5.2,-4.9,-1.8,-4.0,-6.3,-11.0,-9.0,-15.4,-12.1,-0.7,9.9,-13.6,-3.1,-3.9,2.2,-1.2,3.6,-8.4,-6.2,-4.3,-4.7,-7.9,-9.9,-2.7,-5.4,-2.2,3.3,2.8,-5.0,-7.2,-6.7,-3.7,-2.7,-7.0,-4.0,-3.7,-2.2,-5.7,-5.5,-5.8,-7.5,-5.8,-4.2,-7.6,-6.8,-7.6,-4.5,-7.1,-2.5,-5.1,-11.4,-4.6,-1.8,-5.0,-4.4,-7.7,-0.3,-1.8,-0.7,-1.1,0.8,-2.4,-3.0,-2.3,-1.4,-0.6,-1.8,-0.6,-3.6,-2.5,-2.2,-0.7,-2.1,-2.1,-1.9,-0.9,1.1,0.8,0.5,1.0,1.1,1.8,6.1,4.7,0.5,0.3,-1.6,0.6,-4.3,-4.6,-5.9,-2.2,-4.2,3.2,0.5,0.4,-0.9,-5.2,-5.0,0.2,0.1,1.5,-2.5,-2.1,0.4,-0.0,-1.2,-2.4,-1.5,0.9,-4.8,-2.2,-0.9,-1.8,-1.0,-4.5,-2.0,-1.5,-6.9,-3.0,-5.0,-1.7,-2.1,-0.1,-1.0,-2.7,1.4,0.0,0.8,1.3,-1.1,-1.2,-2.1
2C7L50zctI,0,48.100603,11.634595,4442794.99,2777685.21,540.5,586.2,224,7444,3.5,0.72,0.5,32.68,348.96,-0.53,-0.103,0.842,-0.8,0.2,0.21,0.27,1.3,0.2,-0.3,-4.6,-1.4,-3.2,-4.7,0.2,-3.5,2.5,3.5,3.8,-3.4,3.4,-0.2,-4.4,-2.1,1.2,-1.0,0.1,2.7,2.2,0.4,-1.9,-1.8,-2.0,0.3,0.9,-0.3,0.3,-6.2,1.8,-3.9,-13.9,-4.6,-1.6,-2.1,4.1,4.0,-0.3,2.5,3.3,7.8,-1.6,-1.3,-4.5,2.0,7.4,-2.4,-5.0,4.7,-0.8,2.2,-4.1,0.6,-3.5,0.8,0.6,3.3,-1.0,-0.5,-2.3,-1.5,-8.3,-3.2,-5.5,-11.0,-2.5,-3.1,1.4,-8.9,-0.8,-5.9,-4.7,-6.9,-10.4,-3.5,-1.2,-4.1,-1.1,-4.9,-3.2,0.5,-1.9,-4.7,-4.8,-3.8,-2.0,-1.1,-3.0,1.0,-0.0,-2.8,3.1,-4.2,-8.2,-3.4,1.6,-5.1,-4.4,-0.6,1.2,-2.5,2.2,0.8,3.2,1.9,1.0,-1.4,3.1,-3.2,-1.0,1.8,-0.3,-2.2,-1.9,-3.1,2.2,-10.1,-9.1,-2.6,-6.8,-2.8,5.9,-5.6,-4.9,-1.2,-1.6,-2.7,-5.9,-1.9,-1.8,-5.1,1.8,-5.5,-5.7,-3.6,-0.7,0.3,-0.2,-0.4,1.2,6.0,-3.0,-4.9,-6.5,-5.5,-1.2,-1.4,-3.9,-7.5,-5.3,-4.7,-8.4,-6.8,-6.4,-4.9,-5.4,-5.6,-5.9,-6.8,-4.0,-3.6,-4.2,-2.8,1.6,-0.8,-1.9,-6.8,-1.1,-2.6,-0.8,0.0,0.6,-0.7,-12.4,-7.5,3.5,-7.5,0.5,1.3,5.4,-1.4,-0.6,-1.7,-2.1,-4.0,-4.7,-6.6,-1.8,-3.4,-0.9,-1.6,-3.1,-8.1,-6.1,-6.4,-0.7,-2.4,0.8,-3.3,-7.3,-5.4,-14.2,-4.5,-9.4,-7.2,-5.4,-8.5,5.2,-3.8
2C7L50zcta,0,48.100728,11.635573,4442867.55,2777700.78,539.5,585.2,224,7462,3.8,0.69,0.45,32.68,348.96,-0.53,-0.103,0.842,-0.4,0.2,-1.27,0.29,1.6,0.2,-0.3,3.9,-1.0,-0.9,-1.0,0.3,-0.6,-1.4,0.8,0.5,3.9,-0.2,6.5,0.7,0.5,-3.2,-1.6,-1.4,-9.5,-5.6,0.7,-3.6,-1.6,-0.7,-1.1,-7.2,-3.0,-1.8,-2.6,0.6,-0.4,3.3,-2.1,-2.9,-3.7,-4.8,-14.9,2.3,4.8,-1.7,-1.6,-0.3,3.5,-2.7,0.7,-6.0,0.4,0.7,-0.6,0.6,2.0,1.3,-3.3,-3.0,-2.0,2.6,0.6,1.4,0.5,1.5,2.6,3.9,1.6,-2.0,1.0,6.3,3.8,4.9,-0.5,0.5,-0.6,2.5,0.5,2.5,2.6,-0.1,-2.9,-0.7,1.4,-2.0,-2.6,-2.2,-4.1,-4.5,-1.6,-2.3,-5.7,4.4,10.0,-14.9,-4.7,-1.6,0.3,3.1,0.1,-2.9,10.5,2.3,3.6,2.9,1.1,4.3,-0.5,1.5,2.5,10.2,2.2,4.6,3.7,3.8,3.1,-1.2,2.3,1.9,0.8,1.9,7.0,1.2,0.2,4.0,6.2,6.8,4.2,1.7,2.4,-5.1,-10.0,-3.4,-0.8,-1.1,1.1,2.5,2.2,1.6,5.2,-12.6,-1.1,-9.4,1.0,1.6,-3.2,-4.0,-1.7,5.2,0.9,4.0,1.6,-1.9,4.5,3.6,4.0,5.3,-0.0,1.4,2.1,0.2,1.7,2.0,1.5,-2.8,1.1,7.2,-0.9,-0.1,-12.6,-5.7,2.5,3.4,4.8,-5.2,2.6,-7.3,-8.6,0.1,5.9,1.3,-5.9,-7.8,-3.4,0.1,-0.3,0.6,1.8,-0.4,1.8,-1.4,-2.7,-4.1,4.3,-3.9,-14.6,-0.7,-3.2,-5.0,-2.5,-4.6,-1.6,-7.9,-2.3,-2.0,-4.1,-6.4,-1.2,-3.0,0.5,-6.7,-1.3,-1.0,-5.1
2C7L50zctw,0,48.10089,11.636837,4442961.34,2777720.9,538.8,584.5,224,7484,4.6,0.58,0.45,32.69,348.96,-0.53,-0.103,0.842,-0.4,0.2,-0.21,0.35,0.8,0.3,-0.3,2.3,-1.2,-1.2,-1.7,2.9,-1.7,-2.0,6.0,-1.9,-2.1,-4.6,-2.1,-6.6,-2.4,1.0,-1.4,-5.0,-1.6,3.3,-9.4,-5.4,-5.0,-7.7,-3.8,-0.2,-2.9,-1.7,2.1,-6.8,-5.2,4.1,-7.0,-3.2,-5.7,-4.0,-0.6,1.1,0.0,-2.0,1.4,3.1,-10.1,-6.9,-1.6,2.9,-6.3,6.8,-2.0,-3.2,-0.2,-1.3,-1.4,-1.7,0.3,-0.6,8.1,-6.7,2.1,3.5,5.3,4.8,-2.0,4.1,-9.6,0.9,1.8,-13.6,-2.4,-7.5,-6.5,-5.5,-6.4,-8.3,-9.0,-5.8,-6.0,-8.2,-13.8,6.1,-9.2,3.1,2.6,-1.0,-3.8,0.0,-4.1,0.6,-10.9,-2.7,2.0,-1.0,-5.3,-13.7,-4.2,-0.3,-3.9,-4.1,0.9,-1.3,0.8,-11.1,-5.7,-1.6,-1.2,-4.1,3.6,3.2,4.3,-2.1,-3.4,1.0,-7.9,-6.3,-4.4,-3.2,-2.6,-3.0,0.4,-11.2,-7.9,-2.9,-2.0,-5.1,6.9,-1.8,0.9,-0.4,-14.2,-0.7,-8.4,5.1,-1.0,2.4,1.4,-13.6,-4.1,-7.6,-1.8,1.4,5.1,5.2,-5.4,-10.2,-10.7,1.0,-0.7,1.6,2.7,0.5,-0.4,-1.6,0.3,6.4,-0.7,2.9,-5.5,-0.5,-3.3,0.5,-1.4,-5.1,-8.6,-7.2,-4.9,-5.6,4.6,-5.9,3.5,-6.8,-3.7,-3.9,-12.5,-10.9,-0.6,-1.8,-3.8,0.4,-1.6,-1.9,-3.2,-2.3,-0.5,-1.0,-0.8,-1.1,-4.1,-3.9,9.6,9.6,-10.8,-7.5,-5.3,-5.4,2.0,-8.7,-6.7,0.1,-16.3,-5.0,-6.9,-1.8,-1.7,-4.6,-8.4,-5.0,-5.0,-6.7,-4.0
2C7L50zcuL,0,48.101067,11.638212,4443063.33,2777742.78,537.2,582.8,224,7509,3.1,0.81,0.42,32.69,348.96,-0.53,-0.103,0.842,-0.5,0.2,-0.05,0.24,0.7,0.2,-0.3,1.1,-0.6,0.4,2.8,-0.9,-3.1,1.4,-0.4,1.0,-3.1,1.0,-0.6,-1.5,-2.6,-1.7,-1.6,0.4,-2.7,-4.2,-3.2,-3.2,-2.2,-0.7,-1.7,-1.5,-1.2,0.4,-5.3,-2.2,-0.9,2.8,-7.4,-7.7,-4.9,0.2,-4.5,-3.1,-4.0,-1.4,-0.6,-0.7,-4.8,-1.1,-3.3,-1.0,-1.7,11.2,-0.2,-2.0,-0.8,-2.6,0.9,-0.3,-0.4,-0.1,-1.5,0.1,-0.4,2.1,0.2,-0.6,0.7,-1.2,-7.4,-6.9,-5.7,-1.2,3.3,-0.7,-2.8,-11.5,-2.7,-4.0,-0.4,-0.6,-0.9,3.1,-0.2,-1.2,-2.2,0.9,-1.0,0.2,-0.6,0.9,-2.0,-4.0,-7.7,-4.2,-3.1,-5.5,-5.5,-9.2,-5.2,-6.7,-4.2,-1.6,-3.6,-1.3,4.0,-3.6,-3.3,-2.2,-2.4,-2.7,-3.6,-2.8,-4.1,-4.5,-3.7,-2.5,0.3,-3.2,0.5,-0.6,-9.6,-3.8,-2.8,-5.5,6.0,-12.3,0.7,-9.6,-1.6,0.9,-1.4,1.7,-0.8,-3.4,-3.2,-7.1,-3.0,0.8,-4.3,-3.3,-3.1,-0.8,-2.0,1.2,1.5,-0.0,0.3,-1.8,-2.3,-0.9,-1.1,-0.5,-2.6,0.3,0.5,-2.7,-1.4,-0.8,-3.1,-3.6,-1.0,12.0,-1.3,-1.4,-6.6,-4.6,-3.6,-3.1,-6.8,-5.5,-5.9,-0.9,-4.5,2.4,-0.6,-5.8,-3.6,-9.6,-1.0,-9.2,-0.6,-1.9,-1.0,-9.8,-4.8,-2.1,-3.1,-3.4,-3.8,-0.2,-7.0,-9.0,-5.8,-2.5,-3.9,-5.4,-3.6,-3.4,-5.1,-1.3,-5.0,-4.3,-3.7,-4.4,-4.5,-5.0,-1.2,5.5,-4.3,-5.6,-5.3,-4.7,-5.2
2C7L50zcr3,0,48.099603,11.626671,4442207.04,2777561.16,540.0,585.7,224,7305,3.9,0.66,0.54,32.64,348.96,-0.529,-0.103,0.842,-0.3,0.2,-1.5,0.3,0.7,0.3,-0.3,-6.0,1.3,-5.0,-0.8,-5.0,3.4,1.6,2.6,2.3,11.7,4.4,1.6,6.2,1.6,4.4,-0.2,-4.4,-1.8,0.2,4.9,5.7,4.4,0.5,-0.4,2.7,1.7,2.2,7.8,2.4,-0.7,-9.6,-4.2,-2.7,-1.7,-0.8,-1.8,0.7,0.3,4.2,0.3,0.4,2.1,6.2,3.5,2.2,2.7,5.1,3.9,4.4,1.6,3.6,1.7,7.9,0.9,2.4,3.0,3.6,5.8,2.5,3.0,1.8,0.4,1.2,2.5,17.0,-1.5,-0.0,1.5,8.0,11.1,9.9,8.1,-0.5,-0.2,1.0,1.5,3.8,2.5,2.7,3.6,3.2,6.2,3.5,5.8,3.3,6.1,2.8,2.4,7.6,1.2,0.6,3.6,1.7,11.7,1.4,11.5,11.1,10.3,8.0,9.7,10.3,8.2,10.7,8.0,0.8,11.3,-1.9,15.2,-1.0,5.6,5.9,1.5,0.7,-0.2,0.6,-1.1,16.5,1.7,0.3,4.4,13.1,4.0,-3.9,6.2,4.8,7.1,2.7,2.0,2.8,-0.2,1.1,0.7,1.3,3.7,0.7,0.4,1.2,-1.4,6.5,5.8,3.3,4.9,8.9,8.1,3.7,4.1,-0.0,8.3,7.5,8.0,4.8,6.1,3.0,4.1,6.8,2.1,5.6,3.0,2.2,0.7,-0.5,-1.0,5.0,2.1,-7.3,0.2,1.7,0.5,-1.2,-1.9,1.7,2.3,9.7,1.3,1.4,0.7,8.2,2.8,5.6,1.6,-2.7,-7.0,-6.4,-5.1,4.0,4.2,0.5,8.5,5.9,3.5,-3.0,1.3,-0.3,-5.3,6.1,1.1,-1.6,0.3,-1.5,0.8,-1.4,3.8,-2.4,2.9,3.6,3.0,-1.0,-0.2
2C7L50zcrY,0,48.099833,11.62846,4442339.76,2777589.63,542.9,588.6,224,7336,3.4,0.74,0.43,32.65,348.96,-0.53,-0.103,0.842,0.2,0.2,-0.41,0.26,1.4,0.2,-0.3,-2.2,-1.5,-2.2,0.0,0.0,3.4,0.1,-1.3,-2.4,-5.6,-1.4,-10.5,-1.3,3.1,-1.5,8.6,0.6,-3.7,-4.7,1.1,-1.5,-3.3,-1.2,-4.4,2.0,-3.4,0.9,2.4,-1.6,-1.9,-4.9,-10.4,-2.1,-7.6,-3.1,-3.3,0.7,-0.8,0.9,-0.0,-5.8,-1.0,2.1,-1.4,2.6,2.0,-0.2,-2.5,-1.9,-1.2,-0.1,0.6,-1.4,-2.1,0.5,2.2,0.4,-0.8,-0.9,-1.3,1.8,-2.5,0.8,3.0,1.4,7.9,-3.6,-1.5,-5.2,-5.9,5.2,-0.7,7.1,-2.2,-3.0,0.7,0.5,0.1,-2.5,-5.6,0.2,-2.9,-2.7,-3.9,-0.4,-6.6,0.4,-1.5,-4.1,-11.5,-2.2,-3.0,-1.8,4.5,8.6,0.5,-2.0,-9.0,-4.2,-2.2,-4.5,-1.6,-1.2,-2.2,-0.8,-0.0,3.0,-0.6,-0.2,2.8,-3.2,-0.2,2.0,-0.5,-2.6,3.3,5.1,1.6,0.7,-3.7,2.6,3.2,2.1,3.4,4.3,7.0,-6.8,-2.6,0.3,-4.4,-0.4,-8.4,-0.8,-2.1,-6.1,-3.2,-1.6,0.5,1.4,0.3,-3.3,-6.9,-3.9,2.1,-1.1,0.4,5.1,0.6,4.4,2.1,0.7,2.3,2.8,3.9,-10.0,10.5,-2.8,3.4,0.2,-3.6,-5.7,-5.7,-4.4,-3.0,1.0,11.3,0.4,-6.9,1.2,0.2,-0.3,1.7,-1.9,2.4,-1.4,1.6,0.1,5.1,4.1,1.1,0.5,-1.3,1.4,2.1,2.3,0.4,-0.6,0.8,0.7,0.4,-1.8,5.6,-1.7,-1.0,-4.3,-4.6,4.2,0.2,-4.2,-2.0,-2.5,-3.4,-4.5,-4.9,2.6,-3.9,-1.3,-1.1
2C7L50zcrr,0,48.099971,11.629536,4442419.58,2777606.75,541.7,587.4,224,7355,2.0,0.9,0.31,32.65,348.96,-0.53,-0.103,0.842,-0.6,0.1,-0.44,0.15,0.6,0.1,-0.3,-4.2,2.1,0.3,-0.3,-2.9,-2.4,0.7,2.8,1.0,-4.7,3.3,-2.9,1.1,-0.0,2.0,1.4,3.1,2.0,1.9,3.7,2.0,4.0,1.2,3.8,3.8,3.2,3.0,-0.6,-0.8,-0.4,-3.2,-1.9,-1.8,0.9,3.0,1.4,4.9,1.9,4.8,3.0,2.0,-2.1,3.4,0.5,3.4,1.5,-2.1,-2.0,2.3,-0.9,1.5,2.4,0.8,0.7,0.2,0.3,-0.9,-0.0,1.8,-0.8,0.2,2.6,-0.4,1.9,-1.5,-1.3,-1.3,0.3,1.4,0.0,-2.9,1.4,-3.5,0.3,1.0,0.8,2.0,1.2,2.0,1.0,2.5,3.4,2.0,2.7,2.2,1.5,2.3,1.3,-0.6,1.6,-0.0,-1.9,-1.4,2.2,-0.8,1.1,-1.6,1.6,-0.0,2.5,0.6,1.1,1.4,1.2,0.8,1.6,0.7,-2.3,-1.4,-0.8,-2.1,-2.3,-2.2,-2.0,-2.0,1.3,-5.9,2.2,1.9,2.8,2.3,0.4,1.2,-0.7,2.2,3.5,0.5,2.3,1.7,0.0,-0.3,0.2,-0.2,2.3,-1.6,-0.4,-0.4,0.2,1.3,0.8,0.1,-0.0,-0.7,0.0,1.8,-0.8,-6.4,0.9,1.2,0.6,3.8,1.6,2.6,-0.8,0.7,0.2,-0.1,-0.4,4.1,0.3,0.5,-0.7,2.5,-4.6,-5.0,0.9,1.9,-3.5,-0.4,0.6,-0.2,0.1,-2.5,-2.3,1.7,1.4,-1.7,-2.4,-8.1,-3.0,-2.5,-0.7,-1.8,-2.1,-1.8,-0.8,-2.8,-0.6,0.4,-3.5,-5.1,-2.2,0.4,-2.9,-0.6,-2.1,-2.1,-2.0,-5.1,-4.9,-3.7,-1.5,-3.2,-2.3,-5.3,-1.2,1.9,-0.1
2C7L50zcsH,0,48.10017,11.631083,4442534.39,2777631.37,544.9,590.6,224,7381,1.6,0.93,0.27,32.66,348.96,-0.53,-0.103,0.842,-0.4,0.1,0.08,0.12,0.7,0.1,-0.3,-1.8,-0.4,-0.2,-2.2,-1.0,-1.1,0.5,0.3,-1.2,-2.1,-0.4,0.4,-0.1,-0.1,-0.0,0.3,0.7,0.4,-1.9,1.9,-2.7,-1.4,-0.8,0.7,1.4,1.7,-1.7,0.6,0.2,-5.1,-1.1,-6.2,-6.1,-4.4,-3.5,-2.2,-3.5,1.3,2.3,1.5,-1.3,-3.3,-0.6,-0.8,-0.2,-0.0,-2.1,-1.6,-1.7,-0.5,-2.8,0.5,-1.1,-1.2,0.9,0.1,1.0,1.8,-0.4,1.5,-1.3,-0.7,-0.3,-2.9,-1.1,-1.2,-0.3,-2.2,-1.6,-1.7,-2.4,-1.7,0.8,-1.0,-1.0,-1.8,-1.9,-2.0,-0.5,-2.5,-4.7,-2.7,-3.4,-1.3,-0.3,-2.7,-1.8,-1.7,-2.5,-1.6,-2.8,-4.5,-4.2,-1.8,-4.5,-5.5,-2.1,-2.0,-3.1,-3.1,-2.4,-0.7,-0.5,-3.5,-3.4,-1.8,-1.9,-2.0,-1.4,-2.4,-0.5,-1.2,-0.8,-0.6,1.0,-1.5,-1.2,-2.9,-1.7,-0.9,-2.2,-2.8,-0.7,-1.1,0.8,-0.2,-0.4,-1.1,-0.5,-5.3,-0.9,-1.0,-3.1,-1.2,-5.1,-3.1,-2.2,-1.8,0.2,0.9,-2.2,-2.4,-0.6,-1.0,-0.4,0.0,-4.8,0.2,0.9,-1.9,0.2,-1.7,-0.4,-2.7,-1.0,-1.6,-4.7,-3.5,-2.6,-2.4,-3.1,-2.1,-2.4,-3.0,-4.8,-2.1,-0.0,-4.1,-2.3,-3.6,-3.6,-3.8,-3.0,-3.3,-1.7,0.5,-1.3,-2.0,-9.6,-1.5,-2.5,-2.3,-3.7,-5.4,-1.3,-1.6,-2.7,-3.0,-2.9,-4.2,-3.8,-1.1,-2.9,-5.0,-2.7,-6.4,-1.5,-3.2,-2.5,-2.6,-1.3,-4.3,-2.1,0.4,-1.9,-1.7,-2.5,-0.5
2C7L50zcsS,0,48.100238,11.63161,4442573.52,2777639.78,540.8,586.5,224,7392,3.1,0.78,0.45,32.66,348.96,-0.53,-0.103,0.842,-0.2,0.2,0.07,0.24,1.0,0.2,-0.3,4.2,-0.4,7.8,2.9,3.7,0.0,1.6,2.1,2.7,-10.4,6.0,2.2,-4.0,0.6,-1.4,-5.2,-1.8,2.4,-1.7,2.9,4.8,-3.5,9.7,7.6,-5.5,4.7,5.3,5.4,8.2,-3.3,1.2,-6.4,-7.4,-7.0,-3.5,-4.4,-1.3,-1.3,3.3,-1.1,2.1,-2.7,-2.1,-0.8,-0.8,-1.1,-2.3,-1.5,0.2,1.3,0.1,0.4,-1.7,-2.2,-1.2,-0.2,-1.7,-2.8,-1.9,-2.4,-1.7,-1.1,-2.2,-3.4,-4.3,-1.2,-1.8,-6.0,-1.6,-2.4,-3.2,0.4,-3.4,-2.3,-0.4,0.7,0.1,-3.9,1.8,-0.0,-2.1,-0.7,-2.9,-1.4,0.9,-0.2,0.6,3.6,1.0,2.5,0.1,-1.8,2.2,1.8,-1.3,0.7,-4.1,2.6,1.5,5.8,0.5,3.5,0.9,4.3,6.0,4.7,0.8,5.0,1.2,0.0,1.2,0.7,0.2,3.4,-1.4,0.6,5.7,-2.7,-0.9,-0.9,-3.5,-1.3,1.4,-0.6,-4.4,-6.8,2.4,-0.6,2.2,0.8,4.0,1.4,-0.6,0.7,3.1,0.7,-2.4,1.3,4.0,3.5,-3.1,-2.1,-3.4,-0.2,-4.2,-1.5,-5.7,-1.1,-3.5,-5.1,-4.0,-4.6,-2.6,-1.6,-2.0,1.3,-0.1,-0.8,3.3,5.5,7.9,1.9,-0.8,-0.8,-1.5,1.5,1.1,-5.4,-1.7,2.0,-0.2,2.8,-10.1,-4.9,-0.7,-3.3,-3.4,-1.3,4.9,-0.9,-3.4,-0.5,1.3,-2.6,0.1,2.3,-3.2,-3.8,0.5,-2.3,1.2,-0.8,-1.2,0.6,2.3,-0.0,-1.2,1.2,-0.0,-0.2,-1.6,-5.4,0.8,0.9,-1.6,-2.7,-0.7,-3.2
2C7L50zcsb,0,48.100307,11.63215,4442613.53,2777648.35,542.4,588.1,224,7401,2.7,0.85,0.41,32.67,348.96,-0.53,-0.103,0.842,-0.5,0.1,0.42,0.2,0.2,0.2,-0.3,-0.6,-0.9,0.1,-1.8,-0.4,-2.9,-0.2,0.6,-0.9,3.1,0.4,0.5,-0.9,1.1,-0.9,1.7,-0.4,-2.4,-0.8,-4.7,1.9,1.4,0.4,1.5,0.3,0.4,1.3,2.1,3.1,-2.7,1.6,-3.3,-6.3,-4.5,-5.6,-5.1,-1.0,-1.9,-1.1,0.4,-3.1,1.7,-3.1,-1.8,-2.8,-3.4,0.2,-4.1,-3.4,-3.3,-3.6,-0.5,-2.8,-0.5,-3.5,-2.4,-2.6,-1.5,-1.1,-2.3,-2.5,-2.6,9.4,-0.7,-0.2,-1.3,-3.4,2.2,-2.5,-3.6,-2.8,-3.3,0.8,-3.3,-3.1,-0.9,-1.6,-2.0,-3.7,-2.4,-3.2,-1.8,-2.9,-0.4,-2.2,-0.5,0.2,-1.6,-2.3,-2.2,-2.6,-6.2,-3.4,-0.9,-3.8,-4.2,-4.3,-1.3,-1.8,-3.9,-3.0,-0.6,0.2,-2.4,1.4,-1.0,-1.7,0.6,-2.8,-3.5,-4.0,-2.6,-2.4,-2.1,-1.0,-1.6,0.8,-4.2,-4.7,-4.6,2.9,-5.7,-5.7,-7.6,-2.3,-2.7,-4.8,-2.1,-2.1,-4.2,-5.4,-4.0,0.6,-3.6,-4.6,-4.9,-2.8,-2.7,-1.2,-1.9,-3.6,-3.8,-4.9,-2.5,-5.9,-1.4,6.6,-4.5,-4.5,-2.7,3.7,-5.1,-1.7,-2.8,-5.7,-5.7,-4.4,-6.6,-3.6,-4.4,3.6,-1.1,-2.7,-3.0,-4.6,5.2,-4.3,0.1,-5.2,-2.3,-3.9,-1.5,-16.9,-9.5,9.2,-2.1,-5.1,-5.5,-1.0,-0.2,-3.1,-1.1,-4.6,-3.9,-4.9,-2.5,-4.6,-0.6,-0.2,-3.3,-5.4,-5.6,-0.9,-7.2,-5.4,-3.7,-4.2,-1.9,-0.2,2.0,-3.0,-5.5,-3.4,-2.0,-2.8,-5.3,-0.1,-3.9
2C7L50zct6,0,48.100511,11.633734,4442731.1,2777673.59,533.3,579.0,224,7432,3.1,0.83,0.39,32.67,348.96,-0.53,-0.103,0.842,-0.6,0.2,0.06,0.24,0.9,0.2,-0.3,-2.2,-2.6,-0.3,-0.1,0.8,3.3,-0.8,1.1,1.0,-2.3,1.6,3.1,-0.2,0.0,1.0,2.0,2.3,0.4,-0.3,-0.0,-0.9,-0.3,2.5,1.6,1.9,0.3,0.3,-0.4,1.8,-2.6,-20.2,-3.0,-4.1,-2.9,-3.1,-0.7,-0.0,2.9,-1.5,2.9,1.0,0.2,2.0,1.1,2.6,-0.4,-0.0,-0.2,1.1,0.4,1.3,1.7,0.3,-0.1,1.5,1.5,4.1,0.9,2.0,3.5,4.4,-0.7,-4.6,3.2,-2.8,4.9,1.3,2.5,0.9,1.2,0.5,0.6,-1.2,-0.1,-1.8,1.4,-0.9,0.0,1.8,-1.3,-2.4,-2.3,-0.6,1.1,0.8,2.6,4.2,5.6,-3.3,-1.3,-2.2,0.6,-3.0,-2.3,1.4,-3.2,-1.3,10.6,-2.3,-0.1,0.6,3.7,0.7,-0.6,-2.8,-7.1,-0.6,0.4,-4.1,-0.1,-2.9,-3.3,-2.8,-3.7,-2.2,-0.7,8.7,-2.3,1.8,2.4,-0.7,0.5,-1.2,-1.5,-1.1,2.5,-1.3,-1.0,-3.7,-5.3,-0.6,-1.6,-12.9,-4.6,-1.8,-0.5,-3.9,-7.2,-2.8,-0.2,1.9,-2.6,-3.0,-2.1,-1.1,-1.1,-12.8,-2.9,-4.1,0.6,-10.6,0.4,1.0,1.8,1.4,1.8,2.1,2.8,2.7,1.5,1.8,-1.2,-0.9,-4.2,-4.6,-7.3,-1.9,-6.2,0.1,-2.5,-1.5,-1.9,-11.1,-7.2,1.6,0.0,3.1,-2.3,-2.3,-0.7,-1.6,-1.2,-3.4,-2.4,0.1,-4.0,-2.7,-2.4,-0.1,-1.1,-2.5,-0.2,-1.3,-7.8,-1.3,-5.2,-3.4,-2.4,-0.6,1.5,-0.7,-1.2,-1.6,-1.8,-0.8,-3.1,-3.5,-2.0
2C7L50zcuE,0,48.101108,11.638393,4443076.7,2777747.67,564.3,610.0,224,7502,3.4,0.75,0.41,32.69,348.96,-0.53,-0.103,0.842,-0.4,0.2,-0.85,0.26,0.3,0.2,-0.3,-0.5,-3.9,0.6,-0.7,0.3,1.6,-0.0,2.0,2.7,-0.5,-1.1,2.2,2.6,1.3,4.5,2.9,3.8,3.8,-1.4,-1.2,0.2,1.7,2.9,2.5,1.3,0.4,2.2,2.1,-1.3,3.8,5.7,0.5,0.2,1.2,0.1,0.8,0.7,4.3,0.0,4.1,1.3,-0.5,3.4,3.9,3.7,0.6,1.2,1.3,-1.4,2.7,1.0,2.7,3.8,3.4,0.7,4.2,2.7,-0.5,1.6,1.2,5.0,3.7,-1.6,-0.9,7.5,-1.1,0.3,1.6,1.5,0.5,2.9,0.9,-0.8,1.7,0.8,-2.2,3.1,4.1,-1.9,0.3,-5.2,-0.8,0.6,2.1,-1.2,-3.7,10.7,-1.8,-6.0,16.1,0.7,7.0,5.9,4.8,0.7,5.3,3.7,9.7,10.0,6.1,6.3,6.2,7.0,2.9,8.8,5.8,4.5,3.5,1.5,3.4,5.9,-2.0,2.2,-4.2,-0.3,1.6,1.3,0.2,5.2,5.6,2.8,4.5,6.4,8.6,12.1,-3.4,-4.2,5.3,3.0,-3.9,6.1,3.9,3.0,2.3,4.3,-3.0,2.4,-2.3,6.2,5.5,1.8,-0.3,-2.3,-2.9,-0.5,-3.3,-2.3,12.0,13.0,7.5,-4.8,-0.8,6.4,1.1,6.5,2.7,1.5,-1.4,1.4,3.2,-1.3,-1.0,-0.4,-1.8,-1.6,0.7,0.6,-3.6,1.5,2.8,3.9,-1.7,1.7,-3.0,1.1,0.6,-2.0,-2.1,-1.1,-2.6,0.1,-0.8,2.8,1.3,-2.0,-0.3,-2.5,-1.2,-1.5,-3.4,3.4,-0.2,-0.1,6.8,0.6,-3.2,-5.0,1.5,-1.8,6.7,-3.3,-4.6,-0.2,-0.1,-0.4,2.2,-0.2,4.7
2C7L50zcuF,0,48.101094,11.63828,4443068.32,2777745.89,556.1,601.8,224,7503,3.2,0.76,0.41,32.69,348.96,-0.53,-0.103,0.842,-1.1,0.2,-1.17,0.24,0.3,0.2,-0.3,11.8,-7.6,-1.1,-8.8,3.1,0.1,-0.0,0.8,3.6,-1.9,1.7,5.7,-1.7,2.3,4.8,5.5,6.3,5.2,-0.8,4.6,-1.2,2.4,4.0,3.4,-1.6,4.0,0.7,-1.7,-0.3,3.3,4.1,2.6,0.9,1.6,-0.6,-10.6,-0.1,1.2,-4.0,0.1,2.1,1.8,2.6,4.2,2.5,0.4,0.3,-1.2,-3.2,-0.9,2.0,4.5,3.9,2.4,3.5,0.8,1.7,2.2,4.3,0.4,-3.0,2.4,-1.2,0.7,1.4,-3.0,-0.6,0.4,-0.5,3.1,1.4,-0.1,-0.5,2.7,2.3,5.4,5.5,3.6,4.0,0.9,6.6,-1.6,1.6,-1.4,-1.9,2.9,7.9,3.4,5.4,2.4,1.0,2.9,3.7,-0.2,4.2,1.2,7.3,8.2,8.8,9.3,3.9,3.8,0.9,-0.0,2.6,2.6,0.9,-0.7,0.1,0.1,2.8,2.5,2.3,6.0,1.8,1.0,1.0,3.2,1.0,2.4,1.7,3.8,6.1,3.6,5.6,3.8,-3.8,0.6,-2.1,-5.4,4.7,1.6,-1.5,-5.7,-2.5,4.2,-2.6,9.3,2.0,4.4,5.2,1.1,-0.9,2.3,1.0,2.5,0.3,3.1,2.6,2.3,6.4,2.0,1.0,1.9,1.2,2.8,0.7,1.9,0.3,0.8,-5.5,-5.4,-3.3,-5.1,-8.2,-0.7,-0.9,-10.8,-1.4,-1.6,-1.8,-2.8,-0.5,-4.2,-2.2,-0.4,-5.3,-6.4,-3.4,-6.0,1.0,0.3,-4.0,-3.1,-6.5,-2.2,-5.7,-2.2,-3.4,-4.7,-4.3,-0.9,0.6,-1.9,-2.6,-5.3,0.9,-2.2,-1.9,-4.8,-4.6,-9.7,-4.5,-5.9,-5.1,-0.6,-2.6,1.8
2C7L50zcuG,0,48.101066,11.638064,4443052.33,2777742.48,542.8,588.5,224,7504,2.7,0.83,0.4,32.69,348.96,-0.53,-0.103,0.842,-0.6,0.1,0.2,0.2,0.9,0.2,-0.3,4.1,-0.2,-1.0,1.3,-1.2,-3.0,-1.2,-0.7,-0.4,-5.3,-2.4,0.0,0.9,-0.6,-1.0,0.4,-0.0,-0.9,-3.1,-6.1,0.8,1.3,5.4,-0.5,-4.0,-1.6,-0.6,1.9,-3.5,-0.1,-3.4,-9.0,-7.3,-3.7,-3.6,-0.1,-7.3,0.6,7.9,0.5,-1.8,2.9,-4.0,-2.6,-5.2,-4.9,-5.3,-1.5,-4.9,-5.9,-4.0,-1.7,3.4,-0.1,-2.2,0.2,-1.9,-1.3,2.2,3.6,2.7,-2.1,1.1,-1.4,-2.9,-1.1,-1.2,-2.0,-3.3,-2.5,-5.3,-2.7,-2.9,-3.2,-4.3,-2.7,-0.4,-2.2,-5.8,1.4,-1.0,-6.4,-4.6,-3.9,-2.2,-5.6,-0.2,-5.6,-1.8,-4.1,-3.6,-9.7,-4.9,-3.9,0.7,-1.5,0.6,1.5,-1.8,-0.1,-2.3,-1.2,-5.9,2.6,-0.4,-2.7,-0.3,-0.7,-1.8,-1.8,-0.6,0.3,-3.4,-1.1,-3.4,-4.2,-3.1,-1.8,-5.0,-3.7,-2.2,-1.3,-0.5,-0.0,-2.9,-1.8,-4.1,-2.0,-3.6,-4.4,-7.3,1.2,-0.7,-2.5,-6.1,-6.5,-1.5,1.1,-3.8,-2.0,-3.7,-4.7,-3.9,-5.0,-1.9,-5.2,-2.5,-4.2,-2.0,-0.9,-3.0,-5.6,-3.0,-3.5,-1.7,-1.2,1.3,-2.7,-4.7,-2.8,-5.6,-4.0,-10.7,-9.0,-6.5,-2.3,-3.9,-4.5,-4.6,-0.6,-1.8,-2.4,-7.8,-4.1,4.0,-7.5,-7.5,-2.7,-2.7,-1.4,-1.5,-1.9,-1.4,-3.9,-1.1,-2.8,0.4,-2.3,-7.7,-8.8,-7.0,-3.6,-7.6,-9.1,-3.9,-5.7,-3.3,-3.7,-4.4,-2.8,-3.4,0.9,-2.0,-2.1,2.6,-2.6,-8.4,-6.4
2C7L50zcrG,0,48.099717,11.627409,4442261.75,2777574.96,541.3,587.0,224,7318,3.4,0.73,0.47,32.64,348.96,-0.529,-0.103,0.842,-1.5,0.2,-1.5,0.27,1.1,0.2,-0.3,-1.6,1.9,1.4,-0.9,-0.1,1.1,2.3,1.0,0.3,0.7,-0.7,0.7,1.5,-3.2,1.3,0.4,1.3,3.6,4.2,4.1,0.2,3.4,-2.2,4.0,4.8,1.2,0.2,0.8,0.8,-2.8,-5.3,-3.3,-0.1,-3.4,-5.0,-2.4,1.8,-1.8,0.5,-1.4,-2.1,-5.8,-6.2,-4.7,-6.4,-3.3,-2.9,-3.8,-2.2,-1.4,3.1,-0.4,-0.7,0.2,0.1,1.5,0.5,-0.5,0.3,0.7,0.4,-0.0,-2.2,-1.6,0.6,3.0,2.2,1.7,-1.2,1.3,-1.1,1.0,1.4,-0.6,1.7,0.7,-0.2,0.5,0.7,-1.1,0.2,1.1,-1.8,-0.5,-1.1,0.8,1.6,-0.7,0.1,-4.6,2.1,0.3,-1.7,3.1,1.6,1.6,-1.0,-0.3,-0.5,-2.7,-5.6,-1.7,5.6,1.6,7.6,-2.3,-3.3,-2.1,3.2,-3.4,-0.7,-1.8,-1.8,-3.9,-3.3,3.9,-0.3,-3.2,1.2,-6.0,-12.9,-2.3,-1.6,-0.4,0.8,3.4,-3.7,-0.5,-0.3,-3.2,-2.0,-0.6,0.4,3.1,-6.1,1.5,0.9,1.0,-1.7,0.7,1.4,-3.1,0.5,-2.1,2.8,0.1,-0.1,-1.3,0.5,-1.8,-3.4,-2.7,-4.2,-2.1,-1.5,-4.6,-0.3,-2.0,-1.6,-0.9,3.1,7.1,-2.8,-3.2,-6.2,0.2,-2.7,-0.7,-5.3,-7.5,7.8,-8.0,-7.4,-10.5,-15.5,-1.6,-5.1,-7.6,5.1,-4.1,-4.4,-5.5,1.0,-1.0,-3.1,-6.2,-10.0,-5.7,-5.6,-9.1,-1.0,-6.3,-6.6,-8.1,-7.0,-6.0,-8.6,-11.2,-11.2,-1.8,-20.0,-14.4,-12.3,-15.6,-21.0,-20.6,4.2,-3.1
2C7L50zcsX,0,48.100272,11.631729,4442582.25,2777643.73,531.1,576.8,224,7397,2.5,0.87,0.23,32.66,348.96,-0.53,-0.103,0.842,-0.1,0.1,-0.47,0.19,0.9,0.2,-0.3,0.1,0.8,0.7,0.3,1.1,-0.6,1.6,1.9,1.5,2.4,1.1,2.8,2.0,2.0,3.4,2.9,2.9,2.3,2.5,2.9,1.6,3.5,1.8,4.9,4.7,5.1,2.8,2.3,3.3,-8.7,-5.8,-11.0,-11.4,-10.6,-10.5,-11.5,-8.3,-6.7,-6.8,-7.0,-5.8,1.6,3.4,2.9,4.0,2.5,0.4,1.5,1.9,1.7,0.7,1.8,0.6,0.4,0.6,-0.0,0.8,0.4,1.5,0.3,0.5,-0.2,2.5,1.2,1.3,0.6,0.3,0.3,-0.2,0.0,-0.6,0.3,0.7,0.3,1.2,1.6,2.1,1.8,1.6,2.3,1.0,2.2,2.4,3.0,1.9,2.9,2.1,2.2,1.8,1.4,0.4,0.7,-1.6,2.9,-0.8,0.1,0.9,3.0,2.4,1.6,0.5,1.5,1.3,2.5,1.5,1.3,1.3,-0.1,1.3,-0.4,-0.2,0.1,-0.4,0.7,0.3,0.4,-0.2,-0.6,0.1,0.3,-0.0,-0.5,0.6,0.5,0.0,1.7,0.7,1.8,1.6,-1.0,2.0,0.1,0.7,1.7,-0.2,1.0,0.6,2.8,3.0,3.4,0.6,-1.6,-1.0,-0.3,-0.3,-1.0,1.6,-0.5,1.2,1.4,0.7,-1.4,0.1,0.2,-0.1,0.3,0.5,0.6,2.0,0.7,0.9,1.9,0.5,-0.1,-2.2,0.7,0.9,-2.5,0.5,0.9,0.3,-0.7,-1.2,-1.0,-0.8,0.4,-0.7,-0.4,-0.0,-0.9,-0.5,-1.1,-0.5,0.1,-0.6,0.7,-1.3,1.5,1.4,-1.3,-0.1,0.6,-0.5,-2.4,1.0,-0.8,0.4,-1.7,-1.0,-1.7,-0.3,-2.3,-1.6,-1.0,-0.8,-0.7,-0.4,-1.5
2C7L50zctE,0,48.1006,11.634285,4442771.86,2777684.4,536.0,581.7,224,7440,3.2,0.77,0.44,32.68,348.96,-0.53,-0.103,0.842,-0.2,0.2,0.15,0.24,1.6,0.2,-0.3,-2.7,-2.9,-2.3,-0.8,1.5,1.6,0.5,3.9,0.1,6.2,1.9,-2.3,0.9,2.7,4.2,1.9,9.1,8.0,-3.1,0.3,0.6,7.6,2.5,-8.1,-5.5,-5.2,-4.1,-2.1,0.1,-6.2,0.0,-11.9,-7.6,-12.1,-10.1,-8.9,-3.4,-0.5,-5.9,-3.8,0.3,2.8,-8.7,-4.0,-6.1,-0.6,0.3,-0.8,-0.4,-1.6,-1.9,0.2,1.2,-1.3,-0.4,1.9,-0.0,-1.1,-1.9,0.4,0.6,4.0,0.6,0.1,-1.8,1.0,-0.0,-1.9,6.7,2.8,-1.5,0.9,3.6,-0.4,-3.1,-1.1,0.0,-0.5,1.5,0.8,-1.0,-0.2,1.3,-0.8,1.0,0.5,-0.6,-2.6,1.5,-0.4,-0.3,5.0,-2.4,-0.6,-4.6,-2.1,0.3,-3.4,-0.1,-6.0,-2.1,0.1,-2.9,-1.6,-2.9,-2.4,-1.9,-3.4,-4.4,-4.3,-1.6,-0.1,-1.2,-1.6,-2.6,-3.1,-2.3,-2.1,-3.0,-1.1,-3.7,-1.9,-2.8,-3.1,1.4,-3.4,-0.7,3.9,-6.6,-5.9,1.7,-2.0,0.9,-4.1,-2.8,-0.1,-3.8,1.0,-2.1,-0.5,0.3,-2.9,-3.7,-1.2,-1.8,-2.0,-3.4,0.0,-0.3,-0.2,1.2,-4.9,-3.9,-1.9,-2.4,-0.1,-3.2,-4.9,-0.8,-0.9,-0.7,-11.4,-6.0,-5.9,1.8,0.6,-0.8,-0.0,4.5,-0.8,-12.4,0.3,-11.7,0.3,-1.1,2.6,0.9,2.4,-2.0,0.8,-0.5,0.3,1.1,0.8,-1.9,-3.5,-1.9,-1.8,2.2,-0.9,-3.9,-7.6,-12.2,-4.4,-0.5,-4.2,-4.6,-0.7,-3.5,2.3,-0.8,-2.6,-2.2,-1.3,2.9,0.9,-2.9,0.3
2C7L50ztth,0,48.099458,11.625248,4442101.4,2777542.64,539.3,585.0,225,7281,1.4,0.95,0.18,32.63,348.96,-0.529,-0.103,0.842,-0.6,0.1,-0.16,0.11,0.3,0.1,-0.3,0.0,-0.8,-0.5,-1.2,0.1,-0.0,-0.0,-0.2,-1.1,0.9,-0.0,0.7,0.9,1.3,-0.6,0.5,-0.3,-1.0,0.0,1.6,-0.2,1.5,-0.5,0.1,2.0,2.0,2.1,2.0,-0.1,-3.1,-7.0,-3.5,-2.7,-2.1,-4.3,-2.2,-1.1,-1.2,1.7,-0.7,0.3,1.5,-0.9,-0.9,-0.7,-1.0,0.4,-0.9,-1.4,-0.1,2.6,0.6,-0.1,0.4,-0.5,0.1,0.3,-0.2,0.4,0.2,-0.6,-0.2,-0.3,-0.2,-2.4,1.1,0.2,-1.7,-1.1,-0.5,0.3,-0.6,1.0,-1.2,-0.3,-0.7,0.6,-0.1,-0.9,-0.9,0.7,-0.3,-0.7,0.3,-0.1,0.5,-1.6,-0.6,-0.1,-1.2,-1.1,-2.5,-2.2,1.2,-1.3,-0.6,-0.3,-0.8,-1.7,0.2,-0.9,-2.7,-0.1,-0.1,-1.3,-0.8,-0.6,-0.7,-0.4,0.1,-2.1,-1.1,-0.8,-0.7,0.1,0.0,-1.3,-0.9,-0.5,0.0,-1.2,-0.1,-1.0,-1.7,-1.3,0.3,-1.7,0.5,-2.2,-2.0,-2.1,-3.4,-2.1,-0.1,-2.2,-2.4,-0.5,0.1,1.1,2.7,0.8,-1.3,-1.8,-1.9,-0.6,-2.5,-0.4,-1.2,-0.4,-1.1,-1.3,-4.2,-3.3,-3.1,-3.1,-5.2,0.0,-2.4,-1.1,2.5,-4.5,-6.0,-1.0,-3.8,-4.6,2.3,-2.4,-4.5,0.5,-1.3,-3.5,-4.5,-5.2,-1.5,-1.4,-1.6,-2.4,-2.0,-3.1,-1.4,-1.8,-2.7,-2.3,-3.1,-2.1,-2.8,-1.8,-2.2,-3.7,-5.0,-5.6,-3.1,-1.7,-6.5,-3.7,-2.2,-2.8,-2.4,-4.0,-1.0,-1.1,-2.4,-2.8,-2.5,-2.7,-2.8,-4.1,-1.8
2C7L50ztti,0,48.099462,11.625278,4442103.62,2777543.12,538.0,583.7,225,7282,2.4,0.86,0.39,32.64,348.96,-0.529,-0.103,0.842,-0.8,0.1,-0.17,0.18,0.3,0.2,-0.3,-1.5,-5.0,-1.4,-4.4,-0.6,-2.1,4.8,0.4,-0.8,0.2,1.8,1.8,1.7,1.6,-2.2,-0.9,-3.5,-1.2,0.6,1.6,0.6,4.6,0.8,3.1,3.3,4.4,4.2,3.1,0.2,-4.2,-8.0,-1.7,-0.5,-0.4,-3.7,-1.1,-2.0,-2.1,1.5,-0.0,-0.7,4.3,-0.4,-0.2,1.3,0.3,2.1,-0.1,0.6,1.5,5.0,2.1,1.2,3.3,1.8,-2.4,0.3,-8.9,1.7,1.0,-3.2,1.4,2.5,1.0,-2.4,0.1,1.7,-3.1,-1.4,-1.8,-1.6,-1.4,-0.5,-2.2,-0.0,-0.6,-2.6,-2.1,-3.4,-3.0,1.6,0.2,-0.5,0.6,-2.5,-1.5,-3.5,-1.5,1.4,-3.3,-1.6,-3.0,-3.4,0.7,-0.9,-0.6,-0.3,-0.3,-1.4,1.2,0.1,-3.8,1.3,0.5,-0.2,-1.3,-1.2,-1.6,-0.8,0.3,0.7,-2.2,-1.1,-1.3,-0.2,1.4,-2.1,0.3,-0.8,-1.5,-1.7,-1.7,-1.3,-2.0,1.3,1.4,-2.6,1.9,-0.1,-0.7,-1.4,-4.1,-2.1,2.1,-1.0,-2.5,-0.7,0.7,3.3,1.2,-2.1,1.7,-5.2,-1.8,-4.2,-0.1,0.4,1.7,0.8,-1.9,-3.8,-4.2,-5.3,-1.4,-3.5,-9.8,-5.1,-2.3,3.1,-0.1,-1.9,-5.6,-0.3,-9.2,-3.2,0.6,-3.1,-2.7,3.7,0.5,-1.5,-4.9,-5.3,-3.0,-2.0,-4.7,-3.6,-8.0,-3.1,-1.4,-0.3,-8.5,-3.3,-1.2,-0.5,-2.9,-4.0,-2.1,-3.5,-3.0,-2.9,2.2,2.8,-7.2,-7.3,-7.5,-3.3,-3.3,-4.2,-2.2,-3.3,-4.5,-4.1,-1.6,-3.4,-4.8,-4.2,-1.7
2C7L50ztuO,0,48.099788,11.627818,4442292.08,2777583.54,543.3,589.0,225,7324,4.0,0.69,0.45,32.65,348.96,-0.529,-0.103,0.842,0.2,0.2,-0.02,0.31,0.7,0.3,-0.3,-1.3,-2.3,2.0,-1.2,1.4,-0.2,1.2,2.0,0.3,-0.3,3.0,1.1,2.2,0.4,-2.8,-0.4,1.6,1.1,3.1,7.0,-4.0,11.3,-1.2,9.4,4.1,2.8,-1.8,-5.4,-3.3,-0.8,-6.5,1.3,-3.9,-2.3,2.1,2.8,-2.8,2.3,4.0,4.0,-2.8,-4.9,0.0,1.3,-0.5,-5.0,-1.5,-0.3,-2.9,-2.4,0.9,0.3,0.8,1.3,1.5,7.6,2.1,-0.3,0.6,0.3,-4.0,-1.3,6.6,0.4,2.3,-1.5,-1.3,2.3,0.9,2.9,-1.7,1.0,1.1,1.4,-0.1,1.3,-0.1,0.0,-0.2,0.7,-4.1,-0.4,-6.8,15.5,7.2,2.9,-0.5,4.8,4.6,-0.8,-2.1,-6.9,-4.3,6.1,0.1,-2.2,-8.8,-2.7,-0.5,0.8,5.0,-4.7,3.5,-11.5,1.0,0.3,-2.7,-5.5,-10.8,4.0,7.0,1.2,2.0,-3.1,-0.8,-1.8,1.3,-0.4,0.7,2.0,0.5,1.1,2.1,1.7,2.0,2.6,1.9,0.2,0.0,5.6,-5.6,6.8,-9.1,7.5,5.7,4.3,7.7,4.6,3.1,8.1,3.4,4.9,1.6,0.2,3.0,0.7,-5.7,-1.0,-1.1,1.5,-0.0,0.3,3.3,2.9,1.9,2.3,1.3,-0.3,2.1,1.2,4.4,2.7,1.0,-1.3,-0.8,-8.6,4.7,1.5,-1.3,-0.4,0.1,0.7,-10.7,8.9,-3.5,-5.5,-2.4,-1.3,1.3,-1.5,2.1,2.2,-0.1,0.9,-1.1,0.5,-7.1,4.9,1.7,0.9,5.6,5.0,5.1,-1.9,-0.4,0.7,6.4,-1.8,-6.7,-6.2,12.0,5.7,4.5,5.9,3.8,3.7,-0.4,-11.8
2C7L50ztuW,0,48.099846,11.628272,4442325.74,2777590.76,544.1,589.8,225,7332,3.1,0.77,0.42,32.65,348.96,-0.529,-0.103,0.842,-0.5,0.2,-0.49,0.24,1.7,0.2,-0.3,-0.7,-2.6,2.9,2.3,0.6,-7.0,0.5,-1.4,1.0,-1.9,1.0,12.9,1.0,1.3,1.3,0.1,3.5,-4.1,-0.1,-4.8,1.1,1.8,1.3,2.8,3.0,-0.7,-3.4,4.6,-2.9,-2.8,-4.4,0.2,-7.6,-4.6,-4.6,-4.0,-12.9,-1.2,4.7,1.0,-2.7,1.2,1.6,0.4,0.4,-0.9,-1.6,-2.6,-0.0,0.6,1.1,2.4,3.0,2.8,0.5,0.9,1.9,0.2,-0.1,-1.0,-1.8,-0.6,0.1,0.1,-0.4,2.1,-1.2,1.3,1.0,1.9,0.1,1.4,1.6,0.4,3.5,3.5,0.9,0.6,3.5,3.2,-1.4,2.4,-1.0,1.8,-3.8,0.5,-0.3,-2.3,-3.3,-9.3,-3.4,-2.3,0.4,2.8,0.1,1.0,0.9,-4.8,-1.8,-1.6,-0.3,-2.1,0.6,0.6,1.5,-1.7,-1.5,-8.0,0.1,-1.7,4.1,2.5,-2.1,0.4,0.6,1.7,2.6,0.3,2.2,2.5,1.4,2.8,5.7,1.8,0.8,2.6,1.9,3.5,-2.4,-3.9,-0.6,1.0,-4.9,-0.7,-4.2,-3.7,-1.0,-1.4,-0.6,6.2,4.7,-0.7,-5.4,1.4,-2.7,-0.9,-1.3,-1.2,1.5,-2.0,-1.8,-0.8,-1.6,-0.8,-0.0,-0.2,-0.9,0.8,-1.5,-3.0,4.4,-5.6,-0.9,-2.7,-8.2,2.9,-0.2,-5.5,-8.8,-6.4,-3.9,-3.8,-1.1,-9.9,6.0,-1.4,-0.8,-2.0,-3.6,-1.0,0.7,-0.4,0.6,-0.9,1.0,-4.4,-0.4,3.2,2.0,-2.6,-14.0,0.1,-0.1,-4.5,-4.8,-5.7,-5.9,-9.8,-8.8,-6.6,7.9,-4.6,-3.6,-2.2,4.9,-1.8,0.3,-1.1
2C7L50ztug,0,48.099913,11.628789,4442364.11,2777598.99,542.5,588.2,225,7342,3.8,0.72,0.48,32.65,348.96,-0.53,-0.103,0.842,-0.5,0.2,0.06,0.29,0.7,0.2,-0.3,-1.9,1.8,2.3,1.6,0.3,0.3,0.4,-1.3,1.2,4.9,-5.5,-10.4,0.1,1.4,0.7,1.0,-0.0,1.9,-0.9,1.2,0.4,3.2,-2.0,2.3,1.4,2.0,1.2,4.0,1.8,-1.5,-3.2,-3.9,-0.8,-0.7,2.9,0.6,2.7,2.4,3.2,0.8,-0.4,1.0,0.0,1.9,2.7,2.7,2.1,2.2,0.2,3.4,1.7,1.4,0.2,1.1,0.8,1.6,2.1,2.1,1.6,1.9,-0.2,1.6,2.6,2.1,6.4,5.6,1.4,1.2,1.0,1.3,2.8,-0.4,1.5,0.6,-0.5,1.4,1.2,3.7,4.2,1.7,3.2,-0.1,2.3,-0.5,-0.7,-0.6,3.0,-1.2,-3.7,8.4,9.7,4.5,4.9,5.9,0.2,-0.0,-1.1,1.4,-1.3,4.8,5.2,5.2,2.0,0.5,1.1,0.5,2.3,0.1,0.7,0.2,0.4,-1.9,0.3,-3.7,1.2,-6.6,-8.8,-6.6,-6.4,-6.6,-8.9,-6.1,-9.3,-9.1,-4.4,2.4,5.2,0.9,3.3,4.6,-3.4,2.0,-8.6,-0.7,-2.4,-2.3,-1.5,-0.5,4.9,8.2,10.2,-6.8,-9.2,2.6,-1.0,-1.2,-4.3,-2.2,-2.6,-3.1,3.5,-6.9,-3.9,-11.0,-7.7,12.7,9.9,1.2,-5.7,3.9,0.8,-0.8,1.1,0.2,-4.0,-1.7,0.6,-5.9,-0.5,-2.4,-0.7,-0.2,0.2,5.3,-3.5,-3.1,3.2,1.0,9.3,1.6,2.1,2.4,0.7,0.9,0.9,2.5,3.0,-0.9,-0.6,-0.2,-2.3,0.6,-4.2,-4.5,2.2,2.7,-5.8,-11.4,0.5,-2.8,0.4,-2.3,-0.2,-0.1,-2.7,-1.5,-6.9,3.0
2C7L50ztvG,0,48.100173,11.630819,4442514.7,2777631.3,540.0,585.7,225,7378,3.0,0.8,0.45,32.66,348.96,-0.53,-0.103,0.842,-0.5,0.1,0.29,0.23,1.2,0.2,-0.3,0.7,-2.4,-2.7,-3.3,7.6,0.4,-0.5,-1.6,-5.5,3.9,-6.9,5.9,-3.8,-0.0,-6.6,4.2,-7.9,-1.1,-5.3,-2.1,-0.7,-1.4,-2.3,-2.4,8.3,0.1,-1.3,0.5,-2.1,-6.4,0.6,-4.6,-4.3,1.7,-4.6,-5.7,-4.7,-1.9,-2.7,0.3,-1.2,-4.3,-4.4,-4.7,0.7,-0.6,2.3,0.8,-3.0,-0.9,0.7,-2.5,-3.1,-0.2,0.2,-1.7,9.8,-2.6,-2.5,-3.1,-1.9,-1.0,-6.8,0.4,4.1,0.8,-3.4,2.2,-0.4,-3.1,-2.7,-1.0,-3.7,-4.3,-3.3,-5.3,-3.1,-1.9,-0.6,-7.6,-6.7,-7.1,-3.4,-6.8,-2.6,-4.0,-9.0,-5.6,-2.8,-5.1,-6.2,-4.8,-2.1,-3.0,-3.6,-7.1,-2.8,-0.4,-1.9,-0.9,-6.2,-3.3,-2.5,0.6,-3.0,7.0,-0.8,-2.3,-1.9,-0.3,-10.7,-1.4,-14.5,-4.0,1.9,-5.0,-2.5,1.0,-1.6,1.4,-0.4,0.9,0.1,0.1,1.7,-7.1,0.0,-0.1,0.6,-4.0,-3.6,-5.5,1.6,-1.9,-4.3,-1.6,-2.3,0.4,-1.6,-1.1,-0.0,-2.8,-4.0,-3.7,-6.8,-4.9,-0.8,-1.0,-1.4,-1.6,-1.2,-1.2,-2.4,-2.9,-3.4,-4.0,-4.5,-4.3,-3.9,-3.7,-4.8,-3.7,-5.2,-6.6,-6.6,-4.5,-4.0,-7.6,-5.1,-2.9,-3.8,-2.0,-3.3,-3.8,-3.8,-1.6,-1.0,1.3,-13.3,-0.1,-1.4,-3.5,-3.8,-4.1,-4.6,1.1,-7.7,-0.8,-4.5,-5.2,-4.3,-3.5,-4.6,-6.5,-2.4,-3.3,-7.8,-5.5,-2.8,-2.5,0.1,-0.3,-2.1,-1.9,-2.7,-0.4,-0.3,-2.2
2C7L50ztvK,0,48.100204,11.631061,4442532.69,2777635.15,541.6,587.3,225,7382,1.7,0.91,0.29,32.66,348.96,-0.53,-0.103,0.842,-0.3,0.1,-0.0,0.13,1.6,0.1,-0.3,-0.0,-2.1,0.4,-2.4,-1.1,-0.4,0.5,0.4,-0.9,-1.9,0.8,5.3,3.1,0.4,1.1,-0.5,-0.4,0.2,-1.6,0.8,-3.3,-3.0,-0.4,1.1,0.2,2.5,-0.9,-1.5,-0.6,-5.6,-2.0,-6.0,-6.1,-5.5,-3.6,-3.8,-2.2,-1.2,1.0,-3.8,-2.2,-3.5,-2.9,-2.7,-2.6,-4.0,-3.7,-4.4,-2.5,-0.7,-1.8,-0.3,-1.3,-1.7,-0.7,-0.8,-0.2,-0.1,-0.9,-0.1,0.0,-0.4,1.0,0.4,-0.4,0.5,-0.2,0.5,0.3,-0.1,-1.3,0.5,0.8,0.6,2.3,0.2,0.5,-0.7,0.4,-2.4,-2.3,-3.4,-2.9,-2.3,-0.9,-2.9,-2.6,-2.3,-3.0,-0.2,-2.5,-1.7,-3.8,-3.1,-6.4,-5.4,-4.7,-1.4,-1.7,-1.0,-1.2,-0.6,-0.9,-0.4,-2.6,-0.6,-2.8,-2.6,-1.6,-1.9,-1.2,-1.0,0.3,0.8,0.2,-0.2,0.6,-2.1,-0.7,0.2,-1.1,-3.7,-0.8,-2.2,-0.4,0.3,0.2,-0.4,-1.8,-5.4,-1.6,-1.5,-3.5,-2.6,-4.6,-5.4,-3.8,-1.1,1.6,-0.1,-3.6,-2.7,-3.0,-3.0,-0.7,0.9,-5.1,-0.0,0.1,-1.9,-1.3,-1.8,-0.4,-3.4,0.4,-1.3,-2.5,-3.4,-2.5,0.7,-5.5,-3.8,-3.8,-5.2,-4.8,-3.3,-1.7,-6.4,-2.7,-1.1,-2.7,-4.2,-4.3,-3.1,-1.1,-1.5,-1.5,-2.3,9.5,-0.4,-0.1,-0.0,-1.3,-0.1,-3.0,-0.8,-2.9,-3.3,-3.4,-4.9,-2.1,-3.1,-2.2,-4.7,-3.3,-4.4,-3.2,-2.3,-1.3,-3.8,-3.1,-4.6,-3.5,-1.2,-3.0,-2.2,-1.3,0.8
2C7L50ztvL,0,48.100204,11.631057,4442532.39,2777635.1,538.7,584.4,225,7383,3.3,0.69,0.54,32.66,348.96,-0.53,-0.103,0.842,-0.5,0.2,-0.34,0.25,3.1,0.2,-0.3,-2.1,-3.5,-3.1,-1.6,-3.7,-0.4,-3.2,-2.8,0.0,1.9,-1.6,3.3,0.6,-1.6,-2.0,-0.8,1.0,-0.1,0.1,0.2,-4.2,5.1,-4.0,0.0,-2.0,1.9,-5.6,-4.1,-2.5,-5.8,-3.8,-11.3,-9.5,-12.3,-6.2,-6.7,-7.3,-4.5,-8.5,0.4,-6.3,-6.0,-8.7,-5.4,-6.9,-9.1,-4.5,-8.9,-2.0,-0.9,-0.9,-1.3,-1.8,-2.1,-2.2,-2.1,-1.1,-1.9,-3.1,-2.7,-2.2,-0.8,0.2,-1.6,-1.8,-2.5,-2.5,-1.4,-2.7,-0.9,-2.2,-0.3,-0.1,0.1,-1.4,-0.4,2.1,-3.8,-1.5,-4.2,0.4,-5.1,-7.2,-6.0,-4.7,-7.6,-15.1,-14.3,-5.6,-12.2,-5.7,-4.6,-8.9,-14.8,-0.1,-13.6,-7.8,-8.5,-12.4,-16.7,-5.8,-11.5,-7.5,-5.0,-0.6,-6.5,1.6,-5.8,-4.8,-6.0,-4.7,-1.6,-2.2,-2.4,-1.2,-1.0,-1.9,-2.4,-2.5,-2.2,-2.7,-4.0,-0.4,-2.1,-2.8,-4.1,-0.5,0.0,4.4,8.8,-0.3,-4.0,-5.6,-2.0,-8.9,-3.2,-9.1,-0.0,-2.4,1.3,-1.9,-6.1,-6.1,-2.2,-0.3,-0.2,1.5,-3.1,-1.9,1.9,-0.3,-4.0,-1.9,-3.1,-2.7,-0.3,-4.6,-3.5,-7.1,-11.5,-11.7,-11.0,-3.7,-5.5,-9.3,-3.6,-4.1,-9.9,-9.5,-7.7,-3.4,-1.1,-5.1,-3.8,-2.7,-1.8,-4.5,-3.5,-1.1,-2.9,-1.7,-1.3,-2.4,-3.2,-4.0,-3.3,-2.0,-8.8,1.1,-7.8,-8.8,-15.8,-5.3,-12.6,-11.6,-7.5,-4.3,-15.9,-3.2,-3.0,-9.5,-10.9,-7.4,-3.9,-6.5,-3.2,-2.2,-4.8
2C7L50ztxP,0,48.101144,11.63838,4443075.67,2777751.64,540.3,585.9,225,7511,1.6,0.85,0.39,32.69,348.96,-0.53,-0.103,0.842,-0.6,0.1,-0.17,0.12,2.7,0.1,-0.3,0.6,-1.0,-1.1,0.3,-0.7,-0.1,-1.1,0.8,-0.5,-5.0,-0.2,1.2,-1.7,-0.2,-2.1,-1.8,-4.1,-1.2,-3.4,-4.2,-2.5,-2.3,-1.1,-4.0,-3.9,-1.4,-2.9,-0.5,-1.7,-4.9,-3.2,-8.1,-8.7,-7.0,-5.8,-3.5,-5.7,-3.1,-4.2,-5.4,-4.0,-4.3,-6.8,-6.0,-5.9,-3.3,-2.5,-2.1,-2.5,-1.8,-2.4,-0.9,-1.8,-1.7,-2.4,-1.4,-1.6,-0.5,-1.4,-0.8,-0.2,-1.1,-6.7,0.0,-1.4,-0.2,-0.1,2.2,0.1,-1.5,-0.5,-1.8,-0.3,-0.8,-2.4,-3.6,-2.7,-3.2,-3.7,-6.2,-2.3,-6.6,-4.0,-3.6,-2.6,-7.3,-4.0,-8.7,-6.4,-8.0,-8.0,-6.6,-5.7,-10.6,-6.7,-4.4,-3.5,-5.9,-4.5,-4.2,-3.4,-5.0,-4.2,-3.7,-5.8,-4.3,-3.4,-3.8,-3.7,-4.2,-4.7,-3.0,-1.8,-2.9,-1.3,-1.0,-1.1,-1.5,-1.3,-0.8,-1.9,-0.4,-0.6,-2.0,-3.3,-3.8,-1.0,-3.5,-3.6,-5.1,-2.6,-4.5,-3.1,-6.7,-7.3,-8.7,-5.5,-7.2,-4.0,-2.9,-3.0,-4.3,-4.5,-3.2,-2.2,-1.4,-0.4,-1.4,-1.5,-0.5,-0.8,-0.7,-1.1,-0.5,-1.6,-0.8,-1.1,-2.6,-4.1,-4.7,-8.2,-6.2,-6.2,-9.6,-9.6,-6.2,-4.8,-11.1,-6.7,-6.7,-6.8,-6.9,-6.4,-5.1,-2.4,-1.7,-1.6,-1.5,-9.7,-1.5,-2.4,-2.9,-3.2,-4.7,-3.1,-5.0,-5.0,-7.1,-7.1,-7.2,-7.8,-8.1,-10.9,-11.9,-7.1,-7.7,-8.0,-6.9,-4.7,-7.1,-6.2,-5.6,-5.6,-3.9,-1.6,-3.5,-3.3,-3.1
2C7L50ztxQ,0,48.101146,11.638398,4443077.03,2777751.93,538.4,584.1,225,7512,2.8,0.8,0.38,32.69,348.96,-0.53,-0.103,0.842,-0.7,0.1,-0.17,0.22,1.7,0.2,-0.3,1.1,-0.9,-1.0,0.3,-0.6,-1.4,-0.7,1.0,-1.5,-5.4,-1.8,0.0,-1.3,-1.3,-3.2,-1.8,-6.3,-2.1,-4.9,-3.8,-2.9,-3.2,-1.8,-4.9,-3.3,-1.5,6.4,0.5,2.2,-3.7,-5.1,-2.0,-5.1,0.2,-1.3,6.3,-2.3,-0.6,-3.8,-6.4,-8.0,-2.3,0.9,-6.0,-2.5,-4.2,0.6,-2.0,-3.2,-2.9,-1.5,-0.3,-2.7,-1.9,0.3,-2.2,-1.4,0.3,-1.7,-0.4,1.1,-1.2,-5.6,2.3,-2.2,-1.3,0.3,2.5,1.5,1.1,-3.0,0.6,-0.4,-0.8,-1.3,-1.0,-1.1,-2.6,-1.0,-10.1,-4.1,-6.5,-1.8,0.0,-2.6,-4.0,-2.0,-10.3,-6.7,-7.9,-11.5,-3.0,-5.3,-7.3,-4.8,-2.0,0.9,-6.8,-3.6,-4.0,-1.7,-0.8,0.4,-0.8,-5.7,-3.4,-4.8,-4.8,-3.1,-3.5,-6.2,-2.7,-1.8,-4.1,-3.3,-4.2,-2.1,-2.2,-2.4,0.2,-3.2,-0.6,0.4,-3.0,-4.2,-3.4,-0.7,-2.0,-4.5,3.1,-3.2,-5.3,-2.6,-8.7,-5.9,-7.2,-0.8,-3.9,-3.2,-1.4,-4.5,-4.4,-3.4,-2.4,-0.8,-0.9,0.7,-3.1,-0.7,-0.1,-0.8,-2.5,-1.3,0.6,-0.4,0.6,-1.3,-3.7,-0.9,-6.8,-14.3,-7.1,3.2,-10.3,-8.5,-5.2,-6.4,-3.1,-3.3,-4.5,-6.0,-9.1,-10.3,-1.9,-3.1,-1.6,-0.6,0.6,-6.2,-1.1,-0.4,-2.4,-1.6,-4.2,-3.0,-4.9,-4.5,-3.4,-12.0,-6.4,-6.2,-17.3,2.8,-11.0,-7.1,-8.8,-6.5,-3.2,-3.0,-7.3,-5.1,-1.0,-7.1,-5.3,-3.9,-3.6,-4.6,-4.0
2C7L50ztsS,0,48.098953,11.621174,4441799.1,2777479.84,554.2,599.9,225,7204,3.4,0.74,0.41,32.59,348.92,-0.529,-0.104,0.843,-0.5,0.2,-0.24,0.26,1.8,0.2,-0.3,-0.5,-1.2,0.7,2.9,1.5,2.8,2.0,1.3,2.3,-1.1,3.2,1.9,2.9,1.5,1.1,-0.2,-0.4,0.9,1.3,-0.2,0.3,0.7,-3.8,2.5,0.2,-0.9,-2.3,5.8,-4.6,-0.6,-2.5,-1.9,-2.2,-2.8,-7.3,-2.0,1.0,-0.5,-2.3,-0.4,-4.3,5.5,-0.2,-2.8,-0.7,-2.9,2.5,-11.8,-4.1,-3.0,-2.8,-1.7,-1.5,-0.5,-0.3,-1.4,6.3,-0.4,2.6,4.8,0.9,2.0,5.5,3.6,-7.2,7.5,4.3,-4.0,2.1,1.2,5.2,1.3,1.8,-0.7,0.9,0.6,2.7,-0.1,0.4,-0.9,-1.4,0.8,1.6,-0.1,-2.6,1.4,-1.0,0.2,0.4,1.8,-1.5,5.8,0.4,-3.0,-4.7,-5.7,8.9,-1.4,-4.4,-1.4,-2.4,-2.7,1.3,-1.2,-0.3,-0.4,-2.1,-5.3,-2.7,-3.0,-2.2,-2.9,-2.7,-1.1,-2.9,2.9,-3.4,-1.9,1.1,4.9,5.2,2.8,5.7,-2.1,0.3,1.4,2.4,-1.5,-0.1,-0.9,-1.5,0.3,4.6,-1.1,-1.9,-2.0,0.5,-2.6,-1.9,-2.8,8.7,-13.7,-3.0,-4.7,-5.4,-6.9,-6.1,4.9,5.3,-1.2,1.6,1.4,-1.1,1.1,-0.9,-3.5,-2.1,-2.4,-1.5,-2.6,0.6,0.6,-3.3,-3.1,-3.3,0.2,-6.9,-5.8,-1.6,-3.7,-2.2,-4.7,-2.6,-0.7,3.3,-10.5,6.6,-6.7,8.2,-3.3,-1.7,-3.9,-1.2,-1.8,-4.4,-1.3,-0.6,0.1,-0.8,-6.0,-5.1,6.2,-3.7,-6.8,-3.3,-2.6,-2.5,-2.6,-0.8,-1.4,-1.9,-12.6,-6.9,-13.9,-1.9,8.6,6.0,-2.5
2C7L50ztsT,0,48.098947,11.62113,4441795.81,2777479.15,549.3,595.0,225,7205,2.7,0.81,0.4,32.59,348.92,-0.529,-0.104,0.843,-0.3,0.1,-0.04,0.21,2.2,0.2,-0.3,0.2,0.0,-0.6,-1.0,0.8,2.0,1.2,0.9,1.6,0.1,1.4,1.5,3.0,2.4,2.2,1.5,2.4,0.0,0.7,-1.7,-1.1,1.1,-1.3,-1.2,-1.0,-1.0,-3.3,1.9,-4.2,-1.3,-6.8,-3.8,-4.0,-4.1,-8.3,-4.1,-0.2,-4.7,-2.7,-3.7,-4.7,1.3,-3.5,-4.1,-3.0,-3.6,1.2,-0.1,-2.8,-0.7,1.5,-1.1,0.1,0.0,-1.5,-0.3,2.9,-0.0,1.8,1.9,-1.0,-0.3,1.1,1.8,-4.4,2.8,2.7,-9.7,1.4,2.6,2.9,2.0,3.0,-0.5,1.5,1.5,1.9,0.5,-0.0,0.2,-1.1,-0.1,-1.7,0.0,-2.8,-1.8,-2.0,-2.5,-1.9,-0.3,-3.2,-11.1,0.8,-3.7,-4.3,-5.5,4.9,-2.0,-4.4,-3.7,-2.9,-3.6,-1.0,-1.9,-1.7,-2.2,-3.2,-3.6,-0.8,-2.0,-0.9,0.7,-1.8,-0.4,-1.5,1.7,-4.6,0.8,2.3,1.2,-1.8,1.7,3.0,0.6,1.9,1.5,1.7,0.3,0.3,-0.0,-4.1,-1.8,0.1,-3.6,-3.9,-4.1,-2.4,-4.1,-3.2,-2.9,1.4,1.0,0.3,-2.6,-0.8,-0.6,-7.0,1.4,1.8,1.4,-3.4,-1.4,0.5,0.5,0.5,-2.5,-1.7,-0.9,1.5,-1.6,-2.4,-1.1,-4.7,-3.6,-5.0,-0.9,-5.1,-9.3,-4.3,-6.2,-4.0,-5.6,-2.2,-0.0,3.3,-14.5,0.5,0.3,-12.0,-1.2,-0.2,-1.9,-1.5,2.5,0.2,1.1,2.5,0.8,0.7,-5.4,-4.4,2.2,-3.5,-6.1,-2.5,-4.1,-4.0,-2.4,-18.1,-2.9,-0.3,6.5,-5.1,0.8,-2.0,2.5,3.1,-3.4
2C7L50ztsU,0,48.098946,11.621125,4441795.42,2777479.07,546.3,592.0,225,7206,2.8,0.8,0.35,32.59,348.92,-0.529,-0.104,0.843,-0.7,0.1,-0.53,0.21,2.1,0.2,-0.3,1.3,0.2,-0.7,-3.1,1.2,2.1,2.3,1.4,2.3,2.9,1.3,2.1,3.0,4.5,1.9,1.4,3.2,0.2,3.6,-0.7,0.4,2.7,-2.9,0.0,1.3,0.0,-1.9,-0.5,-3.4,-1.1,-7.7,-3.7,-2.7,-3.1,-7.7,-4.0,2.0,-4.5,-0.9,-4.0,-3.9,-4.4,-2.0,-4.6,-3.4,-3.9,0.1,-2.0,-2.8,-4.4,2.3,-1.3,-0.1,-0.9,-1.2,-2.0,-0.7,-2.8,0.2,1.0,-3.6,-1.5,-10.2,1.4,0.8,2.5,2.3,-10.9,1.9,2.8,1.8,2.2,10.4,0.9,1.8,1.5,2.4,1.3,-0.4,1.5,0.4,0.4,-1.2,1.1,1.1,-2.3,-1.2,-1.3,-1.7,0.8,-2.0,-6.7,-4.4,-2.9,-5.1,-4.3,-5.1,-2.3,-2.6,-1.7,-1.1,-2.2,-0.0,-0.7,-0.2,-1.5,-3.2,-4.4,0.4,0.2,0.3,0.7,-2.1,-2.2,-2.8,-11.0,4.4,-0.2,0.9,0.0,1.4,1.2,2.2,0.3,1.7,1.7,-0.7,1.8,2.5,0.9,-2.9,-1.0,-4.6,-1.1,-2.0,-2.6,-1.7,-2.6,-0.9,-1.5,0.7,-4.1,0.7,-1.5,-2.7,-1.3,-12.7,0.9,-0.9,-0.3,8.4,-1.5,1.2,0.8,1.3,-2.1,-1.6,-2.4,1.4,-0.9,-2.8,0.2,-4.9,-3.7,-3.9,-3.8,-3.4,-8.4,-4.9,-6.1,-3.8,-7.2,-2.6,-0.8,-0.8,-14.7,-2.6,-3.1,4.1,-3.2,-2.7,-3.3,-2.5,-4.6,-1.5,0.9,-11.4,-0.2,-1.2,-6.9,-4.2,-3.4,-3.5,-5.9,-3.5,-4.0,-4.8,-2.9,-9.4,-4.2,-4.8,-8.3,-5.2,-2.6,-6.1,-1.5,-3.7,-5.5
2C7L50zttg,0,48.099472,11.625212,4442098.68,2777544.13,540.6,586.3,225,7280,2.1,0.89,0.39,32.63,348.96,-0.529,-0.103,0.842,-0.8,0.1,0.32,0.16,0.4,0.1,-0.3,0.5,-1.6,-0.7,-1.1,0.5,-0.6,-0.7,-1.5,-2.4,-0.5,-0.8,0.6,0.4,1.3,0.4,0.9,-2.1,-1.3,-1.7,0.5,-0.8,1.1,-0.7,0.9,3.1,-0.3,4.9,2.1,-0.4,-5.1,-4.3,-3.0,-2.1,-1.5,-5.1,-1.0,0.3,-1.0,0.5,-0.0,2.0,0.6,-3.8,-2.9,-1.9,-3.0,-1.0,-3.0,-4.7,-1.4,1.0,-0.7,-2.1,-1.4,-2.4,0.5,-0.5,-1.8,-1.5,-1.4,-1.0,0.7,-1.6,-1.6,-6.7,0.0,-1.6,-4.1,-1.9,-2.0,-1.9,-1.0,0.7,-1.6,-0.5,-1.4,0.8,-1.1,-0.7,-1.5,-0.7,-1.3,-3.6,-1.4,-0.5,0.0,-2.4,-0.8,-2.5,-2.5,-2.1,-4.6,-1.8,-0.4,-3.7,-2.3,-2.2,-0.6,-1.8,1.8,-0.1,-3.7,0.0,-0.5,-2.1,-1.6,-1.5,-2.1,-0.8,-2.3,-4.9,-1.9,-1.1,-0.8,-0.0,0.4,-2.9,-4.6,-3.3,-2.2,-5.2,-0.6,-3.6,-7.3,-4.7,-1.5,-3.5,-0.5,-4.5,-5.1,-4.1,-9.8,-6.7,-3.0,-3.7,-3.6,-0.4,-0.8,0.3,2.7,0.3,-2.1,-2.8,-1.4,-0.8,-5.6,-1.9,-2.5,-0.2,-3.6,-3.1,-7.2,-4.5,-4.0,-4.6,-3.6,0.7,-6.2,-4.7,0.6,-9.4,-7.5,-0.4,-6.6,-9.4,0.5,-3.6,-6.6,0.7,0.7,-7.1,-1.9,-10.2,-1.3,-3.2,1.7,-2.8,-3.6,-4.3,-3.1,-4.8,-3.6,-1.5,-4.3,-3.8,-2.5,-3.7,-2.4,-4.4,-5.8,-6.5,-5.2,-4.7,-7.8,-5.1,-2.0,-2.6,-2.1,-2.7,-1.7,-2.9,-3.2,-3.8,-2.8,-2.1,-5.0,-7.2,1.1
2C7L50ztty,0,48.099604,11.62624,4442174.96,2777560.49,539.5,585.2,225,7298,2.3,0.87,0.38,32.64,348.96,-0.529,-0.103,0.842,-0.4,0.1,-0.05,0.18,0.3,0.2,-0.3,0.2,-0.8,-2.8,0.0,-1.7,1.7,0.3,-0.7,-0.6,1.0,1.8,0.5,1.7,2.4,-2.3,1.8,1.3,-1.0,0.0,2.8,-0.7,1.3,-1.8,-0.8,0.3,-0.8,0.9,1.8,-2.4,-1.7,-5.9,-3.3,-6.4,-7.3,-4.1,-2.5,-6.0,-1.5,1.1,-2.0,-2.8,-1.8,-1.7,-0.6,0.4,-1.3,-2.5,1.9,1.2,2.6,1.0,-2.3,-0.0,0.3,-0.8,-1.8,1.8,-0.1,1.2,-0.5,0.8,-1.9,1.0,0.0,-3.7,5.6,1.7,0.7,-0.7,0.1,0.6,0.0,1.0,-1.9,-1.0,0.2,-1.8,-2.1,-1.9,0.1,4.2,-2.2,-0.2,0.6,0.7,0.3,-2.8,0.4,-0.5,-3.5,-3.7,2.2,0.7,1.3,-1.6,-2.6,-0.8,0.4,-6.1,3.1,-0.7,0.6,-0.4,1.5,0.2,0.4,-0.9,-2.5,0.6,-0.1,0.4,1.2,0.8,-3.7,-4.8,-7.8,-3.9,-6.4,-3.8,-2.9,-6.0,-2.7,3.5,-6.3,-3.0,0.5,-2.9,-4.0,-6.2,-3.1,4.9,-3.2,-0.0,-3.8,-3.0,-0.0,0.0,0.3,2.1,3.9,1.6,0.4,-3.2,-4.0,-1.8,-2.7,-4.1,-0.6,1.5,-0.9,-1.1,-1.8,-5.7,2.9,-0.8,-2.3,-1.3,-2.4,1.4,-3.2,-3.1,-6.4,-2.8,-3.1,-3.3,3.8,-4.0,-5.4,-3.9,1.2,-1.2,-3.3,-0.6,-0.7,-0.5,-0.6,-4.9,-1.3,2.9,-0.4,-2.3,-1.3,-2.3,-0.6,-0.4,-2.8,-2.7,-2.6,-4.2,-3.0,-2.2,0.4,-1.4,-6.8,-6.0,0.1,0.4,-4.6,-2.9,-1.9,-3.6,-1.7,-4.4,-3.2,-1.5,-2.7,-2.7,-2.6
2C7L50ztuh,0,48.09994,11.62886,4442369.36,2777602.19,543.5,589.2,225,7343,2.0,0.89,0.33,32.65,348.96,-0.53,-0.103,0.842,-0.2,0.1,-0.33,0.15,0.9,0.1,-0.3,-0.6,0.8,0.2,1.1,-0.1,-0.8,0.1,0.5,1.0,0.8,2.4,0.7,1.5,0.2,1.9,0.7,3.5,3.3,2.5,4.0,0.8,3.3,2.1,3.2,2.8,2.1,2.5,1.4,1.2,-0.3,-1.8,-3.0,-2.9,-0.8,1.8,-0.6,1.6,1.9,2.4,1.9,-0.8,-2.0,2.4,-0.1,0.4,-0.2,-2.3,-1.7,0.2,0.4,-0.6,-1.0,-1.8,-0.8,-0.6,-0.9,-2.3,-1.9,-1.6,-2.2,-2.0,-0.5,-0.3,-0.7,1.8,-0.2,-2.2,-0.2,-1.1,-0.6,-1.6,-2.1,-1.7,-1.6,-2.0,-0.1,-0.1,1.5,0.9,-0.0,1.5,1.0,-0.1,0.3,1.3,0.7,3.7,2.6,3.5,2.6,2.3,1.5,-0.1,3.4,0.7,2.0,-0.9,4.4,0.1,5.2,2.8,3.3,2.8,3.0,1.3,1.6,1.5,-1.0,1.5,1.1,0.1,1.8,0.6,0.8,-0.3,-3.7,0.2,-2.4,-3.1,-5.4,-4.0,-3.4,8.6,0.6,2.2,4.0,-0.3,2.2,1.4,0.7,3.0,0.7,2.0,2.2,-1.9,1.5,1.7,2.3,5.7,6.5,2.7,-0.3,0.0,0.9,-0.7,-0.5,-3.9,0.4,2.4,0.8,2.3,-3.6,0.2,2.3,1.0,1.1,2.3,-2.0,3.7,1.2,0.9,-1.2,2.7,-2.7,-2.0,0.1,1.6,-2.5,-0.3,0.2,-0.1,-1.8,-3.9,-2.5,-2.6,1.1,-0.4,-0.4,10.4,-1.2,0.0,0.0,-1.3,-0.8,-2.5,-1.0,-2.0,-1.2,1.6,-0.8,-2.6,0.5,3.5,-0.9,0.7,-1.1,-0.9,1.1,-1.0,-0.6,-0.6,-1.5,-1.9,-2.6,-2.7,-2.0,-0.7,-3.6
2C7L50ztvh,0,48.100388,11.632344,4442627.79,2777657.63,540.0,585.7,225,7405,4.1,0.66,0.48,32.67,348.96,-0.53,-0.103,0.842,-0.2,0.2,0.38,0.31,2.0,0.3,-0.3,-2.1,-0.4,-1.9,2.0,-3.7,-4.2,-7.7,-1.3,1.4,-5.9,-0.8,-3.9,-0.0,-1.7,-2.3,0.6,-1.5,-0.6,-5.2,-0.2,0.6,-3.4,1.5,-1.9,-2.4,2.9,-8.7,-10.9,-8.0,-1.2,-12.3,-13.0,-10.1,-6.9,-12.2,-10.2,-6.5,-3.6,0.2,-3.2,-4.5,7.6,-10.2,-3.7,-7.2,-3.2,-2.8,6.2,-1.5,10.3,-6.8,1.0,-4.0,-1.0,7.0,1.1,-13.6,-10.0,-5.4,6.0,-3.8,-8.3,-11.0,-1.6,7.5,-6.8,-3.0,-7.1,-1.2,-1.9,-1.0,-6.0,-0.8,-5.4,-5.6,-3.3,-2.4,-2.3,-0.3,-7.3,-6.0,-9.1,-2.9,-2.3,-7.7,-3.7,-5.7,-6.7,-5.3,-6.1,-6.7,-9.0,-12.5,-7.2,-7.4,-6.7,-16.7,-14.2,-2.7,-7.5,-3.9,-5.1,-3.1,-2.9,-5.4,-3.9,-1.6,-10.0,-4.3,-6.7,-5.4,-15.3,-0.0,-10.2,12.0,-14.3,-3.0,1.4,-5.4,-10.2,1.2,-6.0,1.8,-3.6,-5.8,-1.4,-3.5,-7.3,-5.6,-6.4,-4.3,-7.7,-6.6,-5.6,-6.0,-5.2,-6.3,-3.5,-2.5,-2.3,-7.9,-6.1,-7.9,-3.3,-3.2,4.3,-11.1,-4.6,-2.0,0.7,1.5,-5.5,-1.5,-2.0,-2.7,-3.6,-6.5,-4.2,-5.5,-3.4,-7.3,-4.7,-7.1,-7.8,-10.3,-1.5,-4.1,-8.1,-8.3,-5.8,-4.4,-3.2,-3.4,4.8,-4.6,-1.4,-3.6,-1.5,6.8,-4.0,1.4,2.8,-7.0,-6.7,-3.6,-6.0,-6.8,-7.5,-5.1,-6.8,-2.7,-7.5,-7.3,-9.8,-2.0,-6.2,-6.0,-5.6,-4.3,-6.8,-4.6,-4.4,-4.7,-5.3,-5.5,-5.1,-4.2,-3.2
2C7L50ztvi,0,48.100396,11.632409,4442632.62,2777658.67,540.4,586.1,225,7406,2.1,0.88,0.28,32.67,348.96,-0.53,-0.103,0.842,-0.2,0.1,0.12,0.16,1.3,0.1,-0.3,-1.1,-0.5,-1.2,-0.7,-1.1,-1.4,-0.4,1.4,-1.8,-6.6,-1.2,0.5,0.6,1.4,-0.8,-0.1,-1.8,-0.6,-1.9,-0.3,-1.7,-0.3,0.3,0.1,-0.4,0.6,-1.2,-5.2,-3.9,-5.0,0.9,-9.2,-8.2,-5.6,-6.8,-5.6,-4.0,-2.0,0.2,-0.2,-0.2,-1.8,-2.4,-1.8,-1.6,-1.6,-2.4,-0.7,-0.2,-0.5,-2.6,-0.7,-1.8,-0.1,-0.9,-0.2,-1.2,0.1,-1.3,-0.1,1.0,-1.0,-8.0,-1.0,-11.5,-2.6,-2.4,-6.4,-0.4,-2.5,-0.9,-2.9,-0.8,-3.4,-2.4,-2.5,-2.3,-2.1,-1.6,-4.6,-2.1,-4.3,-2.5,-0.9,-2.3,-3.5,-3.7,-4.0,-4.1,-5.1,-4.4,-3.6,-3.7,-4.0,-5.3,-4.5,-3.5,-3.8,-2.9,-4.9,-2.1,-3.4,-1.3,-2.4,-2.4,-2.8,-1.3,-5.6,-3.1,-2.6,-0.4,-3.3,-0.3,-3.2,-0.5,-4.0,-2.6,-0.6,-1.9,-0.2,-1.0,-2.5,0.5,-1.5,-3.4,-0.4,-1.8,-1.6,-2.6,-4.7,-0.6,-2.1,-4.9,-4.4,-4.8,-2.7,-4.9,-3.0,0.0,1.2,-1.3,-3.8,-3.6,-1.8,-2.9,0.0,-8.7,-0.4,0.2,1.2,2.3,-2.5,-0.3,-0.7,-0.6,-0.0,-2.5,-1.6,-2.3,-2.4,-5.0,-3.7,-2.9,-5.1,-7.4,-1.3,-0.9,-7.0,-5.0,-4.3,-5.0,-4.3,-4.5,-3.7,-3.8,-0.6,-1.4,-0.8,9.6,-1.3,0.8,0.5,-1.7,-2.6,-1.2,-2.5,-3.2,-3.5,-3.6,-6.4,-1.7,-3.9,-6.3,-7.2,-3.0,-4.9,-2.4,-2.4,-3.4,-4.8,-3.3,-3.1,-1.1,-4.4,0.1,-2.0,-1.5,-2.6
2C7L50ztw0,0,48.100527,11.633425,4442708.04,2777674.85,539.4,585.1,225,7424,3.4,0.76,0.49,32.67,348.96,-0.53,-0.103,0.842,-0.2,0.2,-0.45,0.26,0.2,0.2,-0.3,2.0,1.1,-6.7,-6.7,-8.5,-3.7,1.0,6.6,-2.2,-0.7,1.0,2.6,0.0,0.5,-0.2,4.3,3.4,1.3,2.6,-1.7,-2.3,-1.2,-1.1,4.6,1.9,5.1,-1.9,0.0,0.2,1.0,-0.5,-3.2,-4.2,0.8,1.6,4.1,7.4,3.5,2.1,7.5,-8.4,4.5,1.7,7.6,9.0,3.5,-7.7,8.0,0.9,2.3,1.0,3.7,5.7,6.4,0.8,2.4,3.8,3.2,4.9,2.7,3.1,1.4,2.4,1.4,4.0,-0.5,3.6,6.2,2.5,2.3,7.9,5.8,2.1,1.7,1.5,3.3,2.7,1.8,2.9,6.2,-1.3,1.5,1.4,2.8,3.8,2.3,2.8,1.1,-2.6,3.7,6.8,-3.2,-2.8,-0.3,4.7,6.7,-7.7,0.4,10.1,-5.5,3.5,5.0,-0.8,17.4,-5.6,0.8,2.3,-6.6,-0.3,-3.7,-3.7,-2.9,-2.4,1.1,0.5,1.2,-0.7,0.6,-2.6,1.7,0.2,1.2,0.2,0.1,5.2,-0.4,-2.0,-3.0,-1.0,-5.5,2.5,-1.5,-3.5,-1.6,-0.6,5.8,-0.3,2.8,6.5,4.6,1.0,1.8,-0.5,0.9,1.6,0.3,-0.4,0.8,2.4,4.7,3.2,2.2,2.6,3.3,3.3,4.0,0.8,2.7,1.0,4.4,0.9,6.3,2.5,-1.8,1.8,5.3,2.8,-6.0,2.7,-0.5,4.0,0.4,-0.7,-0.9,-0.1,1.7,-0.2,1.4,0.7,1.4,1.4,1.6,0.6,2.5,-1.0,0.5,0.8,2.0,-0.1,2.6,-0.6,1.8,0.1,-4.1,-0.9,2.4,3.2,-2.1,1.8,0.4,-1.1,-2.1,-1.4,1.4,2.0,-1.7,-2.2,1.5
2C7L50ztw1,0,48.100526,11.633419,4442707.6,2777674.76,536.3,582.0,225,7425,3.0,0.81,0.39,32.67,348.96,-0.53,-0.103,0.842,-0.5,0.1,0.07,0.23,0.9,0.2,-0.3,1.2,4.9,3.6,3.3,2.8,-3.6,2.5,1.5,1.9,-3.2,1.4,-1.1,-1.6,-1.6,-2.3,-0.6,0.0,-0.3,-0.6,-5.6,-3.8,-5.4,-4.5,-6.2,-4.8,-0.7,-3.5,-6.1,-2.3,-1.2,-1.7,-5.8,-12.5,-4.9,-4.2,-2.4,-0.5,-0.8,-3.1,5.6,-4.7,-5.6,-3.7,-0.6,0.1,-3.1,-6.0,-4.1,-2.7,-4.0,-3.2,-2.9,-0.8,-0.9,0.4,0.5,0.1,0.6,1.1,-0.2,1.3,-1.0,-0.2,-1.2,-1.6,-3.7,-3.6,0.1,-4.3,-2.2,1.0,-1.7,-4.3,-1.8,-1.0,-1.9,-1.3,-0.1,-0.8,-0.6,-2.3,-1.8,-1.0,1.7,-0.4,-1.6,0.6,-4.2,-6.7,-1.0,-5.3,-2.8,-9.5,-8.2,-7.9,-7.8,-11.2,-0.9,3.7,-6.5,-2.6,-0.1,-0.5,2.7,1.6,-1.9,-6.0,-7.3,-4.8,-1.8,-6.8,-8.4,-4.9,-5.5,-4.3,-4.0,-6.1,-1.9,-5.2,-1.6,-4.8,-3.5,-3.7,-2.5,-0.9,-3.2,-7.3,-4.5,-3.4,-7.6,-0.4,-4.5,-6.3,10.4,-4.9,1.6,-2.7,-3.6,-0.9,-1.3,-4.5,-5.7,-5.8,-5.1,-2.8,-3.4,0.2,-2.5,0.9,1.4,-0.6,-1.6,-1.9,-0.7,-1.2,0.2,-1.5,-0.9,-0.6,-0.0,0.1,-0.4,-1.9,-4.5,-1.2,2.7,-5.5,-16.9,-3.8,-2.9,-3.5,-4.3,-8.2,-6.8,-5.6,-4.8,-5.2,-2.4,-3.8,-3.9,-3.2,-2.6,-3.3,-3.4,-5.0,-3.2,-6.1,-3.3,-1.6,-2.9,-4.1,-3.4,-3.9,-8.6,-5.3,-3.0,-2.7,-0.9,-2.1,-1.8,-5.8,-7.0,-5.7,-5.2,-4.6,-6.4,-5.1,-3.2
2C7L50ztw4,0,48.100569,11.633755,4442732.46,2777680.08,544.0,589.7,225,7428,3.9,0.68,0.43,32.67,348.96,-0.53,-0.103,0.842,-0.8,0.2,0.01,0.3,2.1,0.3,-0.3,0.8,0.1,0.6,0.5,1.9,-0.4,2.2,2.9,3.3,-4.9,1.8,-2.2,1.7,1.2,0.6,-1.0,-0.9,-0.7,-4.2,-5.5,-5.3,-4.4,0.5,-4.3,-5.7,-4.6,-1.8,-2.8,-1.8,-4.8,-2.8,-5.1,-5.7,-4.5,-7.8,-5.0,-2.7,0.7,-1.7,-5.8,-5.5,-3.6,-0.4,-5.7,-3.0,-2.4,-7.6,-3.8,-3.8,0.1,-3.7,0.3,-0.8,-3.0,-3.3,-2.8,-3.2,-1.8,-2.5,-2.4,-1.2,2.6,-4.3,1.6,2.3,-7.1,-1.9,3.3,3.8,1.3,-6.5,0.9,1.6,2.0,0.6,-1.6,-1.3,-0.1,0.4,-1.0,-0.0,-4.3,-2.2,-1.4,-1.8,-8.0,-2.3,4.0,-11.3,-8.8,-6.0,-7.5,-9.7,-7.9,-8.6,-6.6,-4.4,-5.6,-3.3,-2.8,2.0,-1.6,-0.6,-1.2,-1.9,-2.0,-3.0,-2.8,-0.5,-7.7,1.8,-0.9,0.3,-0.8,-2.8,-7.3,-6.6,-2.8,-2.2,1.8,-18.4,-0.4,-1.7,-1.2,-3.6,-4.1,-2.5,-4.8,-5.0,-8.0,-7.3,-13.2,-3.9,3.0,-5.6,-6.3,2.0,-2.8,-7.5,-0.2,-4.3,-1.7,-1.9,0.8,-2.7,-4.0,-6.0,-6.6,-5.9,8.7,6.7,-7.7,-10.4,-6.8,0.8,-1.7,-2.6,-2.0,-1.3,-3.4,-7.2,-7.7,-9.3,-9.2,-12.1,-2.2,-2.4,-6.9,-6.1,-4.3,-2.8,-7.8,-9.2,-5.5,-8.6,-15.9,-0.5,-3.1,-17.1,3.8,4.6,4.4,-3.9,-6.4,-1.5,-6.1,-2.3,-2.5,-5.1,-1.9,-7.2,-5.3,-5.2,-13.6,-10.0,-15.2,-11.4,-4.5,-7.3,-5.7,-6.8,-2.6,-22.7,-1.3,-0.2,-3.5,0.6,2.4
2C7L50ztuE,0,48.099754,11.627267,4442251.09,2777578.88,545.6,591.3,225,7314,3.9,0.7,0.46,32.64,348.96,-0.529,-0.103,0.842,-0.5,0.2,-0.68,0.3,1.0,0.3,-0.3,2.9,-2.8,-3.9,-0.4,-2.7,0.6,1.0,-4.7,-0.9,4.9,-1.2,0.2,-0.2,-1.5,1.4,1.5,2.4,1.5,2.1,2.3,-2.1,3.2,1.3,2.1,1.8,0.8,-0.9,-2.1,0.3,-0.1,-5.0,-1.5,-3.4,-1.6,-0.0,-2.2,0.6,2.3,1.4,1.7,-0.2,1.2,2.0,0.2,0.4,-2.1,-0.3,-3.7,-2.1,-2.6,-0.6,-0.7,-1.4,-1.0,-1.0,-0.8,-2.2,-3.8,1.0,4.0,-0.8,-3.5,-1.4,0.7,12.2,4.3,0.3,1.5,-1.2,-0.9,-4.9,-1.8,1.4,-2.5,-1.1,0.4,1.5,-0.1,1.4,1.5,-0.3,0.3,-1.3,-1.2,-1.8,0.9,0.6,3.2,-0.1,-1.6,1.2,1.4,-6.0,2.6,-0.9,-1.3,0.0,0.1,-3.4,1.0,-4.2,0.4,-0.2,-1.8,1.0,1.6,-1.2,-3.7,-0.3,-0.7,1.5,-1.5,-2.5,-2.6,-3.7,2.1,-2.0,0.0,0.8,5.4,4.5,1.6,-0.5,-1.5,1.0,1.8,1.1,1.7,0.6,-0.4,0.4,-4.5,-2.4,1.5,-1.3,1.7,3.4,2.9,3.3,0.3,3.6,-1.4,-2.5,-4.6,-4.4,1.0,-10.8,-0.4,0.4,-3.6,2.6,-4.8,-2.9,-2.6,-1.0,-2.7,-2.3,-3.0,1.4,5.5,6.2,3.1,2.4,1.0,0.7,9.3,2.8,5.9,8.2,6.3,-2.1,-3.8,6.2,5.2,4.3,8.9,3.9,-14.9,-11.4,-3.6,-7.5,-8.4,1.4,6.3,-13.8,-14.7,-3.8,-13.7,4.1,-9.1,-3.9,-1.6,-2.8,-3.3,-2.3,-1.7,-2.7,2.1,-9.8,13.1,6.8,0.2,-9.5,-7.7,-1.4,-10.2,-8.2,-6.1
2C7L50ztuL,0,48.099792,11.627564,4442273.11,2777583.61,541.3,587.0,225,7321,2.4,0.78,0.33,32.64,348.96,-0.529,-0.103,0.842,-0.6,0.1,0.07,0.18,2.7,0.2,-0.3,-1.1,-0.8,-0.3,-0.1,-0.0,-0.5,1.3,1.0,0.3,-1.5,0.6,0.1,0.1,-1.7,-6.0,-5.9,-5.3,-5.1,-5.7,-2.6,-4.7,-4.1,-6.9,-4.6,-3.6,-4.7,-7.3,-4.5,-2.8,-7.3,-9.0,-8.1,-9.5,-8.7,-7.2,-7.6,-5.5,-6.2,-3.4,-5.3,-2.7,-2.7,-6.2,-5.9,-5.8,-4.1,-3.4,-0.7,-0.2,-0.1,0.9,0.5,0.4,-0.4,-0.6,-3.1,0.8,1.9,0.7,-0.1,0.7,-8.6,-10.6,-0.2,-4.3,1.8,0.3,-3.4,0.7,-0.3,0.8,-4.4,-1.3,-0.0,-6.2,-6.4,-6.0,-5.4,-5.6,-5.9,-6.8,-5.6,-5.0,-3.1,-2.5,-4.9,-5.3,-5.1,-6.7,-6.9,-5.8,-6.4,-5.4,-5.6,-7.0,-6.1,-4.8,-5.2,-6.8,-5.8,-1.0,-7.5,-5.0,-5.9,-6.1,-6.3,-7.8,-7.7,-4.2,-5.9,-6.1,-5.8,-4.2,-1.1,-0.5,-0.9,-7.6,-1.1,0.2,-0.5,-9.6,-0.3,-0.2,-1.9,-4.5,-4.7,-0.4,-6.4,-7.1,-6.6,-6.0,-7.6,-6.8,-5.5,-8.8,-7.6,-6.9,-6.0,-4.3,0.8,-0.5,0.4,-0.8,-6.2,-0.5,-1.0,-14.6,-0.6,0.2,-0.3,-3.3,-2.2,-5.3,-4.3,-6.1,-6.8,-5.5,-5.1,-4.4,-4.7,-6.7,-9.4,-7.1,-9.4,-9.6,-3.9,-5.5,-9.9,-3.8,-8.9,-7.6,-6.7,-6.1,-4.9,-2.0,-4.8,-1.6,-3.3,0.3,-1.4,-1.4,-0.0,-3.1,-5.3,-2.9,-6.9,-8.0,-5.5,-8.0,-8.3,-8.3,-7.7,-6.9,-9.8,-9.9,-9.7,-8.3,-8.2,-10.8,-4.5,-5.4,-1.9,-1.3,-4.1,-8.0,-3.8,-2.8,-3.6
2C7L50ztv1,0,48.10011,11.630042,4442456.95,2777623.04,543.6,589.3,225,7363,3.1,0.73,0.46,32.66,348.96,-0.53,-0.103,0.842,-0.8,0.2,0.04,0.24,2.4,0.2,-0.3,-1.7,-6.1,1.6,-1.2,1.4,-2.7,4.7,0.5,3.3,1.5,3.7,0.6,4.9,2.2,4.8,4.9,8.1,4.2,5.4,4.2,1.5,5.1,0.8,5.4,7.8,4.6,2.2,-1.7,-4.2,3.2,3.2,1.1,0.5,3.4,4.5,4.5,4.8,6.4,7.4,5.2,0.6,-2.2,3.5,4.8,5.0,5.6,0.3,3.7,2.9,3.9,3.0,3.2,1.2,1.7,2.0,3.4,1.7,2.7,4.6,3.2,-0.4,1.1,11.8,3.0,-1.1,0.4,3.0,2.4,2.0,0.6,-5.3,1.2,-0.5,4.7,3.7,5.2,5.6,4.8,3.8,7.0,2.6,5.6,3.3,4.7,1.6,6.3,7.1,5.2,5.4,4.6,3.5,3.2,1.2,6.1,2.6,3.8,3.6,7.5,6.7,4.0,3.4,6.1,5.6,6.9,5.1,5.4,0.7,-5.6,-3.1,-9.8,-5.1,-5.3,-4.6,-9.3,-6.9,-7.2,-2.4,-4.3,-5.8,-3.9,-1.2,-1.1,-1.2,2.4,1.8,4.1,1.4,3.5,3.1,1.7,1.7,1.1,1.0,3.6,-0.8,1.3,3.7,4.3,5.8,3.1,1.1,0.5,-1.5,2.6,-1.0,-1.2,-3.3,-1.6,0.6,-1.0,-1.3,0.9,5.7,0.3,1.0,0.3,0.8,-1.6,1.3,-0.8,2.4,2.5,0.8,-1.7,1.8,0.5,0.5,-0.5,1.6,2.3,3.0,2.1,-3.0,-3.6,-3.1,-6.2,-3.0,-4.3,-10.7,-4.0,0.9,-2.6,-0.3,1.2,-5.2,7.7,-2.2,6.4,3.7,-4.1,-7.9,1.6,6.7,3.8,4.8,2.3,5.1,1.1,1.5,-0.0,2.0,-2.5,-2.0,-3.0,-7.0,-0.0,-5.4,-5.3
2C7L50ztvy,0,48.100546,11.633433,4442708.52,2777677.01,545.8,591.5,225,7422,1.8,0.91,0.27,32.67,348.96,-0.53,-0.103,0.842,-0.5,0.1,-0.15,0.14,1.2,0.1,-0.3,-0.5,-0.5,0.3,0.0,1.2,-1.1,1.7,2.2,1.4,-2.1,2.3,2.1,1.0,2.8,0.8,0.4,-0.3,0.5,-2.9,-2.7,-2.7,-1.4,-0.2,0.2,-1.5,-0.4,-1.2,-1.6,1.3,-3.8,-3.9,-6.1,-6.5,-3.7,-4.0,-4.0,1.2,-1.2,-1.3,0.2,-1.7,-1.0,-1.4,-1.1,-0.7,-2.4,-0.3,-3.4,0.1,0.2,-0.6,-0.6,-0.9,-0.8,0.8,2.1,-0.4,1.1,-1.3,-1.6,-0.1,0.5,-4.0,-0.5,-8.2,-1.7,-1.7,-0.3,-2.6,1.0,0.1,0.5,-1.0,0.5,-1.5,-0.6,-0.1,-1.8,0.2,-3.8,-2.3,-0.3,-0.6,0.2,1.3,1.2,1.4,0.2,-2.1,-2.5,-0.8,-2.0,-8.1,-2.4,-2.5,-1.7,-3.3,-1.1,-2.1,-4.8,-1.8,-2.0,-1.7,0.4,-2.8,-0.0,-2.6,-1.2,-1.5,-1.0,-0.8,-0.1,-0.4,-0.7,2.0,-0.2,4.5,-0.5,-0.2,1.5,1.6,-1.4,0.4,-1.5,0.0,-0.2,0.3,-0.0,-0.4,-3.3,1.1,-3.0,-4.2,-3.9,-3.1,-3.4,-2.3,-1.4,-0.7,-0.1,-1.5,-5.3,-2.3,0.2,-1.5,-1.6,-1.4,-2.0,-1.0,-0.0,1.1,0.1,-1.7,-1.5,0.0,-0.4,-2.9,-2.9,0.0,0.2,-1.8,-4.0,-3.3,-4.2,-5.2,-3.8,-0.7,-5.0,-4.5,-1.3,-1.1,-3.9,-6.7,-6.0,-4.4,-0.4,-4.3,-2.7,1.9,-2.9,-2.1,0.2,-2.4,-3.5,-3.7,-1.3,-5.8,-1.7,-1.6,-3.0,-4.4,-3.7,-3.2,-6.4,-5.1,-2.2,-2.4,-5.2,-3.0,-2.3,-4.3,-3.4,-4.0,-5.5,-1.3,-1.6,1.7,2.1
2C7L50ztwi,0,48.100892,11.636129,4442908.56,2777719.91,549.9,595.6,225,7468,2.9,0.81,0.37,32.68,348.96,-0.53,-0.103,0.842,0.0,0.1,-0.34,0.22,0.4,0.2,-0.3,-0.9,-0.4,1.7,1.0,0.6,-6.0,0.0,5.6,0.1,-1.4,4.5,-6.1,2.7,-3.0,4.4,0.3,2.9,1.4,1.2,-1.0,-3.6,2.3,-0.1,-2.2,-2.9,0.0,3.0,0.1,2.5,0.1,3.5,-3.1,-2.2,-3.9,0.2,-2.0,1.7,1.2,3.2,2.1,1.2,-1.5,0.3,3.4,2.1,0.8,-5.0,1.5,6.1,3.6,3.4,7.1,5.4,3.9,3.9,7.0,-1.6,5.8,5.2,4.4,5.6,0.8,-0.1,0.7,-5.1,-7.1,6.1,0.5,1.7,14.9,-3.1,5.2,1.8,4.3,-0.6,7.7,2.3,3.2,3.7,-0.2,0.3,-1.3,-0.2,-0.7,0.0,2.1,3.6,2.2,5.0,4.0,0.5,-3.9,0.6,-1.2,0.2,-3.6,0.7,3.2,2.0,-0.3,-0.0,1.7,3.0,2.5,2.0,2.9,3.0,1.9,1.8,2.7,3.2,4.0,2.5,2.2,1.3,0.6,-0.8,-1.1,-1.5,-0.5,-2.1,2.3,0.2,-0.1,1.5,3.1,-0.3,3.0,0.0,-0.3,3.9,-2.6,2.8,0.8,1.8,-1.4,1.3,-0.4,5.0,3.8,-2.8,-3.0,1.3,1.8,5.6,-0.5,-2.6,3.3,1.5,1.2,2.5,3.2,3.3,5.0,5.0,-0.4,5.8,1.1,0.5,10.0,-2.2,1.4,1.1,-0.3,-1.5,3.5,1.7,-2.1,-0.6,1.2,3.2,2.1,-1.1,-1.8,-5.4,-6.4,-0.0,3.0,-7.1,2.3,2.8,3.3,4.1,3.5,1.3,0.2,-1.7,3.5,2.6,1.2,1.8,1.1,3.3,-0.3,1.1,1.6,1.5,2.0,2.8,2.7,-1.1,0.2,2.2,1.5,4.3,-2.9,0.8,-1.3
2C7L50ztxK,0,48.101137,11.638035,4443050.0,2777750.27,537.5,583.2,225,7506,2.4,0.83,0.34,32.69,348.96,-0.53,-0.103,0.842,-0.7,0.1,-0.7,0.18,2.0,0.2,-0.3,-0.3,-2.1,-1.4,-2.3,-2.4,-1.9,-0.2,-1.5,0.7,2.8,0.7,3.8,-0.5,0.3,1.5,1.9,2.9,-0.5,-1.1,-4.4,-2.5,-3.1,-0.3,-0.2,-0.4,1.4,-2.9,-8.3,-6.0,-6.7,-1.8,-6.6,-5.0,-5.0,-1.9,-0.3,-4.9,0.6,6.3,-0.3,0.9,0.4,-1.4,0.5,-0.7,4.2,-1.6,0.1,0.1,-1.6,2.2,-0.2,2.2,-1.5,-2.7,-0.3,3.9,-0.7,-0.8,-0.0,1.5,0.9,0.5,0.5,5.7,4.0,0.8,3.7,0.1,1.1,3.8,0.2,5.2,0.2,1.5,1.0,1.4,0.8,0.2,1.4,4.2,-0.6,1.7,-0.7,0.1,-3.2,0.3,-1.3,-2.6,-3.0,-5.6,-2.1,-1.9,-4.4,-5.0,-2.0,-7.8,-4.2,-3.2,-1.6,-5.0,-2.9,-1.6,-0.8,-1.8,-1.7,-2.3,-3.7,-6.6,-1.8,-0.8,0.7,-0.4,1.0,-0.7,0.8,1.8,1.6,2.4,1.6,2.9,1.8,5.4,0.4,0.1,0.3,1.4,-0.9,0.1,0.2,0.3,-3.4,1.2,-2.8,-3.8,-3.4,-0.9,-0.7,1.2,-2.2,-5.9,-3.5,-3.2,-4.7,-2.0,-0.2,0.9,-5.2,-3.5,-1.9,-2.3,-3.4,-3.5,-4.5,-4.4,0.8,-2.9,-1.0,-2.7,-2.7,-4.6,-5.4,-2.4,-4.8,-7.1,-1.6,-3.3,-5.9,-4.6,-2.9,-1.0,-1.0,-5.4,4.1,8.5,1.4,1.5,-1.4,-0.2,0.2,-0.1,-2.5,-3.4,-2.4,-1.6,-1.6,-4.2,-1.8,-2.7,-5.6,-5.2,-4.2,-5.5,-7.7,-4.9,-7.9,-6.6,-7.6,-2.0,-7.5,-9.4,-7.4,-4.1,-4.2,-1.5,-4.2,-3.2,-2.8
2C7L50ztxL,0,48.101139,11.638053,4443051.33,2777750.56,535.6,581.3,225,7507,1.5,0.91,0.23,32.69,348.96,-0.53,-0.103,0.842,-0.6,0.1,-0.56,0.11,1.6,0.1,-0.3,-1.3,-0.1,-0.9,-0.0,-2.0,-1.6,-0.4,-2.0,0.1,4.9,-1.5,4.1,-0.5,0.2,1.4,1.6,2.2,0.3,-1.2,-3.7,-2.1,-1.7,-0.5,-1.3,0.6,1.0,-0.5,-2.3,-4.7,-4.5,-1.1,-6.4,-5.3,-5.8,-3.1,-2.3,-3.2,0.3,-3.9,-0.7,-0.4,0.2,-0.7,-0.1,-2.2,-1.9,-1.0,-1.9,-1.3,-1.8,0.4,-1.3,0.3,-0.8,-0.7,1.5,2.3,-0.3,-0.4,0.2,0.8,0.2,0.6,3.0,1.8,3.4,1.0,4.5,-0.3,0.9,1.7,-0.2,-0.4,0.1,0.4,1.5,0.3,0.4,-0.3,1.3,2.0,-0.8,-1.0,-2.0,-0.5,-2.2,0.0,-2.0,-0.5,-1.6,-3.7,-2.3,-3.1,-3.7,-3.2,-1.9,-2.6,-0.6,-1.5,-0.8,-4.7,-1.8,-2.1,-0.9,-1.0,-2.3,-1.3,-2.8,-4.3,-1.6,-0.3,-0.7,-0.9,-0.0,-1.8,-1.7,-2.0,-2.2,0.1,-0.6,0.4,-0.1,1.1,-0.9,-1.2,-0.6,2.1,-0.1,-2.2,-0.9,-0.7,-2.2,-0.4,-2.9,-3.2,-3.0,-0.5,-3.1,1.6,0.7,-2.7,-3.5,-1.0,-1.4,-0.3,-0.9,1.4,-1.9,-0.8,-0.2,-1.5,-1.9,0.2,-1.7,-2.5,-0.8,-1.0,-1.6,-1.2,-1.6,-3.7,-3.1,-2.7,-6.4,-6.0,-2.0,-1.2,-5.9,-3.3,-2.4,-2.0,-2.4,-5.9,-1.1,0.3,0.7,-0.4,-1.3,1.6,-0.7,-1.1,-2.1,-3.4,-2.2,-1.8,-2.1,-3.6,-2.0,-3.5,-5.5,-6.6,-4.5,-6.6,-7.6,-3.3,-6.6,-4.9,-4.7,-3.8,-4.8,-5.9,-6.1,-5.0,-3.0,-1.9,-2.7,-2.4,-2.6
2C7L50ztuA,0,48.099745,11.627056,4442235.37,2777577.58,545.4,591.2,225,7310,3.4,0.75,0.47,32.64,348.96,-0.529,-0.103,0.842,-0.6,0.2,-0.47,0.27,0.8,0.2,-0.3,-1.1,-0.5,0.2,-0.8,-0.2,-1.7,-0.6,-0.2,1.3,-8.1,1.9,-2.3,2.8,2.8,3.3,3.7,3.3,1.6,7.8,6.6,-0.9,3.0,1.8,3.1,15.6,4.2,1.6,2.4,6.1,-2.5,-1.5,0.9,0.9,1.5,5.0,6.8,7.9,2.6,6.7,5.7,4.8,5.4,4.4,6.6,9.9,6.6,4.3,2.1,1.1,1.5,2.0,1.6,0.9,3.0,0.9,3.4,5.6,4.1,3.6,3.7,1.2,3.9,-4.6,5.7,3.9,2.4,4.2,5.6,4.3,4.5,2.6,2.8,-1.1,2.0,8.7,-0.0,0.3,4.1,1.1,5.9,0.4,1.2,1.3,5.0,0.7,4.7,0.5,5.2,4.5,4.6,5.3,-0.6,-1.6,2.4,1.5,2.2,6.3,2.3,2.9,2.2,2.3,11.8,4.1,2.6,3.0,-0.7,4.9,3.3,2.4,3.3,3.6,0.8,0.0,3.9,-1.7,-2.8,7.0,3.5,3.7,6.1,4.9,2.2,1.1,3.0,1.8,2.4,0.6,1.8,4.1,0.5,14.7,5.5,0.3,12.6,-2.8,-3.3,-5.5,4.2,3.8,2.4,-0.9,1.1,-1.3,1.9,2.5,1.0,-5.3,0.2,2.5,-2.0,8.8,-0.1,1.6,0.7,1.1,0.9,4.2,2.5,5.5,-3.4,0.9,-4.4,2.3,-2.2,-1.0,5.1,-1.8,-4.3,-1.8,-2.4,0.2,1.1,-5.0,-3.5,-2.3,-13.0,-1.8,3.0,5.7,1.7,2.2,4.3,2.5,2.3,0.8,3.7,0.7,-5.3,7.3,-1.6,-0.6,3.2,11.4,-4.5,-0.8,-6.0,3.5,3.6,0.3,-4.4,2.4,-1.9,-1.0,-0.2,-2.2,0.5,0.6,2.1
2C7L50ztuK,0,48.099807,11.627532,4442270.68,2777585.16,542.8,588.5,225,7320,3.7,0.6,0.67,32.64,348.96,-0.529,-0.103,0.842,-0.1,0.2,0.56,0.28,3.5,0.2,-0.3,-1.5,0.9,-0.8,-0.8,-0.6,0.1,2.1,1.8,0.3,-4.5,1.4,-1.2,2.3,1.8,-7.3,-5.6,-5.1,-4.8,-5.8,-2.5,-4.4,-4.9,-8.7,-4.5,-4.0,-4.0,-10.4,-6.6,-3.1,-8.0,-8.0,-9.7,-10.2,-8.7,-7.1,-8.0,-3.1,-6.0,-5.0,-6.1,-8.8,-3.7,-5.2,-6.8,-9.4,-3.6,-5.9,-3.3,-1.4,-2.9,-0.1,1.9,1.5,-1.3,-2.4,-4.1,-1.9,-2.4,0.1,-0.2,-0.0,-10.3,-11.4,-0.1,-3.0,1.2,-0.5,-3.6,2.0,1.1,3.4,11.0,-0.1,1.6,-6.0,-6.0,-5.9,-7.0,-5.5,-6.9,-6.6,-5.6,-8.1,-3.1,-7.0,-3.5,-5.2,-5.6,-7.8,-7.7,-6.2,-1.2,-4.0,-6.0,-7.2,-11.4,-0.6,-6.3,-8.7,-7.7,-1.9,-8.2,-3.8,-12.8,-7.6,-8.2,-12.6,-11.8,-9.7,-9.8,-9.5,-14.3,-10.9,4.0,3.7,-1.6,-5.8,-0.7,0.8,-1.4,-12.1,0.1,1.5,-3.3,-6.9,-6.6,-4.4,-7.8,-6.9,-6.8,-8.8,-10.1,-9.8,-6.5,-8.1,-9.8,-8.8,-6.9,-3.9,2.6,-0.2,-0.1,0.1,-6.1,-0.3,-1.9,12.6,-0.1,1.0,-0.2,-7.3,-1.3,4.3,-6.7,-6.0,-2.5,-9.8,-11.2,-8.0,-3.4,-6.2,-9.5,-8.5,-9.8,-9.5,-4.7,-9.2,-11.0,-3.0,-9.2,-8.0,-4.6,-5.0,-15.4,-8.5,-2.6,0.7,-2.2,6.4,-8.1,-0.2,0.4,0.2,-1.4,1.0,-4.1,-0.2,-0.7,-8.2,-9.7,-7.6,-8.7,-8.9,-11.0,-9.4,-10.5,-8.5,-3.3,-6.4,-5.6,-3.1,-1.4,0.5,-3.5,0.3,-1.3,-2.0,3.1
2C7L50ztuS,0,48.099872,11.628043,4442308.65,2777593.31,543.6,589.3,225,7328,2.2,0.88,0.38,32.65,348.96,-0.529,-0.103,0.842,-0.9,0.1,-0.52,0.17,0.1,0.1,-0.3,-2.0,0.8,1.7,-2.1,-0.2,-0.3,2.7,0.3,-0.2,0.9,0.8,-0.7,0.6,-0.8,0.4,1.1,1.7,1.0,1.4,2.6,1.6,1.1,-1.8,3.4,4.1,2.8,0.9,-1.3,-0.6,-0.7,1.8,-3.1,-4.3,-3.2,0.3,-0.1,3.5,2.9,4.0,1.2,-1.4,-1.7,2.0,0.8,3.4,1.0,9.6,-1.2,4.0,2.0,3.7,1.6,1.6,1.4,2.5,2.2,-0.8,1.3,0.7,1.8,1.1,1.8,-2.9,1.6,4.0,3.7,1.9,3.1,0.7,1.5,-1.3,-0.9,1.4,-0.2,-0.3,2.2,2.3,0.9,2.3,0.5,0.6,-0.3,0.8,1.8,1.1,-1.2,1.7,0.8,-0.4,1.4,1.2,-0.2,-2.7,2.9,-0.0,2.3,-2.4,0.3,-1.0,4.6,0.8,2.4,-0.1,2.1,3.3,3.4,2.0,-0.2,0.9,-0.1,-1.1,0.8,0.0,0.5,-0.6,-1.9,1.9,-3.2,-1.9,-1.5,2.0,-0.5,-1.5,-0.3,0.2,1.9,-2.1,0.7,-0.2,0.5,-0.5,1.9,3.7,3.4,-1.8,-0.1,1.4,4.3,4.5,-0.1,-1.2,1.9,-0.0,1.0,-0.8,-0.1,-6.2,-0.3,2.3,2.9,-1.1,-5.1,1.1,-0.5,2.2,1.9,1.6,0.0,0.5,0.9,-0.8,-0.9,0.4,-0.5,1.3,-4.7,-1.1,-7.1,-3.9,-3.5,-1.7,-2.5,-7.2,-4.8,-6.2,-0.5,-7.4,-5.4,9.3,-3.6,-4.0,-3.1,-1.9,-4.3,-5.1,-0.2,-3.1,-1.0,-2.7,-3.1,-2.9,-5.6,-2.3,-5.3,-1.8,-2.1,-0.3,-2.7,-2.1,-2.6,-6.3,-2.7,-1.0,0.9,0.8,-1.5,-5.3,-2.4
2C7L50ztur,0,48.100036,11.629314,4442402.93,2777613.54,536.5,582.2,225,7353,2.6,0.84,0.41,32.65,348.96,-0.53,-0.103,0.842,-0.8,0.1,-0.69,0.2,0.1,0.2,-0.3,-0.0,0.3,0.5,2.7,0.6,4.0,1.5,1.9,0.3,3.1,1.1,3.0,1.3,-0.5,0.5,1.0,3.0,-1.7,-2.2,-0.1,-1.8,-0.5,-2.4,3.0,-0.2,-2.2,-2.1,-0.6,-1.5,-7.3,-0.0,-6.7,-7.3,-4.8,-3.6,3.4,-1.1,0.3,1.6,-1.9,-1.7,-3.9,-2.0,-1.5,-0.7,-1.5,-2.2,-1.7,-1.5,-1.7,-2.5,-2.3,-0.5,-5.9,-3.6,1.3,-1.1,4.6,-1.7,-1.4,-1.0,-1.3,2.5,-0.2,4.8,1.3,-1.8,0.5,-1.3,-1.8,-1.6,-2.1,-5.5,-0.9,-1.1,-1.0,0.1,-0.4,-6.2,-1.8,-1.6,-0.6,-0.1,1.2,0.2,6.9,3.7,4.1,4.6,-4.1,-3.2,-0.3,-0.6,12.1,-6.3,-3.4,1.5,-2.1,-2.2,-0.4,-1.1,-1.8,-3.1,0.6,-1.6,2.3,1.6,1.8,2.9,2.3,1.6,0.5,1.1,0.8,-0.1,0.5,0.2,-0.3,0.8,0.1,1.3,-0.7,-0.3,-1.0,0.1,-1.3,-2.8,0.5,-1.0,0.1,1.8,0.1,-3.7,-1.0,-0.1,1.0,0.1,-1.5,4.5,2.8,1.2,-2.7,-2.3,-2.3,-5.2,-2.7,0.7,-2.8,-3.6,-0.8,-0.7,-5.8,-3.8,-1.0,0.8,-4.7,-3.5,-2.8,-1.1,-0.9,-1.9,0.9,-2.8,-4.0,-1.5,-1.8,0.5,-1.7,0.5,1.4,0.7,-0.9,-2.5,-3.0,-3.8,-3.7,-3.5,-2.5,-1.5,-3.2,-2.2,-4.3,-5.0,-4.4,-3.3,-7.1,-3.0,-2.7,-3.4,-3.0,-0.4,-3.8,2.5,-11.5,-0.1,-6.4,0.2,1.2,-3.2,-0.2,-6.4,-6.4,-6.6,-6.7,-4.7,-7.7,-6.7,-7.2
2C7L50ztvX,0,48.100346,11.631729,4442582.12,2777651.98,539.8,585.5,225,7395,2.3,0.88,0.33,32.66,348.96,-0.53,-0.103,0.842,-1.1,0.1,0.66,0.18,0.8,0.2,-0.3,-1.0,-0.0,-0.5,-1.7,0.5,-2.4,-1.7,-0.2,0.3,-1.2,0.2,0.9,-0.5,-0.1,-0.5,-1.2,10.0,5.7,4.0,5.3,3.4,-1.0,1.8,2.7,-0.3,-0.0,2.8,3.6,3.1,-5.4,-3.5,-8.5,-8.5,-6.0,-7.3,-5.7,-1.2,-2.7,-2.8,-2.1,-2.0,-2.3,-2.0,-2.3,-2.4,-1.0,-2.9,-2.6,-1.6,-2.1,-1.7,-1.2,-1.6,-1.9,-3.7,-2.0,-1.8,-2.4,-4.3,-3.9,-4.0,-2.4,-6.1,-2.4,-4.3,-2.8,-2.9,-3.7,-1.5,-2.8,-3.7,-3.3,-3.2,-2.7,-4.6,-2.1,-3.2,-2.6,-2.9,-3.4,-3.9,-4.2,-2.8,-2.2,-3.1,-2.0,-2.3,-3.9,-3.6,-3.6,-1.4,-3.0,-4.9,-4.2,-6.1,-6.0,-5.0,-2.5,-4.0,-2.5,-3.1,-3.0,-1.7,-1.6,-3.3,-4.0,-3.1,-4.7,-2.5,-3.0,-3.9,-4.1,-4.7,-4.1,-4.6,-4.2,-4.5,-5.0,-4.6,-4.1,-2.7,-6.3,-5.5,-5.3,-3.8,-3.1,-4.3,-2.9,-3.7,-4.3,-2.8,-3.0,-3.7,-4.7,-5.1,-6.4,-5.0,-4.0,-4.6,-2.7,-6.2,-5.6,-6.1,-5.7,-7.3,-5.2,0.1,-6.1,-4.5,-5.2,-2.2,-5.7,-6.2,-4.2,-4.3,-6.4,-5.3,-5.1,-3.5,-5.4,-3.5,-3.8,-4.6,-3.3,-8.6,-4.6,-3.2,-6.6,-5.0,-5.1,-4.6,-6.6,-5.9,-4.7,-5.3,-13.7,-6.4,-3.7,-19.7,-5.1,-5.4,-3.6,-3.3,-3.2,-4.5,-2.6,-3.0,-3.9,-0.7,-5.7,-9.3,-3.7,-5.3,-5.6,1.8,-3.9,-3.8,-5.3,-6.7,-6.3,-5.1,-6.7,-6.2,-6.4,-8.1,-7.1,-5.7,-10.8
2C7L50ztva,0,48.100337,11.631656,4442576.71,2777650.84,525.5,571.2,225,7398,4.1,0.71,0.42,32.66,348.96,-0.53,-0.103,0.842,1.1,0.2,-1.21,0.31,0.8,0.3,-0.3,-2.0,1.0,-2.8,0.6,-0.9,4.2,1.3,-4.7,-0.1,5.3,-4.0,5.1,16.7,-2.1,5.5,3.2,10.0,-1.0,2.1,-5.3,-6.1,-3.4,-4.6,16.7,-5.0,-2.8,-2.2,15.5,-6.1,-1.4,0.8,-7.7,-12.9,-8.6,-10.4,-9.3,-7.9,-8.8,-2.2,18.3,-5.2,-2.1,14.7,0.3,14.8,1.4,5.3,6.0,4.5,4.2,4.3,2.0,-1.6,4.6,-3.1,3.8,3.2,1.2,3.2,1.7,3.7,3.0,10.1,2.9,7.0,5.4,0.8,9.8,1.2,1.7,1.0,0.8,1.9,3.8,2.2,3.5,0.8,-1.6,-1.4,1.1,3.9,10.7,5.6,5.6,4.4,7.8,5.0,5.5,6.1,5.7,5.4,6.5,1.3,6.9,3.8,2.8,4.4,5.0,5.5,2.8,3.0,5.6,3.2,5.5,4.2,1.2,4.1,1.4,4.0,-0.4,2.1,3.1,2.5,3.4,1.9,4.8,3.2,3.0,4.5,3.9,7.7,1.5,3.8,5.4,4.6,7.1,7.2,5.2,4.2,3.4,2.8,3.7,5.0,6.0,5.5,7.0,6.6,6.5,8.9,6.4,5.5,5.7,4.0,6.0,7.4,6.9,10.0,8.6,6.5,7.6,6.2,5.6,6.2,6.2,6.0,6.0,6.1,5.2,6.6,3.7,6.1,7.9,4.7,4.9,3.6,6.7,6.0,3.0,3.6,5.4,4.3,4.3,4.2,6.8,5.5,7.7,5.0,5.2,5.5,5.9,4.1,4.2,7.8,7.6,2.0,5.3,3.3,5.3,6.2,4.6,6.9,5.0,7.1,4.0,7.2,3.2,1.9,-0.0,4.7,2.5,8.2,5.0,4.5,6.7,5.9,3.2,3.5,4.1
2C7L50ztxF,0,48.101173,11.638176,4443060.37,2777754.53,557.8,603.5,225,7501,2.1,0.88,0.37,32.69,348.96,-0.53,-0.103,0.842,0.1,0.1,-0.55,0.16,0.6,0.1,-0.3,0.5,-1.1,0.8,-0.1,0.7,1.0,1.1,1.7,0.9,-1.1,0.7,2.7,0.1,-0.7,1.0,2.3,0.1,-1.3,-1.8,-3.6,-2.4,1.1,-0.4,-1.1,-0.5,1.7,-0.4,2.2,0.1,1.4,4.3,-2.3,-2.5,-3.3,0.2,-1.7,-1.3,2.8,0.1,1.4,0.9,1.1,-0.3,1.3,-0.8,-1.2,2.6,2.3,-0.6,-0.3,-0.0,-0.6,2.9,-2.7,-2.7,-5.9,-2.4,-5.1,-1.7,-1.6,-4.2,-4.0,-3.0,-0.8,1.8,-0.6,0.2,0.5,-3.3,-2.4,0.9,-2.4,0.5,0.1,-2.2,-1.7,0.8,-0.8,-1.8,-2.2,-1.4,0.5,0.6,0.4,-0.3,-1.8,2.9,-0.4,-2.7,0.3,-1.0,-1.0,3.6,-1.4,0.9,2.1,3.0,2.1,1.9,2.7,2.6,5.9,4.4,1.5,5.6,0.4,-0.4,0.3,-2.0,-2.0,-0.3,0.2,0.7,0.3,0.1,0.2,-0.0,1.8,3.9,0.4,1.9,3.6,0.8,2.7,-1.5,0.2,2.0,1.2,1.1,0.9,2.1,4.1,8.4,2.3,4.0,1.2,1.5,1.4,1.7,5.3,7.1,3.7,1.1,4.0,2.4,1.0,-2.8,-1.9,-2.3,7.2,-0.4,-0.3,2.1,1.4,-0.5,3.2,0.5,3.1,1.6,-0.0,-3.9,1.9,2.7,2.0,-0.9,3.0,3.4,-1.0,0.3,2.7,0.3,-0.0,-1.6,2.3,2.4,-2.8,1.4,3.6,6.3,0.0,1.1,0.5,-0.0,0.2,-1.1,-1.7,-2.2,-3.2,-1.9,-0.1,-0.3,-1.2,1.1,1.2,-1.0,1.0,-1.7,-1.8,-2.9,-1.0,-1.7,-1.3,0.8,-0.8,1.8,2.4,-0.1,1.0
2C7L50zttm,0,48.099565,11.625507,4442120.45,2777555.01,538.2,583.9,225,7286,4.4,0.61,0.44,32.64,348.96,-0.529,-0.103,0.842,-0.4,0.2,-0.84,0.33,3.0,0.3,-0.3,-1.4,-0.6,-1.5,-3.0,-1.9,-0.6,0.7,1.1,-0.2,0.7,-0.9,2.5,3.2,-0.9,-2.2,0.3,-1.0,-1.8,-2.9,-0.9,-2.4,-1.7,-4.4,-6.1,1.4,-0.7,-2.5,-0.8,-4.4,-3.9,-5.8,-8.1,-4.3,-6.2,-8.0,-2.3,-1.4,-3.4,-1.3,-1.9,-4.0,1.8,-4.2,-3.3,-5.6,-2.1,0.2,-3.6,-3.4,-3.1,3.9,0.6,0.1,-1.4,1.0,0.0,2.4,1.0,1.8,0.9,-2.3,1.0,-3.9,3.2,-3.4,1.8,0.1,-1.0,-0.1,-0.9,1.9,0.2,0.4,-2.5,-1.2,-0.2,-0.5,-1.4,-1.1,-1.5,-1.2,-3.7,-2.5,0.1,1.5,-3.1,-2.0,-7.2,-2.1,-1.6,-3.6,-3.5,-7.0,1.3,-6.2,-2.8,2.0,-1.6,-3.0,-1.5,-2.4,-4.1,-0.1,-0.9,-2.8,-2.1,-1.6,-3.5,-0.6,-2.9,-4.2,-1.8,-1.9,-4.5,-1.7,2.1,-6.3,-1.1,3.7,-0.3,-4.2,2.6,-0.3,1.8,1.8,-1.5,-3.3,2.4,-1.0,-10.2,-1.0,0.5,-6.5,-0.3,-4.0,-7.4,-5.2,6.4,-1.5,0.7,4.0,-4.2,-14.4,-0.1,-5.3,-0.7,-13.3,3.6,1.0,0.6,4.0,1.2,0.3,3.4,1.1,2.8,-3.4,6.7,-8.8,-1.8,10.2,-6.0,-10.9,6.4,-6.9,-7.0,0.2,-20.4,-17.2,-4.8,-14.9,-15.9,3.3,6.6,6.1,1.9,1.6,2.2,0.9,6.1,3.7,2.6,6.8,13.6,4.2,-1.1,7.5,-5.8,-3.8,-9.5,-14.5,-4.1,-4.8,-10.6,-7.9,-7.1,-9.1,-14.9,-16.3,-8.9,-16.8,-14.1,9.3,-0.7,-0.6,-0.4,-0.4,-9.1
2C7L50zttz,0,48.099665,11.626285,4442178.17,2777567.39,539.7,585.4,225,7299,4.1,0.68,0.5,32.64,348.96,-0.529,-0.103,0.842,-0.9,0.2,0.16,0.31,0.7,0.3,-0.3,0.6,5.6,-4.3,-0.4,12.2,-3.4,7.8,-3.8,-1.2,-7.9,-7.9,6.3,5.3,4.5,-0.2,-0.9,-0.3,-0.5,-0.7,1.0,-5.7,4.2,-9.5,-0.4,0.9,-4.6,1.0,2.6,-0.3,-2.3,-1.4,-2.8,-4.3,-1.0,-4.3,0.1,-2.0,0.9,5.0,4.5,1.5,-3.0,-2.5,-1.8,-1.3,-3.4,11.8,0.7,2.2,6.3,3.4,-2.5,-2.7,-1.8,-3.1,-2.3,-0.0,3.7,1.4,-4.2,1.3,-4.7,-5.8,0.3,-6.0,-14.5,0.6,1.3,0.7,-7.7,5.5,1.9,4.1,-4.7,1.1,1.8,3.2,2.6,-1.4,-0.7,4.5,-5.8,-5.0,-2.5,-0.6,0.5,-6.4,1.0,-0.2,-1.2,-1.2,-3.3,-3.5,1.1,0.3,-3.4,-0.5,0.2,0.5,2.5,-1.9,-0.3,0.7,2.5,3.0,-1.6,-1.5,-7.6,0.7,-0.7,-1.8,-5.2,12.0,-7.1,9.0,-5.8,-4.1,-3.3,-4.2,-1.8,-8.8,1.2,-5.7,-11.6,-1.1,2.9,-2.8,-2.0,1.9,-3.7,3.6,-2.8,0.5,-1.2,1.2,1.1,2.0,2.3,0.5,1.6,2.6,-0.9,-4.9,-4.7,-1.8,-6.6,-12.1,-2.2,-2.2,-3.5,-0.5,-0.8,-8.0,-6.1,-3.5,-2.5,-1.3,-4.2,-2.4,-5.4,-0.3,-5.7,-3.4,-3.1,-3.5,1.5,-3.3,-4.0,-13.1,-2.8,0.7,-5.5,-4.7,3.1,-0.9,-1.0,-4.3,-2.2,-2.4,-1.2,-6.3,-6.5,-2.8,-7.8,-6.4,-2.3,-1.9,-4.4,-0.8,-3.3,-7.9,7.6,1.7,-12.4,-1.9,-0.1,1.8,-2.6,-11.3,3.7,-7.2,-6.5,-5.9,-4.2,-4.5,-4.7,-6.3,6.1
2C7L50ztuk,0,48.100006,11.628938,4442375.0,2777609.62,539.1,584.8,225,7346,3.2,0.79,0.37,32.65,348.96,-0.53,-0.103,0.842,-0.2,0.2,-0.79,0.24,0.9,0.2,-0.3,-0.1,1.7,1.7,-0.3,-0.3,-4.4,2.6,-0.0,0.7,-1.4,0.4,-5.6,2.4,1.6,3.6,2.2,3.0,0.8,2.1,5.9,2.9,2.1,1.0,3.4,3.3,4.2,-0.1,-2.4,0.2,-2.6,-5.4,-3.2,-1.1,-1.2,0.6,-1.8,2.0,0.9,2.3,0.8,-0.6,-3.8,3.2,0.2,-0.5,0.8,-3.2,-1.1,-0.6,-2.7,-1.2,1.2,1.6,-1.2,-1.0,1.0,-0.1,2.4,1.1,-1.1,-1.4,-1.2,-6.4,0.4,1.6,-5.7,-0.6,-0.6,1.4,2.4,14.1,1.3,-1.8,0.9,2.1,1.3,1.0,1.2,1.1,0.1,1.3,2.0,0.6,2.4,5.6,1.8,4.2,-0.3,0.2,2.5,4.9,-0.1,-1.8,2.7,1.0,0.9,1.5,0.0,0.8,-0.8,-0.0,-0.6,-0.5,1.6,2.8,3.5,0.9,1.2,1.1,0.4,1.6,2.6,2.7,4.4,4.7,-3.0,-5.4,-0.1,-5.2,-0.6,-5.6,-0.6,-1.4,-0.2,-1.1,0.4,-1.8,2.4,4.8,3.4,-0.6,-1.9,-8.6,4.8,-3.3,1.1,-0.5,-0.7,3.9,-0.6,-2.1,-0.6,-2.0,3.3,0.5,14.9,13.7,6.8,6.5,4.1,-6.4,3.7,3.7,6.4,1.5,0.9,1.2,5.0,9.5,7.0,0.8,0.8,6.2,-3.2,-2.3,-2.6,4.7,-2.2,1.5,2.5,1.5,-2.5,-5.5,-9.1,-9.3,-3.1,0.8,-0.5,0.7,-0.7,1.1,0.4,0.2,2.6,2.8,2.2,-2.5,-0.6,1.0,-3.9,0.5,-2.1,-2.7,-1.6,-0.0,-1.3,-0.6,-2.0,-2.2,1.0,-2.1,-3.3,-2.5,-1.7,-2.0,-8.3,-0.3,-1.7
2C7L50ztve,0,48.100419,11.632155,4442613.64,2777660.8,541.1,586.8,225,7402,2.0,0.9,0.37,32.67,348.96,-0.53,-0.103,0.842,-0.3,0.1,-0.18,0.15,1.0,0.1,-0.3,2.2,2.7,2.8,1.7,2.9,0.5,1.4,1.7,1.0,-5.5,2.3,2.8,0.2,1.8,1.0,2.8,3.6,2.8,0.9,0.9,0.1,3.3,1.9,2.1,1.0,2.0,1.6,3.4,3.5,1.0,1.1,-1.3,-2.6,-0.6,-2.6,0.0,5.0,3.1,2.8,3.0,0.6,2.5,0.9,1.8,1.1,0.7,-0.1,2.4,-0.2,2.2,0.9,1.6,-0.9,0.9,-3.2,-0.5,-2.1,-1.6,1.0,0.2,2.8,2.6,-7.4,3.3,-0.5,3.6,3.9,0.1,4.1,6.6,1.1,1.1,2.9,2.3,6.0,6.8,3.8,2.8,2.6,9.3,3.0,4.6,2.9,3.3,3.3,4.0,2.8,1.9,2.4,1.5,-0.4,-1.4,0.7,1.9,0.1,-1.2,-0.2,2.3,2.5,0.7,1.3,3.6,2.8,2.7,2.3,1.5,1.1,1.2,0.5,0.6,2.1,0.5,0.4,0.5,0.8,0.7,0.5,1.2,2.3,2.5,1.4,0.8,1.0,1.9,4.0,4.9,1.5,3.4,3.0,0.6,3.5,1.2,0.8,-1.3,2.2,0.8,1.3,0.5,3.7,2.0,3.6,-2.4,-1.5,-1.8,0.4,-0.4,-3.0,-1.3,0.2,4.7,-0.2,-2.5,0.4,1.2,-0.8,-0.2,2.3,0.5,2.8,1.7,3.9,2.3,0.0,-0.4,-1.8,1.0,0.9,-1.3,0.6,2.2,1.1,-0.7,-1.9,-3.7,-2.3,-2.1,-1.3,-1.0,7.0,-1.0,1.8,-0.1,0.5,0.2,-0.5,1.7,-1.0,1.0,0.3,-5.2,2.0,0.4,2.9,0.9,5.7,2.4,1.1,0.5,0.8,1.2,-3.0,-0.1,0.4,-0.1,-0.2,0.4,1.8,1.2
2C7L50ztw7,0,48.100635,11.633838,4442738.5,2777687.58,542.9,588.6,225,7431,4.3,0.66,0.46,32.67,348.96,-0.53,-0.103,0.842,0.3,0.2,0.43,0.33,0.7,0.3,-0.3,-1.1,-1.4,-0.0,-0.5,0.6,-1.4,-1.3,3.5,0.4,0.8,0.9,7.0,-3.7,-4.5,-0.3,-2.8,-0.9,1.9,-5.3,1.7,-7.6,-6.5,1.0,-2.5,-1.6,0.4,-1.1,2.8,-5.6,4.5,1.1,-4.8,-3.6,-4.6,-11.9,-4.5,5.0,-0.8,-4.9,-4.0,1.5,1.7,5.0,4.7,0.9,-0.1,-11.5,-6.6,-1.8,-9.2,-18.1,6.1,0.1,-0.2,-1.6,-0.2,8.8,-0.8,1.5,4.9,-17.9,-3.2,-1.0,-0.6,-1.9,-5.6,0.5,1.5,1.9,0.8,3.9,-1.5,0.5,-2.0,-4.2,-6.7,-4.1,-0.6,-1.6,-6.6,-6.5,-6.3,-11.6,-1.5,3.2,-0.8,-5.3,-7.7,-4.0,6.0,1.3,5.0,-8.0,-3.4,-1.7,-0.5,-5.3,-11.2,3.7,-8.2,-2.7,4.3,6.1,4.2,-3.1,-5.8,-18.2,-2.5,-6.7,-4.8,-6.8,-2.1,-4.5,-3.0,-4.3,-1.8,-3.9,-3.2,-6.4,-1.6,-0.2,-2.8,-3.4,-0.9,-0.6,-0.4,-0.1,-1.6,-2.9,-7.9,-5.1,2.9,0.0,-0.6,0.9,1.3,-1.6,-3.2,-2.7,0.7,-0.9,0.1,1.4,-3.1,-1.4,-2.0,0.5,-1.1,-2.7,-3.5,3.2,-1.5,3.8,1.9,4.3,3.6,4.3,5.3,4.0,0.8,4.5,-0.2,2.6,-10.7,-3.2,-3.4,-5.7,0.1,2.2,3.0,2.2,-17.5,-4.9,-4.8,3.1,3.1,0.7,-2.8,-0.2,4.4,1.8,1.8,-2.2,-1.8,-1.5,-5.3,-2.5,1.5,1.0,0.7,-5.3,-2.0,-2.5,-9.4,-5.6,1.2,0.3,-0.4,3.1,-3.9,-4.5,3.0,2.5,5.1,3.6,0.8,0.6,-2.8
2C7L50ztwQ,0,48.100766,11.634854,4442813.89,2777703.76,537.9,583.6,225,7450,4.1,0.67,0.44,32.68,348.96,-0.53,-0.103,0.842,-0.7,0.2,-0.49,0.31,0.4,0.3,-0.3,-6.8,-1.4,-3.2,0.3,-1.5,11.8,-1.0,-2.2,3.1,11.6,2.4,-4.5,-1.4,-1.5,-0.6,3.1,1.9,4.6,4.6,0.9,2.7,2.4,-13.4,-1.9,2.3,-0.2,3.1,-5.6,0.9,-3.0,-3.3,-0.2,-2.7,2.0,0.0,2.2,6.0,2.4,1.0,-2.6,-0.6,-4.7,3.6,4.1,6.3,5.0,-3.3,-1.1,0.8,3.6,2.9,-0.2,4.1,2.5,0.7,-0.7,-5.5,-0.1,-5.1,-1.9,-1.8,1.2,-2.8,-1.9,9.7,2.3,-4.3,0.5,-0.9,0.9,-6.2,-0.5,-5.1,-2.2,-1.2,1.3,1.3,-0.2,-1.7,3.7,2.7,-0.1,1.2,2.9,1.3,5.5,2.5,3.9,1.7,4.9,2.1,-1.5,-2.1,0.3,-0.0,2.6,-0.8,4.5,3.5,1.0,0.5,2.8,1.2,3.4,3.7,4.6,4.8,4.0,-0.6,1.9,2.3,1.2,-0.2,1.0,0.3,-8.0,-1.6,1.6,-1.1,2.3,-3.6,5.6,-9.7,2.3,2.3,3.6,-2.9,2.4,-0.8,-2.3,0.0,-4.1,-4.4,-1.1,-3.3,-1.1,0.7,0.2,1.6,2.5,-2.6,4.8,-7.1,-0.3,-6.0,-1.6,-7.4,5.2,2.2,0.1,-6.1,-3.8,1.7,3.1,-2.3,-6.7,-0.5,0.6,-1.4,1.0,-2.7,0.2,-5.9,1.0,3.6,-3.1,6.5,-1.7,-0.4,1.3,7.2,-3.6,-8.2,-10.5,-11.8,-2.7,-2.5,-3.5,9.0,9.6,4.3,3.5,1.3,-1.8,-14.0,-3.4,-6.6,-0.7,-0.1,1.7,-0.6,-4.1,-13.9,-1.9,-3.5,1.2,2.4,-0.0,-9.9,1.4,-5.0,4.2,0.1,-6.2,-14.8,-8.7,3.0,-3.9
2C7L50ztxM,0,48.101181,11.638092,4443054.14,2777755.31,535.3,580.9,225,7508,2.1,0.84,0.38,32.69,348.96,-0.53,-0.103,0.842,-0.4,0.1,-0.93,0.17,1.9,0.1,-0.3,-1.0,-0.5,-1.4,-1.6,-1.5,-2.4,-0.1,-0.3,-1.0,-2.8,-0.5,-0.3,0.0,2.5,1.8,2.5,3.8,4.4,-1.2,-2.4,-0.3,0.3,0.7,-7.3,3.6,2.5,3.3,-3.5,-2.5,-1.1,3.2,-4.6,-2.2,-4.8,-2.7,-5.2,-1.6,2.6,-2.6,1.9,0.7,-3.0,-3.4,3.9,-0.5,-0.5,0.3,-1.6,-0.9,2.0,2.4,2.3,5.1,3.9,4.7,6.9,6.6,3.1,2.0,2.9,1.9,4.3,2.4,10.9,3.9,6.3,3.7,5.5,3.1,1.7,6.7,3.5,0.6,2.0,2.5,3.1,1.6,4.2,3.3,0.4,3.1,1.4,-0.8,-2.4,1.1,-3.9,-0.2,1.3,4.0,1.0,-1.8,1.3,0.4,-2.3,-1.1,-0.2,-0.2,1.5,1.2,1.3,-3.4,-0.5,0.7,0.4,2.0,1.2,2.2,3.2,-0.7,1.3,1.5,2.4,1.4,1.5,2.8,2.7,0.7,1.8,2.2,3.5,2.6,3.6,4.0,0.3,-1.1,2.9,1.5,0.3,-1.4,-1.0,3.1,0.1,1.3,-1.9,-1.0,3.4,-1.4,-1.0,2.9,1.9,2.3,-0.0,-0.4,1.0,3.4,4.1,4.4,1.4,2.5,2.6,1.5,-2.0,1.1,1.0,0.3,1.4,2.1,1.1,2.0,0.8,-3.3,0.4,-1.2,-4.1,-3.4,-2.7,2.3,-5.8,-0.7,-0.5,-3.0,-0.4,-2.5,1.2,-0.6,3.0,0.8,0.7,7.5,-0.8,1.1,0.0,-0.7,-3.6,1.3,-2.5,-3.6,-4.5,-1.5,-2.9,-4.3,-1.7,-3.5,-4.3,-1.9,-4.6,-1.4,-1.5,0.4,-2.3,-1.5,-1.6,-0.2,0.9,0.0,1.4,1.3,0.9
2C7L50ztxO,0,48.101187,11.638133,4443057.17,2777755.96,532.0,577.7,225,7510,3.9,0.66,0.45,32.69,348.96,-0.53,-0.103,0.842,-0.5,0.2,0.13,0.3,2.4,0.3,-0.3,4.7,0.9,-1.3,-0.1,-1.5,4.6,1.2,0.8,-1.2,-3.7,-3.5,4.1,-0.8,-3.9,-3.8,-3.2,-9.2,5.5,-4.6,-6.2,-7.8,-2.2,-5.1,5.9,-0.7,6.9,-7.1,5.7,-11.9,-7.9,-0.4,-8.3,-5.1,-5.6,-4.2,-13.2,-6.3,4.7,-8.8,0.8,-5.3,-4.2,-4.1,-0.6,-4.6,-3.6,0.2,-0.8,-0.8,-2.7,-2.2,2.3,-8.4,-0.1,-1.9,-1.9,0.0,-1.0,-9.1,-3.0,1.5,-3.0,-6.1,2.4,5.5,-1.8,-0.6,5.9,-0.7,-0.5,3.1,-1.6,-2.5,-0.1,-2.9,-2.1,-2.0,11.5,-3.1,-1.0,0.4,-6.6,-5.2,-2.5,0.9,-0.9,-2.2,-6.6,-18.2,-7.3,-9.9,-5.1,-3.0,-3.8,-8.9,-8.4,-1.3,-6.4,-12.6,-7.0,-2.0,-2.9,-5.8,-4.0,-1.9,-7.1,-4.6,-9.4,-3.3,-6.3,-4.0,-4.6,1.1,-3.1,-1.8,3.7,-4.6,-8.1,-3.2,-3.3,-3.1,-1.3,-2.9,-3.5,-4.1,-2.7,1.9,-2.7,-0.4,-4.0,-2.8,2.9,-4.0,-11.3,-14.0,-9.2,-9.3,-1.9,-3.5,-7.0,-0.9,-2.3,-5.4,-5.1,-6.0,-5.5,-3.8,-3.1,0.6,4.2,-0.4,-3.1,-1.9,-0.6,-2.4,-3.3,-2.0,-0.5,-1.9,1.4,7.1,-0.3,-13.2,-7.3,-6.5,-3.8,-6.1,-9.9,-8.3,-5.8,-7.5,-3.9,-8.1,0.9,-1.8,1.5,-2.8,-5.8,-5.3,-2.6,-3.2,-3.2,-5.8,-2.6,-1.7,-3.0,-6.0,-6.2,-7.5,4.9,-5.2,-19.1,-9.7,-8.5,-3.6,-4.6,-4.2,-12.9,-5.6,-3.0,2.0,-4.6,-7.5,-3.8,-0.5,-3.6,-1.2,-5.5
2C7L50ztut,0,48.1001,11.629526,4442418.56,2777621.02,543.3,589.0,225,7355,3.0,0.8,0.42,32.65,348.96,-0.53,-0.103,0.842,-1.2,0.1,0.49,0.23,0.8,0.2,-0.3,-3.5,-0.6,-0.5,-1.2,-3.6,-4.0,-0.4,0.3,-0.4,-4.6,-0.5,-3.8,0.3,-2.5,2.7,2.8,2.7,4.2,2.5,9.3,1.9,5.5,0.4,4.3,1.8,5.6,1.6,-2.2,-3.2,0.6,-4.4,0.5,-1.3,0.8,2.6,3.1,4.1,2.9,5.6,4.7,0.2,-4.5,1.8,1.2,3.1,-0.5,-4.5,-3.8,-0.1,-2.4,0.9,0.1,-0.2,0.4,0.6,-0.6,-0.9,-0.3,0.6,-1.3,0.6,2.5,-5.1,-2.8,-2.6,-3.1,-1.9,-0.9,2.6,2.2,-4.3,3.5,-2.3,1.8,5.5,3.5,0.0,-1.1,2.8,-1.0,4.4,-1.7,-2.4,-1.7,-2.5,-0.3,-0.6,-1.1,-4.2,-3.3,-3.8,-4.3,-2.4,-0.2,-3.1,-2.3,-3.7,-2.3,-2.7,-1.9,-4.4,-2.4,0.6,-3.3,-2.5,-2.1,-3.0,-4.0,-4.0,-4.0,-4.8,-5.3,-3.7,-5.1,-3.3,-1.8,-6.4,-4.9,-3.0,0.9,-0.7,-1.5,0.1,-2.9,0.9,2.5,-5.1,-4.4,-5.3,-7.2,-5.2,-7.2,-4.7,-1.9,-5.5,-4.2,-4.7,-5.9,-2.0,-1.3,-2.1,-4.6,-7.9,-5.2,1.0,-4.0,-12.1,-1.0,-1.0,-5.1,2.4,-2.4,-8.0,-4.9,1.8,-1.0,-2.8,-3.6,-2.2,-3.4,-4.0,-5.2,-17.7,-7.5,-6.2,0.6,0.5,-5.5,-3.2,-0.8,-3.3,1.1,-2.9,-7.6,-0.8,-10.6,-5.5,-4.1,-15.6,-4.6,-4.0,-4.1,-5.4,-4.9,-4.6,-0.4,-4.0,-2.5,-0.6,-4.7,-8.4,-3.6,-0.9,-3.3,-2.2,-2.7,-3.1,-2.9,-6.7,-6.6,-5.2,-6.3,-7.4,-4.6,-10.2,-5.2,-0.4,-3.0
2C7L50ztvJ,0,48.100306,11.631127,4442537.37,2777646.5,548.9,594.6,225,7381,2.6,0.85,0.41,32.66,348.96,-0.53,-0.103,0.842,-0.0,0.1,0.13,0.2,0.3,0.2,-0.3,-1.6,-1.7,0.0,-2.1,0.9,-0.8,0.1,0.4,-2.4,-2.4,-1.3,-0.5,0.3,0.2,0.8,2.0,4.3,0.7,-2.6,3.1,-2.7,-0.9,-1.8,3.2,5.2,8.9,1.3,-1.0,-0.9,-4.6,-2.1,-7.4,-4.2,-3.5,0.7,-1.8,1.9,1.3,1.7,2.8,-0.4,-0.3,-1.1,-6.8,-0.3,0.7,-1.4,-1.0,-3.1,-0.4,-4.4,-0.8,-1.9,-2.4,-1.6,-2.1,0.1,1.8,-0.3,-0.5,-2.2,-2.7,-1.5,-1.8,-1.3,-1.9,-1.1,-1.8,-3.6,-1.9,-2.9,-1.6,0.2,0.1,0.2,-1.2,0.8,-0.6,0.5,-2.9,-3.4,-1.3,-2.2,-0.5,-0.7,-1.8,-0.9,-2.2,-4.0,1.5,-0.8,-1.3,-2.2,-2.9,-3.1,-3.5,0.2,-0.7,0.9,-0.3,-0.3,0.8,1.2,-0.9,-2.7,-0.7,-1.5,-1.2,-1.7,-1.3,-0.4,-1.6,-1.5,-0.5,1.4,-1.9,-0.6,-3.3,-2.0,-0.7,-3.3,-3.8,-2.6,-1.8,-0.6,-2.4,-0.5,2.7,1.4,-10.1,-0.3,2.6,-3.4,2.3,-4.5,-1.6,-4.3,-0.6,2.3,5.5,-5.3,-3.3,0.6,-0.2,-1.6,3.2,-0.2,1.5,2.8,1.6,-0.8,0.0,2.2,6.8,8.5,-2.1,-0.0,-5.3,-2.6,0.7,-4.6,-2.5,2.2,0.5,-1.6,-1.3,1.9,-7.3,-0.2,3.1,-1.5,-6.8,-0.2,-2.6,-1.5,0.5,0.1,3.1,-12.9,1.1,1.3,-2.1,-1.5,0.9,0.8,1.1,-0.7,-1.7,2.0,-3.1,-2.4,-2.5,-1.8,-4.3,-1.7,-4.3,0.9,-2.0,-3.4,-1.6,-0.5,-0.7,-0.4,-1.4,-0.7,-0.7,4.9,1.3
2C7L50ztvp,0,48.100505,11.632681,4442652.67,2777671.26,535.9,581.6,225,7413,2.1,0.89,0.33,32.67,348.96,-0.53,-0.103,0.842,-0.5,0.1,0.07,0.16,0.9,0.1,-0.3,-1.4,-0.0,-0.0,0.5,-0.8,1.2,-0.8,0.3,-0.8,4.3,-0.4,4.5,-1.8,-0.7,0.4,1.6,0.7,-0.6,-2.5,-0.6,-2.0,-1.3,-2.6,-1.8,-1.2,-0.8,-0.7,0.4,-1.8,-6.3,0.5,-6.3,-6.7,-5.7,-6.4,-9.7,0.8,-1.7,-1.7,0.1,-8.6,0.2,-2.6,-0.6,-2.9,-3.1,0.9,-2.7,-0.6,0.9,-1.0,1.7,2.7,-1.8,-2.0,-4.9,-0.4,3.5,-3.8,-2.1,-0.8,-1.5,-3.5,-1.2,4.1,0.5,-2.5,-1.4,-2.0,-2.0,-2.9,-1.1,-1.2,-2.3,-1.0,-1.0,-1.0,-2.2,0.0,0.3,-4.0,-1.6,-1.1,0.3,0.3,-3.0,-1.4,-2.7,-1.8,-2.2,-2.6,-1.0,-3.0,-3.4,-0.5,-5.8,-0.5,-1.5,0.2,-3.4,-1.5,-1.5,-1.0,1.3,-2.4,-2.0,-1.4,-2.6,-1.5,-1.9,-0.4,0.3,-1.2,-2.1,-0.1,-1.0,-4.2,-2.8,2.2,-1.3,-12.0,-4.2,0.3,-2.5,-1.1,-2.6,-2.2,-0.1,-2.4,-3.9,-3.0,-5.7,-1.0,-5.4,-4.0,-3.0,-3.9,-1.7,1.4,1.5,0.4,-4.0,-3.6,-1.2,0.4,-1.8,0.2,-3.1,-2.0,-1.8,-3.6,-5.7,-0.5,-1.0,-2.4,-3.2,-4.7,-2.9,0.1,0.8,-2.1,-5.0,-1.9,-3.1,-5.6,-1.5,-1.5,-6.2,-4.5,-2.3,-2.2,-3.9,-3.3,-2.4,-2.1,-2.2,-3.7,-1.7,-1.9,-1.5,-3.7,0.0,-4.4,-3.4,-2.2,-3.0,-2.0,-1.5,-3.5,-1.6,-5.2,-6.7,-6.6,-5.4,-6.5,-3.3,-4.9,-2.3,-3.4,-3.8,-3.0,-3.6,-1.6,-1.7,0.8,-2.4,-0.1,-3.1
2C7L50ztxI,0,48.1012,11.638095,4443054.33,2777757.4,546.4,592.1,225,7504,1.8,0.9,0.38,32.69,348.96,-0.53,-0.103,0.842,-0.8,0.1,-0.02,0.14,1.4,0.1,-0.3,2.1,-0.5,0.5,1.8,0.3,-0.1,-1.0,-0.2,1.3,-0.6,-0.4,2.3,1.3,0.0,1.3,3.7,0.5,-0.9,-2.1,-5.8,-3.5,-3.5,-1.7,-0.7,-0.2,-1.2,-0.1,-1.2,-3.3,-2.7,-1.4,-8.0,-6.2,-7.1,-6.2,-6.4,-6.8,-4.4,-2.6,-1.3,-1.3,-0.2,-1.7,-3.1,-2.0,-2.4,-2.3,-1.6,-4.5,-5.4,-2.8,-1.2,0.7,0.4,-0.4,-0.6,0.8,1.6,1.7,2.9,-0.6,-0.8,1.0,-1.2,-2.1,-1.3,-0.7,1.3,-2.5,-0.9,-1.1,-1.1,-1.7,-1.2,-1.2,-1.9,-1.6,-3.1,-3.0,-2.6,0.0,-3.3,-2.0,-2.2,-1.4,-3.6,-0.8,-2.6,-1.8,-2.3,-2.7,-6.5,-5.2,-4.3,-1.4,-1.5,-2.9,0.7,0.8,-0.6,-3.8,-3.0,-1.6,-1.1,-2.6,-4.3,-1.8,-5.3,-1.3,-3.9,-1.2,-2.5,-1.5,-1.6,-1.6,-0.3,-2.2,-1.1,-1.9,-1.0,-1.0,-1.8,-0.8,-0.6,-1.8,2.0,-4.0,-2.5,-6.1,-3.3,-7.1,-3.8,0.5,-1.0,-2.3,-4.1,-2.8,-3.5,-1.0,-0.7,-4.1,-4.3,-5.0,-3.9,-2.7,-4.4,-1.6,-5.1,-2.2,-0.6,-2.0,-2.4,-2.1,-2.3,-2.3,-6.3,-4.0,-2.7,-3.5,-2.7,-6.0,-5.7,-9.2,-7.0,-7.5,-3.4,-1.7,-4.9,-3.0,-3.0,-6.9,-3.2,-3.7,-5.1,-8.1,-4.2,-3.8,-4.6,-1.4,-3.3,-2.4,-2.6,-4.0,-3.6,-2.9,-3.8,-2.1,-3.9,-6.0,-7.5,-5.6,-4.6,-8.5,-7.4,-3.6,-4.0,-3.5,-3.0,-4.0,-5.7,-3.2,-7.7,-3.7,-2.9,-1.7,-4.5,-2.9,-4.4
2C7L50ztuG,0,48.099837,11.627335,4442255.95,2777588.21,545.0,590.7,225,7316,3.8,0.72,0.4,32.64,348.96,-0.529,-0.103,0.842,0.0,0.2,-0.23,0.29,0.8,0.3,-0.3,-2.9,-6.2,-1.2,1.3,1.0,1.7,-1.8,0.7,-4.3,-2.2,-1.2,0.3,0.8,-2.3,-3.9,-5.4,-5.2,-4.1,-0.9,0.4,2.1,0.0,2.5,-4.2,-2.5,-2.1,-0.1,3.6,1.8,-1.3,-1.5,-2.8,-1.4,-2.2,0.2,1.4,3.4,-0.2,2.4,3.4,1.9,2.9,-0.7,-0.4,4.0,-0.0,2.3,1.8,-1.0,2.2,1.7,-1.0,-0.3,1.6,0.3,1.7,-1.0,1.8,0.7,-1.5,-3.8,-0.0,0.1,-0.8,2.0,2.1,0.3,1.6,0.9,-0.6,-1.0,-0.1,0.2,-1.5,-4.0,-3.8,-3.8,-2.9,-5.6,-3.9,-0.1,-4.1,-0.3,4.3,1.3,-0.7,-1.0,2.5,-0.5,-1.5,-1.7,-4.8,-1.2,-0.8,-2.5,1.7,-1.4,0.2,-0.4,5.7,2.9,-3.4,-7.6,-1.6,-3.9,-0.7,1.2,-1.8,2.5,8.4,3.4,0.8,1.3,0.1,-0.8,0.8,-0.9,1.9,4.4,-0.2,-3.3,-1.8,-1.8,-3.7,-4.6,-3.9,-2.5,-4.7,-1.6,0.4,-0.3,-4.5,-3.2,1.0,0.5,-2.0,-1.6,3.4,4.9,-2.0,-0.6,2.2,-1.0,-2.3,-1.8,-3.1,0.1,-0.1,-0.8,-5.1,-0.2,-2.1,0.2,-1.1,1.8,-1.2,2.1,0.7,4.7,2.8,2.3,-1.5,0.8,-1.1,-0.1,1.9,-2.0,3.2,-5.4,-9.5,5.5,-5.4,2.8,-0.7,-6.4,8.0,7.9,6.7,12.1,6.9,0.6,-2.0,-5.7,-3.6,-1.4,-7.7,-0.8,2.3,15.5,2.0,-8.7,0.1,1.2,1.8,3.5,2.6,5.8,9.5,-12.4,15.0,-12.2,-5.3,-9.4,-9.0,5.0,-8.7,-3.8,-6.2
2C7L50ztuI,0,48.099846,11.627402,4442260.92,2777589.28,542.7,588.4,225,7318,3.5,0.76,0.44,32.64,348.96,-0.529,-0.103,0.842,-1.1,0.2,-0.65,0.27,1.0,0.2,-0.3,0.5,1.7,-0.1,-0.1,-0.3,1.2,1.5,1.2,0.1,1.2,-0.4,2.0,2.3,-1.0,0.3,-0.2,1.8,4.4,2.9,3.6,0.4,2.1,-0.9,4.5,1.8,3.4,-0.2,-0.7,1.0,-0.3,-4.9,-2.3,-5.6,-9.0,-6.1,-3.2,0.5,-3.4,-0.6,-2.3,-2.1,1.4,-3.6,-0.7,-4.4,-1.5,-1.0,-1.1,-1.0,-0.5,1.2,0.2,-0.6,1.1,0.8,2.2,0.9,-0.4,0.8,0.2,-0.1,0.1,-0.8,-0.4,-0.8,2.9,0.9,1.7,0.1,0.3,-0.3,1.0,1.3,0.1,2.5,-0.4,0.0,-0.2,-0.2,-2.7,-0.0,-0.2,-1.2,-0.2,0.9,2.2,0.8,1.2,0.6,-8.7,-10.2,-2.2,-0.4,3.6,0.2,0.5,-0.1,-0.1,-0.8,-1.9,-3.0,-1.3,3.5,1.0,1.9,-1.0,-0.5,-2.8,0.1,-2.8,-1.2,-0.8,-0.2,-1.0,-1.5,-1.3,-0.5,-1.2,0.2,-0.4,-1.2,0.0,-1.6,-1.6,0.6,2.5,-0.6,0.4,1.3,-1.4,-0.0,-1.0,3.7,4.5,-6.3,0.2,2.7,-0.0,-1.2,0.8,-0.5,-1.4,-0.2,-0.9,3.0,-0.9,-0.0,-0.8,-0.7,0.7,-1.6,-3.4,-1.4,0.0,0.8,-3.7,-1.0,-0.0,-1.4,-0.2,3.6,-17.8,-15.5,-5.3,-9.0,0.0,-0.9,0.3,-4.9,-5.2,-6.8,-8.6,-9.1,-15.5,2.9,-3.3,-7.6,-9.3,5.8,-4.8,-6.4,-5.1,-0.4,-3.3,-5.5,-6.5,-11.3,-6.7,-7.2,4.4,-1.3,-6.1,-5.9,-4.4,-4.7,-1.3,-3.4,-10.8,-8.9,1.7,4.7,-17.1,-8.2,-12.9,7.7,-16.1,2.2,-2.9
2C7L50ztum,0,48.100056,11.629036,4442382.13,2777615.29,538.5,584.2,225,7348,4.0,0.65,0.66,32.65,348.96,-0.53,-0.103,0.842,-1.4,0.2,0.25,0.32,1.6,0.3,-0.3,4.6,2.6,0.3,2.2,-0.4,-3.1,-6.0,10.3,2.8,2.2,3.8,0.5,-10.8,5.6,-8.0,7.0,3.9,-0.3,1.9,6.0,12.4,-0.8,-0.7,0.3,6.5,-6.3,5.5,0.3,-4.9,-6.3,-0.2,-6.3,-8.6,1.8,-1.9,-6.6,0.9,-0.5,4.0,-1.0,-0.2,0.8,8.1,10.3,0.2,-6.4,-2.6,8.0,3.4,0.7,2.9,2.5,-0.8,5.3,1.0,3.0,-0.8,-1.0,0.9,1.7,2.3,0.3,-1.0,2.3,0.8,0.9,-14.7,9.1,-1.3,2.0,-1.5,1.4,5.5,0.6,8.8,5.8,3.2,2.6,1.0,1.7,2.2,0.3,-4.3,0.7,6.6,3.7,-0.3,-15.9,0.6,2.1,7.8,3.0,-0.0,8.6,0.3,2.3,-6.3,-3.7,-7.6,1.1,-0.7,3.4,-3.6,2.8,-1.0,-1.8,-1.5,0.6,2.3,-3.4,-5.3,-4.8,-3.2,-3.0,-0.2,-1.6,-1.2,-1.2,-0.0,1.8,0.5,2.9,4.7,2.5,4.9,6.6,-1.3,-0.4,-1.1,-3.1,2.1,-0.6,-1.3,-16.3,-4.5,-7.7,-7.0,-3.6,-4.9,-1.1,-4.3,-5.5,-4.1,-2.7,-3.4,-3.6,5.4,-1.1,-0.1,-1.1,0.8,-4.2,-3.1,-2.2,-3.8,-3.4,-3.6,-4.0,-3.6,-4.8,-4.5,-7.2,-6.6,-8.3,-8.3,-5.1,-5.7,-8.9,-5.2,-5.6,-3.4,-4.2,-9.7,-7.3,-7.1,-11.3,-5.0,-3.2,-12.7,-4.3,-3.6,-3.6,-5.8,-5.6,-6.0,-5.7,-6.0,-4.6,-4.1,-5.5,-5.1,-6.5,-3.6,-7.7,-3.8,-6.3,-6.1,-5.4,-11.0,-4.2,-5.4,2.4,1.0,1.3,5.0,2.2,2.7,1.7
2C7L50ztvC,0,48.100274,11.630737,4442508.35,2777642.34,550.1,595.8,225,7374,3.2,0.77,0.41,32.66,348.96,-0.53,-0.103,0.842,-0.7,0.2,0.44,0.25,0.7,0.2,-0.3,-1.3,-0.7,3.2,0.1,-1.0,-2.4,0.1,2.0,-0.5,-2.2,-0.7,-3.6,8.5,5.7,7.6,-2.2,2.7,-3.4,-5.0,-4.7,-10.9,-0.8,-4.9,-1.7,-2.8,-3.3,-2.6,-2.6,-3.2,-7.1,-6.1,-8.8,-11.2,-6.3,-4.2,-4.5,-2.7,-1.5,-1.4,-2.9,-7.1,5.4,-4.0,-0.4,-3.0,-2.2,-7.0,-8.7,2.9,-1.1,3.2,0.5,-3.8,-12.0,-10.8,-10.6,-7.5,-8.0,-7.7,-7.3,-7.3,-10.3,4.9,-8.3,-6.7,-8.0,-4.8,-2.7,-4.0,-6.8,-3.4,-4.2,-6.2,-4.1,-5.3,-5.9,-6.9,-5.3,-6.1,-2.8,-3.8,-6.2,-4.1,-6.0,-4.3,-5.7,-5.8,-3.3,-4.4,-7.2,-8.0,-3.7,-3.2,-4.6,-6.0,-1.4,-2.9,-1.2,-3.5,-7.1,-1.8,-4.9,-2.0,-2.5,-1.2,-1.9,-3.4,-11.0,-5.6,-3.6,-5.4,-6.5,-2.7,-0.5,0.0,-2.4,1.4,-2.5,-4.7,-0.6,-2.7,-2.7,-5.0,-5.7,-8.4,-3.8,-1.0,-2.8,-9.2,-8.8,-8.4,-5.0,-2.1,-3.6,-9.1,-7.5,-5.3,-1.7,-2.3,0.9,-3.5,-1.9,-7.0,-1.4,-7.5,-7.2,-6.4,-5.3,-3.4,-5.9,-3.8,-3.7,-6.6,-7.7,-8.4,-3.4,-4.2,-4.8,0.9,-4.9,-7.0,-6.1,-4.0,-7.1,-9.1,-4.8,-4.6,-6.4,-5.9,-4.5,-6.9,-0.9,-5.6,-5.0,-7.1,-1.3,-3.8,-4.5,-12.6,-4.3,-6.8,0.2,-2.8,-4.5,-4.4,-9.1,-5.6,-7.5,-7.2,-12.2,-8.0,-3.6,-2.7,-9.3,-10.1,-7.1,-3.2,-8.4,-5.9,-5.3,-8.3,-2.4,-6.0,-4.4,-8.0,-5.5,-4.9,-4.3
2C7L50ztvZ,0,48.1004,11.631713,4442580.76,2777657.91,531.8,577.5,225,7397,2.3,0.88,0.27,32.66,348.96,-0.53,-0.103,0.842,-0.1,0.1,-0.55,0.18,1.3,0.2,-0.3,0.2,0.4,0.4,0.2,1.1,0.1,1.3,0.7,1.2,1.2,1.2,1.4,1.4,1.1,1.9,1.9,2.9,2.7,1.7,3.4,1.3,2.3,1.4,4.5,4.9,4.8,1.9,0.9,3.0,-10.0,-8.6,-11.7,-12.4,-9.3,-9.9,-9.1,-9.8,-8.6,-6.5,-4.8,-7.3,0.8,1.2,1.1,1.9,1.3,-0.5,0.2,1.2,0.8,0.9,1.5,0.3,0.4,0.1,0.6,0.4,1.0,0.4,0.7,0.7,0.9,1.6,1.1,1.8,0.7,0.1,0.2,0.3,0.1,-0.2,0.4,0.5,0.5,1.0,1.5,0.9,0.9,0.8,0.8,0.8,0.4,1.0,2.0,1.4,1.3,1.0,0.8,0.4,0.4,0.1,0.2,-1.5,1.5,-1.2,-1.2,0.2,1.5,1.4,0.1,0.0,1.1,1.1,1.8,0.6,0.6,0.9,-0.1,1.0,-0.1,0.4,0.0,0.4,0.4,0.5,0.8,0.0,0.0,0.3,1.0,0.3,-0.2,0.2,0.3,0.7,1.7,-0.0,1.5,1.1,-1.5,0.6,0.0,0.5,0.0,-0.8,-0.1,-0.5,1.5,2.1,2.9,0.1,-1.2,-1.5,-0.1,-0.2,-0.0,1.0,0.1,1.3,1.6,1.0,-0.9,0.7,0.8,0.4,0.2,0.1,-0.2,1.1,-0.0,-0.4,0.6,0.4,-1.0,-2.7,-0.1,1.0,-3.2,-0.7,0.2,-0.1,-1.6,-2.1,-0.9,-0.8,0.9,0.2,0.7,0.4,0.2,-0.2,-0.5,-0.9,-0.4,-0.4,-0.0,-1.0,0.1,0.3,-2.3,-1.3,-1.7,-1.4,-3.3,-0.5,-1.5,-1.1,-2.0,-1.6,-1.7,-0.7,-2.4,-2.1,-1.2,-0.6,-1.0,-0.5,-0.7
2C7L510Awj,0,48.099587,11.625246,4442100.93,2777557.03,541.0,586.7,226,7281,1.9,0.89,0.33,32.63,348.96,-0.529,-0.103,0.842,-0.6,0.1,0.1,0.14,1.2,0.1,-0.3,-1.1,-2.4,-0.4,-1.4,0.5,-0.7,-1.2,-0.9,-2.1,1.1,-1.1,-1.8,-0.3,1.8,-1.4,-0.6,-3.6,-1.8,-2.3,0.9,-2.1,0.5,-1.9,-1.5,-0.5,1.7,0.4,0.8,-0.3,-4.4,-9.3,-4.6,-4.5,-3.0,-6.4,-1.6,-4.1,-2.9,-1.3,-1.5,-1.8,0.7,-5.0,-3.1,-4.2,-3.1,0.3,-1.9,-2.5,1.4,2.2,0.8,-1.9,0.5,-2.5,-0.9,-0.7,0.4,-1.2,-0.5,-0.8,-0.6,-2.0,0.4,-3.6,0.0,-0.2,-3.0,-1.0,-0.9,-0.1,-2.0,1.2,-6.2,-0.5,-1.6,-0.3,-3.5,-3.3,-2.9,0.3,-3.3,-3.4,-3.9,-1.1,-2.6,-2.4,-3.1,-1.9,-5.5,-4.2,-5.5,-2.3,-2.5,-2.3,-2.8,0.7,-3.0,-3.0,-2.3,-3.7,-4.5,-1.2,-2.0,-3.8,-3.6,-2.7,-3.0,-2.2,-0.8,-3.2,-2.6,-2.5,-3.6,-2.2,2.8,-3.6,-2.9,-1.5,-1.6,-2.7,-1.8,-4.4,-6.3,-3.5,-1.5,-4.3,0.4,-5.1,-3.2,-4.9,-5.8,-5.4,-4.6,-3.5,-4.5,-2.2,-2.0,-1.2,0.6,0.2,-2.5,-3.1,-2.2,2.0,-0.6,0.2,-0.8,-0.8,-1.2,-1.2,-5.7,-2.6,-2.2,-2.5,-5.0,1.2,-3.4,1.2,-6.7,-8.0,-7.8,-1.8,-5.5,-7.1,0.6,-5.3,-5.6,-0.3,-3.2,-4.0,-3.8,-7.2,-2.5,-2.1,-3.1,-1.9,-3.0,-5.2,-1.5,-2.1,-2.9,-3.1,-2.0,-2.9,-6.0,-3.4,-4.2,-5.1,-8.0,-7.4,-6.5,-3.7,-7.7,-7.4,-4.5,-4.0,-3.7,-5.5,-1.8,-3.1,-3.3,-1.7,0.9,-1.5,-1.7,-5.7,-0.3
2C7L510Ax5,0,48.099756,11.626559,4442198.32,2777577.92,541.7,587.4,226,7303,4.5,0.54,0.5,32.64,348.96,-0.529,-0.103,0.842,0.2,0.2,1.02,0.34,3.3,0.3,-0.3,3.7,8.6,-11.5,-16.6,2.5,8.8,-2.3,1.4,1.4,1.4,2.5,-2.8,2.4,3.5,4.3,8.3,3.6,-3.3,4.0,9.3,3.6,3.7,-0.2,4.0,7.8,0.1,6.3,11.0,1.9,0.3,5.0,1.1,-2.1,1.9,4.5,2.9,6.3,7.2,5.7,4.1,3.9,-3.8,6.0,5.2,4.0,2.8,-9.2,-2.1,-2.7,-1.7,3.0,-1.1,-5.2,-3.6,-3.0,-6.5,-1.0,-2.4,-4.5,-7.5,-7.3,-2.6,-8.9,-8.8,-5.0,2.2,-3.1,-1.2,-2.3,-1.5,-3.8,-3.7,-2.3,-0.0,-2.4,1.8,-0.9,-0.1,0.5,4.0,-2.1,5.5,-1.5,1.5,0.9,1.4,-3.8,2.8,3.4,3.2,3.2,-4.2,1.6,8.7,-2.6,-0.3,0.9,5.4,-0.4,3.6,2.8,3.8,1.8,4.1,-1.5,-0.4,-4.3,2.8,-9.3,1.1,4.5,3.3,4.3,11.3,-3.8,-3.2,-0.7,3.8,-5.3,3.8,-9.7,3.4,-4.5,-2.5,0.3,-3.3,0.3,-5.2,13.5,-2.3,4.4,-0.0,7.9,2.9,2.2,2.6,8.5,5.4,5.1,4.7,10.4,3.8,-2.4,-12.2,0.4,-3.8,1.8,0.0,-1.3,-3.0,-2.3,-3.9,-5.4,-3.5,-1.6,-2.0,-1.1,-0.7,-0.4,-0.4,5.9,0.6,3.3,0.8,0.3,1.4,3.9,0.8,1.0,3.2,2.1,9.0,0.2,4.9,8.5,11.8,-14.6,-12.2,4.8,-4.6,-3.8,-2.4,-2.4,-0.7,-0.5,-1.0,-4.3,-3.4,-4.0,14.3,7.0,9.3,11.3,3.6,1.8,5.7,7.6,7.0,3.6,13.6,-1.4,7.6,11.5,-2.0,0.2,1.2,0.5,-5.1
2C7L510AxY,0,48.099982,11.628319,4442328.95,2777605.93,548.2,593.9,226,7332,4.5,0.6,0.49,32.65,348.96,-0.529,-0.103,0.842,-0.7,0.2,-0.05,0.34,2.2,0.3,-0.3,-0.6,-1.0,2.3,1.0,-0.2,-5.7,-2.1,0.7,1.3,-4.0,3.8,8.4,8.5,2.3,4.5,-2.4,5.8,1.7,-2.7,-7.8,0.3,-1.6,-0.1,-0.1,-0.9,-5.4,-0.4,1.6,-4.3,-9.0,-7.8,-2.0,2.6,-8.1,-5.6,-5.6,-2.3,-1.6,1.4,-1.5,-8.7,9.8,0.4,-0.5,-2.5,-2.4,-1.1,-3.4,-2.3,-1.4,4.8,0.9,3.1,3.2,1.3,1.9,-0.7,-0.4,-0.5,-0.5,-4.3,5.6,-3.1,-1.1,-0.3,2.9,-1.6,-0.4,2.1,2.0,-1.0,2.0,0.5,0.2,3.3,4.1,1.1,0.4,1.7,-0.7,-8.7,-5.8,-14.3,1.0,12.0,2.0,-8.3,-8.4,-7.5,-16.2,8.2,-4.1,-1.6,2.8,-3.0,-0.6,-1.0,-4.8,-10.3,-5.3,-2.4,-6.5,-4.7,-7.0,0.4,3.8,-3.8,-9.3,-3.5,-1.6,8.6,-0.7,-6.1,-1.6,-0.2,-2.1,0.1,-1.1,-0.3,2.4,0.8,1.7,1.9,-0.7,0.9,0.7,0.5,1.3,-0.5,-5.2,8.5,-0.6,-7.8,-4.6,-5.2,-4.1,0.2,-4.2,-2.6,4.5,2.8,-0.6,-6.9,6.2,-6.2,-2.1,0.9,-3.2,-1.8,-5.3,-1.5,-1.0,-4.3,-3.1,-2.3,-1.5,-1.5,-1.7,-2.2,-4.5,1.6,-14.6,-0.8,-4.0,-10.2,7.3,-12.0,-6.2,-13.6,-0.9,-7.3,-4.4,-2.1,-14.0,-14.8,-5.8,-5.7,-4.3,-1.9,-2.7,-1.1,-0.8,-0.9,-4.3,3.3,-5.2,-3.0,7.8,5.1,2.3,1.6,-3.9,-3.2,-6.6,-7.7,-7.9,-12.7,-16.9,-14.2,-8.3,4.8,0.3,-0.2,-2.3,2.9,-3.0,-0.7,-2.0
2C7L510Axa,0,48.099971,11.628229,4442322.25,2777604.52,537.1,582.8,226,7334,3.7,0.72,0.48,32.65,348.96,-0.529,-0.103,0.842,-0.3,0.2,0.09,0.28,1.7,0.2,-0.3,-1.4,3.3,-5.6,-1.4,2.3,3.0,-0.7,0.7,1.0,-1.2,0.4,-2.0,1.3,-4.2,-2.9,-8.5,-2.9,-0.9,-2.4,-1.7,-4.1,0.6,-1.4,-1.5,-1.2,0.8,-10.6,1.3,-0.0,-5.7,0.3,-8.0,-8.4,-6.2,-16.5,-3.6,1.1,7.2,0.7,-1.6,-1.0,-3.2,0.2,-2.9,-2.3,-0.1,-1.4,-2.8,-2.3,-4.5,-0.4,0.1,-4.2,0.4,0.2,-3.7,1.9,6.4,10.6,4.9,0.9,-3.1,-2.8,-3.9,0.5,10.1,-5.7,-11.5,-5.4,-3.9,-5.2,-6.4,-3.3,-3.5,0.2,-0.6,0.3,-4.2,-2.4,-2.7,-3.3,-3.2,1.0,3.4,-0.5,-4.9,-2.6,2.2,-3.1,-2.3,-1.8,-3.1,-5.9,2.1,-3.9,-7.2,-6.9,-1.0,-1.0,3.5,-0.5,-5.4,-3.3,-0.8,-3.3,0.2,-0.9,-4.5,-0.1,-4.3,-4.5,-2.6,-4.8,-1.9,1.6,-2.8,0.2,0.4,-6.9,3.4,-3.7,-2.6,-3.5,-5.8,-1.5,-2.5,-2.1,-1.9,-1.5,-2.2,-6.2,-3.9,-2.4,-2.6,-5.6,-0.2,-0.3,1.4,-3.1,1.2,-3.6,-0.5,-6.2,-1.6,-2.5,-5.4,9.2,8.9,1.3,-1.8,8.4,-8.5,-6.2,-6.0,0.0,-3.2,-3.9,-6.0,-3.1,-0.8,-1.2,-9.1,-1.3,-4.6,-6.5,-1.5,-1.3,-3.6,-7.7,-5.3,-5.6,-5.5,-8.0,-2.8,2.5,-0.0,0.9,0.3,8.8,-5.1,-1.2,-1.6,-1.9,2.1,-3.5,-10.4,-5.2,-1.8,-2.9,-1.2,-6.1,-12.7,-13.7,-6.0,-1.6,-3.4,-2.1,-3.6,-5.9,-2.1,-3.5,2.5,0.2,-0.2,2.7,-0.1,-2.8,4.8
2C7L510Axr,0,48.10011,11.629312,4442402.6,2777621.74,542.9,588.6,226,7351,2.6,0.85,0.4,32.65,348.96,-0.53,-0.103,0.842,0.1,0.1,0.64,0.2,0.1,0.2,-0.3,-1.0,-0.2,0.4,-0.6,0.5,0.7,2.7,0.9,0.6,-6.6,1.8,1.8,0.6,1.2,1.2,1.0,2.3,-0.0,1.7,3.3,-1.1,0.8,1.5,4.8,4.6,3.6,3.0,-0.5,0.1,-0.0,2.6,-4.7,-6.0,-1.6,-3.0,0.1,0.1,0.0,2.3,0.3,-1.1,-1.7,4.2,0.0,3.2,2.8,-1.1,-1.4,0.7,1.8,0.2,0.3,-0.5,0.3,1.2,-1.4,2.2,2.0,-0.2,-2.4,-3.2,-0.7,-3.0,1.2,0.7,0.0,0.2,-0.1,-0.8,-1.0,-2.9,-1.0,-2.6,-1.1,-0.3,0.2,-0.5,-1.5,-1.7,-0.2,1.5,-0.2,0.7,0.9,1.2,1.9,1.6,0.8,-0.9,-1.1,-0.1,-2.2,-3.5,1.8,-2.7,0.1,-0.1,2.5,1.3,1.7,-0.7,1.5,1.3,1.3,0.7,0.9,1.3,0.8,1.1,-2.5,0.0,0.0,0.9,-0.0,0.5,2.0,1.1,0.1,1.0,0.1,3.4,-1.2,-1.0,-0.8,0.3,1.8,-3.4,2.1,1.1,-2.0,-1.0,-0.4,-1.3,-0.9,-1.1,-2.4,-1.3,-0.3,2.3,2.6,0.8,-0.2,2.8,0.4,-1.7,2.6,-4.9,2.1,0.7,0.5,2.0,1.1,-0.3,0.1,-1.5,-0.2,0.7,1.0,2.7,0.1,-1.2,-2.2,-4.9,-3.0,-5.7,1.7,-5.0,-3.9,2.4,3.3,-0.8,-0.6,-3.9,-5.9,-6.8,-6.9,1.1,-11.7,12.7,1.2,-3.3,-2.7,-2.4,-0.2,-1.8,1.6,7.0,0.8,-0.9,-2.8,-4.1,0.7,4.8,1.8,1.7,5.8,0.1,0.8,-2.4,7.8,6.3,2.6,2.7,5.1,3.7,2.6,3.9,4.2
2C7L510AyI,0,48.100324,11.630985,4442526.71,2777648.35,550.7,596.4,226,7378,3.3,0.75,0.46,32.66,348.96,-0.53,-0.103,0.842,-0.1,0.2,-0.17,0.25,1.4,0.2,-0.3,1.4,1.0,-0.3,-2.3,-7.1,4.8,-0.5,1.4,-4.2,6.6,-4.1,-2.9,-2.2,-1.2,-3.4,-3.0,-2.9,-0.5,-3.5,-0.8,-3.0,2.0,-0.1,0.2,-13.7,1.7,2.4,4.4,0.5,-1.7,-0.7,-4.6,-3.2,0.7,-1.6,-3.3,-1.0,1.7,-0.7,-1.0,3.4,-2.2,1.1,-0.2,2.8,0.5,0.2,3.6,-0.7,3.1,3.7,1.5,3.9,1.9,6.1,3.7,-9.4,1.8,-2.4,2.1,-0.0,2.2,-12.3,6.3,5.4,2.0,1.1,1.7,3.8,1.8,7.0,-0.8,2.2,-0.8,-1.8,-1.9,-2.4,-2.6,1.3,-3.5,-3.3,0.7,0.4,-1.4,-1.1,-0.2,-2.5,-1.9,-1.7,-1.0,-1.2,-1.3,-0.3,0.3,-1.0,-2.8,1.0,-0.0,0.9,0.9,-4.9,-3.0,2.5,-1.1,-0.9,2.4,3.6,-5.6,2.2,-0.5,-5.0,1.2,-5.5,-2.6,-9.3,0.2,-3.0,4.8,2.0,2.8,4.9,1.2,2.6,3.7,-4.4,-2.8,-1.6,0.6,3.5,-1.1,1.5,-2.6,0.7,1.4,-2.3,-2.2,-5.4,2.1,0.8,1.6,3.6,1.2,1.4,2.1,-9.8,-1.6,-6.0,6.4,3.7,0.4,6.4,2.7,0.5,-0.4,1.1,-3.3,-3.4,-3.7,-1.1,-0.5,-2.2,-2.0,0.9,-2.4,-2.1,-2.0,-2.8,-6.1,-2.3,0.1,-2.0,-2.2,3.4,-0.6,0.5,1.2,2.6,4.6,-10.4,2.5,6.9,6.6,-2.3,-1.0,-2.9,1.1,-5.8,2.0,-2.8,-3.4,-5.8,-4.1,-6.9,-5.9,-3.4,-2.2,-3.9,-1.1,0.9,-1.5,2.9,-0.3,6.5,1.5,2.0,0.7,1.7,2.0
2C7L510AyM,0,48.100328,11.631013,4442528.82,2777648.82,541.1,586.8,226,7382,3.7,0.69,0.45,32.66,348.96,-0.53,-0.103,0.842,0.3,0.2,0.27,0.29,2.0,0.2,-0.3,0.5,-3.0,-0.4,-1.1,-0.9,0.4,-0.2,0.0,-2.7,-6.1,-1.0,3.3,0.4,1.0,2.9,0.7,-0.8,-3.1,-2.3,-2.7,-3.7,-1.8,-1.5,-0.6,-1.4,0.5,-1.3,-3.1,-2.0,-2.1,-0.2,-6.2,-5.6,-2.2,-4.5,-3.4,-3.0,-1.1,0.3,-5.6,-5.1,-2.9,-8.4,-6.8,-5.6,-5.0,-5.2,-4.0,-4.9,-1.9,-4.9,-5.6,-5.6,-6.9,-5.8,-5.3,-4.3,-1.0,-4.7,-2.5,-3.4,-2.3,0.3,-1.3,-4.0,-2.8,-3.7,0.0,1.8,-2.4,-4.0,-3.7,-1.4,-6.2,-2.9,-5.2,-2.2,2.0,0.5,-5.3,-3.9,-9.7,-5.0,-6.0,-5.0,-8.2,-9.7,-8.6,-6.9,-9.1,-4.4,-2.5,-3.1,-8.6,-6.8,-9.4,-4.8,-10.2,-1.4,-2.1,-0.8,-2.1,-4.4,-5.4,-3.0,-3.0,-5.3,-2.6,-5.8,-5.0,1.9,0.6,-2.6,2.3,0.2,-0.2,-2.7,-1.9,-1.4,1.5,-1.9,-1.8,-1.8,0.6,-14.6,3.5,0.0,1.3,0.3,8.0,-2.3,-7.3,-9.2,-6.1,-7.0,-14.5,-9.4,-19.1,-4.0,-0.2,-2.4,-2.8,-1.2,-3.9,3.2,0.4,-1.8,0.3,-0.1,-0.3,-2.0,-2.5,2.8,4.4,4.8,5.6,1.0,11.5,11.1,4.4,-9.5,-9.9,3.8,-6.2,-4.6,-0.5,-2.6,-9.6,-13.5,-2.6,-1.4,0.8,-6.9,-4.9,-3.3,-1.5,0.5,4.8,-13.4,-0.5,-0.2,0.9,0.4,-2.5,-2.9,-0.4,-4.7,-9.9,-3.1,-5.7,-3.6,-3.7,1.7,-4.7,-1.1,-5.9,-6.1,5.3,-0.4,-1.9,-6.0,2.7,-4.0,-3.4,-2.3,-2.9,-0.7,-2.2
2C7L510AvU,0,48.099078,11.621139,4441796.2,2777493.72,553.1,598.8,226,7204,3.1,0.76,0.43,32.59,348.92,-0.529,-0.104,0.843,-0.3,0.2,-0.8,0.24,2.0,0.2,-0.3,-0.3,1.0,-0.5,0.7,0.2,3.9,1.3,0.4,2.3,-0.6,0.8,3.8,2.8,6.4,2.6,3.1,3.0,4.3,2.4,2.2,0.8,3.4,0.0,1.6,-0.8,-4.3,-3.4,4.0,-2.9,2.6,-3.1,-4.1,-2.6,-2.4,-5.4,-0.3,-1.2,-4.0,-3.3,-1.8,-4.0,0.4,-1.8,-2.0,-3.6,-5.0,1.3,1.7,-1.0,-16.3,-5.1,-2.9,-2.3,1.3,0.1,-1.8,6.0,0.4,0.6,2.8,0.1,1.2,-4.7,2.1,-5.2,6.9,3.1,-8.0,4.3,3.1,5.3,1.5,1.5,1.2,1.9,3.6,3.9,3.5,1.5,1.3,0.5,1.8,-2.7,1.4,-3.8,-0.4,-1.0,1.4,-0.0,2.1,-1.9,5.5,2.5,1.5,-5.9,-6.5,4.1,-0.3,-1.8,-2.5,-3.5,-3.3,2.0,-2.8,0.3,-0.1,-0.7,0.1,3.3,-3.3,1.1,1.8,-0.2,0.6,-1.3,0.9,-2.8,-0.6,1.6,2.7,-4.7,4.9,6.1,-0.0,1.3,3.0,5.0,-0.6,3.5,2.2,-0.0,0.6,2.1,-1.4,-1.4,-3.0,-0.0,-4.9,-2.3,0.0,7.1,4.4,-1.1,0.2,0.3,0.6,-2.7,1.8,2.0,2.0,2.2,2.6,1.4,1.9,2.5,1.2,1.5,11.8,6.6,-0.1,-3.2,1.1,-4.5,-2.2,-1.8,-0.6,1.6,-6.9,-0.5,-4.2,-2.9,-6.3,-2.0,1.8,2.8,-6.1,-4.0,3.2,-13.3,-0.5,0.7,1.7,-4.0,0.2,-3.4,0.6,-1.7,3.2,3.3,-5.8,-1.5,3.4,2.8,-2.5,-2.0,-2.6,-2.4,-1.0,-4.9,-4.2,-1.3,-8.3,-4.8,-12.2,-5.4,3.6,-4.6,-2.4
2C7L510AvV,0,48.099075,11.621117,4441794.56,2777493.37,549.2,594.9,226,7205,2.5,0.8,0.35,32.59,348.92,-0.529,-0.104,0.843,-0.5,0.1,-0.6,0.19,2.5,0.2,-0.3,0.9,0.2,-1.0,-3.1,0.7,2.3,0.7,1.8,1.7,1.2,1.4,2.4,3.5,4.2,2.7,3.2,2.0,0.6,-0.9,-3.0,-0.7,1.0,-1.7,-1.5,-2.3,-0.9,-3.7,-0.2,-5.1,-1.8,-9.4,-5.8,-5.3,-4.4,-10.4,-5.7,-0.2,-5.1,-3.3,-4.3,-4.1,-4.7,-4.6,-4.0,-4.2,-4.5,-0.5,-0.7,-3.7,-6.7,-1.2,-2.1,-1.0,0.4,-2.3,-2.3,-2.5,-0.8,0.6,0.2,-2.4,-1.2,-9.5,2.3,-1.8,3.6,1.5,-11.4,2.7,2.6,4.2,1.1,2.6,-0.0,2.1,1.3,2.2,1.8,0.3,0.3,0.1,-0.9,-3.3,1.0,-3.0,-3.0,-4.8,-3.5,-3.0,-2.4,-3.4,-10.3,-5.9,-3.5,-5.3,-7.3,-6.0,-3.4,-3.4,-3.6,-2.3,-4.2,0.5,-2.9,-1.4,-3.4,-3.3,-1.7,-1.6,-1.7,0.0,-0.5,-1.3,-3.5,-2.8,0.8,-0.3,0.3,0.7,-1.0,-5.3,1.1,3.9,1.0,2.6,3.0,-0.0,0.3,1.5,-0.4,-3.1,-1.9,-1.0,-2.2,-3.6,-2.6,-1.9,-4.1,-3.3,-1.4,-1.9,-1.7,-0.4,-2.6,-2.5,-2.1,-10.9,0.7,-0.5,1.6,11.0,-0.8,0.8,0.9,1.4,-3.1,-1.7,-0.8,-0.3,-2.3,-2.8,-0.7,-5.2,-4.1,-4.4,-2.1,-1.6,-9.1,-6.2,-7.0,-5.2,-6.6,-5.8,-0.9,-0.7,-9.5,-0.7,-1.4,1.8,-2.8,-2.5,-3.3,-2.2,-4.7,-2.6,0.1,-5.9,0.3,-3.2,-5.6,-4.5,-3.3,-4.5,-6.1,-1.6,-5.0,-4.8,-3.5,-8.1,-7.1,-5.6,-6.9,-6.5,-5.2,-4.4,-5.6,-3.9,-4.9
2C7L510AvW,0,48.099076,11.621122,4441794.95,2777493.46,546.7,592.4,226,7206,3.7,0.72,0.42,32.59,348.92,-0.529,-0.104,0.843,-0.3,0.2,-0.79,0.28,2.9,0.2,-0.3,0.8,0.1,-0.6,-2.5,1.4,0.3,3.2,3.0,-0.0,5.4,2.4,2.4,2.2,3.1,1.7,2.1,1.4,0.5,3.6,-6.6,-0.9,-0.1,-8.5,-1.4,-0.6,-1.2,-0.8,0.1,-4.7,-0.9,-11.5,-5.3,-6.6,-4.7,-12.2,-5.8,-3.5,-2.7,-9.9,-7.2,-7.1,-4.3,-2.5,-6.1,-5.2,-4.7,-4.8,-2.7,-2.9,-6.8,-3.8,-4.3,0.0,-3.9,-1.7,0.5,-4.0,-2.0,0.0,0.4,-0.1,-1.4,16.1,1.1,0.5,2.2,1.5,16.0,1.5,0.2,-3.1,-0.5,-1.7,-0.8,-0.1,0.8,1.1,-2.2,-2.8,-4.4,0.0,4.3,-1.6,-0.8,-1.6,-3.4,-0.4,-2.0,-1.9,-2.4,-5.1,-8.7,-5.2,-7.2,-9.2,-5.3,-4.5,-6.4,-0.5,-4.0,1.8,-4.7,0.3,-3.3,-3.0,-2.5,-2.7,-6.3,-1.0,-1.7,-1.1,-3.8,-4.7,-5.7,-1.1,12.8,3.7,-1.9,3.6,0.5,4.8,9.8,-8.6,-3.0,0.2,1.2,-2.6,1.1,3.1,0.3,-0.0,-1.8,-6.1,0.3,0.9,-3.6,-1.1,-3.6,1.1,1.6,-5.8,-4.2,4.0,-2.0,-1.6,-1.1,-12.0,2.5,0.6,-1.1,16.6,-2.7,-1.2,-3.7,-4.9,-6.1,-1.7,14.5,2.7,-3.0,-3.4,0.7,-3.4,-4.3,-5.1,-2.5,-5.2,-5.3,-4.2,-3.3,-4.3,-5.8,-9.9,-2.2,-2.3,-10.2,-1.0,-2.2,6.1,-1.8,-2.3,-1.7,-2.3,-1.6,-1.4,0.6,-3.6,-1.0,-2.9,-7.4,-5.3,-3.1,-2.8,-2.5,-5.6,-5.8,-3.5,-5.3,2.5,-6.5,-9.8,-6.1,-8.2,-6.2,-6.4,-5.9,-0.8,-5.4
2C7L510Ax0,0,48.099734,11.626244,4442174.91,2777574.97,541.4,587.1,226,7298,2.1,0.9,0.32,32.64,348.96,-0.529,-0.103,0.842,-0.5,0.1,-0.05,0.16,0.1,0.1,-0.3,0.3,-0.6,-1.8,0.5,-0.2,1.6,-0.3,-1.0,-0.8,0.5,1.7,0.4,2.9,1.6,-3.0,1.4,1.3,-0.6,-0.3,2.0,-0.9,1.7,-0.1,0.7,1.2,1.9,1.1,1.4,-2.0,-2.2,-7.0,-3.3,-6.1,-4.8,-4.3,-1.9,-4.8,-1.4,0.6,-1.5,-3.2,-0.4,-1.6,-0.8,0.3,-0.9,0.9,3.4,0.6,3.0,2.4,0.1,0.5,0.7,-0.6,-1.5,2.1,0.2,2.7,0.4,1.5,0.3,-2.5,0.3,-2.8,6.0,0.3,0.9,-0.3,0.4,-0.8,-0.7,-1.4,-2.3,-1.0,-0.1,-0.9,-0.7,-1.3,-0.0,3.1,-2.1,0.3,0.8,1.0,0.5,-2.7,0.4,-0.0,-2.2,-4.4,-0.4,-0.2,1.8,-1.9,-1.6,-0.5,-0.5,-5.8,3.3,-0.7,0.1,-0.3,1.2,-0.8,0.1,0.4,-0.5,0.4,-0.7,-1.8,-2.2,-0.1,-3.7,-2.4,-3.2,-3.8,-3.8,-3.2,-3.4,-5.6,-2.2,-0.9,-3.9,-0.8,1.0,-1.4,-2.0,-3.4,-2.1,1.2,-3.1,-0.9,-2.4,-0.5,-0.8,0.5,1.8,2.2,3.0,1.4,0.1,-3.3,-2.9,-1.8,-0.7,-3.6,-0.6,0.8,0.0,-1.5,-0.9,-1.3,0.6,-1.1,-2.1,-0.3,-2.1,0.5,-2.4,-3.3,-5.7,-1.0,-2.9,-3.8,2.6,-0.9,-4.2,-0.1,0.8,-0.9,-2.1,-1.0,0.3,-0.5,-3.3,-6.3,-2.1,-15.0,-1.3,-3.1,-1.7,-2.0,-2.2,-1.7,-2.4,-3.0,-1.2,-2.7,-2.6,-2.2,1.2,-1.4,-5.6,-3.2,-1.0,0.9,0.2,-2.1,-2.3,-4.2,-1.4,-3.9,-2.7,-2.4,-4.9,-1.5,-1.7
2C7L510AxJ,0,48.099885,11.627417,4442261.93,2777593.63,546.7,592.4,226,7317,4.7,0.64,0.46,32.64,348.96,-0.529,-0.103,0.842,-0.4,0.2,0.14,0.35,0.1,0.3,-0.3,3.9,0.4,-4.5,-8.1,-8.4,5.8,3.8,3.1,-0.1,1.0,-1.2,9.2,-0.4,1.4,-0.5,-1.4,-3.3,-2.7,-0.8,2.9,-0.2,-1.5,-0.1,-1.6,-0.9,-2.5,-3.3,10.0,3.4,-1.8,2.0,-2.5,-7.3,-3.3,3.3,1.9,0.2,2.0,2.4,3.4,-15.5,8.6,-3.8,1.3,-8.7,0.2,4.5,2.4,1.8,2.4,2.5,1.7,1.4,2.0,2.3,1.9,2.1,0.9,5.7,-5.5,-2.6,-5.8,4.9,3.2,-11.6,7.7,3.3,3.0,0.3,1.4,2.1,2.3,4.6,-9.8,2.0,-0.8,-0.9,-3.7,-1.7,-3.1,0.6,-1.8,-0.5,1.3,-0.1,0.6,-2.6,-0.7,-0.1,-2.0,-2.2,-2.7,0.6,-0.4,-2.1,0.0,3.1,-2.7,-2.9,-5.1,-4.0,-2.4,-1.0,-4.4,-3.1,-1.8,-0.8,-2.3,2.4,-4.3,2.3,1.3,3.4,2.5,0.9,-0.5,2.1,0.8,2.8,1.1,-2.3,-2.5,0.2,-2.1,-0.9,1.4,1.1,0.0,-1.4,-1.2,0.7,-1.3,-3.4,0.4,-4.5,-1.5,-0.8,0.2,-1.1,-1.0,-1.3,-2.9,-2.6,-4.3,2.9,-3.0,1.6,-2.9,-1.0,-1.4,-0.1,-2.3,-2.6,-1.5,-3.5,-0.9,-1.7,-1.5,0.2,-1.5,5.1,1.4,5.6,0.5,-2.3,1.9,-1.1,3.7,-3.2,-4.1,-14.3,-1.8,-5.9,-11.4,6.0,6.1,-6.1,-7.2,8.7,-5.7,-0.7,-1.2,-7.3,-3.5,-14.9,-5.4,7.6,-4.0,-7.8,5.1,-2.5,-7.2,1.3,2.0,1.1,4.1,5.4,10.3,-16.3,8.5,9.7,10.4,-11.0,-14.5,10.2,-16.8,0.9,-2.3
2C7L510Axj,0,48.10007,11.628857,4442368.8,2777616.56,544.5,590.2,226,7343,1.7,0.92,0.21,32.65,348.96,-0.53,-0.103,0.842,-0.5,0.1,-0.12,0.13,1.0,0.1,-0.3,-0.5,0.5,-0.5,0.2,0.2,-2.2,1.2,0.6,0.9,-1.2,1.4,-1.4,2.2,1.4,2.8,2.4,4.6,3.2,1.7,4.1,1.8,3.6,2.6,4.0,3.1,3.1,1.2,-0.6,1.0,0.6,-2.6,-1.6,-3.2,0.6,3.5,1.2,2.2,1.9,4.4,2.7,-0.4,-1.2,2.5,1.2,1.8,1.8,-2.4,0.7,0.9,0.7,0.8,1.5,1.0,0.0,-0.6,0.2,-1.0,-0.5,0.1,-0.6,-0.5,0.2,-1.8,-0.3,-2.2,-1.8,-1.4,-0.2,-0.2,-0.3,-2.1,0.1,-2.4,-0.5,1.2,1.6,0.9,1.0,2.2,0.8,0.8,1.8,0.4,1.5,1.6,1.8,3.4,3.4,2.4,1.6,1.2,-0.1,-1.2,3.1,0.8,2.7,0.3,2.7,1.5,3.0,0.8,2.6,1.1,0.6,1.7,2.1,0.8,-0.3,0.6,0.4,0.5,1.2,0.8,0.8,-0.2,-2.4,-2.6,-1.1,-0.9,-1.6,-2.6,-0.3,1.0,0.8,1.9,2.7,-3.1,0.6,1.3,-0.2,1.9,0.2,-0.9,2.1,-2.2,0.7,0.5,3.0,4.9,3.3,-1.6,-0.1,-1.3,0.9,-0.5,-0.2,-0.2,0.6,0.6,0.8,-4.5,-2.2,0.1,-0.1,0.6,-0.7,0.6,-0.7,2.4,0.7,0.7,-1.2,2.0,-2.8,-0.8,-0.1,0.5,-1.8,0.4,0.4,0.3,-1.4,-4.8,-4.0,-3.0,-0.5,-1.7,-0.5,-12.4,-0.1,0.4,0.8,-0.9,-1.0,-0.9,0.2,-2.5,0.3,1.2,-1.0,-2.2,-0.9,1.6,-1.2,0.4,-1.4,0.7,1.1,-1.4,-0.5,-1.3,-1.5,-1.2,-2.1,-1.5,-3.9,-1.7,-2.1
2C7L510Aya,0,48.100436,11.631707,4442580.24,2777661.94,534.8,580.5,226,7396,1.8,0.93,0.22,32.66,348.96,-0.53,-0.103,0.842,-1.0,0.1,-0.0,0.13,0.3,0.1,-0.3,-2.8,-2.9,-1.9,-2.2,-0.8,-3.8,-1.0,-1.3,0.4,2.2,1.0,-0.2,0.9,0.3,0.5,0.8,1.3,-1.3,-1.1,0.4,-0.8,1.0,-0.9,2.1,2.5,2.1,1.0,-3.3,9.2,4.9,6.3,-2.8,1.0,4.9,-1.9,-5.0,7.5,4.3,6.3,-3.2,-5.7,-1.8,-1.2,-0.3,0.2,-0.1,-3.2,-2.3,-0.7,-1.1,-1.0,0.3,-2.0,-2.1,-2.0,-1.0,-1.2,-1.0,0.1,-1.4,-1.2,-0.6,-1.0,-1.3,-3.1,0.0,-2.0,-1.5,-1.7,-1.1,-1.6,-2.2,-0.9,-0.6,-0.4,-0.1,-0.5,-1.0,-0.9,-1.6,-1.3,-2.8,-1.4,0.5,-1.4,-1.4,-1.2,-2.1,-2.8,-2.0,-1.5,-2.6,-3.1,-0.8,-4.4,-3.7,-3.0,-0.8,-0.9,-2.1,-2.1,-1.9,-1.4,-0.1,-2.7,-2.1,-2.1,-1.7,-1.3,-1.2,-1.9,-2.7,-1.1,-2.1,-1.9,-1.6,-1.9,-1.4,-2.3,-1.6,-2.0,-2.4,-2.8,-2.3,-0.9,0.5,-2.4,-0.7,-0.8,-4.4,-0.9,-3.2,-1.8,-2.5,-2.4,-2.8,-2.7,-1.4,-0.5,-0.4,-2.0,-3.6,-4.3,-2.7,-3.0,-3.8,-2.2,-3.3,-1.8,-1.0,-1.2,-3.2,-1.8,-2.2,-1.8,-3.5,-2.4,-3.4,-2.1,-2.1,-2.9,-2.5,-3.2,-4.6,-6.3,-2.2,-2.4,-5.8,-3.4,-2.2,-2.8,-4.7,-4.3,-4.6,-3.4,-2.0,-3.4,-2.3,-2.6,-3.4,-3.8,-3.5,-3.6,-3.3,-4.0,-3.2,-3.6,-2.2,-3.4,-6.8,-5.5,-5.0,-4.6,-7.9,-5.3,-5.0,-5.0,-5.7,-4.4,-4.1,-4.0,-4.4,-5.5,-4.2,-4.5,-4.8,-4.4,-4.0
2C7L510Az3,0,48.100654,11.633406,4442706.3,2777688.97,539.3,585.0,226,7425,3.7,0.71,0.45,32.67,348.96,-0.53,-0.103,0.842,-0.6,0.2,-0.74,0.28,1.0,0.2,-0.3,0.4,-2.1,4.2,1.7,3.0,-0.1,0.1,1.6,0.8,-0.0,-1.7,0.4,-2.9,-1.9,-2.9,1.5,-1.3,-2.3,-1.4,-3.7,-6.1,-4.7,-5.1,-5.1,-2.3,-0.3,-4.3,-4.9,-2.9,-2.5,-4.2,-6.4,-10.1,-5.3,-4.5,-2.0,-1.1,-1.6,-0.8,5.0,8.9,-2.4,-0.7,2.9,2.6,-1.0,-7.0,-0.3,-0.5,-1.4,-2.6,3.9,2.1,3.1,0.2,0.6,1.0,2.8,4.1,3.2,2.3,1.8,-0.1,-1.2,-0.2,-8.8,0.1,1.9,-0.9,-1.1,3.9,1.8,-0.6,4.5,1.1,1.6,-1.6,-1.1,0.7,3.1,-5.1,-1.4,-0.8,0.0,-0.9,-2.2,-0.7,-6.2,-13.0,-0.7,-14.4,-4.6,-9.2,-4.4,-2.4,4.9,12.9,-6.1,8.2,5.2,-0.8,2.0,10.2,10.1,10.0,-6.8,-5.9,-10.7,-2.2,-4.5,-6.6,-7.0,-5.7,-3.6,-1.7,-1.1,-4.0,-1.1,-5.5,0.1,-3.5,-1.0,-1.5,-1.6,1.4,-3.6,-7.1,-6.3,-4.7,-2.0,0.1,-1.7,-1.4,0.0,-3.4,2.8,-4.5,-1.2,0.8,0.9,-1.0,-1.8,-2.5,-3.8,-0.2,1.1,-0.7,-2.3,2.3,3.6,1.5,1.2,2.6,3.0,2.0,3.3,-0.3,2.9,-0.2,-0.0,2.0,1.3,1.9,-7.3,-1.9,-8.3,-2.9,-9.9,-5.2,-3.3,-3.6,-4.2,-6.7,-5.3,-4.6,-4.2,-5.0,-0.5,-3.2,0.1,-1.0,-0.2,-1.8,-3.4,-4.4,-4.4,-4.0,-2.3,-3.8,-1.6,-4.3,-2.3,-4.0,-6.5,-7.2,-4.1,-2.7,-4.4,-4.1,-2.7,-5.4,-6.1,-5.1,-4.3,-2.9,-8.9,-8.3,-4.6
2C7L510AzF,0,48.100726,11.633967,4442747.88,2777697.9,532.4,578.1,226,7437,4.4,0.61,0.44,32.67,348.96,-0.53,-0.103,0.842,-0.9,0.2,0.79,0.33,1.0,0.3,-0.3,-2.1,-1.9,-1.6,0.3,-3.9,3.7,-0.1,3.1,3.1,0.6,-1.4,1.6,6.8,4.5,10.1,3.5,4.0,-6.4,-1.1,11.0,-7.1,-4.9,-7.4,-5.5,7.0,-11.8,1.9,-0.0,-4.2,-8.6,2.3,-5.2,-0.8,-6.0,-7.9,-7.3,-1.3,-7.8,2.7,1.7,0.7,-3.9,10.1,-11.1,3.2,-1.4,4.5,-4.9,-4.5,-2.8,-1.7,-0.5,1.8,-17.3,-8.5,-3.1,-1.8,-7.5,-12.5,-3.2,-8.3,-0.5,-10.1,4.8,3.5,-1.8,-0.4,6.7,1.2,-3.4,1.0,-5.0,-2.9,2.0,-1.3,4.9,-3.3,-4.7,-7.0,1.5,-6.0,-5.2,2.5,-3.1,-2.4,0.6,-6.5,-2.9,-1.6,0.8,-1.6,-5.1,-7.9,0.4,-3.6,-3.5,-1.8,-2.7,-2.7,-4.1,-4.7,1.8,-1.8,-1.2,-2.0,1.0,-1.8,-0.7,-2.4,2.7,-9.1,-6.3,-5.9,-4.0,-9.2,-4.6,-5.3,-9.1,-3.1,-12.1,7.8,-10.2,-10.8,-7.8,-11.7,-8.4,-2.6,-2.2,-6.9,-4.5,-6.1,0.5,-3.9,-14.8,-9.1,-9.8,-3.9,-1.8,-2.7,-2.9,-5.7,-10.1,-5.2,-7.3,-5.7,-4.5,3.2,-3.2,-5.8,-8.9,-5.8,-12.9,-7.4,1.5,0.7,-0.2,-1.4,-6.1,0.5,-3.3,-2.4,-5.5,-3.2,-4.7,-10.9,-1.9,-6.0,-8.0,-6.4,-8.8,-2.8,-7.0,-10.5,-9.2,-11.5,-2.7,0.7,-1.4,-2.6,-6.2,-0.8,-0.2,-3.1,-2.3,-5.6,-5.2,-2.7,-6.0,-6.7,-1.6,-0.3,0.9,2.1,-8.6,-5.8,-5.9,-5.8,-5.5,-7.7,-7.1,-7.2,-2.7,-8.2,-1.2,-0.4,-5.9,-11.3,-8.4
2C7L510B0A,0,48.101175,11.637463,4443007.24,2777753.51,543.8,589.4,226,7494,2.5,0.86,0.38,32.69,348.96,-0.53,-0.103,0.842,-0.3,0.1,-0.05,0.2,0.3,0.2,-0.3,-2.0,0.6,-0.0,-1.4,-0.8,-2.5,0.4,1.5,-1.5,-0.8,-2.4,-0.9,-2.6,-2.7,-3.3,-2.6,0.1,-2.4,-3.4,-6.1,-3.6,-2.3,-1.5,-1.8,-1.4,0.3,-1.6,1.4,-0.6,-1.6,0.9,-4.5,-2.8,-5.4,-4.2,-3.0,-4.8,-3.4,-3.7,8.3,-1.0,-2.9,-6.2,-2.0,-5.4,-0.9,1.7,-5.8,-0.7,0.3,-1.2,-1.2,-0.5,-1.6,-3.2,-4.5,-1.2,-3.7,-2.0,-2.9,-2.3,-2.8,-2.0,-2.3,-1.6,-3.4,-2.6,-1.6,-3.4,-3.6,-2.8,-2.4,-3.3,-2.6,-3.1,-1.9,-1.4,-1.9,-4.4,-0.2,-3.3,-4.0,-5.0,-2.9,-2.0,-4.7,-1.3,-4.1,-1.9,-2.5,-2.9,-3.0,-2.8,-6.0,-2.0,-3.0,-2.5,-1.9,-1.5,-2.8,-6.0,-1.2,-5.4,-0.8,-2.3,-2.2,-2.7,-4.0,-4.7,-3.7,-6.0,-4.0,-4.7,-2.8,-2.7,-5.2,-6.0,-2.7,-4.6,-4.5,-4.3,-2.6,-4.6,-4.3,-4.8,-6.5,-3.2,-4.0,-5.5,-2.4,-1.7,-3.8,-0.5,-4.0,-5.1,-3.2,-2.5,-2.2,-0.5,3.2,-3.8,-2.8,-0.4,-2.8,-1.5,-0.9,3.6,-0.6,-4.1,-3.1,1.4,-0.4,-3.4,-4.7,-3.2,-3.8,-3.6,-3.5,-1.5,-2.4,0.3,-0.1,-2.3,-3.4,-2.9,-2.1,-2.6,-7.1,1.1,1.9,0.5,-1.3,-5.1,-2.4,-1.2,-1.6,0.1,-0.7,-6.0,-2.4,-0.1,-2.0,8.2,-4.5,-4.8,-2.7,-3.0,-1.1,0.5,-3.2,-3.5,1.5,-9.3,-7.1,2.7,-5.3,-16.7,-6.8,-6.6,-0.7,1.1,-4.4,-0.2,-3.8,-7.1,-3.0,-9.7,-14.7
2C7L510AxG,0,48.099871,11.627163,4442243.06,2777591.66,542.3,588.0,226,7314,3.5,0.76,0.46,32.64,348.96,-0.529,-0.103,0.842,0.2,0.2,-0.73,0.27,0.9,0.2,-0.3,-0.8,-0.3,-2.4,-1.5,-2.7,1.5,-2.3,-2.5,0.8,1.6,-0.2,-2.1,-0.1,-0.5,1.1,1.9,2.7,1.6,2.2,3.7,-1.1,3.4,0.2,1.4,3.0,3.2,-0.1,-0.8,0.2,0.9,-5.7,-1.8,-2.9,-0.8,-0.2,-0.4,1.1,2.9,3.3,0.5,-2.0,0.3,0.9,0.8,0.5,-0.9,1.0,-0.5,0.1,-0.7,1.1,-0.8,-1.5,-0.5,-0.6,2.0,-1.1,-0.7,-2.7,-2.4,0.3,-1.4,2.4,-1.4,-1.4,3.6,-0.6,1.2,-1.6,-0.8,-2.1,-0.8,0.8,-2.4,-0.3,0.5,1.5,0.5,1.5,1.5,-0.2,0.4,0.0,-0.2,1.1,1.2,1.9,2.3,2.3,0.8,1.3,1.4,-0.4,2.4,2.5,-1.1,1.2,1.3,-0.3,1.1,-2.0,0.3,0.1,-0.1,1.3,2.3,0.7,-2.0,2.5,0.2,2.7,-0.2,-0.8,-1.3,-1.1,1.1,0.6,2.3,3.8,2.3,3.9,2.8,-0.2,-0.2,1.6,2.1,0.3,2.0,1.0,1.4,0.5,-1.9,-1.2,0.8,-1.6,-0.5,1.1,3.5,2.9,1.7,2.0,-0.5,-0.9,-1.4,-2.4,-0.1,-5.4,0.7,2.4,1.4,3.5,-3.4,0.0,-0.7,0.4,-0.8,-0.1,-2.7,2.0,8.8,8.1,13.8,5.1,-8.7,-1.6,14.9,1.6,11.4,-3.5,6.4,7.7,-3.6,3.1,5.3,5.9,7.4,5.1,3.2,-7.3,9.4,-3.8,4.5,-1.5,6.0,-8.8,10.8,4.5,15.7,9.6,-11.0,2.7,2.8,1.9,-1.2,1.4,0.6,2.6,1.8,-2.6,-11.8,-11.5,-0.5,-8.9,-2.4,-5.8,-2.9,-2.7,-2.0
2C7L510AxN,0,48.099923,11.627574,4442273.54,2777598.2,542.6,588.3,226,7321,3.2,0.63,0.39,32.64,348.96,-0.529,-0.103,0.842,-0.5,0.2,0.01,0.24,3.5,0.2,-0.3,-1.8,-1.0,0.1,0.1,-0.4,0.0,0.6,1.3,1.0,-2.9,1.8,0.2,1.0,0.4,-10.0,-8.4,-7.4,-7.1,-8.5,-4.6,-1.8,-5.7,-5.9,-6.1,-6.4,-6.7,-9.5,0.3,-0.9,-9.1,-11.9,-9.6,-11.4,-11.3,-8.9,-11.2,-10.4,-7.6,-6.1,-7.7,-0.5,-1.4,-8.4,-7.3,-5.8,-3.7,0.1,-0.5,-0.3,0.4,0.2,-0.4,-0.8,-0.1,-0.2,2.1,1.2,1.8,0.3,-0.4,-0.5,-9.0,-10.7,-0.3,-3.4,2.1,-0.1,-7.6,0.9,1.1,1.7,5.0,-1.4,-0.2,-5.9,-7.3,-6.3,-6.9,-6.8,-7.1,-9.1,-10.0,-2.4,-3.1,-0.4,-7.9,-7.4,-8.2,-6.8,-8.4,-6.7,-8.8,-5.3,-8.1,-8.4,-7.8,-3.7,-8.2,-8.6,-6.8,-0.9,-9.4,-7.1,-6.1,-8.6,-8.7,-5.6,-5.6,-3.9,-6.5,-6.8,-5.0,-4.8,0.4,1.4,-0.7,-9.6,-1.7,0.0,-0.9,-10.0,-1.1,-1.0,0.5,-5.4,-6.0,-0.0,-8.8,-8.6,-9.1,-6.1,-8.2,-2.0,-7.8,-9.2,-9.0,-7.9,-7.3,-7.4,-0.2,-1.1,0.0,-0.7,-3.4,-1.4,-0.7,-13.9,-1.4,-0.1,-0.7,-1.5,-2.4,-3.2,-0.6,-7.3,-7.1,-6.6,-6.7,-2.4,-4.0,-8.4,-10.8,-6.6,-10.5,-9.9,-4.3,-4.9,-10.7,-3.7,-11.1,-10.4,-8.2,-6.3,-4.0,-1.5,-6.4,-2.4,-2.3,-6.9,-1.0,-0.4,0.8,0.7,-0.6,-1.0,-8.2,-6.2,-6.3,-10.6,-10.5,-7.4,-9.7,-8.6,-11.5,-12.5,-12.3,-9.7,-10.2,-13.2,-5.4,-3.2,-2.7,-1.0,0.9,-6.2,-4.2,-3.3,-4.3
2C7L510Axw,0,48.100163,11.629435,4442411.62,2777627.83,535.3,581.0,226,7356,4.4,0.61,0.48,32.65,348.96,-0.53,-0.103,0.842,-1.1,0.2,-0.25,0.33,1.1,0.3,-0.3,-0.7,-0.1,-0.8,0.0,-0.5,2.0,0.5,-1.9,1.0,-2.5,3.6,8.2,6.9,-7.3,0.0,-0.6,2.2,-0.6,-0.8,2.2,5.6,2.8,-1.0,-0.6,-2.2,3.9,-1.7,13.8,-3.2,-9.0,-5.6,-3.7,-8.4,-4.2,-0.6,-0.2,-2.0,4.3,3.9,5.0,5.1,4.8,2.0,0.9,2.2,6.2,9.5,11.5,-10.8,-0.4,1.9,3.4,4.9,6.9,5.3,5.4,0.8,1.9,0.1,-1.7,1.6,3.8,-2.3,3.0,0.6,2.3,-1.8,-2.8,0.6,1.9,-8.6,2.4,-10.4,1.2,3.0,4.9,3.4,3.3,2.9,-2.4,6.0,-9.1,-7.8,-4.3,8.8,6.2,6.0,7.6,4.3,-1.7,7.4,-2.5,2.3,6.6,0.1,-5.1,-7.9,-4.3,-5.9,-5.2,-0.5,2.8,1.6,3.4,3.4,2.2,1.6,-1.2,4.0,-5.1,-0.7,0.7,-5.3,-3.9,0.6,-8.4,-9.0,-7.0,-6.8,-1.9,4.5,-2.5,-3.1,-2.5,-3.3,1.0,1.6,-1.7,2.9,-0.6,1.9,-3.4,9.4,0.2,11.0,-8.8,-1.7,-0.4,2.0,-0.1,1.6,4.5,-2.6,-3.3,-8.1,-10.8,-4.7,-6.8,-3.5,-2.4,-0.7,-4.7,0.2,-0.9,-1.2,-2.3,-11.3,3.2,2.1,0.7,2.2,-0.5,-4.1,-4.1,-0.1,-0.4,0.7,-6.9,-8.1,1.6,-2.2,-0.0,-4.4,-5.0,-2.9,-3.4,-4.9,-1.3,-13.6,2.3,0.3,-2.9,-4.6,1.1,-1.9,-3.1,-5.0,-1.1,-4.3,1.4,0.3,-0.8,-1.7,-7.8,-4.4,-0.1,-2.1,9.1,-2.4,-4.8,-4.1,-10.2,-11.7,-3.7,-8.3,-8.0,-5.0,-7.8
2C7L510Ay2,0,48.10021,11.629805,4442439.08,2777633.72,538.2,583.9,226,7362,4.3,0.66,0.55,32.66,348.96,-0.53,-0.103,0.842,-1.1,0.2,-0.22,0.33,1.1,0.3,-0.3,0.8,0.4,-0.3,0.8,-0.5,-0.2,0.6,-1.6,-0.1,-11.7,-0.5,-0.8,-3.2,0.2,-0.7,-0.7,-2.7,0.4,-3.8,1.8,-0.8,0.3,-2.9,1.4,2.2,0.6,0.1,-1.8,-2.4,-4.4,-3.4,-4.9,-3.1,-1.9,1.4,-1.5,-0.7,0.8,2.7,0.3,-0.7,0.8,-2.9,-1.4,7.1,-2.5,-5.2,-0.3,-1.2,-4.6,-1.3,-1.0,-3.8,-2.6,-1.6,-1.1,-1.2,-3.5,-1.7,-4.0,-1.2,-0.1,0.7,-4.7,-1.2,0.6,-2.1,1.3,-0.3,-2.2,1.4,0.6,3.3,-2.3,-4.0,-1.2,-5.1,-13.9,-2.4,-3.1,-2.8,-2.1,-0.0,-0.7,-1.5,0.3,1.3,-1.5,0.5,0.8,-4.6,-2.7,-3.0,-0.8,-6.1,-3.0,-1.8,-0.7,-4.1,-1.7,-2.6,-1.2,-2.0,-0.4,-0.8,0.1,-3.4,-2.8,1.0,0.1,-3.9,-3.1,-6.2,-3.8,-2.9,-2.5,-8.9,-6.9,3.3,-6.4,2.1,-5.2,-2.9,-3.2,-2.0,-1.0,-4.2,-2.7,-4.2,-2.9,-2.1,-4.0,-6.3,-7.1,-9.9,-4.4,-2.4,0.7,-1.1,-1.0,-2.9,9.9,-5.0,-15.6,2.0,6.6,-14.4,-0.8,2.0,8.4,4.3,-0.8,-7.1,7.1,-12.2,1.2,-7.2,-7.1,-11.4,10.2,-11.5,-16.5,-9.3,-19.1,-13.3,-7.0,-14.9,-14.7,-15.1,-5.2,-6.7,-11.3,3.9,-8.3,-4.8,-1.9,3.4,3.6,-2.5,-1.5,-7.7,-2.8,1.9,2.2,-2.8,-5.6,-6.0,0.8,-3.4,0.6,-7.3,-0.2,-0.1,-10.4,-11.8,-9.5,-7.4,-7.5,-1.0,-11.4,-2.9,-4.2,1.1,-8.0,-9.1,-11.7,-11.5,-12.5
2C7L510Ay3,0,48.100251,11.630129,4442463.1,2777638.85,549.6,595.3,226,7363,3.8,0.7,0.49,32.66,348.96,-0.53,-0.103,0.842,-0.3,0.2,0.12,0.29,0.8,0.3,-0.3,0.9,-4.9,3.5,-0.8,1.8,2.5,-6.1,1.1,2.7,5.4,2.7,-2.8,3.3,1.7,3.3,4.9,4.2,3.3,0.6,4.6,-3.3,2.9,-2.2,3.4,4.9,1.4,-1.7,-5.6,-3.4,-0.0,-3.5,-3.9,-2.0,-0.1,1.4,1.1,3.6,5.7,3.6,4.3,-0.3,-5.1,3.8,2.6,2.2,-5.2,-5.8,-9.5,1.0,2.3,3.4,6.4,-0.5,3.0,1.5,1.7,-0.0,1.0,-0.2,1.8,-2.0,1.4,12.7,1.8,-2.7,4.4,0.6,1.8,1.1,-0.8,-8.1,-1.6,2.7,3.7,3.8,2.3,2.2,2.3,2.0,1.9,-0.5,3.0,-2.0,-1.2,-4.2,3.5,3.8,2.5,2.2,2.5,1.6,-7.2,-0.9,4.6,0.2,0.1,-4.2,4.5,2.6,2.4,-4.6,4.3,3.7,1.0,2.9,2.5,-2.7,-4.0,2.8,1.1,0.8,-7.2,-1.1,-9.0,-2.1,-3.2,1.3,-0.3,-1.3,3.1,6.1,-3.8,-0.4,1.7,3.5,3.6,-3.7,2.4,1.4,-1.1,1.0,-0.0,-3.0,1.3,-0.7,0.1,1.4,1.1,3.4,-4.0,-1.2,-1.2,-6.3,1.4,-0.5,-0.5,6.3,-3.1,-2.6,-1.9,1.3,1.1,3.8,-1.0,0.9,1.5,0.8,-1.8,2.0,-2.0,0.8,1.0,-0.6,-1.3,-1.2,-2.4,-1.7,-0.1,-1.1,-1.2,0.9,1.2,-3.9,-9.3,-2.3,-5.9,-5.4,-5.8,15.1,-9.2,1.3,-1.6,-1.4,-0.7,-10.0,8.4,-6.7,1.6,5.0,-7.6,6.0,-0.5,3.4,0.6,0.9,-0.2,4.1,-0.7,4.6,-6.3,2.9,-10.9,-5.4,-5.1,7.4,3.7,10.7,-6.0
2C7L510Ayf,0,48.10052,11.632223,4442618.49,2777672.18,548.7,594.4,226,7401,3.2,0.76,0.43,32.67,348.96,-0.53,-0.103,0.842,-0.1,0.2,-0.2,0.24,1.8,0.2,-0.3,2.4,3.3,-0.4,4.8,-2.7,1.7,-4.5,-7.5,-1.6,-8.9,-3.8,-6.7,-1.2,9.5,9.7,-1.8,1.5,-6.8,-4.4,-8.3,-6.0,14.4,5.2,6.1,10.6,9.4,8.6,7.2,-3.3,4.5,4.9,-3.7,1.4,0.4,2.5,2.2,8.8,11.2,7.1,5.0,3.2,2.2,8.1,2.4,6.0,2.3,3.4,2.4,2.3,4.0,8.5,2.0,2.0,2.9,0.8,0.6,-0.7,-1.1,-1.0,-2.7,-1.2,-1.3,4.6,5.1,8.2,-1.9,-3.7,1.1,0.8,0.7,-2.1,-1.2,-3.2,0.5,1.6,0.3,0.6,3.2,2.4,2.4,1.1,2.1,4.5,4.5,1.3,4.3,4.4,3.9,1.1,4.6,3.2,2.5,-0.0,2.5,-0.2,1.8,3.6,6.5,4.2,2.3,1.8,2.8,4.3,3.8,2.1,3.0,2.7,2.2,-0.4,2.4,1.2,-0.1,3.1,1.1,0.5,3.6,-4.1,-1.0,4.7,2.7,-0.4,1.0,2.3,-1.4,0.4,3.0,0.2,1.5,3.3,0.5,1.0,-2.3,5.9,2.1,1.6,2.7,2.1,7.3,6.1,6.5,4.1,0.3,-0.7,3.5,2.9,2.7,5.8,3.2,1.4,-0.9,0.3,0.3,2.4,-0.4,2.1,1.6,1.5,1.4,2.5,4.9,2.7,2.8,1.8,-0.9,1.9,2.6,3.7,-0.7,4.0,3.9,1.7,-1.0,2.2,1.9,-1.2,3.3,2.0,-1.3,-10.7,0.8,1.6,2.3,4.0,3.2,0.9,3.4,1.9,4.1,3.0,-0.1,2.3,3.5,4.4,2.3,3.5,3.2,4.5,1.6,0.4,2.0,3.9,3.3,-0.8,2.2,-0.7,0.8,-5.5,3.4
2C7L510Ayl,0,48.100538,11.63236,4442628.65,2777674.38,537.9,583.6,226,7407,3.9,0.68,0.44,32.67,348.96,-0.53,-0.103,0.842,-1.7,0.2,0.62,0.31,1.6,0.3,-0.3,1.0,1.8,4.6,-0.1,-4.3,-0.5,4.4,-7.2,-4.2,-2.3,-5.7,-8.1,-4.5,8.5,-10.7,7.8,7.2,5.1,-0.7,-1.8,-7.9,11.8,5.9,5.9,14.0,10.0,7.4,9.0,0.8,0.6,-2.9,2.5,-13.0,-6.7,-7.4,-6.2,-7.4,-2.8,-2.7,-1.7,-4.7,-7.5,-6.1,-4.3,-6.0,-2.5,-9.4,-6.1,-5.9,-7.6,-2.7,-7.6,-7.5,-4.8,-5.7,-9.1,-2.9,-10.6,-13.9,-11.9,-8.9,-7.3,-1.3,-8.0,-7.6,-8.3,-8.6,-10.8,-7.6,-6.6,-9.6,-7.4,-7.9,-9.6,-5.6,-5.6,-6.6,-6.5,-8.8,10.2,-5.4,-7.6,-6.4,-5.6,-4.8,-3.4,-7.1,-3.6,-4.3,-4.5,-4.5,-9.1,-7.8,-2.6,-4.1,-3.9,-3.2,-2.4,-5.1,-4.5,-6.2,-0.8,-2.4,-3.0,-2.3,-4.8,-3.7,-6.0,-7.2,-2.7,-1.5,-1.9,-9.8,-5.9,-6.5,-7.7,-8.6,-6.5,-6.0,-5.3,-6.9,-9.8,-11.4,-5.3,-8.8,-4.0,-12.7,-3.9,-4.5,-7.1,-5.9,-7.3,-5.1,-7.5,-5.5,-3.6,-4.6,-1.9,-1.8,-3.7,2.6,-8.1,-5.2,-9.7,-10.7,-7.4,-9.9,-7.3,-8.1,-7.3,-6.2,-8.9,-8.3,-8.0,-7.3,-7.7,-8.8,-6.1,-5.8,-3.8,-3.4,-5.3,-12.0,-7.3,-8.1,-7.1,-10.5,-11.8,-10.5,-6.8,-6.3,-8.4,-10.3,-4.6,-11.1,-4.7,-7.6,-6.9,-7.3,-6.8,-9.6,-12.7,-8.7,-6.6,-7.6,-4.7,-8.6,-5.4,-9.1,-11.3,-10.5,-11.0,-11.2,-11.4,-9.7,-10.3,-3.5,-15.5,-6.5,-11.1,-8.3,-13.9,-16.2,-14.9,-14.9,-9.7,-8.5,-8.2
2C7L510Az0,0,48.100671,11.633393,4442705.24,2777690.8,545.6,591.3,226,7422,2.8,0.82,0.42,32.67,348.96,-0.53,-0.103,0.842,-0.5,0.1,-0.16,0.21,0.6,0.2,-0.3,-1.5,-0.9,1.4,0.9,3.0,0.5,1.6,3.8,2.2,-5.0,2.6,0.1,1.7,4.1,0.7,3.8,1.3,0.4,-3.9,-3.4,-0.8,3.8,2.7,0.1,-1.8,0.6,-2.3,-4.1,3.9,-5.7,-4.9,-3.2,-6.3,2.9,-0.9,-8.2,-2.2,-1.8,0.3,-0.1,-2.9,1.3,-6.5,0.3,0.1,-0.5,2.0,-2.1,0.5,1.4,-2.4,0.1,0.8,-0.6,1.4,2.8,-0.6,0.6,-2.4,-2.7,-2.0,-0.7,-5.7,0.1,-4.0,-4.4,-3.6,-0.8,-0.4,0.2,-2.3,0.9,-3.2,0.5,-1.4,0.5,3.8,-2.1,1.4,-2.0,-0.5,1.4,1.7,0.7,1.0,2.4,2.6,-0.6,1.5,-0.5,-0.1,0.7,-9.5,-3.1,-2.0,-3.6,-2.9,-1.7,-3.0,-4.5,7.5,-0.6,0.0,1.3,-0.4,-2.5,-1.3,1.4,-0.4,4.0,-1.8,1.7,-0.7,-0.2,0.9,0.3,2.9,-1.5,-1.3,3.0,-1.1,-1.7,-0.3,-2.1,-1.9,0.3,0.9,1.9,2.3,-1.6,2.2,-3.3,-4.3,-2.2,0.7,-1.7,-0.1,4.4,3.1,-0.3,-4.3,-2.2,-0.3,2.7,2.3,4.8,-3.5,-1.6,-2.9,0.6,-6.6,-2.6,-0.2,-2.3,0.6,-1.1,-2.9,-2.0,0.7,-0.2,-1.3,-4.5,-3.3,-9.5,-4.1,-4.2,2.4,-3.8,0.2,2.2,2.0,-2.7,-8.4,-6.5,-5.7,1.8,-7.7,-4.0,1.6,-3.7,-2.4,-0.4,-2.4,-1.4,-2.9,-0.7,-6.2,-2.8,3.7,-0.7,-3.5,-4.7,-3.0,-7.1,-3.6,3.6,-7.9,-6.4,-4.1,2.4,-2.3,-1.4,-3.8,-3.6,-0.7,-0.7,1.0,2.1
2C7L510AzQ,0,48.100875,11.634985,4442823.37,2777716.13,550.5,596.2,226,7448,4.3,0.64,0.56,32.68,348.96,-0.53,-0.103,0.842,-1.3,0.2,0.33,0.34,1.0,0.3,-0.3,-1.2,-1.7,-2.0,0.6,14.2,-0.5,2.8,0.7,0.6,0.1,-0.6,0.1,1.0,0.5,3.5,12.7,8.8,-8.5,1.2,0.3,5.4,4.7,10.4,6.8,4.3,0.7,2.2,-2.5,1.6,1.6,-1.0,-0.5,0.8,-6.4,1.7,-6.4,10.5,7.4,4.6,9.6,5.3,-1.3,7.4,0.5,-4.3,8.0,1.0,1.9,-1.6,0.9,-0.6,2.3,2.0,0.1,1.3,13.2,-0.1,-1.6,0.2,-1.0,-3.9,-1.1,-2.4,-0.5,3.6,0.3,-1.6,-1.8,-1.1,-2.1,-1.6,0.0,-2.4,0.0,-1.1,-0.8,14.7,-0.5,1.2,9.4,-0.8,8.3,15.2,3.4,1.5,10.0,0.1,8.5,4.4,1.5,5.2,-4.8,3.7,1.9,2.5,-0.5,1.2,8.9,0.2,-1.3,1.2,13.5,-7.3,1.2,-3.7,-5.2,0.2,0.8,-3.7,2.8,0.7,0.2,0.1,1.6,1.2,-1.1,-0.3,-4.0,-4.7,-1.6,0.3,0.9,-2.6,-1.1,14.3,-10.3,-0.2,0.2,-2.5,-8.9,7.2,-3.2,6.1,0.9,-10.1,3.6,0.1,-0.3,4.3,-1.1,-0.2,-2.3,-5.1,-4.0,-2.5,2.6,0.7,-2.5,-3.1,-5.5,0.2,-2.5,-3.8,-4.3,-2.8,1.1,-0.2,-0.8,-0.9,-0.9,-2.6,-5.1,-3.3,-3.2,0.9,0.2,0.1,-10.9,-9.9,-7.6,-5.6,-3.3,-6.7,-3.5,-1.1,-4.4,-5.1,-5.3,-7.6,-3.4,-2.3,-4.7,-3.7,-3.8,-3.2,-1.7,-4.4,-4.2,-0.3,-3.7,-2.9,-1.4,-10.1,-11.7,-3.5,4.0,-0.6,3.0,0.7,1.4,2.1,-3.0,-12.7,1.4,4.6,-0.4,3.2,1.5
2C7L510Azk,0,48.101017,11.636091,4442905.43,2777733.73,549.8,595.5,226,7468,2.8,0.8,0.4,32.68,348.96,-0.53,-0.103,0.842,0.4,0.1,-0.73,0.22,0.7,0.2,-0.3,-1.5,-2.4,2.0,-0.9,0.5,-7.6,0.2,2.4,-0.1,1.3,0.2,-3.6,2.4,-1.2,0.8,1.2,1.7,-0.4,-0.1,-0.3,-5.5,1.5,3.4,-0.3,-2.5,1.9,2.6,0.8,7.0,-0.8,5.6,-3.6,-3.4,-5.5,-0.9,-1.0,2.1,3.1,2.9,2.3,1.8,-6.8,-2.3,1.5,2.3,2.1,-4.0,3.6,2.0,1.9,5.5,3.2,4.8,3.9,4.1,7.0,-0.1,7.4,7.7,-0.7,4.7,3.8,3.2,2.7,-4.3,-2.3,0.9,5.3,5.9,4.5,0.7,4.4,0.6,3.2,-1.7,-1.1,2.1,1.1,3.1,-0.9,-0.5,-1.8,2.6,-0.9,-6.3,-1.4,4.2,-2.6,6.8,2.6,0.8,-1.4,2.6,0.8,1.9,-2.5,1.5,1.9,3.0,-0.3,2.0,3.2,4.6,3.3,3.0,4.0,4.0,2.2,2.2,3.5,3.1,4.1,4.1,0.2,-0.6,3.5,3.9,1.8,5.6,-0.6,6.4,3.7,2.7,0.2,1.2,3.0,1.1,3.6,0.2,-0.2,7.1,-1.0,5.5,0.1,1.9,-0.8,1.1,1.0,6.3,5.5,0.2,3.7,1.2,0.1,6.5,0.3,-0.9,5.2,3.7,2.6,1.1,4.9,4.4,5.6,6.9,1.9,7.0,0.6,1.0,6.0,0.7,1.8,4.9,-0.9,-1.1,2.4,4.5,-2.0,-0.2,2.3,5.3,2.3,-2.2,3.4,-3.3,-3.7,2.9,5.3,-6.5,5.1,5.4,7.6,6.4,4.8,3.9,1.5,8.0,3.9,0.7,2.7,2.9,1.2,2.1,1.1,1.1,1.3,2.9,2.9,4.6,2.9,-2.9,-2.8,3.2,1.5,2.1,-2.4,1.6,1.0
2C7L510B0N,0,48.101266,11.638028,4443049.15,2777764.59,536.2,581.9,226,7507,3.5,0.73,0.42,32.69,348.96,-0.53,-0.103,0.842,-0.2,0.2,-0.53,0.27,2.6,0.2,-0.3,-1.4,-1.3,0.7,-0.7,-0.2,-5.8,-0.2,-2.2,-0.5,-7.9,-2.9,-8.6,-0.3,1.3,1.8,5.4,3.7,3.1,0.8,-4.0,-2.0,0.4,0.2,-0.2,1.2,2.5,0.2,-7.9,-4.6,-3.1,0.9,-4.8,-4.4,-3.1,-1.2,-1.4,-4.7,7.2,-3.7,0.7,-1.8,-1.1,-0.6,4.2,-3.2,-5.1,-2.3,-1.1,-0.2,-1.0,-0.8,-2.9,0.7,0.9,-2.1,7.4,14.9,3.4,0.5,-0.9,-0.7,1.9,2.5,-2.3,-7.8,11.6,4.7,9.8,2.5,3.1,4.3,2.0,2.5,2.3,3.2,3.3,1.7,1.9,2.2,2.7,-0.8,-1.1,-3.0,-2.5,0.2,-1.8,2.1,0.4,-0.9,0.1,-1.6,-1.3,-2.7,-2.3,-1.7,-3.0,-1.8,-1.5,-0.2,-1.0,-6.1,-1.5,-0.9,0.4,0.7,-0.5,1.1,-2.8,-1.6,-1.2,2.4,0.1,0.4,0.4,0.1,1.6,-1.7,-1.6,7.5,1.2,2.3,1.4,3.8,0.6,3.7,-0.1,1.4,-0.5,-3.2,-1.1,-5.3,-2.1,-1.8,-3.9,-3.5,-1.8,1.5,-4.4,2.9,1.7,-2.4,-3.9,-3.1,-0.1,-2.9,-2.0,4.3,-2.9,1.1,-4.6,-0.6,-1.5,2.6,-2.2,0.7,2.2,1.3,0.1,-2.3,-3.8,-5.2,-2.8,-5.0,-7.4,-6.4,-5.0,-2.4,-6.0,-2.4,-2.7,0.8,-1.5,-6.4,-7.0,15.1,12.1,14.1,3.0,10.3,6.0,4.5,1.5,-1.1,-0.8,2.6,-2.8,-2.4,-4.6,-3.1,-9.2,-7.2,-2.9,-6.0,-5.6,-4.8,-8.4,-2.9,-2.3,-4.6,-1.2,-4.1,-5.1,-0.9,0.9,2.6,0.3,2.1,3.6
2C7L510AxC,0,48.09987,11.627017,4442232.2,2777591.4,545.3,591.1,226,7310,2.1,0.9,0.28,32.64,348.96,-0.529,-0.103,0.842,-0.5,0.1,-0.28,0.16,0.6,0.1,-0.3,-0.5,0.5,-0.5,-0.9,-0.3,-1.0,0.4,0.5,1.3,-7.7,1.3,-1.0,2.4,1.6,1.7,2.9,2.5,3.3,2.1,3.1,2.8,2.5,1.8,3.1,3.8,2.4,2.6,2.4,2.4,-0.9,-3.9,1.5,-2.2,-0.2,2.5,2.8,3.3,2.7,5.5,3.7,1.4,3.1,1.6,2.4,2.5,3.9,1.8,1.9,2.9,2.1,2.9,1.7,1.8,2.4,1.3,1.9,1.8,1.4,1.8,1.5,0.9,1.5,-6.4,1.8,3.5,1.7,0.8,2.6,1.0,1.1,-0.2,2.4,-0.4,0.7,2.4,0.4,1.3,2.0,2.8,3.1,1.0,-0.2,2.4,2.8,2.2,2.9,1.3,5.6,3.0,3.3,0.7,2.1,0.2,3.5,2.1,-0.1,2.5,-2.0,0.7,1.4,1.6,0.5,1.5,1.1,1.5,0.6,1.9,1.8,-0.1,0.2,-0.2,0.2,0.2,1.7,-0.0,-0.4,4.9,0.0,1.3,-1.6,5.3,-0.6,0.2,0.5,0.4,2.4,-0.6,0.1,3.2,2.7,2.8,-0.8,0.4,2.4,0.1,-1.2,0.5,2.6,2.2,4.1,-1.8,2.5,1.4,0.6,1.2,0.7,-10.9,0.6,-0.5,0.9,4.3,-1.2,1.5,0.2,1.2,0.6,2.1,1.0,2.0,1.1,0.2,-2.9,2.1,-2.0,-2.9,3.4,-1.1,-1.0,-0.3,-0.4,-0.5,-0.0,-3.5,-2.6,-0.1,-11.3,-2.1,-0.3,6.1,0.9,0.5,0.5,0.6,-0.1,0.3,2.0,0.5,-1.8,1.8,-1.8,0.7,0.6,-2.3,-2.4,0.1,-0.2,1.6,1.7,-3.1,-0.7,1.2,-0.0,-1.4,-0.5,-6.9,-0.7,0.5,0.5
2C7L510AxV,0,48.100007,11.628079,4442310.97,2777608.29,546.8,592.5,226,7329,3.7,0.69,0.52,32.65,348.96,-0.529,-0.103,0.842,-0.6,0.2,-0.52,0.28,1.8,0.2,-0.3,3.1,1.5,11.4,-7.1,-0.4,1.3,1.5,-0.7,-4.6,0.4,-6.0,7.6,-4.5,-3.6,-2.5,-2.9,-7.2,1.8,-2.4,0.1,-3.4,-3.3,9.8,0.8,-4.1,3.6,-1.6,-9.1,-6.4,1.3,-1.0,-5.4,-8.1,-6.9,-12.4,-2.9,-2.2,0.6,-2.2,-3.8,-3.6,-9.6,-3.4,-9.3,-0.8,-2.1,6.6,4.4,1.1,2.2,1.1,0.6,0.9,0.2,1.2,0.4,2.4,0.9,0.9,1.6,0.8,2.1,-5.7,0.6,2.9,6.2,0.5,4.0,0.3,1.0,-1.2,8.7,-0.6,-0.1,-0.2,0.8,2.0,-1.3,3.2,-1.3,-0.4,-2.6,-2.1,1.5,0.4,-0.4,-1.1,-0.4,-3.9,-3.6,-0.9,2.4,-7.5,-1.9,-2.8,-4.1,-7.3,-4.1,-5.7,-0.7,0.5,2.5,-0.7,-0.3,-2.4,-2.6,-1.3,-2.7,-1.6,-8.1,-2.3,-2.8,0.3,-2.1,-5.0,-4.9,0.5,-3.7,-4.2,-1.0,-1.7,-1.9,-5.1,-2.1,-1.3,-0.1,-5.9,-2.9,-2.9,-1.4,-4.5,4.5,8.8,-3.4,-8.1,-5.9,-1.3,4.3,-0.5,-6.5,5.6,0.7,-0.1,1.5,1.9,2.0,-9.7,2.1,2.2,-0.6,-2.5,-2.7,4.6,4.3,6.5,3.2,-1.7,-2.5,-2.5,-4.4,-4.5,-5.9,-2.2,-4.2,-3.0,-15.0,-2.4,-7.3,-6.5,-1.4,-0.0,-0.8,-8.7,-1.9,-4.5,-0.0,-1.1,-5.6,4.4,-2.8,-5.7,-2.8,-4.5,-4.4,-6.0,-2.0,-2.1,-4.1,-5.3,-2.9,-5.5,-14.1,-8.6,-8.0,-7.3,-8.5,-1.2,-4.8,-1.5,-1.3,-8.7,-0.6,-3.9,-0.6,-1.6,0.1,-2.6,-3.1
2C7L510AyJ,0,48.100368,11.630888,4442519.42,2777653.01,544.1,589.8,226,7379,2.3,0.79,0.38,32.66,348.96,-0.53,-0.103,0.842,-1.0,0.1,0.46,0.18,2.7,0.2,-0.3,-1.8,4.1,-0.7,-1.9,-2.5,-4.0,4.0,2.2,1.5,-1.7,1.6,0.5,3.9,1.9,3.7,3.9,3.6,2.9,6.7,5.5,2.8,7.2,3.5,6.9,7.6,6.2,4.7,5.4,4.2,1.7,4.7,1.4,1.5,2.4,3.5,5.7,6.2,8.9,8.1,9.2,3.8,0.7,4.5,11.2,5.7,1.1,2.5,2.6,5.0,1.9,2.4,1.2,1.2,-0.1,0.9,0.7,-0.1,-1.5,-0.3,0.3,-0.1,-0.1,-0.8,-0.3,-0.2,1.8,-0.1,1.5,-0.2,0.8,-0.7,2.4,0.2,1.6,2.3,3.9,4.3,2.9,4.7,4.7,2.4,4.0,2.9,4.9,5.2,5.4,4.1,4.2,1.9,4.1,2.2,1.7,-0.5,3.8,3.5,0.9,1.8,5.2,4.3,2.2,0.1,3.9,5.1,2.5,3.0,2.6,1.4,-2.1,1.4,-0.2,0.2,-1.3,-1.9,-0.9,-0.6,-2.8,-3.3,-3.4,-2.7,-0.4,-4.2,-1.9,-1.1,-2.1,-0.9,2.8,-0.6,1.5,1.6,2.4,2.6,5.8,1.9,5.4,13.2,4.0,-4.5,8.7,4.4,0.4,0.0,-5.9,-2.2,-3.6,-2.5,-2.1,-5.9,-2.7,-1.2,-2.0,-5.8,-3.3,-3.9,0.3,-0.2,-3.1,-1.5,-0.7,0.4,1.4,0.2,1.8,-2.3,0.7,1.1,-1.5,-0.1,-4.1,-0.9,3.5,2.6,-9.1,-4.7,-2.0,-1.3,-7.2,-5.5,-3.1,5.7,-3.6,-5.6,-1.2,0.2,-1.6,-2.5,0.6,-1.3,1.8,3.7,0.5,-0.4,0.1,0.4,-0.0,2.9,3.8,3.8,0.5,2.2,-1.2,-0.6,3.5,-4.1,-2.9,-0.3,-5.1,-2.1,0.4
2C7L510AyZ,0,48.10048,11.631766,4442584.52,2777666.98,543.4,589.1,226,7395,3.7,0.71,0.54,32.66,348.96,-0.53,-0.103,0.842,-1.2,0.2,0.22,0.28,1.4,0.2,-0.3,-0.2,-0.4,-1.2,-3.1,0.1,-1.8,-3.6,0.1,0.2,3.4,2.2,1.5,-1.4,1.4,-0.8,-2.0,10.8,6.9,4.8,10.0,1.9,-1.9,0.4,6.2,-7.1,-1.2,1.9,6.1,0.9,-6.1,-6.7,-9.4,-10.5,-7.5,-9.5,-7.4,0.1,-1.9,-6.7,-2.3,-3.5,-2.9,-6.7,-4.1,-5.2,-3.0,-4.1,-2.5,-5.6,-5.0,-1.7,-1.7,-1.3,-2.4,-3.4,-0.3,-0.3,-1.7,-6.0,-4.7,-4.6,-1.2,-6.9,-0.8,-5.2,-2.6,-3.1,-2.4,-1.6,-1.6,-3.5,-3.9,-3.7,-2.1,-4.9,-0.3,-4.1,-1.9,-1.9,-1.0,-5.0,-5.9,-4.4,-2.2,-2.9,-2.1,-3.1,-3.8,-5.8,-5.9,-0.4,-3.7,-4.3,-4.1,-6.5,-6.1,-4.4,-0.5,-4.6,-3.0,-1.3,-6.7,-4.6,-3.7,-5.3,-3.4,-3.3,-5.6,1.2,-1.3,0.8,-6.5,-3.9,-5.3,-4.3,-2.6,-5.9,-5.6,-5.8,0.2,-0.1,-7.4,-6.2,-4.8,-0.7,-3.0,-4.7,-1.9,-4.2,-4.3,-2.1,-4.9,-3.0,-11.3,-8.5,-8.0,-9.6,-5.7,-6.1,-5.2,-7.3,-3.6,-2.8,1.5,-8.9,-2.4,1.8,-3.0,-4.2,-1.4,0.5,-8.1,-2.3,-1.1,1.8,-5.9,-3.0,-7.4,-3.3,-4.8,-10.4,-7.4,-1.2,-1.9,-10.3,-4.8,-3.5,-15.7,0.0,-13.4,-2.9,-7.7,-17.8,-6.5,4.0,-15.8,-12.2,-3.8,-20.0,-9.4,-5.3,-6.2,-4.1,-7.1,-3.4,6.9,-6.2,-3.4,0.7,-6.0,-13.6,-6.0,-9.3,-14.9,-1.8,-7.6,-8.3,-0.5,-6.5,-6.1,-4.8,-8.0,-15.5,-7.7,-8.7,-3.4,-7.0,-10.5
2C7L510Ayc,0,48.100477,11.631739,4442582.5,2777666.57,531.3,577.0,226,7398,2.3,0.88,0.36,32.66,348.96,-0.53,-0.103,0.842,0.1,0.1,-0.62,0.18,0.9,0.2,-0.3,-0.3,-0.7,-1.1,0.1,-0.6,1.1,1.0,-4.0,1.9,-0.3,1.4,1.0,2.6,-1.7,2.8,0.5,3.4,0.3,0.7,-8.0,-7.7,1.0,-3.9,4.3,-8.0,2.0,-2.3,6.8,9.2,-4.4,-3.1,-6.4,2.5,-11.0,-9.7,4.9,-3.3,-6.3,1.4,11.9,-5.1,-0.3,3.5,-1.1,2.5,1.9,0.3,1.6,2.2,1.2,1.2,2.2,-1.9,2.7,0.4,1.5,0.6,0.9,0.6,0.9,1.0,1.1,2.8,1.6,4.6,1.5,0.4,2.2,1.8,0.3,0.2,1.3,1.5,3.3,1.6,1.9,0.5,0.7,-1.8,0.4,0.9,1.2,0.9,-0.1,1.3,1.9,3.1,1.3,0.1,0.7,0.4,1.8,-1.5,0.9,-1.0,-1.0,0.9,0.1,1.4,-0.6,-0.3,1.7,1.5,2.0,0.7,-0.2,1.4,-0.3,0.9,-0.3,1.7,0.5,0.4,0.3,1.9,1.7,1.2,0.7,1.4,2.1,2.7,0.5,0.1,1.8,1.2,2.0,1.6,1.0,0.2,-1.9,-0.4,1.1,0.6,0.4,0.5,1.5,0.3,1.7,3.0,3.4,1.6,0.6,-0.4,1.5,1.3,2.3,2.6,1.8,1.6,3.4,2.2,1.3,2.6,1.9,1.0,3.6,1.6,1.2,1.9,0.8,0.3,1.7,1.5,0.4,-1.1,2.9,2.0,-2.3,-0.1,1.1,0.6,-1.1,-1.0,0.0,1.6,2.0,2.2,4.5,2.6,2.8,1.8,0.6,2.3,0.9,-0.0,-0.3,0.3,-0.1,1.0,-1.5,-0.1,-1.6,-0.8,-2.5,-0.1,-0.6,-1.2,-1.3,0.9,-0.7,0.8,-1.0,-0.7,0.4,1.5,0.6,0.8,1.6
2C7L510Ayj,0,48.100548,11.632295,4442623.81,2777675.41,541.1,586.8,226,7405,3.1,0.81,0.39,32.67,348.96,-0.53,-0.103,0.842,-0.8,0.2,0.53,0.23,0.6,0.2,-0.3,-7.5,-6.3,5.0,-3.9,8.0,2.2,4.6,-8.2,1.4,1.2,4.0,2.7,3.0,-4.8,2.3,2.2,-2.5,-3.5,-8.4,-6.5,-3.1,5.2,-2.0,-2.8,-6.5,-4.6,2.3,8.8,7.3,-5.9,-2.9,-18.0,-11.1,-8.1,-4.2,-4.8,2.0,-2.8,-0.7,1.2,1.9,-2.8,1.2,-4.0,-0.9,-3.3,-2.5,-3.6,-2.8,-1.5,-3.3,-0.2,-1.2,-0.7,-1.0,-2.5,-1.5,-1.7,-1.1,0.8,-3.4,-3.7,-2.2,-4.9,0.2,-3.3,-5.8,-4.6,-4.3,-4.1,-3.1,-4.5,-3.9,-3.3,-3.5,-2.5,-2.4,-3.7,-4.3,-2.5,-4.0,-1.0,-3.7,-0.9,-1.8,-2.2,-2.3,-2.7,-4.6,-5.6,-4.1,-10.5,-3.0,-3.2,-5.1,-6.8,-3.4,-2.2,-2.5,-3.8,-5.2,-5.0,-3.9,-3.8,-3.4,-2.5,-5.1,-4.7,-4.5,-2.4,-4.1,-3.7,-5.6,-4.1,-5.5,-2.9,-5.2,-6.3,-5.6,-1.2,-6.3,-5.8,-3.8,-6.4,-6.6,-6.0,-3.5,0.4,-4.0,-6.8,-8.4,-4.3,0.2,-3.9,-8.0,-6.4,-5.2,-3.9,-1.8,-4.5,-2.0,-5.3,-4.1,-3.7,-2.9,-2.5,-2.9,-3.6,-3.8,-4.5,-3.4,-4.5,-5.3,-3.5,-3.5,-5.9,-4.5,-5.7,-3.9,-7.2,-4.0,-3.9,-3.1,-5.7,-6.9,-5.3,-3.9,-8.5,-4.7,-3.9,-3.9,-6.3,-15.2,-6.0,-5.0,-5.3,-4.5,-6.4,-3.5,-3.4,-2.4,-4.5,3.6,-1.1,-3.7,-2.3,-3.6,-2.4,-3.1,-0.7,-4.4,-3.2,-1.4,-4.7,-7.0,-8.8,-5.7,-1.9,-6.5,-7.3,-8.9,-8.8,-7.9,-3.0,-3.9,-7.2,-2.8,-9.7
2C7L510B08,0,48.101228,11.637594,4443016.94,2777759.71,555.9,601.6,226,7492,2.8,0.83,0.42,32.69,348.96,-0.53,-0.103,0.842,0.3,0.1,-0.02,0.22,0.4,0.2,-0.3,4.8,2.4,-2.6,2.0,5.8,-1.0,0.5,-0.6,2.8,1.9,3.8,3.3,4.1,3.1,1.5,1.4,-0.9,-3.2,-0.4,-4.5,-0.8,-0.4,2.1,0.5,3.0,0.0,0.9,0.6,-0.9,-1.5,3.2,-7.4,-5.3,-5.8,-2.6,-4.9,-4.1,-1.1,-1.5,0.6,1.2,1.4,-0.4,-1.7,1.7,0.3,1.6,-0.2,1.2,1.0,-1.5,-0.9,-1.1,0.0,-0.0,0.1,2.5,-1.0,0.8,-1.3,1.2,-1.4,0.5,-1.3,-6.9,-1.9,0.4,3.0,-1.2,1.1,0.2,0.6,1.4,0.3,3.2,0.8,1.2,0.3,-1.5,-2.9,-0.0,-0.3,1.0,1.2,5.4,1.4,5.4,2.1,4.1,3.7,1.4,2.0,1.3,-1.3,1.8,1.6,1.1,1.6,2.8,2.1,1.8,4.4,4.7,4.0,1.8,1.6,1.4,3.3,-0.1,1.7,0.6,2.0,-1.3,2.1,2.2,0.9,5.1,0.4,-2.2,1.1,-12.9,-0.1,-0.2,-0.1,-0.8,1.1,3.8,3.0,3.8,1.7,3.5,3.4,4.1,0.9,-0.6,1.6,2.7,4.6,2.7,4.5,5.5,-6.2,-7.8,-0.9,-2.1,-3.3,-4.3,-6.0,8.0,1.0,1.8,-1.5,-4.5,-1.3,-0.7,2.1,0.4,1.7,6.4,2.0,0.8,0.8,1.6,0.2,-2.2,-0.5,-1.7,1.6,3.8,3.5,1.2,-0.4,-0.6,4.6,2.7,7.6,0.7,-0.2,-0.8,5.6,-0.2,8.0,0.4,2.4,-2.1,2.0,0.0,0.7,1.5,3.8,1.9,1.8,4.8,1.4,7.4,1.2,1.2,-0.3,0.2,0.0,0.4,3.8,0.2,-1.2,5.7,-5.3,2.0,-0.3
2C7L510B0I,0,48.101304,11.63818,4443060.37,2777769.02,559.2,604.9,226,7502,2.9,0.84,0.39,32.69,348.96,-0.53,-0.103,0.842,0.2,0.1,0.04,0.22,0.4,0.2,-0.3,2.7,-1.8,-1.1,-0.3,0.2,-2.1,0.3,4.1,0.3,-0.2,2.4,3.2,1.8,0.7,1.4,2.3,-0.8,-1.3,-1.8,-3.2,-3.3,0.3,-0.1,-1.0,-1.4,1.6,-1.2,2.8,-0.5,1.2,1.8,-3.1,-2.4,-3.3,-1.7,-1.0,-1.8,4.6,-2.1,1.4,0.8,1.1,-0.1,4.9,-0.8,-3.0,2.6,4.0,-2.1,0.6,-0.1,-0.1,7.1,-3.3,-2.0,-5.0,-1.2,-3.2,-0.6,-0.3,-1.2,-2.1,-5.2,-2.8,0.1,-0.6,-1.0,2.0,-1.8,-3.5,1.3,-4.0,1.7,-0.1,-2.2,-1.3,-0.2,-1.7,-1.9,-4.5,-2.3,-1.5,-2.4,0.5,-1.3,2.5,3.3,-3.8,-0.6,-0.1,-1.9,-0.9,4.3,-2.3,-1.2,2.2,2.0,3.3,0.1,0.9,0.3,3.0,1.4,0.2,2.6,-0.8,-3.8,0.6,-2.0,-1.5,-1.7,1.0,1.9,-1.4,0.1,1.8,1.9,2.5,2.0,1.4,1.0,2.5,1.5,-0.2,-1.2,3.1,2.7,-1.4,-2.3,-0.4,2.8,0.1,6.5,-0.9,3.1,4.3,0.5,-1.2,-1.2,7.8,7.8,-16.3,0.2,6.8,2.4,2.1,-4.2,-1.2,-6.6,7.8,0.5,1.5,0.8,1.2,-1.6,3.1,-1.1,3.5,-3.0,-1.1,-0.4,4.4,2.4,-0.7,-4.1,3.5,1.5,-1.0,1.4,-3.5,0.7,3.8,0.7,0.8,1.2,-2.9,3.5,2.8,-10.9,0.6,0.0,2.3,2.5,0.2,0.0,-0.6,-1.4,-0.4,1.6,-2.6,2.0,6.2,8.8,0.8,0.1,2.4,0.6,-0.5,-1.5,-0.1,-2.2,-1.8,-0.1,0.1,3.7,3.1,1.5,2.1
2C7L510Axm,0,48.100125,11.628854,4442368.41,2777622.7,536.8,582.5,226,7346,2.1,0.89,0.32,32.65,348.96,-0.53,-0.103,0.842,-0.2,0.1,-0.1,0.16,0.8,0.1,-0.3,-0.7,-0.2,0.4,-0.1,-0.4,-1.8,0.9,-0.5,-0.4,2.1,-0.7,-0.4,0.7,0.6,3.0,1.5,2.0,2.5,3.1,4.4,-0.7,1.6,-1.0,0.3,2.5,3.0,0.2,-1.1,-2.5,-2.5,-6.3,-2.6,-2.3,-2.2,-1.4,-0.8,0.9,0.0,2.0,1.4,-2.7,-3.9,1.7,-0.6,-1.6,0.1,-4.9,-1.9,-1.1,-2.9,-2.3,-1.7,0.1,-0.6,-0.7,-0.4,-1.3,-0.9,-0.3,-1.9,-1.5,-0.9,0.8,-0.9,-0.3,-0.4,-1.0,1.7,-0.4,0.7,-2.5,0.2,-1.1,-1.4,1.1,1.1,-1.0,-0.6,-0.7,-0.3,-1.2,-1.8,-1.5,-0.4,1.7,-1.4,-1.0,0.3,0.4,1.6,1.3,-1.9,-4.6,0.5,-1.8,-0.4,-1.8,-2.0,-1.6,-1.6,-1.4,0.4,2.6,1.3,2.1,0.3,-0.9,-0.5,0.0,-1.5,-0.7,0.6,0.2,1.1,1.7,-1.7,-3.5,-2.7,-1.6,-0.1,-1.5,-1.2,-0.6,-0.9,0.0,1.2,-1.5,1.7,2.8,-0.3,-1.2,-1.6,-6.6,0.4,-2.0,-1.9,1.5,1.3,6.9,-0.8,-3.6,-3.1,-3.3,-1.8,-2.9,-4.5,9.0,-0.9,-0.9,1.4,-3.7,-0.5,1.0,-0.9,0.8,-1.5,-0.4,-0.4,0.3,0.6,1.8,1.9,-2.1,-6.7,-4.3,-2.2,9.2,-5.7,-0.0,-2.3,-1.2,-2.9,-5.2,-4.6,-1.1,-0.6,-0.4,-0.4,1.0,0.3,-0.5,0.2,-1.0,0.9,1.5,2.5,0.2,5.2,0.1,-2.6,-0.0,-1.1,-0.1,-5.9,-1.4,-2.2,0.1,-4.5,-3.0,-0.1,-2.8,-4.2,-2.3,-3.1,-1.7,-4.0,-0.3,-0.9
2C7L510AyD,0,48.100332,11.630463,4442487.83,2777648.31,541.2,586.9,226,7373,4.6,0.62,0.48,32.66,348.96,-0.53,-0.103,0.842,-0.8,0.2,-0.31,0.35,1.3,0.3,-0.3,-0.6,-0.2,1.3,-0.9,-0.6,-1.1,-0.1,1.5,-0.6,-0.9,0.3,1.4,1.4,0.8,0.7,-1.1,1.4,-1.9,-5.2,-3.1,2.0,-3.8,-3.6,-11.5,8.4,-5.4,-2.0,-0.5,-3.2,-9.8,-2.6,-4.4,0.2,-6.4,-2.1,-3.9,-18.5,-13.0,-1.0,-4.6,-1.9,4.6,7.6,-6.2,-0.7,-4.9,-2.3,2.7,-4.2,-1.7,-1.0,1.7,2.4,1.8,1.1,4.9,1.4,0.8,-2.7,-2.9,-3.7,5.3,-0.8,2.2,-10.3,2.2,-0.7,-5.7,0.1,-7.2,-1.2,-6.3,-1.6,-1.1,-6.8,-0.1,-5.8,1.6,-3.9,-3.6,-6.0,-7.8,-6.2,0.4,-3.9,-5.4,-5.4,-1.4,-4.9,7.7,-3.6,3.7,-5.1,-1.9,-2.2,-3.6,-5.0,-1.1,-9.0,0.4,-4.7,-7.2,5.2,-6.7,-3.0,2.6,-4.5,-0.2,2.4,-13.0,-3.0,-2.1,-3.3,-6.5,-4.3,-3.6,-1.7,-0.7,-0.6,-0.4,-3.7,-2.2,1.4,-1.7,-2.7,-2.9,-0.0,-1.2,0.8,2.4,2.5,-6.8,-0.7,1.1,-7.9,5.8,-4.3,1.2,-4.2,-4.6,3.3,-4.3,-11.5,-11.9,-2.6,-7.9,-3.1,-4.9,-5.2,-5.5,-5.1,-3.4,-2.4,-6.4,-3.3,1.5,-2.1,-4.9,-2.4,7.5,-13.6,4.1,-20.8,-6.3,-7.0,-15.1,-8.8,-10.8,5.0,0.2,0.5,-8.8,-3.5,-0.7,0.3,-3.9,-2.9,-0.7,-0.3,-2.5,-0.1,-1.8,0.5,-1.3,-2.8,4.6,-2.5,-4.0,-7.1,-12.8,-0.8,2.9,-14.7,-19.8,-7.7,-3.4,0.9,-11.7,-9.8,-6.2,1.9,-8.7,-16.1,-2.6,-8.9,-3.4,-5.0,-7.0
2C7L510AzS,0,48.100898,11.634873,4442814.98,2777718.49,540.9,586.6,226,7450,2.6,0.84,0.38,32.68,348.96,-0.53,-0.103,0.842,-0.3,0.1,0.07,0.2,0.4,0.2,-0.3,-4.2,1.7,0.4,2.3,-1.6,-6.0,1.3,0.5,2.2,0.7,0.2,-3.3,3.4,2.8,2.9,3.8,3.9,4.0,2.8,0.9,1.8,2.2,2.4,2.8,2.1,3.4,3.2,-2.6,-0.1,-0.0,-2.4,0.1,-0.9,-0.2,0.4,2.9,6.4,0.3,3.5,0.3,2.0,-3.3,4.7,3.0,6.7,4.7,-1.5,-0.4,1.7,0.7,3.6,2.5,5.1,3.9,2.4,3.0,-4.0,3.8,-0.1,-1.6,-1.2,3.6,2.5,1.0,5.2,-1.3,-3.0,2.0,2.6,1.3,-3.9,1.1,-2.6,1.8,1.6,2.5,3.5,2.6,2.4,4.4,2.4,1.4,2.3,2.8,3.5,4.7,3.8,4.2,2.5,3.0,2.2,-2.1,-2.5,-0.1,1.2,1.9,-0.9,3.8,3.6,1.5,3.0,2.4,3.8,3.1,3.7,5.0,3.1,1.4,0.6,2.7,1.3,0.6,0.7,0.1,0.1,-4.8,-2.4,1.8,-0.8,2.9,-3.3,3.9,-2.7,2.2,2.4,5.4,-2.3,3.3,-0.9,0.2,2.3,0.6,-2.9,1.8,-1.5,0.4,1.3,0.2,3.3,2.6,-3.2,-4.4,-1.5,1.6,-3.0,-0.7,-3.1,1.8,0.6,1.1,-2.5,1.3,2.6,2.3,0.5,-2.4,-1.4,-0.3,3.0,2.7,-0.9,0.1,-2.3,0.6,3.0,-2.1,5.7,0.8,1.4,3.7,2.7,-3.8,-7.2,2.4,-1.9,-4.3,-3.1,-3.7,9.0,1.6,3.3,2.3,1.2,-2.4,1.8,0.4,-5.2,1.1,2.0,0.8,-1.6,-4.6,2.4,-4.1,0.2,1.8,2.2,3.9,-3.4,3.5,1.5,4.8,0.5,-4.0,4.2,2.2,1.9,2.6
2C7L510Azq,0,48.101055,11.636099,4442905.92,2777738.01,534.8,580.4,226,7474,4.6,0.58,0.52,32.68,348.96,-0.53,-0.103,0.842,-0.9,0.2,-0.86,0.35,1.5,0.3,-0.3,0.9,0.2,2.0,5.6,1.5,-2.0,3.4,5.9,5.4,-0.2,0.9,-8.9,-0.4,-0.5,1.6,3.0,-0.6,-1.0,-7.1,-3.1,-1.1,-4.3,-3.0,-1.3,1.4,-0.6,4.4,5.1,9.0,-1.6,-13.8,-9.4,0.6,-6.7,-0.3,-1.6,0.6,-0.2,-1.7,2.1,5.8,-0.6,-2.4,-2.5,-1.8,-2.6,1.3,0.3,1.2,1.4,2.8,0.4,3.9,1.9,1.1,0.5,0.5,0.1,1.5,1.2,-0.1,0.5,1.5,0.5,2.4,-0.3,1.0,2.4,-3.3,-0.9,-1.6,-2.4,-3.4,-0.0,2.4,2.5,4.8,-2.2,1.0,1.0,2.2,4.3,2.3,6.3,0.6,-2.3,1.0,-1.9,-3.9,-1.2,-1.6,-2.1,9.8,-1.7,-3.3,2.3,-5.6,0.2,0.2,3.2,4.3,7.3,5.3,5.2,-0.4,2.3,6.6,8.5,8.4,5.3,0.4,3.0,6.0,7.4,12.6,8.5,12.7,13.1,3.5,7.9,-12.0,11.2,1.7,-6.0,-1.5,1.6,-1.8,-1.9,3.9,3.5,-2.9,4.2,2.3,-6.3,3.3,9.8,-7.7,-8.1,0.9,-3.5,-3.3,5.4,-1.6,-10.8,-6.8,-3.7,-3.0,1.7,6.5,5.5,-6.6,-6.1,-6.1,-6.7,-10.4,-1.0,5.8,-2.9,-2.1,2.5,-2.5,-4.8,0.8,-5.4,-6.8,-4.7,-1.8,-10.0,-4.0,0.9,-2.3,-3.4,-2.8,1.0,1.8,0.6,3.2,4.2,3.4,1.0,-1.5,-5.7,-13.7,-4.6,-6.4,-8.9,-6.0,-3.7,-6.3,5.9,-2.6,2.5,-6.3,-0.8,1.1,-5.1,-16.5,7.2,8.4,-0.1,-1.9,-2.2,6.9,-3.4,-3.9,-2.3,-11.2,-6.4
2C7L510Ax2,0,48.099824,11.626367,4442183.91,2777585.18,543.2,588.9,226,7300,4.0,0.67,0.46,32.64,348.96,-0.529,-0.103,0.842,-0.5,0.2,1.1,0.3,0.7,0.3,-0.3,-2.9,-2.8,0.1,-2.7,-2.6,1.6,0.4,3.1,2.1,2.5,-1.7,0.5,0.5,-0.3,0.3,-1.5,-0.9,-2.8,-0.3,-0.8,-2.0,-1.2,-0.6,-1.5,0.3,-1.8,-4.4,-2.3,-9.3,-5.8,-8.1,-7.8,-6.3,-5.4,-1.6,-5.4,-0.4,-3.7,2.8,-1.2,0.5,1.5,3.1,-11.3,5.5,-5.5,-3.6,-2.5,-2.9,-0.7,-2.6,2.7,-1.7,4.0,0.8,2.2,-2.9,-1.1,0.7,2.3,-5.5,-6.7,7.7,4.3,2.5,3.3,-3.5,-11.3,-6.5,-3.2,-1.4,-2.3,4.2,5.5,-7.7,-3.3,-4.4,-1.9,-0.0,-0.5,-2.0,-0.0,-3.1,-0.0,-0.9,-0.0,0.8,-3.2,-6.3,-5.6,-4.8,-7.4,-3.7,1.7,-7.8,-6.7,-10.0,5.5,-8.8,-0.1,-2.5,-10.4,-0.6,-1.8,-5.1,-4.9,0.3,-2.5,-4.6,-10.0,-5.6,-2.1,-4.0,-1.0,0.8,-1.7,-6.1,-7.5,-7.8,-6.3,-5.7,-4.1,-5.6,-2.9,-1.7,-1.1,-5.4,2.8,-5.2,-3.1,-7.6,-17.6,-8.7,-10.4,-6.5,-4.3,-5.2,-7.9,-3.9,-2.9,1.8,-8.6,-3.9,-7.0,-3.3,-1.3,-5.1,-4.9,-0.1,-4.4,-6.4,-4.9,-7.0,-2.8,-6.7,-4.8,-2.4,-3.4,-1.7,1.6,0.3,-8.4,-20.7,1.8,-9.9,6.6,-1.4,-3.2,-1.6,5.2,5.6,-2.3,-1.9,-4.8,-10.8,-1.8,-1.7,-8.6,0.8,-8.4,-9.2,-4.8,-3.8,-5.3,-9.0,-5.9,-6.9,-5.8,-7.2,0.5,-4.1,-5.0,0.5,-2.1,1.4,6.5,0.7,-9.2,-1.1,-3.0,-2.4,0.4,2.0,1.3,-1.8,-1.7,2.4,-6.8
2C7L510Ayg,0,48.100575,11.632211,4442617.48,2777678.18,545.2,590.9,226,7402,3.3,0.77,0.41,32.67,348.96,-0.53,-0.103,0.842,-0.9,0.2,0.09,0.25,1.7,0.2,-0.3,2.7,4.8,4.9,1.9,11.7,-0.6,-4.9,-3.9,0.4,-9.3,2.3,4.3,-5.9,-0.5,-7.1,-3.4,4.2,0.3,-0.3,-4.7,-3.1,0.2,7.3,2.7,-5.4,-2.5,-1.8,0.8,-0.3,-3.8,-3.5,-8.9,-9.1,-3.5,-6.0,-5.5,2.9,-1.5,-1.4,-2.8,-4.3,-1.5,-3.6,-4.4,-2.2,-3.9,-6.7,-2.9,-5.5,-3.0,-2.8,-2.5,-3.7,-2.0,8.7,9.5,-11.6,-8.0,-1.6,12.3,3.3,-4.8,-1.6,-0.7,-6.9,-0.7,3.5,0.3,7.7,7.2,10.8,0.3,2.8,-1.4,3.2,0.3,0.6,-0.8,-0.7,-1.9,-1.2,-1.2,-1.9,-1.9,-1.2,-5.5,-3.0,-4.1,-2.0,-2.6,-5.5,-7.6,-4.1,-3.7,-4.6,-5.4,-4.9,-2.1,-1.7,-4.7,-3.2,-1.5,-1.8,-0.7,-3.6,-2.8,-4.0,-2.7,-3.8,-3.4,-1.5,-1.5,-1.1,-2.3,-1.4,-1.7,-3.8,-0.8,-1.9,-0.9,-4.4,-2.0,-2.7,-2.0,-3.2,-0.3,-1.7,0.8,-0.8,-6.0,-1.9,-3.0,-4.3,-7.1,-7.0,-5.0,-4.5,-3.4,-0.4,0.8,-2.1,-5.8,-5.2,-3.0,-2.4,-2.6,-2.7,-4.0,-5.2,-4.4,-5.0,-7.8,-6.7,-5.1,-4.7,-1.5,-1.9,-2.0,-1.8,-2.2,-2.7,-6.5,-5.7,-8.5,-6.2,-2.3,-1.2,-6.5,-3.9,-3.3,-5.0,-6.7,-8.4,-9.1,-3.6,-2.0,-4.0,-3.1,-0.5,-3.4,-2.6,-5.2,-2.3,-3.5,-5.8,-3.4,-3.9,-4.8,-6.1,-11.7,-6.1,-8.0,-8.5,-6.4,-3.8,-2.9,-5.6,-5.6,-1.8,-3.0,-9.4,-4.0,-3.5,-2.7,-4.8,-3.5,-2.5,-1.9
2C7L510Azo,0,48.101087,11.636202,4442913.56,2777741.7,545.6,591.3,226,7472,2.6,0.83,0.41,32.68,348.96,-0.53,-0.103,0.842,-0.1,0.1,-0.94,0.2,0.2,0.2,-0.3,-7.1,-1.0,1.5,1.2,-0.9,1.7,-0.0,1.4,1.2,4.5,0.5,0.4,1.1,1.0,4.1,2.7,1.9,2.3,0.9,-0.2,-1.2,1.9,-2.5,3.7,1.1,2.3,1.9,0.8,1.5,-0.6,2.7,-3.4,-1.1,-3.5,0.4,-1.7,-0.4,1.3,0.7,-0.2,-0.5,-6.5,2.2,2.9,2.3,0.4,1.5,1.9,-0.9,-1.8,0.5,0.9,1.3,-0.7,1.0,-0.9,-3.6,-1.1,1.4,-0.5,-0.7,-1.5,-4.1,0.8,4.0,5.8,-3.9,0.4,-4.1,-0.6,13.2,-1.3,-1.0,0.8,1.0,1.9,3.4,3.2,1.1,4.3,2.4,3.5,3.8,2.7,1.6,1.0,3.5,4.7,1.6,3.2,0.6,-5.3,-4.2,-1.0,1.4,1.0,1.6,2.1,1.1,1.1,1.9,1.1,1.3,2.3,1.7,0.6,2.0,2.5,1.6,0.6,-1.2,1.8,-0.8,-1.5,1.3,-4.2,5.3,-3.6,5.7,8.2,2.3,0.9,6.2,0.2,-2.4,1.6,0.2,-1.3,-0.0,1.0,4.0,3.1,6.6,1.7,1.0,4.8,3.9,1.5,6.2,6.9,3.3,1.2,2.0,2.0,5.1,3.2,2.1,8.2,3.5,3.2,5.9,-3.8,2.9,3.0,-0.5,-0.2,-0.8,-7.4,3.0,2.0,3.7,1.1,0.4,0.2,-0.1,-0.8,3.7,-2.2,2.8,3.7,0.3,0.2,-3.9,-0.1,4.0,1.0,-0.7,-2.6,1.4,1.0,0.2,-0.3,-0.7,0.9,-1.7,-1.1,-2.5,0.1,0.9,1.0,-0.9,-1.9,-3.1,-0.7,3.9,2.0,1.5,-1.5,-5.1,1.7,-1.0,-4.5,-2.4,-3.0,0.4,-3.5,-1.5,-2.4
2C7L510Azr,0,48.101084,11.636178,4442911.77,2777741.33,536.1,581.8,226,7475,3.7,0.69,0.49,32.68,348.96,-0.53,-0.103,0.842,-1.1,0.2,-0.13,0.29,2.3,0.2,-0.3,16.0,-7.7,-4.7,11.7,12.5,-3.7,0.1,2.3,2.8,-2.5,-2.0,-9.1,-5.1,-5.6,0.1,-1.8,-0.7,-2.7,-5.4,-1.5,0.7,-1.9,-3.5,-0.4,1.2,-2.1,1.1,-3.4,2.0,-3.6,2.4,-8.8,-5.2,-5.5,-5.9,-1.3,-0.5,-3.9,-2.9,-1.6,-1.7,-3.5,-4.0,-3.8,-1.1,-1.7,-1.8,-1.3,-2.0,1.6,-1.2,-1.3,3.0,0.7,-2.1,-2.5,-1.6,-3.1,-0.1,1.0,-2.4,-1.3,-3.0,1.4,-2.3,-4.1,-3.1,-0.3,2.3,0.9,-1.4,-1.2,-4.8,0.8,0.1,0.5,1.6,-3.0,0.0,0.6,0.9,0.9,-0.2,1.6,-2.0,-1.0,-2.6,0.0,-4.6,-0.8,-2.9,-4.9,-7.8,-6.2,-8.5,-4.3,-4.9,-6.2,-2.5,-0.5,-2.6,-1.8,2.9,2.1,1.3,-1.2,-7.5,3.6,-3.1,-1.0,-3.2,-2.4,1.8,-0.5,4.3,0.6,-1.1,1.6,-1.8,1.4,-3.7,4.6,6.3,-1.6,2.7,-1.9,-1.4,-4.0,-2.4,-1.2,-1.0,-2.8,-0.2,-12.6,-0.9,-12.4,-11.9,-2.8,0.5,-2.0,-1.1,-3.3,-3.8,-9.4,-4.7,-2.0,-5.0,-1.5,3.8,-0.0,-6.2,-11.9,-4.6,2.0,5.8,2.6,1.5,-6.0,-2.1,-1.4,-6.1,-10.8,-4.6,-7.8,-10.1,-7.0,-5.8,-12.4,-7.9,-5.9,-6.0,-4.6,-3.4,-1.7,-3.2,-3.4,-3.5,-4.3,-1.1,-3.6,-5.0,-5.5,-14.1,-4.2,-11.9,-9.8,-10.3,-4.5,-6.0,-9.8,-6.6,-6.6,-9.7,-6.9,-8.3,-7.8,-9.2,-10.1,-9.4,-5.4,-5.7,-6.5,3.6,-5.1,-3.6,1.8,7.7,7.6
2C7L510B0F,0,48.101318,11.638004,4443047.2,2777770.34,558.2,603.9,226,7499,3.7,0.71,0.48,32.69,348.96,-0.53,-0.103,0.842,0.8,0.2,-0.52,0.29,0.3,0.2,-0.3,3.3,-0.5,4.7,1.3,1.5,5.1,0.1,5.3,0.6,9.5,3.3,7.2,-2.9,4.2,6.6,-8.7,-7.7,-3.4,0.4,-5.0,-6.0,0.1,2.9,0.2,0.3,-0.8,0.6,8.6,-6.5,2.8,9.0,-2.8,-11.2,1.0,-7.2,2.9,1.2,15.7,-2.1,3.5,2.9,1.2,7.4,-1.3,7.1,-3.7,9.9,5.8,1.6,3.9,-0.6,-0.4,4.9,4.4,3.4,1.1,3.8,7.9,2.9,1.4,-0.1,3.0,2.1,0.1,3.4,7.4,1.7,4.0,9.2,6.7,6.2,9.3,4.7,4.2,5.7,5.1,4.1,3.8,2.6,1.6,4.0,6.2,7.4,6.4,3.9,3.4,5.2,2.4,2.9,4.9,-0.5,-0.8,6.0,-3.4,5.0,4.3,1.5,2.6,1.8,10.0,5.5,3.2,11.5,3.3,8.5,4.3,-5.8,3.2,1.4,7.1,3.5,4.3,6.3,4.1,4.5,6.5,3.9,2.1,1.9,5.8,6.3,6.5,2.5,2.9,3.7,5.5,4.9,3.4,4.6,4.4,8.5,8.6,11.3,4.6,2.2,2.3,3.9,4.9,8.6,8.0,7.5,4.6,4.7,4.2,3.7,3.2,2.4,4.8,3.6,6.1,1.8,4.2,4.6,4.4,5.9,2.8,5.0,4.1,5.7,4.5,-0.3,2.9,5.0,3.8,4.7,6.8,6.5,0.5,5.9,5.4,8.0,-0.4,4.4,2.7,4.3,1.5,1.7,4.0,1.2,2.9,2.4,3.9,5.5,3.0,2.1,8.9,2.0,3.3,9.6,2.1,10.9,15.1,11.0,13.6,5.3,2.8,8.9,6.7,-0.8,5.2,2.3,-0.2,1.5,2.5,15.1,0.2,12.7,9.1
2C7L510B0K,0,48.101308,11.63792,4443041.03,2777769.05,539.7,585.4,226,7504,2.6,0.84,0.6,32.69,348.96,-0.53,-0.103,0.842,-0.7,0.1,0.16,0.2,0.4,0.2,-0.3,0.4,4.6,0.1,3.0,0.4,1.8,-1.9,-0.8,-1.2,1.3,0.5,0.3,-0.7,-2.2,2.6,2.5,1.0,-0.5,0.0,-4.6,-4.2,-2.2,1.3,2.2,2.6,-0.0,0.9,-0.7,4.5,-1.4,2.6,-4.6,-0.1,-3.9,-5.2,-1.8,-4.5,-1.1,-0.7,-1.1,0.1,0.6,-0.2,-0.8,0.4,-1.7,-0.4,-1.0,-5.0,-3.1,1.4,-3.0,1.1,0.3,0.8,-1.8,3.2,7.1,4.5,3.4,0.2,-0.5,3.4,3.2,-1.7,-0.5,-1.0,1.7,-3.2,-0.5,-1.3,1.7,-0.9,0.2,0.3,-0.3,-0.1,-0.7,-0.8,0.8,1.2,0.3,-0.0,-1.0,0.2,-5.2,0.8,-0.7,-0.3,0.4,3.1,-1.7,-1.9,0.3,2.9,2.8,0.3,6.0,2.6,3.7,-1.5,-0.5,-1.0,0.2,-2.6,6.0,-2.4,-4.2,-1.7,3.4,1.6,0.2,0.8,0.9,0.7,2.7,0.1,-0.4,-0.1,-3.6,0.5,-1.9,0.5,-3.4,-1.6,2.6,-3.1,-1.2,-5.9,0.3,-10.4,-3.1,-0.2,5.4,-2.6,-3.9,-1.0,-1.1,1.1,0.2,-2.2,-5.2,-4.1,-2.9,-3.4,-5.1,-2.4,-4.6,-3.3,-13.7,-1.5,-2.7,-4.0,-5.7,-1.9,-6.7,-2.5,-0.2,-1.9,-2.1,-7.2,-3.8,-5.5,-6.5,-0.7,-2.3,3.5,-3.3,-0.3,1.9,-4.4,-1.2,-3.9,-1.3,-5.7,-0.2,0.0,-1.8,-0.4,-1.2,-1.8,-2.0,-4.5,-1.6,-1.8,0.3,0.3,-1.3,-1.1,-4.3,-8.2,-4.9,-6.3,-3.8,2.9,1.7,-0.2,0.7,-4.6,-1.6,-1.0,-4.4,-3.1,-2.4,-2.0,-3.3,-0.1,-2.6
2C7L510Axn,0,48.100173,11.628939,4442374.63,2777628.18,538.6,584.3,226,7347,2.3,0.86,0.34,32.65,348.96,-0.53,-0.103,0.842,-0.3,0.1,0.05,0.18,1.0,0.2,-0.3,-0.4,-2.0,-0.2,-1.2,-0.2,-0.2,1.1,-2.8,-2.3,-2.0,-1.4,2.2,-0.5,-0.0,-0.1,-0.8,-3.3,-3.0,-0.4,1.7,-3.2,-1.7,-2.2,1.3,1.8,2.7,-1.8,3.0,-0.5,-2.3,-5.8,-4.6,-3.6,-0.6,0.1,-2.0,0.7,-2.0,0.9,0.4,-1.4,-2.6,1.9,0.2,0.6,0.0,0.0,0.2,0.6,-0.1,-2.3,-0.1,2.1,1.3,1.2,-0.6,0.5,-1.1,1.8,-1.9,-1.5,-0.9,1.7,0.1,2.4,3.4,1.4,0.5,-2.7,0.2,-2.8,0.9,-0.4,1.2,2.5,3.5,-0.9,-0.4,2.9,1.5,-2.3,-1.4,-2.5,-3.4,-3.2,-3.4,-1.7,-3.3,-0.4,-3.8,-0.6,-3.2,-1.8,0.3,-3.2,0.2,-0.1,-2.5,0.7,1.7,-1.4,-3.9,-2.1,0.3,-1.0,-0.4,1.4,-0.1,-0.4,-1.4,-1.9,-1.3,-1.6,1.1,0.8,1.1,-0.1,-2.6,1.1,-2.6,0.9,-0.3,1.0,-3.5,-1.5,-0.6,1.4,0.3,-0.8,-2.1,-2.5,-2.1,-1.6,-2.3,-3.8,-4.6,-3.2,-1.1,-4.7,-1.6,0.2,-4.4,-2.0,2.8,2.9,-3.7,8.0,-3.1,-6.2,-3.2,-4.1,-2.4,0.9,-5.8,-3.3,-6.7,-3.7,-6.7,-3.1,-0.5,-9.6,0.2,-2.1,-5.5,-5.1,-5.8,-5.5,-7.1,-0.7,-1.2,-0.1,-1.5,-4.2,-2.2,0.3,1.1,4.2,1.8,3.4,-0.5,0.9,0.5,0.1,1.6,2.1,4.2,1.6,0.6,0.8,-4.0,-3.0,-1.3,-6.4,-5.9,-2.5,-3.1,0.6,-3.9,0.5,-1.7,1.7,-2.4,-1.3,-1.2,-10.8,-0.6,-3.8,-0.5
2C7L510Axo,0,48.100193,11.629092,4442385.98,2777630.6,543.3,589.0,226,7348,2.5,0.86,0.34,32.65,348.96,-0.53,-0.103,0.842,-1.4,0.1,-0.08,0.2,0.7,0.2,-0.3,0.4,-1.0,-0.2,-0.9,-0.9,-2.2,-0.3,-0.6,-0.2,-0.5,0.5,0.3,0.4,1.1,1.9,1.8,1.4,-0.2,0.1,4.6,2.6,0.6,-2.4,-0.5,3.5,7.9,0.2,0.9,-2.3,-5.6,2.0,-4.6,-6.8,-0.3,0.4,-2.7,1.4,1.6,3.0,-0.2,-0.2,3.6,3.2,3.3,0.1,-0.9,-0.2,2.2,-0.1,0.7,0.8,1.4,2.7,2.8,0.8,0.8,1.0,0.1,2.6,2.1,0.2,0.3,-0.5,2.2,0.5,-0.5,-0.3,1.3,-0.4,0.9,-1.5,0.8,0.8,0.2,2.3,1.6,0.8,-1.2,0.2,0.6,0.3,-1.1,-2.5,-1.9,1.2,0.3,-0.2,-0.4,-1.1,-1.4,0.8,-1.0,-1.6,3.8,-2.0,0.1,3.0,-3.3,1.9,3.6,-0.2,-0.0,-2.8,-0.9,-0.7,-2.6,-0.6,-2.2,-0.2,-3.4,-4.0,-3.3,-4.2,-2.5,-2.6,-2.0,-3.0,-2.4,2.3,-0.2,-0.1,-0.7,1.0,-0.9,-1.2,4.3,0.4,-0.7,-3.5,-4.0,-3.8,-1.9,-2.2,1.2,-5.5,-7.3,-6.6,-1.7,-6.0,-0.5,-2.7,-5.8,-2.6,-1.2,-1.4,-4.2,-0.2,-3.3,-1.4,-2.6,-2.3,-3.0,-2.4,-3.2,-3.5,-3.6,-4.8,-3.8,-3.0,-7.4,-4.3,-5.0,-2.3,-5.3,-7.0,-0.2,-4.6,-5.7,-0.8,-1.8,-1.5,-3.4,-5.3,-6.0,-7.0,-7.6,-2.2,-2.0,-14.4,-6.9,-3.6,-2.1,-4.4,-1.8,-3.0,-2.8,-6.6,-3.7,-2.8,-6.9,-6.8,-10.6,-1.9,-9.4,-6.5,-8.1,-6.2,-2.8,-21.7,-4.2,-6.7,1.8,-4.2,-0.9,-1.9,-0.4,1.4,-1.4
2C7L510Ayb,0,48.100528,11.631703,4442579.71,2777672.18,533.1,578.8,226,7397,2.5,0.88,0.32,32.66,348.96,-0.53,-0.103,0.842,-0.2,0.1,-0.33,0.19,1.2,0.2,-0.3,-1.4,-0.9,-1.5,-1.0,-0.5,-0.3,-0.5,-0.6,-0.4,0.1,0.2,-0.7,0.2,-0.1,0.2,1.0,3.9,1.4,0.4,7.0,0.7,1.0,-2.1,5.9,6.5,6.0,-0.3,-1.6,7.7,-14.1,-12.6,-13.1,7.2,-8.0,-8.6,-7.5,6.7,-1.3,-7.0,-4.3,-9.1,-1.2,-1.7,-0.9,-0.2,0.2,-2.3,-0.8,-0.6,-0.4,-1.0,0.2,-1.4,-0.2,-1.0,0.0,-0.9,0.6,-1.3,0.2,-0.5,0.4,0.1,0.0,1.0,-0.6,-0.8,-1.0,-0.3,-1.5,-0.8,-0.9,0.2,-0.4,0.4,0.4,-0.1,-0.4,-0.1,-1.6,-0.5,-2.2,-0.4,-0.2,0.5,-1.5,-0.7,-1.4,-1.4,-2.2,-1.4,-1.9,-2.7,-0.7,-2.9,-3.6,-1.3,-1.2,-0.7,-2.3,-1.6,-0.7,0.0,0.0,-1.0,-1.3,-0.4,-1.3,-0.4,-1.7,0.2,-1.7,0.3,-1.2,0.1,0.4,-0.8,-0.6,-0.6,0.5,-0.4,-0.4,-1.1,-0.6,0.7,1.3,-1.4,0.2,-0.0,-3.0,-0.6,-0.9,-0.9,-2.1,-2.6,-1.9,-2.3,0.1,0.5,1.7,-0.9,-2.0,-2.4,-0.8,-0.9,-0.1,0.4,-0.4,0.4,1.0,0.3,-0.8,0.6,0.7,-0.3,-1.1,-0.9,-1.6,-0.5,-1.7,-2.2,-1.3,0.1,-2.7,-4.0,-1.1,0.4,-4.4,-2.1,-1.6,-1.6,-2.9,-3.2,-2.0,-1.5,0.5,-0.4,0.8,0.1,0.0,-0.6,-1.0,-1.9,-2.1,-1.0,-1.6,-1.8,-2.2,-1.6,-4.3,-3.3,-5.1,-3.7,-5.6,-2.8,-3.4,-3.2,-3.0,-1.9,-2.6,-2.1,-3.6,-2.9,-1.5,-0.9,-2.0,-1.8,-1.4
2C7L510Azp,0,48.101107,11.636212,4442914.28,2777743.93,543.6,589.2,226,7473,2.2,0.89,0.33,32.68,348.96,-0.53,-0.103,0.842,-0.5,0.1,-0.27,0.17,0.6,0.1,-0.3,0.4,-2.3,-0.5,0.3,0.4,-0.9,0.4,0.7,0.1,-0.8,0.5,1.7,-0.1,1.7,0.5,0.8,-1.3,-1.0,-2.6,-3.0,-3.8,-4.8,-2.8,-1.6,-1.2,-0.7,-0.2,1.6,2.0,-2.0,5.8,-7.4,-3.7,-6.1,-0.7,-3.6,-2.6,-1.4,-2.4,-3.9,-0.6,-0.5,-2.2,-3.1,-1.9,-3.8,0.2,-0.4,-2.2,-0.6,-2.1,-0.3,-0.4,-1.3,-0.6,-2.3,-0.7,-1.4,-0.7,-1.3,-2.4,-1.1,0.3,-1.5,1.0,1.3,0.3,2.9,-2.6,-2.9,-1.9,-2.9,-2.1,-2.9,-1.1,-0.5,-0.8,-1.0,-1.8,-1.6,-1.3,-0.4,-1.3,0.9,-0.3,-2.8,0.4,-2.1,-3.1,-2.0,-1.8,-6.0,-6.0,-5.4,-3.5,-1.1,-4.6,0.1,-0.9,0.1,0.2,-1.0,-1.7,0.8,-2.6,-0.7,-0.2,0.1,0.2,-1.3,-2.5,-1.1,-1.0,-1.4,-1.5,-4.0,-0.9,-11.1,1.6,-0.4,0.8,0.2,0.1,-3.4,-3.4,0.1,-2.1,-3.3,-2.4,-1.8,0.1,2.6,2.4,-4.2,-3.1,1.4,-1.6,-3.7,1.9,1.1,0.5,-3.0,-1.8,-0.5,-3.5,-2.1,0.6,2.6,1.4,-0.3,-3.0,-5.3,-3.0,-4.5,-6.9,-3.6,-1.5,-1.4,-5.5,-4.2,-0.4,-1.0,-1.8,-4.3,-4.7,-1.8,-1.0,-6.0,-2.2,-1.1,-3.4,-3.6,-3.4,-2.3,0.8,-1.1,0.7,1.2,-2.6,0.5,-2.4,-3.2,-5.4,-3.1,-2.6,-2.0,-4.1,-5.6,-3.8,-2.7,-4.8,-3.0,-4.7,-5.1,0.4,-4.4,1.5,-8.9,-12.9,-2.4,-3.9,-3.2,-1.3,-1.3,-2.2,-1.9,-5.8,-6.6
2C7L510B0G,0,48.101291,11.637643,4443020.38,2777766.7,538.1,583.8,226,7500,1.7,0.91,0.34,32.69,348.96,-0.53,-0.103,0.842,-0.3,0.1,-0.66,0.13,0.9,0.1,-0.3,-0.0,-0.4,-1.1,0.4,-1.0,3.8,0.8,1.1,0.3,2.4,-1.2,3.9,-1.6,-0.4,0.0,-1.6,0.0,-2.6,-3.3,-7.2,-4.0,-2.4,0.6,-2.0,-1.6,1.3,0.3,3.6,-0.4,-0.6,4.5,-4.0,-6.2,-3.8,-4.0,-2.3,-2.1,-3.1,-0.5,-0.9,-0.8,-1.1,-2.0,0.4,-1.4,-2.3,0.3,-1.2,0.1,-1.5,0.7,-0.1,-0.8,-1.6,-0.8,0.4,0.9,0.8,0.9,-1.1,2.0,-0.5,-1.1,0.2,3.4,3.6,1.2,2.6,0.3,-1.2,1.1,-0.5,-0.1,0.1,-0.5,0.1,-1.9,-0.7,-2.5,0.6,0.5,0.6,1.4,-0.9,1.7,-1.9,2.4,-3.2,-1.8,1.2,-4.0,-0.6,-1.0,-4.8,-1.1,-1.0,1.0,-2.2,0.0,-0.7,-1.7,0.5,-0.8,0.7,2.3,0.6,-0.2,0.0,-2.9,-0.8,-0.6,-0.4,0.2,0.0,-0.7,1.1,-1.2,-1.5,-0.8,-0.6,-0.6,0.0,0.7,-1.1,-0.7,-0.2,1.9,-0.3,-0.5,-0.1,2.4,1.7,5.2,-1.3,-4.1,-2.4,-0.7,1.0,1.0,4.4,2.4,-1.0,-1.9,-0.6,-0.4,0.3,-0.1,0.4,0.1,-2.4,-0.4,-0.4,-0.7,0.6,1.6,-0.8,1.0,-0.3,0.8,-1.6,-3.5,-1.4,-1.8,-2.3,-4.0,-0.6,-1.9,-4.9,-1.9,-1.1,0.8,-1.5,-2.1,1.4,1.0,0.2,-1.1,0.2,-0.7,0.7,-0.1,-0.2,-2.1,-1.6,-0.3,-0.1,-0.6,-1.7,-4.1,-3.5,-6.2,-1.3,-6.1,-6.1,-4.7,-3.9,-3.0,-1.8,-3.7,-3.8,-2.2,-2.5,-3.6,-2.8,-1.9,-0.2,-2.7,-3.8
2C7L510S07,0,48.09989,11.62659,4442200.32,2777592.84,545.0,590.7,227,7303,2.6,0.82,0.39,32.64,348.96,-0.529,-0.103,0.842,-0.5,0.1,0.5,0.2,1.6,0.2,-0.3,-0.1,-3.0,-1.4,-0.8,0.5,-3.5,-7.0,0.1,1.8,2.2,1.4,-2.2,0.5,2.1,0.6,4.1,4.6,2.8,2.7,2.6,1.4,1.2,-0.5,1.0,3.2,-0.0,-0.3,8.6,-3.2,-1.5,0.4,-0.6,-4.7,-2.5,0.8,0.3,0.4,2.4,3.4,1.9,0.8,-0.5,4.0,1.6,3.3,1.8,7.9,-0.5,0.0,-1.0,-0.6,-0.3,-0.5,-0.0,-1.7,-2.9,-2.9,-2.0,-0.5,-2.2,-3.4,-2.3,-7.7,-6.5,-4.8,-0.8,-4.3,-1.7,-3.7,-1.6,-5.0,-4.1,-1.6,-1.9,1.6,1.0,-1.0,1.6,0.2,-0.3,-0.7,-2.3,-1.3,1.4,-2.7,-3.8,2.3,-1.2,1.6,-2.2,0.5,-9.8,-6.6,3.3,-3.9,-4.9,-4.9,0.5,1.5,0.8,0.6,2.2,2.7,0.6,-0.1,0.3,0.8,1.4,2.7,1.9,-1.5,0.9,0.1,1.9,-0.4,-3.7,1.4,-1.1,0.3,-0.1,-1.2,-0.0,-6.6,-5.0,-3.2,-3.6,3.1,-5.0,0.3,-1.9,1.4,-2.5,-3.4,2.0,0.9,-2.0,5.6,1.3,-0.5,2.8,2.9,0.8,-2.7,-2.8,-1.9,-2.4,-0.5,-2.4,-1.8,-3.4,-3.5,-4.2,-4.5,-4.2,-3.5,-3.1,-2.4,-3.4,-3.5,-4.4,2.3,-2.7,-0.9,-1.7,-4.5,0.7,-0.6,-3.7,-0.3,-0.5,0.6,0.3,-4.6,-5.5,-3.4,-2.6,-3.8,-3.5,-2.3,-2.2,-5.2,-3.6,-2.8,-3.1,-2.8,-2.6,0.3,-9.5,3.5,-0.8,0.3,2.0,6.8,1.8,-0.9,2.1,3.1,2.9,-0.1,2.3,-5.2,-0.3,0.9,-1.9,-1.2,-4.0,-5.8,-5.0
2C7L510S0t,0,48.100242,11.629331,4442403.73,2777636.47,546.0,591.7,227,7351,2.1,0.89,0.32,32.65,348.96,-0.53,-0.103,0.842,-0.7,0.1,0.76,0.17,0.5,0.1,-0.3,-2.0,1.0,0.5,-0.5,-0.1,2.3,2.9,1.7,0.0,-8.9,1.5,3.0,-1.3,1.7,1.2,1.6,1.7,0.2,1.2,2.7,-0.5,-0.3,0.2,3.0,1.3,2.2,1.5,-4.0,1.5,-2.5,0.0,-3.3,-4.5,-2.1,-2.1,0.9,1.0,0.3,3.7,0.5,1.1,0.3,3.4,1.8,3.0,1.7,-3.4,-2.2,0.8,1.7,0.2,1.2,1.0,1.0,1.9,1.2,1.0,1.7,1.3,-1.7,0.2,-1.6,-4.7,0.9,-1.2,0.8,-1.5,-3.9,-1.3,-0.7,-1.0,-1.4,-3.7,-0.6,0.4,-0.1,-1.3,-0.4,-1.0,-0.4,0.5,-0.7,-0.5,1.9,0.6,-0.5,0.7,-1.4,-1.0,-1.3,-1.6,-1.7,-3.0,0.4,-2.2,-0.6,-1.1,0.7,0.3,0.7,-0.8,-0.3,0.6,0.1,-0.2,-0.8,0.4,-0.8,-1.2,-2.0,-1.4,-1.1,-0.4,-0.9,-1.1,-1.2,-2.8,-2.5,-2.4,-3.4,-5.5,-3.2,-4.0,-2.6,-1.3,-0.3,-4.1,-2.1,-2.7,-4.3,-2.0,-2.6,-1.6,-2.5,-2.2,-2.6,-0.5,0.2,-1.1,-0.3,-1.9,-5.1,-4.0,-2.5,-2.5,-1.9,-8.0,-2.4,-1.1,-1.7,-0.4,-3.2,-1.7,-1.7,-2.4,-2.3,-1.6,-2.1,-0.5,-1.5,-2.9,-1.9,-1.4,-4.8,-4.7,-1.1,-4.0,-3.7,0.5,1.6,-1.7,-2.7,-4.7,-6.3,-4.5,-5.6,0.3,-12.3,-15.2,-3.6,-3.4,-3.9,-4.0,-1.4,-1.3,0.5,-3.2,-1.4,-1.7,-6.7,-6.1,-2.3,-0.3,-5.1,-1.2,0.2,-0.1,0.4,-1.6,2.0,2.4,0.0,0.6,2.6,0.6,-0.7,-0.5,0.6
2C7L510S12,0,48.10027,11.62955,4442419.96,2777639.98,533.5,579.2,227,7360,4.2,0.68,0.47,32.65,348.96,-0.53,-0.103,0.842,0.2,0.2,0.31,0.32,1.7,0.3,-0.3,-3.2,-0.8,-0.6,-1.9,2.7,-1.4,-0.2,-2.2,1.1,-11.6,1.6,-0.7,-1.8,0.4,-2.1,-2.1,-1.1,-4.1,-2.7,-2.5,1.1,0.0,1.7,-0.2,-1.7,0.8,-3.6,-2.5,0.2,-5.0,-0.3,-5.0,-7.1,-2.9,-4.0,-2.5,-1.4,-3.8,1.6,-4.9,-3.2,-2.6,-4.5,0.2,-5.4,-1.4,-4.4,-5.2,-2.9,-4.0,0.6,0.1,-2.3,0.4,-2.1,2.4,-1.1,1.9,0.3,-0.6,0.5,0.6,0.1,-2.5,-4.8,-6.4,-6.3,-1.4,-3.3,-1.8,-3.9,-4.8,0.6,-3.6,-1.1,-3.3,-2.3,-5.3,-2.1,0.1,-6.0,-4.3,-2.7,-0.6,1.7,-7.9,-1.5,-4.4,-2.3,-1.5,-3.5,1.4,-3.8,-0.6,-2.4,-3.9,1.9,0.1,-1.2,-2.8,-3.7,1.1,-3.5,-0.3,-1.8,-3.2,2.3,-3.6,-0.7,-3.0,-2.3,-2.2,-2.3,-2.7,-3.2,-2.2,-4.1,-1.0,-0.6,-1.3,-7.9,-3.5,-3.9,-0.2,-4.1,-5.1,-1.3,-1.4,-3.8,-4.8,-4.0,0.9,-1.8,-4.2,-6.6,-3.4,-1.7,0.8,-2.2,-0.8,-3.9,-2.9,-1.9,1.7,-0.0,9.0,-2.7,-0.5,1.5,-2.5,3.1,-8.2,0.1,0.9,-3.2,0.7,1.5,1.4,-1.5,-0.7,-3.0,-1.2,-1.0,-4.0,-3.8,3.7,2.2,-5.9,-4.5,-1.7,-0.5,-3.5,-7.9,2.5,5.0,6.7,10.9,9.3,-14.6,7.9,2.0,-12.0,-0.9,5.8,3.2,-1.3,-14.4,-10.6,-1.2,-10.8,-13.3,7.8,-13.4,-11.8,-10.8,-15.4,-1.7,-3.0,7.6,-16.0,4.8,2.3,6.1,4.4,5.6,12.2,6.3,4.6
2C7L510S02,0,48.099868,11.626276,4442176.97,2777589.9,544.4,590.1,227,7298,2.9,0.81,0.38,32.64,348.96,-0.529,-0.103,0.842,-0.2,0.1,0.04,0.22,0.1,0.2,-0.3,-3.6,1.8,-1.2,0.3,-0.5,2.5,-1.9,0.5,-3.4,2.9,2.2,1.9,-0.6,4.2,-5.0,-0.1,0.5,1.4,-1.3,2.4,-2.6,1.0,0.6,0.9,2.3,3.7,1.5,1.9,-2.9,-3.4,-6.8,-3.8,-5.1,-4.0,-4.3,-2.4,-4.0,-2.4,-0.7,-2.4,-3.9,1.1,-2.8,-3.5,-0.6,1.3,3.6,5.3,-0.4,3.1,1.1,-1.5,-1.3,0.7,-2.1,-1.8,5.0,0.2,2.6,0.6,1.3,2.3,-6.3,-2.1,7.8,11.0,-1.6,-5.6,0.1,-0.3,-5.0,-3.2,-3.6,-4.6,-1.9,0.1,-0.2,-0.3,-0.5,1.5,3.8,-2.3,1.7,0.2,0.8,0.0,-2.2,-0.7,3.1,-0.0,-2.2,-4.4,-1.9,1.8,-3.7,-2.0,-1.0,-9.2,-6.5,1.9,-0.6,-2.2,1.3,0.3,-1.4,2.1,1.9,-0.2,0.3,-1.8,-4.7,-4.0,-0.0,-3.8,0.4,-1.7,-7.4,-3.0,-3.0,-3.9,-7.1,-2.6,6.6,-1.9,0.7,-0.6,-2.1,-2.0,-4.0,-1.1,3.4,-1.3,0.9,-2.7,0.7,-2.5,-0.3,1.8,3.6,1.5,-1.1,0.1,-5.1,-0.8,-1.4,0.9,-6.5,-0.8,2.1,0.9,0.8,1.9,1.4,1.3,0.0,-2.2,-0.4,-2.2,2.3,-2.2,2.2,-2.8,-1.4,-2.4,-2.1,2.9,0.3,-2.9,1.3,1.4,-1.3,-0.9,-1.1,1.8,1.9,-6.5,-8.1,2.7,-11.5,-2.3,-1.0,-2.1,-2.5,-4.5,-1.4,-3.6,-3.5,-3.7,0.1,-3.9,-4.5,0.9,-2.7,-3.8,-2.2,-0.1,2.5,3.7,-2.0,-4.6,-1.5,-2.2,-1.9,1.1,-1.9,-2.8,0.9,0.8
2C7L510S0l,0,48.100197,11.628837,4442367.01,2777630.67,544.3,590.0,227,7343,1.8,0.93,0.3,32.65,348.96,-0.53,-0.103,0.842,-0.3,0.1,-0.13,0.14,0.3,0.1,-0.3,-0.9,0.4,-1.2,0.7,-0.2,-1.1,-0.3,-0.4,0.5,-2.0,1.1,-1.7,1.9,1.2,1.3,2.0,3.2,2.4,-1.2,3.5,0.2,1.8,1.3,1.2,1.3,2.0,-0.1,-1.1,-0.8,0.2,-3.3,-4.1,-4.4,-1.9,1.3,0.9,0.9,0.5,4.3,-1.1,-2.8,-0.5,-0.9,-0.1,1.6,1.2,-2.2,-0.3,-0.7,-0.8,-1.4,0.9,-1.0,-0.9,-1.6,-1.3,-0.7,0.2,-0.8,0.5,-0.1,0.8,-3.4,-0.2,-2.4,-2.3,-1.3,-1.8,-0.0,-1.0,-1.7,-1.0,-1.5,-1.0,0.2,1.0,1.0,1.0,1.7,-0.3,-0.6,-0.8,1.5,-0.8,-0.7,0.5,2.5,1.9,-1.2,-1.6,-0.5,-1.0,-1.3,2.4,-2.5,0.6,-0.4,0.2,0.4,-0.3,-0.5,2.1,2.0,-0.3,1.1,1.9,0.9,-0.6,0.7,-0.5,0.8,0.7,1.7,0.4,1.3,-1.6,-3.9,-0.8,-0.3,0.4,-1.0,-1.1,-1.0,-0.1,-0.7,1.8,-2.5,-1.7,-0.9,-1.7,1.4,0.6,-1.5,-0.2,-3.8,-1.1,-1.3,1.7,2.6,1.6,-0.9,-1.8,-2.2,-0.6,-1.2,-0.5,0.3,-0.8,-0.0,0.2,-6.0,-1.4,0.7,0.1,1.7,-1.4,1.4,-1.9,1.2,1.3,-0.7,-2.8,3.0,-3.2,-2.7,0.8,-2.1,-2.9,-1.7,0.2,-0.1,-2.3,-5.3,-3.5,-2.9,-1.5,-1.9,0.1,13.0,0.2,0.3,-0.1,-0.7,-0.8,-0.6,-0.7,-2.0,-0.1,1.0,-0.6,-4.0,-1.9,0.2,-1.6,0.1,-1.5,-0.7,-0.2,-1.4,-1.6,-2.2,-3.0,-3.1,-2.0,-1.0,-4.5,-2.1,-1.9
2C7L510S1c,0,48.100573,11.631765,4442584.2,2777677.27,539.3,585.0,227,7396,2.7,0.82,0.39,32.66,348.96,-0.53,-0.103,0.842,-1.1,0.1,0.64,0.21,0.8,0.2,-0.3,-5.9,-5.7,-5.0,-1.3,-2.1,-5.2,-4.2,-2.2,-0.2,2.0,-0.1,10.2,0.6,-1.2,0.4,0.9,4.6,-2.5,-4.4,1.8,-1.1,0.4,-7.1,0.1,-0.3,1.8,0.5,-8.7,8.0,5.4,2.4,-0.7,0.4,-0.5,-6.6,-8.7,2.6,1.5,-7.0,-7.1,-8.8,-9.2,-4.3,-3.0,0.3,0.3,-7.2,-4.5,-2.6,-3.6,-3.6,0.5,-4.7,-4.5,-3.8,-2.7,-3.3,-3.2,-1.1,-4.2,-3.9,-2.6,-5.4,-5.3,-10.3,-2.7,-4.9,-2.5,-4.1,-4.7,-3.5,-7.3,-4.0,-3.9,-1.9,-2.3,-3.1,-3.5,-1.4,-3.8,-6.5,-7.3,-4.4,-2.8,-7.0,-7.4,-5.2,-5.8,-7.5,-8.7,-3.7,-7.0,-5.9,-6.3,-8.6,-9.5,-6.0,-5.1,-6.9,-7.4,-5.4,-7.0,-2.2,-4.0,-6.8,-7.8,-5.3,-9.3,-5.3,-5.5,-3.2,-6.7,-1.6,-6.4,-7.0,-3.3,-6.0,-4.4,-3.2,-5.3,-1.4,-4.5,-6.4,-5.9,-4.1,-0.6,-5.5,-4.9,-4.4,-9.8,-3.3,-5.3,-4.4,-6.0,-5.7,-6.2,-6.8,-3.7,-3.4,-4.4,-3.2,-5.6,-5.4,-5.7,-5.3,-4.7,-5.9,-4.6,-4.2,-0.5,-3.1,-6.0,-2.5,-4.3,-4.0,-7.4,-5.2,-9.2,-6.7,-5.2,-7.3,-6.6,-5.7,-10.1,-12.1,-6.7,-5.8,-7.4,-6.8,-7.2,-7.1,-9.1,-6.8,-8.0,-3.4,-3.3,-6.8,-3.3,-2.0,-6.6,-4.2,-4.0,-7.5,-6.5,-5.3,-6.1,-5.5,-8.2,-7.1,-10.4,-10.1,-5.2,-6.8,-14.2,-8.0,-6.9,-8.8,-8.1,-7.0,-5.1,-6.2,0.1,-8.7,-6.7,-7.0,-7.1,-7.3,-5.1
2C7L510S2o,0,48.101143,11.636209,4442913.95,2777747.98,551.9,597.6,227,7470,4.2,0.55,0.6,32.68,348.96,-0.53,-0.103,0.842,-1.2,0.2,-0.85,0.32,3.4,0.3,-0.3,0.7,-7.1,-0.6,-1.2,0.5,-2.3,6.1,6.5,-15.8,2.2,5.4,1.3,-15.6,6.0,-10.8,-9.1,-9.2,-7.2,-7.5,-9.1,-8.0,-6.7,-4.4,-7.7,-7.1,-5.9,-6.6,-1.7,-7.8,-7.2,-2.8,-10.2,-8.8,-12.7,-8.5,-6.7,-6.0,-6.7,-8.1,-4.8,-5.5,6.1,-5.9,-5.7,-4.2,-5.2,-1.3,-1.2,-7.1,0.1,-5.4,1.8,-6.9,-6.1,-5.3,-5.4,1.9,4.9,-3.9,1.5,-0.2,0.2,-0.8,-4.7,1.5,1.6,-0.8,3.2,-1.2,-5.2,-0.2,8.3,-1.1,6.6,-8.5,-8.0,-6.3,-5.5,-6.8,-7.6,-10.3,-9.2,-9.7,-7.6,-6.7,-8.4,-6.2,-7.5,-5.6,-7.8,-7.4,-13.3,-8.6,-11.1,-8.5,-8.9,-14.7,-6.3,-5.9,-9.1,-11.6,-6.7,-5.4,-5.5,-7.9,-5.3,-8.6,-10.6,-10.9,-6.3,-8.4,-9.5,-12.4,-8.1,7.1,-1.6,-1.6,0.8,9.3,-0.9,-1.3,4.2,-1.7,-11.0,-7.4,-8.1,1.6,-10.0,-10.5,-9.3,-8.9,-7.9,2.6,-8.5,-8.0,-9.4,-4.8,-6.4,-5.0,-9.0,-1.4,-6.9,-5.9,-10.3,-0.1,-1.8,-0.4,-2.1,0.8,1.5,-0.7,-3.2,-7.4,-3.5,-4.0,0.2,-4.6,-14.2,-8.1,-10.3,-9.4,-9.1,-10.8,-10.4,-9.9,1.7,-11.4,-10.7,-8.4,-7.7,-6.7,-8.3,2.0,-3.1,-4.6,-2.9,-1.4,3.1,-6.6,-10.8,-10.1,-2.0,-9.6,-13.8,-16.0,-12.7,-2.7,-9.6,-10.1,-11.4,-11.4,-9.3,-11.0,-11.0,-10.9,-10.1,-11.1,-10.7,-11.6,-9.0,-12.1,-12.1,-12.0,-13.7,-9.8,-3.7,-15.4,-13.3
2C7L510S3C,0,48.101294,11.637384,4443001.11,2777766.7,542.0,587.7,227,7494,2.0,0.88,0.4,32.69,348.96,-0.53,-0.103,0.842,0.0,0.1,-0.29,0.16,1.1,0.1,-0.3,-0.4,0.2,-1.9,-0.1,-0.9,0.1,-0.6,0.7,-2.9,0.6,-1.4,0.4,-1.7,-1.8,-3.0,-2.1,-0.7,-1.9,-4.1,-5.0,-4.1,-3.2,-0.7,-3.1,-2.3,-2.0,-1.9,0.8,-0.5,-3.0,1.6,-5.1,-4.4,-7.0,-6.3,-4.2,-4.4,-5.0,-2.4,-9.7,-2.3,-2.1,-6.8,-0.9,-3.6,-2.6,-1.5,-2.8,-0.2,-1.1,-0.9,0.0,-0.1,-1.4,-1.4,-1.9,-0.8,-1.1,-0.4,-1.0,-0.9,-1.8,-1.1,-1.6,-0.1,-1.5,-1.8,-0.6,-2.5,-2.4,-2.3,-3.0,-1.7,-1.5,-3.4,-2.2,-3.2,-4.1,-3.9,-1.7,-3.7,-4.4,-3.6,-1.3,-2.4,-7.0,-1.5,-4.4,-2.1,-3.8,-4.7,-3.2,-2.8,-7.2,-3.2,-2.3,-0.6,-1.9,-0.6,-4.2,-3.6,-2.6,-3.5,-0.9,-3.5,-2.0,-1.3,-3.7,-4.2,-0.3,-3.6,-2.5,-1.1,-0.6,-0.8,-2.6,-0.4,-1.5,-1.9,-4.0,-2.2,-0.8,-2.2,-4.6,-3.0,-1.5,-2.9,-2.8,-3.7,-0.8,4.3,-3.1,-1.2,-3.9,-5.1,-0.8,-1.6,-4.5,-0.6,2.3,1.2,-2.8,-0.7,-0.9,0.2,1.0,3.9,1.5,-0.1,-1.4,1.8,0.8,-2.1,-2.2,-0.5,-0.5,-0.8,-2.1,0.3,-4.7,-1.9,-1.8,-4.1,-3.8,-5.3,-0.7,-1.1,-7.2,-1.4,-1.5,-0.5,-4.6,0.4,-1.8,0.4,-0.4,-0.4,0.5,-2.9,-1.5,1.7,-0.2,7.4,-4.7,-3.7,-2.9,-3.0,-4.6,-2.6,-1.5,-2.3,-0.8,-6.9,-6.8,0.4,-2.6,-9.7,-0.6,-3.9,1.0,-1.4,-3.6,-0.0,-2.0,-3.1,-2.0,-6.0,-11.4
2C7L510Rzl,0,48.099747,11.625186,4442096.09,2777574.64,540.0,585.7,227,7281,3.9,0.66,0.52,32.63,348.96,-0.529,-0.103,0.842,0.9,0.2,-0.42,0.3,1.6,0.3,-0.3,1.7,3.4,1.8,0.3,0.6,-2.0,2.7,2.1,3.9,-3.7,0.9,3.6,4.6,1.7,4.6,2.9,7.1,5.7,5.6,5.4,4.9,0.6,2.4,4.3,4.1,4.0,1.8,1.4,-3.4,4.0,-1.9,-0.1,3.2,1.1,0.3,0.7,2.6,2.6,2.6,5.0,1.7,-0.5,5.5,6.8,4.3,1.4,-1.2,-1.7,-2.5,0.5,3.2,4.3,1.3,1.8,-1.4,-4.6,0.8,2.0,-2.4,-2.6,-1.7,-3.5,-1.7,-0.6,-5.1,-2.0,-3.3,3.0,-1.1,-0.5,-1.0,2.5,-0.1,3.5,-2.6,1.2,2.3,-0.8,6.6,1.9,-0.1,0.7,1.4,7.7,4.1,7.1,4.9,7.2,8.2,8.4,5.7,8.0,5.0,13.8,-1.8,-3.2,1.9,-5.7,-2.2,-3.9,0.8,-1.9,-3.4,-3.3,7.4,3.8,4.9,7.9,3.3,4.0,8.2,3.6,6.8,5.7,7.2,8.4,13.0,6.9,7.4,6.6,3.4,6.4,5.4,8.3,10.1,10.0,0.8,7.7,7.6,4.7,6.1,6.3,3.1,7.5,4.8,3.6,5.3,3.0,5.4,2.8,0.5,1.2,3.3,2.3,2.3,3.3,-1.1,2.7,2.3,3.9,2.6,2.8,2.7,2.8,1.9,3.8,5.3,4.1,7.3,14.4,10.4,4.7,12.6,13.2,9.1,-6.9,11.3,11.9,-5.6,12.6,-6.2,3.7,-8.4,-0.2,-4.5,10.3,0.3,5.9,12.2,-3.7,4.9,3.6,-0.8,3.3,6.0,5.8,3.6,10.9,4.4,7.8,10.1,3.6,7.7,5.1,5.1,11.8,8.0,7.0,1.9,4.9,2.3,5.4,1.5,1.8,3.5,0.4,4.9,3.5
2C7L510S0I,0,48.100005,11.627195,4442245.16,2777606.6,545.1,590.8,227,7314,4.4,0.69,0.48,32.64,348.96,-0.529,-0.103,0.842,-0.1,0.2,-0.78,0.33,1.0,0.3,-0.3,-1.5,1.3,-1.8,-1.4,-2.2,2.1,-2.5,-2.9,2.0,0.6,-0.7,-4.5,1.0,0.1,0.3,2.1,1.6,3.0,3.4,3.7,-0.3,3.9,-0.9,-0.4,7.8,6.3,-2.8,0.1,-3.2,1.3,-5.5,-1.6,-3.4,0.7,-1.4,0.3,2.9,4.1,2.9,1.5,-4.5,0.5,-0.0,0.3,1.4,0.9,4.0,2.8,1.2,3.2,3.5,-0.3,-1.5,0.3,1.7,3.1,-0.9,0.4,-2.1,-1.3,0.9,0.7,4.7,-0.2,-0.2,2.2,-0.3,1.1,0.2,-0.9,-1.2,0.7,7.2,-1.4,-1.6,-0.6,2.4,0.7,2.4,0.1,0.5,1.1,1.0,0.4,3.4,3.5,2.0,3.4,4.0,0.3,1.9,0.1,2.9,1.4,3.5,-2.0,0.3,-8.3,1.4,-0.0,-10.6,-1.2,-0.5,-0.8,1.2,2.1,3.5,-1.7,4.0,0.6,4.0,3.0,1.4,-1.1,7.7,-0.5,2.6,5.6,6.3,3.1,5.2,3.9,0.9,-0.0,4.4,4.3,1.3,2.8,5.5,3.0,0.9,-0.4,-1.4,-1.1,-0.9,-0.2,-0.6,5.0,-1.2,3.3,1.7,-0.5,0.1,0.0,3.1,1.9,-1.5,1.7,4.6,4.2,5.5,-2.7,2.1,0.8,0.4,1.6,1.8,-1.6,1.2,0.4,11.2,-12.8,7.4,-9.6,-5.4,-13.7,4.8,-17.3,-0.5,6.1,-13.0,-2.0,6.1,6.8,8.6,9.9,5.4,6.7,-2.2,-14.6,-4.4,9.4,2.1,6.3,-2.0,4.3,4.3,3.2,12.3,-3.0,6.3,0.4,0.5,0.7,2.4,3.0,11.1,-14.0,6.4,-12.9,-1.2,1.9,-11.9,-0.4,-11.9,0.5,-5.5,-0.9
2C7L510S1n,0,48.100665,11.632334,4442626.38,2777688.39,538.7,584.4,227,7407,2.7,0.79,0.34,32.67,348.96,-0.53,-0.103,0.842,-1.3,0.2,1.18,0.22,0.6,0.2,-0.3,1.1,2.3,-0.2,0.2,-1.9,-1.1,-0.4,-4.0,-2.1,-2.5,-0.0,-2.0,-1.5,5.0,1.0,2.6,3.8,-0.5,-0.3,-0.2,-10.4,-16.2,2.5,6.6,3.7,7.2,5.5,5.9,5.0,-5.7,-5.1,-7.3,-13.6,-9.3,-12.0,-9.2,-7.5,-5.4,-5.3,-3.8,-5.8,-7.8,-7.7,-5.2,-7.1,-6.3,-8.9,-7.7,-7.8,-7.9,-7.0,-7.4,-9.5,-8.7,-9.0,-10.6,-8.0,-10.6,-8.8,-8.9,-10.1,-9.3,-9.2,-8.1,-8.7,-5.7,-7.9,-9.2,-8.2,-7.6,-8.0,-7.6,-7.9,-8.4,-8.8,-6.5,-8.3,-8.5,-9.5,-7.7,-7.7,-8.5,-7.5,-6.7,-7.2,-6.6,-8.3,-7.9,-7.3,-7.6,-8.9,-9.1,-8.7,-6.9,-8.8,-11.7,-6.6,-6.1,-7.9,-9.1,-8.0,-5.1,-5.9,-5.9,-7.0,-7.4,-5.8,-7.8,-8.2,-6.6,-6.4,-7.0,-7.5,-8.0,-8.0,-7.7,-8.2,-8.0,-7.5,-6.5,-8.4,-8.8,-7.6,-7.6,-7.4,-5.6,-7.4,-7.0,-7.1,-9.3,-7.5,-7.9,-7.6,-9.1,-7.6,-7.3,-8.6,-6.4,-5.6,-4.5,-4.5,-9.6,-9.4,-9.2,-8.8,-8.1,-9.2,-7.5,-8.3,-8.3,-8.5,-9.6,-7.9,-8.2,-8.2,-7.4,-9.3,-8.4,-8.2,-6.5,-7.8,-7.7,-10.3,-9.9,-12.5,-7.7,-10.0,-12.7,-9.8,-8.8,-8.9,-9.1,-10.3,-8.7,-9.7,-7.4,-8.0,-8.2,-8.3,-7.6,-8.2,-8.5,-7.7,-7.6,-8.0,-7.7,-8.7,-8.4,-7.8,-11.6,-11.1,-11.4,-8.1,-12.0,-11.4,-9.8,-6.8,-10.3,-8.6,-11.1,-9.8,-12.2,-10.1,-12.2,-7.3,-10.4,-9.6,-10.1
2C7L510S2S,0,48.100989,11.634859,4442813.73,2777728.57,546.1,591.8,227,7448,2.4,0.85,0.45,32.68,348.96,-0.53,-0.103,0.842,-0.9,0.1,0.32,0.18,1.1,0.2,-0.3,-1.1,-1.1,-0.6,0.6,1.1,-1.7,1.4,0.4,0.1,-0.9,-0.3,0.3,2.9,0.4,3.0,3.3,4.1,3.3,-0.3,-1.8,3.4,1.6,4.8,3.1,3.2,3.8,3.8,-4.1,1.6,1.6,0.1,-0.8,0.2,-0.5,1.9,0.9,7.0,5.2,4.7,5.1,4.5,-1.0,6.2,3.2,-2.7,6.7,-0.8,-0.3,-0.4,-0.6,-0.3,0.6,0.7,-1.0,-0.3,3.5,-1.1,-0.7,-0.5,-1.0,-3.4,-1.0,-0.9,-0.6,1.2,-0.7,-1.7,-1.5,-1.1,-2.0,-1.9,-0.2,-1.9,-1.2,-1.6,-1.4,4.8,-0.2,-0.1,5.1,-1.2,3.1,4.5,0.5,0.9,2.9,-0.4,4.3,2.3,3.5,2.7,0.9,3.2,-0.4,0.9,-2.1,0.1,5.6,3.7,-2.5,-1.4,3.8,-5.7,0.2,-2.2,-4.6,-0.3,0.2,-3.7,-0.1,-1.6,-0.4,-0.4,0.2,0.1,-2.0,-2.8,-2.3,-2.6,-1.9,-1.2,0.2,-2.1,-2.6,-7.7,-0.1,-1.3,-1.2,-3.7,-6.3,6.9,-2.4,3.7,1.5,3.4,2.6,1.1,-1.5,3.7,0.4,-2.4,-3.3,-4.2,-2.6,-2.0,4.8,-1.1,-1.4,-2.1,-1.6,-1.4,-2.8,-2.0,-2.2,-1.6,-1.4,-1.7,-1.8,-2.8,-2.2,-1.3,-5.3,-2.0,-2.6,-2.0,0.6,0.1,-6.3,0.3,-9.8,-2.2,-3.5,-7.8,-3.4,-1.5,-1.8,-3.1,-3.2,-5.9,-2.9,-3.0,-3.0,-3.6,-3.2,-2.9,-2.6,-4.2,-1.4,-0.4,-2.5,-1.2,-1.5,-4.3,-9.3,-3.4,1.2,-0.2,1.0,-1.0,-0.1,-0.5,-2.7,-7.8,-0.9,0.9,-1.2,0.4,-0.1
2C7L510S3P,0,48.101394,11.638017,4443048.03,2777778.84,538.0,583.7,227,7507,2.2,0.86,0.4,32.69,348.96,-0.53,-0.103,0.842,-0.7,0.1,-0.58,0.17,1.1,0.1,-0.3,-0.8,0.1,1.0,0.6,1.3,1.2,1.0,-0.6,-1.8,0.5,-1.6,-0.4,-2.1,-1.1,-0.7,-1.8,0.3,3.7,4.1,-1.9,-1.9,-0.5,-1.6,-1.2,2.8,3.4,2.3,-3.3,-5.4,-0.5,4.1,-2.7,-3.4,-1.6,-4.7,-3.5,-6.2,-6.2,-4.1,0.2,-3.8,-1.6,-2.2,-4.4,-2.1,-4.4,-1.0,2.3,-0.2,-0.6,-3.3,-0.9,-2.1,-2.1,-1.6,-3.0,-2.2,-1.1,-1.0,1.4,-0.9,-1.9,-0.7,-0.2,-1.4,-4.1,-3.6,-1.7,-4.3,-6.7,-0.0,0.9,0.1,-0.9,7.2,0.7,-1.2,-1.3,-3.0,-3.6,-1.5,-2.9,-2.3,-0.6,0.2,-0.8,3.3,-6.6,-1.8,-1.2,-5.7,-5.2,-2.9,-4.3,-0.9,-3.3,-1.4,-1.6,1.1,-4.6,-4.0,-3.0,-0.4,-2.4,-1.3,-1.0,1.3,-1.8,-0.5,0.2,-1.2,-3.2,-0.1,1.1,2.8,-3.1,-3.5,-2.0,-4.2,-0.9,-3.0,0.5,-1.2,-0.0,8.1,4.1,-0.4,-1.0,-2.9,-1.2,-2.0,-5.4,-1.3,-3.3,-4.5,-3.2,-0.6,-2.9,-1.7,0.3,-0.4,-2.7,-1.5,-0.6,-2.1,0.4,-0.7,-0.2,1.7,0.8,0.6,1.5,1.1,-0.4,3.0,-3.5,1.2,-5.0,-3.2,-4.8,-5.5,-1.3,-4.8,-7.1,-8.1,-3.5,-1.3,-6.4,-3.3,-1.5,-6.2,-3.7,-7.2,-2.2,-3.6,-4.1,-3.4,-0.4,-6.9,-4.4,-3.1,-2.4,-2.3,-2.5,-3.2,-1.4,-2.5,-5.3,-3.5,-5.3,-6.0,-1.7,-5.0,-4.4,-3.0,-8.1,-6.6,-7.4,-5.8,-7.0,-1.3,-4.8,-5.9,-6.2,-3.5,-5.7,-7.4,-5.0
2C7L510S0A,0,48.099944,11.62658,4442199.47,2777598.88,538.5,584.2,227,7306,2.7,0.84,0.43,32.64,348.96,-0.529,-0.103,0.842,-0.5,0.1,0.11,0.21,0.4,0.2,-0.3,-0.9,1.8,-0.5,-2.4,0.0,-2.7,-0.6,0.2,0.4,2.4,1.0,-0.0,-0.0,0.8,-0.4,-1.6,-1.4,-0.4,0.4,-1.3,6.9,-1.7,-4.4,-1.0,-1.7,0.4,-2.8,5.3,0.4,-2.1,-6.4,-3.5,-4.2,-4.2,-1.7,-3.4,-3.7,-3.9,0.4,-1.3,-2.3,7.3,-4.2,-3.3,-0.8,0.2,-0.3,-1.3,1.9,2.5,3.3,2.0,-0.3,-2.0,-3.0,-3.9,2.0,-0.5,-1.2,-0.7,-1.9,-1.7,1.5,-2.5,-2.3,3.6,-2.6,3.5,1.0,-0.5,1.6,-2.7,1.1,-3.3,-1.1,-1.3,-0.3,-3.3,-1.5,-2.9,-1.3,-0.5,-1.1,-3.0,-1.9,-0.1,-1.2,3.1,-2.5,-1.8,-2.4,-7.3,-3.8,-1.6,-0.6,-2.4,-2.0,-0.8,-2.8,-1.8,-4.1,-3.0,-2.4,-3.4,-2.3,-2.5,-1.8,-2.5,-1.3,-2.7,-4.4,-5.5,-5.6,-2.5,-2.6,-3.3,-2.0,-4.8,-1.9,-2.9,-2.6,-3.4,-1.4,-3.7,-3.7,-0.0,1.3,-5.1,-3.4,-2.8,-5.2,-0.9,3.6,1.8,0.1,1.4,0.0,3.8,-1.5,1.5,3.0,3.6,-1.2,-1.6,-0.9,-0.3,9.7,1.0,-1.5,-4.4,-4.3,-6.9,-4.1,-4.9,-2.7,0.1,-4.0,2.2,0.8,-4.2,-1.1,-5.0,-10.3,-3.9,-4.7,8.7,-6.9,-8.5,-1.3,-4.2,-4.1,-5.5,-12.5,-5.0,-1.0,-1.6,-2.1,-3.3,-3.4,-0.6,-2.8,0.7,-0.4,-2.1,0.6,-4.0,-5.5,-1.6,-1.8,-7.7,-0.6,-3.5,-1.9,-6.5,-1.3,-4.5,-1.8,-4.6,-2.7,-2.8,-4.5,-1.4,-1.8,-2.6,-2.4,-1.6,-0.2,-2.1
2C7L510S0E,0,48.1,11.627019,4442232.07,2777605.86,547.2,592.9,227,7310,3.0,0.81,0.43,32.64,348.96,-0.529,-0.103,0.842,-0.6,0.1,-0.26,0.23,0.4,0.2,-0.3,1.0,-2.0,-0.9,-2.1,-0.8,1.6,1.4,1.0,0.6,-8.1,1.6,-0.2,2.4,1.1,0.9,2.1,1.3,5.2,0.9,0.6,-0.2,2.0,-0.1,3.3,-0.8,2.0,0.7,0.8,2.0,-2.5,-1.8,5.7,-5.4,-0.8,-0.5,3.1,-1.9,5.1,7.5,6.1,5.3,2.4,-2.3,-0.5,0.6,-1.9,-2.1,1.3,2.6,1.2,1.6,-0.3,2.6,1.8,1.8,3.0,0.5,1.4,1.2,2.2,-0.8,1.4,-11.2,0.6,5.7,2.0,-0.9,2.5,-0.4,-1.9,-1.7,4.0,-3.6,-0.4,-0.6,-2.9,0.9,-0.4,1.2,0.4,-0.3,-1.2,2.1,-0.6,2.4,2.6,0.1,8.2,3.2,5.8,-0.1,4.0,-3.7,2.3,-1.4,-1.1,-0.6,-2.6,1.8,0.6,1.1,-1.6,-1.9,-4.7,-0.1,0.1,-0.9,-1.2,-1.7,-1.1,-0.2,-2.3,0.2,-1.9,0.7,-0.4,1.5,-3.5,-2.5,-1.0,1.1,-0.3,0.6,1.3,2.4,2.8,-2.0,1.0,1.5,-1.0,4.1,-2.7,1.0,-0.5,0.0,-0.5,-2.7,-2.8,0.5,6.4,-1.1,6.0,5.7,-0.1,0.8,3.8,-10.8,-3.3,-1.0,3.5,7.3,-2.0,4.5,-9.3,-1.8,-0.1,0.1,0.3,1.3,1.1,1.9,-4.1,5.0,-7.1,-3.5,2.2,-6.8,-2.1,1.0,-1.3,-1.1,-2.3,-1.4,-5.7,0.5,-12.6,-4.5,1.3,3.1,2.5,-0.9,-2.9,-0.9,-0.6,-0.2,-1.6,-0.8,-4.3,-2.2,-1.7,1.5,-1.1,-3.4,-3.8,0.4,-1.3,-3.4,0.6,-4.8,-0.8,-7.0,-3.2,-3.1,0.3,-7.5,-2.9,2.1,2.4
2C7L510S1L,0,48.100493,11.630857,4442516.8,2777666.94,544.3,590.0,227,7379,1.8,0.92,0.27,32.66,348.96,-0.53,-0.103,0.842,-1.0,0.1,0.47,0.14,0.9,0.1,-0.3,-2.2,-0.0,-1.5,-3.3,-0.9,-2.4,1.5,0.9,1.1,-1.4,0.9,0.0,2.4,1.4,1.3,1.4,2.8,1.5,2.0,2.8,-0.3,3.1,0.6,3.4,3.7,3.0,1.5,1.3,0.7,-1.3,-0.9,-1.9,-2.9,-0.3,-0.3,0.4,2.0,3.6,3.2,3.6,1.2,-1.1,1.0,2.4,1.1,-0.2,-1.2,-2.6,0.5,-1.0,-0.5,0.2,-1.1,-1.4,-2.4,-0.7,-2.6,-3.1,-2.3,-1.5,-2.0,-1.8,-3.0,-1.4,-2.6,-1.7,-3.4,-1.4,-0.5,-0.4,-2.7,0.1,-1.7,-1.3,0.4,0.7,0.4,1.2,-0.2,-0.7,-0.9,-1.0,-0.9,-0.5,0.4,-0.1,0.4,-1.4,-1.4,-1.1,-2.4,-2.4,-3.9,-1.5,-2.3,-2.8,-2.3,0.1,-1.3,-0.0,-1.6,0.4,-0.7,-0.7,-1.4,-0.9,-0.6,-2.5,-1.2,-2.1,-2.2,-2.2,-2.4,-3.3,-1.0,-2.5,-9.3,-3.3,-2.3,-0.3,-6.2,-2.8,-2.6,-2.3,-1.7,-0.1,-2.4,-0.6,0.1,-2.7,-0.4,-2.7,-1.0,-1.4,-4.5,-2.7,-5.0,-0.4,-0.4,-0.3,-2.7,-5.9,-4.1,-4.0,-3.6,-3.2,-12.8,-3.6,-2.2,-1.5,-8.2,-4.4,-3.7,-0.7,-1.3,-3.8,-3.8,-2.3,-2.1,-2.1,-2.8,-2.1,-2.9,-4.4,-5.1,-3.6,-2.1,-5.4,-2.3,-2.1,-1.0,-4.1,-6.0,-5.5,-4.9,-7.3,-3.3,-3.0,7.7,-4.1,-5.1,-2.9,-3.4,-3.6,-3.9,-2.5,-3.5,-1.3,-2.5,-4.6,-4.5,-4.6,-2.3,-5.5,-3.1,-3.8,-2.2,-3.7,-4.9,-1.4,-3.8,-3.6,-4.0,-4.1,-3.0,-4.3,-4.1,-4.0
2C7L510S1e,0,48.100614,11.631797,4442586.54,2777681.92,535.9,581.6,227,7398,3.0,0.78,0.43,32.66,348.96,-0.53,-0.103,0.842,0.0,0.2,-0.52,0.23,1.4,0.2,-0.3,-5.1,-3.3,-3.4,5.8,-2.6,1.3,0.2,-6.4,1.9,-0.7,9.2,-0.8,-0.6,-0.1,1.3,1.3,1.0,-5.1,8.7,-4.6,11.3,-4.3,-10.3,-11.2,-1.9,2.9,0.0,3.1,7.4,0.7,-9.9,-4.4,-1.2,-5.3,-4.8,-1.9,-1.2,-4.1,5.0,-7.3,-1.0,-0.5,0.5,-0.7,-1.8,1.2,-3.4,2.0,2.8,1.5,-0.7,3.4,4.3,4.2,-1.2,2.9,-0.0,3.2,-0.2,1.2,-0.3,0.9,-1.6,0.9,3.7,-1.4,-0.5,-3.2,2.1,-1.3,1.7,1.4,1.1,2.4,2.5,1.3,0.6,-0.8,-2.6,-0.4,-1.3,-0.7,-1.0,-2.5,1.4,-1.0,2.8,0.1,-1.1,-2.0,-2.6,4.6,-1.9,-3.0,-1.5,-2.6,-0.0,-2.5,-0.1,-2.7,-2.1,-0.7,-0.5,0.9,-1.4,-2.0,1.0,-2.5,1.4,-2.0,4.0,0.4,0.4,-2.2,4.7,4.7,-0.7,-0.3,2.4,1.5,4.0,3.3,-0.0,2.1,0.5,4.2,1.4,0.1,0.6,-4.1,0.2,1.6,-1.6,-1.7,-1.2,-1.6,-2.5,0.9,1.8,3.2,-0.1,0.1,-1.3,0.8,1.3,2.5,1.1,0.1,-0.1,-10.2,0.5,1.7,2.8,1.1,1.0,8.9,1.2,1.5,1.3,-1.8,-0.6,-0.7,0.4,-1.4,-2.6,3.1,4.0,-2.4,-2.5,0.4,-0.1,-1.8,-1.6,-3.0,0.5,-0.4,0.7,5.8,5.8,2.8,1.7,0.9,-0.7,-3.1,0.8,-0.2,1.9,-0.5,1.5,-5.0,-3.3,-6.3,-6.5,-4.2,-6.6,-0.2,-1.7,-3.5,1.7,-0.9,-1.3,-3.7,-3.4,-0.7,1.3,1.9,1.2,6.2
2C7L510S1j,0,48.100674,11.632264,4442621.17,2777689.33,544.7,590.4,227,7403,3.9,0.73,0.45,32.67,348.96,-0.53,-0.103,0.842,-0.9,0.2,0.14,0.3,0.5,0.3,-0.3,4.9,5.7,7.6,7.0,4.8,2.1,7.8,-3.1,1.5,-1.8,-4.3,7.3,-2.3,-7.5,-12.2,-10.0,-16.5,3.4,-12.1,-12.4,-16.3,-16.5,1.2,7.2,0.5,-1.6,1.2,11.2,2.4,-3.2,-2.3,-5.1,5.5,-1.9,-5.0,-5.6,3.9,0.7,-1.7,0.7,2.7,-4.6,5.1,-0.4,1.6,-0.4,-4.3,-2.3,-1.4,0.9,0.3,1.8,1.5,-0.5,0.0,-0.3,0.3,-1.4,-2.1,-1.5,-2.6,-1.6,0.4,-2.2,3.6,-1.3,-2.8,-1.4,0.1,-1.3,-0.6,-1.6,-2.9,-0.2,1.3,-1.5,0.0,-1.6,0.5,-3.0,-1.7,3.4,-4.6,-0.9,-1.7,2.8,1.8,0.1,-2.1,-2.7,0.1,-3.7,-3.5,-1.7,-5.1,-5.9,-3.6,-0.9,2.1,-2.1,-3.4,-8.6,1.1,-0.8,-6.0,0.4,-0.0,-3.4,-3.5,-2.1,-4.4,-2.9,-3.8,-4.4,-4.6,-3.5,-5.5,-5.7,-4.9,-3.5,-4.8,-5.9,-3.1,-2.4,-7.8,-5.0,-3.0,5.8,-2.4,-1.3,-0.8,-2.9,-2.6,-2.5,-1.7,-0.7,-1.2,-4.3,-4.1,-1.1,0.9,-5.9,-5.6,-4.0,-3.6,-4.6,2.0,-1.9,-1.8,-3.2,-6.8,-4.0,0.5,-2.8,0.3,-3.5,-3.1,-4.2,-1.2,-4.7,-4.9,-5.1,-4.0,-4.8,-7.5,-5.8,-4.5,-8.0,-6.6,-0.6,-1.2,-8.0,-5.8,-5.5,-1.8,-7.9,-2.8,-4.9,-1.4,-5.4,-2.6,-4.5,-6.5,-5.8,-5.2,3.1,-5.7,-5.5,-6.4,-5.4,-6.2,-7.0,4.1,-14.5,-3.5,-6.3,-3.0,4.1,-3.3,-4.3,-5.7,-0.9,-6.3,-3.2,-5.8,-5.6,-4.6,-5.9
2C7L510S1k,0,48.100677,11.632288,4442622.92,2777689.71,543.1,588.8,227,7404,2.4,0.89,0.32,32.67,348.96,-0.53,-0.103,0.842,-0.8,0.1,-0.17,0.18,0.4,0.2,-0.3,-4.3,1.9,2.0,0.9,-0.5,6.9,-12.5,-5.2,3.9,4.4,2.1,7.8,0.5,-1.2,-3.0,0.7,-0.1,0.4,-3.8,-4.0,-2.2,2.1,1.2,3.3,2.2,3.5,4.3,14.1,7.9,-2.3,-2.4,-5.4,-6.5,-2.9,-2.5,-0.2,4.3,3.0,1.4,3.5,-1.4,0.8,5.7,1.3,1.5,-0.0,-0.4,-0.9,0.3,0.0,-0.4,1.7,1.2,1.4,1.9,1.0,2.4,1.5,0.8,2.2,-0.1,1.1,-1.0,0.4,6.5,2.0,-0.9,-0.4,1.3,0.0,2.0,0.1,0.9,1.6,2.4,1.7,1.6,0.9,0.6,0.9,0.6,1.1,-0.4,0.8,1.8,3.2,3.4,2.6,1.6,0.4,1.1,-1.0,0.6,0.8,-0.8,-3.5,-1.2,1.8,1.3,-0.7,-0.8,-0.5,-0.0,0.8,-0.1,1.5,-0.2,-1.3,-0.6,0.1,-0.7,-1.4,-1.1,-1.3,-1.2,-0.9,-0.7,-2.0,-1.6,-0.1,-1.7,-1.8,-1.1,-1.9,-1.1,0.5,-0.9,1.7,-0.1,-2.4,-0.6,-1.2,1.4,-0.5,-1.6,-1.0,-1.7,-0.3,0.4,-0.6,1.6,-2.1,-2.7,-2.2,-0.9,-1.8,-0.1,-1.6,-0.6,-2.1,-0.3,-2.4,-1.1,-1.2,-1.2,-1.3,-1.4,-0.8,-0.1,-2.6,-1.1,-0.7,-1.3,-3.2,-5.0,-1.5,-0.8,-4.2,-3.9,-1.7,-1.2,-2.8,-5.9,-3.0,-0.5,-3.7,-1.6,-2.9,2.0,-1.4,-1.5,-1.8,-2.3,-0.9,-2.5,-2.0,-2.6,-1.9,-2.5,-4.2,-4.4,-0.8,0.4,-4.6,-3.0,-2.8,-0.5,1.5,-1.4,-3.5,-4.7,-4.0,-3.7,-1.5,-2.9,-4.0,-2.3,-3.4
2C7L510S1l,0,48.100692,11.632402,4442631.44,2777691.53,545.9,591.6,227,7405,3.8,0.7,0.49,32.67,348.96,-0.53,-0.103,0.842,0.4,0.2,-1.07,0.3,1.3,0.2,-0.3,4.0,6.3,7.4,5.0,5.6,10.2,1.0,3.8,4.5,-4.6,3.5,1.7,-3.9,0.3,-1.7,-1.6,-1.9,2.2,0.1,-1.2,4.8,-0.2,7.9,1.0,1.7,-3.9,4.2,19.6,7.0,8.7,3.8,1.8,0.7,-0.4,6.8,18.6,14.9,7.3,5.7,9.2,5.5,8.7,7.1,6.0,9.5,5.1,5.0,6.1,3.4,5.5,3.2,5.2,2.5,6.6,6.4,11.2,1.3,8.9,3.3,2.7,1.1,4.8,-10.1,4.4,5.9,2.9,2.1,4.4,3.3,3.9,10.1,6.1,9.7,1.6,5.3,8.9,8.0,10.1,7.0,10.3,8.6,10.1,7.6,10.7,9.7,20.7,20.7,12.9,16.5,10.2,14.4,10.5,9.9,12.5,13.5,6.1,7.7,10.9,0.7,9.1,8.6,9.1,6.4,10.2,8.0,11.2,8.5,7.3,8.8,10.0,7.7,9.2,8.5,8.5,8.1,7.4,9.5,7.2,6.8,5.2,8.2,7.4,8.3,6.7,8.0,9.7,5.5,3.4,12.2,4.6,6.7,7.5,9.3,9.1,6.9,6.0,5.4,6.9,9.4,7.1,7.7,6.2,5.4,6.2,6.6,7.6,9.4,5.3,7.3,6.9,9.4,4.8,5.6,5.8,5.1,7.2,7.5,6.9,9.9,6.5,4.6,4.4,9.1,6.6,-7.7,7.3,9.4,3.6,6.5,9.0,5.2,5.2,1.6,4.9,4.1,6.3,6.4,5.2,-1.4,6.0,6.0,6.7,6.0,5.4,6.6,2.7,7.1,6.7,5.2,15.3,5.8,6.2,8.0,4.4,17.0,6.7,5.8,13.5,6.5,4.8,4.5,3.8,6.4,6.8,9.2,8.5,8.8,10.1
2C7L510S1p,0,48.100693,11.63241,4442631.96,2777691.66,537.1,582.8,227,7409,4.5,0.61,0.46,32.67,348.96,-0.53,-0.103,0.842,-0.1,0.2,-0.91,0.34,0.8,0.3,-0.3,1.2,2.9,1.4,2.6,-0.3,-5.4,-0.1,-0.4,5.5,-9.5,2.6,-0.4,8.2,2.8,-7.1,2.5,8.3,2.6,2.9,5.6,-1.5,8.8,-4.0,-3.3,4.0,5.4,-4.8,-5.8,12.2,1.6,-2.6,8.2,9.7,12.6,6.7,-1.7,2.0,-10.2,-1.3,10.0,8.5,4.3,-5.1,3.6,4.2,7.3,3.1,-1.7,3.7,2.4,3.0,4.8,2.3,4.0,3.5,10.8,10.1,3.3,4.2,3.7,3.0,3.1,0.3,3.6,3.2,-0.6,3.4,6.2,0.7,4.0,1.0,1.2,2.3,1.1,5.2,4.7,0.5,4.4,3.9,-3.9,5.7,2.5,3.2,1.1,2.5,9.3,6.5,9.6,8.3,8.7,6.6,9.6,10.2,10.4,8.4,10.0,11.3,-0.6,-0.7,0.3,5.8,5.6,12.6,6.8,15.2,2.3,-0.8,-1.0,-1.0,7.1,3.6,4.9,1.3,4.7,1.6,0.2,4.0,2.9,5.3,5.1,2.4,5.0,1.4,2.1,5.3,7.2,7.1,9.7,8.9,-11.4,2.6,-11.4,5.1,-1.2,14.4,4.6,10.4,12.5,4.2,12.7,5.4,1.1,-8.2,3.7,4.1,10.3,-2.1,4.9,6.0,1.8,5.1,0.3,1.1,3.4,1.9,5.2,8.1,5.6,1.4,-1.7,0.4,-0.1,4.1,2.5,3.8,-0.2,5.6,-2.1,-4.6,6.0,7.7,1.1,-2.0,5.3,4.9,-0.1,0.5,1.8,3.9,3.8,2.9,0.2,4.2,1.7,2.9,5.4,7.7,-5.2,-5.8,-1.6,5.8,0.2,5.9,-0.7,1.7,3.3,6.2,2.0,3.7,9.9,4.0,7.9,-10.0,2.5,2.5,0.8,3.9,2.8
2C7L510S2F,0,48.100895,11.633984,4442748.78,2777716.71,541.0,586.7,227,7435,4.2,0.67,0.49,32.67,348.96,-0.53,-0.103,0.842,-0.3,0.2,-0.28,0.32,1.0,0.3,-0.3,-10.6,-6.0,-3.3,-1.7,2.5,2.6,10.1,-9.6,9.7,1.5,11.6,-7.6,-0.8,3.0,3.5,-5.8,0.3,-3.7,3.3,-3.5,-1.7,0.1,6.1,8.0,5.8,4.2,3.4,4.3,6.5,2.0,1.8,-0.6,-5.4,-1.5,-1.9,-2.0,6.4,0.9,5.2,2.0,2.6,3.4,5.4,2.0,1.6,-1.7,-0.9,2.5,-1.2,0.4,1.4,7.0,4.0,6.4,0.3,-3.5,1.7,9.3,1.0,1.7,1.9,-1.3,-0.9,-3.7,-1.3,2.1,3.3,-2.6,-0.8,-0.5,2.2,2.8,2.3,3.8,1.1,-0.6,0.5,4.9,0.5,7.7,-0.6,-1.7,-1.1,-4.7,1.8,-3.0,2.1,4.2,0.6,-1.7,5.3,0.4,-1.8,-2.7,-2.4,-3.8,2.8,6.0,2.1,-0.9,-1.5,0.6,2.8,1.6,2.1,2.3,-1.4,0.1,-4.3,-3.5,-1.1,-0.3,1.7,3.7,0.7,1.8,-1.3,1.6,-3.2,0.7,-4.5,2.0,3.1,7.1,3.7,4.4,0.4,0.4,0.6,0.8,-2.6,-1.3,6.9,0.7,-4.4,3.0,-2.2,3.4,3.4,1.6,1.2,-2.4,-3.9,5.1,-11.7,-1.3,4.9,10.6,-2.9,-9.3,-12.3,-5.3,-5.8,11.8,13.7,-11.6,6.0,0.7,8.2,6.4,0.5,-0.7,13.7,-1.7,10.8,5.2,2.1,-4.8,2.2,2.1,3.9,0.1,-3.2,-0.4,1.1,-2.4,-2.3,-1.7,-0.4,-1.0,-3.2,0.1,-1.3,2.3,-2.7,0.4,-0.8,4.3,-1.1,-2.8,-4.1,1.0,-0.1,-2.2,1.6,5.7,0.3,-1.3,-2.0,-0.8,-2.3,-2.1,-0.9,-3.5,1.8,-0.4,-1.7,-3.2
2C7L510S2R,0,48.101002,11.634818,4442810.64,2777729.97,547.2,592.8,227,7447,2.7,0.85,0.4,32.68,348.96,-0.53,-0.103,0.842,-0.4,0.1,0.09,0.21,1.4,0.2,-0.3,-0.8,-0.9,-0.5,1.2,1.6,-1.0,1.2,0.6,0.3,-1.3,-1.4,-0.1,1.1,1.4,1.3,1.7,1.1,-0.9,0.1,-2.5,2.5,0.1,3.6,3.3,-0.6,1.6,3.0,-3.0,4.4,-0.3,1.4,-0.9,0.0,-1.7,0.6,1.8,4.7,2.9,4.5,2.4,3.9,-2.4,3.2,3.5,-2.5,4.4,-1.6,1.9,-1.3,-0.3,0.5,1.4,0.8,-0.7,1.2,0.4,-0.3,-0.7,0.2,-0.2,-5.1,-1.2,-1.1,-2.0,3.9,-0.6,-2.4,-0.7,-1.5,-4.3,-2.9,-2.3,0.4,-0.7,-2.7,0.3,1.2,1.7,0.8,1.9,-0.7,0.7,2.9,2.0,2.0,2.2,-1.5,3.5,1.1,4.8,-0.5,1.0,-4.3,-1.2,0.6,-1.6,5.3,6.1,2.6,-0.9,-0.2,19.5,0.5,-0.2,-3.8,-2.8,-4.2,2.0,-2.3,1.2,1.8,2.2,0.8,2.0,0.5,-0.7,-3.9,-1.0,-2.8,-2.6,-0.4,1.1,0.1,-2.2,-5.5,1.6,-3.3,1.4,1.1,0.8,7.0,-2.7,1.3,-2.7,0.7,1.5,7.4,4.4,7.2,2.6,-5.1,-2.2,-3.4,-0.7,1.1,1.2,3.5,-1.6,-2.9,-2.0,-0.9,-5.0,-3.4,-4.1,-4.8,-2.6,-3.8,-5.0,-2.1,-0.5,0.5,-1.8,1.9,0.4,-0.0,3.2,-0.3,-3.0,2.2,9.9,2.8,-2.1,-5.0,-5.0,0.5,3.3,0.7,-1.8,-1.4,-0.5,-0.0,0.3,-2.0,0.7,-1.8,-2.6,-4.2,-1.3,-0.5,0.7,0.6,-0.6,-4.2,-2.2,2.3,3.8,-0.9,-1.4,-0.6,0.3,-0.0,-4.1,-0.7,-0.8,0.9,-1.6,1.4,-1.1
2C7L510S3A,0,48.101355,11.637571,4443014.88,2777773.76,556.8,602.5,227,7492,2.3,0.88,0.32,32.69,348.96,-0.53,-0.103,0.842,-0.0,0.1,-0.32,0.18,0.4,0.2,-0.3,2.5,0.8,-0.9,1.5,1.8,1.0,1.3,2.7,2.6,0.9,3.1,4.2,4.7,2.6,3.3,0.7,-0.9,-1.2,-3.8,-4.1,-0.9,-1.8,0.6,-1.3,0.7,-1.8,-0.3,1.0,-0.5,-1.4,1.0,-9.6,-6.6,-7.9,-4.4,-5.7,-3.5,-1.6,-2.1,1.6,-1.2,0.8,-0.9,-2.9,0.6,-4.3,-0.2,0.2,-2.5,0.9,-2.3,-0.8,-1.2,-1.3,0.2,-2.0,2.7,-0.6,0.0,-0.9,-0.8,-1.0,-1.6,-3.7,-1.8,-0.7,-1.2,0.7,-1.1,-0.1,-1.0,-0.2,-0.3,1.2,1.4,0.2,1.2,0.8,-0.8,-2.3,1.3,-1.5,1.5,0.0,4.1,-0.1,3.6,0.0,2.4,1.4,-0.1,-0.0,1.2,-4.1,-0.1,0.2,0.4,0.9,0.8,0.6,0.0,-0.2,2.3,1.0,0.2,1.1,-0.0,2.6,-0.5,0.8,0.3,0.2,-0.6,0.6,1.6,-0.1,4.2,-0.1,-0.9,-0.2,8.3,-0.2,-0.5,-0.8,-1.0,0.7,5.4,1.3,1.5,-1.4,2.8,3.9,1.8,-1.6,-2.1,-2.8,1.0,0.4,3.5,2.1,4.7,-3.8,-1.5,-1.2,-1.9,-3.0,-3.0,-2.4,-0.2,1.1,3.6,-1.1,-1.3,-0.7,-0.3,-0.3,-0.7,-0.2,-1.9,-0.8,-0.9,-1.7,1.0,-2.9,-2.4,-1.1,2.7,-1.0,2.1,1.4,0.1,-0.5,-3.4,0.2,3.0,10.9,-0.6,-1.7,1.1,-2.7,-3.0,-3.0,-0.1,-2.2,-2.7,-2.2,0.3,-1.8,0.2,0.5,0.5,-0.6,2.9,1.0,2.9,-1.9,0.2,-2.1,-1.8,-1.8,-1.9,-1.3,-1.7,-2.4,2.8,-1.0,-1.5,-1.8
2C7L510S3J,0,48.101378,11.637747,4443027.93,2777776.59,541.4,587.1,227,7501,3.0,0.76,0.41,32.69,348.96,-0.53,-0.103,0.842,-0.7,0.2,-0.82,0.23,2.3,0.2,-0.3,1.3,-0.5,-0.7,0.4,-5.2,1.9,-0.9,-2.2,2.3,1.3,-4.2,1.9,-2.3,-3.2,-2.2,-3.6,0.0,1.5,-6.9,-9.8,-6.2,-4.2,-0.8,-4.7,-5.9,-4.2,-4.3,1.4,-2.8,0.0,2.5,-7.5,-4.4,-6.1,-2.1,-5.3,-5.6,-2.3,-3.3,-0.1,-4.3,-3.6,-3.9,-0.7,-2.8,-3.5,-3.4,-4.9,-2.8,-5.0,1.0,2.1,-0.8,-3.1,-6.0,1.0,-3.3,-0.6,0.6,-4.8,-0.2,-0.7,-2.5,-1.4,1.0,4.5,1.1,1.8,-2.9,-3.1,-0.6,-2.6,-1.2,-1.0,-5.7,-3.4,-3.2,-3.9,-4.7,-4.1,-5.3,-4.7,-2.7,-6.7,-3.6,-4.0,1.2,-6.1,-3.8,-2.6,-5.0,-1.0,-5.0,-6.8,-4.8,-1.6,-1.7,-6.9,-1.5,-3.4,-4.3,0.7,-3.3,-2.4,-0.9,-1.7,-1.2,-2.8,-6.3,-3.6,-0.1,0.7,-4.9,1.7,-2.3,0.9,-5.1,-0.6,1.2,-1.9,-0.7,-2.9,0.0,-1.5,-2.4,-1.0,-2.0,-6.0,-5.9,-2.7,4.5,-1.1,0.8,-3.4,-4.9,-5.2,-2.4,-5.7,-5.2,2.6,0.9,-5.1,-5.0,2.2,-5.8,-3.9,-3.2,0.8,0.8,5.6,-1.7,-5.2,2.2,-2.5,0.9,-1.5,-1.9,-3.4,-3.0,-5.6,-3.7,-5.1,-4.3,-7.4,-8.1,-6.7,3.2,-7.1,-2.4,-5.9,-3.2,-2.6,-9.0,-0.2,-0.6,0.7,0.8,-0.4,1.5,-2.2,-2.8,-4.4,-4.5,-3.0,-3.4,-6.6,-1.2,-5.4,-3.3,-6.8,-14.3,-18.8,-18.0,-17.4,-15.8,-8.0,-6.4,-6.3,-8.6,-7.2,-6.2,-8.3,-7.9,-6.7,-3.0,4.8,-0.5,-0.7
2C7L510S0B,0,48.099954,11.626511,4442194.32,2777599.86,532.7,578.4,227,7307,4.0,0.73,0.44,32.64,348.96,-0.529,-0.103,0.842,-0.4,0.2,-0.23,0.31,0.6,0.3,-0.3,-2.3,3.7,0.8,-0.3,2.3,-3.1,1.0,-0.4,-0.7,-3.5,0.5,-0.5,3.7,3.1,5.4,-4.8,-3.3,-3.9,-0.5,-1.5,8.4,0.7,-2.7,-0.6,-5.2,2.4,-3.9,-0.2,-4.7,-9.6,-5.8,-4.0,-3.5,-3.3,0.1,2.7,13.6,5.3,2.6,2.5,-5.4,3.1,-2.7,-2.1,5.6,13.3,-0.3,1.9,-4.7,2.9,5.6,-0.2,3.8,-0.6,1.3,-2.2,4.9,0.5,1.1,-0.8,-0.3,-0.5,1.7,0.0,-2.9,2.0,-0.5,0.9,2.2,0.5,-0.3,0.6,-0.4,1.6,-0.1,3.4,4.3,0.4,2.3,-1.4,-3.3,2.1,-1.1,15.5,-3.1,2.3,1.0,3.9,0.2,-4.8,-1.2,1.2,-2.7,-2.7,-3.8,-0.8,-1.3,-2.2,-1.0,-1.4,-1.9,-4.2,-2.7,-3.7,-2.0,-1.7,-2.0,-2.6,4.6,-1.3,-3.1,-1.8,14.0,0.5,3.3,-4.2,-1.8,-2.6,1.3,0.0,-4.8,-3.0,1.3,-1.9,-8.9,14.6,2.0,-1.3,-2.1,1.7,-5.0,-2.2,-4.5,1.9,0.9,-0.5,-0.3,3.6,4.5,2.4,0.8,3.6,2.5,-6.4,-0.1,-2.1,-8.8,0.1,-0.6,-0.9,16.2,-2.6,-3.7,-4.2,-7.2,0.0,-0.9,8.1,9.2,0.5,-6.1,-6.9,-6.0,-0.9,-0.4,2.9,-6.2,-8.0,-0.7,-2.2,-2.5,-2.3,-8.3,-5.0,-1.1,1.4,-1.3,-2.1,2.8,0.7,-3.8,1.9,3.6,0.5,4.2,1.5,-3.1,-0.8,0.3,-1.6,2.3,1.2,-1.9,-2.9,-0.1,-0.7,-4.1,-4.2,-5.0,-1.0,-2.0,-1.6,3.8,-3.3,-1.3,-1.5,-1.5,-6.1
2C7L510S0n,0,48.100253,11.62884,4442367.06,2777636.9,539.1,584.8,227,7345,4.2,0.83,0.36,32.65,348.96,-0.53,-0.103,0.842,-0.4,0.2,-0.06,0.32,1.3,0.3,-0.3,-1.5,-0.7,-0.1,1.5,-1.4,1.1,-0.7,-1.5,-2.8,2.1,-1.3,1.5,-2.1,-1.1,0.3,-0.2,1.2,4.7,5.6,3.0,-4.0,2.5,-1.8,-0.3,3.7,4.8,3.8,6.8,-0.4,-4.1,-8.0,3.7,-0.2,0.2,-1.8,-0.2,0.2,0.9,2.0,3.1,22.2,21.2,1.4,3.1,-3.2,-1.1,-6.6,-2.3,-1.8,-4.1,-3.9,-2.4,-1.1,-2.9,-0.6,-1.0,-1.8,-1.1,-0.8,-1.0,-2.0,-0.7,2.5,-1.6,-0.3,-1.2,-2.1,-0.5,-2.7,-1.5,-1.3,-0.6,-1.3,-4.2,-2.2,-0.4,-3.2,-1.9,-2.4,-0.1,-4.6,-1.7,-2.3,-1.7,-0.8,-0.1,-4.1,0.5,2.5,2.4,-0.1,-3.7,18.9,0.7,-3.9,-4.1,-1.6,-1.9,0.2,3.4,-3.7,0.2,3.3,1.6,2.4,0.6,-2.1,-3.7,-2.7,-1.8,-2.3,-3.2,-1.2,-1.7,0.2,-1.8,0.4,-0.5,-0.5,-0.1,0.0,-2.1,-1.4,-2.3,0.7,2.0,-2.1,0.4,0.7,0.8,4.3,-1.1,16.3,-1.6,-1.7,-3.2,1.1,3.2,9.2,0.0,20.1,-2.7,-5.1,-2.3,-2.3,-0.7,1.4,-0.8,-1.4,2.7,-1.0,-1.0,-1.9,-0.0,0.5,-2.0,-2.2,-1.6,0.0,1.8,3.6,3.7,-1.9,-4.4,-1.8,-1.0,4.5,-7.2,-4.6,-4.8,-2.5,0.1,-3.6,-3.6,-2.1,-1.4,-1.5,-0.4,-0.4,-0.6,-2.9,-1.6,-4.2,0.0,-1.4,0.4,-0.8,6.7,-2.0,0.6,-2.2,-1.5,-1.8,-7.9,-3.3,-2.1,3.7,20.4,-5.2,0.5,-1.6,-7.5,-3.0,-2.8,-2.2,-3.7,-2.5,-4.1
2C7L510S1M,0,48.100522,11.630938,4442522.77,2777670.29,545.7,591.4,227,7380,3.5,0.67,0.42,32.66,348.96,-0.53,-0.103,0.842,-1.2,0.2,-0.3,0.27,2.7,0.2,-0.3,1.2,1.8,-0.5,-2.4,-6.2,3.6,5.8,3.5,-4.2,3.3,-0.3,3.3,-5.7,6.2,6.5,5.1,8.2,1.2,12.7,2.7,5.5,10.6,6.9,9.1,7.3,6.8,7.7,5.6,5.5,7.5,5.2,3.7,8.4,5.1,2.2,-1.9,10.3,-0.3,6.3,3.0,6.5,7.4,10.9,9.4,0.1,-0.1,4.7,3.0,9.0,0.2,7.5,4.1,9.3,1.5,-2.0,2.5,-0.3,0.2,-1.0,-1.0,-3.0,0.4,-0.1,0.1,1.3,-1.7,-0.3,2.8,3.9,1.0,7.3,11.1,9.1,9.1,8.9,9.8,11.4,9.9,10.0,6.4,7.7,7.8,7.0,8.6,7.7,10.6,11.8,7.9,8.3,7.9,9.1,9.9,-2.1,1.7,-0.1,0.2,1.0,3.3,9.8,4.3,2.8,7.4,0.3,6.4,0.2,1.0,4.8,-4.3,2.9,2.2,-0.4,0.8,0.9,0.5,2.0,0.0,-4.2,-1.8,-3.5,3.7,-0.4,1.4,-0.7,1.1,2.2,6.2,3.7,1.8,9.7,-6.0,4.0,1.8,7.6,0.6,-4.8,-1.8,3.4,4.2,3.0,4.4,2.0,-2.0,-3.5,-2.3,0.7,1.1,-7.7,1.6,1.6,0.7,-10.4,-0.7,1.5,3.0,3.4,2.6,-0.9,0.9,3.0,2.2,5.2,1.5,3.9,-1.5,-1.3,-0.4,1.4,0.5,3.2,1.1,-0.4,-1.5,-0.2,-2.4,1.4,1.5,-3.0,0.3,-16.4,0.4,-1.5,-0.1,3.7,0.6,0.9,1.6,2.6,3.6,3.5,-4.7,-2.1,0.1,0.6,-3.1,-3.2,-5.0,2.7,2.7,-1.5,1.8,-1.5,-1.7,-1.1,-2.9,1.5,-5.3,-3.6,-0.6
2C7L510S2U,0,48.101027,11.634866,4442814.2,2777732.81,542.1,587.8,227,7450,4.5,0.63,0.5,32.68,348.96,-0.53,-0.103,0.842,-0.6,0.2,-0.39,0.34,0.7,0.3,-0.3,-5.7,2.7,-0.3,3.2,-3.4,-9.1,-0.1,-1.7,0.8,1.1,-0.7,-4.5,6.8,6.6,3.5,4.1,4.2,6.2,0.8,2.4,-1.6,1.7,0.2,3.9,-7.4,7.7,3.1,-3.4,-1.9,-6.6,-1.0,-1.0,-2.3,-3.0,1.8,3.6,14.7,10.4,1.6,-9.4,1.8,-3.1,13.6,2.4,7.3,7.6,-3.0,-4.0,4.0,-2.1,5.0,5.2,5.6,6.4,-6.9,5.7,-6.3,14.3,11.4,-7.4,-4.9,7.1,3.5,2.9,1.6,15.0,-3.5,2.2,9.8,5.5,-9.2,1.5,-5.2,4.0,2.5,1.7,3.9,1.1,10.9,2.7,0.8,1.2,2.8,2.9,2.3,2.3,2.2,4.4,2.7,1.6,-0.8,-4.6,-1.8,-0.1,0.2,-1.5,-2.3,2.9,3.0,0.8,3.1,1.3,4.5,2.0,4.8,5.6,3.0,0.4,2.4,1.7,1.1,-0.6,0.2,-2.2,-0.8,-6.0,-4.6,1.8,-3.7,3.2,-2.8,2.8,-4.3,3.7,3.3,7.0,-3.0,3.1,-0.4,-0.0,3.7,0.2,-2.7,0.0,-0.7,-1.2,0.5,-0.6,4.0,2.3,-3.1,-5.6,0.6,2.6,1.4,12.9,0.3,-2.4,0.6,0.2,2.1,3.8,1.6,2.8,2.2,1.6,-4.1,-3.9,4.5,0.3,-0.6,-1.5,-1.0,-2.0,6.4,-4.0,1.8,-2.1,0.0,3.0,-0.7,-5.7,-10.5,-1.6,-2.9,-4.7,-4.1,-4.2,7.4,0.0,2.3,1.7,1.4,-4.0,-0.4,0.8,-6.0,1.2,-0.3,-0.8,-2.1,-6.2,-0.0,-5.9,-1.4,-1.5,0.2,2.8,-4.7,-4.2,-4.3,-14.0,-0.4,-5.1,12.0,9.0,2.8,3.3
2C7L510S2n,0,48.101178,11.636046,4442901.67,2777751.57,547.8,593.5,227,7469,4.1,0.61,0.44,32.68,348.96,-0.53,-0.103,0.842,-0.7,0.2,-0.15,0.31,3.3,0.3,-0.3,-0.8,1.8,2.3,2.2,0.5,-7.4,1.5,1.3,3.4,-4.3,0.3,-7.4,2.3,2.6,4.7,5.0,7.2,8.5,0.2,4.0,4.5,6.1,8.5,7.7,0.5,6.6,2.9,19.1,4.1,1.9,8.1,-1.1,8.2,0.7,0.8,9.0,9.0,3.2,5.9,9.1,7.4,2.1,2.2,17.5,5.6,5.7,-6.9,1.9,2.3,1.3,1.9,1.4,4.2,3.8,3.4,5.6,-1.7,2.1,1.9,-1.9,-0.1,1.8,0.4,0.0,-7.1,-3.7,-1.0,-3.4,0.5,2.0,-6.3,0.7,-0.8,-1.2,-0.1,4.3,-3.6,-0.5,5.4,16.5,2.1,3.9,2.8,2.8,2.9,4.2,6.6,5.2,3.9,6.6,3.7,2.1,0.1,4.4,5.8,6.8,-1.0,10.1,6.8,1.2,3.6,10.1,6.1,5.9,4.2,5.7,3.9,2.9,3.3,4.0,5.9,1.9,3.8,0.6,0.0,-5.1,-0.6,-0.0,1.2,-0.5,-11.4,1.2,-2.4,2.0,3.5,-0.2,-2.2,7.0,7.1,4.5,4.0,5.2,-4.9,7.4,8.9,3.9,4.3,7.1,7.0,3.5,13.4,-0.9,2.0,3.6,-1.9,-1.9,-4.2,-2.6,-2.2,-0.5,-11.1,-0.4,2.1,1.6,3.3,-1.0,13.2,-0.8,6.2,6.7,8.1,7.4,4.2,5.3,5.6,-5.3,5.8,-2.6,1.5,5.3,6.8,4.6,-8.2,-8.7,2.8,-5.2,-4.3,-1.3,-15.1,-2.0,1.2,-6.9,-5.3,5.3,5.8,3.8,-11.5,3.4,2.6,1.9,4.3,-1.4,-3.7,3.5,3.5,3.0,1.4,0.1,-1.1,4.4,1.5,-0.9,2.7,0.7,1.6,-4.6,0.3,0.5
2C7L510S2s,0,48.101186,11.636104,4442906.04,2777752.53,536.8,582.5,227,7474,2.7,0.83,0.46,32.68,348.96,-0.53,-0.103,0.842,-1.1,0.1,0.07,0.21,0.5,0.2,-0.3,0.1,-0.3,0.0,1.1,0.6,-0.5,1.4,3.9,3.7,0.8,1.6,2.5,0.0,1.7,0.5,2.2,-1.5,0.2,-4.0,-2.8,0.2,-1.9,-3.8,-1.4,1.2,-1.5,-0.1,2.5,1.8,-0.6,6.3,-6.0,-0.4,-6.8,-2.4,-4.9,-0.6,-2.4,-3.4,-1.5,0.3,-2.1,-1.6,-2.0,-0.6,-0.2,-0.8,0.4,2.1,1.9,2.3,1.3,2.1,1.7,0.7,1.5,-0.1,1.7,2.0,1.7,0.4,1.5,0.3,1.5,-0.6,-0.5,0.9,3.0,2.7,1.2,0.3,0.8,-0.2,2.6,2.2,1.0,2.1,1.3,1.4,-0.2,1.2,2.0,1.7,3.3,0.7,-1.4,-0.9,-2.3,-4.2,-0.7,0.5,-2.3,-2.4,-3.5,-3.7,0.3,-4.7,-0.9,0.2,0.7,1.5,2.7,1.4,2.8,0.5,0.2,-0.2,0.7,-1.0,0.1,-2.3,-0.3,2.2,2.0,-0.2,1.1,-1.2,-1.4,-0.7,-0.0,-4.1,0.8,-1.5,-1.8,-0.0,0.1,-1.5,-2.1,-1.6,-0.1,-0.9,-0.9,-1.1,-3.4,-0.9,-13.1,-8.0,-0.6,0.2,-0.7,-1.8,-2.0,-4.8,-7.1,-4.8,-3.0,-3.8,-3.8,-6.0,0.2,-6.9,-9.2,-5.6,-4.6,-7.6,-1.0,-3.1,-4.1,-2.5,-1.4,-1.9,-3.8,-2.0,-6.0,-7.1,-5.2,-3.4,-10.3,-5.5,-5.3,-3.0,-5.5,-3.8,-1.3,-2.5,-1.3,1.2,-2.6,-3.4,-2.1,-2.6,-4.4,-6.7,-5.2,-7.1,-6.0,-8.5,-1.0,-4.3,-3.3,-5.6,-1.0,-5.9,-5.8,1.0,-4.3,8.5,0.5,4.3,2.5,1.6,-1.5,-7.5,-4.7,-4.9,-4.5,-12.8,-8.9
2C7L510S0h,0,48.100214,11.628393,4442333.88,2777631.86,536.4,582.1,227,7339,3.3,0.77,0.42,32.65,348.96,-0.53,-0.103,0.842,-0.3,0.2,0.53,0.25,0.5,0.2,-0.3,-3.2,0.3,-2.5,-0.8,-2.0,0.7,-4.0,-1.7,-3.6,1.3,-3.3,2.4,13.2,-0.5,-1.9,-1.4,-3.1,-3.0,-2.3,3.3,4.2,0.3,-0.9,-0.3,4.9,-1.9,3.7,2.4,0.3,-4.5,-7.7,-1.6,-12.7,-5.8,-1.3,-4.2,3.0,-5.9,3.8,-3.3,-2.9,-5.4,7.1,-2.4,-6.9,-5.0,2.3,-1.2,7.3,0.6,3.0,-2.6,4.6,-4.5,-1.0,0.0,-0.7,1.5,0.5,1.3,-1.3,-2.1,-0.4,-6.3,3.7,0.9,-3.5,2.6,-4.2,-3.5,-2.8,-3.3,-0.9,0.3,-7.9,-2.1,-4.1,-1.1,-0.2,-1.4,-3.3,-1.6,-4.1,0.0,-5.0,-1.2,0.4,0.7,0.4,2.2,-4.3,-3.2,-0.4,1.5,-0.8,-2.4,-3.9,-3.8,-2.3,-3.7,2.2,-3.2,5.2,-4.3,-3.9,-2.7,-5.9,-3.0,0.6,-4.5,-1.7,-8.2,-4.4,-5.2,-3.1,-6.9,-4.3,-3.7,3.0,-1.3,-2.7,-3.8,-3.7,0.6,-3.1,-2.5,-2.7,-1.0,-3.8,-3.0,-6.9,-1.4,-1.9,-2.0,-5.7,-3.7,-0.4,2.3,0.8,1.6,-3.3,-2.8,-4.6,-11.7,1.1,-1.1,-5.9,-2.0,-2.7,-1.7,-3.6,-3.4,2.6,-1.2,3.1,-4.3,-4.8,-7.5,-1.9,-1.5,-4.4,-0.7,-2.7,-4.7,-2.9,-0.0,-4.1,-8.1,-1.0,-3.3,-1.4,-1.8,-5.3,3.5,-1.9,-0.1,0.3,-0.7,-3.7,-4.4,1.3,3.5,4.3,0.5,-8.2,-2.9,2.1,-2.0,-1.5,-3.0,-12.8,-2.9,-2.1,0.2,-5.2,-8.1,-4.4,-4.6,3.1,-5.1,-1.0,0.7,-2.8,-2.1,0.7,2.3,-2.3,1.6
2C7L510S2q,0,48.101214,11.636183,4442911.8,2777755.81,546.4,592.1,227,7472,1.9,0.91,0.33,32.68,348.96,-0.53,-0.103,0.842,-0.4,0.1,-0.14,0.15,0.3,0.1,-0.3,-1.1,-1.0,-0.5,-0.6,-3.6,-0.6,-2.1,0.8,-1.4,2.1,-0.3,3.5,-1.3,-0.1,2.8,1.1,0.0,-0.0,-2.1,-2.5,-3.0,-0.5,-0.1,0.7,3.1,0.6,-0.3,3.6,2.1,-0.9,1.7,-6.2,-3.3,-6.5,-0.7,-2.7,-1.1,-0.5,1.0,-0.7,-1.7,1.5,0.2,1.1,-0.3,-1.0,0.9,1.9,-2.1,-1.5,-0.7,0.8,-0.4,-1.3,0.1,-1.3,-0.2,-1.8,-1.3,-1.5,-1.4,-1.3,-4.8,-3.1,0.6,1.0,-4.7,-2.6,-1.8,-2.3,-1.7,-2.6,-1.8,-0.9,-0.1,-0.8,1.3,1.2,0.2,-0.2,-2.0,-1.0,-1.3,-2.4,-2.9,-3.6,2.2,-0.5,-2.2,-2.8,-1.5,-7.3,-5.8,-5.8,-0.2,-2.3,-0.8,-0.9,-1.5,-0.0,-2.7,-1.5,-0.0,0.8,-0.1,0.8,-0.9,0.4,-1.5,-0.8,-0.6,-0.5,-0.5,-2.4,0.4,0.4,0.1,-1.5,0.4,1.9,-2.0,-0.8,-0.4,-2.6,-3.5,-0.6,-2.7,-3.1,-4.1,-1.4,1.0,1.7,4.3,-1.8,-1.9,-1.8,0.4,-1.4,5.1,5.0,2.3,-1.3,-0.9,0.5,0.0,-0.8,0.9,-1.3,-2.3,-0.4,2.0,-4.8,-2.2,-1.9,-2.9,-1.9,-1.5,-0.2,-0.2,-1.8,-0.9,-0.7,-2.1,-1.6,-3.0,-2.4,0.1,-3.7,-4.1,-0.2,-1.6,-1.9,-3.8,-3.2,-0.5,-1.7,-2.6,-2.4,-1.7,-2.0,-2.8,-0.0,-2.4,-1.2,-3.8,-3.6,-3.4,-1.8,-2.3,-1.5,-2.9,-2.9,0.9,-3.0,0.5,1.0,-0.4,-1.3,-7.2,-3.7,-5.0,-5.0,-2.7,-2.1,0.3,-2.2,-2.1,-3.1
2C7L510S2t,0,48.101215,11.636184,4442911.91,2777755.85,537.9,583.5,227,7475,2.5,0.82,0.42,32.68,348.96,-0.53,-0.103,0.842,-1.0,0.1,-0.19,0.2,1.9,0.2,-0.3,-5.8,-2.4,-1.9,12.6,2.2,-1.5,-0.0,4.0,2.0,0.0,-1.0,-5.1,-5.3,0.1,2.0,2.0,0.1,-1.0,-1.9,-3.6,-0.4,-0.7,-2.4,-0.7,0.8,-1.0,-0.4,-1.5,-0.4,-2.8,1.4,-5.4,-4.5,-8.2,-5.7,-5.5,-1.8,-2.9,-3.8,-2.7,-3.9,-2.8,-1.9,-2.2,-1.6,-1.7,-2.6,-0.7,-0.5,1.7,1.5,0.7,3.2,2.2,-0.7,0.1,-0.9,-0.5,1.1,1.9,-1.3,-0.9,-4.1,0.5,-1.1,-1.5,-1.5,-0.1,2.5,1.1,1.1,0.1,-0.6,2.0,1.2,1.3,1.6,0.1,-0.1,-0.4,0.0,-1.2,0.2,0.5,-2.2,-1.3,-4.9,1.6,-5.1,-1.4,-3.3,-5.6,-5.3,-5.9,-7.5,-5.3,-4.7,-4.1,-1.1,-5.0,-3.4,-3.4,-0.4,-1.4,-0.7,-3.1,-5.4,-2.2,-5.1,-1.8,-3.7,-1.9,1.0,-1.7,0.7,-0.1,-1.4,0.3,0.7,-0.0,-5.5,-0.4,0.5,-1.2,-2.3,-1.3,-0.3,-2.3,-2.9,0.2,0.5,-3.7,-0.9,-7.9,-2.9,-9.7,-8.0,-3.3,0.3,-1.3,1.0,-4.9,-3.3,-6.6,-1.5,-1.3,-4.8,-1.1,1.5,-1.7,-5.4,-9.7,-0.5,-1.1,0.9,1.4,1.4,-3.2,-1.7,-2.2,-4.9,-9.1,-3.8,-7.2,-8.8,-5.3,-4.9,-10.7,-7.7,-7.1,-5.8,-5.6,-3.3,-2.1,-1.8,-1.6,-2.1,-3.6,-2.4,-4.2,-5.0,-3.7,-6.7,-5.0,-9.1,-10.8,-12.4,-2.1,-6.2,-5.5,-8.0,-7.4,-9.4,-8.4,-3.8,-5.1,-6.8,-7.1,-2.2,-6.4,-6.5,-4.9,-1.2,-3.6,-3.5,-2.5,1.1,-1.9
2C7L510S2u,0,48.101204,11.636099,4442905.56,2777754.5,530.9,576.6,227,7476,3.1,0.8,0.4,32.68,348.96,-0.53,-0.103,0.842,-0.7,0.2,0.25,0.23,0.4,0.2,-0.3,-0.7,-2.0,0.1,-2.1,-1.1,-2.2,-0.1,-1.6,0.8,0.2,-1.2,0.9,-1.3,1.2,2.7,2.5,0.5,3.2,-0.5,-3.8,1.9,-1.0,-1.1,2.1,3.4,-0.8,2.3,0.0,-1.1,-0.2,4.2,-1.1,-1.5,2.2,2.0,3.7,3.1,-0.1,8.1,-1.5,-1.6,-2.3,4.3,12.5,3.6,-0.8,-4.3,-2.3,0.0,0.5,1.1,1.4,2.6,3.2,-0.3,-12.0,-3.2,-4.8,-0.4,-1.2,-2.0,-2.2,-4.7,-1.0,0.6,-2.1,-0.6,2.4,4.4,0.2,-0.1,1.2,3.4,0.2,0.1,3.8,5.4,1.9,-1.8,-1.1,-0.0,-4.0,0.7,-0.1,0.9,-11.8,-7.8,-1.2,-1.2,2.2,-6.2,-2.1,-3.2,-3.3,-3.2,-1.5,1.6,1.7,2.3,-3.6,-3.4,-1.5,-2.3,2.9,-0.4,-2.6,-6.9,-3.3,-5.4,-3.8,-0.7,-0.0,-1.2,-0.8,-1.4,-4.7,-8.7,-4.0,-2.7,-3.4,-4.1,-3.6,1.1,-4.2,0.8,3.3,1.8,-0.5,-2.8,-0.7,2.1,1.2,-0.1,-1.6,-1.3,0.3,0.8,3.5,1.6,1.5,-1.3,-3.9,-0.3,-2.8,-0.5,-2.6,-2.1,1.0,-2.1,-5.3,-9.1,0.1,8.9,-3.2,4.2,-1.9,-0.9,-5.0,3.3,-4.1,-1.0,-3.2,-4.0,-5.0,-4.4,-4.0,0.3,-5.3,-2.8,-8.9,-3.1,-2.6,-3.7,0.4,-1.8,1.4,-1.7,-2.7,-3.9,-1.3,-5.5,-4.0,-5.6,-5.5,-0.3,-1.1,-4.0,0.9,-5.7,1.2,-7.0,-3.3,-3.7,-4.5,-6.2,-2.1,-5.0,4.3,-0.7,-5.0,-3.9,-1.4,-2.5,-2.6,0.4,-0.7,-0.1,-1.3
2C7L510j5t,0,48.101223,11.636107,4442906.12,2777756.68,540.2,585.9,228,7473,1.7,0.92,0.27,32.68,348.96,-0.53,-0.103,0.842,-0.4,0.1,0.12,0.13,0.7,0.1,-0.3,0.4,-0.9,-0.6,-0.1,0.2,0.8,-0.1,0.5,0.3,1.4,0.7,2.9,0.2,1.5,0.3,0.4,-1.1,-1.4,-2.5,-3.8,-2.5,-3.2,-0.2,-1.0,1.5,-0.3,0.0,1.9,3.0,-1.7,2.7,-6.2,-3.3,-7.2,-0.8,-3.1,-3.2,-2.2,-2.6,-2.9,-1.1,0.7,-2.3,-1.2,-0.3,-0.7,0.9,0.8,-0.7,-0.1,-0.2,0.8,-0.2,-0.8,-0.5,0.1,-0.7,0.2,0.1,-0.6,-0.3,0.2,0.3,-0.6,0.1,0.0,-0.5,3.6,0.0,-0.8,0.3,-0.5,-0.1,-0.3,-0.2,-0.6,1.0,0.1,-1.1,-2.9,-3.0,-1.9,-1.9,-0.9,-0.9,-4.6,1.5,-3.2,-2.1,-1.2,-1.0,-3.9,-2.1,-5.0,-1.4,-0.7,-0.1,-0.1,0.4,1.1,1.5,-0.4,-1.4,2.4,-0.9,0.6,-0.5,0.7,-1.4,-0.3,0.3,0.0,0.4,-0.7,0.3,-0.6,-0.7,-1.8,-1.2,-1.8,-1.1,-0.4,-0.5,-1.9,-1.7,0.2,-0.9,-2.0,-3.4,-3.1,-1.1,2.0,2.1,-2.6,-4.7,-2.1,-2.1,-2.5,1.2,1.3,0.2,-2.4,-2.7,-1.1,-2.9,-1.0,0.8,-0.8,-1.8,-1.2,-0.9,-4.3,-1.3,-1.3,-3.0,-1.1,-1.6,-2.0,-2.9,-3.4,-2.2,-2.8,-2.8,-3.8,-5.2,-0.9,-1.3,-5.4,-3.7,-2.7,-2.5,-4.3,-2.7,-1.3,-1.2,-1.9,-1.2,-1.4,-3.1,-1.9,-1.5,-2.4,-1.3,-1.4,-1.6,-1.0,-3.6,-4.7,-3.9,-2.3,-5.3,-2.2,-3.1,-4.1,1.7,-1.9,1.8,3.2,7.3,-4.8,-3.4,-3.1,-1.3,-1.4,1.0,-1.0,-2.6,-2.8
2C7L510j6K,0,48.101415,11.637598,4443016.77,2777780.42,537.7,583.4,228,7500,2.2,0.84,0.38,32.69,348.96,-0.53,-0.103,0.842,-0.1,0.1,-0.75,0.17,1.9,0.1,-0.3,-1.3,-0.2,-3.9,-1.6,-3.4,3.1,-1.8,1.9,0.2,3.2,-3.1,3.8,-2.5,-2.0,-0.9,0.4,-2.7,-2.7,-3.6,-5.4,-4.4,-3.2,-0.9,-3.4,-3.5,-2.6,-2.2,2.5,-1.8,-1.2,1.6,-4.6,-5.1,-2.7,-6.5,-3.0,-5.0,-6.2,-2.1,-1.6,-2.9,-1.2,-3.9,-2.2,-5.5,-2.0,-2.8,-1.4,-1.2,-1.8,-1.2,-0.1,-1.0,-2.0,-1.7,1.6,0.5,0.6,-0.1,-0.7,2.1,0.4,-0.9,-0.7,3.8,2.4,2.2,2.2,0.7,-1.5,1.4,-0.5,-0.8,0.1,0.2,-2.1,-2.9,-1.6,-3.5,-2.7,0.6,-2.1,-2.4,-4.2,-1.3,-4.8,3.2,-4.3,-2.4,-2.5,-3.8,-1.7,-2.8,-5.2,-5.4,-4.5,-1.1,-4.1,0.9,-4.5,-3.5,-1.7,-3.8,-2.1,3.4,-2.1,-2.9,-1.9,-1.9,-4.0,-0.4,-1.0,1.8,-2.8,-1.3,-0.5,-2.9,-0.2,0.8,-0.2,1.5,-0.6,0.2,0.1,0.9,0.1,-1.3,-4.6,-4.3,-0.2,-0.1,0.3,2.7,-4.4,-3.2,-3.1,0.2,0.1,-1.4,0.8,1.8,-2.7,-1.7,2.1,-0.9,-0.8,1.0,2.4,1.5,-2.1,2.3,1.3,4.0,0.9,1.5,-0.8,-0.4,-0.9,-1.4,-2.8,-1.5,-0.1,-1.3,-3.3,-2.3,-2.0,-2.3,-5.2,-3.6,-2.1,-2.5,-3.2,-4.1,2.6,1.9,3.9,0.9,2.1,-0.1,0.1,1.6,-0.4,-3.7,-2.0,1.6,-3.9,-0.2,-2.7,-6.3,-8.5,-7.8,-3.2,-10.3,-8.6,-5.5,-8.4,-2.9,-4.4,-3.9,-4.5,-2.4,-4.0,-1.3,-0.3,2.8,4.2,-13.3,-1.0
2C7L510j44,0,48.100402,11.629562,4442420.55,2777654.6,535.9,581.6,228,7360,3.2,0.77,0.43,32.65,348.96,-0.53,-0.103,0.842,-1.4,0.2,-1.08,0.24,1.2,0.2,-0.3,-0.2,-0.2,0.1,0.0,0.9,-0.2,0.9,-0.6,0.7,-2.2,-0.1,0.7,-1.1,1.0,0.3,1.4,1.9,0.5,0.8,2.6,4.9,3.6,2.4,3.0,3.1,3.1,0.4,0.6,1.7,-1.3,-0.6,-2.0,-3.2,0.5,0.6,1.9,1.9,2.1,4.9,0.1,0.3,0.3,0.1,2.6,-0.9,1.3,-1.4,-0.9,-1.9,-1.2,-1.5,-1.1,-1.3,1.1,-1.6,1.0,-0.8,-0.8,-1.4,-1.8,-2.2,2.1,2.3,-1.7,1.8,-2.0,-3.2,1.4,0.2,0.8,-0.6,-0.6,3.2,-1.8,0.1,0.1,0.4,-1.8,0.6,1.5,-4.5,-0.2,1.7,3.1,7.5,-1.8,2.2,0.4,-0.0,2.0,-1.2,-2.4,-1.9,2.4,0.6,-1.4,1.2,2.3,1.4,0.6,-2.5,2.7,1.5,2.0,1.1,0.4,2.8,-1.2,0.6,-1.2,1.7,-1.3,0.5,-0.9,-0.6,-2.8,-2.4,0.0,-1.1,0.6,-2.2,-2.1,-1.7,-0.8,0.5,-0.6,-0.8,-0.6,-0.5,-1.5,-2.6,0.1,0.9,-0.6,-3.2,-1.4,-0.5,3.9,1.9,-0.1,1.0,-1.6,-1.9,-9.1,-9.5,-4.3,-4.7,-2.6,-3.0,-0.7,-5.3,-3.9,1.6,-4.0,1.0,3.9,-2.6,1.2,-1.5,-0.9,-0.7,1.1,-0.9,-0.3,-1.4,4.1,2.8,-3.0,-2.7,0.8,0.0,-0.7,-5.8,2.3,-6.2,-11.4,-11.0,-8.7,-4.5,-12.6,8.3,-6.3,5.0,-10.0,10.6,0.2,-7.3,-9.5,0.3,-3.1,-11.4,-4.2,-6.0,-5.3,-5.8,-9.8,-7.5,-4.3,-10.9,-10.9,-10.2,-5.3,-12.5,9.2,-16.7,-10.9,-12.5,-14.1
2C7L510j5F,0,48.10096,11.63391,4442743.13,2777723.78,544.0,589.7,228,7433,3.4,0.78,0.4,32.67,348.96,-0.53,-0.103,0.842,0.1,0.2,-0.41,0.26,0.8,0.2,-0.3,-1.2,-1.0,-3.2,-0.1,-1.2,-2.6,0.1,-1.1,0.1,1.1,-1.6,-1.1,-1.6,-1.0,-0.7,-2.6,-0.9,1.2,-1.6,-2.1,-1.0,-0.5,0.3,0.6,0.9,0.8,0.8,1.6,-0.1,-3.7,2.1,-3.8,-2.8,-4.0,-2.5,-4.8,2.9,4.4,-1.0,-1.7,4.2,0.9,-1.1,2.0,-1.4,1.3,3.6,-0.2,-3.5,-1.9,1.7,2.6,1.9,1.3,-0.8,2.1,10.1,0.4,0.4,-1.0,0.1,1.9,3.0,0.7,15.3,0.5,1.4,1.0,2.5,-3.9,12.6,1.0,-0.7,-11.7,-3.9,13.2,-3.7,-6.3,1.2,2.6,-1.6,3.9,1.0,10.1,3.6,-1.0,1.2,-0.3,-3.6,-2.3,-2.1,2.7,-4.1,-2.6,-1.0,-4.7,1.5,2.4,2.7,1.9,0.9,-1.3,-4.6,3.0,5.7,-2.6,1.0,4.2,2.6,0.1,-2.4,0.2,-3.4,-5.3,-1.6,3.1,0.9,-0.9,-0.4,1.1,-0.6,-2.8,-0.4,-1.2,2.6,1.1,-0.6,0.1,-1.4,-4.3,-1.2,-5.7,0.9,-2.8,-4.8,0.2,-4.1,2.0,5.2,7.2,1.4,5.1,2.6,-0.5,4.2,2.1,15.3,0.7,0.9,-1.8,3.4,2.1,-0.5,0.9,0.7,5.0,2.6,1.8,-2.2,1.2,0.6,-2.5,-4.6,-1.0,0.0,7.1,1.8,-3.2,2.1,2.0,-0.1,6.5,-5.2,3.2,6.1,-2.4,-0.0,2.5,-3.4,-5.6,-1.3,4.8,2.9,3.8,-1.9,1.3,2.9,-0.6,0.2,-0.9,-0.7,1.4,1.4,-2.8,-2.9,0.0,2.1,0.6,-2.6,4.0,-4.7,-1.0,-1.9,2.0,2.5,0.9,0.4,0.4
2C7L510j5R,0,48.101046,11.634581,4442792.87,2777734.45,543.4,589.1,228,7445,2.7,0.82,0.41,32.68,348.96,-0.53,-0.103,0.842,-1.2,0.1,-0.51,0.21,1.0,0.2,-0.3,-0.8,1.1,-2.1,3.6,2.2,-5.2,1.8,-3.0,-0.0,11.0,-2.8,-4.0,-4.6,-2.0,-4.2,-3.8,4.3,-0.8,-2.7,-2.5,-1.5,-4.0,0.2,0.6,-0.6,1.0,1.1,1.5,4.7,-0.8,-4.6,-4.9,-4.7,-3.4,-4.8,-4.9,3.0,1.1,-3.1,-0.5,1.3,4.6,1.1,-1.6,-0.2,-0.1,-3.6,-1.5,-0.6,-0.3,1.9,-0.5,0.7,-0.6,-0.8,-1.4,-3.0,1.5,0.8,-1.0,1.0,0.3,1.7,-2.2,-7.2,-5.6,-2.0,2.8,0.7,-0.1,-4.7,-0.7,-0.2,1.2,-1.9,-4.6,-2.6,-1.2,-1.9,-4.1,-1.8,-0.4,-8.0,-0.7,-0.0,-1.5,-2.4,-2.9,-2.1,-2.7,-1.2,-0.9,-0.9,-2.7,-0.1,-1.7,-2.4,-1.8,1.0,-1.8,-2.0,-2.3,-2.3,-1.8,-4.7,-0.1,1.8,4.2,-1.5,2.0,-0.3,-0.1,-4.1,2.5,-0.6,1.5,-0.4,-1.4,4.1,-2.5,1.1,-0.2,-2.5,-4.6,-2.2,-1.9,-1.9,-1.0,-3.4,-1.5,-2.0,-5.1,-6.3,-5.1,-6.5,-1.0,-2.6,-3.9,3.9,4.0,-4.0,-3.1,-0.5,2.1,0.6,4.5,1.3,-4.7,1.8,-1.4,0.6,-5.0,-1.6,-4.6,-5.1,0.4,-0.5,-3.7,-7.7,-2.2,-3.8,2.8,-4.2,-5.9,-9.1,-4.5,-8.1,-6.2,-2.7,-5.5,-5.9,-6.6,-9.6,-7.3,-7.6,-4.1,-5.8,-2.7,-10.9,-3.2,-1.8,-3.4,-3.9,-4.8,-9.2,-4.9,-8.2,-4.4,-6.3,-11.1,-7.1,-2.4,-3.1,-8.8,-5.4,-4.3,-3.2,-4.7,-3.1,-4.7,-9.3,-2.0,-4.2,-5.9,-5.7,-8.9,-3.5,-4.2
2C7L510j5k,0,48.101183,11.635649,4442872.1,2777751.44,544.0,589.7,228,7464,2.7,0.83,0.41,32.68,348.96,-0.53,-0.103,0.842,-0.5,0.1,0.08,0.21,0.6,0.2,-0.3,1.4,2.6,-0.1,2.1,0.5,1.5,1.4,-0.0,0.7,1.2,1.3,3.5,0.3,2.8,0.6,0.8,0.8,2.7,-0.7,-1.9,-1.0,2.2,-0.4,2.0,1.3,0.6,-2.7,6.2,5.3,-4.2,-0.7,-4.3,-2.7,-2.0,-1.3,-3.8,-0.4,-1.5,-4.3,-2.4,0.0,7.7,-0.4,-2.7,1.1,-4.9,5.5,4.1,0.9,5.8,-2.1,-0.1,1.2,0.9,-0.9,-2.4,-5.0,-3.1,0.1,-2.4,-4.3,-1.6,0.8,-2.1,-0.0,1.2,-1.7,1.2,-0.9,0.2,2.2,0.5,2.8,3.7,1.2,1.1,1.7,-0.1,-3.6,0.6,-7.0,-2.3,3.7,-0.1,2.5,-0.7,0.3,5.3,4.1,3.0,-3.3,2.7,-2.9,-4.9,3.4,-0.9,13.3,3.1,1.8,-1.5,-2.5,0.5,-2.8,3.5,2.5,3.3,-0.6,3.7,1.3,-0.2,1.9,-0.3,-0.8,1.7,0.1,-4.0,-0.6,-2.0,-4.0,-4.6,-1.9,-3.3,-2.5,-4.3,-4.0,1.6,-0.1,1.1,1.8,1.5,0.1,-1.5,3.5,0.2,-2.1,-3.1,0.6,2.6,3.0,1.0,2.3,-6.3,-1.3,-2.9,-1.1,-1.7,-3.1,-2.2,-2.2,-4.3,-4.1,-2.9,-2.0,-1.7,-1.2,-3.5,-0.9,-2.2,1.7,-2.5,2.9,-5.0,-5.3,-1.5,-5.2,2.3,-1.1,-5.3,-2.8,1.7,-1.6,-4.2,-8.0,1.8,3.6,-1.9,-1.8,-2.9,-2.0,-2.5,-1.5,-1.2,-1.0,-1.8,-2.4,-0.7,0.4,2.6,-0.0,6.7,2.0,-0.5,-3.4,-3.6,-0.3,-1.6,-3.1,-3.5,-3.8,-2.4,-0.3,-2.0,1.0,-1.2,-3.7,-3.3,-1.5,-4.7
2C7L510j3J,0,48.100079,11.626906,4442223.41,2777614.38,536.2,581.9,228,7313,3.2,0.77,0.4,32.64,348.96,-0.529,-0.103,0.842,-1.0,0.2,0.52,0.24,1.0,0.2,-0.3,-0.3,-2.8,-2.6,-0.3,-2.6,-5.2,-1.2,-1.9,0.1,-0.8,-0.4,-6.7,-0.3,4.9,4.0,3.5,0.1,-1.4,2.5,-2.1,-4.2,1.3,-0.2,0.6,0.6,0.7,1.8,-2.8,-4.3,-6.1,-5.6,-3.6,2.1,0.5,-0.6,-0.1,-0.2,2.2,8.9,0.6,7.5,3.2,-2.0,2.2,0.0,2.2,-3.5,-0.2,1.2,-0.2,2.7,-1.1,-2.9,-1.6,-3.2,-1.5,-4.9,-1.9,-2.8,-3.4,-1.4,-0.4,-15.1,1.3,4.1,-1.1,-1.7,5.7,-0.9,0.2,-0.2,1.7,-5.5,0.6,-2.0,-0.6,0.5,-0.4,0.8,2.5,-1.6,-1.3,-1.5,-2.4,-0.8,-0.0,-1.1,-2.9,-0.5,-3.1,0.6,-9.7,6.0,-2.9,-8.0,-6.2,-6.6,-7.6,-5.3,-2.3,-5.3,-7.4,-8.7,-5.3,-7.8,-7.7,-6.0,-1.6,-5.1,-5.1,-6.0,-4.9,-2.4,-4.1,-5.0,-4.5,-1.1,-5.1,-2.2,-2.1,2.0,-0.7,-2.9,-4.2,-5.0,-2.9,-5.1,-3.1,-3.4,-7.0,-4.0,-2.9,-1.9,-8.2,-4.7,-6.0,-3.0,-2.9,-5.1,-3.3,-7.1,-3.8,-3.6,-2.3,-3.4,-2.5,-5.2,-2.8,-2.6,-13.0,3.6,-4.4,-6.1,-1.3,-3.2,-4.7,-4.0,-4.3,-3.0,-1.6,-10.9,-6.8,-6.1,-6.8,-9.3,-1.0,-4.3,-7.5,-5.0,-2.7,-3.8,-3.9,-8.1,-7.0,-4.1,-3.3,-2.2,-2.2,-3.3,-2.2,-1.2,-1.0,-1.8,-1.6,-0.7,-1.0,-3.3,0.1,-1.7,-7.4,-15.8,-5.8,1.3,-10.3,-3.4,-5.6,-11.5,-7.7,-2.4,-5.4,-10.6,-6.0,-5.8,-6.4,-2.8,-1.7,-2.4,-2.8
2C7L510j47,0,48.100478,11.630012,4442453.85,2777663.78,549.7,595.4,228,7363,2.4,0.87,0.47,32.66,348.96,-0.53,-0.103,0.842,-0.3,0.1,-0.19,0.18,0.4,0.2,-0.3,-1.4,-0.0,-0.0,-1.7,-0.9,-3.3,0.9,-0.5,0.2,1.7,0.2,2.2,0.6,0.1,0.2,-0.3,0.6,-0.1,0.1,2.1,-1.0,1.2,1.9,1.8,1.7,2.2,1.7,2.8,1.1,-3.0,1.1,-4.3,-3.8,-3.5,-0.6,-0.3,6.0,1.1,1.6,2.1,1.6,1.3,1.2,1.2,1.6,1.9,-1.2,0.2,1.4,0.9,2.2,0.9,1.6,-0.5,-1.2,-0.9,-0.2,-1.4,-1.1,-3.6,0.2,-0.1,2.3,1.9,-1.8,1.3,1.6,0.7,-0.2,-1.2,-2.7,0.9,0.5,2.7,0.5,1.6,-0.5,1.9,-0.9,-0.1,1.1,-0.9,-0.5,1.0,-2.4,-0.8,-1.2,0.5,0.3,0.4,1.3,1.7,1.1,1.3,-1.7,0.9,1.3,2.8,1.3,2.4,-0.4,1.3,2.3,2.1,1.2,1.0,1.0,0.3,1.5,-0.7,-0.7,-0.8,-1.7,0.8,-1.6,-2.1,2.4,-1.4,-3.0,-1.5,0.5,-0.9,-3.3,-2.1,-0.6,2.7,-0.0,1.1,0.7,-2.1,-0.1,-1.2,2.5,0.1,-1.6,-0.1,1.0,0.3,2.6,5.2,0.7,1.2,0.2,1.8,2.0,0.3,0.1,1.6,3.0,0.9,1.7,-0.3,1.4,-1.6,0.1,0.8,0.2,3.0,2.1,1.9,-1.2,0.3,-1.7,-1.1,-3.4,0.5,0.8,-2.8,-1.1,-2.0,-0.5,-3.0,-3.1,-0.7,-3.3,4.8,1.7,1.1,-2.6,-0.7,-2.5,-2.4,1.7,-4.1,-9.9,4.6,-4.9,-1.4,-3.5,-7.4,8.3,-0.7,0.2,-8.6,-5.6,1.8,2.2,6.6,-0.9,2.9,2.2,-10.3,2.9,-3.4,6.6,0.6,-6.6,2.8
2C7L510j5G,0,48.100985,11.633963,4442747.02,2777726.68,544.1,589.8,228,7434,2.0,0.9,0.28,32.67,348.96,-0.53,-0.103,0.842,-0.2,0.1,0.1,0.15,0.8,0.1,-0.3,-1.2,-3.0,-0.7,-0.4,0.6,1.4,1.9,-1.0,3.4,1.1,-0.1,0.4,0.5,3.6,0.2,-0.5,-0.8,-3.0,-3.9,-4.8,-2.3,0.1,-0.7,-1.9,-1.7,-0.5,-0.1,3.8,-0.7,-3.7,-0.2,-4.3,-4.3,-3.2,-4.4,-4.7,1.6,-1.2,-0.3,-0.2,1.8,1.1,-0.0,-1.7,0.2,-2.3,-0.9,-0.7,-2.0,0.4,1.1,2.0,-0.1,0.5,0.5,0.3,-1.3,0.0,0.8,1.4,1.8,-1.4,0.1,-0.8,-1.6,1.3,2.7,1.4,1.3,-0.7,-1.0,1.2,0.7,1.4,-1.7,-0.3,-1.7,0.7,1.5,0.5,-0.1,-2.6,-1.7,-1.7,1.7,-4.1,0.6,-2.2,-2.1,-3.3,-3.7,-0.8,-2.4,-4.1,-2.3,-4.3,0.2,0.4,1.1,-2.2,-1.1,-1.9,-3.1,0.8,0.4,-0.8,-0.5,-1.7,-3.1,-0.1,-2.5,-0.8,-0.4,-1.4,-1.1,1.0,3.3,-0.2,-2.0,1.3,-2.3,-1.6,-1.2,-0.6,2.1,1.5,-1.2,-1.0,-1.6,-2.0,-2.7,-4.1,0.9,-2.5,-4.4,-1.3,-3.4,0.7,3.8,3.6,-1.2,1.8,0.7,-0.6,-2.0,-0.2,-9.2,0.4,1.0,-4.2,-7.7,-1.8,-3.6,-0.8,-3.2,-1.6,0.8,0.5,-1.0,-0.6,-2.1,-3.7,-4.6,-4.0,-4.5,0.1,-2.6,-6.5,-2.5,0.2,0.1,-2.2,-3.8,1.8,0.1,-6.9,-0.3,-0.5,1.9,-2.0,0.0,0.5,0.9,2.2,-0.2,0.3,0.1,-0.2,-0.0,-2.3,-2.0,0.4,-1.4,-3.4,-4.9,-0.6,-1.3,-0.3,-3.1,-0.1,-1.9,-1.8,-2.5,-2.7,-0.0,-0.7,-0.6,-0.5
2C7L510j5j,0,48.101186,11.635524,4442862.82,2777751.53,541.0,586.6,228,7463,2.6,0.82,0.42,32.68,348.96,-0.53,-0.103,0.842,-0.1,0.1,-0.14,0.2,1.3,0.2,-0.3,1.0,1.7,1.8,2.2,0.2,2.4,0.8,0.1,-2.0,1.2,0.1,2.9,1.0,2.0,-4.4,-0.9,-6.9,-2.2,-7.4,-4.2,-3.1,-0.4,-0.0,0.1,0.0,-1.1,-3.7,2.3,1.1,-7.3,3.2,-4.3,-3.0,-3.8,-2.4,-9.6,-0.7,-0.7,-2.3,-5.0,1.2,-0.7,-5.9,-1.4,-3.0,-2.9,1.9,-5.1,-6.5,0.4,-0.7,-0.4,-0.1,0.8,3.5,-0.3,0.5,-1.8,-4.1,-3.5,-5.9,-1.7,0.1,-6.4,2.4,1.8,-1.5,-1.8,-2.1,-1.2,0.9,-1.0,1.4,4.3,-6.5,1.0,1.1,0.0,-4.5,-0.3,0.6,-5.1,-0.5,-2.3,0.7,-2.2,2.3,0.7,-0.8,-2.8,-5.9,-4.6,-5.4,-5.6,-0.8,-3.1,-1.1,-0.3,-2.9,-3.5,0.2,-2.7,-6.6,1.8,0.8,-4.8,2.1,1.6,-2.4,0.9,-1.7,-2.2,0.4,1.3,0.2,4.3,1.8,1.3,-0.4,-1.2,0.4,-1.1,2.0,-6.0,-7.4,2.2,1.8,-2.0,-1.0,-0.3,-0.9,-2.3,2.4,-2.8,-2.4,-2.2,-0.6,-4.1,2.6,-1.4,1.5,-6.0,-2.6,-3.9,-0.1,0.9,-0.7,0.4,1.2,0.4,2.2,0.3,-0.4,1.7,1.7,-5.1,0.3,-3.8,0.6,-1.2,-2.7,-6.2,-5.6,-4.1,-6.9,0.0,-1.4,-5.5,-7.6,-1.4,-9.0,-5.7,-3.0,0.5,0.5,3.5,4.4,-1.0,-3.4,-5.1,0.3,-0.7,-0.2,2.7,-0.6,-1.0,-1.7,-1.7,-1.0,-1.0,-6.9,0.5,-5.0,-3.5,-1.7,-1.5,0.1,-3.7,1.0,-3.3,-1.4,-4.1,-1.1,-1.0,-1.1,-2.8,-2.9,-2.0
2C7L510j5q,0,48.101273,11.636207,4442913.46,2777762.37,553.9,599.5,228,7470,4.1,0.56,0.31,32.68,348.96,-0.53,-0.103,0.842,-0.7,0.2,0.05,0.31,4.3,0.3,-0.3,-2.8,2.5,3.5,2.9,0.9,-5.5,1.4,0.4,3.1,-6.7,1.0,-5.7,2.1,2.8,4.7,5.8,6.6,10.0,9.2,7.4,5.3,8.5,7.6,6.8,4.6,7.7,3.2,21.0,2.3,6.1,-2.2,4.3,5.7,1.2,4.8,6.1,8.2,7.0,7.0,9.7,6.8,-2.3,7.4,10.5,8.1,9.0,18.9,-4.5,4.9,2.2,2.0,2.7,4.9,4.6,3.0,6.2,-4.1,1.1,1.3,-1.6,-0.3,0.1,-6.0,0.8,-8.3,-5.5,-4.1,-3.5,1.2,3.3,-4.8,1.0,-7.6,-0.3,3.7,5.3,4.7,5.2,5.3,7.1,4.8,4.8,3.3,2.7,4.1,5.8,7.5,6.4,6.7,7.0,5.0,0.5,1.4,3.5,4.5,4.7,-2.0,8.7,7.0,2.6,2.4,7.4,7.0,8.3,7.3,7.8,6.5,3.3,3.7,6.0,7.5,3.8,3.4,2.1,0.8,-6.5,-6.6,-3.6,-3.9,-2.4,-9.1,-0.7,-5.0,2.3,5.1,6.9,-5.8,4.9,3.8,4.6,7.0,8.0,21.3,5.3,6.9,5.9,10.6,7.9,8.3,5.6,-7.2,-1.1,4.5,5.1,-0.8,-0.6,-5.4,-1.9,-2.4,0.6,-9.4,-0.5,4.2,2.9,4.9,-0.7,2.3,1.2,5.4,4.1,7.1,7.8,7.0,5.8,5.8,-0.2,5.5,6.3,4.1,7.5,7.9,6.7,-6.8,-10.7,-7.7,-9.0,-6.7,-2.9,-14.3,-1.5,1.6,0.2,1.3,0.1,0.4,2.6,-5.6,5.1,5.3,2.0,1.4,2.4,4.2,2.5,3.9,2.8,5.3,5.9,4.6,4.0,-1.0,0.3,1.2,0.1,2.9,-6.5,-0.5,0.3
2C7L510j6E,0,48.101422,11.637368,4442999.61,2777780.87,543.3,589.0,228,7494,3.4,0.73,0.49,32.69,348.96,-0.53,-0.103,0.842,0.1,0.2,-0.4,0.26,1.6,0.2,-0.3,1.2,-0.1,-2.4,0.3,0.3,3.1,-3.3,1.6,-3.1,1.5,-3.1,2.6,-9.4,0.1,-4.0,-2.0,-1.3,1.5,-7.8,-1.3,-4.0,-1.0,-0.4,-1.7,-0.6,-2.8,-2.5,1.2,0.1,-4.3,0.8,-5.8,-5.3,-8.4,-9.9,-3.7,-2.4,-4.6,0.6,-10.2,-3.5,0.6,-2.2,-0.3,0.1,-2.6,-3.9,-2.1,-1.5,-0.9,-0.4,0.2,-0.0,0.2,0.6,1.3,-0.7,0.7,1.3,1.5,0.8,0.4,-2.1,-0.4,1.7,0.3,0.2,-0.8,-2.4,-2.2,-0.2,-3.2,-0.1,-0.1,-3.1,-3.4,-2.8,-6.8,-7.6,-2.2,-1.7,-6.2,1.0,-1.6,-1.8,-11.3,0.8,-4.9,-3.2,-3.5,-4.7,-2.4,0.8,-8.1,-2.3,-1.7,0.0,-2.4,1.9,-7.5,-2.7,-3.3,-0.5,3.7,-3.5,-0.0,1.7,-3.2,-2.7,2.3,0.3,-1.2,2.6,0.2,-0.7,-1.0,2.4,0.0,0.3,-3.7,-1.0,0.5,-0.2,-2.1,2.3,6.2,-3.7,0.4,-2.7,-1.9,10.7,-3.0,-1.9,-7.4,-7.8,7.8,-10.3,-4.5,0.0,1.8,-13.2,-1.8,-0.9,2.0,1.1,1.3,5.5,2.7,2.9,0.3,1.5,1.5,1.0,-2.7,0.7,3.5,1.5,-1.1,3.8,-6.6,-1.4,-4.5,-1.6,-2.0,-6.3,1.6,0.5,-9.4,-3.9,-4.2,2.4,-8.6,3.5,0.3,2.3,-0.3,-1.6,0.2,-5.3,1.7,4.6,3.8,4.3,-12.2,-2.3,-3.9,-5.7,-7.5,-5.0,1.2,-2.6,1.7,-5.7,-5.0,1.3,3.1,-9.8,8.0,-2.8,5.6,-2.1,-3.3,-2.8,0.2,-2.0,-3.4,-4.7,-5.4
2C7L510j3X,0,48.100211,11.627792,4442289.13,2777630.54,541.4,587.1,228,7327,2.5,0.84,0.31,32.65,348.96,-0.529,-0.103,0.842,-1.0,0.1,-0.33,0.19,1.8,0.2,-0.3,-0.6,0.3,0.2,0.4,0.7,3.3,1.9,0.7,2.5,-10.8,3.1,3.5,4.1,3.9,4.2,5.3,6.0,4.7,4.3,6.5,3.4,3.8,2.0,4.5,5.7,5.1,4.1,2.0,2.6,2.2,-5.4,1.7,-0.8,1.2,3.1,2.8,4.0,4.0,7.4,4.2,2.9,0.6,3.8,4.6,4.1,2.2,-1.4,1.5,2.4,1.8,1.0,1.9,1.2,2.4,0.6,2.1,0.5,1.2,0.2,1.7,0.8,-0.2,-5.4,-1.3,3.7,3.5,0.1,2.2,-0.7,0.9,-1.5,1.9,1.8,0.8,2.8,4.3,4.5,3.2,3.0,4.3,3.2,4.1,1.9,2.9,1.1,2.9,5.4,6.0,4.1,5.4,1.9,0.5,-3.2,6.1,2.3,3.3,-1.0,6.5,4.5,4.4,1.8,5.6,5.4,3.8,4.6,4.5,5.2,2.1,4.1,1.2,2.1,1.3,-0.5,1.1,0.3,-2.3,7.8,-1.3,-0.8,-1.1,1.3,-1.1,-2.7,-0.1,0.6,3.9,-3.5,2.7,3.3,3.9,1.6,-0.9,-4.0,3.5,2.2,3.0,5.0,3.3,3.3,2.6,-3.6,-3.6,-0.7,0.3,-1.0,-1.2,-5.0,-1.4,-1.8,0.8,-0.8,-1.0,0.2,2.7,0.7,0.5,0.4,1.5,3.7,2.2,2.9,1.3,1.0,-1.4,-0.5,-0.7,0.4,1.9,2.1,1.7,1.5,0.3,-7.6,-3.6,-4.6,-5.6,-6.4,-4.5,-14.3,-2.5,-2.5,-2.1,-1.1,0.4,-1.5,2.1,-1.7,3.5,2.8,-1.5,-0.3,0.7,3.5,0.7,3.5,0.8,-0.8,0.2,-1.9,-1.2,-3.3,-2.9,-2.3,-3.6,-3.4,-5.9,-3.8,-1.1
2C7L510j3a,0,48.100236,11.627988,4442303.63,2777633.65,542.3,588.0,228,7330,3.7,0.58,0.49,32.65,348.96,-0.529,-0.103,0.842,-0.4,0.2,0.01,0.28,4.0,0.2,-0.3,-1.4,-4.9,-3.1,-2.8,-1.4,-1.8,-3.1,-1.0,-1.0,-1.8,0.3,1.0,1.8,0.0,0.3,-4.8,-3.1,14.3,14.0,13.0,1.9,12.4,2.8,13.3,13.6,13.1,3.2,6.2,3.5,7.0,-0.8,9.3,7.4,11.8,9.9,11.7,13.8,4.2,12.0,9.9,-1.2,1.9,12.1,11.8,5.8,4.0,3.0,5.4,-0.5,-0.3,-0.9,0.0,-0.2,6.3,2.9,2.0,1.9,-0.1,10.5,-0.1,-1.7,-0.0,3.9,-1.8,0.8,3.2,1.2,2.3,-6.0,1.2,0.9,-0.5,-0.4,-1.1,0.6,2.4,2.3,0.8,3.7,3.7,4.1,7.0,0.2,2.2,5.6,5.8,7.9,10.3,9.9,-4.9,7.8,3.4,-0.5,12.7,9.5,3.3,1.1,8.6,0.9,7.5,-0.5,3.8,0.5,4.9,0.9,8.6,6.0,0.3,3.4,2.5,4.2,1.3,2.7,0.4,-0.2,3.5,2.2,-1.4,1.5,1.2,-0.2,0.4,0.4,0.7,3.0,3.7,1.8,5.4,1.9,1.3,1.8,-2.1,0.9,5.6,7.8,7.3,8.7,12.5,9.1,2.1,3.1,0.9,-0.1,0.6,-8.5,-4.7,2.2,-2.7,-2.1,-1.7,1.7,-2.4,2.4,2.9,4.5,0.5,3.4,2.3,5.5,1.8,8.7,9.0,6.8,2.6,7.9,1.2,2.1,8.3,4.4,7.7,8.7,6.5,0.4,-2.0,-2.0,-1.3,-0.4,0.7,-6.6,4.2,-1.7,-0.2,1.5,2.5,-0.9,5.1,0.2,6.3,9.7,3.5,3.8,4.8,13.5,5.3,9.4,5.7,10.0,4.5,0.6,2.6,-3.3,-1.2,-1.8,-4.6,-0.8,-2.6,-2.8,-1.1
2C7L510j4j,0,48.10077,11.632141,4442611.74,2777699.73,548.2,593.9,228,7401,2.2,0.87,0.34,32.67,348.96,-0.53,-0.103,0.842,-0.4,0.1,0.47,0.17,0.7,0.1,-0.3,-0.8,1.5,-1.9,-0.3,2.5,1.3,-1.7,-2.0,-0.4,10.3,1.0,1.4,0.1,-0.2,-0.1,1.4,-1.3,0.1,-2.2,1.2,-4.3,-2.0,0.8,1.0,1.3,1.6,-0.5,-2.8,-1.8,-1.8,-3.4,-7.0,-6.5,-3.9,-7.4,-2.8,1.4,-1.0,-3.0,-1.2,-4.2,-3.6,-2.8,-0.2,-2.7,-6.9,-7.0,-8.0,-3.2,-2.8,-1.0,0.2,-1.7,-2.2,-2.4,-6.0,-6.0,-4.5,-6.9,-11.1,-4.2,-1.6,-1.8,-4.6,1.4,-3.5,-3.5,-3.2,-2.8,-1.4,-1.1,-3.8,-3.6,-2.6,-2.6,-1.1,-3.9,-5.6,-4.4,-3.1,-6.7,2.6,-3.1,-3.3,-4.9,-1.4,-0.5,-3.1,-3.2,-5.4,-5.5,-4.5,-5.4,-0.9,-5.8,-6.9,-1.6,-3.2,-2.6,-5.5,-5.2,-3.3,-0.8,-4.8,-1.2,-1.3,-0.5,-2.6,-2.0,-2.2,-1.2,-3.0,-1.9,-4.3,-3.9,-3.7,-6.3,-2.3,-0.3,-0.4,-0.3,-3.2,-5.5,-3.9,0.2,0.7,-3.9,-1.0,-2.6,-3.7,-0.7,-4.5,-2.6,-2.9,-4.5,-4.5,-4.5,-0.4,-2.3,-2.7,-3.0,-4.2,-2.0,-4.4,-5.3,-5.4,-1.4,-4.0,-2.5,-1.4,1.3,-2.5,0.4,-2.3,-4.2,-2.4,-3.7,-4.5,-2.3,-5.0,-4.3,-4.7,-3.5,-5.0,-7.9,-3.2,-1.7,-5.5,-4.0,-4.7,-1.9,-6.2,-7.5,-4.9,-0.7,-6.9,-2.5,-4.0,-7.3,-3.5,-2.8,-3.5,-2.7,-3.2,-4.1,-3.2,-4.6,-2.6,-2.1,-7.2,-6.4,-6.7,0.0,-2.0,-6.6,-2.9,-2.6,-3.7,-4.0,-4.5,-5.7,-5.3,-2.9,-2.8,-0.6,-3.1,-2.6,-1.6
2C7L510j4p,0,48.100799,11.632372,4442628.92,2777703.42,542.0,587.7,228,7407,3.7,0.64,0.44,32.67,348.96,-0.53,-0.103,0.842,-1.3,0.2,1.34,0.29,1.4,0.2,-0.3,-2.6,1.2,-4.8,-1.6,4.8,5.0,-9.2,-0.7,-0.2,1.4,1.6,1.0,0.2,3.0,3.7,-1.8,-0.6,-4.2,-1.9,0.0,1.0,-0.3,-17.1,0.3,-4.5,4.8,2.1,4.4,2.5,-16.0,-5.9,-7.9,-15.7,-10.9,-14.2,-12.3,-8.7,-7.6,-7.0,-2.4,-7.1,-16.1,-9.0,-7.9,-9.0,-12.1,-9.8,-8.6,-10.0,-7.5,-10.9,-12.3,-12.1,-15.9,-15.7,-14.8,-9.9,-13.1,-6.8,-4.2,3.2,-19.8,-12.9,-9.6,-7.3,-2.3,-4.1,-12.0,-7.2,-9.1,-10.8,-5.7,-9.5,-6.8,-13.4,-7.5,-9.7,-10.4,-9.9,-11.0,-9.4,-10.8,-9.7,-13.4,-8.6,-8.3,-10.5,-10.2,-9.2,-11.0,-12.0,-12.5,-10.4,-9.1,-12.7,-15.1,-11.1,-9.9,-11.1,-12.0,-6.5,-9.4,-7.5,-8.5,-10.9,-11.6,-6.5,-10.8,-7.1,-10.7,-7.6,-9.3,-5.5,-8.9,-12.8,-8.8,-9.6,-9.1,-7.9,-7.1,-10.1,-6.3,-10.3,-9.1,-9.0,-6.6,-7.2,-8.2,-7.9,-11.0,-10.6,-8.5,-9.4,-13.4,-13.1,-10.3,-9.4,-9.1,-9.4,-3.9,-6.5,-11.8,-11.1,-8.3,-7.3,-10.7,-7.3,-5.8,-8.1,-11.5,-12.6,-7.6,-10.4,2.5,-11.9,-5.7,-9.3,-13.2,-11.7,-14.3,-16.1,-13.3,-10.8,-11.3,-15.2,-8.9,-11.6,-13.9,-10.6,-10.2,-11.7,-9.6,-16.0,-13.5,-16.8,-9.3,-10.5,-8.5,-8.8,-5.4,-7.6,-8.1,-5.8,-10.5,-9.9,-13.5,-10.9,-10.2,-9.3,-14.4,-16.5,-14.7,-10.8,-14.5,-10.0,-11.5,-10.0,-9.0,-9.1,-12.9,-10.8,-12.2,-9.8,-11.2,-8.3,-10.0,-13.9,-14.1
2C7L510j5g,0,48.101187,11.635389,4442852.77,2777751.44,542.3,588.0,228,7460,2.0,0.9,0.3,32.68,348.96,-0.53,-0.103,0.842,-0.2,0.1,0.11,0.15,0.7,0.1,-0.3,0.1,-0.1,0.2,-1.1,1.1,-1.3,2.1,1.0,-0.5,0.6,0.2,1.7,-0.5,0.4,3.4,2.5,4.2,2.1,1.1,-1.6,-1.6,3.2,-0.5,2.7,3.7,5.1,2.4,0.8,3.3,0.7,4.4,-2.7,-3.2,-4.6,0.8,-5.5,2.6,1.0,0.2,-8.2,2.5,2.2,1.9,1.8,2.9,1.4,-1.0,0.5,-0.2,-1.3,-0.5,0.5,-0.7,-1.1,-0.0,-1.9,-2.0,-3.7,-1.6,-2.7,-0.2,-2.5,-3.1,-1.8,-2.0,-1.7,-2.1,-2.6,-0.0,-2.0,-4.0,-0.4,-0.4,-0.0,-0.8,-0.3,0.7,0.9,-0.8,0.5,0.8,1.4,-1.3,-1.2,-0.3,0.5,4.7,1.3,0.7,1.1,1.9,2.1,-0.3,-3.3,0.0,1.7,1.4,1.9,0.7,1.7,3.6,0.2,-1.8,-1.0,1.4,2.3,-0.0,1.5,-1.8,0.6,0.7,0.5,-0.3,0.1,-0.1,-1.0,-0.9,-0.2,-1.9,-2.4,0.2,0.3,0.4,-0.3,-0.8,1.8,0.6,1.4,0.7,-1.3,1.2,0.6,1.3,1.1,-0.4,-1.2,1.4,2.5,3.0,1.4,-0.2,-0.5,-2.7,-2.1,1.0,-0.2,0.3,-0.3,-1.4,-1.2,-1.0,-0.0,0.4,0.9,-1.5,-1.0,0.1,-0.8,4.2,-2.2,0.5,-2.7,-4.3,-3.5,-3.9,-0.5,-0.5,-3.3,1.1,1.0,1.0,0.4,0.9,-0.2,1.1,-1.5,0.2,-0.2,-11.2,-0.1,0.1,-0.7,-0.8,1.4,-2.2,4.8,-1.0,0.0,-1.9,0.6,0.7,3.7,2.7,-2.8,1.4,-1.7,-0.7,-1.4,-1.0,-1.3,-0.8,-0.7,-1.2,-1.1,0.3,-1.7,-1.3,2.2
2C7L510j5r,0,48.101277,11.636093,4442904.97,2777762.63,545.8,591.5,228,7471,3.8,0.72,0.65,32.68,348.96,-0.53,-0.103,0.842,-0.0,0.2,-0.85,0.29,1.6,0.2,-0.3,-2.1,-1.5,-2.1,-0.0,-1.4,4.8,-3.6,-3.8,-4.1,10.1,-5.1,8.9,-5.8,-4.1,-4.1,-2.9,-1.8,-2.2,-1.3,-3.6,-3.9,-0.2,0.8,-1.6,-2.4,-0.8,-3.1,11.6,-4.7,-2.3,-16.9,-3.8,-3.6,-7.2,-1.2,-2.0,-2.0,-1.6,-1.1,-0.7,-0.3,-10.7,-3.2,-0.1,-0.7,1.7,6.6,0.5,-1.2,-4.2,-3.7,-0.0,0.6,-0.3,0.8,2.0,11.1,-0.7,-1.0,-2.9,3.1,6.7,10.9,-2.1,10.6,7.0,3.2,3.7,-3.2,-2.0,-0.9,-2.1,10.9,-2.5,0.6,-2.3,1.1,-0.6,0.1,-0.9,-2.0,-3.1,-0.4,-4.4,-0.0,-3.3,1.3,-1.5,-1.3,-1.3,-2.7,-2.7,-2.3,-4.3,-2.0,-2.9,-9.6,0.4,0.1,-3.5,-0.7,0.5,0.9,3.4,0.4,0.5,0.9,-0.1,-2.7,0.4,-0.1,-1.0,-1.4,-1.5,-0.5,5.8,3.5,0.9,-7.3,-1.9,3.5,-4.3,1.7,-2.7,-0.9,-0.9,6.5,-1.7,-3.3,-3.4,-2.4,0.4,12.5,-3.1,-2.8,-3.6,0.5,0.9,1.4,-1.1,7.8,0.8,0.6,-1.1,4.1,0.8,9.7,-0.8,-2.4,-0.6,5.6,5.4,-0.5,0.2,0.5,4.4,0.8,-2.9,-2.8,-2.8,-1.3,-2.4,0.1,-2.3,-1.4,-11.1,-1.5,-2.9,-1.0,1.2,1.5,-0.8,6.5,7.5,2.8,7.5,-1.9,-5.1,3.6,-6.0,-2.4,-2.2,-1.9,-0.7,-3.0,-3.3,9.4,-2.5,-0.9,-2.7,-2.6,-0.7,-1.4,-3.2,-1.1,-2.9,-0.8,-1.0,-1.1,-1.1,-0.4,-4.6,-4.2,-1.6,0.4,-6.0,-3.6,-4.2
2C7L510j2w,0,48.099952,11.625634,4442128.94,2777598.25,537.7,583.4,228,7290,3.4,0.76,0.43,32.64,348.96,-0.529,-0.103,0.842,-0.8,0.2,-0.34,0.26,1.0,0.2,-0.3,1.8,0.3,2.0,-3.5,1.4,6.1,1.0,1.7,1.9,-0.5,0.1,-1.1,-0.7,0.6,-1.6,0.4,-0.1,0.9,-0.6,1.3,2.1,2.6,-0.1,-0.1,1.1,-0.9,-5.2,-1.9,1.0,-4.8,-5.9,-0.7,-2.1,-3.5,8.1,-15.5,-7.6,-6.6,2.3,-1.5,1.0,-2.9,-3.4,1.1,-2.9,2.3,-3.1,-1.9,-0.3,-1.1,3.3,-2.7,-2.7,0.3,-0.6,0.8,-1.4,2.7,2.3,2.4,0.2,1.7,-2.3,1.5,-5.3,8.0,3.7,-4.7,-7.6,1.2,1.4,-3.5,-11.2,-8.7,1.1,0.3,-0.7,0.8,0.6,-0.8,-0.6,2.1,2.6,0.9,-1.0,-1.6,-2.4,-1.3,-2.7,0.9,-3.5,-0.6,-3.2,6.2,-2.4,-2.0,4.1,0.2,1.1,3.7,-1.0,-5.1,-3.2,1.5,1.2,0.7,0.5,1.3,2.9,1.3,0.3,0.4,2.1,2.2,2.6,3.3,0.4,3.5,1.5,0.2,-6.2,1.1,0.5,0.8,2.4,-0.1,5.9,6.6,-3.1,-3.5,-5.2,0.2,-12.2,-0.1,-3.6,-2.0,0.8,-3.3,0.7,-6.1,-0.5,-1.5,-1.6,-1.8,-2.2,-2.8,-6.3,-1.0,-5.4,-6.2,3.2,-6.0,-3.9,-8.2,-1.7,-2.5,-2.9,-4.3,-2.5,0.8,-4.6,-5.6,-1.9,-0.7,-4.4,0.0,-7.5,-7.3,-2.9,-4.5,-7.9,-1.4,-4.0,-15.9,9.6,-4.8,-0.2,1.0,-7.4,-0.4,3.6,2.8,-5.3,-4.3,0.9,-1.2,-2.9,-2.6,-0.8,-3.8,-2.6,-6.1,-5.0,-7.0,-8.9,-3.7,-2.7,-3.1,-3.9,-0.5,-5.5,-3.2,-2.7,-3.6,-5.9,-4.8,-3.0,-2.1
2C7L510j3R,0,48.100184,11.627435,4442262.62,2777626.92,538.8,584.5,228,7321,2.0,0.88,0.34,32.65,348.96,-0.529,-0.103,0.842,-1.2,0.1,-0.07,0.15,1.3,0.1,-0.3,-0.9,-1.3,-1.1,-1.9,0.6,1.4,0.4,0.3,2.2,3.2,4.8,3.1,-1.5,0.2,1.7,0.3,2.4,5.1,3.4,5.9,1.7,4.4,2.3,1.0,5.8,4.7,3.1,2.9,0.7,0.8,-2.4,-0.5,-2.4,-2.7,0.6,0.0,0.5,0.8,5.8,0.6,2.1,2.1,1.1,2.1,2.9,0.9,-0.3,-1.2,0.5,-1.2,-0.4,0.7,0.5,0.1,-0.1,0.1,-1.0,1.1,-0.3,-2.0,0.4,1.5,-0.4,-1.7,1.9,1.2,-1.3,-4.8,0.5,-1.2,-3.8,-2.3,-1.8,0.9,1.4,3.7,0.3,2.8,1.8,2.4,2.7,-1.6,2.4,2.6,3.0,-1.5,3.4,2.8,1.6,3.9,0.8,-0.0,-1.0,5.7,1.3,2.1,1.2,2.4,1.8,2.0,-0.5,3.0,1.6,2.4,2.9,4.2,1.7,0.1,-0.4,3.8,-2.4,-1.5,-2.2,-0.1,-1.8,1.8,-1.4,-4.1,-1.0,-2.1,0.7,-4.0,-3.7,-2.6,-1.8,-1.3,-0.0,0.8,3.1,-2.4,0.7,-2.3,0.4,0.6,0.2,0.2,0.8,4.6,2.2,0.5,-3.1,-7.6,0.8,-2.7,-0.9,-5.6,-4.3,-3.4,-4.4,-5.5,-2.8,-5.4,-4.4,-3.6,-4.8,-1.2,-1.7,-3.4,-3.5,-1.1,-1.3,-3.9,1.5,-6.0,0.3,-0.2,-3.0,-4.8,-0.2,-2.3,-1.8,-2.3,0.6,-4.3,-2.3,-2.4,-4.8,-4.8,3.1,-6.6,-5.6,-3.1,-5.6,-3.1,-3.3,-1.0,-2.6,-1.0,-3.0,-2.5,0.1,-0.6,0.1,-2.6,-4.0,-4.0,-1.2,-3.9,-2.8,-4.0,-3.1,-5.3,-5.5,-3.3,-3.8,-5.6,-5.6,-4.0
2C7L510j3V,0,48.100202,11.627576,4442273.02,2777629.16,536.7,582.4,228,7325,3.4,0.72,0.42,32.65,348.96,-0.529,-0.103,0.842,-0.3,0.2,-0.4,0.26,2.2,0.2,-0.3,-0.4,1.1,1.4,-0.9,1.7,-2.2,1.6,1.7,2.6,-1.7,4.2,-1.5,2.5,4.2,2.0,0.6,-0.4,-1.2,0.1,0.1,2.6,0.1,-2.0,-7.9,0.2,-3.3,-5.0,-1.5,-7.3,-8.6,-2.4,-8.7,-10.5,-9.3,3.1,-3.4,-4.7,-5.7,3.0,-6.5,8.3,-14.0,-4.4,-7.6,-2.1,-7.0,-0.7,-2.8,3.6,-0.9,2.0,-0.5,-6.4,0.3,-1.7,-2.9,-4.1,-1.8,-3.5,-3.3,-3.2,-0.7,0.7,-1.4,-3.9,2.8,-0.4,0.6,-1.4,-3.5,-0.5,-5.0,6.1,-1.2,-5.2,-2.6,-1.8,-0.0,-1.2,-1.6,0.2,-4.1,-2.1,-0.3,-0.3,-4.3,-1.3,-2.2,-2.0,-0.8,-0.6,-4.1,-5.1,-2.6,-1.7,-2.2,3.3,-5.1,-6.7,-1.5,1.5,-6.0,-4.2,-7.0,-8.8,-2.3,-0.4,1.6,-11.7,0.2,1.3,-0.1,2.4,-0.8,2.3,-1.0,4.7,-0.1,2.2,1.1,5.1,0.3,2.9,0.4,1.5,-2.5,-0.5,-2.0,-1.6,-2.2,-8.0,-5.0,-7.8,1.1,-7.5,-3.5,-5.4,-0.9,-0.5,-2.6,0.1,8.6,2.2,2.2,4.2,1.0,-1.3,1.4,1.2,-0.6,9.1,9.1,-9.3,0.2,1.4,0.5,-0.2,2.1,-2.4,-0.1,-4.4,-0.9,-2.2,-13.1,-2.7,-6.7,-1.6,-9.4,-0.5,-6.3,-5.0,-7.1,-7.5,-5.3,-2.9,-6.8,-1.9,-4.0,-7.6,-3.1,-3.5,-1.7,-3.2,-3.0,-2.6,0.3,0.3,-3.2,-1.5,-5.4,-2.8,-4.3,-2.5,-5.0,-3.1,-2.4,-4.0,-4.1,-6.3,-6.3,-7.6,-3.5,-2.9,0.2,-0.4,0.2,-0.2,-0.6
2C7L510j4N,0,48.100614,11.630781,4442510.85,2777680.16,542.4,588.1,228,7379,4.2,0.66,0.58,32.66,348.96,-0.53,-0.103,0.842,-0.1,0.2,-0.67,0.32,0.9,0.3,-0.3,-2.7,0.4,-1.7,-4.2,-1.4,-3.0,1.1,1.4,1.2,-3.8,0.6,1.3,1.1,-0.2,-0.6,1.0,3.3,2.2,2.6,2.5,-2.7,1.6,0.1,2.8,2.2,4.4,0.4,-0.1,-2.6,-1.7,-5.4,-2.0,-4.9,-1.3,-2.5,-0.2,-1.1,1.7,1.8,1.9,-0.3,-0.9,-1.6,1.6,-1.4,0.1,-4.1,-4.7,-0.2,-1.9,-2.3,0.5,-1.4,-2.7,-5.3,-0.4,-4.9,-5.2,-4.2,4.4,12.9,-1.9,-4.5,0.3,-6.4,-2.7,-5.0,-2.6,3.8,2.3,-2.0,2.4,-0.2,-1.1,3.4,1.0,0.9,1.8,0.0,-1.2,-1.7,-4.4,-2.5,-4.1,-1.9,-3.7,-2.5,-2.3,-2.7,-4.6,-8.6,-5.5,-9.2,-1.2,2.9,-4.7,-4.8,-3.9,-6.4,10.7,-2.1,2.0,1.4,3.0,-0.7,7.9,1.6,-1.3,1.6,-3.5,-11.7,2.1,-1.4,0.2,2.1,1.2,9.0,-0.6,1.2,3.5,10.3,-1.9,-0.2,-0.3,-0.4,-3.0,-0.5,0.7,4.2,-2.3,0.9,2.2,1.0,-2.6,0.6,3.4,11.5,0.7,2.2,4.0,-3.0,-5.0,-4.9,-1.9,-2.9,-2.9,8.1,-10.7,11.4,6.2,10.4,6.4,8.3,5.1,4.8,0.1,0.1,5.3,-4.2,-1.7,0.5,6.3,0.7,-1.6,-8.3,-4.3,2.1,-3.5,1.3,-3.2,5.3,-1.7,-6.2,-2.0,-7.9,-10.6,-0.1,-2.1,12.4,-1.8,-9.9,-2.2,-1.5,-1.3,0.9,1.5,-3.2,1.0,-1.8,-9.0,-5.0,-6.5,0.6,-13.3,8.6,-7.4,-0.9,-0.5,-3.9,3.2,-2.9,-0.9,-1.7,-0.1,1.2,-2.0,-2.3,-2.5
2C7L510j4m,0,48.100799,11.632229,4442618.26,2777703.2,544.2,589.9,228,7404,3.0,0.79,0.47,32.67,348.96,-0.53,-0.103,0.842,-0.7,0.2,-0.28,0.24,0.6,0.2,-0.3,4.5,0.6,2.8,-7.4,4.1,2.5,7.0,-5.4,5.5,0.8,-0.7,8.8,5.1,-5.2,-8.7,-5.3,-11.3,4.2,-2.6,-11.2,-1.1,-5.0,1.1,-9.6,1.5,2.7,1.3,0.6,5.3,-2.5,-1.0,-6.4,5.4,2.3,-5.4,0.2,4.2,2.5,-1.3,4.6,4.7,-1.0,6.0,3.6,7.1,0.5,-2.8,0.2,-0.6,-0.2,2.4,7.1,4.9,-0.2,3.6,4.0,3.5,3.2,-0.7,-0.1,0.1,1.9,-2.7,1.4,7.4,1.2,0.2,2.0,3.3,0.5,4.3,0.9,0.8,1.7,4.3,2.4,2.7,-0.8,3.0,0.8,2.3,2.3,-1.3,-1.6,2.6,4.3,3.7,4.2,3.4,-0.4,2.2,-0.5,-0.4,0.3,-2.0,-3.9,-1.1,0.9,4.7,-1.9,0.7,-6.4,5.9,1.6,-3.2,1.0,0.9,-0.6,1.3,-0.6,-0.6,0.6,0.9,-1.7,0.7,0.1,1.4,-3.0,-2.7,-0.6,-1.3,-0.1,0.9,0.5,0.0,-0.8,-1.6,2.7,-3.7,-0.7,-3.1,2.5,-1.1,-1.9,-0.5,0.9,-2.0,-0.9,-1.8,2.1,0.7,-2.4,-3.0,-1.2,-0.9,-1.9,3.2,-0.4,0.8,-0.7,-0.4,0.1,1.6,1.6,2.1,-1.0,-0.4,0.2,0.3,-2.8,-2.6,-1.9,-2.3,-2.8,-3.9,-2.0,-0.7,-4.7,-5.2,0.2,1.4,-5.4,-4.0,-2.2,-1.2,-1.6,1.7,-3.3,-1.1,-1.3,-2.5,-2.5,-3.8,-1.2,-6.7,-0.1,-5.6,-2.8,-1.5,-5.3,-2.9,-2.9,1.8,-3.0,-4.0,-3.0,-0.2,3.9,1.5,1.3,-4.7,-1.4,-1.3,1.1,-1.2,-3.2,-1.0,-1.5
2C7L510j4n,0,48.100806,11.632277,4442621.78,2777703.96,543.7,589.4,228,7405,3.0,0.76,0.4,32.67,348.96,-0.53,-0.103,0.842,-0.8,0.2,-0.82,0.24,1.2,0.2,-0.3,-0.2,1.8,4.7,2.8,1.8,1.0,-2.2,-1.7,0.7,9.9,1.9,-2.8,3.6,0.0,-2.1,2.5,5.6,2.8,3.4,-4.0,1.3,4.1,3.9,10.4,7.1,10.4,2.5,4.4,6.3,4.1,0.5,-1.5,3.5,0.7,-0.8,10.2,5.5,7.8,4.2,5.8,-1.6,5.9,6.9,6.8,4.0,1.6,-0.8,-2.0,1.0,-1.3,2.5,6.2,3.9,0.2,6.3,5.8,12.1,5.6,5.0,4.9,3.5,5.8,-1.7,6.0,11.5,-0.7,1.3,-0.3,10.2,1.5,13.6,11.9,12.9,12.6,12.2,7.0,7.3,5.7,5.1,5.9,4.9,5.4,2.9,4.2,5.9,11.1,9.9,9.5,11.8,7.5,8.8,5.4,7.6,7.6,4.7,-0.1,2.6,5.8,4.4,2.4,1.4,2.5,1.6,4.5,2.6,3.9,4.3,2.2,3.4,3.5,4.5,1.7,3.5,1.9,3.9,2.1,3.7,2.0,2.4,3.2,2.3,1.6,2.8,1.7,3.3,5.6,2.5,6.1,2.8,0.4,0.9,4.1,1.3,3.7,2.5,3.6,0.9,3.6,3.2,2.8,3.6,0.1,-0.5,1.7,2.6,1.2,2.2,1.0,3.3,2.2,4.1,0.8,2.8,1.5,3.0,3.1,2.8,3.0,3.8,1.2,2.4,1.9,3.0,-0.2,-0.1,2.6,3.8,-0.2,-1.4,1.2,2.7,0.6,-3.8,0.1,1.1,-1.2,1.5,-0.2,-3.9,1.0,1.7,2.6,1.9,2.3,0.9,-0.2,0.1,0.6,1.8,-5.3,-4.1,3.4,12.0,-0.4,-4.6,2.0,3.9,5.0,3.8,-0.2,-1.8,1.1,0.3,0.8,-0.9,-0.2,-0.7,1.9
2C7L510j5H,0,48.101018,11.633927,4442744.21,2777730.23,540.0,585.7,228,7435,2.7,0.84,0.42,32.67,348.96,-0.53,-0.103,0.842,-0.4,0.1,0.03,0.21,0.7,0.2,-0.3,0.4,-0.8,-0.9,-1.3,-0.2,-0.5,2.3,1.8,1.5,0.0,2.4,1.7,-2.2,0.4,-2.4,-2.1,-3.6,-5.0,-6.5,-6.4,-5.2,-2.4,1.2,1.7,-1.8,1.1,1.8,1.1,1.0,-2.6,-0.8,-3.5,-6.4,-3.2,-4.1,-3.8,2.9,-2.4,1.4,-2.1,0.2,-0.8,0.1,-3.1,-1.4,-5.1,-1.0,-0.9,-1.0,-1.9,-1.7,1.3,-0.1,1.2,-1.2,-2.0,-0.9,3.5,-0.5,-0.3,0.3,-0.7,-2.1,2.7,-1.5,0.2,-0.2,-2.9,0.1,-0.3,-0.4,1.0,1.1,1.5,-1.1,-1.5,-1.1,0.1,0.7,-2.8,-3.3,-4.9,-0.7,-4.9,-3.1,-4.7,0.3,-1.8,-1.3,-4.3,-1.6,-3.6,-4.6,-4.7,-3.6,-5.3,-0.6,-0.0,1.8,-4.6,-3.2,-2.9,-2.0,-0.6,-0.8,-1.4,-3.1,-3.8,-6.2,-4.1,-3.3,-2.2,-0.8,-0.1,0.1,-1.1,-0.3,-0.1,-0.8,-1.7,-0.7,-1.8,-1.8,-2.4,0.7,-0.0,-3.3,-3.1,-1.6,-1.6,-3.8,-2.9,1.1,-2.6,-5.0,-1.3,-5.6,-1.2,0.1,0.1,-3.8,-2.7,-3.1,-1.8,-5.7,-2.9,1.5,6.9,-4.2,-14.6,8.2,-1.3,-6.9,-0.2,-11.6,-5.2,1.3,-1.9,7.2,2.5,-0.7,-4.1,-12.2,-6.6,-5.8,0.2,-1.6,-6.8,-0.6,-0.7,2.6,-2.4,-6.9,-2.4,-2.5,-1.7,-0.0,-2.5,-3.3,-1.4,-1.5,-0.4,-3.4,-1.8,-3.0,-1.7,-3.2,-0.4,-4.3,-7.3,-4.5,-0.8,-4.4,-3.2,2.4,2.0,-1.8,-3.5,-4.1,-3.3,-4.0,-5.3,-4.4,-4.9,-2.3,-3.5,-3.5,-3.3
2C7L510j5I,0,48.101027,11.634001,4442749.74,2777731.41,540.9,586.6,228,7436,3.6,0.72,0.51,32.67,348.96,-0.53,-0.103,0.842,-0.3,0.2,-0.05,0.27,0.7,0.2,-0.3,-3.5,-1.3,-2.2,-0.2,0.2,-2.0,1.8,4.7,2.5,0.2,1.3,1.0,1.2,-1.0,-11.0,3.5,2.8,-3.4,-0.4,-3.3,-1.9,-1.1,-0.6,1.9,1.8,0.8,3.9,2.8,0.1,-2.7,-0.2,-4.8,-3.8,-3.1,-4.6,-2.6,5.4,-0.7,-2.1,4.1,-1.4,-0.2,4.6,-2.9,-0.7,-5.3,3.1,2.5,0.0,-1.2,-0.6,2.8,2.0,2.6,0.5,0.5,2.8,7.0,2.1,0.8,1.3,1.7,1.9,4.5,-2.2,2.0,-0.4,-4.9,1.1,3.8,4.4,-0.0,3.0,2.3,1.2,0.8,2.1,0.7,-0.5,5.9,-0.3,0.3,1.6,0.4,1.6,3.3,2.7,1.6,3.1,-2.5,1.5,-2.1,-3.2,-3.9,-3.4,-2.4,-1.9,3.4,1.7,-2.8,-2.4,-1.4,-0.2,0.8,0.3,0.3,-3.0,-1.6,-1.6,0.9,4.2,-0.8,5.4,2.1,2.5,3.6,6.8,1.3,-0.4,-1.5,-7.6,-6.8,-3.4,-0.9,1.3,3.9,-2.4,-1.2,4.4,-0.9,-1.0,0.0,0.5,-0.2,-9.2,3.2,-5.3,2.0,1.7,-1.2,-2.0,-2.3,-3.8,-1.1,3.8,1.7,1.5,-0.6,-4.4,-8.1,9.1,-4.3,-7.4,-2.7,-4.3,-0.8,-0.2,-4.4,-3.2,1.0,-9.9,-3.8,0.5,-4.6,-11.3,-1.2,0.9,-5.6,2.5,5.8,1.5,9.3,-1.1,-1.4,-2.3,8.4,4.4,-1.5,-5.7,0.7,8.2,5.5,-9.7,-6.1,-6.4,8.2,-3.7,5.0,6.3,6.7,-4.2,5.4,-6.0,-2.6,1.4,1.6,-1.8,-3.7,-3.6,-1.4,-1.6,-3.6,0.3,-1.9,-1.2,-0.6,-3.6,1.5
2C7L510j5V,0,48.101111,11.634651,4442797.91,2777741.75,536.2,581.9,228,7449,3.9,0.71,0.43,32.68,348.96,-0.53,-0.103,0.842,-0.6,0.2,-0.39,0.3,0.7,0.3,-0.3,-3.7,-1.3,-2.0,-2.0,2.0,-0.1,0.6,-1.8,-1.0,0.5,-2.0,-0.3,-0.3,-1.1,6.2,2.3,3.6,1.3,-0.5,-2.3,2.9,4.8,4.2,2.4,0.6,-0.1,4.6,9.5,13.2,-0.8,2.0,-1.4,-1.9,-1.4,-1.3,-9.1,-1.8,4.2,1.6,3.0,0.2,0.9,-3.0,-0.4,11.7,0.9,0.2,1.4,-3.4,-3.5,-0.8,-1.5,-5.6,1.9,1.0,2.0,0.8,0.6,1.9,1.6,-4.9,-1.4,-1.3,-1.1,1.4,0.1,-2.5,-1.6,-4.0,-3.9,-0.3,-1.3,-0.5,-3.8,-1.8,-5.8,-1.1,-1.5,-3.4,3.7,3.6,1.5,-1.0,-5.4,-0.6,-0.4,-3.4,2.2,-0.1,2.7,4.5,3.5,0.3,2.4,-7.6,-3.3,6.1,6.5,3.9,-1.2,3.0,6.4,6.3,-2.4,5.2,5.4,11.1,-0.9,14.4,9.8,0.3,-3.8,-2.7,-1.7,0.1,1.0,-5.7,-1.1,-1.0,1.4,2.2,4.1,4.3,-0.0,9.7,-2.9,2.8,-4.2,-4.0,13.9,3.8,-1.6,4.7,0.5,-3.7,1.8,0.3,-4.8,5.9,-0.1,-3.4,-0.5,-4.5,-1.7,-3.3,2.1,-2.0,-0.3,-0.6,1.4,-0.5,-2.3,-0.4,-2.7,-3.9,0.3,-5.7,-1.8,-4.4,-1.7,-1.9,-10.3,-0.7,-7.0,-6.5,-1.6,-4.5,-5.8,-4.5,7.9,12.4,2.4,2.1,-2.3,-2.0,0.6,0.0,2.1,-1.6,-3.8,2.9,-1.9,1.8,0.3,-6.3,-0.3,-2.9,-7.9,-1.9,2.4,0.5,0.0,2.0,-7.3,-0.3,-1.0,-6.5,-4.8,-5.8,0.3,-2.3,0.3,-1.5,-3.8,-3.1,-1.5,-1.7,-0.7
2C7L510j5Y,0,48.101132,11.634816,4442810.19,2777744.39,535.6,581.3,228,7452,2.7,0.82,0.36,32.68,348.96,-0.53,-0.103,0.842,-0.1,0.1,-0.74,0.2,0.6,0.2,-0.3,-1.3,0.5,-0.4,-0.1,0.6,-1.6,1.0,0.7,0.5,2.1,0.3,-0.8,0.5,-2.3,0.7,-0.1,-0.6,-2.3,-1.4,-4.2,-1.9,-2.6,-0.3,-4.4,-3.4,-1.3,2.0,0.5,1.1,-7.8,-1.1,-1.3,-1.1,0.4,1.6,3.0,10.6,7.9,9.3,9.9,8.3,10.6,7.3,7.1,5.4,4.2,-4.1,-1.6,3.6,-2.9,-2.0,-0.2,1.4,-0.7,-1.8,3.9,-1.4,1.6,1.2,2.7,4.0,3.5,5.2,1.9,-2.6,-1.3,-0.3,1.3,-0.3,1.0,-1.7,1.2,0.4,3.9,2.5,3.9,2.1,4.0,2.6,3.4,1.4,1.3,-0.7,-0.8,-0.1,-0.8,3.5,0.7,1.6,0.3,0.5,0.3,-1.9,-0.7,0.9,1.0,-0.3,2.7,3.3,2.8,-0.1,3.5,0.6,5.8,3.7,4.7,3.2,2.8,2.6,4.4,4.4,1.9,-0.0,3.2,0.7,0.8,1.5,-2.2,3.4,1.0,2.1,2.4,2.5,-0.2,2.5,2.0,-0.8,0.4,1.5,2.6,7.0,6.5,0.9,2.8,1.8,2.1,2.9,2.5,5.0,6.1,-5.9,-1.6,2.8,2.3,-3.7,-1.1,4.3,3.2,5.0,-0.6,0.1,2.8,2.2,2.2,2.2,0.1,-1.4,2.7,3.9,4.8,2.9,1.8,2.3,1.8,2.2,1.4,4.7,-1.1,2.5,2.2,4.4,0.7,0.6,-5.2,0.9,1.6,2.7,3.0,-0.4,4.4,3.5,2.0,1.6,1.2,1.5,1.5,-2.3,0.4,4.8,-1.9,-1.4,-0.6,1.4,-2.7,0.7,-1.0,2.2,-2.5,0.1,0.3,-2.7,-0.9,-1.8,-1.8,1.9,2.1,1.7,-0.1
2C7L510j5n,0,48.101261,11.635825,4442885.07,2777760.44,543.2,588.9,228,7467,3.2,0.76,0.49,32.68,348.96,-0.53,-0.103,0.842,-1.2,0.2,0.63,0.24,1.4,0.2,-0.3,0.7,2.1,3.3,4.7,1.5,-4.6,1.4,0.0,-0.1,0.0,2.1,-1.7,2.8,0.0,2.7,2.9,-0.7,-3.4,-5.0,-7.8,-4.5,-5.2,-0.7,-5.1,-2.6,-4.2,-2.9,-5.5,-0.3,-6.4,-0.3,-9.8,-8.1,-9.8,-4.7,-6.8,1.2,-0.2,-1.8,-4.0,-2.8,-3.4,-2.7,-1.9,-0.7,-3.6,-3.3,-3.2,-2.4,-1.9,-1.3,-1.7,1.1,3.0,1.2,-10.1,-2.8,-3.8,-2.4,-3.6,-9.4,-2.5,-0.8,-1.4,-3.8,-3.7,-3.4,0.2,-4.7,0.3,-3.4,2.9,-0.5,0.0,-0.3,0.6,-2.5,-1.1,-2.7,-2.2,-2.0,-1.4,-1.8,-0.1,-0.6,-1.3,-1.0,-1.2,-4.9,-1.7,-2.3,-4.5,-5.1,-10.4,-9.0,0.2,-1.1,-7.9,-9.0,-8.1,-8.9,-7.2,-5.1,-8.8,-11.3,-8.8,-9.1,-8.6,-13.2,-12.5,-11.1,-13.6,-3.7,-4.2,-10.0,-6.7,-4.8,-4.2,-3.1,-6.0,-4.5,-2.7,-3.2,9.9,-11.6,-3.2,-3.7,-6.9,-5.9,-2.6,-4.0,-8.6,-7.4,-10.5,2.5,-9.1,-4.6,-2.3,0.0,-4.4,-6.6,-5.6,-5.4,-9.2,-4.7,-3.9,-2.4,-6.0,-3.9,-5.2,-1.0,-5.4,-6.2,-6.8,-9.5,-8.7,-12.2,-5.8,-6.1,-5.6,-6.7,-8.0,-6.7,-8.9,-11.2,-5.4,-5.6,-9.5,-5.7,-6.1,-6.0,-4.4,-8.3,-7.3,-6.1,-5.4,-5.8,-5.8,-2.2,-8.2,-8.0,-3.8,-5.4,-6.7,-4.8,-5.1,-5.4,-8.0,-6.6,-10.0,-9.7,-7.8,-7.2,-5.5,-1.1,-7.2,-6.0,-6.2,-3.4,-14.9,-7.2,-8.5,-7.4,-7.4,-4.1,-6.4,-7.2,-7.9
2C7L510j6C,0,48.101482,11.637544,4443012.57,2777787.76,557.3,603.0,228,7492,3.1,0.79,0.42,32.69,348.96,-0.53,-0.103,0.842,-0.2,0.1,-0.19,0.23,1.0,0.2,-0.3,2.2,1.4,2.7,0.7,0.5,1.2,0.1,3.1,1.7,0.8,3.2,3.1,5.0,2.5,3.9,0.6,-2.0,-1.9,-7.8,-4.1,2.6,-1.1,-0.5,-1.0,-1.6,0.2,-2.5,-0.0,-1.7,-2.5,0.1,-12.6,-4.6,-12.2,-5.6,-4.6,-4.8,-4.8,-3.0,0.7,-3.8,2.8,-3.8,-1.9,-0.2,-7.0,-2.0,-0.0,-4.9,0.1,-3.6,-1.1,-2.3,-2.5,-1.3,-2.9,2.7,0.2,-1.8,-1.2,-1.6,-0.2,-3.9,-3.4,-1.9,0.3,-0.8,0.1,1.9,0.3,-1.4,-2.5,-0.6,1.2,0.8,-2.8,4.5,1.3,-0.3,-2.3,1.4,-7.0,2.7,-8.5,8.3,-3.8,1.4,-3.0,1.1,3.1,-0.9,-1.0,-2.1,-7.5,-0.8,2.0,1.0,0.9,-6.0,0.3,-4.8,-4.1,-1.0,-1.7,-3.5,-2.0,-2.6,0.6,0.6,0.4,0.5,-0.8,-0.2,-1.1,0.4,-2.1,3.0,-1.9,-1.6,-1.5,4.9,1.9,-0.2,0.2,-0.0,-3.6,5.2,1.0,-2.1,0.4,-1.8,1.4,4.2,1.2,-10.1,-11.3,8.4,-1.8,2.6,0.5,4.5,-2.0,-2.4,-2.5,-1.0,-0.2,0.3,-0.7,-2.0,-2.7,2.0,1.6,-0.4,-0.6,-0.5,-0.5,-0.7,-2.8,-8.4,-5.8,-2.8,-1.8,0.3,-5.1,-4.0,-2.5,-0.7,-2.5,0.6,0.5,0.7,-2.6,-5.9,-2.0,2.3,-5.3,-5.8,-5.0,4.4,-2.3,-4.5,-0.7,-0.3,-3.4,-2.8,-6.6,0.3,-2.1,-2.3,-1.6,-0.7,-2.6,2.5,-0.4,-3.4,-1.2,0.4,-5.4,0.0,-5.2,-0.3,-1.0,-1.5,-3.8,3.0,-2.4,-3.8,-4.0
2C7L510j3G,0,48.100113,11.626736,4442210.72,2777617.86,538.0,583.7,228,7310,3.9,0.6,0.5,32.64,348.96,-0.529,-0.103,0.842,-1.3,0.2,0.03,0.3,3.3,0.3,-0.3,0.5,-3.2,-1.0,-2.1,-1.2,-3.8,-3.8,3.1,-5.5,-0.3,0.1,0.2,9.2,2.7,-4.2,2.5,-7.9,-3.6,-4.8,1.8,-1.3,-7.2,-2.2,-6.1,-4.9,-6.3,-3.4,-6.5,-0.8,-10.7,-10.7,-13.2,-13.1,-10.1,-7.7,-11.6,-10.2,-6.6,-3.1,-6.9,-5.4,-1.7,-4.9,-4.4,-5.6,-1.6,-3.4,-2.9,-2.0,-2.2,-4.7,2.3,-3.7,-2.7,-1.6,-2.5,-5.2,6.2,5.0,-5.7,-4.1,-10.8,-6.9,2.4,-7.6,-0.9,0.5,-3.1,8.6,2.8,3.0,-3.5,-0.2,-6.0,-0.1,-0.7,0.8,-1.8,-5.9,-6.1,-5.2,-6.5,-9.0,1.1,3.7,-13.4,-12.3,-9.8,-11.7,-10.6,-17.5,-11.4,-10.9,-8.3,-16.8,-6.7,-5.0,-7.6,-7.4,-4.9,-16.3,-7.9,-7.2,-6.9,-5.0,-7.2,-2.1,-4.4,-4.4,-7.0,-4.3,-3.9,-3.5,-4.0,-6.1,-4.3,-3.6,-2.8,-4.2,-9.2,-1.3,-3.3,-6.8,-3.2,-2.1,-4.2,-2.7,-11.2,-6.5,-9.2,-16.0,-9.4,-7.0,-3.4,-9.6,-2.9,-7.8,-4.2,-6.7,-0.9,-7.2,-6.8,-8.0,-8.6,-7.1,2.4,-4.8,-1.7,-5.7,-8.1,-5.2,-8.2,-9.1,-4.4,-9.7,-7.2,3.8,-8.9,-13.5,-1.6,-12.0,-12.2,-10.1,-11.5,-12.9,1.8,-13.4,-15.6,-15.6,-8.8,-9.6,-10.8,-13.1,-3.7,-5.4,-6.3,-2.5,-10.1,1.5,-6.7,-8.3,-4.6,-2.8,-9.6,-4.9,-17.6,-7.6,-3.5,-10.1,-10.7,-12.1,-14.2,-9.0,-13.1,-9.5,-9.4,-9.9,-17.1,-20.2,-8.8,-6.2,-6.5,-5.8,-11.6,-6.9,-8.9,-10.4,-2.6
2C7L510j41,0,48.100474,11.629551,4442419.54,2777662.64,544.7,590.4,228,7357,2.2,0.89,0.36,32.65,348.96,-0.53,-0.103,0.842,-0.5,0.1,0.2,0.17,0.4,0.1,-0.3,0.9,1.1,-1.2,0.5,-1.4,-3.2,2.7,2.1,0.7,-6.3,1.1,-1.6,2.5,2.7,2.0,2.1,0.9,-1.7,1.9,3.1,0.6,4.5,1.5,0.3,4.3,4.0,1.7,-0.1,-0.3,-1.8,-3.4,-2.8,-2.9,-1.6,0.0,3.5,1.3,4.5,2.5,0.7,-0.5,0.5,4.3,-0.1,1.4,-0.1,-4.8,-2.0,-1.6,-0.5,0.3,2.3,0.1,0.7,-0.8,1.2,-1.4,-2.5,-2.5,-0.8,-1.2,-1.1,-4.4,-2.0,-4.6,0.4,-0.5,-0.3,-2.1,-1.4,-4.7,-1.4,-2.6,-0.4,0.2,-0.7,-0.4,-1.1,1.2,-0.2,-0.5,-1.0,0.4,0.5,0.5,2.4,-0.4,-1.7,-4.0,1.5,-2.6,-0.6,-1.7,-1.5,-1.2,0.7,0.7,0.8,0.6,2.8,0.7,-1.0,-0.8,2.7,-1.5,1.2,1.2,0.2,0.8,1.2,0.8,1.1,-0.2,0.1,1.3,1.6,0.9,0.3,-0.1,4.4,2.1,0.4,-1.2,0.1,0.3,-0.3,-3.2,-0.6,-4.1,-4.2,-4.7,-3.7,-5.4,1.3,-0.7,0.9,-0.1,1.9,4.4,3.0,-0.6,-1.0,-0.6,-1.4,0.6,-1.4,-2.6,-4.4,-3.9,-2.4,-3.4,-0.3,-1.2,-1.9,-1.4,-0.5,-0.2,0.8,2.4,-1.7,-3.1,-0.5,-2.7,1.2,-4.3,-2.4,-3.4,-3.3,0.1,-1.1,-0.3,-1.9,-7.4,-3.3,-3.0,-8.6,0.5,-1.7,-12.5,-2.5,-2.9,-1.0,-0.6,0.5,0.1,0.1,-1.2,-2.8,0.7,-2.9,-2.4,-2.5,2.6,-1.9,-0.3,-0.9,-0.5,-1.2,-3.1,-0.3,-4.3,-0.4,-1.4,-0.8,-0.4,1.4,-1.1,-0.0
2C7L510j4B,0,48.100526,11.629956,4442449.58,2777669.11,534.5,580.2,228,7367,2.6,0.84,0.35,32.66,348.96,-0.53,-0.103,0.842,-0.6,0.1,-0.22,0.2,1.1,0.2,-0.3,-0.7,-0.4,-0.3,-0.3,0.6,2.7,1.2,0.6,2.0,-3.9,0.8,3.8,2.8,-0.8,-1.0,-0.9,1.8,-0.6,-0.6,0.9,-0.7,3.5,2.3,-0.5,2.6,2.7,3.0,1.0,1.7,-3.6,2.0,-1.8,-3.1,-0.7,2.3,2.9,1.5,3.1,4.1,0.0,0.9,2.9,6.0,3.8,2.8,1.0,2.4,0.7,2.3,1.3,1.6,1.6,2.7,0.4,1.2,-0.7,1.3,0.3,3.5,4.0,3.9,1.6,-5.8,2.6,4.9,1.3,2.5,-1.7,-0.2,1.6,-1.9,0.3,-0.3,-0.1,0.5,0.8,0.7,-0.1,1.4,-0.7,-0.2,-1.2,1.6,4.1,1.9,0.1,3.0,3.7,3.6,1.7,2.5,0.1,1.8,2.9,2.6,2.7,2.0,4.1,3.6,2.3,-3.3,0.4,3.2,1.2,3.2,3.1,2.5,1.0,1.1,2.7,0.3,-0.4,0.4,1.6,-1.5,1.8,1.3,-0.8,1.3,0.1,4.9,1.0,1.1,0.5,-1.1,2.6,0.7,1.1,2.5,-0.3,-6.3,0.5,2.2,1.1,-1.8,-0.4,4.1,4.7,5.4,3.0,6.3,0.6,1.8,-0.9,-0.1,-2.4,-4.6,-1.8,2.7,-0.1,-4.5,-6.2,-5.8,-2.4,2.8,-4.0,0.5,-3.8,6.5,0.3,1.0,-4.4,1.2,-0.4,-0.4,-0.2,-0.2,-1.9,-0.5,2.8,-0.6,-2.0,0.8,-1.0,-0.9,-3.1,-2.3,-2.1,-10.0,-1.2,-2.5,-0.9,-2.5,0.4,-1.6,-3.0,1.2,2.4,-2.2,-2.8,-2.3,1.3,0.6,-2.1,0.6,0.7,-10.6,1.1,5.0,15.1,8.6,-4.1,1.5,0.6,-5.8,-5.8,-4.7,-3.8
2C7L510j5Q,0,48.101118,11.634566,4442791.62,2777742.46,546.5,592.2,228,7444,3.9,0.71,0.49,32.68,348.96,-0.53,-0.103,0.842,-0.2,0.2,-0.21,0.29,0.9,0.3,-0.3,0.9,-4.8,-4.9,7.7,1.9,-2.4,7.2,-1.4,10.3,11.0,-5.2,-0.2,-6.3,1.1,0.2,0.1,0.8,-1.8,-4.4,-7.5,-1.4,-0.8,-1.9,0.5,-4.4,-5.6,2.3,10.0,2.5,-0.4,-1.3,-7.4,-4.8,-3.2,-3.7,-4.7,-4.0,-2.7,-2.1,2.3,3.6,0.2,-9.6,-7.7,-10.6,6.5,-2.5,-2.8,-3.3,-5.7,-5.1,-1.9,3.6,1.5,1.3,-4.0,0.6,-0.5,0.7,10.2,-7.3,-0.9,5.4,-2.5,-3.6,5.1,-4.6,0.6,-4.6,6.5,4.1,-0.5,2.4,-6.0,0.9,-3.4,-3.2,-1.3,-2.4,-2.1,-1.1,-4.6,-3.0,-1.4,0.1,-1.0,1.9,-6.0,-3.9,0.9,12.7,1.8,-2.0,-6.3,-1.5,-0.3,0.3,-1.2,-3.2,-3.6,-2.5,-1.9,1.2,-2.2,-2.3,-3.1,14.4,-2.2,-6.0,-2.6,-1.9,-4.7,-6.6,-3.2,-1.8,-2.9,-1.2,-3.3,-0.2,0.7,2.5,1.0,-0.9,-3.8,11.7,1.1,-9.2,0.5,-0.9,-3.1,-4.9,-4.2,0.1,-1.9,-2.1,-0.4,3.6,2.2,3.5,-1.2,-4.9,-2.2,-3.5,1.3,-1.3,-5.2,1.3,-0.4,5.8,-1.2,0.7,-0.3,4.9,-3.3,-4.6,5.4,-0.6,-3.5,-4.9,0.5,1.4,-2.5,2.2,0.6,3.4,-0.6,-1.3,-4.6,-0.1,-0.4,-3.4,-3.9,-2.0,-5.9,-4.9,-2.8,-2.6,-0.0,-5.4,-3.4,1.1,2.7,2.8,-1.2,-2.9,-1.9,-1.3,-1.3,-2.2,-5.5,-5.3,-2.9,0.7,-3.0,-4.5,-3.4,-3.8,2.1,-5.9,2.3,-5.5,-1.5,-3.8,-3.9,-2.9,-2.6,0.5,0.1
2C7L510j5p,0,48.101304,11.636013,4442898.94,2777765.48,548.0,593.6,228,7469,2.5,0.85,0.33,32.68,348.96,-0.53,-0.103,0.842,-0.7,0.1,-0.2,0.19,1.2,0.2,-0.3,-0.9,1.4,2.0,2.7,1.0,-4.0,1.9,0.1,2.4,-2.6,2.2,-4.6,0.7,1.7,4.0,4.5,3.8,5.5,3.1,1.0,2.4,5.4,4.0,2.2,1.2,2.8,-0.1,-5.1,0.2,2.5,1.5,-2.6,-0.1,-2.3,-0.5,-0.4,5.4,1.9,3.5,4.6,1.7,-1.3,0.6,6.3,2.7,2.9,-4.4,-1.8,1.9,2.1,0.4,1.6,2.8,2.5,1.5,2.8,-2.6,2.0,1.4,-1.3,-0.4,0.5,-1.9,0.1,-5.9,-4.7,-1.3,-2.2,1.0,2.4,-3.3,2.3,-1.0,0.3,1.6,1.3,1.5,0.4,1.4,3.6,1.2,1.2,0.1,0.4,2.4,1.4,3.6,1.2,2.2,3.1,0.8,0.0,-1.3,-0.3,1.9,2.8,-1.1,2.9,3.8,-0.8,0.8,3.2,1.5,1.7,0.8,0.6,-0.2,1.2,-0.2,0.7,3.2,0.5,1.8,-1.1,-0.4,-3.2,-2.7,-0.3,-1.1,-1.1,-3.5,0.8,-2.3,1.6,3.6,3.1,-2.2,2.4,2.0,0.3,2.4,1.0,-4.0,2.3,3.4,1.8,0.3,3.5,3.5,1.7,-1.6,-2.3,0.4,1.2,-1.2,-1.6,-3.7,-1.3,-1.9,-1.8,-8.3,-1.1,-0.2,0.2,2.4,-1.5,-1.3,-2.1,3.7,3.3,5.6,5.0,3.5,3.1,-0.1,-2.8,3.0,-4.1,-2.9,2.8,2.0,1.4,-8.7,-6.2,-3.1,-4.4,-3.2,-0.8,-14.8,-1.2,0.9,-1.0,-3.6,-1.2,0.4,0.5,-6.0,0.4,0.2,-0.9,-1.6,-3.7,-6.2,0.0,1.0,0.7,-3.6,-3.1,-4.6,0.1,-1.3,-2.5,-0.6,-0.9,0.4,-3.7,-1.9,-1.7
2C7L510j5u,0,48.101315,11.636097,4442905.2,2777766.84,538.2,583.9,228,7474,2.2,0.86,0.37,32.68,348.96,-0.53,-0.103,0.842,-0.6,0.1,0.4,0.18,1.0,0.1,-0.3,-1.8,-0.3,-0.5,-1.1,-0.3,0.3,-0.2,1.5,2.0,2.6,1.9,3.0,-0.4,1.0,-1.5,0.4,-4.3,3.0,-2.6,-1.8,-1.7,-0.0,-1.5,-0.4,0.8,-2.4,-0.1,3.8,2.1,-0.4,2.6,-3.9,-2.6,-7.0,-3.4,-7.4,-1.4,-4.4,-4.4,-2.0,-2.8,-2.1,-0.5,-2.1,-0.8,-0.7,-1.9,1.2,2.3,2.1,1.3,1.9,0.6,0.7,-0.0,0.7,-0.3,3.4,1.6,1.7,-0.2,1.4,-2.2,1.2,-0.9,0.2,-0.2,4.3,2.2,0.2,-0.1,-0.3,0.6,0.7,0.3,-0.0,0.3,1.5,0.0,-2.9,1.6,-0.6,-0.4,1.6,0.9,-2.2,0.1,-2.0,-1.7,-0.6,-0.3,-2.4,-1.3,-4.5,-2.0,0.1,-3.2,-0.4,0.2,-0.8,-0.5,-1.0,-1.3,-0.6,-0.4,-0.9,-1.1,-0.3,-2.9,-0.5,-1.0,-1.8,0.5,-0.4,0.2,-2.2,-0.7,-1.3,-1.7,-1.3,-3.1,-0.1,-1.9,-2.0,-0.5,-0.4,-0.9,-2.9,-3.1,-3.1,-1.3,-2.8,-3.6,-2.8,-8.7,-7.5,-10.2,-4.2,-1.3,-0.7,1.3,0.6,-4.5,-0.5,-3.2,-1.9,-1.7,-4.4,-7.2,-6.6,-5.3,-6.7,-1.5,-1.8,-5.9,0.2,-6.0,-3.2,-1.7,-1.8,-1.7,-3.8,-2.1,-6.3,-5.6,-3.0,-0.7,-8.0,-6.4,-4.8,-2.4,-6.0,-1.5,-0.6,-1.5,-1.4,7.2,-0.3,-5.6,-1.7,-1.4,-1.7,-3.3,-3.3,-3.3,-1.1,-6.8,-1.5,-4.3,-2.1,-6.5,-4.2,-7.2,-7.7,-0.3,-1.2,4.3,0.6,1.2,-0.9,-1.7,-3.2,-4.2,-3.5,-1.0,-0.2,0.7,-0.3
2C7L510j6f,0,48.101652,11.638727,4443100.27,2777808.68,537.0,582.7,228,7521,2.4,0.86,0.38,32.7,348.96,-0.53,-0.103,0.842,-0.1,0.1,-0.36,0.18,0.7,0.2,-0.3,-2.3,-0.7,0.1,3.5,1.7,1.4,-0.2,2.9,2.3,2.7,0.3,1.5,-0.9,-0.1,-0.6,0.2,-2.2,-1.5,-2.1,-1.5,2.6,4.4,-1.0,-0.9,1.5,-1.1,2.0,2.0,3.6,-0.5,1.2,-5.1,-8.7,-6.4,-4.1,-5.3,-3.6,-4.9,-2.4,-1.5,-3.5,0.6,-0.9,-7.0,0.7,-1.0,-0.1,-2.0,-0.6,0.4,-1.0,-1.3,-1.6,-2.6,-2.1,-0.2,1.6,-0.8,-0.0,-1.7,-1.1,-0.7,3.3,-0.4,-0.5,-0.8,0.0,5.9,-0.2,1.2,0.5,-1.0,1.5,1.5,0.1,-1.5,3.2,0.8,-1.6,-0.9,2.6,-1.5,-0.5,-1.0,0.5,-0.7,0.5,-7.6,-7.5,-1.3,0.9,-2.9,-2.2,-11.3,0.8,-2.9,1.3,-1.5,0.7,-0.5,-5.4,-4.1,-0.2,-0.5,-2.4,0.7,0.5,0.7,-1.4,2.0,0.8,1.1,1.7,1.4,-0.3,-2.8,-1.9,1.3,-0.3,-2.1,1.6,0.5,-2.2,0.6,0.0,0.8,0.2,-0.7,-0.9,1.4,3.4,1.0,4.4,-2.3,-1.3,2.1,0.9,2.8,4.7,1.9,-0.8,-3.0,-3.7,-1.7,1.8,-1.6,-0.2,-2.4,-3.9,-2.8,-0.6,-2.3,0.1,0.8,-0.4,-0.8,-0.6,-2.6,2.0,1.0,-1.8,4.4,1.6,0.6,-1.8,1.0,1.1,-5.2,-0.7,0.8,-1.4,-1.2,-2.1,0.9,0.1,-3.4,-4.0,-1.6,-1.1,-0.8,-1.1,0.2,-2.0,-3.9,-0.9,-0.3,0.3,-4.6,4.0,-1.1,0.4,-2.3,-1.7,-3.5,1.1,2.6,-4.5,-0.5,0.9,-2.2,-2.1,-2.8,-4.3,-6.2,-2.5,-6.3,-5.8,1.5
2C7L510j2u,0,48.099996,11.625687,4442132.8,2777603.21,546.9,592.6,228,7288,4.6,0.56,0.56,32.64,348.96,-0.529,-0.103,0.842,-0.4,0.2,-0.89,0.36,1.1,0.3,-0.3,-4.7,-0.2,7.7,1.4,0.1,-4.2,1.8,-6.8,-9.9,-2.0,2.9,-4.4,-6.5,7.1,3.0,-7.5,6.3,-1.3,-2.5,3.0,1.7,0.5,6.0,-1.0,-9.6,1.8,2.1,3.7,1.1,2.6,-12.0,-2.5,-4.3,-2.8,5.4,-4.2,-0.6,2.3,4.8,2.0,10.2,2.2,8.1,6.9,8.4,5.8,8.4,-0.9,4.4,0.8,6.3,10.4,5.5,0.4,3.5,4.7,7.0,2.0,2.7,8.8,4.1,0.8,4.2,-2.9,-9.6,0.3,1.9,6.7,4.0,6.7,1.9,1.9,7.3,4.9,3.9,5.6,5.3,9.5,2.0,-0.9,9.0,13.1,2.4,2.8,0.5,-1.7,-2.2,-5.5,11.4,3.3,-6.2,2.8,-1.5,2.6,2.7,2.7,-2.3,-0.1,-0.1,3.2,5.6,2.5,2.2,7.0,4.7,0.8,4.4,5.0,3.2,-0.8,-2.9,5.2,-1.3,10.3,10.7,10.0,-2.6,7.3,1.5,0.7,2.8,0.9,-1.3,-11.3,-4.2,0.8,0.4,-7.3,2.6,0.4,-3.5,-4.7,1.7,10.8,-7.3,-0.1,-2.6,-1.8,3.5,2.2,1.8,0.6,3.7,4.8,4.5,3.9,7.3,1.0,2.7,3.1,3.1,5.8,6.8,6.7,-1.2,2.4,2.9,3.1,3.2,-6.0,3.7,-8.6,0.2,-3.0,-5.8,1.2,2.4,-7.9,0.5,1.3,1.4,9.0,-9.8,-0.7,-8.0,-2.9,0.4,4.2,-5.8,6.7,0.1,0.8,2.1,2.6,3.0,-1.8,-1.4,2.4,4.2,-0.8,5.5,2.5,-8.3,-4.7,-0.5,5.8,-9.8,-3.3,-6.2,14.1,8.9,-1.0,1.0,-2.4,-2.8,-3.0,-3.4,-1.4
2C7L510j3F,0,48.100131,11.626737,4442210.69,2777619.92,541.0,586.7,228,7309,2.6,0.84,0.47,32.64,348.96,-0.529,-0.103,0.842,-0.4,0.1,0.51,0.2,1.0,0.2,-0.3,-4.5,-1.4,1.3,-1.6,0.8,0.7,0.3,6.3,-0.5,5.5,-1.3,5.2,-3.6,0.6,-4.7,-2.2,-0.8,-2.0,-1.6,-2.6,1.8,-0.6,-1.0,-1.1,-0.6,-2.0,-0.4,1.7,-7.6,-6.8,-13.8,-7.2,-7.4,-5.2,-4.3,-3.5,-4.3,-3.1,0.1,-2.9,-1.6,-0.2,-5.7,-4.0,-4.3,-2.3,-0.7,-0.1,0.6,-0.0,-1.7,4.6,-1.5,-2.0,-1.7,-2.8,-2.6,-4.7,-0.6,-11.2,-3.1,-4.9,-2.9,-3.6,-2.9,2.5,-4.8,1.7,-4.1,-5.2,-2.4,-3.3,-3.7,-4.8,-5.7,-3.8,-2.2,-1.4,-3.0,-2.0,-1.5,-2.1,-2.5,-1.3,-0.0,-5.7,-6.0,-5.2,-6.4,-4.3,-4.9,-5.6,-6.0,-1.5,-6.6,-4.2,0.4,-2.4,-2.8,-1.8,-4.1,-2.8,-3.0,-2.5,-3.6,-3.5,-0.7,-1.4,-3.1,-2.6,-1.7,-5.1,-4.6,-4.9,-3.9,-4.7,-0.1,-1.7,-2.2,-2.1,0.2,-1.6,-6.0,-2.3,-0.9,-2.6,1.9,-2.8,-3.2,-4.4,-7.3,-5.3,-3.2,-2.2,-5.3,-5.1,-4.0,-2.1,-2.8,-0.1,-0.6,-3.5,-3.2,-4.8,-2.8,-2.2,-4.1,-5.3,-1.8,-5.3,0.7,-3.1,-6.1,-3.3,-5.2,-2.4,-1.6,-2.9,-4.5,-1.0,-5.4,-7.2,-6.0,-5.9,-5.8,1.2,-6.7,-13.1,-0.8,-2.2,-2.4,-3.6,-4.0,-2.1,-3.2,-0.1,-1.8,-2.1,-12.0,-1.5,-2.9,-4.6,-2.7,-4.6,0.2,-2.7,-1.0,-1.8,-6.9,-4.5,-2.2,-5.7,1.6,-5.4,-5.4,-3.9,-6.5,-5.7,-5.8,-3.0,-2.1,-3.3,-2.9,0.9,-0.4,-1.2,-3.5,-1.6
2C7L510j3j,0,48.100343,11.628384,4442332.93,2777646.15,537.4,583.1,228,7339,2.4,0.86,0.38,32.65,348.96,-0.53,-0.103,0.842,-0.5,0.1,0.15,0.18,0.6,0.2,-0.3,-1.9,-0.1,-1.1,-2.0,-0.4,0.9,-3.1,-0.5,-1.9,1.8,-1.0,0.3,7.9,-0.7,-4.1,-0.5,-1.8,-3.1,-1.9,4.0,2.3,2.5,-1.1,2.1,2.3,1.5,1.9,-0.1,0.7,-4.9,-1.5,-3.7,-8.3,-4.2,-5.0,-1.4,-2.4,-1.5,2.0,-0.2,-3.2,-2.1,-5.2,-1.6,0.4,-1.8,0.1,0.2,1.0,0.6,1.6,-0.4,3.6,0.4,0.1,0.3,0.4,0.0,-0.1,-0.7,0.3,0.1,4.1,-2.4,0.7,1.6,-0.5,0.4,-2.3,-0.2,-1.5,-1.1,-0.0,-0.7,-2.4,-0.7,-2.2,-1.1,-1.0,-2.7,-1.4,-2.3,-4.8,-2.9,-1.3,-2.7,-0.7,3.0,1.1,2.9,-5.3,-4.1,-2.1,2.0,-0.8,-1.2,-4.4,-4.4,-2.0,1.3,2.0,-3.5,-1.0,-3.2,-1.9,-3.7,-5.3,-5.9,-1.9,-4.0,-2.0,-4.4,-3.3,-2.6,-1.9,-4.4,-3.5,-2.1,-0.7,-1.7,-3.4,-2.9,-2.9,0.6,-0.4,1.0,-4.0,0.0,-3.2,-1.2,-3.4,-1.3,-2.8,-0.6,-0.1,0.4,1.9,3.1,-0.2,2.8,-3.8,-0.4,-5.1,-7.3,0.4,-2.9,-2.0,-3.5,-4.1,-2.2,-4.0,-0.8,3.0,-1.6,2.5,-2.3,-6.1,-7.2,0.2,-1.2,-4.2,-10.6,-5.2,-6.0,-1.4,-0.1,-5.0,-3.2,-3.9,-4.6,-0.5,-2.0,-6.2,-0.2,0.7,1.1,-1.7,-1.1,-3.5,-5.8,-1.2,0.5,-1.0,-1.8,1.4,-2.2,0.1,-0.6,-2.6,-4.9,-6.4,-5.8,-1.9,-6.5,-4.6,-3.6,-5.0,-3.3,-0.8,-8.9,-1.5,-0.7,-2.7,-1.8,-0.5,-1.8,-1.8,-1.5
2C7L510j4k,0,48.100829,11.632169,4442613.69,2777706.36,546.1,591.8,228,7402,3.6,0.71,0.46,32.67,348.96,-0.53,-0.103,0.842,-0.6,0.2,-0.12,0.28,1.6,0.2,-0.3,1.7,0.5,0.7,4.8,2.3,3.3,-4.6,-1.5,2.3,-1.7,-4.5,2.5,-1.8,4.7,1.8,-11.6,-0.7,-8.2,10.9,-3.5,-3.1,-0.8,3.0,-8.0,-3.8,-3.0,-4.9,-0.7,-0.6,-8.0,-10.0,-6.8,-7.9,-7.0,-8.9,-3.5,1.1,-0.6,-3.4,-0.5,-9.4,-1.0,-9.0,-7.0,-6.4,-4.3,-4.3,-9.9,-7.4,-6.8,-6.4,-4.9,-7.0,-4.5,-6.0,0.8,0.2,2.1,-1.4,-2.9,8.5,-5.2,-4.6,-8.7,-2.8,4.9,13.7,-4.7,-7.9,1.7,1.8,-5.1,-4.3,-7.2,-3.5,-5.2,-8.2,-2.3,-2.9,-2.0,-1.0,-4.9,-12.5,-6.7,-4.5,-7.5,-6.0,-9.7,-6.1,-9.6,-3.8,3.9,-5.1,-2.7,-3.1,-6.6,-0.4,-3.0,-2.1,-6.1,-0.3,-4.3,-0.8,-0.3,-4.7,-3.1,-4.3,-5.0,-6.9,-1.5,-4.1,-3.6,0.1,1.7,-1.3,-4.0,-3.3,-3.5,-2.2,-0.9,-7.0,-4.3,-2.8,-2.2,-1.7,-0.0,-0.3,-1.1,-1.0,-4.4,-5.8,-3.3,-4.3,-6.4,-3.3,-2.6,-6.5,-1.3,-0.1,-2.4,-3.0,-8.7,-3.3,-2.7,-0.8,-0.2,-3.0,-3.2,4.7,-1.2,-2.8,-8.4,-3.6,-5.6,-3.9,4.2,-2.4,-2.0,-6.0,-0.7,-1.9,-7.2,-1.2,-8.3,-9.7,-0.2,-1.7,-7.2,-5.4,-5.3,-7.4,-5.9,-7.2,-12.8,0.2,-1.2,-0.6,-1.8,-5.5,-5.7,-4.8,-4.2,-4.8,-5.7,-3.9,-5.7,-3.1,-8.4,-8.2,-7.1,-7.8,-10.5,-8.5,-9.0,-7.8,-4.4,-5.4,-5.3,0.6,-4.7,-2.8,-6.9,-1.4,-3.6,-8.4,-6.2,-8.3,0.3
2C7L510j5a,0,48.101169,11.634819,4442810.35,2777748.58,532.0,577.7,228,7454,2.5,0.77,0.37,32.68,348.96,-0.53,-0.103,0.842,-1.0,0.2,1.59,0.21,0.5,0.2,-0.3,-0.7,-1.1,-2.1,-0.7,0.5,-1.8,0.9,-0.1,0.7,-0.1,-0.3,0.6,-1.6,1.0,0.3,-0.7,0.3,-1.3,-0.9,-2.2,-0.7,-0.1,1.9,-0.6,-0.1,1.1,1.7,0.8,2.2,-2.1,-2.7,-12.2,-12.3,-11.9,-10.5,-13.0,-4.9,-7.5,-7.8,-8.1,-7.0,-1.4,-9.5,-8.6,-8.3,-7.7,-6.4,-8.1,-7.7,-8.5,-7.8,-9.0,-8.5,-10.5,-9.7,-10.0,-7.3,-10.1,-9.4,-10.6,-11.2,-10.5,-7.9,-10.4,-5.5,-7.2,-9.9,-11.5,-9.9,-10.2,-8.6,-11.1,-10.8,-8.9,-9.6,-9.1,-8.2,-9.7,-9.1,-7.6,-9.3,-9.1,-8.3,-8.4,-7.1,-9.6,-7.4,-7.4,-6.5,-7.9,-8.7,-7.5,-7.9,-12.0,-8.1,-10.1,-6.4,-7.4,-6.4,-9.1,-7.9,-9.0,-8.1,-6.9,-9.2,-8.5,-9.3,-7.8,-11.3,-8.3,-10.3,-9.4,-10.3,-9.3,-9.1,-8.3,-8.2,-8.9,-6.7,-8.0,-7.4,-9.0,-8.6,-10.7,-9.7,-8.3,-9.1,-8.2,-9.7,-9.1,-9.3,-3.9,2.1,-9.2,-11.7,-11.4,-8.0,-7.9,-4.7,-5.0,-2.6,-10.3,-8.3,-9.2,-9.9,-9.9,-9.2,-7.4,-7.6,-11.2,-11.1,-11.7,-10.2,-9.1,-9.4,-8.5,-7.5,-8.2,-6.2,-6.5,-9.4,-10.3,-7.2,-7.6,-8.3,-8.1,-11.9,-12.2,-7.1,-7.4,-8.5,-9.4,-4.8,-5.8,-4.0,-7.8,-6.9,-9.7,-14.7,-8.9,-9.2,-8.6,-9.7,-6.3,-7.8,-7.8,-9.2,-8.1,-8.6,-10.2,-11.4,-9.6,-11.5,-13.2,-8.6,-9.9,-5.5,-10.7,-9.4,-10.5,-7.7,-9.9,-9.1,-9.2,-6.8,-7.9,-8.4,-8.5
2C7L510j5l,0,48.101272,11.635621,4442869.84,2777761.32,541.2,586.8,228,7465,4.1,0.69,0.51,32.68,348.96,-0.53,-0.103,0.842,-0.9,0.2,1.3,0.31,0.6,0.3,-0.3,-1.1,-1.8,0.8,-1.6,0.3,-2.5,-0.1,-1.0,1.1,3.6,-0.7,1.7,-1.1,-0.8,-2.8,0.4,2.2,3.0,1.7,-0.5,-0.6,-0.1,-2.5,-0.3,4.1,6.2,11.6,5.5,9.7,4.5,-15.3,5.4,-3.3,-8.8,4.2,-13.8,-1.0,6.0,-11.1,-8.6,-16.9,8.0,2.5,-5.1,2.3,-5.4,0.1,0.4,-17.1,1.9,-10.0,2.3,1.1,7.1,2.1,-7.7,6.0,-13.4,-2.5,-6.5,-7.6,-5.2,3.1,-2.8,-1.8,-0.8,-4.3,-0.6,-4.1,-1.6,-1.7,-2.4,-3.7,-0.6,-2.9,-3.1,-1.5,-2.0,-4.0,1.0,0.3,-2.2,-4.3,-2.9,-2.7,1.9,-0.6,2.3,2.3,-1.5,-1.5,-4.1,-2.6,-6.9,-2.6,-1.7,-3.3,-0.1,-2.3,-4.6,-3.4,-0.9,-1.7,-1.9,-1.2,-0.5,-2.1,-5.1,-9.1,-3.6,-3.7,-5.1,-4.1,-5.5,-5.3,-5.8,-5.3,-7.9,-6.7,-5.1,-3.6,-5.2,-8.2,-8.4,-9.4,-3.4,-4.5,-4.4,-5.1,-7.2,-3.2,-4.2,-3.2,-5.0,-9.0,-5.9,-5.7,-6.9,-4.1,-5.2,-4.9,-6.4,-6.4,-5.7,-4.8,-6.5,-6.6,-6.2,-5.6,-8.0,-5.9,-10.3,-6.6,-5.8,-6.5,-8.3,-6.2,1.0,-1.3,-4.1,-5.4,-7.6,-5.8,-6.9,-6.2,-5.7,-1.3,-4.8,-3.2,-3.5,-4.7,-6.6,-5.6,-0.8,0.1,-1.3,-0.9,-5.5,-3.0,-5.5,-7.3,-3.6,-3.3,0.8,-7.6,-6.2,3.3,-4.3,-5.6,-21.2,-5.5,-2.7,-6.0,-9.9,1.5,-2.6,-6.7,-4.7,-6.6,-0.5,2.1,-3.3,-2.6,-2.7,-0.5,-2.2,-1.7,-5.5
2C7L510j5s,0,48.101339,11.636144,4442908.58,2777769.62,546.3,591.9,228,7472,2.2,0.88,0.32,32.68,348.96,-0.53,-0.103,0.842,-0.4,0.1,0.55,0.17,0.3,0.1,-0.3,-3.5,-0.6,1.9,-1.4,-1.9,-0.2,-0.2,0.2,-1.6,2.1,-3.2,1.6,-7.0,1.3,4.7,2.9,0.0,-1.4,-3.1,-3.0,-2.7,-1.6,-0.4,-0.4,0.6,-0.6,0.7,2.2,3.2,-1.4,1.5,-7.5,-4.6,-7.7,-1.2,-5.1,-1.7,3.3,0.9,0.0,-1.8,1.1,-1.1,0.7,0.0,-0.2,1.9,1.9,-0.6,2.5,-0.7,1.0,0.4,-0.2,1.2,-1.5,0.4,-0.4,-2.0,-2.2,-1.6,0.6,-1.1,-3.9,-0.3,-1.5,-4.1,-0.5,-1.7,-2.0,-2.5,-2.4,-2.2,-0.4,0.3,1.0,2.5,3.7,1.3,-1.3,-2.7,-2.6,-1.6,-3.8,-3.9,-7.6,-0.0,-2.1,-3.3,-4.8,-2.3,-5.9,-4.0,-7.7,-1.6,-1.3,-1.9,-1.3,-1.1,-0.3,-2.4,-2.7,0.7,-0.6,-1.0,0.7,-3.1,-2.8,-1.0,-1.0,0.6,-1.9,-2.3,-3.5,-1.7,-2.2,-4.5,-4.1,-3.5,-6.3,-2.5,-3.9,-3.1,-3.7,-2.3,-1.1,-2.2,-3.7,-4.9,-4.5,-1.3,-1.9,0.7,-3.7,-3.8,-5.4,-1.5,-3.5,2.4,6.6,0.5,-1.3,-2.2,-2.5,-3.0,-3.9,-0.5,-3.5,-4.9,-5.5,-0.7,-2.9,-4.5,-2.7,-3.2,-2.1,-1.2,-2.0,-0.6,-3.1,-2.1,-2.4,-2.3,-1.5,-3.1,-1.6,-2.5,-4.3,-5.9,-0.6,-2.5,-3.3,-4.9,-2.3,-0.9,-2.0,-2.5,-2.1,-5.3,-1.1,-2.5,2.1,-0.2,-1.6,-2.8,-3.0,-1.8,-1.8,-5.1,-2.8,0.7,0.3,2.1,-5.1,-0.0,-1.0,-1.7,-1.4,-4.2,-6.0,-4.6,-2.6,-1.4,0.5,0.4,-1.9,-1.0,0.9
2C7L510j5w,0,48.10134,11.636152,4442909.23,2777769.78,536.5,582.2,228,7476,2.1,0.88,0.31,32.68,348.96,-0.53,-0.103,0.842,-0.5,0.1,-0.28,0.16,1.4,0.1,-0.3,-2.0,-0.7,0.4,-1.2,1.3,-0.2,0.3,-0.9,-0.3,3.4,-0.7,-0.3,-1.4,1.3,1.7,1.1,-0.6,1.1,-2.6,-5.1,-1.7,-1.7,-0.7,-0.8,0.2,-1.4,-0.3,-2.1,-2.7,-3.0,2.0,-6.7,-4.5,-7.0,-3.6,-4.0,-1.9,-4.8,-2.8,-2.8,-2.4,-0.6,-1.1,-1.0,-1.3,1.0,-1.3,-0.8,0.1,0.4,-0.1,1.0,1.7,3.3,-1.0,1.6,-1.7,0.4,0.4,1.8,0.2,-0.2,-3.3,-0.5,1.8,-0.7,0.0,2.1,1.8,1.5,3.1,-0.1,-0.4,0.6,0.8,-0.0,2.0,-0.4,-1.3,-1.3,-2.4,-3.6,-0.6,0.1,-0.5,-5.2,-5.0,-6.4,-0.8,0.8,-3.7,-4.7,-3.1,-6.1,-4.5,-0.2,0.7,-1.3,-0.6,-6.9,-2.4,-5.0,-1.2,0.6,-4.5,-3.4,-1.8,-1.7,-5.1,-1.8,-1.5,0.2,1.3,-0.4,-1.8,-1.3,-2.0,-1.5,0.6,-2.7,-2.9,-2.1,1.1,-0.7,-1.3,-0.4,1.2,0.2,-2.9,-3.1,-0.8,0.1,-0.6,-2.7,-0.3,-4.9,-0.4,-3.6,-0.6,1.3,2.4,-3.3,-2.4,-2.7,-0.5,-1.3,-0.6,-0.1,-0.6,-1.3,-3.9,-3.0,-0.3,-1.6,2.5,-0.2,1.1,0.3,-1.0,-0.9,-2.8,-3.6,-2.8,-6.5,-7.9,-2.9,-0.6,-6.8,-4.8,-8.0,-4.5,-3.3,-3.8,-1.1,2.0,0.3,-1.5,-3.8,-2.1,-3.4,-4.3,-2.7,-4.5,-2.7,-4.5,-2.1,-2.9,-1.7,-6.3,-2.6,-8.5,1.3,-9.3,-8.5,-1.5,-1.6,-5.3,2.1,-4.9,-5.3,-4.2,-4.4,-2.4,-2.0,-1.8,-5.0,-2.7,-0.5
2C7L51105v,0,48.100013,11.625671,4442131.62,2777605.01,549.2,594.9,229,7287,1.9,0.91,0.27,32.64,348.96,-0.529,-0.103,0.842,-0.7,0.1,-0.43,0.14,0.4,0.1,-0.3,-0.5,-0.7,0.4,0.3,0.9,-2.5,0.3,0.6,0.7,-1.9,1.2,-0.3,0.7,2.3,1.7,-1.7,-0.1,0.3,-0.3,3.3,0.2,1.9,0.9,-0.6,0.1,1.9,1.4,2.4,0.1,-0.9,-8.3,-2.6,-3.2,-1.7,-3.2,-0.6,-0.5,0.7,1.7,0.2,0.2,-0.4,-1.2,1.1,1.1,1.1,-3.4,0.8,1.6,0.8,3.7,2.5,1.4,0.8,1.0,0.4,-0.0,1.0,1.0,-0.1,-0.3,0.3,4.6,-0.3,-6.9,-1.0,0.5,1.2,-1.2,1.3,-1.1,-1.6,0.3,-0.3,0.5,0.9,2.2,1.1,2.2,-0.5,0.9,1.4,0.5,0.8,0.4,-0.2,-0.8,-1.1,1.5,0.7,-0.3,-2.0,-2.1,2.8,-0.5,-0.5,-1.2,-0.7,-1.8,1.5,0.0,-1.5,2.3,0.6,1.3,1.4,2.1,0.2,0.4,1.1,-0.9,7.2,-0.1,0.4,0.6,-3.2,0.2,-0.2,-0.1,1.3,1.9,0.2,-1.7,-3.3,-0.0,0.6,-1.5,0.4,-0.8,-0.8,-2.0,-0.5,-3.8,-0.5,-1.6,-1.6,-0.5,0.5,2.9,2.1,-1.4,-1.3,0.7,-0.5,1.2,-0.1,-3.4,-0.2,0.4,0.7,1.2,-1.3,-1.5,-2.5,0.3,-1.5,0.6,-0.0,-0.2,-0.8,-2.1,-3.9,-0.8,-3.5,-4.2,2.0,-2.2,-6.3,1.8,-1.2,0.0,-1.7,-7.2,-3.2,-6.0,-3.0,-4.6,0.5,-7.5,2.8,-0.9,-1.0,1.1,-1.0,-3.7,-2.5,-4.4,-1.3,-3.2,-6.3,0.2,-2.0,-3.8,-3.5,-2.1,-2.2,-2.8,-2.7,-4.7,-3.4,-4.8,-1.7,0.2,-0.6,-2.7,-3.4,-2.4,-2.7
2C7L511068,0,48.100112,11.626441,4442188.73,2777617.27,549.3,595.1,229,7300,4.0,0.66,0.44,32.64,348.96,-0.529,-0.103,0.842,0.8,0.2,0.82,0.31,1.0,0.3,-0.3,7.0,-2.3,5.3,-11.3,-3.2,-0.5,7.6,-2.9,7.4,-1.0,-3.8,-0.1,3.3,4.6,2.5,3.3,3.4,0.6,-1.1,3.0,0.2,0.8,0.4,1.5,4.2,1.2,-2.9,-2.2,-5.9,-2.7,-6.4,-4.8,-4.4,-0.2,1.7,0.6,-1.1,-1.0,-1.2,4.5,-7.3,-6.6,-0.8,-1.3,-0.9,-3.8,-3.2,-3.3,-4.5,-3.3,4.7,-5.7,-5.0,0.1,-2.6,-5.2,-1.8,-4.0,-13.2,-6.1,-0.8,-2.3,4.8,0.3,-0.0,-3.6,-2.0,-3.9,-2.3,-3.3,-2.5,-8.1,-5.7,-4.9,-7.9,0.4,-0.9,-0.0,1.3,0.0,-2.0,2.2,-4.0,-2.2,-4.8,2.2,2.4,1.1,0.1,-0.0,-0.1,-5.2,-2.8,7.8,2.1,-3.1,-4.7,4.5,-0.8,0.6,-2.9,-2.3,-2.4,-4.1,-0.8,3.7,-4.8,-0.8,-0.4,-0.2,-1.3,-3.1,-1.0,-3.3,-2.0,-0.0,1.0,-1.4,-3.4,-1.6,-1.3,-2.2,-5.3,-3.9,-0.2,0.6,-0.0,-0.8,-1.4,-0.7,0.3,4.1,1.2,-1.9,10.3,6.8,1.7,1.5,4.0,4.0,-1.2,1.1,-5.7,2.2,-3.1,-5.7,-6.7,-2.7,5.3,0.3,-3.8,-3.2,-4.8,-4.2,-5.2,-2.0,0.7,-1.7,0.1,-2.9,3.3,-0.2,14.1,3.8,-3.5,-2.0,1.0,2.4,-0.0,-2.2,4.6,1.5,3.8,3.6,-7.0,-0.1,7.2,9.1,3.8,0.3,1.2,5.1,0.4,0.3,11.8,2.0,3.9,4.6,-5.8,12.1,5.9,-1.6,0.9,-1.2,0.2,8.4,4.5,-8.6,6.3,-4.5,12.8,15.6,-2.7,-6.6,-1.7,1.7,-1.3,4.7
2C7L51106x,0,48.100464,11.629183,4442392.15,2777660.92,541.4,587.1,229,7351,4.7,0.77,0.46,32.65,348.96,-0.53,-0.103,0.842,-0.1,0.2,0.64,0.36,0.7,0.3,-0.3,11.5,-1.4,-5.9,19.7,-4.3,0.3,-2.9,-2.6,-1.3,1.4,-1.1,-0.0,-2.5,-1.5,-1.7,-1.9,-1.2,-5.3,-4.5,-1.5,-2.4,-3.2,-2.0,-4.4,0.4,-4.4,0.6,5.2,-1.0,-8.3,-3.7,-7.6,-9.0,-4.6,-5.6,-4.8,-6.8,-4.4,-3.9,-5.5,-2.8,-3.0,-6.3,-3.3,-4.7,-6.6,-5.3,-7.7,-5.2,-4.4,-4.6,-3.1,-4.1,-5.1,-4.1,-4.6,-4.1,-5.1,-4.5,-4.7,-4.0,-4.3,-7.5,-3.0,-3.7,-4.0,-5.5,-3.7,-3.8,-3.8,-3.6,-5.4,-4.7,-5.0,-4.7,-4.6,-5.0,-4.4,-3.6,-6.2,-5.1,-5.3,-5.8,-3.1,-4.5,-5.9,-7.2,-7.9,-8.9,-7.7,-8.1,-6.8,-7.3,-4.3,-4.3,-6.3,-6.5,-5.0,-5.2,-2.5,-4.1,-2.8,-3.1,-1.2,-3.5,-5.3,-3.1,-1.5,-0.1,-3.4,-3.9,-6.2,-2.8,-5.3,-5.2,-4.4,-3.9,-3.5,4.4,-2.8,-4.3,-6.9,-3.5,-0.7,-3.0,-5.4,-5.5,-6.0,-8.5,16.3,-1.0,-7.7,-1.8,-2.2,-6.8,-7.1,10.0,1.0,5.8,-2.8,-1.2,-0.9,-9.3,1.7,-1.3,-2.6,-5.9,-1.4,0.3,-1.0,16.0,-4.8,-3.8,-1.9,-3.9,-6.9,-6.0,-5.3,-6.2,-4.6,-9.9,-10.0,-4.2,-10.3,-4.1,-7.2,-8.8,-9.3,-5.7,-6.4,-8.8,-9.3,-9.8,-6.9,-4.8,-7.6,-5.9,-4.0,8.5,-3.4,-6.4,-3.8,-3.4,-4.7,-4.6,-5.4,-7.9,-9.4,-2.1,-10.1,-9.0,-0.8,-3.5,14.1,9.3,14.9,-7.7,0.9,-4.6,-3.9,-7.0,-9.5,16.2,-7.0,-10.0,-5.6,-4.6,-9.5
2C7L51108o,0,48.101304,11.635724,4442877.41,2777765.01,543.6,589.3,229,7466,4.0,0.66,0.51,32.68,348.96,-0.53,-0.103,0.842,-1.0,0.2,0.06,0.31,1.4,0.3,-0.3,-9.1,4.6,-3.7,3.8,-7.6,5.0,-0.6,0.8,5.1,3.2,-0.3,7.4,4.6,0.5,1.6,3.4,2.0,7.2,-0.6,4.7,0.3,2.1,-0.7,2.2,-3.7,-0.9,-2.7,-0.1,-0.4,-4.4,7.7,-4.8,7.3,-8.5,-3.4,-5.0,-3.8,-4.7,-1.0,-2.7,-2.1,-4.4,-2.0,-0.2,-2.7,-1.0,3.4,-0.6,-2.9,2.1,-4.7,-7.4,-8.5,-8.4,-8.0,-6.8,-8.2,-7.4,-7.9,-8.7,-1.9,-3.1,-1.4,-3.2,-1.4,-1.7,-2.9,-4.9,-3.7,-1.4,-2.2,-3.6,-2.7,-3.9,0.0,-0.8,-0.8,-1.5,-1.2,-0.9,-5.0,-2.3,-1.3,2.5,0.3,-3.1,6.4,-5.9,-2.6,-4.7,9.6,0.3,0.1,0.3,5.6,2.8,2.4,-2.4,3.9,-11.9,7.8,12.1,-1.7,2.4,4.0,-2.8,-3.4,1.8,-2.6,-2.7,4.0,-2.4,-6.0,-4.3,-3.7,1.6,0.0,-2.2,4.2,-8.5,-14.4,-11.5,-6.6,-7.7,-6.6,-3.3,-3.3,-11.5,-2.7,-7.9,2.5,1.5,-2.5,0.1,-1.9,-0.1,0.6,-2.6,-0.0,-1.0,5.0,-3.3,-5.0,-5.3,-3.6,-4.4,-2.3,-3.4,-7.3,-6.6,-5.7,-6.0,-3.5,-4.6,-3.7,-4.5,-3.1,-6.0,-0.3,-2.2,-2.7,-8.4,-6.2,-1.6,-6.1,-3.1,3.1,-7.0,0.5,-0.9,-0.2,-2.6,-10.2,-4.7,2.6,1.9,5.3,-1.6,-1.0,-5.8,-2.3,-4.7,-5.6,-4.3,-2.1,-2.8,-9.6,-3.2,-3.9,-5.1,-8.7,-3.4,-4.1,-5.5,-1.8,1.2,-6.5,-7.3,-4.5,-7.0,-6.4,-8.7,-4.4,-4.3,-1.7,-17.0,-7.1,-5.7
2C7L51108v,0,48.101348,11.636065,4442902.73,2777770.44,539.9,585.6,229,7473,1.8,0.91,0.29,32.68,348.96,-0.53,-0.103,0.842,-0.3,0.1,0.14,0.14,0.9,0.1,-0.3,0.8,-0.1,-0.7,-0.1,-0.0,2.5,0.4,0.4,-0.9,2.0,0.1,2.7,-0.3,0.9,-0.0,-1.0,-1.4,-2.3,-3.1,-4.8,-2.4,-2.0,-0.0,-0.5,0.2,-0.6,-0.2,2.3,1.6,-1.4,1.3,-6.0,-5.0,-7.6,-2.8,-3.3,-2.3,-2.0,-1.2,-1.7,-1.6,0.4,-1.3,-1.6,-1.0,0.1,0.8,1.7,-0.3,0.4,0.6,1.1,0.6,-0.0,0.2,0.3,-0.0,1.1,0.3,0.3,-0.6,0.6,-0.8,-0.9,0.6,0.3,-1.4,4.8,0.8,0.2,1.0,-0.7,-0.4,-0.2,-1.0,-0.1,1.8,0.3,-1.3,-2.9,-7.3,-2.3,-2.2,-1.4,-0.0,-5.9,1.5,-2.9,-1.7,-1.1,-0.8,-3.1,-0.0,-4.4,-1.0,0.1,0.5,1.1,0.7,0.2,1.7,0.3,2.1,2.7,-0.6,0.1,-0.7,0.1,-0.9,0.4,1.3,0.2,0.6,-1.5,0.4,-0.9,-2.1,-2.0,-2.1,-1.5,-1.4,-1.0,-1.3,-1.9,-0.0,0.4,-0.2,-1.2,-3.2,-3.4,-2.3,0.4,0.8,-2.2,-4.7,-3.8,-2.0,-2.5,1.0,1.1,0.4,-0.9,-1.3,-0.7,-3.1,-0.1,1.0,-0.8,-3.9,-4.0,-1.1,-2.7,-1.0,0.6,-1.1,1.5,-1.2,-1.6,-2.3,-2.8,-3.6,-5.1,-4.5,-4.1,-5.0,0.4,-1.7,-5.3,-2.6,-1.7,-1.9,-4.8,-2.6,-1.4,-0.8,-1.6,-1.5,-1.8,-4.0,0.5,-0.5,-1.7,-1.4,-1.3,-0.1,-0.4,-2.4,-3.9,-3.8,-1.7,-2.9,-1.0,-3.2,-5.8,1.4,0.1,2.0,3.1,1.5,-5.2,-3.5,-2.4,-1.4,-1.2,1.6,-0.2,-0.1,0.8
2C7L51105q,0,48.099977,11.625245,4442099.94,2777600.3,543.8,589.5,229,7282,3.3,0.76,0.41,32.63,348.96,-0.529,-0.103,0.842,-0.3,0.2,-0.01,0.26,2.2,0.2,-0.3,-1.2,1.5,4.3,-0.7,-1.6,-11.5,0.1,0.3,1.5,-2.5,2.7,-11.0,4.8,1.7,0.9,4.7,6.0,-1.2,5.0,8.4,8.5,6.0,5.9,8.9,5.7,5.5,6.2,-2.4,5.1,1.0,-4.3,2.2,0.4,1.4,0.6,2.8,5.2,3.7,6.7,6.5,6.1,2.1,2.9,5.3,4.0,3.0,7.1,8.6,8.1,2.0,10.6,0.2,2.1,2.3,2.2,3.0,0.0,0.4,2.7,0.8,0.4,5.3,-4.1,-1.7,-7.9,-12.2,0.3,0.3,3.0,2.2,1.4,2.6,-8.5,-0.9,5.6,-1.4,0.9,3.7,3.2,2.4,3.4,2.3,7.1,5.1,4.8,7.4,4.1,3.9,6.1,3.6,2.4,0.4,0.9,8.5,3.2,4.4,2.2,5.7,2.6,7.6,7.4,4.0,5.2,5.5,3.1,3.4,2.4,2.9,3.8,2.7,1.3,0.9,-1.9,1.2,0.9,0.9,4.0,1.5,-1.5,2.0,1.0,-0.5,-16.0,1.2,2.7,4.8,5.0,6.2,5.0,2.7,1.8,3.4,-2.5,6.3,2.3,2.5,3.3,5.3,2.2,3.0,3.5,0.5,1.2,-3.6,1.8,1.3,-0.8,-0.3,-3.1,1.6,1.3,-2.1,-0.6,0.2,1.1,0.7,-1.4,2.7,2.8,2.9,3.5,1.2,4.0,-0.3,1.9,10.4,2.7,-4.5,-0.2,2.2,1.2,-1.2,-2.3,2.9,8.8,1.5,1.5,5.0,-9.3,3.0,0.4,-0.6,0.6,-0.9,2.2,1.1,3.7,2.1,5.8,4.0,0.7,1.8,2.1,0.4,1.8,2.3,5.2,4.2,3.2,6.5,-1.1,1.5,0.3,-0.1,1.6,-2.2,1.7,-1.0
2C7L51106D,0,48.100162,11.626689,4442207.06,2777623.27,549.3,595.0,229,7305,4.1,0.66,0.6,32.64,348.96,-0.529,-0.103,0.842,-0.2,0.2,-0.84,0.31,1.0,0.3,-0.3,-0.7,3.3,7.9,-1.1,1.5,-5.9,1.6,-6.3,0.1,-10.4,-1.2,-1.0,-3.5,-7.9,-5.1,-3.8,-2.2,-4.0,2.4,3.7,2.0,-0.9,0.8,1.8,1.4,-0.2,-2.8,8.4,-0.2,-3.4,-6.0,-3.7,-3.5,-5.1,1.1,-0.4,-1.2,0.8,-0.3,-0.5,-1.7,-1.8,-1.3,-0.2,0.7,-5.7,1.6,1.2,-3.4,-3.6,1.7,4.1,-1.5,-3.4,-2.0,-3.4,1.7,-10.9,1.9,-1.4,-2.2,-1.8,-3.0,8.8,-0.6,2.8,0.9,11.6,4.4,-4.4,1.8,-12.3,0.9,-8.1,-11.1,-7.2,-5.8,-3.3,-1.4,-2.1,-1.2,-0.3,-2.9,0.8,-0.7,-2.5,0.2,-1.1,2.3,-3.0,-2.7,-3.9,1.6,-2.2,-2.7,-0.2,-1.5,-0.4,-1.1,2.1,6.8,0.9,0.7,0.3,2.2,1.6,1.0,-2.6,-3.3,-3.1,-1.9,-4.7,-3.5,3.6,6.4,5.7,-8.5,8.3,2.8,1.2,-2.7,-1.0,5.2,3.0,-9.2,-2.2,8.3,0.6,1.8,-0.1,-2.9,-2.8,-4.5,0.6,0.1,-1.2,-0.1,-0.1,2.7,-1.1,-6.3,-7.9,-2.8,4.2,0.1,5.9,-8.9,0.7,0.5,-1.1,5.8,5.5,-0.6,3.2,4.4,1.4,-4.5,-8.5,0.5,-6.4,3.1,-3.4,-1.9,-4.3,-2.0,1.2,-2.3,-3.9,0.0,-0.2,-0.7,-1.2,-5.7,1.2,-0.7,-0.3,1.2,0.4,-1.6,7.8,5.4,9.8,12.9,-10.0,7.0,-4.3,-9.3,1.5,-4.0,-6.9,-3.6,-5.5,-1.9,-7.2,-5.2,-3.4,-1.9,-3.7,-7.4,-6.7,-2.7,-1.8,-1.3,-4.3,-9.8,-3.2,-2.3,-5.0
2C7L51106Y,0,48.1003,11.627762,4442286.7,2777640.36,544.0,589.7,229,7326,3.8,0.72,0.36,32.65,348.96,-0.529,-0.103,0.842,-1.2,0.2,0.1,0.29,2.0,0.2,-0.3,-0.9,1.3,1.8,0.5,-0.1,-4.9,2.3,-0.5,2.4,17.3,2.3,-2.3,3.4,2.7,4.0,3.6,4.7,3.3,3.4,5.8,3.1,3.4,2.2,3.0,4.1,4.4,2.5,-2.6,-0.2,0.6,12.4,1.2,-0.9,0.6,3.8,2.1,3.6,2.8,6.6,3.6,0.2,-1.5,4.1,1.9,3.3,1.7,17.9,-0.1,2.1,-0.7,0.6,2.4,0.7,0.9,0.2,1.2,-0.4,0.4,-0.4,1.3,-0.0,-0.2,-5.0,-1.0,-2.2,-0.4,-1.7,15.8,1.0,1.2,-3.9,1.3,13.7,1.1,3.9,5.3,4.9,4.0,2.6,2.2,1.9,3.6,4.0,5.3,4.7,5.1,3.5,5.1,4.6,3.4,3.9,-2.4,-3.0,4.6,0.5,2.5,-2.1,3.4,2.1,4.0,2.1,3.5,4.9,2.2,2.2,2.5,2.6,1.9,2.7,-0.2,0.8,-0.8,-2.7,-2.1,-2.6,-6.9,13.1,-3.0,-4.7,-2.6,-9.2,-1.9,-8.7,1.0,0.8,0.7,15.1,2.7,1.2,0.9,0.4,-0.1,-4.7,-1.7,-0.4,1.0,1.7,2.4,5.5,2.8,-8.3,-7.3,-3.8,0.6,-3.6,-3.4,-7.0,-5.1,-5.1,-0.2,-9.0,-2.3,-0.8,1.8,0.4,-0.1,-0.4,1.8,2.6,2.9,1.6,2.0,1.2,-3.9,-0.5,-2.0,0.8,-0.9,1.6,1.4,3.3,-0.5,-13.7,-13.3,-5.9,-12.0,-8.3,-6.2,5.2,-2.7,-1.8,-2.7,-0.6,-0.1,-1.5,2.9,-5.7,1.5,0.5,-4.2,-2.5,-5.3,-0.2,-0.2,-1.5,0.1,-0.5,1.5,-2.4,-3.2,-3.3,-3.0,-0.1,-3.2,-3.7,-5.9,-1.8,-0.8
2C7L511075,0,48.10052,11.629476,4442413.82,2777667.65,534.1,579.8,229,7359,2.8,0.84,0.36,32.66,348.96,-0.53,-0.103,0.842,-1.2,0.1,-0.65,0.21,0.3,0.2,-0.3,-2.2,-0.8,-0.5,-1.9,-2.6,-2.2,1.5,-2.7,-0.2,-0.6,-1.3,-0.3,-0.0,1.3,0.8,1.1,0.8,0.3,-0.2,1.5,-1.1,1.4,0.6,1.8,1.6,2.4,-0.4,-0.8,-0.7,-2.3,-3.4,-2.4,-4.5,-1.2,-1.7,-0.1,-0.1,0.2,3.1,-1.4,-0.5,-1.7,-1.9,1.1,-0.9,0.9,-3.1,-2.0,0.1,-0.6,-0.7,0.2,-1.3,0.1,-1.0,2.0,-1.1,-1.6,-1.3,-1.6,-0.9,-0.7,1.1,-1.9,1.5,-1.6,-1.9,0.3,-2.0,-0.1,-2.7,-0.4,-1.3,-1.6,0.3,-0.1,-1.3,-1.9,-1.6,-0.9,-1.1,-1.3,0.7,-0.3,-2.3,-2.6,0.4,-0.2,-1.3,-0.6,-3.5,-3.3,-4.6,0.1,-0.5,-1.9,-0.6,-1.2,1.1,0.3,-1.6,1.4,0.3,2.0,-0.5,-1.4,1.0,-2.2,2.3,-3.3,-1.1,-1.2,-2.3,-1.0,-1.1,-2.6,-2.4,-1.3,-0.5,-2.0,-2.0,-1.5,-1.3,-1.4,-1.0,-0.7,-3.7,-3.7,-1.8,-3.4,-4.1,-0.7,-1.6,-2.5,-4.2,-2.9,-2.3,-13.7,0.4,1.8,-3.0,-1.2,-4.9,-2.2,-3.0,-3.0,-2.0,-2.4,-2.0,-0.1,-3.9,1.2,0.6,-2.1,-6.4,-6.6,-0.5,-4.3,-7.1,-3.9,-2.8,9.0,-2.5,3.1,-5.0,-5.5,3.4,-2.0,-1.0,-1.4,-1.5,-4.7,-7.6,-2.5,-3.5,-4.7,-6.9,-5.5,-3.3,-6.1,8.3,-4.7,5.5,-7.3,-12.3,-0.5,-6.1,-9.3,-3.4,-2.6,-10.8,-6.6,-5.8,-9.4,-8.0,-9.4,-8.9,-6.1,-10.2,-12.5,-8.7,-8.1,-9.0,8.6,1.6,-7.3,-9.4,-9.2
2C7L51108H,0,48.101084,11.633869,4442739.77,2777737.55,544.1,589.8,229,7433,2.0,0.9,0.34,32.67,348.96,-0.53,-0.103,0.842,0.0,0.1,-0.12,0.15,0.7,0.1,-0.3,-2.4,-3.1,-4.6,-0.5,-2.0,-2.4,0.5,-1.1,1.5,1.9,-1.0,-3.2,0.1,0.2,2.6,1.7,-4.5,-2.9,-1.4,-4.6,-3.3,-1.0,0.6,-1.2,-0.4,0.9,-1.4,2.5,0.4,-2.9,2.2,-4.1,-4.7,-3.8,-3.8,-3.6,2.7,0.3,0.4,-0.4,5.2,2.1,-0.9,0.8,-2.7,1.8,0.1,-1.8,-0.7,-1.4,-0.8,1.1,0.6,0.5,-2.7,-0.8,2.4,-0.0,1.1,-0.5,-0.1,1.2,-0.1,-1.9,-5.1,-0.5,-0.5,-0.3,0.9,1.5,2.4,0.1,0.2,3.4,-1.6,1.9,-0.1,-1.2,0.1,-2.8,-2.3,-0.1,-1.5,0.7,1.5,-2.7,-0.9,-3.1,-4.3,-2.5,-1.4,-2.1,-5.7,-3.4,-1.9,-4.7,-2.1,-0.5,-0.5,-1.3,-3.1,-4.0,-3.4,0.5,1.4,-1.5,0.5,2.0,-1.1,-1.9,-0.1,-1.8,-0.6,-1.6,0.3,-1.5,0.4,-2.2,-3.1,-0.4,-0.8,-1.8,-2.5,-0.4,0.4,-1.0,-2.0,-1.4,-2.3,-4.6,-1.5,-4.7,-0.5,-2.3,-8.0,-2.1,-3.9,1.5,2.8,3.4,1.4,-1.7,-0.5,-1.5,0.4,0.4,6.9,-0.5,-0.4,0.1,0.2,1.2,0.1,0.9,0.6,2.6,0.0,-1.1,-0.2,0.5,-1.6,-1.5,-2.2,-1.1,-1.2,3.0,0.4,-3.2,1.1,0.9,0.1,-1.7,0.6,-0.0,0.7,-1.3,0.1,1.6,-2.7,-1.1,0.6,2.2,1.5,0.2,-1.6,-2.2,0.7,-2.5,-0.3,-2.5,-2.7,-1.4,1.0,-4.0,-2.8,0.3,-0.1,0.5,-4.9,2.1,-6.2,-2.4,-2.8,-0.1,0.9,-0.3,-1.2,-0.9
2C7L51108T,0,48.101174,11.634566,4442791.44,2777748.63,544.4,590.1,229,7445,2.2,0.87,0.37,32.68,348.96,-0.53,-0.103,0.842,-0.9,0.1,-0.39,0.17,1.1,0.1,-0.3,-1.4,1.4,-2.7,3.1,1.4,-5.9,1.8,-0.7,2.7,8.1,-1.8,-2.9,0.2,-1.0,-1.5,-3.2,1.3,-1.9,-3.0,-1.0,-3.9,-3.9,0.1,-2.4,-2.5,-0.1,-1.9,-6.2,0.8,-1.5,5.9,-6.4,-6.9,-5.0,-6.0,-3.0,2.6,1.1,0.2,-0.6,-1.1,1.1,-0.6,-1.2,-0.2,-0.9,-2.3,-1.8,-0.2,1.5,-0.4,-0.3,0.3,-0.3,-0.5,-2.5,-0.8,0.5,-0.7,1.7,-2.0,-0.8,0.3,-0.6,1.4,-2.5,-2.6,-0.1,-0.7,1.0,2.7,0.5,-0.7,0.8,-2.1,-4.8,-4.6,-2.5,-2.1,-4.3,-2.6,-2.2,-0.4,-3.5,-1.2,-3.6,0.1,-2.1,-3.5,-4.2,0.0,-1.4,-0.5,-5.8,-1.1,-2.4,-0.8,-1.8,0.1,-2.8,-1.5,-1.5,-1.7,-0.6,-3.5,0.6,0.8,1.8,-1.9,-0.7,-0.8,-4.8,-0.1,-1.2,-1.9,0.2,-2.3,-4.2,1.1,-1.7,-0.3,0.8,-1.3,-4.5,0.9,-2.2,2.5,-1.7,-3.1,-2.2,-1.2,-6.0,-3.9,-5.0,-3.3,-3.4,-3.2,-4.1,0.1,3.6,0.0,-2.8,-0.1,-1.2,-0.3,1.2,0.5,-4.4,0.6,-2.1,0.2,-3.0,-0.4,-2.2,-4.3,-0.0,-1.3,-3.8,-3.3,-1.0,-4.7,-5.8,-5.1,-4.8,-6.2,-1.9,-0.9,-8.2,-3.4,-5.2,-4.4,-5.6,-10.9,-6.6,-8.4,-4.8,-1.0,0.7,-7.6,-2.8,-0.6,-3.4,-2.5,-5.8,-3.8,-4.9,-4.8,-6.3,-6.5,-3.9,-8.9,-5.2,-4.7,-9.4,-6.9,-4.4,-3.1,-3.0,-2.8,-4.1,-3.9,-3.0,-4.9,-5.7,-5.6,-8.8,-1.2,-1.7
2C7L51108m,0,48.101309,11.635618,4442869.52,2777765.38,544.3,590.0,229,7464,1.7,0.92,0.25,32.68,348.96,-0.53,-0.103,0.842,-0.3,0.1,-0.18,0.13,0.5,0.1,-0.3,0.2,-0.3,-1.8,1.6,-0.9,2.1,0.1,-1.0,0.0,4.4,-0.7,3.0,-2.1,-0.8,-0.9,-0.5,-0.8,-0.4,-3.5,-3.7,-2.3,-1.8,-1.5,-1.4,-1.2,0.7,0.1,4.3,2.0,-3.3,3.4,-5.5,-4.8,-5.3,-2.6,-3.8,-0.7,-1.6,-3.9,-2.6,-1.3,4.3,-1.6,-0.5,-0.7,-1.4,3.0,2.3,-0.8,0.1,-1.1,-0.5,0.0,-0.7,-1.6,-2.4,-0.4,-2.1,-0.5,-1.2,-3.5,-1.1,1.4,-1.2,1.1,1.9,-1.4,1.1,-1.1,0.2,3.1,-0.7,1.7,1.5,-1.6,-0.5,-1.0,-1.6,-2.1,0.3,-2.2,-2.7,-1.3,-2.6,0.2,-4.3,1.4,-1.1,-2.3,0.3,-3.2,-2.6,-3.3,-5.6,-0.1,-1.6,-0.6,0.4,0.2,-3.6,-2.2,-1.9,-1.0,1.5,0.4,-0.6,0.9,0.1,-1.0,-0.1,1.4,-0.6,0.9,0.4,-0.4,-1.8,-0.1,-2.2,-3.0,-2.9,-0.5,-2.0,-0.8,-1.1,-1.8,0.9,1.7,-0.9,-0.2,0.0,0.7,0.1,3.3,-2.6,-4.0,-2.5,-0.2,-0.2,1.8,1.0,2.3,-2.1,-0.8,-2.1,-0.9,-0.9,-1.2,-1.0,-1.5,-2.9,-0.8,-1.6,-1.0,-0.9,-1.0,-0.7,-1.4,-1.2,-0.2,-1.1,-1.3,-4.6,-2.4,-2.5,-4.5,0.4,-0.1,-3.4,-2.3,-1.5,-1.6,-3.3,-2.8,0.9,3.0,-1.7,-0.5,-1.2,-0.6,-2.0,-0.9,-0.9,-1.0,-0.1,-1.8,-2.5,-0.1,-1.1,-2.0,-0.6,-1.3,-2.1,-3.1,-3.6,-0.9,-2.0,-2.5,-2.9,-3.8,-2.7,-1.8,-4.4,-2.3,-1.5,0.3,-1.7,-2.1,-3.0
2C7L51106L,0,48.100217,11.626969,4442227.78,2777629.8,540.1,585.8,229,7313,2.1,0.88,0.38,32.64,348.96,-0.529,-0.103,0.842,-1.0,0.1,0.05,0.17,1.0,0.1,-0.3,0.9,-1.8,0.4,1.8,-0.8,-7.0,-1.3,2.0,3.0,0.5,0.8,-4.2,0.7,0.9,0.7,2.4,0.2,-0.6,-0.4,1.3,-1.6,2.6,0.6,1.7,1.3,0.7,1.9,-3.8,-0.6,-2.7,-6.8,-1.9,-2.9,-0.4,1.0,1.4,-0.6,0.9,4.3,2.1,3.1,-0.4,-1.2,0.7,1.0,1.2,-1.3,1.2,1.6,1.0,-0.4,0.7,-4.5,0.7,1.2,1.0,-4.5,3.3,-4.3,-0.4,1.7,0.6,-4.9,4.1,5.1,0.5,0.9,8.0,3.1,3.1,5.0,0.4,0.2,1.7,1.5,0.6,4.1,2.1,3.3,1.3,1.2,0.8,0.0,-0.5,-0.5,-0.1,-1.0,-1.8,-0.9,-1.5,-0.6,-7.8,-4.3,-0.3,-2.2,-3.1,-5.1,-1.7,-1.0,-1.0,-4.0,-3.8,-4.0,-3.9,-3.8,-2.2,-2.7,-1.8,-2.6,-2.3,-1.4,-3.5,-2.4,-3.1,-2.0,-3.2,-2.2,-5.3,-2.3,0.5,-3.2,-1.7,-0.7,-2.6,-2.5,-1.6,-5.3,-1.5,-2.6,-2.7,-3.2,-1.3,-2.9,-2.9,-3.0,-2.3,-1.6,-0.7,0.1,0.1,-5.6,-0.1,-1.5,-1.4,-2.6,-1.4,-3.5,-2.0,-3.7,-1.9,2.6,-3.5,-4.5,-2.5,-3.0,-3.3,-3.1,-4.3,-1.7,-2.0,-3.8,-5.1,-1.0,-5.6,-5.1,-1.3,-4.7,-4.6,-2.8,-4.2,-2.4,-2.7,-6.6,-7.6,-7.5,-2.8,-3.7,-2.2,-8.1,-2.4,-1.7,0.0,-4.2,-1.4,-2.7,-2.6,-2.7,-1.4,-2.8,-6.1,-4.8,-1.4,-6.3,-7.3,-5.0,-4.3,-5.0,-5.3,-5.5,-4.7,-7.0,-4.9,-4.6,-2.1,-3.1,-1.7,-2.8,-1.7
2C7L511079,0,48.100612,11.630049,4442456.31,2777678.8,552.3,598.0,229,7363,1.6,0.92,0.26,32.66,348.96,-0.53,-0.103,0.842,-0.2,0.1,-0.15,0.12,1.3,0.1,-0.3,-1.0,0.1,0.9,-1.0,-0.8,-2.3,-0.0,-0.3,-1.9,2.3,1.5,1.6,-1.5,-0.1,-1.6,-2.1,-3.4,-3.2,-4.6,-2.5,-2.4,-0.6,-1.1,-2.0,-1.7,-1.3,-1.4,-0.8,-1.1,-3.6,-1.2,-7.5,-5.7,-6.0,-3.7,-3.5,-0.5,-0.3,-1.3,-0.3,-0.2,0.1,-1.0,-1.6,-1.6,-0.4,-4.0,-2.6,0.2,-0.2,-0.2,0.5,1.0,0.8,-1.9,-0.9,-1.1,0.0,-2.1,-2.2,-0.2,0.5,0.7,0.4,-0.6,1.2,1.7,-0.1,0.7,0.6,-2.3,0.7,0.9,1.2,-2.2,-2.0,-2.7,-2.4,-4.3,-4.0,-0.7,-3.8,-1.6,-1.1,-3.1,-2.6,-3.7,-3.1,-2.7,-3.1,-1.5,-2.3,-0.9,-1.1,-5.9,-2.1,-0.8,-0.4,-1.6,0.6,-2.3,-1.4,-2.3,-1.2,-2.8,-2.2,-0.2,-2.4,0.8,-3.1,-2.1,-2.5,-0.0,-0.9,-1.3,-1.2,2.3,-1.7,-0.4,-1.7,-1.3,-1.8,-2.8,-3.8,-2.6,-1.9,-3.6,-1.5,-1.7,-5.9,-2.4,-2.1,0.1,-2.2,-3.9,-2.9,-2.6,-1.9,0.5,1.0,-1.7,1.1,-0.7,-0.2,1.6,2.2,-2.0,-1.4,0.0,0.2,0.3,-0.1,-1.3,0.6,-1.6,-1.0,-1.6,-0.8,-1.3,0.0,-3.9,-2.0,-2.2,-1.4,-5.1,-1.0,-2.3,-4.3,-2.4,-3.3,-3.0,-3.9,-4.7,-2.4,-2.6,-3.7,-1.0,-0.6,3.7,-1.3,-0.7,-1.3,-1.6,-3.8,-2.4,-0.4,-4.3,-0.3,-4.7,-6.8,-2.8,-3.9,-3.7,-8.3,-5.7,-3.3,-2.9,-3.2,-2.4,-1.4,-0.5,-2.9,0.7,-1.3,3.0,-1.8,-3.1,-2.3
2C7L511086,0,48.101004,11.633099,4442682.57,2777727.36,537.3,583.0,229,7422,3.0,0.8,0.42,32.67,348.96,-0.53,-0.103,0.842,0.1,0.1,0.36,0.23,0.9,0.2,-0.3,0.0,-0.6,1.2,2.2,1.9,1.4,2.3,1.8,-0.3,0.0,-0.8,1.8,-0.8,-1.4,-2.2,-2.9,-5.1,-3.5,-1.1,-4.5,-4.5,-3.6,-3.0,-2.7,-2.2,-4.0,0.6,1.0,1.3,-3.8,-0.6,-9.1,-6.0,-4.5,-7.9,-5.4,0.4,-2.1,-2.9,-2.3,-1.1,-1.3,-3.5,-3.5,-2.7,-1.9,0.8,-3.0,-1.3,-6.8,0.1,1.1,-3.6,1.4,-4.3,-5.2,-0.5,-2.2,-3.3,-2.6,-0.9,-3.5,-3.1,-1.5,-5.4,1.2,-4.3,-1.7,-3.0,-2.8,-3.9,0.3,-15.3,-11.5,-5.0,-5.3,-3.8,-1.8,-3.3,-5.7,-2.1,-3.4,-0.8,-1.6,1.7,-3.6,0.6,-5.4,-3.4,-4.2,-3.3,-1.7,-4.3,-4.7,-5.1,-5.6,2.4,-0.7,1.1,-1.3,-0.5,-0.8,0.1,-0.1,-2.6,-2.1,-0.2,-1.1,-0.0,-0.9,1.3,-5.3,-5.8,-3.4,0.8,-1.1,-2.5,-5.6,4.6,1.3,0.3,-0.5,-3.3,-1.2,-0.4,-5.6,-5.1,-4.1,-4.6,-2.2,-0.7,1.7,1.6,-3.4,-2.6,-2.1,-5.8,0.3,1.4,2.2,-0.2,-2.3,-8.0,-2.5,-1.0,-0.3,-9.9,2.0,-1.8,-6.6,0.7,0.8,-2.4,-1.2,-2.8,-1.3,-3.6,-2.1,-3.8,-1.9,-6.4,-6.4,-1.1,-1.6,-4.0,-6.2,0.0,-5.1,-6.3,5.0,-1.6,-3.6,-2.5,0.4,4.0,-13.4,0.3,0.4,0.3,2.5,-0.1,-1.2,-1.4,-4.2,0.1,-0.2,0.2,6.9,-2.0,-3.6,-6.8,-0.9,-14.6,0.7,-3.8,-2.6,-1.4,-3.7,-3.8,-1.7,-1.3,-1.6,-0.3,-1.7,5.7,0.8,-3.8,0.3
2C7L51108I,0,48.101115,11.633963,4442746.7,2777741.1,546.1,591.8,229,7434,1.5,0.93,0.24,32.67,348.96,-0.53,-0.103,0.842,-0.2,0.1,-0.16,0.11,1.0,0.1,-0.3,-1.8,-1.0,-0.2,0.4,-0.1,-0.1,2.3,1.4,2.2,1.2,-0.6,-0.9,-1.2,0.7,-0.1,-0.7,-3.0,-3.1,-3.3,-4.1,-3.8,-0.7,-1.5,-1.3,-1.0,-0.9,-1.4,2.3,-0.7,-3.2,-0.8,-4.7,-5.3,-3.8,-4.9,-4.5,2.5,-0.6,-0.3,-1.3,-1.5,0.7,-1.2,-0.8,-0.6,-1.2,-0.3,-1.4,-1.3,-0.5,-0.2,1.0,-0.2,0.3,-0.9,-0.7,-1.4,-1.0,-1.1,0.1,0.2,-0.9,-0.6,-1.1,-2.3,-0.1,0.6,-1.9,1.6,-0.2,-0.2,0.7,-0.5,0.4,-1.2,0.1,-0.7,-0.2,0.7,-1.9,-1.5,-2.7,-1.0,-1.3,0.3,-2.6,-0.2,-1.8,-2.3,-2.6,-2.8,-2.1,-2.6,-3.3,-1.3,-3.3,-0.4,-0.3,0.0,-2.5,-1.5,-2.3,-1.9,0.2,-1.2,-1.0,-0.6,-1.0,-2.5,-0.3,-0.2,-0.3,-0.5,-0.5,-0.7,0.8,2.6,-0.3,-0.9,1.5,-0.9,-1.1,-1.8,-1.0,-0.3,0.6,-2.5,-1.6,-2.6,-2.6,-1.3,-3.3,0.4,-2.5,-4.1,-2.5,-2.2,-0.2,3.2,4.0,-0.9,-0.3,0.7,-1.5,-0.3,-1.1,-7.6,1.0,0.3,-1.7,-3.7,-0.5,-1.5,0.5,-0.5,-0.4,-0.7,-0.4,-0.5,-0.4,-2.4,-3.6,-2.9,-3.6,-4.9,-1.8,-0.4,-5.3,-1.9,-1.0,-1.5,-3.9,-3.4,1.6,0.7,-2.3,0.4,0.6,1.5,-0.4,0.6,1.5,1.4,0.4,-1.4,-1.9,-0.6,-2.5,-1.6,-3.4,-3.4,-0.6,-2.2,-4.2,-5.0,-2.5,-2.9,-1.7,-3.2,-2.1,-2.7,-3.5,-2.1,-2.6,-0.2,-0.3,-1.3,-0.3
2C7L51108l,0,48.101309,11.635473,4442858.7,2777765.14,540.2,585.9,229,7463,2.3,0.84,0.35,32.68,348.96,-0.53,-0.103,0.842,-0.1,0.1,-0.02,0.18,1.7,0.2,-0.3,-0.2,-0.2,0.1,1.1,0.1,1.9,0.6,0.5,-0.3,2.0,-0.9,2.2,-1.3,0.6,-1.9,-0.6,-7.9,-3.0,-9.4,-4.7,-1.8,-1.8,-1.4,-1.6,-0.9,-0.2,0.7,1.2,0.6,-8.1,1.4,-4.7,-5.0,-5.5,-3.0,-9.4,-1.7,-1.8,-2.6,-3.1,-1.9,-1.5,-7.4,-0.9,-3.7,-3.1,-0.3,-2.1,-4.6,-0.1,-0.9,-1.2,-1.0,-0.8,-0.6,-1.3,0.7,-2.4,-2.2,-1.6,-4.6,-1.4,1.1,-2.8,1.5,1.1,-2.7,-0.9,-2.1,-1.8,1.8,-0.0,0.7,0.1,-6.8,-0.6,-0.0,-1.2,-5.0,-0.6,1.0,-7.1,-1.1,-5.5,-0.8,-3.4,1.5,-2.5,-1.8,-5.6,-6.1,-5.6,-4.5,-6.7,-2.8,-2.8,-0.9,-1.8,-4.6,-4.5,-3.2,-4.1,-6.9,-0.3,0.3,-5.1,1.1,0.2,-2.7,0.2,-2.9,-3.6,1.0,-0.4,0.3,1.6,0.9,1.5,-0.8,-1.7,0.7,-1.2,1.2,-4.6,-8.1,2.1,0.5,-3.1,-3.0,-2.1,-0.8,-1.0,0.8,-5.1,-4.9,-3.5,-1.7,-5.6,1.3,-1.2,0.5,-4.8,-2.2,-4.3,-1.2,0.5,-0.2,-1.3,0.3,-2.4,1.6,-0.1,-0.8,0.3,-0.3,-2.1,-1.1,-2.6,-0.5,-2.4,-3.8,-7.4,-5.2,-4.3,-6.5,0.7,-1.3,-4.8,-8.4,-5.3,-8.9,-6.1,-3.2,-0.2,0.6,3.8,2.7,-0.4,-3.3,-3.4,-0.5,0.2,-1.5,1.4,0.0,-1.5,-3.5,-4.1,-2.9,-3.1,-8.3,-2.9,-6.5,-3.4,-2.6,-3.0,-0.6,-3.6,0.4,-4.4,-1.7,-6.3,-1.7,-1.4,-0.3,-1.7,-1.5,-1.0
2C7L51108s,0,48.1014,11.636182,4442911.31,2777776.4,554.4,600.1,229,7470,4.5,0.57,0.44,32.68,348.96,-0.53,-0.103,0.842,-0.5,0.2,0.32,0.34,3.5,0.3,-0.3,-5.0,0.8,1.5,1.8,-0.5,-4.6,-1.1,-0.4,-0.1,-7.9,-0.3,-5.7,0.2,-0.4,2.8,5.0,5.5,11.2,8.5,9.4,3.7,8.4,8.0,2.8,1.0,4.4,-2.2,21.3,-2.1,2.6,-3.5,11.9,3.5,-2.2,0.7,3.0,7.3,4.9,4.8,9.1,3.8,-4.0,5.0,9.8,-1.2,10.4,18.4,-6.1,2.3,2.5,-1.7,-0.6,-0.4,1.2,-0.4,5.1,-4.3,-3.5,-3.3,-3.2,-5.4,-2.3,-8.0,-2.8,-8.2,-5.3,-5.6,-4.4,-0.3,-0.6,-4.4,-0.7,-6.7,-2.7,-0.2,2.1,2.6,1.2,1.2,4.7,3.0,0.9,0.8,0.0,1.6,1.2,3.9,3.7,3.6,3.9,3.1,-4.3,-1.3,0.8,1.1,1.9,-4.9,4.9,5.5,-0.5,0.0,1.6,-0.6,2.7,0.3,-2.5,16.7,-0.7,-4.7,0.8,8.5,-1.5,1.3,-2.5,-1.3,-5.9,-5.7,-4.2,-4.4,-3.4,-8.0,-3.0,-5.6,0.3,1.9,3.9,-6.6,1.1,1.6,1.0,4.0,5.9,20.0,0.9,4.2,4.6,-4.9,6.5,7.8,3.3,-5.1,-5.2,3.5,6.3,-1.0,-3.8,-4.6,-1.8,-3.6,-2.7,-8.3,-1.6,2.9,-0.8,5.1,-0.8,-0.4,-2.5,2.8,3.2,6.9,8.1,8.2,5.0,4.0,-0.8,5.8,-6.3,-1.0,8.9,5.9,5.5,-8.6,-11.3,-7.2,-8.9,-5.7,-2.0,13.3,-2.4,0.4,0.1,-1.3,-2.0,-1.7,-0.8,-6.6,3.4,3.3,0.0,-0.7,-2.9,4.2,1.6,3.4,-1.4,5.2,2.4,2.9,1.1,-3.1,-2.0,-1.1,-1.4,0.4,-7.3,-2.9,-2.4
2C7L51106O,0,48.100246,11.627051,4442233.84,2777633.18,536.7,582.4,229,7316,4.5,0.63,0.52,32.64,348.96,-0.529,-0.103,0.842,-0.5,0.2,0.32,0.34,1.1,0.3,-0.3,12.1,12.6,0.5,-4.4,2.4,3.0,2.0,2.6,-0.2,-1.3,0.7,0.0,-0.8,0.3,-3.6,0.8,3.9,2.6,4.0,5.1,3.0,2.3,0.7,4.1,4.0,6.8,1.9,-0.7,-1.8,0.8,-10.1,0.8,-2.1,-1.9,2.3,-3.8,-2.3,-8.4,2.9,-5.2,3.8,-4.8,-3.1,7.9,2.2,-7.6,-5.9,12.3,-12.3,12.1,9.0,-13.7,-9.8,-8.5,-8.1,-2.4,0.6,-9.9,-5.8,8.6,-2.8,2.2,1.8,7.9,-13.0,8.6,4.5,10.9,8.1,1.1,-1.5,1.3,5.3,1.1,0.7,0.2,1.4,-0.8,1.3,3.1,0.9,1.7,-0.1,0.1,0.0,1.5,0.7,1.1,1.4,0.0,-1.5,1.5,-1.9,5.7,1.6,5.6,-1.3,2.1,-1.5,1.2,1.4,0.8,1.4,-0.2,-0.6,2.6,-0.4,0.6,3.4,-0.3,-0.0,-3.6,-8.0,-6.0,7.1,4.0,-12.4,-0.4,-4.2,-1.9,-2.1,1.7,-0.5,-1.5,2.4,1.8,0.8,0.7,-0.8,-0.7,-0.8,0.6,-2.5,-0.1,-3.0,-0.2,-1.1,2.6,-0.4,-1.0,-0.0,-7.0,-5.0,-1.3,0.9,3.4,0.8,-2.2,-1.9,1.3,2.3,1.6,0.5,0.8,0.6,1.5,3.4,3.1,3.2,1.5,-0.0,0.4,-2.8,-2.7,-3.8,1.2,-2.3,-14.1,-4.3,1.7,-0.1,-4.5,-2.0,-9.9,-11.0,5.3,-7.1,-4.4,-7.7,-6.5,-7.0,-2.0,-8.0,-6.9,-6.0,-2.9,-1.2,-1.4,-2.7,-5.6,-5.0,0.7,2.4,-5.3,-2.4,0.2,1.1,-4.3,2.1,0.5,3.7,4.8,-1.8,-2.0,3.5,0.5,6.8,3.4
2C7L51106Z,0,48.100338,11.627765,4442286.82,2777644.53,541.9,587.6,229,7327,2.2,0.87,0.26,32.65,348.96,-0.529,-0.103,0.842,-0.7,0.1,-0.33,0.17,1.2,0.1,-0.3,-0.9,0.5,0.6,0.4,0.2,1.3,1.6,0.5,2.3,-8.4,2.3,1.4,3.5,3.1,3.7,4.0,4.3,4.0,3.4,6.0,3.0,3.1,1.7,4.4,5.2,5.9,3.0,0.3,1.4,1.2,-7.5,0.6,-1.3,0.1,2.4,1.5,2.3,3.2,6.7,4.2,1.5,-1.4,2.8,2.8,3.2,1.8,-5.1,-0.4,1.7,1.0,0.8,1.6,1.4,1.8,0.4,2.9,-0.5,0.7,-0.4,-1.1,-0.1,-0.2,-4.6,-0.7,3.0,0.9,-1.2,1.3,0.1,1.5,-1.7,1.2,0.7,1.5,3.3,4.2,4.0,3.5,3.6,3.6,2.8,3.9,2.1,2.8,3.1,3.1,3.9,4.7,4.2,3.8,2.1,-0.3,-3.5,5.2,2.7,2.0,-0.5,4.1,3.9,3.4,2.1,3.4,4.1,2.2,3.3,3.2,3.6,1.9,2.4,1.5,1.7,1.5,0.4,0.8,0.9,-1.9,5.2,-0.9,-0.5,-0.4,2.4,-0.9,-2.6,-0.1,1.7,3.1,-5.1,2.1,1.8,1.4,0.3,0.2,-3.5,1.8,1.3,1.5,2.9,3.6,3.1,3.8,-4.3,-4.0,-1.7,0.4,0.0,-1.1,-4.0,-1.9,-1.5,0.8,2.2,-2.0,1.0,1.2,0.9,0.0,0.3,0.7,2.1,1.5,1.8,1.4,0.8,-1.4,-0.5,-0.2,1.0,-0.4,0.5,-0.1,0.3,-0.8,-6.5,-3.4,-2.9,-3.4,-4.2,-3.9,8.0,-2.1,-1.5,-1.1,-1.0,-0.2,-0.8,0.9,-3.6,2.4,1.0,-2.3,-0.2,-1.3,2.1,-0.5,1.2,0.1,-0.1,-0.0,-2.8,-0.8,-3.6,-2.3,-2.1,-2.4,-3.3,-3.8,-2.7,-0.7
2C7L51106a,0,48.100337,11.62776,4442286.4,2777644.45,538.8,584.5,229,7328,2.5,0.85,0.36,32.65,348.96,-0.529,-0.103,0.842,-0.3,0.1,-0.61,0.19,0.4,0.2,-0.3,0.2,1.5,-0.4,2.2,0.8,6.5,3.2,0.9,2.8,-4.2,2.4,-0.0,2.2,3.0,4.0,0.6,2.4,1.6,2.6,5.1,0.5,1.1,0.5,1.5,3.8,5.0,1.2,-1.2,3.0,-2.2,-7.7,-0.8,-5.5,-4.4,0.5,-3.2,0.3,3.9,8.0,2.7,-1.5,-5.4,0.2,-1.3,0.6,-1.2,0.1,-1.5,1.7,0.6,1.3,0.5,0.1,1.2,0.7,1.7,0.4,1.3,0.9,-1.0,0.6,2.2,4.7,1.4,1.6,-1.0,-0.4,3.1,-0.6,1.4,-1.1,-0.8,-1.2,1.9,2.1,3.5,4.6,4.0,3.5,4.9,1.2,5.3,2.4,3.8,1.1,2.7,1.5,3.8,5.1,5.8,2.8,-0.6,-2.7,5.6,3.7,5.8,-0.4,5.3,3.5,3.8,2.2,4.2,6.5,2.1,5.5,2.7,2.9,2.5,5.0,5.0,3.4,2.1,-1.2,2.7,1.7,0.4,5.8,0.3,1.4,1.2,-0.3,0.4,-1.7,-0.5,1.3,3.6,0.1,2.8,2.5,0.5,-0.6,1.0,-2.6,4.1,1.4,3.2,4.0,2.3,1.6,3.4,0.1,-4.1,-0.9,-0.2,-0.8,1.6,-1.6,1.1,-1.0,1.0,4.7,-2.7,1.9,1.2,1.8,0.2,0.8,0.7,2.9,1.8,1.1,0.3,-1.3,2.7,1.0,-0.4,2.7,-2.1,-0.8,1.2,-1.3,-3.2,3.3,-0.2,-1.1,3.0,-8.0,6.8,4.8,-1.2,-3.1,-1.2,-0.1,0.1,-1.0,2.1,-2.3,1.1,-0.6,-2.7,-0.4,0.1,1.9,-2.7,11.1,1.8,-1.1,0.5,-3.0,-0.8,-0.7,-0.8,-2.9,-0.2,-4.2,-2.3,-1.3,0.9
2C7L51106c,0,48.100358,11.627926,4442298.79,2777647.1,540.8,586.5,229,7330,4.2,0.57,0.44,32.65,348.96,-0.529,-0.103,0.842,-0.4,0.2,-0.54,0.32,3.0,0.3,-0.3,0.7,-2.8,-3.7,-1.8,-3.0,-1.1,-7.0,-3.8,-1.1,-3.3,-0.2,0.8,3.9,1.5,7.2,8.7,5.1,9.8,9.1,11.1,3.2,10.8,2.3,13.1,11.6,13.4,1.2,7.1,2.6,7.6,-3.0,7.2,4.2,8.0,8.5,10.2,11.2,6.1,12.5,5.0,22.7,1.2,11.2,9.9,5.9,3.6,1.1,4.4,-0.3,-1.5,1.3,19.0,4.8,6.2,8.6,6.1,0.6,-1.2,11.4,0.4,-4.8,-0.8,4.2,3.3,0.7,3.8,2.3,3.9,3.9,3.4,1.5,-1.0,0.1,-2.8,3.3,10.0,7.3,4.6,14.6,5.7,5.4,6.2,1.8,1.9,6.2,7.5,8.4,12.6,11.0,10.1,7.5,4.9,1.4,10.5,8.2,3.9,0.4,8.8,8.8,6.3,-1.0,9.5,-0.1,5.6,0.2,7.7,5.0,-0.6,4.5,3.0,6.1,1.0,2.9,3.3,-0.2,3.9,1.8,3.3,6.4,9.2,-1.4,3.8,1.1,2.9,5.2,5.0,1.9,5.7,1.5,3.0,5.5,2.2,-0.4,8.4,7.4,5.9,7.7,11.0,9.6,5.3,-0.4,0.5,1.0,-1.8,-7.4,-7.9,2.4,-5.4,14.0,-3.4,2.5,15.9,8.2,6.3,6.0,3.0,3.7,3.5,5.7,1.8,6.1,7.9,7.7,3.1,5.7,1.9,4.0,6.2,2.4,6.9,8.2,7.1,-2.1,-1.9,-2.1,-0.3,1.1,2.4,-10.0,9.5,1.6,5.3,2.3,3.7,0.5,7.3,2.5,5.9,10.5,4.0,3.9,5.3,11.7,4.1,7.1,5.0,6.4,5.7,1.0,2.2,-3.0,0.1,-1.9,-3.5,0.1,-1.6,-1.2,0.9
2C7L51106o,0,48.100453,11.628662,4442353.34,2777658.8,542.4,588.1,229,7342,3.8,0.71,0.46,32.65,348.96,-0.53,-0.103,0.842,0.4,0.2,0.1,0.29,0.8,0.3,-0.3,-6.0,-0.0,0.7,-1.3,3.4,-1.1,-2.1,-0.3,-3.2,1.8,-0.2,-1.9,-2.4,6.7,4.3,-0.3,0.0,-0.5,-4.1,-0.5,0.6,-1.7,3.7,-1.4,0.6,-0.1,-0.1,4.8,-2.4,-2.3,-0.5,-8.7,-6.1,-4.5,-5.6,-5.3,-3.0,-1.6,0.8,1.0,2.6,-6.7,1.5,3.7,-0.6,-0.4,2.8,4.5,-4.7,2.5,4.9,2.4,-0.1,2.6,-0.6,2.6,-6.9,0.7,0.5,-10.4,4.3,-2.7,-8.7,6.1,-8.9,-6.3,-4.7,-2.0,-4.6,-5.6,1.1,-2.1,5.3,0.1,0.7,-3.1,-1.8,0.2,0.7,-2.6,0.9,1.7,1.9,10.7,-11.1,-0.2,-0.6,-1.2,-2.4,-0.5,-3.1,-3.8,-8.2,-0.5,0.5,1.6,-7.4,0.2,-2.4,0.3,-3.1,-1.8,0.3,-2.5,0.4,1.6,0.9,1.5,-1.9,0.2,1.3,-0.1,-6.0,-2.7,4.8,1.7,0.2,-2.4,0.2,12.2,0.5,3.8,-2.9,-0.1,-0.7,0.7,0.8,-0.3,-2.4,-1.6,-8.1,-0.3,-3.7,1.1,-6.9,-1.6,-2.7,1.2,3.4,12.0,2.6,1.5,1.8,1.5,4.2,-2.0,-4.5,1.5,-0.1,0.7,-2.3,-2.1,-0.8,-0.5,1.6,0.6,0.2,12.1,2.8,5.9,-2.1,-2.2,11.6,-3.3,-4.8,-1.8,-3.9,-2.8,-2.4,1.1,-1.7,-4.0,-9.1,1.5,0.8,-0.7,1.1,4.4,3.4,2.4,2.0,2.2,1.2,1.2,5.5,3.4,-1.3,2.3,0.2,-4.4,7.1,-6.9,-3.0,-4.5,-0.1,-0.4,-3.3,-3.8,2.3,3.1,6.5,5.7,2.6,-5.7,3.1,-2.2,4.0,4.7
2C7L51106s,0,48.100485,11.628915,4442372.13,2777662.83,544.8,590.5,229,7346,3.0,0.78,0.43,32.65,348.96,-0.53,-0.103,0.842,-0.3,0.1,-0.35,0.23,1.7,0.2,-0.3,2.3,-0.2,-1.3,-0.4,0.6,-2.3,-2.7,-1.5,-1.8,-0.9,-0.1,1.2,1.5,0.2,-1.0,4.2,-0.1,1.2,-12.4,-1.7,-1.5,-5.0,-1.2,-4.2,-2.2,-2.7,-1.9,-3.0,-0.6,-8.1,-8.1,-7.1,-6.8,-2.7,-3.6,-8.8,-1.4,1.3,-0.4,-6.4,-1.0,0.1,-1.0,-3.0,-5.0,-2.7,-3.8,-1.2,0.3,-0.1,-5.0,-3.6,-3.5,-2.7,4.4,0.0,5.1,-2.6,-0.1,-0.5,0.0,0.8,1.4,-0.1,1.7,0.1,1.0,1.1,-1.2,-0.2,-0.7,-4.2,-1.2,2.8,1.8,-7.5,-8.2,-7.0,-9.0,-11.5,-2.3,-8.7,-1.4,-1.9,-2.1,-4.8,-6.4,0.6,-5.8,-1.4,-4.0,-2.3,-5.3,-2.7,2.4,-1.6,-2.5,-1.3,-0.9,0.1,-2.0,-1.3,-2.2,-1.2,-2.4,-2.5,0.8,-0.5,-1.0,-3.6,-2.0,-2.6,1.8,-3.5,0.3,-0.3,-3.3,9.5,-0.1,-0.1,0.1,-3.0,-1.6,-5.4,-1.1,-2.7,-4.5,0.9,0.3,0.1,-0.5,-7.3,-2.4,7.2,-5.6,-5.1,-13.0,-6.9,-1.4,1.1,-3.8,-4.2,-0.0,-7.8,-3.9,-1.0,-4.6,2.2,5.2,0.7,2.3,-4.2,2.4,-6.4,0.9,-1.2,-1.7,-2.4,-2.4,-1.9,0.0,-2.9,-2.0,-4.6,-3.4,-0.7,-2.0,-12.4,1.3,-2.2,-3.6,-2.8,-3.8,-1.3,-1.3,-4.5,-4.0,-1.7,7.4,-4.0,-3.9,0.1,-0.8,-0.1,-1.7,-2.5,-1.5,-3.1,-4.2,-5.3,-3.1,-2.5,-3.4,-7.3,-5.3,-2.7,-9.3,-3.8,-5.3,-7.4,2.3,-3.6,-5.1,-2.8,-7.6,-1.8,-3.2,-1.9
2C7L51108i,0,48.101317,11.63539,4442852.5,2777765.87,544.1,589.8,229,7460,1.5,0.95,0.22,32.68,348.96,-0.53,-0.103,0.842,-0.4,0.1,0.08,0.11,0.1,0.1,-0.3,-0.0,-0.5,0.3,-0.5,0.6,-0.8,1.0,0.4,0.5,2.0,0.6,1.8,-0.0,0.6,2.0,1.3,1.4,0.6,-1.6,-3.0,-2.7,0.9,-1.2,1.7,0.9,2.1,1.0,-0.5,1.4,-0.2,-0.6,-4.6,-3.8,-5.5,-0.9,-4.8,1.2,0.4,1.0,-1.8,-0.1,0.8,-0.2,-0.0,0.5,-0.9,-1.4,-0.4,-1.8,-1.0,-0.3,-0.5,-1.0,-1.3,-1.6,-1.9,-1.6,-1.9,-1.5,-1.9,-0.8,-2.0,-2.3,-2.2,-3.5,-1.1,-2.2,-1.5,-0.7,-2.1,-2.1,-1.8,-1.1,-0.9,-1.1,-1.0,-0.2,-0.8,-1.6,-1.1,-0.9,-1.0,-1.0,-2.6,-0.7,-0.4,2.6,0.0,-0.7,-1.1,0.1,-0.9,-1.2,-4.8,-0.5,-0.6,-0.1,0.1,-0.1,-1.1,0.1,-1.2,-1.8,-2.1,-0.0,0.9,-1.0,0.2,-2.7,-0.5,-0.3,-0.8,-0.6,-1.4,-0.7,-1.5,-1.8,-1.1,-3.2,-2.3,-1.0,-0.7,-1.0,-1.8,-1.5,0.6,-0.6,-0.9,-0.8,-2.7,0.7,-0.7,-0.4,-0.6,-2.1,-1.9,-0.1,-0.3,1.6,1.0,0.2,-2.1,-2.2,-2.4,-0.3,-0.6,-0.4,-0.1,-0.9,0.1,-0.7,-1.0,0.5,-0.0,-1.8,-0.7,-0.9,-2.4,1.3,-1.2,-1.4,-3.8,-3.9,-3.3,-4.5,-0.4,-1.0,-4.4,-1.7,-1.4,-1.3,-2.2,-3.7,-2.1,-1.2,-2.3,-0.8,-0.9,-10.6,-1.1,-0.4,-1.5,-2.0,-1.5,-2.8,-1.1,-2.0,-4.4,-3.2,-3.9,-1.7,1.6,0.5,-2.9,-1.1,-2.6,-1.5,-2.6,-2.2,-2.4,-2.0,-2.4,-2.2,-2.0,-0.0,-1.9,-1.5,-0.7
2C7L51106T,0,48.100312,11.627423,4442261.43,2777641.16,540.0,585.7,229,7321,2.2,0.88,0.36,32.65,348.96,-0.529,-0.103,0.842,-1.0,0.1,-0.35,0.17,0.3,0.1,-0.3,-3.3,-0.3,0.3,-1.6,-0.9,2.3,-3.6,-1.4,2.5,7.8,3.5,1.3,2.3,3.0,1.8,3.8,-2.6,-5.2,-4.9,3.6,2.2,-4.2,1.2,-0.9,2.0,3.6,1.3,2.1,-0.6,-3.8,-2.6,0.5,-4.3,-1.4,-0.3,-1.8,-2.1,1.2,5.5,1.1,1.5,1.2,1.5,-2.0,3.5,1.8,0.2,-0.7,-0.5,-2.5,2.2,1.6,0.8,1.8,-0.4,-0.2,1.7,-3.4,-2.0,0.7,-3.0,-0.9,-4.5,-0.0,-4.2,-1.5,-1.6,-5.7,-1.6,-0.4,-1.1,-0.3,0.9,-1.7,0.5,2.5,1.0,2.5,4.3,-2.1,0.4,-2.6,0.7,0.5,0.0,-1.3,-0.6,0.3,-2.5,2.1,1.2,0.5,0.2,1.4,2.0,1.1,0.6,2.0,1.4,0.8,-1.0,0.7,-1.1,-0.9,-1.8,-0.1,2.4,1.5,1.1,-3.0,-0.9,-2.3,-1.9,-2.5,-1.5,-1.0,-0.2,-2.3,-1.4,0.9,1.1,-3.6,-3.9,-2.1,-1.7,-3.3,-1.8,-0.1,0.3,1.0,-0.7,-4.1,1.4,1.3,-1.2,-0.6,-3.0,2.5,2.0,2.9,-2.9,-2.3,-3.4,-2.5,-0.4,-5.1,-1.6,-2.3,-3.5,-1.4,-0.6,-3.4,-4.0,-2.6,-2.0,-3.4,-2.3,-2.2,-1.0,-2.3,-3.7,-4.3,-0.3,-7.1,-5.7,-1.0,-3.5,-3.9,-1.0,-4.2,-4.1,-1.6,-4.6,-1.7,-1.5,-4.2,-3.8,-4.2,6.3,-2.8,-3.8,-1.4,-5.0,-2.8,-3.7,-2.6,-4.1,-0.2,-2.2,-1.0,-0.5,-3.7,-3.6,-6.3,-8.6,-5.6,-4.8,-8.1,-3.2,-5.4,-1.9,-7.1,-4.6,-4.4,-4.7,-4.6,-5.8,-4.5
2C7L511076,0,48.100593,11.629609,4442423.56,2777675.95,538.5,584.2,229,7360,3.3,0.76,0.4,32.66,348.96,-0.53,-0.103,0.842,-0.9,0.2,-0.57,0.26,0.8,0.2,-0.3,-3.1,-3.5,-2.4,-1.7,-0.3,1.1,2.2,-1.6,0.5,-0.5,0.3,1.7,-1.9,3.5,2.2,2.5,2.0,0.3,0.2,1.3,-2.4,2.8,2.6,2.4,3.3,3.6,-1.7,1.2,-0.1,-0.5,-3.0,-3.4,-3.4,0.4,-0.8,-0.0,1.5,2.0,3.3,0.1,1.6,-0.3,-0.8,3.1,-1.5,-1.3,-2.4,2.2,-1.2,-1.0,-0.0,-0.3,-0.6,-0.6,2.7,1.7,3.0,1.2,-0.3,-1.0,-2.0,1.0,-1.8,-2.1,7.1,0.1,-0.9,0.3,-2.4,-5.0,-1.3,-1.7,-0.1,-1.6,2.3,1.4,1.6,1.2,1.2,-0.7,-0.5,-1.9,-1.8,-0.0,0.8,-1.1,6.3,-0.2,0.9,-0.8,-0.3,-3.9,-4.3,0.8,1.6,-1.5,0.5,0.4,3.7,1.7,2.0,1.8,2.7,0.9,0.6,-0.5,-2.1,1.4,2.0,-0.4,-1.4,-5.0,-0.1,-1.6,1.0,-1.6,-3.1,-2.1,-1.4,-0.2,-1.8,1.1,2.6,-4.2,-0.2,2.0,2.6,1.0,2.0,-0.3,0.2,2.2,3.2,0.7,-3.1,0.8,1.7,0.9,5.0,-0.2,2.2,1.6,-0.1,0.6,2.4,3.6,-2.4,3.1,-10.6,-1.5,-3.7,-10.8,-12.4,-2.1,-12.6,-6.5,0.7,-4.8,-8.3,-7.0,-12.6,-13.6,7.5,11.3,5.3,0.4,4.6,6.3,3.0,-2.1,0.2,-0.5,-4.9,-2.3,-1.4,-2.5,-1.4,-0.4,-1.2,3.5,2.6,-0.6,-2.4,0.4,-9.5,-0.3,-3.0,-8.6,3.2,2.9,-4.1,-1.9,2.3,-1.0,-6.9,-9.9,-2.2,-6.0,-7.7,-6.9,-4.5,-8.3,-7.2,-4.1,-4.7,-6.2,-3.2,-4.3
2C7L51107c,0,48.100833,11.631475,4442562.04,2777705.64,542.2,587.9,229,7392,3.2,0.76,0.41,32.66,348.96,-0.53,-0.103,0.842,-0.4,0.2,0.12,0.24,2.2,0.2,-0.3,4.2,0.2,-0.3,-4.7,0.4,9.2,4.8,-1.5,-1.5,-8.4,2.2,12.8,-1.9,-5.0,-1.8,0.1,-1.1,-5.9,-4.1,-3.1,-4.9,0.1,0.1,-4.2,-2.8,-3.6,-5.0,-15.1,4.6,-5.1,-3.1,-9.1,-7.8,-5.5,-5.3,-7.7,-2.0,-2.1,1.0,-1.2,-0.9,2.9,-5.0,-2.1,-3.4,-3.0,-2.8,-2.2,-3.8,-2.1,-3.4,-0.4,-5.5,-1.9,-4.0,-5.2,-1.6,-2.5,-0.9,-3.3,-0.4,2.5,0.8,-0.2,-1.9,-4.2,-2.1,4.0,-0.1,-0.1,-0.1,0.1,-9.9,0.8,-1.5,0.4,1.1,0.4,2.0,-1.1,-3.5,-3.3,-2.8,-1.5,-2.4,-2.7,-1.4,-5.9,-0.1,-3.7,-5.0,-2.6,-3.8,-3.4,-6.2,-7.2,-3.1,-4.0,-4.4,-4.4,-6.9,-2.3,-3.9,-3.2,-4.5,-4.1,-3.6,-3.5,-1.5,-3.3,0.8,-3.1,-3.1,-5.4,-1.3,-14.5,4.5,-2.1,-4.5,0.2,1.2,-3.4,-7.4,-9.2,-4.8,-4.7,-0.9,-0.3,1.3,-5.7,-2.9,-5.8,1.1,-3.2,-6.5,-8.2,-6.4,-3.7,-1.9,-1.1,-11.2,0.0,-4.8,2.4,-0.7,-1.4,-1.7,-0.4,0.4,-0.5,2.2,1.1,0.1,0.4,-0.3,-0.1,-1.3,-0.0,0.5,-2.0,-3.8,-6.2,-7.2,-5.2,-10.4,-5.5,-7.0,-9.7,-5.4,-6.0,-6.6,-6.9,-7.4,-0.1,-6.9,-1.6,-3.3,-1.7,-1.6,-1.7,1.9,-1.5,-3.1,-2.2,-2.0,-2.0,-0.1,-3.4,-3.8,-7.1,-7.1,-5.8,-5.3,-6.9,-7.8,-5.7,-7.0,-6.0,-8.1,-4.6,-4.6,-4.6,-4.7,-3.0,10.2,-1.8,-2.6,-1.6
2C7L51107e,0,48.100839,11.631528,4442565.92,2777706.48,539.9,585.6,229,7394,3.9,0.68,0.42,32.66,348.96,-0.53,-0.103,0.842,0.1,0.2,0.32,0.3,1.5,0.3,-0.3,-1.0,-1.6,0.2,-0.5,0.8,-0.8,1.8,1.0,-2.8,-2.6,-2.6,3.9,1.4,0.8,1.4,0.3,-1.2,-0.9,-2.9,-1.8,-3.4,1.2,-6.2,0.0,-3.7,-0.2,-4.1,-2.2,-1.6,-5.0,-6.4,-6.7,-6.1,-7.3,-5.3,-2.6,2.8,-3.3,1.0,-1.1,-2.3,2.2,2.3,2.8,-3.7,-0.5,-5.1,-2.2,2.2,9.2,2.4,3.4,1.7,2.8,5.4,6.6,7.9,3.5,5.5,6.3,2.4,7.2,0.9,2.2,1.5,0.9,1.0,1.3,5.9,-0.1,-5.5,-1.2,2.5,-0.6,-0.8,-1.2,0.5,-0.6,-2.6,-3.4,3.1,-1.1,0.8,-0.9,1.6,0.7,1.3,0.4,-13.4,-3.1,-2.9,-0.6,-3.3,-2.5,-4.4,-1.7,-0.9,-0.9,-1.5,0.8,-2.1,0.7,0.9,-1.4,-0.0,1.5,0.6,-0.2,1.1,-0.1,-0.5,4.2,1.4,4.8,3.2,3.7,-2.8,-2.1,0.0,-15.5,-11.1,6.2,2.7,-2.3,-5.5,4.0,9.9,-5.2,0.5,-0.3,-8.2,-1.5,4.9,-1.0,-3.8,-4.2,-2.6,0.1,-0.8,4.0,3.2,4.9,0.6,0.7,-0.2,2.0,-4.6,3.3,5.3,-11.9,-9.5,-4.7,-3.0,-5.1,-1.4,-2.3,-2.1,-3.7,-1.4,1.3,-0.0,-6.3,3.5,-0.9,-3.3,10.1,1.2,0.8,-11.9,4.3,6.1,-2.6,-3.7,0.6,4.2,0.1,3.5,-2.3,2.2,-0.4,-11.5,-1.4,-3.1,-3.6,0.1,-2.5,6.8,-0.5,-2.4,0.4,1.1,3.0,3.0,-6.1,3.3,-0.9,5.1,-1.8,8.2,0.5,-2.1,-3.8,3.4,1.1,-9.4,9.8,7.5,6.1
2C7L51108J,0,48.101157,11.634003,4442749.56,2777745.86,544.6,590.3,229,7435,3.0,0.79,0.42,32.67,348.96,-0.53,-0.103,0.842,-0.2,0.2,-0.41,0.23,1.4,0.2,-0.3,0.8,-0.7,-1.4,-0.2,-0.4,-0.8,0.3,-0.3,-1.6,0.1,-2.2,1.5,-2.4,-2.1,-3.9,-1.8,-4.0,-3.1,-5.4,-4.4,-5.7,-2.8,-2.6,-0.2,-2.8,0.5,1.0,0.6,-3.0,-3.7,-1.8,-4.3,-5.2,-2.8,-5.4,-1.3,1.6,-4.4,-2.5,-4.3,-0.9,-1.8,-2.6,-9.4,-3.7,-8.2,-2.1,-0.0,-0.7,-0.5,-2.8,0.1,-0.0,1.3,-2.5,1.1,1.3,6.6,0.4,1.2,-1.9,4.1,-2.5,2.0,-0.8,1.9,0.7,0.7,1.9,-1.4,-0.2,0.3,2.4,1.1,-1.9,-1.4,-1.6,-2.1,-1.8,-7.8,-5.1,-3.5,0.3,-3.8,-4.8,-2.0,-0.7,-2.7,-2.9,-2.5,-0.5,-7.6,-4.6,-5.8,-2.9,-5.3,-2.0,-0.9,1.3,-4.7,-3.4,-4.6,-3.6,-0.9,-1.3,-1.3,-5.6,-2.4,-3.1,-3.1,-3.0,-2.4,0.5,-0.6,2.4,-1.0,1.6,-0.3,-0.8,-4.4,3.2,-3.3,-2.5,-3.5,1.0,-0.7,-3.8,-3.3,-0.6,-1.6,0.2,-1.5,-1.6,-3.1,-1.9,-0.6,-2.4,-0.3,-0.2,-0.7,-2.9,-3.6,-2.6,-3.1,-2.9,0.1,-1.9,0.3,-3.2,10.4,1.1,-0.8,-1.4,-4.4,-7.6,1.1,-0.7,-4.3,3.5,-1.3,-3.4,-5.7,-4.2,-15.3,-6.5,1.0,2.4,-3.3,6.4,0.7,2.5,-1.4,-5.8,-2.4,2.3,3.7,2.7,0.4,-7.4,1.2,1.2,2.3,-2.3,-2.4,-5.7,-2.8,-3.9,-2.9,-14.5,4.3,-8.9,0.3,-15.5,3.9,5.3,-1.7,-3.4,-3.4,-3.6,-3.0,-2.4,-5.0,-3.3,-3.9,-2.9,-4.2,-6.1,-4.8
2C7L51108Y,0,48.101247,11.634704,4442801.55,2777757.03,537.8,583.5,229,7450,3.0,0.76,0.4,32.68,348.96,-0.53,-0.103,0.842,-2.5,0.2,-1.15,0.23,1.2,0.2,-0.3,-2.0,0.6,1.4,-1.8,1.6,-4.0,0.5,-0.5,2.9,-3.4,-2.5,0.5,0.3,1.5,1.8,1.9,0.1,-2.9,-0.3,-4.4,-6.6,9.6,-1.1,0.3,-1.0,-1.6,5.4,5.6,4.0,-2.0,7.9,-3.6,-5.3,-7.0,-2.3,-2.4,1.1,-0.1,0.7,-2.6,0.2,1.3,0.8,0.2,1.6,-0.7,-0.9,-4.3,0.0,0.2,2.9,0.5,3.4,-0.7,-1.7,-0.8,0.4,0.8,-0.6,0.7,4.4,-4.1,-0.4,-0.1,-4.1,-0.4,2.7,-0.3,0.3,0.3,0.9,3.1,2.4,-0.4,3.2,-3.3,0.2,-0.5,-0.9,-1.6,-1.8,-2.1,0.6,2.5,1.6,-2.8,-4.9,-3.0,-7.9,4.2,-2.2,-6.7,-0.4,-5.2,1.2,1.5,3.4,3.2,-1.8,-2.7,1.3,-3.0,-3.0,-0.3,-0.5,-0.9,1.3,-0.8,-3.4,-2.1,0.5,2.8,-0.6,-0.3,-0.6,1.2,3.5,-0.1,-2.7,-0.0,-3.6,0.7,2.9,0.5,-2.2,-10.6,-0.8,6.1,4.3,-8.3,-5.4,-4.7,-2.4,-10.6,-6.2,-5.8,-6.6,1.1,-1.8,-3.4,-5.7,-3.3,-8.7,-3.6,3.0,-1.2,-3.2,-2.1,-7.6,-0.4,-1.8,-4.3,-1.9,-4.6,-4.4,-5.9,-6.6,-4.2,-2.9,-6.7,-8.1,-3.8,-8.6,-17.8,-9.4,-5.3,-4.6,-11.1,-7.6,-7.7,-8.3,-11.5,-10.3,-8.6,-8.8,-6.5,-6.4,-7.3,-4.7,-9.0,-8.8,-6.5,-7.7,-7.3,-10.0,-7.9,-10.2,-13.7,-8.5,-13.7,-11.9,-14.2,-10.2,-18.4,-12.3,-12.3,-14.8,-10.2,-3.8,-12.3,-11.1,-12.5,-10.1,-6.7,-2.8,-9.0,-11.4,-10.5
2C7L51108a,0,48.101266,11.634852,4442812.56,2777759.39,538.5,584.2,229,7452,2.0,0.86,0.33,32.68,348.96,-0.53,-0.103,0.842,-0.1,0.1,-1.15,0.16,0.4,0.1,-0.3,-0.0,0.1,0.2,-0.0,1.1,-1.3,1.2,1.3,0.8,0.6,0.7,0.0,0.5,0.1,1.4,0.9,-0.1,-0.2,-1.5,-2.2,-1.2,-0.5,0.4,0.1,-0.1,1.3,0.9,0.4,0.7,-2.3,-0.4,2.8,3.6,2.1,3.8,4.6,8.3,7.7,7.7,6.8,9.2,-0.5,6.7,8.2,5.8,5.6,-2.1,1.5,6.2,2.2,5.3,5.8,6.1,5.4,4.6,7.1,1.7,5.7,5.1,3.8,5.5,5.7,5.7,5.1,-2.1,0.5,3.5,4.5,6.0,5.3,-1.4,5.1,1.8,5.1,4.8,5.5,5.5,4.8,5.1,4.3,5.2,3.4,4.3,3.3,5.7,2.4,7.4,4.9,6.1,4.6,3.5,1.2,0.3,2.3,4.7,3.3,2.0,5.7,5.6,3.1,3.4,5.1,5.5,7.0,5.7,6.1,5.0,5.1,4.5,5.9,6.1,4.8,4.8,5.3,4.8,4.0,3.3,4.8,4.2,3.7,4.2,4.3,3.9,4.1,5.5,7.0,0.1,4.0,2.9,4.2,6.0,4.1,1.4,3.5,2.1,4.1,4.0,2.7,6.6,6.8,-2.3,0.6,2.8,4.2,2.9,3.1,4.3,4.6,5.4,4.2,4.0,2.8,4.8,4.9,4.6,3.3,3.1,4.0,3.4,4.9,4.2,1.7,4.1,3.1,2.2,4.2,6.4,0.4,4.3,3.9,5.2,2.8,-2.1,-3.0,-1.4,2.1,4.4,2.6,-1.1,3.5,4.9,4.3,3.5,2.9,3.8,2.2,0.9,2.2,3.6,1.1,0.6,0.4,1.8,-1.0,1.0,1.1,3.5,1.4,2.4,1.4,-1.4,1.1,1.2,2.4,5.0,3.3,4.6,4.2
2C7L51106I,0,48.100238,11.626704,4442208.0,2777631.77,538.2,583.9,229,7310,2.8,0.71,0.38,32.64,348.96,-0.529,-0.103,0.842,-0.8,0.1,0.33,0.21,3.5,0.2,-0.3,-2.9,-3.0,-2.0,-2.3,-2.4,-1.6,-2.6,-0.3,-1.6,1.6,-1.0,-0.6,1.5,-2.7,-2.5,-2.6,-3.9,-4.1,-4.8,-1.5,-4.1,-6.0,-3.9,-6.0,-5.8,-6.1,-3.9,-5.6,-0.4,-10.3,-7.1,-11.2,-11.8,-10.4,-9.0,-9.7,-11.6,-5.5,-3.2,-5.5,-4.5,0.7,-6.9,-4.1,-3.3,-3.1,-1.4,-1.7,-2.0,-2.1,-1.1,-0.4,-2.6,-2.7,-2.0,-0.6,-3.0,-2.5,0.9,-4.1,-3.6,-4.2,-3.3,-1.2,-4.2,-0.2,-1.3,-0.5,-3.5,-2.6,0.1,-2.9,-1.0,-1.6,1.1,0.7,-1.0,-4.1,-5.9,-5.6,-5.1,-6.8,-1.2,2.0,-15.4,-9.6,-10.4,-9.1,-11.2,-9.6,-16.2,-10.7,-12.7,-10.8,-15.1,-11.1,0.4,-9.4,-6.5,-6.0,-6.3,-8.8,-5.7,-7.3,-7.1,-6.6,-5.6,-4.8,-9.6,-5.1,-5.2,-3.1,-4.9,-4.5,-4.7,-2.3,-3.1,-2.5,-3.8,-4.1,-2.1,-2.4,-4.4,-3.3,-5.3,-4.1,-2.3,-9.8,-4.7,-10.6,-9.3,-8.5,-7.1,-5.3,-10.5,-9.6,-8.5,-4.9,-6.1,-1.2,-6.2,-5.5,-7.8,-5.7,-3.1,-4.0,-1.4,-2.8,-4.1,-4.3,-3.4,-5.4,-4.0,-4.5,-6.7,-5.0,-13.9,-9.9,-8.8,-2.6,-8.5,-12.0,-8.8,-11.3,-12.2,-0.4,-13.2,-14.3,-7.6,-8.2,-8.5,-9.0,-6.7,-4.1,-4.7,-2.4,-4.0,-3.4,5.8,-1.8,-3.9,-2.2,-1.3,-6.0,-2.6,-13.2,-6.4,-7.7,-9.2,-10.5,-12.3,-10.8,-8.7,-11.8,-8.3,-9.0,-9.4,-14.8,-4.0,-8.9,-6.7,-6.9,-5.5,-6.8,-4.0,-6.4,-7.5,3.4
2C7L511073,0,48.100602,11.629537,4442418.22,2777676.85,545.2,590.9,229,7357,1.7,0.93,0.35,32.65,348.96,-0.53,-0.103,0.842,-0.2,0.1,-0.13,0.13,0.4,0.1,-0.3,-1.3,-0.6,-1.0,-1.1,-0.7,-3.1,0.7,1.4,1.8,-6.7,1.2,-0.8,2.6,1.0,1.9,1.9,1.2,-0.1,-0.4,1.0,-0.8,1.9,1.0,0.6,3.0,1.3,0.6,-0.1,-0.2,-2.1,-4.0,-3.3,-4.6,-1.5,-0.3,0.8,1.1,1.6,1.6,0.3,-0.8,-0.5,2.0,0.3,1.9,-0.4,-2.9,-0.8,0.5,-0.6,-1.5,0.8,0.5,1.4,0.4,3.3,0.6,0.7,-2.5,-0.9,-0.7,0.1,-4.5,-3.2,0.3,1.9,-0.9,-1.1,-1.3,-0.3,-2.4,-0.3,-1.9,-0.9,1.1,0.7,0.5,0.2,1.8,-0.7,-1.3,-1.6,-0.5,-0.3,-0.1,0.5,0.4,-0.6,-2.3,-0.5,-2.2,-1.0,-1.8,1.3,-0.9,-0.2,1.1,0.5,-0.1,1.2,-0.9,1.2,0.4,2.3,-1.5,1.4,1.0,-0.5,1.8,-0.3,0.7,-0.3,-0.1,-1.3,0.2,0.5,1.6,4.2,0.5,3.1,-1.6,-1.0,-0.0,0.9,1.1,1.2,-2.6,0.2,-1.2,-2.7,-1.3,-1.4,-2.5,-0.2,-3.3,-1.5,-1.8,1.2,3.2,1.2,1.7,-0.9,-0.2,0.7,1.0,0.3,-2.8,-2.6,-3.7,-0.9,1.0,-0.4,1.1,0.4,-0.1,-0.9,-0.1,1.5,1.3,-1.0,-0.5,-0.4,-1.9,-2.0,-3.1,-0.6,-1.7,-2.9,-0.3,-0.3,0.9,-1.0,-5.7,-1.9,-0.3,-5.1,1.9,1.2,8.4,-0.3,-0.5,-0.9,-0.3,0.1,-0.4,0.3,-1.4,-1.9,0.1,-2.8,-2.6,-2.0,-0.5,-2.0,-0.9,-2.4,-0.8,-0.7,-2.4,-2.2,-2.7,-1.5,-2.7,0.4,-1.3,2.5,0.3,0.7
2C7L511074,0,48.100601,11.629524,4442417.21,2777676.64,541.7,587.4,229,7358,4.1,0.7,0.44,32.65,348.96,-0.53,-0.103,0.842,-0.3,0.2,-0.84,0.31,0.5,0.3,-0.3,-3.1,-1.9,-1.2,-4.1,-0.6,1.1,0.5,-0.7,1.8,-6.3,0.9,1.9,1.5,0.7,2.3,3.0,2.0,2.6,-1.5,3.3,-1.0,2.3,-0.9,2.4,2.3,3.2,-0.2,1.8,-1.1,-1.8,-3.4,-5.9,-9.8,-0.6,-1.0,2.1,0.5,2.8,2.7,-1.8,-3.1,-2.2,1.8,0.8,2.5,-0.4,-4.9,-3.8,-2.4,-3.0,-3.1,-3.7,-0.2,-0.5,-0.1,3.6,0.4,-1.4,-4.3,-1.7,-2.6,2.5,-6.7,-8.5,6.5,5.0,-2.3,-4.3,-5.1,-2.1,0.0,-1.6,-3.0,-4.0,3.1,1.9,1.8,1.0,1.9,-0.8,-2.4,-1.9,-2.9,0.7,-1.3,-1.0,2.2,-1.3,0.2,-1.4,-2.9,-3.1,-3.6,2.7,-3.6,0.1,-0.3,-3.6,-2.0,-2.0,-4.2,-0.2,0.7,2.3,-0.2,-0.6,-1.1,-4.0,0.5,-3.9,-1.2,-3.2,-2.9,-5.1,-3.8,-0.9,8.0,14.1,14.0,11.0,13.8,-5.3,-3.2,1.4,1.8,-0.4,-6.8,-1.8,-3.2,-4.0,0.4,0.6,-1.6,1.0,7.1,2.8,1.9,1.1,3.9,-0.1,1.3,-3.3,6.6,0.7,14.4,-5.2,-5.2,-1.1,-4.7,-1.0,5.1,3.3,2.1,0.4,-2.8,-2.1,-0.9,0.3,1.4,0.7,2.4,3.5,-0.0,0.1,-2.1,1.2,-0.7,-1.0,-2.7,0.3,2.7,2.3,-7.0,-2.8,-8.9,6.9,-1.3,-9.0,11.0,9.7,-14.3,-9.4,11.3,-1.5,-8.2,-1.7,2.4,-7.0,-0.8,-1.2,-3.9,-2.9,-4.2,-3.4,-2.1,-4.2,-3.0,-1.3,-5.8,-4.5,-6.5,-7.3,-6.4,-1.3,-2.2,0.7,-6.3,2.5
2C7L51107D,0,48.100659,11.629976,4442450.75,2777683.85,537.9,583.6,229,7367,2.5,0.89,0.35,32.66,348.96,-0.53,-0.103,0.842,-0.6,0.1,-0.17,0.19,0.5,0.2,-0.3,-1.0,-1.5,0.2,-1.3,-0.2,2.9,-0.1,0.5,1.0,15.3,0.2,2.0,-0.4,-2.3,-2.0,-0.8,-0.7,-2.4,-2.1,-0.6,-2.3,-0.6,-0.2,-1.7,-0.5,-1.4,1.0,-1.6,-0.0,-5.0,-3.2,-5.9,-6.2,-2.8,-2.5,0.4,-0.0,0.1,-0.3,-2.6,-0.0,-0.6,-1.1,-0.3,0.9,-0.5,-2.3,-1.3,0.4,-0.4,-0.3,1.1,0.5,0.5,-1.0,-1.9,-1.3,-1.3,2.1,1.9,1.2,1.6,-7.9,1.2,3.4,0.2,0.1,-2.5,-0.2,-1.2,-4.7,-0.0,-2.4,-0.5,-0.7,0.7,-1.1,-2.0,-0.4,-3.3,-1.5,-1.8,0.1,1.1,1.3,-2.1,1.6,1.9,-1.4,-0.3,-0.4,-2.7,-1.3,-0.6,-0.7,-0.6,-1.0,0.6,1.5,0.7,-2.4,-2.0,0.8,-1.0,-1.8,0.0,1.2,-1.7,-0.2,-1.5,-2.3,-1.7,-1.4,-2.0,-2.5,0.8,1.9,-3.1,-3.5,0.0,1.3,-0.8,-0.3,-2.3,-2.0,2.2,-2.3,-0.7,-0.9,-1.7,-6.1,-0.4,-1.4,-0.3,-1.9,-2.4,-0.6,2.6,4.4,4.9,1.2,-1.9,4.8,-0.2,-0.7,-3.2,-4.8,-3.6,-0.5,-0.5,-3.9,-3.9,-4.2,-4.2,-3.3,-3.6,-2.4,-4.6,2.6,0.5,-1.3,-5.2,-0.9,-5.1,-3.1,-2.7,-3.6,-5.5,-4.4,-7.1,-5.8,-4.5,-1.5,-6.2,-1.5,-3.5,-3.1,-3.1,12.9,-2.2,-2.1,-2.0,-3.4,-0.7,-1.9,-2.5,-0.9,2.6,-3.2,-4.3,-3.3,-0.1,-2.8,-4.6,-3.0,-2.5,-4.8,-1.4,-3.6,-2.4,-2.0,-4.8,-2.6,-3.9,-1.8,-4.5,-3.1,-3.5
2C7L51108r,0,48.101418,11.635893,4442889.76,2777778.01,544.8,590.5,229,7469,2.7,0.84,0.36,32.68,348.96,-0.53,-0.103,0.842,-0.7,0.1,-0.18,0.21,0.7,0.2,-0.3,-2.0,0.6,2.4,1.8,0.6,-4.3,1.2,0.2,0.7,5.6,2.3,-3.7,-0.1,0.1,3.3,4.8,2.3,3.4,-0.9,-2.4,1.1,1.4,1.1,3.6,2.5,-0.5,-0.8,-3.5,0.2,3.0,3.5,-2.8,-2.5,-4.8,-3.2,-3.9,1.8,0.6,1.4,0.6,-1.6,-4.9,-2.2,0.6,0.4,-0.7,-5.9,-3.9,1.5,1.4,0.3,1.0,1.2,0.2,0.2,-2.5,-2.2,-0.4,-0.8,-1.7,-1.2,0.4,-5.2,0.5,-0.0,-2.9,-1.6,-0.3,2.4,2.9,-0.3,2.2,-0.6,1.5,0.7,-1.5,3.6,2.4,-0.3,1.2,-0.5,-4.3,-1.0,-0.5,-1.6,-1.7,0.9,1.3,1.6,0.4,-1.1,-0.8,0.8,-3.1,-0.7,1.5,-0.4,-1.0,0.6,-3.2,-0.7,-1.7,-0.4,0.4,0.2,-0.1,-0.9,-2.8,-1.5,-0.9,-0.2,-1.4,-0.3,-2.8,-1.0,-4.7,-3.4,1.3,-1.5,0.5,-3.3,1.0,-1.2,1.0,0.8,0.7,-2.7,-0.0,1.7,-3.0,3.7,0.0,-2.6,-2.7,-1.5,1.4,-1.0,1.0,3.2,1.9,-2.4,-1.4,-0.6,-1.6,-1.4,-2.1,-4.8,-1.8,-3.1,-1.1,-6.4,-1.0,-1.2,-0.8,-1.4,-0.6,-5.5,-4.1,2.9,1.0,2.3,-1.7,1.6,0.0,-4.2,-5.1,1.2,-3.2,-6.7,3.2,-1.3,-0.5,-12.6,-4.3,-3.6,-13.7,-2.6,0.3,9.4,-0.1,0.4,-0.1,-8.4,-1.2,0.9,-2.4,-6.6,-1.5,0.2,-2.8,-13.5,-7.7,-3.4,-5.0,-1.7,-2.1,-2.7,-4.0,-8.2,-2.0,-1.5,-8.3,-2.0,-0.3,-1.4,-2.3,-1.0,-1.4
2C7L51109g,0,48.10178,11.638714,4443099.0,2777822.9,540.6,586.3,229,7520,2.9,0.8,0.36,32.7,348.96,-0.53,-0.103,0.842,-0.4,0.1,-0.43,0.22,1.3,0.2,-0.3,-4.5,-3.2,-3.2,0.1,-0.4,0.0,-2.8,-2.1,-2.0,9.4,0.4,-0.7,-1.6,-0.9,-1.4,-0.3,-0.6,2.6,3.6,-0.2,2.1,0.9,-1.2,-1.6,0.9,-1.7,-0.7,0.4,10.8,-4.6,-2.3,-10.2,-6.4,-9.4,9.3,-5.8,-5.4,-4.5,-5.4,-6.8,-5.2,-3.1,-1.4,-7.8,1.5,-2.0,-1.4,-1.5,2.3,-2.1,-2.5,-3.1,-4.2,-2.3,-2.9,-1.7,-2.0,-4.0,-2.6,-1.5,-3.3,-1.1,10.3,0.6,-2.4,-1.3,-1.6,2.2,-1.3,-0.0,0.9,-2.0,0.2,-0.6,-2.0,-3.1,-0.6,-1.3,-1.7,-4.0,-1.7,-4.9,-1.9,-2.4,-2.5,-3.1,-2.6,-4.5,-4.0,-4.5,-0.5,-2.7,-4.1,-4.8,-4.3,-3.8,-0.8,-2.5,-0.7,-1.7,-3.6,-5.8,-0.9,-1.2,-2.6,-2.5,-1.8,-0.2,-3.7,-0.7,-0.4,-2.0,-0.9,-1.4,-1.8,-2.1,-2.1,-0.4,-3.2,-3.3,-0.1,-1.9,-2.6,-1.5,-0.2,-2.8,-2.0,-4.2,-5.2,-4.7,-3.8,-2.3,5.7,-7.8,-3.5,-6.6,-4.6,-4.4,-1.0,-1.4,-5.9,-4.9,-3.9,0.9,0.3,0.1,0.3,-0.4,-1.3,1.0,2.7,1.2,0.7,1.6,1.0,-0.5,-2.4,1.8,1.9,0.7,-3.5,-3.5,3.0,-0.2,-3.1,-2.1,1.0,-6.8,1.9,-3.2,-1.7,-4.0,-5.2,-1.9,-1.2,-4.4,-1.5,-5.1,0.7,-2.3,-2.8,-1.2,-2.2,-4.0,-0.6,-1.3,-4.4,-2.0,-6.2,-5.0,-4.6,-6.0,-5.8,-6.0,-6.2,-9.7,-3.3,-4.2,0.1,-2.8,-10.2,-8.9,-11.8,-6.6,-6.1,-8.2,-0.5,6.3
2C7L51109h,0,48.101787,11.638767,4443102.94,2777823.74,540.4,586.1,229,7521,2.4,0.87,0.32,32.7,348.96,-0.53,-0.103,0.842,-0.2,0.1,-0.31,0.19,0.9,0.2,-0.3,-1.4,0.0,1.0,2.6,1.2,3.2,-0.9,1.1,1.7,2.2,1.1,1.4,-1.6,-0.8,-1.0,-0.7,-2.0,-1.5,-4.1,-3.7,0.0,-0.1,-0.8,-1.0,-0.5,-1.4,0.8,0.4,0.0,-0.4,2.4,-7.8,-7.4,-7.0,-5.3,-5.1,-3.8,-3.5,-1.6,-2.7,-2.8,-1.4,-1.9,-3.9,0.6,-0.7,0.3,-0.9,0.3,-0.1,-1.0,0.1,-0.4,-0.3,-0.5,0.3,1.8,-0.5,0.0,-0.1,-1.5,-0.4,4.2,-1.7,-1.6,-0.3,-0.5,6.6,-0.3,-0.3,0.4,-0.5,0.2,-1.0,-1.2,-2.7,1.5,-0.1,-1.2,-1.9,-0.0,-1.0,-0.2,-0.7,-0.5,-0.1,0.2,-3.5,-2.8,-2.7,-2.8,-3.1,-2.0,-4.9,-1.4,-1.9,-0.1,-0.7,0.8,0.3,-3.2,-3.2,0.4,-0.1,-1.1,-0.0,-0.3,0.5,-1.7,0.7,0.5,-1.1,0.1,-0.9,-0.7,-0.6,-0.4,2.0,1.1,-2.3,1.2,-1.1,-1.2,0.6,0.7,-0.9,-0.7,-1.2,-2.1,-1.2,3.3,0.5,4.5,-3.7,-5.3,-5.3,-2.7,-0.4,4.9,2.8,-1.2,-2.4,-2.3,-0.8,-0.7,-0.8,4.7,-1.9,-2.6,-2.3,0.7,-2.3,-1.8,0.7,-0.0,0.4,0.4,0.1,3.5,1.0,-1.8,-2.1,-0.5,1.2,-9.1,0.6,1.3,-5.1,-0.6,-1.9,-2.4,-1.7,-2.7,-1.4,-2.8,-1.1,-4.3,-2.0,1.5,-2.4,-2.5,-1.1,-1.8,-3.5,-3.6,0.1,-3.6,-4.0,-4.1,-3.2,-3.8,-3.9,-3.6,-3.3,-0.8,2.5,-1.5,-1.7,1.6,-0.7,-4.2,-4.0,14.9,-8.8,-2.4,-7.0,-6.1,0.2
2C7L51109i,0,48.101787,11.638766,4443102.85,2777823.73,537.6,583.3,229,7522,3.1,0.82,0.36,32.7,348.96,-0.53,-0.103,0.842,-0.6,0.2,-0.13,0.24,0.8,0.2,-0.3,-1.2,-1.3,1.7,-0.4,-0.2,-4.3,-0.4,-3.9,-0.1,1.6,-0.3,-1.1,-0.5,-1.5,-1.1,0.0,-0.6,-6.5,-1.5,-3.8,-2.9,-0.0,-1.8,-1.2,-0.3,-6.5,0.9,3.8,11.6,5.5,5.8,-8.8,-2.6,-3.5,-5.3,1.8,-0.8,0.7,5.7,1.7,-1.0,2.2,0.8,1.2,-1.8,1.3,1.9,-0.5,0.4,1.4,-0.9,1.1,0.2,0.4,-1.7,0.1,0.4,1.4,1.8,1.2,-1.6,-1.1,10.9,-2.2,-0.6,-0.2,-0.6,16.1,-2.4,-0.4,0.8,-0.7,-0.2,-1.3,-4.2,-2.6,2.2,1.7,-3.4,-4.4,-0.1,1.2,0.9,0.6,-0.1,-0.5,0.5,-3.4,-4.6,-2.3,-2.3,-3.1,-3.1,-4.8,-3.6,-2.2,-0.4,-1.4,-0.4,-1.6,-4.1,-4.1,-2.5,-0.6,-2.4,-2.3,-2.1,-2.6,-0.4,0.1,-1.2,-1.3,-1.0,1.7,-0.4,-4.3,0.1,3.3,1.8,-2.4,1.0,-1.8,-0.3,0.9,-0.5,-3.5,-1.0,-1.6,-0.6,-3.2,2.4,-3.7,4.2,-3.4,-6.7,-6.3,-2.4,-1.3,4.8,4.0,1.6,-2.7,-6.6,-0.9,-1.5,-0.1,-8.0,-2.1,-2.7,-1.8,0.1,-3.0,-2.5,-0.8,-1.1,-1.3,1.6,0.4,2.3,0.1,-4.1,-3.7,-3.4,-8.0,-7.5,-6.2,0.7,-5.6,-0.9,-2.3,-0.2,-1.4,-2.3,-1.4,-2.5,0.9,-2.3,-0.6,-4.2,-0.3,0.6,-0.8,-0.0,-2.4,-2.6,3.1,-5.2,-4.3,-3.0,-2.0,-4.1,-4.5,-5.1,-10.2,-4.0,-5.2,12.2,-2.7,-5.2,-5.5,-3.9,-4.4,-8.0,-2.9,-1.8,0.8,-2.5,0.6
2C7L51105r,0,48.100072,11.625263,4442101.06,2777610.9,543.2,588.9,229,7283,2.8,0.74,0.48,32.63,348.96,-0.529,-0.103,0.842,-0.4,0.1,-0.2,0.22,2.8,0.2,-0.3,3.6,1.0,2.7,-1.0,0.5,1.2,0.5,1.3,1.3,-2.6,1.7,3.1,2.4,3.3,1.6,4.6,3.9,-3.0,-7.9,6.8,8.0,8.2,2.4,8.0,8.6,8.7,8.6,2.2,2.9,7.4,-5.8,5.2,3.7,3.4,1.6,6.1,6.9,5.3,7.9,6.1,5.9,2.6,4.7,5.4,4.9,5.5,4.2,0.9,1.6,0.1,0.8,0.8,1.0,2.0,2.5,0.4,1.2,-0.3,0.5,0.9,1.1,2.8,0.3,0.6,-3.4,0.9,-0.0,-0.2,2.3,1.8,0.3,1.3,0.2,1.1,2.6,-0.4,2.3,2.4,3.4,-0.4,4.3,1.7,5.8,6.7,8.6,11.7,10.5,9.6,8.6,10.2,8.8,2.8,1.7,8.3,7.7,8.4,0.9,8.3,6.9,8.6,8.1,8.8,8.4,8.1,7.8,6.4,4.7,1.4,3.6,0.3,-0.4,1.5,0.0,0.4,0.7,-0.0,0.3,-0.6,-1.9,1.7,0.6,0.9,-0.2,0.8,1.9,1.7,0.1,4.0,-0.4,6.0,4.4,2.3,-0.6,4.4,4.5,2.3,4.1,4.3,8.3,4.6,0.6,0.3,-1.0,-1.6,-0.1,2.8,2.3,1.5,1.1,1.1,2.7,0.7,0.4,0.4,1.9,-1.0,3.1,1.6,2.5,2.6,4.1,3.2,8.2,-1.3,0.3,6.3,2.5,6.2,3.3,5.9,4.3,0.8,-2.5,-2.3,-1.6,-0.0,-2.0,-1.2,7.1,-0.1,-1.8,-0.1,0.5,-1.1,-0.1,0.9,-1.2,6.6,6.1,3.3,1.3,-2.7,4.5,1.0,5.1,7.0,14.3,10.2,-5.3,3.2,-1.8,-1.2,-0.3,0.4,1.2,-2.5,-0.2,-0.3
2C7L51106G,0,48.10027,11.626806,4442215.56,2777635.45,548.9,594.6,229,7308,4.0,0.68,0.59,32.64,348.96,-0.529,-0.103,0.842,0.4,0.2,-0.49,0.31,0.5,0.3,-0.3,1.2,-3.1,-4.8,-4.2,3.7,2.7,-1.1,2.1,-1.0,1.2,0.3,1.9,2.2,2.9,-1.5,0.3,0.8,-1.3,-4.9,1.7,-4.9,0.4,-4.7,-0.6,-0.1,1.1,1.7,3.3,8.1,-2.4,-14.0,-4.6,-6.0,-4.2,-0.9,-1.5,-2.5,1.5,0.1,0.6,-0.0,2.7,-2.0,-0.8,-5.6,0.5,0.9,-3.5,-2.2,-7.6,-7.6,-3.7,-4.7,-1.7,-2.6,-4.6,0.7,-2.9,-3.5,-13.8,-6.1,-2.8,-8.2,-4.7,4.9,6.1,-5.9,3.6,-2.0,-0.0,-4.6,-0.2,-4.0,-3.8,-4.4,-2.2,-1.6,-0.1,0.1,-1.3,-1.4,-1.6,1.0,4.6,1.5,1.3,-2.0,-2.1,-1.1,-0.3,-1.0,-2.6,-1.0,2.3,-1.4,-3.1,3.9,-0.0,-1.1,-1.6,2.7,-1.0,1.5,6.5,-0.9,-5.3,5.3,3.1,1.7,-4.7,-0.9,0.0,-2.7,-5.2,-4.0,2.7,7.9,-0.2,-4.1,5.2,3.5,0.7,-10.2,-1.2,-6.7,1.0,1.8,-3.0,-3.3,-3.0,-2.5,-2.6,1.9,-1.2,-1.1,-2.2,-0.3,-1.0,-1.3,3.6,3.5,-2.1,0.1,0.7,5.7,8.1,0.6,4.0,3.6,10.4,7.8,1.3,-1.9,0.1,-1.9,1.7,2.0,0.4,-0.4,2.7,-2.2,-4.7,0.4,-4.6,-4.1,4.4,4.2,-10.0,2.3,-0.3,-1.2,3.6,1.3,0.9,-1.9,-1.5,0.3,9.0,-8.2,5.7,2.7,10.7,8.2,4.6,-0.4,3.9,3.7,1.8,1.4,-1.1,-1.8,1.8,5.6,3.8,-4.2,-0.8,-7.7,-6.7,2.3,-0.8,-3.4,-1.8,-3.6,-14.1,6.3,-13.0,6.4,-5.5
2C7L51106H,0,48.100266,11.626778,4442213.43,2777635.0,544.8,590.5,229,7309,1.9,0.88,0.37,32.64,348.96,-0.529,-0.103,0.842,-0.2,0.1,0.32,0.15,1.6,0.1,-0.3,-0.9,-2.5,-0.2,-1.1,0.2,0.5,-0.2,1.1,-0.7,2.7,-1.2,1.9,-1.3,0.8,-4.8,-2.7,-2.3,-3.2,-3.8,-1.5,-2.0,-3.0,-2.7,-2.8,-2.3,-3.1,-2.7,2.5,-1.0,-6.3,2.6,-7.6,-8.1,-6.9,-4.9,-5.1,-5.7,-2.7,-1.1,-3.5,-2.8,-0.1,-5.7,-3.1,-3.7,-3.4,-0.6,-2.7,-1.9,-2.0,-2.2,-0.3,-2.4,-2.4,-2.2,-3.9,-1.4,-4.3,-0.1,-0.7,-2.6,-2.8,-5.0,-1.7,-1.3,1.7,-2.2,0.3,-1.9,-2.8,-1.9,-2.9,1.5,-3.2,-2.5,-4.8,-3.8,-3.2,-2.8,-4.2,-3.9,-4.2,-2.4,-2.4,-2.6,-4.8,-5.4,-4.6,-5.3,-5.0,-5.6,-6.4,-5.4,-2.8,-6.6,-4.9,-1.3,-4.6,-5.0,-3.0,-4.4,-4.4,-2.5,-3.4,-4.5,-3.9,-2.9,-2.0,-3.5,-3.7,-2.4,-3.7,-3.4,-4.0,-2.9,0.1,0.9,-1.9,-1.5,-1.1,-0.2,-0.7,-1.3,-3.4,-1.5,-2.7,-0.1,-4.1,-4.6,-6.7,-6.1,-5.6,-3.7,-3.4,-6.0,-6.2,-4.3,-2.9,-2.4,-1.4,-1.0,-3.6,-3.8,-3.4,-0.3,-0.3,-4.2,-1.9,-1.5,-3.7,0.3,-2.4,-4.1,-2.7,-2.6,-2.8,-3.8,-3.5,-3.3,-2.1,-4.9,-8.1,-4.5,-7.4,-7.2,1.2,-4.9,-12.0,-1.3,-3.1,-2.5,-3.3,-1.7,-2.8,-4.1,-2.2,-1.3,-0.4,-12.0,0.7,-0.4,0.6,-0.7,-1.3,-0.2,-2.0,-0.9,-2.5,-3.6,-5.5,-2.7,-6.2,-0.8,-7.2,-5.9,-4.7,-5.3,-5.5,-4.9,-4.0,-4.7,-3.7,-2.2,-1.7,-0.1,-2.3,-1.4,-2.5
2C7L51106l,0,48.100472,11.628375,4442331.94,2777660.43,539.0,584.7,229,7339,4.1,0.65,0.47,32.65,348.96,-0.53,-0.103,0.842,-0.4,0.2,0.02,0.31,1.6,0.3,-0.3,-0.8,-0.3,0.1,-8.6,1.8,0.1,-3.6,-0.2,0.9,-0.6,-1.3,1.7,-0.6,-5.7,-3.4,-1.9,0.6,-5.4,-6.4,-5.9,-1.0,0.4,-3.6,1.6,-3.6,0.5,0.4,-2.4,0.8,-5.7,-1.7,-7.8,-5.4,-2.5,-6.4,-1.8,-3.7,-3.9,-1.0,0.7,-3.9,-3.3,-7.8,-1.6,-2.1,-2.5,-1.1,0.6,-2.1,1.6,-0.7,-1.0,-0.4,1.6,1.1,-1.3,1.4,-6.1,-0.7,-4.1,-7.3,-1.3,2.0,-0.8,0.3,5.6,4.8,-0.3,-1.9,1.3,-3.5,-2.3,0.6,-3.4,-4.5,-2.8,-5.7,-2.7,-0.7,-2.9,-1.0,-14.5,-8.7,-3.8,-1.5,-4.1,-10.9,-15.9,-12.3,-9.4,-6.4,-4.3,-1.6,2.6,2.9,-2.8,-5.4,-6.3,0.4,1.8,0.6,2.0,-1.6,1.0,2.6,-6.1,-6.4,-11.0,-4.5,-5.2,-2.9,-2.5,-5.2,-2.4,-2.7,-5.6,-3.1,4.2,-2.0,-2.1,-2.1,-2.9,-4.6,1.4,0.7,3.9,-8.6,1.9,-4.2,-14.8,-6.2,-4.3,-9.7,0.9,-1.5,2.2,1.1,2.9,-1.0,3.9,-4.5,-0.1,-0.5,-7.6,4.0,-2.0,-4.0,-12.8,-5.0,-2.9,-4.0,1.6,7.2,-11.4,3.4,2.9,-3.7,2.7,-0.0,-0.8,-5.0,-13.3,-10.0,-11.4,-3.5,-15.6,-8.6,7.3,-5.9,-5.5,1.2,-5.5,-7.0,-1.5,4.4,2.4,-2.3,-1.5,-4.8,-11.2,-4.3,-1.3,-0.7,-0.5,0.7,0.3,-14.9,-2.0,-3.3,-8.4,-6.8,-6.5,-1.7,-9.0,-4.2,-1.7,-5.4,-0.4,-9.6,-8.9,-2.7,-1.6,-2.0,-2.8,0.7,-3.3,-4.0,-2.9
2C7L51107B,0,48.100672,11.629939,4442447.99,2777685.32,542.5,588.2,229,7365,2.5,0.83,0.43,32.66,348.96,-0.53,-0.103,0.842,-0.3,0.1,-0.67,0.2,0.3,0.2,-0.3,-2.1,-3.5,-4.7,-2.2,-2.3,7.3,-1.9,-0.5,-0.2,0.7,-1.5,-0.3,-5.3,-3.7,-3.6,0.1,0.4,-0.7,0.6,1.4,-0.9,2.1,0.8,1.9,-1.3,2.3,0.9,3.5,1.8,-1.1,-1.7,-6.6,-5.5,-3.8,0.3,-1.3,-2.2,-1.5,-0.2,-1.9,-1.2,4.8,-0.6,-0.6,1.8,1.6,1.7,-1.0,-0.8,-0.0,-0.7,0.3,-1.2,-0.5,0.6,-4.7,-1.3,-1.7,-1.6,-3.2,-3.4,-7.0,-3.1,-2.2,-5.8,-1.2,-3.4,-1.6,0.1,-0.7,6.4,-2.7,-1.8,-2.3,0.5,-3.6,-0.8,-2.1,-5.3,-3.1,-0.3,1.8,2.8,1.2,-1.7,-2.1,-1.3,0.9,0.6,2.9,-4.3,-1.7,-4.3,-4.4,-2.3,-0.1,0.7,-2.4,-1.7,-1.9,-2.8,-2.4,-1.2,1.2,-2.5,-2.0,1.5,-2.8,-2.8,-2.2,-2.5,-0.1,-1.0,0.3,-1.1,0.1,-1.4,-0.6,-0.3,0.2,-1.8,-3.3,-2.5,-3.0,-2.1,-0.2,-0.7,-2.3,-1.1,-3.5,-5.4,-0.0,1.6,-1.9,-2.9,-2.4,-2.2,-1.8,-0.4,6.7,0.9,-0.9,-0.3,4.5,-6.3,-4.6,-7.3,0.1,1.0,4.5,-2.7,0.4,0.9,1.9,-0.7,0.2,0.9,-0.4,2.7,2.1,3.7,1.1,5.0,-1.5,-0.4,1.3,3.7,-2.3,1.2,0.7,0.9,-0.7,-1.6,-3.2,-2.2,-1.5,2.8,5.3,-4.0,0.6,2.9,0.3,-1.2,-0.8,-0.3,-1.1,-3.3,-2.0,-2.0,-2.7,-4.4,-3.6,-6.7,-10.6,-4.5,-3.8,0.7,-2.9,-4.7,-3.8,-2.8,-3.7,-6.0,-5.2,-3.5,-5.1,-3.2,-15.2
2C7L51107V,0,48.100815,11.63105,4442530.41,2777703.0,540.2,585.9,229,7385,2.9,0.8,0.39,32.66,348.96,-0.53,-0.103,0.842,-0.1,0.1,0.21,0.22,1.5,0.2,-0.3,-2.6,-2.3,1.6,-2.1,1.4,5.5,0.1,-0.4,1.2,-0.6,0.6,-0.9,1.6,1.0,2.0,3.1,2.0,2.8,3.4,4.9,-0.2,-1.3,-1.5,3.0,1.4,3.9,3.5,-2.1,1.4,0.1,2.9,-2.5,-2.1,-1.2,-0.1,2.6,5.7,4.0,3.8,6.1,2.5,-0.8,2.1,2.8,4.0,0.1,0.5,0.4,1.1,2.6,5.1,7.7,4.7,4.2,-0.3,-4.7,-5.3,2.6,-1.2,0.0,-4.1,0.6,-3.9,0.4,-12.8,-1.6,-0.2,-4.6,4.7,1.9,4.2,2.0,-2.3,-2.3,0.0,0.7,0.9,-1.0,3.3,3.6,1.6,-7.3,2.4,1.1,1.1,0.0,3.3,5.7,3.6,-1.1,1.6,0.9,-2.5,1.9,1.6,-1.0,3.4,3.9,8.7,3.2,-0.5,3.5,2.5,2.3,-0.2,5.0,4.9,-3.5,1.4,1.1,4.8,3.8,0.1,2.1,1.7,-0.8,-0.4,-0.8,-1.6,0.7,-0.5,-1.6,-0.9,0.4,3.6,4.2,0.5,2.2,0.3,-2.3,-0.0,0.1,0.3,3.3,1.7,7.4,5.1,3.9,2.7,-0.2,-1.4,2.0,-0.7,-0.5,-2.8,0.7,-2.4,-2.2,-0.3,-0.2,-6.4,-2.8,1.9,-0.3,-0.1,-0.8,-0.1,0.4,0.2,0.3,0.4,11.5,0.8,0.2,-0.2,1.9,1.1,0.0,0.3,7.4,5.3,1.0,-1.8,-0.1,5.0,-11.8,-4.6,0.9,3.4,-0.7,0.8,0.1,0.5,0.2,-0.7,2.5,-3.6,5.0,1.0,-1.0,2.6,2.9,-3.5,9.8,7.1,2.9,4.9,1.9,-3.8,-1.4,2.1,3.6,2.1,2.6,-0.9,-0.3,1.8,-0.6
2C7L511H9M,0,48.100326,11.627095,4442236.94,2777642.1,550.3,596.0,230,7312,4.2,0.31,0.49,32.64,348.96,-0.529,-0.103,0.842,-0.7,0.2,0.28,0.32,6.5,0.3,-0.3,-1.7,-1.5,10.7,-4.3,-2.1,2.7,1.6,-1.8,-3.0,-3.7,-0.4,-1.8,0.5,-0.1,-7.2,-5.5,-9.0,-5.9,-10.1,-6.3,-4.7,-6.8,-5.8,-7.1,-9.7,-16.2,-9.0,-5.3,-9.9,-13.7,-6.0,-12.2,-19.4,-13.3,-9.5,-12.9,-7.3,-7.7,-12.9,-10.8,-7.7,-7.3,-11.7,-12.3,-10.1,-12.1,-9.0,-4.5,-7.9,-8.1,-2.1,-6.4,-1.0,-7.6,-3.2,-4.9,-1.5,0.3,2.0,1.3,-2.3,-1.8,6.2,-0.3,-1.7,3.2,-1.0,-2.7,-3.3,-1.2,0.2,-0.4,-1.6,1.3,-1.2,-10.3,-2.7,-5.6,-9.9,-4.9,-4.7,-10.2,-7.4,-8.2,-4.8,-10.3,-15.1,-22.9,-14.2,-17.0,-11.7,-15.4,-10.6,-4.0,-10.3,-12.6,-10.7,-11.8,-14.4,-13.9,-16.3,-19.9,-13.8,-14.8,-13.6,-15.5,-13.7,-6.3,-8.0,-2.7,-3.1,-17.8,-6.1,3.3,1.5,0.7,-10.6,-2.0,-3.2,1.0,-3.3,0.9,-4.1,-0.8,-4.8,-7.2,4.7,-12.5,-11.7,-14.8,-13.7,-11.6,-17.4,-14.9,-14.5,-13.6,-13.5,-14.1,-13.4,-13.5,-14.8,-13.0,-14.5,-19.7,3.8,-3.0,-15.9,-4.7,-1.4,-4.7,-2.0,-3.8,-2.5,0.8,3.5,1.3,-0.4,-4.8,0.8,-5.6,-13.4,-14.8,-13.9,-25.2,-17.4,-6.4,-19.1,-18.0,-13.8,-16.4,-2.3,-13.0,-2.4,-4.1,-7.2,-6.8,-6.6,-7.6,2.9,-2.5,-8.5,-4.8,-3.7,-4.4,-5.8,-6.3,-5.3,-11.0,-18.8,-7.8,-12.6,-13.0,-6.6,-22.0,-18.3,-16.0,-8.7,-20.7,-12.8,-17.1,-2.9,0.4,-16.6,-8.2,-6.4,-6.2,-4.3,-3.7
2C7L511HAW,0,48.100837,11.631074,4442532.16,2777705.44,544.7,590.4,230,7384,3.7,0.71,0.49,32.66,348.96,-0.53,-0.103,0.842,-0.7,0.2,-0.35,0.29,0.6,0.2,-0.3,0.5,-0.4,2.1,-2.6,2.1,3.2,3.9,2.5,-0.5,0.8,2.6,3.9,4.1,3.9,0.9,4.4,5.7,-2.7,2.3,-1.8,3.0,-0.1,-0.2,2.7,-2.4,15.8,0.2,-0.7,3.3,3.2,-2.5,-2.8,-5.9,-3.6,0.8,0.3,6.1,-1.1,3.8,9.8,8.0,0.6,-3.5,0.5,2.9,-0.3,-2.6,0.2,1.6,9.1,-0.7,4.0,1.7,3.3,8.8,3.5,6.9,0.8,3.6,-1.4,1.7,4.6,-2.1,0.7,2.0,2.7,-0.4,10.0,1.5,1.8,1.7,2.2,3.9,9.5,10.9,2.7,9.0,5.7,8.3,9.9,2.0,3.7,4.2,4.6,-1.0,12.7,7.2,6.8,2.4,2.3,2.0,0.8,1.4,1.8,1.6,4.4,3.7,3.8,3.2,0.6,4.0,5.3,7.8,2.1,4.8,4.3,0.2,8.7,2.7,2.3,2.4,1.8,1.0,0.2,1.6,0.1,1.2,-1.7,0.4,4.4,-2.4,1.8,2.7,0.1,5.5,6.7,3.3,3.1,1.1,-4.4,-0.2,-8.9,-1.3,0.9,2.8,-0.4,-0.9,0.7,4.4,-1.1,2.4,1.3,0.3,3.2,3.8,-1.0,-1.3,-3.9,0.5,-2.7,-0.0,-0.6,-2.7,-2.3,-2.4,-0.3,1.1,0.8,2.3,0.6,0.6,-4.9,-0.2,4.7,-2.0,3.8,-3.4,-0.9,0.0,3.0,3.4,2.8,-0.1,-1.1,1.8,3.7,-1.5,-3.6,-1.8,-4.2,-3.5,-1.6,-2.5,0.3,-7.9,-1.0,1.6,4.4,-11.6,2.4,3.0,4.4,9.9,4.6,5.6,4.9,11.6,-0.9,-2.8,-7.0,-1.2,-4.5,11.9,-4.6,-1.8,-4.5,1.5,-6.6
2C7L511HBx,0,48.101481,11.636089,4442904.2,2777785.25,542.3,587.9,230,7473,3.6,0.71,0.44,32.68,348.96,-0.53,-0.103,0.842,-0.4,0.2,0.44,0.27,1.9,0.2,-0.3,5.4,-1.7,-3.9,-1.2,-2.1,5.5,-0.1,-7.3,-4.8,3.0,-3.8,4.3,-2.2,-3.8,-4.0,-6.4,-6.2,-5.7,-4.0,-8.2,-6.2,0.7,-2.6,-1.0,-1.1,-2.2,-4.7,2.3,-0.4,-1.1,-2.4,-8.2,-9.5,-10.6,-6.4,-7.7,-3.1,-4.0,0.5,-0.4,-1.6,-2.3,-0.3,-6.8,-5.2,-3.7,-3.2,-0.9,-2.0,-3.8,-8.7,-2.2,-0.4,-0.6,-1.5,-2.5,-0.2,-2.5,-4.3,-1.3,-3.5,-1.2,-7.9,-0.3,0.7,-1.0,-1.2,-5.0,-1.5,-2.5,-2.7,-4.9,0.4,-5.6,-6.5,-5.7,-4.1,-3.2,-5.3,-4.9,-10.9,-3.8,-5.1,-5.4,0.4,-6.3,-3.3,-10.1,-6.5,-7.2,-4.7,-9.6,-3.5,-15.3,-4.5,-3.3,-5.5,-0.7,-1.8,-5.9,-2.4,-0.5,0.8,-2.1,-3.5,-5.1,-4.1,-3.7,-2.5,-3.7,-0.4,-6.4,-3.6,-14.8,-2.2,-4.0,-4.7,-2.1,-4.0,-4.1,-3.5,2.8,-4.5,-6.9,1.4,-1.9,-2.5,-3.8,-4.3,-17.2,-5.9,-0.3,-7.2,-4.9,-6.9,-7.8,-8.9,-7.1,-4.5,4.4,-4.1,-0.1,-0.0,-1.1,-7.0,-2.4,-1.7,0.3,-2.8,-2.4,-6.5,-2.2,0.5,0.8,-2.0,2.4,-19.2,3.7,-12.1,-7.3,-5.1,-9.6,-9.4,-11.9,-5.5,3.0,-4.7,-7.3,-4.5,-3.2,-3.8,-5.4,-5.5,-6.9,-0.6,0.4,7.7,-8.0,-3.3,3.7,-7.1,-8.7,-2.6,-6.9,-1.6,0.0,-11.1,-6.5,-2.4,-4.9,-5.2,-4.8,-11.4,-9.0,-7.3,-4.4,-5.3,-3.9,-9.7,-5.5,-5.2,-5.4,-2.9,-2.5,-0.0,2.8,-1.3,0.0
2C7L511H9F,0,48.100288,11.626655,4442204.22,2777637.15,549.7,595.4,230,7305,3.6,0.71,0.58,32.64,348.96,-0.529,-0.103,0.842,-1.0,0.2,-0.21,0.28,1.7,0.2,-0.3,-0.4,0.9,10.7,-11.1,-2.2,0.4,2.2,-0.5,8.6,-12.4,-3.5,5.8,-10.0,-8.9,-8.5,-6.3,-6.1,-4.5,-2.5,0.3,-0.4,-1.8,-1.5,-1.3,-0.3,-1.0,-3.0,-2.7,-3.9,-5.2,-9.8,-6.7,-7.1,-6.5,-1.9,-2.6,-2.4,-1.3,-1.2,-2.1,-1.3,-3.0,-4.1,-1.8,-1.6,-5.2,0.9,-0.1,-1.6,-4.2,-0.3,2.0,1.4,-1.0,-2.9,-3.0,-1.2,-3.0,-0.2,-2.5,-2.7,-2.6,-6.2,4.4,-1.9,0.6,-1.3,5.8,-2.1,-1.1,-1.4,-12.5,-2.8,-5.0,-11.1,-8.1,-7.0,-6.5,-5.0,-4.5,-6.3,-6.0,-3.1,-2.8,-2.0,-3.3,-3.4,-3.0,-2.9,-6.0,-6.0,-8.9,-6.0,-3.2,-4.0,-5.1,-7.4,-3.6,-4.6,-2.1,0.3,-3.9,-2.5,-4.2,-2.4,-3.2,-5.5,-6.4,-5.9,-4.3,-4.7,-5.2,-4.7,-1.8,-3.4,-3.2,-7.8,-4.8,-2.1,-2.7,-5.1,-1.7,2.2,0.3,-7.9,-4.3,-11.0,-5.5,-5.3,-5.1,-2.4,-3.4,-6.1,-2.0,-1.9,-4.5,-2.4,-2.0,-0.9,-1.3,-4.6,-1.4,-4.0,2.8,1.0,1.2,-8.6,-0.6,-0.8,-0.7,-0.5,3.0,2.3,-18.6,-13.0,-9.3,-10.2,-11.1,0.9,0.7,-3.0,-6.5,-4.4,-6.9,-5.8,-2.6,-7.4,-6.6,-4.9,-5.9,-6.1,-4.9,-6.1,-5.0,-6.6,-2.4,-5.8,-0.3,-9.3,-5.0,3.9,4.6,-13.8,-13.4,-17.0,-6.4,-10.3,-4.2,-8.2,-10.8,-8.1,-11.4,-5.9,-8.8,-9.0,-5.6,-4.0,-5.7,-6.4,-6.9,-6.5,-5.8,-5.1,-5.2,-6.0,-8.5,-6.0,-8.1
2C7L511H9Y,0,48.100393,11.627476,4442265.16,2777650.25,537.4,583.1,230,7324,3.8,0.71,0.44,32.65,348.96,-0.529,-0.103,0.842,-1.0,0.2,0.3,0.29,1.6,0.2,-0.3,-7.3,1.7,-0.2,1.9,0.9,5.6,4.1,-3.3,2.3,7.5,2.1,-8.9,3.1,0.1,3.6,2.2,5.3,4.2,1.6,7.3,0.1,3.2,-0.2,4.4,2.4,7.9,-0.6,0.5,-4.2,2.3,7.5,0.7,3.4,-3.6,1.9,1.3,7.7,1.2,2.9,6.1,-0.4,-13.5,2.5,1.3,-1.3,2.0,-7.9,-3.5,-1.5,-1.0,1.0,-0.3,0.5,1.9,0.7,6.7,-0.4,-4.9,0.1,-5.8,-3.1,-3.5,-5.8,-0.7,2.9,-5.9,-1.0,-1.0,0.3,1.4,4.2,0.5,-2.7,-2.6,3.5,2.4,1.2,-0.6,4.1,4.9,-6.2,2.9,2.6,0.7,-2.2,0.5,2.3,5.7,7.3,3.6,1.6,-5.1,-8.2,3.9,-2.3,2.7,-2.4,5.2,0.7,0.3,-1.3,1.9,1.1,-0.4,4.7,-0.1,3.5,-1.4,1.3,0.5,2.7,0.3,-1.9,1.7,-0.6,-3.9,-19.1,-4.4,-1.4,-4.3,-6.3,-4.0,-5.9,-1.8,4.9,3.9,5.3,-3.6,0.3,0.3,-2.3,3.3,-6.8,-0.3,2.9,-4.8,2.1,2.6,-2.2,2.7,-11.1,-3.5,-3.5,-6.5,-5.8,-5.7,-6.7,-2.8,-0.7,-2.0,-10.7,-0.7,-0.5,-2.4,-0.3,-2.6,0.3,-1.9,2.3,-3.1,1.0,2.4,4.1,-3.5,-4.6,-0.4,-0.2,0.2,3.1,-3.6,-3.7,-0.9,-5.5,0.3,3.0,-12.6,-2.3,-1.9,-9.7,-2.7,-2.5,1.5,-5.3,-4.1,0.4,-0.7,-2.5,-12.1,-2.0,-6.1,-4.4,-4.1,-5.4,-1.4,-4.9,4.2,1.0,-0.6,-4.7,-0.3,-0.9,0.0,-4.6,-3.5,-3.0,-8.9,-2.8,-1.2
2C7L511H9w,0,48.100573,11.628873,4442368.79,2777672.48,537.3,583.0,230,7348,3.2,0.76,0.45,32.65,348.96,-0.53,-0.103,0.842,0.1,0.2,0.01,0.24,1.6,0.2,-0.3,-1.9,0.4,-1.6,-3.3,-1.8,0.7,0.1,-0.4,-0.6,1.2,-0.1,-0.8,-1.2,-0.8,0.3,1.5,1.3,-3.4,-3.4,0.1,-3.0,-9.2,-6.5,-1.3,-1.6,-2.1,3.3,4.4,-1.2,-9.4,2.2,-2.4,-6.8,-6.5,-7.3,-5.3,-1.1,-2.2,-4.3,-2.0,4.9,-8.6,-1.1,-0.2,-5.9,-3.4,-1.0,0.0,-0.1,-2.4,1.7,-1.7,-0.1,-1.7,0.3,-2.0,3.0,2.2,1.9,-0.6,3.4,-0.5,3.9,11.3,-0.2,-2.3,2.1,-5.4,-0.1,4.0,-0.4,0.5,-3.3,0.0,-0.7,-3.6,-4.8,-2.8,-1.4,-2.6,-4.9,-1.1,4.1,-1.5,-2.1,-1.5,1.8,-4.3,-8.7,-0.4,-8.7,-1.7,7.9,-6.2,1.8,-3.5,-11.0,0.3,1.1,1.4,-1.0,-0.6,2.1,3.2,-0.9,-0.1,-0.8,-2.0,5.4,-2.0,-0.4,-0.2,-2.6,3.5,-0.7,0.4,-1.8,-2.2,-0.8,-0.2,0.3,-3.6,-1.4,-1.2,-1.9,-0.1,-2.9,-3.3,-2.7,-5.4,-5.4,-2.0,-0.8,-3.5,-6.0,-6.9,-4.4,-1.6,1.7,2.1,-1.6,-1.6,-0.5,-1.4,-0.1,-4.3,0.2,7.4,-0.2,-0.2,0.2,-3.8,-3.4,1.8,-3.9,2.8,-3.3,-1.7,-2.4,-0.1,-1.9,-0.7,0.5,-4.1,-3.1,-6.0,-1.1,-1.1,-5.4,-4.1,2.8,-1.6,-1.2,4.9,-0.5,-0.1,1.3,-0.1,-4.4,-1.2,6.4,-1.5,4.6,2.3,1.4,2.4,2.7,0.4,-1.6,-12.9,0.4,-9.6,0.6,-5.9,-4.0,-6.8,5.3,1.1,5.3,2.1,1.8,3.6,-0.8,-2.0,-1.0,-4.7,1.6,-4.9
2C7L511H9z,0,48.100601,11.629097,4442385.4,2777676.04,539.6,585.3,230,7351,3.2,0.81,0.44,32.65,348.96,-0.53,-0.103,0.842,-0.1,0.2,0.3,0.24,0.3,0.2,-0.3,-1.9,-2.5,-2.0,-3.9,-0.3,3.6,0.6,-1.3,0.4,3.3,0.0,2.3,0.1,0.4,-2.2,0.7,0.9,-0.6,-1.5,-0.9,-3.9,0.2,0.6,-0.7,4.1,1.0,1.8,7.0,2.1,-6.1,-0.7,-4.8,-5.7,-1.4,-2.9,-4.4,-2.7,-2.2,0.8,-1.6,0.0,2.8,-6.4,-0.4,-7.1,-4.7,1.3,-1.9,-0.7,0.4,-2.5,0.4,-0.5,-1.5,-2.3,-0.3,-1.2,-1.4,-0.7,-0.5,1.0,-0.7,-4.4,-1.1,1.0,0.7,-1.1,3.8,-0.8,-0.7,0.7,-0.6,-2.5,-0.1,-0.2,-0.3,-1.7,-2.9,-1.2,0.9,-0.9,-0.3,-2.7,-2.6,-1.7,-1.7,-1.9,0.1,-2.8,-3.0,-5.1,-0.6,-2.6,-0.2,-2.0,-5.0,-2.2,0.3,-3.1,-3.7,0.4,1.3,-7.9,0.7,-1.4,-4.6,-9.8,-1.6,-0.8,-1.6,-0.7,-3.0,4.4,-1.4,-0.0,-2.2,-3.1,-1.8,-2.7,-1.7,-0.1,-4.2,-2.0,-0.7,0.2,-2.4,-2.0,-1.1,-4.2,-4.5,-2.1,-8.1,2.1,-6.5,-4.2,-3.7,4.1,3.9,5.4,0.7,1.9,3.7,-5.5,-5.9,-1.1,-1.6,-9.3,1.4,-0.1,-3.7,-9.3,-5.3,-0.0,1.1,0.2,1.6,-2.1,1.3,-0.8,-0.8,-3.1,-3.9,-1.5,-2.4,11.9,1.7,-4.8,-0.8,-1.9,-3.6,-4.6,-4.3,2.6,4.0,-1.8,-4.3,-2.1,-1.6,9.3,-1.8,-2.8,-2.7,-3.5,-2.0,-1.2,-2.6,6.8,-3.5,-2.7,-8.4,-0.9,-0.1,1.8,-7.9,16.3,-5.2,-1.5,-0.8,-0.2,-0.9,-4.2,-5.5,-5.6,-1.5,-0.1,-0.9,-0.2,-3.2
2C7L511HA7,0,48.100671,11.629638,4442425.57,2777684.64,545.0,590.7,230,7359,3.4,0.74,0.42,32.65,348.96,-0.53,-0.103,0.842,0.5,0.2,1.22,0.26,1.6,0.2,-0.3,-0.8,-0.5,2.1,0.1,0.2,0.1,1.9,1.2,0.9,0.3,2.4,2.4,5.4,3.2,4.6,2.7,1.7,2.3,-0.1,4.0,1.3,0.6,2.3,4.1,2.5,2.3,-0.6,2.1,-0.6,-0.9,-2.3,-4.5,-2.0,0.1,0.4,1.8,1.7,4.4,3.4,4.7,1.5,0.8,3.6,0.8,3.3,1.4,-0.1,1.3,0.6,3.3,-0.4,2.8,1.5,2.8,2.9,3.3,2.7,0.4,0.7,0.7,-1.5,2.1,10.5,-1.7,-0.1,1.1,-1.2,1.1,1.7,0.8,0.4,1.4,-0.6,1.2,3.1,3.5,5.1,3.6,2.5,2.8,-0.5,1.8,3.2,2.4,3.1,3.3,1.5,3.4,0.4,-0.4,0.3,-2.9,-1.6,1.4,1.8,-0.7,-0.6,1.1,-0.3,1.2,2.1,3.0,3.4,2.0,0.6,0.0,0.1,1.7,2.0,-1.3,-0.8,-0.6,0.5,-0.1,0.1,0.8,-0.0,-0.9,-0.5,0.1,-0.0,-0.9,0.5,1.1,2.9,5.7,-3.2,-3.9,-8.5,-3.6,4.2,-1.6,-0.3,0.1,1.8,3.6,3.5,6.9,3.4,-0.9,1.2,-2.1,0.9,1.5,1.0,-2.6,-2.4,-4.7,-5.9,-5.7,1.8,4.0,2.7,-8.3,-11.5,-5.3,9.2,0.6,3.2,3.9,6.5,11.1,6.4,3.2,1.9,0.3,0.4,0.9,4.2,2.5,5.7,3.1,-2.4,-3.4,-6.7,-7.9,-3.4,-1.4,-10.1,-1.1,6.6,5.7,7.6,4.2,7.1,6.3,2.4,9.4,8.2,6.1,9.0,12.0,12.8,9.5,11.5,11.1,6.9,3.9,9.8,4.7,8.0,1.0,4.5,2.5,4.3,4.5,-11.0,5.3
2C7L511HBJ,0,48.101214,11.633866,4442739.25,2777751.93,546.3,592.0,230,7433,3.2,0.74,0.45,32.67,348.96,-0.53,-0.103,0.842,-0.7,0.2,1.01,0.24,1.9,0.2,-0.3,-5.7,-7.4,9.3,2.9,9.2,-5.6,0.8,1.8,-1.5,-4.0,2.4,-6.4,-2.3,-2.7,-2.0,-1.4,-14.0,-3.5,-8.0,-13.5,-9.6,-8.8,-4.7,-5.4,-8.0,-4.5,-5.5,-3.5,-1.9,-8.9,-4.9,-7.0,-10.6,-6.9,-7.9,-9.5,-3.6,-6.0,-4.3,-3.4,1.5,-0.6,-5.1,-3.7,-6.5,-3.8,-2.6,-6.2,-6.9,-9.3,7.6,-1.0,-5.9,-3.0,-1.5,-3.4,-5.1,-3.4,-3.3,-4.3,-5.6,-3.4,-6.1,-6.4,-4.5,-4.8,-5.6,-2.5,-3.0,-3.6,-2.5,-1.3,-0.6,-0.6,-6.4,-6.0,-7.9,-9.3,-7.8,-11.8,-8.0,-5.4,-7.5,-8.8,-7.0,-5.7,-5.3,-11.7,-10.5,-9.0,-6.2,-10.6,-4.4,-9.9,-8.3,-11.8,-7.0,-6.2,-7.1,-8.2,-12.0,-8.2,-7.1,-5.0,-4.7,-5.0,-2.1,-1.9,-7.6,-6.7,-4.1,-10.7,-4.5,-9.7,-4.0,-6.5,-7.4,-13.7,-11.1,-8.6,-6.5,-7.3,-8.0,-4.7,-3.7,-8.4,-8.4,-9.7,-9.5,-12.4,-7.8,-8.5,-2.8,-10.9,-13.6,-11.3,-12.0,-2.9,-3.6,-7.6,-3.8,-9.3,-10.0,-9.4,-8.6,-9.1,-1.6,-4.1,-7.3,-9.0,-4.4,-2.5,-1.7,-5.2,-7.5,-5.3,-8.3,-11.5,-9.1,-5.0,-10.5,-7.0,-7.7,-8.1,-7.6,-3.3,-8.8,-8.4,-4.1,-7.9,-3.3,-7.4,-6.4,-8.4,-5.5,0.8,-4.5,-3.3,-9.3,-6.1,-4.0,-3.6,-8.4,-5.4,-5.9,-10.9,-7.0,-14.6,-10.0,-13.5,-13.0,-10.7,-7.2,-10.3,-3.6,-6.1,-5.7,-2.3,-5.3,-5.6,-3.5,-8.4,-8.6,-6.6,-4.1,-6.3,-7.0,-5.7
2C7L511HBN,0,48.101248,11.634134,4442759.08,2777756.18,547.0,592.7,230,7437,1.7,0.93,0.35,32.67,348.96,-0.53,-0.103,0.842,-0.7,0.1,-0.17,0.13,0.5,0.1,-0.3,-4.2,-2.0,-0.4,-1.7,0.4,-0.5,0.3,-1.5,-1.0,-2.1,0.8,2.2,-1.9,1.1,-0.1,0.6,-1.0,-1.5,-3.3,1.5,-2.3,-0.4,-1.2,0.0,-0.3,1.4,0.7,-0.6,-0.2,-3.0,0.5,-3.3,-2.8,-3.4,-5.3,-2.6,3.0,-0.3,0.4,1.6,0.1,1.7,2.0,-1.0,-1.0,-0.8,2.9,-1.0,-1.2,-0.0,-0.8,-0.5,-0.7,0.8,1.6,-0.2,0.7,0.2,-0.4,0.0,-0.1,-0.3,-2.2,-0.7,-0.7,1.4,-2.0,-1.2,-2.5,-1.5,-3.4,-1.7,3.2,-3.6,-1.2,-2.8,-3.8,-1.7,-2.3,-1.0,-2.6,-1.5,-2.1,-3.6,-0.2,-3.0,-1.0,-0.7,-3.2,0.5,0.2,-1.5,-2.9,-1.7,1.0,-2.8,-0.3,0.2,1.1,-1.4,0.0,-0.8,-0.3,-0.2,-1.0,-2.5,0.5,-1.7,-0.6,-1.1,0.4,1.1,-0.8,0.1,-0.8,-1.9,-1.3,-1.9,-2.0,-4.0,-3.3,-3.0,-1.6,-4.6,-4.2,-5.6,-3.5,-2.7,-4.6,-1.8,-1.7,-1.8,-0.6,-1.8,-3.3,-2.9,-0.5,-1.1,-1.2,0.1,-1.4,-1.5,-3.3,-2.8,-2.3,-1.8,1.5,-0.2,-0.7,-1.4,-1.2,-3.3,-3.3,-2.6,-2.6,-1.6,-2.8,-2.5,0.5,-2.6,-2.6,-3.5,-2.2,-3.0,-3.4,2.9,-1.5,-6.0,-0.9,-0.7,0.1,-3.1,-1.3,-2.7,-2.0,-4.3,-1.9,-1.9,-11.0,-2.1,-2.5,-1.4,1.4,-0.5,-1.6,-1.3,-2.9,-2.6,-2.6,-3.6,-4.8,-1.3,-2.6,-4.5,-4.7,-4.1,-3.4,-4.9,-4.7,-5.2,-4.7,-4.8,-4.4,-4.3,-1.1,-4.7,-3.9,-5.7
2C7L511HBR,0,48.101285,11.63442,4442780.28,2777760.72,551.1,596.8,230,7441,1.8,0.92,0.3,32.68,348.96,-0.53,-0.103,0.842,-0.2,0.1,0.41,0.14,0.3,0.1,-0.3,-2.1,-1.0,0.7,0.6,1.7,-3.0,2.0,1.2,0.6,7.0,-0.8,-1.0,-0.5,1.2,0.4,1.8,0.9,0.5,0.3,0.1,-1.6,-0.7,1.0,2.0,2.0,1.3,1.4,0.6,1.1,-0.4,-0.2,-2.5,-2.0,-3.9,-4.3,-3.5,0.8,0.3,0.3,-2.0,-0.5,1.2,-1.0,-1.4,-1.1,-1.4,-1.5,-2.4,-1.7,0.6,-0.0,-0.6,-1.7,-2.1,-1.5,-2.1,0.5,-1.6,-0.3,-2.1,-1.1,-1.9,-0.0,-1.3,-3.0,-2.4,-2.0,-2.1,0.3,-2.3,-2.0,-1.6,-1.7,-0.4,-4.0,-1.8,-1.4,0.4,-2.5,-1.1,-1.1,2.1,-0.9,-1.6,-1.1,-0.9,-0.4,-1.1,-2.6,-2.4,-3.8,-2.5,-1.9,-5.2,-2.2,-3.7,1.8,0.9,2.3,-1.9,-2.3,-0.9,-0.3,0.3,1.6,-0.4,-0.3,0.6,-3.8,0.1,0.2,0.0,0.4,0.9,1.2,-0.8,0.2,-0.9,-1.9,-1.0,-0.6,-0.8,-0.9,-1.5,-3.5,-0.0,-0.9,-0.1,0.8,-0.5,-1.5,1.4,0.7,1.1,-0.8,1.0,-2.1,-1.1,1.3,-1.6,-1.8,-2.2,-3.3,-3.4,-1.0,-2.3,0.5,-0.2,-1.7,-1.6,-2.6,-4.4,-3.6,-1.2,-1.4,-1.5,-1.5,-1.4,1.1,-0.1,-2.9,-3.9,0.4,-4.7,-3.3,-2.6,1.3,-2.1,0.1,-1.3,-1.8,-0.6,-4.0,-3.1,-2.8,-0.3,-2.0,-0.7,-10.7,-2.6,0.2,-2.0,-0.4,-1.6,0.6,1.3,-0.5,0.9,2.1,-1.5,-2.3,2.5,0.4,-0.3,1.7,0.5,-4.0,1.7,-0.4,-2.6,2.2,3.6,1.7,-0.3,-1.8,-2.1,-1.8,-5.7
2C7L511HBV,0,48.101304,11.634572,4442791.59,2777763.15,547.4,593.1,230,7445,4.2,0.67,0.44,32.68,348.96,-0.53,-0.103,0.842,-0.5,0.2,-0.28,0.32,2.1,0.3,-0.3,-4.9,-7.5,-1.5,3.3,4.2,-1.9,3.1,-0.0,7.5,-14.3,-2.7,0.8,1.2,1.2,1.8,-0.5,-0.6,-0.2,-4.9,-10.1,-3.7,-0.2,-2.2,0.6,1.3,5.4,0.2,-2.5,-1.7,-6.9,-20.5,-6.9,-8.8,-5.0,-6.9,-1.1,-9.5,4.3,-2.2,3.8,-0.7,4.9,3.0,0.5,-0.2,2.0,2.1,0.6,1.2,0.7,1.4,0.6,3.7,3.7,2.0,-1.3,1.8,2.0,1.7,7.8,-0.4,1.2,-3.8,-0.6,-0.2,1.3,-2.9,1.2,-2.8,0.5,4.2,1.6,2.2,-3.7,2.5,-7.4,-7.0,-2.2,-2.0,-2.5,0.9,-7.8,-1.4,-2.6,-2.1,-4.2,1.5,-5.0,-7.1,-2.1,-15.2,1.8,1.0,-8.0,0.5,2.6,2.1,4.2,9.7,-4.3,7.6,1.2,3.0,-1.3,-0.1,5.5,2.6,1.4,0.5,-0.7,-0.7,-3.6,-1.5,-2.0,-1.0,-0.5,-0.3,-2.9,2.6,-1.2,2.0,1.6,2.1,-2.6,-13.7,4.0,-15.0,-0.2,1.1,-19.3,2.0,-2.1,-1.2,-0.1,-0.9,-1.2,0.9,-1.4,-1.3,-2.2,6.1,-2.8,-2.9,-2.3,1.1,0.9,2.3,-0.4,2.9,1.2,4.8,0.2,4.3,-3.2,-6.8,1.6,-3.4,-3.3,-1.5,-1.9,-2.9,-11.3,-4.2,-0.6,-11.4,0.2,-3.6,-9.0,1.6,-4.7,-4.7,-7.0,-10.0,-4.8,-5.8,-3.7,9.0,4.5,-2.6,-5.8,4.0,-4.6,2.1,-4.2,-4.3,-2.3,-3.6,-5.8,-4.3,-1.6,-7.3,-6.0,-3.3,-7.0,-7.7,-3.1,-2.4,1.3,-0.4,0.7,-2.3,-2.2,-2.8,-2.6,-2.6,-1.9,4.3,1.4
2C7L511HBo,0,48.101439,11.635618,4442869.18,2777779.8,545.7,591.4,230,7464,2.3,0.84,0.35,32.68,348.96,-0.53,-0.103,0.842,0.0,0.1,-0.23,0.18,1.5,0.2,-0.3,-2.1,-0.5,-3.0,0.1,-1.6,4.3,-2.8,-3.6,-0.4,5.5,-2.7,7.5,-4.1,-2.2,-0.2,0.1,-0.9,-3.9,-6.6,-6.0,-5.2,-3.2,-4.2,-4.7,-3.0,0.6,-0.8,4.9,-3.4,-3.2,3.1,-9.4,-8.4,-7.8,-3.8,-9.9,-1.1,-2.8,-6.9,-3.8,-4.1,2.1,-3.4,-0.2,-3.3,-4.2,-0.5,-2.3,-5.5,-5.3,-3.0,-2.5,-3.5,-5.8,-4.4,-2.7,-2.6,-2.9,-3.9,-1.1,-4.7,-2.2,0.7,-2.7,0.9,0.3,-2.0,1.0,-0.8,-0.9,5.0,-1.8,1.9,-2.9,-2.9,-3.0,-5.4,-4.3,-2.8,-6.1,-2.5,-4.4,-3.7,-5.3,-4.6,-4.7,-0.9,-5.1,-5.4,-5.4,-2.9,-5.0,-5.5,-8.8,-6.0,-4.6,-5.5,-3.0,-4.0,-7.5,-4.5,-4.6,-1.1,-2.6,-2.9,-4.2,0.7,-2.5,-2.2,-0.4,0.6,-2.8,-0.9,-2.5,-1.5,-2.4,-2.2,-3.4,-2.6,-2.2,-1.6,-1.1,-1.2,-1.1,-0.5,-3.2,2.0,-3.0,-3.5,-2.5,-0.2,-1.2,1.6,-5.9,-7.2,-3.3,-2.4,-2.8,-0.1,0.8,1.6,-1.0,0.9,-0.3,-0.5,0.4,-0.3,0.2,-1.2,-0.9,0.1,-1.5,-1.0,-1.2,-2.4,0.6,-2.6,-1.7,-1.4,-2.8,-2.9,-5.3,-2.2,-5.4,-4.5,-1.9,-0.3,-4.8,-3.3,-2.8,-2.8,-2.6,-0.3,1.0,5.3,-2.7,-2.3,-0.6,3.0,-1.3,-1.3,-2.6,-3.5,-0.7,-1.8,-3.0,-1.5,-4.6,-3.1,-1.7,-5.4,-5.5,-6.2,-2.2,-2.4,-4.3,-2.3,-2.6,-5.9,-6.0,-4.9,-3.9,-3.9,-4.0,2.0,-2.7,-3.2,-5.1
2C7L511H9N,0,48.100349,11.626987,4442228.8,2777644.51,542.8,588.5,230,7313,3.2,0.78,0.55,32.64,348.96,-0.529,-0.103,0.842,-1.3,0.2,0.15,0.25,0.3,0.2,-0.3,-1.3,-2.9,1.3,1.2,0.3,-5.7,0.7,-2.0,3.3,3.4,-0.0,-2.5,2.2,0.6,-0.3,1.4,-2.8,0.6,-2.2,4.4,-0.4,1.6,1.2,2.3,-1.9,-0.9,3.7,2.0,-0.6,-2.3,-10.3,-2.3,-5.3,-3.2,0.1,0.3,5.0,-1.5,1.3,-0.6,1.8,1.5,-1.5,0.8,-0.5,1.0,1.1,2.2,7.5,5.6,2.2,2.4,-7.9,1.5,2.9,-0.3,10.0,4.7,-2.0,9.7,-4.4,-2.5,0.3,12.2,1.8,-7.1,-2.1,10.3,1.3,2.8,-7.0,-2.8,9.2,1.3,1.4,-0.2,5.7,2.5,3.7,-1.9,3.1,-1.9,3.0,-0.8,1.1,0.1,-1.1,-4.7,-1.7,-2.9,-1.7,-0.1,-2.3,1.4,-1.3,-3.4,-5.8,-1.9,-0.8,-1.6,-5.3,-3.4,-4.3,-3.3,-2.8,-2.0,-1.4,-0.1,-1.5,-1.3,1.7,-2.7,-3.9,-4.3,-4.6,-7.2,-2.7,-6.1,0.1,-2.6,-5.9,-9.1,-3.2,-4.7,-1.6,0.9,-4.3,-1.7,-3.8,-2.5,-2.0,-1.2,-3.8,-3.8,-3.8,-3.4,-2.6,-1.3,0.8,-0.0,-5.0,-0.9,-1.0,-4.0,0.6,-6.0,-2.3,-1.8,-1.8,1.4,2.9,-8.5,-4.3,-3.0,-4.6,-3.8,-4.2,-4.2,-2.6,-3.1,-3.7,-5.2,0.3,-7.2,-5.3,-0.1,-5.3,-4.0,-1.7,-4.8,-2.3,-2.1,-3.8,-13.2,-9.4,-10.7,-5.0,-0.5,-11.0,-7.6,-2.8,-2.9,-8.1,-3.6,-4.5,-5.4,-1.7,-3.0,-3.4,-5.3,-7.5,-1.6,-8.0,-5.8,-5.8,-3.2,0.4,-5.5,-2.4,-4.6,-6.0,-3.8,-3.9,-1.3,-3.1,-5.6,-5.7,-2.9
2C7L511HAB,0,48.100733,11.629982,4442451.02,2777692.16,550.8,596.5,230,7363,2.8,0.79,0.37,32.66,348.96,-0.53,-0.103,0.842,-0.1,0.1,0.1,0.22,1.8,0.2,-0.3,-0.6,-0.1,2.0,-0.9,-0.7,-0.7,0.5,-0.5,-1.8,10.3,2.1,-0.1,-1.7,-1.1,-0.4,-1.8,-6.0,-5.0,-8.6,-4.3,-6.7,-0.5,-1.9,-5.7,-5.4,-2.2,-6.5,0.0,-1.5,-2.8,-2.0,-9.6,-8.6,-6.2,-7.0,-3.4,-3.9,-1.6,-3.6,-3.1,-1.7,-0.3,-5.5,-2.6,-6.2,-0.4,-1.3,-0.9,-1.0,0.4,-1.2,0.4,0.2,-0.5,-0.5,-1.6,0.3,-0.0,-0.8,-1.6,-1.0,0.9,0.4,-1.4,0.4,1.7,1.5,-0.3,-0.6,-0.9,-2.4,-0.8,0.9,0.8,-2.7,-0.0,-3.1,0.1,-3.7,-5.8,-2.0,-7.7,-0.1,-5.9,-1.0,-7.7,-3.3,-5.7,-5.1,-4.7,-3.9,-3.0,-1.0,-1.2,-6.9,-5.5,-0.1,-2.0,-0.6,-1.3,0.7,-0.9,-4.0,-3.6,-5.1,-5.4,-2.2,-3.2,0.1,-4.1,-2.1,-2.3,0.3,-1.2,-1.0,-0.2,1.0,-0.8,0.2,-1.7,-1.6,-0.9,-2.8,-4.8,-2.9,-3.3,-6.8,-2.3,-5.2,-8.2,-1.6,-4.7,-2.0,-4.5,-9.4,-7.2,-6.3,-2.8,-0.3,-0.9,-0.5,3.4,1.5,1.1,-0.9,5.7,-1.3,-3.9,-5.3,1.1,-3.9,-1.8,-6.3,1.2,-2.9,-2.0,-0.4,-1.4,10.1,0.6,-5.9,-6.0,-0.3,-0.6,-2.0,0.4,-3.0,-3.1,-9.3,-4.8,-5.0,-1.5,-6.4,-12.0,-4.7,-7.2,-3.9,0.3,5.2,-5.3,4.0,1.4,-2.0,-4.6,-2.0,0.1,-2.8,-0.3,-3.2,-6.1,-8.7,-6.7,-7.5,-6.9,-4.5,-2.6,-4.1,-0.3,1.1,0.3,1.3,-1.4,0.8,0.1,-1.1,-2.9,-2.7,-1.7
2C7L511HB0,0,48.101091,11.632764,4442657.4,2777736.45,543.4,589.1,230,7414,2.8,0.81,0.36,32.67,348.96,-0.53,-0.103,0.842,-0.8,0.1,0.26,0.21,0.9,0.2,-0.3,-3.1,0.1,6.2,-0.9,2.8,-7.8,3.7,2.8,3.1,-3.0,2.6,8.3,6.2,1.9,2.5,1.5,1.6,-1.6,0.2,-2.5,1.4,-0.5,0.3,-0.3,0.2,-1.7,2.6,-2.7,2.3,-2.4,-7.2,-4.7,-4.6,-2.7,-5.6,-5.2,2.6,-2.8,-3.8,-1.9,-1.4,-3.8,-1.0,-1.6,-2.9,-3.0,-6.1,-6.0,-3.5,-3.6,-3.8,-1.9,-2.8,-3.8,-1.1,-4.6,-1.7,-1.4,-1.2,-4.2,-1.3,0.8,-1.7,-0.5,-9.1,-7.9,-1.9,-3.8,-3.4,-2.0,-2.3,-0.7,-5.3,-0.5,-3.5,-0.3,-0.4,0.9,1.4,-0.9,-1.9,-2.7,-2.9,2.9,-1.3,0.9,-1.3,-1.5,-3.3,-3.6,-3.9,-2.3,-6.1,-3.1,-1.7,1.1,1.0,-0.8,-1.4,-1.7,3.0,-0.7,-1.2,1.8,-3.1,-1.0,-0.3,-0.2,0.7,-3.5,-11.4,-0.9,-2.6,-1.7,-0.2,-11.5,-0.2,-0.3,-7.8,-4.8,1.7,-5.1,-3.5,-3.4,-2.1,-1.9,-9.0,0.4,-0.8,-4.6,-1.0,-1.8,-7.4,-1.3,-7.0,-4.6,-4.3,-2.5,-2.4,-0.8,-7.7,-5.1,-3.3,-2.4,-4.5,-3.8,-3.1,-2.2,-3.1,-2.1,-5.2,-5.3,-1.6,2.4,-4.2,-0.8,1.2,-1.0,1.3,2.4,-2.0,-2.2,-4.4,-6.5,-7.8,-7.1,-1.6,-7.7,-2.4,-2.4,-4.8,-5.7,-6.7,-8.5,-6.8,3.9,-10.3,-3.1,-3.3,-5.2,-3.3,-2.2,-2.6,-3.2,-3.0,-4.1,-7.4,-3.4,-4.6,-3.5,-1.1,-2.4,-2.7,-5.6,-4.6,-3.7,-4.1,-5.6,-4.4,-3.4,-9.3,-6.2,-3.1,-5.1,-2.5,-5.2,-5.0,-4.5
2C7L511HBK,0,48.101242,11.633941,4442744.7,2777755.17,546.5,592.2,230,7434,1.4,0.94,0.24,32.67,348.96,-0.53,-0.103,0.842,-0.0,0.1,-0.41,0.11,0.8,0.1,-0.3,-0.4,1.3,0.3,-0.1,1.2,0.4,3.5,0.6,-0.0,-2.6,-0.7,0.1,-0.6,-0.9,-0.6,-0.1,-1.5,-0.9,-1.5,-1.9,-2.0,-1.1,-0.7,0.6,-0.1,0.1,-0.2,0.6,0.4,-1.6,0.1,-3.6,-4.7,-3.5,-3.4,-3.6,3.4,-0.8,0.5,-0.9,-0.2,1.4,0.8,0.5,1.2,0.8,1.1,2.2,0.5,1.6,1.1,1.8,1.7,0.8,0.6,0.2,0.7,0.2,0.5,1.3,1.6,1.1,-1.7,0.8,-0.6,1.5,0.5,0.3,1.8,1.4,1.0,2.4,-0.8,1.6,0.1,2.0,1.0,0.8,1.1,-0.0,0.8,-0.4,1.2,0.1,2.3,-0.2,2.0,1.2,0.0,-0.9,0.1,0.0,-0.0,-1.6,0.5,-0.6,1.5,1.7,2.2,-0.9,0.2,-0.4,1.3,2.4,0.8,1.6,1.7,0.8,-0.3,0.9,2.5,2.3,1.3,1.1,1.4,2.4,0.3,1.6,0.7,1.7,1.0,1.0,0.5,-0.4,0.2,1.9,-0.3,-0.1,-1.2,-1.4,-0.4,-1.1,1.8,-1.7,-2.8,-1.1,0.0,0.6,2.1,3.7,1.5,1.3,0.3,-0.3,1.3,0.8,-5.6,3.1,1.2,0.3,-5.8,0.8,2.1,2.6,0.6,2.2,1.1,1.0,1.6,1.4,-1.6,-1.9,-0.0,-2.4,-2.4,-0.1,1.7,-3.0,0.3,-0.1,-1.0,-0.8,-1.6,0.1,2.3,-0.4,1.3,1.9,2.9,2.3,1.6,2.2,1.3,0.9,-0.2,0.7,0.6,-1.2,-0.8,-2.7,-1.3,1.4,-0.6,-2.7,-2.5,-1.2,-1.8,-1.6,-0.9,-1.6,-1.2,-2.0,0.0,-1.1,1.7,1.1,1.7,1.0
2C7L511HBh,0,48.101397,11.635147,4442834.19,2777774.37,542.7,588.4,230,7457,2.5,0.85,0.46,32.68,348.96,-0.53,-0.103,0.842,-0.6,0.1,0.11,0.19,0.7,0.2,-0.3,-2.4,-3.0,-2.3,0.9,9.5,2.6,-0.2,2.1,-0.5,2.8,0.9,-2.6,-0.1,3.8,-5.8,1.2,-0.3,-4.3,1.9,-2.4,-3.1,0.2,4.2,2.6,-3.3,-0.0,4.0,2.3,0.1,-2.0,-2.1,-2.9,-5.4,-7.3,-4.7,-5.4,0.6,-2.4,-2.1,-1.7,-2.0,-4.0,-5.0,-1.6,-1.8,-2.4,-4.6,-2.0,-1.1,2.1,0.7,-2.7,-5.3,-4.2,-3.7,-4.6,-0.5,-2.2,-2.7,-2.0,-4.3,-2.9,-2.2,-2.1,-2.4,-0.6,-2.4,-2.8,-1.3,-3.1,-1.7,-2.4,-4.8,-2.0,-2.5,-0.5,-2.0,-0.8,-0.4,-2.0,-2.5,-3.0,-3.2,-3.9,-1.9,-1.6,-0.3,-0.5,-4.6,-4.7,-6.6,-3.0,3.4,-7.3,-3.8,-2.7,-5.9,-2.3,-1.4,-2.5,-1.7,-2.1,-1.4,-1.8,-1.9,-1.3,1.4,5.6,-4.1,0.3,-2.9,0.2,-1.0,-0.7,-1.1,-3.0,0.7,1.8,-3.2,1.0,-1.5,-1.1,-0.8,-0.6,-4.7,3.7,-2.7,-4.3,-1.0,-3.0,2.3,-1.0,-1.4,-5.2,-11.9,-6.6,-4.8,-5.9,-1.9,1.5,-6.4,-3.1,-3.6,-6.6,-4.1,-2.2,-0.5,-0.9,-3.4,0.5,-0.6,-5.1,-3.2,-4.1,-2.2,-2.1,-2.8,-2.5,0.1,-3.1,-1.6,-6.0,-3.9,3.4,-5.2,-3.4,-3.2,-5.0,-3.9,-2.8,-2.4,-3.4,-9.5,-1.3,-2.0,-4.9,-2.3,-4.4,-10.0,-1.5,-6.2,-0.4,-8.0,-1.5,-3.3,-4.7,-2.8,-4.5,-2.3,-4.3,-7.8,-5.6,0.6,-5.3,-5.9,-3.3,-8.0,-4.5,-3.1,-5.3,-7.2,-3.9,-3.9,-4.1,-0.3,-3.8,-1.9,-0.3
2C7L511HBn,0,48.101434,11.635437,4442855.72,2777779.0,539.9,585.6,230,7463,2.4,0.8,0.36,32.68,348.96,-0.53,-0.103,0.842,0.1,0.1,-0.04,0.19,2.3,0.2,-0.3,-1.0,-1.7,-0.3,-0.6,-0.2,2.6,-1.1,1.3,-0.5,2.6,-2.5,2.6,-0.8,-1.2,-0.7,-0.8,-6.7,-4.2,-11.2,-5.5,-3.5,-2.2,-4.3,-2.9,-2.0,-1.1,-1.2,-0.0,-0.9,-8.8,-2.0,-5.6,-6.5,-7.8,-4.4,-9.6,-1.8,-3.0,-3.6,-3.4,-3.2,-1.7,-9.2,-0.4,-5.2,-4.1,-1.0,-0.9,-6.1,0.2,-4.0,-2.1,-4.1,-4.1,-2.8,-2.1,1.1,-3.5,-3.0,1.7,-3.2,-1.1,2.7,-2.7,0.9,0.3,-1.2,-1.0,-2.3,-2.4,3.7,-1.0,0.5,-0.6,-7.8,-3.0,-1.2,-3.4,-6.8,-2.5,-1.3,-7.6,-2.3,-7.2,-2.9,-5.3,-0.5,-5.0,-3.2,-8.1,-6.1,-6.3,-5.1,-8.2,-4.3,-3.3,-2.9,-4.8,-5.2,-6.2,-4.1,-5.9,-6.2,-5.2,-1.1,-5.9,0.3,0.1,-2.8,-1.3,-4.3,-4.6,0.7,-1.0,1.3,0.2,0.3,2.2,-0.3,-0.1,0.8,-0.5,-0.1,-4.5,-8.4,2.2,-0.3,-4.2,-4.1,-2.9,-2.2,-0.5,0.3,-5.9,-7.3,-5.1,-3.4,-7.2,-0.1,-1.1,1.0,-3.9,-2.9,-4.0,-1.4,0.0,0.2,-3.3,1.8,-0.7,1.2,-0.6,1.6,1.6,0.9,-1.0,-1.8,-2.8,-2.1,-2.9,-4.2,-7.7,-3.9,-5.1,-6.0,0.7,0.4,-5.3,-9.7,-5.4,-9.5,-5.6,-3.9,-0.1,1.5,3.5,1.6,2.3,-2.5,-1.0,-1.7,1.7,-1.9,0.1,-0.5,-1.8,-3.8,-6.7,-4.2,-4.1,-8.9,-5.6,-6.4,-2.6,-2.9,-4.8,-0.6,-4.5,2.4,-5.5,-3.5,-5.5,-1.4,-1.8,-0.7,-2.5,-0.7,-0.9
2C7L511H9a,0,48.100468,11.627771,4442286.92,2777659.04,547.0,592.7,230,7326,3.6,0.72,0.42,32.65,348.96,-0.529,-0.103,0.842,-1.1,0.2,0.43,0.28,0.6,0.2,-0.3,0.3,-2.7,-1.2,-3.1,-2.7,-1.3,-1.1,0.6,-3.0,-4.1,0.3,1.2,0.3,1.8,1.2,-0.2,7.7,9.3,1.3,6.8,3.7,1.2,2.0,1.7,6.7,6.6,6.0,-0.1,0.6,-3.6,-5.8,0.3,0.0,-3.4,-1.3,0.6,6.2,5.0,8.7,7.5,3.5,-0.8,2.8,3.1,1.9,0.4,-5.2,0.4,3.9,3.3,-1.3,1.5,0.7,0.7,2.2,0.8,0.9,0.4,0.7,0.6,-0.1,0.3,3.0,1.1,-2.4,-0.7,-0.2,-2.9,1.2,2.2,-1.4,-0.0,-4.7,-0.1,0.3,-0.3,-4.0,-0.1,0.0,-5.7,-2.3,-1.2,3.3,6.1,9.4,9.1,4.3,-2.1,1.8,-0.0,3.0,-3.5,-1.1,-1.9,-7.1,-1.8,0.9,2.8,1.9,1.7,2.3,-2.4,-1.5,-1.1,-4.9,-3.7,-2.2,-1.2,-0.9,-4.7,2.2,-0.9,-1.2,-1.6,-1.6,-3.4,-1.6,-2.3,-2.2,-3.5,-2.5,-6.1,-3.8,-3.9,-3.1,-0.2,-3.8,-2.5,2.2,0.4,-4.5,-3.9,-3.2,-6.3,-0.1,-2.0,1.9,3.1,-1.8,-1.2,-0.1,-5.6,-3.1,-2.7,0.3,-1.5,0.8,-1.7,-1.3,-4.2,-4.8,-3.9,-1.4,-0.0,-0.2,-1.5,-0.9,-2.3,0.5,-4.1,-0.2,-1.8,-2.3,-7.5,-6.1,3.6,-17.7,-4.9,-2.9,-6.6,-10.4,-7.9,-5.5,-2.8,-0.6,0.4,-4.2,-0.9,-12.3,-1.5,-2.2,-1.8,-9.8,0.7,0.2,-2.3,-3.4,-12.7,3.5,-0.8,-1.8,-5.3,-4.4,-4.5,-8.4,-3.1,-2.8,0.9,4.1,-11.2,-13.6,0.5,-0.0,-14.3,3.8,0.0,6.0,3.2
2C7L511H9b,0,48.100463,11.627728,4442283.74,2777658.37,542.1,587.8,230,7327,2.3,0.87,0.29,32.65,348.96,-0.529,-0.103,0.842,-0.4,0.1,-0.31,0.17,0.8,0.1,-0.3,0.1,0.1,-0.4,1.1,-1.4,-0.4,0.1,1.6,2.4,-5.3,2.1,1.2,2.4,2.7,2.3,4.1,2.4,4.5,1.8,6.2,2.5,1.7,1.3,4.2,5.1,8.0,2.9,-0.7,1.0,0.4,-7.6,1.7,-0.9,-0.9,2.6,0.7,2.3,3.5,7.1,4.7,1.5,-0.9,1.7,3.0,2.5,1.9,-6.2,-0.6,3.0,1.7,-0.1,2.1,1.9,2.3,0.9,2.9,-0.7,1.4,-0.5,-0.7,-0.9,1.2,-1.1,-0.4,0.8,-1.3,-1.1,-2.5,1.3,1.9,-1.2,0.3,-6.6,1.6,3.2,4.1,4.8,3.4,4.7,1.9,4.6,3.4,3.1,3.1,5.4,4.1,3.7,3.5,4.7,3.0,1.8,-0.1,-3.2,4.7,3.4,2.0,1.2,2.6,2.8,3.1,2.9,2.3,3.9,1.5,2.4,2.6,3.4,2.4,2.2,1.6,3.3,1.8,1.3,1.1,2.5,-0.5,4.0,0.6,0.7,1.4,4.0,1.3,-2.2,1.9,3.3,3.4,-3.8,2.5,2.4,1.2,-0.2,0.4,0.1,-0.3,1.1,0.7,3.3,4.2,2.5,4.3,-3.3,-2.9,-1.9,1.0,2.2,0.9,-1.7,-0.8,-0.2,2.1,-5.8,-1.3,2.8,1.5,1.0,0.4,0.4,1.0,1.7,1.1,1.2,3.1,1.8,-1.9,-1.2,1.2,3.9,-0.4,0.1,-0.8,-0.7,-0.9,-2.8,-3.2,-0.7,1.3,-2.2,-2.0,8.9,-0.8,0.0,0.4,-0.5,0.2,0.7,1.3,-4.5,3.4,1.0,-2.9,0.9,-2.7,1.1,-1.4,3.1,1.0,1.3,1.2,-2.1,1.7,-1.8,-0.8,-0.9,-0.0,-1.1,-2.2,-0.7,0.6
2C7L511H9c,0,48.100463,11.627728,4442283.78,2777658.38,539.4,585.1,230,7328,3.1,0.79,0.42,32.65,348.96,-0.529,-0.103,0.842,-0.4,0.2,-0.83,0.24,0.7,0.2,-0.3,-1.4,2.1,-4.5,2.0,-0.9,10.8,3.2,-0.7,4.2,1.0,2.6,-1.5,1.1,3.0,2.5,0.9,-1.8,0.5,-0.8,4.8,-1.8,-0.5,-0.0,-0.5,2.1,7.1,0.4,-9.1,-3.4,-4.9,-12.6,0.8,-6.8,-7.4,0.3,-4.2,-2.7,2.5,4.5,4.7,-7.7,-9.9,-3.1,0.1,0.6,-3.2,11.7,-4.5,2.9,-0.5,-0.7,2.0,-1.4,-0.4,-1.7,1.2,-1.0,0.0,-0.7,-3.5,-1.1,1.5,4.4,-1.4,3.8,-11.8,-1.7,0.0,-2.3,1.0,-0.6,-1.5,2.4,0.5,1.3,1.7,4.0,1.0,2.7,3.1,3.9,3.1,2.2,4.8,1.8,0.4,-0.6,3.4,4.0,2.8,1.0,-1.4,-0.4,2.0,1.9,2.9,-3.2,1.6,-0.7,0.4,0.9,-1.5,2.3,-1.4,0.5,0.5,1.5,1.4,2.9,1.9,0.1,0.8,0.1,1.8,1.2,3.9,4.0,0.1,2.2,1.4,2.7,-0.3,2.1,-2.0,2.2,3.2,-2.4,1.0,0.9,-2.6,-2.3,1.8,-2.0,-1.4,-2.8,0.2,1.5,0.9,0.4,2.9,5.7,-2.5,-1.2,-0.4,-0.8,0.9,0.5,-0.3,-1.0,1.4,-0.7,-3.2,1.3,-0.3,0.0,-1.2,-0.7,-0.2,-0.4,-1.4,-1.1,-2.0,-1.0,2.9,-0.4,-1.0,4.6,-4.1,-4.3,-3.1,-3.2,-7.4,-1.1,-1.7,1.9,2.8,-1.0,3.3,2.7,-1.4,-3.8,-0.9,0.9,-0.7,-0.1,1.1,-4.5,-1.0,0.9,-6.0,-2.2,-6.3,-0.5,-8.5,5.9,-1.1,-2.3,-1.0,-4.9,-2.7,-3.0,-2.8,-4.6,-1.0,-8.5,-5.7,-3.6,-1.2
2C7L511H9e,0,48.10049,11.627941,4442299.54,2777661.76,542.0,587.7,230,7330,2.9,0.79,0.44,32.65,348.96,-0.529,-0.103,0.842,-0.7,0.1,-0.41,0.22,1.8,0.2,-0.3,-0.6,-4.3,-0.6,-2.6,1.7,-2.3,1.9,2.0,-1.1,5.6,1.3,-1.7,2.3,-2.7,-2.2,-5.3,-5.0,-6.8,-4.9,-1.4,2.4,2.4,-0.8,4.0,3.6,1.9,4.2,0.6,2.7,-1.7,-1.2,3.5,2.4,-1.2,11.9,-1.8,1.5,-1.3,4.2,7.2,2.6,0.9,2.0,2.8,0.3,1.1,0.6,0.8,3.6,1.8,0.7,1.9,0.1,1.2,-1.9,-4.7,-3.3,-3.2,1.6,-4.0,2.7,-4.6,-4.6,-9.9,-9.6,-1.0,-5.9,-3.2,-4.6,-4.6,-10.6,3.8,-2.5,1.6,12.0,-1.8,-1.7,-1.3,1.6,-1.4,-0.4,1.1,1.4,-0.8,0.0,-0.6,0.0,3.0,-0.6,1.3,0.2,1.2,-3.6,4.0,4.1,-0.5,3.0,1.4,0.8,0.8,0.2,1.6,5.0,2.5,3.5,0.8,1.0,0.2,-1.1,-2.6,0.0,0.7,-0.6,-0.7,0.3,0.3,-3.3,1.7,0.3,0.9,1.3,-1.0,-5.3,-4.3,-3.7,-3.5,-4.6,-0.1,1.8,-1.9,0.2,-0.8,-0.3,-0.4,0.2,1.3,2.3,4.1,4.4,2.4,-2.1,-2.5,-1.5,3.3,3.7,3.5,-2.3,3.4,0.5,2.4,-1.0,0.1,-2.1,-2.6,-3.4,-2.4,-2.3,-1.9,-3.2,-1.0,-1.6,-0.5,0.0,-4.7,-5.6,0.5,-1.5,-1.8,1.9,-1.9,-0.0,-0.5,2.0,-1.7,-0.5,2.2,-4.0,-1.4,-5.3,-0.7,-1.0,-1.2,-2.2,-1.5,-9.3,-3.3,-5.2,-1.9,-0.9,-3.4,-0.3,-2.9,1.2,-5.8,-3.4,-4.3,-1.6,-2.1,-3.7,-2.7,-2.0,-3.2,-0.8,4.1,-2.5,-0.7,-9.6,-10.0
2C7L511H9q,0,48.100584,11.628673,4442353.85,2777673.4,545.0,590.7,230,7342,3.1,0.78,0.43,32.65,348.96,-0.53,-0.103,0.842,-0.2,0.2,0.08,0.24,1.4,0.2,-0.3,-1.8,-0.4,2.5,-0.3,3.6,1.1,1.5,2.4,-2.7,2.7,5.9,2.5,-5.3,2.1,-14.9,-4.5,-1.7,-2.8,-4.4,-2.2,-0.2,-3.1,3.2,-1.5,-1.1,-1.0,1.5,3.5,-3.6,-4.1,-2.4,-8.8,-6.8,-5.5,-6.1,-6.2,-2.5,-3.6,-4.3,-1.6,-0.3,-4.3,0.3,-2.8,-3.1,0.1,-3.2,-2.1,-2.7,0.8,2.6,-0.8,-1.9,-2.1,-1.7,-2.4,-1.7,-1.6,-0.9,-1.5,6.4,-5.3,-8.6,2.2,1.9,-4.9,-0.8,1.6,-1.1,-3.8,-3.2,-2.1,-1.5,0.6,-3.3,-5.1,-4.5,-1.7,-1.1,-4.3,2.8,0.0,2.7,1.4,-10.3,-1.9,-2.3,-1.5,-2.2,-0.8,-3.6,-4.1,-6.4,-0.8,-1.7,-3.3,-9.1,0.1,-1.8,-2.4,-1.7,-3.8,-0.0,-2.8,-1.3,-2.7,-1.9,0.1,-2.3,-1.9,-1.2,-0.8,-6.2,2.4,1.1,-0.7,-0.2,-3.5,2.6,-11.5,0.9,4.8,-4.3,-0.5,-3.3,-2.4,1.1,-3.3,-3.3,-2.6,-7.3,-2.3,-2.5,-1.3,-6.4,0.1,-4.1,-1.5,-1.6,0.3,0.1,-0.6,-1.1,-0.8,-0.6,-2.2,-4.3,-0.3,0.1,-0.5,-5.6,-1.0,-1.4,-1.4,0.1,-1.2,-2.1,4.1,6.4,3.7,-3.8,-3.6,-10.7,-6.7,-6.9,-1.9,-6.0,-5.1,-3.7,-1.5,-2.7,-6.6,-7.9,-2.2,-1.8,-3.1,-1.5,0.0,0.7,0.6,1.3,0.7,0.3,-0.9,1.9,-13.6,-3.0,-0.7,-0.0,-4.5,-5.8,-9.4,-3.5,-5.1,-5.2,-4.0,-5.4,-4.8,-0.1,-0.3,3.4,-1.4,0.9,-2.7,1.8,-5.8,1.5,-2.4
2C7L511HAp,0,48.101024,11.632099,4442608.07,2777727.93,544.3,590.0,230,7403,3.6,0.72,0.42,32.67,348.96,-0.53,-0.103,0.842,-0.4,0.2,-0.57,0.27,2.0,0.2,-0.3,0.9,-0.8,8.3,-1.2,2.0,0.0,-3.2,-1.6,2.5,2.7,0.6,2.2,-2.8,-0.9,-0.2,1.0,-3.4,4.5,-0.7,-3.7,-2.0,0.9,1.8,-2.0,7.5,-2.3,3.7,1.9,-0.8,-0.8,-5.5,-9.4,-5.7,-5.8,-0.5,-12.8,3.3,-7.3,-8.2,-0.3,1.5,-1.1,4.1,-7.6,-1.1,-0.7,-1.9,0.1,-2.0,1.4,0.1,2.5,-5.8,0.6,-1.9,2.0,2.5,2.8,5.2,-1.2,3.2,3.8,-0.0,-5.1,-2.7,3.6,4.1,-1.8,7.8,4.7,6.7,2.3,0.8,2.6,-0.0,-4.6,-2.9,2.6,-5.0,-2.0,5.2,-1.6,-0.4,6.0,2.5,3.0,5.2,6.5,-4.6,0.6,-4.0,-1.2,-4.4,-1.6,-4.7,-2.0,-1.6,-18.3,3.0,-2.4,-1.4,-3.3,-3.1,-0.5,-6.8,1.7,1.2,1.4,-1.0,0.2,5.3,-1.2,0.5,-2.1,-0.0,-1.1,-2.8,1.8,1.4,3.1,3.5,2.7,0.6,0.9,4.1,0.1,-0.6,9.5,2.7,0.4,-1.4,-3.4,-3.3,-1.7,-5.7,3.2,-1.5,-3.2,-4.1,-0.7,2.5,-2.4,-5.8,-3.0,-0.5,-4.8,1.5,4.8,0.2,-0.8,2.8,1.2,1.7,0.0,-1.9,0.8,1.0,1.6,3.3,0.2,0.3,0.2,-3.1,-3.2,-5.4,-4.2,-1.3,-7.0,-0.9,-1.8,0.6,-2.6,-3.6,1.1,2.9,-2.4,3.9,-1.4,-13.4,-0.0,-1.7,-0.4,0.5,1.6,-2.8,-1.3,-0.8,-8.0,-0.2,-5.2,-3.7,-16.6,1.9,-3.0,1.0,-2.7,-3.7,0.1,0.4,-7.5,-0.3,-10.5,-2.3,-7.8,1.6,2.1,0.3,1.6
2C7L511HAz,0,48.101109,11.632758,4442656.94,2777738.41,546.1,591.8,230,7413,3.7,0.72,0.47,32.67,348.96,-0.53,-0.103,0.842,-0.7,0.2,-0.14,0.28,1.1,0.2,-0.3,-3.1,-2.7,3.7,-0.7,0.4,1.0,1.8,0.5,2.8,-0.3,1.3,6.3,-0.8,1.8,5.8,3.0,1.3,0.5,-0.0,-1.3,-1.0,-6.4,1.6,-2.0,-1.2,-1.7,2.3,-4.1,3.4,-1.5,-4.2,-5.8,-6.2,-3.8,-8.5,-4.8,1.4,-2.3,-6.4,-2.0,-4.7,-2.7,-2.9,-3.2,-2.9,-4.4,-4.4,-5.8,-0.8,-2.2,-1.6,0.6,-0.4,-2.5,0.9,-2.4,2.7,-0.6,-1.0,-2.0,-0.3,0.1,0.4,-0.8,-9.1,-4.7,-1.4,0.1,-2.3,-3.8,0.6,-2.8,-5.8,-2.2,-6.5,-5.3,-3.3,-5.9,-7.6,0.6,3.9,-5.0,-1.9,-1.5,-0.7,-0.4,-10.3,-3.9,-3.7,-10.2,-11.3,-1.3,1.2,-3.6,6.9,0.8,1.2,0.9,-0.6,1.9,1.8,-1.0,-0.4,1.9,-1.9,-2.1,-0.7,1.4,0.0,-1.8,0.2,-0.0,0.2,0.6,3.1,4.3,-1.2,0.7,-0.3,1.2,1.8,1.6,0.4,0.5,-2.6,-3.0,-12.1,5.9,-1.4,-5.5,-1.1,-4.6,-1.8,-0.3,-7.5,-5.4,-10.0,-2.2,-2.2,0.7,-11.9,0.7,-4.1,-8.5,-6.8,-3.7,1.4,2.4,-3.0,0.0,-0.1,-4.6,9.7,-3.0,-3.4,-3.3,8.6,-0.0,-2.6,0.6,1.1,-2.3,-3.2,-6.9,-6.1,-8.0,-1.8,-6.0,-3.8,-2.2,-8.4,-3.6,-4.8,-12.0,-6.9,-17.4,-8.8,-5.1,1.0,-3.9,-2.1,0.8,0.9,-2.6,-4.1,-4.8,-7.2,-3.3,-8.0,-7.0,-5.1,-0.2,-5.0,-8.0,-2.3,-1.6,0.8,5.5,-2.8,-10.7,-7.0,-4.4,-4.4,-3.1,-1.5,-3.9,-5.5,-4.6
2C7L511HBk,0,48.101447,11.635397,4442852.69,2777780.41,545.9,591.6,230,7460,1.8,0.91,0.26,32.68,348.96,-0.53,-0.103,0.842,-0.4,0.1,0.15,0.14,0.6,0.1,-0.3,-1.1,-0.8,-0.6,0.0,1.1,-0.3,0.8,0.9,0.3,3.0,0.4,2.0,0.3,0.9,2.1,1.6,-1.2,1.0,-4.3,-4.3,-4.8,-0.4,-2.7,0.6,-0.9,-0.2,-2.1,-1.9,-0.5,-1.6,-3.1,-5.3,-4.5,-6.9,-2.7,-5.7,-2.5,1.2,0.5,-3.1,-2.2,1.2,-3.4,-1.0,-2.6,-2.5,-2.5,-1.1,-5.8,-0.8,-0.5,-1.0,-3.5,-0.7,-2.8,-4.1,-1.6,-1.9,-3.8,-2.3,-1.3,-1.9,-2.9,-3.3,-6.2,-1.8,-3.4,-1.5,-0.9,-3.8,-1.4,-4.2,-1.6,-2.1,-2.3,-3.2,-1.7,-3.0,-2.2,-3.3,-2.6,-3.2,-2.9,-4.5,-1.9,-1.9,1.4,-0.7,-2.1,-3.3,-1.6,-5.2,-2.1,-7.5,-1.4,-2.2,-1.8,-2.2,-1.3,-4.7,-2.0,-3.5,-2.6,-4.5,-1.7,-1.7,-2.8,-1.4,-3.0,-1.7,-2.3,-2.7,-0.5,-3.4,-1.0,-2.9,-2.9,-2.1,-4.6,-2.3,-1.9,-2.0,-1.5,-2.9,-2.1,0.5,-2.3,-2.8,-2.1,-4.1,0.7,-2.3,-2.0,-2.7,-2.7,-3.1,-1.6,-2.6,0.0,-0.8,-0.4,-2.9,-2.9,-2.4,-0.6,0.1,-1.0,0.3,0.6,1.0,-0.3,-1.3,1.6,-0.1,-1.4,-0.8,-1.0,-3.2,-1.0,-2.5,-4.1,-5.6,-4.2,-7.0,-6.2,-1.1,-2.4,-5.6,-4.5,-3.0,-3.4,-4.6,-6.5,-2.9,-2.0,-3.0,-0.9,-2.6,-11.7,-1.9,-1.9,-2.8,-4.0,-4.5,-3.7,-3.5,-3.5,-6.2,-5.0,-5.9,-2.8,-0.9,-1.1,-4.4,-2.2,-2.9,-2.1,-2.1,-2.6,-3.3,-3.5,-4.9,-3.6,-2.7,-0.1,-2.8,-1.6,-3.0
2C7L511HC0,0,48.10154,11.636116,4442906.02,2777791.86,536.3,582.0,230,7476,4.7,0.6,0.51,32.68,348.96,-0.53,-0.103,0.842,-0.3,0.2,-0.32,0.35,1.0,0.3,-0.3,-0.7,-0.3,2.6,6.5,1.6,-4.5,-0.1,-1.1,-3.9,3.7,0.2,-4.4,-0.9,4.7,-2.7,-2.1,-0.5,7.6,-0.7,-15.0,-1.9,3.5,-2.9,-6.6,-1.0,-5.3,1.6,-1.1,-1.7,0.4,3.4,-0.3,-4.9,-2.6,-1.0,-5.7,0.6,-0.2,0.5,0.1,-1.6,3.4,-0.0,-3.2,-3.7,-1.0,-1.3,-1.1,-1.2,3.2,-1.3,-6.2,-4.5,-2.1,-2.9,1.1,-5.1,0.0,-1.8,1.2,5.1,1.6,-5.0,-5.2,-1.3,-5.8,-1.8,5.2,-0.3,-2.6,6.7,-5.3,-14.2,-1.2,3.9,1.9,-2.0,-3.1,-10.1,0.9,-3.9,-1.8,-0.4,-0.4,0.8,2.9,4.9,4.5,-0.9,-1.8,-1.7,-4.8,-1.3,-11.7,-3.5,-1.8,-1.6,-5.6,3.8,-2.7,5.4,-6.8,7.3,0.9,-4.9,-7.1,-1.6,0.4,7.3,-3.3,1.7,-3.9,5.0,3.1,5.0,1.6,6.1,4.5,-2.6,-2.2,-2.5,3.9,8.3,-6.9,3.1,4.0,2.1,-0.3,-5.6,-6.2,-7.6,2.5,4.8,-1.5,1.4,-3.5,0.9,-14.4,-1.7,-11.3,3.3,2.6,-5.4,-9.0,-0.2,-2.0,9.0,-13.7,-13.2,13.0,1.4,6.0,-1.4,0.4,-15.1,-1.5,-2.4,2.6,-1.9,-2.1,-0.9,2.0,-2.3,-3.1,-4.5,-2.2,2.6,-6.0,2.7,-1.4,-4.3,-2.0,-8.1,-5.5,0.5,3.4,-14.6,8.8,2.3,4.1,6.3,3.3,-1.4,-0.6,-6.6,-1.1,-2.2,-2.8,-8.8,-6.5,3.1,-4.1,-8.9,-4.0,-5.6,-6.4,-2.4,0.7,-5.8,-0.5,-2.7,-4.2,-3.0,0.2,-3.2,2.7,4.4,-12.5
2C7L511HA8,0,48.10074,11.629747,4442433.48,2777692.55,548.2,593.9,230,7360,3.9,0.69,0.31,32.65,348.96,-0.53,-0.103,0.842,-0.1,0.2,1.13,0.31,0.7,0.3,-0.3,0.3,-1.1,-1.5,-1.2,1.4,-0.4,2.1,4.0,0.6,0.7,0.8,0.5,3.0,2.2,2.1,1.9,1.3,1.6,0.8,3.9,2.2,1.1,3.5,1.7,2.9,0.9,0.2,1.9,0.5,-1.3,-3.7,-4.7,-3.0,-3.1,-0.6,-0.3,2.0,4.5,2.6,3.5,2.6,0.5,1.9,-1.3,3.3,0.1,-0.8,1.7,0.1,2.2,1.1,1.0,-0.2,0.9,3.2,-0.7,1.5,2.8,1.2,0.9,-1.1,2.4,-6.1,0.4,2.2,-0.9,-0.9,2.0,1.0,0.3,-1.3,0.7,-0.7,0.6,1.3,1.7,1.1,2.7,3.1,-0.9,-0.4,-0.6,1.1,3.2,2.3,2.6,2.1,1.3,0.0,0.1,1.3,-1.9,-0.9,1.0,1.2,0.5,0.9,0.8,1.3,2.5,2.9,2.3,4.3,3.8,0.5,1.9,0.9,3.0,3.1,1.9,0.1,0.9,3.0,0.3,2.6,-0.6,-1.5,-1.4,-0.5,2.5,1.0,1.1,2.5,0.1,1.8,5.1,7.5,-1.6,-0.6,-2.7,4.8,-1.3,0.2,-0.0,1.2,-1.3,-3.4,-6.7,2.0,-3.7,0.4,-1.6,-1.9,-0.8,4.5,6.0,-9.2,-9.4,-9.3,-7.0,-2.3,-10.0,-9.7,-8.3,-12.0,-8.5,-12.8,-1.8,-9.6,-8.6,-9.8,-10.7,-13.9,-15.4,6.8,-7.0,6.2,8.4,8.0,6.9,7.4,4.2,-1.7,-2.0,-2.8,-4.4,0.6,4.3,-7.6,3.9,6.4,4.2,3.1,3.6,4.2,1.6,0.4,6.8,7.1,5.8,6.4,5.8,6.8,4.8,10.4,9.4,5.7,3.6,-1.2,-2.0,-0.3,0.1,-0.6,0.8,1.9,1.2,-2.3,0.9
2C7L511HA9,0,48.100714,11.629541,4442418.25,2777689.31,535.5,581.2,230,7361,4.3,0.67,0.44,32.66,348.96,-0.53,-0.103,0.842,-0.6,0.2,-0.59,0.33,0.5,0.3,-0.3,1.3,-0.9,-2.1,0.2,1.5,-0.0,3.5,1.6,1.4,-4.6,1.9,-0.3,-0.2,2.0,0.6,-0.1,0.5,-1.0,-0.2,0.0,-2.9,1.4,-0.3,0.1,1.4,1.6,-0.1,1.5,2.0,-2.2,1.0,-5.7,-4.8,-2.0,-2.8,-0.8,-1.2,0.7,2.1,-2.0,3.6,-0.9,-1.9,2.1,-1.3,-0.3,-2.6,-0.2,3.6,-0.3,4.8,0.2,2.7,-1.9,1.1,1.1,1.2,2.4,1.2,-0.1,3.2,1.3,-1.5,3.1,0.5,0.2,1.1,-1.8,0.1,-1.1,-2.1,-0.9,-3.2,-3.5,1.9,0.1,-1.5,1.4,-0.1,0.3,1.0,-2.1,-1.0,-0.6,0.6,-2.3,1.5,-0.5,1.7,1.0,-0.2,5.3,-2.6,1.2,0.3,-0.1,0.7,1.1,2.6,1.0,-3.2,2.2,0.0,0.9,-1.2,1.0,4.9,-1.0,0.3,-1.6,-1.3,-7.3,-1.0,4.9,3.6,0.5,-3.8,-0.6,0.4,2.6,0.5,2.8,4.1,-0.7,2.3,2.3,9.1,1.8,1.1,-0.0,1.3,4.1,7.5,-2.7,-3.5,-2.1,-3.3,-3.9,3.6,1.1,2.9,1.5,2.1,0.1,5.0,5.4,0.2,-11.0,-10.5,3.5,-5.5,-5.0,-8.0,-0.1,-8.0,-9.3,-5.2,0.4,-2.0,-3.7,-7.9,-0.1,8.2,11.6,4.7,3.6,8.0,11.1,0.1,-11.3,11.6,8.2,-6.0,-6.9,-6.1,-3.1,-9.4,-13.3,8.8,11.3,-15.8,10.6,1.4,3.3,-13.1,3.5,-0.8,6.8,-11.4,-5.7,-3.8,1.8,-13.7,-3.3,-3.3,-2.3,-10.1,0.6,-5.9,-1.3,-1.3,-3.4,0.3,1.0,-0.4,-2.8,-2.2,-5.9
2C7L511HAd,0,48.10097,11.631534,4442566.04,2777720.98,548.1,593.8,230,7391,1.8,0.87,0.26,32.66,348.96,-0.53,-0.103,0.842,-0.6,0.1,-0.42,0.14,2.2,0.1,-0.3,-1.6,1.0,0.3,1.4,1.4,-2.4,1.0,2.8,0.8,2.0,1.4,-2.5,1.1,1.6,-0.4,-1.6,-1.9,-2.0,-3.5,-3.2,-4.1,-2.3,-1.0,-1.6,-1.9,-0.8,-0.5,-2.8,-1.2,-4.6,-6.0,-7.8,-9.5,-5.3,-6.2,-6.4,-1.0,-2.6,-0.7,-2.0,-2.9,-2.3,-2.8,-1.2,-1.2,-3.2,-4.8,-4.9,-1.1,-1.0,-0.2,0.6,-1.1,-1.4,-1.0,-0.6,-1.1,-1.3,0.1,-1.2,0.2,-0.5,-2.6,0.5,-4.3,-7.6,0.0,5.7,1.5,0.7,-0.5,-0.6,-1.3,-0.2,-2.2,-1.4,-1.4,-0.7,-1.4,-1.9,-2.4,-3.2,-3.2,-1.3,-1.4,-2.4,-1.8,-3.3,-4.1,-3.1,-4.7,-5.8,-4.4,-3.3,-4.9,-4.7,-4.3,-1.3,-2.0,-2.9,-4.3,-1.6,-1.3,-1.3,-2.3,-0.8,-1.5,-1.7,-0.4,-0.4,-0.9,-1.0,-1.9,-1.4,-0.6,-3.1,1.7,-1.2,-0.5,0.5,-3.0,0.9,-0.7,-0.7,-1.5,0.4,-5.5,-0.6,-0.7,-4.1,-4.0,-3.0,-1.6,-4.5,-4.0,-6.5,-4.7,-3.6,-2.5,-0.5,-3.4,-4.2,-4.2,-1.4,-2.2,-1.4,-3.7,-0.2,0.4,-0.1,2.9,1.2,1.6,1.6,0.0,-0.5,-1.4,-1.0,0.8,-1.6,-2.2,-4.3,-4.8,-5.2,-7.9,-4.9,-6.8,-10.3,-4.8,-2.8,-5.1,-8.2,-4.8,-4.6,-10.4,-2.5,-1.4,-1.3,-0.7,-1.4,0.8,-1.7,-1.1,-2.1,-1.0,-4.0,-4.7,-5.6,-4.5,-6.5,-6.9,-6.6,-4.5,-7.9,-5.6,-7.0,-6.3,-5.9,-6.8,-6.4,-3.9,-3.3,-2.8,-4.0,-5.8,-3.1,-2.5,-1.7
2C7L511HBc,0,48.101397,11.634859,4442812.72,2777773.91,540.9,586.6,230,7452,2.5,0.81,0.56,32.68,348.96,-0.53,-0.103,0.842,-0.6,0.1,-1.27,0.19,0.2,0.2,-0.3,-0.4,-0.5,-0.3,-0.9,0.5,-1.0,0.3,0.9,-0.2,1.3,0.7,-0.4,1.3,1.2,1.7,1.9,-1.2,0.1,1.3,0.0,0.5,0.9,0.2,1.7,1.5,2.4,0.2,1.5,0.7,0.1,1.6,4.8,4.5,2.5,2.8,5.2,5.4,7.7,6.4,6.9,6.4,0.3,5.3,8.8,4.9,6.9,-0.8,1.4,5.5,3.3,4.6,7.1,7.4,6.3,5.6,6.7,3.5,5.9,5.1,5.8,4.7,7.3,3.0,5.2,-1.7,1.2,4.6,3.5,8.6,5.0,-1.1,2.0,0.7,2.2,3.0,3.6,4.1,3.2,2.5,0.7,3.2,2.8,6.6,5.2,7.5,2.1,9.6,11.6,8.8,6.6,6.2,-0.9,-0.5,2.8,4.6,2.8,1.9,6.7,4.3,-1.4,1.8,3.9,3.4,6.4,4.5,-0.2,3.1,3.2,2.1,2.5,1.8,0.8,5.8,2.6,6.1,3.1,2.4,5.8,4.1,3.1,3.8,3.4,2.7,4.9,7.7,8.0,-0.1,6.2,2.3,5.2,5.6,2.7,1.4,4.6,0.1,3.6,1.9,-1.1,5.1,4.0,-2.2,-1.0,1.1,3.2,3.4,1.1,2.7,4.9,3.9,4.3,3.4,2.5,4.1,2.6,3.4,4.0,3.1,4.4,0.2,0.4,7.0,1.6,2.4,0.8,-2.0,1.8,5.7,0.9,1.0,-1.1,1.5,3.0,-4.3,-2.0,-1.4,1.5,3.0,1.3,-2.4,-0.7,2.5,-0.9,3.1,-0.4,-2.1,0.4,1.0,5.2,5.9,-1.9,-0.4,-3.8,1.1,-3.3,-3.7,-3.5,3.3,-1.5,-0.7,-0.6,-3.4,-1.7,-3.1,-4.0,3.4,-0.5,1.7,4.2
2C7L511HCK,0,48.101709,11.637291,4442993.15,2777812.62,539.3,585.0,230,7496,3.2,0.77,0.42,32.69,348.96,-0.53,-0.103,0.842,-0.1,0.2,-0.44,0.25,0.8,0.2,-0.3,-2.1,4.0,-2.4,-2.2,1.0,3.7,-3.9,-0.4,2.4,-6.1,0.6,2.1,-0.6,2.8,1.3,-1.3,9.9,1.3,-5.1,1.1,-5.2,4.3,-4.2,-2.2,3.4,-0.6,-1.6,-1.7,1.8,0.3,4.0,-3.1,-0.9,-4.5,-7.5,-0.7,0.6,-4.0,0.6,-2.8,1.5,-4.5,-0.6,0.1,-3.4,1.8,-1.6,-1.6,-6.3,-4.0,0.4,-8.1,-6.9,-3.5,-3.9,-2.5,-4.3,-4.8,-4.7,-4.8,-3.0,-1.2,-5.1,-2.2,3.6,-1.8,-1.6,4.3,-3.1,-1.4,-4.7,-1.1,0.0,-0.3,-2.0,3.4,-0.5,-1.0,-0.7,1.2,-3.1,-3.0,-4.2,-6.9,-1.7,5.2,-2.8,-6.3,-2.9,-0.4,-2.1,1.2,-6.5,-2.5,0.3,-3.0,0.3,0.6,2.5,-3.0,0.3,-1.0,-1.1,-0.2,0.3,5.2,-2.8,1.1,-2.8,0.1,3.3,-0.9,1.1,1.1,0.7,-1.0,-4.6,1.5,-2.1,-1.8,-1.8,-1.3,1.8,-2.1,1.2,11.6,-1.7,-0.0,-4.0,-7.0,-1.6,-2.1,13.8,-1.7,-1.3,-4.3,-6.7,-9.8,3.5,0.8,-3.5,0.2,-2.8,1.2,-0.6,2.5,0.7,0.5,-1.2,-0.1,1.0,1.0,1.6,1.1,4.6,1.4,-1.7,-3.7,-0.9,-5.5,-2.7,-4.2,1.1,-5.7,-6.7,-1.0,-2.8,-3.7,-2.0,1.4,3.2,-2.7,-4.3,1.2,0.2,0.5,-0.3,2.0,2.9,-0.0,-2.9,-1.0,-1.9,-0.5,0.0,2.8,0.3,-2.5,2.3,8.7,-2.7,-1.8,-7.4,-4.3,-2.7,-2.3,-8.2,-3.1,-6.5,-1.2,-4.2,-7.5,-3.9,-4.0,-3.0,-5.5,-3.7,-1.7
2C7L511HCh,0,48.101887,11.638676,4443095.91,2777834.66,543.0,588.7,230,7519,4.7,0.55,0.49,32.7,348.96,-0.53,-0.103,0.842,-0.2,0.2,1.68,0.36,1.7,0.3,-0.3,4.2,0.5,3.4,-2.6,-1.5,-2.5,-0.8,-0.4,1.5,-1.1,2.5,-1.5,-2.3,4.4,-4.9,2.6,-0.8,13.5,6.5,2.0,6.7,-2.9,-1.5,-3.7,-2.1,-1.7,-3.8,-9.5,2.0,-8.4,-2.4,-8.2,-7.8,-7.8,-12.3,-4.1,-6.2,-8.4,-3.6,-6.5,-8.2,-3.8,-1.7,-3.5,-11.9,-2.6,-3.1,-7.7,-13.0,-7.7,-7.8,-7.0,-7.3,-3.4,-5.9,-2.8,-2.3,-5.1,-4.1,-3.5,-4.9,-0.9,-10.5,-0.9,-8.0,-5.5,-7.3,-2.7,-5.7,1.5,-1.0,-4.5,-8.2,-9.1,4.9,11.1,-4.6,-8.9,-9.9,-4.2,-4.1,-0.5,-0.5,-3.3,-4.2,-4.6,-7.3,1.1,-0.8,-4.1,-10.0,-3.3,-5.1,-2.9,-4.0,-7.0,-3.8,-4.5,-2.8,-3.2,1.0,-7.8,-5.1,-5.1,-3.9,-15.8,2.0,-3.0,-4.2,-3.5,-1.7,1.3,-2.3,-3.0,-0.4,-1.4,1.9,-0.9,-8.2,-7.5,6.4,-2.0,-3.9,-6.4,-8.3,-5.7,-6.0,-8.1,-4.8,-7.9,-6.2,-9.7,-8.9,-11.7,-13.2,-11.5,-5.3,-8.8,-2.1,-4.2,-8.7,-8.1,-10.7,-14.5,-4.5,-13.2,-4.8,-1.4,-11.4,-14.3,-11.3,-8.9,-2.8,-8.7,-8.7,-6.1,-7.2,-7.6,-8.4,-11.8,-2.1,-6.2,-12.6,6.7,-14.4,-13.3,-16.0,0.2,0.5,-1.0,0.5,-6.5,-9.4,1.3,5.0,-0.5,-2.9,-3.9,-12.0,7.8,-1.3,5.0,7.3,5.5,2.3,-5.5,-7.6,-5.3,1.4,-2.5,-3.6,-2.5,-2.7,-7.0,-8.0,-10.4,6.5,-5.0,-7.5,-1.8,-5.8,-5.7,-4.5,-1.4,-5.8,9.8,-5.4,3.0
2C7L511H9h,0,48.100538,11.628022,4442305.48,2777667.18,539.1,584.8,230,7333,3.9,0.71,0.41,32.65,348.96,-0.529,-0.103,0.842,-0.6,0.2,-0.59,0.3,0.9,0.3,-0.3,0.5,4.8,3.7,-6.1,1.9,1.3,-2.7,-2.6,2.8,0.6,-1.3,0.6,4.5,2.0,-1.5,-0.9,-0.5,-5.8,2.1,4.7,3.3,1.9,9.7,1.9,1.0,2.3,3.6,1.7,-3.6,3.3,-0.6,2.5,-16.7,3.0,2.8,-1.3,0.0,3.8,3.8,-2.9,1.3,4.1,2.4,-1.0,3.2,2.7,2.1,7.7,2.1,4.4,1.7,-0.1,2.4,4.0,-1.0,0.5,0.1,-1.6,1.5,1.6,1.3,3.9,-2.8,0.4,-6.9,3.2,-2.0,3.9,7.8,-0.5,-3.3,1.0,-2.5,-0.2,1.8,2.7,3.5,3.2,1.7,1.4,2.1,2.9,3.7,2.4,-1.3,2.2,6.0,4.6,10.8,7.7,0.9,2.1,6.2,3.3,0.9,-0.7,3.4,8.5,-0.3,1.8,-2.1,1.2,3.5,1.8,-2.4,-4.9,0.2,1.3,-1.0,0.7,3.3,-2.2,-1.6,-6.2,-0.6,1.4,-0.6,-0.9,-4.1,-0.1,0.8,3.0,-1.8,-1.4,2.9,4.1,0.1,2.0,1.4,-4.5,0.2,-2.0,0.2,-10.9,7.6,0.6,-5.9,5.6,-0.0,9.0,-0.4,3.1,-2.6,4.7,-1.8,-7.6,-12.5,-1.4,-0.6,10.4,5.5,0.0,11.4,0.5,-4.4,9.2,-0.6,-1.3,1.4,-2.3,11.3,6.6,-2.2,-1.5,-1.2,2.7,-8.3,0.7,0.6,1.9,-0.9,-0.2,-4.4,-7.7,1.5,-3.4,3.3,1.5,-0.6,-4.0,-3.1,-0.6,4.7,2.2,-0.3,-2.4,-1.3,2.9,3.0,1.4,-3.6,-7.7,1.3,-4.2,5.5,-7.4,-5.4,-4.9,-1.1,1.2,-3.5,-0.2,-8.5,1.0,-2.0,-6.4,-0.4,-4.2
2C7L511HA4,0,48.100721,11.62945,4442411.44,2777689.89,545.1,590.8,230,7356,3.0,0.81,0.4,32.65,348.96,-0.53,-0.103,0.842,-0.5,0.1,0.23,0.23,0.6,0.2,-0.3,-4.6,-1.6,-1.4,-2.7,-0.6,12.4,1.3,-2.3,0.6,-4.0,-0.4,-3.1,0.4,0.7,0.3,-0.1,-1.8,-1.4,-1.6,-0.7,1.1,-1.6,2.1,-4.8,2.4,-0.6,2.3,3.0,-1.2,-3.8,-4.7,-4.8,-4.2,-2.9,0.1,-0.6,1.7,-2.2,-1.3,-2.9,6.1,2.5,6.6,1.2,1.8,0.7,-4.8,1.3,2.9,7.7,1.1,1.2,-0.7,0.6,-0.2,0.6,-2.4,0.9,1.6,1.1,0.8,-2.2,-5.1,-1.8,-4.2,1.0,-1.0,-1.9,-1.1,-0.6,-1.3,1.7,0.9,3.6,-0.7,-1.3,-1.2,-1.8,-1.5,-3.1,1.3,-8.4,3.3,5.2,-10.4,-1.9,-1.7,-2.9,-3.9,1.6,-5.2,-0.1,0.6,0.1,-1.2,2.0,-0.6,1.9,-2.3,2.0,2.2,-0.9,-2.0,-0.7,-3.7,0.6,-0.8,1.9,1.5,-2.1,-0.3,-2.0,0.0,2.8,-1.4,-0.4,-4.1,-1.5,-0.7,-0.1,-8.5,-2.2,-3.4,-1.6,-2.1,0.8,-3.7,2.7,-0.8,1.3,-3.7,1.5,-3.8,2.4,-10.6,-2.7,-1.8,-1.3,1.8,2.2,-1.1,-0.1,0.7,-1.8,-3.3,-2.2,-7.1,3.9,2.8,-1.9,-7.7,-3.3,-1.6,-0.8,-3.8,-0.8,-5.5,-1.6,-4.7,-2.0,-3.3,-3.9,-2.6,-5.2,-3.1,-3.6,-4.2,-6.5,-5.5,-2.9,-1.0,-4.0,-0.6,-7.2,-9.5,-7.5,1.5,-0.8,12.7,-0.6,-0.7,0.4,2.0,0.2,2.0,-1.8,-2.5,-2.4,0.1,-2.6,-2.7,-1.9,-2.3,-5.0,-2.8,-2.8,-4.0,-3.1,-5.9,-1.2,-0.7,-2.3,1.5,0.8,-0.8,-0.1,-1.1,-2.3
2C7L511HA5,0,48.100723,11.629469,4442412.83,2777690.2,543.3,589.0,230,7357,2.7,0.85,0.37,32.65,348.96,-0.53,-0.103,0.842,0.2,0.1,0.38,0.21,0.9,0.2,-0.3,-4.0,-2.7,-0.9,-2.0,-0.6,-5.7,1.1,1.3,2.3,-6.5,1.8,-1.1,2.9,1.1,2.6,3.5,1.7,0.9,-1.4,1.0,-2.1,1.6,0.8,0.8,0.1,0.1,-1.4,-0.2,-2.3,-3.3,-4.2,-3.8,-7.3,-2.1,-2.3,0.1,-1.1,1.1,0.7,-0.5,-2.2,-1.7,-1.1,1.1,1.5,-0.7,-2.8,-0.7,0.3,-1.9,-2.3,0.5,1.2,1.6,0.2,4.5,0.8,0.2,-2.3,-0.2,-2.5,1.4,-3.7,-4.3,6.4,-2.2,-0.7,-0.3,-1.6,-0.2,-1.9,0.4,0.2,-2.0,1.7,0.6,-0.2,-0.7,1.9,-2.0,-1.0,-4.4,-2.1,-1.7,-1.8,-2.7,0.0,-1.0,-2.5,-2.7,-2.9,-2.1,-2.3,1.2,-1.6,-2.3,1.6,-1.4,-1.0,-0.5,-1.1,0.3,0.1,2.0,-2.5,0.3,0.3,-2.4,1.4,-2.4,-0.1,-1.7,-0.3,-3.1,-2.0,-2.2,5.9,-10.1,-2.8,-1.5,-5.2,-3.0,-0.1,1.0,1.6,0.7,-3.8,0.8,-0.0,-3.7,-1.3,-0.3,-3.5,-1.8,-4.5,-2.8,-3.2,0.4,2.9,0.8,1.7,-1.3,-2.8,1.2,0.2,0.1,-2.2,-3.3,-4.7,-2.2,4.0,-2.1,1.3,1.3,0.2,-0.4,-0.3,1.5,0.2,-1.3,-0.1,-1.1,-3.8,-1.9,-3.6,-0.2,-1.5,-1.8,-3.3,0.1,0.4,-0.0,-7.2,1.5,-5.5,11.0,12.0,-0.8,5.7,2.1,-2.0,-0.0,-0.4,-0.0,-0.5,0.7,-1.4,-3.1,-2.9,-1.5,-3.9,-3.0,-1.3,-1.2,-1.2,-3.2,-0.3,-0.4,-2.9,-2.8,-3.2,-0.0,-2.8,2.4,3.0,5.6,14.5,2.3
2C7L511HA6,0,48.100723,11.629465,4442412.52,2777690.14,540.3,586.0,230,7358,3.8,0.63,0.43,32.65,348.96,-0.53,-0.103,0.842,-1.7,0.2,-1.6,0.3,1.7,0.3,-0.3,-4.3,-1.3,-1.1,-2.3,0.1,1.8,1.4,0.5,1.9,-3.2,1.8,4.5,1.7,1.7,3.3,3.6,3.0,2.8,-1.3,4.2,1.6,3.8,1.4,2.9,4.0,2.5,1.2,5.3,0.0,-1.9,-5.1,-5.0,-5.8,-3.7,-0.6,0.3,-0.2,2.9,3.3,-0.4,-1.9,-1.3,0.2,0.2,3.3,1.0,-2.6,-0.5,-1.6,-1.3,-1.8,-3.0,-0.4,-1.1,-1.7,6.1,-1.2,-1.0,-2.7,-1.4,0.5,2.0,-1.9,-3.3,5.8,0.0,-0.9,-1.4,-3.9,-1.5,-1.4,-1.5,-3.6,-3.9,0.0,0.3,-0.1,2.1,1.4,-1.9,-0.5,-0.5,-2.7,1.6,0.7,-1.9,5.8,2.1,-0.5,0.1,-0.4,-2.4,-1.8,4.2,-1.3,1.3,0.7,2.1,1.1,0.6,-2.3,0.7,0.3,3.0,-0.2,0.7,-0.3,-2.5,0.7,-2.3,0.4,-2.1,-1.3,-3.9,-2.8,-3.2,4.2,-8.6,-4.1,-4.0,-6.4,-3.0,-2.8,3.4,-4.6,-1.7,-2.8,2.1,3.4,-2.4,1.0,1.0,-1.0,1.6,1.1,4.2,3.2,2.6,5.0,0.5,4.9,-1.7,-12.6,3.7,-4.2,-1.9,0.6,-1.3,-7.8,2.8,4.2,-0.2,6.4,3.9,-2.8,2.1,-0.0,1.3,4.0,1.4,4.8,4.3,6.4,2.5,-3.2,6.5,2.3,3.9,1.0,5.4,9.3,7.6,-7.5,-14.1,-9.7,-9.9,-9.5,-8.6,-11.3,-11.4,-11.9,-10.6,-13.9,-15.0,-9.0,-10.3,-11.6,-9.3,-7.8,-10.9,-5.3,-5.8,-5.9,-8.5,-3.0,-7.0,-12.2,-13.1,-9.8,-7.8,-8.9,-12.5,-12.6,10.5,-8.4,-14.3,-8.9,-14.5
2C7L511HAE,0,48.100776,11.629876,4442443.05,2777696.69,537.0,582.7,230,7366,3.2,0.81,0.44,32.66,348.96,-0.53,-0.103,0.842,-0.6,0.2,-0.46,0.25,0.9,0.2,-0.3,-1.9,-0.5,-0.9,-2.1,-0.9,2.6,-0.6,-1.2,-0.7,14.2,-1.3,2.4,-2.9,-2.2,-1.6,-0.5,-1.8,-2.1,-4.3,-2.4,-3.3,-3.1,-2.9,-1.3,-1.2,-1.0,-1.3,-3.5,-2.7,-5.8,-6.2,-6.7,-8.6,-3.7,-5.3,-3.7,-2.5,-3.2,-1.1,-4.8,-3.3,-4.6,-4.4,-2.5,-4.4,-2.8,-4.7,-3.7,-0.8,-2.9,-0.9,-0.2,-1.1,-2.3,-3.2,-0.7,-4.9,-2.7,-1.6,-1.7,-1.4,-1.5,-4.9,-0.9,-4.2,-4.4,-3.5,-4.6,-2.8,-4.4,-5.2,-2.8,-8.3,-2.6,-0.7,-2.0,-2.5,-3.5,-2.5,-3.8,-3.3,-3.0,-1.8,-3.7,-2.4,-4.7,-2.7,-2.7,-3.0,-3.2,-5.2,-3.5,-8.3,-2.6,-4.4,-4.0,-3.6,-1.7,-1.1,-1.6,-4.3,-2.7,-4.0,-1.2,-4.7,-3.3,-1.4,-4.7,-3.0,-4.3,-4.1,-3.6,-3.9,-2.2,-3.8,-4.2,-7.0,-2.8,-2.2,-2.6,-6.2,-3.3,-5.5,-4.0,-4.7,2.1,-7.5,-1.0,-1.8,-0.4,-3.1,0.0,-1.7,-0.8,-7.6,-5.2,3.4,-1.9,3.9,8.7,5.8,-3.5,-12.0,3.3,-1.5,-2.7,-7.1,-6.9,-5.5,12.1,1.0,-4.0,2.1,-0.3,2.4,-5.0,-6.3,-5.2,-4.0,-1.1,-2.9,-2.9,-1.0,-2.4,-6.4,-5.5,0.0,-8.1,-9.2,-7.2,-3.0,-3.8,-8.6,-9.5,-3.6,-4.8,-2.1,-2.3,12.8,-1.6,-0.7,-4.8,-5.8,-8.1,-4.2,-2.0,-9.5,-1.6,-0.3,-4.3,-13.4,-7.0,-12.1,-13.3,-7.5,-4.3,-4.6,-5.8,-6.8,-6.9,-7.1,-6.0,-6.6,-6.7,-5.9,-6.4,-4.5,-4.9
2C7L511HBQ,0,48.101336,11.634238,4442766.66,2777766.09,546.1,591.7,230,7440,2.3,0.87,0.38,32.68,348.96,-0.53,-0.103,0.842,-0.3,0.1,-0.14,0.18,0.6,0.2,-0.3,-2.5,0.0,-0.7,1.4,2.8,-1.2,1.1,0.2,-1.3,-4.2,-1.6,1.9,-1.3,1.6,0.4,4.0,-0.5,-1.0,-2.8,1.8,-2.5,-0.5,2.6,-1.2,-3.5,-4.4,1.7,1.1,1.6,-4.4,-4.2,-2.2,-2.0,-6.0,-4.5,-0.7,3.1,0.7,-2.0,-0.8,-2.4,-1.3,2.1,-0.6,-3.0,-3.8,-2.8,-0.8,-2.8,0.4,2.2,4.7,-1.0,1.9,-0.1,-4.5,0.8,3.1,2.8,5.0,-0.1,-4.9,3.2,-2.7,3.6,-0.2,-1.4,2.2,-2.7,-0.8,0.0,-0.2,0.0,-0.5,-1.5,-3.4,-2.8,-3.8,-2.4,-2.9,-2.7,-3.3,-1.1,-2.2,1.0,1.0,-0.3,-1.7,-1.8,-1.5,-2.9,0.5,-1.1,-2.4,0.0,-2.0,0.2,-1.2,0.0,0.5,0.4,-2.8,0.1,-1.3,0.3,1.3,3.2,1.1,1.4,1.1,-0.8,-1.8,0.2,-1.6,0.2,-1.3,0.9,-2.7,1.5,-2.0,-8.8,-1.0,-0.2,-3.9,-1.4,-0.0,0.9,0.6,0.2,-1.8,-0.5,-0.8,-3.0,0.3,-1.8,1.6,0.6,-0.6,-0.0,1.6,-3.7,-2.6,-1.6,-0.7,0.1,-0.9,-1.3,2.9,2.7,1.1,4.7,-2.0,0.2,-0.7,-1.5,-0.7,2.3,-1.7,-0.8,-1.0,-3.2,-3.8,-7.6,-1.4,-2.6,-0.1,-1.4,-2.5,1.5,-1.4,0.1,0.3,-6.8,-3.7,-1.4,-1.0,-2.8,-0.1,-8.3,-0.5,1.5,-0.7,-1.2,-3.1,-1.3,-3.0,-14.0,1.2,0.2,-2.7,-1.8,1.2,0.1,-3.3,-5.4,0.2,-0.6,1.4,0.5,0.6,-0.6,-3.1,-3.8,-3.7,-1.8,-2.2,-0.7,-0.2
2C7L511HBw,0,48.10156,11.635984,4442896.2,2777793.89,541.8,587.5,230,7472,2.9,0.82,0.39,32.68,348.96,-0.53,-0.103,0.842,-0.5,0.1,0.07,0.22,0.4,0.2,-0.3,-0.1,-1.4,0.4,0.1,2.4,0.8,3.8,3.7,1.6,-1.3,1.1,2.7,0.5,1.9,0.6,1.4,1.7,2.1,1.1,-3.2,-5.8,-0.9,-6.9,-0.0,-0.6,-3.5,0.2,-6.6,-0.9,-4.8,0.1,-4.7,-4.5,-3.6,-4.9,-4.4,-1.7,-0.8,-2.0,-3.3,2.3,-5.1,-3.0,-0.6,-0.7,-1.3,-3.6,-2.9,-2.7,-3.9,-1.3,5.3,-1.3,-1.7,-0.4,-0.5,-2.8,-0.2,0.9,1.2,0.6,0.8,-0.6,-0.2,11.3,-8.9,-3.0,0.7,0.1,1.5,-2.2,0.3,-0.4,0.6,0.3,0.9,-1.2,0.9,-0.3,-1.4,0.9,-2.2,-2.6,-0.3,2.0,-3.6,1.2,-3.0,-1.6,0.2,-1.2,-3.5,-8.1,-4.5,-1.6,1.0,-0.9,-0.0,0.6,1.8,2.1,-0.6,-6.0,2.9,0.1,1.9,0.7,3.0,0.1,0.2,0.7,1.7,2.5,1.2,-0.6,-7.5,-5.1,-2.9,-8.3,-2.1,-0.8,-1.7,-2.5,-6.4,-5.8,-3.9,-4.3,-1.7,-2.0,-3.2,1.1,-1.8,-3.3,-4.9,-3.7,0.1,-3.5,0.7,0.5,0.6,3.7,-3.5,-0.0,1.6,-1.4,-0.6,-2.3,-2.8,-6.7,-3.5,-4.9,-3.3,-4.5,-1.8,-1.3,10.8,-1.7,-3.8,0.2,-0.8,-4.9,-2.4,-2.2,-4.1,-4.6,-4.8,1.5,-6.7,2.7,0.4,0.1,-1.1,-8.2,-3.9,-5.4,-2.8,-6.0,-5.2,-4.4,-3.5,-2.3,-0.1,-5.9,-2.4,-1.1,-3.3,-4.3,-2.2,0.4,-1.1,-4.3,-4.6,-2.9,-3.6,-3.2,-0.4,0.9,0.4,-2.3,0.9,-7.3,-3.7,2.2,0.3,-1.1,-4.2,-4.4,-5.5
2C7L511HCJ,0,48.101726,11.637276,4442992.01,2777814.44,541.6,587.3,230,7495,3.7,0.73,0.39,32.69,348.96,-0.53,-0.103,0.842,0.2,0.2,-0.23,0.28,0.5,0.2,-0.3,0.2,-2.6,-3.1,0.8,5.7,12.5,-2.1,-2.9,-1.8,-2.9,-3.4,4.7,-2.3,-0.6,-1.4,-0.2,-2.5,5.8,-0.5,-1.4,-1.4,-1.7,0.1,2.5,-1.0,0.1,3.3,1.1,6.3,-2.0,1.8,-4.6,-3.5,-5.9,-3.8,0.9,-2.1,0.3,1.2,-1.1,4.1,-1.0,-0.9,1.7,1.9,-3.9,-8.6,0.4,-1.2,0.6,-0.2,-0.9,1.1,5.5,4.1,2.8,-1.9,1.6,1.0,-0.3,-0.0,-3.0,-4.4,-1.8,2.2,2.9,0.7,-5.7,4.1,3.6,0.7,5.3,2.6,3.0,5.4,9.4,-0.7,1.1,2.2,7.5,-1.0,-5.4,1.2,-2.6,3.6,-12.2,2.0,2.3,1.3,-2.3,1.6,3.4,10.5,-0.1,4.9,2.5,4.1,3.6,5.7,-0.3,-0.6,1.2,2.6,1.4,1.3,7.2,1.2,3.7,-2.0,-0.7,4.1,1.7,2.8,-0.3,1.1,0.2,-0.3,1.8,1.7,-0.9,-2.8,-2.2,-3.1,0.3,-1.1,0.6,0.7,1.1,-2.6,-2.3,-0.9,-0.7,-1.4,-1.5,2.7,-3.1,0.8,0.9,4.6,4.5,4.4,-3.0,-0.2,-0.6,1.2,8.0,1.7,0.7,1.5,-3.5,9.3,-7.0,-2.3,6.2,1.9,0.6,1.0,0.4,16.2,-1.2,-8.3,-0.8,-0.4,-2.8,-0.9,5.1,1.7,3.0,3.2,4.8,-2.8,-0.1,-2.0,3.2,5.9,1.0,4.1,-0.3,-2.3,2.7,7.3,4.8,8.4,1.2,1.0,-10.4,1.3,-1.5,0.6,-3.8,1.5,5.4,-7.0,-0.9,2.9,0.1,0.2,-1.5,-2.3,6.2,0.0,-0.5,12.2,-1.5,2.5,2.8,1.0,1.0
2C7L511HCO,0,48.101757,11.637521,4443010.21,2777818.35,538.8,584.5,230,7500,3.7,0.72,0.48,32.69,348.96,-0.53,-0.103,0.842,-0.1,0.2,-0.46,0.28,1.4,0.2,-0.3,2.4,-8.9,1.9,-1.2,2.9,3.9,1.4,6.1,6.8,2.4,2.7,4.5,1.8,3.4,3.2,2.2,2.6,-0.7,-2.1,-7.0,1.8,-1.1,0.6,0.2,3.6,4.1,1.2,3.3,3.8,1.4,6.0,-4.5,-2.8,-13.8,-4.9,-2.8,-7.2,-6.0,-2.5,-0.4,-3.2,-1.3,0.1,-7.1,-0.2,-4.2,4.8,-1.9,-4.3,0.7,4.0,0.8,2.1,1.3,-0.5,0.3,-0.4,-0.5,1.5,1.4,-0.9,1.0,-1.5,-0.6,4.3,1.5,2.7,3.5,3.5,2.6,3.4,3.6,4.1,1.6,1.0,-4.1,0.6,0.3,-0.7,-0.1,1.9,2.8,3.3,7.2,-0.3,-3.5,3.7,2.6,1.8,4.4,-0.8,-6.7,-2.2,1.6,3.3,-1.7,0.3,0.4,1.6,0.8,-0.4,2.8,1.6,5.5,-1.5,-0.6,1.1,1.6,0.9,-0.6,0.0,2.6,2.4,2.7,2.0,-2.1,2.0,0.2,-10.3,1.5,-2.1,4.4,11.6,1.5,0.8,4.5,4.3,2.9,1.1,0.2,5.3,-2.8,5.4,2.2,0.3,1.3,-1.0,-2.7,-0.2,3.0,3.7,-2.4,-0.2,-3.6,8.5,-5.1,3.2,12.6,-6.0,3.9,6.5,-2.9,3.1,-6.9,-2.5,7.5,-0.7,1.5,-0.0,1.9,-1.3,-0.5,-1.7,-2.8,-2.7,-3.3,2.2,0.5,2.1,-1.6,2.3,-7.1,-3.2,-0.6,4.6,-3.2,-7.8,6.6,-4.1,-4.8,7.8,-1.0,0.3,-3.9,1.6,2.0,1.7,-2.0,2.8,3.4,-2.3,8.2,-3.0,1.9,3.8,-4.4,2.5,-1.1,6.2,-4.0,-0.1,-15.8,1.5,-2.2,4.7,4.0,-1.7,-3.4
2C7L511HCi,0,48.101916,11.638759,4443102.02,2777838.04,542.7,588.4,230,7520,2.5,0.83,0.38,32.7,348.96,-0.53,-0.103,0.842,-0.8,0.1,-1.16,0.19,1.2,0.2,-0.3,-3.5,-0.1,0.4,2.2,0.4,-1.9,-0.9,1.5,-0.7,-2.2,-0.4,-1.0,-1.0,0.2,2.0,2.5,0.7,4.9,-3.5,0.4,2.3,0.7,0.3,-0.3,-1.7,0.2,0.5,-0.7,-2.2,-0.7,2.8,-9.5,-4.6,-6.5,-6.5,-4.9,-3.9,-1.5,-1.3,-1.3,-1.2,-0.9,-2.7,-3.1,2.3,0.5,3.4,2.9,2.5,2.2,1.5,1.7,-0.6,0.1,-0.3,1.1,9.2,0.2,-0.0,0.3,-0.6,0.8,6.6,-0.8,-1.1,1.2,1.4,2.9,1.9,0.7,0.3,1.6,0.9,-0.2,-0.9,-0.6,1.8,1.7,0.3,-1.2,-0.1,-1.7,1.7,-0.4,1.9,1.2,1.2,-0.4,0.7,-2.1,-2.3,-2.5,0.4,-3.9,-1.3,0.1,0.2,-0.5,1.4,0.7,-0.6,-1.7,0.4,-0.1,0.4,0.5,-0.1,1.8,-0.6,1.8,-2.1,-1.3,-0.1,0.1,-0.8,-0.2,2.2,2.4,-1.3,-2.0,2.3,-2.3,-0.0,0.7,-1.4,-0.6,0.6,0.1,-3.5,-2.9,1.5,-1.3,6.3,-7.0,-2.4,-3.8,-3.4,0.3,4.3,3.3,-3.6,-2.7,-1.1,0.8,0.2,-2.7,10.0,0.7,1.3,1.0,1.5,-2.2,-0.8,2.1,1.5,1.2,1.5,3.2,5.4,0.4,-3.2,-1.4,-3.5,-0.7,-7.3,-3.1,2.5,-5.5,-4.6,-3.6,-3.9,-1.9,-3.0,0.8,-4.1,-0.4,-2.7,-2.2,-3.7,-1.3,-2.5,-0.7,-0.2,-3.7,-2.7,-1.9,-1.0,-2.5,-4.3,-2.9,-7.9,-4.8,-3.6,-3.7,-1.8,0.8,-1.9,-3.7,-9.4,-7.5,-8.0,-10.5,-12.1,-8.9,-4.4,-4.6,-4.5,0.1
2C7L511HCj,0,48.101913,11.638736,4443100.35,2777837.69,538.8,584.5,230,7521,2.7,0.8,0.33,32.7,348.96,-0.53,-0.103,0.842,-0.5,0.1,-0.36,0.21,1.9,0.2,-0.3,-0.2,-2.9,-0.1,-2.4,-2.2,-0.9,1.7,2.9,-0.6,1.3,-1.8,0.6,-0.2,1.8,-0.3,0.7,-1.8,-5.6,-1.8,-5.3,-5.2,-3.2,-2.0,-4.2,-2.3,-4.4,-1.1,1.8,-0.6,0.4,4.8,-9.2,-4.8,-5.9,-5.8,-3.6,-2.0,-1.6,2.9,0.1,-2.8,-0.9,-3.4,-3.3,-2.7,-1.6,1.0,-1.9,1.0,-0.3,-3.9,-0.7,-2.0,-2.3,-3.6,-3.2,-1.8,1.5,-1.8,-1.5,-2.1,-1.6,5.7,-1.8,-0.1,-0.9,-1.4,3.3,-1.6,-0.9,0.6,0.6,-1.0,-2.2,-3.8,-3.6,1.0,0.9,-3.0,-6.1,-1.5,1.9,-0.7,-0.5,-2.0,-3.5,-0.2,-4.6,-4.5,-4.3,-3.5,-5.2,-2.1,-5.6,-4.3,-2.4,-2.1,-1.9,-2.0,-1.0,-2.8,-4.0,-2.5,-1.8,-3.3,-3.3,-2.2,-3.5,-0.3,-1.9,-4.0,-2.5,-2.6,0.5,-1.4,-3.4,-0.1,2.2,1.8,-1.4,2.2,-0.9,0.3,-0.8,-2.4,-5.0,-0.7,-2.2,-4.0,-5.0,-2.6,-6.6,4.5,-6.8,-7.1,-7.4,-7.5,-7.3,-1.2,1.5,2.6,-3.3,-6.0,-3.2,-1.1,2.6,12.1,-1.1,-2.7,-2.1,0.6,-2.9,-3.6,-0.8,-2.1,-1.5,1.5,1.0,2.9,1.5,-4.2,-5.3,-7.0,-13.3,-9.9,-6.1,-1.8,-7.1,-4.4,-5.2,-3.6,-3.4,-3.1,-1.3,-2.8,0.5,-2.7,-0.0,-6.9,0.2,0.0,-0.3,-0.7,-3.0,-3.6,1.0,-4.0,-3.5,-3.3,-3.2,-3.0,-5.6,-5.9,-11.8,-2.4,-7.6,-13.5,-4.0,-10.9,-3.0,-1.9,-6.8,-8.7,-4.9,-2.0,1.3,-4.0,1.7
2C7L511HCk,0,48.101908,11.638697,4443097.47,2777837.08,534.2,579.9,230,7522,3.9,0.66,0.42,32.7,348.96,-0.53,-0.103,0.842,0.3,0.2,-0.58,0.3,2.1,0.3,-0.3,-1.8,-0.7,-0.5,2.8,-0.9,-0.3,0.8,-4.8,-0.9,-11.6,-0.5,0.2,7.0,-0.5,3.4,3.8,2.0,-4.9,0.8,-4.2,-3.6,-3.8,-2.8,-0.5,-1.9,-2.4,-1.3,6.1,7.0,7.1,-17.5,-9.7,-1.5,-8.2,-8.1,-17.5,-5.7,-2.0,-13.1,4.8,-5.6,5.8,-9.3,-4.5,-5.2,-1.7,1.1,-1.2,-1.8,1.0,-2.5,-4.7,-3.3,-4.8,-5.4,-2.5,-1.4,-11.3,-3.1,-1.4,-1.9,-2.9,-0.1,-3.4,2.6,1.1,-1.5,-0.4,-3.7,-0.7,1.3,-1.9,-0.3,-1.9,-4.3,-3.5,-1.0,-5.2,-6.7,-4.0,0.0,3.4,-1.7,1.8,-1.3,-5.2,-2.0,-3.8,-4.2,-1.5,-2.2,-1.3,-1.8,-6.2,-4.0,-3.6,-7.5,-0.7,-1.6,-3.2,-3.2,-2.1,-1.8,-1.6,-2.6,-2.9,0.1,-4.2,7.6,-2.6,-2.6,-2.9,-3.2,5.1,-2.9,-3.9,1.3,5.8,5.2,-5.7,4.5,-2.6,2.2,-1.9,-5.5,-6.4,11.9,0.0,-3.9,-2.9,-1.4,-1.7,2.4,-3.3,-6.4,-4.4,-3.9,-2.2,-1.1,1.5,6.8,-1.4,-3.9,-1.7,4.9,7.5,-0.5,2.9,2.0,-0.0,1.3,-1.7,1.8,1.0,-1.1,4.7,5.9,-3.1,1.7,-0.2,-3.7,-2.5,-4.5,-6.0,-5.0,-3.2,0.3,-3.2,-1.2,-2.7,-1.5,-6.8,-0.1,0.8,2.0,6.1,4.5,5.0,1.4,2.5,1.8,1.5,3.0,-1.9,-1.0,2.3,-3.9,-6.0,-7.5,-3.1,-8.4,-5.8,-7.2,-8.9,-0.2,-2.8,-9.3,-2.8,-6.7,-8.0,-1.6,-4.0,-4.9,-0.4,-3.4,11.5,-1.9,2.8
2C7L511H9J,0,48.100397,11.626785,4442213.64,2777649.53,546.6,592.3,230,7309,2.0,0.86,0.33,32.64,348.96,-0.529,-0.103,0.842,-0.0,0.1,0.25,0.15,2.0,0.1,-0.3,-0.0,-1.4,-0.3,-0.3,-0.4,0.2,-0.5,0.8,-0.7,1.6,-1.3,1.1,1.7,0.7,-3.8,-1.8,-2.4,-4.0,-4.4,-1.2,-3.5,-4.2,-2.9,-3.6,-2.8,-1.5,-2.3,3.3,-2.3,-5.3,-2.7,-8.5,-7.6,-6.8,-4.4,-5.2,-5.8,-2.3,-1.5,-3.6,-4.3,-1.8,-6.6,-1.4,-3.9,-2.9,-2.0,-3.4,-3.2,-4.5,-2.6,0.2,-2.5,-1.3,-3.3,-4.2,-0.8,-3.7,-3.2,-2.2,-2.6,-0.1,-6.6,-2.3,-2.0,-0.2,-1.6,-1.7,0.9,-1.9,-1.3,-2.3,2.6,-1.2,-3.3,-5.2,-3.9,-4.0,-2.4,-6.1,-4.6,-5.8,-3.6,-2.7,-3.1,-5.0,-6.0,-4.4,-4.4,-5.3,-6.3,-7.0,-4.2,-2.3,-6.0,-6.1,-2.5,-5.2,-5.0,-3.6,-3.2,-4.2,-1.4,-3.7,-3.8,-3.3,-2.8,-2.3,-0.5,-2.6,-0.6,-3.1,-0.0,-2.2,-0.7,1.3,0.3,-0.6,1.0,2.0,-2.0,2.2,0.8,-1.3,0.6,-2.2,-1.6,-4.8,-5.5,-7.8,-5.0,-5.5,-6.3,-4.6,-5.9,-6.4,-4.3,-3.0,-2.3,-0.9,-0.8,-3.6,-2.7,-2.4,0.4,1.1,-3.4,-0.8,-0.9,-1.5,1.1,-1.4,-1.7,-1.2,0.5,-2.1,-3.2,-2.7,-2.2,-1.4,-5.2,-8.5,-2.8,-7.5,-7.8,-0.1,-2.4,-11.7,-4.0,-3.2,-1.3,-3.4,-0.9,-3.6,-5.4,-2.0,-1.3,-0.1,-12.1,0.4,0.7,0.3,0.1,-1.8,-1.9,-3.0,0.0,-1.8,-3.2,-4.5,-2.6,-6.3,-2.0,-7.3,-6.3,-2.8,-3.4,-2.6,-2.5,-2.6,-5.0,-3.5,-0.2,0.0,-1.3,-2.8,2.2,0.3
2C7L511H9l,0,48.100591,11.628293,4442325.56,2777673.55,541.8,587.5,230,7337,4.3,0.68,0.45,32.65,348.96,-0.53,-0.103,0.842,-0.0,0.2,-0.1,0.33,0.8,0.3,-0.3,2.0,3.8,0.7,5.4,7.0,3.1,4.4,5.3,11.0,-6.7,4.2,-2.7,2.0,-4.2,-7.2,0.9,-0.1,-1.7,-0.7,0.8,-2.2,-2.4,-0.5,4.5,-0.9,-3.3,-4.4,-10.2,2.9,-8.8,-14.8,-3.1,-19.4,-2.1,-2.4,-2.1,-0.7,-4.3,1.0,-3.4,-2.1,-3.3,-2.7,-0.2,-1.9,0.4,-4.0,-3.2,-3.6,-3.9,-3.0,-1.9,-1.4,0.3,0.1,1.9,-4.7,-16.4,-2.1,-2.2,-0.7,1.8,-5.3,-5.1,-12.7,4.9,-2.9,0.9,-1.3,-0.2,6.0,2.4,-3.4,-3.3,-5.5,-2.6,-1.4,-1.4,-1.3,-5.7,-4.3,-5.2,6.5,-0.6,5.6,-3.0,-1.9,-3.8,-3.8,-2.3,-2.8,-1.6,-0.7,4.7,-3.5,-1.0,-5.5,1.9,-3.0,2.0,-1.7,-2.2,-1.2,-0.4,-1.1,-1.3,0.8,-0.4,0.5,-0.3,-1.0,-1.4,-2.2,-1.7,-0.4,10.8,-12.3,1.2,6.0,-1.6,-1.7,3.0,-3.4,2.9,-11.0,-0.3,-0.4,-4.1,-0.2,0.5,-1.3,-3.2,2.7,2.8,-0.2,-3.3,-0.1,1.2,-2.1,-1.3,3.0,-2.5,-1.0,1.3,0.1,9.9,-3.5,-2.0,-1.7,0.5,2.3,-6.7,2.1,-0.8,3.5,-5.5,-4.9,-1.6,8.8,6.5,1.3,1.5,-1.3,-5.3,-1.4,-2.4,1.3,-9.8,-8.1,-2.7,-0.6,-2.2,-5.5,-3.8,-8.8,-6.6,-13.5,-11.6,-5.3,2.6,1.3,3.6,9.7,0.2,0.0,1.2,-1.7,0.3,-2.6,-5.2,-1.1,-3.0,-0.1,-2.0,-1.2,-1.4,-3.6,4.1,-4.9,-1.2,-0.7,-0.2,0.5,-3.2,-2.7,0.8,-6.4,-2.6
2C7L511HA1,0,48.100728,11.629363,4442404.93,2777690.56,547.9,593.6,230,7353,4.5,0.48,0.49,32.65,348.96,-0.53,-0.103,0.842,-1.3,0.2,-1.86,0.35,4.4,0.3,-0.3,0.4,-2.7,-1.4,-6.2,1.8,2.0,-1.6,-3.5,-7.8,5.9,-3.1,-2.2,4.1,7.3,-0.9,-16.3,-11.1,-9.9,-12.2,-2.6,-4.6,-8.6,-9.5,-5.7,-5.8,-5.3,-5.3,-20.4,-8.1,-11.5,-0.1,-9.9,-9.4,-6.7,-3.2,-5.0,-2.7,0.5,2.0,-5.6,-0.5,2.6,2.1,-2.1,-1.4,-3.0,-8.5,-3.0,-2.5,-1.5,-4.1,3.6,2.6,7.0,5.8,0.1,-11.7,2.5,5.2,4.6,3.1,6.8,5.6,6.6,3.3,2.3,3.4,-16.8,3.1,4.3,0.5,3.7,5.5,5.4,-0.6,5.4,-12.8,1.0,-4.2,-10.8,1.8,-9.1,-4.0,-4.2,-3.6,-5.1,-4.7,-6.5,-4.3,-2.8,-22.5,0.9,-3.2,-6.6,-2.5,-0.5,-0.8,-4.6,-7.3,-2.6,4.5,2.0,-4.0,-1.2,-4.6,-0.0,-3.1,-5.9,-3.1,-0.1,2.0,2.1,2.2,0.6,-1.7,3.0,8.8,1.6,0.7,1.3,5.7,-0.2,-1.0,-2.5,-6.6,-4.9,-6.9,-7.4,-9.7,-18.6,-4.1,-2.8,-3.2,-2.6,-9.7,-8.0,-6.2,-1.3,-7.2,-7.6,-12.2,1.6,-0.6,0.3,0.8,2.9,1.2,2.4,1.0,-1.6,7.7,1.8,-0.5,-1.5,-7.5,-4.2,-6.1,-4.8,0.4,-5.8,-12.1,-5.4,-0.5,-16.6,-6.0,-3.3,-8.5,-8.5,-5.3,-7.9,-5.0,-5.7,-3.7,-6.5,-1.2,-2.0,-1.5,-2.5,4.1,-0.6,-3.3,0.4,-2.3,-1.3,-7.4,-9.0,-5.1,-5.7,-10.5,-13.1,-13.6,-25.7,-9.8,-15.9,-11.5,-6.1,-12.2,-9.6,-14.9,-10.3,-13.1,-10.8,-7.6,-16.9,-11.2,-2.1,-7.0,-4.4
2C7L511HAX,0,48.100943,11.631032,4442528.77,2777717.14,541.1,586.8,230,7385,2.4,0.87,0.4,32.66,348.96,-0.53,-0.103,0.842,-1.1,0.1,-0.04,0.18,0.3,0.2,-0.3,-0.0,-0.4,0.5,-3.7,2.3,2.9,1.8,0.2,-0.3,-2.5,1.1,-1.4,0.6,-0.6,-0.5,1.2,1.0,1.6,-1.4,-0.7,5.6,0.5,0.6,-0.8,2.2,3.2,-1.2,0.2,0.5,-0.4,0.5,-2.5,2.1,-3.8,-2.6,2.6,1.2,-0.6,4.5,0.5,0.4,-2.1,-1.2,-1.3,-2.3,-4.9,0.9,-0.3,-0.3,1.0,3.0,0.6,0.9,0.6,-0.8,0.7,-2.4,-0.7,-0.3,-1.9,-0.2,1.3,-4.0,2.4,-5.3,7.4,-0.4,3.9,-0.5,-0.8,-0.3,-0.1,0.1,-5.6,1.9,0.8,-2.4,-2.0,2.5,0.2,-1.6,-10.5,1.3,-0.3,-1.1,1.2,2.9,-0.1,0.4,-1.4,0.1,0.3,-2.6,1.5,-0.9,-2.3,1.4,4.4,7.2,-0.9,-0.8,2.3,1.6,0.5,-2.2,2.3,-2.7,-6.0,-0.6,-1.3,1.4,0.5,-2.1,-0.8,-1.6,-2.3,1.9,-3.4,-0.9,-0.2,-1.3,-1.4,-1.4,-1.1,1.3,-1.1,-0.3,-0.6,-1.9,0.9,-3.9,-1.6,-1.5,-1.8,-3.1,-11.0,-1.7,-0.9,-1.3,-3.5,-1.6,-1.8,-4.2,-5.8,0.2,-0.5,-5.2,-3.4,-0.6,-1.8,-4.6,-3.7,-3.3,-1.1,-2.3,-4.0,-2.6,-1.5,-2.1,-5.1,-3.4,-8.9,-4.7,-7.7,-5.3,-3.7,-7.2,-3.2,-3.0,0.7,-1.0,-4.4,-9.0,-4.6,-4.6,0.4,-6.9,-2.9,-5.0,-2.4,-0.1,-3.1,-2.1,-5.4,-4.4,-3.6,-1.8,-2.6,-9.2,-7.8,-9.2,-5.3,-5.2,-7.9,-3.6,-4.0,-0.4,-1.0,-2.3,-4.3,-5.7,-4.8,-5.5,-1.8,-2.5,-2.5,-0.3,-4.4
2C7L511HBS,0,48.101368,11.634345,4442774.5,2777769.85,545.9,591.6,230,7442,3.0,0.81,0.44,32.68,348.96,-0.53,-0.103,0.842,-0.7,0.1,0.3,0.23,0.4,0.2,-0.3,-2.3,-0.0,5.0,-2.9,-0.4,-2.3,2.8,-1.8,1.0,12.0,1.4,-3.4,0.7,1.2,-1.8,-3.5,1.6,-6.3,-2.9,0.1,-2.6,-1.0,2.0,1.4,-0.5,1.2,0.4,-1.6,1.7,1.1,5.2,0.2,-0.5,-6.3,-0.3,-2.2,1.4,1.8,0.5,0.1,-1.3,1.9,-0.8,1.2,-2.5,-1.7,0.6,-0.3,-1.1,5.9,0.6,1.8,1.6,1.2,1.3,-0.3,-0.5,-0.7,0.6,-0.8,0.0,1.7,2.9,-0.7,-0.8,-1.3,-1.8,-2.6,-0.8,0.4,1.5,-0.8,1.2,-0.1,-2.4,-0.6,-1.8,-1.0,-0.1,-0.5,-0.5,4.9,-0.6,-0.5,-2.7,-1.6,1.1,-1.2,-2.7,-3.7,-5.9,-1.2,0.4,-1.6,4.1,-3.2,-0.3,2.8,-0.5,0.8,-1.6,1.5,-0.2,-1.3,1.5,1.2,-0.9,1.2,-2.5,-0.5,-0.0,-2.4,-0.9,1.6,-3.2,-1.3,-0.9,-2.5,-0.5,-1.9,1.6,-0.1,-0.7,-2.3,-1.7,-1.1,-4.5,-1.1,-2.7,-2.8,-0.7,-0.9,2.4,-0.6,-1.7,1.1,-0.7,-1.4,2.7,1.6,-6.3,-0.1,-3.7,-3.1,0.9,-1.6,-4.3,-0.1,-0.4,-0.4,-2.1,-4.6,-2.2,-3.0,0.3,-0.7,-0.9,-1.0,-1.8,-2.9,-3.8,-5.1,-1.4,-6.1,-6.4,-0.6,0.3,-8.6,-2.1,-3.3,-3.1,-4.4,-11.9,-8.3,-4.9,-1.9,-5.2,-4.8,9.5,-1.5,-2.7,0.6,-6.5,-3.5,-3.1,-7.5,-9.7,-2.4,7.8,-2.8,-7.6,-0.8,-4.1,-6.2,-5.3,-1.6,-1.1,4.5,6.6,1.3,-2.7,-6.2,9.2,4.7,4.7,-8.0,-1.1,-7.7
2C7L511HBe,0,48.101426,11.634796,4442808.0,2777777.05,534.4,580.1,230,7454,2.4,0.79,0.32,32.68,348.96,-0.53,-0.103,0.842,-1.1,0.1,1.28,0.2,1.0,0.2,-0.3,1.4,-1.0,-1.8,0.0,-1.1,-0.5,-1.1,0.5,-0.8,2.2,-0.3,2.0,-1.3,-0.8,-1.5,-2.0,-2.5,-0.9,-3.7,-4.0,-3.0,-1.8,-0.8,-1.4,-3.0,-0.4,-0.2,0.1,-0.2,-2.2,-3.8,-12.7,-10.9,-13.0,-12.6,-12.9,-7.4,-7.7,-9.0,-7.4,-10.3,-2.7,-11.1,-9.4,-9.6,-10.2,-7.5,-6.8,-11.0,-8.0,-7.9,-7.4,-9.3,-8.2,-9.2,-8.2,-6.1,-7.4,-9.3,-6.8,-7.5,-7.6,-8.7,-8.4,3.0,-5.2,-8.0,-11.0,-6.6,-9.2,-10.6,-10.6,-7.7,-8.0,-8.3,-8.0,-8.9,-9.0,-8.3,-9.7,-9.1,-11.5,-10.2,-11.3,-8.2,-10.9,-8.8,-10.5,-8.7,-9.2,-9.7,-10.6,-7.4,-12.2,-8.3,-10.5,-7.8,-8.1,-6.9,-9.9,-9.5,-9.7,-9.0,-7.5,-8.8,-9.7,-8.3,-8.6,-9.5,-9.0,-8.6,-7.9,-7.9,-8.6,-8.4,-7.2,-9.4,-8.3,-8.3,-9.4,-8.6,-8.5,-7.3,-8.5,-8.0,-7.6,-11.3,-7.5,-9.6,-10.4,-7.8,-6.2,-1.1,-10.8,-9.9,-9.4,-10.2,-10.6,-7.8,-6.3,-8.9,-9.9,-9.8,-10.5,-8.9,-9.0,-7.0,-7.4,-8.5,-9.6,-8.9,-10.9,-8.9,-7.9,-7.9,-7.7,-8.4,-8.3,-8.7,-9.8,-10.4,-11.0,-9.0,-11.6,-10.2,-6.9,-7.8,-11.9,-11.2,-10.6,-10.6,-8.4,-6.5,-22.8,-5.6,-3.4,-6.0,-6.3,-12.4,-7.8,-7.3,-8.0,-10.2,-8.5,-8.9,-8.8,-8.0,-9.2,-8.0,-12.2,-11.8,-11.2,-11.5,-13.8,-12.8,-8.7,-9.6,-11.5,-10.1,-11.3,-10.2,-10.4,-9.2,-8.4,-8.5,-11.2,-10.7,-8.6
2C7L511HCL,0,48.10176,11.637396,4443000.89,2777818.42,542.2,587.8,230,7497,3.2,0.78,0.43,32.69,348.96,-0.53,-0.103,0.842,-0.3,0.2,-0.23,0.24,0.8,0.2,-0.3,0.8,2.4,1.3,0.6,3.2,1.7,3.4,0.6,2.5,-0.1,-0.2,2.1,-3.2,2.9,-0.4,-2.0,-0.9,-1.4,0.5,2.3,1.2,4.6,1.3,-1.7,3.0,2.3,4.2,1.6,5.0,4.5,3.2,-4.3,-1.0,-2.7,-4.4,1.4,3.1,-6.3,-0.0,12.9,5.1,5.1,-1.4,4.0,-0.7,2.3,5.3,-4.2,3.2,-2.6,-1.7,-4.9,-3.9,-4.8,-3.6,-6.3,-1.9,-4.9,-3.9,2.0,-1.8,-1.8,-3.4,0.3,2.8,3.4,-0.1,4.7,0.0,5.3,-1.1,-0.1,2.4,4.9,3.7,3.8,4.9,2.8,1.0,3.4,1.5,4.6,0.8,-0.9,-0.1,1.0,8.1,-3.7,2.6,0.1,-0.7,9.7,2.7,0.1,0.0,-0.5,2.5,4.8,1.6,0.1,0.7,1.0,-0.2,4.2,1.9,0.6,0.2,1.0,0.1,2.7,-4.9,-0.1,2.8,1.1,-7.1,0.6,-3.9,-0.0,-2.6,-1.6,-1.2,1.6,-3.5,-2.5,0.2,0.5,0.6,2.5,4.0,3.2,1.4,1.9,2.5,-1.7,-2.9,-3.6,15.9,10.5,4.7,-0.7,2.1,-0.1,1.4,-0.4,-1.7,2.1,-0.1,0.6,-3.8,-2.0,1.6,-0.9,-1.0,-0.5,3.2,3.8,-3.1,0.4,-0.1,0.3,-0.4,-3.5,1.4,-4.2,-0.5,-0.3,0.2,-3.4,-1.6,0.2,0.3,0.0,-2.6,-0.7,1.2,-1.5,4.6,1.8,3.3,2.1,-3.8,1.0,0.3,-0.7,1.1,-0.6,1.7,0.8,-2.2,2.8,-2.9,6.2,-7.2,-0.3,-2.9,-5.0,-9.1,-0.6,-4.9,1.7,-2.9,5.1,-0.5,-0.4,2.7,-2.0,-2.0,2.2
2C7L511HCM,0,48.101765,11.637436,4443003.83,2777819.05,540.4,586.1,230,7498,4.2,0.66,0.49,32.69,348.96,-0.53,-0.103,0.842,-0.1,0.2,0.22,0.32,0.8,0.3,-0.3,3.6,-3.8,1.2,0.2,0.8,0.3,1.4,-0.4,-0.5,-0.8,1.4,-1.5,2.3,1.8,-0.7,-4.1,2.6,-1.2,-4.3,-6.9,-3.0,-1.2,1.3,-6.8,3.1,0.0,-2.6,4.2,-0.9,-6.0,2.5,-9.8,-4.5,-11.0,-7.6,-6.6,0.3,-4.4,7.7,0.8,-4.8,-0.7,-3.7,15.9,-0.2,-2.3,4.6,2.9,2.1,-3.9,-1.3,-2.8,-0.5,14.2,-7.5,12.3,-1.2,-4.2,-0.9,-0.1,3.1,-1.4,-6.6,-9.4,4.6,0.2,-1.2,5.4,-1.9,-3.9,0.8,-2.9,-7.2,-6.3,-0.4,0.8,-3.7,6.8,1.6,-0.6,1.5,-4.5,-6.5,-1.6,1.1,0.9,1.8,8.8,-5.1,-4.4,-2.4,-4.9,-4.3,-0.5,-0.0,-3.7,6.6,-0.4,1.2,-0.7,1.6,0.1,1.7,6.3,2.2,4.3,-0.5,2.1,-1.6,2.6,1.7,-2.8,-4.6,-4.0,-4.0,-3.8,-3.8,0.6,-4.9,-7.4,7.0,-9.2,-0.9,3.8,0.0,-1.5,-3.7,-7.7,-6.9,-1.5,1.8,-1.3,-0.7,-0.4,2.9,-0.8,-8.2,-9.5,4.5,-0.4,1.8,-2.0,7.2,0.2,-4.8,1.9,-5.9,1.1,1.0,-3.0,-1.6,0.3,1.0,0.6,0.7,-1.0,-5.4,-6.9,-0.5,0.4,-8.4,-1.9,0.6,-4.0,-7.5,-1.5,-1.5,-5.9,1.0,-5.8,-1.9,0.1,-1.3,2.2,-1.4,-1.9,-2.4,-0.4,0.6,-1.1,-0.8,-0.6,1.2,0.9,-0.6,-2.6,0.4,1.8,2.9,0.4,-4.5,3.8,-4.2,-8.9,4.3,3.2,-9.9,-0.7,8.8,2.0,0.2,1.5,0.3,-3.3,-5.6,-3.7,-9.0,9.1
2C7L511YCO,0,48.100439,11.626963,4442226.81,2777654.43,545.9,591.6,231,7312,3.9,0.62,0.49,32.64,348.96,-0.529,-0.103,0.842,-0.5,0.2,0.0,0.3,3.3,0.3,-0.3,-5.2,-3.4,-2.9,-0.4,-2.7,2.0,-2.0,4.7,2.8,4.3,1.0,0.7,5.5,3.2,-3.2,-3.0,-0.7,-1.0,-2.0,1.3,-2.5,-1.1,-1.4,-0.3,-2.7,-9.7,-1.0,-1.0,-2.0,-7.4,-1.4,-6.3,-7.5,-4.7,-1.9,-3.0,-1.8,-0.2,-4.0,-7.3,-2.2,-1.9,-2.8,-3.2,5.3,-2.4,-3.0,2.3,-1.3,2.3,3.2,-1.8,-2.3,-2.4,-3.1,3.0,0.0,7.7,-10.1,5.3,2.6,7.4,-11.9,2.4,6.9,13.9,0.1,-1.8,-2.5,4.2,2.9,0.9,12.3,3.4,0.4,-4.9,2.5,-1.5,-3.1,1.0,0.5,-4.3,-1.5,-2.3,0.2,-5.4,-4.5,0.9,-2.4,2.1,-3.2,-8.5,-1.0,1.0,-5.1,-7.0,-5.6,-5.5,-7.0,-2.6,-10.4,-12.1,-4.1,-4.8,-5.8,-6.6,-3.8,-1.5,0.4,-0.0,0.2,-3.8,-1.3,0.5,4.8,6.1,-3.2,-0.0,-0.6,-9.6,-2.4,2.1,1.4,5.8,-0.7,0.7,-0.9,-5.2,-3.1,-5.9,-5.3,-5.8,1.3,-5.5,-8.8,-6.7,-1.3,-5.7,-2.7,-6.0,-6.0,-8.7,-5.0,-12.3,6.7,-15.0,-7.1,-3.7,5.0,5.3,1.7,-6.1,9.2,6.1,-3.7,3.9,1.0,-0.3,4.9,-1.8,-5.7,-7.1,-6.0,-8.8,-7.2,-1.2,-10.1,-10.8,-3.4,-8.5,-2.8,-5.1,-3.8,-4.5,-3.2,-10.3,3.4,-2.4,12.2,0.2,-2.7,-2.4,0.2,-0.9,-3.4,-1.5,0.2,-2.4,-5.9,-3.0,-8.9,-5.6,-6.8,-10.9,-7.8,-5.9,-1.8,-7.0,-4.2,-0.5,-0.9,-1.6,-6.1,-1.8,-1.0,0.9,-3.3,1.3
2C7L511YCf,0,48.100552,11.627843,4442292.13,2777668.45,541.1,586.8,231,7329,2.7,0.83,0.41,32.65,348.96,-0.529,-0.103,0.842,-0.7,0.1,0.43,0.2,0.9,0.2,-0.3,-4.2,-1.4,-2.4,-1.9,2.3,-2.2,0.7,0.5,-0.3,-3.1,1.0,-2.1,5.0,1.2,-1.7,-4.1,-3.9,8.8,-1.0,0.9,0.3,0.8,-0.7,1.4,1.0,1.8,-0.2,-2.5,-0.1,-4.4,-1.1,-12.4,-11.2,-4.1,-4.6,-2.6,-4.0,-2.8,-0.0,0.9,-1.0,0.4,0.4,-1.4,-3.0,-0.3,-3.3,-0.6,0.3,-0.1,-2.6,5.5,-3.7,-4.8,-3.1,-2.2,0.6,-3.7,-1.5,-4.8,1.2,-2.9,0.2,-3.4,-1.6,0.0,-5.2,-5.2,-4.8,-4.5,-5.9,-6.6,-4.9,-7.1,-8.1,-5.3,-4.2,-4.8,-2.7,-2.2,-1.9,-3.0,-2.0,-1.8,-2.2,-1.9,-2.0,-4.5,-3.7,-1.8,-2.8,-3.1,-4.5,0.1,-1.0,-1.8,-1.8,-3.2,-1.0,0.9,-0.8,-1.2,-3.9,-1.3,-3.0,-2.2,-0.1,-1.8,0.8,-1.9,-0.2,-1.1,-0.7,-0.6,-0.1,-3.9,-4.1,-6.5,-1.6,-3.2,-2.1,-4.6,-5.0,-3.2,-3.2,-5.5,-3.9,-0.6,-1.7,-1.8,-7.4,-2.0,-4.3,-1.6,-6.1,-5.7,-4.7,-0.3,-0.9,-0.9,-1.6,-4.8,-5.0,-3.3,-3.4,-1.5,-1.3,-2.5,-2.5,-1.9,-4.7,-7.1,-5.8,-4.2,-5.8,-4.9,-5.5,-4.5,-4.0,-4.7,-6.3,-7.9,-2.0,-2.8,-7.8,0.2,1.7,-2.9,-1.2,-4.3,-5.4,-4.0,-4.1,-4.4,-4.9,-4.3,-2.7,-2.6,-3.1,-0.4,-7.5,-1.5,-3.4,-2.9,-4.6,-7.1,-7.1,-5.2,0.5,-1.5,-12.0,-13.7,-3.6,-11.1,-0.3,-0.4,-9.0,-4.5,-3.8,-8.9,-5.2,-4.1,-1.7,-1.5,0.1,0.0,2.2,-2.2
2C7L511YDI,0,48.100853,11.630193,4442466.44,2777705.83,547.6,593.3,231,7368,2.0,0.91,0.55,32.66,348.96,-0.53,-0.103,0.842,-0.2,0.1,0.18,0.16,0.4,0.1,-0.3,-0.7,0.1,-1.0,-0.5,-0.0,-0.4,1.9,-0.0,1.2,1.6,-0.2,0.4,-0.2,-1.9,-0.1,-2.0,0.1,-0.6,-1.4,0.3,-1.8,-0.6,-0.4,1.0,1.6,0.1,-0.2,0.3,1.6,-4.5,-4.6,-3.7,-4.4,-2.2,-1.9,-1.5,0.1,-0.1,1.5,-0.8,0.4,-0.0,1.2,1.0,0.9,0.2,-2.2,-0.0,0.2,1.0,0.6,-0.1,0.4,-0.4,-1.3,0.1,-0.1,-0.2,-0.1,-0.3,-0.4,-0.9,0.6,-0.1,-0.3,0.3,-2.0,0.3,-0.2,-1.3,-2.1,-0.8,-4.2,-2.8,-2.1,-1.2,-1.5,-1.7,-1.0,-0.8,-0.2,-1.1,-2.4,-0.2,1.5,-0.9,0.3,1.3,-1.0,0.7,-0.4,-1.1,-2.4,0.4,-1.3,-1.0,-0.5,2.3,1.5,-1.3,-2.6,-0.3,1.0,0.5,-1.3,0.4,-0.3,-1.5,-0.5,-1.3,-2.2,-2.2,-2.2,0.8,-3.5,-1.1,-1.1,-3.1,2.0,-1.8,-1.1,-1.1,0.7,-2.4,-1.6,-3.1,-0.7,-0.8,-0.1,-2.9,-4.2,-0.8,-1.5,-1.1,-2.3,-3.4,-0.7,1.3,1.0,1.9,0.8,-2.2,5.1,3.6,-5.6,9.0,-0.3,-0.8,0.7,-12.6,-3.9,-6.2,-2.2,-0.7,1.3,-4.9,1.0,-1.2,4.0,-0.5,-1.3,1.0,-1.0,-7.0,-3.5,0.2,-1.0,-4.1,0.7,1.4,-0.4,-2.3,-3.9,-2.5,-0.8,-7.8,0.1,-0.9,2.3,-0.9,0.1,-1.1,0.2,0.2,0.6,-1.1,-1.5,-0.3,-0.3,-5.6,-2.2,-2.1,-0.9,-3.5,-2.4,-0.1,0.2,0.6,-0.5,-0.7,2.1,-2.0,-1.1,-2.0,1.6,-0.4,-0.9,-1.5
2C7L511YDJ,0,48.100855,11.630204,4442467.29,2777706.02,545.4,591.1,231,7369,1.4,0.95,0.19,32.66,348.96,-0.53,-0.103,0.842,-0.4,0.1,-0.14,0.11,0.5,0.1,-0.3,-1.2,-1.0,-0.0,-0.8,0.1,-0.9,0.8,-0.1,0.0,1.6,-0.1,0.5,0.7,-0.2,-0.1,-0.1,-0.1,-1.4,-1.3,-0.5,-1.6,-1.1,-0.4,0.8,0.9,-0.0,-0.2,0.3,0.3,-3.3,-3.8,-5.0,-4.7,-3.4,-2.3,-2.4,0.2,-1.0,0.9,-0.8,0.4,-0.6,0.1,-0.7,0.3,-0.8,-1.5,-2.2,-0.5,-0.1,-0.2,0.5,-0.1,-0.4,-0.2,-0.7,0.1,-1.8,-0.1,-0.7,-1.2,-0.7,-0.7,-0.7,-0.7,0.4,-1.3,-0.8,-0.8,-0.7,-2.4,-1.3,-2.1,-1.1,-0.5,-0.9,-0.6,-0.7,-0.6,-2.0,-0.9,-1.5,-0.9,-0.5,-0.8,-1.5,-0.8,-1.2,-2.0,-1.1,-1.9,-2.2,-3.1,-0.7,-3.1,-1.3,-1.3,0.6,-0.5,-1.1,-1.7,-0.3,0.1,0.2,-0.9,0.1,-0.5,-1.2,-0.8,-0.4,-1.4,-0.3,-1.6,0.0,-1.0,-1.1,-1.1,-1.6,-0.5,-0.0,-0.6,-1.7,-0.4,-1.0,-1.4,-1.0,-0.7,0.2,-0.7,-2.5,-2.7,-3.1,-1.7,-2.3,-3.9,-3.5,-1.9,-0.3,0.3,0.7,-0.5,2.0,6.0,4.5,-3.3,-0.3,-1.0,-0.4,-0.2,-2.6,-1.8,-2.3,-2.7,-1.9,-1.0,-1.8,-0.1,-1.7,2.5,-0.2,-1.5,-0.9,-3.5,-4.5,-4.6,-1.9,-2.7,-5.0,-0.7,-0.1,-1.2,-2.5,-4.1,-3.3,-2.2,-8.6,-2.1,-2.2,5.2,-2.2,-2.3,-2.0,-1.4,-0.6,-2.2,-1.6,-2.3,-0.6,-1.1,-4.8,-2.6,-1.7,-1.8,-4.2,-2.5,-2.6,-2.8,-2.3,-2.3,-2.9,-1.4,-2.2,-2.2,-1.9,-0.9,-2.5,-2.9,-2.8
2C7L511YDK,0,48.100854,11.6302,4442466.94,2777705.95,542.4,588.1,231,7370,2.8,0.83,0.4,32.66,348.96,-0.53,-0.103,0.842,-0.2,0.1,0.02,0.22,0.6,0.2,-0.3,1.5,-1.8,-2.1,-0.1,0.4,-1.2,-2.3,-1.9,-0.2,3.1,1.2,1.3,-1.3,0.1,-2.6,-1.6,0.4,-3.5,-1.7,2.3,-2.2,-3.4,1.1,-0.0,2.1,-1.7,-1.0,-1.2,3.7,-2.2,-6.0,-3.1,-4.0,-5.1,0.3,-6.5,-0.9,-0.4,1.9,1.5,-1.9,1.6,-1.2,-2.3,-3.6,0.4,1.5,-4.3,-0.2,-0.6,0.1,-0.9,-2.7,-1.2,-0.3,-0.6,1.9,-3.8,-3.7,-2.7,-0.3,-1.2,5.7,-1.4,-3.1,1.2,-0.8,-6.9,-3.0,-1.0,-3.1,-3.7,-5.3,-2.9,-2.1,-2.1,-2.2,-4.4,-2.8,-3.1,-3.9,-3.4,1.4,-4.4,-9.4,-4.6,-0.4,-1.1,-2.9,-3.1,-2.8,0.6,-1.4,1.3,-6.4,3.3,1.6,-5.4,-0.1,-1.0,0.5,-0.8,2.5,1.8,-2.9,2.5,-1.7,1.2,1.3,5.2,-3.2,-1.1,2.1,-3.0,-4.5,-0.0,-1.8,-2.4,0.5,0.9,1.4,-1.8,1.9,-4.4,-4.7,-1.2,-1.2,-3.6,-4.7,-4.8,-1.9,-3.0,-1.5,-2.0,-4.1,-5.2,-2.7,-1.9,0.9,2.5,-0.0,-0.5,-14.9,2.3,11.9,5.5,-5.9,-1.2,0.7,-2.9,-0.5,-0.5,-0.4,-0.8,-1.4,0.5,2.3,0.6,2.6,1.2,-0.5,1.2,-7.6,-3.2,-3.3,-0.8,-4.5,-4.7,1.9,-2.7,-0.2,-4.6,-4.2,-3.3,-0.6,-7.9,0.4,-1.4,-11.0,-2.0,-3.8,-0.7,-0.2,-1.5,-3.2,-3.0,-2.2,-2.3,-1.4,-1.6,1.7,-1.4,-1.0,-4.4,-1.2,2.6,-4.0,-3.1,-2.3,-3.4,1.3,-3.2,-0.8,0.4,-2.0,-3.1,-2.8,-3.4
2C7L511YDY,0,48.100968,11.631089,4442532.92,2777720.09,546.9,592.6,231,7384,2.5,0.85,0.47,32.66,348.96,-0.53,-0.103,0.842,-1.0,0.1,-0.34,0.19,0.4,0.2,-0.3,0.0,-1.1,1.9,0.7,1.8,1.1,2.6,0.6,-3.5,-0.6,2.0,1.3,-0.2,2.5,-1.2,2.5,3.1,2.7,-6.6,-1.8,-4.3,-4.5,-1.4,-1.5,-2.4,7.5,-0.2,-2.2,-0.3,-0.5,-4.9,-5.3,-2.9,-2.3,-2.2,-2.1,4.2,0.8,-1.5,6.2,-0.4,-2.1,-0.3,-0.1,-1.0,-1.6,-2.5,0.2,-1.2,1.9,-0.8,1.6,-0.9,1.2,0.5,-0.1,0.7,1.4,0.5,-1.0,0.5,2.9,-5.1,-1.9,-2.6,3.1,-1.7,-4.6,0.3,-0.4,-0.4,1.7,-0.8,1.4,1.6,-3.5,1.4,2.2,4.3,7.2,-0.7,1.0,0.5,-0.2,-2.2,-4.2,0.8,-0.2,-5.7,-2.9,-2.8,-3.2,-2.0,0.1,-2.3,0.6,-2.5,8.4,0.6,-1.3,1.5,1.8,2.9,0.8,0.7,0.1,0.4,-1.1,-0.5,-0.7,-0.1,-1.2,0.2,-1.9,-0.7,-1.0,-0.6,-4.4,-0.8,3.5,-4.5,-0.3,-0.1,-0.6,2.5,3.7,-1.3,-0.8,-1.9,-2.4,-1.9,-4.3,-3.3,-5.5,-3.2,-4.6,-4.3,-2.2,0.8,-1.8,-0.3,-0.2,-3.4,-1.2,1.6,-1.8,-2.1,-4.6,-2.1,-3.2,-1.2,-1.3,-2.2,-2.2,-3.6,-2.4,-2.7,-2.2,-4.9,-6.3,-4.0,-7.9,-0.8,0.3,-5.0,-1.7,-5.4,-4.6,-3.2,-1.5,-0.4,-1.3,-5.4,-3.7,-2.1,-0.3,-2.4,-4.2,-2.6,-6.8,-5.1,-2.6,-5.0,-5.4,-5.6,-3.3,-4.6,-3.0,3.7,2.6,-0.9,0.8,-12.2,0.1,-8.8,-5.4,-1.9,-3.4,-4.3,-6.7,-4.5,-7.6,-4.3,-3.6,-3.8,-4.8,-2.1,-6.5
2C7L511YDk,0,48.101047,11.631697,4442578.0,2777729.77,543.5,589.2,231,7396,2.3,0.86,0.38,32.66,348.96,-0.53,-0.103,0.842,-0.5,0.1,-0.42,0.17,1.2,0.2,-0.3,-0.0,-0.6,2.1,-1.3,0.3,-0.5,-0.8,0.0,0.3,0.2,0.4,1.0,1.7,0.9,1.2,1.8,0.9,-0.7,-1.2,0.2,-0.5,-0.6,0.3,0.1,1.4,0.2,1.1,3.6,-1.8,-0.6,-3.5,-5.9,-1.6,-3.1,-6.9,-2.8,1.5,0.5,1.3,0.6,2.0,1.0,-2.0,-1.7,-2.6,-2.3,-1.3,-0.6,0.2,-1.7,-0.4,0.5,-1.1,0.5,0.5,-0.7,-3.4,-0.5,-0.8,-0.6,-1.7,-0.8,-6.2,1.5,-1.8,-2.5,-2.3,-3.2,-1.3,-0.8,-1.8,-0.8,3.8,3.5,1.7,1.5,-0.5,1.0,-0.6,-1.1,1.0,0.2,-1.9,1.3,2.9,-1.9,-0.5,-3.2,-4.7,-2.0,-2.0,-5.1,-1.4,-1.3,-2.7,-1.1,-5.3,0.8,-1.0,-5.8,-4.9,2.6,0.2,3.2,-0.1,0.5,1.0,0.3,0.5,-2.0,-1.2,-1.9,1.8,-0.8,1.6,-0.8,1.2,0.8,0.5,2.8,-1.1,2.0,0.3,1.4,2.7,2.6,-1.8,0.4,-1.5,-1.0,-4.7,-0.5,-0.9,-2.1,-4.3,-5.2,-3.4,-3.0,1.3,-1.1,-1.0,-3.1,-6.2,-2.0,0.2,-0.3,-7.7,1.7,-0.4,-2.0,-0.0,-2.8,1.2,0.3,3.0,-1.9,3.1,0.3,0.3,1.0,-1.3,-0.9,0.3,-3.5,-3.7,-1.0,1.0,-6.2,-1.6,0.6,-1.3,-4.6,-5.7,-7.5,-3.4,-2.7,1.3,-1.9,-2.3,1.1,-0.1,-1.4,-0.2,-0.2,-2.1,1.8,-1.2,0.4,-0.3,-0.2,-6.3,-3.3,-3.8,-3.9,0.5,-6.7,-4.1,-0.0,-8.1,-3.0,-7.7,-8.1,-2.5,-15.0,1.2,-4.1,-0.4,0.1
2C7L511YEv,0,48.101589,11.635919,4442891.27,2777796.97,545.9,591.6,231,7469,3.9,0.7,0.47,32.68,348.96,-0.53,-0.103,0.842,0.0,0.2,-0.66,0.3,0.5,0.3,-0.3,6.3,-1.2,0.6,1.3,-2.7,-2.1,1.7,1.5,1.4,7.8,-0.7,-10.2,1.8,1.3,4.7,1.6,0.7,3.0,-10.0,5.4,2.8,1.8,-4.3,-2.0,-1.2,0.5,16.0,-0.4,3.8,8.3,-2.1,3.9,-2.5,-0.7,-11.5,1.4,5.1,3.8,0.2,5.3,9.5,4.6,-6.3,2.4,4.8,5.9,-10.7,10.1,8.0,5.2,8.3,2.2,-0.6,-0.5,-0.0,6.0,2.2,10.0,6.6,-7.4,10.8,8.7,7.7,3.0,0.8,5.5,2.1,2.3,2.2,4.0,3.4,7.2,2.6,4.7,5.9,6.2,3.5,3.7,2.8,4.5,4.3,3.5,4.3,-3.3,5.2,1.8,1.3,3.8,5.6,6.8,0.1,1.3,1.5,1.3,5.6,1.8,2.8,10.4,6.3,4.7,9.0,5.4,6.7,2.5,15.3,5.5,9.2,6.6,3.1,4.1,3.6,5.2,9.8,5.7,5.7,7.0,4.7,1.6,0.2,0.9,1.2,3.7,2.6,1.4,3.3,4.7,2.4,3.3,2.5,7.3,5.7,2.0,5.4,3.2,-2.7,1.4,4.2,1.1,5.1,4.9,-0.6,-3.7,3.0,0.8,6.2,2.4,2.7,1.3,1.8,-3.5,-0.6,1.6,-0.8,2.0,3.9,3.1,1.5,6.0,4.5,-1.4,1.3,-2.2,4.7,0.5,-2.2,0.5,0.5,-2.7,-0.6,6.4,4.9,5.1,2.8,-0.3,-0.7,14.4,1.0,0.5,10.3,0.0,0.5,3.1,4.3,1.8,1.4,2.4,1.8,3.2,1.2,3.0,3.6,4.1,10.4,7.3,-6.5,2.0,6.2,6.4,2.6,0.7,2.1,3.3,6.3,0.3,4.3,-0.3,1.3,3.0
2C7L511YEw,0,48.101571,11.635782,4442881.12,2777794.81,536.5,582.2,231,7470,1.7,0.93,0.3,32.68,348.96,-0.53,-0.103,0.842,-0.5,0.1,0.06,0.13,0.3,0.1,-0.3,3.8,-1.1,-0.3,3.5,3.8,-1.8,1.4,0.5,2.6,-2.3,-0.7,-0.0,0.8,-4.8,0.1,-0.3,2.8,0.0,2.1,-1.9,1.6,0.8,-0.4,-2.4,-4.5,0.2,-1.8,-3.7,-0.6,2.9,-0.8,-4.4,-5.7,-5.6,-4.5,-5.0,0.3,-2.3,-1.6,-1.3,-0.6,-3.5,-3.1,-2.2,-1.8,-1.1,-1.3,-1.7,-2.2,-2.0,-1.8,-1.1,-0.7,-3.1,-2.7,-1.3,-3.2,-1.4,0.4,-0.0,0.3,-3.1,-1.6,-1.9,-4.1,-4.9,-2.4,-1.4,-3.7,-2.5,-3.0,-1.0,-1.7,0.1,-1.3,-1.4,-1.0,-1.9,-2.7,-0.1,-2.2,-1.3,-0.6,-3.7,-0.7,-0.5,0.1,-1.8,-1.0,-1.2,-1.9,-1.8,-3.8,-3.9,-1.9,-2.4,-0.1,0.2,1.2,-2.9,-1.3,-0.3,-0.3,1.2,0.3,0.3,0.5,-0.4,-1.2,-0.2,-2.5,-1.1,0.7,-1.0,-0.6,-3.2,-1.6,-1.6,-2.5,-2.3,-2.3,-2.0,-2.0,-1.8,-2.3,-1.2,-2.1,-0.9,-2.9,-2.3,-0.8,-2.3,-0.8,-1.9,-4.8,-3.8,-3.0,-2.4,0.8,-0.6,-3.7,-2.2,-2.1,-2.8,-2.2,-1.6,-0.7,-1.3,-1.2,-3.8,-2.8,-1.4,-2.5,-1.1,-1.8,-3.0,-0.9,-1.9,0.9,-1.5,-1.6,-5.1,-5.9,-4.8,-4.5,-3.7,-1.7,-6.8,0.1,1.2,-1.0,-3.8,-5.3,-4.0,-6.3,-2.0,-3.2,-1.8,-5.3,-4.2,-1.7,-2.1,-1.9,-2.4,-3.1,-1.7,-3.0,-2.2,-2.9,-2.1,-5.2,-0.9,-5.5,-5.1,-3.4,-2.0,-1.1,0.4,-3.1,-3.8,-4.3,-4.2,-2.5,-4.1,-1.8,-3.1,-3.3,-4.2
2C7L511YCI,0,48.100394,11.626469,4442190.09,2777648.64,538.5,584.2,231,7306,3.6,0.68,0.45,32.64,348.96,-0.529,-0.103,0.842,-0.7,0.2,-0.45,0.27,2.4,0.2,-0.3,-0.1,0.9,-7.8,-3.1,0.7,0.2,-3.8,-0.1,2.4,0.8,2.5,1.7,3.7,2.4,1.9,-0.7,0.6,-1.6,-2.3,0.6,4.5,8.4,10.2,6.3,9.2,13.4,7.8,6.8,0.3,-1.0,-4.9,8.3,-2.4,3.8,10.8,-6.1,2.2,2.9,9.2,2.7,1.7,3.4,1.1,-3.8,2.6,1.4,0.1,2.5,0.1,-0.8,0.7,1.0,-2.3,0.7,-1.8,0.4,-4.5,0.8,3.5,3.5,2.8,-8.2,2.7,-3.0,0.4,3.2,-7.0,2.8,-4.1,-2.7,-3.5,0.0,0.8,2.3,-1.1,-3.9,-0.7,0.2,1.3,1.2,-2.2,3.7,1.2,2.5,1.5,-0.2,-1.1,8.2,5.7,-1.3,3.8,4.5,4.2,2.7,-7.6,5.9,0.9,4.5,5.0,3.5,7.3,10.7,4.0,4.9,3.3,8.3,7.1,5.6,4.5,3.9,1.3,0.6,5.0,-1.1,7.2,1.5,2.1,0.3,-0.2,0.7,3.2,-2.8,-1.8,-4.1,-4.5,-3.0,-0.4,-2.3,4.1,-2.3,2.3,0.3,2.8,10.6,3.3,2.8,4.2,6.7,6.2,7.1,2.8,9.2,4.1,1.2,12.6,7.8,2.1,-0.5,1.0,-1.0,-3.8,-0.8,-2.8,-2.0,-2.4,-2.5,0.1,-0.1,2.7,1.1,-4.3,10.8,-7.5,-4.5,-2.5,1.1,2.4,-3.1,0.8,-1.4,0.7,-0.8,0.5,2.2,-2.4,-2.1,-3.5,-3.9,-11.2,-3.9,-1.9,-3.3,-3.1,-4.2,-5.8,-1.4,-0.9,-2.8,-1.8,4.6,1.1,0.9,2.4,-2.4,-0.7,5.0,3.7,3.2,1.0,-0.5,0.1,-3.8,-4.4,2.7,-3.1,-2.3,-2.2,0.8
2C7L511YDl,0,48.101057,11.631633,4442573.26,2777730.83,537.9,583.6,231,7397,2.9,0.79,0.41,32.66,348.96,-0.53,-0.103,0.842,-1.0,0.1,-0.88,0.23,0.7,0.2,-0.3,-0.9,-0.2,1.5,-2.9,-0.1,0.0,-1.8,-1.7,-0.3,-2.1,3.4,0.9,0.8,2.2,1.8,-1.3,0.8,-2.4,1.7,1.9,-1.0,3.8,-8.8,-1.9,2.4,4.3,-5.2,2.1,-5.1,2.2,-1.6,-2.3,-0.9,2.1,-5.5,-0.7,5.3,1.3,6.4,3.5,4.0,-1.1,-7.0,-1.0,0.1,-2.2,-2.0,-3.4,-0.5,-0.9,-2.8,-1.6,-3.2,1.2,-1.4,0.4,1.3,-2.4,-3.0,-1.6,-1.5,1.3,-0.3,0.4,-0.2,-2.3,-4.8,-6.4,-2.0,-1.6,-3.8,0.2,-5.4,-2.6,1.6,-1.6,-0.1,0.5,0.7,-1.3,0.3,-2.3,2.2,0.1,0.1,-0.3,2.9,-2.6,-2.7,0.8,2.9,1.3,-1.9,2.4,0.9,-4.0,-5.1,-1.3,1.5,-8.9,-8.1,0.3,-0.6,1.8,-1.3,0.6,-0.2,-1.9,0.5,-0.8,-2.7,0.1,2.7,-0.4,2.2,1.2,-9.0,0.3,1.3,5.2,-1.4,2.1,1.2,1.7,2.7,1.6,-2.1,-2.4,1.0,-1.8,-0.4,1.9,-2.8,-3.1,-5.0,-3.2,-4.1,-0.7,-0.3,-3.4,-1.7,-4.3,-4.0,-2.0,0.2,0.8,-11.1,0.4,-1.0,-1.0,-1.0,-3.3,0.4,1.5,2.3,-0.4,-0.5,-1.2,-1.7,-0.8,-4.1,-3.5,1.0,-6.6,-2.2,-0.0,-0.4,-8.3,-4.5,3.4,-3.4,-3.4,-8.1,-4.4,-4.5,-4.9,-1.0,-3.3,3.7,6.8,-3.3,-1.0,-2.5,-2.6,-1.5,-0.9,-1.7,-10.6,-1.8,-4.3,-7.7,-14.5,-8.6,-4.2,-2.2,-3.1,-6.4,-6.8,-9.1,-3.1,-9.0,-10.4,-6.2,-9.2,-11.2,-6.6,-6.4,-2.8
2C7L511YEO,0,48.101366,11.634043,4442752.06,2777769.17,546.9,592.6,231,7436,2.1,0.89,0.34,32.67,348.96,-0.53,-0.103,0.842,-0.6,0.1,-0.36,0.16,0.9,0.1,-0.3,-1.0,-1.9,-2.3,-0.7,1.9,2.8,0.2,0.5,1.6,-3.2,1.6,3.0,-1.1,-1.5,-1.5,-0.7,-0.1,-1.1,-3.7,-2.7,-2.9,-1.7,-1.6,-1.2,-0.7,0.5,0.6,1.5,1.7,-1.6,-1.5,-5.4,-3.5,-5.8,-3.4,-2.4,2.0,-1.3,-3.2,-1.0,-1.7,-0.7,-2.4,-1.5,-2.4,-1.4,0.8,-1.6,0.3,0.4,1.0,2.0,1.6,1.4,-0.4,-0.4,-0.7,-0.8,-1.9,-1.6,-0.8,-3.7,-3.4,0.1,-2.2,1.2,0.5,-1.3,-1.3,-2.0,-2.0,-0.5,0.5,1.8,-2.5,-2.0,-2.0,-1.7,-2.3,-3.2,-3.3,-3.0,-1.2,-0.8,-0.7,-2.4,1.6,-1.6,-3.9,-1.5,-2.8,-3.0,0.2,-4.1,1.1,-2.7,0.2,2.3,1.4,-0.5,-0.9,-1.4,-1.7,0.2,-0.1,0.8,0.8,-0.7,-0.3,-1.3,0.6,-0.1,0.0,-0.1,-2.4,-2.5,-0.3,-0.1,-1.6,-2.3,-2.3,0.3,0.6,-2.6,-2.0,-4.0,-1.7,-0.3,-3.6,-1.8,-4.5,1.0,-0.0,-3.6,-2.8,-1.9,-1.8,1.3,-0.7,1.9,-6.3,-1.2,-3.0,-1.1,0.9,-0.6,-3.1,-1.0,-0.8,-2.7,-0.7,-1.6,-1.1,-0.2,-1.4,-2.0,4.4,-1.3,-0.8,-1.4,-3.7,-5.7,-5.0,-4.6,-7.1,-0.9,-2.5,-8.1,-3.9,0.5,-2.5,-5.2,-3.8,-6.1,-6.4,-8.1,1.4,2.6,7.9,-0.7,2.8,-2.4,2.9,-1.5,-2.4,-4.0,-2.6,-1.7,-4.8,-4.4,-3.8,-3.5,-3.8,-7.8,-5.4,-5.6,-6.1,-5.8,-4.3,-8.0,-3.1,-5.4,-3.4,-2.4,-0.2,-4.0,-2.5,-2.0
2C7L511YEP,0,48.101378,11.634134,4442758.77,2777770.61,548.5,594.2,231,7437,1.4,0.95,0.23,32.67,348.96,-0.53,-0.103,0.842,-0.7,0.1,-0.25,0.11,0.2,0.1,-0.3,-1.7,-0.2,-0.2,-0.2,0.1,-0.6,0.9,0.2,0.9,-0.8,2.0,0.4,-0.9,-0.8,-1.3,0.7,-1.2,-1.1,-2.0,-1.5,-1.4,-0.5,-0.8,0.3,1.9,0.6,1.0,0.6,1.2,-1.6,0.4,-3.0,-2.5,-3.6,-4.4,-1.9,4.0,0.5,0.7,2.1,0.6,0.9,0.9,0.9,-1.3,0.5,1.5,-0.3,0.4,0.8,0.0,0.3,0.4,0.6,1.1,0.6,0.9,2.0,0.9,0.1,-0.4,-0.1,-2.7,-0.4,-1.0,0.6,-0.3,-0.8,0.4,-0.2,-1.1,0.1,0.0,-0.1,0.1,-0.9,0.5,-1.4,-1.2,-0.9,-0.8,-2.2,-0.7,-1.8,-0.2,-1.0,1.1,1.6,-0.6,1.1,-0.6,-1.2,-1.0,-1.9,0.7,-2.1,0.4,1.6,1.8,-1.2,0.8,-1.0,-0.3,-0.0,0.2,-0.3,0.0,-0.5,-2.2,1.0,-0.6,0.0,0.6,-0.2,-0.8,-0.5,-0.1,-0.2,0.2,-0.6,-3.1,-1.5,-1.3,-3.5,-2.1,-2.2,-1.8,-2.4,-2.9,-2.0,-1.0,-1.3,0.7,-2.1,-2.4,-2.9,-0.5,-1.5,0.4,0.3,-2.7,-1.7,-2.9,-2.1,-2.7,-1.6,-1.5,0.2,-0.2,-0.7,-0.0,-2.5,-0.8,-0.8,-1.0,-1.6,-1.4,-2.4,0.4,-0.4,-2.9,-2.8,-2.0,-3.6,-4.2,-0.5,-1.2,-5.2,-0.9,-0.9,0.2,-3.1,-2.4,-2.5,-1.5,-4.9,-2.0,-1.1,-12.5,-1.4,-1.3,-0.8,-0.6,0.7,-1.7,-1.5,-2.8,-2.0,-2.4,-3.4,-4.3,-1.2,-1.5,-5.6,-3.8,-3.9,-3.9,-3.9,-4.2,-4.2,-3.6,-3.6,-3.6,-2.8,-0.8,-4.3,-2.7,-3.8
2C7L511YET,0,48.10141,11.634387,4442777.58,2777774.64,551.3,597.0,231,7441,1.7,0.93,0.27,32.68,348.96,-0.53,-0.103,0.842,-0.3,0.1,0.17,0.13,0.8,0.1,-0.3,-1.8,-1.2,0.4,-1.1,0.4,-3.0,0.2,0.1,-0.2,10.2,-1.2,-2.8,-0.6,0.9,-0.1,0.5,-1.8,-1.6,-1.7,-0.8,-3.7,-2.4,-0.3,-0.7,-0.6,0.2,-0.3,-0.6,-1.0,-1.6,-1.8,-4.0,-3.7,-7.6,-7.2,-4.8,0.5,-0.1,-1.3,-0.3,-2.7,-1.6,-2.1,-2.5,-2.5,-1.3,-2.2,-2.3,-1.2,-0.6,-1.3,-0.4,-0.9,-0.5,-1.7,-1.4,-0.4,-0.8,-0.9,-1.4,-1.2,-1.2,3.1,-1.1,-3.4,-3.2,-1.1,-2.4,0.1,-1.2,0.2,-2.3,-1.2,-1.5,-1.4,-2.7,-2.4,-1.0,-1.4,-2.1,-1.6,1.1,-3.6,-3.4,-3.0,-2.2,-0.4,-2.9,-4.1,-4.0,-6.4,-4.6,-2.0,-5.1,-3.9,-4.7,-2.6,-2.1,0.3,-3.2,-2.8,-1.7,-0.8,-0.7,-0.7,-0.5,0.1,-0.7,-3.1,-0.8,-0.2,-1.3,-0.5,-1.6,-2.0,-2.0,-1.8,-2.4,-1.8,-3.1,-0.6,-1.9,-2.1,-3.5,-2.0,-0.9,-2.4,-0.7,-1.3,-3.3,-1.5,-1.9,1.3,-2.9,-3.0,-1.0,-3.6,-2.0,0.5,-1.2,-2.7,-3.7,-3.8,-3.5,-2.2,-2.8,-1.7,-1.8,-1.4,-2.3,-2.4,-3.7,-0.8,-1.5,-0.7,-2.4,-0.9,-2.8,-2.6,-2.9,-5.1,-5.2,-0.5,-5.2,-5.5,-2.2,-1.9,-5.0,-2.6,-3.6,-2.5,-3.9,-4.4,-4.7,-3.1,-0.4,-1.9,-0.2,6.4,-2.4,-0.7,-1.8,-1.4,-3.0,-2.5,-3.6,-0.3,-1.8,-0.7,-3.4,-8.3,-2.9,-2.1,-2.0,-1.2,-3.6,-3.1,-1.9,-2.3,-5.0,-1.1,-3.1,-3.3,-1.5,-2.7,-3.0,-2.1,-2.3
2C7L511YFP,0,48.101803,11.63744,4443004.07,2777823.25,538.4,584.0,231,7499,1.9,0.9,0.38,32.69,348.96,-0.53,-0.103,0.842,0.0,0.1,0.31,0.14,0.7,0.1,-0.3,-0.5,-1.5,0.9,-1.2,0.6,0.7,1.1,1.5,1.9,0.4,1.2,0.5,2.0,1.3,1.2,0.0,-0.1,-1.1,-4.3,-5.7,-1.8,-1.8,-0.7,-2.8,-1.3,-1.4,-2.0,-2.3,-0.2,-0.6,1.9,-7.4,-2.3,-7.5,-6.3,-3.2,-0.6,-2.3,-2.8,0.4,-3.9,0.2,-2.9,-3.6,-0.2,-1.5,-0.3,-1.2,-1.9,-0.4,-0.5,-1.6,-1.4,-2.5,-3.0,-2.8,-0.8,-1.6,-1.6,-2.1,-1.0,-2.2,-3.9,-3.4,-1.6,-1.6,-2.0,-0.8,-1.2,-1.9,-1.7,-1.2,-3.5,-3.2,-2.6,-2.1,-1.1,-1.8,-2.0,-1.6,-0.4,-3.2,-3.2,0.8,-3.1,-1.1,0.7,-3.9,-4.1,-6.2,-3.8,-6.5,-5.3,-2.3,-1.5,-5.2,-2.7,-1.0,-0.9,-3.3,-2.1,-1.7,-2.7,1.2,-2.8,-2.0,-2.1,-1.2,-2.5,-2.1,-2.2,-2.2,-1.7,-2.6,-1.6,-2.6,-2.2,-1.8,-4.1,-3.3,-2.6,-2.5,-2.6,-1.3,-0.8,0.2,-2.1,-0.2,-1.0,-1.8,1.1,-3.2,-1.0,-3.6,-1.2,-1.8,-2.5,-3.0,0.1,1.7,-1.8,-3.6,-10.5,-6.0,-1.4,-5.4,-1.6,0.7,2.1,0.6,0.1,-2.5,0.3,1.3,-2.2,1.8,1.3,-1.7,1.5,-1.2,-3.4,-0.2,-2.5,-5.1,-4.9,-3.7,-1.7,-3.8,-2.6,-3.9,-2.8,-1.6,-5.3,-1.4,0.0,-0.7,-2.0,0.5,-6.3,0.0,1.3,-0.7,-0.1,-2.1,-0.2,0.1,-3.4,-2.1,2.9,0.3,-3.0,1.6,-2.6,-3.3,1.4,-0.4,-2.7,-0.3,-0.4,-3.0,-2.5,-1.3,-3.4,-2.9,-1.1,-2.6,-2.8,-5.0
2C7L511YCM,0,48.100438,11.626673,4442205.21,2777653.95,539.1,584.8,231,7310,3.6,0.72,0.51,32.64,348.96,-0.529,-0.103,0.842,0.2,0.2,0.05,0.28,1.2,0.2,-0.3,0.7,1.8,5.4,-3.1,-0.7,4.7,-1.5,1.5,-4.6,-9.1,-0.5,2.8,-0.3,-3.7,-8.1,-5.2,-1.6,-2.8,-3.0,-2.4,-3.6,-2.8,1.4,-0.8,-1.4,-0.4,-0.2,4.6,2.1,-2.6,-3.6,-6.9,-6.2,-2.3,-0.2,-5.6,-1.9,-4.0,-4.7,-10.8,-2.6,-2.6,-6.0,-4.3,-4.3,-0.8,-4.9,-5.2,-2.2,-3.2,-1.2,-0.9,-2.0,-3.1,-4.1,-8.3,-3.3,-7.9,-5.3,-2.5,-2.7,-2.9,-6.4,-3.4,-6.4,-5.1,-4.3,-8.2,-3.2,-4.5,-5.9,-2.6,-2.5,-6.2,-6.6,-3.8,-3.1,-3.2,-3.7,-4.7,-0.7,-2.6,-6.2,-0.8,-4.2,-4.7,-2.5,-0.3,-3.6,-4.4,-1.8,-2.7,-5.8,-6.8,-9.3,-15.5,1.7,-10.8,-0.2,2.8,0.3,-4.0,2.3,9.1,-3.1,5.8,3.4,-1.6,-14.0,1.8,1.0,-1.2,3.9,2.3,1.2,-0.1,-1.6,-0.5,0.1,-0.9,-6.2,6.5,-1.7,-4.0,-2.2,0.2,-0.7,-4.6,-5.7,-4.9,-5.2,-8.8,5.1,-4.6,-9.5,-5.9,-4.0,-1.2,1.2,3.7,0.3,0.2,3.5,-0.4,-0.4,-1.5,-5.5,1.3,-3.7,-0.7,-0.7,-3.5,5.5,0.7,0.4,-5.4,0.0,-1.7,0.4,-2.8,-4.6,-9.4,-2.4,-5.5,-8.6,-3.6,5.3,-0.8,2.2,-3.1,-3.0,-13.2,-0.3,3.1,-0.7,1.2,3.3,3.2,-5.5,0.7,-2.1,-1.9,-0.8,-3.7,-0.5,-5.2,-1.9,-0.7,-4.4,-4.1,-1.7,-5.8,1.0,-8.8,-7.5,-4.4,-3.4,2.5,0.0,0.0,-0.2,-1.0,-1.0,2.5,-2.8,-4.8,-4.8,-2.3
2C7L511YCz,0,48.100726,11.62891,4442371.15,2777689.55,539.0,584.7,231,7349,2.0,0.9,0.35,32.65,348.96,-0.53,-0.103,0.842,-0.6,0.1,-0.39,0.15,0.5,0.1,-0.3,-0.9,-0.7,1.2,0.1,1.7,0.6,0.1,0.9,0.1,-4.0,2.1,1.1,2.6,0.9,0.4,3.4,1.8,0.0,-1.2,1.2,0.3,-0.5,0.5,-0.4,3.7,1.6,1.0,2.5,0.1,-1.8,-1.7,-3.7,-3.8,-4.0,0.7,-1.7,5.4,2.3,1.1,0.0,0.3,1.9,-3.3,0.9,-8.5,-0.9,-0.4,4.6,2.7,2.8,-0.3,0.5,1.0,1.4,1.9,2.3,2.2,1.5,1.1,2.0,2.1,2.4,3.9,0.3,-1.8,1.8,2.4,5.1,0.7,4.0,2.2,4.6,1.3,1.3,4.0,1.1,2.1,-0.0,1.0,3.4,1.0,3.0,4.6,3.6,1.6,1.1,0.3,-2.9,-2.8,-0.6,1.0,-1.4,-0.1,-2.4,0.3,2.4,2.7,2.3,2.6,0.5,-0.5,2.5,5.2,1.6,-1.0,1.9,4.7,-0.3,1.0,-2.3,-0.0,-1.4,-0.1,0.3,0.4,-0.7,-1.8,-1.0,1.2,0.7,1.4,-1.3,0.2,0.5,2.1,0.6,-1.2,-0.1,-1.1,-2.9,-0.9,-1.4,-0.9,0.2,-2.5,-2.7,1.6,2.1,1.1,1.4,-0.4,-2.1,-2.1,0.7,0.5,-1.1,0.4,-1.4,-1.1,0.1,-1.1,-2.0,-0.8,0.9,-1.3,-0.3,-0.9,-0.3,2.4,-0.7,-1.2,-0.1,-2.1,-1.0,-3.9,2.9,1.6,0.4,-0.4,-1.0,-0.6,0.9,-1.6,-3.5,-5.9,-0.5,-1.3,-1.1,-8.6,-1.9,-1.4,-0.4,0.7,1.1,1.3,-0.2,-0.2,1.5,-2.8,-4.1,-2.7,-0.5,-3.7,-3.5,-2.2,-1.1,-4.9,-7.3,-0.3,-1.7,-1.3,-1.3,-3.3,0.6,0.4,-1.8,-0.4,-2.1
2C7L511YD0,0,48.100738,11.629004,4442378.12,2777691.04,540.7,586.4,231,7350,3.5,0.75,0.46,32.65,348.96,-0.53,-0.103,0.842,-1.2,0.2,0.34,0.27,0.4,0.2,-0.3,-1.2,1.1,1.4,-4.5,1.5,-0.7,4.1,0.9,1.0,-8.6,0.7,1.6,3.9,2.4,3.3,2.2,0.1,-2.2,-1.6,1.1,1.0,3.1,4.1,0.7,2.6,0.1,7.6,2.7,2.1,-2.2,-0.6,-8.2,-3.1,-4.9,-1.5,-6.7,6.0,-1.3,-0.8,-2.7,1.7,-0.7,-1.7,-3.7,-2.3,-1.8,-1.9,1.2,2.4,1.3,-1.7,-0.6,-0.6,0.5,2.4,1.2,2.0,1.3,0.6,2.1,1.8,2.0,-2.7,1.2,3.5,0.8,-1.4,3.0,0.4,2.9,0.4,2.1,-0.2,1.2,5.2,-1.0,-0.0,-2.8,-2.8,-10.6,4.8,2.6,1.4,2.2,0.7,-3.3,1.7,-4.4,-0.3,-2.1,0.0,-5.5,-4.1,-1.1,-0.9,-0.6,-1.6,-0.6,2.8,0.9,1.3,1.2,1.3,3.6,1.2,3.2,0.8,-3.4,-3.0,-3.1,-1.9,-4.3,-2.8,-4.3,-2.5,-4.0,-6.0,-7.5,-10.9,-3.0,-8.9,-6.1,-6.7,-1.5,-4.4,-3.3,-4.5,-6.0,-0.2,0.9,-6.1,-4.6,-1.1,-3.2,-4.7,-2.8,2.3,3.6,-2.0,-0.2,-0.6,-2.6,-1.6,-0.4,-3.2,-3.9,-1.5,-4.6,-5.4,-2.6,-2.5,-6.9,-5.7,-2.3,-5.0,-2.5,-12.9,-0.9,3.0,-1.9,-5.8,-0.4,-11.4,0.4,-16.7,2.9,0.5,-3.4,-1.8,1.5,-0.4,-1.8,-4.6,-5.3,-13.6,-9.1,-7.1,-6.8,-12.2,-6.1,-3.5,-3.1,-0.2,0.6,-0.2,-4.8,-2.4,-1.5,-5.7,-5.7,-4.7,-4.1,2.0,-6.0,-6.6,-4.4,-5.3,-1.1,-1.9,-4.7,-5.7,-16.2,-4.8,1.2,0.2,-5.4,-9.7,4.0
2C7L511YE2,0,48.101222,11.632772,4442657.73,2777751.01,545.6,591.3,231,7414,2.5,0.85,0.4,32.67,348.96,-0.53,-0.103,0.842,-1.0,0.1,0.13,0.19,1.0,0.2,-0.3,2.9,0.8,4.8,-2.6,1.1,4.0,-0.0,2.5,3.7,-1.0,2.5,7.5,-2.3,0.9,-2.0,-0.4,-1.6,-2.4,-3.1,-4.3,-1.0,-3.8,-1.8,-2.8,-1.6,-2.6,0.0,-5.2,-0.6,-3.9,-7.9,-6.0,-6.8,-5.7,-8.7,-6.5,-0.8,-2.2,-2.5,-2.1,-4.5,-3.7,-3.0,-3.2,-4.4,-3.3,-6.7,-5.7,-3.9,-6.2,-5.1,-1.8,-2.6,-2.2,-1.9,-2.7,-1.1,-2.3,-3.8,-4.1,-1.4,-1.1,-3.9,-1.8,-2.8,-0.0,-2.5,-5.9,-2.2,-4.1,-3.0,-1.7,-5.9,-2.8,-4.3,-1.9,-2.3,-1.5,-3.3,-4.5,-2.2,-6.0,-2.2,3.0,-0.9,-2.5,-3.3,-3.4,-4.6,-5.3,-4.8,-4.0,-3.5,-4.5,-5.5,1.3,-0.3,-2.1,-3.5,-7.7,-0.0,-3.6,-2.4,1.0,-3.7,-3.5,-3.0,-1.6,-6.1,-6.4,-6.8,-1.8,-1.7,-3.4,-1.4,1.8,-1.2,0.6,6.6,-3.8,-2.1,-5.1,-3.5,-7.2,-3.3,-2.4,-8.5,-2.9,-3.7,-6.5,-2.8,-3.0,-6.7,-3.7,-7.1,-4.1,-4.3,-6.0,-4.5,-3.1,-11.0,-4.5,-4.3,-3.9,-6.2,-5.0,-5.7,-4.9,-5.3,-3.3,-5.8,-4.4,-5.3,-3.1,-5.9,-3.4,-2.9,-1.5,-2.5,-1.4,-3.5,-3.1,-7.0,-7.4,-8.0,-2.0,-2.3,-9.5,-4.1,-5.1,-6.8,-7.5,-7.4,-12.3,-10.9,6.4,-10.4,-4.1,-6.7,-5.8,-4.6,-2.6,-3.5,-4.5,-3.5,-5.9,-8.3,-5.7,-5.9,-8.2,-5.3,-4.3,-5.5,-6.7,-6.3,-7.4,-6.5,-6.5,-6.8,-5.2,-10.0,-7.6,-4.7,-5.0,-5.6,-7.5,-6.2,-6.2
2C7L511YE3,0,48.101226,11.632804,4442660.05,2777751.51,544.3,590.0,231,7415,2.8,0.81,0.46,32.67,348.96,-0.53,-0.103,0.842,-0.7,0.1,-0.51,0.22,0.5,0.2,-0.3,4.6,1.9,4.8,-2.6,1.9,0.9,0.0,2.2,3.8,-3.7,2.5,3.5,2.2,1.5,4.2,2.4,1.3,1.2,0.1,-2.1,-3.3,-3.0,2.6,-2.1,0.0,1.7,-0.3,-1.8,1.2,-0.3,-6.2,-2.3,-2.3,-7.6,-7.7,-1.4,2.7,-1.5,1.6,1.0,-7.7,0.4,-1.8,-0.3,-3.0,2.9,0.3,-4.4,-0.8,-2.0,-2.9,-1.5,-0.4,0.7,1.0,-8.5,0.7,-3.2,-3.6,-3.2,0.6,-1.3,-3.5,-1.7,8.3,2.9,-1.5,-3.4,-1.2,0.8,-0.3,-0.7,-2.0,-2.0,6.4,5.2,0.6,0.8,-0.4,-1.6,-0.0,-3.6,3.5,3.4,8.1,0.3,2.7,2.8,1.3,1.7,-0.2,-0.9,-0.9,2.1,-0.6,2.6,3.8,6.3,1.6,-4.0,-1.1,-0.6,2.8,0.5,-0.9,-1.0,-3.1,1.7,-1.5,-5.5,3.6,5.3,6.8,1.3,0.6,4.1,3.7,2.4,8.1,-3.7,-2.6,-4.9,-1.5,-3.0,-2.4,-1.3,-1.3,-1.0,-1.8,-1.8,-2.7,-2.1,7.5,-2.2,-2.1,-0.5,-1.6,-3.4,-2.2,3.2,-0.5,-0.3,1.5,1.2,-0.7,0.1,-6.7,-2.9,-1.7,1.3,2.0,-4.0,-6.2,-2.5,-1.6,-0.8,-2.2,-1.0,-0.8,2.0,-0.5,-1.6,-3.4,-5.0,-4.7,-0.0,-1.3,-5.6,-1.1,-0.6,-3.5,-5.1,-3.4,-1.1,-0.2,-5.1,-2.5,1.3,-5.0,-1.9,-1.2,0.3,0.4,-1.6,-0.3,-1.4,-5.5,-3.7,-3.9,-2.7,-3.3,-1.9,-0.2,-4.3,-3.5,-5.4,-3.9,-5.0,-3.7,-3.6,-4.3,-5.3,-2.9,-1.7,-2.8,-5.4,-2.1,-2.6
2C7L511YEM,0,48.101369,11.633921,4442742.93,2777769.29,546.4,592.1,231,7434,3.5,0.75,0.43,32.67,348.96,-0.53,-0.103,0.842,-0.0,0.2,-0.87,0.27,0.8,0.2,-0.3,-13.2,4.1,-0.5,-3.7,3.4,2.6,4.0,4.3,10.3,-4.3,3.8,3.1,0.9,-0.5,-3.1,-4.4,4.0,1.5,-0.3,-0.5,-0.1,-2.7,-3.2,-1.1,-2.3,-0.6,-1.8,-2.0,0.3,-3.0,-1.4,-3.3,-1.9,-1.0,3.2,1.9,-1.0,-9.0,1.2,3.4,3.1,3.0,1.0,2.6,1.7,0.8,2.1,6.1,0.5,3.8,5.1,5.3,2.6,0.5,1.1,0.3,2.9,1.6,1.7,1.5,2.7,3.3,-4.3,4.6,2.1,3.0,0.7,8.9,3.1,2.4,1.5,3.9,2.5,5.7,1.3,3.8,4.4,1.3,4.1,3.3,-5.5,5.8,5.0,-13.1,5.8,3.8,8.6,6.0,2.9,5.4,2.1,3.6,1.1,-0.0,4.2,3.1,2.9,5.7,5.0,2.4,2.2,1.9,3.4,4.1,1.6,3.4,7.0,3.3,-0.1,1.6,4.1,7.0,3.6,3.6,5.6,4.1,0.9,6.9,1.9,1.7,5.9,1.6,3.3,-3.1,0.6,1.7,0.1,-0.4,-1.3,-1.4,-1.8,-2.1,1.0,-2.3,-1.0,-0.5,2.6,1.0,1.8,1.7,13.7,7.6,0.4,-2.0,-0.6,-3.8,-7.7,11.5,2.2,2.8,-8.5,0.3,5.4,2.8,-0.4,5.9,1.1,2.8,2.1,4.2,0.9,-0.9,1.3,1.0,0.9,-2.3,2.9,-1.1,3.1,6.4,1.2,4.3,-1.6,-1.1,8.5,-5.7,0.5,2.7,13.7,6.2,0.5,3.3,2.9,1.3,-1.3,2.2,0.6,-0.1,1.9,-2.2,3.7,3.6,4.0,-1.6,-0.7,-0.3,-0.9,-1.1,-0.2,1.0,-0.5,-2.3,1.6,-0.8,1.8,-4.0,4.5,-1.2
2C7L511YEQ,0,48.101396,11.634126,4442758.15,2777772.55,545.6,591.3,231,7438,1.7,0.92,0.32,32.68,348.96,-0.53,-0.103,0.842,-0.6,0.1,-0.34,0.13,0.5,0.1,-0.3,-2.7,1.0,0.4,1.3,1.7,-2.5,2.8,-0.7,0.4,0.2,-1.1,0.1,-2.0,-2.3,-1.5,-1.7,-0.0,-1.9,-3.5,-1.0,-1.3,-2.6,0.4,0.5,0.9,-0.6,1.9,1.5,2.8,-2.7,1.7,-2.3,-3.0,-1.8,-4.1,-0.7,1.9,1.8,3.7,1.9,0.4,1.3,-2.5,1.2,-0.5,-0.4,-0.7,0.9,0.6,0.4,0.8,-0.6,0.4,0.5,-0.4,-1.0,-1.3,-2.2,-0.7,-3.3,-0.8,0.2,-1.1,0.1,0.0,-1.6,0.8,-2.5,-2.0,-1.6,-2.3,-1.8,-1.7,-1.4,-2.9,-1.7,-1.0,-0.9,-1.2,-2.6,0.7,-1.7,-0.7,-0.1,-0.9,-2.5,2.1,-1.0,-1.8,-0.7,-2.2,0.2,-1.5,-2.9,2.2,-1.6,1.6,1.7,2.8,-1.4,-0.5,-0.0,-0.6,1.4,-0.1,-0.9,1.0,-0.0,-3.3,0.1,-1.6,0.1,-1.6,-1.6,-3.0,-2.5,-5.3,-3.7,-1.8,-0.3,-1.9,-1.2,-1.3,-2.8,-0.9,0.1,-2.2,-2.0,-3.0,-3.0,1.8,-0.9,1.3,0.1,-0.7,-2.4,0.9,1.3,0.8,1.3,-1.8,-1.1,-1.0,1.5,-1.4,-2.0,-2.2,2.6,-1.3,2.1,-5.3,-2.0,1.3,-1.6,-3.4,-2.6,-3.7,-2.3,1.0,1.1,-1.1,-1.3,-0.5,-1.4,-3.4,0.6,0.2,-2.4,-0.8,-1.2,-0.4,0.2,-5.5,-2.3,-0.4,-4.0,-2.1,-2.1,-7.3,-2.0,-1.8,-0.8,0.3,-0.6,-0.5,-0.8,-2.6,-1.3,-1.8,-3.8,-5.3,-1.5,-2.6,-7.1,-6.2,-3.7,-6.0,-3.3,-4.0,-2.8,-4.4,-4.3,-2.0,-1.8,-3.8,-4.1,-4.5,-3.6
2C7L511YEi,0,48.101505,11.634975,4442821.14,2777786.08,536.5,582.2,231,7456,4.5,0.6,0.5,32.68,348.96,-0.53,-0.103,0.842,0.1,0.2,-0.22,0.34,1.5,0.3,-0.3,-8.7,-2.2,-1.9,-5.8,-4.2,4.0,3.6,5.2,3.1,10.6,5.1,9.4,-1.8,3.8,-2.2,3.2,0.0,-6.4,1.5,-4.3,-1.4,1.8,4.3,3.3,0.8,6.0,4.0,3.8,3.6,-0.3,-1.4,-1.2,-3.5,-4.4,-2.3,0.3,3.7,-9.3,2.5,0.5,0.6,2.3,1.0,6.9,1.5,6.2,-1.1,-2.6,3.3,4.5,-10.9,-3.2,-1.6,-6.4,3.9,0.5,0.8,-0.6,-4.3,1.1,-1.4,0.7,2.1,0.5,1.0,5.1,9.3,0.6,0.5,-6.2,1.1,-0.2,14.8,-1.9,1.8,2.4,4.0,0.9,0.6,0.5,-0.6,1.9,2.7,4.8,0.2,1.2,3.3,0.3,-1.8,0.6,-5.8,1.2,4.5,-3.5,0.5,-3.1,-0.5,4.8,2.8,-2.4,-0.6,-0.5,-1.1,4.7,2.1,2.9,6.4,3.5,0.4,4.5,2.7,3.9,3.4,4.2,4.4,-0.1,5.5,7.9,5.4,8.3,4.1,8.0,3.5,11.8,-8.4,1.6,-4.0,5.9,1.3,1.1,5.0,-0.6,1.3,-1.2,-7.0,-5.9,-5.0,-2.0,3.3,0.8,-0.8,-2.4,-1.0,-0.8,-5.4,-11.6,-1.9,-4.6,-7.1,-8.2,11.8,-4.7,6.6,0.4,4.9,8.0,8.1,-0.7,7.1,-1.0,-0.3,-3.9,2.7,3.3,-4.9,-4.1,4.9,-3.9,-3.2,-0.4,-0.4,-0.5,11.1,4.7,-7.3,6.9,3.9,8.1,12.3,4.7,-10.7,-5.2,12.1,-4.5,1.1,-1.3,8.5,-1.2,2.8,2.0,-10.3,-0.9,2.3,1.7,0.3,0.8,-0.3,-1.9,-0.2,-2.8,-3.9,-0.4,-1.0,-0.5,4.6,4.7,3.7,6.2
2C7L511YEq,0,48.101564,11.63544,4442855.61,2777793.47,538.8,584.5,231,7464,3.8,0.62,0.41,32.68,348.96,-0.53,-0.103,0.842,-1.0,0.2,0.49,0.29,3.1,0.2,-0.3,0.4,0.9,2.2,-1.4,0.8,-1.5,-0.3,0.6,6.2,-0.5,0.2,4.3,0.6,-1.8,1.0,-0.6,-3.9,-4.2,-10.3,-4.1,-1.8,-3.2,-9.2,-9.5,-4.4,-1.3,-7.4,4.8,-8.3,-17.6,-2.3,-8.7,-3.7,-6.0,-3.4,-15.7,-0.8,-7.3,-7.3,-4.9,-7.7,-2.5,1.5,-3.0,-6.1,-10.3,-14.0,0.2,-5.7,-5.1,-2.7,-0.3,-0.5,0.1,-0.6,-0.8,-0.6,0.1,3.2,1.5,-0.4,-0.1,0.2,-0.6,-1.1,-0.3,-0.8,3.3,2.0,3.3,2.3,1.4,3.9,2.9,3.5,3.0,4.3,0.0,-1.5,-6.0,0.6,7.5,1.6,2.1,-5.9,-7.3,-5.5,-8.8,-8.2,-8.8,-4.7,-8.1,-6.9,-13.5,-12.8,-10.8,-9.8,-6.8,-7.3,-8.7,-10.6,-8.6,-6.3,-7.3,-9.6,-12.2,-10.6,-11.5,-10.6,-5.1,-6.5,-6.1,-7.7,-6.5,-5.0,-6.7,-5.0,-6.4,-4.9,-6.2,-6.0,-4.5,-5.9,-6.9,-6.5,-6.1,-2.7,-5.4,-8.9,-9.2,-5.3,-8.3,-5.1,-12.0,-10.7,-7.6,-8.7,-4.9,-4.7,-3.5,-2.3,-5.3,-1.8,-16.6,-0.1,-0.6,-0.9,-2.6,-7.8,-9.0,-6.4,-8.2,-7.4,-5.0,-7.1,-0.3,-5.8,-6.4,-7.2,-6.5,-5.2,-7.3,-9.1,-7.8,-9.3,-4.0,-6.5,-10.6,-11.2,-4.9,-8.2,-11.6,-2.9,-5.6,-8.7,-3.9,-5.9,-4.7,1.9,2.0,-11.0,-10.5,0.6,-2.9,-5.6,-3.5,-8.2,-9.8,-7.5,-6.8,-8.6,-5.6,-6.7,-3.8,-6.1,-8.0,-6.5,-7.2,-13.2,-10.7,-8.6,-6.2,-21.0,-5.7,0.3,-6.1,-4.2,-7.5
2C7L511YEr,0,48.101563,11.635433,4442855.08,2777793.36,535.7,581.4,231,7465,1.5,0.93,0.23,32.68,348.96,-0.53,-0.103,0.842,-1.1,0.1,0.52,0.12,0.9,0.1,-0.3,-1.6,-1.5,-0.9,-1.3,-1.1,-1.5,-0.0,0.0,-0.8,0.9,-1.2,-0.4,-1.7,-0.7,-0.1,-1.0,-0.8,-2.0,-2.8,-2.2,-0.8,-2.1,-0.6,-2.4,1.3,-1.5,-3.2,0.2,0.6,-0.4,0.3,-5.4,-4.4,-5.9,-3.7,-3.2,-0.0,-2.9,-1.6,-0.8,-2.0,-1.4,-0.5,-1.4,-2.0,-1.3,-0.6,-0.9,-1.6,0.8,0.6,-0.9,-1.6,-0.7,-1.6,-1.8,-1.0,-1.8,-1.0,-1.7,-0.8,-2.1,-0.4,-2.3,-0.3,-1.9,-2.4,-1.7,-1.7,-1.6,-1.9,-0.6,-0.4,-1.0,-2.6,-0.6,0.4,-0.7,-1.6,-2.4,-0.6,0.2,-0.6,-0.0,-3.3,-4.6,-2.7,-6.3,-6.2,-5.9,-5.2,-6.3,-5.7,-10.3,-4.5,-4.7,-2.8,-3.9,-4.9,-4.6,-5.4,-4.9,-6.0,-3.4,-5.6,-3.8,-6.6,-5.8,-8.8,-4.4,-5.0,-4.3,-3.9,-5.0,-4.2,-5.4,-4.8,-5.2,-4.9,-4.8,-5.3,-4.9,-4.6,-5.7,-5.2,-2.8,-4.3,-3.9,-6.3,-6.1,-3.5,-6.1,-4.5,-4.5,-7.5,-6.6,-5.5,-5.2,-1.6,-1.8,-2.8,-5.2,-4.5,-4.6,-3.3,-3.2,-3.2,-3.0,-4.4,-3.7,-4.0,-5.5,-4.9,-4.6,-4.6,-3.7,-4.2,-4.9,-2.3,-4.9,-5.9,-8.5,-8.5,-7.9,-9.0,-5.3,-5.9,-10.1,-6.7,-5.4,-5.9,-10.0,-5.8,-4.9,-4.8,-4.1,-5.6,-5.4,-3.3,-5.8,-5.6,-5.2,-4.5,-3.5,-6.8,-4.4,-6.5,-4.9,-6.5,-5.6,-6.9,-5.0,-6.2,-7.5,-6.2,-6.7,-7.2,-5.8,-7.8,-6.3,-5.2,-5.7,-4.5,-5.5,-4.1,-5.2,-6.0,-6.7
2C7L511YEs,0,48.101569,11.635474,4442858.17,2777794.03,534.9,580.6,231,7466,1.9,0.9,0.33,32.68,348.96,-0.53,-0.103,0.842,-1.4,0.1,0.34,0.14,1.1,0.1,-0.3,-1.4,-3.9,-2.0,-2.7,-0.9,-0.0,-2.1,-1.4,-0.9,-0.5,-1.1,1.1,-2.9,-0.3,-0.1,0.6,0.9,-5.1,-3.9,-3.0,1.3,1.9,0.8,-0.3,-0.1,-4.9,-1.5,-1.9,0.8,-3.6,-2.6,-6.5,-6.3,-8.7,-5.1,-3.3,1.0,-3.7,-2.5,-2.1,-0.1,-1.1,-1.3,-3.2,-4.2,-4.3,-2.3,-1.3,-0.8,-0.9,0.5,-0.9,-0.7,-0.9,-1.4,-4.1,-0.7,-2.2,-2.2,-1.7,-2.2,0.1,0.2,-3.9,-1.5,-3.8,-1.6,0.5,-1.9,-2.9,-1.8,-0.8,-3.0,-3.4,-1.9,-2.7,-4.1,-3.2,-3.6,-5.1,-0.4,-2.5,0.1,-2.5,-3.8,-5.5,-3.3,-8.2,-8.0,-7.9,-6.3,-7.4,-7.4,-9.7,-5.8,-4.9,-4.2,-2.7,-2.3,-7.1,-4.7,-4.5,-7.0,-4.8,-6.9,-3.3,-6.3,-5.1,-6.0,-3.6,-3.4,-4.1,-3.0,-4.7,-2.6,-2.7,-5.5,-4.5,-5.2,-4.2,-6.5,-1.7,-4.8,-5.4,-2.8,-3.8,-5.0,-4.9,-7.9,-8.3,-5.7,-5.5,-4.0,-6.5,-6.7,-5.2,-6.5,-7.9,-1.9,-2.8,-2.5,-5.4,-3.5,-4.7,-6.6,-5.0,-5.1,-5.3,-5.6,-5.1,-7.8,-6.0,-7.3,-7.6,-4.8,-7.2,-7.7,-6.3,-5.7,-5.8,-8.6,-11.2,-9.4,-9.7,-12.3,-6.8,-6.0,-11.5,-8.9,-6.6,-3.5,-9.5,-5.1,-0.9,-3.1,-6.0,-3.5,-7.6,-7.3,-5.4,-8.7,-6.6,-6.8,-5.5,-7.1,-9.0,-6.0,-6.3,-6.9,-8.2,-8.6,-7.6,-7.1,-9.6,-9.3,-9.2,-8.8,-6.7,-8.0,-7.5,-6.2,-6.6,-8.1,-6.7,-6.3,-7.1,-8.2,-9.8
2C7L511YCb,0,48.100578,11.627616,4442275.15,2777671.02,543.1,588.8,231,7325,3.8,0.74,0.4,32.65,348.96,-0.529,-0.103,0.842,-1.5,0.2,-0.51,0.29,0.6,0.2,-0.3,1.2,-0.6,0.7,-1.8,-1.1,-0.3,0.1,-0.8,-3.9,-0.6,0.4,-3.6,-0.6,2.2,-4.7,-0.4,-0.9,-13.2,-2.6,-0.4,-1.3,-1.1,-3.1,-1.0,1.0,12.0,12.7,-1.0,-4.1,-0.6,1.4,0.8,-5.4,-12.7,-1.7,-0.4,1.1,0.9,-2.0,6.8,5.4,0.4,3.3,3.3,-6.2,-0.6,-8.9,1.7,12.2,-12.3,1.6,0.6,2.6,0.8,1.7,2.5,0.2,-1.0,3.5,1.7,3.7,-2.1,3.3,-14.0,-0.0,-0.2,0.2,-2.0,1.8,-2.1,-2.6,-1.4,-3.3,2.1,-0.8,-0.2,-3.0,-1.3,-4.0,-5.3,-5.6,-3.3,3.5,-0.8,-1.0,0.6,2.9,-0.9,0.4,-0.8,6.8,-1.7,0.6,2.2,-4.1,-4.9,-2.0,-2.2,-5.6,-2.0,-0.9,0.0,0.0,-4.4,-2.0,-2.1,-2.9,-4.5,-1.3,-1.0,3.1,1.1,-2.4,1.7,-2.0,-1.6,-0.9,-0.2,-2.2,-1.4,-3.1,-2.5,-2.6,-3.5,-1.8,-1.6,-4.2,-5.5,-6.5,-6.3,-9.1,-4.9,-4.0,-9.4,-3.5,-0.6,-1.8,-2.9,-1.5,-1.4,-0.7,-7.2,-3.8,-2.7,-6.0,-1.0,7.3,-2.7,-0.4,-1.8,-1.9,-2.7,-1.9,-4.2,-0.7,-0.9,-2.3,-2.7,-1.4,-1.8,-1.2,-1.5,-3.3,-7.7,-6.6,-2.8,-7.6,-4.6,-5.7,-4.1,-2.4,-7.4,-6.1,-13.7,-1.0,-10.6,-4.8,-2.5,-6.9,-2.3,-5.8,-5.3,-7.3,-3.5,-1.5,-3.8,-5.0,-12.4,-6.2,-12.8,-18.3,-7.3,-1.5,-7.5,-6.2,-1.0,-1.1,-2.9,-13.9,-8.7,-9.2,-1.1,-0.6,-5.6,-5.8,-8.5,-10.2,-11.2
2C7L511YCc,0,48.100586,11.627676,4442279.59,2777671.97,543.2,588.9,231,7326,2.9,0.81,0.43,32.65,348.96,-0.529,-0.103,0.842,-1.0,0.1,0.15,0.22,0.5,0.2,-0.3,-0.7,-2.1,-2.1,-2.8,-3.2,-0.6,-2.4,-2.3,-2.8,-2.9,-1.6,-0.7,-0.9,-0.5,-0.9,-0.4,5.7,6.9,2.8,3.8,0.8,-1.4,-1.6,-1.0,4.6,7.5,6.3,-0.2,-1.0,-0.4,-3.0,-0.9,-2.2,-1.5,-2.5,1.1,4.4,3.2,2.4,4.8,4.5,0.4,-0.5,3.3,-0.2,-1.3,-2.4,1.2,3.4,5.7,-1.9,-1.8,-0.9,-1.9,-1.0,0.4,-0.9,-1.9,-1.4,-0.9,-0.7,-0.0,3.3,2.0,-1.3,-0.8,-2.9,-1.5,-0.3,-2.0,-1.4,-1.2,-2.8,-3.0,-1.3,-1.9,-2.9,0.0,-0.0,-4.1,-2.7,-1.2,-0.6,0.7,-8.3,9.9,-2.0,-3.6,2.2,-1.4,1.7,-3.0,-2.8,-1.8,-4.9,-4.4,1.5,-1.8,-2.8,-1.1,-1.0,-3.0,-2.4,-2.5,-4.1,-1.4,-2.3,-0.7,-1.5,-5.0,2.7,-2.9,-1.2,-0.3,-2.3,-2.1,-0.6,-0.3,-0.0,-3.7,-2.7,-6.4,-3.9,-2.7,-1.5,0.2,-3.8,-2.2,-1.3,-2.4,-6.0,-6.4,-1.9,-8.1,0.1,-1.8,3.7,-1.3,-2.0,-0.6,-1.2,-4.0,-3.8,-1.6,4.4,-1.0,-1.5,-1.2,0.5,-1.2,-4.0,-3.9,-2.7,-1.4,-2.3,-2.6,-0.7,-2.3,0.4,-3.9,-1.8,-5.6,-1.2,-6.2,-5.9,0.5,-10.8,-5.2,-4.5,-6.4,-6.9,-7.1,-5.9,-0.6,-3.8,2.2,-3.7,-3.0,-12.9,-3.5,-3.1,-4.1,-5.7,-1.7,-2.1,-1.3,-3.2,-10.6,-0.4,0.8,0.8,-1.3,-1.5,-4.9,-8.4,-2.0,1.1,-1.1,5.5,-12.0,-5.8,-3.3,0.2,-6.4,-4.8,-6.3,-10.8,-3.4
2C7L511YCe,0,48.10059,11.627708,4442281.94,2777672.48,538.6,584.3,231,7328,3.0,0.8,0.4,32.65,348.96,-0.529,-0.103,0.842,-0.9,0.2,-0.11,0.24,0.4,0.2,-0.3,-0.1,-2.2,3.5,-1.8,0.3,0.5,0.2,-3.9,0.9,-3.2,0.3,-0.6,1.6,0.7,-0.8,1.2,-6.5,-2.1,-2.0,2.7,2.2,2.2,-2.8,-4.8,-1.2,2.5,-1.2,0.1,-1.3,-4.5,-6.0,-2.7,-7.5,-2.1,-4.3,0.3,-7.9,-1.6,-1.5,0.3,-2.6,2.2,-0.2,-0.5,-2.7,-3.8,-3.5,-0.1,-1.0,-1.3,-2.6,-0.6,-2.3,-5.1,-5.0,-1.4,-1.6,-3.7,-3.3,-0.7,-3.6,0.2,-1.3,-5.1,0.2,1.3,-4.8,-7.6,-4.5,-1.4,-3.2,-2.9,-3.8,-2.9,-0.2,-2.4,-0.9,-2.2,1.9,-2.2,-4.0,-0.9,-0.8,-1.5,-1.1,-4.6,-2.4,0.2,-1.5,0.0,-3.0,-6.6,-6.9,-1.5,-6.5,-1.7,5.8,-3.8,-9.2,-7.8,-6.6,-8.3,-5.5,-6.1,-5.8,-3.7,-2.1,-3.8,-0.5,-4.4,-6.9,-2.7,-4.6,-5.5,-3.3,-0.7,-1.9,-5.6,-1.8,-2.6,-4.0,-6.3,-3.6,-3.0,0.7,0.8,-5.2,-0.2,-6.8,1.4,-2.5,-4.4,-8.2,-1.7,-6.0,-5.1,-2.4,-1.6,-0.6,-1.8,-4.0,-2.1,-7.3,-5.1,-2.0,-2.4,-1.7,-1.0,-3.0,-1.7,-3.8,-5.0,-3.8,-3.9,-3.2,-3.9,-6.0,-4.5,-7.1,-3.1,-5.2,-7.3,-5.6,-3.2,-4.7,2.7,3.4,-7.9,-6.0,-0.8,-2.8,7.0,-10.2,-6.5,-4.0,-3.1,-3.5,-4.1,-3.5,-2.3,-8.4,-3.3,-4.0,-3.5,-4.4,-5.7,-8.6,-7.0,1.2,8.9,-6.5,-2.8,-2.4,-14.1,-4.0,5.4,-5.3,-5.7,-5.4,-9.5,-10.0,-7.8,-5.7,-3.4,-15.6,-12.6,-12.8,-8.9
2C7L511YCg,0,48.100622,11.627958,4442300.49,2777676.45,544.6,590.3,231,7330,1.9,0.89,0.38,32.65,348.96,-0.529,-0.103,0.842,-0.3,0.1,-0.33,0.14,1.6,0.1,-0.3,0.5,-0.2,-1.3,-0.1,1.6,-2.3,1.4,1.0,0.7,-3.6,1.4,-2.6,3.6,-1.4,0.0,-3.4,-2.9,-1.0,-1.9,1.0,1.9,2.9,0.2,3.1,3.2,4.1,2.4,0.9,2.3,-0.6,-2.9,3.3,0.1,1.1,5.4,0.8,3.3,3.1,6.0,6.6,2.3,1.1,1.9,3.0,0.9,1.8,0.2,1.7,2.8,1.0,1.3,4.3,6.0,1.6,-1.6,-2.9,-2.1,-3.2,2.0,-0.9,-1.6,-0.6,0.5,-6.9,-5.0,0.6,-1.2,-0.7,0.1,-0.0,-5.2,-0.3,-0.4,0.0,3.2,-1.5,-0.8,-1.6,0.1,-0.3,0.4,1.2,1.5,0.1,0.8,-1.2,2.3,2.2,2.4,5.1,1.0,1.7,-2.4,4.8,2.4,0.3,1.7,2.3,3.1,2.1,1.1,3.3,3.8,2.8,2.6,0.5,2.0,1.8,1.1,1.6,2.4,1.2,0.8,1.2,1.3,3.7,0.2,3.1,1.4,3.4,2.8,0.2,-2.1,-0.8,-0.9,0.8,-1.6,0.7,0.9,0.9,2.1,1.0,0.0,3.0,2.9,1.9,3.5,3.9,5.3,4.4,0.1,-0.5,-0.1,0.3,2.7,2.7,0.9,1.7,-1.1,0.5,-0.2,-1.3,-4.9,1.3,-0.8,-0.7,-0.9,-0.1,1.3,1.4,-0.5,4.9,1.4,-1.3,-0.9,3.8,0.2,-0.8,1.4,-0.9,1.4,1.5,0.4,-0.8,1.1,1.6,-1.2,-0.3,-2.6,0.5,-1.0,-0.2,-0.9,0.9,-6.9,-3.0,-3.2,-0.1,-0.5,-1.2,-0.3,2.4,1.6,1.3,1.1,-0.5,2.7,0.9,-0.4,-0.8,-1.9,0.9,0.6,2.3,-1.5,-2.9,-3.7,1.3
2C7L511YCq,0,48.100673,11.628353,4442329.78,2777682.75,536.7,582.4,231,7340,3.5,0.73,0.46,32.65,348.96,-0.53,-0.103,0.842,-0.4,0.2,-0.94,0.27,0.8,0.2,-0.3,-1.9,-0.9,3.7,-3.9,-2.8,-7.2,-1.2,5.5,3.1,8.8,-6.7,-9.4,-6.4,-3.7,-2.5,-1.0,-0.5,-1.9,7.0,2.5,-1.8,8.9,1.9,-1.5,1.6,1.4,1.9,-8.7,5.4,0.1,10.0,-2.2,-1.4,-13.7,-0.7,-0.9,3.5,2.0,4.6,4.0,2.2,3.2,1.1,4.8,2.1,1.7,8.9,-1.1,0.9,-0.1,11.8,7.1,3.4,4.0,1.0,1.8,6.5,-0.3,-0.1,2.7,1.5,3.4,6.7,4.1,4.1,10.7,3.5,5.4,4.1,4.7,2.6,5.0,5.0,3.5,5.8,5.0,2.6,3.4,2.8,1.7,5.0,0.5,0.4,3.2,0.9,-2.2,1.7,1.5,2.9,1.6,-1.4,-0.8,-1.5,3.8,1.1,2.0,5.5,2.3,0.4,-9.4,-1.4,-0.9,2.5,0.7,-5.3,-2.0,2.6,2.9,1.8,0.3,0.4,4.0,2.4,2.0,3.7,1.8,2.6,1.7,1.5,2.0,-1.0,3.6,3.0,-2.0,3.7,3.5,2.3,1.4,0.6,-1.5,-0.6,-1.7,2.9,4.1,-1.9,-2.4,0.7,-1.2,2.3,3.9,3.6,-1.9,-1.1,-0.3,-1.3,0.2,6.1,-1.7,1.2,2.0,2.2,0.8,0.8,3.9,-2.4,1.8,2.4,3.0,0.3,2.2,-1.8,2.5,1.3,0.3,-2.9,9.5,0.8,-3.2,3.5,-0.3,8.4,-2.4,0.4,1.2,11.9,0.5,0.9,1.4,0.3,2.0,-6.5,-5.1,2.0,-0.0,-3.5,5.9,-0.4,3.3,1.9,-2.6,-7.1,2.3,-3.8,-8.0,4.2,-6.3,-2.5,-1.4,-2.5,-1.1,-1.4,-2.2,0.7,-0.8,-0.7,-2.1,-1.7,1.0
2C7L511YCs,0,48.100706,11.628615,4442349.25,2777686.91,543.9,589.6,231,7342,3.2,0.76,0.44,32.65,348.96,-0.53,-0.103,0.842,-0.7,0.2,-0.03,0.24,1.5,0.2,-0.3,-2.3,-0.6,2.1,1.1,4.7,0.3,1.4,4.4,3.4,-1.0,9.1,3.6,-7.7,3.2,-13.0,-7.3,-4.8,-5.1,-5.3,-2.1,-1.0,0.7,-0.3,-2.2,-2.5,-0.9,-1.1,0.9,-6.4,-3.1,-5.1,-7.3,-3.8,-5.4,-5.7,-3.8,-2.7,-1.3,-6.0,-5.3,-2.2,-5.9,-1.4,-3.6,2.7,-0.1,-3.4,-3.3,-0.6,-1.2,0.9,-0.6,-1.3,-2.8,-1.0,-4.1,0.1,-1.7,-0.3,-1.0,-8.6,-5.5,-6.6,0.2,1.4,1.1,0.4,1.6,2.3,-0.6,-1.5,2.1,-1.9,3.1,-5.7,-7.1,-6.3,-6.4,-0.8,-5.8,3.4,-3.4,-0.4,1.1,-9.1,-3.2,-3.9,-2.1,-3.7,-1.9,-5.1,-5.1,-8.6,-0.0,-1.8,-3.4,7.3,0.7,-2.8,-4.0,0.4,-5.9,-0.9,-4.8,-2.0,-4.4,-4.1,-4.0,-1.2,-3.5,-1.9,-2.3,-3.8,-0.4,0.2,-0.8,-2.2,-1.6,3.7,-3.4,0.8,2.2,-0.9,1.3,-9.2,-4.8,-0.2,-5.8,-4.7,-3.0,-4.7,-5.3,-0.3,-4.4,-5.0,2.7,-8.3,-2.1,-1.8,-3.7,-2.4,-6.8,-4.2,-3.6,-1.9,-3.0,-4.3,-2.8,-2.5,0.1,-8.3,-1.3,-2.4,-3.4,-1.7,-3.2,-6.8,-2.0,9.6,-7.3,-7.0,-2.7,-8.7,-7.3,-8.2,-2.4,-5.8,-6.9,-2.8,-5.9,-4.2,-5.0,-5.3,-3.3,-2.7,-3.2,-1.7,-4.1,-5.2,-0.9,-0.4,-1.5,-2.8,-3.4,-4.2,-12.9,-4.7,-3.5,-0.5,-8.1,-14.4,-9.3,-3.6,-6.1,-2.0,-7.4,-7.5,-5.6,-3.5,-4.3,-2.6,-6.2,-0.1,-2.3,1.3,-7.3,-2.4,-5.3
2C7L511YCu,0,48.100724,11.628754,4442359.58,2777689.12,544.3,590.0,231,7344,3.0,0.81,0.41,32.65,348.96,-0.53,-0.103,0.842,-0.4,0.1,0.16,0.23,0.8,0.2,-0.3,0.1,-0.9,0.6,5.5,0.4,-1.2,0.5,0.7,3.8,0.6,1.2,0.2,2.3,-1.0,3.6,-1.0,-1.1,-1.0,-1.6,-11.2,1.6,1.5,1.4,1.9,2.8,4.2,5.7,6.7,9.8,1.1,3.1,-4.5,-5.0,-4.2,-3.8,0.4,7.4,1.7,1.5,1.6,2.0,3.9,1.3,-3.3,-3.6,-0.9,-1.7,-1.3,-2.0,-2.6,-1.4,-0.5,0.3,-2.7,-4.2,-4.7,-0.5,-3.2,-1.9,-3.4,-5.4,-3.7,-6.6,-0.8,-4.5,-0.9,-1.1,-1.8,-1.3,0.4,-1.2,2.7,-0.7,1.5,1.6,-0.6,-1.7,-6.8,3.1,-2.6,3.8,1.4,-0.6,2.8,1.0,0.9,-2.2,0.6,-0.9,-0.4,-1.5,-0.3,6.2,0.8,-1.2,3.8,1.9,2.1,1.5,-0.4,-0.6,1.0,0.1,8.0,-1.3,5.0,-1.7,2.1,-9.3,1.9,-5.8,-0.7,-2.8,0.9,-0.5,-0.6,-2.9,-1.9,1.9,-2.5,-5.5,-1.9,-2.2,-1.4,-0.4,-1.9,-0.2,7.4,1.4,-2.5,-2.1,-2.1,2.8,0.1,-1.6,2.5,0.5,2.0,-2.2,5.2,-0.3,-3.5,-3.1,-0.5,0.7,0.1,-8.6,-1.2,1.1,-1.5,-2.8,0.9,0.1,-0.4,-0.6,0.3,-0.4,1.1,-2.1,2.2,-8.0,-1.3,-14.2,-6.4,0.4,-1.0,3.7,-4.5,-1.7,1.2,0.4,-1.7,-1.0,-2.0,-0.2,-4.0,-0.8,0.4,-1.5,1.2,-1.5,-2.5,-1.8,0.7,-1.2,-1.0,-2.5,-0.6,-5.7,-2.7,-4.6,-2.3,-2.1,-4.3,0.9,1.7,-4.5,-3.2,-0.3,3.5,-0.5,-3.2,-0.8,-1.6,0.2,0.2,-2.2,-2.8
2C7L511YE1,0,48.101238,11.632759,4442656.66,2777752.84,547.9,593.6,231,7413,2.5,0.85,0.42,32.67,348.96,-0.53,-0.103,0.842,-0.8,0.1,-0.39,0.19,0.8,0.2,-0.3,0.3,-1.4,1.4,0.6,-0.3,1.0,0.4,1.1,2.2,2.3,0.0,4.2,-2.4,1.3,-1.2,-0.3,-1.4,-2.0,-1.2,-3.2,-0.2,-5.6,1.6,-2.1,-1.6,-0.4,1.9,-1.6,1.6,-3.2,-4.0,-5.3,-6.0,-4.6,-7.5,-5.2,-0.1,0.2,-1.9,3.0,-2.9,1.4,-3.3,-3.5,-0.5,-2.3,-1.3,-1.5,-3.1,-2.3,-2.8,0.5,-0.5,0.2,0.3,-2.8,0.8,-1.3,-2.0,-0.1,-2.1,1.0,4.6,-0.8,-5.3,-1.8,-0.8,0.8,-1.7,-3.7,1.6,-3.5,-2.9,-1.2,-5.0,-3.1,-3.0,-2.4,-3.2,-2.7,3.6,-3.9,-2.2,-0.4,1.2,-2.0,-1.1,-4.6,-0.4,-6.2,-6.7,-2.2,-0.1,-2.2,-2.7,0.8,0.6,-0.3,1.0,2.4,1.5,-0.1,1.0,1.5,-1.2,-1.0,-1.3,0.8,-3.6,1.3,-0.0,-0.5,0.3,-1.3,1.1,0.2,-0.3,-0.6,-0.0,0.7,-1.0,-0.7,-0.2,-0.7,-1.5,0.6,-4.0,-1.2,-2.3,-4.7,-0.7,-1.5,0.3,-1.3,-4.6,-3.4,-5.2,-2.7,-2.1,-0.1,-8.9,0.1,-3.0,-4.6,-3.7,-1.7,1.4,-0.5,-2.0,-0.9,-0.7,-2.6,-4.0,-0.9,-2.8,-2.1,-5.0,0.8,-2.1,-0.7,-5.1,-1.6,-4.4,-3.6,-7.0,-4.4,-1.5,-8.1,-3.0,-5.7,-5.3,-6.1,6.0,-9.0,-6.5,6.0,-5.9,-4.0,-1.2,-4.4,-1.7,-0.7,-0.9,-6.2,-3.5,-7.8,-7.5,-4.8,-2.5,-2.8,-0.0,-1.5,-4.2,-5.1,-1.1,-2.8,-5.0,1.7,-5.1,-14.4,-9.8,-5.6,-3.5,-3.3,-4.6,-4.9,-6.2,-2.8
2C7L511YEk,0,48.101533,11.635049,4442826.56,2777789.31,535.4,581.1,231,7458,2.7,0.82,0.41,32.68,348.96,-0.53,-0.103,0.842,-0.4,0.1,0.13,0.21,0.8,0.2,-0.3,1.2,-3.3,-2.3,0.8,0.0,-0.2,-1.3,1.5,1.7,2.7,1.6,1.5,1.2,2.7,2.4,1.0,-5.1,0.4,1.4,-3.2,4.0,-1.0,-1.2,6.5,3.2,-0.7,2.9,6.1,8.1,-3.4,7.1,-5.1,2.0,-4.7,0.6,-2.0,4.7,-4.0,1.7,4.8,5.6,10.5,3.6,-0.2,3.7,-1.1,1.2,0.4,2.5,5.2,1.8,2.5,3.2,3.3,0.7,-2.7,0.6,-2.1,-1.5,1.7,0.4,0.5,5.1,3.1,2.7,0.1,0.6,2.7,-0.9,0.3,1.9,2.8,1.2,1.5,10.7,3.4,1.6,6.1,5.3,2.1,6.1,2.5,2.9,2.1,6.0,1.2,3.9,-0.2,0.1,0.4,-0.1,0.6,3.7,-2.8,1.1,0.2,3.0,-0.9,1.9,-0.9,-0.6,-1.0,0.2,3.3,-0.7,1.2,0.2,2.3,-1.7,0.4,-0.8,-0.5,0.1,-2.1,-1.7,-2.5,-3.5,-4.9,-5.1,-1.2,0.4,-0.7,-1.8,-1.3,-1.3,0.8,-2.1,1.0,2.4,-2.5,0.8,0.0,2.7,1.7,-1.4,-1.3,0.7,3.0,0.4,-0.3,2.5,0.4,-2.6,-1.7,-1.5,-0.8,1.6,-0.9,-2.6,-0.6,-2.5,-1.1,0.3,1.8,1.5,-0.3,-1.3,0.4,2.1,-7.1,-4.3,-4.8,5.3,7.9,0.1,3.3,4.7,-7.7,2.6,2.1,2.8,-2.2,-0.8,0.3,-3.3,-2.9,-0.7,0.5,-6.1,0.8,1.9,2.4,-0.4,2.1,1.6,-2.7,1.5,3.3,0.2,0.7,-0.4,1.2,0.6,-1.2,1.3,-0.8,-5.4,-2.3,0.4,-3.1,2.3,-1.5,-0.2,-0.0,0.4,0.2,2.0,-0.7
2C7L511YEl,0,48.10155,11.635186,4442836.71,2777791.48,539.3,585.0,231,7459,3.7,0.69,0.43,32.68,348.96,-0.53,-0.103,0.842,-0.5,0.2,0.18,0.28,2.0,0.2,-0.3,1.1,1.9,0.7,0.6,4.9,0.3,3.6,3.7,4.6,1.9,3.7,1.6,2.2,3.7,3.0,4.4,-1.6,0.7,-2.0,-3.1,-10.3,-6.6,0.8,-5.9,-4.0,-1.3,-1.5,-10.8,2.6,-2.6,3.7,-1.9,-11.6,-4.8,4.1,-4.4,-5.7,-0.9,-3.4,-9.7,9.9,-9.0,-11.7,-5.6,-9.3,-5.2,-0.5,0.2,-4.0,-12.5,3.0,-4.8,-4.0,7.4,-1.3,-4.9,-9.9,-6.2,-5.0,-4.3,-1.9,0.2,1.2,0.2,4.6,0.6,0.9,2.5,-0.3,0.5,1.3,-0.4,-0.4,-1.9,-7.0,-6.0,0.4,-3.8,13.0,0.6,5.8,4.0,-2.2,-0.6,-1.1,-1.8,-1.8,-2.4,-6.4,-3.2,-1.4,-4.8,-5.1,-7.5,-3.1,-11.5,-1.1,-2.7,-0.5,-5.9,-3.5,-2.6,-1.4,1.0,-1.1,-5.1,-2.1,-3.3,-2.8,1.3,-2.6,-1.4,-0.2,-2.4,-0.2,-1.2,-1.1,-0.8,-2.0,-0.7,1.6,1.3,-1.2,1.4,2.7,-0.2,-0.4,-0.8,-9.0,-4.2,1.9,-1.0,-1.1,-2.1,-2.6,-2.7,-1.8,-3.1,0.6,-2.1,0.7,-5.7,-7.2,-5.2,-4.2,-2.6,0.4,-2.7,-6.1,-4.6,-2.3,-1.4,-2.1,-2.4,-2.6,-1.0,-2.2,-3.4,-3.8,-2.4,-5.3,-6.7,-8.2,-6.3,-11.7,-1.3,0.7,-9.5,-4.3,-6.0,3.4,-5.5,-9.3,-2.5,-6.3,-4.8,-3.8,-2.0,2.5,-2.8,-4.9,-3.9,-2.9,-1.3,-2.5,-5.0,-3.7,7.9,-5.6,-5.5,-15.2,1.2,-5.2,-5.4,-8.2,-7.0,-3.8,-3.1,-2.9,-3.5,4.1,-4.3,-5.1,-1.4,-2.3,-1.5,1.4,-1.7
2C7L511YCT,0,48.100528,11.627083,4442235.55,2777664.6,538.0,583.7,231,7317,2.5,0.85,0.42,32.64,348.96,-0.529,-0.103,0.842,-0.9,0.1,-0.29,0.19,0.8,0.2,-0.3,-0.5,0.7,0.7,0.8,0.5,-1.9,-1.7,-0.4,4.5,-0.4,1.7,-0.1,2.1,0.6,-1.5,5.1,0.2,-1.4,2.6,3.0,3.4,4.1,1.4,0.9,3.0,4.3,4.2,1.8,2.5,-0.7,2.5,-8.4,-2.1,1.9,1.4,-0.7,3.0,-0.1,4.8,1.6,0.0,-0.4,0.4,-1.9,-0.4,-0.9,1.1,1.5,6.7,-0.1,5.0,-1.3,1.2,-0.1,-1.9,-2.4,1.0,-7.4,1.3,3.3,1.3,-3.4,-3.2,2.8,7.4,-1.7,0.4,-1.8,4.7,7.7,-3.2,1.0,0.4,1.5,3.3,1.5,3.3,4.0,2.7,2.0,4.5,1.5,0.8,2.4,1.3,4.0,1.2,1.6,4.1,1.8,0.9,-0.5,-0.9,1.6,-0.2,-3.8,-2.0,-1.4,0.8,0.2,-0.6,1.8,2.4,-0.9,0.8,0.2,0.9,0.1,2.3,-2.4,0.4,0.0,-2.1,-1.1,-1.4,-2.3,-0.2,-1.5,-2.9,-1.8,0.4,-1.8,-0.1,-0.7,1.1,0.5,-0.5,0.1,1.5,-1.3,0.4,-2.6,-2.5,2.1,-2.8,-1.7,0.6,0.3,4.0,1.2,3.1,-2.0,2.7,-3.9,-3.2,-3.1,-2.1,0.3,-1.0,-2.5,-3.4,-2.8,0.3,-2.7,2.0,-4.8,-2.5,-4.0,0.6,-1.4,-1.3,-1.9,-1.2,-1.1,-0.5,3.8,-2.5,-6.9,1.7,2.4,-0.1,-4.1,-4.1,-3.7,-2.6,-1.5,-3.2,-3.1,-6.7,-1.9,-4.4,-3.1,-3.6,-2.1,-4.8,-1.4,-1.2,0.0,-1.8,-0.7,0.8,4.2,-2.9,-6.5,-6.3,-7.5,-6.8,8.4,-7.3,-3.6,-1.0,-2.7,-2.2,-2.4,-4.5,-4.1,-4.0,-7.8
2C7L511YDA,0,48.100868,11.62973,4442431.96,2777706.72,548.0,593.7,231,7360,4.0,0.74,0.38,32.66,348.96,-0.53,-0.103,0.842,0.1,0.2,0.85,0.31,0.6,0.3,-0.3,0.3,-0.1,-1.2,0.1,2.2,-0.3,1.7,2.8,1.2,2.8,1.3,0.3,1.3,-0.6,0.4,1.2,0.0,2.0,-0.0,3.9,0.1,0.9,1.5,1.0,2.9,0.1,-1.3,2.4,0.2,-2.6,-1.2,-5.3,-5.2,-3.1,-0.3,-0.4,-0.5,3.1,3.2,2.6,1.9,-0.6,0.2,1.6,2.7,-0.5,-0.5,0.8,1.6,1.8,1.6,0.6,-0.0,-0.3,2.8,-0.4,1.1,2.0,0.1,0.5,0.7,0.3,-5.2,1.8,0.1,0.1,-0.5,0.3,0.5,0.8,-0.3,-1.1,0.8,2.5,0.6,0.6,0.5,1.6,2.2,0.4,0.5,-0.4,0.8,2.7,1.8,1.2,1.0,1.0,-0.3,1.2,1.2,-1.6,-1.6,0.5,0.1,0.1,-0.5,1.4,0.8,1.3,0.5,1.8,3.4,2.1,0.8,1.9,1.4,1.9,3.1,0.8,0.6,1.4,3.2,1.3,2.8,0.7,-0.6,-0.5,-0.0,2.1,2.5,0.4,2.2,1.3,3.2,3.3,9.5,-0.9,-0.6,-0.5,3.1,0.7,3.6,-1.5,1.6,-3.0,-5.0,-0.6,1.0,-3.9,1.3,-1.1,0.3,-1.6,5.6,8.0,-13.7,-14.3,-12.4,-5.8,0.5,-5.6,-7.8,-3.5,-11.5,-10.9,-8.0,0.3,-7.6,-10.5,-11.9,10.3,8.9,-15.3,4.0,-13.0,7.2,9.5,9.2,6.7,7.5,5.5,-0.7,1.3,-2.4,-2.7,2.3,6.6,-13.2,4.8,6.8,6.1,3.4,4.2,5.3,3.2,2.0,5.0,6.7,1.0,4.8,3.1,5.0,3.0,5.6,5.0,5.0,4.5,2.0,1.2,0.6,0.3,0.7,2.1,2.2,2.0,-0.6,1.9
2C7L511YDQ,0,48.10095,11.630366,4442479.12,2777716.85,536.4,582.1,231,7376,3.4,0.74,0.46,32.66,348.96,-0.53,-0.103,0.842,-1.0,0.2,-0.35,0.26,1.0,0.2,-0.3,-4.0,-4.6,1.1,-0.3,-0.8,-0.2,1.9,-3.1,-3.3,-2.5,-10.2,-1.3,-2.1,-5.0,0.9,0.3,1.6,2.7,-3.5,-1.6,-4.0,-2.4,-0.6,2.3,-1.9,-4.1,-2.4,-1.4,-1.1,0.8,-1.3,-8.2,-2.3,-10.8,-0.7,-1.9,1.5,1.4,-1.9,2.3,-0.6,-4.6,-0.4,10.3,-0.5,5.0,-6.5,-1.9,-1.6,-5.2,-1.3,4.8,-2.5,-7.3,0.6,-1.6,2.5,-2.0,-0.9,-0.4,-0.7,0.4,-1.7,2.4,-2.2,-0.9,1.4,2.3,0.8,0.2,2.8,-3.9,-2.5,-5.5,-0.8,2.9,-0.4,-1.4,-0.3,-0.7,-4.1,-3.7,1.9,1.9,-3.1,1.5,-5.9,-2.2,-2.4,-0.6,-1.7,-4.5,-5.7,-0.3,-4.9,-9.4,-5.7,-3.4,-2.0,-2.5,-5.5,-2.9,1.1,1.9,-1.8,3.9,-0.1,-4.5,-4.4,-7.2,-6.0,-9.0,0.4,1.9,1.2,-4.6,-2.9,-5.3,-7.6,-0.0,-3.9,-2.8,-1.1,-5.6,-4.2,-9.9,-4.4,-3.4,-7.7,-7.3,-0.0,2.1,-5.9,-7.3,-6.3,-6.6,-10.4,-8.8,-0.8,1.3,-0.5,-4.0,-2.1,-2.8,-2.0,-3.4,-0.6,-2.3,-0.1,3.6,-3.7,-3.0,-2.9,-3.3,-3.9,-1.0,-1.2,-5.0,-0.3,-1.8,-8.0,-7.5,-7.9,-5.2,-8.4,-4.3,-4.0,-6.3,1.5,0.6,-8.1,2.4,-4.9,3.6,-2.2,-1.8,0.9,-3.4,2.7,-4.7,-4.5,-2.6,0.0,-1.2,-7.9,-13.3,-4.8,-6.7,-14.3,-6.3,-3.5,-7.0,-3.5,-11.7,-4.9,-8.2,-3.6,-11.3,-3.4,-1.8,-2.6,-7.8,-10.5,-2.7,-14.0,-5.6,-6.3,-5.5
2C7L511YDf,0,48.101099,11.631526,4442565.17,2777735.29,549.2,594.8,231,7391,2.3,0.86,0.35,32.66,348.96,-0.53,-0.103,0.842,-0.4,0.1,-0.3,0.18,1.2,0.2,-0.3,-1.6,-1.0,-1.4,-1.1,0.2,-3.6,0.8,-0.5,-0.2,1.3,1.9,1.6,2.4,1.2,1.3,1.6,-1.5,-1.8,-0.3,-0.3,-4.2,-0.2,-1.8,-0.5,-2.7,1.2,-1.1,0.5,-0.7,0.1,-3.4,-6.0,-7.0,-3.6,-4.7,-3.4,-0.3,-4.7,1.9,0.9,-1.6,-0.2,-0.3,0.9,1.3,-3.7,-3.3,-1.8,0.6,1.4,-0.4,2.4,-0.1,1.1,-0.3,0.5,1.2,-0.5,-0.2,-1.2,-2.1,-1.2,-5.1,0.6,-1.6,-2.7,0.9,-13.9,-0.6,0.4,0.6,-0.3,3.3,1.3,1.2,0.1,-2.9,-3.2,-1.6,-2.3,-0.1,-4.5,-3.9,-3.4,-0.7,-1.7,0.7,-4.6,-0.6,-0.3,-3.1,-4.1,-3.1,0.1,-1.4,-4.8,-2.7,1.1,0.5,-2.7,-4.2,1.9,1.8,1.2,1.6,-0.6,0.9,-1.9,0.7,-2.5,1.2,0.8,1.1,1.3,1.7,-1.3,1.4,0.7,0.5,-1.0,0.4,0.8,-3.4,-1.4,1.3,4.8,-1.2,-0.6,-1.1,-1.4,-1.4,-0.0,0.2,-3.3,-5.1,-6.3,-4.3,-2.2,-1.8,-0.9,-2.1,-2.1,-2.0,-0.2,0.7,-0.1,-3.9,1.5,1.5,-2.2,-0.8,4.3,2.2,-2.0,2.7,0.6,-1.3,-2.1,1.0,-3.5,1.0,-3.6,-1.2,-1.7,-7.0,-2.6,-4.4,-6.0,-4.3,-3.1,-1.2,-8.7,-4.7,-3.2,-4.7,4.5,0.2,-2.4,4.5,-1.6,-4.4,0.4,-0.2,-2.0,-1.9,-3.4,-1.9,-3.7,-3.3,-4.0,-7.5,-2.5,-1.1,-5.8,-3.8,-6.3,-2.0,0.5,-1.9,-5.8,-1.6,-2.8,-3.3,-0.6,3.0,-2.2,-3.8,-1.9
2C7L511YDg,0,48.101099,11.631525,4442565.13,2777735.28,546.4,592.1,231,7392,2.8,0.83,0.56,32.66,348.96,-0.53,-0.103,0.842,-0.9,0.1,0.38,0.21,0.5,0.2,-0.3,-3.0,-1.6,-0.7,-0.1,-0.0,-3.4,0.2,-2.6,-2.1,1.7,-1.6,0.3,-2.2,0.2,1.2,-3.8,6.6,-0.5,1.4,-1.8,-2.1,3.3,0.3,1.5,2.2,6.8,-0.9,-1.3,-0.0,-0.9,-4.0,-6.2,-3.2,-0.4,-1.8,-1.6,1.1,-3.9,-1.2,0.3,-1.0,-1.2,0.1,-7.3,2.6,-4.9,-3.2,-0.9,-1.8,-0.3,-2.2,-1.3,-1.2,-0.9,-0.2,-2.1,-0.3,-2.3,-4.1,-3.7,-2.5,-2.3,3.2,-3.4,-2.0,-1.1,-2.8,-3.9,-3.4,-3.2,-0.8,-5.2,0.2,-0.8,-1.2,-6.9,-5.2,-5.0,-6.0,-9.0,-3.9,0.6,-4.5,-4.2,-4.1,-3.6,-3.1,-2.9,-2.0,0.1,-0.9,-3.8,-2.3,-4.1,-4.8,-3.9,-3.8,-5.2,1.7,-3.9,-2.4,-1.7,-3.9,-0.6,-6.4,-2.0,-1.9,-2.0,-3.8,-2.7,-2.6,-3.1,-2.7,-1.1,-1.3,-4.0,4.7,-2.0,-1.2,-2.0,-5.5,-3.4,-2.2,-3.0,-10.3,-6.3,-2.6,6.6,1.5,-5.2,-4.1,-3.7,-0.8,-4.6,-2.3,-3.1,-2.7,-2.4,-2.6,-0.6,-3.1,-3.5,-2.8,-2.5,-2.3,-4.7,-4.5,-3.9,-0.6,-3.2,-1.1,-3.1,-3.3,-5.2,-2.4,-2.1,-1.6,-4.4,-1.7,-5.8,-8.6,-7.2,-3.9,-13.6,-7.7,-3.4,-5.6,-10.8,-6.1,-6.6,-5.6,-12.9,-4.4,-3.9,-4.0,2.8,-2.2,-3.5,-5.4,-4.7,-5.7,-5.2,-4.7,-4.5,-4.5,-4.7,-1.6,-3.6,1.3,-2.9,-6.4,-4.3,-15.5,-1.4,-6.3,-5.3,-10.8,-1.1,-6.4,-6.5,-2.4,-4.5,-2.7,-1.0,4.8,-2.0,-6.5,-7.5
2C7L511YFM,0,48.101856,11.637422,4443002.6,2777829.13,547.5,593.1,231,7496,1.7,0.93,0.26,32.69,348.96,-0.53,-0.103,0.842,-0.4,0.1,-0.51,0.13,0.1,0.1,-0.3,0.1,0.2,-0.7,0.4,0.0,1.4,0.8,0.9,0.9,-2.0,0.1,2.5,-0.3,-0.6,0.7,-0.1,-1.6,0.9,-2.1,-5.8,-2.2,-0.6,0.9,0.8,2.7,0.3,1.4,1.4,1.3,0.2,2.9,-5.0,-1.3,-5.3,-3.9,0.0,0.2,-0.3,1.3,1.3,0.5,0.6,1.2,-0.3,-0.8,0.6,-1.1,-0.6,-1.5,0.4,0.9,-2.0,-0.5,1.2,0.5,-1.4,-0.6,-2.2,-0.6,-1.7,-0.8,-2.7,-3.5,-1.1,-0.4,-0.9,-0.4,0.7,1.9,2.3,-0.2,2.2,1.6,2.1,-1.1,1.0,0.8,-0.1,-0.1,0.5,-1.4,-1.3,0.2,-0.7,-0.3,-0.5,0.4,-0.5,0.5,-0.1,-0.3,0.0,-0.9,-2.0,0.8,-0.7,0.2,3.0,1.9,0.5,1.7,0.6,2.9,0.8,1.7,2.5,0.6,3.2,-0.3,-0.1,0.7,-0.0,-0.4,1.1,-1.4,-2.3,-1.7,0.0,-0.3,-1.9,-1.0,-1.0,-2.2,-1.5,-1.9,-3.2,-0.5,-1.9,-1.9,-1.6,2.0,0.7,1.7,0.6,-2.2,-1.9,-2.0,-1.1,3.3,1.4,0.6,-2.1,-0.7,0.5,-2.2,-2.2,2.3,2.8,1.4,-0.7,2.8,1.1,2.5,4.6,3.9,-4.2,-1.3,-1.0,1.7,-2.8,-3.1,-2.2,-0.5,-3.9,-2.6,-0.4,0.3,-2.7,-0.8,1.0,-0.6,-0.5,-3.9,-1.0,0.8,-1.0,-1.7,-3.1,-2.5,-3.1,-1.3,0.4,-2.1,-2.1,0.1,-1.0,-0.2,-1.3,-0.9,-3.3,-4.1,-2.1,-3.8,-2.9,-2.0,-2.7,-3.9,-1.9,-3.3,-1.7,-2.8,-3.3,-4.5,-2.4,-1.5,-3.3,-2.6,-2.8
2C7L511YEy,0,48.101687,11.635965,4442894.47,2777808.01,542.0,587.7,231,7472,2.3,0.88,0.3,32.68,348.96,-0.53,-0.103,0.842,-0.5,0.1,0.14,0.18,0.5,0.2,-0.3,1.0,-0.6,0.6,0.8,2.1,2.1,1.3,2.2,1.3,0.1,1.2,3.2,0.8,0.5,0.7,1.2,0.2,1.6,-0.1,-4.3,-7.5,0.1,-6.4,0.3,-0.4,-2.5,-0.8,-6.3,-2.3,-4.0,-3.4,-5.6,-5.6,-6.6,-5.2,-4.6,-1.9,-2.4,-2.4,-1.3,-0.1,-3.1,-2.4,-0.7,-1.6,-1.7,-3.6,-1.3,-0.8,-1.6,-1.5,-0.5,-2.0,-1.5,-1.8,-0.8,-2.3,0.6,0.5,0.4,-0.1,-1.5,-2.3,-1.4,-12.7,-14.2,-4.2,1.2,0.6,0.6,-3.3,-0.7,-1.9,0.5,-0.8,0.4,-1.3,-0.2,-0.9,-2.4,-0.0,-2.4,-1.2,-0.5,0.5,-2.5,1.1,-3.0,-2.0,-1.9,-1.8,-4.1,-4.4,-6.1,-0.8,-1.5,-3.1,-1.3,0.8,-0.9,-1.1,-1.1,-2.3,0.7,-0.3,0.3,-0.2,1.9,-1.3,0.5,0.3,0.2,-0.9,0.2,0.7,-6.2,-6.4,-3.0,-4.2,-1.9,-0.5,-2.2,-2.4,-3.6,-3.1,-4.0,-3.6,-1.0,-3.4,-3.4,-1.5,-1.6,-4.0,-2.0,-3.5,-1.3,-2.2,-1.1,-0.3,1.4,2.1,-2.2,-0.6,0.2,0.2,0.2,-1.2,-3.6,-4.6,-3.3,-3.8,-1.2,-2.6,-1.8,-1.7,-12.0,-3.2,-5.1,0.1,-3.0,-3.4,-3.1,-1.0,-3.4,-4.0,-3.6,0.1,-4.0,0.7,-0.9,-1.5,-1.1,-6.4,-4.6,-4.6,-5.0,-6.5,-4.3,-4.2,-3.4,-2.3,-1.1,-4.5,-3.0,-1.3,-3.0,-5.4,-2.7,-2.2,-2.0,-4.3,-5.6,-2.9,-3.9,-2.7,-0.9,-0.2,-1.2,-2.8,-0.4,-2.5,-2.9,-2.5,-1.7,-2.2,-5.6,-3.5,-3.8
2C7L511YFL,0,48.101876,11.637435,4443003.5,2777831.38,551.1,596.8,231,7495,1.9,0.9,0.33,32.69,348.96,-0.53,-0.103,0.842,-0.4,0.1,-0.66,0.15,0.3,0.1,-0.3,1.4,-0.3,-1.5,1.7,0.6,0.3,2.1,0.3,0.6,0.4,0.6,-0.2,-0.5,0.3,0.1,0.7,-1.6,-2.6,-2.7,-2.1,-1.8,-1.1,0.8,0.8,-0.9,2.1,3.2,2.8,2.8,-0.6,1.9,-4.9,-1.6,-4.6,-3.9,2.1,1.1,1.7,2.5,-1.3,1.3,2.5,0.7,0.9,0.5,-1.1,-0.4,-1.4,-1.4,-0.3,-0.3,-1.1,1.0,0.6,2.0,0.5,0.7,0.9,0.4,-0.9,-0.3,-2.5,-2.3,1.5,0.2,0.4,0.8,-0.2,0.9,4.2,3.3,3.3,1.8,3.3,0.3,-1.3,0.5,-1.4,-0.4,1.2,-1.7,1.2,1.8,2.9,1.2,0.4,2.5,1.4,-0.0,-0.1,-0.6,0.1,-3.0,-1.8,2.1,1.3,1.9,2.8,3.4,0.7,1.4,1.8,2.2,1.6,2.3,3.7,1.0,3.4,-0.1,0.1,2.0,0.7,2.4,-0.1,-0.4,-0.3,-0.8,0.8,-1.2,-3.7,-2.5,-3.3,-3.9,-2.1,-0.0,0.6,-0.4,0.3,-0.7,-0.2,1.0,-0.2,3.8,0.0,-0.6,-1.1,1.3,1.8,3.1,4.4,1.4,-1.2,0.2,-1.5,0.4,-0.5,1.3,0.1,0.7,-2.2,9.5,-0.4,-0.5,0.6,0.8,1.7,0.1,1.0,3.2,-0.0,-3.9,-0.3,-0.9,-2.4,1.0,3.4,2.2,0.0,1.6,2.3,-0.2,0.7,-2.2,-2.7,0.6,0.3,-0.6,-2.0,-2.2,0.8,0.4,4.2,-3.6,-1.8,-3.5,-3.8,-0.4,-0.5,0.8,-1.9,-2.3,0.4,-1.1,-1.6,-1.4,-1.8,-0.7,-0.3,-3.1,-4.2,-3.6,-0.9,-11.0,-1.0,0.4,-1.1,-3.7,-3.0
2C7L511YFQ,0,48.101876,11.637432,4443003.25,2777831.36,536.2,581.9,231,7500,2.0,0.91,0.33,32.69,348.96,-0.53,-0.103,0.842,-0.4,0.1,0.02,0.15,0.3,0.1,-0.3,-0.6,-2.0,-0.1,-2.0,0.9,1.2,1.2,1.3,2.8,-0.2,2.2,1.9,2.0,1.1,1.3,1.3,0.5,-1.2,-2.9,-3.7,0.6,0.0,0.8,-1.0,2.2,1.0,1.6,0.6,2.7,-0.1,3.9,-5.1,-1.2,-3.9,-3.6,-3.3,2.1,-1.4,1.3,-0.2,0.2,3.4,-3.8,-2.4,0.0,-1.8,0.8,-1.2,-2.9,0.1,-0.5,-1.3,0.0,-1.1,-1.8,-1.8,-0.4,-0.0,0.7,-1.4,-2.0,-2.6,-2.7,-3.0,-5.9,-0.4,-0.4,0.4,1.1,1.1,1.9,0.2,1.7,-0.6,-2.7,-2.8,-0.4,-1.4,-4.9,-3.0,-1.0,0.7,-0.2,0.7,-1.0,0.6,2.8,3.4,1.7,3.2,-0.6,-2.1,0.0,-2.3,0.8,-0.9,1.4,-1.4,1.2,-1.5,-1.7,-0.1,-1.4,2.8,-1.5,-0.4,1.3,1.4,-1.5,-1.7,-2.0,-1.7,-1.2,-1.2,-1.9,-1.0,-1.1,-4.1,-2.0,-3.3,-6.3,-1.6,-2.5,-1.1,-1.5,0.7,-0.3,0.9,0.3,-0.1,0.3,-2.9,0.7,-0.8,-2.3,-2.2,-1.8,-0.8,1.1,3.9,2.0,-2.2,-1.8,-0.2,-2.4,0.2,-0.2,-1.2,-2.9,2.5,-1.0,-3.9,1.1,-8.8,-2.5,4.5,-0.1,-0.4,1.3,0.7,-1.2,-5.5,-2.4,-4.2,-2.7,-2.3,1.1,-3.7,0.3,-1.4,-0.9,-2.4,-2.9,-2.5,-0.8,-2.3,-2.1,-0.1,-3.9,1.6,0.9,0.0,-1.5,-4.8,-1.1,-0.9,-1.9,-2.5,-2.1,-0.3,-3.0,-0.9,-5.6,-1.9,-0.5,-2.6,-3.2,-1.7,-2.0,-5.3,0.2,0.8,-3.1,-3.4,-1.6,-2.1,-0.8,-2.1
2C7L511YFk,0,48.102045,11.638754,4443101.38,2777852.39,544.0,589.6,231,7520,3.9,0.69,0.49,32.7,348.96,-0.53,-0.103,0.842,-0.5,0.2,-0.4,0.3,1.7,0.3,-0.3,-1.8,2.7,2.7,5.2,2.1,0.1,1.4,5.9,0.4,2.6,0.2,1.6,1.8,-0.5,7.9,4.9,-3.4,5.1,-1.8,2.4,-11.9,-5.6,-0.9,1.1,-0.5,1.0,1.6,-0.4,-1.0,1.3,6.2,-15.0,-3.1,-4.7,-6.6,-3.0,-4.9,-2.0,-0.9,1.6,-1.3,3.5,-2.5,0.5,5.6,-1.0,-10.1,6.8,2.5,6.5,4.2,1.0,-4.1,-0.5,-1.9,1.4,-7.5,5.1,-3.6,-1.2,3.8,-0.7,-6.5,0.1,0.1,7.0,-1.7,1.5,2.4,1.2,0.6,3.3,3.5,1.2,-0.2,1.3,2.9,5.4,4.6,1.4,-4.1,1.5,4.8,0.9,5.5,-2.1,3.1,4.6,1.1,-1.5,0.3,-1.7,2.4,-3.6,-1.6,2.3,0.5,-0.8,3.3,-0.1,0.7,-0.0,-3.4,0.0,3.3,-1.1,0.5,1.5,2.9,5.1,-3.6,-1.1,0.5,3.3,0.6,2.2,-10.0,4.8,-1.2,0.4,5.7,-0.8,-2.9,3.5,3.4,1.7,2.7,3.0,-0.7,-1.7,-5.7,-4.4,8.5,-5.5,-0.2,-4.3,-4.1,-3.5,-3.4,2.6,-8.5,-1.8,-4.2,0.3,-7.0,-3.4,-16.3,-11.9,8.0,-1.9,-0.3,-2.4,2.4,-5.9,8.0,-0.4,3.0,4.1,10.3,1.1,-1.0,-1.8,-0.3,-1.6,-4.5,-2.6,5.6,-3.3,-7.3,-4.9,-5.9,0.1,-1.7,4.1,-1.7,-5.4,-0.4,3.6,-4.7,2.9,1.1,2.2,2.3,-2.9,-0.8,0.9,2.1,-1.4,-2.7,1.5,-0.3,-0.7,-3.5,-14.1,-1.4,-1.9,-4.5,-1.3,-6.0,-7.1,-4.3,-7.4,-0.5,-6.9,-3.3,-0.4,-1.0,3.1
2C7L511YFl,0,48.102038,11.638696,4443097.06,2777851.48,538.4,584.0,231,7521,3.4,0.71,0.41,32.7,348.96,-0.53,-0.103,0.842,-0.2,0.2,-0.03,0.26,2.5,0.2,-0.3,4.7,-3.7,-0.4,0.0,-2.3,0.6,4.4,6.5,-0.4,2.1,-2.6,3.8,1.4,4.4,0.1,0.9,-10.3,-5.4,-2.2,-5.7,-7.8,-6.3,-3.7,-4.5,-4.6,-4.2,-4.5,0.6,-3.3,0.8,-23.6,-10.8,-5.8,-6.6,-7.3,-5.1,-3.1,-3.3,3.9,-0.7,-6.2,-0.5,-6.7,-6.3,-5.1,-3.3,0.5,-2.2,-2.4,-0.7,-7.3,-4.6,-5.8,-6.3,-5.3,-5.6,-5.9,-8.0,-6.0,-4.4,-3.2,-3.6,-3.5,-3.4,-0.0,-1.1,-4.5,1.2,-1.9,-2.9,0.5,0.5,-2.6,-4.3,-4.6,-7.8,-2.7,0.2,-5.5,-7.8,-5.8,2.2,-2.3,-2.5,-3.4,-7.5,-1.4,-5.5,-4.5,-4.9,-3.3,-7.2,-2.3,-6.5,-6.6,-6.4,-5.7,-2.9,-3.7,-3.3,-3.1,-5.5,-2.8,-4.3,-3.8,-5.1,-3.3,-5.0,2.6,-3.4,-4.7,-4.1,-3.4,0.9,-2.8,-3.4,-1.0,0.8,-1.0,-1.6,2.8,-1.1,0.6,-2.7,-2.4,-4.7,2.2,-1.8,-5.0,-6.1,-4.8,-5.9,3.6,-9.0,-8.2,-8.4,-7.7,-8.0,-6.6,-3.5,2.9,-5.8,-7.3,-5.8,2.9,3.7,2.8,-1.0,-2.2,-1.5,-0.6,-1.8,-3.6,-0.9,-4.7,-2.9,1.0,0.8,-9.0,2.5,-5.9,-6.5,-7.9,-12.6,-10.6,-6.3,-4.5,-6.7,-7.0,-8.6,-5.5,-5.2,-4.8,-1.7,-2.6,0.8,-3.1,2.0,-9.5,2.0,3.3,1.4,-1.6,-5.3,-3.2,-1.2,-1.1,-7.3,-2.8,-5.1,-0.3,-7.7,-8.1,-10.9,-5.0,-8.4,-11.3,-3.9,-12.1,-1.8,-1.6,-7.8,-8.9,-0.9,-7.5,3.2,-4.5,2.0
2C7L511YFm,0,48.102039,11.638705,4443097.74,2777851.63,536.0,581.7,231,7522,4.3,0.56,0.46,32.7,348.96,-0.53,-0.103,0.842,0.0,0.2,-0.71,0.33,3.1,0.3,-0.3,-10.3,-3.3,0.4,4.8,-1.3,0.7,-3.5,9.4,-2.1,-2.0,4.8,5.2,3.0,5.8,-3.8,-2.8,-13.6,-7.2,-16.1,-11.3,-6.6,-8.9,-3.0,-2.5,-8.2,-1.8,-3.4,2.3,2.9,1.5,-21.7,-7.3,-7.1,-10.2,-10.7,-3.7,-9.6,-6.4,-17.5,-1.7,-6.9,2.5,-11.5,-5.8,-6.9,-1.7,-0.1,0.0,-0.0,0.9,-3.4,-6.5,-5.2,-4.7,-5.6,-3.8,0.4,-14.2,-5.5,-3.0,-1.9,-3.8,-2.6,-4.2,1.8,1.0,-2.1,-2.7,-2.9,-2.4,-0.1,-3.2,-2.5,-3.2,-4.3,-5.9,-3.7,-5.6,-7.8,-7.4,-3.0,2.3,-4.7,0.5,-5.7,-10.1,-5.7,-8.2,-5.7,-4.3,-5.1,-4.1,-3.4,-7.3,-8.0,-7.6,-12.3,-6.3,-4.1,-6.3,-5.2,-4.7,-3.5,-4.8,-4.6,-5.9,-1.6,-8.8,4.5,-5.3,-2.5,-5.1,-4.1,1.2,-4.2,-4.4,-1.6,9.4,2.7,-8.9,3.1,-1.9,0.8,-4.8,-6.1,-9.4,5.5,-0.6,-5.9,-5.5,-2.0,-3.3,0.6,-5.5,-9.0,-8.6,-6.8,-5.0,-4.0,-0.6,1.9,-2.3,-5.0,-3.1,8.8,4.1,0.4,0.9,1.2,-0.2,-0.2,-0.1,-1.6,-0.2,-3.4,3.7,3.5,-0.2,-1.3,-3.8,-5.9,-6.1,-8.9,-8.2,-8.7,-7.1,-4.5,-5.4,-1.5,-8.8,-5.3,-11.5,-4.4,-2.1,2.2,4.6,4.0,4.1,-1.3,2.9,7.0,-0.7,0.6,-4.3,-2.6,-3.2,-4.5,-10.3,-14.1,-6.5,-14.1,-12.0,-12.5,-13.3,1.5,-2.0,-5.2,-3.5,-8.8,-5.9,-2.7,-5.5,-8.1,-6.4,-9.4,8.5,-9.9,-6.4
2C7L511YFN,0,48.101894,11.637429,4443003.01,2777833.36,544.3,590.0,231,7497,1.5,0.94,0.27,32.69,348.96,-0.53,-0.103,0.842,-0.3,0.1,0.07,0.11,0.3,0.1,-0.3,-0.4,-0.5,0.8,0.1,1.0,-0.4,2.1,-0.1,0.9,1.1,0.3,0.5,-1.6,0.7,-1.3,-1.8,0.6,1.4,0.5,-2.4,0.7,0.4,1.5,3.3,1.6,2.8,2.6,0.6,1.8,1.8,3.6,-4.5,-3.8,-3.3,-4.3,0.7,-0.3,1.2,0.1,3.9,1.2,2.2,-0.1,2.8,-1.6,0.9,3.6,-2.1,-1.6,-1.1,-1.5,-0.2,-0.1,-1.8,-0.7,-1.1,-0.6,-0.9,-2.3,0.6,-0.0,-1.8,0.3,-0.4,-0.7,1.2,0.3,2.0,0.7,1.6,0.2,-0.9,0.1,1.1,-1.3,0.8,2.6,0.1,0.0,0.8,0.9,0.1,0.9,0.5,-0.2,0.1,3.2,1.4,1.5,0.2,-1.1,-1.3,1.1,-2.1,-1.2,-1.6,0.1,2.7,1.6,0.7,-0.4,-1.1,-0.4,1.9,0.0,-0.0,-0.1,0.8,-1.1,-0.6,-2.4,-0.9,0.2,-2.0,-1.5,-1.9,-3.0,-2.5,-1.3,-1.7,-0.2,0.6,-2.1,-1.6,0.6,-1.3,1.8,1.0,-0.9,-1.2,2.5,-0.6,1.9,-1.0,-2.1,-2.3,-1.6,0.4,0.3,2.0,0.4,-2.6,-0.5,-1.4,-0.9,-0.9,-2.9,0.5,-1.9,-0.8,-1.8,-3.3,-0.1,-0.6,0.0,-0.7,-1.5,0.4,1.6,-0.4,-1.2,0.3,-0.8,-3.1,-1.6,-0.1,0.7,-3.9,-1.1,-1.8,-1.7,-0.6,-3.4,-0.1,1.7,-1.2,1.0,1.2,1.3,0.9,-1.0,-1.5,-2.5,-2.2,-0.7,-2.8,0.6,0.1,-1.5,-2.2,-2.7,-0.4,-3.9,-1.7,-2.2,-2.1,-1.1,-1.5,-0.1,-0.1,-2.1,-0.9,-1.3,0.5,0.8,-1.0,-2.3,0.6
2C7L511pFX,0,48.100608,11.627271,4442249.33,2777673.76,542.7,588.4,232,7319,3.8,0.71,0.49,32.64,348.96,-0.529,-0.103,0.842,-0.2,0.2,0.29,0.29,1.1,0.2,-0.3,-1.9,-2.4,-5.6,3.1,-5.0,-1.3,-1.7,-4.8,1.9,-1.8,0.2,-2.9,11.1,-3.4,-4.6,-1.3,-1.4,-0.8,-0.7,1.0,-1.5,-0.7,-3.6,-0.8,1.2,2.5,-0.5,-3.9,-2.9,-3.4,-10.6,-4.7,-2.5,-5.1,0.3,-2.0,12.5,1.7,3.7,3.3,0.4,-0.1,-2.1,2.0,0.5,1.2,-1.1,-2.1,1.2,-0.5,-0.3,0.2,-0.7,0.9,0.3,3.8,-2.7,-3.0,-3.9,-1.4,-2.0,-1.0,-1.1,-1.9,-2.2,-5.4,-2.3,-0.9,0.1,3.7,1.2,2.6,-1.4,-3.1,-14.3,1.5,-0.3,-13.5,-4.2,1.3,-7.3,-4.6,0.1,4.0,2.6,1.2,-3.9,0.0,-1.1,-3.7,-5.8,-3.8,-0.7,0.2,-2.8,1.2,-4.5,0.5,-5.7,0.8,4.3,-2.5,-0.4,-11.9,-0.9,-2.5,-2.0,-0.6,-5.8,-2.4,-3.6,-1.1,-3.0,-3.3,-1.7,-6.2,-1.6,-4.0,0.4,-1.3,-5.2,0.2,-3.2,3.4,1.2,-2.2,-1.5,-6.3,-7.7,-7.7,-1.3,-0.7,-3.4,-3.5,-4.5,1.6,-0.3,2.4,1.5,6.0,5.5,-1.3,-0.8,-1.5,2.3,4.2,-4.2,2.8,-6.0,4.3,-12.4,-2.3,0.5,-2.0,3.6,-12.8,-4.2,5.7,5.2,1.7,-3.6,-3.2,-0.2,-5.1,-4.5,4.7,-0.5,-2.8,2.4,-0.7,-1.3,-2.6,-7.5,-1.6,2.8,4.0,3.5,3.5,-10.9,5.6,-3.9,-5.2,-4.5,-9.4,-2.5,-5.6,-3.0,-0.4,-1.0,-3.9,-4.7,-0.3,-7.2,-6.7,-3.8,-3.7,-0.6,0.3,1.7,-4.3,3.2,3.2,-4.5,6.7,-0.2,2.3,-2.7,-1.1
2C7L511pFb,0,48.10064,11.627523,4442268.08,2777677.78,543.6,589.3,232,7323,3.5,0.64,0.5,32.65,348.96,-0.529,-0.103,0.842,-0.6,0.2,-0.27,0.27,3.9,0.2,-0.3,0.2,2.4,-2.5,-1.2,0.3,-0.9,2.0,0.2,-5.9,0.3,1.9,-1.2,-0.8,-0.9,-3.8,-3.3,2.7,-2.8,-3.3,0.8,-0.9,-3.7,-2.1,-3.6,-7.4,-3.0,-2.1,-0.1,0.4,-8.2,-10.8,-10.3,-13.8,-7.8,-8.2,-10.3,-8.9,-5.9,-4.3,-5.9,-1.9,-10.2,-6.4,-13.4,-2.0,-1.5,-3.7,-0.8,0.3,0.7,-0.5,1.3,1.5,-4.0,5.3,-9.8,0.1,2.6,1.6,1.9,-0.6,-1.5,12.7,1.5,-1.7,1.3,0.8,0.6,-1.7,0.2,-2.7,0.6,-1.8,-0.3,-3.6,-1.3,-4.0,-2.0,-3.0,-2.5,8.5,-8.3,-6.3,-3.1,-2.2,-1.8,-3.8,-7.7,-9.1,-7.4,-11.8,-1.6,-4.5,-7.4,-16.8,-9.0,-3.1,-8.2,-8.6,-12.8,-18.6,-1.5,-2.7,5.8,-6.1,-10.1,5.8,-0.8,-2.6,-4.5,-3.1,-1.2,0.2,0.1,-0.1,-1.2,0.8,-0.4,-1.8,1.3,-0.0,0.9,-1.2,-2.7,-0.3,-3.9,-2.0,-2.8,-2.6,-6.2,-9.2,-5.6,-6.3,-3.1,-6.6,-6.2,-4.7,-4.1,-4.3,-2.6,-0.4,-2.0,-4.6,-2.1,-1.8,-0.8,-5.2,-2.6,1.3,-1.6,-1.8,-0.7,-6.4,-5.7,-3.6,-2.5,-2.2,-3.9,-2.9,-2.2,-7.0,-8.6,-8.4,-9.7,-5.6,1.9,-5.3,-9.1,-14.1,-10.7,-8.0,-6.9,-6.1,-5.0,-3.7,-1.9,-1.4,-0.2,-11.0,-0.6,-2.6,0.5,-5.2,-3.1,-1.0,-4.2,-3.2,-4.7,-3.1,-8.0,-15.4,-5.8,-10.0,-11.0,-12.8,-5.0,-11.6,-13.8,-7.8,-12.2,-3.9,-4.2,-6.8,-4.8,-0.3,-1.9,0.2,8.5
2C7L511pG7,0,48.100858,11.629218,4442393.82,2777704.76,539.5,585.2,232,7355,2.5,0.84,0.41,32.65,348.96,-0.53,-0.103,0.842,-0.2,0.1,-0.17,0.19,1.0,0.2,-0.3,-4.6,1.4,2.1,3.2,1.3,4.8,2.6,2.2,-1.7,-8.9,2.4,-1.1,1.7,4.2,3.6,2.6,-1.6,-1.7,-0.9,-1.7,2.2,1.2,3.1,3.0,3.9,4.9,4.2,2.0,3.4,0.0,2.4,-4.7,-1.2,1.3,0.2,-0.6,3.3,-0.6,3.2,1.7,2.2,-0.1,3.4,-1.6,-0.6,0.3,-0.6,-1.3,-0.2,0.1,-2.6,-0.5,-0.5,-1.5,-0.1,-2.9,0.7,-5.7,-1.0,0.9,0.4,0.1,-0.4,1.3,-6.1,1.5,-2.2,0.1,-0.8,-1.2,-3.2,-0.3,-2.1,0.8,2.9,1.5,1.2,2.0,2.2,2.0,2.4,3.3,1.1,2.4,2.3,2.5,2.2,2.1,-1.5,2.1,0.3,-3.1,-0.9,2.3,0.2,3.0,-1.1,4.6,1.1,1.2,-1.6,3.1,0.6,3.9,1.3,-0.1,1.2,-1.4,0.5,0.4,-0.2,1.5,-4.0,1.5,1.0,-3.1,-6.7,-2.7,-2.7,-1.0,-1.0,-1.7,0.7,2.2,0.6,3.0,0.5,2.5,1.9,0.1,-0.6,-0.7,-2.4,0.2,-2.4,2.4,1.0,2.8,3.1,4.4,-0.4,1.7,-2.0,-0.0,-2.7,-1.5,-2.4,-1.2,3.8,4.0,3.3,2.2,2.3,3.0,2.9,0.7,0.6,2.3,4.7,4.1,5.4,-0.4,0.2,1.1,-3.9,2.4,3.2,-2.7,3.7,4.1,-2.2,-1.1,-2.9,-2.7,-2.3,-3.6,-0.3,1.4,-10.9,-1.4,3.9,0.5,1.4,-0.7,-0.5,-0.1,-0.7,1.6,7.3,-6.7,-1.3,-1.5,-2.6,-4.0,0.3,0.3,-1.1,-0.8,-0.8,-1.6,-1.1,-3.2,-2.2,-2.3,3.8,5.0,-4.5,0.9
2C7L511pG8,0,48.100883,11.629413,4442408.26,2777707.85,544.7,590.4,232,7356,3.3,0.77,0.43,32.65,348.96,-0.53,-0.103,0.842,-0.9,0.2,-0.19,0.25,0.5,0.2,-0.3,-1.9,-0.3,-1.4,-1.0,2.1,7.4,-0.4,2.0,-2.7,1.7,-3.3,-5.2,-3.6,2.3,-1.5,-0.1,-2.5,2.8,-0.4,10.0,-0.1,-0.5,1.2,0.4,3.2,5.4,-2.3,6.5,0.2,-3.3,-2.2,-2.9,-6.6,-4.6,-1.1,4.4,-1.0,3.4,5.2,7.2,-0.4,5.5,-1.0,1.8,-2.0,0.4,-3.2,0.4,4.1,5.4,1.4,2.0,1.3,-3.5,0.5,-0.8,-2.3,-2.4,-1.2,-2.6,-2.2,1.1,-1.1,-3.0,8.1,-0.6,-2.5,2.0,0.0,-1.9,-3.6,-2.2,-0.7,-2.3,-2.2,-1.3,-2.5,-2.9,-2.1,-2.9,5.4,-5.9,3.0,-0.4,-0.7,-3.2,-2.8,-1.9,3.3,-0.8,-4.8,-1.8,0.8,0.2,-0.5,-1.1,0.4,0.8,-1.9,-1.6,2.3,1.0,1.1,-1.2,-1.5,0.2,1.9,2.2,1.9,-1.1,0.1,1.9,2.7,2.7,3.9,2.0,-7.4,-1.8,1.6,1.5,-3.1,-1.5,7.7,0.5,3.3,2.6,-0.5,-2.2,-3.2,-3.7,-8.4,0.7,1.8,2.0,-0.3,6.7,11.2,0.4,2.0,1.8,-2.5,-2.5,-4.1,-4.4,-0.9,-0.5,-6.6,-4.8,-4.2,-5.2,-8.2,-2.8,-0.3,-0.4,-4.0,-0.8,-3.3,-2.5,-1.4,-0.6,-2.4,4.3,-5.0,-4.1,-6.2,-8.1,-0.3,-1.0,-6.1,-3.9,-2.4,-3.0,-9.0,-1.6,2.9,-15.4,-0.1,-2.8,5.2,-2.2,-3.1,-5.7,-3.5,-4.7,1.2,-3.7,-4.0,-5.7,-3.1,1.8,-9.3,-2.3,-3.0,-4.1,-6.3,-3.7,-0.4,-4.7,-5.7,-4.1,-1.6,-4.1,-1.6,-0.7,0.6,-1.8,-2.6,-5.6
2C7L511pGK,0,48.100984,11.630197,4442466.47,2777720.33,549.3,595.0,232,7368,1.3,0.95,0.24,32.66,348.96,-0.53,-0.103,0.842,-0.4,0.1,-0.09,0.1,1.1,0.1,-0.3,-0.9,0.3,-0.9,-0.5,0.2,1.1,0.3,0.7,-0.4,1.9,0.3,-0.1,0.0,-0.4,-1.2,-1.9,-2.1,-1.9,-3.6,-0.8,-3.1,-2.3,-1.3,-0.2,-0.5,-1.3,-1.3,-0.7,-0.6,-4.2,-4.3,-6.6,-7.1,-4.4,-4.3,-3.3,-1.4,-1.1,-0.0,-1.3,-1.5,-1.0,-1.1,-1.3,-0.4,-1.3,-2.6,-1.8,-1.3,-0.1,-0.5,-0.3,-0.6,-1.3,-1.5,-1.0,-0.5,-0.6,-0.7,-0.3,-1.3,-0.4,-1.6,-0.8,-0.3,0.6,-1.4,-1.1,0.2,-1.5,-1.6,-1.6,-2.3,-2.0,-1.8,-2.1,-2.1,-2.4,-1.8,-2.6,-2.3,-3.2,-2.9,-1.4,-0.9,-1.9,-2.1,-2.1,-2.9,-2.8,-3.4,-2.6,-3.2,-1.7,-3.2,-2.2,-1.7,-0.9,-1.2,-2.6,-3.6,-1.9,-0.5,-1.0,-2.1,-1.6,-0.7,-1.3,-0.8,-2.4,-0.8,-1.1,-1.6,-0.1,-1.1,-1.0,-0.6,-1.3,0.2,-0.2,-0.7,-1.4,-0.2,-1.8,-1.7,-1.5,-1.2,-1.5,-2.3,-4.0,-3.0,-3.3,-1.7,-2.9,-4.5,-4.1,-3.3,-1.3,-0.8,0.3,-0.3,-2.2,2.8,1.5,-1.9,0.5,-2.3,-1.5,-1.1,-1.5,-2.2,-3.4,-3.2,-2.2,-2.1,-3.0,-0.8,-3.2,-0.1,-3.0,-3.6,-3.0,-3.7,-5.3,-5.4,-1.5,-3.3,-6.0,-1.9,-2.6,-2.0,-3.5,-4.5,-3.7,-1.9,-8.8,-1.4,-1.5,2.5,-1.8,-2.9,-2.0,-1.6,-2.1,-2.6,-2.5,-3.0,-2.2,-3.1,-6.9,-4.8,-3.8,-3.9,-5.2,-4.1,-3.6,-2.8,-2.9,-2.9,-4.1,-2.0,-3.0,-2.4,-1.7,-1.1,-2.0,-2.7,-2.9
2C7L511pGL,0,48.100983,11.630194,4442466.22,2777720.28,546.4,592.1,232,7369,1.2,0.95,0.13,32.66,348.96,-0.53,-0.103,0.842,-0.4,0.1,-0.15,0.09,1.1,0.1,-0.3,-1.1,-0.6,-0.2,-0.7,-0.1,-0.1,0.1,0.1,-0.4,1.5,-0.0,0.5,0.2,-0.5,-0.6,-0.2,-1.0,-1.7,-2.6,-0.8,-2.9,-2.3,-1.1,-0.0,-0.2,-0.8,-1.4,-0.7,-1.1,-3.6,-4.5,-6.3,-6.3,-4.4,-3.6,-3.0,-0.8,-1.3,0.1,-1.3,-0.9,-1.3,-1.2,-1.0,-0.8,-1.6,-2.1,-1.9,-1.0,-0.6,-0.7,0.2,-0.6,-0.7,-0.5,-0.9,-0.2,-0.9,-0.6,-0.6,-0.9,-0.4,-1.1,-0.9,-0.8,0.7,-1.5,-1.1,-0.8,-1.0,-2.0,-1.7,-1.9,-1.2,-1.0,-1.2,-1.8,-1.6,-1.3,-2.5,-1.7,-2.7,-1.6,-1.4,-1.4,-2.3,-1.9,-2.3,-3.3,-2.6,-2.9,-3.2,-3.8,-1.7,-3.7,-2.3,-2.2,-0.9,-1.6,-2.0,-2.4,-1.1,-0.1,-0.7,-1.5,-0.7,-1.0,-1.3,-0.9,-1.5,-1.1,-0.9,-1.1,-0.4,-0.5,-0.8,-1.3,-1.4,-0.4,0.1,-0.8,-1.5,-0.7,-1.3,-1.1,-0.6,-1.6,-1.1,-1.5,-3.4,-2.8,-3.0,-2.7,-2.8,-4.6,-4.1,-3.4,-1.2,-0.6,0.2,-1.0,-0.8,1.6,1.1,-2.2,-0.4,-2.0,-0.9,-0.5,-1.4,-1.4,-1.6,-1.6,-1.4,-1.5,-2.3,-1.3,-2.6,-0.0,-1.4,-2.6,-2.1,-3.3,-5.0,-5.4,-2.6,-3.1,-5.3,-2.2,-1.9,-2.1,-3.4,-4.8,-4.0,-2.1,-6.9,-1.7,-1.7,5.2,-2.0,-2.2,-2.0,-1.9,-2.0,-2.7,-2.8,-3.3,-2.2,-2.6,-5.8,-4.2,-3.6,-3.2,-5.3,-3.2,-3.5,-3.4,-3.0,-3.0,-3.8,-2.6,-3.0,-2.4,-1.9,-1.4,-2.4,-2.6,-2.6
2C7L511pGM,0,48.100983,11.630193,4442466.11,2777720.26,543.5,589.2,232,7370,1.7,0.93,0.27,32.66,348.96,-0.53,-0.103,0.842,-0.4,0.1,-0.16,0.13,0.8,0.1,-0.3,0.3,0.1,0.7,0.3,1.1,-1.7,-0.2,-1.3,0.4,-0.9,2.1,0.6,0.2,0.2,-0.9,-0.2,-0.1,-1.5,-2.0,1.1,-2.0,-3.2,0.6,1.1,0.6,-0.8,-0.6,-0.5,0.9,-3.8,-5.9,-5.4,-5.7,-4.8,-1.7,-4.9,-1.2,-2.2,0.1,-1.9,-1.0,-0.2,-2.3,-3.5,-0.5,-1.6,-0.3,-2.2,-0.6,-1.6,-1.1,-0.8,-1.1,-1.1,-0.8,-0.8,0.8,-1.3,-1.0,-1.2,0.4,-0.9,0.1,-1.1,-1.2,0.4,-1.0,-2.2,-1.5,-0.5,-3.3,-1.0,-3.9,-2.3,-1.8,-2.4,-2.9,-2.2,-2.8,-3.3,-2.3,-1.9,0.2,-1.9,-1.0,-2.1,-0.7,-1.6,-4.3,-2.9,-4.5,-1.9,-3.7,-1.0,-5.8,-0.2,-0.7,-1.0,-1.5,-0.2,-2.3,-1.7,-0.1,0.2,-2.5,0.2,-2.0,-0.2,0.5,-0.8,-1.9,-1.2,-0.0,0.2,-0.2,0.6,-1.5,-1.6,0.8,-0.1,-0.2,-1.2,0.6,-0.9,-1.2,-0.3,-0.9,-2.5,-2.0,-2.6,-2.2,-1.9,-2.4,-1.2,-4.5,-5.7,-3.4,-1.1,0.6,1.8,-1.1,-2.0,-2.3,-0.9,1.1,1.4,-3.5,0.7,0.7,-1.2,-1.5,-0.8,0.2,-0.2,0.1,-0.5,0.5,-1.1,0.1,0.3,-1.7,-0.7,-5.1,-4.1,-4.6,-0.9,-4.1,-5.4,-0.9,-1.5,-1.9,-4.2,-5.4,-4.0,-1.4,-6.6,-1.0,-1.9,-13.8,-1.3,-2.2,-1.5,-1.8,-2.5,-2.4,-2.6,-3.0,-0.9,-2.2,-4.7,-4.2,-3.8,-3.2,-5.2,-2.7,-1.6,-3.7,-3.5,-3.0,-4.3,-1.3,-3.3,-2.2,-0.6,-1.5,-2.0,-1.7,-2.9
2C7L511pGm,0,48.101172,11.631659,4442574.92,2777743.6,543.8,589.5,232,7396,4.1,0.69,0.47,32.66,348.96,-0.53,-0.103,0.842,0.2,0.2,-0.88,0.31,1.7,0.3,-0.3,2.0,3.6,2.9,2.6,3.7,3.3,1.2,4.1,3.0,2.4,1.5,8.3,8.7,3.8,4.9,5.5,2.4,4.7,0.4,6.2,-0.1,-0.2,-2.4,0.2,-2.6,4.4,1.0,12.5,-2.4,3.8,-9.3,-4.0,-6.2,-8.5,-6.2,-1.0,-1.5,-1.1,-0.4,-1.1,-0.9,7.3,0.5,-0.0,-3.7,3.5,-4.2,-2.3,-1.4,1.0,0.2,1.4,0.1,3.9,3.2,1.2,0.1,3.6,2.9,0.7,-0.9,1.7,-1.9,1.6,2.2,-1.3,0.5,0.6,2.4,2.6,0.8,1.4,2.4,3.6,5.1,7.6,3.3,6.3,5.9,6.1,7.4,5.2,3.0,5.1,3.8,-1.5,1.8,0.7,2.7,-4.6,-1.8,6.9,3.5,2.9,-0.5,1.6,-0.9,0.3,2.2,15.6,10.5,3.3,5.5,12.8,3.5,-7.8,5.0,-3.3,4.7,3.2,0.5,-0.4,1.4,-0.1,2.7,-1.4,0.6,1.5,0.8,4.4,-4.1,0.4,-0.6,3.9,5.4,6.4,4.6,6.6,13.9,3.9,18.4,3.5,8.4,0.3,17.5,18.1,18.0,-4.4,6.6,0.0,-1.4,1.0,-4.8,0.4,2.1,2.0,-3.3,2.3,0.8,1.9,-0.8,-1.4,6.7,3.6,6.6,-0.0,7.0,3.8,5.5,4.5,1.1,3.6,6.6,4.9,6.9,0.2,5.4,-4.6,1.1,4.7,4.6,3.1,2.3,-2.3,-2.5,-3.3,0.9,2.3,-4.0,1.6,2.6,3.7,4.9,7.0,-0.8,4.6,3.1,5.1,3.8,3.6,-1.1,0.9,1.7,-1.2,2.2,2.0,0.4,5.2,-4.6,2.8,0.0,-2.7,0.9,1.4,3.5,-1.2,0.6,2.0
2C7L511pHr,0,48.10166,11.635463,4442857.15,2777804.14,544.0,589.6,232,7463,1.8,0.92,0.29,32.68,348.96,-0.53,-0.103,0.842,-0.6,0.1,-0.08,0.14,0.5,0.1,-0.3,-1.1,-2.0,1.1,0.3,-0.5,-0.3,0.6,-1.2,0.1,0.0,-1.9,0.6,-0.6,-1.1,1.0,1.1,1.9,-0.2,-0.8,-3.6,-0.7,0.9,0.8,2.0,2.8,2.3,2.8,2.2,1.6,0.9,0.9,-3.1,-3.2,-1.6,-0.4,-2.2,-0.4,5.9,1.6,3.8,0.2,4.0,-0.4,-0.5,-0.2,1.4,0.8,0.1,1.2,0.8,2.7,0.8,1.5,-0.1,-1.0,0.2,0.0,-0.8,-0.2,0.8,-0.3,-0.2,2.7,-0.6,0.9,-2.9,-1.1,0.2,0.2,-0.1,2.5,0.7,1.2,0.8,0.1,2.3,0.7,1.1,1.6,0.8,-0.5,0.8,0.6,0.5,0.5,0.6,2.1,-1.2,-2.0,0.1,0.0,-0.7,-3.5,-3.4,-1.7,1.2,4.5,2.6,0.7,-3.0,-1.9,1.6,-2.7,3.7,-0.3,-1.6,0.5,0.8,-0.6,-0.3,0.2,1.0,-1.7,-1.0,-1.1,0.3,-1.1,0.0,0.5,1.3,1.5,0.6,2.6,0.7,-1.0,0.6,0.5,0.1,-0.6,-3.2,2.9,-1.4,-0.8,-1.8,-3.2,-1.9,-0.4,-1.9,-0.3,1.1,-1.9,-2.3,-1.7,-0.7,-0.4,-2.6,-0.2,-0.6,-0.6,-0.4,1.5,-2.7,0.1,0.5,-1.0,-0.2,-0.2,-0.9,1.3,-0.5,-3.2,-8.2,-6.4,-4.4,-7.2,-1.1,-1.4,-3.8,-0.1,-4.1,-0.1,-3.1,-4.0,-2.7,0.3,0.2,-2.2,-0.7,1.8,-2.9,1.5,-0.2,0.7,-1.8,-3.8,-1.7,-3.9,-0.3,-2.0,-2.8,-1.4,-7.1,-6.9,-2.4,0.2,-0.4,-4.3,-2.4,-0.5,0.0,-0.4,-0.4,-1.2,-0.0,-0.3,-1.3,-2.0,-0.2
2C7L511pHw,0,48.101683,11.635639,4442870.16,2777806.95,538.7,584.3,232,7468,2.3,0.83,0.39,32.68,348.96,-0.53,-0.103,0.842,-1.4,0.1,-0.93,0.18,1.6,0.1,-0.3,1.5,0.4,0.5,1.1,0.8,0.5,2.3,1.3,0.4,3.1,0.1,1.9,0.6,0.4,1.4,-0.1,0.0,-0.3,-3.6,-4.5,-0.8,-3.1,-2.4,-1.4,-1.0,0.1,-1.6,-1.8,-0.8,-3.9,-0.8,-7.0,-7.1,-5.6,-2.9,-3.8,0.1,-1.7,-2.6,1.9,-2.1,-6.4,-1.6,0.3,2.8,0.3,0.9,3.9,0.9,3.7,1.8,2.0,1.6,1.2,-1.6,-0.7,-1.1,0.2,0.2,-0.8,-0.7,-0.8,-0.8,-2.2,-1.8,-1.7,-2.1,-0.8,-0.2,-1.3,-0.7,-1.3,-0.0,-1.1,-2.2,-1.7,-0.8,-1.6,-0.6,-0.9,-2.8,-0.2,-1.8,0.2,-0.5,-1.2,1.0,0.0,-2.7,-4.0,-2.2,0.2,0.5,-7.6,-0.4,-1.6,1.8,-5.5,4.1,3.3,1.2,0.7,3.7,2.9,1.7,2.5,1.3,2.3,3.0,4.3,3.4,2.3,1.0,1.5,-0.2,2.2,1.4,0.7,1.0,1.4,1.3,1.7,-0.6,0.3,1.1,6.2,1.2,1.5,-3.1,-4.3,2.8,-0.9,-1.2,-3.3,-7.9,-6.1,-3.2,-3.4,-1.3,0.8,-4.8,-3.7,-3.3,-2.1,-0.6,-0.8,-0.5,-0.1,-0.5,-1.5,-1.9,-3.6,-2.8,-3.4,-1.7,-1.2,-0.5,-4.8,-2.4,-2.5,-6.8,-10.1,-6.9,-8.3,-9.2,-4.8,-4.1,-9.1,-4.5,-4.7,-6.7,-8.4,-10.2,-4.9,-4.5,-1.2,-1.9,-2.9,-2.8,-2.3,-4.5,-8.0,-9.9,-4.4,-3.5,-6.1,-5.5,-6.6,-8.1,-4.8,-10.4,-4.3,-5.5,-5.4,-4.8,-6.1,-6.8,-9.5,-6.6,-8.0,-3.3,-7.6,-9.4,-7.2,-3.2,-4.3,-2.9,-3.8
2C7L511pHy,0,48.101696,11.635743,4442877.88,2777808.6,538.5,584.2,232,7470,3.2,0.79,0.42,32.68,348.96,-0.53,-0.103,0.842,-0.7,0.2,-0.17,0.24,0.8,0.2,-0.3,0.8,-1.0,-2.1,0.3,-5.4,3.7,-2.0,-1.7,3.0,2.5,-2.2,11.3,-2.6,1.4,-4.7,1.0,2.7,2.6,-10.7,-3.7,1.9,3.6,7.8,13.1,14.9,-8.6,8.0,-2.8,4.3,2.2,-3.2,0.5,-5.9,-5.1,-3.0,-2.8,4.9,0.1,2.3,1.5,4.3,0.1,4.3,-1.2,3.6,2.0,7.2,4.2,4.9,-0.7,0.4,-0.2,0.0,-3.3,-1.0,1.7,1.2,0.1,-0.2,-5.9,-4.1,-0.5,-0.8,-0.9,-7.1,-4.1,-2.6,-2.9,-3.9,-3.7,1.4,-0.5,-1.5,0.7,1.0,1.6,-0.3,0.9,-0.3,1.7,2.0,0.8,2.0,-6.1,0.0,-0.4,4.9,1.2,3.2,2.9,-0.2,-0.5,-0.9,-2.0,1.6,-3.9,-0.1,6.5,3.5,0.1,0.9,0.8,1.5,3.2,5.1,2.9,4.5,1.4,0.2,-1.7,-0.2,-0.2,1.2,0.6,1.3,2.3,0.3,-1.2,-2.0,-2.1,-0.2,-1.5,-0.8,-2.3,-1.3,-0.9,0.4,0.8,0.7,1.4,1.5,-0.5,1.3,0.8,-6.0,-3.1,1.6,0.1,3.3,2.2,0.4,-0.3,0.4,-2.7,3.1,-2.7,0.7,-1.4,-2.4,-0.0,-2.0,-4.1,-0.5,0.8,0.7,-0.4,0.4,3.6,0.1,1.1,-0.6,-5.7,1.1,-3.5,-3.8,-6.0,2.1,-4.0,-4.1,1.7,-0.7,1.9,-4.2,-1.8,-6.0,-7.8,-1.3,-2.9,3.4,-5.0,-2.2,-2.0,-0.5,-0.8,-1.5,-4.4,-1.5,-2.3,-2.2,-1.3,-3.6,-1.5,-4.2,4.1,-4.1,-1.3,-0.2,-0.9,-3.3,-3.8,-1.4,-1.1,-0.6,-2.8,-3.2,-3.7,-2.9,0.4
2C7L511pHz,0,48.101698,11.635761,4442879.25,2777808.9,536.6,582.3,232,7471,1.4,0.94,0.26,32.68,348.96,-0.53,-0.103,0.842,-0.4,0.1,-0.07,0.11,1.0,0.1,-0.3,2.8,-1.3,1.0,2.3,0.9,-0.4,1.3,3.7,0.3,-0.8,-1.2,0.4,1.9,-1.1,-1.7,0.4,1.0,-0.6,-3.4,-3.3,-0.3,-1.2,0.3,-0.9,1.9,-1.6,-3.0,-3.5,-3.0,-3.2,-0.8,-6.4,-6.3,-7.3,-5.4,-6.1,-2.5,-2.0,-2.9,-2.0,-2.4,-3.1,-4.2,-3.0,-2.3,-2.8,-1.2,-2.3,-3.7,-3.0,-2.5,-1.2,-1.2,-3.4,-2.2,-1.4,-2.9,-1.6,-1.0,-1.8,-1.5,-2.5,-0.3,-2.9,-3.3,-4.5,-2.3,-1.9,-2.4,-2.9,-1.4,-1.6,-1.5,-1.2,-2.7,-1.5,-2.0,-1.6,-2.7,-2.4,-2.2,-2.3,-1.7,-2.5,-1.9,-2.2,0.1,-1.8,-2.2,-2.2,-2.7,-4.3,-3.2,-5.2,-2.2,-2.9,-2.0,-1.8,0.2,-3.3,-2.7,-2.1,-1.5,0.1,-1.9,-1.5,-1.4,-0.8,-2.5,-1.9,-1.8,-1.8,-0.4,-1.3,-1.2,-2.1,-1.8,-1.3,-2.0,-1.6,-1.8,-0.7,-1.3,-2.5,-2.1,-0.8,-1.6,-1.6,-2.6,-3.3,-1.6,-2.0,-0.8,-2.3,-4.8,-4.2,-3.0,-2.5,-0.3,-0.2,-3.4,-2.9,-3.1,-3.2,-1.4,-1.6,0.8,-0.5,-1.4,0.0,-1.1,-1.0,-1.7,-0.9,-1.5,-2.4,-0.5,-2.5,-1.5,-2.8,-3.4,-6.6,-3.8,-6.1,-5.5,-3.5,-0.8,-6.0,-2.3,-2.0,-2.9,-4.3,-5.0,-4.3,-5.6,-0.8,-2.6,-2.0,-5.1,-3.1,-1.6,-1.9,-1.1,-1.7,-2.6,-2.8,-2.4,-3.7,-3.4,-3.8,-4.4,-2.7,-4.6,-4.7,-3.0,-3.5,-4.0,-3.8,-4.5,-4.7,-3.3,-4.5,-3.9,-3.7,-2.9,-3.7,-3.2,-2.6
2C7L511pF7,0,48.100424,11.625694,4442132.31,2777650.74,539.2,584.9,232,7293,4.2,0.63,0.5,32.64,348.96,-0.529,-0.103,0.842,-0.8,0.2,-0.42,0.32,1.9,0.3,-0.3,1.2,3.0,5.2,-0.4,-6.1,-0.3,1.3,4.8,-1.7,-4.7,11.0,0.4,-4.4,-3.3,-6.8,-8.3,-4.9,-3.5,-2.7,-3.9,7.1,-5.5,-3.7,-6.2,-3.7,-4.4,3.6,2.2,0.5,-7.5,-4.5,-4.5,-12.6,-4.6,-8.3,-5.1,-5.6,-0.9,4.9,-1.8,-2.9,-3.1,-14.2,-3.4,-3.1,0.9,0.9,-7.1,-2.9,4.6,1.1,-4.0,0.1,-3.6,-8.5,-3.6,-2.8,-2.5,-2.1,0.5,0.9,-0.7,5.9,7.3,-8.0,-7.2,-0.4,0.3,0.4,-3.3,-13.7,-6.7,-5.2,-1.9,-4.3,-2.6,1.0,-0.6,-0.4,-0.2,-3.0,-3.0,0.5,-7.0,-9.3,-1.8,-9.0,7.3,-1.2,-6.0,-1.6,-6.6,-12.9,-9.2,-8.7,-9.5,9.2,-4.3,-7.0,1.7,-1.3,-2.8,-0.8,2.1,-0.3,-5.7,3.4,3.4,-4.0,0.6,-0.6,8.5,0.4,1.2,-0.2,0.3,0.9,-1.4,1.5,7.6,6.3,-3.4,-1.6,-4.2,-2.5,-4.0,-1.7,-4.1,-2.5,-7.4,-6.3,-1.5,-6.5,-2.5,-5.9,-7.5,-3.1,-5.5,-0.5,1.9,8.1,-2.9,-14.7,-11.8,-3.8,-1.0,-9.7,-2.3,0.6,-3.1,-7.8,-4.6,-4.0,-6.9,-5.0,-2.5,-2.0,-5.1,-4.8,-2.7,-2.3,-6.3,-4.6,-10.4,-8.5,-3.7,-1.1,-9.1,-7.2,-4.1,-5.1,-3.8,-7.9,0.8,0.9,-1.6,-1.3,-1.5,-5.1,-4.5,-9.7,0.1,-4.8,-7.1,9.1,-2.4,-3.8,-4.4,-8.0,-10.3,-4.6,-11.2,-9.2,-12.3,-8.6,-3.8,-8.8,-6.6,-8.3,-8.6,-7.3,-5.4,-3.8,1.5,-6.1,-2.9,-5.3,-6.7
2C7L511pG4,0,48.10087,11.629164,4442389.75,2777705.95,543.9,589.6,232,7352,3.6,0.58,0.4,32.65,348.96,-0.53,-0.103,0.842,-0.1,0.2,-0.57,0.27,4.0,0.2,-0.3,2.2,1.9,1.6,-1.0,3.7,0.5,0.9,2.7,-1.3,-1.4,4.1,1.3,7.6,5.8,7.5,10.5,8.5,6.1,7.9,8.9,0.9,9.4,4.7,10.4,10.4,13.7,7.6,5.0,4.4,9.1,7.0,5.3,5.0,7.3,7.5,8.3,5.2,10.5,10.7,10.0,4.2,3.6,9.2,12.5,12.9,1.4,2.6,0.3,1.1,2.7,0.6,0.3,1.9,1.3,-0.3,-0.2,0.8,0.8,0.9,-0.2,0.6,3.1,3.9,1.1,-0.7,1.6,0.2,-1.3,1.6,1.7,3.4,4.1,-0.6,0.5,9.1,9.0,10.6,10.4,9.3,9.6,3.5,8.1,2.0,-0.8,4.9,9.8,11.1,8.1,6.3,12.1,7.7,2.8,4.5,14.8,13.3,7.9,6.6,11.7,9.0,12.4,3.3,9.5,10.0,8.6,8.5,11.5,11.2,7.0,4.4,8.0,7.8,2.5,5.0,2.0,1.5,-3.5,12.5,12.9,0.6,2.7,4.2,1.9,1.0,4.6,12.3,17.0,-1.3,7.3,10.1,9.6,8.8,14.4,7.5,6.6,10.7,7.6,7.2,7.4,11.2,3.9,5.3,-1.1,-0.3,-1.5,0.3,3.6,2.2,0.8,2.0,4.6,-1.2,-0.1,2.7,3.4,11.7,-1.1,9.5,5.1,11.6,2.7,13.0,10.0,4.6,8.0,9.1,5.3,3.7,9.4,2.5,7.0,4.1,5.4,6.8,-1.6,-1.4,0.4,1.7,-0.4,-1.6,0.5,0.3,3.6,1.0,4.7,-0.2,7.4,4.4,7.7,11.8,7.0,24.0,14.4,8.0,11.1,9.9,7.1,6.5,6.9,4.1,-2.9,-0.8,0.0,-0.3,1.4,2.4,0.7,0.8,3.5
2C7L511pGI,0,48.100991,11.630109,4442459.87,2777720.98,550.5,596.2,232,7366,2.1,0.9,0.38,32.66,348.96,-0.53,-0.103,0.842,0.0,0.1,-0.5,0.16,0.5,0.1,-0.3,-1.0,-0.8,-0.5,-2.2,-1.2,2.4,-0.6,1.7,-1.4,1.2,-0.4,2.8,-0.1,-1.3,-1.1,0.4,-1.6,0.1,-2.5,1.3,-2.1,1.1,0.5,1.8,0.6,0.2,-0.2,1.6,0.5,-0.8,1.7,-1.1,-2.7,-3.0,-0.9,-0.3,-1.6,1.7,1.3,1.9,-1.0,-0.2,-1.0,1.3,1.7,-0.6,-1.2,1.6,-1.3,2.5,3.9,0.8,4.0,-0.6,1.6,-0.5,0.6,-0.4,-0.5,1.5,-1.1,-0.6,0.9,-1.4,-1.0,-0.0,-0.9,-1.6,-0.5,0.9,-2.0,-2.6,-2.8,0.7,1.8,-0.7,-0.2,0.2,0.9,-0.8,-1.6,-2.4,-0.6,-0.1,1.1,-1.9,-0.7,-2.3,1.6,-1.9,0.4,-1.5,-0.6,2.2,-0.9,0.3,-0.6,0.5,1.3,0.9,1.2,3.5,3.3,2.1,1.8,1.4,0.8,2.0,0.9,1.6,-0.3,0.0,0.9,-0.1,0.8,-0.7,1.4,-1.0,-1.0,2.1,-0.5,0.3,-1.3,-1.3,1.7,5.2,-0.1,3.6,2.1,0.1,0.3,-0.6,0.9,-0.0,-4.2,2.6,2.6,3.3,5.1,7.8,7.6,-0.4,13.4,10.6,3.3,1.2,3.3,-2.6,1.8,4.6,2.1,-0.4,0.5,-0.8,2.0,-2.4,0.1,-1.4,4.6,0.9,1.4,0.9,0.8,-1.2,-2.6,1.7,-1.2,-2.3,1.4,-1.6,-3.2,0.1,-2.8,-3.4,-0.4,-3.2,-0.9,2.3,-1.9,-1.5,1.3,-0.6,0.6,0.5,-1.0,4.3,0.1,0.9,0.7,-1.4,0.2,1.2,2.3,-1.3,1.1,0.7,1.0,-0.1,-0.5,-0.4,-1.4,-4.2,2.7,-3.1,1.0,0.4,-0.5,0.9
2C7L511pHE,0,48.101373,11.633079,4442680.19,2777768.27,535.3,581.0,232,7424,4.6,0.36,0.49,32.67,348.96,-0.53,-0.103,0.842,-0.7,0.2,0.24,0.35,5.1,0.3,-0.3,-2.8,-3.2,1.6,1.8,2.4,6.3,2.7,3.7,0.6,-0.6,-4.5,-11.9,-6.0,-1.3,2.9,-1.2,9.1,-0.4,-6.2,16.5,-7.3,7.1,15.1,14.9,13.3,-4.3,14.7,14.4,10.9,6.8,5.7,10.6,10.6,3.0,1.3,6.5,8.2,6.3,7.3,6.5,9.3,8.6,9.5,10.9,9.3,10.0,9.1,10.0,-6.9,17.4,-3.3,-7.9,13.4,-4.9,-4.7,-3.3,5.4,-4.6,-5.0,1.7,6.3,-7.5,-0.9,1.4,-4.3,-0.0,2.4,3.0,0.4,1.0,-2.7,3.5,2.8,2.9,2.5,6.4,11.2,-1.0,-3.2,2.7,-1.5,0.2,1.8,5.0,10.3,9.2,10.5,11.5,10.9,9.0,7.7,7.0,8.3,2.2,8.9,8.4,8.3,11.4,9.7,6.6,8.6,7.7,8.7,12.2,10.9,12.0,10.5,11.9,10.1,-4.1,-3.5,-0.6,-3.4,-3.3,-3.5,-2.6,-3.2,-5.6,-4.3,-2.7,-1.8,-4.1,-1.7,-2.4,-4.5,-0.4,-6.9,-1.9,-3.4,5.2,8.8,7.4,12.8,9.5,7.8,6.5,8.4,4.6,8.5,10.1,9.0,7.4,-3.5,4.2,-7.4,-7.6,-0.3,-4.2,0.5,-1.5,-1.4,-4.4,-0.5,-2.2,-1.2,-2.1,-8.1,-8.9,3.7,7.3,-0.8,6.0,5.0,7.1,1.2,2.7,4.7,4.7,4.3,6.9,5.0,7.4,4.9,5.8,5.0,0.3,1.5,-0.0,3.6,-4.3,1.1,-0.5,-2.8,0.2,0.1,7.6,1.5,-0.8,8.3,4.6,4.3,7.0,2.7,-0.7,5.9,4.2,1.3,1.2,3.7,3.7,4.8,0.7,7.2,-2.8,3.8,-0.7,-0.7,-4.9
2C7L511pHQ,0,48.101496,11.634044,4442751.8,2777783.6,548.7,594.4,232,7436,2.8,0.82,0.39,32.67,348.96,-0.53,-0.103,0.842,-0.4,0.1,-0.38,0.21,0.6,0.2,-0.3,-2.6,-2.4,-4.9,2.7,3.3,-1.1,1.3,1.6,2.5,-2.6,2.7,-0.2,0.7,-4.7,-1.5,-2.1,1.0,0.3,-2.9,0.6,-1.2,-1.9,-1.6,-1.5,-1.7,3.2,1.1,-1.1,2.6,-1.6,-1.6,-5.8,-3.3,-7.9,-3.2,-3.7,3.0,-1.2,-3.6,4.7,1.2,2.2,-1.9,-0.7,-2.4,-0.0,-0.0,-6.9,-0.0,0.1,1.9,0.3,1.4,1.9,2.6,1.4,6.5,1.3,-1.4,-3.7,0.6,-6.6,-4.4,1.3,-6.0,-0.4,3.2,-3.2,3.9,-3.6,-1.9,-0.1,-0.8,0.6,-1.2,-1.2,-1.8,-1.3,-0.6,-2.3,-3.0,-1.9,1.6,-4.1,0.4,-3.0,2.7,-0.4,-4.0,-0.7,-0.7,-0.4,-1.6,-5.4,2.3,-2.4,0.5,1.9,1.2,-0.4,1.7,-0.6,-0.9,-0.2,0.8,1.2,3.0,-2.1,-2.7,-4.6,3.3,2.3,0.4,-1.1,-0.5,-1.8,-0.7,-0.8,-2.3,-2.6,-2.1,-0.7,1.1,-3.0,-2.1,-1.7,0.2,0.1,-4.0,-0.9,-0.5,2.2,1.5,-4.4,-4.5,-4.9,-2.8,4.4,-0.5,3.2,-9.4,-0.5,-0.4,-2.1,2.4,0.4,-4.9,-0.9,-0.4,-2.1,-2.5,-1.2,1.5,-0.1,2.1,1.6,6.0,1.6,0.7,-1.9,-0.2,-4.5,-3.2,-1.3,-7.1,3.8,-0.4,-6.3,-3.6,1.2,-0.3,-4.0,-4.1,-4.5,-2.8,-8.6,2.4,5.1,6.9,-1.5,6.2,-1.5,1.7,0.5,-5.4,-4.3,-1.5,0.0,-5.9,-5.4,-2.4,-4.1,-3.6,-7.3,-2.7,-4.5,-4.5,-4.3,-0.8,0.2,-5.6,-3.3,-4.0,-2.8,-0.2,-5.7,-0.2,-1.9
2C7L511pHR,0,48.101506,11.63412,4442757.41,2777784.8,549.6,595.3,232,7437,1.7,0.92,0.28,32.67,348.96,-0.53,-0.103,0.842,-0.7,0.1,-0.44,0.13,0.9,0.1,-0.3,-0.3,0.8,-0.7,0.7,1.3,-1.5,0.4,0.2,2.7,-1.5,2.4,-0.1,-0.5,-0.2,-0.2,-0.6,-3.1,-1.6,-1.3,-2.7,-2.8,-2.0,-1.2,-1.6,0.1,-0.3,-1.0,-0.2,-0.9,-1.5,-0.1,-4.2,-5.0,-4.8,-5.9,-2.3,2.1,0.1,-0.1,-0.6,0.2,2.1,-1.8,1.5,-2.2,1.0,0.7,-0.4,-0.2,0.3,-0.4,-0.3,1.3,1.7,2.0,1.7,1.7,2.7,1.4,0.2,-1.4,0.1,-2.5,-0.5,-0.9,0.6,0.1,-0.4,2.0,-0.7,-1.2,0.6,-0.9,0.8,0.5,0.0,1.6,-1.5,-0.4,-2.1,-0.6,-2.4,-0.2,-1.5,-0.3,-1.9,0.0,0.3,-0.3,-0.3,-1.3,-1.0,-0.8,-4.7,-2.1,-3.4,0.2,-0.7,3.1,-0.9,2.3,-0.7,-1.0,-1.8,-0.3,-1.2,0.2,1.7,-2.9,-0.1,0.7,3.2,3.6,1.6,1.7,0.7,2.5,0.2,0.6,0.8,-3.3,-1.4,-0.7,-3.7,-1.3,-0.9,-1.8,-2.5,-3.7,-2.8,0.8,-1.1,1.1,-3.6,-2.8,-4.4,-0.8,-3.8,0.4,1.2,-3.6,-1.6,-2.7,-1.5,-2.9,-1.9,-2.6,0.3,0.3,0.2,0.9,-1.4,1.0,-0.3,-0.5,-1.2,-0.1,-2.5,-1.2,-0.3,-3.6,-3.9,-1.9,-3.6,-6.1,-0.6,-0.9,-5.2,-0.1,-1.4,0.6,-3.4,-2.7,-3.1,-1.9,-5.7,-1.2,-0.9,-11.9,-1.9,-2.0,-0.4,-2.0,-1.2,-3.0,-3.0,-2.7,-2.9,-3.0,-4.6,-4.4,-3.0,-2.8,-6.1,-4.5,-4.3,-3.6,-3.4,-4.3,-3.6,-4.6,-3.5,-2.5,-1.7,-1.2,-5.0,-1.3,-2.7
2C7L511pHj,0,48.101616,11.634973,4442820.74,2777798.41,541.3,587.0,232,7455,4.4,0.61,0.48,32.68,348.96,-0.53,-0.103,0.842,-1.1,0.2,-0.41,0.33,1.5,0.3,-0.3,-2.9,-1.2,3.7,-2.1,0.4,-6.5,-1.6,-10.0,-0.5,1.1,-0.9,-1.0,4.1,11.0,8.9,7.9,6.3,-9.8,2.8,-0.8,2.7,4.3,7.4,6.2,0.4,2.9,8.4,2.4,4.0,0.1,4.6,-1.0,-3.4,-1.9,7.0,-4.2,5.4,-3.2,0.6,-7.0,3.6,2.3,-0.4,-8.2,-3.4,4.4,0.9,2.3,6.0,2.2,2.0,3.4,1.4,1.3,2.0,3.9,2.0,2.1,3.4,1.8,8.2,3.4,5.4,1.7,3.2,-2.7,-6.6,1.5,-7.4,-3.0,-1.1,-3.2,-5.0,-4.2,2.8,1.8,2.7,-0.3,4.9,1.9,2.9,8.0,1.5,-1.7,3.8,-4.5,3.2,4.2,7.1,2.3,-3.6,3.5,3.6,-4.8,3.3,-1.0,3.8,2.5,6.1,-0.4,2.5,3.2,2.9,8.7,4.0,6.5,8.2,6.6,-2.6,4.5,-9.9,-2.5,0.2,-4.1,4.8,-1.1,-3.0,-4.4,-5.7,-4.0,-6.4,-4.0,-0.7,-7.2,-3.4,-2.9,0.1,-1.7,-1.0,3.0,-0.1,3.6,-0.3,2.3,1.8,4.0,-4.2,3.9,1.7,9.1,0.5,2.5,2.3,1.2,-0.9,-2.0,2.4,-10.2,-6.8,-2.9,-4.1,-4.6,-2.2,-2.6,-3.3,0.6,3.1,0.8,1.5,-0.2,9.7,1.9,3.1,-8.9,-3.4,6.3,1.2,-14.4,0.2,1.2,3.6,-4.3,-0.0,2.8,-0.3,-5.2,-7.8,-1.8,-0.4,-5.5,-2.1,-5.4,-5.1,-0.9,-2.8,-0.4,-3.2,-0.4,-8.1,-7.9,2.6,3.9,-6.1,-15.9,1.2,-1.3,-6.8,2.5,-15.4,1.6,-2.8,-1.2,-1.3,0.2,-6.2,5.2,1.3,-14.5
2C7L511pHp,0,48.101694,11.635582,4442865.88,2777808.06,554.6,600.3,232,7461,4.2,0.65,0.47,32.68,348.96,-0.53,-0.103,0.842,-0.5,0.2,-0.82,0.32,2.1,0.3,-0.3,0.0,0.9,4.2,5.1,2.6,-2.7,2.2,2.2,-0.3,2.4,-0.3,-6.2,0.3,-0.3,-1.4,-0.7,-2.1,-2.7,-5.7,2.0,-1.2,3.8,3.8,4.8,1.5,-1.8,-2.4,-5.1,-4.0,-3.8,-22.1,-4.5,-5.0,-4.6,-1.4,-4.9,1.9,0.8,5.6,0.3,-0.9,2.2,-6.4,-3.9,-1.9,-0.1,-0.6,2.5,-0.4,2.9,-0.4,4.5,-0.6,1.7,1.4,2.7,2.1,1.3,-1.4,-0.6,2.6,3.5,0.9,0.7,3.8,4.4,-0.3,-0.7,3.3,1.5,4.1,3.9,1.2,-1.5,2.4,4.6,0.4,0.1,1.3,-4.5,-4.4,-1.6,3.4,-1.6,8.4,-0.2,3.0,3.9,-2.7,6.4,-15.3,-1.5,-7.3,-3.8,3.1,-0.0,-1.7,4.8,7.0,-2.2,1.0,2.3,-6.0,0.1,1.6,-4.9,-3.7,-0.3,-0.2,7.6,6.4,4.9,7.6,3.3,3.2,-2.6,1.4,0.7,-0.9,0.7,3.9,1.8,-1.6,1.1,3.0,4.1,7.0,5.9,4.3,-5.4,-8.6,1.1,7.3,-9.2,-6.6,-10.3,-1.9,5.1,-3.1,6.5,4.5,-3.8,-1.5,1.6,2.2,0.8,2.7,1.0,-4.0,-3.3,7.0,-0.7,-5.0,-0.8,-1.4,0.1,2.6,1.4,3.9,-0.0,-8.9,-8.2,-2.8,-4.0,-4.7,1.5,1.4,-8.6,3.5,-14.2,8.6,-3.4,-12.2,-0.6,-4.4,-3.1,-6.2,-0.9,-0.2,-0.1,1.3,2.9,3.5,0.5,-0.9,0.2,-7.5,-6.4,6.8,-1.9,-4.7,-2.7,-9.8,-9.0,-0.9,-4.5,-4.8,-15.0,-8.6,2.9,0.1,-3.2,-1.4,2.2,1.9,-0.3,0.6,-1.8
2C7L511pIL,0,48.101931,11.637429,4443002.91,2777837.46,556.8,602.5,232,7493,3.2,0.76,0.51,32.69,348.96,-0.53,-0.103,0.842,-0.6,0.2,0.34,0.25,1.2,0.2,-0.3,-0.8,-2.4,-2.1,1.6,-2.1,2.3,-4.9,-1.2,0.6,-1.7,-2.0,-0.1,-5.3,-0.2,0.8,4.0,2.1,3.6,-1.0,-2.0,-5.3,5.1,-2.2,11.0,-2.2,8.8,-1.7,2.7,-1.6,5.3,-0.1,-2.6,-0.2,-2.6,-2.5,5.6,-2.4,5.3,-2.6,-3.1,-1.4,0.7,3.0,-4.6,8.8,-1.3,-0.5,-1.9,-1.4,-2.8,-2.6,-2.4,-3.0,0.0,-4.1,-2.8,-5.0,-2.0,-0.8,-1.2,-3.8,-6.5,-6.5,-4.5,-3.8,-4.5,-5.9,-4.0,-0.8,-0.3,-3.3,-1.7,-4.7,-2.3,-0.4,0.1,-2.0,-0.6,0.6,-2.8,-3.4,-0.4,-1.6,-4.0,-2.8,-1.0,-2.4,2.6,3.7,-2.0,-4.5,-5.1,-5.0,-4.6,-5.6,-2.7,0.2,5.7,-2.9,-2.5,-0.9,4.6,-5.9,-6.9,1.3,-8.6,-2.6,2.0,-6.4,-11.1,-2.4,-5.4,-4.4,-2.0,-8.1,-1.3,-11.0,0.5,-3.5,-2.1,-2.5,-2.9,-6.5,-2.3,0.3,2.2,-2.5,-4.5,-5.4,-4.8,-2.7,-2.2,-0.0,-2.3,0.7,-0.1,0.7,-3.1,-2.6,-2.1,-0.7,-4.8,-0.0,-2.4,-2.7,0.1,-2.8,-3.2,-5.4,-1.8,-3.7,-4.2,-2.6,-4.2,-2.4,0.5,1.0,-2.8,-2.2,-0.2,-0.8,-0.3,-5.0,-2.9,-4.1,1.5,-1.9,-0.3,-5.7,-0.4,-3.5,2.4,-2.4,-6.1,-8.6,-2.0,4.4,-0.9,-3.2,-1.0,-3.4,-2.8,-15.5,2.9,-4.1,-2.1,-7.3,-0.3,-0.5,-4.8,-6.4,2.3,-0.3,-2.2,-1.8,-6.8,-2.9,-6.2,-10.3,-5.4,0.3,-6.2,1.4,-4.8,-12.1,3.4,-5.6,-8.3
2C7L511pIR,0,48.101931,11.637427,4443002.74,2777837.45,539.5,585.1,232,7499,1.2,0.96,0.21,32.69,348.96,-0.53,-0.103,0.842,-0.1,0.1,0.07,0.09,0.6,0.1,-0.3,-0.8,-1.8,-1.5,-1.2,0.0,1.1,0.3,0.8,-0.1,1.1,0.6,-0.4,0.3,0.2,0.2,-0.3,-1.2,-1.4,-3.1,-4.3,-1.6,-1.6,-0.7,-1.0,-0.9,-0.8,-1.4,-0.4,-0.4,0.1,2.0,-5.3,-2.6,-5.6,-5.2,-1.8,-1.4,-1.1,-0.6,0.2,-2.0,-0.7,-2.1,-1.5,-1.0,-1.5,-0.1,-0.7,-1.1,-0.6,-1.0,-0.3,-0.8,-1.7,-1.9,-1.7,-0.3,-0.8,-0.4,-2.0,-0.8,-2.0,-2.1,-2.5,-1.5,-1.6,-1.3,-0.4,-1.2,-1.9,-1.3,-0.3,-2.7,-1.8,-1.8,-1.2,-0.1,-1.2,-1.4,-2.5,-1.0,-2.2,-2.1,-0.7,-2.1,-2.3,-0.5,-1.7,-2.2,-2.6,-3.5,-4.0,-2.4,-6.0,-2.9,-4.4,-2.0,-1.9,-1.1,-2.4,-2.4,-2.0,-1.8,-1.1,-2.2,-2.0,-2.1,-1.7,-3.4,-1.5,-2.5,-2.8,-2.1,-2.8,-1.2,-1.1,-1.5,-2.4,-2.9,-3.2,-1.6,-2.4,-1.4,-1.3,-0.3,0.5,-1.3,-0.3,-1.3,-1.3,-0.5,-1.8,-1.7,-2.3,-3.0,-2.1,-2.4,-1.9,0.6,1.9,-0.9,-2.0,-2.3,-1.5,-0.9,-2.1,0.7,-1.0,0.9,0.2,-1.0,-2.8,-0.6,-0.8,-1.4,0.2,0.3,-0.4,1.1,-2.1,-3.1,-4.8,-2.2,-5.3,-4.5,-2.2,-1.0,-4.2,-1.8,-2.3,-2.0,-1.9,-4.1,-1.6,-0.8,-0.5,-1.3,-0.5,-3.1,0.6,0.4,-0.6,-1.3,-1.4,-1.1,-0.3,-2.4,-0.8,0.4,-2.4,-4.5,-2.0,-2.5,-2.4,-0.3,-1.8,-2.7,-2.4,-2.9,-3.2,-1.6,-2.1,-3.6,-2.2,-2.0,-3.2,-2.2,-2.9
2C7L511pFz,0,48.100835,11.628748,4442358.82,2777701.4,537.2,582.9,232,7347,3.0,0.74,0.43,32.65,348.96,-0.53,-0.103,0.842,-0.3,0.1,0.14,0.23,2.3,0.2,-0.3,-0.1,-1.1,-1.0,-0.6,-1.4,0.4,0.6,-1.5,-0.1,-2.4,-0.7,-0.4,-0.3,2.8,6.9,4.3,9.1,8.3,6.4,8.1,3.7,8.7,-0.1,7.2,8.0,9.7,4.1,7.4,0.2,1.2,1.0,1.7,1.9,3.6,4.2,5.1,2.5,6.1,6.9,5.8,4.0,0.2,2.4,5.4,5.5,2.2,-0.3,-0.3,2.1,2.0,-0.0,0.9,1.7,-0.5,-1.9,1.1,-7.8,-1.9,0.6,-1.7,1.6,1.8,-6.3,0.3,12.3,1.3,-1.4,-1.6,-1.3,-0.3,4.6,-0.7,2.0,0.2,-4.8,9.7,4.7,2.3,6.8,6.9,4.1,3.9,1.7,0.6,1.7,5.7,6.5,6.0,6.1,6.8,3.3,-4.5,-3.9,6.7,5.4,2.7,-1.8,8.2,5.5,5.0,2.1,6.2,5.4,3.8,6.4,6.1,3.9,2.3,2.5,1.3,3.7,2.3,1.8,1.2,3.7,1.8,-6.2,-0.3,0.4,-0.2,-7.1,-0.5,0.0,-1.3,1.8,4.8,-0.6,2.1,2.3,3.2,0.9,6.1,4.4,5.4,4.1,3.8,4.8,6.4,5.5,4.6,3.1,-1.1,0.5,-9.8,-1.4,0.7,-6.6,0.2,0.9,2.3,8.2,-3.1,-2.5,-2.7,1.9,-2.6,-0.9,1.1,2.7,1.2,4.6,5.8,4.0,1.4,0.7,1.4,-3.8,3.4,1.3,2.5,1.9,2.4,-3.6,0.1,2.9,4.1,-1.1,0.9,4.2,1.4,1.9,0.9,-2.8,-2.3,1.7,1.4,-2.9,-0.5,3.8,2.4,-0.8,4.1,5.5,3.4,5.7,4.7,5.4,2.2,3.1,2.9,2.6,1.3,3.2,-2.0,-1.2,-1.2,-0.4,0.4
2C7L511pG1,0,48.100852,11.628879,4442368.55,2777703.49,538.3,584.0,232,7349,2.7,0.84,0.41,32.65,348.96,-0.53,-0.103,0.842,-0.5,0.1,-0.29,0.21,0.9,0.2,-0.3,-1.9,2.7,-1.0,-2.7,0.6,0.1,-1.6,-0.4,-0.4,-5.8,1.4,0.9,3.7,2.6,3.0,2.3,0.4,-0.2,-1.9,4.3,0.8,4.1,2.4,0.8,4.6,3.5,3.4,2.7,3.5,0.6,-2.6,-3.6,4.3,12.5,7.9,2.4,6.4,5.6,3.3,2.6,0.8,2.1,2.6,3.8,7.1,1.6,-0.3,1.4,1.9,2.3,0.2,0.0,0.3,1.3,1.1,4.3,2.8,1.7,1.2,1.8,0.7,5.1,-0.8,-1.9,-1.2,-9.2,-1.4,1.5,-2.1,2.7,4.2,2.1,3.4,0.7,3.9,3.5,4.5,3.7,3.3,3.2,3.3,2.9,2.9,3.9,4.2,-0.7,3.0,-2.2,-0.4,-1.3,2.3,0.3,0.7,2.0,0.7,3.4,3.0,2.8,3.4,5.1,0.7,2.3,3.8,1.8,2.6,2.7,3.1,1.0,2.1,1.0,2.2,-2.0,0.5,-0.7,0.4,5.5,-3.4,2.6,6.4,2.8,-9.4,1.3,0.8,0.9,6.7,4.3,-0.7,2.0,2.5,-0.7,0.2,-0.2,-1.3,0.4,0.6,-1.1,1.6,2.3,4.3,1.7,-0.7,-1.8,-1.7,1.8,-1.6,-1.4,-1.7,-1.9,-0.7,2.2,11.9,-0.7,0.8,1.6,1.3,-0.6,-0.3,0.1,3.5,-0.6,-2.2,0.2,0.8,3.0,-0.9,4.3,1.3,-0.3,1.7,1.2,1.6,0.2,-1.4,-4.4,-4.9,-0.0,3.1,0.8,-12.0,-0.4,-0.8,-1.8,-0.4,1.6,0.7,2.4,1.1,2.0,1.1,-1.6,-1.6,-3.3,3.4,-1.5,2.4,1.6,-2.6,-0.8,3.1,0.4,-3.0,-2.4,-4.0,0.4,1.4,-1.5,-0.4,-0.8
2C7L511pH2,0,48.101314,11.632481,4442635.81,2777760.82,539.0,584.7,232,7412,3.7,0.72,0.45,32.67,348.96,-0.53,-0.103,0.842,-0.8,0.2,-0.36,0.28,1.2,0.2,-0.3,2.0,-2.2,0.2,-9.9,0.3,2.2,1.1,-0.6,1.2,-5.6,-0.5,2.3,1.3,1.6,-1.0,-1.3,1.1,-1.2,-3.0,-2.9,0.0,2.2,4.1,-0.3,4.2,3.0,0.1,4.7,2.1,-6.2,0.4,-2.5,-5.8,-3.7,-8.0,-0.6,-1.5,5.7,4.6,4.8,-0.7,2.4,-0.0,1.6,-0.0,0.0,4.1,-0.1,1.6,-0.8,-0.7,-0.9,-0.1,-0.5,-0.3,-0.9,2.7,-3.0,-0.3,3.0,-2.5,-1.0,-7.7,-1.5,3.4,1.2,-3.9,-2.4,-3.1,-2.6,5.8,-2.8,-1.0,-2.3,-4.0,-3.0,-3.5,-1.7,-1.5,0.6,-2.2,-4.1,-2.0,0.1,-1.5,-3.3,-0.1,-0.9,-2.3,-3.2,0.1,1.5,0.3,-0.9,-1.7,-0.7,3.1,-2.3,3.4,-0.2,-0.9,-0.7,0.8,-0.7,-0.8,1.4,-2.3,2.3,-0.4,-0.7,0.8,0.6,0.2,1.0,1.7,1.3,5.8,0.9,-0.1,0.3,-4.2,-1.5,2.3,-0.7,-1.1,1.7,1.7,0.8,-2.6,-3.0,0.2,0.1,3.7,-1.2,-4.4,-2.4,-3.3,-0.3,1.0,3.7,-1.1,-0.4,-2.0,-4.3,0.3,0.4,-9.1,-0.2,-7.7,-3.7,-9.0,-4.1,-2.0,-1.3,-1.6,0.2,0.2,-0.8,-1.9,0.5,-3.1,-4.8,-1.4,-1.6,-3.1,2.4,-0.1,-4.9,-0.3,-3.8,-2.1,-6.1,1.6,-0.3,1.9,0.1,-4.2,-7.2,9.1,-5.0,-1.8,-2.2,-4.8,2.6,-5.0,-8.5,-11.7,-5.7,-11.5,-7.4,-1.9,7.8,-5.4,-9.0,9.6,1.6,10.3,-0.4,3.6,-0.2,11.0,-13.8,3.0,-12.5,-12.2,-13.9,-8.0,-10.3
2C7L511pHa,0,48.101566,11.634445,4442781.49,2777792.06,540.7,586.4,232,7446,3.4,0.77,0.41,32.68,348.96,-0.53,-0.103,0.842,-0.1,0.2,-0.29,0.26,0.5,0.2,-0.3,-0.7,-1.4,-1.2,-1.7,1.4,-3.2,0.4,-1.8,0.0,0.3,-0.7,-0.1,0.4,-0.3,2.5,2.0,5.4,-0.2,3.1,-0.9,-2.8,0.0,-2.9,-1.0,2.0,0.7,2.1,0.1,0.0,-1.4,-3.1,-3.4,-3.2,-3.9,-2.3,-4.2,5.4,6.3,-10.2,1.8,3.4,2.7,-0.8,-9.7,0.5,-2.0,-2.0,-1.4,-1.1,1.0,-0.4,4.6,3.6,5.6,1.4,4.2,-1.1,1.5,1.0,-2.4,0.5,-0.7,-0.8,0.4,-0.1,-2.3,-4.1,-0.5,-0.2,-0.8,-2.1,-2.2,-0.3,-0.7,0.3,1.1,-0.4,-0.1,0.4,-5.9,-1.4,3.2,-1.3,-1.5,-1.3,1.1,-5.8,-10.1,-0.7,-3.0,-1.8,-5.7,-6.2,-2.7,-9.6,-6.2,-11.4,13.2,9.3,0.7,7.3,2.1,4.0,3.6,1.4,2.5,1.9,2.1,1.0,1.9,1.9,1.9,2.1,1.6,1.4,0.1,-0.1,-0.4,-0.9,-0.7,-0.8,-0.3,-0.1,-0.9,0.0,2.4,0.5,-0.4,0.3,-0.8,0.2,-0.4,2.8,1.5,2.1,-3.0,-1.1,0.8,1.8,1.5,-1.7,-2.1,-1.3,-0.2,-0.5,-0.8,-0.6,0.5,0.4,-1.3,-0.5,-0.9,-2.2,1.1,2.4,-1.7,0.5,-0.9,1.5,1.6,-1.7,-0.3,-4.1,0.6,1.0,1.9,0.3,-2.2,2.2,3.2,2.1,-2.1,-3.5,-0.9,-2.5,-3.6,-1.9,-3.3,1.0,-2.8,-0.7,-0.9,-0.9,0.2,-0.3,0.4,-1.2,-0.7,3.5,2.0,1.0,2.7,-7.0,12.0,9.7,8.7,6.4,-2.0,2.3,1.8,-4.3,-5.4,-6.8,-7.2,-3.7,-7.3,-5.6,-6.3
2C7L511pHs,0,48.101689,11.635401,4442852.45,2777807.29,538.7,584.4,232,7464,2.2,0.82,0.31,32.68,348.96,-0.53,-0.103,0.842,-1.3,0.1,0.72,0.17,2.2,0.1,-0.3,0.9,-0.2,0.3,-0.9,0.8,-1.1,-0.4,-0.4,0.3,-2.3,0.0,0.9,-0.5,-2.4,-1.5,-2.7,-2.1,-0.3,-6.0,-2.7,-3.4,-5.1,-5.4,-2.8,-4.1,-2.3,-7.7,0.5,-2.4,-9.6,-2.6,-7.8,-5.4,-9.4,-6.0,-9.1,-2.6,-6.2,-7.4,-5.1,-5.5,-2.5,-0.8,-2.2,-4.6,-3.4,-3.5,-0.3,-4.7,-0.7,-4.8,-1.5,-3.0,-1.1,-2.5,-1.2,-0.8,-1.4,-0.2,0.9,-0.9,-0.7,1.5,-1.0,-2.7,-0.3,-1.4,-0.3,-2.6,-1.9,-0.2,-0.6,0.5,-0.7,-2.5,-0.5,1.0,-1.7,-3.8,-3.0,-0.1,1.9,0.4,-1.4,-5.4,-7.5,-6.2,-4.6,-7.9,-8.0,-6.1,-8.9,-7.5,-11.8,-10.3,-10.2,-10.1,-6.7,-6.8,-9.8,-6.1,-10.4,-7.8,-6.6,-9.7,-10.3,-8.9,-11.7,-10.3,-9.0,-6.2,-6.2,-5.6,-7.0,-5.1,-7.4,-6.1,-6.3,-6.5,-7.2,-6.2,-5.6,-6.9,-6.7,-5.8,-4.2,-4.7,-6.5,-9.8,-10.3,-6.9,-8.8,-6.9,-6.9,-9.5,-9.5,-9.5,-7.8,-5.7,-4.7,-3.1,-7.0,-8.7,-8.7,-5.8,-3.9,-1.6,-5.2,-6.8,-7.7,-6.4,-6.4,-7.6,-7.2,-7.6,-9.0,-8.0,-8.2,-8.7,-6.9,-8.1,-7.7,-8.9,-8.7,-10.5,-5.3,-6.8,-10.8,-11.2,-6.1,-8.1,-11.3,-7.2,-8.6,-7.2,-4.1,-5.9,-5.3,-5.2,-6.2,-8.5,-5.8,-2.5,-4.4,-7.8,-8.2,-9.8,-9.7,-8.4,-8.6,-9.6,-6.7,-8.4,-8.7,-8.4,-9.6,-8.4,-9.5,-10.1,-8.9,-8.9,-9.9,-10.8,-5.8,-3.1,-8.8,-7.9,-6.4
2C7L511pHt,0,48.101695,11.635443,4442855.56,2777807.96,537.9,583.6,232,7465,1.4,0.92,0.18,32.68,348.96,-0.53,-0.103,0.842,-1.2,0.1,0.56,0.1,1.3,0.1,-0.3,-1.3,-1.9,-0.5,-0.8,-0.5,-1.6,-0.3,-0.4,-0.6,-0.5,-1.1,-0.2,-1.5,-1.5,-0.4,-1.0,-1.2,-1.5,-3.5,-3.8,-2.7,-3.0,-1.0,-1.4,-0.7,-1.1,-2.8,-0.8,-1.3,-2.2,-0.8,-6.6,-5.5,-6.6,-4.6,-6.0,-2.2,-2.9,-3.0,-2.5,-2.4,-2.1,-2.6,-2.1,-2.3,-2.3,-1.6,-1.1,-2.1,0.4,-0.7,-0.8,-1.7,-1.2,-1.8,-2.0,-1.0,-1.4,-1.1,-1.0,-1.2,-1.4,-0.4,-2.5,-1.2,-1.8,-2.4,-2.0,-1.5,-2.0,-1.3,-1.4,-1.1,-1.3,-2.7,-1.0,-1.1,-1.7,-2.5,-2.5,-1.5,-1.8,-1.3,-1.4,-4.4,-5.3,-3.6,-5.9,-6.7,-6.6,-5.8,-7.8,-6.0,-10.2,-6.0,-6.7,-5.3,-5.2,-4.6,-7.1,-6.5,-6.9,-6.6,-5.2,-6.5,-7.5,-6.4,-7.0,-8.3,-7.1,-5.0,-5.4,-4.4,-6.1,-4.8,-5.3,-5.5,-5.5,-5.6,-5.8,-5.4,-5.2,-4.7,-6.1,-5.0,-3.4,-5.1,-5.0,-7.1,-7.0,-4.9,-6.1,-5.2,-5.8,-8.1,-7.5,-6.4,-6.7,-3.9,-4.2,-3.7,-6.2,-7.4,-6.1,-5.0,-3.9,-3.3,-3.4,-5.4,-4.7,-4.1,-5.6,-5.7,-5.3,-5.3,-4.6,-4.7,-5.9,-5.1,-5.8,-6.9,-9.4,-7.3,-9.1,-9.9,-6.2,-6.1,-10.2,-6.7,-6.8,-7.1,-9.1,-8.1,-6.5,-5.4,-4.2,-5.3,-5.2,-4.7,-6.0,-5.5,-4.9,-4.8,-4.5,-6.9,-5.8,-6.6,-6.5,-7.6,-7.6,-8.4,-7.0,-8.0,-9.1,-7.9,-8.3,-8.2,-7.7,-7.0,-7.2,-6.0,-7.6,-6.7,-5.9,-4.9,-6.7,-6.9,-6.5
2C7L511pHu,0,48.101694,11.635438,4442855.16,2777807.88,534.9,580.6,232,7466,1.8,0.89,0.29,32.68,348.96,-0.53,-0.103,0.842,-1.4,0.1,0.66,0.14,1.4,0.1,-0.3,-1.2,-3.5,-1.7,-1.6,-0.7,0.4,-1.4,-1.6,-1.4,-1.2,-1.4,0.4,-2.6,-1.6,-1.9,-1.8,-1.2,-4.0,-4.4,-3.8,-2.1,-3.3,-0.2,-0.7,-1.3,-1.2,-0.9,-0.8,-1.4,-3.6,-2.3,-6.9,-8.9,-8.5,-7.3,-6.5,-2.3,-4.8,-4.3,-4.1,0.6,-3.1,-5.0,-4.4,-2.1,-5.1,-2.9,-1.8,-3.8,-1.2,-2.0,-1.9,-3.6,-3.1,-1.5,-5.7,-1.7,-0.8,-1.7,-0.8,-2.8,-2.4,-1.5,-2.8,-2.9,-2.7,-2.9,-0.9,-1.5,-2.1,-1.1,-2.2,-1.6,-2.7,-2.9,-2.3,-3.9,-5.0,-4.9,-4.1,-1.4,-3.8,-1.3,-2.7,-7.8,-6.9,-5.7,-9.1,-9.2,-8.7,-8.5,-10.2,-4.6,-12.0,-6.3,-8.3,-6.2,-7.2,-5.5,-9.1,-6.5,-8.4,-7.8,-5.8,-8.4,-6.0,-6.9,-6.0,-7.9,-5.2,-5.4,-8.1,-4.9,-8.8,-6.9,-5.3,-6.5,-6.4,-7.3,-7.3,-6.7,-6.6,-4.2,-9.1,-7.3,-4.9,-5.1,-6.4,-10.0,-8.2,-7.6,-8.8,-8.1,-7.0,-7.9,-7.1,-7.0,-8.7,-5.1,-5.4,-4.3,-6.0,-7.9,-6.6,-7.7,-5.5,-4.8,-4.6,-7.1,-5.6,-7.4,-7.2,-7.9,-8.1,-6.5,-7.5,-7.0,-8.0,-6.9,-8.6,-8.9,-12.4,-10.1,-14.5,-12.1,-8.9,-6.3,-11.3,-8.0,-6.7,-7.0,-10.3,-7.7,-3.9,-4.4,-5.8,-5.2,-6.9,-6.5,-7.6,-6.7,-6.0,-6.2,-6.0,-6.7,-7.5,-7.2,-8.5,-7.9,-9.3,-9.4,-8.3,-9.3,-10.6,-9.2,-10.2,-10.2,-10.0,-7.1,-9.8,-8.0,-10.7,-10.5,-8.8,-7.8,-7.5,-8.6,-8.4
2C7L511pFG,0,48.100537,11.626282,4442175.86,2777664.21,543.7,589.4,232,7302,2.8,0.78,0.4,32.64,348.96,-0.529,-0.103,0.842,-0.6,0.1,0.32,0.22,1.9,0.2,-0.3,0.3,1.0,0.7,1.2,-2.0,-4.2,2.2,0.8,2.3,1.7,2.7,-2.2,5.3,4.6,2.6,5.2,5.2,0.6,5.5,6.5,3.7,4.0,2.5,6.4,8.4,3.5,6.1,0.6,4.3,1.6,-5.0,-1.0,2.0,1.0,0.4,2.2,2.7,2.1,3.6,0.7,2.8,3.8,7.7,3.0,3.3,4.6,-2.4,-1.1,5.9,1.5,-0.0,1.0,1.1,0.1,-1.8,0.3,-2.1,-0.7,-0.5,-1.7,-1.0,1.5,-1.2,-1.2,-2.2,-1.7,-1.9,-4.4,2.6,0.9,-5.2,-3.9,-3.7,-1.2,1.0,2.8,3.2,5.1,5.9,3.1,4.7,2.2,2.7,5.6,6.6,4.6,1.1,3.8,12.1,7.4,3.1,0.9,-4.1,4.4,4.3,-0.4,2.6,6.6,2.3,3.9,0.1,2.2,1.8,3.4,3.7,3.9,0.4,2.7,2.4,-0.3,4.2,1.0,0.7,1.3,3.0,-1.6,0.4,-2.8,-2.2,-7.3,-5.2,-0.0,0.3,-3.3,0.3,-0.0,-2.0,2.4,3.7,7.1,-1.9,2.2,2.7,3.0,-0.4,3.7,4.7,1.4,4.1,5.1,-2.3,-0.2,-9.9,0.7,2.6,0.4,-5.4,0.0,-0.9,0.1,-3.7,-1.9,-0.0,-1.4,-0.8,0.4,1.6,-1.3,2.3,0.9,0.5,2.9,-7.7,-0.5,-2.6,2.1,-0.1,-3.7,3.0,1.8,-1.8,-2.7,-0.4,-1.2,-3.1,-6.5,-1.3,-0.2,6.9,-3.0,-2.7,-4.0,-6.5,-1.6,0.1,2.5,2.0,3.4,-2.6,-0.3,-2.6,2.2,3.5,-0.9,0.3,2.1,0.8,5.5,9.0,-3.3,-0.8,0.5,3.4,-0.5,-0.3,-0.6,-1.5,-1.2
2C7L511pFj,0,48.100756,11.627994,4442302.87,2777691.45,547.2,592.9,232,7331,2.5,0.84,0.42,32.65,348.96,-0.529,-0.103,0.842,-0.3,0.1,-0.67,0.19,0.7,0.2,-0.3,-1.3,7.3,-3.9,10.2,-3.1,-1.7,-3.1,-2.2,-2.7,-5.4,0.3,-4.6,1.1,-0.7,0.8,-2.3,-4.3,-0.8,-2.5,-1.6,-1.8,0.4,-2.5,-2.8,-3.8,1.9,-0.8,0.1,-1.5,-3.2,-8.6,7.2,-6.0,-0.4,-1.5,-1.7,2.8,0.0,5.1,2.0,0.3,-2.2,-2.9,-1.2,-0.9,-0.5,-2.2,0.7,-0.7,-0.5,-0.8,2.3,2.1,0.1,0.9,0.1,-4.1,-1.8,2.7,-2.1,-2.7,-0.9,-3.9,-3.9,1.3,0.8,-0.7,-2.8,-0.4,2.8,-3.3,-2.4,-1.8,0.8,-0.6,-2.7,-1.1,-3.4,-2.0,-2.5,-1.8,-1.3,-2.4,-1.9,-2.0,-7.1,-0.5,-3.4,-2.5,2.3,-3.9,-0.5,-1.9,4.2,-1.4,-1.9,-2.1,-2.4,-1.4,-2.8,-0.7,0.1,1.4,-1.6,-0.6,-3.1,-1.5,1.1,-0.7,0.7,1.4,1.2,0.5,-1.5,-0.3,1.1,-1.3,1.3,-3.2,1.5,4.8,-0.5,2.5,1.7,6.4,0.0,-2.0,-3.8,0.3,-2.5,0.2,-1.5,-2.4,0.5,-1.2,-2.3,-2.1,0.3,0.7,2.4,-1.3,-2.0,-0.4,0.6,1.5,3.3,-1.4,1.7,-1.5,0.1,-0.0,0.1,-2.6,6.8,-1.4,-1.6,-2.2,0.7,3.1,2.5,-4.7,0.5,-0.9,-6.7,-4.2,3.7,-2.3,-3.6,-0.6,-4.6,0.9,-0.1,-0.4,-0.6,-0.3,-0.3,-3.4,-3.4,-2.3,0.6,-4.0,-2.7,1.2,-2.5,3.7,-2.0,-3.1,-2.0,-6.1,1.6,-4.0,-2.9,-6.1,-0.1,-1.5,-2.6,-3.5,-2.8,-3.1,-5.1,-4.3,-2.0,-2.3,-0.2,-5.2,-8.0,-7.1,-1.3
2C7L511pFw,0,48.10085,11.628723,4442356.97,2777703.06,544.5,590.2,232,7344,2.4,0.85,0.34,32.65,348.96,-0.53,-0.103,0.842,-0.6,0.1,0.07,0.18,1.3,0.2,-0.3,-0.6,-1.5,0.8,1.8,-1.1,-0.6,0.0,0.2,1.9,0.4,1.5,0.7,2.3,2.9,3.2,-3.6,-4.8,-3.7,-5.1,-5.6,-3.4,-3.9,-2.8,-4.0,-1.7,-1.1,1.6,0.5,0.3,-4.2,-2.9,-9.2,-7.1,-7.0,-6.9,-5.6,-0.9,-3.3,-1.7,-2.2,-2.6,-1.6,-3.1,-4.7,-4.2,-3.0,-4.5,0.2,-1.0,-0.1,-1.5,-0.1,-1.4,-0.5,-0.7,-4.9,-0.3,-0.7,-2.5,-2.6,-0.7,-5.1,-10.7,-0.5,-4.5,-0.2,-2.1,-4.3,-1.9,-0.4,-1.5,0.8,-1.5,-0.2,-0.0,-5.5,-5.4,-7.2,-3.2,-4.8,-0.0,-1.7,-3.3,-0.6,-3.4,-3.9,-4.5,-4.7,-5.2,-4.3,-4.4,-6.2,-2.8,-3.7,-4.4,-1.2,-2.4,0.9,-3.2,-2.7,-3.4,-3.4,-2.3,0.8,-2.9,-0.3,-4.2,-3.5,-3.9,-3.0,-3.7,-0.8,-3.0,0.4,0.2,-0.9,-3.6,-2.4,-0.2,-1.2,-1.3,-1.6,-0.4,-2.0,0.2,-3.7,-1.7,-2.8,-3.8,-5.1,-4.8,-4.6,-2.5,-3.4,-5.0,-5.0,-4.0,-1.3,-2.4,2.0,-2.9,-2.6,-3.7,-1.4,-0.2,-1.7,-12.0,-2.7,-0.6,-1.6,-14.2,-1.6,0.3,-2.0,-3.3,-1.1,-6.1,-2.5,-0.5,-5.5,-8.3,-4.7,-6.3,-6.7,-3.5,-1.1,-1.1,-7.1,-3.8,-2.8,-3.3,-5.6,-5.3,-2.8,-2.3,-8.5,-2.2,-0.9,0.0,-1.2,-2.8,-1.1,-3.0,-2.6,-0.9,-5.0,-6.4,-4.3,-7.2,-8.5,-7.1,-7.2,-6.6,-7.9,-5.2,-4.2,-6.4,-6.2,-3.8,-4.2,-2.5,-5.8,-1.9,-0.7,-1.5,-1.4,-3.3,-5.2
2C7L511pH3,0,48.101362,11.63271,4442652.72,2777766.5,547.6,593.3,232,7413,4.2,0.66,0.5,32.67,348.96,-0.53,-0.103,0.842,-0.2,0.2,-0.67,0.32,1.1,0.3,-0.3,0.7,-3.2,2.9,-7.2,1.0,4.5,2.9,-0.1,-4.8,9.9,0.7,4.6,0.8,3.1,2.5,1.2,1.0,1.6,2.6,0.7,3.1,15.5,7.4,4.7,7.1,6.6,6.0,9.6,3.2,-0.7,2.2,-2.4,-0.2,-1.3,-2.6,1.1,-0.9,7.2,-5.9,10.7,3.5,7.9,0.2,-1.4,7.0,2.9,3.9,3.7,-1.1,2.2,-0.1,2.1,-0.6,3.4,2.7,-2.1,5.5,-0.9,0.3,2.9,-3.0,3.9,14.7,-0.2,4.8,3.7,-0.6,5.3,-0.9,-1.2,9.3,-2.1,3.8,5.3,-1.3,1.3,0.1,-1.4,2.0,1.6,7.5,2.4,1.5,3.5,5.1,2.1,10.4,1.3,4.3,2.6,4.5,3.6,2.9,1.5,6.7,6.0,5.1,4.9,7.6,7.9,6.1,6.3,7.2,5.2,5.2,5.5,1.9,6.2,1.2,6.0,4.1,3.4,5.0,2.6,5.1,5.4,4.7,-0.5,-1.9,3.5,1.4,2.4,2.5,8.5,3.3,6.5,4.0,6.7,1.4,0.8,4.5,2.2,5.0,4.3,2.2,2.2,1.0,4.0,4.8,4.4,5.4,5.6,1.1,0.9,4.7,3.4,8.2,1.9,-0.6,2.3,3.7,1.3,0.5,4.2,-1.0,2.9,3.6,5.6,4.8,4.8,0.2,0.5,-3.8,7.3,-0.9,10.1,3.5,-0.4,3.2,-0.9,-0.6,-1.2,8.4,-0.7,0.0,-13.2,-4.7,-2.1,2.0,-3.5,1.3,1.9,4.1,12.2,-1.3,13.6,-9.0,1.7,9.0,5.9,9.0,4.0,4.8,1.9,9.6,4.0,-0.7,9.2,-7.2,-11.6,-8.9,-5.9,12.2,13.9,-0.6,2.2,-6.5,5.0
2C7L511pHZ,0,48.101567,11.634304,4442771.01,2777791.89,538.5,584.2,232,7445,3.1,0.75,0.43,32.68,348.96,-0.53,-0.103,0.842,-0.6,0.2,-0.51,0.23,2.4,0.2,-0.3,-2.8,-2.6,-1.7,-1.2,-1.7,-0.8,-0.8,-2.2,-2.6,2.9,-2.9,-0.4,-1.9,-0.8,-1.8,-1.4,-0.9,1.3,-5.1,4.7,-9.0,-3.3,-8.0,-2.8,-3.1,-3.4,-6.9,2.6,-1.4,-4.4,-1.4,-10.2,-6.7,-3.9,-2.8,-6.6,1.3,-4.2,-0.5,2.4,1.2,3.2,0.9,-1.7,-13.8,1.3,-0.5,2.0,3.4,1.0,4.2,2.0,4.3,1.4,-0.1,0.8,2.3,-0.6,0.1,-2.3,-2.0,-3.9,-0.5,-0.9,0.2,1.0,-0.2,1.9,-2.4,-0.7,2.1,-0.3,0.3,0.7,1.4,-0.2,-1.9,-4.3,-3.2,-1.9,-0.1,-4.2,-4.1,-16.8,-4.4,1.0,-3.7,-14.3,-9.6,-4.9,0.6,0.6,-1.7,-6.5,-6.1,-2.9,-1.4,3.0,-3.7,-7.7,-5.2,-4.7,-2.2,-0.4,-0.6,-4.3,-2.2,-6.2,-3.0,-3.0,0.3,1.5,2.5,2.3,2.3,0.5,-0.9,-1.3,-2.0,0.9,-2.8,3.5,1.4,-0.0,-0.1,1.5,-0.3,1.4,-3.7,-5.1,-7.7,-4.6,1.1,-5.6,-4.3,-9.9,-4.6,-4.4,-1.7,-0.8,2.4,-2.4,2.3,-7.3,-1.0,-1.0,0.1,-0.3,-1.9,-3.6,1.5,-0.9,-2.0,-0.5,-0.8,1.0,-1.2,-1.2,0.8,-2.9,-7.5,-11.1,-6.5,-9.0,-7.3,-0.9,-8.6,-9.2,-2.7,-4.6,-8.0,-9.8,-0.1,-3.1,1.6,0.5,0.9,-1.5,-1.3,-2.8,-3.0,-2.1,-3.1,-1.0,-2.3,-4.8,-3.6,-5.9,-5.6,-5.4,-2.1,-5.8,-7.5,-7.6,-7.0,-7.5,-6.5,-2.6,-9.5,-5.0,-11.4,-3.0,-6.6,-4.0,0.1,-0.2,-3.9,-1.5
2C7L511pHh,0,48.101652,11.634967,4442820.21,2777802.42,548.3,593.9,232,7453,3.7,0.69,0.45,32.68,348.96,-0.53,-0.103,0.842,-0.3,0.2,1.09,0.29,1.2,0.2,-0.3,2.9,8.1,1.2,6.8,5.1,4.8,5.9,6.7,-3.3,4.4,3.7,3.1,11.3,11.0,-13.2,-7.8,-12.5,-8.7,-6.5,-9.4,-5.5,-5.6,-5.6,-3.9,-1.4,-4.9,-6.0,1.3,-7.1,-3.4,-9.4,-10.1,-8.5,-11.0,-10.3,-8.4,-3.6,-4.4,-7.1,-2.1,-4.8,-5.5,-3.2,-7.4,-4.0,-6.4,-4.8,-6.1,-10.3,0.1,-8.5,-5.0,-6.0,-4.9,-3.0,-7.7,-2.7,-6.0,-5.8,-10.2,-9.1,-4.9,-5.8,-6.2,-4.0,-2.4,-9.2,-1.0,-6.7,-6.8,-3.5,-6.6,-5.3,-5.4,-6.2,-2.9,-2.1,-3.4,-4.0,-6.4,-5.8,-4.7,-4.6,-3.5,-4.8,-1.9,-2.3,-4.6,-5.7,-7.0,-5.8,-9.6,-6.6,-6.4,-6.0,-7.5,-5.4,-4.9,-5.9,-5.8,-9.8,-6.6,-4.0,-3.0,-5.9,-5.9,-5.5,-2.9,-7.8,-4.9,-4.9,-6.4,-3.7,-9.7,-8.1,-1.2,-0.1,-10.8,-0.8,-3.7,-4.0,-2.5,-4.3,-7.7,-4.8,-2.3,-2.7,-2.4,-4.2,-5.8,-2.3,-5.5,-7.9,-2.2,-6.3,-5.1,-4.3,-7.4,-2.2,-9.3,-5.2,-5.9,-8.6,-8.6,-3.1,-3.4,-0.9,-5.1,-6.0,-11.6,-2.9,-2.6,-6.7,-5.7,-6.0,-1.0,-2.4,-0.9,-2.4,-6.3,-8.2,-7.1,-5.2,-11.1,-9.1,-7.3,-11.0,-10.8,-7.1,-7.4,-8.1,-8.4,-13.3,-4.6,-1.9,-7.9,-5.1,-8.7,-4.9,-5.6,-7.4,-4.0,-2.5,-3.7,-10.1,-4.7,-5.1,5.2,-1.1,-0.8,-1.2,0.5,1.7,3.3,5.8,-8.3,-1.2,-5.9,-4.9,-2.4,-2.5,-11.8,-7.4,-7.1,-4.1,-8.5,-7.5,-7.7
2C7L511pHm,0,48.101658,11.635011,4442823.44,2777803.14,535.6,581.3,232,7458,1.8,0.91,0.3,32.68,348.96,-0.53,-0.103,0.842,-0.5,0.1,-0.02,0.14,0.7,0.1,-0.3,-0.1,-1.7,-1.1,0.1,0.3,-0.7,-1.1,0.3,0.2,1.4,0.7,0.3,0.7,1.0,1.7,1.6,-3.6,-1.5,-2.0,-4.7,0.2,-2.2,2.1,0.7,1.0,-0.6,1.9,2.1,2.2,-3.4,3.2,-5.8,-2.5,-5.2,-2.9,-2.6,3.3,-3.1,0.5,3.4,1.6,-1.5,1.1,-0.7,0.4,-0.6,0.4,-1.0,0.3,0.1,0.1,1.6,1.3,0.4,0.5,-0.2,0.8,0.1,0.0,-0.5,-0.6,1.7,3.4,0.3,1.1,-1.4,-1.4,1.7,-2.2,-1.0,0.9,0.8,0.3,0.4,3.1,3.6,3.6,2.7,3.2,-0.8,2.3,-0.6,0.3,2.0,3.7,-1.2,2.4,-2.8,-2.7,-2.0,-2.4,-1.5,-1.0,-5.4,-1.9,-4.5,-1.0,-1.9,-0.0,-2.6,-2.6,-3.5,-1.4,2.1,-1.2,0.7,-1.1,-0.2,-2.6,-1.6,-1.7,-1.7,-1.0,-1.3,-2.2,-2.4,-3.9,-4.4,-2.6,-2.8,-2.5,-2.3,-2.2,-2.5,-1.9,-1.3,-1.5,0.5,1.4,-2.5,-0.7,-2.7,0.4,-0.6,-4.7,-3.6,-2.8,0.3,2.2,-0.6,0.9,-2.3,-2.7,-1.6,-1.9,-1.5,1.8,-0.9,-1.9,-0.9,-1.9,-2.4,-1.2,0.3,0.2,-1.3,-2.7,-1.0,0.3,0.0,-3.7,-5.4,-3.7,-2.7,-2.9,-0.4,1.4,-6.4,-0.1,0.4,-1.7,-3.4,-4.2,-1.5,-2.1,-1.2,-0.8,-0.7,-0.9,-0.8,0.3,0.1,-0.6,-0.2,-1.3,-2.0,0.1,0.2,-1.5,-2.8,-1.6,-1.0,-1.2,-3.5,-2.8,-4.6,-5.6,-4.5,-2.7,-4.6,-1.0,-3.4,-3.4,-2.4,-0.6,-2.1,-1.2,-2.5
2C7L511pHn,0,48.10166,11.635027,4442824.63,2777803.4,533.6,579.3,232,7459,3.2,0.76,0.51,32.68,348.96,-0.53,-0.103,0.842,-0.8,0.2,0.84,0.25,1.2,0.2,-0.3,-0.3,-0.6,-1.5,-1.7,-0.7,-1.4,-1.0,-0.8,0.2,-0.4,-0.1,-1.5,-1.5,-0.5,-1.5,-1.0,-4.7,-3.1,-5.0,4.1,1.5,-9.2,-4.1,0.3,3.3,-4.3,-0.5,8.4,-2.8,-6.1,-0.4,-6.4,2.5,-2.4,-3.6,-7.8,5.7,-11.1,-1.0,6.6,2.3,-7.0,4.7,-3.0,0.2,-2.1,-2.4,-3.0,-0.8,4.5,2.6,2.0,-2.7,1.8,0.0,-4.1,6.9,-9.0,-7.1,-9.7,-3.3,-1.5,1.7,-0.4,0.2,-1.9,-2.2,-1.8,-4.5,-2.0,0.1,-1.0,-1.2,-1.6,-0.9,2.1,0.6,-2.2,3.0,-3.4,1.5,-2.5,-0.0,-1.3,-0.6,0.1,-5.1,-5.0,-7.5,-7.7,-0.3,-5.9,-9.7,-9.6,-4.7,-18.7,-3.1,-4.8,-3.5,-8.6,-3.9,-6.1,-4.0,-3.0,-5.5,-7.4,-3.3,-4.6,-5.9,-2.8,-3.6,-3.5,-4.0,-4.3,-2.8,-3.5,-5.5,-4.6,-2.9,-3.1,-2.0,-2.8,-4.0,-2.0,-1.2,-4.5,-2.9,-2.3,-0.4,-6.5,-2.6,-4.1,-4.8,-7.1,-9.1,-6.7,-7.1,-6.5,-4.4,-2.9,-2.1,-8.2,-8.8,-5.1,-6.7,-5.3,-1.6,-5.9,-5.8,-2.1,-4.7,-7.2,-2.4,-2.0,-4.8,-3.1,-8.5,-4.3,-8.9,-3.4,-10.2,-13.6,-9.0,-9.2,-14.6,-2.2,-0.3,-11.0,-3.1,-4.0,-2.5,-5.7,-1.9,-3.9,-2.8,-3.9,-3.6,-3.3,-1.1,-4.7,-3.9,-1.5,-0.7,-1.8,-4.5,-4.7,-6.0,1.8,-5.3,-4.9,-1.6,-2.2,-3.0,-4.6,-3.9,-6.6,-7.0,-7.2,-9.8,-4.8,-1.3,-2.5,-6.6,-5.9,-4.0,-4.0,-2.2,-2.8
2C7L511pI4,0,48.101791,11.63605,4442900.56,2777819.69,536.4,582.1,232,7476,3.5,0.76,0.44,32.68,348.96,-0.53,-0.103,0.842,-0.2,0.2,-0.18,0.26,1.4,0.2,-0.3,-3.9,-3.4,-2.0,-3.1,-2.1,1.2,-4.7,0.3,-1.5,-0.1,2.7,3.5,3.9,4.0,4.3,1.9,0.4,-0.5,-3.1,-3.7,-5.9,-5.5,-2.5,-5.3,-0.2,3.7,-3.0,0.0,-2.5,-0.5,-18.0,-5.1,-1.2,-3.8,-3.6,-4.1,-0.1,0.7,3.2,1.3,-3.7,0.9,-6.4,-3.6,0.1,-4.2,-1.9,-1.4,-3.2,1.6,-2.1,-1.8,-1.7,-1.0,-0.4,1.0,0.3,0.8,-4.0,0.7,-0.4,-1.4,2.2,0.2,-2.1,-2.6,-3.1,-3.7,-1.0,0.3,0.2,-0.6,-0.6,-1.9,0.5,-3.1,-0.6,-0.0,-8.5,-2.6,-0.5,-1.3,-2.0,-3.4,-6.0,-1.8,0.3,-3.1,-3.6,0.5,-4.7,-18.1,-0.5,-8.7,-5.5,-3.9,-1.8,1.8,-0.6,-5.9,-1.6,2.2,4.2,-1.6,-1.6,-0.1,-1.8,-0.5,5.3,0.7,-2.7,-4.1,-1.6,-4.4,-6.7,-2.2,-0.5,-5.2,-2.6,-3.2,-2.0,0.9,4.8,-2.0,-0.5,2.8,-0.7,-0.5,0.3,-4.0,-5.0,-3.7,-2.6,-3.5,-4.6,-5.6,-4.7,-5.7,-3.2,-0.7,-0.4,-3.3,-2.4,-4.0,5.7,0.8,3.2,0.0,3.6,-0.0,1.3,3.4,2.3,0.8,-4.9,-0.1,0.7,-3.7,-1.6,-0.7,-1.9,-11.1,1.4,-0.7,-6.9,-2.6,0.3,-4.3,-2.7,-1.0,-3.7,-2.4,-2.6,-1.8,-0.4,0.8,-3.3,-1.6,-4.1,-1.2,-5.1,-1.3,-0.3,-0.8,2.6,0.1,-5.6,-8.0,-7.0,-1.2,-0.8,0.8,-2.7,-5.8,0.5,-2.7,-7.6,1.0,-2.1,-10.9,-10.1,-1.7,-15.3,6.4,2.6,3.8,7.7,-11.9
2C7L511pG3,0,48.100908,11.62903,4442379.65,2777710.0,542.7,588.4,232,7351,4.1,0.62,0.45,32.65,348.96,-0.53,-0.103,0.842,0.5,0.2,0.42,0.32,2.3,0.3,-0.3,6.7,3.8,-3.3,-5.3,7.6,-8.9,1.3,1.6,-1.6,-8.3,-1.4,-4.4,3.7,0.5,11.1,-3.7,-7.1,-8.4,-8.2,-2.4,-2.9,-5.4,0.0,-4.1,-2.6,-7.7,0.6,1.7,-0.3,-7.5,-9.8,-9.7,-10.6,-10.8,-10.9,-9.1,-5.1,-8.2,-6.6,-6.7,-1.1,-1.7,-0.7,-5.0,-6.2,-4.1,-6.0,-3.6,-5.3,-0.4,-1.4,-2.0,-2.3,-3.4,-3.7,-7.3,-3.3,0.2,-1.2,-7.1,-9.4,5.1,-6.4,-4.6,-5.6,-7.3,-10.4,-1.8,-9.4,-4.6,-3.7,-3.0,-7.7,-5.8,-4.5,-8.1,-6.4,-9.3,-4.1,-7.7,0.5,-5.4,-0.1,-0.5,-2.7,-6.9,-3.4,-5.9,-5.9,-5.2,-4.9,-3.7,-4.2,-3.4,-7.7,-4.5,-4.2,-3.9,-3.8,-2.9,-0.9,-2.8,-4.3,-4.8,-6.0,-5.3,-6.1,-4.8,-4.5,-5.8,-5.0,-2.2,-1.0,-3.5,-0.1,-0.8,8.0,3.5,5.8,1.8,-9.5,6.6,-9.5,-4.1,-8.3,-6.6,-4.5,-7.3,-5.7,-4.2,-11.4,-5.9,-3.4,-4.6,-5.7,-4.0,-7.3,-4.7,-0.0,1.6,-1.9,-2.2,-1.3,1.0,-1.0,1.9,-4.0,5.9,5.0,-1.6,8.9,0.3,-2.4,-0.6,-2.8,0.8,6.6,1.8,-4.3,-4.8,-6.0,-4.8,-2.9,-5.5,-4.5,1.0,2.5,-4.6,-3.6,-1.6,-2.0,-8.1,-5.4,-9.9,-7.4,-12.4,-2.9,6.0,11.6,4.8,2.6,-4.0,-3.8,-2.3,0.4,-1.8,-3.6,-2.5,-4.3,-7.3,-4.2,-5.4,-7.0,-6.9,-6.1,-4.9,-5.8,-4.2,-4.7,-3.3,-5.4,5.9,7.3,4.5,3.6,-11.5,7.6,8.5
2C7L511pGS,0,48.101072,11.630303,4442474.1,2777730.28,535.1,580.8,232,7376,4.0,0.65,0.48,32.66,348.96,-0.53,-0.103,0.842,-0.5,0.2,0.08,0.31,1.7,0.3,-0.3,-3.4,0.2,1.8,0.4,-1.6,0.6,2.4,-1.1,-0.9,5.8,-0.8,-1.8,-3.2,-7.1,4.2,-1.9,-3.6,5.5,-6.3,-4.6,-11.9,-4.3,-0.7,2.9,-6.6,-2.4,-6.0,-1.0,-1.4,0.2,-10.0,-8.2,-0.0,-10.9,-6.6,-9.0,0.2,-2.2,-2.4,-8.5,-1.7,-6.4,-5.2,-5.8,-5.1,-2.2,-10.0,-2.0,-4.4,-5.6,-1.5,2.0,2.4,6.7,-5.5,-3.3,-3.3,-4.2,-5.3,-3.6,-5.6,-4.6,8.3,-3.0,-3.8,-5.7,-6.1,1.7,-16.9,3.6,-8.1,-6.1,-7.7,-7.3,-4.7,-7.1,-8.8,-1.3,-4.3,-2.5,-5.4,-5.2,1.3,0.1,-1.9,-0.4,-5.9,-8.8,-5.8,-4.1,-3.7,-6.2,-8.0,-2.1,-4.8,-10.8,-1.9,-1.5,-4.2,-4.6,-4.7,-1.3,-0.6,1.2,-3.7,1.9,-9.7,-4.4,-7.4,-10.5,-4.8,-10.8,7.9,5.9,5.7,-5.5,-4.3,-1.0,-4.5,2.0,-5.2,-1.9,0.7,-4.0,-3.7,6.5,-8.0,-2.9,-8.4,4.2,-3.4,-4.4,-6.2,-9.2,0.3,-1.1,-14.4,-1.3,-4.3,0.6,-4.7,-7.1,-5.7,-2.0,-1.6,-4.8,2.5,-3.7,-2.7,3.0,-2.5,-10.6,-8.2,-2.1,-2.8,-0.3,-4.6,2.0,-5.0,-2.9,-10.8,-12.0,-2.0,-6.3,-9.8,-5.0,-4.7,-5.1,-4.0,-4.9,-6.7,-1.7,-5.8,1.2,-7.4,2.1,0.3,-1.1,3.8,-2.6,-6.0,-1.9,-2.7,-5.8,-8.0,-16.1,-6.2,-8.9,-7.2,-5.2,-5.1,-8.9,-4.8,-11.2,-5.0,-7.2,-8.6,-1.2,-4.2,-2.0,-3.0,-5.3,-7.4,-1.2,5.7,-7.0,-4.4,-6.2
2C7L511pGj,0,48.101221,11.631464,4442560.25,2777748.74,544.5,590.2,232,7393,4.6,0.6,0.62,32.66,348.96,-0.53,-0.103,0.842,-0.6,0.2,-0.35,0.35,1.2,0.3,-0.3,-2.6,1.2,3.7,1.1,2.8,-1.6,3.7,1.4,4.1,3.6,1.6,1.2,7.7,1.2,2.2,5.4,3.6,1.4,-1.8,1.4,-2.7,2.9,0.2,1.8,2.8,5.0,-1.9,-1.7,1.4,-0.5,-3.8,-3.6,-3.6,-0.9,-0.3,-1.9,1.5,1.5,3.4,3.6,-1.7,0.9,1.7,-1.1,5.7,-2.2,-3.0,0.5,-1.4,0.7,-0.4,0.3,1.8,3.8,3.0,-0.8,0.1,-2.2,-6.4,-4.9,-4.0,1.4,4.2,-6.0,-2.6,2.7,-4.5,-1.4,2.3,-4.1,1.3,4.0,2.1,2.4,5.3,6.6,-7.5,-8.9,14.4,7.1,3.1,2.9,-0.5,2.3,5.1,1.8,5.2,1.4,0.4,1.5,-1.1,-2.2,-0.1,0.1,2.6,-0.4,-2.9,3.2,4.0,1.1,1.1,8.1,7.7,6.8,10.2,-1.1,3.2,-2.8,-1.9,12.3,10.3,-2.4,1.1,-1.1,-1.0,-7.1,4.9,-0.4,3.8,-3.9,-14.7,-4.1,-5.7,9.4,-11.1,1.2,-0.4,11.7,5.9,3.9,2.0,1.1,1.5,1.7,0.3,-1.2,-0.1,-0.5,1.4,2.7,-6.2,0.2,2.7,1.3,-3.3,-8.2,0.1,-12.0,2.1,-0.5,-3.1,-1.7,7.1,-1.5,8.4,-1.1,7.3,1.7,6.4,-6.7,-11.2,3.9,3.4,2.8,-9.1,-3.9,4.7,-6.4,0.9,0.8,3.1,10.3,-4.0,-2.5,-6.1,4.4,1.7,-1.3,-9.4,-6.7,2.4,-4.7,-8.9,-8.5,-7.1,-4.8,1.4,6.1,4.0,-0.8,0.2,3.4,11.6,0.5,-0.8,-4.8,-1.1,2.1,-5.3,-2.9,-1.8,-7.7,3.9,2.5,3.6,-0.0,-9.1,-16.1
2C7L511pGr,0,48.10126,11.631771,4442583.03,2777753.64,536.4,582.1,232,7401,4.0,0.67,0.45,32.67,348.96,-0.53,-0.103,0.842,-0.4,0.2,-0.2,0.31,1.6,0.3,-0.3,1.8,3.2,3.0,1.6,3.6,-1.0,-2.3,1.3,-3.1,-3.8,3.4,-3.1,-0.5,2.3,0.2,1.6,-0.8,1.9,-4.0,0.7,-0.8,-1.3,-3.4,0.2,2.6,-1.0,2.3,-4.5,-3.5,-2.4,-7.3,-4.1,-4.5,-2.3,-4.3,-2.6,3.9,-1.9,0.1,0.2,1.4,-3.1,0.7,3.5,-0.4,-2.8,-5.2,-1.1,4.0,1.0,2.8,4.2,4.5,0.6,0.8,8.3,1.7,1.5,-3.7,0.8,5.6,5.0,10.0,8.8,-3.2,-3.5,1.8,5.4,0.5,2.0,-0.8,3.5,1.9,0.9,0.9,0.5,2.3,0.1,-1.7,0.1,1.6,-3.0,1.8,-2.9,-1.2,-4.4,-3.7,-1.9,-1.6,-1.2,-2.8,-1.1,-5.3,-1.3,-2.1,-0.5,-1.3,1.5,-2.5,0.3,0.2,1.9,0.7,2.1,-1.6,-0.3,1.5,-4.7,-5.2,-2.7,1.3,-5.1,2.2,-6.7,-1.9,-11.4,2.3,12.3,-1.4,4.3,-1.0,4.8,0.3,5.9,4.7,6.5,-1.4,2.2,-3.9,-4.2,1.0,1.9,-7.0,1.4,-1.7,-3.7,-1.0,-2.3,1.0,8.5,-10.9,-3.6,-6.7,-4.1,4.3,2.5,4.3,1.6,4.4,-9.8,-0.7,2.3,-4.6,0.9,-2.4,10.8,3.3,-0.6,2.4,-2.2,-4.6,-2.2,-1.1,0.7,-2.4,-3.9,2.0,-2.3,-3.3,4.8,-0.0,-0.4,-9.2,-3.9,-9.4,2.6,-6.3,-10.3,-13.2,-0.9,-0.5,-3.6,-1.4,-2.4,-2.7,2.1,-5.0,0.4,-1.4,0.2,-14.0,-4.4,7.0,0.1,-7.8,2.1,-5.5,-4.8,-3.8,-5.1,-4.2,-5.4,-2.3,-0.7,12.4,-9.0,11.6,6.5
2C7L511pIO,0,48.101983,11.637405,4443000.98,2777843.27,547.8,593.4,232,7496,3.4,0.7,0.45,32.69,348.96,-0.53,-0.103,0.842,-0.9,0.2,-0.87,0.26,2.5,0.2,-0.3,1.7,1.6,-1.3,0.7,0.5,2.0,-0.5,2.1,4.6,0.2,-0.8,-1.6,-0.0,-2.2,-0.3,-0.4,-8.5,1.3,14.6,-10.4,-7.3,-8.0,0.3,-3.4,2.3,-2.6,-2.3,-0.0,-5.5,-5.4,0.3,-11.8,-7.5,-8.5,-6.3,-6.1,-8.0,-8.5,-3.1,-2.9,-4.0,-0.9,-4.2,-5.1,-3.6,-2.5,-3.3,-3.0,-1.7,0.5,-2.2,1.5,-0.9,1.8,0.6,-2.3,-0.8,-1.1,0.5,1.9,-0.4,-0.2,-7.1,-0.3,-3.9,-2.2,-0.3,0.8,3.4,2.2,1.5,0.5,2.0,3.3,-1.8,8.0,-0.4,-0.4,-0.8,-5.2,-1.0,-6.4,-2.0,-3.9,-2.1,-8.4,-3.1,-2.0,-11.8,-3.8,-0.6,-11.0,-4.2,-0.9,-1.6,-4.3,-6.1,-1.7,-2.2,-0.8,-1.9,-7.8,3.1,-0.7,-3.4,4.5,-0.8,2.0,1.4,1.5,3.7,-0.9,1.4,4.3,1.0,-0.4,1.9,0.4,1.4,0.0,-3.2,-1.1,-2.8,-0.5,-2.7,-4.1,-3.8,11.4,-5.3,-5.5,4.7,1.2,-0.8,-0.3,-12.2,-8.9,-6.1,-3.2,2.3,1.0,-1.4,-5.1,-3.2,-4.2,-0.3,-2.5,-0.3,2.2,0.8,-0.2,1.4,0.5,1.6,3.3,1.7,-11.7,-8.2,-9.2,-0.3,-5.7,-4.3,-13.1,-2.7,-8.8,-6.8,-3.4,1.8,-9.3,-8.7,-3.3,-3.8,-2.3,-8.2,-5.1,-1.8,-3.8,-4.0,-6.5,-1.4,-6.2,-1.4,-2.9,-3.9,-6.9,-3.6,-3.7,-3.4,-3.6,-6.5,-10.1,-7.8,-8.0,-8.9,-7.5,-6.0,-6.5,-8.5,-6.5,-6.7,-7.5,-8.6,-6.6,-9.4,-0.9,-1.1,-4.4,-3.6,-4.2
2C7L511pIU,0,48.101993,11.63748,4443006.59,2777844.5,533.9,579.6,232,7502,1.8,0.92,0.27,32.69,348.96,-0.53,-0.103,0.842,-1.0,0.1,0.04,0.14,0.6,0.1,-0.3,-0.2,-1.2,0.3,-0.7,-0.0,0.7,1.2,1.7,2.3,-0.5,1.2,0.1,2.2,1.8,2.9,2.6,2.5,0.7,-0.1,-3.8,0.4,0.5,0.2,1.2,3.5,2.9,2.9,1.6,2.2,0.5,2.8,-2.6,-2.5,-5.1,-4.8,-3.2,-1.0,-2.3,-1.2,1.6,0.5,-0.5,-0.1,-2.2,-1.1,-3.4,-1.0,-2.7,-2.4,-1.2,-0.7,-1.0,-1.1,-1.5,-2.2,-2.0,-2.1,-2.0,-0.8,-2.9,-1.6,-1.0,0.2,-3.2,-4.7,-3.6,-2.5,1.8,-4.1,-1.5,-1.0,0.9,-2.3,-0.0,-0.7,1.1,2.3,2.2,-0.8,1.0,-0.0,-0.6,-0.4,0.3,-1.1,-1.3,-0.6,0.2,-0.6,-0.5,-1.3,-2.8,-2.4,-3.9,-3.4,-2.4,-1.2,0.1,1.6,-1.2,-1.5,-3.0,-2.9,0.7,-1.5,-1.0,-1.3,-1.4,-3.2,-1.6,-2.5,-0.7,-3.4,-1.6,-3.1,-3.2,-2.2,-3.6,-2.8,-3.9,-3.5,-2.0,-1.4,-2.4,-0.7,-0.6,-0.7,-1.8,-2.0,-2.5,0.8,-1.3,1.9,-0.2,-2.1,-2.8,-1.4,-1.5,2.1,1.7,-1.6,-3.0,-1.2,-2.8,-1.3,-3.2,1.6,-2.3,-3.9,-4.1,-1.0,-3.6,-3.5,-4.0,-3.5,-3.9,-2.8,-2.9,-0.6,-2.6,-1.7,-2.0,-6.4,-5.6,-5.9,-3.1,-2.6,-7.0,-3.6,-4.7,-3.7,-3.1,-3.1,0.1,-3.7,-3.5,-4.6,-4.9,-6.6,-5.7,-4.2,-5.1,-4.0,-5.0,-6.4,-3.0,-4.6,-8.8,-3.6,-7.2,-7.2,-1.3,0.9,-2.0,-4.5,1.0,-3.3,-3.9,-2.0,-5.7,-1.9,-4.9,-5.4,-5.6,-5.9,-4.7,-4.7,-4.5
2C7L511pES,0,48.100197,11.623347,4441957.98,2777621.63,538.5,584.2,232,7252,3.1,0.79,0.47,32.6,348.92,-0.529,-0.104,0.842,-7.2,0.2,-0.63,0.24,0.9,0.2,-0.3,-1.3,-1.8,-1.5,10.2,-0.2,-2.3,0.1,-3.2,0.4,2.4,0.5,-5.5,1.4,-0.2,-0.1,0.9,0.7,-1.4,2.1,3.6,1.8,3.7,1.3,0.7,4.0,1.3,1.5,-2.6,-0.2,-0.8,-10.3,-5.0,-2.4,-4.4,-1.8,-5.9,-0.6,0.8,-1.0,-1.3,-1.0,-3.6,-2.9,0.6,-1.2,0.9,-3.4,-3.6,-1.7,-2.1,-0.2,-4.2,-5.2,-4.1,-4.1,-3.4,-4.5,-4.5,-2.5,-0.7,-4.4,-3.2,-6.4,-3.2,5.2,-4.7,-5.0,2.0,-5.3,-4.2,0.2,-4.5,-0.8,-3.7,-2.3,-3.0,-6.3,1.0,-5.2,-3.1,-6.7,-6.2,-5.3,-3.6,-7.5,-7.5,-7.8,-9.4,-5.0,-6.6,-6.2,-8.8,-11.3,-11.0,-14.6,-7.8,-9.5,-12.1,-7.4,-3.8,-9.1,-10.4,-8.7,-7.2,-8.4,-7.0,-9.5,-6.4,-8.1,-8.5,-10.0,-10.0,-9.7,-9.3,-10.3,-11.8,-17.2,-10.8,-11.0,-10.1,-23.5,-8.4,-9.9,-13.7,-25.0,-10.5,-8.6,-7.5,-11.6,-11.2,-9.2,-15.1,-14.4,-11.4,-18.1,-16.3,-11.1,-14.4,-14.2,-11.1,-15.3,-16.8,-14.3,-17.5,-19.7,-18.1,-15.4,-20.0,-19.6,-18.0,-24.1,-16.1,-22.8,-19.2,-21.0,-21.5,-17.7,-20.1,-19.3,-17.8,-21.7,-22.0,-21.3,-24.2,-21.6,-17.1,-23.8,-28.1,-22.5,-26.3,-27.3,-32.3,-29.9,-27.5,-27.7,-25.2,-27.8,-26.6,-40.3,-27.1,-27.2,-25.3,-25.2,-26.0,-28.1,-26.6,-26.6,-25.7,-23.8,-30.1,-30.5,-27.7,-23.6,-34.9,-29.4,-29.4,-35.0,-33.6,-33.1,-33.9,-33.2,-31.9,-32.0,-31.5,-25.8,-31.7,-32.6,-34.1
2C7L511pF0,0,48.100433,11.625184,4442094.31,2777650.88,534.8,580.5,232,7286,4.3,0.64,0.44,32.64,348.96,-0.529,-0.103,0.842,-0.9,0.2,1.04,0.33,1.3,0.3,-0.3,-1.7,0.3,-0.6,-1.9,-3.6,-1.6,-1.9,1.5,0.6,8.0,4.7,2.9,2.9,5.0,5.1,2.0,-1.1,-2.2,-1.3,-1.4,4.9,1.6,3.7,0.9,0.1,3.7,9.7,-5.4,-6.0,-4.5,4.6,-3.5,-7.7,-2.9,-5.7,-2.6,-0.4,-3.6,-0.5,-0.5,-2.0,4.3,-10.3,-2.2,-7.1,-7.1,-5.2,-3.6,-4.2,-3.3,5.3,3.2,-2.5,-4.7,-4.9,-5.6,-3.9,-5.6,-5.4,-3.1,-5.9,-6.0,-4.9,-7.3,-5.0,-4.1,-3.5,-7.5,-5.7,-6.0,-4.8,-5.4,-4.0,-12.7,10.0,-7.2,-7.4,-8.9,-3.7,-3.3,-7.0,-2.6,8.2,5.1,-2.6,-3.8,-3.6,-7.0,0.7,-4.7,-7.0,-5.2,-7.4,1.1,-6.9,-4.9,-3.9,-3.4,-6.4,-8.2,-6.3,-6.9,-5.9,-8.0,-4.9,-4.5,-5.2,-1.5,-8.2,-8.7,-7.4,-2.7,-4.3,-1.2,-1.1,-5.4,-3.9,-2.4,-6.0,-0.3,-1.8,-0.9,-6.3,0.6,-2.0,-4.1,-4.9,-2.0,-5.9,-5.2,-9.1,-1.5,-6.4,-0.4,-1.2,-0.1,1.1,1.9,1.9,0.9,-6.1,-6.4,-4.3,-6.5,-4.1,-8.3,-11.4,-11.3,-8.8,-4.9,-9.5,-9.0,-13.2,-12.1,-11.4,-9.6,10.6,4.5,-6.7,13.5,-8.7,-9.1,-6.9,-8.0,-9.2,8.0,-14.8,4.2,3.5,-7.7,-3.2,-4.4,-15.4,-9.7,-10.9,-9.5,-7.4,-6.6,-5.1,-6.6,-3.4,-3.5,-4.9,-4.5,-3.9,-2.8,-4.8,-7.0,-4.8,-15.1,-5.6,-1.7,-1.7,-1.8,-4.1,-3.4,-4.7,-3.6,-6.0,-2.5,3.6,-6.6,-10.8,-7.2,-5.0,-6.2,-4.2,-6.0
2C7L511pFH,0,48.100571,11.626258,4442174.01,2777667.97,539.7,585.4,232,7303,2.8,0.83,0.36,32.64,348.96,-0.529,-0.103,0.842,-0.2,0.1,-0.22,0.22,0.1,0.2,-0.3,0.7,0.8,-0.1,-0.5,-0.6,-0.0,0.2,-4.1,-1.2,3.4,-1.9,1.7,-1.3,-0.7,-1.8,-4.8,4.0,1.7,5.9,3.2,-1.8,0.6,0.6,0.9,1.5,1.7,2.4,1.4,1.8,-4.0,-12.4,-4.9,-3.1,-2.7,-1.8,-2.9,3.4,-1.7,6.4,-1.0,2.0,1.3,-1.9,2.3,1.9,2.1,-3.0,-0.3,2.1,-0.2,1.2,-2.3,-0.7,-0.2,1.8,2.7,-2.3,0.5,0.3,2.7,2.4,-0.9,8.1,-8.6,4.0,2.2,-5.1,2.3,-3.8,0.1,-1.7,-8.4,-2.3,-4.4,-0.4,3.4,4.9,2.5,-0.6,9.8,2.1,-10.6,-3.0,4.5,0.9,-0.3,0.1,-0.6,-0.6,1.7,-1.6,-4.9,-3.3,4.1,-2.3,-3.6,-0.0,4.5,0.3,-0.1,0.9,0.8,-2.1,1.0,-0.3,0.6,-0.3,-1.1,-0.3,1.1,-0.4,-3.0,1.0,1.9,-5.9,0.6,-0.5,-0.2,0.9,1.4,-2.0,-2.9,-0.1,-1.0,2.3,1.3,-0.2,1.8,-0.3,-3.9,-1.3,-0.1,0.2,2.7,3.4,3.5,2.1,1.4,4.5,2.8,-1.6,0.9,-8.0,0.3,3.6,-0.6,-0.4,4.5,0.6,-2.1,-0.3,-3.4,-1.7,-1.4,1.1,-1.2,1.0,-1.9,1.1,-1.1,-1.9,-3.6,-1.4,-2.7,-1.6,2.3,-0.4,-2.8,0.8,0.2,-1.5,1.1,0.1,-3.0,-2.6,-0.4,-0.8,0.1,-2.7,-0.2,-0.5,-1.2,-0.3,0.6,-0.6,2.4,-0.6,2.2,0.5,-3.8,-1.2,-4.8,3.8,-5.9,-0.3,-2.9,-1.7,-2.0,-4.8,0.5,-2.6,-2.0,-2.2,-0.7,0.4,0.8,-1.6,0.1
2C7L511pGo,0,48.101262,11.631637,4442573.08,2777753.57,537.8,583.5,232,7398,2.0,0.91,0.32,32.66,348.96,-0.53,-0.103,0.842,-0.4,0.1,-0.05,0.15,0.9,0.1,-0.3,-0.6,-0.2,-0.4,-1.6,1.0,0.1,1.7,-0.1,-0.1,0.1,-0.6,0.5,-0.0,-0.8,-1.8,0.5,-0.6,0.1,-1.7,-0.7,-1.4,-1.6,-0.2,0.4,-0.5,0.8,1.2,0.2,2.2,-4.1,-2.5,-6.4,-4.7,-3.0,-4.0,-2.8,3.0,0.5,0.5,0.6,-0.9,1.2,-2.2,0.4,1.7,0.5,-0.9,1.5,1.2,0.3,2.6,2.1,1.3,1.4,0.3,-0.3,-0.7,-1.2,1.2,-0.6,0.4,-0.3,-2.7,0.1,-12.9,2.5,-1.3,0.2,-1.6,-0.5,-0.9,-0.7,-1.3,-0.3,-2.4,-0.3,0.1,-0.4,-1.6,0.6,-0.7,-2.5,0.3,0.1,-2.0,-3.6,-2.1,-0.3,-0.2,-1.7,-0.6,-0.5,-4.4,-1.0,-2.6,-0.7,2.5,0.8,-1.1,0.1,2.0,-1.2,2.9,5.9,2.3,1.3,2.8,2.8,3.7,-1.6,-2.1,3.3,3.5,0.9,-1.2,0.8,0.6,-0.8,0.1,-0.3,-1.2,-0.3,-2.8,-1.8,-1.0,0.8,-1.0,-1.2,-1.2,-3.9,-4.4,-1.3,0.2,-1.4,-2.4,-3.2,-2.5,-1.7,1.0,2.8,2.0,-0.9,-1.1,1.0,-3.1,-0.7,-0.4,-1.5,-2.0,-1.3,-1.5,-1.8,-2.0,-1.9,-1.6,-2.0,-2.3,-1.7,-0.5,-0.4,-1.6,-1.3,-2.9,-4.1,-4.1,0.6,-2.4,-4.9,-0.3,-0.9,0.3,-2.4,-0.2,0.9,3.0,-1.1,-3.1,-1.1,-12.4,0.3,-2.7,-1.6,-2.1,-0.7,-2.0,-1.1,-0.3,-1.3,-0.4,-4.4,-3.3,-0.7,-1.5,-4.5,-1.2,-2.5,-0.7,-1.9,-1.5,-0.4,-2.3,-2.8,0.5,-0.2,0.5,-0.9,-0.1,-1.2
2C7L511pGp,0,48.101278,11.631767,4442582.7,2777755.63,541.4,587.1,232,7399,2.6,0.82,0.41,32.67,348.96,-0.53,-0.103,0.842,-0.5,0.1,0.04,0.2,1.7,0.2,-0.3,-2.7,-1.6,-1.2,1.2,2.3,5.7,1.7,0.1,-2.1,1.6,-2.4,-3.9,-1.6,-1.6,-3.0,-0.3,-0.4,-1.1,-2.1,0.2,-3.3,-2.7,-0.7,-1.0,0.1,0.7,1.3,-1.6,1.4,-4.7,-4.8,-6.3,-6.3,-4.0,-4.7,-4.2,-2.9,1.7,0.6,0.5,-2.7,0.0,-4.3,-0.1,-2.5,-0.2,1.0,-1.1,-0.2,-1.3,0.1,1.5,-0.7,1.2,-0.4,-0.5,-0.1,-1.1,-1.0,0.3,-3.6,-2.8,-9.8,-0.4,-6.9,3.7,4.2,1.3,-2.9,-1.0,0.9,-2.6,-1.3,-1.5,-3.3,-0.9,-1.5,-1.6,-2.6,-0.2,-2.8,-4.6,0.2,-4.1,-3.8,-1.0,-2.3,-1.1,-1.9,-3.4,-3.8,-5.2,-5.1,-4.3,-4.1,-3.7,-0.2,-1.1,-4.3,-6.2,-1.8,-1.0,-0.7,-0.7,-2.0,0.3,1.6,3.9,0.3,-2.4,-1.3,3.6,3.7,0.4,0.4,4.4,1.9,2.4,3.3,2.0,-5.0,-0.7,1.7,-3.0,-0.1,0.6,-1.1,-3.6,-5.3,-6.2,-3.1,-4.3,-2.2,-2.5,-4.9,-3.7,-4.0,-2.0,0.5,2.8,-12.2,-3.9,-4.0,-4.0,-3.4,-0.6,1.1,-2.8,-3.3,-2.1,-0.9,-0.8,-2.0,0.3,-1.1,-0.5,-3.6,-1.9,-1.5,-1.9,-2.3,-2.5,-3.6,-5.7,-5.7,-1.9,-5.0,-5.8,-0.9,-3.0,-1.7,-3.8,-13.0,-1.4,-4.7,-3.4,-3.7,-2.2,1.1,-0.0,0.0,0.3,-3.0,-1.8,-1.7,-4.2,-1.5,-3.5,-3.0,-8.7,-10.8,-6.0,-3.8,-6.3,-4.6,-6.3,-1.5,-5.8,-4.4,-2.3,-4.5,-7.4,-2.5,-2.4,5.5,10.8,1.5,-1.5
2C7L511pI0,0,48.101821,11.635993,4442896.24,2777822.88,545.5,591.2,232,7472,3.2,0.78,0.42,32.68,348.96,-0.53,-0.103,0.842,-0.3,0.2,-0.1,0.24,1.0,0.2,-0.3,4.0,1.3,-0.8,-1.3,-5.7,4.9,6.5,-0.8,-0.9,1.9,5.9,7.2,-8.4,-2.6,1.2,-1.8,-3.5,9.6,-2.5,-4.2,-9.4,3.7,-4.7,0.3,-2.1,-2.8,-1.2,-5.1,0.4,-2.8,-0.1,-4.5,-5.6,-8.1,-3.8,-5.0,-1.0,-2.1,-1.1,-2.3,0.5,-2.2,-1.5,-0.2,-0.4,-0.8,-5.3,3.0,0.5,-0.5,1.2,0.2,-2.8,0.2,-2.3,-0.1,-3.7,0.5,0.5,1.3,1.2,-2.7,-1.4,-2.2,-11.4,-14.2,-5.1,-11.3,0.3,0.5,-3.8,-2.0,-2.1,2.5,-0.0,0.6,-1.0,-2.5,0.4,-3.2,0.3,-2.6,-2.8,-7.2,-1.4,-1.2,2.0,-1.3,-1.6,-3.2,-0.1,-4.3,-1.2,-5.7,3.8,-0.7,-2.6,0.7,2.8,-1.6,-0.9,-0.0,1.9,-0.9,-0.2,0.6,0.2,2.1,-1.0,1.9,4.3,3.2,-1.0,1.7,4.5,-8.6,-10.1,-2.9,0.4,-1.6,1.2,-1.5,-0.6,-2.1,-2.8,-3.7,-1.9,0.2,-4.4,-0.8,-0.1,1.2,-3.2,0.1,3.3,-1.1,0.4,-0.4,2.2,2.5,1.3,-1.8,1.7,1.3,1.2,1.7,-2.2,-2.2,-2.4,-7.8,-3.0,-4.8,-0.4,-0.1,-2.3,-11.9,-3.1,-1.8,2.2,-3.7,0.8,-1.4,2.0,-1.0,-4.1,-0.2,1.3,0.0,1.0,1.5,1.2,-0.1,-5.7,-4.8,-4.2,-7.0,-6.5,-1.7,1.5,-2.9,-1.7,-2.2,-1.7,-2.4,-0.9,-2.1,-6.7,-2.1,-0.0,-1.6,-4.4,-5.9,-1.5,-2.9,-1.2,-1.5,-0.2,0.4,-3.9,-1.5,-2.4,-0.0,-5.0,-2.2,-1.6,-5.1,-2.7,-1.3
2C7L511pIN,0,48.102008,11.637455,4443004.69,2777846.13,553.2,598.9,232,7495,2.9,0.81,0.42,32.69,348.96,-0.53,-0.103,0.842,-0.5,0.1,-0.76,0.22,0.7,0.2,-0.3,0.5,3.2,-1.3,2.4,-1.9,3.7,1.0,1.6,-2.4,1.6,1.1,1.4,1.1,0.2,-2.3,-1.1,-4.7,-3.2,-6.4,-4.6,-3.4,-3.3,-0.3,-2.9,-7.9,3.5,5.0,2.9,-0.9,-1.2,1.9,-7.8,-4.5,-6.1,-4.6,-0.9,-2.9,-1.5,0.6,-3.2,-2.2,0.9,-1.5,-1.6,-2.0,-0.4,-0.4,-1.4,-1.8,-2.1,-1.3,-2.1,1.1,-1.2,1.5,-0.7,-0.3,0.6,-0.2,-1.1,0.9,-4.2,-3.2,1.6,0.4,-1.6,0.7,3.1,-1.4,3.8,5.8,-0.2,-2.5,2.6,-2.0,-3.6,1.0,-2.8,-1.4,-4.5,-1.4,-0.1,-0.1,0.6,-0.8,-2.3,0.1,-1.0,-1.8,-1.1,-2.3,-1.8,-3.8,-3.6,-1.0,-1.9,0.6,1.1,2.2,-2.3,-0.7,1.1,3.4,4.2,1.3,1.9,0.5,3.3,0.8,0.2,1.7,-0.2,1.5,0.3,1.6,-1.1,-2.2,1.2,-0.2,-5.6,-3.7,-3.6,-2.3,-1.7,0.1,0.8,-3.2,-3.2,-3.4,-2.2,1.0,0.9,5.2,-1.3,-1.8,-3.4,-1.7,1.1,-0.9,2.6,-0.8,-0.7,0.2,-0.9,0.8,0.9,-0.5,3.8,2.4,-2.5,-16.0,1.1,-1.0,-2.1,-0.6,1.6,-1.8,-0.9,1.6,1.3,-4.0,-1.4,-0.8,-2.6,-3.1,0.8,2.7,-3.1,-2.5,-0.0,-0.8,-0.4,-9.4,-1.8,4.0,0.0,-4.3,-3.8,0.1,-4.6,0.3,4.4,0.5,-1.8,-4.5,-3.9,-8.1,-2.7,-0.4,-3.0,-5.5,-4.7,-4.3,-2.6,-4.5,-4.2,-3.3,-3.2,-11.3,-6.0,-8.8,-2.2,-12.0,7.7,3.3,-2.5,-9.7,-5.5
2C7L511pGn,0,48.101267,11.631533,4442565.27,2777753.97,535.8,581.5,232,7397,4.0,0.63,0.4,32.66,348.96,-0.53,-0.103,0.842,-0.6,0.2,-0.38,0.31,2.2,0.3,-0.3,-0.8,4.1,2.1,1.3,4.3,1.0,5.7,1.9,5.9,-0.3,-0.3,6.6,3.3,3.8,3.1,4.8,3.0,3.2,1.8,4.1,1.3,1.4,2.1,1.9,2.9,6.1,4.5,2.8,4.7,-3.0,1.4,-3.6,-9.2,-8.3,4.1,2.5,10.2,3.0,6.0,-0.7,2.0,6.2,5.3,9.5,7.1,4.8,1.3,6.8,4.4,5.8,7.8,10.0,5.9,7.5,2.5,-0.3,2.0,1.3,4.8,2.2,2.3,2.2,0.5,1.6,-9.5,4.1,0.7,-0.1,0.3,3.6,1.1,6.9,1.3,2.3,6.6,13.1,7.0,7.6,9.2,7.0,7.8,6.6,4.3,6.6,3.2,1.8,3.6,5.5,4.0,2.9,8.4,1.9,-0.9,6.3,1.9,5.0,8.4,13.6,12.1,8.3,4.1,15.1,10.5,11.1,11.1,7.5,8.0,2.8,15.1,6.8,2.8,10.6,9.4,6.7,1.6,-1.4,0.9,-1.2,-5.0,-0.4,2.5,1.0,-4.8,0.6,1.6,4.1,-0.3,12.8,9.2,10.6,-0.6,3.7,4.6,4.0,1.4,7.4,7.7,6.2,6.0,4.8,9.7,5.2,3.5,7.2,-2.9,-2.4,1.1,-2.6,-1.4,-0.1,-3.7,-3.8,-1.2,-2.3,-3.6,-5.5,-1.3,-2.2,4.3,0.9,4.9,4.4,2.3,-0.5,2.2,5.0,3.8,5.7,6.2,5.0,5.6,3.3,5.2,6.7,-10.0,-0.4,-2.9,-2.5,-7.7,-4.6,0.7,-9.0,-10.2,1.5,-2.9,3.2,2.7,8.5,4.3,-2.1,2.8,1.2,5.5,0.3,5.1,3.7,3.6,9.1,2.0,2.3,2.8,-0.5,3.0,7.0,3.0,7.8,2.6,1.4
2C7L511pHU,0,48.101604,11.634163,4442760.39,2777795.81,546.2,591.9,232,7440,3.3,0.76,0.44,32.68,348.96,-0.53,-0.103,0.842,-0.3,0.2,-0.18,0.25,0.9,0.2,-0.3,2.8,-8.8,-1.2,-0.6,-2.1,0.6,-1.3,5.6,-0.2,5.8,-2.0,-0.3,-3.4,4.4,1.2,-1.7,-2.6,-4.6,-1.0,-0.7,-4.6,-1.9,-1.2,-0.3,2.7,-0.6,2.1,-4.5,-3.5,-7.6,-2.7,-5.2,-4.9,-8.3,-8.1,-1.3,4.4,0.7,1.0,-1.0,-2.9,3.2,1.9,0.0,2.1,-0.5,1.0,0.8,0.2,1.6,0.9,3.2,1.9,-0.2,-2.7,0.8,-1.7,1.3,2.4,-1.3,-0.6,1.5,1.9,-3.1,-0.8,-3.8,-2.9,1.6,-0.8,-2.1,1.6,-2.8,0.9,-0.6,-0.7,1.1,-1.1,-3.1,-4.9,-5.6,-0.0,-5.7,-4.4,-3.4,0.8,0.1,4.4,-5.5,-3.7,-3.7,1.2,-4.7,1.0,-5.6,-4.1,-2.4,2.0,-3.6,3.0,0.2,-4.3,6.5,-4.0,1.8,0.2,3.6,3.4,1.4,-1.4,0.8,-2.1,-6.5,-2.5,3.4,4.0,-5.8,-5.2,-5.7,-1.2,-7.2,0.4,-4.6,-1.3,-0.7,0.5,2.7,4.4,1.3,0.3,-2.2,1.1,1.4,-4.8,-1.1,-8.5,-4.1,-1.8,-5.0,4.3,0.7,5.9,-6.8,-3.7,0.8,-0.4,-4.0,2.6,2.8,0.3,0.8,1.9,0.8,1.2,2.5,-5.1,-2.8,-3.0,0.2,-1.0,-3.1,2.2,-3.6,-0.1,-2.6,-7.9,0.1,0.2,-5.6,1.2,-3.2,3.0,-3.6,-4.1,-0.3,1.2,1.7,-4.2,-3.5,-0.5,-3.5,-3.7,-2.9,-1.5,-10.9,-4.1,-1.1,-3.1,-0.9,0.2,-9.3,-0.4,-3.5,-2.9,-10.5,10.9,-2.6,-5.0,-0.2,-2.4,-2.6,5.0,-5.0,-3.1,-0.2,1.8,-3.9,-4.7,-1.6
2C7L511pHi,0,48.101701,11.634918,4442816.43,2777807.83,542.9,588.6,232,7454,4.7,0.19,0.44,32.68,348.96,-0.53,-0.103,0.842,-27.8,0.2,-0.42,0.36,7.7,0.3,-0.3,-3.9,-6.0,-5.5,-6.0,-5.8,-3.3,-0.5,-4.3,-6.0,1.3,-6.4,-4.1,-10.6,-13.0,-11.8,-10.7,-4.6,-10.9,-10.7,-12.5,-13.3,-10.5,-10.4,-6.2,-7.5,-7.9,-11.0,-7.9,-13.1,-6.7,-8.5,-7.7,-12.0,-13.3,-12.5,-7.1,-14.2,-11.0,-4.3,-6.0,-8.4,-10.0,-15.1,-5.9,-7.7,-11.5,-7.0,-2.5,-6.9,1.0,-8.2,-23.1,-19.8,-20.2,-18.4,-17.7,-19.5,-16.3,-19.3,-19.2,-21.2,-12.2,-21.6,-29.8,-27.9,-32.3,-42.4,-21.9,-38.0,-41.4,-34.6,-35.0,-31.0,-32.3,-37.4,-37.2,-38.0,-37.7,-40.8,-36.9,-37.6,-34.6,-38.0,-36.6,-34.4,-29.9,-31.7,-30.9,-32.3,-37.4,-33.2,-39.2,-39.2,-35.5,-33.9,-35.0,-36.1,-32.0,-32.5,-34.8,-34.8,-40.3,-37.2,-36.7,-36.5,-35.8,-33.3,-41.9,-34.3,-36.7,-33.3,-34.8,-36.0,-41.2,-44.7,-36.1,-38.2,-49.7,-55.3,-68.8,-59.8,-65.2,-60.7,-66.7,-69.3,-65.0,-54.0,-63.8,-62.4,-67.1,-59.5,-62.6,-58.2,-60.9,-63.4,-60.2,-57.1,-60.5,-58.7,-57.1,-55.3,-66.1,-63.0,-70.0,-84.3,-85.1,-78.3,-86.0,-85.0,-86.3,-92.1,-87.8,-84.3,-79.1,-103.5,-102.9,-96.9,-95.7,-87.9,-92.8,-92.4,-90.3,-92.5,-93.4,-92.4,-98.8,-90.0,-93.0,-89.1,-92.5,-89.4,-91.7,-100.3,-93.0,-90.1,-88.9,-114.6,-114.9,-108.2,-118.1,-121.3,-120.8,-118.6,-118.2,-122.3,-121.0,-124.4,-116.2,-119.3,-117.7,-120.2,-118.5,-115.7,-120.2,-116.7,-117.9,-116.0,-114.8,-123.9,-116.5,-118.9,-118.1,-122.3,-123.6,-123.4,-129.7,-139.7,-136.1
2C7L511pHo,0,48.101759,11.635366,4442849.68,2777814.96,548.1,593.8,232,7460,3.1,0.74,0.39,32.68,348.96,-0.53,-0.103,0.842,-0.5,0.2,-0.23,0.24,2.4,0.2,-0.3,0.7,-0.8,1.5,0.4,2.6,-0.9,1.6,3.7,2.0,1.0,2.6,0.3,0.7,3.3,2.0,0.4,-3.0,-4.0,-6.1,-6.3,-4.6,-3.1,-3.7,-2.6,-2.9,-2.4,-7.2,-9.9,-5.5,-4.7,-4.3,-6.9,-11.8,-9.6,-5.1,-6.7,-4.4,-5.5,-2.7,-3.9,-12.2,-9.4,-12.8,-3.4,-4.5,-3.9,-4.5,-3.9,-4.3,-6.9,2.2,-12.4,-4.5,-1.3,1.7,-5.5,0.2,-6.0,-3.6,-6.8,-6.4,-3.2,-0.9,-1.3,-1.8,0.1,-1.7,-2.0,-0.2,-2.7,-3.2,-5.8,-5.5,-4.8,-6.2,-4.6,-2.6,-4.9,-6.1,-5.6,-4.2,-7.2,-6.2,-3.5,-2.5,-3.2,-3.3,-3.0,-6.2,-3.8,-6.1,-8.3,-9.3,-10.6,-3.4,-6.8,-7.4,-2.3,-4.4,-8.2,-7.0,-3.1,-5.1,-5.9,-1.9,-6.1,-5.7,-5.4,-7.4,-4.2,-2.7,-3.6,-1.2,-2.2,-4.4,-0.3,0.8,-1.4,-0.0,1.7,0.8,-0.0,-4.6,-0.4,2.6,-3.2,3.1,-3.9,-0.7,-6.2,-0.6,-3.8,-2.6,-5.6,-7.2,-10.6,-4.5,-4.6,-1.3,-5.1,-0.8,-8.8,-5.7,-4.9,-3.2,-0.3,-4.7,-3.0,-8.3,-3.1,-1.8,-4.3,-0.1,-1.9,-1.0,-0.6,-5.7,-1.4,-2.7,-1.7,-7.0,-12.3,-3.7,-6.9,-8.5,-4.6,-2.8,-9.9,-8.3,-12.0,-7.1,-7.2,-9.7,-6.9,10.3,-6.3,-9.1,-5.9,3.9,-5.1,-3.0,1.1,-2.7,-5.6,-5.0,-4.5,-3.8,-8.9,-10.5,-8.9,-6.0,-6.9,-3.1,-6.7,-6.1,-6.9,-4.7,-7.4,-11.6,5.5,-7.6,-10.7,-5.7,-5.3,-6.7,-8.9,-11.4,-6.8
2C7L511pIP,0,48.102026,11.637448,4443004.14,2777848.09,546.1,591.8,232,7497,1.8,0.92,0.31,32.69,348.96,-0.53,-0.103,0.842,-0.5,0.1,0.13,0.14,0.3,0.1,-0.3,0.1,0.0,0.9,0.4,-0.3,-1.5,1.0,0.3,0.2,1.5,0.8,-0.4,-0.7,0.7,-0.7,-1.2,1.0,0.3,-1.7,-3.8,0.4,-0.8,-0.2,1.8,-1.2,2.4,2.6,-1.1,-0.2,0.2,1.4,-2.7,-3.1,-3.7,-5.4,0.9,-1.2,1.2,2.6,4.5,1.0,1.4,0.8,1.3,0.7,-1.0,2.8,-0.1,-1.5,-1.4,-2.2,1.3,0.8,-1.3,0.1,-0.1,0.6,0.8,0.9,0.1,-0.2,-0.3,-0.1,-0.3,-1.1,0.7,0.1,0.6,1.5,1.0,1.2,0.8,-1.2,-1.6,-2.2,-0.5,0.6,0.0,0.4,0.8,-1.3,-0.5,-0.0,0.1,0.2,-1.2,1.5,-0.3,0.6,-1.6,-0.7,-3.1,-0.7,-1.8,-1.1,-3.1,1.4,1.9,1.9,0.5,-1.2,-1.3,-1.2,0.7,-1.0,-1.4,0.3,-0.1,-2.6,-2.9,-3.5,-1.4,-1.4,-3.3,-0.7,-4.1,-4.8,-3.9,-1.2,-0.9,0.5,0.3,-0.6,-1.6,1.1,-1.1,-9.4,1.0,-3.5,-1.2,-0.4,0.2,1.7,-1.3,-1.4,-1.9,-1.0,-0.7,1.1,1.9,-0.1,-1.8,-0.4,-2.2,0.4,1.1,-11.5,-4.7,-1.8,-1.2,-1.6,-4.0,-1.9,-1.3,2.2,-0.1,-1.2,0.3,1.6,-1.6,-2.6,-1.9,0.7,-3.0,-1.1,-0.5,0.6,-4.8,-0.9,-1.1,-1.5,-1.2,-4.4,-0.4,1.4,-2.1,-2.5,-3.0,-5.6,0.5,-2.1,-2.1,-4.1,-3.2,-2.8,-4.2,-0.9,-0.6,-1.8,-3.2,-3.1,-2.6,-3.7,-1.1,-1.4,-3.2,-0.9,-2.5,-1.3,0.5,-3.0,-0.9,-1.4,0.3,0.3,-2.9,-3.7,-2.4
2C7L5126IT,0,48.10067,11.626744,4442209.96,2777679.82,536.7,582.4,233,7313,3.8,0.68,0.45,32.64,348.96,-0.529,-0.103,0.842,-0.6,0.2,-0.0,0.29,2.9,0.2,-0.3,-1.1,-2.5,-1.0,-0.6,-3.5,-1.5,-0.4,-3.5,-1.1,-3.8,-0.9,-0.6,-0.2,0.1,4.8,3.3,-6.0,2.5,6.1,6.3,2.3,7.6,1.9,8.2,12.9,2.9,6.2,3.5,6.0,3.0,3.0,11.9,7.5,6.1,8.8,1.3,2.7,6.0,9.5,5.9,4.9,5.7,0.6,4.6,4.5,3.8,1.3,0.3,4.5,2.9,2.4,1.7,1.9,2.4,0.8,2.1,4.4,0.5,2.1,3.0,0.1,-10.1,7.4,-1.4,-1.0,-1.2,-1.7,-1.5,-2.5,3.4,-2.0,0.6,-0.6,0.4,2.1,11.7,2.1,9.4,3.9,3.6,7.6,12.5,4.0,-5.4,3.7,-0.6,1.3,3.6,1.6,-0.9,5.5,-0.3,0.8,10.7,0.0,-4.7,-1.8,-2.9,-0.6,7.4,-2.3,1.6,-1.0,3.0,-1.4,2.4,-0.4,2.1,4.2,0.5,2.1,4.4,0.2,2.3,0.4,-3.2,2.3,-2.5,-1.3,-3.1,0.7,-3.0,-1.8,-2.1,-6.9,-3.3,-1.0,1.2,3.6,2.6,3.2,3.7,4.3,7.9,2.2,-1.9,1.1,2.5,7.1,3.2,-1.4,-2.9,-0.6,0.7,-0.2,-0.2,4.7,0.3,-0.1,0.7,-2.4,-3.2,0.2,-0.1,1.0,-2.7,2.5,-0.7,-1.1,1.6,-0.1,-3.1,16.9,11.4,-0.3,0.7,7.1,9.2,1.1,0.6,4.7,0.4,-2.6,-2.2,-3.0,-4.8,-0.8,-2.9,-0.9,-1.7,-3.2,-1.9,-3.0,-1.1,0.5,1.7,0.4,2.2,6.8,1.4,2.1,-0.7,2.3,-4.1,12.4,17.8,-9.4,11.2,3.1,-4.9,-1.5,-4.4,-3.3,-2.1,-4.9,-3.4,-2.7,-7.6
2C7L5126J9,0,48.100989,11.629228,4442394.22,2777719.34,541.8,587.5,233,7355,3.8,0.68,0.53,32.65,348.96,-0.53,-0.103,0.842,-0.6,0.2,-0.51,0.29,1.8,0.2,-0.3,11.7,-3.5,-0.4,0.9,1.7,0.9,-2.4,1.2,-10.9,10.4,-3.7,4.2,0.8,2.8,4.1,5.7,-7.9,-6.2,-8.5,-5.7,-3.9,-5.3,-0.9,-3.3,-3.3,-0.5,-1.7,-14.9,-12.2,-11.0,1.9,-15.9,-3.3,-5.2,-8.9,-6.5,-1.3,-7.2,3.2,-3.4,-5.0,0.1,-3.4,-4.9,-3.6,-4.9,-3.3,-7.3,-8.8,-5.1,-9.1,-3.6,-0.5,1.0,-1.1,0.5,-0.5,-0.9,-1.2,1.7,-0.7,0.5,0.2,-1.9,-0.2,-4.0,-1.2,-2.3,0.5,-0.7,-3.4,-5.1,-3.9,-1.5,1.7,-8.2,-3.9,-3.8,-2.9,-6.8,-1.5,-2.4,-1.2,-3.4,-1.7,-2.9,-1.3,-1.8,-6.8,-7.9,-4.4,-11.2,-4.7,-0.8,-0.6,-1.3,-6.2,-2.2,-3.8,-7.1,-6.8,-4.4,-1.4,-3.0,-4.1,-0.6,5.8,-5.8,1.1,1.2,0.8,3.4,-3.8,-2.4,-1.5,-6.4,-9.1,0.6,-6.8,-1.2,-0.7,-1.3,-1.8,-2.2,3.8,-3.5,-6.1,-3.8,-1.3,-5.9,-3.7,-7.6,-6.7,-2.6,-7.9,-5.9,-4.4,-1.3,-3.0,-0.1,-3.4,-3.3,-6.2,5.4,-6.5,-15.4,-8.4,4.5,-1.4,-0.8,5.0,1.5,0.6,0.3,-0.1,-2.5,-0.9,-0.9,-0.8,-3.3,-1.3,-9.7,-2.8,-0.9,-2.4,0.5,-0.9,-3.9,-3.2,-2.5,-5.7,-3.4,-7.4,-6.9,-3.2,-5.6,-6.0,-3.1,-13.1,-3.3,1.9,-3.4,-1.2,-5.1,-6.9,-7.6,-4.1,-5.6,-1.5,-11.8,-10.6,-8.1,-9.3,-10.8,-4.4,-5.7,-5.6,-2.1,-5.2,-5.3,-7.6,-9.7,-8.3,-7.3,-1.2,-3.2,-5.7,-4.6
2C7L5126JM,0,48.101109,11.630162,4442463.52,2777734.19,549.0,594.7,233,7368,1.6,0.9,0.21,32.66,348.96,-0.53,-0.103,0.842,-0.4,0.1,-0.11,0.13,1.9,0.1,-0.3,-1.3,0.4,-1.7,-0.3,1.3,2.5,-0.3,1.4,-0.3,4.0,1.2,1.3,0.0,-0.5,-2.6,-1.4,-3.1,-2.6,-5.9,-0.8,-4.7,-3.4,-3.6,-1.6,-1.9,-3.0,-3.0,-1.5,-1.7,-5.6,-4.5,-6.9,-8.4,-5.3,-6.0,-4.1,-2.7,-0.9,-2.0,-2.7,-2.8,-1.9,-4.0,-2.2,-2.9,-2.8,-3.2,-2.0,-2.6,-0.5,-1.6,0.3,-0.3,-1.1,-1.9,-1.3,-0.9,0.0,-0.9,0.1,-1.8,0.8,-1.4,0.4,-0.4,2.1,-1.3,-2.6,0.7,-1.5,-1.1,-2.5,-1.5,-1.7,-1.8,-1.7,-2.5,-3.1,-1.5,-4.1,-3.2,-3.5,-2.8,-3.5,-0.0,-4.1,-3.2,-5.2,-4.5,-4.8,-3.7,-3.7,-3.7,-3.5,-4.1,-4.1,-1.9,-2.5,-2.2,-2.8,-4.0,-3.5,-1.9,-1.8,-2.5,-2.9,-1.2,-2.4,-0.5,-2.5,0.1,-1.5,-0.4,-0.6,0.6,-0.3,-0.1,-1.0,0.3,1.8,-0.8,-0.5,-1.1,-0.7,-1.3,-0.4,-1.7,-2.0,-2.2,-6.0,-4.2,-3.0,-2.8,-3.9,-6.4,-4.6,-4.8,-3.0,-2.0,0.1,-1.0,-1.7,-1.9,-2.5,-1.8,0.0,-5.1,-1.3,-1.6,-0.7,-1.5,-2.1,-2.9,-1.9,-1.5,-1.4,-1.0,-2.8,-1.6,-4.3,-4.5,-4.0,-2.0,-5.5,-6.2,-1.5,-2.8,-6.3,-4.6,-3.5,-2.7,-3.7,-5.8,-3.4,0.1,-15.1,-1.5,-0.4,1.1,-1.2,-2.5,-1.7,-1.6,-1.8,-1.9,-3.4,-2.8,-3.5,-4.7,-8.4,-6.7,-5.1,-5.5,-6.1,-5.7,-4.7,-3.7,-5.2,-4.1,-4.4,-1.6,-2.7,-3.2,-0.7,1.1,-1.2,-2.2,-3.8
2C7L5126JN,0,48.101112,11.630182,4442464.99,2777734.51,547.2,592.9,233,7369,1.3,0.93,0.14,32.66,348.96,-0.53,-0.103,0.842,-0.3,0.1,-0.1,0.1,1.8,0.1,-0.3,-1.4,-0.3,-1.0,-0.7,-0.7,0.6,-0.7,0.4,-1.2,2.5,-0.3,0.6,-0.6,-1.0,-1.4,-0.6,-2.5,-2.2,-4.4,-0.9,-4.5,-3.5,-2.6,-1.3,-1.6,-2.0,-3.3,-2.2,-3.3,-4.7,-6.0,-7.7,-8.3,-5.8,-5.7,-4.1,-2.5,-2.6,-1.8,-2.2,-2.7,-2.4,-3.5,-2.4,-3.0,-2.8,-3.8,-2.3,-2.0,-1.1,-2.0,-0.4,-1.5,-1.3,-1.2,-1.5,-1.3,-0.5,-1.7,-1.1,-1.4,-0.4,-2.0,-1.2,-0.9,0.2,-2.1,-1.9,-1.0,-1.8,-1.7,-2.6,-2.2,-2.2,-2.4,-2.4,-3.3,-3.2,-2.6,-4.2,-2.9,-4.3,-2.9,-3.7,-2.7,-4.5,-3.5,-4.2,-5.2,-4.9,-4.3,-5.3,-5.1,-3.4,-4.7,-4.0,-3.5,-2.8,-2.9,-4.1,-3.7,-2.7,-1.2,-2.4,-2.7,-2.7,-2.2,-2.6,-1.5,-3.3,-1.2,-2.0,-1.3,-1.3,-0.6,-0.7,-1.8,-1.7,-0.5,-0.0,-1.5,-1.6,-1.1,-2.0,-1.0,-0.5,-2.8,-2.5,-2.7,-5.0,-3.9,-3.8,-4.4,-4.5,-6.5,-5.6,-5.0,-3.8,-2.3,-0.1,-2.0,-2.5,-3.2,-2.1,-2.4,-0.7,-3.3,-1.0,-0.9,-0.7,-1.6,-1.2,-1.2,-2.0,-2.0,-2.3,-2.4,-2.8,-2.0,-2.8,-3.8,-3.1,-2.9,-6.0,-6.2,-3.1,-3.4,-6.2,-4.0,-3.8,-3.5,-4.5,-5.8,-4.2,-2.2,-5.7,-1.8,-1.7,10.1,-2.0,-2.4,-2.5,-2.5,-3.3,-3.2,-3.7,-4.4,-4.2,-4.5,-7.6,-6.1,-5.8,-4.8,-6.8,-4.6,-5.4,-4.6,-4.2,-4.1,-4.8,-4.2,-4.3,-3.0,-2.4,-1.7,-2.9,-3.0,-2.7
2C7L5126JO,0,48.101108,11.630155,4442462.98,2777734.09,543.1,588.8,233,7370,1.6,0.93,0.22,32.66,348.96,-0.53,-0.103,0.842,-0.5,0.1,-0.18,0.12,1.1,0.1,-0.3,0.1,0.7,0.5,-0.0,1.0,-1.5,0.4,-0.3,0.2,-6.4,1.1,-0.1,1.3,1.4,0.5,-0.6,0.1,0.1,-3.0,1.4,-1.3,-1.9,0.3,0.7,0.1,-0.6,-0.2,-1.5,-0.5,-3.4,-5.8,-5.6,-7.3,-4.5,-3.2,-4.3,-1.3,-1.7,-0.5,-1.2,-1.2,-0.7,-2.4,-3.6,-0.2,-1.1,-2.2,-0.6,0.3,-0.3,-0.4,-0.1,-0.0,-1.0,0.1,-0.4,-0.5,0.1,-0.8,-0.8,-0.2,-0.8,-4.3,-1.3,0.9,-1.0,-1.2,-0.5,-1.1,-0.4,-3.3,0.4,-1.5,-0.3,-1.3,-0.9,-1.9,-1.5,-1.8,-2.9,-0.5,-1.5,-1.3,-1.2,-1.6,-2.4,-1.2,-1.9,-5.3,-3.7,-4.1,-2.4,-5.2,-1.5,-4.6,-1.1,-2.5,-1.5,-1.8,-1.6,-2.9,-2.6,-0.4,-0.5,-2.3,-1.0,-1.5,0.1,0.3,-1.9,-2.1,-1.0,-0.1,0.1,-0.1,0.1,-0.1,-1.1,0.1,0.0,-1.4,-0.4,-0.1,-0.8,0.1,0.1,-1.9,-1.6,-2.1,-3.5,-1.9,-2.6,-4.2,-3.2,-5.1,-5.6,-4.0,-2.8,-1.3,1.3,-0.5,-2.4,-2.0,-0.6,-0.6,-0.1,-4.4,0.3,-0.1,-0.1,-2.1,-0.5,-0.3,-0.7,-1.0,-0.8,-0.3,-0.7,-0.9,-1.0,-2.1,-2.6,-3.3,-4.4,-5.0,-0.8,-3.0,-6.0,-3.0,-3.1,-3.1,-3.8,-6.0,-4.5,-2.2,-4.0,-1.9,-2.4,-12.8,-2.1,-2.1,-1.8,-2.3,-2.4,-2.1,-2.6,-4.4,-2.8,-3.0,-6.1,-5.3,-4.8,-3.4,-5.8,-3.1,-3.4,-3.6,-4.8,-4.1,-4.7,-3.4,-2.8,-2.3,-1.8,-1.0,-2.3,-2.0,-2.8
2C7L5126JP,0,48.101102,11.630102,4442459.07,2777733.26,537.8,583.5,233,7371,3.8,0.69,0.44,32.66,348.96,-0.53,-0.103,0.842,-0.4,0.2,-0.45,0.29,1.9,0.2,-0.3,-0.8,0.4,-0.7,-3.1,-0.4,-8.4,-0.3,-1.9,-1.6,2.0,-0.7,-3.2,-0.6,-0.1,-0.6,-2.6,-2.5,-2.1,-1.5,-0.7,-0.6,-1.1,3.5,-0.4,-0.4,-1.0,-0.7,-5.0,-2.1,-4.4,0.7,-6.4,-7.3,-5.2,-3.1,-4.6,-2.1,-3.7,-2.0,-7.1,1.3,1.2,-0.7,-5.8,0.8,-0.7,3.2,-0.2,0.4,2.3,1.8,1.1,-0.6,-0.3,1.6,-0.1,1.5,1.6,1.1,1.6,2.0,-2.8,12.9,2.7,3.0,2.0,2.4,-14.3,1.2,2.2,12.0,0.4,3.7,2.3,-2.7,-2.7,-2.2,3.4,-5.0,-5.0,3.1,-1.1,-1.5,-0.6,0.8,-2.2,-1.0,1.1,-5.4,-4.4,-4.5,-2.6,0.2,-7.5,-5.7,2.1,-1.0,-2.3,-4.7,-0.2,5.5,-5.0,-1.1,0.4,-6.2,-2.9,-4.9,3.1,2.0,-3.5,-5.6,-0.9,-0.8,-2.6,-0.4,-1.0,0.5,-0.1,-1.8,0.8,1.8,0.4,-0.7,-3.3,-3.8,-2.1,2.7,-2.2,-6.0,-9.3,-11.5,-2.3,0.1,-4.2,-3.1,-4.2,2.3,-0.2,-1.4,0.9,3.1,3.9,-1.1,-5.7,0.5,0.8,9.7,2.4,-7.7,-0.5,3.8,4.1,-3.1,-1.3,-0.0,-1.6,2.4,2.9,-9.8,0.8,-5.4,-0.9,-4.9,-4.0,-7.6,0.4,-3.3,-7.5,-8.8,-3.6,-6.9,-7.6,4.8,6.5,4.4,4.4,3.3,-5.1,3.5,-2.9,-8.4,-6.6,-4.7,-3.7,-2.4,0.7,7.3,-8.8,-5.3,-2.5,-4.3,-1.6,-5.4,-5.9,-2.0,-3.6,-10.4,-10.9,8.9,-10.6,0.6,-7.7,-3.3,2.5,2.6,-2.8,0.3,-5.2
2C7L5126Kt,0,48.101791,11.635473,4442857.57,2777818.72,546.2,591.9,233,7463,2.5,0.84,0.4,32.68,348.96,-0.53,-0.103,0.842,-0.7,0.1,-0.18,0.19,1.1,0.2,-0.3,-2.6,-0.4,-2.4,-0.4,-2.2,1.0,-0.8,1.7,-1.6,-1.2,-3.7,5.5,-1.3,-2.2,-0.7,5.0,-1.1,-6.7,-0.2,-3.6,-8.2,2.2,1.2,1.1,-0.1,1.5,2.4,-1.6,-8.4,2.6,0.3,-1.8,-3.7,-1.7,-0.4,-2.6,-1.5,5.5,0.6,3.6,1.0,4.7,-1.6,-0.7,0.1,2.6,-0.5,2.1,-2.3,3.2,0.8,4.3,3.4,7.1,5.5,6.3,-2.8,2.3,2.4,0.2,-0.1,-1.4,-2.3,1.0,-0.4,-4.8,1.7,-4.7,2.2,3.1,0.7,2.0,2.3,2.1,-2.2,1.1,3.2,-1.5,-1.6,-0.7,-2.5,-2.7,-3.7,-1.3,-0.2,0.4,2.9,-2.6,-5.0,-2.4,1.2,-3.1,-3.2,-5.2,-2.2,-0.4,2.7,2.9,1.1,-4.5,-0.4,-3.8,-2.3,1.9,-4.6,-3.5,-3.9,-5.2,-1.9,-1.7,1.0,3.8,-1.1,-0.3,-1.9,-1.1,-1.1,0.9,-2.3,1.3,1.1,1.8,2.0,-0.6,-0.4,3.9,0.3,0.5,2.0,-1.0,-0.9,-7.1,-3.6,-4.9,-3.4,-3.5,-3.5,-1.9,0.3,-0.2,-3.3,-3.4,-2.9,-2.1,0.8,1.1,-3.1,0.6,-1.2,-1.8,-2.3,-2.7,1.4,0.1,-4.4,-1.0,1.1,-0.8,0.8,1.2,-3.7,-5.8,-4.8,-3.7,-6.4,-5.5,0.9,-8.2,-2.0,-6.8,-1.7,-4.3,-1.8,-5.0,-0.1,-2.9,-3.4,-1.0,1.1,-1.5,-0.0,-3.0,-1.2,-4.0,-4.2,-3.7,-3.1,-2.8,-3.9,-2.6,-2.1,-4.0,-4.8,-6.1,-1.7,-4.6,-4.9,-6.0,-1.8,0.2,-1.9,-1.4,-3.4,-0.8,1.3,-2.2,-3.2,-3.9
2C7L5126Ky,0,48.101812,11.635638,4442869.81,2777821.36,540.4,586.1,233,7468,3.8,0.66,0.46,32.68,348.96,-0.53,-0.103,0.842,-1.7,0.2,-0.27,0.29,2.4,0.2,-0.3,-1.6,2.6,0.7,1.4,0.2,0.3,1.7,0.9,1.0,3.1,3.1,2.2,1.7,0.2,1.6,-0.9,-5.8,-3.6,-5.6,-13.1,-3.7,-4.7,-7.6,-6.4,-4.4,-5.6,-6.4,-6.3,-4.7,-4.7,-3.6,-11.5,-12.7,-6.9,-10.5,-3.3,-11.3,-2.7,-6.3,-0.0,-8.5,-7.7,-4.3,-4.1,-1.1,-2.3,-3.1,-2.3,-3.4,1.9,-4.5,3.4,-0.3,-2.6,-0.2,-5.3,-4.7,-2.1,-3.5,-2.7,-3.6,0.4,-5.9,-3.0,-0.9,-2.2,-4.0,-2.3,-1.1,-6.8,-4.6,-4.2,-3.2,-5.0,-6.2,-6.9,-4.7,-6.5,-2.2,-6.0,-7.6,-8.9,-6.0,-5.9,-0.4,-5.8,-6.1,-3.0,-6.0,-8.1,-6.0,-9.3,-5.3,-11.6,-2.4,2.3,-2.8,-8.1,-9.0,3.4,-1.0,-4.0,-0.7,-2.0,-7.2,-0.4,-4.0,-2.4,0.3,5.0,5.5,0.0,-14.2,-2.1,-4.0,0.9,1.1,-4.1,-2.4,-6.0,-3.3,-1.9,-6.3,-3.5,0.3,-15.8,-8.3,2.5,-9.5,-15.3,-12.5,-14.5,-4.5,-2.7,-4.5,-8.1,0.8,-7.7,-6.8,-2.0,-7.5,-3.8,-7.6,-10.0,-2.2,-3.3,1.7,-3.9,-4.0,-6.4,2.9,-11.6,-5.8,-7.3,-4.1,-4.0,-1.3,-12.4,-5.5,-5.4,-11.5,-13.4,-9.4,-11.9,-14.6,-7.2,-7.7,-15.2,-11.9,-9.1,-7.9,-11.4,-13.7,-11.7,-8.9,-2.1,-2.5,-21.7,-6.8,-10.0,-8.0,-7.6,-15.5,-3.2,-20.1,-5.1,-7.9,-9.4,-11.4,-10.9,-13.2,-12.3,-11.0,-8.7,-8.6,-10.1,-9.6,-9.5,-6.8,-9.6,-8.3,-10.1,-12.0,-10.5,-5.6,-7.9,-8.3,-8.9
2C7L5126L0,0,48.101822,11.635716,4442875.61,2777822.61,538.4,584.0,233,7470,4.5,0.62,0.43,32.68,348.96,-0.53,-0.103,0.842,-1.4,0.2,-0.41,0.35,0.3,0.3,-0.3,-13.1,-0.5,1.1,4.1,-6.6,-0.8,0.5,3.4,2.3,-1.9,-1.3,-6.2,-0.7,0.7,7.5,2.2,1.4,-0.1,-12.1,-6.4,-3.3,2.7,1.3,5.9,8.1,10.7,12.4,-8.3,-0.1,-0.7,-5.5,-4.6,-6.1,-7.3,-4.4,1.0,3.0,1.4,2.4,-2.9,-0.7,-4.0,-5.7,-14.8,-0.0,-1.6,1.8,1.8,9.3,-4.3,-1.7,2.4,2.1,-4.9,2.2,8.9,-4.4,-2.0,-4.0,-8.5,-7.8,-4.2,-2.3,1.6,-12.3,-9.1,-3.2,-14.5,-14.1,-14.5,0.3,-3.1,-7.8,-5.0,-1.5,-0.5,-2.5,-1.8,-2.9,0.1,-0.9,-4.1,-0.8,-8.7,-4.1,-5.4,2.5,-1.9,1.3,0.1,-3.6,-1.9,-2.5,-2.0,-0.1,-7.8,-4.7,5.3,3.8,-4.2,-4.9,-3.2,-1.2,-0.5,-1.1,-2.4,3.0,-4.2,-1.0,-5.0,-1.9,-3.5,-2.9,-9.3,-2.6,-0.0,-3.5,1.9,-3.6,-2.4,-3.7,-0.5,-4.9,-6.2,-7.2,-3.1,-5.0,-2.0,-2.8,-4.6,-0.0,-0.1,-4.8,-5.9,-12.7,-10.4,-3.2,-11.1,-2.1,-10.2,-0.7,-2.5,-6.2,-8.5,2.4,-8.6,-1.6,4.0,-11.2,3.4,-1.8,-7.1,-1.8,2.7,4.8,-5.2,-1.5,0.3,-3.8,-3.2,-4.6,-7.1,4.2,-4.9,-4.5,-8.9,6.1,-6.9,-8.6,-1.2,-5.3,0.5,-5.9,-7.5,-13.7,-5.9,-4.3,-7.9,-6.6,-5.8,-7.5,-3.2,-5.2,-5.7,-4.5,-7.4,-5.5,-7.2,-8.5,-9.3,-12.7,-6.7,-12.1,-17.4,-13.4,-12.0,-7.7,-7.5,-6.9,-7.8,-6.4,-8.9,-7.9,-6.0,-9.9,-8.3,-9.8,-5.9
2C7L5126LV,0,48.102046,11.637457,4443004.74,2777850.31,538.2,583.8,233,7501,1.8,0.86,0.3,32.69,348.96,-0.53,-0.103,0.842,-0.3,0.1,-0.36,0.14,2.3,0.1,-0.3,-0.1,-0.9,0.8,0.6,1.1,2.3,1.6,0.9,-1.9,5.2,-2.5,-3.6,-2.6,-3.0,-2.1,-1.8,0.3,0.9,-1.9,-5.3,-4.0,-6.6,-2.6,-0.8,-1.0,-2.9,-6.1,-4.8,-4.7,-1.2,-2.7,-6.4,-4.0,-5.9,-6.7,-2.6,-3.5,-2.9,-1.7,1.1,-2.8,-2.8,-0.2,-1.9,0.2,-2.0,1.6,-0.1,0.2,-0.3,1.4,2.3,1.8,0.3,1.3,1.1,2.0,-0.1,1.3,1.3,2.1,2.1,3.9,1.2,2.5,1.8,-0.0,2.1,-0.3,0.3,1.3,1.2,-0.8,1.1,3.1,2.5,1.7,0.5,1.0,1.1,0.0,-1.9,-3.3,-1.9,-2.2,-1.9,-2.3,-2.3,-4.1,-3.2,-3.6,-7.0,-4.5,-7.8,-7.4,-5.7,-2.7,1.4,0.2,-1.5,-0.5,-3.1,-2.2,-0.8,-0.5,-1.3,-2.3,-2.6,-4.4,-2.5,0.1,1.0,1.1,0.5,-0.0,-1.1,1.8,0.0,-0.6,-0.5,3.0,1.6,0.2,1.2,0.7,1.7,0.3,0.2,-2.9,-3.7,-0.6,-0.8,-3.3,-4.7,-2.2,-2.9,-3.0,-5.3,-2.6,-1.0,-6.4,-3.3,-1.0,-2.1,2.0,-1.3,1.3,3.1,0.9,-0.4,-0.6,-0.8,-0.9,-0.4,-0.0,-1.4,-0.4,-2.7,-0.5,-4.9,-5.1,-0.7,-4.0,-7.3,-5.3,-2.5,-3.4,-5.0,-3.8,-2.7,-1.6,-2.9,-4.5,-0.9,0.9,-1.2,-3.5,-1.8,3.6,-3.3,-1.0,-1.6,-1.2,-1.2,-0.6,-1.5,-2.8,-4.7,-6.9,-7.2,1.9,-4.5,-1.1,-3.4,-1.2,-4.3,-4.2,-3.8,-4.3,-4.2,-4.1,-2.4,-1.8,-0.4,1.7,-0.9,-2.3,-1.6
2C7L5126I9,0,48.100555,11.625706,4442132.88,2777665.35,541.3,587.0,233,7293,3.3,0.77,0.43,32.64,348.96,-0.529,-0.103,0.842,-0.8,0.2,-0.0,0.25,1.4,0.2,-0.3,-0.9,0.7,2.8,-0.6,-6.8,0.7,1.0,2.7,-6.2,-3.3,10.9,-0.8,-3.0,-2.8,-8.6,-7.9,-5.1,-5.0,-3.1,-3.9,10.7,-4.8,-1.1,-1.8,-3.9,-2.1,-0.9,2.7,-4.5,-6.0,-10.9,-7.2,-9.4,-6.4,-6.1,-5.9,-5.1,-3.9,0.0,-1.3,-2.6,-2.5,-7.3,-3.0,-3.1,-1.4,-3.7,-2.5,-2.8,-1.2,1.3,-2.8,-2.8,-3.3,-6.0,-3.8,-2.5,-1.7,-0.4,-0.5,-0.0,-2.6,4.6,-2.7,-4.5,-3.5,-1.5,-3.4,-1.3,-4.7,-6.5,-6.3,-3.7,-2.4,-5.8,-4.3,-2.4,-2.7,-2.1,-3.8,-5.8,-5.9,-5.1,-1.9,0.0,-6.6,-6.4,-6.6,-4.7,-7.2,-3.7,-5.3,-13.1,-4.5,-8.2,-11.4,4.9,-2.8,-6.8,-1.1,-2.9,-7.1,-5.1,-3.6,-4.1,-4.8,-1.3,-2.5,-4.9,-2.6,-2.6,-6.0,-2.7,-2.5,-4.8,-2.8,1.4,-3.3,-1.9,0.7,-2.9,-4.3,-1.7,-5.6,-4.4,-3.1,-2.7,-6.4,-5.3,-7.8,-5.0,-3.7,-8.9,-3.6,-5.6,-5.2,-4.3,-5.9,-1.2,4.1,1.4,-1.8,-5.0,-13.0,-3.5,-1.8,-11.0,-2.1,-1.3,-3.5,-6.8,-6.3,-6.7,-8.1,-7.4,-3.8,-6.1,-6.4,-5.4,-2.4,-3.2,-6.7,-6.9,-10.2,-9.9,1.0,6.4,-7.0,-6.8,-5.4,-5.3,-5.7,-8.9,-1.2,-1.7,-3.3,-5.2,-3.3,-4.0,-3.1,-6.4,-2.5,-1.3,-7.2,9.3,-3.9,-3.3,-7.2,-7.4,-12.1,-7.4,-12.8,-10.0,-7.9,-8.6,-5.1,-7.4,-7.2,-6.8,-9.2,-7.8,-7.8,-6.2,-7.2,-7.7,-4.4,-3.9,-5.5
2C7L5126IQ,0,48.100672,11.626615,4442200.34,2777679.83,539.0,584.7,233,7310,2.6,0.84,0.36,32.64,348.96,-0.529,-0.103,0.842,-0.6,0.1,0.36,0.2,0.4,0.2,-0.3,0.2,2.4,-0.1,-0.2,0.3,1.9,-1.0,-3.8,1.8,-7.9,-0.0,5.1,0.9,1.5,1.6,1.9,1.0,-0.2,1.3,1.2,3.9,1.7,2.2,-1.2,4.4,-0.3,2.8,3.2,-1.4,-1.2,-7.8,-3.6,-1.1,-1.2,1.1,-4.9,2.1,-0.0,3.4,1.3,3.1,1.6,1.8,0.6,0.0,1.4,-2.3,-0.1,-0.8,-1.0,4.5,-0.1,-0.4,1.0,1.1,2.8,1.9,2.3,1.3,1.2,-0.9,-0.7,-3.0,1.5,0.1,-0.9,-0.5,-0.7,1.5,0.4,-1.2,1.6,-1.5,3.5,2.3,1.4,1.4,0.9,-1.0,-0.9,0.7,4.4,2.0,2.3,1.9,0.7,-1.3,-1.9,-0.4,0.7,-0.5,1.8,-0.4,4.8,0.2,1.1,-0.8,0.9,-0.3,2.9,4.5,-0.4,-0.8,-0.1,1.7,1.7,1.3,1.1,1.7,0.6,0.1,-1.4,-1.5,-1.3,-0.4,-0.2,-1.1,-1.9,-2.0,-2.9,0.2,-1.7,-6.0,-3.1,-0.5,0.3,-1.7,-0.9,-3.6,-6.6,-2.5,-2.0,-1.1,1.0,-1.1,-2.8,-0.3,-0.0,2.3,1.7,-2.2,-2.9,-0.0,3.0,-0.9,-3.6,-5.1,-6.4,-7.8,0.9,9.8,-3.9,-8.3,-6.7,-6.0,-3.3,1.9,-2.9,-10.7,0.1,-2.2,-5.8,-4.4,-6.4,-5.9,0.6,0.2,-2.6,-3.0,-0.9,0.7,-2.2,-0.7,-1.9,0.7,-3.4,-4.4,-1.1,-10.1,1.4,0.4,1.4,-0.2,0.4,0.1,0.1,3.5,3.1,-2.4,-1.6,-2.5,-1.6,-0.0,2.0,-0.1,2.5,0.4,-0.6,-1.2,0.5,-0.8,-1.8,-0.9,-0.5,-3.3,-3.9,-2.9,-3.5
2C7L5126IZ,0,48.100737,11.62712,4442237.78,2777687.86,538.9,584.6,233,7319,3.9,0.72,0.45,32.64,348.96,-0.529,-0.103,0.842,-0.1,0.2,-0.37,0.3,0.6,0.3,-0.3,-1.7,-0.0,-0.4,2.6,-2.6,3.7,-0.6,-5.6,3.0,-1.1,0.6,16.5,-0.5,-2.3,-2.1,-1.9,-2.6,-0.0,-3.4,-1.7,0.7,-1.6,-1.8,-0.0,-1.1,-0.6,-1.1,2.6,-3.6,-2.1,-2.8,0.9,-4.2,-3.6,-2.5,-6.7,11.9,7.1,2.1,-0.7,-3.0,-0.6,1.2,-3.4,-1.2,-0.6,0.9,2.3,-1.8,-1.9,-0.1,-2.6,-2.6,-1.5,0.1,6.3,0.7,-1.8,1.2,-0.3,1.4,0.2,2.2,-3.5,0.5,-2.4,-1.0,-2.2,0.8,3.7,-0.8,2.1,-0.7,-1.1,4.7,0.7,1.2,0.9,1.9,0.9,5.1,-3.5,1.7,-0.3,0.8,-0.1,-2.0,-2.8,4.5,3.8,-8.0,-1.7,-1.9,1.2,-0.8,0.0,3.1,-5.4,-9.4,-0.7,-2.2,2.7,-1.5,1.3,-0.4,5.5,-0.1,-3.2,-2.4,0.1,-0.9,-1.9,-5.3,-2.8,-2.2,-3.4,-3.3,-2.9,-1.0,0.9,-4.0,-1.4,-2.3,0.1,1.5,1.1,13.6,0.3,0.7,-1.9,0.5,-0.0,0.2,-4.5,-9.7,-9.1,-3.0,0.3,3.4,5.4,3.3,-1.4,0.9,0.8,1.7,7.0,2.1,-4.6,10.2,2.0,1.3,-5.1,2.9,5.6,4.0,-0.4,2.6,1.9,4.5,3.4,-5.0,-6.5,13.1,-5.2,-8.9,7.2,1.5,-6.7,6.1,-5.4,-1.0,-1.8,0.1,-0.7,0.7,-5.3,0.5,-2.7,0.0,-7.2,-1.1,-5.2,-2.8,-3.4,-1.8,1.9,-2.3,4.6,3.9,-2.2,-0.6,12.4,-3.6,-9.0,-2.8,-0.6,-3.0,-0.8,2.9,-1.5,0.4,-3.0,-0.7,3.5,-3.1,0.3,-11.4,-5.6
2C7L5126Iv,0,48.100906,11.628434,4442335.32,2777708.78,541.6,587.3,233,7341,4.3,0.64,0.5,32.65,348.96,-0.53,-0.103,0.842,-1.7,0.2,-0.03,0.33,1.0,0.3,-0.3,-7.0,-7.6,-5.5,0.6,-1.6,0.1,1.4,3.5,-2.7,1.1,7.6,-4.2,9.5,-2.0,1.0,-8.0,-1.8,-3.0,-4.8,-4.4,-4.6,-0.7,6.6,0.8,1.2,-0.4,-4.8,-15.0,-14.3,-0.4,-9.1,-4.7,-12.1,-9.3,-3.7,-5.9,-6.4,-5.9,-1.4,-3.9,2.1,-7.8,0.8,-11.5,0.4,-6.0,-4.8,10.1,9.4,-13.6,-10.8,-11.6,7.6,-0.2,1.3,7.5,-0.7,1.1,2.1,3.5,-4.5,-6.7,-10.3,-5.4,-4.1,-8.9,-14.7,-4.4,-0.3,-2.2,-0.8,-1.5,-8.4,-9.3,-6.6,-4.3,1.4,-11.8,-8.9,-4.4,-5.2,-5.7,-6.9,-5.1,-4.0,-6.1,-7.9,-6.6,-7.1,-3.8,-5.5,-3.6,-2.8,-3.3,-7.1,-4.1,5.6,-4.9,-5.4,-3.0,-5.0,-5.1,-4.7,-5.0,-4.8,-3.5,-4.8,-5.4,-7.9,-6.2,-5.2,-3.2,-5.6,-3.3,2.4,0.2,-11.8,-8.5,-3.6,-5.6,-15.8,-6.8,-9.3,-9.2,-9.3,-8.1,-3.6,-6.1,-8.7,-10.8,-3.5,-6.8,-4.8,-7.0,-10.8,-10.2,-7.0,-7.1,-4.6,-6.2,3.2,-8.5,-10.3,-5.8,-3.7,-7.1,-7.8,-4.3,-2.6,-4.6,-6.9,-9.3,-11.3,-8.6,-9.8,-4.5,-8.8,-8.9,-2.2,-7.1,-4.6,-7.0,-7.1,-10.9,-8.3,-5.9,-5.3,-8.8,-6.7,-4.2,-7.6,-10.5,-7.2,-2.1,-0.7,-13.6,-7.8,-5.6,-7.9,-8.0,-8.1,-7.2,-8.5,-6.0,-12.2,-8.1,-13.7,-10.2,-8.0,-6.9,-9.2,-14.8,-8.5,-5.6,-8.6,-9.4,-12.9,-9.3,-7.2,-13.5,-10.6,-0.2,-11.5,-3.4,-19.3,-18.4,-17.3,-15.9
2C7L5126JL,0,48.101111,11.630033,4442453.91,2777734.21,546.7,592.4,233,7367,2.5,0.8,0.39,32.66,348.96,-0.53,-0.103,0.842,-0.6,0.1,-0.24,0.19,2.5,0.2,-0.3,-1.6,-0.7,-1.6,-2.5,0.3,6.2,-2.3,0.7,-1.7,3.0,-1.3,2.5,-0.6,-1.5,-2.4,0.1,-5.4,-3.2,-7.3,-7.7,-5.5,-6.8,-1.8,-6.5,-2.5,-5.8,-5.2,-3.6,-4.5,-8.2,-7.5,-7.4,-10.7,-5.8,-3.6,-5.1,-3.6,-2.5,-2.2,-3.3,-1.0,-3.5,-2.4,-4.0,-0.4,-2.9,-3.7,0.9,-1.8,-0.6,-2.5,-0.8,-0.3,1.6,2.6,-2.0,0.6,-1.7,-0.8,-0.9,-2.2,-1.0,0.1,-2.1,-2.8,-3.6,-1.0,-0.8,-2.4,0.1,-0.9,-2.7,-1.2,-1.6,-1.4,-3.9,-3.7,-4.3,-2.6,-9.0,-4.0,-4.3,-2.5,-4.2,-14.9,-9.6,-6.4,-8.4,-4.1,-5.5,-4.3,-4.5,-5.7,-4.2,-3.7,-1.7,-3.0,-2.6,-6.8,-2.5,-8.1,-15.5,-0.2,-4.5,-8.6,-3.2,0.8,-4.0,-1.4,-0.4,-2.9,1.2,3.8,-2.0,-0.6,0.1,2.0,-0.9,-2.8,0.9,-1.1,-0.6,-1.3,-2.8,-1.7,-0.6,-5.1,-3.3,-2.3,-7.4,-6.5,-3.5,-5.2,-4.2,-8.2,-8.7,-7.1,-7.8,-1.5,0.4,-3.8,-0.7,2.6,-6.0,-3.0,-9.9,-5.1,-2.9,-0.6,-0.5,-3.9,-1.7,-0.8,-4.6,-0.7,0.1,-2.5,-1.4,-2.7,-4.8,-4.9,-8.4,0.9,-10.5,-9.1,-5.3,-2.5,-9.6,-5.2,-7.2,-6.1,-6.1,-6.0,-7.8,-3.6,-2.2,-3.7,-2.6,-6.0,-2.7,-4.5,-0.4,-5.8,-2.9,-0.9,-7.9,-7.7,-4.2,-5.7,-7.4,-6.8,-5.5,-6.9,-7.5,-6.7,-11.0,-7.7,-8.5,-5.6,-7.0,-5.2,-5.2,-4.3,-5.0,-3.4,-4.1,-2.3,-3.5
2C7L5126KG,0,48.10151,11.633138,4442684.27,2777783.63,540.2,585.9,233,7424,3.6,0.69,0.45,32.67,348.96,-0.53,-0.103,0.842,-0.4,0.2,-0.1,0.28,2.4,0.2,-0.3,0.0,-1.5,3.9,1.1,2.7,9.4,5.5,7.2,2.2,2.2,4.2,-8.9,0.8,1.4,2.9,1.7,8.8,1.8,1.0,-1.8,-2.5,2.2,-3.9,1.6,-4.5,-0.2,19.6,1.7,5.6,1.2,2.8,3.2,-4.7,-4.2,1.2,0.3,6.8,5.2,4.4,5.1,4.4,3.2,7.0,5.3,3.2,6.3,0.4,3.6,1.4,-4.6,0.5,1.8,-1.2,-2.0,-2.7,1.8,0.6,-1.8,-1.7,0.8,3.2,-0.2,-0.1,-0.5,10.4,-0.2,2.1,1.6,1.7,0.9,-0.9,3.2,4.0,3.6,3.3,4.3,5.4,2.1,3.2,2.1,0.3,-1.4,0.6,3.0,3.7,-1.1,10.8,13.7,15.1,11.3,5.0,2.1,2.4,-1.4,8.2,2.1,5.9,12.3,9.0,2.8,3.5,5.9,4.1,3.8,3.0,5.6,2.0,5.5,4.2,-0.7,0.1,0.6,0.4,0.4,-1.6,0.1,-2.0,-2.9,-0.7,-1.6,1.3,-1.2,-0.8,-2.5,-1.3,2.8,0.7,0.5,-0.7,3.0,8.1,4.4,4.2,9.7,5.1,7.2,6.5,5.3,6.4,7.0,8.7,4.0,-1.1,0.3,-4.5,-1.2,1.1,-2.9,-2.7,-2.5,0.9,-3.6,-1.9,-3.0,-1.4,-7.6,-7.0,-2.5,2.8,4.1,0.3,4.4,3.0,5.2,1.9,4.9,0.4,-0.0,1.1,4.0,3.5,4.8,-2.2,4.4,4.5,-0.9,0.6,-5.3,3.0,-6.8,-2.1,2.5,-1.4,-3.6,-3.4,8.7,-0.8,3.6,7.2,2.1,2.3,5.1,1.9,-0.8,6.3,2.3,-0.6,1.7,3.1,3.2,4.4,-0.3,2.3,0.3,5.0,1.1,-5.7,-4.9
2C7L5126KQ,0,48.101569,11.633595,4442718.16,2777790.91,535.4,581.1,233,7434,4.3,0.72,0.46,32.67,348.96,-0.53,-0.103,0.842,-1.8,0.2,-0.46,0.34,3.4,0.3,-0.3,-1.3,-0.8,-0.6,-1.0,0.5,-1.0,0.8,0.6,-0.5,1.6,3.7,1.3,0.2,-0.6,1.2,-0.0,0.4,-1.2,-3.2,-2.8,-1.5,-5.8,-0.6,-2.1,0.2,-2.4,-3.7,1.8,-23.4,-4.4,-7.5,-5.4,-4.4,-7.5,-9.8,-7.3,-0.5,-2.9,-1.7,-6.7,0.6,-16.2,1.9,-2.2,-5.5,-1.0,1.9,1.3,1.1,0.6,4.1,1.5,0.9,0.6,0.4,2.0,1.5,-0.3,0.3,-1.1,0.7,1.0,0.1,0.9,1.3,-0.8,-1.7,2.1,-0.1,-0.8,0.7,0.3,-0.4,-0.6,0.8,1.6,0.3,0.4,-2.4,-0.5,-4.1,-1.9,-1.4,-4.5,-7.4,1.9,-1.7,-23.6,-6.3,-9.5,-18.0,-2.7,0.4,-7.7,-4.1,-0.1,-2.1,-2.7,-3.0,-3.9,0.9,-4.2,-3.7,0.6,-4.7,-2.0,-4.8,-0.4,-4.6,-4.7,-1.8,-1.0,0.8,-0.4,1.6,1.5,-2.0,0.0,1.7,-1.0,0.4,-1.0,-0.3,-3.8,-2.3,-1.8,-4.2,-1.9,-5.9,-14.3,-1.7,-4.2,-3.0,-4.9,-20.1,-8.0,-6.4,-6.7,-10.9,0.1,-8.1,-7.4,-3.4,2.0,-3.6,-2.2,-2.8,-1.6,-3.3,-2.3,-2.9,-3.8,-5.5,-1.9,-6.1,-1.7,-0.9,-2.3,-0.1,-4.2,-1.6,-10.5,-12.1,-11.9,-9.7,-26.6,-26.6,-10.6,-1.3,-19.2,-6.3,-12.0,-26.8,-6.1,-10.8,-1.6,-0.8,-7.8,-0.6,-13.6,-5.8,-3.7,-3.2,-8.2,-9.1,-5.8,-23.2,-8.2,-9.7,-7.4,-11.1,-9.3,-5.4,-8.8,-7.7,-9.7,-10.4,-11.8,-14.1,-6.7,-6.8,-9.7,-6.5,-4.0,-4.4,-7.7,-4.6,-6.9
2C7L5126Kg,0,48.101713,11.634717,4442801.43,2777808.75,546.0,591.7,233,7450,4.6,0.62,0.56,32.68,348.96,-0.53,-0.103,0.842,0.8,0.2,0.27,0.35,0.6,0.3,-0.3,-2.6,-3.4,-2.8,1.1,0.1,-1.4,-1.3,1.6,2.3,-11.9,-3.6,4.2,1.2,0.2,-4.8,-8.4,2.8,-7.8,-2.4,-5.3,-5.2,-2.6,-9.3,-2.4,-12.7,9.7,0.3,1.1,-0.4,-3.0,4.5,2.0,-0.5,-10.0,-1.8,6.0,-8.2,-5.9,1.2,9.1,0.6,4.3,-16.5,-15.7,1.9,0.8,1.3,1.6,-2.0,-0.2,-3.0,0.9,-0.9,-1.9,-0.5,-13.5,-4.3,0.6,0.4,-1.0,-0.6,-0.3,8.1,-2.1,9.7,1.4,-2.8,-2.4,1.9,0.4,0.6,-1.4,0.0,1.5,9.8,-5.7,-0.2,0.1,4.9,-5.5,-6.0,-6.4,-2.9,-2.1,-1.9,-2.1,1.4,-3.9,-15.1,-4.6,-2.6,-2.9,-3.3,-11.7,-1.8,-4.8,-1.0,6.4,-0.6,-2.4,-3.3,-8.2,1.7,-2.3,-1.1,-2.6,-3.6,-0.7,-7.1,-3.2,-4.4,-2.4,0.3,-2.4,-0.6,-1.3,-0.6,-2.8,-3.6,-1.2,-2.2,-2.2,-2.5,-4.9,-8.7,-0.6,-2.5,-2.9,-13.8,-2.1,-7.5,7.2,-12.2,-1.1,-3.4,-10.3,8.0,-0.8,-0.3,-0.6,0.3,-1.9,-1.7,0.5,0.4,-3.5,11.8,-2.6,-3.7,-3.1,-0.2,-4.2,-5.6,6.9,7.3,-0.8,0.7,-1.3,0.9,-0.2,4.0,0.2,-1.2,-2.5,-0.6,-0.8,-0.1,-0.0,7.4,10.5,4.7,2.4,-0.0,4.3,1.1,-2.3,-4.0,7.4,11.7,-1.9,6.9,4.3,5.1,3.7,1.1,4.4,3.5,2.4,3.7,3.3,3.9,-1.7,5.9,-1.2,0.8,-0.2,0.1,0.4,-1.7,1.7,-2.6,-4.2,-1.5,-1.3,-3.6,-2.4,-3.6,-0.7
2C7L5126Ki,0,48.101723,11.634796,4442807.26,2777810.01,544.3,589.9,233,7452,4.3,0.52,0.5,32.68,348.96,-0.53,-0.103,0.842,-0.8,0.2,0.26,0.33,2.4,0.3,-0.3,-6.4,-7.7,1.1,-1.3,-0.9,-4.4,1.5,-1.1,1.1,4.5,2.2,-2.1,1.9,1.6,4.9,4.5,3.7,4.6,2.7,6.7,-1.7,3.2,2.7,4.6,5.4,2.3,-2.0,-3.7,-6.0,-2.8,3.8,-1.1,1.6,-0.5,-2.3,-0.2,6.6,8.8,3.2,5.7,-3.0,-4.0,-6.7,5.3,1.1,-4.6,-5.8,-6.9,-8.7,-6.9,-5.6,-4.2,-2.6,-5.7,-5.2,2.1,6.0,5.2,3.6,-7.1,-8.1,-2.0,-0.0,-6.3,0.6,-6.8,-8.0,2.6,0.2,-1.0,-5.4,-3.8,-6.1,-6.6,0.2,3.0,3.2,3.5,4.2,-9.8,-6.3,1.1,-3.8,-4.8,-2.2,-6.0,2.4,-0.3,3.0,5.2,-0.2,-9.4,-6.8,-0.9,0.2,-7.7,-8.7,2.2,2.5,-5.8,-8.5,-2.3,1.0,-3.1,0.6,-1.9,-3.0,-4.5,-3.4,-2.5,1.2,-9.7,-5.6,-9.5,-8.5,-6.1,-6.3,-9.2,-11.1,-9.4,-9.6,-10.5,-9.2,-10.2,1.2,0.0,-7.1,-4.2,2.2,1.6,2.8,0.6,2.3,1.0,3.1,-1.2,2.3,0.6,-0.2,2.6,-5.3,-5.9,-4.0,-5.7,-5.1,-6.9,0.5,-4.1,-1.0,1.9,-3.5,1.7,1.4,3.9,1.7,-8.0,-7.1,-8.6,-6.7,-6.4,2.7,-0.9,-0.5,-3.0,-8.8,6.2,1.1,-1.1,4.5,2.1,-0.2,-0.2,-8.5,-9.7,-9.8,-8.5,-10.2,0.8,2.7,-9.7,3.4,-6.1,5.1,-4.6,-2.9,2.0,-2.4,-0.5,-0.8,0.3,-2.9,-4.9,-2.9,-0.1,4.4,-0.8,-0.1,-4.5,-7.4,-8.8,-12.6,-13.5,-11.5,-9.8,-9.7,-13.0,-13.6,2.5
2C7L5126LT,0,48.10206,11.637422,4443002.06,2777851.8,541.3,587.0,233,7499,1.5,0.93,0.27,32.69,348.96,-0.53,-0.103,0.842,-0.2,0.1,-0.03,0.12,0.9,0.1,-0.3,-1.2,-2.5,-4.1,-1.8,1.0,3.9,-0.2,1.8,-1.1,2.0,0.4,-1.2,-0.6,-0.2,-0.7,-1.3,-1.7,-2.2,-1.6,-3.9,-1.7,-1.8,-0.8,-1.3,-1.8,-0.4,-1.9,-0.9,-2.0,-0.2,1.7,-4.8,-2.5,-6.0,-6.6,-2.9,-4.0,-0.8,-1.8,0.5,-2.7,-1.3,-3.3,-1.7,-1.9,-2.1,-1.4,0.0,-1.4,-0.3,-2.0,-0.0,-1.4,-1.7,-2.5,-0.4,-0.6,0.8,1.5,-0.5,0.3,-0.6,-2.1,-4.4,-2.0,-1.9,-0.4,1.0,-0.0,-3.1,0.8,-0.0,-3.2,-2.3,-1.3,-1.1,0.2,-1.4,-0.7,-4.4,-0.3,-3.5,-1.7,-1.8,-2.2,-3.1,-0.7,-1.2,-1.9,-2.2,-3.8,-3.9,-1.3,-6.3,-3.1,-3.5,-1.3,-3.8,-1.3,-1.8,-2.6,-2.2,-1.1,-3.2,-3.5,-3.2,-2.0,-1.5,-3.6,-1.1,-2.4,-4.1,-2.6,-3.0,0.1,0.5,-1.3,-2.3,-1.8,-4.0,-2.3,-2.6,-0.7,0.1,0.3,-2.1,-2.0,-1.4,-2.8,-2.5,0.2,-1.6,-2.6,-2.1,-5.4,-1.7,-2.9,-2.5,1.0,2.3,-1.2,-2.5,-2.3,-1.7,0.2,-1.5,1.5,-2.2,-0.0,1.4,-0.9,-1.4,-0.8,-2.3,-3.9,-0.0,0.1,-0.4,0.2,-3.0,-4.3,-7.0,-1.6,-5.8,-4.9,-2.2,-0.8,-4.0,-2.3,-2.1,-2.1,-1.4,-2.9,-1.1,-0.8,0.8,-0.4,-1.1,-0.4,0.4,0.3,-0.6,-2.4,-1.8,-2.1,-2.3,-1.1,-0.5,0.3,-4.3,-6.6,-4.5,-2.2,-2.2,-3.3,-2.2,-4.0,-3.5,-1.6,-4.5,-1.9,-2.7,-4.0,-3.3,-2.8,-2.0,-2.4,-1.6
2C7L5126IN,0,48.100674,11.626489,4442190.94,2777679.87,542.3,588.0,233,7307,4.0,0.65,0.45,32.64,348.96,-0.529,-0.103,0.842,0.3,0.2,-0.99,0.31,1.6,0.3,-0.3,-5.5,1.3,2.9,-6.0,-1.6,-2.8,5.4,-1.3,-4.0,2.5,-3.2,8.8,0.1,-2.1,0.2,0.1,0.4,0.6,1.4,-0.1,-2.0,-1.3,-2.3,1.2,2.8,-1.6,4.1,0.9,-4.4,-3.1,-9.3,-5.1,-1.0,-2.3,-2.1,-1.2,1.1,-5.5,3.0,1.4,-1.3,-1.9,-4.1,-5.4,3.2,-5.1,-3.9,-1.5,-3.0,-0.1,-0.1,-3.2,4.1,4.7,0.6,13.8,-2.1,10.0,0.8,1.5,-3.8,0.7,3.9,4.7,2.0,2.9,-2.9,-2.9,-1.5,1.9,-4.9,1.2,-5.8,0.9,0.1,0.2,1.4,1.5,1.3,0.6,-7.6,-0.6,-1.1,0.7,-7.1,4.4,-0.4,-3.9,1.1,1.7,-0.8,-3.3,1.3,3.3,0.8,4.0,0.0,2.1,-0.2,1.2,3.6,0.5,2.4,1.7,-1.8,2.7,0.7,-9.4,0.7,5.3,1.0,-0.5,3.1,4.0,8.9,12.8,2.2,0.7,0.4,1.2,3.4,2.4,7.9,7.9,7.9,5.8,4.2,5.4,4.2,-1.8,-0.0,-7.0,0.4,2.2,0.5,-0.9,1.2,2.4,3.4,-0.3,3.9,-3.8,-2.8,11.7,0.3,3.4,7.5,1.3,3.2,4.8,-7.6,1.7,2.0,2.4,4.9,-0.5,1.4,-2.2,6.6,-0.6,-0.1,-0.6,11.9,-7.3,-3.2,-11.2,7.7,-5.1,5.2,3.6,1.5,-1.5,2.2,-7.3,10.8,13.1,6.0,1.4,-2.5,-3.6,8.9,-0.6,0.6,0.5,5.0,-1.1,1.7,1.9,-4.0,-6.0,5.5,5.0,-3.5,-2.9,1.7,-8.6,-5.0,-1.0,-8.1,-1.6,6.7,5.6,-0.0,5.1,-2.2,-1.0,1.1,-0.2
2C7L5126J0,0,48.100964,11.628743,4442358.19,2777715.75,541.5,587.2,233,7346,3.1,0.79,0.49,32.65,348.96,-0.53,-0.103,0.842,-1.0,0.1,0.13,0.23,1.2,0.2,-0.3,-3.1,-1.0,-1.5,-1.3,-0.1,-2.3,-0.3,-0.8,1.0,-2.7,1.3,1.6,2.5,8.0,-3.4,3.8,1.9,0.9,3.1,0.5,-2.3,1.0,0.1,2.2,3.5,2.9,0.9,1.6,-2.8,-2.0,-4.3,-2.2,-2.3,-0.9,0.1,0.5,-0.3,1.1,4.2,2.7,2.9,0.0,0.8,2.1,3.6,0.4,5.6,1.6,1.7,2.8,3.3,3.7,1.1,0.3,-0.1,0.7,0.4,0.2,0.0,2.3,0.8,-2.1,-10.6,0.5,-4.6,0.0,-0.1,4.2,-0.7,4.0,-1.9,-14.8,-1.3,2.7,-5.7,-1.5,1.1,-1.2,2.7,1.9,0.9,1.5,-4.4,-3.9,-3.8,0.5,-0.8,-0.2,0.1,0.6,-0.7,-3.4,-2.3,-0.0,0.8,0.1,-3.3,2.5,-0.3,1.0,-3.6,-1.1,-0.3,2.5,-0.8,2.6,1.8,-1.5,-1.1,-1.4,-0.4,-0.9,-2.8,0.5,2.4,0.3,0.2,-2.7,-5.2,-2.2,1.2,-2.0,-3.5,-0.5,-0.8,1.6,-8.1,-2.2,0.1,-1.9,-0.5,-0.5,-0.5,1.0,1.9,-0.0,0.2,3.4,1.5,-1.4,2.3,-2.8,-6.0,-2.9,-1.0,-3.8,-10.0,-3.3,-1.8,-0.6,3.8,-7.3,-12.7,-9.5,-1.8,-4.5,0.1,-3.4,2.2,-8.3,0.1,2.0,3.4,0.5,-1.9,1.3,-3.1,0.1,-13.0,0.7,-1.4,-2.6,-4.8,-5.5,0.5,-2.9,-5.6,-7.8,-1.3,-4.9,-4.2,-3.8,-5.2,-6.9,-6.6,-1.2,-7.7,-3.3,0.9,-1.7,-7.4,0.2,1.0,-1.7,0.5,1.1,-0.3,-3.3,-3.2,-3.9,-5.8,-10.8,6.8,-4.8,-3.1,-1.2,-5.5,-6.4
2C7L5126J3,0,48.100982,11.628884,4442368.61,2777717.99,540.9,586.6,233,7349,2.4,0.87,0.38,32.65,348.96,-0.53,-0.103,0.842,-0.5,0.1,-0.04,0.18,0.3,0.2,-0.3,0.1,2.6,-1.3,-4.8,-3.0,2.2,1.6,-2.9,-2.8,-2.9,-0.7,-2.1,0.6,0.5,0.4,-0.2,-1.2,-1.9,-2.9,2.3,-3.1,4.0,-1.7,-0.1,0.7,0.7,-1.3,-2.1,-1.2,0.9,-10.3,-2.1,-2.4,1.3,1.0,-0.2,2.1,4.5,4.6,3.1,-0.7,-1.8,0.5,3.0,0.3,-2.4,-2.2,-2.9,0.2,-0.3,1.2,0.3,-0.1,0.1,-2.0,2.1,1.3,0.3,1.0,-0.8,-2.1,2.3,-4.7,-0.7,-6.5,3.8,0.5,-5.7,-1.1,-2.2,-2.1,-2.4,0.4,-2.8,-0.8,1.0,-2.4,-1.1,1.4,-3.0,0.3,-1.3,-2.6,-2.5,-2.3,-0.9,-0.8,-3.6,-2.8,-3.6,-1.8,-6.7,-4.1,2.8,-1.8,-1.4,-2.1,0.0,0.6,-0.0,-3.3,0.3,1.7,-1.4,-1.6,-1.8,-1.6,-3.3,-1.5,-3.5,-3.6,-3.8,-3.5,-1.6,-4.0,-0.7,1.7,-1.9,0.8,-2.2,-2.3,-1.2,-1.7,-1.8,2.3,2.7,-3.3,2.2,-1.6,-0.4,-2.2,-5.2,-4.4,1.6,-4.1,-4.4,-2.1,-1.0,0.9,0.7,4.9,-3.3,-3.4,-3.1,-1.4,-1.9,-5.4,-0.6,-1.5,4.6,6.8,-3.6,-3.6,-2.9,-1.7,-2.2,-3.4,-2.3,-0.8,-3.4,-3.5,-2.7,-2.4,-0.9,0.1,-2.0,-3.6,-5.9,-1.5,-2.2,-1.5,-2.6,-5.9,-0.6,-6.4,-3.9,0.8,-2.0,4.1,-0.9,-0.9,-4.2,-3.2,-1.1,-2.6,-1.7,-2.9,-2.0,-3.4,-2.7,-9.3,0.8,-4.5,-4.5,-0.7,-3.1,-4.6,-2.9,-3.3,-1.6,-1.0,-2.7,-4.2,-3.9,-0.5,-4.0,-0.5,-4.7
2C7L5126KK,0,48.10155,11.633305,4442696.65,2777788.36,536.9,582.6,233,7428,1.8,0.91,0.37,32.67,348.96,-0.53,-0.103,0.842,-0.4,0.1,0.12,0.14,0.8,0.1,-0.3,-0.9,-0.1,0.0,0.2,2.0,-2.2,1.4,0.7,1.3,0.6,1.5,-0.1,1.8,0.0,0.8,0.2,-0.2,-0.9,-1.0,-5.2,-2.9,-3.6,-0.2,-1.0,-0.5,-2.4,-0.7,-4.8,2.6,-6.7,-5.4,-4.2,-5.9,-4.9,-5.2,-3.1,-2.0,2.0,0.8,0.5,-0.4,-3.2,-3.8,-3.2,-2.6,-0.1,0.1,2.0,-0.2,0.1,0.9,-0.1,1.3,-2.5,-1.1,-2.0,0.3,-0.6,0.3,1.4,-0.2,-1.8,-2.6,0.1,-1.9,-1.4,-0.9,-0.7,-3.5,-2.9,-2.6,-2.4,0.5,-2.2,-2.6,-1.2,-2.7,-1.6,-2.4,-1.6,-1.5,-0.8,0.7,1.2,-2.2,-2.3,-1.9,-2.3,-2.8,-3.3,-0.5,-0.9,2.2,-5.4,0.6,-3.2,1.4,-2.6,-1.4,-3.7,-3.3,-2.2,-1.7,-0.1,-0.7,-1.1,0.7,0.3,-1.6,-0.2,-1.3,0.9,-0.6,0.2,0.1,-1.5,-0.3,-1.2,-2.0,-0.9,-1.9,-0.8,-1.1,-0.8,-1.6,-1.2,-0.8,-0.7,-3.1,-6.2,-0.6,-3.8,-6.1,-3.1,-3.1,-3.7,-0.7,0.1,2.5,0.4,-3.9,-1.4,-1.9,-1.8,-3.2,-3.6,-0.5,-3.1,-1.8,-1.7,-2.7,-3.4,-3.4,-3.4,-3.0,-2.2,0.2,-3.6,-1.1,-1.5,-3.3,-1.8,-2.9,-1.3,-3.1,-1.2,-3.7,-6.6,-2.7,-2.7,-2.1,-3.0,-1.3,-1.3,-2.8,-1.7,-2.8,-1.3,-1.8,-3.1,-1.4,-2.1,-0.2,0.0,-1.5,-3.0,-1.7,-2.8,-2.3,-5.1,-3.9,-3.5,0.5,-6.8,-2.1,1.0,1.4,-4.5,-2.5,-6.2,-4.3,-1.5,-2.9,-2.5,2.4,-0.8,0.8,-4.7
2C7L5126Kc,0,48.101683,11.634338,4442773.25,2777804.8,537.0,582.7,233,7446,1.9,0.9,0.35,32.68,348.96,-0.53,-0.103,0.842,-0.2,0.1,-0.46,0.15,0.8,0.1,-0.3,-0.6,0.0,0.0,-0.5,0.9,-2.0,0.7,-0.6,0.5,0.5,0.3,-0.2,-0.6,-0.8,0.3,0.9,1.1,-1.3,-1.2,-2.6,-3.4,-3.3,-2.0,-1.7,-0.6,-1.7,-0.5,-0.2,-0.6,-3.9,-2.0,-5.3,-4.5,-4.5,-5.6,-5.2,1.8,-1.0,-4.3,1.3,0.3,-2.4,-1.0,-1.8,-1.1,0.1,-1.7,-1.8,0.0,-0.4,1.9,1.8,1.9,1.2,-0.5,0.9,-0.6,0.7,-0.2,-1.7,-0.0,-0.7,-0.1,-0.6,-0.3,-2.5,-2.2,-0.9,-0.0,-0.7,-1.5,-1.4,-0.2,-0.3,-0.3,0.3,0.0,-0.8,-0.7,-2.8,-0.5,-1.1,-1.3,-2.4,-1.6,-2.3,-1.1,-4.6,-4.3,-2.1,-2.3,-2.6,-3.5,-2.6,-0.3,-2.9,-4.6,-1.3,0.9,-2.2,0.4,-0.7,0.0,1.7,0.5,0.2,0.9,-0.2,0.2,0.1,1.4,1.2,1.1,0.6,0.7,0.2,-0.5,-0.4,-0.4,-0.5,-0.7,-0.3,-0.1,-0.9,-0.1,1.2,-0.9,-0.0,-0.5,-1.4,-0.2,-0.1,0.8,-0.6,-1.8,-2.7,-1.9,0.6,1.7,2.0,-2.5,-2.1,-1.7,0.2,-0.1,0.5,-0.9,0.5,0.8,1.3,-0.4,-1.4,-0.4,0.2,0.2,-0.9,-1.0,-2.0,0.0,-0.2,-2.2,-2.7,-1.7,-1.6,-2.5,-0.5,1.2,-4.4,-1.3,0.7,-0.6,-3.0,-4.8,-2.0,-1.4,-0.5,-0.6,-0.7,1.5,-1.0,0.2,-1.1,-2.0,-1.2,0.4,0.1,-1.9,-1.1,0.5,-0.5,-4.6,0.0,-3.6,-11.0,-10.2,8.0,6.5,-1.4,2.9,-0.3,-4.1,-6.6,-5.2,-5.1,-3.6,-5.2,-1.3,-3.0
2C7L5126Kd,0,48.10169,11.634393,4442777.33,2777805.67,536.9,582.6,233,7447,3.6,0.68,0.4,32.68,348.96,-0.53,-0.103,0.842,-1.8,0.2,-0.56,0.29,0.8,0.2,-0.3,0.5,3.7,4.3,-0.5,2.9,-2.3,2.8,3.1,3.8,5.5,3.5,0.9,3.8,-0.7,3.8,2.3,2.3,0.1,-0.8,-1.1,-2.5,-2.7,-1.5,0.5,0.2,0.9,1.0,1.6,1.2,-3.9,-1.0,-4.0,-3.1,-2.2,-0.8,3.1,6.1,10.5,10.9,7.3,3.2,3.6,4.4,5.8,1.7,6.0,6.0,1.1,5.4,5.6,7.6,7.1,6.7,7.5,8.8,13.2,5.2,3.0,4.4,6.0,7.6,4.7,-8.1,7.0,11.2,10.6,8.8,15.2,10.3,6.2,8.3,7.3,7.9,7.5,7.9,6.8,8.8,11.6,12.5,10.5,-4.0,6.9,6.0,0.9,7.8,9.6,9.3,10.2,5.3,7.3,5.5,4.9,3.7,1.0,6.9,2.6,9.6,8.8,9.0,5.6,8.5,5.9,0.0,1.1,0.2,-0.3,-0.4,-2.4,-0.9,-1.1,0.3,-1.5,-0.9,-2.5,-4.1,-3.1,-1.5,-5.0,-3.1,-1.4,-1.7,-2.3,-3.1,-2.0,0.7,1.6,-2.5,-0.4,-0.9,-1.2,1.4,-0.1,0.9,0.1,-1.5,-3.5,-3.0,0.3,2.0,0.4,-1.4,-3.4,-5.4,-4.8,-3.3,-1.2,-3.7,-4.6,-3.6,-3.8,-1.4,-1.8,-4.1,0.5,-2.4,-0.3,-3.7,-2.5,0.7,0.5,-1.8,-2.8,0.1,-1.3,-2.3,-1.1,1.0,-3.2,0.5,0.4,-0.2,-2.4,-5.1,-2.5,-2.4,-3.6,-3.7,-3.6,-0.8,-3.0,-0.9,-1.7,-1.3,-4.1,-0.2,-0.1,-0.3,-2.5,1.0,-3.4,-4.7,-1.9,-3.7,-3.7,-4.0,-2.4,-3.4,-2.0,2.0,-2.1,-3.7,-3.1,-4.5,-4.2,-3.8,-8.3,-4.7,-4.3
2C7L5126Kn,0,48.101783,11.635123,4442831.52,2777817.28,545.4,591.1,233,7457,3.9,0.64,0.48,32.68,348.96,-0.53,-0.103,0.842,-0.6,0.2,-1.5,0.29,2.1,0.3,-0.3,-1.4,-0.4,-1.9,0.3,-0.3,-1.7,-1.7,0.3,-1.1,0.2,0.8,1.1,3.7,-3.1,-1.2,-0.0,-1.7,0.4,-3.7,-3.5,-2.5,-2.2,1.1,-1.8,-1.4,-4.3,9.4,-7.4,-15.0,-10.5,-8.0,-3.7,-7.4,-4.8,-5.5,-3.8,-0.7,0.1,-2.4,0.4,-2.2,-11.7,-1.1,3.8,-5.9,-5.7,3.8,9.0,-0.8,4.3,1.9,3.1,-0.3,1.9,1.6,3.8,3.5,1.1,1.3,4.8,3.5,4.6,9.3,0.5,-0.8,2.7,-0.8,7.7,2.3,-2.2,1.8,-3.3,0.9,0.1,-9.1,-4.3,-2.2,-3.0,-0.4,1.0,-2.7,-0.7,-3.3,-3.1,-1.5,-4.2,1.8,-1.4,3.5,0.1,-2.0,-7.2,-6.8,-10.3,-2.1,-5.2,-5.5,-0.8,3.9,-1.0,9.3,-3.0,6.0,3.9,0.8,2.5,0.7,0.8,-0.8,-2.6,0.9,10.3,-4.6,5.7,7.1,0.9,-0.3,0.9,1.6,4.0,4.5,-2.5,3.1,1.0,4.8,1.1,4.2,-1.0,-2.8,-1.6,-2.0,4.4,9.9,1.2,-2.8,-2.2,4.6,5.1,-0.4,7.5,-0.7,4.2,3.2,-2.3,4.2,2.7,2.5,1.0,1.0,-3.6,1.1,-0.0,-0.5,-2.2,-2.1,-1.3,-5.9,-9.4,-3.3,-2.1,-3.9,-11.4,-7.0,-8.0,-4.6,0.9,-1.4,-0.4,-0.3,-4.0,-0.1,-3.1,-2.3,-0.8,1.2,1.6,-1.6,-3.2,-1.7,-1.2,-1.5,0.7,1.3,-0.2,-7.5,-2.2,1.5,-14.9,4.6,-4.5,-7.2,-0.8,-0.7,-2.0,5.0,-3.5,-3.2,-3.8,-9.8,-9.0,-9.0,-1.8,-2.9,-12.6,0.7,-11.1,-2.0,-9.0
2C7L5126Ku,0,48.101814,11.635365,4442849.46,2777821.14,538.7,584.4,233,7464,3.3,0.73,0.44,32.68,348.96,-0.53,-0.103,0.842,-1.0,0.2,1.02,0.26,1.2,0.2,-0.3,-0.1,-0.4,-1.0,1.2,1.5,8.8,4.5,-0.7,-3.2,-1.1,-0.2,-0.4,-1.0,-3.7,-1.1,-2.3,-1.4,-0.7,-6.7,-2.5,-6.1,-6.6,-6.2,-4.2,-3.7,-2.1,-9.5,-4.9,-2.2,-8.1,1.2,-7.9,-4.8,-14.2,-9.8,-8.6,-3.3,-3.3,-9.9,-5.2,-6.1,-4.0,-14.0,-1.3,-5.3,-0.4,-5.6,-2.2,-8.4,-7.4,-9.1,-7.0,-7.1,-6.0,-8.8,-3.1,-2.5,-5.8,-5.7,-2.9,-4.7,-5.9,1.4,-5.6,-17.3,-0.7,-5.3,-3.2,-8.0,-5.5,-8.1,-11.4,-6.6,-8.0,-4.7,-3.0,-5.4,-4.7,-4.6,-9.0,-4.4,0.9,-0.7,7.2,-9.0,-8.2,-5.2,-6.0,-8.9,-6.4,-6.4,-10.3,-14.1,-11.1,-9.4,-11.7,-13.5,-7.7,-11.7,-14.0,-5.2,5.7,-11.3,-7.3,-12.9,-10.1,-5.9,-6.1,-6.6,-12.9,-5.9,-6.4,-5.2,-8.2,-5.5,-9.7,-7.9,-7.3,-9.6,-10.0,-7.6,-6.8,-8.6,-5.4,-3.9,-5.2,-4.7,-8.2,-10.3,-11.9,-9.5,-8.4,-0.8,-2.9,-9.6,-6.4,-8.9,-11.6,-6.6,-3.4,-1.5,-7.2,-9.7,-6.9,-9.0,-5.2,-2.0,-5.1,-7.4,-9.8,-6.3,-6.8,-8.1,-9.6,-9.2,-9.8,-8.8,-10.0,-10.4,-8.1,-12.2,-4.9,-8.9,-8.5,-11.3,-1.5,-7.4,-9.2,-11.4,-3.9,-7.1,-11.9,-11.1,-10.1,-8.8,-4.1,-5.7,-1.3,-8.1,-5.8,-9.1,-3.0,-3.0,-4.4,-7.5,-10.3,-11.1,-9.5,-7.3,-9.8,-11.4,-8.5,-9.8,-10.1,-9.4,-8.3,-8.0,-6.5,-8.8,-10.4,-8.6,-10.6,-9.7,-9.5,-5.0,-9.3,-7.1,-4.1
2C7L5126Kv,0,48.101824,11.635441,4442855.06,2777822.34,539.6,585.3,233,7465,1.6,0.89,0.24,32.68,348.96,-0.53,-0.103,0.842,-1.2,0.1,0.59,0.12,1.7,0.1,-0.3,-1.9,-2.0,-0.4,-0.2,-0.3,-1.3,-0.5,0.5,-0.3,-0.6,-0.7,-0.6,-2.1,-2.5,-0.6,-0.5,-1.8,-1.6,-6.1,-5.1,-5.1,-4.4,-1.8,-2.1,-2.2,-1.1,-5.4,-2.1,-3.0,-2.8,-1.4,-7.6,-6.1,-8.4,-6.6,-7.4,-5.1,-2.9,-4.2,-2.4,-4.5,-3.6,-5.8,-1.9,-4.4,-2.0,-3.0,-1.5,-5.2,-0.1,-3.8,-0.1,-1.9,-2.7,-4.9,-2.6,-3.3,-1.2,-1.8,0.5,-2.5,-0.9,-1.6,-4.7,-1.1,-2.7,-2.9,-2.6,-1.9,-3.7,-0.9,-1.5,-2.3,-4.3,-3.2,-2.0,-3.0,-2.9,-3.3,-4.0,-2.4,-3.3,-2.0,-3.1,-5.6,-5.8,-3.6,-7.3,-8.3,-7.2,-6.6,-10.2,-7.9,-10.9,-7.2,-9.1,-7.6,-6.2,-5.8,-10.3,-4.2,-9.6,-7.7,-7.5,-7.7,-9.9,-6.1,-6.5,-6.8,-9.4,-6.4,-6.2,-4.2,-7.1,-5.1,-4.8,-6.2,-4.7,-6.0,-7.8,-6.3,-6.7,-4.2,-6.1,-5.4,-4.6,-6.5,-6.0,-8.5,-9.0,-5.8,-6.1,-6.0,-6.3,-9.4,-8.3,-7.2,-7.8,-5.1,-5.4,-4.1,-6.8,-10.0,-7.1,-7.4,-3.7,-3.9,-4.0,-6.0,-5.5,-4.4,-5.2,-5.9,-5.6,-6.1,-6.0,-5.8,-8.3,-7.1,-7.5,-8.4,-10.4,-7.4,-9.8,-10.4,-6.0,-6.6,-10.1,-7.2,-7.3,-7.5,-9.9,-10.7,-6.7,-5.5,-4.5,-5.2,-4.2,-5.7,-5.9,-5.2,-4.8,-4.7,-5.5,-6.5,-7.2,-7.4,-8.0,-7.9,-9.3,-10.0,-8.9,-10.0,-10.8,-9.9,-9.4,-9.0,-8.0,-7.5,-8.1,-8.0,-9.1,-8.4,-7.4,-5.8,-7.9,-7.2,-7.2
2C7L5126Kw,0,48.101818,11.635395,4442851.65,2777821.62,534.6,580.3,233,7466,4.3,0.68,0.43,32.68,348.96,-0.53,-0.103,0.842,-1.6,0.2,0.45,0.32,1.4,0.3,-0.3,-2.4,-3.5,-3.0,-0.9,-0.5,1.8,-3.2,-2.2,-2.3,1.4,-0.6,-1.0,-3.2,-1.1,-5.7,-2.3,-3.5,-6.7,-7.6,7.3,-4.4,-1.5,1.4,-2.0,1.9,2.5,0.9,-2.1,-1.9,-1.1,-4.4,-7.2,-10.2,-9.9,-14.7,-6.4,8.2,-8.3,-5.8,-2.7,9.5,-5.4,-7.3,-1.9,1.1,-3.8,3.0,-9.8,-7.1,-1.1,13.2,-2.4,-4.3,-2.6,3.1,-6.2,-3.9,1.9,-0.1,0.0,0.6,-4.5,-1.3,-4.2,-5.2,-4.1,-1.6,4.0,0.5,-1.2,2.2,1.4,-2.1,-3.1,-1.0,0.6,-6.8,5.3,-3.5,-5.5,0.6,-3.7,4.7,0.7,-10.4,-8.6,-5.4,-11.5,-10.2,-10.6,-10.9,-14.1,-0.8,-9.7,-5.5,-8.8,-8.3,-8.1,-7.0,-9.9,-3.9,-8.0,-8.2,-5.8,-1.8,-6.0,-6.3,-6.5,-7.6,-7.7,-8.2,-12.1,-8.4,-13.6,-11.9,-2.6,-7.2,-4.6,-8.2,-11.3,-11.6,13.9,-2.5,-10.3,-8.9,-5.6,-9.0,-6.0,-9.4,-6.1,-8.2,-9.4,12.7,-3.9,-9.2,-7.4,-5.5,-7.1,-1.5,-7.1,-5.3,-2.8,-13.0,-8.8,-10.8,-7.2,-3.2,-4.5,-7.1,-4.0,-7.8,-6.5,-7.7,-7.5,-6.1,-8.4,-9.5,-10.9,-10.0,-12.2,-9.3,-16.8,-11.8,-13.3,-10.3,-7.7,-4.8,-10.0,-5.7,-5.3,-6.8,-7.8,-9.2,-2.6,-2.0,-4.5,-4.9,-2.9,-5.0,-6.2,-4.5,-6.8,-6.2,-5.6,-6.6,-8.0,-8.5,-9.7,-8.9,-9.1,-9.5,-8.7,-9.7,-11.6,-9.2,-10.2,-10.4,-10.0,-9.2,-9.5,-10.7,-12.1,-12.3,-10.2,-9.5,-6.8,-8.9,-8.0
2C7L5126IH,0,48.100661,11.626241,4442172.47,2777677.98,545.6,591.3,233,7301,3.4,0.75,0.44,32.64,348.96,-0.529,-0.103,0.842,-0.2,0.2,0.2,0.26,0.6,0.2,-0.3,1.9,0.5,4.3,-1.2,-6.3,-5.4,4.3,1.9,3.3,0.9,3.1,-1.2,5.2,3.6,3.8,4.5,5.7,1.3,4.0,6.1,3.1,3.5,2.8,3.7,6.5,1.1,1.5,1.0,1.0,0.3,-2.8,-0.3,-2.1,-1.2,-1.0,2.0,0.0,2.5,1.1,-2.0,-0.5,1.6,1.5,1.6,3.6,3.5,-4.4,-0.3,1.8,1.3,1.1,0.6,4.2,1.5,-0.9,0.2,0.2,2.1,0.1,-1.2,-0.2,3.3,-2.5,0.7,-4.4,0.1,-1.6,-4.1,3.9,-0.5,-6.0,-0.5,-2.3,0.4,2.7,0.2,2.2,2.3,3.6,3.3,-0.8,0.9,0.8,4.3,4.7,3.9,2.3,2.5,6.2,4.6,2.8,2.9,-3.7,5.4,2.8,3.6,0.1,6.1,1.7,3.5,0.1,-0.7,4.6,3.1,0.8,2.6,1.6,-1.0,6.8,2.2,4.9,-1.2,0.6,-2.6,3.1,0.5,-0.5,-0.7,-0.2,-0.0,2.3,3.3,1.8,-1.1,2.4,1.6,1.4,1.6,2.6,7.7,-2.1,3.3,10.8,3.0,-1.1,2.0,4.7,2.4,5.0,3.6,-2.9,-8.0,-1.8,1.6,0.5,0.4,-6.4,3.3,2.4,3.5,-3.8,1.4,0.3,-1.9,-1.0,-0.1,0.6,0.8,4.9,-8.9,-0.5,3.8,-6.5,-2.2,-4.2,-6.2,-1.4,-8.5,1.7,-0.9,-7.1,-7.7,-4.2,1.8,6.3,-6.2,-0.1,6.6,5.8,1.6,0.2,-5.8,10.3,0.6,-0.9,3.5,1.1,3.6,-7.1,-3.8,-3.2,4.8,2.0,-2.3,-1.1,0.7,0.8,4.8,2.9,14.6,-1.4,1.4,3.3,-3.6,2.1,-1.6,6.2,1.5
2C7L5126II,0,48.100667,11.626289,4442176.08,2777678.75,545.2,590.9,233,7302,2.0,0.88,0.25,32.64,348.96,-0.529,-0.103,0.842,-0.6,0.1,0.06,0.15,1.6,0.1,-0.3,2.6,0.5,-1.3,0.6,-1.6,-1.6,-0.5,0.4,1.5,-1.1,1.8,-1.1,1.4,2.9,2.0,3.3,4.2,2.7,4.3,4.5,2.7,3.9,3.2,4.2,4.5,3.6,5.3,1.2,3.8,2.3,-8.6,1.4,-0.7,1.3,3.2,3.1,3.2,2.7,5.9,2.6,3.3,1.7,4.8,4.0,4.2,3.8,-0.6,0.4,0.9,2.5,2.0,1.3,1.3,0.7,-0.7,1.7,-2.2,1.1,-0.5,-0.2,-0.9,0.4,-0.9,-1.2,-3.5,0.7,-2.2,-3.0,0.7,0.8,-3.6,-1.1,-2.5,-1.0,1.7,1.9,1.6,3.7,2.6,2.3,0.8,1.5,2.0,2.7,4.5,2.4,2.6,2.2,5.8,4.7,1.1,-0.1,-2.3,5.8,3.1,0.7,0.8,4.9,1.9,3.3,1.4,2.1,3.6,3.9,4.0,3.6,1.7,1.3,3.2,1.5,3.4,1.7,1.7,0.9,1.5,-0.9,-1.4,-0.6,-1.6,-1.3,-4.5,-1.1,0.0,-1.2,1.2,1.8,-1.4,1.7,0.8,1.2,0.6,2.6,-0.4,3.0,2.0,2.7,4.2,2.9,4.6,5.2,-1.6,-1.1,-2.1,-0.5,1.5,0.0,-1.6,0.6,-1.7,0.6,-2.4,-2.5,0.1,-0.5,-0.0,-0.7,0.5,-0.1,2.1,3.1,0.9,-0.4,-0.7,-1.8,-1.6,2.5,-0.0,-2.9,3.1,2.1,-1.1,-2.1,-1.9,-1.8,-3.1,-6.4,-1.7,0.4,-11.1,-1.5,-0.2,-1.6,-1.4,-1.3,-0.7,1.6,1.5,2.7,1.8,-2.0,-0.1,2.4,3.2,-0.8,0.2,1.7,0.8,3.2,-2.6,1.4,-2.0,0.8,-0.2,-0.4,0.7,-1.9,-1.5,-0.2
2C7L5126IS,0,48.100727,11.626756,4442210.69,2777686.18,540.8,586.5,233,7312,2.9,0.71,0.35,32.64,348.96,-0.529,-0.103,0.842,-0.6,0.1,-0.18,0.22,3.4,0.2,-0.3,-0.8,-1.7,3.3,-1.4,0.6,-3.5,-0.7,-0.4,-1.2,-1.5,-0.4,-1.1,3.8,0.5,4.3,4.0,2.4,4.5,5.6,8.3,5.8,7.1,-0.5,6.7,9.4,8.0,4.5,4.1,3.4,2.7,-1.3,4.8,2.2,5.3,8.2,4.2,4.7,6.7,11.4,6.5,3.4,4.3,3.0,6.6,4.3,1.5,-2.2,0.9,0.8,1.4,1.5,1.2,2.7,2.8,0.8,0.0,1.4,2.2,2.3,0.0,-0.5,-1.2,-8.9,-0.6,-1.0,0.7,-0.8,-8.5,-1.1,-0.5,-1.9,0.8,-0.7,0.3,3.4,4.8,6.2,7.4,6.8,4.8,4.0,5.9,4.7,3.4,1.6,2.3,1.4,4.5,7.0,5.8,3.1,-2.1,1.6,6.2,4.1,3.5,0.7,5.7,3.7,7.2,-0.2,5.1,5.4,6.0,3.9,5.2,2.6,3.0,4.8,2.8,2.7,2.8,1.1,0.0,-0.1,-2.6,4.0,-0.3,-1.2,0.4,5.1,0.6,-3.2,-2.2,-1.2,3.0,-1.6,5.5,2.7,3.5,2.6,6.7,6.4,7.2,4.2,0.8,3.6,9.7,7.2,0.6,-0.1,-1.0,0.8,0.9,0.7,-0.2,-9.3,-1.3,0.4,-1.9,-10.6,-0.7,-1.7,-3.8,-2.6,-0.7,1.6,-0.6,1.5,1.4,2.6,2.4,8.2,5.1,3.9,7.3,4.1,4.6,1.6,8.1,9.4,6.6,2.1,-0.3,-2.5,-1.8,0.2,-1.3,5.1,-1.7,-5.1,-2.3,-2.0,-0.1,0.3,-7.4,1.7,4.3,-1.6,-0.8,-4.0,1.8,6.1,8.1,11.8,6.4,9.6,3.8,-0.0,-3.1,-3.9,-3.5,-3.0,-2.0,-3.2,-4.2,-4.3,-2.6
2C7L5126Iw,0,48.100941,11.62842,4442334.14,2777712.67,538.6,584.3,233,7342,3.4,0.77,0.39,32.65,348.96,-0.53,-0.103,0.842,-1.2,0.2,0.49,0.26,0.4,0.2,-0.3,-1.8,0.8,-2.4,1.2,-1.3,7.0,7.3,11.7,-2.5,5.9,10.7,-3.0,-13.8,-1.1,3.8,-8.1,-0.8,-2.9,-2.4,0.2,-0.6,7.9,12.2,2.0,3.6,-0.1,-2.2,-8.9,-6.0,-13.2,-7.0,-6.6,-8.5,-6.9,-1.0,-5.8,-3.0,-4.3,-0.4,-4.3,-3.4,-4.8,1.9,-8.5,1.9,-4.6,-4.8,-8.3,-10.4,-8.4,-7.3,-4.8,-6.4,-7.3,-6.4,-8.6,-4.4,-6.1,-2.0,-7.6,-4.0,-4.9,-3.0,-3.8,-5.8,-7.0,-9.5,-11.4,-7.4,1.3,-9.8,0.7,-6.9,-7.4,-3.4,0.2,-7.2,-6.9,-9.0,-3.4,-2.2,-3.2,-3.6,-1.4,-1.5,-2.9,-3.9,-3.6,-3.3,-0.3,-3.4,1.7,-1.2,-0.1,-3.7,-1.7,-14.3,-0.9,-3.4,-1.6,-2.8,-0.2,-1.0,-2.7,-3.4,-3.2,-3.9,-3.6,-4.4,-5.4,-5.2,-3.7,-4.9,-4.6,-3.3,-2.7,-7.2,-5.9,-4.4,-3.4,-5.8,-4.1,-5.1,-6.3,-6.6,-5.9,-5.6,-3.9,-4.6,-6.4,-5.6,-7.0,-5.9,-4.1,-6.2,-6.7,-5.3,-3.7,-1.9,-3.7,-2.9,-6.3,-6.4,-5.1,-3.9,-5.7,-3.4,-5.4,-5.0,-4.5,-4.3,-7.6,-5.9,-6.4,-6.8,-5.0,-5.6,-5.8,-2.6,-5.3,-6.7,-5.2,-7.0,-7.7,-7.3,-3.8,-5.2,-7.0,-4.7,-4.2,-5.3,-7.8,-7.6,-9.6,-12.1,-7.2,-5.7,-6.1,-6.1,-6.3,-7.2,-5.8,-7.5,-6.8,-7.7,-6.2,-7.5,-5.9,-5.4,-8.7,-7.8,-7.6,-6.8,-6.9,-7.4,-7.3,-8.5,-6.8,-5.8,-7.8,-7.0,-6.1,-5.7,-6.8,-9.4,-6.4,-7.8,-9.8
2C7L5126Ix,0,48.100944,11.628443,4442335.84,2777713.04,537.0,582.7,233,7343,3.4,0.72,0.44,32.65,348.96,-0.53,-0.103,0.842,0.5,0.2,-0.92,0.27,1.7,0.2,-0.3,-7.9,-4.9,-0.1,-1.0,-0.3,2.6,-1.7,-3.2,-0.9,-2.5,0.2,2.3,0.0,2.6,2.9,3.3,9.3,8.8,7.5,8.6,12.8,6.3,3.8,9.0,6.7,7.7,9.7,10.4,11.2,0.8,7.1,3.8,7.7,1.0,20.1,6.3,8.3,-2.7,10.3,12.3,8.1,9.6,6.5,-1.8,6.0,7.9,4.8,7.1,6.6,5.5,5.1,8.6,7.5,8.1,10.0,7.0,8.7,6.9,8.0,7.0,8.9,7.4,9.1,4.1,10.6,6.5,2.7,5.1,4.0,3.7,4.4,9.3,11.7,6.8,6.1,6.2,6.7,9.4,8.0,9.9,12.5,9.2,8.5,8.9,9.1,11.0,10.4,10.7,7.8,14.4,9.6,-4.5,15.0,11.0,23.2,5.4,3.2,0.9,3.3,10.3,9.8,-4.0,16.0,9.2,9.6,8.2,10.1,8.7,8.6,8.1,7.2,6.8,7.0,7.6,8.6,8.1,7.1,6.7,1.2,7.7,3.5,8.5,6.4,3.6,1.4,9.7,6.9,4.2,8.1,8.1,4.2,5.6,7.9,10.3,7.2,6.4,8.1,10.5,12.2,9.6,8.2,7.1,7.2,7.4,7.6,7.2,8.4,6.1,9.8,5.6,6.9,3.5,7.8,3.1,1.6,3.6,7.8,5.0,8.8,8.5,7.5,7.8,9.2,9.3,8.9,10.3,8.5,5.9,10.7,9.7,8.2,0.8,1.3,6.7,1.5,7.8,6.6,8.8,6.4,7.0,8.2,6.4,6.1,5.4,6.7,6.5,7.6,9.1,5.8,7.9,17.3,11.9,7.0,8.1,5.6,8.1,10.0,7.8,9.9,7.9,8.5,7.2,9.3,7.9,5.7,8.1,6.5,4.6
2C7L5126Iy,0,48.100983,11.628749,4442358.58,2777717.9,547.5,593.2,233,7344,4.1,0.59,0.47,32.65,348.96,-0.53,-0.103,0.842,-0.3,0.2,0.23,0.31,2.9,0.3,-0.3,-2.2,0.6,0.5,0.8,0.8,1.1,0.1,1.2,2.1,0.6,1.9,2.3,2.9,5.9,5.2,-8.8,-7.7,-5.0,-9.0,-6.3,-10.8,-7.5,-6.7,-7.0,-4.7,-4.4,-3.0,-7.1,-3.0,-6.6,-7.0,-12.5,-10.0,-10.6,-11.1,-8.5,-6.2,-6.1,-4.3,-4.3,-7.4,-4.6,-8.6,-6.7,-5.3,-6.7,-12.7,5.0,-1.3,2.4,-1.4,-0.9,-4.3,-1.9,-1.8,-16.2,-2.5,5.1,-3.0,-2.5,3.6,-10.1,-14.9,-3.0,-8.6,-0.6,-4.6,-7.6,-2.4,-3.8,-1.2,0.3,-0.9,-2.1,-1.4,-9.4,-8.1,-8.7,-5.3,-8.0,-4.8,-4.4,-4.9,-0.5,-5.9,-7.2,-5.0,-7.5,-6.4,-7.7,-6.7,-11.4,-4.1,-7.1,-4.7,-5.3,-5.8,-2.5,-5.5,-4.0,-3.0,-6.5,-3.7,5.0,-5.4,-3.7,-6.9,-7.4,-6.4,-6.5,-6.8,-16.8,-16.6,6.5,4.1,0.4,-5.4,-3.2,-1.6,0.2,0.9,-1.9,-1.0,2.6,5.8,-7.0,-5.1,-6.3,-6.3,-7.7,-6.8,-7.0,-5.2,-6.9,-7.7,-7.9,-6.9,-4.7,-5.8,-1.7,-5.7,-0.1,-3.9,-1.6,0.0,-3.3,-15.2,-2.3,-1.4,-4.0,8.9,-1.4,1.8,-2.6,-16.6,-2.6,-12.7,-7.1,-2.6,-9.9,-8.8,-5.6,-6.3,-8.4,-7.2,-3.8,-2.3,-9.2,3.8,-7.6,-6.0,-8.1,-7.8,-4.6,-3.9,-12.5,-2.1,-0.7,-0.1,-1.3,-2.0,1.4,-1.7,0.6,0.4,-8.7,-6.9,-7.4,-8.2,-11.5,-9.7,-12.5,-11.1,-11.2,-9.8,-8.0,-8.5,-9.0,-6.1,-8.0,-3.1,-5.8,-1.4,-0.8,1.7,-4.7,-2.9,4.3
2C7L5126KL,0,48.101606,11.633595,4442718.07,2777795.01,548.2,593.9,233,7429,3.6,0.73,0.41,32.67,348.96,-0.53,-0.103,0.842,0.2,0.2,-0.06,0.27,1.1,0.2,-0.3,1.8,1.8,-2.4,-3.1,-6.9,1.5,-4.6,-2.0,10.5,5.9,-3.1,4.5,-5.3,-4.5,-8.6,-8.3,4.9,-0.9,0.6,0.3,-1.2,2.3,1.1,3.2,2.5,4.1,-0.7,-2.1,0.8,-3.0,-6.6,-3.2,-3.1,-4.2,-3.4,2.0,0.9,5.6,4.1,4.0,-2.3,2.4,-2.5,0.7,1.3,-3.1,-1.5,7.8,3.1,3.0,5.9,4.4,3.6,-2.7,-3.4,1.0,6.2,11.8,0.4,6.9,4.5,-2.3,-0.4,0.4,1.5,1.4,3.8,-1.6,-1.5,-0.9,-1.3,-1.5,1.1,-0.7,1.0,2.0,2.4,0.4,-1.0,-0.4,-3.7,-1.6,-3.0,-2.6,-2.4,-1.1,3.3,1.2,-0.1,1.2,0.7,-2.8,-2.7,-5.3,1.6,-0.7,-0.8,2.3,3.5,-0.1,-4.6,-1.2,-3.4,2.9,-0.4,0.8,0.7,-0.7,0.5,1.1,-1.3,-4.5,-1.7,1.9,10.1,2.9,7.5,3.9,1.3,4.0,3.0,3.6,4.4,0.7,1.4,0.5,3.6,-2.8,-1.7,-3.2,-1.1,2.5,-0.6,3.2,1.8,1.5,4.5,1.6,5.2,3.1,0.1,2.9,-4.3,2.1,-1.3,-0.9,-0.9,-0.9,1.1,-1.3,1.4,-1.3,-0.5,0.6,1.3,2.7,3.2,10.4,3.7,3.2,-7.8,-0.4,-0.1,-1.1,0.3,3.6,-3.7,-2.0,-0.3,0.9,1.4,0.8,-5.2,-0.1,-2.7,-1.9,1.1,0.8,-3.6,0.3,2.2,2.9,2.9,5.9,-1.1,2.5,1.1,1.2,-1.0,-5.9,-6.2,-1.5,1.1,-2.4,-1.2,0.0,0.5,-1.1,-0.5,-0.7,16.7,7.0,-2.6,1.3,8.1,13.5,5.9,-8.0
2C7L5126Ko,0,48.101778,11.634933,4442817.33,2777816.33,533.6,579.3,233,7458,2.6,0.83,0.41,32.68,348.96,-0.53,-0.103,0.842,-0.2,0.1,0.05,0.2,1.4,0.2,-0.3,-1.8,-0.6,1.8,0.5,0.5,-1.0,-2.8,0.3,-0.6,1.7,0.7,-1.4,1.9,-0.9,2.7,2.5,-6.9,1.7,-1.8,-0.4,-2.5,-4.0,0.6,0.1,0.9,-3.0,1.4,1.2,-0.9,-4.8,0.0,-8.7,-7.5,-8.2,-6.3,-8.2,0.5,-4.7,-3.8,-1.0,-0.2,-3.1,-1.1,-2.5,-3.3,-3.3,0.4,-1.2,-2.7,-2.2,-2.4,-0.3,-2.7,-1.9,-0.9,1.8,1.6,1.1,-4.9,-2.5,-4.7,-0.5,1.7,-1.1,3.1,-3.4,-3.0,1.7,-0.2,-1.1,1.0,-0.3,0.1,1.4,1.9,3.2,3.1,1.2,2.2,-3.4,2.1,-2.6,-0.1,-0.5,1.7,-0.7,-0.1,-7.7,-4.4,-4.7,-4.5,-4.6,-2.8,-10.9,-7.0,-9.3,-5.0,-3.5,-2.7,-5.5,-5.5,-7.8,-1.7,-2.6,-3.9,-2.2,-1.8,-2.7,-3.7,-2.3,-3.3,-4.3,-2.1,-3.0,-3.3,-4.2,-4.8,-3.8,-2.2,-3.7,-3.7,-4.5,-3.1,-3.3,-2.3,-3.4,-3.3,-0.1,-2.6,-4.5,1.0,-5.4,-1.3,0.4,-5.4,-4.7,-3.1,0.1,1.7,-1.2,-1.1,-2.7,-3.1,-2.1,-3.5,-1.8,1.2,0.1,-0.4,-1.4,-2.1,-2.9,-0.3,-0.4,2.1,-2.9,-8.2,3.5,-0.6,-3.8,-8.6,-3.7,13.1,-3.8,-2.8,-3.2,1.6,-5.7,-1.5,-0.3,-2.4,-6.2,-7.1,-3.1,-2.0,-0.9,-0.4,-1.4,-4.6,-2.0,0.2,-0.8,-2.5,-2.2,-2.3,-0.6,0.3,0.0,-2.7,-2.9,-1.7,-2.7,-2.3,-4.2,-3.7,-8.4,-6.8,-5.5,-4.2,-5.7,-4.7,-6.0,-5.3,-1.4,-0.6,-2.4,-2.1,-3.9
2C7L5126L1,0,48.101927,11.635954,4442893.04,2777834.61,548.1,593.8,233,7471,2.6,0.84,0.36,32.68,348.96,-0.53,-0.103,0.842,0.1,0.1,-0.14,0.21,0.7,0.2,-0.3,3.3,1.4,0.7,1.3,2.8,-4.9,-2.9,-0.1,-0.4,9.8,-5.3,1.1,-0.2,-1.8,1.9,-0.5,0.6,-0.9,1.4,-0.9,0.6,-1.0,1.1,-0.5,2.8,3.9,6.3,7.5,4.0,1.4,6.7,-1.5,1.8,-0.3,-4.0,0.2,4.9,3.7,4.4,5.6,3.2,4.1,2.7,3.6,2.1,1.2,2.4,-1.5,3.1,6.0,2.0,1.0,1.0,2.3,2.1,3.3,4.8,2.0,4.5,0.3,2.8,1.0,3.5,-0.2,0.8,5.3,-0.7,3.2,4.4,4.3,3.3,2.2,3.1,5.4,7.4,3.2,3.6,3.5,3.6,1.9,1.8,3.0,2.6,1.3,5.1,2.8,3.3,2.2,1.2,0.7,-6.9,2.3,1.8,1.1,2.5,4.6,6.3,6.6,1.7,10.2,1.8,3.0,2.7,4.9,1.0,4.2,1.1,1.7,17.3,5.4,0.8,0.1,-0.3,3.6,-2.1,2.7,-1.5,1.0,4.4,-0.3,-1.5,-0.2,1.6,0.6,2.1,2.4,2.5,2.0,0.1,0.9,6.5,4.5,4.1,7.6,2.5,4.1,8.0,5.3,7.9,4.0,1.5,-0.1,2.0,4.8,2.6,2.0,2.6,1.9,1.9,-2.7,-0.0,0.1,1.7,-1.0,0.4,-0.3,1.1,-2.2,3.3,4.7,1.8,-3.1,1.7,4.6,-0.9,3.5,3.1,-1.6,1.1,0.8,7.1,-1.6,-1.6,1.8,2.3,2.8,2.7,1.4,6.0,-3.9,4.9,1.1,3.3,2.3,3.0,2.9,1.2,4.6,3.8,1.6,2.1,1.0,4.0,1.8,2.5,2.5,5.6,4.2,1.4,4.2,2.8,6.2,4.7,5.6,2.3,2.3,3.2,2.6
2C7L5126LW,0,48.102119,11.637449,4443003.96,2777858.43,534.2,579.9,233,7502,1.6,0.93,0.26,32.69,348.96,-0.53,-0.103,0.842,-0.9,0.1,0.01,0.12,0.7,0.1,-0.3,0.5,-0.0,0.6,0.4,0.9,1.2,1.5,2.4,2.1,-1.1,2.8,1.0,1.2,2.2,1.7,2.0,0.6,-0.9,-1.6,-3.9,-1.0,-1.9,-1.3,-0.9,2.0,0.2,-0.1,0.1,-0.2,-0.6,1.3,-4.8,-3.5,-6.5,-6.2,-4.3,-2.5,-2.3,-1.8,-0.1,-1.7,-2.1,-2.6,-2.9,-3.5,-4.0,-2.5,-3.9,-2.6,-1.8,-2.1,-1.5,-1.6,-1.0,-2.7,-1.4,-1.9,-1.3,-1.4,-1.4,-1.7,-0.8,-0.4,-2.5,-4.1,-3.4,-2.6,1.1,-1.9,-0.0,-0.0,0.0,0.1,-0.1,-0.1,0.4,0.8,0.4,-0.5,-0.9,-0.9,-1.6,-1.1,-0.7,-1.9,-2.4,-1.0,-0.2,-3.7,-2.1,-2.6,-3.6,-2.0,-5.3,-2.7,-3.1,-1.9,-1.1,-0.4,-2.1,-3.2,-3.2,-3.4,-0.9,-2.2,-1.9,-2.1,-1.7,-3.1,-1.8,-1.7,-2.1,-2.6,-2.2,-2.8,-3.1,-2.6,-3.1,-2.4,-3.2,-4.1,-1.7,-1.2,-1.3,-1.2,-0.4,-0.6,-1.5,-2.2,-1.4,0.6,-0.5,-0.3,-2.9,-3.9,-4.5,-2.9,-1.3,2.0,1.2,-1.4,-3.3,-3.7,-2.8,-2.6,-3.6,0.9,-3.1,-3.8,-3.1,-1.3,-3.4,-3.5,-3.2,-4.3,-4.4,-4.2,-3.4,-2.9,-3.9,-4.8,-5.1,-5.9,-8.2,-7.8,-3.5,-3.0,-8.5,-4.0,-5.4,-4.6,-5.2,-4.1,-1.8,-2.6,-3.2,-4.1,-3.3,-5.6,-5.3,-3.7,-4.5,-4.6,-6.3,-6.4,-3.0,-4.7,-4.7,-5.9,-7.5,-6.9,-3.5,-4.3,-4.0,-4.6,-0.9,-4.4,-4.2,-2.3,-4.9,-3.8,-4.6,-5.5,-5.5,-3.8,-5.7,-4.7,-4.6
2C7L5126LX,0,48.102117,11.637436,4443002.97,2777858.22,530.8,576.4,233,7503,3.9,0.67,0.47,32.69,348.96,-0.53,-0.103,0.842,-0.6,0.2,-0.22,0.3,1.7,0.3,-0.3,-2.7,-4.9,5.0,4.3,5.7,-1.6,-2.6,9.1,2.6,0.5,4.5,3.6,2.6,3.3,3.7,3.1,-2.1,2.9,-2.0,-3.3,-6.5,1.4,0.5,-1.0,1.9,1.3,0.3,-1.7,-0.2,-0.1,0.1,-7.8,-3.7,-5.1,-7.0,-6.1,-2.0,-1.7,0.6,0.2,-1.3,-2.0,-0.9,-6.9,-4.8,-6.5,-9.9,-2.8,-6.1,-5.6,-4.1,-7.4,-3.8,-4.6,-0.1,0.9,0.8,-0.8,-3.5,0.0,9.3,2.1,0.0,-1.3,-8.1,-8.4,-9.2,-8.7,2.0,8.8,-1.3,-10.6,-0.4,6.6,-2.7,5.7,3.1,-1.4,3.7,-1.9,7.1,-7.1,-1.8,1.1,-0.3,-4.1,4.1,-1.2,-3.0,-2.8,-1.5,-4.4,-8.0,-6.2,-4.5,-2.7,-6.6,-0.4,-2.9,2.6,2.9,-4.0,-5.7,1.1,-0.6,0.2,-2.7,-1.8,-2.3,-3.0,-0.5,-3.2,-3.5,0.7,-4.3,-2.2,0.1,-2.1,-0.2,-1.1,-2.3,3.2,-3.6,4.7,4.0,1.8,-3.2,1.4,-6.7,-5.7,-0.6,-1.5,0.5,-3.1,-6.3,7.9,-4.2,-0.3,-2.0,7.2,-2.8,-2.8,-17.5,-2.9,-3.3,-3.0,-1.9,-10.3,-0.8,4.8,-0.1,-9.1,7.7,12.5,5.5,-5.2,5.0,1.0,-4.6,-3.4,-5.0,-3.4,-6.4,-8.1,-5.5,-1.8,-2.5,-3.3,-0.9,-2.1,-4.4,-7.7,-5.4,-3.3,-6.4,-1.8,-4.9,-5.8,-8.7,-6.3,-2.5,-3.9,0.2,-8.0,4.6,-0.6,-4.7,-3.7,-1.8,-5.2,-7.1,-4.8,-7.2,-1.8,-0.6,-2.1,-6.6,-6.0,-5.3,-3.9,-5.5,-5.7,-3.7,-3.4,-6.0,-5.2,-2.0,-3.2
2C7L5126Ls,0,48.102291,11.638789,4443103.4,2777879.75,539.1,584.8,233,7524,4.1,0.66,0.57,32.7,348.96,-0.53,-0.103,0.842,0.1,0.2,-0.01,0.32,0.6,0.3,-0.3,7.0,11.8,-6.9,11.6,4.5,6.6,-13.7,-6.7,-9.3,8.0,-11.1,-0.4,-5.4,-5.9,-4.9,-4.7,-4.5,-5.4,-6.5,-6.0,-7.4,-8.6,-0.7,-3.4,-3.9,-2.5,4.8,0.6,-6.2,0.6,1.0,-4.2,-5.7,-13.9,-13.8,3.0,2.4,2.6,-1.5,-0.6,5.1,4.5,-4.2,-3.7,-0.0,-5.2,-6.3,-3.9,-6.3,-4.4,-1.2,3.1,1.8,1.8,1.8,-1.6,2.7,-2.2,0.6,1.4,0.5,2.3,-5.9,2.7,0.9,1.6,-0.7,0.2,-0.7,-5.1,-5.9,-3.1,-0.1,-2.6,-2.8,-3.9,-2.2,-4.6,-4.2,-5.1,-2.6,-5.6,-2.6,-1.6,-3.0,-3.1,1.8,-4.9,-3.8,-1.8,-3.0,-3.3,-3.0,-6.4,-8.2,-5.8,-9.2,-2.2,-4.3,-2.6,-4.4,-4.8,-1.2,-5.4,-2.8,-3.3,-1.0,2.8,-2.7,-6.2,-3.7,-2.5,-6.7,-2.2,-6.7,3.6,3.0,-8.3,-8.6,-5.6,0.5,-10.7,-4.5,-3.6,-4.9,-0.9,-5.2,8.0,-6.3,-5.1,-0.1,-1.9,7.7,-3.5,-3.5,-4.4,-0.4,-2.9,3.0,1.5,-4.3,-2.7,-1.8,2.0,1.6,-3.3,5.0,1.9,1.1,-4.0,-4.4,-0.8,-11.7,-1.1,8.6,-0.8,-0.9,1.1,-0.9,-0.4,-4.4,-0.3,1.4,-3.0,-3.8,1.4,2.9,-0.9,3.0,1.1,-0.9,-1.9,-8.2,1.8,-5.0,1.6,-2.6,-1.4,0.8,-5.6,-4.3,-2.2,-3.7,-1.1,-2.1,0.2,1.9,1.2,6.3,0.8,-1.8,-1.6,2.5,-3.1,-1.9,-2.0,-3.1,-7.8,-3.1,-7.4,-5.1,0.2,-3.5,1.9,-6.7,-7.8,-5.2,-1.3
2C7L5126HU,0,48.100324,11.623327,4441956.19,2777635.74,539.6,585.3,233,7252,2.6,0.83,0.41,32.6,348.92,-0.529,-0.104,0.842,-7.1,0.1,-1.16,0.2,1.6,0.2,-0.3,-0.5,0.2,-0.1,9.9,1.0,-2.0,0.9,-1.1,0.1,3.5,1.1,-2.9,0.7,0.4,-0.0,0.4,-1.4,-1.3,0.5,-1.8,-0.3,-0.4,0.6,-0.7,-1.2,-2.8,-1.6,0.6,-1.9,-2.8,-11.8,-5.5,-4.4,-3.4,-4.6,-5.2,-1.8,-4.4,-0.4,-2.6,-2.1,-3.4,-3.4,-1.3,-1.3,-3.6,-3.3,-4.2,-3.9,-3.5,-1.1,-3.5,-3.8,-4.0,-4.4,-3.6,-4.4,-4.8,-1.0,-1.5,-4.3,-3.5,-6.3,-2.4,-0.7,-2.9,-3.1,1.7,-4.9,-3.9,-0.0,-4.2,-0.2,-3.4,-3.5,-3.4,-3.4,-2.1,-4.0,-4.0,-5.1,-6.0,-5.1,-4.7,-5.6,-7.0,-6.8,-9.3,-7.5,-8.8,-8.2,-10.1,-11.1,-11.0,-12.9,-6.7,-7.3,-8.5,-8.4,-6.7,-8.7,-9.5,-8.3,-8.3,-10.7,-9.1,-7.6,-8.9,-7.6,-9.0,-9.7,-8.4,-8.3,-9.0,-8.7,-4.7,-20.9,-10.0,-9.7,-7.4,3.6,-6.9,-7.6,-9.7,-10.3,-10.3,-7.5,-9.0,-10.8,-10.1,-11.5,-14.0,-14.4,-12.5,-17.2,-15.6,-11.9,-16.3,-13.5,-13.7,-16.1,-16.2,-15.9,-16.8,-17.1,-16.8,-14.6,-18.7,-19.1,-19.2,-23.2,-15.8,-21.5,-19.6,-21.6,-22.3,-19.5,-21.4,-18.4,-20.7,-22.2,-23.8,-21.0,-24.9,-25.6,-21.3,-23.2,-29.3,-21.7,-26.4,-26.1,-30.1,-31.3,-28.0,-26.2,-24.8,-27.2,-27.2,-11.2,-27.8,-28.7,-27.3,-26.5,-26.7,-27.8,-27.5,-27.5,-27.5,-29.3,-30.2,-30.2,-28.5,-28.5,-31.6,-30.1,-30.3,-33.8,-32.3,-33.8,-34.4,-34.1,-32.3,-31.5,-31.9,-26.3,-31.4,-31.7,-33.2
2C7L5126IJ,0,48.100707,11.626313,4442177.72,2777683.25,544.1,589.8,233,7303,1.9,0.89,0.29,32.64,348.96,-0.529,-0.103,0.842,-0.5,0.1,-0.14,0.15,1.2,0.1,-0.3,2.4,0.5,-0.4,0.2,-0.1,1.4,-1.5,-2.4,-0.6,2.9,0.0,1.2,-1.3,1.2,0.3,2.7,3.3,2.8,3.9,5.5,1.0,3.8,2.2,3.4,4.7,5.1,2.8,3.6,2.7,0.8,-5.9,-1.4,-1.5,-0.1,2.2,1.9,4.8,2.7,7.3,2.8,3.4,4.0,3.1,4.0,1.9,3.3,0.8,2.6,2.5,3.6,1.6,1.2,0.4,-0.6,1.0,0.6,-0.3,2.7,0.2,2.0,1.0,-1.1,1.6,-2.9,0.8,2.5,-1.0,0.7,-1.1,0.1,-1.9,-3.5,-2.2,-1.4,3.0,4.0,2.5,2.8,3.3,6.1,3.2,5.1,3.4,4.8,4.3,2.9,2.8,3.4,3.1,2.6,1.9,0.3,1.1,5.2,2.9,-0.3,2.2,4.8,1.0,2.3,3.0,1.7,1.7,5.3,4.4,3.1,1.8,1.4,2.8,2.8,2.6,2.0,2.2,1.6,1.9,1.5,-0.9,0.8,1.3,0.1,-1.8,0.3,0.3,-0.9,2.4,3.5,-0.5,0.9,-0.1,-0.7,1.5,1.5,-0.6,1.6,3.1,2.1,4.1,2.2,4.6,4.9,-0.8,0.1,-6.3,0.6,1.8,-1.6,-0.2,1.8,-1.0,-1.2,-0.9,-3.5,-0.3,-0.2,0.8,-0.1,0.2,-0.9,1.3,0.9,0.2,-0.1,2.2,-1.0,-1.3,4.4,0.8,-1.3,2.3,0.8,-0.8,0.5,-0.4,-2.9,-2.5,-3.7,0.5,2.0,-3.8,0.8,-1.1,0.4,0.4,-0.0,-0.4,1.8,0.7,4.2,3.3,-2.1,1.9,2.8,4.7,-1.7,2.2,-0.0,0.7,2.1,-2.1,1.2,-2.1,-0.2,-0.6,0.1,-0.7,-1.1,-2.4,-0.9
2C7L5126JD,0,48.101107,11.629425,4442408.67,2777732.8,540.3,586.0,233,7359,3.3,0.75,0.43,32.65,348.96,-0.53,-0.103,0.842,-0.4,0.2,-0.15,0.25,1.9,0.2,-0.3,-0.1,-1.2,-0.7,-3.3,-1.4,-1.2,-0.6,-0.1,-1.9,-0.6,-1.6,-1.3,3.8,3.8,-2.3,-0.4,-0.6,-0.1,-4.8,-1.3,-7.9,-1.2,-5.4,-5.2,-1.6,-1.3,-6.4,-0.9,3.2,-7.9,-18.6,-2.7,-9.8,-5.3,-6.0,-4.6,-3.2,-4.8,-1.1,-2.6,-3.9,-1.7,-5.9,-4.1,-5.0,1.6,-12.7,-2.7,-1.6,-2.5,2.1,3.4,-0.8,0.6,-0.7,-3.8,-5.7,-0.9,3.9,5.0,2.1,2.1,2.3,1.6,4.9,0.4,-0.3,-1.3,-2.9,1.9,-1.1,0.9,1.1,-0.1,-0.2,-4.0,-4.4,-7.1,-5.2,-4.5,1.5,-6.1,-10.0,-5.1,-5.5,-5.6,-7.3,-4.6,-3.7,-7.8,-3.4,-4.8,-2.7,-4.0,-0.7,-1.7,-2.2,-6.1,-2.5,-5.6,-4.3,-4.2,-5.2,-5.6,-5.3,-4.5,-6.4,-9.0,1.5,-2.7,-0.4,-2.8,-1.0,1.7,-3.1,-1.1,-0.5,-1.3,-3.3,-1.4,-1.0,-3.0,-1.4,-9.3,-7.7,-3.6,-2.7,-4.9,-1.8,-5.3,0.1,4.4,-1.4,-3.0,-3.8,-3.9,-1.5,0.5,-1.5,1.7,0.5,1.9,-3.2,-3.2,-2.1,2.3,-2.4,0.6,-1.4,-3.5,1.1,-1.2,-5.8,-3.2,-1.5,-2.1,-2.8,-5.2,-15.5,-5.3,-8.4,-5.1,-0.2,-4.4,-6.0,-0.7,-3.0,-6.1,-5.7,-2.8,-5.8,-0.5,-1.6,0.5,-1.2,-6.1,-3.0,-1.6,-9.0,-4.3,-4.7,-1.4,3.8,-4.9,-2.9,-0.4,3.0,-5.3,-11.9,-7.7,-9.2,3.3,-2.4,-13.5,-4.0,-3.7,-4.4,-5.2,-3.3,-6.8,-3.3,4.0,-4.7,-1.9,0.6,-8.3,-5.9,-5.3
2C7L5126Jq,0,48.101388,11.631614,4442571.05,2777767.63,538.5,584.2,233,7398,1.6,0.92,0.26,32.66,348.96,-0.53,-0.103,0.842,-0.6,0.1,-0.13,0.12,1.3,0.1,-0.3,-0.8,-0.7,-0.6,-1.9,0.7,1.4,0.2,-0.9,-1.0,-0.1,-1.2,0.2,-1.1,-0.7,-2.7,-1.0,-2.8,-0.8,-3.2,-1.5,-3.1,-4.0,-2.3,-1.8,-2.4,-1.1,-0.7,-0.3,0.1,-5.3,-4.4,-7.7,-6.2,-5.4,-5.2,-4.8,0.6,-2.2,-1.0,-0.3,-2.0,-0.3,-4.4,-1.2,-0.2,-2.0,-2.2,-0.1,-0.8,-1.2,-0.2,0.5,-0.4,-1.7,-1.1,-2.1,-1.2,-1.1,-0.7,-1.0,-0.9,-1.2,-1.3,-0.6,-12.7,1.0,-1.3,0.3,-2.2,-1.9,-1.4,-2.5,-2.2,-1.3,-2.6,-1.5,-2.5,-1.8,-2.4,-2.6,-2.8,-4.1,-2.6,-2.5,-3.5,-4.2,-4.6,-3.9,-2.8,-3.9,-4.0,-4.6,-5.9,-3.3,-4.4,-3.4,-0.2,-1.5,-2.2,-4.4,-2.4,-2.7,-1.2,2.1,-2.8,-1.8,-2.9,-0.6,-1.9,-3.5,-2.5,0.8,0.8,-1.4,-1.9,0.4,0.7,-0.4,-1.5,-0.4,-1.6,-1.5,-4.0,-3.3,-2.0,-1.5,-2.6,-2.8,-3.6,-5.9,-4.7,-3.5,-1.9,-3.2,-4.7,-5.3,-4.9,-3.9,-0.4,-0.2,-1.6,-2.3,-2.5,-0.4,-2.9,-1.5,-0.8,-0.3,-1.7,-0.9,-1.2,-2.8,-3.1,-2.6,-3.1,-2.3,-4.4,-3.4,-2.1,-2.9,-3.8,-3.7,-3.8,-6.0,-6.0,-1.2,-4.2,-7.4,-2.6,-4.5,-3.9,-5.5,-4.8,-0.9,-0.3,-1.5,-1.8,-2.4,-9.3,-1.8,-2.7,-3.9,-4.0,-3.3,-3.7,-4.3,-4.7,-5.8,-5.1,-8.1,-6.2,-5.0,-5.3,-6.8,-4.2,-5.3,-3.2,-5.6,-4.1,-3.9,-3.8,-5.2,-2.1,-2.4,-1.9,-3.9,-3.1,-4.2
2C7L5126Jr,0,48.101403,11.63173,4442579.62,2777769.46,541.3,587.0,233,7399,2.3,0.85,0.37,32.67,348.96,-0.53,-0.103,0.842,-0.5,0.1,-0.22,0.18,1.7,0.2,-0.3,-2.1,-1.5,-0.8,1.1,1.6,-4.0,0.9,0.7,-1.4,0.2,0.7,0.8,-2.7,0.6,-2.9,0.2,-2.2,0.3,-3.1,0.3,-2.4,-3.5,-1.1,-0.3,-2.9,-1.5,-0.9,-0.5,0.3,-4.4,-3.2,-7.3,-8.5,-3.3,-5.2,-5.0,-3.6,-1.0,-0.1,-1.8,-3.5,-1.5,-4.8,-0.0,0.0,-4.5,-0.0,-2.0,-1.4,-1.7,-4.4,-0.0,-1.2,-2.0,0.1,-1.7,1.6,0.4,0.4,-0.9,-1.6,-2.0,7.8,-0.5,-3.8,0.7,0.2,4.9,-3.1,-0.7,-1.4,-2.0,0.4,-0.3,-3.8,-2.7,-4.0,-4.0,-2.0,-1.5,-3.8,-4.9,-1.9,-3.4,-4.8,-1.3,-4.2,-3.6,-5.0,-5.3,-4.9,-6.6,-2.6,-5.0,-4.2,-4.2,-1.8,-1.2,-4.4,-6.0,-2.1,-1.0,-2.4,0.4,-3.4,-1.4,-1.6,-0.2,-0.2,-3.1,-0.6,2.8,0.1,-2.8,-0.8,0.4,4.5,-1.4,-2.5,0.6,-3.9,-1.2,1.8,-2.6,-1.7,-1.0,-1.1,-3.3,-3.8,-7.4,-2.8,-5.3,1.8,-2.5,-5.0,-3.6,-4.2,-2.3,-1.2,1.8,-13.5,-1.4,-2.0,-0.5,-2.4,-0.5,3.0,-1.6,0.0,-0.1,-1.1,-1.3,-3.2,1.0,-1.1,1.0,-3.4,-3.1,-0.1,-2.7,-3.5,-2.7,-2.9,-6.7,-4.8,0.5,-4.7,-6.9,-0.9,-3.5,-2.8,-4.9,-11.5,-1.6,-0.8,-6.3,-4.1,-2.4,-10.3,-1.8,-1.2,-0.8,-3.0,-0.2,-2.9,-4.1,-4.8,-5.6,-3.6,-9.4,-4.3,-7.6,-5.2,-7.0,-5.4,-4.6,-1.9,-8.1,-3.9,-3.8,-1.8,-6.4,-2.5,-2.3,1.4,-5.5,-2.8,0.4
2C7L5126JE,0,48.101129,11.629446,4442410.16,2777735.19,538.2,583.9,233,7360,2.5,0.85,0.37,32.66,348.96,-0.53,-0.103,0.842,-0.9,0.1,0.11,0.2,0.5,0.2,-0.3,-1.6,-1.9,-0.5,-0.4,-1.3,-2.0,1.9,-0.7,2.1,-0.6,0.8,-2.8,-0.3,4.6,2.3,2.6,2.0,3.3,-1.4,-1.5,-1.0,0.7,-3.1,0.6,-2.5,-2.3,3.0,1.3,4.3,-3.5,-1.9,-4.4,-2.0,-2.4,1.3,-7.1,0.6,0.6,-4.7,-3.8,2.4,-0.7,0.9,-3.7,2.7,0.0,-4.2,-4.3,1.6,-2.0,0.7,2.9,1.0,0.7,0.5,-0.1,0.3,-0.7,0.2,-0.8,1.4,-0.5,1.9,1.2,1.6,-4.1,-2.6,-0.1,-2.7,-0.4,-2.3,-1.7,-0.8,-0.5,0.9,1.3,0.6,2.1,0.8,-7.9,0.8,0.0,0.8,2.1,2.8,0.1,-5.8,-1.5,-6.7,-0.2,-2.0,-3.2,-2.8,-3.2,-1.0,2.0,-1.0,1.2,-0.1,3.3,-0.2,-0.5,0.5,0.1,-7.2,-7.2,-1.3,-0.6,0.8,2.1,-3.9,-1.1,-2.9,-1.4,-2.7,-2.3,-2.5,-4.5,-3.2,-4.4,-1.9,-3.4,-2.9,-3.0,-0.2,0.0,-3.0,-0.2,-3.6,-3.1,-1.5,-6.3,1.0,-1.5,-5.3,-7.7,-4.8,-4.7,-5.9,1.4,-3.1,-0.1,0.9,3.9,-2.4,-0.4,-2.5,-0.0,1.3,0.9,-3.1,-3.7,-3.6,-4.0,-5.3,-3.3,-2.0,-2.3,1.1,-3.0,-5.5,-5.2,-1.8,-1.6,-10.0,-1.8,-2.1,-6.3,-5.7,-3.3,2.7,-5.8,-3.4,-1.8,-4.1,-3.8,-5.2,-4.8,-11.5,-5.3,-4.8,-3.7,-1.9,-3.4,-2.7,-2.0,-4.3,-2.7,-0.3,0.1,-13.8,-6.4,-6.1,-6.7,-3.4,-3.5,-7.8,-2.6,-3.2,-4.0,-1.4,-3.7,-2.8,-1.6,-0.4,-2.4,-3.5,0.6
2C7L5126Jp,0,48.101394,11.63151,4442563.25,2777768.03,536.4,582.1,233,7397,2.7,0.84,0.4,32.66,348.96,-0.53,-0.103,0.842,-0.7,0.1,-0.23,0.2,0.8,0.2,-0.3,-1.9,0.7,1.0,-1.6,2.9,5.0,1.6,0.4,1.0,1.8,0.1,2.2,0.9,0.8,-0.8,0.2,-0.6,0.6,-2.4,-0.6,-2.3,-5.9,0.8,-0.9,-0.4,3.4,-0.3,0.7,1.5,-5.6,-1.9,-1.4,-11.1,-10.0,4.8,-1.8,6.9,-2.0,2.7,1.9,0.6,1.5,-3.6,1.5,2.5,1.1,-2.2,1.8,0.2,1.6,2.2,2.0,1.4,-0.6,-2.5,-1.4,-0.4,1.0,-1.2,0.7,-0.5,0.9,0.2,-1.1,-11.0,0.4,-0.6,-1.8,-0.7,1.1,0.0,3.2,-1.3,0.5,0.6,1.8,0.7,2.8,1.9,2.7,0.2,1.5,0.1,-0.4,-1.2,-2.8,-1.5,-1.5,0.5,-2.0,-0.8,-1.6,-4.1,1.1,-0.4,-1.8,3.2,5.7,5.6,0.7,-0.5,3.0,0.4,5.1,3.6,2.1,-0.9,1.4,0.3,1.0,0.1,4.4,3.3,2.7,1.7,1.8,-0.1,-0.2,-3.2,-3.7,1.2,-4.2,-6.0,-2.5,0.8,1.5,-4.1,-2.6,2.7,2.9,-3.4,2.1,-1.5,0.4,-2.1,-1.4,-1.1,-0.4,3.2,1.1,-0.8,0.3,-0.9,3.0,-3.5,-2.7,0.1,-2.0,-3.6,-1.2,-3.1,-5.1,-2.5,-4.1,-4.6,-5.2,-2.5,-3.8,-1.4,-0.9,0.3,-0.7,0.3,-3.5,-2.8,1.0,0.8,-3.4,0.5,0.5,-1.3,-3.9,-2.8,0.8,-1.3,-1.4,-2.6,-2.1,-4.4,-1.1,-1.2,-6.7,-7.8,-3.4,-3.6,-2.6,-1.6,11.0,-5.6,-6.7,-6.6,-3.1,-3.7,-5.4,-1.9,-2.7,-3.8,-0.4,-3.1,-2.4,-1.4,-4.2,-0.3,0.5,-1.8,0.1,-1.6,-2.3
2C7L5126KR,0,48.101693,11.633843,4442736.32,2777805.14,545.9,591.6,233,7435,2.8,0.78,0.38,32.67,348.96,-0.53,-0.103,0.842,-0.4,0.1,-0.93,0.22,1.7,0.2,-0.3,0.1,0.6,0.8,-0.2,2.2,-0.5,0.8,-1.1,0.9,2.2,1.6,2.5,0.6,-0.0,-0.3,0.4,-0.2,-1.2,-2.4,-5.4,-1.3,-1.5,0.0,-2.3,-2.5,-2.0,-1.6,-0.5,2.6,-2.0,-1.3,-6.0,-5.8,-7.0,-7.6,-5.5,1.2,-2.0,-1.1,-4.3,1.2,-4.3,-2.8,-0.2,-1.4,-1.3,-2.9,-0.2,0.7,0.7,3.4,0.8,-0.1,0.6,0.7,0.5,0.4,0.0,-0.8,-0.7,-1.8,-0.6,0.1,-2.1,-1.2,2.7,-1.9,2.0,-0.1,-1.4,1.0,-0.7,-2.3,-2.1,-0.8,-1.7,-1.8,-0.3,1.1,-1.5,-0.9,1.1,-1.5,-1.9,0.3,1.7,0.1,-2.7,-0.6,-1.2,-0.8,-1.0,-0.8,-5.1,-1.8,-0.2,-0.5,3.9,2.3,-1.3,1.0,0.5,0.5,1.8,2.4,4.0,3.2,0.9,-2.6,0.4,1.9,1.3,2.0,-1.1,-0.9,1.7,4.6,1.7,2.9,4.8,4.0,5.4,2.6,-0.3,2.8,2.5,-3.9,0.0,-5.6,-3.1,0.4,-2.4,0.2,-3.7,-3.9,-3.4,-3.6,-3.1,0.7,-0.5,-5.0,-6.0,-3.0,-2.4,-3.1,-0.5,1.0,0.4,0.2,-4.6,1.6,2.9,-1.5,-0.9,-0.8,-0.3,-0.2,-1.1,0.0,0.0,0.2,-7.6,-3.4,-2.1,-3.9,-0.6,-2.3,-7.1,-4.3,-1.2,1.0,-5.2,-2.5,-7.8,-9.2,4.1,3.7,2.3,-5.9,4.5,4.1,5.3,8.5,6.9,6.0,-1.2,-1.1,-1.5,2.0,0.6,1.0,5.4,1.2,0.5,-10.2,-5.3,-6.7,-9.9,-3.9,-8.8,-9.8,-8.1,-8.1,-3.8,-3.3,-8.0,-8.5,-4.0
2C7L5126KW,0,48.101727,11.634109,4442756.1,2777809.38,545.3,591.0,233,7440,2.3,0.85,0.38,32.68,348.96,-0.53,-0.103,0.842,-0.3,0.1,-0.07,0.18,1.4,0.2,-0.3,-1.1,-4.0,-0.1,1.2,-1.2,-1.9,2.3,2.8,0.3,2.6,-2.4,-0.4,-2.9,3.3,1.7,-1.6,-4.0,-3.0,-2.0,-1.2,-4.9,-3.6,-3.1,-2.9,-3.0,-2.4,0.4,-5.7,-4.3,-6.1,-1.7,-7.2,-7.7,-8.1,-7.9,-6.6,1.5,-0.8,-0.6,1.2,-2.8,-1.9,-0.1,-1.1,0.7,-0.2,-0.3,0.9,-0.3,0.8,0.5,0.7,-0.1,0.1,-1.7,0.5,-2.0,-0.1,-0.4,-1.2,-0.2,1.3,1.4,-2.8,-1.2,-3.0,-1.8,1.0,-0.6,-1.8,-1.0,-2.1,-1.0,-1.7,-1.1,-0.2,-2.6,-4.1,-4.9,-5.7,-1.4,-5.5,-2.6,-1.6,-0.3,-2.0,-0.3,-5.4,-5.9,-5.0,0.5,-6.1,-3.3,-5.6,-2.3,-3.1,-1.1,-2.8,0.3,-2.7,-5.7,1.7,-5.6,-0.4,-1.6,-0.3,0.6,-2.2,-2.0,-1.3,-2.5,-2.1,-1.0,1.1,2.5,-5.0,-3.1,-4.0,-3.6,-3.9,-4.7,-3.2,-0.9,-0.9,-1.9,3.5,1.7,1.4,-0.2,-6.9,-2.2,-4.0,-3.0,-1.6,-7.6,-4.8,-2.5,-2.3,0.7,0.1,-0.4,-3.5,-3.5,-1.1,0.4,-2.2,1.9,0.5,-0.8,-0.2,1.0,-1.7,-0.7,1.0,-3.0,-3.2,-4.3,-2.6,-2.2,-2.5,3.9,-6.6,0.7,-2.2,-10.4,-0.2,0.5,-7.2,-3.3,-2.6,-1.0,-4.9,-6.1,-2.1,0.4,0.0,-4.0,-2.4,1.2,-2.9,-2.6,-1.4,-2.8,-4.1,-3.8,-1.9,-5.7,-4.0,1.3,-4.4,-1.4,-4.4,-3.0,-9.3,-3.8,-4.0,-6.8,2.1,-4.4,-3.6,1.3,-3.0,-2.4,-1.2,-0.0,-3.9,-3.2,-0.6
2C7L5126Kk,0,48.101827,11.634889,4442813.98,2777821.81,543.0,588.7,233,7454,4.3,0.62,0.51,32.68,348.96,-0.53,-0.103,0.842,0.2,0.2,-0.58,0.33,2.0,0.3,-0.3,0.1,-1.0,-0.9,1.1,1.0,3.3,3.8,0.7,1.5,0.8,0.5,-0.6,-2.2,-3.0,-2.9,-2.4,0.6,0.1,-8.0,-5.1,-7.5,-6.2,-4.4,-1.6,-3.7,-4.5,-6.0,-6.5,-9.2,-2.1,-3.2,-2.3,-5.4,-8.0,-4.7,-1.9,-9.4,-7.1,3.7,-1.2,8.1,0.5,-3.4,2.6,-2.4,10.9,0.4,3.8,-1.5,3.2,0.9,1.1,11.7,3.7,5.2,-2.8,3.4,-8.0,12.2,-5.2,-2.6,-4.2,11.8,1.0,3.5,-2.3,-7.9,10.5,-2.2,-9.7,-6.5,-3.8,-1.5,-1.0,-5.4,-4.2,-6.2,-5.7,-6.4,-6.0,-3.4,-3.8,-1.4,-3.2,-0.6,-4.6,4.1,3.2,-0.3,-4.6,1.6,-1.6,-3.8,-0.8,1.4,0.6,-1.8,0.9,2.5,-0.2,1.3,-2.3,-2.0,-4.4,-3.9,-0.7,3.2,1.9,2.0,-1.7,-1.1,-0.3,1.4,1.7,-3.1,-0.4,7.3,3.1,0.5,0.6,5.1,-0.6,9.5,-2.0,-5.9,-0.2,-1.5,-1.8,2.1,-9.9,-2.2,-4.3,7.4,0.9,2.2,10.5,6.7,2.7,6.8,5.9,8.5,-1.5,2.1,1.3,2.9,2.7,0.7,0.7,0.5,-1.4,0.4,3.0,3.6,-1.0,10.0,0.6,-3.5,13.8,5.7,-1.4,-5.6,-7.0,-1.3,-3.6,-4.2,-5.8,-2.2,-0.7,-0.3,-3.9,-0.5,0.1,-3.8,-4.3,-0.8,-5.7,-3.0,-8.3,11.9,0.6,-6.5,-1.6,-3.0,-0.8,-4.3,-6.4,2.8,3.6,-1.6,-1.0,-11.4,1.5,1.4,-3.5,1.3,2.6,1.6,11.0,-0.9,-0.4,3.5,-1.4,-1.6,2.1,-4.3,-0.8,0.4,-1.0
2C7L512NLV,0,48.100801,11.626751,4442210.15,2777694.35,538.8,584.5,234,7313,2.4,0.78,0.34,32.64,348.96,-0.529,-0.103,0.842,-0.7,0.1,-0.38,0.19,2.7,0.2,-0.3,-0.4,-0.4,0.9,1.7,0.3,-0.2,0.8,0.5,2.4,0.6,3.7,-0.7,1.1,2.8,2.3,3.7,11.6,4.7,5.5,8.5,4.7,7.0,4.7,8.1,8.1,3.9,7.1,4.4,3.6,3.7,-3.6,5.1,6.6,3.5,6.0,1.3,5.6,5.8,5.3,5.2,5.1,2.5,2.1,6.0,7.5,4.6,-0.5,-1.6,0.5,0.6,-1.0,-0.9,0.7,2.1,-1.0,2.5,2.8,3.4,-0.3,0.7,0.6,2.8,4.2,0.7,-1.9,-0.3,-0.5,1.5,-0.4,1.8,1.2,0.5,0.3,1.6,2.4,3.1,5.1,7.7,6.2,4.4,5.9,8.5,6.0,4.0,3.8,4.9,6.3,6.7,5.5,10.3,6.7,6.8,2.7,7.9,4.0,6.0,4.1,6.3,5.3,6.9,0.4,4.4,4.7,5.0,2.9,4.4,3.2,3.4,5.1,3.9,4.4,3.4,1.8,1.4,1.4,-0.9,3.4,1.3,0.4,-0.5,1.5,-1.8,-1.2,0.0,4.4,7.0,1.3,3.1,3.1,2.7,3.5,2.1,5.1,7.5,2.4,-0.6,6.3,5.2,7.2,5.5,-1.8,-1.8,-0.6,0.2,1.0,0.4,3.6,-0.7,-1.3,-0.3,-1.0,-2.0,-0.8,-0.4,1.5,-0.8,2.9,-0.0,2.4,1.6,6.8,0.4,2.6,3.4,0.3,5.5,0.5,3.2,1.5,3.4,4.4,0.5,0.2,-0.2,-4.0,-2.3,-2.3,-3.3,0.9,-1.8,-3.3,-1.3,-3.3,-1.4,-0.8,3.1,2.6,3.6,5.4,1.2,-0.1,-1.8,-1.6,1.8,9.0,10.9,13.2,2.0,5.7,-2.8,-3.0,-4.6,-3.7,-2.3,-4.0,-3.8,-4.3,-1.5
2C7L512NLh,0,48.100896,11.627494,4442265.26,2777706.17,541.7,587.4,234,7325,3.0,0.81,0.4,32.65,348.96,-0.529,-0.103,0.842,-0.6,0.1,0.19,0.23,0.2,0.2,-0.3,-1.0,4.4,2.1,1.2,3.6,5.9,4.8,-12.9,5.0,-10.4,1.7,2.5,6.1,-0.0,1.5,0.5,-3.9,-1.4,-1.4,1.5,1.9,1.2,-0.8,1.2,3.1,1.2,1.2,-7.3,-5.9,-1.2,-8.7,-3.8,-4.8,-1.8,1.4,-3.0,1.8,1.5,2.1,-0.4,1.7,-0.4,1.0,-0.1,1.1,0.0,-4.3,0.2,2.4,0.4,0.5,2.6,0.3,0.4,-0.7,0.3,-0.7,1.1,2.7,1.1,1.7,-0.7,0.1,0.3,1.5,3.2,3.6,0.3,1.9,2.8,-2.0,1.1,0.6,1.2,2.1,0.2,2.8,-0.2,2.9,-0.8,-0.7,-1.8,1.4,-0.8,1.1,-0.2,-0.4,-0.5,0.6,1.4,-2.1,-4.3,-1.0,2.5,-3.7,2.0,0.2,0.3,-0.2,1.4,-1.7,0.2,0.7,2.4,-0.4,3.9,2.0,0.4,0.8,-1.9,-0.6,1.2,0.5,2.1,0.7,-3.2,-1.4,-6.4,-5.2,-3.3,-3.7,-6.3,-3.1,-1.7,-3.1,1.2,-5.5,-4.4,-5.6,-3.0,-3.1,-2.1,-7.0,-1.5,1.3,-3.1,-2.5,0.4,-0.1,2.4,-6.3,-2.3,-2.5,-2.8,-4.8,-6.5,-2.2,-2.2,1.0,0.2,-2.1,-3.3,-0.7,1.4,-2.1,-1.7,0.2,-1.9,6.7,5.3,0.5,0.5,-0.7,-0.1,-6.5,2.9,0.9,-7.5,1.8,-1.8,-2.6,-1.3,-4.0,-9.3,-9.0,-0.6,-4.4,-0.0,-12.6,-3.3,-3.1,-1.5,-3.4,-1.0,-0.4,1.9,0.0,-0.7,-0.3,0.9,-6.2,-0.9,-1.1,-4.4,-1.3,-1.7,-1.4,-0.1,-2.6,-2.1,-2.5,-2.6,-0.6,0.3,-1.1,-5.6,0.8,-3.1
2C7L512NLj,0,48.100904,11.627557,4442269.93,2777707.18,537.7,583.4,234,7327,2.7,0.82,0.41,32.65,348.96,-0.529,-0.103,0.842,-0.3,0.1,-0.69,0.21,0.5,0.2,-0.3,1.0,1.8,-0.2,-6.6,-0.6,0.5,-4.7,-0.3,2.4,0.1,0.9,1.4,-0.1,1.2,1.7,3.0,5.9,4.2,-1.0,3.8,2.6,1.5,0.3,1.8,1.3,1.3,3.1,3.9,4.0,1.9,-9.3,-8.0,2.4,2.0,6.4,-0.2,6.3,3.4,8.9,3.5,4.0,6.2,4.4,1.8,4.5,5.3,5.0,2.3,3.8,4.8,6.3,2.6,6.8,3.1,1.1,4.4,3.4,3.5,2.9,-0.5,2.1,-1.1,9.4,1.3,8.1,2.1,6.2,3.6,4.5,1.5,4.3,2.5,0.7,2.5,3.6,4.0,-0.8,4.0,4.5,4.0,2.8,2.0,2.4,4.4,1.3,4.3,3.9,4.3,1.7,4.8,3.9,6.2,3.6,6.3,3.3,-0.2,3.2,2.2,2.6,5.5,2.2,4.6,3.6,4.1,2.3,3.4,1.2,-0.2,1.6,1.1,0.4,-0.1,-1.1,1.4,3.3,-0.9,1.3,1.9,5.4,-2.4,-5.0,5.4,1.7,1.3,4.8,3.6,1.2,4.0,5.4,1.4,0.4,2.5,4.1,5.4,5.9,3.6,5.4,7.7,6.4,3.5,-0.6,-2.2,1.7,4.1,1.6,1.7,0.9,4.7,0.8,1.1,10.0,-4.3,1.7,0.6,2.5,2.9,0.7,-2.5,1.3,-2.5,3.2,0.9,2.7,-0.2,3.3,8.2,-0.3,0.7,-0.3,0.0,-4.5,0.3,-1.3,-3.6,-0.6,8.0,1.0,1.4,0.5,2.6,2.3,2.3,2.3,1.4,-0.1,0.6,1.3,3.3,1.7,2.2,-4.0,1.6,3.1,0.8,1.9,5.1,0.6,1.0,-0.9,0.9,6.7,1.6,-5.1,-2.9,-1.0,3.5,-2.1,-1.2
2C7L512NMp,0,48.101419,11.631566,4442567.35,2777770.96,545.2,590.9,234,7395,4.2,0.67,0.5,32.66,348.96,-0.53,-0.103,0.842,-0.5,0.2,-0.41,0.32,1.5,0.3,-0.3,-10.7,0.8,9.6,-10.1,-6.5,14.1,-8.0,-2.8,-4.4,5.4,0.6,1.7,3.9,-7.0,9.1,5.2,4.8,2.9,5.1,2.1,-0.5,1.4,-4.1,6.2,5.3,7.2,-0.2,-0.2,7.2,3.9,5.7,3.1,2.2,5.6,1.5,3.2,6.4,3.2,3.0,2.9,-0.0,11.6,7.3,9.4,5.2,1.6,1.2,2.5,4.4,0.1,-3.8,-0.4,1.4,-1.2,0.5,3.4,3.4,1.0,0.4,1.1,1.8,5.5,4.1,-0.4,-0.5,0.5,0.8,-5.3,-2.9,-1.1,-0.7,-0.4,0.5,0.7,4.8,6.2,0.7,4.0,4.7,2.8,4.7,2.2,-0.1,3.2,-1.1,3.8,3.0,4.0,1.4,3.0,-2.9,0.1,-1.3,4.4,5.9,0.0,-5.7,6.6,3.3,1.9,-3.4,0.5,6.5,2.7,0.9,-3.1,7.2,-3.9,-6.0,-0.1,7.0,-2.6,-4.6,-2.6,-3.3,0.4,-1.3,0.6,0.0,1.3,-1.7,13.0,-0.2,1.8,3.6,5.9,0.2,-3.3,4.4,-1.8,2.6,4.0,4.2,2.7,3.9,3.4,1.0,6.9,5.7,20.4,-7.0,13.6,-6.8,0.5,-1.7,7.7,-0.9,3.2,-0.3,-1.8,2.8,2.1,3.8,4.9,3.8,-2.4,1.5,0.5,2.4,-0.6,2.1,3.8,5.6,2.4,-1.4,-7.7,-0.6,3.0,-4.2,0.6,-2.0,2.7,-1.7,-5.6,3.8,-7.2,-0.2,-1.9,-11.6,-2.1,-0.1,0.8,-0.9,0.6,-0.2,-2.6,-4.0,3.0,0.1,0.4,-5.7,0.5,2.7,-1.0,3.8,7.2,4.2,2.5,-1.8,-1.3,7.7,-3.2,-3.9,-0.7,-2.2,-3.5,-2.0,-3.6
2C7L512NNU,0,48.10172,11.633909,4442741.23,2777808.26,546.3,592.0,234,7436,4.1,0.46,0.43,32.67,348.96,-0.53,-0.103,0.842,-0.1,0.2,-0.25,0.31,5.2,0.3,-0.3,4.9,1.0,2.2,3.4,4.0,0.1,-0.9,1.5,2.5,4.1,1.2,-5.6,-1.8,-4.4,-17.2,-14.0,-5.2,-7.1,-6.4,-9.4,-8.2,-8.9,-8.2,-8.5,-8.2,-8.5,-13.6,-13.5,-9.0,-12.9,-12.3,-22.3,-19.7,-15.8,-15.9,-10.9,-10.8,-9.4,-6.4,-8.8,-3.7,-16.1,-13.7,-6.3,-8.5,-3.5,-10.6,-8.4,-13.9,-6.1,-1.1,2.2,-0.2,1.3,1.0,2.3,4.8,4.8,3.8,5.1,1.1,9.2,1.8,2.3,-1.5,0.5,5.1,-7.6,-7.7,-6.2,-5.3,-3.5,0.1,-7.0,-10.9,-12.7,-12.0,-11.8,-9.1,-9.4,-11.8,-10.2,-8.3,-6.4,-3.2,-5.7,-4.0,-8.7,-7.6,-9.0,-9.2,-7.9,-9.8,-13.1,-3.9,-7.0,-3.6,-3.2,-4.7,-10.5,-2.1,-10.7,-9.8,-9.3,-5.6,-5.7,-2.9,-7.4,-10.0,-3.7,0.2,-1.4,3.4,-7.9,-0.8,0.2,-1.5,-4.4,-5.1,-2.6,0.5,-2.8,-5.3,-6.5,-0.6,-11.6,-0.4,-10.6,-7.5,-10.0,-14.1,-1.7,-5.9,-9.1,-9.5,-12.5,-7.6,-6.4,-7.9,-1.7,4.2,-4.3,-5.8,-5.1,2.4,2.4,1.3,-4.7,-2.9,-6.6,-4.7,-3.3,-2.0,-7.9,-3.3,-6.1,-0.9,-2.9,1.8,-4.9,-6.0,-8.5,-9.0,-6.1,-8.6,-14.9,-22.5,-12.2,-3.4,-4.6,-7.1,-13.2,-14.6,2.4,-1.9,-1.3,-4.2,-1.3,4.7,-2.6,-4.2,-3.2,-3.1,-3.6,-6.0,-11.6,-5.8,-11.8,-8.5,-10.2,-16.3,-8.3,-8.0,-10.8,-10.3,-10.8,-10.1,-8.9,-8.6,-1.3,-3.7,-4.2,-2.0,-1.8,-1.7,-4.8,-3.3,-5.2
2C7L512NOW,0,48.102174,11.637445,4443003.5,2777864.53,539.6,585.3,234,7500,1.1,0.95,0.16,32.69,348.96,-0.53,-0.103,0.842,-0.4,0.1,-0.4,0.09,1.1,0.1,-0.3,0.0,-1.1,0.1,0.4,0.9,0.6,0.9,0.4,-0.7,0.4,-1.5,-1.2,-2.1,-1.6,-1.2,-0.5,-0.3,0.3,-1.3,-3.6,-2.0,-1.9,-0.5,0.5,1.1,-0.5,-1.0,-1.2,-0.4,-0.4,-0.1,-5.3,-3.6,-6.7,-5.6,-2.5,-2.6,-1.4,-0.5,0.9,-0.8,0.2,-0.9,-0.9,0.2,-1.7,0.7,-0.6,-0.4,0.4,0.3,1.1,0.9,0.6,0.6,1.1,-0.3,0.8,1.3,0.4,0.8,0.3,1.3,0.2,1.1,0.0,-0.4,-0.2,-0.4,-0.7,0.5,-0.8,-1.1,-1.6,-0.4,0.1,-0.4,-1.3,-1.3,-0.0,-1.0,-2.6,-1.6,-2.0,-1.4,-1.5,-0.1,-0.6,-1.5,-1.0,-2.4,-2.5,-1.8,-4.2,-1.8,-2.9,-0.8,1.1,0.0,-1.0,-0.1,-1.7,-1.7,-0.6,-0.6,-0.9,-1.2,-0.6,-2.8,-1.6,-0.2,-0.3,0.2,-0.2,0.0,-0.6,0.6,0.0,0.1,-0.2,1.2,1.7,-0.2,0.4,0.4,0.7,-0.1,-0.2,-2.5,-1.2,1.0,-0.4,0.0,-1.4,-2.6,-3.4,-2.4,-3.2,-0.2,1.4,-1.6,-3.5,-1.7,-0.1,0.6,-1.0,-0.3,1.7,1.0,1.4,-0.3,-1.2,-0.0,0.1,0.7,-1.0,-0.2,-1.9,0.3,-2.2,-3.3,-2.1,-1.7,-4.8,-2.9,-0.2,-0.3,-4.4,-2.2,-1.7,-1.8,-2.9,-4.0,-2.1,-0.2,-0.5,-1.6,-1.6,-2.0,-2.1,-1.2,-0.4,-2.0,-2.4,-1.2,-2.5,-1.8,-2.8,-3.1,-4.4,-3.9,-4.0,-4.0,-3.6,-2.6,-3.9,-4.5,-3.4,-2.6,-3.4,-2.6,-2.8,-1.9,-0.7,-0.4,-1.3,-1.8,-1.6
2C7L512NKZ,0,48.100401,11.623494,4441968.47,2777644.58,542.3,588.0,234,7255,4.1,0.71,0.49,32.63,348.96,-0.529,-0.103,0.842,-0.9,0.2,0.46,0.31,1.2,0.3,-0.3,-1.0,1.4,1.2,0.5,-6.3,1.1,1.0,-0.9,0.1,1.2,1.2,-2.6,-1.7,0.2,-0.7,-2.5,1.5,-1.7,4.3,-0.8,4.2,2.0,2.3,-6.1,2.2,8.7,1.5,1.0,-4.3,-18.7,-19.9,-3.0,-14.7,-7.6,-17.3,-19.0,0.9,-1.8,-2.0,2.4,0.7,0.7,-1.3,-1.8,3.9,-1.7,-5.5,-1.9,0.8,-1.5,-0.2,-2.4,-0.6,0.0,-3.0,-2.4,-3.4,-2.1,-1.4,0.9,-1.1,-2.5,-2.5,-2.4,-10.0,-3.8,-1.8,-5.3,-2.1,0.3,1.8,-4.2,-1.9,0.3,0.2,0.0,-3.8,-2.5,-4.5,-0.3,-3.6,-1.6,-3.7,-4.1,-6.5,-5.9,-11.9,-5.7,3.1,-4.3,-6.9,-2.1,-1.9,-7.2,-6.7,-3.6,-5.5,-4.1,-5.1,-5.6,-5.3,-5.7,1.8,-4.4,-6.4,-5.6,-3.6,-7.5,-3.1,-7.5,-2.6,-10.8,-10.2,-9.0,-5.7,-10.7,-6.7,-7.0,-15.6,1.7,-3.2,-6.5,-8.3,-7.5,-5.5,-1.5,-1.7,3.5,1.3,-9.1,-4.5,-4.1,-9.0,-4.9,-2.1,-2.1,-1.9,-4.3,-5.6,-6.1,-14.1,-4.5,-3.9,5.4,-2.8,-4.1,-9.0,-4.3,-3.4,-6.3,-4.3,-0.5,0.3,-3.1,-8.0,-2.5,-0.8,-1.8,0.6,-1.7,-8.3,-9.4,-7.6,-3.5,-6.5,-16.6,3.2,-5.1,-0.2,-3.0,-3.2,-6.6,-16.3,-12.1,-3.2,-1.5,-5.1,-4.0,-7.8,-4.8,-5.7,-5.4,-4.2,-4.6,-1.2,-3.0,-7.0,-5.6,-7.7,-4.9,-8.1,-5.6,-12.0,-9.9,-5.0,-5.5,-6.4,-7.8,-7.3,-5.8,-6.2,-4.0,-4.5,-6.2,-8.0,-3.9,-4.5,-5.3
2C7L512NLS,0,48.1008,11.626596,4442198.62,2777693.95,539.8,585.5,234,7310,2.4,0.87,0.36,32.64,348.96,-0.529,-0.103,0.842,-0.5,0.1,0.21,0.19,0.2,0.2,-0.3,-0.9,0.4,0.5,-1.7,-1.3,0.2,-1.9,-3.1,-6.5,6.3,-0.3,3.2,1.4,-0.1,0.3,1.6,1.9,-1.3,1.0,3.0,1.2,-0.1,-0.0,-2.7,3.3,-4.0,-0.1,-0.6,-3.1,-3.1,-8.6,-5.2,-2.9,-1.9,-1.1,-5.2,2.1,-1.6,4.9,0.6,-1.6,-0.5,-2.5,-1.8,-3.8,-2.3,-4.0,-1.5,-1.3,-1.1,0.5,-1.6,-1.0,-1.9,-1.1,-0.5,-4.6,-1.2,0.7,-1.1,-1.6,-0.8,-4.8,-1.2,-1.0,-1.4,-1.1,-13.3,-2.7,-1.1,-2.7,-1.0,0.3,0.4,-0.3,-0.5,-0.6,-0.3,-2.3,-4.1,-2.0,1.4,-0.2,1.4,-0.3,-2.7,-3.0,-5.0,-1.2,-1.7,-2.1,-2.6,-5.6,-0.4,-3.7,-0.8,-4.1,-0.5,-3.7,-1.5,0.3,-1.7,-2.5,-2.1,-2.6,-2.0,-2.5,-2.3,-2.3,0.6,-2.2,-4.7,-4.1,-2.3,-0.9,0.1,-3.4,-3.6,-3.1,-7.0,-0.2,-2.0,-3.8,-2.7,-0.5,-1.3,-1.8,-4.5,-5.3,-4.4,-3.1,-1.1,-3.2,0.1,-3.9,-5.6,-3.0,-1.9,0.0,0.8,0.7,-3.9,-1.8,7.6,-4.3,-3.9,-6.4,-2.7,-2.4,-0.6,1.7,-3.6,-2.6,-3.7,-3.6,-4.0,-1.1,-3.2,-2.6,0.3,-3.5,-7.5,-2.3,-4.6,-6.9,-1.3,3.5,-4.1,-5.4,-4.4,-3.1,-1.2,0.2,-3.6,-1.4,-3.0,-4.3,-1.5,-14.5,-1.0,-1.1,-1.1,2.2,-1.1,-1.3,-1.8,-0.9,-1.0,-1.9,-4.8,-5.1,-0.5,-2.7,-3.5,-5.7,-3.5,-4.1,-5.4,-3.6,-4.7,-2.4,-2.8,-2.8,-3.1,-3.0,-4.3,-3.6,-3.8
2C7L512NLT,0,48.100804,11.626629,4442201.06,2777694.48,538.7,584.4,234,7311,3.9,0.72,0.45,32.64,348.96,-0.529,-0.103,0.842,-0.2,0.2,0.55,0.29,1.3,0.3,-0.3,0.1,-0.7,-0.3,-1.5,-2.7,2.0,0.4,-1.1,-4.9,2.6,-0.1,3.1,1.1,1.6,-1.0,-0.6,-9.1,-5.8,-4.2,-1.5,0.7,-2.4,0.7,-4.0,-4.8,-6.0,-0.2,1.3,-0.4,-5.7,-8.9,-9.5,-9.5,-7.7,-5.0,-7.7,-14.2,-5.2,-6.0,-0.3,-1.4,4.0,1.0,-3.5,4.5,-3.0,1.3,-1.6,-0.5,-0.4,-0.0,-3.5,-0.8,-3.1,-1.3,-1.8,-4.9,-2.7,-0.3,-0.4,-1.9,-1.2,-7.0,-1.0,-4.4,-2.9,-2.6,-12.3,-1.9,-1.0,-1.6,-0.7,1.1,-0.8,-0.9,-3.7,0.9,-9.1,-6.8,-8.5,-6.0,-20.7,-0.0,2.3,-0.7,-6.5,-4.8,-8.6,-5.5,-4.5,-3.3,-2.8,-5.1,-6.6,-7.3,-1.7,-1.8,-3.3,-5.7,-4.9,-1.1,-4.2,-4.4,-2.7,-7.3,-3.3,-2.1,-0.3,-5.9,-1.5,-4.1,-5.1,-4.9,-1.7,-0.2,-0.1,-4.1,-4.1,-2.9,-8.3,-2.8,-2.5,-1.6,-1.8,-0.4,-3.5,-0.7,-7.8,-6.8,-8.8,-9.0,-5.0,-0.1,-3.9,-5.2,-8.6,-5.0,-2.7,-6.1,-0.1,1.4,-6.6,-1.2,-19.0,-5.0,-2.6,-2.1,-2.4,-5.8,2.3,-3.9,-2.9,-0.1,-0.6,-0.8,4.1,-1.5,3.5,3.2,1.4,-11.8,-9.0,-4.3,-3.9,-7.5,-0.2,-20.5,-2.9,0.1,-3.8,-1.4,-2.2,3.6,-0.3,-2.5,-4.2,-4.9,-2.3,-13.4,-13.6,-2.5,-1.6,3.3,-1.9,-2.0,-2.2,-2.1,-3.4,-2.9,-12.5,-2.0,3.1,-1.6,-5.1,-7.1,-6.3,-5.8,-8.7,-4.7,2.8,-2.2,-2.0,-1.4,-2.8,-0.4,-0.8,-3.1,-4.1
2C7L512NNF,0,48.101619,11.632979,4442672.19,2777795.53,543.8,589.5,234,7421,4.6,0.6,0.51,32.67,348.96,-0.53,-0.103,0.842,-0.8,0.2,-1.13,0.35,1.0,0.3,-0.3,-1.9,-3.4,-4.3,-2.0,-3.0,-2.2,4.4,2.2,-3.4,-4.1,2.9,-2.3,5.5,3.3,9.1,4.1,3.0,1.2,4.0,1.8,3.3,1.0,2.9,3.3,2.9,1.8,3.8,1.4,5.4,-5.3,-3.8,0.2,-0.5,-2.9,-2.7,1.1,8.0,2.0,1.2,3.4,1.5,4.9,-1.4,1.9,0.6,9.2,-0.8,-1.9,-5.3,-2.6,-0.0,-3.6,-4.2,0.4,-3.1,-1.1,0.6,2.7,1.8,1.2,1.1,9.6,5.9,-5.6,-3.8,14.4,4.5,5.1,5.1,-3.8,1.6,1.1,0.5,-2.2,-3.0,0.1,-5.3,-5.3,-5.9,0.9,3.7,1.4,3.4,2.3,5.6,-1.4,4.3,0.7,2.6,2.2,0.3,0.4,0.8,-3.2,-2.5,2.3,2.8,3.7,4.0,2.1,-1.6,-1.4,-1.2,3.9,3.2,1.6,2.5,0.7,1.6,0.1,0.3,3.1,7.9,5.3,2.6,14.1,14.0,-13.0,12.3,-8.3,4.4,13.4,-4.0,-4.6,0.5,-3.3,-4.8,-2.5,-2.6,0.4,3.9,2.8,12.0,4.0,-0.7,-1.1,3.8,4.1,5.5,4.3,8.1,-2.6,5.5,1.7,-3.5,-8.9,-8.0,-0.4,-9.1,2.9,3.8,4.7,-3.6,-4.6,-5.7,-0.3,0.7,2.4,11.0,4.3,0.4,1.1,-2.2,-0.5,-3.7,-0.1,4.9,-4.3,15.4,2.4,3.4,-2.7,-2.6,-2.9,10.0,2.3,-9.1,-9.2,0.7,-5.2,-12.5,0.8,-5.4,-0.2,2.5,0.8,-3.0,-3.4,-1.9,-4.9,-5.5,-1.5,0.3,0.4,3.4,-0.6,0.8,-1.5,0.8,-8.1,-6.7,-5.9,-9.8,-0.3,-12.8,1.1,-9.3,-7.1
2C7L512NNI,0,48.101648,11.633205,4442688.94,2777799.12,544.6,590.3,234,7424,3.7,0.74,0.51,32.67,348.96,-0.53,-0.103,0.842,-0.4,0.2,0.15,0.29,0.3,0.2,-0.3,3.3,-5.7,5.9,-3.6,-3.2,3.1,13.2,-12.9,-2.9,5.0,3.2,2.9,13.8,-4.1,-2.0,-2.8,0.9,0.7,1.4,-1.1,-3.4,1.1,-3.3,2.0,-2.9,1.8,-1.5,-2.0,4.4,-0.2,-4.8,0.0,-4.4,-3.2,-2.4,0.6,3.4,3.4,-0.0,2.5,0.6,0.4,-3.5,1.3,-1.8,-1.6,-2.3,1.3,-3.0,-5.4,-2.0,0.4,-3.0,-4.7,-3.3,2.7,-2.0,0.9,1.2,1.1,2.5,2.3,0.5,8.1,9.9,-0.8,1.9,0.8,3.2,-0.2,-3.6,0.5,1.2,3.3,2.5,-1.4,1.8,1.0,-0.1,-0.1,-1.8,-2.7,-1.2,0.2,-0.0,-1.6,-2.3,-2.3,-6.3,-2.4,-2.6,-2.8,-2.1,-5.3,-4.3,-2.3,1.1,-0.6,4.1,-2.5,-0.2,-1.3,-0.4,1.0,-1.6,0.4,-1.4,1.5,-0.2,-0.3,1.3,-0.2,1.5,1.5,-2.5,3.5,0.4,-3.0,4.4,-3.2,11.4,1.1,7.9,-2.4,-3.0,1.1,1.4,-0.1,-0.5,-3.9,2.8,0.8,-1.1,-2.2,-2.7,0.3,1.6,1.4,2.9,3.1,12.5,-5.1,-3.3,-3.9,-3.7,-2.1,-1.2,-4.9,-5.0,-5.8,0.1,-3.0,-4.0,-3.2,-5.6,-5.3,-6.5,-5.8,-0.9,-2.4,0.0,-0.3,1.7,0.0,-1.1,1.3,-2.5,-4.1,-2.6,0.4,-2.2,-0.3,-2.7,-1.4,-3.2,-3.4,-2.3,-9.7,1.1,-7.1,-0.2,-10.4,-4.1,-6.5,9.1,2.6,-1.5,-5.5,-3.2,-2.4,-6.3,3.2,-4.2,0.3,4.4,-1.8,-1.4,2.6,2.0,9.2,5.3,-1.9,0.1,-3.7,2.0,-0.1,-7.9,-5.5
2C7L512NNQ,0,48.101694,11.633557,4442715.02,2777804.73,539.3,585.0,234,7432,4.0,0.32,0.37,32.67,348.96,-0.53,-0.103,0.842,0.8,0.2,1.72,0.31,6.1,0.3,-0.3,-0.6,-1.7,-1.0,-2.3,-0.0,-1.5,-2.2,-2.3,-0.3,-0.5,-2.2,-2.0,-1.2,-2.0,-1.9,-3.3,-5.4,-8.2,-8.6,-12.4,-13.6,-9.6,-8.9,-8.3,-9.0,-5.0,-7.7,-11.1,-12.1,-10.2,-11.6,-12.0,-13.4,-12.6,-15.5,-11.5,-9.1,-9.9,-5.3,-8.6,-11.2,-15.6,-9.6,-6.5,-10.2,-7.8,-12.5,-14.6,-11.2,2.0,-2.1,-1.8,-2.4,-2.1,-0.7,-3.6,-0.8,-1.0,0.0,-0.8,0.5,-0.8,-3.4,-3.4,-4.3,-2.5,-4.6,-3.6,-3.4,-2.0,-3.6,-2.7,-3.5,-2.8,-7.0,-3.7,-4.9,-4.3,-4.1,-9.0,-9.6,-10.2,-12.6,-13.5,-10.2,-14.3,-8.6,-11.3,-10.8,-8.5,-13.2,-12.3,-16.2,-13.3,-11.5,-12.9,-11.6,-9.7,-10.0,-12.8,-14.5,-11.4,-11.4,-12.2,-12.2,-12.0,-8.5,-12.5,-11.0,-10.5,-6.4,-5.2,-6.9,-7.2,-10.4,-0.9,-0.0,-2.6,3.6,-2.6,-3.6,-3.7,-6.8,-5.2,-3.9,-1.2,-7.4,-13.0,-15.0,-16.3,-14.7,-3.7,-11.7,-11.8,-16.5,-15.1,-9.6,-10.7,-10.1,-9.1,-20.4,-8.7,-3.6,-4.1,-0.2,-3.3,-1.2,-4.3,-3.6,-2.7,-5.6,-5.4,-1.8,-2.4,-0.5,-6.2,-14.6,-15.3,-19.1,3.9,-19.3,-13.5,-12.9,-14.7,-17.0,-15.5,-12.9,-15.9,-18.8,-15.5,-8.5,-13.0,4.7,5.5,4.9,1.4,2.7,4.1,2.5,3.8,5.1,5.8,5.9,3.7,2.0,2.0,1.6,5.7,-1.9,-7.0,-6.8,-3.3,-1.8,-6.5,-3.5,-6.3,-7.1,-16.3,-20.4,3.2,-20.4,0.7,1.8,3.6,3.3,2.1,2.4,2.9
2C7L512NNS,0,48.101701,11.633614,4442719.25,2777805.64,538.1,583.7,234,7434,2.3,0.81,0.42,32.67,348.96,-0.53,-0.103,0.842,-1.5,0.1,-0.77,0.17,2.4,0.2,-0.3,-2.1,-0.9,-1.3,-1.2,-0.2,-1.8,-0.3,-1.2,-0.5,0.6,-0.0,-0.3,-0.8,-0.2,-0.2,0.2,-2.4,-3.1,-5.1,-4.1,-2.3,-5.3,-2.9,-2.8,-2.6,-3.4,-4.2,0.1,2.2,-4.4,-4.8,-8.2,-8.3,-10.1,-10.4,-7.1,-1.7,-4.5,-3.6,-5.6,-1.4,-2.4,-3.7,-3.6,-2.8,-3.2,-1.5,-0.1,-0.0,-0.5,-0.2,0.3,-1.0,-0.4,-0.9,1.3,-0.3,-0.6,-0.6,-1.4,-0.6,-0.5,-0.1,-0.8,-0.7,-1.1,-1.8,1.4,0.1,-1.1,-0.1,-1.9,-0.4,-1.6,-0.2,-0.7,-1.7,-0.3,-1.8,-2.8,-4.0,-4.1,-3.6,-4.2,-3.6,-1.6,-2.9,-4.6,-7.0,-8.1,-8.2,-5.3,-0.4,-9.2,-5.5,-3.7,-2.9,-3.2,-4.4,-4.9,-0.2,-4.9,-4.5,-2.8,-5.3,-4.1,-3.6,-1.1,-5.6,-4.9,-3.0,-2.4,-0.7,-2.1,-0.5,0.4,-1.8,-1.7,-0.2,-2.3,-0.4,-2.7,-2.0,-3.5,-2.8,-2.1,-3.1,-2.6,-5.2,-12.9,-4.7,-7.1,-9.5,-8.1,-10.0,-9.1,-7.7,-8.4,-9.1,-1.0,-6.4,-5.1,-5.1,-2.5,-4.2,-3.8,-2.0,-3.6,-2.9,-1.4,-2.5,-3.9,-3.0,-2.7,-3.3,-1.5,-2.6,-2.8,-1.2,-4.2,-5.7,-9.6,-9.1,-10.9,-9.3,1.6,-2.0,-12.4,-1.8,-6.7,-7.5,-10.0,0.1,-9.2,-9.4,-1.7,-3.7,-4.7,-1.6,-6.7,-5.9,-5.3,-7.0,-7.8,-9.7,-8.4,-15.8,-11.0,-8.9,-10.0,-13.5,-7.5,-6.9,-10.3,-9.0,-11.2,-11.0,-12.9,-15.0,-9.9,-9.8,-9.4,-9.5,-8.4,-6.8,-10.1,-6.4,-6.6
2C7L512NL6,0,48.100665,11.625403,4442110.07,2777677.02,543.9,589.6,234,7288,4.4,0.54,0.45,32.64,348.96,-0.529,-0.103,0.842,-1.0,0.2,-0.12,0.33,3.2,0.3,-0.3,0.3,-3.5,-0.3,0.2,0.4,-1.0,-4.2,-3.2,-3.9,4.7,-7.0,-2.9,-3.9,0.2,-1.4,-5.4,-4.6,-7.8,-7.1,-3.4,-2.3,-3.5,-1.2,-3.3,-0.5,-5.1,-3.6,1.7,-5.7,-12.4,-13.3,-14.2,-14.2,-7.9,-8.8,-8.0,-5.2,-7.1,-3.0,10.3,-5.8,-5.0,9.9,-4.3,-3.0,-6.1,-2.3,-0.4,0.1,3.4,-4.9,-1.3,-2.5,-0.5,1.2,-0.7,3.8,3.0,1.2,1.4,-2.8,4.9,3.1,0.4,-3.5,-3.9,-1.4,4.4,-1.9,3.9,2.8,-12.0,1.8,3.9,-10.7,-12.0,-13.8,5.8,6.5,-11.6,1.8,-8.5,-4.1,-5.0,-2.6,-10.0,-10.1,-7.4,-6.0,-6.7,-14.8,-16.5,-7.5,-4.8,-7.5,-5.1,-3.9,-6.7,-7.5,-3.6,0.0,-5.7,-4.9,-5.9,-12.6,-6.4,3.1,-7.6,-3.5,1.3,6.2,-0.2,0.9,1.8,-1.0,-0.9,-12.4,-6.1,-3.6,-0.9,-0.2,-1.7,-2.2,-1.3,-9.5,-11.5,-2.4,-10.7,-7.0,-12.7,-3.3,-6.4,-7.7,-6.9,-6.1,-13.1,-6.7,-11.4,-2.7,2.4,2.5,-4.2,-3.6,-2.6,4.6,-2.8,-1.3,-8.0,-5.6,-3.0,3.0,-0.0,-5.5,7.4,-7.0,-2.0,-5.5,-0.2,-17.0,-2.9,-7.9,-14.6,-2.5,-9.1,-10.3,-6.0,-2.9,-12.5,-6.2,-7.8,-11.6,-8.0,-5.2,-5.9,-2.8,-8.6,-8.4,-8.1,-3.7,-6.2,-3.8,-2.4,-10.4,-5.2,-4.8,-9.8,-9.4,-11.4,-11.7,-9.3,-17.2,-5.2,-6.1,-10.5,-9.9,1.5,-8.5,-9.9,-3.6,-9.7,-6.5,-5.4,-4.7,-5.3,-0.9,-2.6,-8.2,-2.2
2C7L512NLe,0,48.100904,11.627266,4442248.3,2777706.68,540.1,585.8,234,7322,3.8,0.65,0.5,32.65,348.96,-0.529,-0.103,0.842,-0.8,0.2,-0.43,0.3,2.5,0.3,-0.3,3.2,2.5,-0.3,-1.2,-0.3,-1.0,0.6,-5.2,0.2,-5.4,1.2,1.3,2.3,2.3,2.6,3.9,7.0,7.6,7.2,12.2,2.4,10.0,5.7,9.9,9.6,7.7,5.8,8.6,7.1,6.2,-7.7,4.7,3.1,5.6,11.8,8.4,6.1,10.1,10.0,11.0,5.0,7.3,7.8,8.6,8.0,6.5,4.4,6.1,1.8,5.3,4.0,-1.3,-1.3,2.6,3.0,6.5,5.9,5.7,4.8,2.1,4.7,8.7,9.0,5.3,3.6,8.8,6.7,9.5,8.8,6.9,-0.3,4.4,10.6,6.4,4.7,6.2,7.3,7.8,7.9,10.8,9.6,9.5,7.7,4.8,1.1,6.8,11.3,8.4,8.1,10.9,7.9,2.5,2.1,10.5,7.4,4.9,3.0,9.0,7.5,6.4,4.8,6.4,8.2,6.2,5.5,6.9,5.8,3.6,0.3,6.7,2.6,4.4,5.5,5.2,3.4,5.3,12.9,-6.6,-7.6,8.2,0.7,-10.3,13.1,-0.4,6.8,8.9,-8.2,7.3,6.7,5.9,4.6,6.5,4.5,2.4,4.7,2.6,5.6,10.9,5.6,5.7,4.3,-0.9,-5.5,1.7,-0.3,-2.1,3.1,-3.3,-1.4,-1.3,4.5,-7.5,0.7,-0.4,0.5,-1.2,0.1,2.5,3.3,2.8,7.5,6.9,8.0,1.2,2.9,4.6,2.3,2.3,3.1,8.0,5.9,5.4,-0.6,1.3,2.8,5.8,2.4,2.6,-14.5,5.2,1.6,-1.8,-5.1,-3.1,-1.4,5.2,3.9,7.6,9.6,3.8,0.4,9.6,1.0,3.1,5.0,7.5,7.5,3.7,-2.2,0.7,1.4,-2.1,-0.3,2.8,-1.3,-0.9,-2.3,7.0
2C7L512NLi,0,48.100945,11.627583,4442271.79,2777711.71,543.7,589.5,234,7326,3.8,0.71,0.45,32.65,348.96,-0.529,-0.103,0.842,-1.1,0.2,0.4,0.29,0.4,0.3,-0.3,-2.7,-0.3,-8.1,-3.7,0.4,0.1,-3.8,-2.6,-5.3,0.4,-3.2,0.5,1.4,-6.5,3.7,-3.2,9.2,8.6,4.6,7.9,3.7,-6.7,1.6,1.5,2.3,-1.7,11.4,-1.9,4.3,-2.7,-9.3,-7.6,-10.8,0.5,2.1,-9.6,-1.9,1.9,3.5,2.4,1.9,0.7,1.7,-0.0,2.9,1.3,-0.1,0.3,1.2,2.2,3.5,0.9,1.8,-0.1,2.5,2.6,1.7,1.1,-0.7,-1.3,-0.4,-1.8,-1.0,9.0,0.4,1.9,-0.8,-4.5,-2.1,-0.8,-5.5,-6.0,-1.9,-1.0,-1.5,-0.9,-3.7,-4.5,-0.9,1.6,-0.1,2.2,-0.5,-5.0,-1.8,-0.2,-3.2,1.2,-7.9,-4.4,-4.9,-8.2,-0.7,-0.4,-5.4,-3.1,-0.7,-2.0,-2.2,1.9,-2.1,-2.3,-0.6,0.4,-1.2,1.4,2.1,-2.2,2.7,-6.9,-11.2,-4.1,2.1,1.7,0.1,-1.7,-0.6,-3.5,-5.4,-6.5,4.3,-6.5,2.2,-3.8,-9.2,-2.7,-0.7,-12.8,1.4,-5.6,-2.2,-4.5,-5.6,9.5,0.9,-7.6,-3.1,-3.9,-3.0,-0.0,-2.6,-4.8,-6.0,-4.4,-5.9,-4.1,-3.7,-5.1,-4.7,-1.7,-2.4,-7.7,-3.9,-14.0,-8.0,-3.5,-2.4,-4.5,-2.4,-2.4,-1.8,-5.0,1.0,-3.6,-7.5,-2.7,-5.8,-12.1,-4.6,-4.1,-2.4,-3.5,-9.0,-7.5,-1.9,-3.3,-3.7,-2.2,2.4,-5.5,-4.6,-5.0,-5.2,-5.6,-3.5,-0.2,2.3,-1.6,-7.0,-7.5,-6.1,-3.8,-21.0,-7.1,-1.2,-3.9,-3.0,-2.3,1.2,-4.0,-5.8,-2.7,-3.3,-0.7,-3.3,-5.6,-3.6,-4.7
2C7L512NM2,0,48.101086,11.628682,4442353.35,2777729.21,541.5,587.2,234,7346,4.0,0.57,0.61,32.65,348.96,-0.53,-0.103,0.842,-0.3,0.2,0.46,0.3,3.9,0.3,-0.3,-1.5,-0.9,-1.4,-2.5,-2.2,-0.4,-0.4,-0.8,0.5,-6.9,1.0,0.8,2.2,3.5,-9.5,-2.8,-7.4,-8.0,-7.2,-7.4,-9.3,-7.5,-7.6,-7.1,-5.5,-5.2,-6.7,-8.0,-21.6,-11.0,-19.3,-11.0,-12.7,-10.3,-9.4,-9.3,-8.7,-7.8,-4.6,-6.9,1.6,-6.0,-10.0,-6.9,-5.7,-8.8,2.5,-1.3,-1.0,-1.0,-0.4,-1.1,-0.9,-0.2,-0.9,-0.2,-0.4,-1.1,-1.4,-1.5,-2.2,-10.9,8.1,-3.1,-12.3,-0.4,-2.5,-4.7,-2.0,0.7,-1.5,2.5,-6.2,-1.2,-15.4,-9.6,-6.9,-7.7,-7.0,-8.3,-5.7,-8.0,-12.3,-11.8,-11.6,-9.3,-8.2,-8.9,-9.1,-7.9,-9.6,-9.8,-9.3,-8.1,-8.3,-6.6,-9.0,-6.4,-8.5,-7.2,-7.6,-9.1,-7.4,-5.8,-8.7,-6.8,-5.6,-7.3,-7.5,-9.0,-7.2,-7.9,-14.4,-1.5,-1.7,-3.5,-5.5,-4.0,-10.1,-2.2,-3.0,-1.1,-4.5,0.7,-6.9,-6.6,-18.9,-9.9,-8.1,-9.8,-8.3,-8.1,-8.7,-8.7,-8.8,-10.3,-9.3,-7.1,-6.8,-4.8,-2.4,-6.0,-9.4,-5.6,-1.9,-3.6,9.5,-1.1,-0.9,-3.5,-2.3,-2.4,3.1,3.6,-7.7,-5.0,-5.8,-8.9,-4.4,-17.6,-8.5,-8.3,-8.2,-10.0,-10.6,-5.8,-9.6,-10.0,0.9,-8.2,-9.5,-10.8,-11.7,-19.0,-1.0,-7.2,-0.4,-5.8,-7.6,-3.2,-0.9,-1.3,-0.5,2.1,1.7,-6.2,-12.7,-11.1,-8.0,-10.4,-16.4,-9.3,-7.2,-10.0,-7.9,-8.4,-8.8,-10.1,-9.7,0.7,-0.9,0.2,1.4,-1.9,-9.1,-2.0,-1.3,-14.9
2C7L512NM4,0,48.1011,11.628788,4442361.22,2777730.9,540.2,585.9,234,7348,3.1,0.77,0.4,32.65,348.96,-0.53,-0.103,0.842,-0.9,0.2,0.42,0.24,2.1,0.2,-0.3,0.2,-0.3,0.0,-0.9,0.4,-0.3,0.6,-0.1,1.5,-2.3,1.5,0.9,1.6,1.0,0.3,2.0,-1.5,-1.9,-5.2,-1.9,-5.6,-4.5,-5.6,-3.0,-2.4,-1.0,-5.2,-5.3,-2.3,-5.4,-8.3,-8.3,-10.1,-7.3,-2.5,-5.3,-3.2,-2.6,-2.7,-0.3,-1.7,-2.8,-1.2,-3.6,-2.3,-8.1,-4.2,-0.4,-2.1,0.4,-2.0,-1.5,-0.5,-1.2,-1.5,-2.4,-0.4,-1.6,-2.7,-1.3,-2.1,-5.1,-1.2,-1.3,-2.1,-1.4,-2.3,-2.1,-2.5,-1.9,-1.9,-1.2,-1.2,-1.4,-0.8,-0.6,-4.3,-3.9,-1.4,-3.7,-5.8,-5.0,-6.0,-3.3,1.8,-1.9,-4.7,-3.7,-4.7,-3.7,-5.0,-8.6,-6.1,-3.8,-3.8,-4.2,-6.6,-0.9,-2.7,-2.4,-3.4,-2.2,-0.9,-3.6,-2.0,-2.3,-3.8,-4.2,-5.3,-4.3,-4.1,-4.8,-2.8,-3.4,-0.9,-2.1,-0.6,-2.8,-2.5,-2.1,-2.2,-1.9,-2.9,-1.0,5.3,-2.8,-1.9,-12.4,-7.1,-10.4,-5.5,-7.2,-6.9,-5.4,-7.7,-9.7,-8.1,-4.9,-4.5,-2.7,-6.1,7.7,-3.1,-0.4,-2.0,-1.5,1.5,-4.4,-0.6,-2.7,-1.8,-2.9,-8.0,-0.5,-17.0,-17.0,-12.6,-18.5,-1.7,-4.5,-7.6,-9.0,-6.1,-8.6,-6.9,-7.1,-12.3,-11.2,-3.0,-3.0,-9.6,-17.6,-8.9,-1.2,-3.4,-7.4,-4.8,-2.1,-10.4,-3.5,-0.8,0.3,0.6,4.3,1.1,-4.1,-9.4,-2.6,-3.2,-6.7,-5.0,-6.0,-6.6,-5.4,-4.1,-6.7,-7.7,-5.5,-12.5,-4.5,-4.5,-5.1,-6.2,0.3,-6.4,-4.9,-2.4,-4.0
2C7L512NMR,0,48.10127,11.630113,4442459.49,2777751.98,541.2,586.9,234,7371,2.7,0.84,0.74,32.66,348.96,-0.53,-0.103,0.842,-0.6,0.1,-0.02,0.21,0.6,0.2,-0.3,-1.2,1.4,0.5,-0.9,1.1,-2.7,1.3,1.4,1.0,1.6,0.8,-1.1,4.4,3.9,-1.5,-0.7,-2.8,-0.3,-0.3,2.5,1.9,0.8,2.5,-0.5,2.7,3.9,3.5,-2.2,2.2,1.6,0.9,-3.1,-5.0,0.7,0.3,-0.1,0.2,0.8,-0.4,0.6,-3.1,0.8,0.1,-0.9,-0.3,2.3,0.3,2.0,0.4,3.0,2.4,-1.0,-1.8,-2.3,-1.4,-2.1,-0.4,0.0,-1.5,0.9,0.2,-0.0,-6.1,-0.9,0.1,0.9,-0.1,-6.9,0.7,-0.1,-0.6,-2.2,1.2,0.5,-2.3,-7.7,-10.8,-1.1,-4.2,-4.7,3.4,-0.8,2.3,0.5,-0.1,0.9,1.0,0.3,1.4,-1.4,-1.1,1.7,-2.2,-3.3,1.3,0.0,1.8,1.1,-0.6,3.1,3.8,0.8,1.9,2.1,-1.6,0.4,2.3,3.3,1.3,-1.0,-3.5,-1.5,2.3,-1.8,-1.8,-2.1,1.5,0.9,-0.3,0.7,-0.1,-0.3,1.0,0.2,-0.9,-0.2,1.1,0.0,-2.3,-2.3,3.3,-0.3,2.2,-2.8,-3.6,-1.3,-3.6,-1.9,-0.5,2.9,2.5,1.5,2.5,1.0,3.3,0.1,-10.3,-1.8,-4.0,-3.6,1.3,-2.1,-3.9,-3.6,-1.8,-0.7,4.3,2.8,-2.3,1.9,-0.7,-0.7,0.2,-0.9,-1.7,1.1,0.8,-3.5,-5.5,0.2,-3.2,-6.0,-11.4,-7.5,8.1,-4.5,-2.3,-3.0,-12.4,-3.2,-5.6,-2.7,-2.8,-1.1,-1.6,-4.3,6.1,-5.8,-1.6,-4.6,-4.1,-1.7,-2.6,-4.4,-1.9,-0.3,-2.8,-4.7,0.5,-2.6,-1.9,0.4,-3.1,2.2,1.7,-0.2,-0.6,-5.8
2C7L512NMg,0,48.101382,11.630991,4442524.61,2777765.94,541.8,587.5,234,7386,4.0,0.68,0.49,32.66,348.96,-0.53,-0.103,0.842,0.7,0.2,-0.77,0.31,1.4,0.3,-0.3,6.4,-4.5,5.1,2.3,4.5,4.2,3.9,2.8,0.2,12.8,2.9,9.4,7.9,1.8,6.5,5.9,-10.9,-13.8,-11.7,6.7,-6.6,-7.4,-8.7,-4.0,-4.0,-4.2,-5.8,-5.5,-1.1,-9.8,-7.7,-4.5,-7.6,-12.9,-0.9,0.8,-14.7,2.0,3.6,5.3,4.9,4.3,3.4,0.1,-0.7,3.1,-1.4,-4.0,1.8,2.2,3.4,3.0,1.4,2.8,2.2,2.0,2.0,3.4,0.6,3.4,4.3,4.1,5.6,2.9,-1.8,1.6,2.8,3.6,3.9,3.2,3.0,2.3,3.6,2.6,2.5,3.3,2.7,3.7,1.3,1.0,3.5,1.5,4.1,0.6,3.3,1.5,4.3,6.0,3.1,4.9,2.1,3.8,3.5,1.7,-0.6,2.9,11.2,8.5,4.9,5.1,-0.7,5.1,8.8,6.3,5.3,-3.0,-3.4,-3.6,2.4,-0.8,5.5,8.0,8.9,7.5,1.1,3.3,1.1,0.8,6.3,0.0,3.9,1.6,0.9,2.7,2.1,7.4,-1.7,3.8,5.1,2.7,12.4,1.9,5.2,0.5,0.5,2.9,0.6,6.7,2.1,6.0,-1.4,-0.9,0.9,2.3,0.9,1.6,4.1,1.1,-1.4,2.9,2.1,-2.6,2.0,1.6,5.1,8.3,0.8,1.5,6.1,2.9,2.0,4.4,2.3,2.7,-0.1,1.8,2.3,-1.0,1.4,5.7,2.2,0.6,4.0,7.9,6.7,4.7,4.9,4.0,0.8,10.1,5.4,1.5,-0.6,1.0,4.9,-2.7,3.3,3.7,0.9,0.4,6.5,9.3,4.5,0.6,1.3,6.1,0.5,-2.9,0.3,-1.3,3.2,3.7,5.4,7.2,5.5,3.0,5.5,2.5
2C7L512NMh,0,48.101407,11.631183,4442538.86,2777768.99,548.3,594.0,234,7387,2.2,0.77,0.27,32.66,348.96,-0.53,-0.103,0.842,-1.7,0.1,2.1,0.18,1.1,0.1,-0.3,-4.5,-0.5,-2.9,-5.4,-1.6,-3.0,-0.1,-2.0,-0.2,-2.0,-1.6,-1.3,2.2,-2.5,1.3,1.2,1.3,0.6,0.8,-0.3,-0.7,0.7,0.5,4.8,1.3,3.8,0.4,1.5,1.4,-0.2,-4.4,-1.9,-2.3,-1.3,-0.7,-0.2,5.6,-7.4,-6.8,-6.7,-6.1,-7.1,-6.8,-8.6,-7.7,-8.9,-10.6,-9.1,-10.9,-8.4,-8.6,-8.8,-10.5,-9.9,-9.6,-12.3,-10.4,-10.2,-9.1,-11.5,-9.6,-9.2,-8.6,-9.6,-11.6,-9.4,-10.2,-7.4,-10.2,-10.3,-10.6,-11.7,-11.2,-9.5,-10.4,-9.5,-10.3,-9.4,-10.4,-9.5,-10.8,-9.5,-9.1,-9.2,-8.3,-10.0,-9.9,-7.8,-10.4,-7.8,-11.5,-10.2,-10.2,-11.2,-13.1,-11.1,-6.3,-5.3,-10.7,-9.7,-12.0,-7.7,-8.9,-9.9,-9.0,-9.4,-10.0,-10.0,-11.7,-9.0,-7.5,-7.8,-7.8,-7.7,-8.8,-9.3,-8.8,-10.4,-8.9,-8.7,-7.9,-10.5,-10.6,-10.4,-10.9,-7.9,-10.3,-8.3,-10.0,-10.8,-9.2,-10.9,-9.2,-9.5,-11.1,-10.1,-11.8,-12.3,-6.9,-10.4,-10.1,-12.4,-12.1,-11.4,-10.1,-10.9,-9.1,-11.1,-12.6,-11.5,-11.9,-13.0,-11.5,-11.9,-9.7,-10.0,-10.7,-10.7,-7.6,-10.5,-10.9,-10.6,-10.4,-12.1,-11.9,-9.5,-11.6,-13.2,-8.8,-7.7,-9.5,-13.2,-12.0,-11.3,-13.1,-11.2,-12.7,-10.7,-11.4,-10.8,-10.8,-9.6,-10.9,-9.5,-10.9,-12.9,-11.7,-9.9,-12.3,-13.8,-11.0,-8.5,-10.3,-10.3,-11.4,-12.7,-11.0,-12.7,-11.1,-12.3,-9.4,-10.6,-10.7,-7.1,-8.6,-12.1,-11.4,-10.0
2C7L512NMi,0,48.101403,11.631153,4442536.65,2777768.52,544.1,589.8,234,7388,3.8,0.67,0.5,32.66,348.96,-0.53,-0.103,0.842,-1.4,0.2,1.49,0.29,0.9,0.3,-0.3,-2.5,-0.7,-1.5,-2.5,-0.9,-3.4,-0.8,-0.6,-1.8,-3.0,-0.6,-1.7,1.2,-2.4,0.7,0.0,-2.1,-2.7,-2.0,-1.0,-2.1,-1.6,-1.2,-0.1,-3.1,1.3,-0.8,0.4,-1.0,-4.0,-3.6,-5.2,-4.4,-2.7,0.3,-0.2,1.4,-2.5,-9.2,-6.1,1.0,-3.0,-1.9,-1.4,1.4,-0.6,-6.5,-1.9,-7.9,-9.0,-2.0,-3.3,-9.9,-5.7,-7.3,-10.9,-9.5,-9.3,-6.5,-6.4,-6.6,-3.9,-7.8,-6.0,-10.3,-6.6,-9.7,-6.4,-9.3,-7.0,-12.7,-9.2,-12.6,-7.0,-3.3,-7.1,-6.0,-7.6,-7.9,-4.0,-10.7,-6.8,-8.8,-7.5,-3.9,-5.6,-7.5,-8.1,-8.6,-7.9,-9.3,-11.0,3.3,-11.1,-11.4,-14.1,-2.9,-7.7,-7.6,-7.6,-10.0,-7.6,-12.2,-5.9,-10.5,-7.2,8.9,-4.7,-6.9,-6.9,-2.7,-2.6,-4.1,-1.6,-1.4,-5.1,-0.7,-8.8,-5.2,-4.6,-6.0,-4.2,-5.9,-9.8,-11.5,-8.0,-5.4,-4.9,-9.6,-11.6,-7.0,-7.4,-10.2,-5.5,-11.6,-8.8,-15.8,-19.3,-3.9,-6.6,-2.4,-8.4,-13.1,6.1,-11.6,-7.5,-2.6,-6.3,-6.2,-9.6,-10.9,-19.9,-7.8,-11.4,-9.4,-11.3,-11.0,-15.6,2.5,-2.8,-11.9,-11.1,-11.6,-12.4,-9.1,-3.4,-3.0,-19.0,-3.7,-3.6,-6.8,-15.2,-11.1,-8.9,-12.8,-9.0,-6.3,-7.3,-10.7,-8.0,-7.4,-5.4,-5.7,-7.7,-10.8,-14.0,-11.9,-9.3,-8.5,-7.5,-10.0,-8.0,-2.0,-8.2,-8.9,0.7,-9.0,-2.7,-10.4,-5.0,-8.0,-3.0,-5.9,-8.5,-11.0,-16.4,-5.6,-8.3
2C7L512NNL,0,48.101659,11.633142,4442684.25,2777800.21,533.2,578.9,234,7427,4.3,0.61,0.47,32.67,348.96,-0.53,-0.103,0.842,-1.0,0.2,0.12,0.33,3.5,0.3,-0.3,-1.4,0.6,0.4,-0.5,-0.3,0.6,1.2,0.2,1.7,-3.2,0.9,1.1,0.7,1.9,1.2,1.2,-1.1,-1.5,1.0,-4.4,-3.2,9.4,2.3,11.2,-1.9,-4.1,-1.2,16.6,-6.2,4.8,-4.0,6.5,3.2,5.1,3.4,3.0,3.0,7.3,13.8,7.8,15.3,14.3,0.5,18.5,-2.7,-1.7,8.3,2.4,-6.1,-5.6,-4.4,-4.3,-3.6,-3.0,-2.9,-0.4,-2.4,-2.1,-0.6,-0.7,-2.6,-2.8,-3.0,-0.3,-2.6,-3.3,-2.7,-0.2,-3.2,-2.7,-2.6,-3.1,-3.4,-4.0,-5.3,-1.2,-2.9,-3.2,-1.9,0.7,1.1,2.2,-2.4,-2.9,-0.6,-0.5,8.5,3.9,4.4,7.4,0.7,3.3,2.8,-0.9,8.7,-3.4,2.6,10.0,7.9,-1.8,14.7,1.8,3.9,1.3,6.2,4.8,1.7,-0.9,-1.1,-0.2,0.2,-1.1,-2.0,-1.8,-3.5,-3.4,-3.1,-1.7,-2.1,-2.3,-2.6,-1.5,-4.4,-2.2,-2.4,-2.1,-3.4,-1.2,-3.2,-5.0,0.4,11.0,8.1,4.6,2.3,2.7,6.9,6.1,4.9,-3.7,5.3,3.0,-11.7,-6.9,1.3,-2.2,-3.2,-2.2,-1.1,1.7,-5.3,-3.8,0.4,-4.1,-2.0,-1.1,-4.3,-6.8,-5.1,-4.0,2.2,2.3,2.2,2.4,6.0,9.3,0.8,-2.4,-9.9,2.5,2.4,0.7,-4.8,-3.6,-1.0,-0.6,-2.5,-0.4,-0.1,-2.5,-4.7,-5.9,-4.1,-5.0,-4.6,-7.5,-2.0,-3.8,-1.4,-1.6,-2.3,-5.7,-10.4,-6.1,10.1,12.6,11.9,-2.5,2.1,-10.7,-10.8,-2.1,-3.2,-3.1,-2.2,-4.0,0.3,-2.5
2C7L512NNM,0,48.101678,11.63329,4442695.22,2777802.55,537.7,583.3,234,7428,1.4,0.93,0.32,32.67,348.96,-0.53,-0.103,0.842,-0.3,0.1,-0.07,0.11,1.3,0.1,-0.3,-0.7,0.4,0.6,0.6,1.3,-0.5,1.2,0.8,0.5,-0.6,0.8,1.0,0.9,-0.3,0.4,0.2,-2.2,-1.8,-3.5,-4.8,-4.7,-3.9,-2.3,-2.5,-3.4,-2.0,-1.6,-4.9,-4.7,-5.5,-5.3,-5.3,-5.9,-5.8,-6.4,-3.8,-1.5,-1.7,-0.1,-0.7,-0.8,-3.8,-6.7,-2.7,-2.7,-3.4,2.5,0.8,-0.5,0.6,-0.6,-0.1,-0.1,-1.6,-1.2,-1.5,-0.5,-0.1,-0.3,0.1,-1.1,-1.9,-2.4,-0.8,-1.7,-1.1,-1.7,0.1,-2.2,-2.4,-1.9,-3.0,-0.9,-1.8,-3.4,-2.0,-0.9,-1.1,-1.3,-2.7,-2.1,-3.1,-1.4,-0.2,-3.0,-3.1,-1.5,-2.3,-3.4,-2.6,-1.3,-2.5,-0.8,-5.0,-2.1,-4.5,-2.0,-1.9,-0.0,-4.2,0.7,-2.7,-2.1,-0.9,-2.5,-2.3,-0.9,-0.4,-2.3,-1.3,-2.1,-1.8,-1.1,-1.6,0.5,-1.4,-1.1,-1.1,-1.9,-1.5,-2.1,-1.1,-1.9,-2.2,-2.0,-1.6,-1.4,-2.8,-3.5,-6.5,-1.1,-2.5,-2.5,-3.7,-3.8,-3.6,-2.2,-2.3,-0.8,-0.8,-3.5,-1.4,-1.8,-2.0,-1.6,-1.9,-1.4,-1.8,-1.3,-0.5,-2.4,-3.1,-1.6,-2.6,-2.1,-1.8,-3.1,-3.2,-2.9,-1.7,-3.9,-3.5,-2.1,-2.7,-5.9,-1.4,-3.4,-8.2,-5.1,-3.0,-2.9,-3.5,-1.3,-1.6,-1.3,-0.7,-1.4,-0.4,-1.3,-2.3,-1.4,-2.2,-1.8,-1.5,-1.5,-4.1,-2.2,-3.9,-4.0,-4.8,-5.0,-4.4,-1.9,-5.7,-3.3,-2.6,-3.6,-4.9,-1.6,-7.3,-3.3,-2.8,-2.1,-2.2,-0.4,-3.6,-1.5,-4.5
2C7L512NNP,0,48.101711,11.633547,4442714.28,2777806.63,542.5,588.1,234,7431,2.9,0.82,0.39,32.67,348.96,-0.53,-0.103,0.842,-0.2,0.1,-0.19,0.22,0.4,0.2,-0.3,-1.0,-1.2,-0.1,-0.7,1.4,-0.8,-1.1,-0.5,-0.8,1.5,1.1,-1.1,0.3,0.6,-1.3,-0.8,-1.0,-1.8,-1.8,-1.5,-1.6,-0.9,0.9,0.4,-0.6,0.8,3.6,1.7,8.9,-3.1,-2.5,-5.2,-6.1,-5.7,-3.9,-2.6,2.9,-0.8,0.6,-0.1,2.9,5.3,-1.5,-0.7,-0.4,2.2,0.9,1.9,-1.6,-1.1,-1.8,0.2,-0.6,0.3,-0.3,0.9,0.3,0.7,-0.1,-2.1,-1.4,-0.2,-2.8,-2.5,-1.4,2.3,-3.3,1.0,-1.6,-1.4,-0.1,-2.9,-2.9,-2.0,-2.9,-1.2,-0.8,-0.2,-0.2,-1.6,-1.8,-2.3,0.4,0.5,1.0,0.1,-1.8,-3.7,-3.0,-0.7,-2.7,5.1,-0.4,-3.2,-1.6,-12.9,3.8,-3.1,-0.9,-3.2,0.3,2.1,-1.2,8.0,1.4,-0.2,0.7,2.8,0.8,-0.0,3.1,3.6,3.6,1.3,2.3,1.3,4.3,-0.5,6.0,-2.5,-3.1,-2.1,-5.0,-1.8,-0.5,2.1,-0.6,-5.9,1.3,-4.2,-10.9,1.2,8.4,-2.7,-4.6,-1.5,-1.7,-3.1,0.5,2.3,-1.6,-3.3,-1.3,0.3,-0.3,-0.7,1.3,-4.8,-2.3,-4.7,-1.2,-1.2,0.2,1.8,-1.9,1.2,0.6,3.1,8.4,4.7,-2.1,-2.8,-0.1,-5.4,-3.0,3.9,5.6,-7.2,3.5,-0.7,-1.8,-3.7,1.8,-2.0,-2.7,-1.6,-5.1,-2.6,-3.9,-1.7,-0.7,1.8,2.4,-0.4,-0.5,-2.7,0.2,0.5,-2.8,-6.1,0.6,2.5,5.4,-0.6,-2.5,-2.1,-2.5,-3.2,1.2,-3.2,-0.4,-5.2,-1.3,-0.1,-0.1,-1.4,-5.6,-5.0
2C7L512NNe,0,48.101808,11.634307,4442770.68,2777818.74,537.3,583.0,234,7446,2.2,0.87,0.33,32.68,348.96,-0.53,-0.103,0.842,0.0,0.1,-0.34,0.17,1.3,0.1,-0.3,-1.0,0.6,0.5,1.2,1.8,-0.9,1.1,0.4,0.1,1.9,0.9,1.0,-0.8,-1.2,-0.7,-0.3,0.4,-0.8,-1.9,-1.8,-3.6,-3.5,-1.2,-0.1,0.6,-1.4,-2.4,0.3,-1.1,-4.7,-1.5,-5.2,-5.0,-4.0,-4.8,-6.8,0.5,-1.1,-8.8,-0.0,0.6,-1.5,-2.7,1.8,-1.1,-0.7,-2.4,-0.6,-0.3,-0.4,2.6,1.7,1.3,-0.4,-0.9,0.5,1.1,1.4,0.1,1.5,-1.2,-0.7,1.1,-0.0,1.2,-2.9,0.1,-0.1,1.6,0.3,0.6,-0.4,2.1,3.0,-0.4,1.1,2.8,0.2,0.3,0.2,0.1,-2.2,0.2,-1.6,0.3,-1.8,0.1,-1.7,-2.7,-1.9,-1.7,-3.4,-1.1,-3.4,1.7,-3.1,-2.8,-2.3,-0.3,-1.9,0.6,-2.0,0.6,1.7,-0.4,-0.5,0.5,-1.3,1.7,-1.1,2.6,0.9,1.1,-0.3,1.3,1.7,-0.5,-0.4,-0.1,0.7,0.8,0.1,0.6,-0.6,0.6,2.5,0.6,0.5,-0.3,-1.7,0.7,-1.1,-0.2,-1.8,-2.2,-3.3,-2.3,0.5,2.6,2.8,-1.0,-2.4,-2.4,0.7,1.2,1.7,0.2,1.0,1.4,3.7,2.3,-1.1,0.9,-0.4,-0.2,0.8,-0.5,-1.6,-0.9,-0.7,-1.6,-2.0,-2.3,-1.9,-3.9,-0.3,2.3,-3.8,-2.2,-0.4,-0.1,-2.7,-4.7,-2.5,0.2,1.0,-0.5,0.8,5.0,0.1,1.0,0.9,-0.8,-0.3,0.4,-0.9,-1.9,-1.0,-0.1,-0.6,-9.4,-0.5,-0.3,-7.0,-9.6,9.5,9.3,-1.4,5.5,-0.1,-3.7,-6.5,-1.8,-1.4,-2.3,-4.5,4.6,-0.4
2C7L512NOV,0,48.102216,11.637482,4443006.16,2777869.23,544.7,590.4,234,7499,1.5,0.94,0.21,32.69,348.96,-0.53,-0.103,0.842,-0.6,0.1,-0.27,0.11,0.4,0.1,-0.3,0.8,-1.4,1.2,0.4,-0.2,-0.8,-0.2,-0.3,0.1,-2.3,0.0,-0.0,-0.8,-0.5,-1.0,0.1,-1.5,-1.1,-3.0,-3.8,-1.9,-0.4,0.9,0.7,2.6,0.7,1.0,2.4,1.5,0.3,2.4,-4.1,-3.6,-6.8,-4.6,-1.3,-2.1,-1.2,0.1,-0.2,0.9,0.1,-1.3,-0.8,0.9,-1.2,1.1,-2.7,-0.0,-2.2,1.0,2.4,2.1,0.9,1.6,-0.1,-0.3,-1.1,0.4,0.5,-0.2,-0.8,0.4,0.0,0.1,-2.5,-0.9,-2.3,-1.2,-1.7,-1.4,-0.5,-0.8,-0.3,-3.3,-1.8,-1.9,-2.1,-2.6,-2.1,-3.8,-1.5,0.4,-0.9,-1.1,-1.3,0.4,-1.6,-1.7,-2.6,-2.7,-2.9,-2.4,-5.6,-0.9,-4.0,-1.6,1.1,-0.0,-1.7,-1.1,-1.8,-2.1,-0.9,-0.8,-1.7,-2.1,0.0,-2.5,-2.0,-1.6,1.0,-0.4,0.7,-1.7,-2.0,-0.5,0.1,-0.6,-0.5,0.4,0.5,-0.4,-1.7,-0.8,0.5,0.8,-1.0,-2.8,-0.7,0.9,-1.4,0.9,-0.6,-1.5,-4.2,-1.8,-1.0,1.0,1.2,-1.9,-2.2,-1.0,-1.9,-0.6,-1.7,-1.7,-1.2,-0.7,-2.0,-0.6,-1.9,-1.0,1.1,1.0,0.0,-1.0,-4.4,-1.3,0.2,-1.7,-1.5,-2.1,-4.0,-2.8,1.4,-0.8,-4.7,-2.5,-1.6,-2.0,-4.0,-5.9,-5.3,-1.7,-2.3,-4.4,-2.2,-3.8,-3.2,-3.5,-3.4,-2.2,-2.1,-2.0,-2.9,-2.6,-3.4,-2.9,-5.6,-3.1,-4.1,-3.7,-3.8,-2.3,-4.0,-3.1,-3.6,-3.7,-3.6,-2.6,-3.1,-2.6,-2.1,-2.1,-3.8,-3.1,-3.9
2C7L512NL5,0,48.100662,11.625235,4442097.56,2777676.42,538.8,584.5,234,7287,3.7,0.69,0.44,32.64,348.96,-0.529,-0.103,0.842,-0.5,0.2,-0.36,0.29,2.1,0.2,-0.3,-1.7,0.4,1.6,1.9,0.6,1.7,1.0,-1.9,-0.6,-4.5,-4.2,4.4,-1.6,-0.7,-0.8,-1.4,-0.2,-1.8,-1.2,-1.4,-5.0,-2.8,-2.2,-1.2,-1.3,-2.7,-4.3,0.7,-1.1,5.2,-7.5,-12.5,-7.0,-2.7,-8.1,0.6,0.1,-0.2,1.7,1.1,-6.0,-3.8,-2.2,-0.8,-4.6,-4.4,-6.8,-1.6,2.2,6.0,0.9,-0.6,0.6,-0.4,-1.1,0.0,-0.7,2.9,-0.3,1.1,0.5,-0.9,3.1,0.4,2.2,0.4,-0.1,0.8,0.3,1.4,2.3,-4.0,1.2,-1.5,-3.3,-0.6,1.9,0.2,1.5,0.6,-0.4,-1.4,-4.8,-2.8,-3.5,-0.6,-6.1,-6.3,-1.1,-2.4,-5.9,-0.8,-0.4,-2.4,-6.1,-5.8,0.3,0.5,-10.1,-0.8,-0.1,10.2,-6.0,-1.8,4.1,-10.1,2.1,-7.4,-1.9,-2.3,4.7,-2.2,-2.6,1.0,-0.6,0.1,-1.2,-0.7,-0.8,-0.2,2.6,-1.0,-1.9,-0.9,2.2,7.8,-2.2,6.2,-5.6,-2.0,-5.3,-1.7,-4.6,-6.1,-1.6,-16.7,-11.8,-8.8,-1.3,3.9,2.3,-1.9,1.1,-4.2,-2.2,-6.3,1.6,-5.3,-4.4,0.7,2.7,-3.3,-2.7,-0.3,-2.6,-1.7,-1.9,-2.1,5.5,-3.1,-2.5,-3.9,-0.1,-5.3,-7.5,-2.2,-0.4,-8.3,-9.7,-1.9,-2.6,-3.1,-2.9,-3.1,1.1,-7.6,1.8,-1.2,5.7,2.8,-2.6,0.1,1.4,-0.8,-1.1,-9.7,-11.1,-8.3,0.5,-2.9,-13.7,8.1,5.1,-8.2,0.9,-18.5,-9.4,-5.7,-8.5,-6.4,-6.7,-7.6,-2.5,-3.0,4.4,-1.5,-2.7,1.1
2C7L512NLB,0,48.100717,11.625663,4442129.31,2777683.22,540.5,586.2,234,7293,4.7,0.53,0.45,32.64,348.96,-0.529,-0.103,0.842,-0.6,0.2,-1.12,0.36,1.9,0.3,-0.3,-2.8,-7.4,-4.2,-4.2,-3.0,-4.8,-7.3,-2.1,-5.0,3.9,-8.7,-6.3,-11.6,-2.0,-2.1,-1.5,1.1,-1.4,4.9,3.8,-1.6,6.4,12.3,9.8,12.3,11.1,11.3,2.7,8.6,-0.0,-5.5,0.1,4.5,0.3,0.7,2.3,0.4,2.8,7.3,8.0,8.3,9.5,1.8,9.7,5.4,9.1,-0.1,5.0,5.7,-4.1,11.6,3.5,2.4,4.8,2.7,8.7,6.0,8.1,7.3,12.7,2.8,8.1,1.8,4.6,-4.9,0.5,2.2,6.9,3.8,4.1,5.4,5.2,4.6,3.5,2.2,2.7,0.8,0.9,2.5,-10.6,-0.5,0.9,-3.4,-1.5,-8.5,-0.6,1.8,2.0,2.5,-1.7,2.6,-2.6,-3.3,3.6,-0.6,-6.9,14.7,9.4,-1.1,2.2,1.5,-0.7,2.7,2.7,1.5,0.8,9.1,7.8,9.3,1.3,6.3,1.4,4.0,6.1,4.3,8.3,8.6,3.9,7.6,2.9,4.1,2.7,-4.3,-4.1,-1.3,7.9,3.3,1.7,0.6,-1.1,3.4,3.9,-1.6,2.0,1.7,1.8,2.7,4.5,3.9,-9.5,14.6,5.5,-2.3,4.1,6.9,9.9,-4.1,8.7,3.1,3.2,1.3,5.0,3.2,2.8,2.0,0.1,0.2,-1.6,-1.3,2.6,3.5,4.4,1.0,-1.2,3.2,12.9,11.7,5.0,2.5,3.2,-2.8,0.6,-3.1,0.3,12.7,-0.7,-7.8,-5.9,-2.1,-3.4,-0.8,-0.7,0.0,-1.2,-3.6,-1.9,-8.6,-4.7,-2.7,-5.3,-3.2,-4.9,-5.7,4.9,0.4,2.0,2.9,-1.5,4.5,11.2,2.5,-9.5,1.7,-2.5,-0.9,2.2,-1.8,4.8
2C7L512NLK,0,48.100796,11.62628,4442175.06,2777693.03,546.5,592.2,234,7302,2.0,0.9,0.28,32.64,348.96,-0.529,-0.103,0.842,-0.6,0.1,-0.01,0.15,0.9,0.1,-0.3,3.1,0.6,-0.3,0.6,0.8,-1.5,-2.0,0.6,2.0,-1.1,0.9,-1.4,0.5,1.9,0.8,1.9,1.5,2.0,1.7,3.2,0.6,2.5,1.6,1.4,1.8,1.7,2.4,-2.6,0.2,1.3,-10.5,0.3,-3.2,-0.1,0.8,2.0,1.2,2.1,4.8,2.5,0.2,-0.9,2.6,5.0,3.8,3.5,-2.4,-1.0,0.6,2.4,0.8,1.9,0.9,0.9,-0.6,1.0,-0.5,1.4,-1.4,-0.2,-2.9,0.3,-1.4,-1.9,-6.7,0.8,-1.7,-0.8,1.3,2.6,-2.6,-1.4,-2.7,-1.0,1.0,-0.8,0.2,3.4,-0.0,-0.6,0.4,0.4,1.8,-0.3,2.3,0.0,1.3,0.7,3.8,1.2,-0.4,-2.2,-3.2,5.1,1.3,0.1,0.1,0.6,0.5,1.6,0.2,-0.8,2.0,3.1,3.5,0.7,1.6,-0.8,3.3,-0.4,1.3,-0.1,1.1,-1.0,0.4,-0.6,-3.5,-0.9,-1.9,-0.4,-6.2,-1.7,-2.4,0.1,0.6,1.6,-2.5,1.2,-0.5,-1.0,0.6,2.4,-3.1,1.1,0.2,0.0,2.5,2.8,3.1,3.1,-2.6,-1.3,0.2,-1.8,-0.0,-0.7,-2.1,0.7,-1.3,0.3,-2.3,-2.7,-0.7,-0.8,-0.1,-1.0,-0.3,0.4,0.2,2.0,-0.6,-2.1,-0.1,-2.6,-1.8,2.2,-0.4,-3.9,0.8,0.2,-1.2,-2.5,-3.7,-2.1,-4.8,-6.3,-2.8,-1.2,-11.4,-2.0,-0.3,-1.3,-0.7,-2.5,-1.8,-0.2,-0.8,-1.2,0.9,-4.0,-1.1,-1.5,1.0,-2.2,-1.9,0.4,-1.3,1.3,-3.2,0.5,-2.6,0.0,-1.4,-2.3,-1.2,-2.9,-2.0,-0.1
2C7L512NLp,0,48.101004,11.627898,4442295.14,2777718.8,540.3,586.0,234,7333,2.1,0.9,0.34,32.65,348.96,-0.529,-0.103,0.842,-0.0,0.1,-0.35,0.16,0.8,0.1,-0.3,-0.9,-0.6,-1.5,1.5,-0.1,-5.8,0.1,2.6,-1.7,-0.5,-0.1,-4.4,-3.0,0.3,-0.8,0.5,-0.1,-0.2,-0.2,2.2,-0.2,0.8,-0.8,0.6,-1.0,1.8,-0.2,0.6,-0.3,-2.5,-0.5,-4.6,-7.8,-6.2,-2.2,-2.2,-0.7,0.1,2.4,-0.3,-1.9,-0.6,-2.5,-0.9,-0.8,-1.8,-0.6,-1.8,-0.5,0.4,-1.4,-1.0,0.3,0.2,2.4,2.7,0.5,3.4,0.6,1.3,0.4,0.6,0.9,1.7,12.5,3.3,-0.4,-8.5,0.2,-0.3,1.3,-0.8,-0.3,-1.9,-1.2,0.3,-2.5,-2.3,1.4,-0.2,-0.3,0.6,0.0,-0.7,0.6,-1.6,-0.8,0.6,-1.9,-0.7,-3.7,-1.4,-2.7,1.3,-1.7,-2.2,-1.6,0.7,-1.3,-0.7,-3.4,-0.6,-0.7,-1.0,-2.1,0.2,0.0,0.2,-1.4,-0.9,-1.5,-0.5,-1.3,-0.8,-0.5,-0.7,-0.6,0.6,-0.5,1.7,0.8,0.3,-1.5,-1.4,0.1,1.2,-1.2,-1.1,-1.3,-1.7,-2.9,0.1,2.8,1.5,-0.3,-5.7,-0.7,0.1,4.1,3.1,7.7,-0.8,-0.1,-0.7,-2.1,1.1,-2.7,2.0,-0.5,0.2,1.2,1.3,-2.4,-1.9,-1.6,-1.6,-1.3,-1.0,2.6,3.6,-1.0,-0.9,0.9,-2.9,-2.0,3.2,-1.9,-4.1,0.3,-0.4,-0.1,-1.1,-3.2,-0.1,0.2,2.9,0.7,1.2,8.3,2.3,-1.1,-0.2,-0.4,-1.1,-2.1,-0.4,-1.1,1.1,-2.3,-4.8,-2.7,-1.0,-0.1,-4.6,-2.2,-1.1,-1.7,-1.2,-1.4,-2.7,0.1,-1.5,-1.0,-0.4,-0.7,-2.5,-1.8,-1.2
2C7L512NLy,0,48.101064,11.628363,4442329.61,2777726.2,536.7,582.4,234,7342,2.5,0.76,0.35,32.65,348.96,-0.53,-0.103,0.842,0.4,0.2,-2.05,0.22,1.2,0.2,-0.3,-4.0,-3.8,0.4,-0.9,-3.7,-3.9,-2.7,-1.5,-2.1,0.0,-1.8,-3.4,-3.3,-2.0,5.2,4.8,12.2,8.9,9.5,13.3,6.5,9.5,9.3,9.6,13.9,11.0,10.7,10.7,10.8,7.2,7.8,6.9,7.2,7.9,10.4,7.2,11.0,10.2,11.6,10.0,10.0,9.7,4.2,9.2,11.0,9.8,9.4,8.6,6.1,4.3,9.8,10.3,8.5,9.1,9.9,10.4,10.2,10.8,10.8,9.7,10.8,8.9,13.7,7.9,11.5,11.2,5.3,6.1,7.9,11.3,7.5,11.6,11.9,9.0,11.9,11.4,11.0,9.8,8.9,11.9,10.1,8.7,12.3,12.7,10.0,9.1,12.3,10.4,12.6,12.6,11.9,14.0,12.6,14.8,16.2,10.9,5.6,15.8,11.8,12.8,11.1,21.3,14.8,10.3,10.7,10.6,11.7,9.3,9.7,7.2,9.2,10.0,10.5,10.0,11.0,11.3,8.1,8.5,8.9,10.9,14.5,11.0,10.8,9.7,9.9,11.3,10.1,10.9,9.4,8.1,9.2,9.4,9.9,10.4,8.6,7.3,9.3,10.5,11.8,11.9,10.9,8.8,9.2,9.8,9.6,9.3,11.9,9.8,9.5,10.7,10.6,8.0,9.5,9.8,8.6,8.9,9.4,9.0,10.0,9.2,8.1,9.2,9.1,8.3,8.8,11.4,10.7,7.9,9.6,10.5,9.6,6.9,6.9,8.0,9.4,12.3,10.5,11.7,10.0,10.6,9.3,9.7,8.9,6.2,8.5,7.2,9.3,8.8,8.1,6.5,7.1,8.2,7.8,8.3,9.3,9.9,7.2,8.3,9.1,7.4,9.9,7.4,8.7,9.2,9.2,9.4,8.4,5.1
2C7L512NMZ,0,48.101424,11.631173,4442538.09,2777770.85,570.5,616.2,234,7379,3.0,0.77,0.48,32.66,348.96,-0.53,-0.103,0.842,-0.3,0.1,-0.1,0.23,2.4,0.2,-0.3,-0.1,-2.4,1.1,-4.0,-0.1,-0.1,-1.3,2.2,0.7,-0.5,1.5,0.1,4.8,1.6,3.3,3.0,3.9,1.0,1.6,1.5,2.3,3.9,2.5,6.9,4.1,4.8,2.7,3.4,6.8,3.8,0.4,0.8,-1.3,1.9,0.0,3.4,9.7,6.5,7.0,4.3,0.4,1.1,6.8,3.1,4.1,3.1,-1.0,0.0,-0.9,1.6,3.0,2.1,1.5,5.7,4.3,-2.0,12.0,2.5,7.0,2.4,3.9,-14.4,-0.8,1.0,-0.6,-4.4,-0.6,0.0,4.3,1.5,-1.7,-1.0,-0.5,-0.3,2.1,-4.9,3.1,1.9,-2.6,-0.9,1.5,-2.4,4.2,-0.5,1.6,3.1,6.8,3.1,6.4,5.3,2.4,0.8,2.2,0.2,5.5,10.5,5.3,8.9,4.3,2.8,4.3,7.8,3.0,7.0,5.2,-2.2,5.3,-0.5,3.0,7.3,0.9,3.9,0.3,2.7,1.0,-4.6,0.4,2.1,3.1,-1.5,1.4,-1.3,1.9,1.3,-2.0,-2.3,2.3,-1.7,3.2,4.1,1.3,3.2,8.0,0.1,5.9,2.3,4.7,4.6,4.6,7.0,1.4,0.3,3.6,2.3,0.3,-0.4,-3.1,1.4,1.4,-0.7,-4.6,-5.3,0.3,-0.1,0.3,0.9,-2.2,1.8,6.2,5.6,6.2,4.2,1.8,0.2,5.0,5.9,-0.3,2.8,5.9,6.6,4.1,4.0,-4.2,-2.9,-0.7,-10.1,1.7,1.0,-10.7,-5.3,-0.5,0.4,3.1,1.8,-3.2,2.5,2.8,3.7,0.3,-0.6,0.8,1.8,3.7,1.2,3.5,0.6,3.3,6.4,2.3,2.0,2.5,2.2,-4.6,-2.2,4.1,1.1,-0.7,1.3
2C7L512NNN,0,48.101727,11.633531,4442713.0,2777808.42,546.8,592.5,234,7429,2.6,0.8,0.37,32.67,348.96,-0.53,-0.103,0.842,0.0,0.1,-0.19,0.2,2.1,0.2,-0.3,0.3,1.3,-1.8,-1.8,0.8,-0.3,0.8,0.2,2.6,0.2,1.6,1.3,-4.1,-2.2,-4.6,-0.3,-4.9,-4.0,-3.5,-4.1,-6.3,-2.8,-4.0,-1.1,-2.5,-0.9,-3.6,-6.1,-3.8,-4.6,-6.9,-6.1,-7.4,-7.2,-6.6,-3.4,-1.5,-1.9,-0.5,-0.8,-9.1,-5.0,-4.9,-1.9,-2.8,-5.7,-8.2,5.1,-1.1,1.1,0.0,1.7,0.6,-2.7,-2.5,-2.3,0.3,2.1,-0.6,0.2,0.0,-3.0,-3.4,-0.8,-2.8,-0.5,-1.3,3.4,-2.8,-1.8,-2.4,-2.5,-1.2,-1.6,-2.0,-0.1,-1.6,-7.2,-3.7,-4.8,-6.6,-5.4,-6.8,-7.1,-6.2,-4.6,-0.3,-1.3,-3.4,-2.7,-3.9,-6.6,-8.7,-6.1,-2.0,-6.1,-4.8,-1.0,-0.5,-6.4,-9.3,-4.7,-4.1,-3.4,-3.2,-2.8,-3.2,-4.1,-6.2,-5.3,-2.4,-4.1,-3.7,-3.3,10.8,1.6,2.8,1.1,0.5,0.3,-0.9,0.7,0.2,-1.1,-1.2,-0.1,0.7,-4.7,-5.2,-5.9,-3.6,0.0,-0.8,-2.5,-2.2,-1.7,0.7,-2.7,-0.5,0.8,-2.2,2.0,-0.7,2.3,0.6,-0.9,-1.4,-1.1,-0.4,-0.6,-1.4,-2.3,-0.9,-0.9,-0.7,0.6,-1.8,5.0,-1.6,-4.8,-3.1,-3.1,-2.2,-4.5,-3.9,-0.5,-5.3,-5.3,-5.5,-3.9,-2.4,-4.2,-8.5,-3.2,-2.0,-2.2,-0.7,0.5,-4.6,-0.5,-1.0,-0.3,-3.8,0.6,-1.6,-0.4,-0.2,-2.5,-5.4,-7.4,-8.6,-4.0,-2.8,-4.8,-4.2,-2.7,-2.9,-4.8,-4.3,-6.8,-9.5,-0.8,1.1,0.7,2.8,4.7,2.3,-8.6
2C7L512NNd,0,48.101825,11.634295,4442769.72,2777820.59,541.9,587.6,234,7445,2.1,0.88,0.34,32.68,348.96,-0.53,-0.103,0.842,-0.4,0.1,-0.34,0.16,1.4,0.1,-0.3,0.4,0.1,-1.1,0.1,-0.4,-1.6,-0.5,-1.1,-0.8,2.7,-1.0,0.3,-0.1,-1.9,-1.0,0.4,-0.8,1.2,-2.1,-0.1,-1.6,-1.9,-5.5,2.2,-2.3,1.6,-4.7,-7.7,-2.4,-2.9,0.3,-4.4,-7.9,-5.8,-5.7,-6.7,-0.7,2.0,-3.0,3.7,-0.2,1.7,-1.8,-1.7,-13.0,0.5,0.7,1.6,1.1,1.7,1.8,0.3,-0.4,1.3,-0.7,0.7,0.0,-0.5,-1.8,0.3,1.4,0.5,-1.8,-0.6,1.8,0.2,-1.5,0.9,0.2,-3.2,1.0,-2.1,-0.4,-2.4,0.3,-0.7,-1.8,-1.4,-0.3,-1.7,-1.6,-4.4,-2.7,-1.9,0.4,-3.7,-1.3,-2.0,-3.7,-3.1,-2.2,-1.4,-3.3,-4.6,-4.6,-3.5,1.7,-3.1,-5.1,-3.6,-2.9,-3.8,-1.2,-0.5,-3.3,-1.4,-0.6,-2.2,-1.3,-1.0,-1.0,-2.9,-0.8,-3.3,-3.0,0.5,-1.6,-1.3,1.3,-1.3,-4.6,-1.4,-0.4,0.2,1.9,2.4,-0.7,-1.5,-1.1,-3.2,-3.8,-3.0,-0.4,1.2,-0.8,-0.3,-1.6,-5.4,-5.2,-1.3,2.4,-3.3,-3.9,-2.3,-2.5,-1.1,0.9,0.1,-0.0,1.6,0.4,-1.2,0.1,0.9,-1.3,1.2,-1.3,-4.7,-0.9,-1.0,-2.3,-2.6,-1.1,-5.6,-5.9,-2.8,-4.0,-7.0,-3.6,-4.5,-4.7,-4.9,0.1,-0.8,-2.7,-3.5,-1.9,-0.2,-1.6,-0.7,-0.6,0.1,-2.3,-2.4,-3.7,-3.7,-3.4,-1.9,-2.6,-6.7,-2.5,-3.5,-4.7,-7.8,1.4,-9.2,-4.5,-5.0,-3.3,-6.7,-2.7,-2.2,-2.9,-3.2,-4.3,-6.1,-0.4,-0.1
2C7L512NO7,0,48.102038,11.635953,4442892.75,2777846.99,538.6,584.3,234,7475,4.3,0.68,0.44,32.68,348.96,-0.53,-0.103,0.842,-1.0,0.2,-0.21,0.33,1.3,0.3,-0.3,2.9,1.1,-0.8,-2.9,-5.3,-5.2,0.9,-5.7,2.3,-4.4,1.7,-7.1,-8.9,-2.0,2.4,1.2,-0.9,-1.4,-1.6,-3.7,-4.6,-4.2,2.0,-1.3,0.1,-3.0,-0.8,6.6,5.1,-3.1,-5.1,-7.8,4.0,5.4,-3.5,2.6,1.3,16.7,5.5,-0.0,8.2,8.1,3.8,3.0,-3.0,17.1,-0.8,-1.4,5.6,-8.4,0.3,-7.8,14.0,2.6,-0.5,-3.8,9.7,-5.1,0.3,1.3,1.0,-2.6,3.7,-2.0,2.4,8.7,3.5,-1.4,0.4,-2.2,0.7,1.9,-8.5,-2.9,-2.4,-4.1,1.8,-5.8,-7.3,0.6,-3.5,-1.6,-7.2,1.7,-4.0,-5.9,-2.1,-0.5,-3.5,1.4,-3.5,-5.7,-3.8,-7.0,-1.3,-3.0,0.7,1.1,-0.2,-2.4,-2.2,-2.2,1.3,2.3,0.2,1.4,-0.4,2.3,-4.8,-1.0,-3.6,-2.1,-3.2,-3.8,-0.3,-4.6,-8.4,-4.2,-2.8,-1.8,1.1,-1.0,-0.8,-3.3,0.2,1.3,-0.2,1.2,2.6,-2.1,0.0,0.8,2.1,-3.0,-4.6,-4.5,-3.2,3.4,4.8,10.4,-5.3,-2.3,-2.0,-1.6,0.5,0.3,1.1,-0.7,-1.4,2.3,0.0,-0.3,-2.2,-3.7,-6.9,-3.2,-4.4,-5.0,-2.3,-2.8,1.8,-8.5,0.7,-4.5,-1.4,1.9,-4.4,-4.5,-4.8,16.1,-7.0,-6.1,-4.6,-7.1,4.8,-10.6,-7.3,-7.0,0.7,-7.8,-5.5,-4.9,-8.3,3.7,-11.7,-2.6,-3.0,-2.4,-6.3,-0.8,-7.2,-6.0,-4.4,-2.3,-2.7,-4.1,-5.4,-3.4,-6.7,-2.4,-4.7,-4.2,-5.3,-5.1,-9.4,10.6,-4.0,-0.9
2C7L512NO8,0,48.102039,11.635957,4442893.0,2777847.05,534.4,580.1,234,7476,1.8,0.92,0.36,32.68,348.96,-0.53,-0.103,0.842,-0.2,0.1,0.47,0.14,0.3,0.1,-0.3,-2.3,-1.7,-1.6,-1.0,0.0,-1.8,1.8,0.5,2.3,-3.6,1.9,-0.4,0.5,1.2,3.0,2.6,1.9,-0.4,-1.3,-2.5,-1.9,-2.5,-2.7,1.6,0.8,2.6,2.1,-2.7,-0.5,-1.0,-2.8,-4.4,-3.0,-5.5,-5.5,-3.2,-0.4,-3.9,-1.7,-0.5,1.2,-0.3,-0.4,-2.0,-2.6,-2.4,-4.7,-3.0,-1.1,-0.4,0.1,-0.1,0.4,-2.3,-0.2,-2.0,-2.7,-1.8,-0.8,-1.5,-1.6,-0.6,-7.7,0.1,-0.2,-1.7,-1.3,-3.4,-2.0,-0.9,-3.0,-0.9,-2.3,-1.4,-1.7,-2.4,-2.6,-1.9,-3.5,-2.9,-2.1,-1.2,-3.4,-3.9,-2.5,-3.9,-0.2,1.9,0.0,-1.1,-2.0,-4.2,-5.3,-6.9,-1.1,0.1,-3.2,-0.4,-0.3,-3.3,-1.4,-2.3,-5.2,-1.0,-3.2,-2.6,-1.7,-1.6,-2.7,-2.2,-2.9,-2.4,-3.6,-3.2,-3.5,-5.5,-4.1,-5.1,-3.1,-4.8,-4.3,-1.7,-0.9,-0.2,-3.4,-1.9,-2.6,-1.5,-1.4,-2.7,-0.7,-2.9,-2.7,-2.4,-4.2,-3.3,0.6,-3.4,1.4,0.6,-2.0,-1.9,-1.2,-0.8,-0.7,-2.4,0.3,-3.2,-1.8,-1.6,-4.4,-0.1,-3.4,-2.2,-2.5,0.9,-2.4,-2.8,-1.3,-7.0,-4.0,-3.8,-1.9,-5.0,-3.5,-1.3,-1.3,-4.9,-1.9,-1.7,-2.0,-1.3,-4.0,-2.4,-2.1,-2.5,-2.6,-2.9,-9.3,-1.0,-0.0,-0.1,1.4,0.2,-0.6,-1.4,-2.6,-2.4,-3.3,-3.8,-2.8,-2.2,-4.2,-3.2,-0.4,-2.5,-3.9,-4.4,-1.8,-3.7,-0.9,-1.1,-1.6,-1.3,-0.6,-1.8,-0.7,-1.7
2C7L512NOU,0,48.102237,11.637505,4443007.85,2777871.66,550.7,596.4,234,7498,2.0,0.9,0.34,32.69,348.96,-0.53,-0.103,0.842,-0.9,0.1,-0.25,0.15,0.6,0.1,-0.3,0.2,-1.2,-3.2,-3.4,-1.2,3.0,-1.8,-0.4,0.8,3.0,1.3,5.0,-2.4,1.5,-1.1,1.6,-1.0,-1.7,-3.3,-4.4,-3.6,-2.5,-1.5,1.1,-2.5,-1.1,-1.5,2.3,-1.0,-2.9,3.5,-3.7,-3.9,-4.3,-5.2,-2.7,-1.9,-0.3,0.9,-7.6,0.2,7.6,-2.6,3.1,-0.1,0.3,3.4,-0.5,-1.0,1.0,-2.6,-0.3,1.4,0.4,-2.2,-0.9,-0.4,0.7,2.1,0.9,0.7,-4.6,-1.5,-1.8,0.9,1.3,-2.5,0.1,2.2,-0.4,0.6,-2.2,-0.1,-0.2,-1.3,-2.1,0.6,-0.5,-2.8,-3.3,-1.5,-2.9,-2.6,-3.6,-2.5,-2.4,-0.5,-3.7,1.0,-3.8,-3.0,-1.2,-1.3,-5.0,-1.1,-2.3,-0.3,-1.9,0.9,-1.2,-1.6,-0.3,-0.6,0.3,-1.7,0.6,1.7,-0.0,-2.3,-0.7,-1.5,0.4,0.6,0.6,1.6,0.6,-0.1,-0.8,-0.0,-4.1,-1.7,-2.9,-4.5,-4.6,-3.9,-0.9,-4.1,-1.9,-3.7,-2.5,1.1,-2.1,-1.6,-2.3,-4.0,-4.1,-1.3,-3.9,0.2,-0.4,-1.6,-7.8,-5.4,-4.2,-2.6,-5.0,-0.1,-2.0,-1.6,-3.3,-2.4,-2.4,-0.6,-3.3,-4.0,-1.1,-5.6,1.9,-1.2,-3.4,-4.6,-5.9,-2.6,-5.5,-8.2,-0.2,-2.9,-4.3,-2.5,-1.5,-2.3,-3.8,-4.9,-2.9,-1.7,-3.0,-4.9,-4.0,-4.4,-5.3,-4.3,-2.0,-2.9,-3.6,-3.8,-3.6,-0.6,-3.9,-2.8,-4.0,-6.6,-2.1,-7.9,-2.8,-4.8,-3.2,-6.7,-4.5,-3.4,-4.1,-5.6,-5.4,-3.6,-4.3,-4.0,-6.6,-5.9,-7.0
2C7L512NMM,0,48.101251,11.629675,4442426.91,2777749.14,535.5,581.2,234,7366,4.2,0.67,0.46,32.66,348.96,-0.53,-0.103,0.842,-0.3,0.2,-0.31,0.32,1.4,0.3,-0.3,-2.2,1.3,1.3,-0.6,0.9,-5.5,1.1,-2.4,0.2,-4.2,0.9,-1.9,-1.8,-1.6,-0.9,-2.1,6.4,0.7,10.1,-2.2,-6.2,-6.3,-4.6,7.6,0.6,2.6,0.9,-6.9,8.8,-6.1,-16.2,-14.7,-4.7,-5.2,-6.5,-5.1,-3.4,2.9,-2.3,0.7,1.4,-15.1,-7.2,-7.2,-9.4,-1.3,-4.9,-3.8,2.5,-0.4,1.8,0.2,-0.4,-2.7,-0.3,1.8,-2.6,-3.4,0.7,-4.2,-1.6,-2.7,-5.2,-2.0,-15.4,-0.4,-3.2,-0.4,-2.7,1.2,-4.9,-7.3,-0.1,-3.3,-2.8,-0.8,-3.1,-5.4,-2.4,-3.9,-1.2,2.4,-2.0,-4.3,-3.1,3.0,2.3,-4.3,-12.5,-8.3,-11.2,-4.8,-9.5,-4.9,-6.2,-4.9,-3.4,-13.5,-8.3,-6.9,-5.7,-8.9,-9.9,-11.6,-4.3,0.4,-0.1,2.4,-1.9,0.8,-0.8,-1.8,-3.1,0.4,-0.6,-4.6,-1.9,0.4,0.2,1.4,-5.9,-0.1,-2.6,-0.4,-3.9,-2.0,-2.4,8.5,1.0,2.0,-4.2,-3.1,-5.6,0.0,-4.4,0.4,-5.1,3.5,-3.6,1.8,-0.3,-4.2,-6.4,-1.1,1.7,-1.4,8.1,-1.6,-4.5,-0.4,-1.1,-4.4,-4.6,1.7,-0.6,-2.7,-1.4,-1.2,-0.5,-1.8,6.8,5.8,-7.9,-17.4,-4.0,-1.7,2.3,-21.0,-4.3,-3.7,-2.7,0.2,-1.8,-1.2,-4.1,-3.9,-1.9,-4.3,-2.6,-5.3,-3.8,-5.6,-4.7,-5.3,-1.2,-1.9,-4.7,-3.4,-3.4,-6.0,-2.2,-8.6,-2.2,-3.1,-5.1,-5.8,1.0,-10.8,-6.4,-6.3,-4.8,-3.4,-0.1,-4.9,-6.3,-6.3,-6.3,-5.8
2C7L512NNK,0,48.101717,11.633306,4442696.29,2777806.91,546.0,591.7,234,7426,3.0,0.78,0.42,32.67,348.96,-0.53,-0.103,0.842,-0.5,0.1,-0.34,0.23,1.5,0.2,-0.3,-0.2,-0.7,0.7,-3.0,-0.4,4.0,-0.3,2.6,1.2,0.8,-1.9,7.0,2.1,-3.2,1.0,0.3,-0.7,-1.0,1.8,1.4,2.5,2.4,1.7,4.5,3.4,4.7,3.0,4.3,3.7,2.0,0.5,-0.6,0.1,0.4,-0.7,-1.8,5.2,5.6,5.2,5.1,4.1,3.4,2.8,3.8,2.8,0.3,2.4,0.1,0.4,3.5,0.6,5.7,0.6,2.3,-3.8,-2.3,2.7,3.8,2.0,1.6,1.1,-0.5,0.3,0.0,10.3,-4.4,-3.1,4.4,-3.6,-3.6,-0.1,-0.7,1.8,-2.0,-0.1,1.5,-0.1,0.9,3.7,-1.6,0.6,0.7,13.4,6.1,3.5,0.1,3.4,1.6,3.7,2.7,2.3,0.5,3.1,0.6,2.9,0.5,5.7,7.9,6.0,0.6,2.0,4.1,4.7,3.3,4.3,5.4,3.3,3.7,5.5,3.9,1.6,6.0,4.3,3.5,3.1,3.1,5.5,4.0,1.6,5.5,4.8,3.1,0.7,1.4,4.7,2.0,0.3,3.3,2.8,-1.6,2.5,1.2,3.9,2.1,1.5,-0.5,1.7,2.2,3.6,7.7,10.7,6.4,4.5,-5.8,-1.0,-1.7,-3.0,-5.9,-3.8,-1.7,-1.9,-3.9,-2.5,-5.3,-2.7,-5.0,0.5,2.9,4.0,2.2,-1.7,-0.8,3.7,-0.0,-2.1,4.8,0.9,0.4,4.2,3.1,3.3,1.8,-3.2,7.1,2.2,0.9,5.4,6.2,-12.9,-4.5,1.5,0.7,-11.5,0.9,-0.6,0.3,-2.1,2.0,1.1,-1.4,-3.6,2.5,4.0,-0.1,2.8,4.8,1.2,0.3,1.5,-2.2,1.1,3.9,0.1,-1.1,-2.5,6.9,1.1,-0.9
2C7L512NO3,0,48.102058,11.635965,4442893.57,2777849.22,550.5,596.1,234,7471,1.4,0.95,0.22,32.68,348.96,-0.53,-0.103,0.842,-0.3,0.1,-0.15,0.1,0.5,0.1,-0.3,0.7,0.6,-0.6,0.0,1.6,0.7,0.2,0.0,0.0,7.5,-1.0,0.0,-0.7,0.1,0.2,-0.9,0.2,-0.8,-2.1,-1.7,-1.8,-0.4,2.6,1.1,2.5,2.4,1.7,1.8,1.1,1.6,3.6,-3.1,-0.1,-1.6,-2.8,0.4,2.7,3.3,1.8,3.5,0.8,1.5,0.9,0.6,0.2,-0.6,0.2,-0.5,-0.6,1.9,-0.1,0.6,1.1,0.4,0.2,0.7,0.6,0.0,0.1,-1.4,-0.5,-0.7,1.1,-2.2,-1.8,-0.1,-2.7,-1.0,1.1,-0.4,-0.5,0.5,0.5,0.1,-0.3,1.5,-0.1,0.6,1.7,0.9,1.1,1.3,1.5,0.4,1.7,0.8,3.1,2.2,2.2,1.5,0.9,-0.5,-0.1,-0.2,1.6,0.2,2.0,4.2,3.0,1.1,0.6,1.8,2.4,3.8,2.5,1.5,0.9,0.6,0.8,1.6,2.1,0.1,0.3,-0.2,-0.2,1.1,-2.5,-0.0,0.7,-1.1,-1.1,-0.8,-0.0,0.3,1.0,1.8,-0.5,1.3,-0.2,-0.1,1.9,0.8,1.6,1.4,-0.2,0.4,1.0,0.9,1.8,1.5,-0.5,-0.2,-1.4,1.2,1.1,-0.1,0.7,0.8,0.5,0.3,-0.7,0.4,0.7,-1.0,-0.8,-0.4,-0.6,-1.7,0.2,1.1,-0.2,-4.0,-0.4,-1.8,-2.4,0.2,1.3,-2.2,0.8,1.1,1.0,-0.9,-3.4,-1.3,0.4,2.8,-0.0,-0.6,-2.6,-1.3,1.3,-1.2,0.8,-1.6,-0.5,0.5,-1.4,0.4,0.8,-2.1,-1.7,-2.5,0.3,-0.5,0.2,-0.4,1.0,0.5,-0.5,1.2,-1.6,-0.9,-0.4,0.6,-0.2,-0.4,-0.8,-0.6
2C7L512NO4,0,48.102061,11.635986,4442895.1,2777849.55,548.7,594.4,234,7472,3.1,0.8,0.42,32.68,348.96,-0.53,-0.103,0.842,-0.5,0.2,-0.08,0.24,0.4,0.2,-0.3,0.8,1.5,1.3,8.6,7.0,1.6,-5.2,-4.0,1.2,10.3,-8.3,-2.5,-2.8,11.0,-0.8,-0.2,-2.9,-1.2,-4.5,-1.7,-8.0,-1.4,5.2,0.4,1.4,0.8,-8.4,-5.3,-0.3,-0.2,1.3,-1.5,-4.5,-5.6,-6.0,-2.0,1.2,4.0,-1.8,1.2,-9.7,0.3,-1.3,0.2,-0.4,-13.3,-2.6,-1.0,-7.8,3.6,-4.8,-6.7,-2.3,-4.5,-2.6,-1.2,-1.4,2.3,-0.0,-3.2,-0.7,-3.2,2.9,-5.0,-3.1,-4.3,-3.3,-2.6,-1.6,-3.3,-5.1,-2.9,-3.4,-3.3,-3.1,-2.7,-5.2,-3.3,-2.0,0.9,-2.4,-0.8,-2.4,-2.1,-0.4,-0.5,1.8,-0.8,0.4,-0.1,1.0,-2.2,-2.0,-1.1,-2.0,-2.1,-0.2,1.2,0.8,-3.3,-2.2,0.6,1.5,-0.4,0.9,-1.1,-2.3,-1.9,-0.4,2.8,11.6,-5.2,1.1,-4.1,-2.5,-1.7,-2.7,-1.6,-0.2,-2.2,-4.8,-2.6,-1.6,-0.2,-3.4,-1.2,-3.0,-2.1,-2.7,-3.9,2.7,3.5,-1.6,-1.9,-0.4,0.0,1.4,-6.2,0.6,1.9,1.6,-0.5,-1.5,0.3,1.8,-0.4,-2.8,1.2,0.9,-1.1,-3.6,-1.5,-3.0,-2.9,-4.5,-2.3,-3.3,-4.4,-2.1,-4.6,-3.6,-7.2,-5.2,-5.8,-7.6,-4.2,-2.3,-5.5,-4.4,-4.5,-4.9,-2.0,-10.4,-3.6,-2.9,3.9,-2.3,-4.0,-4.3,-4.4,-0.4,-2.2,-2.7,-2.5,-3.1,-3.0,-3.5,-1.3,-0.9,-4.4,-4.6,-3.2,1.1,-2.7,-4.7,-3.5,-3.2,-4.6,-1.9,-0.5,-3.8,-2.8,-3.5,-3.9,-3.4,-3.0,-4.9,-4.0
2C7L512NOY,0,48.102247,11.637437,4443002.77,2777872.67,535.1,580.7,234,7502,1.8,0.91,0.3,32.69,348.96,-0.53,-0.103,0.842,-0.7,0.1,-0.08,0.14,0.7,0.1,-0.3,0.0,0.5,-0.3,0.2,0.1,3.1,0.4,3.0,1.5,-2.4,4.0,1.6,0.5,2.8,0.1,2.3,-0.4,-2.1,-3.7,-4.8,-1.6,-3.4,-1.8,-0.6,0.8,-1.2,-1.5,0.3,-1.5,-1.4,-1.7,-5.7,-2.5,-6.3,-7.2,-4.3,-3.2,-1.8,-1.2,0.2,-3.6,-2.4,-3.5,-2.3,-4.7,-3.8,-4.8,-5.7,-4.5,-3.1,-2.8,-1.6,-2.5,-2.6,-3.5,-2.3,-3.0,-1.8,-2.3,-0.7,-2.4,-2.3,-1.5,-3.0,-3.9,-5.8,-4.5,-1.0,-2.6,-3.5,-1.7,-3.4,-1.0,-2.6,-1.3,-1.7,-0.2,-1.9,-2.8,-3.3,-2.4,-4.6,-2.1,-2.5,-4.1,-4.2,-0.8,-2.2,-4.6,-2.7,-3.0,-3.7,0.1,-6.5,-1.4,-3.2,-1.5,-0.9,0.2,-1.4,-1.9,-2.5,-3.3,-1.7,-2.6,-3.0,-1.1,-1.4,-2.2,-1.6,-1.7,-2.6,-2.1,-1.8,-2.6,-1.4,-2.0,-1.5,-1.4,-0.5,-3.7,-1.7,-2.1,-1.7,-2.2,-0.8,-0.7,-1.0,0.1,0.3,-0.2,-1.4,-2.5,-3.2,-3.7,-6.3,-3.1,-3.7,2.1,1.3,-1.3,-6.0,-4.8,-2.7,-3.4,-3.5,-0.9,-1.9,-4.0,-0.6,-1.6,-3.1,-1.4,0.8,-5.2,-4.1,-4.3,-4.7,-4.1,-4.5,-3.4,-4.5,-4.1,-7.3,-7.5,-3.6,-3.1,-7.2,-3.8,-5.1,-4.3,-4.5,-4.9,-3.2,-1.4,-1.5,-3.2,-2.3,-4.7,-2.9,-1.4,-4.1,-5.4,-6.7,-5.3,-1.7,-4.4,-2.0,-4.9,-5.1,-6.8,-7.7,-5.6,-4.9,-3.8,-3.3,-4.9,-3.7,0.3,-5.4,-4.6,-5.3,-5.2,-5.5,-5.3,-7.7,-4.8,-4.0
2C7L512NLL,0,48.100835,11.626292,4442175.91,2777697.35,544.8,590.6,234,7303,3.8,0.7,0.48,32.64,348.96,-0.529,-0.103,0.842,0.3,0.2,0.05,0.3,0.5,0.3,-0.3,5.8,3.2,0.6,1.9,-8.6,-2.0,-1.4,-0.5,0.4,2.0,1.6,-1.6,-0.4,2.1,-1.9,-3.6,0.1,-7.9,-4.1,10.4,-2.7,-3.1,-1.2,2.4,2.7,4.9,0.6,0.9,1.4,-2.8,-11.5,-5.9,-2.4,-4.6,-0.8,-13.6,4.9,-10.1,10.8,2.5,-0.2,1.1,-1.9,-11.3,2.1,-1.2,-1.4,-3.4,0.9,0.9,2.3,2.5,-0.2,-0.7,-0.6,-0.9,-1.5,5.0,-0.4,3.1,0.8,-1.1,0.1,-1.2,-6.1,-0.9,2.0,-3.3,-0.3,2.8,-1.5,1.1,-1.4,1.1,-3.5,-0.9,-1.7,-1.2,-2.6,1.3,-4.4,0.3,-3.8,-1.2,3.6,-0.5,1.1,2.0,2.2,1.3,1.0,-4.1,-1.8,-2.1,-0.1,-0.6,3.0,0.9,-1.7,-1.2,2.1,-5.1,-5.2,-10.6,-10.4,-3.0,-3.3,-3.3,-12.5,-3.2,-4.5,-1.5,-1.6,-4.0,-2.6,0.4,-4.9,-4.6,-1.1,-7.9,-5.2,-3.5,0.5,-4.7,4.0,4.5,-2.4,2.4,0.7,-1.0,0.0,-10.0,0.2,-1.8,-3.7,9.1,5.5,3.8,3.2,5.0,-1.0,5.7,10.1,-4.4,-1.0,1.2,0.2,-0.9,0.1,1.7,-4.1,-2.2,3.0,-0.3,3.5,1.5,1.7,1.0,1.3,3.4,3.6,-3.3,7.6,0.6,2.3,8.3,5.0,-1.2,3.5,4.2,2.7,2.7,-2.1,-6.0,-2.7,-3.1,0.3,4.2,-8.3,-1.2,-0.7,2.4,-0.9,-1.3,-0.8,1.2,-1.3,0.7,1.0,-1.2,4.5,2.9,4.8,-4.5,1.8,-7.2,-4.3,-0.2,-2.6,6.0,-2.2,1.0,-0.0,-0.3,-2.2,-3.5,-1.4,2.0
2C7L512NMW,0,48.101342,11.63024,4442468.78,2777760.2,533.7,579.4,234,7376,3.3,0.75,0.44,32.66,348.96,-0.53,-0.103,0.842,-0.5,0.2,-0.14,0.26,1.2,0.2,-0.3,1.0,0.4,2.0,1.9,1.6,4.2,3.3,0.4,-2.2,0.9,-0.7,2.1,0.9,2.9,3.2,8.5,5.8,2.4,5.9,0.5,-2.8,0.7,-2.5,1.3,-8.5,-4.2,3.4,-1.4,-2.8,-6.9,-2.8,-8.5,-3.2,-6.5,2.4,7.1,4.9,-2.1,-0.1,2.5,0.6,1.8,1.6,0.3,4.4,-3.4,0.1,-2.7,-1.4,2.0,-0.5,3.2,5.1,1.7,5.6,-5.1,0.4,1.2,6.3,-1.0,-1.5,1.9,5.6,4.7,-1.4,6.9,4.3,6.7,-1.6,6.2,3.1,3.8,1.0,4.0,2.4,4.1,4.3,2.5,4.7,10.9,1.8,3.9,-1.5,2.8,-3.1,4.3,1.2,7.0,1.4,-1.5,-0.1,-0.8,2.5,2.0,4.4,2.5,2.7,5.0,3.4,-2.8,3.5,-0.2,13.1,0.2,0.8,4.6,-0.7,-1.0,2.1,2.3,-0.3,-0.4,1.6,0.9,1.9,1.9,0.9,-0.5,1.1,2.0,-0.6,0.4,1.1,-1.1,1.2,-1.6,-1.2,0.8,0.2,-5.1,-2.1,12.5,-0.0,4.3,1.0,-2.2,4.4,-5.7,0.2,-1.6,-11.7,-3.2,-5.1,1.3,-1.8,-1.9,9.7,-1.4,2.9,-1.7,1.4,1.1,1.7,-3.4,4.1,3.5,0.4,-7.9,-0.3,-6.2,-7.1,1.7,-3.6,-4.9,-2.8,-1.6,-1.8,-6.6,-4.0,1.1,-3.3,-4.0,-3.4,-0.0,2.3,0.0,2.4,-0.8,2.5,-0.0,0.1,-0.7,-2.5,-1.4,-0.8,1.8,-0.1,1.7,2.5,1.2,-0.3,-1.2,0.7,-0.8,0.1,-1.6,-4.4,1.3,-4.2,-0.2,0.9,-0.6,0.6,1.6,3.3,1.8,1.4,0.4
2C7L512NMa,0,48.101441,11.631018,4442526.51,2777772.53,560.8,606.5,234,7380,3.4,0.78,0.39,32.66,348.96,-0.53,-0.103,0.842,-0.3,0.2,0.2,0.26,1.3,0.2,-0.3,0.2,-0.2,0.6,-3.3,-0.3,-1.1,-1.8,4.3,0.6,-1.7,1.1,2.5,4.3,-0.9,1.6,1.9,-0.0,0.7,0.4,-0.5,-3.3,0.0,0.3,5.7,5.1,-0.8,17.5,9.4,16.9,2.2,-10.6,11.4,1.0,0.6,4.7,-0.7,6.9,5.4,2.2,9.4,1.3,1.5,5.6,-2.6,2.7,-0.1,0.2,1.1,-3.4,5.5,0.6,4.6,2.8,0.6,5.1,-0.6,6.9,1.0,3.0,1.8,1.1,4.0,-2.6,1.3,-0.9,1.9,0.9,3.5,2.3,1.4,-0.9,-1.0,0.2,0.6,0.6,-0.4,3.3,6.7,3.9,5.5,-2.4,2.1,1.1,3.4,0.4,1.8,1.0,2.9,3.1,3.3,2.5,5.0,1.4,0.3,1.2,0.7,2.8,3.3,2.0,3.7,2.2,0.8,3.0,5.5,0.4,2.6,2.3,5.4,1.2,7.8,0.9,2.3,2.9,2.9,1.1,0.2,-0.6,1.1,2.8,-1.1,-1.8,-0.2,1.2,-2.0,0.6,-8.9,4.5,2.7,2.2,-0.3,2.0,-0.8,2.5,3.5,2.9,0.8,2.0,0.9,4.2,2.6,0.0,0.1,1.3,-1.5,3.5,3.1,-0.3,0.4,-1.4,-9.3,4.2,-0.6,-2.3,-0.0,0.3,2.1,4.6,0.1,1.8,1.1,4.3,1.1,-0.5,-0.7,3.1,3.0,1.5,-0.4,-0.5,1.0,-0.1,0.0,-11.2,-2.6,-0.2,-6.7,-5.6,1.1,11.2,-1.2,1.1,1.5,-5.0,3.5,-2.9,1.1,1.0,2.0,-0.8,-6.1,7.7,5.2,7.3,3.2,10.5,1.4,-0.0,2.1,1.7,-0.0,4.9,-1.4,-4.4,3.2,2.0,0.8,-0.9,4.1
2C7L512NMs,0,48.101518,11.631612,4442570.59,2777782.02,540.2,585.8,234,7398,3.2,0.74,0.42,32.66,348.96,-0.53,-0.103,0.842,-0.3,0.2,-0.11,0.24,2.0,0.2,-0.3,-0.8,-0.6,-1.3,-2.0,1.5,4.6,-0.8,0.2,-2.8,-0.2,-2.7,0.4,-2.5,-0.4,-3.4,-1.9,-6.5,-2.3,-3.9,-0.7,-2.6,-7.1,-4.3,-3.1,-4.2,-2.6,-4.5,-0.7,-1.2,-5.6,-6.2,-10.5,-7.0,-5.7,-5.7,-5.6,-2.7,-4.7,-2.5,0.3,-5.7,-1.1,-7.7,-1.9,-0.8,-2.3,-3.1,0.2,-0.6,-1.3,-3.4,1.2,4.3,-12.5,-6.2,0.4,1.2,-0.7,-4.8,1.4,-2.1,-0.3,-0.1,7.2,-15.6,2.6,-2.1,-0.4,-0.9,-3.1,-3.0,-3.9,-4.1,-2.1,-4.6,-5.2,-5.8,-3.0,-4.3,-6.0,-6.8,-6.4,-5.1,-6.5,-3.7,-5.6,-6.3,-8.2,-0.7,-6.2,1.0,-9.5,-6.3,-2.2,-1.5,-6.5,1.8,-4.0,4.2,-6.6,1.3,2.6,6.5,2.6,-8.9,-5.3,-6.1,1.2,2.0,-7.4,-1.7,-2.5,-9.6,-2.6,-2.6,1.8,2.0,2.1,-0.5,-0.5,-3.2,-1.6,-3.0,-3.6,-1.3,-2.3,-1.6,-4.8,-4.7,-12.3,-2.2,-4.7,-1.0,-4.4,-5.0,-7.2,-4.1,-4.4,-1.8,-0.2,-2.3,-2.0,-1.9,-0.4,-1.6,-1.5,3.2,3.3,-0.5,0.4,0.0,-3.8,-2.5,-2.7,-3.2,-0.7,-5.3,-3.5,-1.0,-2.1,-3.7,-3.8,-3.7,-5.0,-5.1,0.2,-4.7,-9.5,-3.3,-5.8,-6.4,-7.9,-5.6,-0.4,-3.7,-0.8,3.6,-4.1,-8.4,5.5,-1.8,-2.2,-4.7,-5.0,-3.3,-4.5,-10.4,-5.6,-8.4,-8.1,-5.6,-7.5,-8.1,-6.1,-6.6,-4.8,0.1,-4.1,-0.6,-2.0,-3.0,0.3,-3.2,1.3,4.3,-7.3,-5.0,-6.5
2C7L512NMG,0,48.101246,11.629346,4442402.4,2777748.02,537.0,582.7,234,7360,4.0,0.66,0.48,32.65,348.96,-0.53,-0.103,0.842,-0.6,0.2,-0.74,0.31,2.0,0.3,-0.3,2.8,-7.1,0.5,-10.9,2.9,5.3,-2.5,13.4,-3.0,2.5,-5.5,-1.7,-0.4,-9.7,2.5,2.9,3.9,-0.3,3.5,-1.6,-1.8,9.7,-2.0,-0.8,-2.1,0.8,-2.2,2.4,-0.7,-4.4,-2.7,-2.2,-4.8,-1.0,5.8,-1.2,0.3,-0.7,-0.1,-1.3,-0.4,1.9,-4.3,-1.6,-7.4,10.2,-1.5,-2.1,-4.5,-1.5,1.4,11.7,2.6,1.6,6.1,0.4,4.5,4.1,4.0,6.9,6.8,7.9,6.2,2.6,-2.5,1.3,1.3,3.0,4.2,1.1,1.6,1.5,2.3,2.0,3.2,4.1,4.6,4.5,0.0,-1.2,-14.0,-0.3,9.0,0.1,7.2,2.7,-5.6,-2.9,-1.5,-7.5,3.2,8.5,-2.5,-0.5,0.8,9.3,6.5,5.4,1.5,-15.4,1.9,-0.5,-3.3,-1.3,-3.4,-3.8,-3.0,-1.9,2.3,5.1,3.0,3.9,1.7,4.5,2.6,5.1,1.7,-0.5,8.1,10.3,13.0,-1.2,-0.1,-3.5,-0.9,1.4,1.9,3.5,-0.1,-1.7,-2.3,-4.8,1.0,-2.8,-2.8,-3.7,-0.5,-1.2,-0.1,-0.1,0.0,1.2,-0.5,0.5,2.6,6.9,-2.6,2.4,2.3,6.0,2.9,2.1,-4.2,-2.9,0.7,-1.8,0.0,-0.8,3.8,3.6,-3.9,-0.8,-3.3,-3.7,-5.9,0.5,-1.7,-4.8,-5.8,-1.7,-4.2,-4.9,-3.9,-0.0,-0.9,-3.8,-0.6,1.4,-4.1,2.0,-1.7,-2.7,-1.6,-3.6,-1.4,5.5,0.4,-2.2,-5.3,-9.0,-6.6,0.1,-0.7,-7.8,-2.8,-3.8,-3.9,-2.7,-3.2,-3.1,0.9,-1.8,1.4,6.3,1.9,-0.8,-8.7,6.3
2C7L512NMT,0,48.101355,11.630201,4442465.85,2777761.62,542.5,588.2,234,7373,2.6,0.87,0.34,32.66,348.96,-0.53,-0.103,0.842,-0.3,0.1,-0.07,0.2,0.1,0.2,-0.3,-1.0,-2.5,0.9,-0.1,-0.5,7.4,0.5,1.8,1.3,-9.8,2.9,7.3,2.0,1.5,1.2,0.1,0.2,-0.2,-0.9,-1.1,-2.9,-0.9,-0.3,1.8,1.8,1.1,-1.4,2.9,-0.8,-1.7,-13.5,-4.0,-3.5,-1.4,-2.7,-0.8,3.9,1.2,0.7,1.5,1.5,2.4,-1.6,-0.1,0.1,0.2,-1.0,1.3,0.6,2.0,-0.5,-1.2,-2.6,-1.3,-1.2,0.3,-1.2,-1.2,-0.6,-4.4,-3.6,-3.4,-8.9,-3.2,8.3,-13.5,-5.8,-1.9,-2.2,-0.3,-4.9,-1.5,-1.8,0.1,-1.0,-0.6,-1.7,0.2,0.5,-0.5,1.3,-0.9,-0.7,-0.2,2.7,-0.3,0.5,0.2,-1.5,-0.9,-2.1,-2.1,-1.7,1.4,-3.9,0.7,2.0,1.9,-1.3,-2.8,-1.5,0.1,0.2,-1.7,-0.7,-0.3,-0.4,-0.2,-2.8,-1.5,-0.3,0.3,-1.9,-0.3,1.6,-1.6,-1.5,-1.3,-2.5,-2.5,-2.8,1.0,-1.2,1.2,-0.0,0.6,-0.0,1.2,-2.1,-1.2,-2.4,-0.1,1.7,-0.6,-2.3,-2.5,-1.2,-2.1,1.4,-0.3,-2.1,-2.0,-2.5,1.4,-1.8,-0.0,4.6,0.7,0.9,1.4,0.5,-1.1,0.1,-2.0,-0.7,-1.8,0.0,-0.6,1.9,-2.3,-2.5,1.5,-0.5,-0.5,-3.7,1.5,-2.5,-3.1,-2.9,-1.6,-1.7,-2.1,-5.9,-4.6,-3.3,-4.2,2.5,-0.5,-11.4,1.4,-2.6,-0.9,-1.4,-2.0,-1.9,-0.8,-1.1,-1.2,-2.8,-2.8,-5.9,-1.2,-0.6,-2.0,-2.5,-3.6,-1.3,-3.1,-1.7,-3.8,-1.8,0.1,-4.8,-4.2,-0.1,-2.9,-1.2,1.9
2C7L512NMd,0,48.101442,11.630879,4442516.15,2777772.4,548.1,593.8,234,7383,2.5,0.86,0.43,32.66,348.96,-0.53,-0.103,0.842,-0.0,0.1,-0.03,0.19,0.9,0.2,-0.3,0.2,-2.7,1.4,-0.8,1.6,-0.4,4.7,1.4,1.1,-1.6,1.4,0.1,2.2,-0.3,1.0,1.2,5.4,1.4,3.4,2.6,-0.0,1.0,1.6,5.1,2.8,5.1,2.7,5.3,4.5,1.4,-1.6,-1.9,-0.6,2.4,1.7,5.2,10.0,3.3,3.3,0.9,-0.1,4.3,2.9,3.2,5.3,0.5,-2.0,2.7,0.3,0.1,-0.3,3.0,2.7,3.5,1.4,1.7,-0.7,1.9,3.3,2.7,0.9,2.5,4.9,1.6,4.1,-0.6,1.1,2.3,2.8,2.1,3.0,-0.3,3.0,4.2,0.5,3.6,-0.3,3.0,4.3,-0.7,2.5,-1.2,1.9,0.9,4.8,5.0,1.8,7.7,4.2,3.4,2.0,0.2,0.6,4.3,3.0,4.8,4.4,10.0,4.6,3.5,1.9,3.4,3.8,5.4,3.8,2.0,1.7,0.1,-0.5,-0.9,1.7,1.8,2.3,1.9,3.8,1.4,1.8,1.3,0.7,3.4,4.6,1.8,2.8,1.2,0.4,5.6,2.2,3.1,4.4,0.7,-1.9,-1.6,6.1,2.3,-2.7,5.6,2.9,3.1,6.7,1.0,-2.6,-1.9,2.8,1.2,1.3,-3.4,0.1,0.4,-1.0,-1.0,0.9,2.0,2.0,1.1,2.9,-0.7,-0.3,2.0,2.0,0.3,3.2,-0.2,-0.1,1.2,4.0,7.0,2.2,-1.7,1.3,2.8,2.7,0.0,-5.9,-0.6,0.0,3.0,2.8,1.7,2.3,1.7,1.7,1.0,0.3,1.9,2.2,2.3,1.6,4.3,3.8,4.1,3.6,18.0,11.4,-6.0,3.6,-1.1,-0.5,2.0,1.1,-0.3,1.3,0.7,1.0,1.5,5.0,2.1,1.4,2.0
2C7L512NO5,0,48.102103,11.636026,4442898.02,2777854.32,546.9,592.6,234,7473,2.7,0.85,0.42,32.68,348.96,-0.53,-0.103,0.842,-0.3,0.1,0.51,0.21,0.5,0.2,-0.3,-0.6,-0.5,1.7,-2.0,1.8,0.6,-0.6,3.1,1.3,-5.4,-3.4,2.7,-1.6,1.4,-1.4,-1.1,-1.7,-3.3,-5.2,-2.2,-9.0,1.6,0.5,-0.9,-1.9,-0.0,-0.8,-0.4,0.5,-1.8,5.1,-5.2,-4.0,-5.3,-4.3,-3.9,-1.7,-4.3,-0.6,-4.0,-5.1,-0.9,-4.0,-2.3,5.3,-1.6,3.5,-2.7,1.9,0.5,3.3,1.4,-0.3,-1.2,-3.5,-1.6,-2.5,-2.5,7.6,-4.7,-17.7,-4.9,-13.4,1.1,3.4,-3.7,2.1,-0.7,-2.5,-5.9,-7.6,-4.5,-6.4,-3.6,-4.1,-1.2,-1.0,-3.6,-4.1,-1.9,-1.1,-2.9,-2.7,-1.9,-0.9,-3.5,-0.9,-2.3,-3.0,-1.9,-1.0,-3.5,-4.7,-5.4,-0.6,-0.4,-1.2,-1.8,-0.1,-3.0,-3.0,-3.3,-1.7,-0.4,-0.9,0.0,-1.9,1.4,-4.5,-2.7,-4.0,-3.4,-1.0,-2.3,-3.5,-3.3,3.6,-2.6,-3.6,-3.0,-8.0,-1.8,-3.8,-3.0,-2.6,-0.5,-7.6,-2.5,-3.4,-4.2,1.6,-2.7,-2.3,-1.3,-6.2,-3.7,-3.9,-3.1,-2.6,-6.5,-2.2,-3.2,-5.6,-3.7,-1.2,-3.8,-4.3,-4.8,-3.0,-6.7,-1.9,-4.1,-2.5,-0.7,-0.9,4.7,-3.5,-6.0,-5.2,-3.4,-4.2,-5.5,-1.8,-4.6,-4.8,-0.8,-1.4,-3.2,-2.4,-3.0,-2.0,-3.7,2.5,-1.2,-1.3,2.2,-0.4,-2.7,-2.0,-2.9,-3.1,-0.6,-1.9,-2.4,-3.4,-3.9,-1.2,-3.5,-1.7,-5.5,-5.3,-0.2,-3.9,-2.0,-1.8,-2.3,-3.6,-4.6,-0.2,-2.4,-3.2,-3.6,-3.2,-3.0,1.1,-3.2,-2.5,-3.4
2C7L512eOQ,0,48.100872,11.626293,4442175.84,2777701.49,538.3,584.0,235,7306,2.0,0.85,0.36,32.64,348.96,-0.529,-0.103,0.842,0.1,0.1,-0.96,0.17,0.6,0.1,-0.3,1.4,-0.2,1.8,2.5,-0.0,1.0,0.8,-2.4,-3.9,-0.9,-3.2,-4.1,-0.9,-0.3,-1.3,-1.4,-4.1,-2.6,0.7,5.4,3.5,3.9,4.8,3.6,6.0,4.9,5.6,5.9,3.2,2.8,-0.9,0.2,-0.1,3.5,5.9,4.1,4.3,2.5,4.9,5.6,5.2,5.1,3.9,5.9,6.4,4.8,6.1,5.9,5.0,5.9,5.6,6.7,5.9,6.5,7.6,7.0,7.3,7.4,7.0,6.6,6.4,5.4,7.1,5.6,6.2,7.9,5.1,10.5,5.8,6.8,5.4,4.5,5.4,2.6,6.6,2.0,5.6,2.8,3.6,2.5,5.0,4.1,4.9,-0.9,7.6,7.0,2.8,3.3,5.2,1.9,3.1,3.4,1.9,7.3,4.3,7.1,6.3,6.3,5.9,5.1,5.8,4.9,5.4,5.6,5.2,6.4,6.6,6.8,5.5,6.0,4.9,6.6,6.1,4.4,4.6,4.7,4.4,4.6,5.8,3.7,5.4,5.6,2.5,4.9,6.5,7.2,4.9,4.1,3.3,4.0,4.6,5.7,5.9,5.7,5.6,3.7,5.8,5.4,6.5,9.1,4.6,3.7,5.5,6.7,5.0,4.5,2.9,6.0,4.7,1.7,1.8,2.1,3.0,0.8,2.7,1.3,3.6,2.7,6.7,4.6,2.0,2.7,1.4,-0.4,-0.2,7.4,0.6,-2.8,6.2,2.1,1.2,5.1,3.0,4.5,1.3,1.8,4.2,3.3,1.5,4.5,2.7,4.7,5.0,5.9,4.8,4.0,4.5,8.2,6.8,2.7,2.9,4.7,5.6,2.7,3.6,3.5,3.7,1.9,3.3,3.3,3.4,4.7,5.2,2.7,5.8,4.7,3.3,6.0
2C7L512eOX,0,48.100925,11.626706,4442206.52,2777708.07,538.7,584.4,235,7313,2.0,0.88,0.35,32.64,348.96,-0.529,-0.103,0.842,-0.7,0.1,-0.51,0.16,1.2,0.1,-0.3,4.8,-0.8,-0.0,1.6,1.5,1.8,0.3,-0.6,2.6,3.5,2.7,-1.5,-1.3,2.1,0.2,0.2,5.5,2.5,2.9,6.4,3.0,4.3,2.7,4.5,0.5,2.6,4.2,1.1,-0.8,2.1,-5.9,-1.0,1.1,-0.2,2.9,2.2,2.0,3.9,4.2,5.0,3.3,2.6,2.5,4.0,4.4,3.4,-0.4,-2.1,-1.2,-0.6,-2.8,-2.4,-1.5,0.7,-1.3,2.0,2.6,3.4,-1.2,-0.7,0.3,0.9,0.8,0.4,-2.8,11.1,-0.2,0.6,0.1,1.6,1.9,-0.1,0.5,0.8,0.2,-0.2,3.1,3.8,4.2,3.5,3.0,3.6,3.9,1.9,2.3,2.5,4.9,4.5,7.4,5.3,3.7,3.6,1.0,4.5,2.3,2.9,3.0,4.6,2.6,4.2,-0.8,2.0,3.2,3.5,2.0,2.5,2.2,1.5,3.5,1.5,2.6,1.3,0.9,0.0,0.8,0.0,1.9,1.5,2.0,0.4,0.8,0.8,-0.2,0.5,2.2,4.0,1.6,2.8,2.4,0.7,2.2,1.7,2.9,2.9,0.8,-0.1,5.2,3.8,4.8,4.9,-0.4,-1.2,0.3,-0.3,0.9,0.3,1.7,-1.0,-2.9,-0.6,-0.6,-2.3,-0.2,-1.7,0.5,-2.4,2.1,0.9,1.4,0.0,2.5,-1.3,1.1,-0.8,-1.0,3.6,-0.8,-1.3,-1.4,0.5,2.1,0.2,-1.4,-1.1,-3.6,-1.9,0.8,-2.8,-0.7,-1.7,-2.3,-0.5,-1.8,-0.6,-1.9,0.5,0.0,2.9,1.6,0.7,-1.1,-2.8,0.1,-0.9,1.9,4.6,1.7,-0.1,0.9,-3.8,-4.2,-5.3,-2.7,-3.1,-3.9,3.0,-6.6,1.2
2C7L512eRZ,0,48.102305,11.637453,4443003.82,2777879.09,541.5,587.2,235,7501,1.5,0.93,0.25,32.69,348.96,-0.53,-0.103,0.842,-0.4,0.1,-0.47,0.11,1.1,0.1,-0.3,-0.6,-2.3,-1.7,-1.1,-0.9,-0.4,0.5,-0.1,-1.0,-0.4,-3.0,-1.6,-2.8,-0.6,-1.3,-0.2,-1.1,-0.7,-1.0,-2.0,-0.8,-0.6,-1.2,0.7,0.8,-0.1,-2.2,-1.3,-0.6,0.1,0.8,-6.3,-3.8,-7.4,-5.8,-1.6,-3.2,-0.4,-1.1,0.8,-2.0,-0.1,-2.0,0.6,-0.3,-1.3,-0.8,-0.2,-2.1,1.3,1.0,0.9,1.2,1.5,1.7,1.6,-0.9,1.9,2.1,1.7,0.4,0.7,0.7,0.3,1.3,-2.9,0.0,-0.7,0.6,-2.2,-0.0,-0.4,-1.3,-2.6,-1.3,-1.3,-1.5,-2.2,-1.2,-2.3,-1.7,-4.8,-1.7,-3.2,-1.3,-1.9,0.7,-1.2,-0.2,-1.4,-2.4,-3.7,-1.7,-5.7,-2.0,-3.8,-1.7,-1.3,0.7,-2.8,-0.5,-1.9,-3.1,-1.7,-2.4,-1.8,-1.6,-0.9,-1.8,-0.7,0.6,-0.8,-1.2,-1.0,0.9,-0.8,-0.7,1.1,-0.6,-0.9,2.0,1.8,-1.2,-1.0,-1.2,-1.6,-1.0,-1.9,-2.6,-1.2,1.8,-0.6,0.1,-1.1,-2.7,-5.3,-2.6,-2.0,0.8,1.9,-0.7,-3.0,-0.8,-0.3,0.5,-1.1,-0.9,2.4,2.7,2.6,0.3,-2.4,0.4,-0.1,0.5,-1.4,-1.2,-2.6,-0.4,-2.2,-3.7,-3.7,-2.3,-3.4,-1.6,0.5,1.8,-3.2,-2.0,-1.2,-3.2,-3.1,-3.7,-3.2,-0.0,0.2,-0.5,-1.1,-1.8,-4.3,-1.8,0.8,-1.6,-3.0,-0.8,-3.7,-2.4,-2.5,-3.2,-5.6,-5.6,-4.4,-5.8,-3.7,-3.5,-4.8,-4.4,-3.1,-1.6,-3.0,-2.5,-3.9,-2.7,-1.0,-1.2,-2.5,-3.0,-2.9
2C7L512eOT,0,48.100921,11.626531,4442193.49,2777707.34,540.3,586.0,235,7309,4.0,0.67,0.52,32.64,348.96,-0.529,-0.103,0.842,-1.1,0.2,-0.15,0.31,2.1,0.3,-0.3,-3.5,-1.2,1.2,-5.1,-0.4,7.7,-3.2,-5.7,12.9,0.4,-0.5,-8.2,2.6,-0.7,-0.9,1.9,4.8,0.4,-1.5,3.2,-1.1,-1.8,-3.8,-4.1,-0.6,3.4,-4.6,-3.8,-5.7,-6.0,-12.0,-5.0,-4.0,-4.9,-4.0,-4.6,-13.2,-4.2,0.8,-2.2,-5.0,-5.7,-10.3,-6.4,-8.9,-4.9,-5.1,-4.1,-5.5,-1.1,-3.8,11.3,-4.4,-8.1,-4.0,-3.7,-5.9,-2.9,0.1,-2.9,-0.1,-0.5,-2.2,-1.1,5.4,-4.0,-2.8,8.3,-7.1,-2.1,-4.5,-3.3,0.2,-3.6,-4.2,-5.4,-5.3,-2.2,-4.6,-5.9,-1.9,-1.5,-0.4,-3.3,-4.2,-13.1,-4.2,-1.9,3.4,-5.7,-6.1,6.1,-9.4,-7.4,-8.4,-3.7,-7.4,-13.5,-7.0,-4.6,-2.0,-4.0,-5.0,-3.3,-11.3,-7.2,-5.1,-4.2,-5.9,0.1,-3.1,-4.7,-11.8,-3.0,-3.4,-1.7,-1.9,-4.5,-6.4,5.4,-0.6,-0.6,-9.5,-5.7,1.2,-1.4,-0.5,7.0,-9.9,-4.2,-4.0,-2.5,-8.3,-0.8,-9.5,-10.0,-7.2,-6.4,-2.3,-2.1,0.1,-2.9,-6.8,6.0,-5.5,-5.4,-1.4,-6.8,-3.9,-7.8,0.6,-3.5,-5.3,-2.9,-5.6,-8.3,-4.1,-6.2,-7.4,-0.8,-9.3,-11.2,4.8,-16.3,-13.6,-3.0,-9.5,-9.3,-8.6,-7.4,-0.8,-6.7,-4.8,-9.0,-13.1,-6.2,-2.8,-5.0,9.7,-8.0,-8.3,-6.3,-1.9,3.0,-4.8,-7.0,-5.1,-10.8,-12.6,-11.2,-7.7,-6.7,-4.7,-8.4,-10.2,-7.4,-7.3,-8.4,-8.4,-10.9,-7.6,-6.9,-7.7,-8.3,-7.3,-8.5,-8.1,-6.3
2C7L512eOW,0,48.100943,11.626705,4442206.39,2777710.11,541.7,587.4,235,7312,3.0,0.77,0.46,32.64,348.96,-0.529,-0.103,0.842,-1.1,0.1,0.12,0.23,1.7,0.2,-0.3,1.0,-1.9,-0.4,-0.2,-2.1,2.6,-2.4,-3.0,-1.3,2.0,-0.4,3.9,0.7,-2.5,-6.1,-7.5,-5.8,-5.4,-3.0,-1.2,-3.9,-3.0,-1.5,-4.8,-3.0,-2.8,-1.9,0.9,-0.2,-8.2,-10.3,-8.8,-9.0,-8.5,-5.1,-6.4,-5.8,-2.0,-2.8,-3.4,-2.8,0.0,-4.4,-5.1,-3.1,-7.1,1.3,-1.3,-2.3,3.1,-1.2,0.1,-1.2,-3.6,-3.4,-4.6,3.1,-1.8,-3.0,-3.3,-4.3,-6.4,-8.5,-3.8,-0.3,2.1,-5.0,-3.5,-3.0,-2.8,-1.5,-5.6,-4.6,-5.8,-5.3,-8.3,-7.0,-5.7,-6.2,-6.8,-6.0,-6.0,-5.9,-4.9,-4.4,-5.5,-4.6,-6.6,-3.6,-4.7,-4.3,-5.2,-4.3,-5.9,-7.0,-5.3,-4.1,-6.6,-7.3,-5.6,-7.3,-5.6,-3.3,-5.2,-6.5,-5.5,-3.8,-8.3,-2.7,-5.0,-6.0,-6.1,-8.4,-4.5,-2.1,-0.6,0.3,-3.5,-2.5,-0.4,0.0,-3.1,-4.9,-5.1,-3.3,-8.1,-3.7,-6.2,-5.3,-9.0,-8.8,-5.9,1.8,-5.2,-6.7,-8.1,-3.7,-4.0,-2.4,1.0,3.5,-2.6,-4.4,-4.9,-1.9,-3.3,4.6,-1.9,-4.4,-7.1,-0.7,-10.6,-7.7,-8.5,-8.6,-13.1,-1.9,-13.8,-7.6,-6.3,-7.9,-9.4,-6.8,-11.5,-11.1,5.3,-9.1,-11.2,-3.1,-3.0,-3.5,-4.8,-17.0,-3.9,-3.2,-3.7,-5.1,-4.2,-11.0,-10.9,-7.4,-9.2,3.1,-7.7,-9.5,-5.9,-8.7,-2.5,-7.1,-11.0,-8.0,-10.4,-7.2,-9.8,-8.4,-9.1,-7.8,-9.5,-10.6,-10.6,-6.8,-5.9,-4.6,-5.5,-5.1,-4.5,-6.2,-5.6
2C7L512eOv,0,48.101104,11.627952,4442298.94,2777729.98,533.4,579.1,235,7337,3.9,0.58,0.47,32.65,348.96,-0.53,-0.103,0.842,-1.1,0.2,-0.59,0.31,3.7,0.3,-0.3,0.9,6.6,5.5,-1.8,-10.6,-1.2,6.2,4.5,-2.7,-1.8,0.6,-6.0,-1.8,-2.8,-4.8,2.1,-4.6,-8.9,-7.8,-8.8,-5.9,-7.5,-4.8,-10.7,-8.4,-7.0,-10.3,-3.9,-1.7,-12.0,-5.8,-13.6,-13.9,-13.9,-9.0,-13.7,-10.9,-8.4,-4.7,-8.7,-7.8,-7.4,-10.5,-11.0,-9.3,-6.6,-9.1,-11.0,-11.1,-9.0,-5.1,-5.5,-5.3,-4.6,-8.0,-1.2,-8.3,-3.0,-5.3,-3.6,-5.1,-5.5,-4.7,-2.0,-8.6,-0.8,-2.4,-5.8,-3.5,-3.5,-4.7,-4.9,-4.5,-7.7,-5.7,-9.8,-8.1,-7.7,-9.7,-13.1,-8.7,-11.0,-9.6,-7.8,-8.0,-13.2,-11.2,-15.9,-13.4,-12.4,-11.2,-5.6,-11.8,-9.2,-9.7,-9.3,-10.6,-12.5,-9.0,-6.6,-9.6,-5.5,-7.0,-2.6,-8.0,-8.1,1.9,-9.0,-2.2,-9.1,-8.6,-4.8,-1.3,-3.5,-4.8,3.4,-7.0,5.5,10.0,4.6,8.9,2.4,-14.9,-2.8,-0.6,-10.3,-4.9,-9.6,-10.8,-10.3,-11.7,-12.3,-7.4,-10.4,-13.3,-12.2,-12.2,-10.5,-7.7,-4.1,-7.2,-10.7,-9.4,-5.2,-8.8,-5.3,-10.4,-6.0,-4.4,-6.6,-7.1,-7.6,-5.9,-10.0,-6.4,-7.3,-7.3,-7.0,-7.0,-9.3,-14.6,-13.8,-9.2,-3.5,-12.6,-7.8,-15.7,-14.5,-9.9,-14.9,-13.8,-11.1,-10.6,-6.2,-4.5,-2.0,-3.5,-7.9,-1.4,-4.5,-4.4,-8.3,-9.4,-5.2,0.2,-1.3,1.6,-14.6,-6.3,0.2,-13.6,-15.4,-13.0,-12.4,-8.1,-13.4,-13.5,-13.1,-13.5,-15.5,-13.7,-20.0,-13.5,-16.7,-18.4,-9.3,-20.1,-16.6
2C7L512ePH,0,48.101273,11.629271,4442396.75,2777750.95,536.6,582.3,235,7359,3.1,0.8,0.42,32.65,348.96,-0.53,-0.103,0.842,-0.8,0.1,-0.13,0.23,0.3,0.2,-0.3,-3.2,-1.0,0.7,-1.0,0.3,2.2,-0.6,-0.3,0.7,-3.4,-0.1,3.4,-2.1,-1.6,2.2,-0.1,0.0,-3.2,-5.5,-8.3,-4.1,-5.0,1.7,13.8,-1.4,1.7,-1.6,4.4,1.7,-1.0,-0.1,-1.9,-1.3,1.8,-0.0,2.5,1.3,0.5,3.1,-1.0,-0.5,1.2,-1.1,-0.5,-1.3,-9.5,1.3,0.7,-1.5,-2.2,-1.4,1.2,1.7,-1.9,3.8,-4.7,0.7,1.5,3.2,1.2,4.5,-7.6,7.2,-2.7,-0.0,4.7,-2.8,-4.8,-3.6,-1.2,1.2,1.4,2.4,-1.8,-4.9,-2.9,-1.1,-2.3,-1.2,-3.1,-2.3,-2.0,-8.0,-1.2,-0.1,-0.8,-2.3,-0.5,0.7,-6.8,-2.6,1.4,-0.2,1.3,-2.5,0.2,5.3,7.9,-2.6,2.1,0.8,-0.4,-2.5,-0.9,-1.2,-0.8,-2.4,-3.2,-3.8,0.8,-1.2,-2.6,1.6,-1.1,-3.4,-1.8,-6.0,-3.2,-0.9,-1.5,-1.6,-2.0,-2.8,-4.3,-4.8,-3.4,-1.8,-1.8,-0.8,-1.9,-1.4,-3.6,1.7,-3.1,-1.4,-2.7,2.1,-1.1,4.2,0.2,1.5,-4.1,-1.3,0.2,-1.6,-3.8,-3.6,-2.4,0.7,-0.7,5.9,-4.0,-1.9,-2.4,-3.1,-0.3,1.3,-0.4,-4.8,-1.6,-2.3,-13.4,-3.7,-1.6,-0.6,1.3,-2.0,-6.0,-5.2,-1.5,-2.6,-5.3,-1.5,-6.4,-1.4,-1.4,-3.3,-2.4,-7.0,-1.2,-2.8,-1.2,-3.0,-1.4,-1.3,-4.7,3.0,-0.7,-4.9,-9.2,2.6,-4.2,-6.8,-10.3,4.6,-9.5,-6.9,-1.0,-1.6,-7.4,-2.4,-5.4,-4.9,-4.3,-0.4,-2.7,-2.3,-3.2
2C7L512eQH,0,48.101741,11.632915,4442667.1,2777808.94,541.8,587.5,235,7421,3.8,0.71,0.47,32.67,348.96,-0.53,-0.103,0.842,-0.1,0.2,-0.52,0.29,0.2,0.2,-0.3,-2.5,-2.6,0.1,-3.0,-2.7,-5.6,2.1,1.3,1.0,9.7,2.0,-5.9,2.9,2.4,2.9,-1.9,1.1,-0.5,-1.0,-1.8,0.6,-1.2,0.2,0.7,1.1,1.1,3.6,-0.6,3.4,-6.9,-10.9,-2.0,-3.2,-3.2,-4.6,-0.9,5.0,0.6,2.7,2.1,2.4,1.9,1.4,2.1,-0.4,6.6,-2.8,-2.0,-0.3,-2.0,1.9,-4.9,-5.3,-2.1,-11.0,2.7,0.8,3.3,-1.4,0.5,-0.3,6.2,-0.8,-6.6,-2.7,-10.9,1.4,-1.7,-3.6,-4.8,0.2,1.5,1.1,-2.2,-2.2,-2.5,-1.4,5.5,-10.0,-0.2,4.5,1.1,2.2,2.3,5.3,-5.7,3.8,-2.6,1.0,-0.1,1.8,-2.6,-0.8,-4.4,-0.9,0.6,0.4,-0.7,0.4,-1.9,-3.1,-6.3,-1.7,0.7,-1.7,1.0,2.1,0.8,-0.0,-1.1,-1.1,2.6,3.9,2.1,0.3,-1.8,11.6,-1.0,8.8,0.8,-2.4,1.8,-3.6,-4.2,3.1,0.1,7.2,0.5,-1.8,-2.0,2.8,1.5,0.2,0.9,-4.2,-1.2,-0.6,2.4,2.8,4.3,5.2,-5.0,-2.0,2.1,-3.3,-0.2,-5.6,0.3,2.8,-3.4,2.7,-2.4,-4.7,-3.9,-7.0,-0.2,8.1,2.8,5.0,3.1,-0.4,-0.4,0.1,-2.2,-3.6,0.2,4.4,-4.9,4.3,1.8,1.5,-2.3,-4.2,-3.1,5.1,4.7,3.8,13.0,6.8,-4.6,-12.7,-0.6,-1.7,-1.3,0.8,-0.3,-1.1,-7.4,-1.5,-1.0,-5.4,-2.4,1.4,-2.8,-1.0,-2.1,-1.9,-1.7,-1.0,-2.4,-4.2,-5.8,-5.4,-1.4,9.2,-2.3,-5.2,-4.1
2C7L512eQS,0,48.101805,11.633416,4442704.29,2777816.93,534.2,579.9,235,7432,4.7,0.38,0.43,32.67,348.96,-0.53,-0.103,0.842,-4.2,0.2,-1.28,0.36,4.8,0.3,-0.3,2.3,4.3,2.4,2.1,1.7,2.4,2.3,1.9,2.6,2.4,1.8,1.6,-1.9,-0.8,-2.3,-2.7,-6.8,-9.4,-8.8,-13.2,-12.8,-9.1,-12.6,-8.0,-10.9,-3.9,-6.3,-8.3,-10.5,-10.6,-10.4,-11.1,-13.3,-13.5,-15.8,-12.0,-8.6,-10.2,-5.4,-9.7,-11.6,-13.6,-12.2,-5.3,-11.4,-9.4,-15.1,-15.3,-13.9,-13.0,-8.2,-1.0,-1.9,-0.7,-1.6,1.8,-1.8,2.2,0.8,1.7,5.1,0.5,2.2,-0.4,0.8,6.6,-2.2,0.3,-0.8,-0.8,-0.6,-0.5,-0.4,-0.1,-1.7,0.3,-1.0,-2.5,-0.9,-7.5,-14.7,-12.8,-13.0,-15.3,-7.4,-16.9,-7.8,-10.7,-9.9,-9.6,-12.1,-13.8,-16.4,-12.4,-9.7,-13.0,-11.7,-9.2,-9.0,-14.6,-12.7,-9.5,-14.3,-10.1,-11.3,-11.7,-9.1,-15.1,-12.7,-11.0,-6.6,-6.3,-12.6,-7.3,-9.5,1.0,1.2,-5.6,-14.8,-4.9,-2.6,-2.9,-6.9,-6.0,-2.6,-11.5,-12.8,-13.7,-15.2,-13.8,-15.6,-4.3,-10.9,-12.8,-15.5,-15.2,-9.2,-11.0,-13.1,-10.1,-18.3,-10.8,-20.9,-15.1,-23.5,-0.5,-2.5,-1.1,-0.6,-22.1,-3.3,-3.5,-20.8,-24.9,-25.6,-4.6,-13.9,-14.4,-19.2,-18.1,-21.2,-14.0,-12.6,-13.5,-17.0,-15.4,-15.8,-11.8,-18.3,-14.9,-13.2,-13.5,-24.0,-19.3,-19.8,-21.7,-19.8,-18.3,-21.0,-20.3,-17.8,-18.2,-20.9,-23.0,-22.6,-24.2,-21.4,-20.0,-30.4,-29.8,-28.9,-26.2,-24.4,-29.8,-25.8,-31.6,-33.7,-14.0,-18.4,-22.9,-19.9,-22.9,-23.4,-21.9,-20.4,-22.8,-20.6,-18.9
2C7L512eQU,0,48.101818,11.633514,4442711.54,2777818.48,534.7,580.4,235,7434,4.0,0.63,0.45,32.67,348.96,-0.53,-0.103,0.842,-0.6,0.2,-1.11,0.31,3.1,0.3,-0.3,-1.3,1.2,-0.9,0.9,-0.1,-0.9,0.7,-0.1,0.5,1.0,-0.3,-0.0,-2.2,0.6,-2.1,-0.0,-4.4,-5.3,-7.4,-3.6,-2.5,-1.3,-3.1,-2.2,-6.0,-2.4,-3.6,2.9,2.6,-3.4,-10.6,-7.2,-11.1,-10.2,-9.8,-5.4,-3.4,-4.8,-2.9,-2.4,-1.2,-0.5,-5.7,-1.6,-2.5,-1.2,-2.4,-0.4,1.9,-0.2,1.1,2.6,0.6,0.8,-1.1,4.1,-0.3,2.5,0.4,0.9,1.6,1.5,1.3,0.2,2.5,0.8,0.5,3.2,2.2,2.2,2.5,1.6,3.9,2.7,4.1,4.5,3.4,4.9,2.8,-0.3,-0.4,-4.2,0.3,-2.2,-1.6,-8.4,-2.2,-4.8,-5.8,-7.0,-5.1,0.5,-1.7,-7.9,-2.0,-4.4,1.3,-2.1,-3.3,-3.9,-0.9,-3.7,-3.5,-3.1,-5.0,-5.0,-0.2,-1.0,-3.0,-2.4,0.8,0.2,2.3,1.4,1.9,2.8,-0.1,0.7,3.2,1.7,1.3,-2.5,1.8,-2.7,-0.8,-2.1,-0.1,-1.3,-6.8,-8.1,-8.2,-5.4,11.5,-6.6,-8.5,-8.0,-8.4,-7.6,2.1,4.9,-3.1,-3.9,-2.3,2.0,0.8,-2.1,0.3,-0.2,1.7,4.0,0.4,-1.7,4.0,2.3,3.3,0.9,-1.1,-1.1,-4.0,-0.7,-4.4,-5.8,-6.6,-6.7,-6.2,-0.6,-1.1,-6.1,-0.9,-1.2,-7.0,-6.9,-3.1,-5.6,11.4,4.1,-3.2,-4.1,-0.8,-4.4,-2.1,-2.9,-3.8,-2.5,-12.6,-6.0,11.7,5.3,-5.6,4.5,-15.4,3.8,-9.8,-11.7,-8.4,-10.2,-11.8,-15.8,10.6,-16.5,-9.4,-9.8,-9.1,-9.4,-4.8,13.7,-7.2,-4.2
2C7L512eRc,0,48.102331,11.637508,4443007.85,2777882.04,534.3,580.0,235,7504,1.6,0.94,0.26,32.69,348.96,-0.53,-0.103,0.842,-0.4,0.1,-0.03,0.12,0.2,0.1,-0.3,0.9,-0.4,0.8,0.3,0.2,0.6,1.4,0.6,-0.4,0.8,0.1,2.3,-0.6,0.0,0.1,-0.2,0.7,-0.1,-1.0,-1.9,-1.6,-1.8,2.1,-2.2,0.2,-0.9,-0.3,2.3,0.2,-0.5,3.4,-5.7,-3.8,-6.0,-6.7,-3.7,-2.0,-2.1,-0.7,-0.6,0.3,1.1,-1.9,-2.5,-1.0,-0.3,1.3,-0.2,0.5,0.9,0.7,0.1,-0.5,-0.6,-0.6,0.3,1.3,-1.0,0.9,-0.1,0.3,-1.0,0.9,-0.2,2.0,0.5,-1.8,0.7,-2.7,-0.4,1.6,-0.8,1.5,0.7,-0.2,1.4,0.7,1.0,-1.0,-0.2,-1.1,0.2,-0.3,-0.8,-0.3,-2.7,0.6,0.9,-0.6,-0.3,-1.4,-0.2,-1.1,-5.1,-1.8,-0.9,0.3,1.1,1.6,-0.9,-0.5,-0.6,-1.0,1.3,-0.6,1.5,-0.7,-0.3,-2.1,-1.0,-2.2,-1.3,-1.6,-0.8,-2.2,-2.2,0.1,-2.4,0.1,-3.9,-1.1,-0.7,-1.0,-3.0,-4.0,-1.2,0.7,-1.5,-2.5,-1.9,-0.8,-1.7,3.2,1.9,-1.6,-3.0,-0.5,-0.2,0.2,1.9,1.1,-2.8,-2.2,-2.3,-1.2,-4.7,-2.4,-1.4,-3.6,-2.0,-0.4,-1.5,-2.1,-1.6,-1.7,-0.4,0.5,-0.0,2.7,0.2,-1.4,-4.3,-4.5,-3.8,-5.1,0.7,-0.8,-4.8,0.0,1.5,-0.5,-0.7,-1.5,-0.8,1.4,-2.3,-1.7,-2.6,-1.0,-2.0,-1.9,-2.0,-1.6,-1.1,-3.1,-2.6,0.1,-2.2,-3.0,-2.5,-3.6,-0.3,-3.0,-2.4,0.2,-0.4,-4.0,-3.4,0.1,-2.4,-0.8,-2.6,-3.0,-1.9,-1.9,-1.0,-2.8,-1.9
2C7L512eOk,0,48.101075,11.627589,4442271.92,2777726.23,545.5,591.2,235,7326,3.3,0.78,0.55,32.65,348.96,-0.529,-0.103,0.842,-0.6,0.2,0.28,0.25,0.4,0.2,-0.3,-1.4,0.1,-1.1,-2.6,-4.7,0.4,-1.5,-2.1,1.4,2.5,-1.5,-1.6,0.5,-2.7,1.0,-2.2,-2.4,-0.2,3.1,1.0,1.0,-3.4,-1.0,2.6,4.2,-1.5,2.5,3.9,0.8,-0.9,-7.1,-7.2,-3.6,-1.0,-0.0,-5.0,4.8,6.3,3.5,-0.9,0.8,2.4,-3.0,-11.2,1.6,0.3,0.4,-4.4,-0.5,-2.3,-0.6,1.8,4.7,-2.6,-2.0,11.7,-4.2,-0.3,-6.6,7.9,5.3,2.6,0.4,3.5,-2.0,1.1,-2.6,-5.5,8.5,-1.4,-2.2,-1.1,-7.4,-5.2,0.3,-0.1,-0.7,-1.0,-3.8,-11.2,-13.6,-1.3,-0.7,-1.1,-1.7,-1.5,-1.2,-5.1,-1.0,-2.4,-3.6,-3.2,-2.8,7.3,-4.3,-2.0,-1.0,-0.5,-2.2,-0.6,-3.1,-1.3,0.4,-2.2,-2.0,0.5,-2.1,-1.9,-1.7,-5.3,-4.3,-3.1,6.1,-1.0,-1.9,-2.9,-2.4,-5.9,-10.6,-3.3,-0.8,-0.6,-4.1,-3.0,-1.4,-1.5,-2.3,-2.9,0.2,-7.8,-1.1,-1.3,-5.4,2.9,-1.7,-1.9,-4.0,-1.4,-0.7,2.9,-0.6,-3.2,-3.2,-2.4,-8.8,-5.0,-4.4,-7.2,-3.2,-0.3,-2.1,-1.0,2.9,-3.9,-3.0,-0.8,0.0,-0.7,-1.3,-1.5,-1.2,-4.2,0.8,-2.3,-3.3,1.2,-6.1,-6.9,-1.8,1.6,1.5,-4.9,-4.2,-4.3,-3.9,-3.0,-1.2,-3.6,-6.8,-5.1,-2.5,-7.1,-3.7,-2.5,-4.9,0.9,-1.6,-0.5,-8.9,-6.7,-5.6,-4.5,3.9,-4.2,1.0,-2.8,-3.0,-0.9,-1.8,-4.0,-3.3,0.4,-4.7,-2.3,-4.6,-3.4,-3.5,-3.7
2C7L512eOl,0,48.101075,11.627586,4442271.7,2777726.19,542.6,588.3,235,7327,1.4,0.94,0.2,32.65,348.96,-0.529,-0.103,0.842,-0.4,0.1,-0.22,0.1,1.0,0.1,-0.3,-0.2,-1.6,-0.2,-0.7,-1.6,0.7,0.2,-1.4,1.8,0.6,0.6,0.5,2.1,0.8,0.5,0.9,1.4,1.1,1.3,2.3,1.0,2.2,1.0,2.8,3.9,3.3,3.0,4.9,2.4,0.0,-4.3,-1.5,-1.5,-0.8,1.9,-1.0,3.1,3.3,5.8,2.9,3.9,5.2,2.0,3.1,2.8,3.7,1.6,1.2,1.6,0.8,3.1,1.8,0.4,0.2,0.5,2.2,1.1,-0.1,-0.1,0.2,1.0,-0.8,0.6,0.6,1.1,2.9,-1.7,-3.2,0.2,-0.3,-1.3,1.2,-1.1,0.8,0.9,1.1,1.7,1.5,2.2,1.8,2.6,1.0,1.3,1.9,2.0,2.4,3.2,1.8,2.2,3.6,2.2,0.5,0.0,7.1,1.4,1.5,2.3,2.3,2.2,2.4,0.5,2.6,3.4,2.1,0.9,2.1,1.2,0.8,0.9,0.2,-0.3,0.9,0.8,-0.4,0.4,0.1,0.8,-1.1,-0.2,0.1,-0.6,-0.8,-0.2,-0.8,-0.1,2.5,1.6,1.6,1.1,-1.6,-0.7,2.3,2.7,3.2,0.4,-0.5,1.7,2.9,3.7,3.9,0.5,0.0,-0.3,-0.4,-0.7,0.8,0.1,0.4,-0.2,0.7,-1.1,-0.9,2.1,-1.2,0.2,-0.0,3.3,2.2,2.2,0.4,0.5,0.5,1.0,-0.5,-0.0,3.3,-0.1,-0.9,1.1,2.5,0.6,-0.0,-1.2,-1.6,-1.3,-0.4,-2.1,-1.4,0.8,-0.7,-0.6,-1.0,-0.8,0.0,-0.3,1.6,-0.1,2.0,-0.0,-1.7,-0.6,0.1,1.7,-0.7,2.0,-0.4,0.3,0.8,-1.7,-1.3,0.2,0.3,0.3,0.2,-0.1,-1.2,-2.2,-1.1
2C7L512eOm,0,48.101077,11.627604,4442273.06,2777726.49,540.7,586.4,235,7328,3.0,0.8,0.44,32.65,348.96,-0.529,-0.103,0.842,-0.1,0.2,-0.75,0.23,1.0,0.2,-0.3,1.1,-1.3,-1.9,-0.0,-1.6,3.2,1.9,2.4,0.1,-0.4,3.9,2.7,4.3,3.7,1.1,3.8,0.4,-3.3,2.3,1.6,2.7,3.4,1.9,4.5,2.4,5.5,1.2,4.9,9.0,-0.9,-1.5,-0.0,-1.4,-2.1,3.3,3.7,5.0,3.2,7.3,1.8,6.0,5.2,3.3,5.3,2.8,-0.8,-6.8,4.2,4.3,3.4,13.7,0.0,-0.9,1.8,0.8,1.3,3.0,0.2,0.9,4.9,6.3,1.0,2.7,5.0,-1.5,1.8,-9.2,-1.2,1.3,3.8,0.0,4.2,-2.7,6.5,3.4,4.1,4.8,2.5,5.2,2.1,6.3,3.1,3.1,4.9,6.7,0.5,5.2,5.7,4.1,5.7,5.1,3.0,1.3,7.4,3.0,4.8,5.6,5.6,5.7,4.5,4.6,4.5,6.0,6.8,3.2,4.0,1.8,2.6,3.4,3.3,2.8,5.0,4.3,0.6,4.1,3.7,4.1,4.6,1.8,3.1,2.3,-1.6,9.6,0.9,-0.2,8.5,3.6,3.6,2.5,4.9,1.9,2.9,7.5,3.3,2.7,1.2,5.5,3.8,5.5,17.9,-0.9,0.6,-0.9,0.5,2.0,2.6,4.0,6.1,4.0,4.7,-0.3,0.4,0.2,-1.5,4.2,0.7,7.0,9.4,5.4,3.7,2.0,1.6,-2.6,-0.9,3.9,6.1,1.2,6.2,4.0,4.6,0.9,-1.6,2.5,0.4,0.5,0.4,-10.7,1.0,9.3,1.7,0.5,-0.1,5.2,4.4,2.3,3.0,1.5,5.4,2.1,3.3,-3.7,5.5,5.7,4.2,3.9,2.3,4.1,2.7,-0.6,-1.6,1.8,4.7,3.9,2.4,3.5,0.3,-3.8,-1.4
2C7L512ePU,0,48.101414,11.630224,4442467.45,2777768.17,547.2,592.9,235,7372,4.5,0.58,0.87,32.66,348.96,-0.53,-0.103,0.842,-1.4,0.2,-0.75,0.35,1.7,0.3,-0.3,1.3,3.7,3.0,-0.4,3.1,2.8,-2.4,-4.2,5.3,5.9,5.8,4.2,-3.5,-9.3,-1.5,-3.9,-4.0,-3.7,-5.7,-0.3,13.1,-6.2,0.1,-4.1,-3.0,-2.5,-6.6,2.1,-3.8,-5.7,-4.1,-8.8,-6.9,-9.4,-9.4,-3.6,-0.6,0.6,-0.3,0.1,-2.5,4.0,-6.4,-2.2,-0.4,-4.8,-4.7,3.3,-4.8,5.4,-3.1,-0.3,-1.1,-2.1,-0.8,-2.6,2.8,-1.4,0.6,4.2,0.8,-4.4,-3.8,-0.5,3.7,6.6,7.4,-6.5,7.5,-1.3,5.6,-4.9,1.9,-4.8,-4.2,-5.9,-7.3,-4.7,-2.9,-4.3,-4.8,-5.7,-5.7,-0.3,-2.7,-1.5,-3.2,-4.5,1.2,-1.4,-4.4,2.2,-3.1,-1.5,-2.0,-1.3,4.7,-1.4,-4.9,8.8,10.0,-2.5,4.2,-0.7,-7.2,-3.5,3.0,2.3,1.0,-5.6,-3.9,-2.4,14.0,-4.3,1.0,2.4,3.5,4.6,3.2,7.8,3.7,2.8,5.1,-4.2,-1.8,-2.1,6.9,-7.1,-5.3,-2.3,-10.9,-6.3,2.7,-1.7,-5.0,-7.2,-3.4,-2.7,0.4,5.1,8.1,-7.5,-10.4,-7.7,-8.4,-2.0,-9.5,-5.2,-5.7,-5.8,9.3,-5.9,-5.4,-6.4,-6.9,-12.4,-8.8,-12.8,-7.8,-11.6,-6.0,-6.3,0.1,-0.0,-7.2,1.7,2.2,-3.0,-8.1,-8.1,-6.2,-4.6,-10.3,-7.9,-14.1,-5.2,1.0,-2.9,-10.2,-5.2,-6.5,-0.6,1.0,1.5,0.8,-4.2,-10.1,-5.7,-8.5,-9.7,-10.0,-8.0,-6.8,-9.4,-7.2,-10.6,-5.3,-4.8,-7.0,-7.0,-8.1,-9.3,-7.6,-15.5,-0.4,1.1,-8.4,-5.9
2C7L512ePh,0,48.101511,11.630981,4442523.58,2777780.21,548.0,593.7,235,7385,4.0,0.69,0.47,32.66,348.96,-0.53,-0.103,0.842,-0.3,0.2,-0.44,0.3,0.9,0.3,-0.3,3.6,2.4,3.5,2.8,0.9,-12.2,-0.8,1.4,0.3,-0.2,2.1,-2.9,2.6,1.0,1.2,0.3,-0.7,4.0,1.6,2.1,-0.0,0.0,-0.6,5.5,3.2,4.0,0.1,1.9,-0.2,-0.5,0.5,-1.7,-3.5,-2.5,-1.2,-1.4,3.5,2.1,2.5,3.7,1.5,3.7,5.8,1.6,0.1,1.2,4.1,3.2,3.8,3.2,5.6,6.6,3.1,4.0,6.9,3.5,5.0,0.3,1.4,-10.9,5.7,-2.0,2.5,-5.1,-10.4,-5.0,-5.2,-4.5,-2.1,-2.9,-2.1,2.7,0.1,1.7,-0.6,1.7,-0.2,-1.4,-3.7,0.5,-1.8,-0.9,3.2,-5.5,5.5,-0.8,5.7,4.4,0.0,4.5,4.1,-0.4,2.4,10.5,2.9,4.5,1.7,8.0,9.5,4.3,12.4,6.2,8.5,8.0,3.2,-10.2,4.9,-10.4,-2.0,1.0,1.7,3.1,1.9,1.6,0.2,0.9,2.5,3.2,2.5,3.5,1.9,1.9,3.2,1.6,3.4,9.0,3.0,-1.4,0.4,1.5,3.4,0.2,1.7,2.9,1.3,0.4,-1.7,-1.6,4.1,1.4,5.6,0.2,-3.5,10.9,3.8,0.7,-2.1,3.7,0.7,-2.1,-2.4,-3.0,-0.2,-2.5,0.9,3.7,1.5,0.9,0.9,-1.2,-2.7,1.0,3.3,0.3,1.4,0.9,1.7,-1.7,1.9,0.3,-3.4,-3.7,9.7,-9.4,1.5,-3.1,3.4,1.8,-6.8,-11.3,2.0,7.3,11.7,3.6,1.1,-0.7,-2.1,-1.0,2.4,-7.1,6.0,7.7,-2.0,1.3,5.9,0.1,-7.4,-0.5,0.9,-3.5,-2.8,-2.3,-3.8,-3.6,0.3,1.6,-3.0,10.1
2C7L512ePi,0,48.10153,11.631132,4442534.79,2777782.61,550.7,596.4,235,7386,3.2,0.73,0.38,32.66,348.96,-0.53,-0.103,0.842,-1.6,0.2,1.55,0.25,1.3,0.2,-0.3,-4.5,1.8,-0.4,-5.7,-2.4,3.8,0.2,-2.8,-8.1,-0.7,-4.5,2.1,-0.3,2.4,3.7,1.0,2.3,2.2,0.8,4.2,5.0,0.3,6.9,8.8,5.8,8.2,5.4,4.7,-2.8,3.5,2.5,-15.5,-17.1,5.2,-11.1,-10.2,-2.0,-6.7,-5.6,-4.4,-6.0,-8.9,-8.4,-10.2,-9.8,-8.2,-11.2,-10.5,-11.4,-9.8,-6.4,-6.6,-9.2,-7.6,-6.8,-8.8,-9.0,-7.8,-8.7,-8.2,-8.2,-6.3,-7.2,-9.9,-11.6,-10.3,-9.4,-9.7,-8.2,-8.2,-9.9,-9.9,-7.8,-7.5,-7.0,-6.3,-7.0,-6.3,-11.0,-9.4,-8.3,-9.8,-6.6,-7.6,-7.4,-7.5,-6.6,-4.9,-8.0,-8.0,-8.5,-10.1,-9.7,-8.7,-14.6,-5.7,-6.9,-5.0,-9.0,-10.5,-9.7,-7.1,-7.6,-6.4,-6.2,-7.9,-11.2,-11.1,-9.4,-9.3,-6.5,-6.8,-7.4,-7.5,-7.7,-6.5,-10.0,-6.9,-5.5,-5.6,-6.6,-8.5,-9.1,-7.4,-8.5,-3.1,-9.9,-7.8,-7.6,-7.4,-7.7,-7.8,-6.8,-9.6,-8.8,-7.7,-10.8,-9.2,-8.3,-7.6,-10.1,-10.1,-10.0,-10.1,-11.3,-8.9,-8.9,-8.4,-10.5,-10.8,-9.1,-11.5,-9.1,-9.8,-5.6,-2.9,-9.6,-10.9,-7.2,-8.9,-10.6,-8.7,-9.1,-9.9,-10.9,-8.6,-8.6,-11.1,-9.1,-8.1,-9.9,-13.2,-10.5,-8.8,-9.7,-9.7,-10.3,-11.1,-12.6,-11.3,-11.6,-10.2,-10.7,-10.2,-9.7,-11.7,-9.4,-10.9,-10.5,-14.2,-11.0,-7.6,-9.9,-11.5,-12.4,-11.6,-10.2,-11.4,-11.3,-12.6,-11.0,-9.0,-7.8,-6.5,-8.6,-9.8,-9.0,-10.6
2C7L512ePj,0,48.101538,11.631188,4442538.94,2777783.5,550.7,596.4,235,7387,2.4,0.79,0.27,32.66,348.96,-0.53,-0.103,0.842,-1.6,0.1,1.81,0.19,0.7,0.2,-0.3,-4.9,-3.0,-3.7,-5.8,-2.8,-2.0,-0.6,-0.3,-1.0,-2.1,-1.2,-1.0,2.4,-0.6,2.3,1.7,2.4,1.9,-0.1,0.8,0.9,1.5,0.5,3.7,-0.3,2.5,-2.0,1.3,-0.9,0.6,-3.5,-1.3,-0.1,1.1,-2.3,3.3,-18.3,-7.8,-7.9,-6.8,-8.6,-8.8,-8.4,-9.4,-8.2,-9.7,-10.4,-8.8,-9.8,-8.1,-8.0,-8.1,-9.7,-9.7,-8.7,-10.6,-9.7,-9.4,-8.6,-10.2,-9.3,-9.1,-8.9,-10.0,-10.7,-9.0,-9.6,-8.4,-9.2,-9.0,-10.0,-11.2,-10.4,-8.6,-10.3,-9.2,-10.9,-10.1,-10.3,-11.1,-10.7,-10.6,-8.8,-9.4,-8.4,-9.7,-9.0,-8.1,-10.0,-9.4,-10.4,-11.3,-11.7,-10.9,-12.5,-9.5,-8.3,-7.5,-10.3,-10.5,-10.8,-9.7,-8.3,-9.9,-9.1,-9.2,-9.4,-8.6,-10.5,-8.6,-8.0,-7.5,-7.6,-7.7,-7.3,-8.1,-8.4,-8.5,-7.4,-6.9,-8.2,-8.3,-10.2,-9.6,-10.0,-7.9,-9.5,-9.0,-9.7,-11.5,-8.5,-10.4,-8.9,-9.4,-11.2,-10.4,-11.8,-12.1,-8.4,-8.6,-9.7,-11.6,-11.8,-10.3,-9.8,-8.9,-10.3,-9.2,-10.2,-10.5,-11.7,-11.8,-10.0,-10.9,-9.2,-9.0,-10.8,-10.6,-8.9,-11.1,-11.0,-10.5,-9.6,-12.3,-12.3,-8.3,-10.9,-13.0,-9.8,-9.9,-10.1,-12.4,-11.8,-11.4,-11.5,-11.0,-10.1,-9.7,-11.9,-9.7,-10.6,-9.5,-10.2,-9.7,-10.4,-11.3,-11.4,-11.5,-11.0,-14.3,-12.0,-10.6,-11.4,-12.4,-11.2,-12.1,-10.9,-11.6,-10.0,-11.6,-10.7,-10.7,-10.9,-8.5,-9.9,-10.9,-10.4,-10.0
2C7L512ePk,0,48.101538,11.631192,4442539.26,2777783.57,548.1,593.8,235,7388,2.3,0.82,0.32,32.66,348.96,-0.53,-0.103,0.842,-1.5,0.1,1.4,0.19,0.3,0.2,-0.3,-2.1,-0.6,-1.4,-2.4,-0.9,-2.6,-1.5,-0.4,-4.5,-3.6,-1.7,-2.7,1.8,-2.3,0.8,1.1,-0.8,0.9,-0.9,-0.7,-1.9,-1.0,-3.1,-1.0,-3.9,-0.9,-3.2,-1.1,-3.2,-2.8,-4.7,-5.9,-3.8,-2.1,-1.6,-0.2,3.4,-7.2,-7.4,-5.8,-5.9,-7.1,-7.1,-6.6,-5.6,-6.2,-6.9,-6.4,-8.7,-8.2,-4.4,-5.4,-9.4,-9.4,-8.9,-11.9,-8.3,-9.3,-8.2,-9.4,-9.0,-7.8,-7.6,-7.5,-10.1,-7.5,-10.0,-7.0,-9.2,-8.9,-10.2,-11.4,-10.2,-7.9,-9.2,-9.2,-10.3,-9.8,-9.4,-9.8,-11.4,-9.0,-7.9,-9.6,-5.2,-7.6,-6.7,-7.3,-8.8,-9.0,-9.2,-12.0,-12.4,-10.2,-13.2,-12.4,-7.4,-8.6,-9.6,-9.7,-9.8,-9.3,-9.3,-10.1,-10.5,-9.9,-10.3,-7.0,-8.9,-6.5,-4.1,-4.9,-5.1,-4.8,-3.6,-4.9,-4.5,-7.6,-5.9,-2.4,-6.5,-4.9,-8.7,-11.0,-11.8,-8.4,-7.0,-7.5,-8.7,-10.9,-7.6,-10.0,-10.8,-7.2,-11.3,-9.6,-10.7,-12.1,-7.6,-6.7,-7.6,-12.5,-12.1,-7.3,-9.1,-5.6,-7.1,-7.8,-6.3,-8.5,-11.6,-13.0,-8.6,-10.1,-7.6,-9.2,-11.1,-11.2,-9.7,-9.2,-11.0,-10.9,-9.7,-10.7,-11.2,-4.7,-10.8,-17.1,-10.3,-11.0,-9.0,-12.4,-13.4,-9.9,-11.9,-10.8,-8.4,-8.2,-10.7,-7.5,-8.3,-7.3,-10.3,-9.4,-11.5,-12.8,-11.7,-11.2,-9.1,-12.5,-10.2,-10.0,-10.4,-12.0,-11.9,-11.6,-9.1,-14.3,-8.6,-9.3,-12.4,-9.7,-7.4,-7.2,-9.8,-12.1,-8.7,-9.5
2C7L512eQO,0,48.101804,11.63326,4442692.69,2777816.5,538.0,583.7,235,7428,1.9,0.88,0.33,32.67,348.96,-0.53,-0.103,0.842,-0.2,0.1,-0.19,0.15,1.6,0.1,-0.3,-0.2,0.9,0.2,1.4,1.1,0.9,0.4,0.7,-0.2,-1.1,-0.3,1.4,0.4,-0.3,0.0,0.4,-4.9,-1.8,-4.6,-3.0,-5.8,-3.7,-3.4,-2.5,-3.6,-1.7,-2.9,-7.7,-7.6,-5.1,-6.6,-4.4,-4.2,-5.4,-6.0,-4.2,-2.3,-2.1,-0.2,1.1,-8.5,-10.6,-7.7,-1.0,-4.0,-3.6,2.3,0.9,-1.5,0.4,-1.3,0.4,-1.2,-1.8,-1.6,-1.1,-0.2,-0.2,-1.5,-1.3,-2.1,-0.5,-2.7,-0.7,-1.1,-1.7,-2.0,-0.5,-1.0,-3.2,-1.0,-3.3,-0.9,-1.8,-2.8,-1.8,-0.9,-1.5,-0.2,-4.2,-2.7,-5.0,-3.3,-2.0,-3.1,-3.8,-1.3,-2.3,-3.1,-3.5,-1.9,-4.5,-1.9,-4.5,-2.1,-5.5,-5.5,-1.6,1.4,-3.8,4.2,-3.7,-1.2,-1.3,-3.6,-3.0,-1.6,-2.0,-2.9,-2.5,-1.3,-3.3,-1.8,-3.2,0.8,-1.2,-1.6,-0.5,-1.7,-1.7,-1.8,-0.8,-2.0,-2.7,-1.6,-0.7,-2.1,-4.2,-3.9,-6.8,-0.3,-2.2,-0.8,-4.4,-3.2,-3.0,-1.7,-1.1,-2.0,-2.8,-3.3,-0.9,-1.2,-1.4,-0.6,-0.9,-1.1,-1.3,-1.2,0.6,-1.9,-2.6,-0.1,-2.2,-1.4,-0.2,-3.9,-1.5,-5.8,-4.3,-4.5,-4.2,-1.1,-2.4,-7.0,-2.0,-2.1,-7.6,-8.0,-2.3,-3.3,-2.7,-1.8,-0.9,0.2,-0.6,-0.6,0.1,0.3,-1.4,-1.9,-1.2,-2.3,-2.1,-0.4,-5.2,-3.2,-5.5,-5.2,-5.0,-5.7,-4.7,-2.9,-6.6,-2.8,-3.7,-3.8,-4.7,1.1,-11.3,-2.8,-4.0,-0.6,-2.2,-0.6,-4.1,-2.0,-3.9
2C7L512eQR,0,48.101841,11.633547,4442713.95,2777821.05,544.8,590.5,235,7431,2.6,0.83,0.37,32.67,348.96,-0.53,-0.103,0.842,-0.3,0.1,-0.61,0.2,0.3,0.2,-0.3,-1.1,-1.2,0.2,-0.2,1.1,-0.5,-2.0,0.2,-0.3,1.7,2.6,1.3,1.3,3.4,-0.3,-0.5,0.6,-0.4,-2.6,-1.2,-1.5,-0.8,0.9,0.7,0.0,1.9,4.9,4.7,2.6,-0.1,-0.4,-3.2,-5.1,-5.6,-3.3,-0.9,1.7,2.1,-1.4,0.6,2.5,5.8,0.1,1.0,0.9,2.5,0.7,3.6,-1.2,-0.7,-3.3,-0.6,-0.8,0.3,0.7,1.3,0.7,3.4,-0.8,-0.5,-1.1,3.2,-3.2,-1.6,-0.5,9.6,-4.4,-0.3,-2.8,-3.3,1.9,0.7,-0.1,-1.2,0.8,0.9,-0.7,1.0,1.8,-0.5,1.0,-0.1,2.0,0.3,1.2,0.2,1.3,-1.9,-2.2,-1.9,-2.6,5.9,1.8,-1.7,1.8,1.8,1.5,2.4,3.5,1.5,1.3,1.8,2.8,3.0,-0.1,1.0,2.4,2.6,3.9,0.4,3.8,4.7,5.9,4.1,3.7,3.0,5.6,0.9,-4.5,1.0,3.3,1.0,-3.5,-1.3,0.8,2.8,0.7,-0.9,-0.4,-2.9,-3.6,3.2,9.9,-0.9,-4.9,-1.1,-3.0,-2.6,3.7,4.5,-2.3,-3.4,-0.5,1.1,2.7,2.5,3.9,-2.4,-2.7,-3.6,0.8,-0.4,0.0,2.2,-0.1,4.7,1.3,3.7,5.7,1.9,-3.5,-3.1,-0.4,-2.2,-0.2,3.7,4.8,-4.4,2.9,2.3,0.8,-1.9,-0.9,0.6,-3.2,-2.6,0.3,-2.2,1.2,0.5,-2.9,1.6,2.7,0.3,-1.4,-1.3,-2.3,-2.7,-4.8,-5.0,7.9,-0.9,6.6,-0.6,2.0,-0.3,-3.6,-4.0,-0.1,-2.6,-1.7,-4.4,-1.6,-0.1,0.8,-2.4,-5.7,-2.5
2C7L512eQq,0,48.102046,11.635146,4442832.55,2777846.47,554.0,599.7,235,7456,4.0,0.69,0.49,32.68,348.96,-0.53,-0.103,0.842,-1.1,0.2,-0.24,0.3,0.6,0.3,-0.3,-2.2,0.1,-2.6,-3.2,-0.2,-1.2,1.4,1.8,-0.1,0.5,0.4,-1.7,-2.2,2.1,1.5,1.0,0.7,-4.1,-2.5,-3.7,2.4,-3.5,3.4,1.2,0.9,-0.5,0.6,1.5,-2.3,-2.7,-2.9,-5.2,-6.6,-5.2,-4.7,-5.1,-0.6,-0.9,-1.7,-2.4,2.2,7.7,-0.0,0.7,-2.7,2.4,-1.5,0.3,0.2,2.2,-0.7,0.6,0.4,-0.1,1.1,-3.5,-2.0,-1.4,-0.2,-1.6,-0.4,0.2,-3.7,3.0,1.2,0.8,-2.1,5.2,1.2,0.7,0.9,-2.6,0.0,2.7,-0.1,-2.0,0.2,-0.0,1.0,-2.6,-2.6,-1.3,-2.7,-2.6,-7.8,-0.6,-0.2,0.6,-0.3,-2.3,-3.3,-7.3,-1.3,-6.4,-6.7,8.2,-6.9,-1.1,-0.4,-9.8,-3.4,1.8,-1.2,-0.9,1.7,-1.3,3.5,-3.1,-1.4,-3.9,-2.9,-5.9,-1.8,-1.6,-2.8,-3.0,0.4,-4.2,-6.7,-4.2,-2.2,-4.5,-2.3,-3.4,2.3,1.6,-5.0,-3.2,-5.9,-5.1,-2.8,-12.8,-7.8,-4.8,-0.9,-5.0,-5.7,-0.1,-1.8,1.8,-4.5,-2.2,0.7,0.5,1.8,1.3,-16.8,-8.6,-1.6,5.4,0.6,-4.9,-3.9,-5.3,-0.1,4.4,-1.9,-4.4,-7.7,-2.7,-2.2,-6.4,0.6,-6.2,-6.8,-8.0,3.0,-3.1,-2.1,-9.3,-1.9,-3.4,-8.2,-10.0,-6.7,-7.0,-5.3,-6.4,6.3,-8.2,-8.1,-0.2,-0.8,-1.6,2.6,-2.0,-6.6,-4.7,-0.2,-13.0,-10.2,5.3,1.3,4.3,1.2,5.1,-14.1,-17.4,-18.6,-8.5,5.3,-0.0,-10.0,-8.9,-9.6,-12.9,-8.1,-5.6
2C7L512eQr,0,48.102055,11.635221,4442838.16,2777847.68,553.1,598.7,235,7457,3.3,0.76,0.42,32.68,348.96,-0.53,-0.103,0.842,-0.6,0.2,-0.71,0.25,1.3,0.2,-0.3,-0.9,-1.2,2.0,0.2,-0.4,2.8,1.4,1.1,-0.6,-0.8,0.7,0.2,-1.9,-2.2,0.5,-1.1,-4.6,-5.2,-0.2,11.4,-4.8,-3.3,1.3,-2.0,-3.5,-5.5,0.9,-2.3,1.7,-0.9,6.3,-5.4,-4.5,-6.8,-6.8,-4.5,-0.4,-1.6,-1.6,-2.3,2.2,0.1,-2.9,-0.9,-7.2,0.4,0.6,-4.2,-1.6,-2.6,-0.6,1.3,2.3,3.2,0.7,-3.7,-2.5,-1.2,1.2,1.2,-0.3,-1.5,-1.1,-0.9,-1.2,-0.9,-0.8,-5.5,3.9,2.0,-4.9,3.4,-1.3,13.0,7.5,-1.2,-4.4,10.5,3.5,-3.2,0.6,-4.9,-2.6,-1.7,-0.1,-6.8,-5.4,-6.0,-3.3,-1.6,-3.1,0.7,-0.8,-8.0,2.0,2.7,2.7,1.9,1.1,1.0,3.6,-2.8,3.2,5.1,0.7,1.9,0.3,3.5,-0.6,2.8,-4.1,1.0,1.7,2.1,2.6,-0.8,-0.1,1.8,-2.0,1.9,1.1,2.2,-0.5,-2.0,-6.8,-4.3,1.2,-2.8,-3.0,-6.5,-1.1,-0.4,1.8,1.9,-2.9,-1.1,-0.2,0.7,4.9,3.3,-0.6,-1.7,0.4,0.9,0.5,2.3,-0.1,1.7,1.8,-1.0,1.8,-1.0,-3.2,-2.6,-0.4,-0.5,-1.5,1.2,2.3,-1.2,-10.2,-11.0,-4.6,-5.5,-0.5,-0.6,1.2,-0.8,5.0,-1.8,-4.1,-3.5,-2.7,1.1,-0.6,-3.2,-4.3,-1.3,12.2,-3.1,-5.8,-6.9,-6.6,-4.2,-3.1,-2.6,-3.2,-3.8,-8.5,-5.9,-9.2,-1.0,-6.8,-3.8,0.2,1.1,-7.8,-2.4,-3.5,-5.8,-2.4,-2.2,-1.1,-3.1,-1.5,-2.9,-0.9,-1.9
2C7L512eOM,0,48.100914,11.626191,4442168.19,2777706.05,544.0,589.7,235,7302,3.1,0.8,0.45,32.64,348.96,-0.529,-0.103,0.842,-0.4,0.2,-0.12,0.24,0.2,0.2,-0.3,-1.4,-0.4,0.9,1.0,0.5,1.1,1.0,1.3,1.5,1.4,-0.5,-0.4,-0.3,0.9,-1.1,-0.1,0.3,1.3,-0.2,2.3,2.0,2.2,1.1,-3.0,1.6,1.1,3.0,-3.2,-0.6,1.5,-3.9,2.4,-1.4,-3.1,-2.5,-1.1,1.7,-1.0,3.4,1.2,2.7,0.0,8.9,6.5,2.9,4.0,-7.7,-1.5,-1.3,4.0,-1.1,1.1,-0.4,3.7,0.4,1.6,0.6,1.4,-1.1,1.7,-5.0,1.4,-1.3,-2.5,-7.1,-1.0,1.2,0.0,2.7,3.3,-0.6,-3.9,-1.7,-2.4,1.6,14.2,1.7,1.3,-1.8,-1.8,5.4,4.2,0.4,-6.0,2.9,2.1,0.7,0.2,3.7,2.0,0.4,-2.7,-3.3,-0.0,-2.7,-2.9,1.4,-3.1,0.8,1.3,-2.8,0.6,-3.5,2.4,0.9,2.0,6.1,-1.9,1.1,-6.3,1.2,-1.0,0.3,-1.4,0.1,-0.1,-7.6,-1.8,-1.0,1.6,-5.3,3.0,-3.8,10.4,1.0,3.7,-3.2,2.6,-0.3,-5.3,2.8,-0.2,-1.8,0.9,-1.0,-0.5,0.9,4.8,3.2,5.0,-0.1,2.6,5.0,-0.4,0.8,0.7,1.1,0.7,1.9,1.3,-7.1,-0.6,0.7,-1.5,0.4,-2.2,0.4,-0.6,-1.3,7.3,-1.5,-3.5,0.5,-0.1,-1.3,3.8,1.2,-4.8,-1.9,-0.2,-1.7,-1.1,-4.1,-4.2,-6.0,-4.5,-1.4,-10.8,0.3,1.5,-0.4,0.4,-0.3,-4.1,-2.9,-1.3,-1.9,2.8,0.6,-5.4,0.6,-2.6,-0.9,-4.0,-2.8,-3.6,-3.2,1.1,-0.8,3.1,-3.5,-0.3,-0.8,-5.0,10.6,-1.1,-1.7,-0.1
2C7L512eOo,0,48.101093,11.627581,4442271.26,2777728.18,534.6,580.3,235,7330,3.0,0.79,0.4,32.65,348.96,-0.529,-0.103,0.842,-0.2,0.2,-0.66,0.23,0.9,0.2,-0.3,-2.7,-2.1,-0.6,-3.9,0.7,0.1,-0.5,-1.9,-6.8,1.2,0.7,1.5,-1.1,-1.5,-4.5,-1.5,-1.8,-0.6,-2.2,0.2,1.3,-0.7,0.9,-0.3,2.2,2.6,4.1,4.1,0.0,-3.7,-3.2,-3.0,-6.0,-6.1,-1.0,-2.1,1.4,-0.6,2.5,9.1,0.3,4.9,-0.3,-0.4,-1.0,0.7,2.7,1.3,-0.4,6.1,-2.7,2.5,3.1,0.9,9.5,-0.7,8.8,-3.2,2.5,-2.8,1.5,1.3,-1.3,8.1,2.5,1.7,0.9,-1.9,-3.0,-3.0,2.0,1.5,2.0,-0.0,-2.1,-11.0,-0.8,-3.1,-1.4,1.1,-2.5,0.5,0.6,1.9,-1.4,-1.1,1.1,-1.1,-0.8,1.2,-0.3,3.3,2.1,-0.9,-1.4,-0.8,1.5,-0.7,-4.8,3.1,2.8,1.0,1.8,0.8,-1.2,-0.2,1.0,1.0,-2.7,-1.7,-3.5,2.2,-2.9,1.8,4.7,-0.7,0.4,8.3,1.7,1.7,-4.4,1.2,2.5,-2.7,-0.5,4.0,4.4,-1.1,0.7,-0.3,-2.7,2.2,5.8,0.2,-1.4,-1.4,-0.1,-6.2,2.5,6.1,1.3,5.0,2.0,7.7,0.1,0.5,-7.7,4.0,13.6,3.4,-5.1,6.0,-1.7,-3.6,-0.1,1.5,1.7,2.4,-5.7,1.8,-4.1,-0.9,0.3,-0.9,-3.2,3.8,-1.8,-4.5,0.8,-0.8,-0.7,-2.7,-2.2,0.9,1.1,4.5,-0.5,0.6,7.4,-1.6,-0.7,-0.9,2.2,0.7,-0.7,-0.9,-0.2,-2.5,-1.3,-2.9,-1.4,-0.4,-0.6,-2.4,-1.0,-2.2,-2.8,-4.2,2.7,-1.7,-1.2,-2.8,-0.4,-0.5,-1.4,-0.8,-0.1,-2.8
2C7L512eP0,0,48.101187,11.628308,4442325.26,2777739.76,535.5,581.2,235,7342,4.0,0.59,0.42,32.65,348.96,-0.53,-0.103,0.842,0.8,0.2,-2.17,0.32,0.9,0.3,-0.3,-1.8,-1.6,0.7,-0.1,-3.6,-3.4,-1.9,-0.6,-1.5,1.9,-1.5,-2.8,-4.7,-1.2,4.3,3.0,13.1,5.8,6.3,16.9,1.3,7.2,9.8,6.3,16.0,7.7,6.8,11.6,8.6,7.7,6.7,6.2,8.5,7.5,9.8,-2.4,9.7,8.9,8.8,7.8,7.8,8.1,-0.3,9.7,10.4,9.0,15.1,11.9,4.2,-2.4,11.5,7.2,6.6,8.2,9.7,11.4,7.8,12.2,10.6,10.4,10.1,6.8,15.7,5.0,2.0,14.5,2.8,8.1,7.4,14.9,8.5,19.8,16.6,10.1,19.6,13.0,14.9,9.7,6.2,11.7,7.2,1.5,12.7,15.7,5.3,5.9,14.0,10.7,15.6,9.3,13.6,14.1,14.4,16.4,20.7,20.0,3.5,19.8,7.0,15.7,-0.0,-3.7,18.2,6.8,9.2,9.2,11.1,6.4,7.4,1.4,9.0,3.9,10.9,9.2,11.3,9.6,3.9,7.5,10.0,10.8,17.9,14.6,12.3,12.2,12.5,12.6,11.5,13.1,10.4,7.9,9.3,11.3,9.1,10.5,9.1,6.4,9.4,9.7,11.6,12.4,12.2,8.8,8.7,11.2,9.2,10.0,12.6,10.1,10.3,15.0,12.5,8.2,11.0,9.7,9.2,10.1,9.1,8.6,9.6,8.4,8.7,9.6,10.4,9.7,9.8,11.7,11.8,8.8,8.9,9.8,9.9,5.5,8.4,11.1,11.8,14.5,11.5,15.0,11.1,13.0,11.8,11.6,10.3,4.4,8.6,5.6,11.0,7.5,3.9,6.4,8.7,8.2,7.9,9.2,11.3,9.8,6.2,7.0,9.0,6.6,10.3,6.5,7.5,11.6,10.1,11.4,9.0,3.5
2C7L512ePL,0,48.101327,11.629405,4442406.59,2777757.21,532.2,577.9,235,7363,4.0,0.69,0.51,32.66,348.96,-0.53,-0.103,0.842,-0.8,0.2,-0.01,0.3,1.5,0.3,-0.3,-3.8,-3.2,-1.4,-1.2,-1.1,-3.9,0.1,-1.5,-0.4,2.3,-0.5,-0.9,-1.3,-0.1,-1.1,-0.7,2.4,1.4,1.0,0.7,-0.4,1.1,1.3,-0.9,0.1,1.4,3.8,-1.9,0.9,-3.8,1.0,-0.3,-1.2,1.5,0.8,1.9,6.2,2.3,3.8,3.4,4.5,4.0,4.1,-0.6,2.6,1.3,4.2,0.6,5.2,4.9,4.5,-9.7,-2.3,0.9,-0.1,3.4,2.4,2.5,3.0,-0.4,4.3,1.0,2.5,-2.5,3.5,2.2,1.3,1.6,0.9,1.6,2.6,1.9,1.7,2.1,0.5,1.6,0.9,2.5,2.4,1.8,1.8,0.5,1.1,-0.1,-1.0,-0.4,-0.3,1.1,-1.1,0.6,-0.1,-1.0,-2.9,0.9,-3.7,-0.1,-0.2,-3.3,-5.6,-6.6,-6.6,-8.2,-4.8,-1.9,-9.1,-7.1,-2.5,-3.6,-3.0,-4.9,-4.0,-4.3,-8.0,-2.4,-4.7,-2.6,-6.2,-4.9,-1.6,-2.5,-0.9,-1.0,-3.5,-1.2,13.5,-8.2,0.1,3.9,2.4,-5.2,-3.5,-3.1,-5.0,-1.8,-7.5,-6.2,-4.5,-2.9,-0.5,0.1,-3.0,-5.8,-1.6,-0.1,-7.8,-0.6,2.6,-0.1,-0.8,-0.1,4.1,-13.5,10.3,-6.5,6.9,7.0,5.6,4.8,5.0,2.0,-2.0,-0.7,-0.6,-2.2,-0.2,1.5,-4.5,-0.6,-3.5,-11.4,-11.5,-0.9,-0.6,-1.2,-0.1,-10.4,-12.3,-6.6,8.4,6.6,10.3,-9.4,-8.9,-4.1,-7.0,-1.1,-1.6,-5.0,-4.9,-6.8,-4.2,-4.4,-5.2,-6.7,-4.0,-4.1,-4.4,-9.4,-6.4,-6.8,-0.2,-4.6,2.0,-3.9,-2.9,-2.0,-9.2,10.7
2C7L512ePa,0,48.101543,11.631088,4442531.49,2777783.93,571.0,616.7,235,7378,3.7,0.73,0.49,32.66,348.96,-0.53,-0.103,0.842,0.1,0.2,-0.33,0.28,0.7,0.2,-0.3,0.8,-0.8,-5.5,-3.0,-2.9,-6.8,7.2,1.1,-0.1,-2.3,0.7,-3.2,3.2,0.0,1.5,2.7,-0.7,7.3,1.0,1.9,-0.2,-8.4,1.4,4.0,1.8,5.2,-1.2,-1.7,5.5,0.4,-2.3,-2.9,-3.1,-3.6,-0.2,-0.2,4.8,1.5,7.0,1.4,2.6,3.8,5.7,2.8,4.4,0.5,-1.0,1.1,-1.3,-3.0,1.2,5.1,1.1,6.1,4.6,-1.1,1.4,0.6,3.0,11.2,4.2,11.1,1.3,-0.9,3.7,-1.4,0.0,-1.7,3.3,4.0,-2.4,0.7,3.3,-0.4,3.4,-13.3,1.5,3.0,-1.8,-5.8,2.9,-1.0,2.0,2.0,2.2,-1.5,3.3,-0.4,9.1,7.1,-3.7,-0.9,5.0,-5.4,3.2,9.5,5.2,-7.7,-11.1,-1.4,-1.5,-10.8,5.6,6.4,6.1,-2.1,4.7,-0.7,1.3,-0.2,3.0,3.9,3.6,3.4,5.5,2.5,0.6,-0.6,0.9,0.5,-0.4,-1.1,1.2,-2.7,2.7,-2.4,2.5,-0.5,0.7,5.6,2.9,2.9,8.9,0.9,-1.1,-0.1,4.5,1.6,2.0,5.5,4.9,0.4,2.0,3.2,2.0,2.2,-3.5,1.4,0.1,3.5,-0.3,0.8,0.0,-0.1,0.5,0.6,1.6,5.4,3.3,2.6,3.1,3.0,12.6,3.6,-1.0,10.3,2.7,-8.1,3.0,3.4,4.3,-2.4,4.2,0.0,1.4,-1.3,1.7,-1.0,2.5,-2.3,-3.0,3.0,-4.1,-0.3,-4.6,1.0,-1.6,-2.4,5.0,1.7,-3.3,3.3,-1.8,-0.1,-0.6,5.9,5.3,5.4,2.6,0.5,0.7,0.3,2.2,1.7,0.9,-2.6,1.7,4.7
2C7L512ePb,0,48.10155,11.631146,4442535.77,2777784.85,571.0,616.7,235,7379,2.2,0.86,0.38,32.66,348.96,-0.53,-0.103,0.842,-0.1,0.1,-0.08,0.17,1.6,0.1,-0.3,-0.2,-1.0,0.4,-2.5,-1.4,0.3,-0.4,1.1,1.4,-1.0,-1.0,-1.2,1.3,0.4,1.4,2.3,2.3,0.3,1.5,2.0,0.9,1.7,1.9,5.0,3.0,3.5,2.8,1.1,4.8,3.7,-1.6,-1.2,-0.0,0.5,-0.8,2.1,8.7,4.9,5.2,2.8,5.2,3.5,5.2,2.4,3.1,4.2,-1.4,1.6,0.6,1.8,2.6,4.3,1.7,6.7,2.2,-0.3,0.1,2.3,3.1,2.2,1.2,10.8,1.0,1.0,1.7,-2.0,1.4,-1.1,1.1,3.9,-6.5,0.0,1.7,-0.6,2.7,-4.2,-2.6,-2.1,-3.1,-1.0,2.3,2.0,3.5,2.3,2.6,1.1,5.1,3.4,3.7,4.4,2.2,0.7,3.6,1.0,3.4,6.0,4.7,5.2,3.7,2.9,5.9,6.1,5.6,4.9,3.4,1.4,3.2,-0.8,2.8,1.5,4.6,3.1,0.6,2.8,0.2,-0.6,-1.2,0.8,2.5,0.4,1.6,-0.3,2.0,1.0,-0.0,-0.1,2.4,1.3,2.3,1.8,2.6,2.6,5.0,1.7,2.0,1.9,2.9,3.0,4.2,1.9,1.7,0.9,2.4,0.4,1.1,2.6,-3.4,1.1,0.0,-0.2,-1.5,-3.6,0.6,0.9,0.9,1.1,0.2,2.6,4.3,3.1,4.0,2.7,3.0,0.9,2.3,4.6,0.8,2.8,4.5,5.2,3.8,2.4,-3.8,-0.5,0.5,-0.2,0.7,1.2,-10.7,3.7,1.2,0.6,-0.8,-1.2,0.3,2.0,0.2,1.5,-2.3,-3.7,1.7,1.8,4.8,4.2,4.6,-1.8,1.8,4.9,1.9,1.7,1.8,1.9,11.1,3.2,3.1,-1.3,-1.4,1.2
2C7L512ePn,0,48.101539,11.631052,4442528.78,2777783.42,534.5,580.2,235,7391,3.0,0.81,0.45,32.66,348.96,-0.53,-0.103,0.842,-0.8,0.1,0.31,0.23,0.4,0.2,-0.3,-0.4,11.4,5.9,6.8,-1.7,-1.5,-3.5,-0.9,-8.8,-0.1,-13.8,-6.4,-5.7,-2.5,-8.7,10.2,1.8,8.7,5.1,2.5,-0.8,1.2,-1.2,0.4,-0.7,2.6,2.3,2.5,2.8,-2.4,-3.4,-6.0,-3.0,-4.0,-12.1,-0.4,1.2,-4.4,-4.9,-2.7,-3.8,-5.4,-2.8,-1.4,-4.6,-6.0,-7.0,-5.8,-4.1,-6.8,-6.1,-2.4,-2.6,-2.0,-4.1,-3.8,-3.5,-4.6,-3.3,-3.7,-3.0,-0.6,1.3,-3.2,-0.4,-4.3,-4.5,1.6,-4.0,-4.2,-3.5,-4.0,-4.1,-4.4,-3.1,-3.6,-5.7,-4.9,-4.2,-2.7,-5.8,-1.5,-5.6,-3.3,-3.2,-1.9,-1.6,-0.4,-0.6,-1.9,0.2,-6.5,-7.4,-0.5,-4.8,-5.7,-6.0,-0.1,-2.5,-6.5,-5.4,-2.6,-3.2,-3.7,-3.9,-3.4,-4.0,-5.9,-3.5,-5.7,-4.9,-3.6,-5.0,-5.1,-5.6,-6.4,-5.2,-5.5,-3.8,-5.4,-4.5,-4.7,-4.0,-4.2,-3.3,-2.8,-5.3,-2.3,-5.9,-0.7,-5.3,-6.5,-2.3,-3.8,-4.0,-2.7,0.9,-3.8,-1.5,-1.1,-4.3,-2.7,-4.9,-5.9,-5.2,-3.7,1.1,-2.7,-4.0,-3.6,-3.5,-6.5,-2.8,-4.4,-2.5,-5.6,-5.4,-4.0,-4.8,-2.3,1.8,-1.6,-3.2,-0.1,-4.2,-2.5,-2.2,-7.0,0.0,-3.1,-7.5,-3.6,-7.0,-4.2,-4.5,-6.8,-6.3,-7.7,0.5,-4.0,-5.4,-6.1,-7.7,-6.8,-7.2,-7.0,-6.8,-2.9,-4.4,-9.0,-5.0,-4.4,-0.8,-8.6,-8.9,-11.1,-8.4,-3.8,-5.8,-7.1,-5.3,-6.2,-5.2,-7.1,-4.5,-2.8,-6.6,-4.4
2C7L512eQJ,0,48.101807,11.633145,4442684.07,2777816.7,547.4,593.0,235,7423,3.9,0.68,0.43,32.67,348.96,-0.53,-0.103,0.842,-0.4,0.2,0.22,0.3,1.0,0.3,-0.3,-1.8,-3.9,-1.1,0.5,2.0,-5.9,-2.2,7.1,-0.1,0.5,0.8,-3.7,2.6,-1.8,2.4,1.2,0.4,0.5,-3.9,-4.7,-6.4,-3.5,-5.5,-2.4,-0.9,-2.8,-1.8,-11.1,2.1,-7.1,1.2,-6.6,-8.8,-7.5,-8.1,-7.7,-2.8,-3.4,1.6,-1.3,-0.5,-3.5,5.3,-1.5,0.7,-4.1,-7.6,-5.8,-9.7,-8.3,-9.4,-9.3,-3.9,-3.1,-5.4,-3.8,-6.7,-5.0,-7.2,-8.1,-9.5,-3.9,-5.6,-5.0,-3.5,-6.5,-9.5,-1.1,-3.8,-3.8,-7.4,-4.6,-7.0,-8.5,-3.0,-4.6,-5.3,-2.7,-8.3,-3.9,-2.6,-3.1,-4.6,-3.1,-4.6,-3.3,-5.9,-5.5,-4.9,-7.7,-8.0,-4.7,-5.0,-8.0,-7.0,-3.9,-4.3,-3.0,-5.8,-7.4,-5.1,-6.1,-4.8,-5.7,-5.2,-3.6,-3.4,-1.2,0.4,-0.6,-0.5,-3.3,-1.7,-3.4,-1.7,0.9,-0.5,1.2,-8.4,-6.1,3.5,-11.6,-7.0,-11.6,9.4,-2.8,-9.2,-3.3,-7.9,-9.4,-8.4,-3.9,-0.2,-4.0,-5.5,-6.3,-3.2,-6.4,-1.1,-0.2,-3.6,-7.2,-3.5,-4.6,-3.5,-15.3,7.0,-6.1,-2.9,4.3,-9.6,-10.3,2.9,-1.1,2.7,3.8,-1.7,-3.5,2.1,-4.4,-8.9,-4.1,-6.0,-6.5,-9.2,-6.0,-4.1,-9.0,-3.9,-5.9,-6.9,-8.1,-2.6,-0.0,-6.4,3.9,4.7,9.7,-2.6,-9.5,-8.7,-6.2,-2.5,-3.8,-8.6,-12.9,0.4,-11.9,-7.7,-4.3,-3.6,-8.9,-3.6,-4.1,-3.6,-8.3,-8.1,-12.3,-6.7,-3.7,-4.8,-13.5,-3.6,-3.3,-0.6,-7.7,0.0,-5.2
2C7L512eQK,0,48.101811,11.633175,4442686.3,2777817.19,544.8,590.5,235,7424,3.9,0.69,0.46,32.67,348.96,-0.53,-0.103,0.842,-0.5,0.2,-0.02,0.3,1.6,0.3,-0.3,-0.9,-1.7,-1.4,4.3,-0.9,-3.0,2.0,0.8,-1.8,-3.5,-0.8,1.0,2.8,2.1,-0.7,-1.7,-4.3,-3.6,-4.4,-5.0,-7.9,-1.3,-2.4,-1.7,1.6,0.9,2.8,-2.7,2.4,-4.5,-17.0,-6.3,-4.7,-5.9,-5.1,-4.2,-2.5,0.0,-3.7,-2.9,-7.2,2.6,-9.7,-2.3,-6.8,-6.2,-1.2,-2.5,-4.6,-4.3,-6.5,-3.3,-9.5,-2.3,-2.8,-1.1,-0.0,1.7,3.1,0.5,-0.8,2.1,0.4,0.8,4.0,1.1,-1.8,-2.4,0.2,0.1,-1.7,-1.8,-0.8,0.1,-0.9,-2.7,-1.0,-4.8,-6.5,-4.6,-6.2,-4.2,-4.2,-5.9,-5.1,-4.7,-7.4,-4.6,-4.1,-4.4,-4.3,-9.4,-6.9,-8.6,-7.0,-8.7,-4.9,-4.4,-3.7,8.0,-2.1,-6.5,-5.9,-3.2,-6.4,-4.4,-3.7,-1.6,-3.0,-0.7,-1.7,-3.0,-0.4,-4.1,-5.5,-0.0,4.1,-0.0,-14.3,11.2,7.3,-3.0,1.4,4.3,-13.5,-0.0,-1.1,-7.5,-13.4,-7.2,-1.0,-1.3,-0.9,-4.0,-17.7,-5.2,-2.4,-4.4,-2.1,-1.6,0.9,-7.0,-6.6,-4.8,-4.0,-3.5,0.8,-4.4,-2.4,5.2,-1.3,-1.3,-6.6,-0.8,-4.2,-4.3,0.7,-1.6,-6.4,8.7,-1.6,-3.9,-3.5,-1.3,-5.5,-3.5,-4.1,-7.3,0.6,-0.0,-2.8,-4.6,-2.6,-7.8,-5.5,-5.7,-3.7,-7.8,-4.0,-4.9,-2.5,-1.2,-1.5,-6.8,-14.6,-10.5,-1.7,-10.1,-8.1,-5.0,-6.9,-7.3,0.2,1.8,-1.6,-12.2,-4.1,-4.5,-0.6,0.7,1.7,-6.8,2.0,-6.7,-2.0,-8.0,-8.0,-6.6
2C7L512eQP,0,48.10185,11.633474,4442708.48,2777821.94,545.8,591.5,235,7429,3.2,0.72,0.39,32.67,348.96,-0.53,-0.103,0.842,0.1,0.2,-0.23,0.25,2.4,0.2,-0.3,-0.6,1.5,-2.5,-3.0,-0.2,-0.2,1.4,-0.4,-1.2,0.4,-0.1,3.3,-3.7,-3.2,-5.3,-0.9,-6.2,-5.1,-5.8,-2.5,-6.6,-2.2,-5.3,-1.1,-3.6,0.8,-5.9,-7.9,-6.7,-4.4,-5.3,-5.3,-7.5,-8.0,-7.6,-4.4,-2.3,-0.9,-1.3,-0.2,-12.8,-6.0,-5.9,-0.9,-3.9,-6.7,-8.4,5.3,2.0,1.5,2.6,1.5,-0.3,-2.2,-1.4,-2.1,2.9,-0.7,-1.4,-2.3,-3.8,1.5,-5.2,-0.0,-2.7,-1.2,-1.4,4.8,-1.3,-1.6,-1.3,-3.5,-0.2,-2.5,-2.9,0.5,1.3,3.7,-0.2,-6.9,-7.2,-7.4,-7.9,-10.7,-5.1,-8.1,-0.9,-0.9,-2.4,-2.5,-4.4,-8.3,-11.0,-7.8,-3.4,-7.4,-6.3,-0.1,-1.1,-5.3,-8.5,-4.2,-2.8,-4.0,-3.2,-3.3,-2.8,-4.0,-5.9,-6.3,-2.1,-5.8,-4.0,-5.6,-12.2,0.9,1.1,0.6,-1.0,-0.6,-1.4,-1.5,-0.2,-2.8,-1.7,-0.1,0.4,-4.9,-0.0,-6.2,-3.5,-1.1,-1.6,-5.7,-2.3,-3.3,-1.9,-4.6,-2.0,-10.5,-1.0,4.8,2.7,2.8,-0.6,-0.7,5.1,-0.2,-0.5,1.8,-1.2,-0.4,0.2,-0.8,0.5,0.6,-1.4,4.9,-6.1,-7.8,-2.1,-4.2,-1.1,-4.7,-4.7,-3.0,-3.5,-4.2,-7.3,-6.0,-3.8,-4.4,-12.7,8.5,1.2,-0.9,-0.5,5.0,-3.4,1.0,-1.4,-0.4,-3.9,-2.7,0.2,-0.4,-1.8,-4.0,-6.6,-6.0,-8.8,-5.0,-3.8,-4.6,-4.9,-3.5,-3.6,-4.4,-5.1,-9.0,-16.4,-0.7,6.2,1.7,4.2,-3.8,-0.9,-5.5
2C7L512eR9,0,48.102165,11.635925,4442890.35,2777860.97,539.0,584.7,235,7475,2.4,0.88,0.32,32.68,348.96,-0.53,-0.103,0.842,-0.8,0.1,0.07,0.18,0.4,0.2,-0.3,-0.0,-0.8,-0.4,-1.3,1.5,-1.1,2.2,0.3,2.6,-3.9,0.8,-2.3,-3.6,-1.4,0.5,-1.3,-2.6,-0.9,-4.2,-3.7,-4.5,-5.0,-0.3,-0.6,-0.7,-2.0,2.0,3.0,1.2,-2.9,2.0,-5.6,-3.2,-3.2,-4.4,-2.9,-0.5,-4.8,4.0,0.4,2.5,1.3,-0.9,-1.6,-0.5,-2.2,-1.9,-1.3,-1.0,-1.3,-2.3,-3.4,2.5,-0.4,-1.0,-3.2,-1.4,-4.1,-0.0,-1.3,0.9,-2.9,1.5,-2.2,-2.1,3.4,-0.2,0.3,-2.4,-1.6,1.6,1.2,-3.2,-6.1,-3.3,-4.2,-1.1,-4.4,-6.6,-2.5,-3.7,-0.5,-1.9,-1.9,-2.9,-4.1,-2.3,-2.1,-4.4,-0.9,-4.4,-5.9,-5.3,-8.9,-3.3,3.5,-0.2,-1.2,-0.6,-4.0,-2.8,-4.7,-5.3,-2.0,-5.6,-2.6,-2.8,-1.3,-5.8,-2.2,-7.4,-2.1,-1.0,-0.5,-0.9,-0.5,-1.6,-2.5,-2.5,-3.0,-3.6,-0.6,-2.4,-6.3,-4.7,0.9,-1.2,-2.1,-1.4,-4.2,-1.1,-2.7,1.1,-5.7,-5.2,-3.4,-4.9,0.7,2.3,-2.6,-3.8,-5.6,-3.2,-4.8,-2.9,-2.1,-1.2,-1.6,-1.6,-3.3,0.2,-5.8,-2.7,-4.5,-4.9,-4.5,-4.1,-6.0,-2.4,-3.4,-1.9,-9.0,-0.5,-5.5,-4.1,-1.4,-4.2,-4.7,-4.0,11.4,-6.7,-6.6,-2.6,-6.3,-6.0,-5.9,-6.4,-5.0,-0.5,-5.7,-2.8,-2.4,-4.0,-1.9,-5.7,-1.9,-4.4,-1.6,-4.8,-4.2,-5.6,-4.8,-4.6,-4.6,-4.2,-5.8,-7.3,-6.6,-6.0,-2.1,-5.8,-5.5,-5.5,-3.9,-5.3,-4.0,-4.4,-3.1
2C7L512eRB,0,48.102167,11.635947,4442891.95,2777861.32,535.1,580.8,235,7477,1.6,0.91,0.4,32.68,348.96,-0.53,-0.103,0.842,-0.0,0.1,0.39,0.12,1.1,0.1,-0.3,-2.1,-1.9,-0.9,-0.3,-0.3,-0.5,1.5,1.5,1.4,-0.7,1.0,1.4,1.0,1.1,2.1,2.0,0.2,-0.1,-4.2,-2.2,-4.2,-3.9,-2.0,-0.7,0.5,0.5,0.9,-1.5,-0.8,-0.1,-5.3,-5.1,-4.2,-6.3,-6.5,-4.3,-2.7,-2.7,-2.4,-0.7,-0.9,-2.4,-2.3,-2.4,-3.5,-3.0,-4.0,-2.6,-2.4,-2.1,-0.3,-0.3,0.3,-1.6,-0.8,-1.6,-2.4,-1.3,-1.4,-1.1,-0.0,1.0,-5.1,0.0,1.5,-1.8,-1.3,-1.3,0.0,-0.4,-1.9,0.0,-1.7,0.0,-1.1,0.1,0.6,-0.6,-0.2,-0.1,-2.0,-2.4,-3.8,-4.1,-2.4,-3.8,-2.1,-0.7,-2.8,-3.8,-3.4,-5.3,-5.8,-6.8,-2.3,-2.5,-3.6,-1.9,-1.4,-4.8,-2.7,-2.7,-3.0,-0.0,-2.1,-2.0,-2.8,-2.3,-3.9,-3.1,-2.5,-2.9,-2.7,-3.3,-3.1,-4.2,-3.6,-4.3,-3.9,-4.3,-4.4,-2.2,-1.7,-1.1,-2.5,-1.4,-3.1,-2.0,-2.2,-2.7,0.7,-2.2,-2.7,-3.1,-2.7,-2.9,-1.4,-2.9,0.2,-0.3,1.1,-3.7,-2.1,-1.0,-1.2,-2.2,-1.2,-0.2,0.1,-0.8,-0.9,1.3,0.1,-0.2,-0.9,0.3,-1.6,-2.1,-2.3,-4.1,-4.9,-6.7,-0.4,-4.8,-4.9,0.1,-0.3,-3.8,-1.2,-2.1,-2.2,-3.9,-5.6,-3.3,-2.0,-1.4,-2.3,-1.9,-8.1,0.7,1.1,1.1,1.4,0.5,0.0,-0.7,-2.4,-1.9,-1.9,-2.3,-2.0,-3.0,-2.9,-3.0,-0.7,-2.0,-4.0,-3.1,-1.1,-3.1,-2.2,-1.8,-1.0,-1.3,-0.4,-1.9,-0.1,0.0
2C7L512eRW,0,48.102364,11.637483,4443005.9,2777885.73,551.4,597.1,235,7498,1.6,0.91,0.26,32.69,348.96,-0.53,-0.103,0.842,-0.5,0.1,-0.82,0.12,0.6,0.1,-0.3,1.6,1.6,0.7,-1.1,0.2,-4.0,0.7,0.5,-0.4,0.9,-0.7,-4.3,0.4,0.1,1.4,2.2,1.3,-0.2,0.2,-1.6,0.0,0.9,1.8,3.2,1.1,3.1,3.2,6.1,2.3,3.7,7.5,-0.3,0.1,-2.6,-2.4,2.2,2.6,5.5,4.8,2.9,4.5,3.1,2.8,2.1,1.8,4.3,2.3,2.8,2.5,1.7,1.5,3.5,3.9,2.5,1.2,2.1,1.7,1.1,3.2,1.1,1.9,0.3,2.9,1.6,-1.9,3.4,0.4,0.1,1.9,2.4,2.7,2.5,3.9,3.2,1.3,2.3,3.7,3.9,2.8,1.3,2.5,1.4,2.3,2.3,2.7,2.1,4.2,1.3,3.3,1.9,0.6,1.6,1.9,-0.7,3.5,3.0,3.9,3.5,3.2,1.1,2.6,3.8,2.7,3.4,1.3,3.0,5.3,2.9,0.9,2.4,2.7,4.0,4.1,4.2,3.6,4.7,2.6,4.7,3.3,0.4,-0.2,2.1,0.3,0.7,1.8,3.1,0.6,0.7,0.4,2.0,5.0,1.5,4.8,2.5,2.5,0.9,3.3,1.1,3.2,3.5,2.7,-1.0,0.7,0.3,2.6,1.5,0.3,3.2,3.6,0.6,1.6,1.3,2.1,-0.2,-1.6,1.8,0.8,-1.9,5.4,1.6,0.5,0.7,1.3,-1.9,-1.7,2.2,1.1,0.5,1.6,2.1,2.8,0.7,-2.2,-0.2,1.4,0.1,1.7,-0.4,-3.0,-0.2,-3.5,-0.5,-0.9,-1.3,-0.7,-0.1,0.4,0.4,4.7,0.5,-2.2,2.1,-3.7,1.3,0.1,0.2,-0.3,1.2,0.2,-0.1,-1.4,-0.1,-2.2,-0.2,-2.1,-2.6,-1.3,-1.5
2C7L512eRY,0,48.102365,11.637487,4443006.21,2777885.81,546.7,592.4,235,7500,2.9,0.8,0.42,32.69,348.96,-0.53,-0.103,0.842,-0.6,0.1,0.83,0.22,1.5,0.2,-0.3,-1.1,0.3,-0.9,3.9,1.4,4.9,3.6,5.7,3.6,1.3,3.3,2.4,-0.1,-0.0,1.0,2.8,0.6,-0.7,-1.8,-1.6,-1.1,-0.8,-1.9,0.7,3.5,0.7,3.4,7.2,4.9,3.5,4.9,-4.8,0.4,-2.3,-7.3,2.0,-1.6,4.0,2.9,3.7,1.3,4.4,1.1,-7.2,-0.6,0.7,0.4,-1.0,0.4,-0.4,1.3,-1.9,-0.6,-2.6,-3.6,-3.8,-0.5,-3.8,-1.5,-5.6,-1.3,-2.3,0.9,-1.6,-14.8,-2.4,2.7,1.7,-6.7,0.4,-4.6,-0.1,-2.3,0.5,0.0,-2.4,0.2,-0.8,-0.5,-1.3,0.4,-0.2,2.1,-1.1,1.1,-0.2,2.1,-1.0,1.5,2.6,0.2,-0.2,0.3,-4.9,1.0,-1.5,2.9,2.9,2.7,1.2,2.3,1.4,2.0,-0.3,-2.0,0.3,1.0,0.8,-0.8,1.9,1.6,-3.0,-5.7,-1.8,-1.0,-1.6,-1.9,-6.8,-7.2,-1.7,3.7,-1.4,3.5,-2.3,-3.2,1.3,-1.0,0.6,-1.5,-0.9,2.3,-0.1,2.8,3.1,1.8,-1.8,0.2,1.9,2.4,-1.5,-1.0,2.1,-1.8,-1.5,-4.4,-4.5,-1.7,0.8,-6.2,-5.9,-6.6,-2.9,-7.7,-8.6,-8.5,-6.6,-2.2,-2.0,0.2,-1.4,-1.3,-3.2,-3.5,-15.2,-1.7,-1.4,-5.1,-1.8,-1.0,1.8,0.2,-4.1,-6.4,-3.2,-1.5,-9.4,-0.7,-6.8,-5.1,1.1,-2.7,-3.7,-2.6,-4.8,-0.1,1.3,0.2,2.2,3.6,-0.5,1.9,1.7,-0.2,1.1,2.6,-0.3,0.4,0.7,1.0,0.9,-0.9,1.2,-1.7,-0.7,-0.1,-3.6,-3.6,-1.9
2C7L512ePo,0,48.101554,11.631021,4442526.48,2777785.01,530.5,576.2,235,7392,3.4,0.72,0.45,32.66,348.96,-0.53,-0.103,0.842,-1.8,0.2,-0.56,0.27,0.4,0.2,-0.3,1.4,0.3,4.2,4.3,1.4,-2.8,-1.6,-1.2,2.3,1.1,1.0,-7.1,0.3,1.4,-0.2,1.1,0.4,1.4,0.7,-0.3,-3.0,-0.8,-2.5,-0.9,-1.9,-0.4,-2.2,-2.9,-0.0,-2.8,-5.3,-6.8,-6.2,-5.6,-5.6,-6.0,-3.0,-5.9,-5.3,-3.9,-7.9,-5.0,-5.4,-6.9,-6.9,-7.1,-9.6,-8.8,-8.0,-8.6,-3.1,-6.1,-6.2,-3.7,-4.0,-0.9,-5.6,-4.8,-2.6,-5.8,-3.1,-3.5,0.1,-6.9,-1.8,-11.2,-5.5,-0.2,-8.9,-3.5,-10.1,-8.3,-3.4,-2.8,-1.8,-1.7,-6.5,-6.7,-2.3,-1.1,-7.2,-2.2,-7.1,-4.8,-5.1,-5.9,-0.9,-2.7,-1.6,-1.8,-4.5,-5.7,-15.7,-1.7,-1.2,-5.4,-4.4,0.4,-3.8,-9.3,-9.1,-1.8,-4.9,-3.5,-2.3,-5.1,-7.3,-6.5,-4.3,-7.2,-7.0,-3.2,-5.4,-1.2,-5.1,-7.6,-4.2,-12.4,-8.9,-3.6,-8.4,-5.1,-4.8,-3.1,-4.8,-0.6,-7.4,-3.7,-4.5,-2.8,-8.9,0.2,-5.9,-3.1,-6.3,-6.8,-2.4,-3.4,-4.9,-4.4,-5.5,-7.6,-8.0,-8.5,-7.5,-7.2,0.8,-5.1,-4.7,-5.7,-8.1,-7.4,-6.1,-3.5,-4.4,-9.4,-5.9,-3.8,-5.9,-7.0,-3.3,2.3,-9.0,-2.6,-5.1,-5.5,-3.5,-3.6,-3.4,-5.5,-6.5,0.1,-5.8,-9.1,-9.4,-11.0,-9.9,-10.3,1.5,-12.3,-7.1,-12.8,-12.4,-16.8,-12.7,-8.9,-11.5,-8.2,-17.9,-16.6,-10.1,-11.0,-1.2,-14.0,-16.0,-19.9,-20.0,-3.4,-2.4,-16.0,-15.8,-21.7,-9.9,-11.6,-16.7,-11.0,-11.2,-8.4
2C7L512eQM,0,48.101828,11.633158,4442685.0,2777818.99,539.9,585.6,235,7426,3.1,0.8,0.45,32.67,348.96,-0.53,-0.103,0.842,0.8,0.2,0.06,0.24,0.6,0.2,-0.3,-0.1,3.0,-3.8,-4.6,-3.2,1.5,-1.6,-1.0,-0.3,1.9,3.5,-0.3,-2.8,-3.3,-2.2,-1.5,5.9,-1.4,-1.4,3.1,6.3,-2.0,-1.9,0.7,-1.3,0.9,-2.0,3.6,1.1,-2.1,1.9,-2.4,-1.4,-1.1,-2.8,-3.4,1.3,-3.5,5.4,-0.5,3.2,-0.2,-0.2,2.3,-2.9,-0.1,-1.0,-2.2,-0.7,0.6,-1.0,1.2,-2.2,-2.9,-2.3,-1.9,-0.0,-0.3,-2.2,-0.8,-1.3,-3.9,-0.1,-2.4,-1.2,-5.2,-4.8,5.3,-6.3,-5.0,-3.3,-3.8,-2.4,-4.8,-2.8,-1.1,-1.8,-1.4,-1.5,-4.9,-1.1,-5.2,1.2,4.3,0.3,-3.2,1.8,-0.2,-0.7,-2.4,-2.5,0.6,-0.8,-5.6,1.6,-1.1,2.9,-3.1,6.2,-1.1,0.6,5.3,2.9,4.4,1.6,3.8,1.9,2.7,1.9,0.0,0.9,4.0,0.9,2.5,1.1,1.0,2.3,2.0,-0.5,4.4,1.1,2.8,-0.1,-0.7,1.9,0.8,-3.1,1.4,2.0,-3.1,5.2,7.2,4.5,2.7,3.9,5.2,-14.8,2.8,-0.4,2.1,-12.9,7.1,1.2,0.5,3.4,-2.5,-4.7,1.3,-0.6,1.5,-0.6,-3.8,0.7,-0.1,1.1,0.1,0.1,3.4,-1.3,-2.1,-4.6,-0.6,3.9,2.4,2.9,7.4,4.7,4.1,3.5,1.7,0.9,0.3,0.9,4.5,3.5,5.5,4.2,7.0,1.7,7.1,4.6,6.5,8.5,3.4,2.2,5.2,2.3,1.4,1.5,0.8,1.6,4.4,5.7,2.6,6.0,3.5,2.0,-1.7,-2.3,-0.7,1.8,3.6,5.0,-1.0,-1.1,-0.2,-0.4,-0.0
2C7L512eQW,0,48.101898,11.633704,4442725.51,2777827.69,537.6,583.3,235,7436,3.2,0.78,0.45,32.67,348.96,-0.53,-0.103,0.842,-0.8,0.2,-0.13,0.25,0.5,0.2,-0.3,1.6,3.2,4.0,-1.5,-0.7,-1.1,5.4,0.5,-3.2,0.5,-1.3,-0.1,2.1,0.6,6.7,4.8,-1.1,-3.5,-4.5,8.4,-4.3,-0.7,-1.6,-0.2,0.2,-1.3,-3.2,-1.1,-1.2,1.9,-1.5,-9.7,-3.6,-9.9,-5.2,1.0,3.0,-0.4,0.6,-11.9,-4.1,-5.3,-2.9,-5.5,-4.0,-4.7,-3.1,-4.2,-2.9,-2.3,-2.5,-1.4,-2.5,-2.6,-4.3,-3.6,-1.2,-3.2,-2.4,-1.0,2.1,1.9,-5.1,-0.7,0.5,2.7,-2.5,0.5,-2.9,-2.4,-1.8,-4.7,-0.3,-1.6,-4.0,-2.7,-3.6,-2.9,-1.5,-2.8,-4.1,-0.0,-3.5,-3.6,-0.9,-3.8,-2.5,-3.8,-10.2,-0.7,-2.1,0.4,-4.9,-5.3,7.0,-1.5,-0.4,8.7,5.8,-3.4,-3.7,0.6,1.0,2.7,-4.0,-2.7,-2.8,-3.4,-4.4,-3.1,-5.1,-6.0,-2.3,-3.2,-2.5,-2.3,2.7,-5.2,0.7,-6.1,-4.8,-4.3,-2.1,-3.2,-1.8,-1.7,-1.9,-1.7,-1.0,-2.8,-2.5,-6.4,4.2,1.0,-1.9,5.3,-13.2,-4.2,0.6,-0.2,-2.6,-3.2,-5.4,-6.3,-4.5,-3.3,-0.5,-6.2,-5.6,1.0,-0.3,0.8,-2.7,-3.6,-2.7,-4.8,-4.0,-3.3,-2.6,-3.9,-2.4,7.0,-6.3,-2.6,-6.2,-4.0,-1.3,-8.3,2.0,-1.2,-0.1,-9.7,-6.1,-3.1,-4.8,-2.7,-3.5,-3.2,-7.9,-4.2,-4.6,-2.9,-3.2,-4.2,-4.3,-2.9,-4.1,-2.6,-3.7,-0.1,-9.5,-8.2,-7.1,-3.0,-1.1,-4.8,-3.7,-1.2,-1.4,-13.0,-7.8,-9.6,-5.8,-6.7,-5.6,-4.0,-5.8,-3.5
2C7L512eQa,0,48.101966,11.634239,4442765.22,2777836.17,553.5,599.2,235,7440,3.7,0.7,0.44,32.68,348.96,-0.53,-0.103,0.842,-0.3,0.2,-0.72,0.3,0.3,0.2,-0.3,-2.0,3.8,1.8,5.2,1.2,-2.0,3.9,2.8,2.5,-0.7,-1.1,-2.8,-1.8,-1.6,0.1,-2.4,-4.4,-4.3,-6.1,-9.7,7.2,6.2,-2.0,7.5,6.4,3.3,6.3,6.3,4.3,5.4,1.4,4.1,4.9,4.2,4.2,-0.1,5.6,-9.4,2.8,4.5,3.5,2.2,15.4,2.5,3.4,7.8,2.6,4.6,6.0,1.7,6.6,6.7,5.8,7.1,6.4,5.6,1.2,6.9,5.6,6.0,4.7,2.4,-0.2,3.1,1.1,3.2,6.4,3.5,7.7,9.1,2.6,8.7,5.2,11.0,7.0,15.2,11.1,11.2,6.8,2.9,7.4,7.9,5.8,7.3,4.1,-0.4,4.5,1.5,1.0,3.4,3.4,-0.9,1.9,-3.0,7.0,7.4,6.0,6.5,5.5,7.8,8.6,4.9,7.5,6.3,4.5,9.9,5.7,7.1,4.4,6.3,3.1,4.9,4.3,3.7,4.3,2.2,-10.2,2.9,2.2,4.4,0.6,4.8,2.3,6.5,0.4,-6.8,4.5,5.7,3.7,5.0,1.2,3.0,-1.6,-0.6,-0.2,-1.0,1.8,4.7,3.7,1.6,-3.8,-0.7,6.1,0.4,5.7,4.4,-7.4,4.2,2.0,2.1,10.8,-2.5,1.3,1.5,-0.2,5.2,3.6,3.9,3.5,4.4,0.9,-0.9,0.5,3.1,1.5,-0.1,-2.8,-6.7,2.9,1.3,5.0,3.9,0.8,0.2,0.9,-0.8,2.8,3.7,8.6,3.3,1.2,5.1,6.7,4.5,6.1,2.4,1.3,4.1,-0.0,-5.7,-1.8,3.5,8.1,5.4,4.8,1.6,4.6,-0.4,-1.0,-2.2,3.7,4.1,3.2,-1.7,-2.0,1.9,3.7,2.8
2C7L512eQv,0,48.102082,11.63514,4442832.04,2777850.54,538.6,584.2,235,7461,2.7,0.82,0.37,32.68,348.96,-0.53,-0.103,0.842,-0.4,0.1,0.39,0.2,1.1,0.2,-0.3,3.0,2.1,1.1,-2.2,1.7,6.5,1.4,2.5,0.9,-2.8,2.9,1.4,1.1,0.7,-0.1,0.3,2.5,-2.7,-5.7,-4.7,0.4,-1.4,-2.2,-2.6,-0.5,-2.4,0.2,-6.2,-1.5,-1.6,-3.0,2.1,-1.5,-4.0,-4.7,-4.0,-1.1,-4.7,-1.4,-2.0,-2.1,-5.5,-1.9,-6.5,-2.3,-3.5,-4.2,-1.3,-2.8,-1.5,-0.7,0.5,-0.2,0.1,-0.1,-1.5,-0.5,-1.2,-0.7,0.1,0.8,1.2,-4.8,-7.0,-4.8,1.0,-1.1,-3.1,1.7,1.3,-0.5,1.1,1.3,1.9,-0.8,0.5,1.1,1.3,-0.6,1.8,-0.5,2.2,-0.9,-1.1,-1.5,-5.0,-1.1,-2.6,-5.0,-3.5,-2.9,-2.4,-3.9,-11.1,-3.9,-3.1,-3.3,-5.1,-2.3,-4.3,-4.4,-2.5,-2.3,0.4,-5.6,-0.3,0.5,-1.5,-4.5,-3.9,-3.9,-4.2,-6.9,-4.5,-5.4,-4.0,-13.4,-7.3,-4.2,-1.4,-11.0,0.1,0.7,0.1,0.0,-5.1,-0.0,-0.2,0.5,-6.2,-0.1,-3.1,-0.6,-1.1,-1.1,-1.3,-5.5,3.1,0.5,0.0,-1.9,-3.2,-3.2,-2.7,-0.7,-3.7,-7.3,-0.6,-1.2,0.1,-4.4,2.2,-0.4,-0.7,-0.5,2.2,-0.6,-0.9,-0.2,0.8,-3.3,-3.9,-0.3,-9.1,-3.4,-1.5,1.1,-6.1,-0.9,-5.7,-5.1,-5.9,-5.0,-5.2,-3.5,-8.9,-4.6,-3.3,-11.2,-1.6,-0.9,-1.5,-2.1,-2.5,-4.4,-4.1,-5.1,-4.2,-5.4,-3.3,-3.7,-2.3,-5.5,-7.4,-1.9,-0.2,-8.0,-5.3,0.4,-2.8,-0.6,-1.2,-0.9,-0.2,0.3,-4.3,-2.8,1.0
2C7L512eR5,0,48.102188,11.635964,4442893.2,2777863.63,552.2,597.9,235,7471,1.8,0.92,0.3,32.68,348.96,-0.53,-0.103,0.842,-0.6,0.1,0.05,0.14,0.9,0.1,-0.3,-0.0,-0.4,-0.7,-0.1,1.8,2.1,0.5,1.3,1.0,-0.2,1.3,-0.2,-0.5,0.8,-0.3,-0.4,-0.2,0.3,-1.0,-1.1,-1.4,0.8,2.6,1.4,3.0,1.6,0.8,2.0,0.2,1.3,1.9,-2.9,-0.2,-1.6,-2.7,0.8,3.4,3.2,0.6,3.0,-0.7,0.6,0.4,-0.5,-0.9,-1.5,-1.6,-0.6,-0.6,-0.4,-0.0,0.7,0.7,-0.1,-0.5,-0.5,-0.5,-3.3,-2.3,-2.8,-2.7,-2.7,-2.0,-3.4,-1.8,-2.8,-4.2,-3.8,-1.3,-2.3,-2.9,-0.7,-2.6,-1.2,-2.0,-0.9,0.2,-0.3,0.0,2.2,-0.3,0.8,-0.5,-0.1,-0.2,1.3,2.5,1.5,1.6,-0.0,0.6,-0.2,-2.0,-0.9,-0.2,-1.5,1.6,4.3,2.6,0.7,-0.6,1.6,1.4,3.6,1.8,0.6,-0.4,-1.2,-0.8,-0.0,1.2,-0.0,-0.0,-2.4,-1.0,-0.7,-5.0,-2.0,-1.7,-2.6,-1.0,-2.0,-2.3,-0.1,-0.1,1.2,-1.9,-0.2,-0.9,-1.0,0.8,-1.1,0.0,-0.4,-0.6,-2.3,0.7,-2.0,-0.1,-0.3,0.6,-2.1,-3.5,-1.7,-1.2,-1.9,-1.6,-1.0,-2.4,-0.5,-2.1,-1.6,1.3,-0.3,-1.7,-1.8,-2.9,-2.4,-1.2,0.3,0.3,-4.8,-2.9,-2.4,-3.2,-1.2,0.3,-2.7,-0.6,0.8,-0.2,-0.6,-6.6,-1.8,1.4,9.6,-2.5,-4.8,-9.1,-3.0,-0.6,-3.3,-0.8,-6.4,-3.8,-1.6,-2.8,-0.9,-0.9,-4.3,-3.0,-4.4,-0.7,-1.5,-0.6,-2.5,-1.1,-1.6,-0.8,-0.1,-3.9,-4.6,-1.5,-1.0,-1.1,-0.2,-3.9,-2.5
2C7L512eR6,0,48.102201,11.636069,4442900.95,2777865.29,554.5,600.2,235,7472,2.7,0.83,0.38,32.68,348.96,-0.53,-0.103,0.842,-0.9,0.1,0.02,0.21,1.2,0.2,-0.3,1.0,0.9,-0.1,5.7,5.6,1.8,-3.5,-4.8,0.6,-4.9,-7.8,-1.4,-2.1,4.4,-2.1,-0.7,-2.0,-1.6,-3.1,-2.7,-5.7,-1.3,3.5,0.4,1.9,-0.2,8.5,-0.9,1.3,1.2,2.9,-3.0,-3.0,-4.4,-0.8,-2.4,1.9,5.0,-1.4,3.2,8.2,6.2,0.5,-0.4,1.8,8.2,1.4,0.3,-6.2,2.8,-2.2,-2.6,0.2,-2.5,-1.3,-2.6,0.0,-0.5,0.5,-1.5,-1.6,-2.5,-2.0,-4.4,-2.5,-3.2,-1.5,-3.3,-3.2,-3.9,-4.5,-0.1,-3.9,-2.9,-3.5,-2.5,-3.1,-2.8,-1.8,0.8,-3.3,1.1,-1.3,-0.5,-0.1,0.7,3.1,0.2,-0.7,0.3,2.0,-2.3,-0.1,-1.4,0.4,-1.8,-1.4,0.5,1.0,-2.3,-0.3,-0.3,0.4,-1.1,0.9,-0.9,0.2,-0.0,-0.9,2.5,5.5,0.2,1.1,-1.5,-1.3,-3.7,-4.2,-2.3,-2.3,-1.6,-3.5,-1.9,-1.1,-0.1,-4.0,-0.4,-2.7,-2.8,-3.3,-3.8,0.9,2.8,-2.8,-4.0,-0.9,-2.1,-0.9,-11.4,2.4,1.7,1.2,0.7,-0.8,1.3,-0.6,-1.4,-4.2,-0.9,0.3,-1.2,-7.3,-1.5,-2.1,-2.6,-3.6,-2.5,-3.5,-2.4,-1.2,-2.3,-2.1,-6.2,-4.8,-5.7,-6.7,-2.1,-0.5,-2.2,-3.4,-4.8,-2.3,-0.2,-12.1,-4.8,-0.6,7.6,-5.0,-6.7,-7.2,-5.9,-0.9,-4.0,-1.9,-3.6,-3.6,-2.1,-3.1,-1.7,-0.2,-4.9,-7.6,-3.9,-1.2,-3.9,1.6,-3.3,-3.5,-1.8,-1.5,-0.4,-6.5,-6.5,-3.3,-3.2,-3.0,-2.8,-5.1,-4.7
2C7L512eRa,0,48.102382,11.637477,4443005.44,2777887.73,539.1,584.8,235,7502,2.8,0.81,0.41,32.69,348.96,-0.53,-0.103,0.842,-0.4,0.1,-0.81,0.21,0.9,0.2,-0.3,-4.7,-2.3,1.0,-0.9,-2.2,-7.7,2.0,3.1,2.7,0.0,1.6,-4.4,0.1,-0.7,1.1,2.7,3.2,1.7,-2.0,-2.6,-1.4,0.5,6.9,4.5,4.7,3.0,6.0,7.1,2.4,5.7,1.2,-1.8,3.5,-0.0,-3.5,1.9,5.4,2.9,7.6,5.7,-2.6,13.5,2.0,3.7,2.8,8.1,-5.4,-0.6,-4.9,-0.9,0.3,2.0,0.6,-1.0,0.7,1.6,-0.6,1.1,0.7,-0.5,1.2,0.1,0.5,0.7,-0.5,-2.3,-2.4,2.6,-1.3,-1.7,0.1,-1.3,-1.5,-1.2,-1.2,1.2,2.5,0.3,-2.9,-0.7,-0.9,-1.5,-0.4,-1.2,0.7,-0.8,3.3,-0.4,0.3,5.4,1.8,3.8,4.1,-1.0,5.1,3.8,5.8,4.0,4.1,4.7,4.2,2.9,3.3,2.5,2.7,1.9,3.7,3.1,1.6,2.4,-0.2,-0.1,0.3,2.0,0.7,1.4,0.6,-0.4,1.8,3.2,6.3,-0.1,-2.7,1.8,2.8,3.6,1.9,2.0,1.0,2.7,4.0,2.3,1.1,4.1,1.1,-3.0,2.2,-7.7,5.9,7.1,1.2,-2.8,-0.9,-0.1,0.7,0.0,1.9,3.6,-1.7,2.0,-0.2,-1.7,4.8,6.7,3.9,3.1,1.0,-0.7,3.5,1.5,2.4,1.1,0.3,-1.7,-2.1,0.4,-0.7,-1.7,0.1,0.5,2.7,0.0,-0.6,0.3,3.8,2.5,-0.3,-0.4,0.2,1.7,2.0,-1.1,-1.7,-2.1,-0.4,1.8,4.7,2.5,0.8,2.7,-1.4,-3.3,-2.6,0.2,0.8,-0.6,-1.8,-7.7,-0.3,-11.4,1.1,-0.8,-0.9,-2.6,-2.9,-5.0,-4.1,-0.8
2C7L512eOa,0,48.10106,11.627033,4442230.55,2777723.56,546.6,592.3,235,7316,3.5,0.74,0.46,32.64,348.96,-0.529,-0.103,0.842,-0.4,0.2,0.76,0.27,0.9,0.2,-0.3,-1.8,1.3,-1.1,-1.9,2.1,0.7,-0.4,0.0,1.3,1.5,1.9,1.6,2.5,2.7,1.7,1.4,2.7,-3.9,-0.1,3.3,-0.8,6.6,10.3,-1.1,0.9,-0.9,-1.7,-1.2,5.7,-4.0,-13.3,-8.2,-6.4,-5.9,0.4,-13.7,2.6,5.7,3.5,3.0,0.8,-3.5,-3.3,-8.1,-0.2,-3.5,-10.1,-2.0,-6.7,-4.8,0.8,-3.5,-2.2,-1.1,-1.0,-2.0,0.5,-2.3,-2.1,-0.5,-4.1,-0.8,-3.4,-2.6,2.4,-2.8,-2.3,-3.1,-0.7,-1.1,-1.7,-3.6,-4.0,-1.8,1.0,-0.5,1.2,-0.5,2.9,-2.8,-4.3,-2.5,-4.2,-2.6,-7.3,-0.5,-7.7,-3.7,3.9,-1.7,2.0,-4.9,-9.6,-2.5,-4.0,-4.3,-7.6,-2.5,-3.4,-3.6,0.8,-1.3,1.8,-0.1,-5.0,-7.9,-6.8,-2.5,-5.6,-5.4,-1.0,-6.0,-4.5,-6.8,-4.1,-4.8,1.1,0.0,0.1,-2.1,-6.7,-0.6,1.4,-3.4,-1.2,-2.0,-3.7,-1.2,-3.4,-1.2,0.3,-4.1,1.2,2.7,-2.1,-4.1,-2.4,2.5,0.2,-3.0,-1.1,2.2,-4.6,-4.9,-4.0,-3.6,-10.6,-2.4,-4.1,-6.6,-10.5,-4.3,-3.9,-5.0,-2.3,-9.2,-2.5,-0.6,0.1,1.0,-3.5,-4.0,-3.9,-4.1,-4.5,-1.4,9.5,-2.2,-3.6,-2.4,-2.0,-9.7,-2.7,-4.1,-7.1,-7.7,-2.4,-3.7,9.1,-6.1,-2.7,-4.4,-4.2,-3.0,-2.8,-2.8,-4.0,-1.3,-0.8,-2.9,-6.0,3.4,1.5,-2.1,-1.8,-2.2,1.4,-2.8,-8.0,-1.0,-3.2,-2.7,-14.8,3.3,-3.7,-0.4,-2.6,1.8
2C7L512eOb,0,48.10107,11.627116,4442236.75,2777724.89,547.9,593.6,235,7317,1.6,0.93,0.23,32.64,348.96,-0.529,-0.103,0.842,-0.6,0.1,-0.05,0.12,0.9,0.1,-0.3,0.1,0.5,0.6,0.5,-0.2,0.5,1.2,1.0,1.5,-2.1,2.3,1.2,3.2,2.7,2.4,1.9,1.3,0.4,0.6,-0.9,0.5,1.8,0.4,0.0,2.4,1.1,0.5,0.6,3.1,-3.1,-6.7,-2.7,-4.4,-4.4,0.5,-4.8,0.5,-1.7,3.0,-1.0,0.9,0.7,0.4,-2.1,-0.2,-1.2,-2.6,-0.1,-0.7,-0.8,0.9,0.1,0.3,0.4,0.3,0.6,0.6,1.2,0.9,0.4,0.2,0.9,-0.8,-0.3,2.3,1.1,0.8,-1.3,-0.2,0.6,0.6,0.1,-0.3,1.7,2.9,3.1,2.4,2.8,3.4,1.0,0.8,0.8,-0.6,0.3,0.3,0.7,-1.2,-1.3,-0.7,2.2,-1.0,-0.1,-3.5,-0.6,-1.4,-1.9,-0.1,0.2,-1.4,-0.4,0.0,-0.6,0.5,0.8,0.3,0.2,-0.9,0.4,-0.3,-0.5,-0.7,-0.0,-1.2,-0.5,-0.1,-1.1,0.1,-0.3,-0.4,-0.0,-2.8,0.3,0.0,-0.4,0.3,1.1,0.3,0.3,-0.3,-2.9,-1.2,-2.3,-3.0,-1.0,-3.2,-3.0,-4.3,-2.7,-0.6,1.0,-1.3,-2.8,-2.5,-3.1,-2.3,-1.9,-2.4,-1.4,-1.6,-1.5,-4.1,-2.3,-0.8,-1.3,-0.4,-0.7,0.0,-0.8,1.5,-0.5,-0.6,-3.3,-2.3,-4.1,-3.7,1.5,-2.1,-5.4,-0.1,-0.3,-1.3,-5.5,-3.3,-2.2,-2.3,-6.1,-1.6,-1.1,-11.2,-1.3,-1.9,-1.1,-1.1,-0.0,-0.5,0.1,-1.3,0.2,-0.5,-3.7,-2.8,-0.9,0.1,-2.6,-2.4,-3.3,-1.8,-1.4,-3.9,-2.8,-3.5,-3.0,-3.7,-2.5,-2.3,-2.4,-2.8,-1.5
2C7L512eOc,0,48.101063,11.627059,4442232.45,2777723.98,542.3,588.0,235,7318,3.8,0.69,0.52,32.64,348.96,-0.529,-0.103,0.842,0.1,0.2,-0.23,0.29,2.0,0.3,-0.3,1.2,7.1,3.0,-1.9,7.1,5.3,0.4,2.4,7.4,-5.2,4.0,-5.8,-2.6,-4.1,4.1,-2.0,-2.1,-6.8,9.9,-4.3,-1.0,-1.1,1.2,1.1,-0.8,-4.2,-0.9,-6.9,-3.5,-3.0,-16.7,-12.1,0.2,-4.0,0.7,-9.7,1.3,-1.5,2.6,-4.0,6.0,-1.0,0.1,-6.7,-0.1,-2.8,-2.7,3.3,-1.6,2.9,-0.6,4.1,1.5,2.5,4.8,1.7,3.0,-10.4,-2.8,-3.7,3.4,-1.8,0.2,-0.3,7.2,3.5,1.4,-1.4,1.4,-1.0,2.4,-1.4,2.8,3.5,3.5,8.8,4.5,6.9,5.7,2.6,2.1,0.9,2.1,0.0,3.3,5.1,-11.7,-1.0,-1.0,2.1,-1.8,-2.5,-4.7,-2.8,-0.0,-4.0,0.9,2.5,0.3,5.2,-2.0,3.9,-0.8,2.3,-3.4,2.2,-3.2,0.9,0.7,1.4,-0.3,2.8,-4.5,0.5,1.2,-1.2,5.4,2.4,4.6,3.5,-1.0,3.3,9.0,4.7,1.7,7.8,3.1,-0.2,-6.3,-5.9,-1.9,-3.0,-3.8,-2.6,-3.4,-8.3,-6.4,-4.4,-0.6,-2.9,-1.1,-2.6,0.3,0.4,-0.2,-2.6,-1.3,1.6,-1.4,-2.5,-2.0,1.6,-0.8,-2.0,3.7,-2.8,1.2,11.9,3.7,3.6,0.6,-4.4,-0.4,-1.4,-3.4,4.3,0.6,-6.4,0.7,2.2,0.6,-6.9,-1.2,-0.9,0.2,-7.0,1.7,0.8,13.9,0.5,0.9,-2.0,-0.9,2.4,-6.0,1.8,1.1,3.7,2.7,-0.7,4.9,2.9,-1.5,-4.3,3.2,2.1,-0.6,-2.1,-2.5,-1.9,-2.8,1.3,-3.2,0.4,-1.0,0.1,1.0,2.2
2C7L512eOr,0,48.101103,11.62737,4442255.53,2777728.98,516.0,561.7,235,7333,3.4,0.78,0.37,32.65,348.96,-0.529,-0.103,0.842,0.2,0.2,-0.58,0.26,0.8,0.2,-0.3,-0.4,-0.5,-0.9,-0.8,4.5,-0.1,-0.5,1.9,0.8,-7.4,-0.1,1.9,0.2,1.3,1.0,2.2,0.8,0.3,2.5,0.7,1.7,1.1,1.5,0.5,1.8,3.8,2.2,2.6,2.1,-4.0,-4.5,-1.4,-4.5,-2.5,-0.7,-1.4,0.6,-0.1,5.6,-1.0,1.0,-1.1,0.8,3.5,-1.0,3.8,-1.0,-1.2,0.6,2.9,1.7,2.0,0.1,0.2,-1.3,1.9,0.3,-1.1,0.1,-1.2,0.9,-0.2,10.9,-0.0,-1.1,1.8,-0.8,0.3,-2.5,1.0,-2.2,1.1,-2.5,-1.2,1.1,1.9,-0.9,-0.3,1.2,2.6,1.4,0.9,1.3,-0.5,1.2,-8.1,1.1,-2.4,0.9,3.3,-1.8,2.2,-2.2,2.0,1.0,-1.1,0.4,1.9,2.7,1.3,1.3,0.8,-1.2,2.1,0.2,0.3,1.6,-0.4,2.0,0.3,1.5,1.4,2.8,1.2,0.3,5.2,12.5,-2.7,-2.0,6.9,13.2,5.2,4.1,3.3,2.4,4.7,4.6,4.6,1.5,1.1,-5.3,4.2,1.3,2.3,-0.5,-4.6,0.2,4.3,4.3,2.5,4.2,1.6,-2.3,-3.1,0.3,1.4,15.1,-2.9,-1.2,1.4,11.1,3.9,-1.4,2.4,0.0,4.5,0.9,4.4,3.7,3.6,0.8,0.5,2.0,-1.4,0.3,7.0,0.2,-2.8,1.0,2.9,2.8,1.1,0.3,-6.4,-5.5,-9.1,-7.6,-6.0,8.7,13.0,-3.6,3.0,1.8,1.8,-0.7,2.3,2.0,3.3,2.4,1.4,4.9,0.1,0.2,-1.4,-4.3,3.5,-1.6,-1.6,-0.4,-2.0,-2.0,0.7,0.2,3.1,16.7,-1.2,-3.4,-1.4
2C7L512eP7,0,48.10129,11.628829,4442363.81,2777752.15,544.1,589.8,235,7349,2.7,0.83,0.38,32.65,348.96,-0.53,-0.103,0.842,-0.5,0.1,0.49,0.21,0.5,0.2,-0.3,2.8,-3.0,-0.3,-1.9,-2.7,4.8,-0.4,-3.3,1.0,5.8,-2.5,-0.7,0.4,-1.0,-0.1,1.5,2.5,3.4,-0.6,-1.5,0.5,0.3,-1.2,-0.3,1.8,2.0,-1.5,2.7,-1.7,-2.9,-1.8,-3.8,-5.0,-4.8,-3.7,-1.3,-0.0,0.5,1.2,3.1,-1.2,0.7,-0.8,-0.9,0.9,-3.7,0.9,0.5,-0.7,0.1,-0.5,-0.1,-2.5,0.1,0.4,-1.3,-2.7,1.2,0.6,-3.7,-1.6,-2.6,-3.3,-1.1,1.1,-0.9,-1.8,0.5,-2.7,-0.5,-3.0,-2.8,-7.5,-1.0,-0.6,0.7,-0.6,-0.9,2.1,-1.1,1.7,-0.1,-0.1,3.3,1.1,-2.1,-3.4,-0.5,-2.7,-2.1,-3.7,-4.9,-6.1,-1.9,-0.8,-0.5,-2.4,-0.3,-2.3,-2.2,-1.5,1.4,0.8,0.5,1.5,-0.0,0.8,-1.8,-0.5,-1.7,-1.8,-1.5,-2.3,-1.0,-0.8,-0.9,-2.6,-1.2,-1.6,-1.9,-1.5,-4.5,-1.8,-2.9,-2.8,-1.5,1.9,-1.5,-3.2,-7.7,-2.6,-3.7,-4.4,-4.3,-4.3,-6.2,-4.7,-2.7,-2.9,-2.5,0.3,-6.1,-4.6,-4.0,-0.1,-0.9,6.2,0.9,1.5,-3.7,3.8,-3.2,-3.4,-2.8,-2.3,-2.9,0.9,-3.2,4.7,-3.1,-3.8,-1.1,-3.6,-6.0,-3.2,0.5,-2.9,-5.8,-5.3,-9.3,-5.7,-4.0,-12.8,-1.5,-1.2,-6.5,-2.4,-3.2,-1.0,-3.6,-3.8,1.1,-6.2,-9.6,-1.4,1.9,3.6,-4.2,5.1,-5.3,-11.8,-9.6,1.5,-4.2,-0.6,0.3,-0.7,3.2,1.3,-5.0,4.6,-2.6,-4.3,-1.1,-1.1,3.4,-3.0,-2.1
2C7L512ePN,0,48.101407,11.629736,4442431.09,2777766.59,541.7,587.4,235,7365,4.5,0.62,0.46,32.66,348.96,-0.53,-0.103,0.842,-0.9,0.2,-0.47,0.34,1.0,0.3,-0.3,-1.3,0.4,-0.3,-1.7,-0.4,-1.3,-0.8,1.2,-0.6,-0.2,1.4,1.6,0.0,1.1,0.2,-1.5,5.6,3.5,1.5,4.0,-4.0,-1.0,-0.0,1.9,1.1,2.4,-4.3,-1.7,6.4,-3.5,0.1,-6.5,-3.5,-3.8,-5.2,-1.2,7.9,1.2,-0.2,6.5,6.4,-11.6,-5.0,-2.1,-7.4,2.8,10.7,-3.3,-0.7,-4.4,0.7,4.6,2.9,-0.8,6.9,2.0,-2.2,-2.1,0.7,-2.7,-3.6,-7.4,-1.2,-0.3,9.9,-1.3,-4.2,3.0,0.3,-1.9,-2.9,-4.8,-5.2,-1.3,-2.1,1.0,-2.5,-2.3,5.4,-2.5,0.8,5.4,-0.0,0.6,-1.9,2.4,-0.8,-0.2,-2.1,-0.4,9.8,-1.6,-8.6,-5.3,-4.1,-9.9,0.6,3.0,-2.3,-1.0,-6.0,-7.6,-6.3,-5.4,-3.1,1.2,-3.2,-2.1,-2.3,0.5,-4.7,-2.6,2.7,-0.1,-0.1,-3.6,-0.8,-1.0,-1.2,6.1,-2.3,1.7,0.9,9.8,-7.1,-7.5,-1.1,9.5,4.7,-1.0,0.2,-1.6,-6.5,3.6,1.0,-3.1,-2.9,-0.9,0.7,-0.6,3.4,-3.7,-10.0,-3.1,-12.0,-8.3,10.2,-3.1,10.7,-5.8,-2.7,-6.0,-4.7,-8.6,-0.2,-1.4,2.5,2.9,-1.0,-4.9,9.5,4.5,-6.6,-16.1,-4.0,-1.7,8.5,-5.3,-4.3,-1.9,-2.5,-1.9,-9.6,-3.2,-1.8,-11.5,-5.5,-4.9,8.3,-1.4,-1.8,-5.9,-3.6,1.3,-0.5,-3.4,-3.4,-5.8,-3.5,-10.8,-3.1,-8.0,2.6,-7.3,-2.3,-2.5,2.3,-14.7,-5.3,-14.5,-11.2,3.9,-6.3,-6.9,-6.1,-3.0,-4.4,-3.7
2C7L512ePY,0,48.101472,11.630241,4442468.59,2777774.64,535.6,581.3,235,7376,2.5,0.76,0.44,32.66,348.96,-0.53,-0.103,0.842,-0.4,0.1,-0.23,0.19,3.2,0.2,-0.3,-5.0,-2.7,0.9,-0.6,1.1,3.5,3.3,2.2,-4.5,-1.5,-4.3,-1.1,-1.7,-5.6,8.0,8.2,3.4,1.6,-2.7,-2.7,-4.1,-2.2,-3.2,-4.8,-6.7,-6.5,-4.0,-2.8,-5.5,-5.1,-6.8,-6.4,-4.3,-7.0,-4.9,-0.2,-2.2,-2.8,-3.5,-3.9,-4.6,-3.6,-3.3,-2.6,-2.8,-4.3,-5.6,-4.9,-4.0,-2.7,-2.9,1.2,0.8,2.1,2.0,2.7,1.9,0.5,1.0,1.5,-1.5,3.6,5.1,3.3,-4.5,-2.3,1.5,3.3,0.4,2.6,0.4,0.9,-1.8,2.8,-1.3,3.2,0.6,-0.2,2.1,0.7,-1.8,-4.0,-5.1,-3.5,-5.8,-4.3,-5.1,-0.6,-3.3,-7.3,-8.1,-7.0,-4.0,-6.2,-4.0,-3.2,-5.1,-2.2,-3.7,-4.8,-6.1,-7.4,-2.3,-5.3,-5.2,-2.2,-3.4,-5.8,-3.3,-3.3,-1.1,0.5,0.7,-0.6,2.7,1.7,2.9,0.1,-1.2,0.8,1.1,0.9,-1.1,1.0,1.8,0.6,-1.5,1.4,-4.0,-9.2,-5.3,-4.9,-4.1,-1.1,-3.6,-5.9,-2.2,-6.8,-3.1,-2.3,-12.6,-5.6,-6.3,-3.1,-2.6,-1.9,8.1,-3.8,-0.6,-1.6,0.4,0.8,-0.0,-0.6,2.7,0.8,3.4,-0.1,-6.5,-12.2,-8.6,-7.2,-6.1,-8.7,-7.1,-6.5,-4.8,-3.1,-5.2,-3.1,-5.7,-5.0,-6.2,-4.9,-3.4,-0.9,0.8,-1.6,1.1,-2.1,-1.0,-1.6,-3.5,-3.1,-1.3,-1.6,-3.3,-2.5,-3.7,-5.1,-5.9,-6.2,-3.9,-7.4,-4.4,-5.0,-5.0,-3.8,-5.4,-5.1,-3.9,-5.2,-4.3,-3.0,-2.1,-2.7,-2.1,-1.1
2C7L512ePc,0,48.101569,11.630998,4442524.7,2777786.63,561.5,607.2,235,7380,2.9,0.82,0.38,32.66,348.96,-0.53,-0.103,0.842,0.5,0.1,-0.52,0.22,0.5,0.2,-0.3,0.9,3.6,1.8,1.9,1.5,1.2,-0.6,1.3,1.4,-1.5,-1.0,-2.5,-0.1,-0.2,1.8,1.3,1.0,1.4,1.7,-0.3,-1.1,-0.5,0.5,2.2,2.2,0.0,-4.6,10.8,-7.0,-0.2,-6.4,-10.1,-0.7,-1.4,-0.5,-0.7,6.4,5.7,-0.3,4.5,3.9,4.4,5.2,0.4,5.8,2.4,0.7,2.6,-2.8,7.5,-0.4,5.6,2.7,3.6,5.7,-0.9,2.0,2.2,2.7,3.0,2.6,1.7,0.1,1.0,1.9,1.2,1.3,2.8,1.4,1.5,0.1,0.9,-0.5,3.2,4.2,-0.4,0.2,1.5,4.5,0.7,2.7,3.0,3.1,6.2,2.1,3.9,3.3,5.2,1.9,0.0,3.3,3.5,5.2,0.2,1.5,2.7,4.1,3.3,1.8,5.5,5.0,2.6,7.0,6.3,3.3,3.8,4.7,6.0,3.6,5.9,3.3,4.1,3.4,5.0,2.8,0.1,1.8,3.6,6.3,1.1,2.2,1.2,1.6,-0.5,0.8,2.1,4.1,5.2,4.3,0.5,0.8,3.0,3.0,3.7,3.2,2.0,2.4,4.3,5.5,3.0,3.1,2.5,2.6,1.0,4.1,5.1,1.5,3.6,5.3,6.8,3.3,-4.2,3.2,1.9,3.8,2.0,6.9,4.6,3.8,1.5,2.1,0.9,5.1,2.9,1.0,4.4,5.8,0.7,4.9,1.7,1.1,1.4,1.7,-0.4,-0.4,1.8,15.7,3.4,-2.8,0.6,1.2,3.8,-0.3,5.6,0.4,3.7,1.2,2.1,1.9,-2.8,9.4,9.7,10.4,10.0,12.4,-3.6,3.9,3.7,2.7,1.6,-0.1,2.2,-0.3,4.9,3.8,-1.5,0.9,7.5
2C7L512eON,0,48.100968,11.626176,4442166.94,2777712.0,540.3,586.0,235,7303,3.3,0.63,0.75,32.64,348.96,-0.529,-0.103,0.842,1.0,0.2,-0.21,0.28,2.4,0.2,-0.3,-1.0,-1.9,-1.7,-0.0,-1.8,-0.3,0.7,0.7,-2.9,-1.1,-1.8,2.5,0.6,-2.1,-3.1,-6.9,-6.3,-8.5,-6.7,-8.1,-7.0,-6.2,-7.0,-6.8,-5.4,-5.1,-5.3,-6.4,-5.3,-9.5,-13.5,-10.5,-11.3,-7.9,-8.8,-8.8,-7.1,-10.9,-5.1,-10.2,-7.8,-7.8,-9.3,-7.4,-0.8,-5.6,-10.2,-9.7,-5.5,-7.7,1.3,-0.2,-0.1,-1.5,-0.7,-1.8,-0.5,-0.9,0.2,-2.2,-1.6,-2.2,0.3,0.0,-1.7,-0.1,-2.0,-3.3,-3.2,-3.1,-3.5,-2.7,2.1,-0.7,-6.3,-7.7,-6.6,-7.1,-6.4,-6.4,-7.2,-6.3,-7.6,-7.9,-6.6,-8.5,-7.2,-9.2,-7.1,-4.8,-8.9,-6.7,-11.2,-6.2,-8.8,-7.1,-6.8,-7.1,-8.0,-8.4,-8.5,-8.4,-8.5,-6.8,-8.3,-8.5,-6.8,-9.3,-7.2,-9.2,-9.0,-7.2,-9.1,-6.4,-8.3,-8.7,-7.9,-7.6,-6.1,-8.5,-7.5,-6.9,0.5,-1.4,-5.0,-0.5,0.2,-0.6,1.2,-0.3,-0.1,-0.5,3.9,-0.8,-10.8,-4.2,-3.8,2.3,1.4,3.3,1.0,0.2,-0.5,1.8,1.4,0.0,7.4,1.5,-1.6,-0.5,-1.2,-0.8,-7.0,3.1,-4.1,0.8,-0.1,1.9,1.4,0.7,-3.6,-10.4,4.6,-5.2,-4.9,4.0,6.5,-1.5,2.6,-2.7,-2.4,-4.8,5.4,3.6,3.9,6.6,-0.2,-0.4,11.0,-0.8,-3.1,-0.4,1.5,0.0,2.8,-9.1,-0.3,-7.1,-5.8,-5.7,-3.7,-4.4,-5.0,-6.2,-6.3,-8.2,-9.4,-9.6,-0.2,-3.4,-0.4,-1.4,-1.1,-0.9,-1.4,-5.1,-3.7,-3.8
2C7L512ePE,0,48.101343,11.62909,4442383.1,2777758.38,537.4,583.1,235,7356,1.5,0.94,0.24,32.65,348.96,-0.53,-0.103,0.842,-0.5,0.1,-0.15,0.11,0.4,0.1,-0.3,-0.3,0.9,-0.2,-0.6,0.6,1.6,2.1,0.4,1.7,1.6,2.1,2.4,1.9,-0.0,0.2,0.5,2.7,-0.1,-0.1,0.2,0.3,2.0,0.4,-1.2,1.3,1.8,1.9,1.6,1.7,-2.2,-6.4,-3.4,-4.0,-3.4,-1.7,-1.0,1.6,0.5,2.1,1.2,1.2,0.9,1.2,0.6,0.5,0.1,-0.6,-1.0,-0.1,0.3,-0.2,-0.4,-1.3,-1.3,-1.3,-1.4,0.4,-2.3,-2.5,-3.7,-3.4,-1.8,-6.6,-1.6,-2.0,5.0,-2.5,0.8,-2.8,-0.5,1.1,-0.5,-1.1,-0.4,1.6,0.0,-0.4,0.0,1.2,0.3,0.8,0.8,-0.4,0.2,-0.4,0.5,-0.4,0.9,0.7,-0.3,-0.6,-0.3,-2.3,0.8,0.2,1.4,-0.4,2.8,0.9,1.9,0.1,1.3,0.4,1.0,0.4,1.5,1.1,0.7,1.3,0.3,-1.8,-0.2,-1.1,0.3,-0.3,-2.3,-1.4,-1.0,-0.1,-0.6,-0.6,-0.1,0.1,-0.9,-1.7,0.4,0.2,0.7,0.2,-2.2,-1.2,-1.5,2.8,0.9,0.1,-2.4,1.3,1.4,1.9,0.9,-0.6,-3.0,-1.7,-1.6,-1.8,-0.6,-2.2,-1.1,0.1,0.3,-1.3,-1.7,-1.9,0.6,-1.3,-2.1,-0.8,-1.4,1.0,-0.9,-0.8,-0.6,-1.2,-2.2,-1.8,0.5,-1.4,-4.0,-0.8,0.6,-0.2,-2.4,-3.0,-4.4,-3.6,-0.5,-2.3,-2.7,-3.2,-2.2,-0.7,-1.3,-1.0,-1.2,-0.8,-0.7,-2.0,-0.6,-0.6,-3.3,-1.6,-0.6,-1.6,-2.4,-1.3,-0.8,-1.9,-0.5,-2.7,-2.4,-2.7,-0.7,-2.7,-4.0,-2.8,-2.6,-3.0,-1.9
2C7L512ePF,0,48.101349,11.629138,4442386.67,2777759.14,536.9,582.6,235,7357,1.2,0.96,0.15,32.65,348.96,-0.53,-0.103,0.842,-0.5,0.1,-0.21,0.09,0.1,0.1,-0.3,0.4,-0.4,-0.6,0.1,0.2,-0.1,0.8,1.3,0.7,1.3,1.3,0.8,0.3,0.2,-0.3,0.7,1.2,-0.7,-0.3,0.4,1.0,1.4,1.7,0.3,3.5,1.3,2.0,2.5,1.6,-1.3,-3.8,-3.8,-3.8,-2.7,-1.0,-0.4,1.6,1.8,3.4,1.9,2.0,0.5,1.1,0.1,0.2,0.0,-0.4,-0.2,0.7,0.8,0.7,1.0,0.2,-0.1,-0.2,-0.9,-0.4,-1.0,-0.6,-1.1,-0.9,-1.1,1.1,-0.2,0.3,-1.7,-1.9,-2.1,-1.4,-0.3,-1.8,-0.7,-1.1,-0.0,-0.2,0.1,-0.8,0.1,0.2,-0.2,0.4,1.0,0.5,1.6,1.6,1.5,-0.4,0.8,-0.3,0.7,-0.4,0.4,-0.0,1.3,0.5,1.3,0.1,2.3,0.6,1.1,-0.1,1.4,0.3,1.4,0.0,1.7,1.3,1.2,1.5,0.5,-0.6,0.9,0.4,1.9,0.9,0.4,0.8,0.0,0.2,-0.0,0.5,0.4,-0.3,-0.6,-0.2,0.5,0.7,0.5,0.9,-1.4,-0.2,-0.2,1.3,-0.3,-0.6,-1.9,-2.0,1.0,1.8,1.9,-0.7,-1.8,-1.3,-0.3,-0.5,-0.9,-0.4,-0.1,-0.2,-0.4,0.8,-0.7,-1.8,-1.4,-1.2,-1.5,-0.5,-0.7,1.1,0.2,-1.7,-0.6,-1.1,-1.7,-2.0,1.6,-1.1,-3.8,-1.6,0.6,-0.8,-2.7,-3.4,-3.0,-2.3,-1.2,-2.0,-2.0,-0.2,-0.7,-2.2,-1.9,-0.8,-1.3,-1.5,-0.6,-1.8,-0.3,-0.5,-2.9,-1.9,-0.9,-1.5,-3.6,-1.6,-2.3,-2.0,-1.5,-1.4,-3.1,-2.0,-1.9,-1.8,-1.2,0.1,-0.2,-1.0,-1.0
2C7L512ePG,0,48.101352,11.629161,4442388.41,2777759.52,535.3,581.0,235,7358,2.2,0.88,0.32,32.65,348.96,-0.53,-0.103,0.842,-0.3,0.1,-0.16,0.17,0.9,0.1,-0.3,3.0,-1.1,0.6,-1.2,1.4,0.3,1.6,2.3,0.3,-4.2,1.6,0.6,-1.4,2.4,0.1,0.4,1.8,-0.9,3.5,1.4,3.7,3.0,1.5,4.5,1.7,2.4,5.7,5.7,3.3,1.5,-1.9,-4.0,-2.8,-1.1,1.4,1.6,3.3,5.7,5.0,3.6,2.7,-0.2,17.2,1.8,3.3,3.1,1.1,-0.0,2.0,3.5,4.7,3.9,3.0,1.3,2.6,1.5,1.0,0.2,1.9,2.5,0.1,1.4,2.1,0.4,-0.8,-0.9,-3.3,-0.4,-1.6,0.4,-1.7,0.7,-0.7,0.8,-2.3,1.7,0.1,2.4,0.8,3.8,2.9,6.3,2.4,6.9,4.0,7.9,2.1,3.7,2.8,5.1,2.0,2.4,3.9,3.0,3.5,3.2,0.4,5.7,3.6,3.4,0.9,-0.4,2.0,4.2,3.9,2.1,3.0,6.7,4.9,1.6,0.9,3.3,2.5,2.8,1.6,1.0,5.4,2.2,0.7,1.5,-3.2,1.7,1.5,0.0,2.7,4.4,-0.6,-0.4,1.2,-0.4,1.4,1.5,3.2,2.4,2.0,0.4,-0.5,3.9,4.4,3.6,0.5,-0.8,-0.4,2.7,1.8,1.4,-3.5,1.3,1.6,2.3,4.7,-0.8,0.0,-0.1,-0.3,0.7,1.0,0.5,4.8,3.0,2.0,4.9,-0.0,0.2,1.0,2.9,1.4,-2.7,1.2,-1.6,0.2,0.2,-3.4,-2.4,-1.6,0.4,-0.0,-0.5,2.6,-1.0,-0.7,-1.1,-4.6,0.3,-0.7,0.2,-0.4,0.6,1.5,-0.2,0.7,0.5,2.4,1.7,1.6,0.7,2.8,0.5,1.4,-1.2,0.7,0.4,1.2,2.8,3.2,4.8,2.4,2.5
2C7L512ePM,0,48.101429,11.629761,4442432.93,2777769.05,546.0,591.7,235,7364,2.1,0.9,0.39,32.66,348.96,-0.53,-0.103,0.842,-0.6,0.1,0.07,0.16,0.1,0.1,-0.3,-0.3,2.6,-1.9,0.7,0.2,0.3,-0.3,2.0,-2.4,-0.7,0.4,0.7,-1.2,-0.9,-1.2,-2.6,0.4,0.3,4.2,1.9,-1.6,1.3,3.0,1.9,3.9,4.2,-0.2,2.2,-2.6,-3.9,-1.2,-5.6,-4.4,-4.1,-2.2,1.7,-2.3,1.9,2.1,2.9,1.5,0.1,-2.4,3.7,0.8,-2.8,1.2,-0.3,-1.2,1.9,1.4,0.3,1.3,-0.8,0.2,0.1,-1.3,-0.8,1.3,1.5,0.1,-2.9,-0.3,2.7,-0.1,0.9,-0.3,-1.2,-3.2,-2.7,-1.0,-1.3,-1.4,0.0,-2.3,-0.3,-0.6,-1.6,-2.5,0.2,-3.1,-3.1,0.9,3.3,-0.1,-1.7,-1.6,1.2,2.5,1.8,-6.6,-0.4,-6.1,-2.9,-0.7,-4.0,-0.3,-0.8,1.4,-1.2,-2.0,-1.3,0.4,-2.2,-2.0,-1.6,-1.7,-0.7,-3.2,-4.6,-3.7,-1.1,-0.6,1.3,-0.8,-1.7,-2.3,-0.9,0.6,0.5,-1.4,2.0,0.2,-1.4,-1.4,1.8,0.1,-0.6,0.8,-2.5,0.1,-0.0,-2.5,1.5,2.0,-1.5,-0.9,0.5,2.0,2.3,-2.2,-1.2,-2.5,-3.3,-2.3,-1.1,-2.1,-1.5,-1.9,-2.2,-1.8,-1.3,-4.0,-5.2,-3.5,-0.5,-0.2,-0.4,-0.6,-0.3,0.3,-0.3,-2.6,-4.7,-3.5,-2.7,-7.8,-0.9,-4.0,-0.1,-1.0,-1.6,-4.8,-1.3,-1.9,-7.9,-1.0,-4.9,-9.1,-0.0,-4.1,-2.6,-3.0,-0.2,1.2,-2.0,-3.9,-2.7,-3.8,-3.8,-6.9,-1.3,3.7,-3.3,-2.0,-0.8,0.4,-3.6,-2.3,-6.0,-3.1,-1.2,-1.5,-1.6,-2.2,-1.5,-3.0,-1.4
2C7L512ePV,0,48.101478,11.630148,4442461.62,2777775.21,541.7,587.4,235,7373,3.4,0.76,0.45,32.66,348.96,-0.53,-0.103,0.842,-0.3,0.2,-0.04,0.26,1.3,0.2,-0.3,-0.3,-1.4,-1.6,-2.7,-4.0,7.9,-1.9,1.1,-1.3,-1.4,4.4,4.8,0.7,-0.0,0.3,-0.4,-1.1,-2.5,-3.9,-4.9,-4.2,-5.0,-2.1,-1.5,0.3,1.8,-3.1,-1.4,-5.8,-5.8,6.3,-8.6,-7.5,-5.4,-6.4,-5.1,3.2,-2.3,-1.9,-3.2,-5.3,0.6,-7.3,-3.8,-5.9,-3.6,-4.9,-1.9,-1.8,-0.4,-6.0,-2.9,-4.1,-2.6,-0.9,0.2,1.6,1.2,2.9,-3.4,1.4,-3.9,-4.6,-3.6,3.3,7.3,-6.2,-5.2,-2.6,-2.5,-3.3,-3.6,-3.9,-1.7,-3.7,-3.2,-5.3,-5.1,-3.0,-5.8,-0.8,-2.2,-1.9,-4.0,-0.2,-0.9,-1.5,-3.1,-3.0,-4.5,-4.3,6.1,-5.7,-0.5,-3.9,-3.9,-2.3,-2.5,-4.7,-6.4,-1.8,-4.0,-2.7,-3.9,-5.8,-1.6,-2.9,-1.7,-3.1,-2.2,-0.3,0.0,0.1,-1.8,0.6,0.0,-2.2,-5.8,-2.1,-9.6,-10.6,4.7,-6.0,-0.0,0.8,-4.6,-0.3,-2.3,-0.7,-3.7,-6.8,-6.6,0.4,-3.4,-6.5,-5.7,-4.7,-6.6,0.6,-3.8,-2.2,-3.6,0.0,2.4,-1.0,1.5,-8.2,1.4,1.2,-0.1,-2.2,-0.5,-2.3,-7.9,-6.0,-5.3,-1.6,12.6,5.6,-8.7,-5.5,-0.9,-0.4,-0.2,-7.1,0.3,-1.4,-4.5,-6.5,-2.9,-2.5,-3.5,-11.3,-13.3,-3.2,-0.5,1.1,-6.5,12.0,2.3,-2.4,-0.6,0.4,1.4,-5.3,-1.2,-5.3,-2.4,-7.1,-4.8,-6.2,-6.3,-4.7,-6.9,-6.2,-7.4,-3.5,-5.6,-2.0,-5.0,-3.2,-3.2,-7.1,-6.3,-2.2,-4.2,1.0,-2.1
2C7L512ePp,0,48.101623,11.631271,4442544.94,2777793.09,540.4,586.1,235,7393,4.0,0.67,0.41,32.66,348.96,-0.53,-0.103,0.842,0.6,0.2,0.02,0.31,1.5,0.3,-0.3,2.1,-1.2,-13.1,-1.8,-0.2,-2.4,-7.8,11.3,10.8,-5.0,10.7,3.2,-11.6,10.1,-11.3,10.5,6.8,-6.8,3.2,-1.5,1.8,4.3,0.4,2.6,2.6,-8.5,-5.0,-11.1,8.0,2.0,-10.3,-8.5,-3.6,-4.8,-6.8,-5.7,-2.1,2.3,4.3,0.4,-1.1,0.6,0.4,5.0,0.8,-5.0,0.8,-8.3,-1.4,2.1,1.8,1.9,0.4,1.8,4.4,5.2,6.6,2.5,3.1,3.3,4.2,4.8,-0.5,2.8,8.5,5.5,0.2,6.6,1.0,2.5,0.8,0.5,3.9,4.9,3.9,4.3,0.7,1.7,0.8,-0.1,-5.3,1.5,-2.5,-0.7,0.2,0.2,-0.1,1.7,1.5,0.6,-0.2,-3.9,-2.4,-1.1,0.5,-1.0,3.6,-0.3,-1.0,-2.3,-6.0,1.1,-1.4,0.3,-0.6,-0.3,-2.8,2.4,-2.5,0.0,-0.4,4.5,2.2,4.4,2.9,2.1,3.4,3.0,1.4,3.3,-3.5,2.7,2.1,0.9,3.2,2.6,4.3,3.3,0.0,-1.1,-6.6,4.1,3.1,3.3,-6.9,-5.2,2.9,0.4,-0.1,-0.4,6.0,-1.3,-0.6,-0.8,-1.3,2.1,-11.7,2.0,1.9,-0.4,0.5,0.3,2.4,0.3,2.3,0.8,-0.1,2.4,0.7,2.5,0.2,-0.6,-1.0,-0.6,-0.8,1.5,0.2,2.6,7.6,1.9,1.5,1.9,1.2,-3.5,-1.5,-3.4,1.0,7.5,11.3,6.3,1.5,7.2,2.3,4.8,1.0,3.2,2.1,2.3,2.8,-0.4,3.9,3.1,1.0,-0.8,4.4,2.5,4.5,-0.3,6.9,9.6,8.7,1.9,-4.3,2.9,4.3,-3.7,0.5,-0.3
2C7L512eRU,0,48.102423,11.637505,4443007.41,2777892.25,559.1,604.8,235,7496,4.4,0.62,0.53,32.69,348.96,-0.53,-0.103,0.842,-2.5,0.2,0.27,0.33,1.9,0.3,-0.3,0.0,-0.4,0.4,1.9,3.9,-7.4,5.8,-1.3,-2.4,-1.5,0.0,-10.8,-7.0,12.7,-7.7,14.5,10.8,11.3,1.1,3.0,-6.4,3.8,5.4,3.3,-0.8,8.1,0.2,-6.5,14.5,-1.2,-0.1,9.3,-2.1,-6.2,-9.3,3.5,-0.9,3.4,-6.1,1.3,1.4,1.7,-1.5,0.7,-1.3,5.7,2.1,-1.1,0.7,-0.2,-1.2,-2.2,-2.1,-1.5,3.4,1.2,-0.5,1.1,1.5,-4.7,1.3,1.3,-10.0,1.8,-1.4,0.5,4.5,-11.8,-0.9,-3.0,3.1,0.1,-2.8,-0.4,-1.4,-0.9,-1.4,-2.6,-3.6,2.0,-0.3,1.1,-0.2,-4.5,0.4,0.7,3.8,0.3,-0.7,1.9,-1.9,-3.9,-3.7,-8.2,2.9,-2.3,-1.7,3.1,1.3,-1.8,-3.1,1.2,-2.1,-2.9,-4.8,0.6,-2.5,-2.5,-0.9,-2.9,-0.5,-1.0,-3.4,0.1,-3.2,-4.2,-11.3,-7.8,-7.4,-10.4,-15.2,-10.3,-7.0,-6.3,0.3,1.7,-4.0,-6.0,-1.5,-4.2,-5.2,-5.7,-3.7,1.1,2.7,-2.1,4.2,-5.4,-1.9,-2.3,-10.6,-10.4,-7.1,-7.0,-6.1,-7.4,-12.7,-2.7,-7.5,-6.5,-15.2,-10.8,-4.7,-9.8,-4.1,-4.9,-8.2,-9.8,-9.3,-2.1,5.1,-4.8,-6.8,-8.9,-7.7,-8.1,-4.7,-2.0,-3.0,-4.0,-6.5,-2.4,-12.6,-8.0,-9.5,-8.8,-8.7,-12.8,-20.6,-11.0,-6.7,-8.4,-2.8,-8.2,-11.4,-2.6,-12.9,-5.4,-16.9,-11.5,-10.8,-4.5,0.6,-17.7,-6.6,1.0,5.5,-11.2,-10.4,-13.1,-11.9,-9.2,-12.8,-11.7,-10.1,-6.9,-11.5,-11.0
2C7L512eRb,0,48.102425,11.637517,4443008.32,2777892.49,538.8,584.5,235,7503,2.3,0.87,0.38,32.69,348.96,-0.53,-0.103,0.842,-0.9,0.1,0.09,0.18,1.0,0.2,-0.3,1.0,0.3,-1.7,-0.2,0.4,0.4,-0.4,0.4,-0.4,12.5,0.9,1.9,-2.4,-1.4,-0.9,-2.4,-2.7,-3.5,-3.8,-3.8,-2.4,-3.3,0.9,-4.0,-2.5,-3.0,-2.8,-1.0,-3.3,-3.6,-0.3,-9.4,-5.3,-8.5,-9.2,-6.3,-2.8,-3.6,-3.4,-1.6,0.5,-0.3,-3.2,-4.7,-2.9,-1.1,2.3,-1.5,2.7,4.4,0.6,0.0,0.2,0.7,0.1,0.5,-0.7,-1.6,1.1,0.6,-2.9,-2.0,-2.5,-6.1,-4.3,-3.4,-0.1,-4.2,-2.7,-0.8,-1.4,-2.8,-1.0,0.6,0.4,2.9,0.2,-0.8,0.7,0.1,-2.8,-2.1,-2.0,-2.1,-2.2,-5.5,-2.4,-4.7,-5.7,-3.9,-5.1,-2.8,-4.1,-7.9,-3.4,-2.6,-2.6,-3.8,-1.4,-2.9,-3.5,-3.8,-2.6,-4.2,-3.6,-2.6,-3.6,-1.4,-4.3,-4.2,-5.0,-3.8,-2.8,-3.3,-2.4,-4.3,-2.2,-5.3,-1.8,-2.2,-1.9,-2.3,-1.7,-2.3,-2.8,-2.0,-1.6,-3.8,-4.3,-4.7,-2.8,-5.7,2.1,-1.9,-7.0,-7.2,-8.0,1.7,-1.6,0.1,-0.9,-5.5,-5.5,-3.8,-2.9,-6.2,-5.7,-5.0,-6.0,-4.0,-3.1,-3.7,-2.6,-2.1,-2.4,-2.0,-4.8,-1.8,-0.9,-3.9,-4.1,-6.4,-6.2,-8.6,-6.3,-4.4,-6.5,-5.6,-6.4,-2.4,-3.5,-4.4,-6.2,-2.1,-3.7,-4.0,-6.3,-5.1,-5.9,-3.0,-3.3,-6.1,-4.5,-5.1,-6.2,-5.5,-2.5,-3.3,-6.1,-5.4,-7.9,-4.7,-7.6,-4.3,-2.2,-6.4,-10.3,-3.6,-0.7,-2.3,-3.0,-4.6,-6.1,-5.1,-6.0,-3.9,-9.8,-5.7
2C7L512vRR,0,48.101004,11.626313,4442177.03,2777716.24,542.0,587.7,236,7305,2.4,0.85,0.32,32.64,348.96,-0.529,-0.103,0.842,-0.2,0.1,-0.91,0.19,0.9,0.2,-0.3,1.6,-6.0,-0.8,5.5,-0.6,-4.0,13.4,-8.7,1.7,0.7,-7.6,-11.2,4.4,-0.6,-0.8,-1.8,-0.8,-0.7,0.8,2.2,0.7,0.3,1.1,2.1,2.9,3.1,5.1,4.6,3.0,2.6,-3.7,-0.5,-4.6,0.3,1.8,-0.9,-0.3,0.7,2.8,3.7,3.5,5.7,1.7,2.6,3.9,3.4,3.4,3.0,3.0,3.9,4.9,5.9,5.5,4.6,5.5,5.4,6.2,5.1,5.0,6.1,6.1,5.3,5.9,5.6,6.0,5.1,4.5,3.7,3.4,4.4,3.6,3.6,3.7,2.3,3.6,2.5,3.3,2.5,2.3,2.6,3.8,3.1,2.4,1.2,4.4,2.4,1.2,0.4,1.4,3.7,2.2,3.0,1.8,3.9,2.1,4.5,3.7,1.6,4.4,1.2,3.1,3.6,3.8,3.7,3.0,4.0,4.1,3.1,3.6,4.1,2.7,4.7,5.7,3.8,3.5,4.1,4.8,3.9,5.4,3.2,5.8,3.2,-1.5,1.5,3.9,5.3,2.8,1.8,-0.3,0.6,-0.1,1.9,3.5,2.3,-0.2,-0.9,1.3,1.9,3.4,5.7,3.5,2.2,3.7,3.5,2.0,1.6,-3.9,1.8,1.6,0.1,0.7,0.7,-0.3,-0.6,3.3,3.5,2.9,1.6,3.6,5.3,1.1,-0.6,0.4,-0.7,-1.1,5.2,-0.0,-1.8,4.0,1.4,-0.2,1.0,0.3,4.6,1.8,0.9,2.6,1.6,3.0,4.6,1.6,3.9,8.0,3.1,2.3,0.7,2.8,3.4,2.9,-1.1,1.9,1.2,-0.3,-0.6,0.7,0.4,-0.4,-1.9,-0.6,0.9,0.3,2.4,2.1,-1.2,0.8,2.5,1.2,2.2
2C7L512vRZ,0,48.101067,11.626802,4442213.32,2777724.02,543.9,589.6,236,7313,4.3,0.63,0.45,32.64,348.96,-0.529,-0.103,0.842,-0.2,0.2,0.88,0.33,0.8,0.3,-0.3,5.3,-5.0,2.5,3.8,5.7,2.9,8.6,-4.6,0.0,1.8,-0.4,-3.8,5.4,0.8,-2.1,-1.3,3.3,3.1,2.2,5.2,2.8,1.6,-1.7,12.4,12.8,-2.6,4.1,-8.0,-10.1,4.4,-8.8,-6.0,-0.4,-6.0,0.2,-0.7,-0.9,1.2,-13.1,2.8,1.8,-0.3,-0.2,-1.9,2.9,-1.0,-3.5,-1.6,-3.1,-1.3,-10.8,-7.2,6.9,-1.1,0.4,0.4,2.4,4.2,1.0,-0.6,-3.5,-0.5,-5.1,-1.4,-3.8,6.5,-3.8,-3.2,-2.0,3.4,-1.1,-1.2,2.1,3.4,1.4,0.3,0.1,0.6,2.3,-1.3,-2.1,1.9,0.5,0.7,-2.3,-0.1,3.8,2.8,5.8,0.2,-0.7,-0.9,-4.7,-2.4,3.9,-6.8,-1.4,4.7,-1.4,0.0,-5.3,-2.6,1.3,-0.4,-1.1,-4.1,-5.2,0.0,-0.3,-2.6,-1.3,-2.7,-0.3,-3.9,-1.2,1.8,0.7,-3.9,0.4,-0.6,1.9,-1.9,-0.2,-2.0,0.7,3.5,0.0,3.7,2.4,-3.2,0.3,-2.2,-0.2,-1.2,-0.9,-3.6,3.3,0.0,0.3,-0.6,1.8,1.5,1.7,-0.4,-4.1,-1.1,-0.9,-5.0,-5.9,-5.2,-2.9,-3.6,-3.6,-6.8,-3.6,-7.7,1.8,-1.5,-2.3,-0.9,-3.6,-5.3,-1.7,-4.8,-2.3,0.8,-3.2,6.4,-6.5,-6.8,-1.2,-1.3,-4.1,-8.3,5.3,-5.0,0.2,-10.4,6.2,-2.7,-6.3,1.5,-3.8,3.0,-6.2,-3.7,-0.8,7.1,1.7,-2.2,-0.7,11.2,10.1,-10.6,-8.5,7.0,5.5,-4.6,-1.2,-15.2,8.2,8.3,5.8,5.9,-12.8,5.0,8.5,3.0
2C7L512vS1,0,48.101155,11.627483,4442263.86,2777734.94,499.6,545.3,236,7341,2.6,0.81,0.33,32.65,348.96,-0.53,-0.103,0.842,-0.5,0.1,-0.04,0.2,2.2,0.2,-0.3,-1.4,-0.9,-1.5,0.1,0.1,-1.9,0.5,0.3,0.9,12.6,0.6,-4.0,1.0,-2.0,-0.5,-0.2,-1.5,0.6,0.6,-1.0,-0.6,-1.6,-3.1,-0.8,1.0,-0.2,-3.6,-4.9,-4.2,-5.7,-8.5,-7.1,-5.9,-6.1,-3.9,-6.4,-1.4,-3.0,-1.3,-2.8,-5.7,-5.8,-3.4,-4.5,-2.9,-3.8,-6.1,-2.2,-2.9,-2.2,-1.3,-4.3,-3.2,-5.4,-3.1,-0.3,-4.1,-2.0,-2.5,-3.5,-2.1,-2.5,13.2,-1.4,1.3,-4.4,-2.3,-3.4,-3.1,-1.5,-5.8,-2.5,-2.4,-0.6,-1.6,-0.5,0.6,-1.8,2.1,-0.8,-2.5,-2.0,-5.1,-0.6,-3.2,-1.8,-6.9,-4.6,-3.3,-2.7,-4.6,-5.5,-6.1,-5.7,-8.0,-4.5,-6.1,-6.2,-5.4,-1.1,-8.9,-6.5,-1.9,-5.8,-7.5,-3.1,-3.9,-1.6,-4.7,-3.5,-5.7,-3.1,-3.8,-3.1,-4.7,-4.9,1.2,-3.6,-1.5,-4.4,-1.4,-1.3,-2.6,-1.7,-1.0,-0.8,-3.2,-0.9,-1.0,-5.8,-3.7,-3.9,-8.7,-1.7,-3.1,-5.3,-2.9,-7.6,0.6,-1.6,-6.1,-7.8,-6.6,-2.3,-7.4,-4.5,6.8,-3.6,-1.3,0.9,-2.3,-4.2,-0.8,-2.2,-1.9,-4.1,-1.5,-3.0,-1.2,-2.5,-1.6,-3.8,-3.7,-7.1,1.8,0.4,-3.9,-11.5,-1.8,-5.2,-6.3,-7.2,-7.5,-5.6,-6.0,-5.8,-1.7,-2.2,3.5,-2.3,-2.5,-1.0,-5.5,-0.1,-3.6,-3.9,-3.0,-3.0,-0.4,-2.9,-6.8,-1.6,-8.7,-14.8,-7.9,-5.4,-7.4,-8.4,-7.2,-7.4,-8.0,-6.4,-8.1,-5.8,-9.7,-0.7,-0.9,-0.3
2C7L512vSC,0,48.101347,11.62898,4442374.9,2777758.68,541.8,587.5,236,7352,2.2,0.88,0.4,32.65,348.96,-0.53,-0.103,0.842,-0.6,0.1,-0.15,0.17,0.4,0.1,-0.3,-0.4,-0.2,-0.5,-0.3,-1.2,0.0,0.8,-0.1,0.5,-8.7,1.1,-0.9,0.1,0.5,1.7,0.6,-0.1,-1.0,0.4,-1.9,0.2,-0.4,0.6,-0.6,2.0,3.2,1.6,3.7,3.5,-3.6,-3.4,-4.8,-3.8,-1.3,-3.4,-0.8,0.7,-1.5,1.6,1.6,1.3,0.9,0.6,-0.7,4.0,-0.9,-1.8,-2.3,-0.1,6.1,1.3,3.9,2.7,3.1,2.2,4.3,2.2,3.4,3.3,-0.4,1.3,-0.7,0.3,-0.9,7.1,0.9,-1.4,-4.3,-1.3,1.6,-3.0,1.3,-2.2,1.2,-0.1,0.6,-0.6,2.1,0.8,-0.8,1.2,1.7,1.1,2.1,-2.3,-0.0,-1.3,0.7,-3.3,0.1,0.9,-2.3,-3.0,-0.4,-1.0,0.3,0.1,1.7,0.4,-0.3,-3.0,-0.1,1.3,0.8,-1.1,1.3,0.0,-2.1,-1.7,-0.9,1.0,2.5,-2.6,-0.1,-0.4,0.6,-1.1,0.7,1.0,0.6,2.1,2.1,-4.3,-0.8,0.7,0.1,1.4,0.5,0.4,-4.1,-1.3,-1.9,-1.3,0.9,-0.8,-2.5,-2.1,-1.2,2.0,1.7,-4.3,-1.6,-4.8,-2.9,-1.6,-5.0,-5.8,-3.1,-8.1,-2.6,-5.4,-3.4,-0.6,-2.2,-1.7,-1.0,0.2,-1.9,1.1,-0.9,-1.3,-0.3,-2.2,-4.5,-4.1,-1.3,-1.8,-1.9,0.5,1.4,-0.5,-3.2,-3.7,8.0,-1.9,-0.6,-1.3,-0.1,4.6,-1.3,0.0,-3.4,-4.4,-2.8,-3.4,-2.1,-0.9,-1.5,-0.4,-4.8,-5.0,-3.9,-4.1,-4.0,-2.4,-3.6,-3.1,-2.9,-2.6,-3.9,-3.3,-3.1,-2.5,0.5,-4.7,-1.7,0.4,0.1
2C7L512vSS,0,48.101448,11.629764,4442433.06,2777771.17,536.8,582.5,236,7368,4.1,0.65,0.5,32.66,348.96,-0.53,-0.103,0.842,-0.2,0.2,0.36,0.31,1.1,0.3,-0.3,0.5,0.1,0.1,1.1,0.7,1.7,-1.0,-1.5,1.1,2.1,0.1,-0.3,-4.2,0.1,1.9,4.3,0.3,0.1,2.6,4.3,-4.1,1.8,1.6,4.9,3.7,9.9,1.4,-5.8,10.9,-3.3,-4.8,-0.1,-1.0,-0.6,-5.7,-6.1,1.2,2.6,14.5,4.9,0.2,9.2,3.0,1.4,1.1,1.3,-1.9,-0.6,0.4,-1.8,8.5,0.3,-0.1,-0.3,-0.4,2.9,3.2,0.4,0.2,0.4,-9.4,-3.1,3.8,-0.1,-3.3,-2.6,-2.6,-8.0,0.8,-1.1,-1.7,4.5,-4.0,-5.5,4.3,3.4,5.0,8.7,2.2,5.6,0.2,-1.4,7.6,-1.5,-8.7,-2.4,-0.7,8.5,3.1,4.3,0.1,10.1,0.7,4.6,1.3,-3.0,3.0,3.9,1.1,-3.1,-6.2,7.8,3.4,2.8,1.7,6.6,11.1,-8.9,1.0,-1.3,-2.0,-0.9,-0.2,11.2,0.7,-1.0,3.4,-3.1,-11.6,-1.3,-3.5,-7.5,0.2,-0.3,0.4,0.4,-3.2,1.1,-2.2,-0.5,4.0,-1.0,7.7,-1.0,-0.6,1.7,1.7,6.9,5.3,3.1,5.2,-3.5,-3.3,-2.5,2.7,-1.2,1.6,-3.6,-2.1,4.0,-3.1,-7.5,-2.4,-8.1,-2.1,0.8,6.5,0.5,-1.0,-1.4,0.1,-5.5,-2.8,0.7,-0.6,-2.6,-6.2,-2.2,2.8,2.2,1.9,-2.8,-2.2,-7.2,1.1,-3.9,4.1,2.6,-4.2,7.0,-6.6,5.5,8.2,5.3,6.0,2.6,1.5,-0.2,-2.6,-3.3,-0.5,-1.4,0.3,0.3,2.7,2.8,3.4,3.8,0.4,4.1,-7.4,1.5,4.7,9.9,-3.0,1.5,-3.0,-3.9
2C7L512vTF,0,48.10182,11.632664,4442648.21,2777817.31,541.3,587.0,236,7417,3.3,0.81,0.42,32.67,348.96,-0.53,-0.103,0.842,-0.4,0.2,-0.26,0.26,0.1,0.2,-0.3,-1.7,0.8,-1.5,-5.1,3.2,-4.1,0.8,-1.1,-1.1,-2.3,4.8,1.0,1.3,3.4,1.3,1.9,2.5,3.0,1.4,-0.4,1.0,-0.4,3.0,0.3,-0.2,4.0,3.4,20.0,3.1,-5.0,-3.6,-3.5,-4.6,-3.4,-5.7,-1.4,1.6,0.4,3.6,2.3,2.5,3.9,3.8,1.2,0.9,2.1,3.7,0.5,0.6,2.3,4.3,1.7,0.5,2.2,3.4,1.9,1.2,3.1,-0.8,3.9,1.0,4.6,-0.3,6.5,3.7,15.6,-0.3,3.2,2.8,2.5,-4.2,3.5,2.9,2.7,6.9,4.3,4.5,-0.5,2.0,0.0,5.4,4.1,2.0,-0.0,0.6,0.0,3.9,1.2,-0.9,2.0,-0.8,1.7,-2.0,-0.9,-1.5,0.9,2.6,5.9,2.9,-0.2,4.7,4.0,1.4,3.5,5.0,5.7,1.1,3.1,2.2,-0.0,2.5,0.7,-0.3,1.4,0.3,1.2,1.4,-2.8,0.4,0.5,7.6,-0.3,-1.4,-0.4,0.5,1.7,0.3,-0.7,1.9,-0.5,2.6,4.1,5.9,-0.8,-3.0,0.4,5.5,-2.6,8.7,4.1,-3.0,-0.9,1.2,-4.5,-1.6,-4.5,-4.9,-4.5,-1.6,2.0,1.8,1.3,1.2,-1.8,-0.8,2.2,-1.2,-0.4,1.8,0.5,0.3,-0.9,2.0,-1.0,-3.4,1.6,-4.6,-1.9,4.6,4.5,5.5,3.0,0.9,3.8,-0.2,-2.3,3.3,-0.5,4.6,-2.1,-0.5,-0.5,2.3,0.1,-1.2,-4.5,-6.7,-2.8,-2.0,-1.9,0.8,1.2,0.9,-0.4,0.9,0.4,3.1,2.3,-1.1,-2.8,-3.9,-3.2,19.1,1.2,3.2,-2.0,-3.0,-2.0
2C7L512vTa,0,48.102004,11.634097,4442754.57,2777840.1,553.2,598.9,236,7438,4.5,0.6,0.44,32.67,348.96,-0.53,-0.103,0.842,-0.7,0.2,0.52,0.34,1.0,0.3,-0.3,0.8,-5.8,1.3,-2.9,-2.6,-7.7,2.3,5.3,3.5,-13.7,6.0,-3.1,0.5,4.2,1.7,1.5,2.6,-0.2,-2.6,0.7,-10.6,0.3,-0.1,0.9,1.6,1.4,-7.5,-2.2,5.4,1.0,4.3,-4.7,-2.8,-5.1,-7.8,-5.2,-0.3,2.1,-1.2,0.9,0.8,-1.2,1.1,-1.8,-0.3,-3.3,-1.0,-1.4,-7.7,-0.9,-3.4,-7.3,-5.1,-8.9,-2.3,-4.5,-0.4,-4.0,2.9,10.0,-13.6,-5.4,4.3,-5.4,2.0,-4.2,8.4,-8.8,-12.0,10.7,6.7,-4.1,2.4,-9.5,-5.1,-4.2,-3.0,-6.6,-6.0,-6.1,-5.7,-5.9,-3.6,-5.2,-6.8,-4.5,-2.3,-1.8,-6.7,-1.5,0.8,2.8,-6.9,-7.3,0.1,-5.3,-0.7,-1.5,1.6,-0.6,6.0,-1.6,0.0,0.8,-0.7,-0.0,-0.8,-1.9,0.9,-2.3,-0.1,-4.6,-2.1,10.5,-9.3,6.5,-6.4,10.2,-13.2,-7.1,-11.0,-4.5,-9.3,-6.1,-4.5,-3.7,-6.0,-4.4,-3.6,-9.4,-5.5,-8.0,3.6,-3.0,-3.7,-5.6,-4.9,-5.7,-0.1,-1.4,-0.2,3.7,-3.9,-5.5,-0.3,0.1,-8.8,-4.5,-2.1,-5.9,10.3,-6.9,-3.0,-1.3,-0.4,1.0,-6.8,-3.0,-5.1,-5.0,-8.8,-6.9,-5.8,-7.4,-6.6,-3.9,-3.7,-8.3,-0.6,-5.2,-6.4,-6.6,-12.7,0.9,1.8,-2.1,2.6,-6.2,-0.0,-12.1,-4.0,-9.1,-5.0,-6.1,-3.1,-3.3,0.3,-9.2,-10.6,-10.3,-9.2,0.3,-5.7,0.7,-2.5,-6.4,-2.5,-2.8,-0.2,-3.0,-4.3,-8.5,8.4,-1.2,-3.0,-4.8,-3.7,-0.3
2C7L512vTJ,0,48.101877,11.632967,4442670.67,2777824.19,545.5,591.2,236,7421,4.2,0.65,0.51,32.67,348.96,-0.53,-0.103,0.842,-0.1,0.2,-0.24,0.32,1.0,0.3,-0.3,-2.4,1.9,-0.5,-2.5,-1.8,-1.5,3.9,3.4,2.0,9.1,2.3,-5.7,5.2,7.9,3.3,7.8,2.4,-3.0,-3.0,-6.0,0.6,-3.5,-2.5,1.7,0.5,-0.3,2.8,-3.1,-8.2,-6.8,4.0,2.3,-3.6,-1.7,-7.6,0.7,-3.6,2.4,8.8,3.1,1.7,-1.5,0.1,3.2,0.9,5.6,-4.2,-1.1,-0.4,-0.5,1.0,-3.2,-3.6,3.2,0.1,3.3,-2.2,2.4,-3.0,2.0,-3.4,2.6,-4.0,-6.0,-7.0,-7.1,-0.2,-10.0,-2.3,-5.3,-0.6,1.5,-0.2,-1.5,-1.7,6.6,2.6,3.8,7.9,-0.0,4.1,2.2,2.9,2.9,6.0,12.7,7.9,-8.0,2.5,-1.0,5.6,1.5,-0.6,-9.8,-0.3,1.5,0.2,-2.6,-1.4,-4.3,-1.6,-7.7,-0.8,2.8,-0.7,2.0,3.6,2.8,-0.4,-1.4,-2.3,-0.8,0.6,-0.3,-0.4,-1.1,-14.7,2.3,-1.0,1.4,-3.6,-2.4,-4.6,-2.5,3.9,7.1,3.9,2.3,-3.3,-1.9,3.4,2.0,1.8,3.7,-7.4,-0.3,-3.8,2.9,0.1,5.3,-10.2,-9.0,-3.1,1.9,5.3,1.9,-7.8,4.4,7.3,12.3,3.9,-3.8,-1.5,-0.0,-3.4,3.2,6.5,4.3,2.7,0.8,0.4,1.3,2.4,-3.3,-1.8,1.7,3.7,-3.5,2.4,0.9,-0.2,-2.3,-6.4,-3.6,-2.4,2.2,2.3,-0.4,8.5,-3.0,-3.5,-1.7,-2.2,-4.5,-0.1,6.8,2.1,13.2,1.4,-2.8,-11.3,-2.3,-0.5,-5.7,2.0,-2.8,-2.5,-1.6,-0.4,0.3,-3.6,-5.4,-2.9,-0.5,3.7,-2.7,-1.7,-0.9
2C7L512vUe,0,48.102457,11.637484,4443005.74,2777896.09,534.9,580.6,236,7504,1.4,0.95,0.18,32.69,348.96,-0.53,-0.103,0.842,-0.4,0.1,-0.29,0.1,0.6,0.1,-0.3,0.6,-0.7,-0.1,-0.9,0.2,0.7,0.8,0.7,-0.1,2.7,0.1,1.7,-1.4,-0.5,-1.1,-0.7,-0.4,-0.2,-2.8,-3.1,-2.0,-2.2,1.1,-1.4,1.0,-0.2,-0.3,1.8,0.4,-0.3,4.0,-5.2,-3.3,-5.8,-6.6,-3.1,-1.9,-1.2,-1.0,-1.3,-0.8,1.1,-2.0,-2.2,-1.6,-1.2,1.7,-0.5,0.3,0.3,-0.0,-0.2,0.9,-0.2,0.5,0.4,1.5,-0.0,0.6,0.4,0.3,0.2,1.0,-0.0,0.5,1.0,-0.4,1.0,-1.7,0.1,1.7,-0.2,0.5,-0.1,-0.8,0.9,0.2,0.6,-0.3,0.4,-1.3,-0.3,-0.2,-1.4,-1.3,-2.1,0.3,-0.2,-0.2,-0.4,-1.6,-0.6,-1.5,-4.9,-1.3,-0.9,0.8,0.2,0.2,-0.9,-1.5,-0.5,-0.7,0.6,-0.2,0.7,0.3,0.4,-1.9,-0.5,-1.6,-0.7,-0.3,0.1,-0.5,-1.3,0.5,-0.8,-0.0,-2.2,1.7,-0.1,0.6,-1.4,-2.1,0.3,1.0,-1.0,-2.9,-2.7,-0.8,-0.7,2.2,0.5,-2.4,-3.4,-2.8,-1.7,0.5,1.2,1.5,-2.6,-2.3,-1.5,-0.1,-2.0,1.3,0.0,-1.2,-1.5,0.5,-1.4,-1.2,-2.0,-1.5,0.5,0.3,-0.7,1.1,-1.6,-2.4,-4.9,-2.6,-3.8,-3.8,0.3,-0.1,-3.5,-0.7,0.4,-0.2,-1.3,-1.5,-0.7,0.3,-1.0,-1.9,-2.6,-1.1,-1.4,-1.9,-1.8,-2.0,-2.0,-1.9,-1.8,-0.6,-1.8,-2.8,-2.8,-3.9,-1.1,-4.0,-2.6,-0.1,-1.9,-3.9,-2.0,-1.0,-2.1,-1.3,-2.9,-2.8,-2.0,-1.9,-2.3,-3.5,-2.2
2C7L512vUf,0,48.10246,11.637505,4443007.29,2777896.42,533.1,578.8,236,7505,2.1,0.89,0.31,32.69,348.96,-0.53,-0.103,0.842,-0.5,0.1,-0.32,0.16,0.8,0.1,-0.3,1.6,-0.3,1.4,-3.3,-0.6,1.3,1.3,0.6,-0.0,1.0,-0.1,2.0,-0.8,-0.4,0.1,-1.9,-1.6,-0.8,-4.4,-5.1,-2.0,-2.6,1.6,-2.5,0.2,-0.9,0.9,2.4,0.8,-1.7,5.6,-9.0,-4.4,-6.6,-9.2,0.9,-2.2,-1.9,-0.6,-2.1,-2.4,1.2,-3.1,-2.6,-2.8,-0.9,1.7,0.6,-1.5,0.3,-0.4,-0.9,0.2,0.4,0.2,-1.9,1.8,0.2,0.9,-0.1,0.2,-1.1,2.4,2.6,0.8,3.6,0.3,4.8,-2.0,-0.2,1.9,-0.9,1.6,-1.1,-3.5,-1.8,-2.3,3.4,-0.4,-1.1,-4.8,-1.5,-0.4,-1.4,-2.4,-2.7,-1.7,-2.3,1.1,0.6,-2.3,-1.1,-1.4,-6.0,-2.8,-1.1,0.8,0.3,-1.6,-1.0,-4.6,-0.7,-1.8,0.8,-1.6,1.0,-2.7,0.6,-3.4,-1.3,-2.2,-1.8,-0.5,-0.9,-1.7,-1.9,0.8,-1.6,-0.8,-3.4,1.7,-1.6,0.9,-1.0,-2.6,-1.3,3.1,-0.5,-3.0,-3.7,-1.0,0.1,2.3,0.6,-5.8,-4.6,-4.8,-2.5,-1.0,-0.2,2.0,-3.1,-3.9,-1.8,-1.2,-1.1,1.8,0.1,-0.7,-2.7,-0.0,-0.3,-2.0,-2.5,-1.3,0.7,1.1,-1.2,-0.5,-2.4,-3.6,-4.1,-6.9,-4.9,-3.1,3.3,-0.6,-5.5,-1.0,1.6,-0.8,-1.3,-1.4,-2.0,-0.7,-3.3,-4.3,-3.4,-1.7,-2.8,-3.5,-3.6,-4.5,-3.6,-2.9,-3.9,-0.9,-4.1,-6.0,-3.2,-4.8,-0.4,-2.4,-3.5,-1.7,-2.5,-5.2,-3.4,-2.2,-3.3,-2.0,-3.9,-4.8,-3.8,-1.3,-3.2,-4.2,-3.1
2C7L512vRa,0,48.101101,11.626778,4442211.45,2777727.76,540.5,586.2,236,7314,4.6,0.59,0.49,32.64,348.96,-0.529,-0.103,0.842,-0.4,0.2,0.22,0.35,2.3,0.3,-0.3,6.5,2.9,-4.0,8.0,6.4,0.7,8.4,-3.4,-2.2,5.0,-0.4,-4.7,-5.2,-1.9,-2.0,-1.5,-0.7,-0.8,-4.7,-5.3,-4.8,2.6,0.9,-13.3,-2.3,-1.2,-1.5,-6.9,-4.9,-3.9,-11.4,-8.9,-10.5,-9.0,-3.8,-2.1,-6.7,-7.4,-7.9,-3.9,-8.0,-6.9,-7.3,-6.9,-12.7,-4.2,-6.0,-2.6,-2.7,-1.3,2.8,-7.0,5.0,-4.8,-2.4,4.0,-1.0,2.9,-2.0,-2.0,-3.8,0.1,-9.2,-1.4,1.6,1.3,1.3,-7.8,-1.8,1.2,-4.5,-6.1,3.0,-2.5,2.2,-1.3,-0.0,-4.0,-5.5,0.1,-8.7,-6.2,-1.7,-2.6,-6.1,-6.2,-14.2,5.1,-1.8,-0.6,-8.6,-1.4,-8.6,-7.6,-7.3,-8.1,10.5,-3.1,-4.6,-4.2,-2.1,-2.6,-0.8,-2.4,5.0,-8.6,-11.1,-8.0,-2.8,-5.6,1.1,-6.3,-1.6,-2.6,-2.8,0.3,2.1,-10.2,-1.1,13.4,4.7,-2.7,-3.6,-7.0,-10.4,-5.6,-5.0,8.3,3.6,-8.5,-7.5,-4.6,-5.9,-5.9,-0.8,-3.5,1.3,-17.7,-1.2,-0.9,0.7,-10.9,-2.9,-3.2,-13.9,-4.5,-5.7,-7.3,-7.0,-3.0,-9.0,-7.2,-9.4,-2.6,-4.5,10.1,3.7,-4.7,-2.4,-2.7,-6.4,-5.9,-3.7,-9.4,-4.7,-1.4,-1.8,-9.3,-8.0,-5.2,-3.5,-4.7,-2.1,-0.2,-1.5,-9.0,-0.3,-3.8,12.9,-4.7,-8.4,-5.1,-7.9,-4.9,-7.2,-4.8,-0.8,-2.1,-3.0,-8.3,-9.7,-10.8,-3.9,-10.8,-11.4,-10.5,-8.3,-5.0,-7.6,-5.7,4.8,0.9,-9.5,0.4,-4.0,-1.9,-3.3,5.4
2C7L512vRm,0,48.101198,11.627533,4442267.46,2777739.77,544.2,589.9,236,7326,2.7,0.84,0.51,32.65,348.96,-0.529,-0.103,0.842,-0.5,0.1,0.27,0.21,0.6,0.2,-0.3,-1.0,0.1,-0.2,-1.9,-1.8,-0.4,-0.2,-0.7,2.3,0.7,-0.3,-0.9,0.2,-1.1,1.0,-0.7,-2.3,0.3,2.5,1.0,0.0,-2.1,-2.0,2.0,3.9,-0.4,1.4,3.9,0.1,-1.7,-6.6,-4.7,-3.7,-2.1,-1.4,-2.7,4.0,7.7,2.5,-0.2,0.4,2.2,-2.3,-9.1,-0.0,0.2,-0.6,-5.4,-0.0,-3.6,-0.6,1.9,4.9,-1.3,-2.2,-12.4,-2.4,-0.7,-2.9,-2.4,1.8,-5.2,0.6,1.3,-1.4,1.0,-3.2,-4.0,10.1,-2.2,-2.6,-0.8,-6.6,-4.9,0.9,0.0,-0.4,-0.6,-3.9,-7.2,-7.2,-2.5,-1.4,-0.1,-1.5,-3.6,-1.2,-4.9,-0.3,-1.0,0.7,-1.9,-3.6,8.3,-3.1,-2.3,-3.0,-1.6,-2.2,-2.1,-1.0,-1.5,-0.4,-2.8,-2.1,-0.2,-2.6,-2.9,-2.4,-2.7,-2.0,-2.9,5.9,-2.0,-2.2,-2.6,-4.1,-5.4,-10.2,-2.6,-2.4,-0.3,-4.0,-2.5,-0.5,-1.5,-2.4,-3.0,-2.1,-8.9,-3.1,-1.4,-6.2,1.5,-2.4,-1.2,-1.8,-0.8,-0.6,2.9,-0.9,-2.8,-2.8,-2.8,-8.7,-3.3,-3.0,-6.2,-1.9,-0.2,-1.8,0.5,3.5,-4.3,-1.8,0.3,0.8,0.3,-0.8,-2.2,-2.4,-2.5,-0.6,-1.4,-2.6,1.9,-0.1,-4.4,-2.7,1.6,0.1,-4.1,-6.6,-3.3,-3.9,-2.1,-1.7,-2.9,-3.9,-4.2,-2.2,-3.6,-4.6,-3.6,-4.6,-0.7,-3.3,-2.1,-6.0,-4.5,-2.6,-0.9,1.0,-1.9,0.3,-2.0,-2.8,-2.1,-1.5,-4.7,-3.0,-3.5,-5.4,-3.7,-3.7,-2.5,-3.3,-4.4
2C7L512vRn,0,48.101205,11.627584,4442271.28,2777740.59,544.0,589.7,236,7327,1.3,0.96,0.16,32.65,348.96,-0.529,-0.103,0.842,-0.3,0.1,-0.17,0.1,0.4,0.1,-0.3,-1.0,-1.6,-0.8,-0.7,-1.8,1.2,-0.2,-1.2,1.2,-0.1,0.4,0.5,1.5,0.2,0.1,-0.3,-0.5,0.2,-0.3,1.6,-0.7,0.4,-0.6,1.1,2.3,1.3,0.8,2.7,1.3,-1.5,-4.5,-2.6,-3.4,-2.8,-0.1,-2.3,1.4,1.7,4.1,1.7,1.4,3.0,0.2,1.2,1.2,3.2,-0.0,0.5,1.0,-0.2,1.8,0.5,-0.9,-0.2,-0.5,-0.3,-0.3,-0.0,-0.8,-0.8,-0.3,-1.1,0.7,-0.5,0.9,1.9,-0.9,-2.6,-0.6,-1.4,-1.0,-0.2,-1.9,-0.8,-0.0,-0.2,-0.1,-0.4,0.4,-1.0,-0.1,-0.9,-0.4,-0.6,0.2,-0.1,0.3,-0.7,0.7,1.7,-0.4,-0.0,-1.4,6.1,-0.5,-1.0,-0.1,0.7,0.5,0.3,-2.2,0.4,1.7,-0.1,-0.2,1.2,0.3,-0.6,0.0,-0.8,-0.6,-0.6,-0.0,-1.1,-0.2,-0.6,-0.5,-1.5,-0.2,-0.5,-0.7,-0.9,-0.8,-1.3,-0.3,0.9,-0.4,-0.1,-0.8,-2.9,-1.1,0.1,0.0,0.9,-0.5,-1.7,-0.2,0.6,1.8,2.4,-0.9,-0.9,-1.4,-0.6,-1.2,0.3,-0.4,0.2,-0.6,-0.3,-0.6,-1.8,0.8,-1.5,-1.1,-0.3,2.6,1.4,0.4,-0.8,-1.4,-1.7,0.9,-1.6,-1.1,3.6,-0.1,-2.1,-0.6,1.0,-0.5,-1.9,-2.6,-1.7,-1.0,-0.7,-2.2,-0.7,-0.5,-0.6,-0.9,-1.3,-1.7,-1.3,-1.2,-1.0,-2.0,-0.7,-2.6,-3.3,-2.9,-1.9,-0.3,-2.8,-0.4,-1.3,-0.8,-1.2,-2.1,-2.9,-0.9,-1.4,-0.6,-0.6,-0.3,-1.6,-2.6,-2.1
2C7L512vRo,0,48.101207,11.627604,4442272.73,2777740.91,542.2,587.9,236,7328,1.9,0.91,0.32,32.65,348.96,-0.529,-0.103,0.842,-0.3,0.1,-0.6,0.15,0.2,0.1,-0.3,0.2,-1.0,-1.4,-0.1,-2.0,2.7,0.2,0.8,0.1,0.4,2.3,1.2,3.8,0.8,0.9,1.1,2.1,-0.1,0.6,2.3,1.4,1.8,1.0,3.2,1.1,2.7,-1.9,2.2,3.6,-0.4,-2.5,0.2,-1.5,-1.9,1.9,1.5,3.4,2.7,5.1,-0.1,3.8,3.2,0.7,1.8,0.6,-0.8,-3.8,2.1,2.3,1.4,8.7,-0.4,-1.1,2.5,1.0,1.8,2.4,2.5,0.3,1.5,2.8,1.9,3.6,2.0,1.1,0.7,13.0,-0.3,2.1,1.5,0.8,1.9,-4.1,2.0,2.8,3.3,2.7,2.0,3.3,1.8,2.0,2.1,1.8,1.0,2.3,1.5,3.2,3.1,3.0,4.2,1.7,1.8,0.2,6.2,1.0,1.8,1.9,4.9,3.2,2.9,1.7,2.7,3.6,2.0,2.3,4.0,0.4,-0.2,2.8,2.4,2.5,2.8,2.9,-0.1,4.0,2.2,2.9,-0.2,0.7,1.3,0.3,1.2,3.3,0.7,2.1,3.9,2.0,2.3,1.7,1.9,0.5,2.6,2.8,1.6,1.1,-0.2,2.6,2.1,3.6,4.8,-1.6,0.5,-1.1,0.8,1.4,1.7,2.4,3.2,0.2,3.0,1.4,-1.4,0.2,-0.8,-0.1,0.6,3.2,2.9,2.0,1.3,0.5,-0.1,-1.1,-0.6,0.3,4.8,0.5,1.9,2.1,1.4,1.6,-1.3,-0.0,-0.1,0.4,1.0,-4.0,0.6,2.0,0.7,-0.4,-0.4,2.8,0.7,0.3,1.4,0.5,1.8,-1.2,1.8,-5.0,0.5,3.2,1.8,2.0,0.2,1.6,0.9,-3.0,-6.5,0.8,1.4,2.1,1.7,2.3,-0.5,-2.2,-1.6
2C7L512vRs,0,48.10121,11.627625,4442274.32,2777741.27,532.1,577.8,236,7332,3.2,0.79,0.46,32.65,348.96,-0.529,-0.103,0.842,-0.3,0.2,-0.28,0.25,0.8,0.2,-0.3,2.3,-4.0,-1.2,-3.3,0.1,2.0,-1.9,-2.3,-2.2,9.8,-0.7,1.5,0.4,-0.6,-2.0,-0.1,-1.8,-1.2,-2.7,-0.1,-4.5,-4.0,-2.8,-2.2,-1.1,-0.9,-0.6,-0.5,-4.1,-3.3,-10.2,-6.1,-7.9,-6.7,-3.3,-3.1,-2.3,-1.3,1.7,-0.9,-0.7,-1.5,-2.4,-0.4,-3.4,-1.5,-2.6,0.5,-5.7,1.6,-3.7,-1.2,-4.4,-3.0,-3.5,0.6,-4.0,-4.8,-1.2,-2.4,-4.4,-4.4,-0.0,-3.2,-4.8,9.3,-4.1,-5.1,-3.5,-2.3,-5.7,-4.0,-1.7,-5.1,-3.1,-1.6,-3.9,-4.5,-1.8,-2.8,-4.2,-4.2,-4.5,-2.1,-6.1,-2.8,-3.0,-3.5,-2.3,-2.8,-5.1,-6.2,-3.9,-0.8,-4.1,-4.6,-2.7,-2.2,-2.3,-3.5,-3.3,-1.8,-1.2,-3.6,-2.9,-1.3,-1.7,-2.7,-2.2,-3.0,-1.0,-1.8,0.2,-4.5,2.4,2.3,8.7,-3.2,-1.5,4.5,5.6,-2.6,-2.8,-3.3,-0.0,-0.7,1.9,-2.7,-3.9,-4.2,-5.4,-1.7,-3.9,-1.9,-2.2,-5.0,-1.5,-0.2,-0.8,-2.1,0.5,-5.0,-3.9,-3.9,1.3,1.0,-0.0,-2.4,-2.3,-4.3,2.1,-3.0,-1.3,-3.0,-3.0,-3.9,-2.4,-1.2,-3.2,-2.8,-2.6,-3.5,-1.4,-5.6,-4.0,2.4,-3.9,-4.2,-2.9,-2.9,-2.7,-2.6,-16.1,9.9,0.1,6.3,-7.2,-8.1,5.0,-4.1,-5.9,-3.1,2.2,-3.0,-5.3,-2.9,-3.6,-4.3,-4.0,-6.2,-0.3,7.1,-15.2,7.5,4.7,-1.9,-2.2,-5.8,-6.4,-7.4,-5.6,-5.2,-3.4,-2.4,-8.4,-6.2,-6.9,-6.3
2C7L512vSl,0,48.101667,11.631188,4442538.64,2777797.92,552.4,598.1,236,7387,3.8,0.69,0.35,32.66,348.96,-0.53,-0.103,0.842,-1.3,0.2,1.46,0.3,1.5,0.2,-0.3,-8.8,-9.4,-6.0,-6.9,-7.5,5.2,0.1,1.5,-2.9,7.2,0.1,1.2,5.7,1.4,5.6,4.7,4.5,6.5,1.0,1.7,4.1,3.1,7.7,2.7,-7.2,-2.0,-9.7,2.1,-4.2,0.6,-2.0,0.2,-22.3,-22.4,-20.0,-22.0,-10.0,-8.2,-8.0,-5.8,-9.6,-11.3,-10.3,-9.8,-7.4,-10.8,-10.4,-8.4,-8.6,-9.2,-8.7,-9.5,-10.2,-8.6,-8.8,-10.7,-10.8,-8.2,-8.9,-9.3,-10.0,-8.7,-9.6,-11.0,-8.5,-9.3,-8.8,-11.1,-8.8,-8.1,-10.3,-12.4,-9.9,-9.6,-10.1,-10.6,-12.8,-12.2,-11.5,-13.9,-10.5,-12.9,-8.6,-11.2,-7.7,-12.0,-8.1,-7.4,-9.3,-9.8,-10.0,-13.9,-14.4,-10.1,-12.7,-9.8,-10.2,-8.4,-10.7,-11.7,-11.1,-13.4,-8.9,-12.3,-11.0,-10.3,-9.3,-8.9,-9.6,-8.2,-7.0,-5.9,-6.5,-7.2,-5.3,-6.8,-8.4,-7.3,-6.2,-4.6,-6.6,-5.7,-8.8,-8.8,-8.8,-9.0,-8.6,-9.0,-9.8,-13.1,-8.3,-9.2,-10.0,-9.3,-11.8,-10.1,-12.5,-12.8,-9.0,-7.6,-8.1,-11.0,-11.6,-10.0,-9.5,-7.1,-10.1,-8.7,-8.9,-8.3,-13.3,-10.0,-9.2,-9.9,-8.7,-7.4,-11.1,-12.0,-11.2,-13.2,-11.9,-11.4,-7.4,-12.5,-13.3,-7.9,-10.9,-13.0,-11.0,-11.2,-10.4,-11.6,-12.6,-12.3,-11.2,-11.3,-8.6,-8.1,-11.7,-7.4,-9.5,-7.7,-8.4,-10.0,-10.1,-11.1,-12.8,-14.7,-8.4,-15.0,-14.5,-11.9,-13.0,-13.4,-11.3,-11.1,-10.8,-11.7,-9.2,-11.3,-14.1,-10.4,-13.1,-9.4,-10.5,-10.2,-9.4,-9.4
2C7L512vTK,0,48.10191,11.633079,4442678.91,2777828.02,548.4,594.1,236,7422,2.7,0.81,0.42,32.67,348.96,-0.53,-0.103,0.842,-0.5,0.1,0.27,0.2,1.7,0.2,-0.3,1.8,2.3,-0.3,1.9,2.8,-1.6,3.3,3.4,1.4,-5.5,0.3,-0.1,1.3,-1.8,3.7,4.4,3.9,1.7,2.7,1.0,-2.5,-0.6,-2.1,3.9,3.2,3.8,2.7,-2.3,-5.1,1.7,0.5,0.1,-1.9,0.2,-2.6,2.3,1.3,4.1,3.0,5.5,-0.5,0.9,3.9,3.0,1.7,0.2,-2.0,2.3,-0.8,0.3,0.3,-1.7,-2.1,-0.6,-1.5,1.7,-1.0,1.1,-1.7,-0.6,-0.6,0.6,-4.4,-2.6,-4.2,-3.3,-4.8,-5.7,-4.0,-3.0,-3.2,-1.5,0.5,-1.6,-2.5,-0.8,1.1,0.1,2.0,4.0,3.0,3.0,-1.2,-0.9,1.0,0.8,1.1,0.9,1.9,1.9,1.3,4.6,1.2,-0.7,3.4,0.7,3.9,3.2,2.1,-1.4,-8.3,1.9,2.4,4.7,1.7,3.4,2.4,3.3,1.0,2.1,1.0,1.7,0.8,-0.1,-0.3,1.7,-2.7,-2.9,-2.8,-1.6,-1.0,-1.9,-2.2,-4.5,0.5,1.6,0.3,0.9,0.3,-2.4,0.8,1.9,2.5,2.9,-0.6,2.7,1.1,1.8,5.0,7.0,-4.8,-4.4,-3.3,-0.7,3.0,1.3,-6.0,-1.4,-0.0,-7.8,-9.4,-7.1,-7.6,-4.8,-0.1,0.6,0.9,-0.9,1.9,-0.4,1.9,1.8,3.9,-1.9,-0.8,1.4,2.5,-0.5,3.1,2.1,0.9,0.3,-1.6,-2.1,-0.9,-5.6,2.0,4.9,-12.6,-1.6,-6.2,-2.3,-1.9,-6.4,-5.8,2.5,-3.6,0.1,2.5,-2.6,-0.3,-0.5,0.8,-3.8,2.5,0.6,-0.8,3.5,-5.5,-2.4,-2.0,-1.8,-1.3,-0.1,2.5,-0.4,2.5,1.4
2C7L512vTs,0,48.102128,11.634774,4442804.7,2777855.03,535.6,581.3,236,7456,3.6,0.73,0.46,32.68,348.96,-0.53,-0.103,0.842,-0.1,0.2,0.16,0.27,1.5,0.2,-0.3,0.7,-2.5,-6.6,-0.6,4.9,-0.4,-2.3,1.8,-0.5,-0.3,2.7,2.3,4.9,3.4,12.0,0.0,-4.7,3.1,1.0,-1.5,-0.2,-6.5,0.6,-6.5,-2.8,-9.3,2.0,-2.1,0.8,-9.6,0.1,-9.5,-6.0,-10.4,-9.9,-8.3,-2.5,1.0,-3.3,-0.6,-2.4,-5.0,1.7,-5.8,-0.7,-3.4,-3.7,0.7,-0.3,0.8,-1.6,-0.1,-0.9,3.2,3.7,0.0,7.2,-3.4,-0.9,-0.9,-0.9,-4.1,-2.6,-3.4,-9.4,-2.1,-1.6,5.9,10.9,-2.4,0.3,3.8,-3.1,2.7,-4.6,-1.9,0.8,-3.3,-0.2,-4.7,-0.8,1.8,-2.2,2.8,-2.6,0.4,-4.9,-4.4,-6.5,0.7,-1.3,-0.4,-3.3,-7.4,-1.3,-2.9,-0.8,-2.3,-1.4,-5.0,-2.5,-7.1,-2.3,0.1,-3.2,-2.7,-2.7,-3.4,-4.0,-1.1,-4.0,-1.1,-2.1,0.4,-0.7,-0.8,2.7,-1.7,-1.9,-3.5,-2.9,-0.4,-2.7,-2.5,-6.5,7.5,-3.0,-1.5,-3.1,-6.3,3.1,-0.1,-3.7,-1.5,-0.4,-2.0,-3.8,2.0,-2.5,4.0,-1.0,-1.5,-2.5,-2.8,-4.0,-2.5,-6.6,-1.2,0.8,2.3,-6.4,-4.0,-2.9,-2.9,-4.2,-3.9,-2.2,-0.3,-0.8,-6.2,-0.2,-2.3,-10.4,-6.5,-3.5,-3.3,-3.2,-4.2,-1.3,-5.7,0.1,-1.0,-7.8,-0.8,-0.9,0.9,1.5,1.2,3.7,0.2,-2.8,1.2,3.6,1.0,-0.8,-5.9,-4.4,0.6,4.5,4.1,5.5,2.6,-16.4,0.5,2.2,1.9,-0.6,-9.2,-5.5,-4.5,-5.1,-7.0,-1.8,-4.0,-4.5,-0.6,0.8,-0.7
2C7L512vTt,0,48.102183,11.6352,4442836.3,2777861.77,553.5,599.2,236,7457,2.1,0.88,0.32,32.68,348.96,-0.53,-0.103,0.842,-0.4,0.1,-0.46,0.16,1.4,0.1,-0.3,0.3,0.2,-0.2,-0.3,-1.7,1.4,0.6,1.2,-0.5,1.5,0.7,2.6,-2.7,-0.9,0.3,-0.6,-1.5,-4.8,-3.3,-9.1,-5.6,-3.7,1.5,-2.5,-2.2,-3.1,-0.4,-0.0,1.9,-2.5,2.1,-5.5,-5.0,-6.5,-6.6,-4.2,-0.3,-2.1,-1.7,-3.4,0.6,1.6,-4.2,-2.4,-5.0,-1.7,0.0,-1.4,0.2,-1.8,0.1,0.9,0.4,0.5,-0.5,-2.4,-1.7,-1.4,0.3,-0.4,-1.6,-0.6,-0.8,-1.7,-2.5,-0.7,-1.3,-5.4,-2.6,-0.0,-4.2,0.2,-1.2,-0.5,-2.2,-2.8,-2.5,-0.8,-0.2,-3.7,-1.0,-3.6,-1.0,-3.3,-2.0,-6.3,-3.0,-4.8,-2.1,-1.8,-1.2,-0.7,-0.3,-5.2,1.1,0.8,0.5,0.6,1.0,-0.8,0.1,-3.2,0.2,2.2,-0.9,2.1,0.6,2.5,-1.1,0.8,-0.8,0.7,1.5,1.9,1.9,0.7,-2.3,0.4,-0.9,-0.9,-0.2,-0.8,-0.7,-1.6,-3.5,-2.8,0.7,-1.0,-3.3,-4.2,-1.1,-0.8,0.3,-0.7,-3.1,-3.6,-2.1,-1.1,0.6,1.3,-1.8,-0.8,-0.5,-1.2,1.3,0.7,-1.3,0.4,-0.5,-1.5,1.2,-0.6,-1.6,-1.1,-1.2,-0.1,0.1,-0.4,0.2,-1.9,-4.8,-9.2,-3.4,-4.8,-3.1,-0.7,-1.8,-1.7,1.0,-2.6,-4.1,-4.0,-5.0,-0.1,0.5,-2.2,-2.9,-1.2,10.5,-2.0,-4.4,-2.6,-4.6,-4.3,-3.4,-2.7,-4.5,-6.2,-7.1,-6.2,-7.4,-2.4,-6.1,-4.6,-3.5,-3.6,-3.4,-2.9,-2.7,-2.1,-1.6,-1.8,-0.3,-1.0,-1.8,-3.0,-2.0,-2.5
2C7L512vU9,0,48.102279,11.63595,4442891.9,2777873.71,546.0,591.7,236,7473,4.5,0.59,0.56,32.68,348.96,-0.53,-0.103,0.842,-0.7,0.2,0.5,0.35,1.6,0.3,-0.3,1.9,-0.6,-2.1,0.0,-1.2,10.7,0.8,3.0,1.7,2.6,-0.7,9.7,-1.5,-5.3,-1.4,0.0,-0.8,-1.1,-3.2,-5.7,-8.1,-4.4,1.3,0.7,-1.9,-0.2,-2.7,2.2,4.0,-0.9,3.6,-3.8,-4.9,-4.3,-6.2,-1.1,-0.7,-1.3,0.8,-2.2,-4.0,-1.6,-3.6,0.0,-4.1,-2.0,9.6,-2.2,1.3,1.5,9.2,-11.6,1.9,-5.5,0.2,-0.0,-0.3,-1.4,-5.0,-3.5,-7.7,-2.7,-5.5,-1.2,-15.5,-0.3,5.0,-7.7,-4.3,-2.5,-1.3,-3.4,-0.5,-1.2,1.0,1.2,-0.4,-1.0,-2.8,2.0,0.9,-0.2,-1.7,-1.3,1.3,-1.4,2.2,0.7,0.4,-0.4,-2.2,1.5,-5.6,-3.6,0.3,0.6,3.7,2.0,3.1,-0.4,-0.9,1.0,0.9,2.2,1.4,0.9,0.8,0.2,-3.5,0.2,-0.4,-0.2,1.0,1.9,-2.5,1.5,-10.2,2.5,2.8,-1.3,-4.4,1.9,2.4,1.1,0.6,1.0,-1.4,1.0,-0.4,0.6,0.3,0.2,2.8,0.4,-2.0,-2.5,-4.9,-1.3,-1.9,-1.5,-3.4,-1.8,-7.7,-6.8,6.9,5.9,1.5,6.6,7.1,-4.8,2.0,-14.4,-8.0,-9.6,-9.5,-15.6,-13.9,-9.9,-11.7,-12.3,-9.8,-10.7,-16.1,-8.8,-16.6,5.1,-7.7,-4.8,-7.8,-5.3,-6.7,-8.7,1.5,1.6,1.0,-4.3,8.4,2.7,2.1,-2.1,-6.7,6.0,-7.5,0.2,-10.5,-5.8,-1.1,-3.2,-6.7,-7.1,-7.0,-3.1,-5.1,-8.9,-8.0,4.9,-5.3,-0.3,6.6,-0.8,4.9,3.3,5.1,2.2,2.4,0.6,-1.7,-7.2
2C7L512vRU,0,48.101074,11.626421,4442184.96,2777724.15,540.3,586.0,236,7308,3.6,0.73,0.43,32.64,348.96,-0.529,-0.103,0.842,-0.6,0.2,-0.2,0.27,1.8,0.2,-0.3,3.8,1.6,1.9,-0.2,-1.3,0.0,1.9,-0.1,3.3,-9.4,1.6,-8.8,2.5,-1.3,0.5,-2.5,-0.3,-2.1,-0.3,1.2,4.8,5.4,3.4,2.9,5.4,2.7,9.1,3.7,0.2,2.0,-7.3,-1.1,-0.4,1.3,4.8,0.8,2.4,2.6,5.2,8.0,4.3,2.1,3.7,4.9,-3.2,6.5,2.8,0.5,5.7,2.6,3.8,10.7,-0.9,1.6,1.8,-0.7,0.5,-4.0,-4.0,-0.8,0.9,-1.8,-10.8,2.7,-6.0,1.0,1.2,-2.2,-0.9,0.7,-1.0,1.0,2.2,2.5,-1.4,0.8,1.1,2.2,2.5,-0.1,-1.4,1.6,3.4,5.0,1.3,3.0,3.2,-0.4,-5.1,2.7,-0.1,6.8,2.0,3.6,-1.2,3.8,1.7,4.9,2.1,9.0,5.3,-1.3,11.1,4.9,5.4,1.6,4.6,3.5,0.6,0.9,-1.9,1.3,-0.2,1.4,0.8,0.7,6.8,3.6,-0.2,1.6,6.9,0.4,-1.8,-1.2,-1.0,0.9,-3.5,-1.4,-2.6,-1.4,2.9,4.2,8.8,3.3,-0.3,-1.3,1.5,3.2,4.4,1.0,12.8,2.2,-0.1,-3.3,0.9,3.9,-10.1,-0.1,0.5,-1.2,2.4,-4.0,-3.8,-1.6,-3.0,-1.3,-2.4,-0.8,1.1,0.3,1.9,-1.0,5.8,-13.1,0.1,-0.7,-3.6,-8.3,-0.5,1.7,1.7,-0.5,-3.7,-0.7,3.7,11.8,0.2,0.2,-7.8,0.3,-2.2,-2.2,-7.7,0.2,0.3,-0.6,1.2,3.1,-2.4,-2.4,0.6,1.6,1.7,2.0,1.1,1.8,-1.5,1.4,14.5,-0.1,-5.3,0.2,-0.4,-2.2,-4.3,1.0,-3.4,-3.2
2C7L512vRq,0,48.101225,11.627597,4442272.18,2777742.86,536.9,582.6,236,7330,2.3,0.86,0.38,32.65,348.96,-0.529,-0.103,0.842,-0.3,0.1,-0.18,0.18,1.0,0.2,-0.3,-1.8,-2.1,-1.3,-2.7,0.3,2.3,-1.3,-0.5,-4.5,1.1,0.7,2.4,-0.7,-0.4,-5.0,-2.3,-2.6,-1.8,-3.4,-2.2,0.4,-3.0,-0.2,-1.0,0.6,1.2,3.6,2.6,1.1,-5.0,-3.2,-5.6,-7.6,-7.5,-3.8,-3.8,2.0,-0.6,1.3,4.1,-0.0,6.9,-2.5,-1.5,-1.4,1.8,2.8,2.5,0.8,4.4,0.2,1.4,3.1,-2.1,-2.0,-0.6,3.2,-2.6,1.9,-2.6,0.0,-0.6,-2.1,2.4,2.6,1.8,-0.0,-2.2,-2.2,-3.7,0.8,-1.2,0.8,-1.2,-3.9,-3.7,-3.9,-4.5,-3.1,-1.6,-3.2,-3.5,-2.9,1.2,-1.6,-3.3,-1.7,-2.2,-1.4,-0.3,-1.7,0.6,2.2,-1.6,-1.8,-1.8,1.4,-1.5,-3.7,-2.4,1.1,-1.7,0.2,-0.7,-1.6,-0.3,-1.8,1.0,-2.9,-1.9,-3.4,-0.7,-4.0,0.6,2.9,-1.0,1.2,3.8,0.4,2.2,-3.6,0.6,2.6,-3.7,-2.3,-1.1,4.4,-2.8,1.0,-3.4,-3.7,-0.7,3.2,-4.3,-2.1,-2.4,-2.0,-1.5,0.6,2.5,1.1,2.2,0.0,2.7,0.2,-0.2,-9.2,-0.0,1.5,0.9,-3.7,-4.8,-1.8,-3.9,-2.7,-0.1,-0.4,1.7,-3.2,0.8,-5.3,-3.1,-0.8,-3.5,-2.8,2.9,-1.8,-4.0,-0.9,-2.1,-2.2,-4.0,-2.8,0.0,0.7,0.8,-0.3,0.1,3.5,-0.9,-1.9,-1.0,-0.2,-0.2,-1.2,-1.0,0.4,-3.3,-2.5,-4.9,-4.5,-2.0,-1.3,-3.7,-2.6,-3.6,-4.2,-4.6,0.9,-1.6,-0.7,-1.3,-0.3,-1.4,-2.2,-1.4,-1.6,-1.9
2C7L512vRr,0,48.101251,11.6278,4442287.24,2777746.08,543.9,589.6,236,7331,4.4,0.64,0.59,32.65,348.96,-0.529,-0.103,0.842,-0.3,0.2,-0.68,0.34,1.3,0.3,-0.3,-4.2,-2.7,1.1,-2.9,-2.3,2.5,-0.6,-1.6,-0.4,-7.0,-0.6,1.3,-0.7,0.7,-0.7,-0.4,-0.3,-0.8,-0.1,-0.9,3.3,-0.3,-3.9,0.5,1.4,2.3,7.7,2.2,3.3,-2.3,-5.8,-2.8,-6.1,-3.4,-2.4,0.4,-5.4,-3.7,4.0,-0.7,4.8,-3.5,-3.3,-0.7,-6.2,-1.2,9.7,-11.5,-3.8,6.9,2.8,5.7,-12.6,2.3,-5.8,-0.7,13.4,-9.8,5.1,1.1,-3.9,-0.3,0.8,8.2,4.3,5.8,0.5,4.6,-1.6,-0.8,-2.4,-2.0,-4.5,-1.3,-0.5,0.6,-2.3,-3.6,-0.1,0.9,-4.7,-0.1,-0.7,-14.1,-14.7,-0.2,-0.7,0.4,1.3,-0.1,-2.6,1.7,-15.9,2.1,-0.6,-3.9,-0.7,1.1,-1.2,-3.0,7.3,-0.7,0.4,-1.7,0.9,0.9,-1.4,1.7,-1.5,-2.4,0.3,2.8,-10.6,-0.2,6.5,8.3,8.4,1.1,0.6,3.9,-4.6,5.6,4.5,-1.1,1.5,-1.7,9.1,0.2,-4.9,-2.4,-5.5,1.1,0.5,-1.1,-2.5,-3.4,-2.0,-0.2,0.3,4.2,8.8,3.8,0.5,-0.3,4.0,5.2,-1.5,-0.1,-1.3,-0.8,5.1,11.5,-0.2,-3.5,-1.3,4.0,-1.1,5.5,-3.7,-3.3,-1.8,-0.4,-2.8,-2.7,-2.1,8.2,-2.6,-2.4,-11.6,-2.6,-1.0,-2.3,-9.8,-0.0,4.1,2.6,1.1,-1.9,-12.0,1.3,-3.1,2.2,-12.9,-6.5,-5.1,1.1,3.1,-0.6,-2.2,-6.4,-8.2,-1.9,-0.6,-3.1,-2.8,-2.8,-2.5,-4.3,-11.4,3.1,3.2,-0.4,1.8,2.8,-2.1,-1.0,0.5,-5.4
2C7L512vSd,0,48.101674,11.631094,4442531.63,2777798.45,570.6,616.3,236,7379,3.3,0.76,0.49,32.66,348.96,-0.53,-0.103,0.842,-0.1,0.2,0.03,0.25,1.2,0.2,-0.3,2.2,-1.6,-0.1,-2.5,-6.6,2.3,3.4,-1.3,4.0,0.0,9.6,2.1,-4.0,2.3,2.8,2.2,-0.7,-1.0,0.1,1.6,-2.1,0.3,2.1,3.0,-0.1,1.7,1.0,-6.0,3.5,3.4,-4.0,-3.3,-1.8,-1.4,-1.4,1.1,5.8,4.4,3.7,-1.4,6.7,6.4,5.7,0.2,0.3,2.2,-3.3,1.1,-1.6,-2.4,-0.9,4.1,1.2,5.5,5.4,-4.3,0.6,1.2,1.6,0.4,-3.0,3.7,-0.4,-1.2,3.5,-2.9,-1.4,-2.7,4.4,3.1,0.8,-0.6,2.5,0.3,1.0,-6.0,-4.7,-2.5,-4.5,-2.8,0.2,2.5,1.0,1.2,1.9,-2.4,2.1,3.3,-0.8,2.5,1.6,-1.5,7.6,-0.1,1.1,6.2,2.9,2.1,-0.5,8.8,7.6,2.3,-8.4,1.3,3.6,0.2,0.9,-3.7,0.6,-9.2,5.6,2.2,-0.3,0.6,-0.4,-1.1,-2.0,-1.4,0.5,8.5,-0.1,0.2,-0.2,0.9,-2.2,-3.3,5.6,3.4,1.7,-0.5,3.2,1.1,3.1,1.8,1.5,8.1,3.3,-0.1,3.5,-2.3,1.7,2.6,1.2,-0.1,6.0,3.3,-3.7,0.1,-1.0,-1.3,-1.3,-7.9,0.5,0.7,1.5,1.6,-2.5,5.9,3.5,2.2,2.7,2.7,-0.3,-0.4,0.7,5.2,1.4,-0.3,4.4,4.2,2.6,0.3,-7.9,-1.1,1.2,0.2,-1.4,-1.7,-4.3,1.1,0.5,-1.4,-4.7,-3.4,0.2,2.6,-1.1,-1.0,-4.0,-6.9,1.2,0.8,3.6,6.4,4.0,15.5,-0.8,2.1,1.3,0.3,-0.0,-0.2,6.5,1.1,0.5,-4.1,-3.3,4.4
2C7L512vSz,0,48.101743,11.631634,4442571.68,2777807.11,536.9,582.6,236,7401,4.0,0.68,0.49,32.67,348.96,-0.53,-0.103,0.842,-0.9,0.2,0.55,0.3,0.6,0.3,-0.3,-3.1,9.9,-2.6,8.2,-1.4,-4.9,-3.4,-0.3,7.2,-3.2,-1.4,-2.9,3.7,2.9,3.5,4.3,8.6,-5.1,-2.5,-1.0,-8.4,-8.1,-4.6,6.6,-4.8,5.6,-5.0,-4.3,-0.3,7.5,-10.8,-2.6,-8.6,-7.5,-3.7,-8.4,5.1,-2.2,2.5,7.5,-1.2,-0.3,2.9,-1.0,-2.7,-4.2,-1.7,-3.5,-4.1,-2.3,-2.7,0.2,1.6,-6.4,-4.6,-4.7,-5.9,-5.9,-6.1,-3.7,-4.3,-5.9,-13.7,-11.0,-8.8,-0.3,-11.8,-9.6,-3.2,-6.1,-2.7,-2.9,-3.2,-5.8,-2.5,-4.6,-6.3,-6.6,-3.5,9.5,0.4,-2.1,-4.8,0.2,1.2,6.0,-6.7,1.1,-9.7,-0.6,-3.8,-5.9,-3.4,-1.6,1.2,-2.8,0.0,-0.8,-3.6,0.2,-7.4,5.1,0.2,4.1,-1.2,-2.3,-1.9,5.6,-7.1,-1.2,-13.1,-5.9,-7.3,-12.4,-4.8,-3.2,-0.3,-0.5,-0.1,-7.6,-6.5,-9.8,-6.4,-2.3,-6.3,-2.8,-4.5,-1.9,0.1,-7.0,-8.1,0.3,-8.2,-2.5,-6.5,-7.0,-9.6,-3.5,-3.3,-1.0,-8.0,-4.2,-4.3,-4.4,-2.7,5.3,-4.8,-4.7,-4.0,-3.5,-6.1,-6.9,-5.0,-0.3,-3.8,-2.7,-2.9,-4.6,-4.0,-2.8,-0.8,-4.7,-10.1,-5.9,-10.3,-3.6,-5.3,-5.2,-1.2,-2.7,-3.6,-4.7,-10.5,-3.3,-5.8,-4.6,-5.1,-4.0,-9.7,-4.9,-4.8,-2.9,-1.0,-2.2,-3.9,-4.7,-5.7,-3.0,-2.9,-5.1,-9.0,-1.8,-3.9,-4.0,-3.8,-8.8,-2.9,-8.9,-6.7,-7.5,-5.1,-8.1,-5.8,-3.8,-4.9,-7.5,-5.2,-3.5
2C7L512vTM,0,48.101935,11.633123,4442682.16,2777830.79,545.6,591.3,236,7424,2.1,0.89,0.3,32.67,348.96,-0.53,-0.103,0.842,-0.5,0.1,-0.17,0.16,0.8,0.1,-0.3,-0.4,-0.1,0.2,-0.1,1.7,-3.7,1.7,-1.1,0.5,-4.3,0.1,0.7,-0.6,4.1,2.8,3.6,3.2,0.8,1.0,0.7,-2.2,1.7,1.4,0.8,1.7,2.0,3.4,0.6,3.5,2.2,6.1,-0.8,-1.5,-2.1,-2.2,-1.1,2.1,1.1,2.8,1.1,3.6,5.9,-2.5,3.8,0.4,2.5,1.9,1.8,1.7,0.5,-1.1,1.5,-0.4,0.8,0.4,0.9,0.2,3.9,2.4,1.9,1.5,1.6,7.7,0.4,-3.8,0.4,-1.5,-1.7,2.5,1.4,1.7,1.8,0.9,0.6,0.7,2.6,2.5,1.1,2.5,2.0,2.5,2.9,1.8,1.3,0.7,0.8,1.3,0.2,0.9,1.2,0.6,-5.4,2.3,-2.5,1.0,0.6,1.9,3.2,4.3,1.0,3.2,5.1,1.8,5.2,1.6,2.6,1.5,3.3,1.9,2.1,1.9,1.8,3.3,1.4,1.8,1.0,4.2,0.8,-2.0,-3.9,-2.7,-3.2,-1.1,-1.4,-1.1,3.1,-1.1,1.4,-0.8,-3.3,0.2,1.1,4.7,0.9,-0.8,-0.7,-0.0,1.2,2.1,3.2,-1.5,-1.1,-0.4,0.9,-0.1,-3.0,-1.8,-1.7,-0.6,-3.2,-1.2,-2.6,-1.3,0.9,-0.5,-0.7,1.5,1.1,2.0,3.3,-0.4,-1.6,-1.7,0.3,-0.9,2.6,2.0,-2.8,0.8,3.9,1.7,-0.6,0.4,-0.1,-0.6,-0.8,-0.4,-3.1,-12.2,-1.3,-0.7,0.9,-0.1,-0.8,-2.9,-0.1,2.0,0.1,-0.5,-2.0,-1.8,-1.6,0.9,3.7,1.8,0.7,-1.3,-0.8,0.1,-1.0,3.2,-3.1,-0.2,0.4,0.8,-4.1,-4.4,-0.8
2C7L512vUB,0,48.102295,11.635927,4442890.16,2777875.42,540.2,585.9,236,7475,2.5,0.85,0.43,32.68,348.96,-0.53,-0.103,0.842,-1.1,0.1,-0.53,0.2,0.6,0.2,-0.3,-2.3,0.0,2.3,-1.6,5.9,0.4,2.7,-3.3,-11.5,1.8,1.4,-1.5,-3.0,-1.8,-0.2,-1.7,-4.3,0.7,-3.0,-2.9,-5.7,-5.9,-2.4,1.3,0.2,-0.4,0.7,-2.1,-0.3,-2.2,0.9,-4.3,-3.7,-2.7,-4.5,-4.5,-0.4,-2.2,3.0,0.9,-0.8,-0.5,0.5,-1.3,1.2,-0.9,0.3,2.8,-1.7,-1.7,-3.2,-2.3,3.3,-0.0,0.4,-1.4,-0.9,-1.7,-0.9,-1.6,0.6,-2.2,1.2,-2.4,-3.0,0.8,-1.4,0.1,-4.2,-5.4,2.7,1.9,-0.8,-8.6,-1.5,-2.5,-2.4,-3.5,-5.1,-0.5,-2.7,-0.1,-0.1,-2.3,-1.4,-1.8,-2.1,-0.8,-1.6,0.1,-3.8,-5.5,-4.4,-5.5,-2.8,-0.1,-1.3,0.5,1.3,-2.6,-3.2,-4.9,-6.1,-3.7,-5.7,-2.8,-3.8,-1.1,-5.6,-1.5,-4.1,-2.5,-1.9,-0.7,-2.6,1.9,-0.0,-1.5,-2.2,-3.4,-2.1,-1.9,-4.3,-5.7,-3.0,-2.1,-2.9,-3.8,-2.7,-4.7,-1.8,-2.2,1.5,-3.6,-3.0,-1.1,-2.4,-0.2,1.4,-0.1,1.5,-5.0,-3.3,-5.4,-5.1,-6.7,-1.2,-0.9,-0.6,-3.7,3.9,-6.6,-3.4,-6.4,-5.3,-5.1,-4.2,-3.5,-5.0,-1.0,-4.2,-9.2,0.6,-7.5,1.3,4.1,-1.2,-4.8,-5.9,8.8,-7.3,-6.0,-2.6,-2.2,-4.4,-3.4,-7.3,-2.8,-1.4,-4.6,-4.2,-3.2,-5.1,-5.1,-7.5,-4.9,-4.8,-6.0,-5.9,-6.2,-4.4,-2.2,-4.4,-5.4,-6.0,-5.4,-7.9,-8.3,-6.9,-6.5,-7.3,-8.9,-9.1,-6.9,-5.4,-8.5,-12.5,-7.2
2C7L512vUD,0,48.102297,11.635949,4442891.76,2777875.77,536.3,582.0,236,7477,4.1,0.7,0.6,32.68,348.96,-0.53,-0.103,0.842,-0.0,0.2,-0.07,0.31,0.7,0.3,-0.3,-2.9,-4.4,-1.1,2.0,-2.7,3.6,3.6,10.2,-12.0,3.2,-5.3,4.0,-0.4,-1.2,-0.8,1.3,-1.6,-1.9,-8.5,-3.4,-8.3,1.9,-0.7,-0.0,7.2,6.8,1.8,2.3,-11.7,5.4,-14.5,-2.5,-0.2,-14.9,1.8,8.9,-12.2,1.0,-6.9,9.2,10.4,0.7,9.6,9.2,0.3,-4.7,-2.8,-1.2,-2.8,-2.5,-0.7,-0.8,0.5,-1.2,-0.9,-1.0,-0.9,-0.2,-2.3,-0.7,1.1,2.9,0.5,-0.5,3.5,-1.6,-1.1,0.1,0.4,-0.2,-1.4,-2.1,-1.6,0.3,1.3,2.6,3.0,0.9,1.9,1.4,-2.1,-0.9,-2.2,-4.7,-0.1,4.1,-1.3,-0.7,-5.4,-16.9,6.5,-3.4,-2.8,-0.7,5.2,-3.4,-1.7,8.5,-0.6,-4.5,-9.3,7.5,3.0,2.6,1.7,-0.1,-0.6,-2.0,-0.8,-4.2,-0.5,-1.5,-0.4,-1.6,-1.1,-2.3,-1.4,-1.9,-3.7,-3.3,-2.8,-2.4,-1.3,-2.0,-1.8,1.3,-2.8,-1.4,0.2,-3.5,2.3,-0.5,0.9,-2.7,1.5,4.6,2.8,-4.0,-1.6,0.5,3.2,-1.1,-0.2,1.7,0.3,-0.3,4.4,4.7,4.9,2.8,2.6,2.8,5.3,1.5,-3.7,-2.5,-3.2,-4.1,-5.3,1.6,-1.6,-6.3,6.1,-10.3,-9.9,2.3,1.9,-1.2,-0.4,-1.1,-1.6,-4.3,-4.0,-1.7,5.1,3.5,1.5,-4.2,-4.6,1.7,1.8,1.7,1.0,-0.2,0.1,-1.0,-0.5,-1.8,-0.4,-0.4,-1.3,-1.1,-1.4,-2.0,0.5,-1.2,-4.3,-0.9,-0.1,-0.2,-2.7,-1.2,0.0,0.2,0.9,-1.8,1.5,1.4
2C7L512vUX,0,48.102497,11.637508,4443007.48,2777900.56,555.6,601.3,236,7497,2.2,0.85,0.34,32.69,348.96,-0.53,-0.103,0.842,0.1,0.1,-1.15,0.17,0.6,0.1,-0.3,2.0,-1.0,-1.6,-2.1,0.7,0.6,-1.3,0.9,-0.2,2.0,-1.0,0.4,0.6,-0.2,-0.4,0.8,-2.3,-2.8,-2.2,-3.8,-3.6,0.8,1.0,-1.6,1.2,1.4,0.7,4.1,0.5,2.2,3.1,-4.1,-1.3,-6.0,-4.4,-2.5,2.0,4.7,3.1,2.4,2.5,1.5,-0.5,0.8,-2.5,2.9,-0.5,0.9,1.8,1.7,-0.0,4.1,3.0,0.9,0.6,0.9,1.6,0.1,1.1,-0.7,1.6,0.3,4.3,0.5,-1.7,1.9,-0.4,-0.0,0.8,-0.2,2.7,-0.5,2.5,1.7,-0.0,0.4,0.8,1.8,1.5,-1.4,0.7,-1.2,3.0,0.8,1.8,-2.6,2.9,-3.0,-1.7,0.5,-1.1,-0.3,2.9,-3.3,1.7,2.1,4.0,2.4,1.8,-1.8,3.3,0.9,0.2,1.9,-1.3,-0.5,4.4,3.0,0.3,-1.0,1.8,6.4,3.8,2.6,2.7,6.4,3.8,4.9,2.5,3.0,2.1,3.4,2.2,1.2,3.7,0.1,1.9,-0.7,0.2,2.9,9.3,-3.6,6.6,2.2,5.4,0.7,4.1,1.5,3.1,6.4,5.0,3.0,3.4,2.5,3.7,4.1,0.6,4.6,5.0,1.4,4.9,3.0,2.6,1.8,0.9,2.5,4.8,-0.3,5.9,2.6,2.9,3.0,3.4,-0.8,-0.1,3.6,5.2,2.0,2.1,1.1,2.0,1.2,-2.7,1.7,3.6,-0.0,4.3,0.1,-0.0,3.7,-6.4,0.7,0.1,-7.0,1.6,-0.4,0.9,-1.3,9.3,0.7,-4.8,-0.4,0.7,1.0,-0.7,-0.2,0.7,3.9,-0.3,-1.0,-2.0,-1.7,-0.9,0.5,-2.7,-3.0,-0.6,-0.7
2C7L512vUY,0,48.102491,11.637458,4443003.72,2777899.76,550.4,596.1,236,7498,1.4,0.94,0.25,32.69,348.96,-0.53,-0.103,0.842,0.2,0.1,-0.68,0.11,0.4,0.1,-0.3,1.0,0.5,1.3,-0.7,-0.2,-1.2,0.6,1.5,0.3,1.3,-0.6,-2.6,1.9,0.1,1.9,2.5,0.7,0.1,1.2,-1.9,0.0,0.9,1.6,2.0,2.7,2.9,0.4,1.3,1.2,4.4,6.2,-3.3,-0.3,-2.3,-2.0,0.3,1.1,4.2,3.9,3.3,2.9,2.9,2.5,0.9,3.1,2.9,1.6,1.1,2.9,1.6,2.8,3.1,2.8,3.2,1.2,2.9,1.6,1.4,1.7,1.2,2.3,0.7,2.0,1.2,-0.7,0.2,0.4,0.9,1.2,2.5,2.0,3.5,3.6,3.0,3.4,0.9,4.0,4.7,5.2,1.4,3.6,2.1,2.9,3.4,2.7,2.3,4.3,5.4,2.5,2.1,1.6,0.8,0.8,0.4,3.8,2.3,3.2,5.0,4.3,2.2,3.5,4.1,3.9,4.6,1.1,2.6,4.0,2.9,2.3,2.8,2.2,2.8,2.8,3.1,2.5,2.6,1.9,3.9,2.7,-1.2,0.9,2.6,2.4,2.1,3.5,3.7,1.4,1.9,2.0,2.7,4.6,3.7,5.7,3.8,3.9,2.7,4.2,2.8,5.4,4.6,3.7,0.8,2.1,2.1,3.1,2.7,1.4,4.5,4.4,3.1,3.5,1.7,3.1,2.4,2.3,1.8,2.8,1.9,5.2,3.3,1.2,1.8,0.4,1.2,0.7,3.0,5.0,1.8,2.9,3.6,4.6,3.2,-0.8,2.2,2.4,3.7,3.9,2.1,-0.1,1.7,0.8,3.2,0.8,1.1,1.9,1.0,0.7,2.1,2.8,2.9,-0.1,2.1,3.8,1.7,3.1,1.2,3.4,4.2,3.0,3.4,1.3,1.4,-0.3,3.5,-0.3,-0.3,1.8,2.0
2C7L512vUZ,0,48.102492,11.637463,4443004.13,2777899.85,547.9,593.6,236,7499,1.3,0.96,0.18,32.69,348.96,-0.53,-0.103,0.842,-0.5,0.1,-0.22,0.1,0.2,0.1,-0.3,-0.1,1.4,-0.2,1.0,0.9,0.4,0.7,1.5,0.3,0.4,0.2,0.6,-0.5,-0.7,-0.7,-0.5,0.0,-0.6,-1.0,-2.4,-1.1,-1.2,0.9,0.5,1.8,0.5,0.1,-0.0,0.3,0.2,4.1,-4.4,-1.9,-4.2,-6.7,-0.9,-1.4,0.4,0.1,1.3,0.4,1.0,-0.2,-1.2,-0.0,-0.9,1.4,-0.0,0.6,1.0,1.0,0.3,0.5,0.2,-0.5,-0.5,-0.2,-0.0,0.3,-1.1,-0.8,-0.6,0.7,-0.3,-2.8,-1.4,-0.1,-1.3,-0.9,0.6,-1.3,0.2,-1.4,0.1,0.1,0.2,0.5,0.0,-0.3,-0.8,0.2,-1.0,0.5,-0.0,-0.6,-0.5,0.7,0.8,-0.3,-0.8,-1.2,-1.1,-1.7,-4.4,-0.1,-1.6,0.6,2.1,1.0,0.1,1.4,1.1,0.7,0.5,-0.4,0.5,0.2,1.4,-1.0,1.6,0.6,-0.3,-0.4,-0.5,-0.1,-0.3,0.4,-0.8,-1.2,-1.8,1.2,-0.2,-0.3,-0.5,-0.5,0.1,0.9,-0.5,-0.6,-1.4,1.0,0.7,3.0,0.9,-0.2,-1.5,-0.6,-1.0,1.5,0.2,0.3,-1.5,-1.2,-1.2,-0.2,-1.2,-1.7,-0.3,-1.5,-1.2,-0.8,-0.6,-1.1,-1.5,-1.3,-2.1,-0.9,-2.5,-0.1,-1.2,-3.4,-3.2,-3.4,-5.2,-2.8,-0.8,-0.2,-2.8,-1.0,-0.3,-0.3,-2.7,-4.6,-1.9,-1.0,-1.6,-0.2,-1.9,-2.0,-0.7,-0.6,-0.5,-1.5,-2.2,-2.5,-1.8,-2.3,-2.9,-3.5,-0.7,-1.4,-2.3,-2.5,-1.1,0.8,-0.8,-2.3,-2.3,0.0,-2.9,-2.8,-1.1,-2.6,-1.7,-2.0,-3.6,-3.3,-2.6
2C7L512vRX,0,48.101128,11.626695,4442205.22,2777730.55,547.1,592.8,236,7311,1.8,0.91,0.33,32.64,348.96,-0.529,-0.103,0.842,-0.4,0.1,-0.09,0.14,1.2,0.1,-0.3,0.2,0.5,-0.3,-0.7,0.7,0.5,0.6,2.6,0.9,-3.9,4.7,2.2,3.1,0.9,0.6,0.1,-1.7,-0.6,0.3,1.2,0.9,-0.5,-0.2,-1.2,0.6,0.4,-0.5,1.8,-0.8,-2.1,-8.0,-4.2,-4.0,-4.4,-1.5,-4.0,-0.6,-2.4,0.6,-2.5,-1.4,-2.0,-4.1,1.7,-2.8,-2.5,-2.3,-2.1,0.4,1.5,0.4,-0.4,-0.2,-0.8,-0.6,-0.3,0.1,0.7,0.5,-1.2,-2.6,-0.9,-1.3,-1.1,-2.4,-0.0,1.6,-2.3,-0.5,-0.7,0.6,-0.1,-0.7,-0.2,0.5,0.5,1.3,1.5,0.5,0.8,-0.4,-1.7,-1.9,0.7,0.1,-1.2,-1.4,-3.5,-2.9,-2.0,-2.3,-2.6,-4.6,-1.0,-3.5,0.5,0.8,-1.0,-1.8,-3.3,-2.1,-3.5,-0.9,0.7,-0.3,-0.7,-2.4,-2.0,-0.7,-0.6,0.8,0.7,-4.2,1.8,2.6,-0.2,-0.4,0.9,0.7,-2.3,-3.6,1.6,0.9,0.7,0.7,2.7,0.2,1.8,-1.3,-0.5,-2.4,-0.9,-1.2,0.2,-3.2,-5.2,-3.7,-2.3,0.0,2.4,-1.7,-1.3,-1.8,-3.7,-0.9,-1.0,-2.5,1.6,1.3,-0.3,0.9,-1.5,-2.6,-0.5,-1.3,-0.7,0.0,-1.1,0.5,-0.9,-2.9,-3.9,-4.5,-5.4,-5.0,2.2,-3.2,-5.3,-1.7,-2.9,-2.1,-4.4,-3.4,-2.7,-3.4,-4.0,-1.0,-1.1,-11.7,-0.5,-0.5,-0.2,0.3,0.1,-1.2,-0.6,-1.7,0.4,-1.8,-5.4,-2.9,-2.2,-1.0,-2.9,-2.8,-3.3,-3.4,-2.1,-3.4,-4.7,-3.5,-0.7,-0.8,-0.7,-0.4,-1.2,-2.4,-1.2
2C7L512vTY,0,48.102034,11.633749,4442728.56,2777842.83,541.9,587.6,236,7436,2.7,0.83,0.42,32.67,348.96,-0.53,-0.103,0.842,-0.6,0.1,0.44,0.21,0.6,0.2,-0.3,0.3,0.9,1.9,-0.7,1.1,2.9,3.0,1.3,-0.1,0.7,-1.3,-0.7,2.3,0.5,4.3,1.4,-4.3,-1.8,-5.2,-3.1,-5.0,-4.3,-4.4,-1.8,-2.5,-2.0,-6.1,1.7,-1.6,-1.3,-4.5,-7.1,-8.2,-8.8,-7.0,-3.1,1.7,-3.5,-0.4,-9.0,-4.9,-5.1,-6.1,-3.8,-5.2,-4.8,-5.5,-3.3,-3.4,-1.6,-3.1,-1.7,-2.7,-1.6,-2.9,-3.6,-1.0,-2.8,-1.8,-1.8,-0.5,1.5,-7.2,-2.1,-1.2,-2.2,-3.6,-1.1,-1.3,-3.4,-3.0,-4.4,-2.2,-1.7,-5.2,-3.4,-4.2,-4.1,-4.2,-3.9,-4.4,-4.3,-2.4,-4.5,-1.5,-3.7,-5.1,-3.9,-8.2,-4.5,-4.9,-3.7,-7.1,-6.1,1.7,-4.1,-1.3,0.5,0.4,-3.0,-2.6,-6.2,-1.1,-4.1,-5.5,-5.9,-6.8,-6.6,-8.4,-5.5,-6.1,-6.5,-3.9,-3.5,-3.9,-3.7,-0.5,-5.9,-3.2,-8.2,-5.2,-5.5,-3.8,-6.1,-3.6,-2.5,0.2,-3.8,-2.7,-3.9,-2.4,-3.6,0.1,-2.1,-3.5,-1.0,-4.7,-4.6,-2.0,0.8,-5.2,-3.5,-4.3,-8.1,-5.8,-4.9,-0.8,-6.7,-5.4,0.9,-4.6,-3.7,-3.2,-4.6,-3.6,-4.9,-6.4,-4.3,-4.0,-4.9,-4.6,-13.0,-7.1,-4.6,-8.5,2.3,0.9,-7.6,-0.5,-3.5,-2.7,-8.8,-6.8,-3.3,-5.2,-5.9,-5.3,-4.0,-9.7,-2.9,-0.5,-2.0,-0.9,-4.3,-4.0,-9.1,-4.5,-5.4,-5.3,-3.1,-17.2,-8.2,1.2,-6.0,-1.9,-5.4,-5.2,-2.9,-3.1,1.6,-5.2,-5.9,-5.2,-8.4,-5.8,-4.8,-8.1,-2.9
2C7L512vU7,0,48.102314,11.635933,4442890.55,2777877.56,551.5,597.2,236,7471,1.7,0.93,0.33,32.68,348.96,-0.53,-0.103,0.842,-0.5,0.1,0.34,0.13,0.2,0.1,-0.3,-0.3,-2.1,-1.3,2.0,1.5,1.3,0.1,-0.0,1.4,-2.5,0.0,-0.1,-2.3,1.4,-0.5,-0.9,-2.1,-1.0,-3.8,-3.4,-3.3,-1.6,0.5,-1.5,0.5,-1.3,-0.9,0.5,-0.1,-0.8,4.9,-4.7,-3.0,-4.3,-4.5,-3.9,-0.1,1.8,-1.1,0.4,-1.5,0.0,-2.5,-2.2,-1.7,-1.2,-1.0,-1.7,-0.1,-1.3,-0.5,-1.1,-0.4,-0.8,-0.9,-1.4,-0.2,-4.0,-2.3,-2.5,-1.7,-1.8,-5.1,-2.8,-2.0,-1.1,-3.0,-5.8,-2.4,-2.1,-2.9,-2.0,-4.5,-2.3,-2.7,-2.1,-2.3,-2.7,-3.8,-1.3,-3.2,-1.7,-2.7,-2.7,-2.7,-1.3,0.0,-2.4,-3.8,-3.9,-2.4,-3.4,-3.8,-5.3,-2.7,-3.8,-1.5,0.0,-1.4,-3.8,-2.0,-2.3,-2.4,-0.3,-2.0,-1.9,-1.8,-2.0,-3.0,-1.8,-2.1,-1.7,-2.1,-2.3,-3.0,-1.4,-1.5,-2.8,-2.6,-4.7,-1.7,-2.6,-3.2,-2.9,-2.7,-2.8,-2.4,-2.8,-3.6,-3.4,-1.4,-2.7,-1.5,-2.4,-3.8,-5.0,-3.4,-3.9,-2.0,-3.1,0.4,-3.6,-3.9,-4.0,-2.6,-2.9,-3.0,-1.9,-5.5,-3.1,2.9,-3.6,-1.5,-1.1,-2.0,-2.9,-5.2,-3.6,-2.4,-2.1,-0.6,-6.2,-4.8,-4.1,-5.0,-0.9,-0.2,-2.7,-1.4,-1.5,-1.9,-3.7,-4.1,-2.7,-0.5,-11.8,-3.6,-7.6,-0.4,-5.5,-1.5,-4.1,-1.9,0.2,-3.8,-2.6,-3.9,-2.9,-2.8,-5.7,-4.5,-2.1,-1.2,-1.4,-1.8,-4.2,-3.8,-3.8,-1.6,-2.2,-6.7,-4.7,-2.4,-1.7,-2.6,-4.1,-5.2,-4.4
2C7L512vUc,0,48.10251,11.637457,4443003.61,2777901.83,540.5,586.2,236,7502,3.1,0.8,0.4,32.69,348.96,-0.53,-0.103,0.842,-0.4,0.2,-0.61,0.23,0.4,0.2,-0.3,-1.1,3.1,2.4,1.4,-0.9,-8.7,2.2,3.0,2.0,1.6,1.8,-2.9,0.1,-0.6,0.5,0.6,2.4,2.5,-3.2,-0.8,-2.0,0.1,5.0,3.3,3.0,2.0,6.2,4.4,1.8,5.9,6.0,-2.9,2.5,-0.9,-4.6,-0.7,4.8,3.0,3.9,4.2,-4.6,15.1,-0.7,3.1,0.7,2.5,-9.3,5.2,-1.1,6.3,1.0,4.3,0.1,0.3,-0.3,2.5,-0.3,1.8,-0.1,-0.9,0.9,-0.8,-0.1,-0.4,-0.3,-2.1,-1.9,3.5,0.1,-3.3,2.2,-2.3,1.5,-0.4,-2.2,3.4,2.0,0.5,-2.0,-0.4,-1.1,-0.1,-0.5,1.9,1.4,-1.3,1.6,-1.0,6.3,5.2,1.2,3.1,1.4,-0.8,4.6,2.9,4.3,6.1,-0.6,4.3,3.1,4.2,5.5,1.8,4.1,3.4,3.2,1.7,0.2,1.6,0.1,-0.3,2.7,1.2,2.5,2.4,2.1,0.6,4.6,2.4,5.6,3.0,4.9,5.6,5.0,5.8,4.3,5.4,-1.8,1.6,5.1,3.6,1.8,3.4,-0.8,-3.5,3.0,1.0,5.0,6.8,-1.5,-2.7,-2.7,-0.9,1.6,-1.0,1.7,2.8,-2.6,0.8,-0.2,-0.8,7.0,5.4,4.2,2.8,0.2,-2.3,3.1,-2.8,1.8,-1.7,-1.0,-5.6,-3.6,-1.5,-2.0,-2.2,-0.7,-1.3,2.4,-1.2,0.2,0.3,6.4,1.3,-2.7,-2.3,1.1,0.7,-3.4,-2.1,-1.5,-3.7,0.4,-0.2,6.9,0.6,0.7,2.4,-1.5,0.4,-2.1,0.8,0.8,0.4,-3.8,-5.0,0.7,0.4,13.0,1.5,-4.1,-3.5,-1.3,-0.4,-4.5,-1.7
2C7L512vRc,0,48.101187,11.627016,4442228.95,2777737.72,546.9,592.6,236,7316,1.7,0.93,0.25,32.64,348.96,-0.529,-0.103,0.842,-0.5,0.1,0.18,0.13,0.6,0.1,-0.3,-0.1,0.6,0.7,-0.4,0.0,1.8,1.3,0.9,1.4,-0.8,1.9,2.6,2.2,1.2,0.6,1.5,0.4,-2.1,-0.9,-0.3,-0.4,0.4,-0.8,0.7,0.2,-0.1,-0.2,-0.1,1.3,-3.2,-9.9,-4.9,-6.4,-3.1,-0.0,-3.7,-0.3,0.9,1.2,-1.0,-0.2,0.4,-2.5,-2.3,-1.0,-1.9,-2.8,-0.8,-1.3,-0.1,-0.0,0.2,-0.2,0.0,-0.2,-0.9,0.1,-1.3,0.1,-0.8,-1.4,0.7,-3.7,-1.8,-1.7,-1.4,-0.7,-1.6,-1.3,-0.9,-1.6,-2.1,-2.7,-0.7,-0.3,0.4,0.6,-0.2,0.7,-1.9,-1.6,-2.1,-0.8,1.0,-0.4,-0.1,-0.9,-2.9,-0.5,-0.7,-0.7,-2.9,-4.3,-1.1,-2.3,-2.0,-1.9,-2.1,-2.6,-0.9,0.0,-1.3,1.3,-1.5,-2.6,-1.9,-2.6,-1.7,-2.5,-1.9,-0.9,-2.4,-2.1,-1.9,-1.1,-1.6,-0.3,-2.0,-0.3,0.7,-3.1,-0.4,-1.0,-1.8,0.2,0.7,-1.1,-0.8,-1.6,-3.8,-1.4,-1.3,-2.0,-0.5,-1.6,-4.0,-1.9,-1.7,0.2,1.2,-2.0,-2.7,-1.8,-2.3,-1.9,-1.1,-5.1,-0.7,-1.9,-0.8,-8.7,-2.4,-1.4,-2.2,-1.6,-2.8,-1.6,-1.7,0.5,-0.4,-1.8,-3.6,-1.7,-4.7,-5.4,0.9,-4.1,-5.1,-1.7,-2.6,-3.7,-4.6,-4.1,-6.6,-5.1,-6.5,-3.2,-3.5,6.2,-3.2,-3.7,-2.9,-2.6,-2.5,-1.6,-2.2,-2.9,-1.3,-2.1,-4.1,-1.8,-1.6,-0.0,-3.6,-2.1,-4.2,-3.1,-2.9,-5.3,-2.8,-3.4,-1.7,-2.9,-2.4,-3.2,-2.8,-1.3,0.3
2C7L512vRd,0,48.101196,11.627081,4442233.84,2777738.77,547.4,593.1,236,7317,1.6,0.93,0.27,32.64,348.96,-0.529,-0.103,0.842,-0.4,0.1,-0.12,0.12,1.0,0.1,-0.3,0.2,1.0,0.8,0.9,-0.1,1.8,0.8,0.2,0.5,-5.9,1.5,0.7,1.2,0.9,0.9,0.7,-0.7,-0.6,-1.3,0.1,-1.2,-0.9,-0.5,-1.0,-0.0,-0.1,-0.6,0.1,-0.2,-4.5,-7.8,-5.1,-6.3,-4.9,-1.9,-3.8,-1.3,-1.7,0.7,-1.0,-1.1,-0.8,-1.6,-1.9,-1.2,-1.7,-2.9,-1.5,-0.1,-0.6,1.0,-0.1,0.2,0.1,-0.3,0.6,0.2,0.7,0.4,0.3,0.2,-0.6,-3.8,-0.4,-0.9,0.2,0.3,-2.4,-0.8,-0.1,-0.4,-1.2,-1.7,0.5,0.9,0.8,0.5,0.6,0.9,-1.5,-1.1,-1.2,-1.1,-1.8,-0.4,-0.3,-1.4,-2.3,-1.0,0.2,-1.8,-1.8,-3.3,-1.2,-1.6,-2.5,-0.6,-1.4,-1.7,-1.4,-2.2,-1.9,-0.5,-1.5,-2.3,-0.9,-0.7,-0.6,0.2,-0.8,-0.6,-0.1,-1.1,-0.3,0.3,-0.9,-2.2,-0.4,-0.5,0.5,-2.6,-0.0,-0.1,-0.1,1.0,0.4,-0.8,-0.5,-1.6,-3.7,-2.3,-1.5,-2.4,-1.8,-3.5,-3.9,-3.6,-3.2,-0.9,1.0,-1.6,-3.2,-2.2,-1.7,-1.4,-0.7,-4.1,-0.1,-0.9,-0.7,-9.1,-1.9,-0.4,-1.4,-0.7,-0.8,-0.3,-1.8,-0.2,-1.4,-2.0,-3.2,-1.6,-4.5,-4.2,2.5,-2.2,-5.6,-1.1,-1.8,-2.5,-4.2,-4.1,-3.3,-2.9,-5.6,-1.5,-1.2,7.7,-1.2,-1.5,-1.5,-1.3,-1.2,-1.5,-1.7,-2.0,-1.0,-1.8,-4.9,-4.1,-3.2,-2.3,-4.0,-4.1,-3.9,-3.3,-3.0,-3.7,-3.1,-3.9,-2.5,-2.9,-2.1,-2.3,-2.1,-2.1,-1.8
2C7L512vRe,0,48.101188,11.627024,4442229.56,2777737.86,541.8,587.5,236,7318,2.3,0.89,0.35,32.64,348.96,-0.529,-0.103,0.842,0.1,0.1,-0.31,0.17,0.3,0.1,-0.3,0.9,2.7,2.3,0.8,0.3,8.0,0.9,2.1,1.7,-9.4,2.4,-0.9,-0.3,-1.3,0.4,0.2,0.6,1.1,2.8,3.5,1.2,1.6,3.2,1.7,2.5,1.9,-0.1,-10.4,-1.5,-1.4,-11.1,-5.0,-4.2,-4.3,-0.4,-3.0,1.0,-1.4,4.7,1.5,4.3,2.9,1.7,-2.8,0.1,0.2,-1.0,-0.7,2.1,2.1,2.9,2.6,2.4,1.7,2.9,0.6,3.0,-0.6,0.9,-2.0,0.6,-0.6,-0.7,0.4,-3.1,2.7,1.8,-1.6,1.3,1.0,-0.7,0.5,-2.3,2.3,2.7,3.3,4.6,4.0,4.4,1.6,1.1,1.4,-0.7,0.7,2.8,0.5,-0.0,1.2,4.5,3.6,2.2,3.5,-1.4,2.1,2.6,0.1,3.7,3.1,2.5,2.5,0.4,2.8,2.3,3.4,0.7,2.3,1.2,2.9,3.7,2.1,1.2,3.1,0.3,1.8,1.7,0.3,-0.2,1.9,2.1,1.5,0.5,1.0,1.4,0.3,2.9,3.1,1.4,3.6,1.5,0.4,1.0,1.9,0.2,1.0,-1.2,-3.4,0.6,0.5,2.6,3.5,-0.5,-0.1,2.0,1.4,2.0,1.2,-1.4,2.6,-0.0,-0.7,-1.3,1.3,0.6,-1.0,-0.8,-0.5,1.1,-1.4,3.1,0.2,-0.2,0.1,1.8,-1.6,-1.0,6.0,2.2,-3.2,2.8,3.1,1.5,1.4,-1.0,1.5,2.1,-2.1,4.1,2.8,-3.8,1.2,0.7,1.2,0.2,0.6,0.1,2.4,1.4,1.7,2.1,-0.5,0.2,0.3,2.0,0.1,0.5,1.0,0.4,-0.7,-0.3,0.6,-0.7,1.6,0.0,2.1,0.9,1.2,2.3,2.4
2C7L512vRk,0,48.101233,11.627373,4442255.48,2777743.42,542.8,588.5,236,7324,4.7,0.56,0.43,32.65,348.96,-0.529,-0.103,0.842,-1.5,0.2,0.83,0.36,1.6,0.3,-0.3,-2.9,-0.7,4.9,3.7,-1.6,-0.5,-2.0,1.9,2.4,-2.4,0.5,-0.4,3.3,4.3,7.0,4.3,-1.2,10.4,6.3,7.0,-0.7,0.1,3.1,2.1,3.7,2.7,2.0,-9.8,10.2,-2.7,-6.5,-2.3,-8.3,-2.4,-4.5,-5.7,3.8,-5.0,-1.4,1.1,-10.7,-1.4,3.2,1.7,1.0,1.4,-2.7,3.9,-5.4,9.9,4.9,6.1,0.3,1.4,3.0,0.4,1.4,-0.2,-2.2,-3.0,-4.1,-0.8,-7.7,-4.4,-14.0,-12.2,-3.2,-7.8,-2.9,2.7,-3.3,-3.2,-5.8,0.0,1.7,4.1,5.2,1.5,2.2,0.2,0.5,-1.2,0.5,4.4,-0.8,0.4,-1.2,-4.2,0.6,-4.2,-8.4,-6.4,-0.6,-1.5,-7.3,-1.9,4.3,-0.8,-2.3,2.0,2.9,-4.0,5.3,1.0,-0.6,1.3,-1.8,-2.3,1.1,5.6,1.9,-7.4,-13.0,3.0,-3.0,-13.7,-11.7,-15.5,-6.0,-15.9,-13.2,-9.4,-6.5,0.3,6.3,-0.3,-10.6,5.7,-2.0,-8.4,-0.2,-2.2,-3.1,-7.8,-0.2,-4.9,-3.6,-1.8,-4.6,-0.7,-6.9,-3.8,-2.1,-8.3,-5.7,-11.2,-9.4,-9.0,-4.7,2.0,-17.9,-3.0,-2.3,-2.0,-4.0,-2.8,-2.8,0.4,6.0,2.0,-7.2,-8.2,-2.5,-9.6,-7.6,-1.6,-4.9,-10.8,3.6,-2.8,-1.0,-7.7,-7.6,-8.6,-4.3,-10.2,-13.6,-8.5,-11.6,-8.4,-9.8,-8.0,-6.8,-13.3,-8.1,-3.2,-10.5,-0.8,-5.2,0.9,0.3,-2.3,-2.0,-7.8,-2.0,-6.2,-6.9,-4.9,-7.7,-9.4,-4.7,-4.0,1.7,-2.6,-15.6,-10.1,2.0,-2.7
2C7L512vRt,0,48.101237,11.627396,4442257.15,2777743.82,519.0,564.7,236,7333,3.1,0.83,0.35,32.65,348.96,-0.529,-0.103,0.842,-0.5,0.2,-0.52,0.23,0.6,0.2,-0.3,0.2,0.6,-0.1,-0.0,0.7,1.8,1.5,1.7,1.7,-7.8,2.2,2.3,2.7,1.5,1.0,2.2,-0.1,-0.8,-0.8,1.4,0.2,0.3,0.7,0.3,0.4,2.1,-0.6,2.1,1.2,-3.4,-5.3,-4.2,-4.3,-2.8,-1.4,-2.0,2.3,0.5,4.3,-0.3,0.1,0.2,2.0,2.0,-0.5,0.6,-1.3,1.1,0.3,1.9,1.3,0.6,-0.1,-0.7,-0.7,1.6,0.3,0.5,-0.3,0.2,0.9,-0.5,13.8,-0.7,6.0,3.2,-0.8,1.8,-0.9,0.2,-2.3,-1.0,-1.3,-0.4,0.1,0.4,-2.6,-0.8,0.3,0.9,0.5,0.5,0.4,2.5,0.8,10.2,-1.3,-3.7,-2.0,-0.1,-3.6,-0.5,-2.8,1.8,1.3,-0.2,0.5,-0.6,0.5,0.0,0.7,0.0,-0.6,1.0,-1.7,-0.3,0.7,-0.3,1.1,-0.9,0.5,-0.1,1.2,0.4,0.1,1.4,-13.8,0.7,0.8,2.7,14.1,0.4,0.5,0.9,2.1,7.8,2.2,1.4,-0.7,-1.6,9.1,0.8,-1.1,0.9,-1.2,-2.4,-0.1,1.8,1.2,3.6,1.6,-1.0,-2.6,-1.2,-2.5,0.5,-12.9,-1.0,-0.3,1.9,12.0,-0.3,-1.2,-1.3,-1.4,-1.6,-3.1,-1.0,0.5,-2.6,-0.1,-1.3,1.5,-4.8,-1.2,1.4,-1.3,-4.5,-0.2,-0.3,-1.1,-3.6,7.2,-5.0,-3.0,-9.4,-2.1,-2.3,7.6,-2.0,-2.0,-2.6,1.2,-2.3,-1.5,-1.2,-0.8,-0.8,-0.7,-1.4,5.6,-1.9,-0.2,-1.5,-0.5,-1.5,-2.8,-3.2,-0.4,-4.4,-3.6,-2.9,-2.0,-2.1,-9.3,-2.5,-1.8,-1.3
2C7L512vRu,0,48.101245,11.62746,4442261.93,2777744.85,519.4,565.1,236,7334,3.4,0.77,0.43,32.65,348.96,-0.529,-0.103,0.842,-0.5,0.2,-0.75,0.26,0.8,0.2,-0.3,0.5,1.8,-0.2,-0.1,2.2,2.2,1.4,2.5,2.7,-8.5,2.8,1.3,6.2,3.1,1.9,2.3,1.3,1.4,1.2,5.3,4.8,2.3,3.9,4.9,10.0,6.3,3.3,2.0,2.7,-2.9,-2.0,-2.7,1.6,-0.7,1.4,-0.4,4.3,1.5,6.7,1.3,0.6,-0.0,1.3,2.2,1.0,1.9,-0.5,3.7,1.4,2.4,1.9,3.0,1.3,2.0,3.2,-0.3,3.0,1.9,1.1,3.0,2.1,2.4,13.6,3.2,9.4,6.3,-0.9,4.6,-0.3,2.3,-1.3,2.5,2.1,0.4,2.8,4.3,2.8,3.0,4.2,4.1,4.5,3.4,2.6,6.7,1.5,9.2,1.7,-4.8,0.2,6.0,-1.0,3.1,-1.7,5.6,4.1,0.6,2.3,3.0,2.9,3.6,2.3,3.1,3.0,2.8,1.2,3.2,2.4,1.9,2.6,0.4,2.2,1.3,2.7,2.9,1.9,3.5,14.3,2.5,3.8,4.4,15.2,1.0,2.0,1.9,4.3,6.3,4.6,4.7,3.0,0.7,5.8,2.9,4.1,5.0,7.3,5.7,-1.1,2.9,4.0,6.2,5.4,0.3,-1.9,0.5,-6.6,-1.1,14.8,-1.0,0.9,0.7,-11.5,-1.2,-1.5,2.2,0.8,-4.2,3.1,-0.7,2.6,0.1,4.2,3.3,5.8,-5.0,2.5,3.8,3.8,-9.3,1.2,2.5,2.3,-1.2,-9.2,-1.1,-4.7,-10.9,-0.1,-0.0,6.6,-0.8,-0.1,-2.9,4.9,1.0,0.1,-1.3,1.5,4.4,1.4,0.8,5.7,-0.7,-0.5,-1.3,-0.0,2.3,1.6,1.3,2.5,0.7,-0.8,-3.5,0.3,1.6,-8.2,1.3,-0.7,0.8
2C7L512vSB,0,48.101437,11.628963,4442373.39,2777768.71,545.0,590.7,236,7351,3.6,0.75,0.49,32.65,348.96,-0.53,-0.103,0.842,-0.4,0.2,-0.12,0.27,0.9,0.2,-0.3,-0.3,-1.7,1.1,1.3,0.7,0.7,2.2,3.2,2.2,-1.5,3.1,0.7,2.5,2.8,0.6,-0.4,-1.9,-1.3,1.0,1.1,1.4,-0.4,0.3,-2.2,1.8,-0.5,3.0,8.9,4.8,-1.3,-1.7,-6.7,-2.0,-1.5,-3.7,-0.8,1.1,-1.7,2.0,3.9,3.1,5.4,2.1,-0.2,-2.1,-3.2,0.7,0.1,-2.6,-0.2,-1.6,3.6,1.4,3.8,3.3,2.2,3.1,2.0,3.0,-0.3,-0.7,2.1,2.2,3.0,3.8,1.8,-3.3,1.3,3.3,1.9,-3.2,2.3,1.9,3.2,-1.1,-3.4,2.4,6.6,6.0,0.4,1.9,3.0,4.5,2.5,-4.0,4.3,-0.8,-0.7,-0.8,-2.0,1.9,-1.5,1.0,2.7,0.5,0.1,15.0,3.4,-0.3,0.4,-1.3,-0.7,-1.1,5.8,2.1,4.2,-4.5,3.5,-2.3,2.0,4.0,0.2,-3.0,-2.9,-1.4,-7.1,-6.5,-5.9,-1.1,1.1,4.1,-1.2,-3.4,-2.3,0.7,0.9,-3.7,2.2,0.7,-6.3,0.7,-2.4,14.1,1.6,2.4,-1.1,-2.1,-0.9,4.5,3.0,1.9,-6.4,-5.2,-2.7,-2.7,-6.4,-0.6,-0.1,-5.2,-3.3,12.9,-0.9,5.7,12.7,-2.8,-0.3,-0.7,0.5,0.4,-1.1,-4.2,1.7,-4.2,-5.2,-4.0,1.1,-2.4,-4.4,-0.3,-10.3,-3.7,-2.3,1.0,-0.2,4.3,-3.7,-3.6,-1.6,5.4,7.3,-0.3,-1.1,0.9,5.4,-6.4,1.3,-1.4,-2.5,1.6,1.1,6.4,6.0,-3.0,5.5,7.3,0.6,-3.7,-7.2,-3.1,-3.3,-4.5,-1.8,-4.9,-2.0,-2.5,-2.2,0.9,-1.6
2C7L512vSN,0,48.101534,11.629712,4442428.96,2777780.62,547.9,593.6,236,7363,2.7,0.83,0.35,32.66,348.96,-0.53,-0.103,0.842,-0.8,0.1,-0.3,0.2,0.8,0.2,-0.3,0.4,1.0,-1.3,1.4,-2.2,1.2,2.7,-1.1,-2.2,10.0,-1.0,1.7,-1.5,-1.7,-1.2,-1.7,5.3,3.0,7.2,-4.7,-6.0,1.5,-0.6,5.2,10.2,5.9,1.2,3.7,2.3,0.1,-0.4,-0.7,-5.6,-5.2,-1.0,0.9,-1.2,1.0,5.1,4.1,0.3,-3.7,0.1,1.6,1.7,-1.6,-2.1,-0.8,-2.2,-0.4,0.4,1.8,0.9,-0.1,-0.5,-1.5,-2.5,-4.4,0.9,-0.1,-3.4,-2.7,-3.5,0.8,0.4,-1.4,-3.0,-0.6,-3.2,-1.9,-5.9,-4.5,-2.8,-1.8,-2.2,-0.3,-0.6,-2.4,-3.3,2.1,-3.6,-1.0,-0.9,1.0,-0.6,1.8,-0.1,4.0,3.3,2.6,-0.8,-0.7,4.1,-0.0,0.4,0.6,0.9,3.2,1.3,2.0,-2.9,0.5,2.2,-0.9,-1.7,0.6,-0.8,0.3,-0.6,-0.6,-2.9,-0.1,-1.5,0.0,-0.6,-0.3,0.6,0.4,2.1,-0.4,-1.3,1.0,1.9,-1.7,0.0,3.5,0.7,-0.1,-0.7,-1.9,-1.4,2.5,0.7,3.9,4.0,3.1,4.2,2.5,4.3,0.8,0.3,-0.0,-1.4,-1.2,-0.7,-0.4,-5.0,2.3,1.2,1.0,-1.0,-2.8,-4.0,-2.1,-3.1,-3.9,-4.3,-5.5,-3.1,1.1,0.5,0.5,-3.6,-4.4,-0.9,-2.5,-5.4,-5.1,-2.1,-0.8,0.1,-4.4,-5.8,-2.6,-3.1,-4.4,-0.6,-5.5,-6.7,-0.9,-5.5,-2.0,-1.4,-0.5,-1.2,-2.2,-5.5,-0.9,-2.9,-6.0,-4.6,-4.8,9.6,-7.7,-0.8,-2.7,-1.4,-4.9,-3.6,-5.2,-1.6,-2.0,-3.8,-3.5,-2.0,-2.3,-2.3,-6.8
2C7L512vSQ,0,48.101536,11.629731,4442430.42,2777780.95,541.4,587.1,236,7366,2.0,0.9,0.3,32.66,348.96,-0.53,-0.103,0.842,-0.4,0.1,-0.15,0.15,0.4,0.1,-0.3,-0.6,-0.9,-1.3,-1.2,0.8,-0.5,0.7,1.2,-0.2,3.1,2.1,2.7,-0.2,2.1,0.6,0.6,2.2,0.5,-1.5,-0.3,-3.2,-3.0,0.0,4.8,2.5,4.4,2.1,0.6,1.2,-0.5,-1.1,-6.5,-5.5,-4.9,-5.6,-2.1,-0.6,2.7,2.7,3.1,0.9,-1.1,-0.9,-3.5,-0.6,-1.2,-2.2,-1.5,1.7,-1.5,4.8,2.6,2.6,0.0,1.2,0.4,0.7,1.3,3.0,0.2,3.5,0.0,2.8,-0.1,1.4,0.5,-0.1,-0.1,-0.6,0.1,-3.0,-0.2,3.0,1.2,-1.1,3.2,-1.6,-2.2,0.9,-0.6,2.1,0.2,1.4,2.2,-1.7,2.2,0.9,0.3,-1.4,0.8,1.0,-0.7,-4.2,-0.7,-2.9,-2.8,0.1,2.4,-2.3,-2.1,-3.9,4.1,2.0,1.0,0.3,0.5,-0.8,-1.0,-0.0,-1.4,0.3,0.2,-1.9,1.6,1.3,-0.6,-0.9,-0.5,-0.7,2.1,-2.6,2.4,1.3,-1.8,0.5,3.3,-1.0,0.9,1.1,-0.3,0.7,1.4,-3.0,0.8,1.6,-4.0,-1.4,-0.7,0.2,-1.6,0.8,-1.3,-1.8,-0.9,-0.5,0.8,-2.5,1.1,-0.0,-0.5,-1.8,0.1,-1.1,-0.5,-2.0,-1.8,-1.6,-1.0,0.7,4.5,3.7,0.3,-3.7,0.7,-0.9,-1.0,-0.3,-6.3,-1.4,0.7,-1.1,-0.7,-4.4,-4.7,-1.8,-2.2,-3.8,-1.2,-1.0,-0.5,0.8,-1.9,-2.5,-2.3,0.9,-1.9,-2.3,-1.4,-3.6,-3.7,-3.2,-3.7,-1.0,-0.5,1.3,-0.5,4.4,0.3,-0.2,-1.6,-0.4,1.9,-0.3,-1.4,-0.4,-3.4,-2.7,-5.1
2C7L512vSa,0,48.101597,11.630208,4442465.8,2777788.55,536.0,581.7,236,7376,3.6,0.53,0.44,32.66,348.96,-0.53,-0.103,0.842,-0.7,0.2,-0.22,0.28,4.6,0.2,-0.3,1.2,-1.5,-0.4,1.1,-0.9,-0.0,0.1,-0.0,1.8,-3.6,4.9,-1.2,-1.6,1.0,2.8,0.7,1.6,-2.0,-6.0,-10.1,-4.0,-6.6,-8.4,-13.2,-12.6,-10.8,-9.5,-6.4,-11.4,-10.1,-10.6,-7.6,-10.6,-12.1,-12.3,-4.8,-6.9,-6.6,-6.0,-13.1,-10.3,-8.1,-10.1,-9.2,-9.2,-9.8,-11.1,-9.9,-8.5,-6.9,-6.1,-2.5,-3.3,-0.5,-2.7,-0.0,-0.8,-0.8,-2.5,-0.3,0.3,0.2,1.7,-1.1,-3.8,0.7,-2.1,-1.7,-0.5,-0.2,0.3,-4.0,-4.2,-1.0,-1.6,0.2,-0.6,-2.8,-2.3,-3.6,-9.3,-12.6,-10.7,-10.8,-11.8,-14.4,-9.9,-17.2,2.8,-15.5,-21.2,-13.2,-8.3,-15.7,-7.2,-4.4,-12.3,5.3,-8.9,-5.5,-6.5,-17.1,-3.3,7.3,-2.2,-8.1,-7.3,-11.4,-8.7,-8.0,-5.5,-3.4,-3.8,-1.4,-0.7,-0.5,-2.2,-3.2,-4.7,-1.7,-2.8,-2.5,-2.8,-1.0,-1.8,0.9,-1.4,-0.8,-8.2,-11.4,-19.0,-12.3,-8.6,-9.7,-9.1,-11.0,-8.6,-11.0,-6.4,-5.2,-17.8,-11.4,-8.4,-10.2,-5.4,-2.5,2.6,-5.8,-4.1,-1.4,-0.3,-1.5,-3.1,-3.4,-2.1,-3.5,-1.0,-2.5,-13.5,2.5,-5.1,-8.4,-8.8,-11.5,-11.0,-10.6,-8.8,-4.3,-8.7,-9.1,-4.2,-9.6,-10.8,-12.5,-11.0,-3.5,-0.2,-4.9,-2.8,-5.3,-4.1,-4.9,-7.9,-8.1,-5.4,-4.8,-8.1,-8.2,-7.8,-14.8,-13.5,-13.3,-11.2,-12.1,-10.1,-10.5,-8.2,-10.2,-9.6,-9.2,-10.4,-10.1,-8.3,-6.5,-7.6,-7.5,-6.8,-4.2
2C7L512vTO,0,48.101963,11.633055,4442677.0,2777833.85,536.4,582.0,236,7426,3.0,0.8,0.45,32.67,348.96,-0.53,-0.103,0.842,0.2,0.2,-0.21,0.23,0.2,0.2,-0.3,-2.1,-0.7,-2.6,0.2,-4.0,6.6,-2.9,-0.4,2.5,-0.9,1.9,-1.1,-5.7,-0.5,2.0,2.7,1.4,-0.5,-6.0,4.0,1.5,-1.2,-5.3,-3.8,-3.4,-2.3,-3.6,0.5,3.1,-5.7,-1.1,-9.9,-3.4,-1.0,-3.7,-3.6,3.3,3.8,4.0,-0.6,0.9,2.8,-4.1,-10.5,0.2,-1.3,-2.0,-5.1,-1.4,-2.9,-3.0,-0.2,-1.9,-2.7,4.0,-4.0,-2.8,-3.7,-2.7,-2.7,-2.0,-5.2,-2.1,-3.2,-4.1,-4.0,-2.1,1.4,-1.8,-7.1,-3.2,-2.2,-1.3,-2.8,-4.2,-3.2,-4.1,-2.3,-2.1,-5.9,-2.4,-1.7,-1.2,-2.7,-3.0,-3.1,-3.1,-2.2,-2.2,-6.0,-8.5,-3.7,-4.0,-16.4,0.5,-4.6,-2.6,-4.3,5.1,-0.4,-0.2,1.2,1.5,2.0,-1.0,3.1,1.1,-1.9,-2.0,-0.8,-0.3,-0.3,-2.9,-0.8,-1.7,-2.4,-1.5,-1.5,-3.1,0.6,-1.5,0.4,-0.1,-1.4,0.0,1.1,-1.6,-1.2,-0.6,2.9,3.1,10.8,1.3,2.5,-3.6,-1.2,1.4,1.1,-1.7,-0.1,1.1,0.9,-1.3,-1.9,0.7,0.5,-2.9,-2.1,-0.1,2.3,-1.8,-2.3,-0.5,-0.3,0.4,-0.3,-3.5,1.2,-2.8,-3.7,0.1,1.0,-0.8,1.3,2.7,-4.4,6.5,2.7,-2.1,0.3,-0.1,0.1,-4.3,-4.7,1.7,6.0,1.7,2.1,-1.4,2.6,0.0,-1.3,-2.4,-3.6,0.9,-0.9,-2.3,6.8,1.5,0.5,-0.2,-0.4,1.1,-5.5,-0.1,-6.2,-4.8,1.2,-3.0,-5.5,-7.4,-5.3,-0.3,-0.6,-1.5,-3.4,-0.5,-0.5
2C7L512vUa,0,48.102526,11.637444,4443002.63,2777903.68,544.7,590.4,236,7500,2.2,0.88,0.36,32.69,348.96,-0.53,-0.103,0.842,-0.8,0.1,-0.3,0.17,0.1,0.1,-0.3,-3.0,1.1,-1.3,4.2,0.5,12.8,-0.5,-2.4,-0.4,1.3,2.3,-2.3,-1.8,-2.4,-1.4,-1.2,-1.0,1.8,0.9,-2.0,-2.2,1.0,1.8,1.3,1.4,1.7,2.1,1.3,0.3,-0.1,2.7,-3.3,-3.3,-2.2,-5.5,-1.7,-0.9,2.8,0.8,1.0,-0.5,3.6,1.7,-1.3,1.0,1.8,4.1,-1.7,0.7,0.5,3.3,2.4,0.3,0.5,0.5,0.4,4.0,1.2,-1.2,0.0,-0.2,0.9,-5.4,6.1,-8.1,-2.2,0.7,1.2,-0.3,3.3,-0.9,2.0,-1.7,1.2,1.9,0.2,-1.3,0.2,-0.2,0.9,1.2,1.3,2.7,1.2,1.9,1.9,0.3,1.2,-1.2,-0.9,-0.5,0.3,-2.3,-2.5,0.3,0.2,3.2,0.5,0.2,-0.6,-1.0,-0.4,0.7,0.9,0.9,0.5,1.1,1.7,0.2,4.1,-2.1,1.1,0.6,-0.4,0.4,0.4,2.6,-0.4,1.4,-1.7,2.3,-3.4,0.3,2.5,0.2,-0.2,0.4,1.1,-1.7,-2.1,0.8,1.8,1.2,-0.4,1.7,-0.5,-1.8,-2.0,0.9,2.1,0.7,-0.7,-5.7,0.0,-2.7,-3.9,-2.4,-1.4,-3.5,-0.8,0.3,-0.2,-2.6,1.6,-3.3,-0.1,0.1,-1.1,-3.4,-2.5,-3.3,-3.5,-2.5,-5.5,-2.2,-0.9,0.5,-2.5,-1.2,-6.1,1.5,-4.3,-7.1,-2.7,-1.0,-4.4,-3.8,-5.2,3.7,-4.5,-1.6,-2.9,0.1,-2.7,-3.3,0.5,-2.6,-6.2,-5.7,-5.2,-4.1,-2.1,-2.3,-1.9,2.7,-2.5,-2.5,-2.9,0.2,-3.7,-3.5,-0.9,-2.7,-1.0,-2.7,-2.9,-3.5,-3.2
2C7L513CUa,0,48.101153,11.626605,4442198.42,2777733.25,538.6,584.3,237,7312,3.1,0.72,0.45,32.64,348.96,-0.529,-0.103,0.842,-0.2,0.2,-1.23,0.24,2.0,0.2,-0.3,5.8,2.8,0.2,-2.6,-2.9,-6.4,3.5,-0.0,-4.4,-8.6,5.7,0.4,-6.5,-3.2,-0.4,0.2,-0.3,-2.9,-3.6,-1.6,-3.4,1.0,-1.3,-0.2,-1.6,-3.3,0.3,-0.4,-1.9,-5.6,-10.1,-6.9,-7.7,-3.2,-3.7,-4.2,-3.8,-2.4,0.1,-3.0,-0.5,-0.5,-3.1,-1.2,-4.8,-2.8,-1.7,-5.3,0.5,-0.9,0.6,-2.1,-0.9,0.8,-3.3,-2.3,-4.1,0.2,1.3,3.6,3.8,1.8,1.3,3.8,2.6,-0.2,0.2,-0.6,1.4,3.0,-2.7,-1.1,-0.4,-1.0,-0.9,-0.3,1.1,0.6,-1.3,-1.8,0.8,0.9,-0.2,-3.7,-0.7,-3.1,-1.5,-3.7,-0.9,0.7,-0.1,2.4,-4.1,0.3,-5.0,-3.8,0.1,-3.4,-3.9,-4.0,-2.0,-3.7,-5.3,-1.3,-1.7,0.3,-0.1,-1.1,-1.8,-1.2,-1.2,-0.7,0.9,-2.0,-3.4,-3.9,-2.5,-0.4,1.2,-3.7,0.8,2.3,2.9,1.0,-3.4,-0.5,2.5,-3.5,-1.9,-2.1,-4.4,-4.2,-3.5,-4.6,-4.5,-6.7,-7.8,-4.1,-4.2,-3.1,-2.3,-3.5,1.5,-0.3,-0.7,0.8,2.3,1.6,4.2,7.6,1.4,-3.5,2.7,2.2,4.7,1.3,-1.5,3.3,3.5,6.2,7.6,-0.5,3.9,5.7,-0.5,7.3,1.5,-4.2,-1.3,-0.0,6.8,-6.8,-5.2,-2.7,-1.3,-0.9,2.3,0.7,-7.8,2.4,5.9,2.9,0.5,-1.7,8.0,-3.8,-5.1,-5.0,-7.1,-12.6,-9.0,-10.6,-8.0,-9.0,-9.8,-5.5,-6.5,-7.1,-7.1,-7.7,-6.7,-5.6,-5.8,-3.4,-2.5,-5.9,-4.9,2.8
2C7L513CUn,0,48.101258,11.62742,4442258.93,2777746.23,542.6,588.3,237,7325,3.6,0.76,0.44,32.65,348.96,-0.529,-0.103,0.842,-0.6,0.2,-0.31,0.28,0.3,0.2,-0.3,-2.2,-2.3,0.3,-0.4,0.1,2.5,0.8,2.1,2.6,-0.4,1.1,0.7,3.4,3.1,1.5,3.4,1.8,0.6,-0.8,-2.5,-1.2,0.7,1.1,-1.4,0.3,4.9,2.2,3.0,4.1,-1.7,-8.5,-3.4,-3.5,-3.3,0.4,-0.9,1.4,1.8,4.2,3.4,3.4,-1.7,2.9,4.8,1.3,0.9,-1.6,1.5,1.7,2.7,0.6,1.4,-0.6,0.5,-0.7,1.8,1.9,-0.8,-0.5,-0.6,-0.8,1.5,-7.0,-2.9,11.7,-7.9,-2.8,7.3,0.5,1.1,-2.6,0.4,13.4,1.8,0.3,-1.5,-2.5,-1.5,4.4,2.1,3.3,0.4,0.7,0.8,-0.4,-1.9,-0.8,-0.6,-0.3,0.8,-0.2,-2.9,-0.2,-1.2,2.0,-0.1,0.5,1.7,-0.5,2.0,-0.4,-0.5,1.3,2.9,0.1,0.7,3.1,0.3,2.1,1.9,2.1,1.9,1.0,1.0,1.2,12.5,1.4,12.2,9.1,-9.5,6.9,-4.3,-11.0,1.9,2.5,4.5,-8.0,2.8,2.1,-0.7,-1.3,0.1,6.5,-0.2,-1.4,-4.2,-0.6,-0.7,0.9,-0.5,-5.3,-0.8,-1.4,-1.0,1.6,3.3,-6.9,0.7,-2.0,-1.0,7.3,-3.9,-0.8,1.7,0.5,-2.1,-0.5,0.7,3.4,1.4,-2.8,-1.2,1.9,-3.1,-2.1,1.6,-3.6,-3.2,0.7,0.1,-1.1,-2.3,-7.6,-7.0,-3.2,-6.8,10.6,1.2,-12.8,-13.1,-7.0,-2.3,-0.9,1.2,6.3,0.8,-2.0,0.5,-3.6,-3.1,-0.9,-4.4,-2.7,-2.9,-0.8,-4.5,-4.7,-1.4,-0.9,-0.7,-2.3,0.1,2.0,2.0,1.3,-0.6,-0.7,-2.7
2C7L513CV8,0,48.101435,11.628798,4442361.12,2777768.13,551.0,596.7,237,7346,3.7,0.74,0.45,32.65,348.96,-0.53,-0.103,0.842,-0.0,0.2,-0.18,0.28,1.0,0.2,-0.3,-0.9,-3.0,-1.9,-2.4,-0.9,-0.5,-3.8,-1.9,1.2,-2.0,-2.9,0.7,0.3,0.0,0.6,0.1,1.7,0.9,-1.1,1.4,-1.0,-1.3,2.0,4.2,4.2,3.0,0.3,3.4,-0.8,0.0,4.5,2.1,-1.0,2.1,-6.2,-0.7,-1.1,2.3,14.4,1.6,1.0,0.6,-3.0,3.6,-4.2,4.7,4.3,0.7,6.8,2.7,6.2,0.5,2.5,2.8,3.5,3.1,3.9,1.0,3.2,1.6,3.1,-0.1,12.9,2.2,2.5,3.5,4.5,6.8,-2.2,1.1,-0.7,1.3,1.4,1.9,4.0,1.5,1.4,1.2,2.0,4.7,1.1,3.2,1.7,-2.1,2.7,-1.3,1.2,2.0,3.5,3.5,0.3,1.6,-0.4,1.9,4.2,-1.0,-5.0,3.6,2.1,2.4,-0.3,0.2,4.9,0.6,-0.2,5.7,-1.1,3.8,0.6,2.4,0.4,-0.2,1.3,-0.5,1.2,0.4,-0.6,-3.0,-4.5,0.9,1.2,-2.5,-0.6,0.3,1.2,0.3,0.7,0.2,1.2,-0.2,1.1,1.9,12.0,-0.1,0.9,-6.4,-4.5,8.9,8.8,7.8,14.5,9.9,-4.5,-3.5,1.4,1.3,-1.3,-0.4,16.5,-0.6,-0.1,-0.8,0.5,-2.7,-4.4,8.4,-0.9,2.0,2.2,0.3,0.1,1.2,-0.1,-5.1,0.6,2.7,0.5,1.8,-3.2,-1.6,3.8,0.6,17.2,1.0,1.6,4.0,3.8,4.0,-2.0,-8.8,-3.4,3.3,-4.6,-1.6,3.8,-0.5,5.0,-0.0,-0.7,-4.9,-7.1,-1.1,0.8,-2.2,-2.9,-0.4,1.9,1.1,11.3,11.3,8.2,4.0,0.4,1.5,3.4,3.6,2.7,0.4
2C7L513CVH,0,48.101473,11.629099,4442383.47,2777772.94,540.2,585.9,237,7355,1.1,0.97,0.16,32.65,348.96,-0.53,-0.103,0.842,-0.3,0.1,-0.18,0.08,0.3,0.1,-0.3,-0.4,0.4,-0.6,-1.1,-0.4,0.7,0.8,0.6,1.5,0.9,1.3,1.0,0.5,0.3,-0.5,-0.2,0.5,-0.5,-0.9,0.2,-0.7,-0.1,-0.7,-0.6,1.4,1.0,1.3,1.9,0.8,-2.3,-5.2,-5.2,-4.3,-3.0,-2.9,-1.2,0.3,-0.3,1.0,1.2,0.4,0.4,0.0,0.4,0.2,-0.1,-0.7,-0.5,-0.2,-0.2,0.2,0.8,-0.4,-0.5,-1.2,-0.5,0.2,-0.8,-0.9,-0.1,-1.5,-1.0,2.8,0.1,-0.3,2.6,-0.9,-0.4,-1.7,-0.7,0.3,-0.4,-1.3,-0.9,0.6,0.1,-0.0,-0.1,0.2,-0.9,0.3,-0.0,-0.2,0.1,-0.7,-0.7,-1.0,-0.2,-1.0,0.2,-1.1,-1.6,-1.6,0.2,-1.0,-0.1,-0.9,1.6,-0.1,0.2,-1.4,0.2,0.4,0.7,-0.5,0.5,0.7,0.2,0.7,-1.0,-0.8,-0.6,-0.8,-0.4,-0.4,-0.9,-1.7,-1.0,-0.3,-0.1,0.8,-0.8,-0.4,-1.0,-0.7,0.5,-0.6,0.6,-0.3,-2.3,-1.3,0.1,1.4,0.1,-1.7,-2.6,-0.5,0.9,1.1,1.6,-1.7,-1.2,-1.7,-0.7,-1.4,-1.4,-3.1,-0.7,-0.3,-0.4,-0.8,-1.6,-0.4,-0.6,-0.7,-0.5,-1.0,-0.6,0.6,-0.6,-0.8,-0.8,-0.8,-1.9,-2.5,0.1,-0.5,-3.4,-1.4,0.1,-1.1,-2.3,-2.9,-2.7,-1.1,0.0,-1.2,-0.8,-2.6,-0.5,-0.6,-0.3,-1.4,-0.9,-0.3,-0.6,-2.2,-0.5,-1.5,-4.1,-3.4,-1.7,-1.9,-3.5,-2.2,-1.5,-1.8,-2.2,-1.8,-2.9,-0.7,-1.4,-1.7,-1.9,-0.8,-1.8,-2.1,-1.5
2C7L513CVI,0,48.101474,11.629105,4442383.92,2777773.05,537.7,583.4,237,7356,1.0,0.98,0.1,32.65,348.96,-0.53,-0.103,0.842,-0.4,0.0,-0.19,0.07,0.3,0.1,-0.3,-0.4,-0.1,-0.2,-0.4,0.1,-0.2,0.5,0.5,0.9,1.0,1.2,0.4,0.6,0.2,-0.1,0.4,0.7,-0.3,-0.7,-0.1,-0.1,0.2,-0.1,-0.3,1.8,1.3,1.3,1.0,0.6,-2.4,-4.7,-4.8,-4.3,-3.1,-3.0,-1.7,0.5,0.2,1.6,1.0,0.4,-0.1,0.5,-0.0,0.1,-0.6,-1.1,-0.4,0.2,0.2,0.1,0.9,0.2,-0.6,-0.6,-0.2,-0.4,-0.6,-0.4,-0.4,-0.6,-0.8,0.9,-0.5,0.1,-1.1,-1.3,-1.4,-1.1,-0.0,-0.9,-0.6,-1.1,-0.4,-0.0,0.0,-0.7,-0.0,0.1,-0.8,0.2,-0.1,0.1,0.6,-0.2,-0.0,-0.9,0.1,-1.3,-0.2,-1.1,-1.3,-1.3,0.5,-0.7,0.2,-0.8,1.4,-0.2,0.2,-1.4,-0.2,-0.3,0.0,-1.2,0.2,0.1,-0.1,0.0,-1.0,-1.2,-0.2,-0.7,-0.0,-0.6,-0.6,-1.0,-0.9,-0.6,-0.1,-0.6,-0.6,-0.3,-1.0,-0.4,0.1,-0.4,0.3,-0.4,-2.1,-0.9,-0.6,-0.1,-0.1,-1.2,-2.5,-1.1,0.2,1.1,1.2,-0.9,-2.0,-2.3,-0.7,-1.5,-0.9,-1.1,-0.5,-0.6,0.2,-0.1,-1.3,-1.2,-1.5,-1.4,-1.0,-1.3,-1.3,0.2,-0.5,-1.5,-1.0,-1.1,-1.8,-2.8,0.7,-1.6,-3.7,-1.6,-0.6,-1.7,-3.1,-3.2,-2.9,-2.3,-1.1,-1.3,-1.1,-1.1,-0.8,-1.4,-1.1,-1.1,-1.2,-1.2,-1.0,-2.2,-1.2,-1.7,-4.0,-3.2,-2.1,-2.0,-3.7,-2.1,-2.6,-2.5,-2.3,-1.9,-3.3,-2.8,-2.7,-2.1,-2.0,-0.8,-1.4,-1.6,-2.0
2C7L513CVJ,0,48.101479,11.629142,4442386.69,2777773.64,536.8,582.5,237,7357,1.2,0.96,0.18,32.65,348.96,-0.53,-0.103,0.842,-0.3,0.1,-0.2,0.09,0.6,0.1,-0.3,0.2,-0.3,-0.8,-1.2,-0.2,-0.3,-0.3,0.8,0.9,1.3,1.3,-0.1,0.4,0.5,-0.1,0.2,-0.0,-0.7,-1.0,0.2,-0.4,-0.0,-0.4,-0.3,1.1,1.4,0.8,1.3,-0.2,-2.7,-6.6,-5.2,-5.2,-3.4,-4.3,-2.0,0.4,1.0,2.0,0.7,-0.0,-0.2,0.2,-0.1,-0.0,-0.0,-0.9,-0.3,0.1,0.5,0.6,1.7,0.1,-0.6,-0.4,-0.8,-0.2,-1.1,-1.1,-0.5,-0.8,-1.3,5.2,-0.3,3.0,-1.0,-1.2,-1.4,-1.8,0.4,-0.9,-1.1,-1.5,-0.0,-0.4,-0.1,-0.6,-0.1,0.4,-1.4,0.2,-0.8,-0.1,0.2,0.1,-0.7,-1.1,-0.4,-1.4,-0.6,-1.2,-1.4,-1.1,0.5,-0.9,-0.4,-1.1,1.0,-0.2,-0.6,-2.0,-0.4,-0.1,0.3,-0.9,-0.2,0.6,0.6,0.3,-0.7,-0.5,0.6,-0.1,0.6,0.1,0.7,1.4,-0.8,-0.2,0.8,0.2,-0.3,-0.5,-1.1,-0.2,0.3,-0.2,0.1,-0.7,-2.6,-1.7,-0.8,-0.8,-0.4,-1.6,-3.3,-1.8,0.3,1.5,1.6,-1.4,-1.8,-1.9,-0.1,-1.0,-0.3,-2.9,-0.6,-0.9,0.3,3.5,-1.6,-1.0,-0.8,-0.9,-0.6,-1.1,-0.7,0.7,-0.0,-1.8,-1.0,-0.5,-1.6,-2.8,1.1,-1.1,-3.2,-1.8,-1.3,-1.9,-3.1,-3.5,-3.1,-1.6,-0.2,-0.5,-1.1,0.3,-0.7,-1.3,-0.3,-1.2,-0.7,-1.0,-1.3,-2.0,-1.4,-1.3,-3.9,-3.4,-2.2,-1.9,-3.7,-1.7,-2.0,-2.2,-2.6,-1.2,-3.1,-2.2,-2.0,-1.6,-0.7,-0.3,0.1,-0.8,-1.3
2C7L513CVQ,0,48.101556,11.629738,4442430.92,2777783.11,546.7,592.3,237,7364,2.1,0.89,0.29,32.66,348.96,-0.53,-0.103,0.842,-0.7,0.1,0.05,0.16,0.3,0.1,-0.3,-0.2,-0.7,-2.6,-0.4,-1.4,0.4,0.6,-0.0,-2.4,4.2,-0.8,0.7,-1.8,-0.8,-1.8,-1.8,3.1,2.9,3.4,2.4,-4.2,-0.3,-2.6,2.3,1.6,3.9,-0.8,-0.9,-0.4,-1.3,-4.4,-2.2,-2.8,-2.5,-0.7,1.9,-0.5,3.4,3.6,4.4,-1.2,-2.4,-1.1,0.8,0.1,-3.3,-3.0,-1.0,0.1,0.7,1.4,1.7,0.3,-1.5,-1.6,-2.0,-0.1,-0.1,1.2,-0.1,0.3,-1.9,-3.0,-0.3,0.9,1.1,0.0,1.5,-3.5,-2.5,-3.4,-3.3,0.3,0.2,-2.0,0.2,-0.6,-2.9,-2.8,1.3,-3.2,-2.8,-2.0,-1.3,-1.7,0.0,-0.9,3.2,2.3,0.5,-3.1,-3.2,-6.6,-1.8,-1.5,-3.4,-2.2,2.2,-1.2,-3.2,-3.9,-1.2,1.0,-1.6,-1.9,-1.7,-2.3,-3.1,-3.7,-5.0,-4.6,-2.0,-4.3,0.1,-0.8,-0.8,0.2,-0.7,1.7,-1.2,1.1,1.1,-2.0,-4.1,-1.5,2.4,-0.5,-2.5,-2.6,-4.6,-3.8,0.9,-2.3,0.8,1.6,0.9,1.3,-0.2,1.6,-1.9,-0.5,-2.1,-2.3,-1.6,-1.2,-0.8,-5.7,1.4,-0.7,-1.9,-1.4,-4.2,-3.3,-4.2,-4.4,-2.8,-5.5,-2.2,-2.8,-0.6,-0.1,2.1,-2.4,-3.6,-1.1,-3.8,-7.3,-0.5,-3.8,-0.5,-0.9,-2.2,-4.9,-3.7,-2.1,-4.9,-1.4,-5.0,-6.7,-2.6,-4.9,-4.1,-3.4,-3.0,-2.5,-4.5,-5.9,-3.3,-4.5,-7.2,-6.6,-3.9,2.2,-4.9,-1.3,-1.0,0.6,-4.6,-2.8,-6.1,-2.2,-1.6,-2.4,-2.7,-0.7,-1.7,-1.5,-6.8
2C7L513CW9,0,48.101856,11.632078,4442604.51,2777820.36,537.4,583.1,237,7409,4.7,0.57,0.51,32.67,348.96,-0.53,-0.103,0.842,-0.3,0.2,0.29,0.35,3.2,0.3,-0.3,1.5,2.6,1.5,-0.4,1.0,-4.0,3.3,1.5,4.7,-5.6,2.5,2.7,2.3,2.5,2.6,2.4,3.0,1.5,3.7,1.9,-2.1,8.3,2.4,6.1,-5.6,16.2,2.9,11.9,13.5,12.1,-6.4,-0.7,-8.1,0.9,-2.0,12.5,-3.6,12.9,7.7,13.7,4.3,9.4,18.0,7.4,3.0,3.7,-3.2,0.2,1.8,1.3,0.9,3.4,1.5,2.2,0.7,1.4,-3.3,0.5,-1.4,-1.3,-2.4,-0.1,-3.9,-0.7,4.9,10.0,0.2,-3.0,1.7,1.0,-3.5,2.9,-2.0,-0.8,1.8,2.3,1.1,3.8,2.6,9.4,1.0,2.5,7.2,1.0,5.4,-3.4,8.1,1.4,4.5,-3.8,20.7,3.4,5.7,10.2,7.3,12.7,9.2,11.2,5.4,1.2,0.7,6.2,7.6,10.5,5.3,-2.0,5.1,1.4,2.1,-0.3,0.5,0.9,-1.7,-1.2,0.0,-1.9,-1.5,-0.8,0.5,-1.5,-0.7,-2.1,2.6,3.3,2.9,4.7,-5.3,-3.9,2.0,-3.0,2.5,-5.9,18.1,18.7,0.1,10.3,18.8,7.9,8.9,5.4,13.0,3.9,0.4,0.9,-1.5,0.6,-1.8,-3.9,-2.0,0.8,-4.7,-2.2,-0.5,0.1,0.5,1.6,3.4,2.7,-3.5,-4.1,1.3,-5.6,-3.2,4.9,3.1,9.6,-5.2,-1.5,-0.0,6.1,0.1,1.7,13.9,-2.8,-5.3,-1.5,-2.6,-0.9,1.4,-0.5,0.1,-3.2,-0.6,1.7,0.6,3.4,2.4,3.9,7.5,2.6,-0.4,1.4,7.0,3.1,8.4,6.5,2.8,13.6,-1.1,-1.0,7.0,3.7,1.7,0.9,6.3,-0.1,0.6,1.8
2C7L513CXY,0,48.102556,11.637534,4443009.22,2777907.13,562.2,607.9,237,7496,3.5,0.76,0.5,32.69,348.96,-0.53,-0.103,0.842,-2.0,0.2,0.08,0.26,0.5,0.2,-0.3,-1.3,-1.1,0.6,-0.3,0.7,8.1,-0.1,2.6,0.4,-2.4,-0.2,-11.2,-2.3,0.3,-1.4,0.6,2.2,-2.1,-1.2,-3.0,-3.4,-0.4,0.9,0.1,-1.1,-0.0,0.4,-7.0,-1.5,-0.6,0.7,-7.1,-2.8,-4.6,-8.4,-1.2,-0.7,2.6,-5.5,1.5,-1.2,1.7,0.5,-0.1,-2.7,-5.6,-1.1,-0.3,-3.9,-1.2,-3.9,-0.9,-0.9,-0.8,5.2,-2.5,-0.0,0.1,1.5,-2.1,-1.1,-0.7,-7.9,-2.0,0.9,-1.0,-1.8,-11.3,-1.4,-3.2,-2.0,-4.5,-3.6,-0.4,-2.8,-1.8,-2.3,-2.3,-3.0,-1.1,-4.2,-0.5,-1.3,-5.0,-4.9,-0.0,-1.3,-0.5,-1.0,0.4,-1.7,-3.1,-5.0,-7.8,-2.5,-3.8,-2.2,1.1,-0.4,-3.4,-2.8,-3.0,-2.4,-4.4,-2.7,-0.2,-2.7,-1.6,-2.7,-5.5,-4.0,-3.1,-2.4,-2.8,-0.8,-3.2,-8.6,-4.5,-4.2,-8.5,-14.2,-9.0,-6.2,-5.6,-8.4,-1.6,-3.4,-6.5,-4.2,-5.8,-4.7,-6.8,-3.8,-1.3,1.4,-6.4,-5.6,-8.6,-6.3,-4.6,-8.7,-9.4,-7.0,-6.1,-5.0,-6.7,-13.9,-1.3,-6.5,-5.5,-15.2,-15.6,1.9,-14.4,-14.7,-9.3,-8.5,-9.0,-7.9,-3.1,-14.5,-4.9,-4.4,-10.7,-7.8,-6.2,-6.3,-6.0,-1.7,-4.0,-6.0,-2.7,-11.5,-5.2,-7.0,-3.5,-6.8,-7.0,1.0,-8.1,-5.2,-6.9,-8.9,-7.8,-9.3,-7.3,0.3,-3.9,-13.9,-8.7,-12.5,-8.5,-4.3,-6.7,-11.6,-4.0,-25.2,-11.0,-5.6,-11.1,-11.7,-7.0,-15.3,-18.6,-6.5,-7.6,-10.7,-10.3
2C7L513CU1,0,48.100926,11.624695,4442056.7,2777704.92,542.6,588.4,237,7277,4.0,0.71,0.44,32.63,348.96,-0.529,-0.103,0.842,-0.6,0.2,-1.11,0.3,0.3,0.3,-0.3,0.7,0.5,-4.3,-0.1,2.4,-2.2,3.0,4.0,4.5,5.3,2.8,2.1,3.4,1.1,-0.1,-0.5,-2.9,-0.3,-0.3,2.9,-5.3,-6.4,-6.9,-1.7,-1.2,-6.0,-4.2,5.6,2.4,5.3,-6.9,0.3,15.2,-9.7,4.7,-9.7,6.6,1.7,-4.0,-3.3,18.4,-1.7,2.0,1.2,2.0,-4.7,2.5,-1.7,1.5,-4.3,-1.7,-7.2,2.8,-1.5,-1.3,1.6,0.9,0.2,-0.6,-1.2,2.5,0.7,2.1,-2.8,1.2,5.7,1.8,-1.8,-3.2,2.0,-0.0,1.9,4.2,1.8,2.3,4.0,4.3,4.3,3.0,-0.5,-0.7,8.0,-0.1,5.0,0.4,-0.6,-1.7,-1.3,16.9,-1.9,3.9,1.3,16.9,-4.1,-2.8,4.4,1.8,1.3,-1.0,5.8,-2.7,1.3,2.5,1.1,3.3,1.5,3.7,6.0,-0.5,5.0,1.7,3.1,3.8,-1.3,-1.8,-5.2,7.4,0.1,1.0,-0.8,3.1,-3.8,-2.2,-0.6,0.7,-0.8,0.2,-0.6,0.5,-4.8,-0.1,-2.0,2.2,-3.2,0.9,2.4,3.3,-3.5,7.1,4.2,-2.4,5.9,9.0,4.8,7.0,7.0,9.2,7.4,3.0,1.0,2.6,0.8,-0.1,-5.1,-1.3,-0.8,1.9,2.6,1.2,2.3,-2.7,-2.8,-0.1,-3.7,-1.4,5.1,0.8,-5.7,-1.4,1.1,-5.6,-2.3,-3.1,-1.2,-0.9,-0.0,0.8,0.2,-1.9,-0.9,-2.1,0.2,-7.7,-1.2,-2.3,0.7,-2.3,0.9,0.9,-7.3,3.9,-2.0,-2.1,-1.7,-0.0,-1.3,-1.6,-5.3,-9.2,-3.7,-2.3,-0.6,-4.3,-3.0,-4.0,-2.2,-1.6,-1.2
2C7L513CUS,0,48.101136,11.626328,4442177.87,2777730.9,546.9,592.6,237,7304,3.4,0.78,0.52,32.64,348.96,-0.529,-0.103,0.842,0.4,0.2,0.11,0.26,0.3,0.2,-0.3,-0.8,-0.3,-1.1,-0.5,-0.8,-0.6,-0.1,-0.0,-0.3,-3.6,0.1,-0.0,2.0,0.0,1.0,-3.7,-2.7,-2.7,-5.7,-3.8,-1.8,-4.6,-0.0,5.7,0.4,2.7,-4.8,2.8,-2.6,4.7,-9.6,-2.3,-11.0,-5.9,-4.1,-5.7,-3.8,2.3,-3.8,-4.7,0.6,12.9,1.9,1.8,1.5,-2.4,4.2,-2.6,-4.6,-1.0,3.0,0.5,1.1,0.6,2.4,0.6,1.8,0.2,1.3,0.7,1.2,1.2,3.0,0.3,-1.3,1.7,-0.1,-1.0,-0.8,0.2,-0.1,-0.0,-0.1,0.7,-1.2,-1.1,-2.3,-0.8,0.1,-3.2,-2.2,-0.1,-1.6,1.0,-8.4,-2.6,-1.0,-5.2,-4.6,0.2,-1.0,2.1,-4.9,-0.2,-2.4,-1.0,3.1,-6.8,5.2,-5.2,1.0,8.4,-9.8,10.7,-8.7,-7.8,-9.8,-7.0,-7.6,-5.1,-4.3,-9.4,-1.1,-3.7,-1.0,2.4,-11.5,-0.4,-1.0,-4.8,-2.5,-3.6,-0.2,-2.0,1.2,0.8,0.2,0.7,-0.7,-0.7,-0.2,0.6,2.3,1.4,-3.3,-1.3,1.1,1.0,2.9,3.1,2.5,0.7,0.4,-0.2,1.1,0.6,2.4,0.7,0.6,0.2,0.9,-0.2,-0.2,-0.6,0.6,1.5,1.7,0.7,4.0,1.0,0.9,12.2,-0.1,-1.3,-1.0,3.9,-0.7,-2.1,1.8,0.8,0.6,-0.5,-1.0,-0.4,-0.2,-1.3,-0.6,-0.4,8.6,0.9,0.4,-0.4,0.6,1.2,0.1,0.2,0.3,1.6,1.3,-6.6,2.0,-0.5,-2.7,-2.4,2.3,2.6,-2.3,0.4,-1.1,0.5,0.1,1.6,1.0,1.4,0.2,1.0,-0.2,-0.8
2C7L513CUT,0,48.101134,11.626313,4442176.76,2777730.67,543.5,589.2,237,7305,3.7,0.67,0.38,32.64,348.96,-0.529,-0.103,0.842,0.4,0.2,-1.43,0.3,1.4,0.2,-0.3,-6.2,19.0,-6.7,15.5,-6.2,-3.9,-6.8,-7.6,-6.5,3.4,-5.8,-6.8,-7.8,-3.8,-4.9,-1.3,1.1,1.4,0.5,1.8,7.0,0.1,3.6,6.8,4.9,6.2,6.4,6.2,5.3,6.1,-4.3,0.8,-2.4,-0.4,3.0,-1.6,0.4,2.7,3.0,2.2,5.0,8.3,3.4,4.8,7.0,5.2,6.0,2.9,4.6,4.7,5.5,11.6,8.9,8.2,9.5,8.9,9.5,8.4,8.9,9.9,9.5,10.7,3.4,9.6,10.9,8.3,6.4,-0.3,5.7,5.8,5.3,6.0,6.7,5.3,5.9,7.3,6.0,5.7,6.4,5.1,6.9,4.8,4.8,5.9,9.1,2.0,3.3,0.9,1.1,5.8,4.7,5.5,2.2,4.4,3.6,6.3,4.9,1.7,6.3,4.1,5.2,5.6,10.6,5.9,6.0,6.5,6.5,5.9,6.5,5.2,4.6,6.4,8.2,5.8,4.5,7.2,7.9,6.8,8.2,8.3,9.4,6.3,0.6,2.5,7.2,2.7,9.5,4.1,1.1,6.0,1.7,4.2,4.9,4.0,-0.7,-5.6,1.5,5.1,8.4,8.2,6.4,5.3,5.8,4.8,4.5,4.2,18.2,4.4,3.8,3.5,4.4,3.4,3.3,1.7,6.3,6.6,4.8,6.3,6.8,6.9,5.0,2.4,3.9,2.6,-0.3,4.2,1.9,1.1,4.2,3.0,1.8,2.2,1.0,6.7,5.4,-3.2,4.5,4.8,10.6,10.8,7.4,11.8,15.7,4.7,10.2,2.5,6.7,6.6,5.5,3.2,6.8,2.8,-0.3,1.3,4.5,4.3,1.9,1.6,-1.2,3.8,4.6,4.4,3.9,3.3,2.7,6.8,4.1,5.0
2C7L513CV3,0,48.101287,11.627499,4442264.74,2777749.62,502.7,548.4,237,7341,2.4,0.85,0.28,32.65,348.96,-0.53,-0.103,0.842,-0.4,0.1,-0.17,0.18,2.1,0.2,-0.3,-2.5,-0.8,-1.5,-1.7,-0.8,-2.1,0.8,1.1,0.8,13.2,1.6,-1.4,1.1,-0.6,-0.2,2.3,-1.7,-0.8,-0.6,-2.7,-2.0,-0.1,-3.4,-1.7,-0.6,2.6,-0.9,-3.0,-6.1,-5.4,-9.7,-6.7,-5.5,-5.5,-4.9,-6.2,-2.3,-2.7,-0.2,-3.0,-3.9,-3.2,-3.4,-4.2,-4.8,-3.0,-5.9,-4.8,-2.2,-3.3,-0.8,-2.5,-2.3,-2.5,-3.6,-1.1,-2.7,-0.2,-2.1,-2.1,-0.5,-2.2,13.4,-0.7,1.4,-2.9,-1.6,-3.6,-2.3,-0.1,-4.8,-1.5,-0.9,-1.1,0.7,-0.1,-1.7,-1.5,-0.4,-1.1,0.3,-2.4,-1.7,-1.4,-1.8,-2.5,-3.0,-5.2,-2.3,-3.1,-5.1,-5.6,-6.4,-3.0,-5.3,-3.2,-6.1,-4.0,-4.7,-2.3,-4.7,-4.4,-2.4,-4.3,-4.9,-4.0,-4.9,-3.5,-2.5,-2.6,-3.7,-3.5,-3.2,-2.2,-2.8,-2.0,-2.9,-2.3,-2.0,-1.4,0.8,-2.0,-0.6,-0.7,-0.5,0.2,-2.9,-1.9,-0.5,-4.2,-4.6,-3.5,-6.3,-0.8,-3.3,-5.1,-3.4,-7.2,-2.2,-2.8,-5.4,-4.5,-4.3,-4.5,-3.4,-1.8,10.7,-2.6,-2.1,-0.7,-2.5,-1.5,-4.6,0.2,-2.3,-1.3,-1.7,-2.0,-0.2,-1.0,-1.8,-2.9,-1.3,-4.3,-4.2,-1.8,-4.2,-7.9,-2.2,-2.3,-4.5,-4.1,-6.2,-5.1,-4.0,-9.5,-0.5,-4.6,4.1,-0.0,-2.0,-0.6,-3.1,-1.3,-1.1,-1.0,-2.7,1.6,-2.7,-8.6,-3.7,-5.4,-5.1,-5.9,-4.2,-8.2,-9.4,-6.1,-6.2,-5.3,-5.4,-4.0,-1.9,-2.4,-12.2,-2.0,-3.7,-3.3
2C7L513CVE,0,48.101473,11.62895,4442372.4,2777772.64,542.1,587.8,237,7352,1.2,0.96,0.22,32.65,348.96,-0.53,-0.103,0.842,-0.6,0.1,-0.25,0.09,0.7,0.1,-0.3,-0.3,0.5,-0.3,0.0,-0.4,-0.1,1.1,0.7,0.9,-3.9,1.1,-0.2,0.8,0.2,0.1,0.1,-0.3,-0.3,-0.6,-1.2,-1.1,-1.2,-1.5,-1.1,1.5,1.7,-0.3,0.8,0.3,-3.3,-5.9,-5.4,-4.5,-2.2,-4.5,-2.0,-0.2,-1.3,1.9,0.4,-0.7,-0.7,-1.4,-0.6,-0.1,-1.0,-2.7,-2.9,-0.6,0.3,-0.2,0.4,0.1,0.3,-0.2,0.5,0.1,0.9,-0.2,-0.9,-0.2,-0.7,-0.1,-1.2,3.5,-0.4,-1.0,-3.0,-0.8,-0.3,-2.0,-1.6,-0.5,-0.3,-0.8,-0.6,-0.6,-0.7,0.1,-2.1,-0.5,-0.8,-0.0,-0.6,-1.9,-1.4,-1.6,-0.6,-2.2,-0.6,-1.9,-1.9,-3.4,-0.5,-1.0,-1.6,-0.3,0.5,-0.9,-1.7,-2.8,-1.2,-0.4,-1.0,-1.2,-0.2,-0.0,-0.6,-1.2,-1.0,-0.7,-0.8,-1.3,0.5,-0.5,-0.4,-2.0,-1.1,-1.2,0.4,0.4,0.3,-1.4,-1.4,-0.4,-0.3,-1.1,-0.5,-1.4,-3.4,-1.7,-1.3,-2.1,-0.7,-1.5,-3.0,-2.3,-1.3,1.0,1.4,-1.1,-1.9,-3.0,-1.2,-1.4,-1.7,-3.3,-0.7,-1.3,-0.5,-3.2,-2.0,-0.5,-1.4,-2.0,-1.9,-2.3,-2.6,-1.1,-1.9,-3.0,-1.1,-3.5,-3.8,-3.5,-1.2,-2.1,-3.4,-2.4,-0.6,-1.6,-4.0,-4.4,-4.0,-2.8,-3.4,-2.5,-0.7,2.9,-1.6,-2.1,-2.3,-3.0,-3.1,-3.0,-2.0,-3.1,-2.3,-2.3,-5.8,-6.0,-5.1,-4.2,-5.1,-3.6,-4.5,-3.5,-3.8,-3.7,-4.7,-3.7,-3.6,-2.2,-1.3,-2.8,-2.2,-2.0,-1.8
2C7L513CVT,0,48.101574,11.629739,4442430.94,2777785.2,538.3,584.0,237,7367,1.2,0.96,0.2,32.66,348.96,-0.53,-0.103,0.842,-0.4,0.1,-0.02,0.09,0.4,0.1,-0.3,0.8,-0.2,-0.2,-0.2,0.2,-0.7,0.2,0.4,0.3,-0.8,0.7,0.7,-0.2,-0.3,-0.0,0.9,1.2,-0.0,1.0,0.3,-0.2,1.1,1.0,2.0,2.9,2.8,1.9,0.6,0.9,-2.3,-2.3,-2.2,-2.5,-1.3,-2.9,-0.2,1.4,0.3,1.5,1.3,0.9,1.1,1.2,1.0,0.7,-0.5,-0.3,-0.4,-0.8,-0.1,0.4,0.4,0.1,-0.4,-0.7,-0.3,-0.0,-0.4,0.1,0.3,0.0,-0.4,-0.7,-0.2,-1.5,-0.2,-1.1,-2.4,-1.1,-1.3,-0.9,-1.4,-0.4,-1.5,-0.5,0.5,-0.3,0.2,0.9,0.5,0.4,-0.5,-0.7,-0.3,-2.4,-0.5,-0.6,2.5,-0.1,1.3,-0.7,-0.1,-2.3,1.1,-0.4,-0.2,0.4,1.8,-0.1,-0.6,-2.4,-0.8,0.6,0.6,-0.3,0.4,-0.3,-0.4,-0.4,-1.6,-1.4,-1.1,-1.5,-0.1,-0.3,-0.3,-0.1,-0.6,0.1,-0.6,1.5,0.1,0.7,-0.9,-0.1,1.1,0.1,0.5,0.4,-2.4,-0.4,0.3,2.6,0.9,-1.2,-0.1,0.2,1.7,3.8,2.9,2.9,-0.4,-2.9,-2.0,-1.0,-0.5,-0.4,-0.2,-0.3,-2.3,-1.1,-2.8,-1.9,-2.4,-2.2,-2.2,-1.5,-1.1,-0.6,-1.2,-2.2,-0.8,-2.6,-2.2,-1.7,0.2,-1.4,-2.0,-1.7,1.2,0.7,-2.3,-1.7,-1.4,-0.2,-2.6,0.0,-1.3,-5.5,-2.1,-3.5,-1.8,-0.9,-0.5,-1.7,-1.1,0.1,-1.0,-1.3,-3.2,-3.4,-0.1,-0.5,-3.1,0.7,0.8,0.2,0.1,-0.2,-2.5,-2.0,-1.7,-2.1,-1.4,-0.0,-0.7,-2.3,-2.3
2C7L513CVU,0,48.101578,11.629769,4442433.12,2777785.67,537.0,582.7,237,7368,1.7,0.93,0.3,32.66,348.96,-0.53,-0.103,0.842,-0.5,0.1,-0.13,0.13,0.6,0.1,-0.3,0.3,0.3,0.8,0.7,1.2,-0.2,1.3,-0.3,2.1,-0.3,0.7,0.1,2.1,0.6,3.1,3.6,2.4,1.3,1.4,0.8,1.1,1.9,1.5,2.6,4.1,3.5,1.8,-0.5,2.3,-1.5,-3.8,-1.1,-0.3,0.2,-2.2,-0.4,3.2,1.2,3.2,1.4,2.3,0.1,1.8,1.6,-0.1,-1.0,0.4,-1.7,-1.7,0.4,-0.1,1.2,0.4,0.5,0.0,0.8,0.3,-0.8,-0.0,-0.0,-1.3,-0.9,1.2,0.8,-1.7,-2.1,-1.4,-1.4,2.3,-0.7,-0.3,2.2,-2.1,-0.6,3.7,2.8,4.8,5.2,4.1,1.8,2.3,1.3,1.7,1.5,0.5,0.4,-0.0,2.1,-0.5,2.3,0.4,-0.1,0.1,3.3,1.1,-0.1,1.5,1.9,1.1,-0.3,-2.1,-0.9,2.2,2.1,0.7,2.3,2.1,1.3,1.2,-0.3,-0.3,0.6,-0.2,1.6,0.8,-0.6,-0.7,-0.2,-1.3,-0.4,-3.0,1.4,0.9,4.0,2.6,2.8,-0.3,3.0,2.6,-2.0,1.1,0.6,-0.4,0.6,-1.8,-0.1,-0.7,1.7,3.7,5.4,-0.2,-0.2,-0.6,-0.1,-1.3,-0.9,0.8,-1.4,-0.5,1.3,-2.5,-4.4,-2.1,0.2,0.5,-2.3,-0.1,0.9,0.7,-1.0,-2.8,-0.6,-0.9,-2.8,-0.2,1.0,2.3,-2.3,0.9,1.5,0.4,-2.9,-2.3,-2.6,-0.7,-2.5,-1.3,-1.4,-3.6,-3.9,-2.2,-4.8,-1.4,-0.8,1.9,2.6,-0.2,0.4,-1.5,-3.9,-2.5,-1.7,-1.2,-3.3,2.8,1.4,-0.1,0.2,-1.1,-0.3,-2.3,-3.0,0.6,0.8,0.5,-1.3,-3.7,0.3
2C7L513CWH,0,48.101953,11.63269,4442649.85,2777832.15,544.3,590.0,237,7417,2.5,0.83,0.34,32.67,348.96,-0.53,-0.103,0.842,-0.6,0.1,-0.96,0.19,0.6,0.2,-0.3,-2.1,-2.7,0.0,-2.2,-2.3,-3.7,2.5,0.3,-0.2,-3.6,0.1,-2.7,2.7,1.1,1.9,2.5,1.8,4.2,0.1,0.5,-1.6,0.9,1.5,-0.7,0.3,2.2,1.2,-1.0,2.6,-1.6,-1.2,-2.9,-3.1,-1.4,-5.2,-2.1,2.8,4.5,5.6,3.9,1.2,2.4,6.0,2.3,3.6,6.0,6.3,1.0,1.7,4.4,5.8,3.5,3.8,5.2,5.9,4.9,2.8,6.1,3.5,4.9,3.9,5.7,2.5,7.1,10.5,-7.7,2.6,6.7,5.7,5.8,-0.0,4.4,3.8,3.9,2.8,4.6,2.3,0.4,2.4,1.0,3.9,3.2,3.7,0.1,1.9,1.9,5.2,0.5,0.9,2.4,1.5,2.9,1.1,-2.5,0.9,1.0,3.1,4.7,2.9,0.1,2.7,1.8,3.2,1.8,3.2,4.0,3.0,3.8,3.1,2.2,3.1,3.4,1.6,3.3,2.9,-0.4,3.4,1.8,4.9,2.7,5.7,0.1,-0.8,-1.1,0.1,2.3,-0.3,1.4,1.8,0.1,2.6,1.1,0.5,0.8,-1.1,0.1,1.8,0.0,5.8,4.6,-3.3,-0.9,1.5,-1.2,0.0,-0.9,-2.9,-3.4,-1.0,2.3,-0.8,-0.5,1.7,-0.0,-0.2,0.8,0.4,0.1,1.8,0.8,1.5,0.1,4.0,-0.5,-1.8,2.5,0.6,-3.1,3.8,3.5,6.5,-0.2,-1.7,2.7,0.0,-3.7,4.1,0.8,9.7,-2.7,0.6,0.6,2.3,0.3,-1.3,-0.3,-3.8,-1.9,-2.0,-3.3,-0.9,0.1,0.8,-1.0,-0.4,0.3,1.1,-0.6,0.3,-4.3,-1.6,-4.1,-4.4,-1.6,-0.9,-2.6,-2.7,-1.3
2C7L513CWc,0,48.102133,11.634088,4442753.58,2777854.38,553.9,599.6,237,7438,2.6,0.86,0.34,32.68,348.96,-0.53,-0.103,0.842,-1.2,0.1,0.37,0.2,0.5,0.2,-0.3,-3.2,-1.0,0.0,-0.8,-2.3,-1.1,0.7,0.5,-0.6,-5.1,-0.0,-1.0,-0.3,0.5,2.4,1.4,0.2,-0.2,-2.8,-1.5,-0.6,-2.1,-1.4,0.7,0.7,0.8,0.2,-0.1,3.2,0.7,0.4,-5.7,-3.5,-5.6,-5.2,-5.1,2.1,1.0,-0.2,1.3,-1.6,-3.7,-1.5,-2.0,-1.5,-4.4,-3.5,-2.5,-4.3,-0.8,-3.6,-2.5,-2.1,-1.9,-1.4,-3.7,-1.5,-0.9,-2.0,-3.1,-0.8,-6.1,6.2,-3.8,-5.2,-2.6,-0.6,-15.3,-4.3,-0.5,-0.5,-3.0,-0.3,-1.7,-3.5,-2.6,-2.6,-2.5,-3.7,-4.9,-4.4,-6.2,-3.8,-4.4,-4.9,-5.8,1.2,-2.6,-4.9,-2.1,-0.4,-1.8,-5.2,-5.2,-2.5,-2.9,-1.0,-2.6,0.7,-5.2,-2.7,-3.8,-1.5,-1.7,-2.4,-1.4,-2.4,-1.3,-1.4,-2.5,-1.8,-2.9,-4.9,-4.1,-5.2,-4.9,-1.3,-1.5,-3.7,-4.7,-6.2,-5.4,-4.0,-5.1,-4.8,-4.0,-6.4,-5.1,-3.7,-6.1,-6.4,-5.6,-0.1,-2.4,-6.4,-5.8,-4.9,-6.8,-2.2,-2.7,-1.2,-6.9,-5.6,-6.7,-0.6,-2.4,-4.4,-4.3,-4.8,-7.4,2.2,-8.3,-4.1,-4.7,-3.5,-3.1,-3.4,-5.4,-4.5,-5.7,-9.9,-19.0,-5.4,-6.5,-9.7,-2.1,-4.4,-7.7,-1.4,-3.7,-2.0,-8.0,-11.1,-0.4,-2.1,-8.2,-2.3,-6.4,-2.1,-9.6,-4.1,-8.5,-5.9,-5.6,-5.5,-6.6,-5.5,-8.0,-10.4,-14.8,-5.2,-4.0,-4.2,-5.8,-4.9,-7.5,-4.6,-7.1,-3.4,-2.7,-5.4,-7.4,-4.9,-6.5,-5.4,-7.4,-7.6,-5.5
2C7L513CWi,0,48.102132,11.63408,4442752.97,2777854.28,536.9,582.6,237,7444,4.7,0.57,0.5,32.68,348.96,-0.53,-0.103,0.842,0.4,0.2,0.1,0.36,3.0,0.3,-0.3,-5.2,4.3,4.1,2.3,3.7,-4.7,4.0,3.3,1.1,-3.2,1.7,-1.1,-0.8,-3.5,-0.9,-2.5,-4.6,-10.5,-6.1,-5.1,-5.0,-6.9,-4.9,-7.1,-6.2,-9.4,-9.4,3.2,-7.2,-9.3,4.5,-9.5,-16.2,-14.7,6.5,-12.9,-3.7,-8.2,-10.8,-13.0,-6.1,-6.4,-8.0,-9.1,-10.5,-8.1,0.5,-1.5,3.1,-7.3,-7.0,-8.3,-5.8,-7.6,-6.8,-6.2,-7.0,-6.4,-6.7,-7.3,-4.2,-1.3,-5.0,-6.3,15.5,-9.5,-8.2,6.3,-8.1,-2.3,-8.6,-3.0,-3.4,-1.4,-9.0,-0.6,-8.3,-3.6,-5.7,-8.2,-5.3,-8.6,-7.0,-5.3,-7.1,-6.9,-7.0,-9.4,-8.2,-9.7,-6.0,-5.8,-8.9,-4.8,2.2,-6.1,-7.7,-5.3,-6.2,-9.3,-7.1,-9.6,-6.3,-5.2,-5.4,-3.6,-5.5,-3.0,-5.6,-3.1,-4.4,-5.8,-6.0,-4.3,-4.6,-5.6,1.2,-4.7,-6.5,-4.7,-3.4,-2.2,-2.6,-1.7,-1.4,-0.1,-1.4,-0.3,-2.7,-6.2,-2.4,-2.2,-11.0,3.6,1.7,-3.8,-1.4,-5.8,0.8,-2.1,0.4,-2.1,-1.6,-3.1,-0.8,-2.1,-1.8,-1.1,-3.9,-0.4,-2.3,-4.0,-2.4,-2.2,-3.6,-4.7,-3.4,-3.1,-3.1,-5.3,-3.6,-4.0,-5.6,-9.2,-8.6,-6.1,-11.9,-10.6,-11.6,-8.0,-2.0,-13.6,10.5,-7.7,-11.0,1.6,-1.3,2.5,11.0,14.3,8.6,11.4,3.8,-2.2,-6.2,-4.8,-4.1,-3.8,-3.2,-4.1,-5.6,-6.2,-12.8,-9.2,-10.0,-10.2,-12.0,-15.7,-13.0,10.9,-7.4,6.6,1.7,-3.5,10.4,-6.2,-7.5,-7.6
2C7L513CXi,0,48.102575,11.637532,4443009.04,2777909.22,533.2,578.9,237,7506,3.3,0.76,0.41,32.69,348.96,-0.53,-0.103,0.842,-0.4,0.2,0.28,0.25,1.3,0.2,-0.3,5.4,3.9,-2.9,-1.2,3.9,-0.4,1.0,2.9,-0.1,-2.0,2.6,6.8,-5.9,0.8,-7.7,-1.8,-0.7,-9.1,2.3,-5.7,-0.7,-6.8,-0.9,-1.5,-1.6,-0.6,-7.5,2.1,-2.3,-3.3,-0.9,-7.1,-7.3,-4.8,-8.1,-8.5,-3.0,-1.0,-3.4,-2.4,-2.6,-1.8,-2.7,-1.6,-2.1,-3.6,3.0,-3.2,-4.9,-4.5,-4.1,0.3,1.6,0.3,-0.8,-0.7,0.7,12.1,1.3,0.6,-2.1,-4.1,-4.4,-9.0,-12.6,0.6,-3.1,-6.7,-3.1,-1.8,2.5,-2.3,0.9,0.3,-1.8,-2.6,-0.5,-0.1,-8.0,-2.5,-0.6,-1.2,-5.0,0.8,-3.3,-2.6,-2.7,-3.3,-4.4,-3.9,-2.1,-0.3,-2.5,-8.9,-3.3,-2.1,-1.4,-0.8,0.3,-2.6,-2.1,1.2,-1.5,1.7,-3.2,-2.8,-4.4,-3.5,-4.7,-2.2,-7.2,-0.5,-1.8,0.9,1.7,-0.3,-3.3,0.8,-0.6,-3.1,1.2,-1.7,0.2,-1.7,-1.0,0.3,-0.1,-2.8,-6.4,-4.0,-4.1,-1.2,-0.9,7.5,-6.9,-5.0,-3.9,-3.6,-1.2,-1.0,-0.2,-5.8,-3.7,-4.2,-2.2,-4.2,-6.4,-3.9,-1.6,-3.7,-2.5,-1.9,-3.3,-2.4,-2.4,-4.5,-4.2,-6.1,-1.5,-1.5,-4.4,-11.4,-6.8,-3.9,-8.8,0.9,-3.0,-3.5,-2.1,-3.3,-1.3,-5.2,-4.3,-0.3,3.3,-0.1,0.2,-3.3,-14.9,0.7,-3.6,0.1,-2.3,-2.6,-3.8,-2.8,-4.2,-3.7,-4.7,-4.4,-3.9,-8.0,-8.5,-5.5,0.3,-5.7,-7.0,-4.0,-0.4,-3.5,0.1,-2.7,-3.0,5.0,10.1,4.2,-9.9,-6.2
2C7L513CVF,0,48.101479,11.62885,4442364.89,2777773.11,534.7,580.4,237,7353,2.3,0.87,0.41,32.65,348.96,-0.53,-0.103,0.842,-0.1,0.1,0.16,0.18,0.1,0.2,-0.3,-1.7,2.6,1.5,1.0,0.8,-0.1,1.5,-0.5,-1.7,-1.9,7.6,-0.5,0.5,1.8,0.7,3.5,-0.1,-2.6,-0.3,-2.7,-0.2,-1.4,-0.7,-0.7,1.7,1.0,-1.1,-0.1,-0.0,-3.6,-6.5,-5.4,-5.9,-2.7,-5.7,-3.6,0.7,-3.7,1.8,0.9,-0.3,-0.9,1.4,-2.2,5.8,-2.1,-3.0,-1.8,-0.8,2.8,-0.4,1.5,-0.6,-2.3,0.2,-0.7,-2.3,-2.3,-1.2,-3.7,-1.7,-1.9,-2.5,-2.2,-4.7,-3.2,-3.0,-5.0,-2.4,-1.7,-0.5,-3.3,-2.1,-1.1,-2.1,-2.3,-1.2,0.2,1.9,-1.4,-3.6,-1.1,0.7,0.7,-3.6,0.6,-4.5,-2.8,-0.6,-0.3,-3.5,-1.2,-2.5,1.2,-1.1,-0.2,-2.9,0.9,-0.8,-1.4,-4.8,-2.6,1.3,0.4,-2.0,0.8,1.5,1.5,0.0,0.6,2.0,-1.3,-6.9,-1.7,-3.6,-1.3,-1.1,-2.4,0.0,3.5,-4.4,-0.5,0.7,-1.0,2.8,2.7,2.3,-0.8,2.9,-1.4,-0.3,-0.8,-2.2,1.4,-0.9,-3.5,-1.2,-1.1,0.4,0.8,2.1,2.2,-5.4,-1.8,0.4,-2.8,-1.4,-3.2,-1.7,2.3,-7.7,-5.2,-3.9,-0.7,-4.5,-2.0,-1.1,-2.2,2.9,-0.3,-3.2,-0.5,-1.9,-2.6,-0.8,3.1,-0.5,-1.6,0.0,-0.8,-0.1,-3.2,-2.7,-4.6,-4.7,-3.5,-1.2,-1.5,8.7,-2.6,0.2,-1.3,-0.9,-0.6,-2.8,-1.9,0.1,-2.9,1.0,-2.4,0.3,-0.7,-0.7,-1.8,0.9,-1.4,-1.5,-4.1,-1.6,-3.4,-4.2,-6.7,-2.0,-1.0,-1.5,3.5,0.2,1.6
2C7L513CWx,0,48.102284,11.635122,4442830.22,2777872.9,546.6,592.3,237,7459,3.5,0.77,0.45,32.68,348.96,-0.53,-0.103,0.842,-0.2,0.2,-0.1,0.27,0.5,0.2,-0.3,-1.8,-1.3,-0.4,1.6,1.9,-1.5,-2.2,-1.0,1.2,-4.2,-1.3,1.4,-1.0,-1.5,0.6,-1.5,-1.0,-2.1,-2.9,-2.5,-2.9,-0.8,-2.1,1.3,-0.1,1.7,-2.9,0.5,1.1,0.7,-0.8,-2.9,-2.9,-1.1,-7.0,-2.6,1.5,0.5,0.6,3.8,-3.6,0.6,0.5,3.2,-2.2,-0.2,-1.9,0.3,2.4,2.9,1.9,-1.4,3.2,-0.8,-2.0,2.5,0.2,0.9,-1.4,-0.8,-0.0,-0.6,5.3,-0.4,3.0,-2.3,-4.7,-2.1,-4.1,-3.1,-2.6,-3.3,-0.4,-2.9,-2.1,-1.3,-3.3,-1.7,-1.5,-2.5,-2.0,-0.4,-2.2,-2.7,-1.3,-2.2,0.1,0.5,0.2,4.8,-3.6,-6.7,-3.6,-8.6,-6.8,-4.7,-1.7,0.0,1.9,-4.0,2.9,4.1,0.1,0.7,1.6,-1.8,-0.6,0.6,-0.5,-0.5,0.6,-1.1,1.4,-1.3,1.0,-2.6,-0.3,-3.5,-1.8,-2.4,-1.6,1.0,-1.5,-2.1,0.1,0.6,-2.4,1.1,4.5,-0.5,-15.3,7.7,-2.0,2.0,5.0,3.2,5.5,4.9,-3.1,-3.7,3.8,-2.5,-12.2,-2.0,-11.8,7.1,7.0,-17.6,7.4,-0.2,0.7,-2.3,-3.6,-2.2,1.9,-2.0,-2.2,1.8,0.6,-3.4,-7.2,1.9,-13.0,-2.6,5.4,3.2,-14.8,-2.0,-0.5,-7.8,-0.1,0.1,-4.7,2.4,2.6,2.9,0.0,0.1,6.7,0.3,-1.3,-4.9,-3.5,-1.2,2.6,-1.6,-0.7,-0.1,2.0,-1.8,-3.6,-1.5,1.2,-0.6,-4.4,-2.3,-1.2,-2.6,-3.7,-2.3,-1.8,-2.0,-1.1,-2.8,-3.5,-4.4,-3.2,-0.7
2C7L513CXA,0,48.102402,11.636044,4442898.61,2777887.56,555.1,600.8,237,7472,3.0,0.79,0.48,32.68,348.96,-0.53,-0.103,0.842,0.1,0.1,0.47,0.23,0.6,0.2,-0.3,-1.3,-3.4,-2.6,4.2,-0.2,1.4,-4.7,-3.8,-4.3,-1.5,-4.0,0.7,-3.7,-2.6,-3.6,-2.6,-3.2,-3.5,-4.6,-3.9,-3.3,-2.6,-1.0,-2.7,-0.5,-2.6,-1.0,2.3,-1.6,0.3,5.5,-4.0,-4.5,-4.6,-2.5,-3.9,-1.0,-0.6,-2.9,1.9,2.8,4.5,-0.9,-1.6,1.1,1.4,2.9,0.9,-1.2,-0.6,-1.4,-0.8,-0.6,-0.3,-1.7,-4.7,2.5,0.7,0.4,0.0,0.7,-4.8,-7.8,-2.8,-0.2,0.8,-3.1,-6.1,-5.4,-4.7,0.0,-6.0,-2.5,-3.1,-3.7,-2.4,-1.8,-3.5,-3.7,-3.9,-5.0,-3.1,-3.0,-3.4,-1.6,-2.7,-0.9,-2.7,-3.7,-5.3,-3.1,-3.0,-4.7,-8.1,-4.5,-2.4,-0.5,-1.5,-0.8,-5.8,-4.7,-4.5,-3.8,-3.8,-4.1,-5.6,-6.8,-2.1,-7.1,-4.1,-5.0,-4.7,-3.8,-3.2,-4.8,-2.0,-3.4,-1.9,-2.4,-4.8,-8.1,-2.4,-2.0,-6.8,-4.9,-2.8,-0.3,-5.0,-6.2,-7.1,-5.5,-5.7,0.6,-4.7,-5.5,-6.2,-5.5,-0.4,-1.1,-3.4,0.6,-2.9,1.7,1.9,1.6,-0.5,-2.4,-1.0,-1.3,-3.2,-3.4,1.0,-0.8,-0.5,5.0,-0.3,-0.7,0.3,2.2,2.2,1.3,-2.1,0.7,-1.6,-0.7,-0.3,-0.3,0.1,5.6,2.7,5.4,2.1,-6.4,-4.0,-4.9,-10.1,-0.7,-7.8,0.2,-4.4,7.7,-2.2,-1.3,-1.5,0.1,5.9,-0.6,-6.5,-5.8,-2.8,-1.7,-1.7,-1.4,-3.9,0.9,0.7,-6.2,1.2,-0.5,6.9,-7.6,-5.8,-3.9,-6.6,-3.5,-2.2,-7.9,6.7
2C7L513CXg,0,48.102585,11.637467,4443004.22,2777910.25,536.5,582.2,237,7504,1.9,0.87,0.33,32.69,348.96,-0.53,-0.103,0.842,-0.4,0.1,-0.33,0.15,1.8,0.1,-0.3,-1.4,-0.5,-0.9,-2.3,-0.2,0.4,-1.1,0.6,-0.9,4.0,1.1,1.9,-2.6,-1.2,-3.4,-0.6,-3.0,-0.3,-4.5,-4.2,-4.2,-4.8,-0.9,-2.2,-0.2,-2.5,-4.7,0.3,-3.0,-2.2,2.1,-4.2,-4.5,-6.6,-10.4,-4.5,-5.5,-1.9,-4.8,-2.6,-2.1,1.4,-3.7,-3.7,-5.4,-4.4,0.2,-1.3,-0.6,0.2,-1.4,-0.8,-0.0,-0.0,0.4,-0.0,0.2,0.8,0.7,0.1,-1.1,-0.1,-0.5,-2.2,-1.7,-0.0,-1.1,-0.4,-1.7,-0.7,1.2,-1.5,-0.9,-0.4,-1.0,1.2,-0.3,-0.2,-0.8,1.6,-2.6,-3.9,-1.9,-5.3,-4.9,-6.7,-2.1,-2.8,-1.3,-1.1,-3.2,-2.8,-2.7,-7.6,-3.7,-3.5,-2.0,-4.2,-2.7,-4.8,-4.8,-4.3,-3.2,-5.5,-2.5,-3.1,-0.7,-2.8,-4.2,-2.5,-3.8,-2.2,0.3,-0.0,-0.9,-1.5,0.4,0.7,-0.5,-1.6,1.7,0.6,0.2,-1.4,-0.4,0.7,-0.1,-3.3,-4.5,-6.4,-3.7,0.4,-0.0,-3.2,-7.4,-8.1,-11.2,-4.7,-3.9,0.7,1.9,-2.4,-3.7,-1.8,0.0,-1.0,3.0,0.1,-1.0,-2.6,0.8,-1.1,-2.0,-2.7,-2.7,0.8,-1.0,-2.2,-1.2,-5.0,-6.4,-7.8,0.6,-5.7,-5.0,-0.8,-0.8,-3.7,-4.0,-2.9,-2.4,-3.2,-2.0,-2.5,0.1,-1.0,-2.0,-3.3,-2.0,-1.5,-3.2,-3.3,-2.2,-3.2,-2.5,-3.1,-2.8,-4.1,-6.1,-6.1,-7.3,-5.4,-7.7,-5.8,-1.7,-5.2,-5.4,-1.8,-2.9,-3.4,-3.2,-5.6,-3.8,-3.1,-3.4,-3.2,-5.1,-3.9
2C7L513CUj,0,48.101237,11.626825,4442214.66,2777742.98,525.2,570.9,237,7321,2.6,0.83,0.39,32.64,348.96,-0.529,-0.103,0.842,-0.8,0.1,-0.84,0.2,1.1,0.2,-0.3,0.6,-2.9,-0.3,-1.4,-0.5,-6.6,-0.8,-0.5,-3.3,9.4,1.6,-1.0,2.4,-1.6,3.1,4.0,5.0,3.6,1.2,5.1,2.2,2.4,-0.4,3.7,4.6,7.5,2.2,4.4,-1.6,1.2,-10.7,-4.2,0.7,2.8,1.1,6.3,2.8,2.7,2.4,-2.4,2.1,0.6,3.9,0.8,0.5,-3.4,-1.2,1.1,4.3,2.7,3.2,3.4,-0.7,2.0,1.3,1.1,1.0,1.0,2.1,3.4,3.0,3.3,5.9,0.4,4.9,2.2,4.6,2.1,1.1,1.4,-0.5,2.3,-1.1,4.0,-0.2,3.5,3.2,1.7,2.3,0.6,0.5,3.4,1.4,5.9,1.7,4.3,-3.1,1.6,8.1,-5.7,3.0,1.1,-2.2,4.5,1.2,0.2,1.7,2.8,1.7,0.4,-0.4,-0.2,1.1,2.9,2.2,-0.2,-0.6,-1.3,1.4,-0.3,-0.9,1.3,0.5,1.6,2.1,1.4,8.7,2.4,2.6,0.1,7.0,1.1,2.0,0.7,0.5,2.0,3.1,3.7,2.0,1.8,-1.0,0.7,-0.4,1.0,0.2,-4.4,-1.0,-0.6,2.1,2.9,-4.4,0.5,-0.4,1.7,1.7,2.0,-0.7,3.7,3.4,1.2,7.3,-0.1,2.1,1.4,0.7,0.1,1.1,0.6,2.7,0.1,-3.6,-1.6,-2.0,-6.1,-4.6,0.5,0.1,-4.8,-1.0,-4.4,-1.7,-3.0,-5.4,-2.9,-0.4,-12.4,1.1,-0.5,-5.6,0.4,0.2,-0.7,-1.8,-2.3,1.1,-0.0,-1.4,1.4,-1.5,-4.4,-2.9,-2.7,-1.9,-2.8,-1.4,-2.5,-3.7,0.0,-5.0,-2.2,-5.9,-1.4,-2.7,-3.3,-8.7,-2.5,0.4,0.5
2C7L513CUp,0,48.101328,11.627532,4442267.05,2777754.18,543.5,589.2,237,7327,1.4,0.95,0.19,32.65,348.96,-0.529,-0.103,0.842,-0.4,0.1,-0.2,0.11,0.3,0.1,-0.3,-1.5,-2.3,-2.0,-1.1,-2.4,1.2,-0.4,-1.0,1.1,0.6,-0.0,0.6,0.6,0.0,0.1,0.2,-1.4,0.0,-0.8,1.3,-1.0,-0.9,-1.8,0.4,2.3,1.5,0.4,1.4,1.0,-2.1,-4.1,-3.3,-4.8,-2.7,-0.9,-2.6,0.4,1.5,3.5,1.7,-0.1,2.1,-0.6,0.6,0.7,3.0,-1.1,0.6,0.7,-0.6,0.8,0.3,-1.6,-1.0,-1.8,-0.7,-1.2,-0.2,-1.9,-1.1,-1.2,-1.2,1.1,-1.3,0.7,1.1,-0.6,-2.0,-2.2,-2.5,-1.6,-1.4,-2.5,-2.0,-0.4,-0.9,-0.6,-1.6,-0.4,-1.4,-0.8,-2.4,-0.7,-1.5,-0.4,-1.6,-1.2,-2.1,-0.2,0.5,-1.8,-1.5,-1.8,5.5,-1.6,-2.1,-1.5,-0.2,0.2,-0.4,-3.2,-0.7,0.5,-1.8,-1.7,-0.5,-0.2,-1.3,0.0,-1.9,-1.4,-1.8,-0.1,-1.6,-0.6,-0.3,-1.8,-1.5,-1.0,-0.3,-0.9,-0.7,-0.6,-1.2,-0.4,-0.3,-2.3,-1.5,-2.1,-4.2,-1.2,0.7,-1.2,1.1,-0.4,-2.3,-1.7,-0.2,1.6,3.1,-0.2,-0.8,-2.4,-0.4,-1.3,0.6,-0.4,-0.2,-0.2,0.9,-0.8,-1.1,0.5,-0.7,-0.7,-0.2,1.8,-0.1,-0.1,-1.4,-1.6,-2.6,1.6,-1.6,-1.0,3.4,0.2,-2.7,-2.6,-1.0,-1.6,-3.0,-4.0,-2.6,-1.0,-0.7,-1.9,-1.2,-0.7,-1.7,-1.2,-1.7,-2.2,-2.4,-2.1,-1.9,-2.9,-1.7,-3.6,-4.7,-5.2,-3.5,-2.2,-4.2,-1.7,-1.6,-2.0,-2.1,-1.7,-3.9,-1.7,-2.0,-1.2,-0.7,-0.8,-2.0,-3.0,-2.4
2C7L513CUq,0,48.101335,11.627587,4442271.17,2777755.06,543.4,589.1,237,7328,2.2,0.88,0.37,32.65,348.96,-0.529,-0.103,0.842,-0.2,0.1,-0.33,0.17,0.2,0.1,-0.3,-0.1,-1.6,-0.8,-0.1,-2.1,1.4,-0.3,0.5,-0.6,0.4,1.0,0.2,2.1,0.2,1.7,2.8,1.0,1.3,-0.8,3.1,-0.7,0.2,-0.6,2.6,1.3,0.9,-3.5,2.7,2.7,0.7,-2.5,-1.4,-1.0,-1.3,3.3,0.6,2.1,2.8,2.7,0.2,2.3,5.9,-1.7,1.8,-0.1,3.5,6.1,4.4,3.0,1.1,5.7,-2.8,-3.1,2.7,3.3,2.9,3.6,2.8,-0.3,2.2,2.2,5.0,3.5,1.3,0.7,2.9,5.5,0.1,2.1,-1.1,1.7,-0.5,-3.8,1.6,2.8,2.7,1.7,1.7,2.9,-0.1,0.1,1.2,0.7,0.6,1.2,-0.7,1.1,2.8,1.6,1.7,0.9,-0.4,-0.3,6.1,-0.9,0.4,1.1,8.2,2.7,2.7,6.2,3.1,3.0,-1.7,1.3,2.2,-0.8,-2.1,2.5,2.4,3.8,0.6,2.5,-1.5,4.4,1.8,1.9,-2.0,-1.6,1.4,-0.4,0.4,0.5,-0.9,4.2,2.7,2.1,3.8,2.2,1.3,-0.5,2.3,2.3,0.3,1.1,-1.8,2.1,-0.3,3.3,3.6,-1.2,1.7,-2.6,0.4,2.3,2.4,1.3,1.8,-0.9,3.9,1.8,-0.7,1.7,-0.1,-1.4,0.7,3.2,1.5,0.5,0.9,-0.1,-0.6,6.3,-1.3,0.9,4.5,-0.6,1.9,-3.3,-0.6,1.3,-1.2,-2.7,-1.1,-0.1,0.5,-2.6,0.3,1.9,0.1,-1.0,0.1,2.2,0.2,0.9,1.1,0.5,-0.3,-3.6,2.5,9.5,-2.6,3.4,0.1,2.1,-1.7,-0.8,-0.0,-2.1,8.0,0.6,-0.3,2.1,2.2,1.9,-1.5,-3.3,-1.7
2C7L513CUr,0,48.101363,11.627808,4442287.57,2777758.56,551.4,597.1,237,7329,3.5,0.74,0.46,32.65,348.96,-0.529,-0.103,0.842,-0.8,0.2,-0.53,0.27,0.4,0.2,-0.3,0.4,-6.5,-3.2,-1.8,-3.2,1.6,-1.7,-0.2,-2.0,8.4,-1.2,0.2,1.6,-0.8,-2.3,1.2,0.5,0.1,-3.8,6.1,-3.2,-2.9,-2.5,2.5,-1.2,0.7,0.6,-1.1,3.8,-3.8,2.1,0.9,-7.1,1.4,2.8,-2.7,-2.0,2.9,-2.7,7.6,-3.4,0.5,-2.8,7.3,-0.3,-2.6,-1.2,4.9,0.7,-3.5,7.5,-2.7,3.1,1.1,-1.1,5.6,-0.7,2.9,-0.5,0.2,4.5,3.6,-6.9,2.1,-0.3,-1.8,4.0,-1.4,-2.4,-2.1,-3.2,1.3,-0.6,-2.0,1.2,-0.7,-1.6,-1.9,1.1,-0.6,1.7,-2.3,-1.8,-1.4,0.1,0.2,-1.3,-2.9,-2.5,0.3,-1.5,-2.6,-3.7,0.8,3.0,-4.0,2.0,0.8,-3.8,-4.1,-2.5,0.0,-0.2,-6.3,-1.8,1.3,9.6,-3.4,2.1,-0.7,3.5,-1.1,-0.5,-1.9,0.8,-1.1,-0.1,4.8,3.7,-1.0,-3.1,1.0,3.9,-2.3,0.4,4.0,-5.6,-2.0,-0.4,-0.2,0.8,0.8,2.2,-4.6,2.2,-2.0,-3.8,0.1,-2.8,7.0,1.1,-1.3,-11.8,5.2,-3.8,-4.2,-3.7,4.7,0.8,-3.5,-3.6,-5.0,-2.2,-2.6,-3.4,-2.8,-3.1,-4.5,-3.2,-3.2,-3.0,-4.6,5.5,-4.4,-3.3,2.4,-3.7,6.6,-5.6,-1.0,2.9,-4.6,-1.5,-3.3,-4.7,-17.7,0.1,4.2,5.3,-5.2,-3.8,-4.8,1.6,0.2,1.7,-2.4,1.3,-8.2,-4.5,-2.6,-2.2,3.8,-7.8,-11.4,-13.7,-6.7,-2.9,-1.9,-3.3,-0.5,-2.2,-1.9,-0.4,-2.5,-2.8,-3.2,-10.6,-7.6
2C7L513CUu,0,48.101334,11.627575,4442270.26,2777754.89,531.5,577.2,237,7332,3.1,0.79,0.4,32.65,348.96,-0.529,-0.103,0.842,-0.6,0.2,-0.13,0.24,0.5,0.2,-0.3,5.5,-1.5,-1.0,-3.2,-0.8,2.4,-0.9,-1.9,-0.9,10.1,-0.0,0.2,2.1,-0.8,-1.4,-1.2,-2.7,-3.6,-3.8,-3.9,-7.0,-5.8,7.8,-3.9,-1.9,-1.5,1.3,-1.0,-2.1,0.0,-7.2,-5.7,-8.1,-6.4,-1.7,-2.2,-0.7,-3.2,2.7,-1.3,-2.2,-3.7,-2.2,-2.6,-3.0,-2.7,-2.9,-0.8,-4.9,-5.1,-0.1,-3.6,-1.9,-4.5,-4.0,-1.4,-5.5,-2.7,-1.5,-2.7,-2.5,-4.5,-2.0,-4.0,-2.4,-13.0,-3.2,-4.7,-4.2,-4.4,-14.4,-7.2,-0.9,-5.6,-4.0,-3.6,-5.5,-3.4,-1.4,-3.4,-7.8,-3.3,-4.1,0.7,2.4,-0.8,-5.6,-4.7,-1.0,-6.3,-5.8,-9.3,-5.2,0.0,-2.8,-1.6,-1.0,-7.0,-3.2,-3.0,-6.5,-3.4,-3.5,-4.5,-3.9,-1.4,-2.6,-1.7,-2.4,-3.9,-2.1,-2.8,-0.8,-1.3,3.4,-1.8,-7.1,-1.6,0.7,6.2,-1.2,-1.7,-2.9,-4.0,0.3,-3.6,-1.4,-3.0,-5.8,-5.3,0.0,-5.3,-1.4,-2.1,-1.5,-2.5,-1.5,-3.6,-2.4,-0.4,-2.5,-6.7,-5.2,-3.1,-2.0,3.0,4.8,-3.3,-0.2,0.9,-0.6,0.2,-7.4,-6.5,-4.0,-3.7,-1.2,-2.9,-0.9,-4.4,1.5,-1.7,0.5,-5.6,-2.7,-0.9,-3.9,-6.3,-2.1,-3.1,-5.4,-6.1,-13.5,-13.4,-2.1,3.1,-4.2,-7.2,-9.9,-6.0,-5.5,-4.9,-5.6,-3.8,-5.2,-6.0,-1.6,-5.1,-4.0,-5.7,-3.7,-11.1,-9.6,-9.0,0.6,-1.7,-8.3,-7.9,-11.6,-4.0,-5.5,-3.2,-1.5,-3.8,-3.9,-2.9,-5.8,-6.3
2C7L513CWM,0,48.102036,11.633051,4442676.52,2777842.0,548.8,594.5,237,7422,3.6,0.7,0.46,32.67,348.96,-0.53,-0.103,0.842,-0.8,0.2,0.17,0.27,2.4,0.2,-0.3,1.2,1.3,-0.9,2.5,4.0,0.7,2.3,3.6,1.5,-1.3,2.0,2.0,2.9,-0.9,0.8,3.9,1.7,0.4,3.5,1.3,-9.5,-0.9,8.6,3.9,2.6,2.8,4.2,-0.4,6.8,0.4,-1.2,1.2,3.5,2.0,-2.3,4.1,-2.4,2.6,10.1,3.7,7.5,0.4,2.4,2.3,8.2,8.8,-8.3,5.0,0.6,5.0,-0.6,-2.6,-4.6,-1.3,-2.7,2.3,1.3,2.2,-0.5,-0.3,-0.5,2.7,-5.7,-2.5,-6.8,-2.4,-0.6,-2.4,-2.0,-5.8,-2.4,0.4,0.5,0.4,-4.5,2.0,3.4,1.4,4.5,3.3,5.5,3.6,4.1,-5.3,5.3,0.8,6.9,3.1,1.8,1.9,3.3,3.8,2.1,5.7,5.5,2.3,4.0,2.9,3.2,1.2,6.2,3.4,5.3,8.2,4.3,5.2,3.7,7.9,4.7,3.4,1.5,4.7,2.8,3.4,-0.2,0.0,-3.0,-2.7,-4.9,-2.5,-1.8,-2.2,-0.9,-0.9,0.0,2.3,0.7,1.0,2.3,-0.1,2.1,-1.0,0.7,1.8,-2.2,0.1,0.7,0.3,6.2,4.3,18.1,-4.3,-3.4,-2.8,3.0,1.5,-8.3,-3.5,-4.2,-8.2,-10.0,-6.5,-6.2,-6.1,-2.3,0.8,2.6,-0.7,1.0,-2.5,-0.4,1.2,3.1,-1.3,-2.0,-1.4,0.1,-3.3,-0.7,7.0,6.8,0.7,-0.2,-2.1,-2.7,-4.9,-0.7,0.7,-2.7,-3.4,-5.4,-3.2,-13.0,-13.3,1.2,1.1,3.1,1.7,3.6,-2.4,0.7,-1.9,-3.0,-4.3,-0.3,3.6,-0.7,2.2,10.8,0.9,-9.4,-2.6,-0.8,3.3,2.1,-1.1,0.3,-1.0
2C7L513CWu,0,48.102269,11.634858,4442810.55,2777870.77,542.6,588.3,237,7456,1.9,0.9,0.44,32.68,348.96,-0.53,-0.103,0.842,-0.2,0.1,0.11,0.15,0.6,0.1,-0.3,0.6,-2.0,-1.2,-0.6,1.5,-1.4,-0.2,0.8,0.6,-1.1,0.2,1.9,-3.3,-0.8,0.7,1.0,1.5,2.1,-0.3,-1.9,-3.2,0.4,0.4,-1.9,-1.6,0.1,0.1,2.2,1.1,0.6,-0.5,-6.9,-8.6,0.3,-5.8,-4.1,-2.1,-0.9,-0.9,-1.8,-1.2,-2.7,-1.9,1.0,-1.6,-0.4,-4.0,1.3,-0.1,-1.1,-3.0,0.5,-2.1,0.3,3.3,0.1,4.1,-2.0,0.2,0.1,-1.6,-2.4,-4.7,-2.4,2.2,0.9,-2.5,2.0,-2.4,-2.6,-0.7,0.5,-2.2,0.5,0.9,-2.0,-1.7,-2.2,-1.9,-2.7,-1.0,-0.4,-0.8,-0.3,-1.9,-3.6,0.1,-2.9,-0.7,-2.5,-3.4,-2.8,0.8,-4.6,-3.3,-3.4,-1.6,0.8,-0.7,-4.0,-1.9,-2.8,-0.4,-0.9,-0.7,1.3,-2.8,-0.5,-1.6,-1.3,-2.7,-4.0,-2.0,-3.7,-2.0,0.5,0.2,-2.4,-3.0,-2.0,-3.4,-1.6,-2.9,-5.5,-5.4,0.4,-1.0,-2.7,-4.1,1.4,4.4,-1.1,-2.8,-0.4,-4.6,-2.5,-3.0,-0.9,-3.4,0.8,0.4,-1.5,-1.0,-2.8,-0.4,-1.1,-2.7,-2.0,-2.2,-3.1,-3.7,-1.1,-0.7,-0.8,0.7,-0.4,0.0,-0.2,-0.7,-1.4,-1.9,-2.3,-1.0,-4.9,-2.8,-1.9,-3.1,-4.0,-1.2,-4.5,-1.5,-1.0,-3.4,-3.7,-0.2,-0.6,0.5,-1.3,-3.8,-1.0,-1.8,0.6,0.9,1.7,0.8,0.9,-3.8,-2.0,-4.1,-1.2,2.1,-1.2,3.0,-3.6,-4.3,-2.2,-3.5,-6.7,-3.2,-1.9,-5.9,-7.1,-1.6,-2.7,-0.1,-1.7,-1.0,-2.4
2C7L513CWv,0,48.102284,11.634977,4442819.43,2777872.66,545.7,591.3,237,7457,2.2,0.88,0.38,32.68,348.96,-0.53,-0.103,0.842,-0.3,0.1,0.11,0.17,0.3,0.1,-0.3,-0.3,-0.9,-2.2,-0.9,2.0,-0.6,-0.3,1.3,1.7,1.9,1.2,2.5,-3.7,-1.6,-2.6,-1.2,-0.1,-5.5,-0.6,-0.5,4.1,-2.7,2.2,-0.4,-1.0,-3.4,3.6,2.2,1.1,-2.4,-1.3,-7.6,-4.0,-6.7,-7.7,-5.0,-0.1,-0.5,-0.4,-1.9,0.6,1.6,0.5,-2.5,4.9,-1.8,0.1,-1.4,-2.0,-1.4,-1.2,-0.6,-0.5,-1.9,-3.1,-1.2,-1.6,-0.8,0.3,-2.1,-2.9,-2.1,-2.2,-2.8,-7.3,1.1,-3.2,5.6,-4.8,-1.4,0.0,1.1,-0.7,0.5,-4.6,-4.1,-3.0,-2.2,-1.2,-4.4,-1.0,2.4,-0.0,3.1,-0.1,5.0,0.2,-1.0,-2.6,-2.2,-1.9,-2.4,-3.0,-6.3,-1.8,-2.6,-1.5,-2.6,-0.3,-2.6,-3.2,-4.8,-3.8,-0.9,-2.7,-2.7,-1.0,-1.0,-2.5,-0.3,-2.4,-1.3,-0.6,-0.6,-1.4,0.3,-1.6,-1.6,-1.8,-3.8,-1.7,-1.8,-2.1,-3.1,-4.4,-4.0,-0.2,-2.5,-1.4,-4.4,0.8,-1.2,-2.4,-1.2,-4.8,-4.7,-2.1,-1.2,-1.3,1.1,2.8,-1.3,-2.3,-2.6,-1.1,-1.1,-5.0,-0.4,-0.8,0.3,-2.0,-2.1,-1.6,-1.4,-2.8,-1.9,-1.6,-1.6,-1.8,-4.3,-0.8,-1.9,-2.3,-5.4,-4.1,0.2,-3.8,-2.6,-0.4,-4.3,-0.8,-2.7,-3.8,-1.4,-0.7,0.6,-1.6,-0.0,4.0,-2.7,-3.4,-1.0,-4.6,1.2,-3.9,-3.4,-1.5,1.7,-1.6,-3.9,-4.0,-0.4,5.7,-2.7,-4.1,-4.1,-2.6,-7.7,-1.5,-1.7,-2.0,-4.3,-1.4,-3.7,-3.3,-3.3,-3.0,-3.1
2C7L513CXC,0,48.102409,11.635951,4442891.67,2777888.16,546.6,592.3,237,7474,2.5,0.8,0.37,32.68,348.96,-0.53,-0.103,0.842,-1.0,0.1,-1.4,0.2,0.5,0.2,-0.3,1.2,1.6,1.2,1.3,-0.1,-0.3,2.2,-0.4,0.9,-0.7,1.9,0.2,2.6,1.3,2.8,0.9,1.6,1.7,0.6,-0.7,-0.9,0.6,5.9,4.8,2.8,4.3,1.5,4.8,6.4,2.2,6.8,-1.0,-1.7,-1.5,-3.0,2.9,2.5,2.1,2.6,2.9,0.9,4.4,1.6,4.1,1.4,0.8,3.2,5.6,4.6,4.4,0.2,-1.3,3.0,3.2,3.3,2.2,4.4,3.3,3.8,3.9,3.4,3.9,3.3,4.7,2.7,2.5,4.6,-2.5,3.2,5.6,1.4,2.3,2.3,2.5,4.6,5.2,4.2,3.7,3.2,5.7,3.5,4.6,2.1,3.9,3.9,4.0,6.3,6.2,4.7,4.1,4.0,4.7,0.8,1.9,4.7,4.5,7.4,7.7,7.5,3.8,4.3,5.5,4.9,8.0,6.6,3.3,5.3,4.0,1.8,7.9,5.7,5.0,5.7,7.1,5.3,4.5,-0.0,2.2,2.6,4.3,1.2,5.8,6.7,6.9,5.7,6.8,3.5,3.9,3.8,2.6,3.9,4.2,4.0,3.7,3.8,2.6,0.5,5.2,6.8,5.5,1.1,1.1,0.4,0.7,3.1,3.6,8.6,2.8,8.0,0.1,9.0,-4.8,0.0,-1.3,-1.7,-3.2,-2.7,-2.6,-6.4,-0.1,-1.6,-4.6,-0.8,-9.4,-8.6,6.7,1.5,0.2,-2.9,0.3,-2.0,-2.8,-4.6,1.9,3.3,1.2,-1.2,-1.0,6.6,-0.9,-2.4,-1.5,-2.0,-1.8,-4.2,-4.2,0.3,-0.8,-1.3,-1.0,-1.3,-0.9,-1.3,-2.8,-1.7,-2.3,-3.0,-1.7,-1.1,-2.0,-0.6,1.5,-2.4,2.8,0.9,-2.7,-1.8,-2.7
2C7L513CXG,0,48.102408,11.635946,4442891.33,2777888.11,533.8,579.4,237,7478,3.0,0.74,0.45,32.68,348.96,-0.53,-0.103,0.842,0.0,0.2,-1.19,0.23,2.2,0.2,-0.3,3.4,0.9,3.3,0.8,1.7,-0.1,2.1,1.4,1.5,-5.1,1.6,1.5,0.1,0.4,2.0,-0.2,-3.7,-5.0,-2.9,-13.7,-1.0,-2.0,2.6,-2.3,0.7,-9.9,4.8,10.5,0.2,-5.0,3.8,-10.2,-8.2,-4.2,-6.1,-7.2,-6.1,-8.6,-2.6,-1.6,0.1,-0.2,-2.1,-1.3,-3.0,-8.9,-2.0,-2.0,-0.6,-2.0,1.1,-0.7,-0.2,-0.4,-1.1,0.7,0.3,0.9,1.8,0.9,1.7,1.4,-0.4,5.9,0.6,0.0,-1.5,-3.4,0.3,1.8,-2.7,2.3,0.6,0.4,0.3,0.7,3.0,1.3,2.3,0.9,2.2,2.1,2.6,0.8,0.6,-0.5,-1.6,-3.5,3.4,0.1,-3.9,4.9,-2.8,-5.8,-2.2,-2.4,-3.6,0.0,1.1,-0.7,0.4,-0.4,-2.2,0.6,-0.8,-2.0,-1.6,-1.3,-1.4,2.0,0.6,2.8,0.2,0.9,0.8,1.9,0.6,1.3,3.2,0.4,2.6,4.8,3.2,5.2,3.3,3.6,-3.4,1.6,0.5,-0.8,-2.4,-2.8,-7.1,-3.4,-7.7,-5.8,3.7,-2.2,0.4,-0.6,-5.5,-5.4,-3.6,0.4,2.4,3.0,2.4,3.6,1.5,2.0,4.1,3.9,2.7,4.2,6.5,2.5,5.4,6.4,5.4,7.2,-4.8,-5.9,7.5,2.1,6.0,-1.5,-2.1,-2.0,1.9,-0.0,-0.9,-8.3,-2.9,2.9,2.4,2.1,-0.5,-0.1,-3.6,0.9,1.5,-0.7,2.2,1.6,0.8,-0.5,0.6,1.0,-1.5,-0.3,-3.3,-2.7,-4.8,-9.3,-4.2,-3.5,-4.5,-4.2,-1.2,-6.3,-3.6,-2.0,-5.3,-3.9,-3.6,-4.0,-4.0,-1.6
2C7L513CXf,0,48.102614,11.637546,4443009.97,2777913.54,543.3,589.0,237,7503,2.7,0.85,0.4,32.69,348.96,-0.53,-0.103,0.842,-0.5,0.1,0.02,0.2,0.2,0.2,-0.3,-0.7,0.3,-0.3,-2.0,-1.4,-0.7,-0.9,0.6,-0.8,1.5,1.4,1.0,-4.0,-0.2,0.2,1.6,-2.1,-2.6,-0.5,-2.7,0.1,-1.1,1.9,2.2,1.7,1.6,0.9,-13.7,1.9,1.0,3.8,-3.0,-2.5,-7.3,-10.8,5.3,-2.0,0.8,2.4,3.5,3.1,3.5,-0.8,-5.4,-7.6,-7.2,1.5,-2.3,-0.8,1.0,-1.6,0.5,-0.7,0.1,1.4,-1.0,0.9,0.5,1.5,0.0,-1.5,-1.7,-2.0,-4.9,-4.8,0.0,-0.6,-3.9,-2.6,-1.4,-2.2,-2.4,-3.5,-0.4,-1.2,0.3,-0.3,-0.2,-0.4,-0.5,-2.6,2.9,-0.5,0.3,-0.9,-7.3,0.5,-0.2,-1.5,0.2,-1.7,-0.8,-3.0,-6.2,-4.0,-4.0,-1.9,-1.4,0.4,-3.5,-5.5,-3.3,-3.6,-4.7,-3.5,-1.8,-1.4,-1.8,-4.4,-1.2,-2.7,-1.5,-2.0,-1.3,-1.5,-1.4,0.8,-0.7,-2.2,-1.7,-1.6,-1.7,-0.2,-0.9,-0.5,2.3,-1.4,-2.4,-3.2,-1.5,-0.8,-1.9,0.9,3.5,-14.5,-10.2,-0.1,-1.0,-2.7,0.2,2.5,-3.1,-3.4,-2.6,-1.3,-1.9,-1.3,-0.7,-2.5,-3.9,-1.4,-2.7,-1.8,-1.3,-3.8,-1.3,-1.6,-3.1,-1.7,3.3,-5.4,-3.7,-1.1,-4.0,-0.6,1.3,3.3,-3.1,-3.1,-2.2,-3.3,-2.4,-2.2,-3.2,-2.3,-3.2,-1.2,-2.1,-5.2,-0.8,-1.4,-2.5,-3.0,-1.6,-0.7,-3.2,-3.9,-1.4,-5.5,-3.9,-6.3,-9.6,-6.8,-1.9,1.2,2.3,-1.9,-1.8,-4.3,-3.9,-0.6,-2.3,-4.5,-3.4,-4.0,-2.8,-6.4,-4.3
2C7L513CY2,0,48.102774,11.638794,4443102.56,2777933.41,540.4,586.0,237,7526,3.5,0.72,0.46,32.7,348.96,-0.53,-0.103,0.842,-0.3,0.2,0.41,0.27,1.7,0.2,-0.3,-0.5,-2.0,-0.2,0.1,0.0,0.3,-0.6,4.3,-4.5,0.6,-0.2,0.7,-4.1,0.3,8.4,5.0,-1.2,-2.8,-5.4,-1.9,-4.9,-4.7,-0.3,-2.2,-0.7,-2.9,-0.2,-0.4,-1.8,0.1,3.1,-7.4,-6.0,-8.4,-7.9,-6.3,2.4,-4.1,-0.7,-0.6,-2.6,-1.1,-3.5,-5.3,-5.5,-7.4,-5.1,-7.6,-7.0,-1.2,-4.5,-1.0,-2.1,-1.6,-1.3,-1.1,-0.9,-0.4,-2.9,-0.9,-4.0,-1.9,-2.8,-8.2,-11.3,-5.3,-5.4,-5.1,-5.1,1.0,-3.9,-4.5,-5.3,0.3,0.7,-1.6,1.8,1.2,-2.4,-2.1,-5.3,-0.8,-2.3,-2.6,-2.6,-6.2,-4.9,-5.2,-8.0,-6.2,-4.5,-9.9,-3.1,-6.3,-3.1,-5.3,-5.2,-1.4,-2.7,-8.8,-4.3,-4.0,-2.0,-3.2,-6.4,-6.7,-4.5,-1.8,-4.2,-4.1,-4.7,-4.3,-4.1,-6.7,-3.1,0.0,-2.6,1.5,-5.5,-4.1,-0.1,-4.0,-2.2,-0.2,-4.7,-0.0,-1.0,-3.9,-1.8,-4.8,-2.4,-8.7,0.9,-0.8,-8.3,-4.5,-2.0,-2.4,-2.0,-1.7,-7.0,-1.5,-5.5,-1.7,0.2,0.8,3.4,2.2,1.7,-1.9,-1.7,12.0,2.3,5.0,-0.7,0.6,-2.7,-3.5,-4.7,-4.7,-3.3,-5.7,-6.3,-8.2,-8.3,-2.0,-9.2,-5.0,-6.2,-8.5,-6.3,-6.9,-4.8,-3.3,-6.2,9.0,-5.8,-11.0,-8.2,-8.1,-3.7,-3.6,-2.8,-5.8,-2.4,0.7,-4.9,-4.9,-9.0,-3.6,-18.1,-5.3,-11.9,-4.9,-0.1,-6.8,-2.2,-10.5,5.9,-4.0,-10.4,2.6,3.2,1.5,0.0,-0.8,1.3,2.8
2C7L513CUW,0,48.101205,11.626427,4442185.09,2777738.67,542.7,588.4,237,7308,2.3,0.88,0.26,32.64,348.96,-0.529,-0.103,0.842,-0.4,0.1,-0.09,0.18,1.3,0.2,-0.3,1.1,0.3,0.4,-1.6,-1.4,-0.4,0.1,0.8,0.9,-10.3,1.2,-1.0,1.4,-0.2,-0.3,-1.6,-2.4,-2.1,-2.1,0.8,0.9,0.3,0.9,0.9,2.9,1.2,4.2,2.4,-0.0,-1.1,-6.2,-3.2,-2.3,-0.6,1.0,-0.4,1.5,0.8,3.4,3.2,2.7,2.4,2.4,1.6,0.1,1.6,0.4,-0.1,2.5,1.4,1.7,2.3,-0.8,1.2,-0.3,-0.2,-1.2,-1.3,-1.6,-1.3,-0.2,-1.8,-12.9,-1.4,0.0,0.0,-0.7,-2.7,-0.6,-0.2,-1.1,-0.9,-0.6,-1.0,-2.3,-0.9,-0.5,-0.1,-0.0,-2.5,-1.8,-1.0,1.2,0.3,-0.2,-0.4,-0.2,-1.8,-0.8,-0.2,-1.4,2.3,-0.9,1.8,-0.3,1.6,0.6,1.5,0.6,3.3,2.1,-0.7,3.7,2.3,1.6,1.3,2.2,1.4,0.0,0.5,-0.6,0.2,-0.5,-0.3,0.4,0.9,10.9,-1.4,-1.2,-0.2,-14.3,-1.7,-3.3,-2.5,-1.4,-0.9,-1.5,-1.4,-3.0,-3.1,-0.4,1.1,1.4,0.9,-1.0,-1.9,-0.3,1.1,2.7,2.9,3.1,-1.1,-1.7,-1.8,-1.6,0.9,-8.8,-0.5,-0.7,-0.4,4.4,-4.2,-3.0,-2.1,-2.5,-2.3,-2.4,-2.0,-0.3,-1.2,-2.5,-2.3,1.9,-3.6,-1.6,2.4,-0.0,-3.5,0.1,0.4,-0.4,-1.1,-3.4,-1.3,-0.4,9.5,0.5,-1.2,-0.9,-0.2,-1.8,-2.3,-4.1,-2.4,-0.9,-1.6,-2.0,-0.9,-1.8,-4.4,-2.8,-1.9,-1.1,-1.3,-1.0,-0.8,-1.7,-0.0,-3.0,-0.7,-2.9,-0.6,-0.9,-1.3,-1.7,-2.3,-3.3,-1.8
2C7L513CUs,0,48.101341,11.627492,4442264.07,2777755.63,533.2,578.9,237,7330,2.4,0.87,0.36,32.65,348.96,-0.529,-0.103,0.842,-0.4,0.1,-0.12,0.19,1.0,0.2,-0.3,-1.8,-1.4,-1.4,-2.4,-1.1,0.8,-2.4,1.4,-0.8,-5.4,2.0,0.4,1.9,-0.5,-0.7,-2.1,-2.9,-1.3,-3.2,0.1,0.8,-2.5,-1.7,2.2,-1.6,0.2,-1.2,-1.3,-0.3,-4.9,-7.0,-6.9,-9.9,-10.0,-10.7,-3.8,2.2,0.5,-0.5,-3.6,0.0,3.2,-2.9,-2.9,-1.5,-1.0,-0.2,0.5,-1.6,3.4,-0.1,-0.1,-0.2,-2.7,-1.0,-1.2,-0.5,-2.5,-0.8,-3.9,-2.4,-2.0,-2.6,-3.7,2.0,0.8,-2.8,-2.8,-3.4,-5.1,-7.3,-5.3,-4.1,-3.7,-5.2,-4.4,-4.5,-3.8,-2.2,-2.8,-4.9,-6.8,-5.1,-2.1,-1.9,-4.6,-4.3,-2.0,-3.1,-0.2,-2.3,-0.3,-0.7,-1.9,-2.0,-3.0,-1.6,-1.9,-2.5,-4.0,-1.9,-3.6,-3.1,-1.8,-2.6,-0.6,-1.9,-2.0,-2.9,-1.6,-3.9,-1.1,-2.4,-2.5,1.7,-3.6,-1.0,-1.7,-1.1,-0.5,-3.0,-0.6,0.5,-4.8,-0.9,-2.0,-0.7,-1.6,-1.0,-2.5,-6.4,-3.1,-3.4,-7.1,-4.6,-3.8,-10.7,-3.3,2.5,0.7,-1.9,-1.4,-1.9,0.3,-1.3,-1.1,13.7,-3.1,-1.0,-0.4,-0.2,-4.0,-1.2,-3.6,-3.8,-0.1,-4.6,-2.8,-1.0,-0.0,-5.9,-2.6,-2.6,-6.1,-2.9,-1.2,-2.4,-4.5,0.7,-3.0,-2.7,-5.1,-8.0,-3.3,-1.7,-4.0,-1.3,-3.4,-1.1,-3.1,-4.7,-3.5,-3.0,-2.0,-2.2,-1.3,-0.4,-3.0,-3.7,-6.3,-7.4,-3.6,0.2,-5.2,-3.6,-5.2,-5.5,-3.9,-3.5,-4.5,-3.3,-3.5,-1.7,-3.3,-4.3,-2.7,-5.5,-3.3
2C7L513CUz,0,48.101339,11.627471,4442262.52,2777755.34,513.5,559.2,237,7337,4.1,0.67,0.46,32.65,348.96,-0.53,-0.103,0.842,-0.3,0.2,-0.35,0.31,1.4,0.3,-0.3,-2.6,-0.7,-1.4,2.5,-2.6,-1.8,2.6,-5.5,1.8,13.2,-1.3,-0.7,-4.7,-2.2,-7.9,-3.1,-1.1,-2.9,-2.2,4.9,-2.7,-0.7,-6.3,-2.0,3.8,6.3,-0.1,-0.3,4.6,-7.0,-14.0,-2.9,-6.3,-5.8,-6.6,-4.3,-6.3,0.5,6.4,3.0,-4.3,-1.0,0.9,5.9,-1.5,1.2,-0.0,-1.7,5.1,-3.4,2.6,-4.7,-1.1,-0.3,-2.1,0.8,-4.7,1.7,-0.6,-0.8,0.0,-2.2,-10.7,4.9,-10.5,0.8,-0.3,-7.9,-0.2,1.3,-6.8,3.3,5.7,10.4,3.6,-1.5,-1.8,-4.0,-3.1,3.7,-2.3,-1.7,-3.9,-3.2,-3.0,0.2,-2.7,-2.3,-3.9,-4.0,-13.6,-12.2,2.7,-5.0,-3.4,-4.8,-11.2,-0.1,-0.5,-3.4,2.6,-2.5,-2.0,-2.8,-1.7,-1.5,-2.1,2.9,-3.3,-3.5,-3.0,-2.0,-4.9,-1.6,-3.1,-0.5,-10.8,-1.0,-0.4,-1.6,4.0,-0.3,-0.0,0.3,-0.3,2.3,-3.2,-1.0,-2.3,0.6,0.2,2.0,-1.3,1.0,-6.1,-0.9,-4.3,0.8,-2.3,0.3,0.1,-4.7,-11.9,-4.7,11.9,-2.6,5.5,1.3,1.3,1.9,-7.5,1.9,1.4,2.8,-1.1,1.4,2.2,-8.7,0.5,0.1,-3.7,-3.2,1.7,-4.8,-4.9,2.2,-3.3,-4.6,-2.0,-1.5,-1.0,-5.0,-7.6,-0.4,-3.1,-8.0,-10.0,1.5,0.1,-0.5,5.6,-2.8,0.4,-0.4,6.8,-3.8,-2.8,-1.7,0.3,-1.4,-7.3,-12.6,-4.2,-12.3,-3.6,-15.9,-0.8,-6.0,-0.6,-3.6,-3.8,-3.6,-2.6,-0.8,0.4,-5.3,-3.5,0.7
2C7L513CVV,0,48.101631,11.629743,4442431.07,2777791.45,533.7,579.4,237,7369,3.2,0.79,0.42,32.66,348.96,-0.53,-0.103,0.842,-0.4,0.2,-0.44,0.24,1.1,0.2,-0.3,0.5,-0.0,-0.4,-0.2,1.3,-1.2,1.9,3.9,0.7,-2.5,3.1,-0.8,2.5,3.2,0.1,-0.3,-0.8,0.5,2.4,0.9,1.1,1.7,3.0,5.3,4.4,-2.3,0.6,-1.9,-0.6,0.7,-2.7,-0.7,-1.7,1.3,0.1,-0.3,1.1,1.5,5.5,1.7,0.8,3.1,0.6,-1.2,1.1,2.4,2.1,4.0,2.6,1.7,5.6,2.4,1.2,2.3,1.7,-1.6,2.8,-1.8,0.8,-0.6,0.1,-0.6,-4.6,0.4,3.6,0.9,2.8,4.5,1.2,1.3,1.1,1.4,1.6,4.7,-0.2,-0.3,-0.2,1.1,-0.1,1.4,-1.6,-2.6,-0.7,-0.5,-0.2,2.3,3.9,4.0,1.8,4.3,0.6,2.0,1.4,2.3,2.0,-1.9,4.6,4.7,6.0,-1.3,5.9,5.2,0.7,5.4,1.2,-0.9,4.8,1.9,5.1,3.4,-2.3,-0.1,-0.3,-0.3,1.5,-0.5,0.8,-0.9,-3.1,-0.1,5.7,7.1,7.6,-7.1,2.5,5.3,2.1,-1.7,0.1,-0.0,-1.2,-10.2,3.0,4.9,-0.1,5.7,4.1,4.9,4.6,15.7,0.3,1.3,5.6,0.5,-0.1,3.5,-2.8,0.6,0.1,-0.8,-0.0,-5.8,-1.5,-4.0,-3.6,-3.0,0.4,0.6,-0.4,5.5,2.3,2.3,13.9,2.1,0.8,3.5,-7.8,-1.1,-3.0,2.1,3.5,0.6,-5.6,0.9,-3.3,-3.2,-0.8,-2.8,-4.3,-3.8,-4.4,-2.0,0.7,1.9,2.3,-0.1,0.4,0.1,-3.3,-9.4,-1.4,-0.1,11.9,4.9,3.3,-1.7,9.7,-2.8,1.2,-4.2,1.1,1.8,0.3,0.5,-0.7,-3.0,-4.6,-5.2
2C7L513CVj,0,48.101726,11.630483,4442486.0,2777803.24,532.5,578.2,237,7383,2.8,0.73,0.39,32.66,348.96,-0.53,-0.103,0.842,-0.4,0.1,-0.41,0.22,3.1,0.2,-0.3,-1.6,-4.0,2.5,-0.6,0.4,-0.2,0.9,0.2,0.7,2.1,-2.4,0.7,-7.8,-1.7,3.6,-0.4,4.2,-4.9,-2.2,-3.0,-6.3,-3.5,-3.8,-3.2,-6.6,-4.0,0.9,-0.7,-1.6,-6.6,-6.9,-7.9,-5.9,-5.4,-6.3,-4.7,-2.6,-6.0,-2.6,-5.0,-0.2,-1.1,-3.4,-3.1,-1.7,-3.6,-4.5,-3.5,-2.5,4.1,1.7,3.1,-0.3,-0.4,-2.6,-1.5,-3.5,0.4,-3.8,-1.0,-2.9,0.4,2.6,-0.3,-3.5,3.3,0.3,1.9,-2.1,-0.8,0.2,-3.1,0.1,-1.1,-0.4,-0.4,-3.1,-0.8,-1.1,-0.0,-1.8,-5.0,-2.1,-3.9,-4.1,-6.2,-3.7,-3.7,-3.8,-4.2,-3.7,-5.6,-5.1,-4.6,-7.1,-3.5,-4.2,-2.1,-5.4,-2.8,-3.0,-4.7,-7.1,-2.3,-4.7,-2.7,-3.8,-1.5,-0.1,2.5,3.3,0.4,-0.2,1.7,2.5,0.0,-1.0,-0.2,0.2,-0.4,0.3,-3.6,1.3,-1.6,-0.2,-0.4,-1.2,-0.2,-5.1,-7.4,-5.1,-4.8,-2.8,-6.4,-8.1,-8.1,-6.5,-5.9,-1.4,-4.0,-7.0,-3.4,-0.1,-2.6,0.8,1.0,6.2,-0.9,-1.0,5.2,1.2,-3.2,-6.9,12.0,-2.7,0.6,2.8,-2.8,-1.1,-6.1,-8.6,-6.3,-5.6,-4.7,-7.5,-2.8,-4.0,-10.9,-10.9,-7.1,-9.3,-7.1,-9.8,-4.0,-4.5,-10.8,-1.2,0.4,-0.4,2.6,6.3,0.3,2.4,0.9,0.2,0.8,-6.7,-5.9,-5.5,-10.1,-7.9,-5.6,-1.0,-8.1,-7.0,-7.8,-7.1,-7.8,-6.5,-9.9,-8.5,-3.4,2.5,-1.2,4.9,0.6,-3.8,-9.6
2C7L513CVm,0,48.101795,11.631025,4442526.16,2777811.82,549.3,595.0,237,7386,3.9,0.65,0.52,32.66,348.96,-0.53,-0.103,0.842,-0.5,0.2,0.32,0.3,3.3,0.3,-0.3,-1.4,-1.0,1.0,0.0,1.5,-1.2,-0.1,-0.7,-0.6,-0.8,-0.1,0.2,-0.9,-4.7,-5.6,-6.3,-5.6,-5.9,-8.0,-6.9,-6.8,-6.8,-4.9,-7.0,-5.8,-4.5,-5.7,-5.6,-2.0,-9.9,-7.3,-8.7,-13.7,-11.1,-11.3,-7.4,-11.1,-2.9,-4.4,-4.4,-1.6,-4.3,-1.6,-8.5,-5.4,-3.7,-5.5,-3.4,-3.2,-1.8,-1.4,0.2,-0.3,-0.7,-0.9,-3.4,-0.9,-2.6,0.2,-0.9,-1.5,-4.7,-6.0,-1.4,-4.3,-2.0,-2.6,-6.4,-0.6,-1.6,-1.9,-2.1,2.5,-2.1,-0.4,-13.1,-8.7,-6.3,-4.8,-7.2,-4.3,-7.6,-3.3,-1.7,-2.5,-6.3,-9.4,-6.2,-8.9,-25.1,1.0,-7.0,-7.8,-13.2,-8.4,0.5,-3.9,-10.3,-12.1,-7.9,-5.6,-6.1,-6.2,-4.8,-5.7,-6.0,-4.0,-4.2,-5.7,-6.4,-5.8,-3.6,-4.2,-3.1,-1.8,-1.5,-2.0,-2.4,-1.1,-1.3,2.4,-0.9,-2.7,-2.7,-6.2,-5.9,-4.9,-12.0,-9.9,-6.4,-12.2,-7.6,-5.8,-10.6,-6.2,-6.4,-11.3,-13.3,-8.2,-2.1,-3.5,-2.7,-4.1,-4.5,-4.0,-2.7,-18.5,-2.7,-3.4,-3.8,-3.9,-4.0,-4.8,-4.6,-5.1,-6.5,-3.6,-2.7,-6.2,-1.8,-9.0,-10.1,-11.8,-12.7,-20.7,1.6,-3.1,-15.0,-0.2,0.8,0.0,-9.7,-8.2,-5.8,-3.1,-9.1,-3.8,-3.0,5.8,-1.9,-1.9,0.4,-2.8,-0.9,-0.9,-20.2,-3.6,-3.1,-19.3,0.3,-8.1,-20.1,-12.1,-0.7,-14.2,-9.8,-8.3,-3.6,-18.9,-1.1,-4.5,-4.0,-2.6,-2.3,0.3,-4.7,-3.4,-6.6
2C7L513CVn,0,48.101784,11.63094,4442519.86,2777810.48,542.4,588.1,237,7387,3.9,0.51,0.4,32.66,348.96,-0.53,-0.103,0.842,-1.1,0.2,0.33,0.3,4.7,0.3,-0.3,-1.5,-0.1,-0.5,-0.1,-0.9,-1.2,0.2,-1.7,-0.5,-0.7,-0.8,-1.7,-2.0,-3.0,-6.2,-7.5,-8.8,-8.2,-8.3,-6.1,-6.8,-8.1,-5.6,-8.6,-5.4,-5.9,-7.5,-8.2,-6.8,-9.8,-15.5,-11.1,-12.2,-10.2,-11.2,-9.8,-13.1,-12.4,-7.9,-11.0,-8.4,-8.1,-12.4,-11.9,-11.1,-7.1,-10.3,-6.5,-4.3,-3.5,-1.0,-2.7,-1.4,-4.3,-1.6,-3.6,-3.8,-6.1,-0.5,-1.5,-0.5,-5.1,-7.5,-4.3,-10.0,-2.3,-4.2,-7.1,-2.8,-3.4,-5.1,-2.8,4.9,-2.5,-6.3,-13.1,-11.7,-8.7,-8.7,-11.0,-9.3,-11.1,-8.6,-4.2,-8.9,-11.3,-10.8,-11.9,-14.4,-15.7,-16.1,-12.1,-14.9,-15.3,-12.7,-12.9,-10.5,-13.0,-13.3,-10.6,-9.2,-9.2,-10.0,-9.8,-8.9,-10.0,-12.2,-9.5,-11.2,-10.0,-10.3,-9.1,-8.8,-6.6,-6.6,-3.9,-3.0,-5.9,-2.3,-6.3,5.5,-8.0,-11.2,-5.7,-7.0,-8.6,-12.2,-10.1,-10.8,-9.2,-16.7,-11.3,-10.3,-13.0,-15.2,-16.4,-14.6,-14.2,-12.9,-7.1,-2.0,-4.8,-7.0,-5.8,-6.3,-5.2,-17.1,-3.3,-4.3,-3.9,-5.1,-9.8,-5.4,-7.7,-7.0,-9.5,-9.4,-5.1,-6.3,-7.5,-12.3,-10.8,-13.8,-15.3,-15.9,-15.2,-7.3,-18.8,-3.0,-18.8,-18.7,-13.4,-16.3,-3.8,-2.8,-19.6,0.1,-3.4,-20.3,-3.0,-1.4,2.4,4.8,3.6,-1.7,-14.8,-13.1,-12.9,-15.2,-21.1,-7.8,-14.8,-14.6,-18.3,-17.6,-15.3,-12.6,-16.1,-17.5,-28.8,-6.0,-6.2,-6.1,-10.1,-18.8,-7.4,-3.5,-7.9
2C7L513CW1,0,48.101857,11.631503,4442561.61,2777819.46,533.2,578.9,237,7401,3.4,0.75,0.43,32.67,348.96,-0.53,-0.103,0.842,-0.5,0.2,-0.41,0.26,0.6,0.2,-0.3,0.1,-0.9,-0.2,2.7,-0.4,0.9,-0.0,-2.9,0.4,6.6,0.8,-1.5,2.5,2.7,2.6,5.1,3.0,2.9,-0.3,-1.0,-4.7,-1.9,-0.9,7.6,-3.3,4.0,-3.6,4.0,-5.8,2.4,6.8,-1.3,-6.5,-4.7,-3.6,-1.6,5.9,-0.9,-3.1,1.1,0.0,-0.2,2.4,3.1,-2.0,0.2,0.8,-2.1,-2.8,-3.6,-2.8,2.6,-0.2,-3.0,-4.2,2.0,-2.9,-0.2,-0.4,-0.4,-0.6,-0.6,-8.7,-4.1,-5.2,4.0,-4.3,-0.9,-0.1,-2.1,4.0,-1.6,0.8,-2.9,-0.2,1.3,0.4,2.7,1.8,5.5,-7.9,-0.3,-3.0,3.2,-1.5,3.0,0.1,3.5,-2.1,0.5,2.7,-0.4,-1.1,-1.0,-1.5,-0.9,4.2,1.1,-1.1,4.0,2.8,1.0,2.0,6.0,-0.3,-1.2,-0.3,10.2,13.3,-1.3,6.3,-7.3,6.8,5.1,4.5,2.2,5.9,7.2,5.6,0.5,0.5,-3.0,-1.7,-1.4,-2.5,-1.7,-0.6,1.3,3.6,-6.9,-4.7,3.9,4.4,3.4,-3.1,-0.1,-5.0,0.1,1.6,1.2,2.0,1.8,-1.5,0.3,-0.0,-1.8,1.9,-4.5,-3.6,-0.3,-4.2,-3.6,-1.0,-3.7,-4.1,0.2,-1.7,-0.1,-0.7,3.5,2.3,-6.4,-0.9,-5.8,-6.0,0.7,-1.6,0.3,1.6,2.5,0.1,-2.1,-3.7,-1.3,-2.8,0.2,0.2,-0.3,-3.4,3.7,-3.7,-9.7,-1.1,-2.2,-4.1,-3.1,-2.5,1.1,2.0,-2.4,-6.6,3.7,-0.7,-1.2,1.6,-3.2,-2.5,-7.5,1.8,-3.1,-1.9,-1.5,-1.6,7.9,-6.8,-6.8,-0.3,-4.3
2C7L513CWI,0,48.102007,11.632674,4442648.5,2777838.08,541.5,587.2,237,7418,3.4,0.73,0.45,32.67,348.96,-0.53,-0.103,0.842,-0.4,0.2,-0.59,0.26,2.6,0.2,-0.3,-4.0,-3.3,-2.1,-2.3,-1.9,2.3,1.2,-0.7,0.3,4.5,1.2,2.6,1.2,2.1,-0.5,0.6,-0.9,0.5,-2.5,0.8,-7.0,-0.2,0.5,-4.1,-0.4,-1.0,-1.8,-2.1,-5.7,-6.0,-3.9,-7.5,-7.1,-6.4,-8.3,-4.7,-0.5,-9.4,1.6,-9.0,-4.9,-1.3,6.5,-1.3,-0.5,-5.2,12.8,3.5,-2.1,-6.1,4.0,1.5,-2.3,-2.1,2.2,0.2,0.4,4.1,3.8,6.3,4.9,0.3,7.3,2.2,14.9,1.3,-0.7,-9.1,2.7,1.7,0.3,1.3,2.0,0.6,-0.6,0.5,-0.6,-0.8,-0.4,-1.5,-0.1,-0.5,0.2,-3.9,-0.3,0.1,4.1,-2.0,-6.4,-1.6,-1.0,-10.2,2.2,-5.6,-4.5,-6.7,-1.1,0.1,-2.5,-2.9,-6.0,-3.3,-1.2,-0.4,-2.7,-5.6,-1.9,-0.9,-3.3,0.9,1.1,-0.9,2.7,-0.9,1.5,-0.9,3.1,-1.3,4.2,7.6,8.6,1.6,-0.7,-2.2,0.3,1.0,-2.5,-0.8,-3.0,-4.5,-1.0,-5.0,-6.1,-9.1,-3.0,-3.3,1.9,-1.8,3.2,0.9,-3.1,-0.9,0.1,-1.9,0.6,-1.4,-2.1,-3.3,1.5,-1.0,6.7,-0.3,0.2,-2.0,-2.3,2.5,-0.6,0.1,-1.5,0.3,-1.9,-2.7,-2.9,-8.9,-9.0,-2.4,-8.9,-7.3,-4.2,-4.0,1.3,-4.3,-7.3,-4.7,-5.6,-1.7,-0.6,-0.2,-7.5,-1.4,-0.6,2.0,16.4,2.2,-6.3,0.1,-7.2,-1.7,-5.5,-7.2,-5.8,-3.1,2.7,-4.6,-3.5,-0.4,-2.5,-5.2,-1.8,-2.0,-2.7,-4.8,-4.6,-3.0,-1.5,-4.5,-6.1,-2.2
2C7L513CWN,0,48.102076,11.633212,4442688.4,2777846.61,554.1,599.8,237,7423,3.5,0.75,0.43,32.67,348.96,-0.53,-0.103,0.842,-0.5,0.2,-0.4,0.27,0.4,0.2,-0.3,-1.9,1.4,-1.8,-4.4,-2.5,7.4,-3.4,-5.8,-3.7,-2.0,-4.5,10.3,-5.0,1.3,3.9,9.1,5.1,-2.8,0.3,-4.6,-4.2,-2.3,-2.0,-0.1,-5.3,1.5,-3.0,-0.4,-1.9,-0.2,3.5,-5.2,-4.7,-5.6,-12.4,-4.2,3.4,-1.8,3.3,0.4,-0.0,4.1,2.8,1.7,-1.9,-3.7,-0.9,-0.2,-2.0,2.0,-3.5,-0.3,-0.6,-2.8,-2.8,-1.3,1.8,3.7,-2.0,0.7,-0.8,-2.2,0.5,1.5,-0.3,-6.7,-13.2,6.6,-8.5,-4.3,-1.4,-2.0,-5.7,-6.2,-3.1,-1.7,-0.1,0.9,2.3,0.6,-0.6,0.8,-0.7,0.5,-1.0,3.3,-2.4,-3.4,-4.4,-2.4,-1.7,-0.7,0.8,-6.1,-1.0,-5.1,0.8,-1.8,-3.0,-3.9,-1.4,3.8,-2.0,-1.7,-1.6,-0.1,-3.4,0.3,-1.8,-2.1,-0.9,-1.8,-0.3,0.5,1.9,-1.7,1.3,-3.0,-2.9,-5.4,-6.3,-6.4,-2.9,-3.2,-2.9,3.7,-7.0,-1.4,-1.3,-8.6,-1.4,0.2,6.3,-2.3,-3.0,-2.1,-4.1,5.5,1.9,10.6,-2.7,0.8,1.9,0.8,4.0,-5.5,-3.0,-1.2,-0.1,-2.5,-1.6,-6.4,-0.5,-2.9,-1.8,3.8,-3.2,-1.7,-0.3,-1.0,-0.6,-7.6,-2.7,-2.5,-3.1,-0.7,-1.1,-4.4,-3.9,-6.0,-5.5,-3.5,-5.5,-1.6,-1.6,3.5,-3.6,-1.9,10.8,-4.7,-2.1,-2.5,-1.9,-1.8,-5.1,-1.3,-0.4,-2.6,0.7,-9.7,-9.2,1.9,1.9,-2.5,-4.9,-5.0,-5.2,-3.3,-3.6,-5.7,-5.8,-4.7,-5.9,-5.9,-3.6,-0.3,-7.4,-9.0
2C7L513CWO,0,48.102067,11.633143,4442683.34,2777845.54,548.1,593.7,237,7424,2.1,0.89,0.29,32.67,348.96,-0.53,-0.103,0.842,-0.5,0.1,-0.22,0.17,0.5,0.1,-0.3,0.1,0.9,0.6,0.5,1.7,-2.5,0.2,-0.8,0.8,-3.6,0.5,-1.5,0.1,2.1,3.5,4.1,0.8,-0.4,-0.6,-1.0,-0.6,1.3,1.4,1.0,0.1,1.2,0.2,1.3,2.4,1.5,1.0,-4.1,-1.7,-2.6,-4.8,-2.0,4.4,-0.6,3.1,1.2,4.2,7.4,2.2,2.0,0.9,6.1,2.7,3.0,1.7,2.3,0.2,2.5,0.9,1.9,1.1,1.9,1.6,3.2,2.2,1.1,0.9,1.3,10.7,-1.4,-2.0,-3.7,-3.2,-2.3,-1.7,0.4,0.5,0.7,0.3,-0.7,0.4,3.6,2.9,2.8,5.5,0.1,1.5,3.2,2.8,2.0,2.5,0.7,0.8,-1.2,-0.5,0.2,1.7,-0.9,3.1,-1.0,2.0,-0.1,3.1,1.7,3.8,-0.4,2.4,6.0,0.8,3.4,2.1,3.0,1.6,4.1,2.1,1.6,2.9,2.2,3.5,3.0,3.8,2.1,3.2,-0.1,-1.4,-1.9,-2.4,-2.0,-0.0,0.4,1.6,1.1,-0.3,2.4,0.1,-4.9,2.1,-0.5,2.0,0.2,-2.8,-3.1,-1.6,0.4,2.3,3.2,-3.6,0.0,-0.5,-0.1,0.2,-2.3,-1.8,-1.2,-1.6,-1.2,-1.1,-3.2,1.2,1.2,-0.7,1.5,1.1,2.0,2.0,2.3,-1.7,-2.4,-1.3,-0.6,-1.1,1.3,2.1,-3.5,-1.0,1.2,2.0,-2.0,-1.4,-0.4,0.2,2.0,-0.6,-1.2,-9.7,-1.2,-0.7,0.6,-0.9,-0.5,-2.3,1.4,1.6,1.4,-2.5,-3.4,1.5,0.2,-2.3,-0.3,1.7,0.2,-2.4,1.5,-0.3,-0.9,1.4,-2.6,-1.9,0.5,1.4,-0.7,-2.9,0.5
2C7L513CXa,0,48.102632,11.63755,4443010.26,2777915.65,558.2,603.9,237,7498,3.9,0.71,0.46,32.69,348.96,-0.53,-0.103,0.842,1.4,0.2,0.1,0.3,1.2,0.3,-0.3,0.9,-2.9,-0.1,-0.7,-5.5,2.8,-1.7,0.8,-1.1,4.1,-1.1,-1.4,1.0,1.3,1.1,1.2,-1.6,-2.7,-2.2,-3.4,-3.2,-1.1,-0.4,-1.6,-1.3,-0.3,-1.8,-0.3,-0.8,1.1,2.8,-5.8,-3.0,-5.3,-5.2,-3.2,-1.2,-3.0,0.1,1.4,-0.7,1.9,-1.2,-3.7,-1.3,1.0,-0.5,0.4,-0.2,0.7,-0.1,2.7,1.1,1.0,0.7,1.6,1.1,-1.5,0.0,-2.6,0.8,1.5,-3.4,0.2,-0.8,-1.3,-1.5,3.0,1.6,-1.0,3.6,-0.1,3.1,2.1,0.0,-1.9,-0.7,0.4,2.6,-2.6,-1.5,-1.1,3.7,0.8,0.4,-1.6,0.3,-2.6,-3.0,-1.3,-5.4,3.1,0.8,-4.6,1.1,1.2,3.0,0.2,1.0,-1.3,-2.3,-1.4,4.4,3.4,-3.0,1.0,3.6,3.8,1.7,0.4,1.3,7.1,4.6,4.9,3.6,3.8,1.6,4.7,4.7,1.2,3.9,1.7,3.4,1.0,-0.3,-2.3,3.3,-1.9,-6.1,-6.6,3.1,-5.7,7.2,-0.6,-9.3,-3.1,4.7,2.2,6.5,6.2,7.8,4.3,3.4,3.2,3.9,5.2,-0.5,6.2,6.1,4.7,8.2,5.6,3.5,7.6,9.2,4.0,6.8,5.2,6.7,4.6,-9.1,7.1,5.4,2.0,1.8,7.3,8.1,2.4,-2.1,7.7,1.3,4.8,-0.3,2.8,4.0,6.3,4.1,1.1,1.3,2.9,-5.4,4.1,9.4,-7.7,2.5,-4.1,3.7,-6.8,14.3,2.9,16.3,-2.8,2.9,-1.1,4.3,-4.7,18.1,12.2,15.8,17.8,-0.7,17.8,3.6,8.1,10.6,-1.1,2.2,1.7
2C7L513CXb,0,48.102623,11.637475,4443004.7,2777914.47,551.8,597.5,237,7499,2.2,0.86,0.36,32.69,348.96,-0.53,-0.103,0.842,0.4,0.1,-0.86,0.17,0.3,0.1,-0.3,-0.7,-4.0,0.9,-0.4,-3.2,-0.1,-1.4,0.8,-1.4,4.2,0.1,-0.5,3.1,0.9,2.9,4.4,2.3,3.9,1.2,1.9,-0.7,0.9,1.9,1.8,4.8,3.3,0.4,0.9,0.7,2.8,7.1,-2.5,-0.7,-2.2,-2.9,-2.0,0.8,5.6,1.0,5.0,1.4,2.5,3.4,5.0,4.0,1.2,-1.1,1.1,1.1,-0.1,-0.4,1.5,0.7,3.8,0.6,6.2,0.7,-1.5,-0.0,-2.7,0.0,0.7,-1.8,2.1,-0.8,-1.5,-2.0,2.4,-0.8,1.3,2.3,3.5,4.4,1.5,2.8,-3.8,4.7,5.8,10.1,-0.2,5.5,-2.4,1.9,1.5,1.2,1.1,3.7,4.8,4.3,1.3,0.6,1.1,0.6,1.3,1.9,1.1,3.9,5.7,6.0,3.4,2.2,3.7,5.3,5.0,0.8,3.0,4.3,4.4,4.3,4.7,3.5,3.9,3.3,2.9,3.1,3.6,2.9,4.3,5.3,-0.1,4.2,2.6,3.6,3.8,3.6,2.1,3.4,3.2,8.3,4.2,4.6,5.4,5.7,1.5,4.2,-1.4,3.1,2.9,6.2,4.1,5.7,1.7,3.0,1.3,2.9,3.8,0.2,4.4,1.9,7.2,3.2,2.7,4.8,3.4,5.1,2.4,3.2,1.7,1.5,3.1,0.9,0.6,1.5,1.5,0.6,2.9,7.9,0.5,4.6,5.2,8.0,4.6,-0.2,2.7,3.2,5.5,3.4,4.2,0.4,3.4,8.0,4.7,2.1,1.2,2.3,3.7,0.3,1.8,-0.1,4.2,3.3,0.4,1.5,0.1,7.7,4.4,3.2,4.0,1.4,2.2,-0.6,-1.4,-1.3,3.7,0.6,-1.3,2.8,2.4
2C7L513CTt,0,48.100924,11.624095,4442012.03,2777703.62,538.2,583.9,237,7269,3.4,0.78,0.43,32.63,348.96,-0.529,-0.103,0.842,-0.5,0.2,-0.27,0.26,0.7,0.2,-0.3,-1.2,-0.5,0.1,-4.3,-0.0,-0.4,2.2,-0.2,1.5,-0.9,-1.9,-3.2,3.0,-0.5,0.5,0.8,2.6,1.2,6.8,1.5,1.4,-1.6,-1.4,2.2,-0.1,1.3,5.0,13.4,1.9,-1.7,-11.9,-0.8,-4.7,0.3,-4.8,0.5,2.5,2.2,2.1,1.3,4.0,1.4,1.3,3.9,0.7,1.7,1.5,1.8,7.7,0.5,5.7,4.3,6.5,-0.3,0.6,3.0,-5.5,-1.4,-1.2,0.4,1.9,3.4,2.9,-0.2,-3.9,-4.0,-0.2,-1.5,-4.5,-0.0,-4.3,0.1,-1.9,-4.0,2.8,-0.2,4.1,9.2,-13.3,0.6,0.9,1.5,-0.0,3.4,1.1,2.3,1.9,2.3,3.4,2.5,4.0,2.3,-0.2,3.7,-2.5,5.3,3.4,2.4,3.3,3.0,1.1,0.1,-0.1,3.5,-0.2,2.4,-2.0,-1.9,2.2,1.9,-1.3,2.6,4.2,3.8,0.8,-3.4,-4.8,-10.8,-1.3,1.6,1.7,0.4,-1.2,1.6,-0.6,-1.2,-3.1,4.3,-2.9,2.5,-1.2,4.4,-1.1,2.0,-1.3,-1.1,0.8,2.4,0.8,0.8,-3.9,-1.4,-0.7,0.9,-1.3,-3.8,1.3,-0.9,-0.3,-0.0,0.6,-3.0,-4.2,-2.0,-3.7,-1.0,-0.8,0.7,3.0,3.1,0.7,-4.7,1.0,-0.3,-5.5,12.7,-2.5,-13.4,-1.4,-1.2,-0.2,-3.2,-1.3,-1.4,-3.7,0.7,0.5,2.9,3.9,2.1,0.6,-0.1,2.4,2.1,-0.5,0.7,-5.5,0.0,-2.0,1.6,-0.7,2.5,-2.6,-4.3,-0.8,-0.8,-2.8,-5.7,-0.7,1.2,5.2,-2.2,0.4,0.2,-12.9,-6.2,-4.4,-1.7
2C7L513CUY,0,48.101253,11.626659,4442202.24,2777744.41,549.0,594.7,237,7310,1.7,0.86,0.24,32.64,348.96,-0.529,-0.103,0.842,-0.2,0.1,-0.12,0.13,2.6,0.1,-0.3,-1.0,0.8,-1.1,-0.2,0.3,1.6,1.5,2.6,1.2,-4.5,2.6,0.1,1.7,-0.1,-2.0,-1.5,-3.6,-1.8,-2.9,-1.9,-3.2,-2.7,-3.5,-3.3,-2.4,-2.6,-4.7,-1.3,-4.1,-6.7,-9.3,-8.6,-6.6,-6.3,-7.8,-6.8,-5.6,-4.8,-2.0,-4.8,-4.7,-4.6,-5.2,-3.5,-2.7,-4.3,-8.3,-4.2,-3.1,-0.4,-0.8,-1.3,-1.5,-0.9,-0.9,-0.0,-0.5,-0.3,-0.7,-0.8,-1.1,-0.2,-0.5,-1.5,-2.6,-1.2,-0.3,-2.6,0.8,-0.9,0.2,-0.5,-3.3,-1.2,-1.0,-2.2,-2.8,-2.1,-2.1,-4.7,-2.6,-6.1,-4.7,-2.4,-1.5,-3.8,-3.7,-4.4,-6.4,-3.6,-5.1,-5.5,-6.8,-2.6,-6.9,-6.1,-8.1,-5.0,-4.9,-5.6,-4.5,-7.4,-1.4,-3.6,-3.2,-3.6,-5.2,-2.6,-2.8,-3.1,-3.1,-3.3,-2.4,-2.1,-1.7,-3.2,-1.8,-1.6,-0.8,1.7,-2.3,0.4,-0.2,-2.1,0.1,0.8,-0.5,0.0,-1.3,-2.6,-2.8,-1.6,-3.6,-2.3,-6.0,-7.1,-5.4,-4.6,-2.3,-0.6,-2.8,-3.6,-3.1,-2.0,-2.2,-0.8,-1.1,-0.5,-0.0,-0.1,1.1,-3.5,-1.2,0.3,-1.6,-0.8,-2.2,-2.8,-3.5,-4.8,-5.2,-6.8,-5.2,-7.8,-6.0,-0.6,-4.4,-9.4,-4.4,-3.8,-4.1,-7.7,-5.3,-3.3,-3.9,-4.4,-2.9,-1.7,10.5,0.1,-1.2,-0.5,-1.7,-2.4,-2.2,-3.0,-4.5,-4.4,-4.1,-7.5,-5.1,-4.6,-2.4,-6.1,-3.5,-6.2,-5.9,-4.3,-4.7,-6.1,-6.1,-3.9,-2.9,-1.6,-2.2,-2.8,-3.8,-2.0
2C7L513CUZ,0,48.101255,11.626678,4442203.62,2777744.71,547.1,592.8,237,7311,1.9,0.9,0.27,32.64,348.96,-0.529,-0.103,0.842,0.1,0.1,-0.02,0.14,1.4,0.1,-0.3,-0.2,0.1,-0.5,0.4,0.5,2.7,1.6,2.8,3.0,-9.7,4.0,2.4,2.9,0.9,1.1,0.8,-0.9,0.4,-0.9,-0.1,-0.2,-0.4,-1.0,-0.1,0.5,1.3,-1.1,0.9,0.2,-3.2,-7.6,-6.3,-3.4,-2.6,-3.3,-3.9,-1.7,-4.3,0.2,-2.1,-2.9,-3.0,-6.5,-3.4,-5.1,-1.9,-3.8,-3.3,-1.8,-1.4,-0.3,-0.6,-1.5,-1.0,-0.8,-0.8,-0.5,-1.0,-0.6,-2.4,-1.5,-0.4,-1.9,-0.2,-2.1,0.2,0.4,-1.5,-0.2,-1.6,-0.9,-0.3,-1.9,1.3,1.3,1.3,0.6,1.2,1.2,-0.5,-0.4,-1.5,-0.8,0.9,0.6,-0.2,-2.5,-2.7,-2.6,-1.4,-2.2,-2.5,-3.7,-1.1,-3.0,-0.1,-2.9,0.5,-0.9,-2.4,-2.5,-4.4,-0.4,-0.9,-1.2,-0.2,-1.8,-2.4,-0.6,-1.8,-1.0,-1.3,-1.5,2.4,1.5,0.2,0.5,0.4,-0.6,-0.3,-2.0,0.5,-0.8,-1.6,0.4,0.6,-0.5,0.8,-0.5,-1.2,-1.0,0.5,-1.8,0.4,-2.2,-3.6,-3.0,-1.6,0.4,3.0,-2.0,-1.1,-0.1,-0.2,-0.2,-0.9,-4.2,0.9,1.1,-0.2,2.5,-0.4,-0.7,-0.3,-1.2,0.4,1.0,-0.6,1.0,-1.1,-1.4,-2.6,-3.6,-4.3,-3.7,2.5,-2.0,-5.8,-1.0,-2.1,-1.7,-3.5,-2.4,-2.3,-2.2,-5.4,-0.8,-0.6,13.2,1.2,0.1,0.2,0.0,-0.2,-0.8,-0.1,-1.6,-1.1,-0.5,-3.0,-2.3,-1.5,-0.8,-2.0,-2.0,-2.5,-1.9,-0.3,-2.1,-2.5,-3.3,-0.8,0.7,0.3,-0.5,-0.1,-0.6,0.0
2C7L513CVh,0,48.101766,11.630654,4442498.65,2777807.99,546.3,592.0,237,7381,3.6,0.72,0.46,32.66,348.96,-0.53,-0.103,0.842,-0.9,0.2,-0.43,0.28,1.4,0.2,-0.3,-1.6,-1.3,-1.5,-1.2,0.9,-1.6,-1.6,-0.5,-2.9,-1.5,-3.6,-5.7,-1.2,-2.0,-3.0,1.1,-1.6,4.0,1.5,2.5,-2.2,1.3,0.8,-2.3,3.2,2.8,2.3,-5.4,-2.1,-1.6,-5.0,-3.3,-5.4,-2.2,-5.8,-4.5,3.7,-2.9,-5.5,-3.0,-5.2,-3.6,-2.5,2.8,-4.0,-4.2,-4.4,2.8,-3.1,5.6,2.7,0.3,13.9,10.4,6.4,9.2,-1.6,3.5,1.8,-0.5,-1.9,-6.1,-0.8,-5.0,-0.4,-3.0,-2.5,-5.7,1.4,-4.1,-0.8,-3.8,-2.0,-2.1,7.1,5.5,-12.9,-13.0,11.7,5.1,3.1,-2.6,-2.3,-3.3,-2.1,-5.6,0.7,1.9,-8.0,-3.0,-1.8,-4.4,-6.5,-2.0,1.1,-2.5,-1.4,-3.4,-1.9,0.3,-2.1,0.3,2.9,6.5,1.9,-0.7,2.8,1.6,2.7,-3.0,1.6,-0.9,-2.7,2.2,-0.2,-0.9,0.4,1.5,4.5,1.7,1.6,-0.6,-1.5,-7.3,-4.2,-13.9,-1.8,0.2,-0.6,-4.4,-6.2,-3.6,-1.8,-4.9,-3.0,-6.2,-4.1,-7.7,-0.8,-0.6,-0.4,-1.4,-6.0,4.8,0.8,-0.3,-4.0,1.4,2.4,2.1,-2.2,-1.7,-5.4,-4.9,-7.6,-2.2,-0.7,0.3,1.9,-1.5,-3.9,-3.1,-1.3,-5.0,-6.8,-0.9,-5.5,-4.9,-3.8,-3.9,-3.7,-3.9,-3.0,-3.7,-1.0,2.2,-0.5,0.1,-14.2,0.0,-2.2,-5.1,-9.1,-3.3,-6.8,-4.9,-4.0,-2.7,-6.6,-0.8,-11.0,-4.8,-2.9,-4.9,-4.8,-4.2,-2.3,-5.5,-2.0,-7.2,-5.9,-3.5,-4.7,-2.1,-1.6,-2.9,-1.4,-7.3
2C7L513CWa,0,48.102137,11.633543,4442712.96,2777853.99,533.9,579.6,237,7436,4.7,0.58,0.49,32.68,348.96,-0.53,-0.103,0.842,-0.7,0.2,0.59,0.36,0.8,0.3,-0.3,-0.3,2.8,2.3,3.8,4.0,-8.5,1.5,3.3,5.7,3.1,-1.0,-2.1,1.5,3.5,3.0,-0.7,-6.1,-7.0,-5.5,-6.7,-5.7,-2.3,-4.4,-0.3,-2.8,0.9,-5.3,10.1,-0.6,-1.8,-7.5,-5.8,-11.1,-6.7,-8.2,1.9,2.0,-1.8,1.8,8.1,-5.4,-4.6,-14.8,-0.8,-7.2,-2.6,-5.7,-5.7,-1.4,-2.8,-2.4,-2.9,-2.1,-1.6,-3.2,0.0,-1.6,-1.0,-1.8,-1.5,0.4,1.2,-8.7,-1.6,0.5,-2.5,-2.4,-12.9,1.6,-2.4,-6.1,-4.4,-2.4,-6.7,-1.9,-2.9,-2.8,-5.0,2.1,0.5,-2.9,0.9,-1.2,-3.8,-0.8,-4.5,-6.2,-5.4,7.8,-5.3,-6.6,-1.0,-10.7,-2.9,6.2,-4.9,-1.6,-2.3,0.8,-2.5,-5.6,-3.7,-2.8,-5.3,-6.3,-4.4,-5.9,-9.5,-7.5,-9.0,-7.3,-5.4,-7.2,-3.2,-4.6,-7.7,-10.9,-7.3,-4.4,-10.3,-14.4,-8.9,-3.8,-9.2,-6.4,-5.9,5.0,-4.4,-3.6,-3.5,-5.5,2.8,1.8,-1.6,-3.1,-1.5,-2.5,-0.6,-1.3,0.9,-15.8,1.2,-17.1,-9.2,-8.2,-5.7,-2.1,-9.7,-7.4,-10.0,10.0,-8.5,0.3,-6.7,-9.5,-0.8,-11.9,-4.5,-3.2,-5.4,-9.4,-9.5,-2.3,-2.5,-7.2,3.7,4.4,-7.5,3.7,-4.3,-2.0,-5.7,-8.4,-2.2,-4.9,-4.8,-8.5,-6.3,3.6,-4.1,3.0,-2.5,-3.9,-3.6,0.1,10.1,-7.6,0.7,7.3,5.0,-15.6,-7.9,-15.6,-12.1,-14.4,-4.1,-7.0,-5.3,-5.7,-2.0,-4.6,-9.0,-8.3,-10.9,-10.8,-2.0,-6.4,-3.4
2C7L513CWe,0,48.102231,11.634277,4442767.41,2777865.62,558.5,604.2,237,7440,4.4,0.64,0.51,32.68,348.96,-0.53,-0.103,0.842,-1.6,0.2,0.86,0.33,0.3,0.3,-0.3,-2.6,6.5,2.3,-12.2,-3.8,2.9,-4.1,-4.1,-4.0,-1.6,0.7,6.6,-2.8,-14.7,7.7,-7.2,10.7,-0.2,-1.7,-1.8,-12.3,-1.1,2.8,4.2,8.5,0.6,4.0,3.1,2.4,-1.9,3.8,-3.6,-0.2,-1.5,-4.2,-5.5,5.2,1.1,1.7,4.5,0.8,8.1,-13.1,0.1,-0.9,-3.9,-14.2,-2.5,1.2,-0.6,0.2,-0.6,-1.6,1.3,1.1,-3.9,0.1,-2.3,-1.9,1.0,-2.6,4.6,-6.5,-2.0,-2.0,0.8,-3.7,-3.1,-2.9,-0.1,-7.0,-2.2,9.5,0.8,-11.5,-6.7,-0.8,-0.3,-2.6,-9.2,0.3,-9.7,-12.9,-0.2,-17.2,-3.0,-2.1,-6.1,-6.8,-5.4,1.6,-0.6,-10.0,-8.2,-4.1,-3.3,-3.8,-5.7,5.9,-5.1,-3.3,-7.1,-1.2,-0.4,-5.3,-1.2,-3.3,-2.5,-4.6,-3.5,-1.7,-3.8,2.0,-6.5,-16.4,0.3,-8.0,8.0,7.2,-8.1,-10.5,-6.0,-7.2,-6.5,-7.8,-5.2,-8.9,-5.1,-7.8,-13.0,-2.9,-5.4,-2.8,-2.3,-5.5,-7.2,-6.8,-4.7,-3.4,-4.1,-5.4,-5.7,-6.8,-8.0,-6.0,-12.3,-13.8,-2.7,-5.2,-7.8,-13.2,-5.9,-4.0,-5.2,-3.6,-3.0,-5.9,-3.7,-5.8,-4.0,-7.5,-8.9,-7.5,-8.1,-8.7,-4.3,-7.2,-9.5,-1.1,-6.9,-4.7,-12.4,-4.7,-8.7,-9.5,-11.8,-6.9,-8.1,-16.6,-5.2,-2.9,-1.6,-1.7,-4.8,-9.6,-3.8,-6.7,-4.8,-7.6,-11.3,-4.5,-7.8,-7.5,-6.4,-7.9,-9.0,-4.9,-5.6,-7.0,-8.6,-5.6,-7.9,-6.3,-4.9,-7.0,-5.8,-6.1,-4.4
2C7L513CXE,0,48.102451,11.63599,4442894.49,2777892.91,541.9,587.6,237,7476,2.7,0.82,0.45,32.68,348.96,-0.53,-0.103,0.842,-0.8,0.1,-0.35,0.21,0.9,0.2,-0.3,0.5,-1.8,1.1,-1.6,3.6,1.0,1.5,3.4,1.6,1.3,0.5,0.4,0.9,2.7,1.0,2.0,-1.9,0.3,-3.6,-4.4,-3.6,-2.7,0.5,-1.2,-0.0,0.3,-1.8,-1.9,1.4,-0.8,1.8,-6.1,-3.4,-2.9,-4.6,-1.3,0.6,0.1,0.6,0.7,-0.2,-0.8,-0.6,-0.6,-0.8,1.5,0.8,-2.1,-3.3,-1.7,-3.4,-5.1,-1.4,-2.0,-4.2,-4.2,-3.3,-4.6,-3.2,-0.0,-3.8,-2.4,-3.8,-6.5,-3.2,-4.6,-7.3,-5.2,-7.0,-6.3,-3.9,10.9,7.6,-4.9,-2.1,2.2,-1.3,-4.5,-3.9,0.1,2.0,-1.9,-3.9,0.5,-2.4,-2.0,-0.5,2.1,4.1,-0.0,-1.1,-2.5,-2.4,-4.6,-0.1,-0.2,0.2,1.3,2.9,0.6,0.9,-0.7,-1.0,1.5,0.4,-0.8,-1.5,-1.0,-1.5,-0.1,0.2,-1.8,-1.1,-3.4,-2.7,-3.5,-0.4,-6.3,-4.1,-7.6,-3.8,-3.0,-3.9,-2.5,-2.7,-4.4,-7.5,-0.3,-5.3,-3.0,3.7,-1.8,-1.0,2.0,-1.6,-0.1,-0.7,1.5,2.7,-3.8,-2.6,-4.6,-2.0,-1.1,-4.2,-5.3,-1.8,-1.6,-0.4,-0.1,0.5,-7.8,1.0,0.9,0.4,-0.5,-1.7,-10.3,-2.4,1.4,-3.9,-5.5,3.3,-1.8,-1.7,1.3,3.0,-2.8,-3.5,-1.5,-4.0,-4.6,-5.7,-5.8,-3.7,-3.4,-3.5,3.8,-1.6,-2.7,-2.3,-2.7,-7.5,-6.7,-5.4,-3.0,-5.0,-1.0,-1.7,2.2,-6.6,-11.2,-6.1,-6.3,-4.5,-4.3,-2.7,-4.0,-3.9,-3.3,-6.2,-6.9,-6.0,-5.1,-4.5,-9.1,-8.4,-8.6
2C7L513CTv,0,48.100988,11.624456,4442038.71,2777711.4,550.1,595.8,237,7271,4.5,0.65,0.45,32.63,348.96,-0.529,-0.103,0.842,-0.3,0.2,-0.5,0.35,1.3,0.3,-0.3,-2.0,3.7,-5.6,-2.7,-0.9,0.5,-1.7,0.5,0.2,-0.2,-3.6,1.0,0.4,-1.8,-0.3,-1.6,-6.0,-5.5,-4.7,-2.3,-4.0,-2.9,-2.5,-3.1,0.0,-1.3,0.8,0.1,-0.5,-5.6,-11.3,-7.1,-5.1,-4.9,-7.9,-6.3,0.6,-1.1,1.6,2.8,-2.1,-4.7,0.1,-2.9,3.2,-1.2,-0.5,6.1,-1.4,-1.6,-0.2,-1.0,-1.8,-3.0,0.2,-2.5,-1.0,-2.5,-2.5,-2.1,-4.1,-4.3,-4.3,-4.1,-4.4,-4.2,-4.0,-5.5,-4.1,-3.7,-5.2,-3.3,-2.9,-3.9,7.9,-3.7,-0.7,-3.5,-2.6,-6.5,-3.5,-8.5,-2.6,-3.7,-2.4,-0.9,-4.6,-5.9,-8.7,0.3,-3.6,-6.8,8.2,-1.9,-13.4,-5.4,-3.9,-5.5,-4.1,-3.3,-3.3,-0.5,-2.5,-0.1,-5.9,12.5,-5.1,-14.8,-3.7,12.1,-10.8,12.2,-12.2,4.9,13.7,6.3,-12.8,0.5,0.2,11.4,4.5,5.7,-0.9,-6.8,-6.5,-2.4,1.1,-1.1,-1.1,-4.9,-2.4,-2.0,-2.0,-4.0,-11.6,-5.9,-7.1,-15.3,1.0,1.5,-3.3,-0.5,-3.0,-1.4,-0.5,-1.9,-5.5,-1.9,-3.7,-2.3,-7.3,-7.4,0.6,0.5,0.5,0.8,3.8,1.3,-2.5,0.2,-7.1,-7.2,-4.4,-3.5,-5.7,12.7,-2.1,-9.4,2.1,1.8,-4.1,-6.3,3.1,-6.0,-2.4,3.8,-4.6,-3.4,8.1,-0.5,-1.1,-2.0,-1.9,0.3,-2.8,-1.7,-4.3,-0.6,-1.6,-2.5,-7.9,-0.8,-5.0,-13.0,-4.2,-8.1,-7.9,-8.1,7.4,-2.5,-3.0,-6.8,-7.3,-8.8,-13.4,-4.5,-4.7,-2.5
2C7L513CU5,0,48.101043,11.624882,4442070.36,2777718.2,543.2,588.9,237,7281,3.4,0.79,0.4,32.63,348.96,-0.529,-0.103,0.842,-0.6,0.2,0.24,0.26,0.7,0.2,-0.3,-0.4,1.1,-1.0,0.4,1.5,3.3,0.3,-2.5,-1.7,-3.3,4.0,2.4,2.0,1.8,3.9,1.5,1.9,2.1,3.0,1.3,-1.6,8.6,5.3,5.8,4.4,4.7,6.6,3.3,6.1,2.6,-6.9,-0.8,-3.6,-1.2,-1.8,-0.1,2.4,-0.8,1.7,2.3,0.7,-0.0,6.2,2.5,-1.7,2.3,0.9,1.9,3.2,1.3,3.4,-0.9,-2.5,-1.0,-5.0,-3.6,-2.0,4.1,2.9,1.5,3.6,-1.2,2.6,0.8,-1.1,-2.0,-0.8,-0.1,-0.4,-2.5,4.0,2.5,1.2,1.9,7.1,2.3,0.9,0.6,0.1,3.2,3.9,3.8,2.8,10.3,4.9,8.3,3.5,7.9,2.6,3.4,0.6,1.9,-1.1,1.4,-0.2,1.9,3.5,0.6,0.2,2.2,2.2,1.0,3.6,3.0,-1.2,-0.3,1.7,1.5,3.1,3.0,2.5,1.9,4.5,9.7,12.1,-14.9,-14.0,2.7,2.3,1.8,2.4,3.2,1.6,-0.4,0.6,3.3,-1.1,-0.8,-1.8,-2.8,-1.1,0.3,0.6,-0.3,-14.3,-0.4,-1.4,0.2,1.7,1.6,-2.5,-0.5,-1.9,-11.7,-1.7,-2.0,-1.2,-5.3,-1.2,2.0,-1.8,-2.4,-6.1,-0.2,0.3,-1.1,-14.2,-0.6,-1.5,-0.4,0.6,-5.6,-0.9,2.0,-4.3,2.7,2.5,-6.9,-1.5,1.8,0.3,-2.2,0.6,2.7,-1.2,1.8,-0.9,-0.7,-0.6,1.5,-0.5,-0.5,0.4,-2.6,1.4,-0.6,0.4,0.9,0.8,-4.3,-0.4,0.5,3.5,0.8,1.5,-3.9,-0.6,-0.7,-1.5,-1.8,-2.4,-0.9,-1.9,0.9,2.6,-0.2,-0.5,-0.5
2C7L513CUf,0,48.101316,11.627011,4442228.29,2777752.07,547.2,592.9,237,7317,1.9,0.91,0.33,32.64,348.96,-0.529,-0.103,0.842,-0.1,0.1,-0.18,0.14,1.0,0.1,-0.3,0.7,0.8,1.3,1.8,-0.7,3.0,-0.8,0.3,-0.5,-8.4,1.1,1.0,0.2,0.1,-0.3,1.8,-0.3,-1.3,-1.8,-0.9,-2.1,-0.8,-1.3,-0.5,-0.4,-0.8,-0.6,-0.0,-0.0,-3.5,-9.6,-4.4,-7.1,-4.3,-2.4,-4.1,-2.0,-0.1,-0.1,0.1,-0.6,-0.3,-2.3,-0.9,-0.5,-1.6,-1.5,-0.4,-0.3,1.1,-0.7,1.4,-1.2,-0.8,-2.0,1.7,0.4,0.5,-1.1,-1.1,-1.3,0.1,-4.4,-1.7,-4.7,-1.2,-0.9,-1.9,-0.9,-0.6,-0.6,-2.1,-2.9,-0.2,0.2,0.1,0.3,-0.1,0.4,-2.7,-0.5,-1.3,-1.4,-2.3,-1.1,0.1,-0.1,-2.0,-2.0,-1.0,-1.7,-3.1,-1.7,-1.1,-1.2,-3.7,-2.2,-2.7,-1.7,-1.7,-1.3,-2.2,-1.3,-3.5,-2.1,-0.9,-1.2,-1.5,-0.1,-1.3,-1.3,-1.1,0.1,-1.0,1.4,1.3,-0.3,1.1,1.1,3.9,-0.3,1.1,-2.3,0.4,2.8,2.3,0.6,-1.3,-2.1,-2.8,-3.0,-1.8,-0.3,-0.9,-3.0,-3.9,-1.7,-1.5,0.5,1.7,-0.2,-2.4,-1.7,0.2,-0.0,1.3,-5.3,1.2,0.5,2.1,-8.6,-0.1,0.4,0.2,0.6,0.3,-0.9,-0.8,-0.7,-0.2,-1.5,-2.3,0.5,-4.1,-3.6,3.5,-1.7,-4.8,-1.4,-2.6,-2.6,-3.0,-3.7,-3.7,-2.4,-3.0,-0.1,0.1,10.1,0.4,-0.6,-1.2,-1.1,-1.7,-0.9,-1.4,-0.9,-0.8,-1.4,-3.5,-2.0,-2.2,-0.7,-3.3,-2.9,-3.8,-2.4,-2.3,-2.8,-1.9,-3.0,-1.9,-1.6,-1.1,-1.1,-1.5,-0.8,-0.7
2C7L513CUg,0,48.101321,11.627043,4442230.68,2777752.59,546.0,591.7,237,7318,1.8,0.93,0.34,32.64,348.96,-0.529,-0.103,0.842,0.3,0.1,-0.03,0.14,0.3,0.1,-0.3,0.8,1.5,0.2,0.2,-0.2,1.0,0.8,0.7,1.2,-3.8,0.3,-0.0,0.9,0.0,0.0,0.4,0.6,2.0,1.3,2.3,0.6,1.9,0.6,1.3,1.7,1.7,0.8,-1.7,-0.9,-3.4,-8.2,-4.8,-5.2,-4.3,-2.0,-3.0,-0.8,-0.3,2.9,1.0,1.5,1.1,0.5,-0.3,0.3,-0.1,-2.9,-0.5,-0.6,-1.0,1.6,-1.3,-0.4,-0.5,-1.4,-0.4,-0.0,-0.3,0.4,-1.4,0.1,0.0,-0.1,1.2,-3.2,-0.1,0.5,-1.9,-0.9,-1.4,-2.7,-0.8,-2.3,-1.7,-0.3,0.1,0.7,0.5,0.8,-0.1,-0.9,0.3,-0.2,-0.4,0.2,0.9,1.4,-0.6,0.1,1.8,0.7,0.1,-0.9,0.1,0.4,-0.5,3.0,0.0,1.2,0.8,0.5,1.2,2.5,1.3,0.6,1.6,2.4,1.7,3.9,1.1,1.2,2.2,2.0,1.7,2.8,1.5,0.6,1.1,1.6,0.6,2.6,0.8,-0.1,-1.0,-1.2,2.0,1.8,1.1,-0.2,-1.4,-0.1,1.3,1.7,1.2,-1.8,-2.8,-0.2,0.3,1.8,3.4,0.4,-1.9,-0.9,0.6,0.8,1.0,-2.1,2.5,0.6,0.9,-2.6,-0.3,1.2,0.5,0.3,-0.4,0.4,-0.9,2.0,0.5,-0.3,-0.1,3.9,-2.8,-0.8,7.5,1.2,-3.2,1.3,0.9,1.2,-0.0,-0.6,0.8,1.4,0.6,4.6,3.9,-8.6,2.9,1.2,1.3,1.4,0.2,2.0,1.7,1.6,1.2,1.4,-1.7,-0.8,0.0,1.3,-0.1,0.0,0.4,1.5,1.2,1.4,1.5,0.1,1.0,1.8,2.4,2.0,1.8,2.0,1.8
2C7L513CUh,0,48.101315,11.626995,4442227.12,2777751.83,540.9,586.6,237,7319,2.7,0.83,0.39,32.64,348.96,-0.529,-0.103,0.842,-0.1,0.1,-0.64,0.21,0.7,0.2,-0.3,-0.4,0.6,-0.0,-0.6,-1.1,9.1,-0.1,1.0,1.3,-5.8,1.4,-1.9,0.5,-1.1,0.6,0.1,2.4,1.5,2.2,4.2,1.4,0.7,-0.5,-0.3,1.4,1.2,-2.0,-1.0,-0.8,-0.0,-9.5,-6.2,-3.4,-5.1,-1.6,-2.7,-2.1,-1.4,3.8,0.6,3.7,2.7,2.0,-1.6,-0.7,-0.9,-2.1,-2.5,-0.0,0.8,3.6,2.5,0.6,0.8,3.1,0.0,1.6,0.1,2.2,-1.0,0.1,-0.2,-4.6,0.0,-3.0,-0.2,-0.5,-3.3,1.8,0.4,-2.3,1.3,-2.6,1.1,1.8,2.4,3.2,2.1,3.2,0.9,-1.2,-0.0,-2.5,-1.0,0.9,-2.4,0.2,-0.4,2.6,2.5,3.4,1.4,-0.7,0.6,1.2,1.4,3.8,2.1,2.2,1.8,0.7,1.9,3.7,3.0,1.2,3.2,1.6,3.1,2.8,-1.0,-1.0,0.3,-0.9,0.1,-0.0,-0.4,0.5,-1.5,0.6,-0.9,1.3,-0.2,-1.1,-2.0,-0.8,1.5,2.4,2.7,0.3,2.7,4.1,2.6,0.8,1.7,-2.6,11.8,5.4,2.1,3.9,4.6,-4.3,-0.5,1.0,-0.5,0.6,1.2,2.2,0.5,-0.3,-0.5,2.5,2.4,1.6,0.1,-0.9,-0.5,-1.6,-1.8,2.1,-0.3,-1.4,1.6,3.3,-6.3,0.4,6.3,3.8,-1.9,5.2,3.6,2.2,4.9,-1.3,1.6,4.5,0.5,11.7,0.8,-9.2,0.7,-1.9,-12.2,-4.8,-6.7,2.6,4.3,-1.7,-0.2,-0.3,-2.5,-0.5,-1.6,1.1,0.2,1.2,-2.2,0.4,0.1,1.2,-0.0,-2.7,-2.2,-1.3,-0.3,-1.1,-1.2,-1.0,-3.8
2C7L513CUm,0,48.101352,11.627286,4442248.67,2777756.45,540.9,586.6,237,7324,3.6,0.74,0.42,32.65,348.96,-0.529,-0.103,0.842,-0.7,0.2,0.29,0.27,0.7,0.2,-0.3,-2.0,1.3,0.9,-3.4,-2.1,-1.2,0.3,0.1,2.2,1.7,-0.6,-0.7,2.8,3.4,6.8,5.7,-3.2,2.8,0.0,4.6,-1.4,-1.1,-1.1,-1.8,1.2,0.8,-6.3,-7.7,-3.4,-2.6,3.7,-5.3,-6.2,-6.4,-1.0,-6.0,1.9,0.7,-2.7,-2.3,-3.8,1.1,1.6,4.9,2.0,-0.7,-5.5,11.3,-9.4,7.0,5.6,-1.0,-0.8,1.6,1.5,-8.0,-2.6,0.2,0.0,-0.6,-3.5,-1.0,-4.1,-2.6,-4.2,-3.6,-2.0,-1.4,0.9,-0.1,0.3,-2.3,-5.6,1.0,0.9,1.3,3.2,-0.1,1.7,-3.0,0.5,-3.9,-0.6,3.2,-1.8,0.7,-1.7,-2.9,-1.9,-3.5,-7.5,-8.8,-2.3,-1.6,-7.0,-1.8,-11.8,1.7,-2.8,1.7,0.8,-6.3,3.9,-2.2,-1.6,5.2,-4.4,2.5,-2.8,-14.7,-1.4,-5.5,-4.0,-3.0,-1.6,-4.5,-5.3,-8.1,-5.9,-1.3,-7.3,-1.4,-4.7,-0.1,-0.6,0.9,-6.0,-3.7,-1.9,-3.0,2.2,-1.7,-4.5,-1.5,-0.4,-4.2,-1.6,-1.8,-0.6,4.3,-3.1,-1.6,-1.1,-6.0,-1.6,-4.3,-6.9,-2.4,-4.7,7.5,2.4,-2.3,-2.1,-1.0,-3.5,-1.8,-0.8,-2.6,1.4,-3.3,-2.4,-5.4,-1.0,-5.8,-4.0,-0.0,-3.8,-5.3,-1.5,-5.2,-3.9,-6.1,-3.9,-6.5,-4.9,-4.0,-7.4,-3.1,-5.5,-2.6,-5.7,-2.4,-5.5,-6.4,-1.9,-2.4,-10.9,-2.5,-1.5,4.6,0.4,5.9,3.1,-0.8,0.6,0.4,-6.6,-1.7,-5.2,-6.5,-3.4,-3.6,-3.5,-4.8,-16.8,-7.9,-1.3,-1.3
2C7L513CUv,0,48.101367,11.627398,4442257.04,2777758.29,520.6,566.3,237,7333,3.3,0.79,0.41,32.65,348.96,-0.529,-0.103,0.842,-0.6,0.2,-0.66,0.25,0.6,0.2,-0.3,-0.2,1.1,-0.4,-0.4,-0.4,2.0,2.1,2.3,2.5,-5.4,3.0,1.0,1.1,0.9,0.4,2.3,-1.5,-4.4,-2.5,0.7,-2.3,2.3,1.4,2.9,0.6,-0.4,-3.0,2.3,0.3,-2.9,-7.4,-6.7,-2.4,-1.2,0.1,-0.7,2.4,2.2,6.5,-2.0,-2.2,1.2,-1.2,1.4,-0.8,1.5,-1.2,2.6,1.8,2.2,3.1,1.2,1.7,0.4,0.5,0.4,1.0,1.4,0.8,3.4,1.9,0.9,-14.0,-0.1,10.3,2.9,0.5,2.9,0.6,1.0,-2.7,-3.1,0.3,-0.2,0.6,1.4,-4.7,0.6,1.3,1.0,1.8,0.5,-0.4,1.5,6.4,-0.7,-4.2,2.2,-1.2,-5.3,-3.9,-8.2,-0.1,2.7,2.2,-0.5,2.5,0.2,-1.9,0.5,0.7,0.5,2.0,2.9,-1.6,-0.4,1.6,-0.7,0.5,-2.0,0.5,-0.6,0.0,1.5,0.5,1.3,0.1,1.9,1.9,3.2,12.5,0.2,2.0,3.3,3.7,7.7,-1.6,0.3,1.5,-2.6,9.3,-1.8,-0.4,1.2,-3.5,-4.1,1.0,-0.4,-0.6,3.8,0.9,1.2,-1.4,-1.4,-2.2,2.4,-13.9,-0.3,1.9,1.0,6.8,-1.1,-3.1,-2.7,-2.6,-0.2,-4.9,-2.2,0.0,-2.1,3.8,-2.2,3.8,-9.2,-0.3,-1.3,-6.7,-2.1,1.1,-0.0,-2.1,-0.6,-0.6,-3.3,1.1,-11.2,-5.3,-3.6,8.4,-2.9,-0.8,-2.5,-3.9,-5.1,-0.5,-2.1,0.4,-1.9,-2.1,-2.3,3.6,-5.2,-1.0,-2.9,-2.2,-6.2,-4.4,-3.0,3.4,-4.7,-3.7,0.6,0.9,-2.0,-11.8,-3.4,-1.7,-3.5
2C7L513CVD,0,48.101549,11.628824,4442362.79,2777780.93,540.0,585.7,237,7351,3.1,0.81,0.45,32.65,348.96,-0.53,-0.103,0.842,-0.6,0.2,0.28,0.23,0.8,0.2,-0.3,1.2,0.4,4.9,0.5,-1.9,1.7,-0.8,3.5,1.6,0.9,0.2,2.7,3.1,2.8,-1.3,-1.1,0.8,-2.0,1.4,2.2,1.9,0.6,-0.4,-0.0,3.2,2.6,-0.4,11.6,1.4,-1.0,-8.0,-4.1,-2.0,-2.3,-4.1,-2.3,-2.7,-0.0,0.7,6.7,0.8,3.3,-0.1,-0.4,-2.3,-3.6,-1.3,1.1,-0.7,-0.3,0.6,1.0,1.9,0.9,2.2,3.0,5.8,1.1,-0.4,-0.2,0.2,-0.5,-1.0,2.1,2.0,1.5,-2.3,0.0,2.8,1.4,-3.7,-3.7,0.1,-3.3,0.2,-1.5,1.0,10.6,5.6,0.6,1.2,2.6,13.5,1.8,-1.2,-0.2,-1.7,0.4,2.1,0.3,-1.9,-0.3,2.6,1.7,3.1,-1.0,-2.1,1.2,0.2,-0.3,-2.6,0.1,-2.7,0.3,1.1,2.4,-2.0,1.8,2.2,2.3,-1.2,-1.8,-4.5,-2.1,-4.7,-2.5,-8.7,-3.0,1.9,0.3,-7.9,-0.8,-0.6,-1.2,2.9,1.0,-2.1,-0.7,1.8,-3.7,2.1,0.3,-1.8,-0.1,0.4,-1.2,-1.1,-1.2,3.5,0.7,4.1,-4.4,-2.0,0.5,-6.2,-6.9,-3.4,-0.4,-1.8,-12.1,-9.0,-5.6,7.9,-2.5,-4.9,2.5,1.0,-0.7,0.5,-2.5,-1.0,0.8,-0.3,-0.3,-1.3,2.1,1.9,-1.9,-2.1,-2.6,-1.1,-3.0,-0.1,-4.2,0.9,-2.2,-0.5,-5.7,10.0,-6.9,-3.1,-5.0,1.2,-3.9,-3.6,-3.2,-2.3,-2.3,-1.0,-2.2,-1.2,2.7,0.8,-1.1,0.8,2.1,0.1,-5.3,-0.6,-2.6,-3.2,-1.1,-7.3,2.7,0.3,-1.8,0.0,-0.2
2C7L513CVM,0,48.101666,11.629737,4442430.52,2777795.43,559.8,605.5,237,7360,3.8,0.72,0.52,32.66,348.96,-0.53,-0.103,0.842,-1.1,0.2,0.04,0.29,1.3,0.2,-0.3,-2.1,-1.4,-12.0,-2.1,-6.1,-2.6,-5.3,3.8,9.8,2.8,-2.8,2.4,11.2,-2.3,-2.2,-0.9,0.9,4.7,-0.7,0.4,-4.8,-2.9,-3.5,0.8,0.6,2.0,-6.9,-5.8,-3.3,0.3,-5.9,-4.3,-8.2,-10.6,-2.3,2.2,-1.8,-1.5,3.8,0.1,1.9,-5.0,0.8,-1.5,-0.9,-3.6,-2.5,-0.5,-3.2,-1.0,-1.9,-1.5,-1.2,-1.9,-2.2,-4.6,-2.7,-1.0,0.0,-0.8,-1.3,-2.3,-4.0,1.1,-1.3,-0.2,-0.7,0.1,-3.0,-1.4,-1.0,0.7,0.3,2.9,-0.9,-1.8,-6.7,-6.4,-6.5,0.2,2.4,-6.7,-2.9,-6.4,-9.5,-3.6,2.8,-0.2,8.6,-5.0,-7.2,-4.0,-11.1,-4.5,-5.7,-9.1,2.0,-1.8,-10.2,-10.7,-9.6,-7.6,-2.9,-5.8,-4.1,-0.8,-2.4,-8.6,-17.3,-7.6,-6.4,-0.1,-1.9,0.8,0.3,-1.5,-1.4,-1.7,0.4,-1.6,1.2,3.3,1.3,-3.4,-0.9,-0.6,-2.2,-4.5,-4.7,-5.2,-5.5,2.7,-8.0,-3.2,-0.7,-5.9,-18.0,-15.4,-3.8,9.0,-4.3,-4.9,-2.2,-3.9,-3.0,-4.4,-5.9,0.1,-2.0,-6.0,-3.8,-6.6,-4.0,-5.7,-6.0,-3.4,-9.9,-8.7,-5.8,-8.1,-5.7,-0.3,-3.0,-1.2,-5.9,-6.5,-9.0,-0.9,-4.3,-8.0,0.7,-7.2,-5.0,1.0,-3.2,-10.0,-4.5,-4.6,-5.6,-1.5,-4.9,-5.7,-4.8,-5.0,-3.4,-4.1,-7.6,-4.9,-4.8,-10.4,-10.3,-11.0,-6.0,-9.4,-9.6,-4.7,0.2,-5.6,-5.2,-8.2,-9.0,-6.0,-5.0,-5.1,-5.7,-5.9,-5.6,-8.4
2C7L513CVP,0,48.101665,11.629727,4442429.77,2777795.28,550.7,596.4,237,7363,1.7,0.92,0.3,32.66,348.96,-0.53,-0.103,0.842,-0.7,0.1,-0.13,0.13,0.6,0.1,-0.3,-0.2,-0.2,-0.9,-0.2,-0.9,1.0,0.5,0.7,-0.5,2.3,0.1,1.4,-0.6,-0.6,-1.9,-1.1,1.7,1.8,0.6,-0.2,-3.3,-1.7,-1.6,0.7,-0.1,2.4,-1.2,0.0,-0.6,-2.5,-4.2,-4.6,-5.1,-5.0,-4.4,-0.0,-0.7,0.4,1.6,2.9,-1.5,-2.4,0.2,0.7,0.7,-3.1,-2.6,-1.8,-1.9,-0.8,-0.0,1.3,0.4,-0.3,-1.6,-1.9,-0.7,-1.7,-0.0,0.0,-1.3,-1.9,-3.7,-0.2,0.4,0.6,-0.9,-0.9,-1.7,-1.5,-2.6,-3.0,-1.3,-0.8,-1.8,-0.9,-1.8,-2.6,-3.2,-0.2,-3.4,-3.2,-2.3,-1.5,-3.0,-0.0,-1.9,0.5,-0.4,0.2,-3.1,-3.7,-6.2,-1.3,-1.6,-2.6,-3.3,0.7,-0.7,-1.1,-4.8,-1.4,0.8,-2.5,-2.6,-0.2,-0.7,-2.6,-2.3,-4.4,-2.2,-1.4,-2.0,-0.9,-0.9,-0.8,-0.1,-0.4,1.4,-0.2,-0.2,0.5,0.5,-1.4,0.5,2.8,-0.7,-1.6,-1.4,-3.8,-2.6,0.9,-2.1,-0.4,-0.5,-1.3,-0.8,-1.0,0.7,-1.0,-1.6,-1.9,-3.2,-3.1,-1.5,-0.9,-3.7,1.1,-0.1,-0.1,-0.9,-2.4,-2.8,-3.0,-3.2,-2.9,-3.9,-4.2,-2.5,-1.8,-1.8,-1.9,-2.5,-4.9,-3.3,-3.3,-6.4,-5.9,-4.3,-2.1,-2.6,-5.0,-6.3,-3.4,-2.3,-5.5,-0.7,-2.9,-5.3,-0.7,-3.9,-2.3,-2.1,-2.5,-2.2,-3.8,-6.2,-3.9,-5.0,-8.6,-4.5,-5.4,2.8,-7.7,0.3,-4.6,0.6,-6.2,-4.5,-6.4,-3.4,-3.3,-3.1,-2.3,-1.6,-2.9,-2.6,-3.5
2C7L513CVS,0,48.101662,11.629704,4442428.07,2777794.93,541.3,587.0,237,7366,4.3,0.66,0.45,32.66,348.96,-0.53,-0.103,0.842,-0.7,0.2,-0.64,0.33,0.1,0.3,-0.3,-0.2,-2.3,-4.7,-3.0,1.9,3.6,6.0,3.1,-2.2,4.2,5.5,5.4,-4.5,1.3,-0.3,-1.6,-1.5,-2.8,14.1,-5.1,-10.7,-7.1,-2.3,2.8,1.3,8.6,-0.3,1.2,-12.4,-0.0,9.0,3.8,-13.6,-10.9,-3.5,-0.6,-12.1,6.0,4.6,2.2,0.6,14.1,-8.7,-2.9,-3.1,-5.5,-5.6,-1.1,-1.8,-1.1,2.3,-0.1,-1.5,-3.5,-2.3,-1.9,-0.1,0.5,0.0,-2.4,1.7,-2.4,-0.4,0.5,5.2,-0.9,-1.3,-3.8,-3.1,-2.0,7.7,-0.5,2.0,-0.5,-3.1,1.9,-5.2,-6.1,-1.3,-2.9,0.5,-2.9,0.5,1.2,-0.0,1.0,-2.4,0.1,-4.1,-2.4,-3.5,-4.5,12.7,-4.1,-3.1,-5.6,0.3,7.6,11.4,-7.7,-7.9,0.5,0.9,-0.2,-0.3,-0.8,-1.3,-0.6,-1.8,-5.4,3.4,-1.2,-5.2,-0.3,0.1,2.6,-1.9,-0.1,9.5,-1.8,-7.8,1.3,3.7,-4.3,1.0,-0.5,4.0,-4.3,-0.2,1.0,-0.3,3.3,-7.5,-0.2,1.3,1.3,1.1,3.1,2.6,5.4,-4.0,0.1,-4.5,-0.5,-1.7,-0.2,-6.4,0.6,2.3,0.6,-5.0,0.2,-0.3,-0.4,-0.6,-1.3,-3.2,-2.6,-5.3,2.5,2.5,1.3,-0.4,-1.7,-0.8,-1.3,-2.1,0.6,-2.9,-0.2,-1.2,-0.7,-2.9,-6.7,-2.5,-5.4,0.0,-1.8,-10.1,-1.4,-1.4,-2.8,-3.7,-5.2,0.4,-4.2,-3.7,-2.0,-7.4,-8.6,-9.7,-9.5,-8.6,7.4,-5.8,0.0,4.8,-0.7,-2.6,-6.0,-5.6,-2.4,-1.7,-2.5,-3.2,-6.2,-6.1,-10.1
2C7L513CW7,0,48.101967,11.632075,4442604.01,2777832.67,543.1,588.8,237,7407,3.0,0.79,0.39,32.67,348.96,-0.53,-0.103,0.842,-0.0,0.1,-0.24,0.23,1.2,0.2,-0.3,0.1,2.9,5.1,2.4,2.2,-2.1,2.2,7.0,4.9,0.2,4.9,-2.4,4.2,3.2,1.4,0.9,0.2,4.0,-3.0,0.4,-2.0,3.5,0.4,3.1,2.4,2.8,3.1,-3.3,-1.7,-3.6,-4.4,-3.5,-1.6,-1.4,-0.5,-3.1,3.3,3.4,0.7,1.1,1.2,1.9,-0.9,3.7,5.2,0.5,-3.5,-2.6,-2.4,0.2,-0.4,1.7,2.6,2.8,3.6,2.9,-0.9,4.1,-2.8,2.1,2.1,3.2,0.5,2.1,-1.2,-2.9,4.6,-5.2,3.7,2.9,0.5,1.6,2.1,6.9,7.1,4.9,3.2,4.4,1.7,2.9,4.6,2.7,3.2,3.0,2.8,1.9,2.3,-0.2,-1.2,0.0,2.5,4.7,5.2,-0.7,2.9,1.0,3.5,2.2,0.7,1.0,-0.9,0.9,2.8,1.5,0.2,0.8,1.1,0.1,2.6,1.7,0.6,1.7,-0.0,0.1,0.6,-0.4,1.6,-1.2,-1.1,5.6,-9.5,2.8,0.4,2.3,0.1,4.2,0.5,2.2,0.6,-1.7,1.9,-3.6,4.6,7.9,0.2,0.9,6.2,-0.6,4.6,1.9,-2.6,-1.1,-1.0,0.8,-3.2,-1.9,-4.8,-0.9,2.2,2.2,8.5,3.0,3.6,4.0,2.8,4.4,4.2,6.8,5.3,4.5,2.2,2.0,3.1,5.6,-2.1,1.2,4.1,-1.0,3.9,2.1,1.7,0.6,-2.1,-6.9,-3.5,-4.4,-8.6,-2.5,-9.2,0.6,-0.2,1.6,4.1,0.9,1.2,1.8,-1.7,2.9,2.1,-0.2,3.8,3.3,-3.9,13.2,4.0,5.9,3.8,0.0,-1.3,0.0,-1.3,0.1,6.4,1.9,-0.6,-5.5,-5.4,0.4
2C7L513CWQ,0,48.1021,11.633111,4442680.87,2777849.16,541.2,586.9,237,7426,3.2,0.75,0.46,32.67,348.96,-0.53,-0.103,0.842,-0.2,0.2,-0.78,0.25,1.8,0.2,-0.3,1.3,1.1,0.5,0.3,-0.4,-2.8,-3.1,-3.3,7.7,0.0,5.9,0.7,0.8,0.1,3.5,4.7,-0.1,-1.2,-4.6,-9.9,-1.3,-2.2,-0.7,-1.9,-2.0,-0.4,-1.2,2.0,6.9,-2.9,-2.6,-8.4,-5.9,-6.8,-5.8,-3.2,0.0,-5.7,2.9,1.0,2.0,2.5,-1.9,-2.9,1.3,-0.5,2.9,-5.9,0.3,0.9,0.5,2.0,3.7,3.5,6.6,-3.7,0.4,-1.8,0.7,0.8,-0.5,-2.9,0.0,-0.1,-2.6,-1.1,0.3,3.3,-2.3,-4.0,-3.9,-0.7,0.8,1.3,-1.7,-0.7,0.2,0.2,0.5,-1.7,-1.7,-1.5,2.5,-1.7,-0.0,-0.8,-2.7,-0.5,0.6,-4.0,-4.6,-1.8,0.2,-6.7,1.2,-2.3,-0.5,-1.9,-1.8,-0.0,1.7,-0.8,2.6,2.7,-0.2,4.1,2.2,-0.1,0.1,1.6,-0.1,0.6,-0.1,0.4,1.4,-0.6,2.1,0.2,0.1,2.6,2.3,0.9,3.1,2.4,5.1,5.1,2.1,2.0,2.2,5.7,4.5,-7.0,2.2,2.7,-4.3,-2.5,-2.3,1.3,1.6,3.6,2.9,-1.7,0.7,-2.6,0.3,-1.8,0.3,-3.7,4.4,4.2,3.1,2.6,2.4,3.3,4.7,1.5,-0.9,3.9,2.5,-0.2,0.2,-1.4,-4.0,-2.0,-4.0,-1.8,-10.6,-15.2,-6.1,3.2,-1.9,-6.0,-9.3,-9.2,-3.8,12.0,-1.3,4.1,0.7,8.2,1.3,-0.1,-0.3,-1.7,3.6,-1.1,-1.0,-3.5,-0.2,0.4,-1.6,-0.8,-0.7,-6.4,-2.9,-5.5,-5.0,-1.9,-0.5,-8.0,-2.0,-5.5,-3.1,-6.5,0.0,-2.7,6.2,0.4
2C7L513CXZ,0,48.10268,11.637633,4443016.31,2777921.07,565.5,611.2,237,7497,4.4,0.62,0.53,32.69,348.96,-0.53,-0.103,0.842,-2.2,0.2,0.44,0.34,1.4,0.3,-0.3,2.4,-1.9,0.1,0.6,-2.9,8.2,-1.1,5.2,2.8,-15.3,-0.7,1.3,2.4,1.3,2.0,4.1,0.8,2.7,-1.2,0.7,-1.1,0.6,2.0,1.2,2.9,3.0,-1.7,-2.8,4.3,3.4,4.5,-3.1,-2.7,-2.8,-3.6,-0.4,3.2,4.9,-2.0,6.3,1.1,4.6,2.3,0.1,3.2,-0.3,1.5,2.5,0.9,0.8,-0.2,3.0,-1.4,1.2,5.5,1.2,4.8,0.6,3.2,0.6,0.8,-0.2,-9.0,-0.1,3.1,5.7,0.4,-8.1,-1.5,-1.5,4.1,-0.2,1.5,-1.3,1.8,2.8,1.6,1.8,1.0,0.9,0.5,1.9,-3.1,-0.4,-0.5,3.4,3.5,1.7,1.1,0.5,0.6,-1.5,-6.7,-4.6,-6.6,-3.0,-8.0,3.3,-0.1,-1.5,-3.8,-1.5,0.4,-0.7,0.3,1.9,-2.1,0.2,-3.6,3.1,2.1,-5.8,-1.2,0.6,-4.3,-4.3,-6.5,-1.7,-0.7,-5.3,-10.8,-3.1,-9.6,-16.7,-1.7,0.9,-6.1,-2.3,-0.1,-5.8,-2.0,-2.5,-5.2,2.3,-1.0,3.5,-3.3,-5.7,-4.8,-12.4,-17.7,-11.2,-11.0,-9.0,-5.3,-10.4,-9.6,-11.8,-9.4,2.1,-16.2,-10.8,5.9,-8.9,-10.6,5.4,-9.7,-5.3,-8.5,-6.1,-5.6,-9.2,-9.5,0.6,-7.5,-10.1,-11.3,-9.3,-3.5,-2.3,-2.4,-4.0,-11.4,-7.9,0.1,-7.7,-13.2,-8.9,-15.4,-6.4,-4.8,-4.9,-3.5,-3.7,-4.8,-1.0,-6.7,-3.9,-14.7,-1.8,-9.7,0.5,-3.9,1.1,0.9,-0.3,-3.0,-4.9,-1.6,-3.9,-0.1,-6.6,-15.4,-17.9,-8.9,-1.3,-22.7,-21.8
2C7L513TXd,0,48.101278,11.626563,4442195.03,2777747.02,537.1,582.8,238,7313,2.1,0.88,0.4,32.64,348.96,-0.529,-0.103,0.842,-0.1,0.1,-0.47,0.16,1.0,0.1,-0.3,-1.4,-1.0,-1.0,-0.7,-0.9,0.0,1.0,0.5,-1.5,-2.4,-0.4,0.7,-2.6,-0.6,0.0,0.8,-0.4,-1.3,-1.4,-0.2,-1.6,1.3,-1.0,0.7,0.4,0.7,1.6,0.9,0.0,-3.7,-8.2,-5.1,-5.8,-3.7,-3.0,-3.1,-1.8,-0.9,2.1,-1.2,0.8,1.5,-1.4,0.0,-1.2,0.9,-0.3,-0.3,1.8,0.4,3.0,0.8,-2.3,-1.0,-2.6,-0.8,-1.5,-1.9,-1.2,2.9,2.5,1.5,5.5,-3.5,4.1,2.5,2.1,1.0,0.4,0.9,-0.2,0.1,-0.0,-0.5,-0.0,-0.3,-0.8,-0.1,-0.1,-0.1,1.2,-0.8,-0.9,-0.8,1.4,-1.1,-1.3,-2.3,0.3,1.4,-0.8,1.7,-2.2,0.3,-1.4,-2.7,-0.5,-0.8,-1.4,-0.9,-1.4,-1.9,-1.4,0.5,0.0,1.5,3.9,1.2,1.6,1.3,2.1,1.0,0.8,1.2,-0.2,-0.6,0.9,0.9,1.0,-1.8,0.6,1.3,-2.9,-4.7,-0.7,0.9,1.7,0.1,-2.2,-3.1,-1.8,-0.6,-0.5,-1.5,-3.0,-4.5,-3.9,-1.9,-1.0,2.0,-0.7,-0.1,0.4,0.4,-1.1,0.7,3.3,-0.9,-0.0,-2.2,2.0,-3.8,0.9,-1.7,-2.4,0.2,0.7,-0.0,3.0,4.5,-3.2,-1.5,3.2,8.7,-4.0,4.7,3.3,-4.3,0.0,1.4,-2.9,-1.7,-2.1,0.7,0.5,3.8,2.8,2.8,-2.4,1.9,2.4,1.3,0.6,0.5,1.6,-1.3,0.0,-1.5,-5.4,-6.7,-5.7,-7.2,-1.5,-3.6,-3.3,-2.6,-2.5,-2.2,-2.7,-3.9,-2.4,-1.6,-2.4,0.3,0.0,-0.4,0.0,2.5
2C7L513TXk,0,48.101308,11.626797,4442212.36,2777750.76,528.8,574.5,238,7320,3.8,0.67,0.46,32.64,348.96,-0.529,-0.103,0.842,-2.7,0.2,-1.03,0.3,1.2,0.3,-0.3,3.5,2.0,0.7,2.9,-0.1,8.1,5.3,1.3,2.9,3.6,5.6,3.0,1.9,2.7,2.0,0.9,4.0,0.3,2.1,1.9,0.8,0.5,1.7,1.8,2.0,5.9,3.1,3.7,5.1,1.3,-2.6,-1.1,-2.0,0.4,0.2,-1.5,0.6,-1.2,5.3,-0.8,1.7,1.9,-1.6,1.6,-0.9,2.4,0.9,0.6,3.4,1.2,3.2,1.3,-0.3,-0.3,1.0,4.1,1.8,3.2,2.9,5.3,-1.7,1.5,-8.5,1.5,9.1,-1.0,-0.3,-3.1,1.0,0.7,-0.8,5.3,4.3,2.8,6.2,3.1,3.0,1.9,2.9,4.6,4.1,-0.1,-2.2,-0.2,7.2,-0.6,1.7,-2.4,6.8,2.0,-0.1,2.4,1.1,3.9,4.1,1.9,5.2,3.5,2.3,0.9,-1.8,3.5,0.7,4.6,-0.3,2.2,4.9,1.1,0.6,-2.4,-1.4,-0.6,-4.4,-3.6,-2.8,-0.1,-2.5,-2.9,-2.8,-1.8,10.7,2.8,1.4,1.2,2.4,0.8,1.3,3.0,0.3,1.8,1.5,5.2,1.3,2.2,1.4,-1.4,-10.1,7.4,-0.2,-13.2,-8.8,-1.2,-8.8,-3.8,-5.9,-6.5,-9.7,-4.8,-4.2,-2.9,-11.4,-8.0,-7.3,-7.9,-6.6,-3.2,-5.4,-2.4,1.3,0.8,-2.3,2.9,7.5,2.5,1.7,4.8,-15.7,1.3,7.2,-14.8,-12.9,-12.1,-5.5,-13.1,-12.3,-13.9,-7.2,-6.8,-12.7,-5.8,-6.3,-9.0,-8.6,-9.0,-9.7,-16.0,-4.1,-17.9,-12.8,-15.9,-9.3,-9.9,-9.8,-10.2,-10.5,-6.5,-10.4,-11.0,-12.2,-12.1,-5.3,-10.1,-7.0,-7.8,-8.2,-5.6,-6.1,-4.1
2C7L513TXp,0,48.101367,11.627262,4442246.85,2777758.14,537.2,582.9,238,7325,3.7,0.74,0.47,32.65,348.96,-0.529,-0.103,0.842,-0.6,0.2,0.03,0.28,0.7,0.2,-0.3,-1.6,-1.1,-0.0,-1.7,-1.3,-2.5,-0.1,0.7,1.9,-2.4,1.8,-3.3,2.0,1.9,2.8,3.4,1.2,1.5,-3.7,-0.7,-3.8,-1.0,0.7,-5.4,-3.3,2.9,-0.6,7.1,1.8,-3.2,-7.2,-5.2,-5.7,-5.7,-4.4,-1.8,-0.4,1.0,1.4,2.8,-1.0,-0.0,-0.2,1.7,-2.7,0.9,-2.6,0.4,4.2,2.3,2.1,1.6,-0.3,1.1,0.4,1.0,0.9,-0.2,-0.9,-1.9,-0.6,0.4,-7.9,-3.4,-11.9,-1.5,-1.1,6.3,0.2,1.2,-1.0,-0.1,-14.2,-0.1,0.8,-0.6,-2.0,0.3,1.5,-1.5,-0.6,-2.5,-0.5,-2.6,0.6,-7.1,-3.6,-4.5,-3.2,-0.4,-3.2,-3.8,-1.9,-2.9,-5.5,-3.0,0.7,-1.8,-1.2,-1.0,-1.5,-1.3,1.4,2.1,2.2,2.0,1.6,-0.2,0.9,2.1,1.2,0.6,0.3,-0.2,0.1,-8.7,0.9,-11.7,-7.8,2.1,7.5,1.1,3.4,0.1,0.7,3.1,-14.0,1.8,-1.2,-7.9,-6.4,-0.7,-4.5,-4.3,-6.9,-8.0,-3.9,-1.2,-3.2,-0.0,-14.2,-0.5,-2.0,-0.8,-1.7,1.7,-8.7,-0.6,-1.0,1.9,8.3,-4.1,0.5,0.8,0.4,-0.5,0.8,1.8,1.2,0.4,0.1,-6.3,0.6,-7.6,-9.5,1.1,-4.0,2.3,-4.3,-4.5,-1.2,2.7,-18.7,-8.6,3.7,-3.8,-10.6,0.7,-12.2,-2.0,-1.7,-2.5,-7.2,-2.2,-3.6,-2.3,-3.7,-2.6,-2.6,-4.3,-3.8,-3.5,-1.0,-4.6,-2.8,-3.5,-3.9,-3.0,-2.4,-3.7,-3.3,-4.8,-1.6,-0.5,-2.9,-3.6,1.3,-2.3
2C7L513TY3,0,48.101493,11.628244,4442319.71,2777773.75,545.6,591.3,238,7339,2.5,0.84,0.33,32.65,348.96,-0.53,-0.103,0.842,-0.5,0.1,-0.28,0.19,1.3,0.2,-0.3,-4.5,-1.6,1.6,0.3,-1.7,-4.0,-0.1,1.3,6.3,4.4,-0.6,-2.0,4.8,-3.1,4.1,3.8,7.1,1.0,1.4,3.0,0.6,2.6,1.4,1.1,4.5,3.8,5.8,3.1,3.1,1.1,-0.2,0.2,-1.9,-0.1,2.3,1.5,7.6,5.4,7.1,5.0,3.1,2.7,6.4,5.7,5.0,2.7,1.3,-0.4,1.2,2.8,2.0,2.1,3.3,2.5,1.1,3.8,-0.6,2.2,-2.7,-2.4,1.7,0.4,2.3,-2.6,-0.3,-2.7,-0.0,-4.0,1.2,3.1,1.7,3.1,-0.1,0.6,3.4,2.7,2.9,3.1,3.3,3.7,0.6,3.3,0.4,2.0,3.8,4.3,3.0,1.2,0.4,4.5,1.5,2.0,1.4,2.7,4.8,0.2,4.3,5.1,4.5,4.6,0.7,6.0,2.9,4.8,3.7,4.2,4.2,2.2,5.0,3.1,2.2,0.9,1.0,2.8,-0.5,-3.3,-1.7,1.3,6.7,-0.9,13.9,-3.1,0.3,2.7,1.5,5.3,-5.4,4.2,1.5,-0.8,3.8,3.2,0.5,3.9,0.6,1.6,0.2,4.6,3.9,3.9,-0.4,1.3,-0.7,1.0,-3.4,-3.8,1.0,-2.8,-1.4,0.1,-5.6,-2.6,3.3,1.7,2.2,-1.6,1.4,0.3,3.4,1.2,3.0,2.8,0.7,-0.1,1.9,3.9,1.1,-2.0,2.4,3.5,2.6,0.1,1.5,-1.6,-2.1,0.1,3.7,2.9,-10.3,-3.1,1.5,-0.8,2.1,2.7,2.2,0.8,-1.9,3.9,2.6,-1.7,-0.7,0.5,1.5,0.1,0.4,0.1,2.8,1.9,0.7,-0.1,-1.2,-1.3,-1.2,-1.2,2.8,-1.3,-0.7,0.6
2C7L513TY7,0,48.101492,11.628229,4442318.65,2777773.54,535.1,580.8,238,7343,4.1,0.71,0.46,32.65,348.96,-0.53,-0.103,0.842,-0.7,0.2,-0.35,0.31,0.5,0.3,-0.3,-0.3,-2.1,2.4,-1.1,12.5,7.4,-2.2,0.8,-6.0,0.1,-0.9,1.0,2.7,0.1,2.0,9.2,-4.2,0.8,-0.0,6.7,0.5,-4.4,2.9,-0.9,2.6,-3.7,0.4,-6.1,-3.5,-4.8,-4.8,-8.0,-3.5,-3.8,-4.3,-15.8,9.8,2.1,0.3,-0.4,3.6,0.1,-5.9,-0.4,2.6,-2.5,-2.4,-12.2,3.9,5.1,-1.1,1.6,-2.1,2.5,1.8,1.8,-4.2,-2.3,-3.6,-2.6,2.6,0.8,0.3,-3.9,-1.6,-2.8,-0.9,-15.3,-2.3,-0.1,-1.7,0.6,-1.9,-2.2,-2.4,5.2,3.0,2.8,1.9,3.8,-0.1,-3.2,-4.8,0.9,-1.2,2.2,-1.1,0.2,2.3,0.6,-4.3,-3.9,-5.0,0.4,0.8,0.9,0.9,4.8,-3.6,-0.7,-5.3,1.2,2.1,1.8,-2.7,-3.4,-1.4,-0.5,-2.6,-1.3,-1.1,-0.1,-0.4,2.9,4.0,1.2,5.4,-0.6,1.6,-14.1,-0.6,2.3,-2.4,-3.4,1.2,1.1,2.5,2.3,-0.5,-3.0,-3.0,-4.0,-0.8,2.7,-1.8,-1.7,-4.2,-2.7,-1.8,2.4,-0.7,-2.0,-6.2,-3.6,1.5,-5.0,-3.5,-3.7,-4.8,0.1,-6.2,-4.6,-0.1,-5.9,-3.1,3.0,-1.5,-2.8,-1.6,2.5,-0.9,-1.4,1.3,-6.8,-2.9,1.0,-1.7,-3.0,2.2,2.7,-1.2,-14.4,-1.3,-1.5,-3.9,-5.4,-1.7,-1.5,-14.7,-0.9,-2.3,-1.5,-3.5,-3.6,-1.6,2.3,-0.7,-6.5,-0.4,-2.8,-1.6,4.5,2.5,-5.0,-3.5,-5.4,-17.4,-2.9,0.8,-1.3,-2.9,-12.1,-10.9,-7.2,-3.1,-2.1,4.7,-13.2
2C7L513TYK,0,48.101603,11.629093,4442382.74,2777787.28,540.7,586.4,238,7356,1.0,0.97,0.11,32.65,348.96,-0.53,-0.103,0.842,-0.5,0.1,-0.21,0.08,0.6,0.1,-0.3,-0.6,-0.2,-0.8,-0.4,-1.0,0.5,0.0,0.5,0.6,1.4,0.2,0.2,-0.0,-0.3,-0.6,-0.6,-0.2,0.3,-1.7,0.4,-1.7,-1.2,-1.7,-0.9,0.9,0.8,-0.6,0.0,-0.4,-2.2,-6.0,-4.6,-4.9,-3.8,-4.4,-1.9,-0.9,-0.3,1.1,0.6,-1.1,-0.8,-1.6,0.1,-1.5,-1.2,-1.9,-1.5,-0.4,-0.7,0.2,0.7,-0.0,-0.6,-1.2,-0.2,-0.7,0.4,-0.9,0.2,-0.7,-0.8,-0.4,-0.6,-0.3,0.5,-0.7,-0.5,-0.8,-0.5,-0.8,-0.9,-0.9,-1.2,-0.3,-0.3,-1.0,-1.1,-0.8,-0.8,0.1,-1.6,-0.9,-1.4,-0.9,-1.9,-1.5,-1.0,-2.2,-0.4,-2.4,-2.7,-3.0,-1.2,-1.4,-2.0,-1.5,0.3,-1.3,-1.9,-2.7,-1.2,-0.1,-1.0,-1.6,-0.7,-0.7,-1.3,-0.4,-2.5,-1.4,-0.9,-1.0,-1.1,-0.9,-0.9,-2.6,-1.1,-1.0,-0.6,0.0,-1.3,-0.9,-1.5,-0.6,-0.1,-1.3,-0.8,-1.8,-2.9,-2.5,-0.5,-0.6,-1.5,-2.1,-3.0,-1.4,-0.1,0.1,1.4,-2.4,-1.9,-2.5,-1.3,-1.9,-1.5,-3.2,-1.1,-1.2,-1.5,-1.0,-2.0,-1.1,-1.5,-1.8,-1.7,-2.3,-2.0,-1.4,-1.9,-1.8,-1.7,-1.3,-2.5,-3.0,-0.2,-1.3,-3.0,-2.6,-1.2,-2.3,-2.8,-4.3,-2.8,-1.4,-1.0,-1.8,-0.9,-2.2,-0.4,-1.3,-0.8,-2.5,-2.5,-1.0,-1.8,-3.1,-2.0,-2.8,-5.8,-6.0,-3.8,-4.0,-5.2,-4.2,-3.5,-3.6,-3.6,-2.7,-4.4,-2.0,-3.0,-2.7,-2.1,-1.3,-3.2,-2.8,-3.2
2C7L513TYL,0,48.101602,11.629086,4442382.19,2777787.17,537.6,583.3,238,7357,1.2,0.96,0.18,32.65,348.96,-0.53,-0.103,0.842,-0.2,0.1,-0.2,0.09,0.4,0.1,-0.3,-1.5,0.1,-0.9,-0.6,-0.9,0.3,-0.7,0.8,-0.5,2.3,-0.7,-0.6,0.1,-0.2,-0.6,0.1,-0.3,-0.3,-1.1,0.9,-0.8,-0.4,-0.5,-0.6,1.0,1.4,-0.3,1.7,-0.1,-2.0,-5.6,-4.9,-5.9,-3.5,-4.8,-1.7,-0.2,1.3,1.3,2.0,-0.1,0.3,0.7,-0.2,-1.1,-0.1,-1.2,0.9,-0.0,0.6,-0.3,0.8,-0.9,-1.4,-1.7,1.2,-1.0,0.4,-1.1,-0.3,-0.2,0.0,2.1,-0.3,1.3,-1.9,-0.8,-1.9,-0.2,-1.5,-0.5,-2.3,-1.7,-1.4,-1.3,-1.0,-1.2,-0.6,-0.9,-2.2,0.0,-1.4,-0.2,-0.5,-0.3,-0.5,-0.7,-0.8,-1.6,-1.9,-1.8,-1.9,-0.5,-0.1,-0.9,-1.5,-1.3,0.4,-0.7,-1.2,-1.5,-0.7,0.8,-1.2,-1.1,-0.5,0.1,0.0,-0.2,-2.0,-0.5,-0.6,0.2,-1.0,-0.7,-0.8,-1.2,-0.7,0.0,0.2,-0.2,-0.3,-1.1,-1.4,-0.4,0.8,-0.9,0.3,-0.5,-1.5,0.3,0.2,-1.0,-0.7,-1.1,-3.3,-1.6,0.1,2.0,1.8,-1.6,-2.1,-2.1,0.5,-0.9,0.2,0.7,-0.2,-0.2,2.2,0.9,-0.9,-0.7,-1.0,-1.3,-0.0,-0.9,-1.4,0.2,-0.9,-1.3,-0.9,0.7,-1.4,-3.6,2.3,-0.3,-3.0,-1.2,-1.2,-1.9,-2.7,-1.7,-1.9,-2.1,0.1,-0.2,-0.2,-1.3,-0.1,-0.9,-0.5,-0.5,-1.4,-1.3,-1.1,-1.8,-1.7,-1.6,-4.0,-2.4,-1.9,-2.1,-3.4,-1.7,-1.6,-1.7,-1.7,-0.1,-3.3,-2.5,-2.9,-1.6,-2.1,-0.9,-0.9,-0.5,-1.0
2C7L513TYM,0,48.101596,11.62904,4442378.76,2777786.44,532.6,578.3,238,7358,4.0,0.68,0.53,32.65,348.96,-0.53,-0.103,0.842,-0.1,0.2,-0.69,0.3,2.2,0.3,-0.3,1.6,-4.2,-3.0,-4.3,1.1,-10.4,-4.1,0.6,0.6,12.0,1.1,0.8,-1.7,0.8,0.3,1.4,-0.6,-0.0,-1.5,1.4,-1.8,2.1,1.7,-1.7,-1.2,-0.7,1.9,7.7,-6.9,-2.1,-13.4,-10.7,-7.3,-6.9,-14.6,-6.3,2.1,0.7,-2.9,0.6,-0.6,2.3,-2.0,-6.8,-1.3,2.3,0.3,0.7,-6.7,2.7,10.9,5.7,-8.9,1.4,0.3,-3.7,4.5,-1.1,-5.8,1.2,-8.1,0.1,11.2,12.5,14.1,5.6,14.7,7.2,-3.3,3.8,2.3,-3.4,12.0,2.2,-0.4,-0.5,-0.5,-1.6,-0.6,-3.7,0.0,-3.2,-0.8,-0.7,0.3,-4.3,0.2,-11.8,-7.6,-4.9,-3.6,0.4,-2.8,0.7,1.0,0.2,-2.8,-3.2,-3.4,-4.7,-2.4,-0.4,-1.5,-0.3,-3.0,-1.3,1.2,-0.9,-0.0,-3.0,-0.6,1.4,1.3,3.8,1.9,6.7,5.5,-8.6,-6.3,2.7,7.7,-3.3,-0.4,-0.1,0.3,-0.6,1.5,1.2,-1.4,-1.2,-3.3,-4.8,1.2,-2.5,-4.7,-7.6,-2.6,2.5,2.1,2.5,-2.2,-1.5,0.9,3.0,0.7,3.4,7.8,-3.8,-0.7,1.6,7.7,-2.9,0.5,0.9,2.3,0.1,-1.2,-0.3,1.8,0.2,-1.5,-4.3,2.2,-1.1,-5.7,1.5,0.2,-2.2,-1.6,-2.5,-5.4,-7.4,-4.0,-1.1,3.5,4.9,0.3,-2.2,1.4,-1.4,0.2,0.8,-3.2,-1.7,-1.3,-0.9,-1.2,1.2,-0.4,-3.2,-1.3,-1.8,-0.2,-2.7,0.3,-1.0,-5.3,-2.8,-1.2,-4.3,-2.3,-1.5,-1.6,-0.6,-4.6,-5.7,-2.1,-0.5
2C7L513TYN,0,48.101682,11.629712,4442428.64,2777797.08,561.9,607.6,238,7359,3.7,0.72,0.48,32.65,348.96,-0.53,-0.103,0.842,-0.9,0.2,0.39,0.28,0.6,0.2,-0.3,-0.9,-0.6,-1.3,0.6,-0.1,-1.8,2.5,-3.5,-2.6,0.6,-1.3,-3.6,-2.3,0.7,-0.7,-2.5,-0.1,0.0,1.6,1.1,-6.0,1.5,1.0,4.7,3.1,-1.2,-2.1,-3.7,-2.5,-4.1,-8.5,-6.7,-4.8,-3.3,-3.2,-1.2,4.7,3.4,0.1,3.4,-4.0,-1.8,-2.1,-4.4,0.3,-5.4,-4.2,-4.0,-0.7,-2.2,-1.6,5.5,2.3,-3.3,-5.0,-0.4,-1.2,3.3,0.5,0.5,-2.5,-4.2,-4.0,-2.0,-2.1,-1.5,-0.0,0.7,-3.4,-3.5,-4.9,-3.5,-2.4,-1.7,-1.4,-0.9,0.8,-0.4,-3.6,-2.5,-8.3,-7.6,-3.4,3.3,-0.9,-0.7,-10.4,4.6,0.4,3.3,-3.9,-7.9,-8.1,-6.0,-9.2,8.2,-0.7,-1.9,-7.1,-6.1,-6.4,2.2,-0.8,-3.5,1.6,-15.3,1.5,-6.1,-1.2,4.5,-3.6,-4.8,-7.2,0.3,-6.5,-0.7,-4.1,-2.6,-2.3,-5.5,0.5,-13.7,-6.9,-3.9,-5.0,1.6,-5.1,-4.5,-5.4,-9.2,-2.4,-8.9,-1.7,-2.8,-2.9,-5.0,4.3,0.5,-2.6,-1.4,-2.3,-5.4,-2.7,-2.7,-2.8,-3.1,-5.2,-0.2,-2.3,-3.1,-2.7,-6.1,-5.3,-3.8,-2.8,-5.3,-14.9,-0.8,-9.7,1.5,-0.8,6.6,-7.1,-7.8,-9.5,-4.9,-7.4,0.9,-3.4,-0.9,-2.7,0.9,-3.4,-4.6,-0.9,-5.2,-0.4,-7.5,-7.2,-5.5,-8.2,-7.0,-3.6,-4.3,5.5,-9.1,-11.5,-5.5,-3.3,-10.8,-8.5,-6.1,1.5,-3.7,1.5,-1.8,-6.2,-14.7,-3.3,-5.0,-3.2,-2.7,-11.3,-4.3,-2.3,-2.3,-3.3,-0.0
2C7L513TYS,0,48.101684,11.62973,4442430.01,2777797.4,548.3,594.0,238,7364,1.9,0.91,0.25,32.66,348.96,-0.53,-0.103,0.842,-0.7,0.1,0.01,0.14,0.6,0.1,-0.3,-0.4,-0.7,-2.3,-0.8,-1.1,0.6,-0.3,0.4,-2.0,3.6,-0.6,0.7,-1.9,-0.8,-2.5,-2.3,1.5,2.5,1.5,1.7,-4.6,-1.8,-2.8,0.8,0.2,2.3,-2.2,-1.9,-2.1,-3.1,-5.8,-3.7,-4.2,-4.1,-2.8,0.7,-1.4,2.0,2.0,3.5,-2.2,-2.5,-2.0,0.3,-0.7,-3.9,-3.5,-1.9,-0.7,-0.4,0.6,1.3,-0.3,-1.6,-2.2,-1.9,-0.8,-0.1,0.2,-0.3,-0.3,-2.5,-3.6,-0.3,0.9,0.7,-0.4,0.9,-2.7,-2.5,-2.8,-3.4,-0.1,-0.3,-2.4,-1.1,-2.2,-3.6,-3.4,-0.2,-3.3,-4.4,-2.6,-2.0,-2.7,-1.5,-2.2,1.8,0.3,-1.1,-4.3,-4.4,-7.0,-3.1,-2.6,-4.8,-3.8,0.2,-2.6,-4.3,-5.3,-2.8,-0.2,-2.9,-2.8,-2.0,-2.6,-3.5,-3.6,-5.4,-4.3,-2.4,-3.5,-1.0,-1.1,-0.9,-0.3,-0.7,1.3,-0.9,0.8,0.5,-1.8,-3.5,-1.4,1.4,-1.7,-3.1,-3.0,-5.3,-4.0,0.1,-3.1,-1.0,-0.5,-1.6,-0.9,-2.1,0.1,-1.6,-1.2,-2.7,-3.3,-2.5,-1.5,-1.0,-4.2,0.5,-1.1,-1.6,-0.7,-3.4,-2.7,-3.9,-4.3,-3.2,-4.9,-3.8,-3.5,-2.1,-1.6,0.5,-2.0,-4.6,-3.0,-4.2,-7.2,-1.6,-5.4,-2.4,-2.9,-3.2,-5.9,-4.1,-2.4,-5.9,-1.5,-3.9,-5.7,-2.0,-4.3,-3.5,-3.4,-3.7,-2.4,-5.0,-6.3,-4.8,-5.8,-8.4,-7.5,-6.3,0.7,-6.4,-2.2,-2.4,-0.1,-5.2,-3.7,-7.2,-3.5,-2.9,-3.1,-3.0,-1.6,-3.0,-2.4,-5.0
2C7L513TYT,0,48.101694,11.629803,4442435.41,2777798.56,549.1,594.8,238,7365,2.8,0.81,0.4,32.66,348.96,-0.53,-0.103,0.842,-0.6,0.1,0.14,0.22,0.1,0.2,-0.3,-1.2,-2.0,-2.0,-1.3,-1.7,2.7,-1.9,-0.5,-2.9,6.9,0.2,2.3,-1.2,-4.8,-1.7,-1.9,4.9,6.4,5.4,5.8,-2.2,1.0,-5.6,0.9,1.2,2.7,-1.4,-2.4,-0.9,-0.8,-4.1,-2.7,-0.8,-1.4,0.3,3.9,1.1,4.2,3.7,3.3,-1.2,-2.6,0.1,2.6,1.2,-5.1,-7.8,-2.8,1.5,-0.8,2.6,2.8,-0.8,-4.4,-2.8,-3.4,-2.5,0.4,-0.3,-3.3,-1.5,-3.4,-4.7,-3.9,1.3,3.8,0.2,7.8,-4.3,-1.3,-1.7,-3.0,2.8,-0.6,-2.0,-0.9,0.5,-1.8,-2.6,2.4,-2.4,-3.6,-3.6,-2.9,-5.2,-0.3,-1.4,1.9,7.3,1.1,-3.2,-3.6,-5.7,-2.3,-1.7,-4.8,-5.5,1.7,-0.8,-2.7,-6.6,-2.1,0.5,-2.5,-2.6,-1.9,-3.9,-3.7,-4.2,-4.1,-2.7,-4.2,-4.9,-3.0,-1.8,1.5,4.7,0.9,4.3,-3.4,5.3,0.7,-3.3,-4.9,-1.4,2.1,1.7,-1.0,-1.4,-3.8,-1.9,-0.5,-0.8,1.4,0.2,-0.0,0.5,-0.3,1.6,-0.4,1.6,-2.4,-3.4,-1.0,0.1,0.7,-2.3,3.2,-1.0,-1.5,2.8,-4.1,-1.8,-3.3,-3.5,-3.6,-6.1,-5.9,-3.5,-2.2,-0.4,2.5,0.0,-2.5,-1.9,-2.7,-6.3,-1.6,-4.2,-1.6,-2.6,-1.7,-4.1,-4.0,-0.7,-4.4,-1.3,-4.3,-5.5,-5.2,-4.9,-3.6,-3.2,-4.2,-3.7,-3.9,-7.5,-3.7,-4.1,-6.4,-7.4,-4.3,1.9,-6.4,-2.0,-0.9,0.1,-3.3,-1.6,-6.3,-2.3,-1.8,-3.1,-3.9,-0.5,2.8,1.1,1.3
2C7L513TYr,0,48.101833,11.63089,4442516.04,2777815.88,535.8,581.5,238,7389,3.4,0.77,0.41,32.66,348.96,-0.53,-0.103,0.842,-0.6,0.2,0.25,0.26,0.7,0.2,-0.3,-5.4,-1.6,-1.3,-3.2,-2.5,1.6,-1.2,-0.9,0.3,6.8,0.9,4.5,2.4,2.5,1.1,2.2,-0.0,-3.5,-2.7,-2.7,-2.6,-2.8,-1.5,0.4,-1.6,-0.7,1.9,5.9,0.8,-3.7,0.7,-5.1,-4.0,-3.3,-4.4,-7.5,-3.1,-4.1,-2.2,-3.3,0.4,-1.5,-2.4,-1.1,-1.4,2.3,6.3,3.9,-0.4,-9.3,-0.3,2.5,0.0,-2.7,-3.5,-4.7,-1.9,-2.1,-4.5,-5.6,-2.2,-2.2,-0.1,-4.1,0.8,1.2,-7.6,-7.3,-3.5,-1.9,-6.5,-3.1,-4.7,-1.7,-2.6,-2.8,-4.8,-1.8,-1.5,-4.0,-6.2,-6.5,-2.5,-0.8,-0.0,-3.1,-4.7,-5.2,-3.3,-1.6,-2.0,-0.8,-6.2,-6.4,-6.6,-1.3,2.5,-2.6,-4.1,0.3,-1.1,-2.5,-1.9,0.3,-2.0,0.5,1.6,0.5,0.3,-1.9,-0.0,-1.5,-0.6,0.5,0.1,-2.7,-7.3,-3.3,-3.5,-2.8,-3.5,-2.5,-3.9,-2.4,-5.7,-2.8,1.5,-1.1,-1.0,-2.4,-7.3,-5.4,-7.8,-2.7,-4.4,-5.8,-2.2,-6.3,-0.8,1.6,12.0,-2.4,-0.8,-3.6,-3.7,-2.0,-5.2,-1.8,-4.3,-2.7,-11.0,-2.6,-4.0,-1.3,-3.2,-1.3,-2.5,-0.7,0.9,-1.0,-3.8,-1.4,-1.4,-9.2,-2.8,-2.9,-1.7,-2.0,-0.6,-0.1,2.2,-0.9,4.3,-16.9,-5.1,-11.7,-5.7,-4.2,-6.7,-4.2,-6.5,-2.4,-4.1,-1.7,-3.3,-3.1,-15.7,5.6,-4.2,-5.8,-2.7,7.2,-0.8,2.4,-6.4,-11.8,-1.9,-1.1,-3.9,-5.7,-2.8,-1.2,2.9,-10.1,-2.9,-6.3,-7.7,-4.9
2C7L513TZB,0,48.101982,11.632051,4442602.14,2777834.35,537.5,583.2,238,7409,2.1,0.89,0.37,32.67,348.96,-0.53,-0.103,0.842,-0.2,0.1,-0.11,0.16,0.5,0.1,-0.3,1.1,2.5,1.4,0.1,0.2,-0.7,2.5,2.8,0.3,-5.6,0.7,1.2,-0.0,1.7,1.8,2.0,1.1,1.5,0.9,0.9,-1.8,-1.6,2.0,2.7,3.2,-1.3,2.3,-2.4,2.5,-5.0,-7.2,-4.5,-5.0,-0.1,-1.6,-3.4,0.1,-4.1,6.7,-6.0,-1.1,-5.3,-1.0,-0.8,0.8,-0.8,-3.7,-2.2,-1.1,-1.0,0.8,0.7,0.2,1.0,-0.7,-1.2,-3.1,-0.3,-0.9,-0.9,-2.1,-1.1,-1.7,0.9,-0.6,-5.5,-1.3,-3.1,1.5,0.6,-2.9,1.1,-3.3,-0.8,-0.4,0.0,-0.9,-0.5,-1.7,-0.2,0.1,0.2,-1.4,0.9,1.0,1.6,3.6,-0.5,0.2,1.0,-2.5,0.1,-1.3,-0.7,-0.2,2.1,-2.3,3.6,1.8,1.9,-1.0,2.5,0.9,2.0,0.9,-0.0,2.1,-0.2,2.1,-0.1,0.8,0.9,-0.3,0.5,-0.6,-1.6,-1.8,-1.5,-0.8,-0.7,-3.0,-0.8,1.7,2.0,4.9,2.6,-2.7,-0.2,0.1,-4.1,-3.9,-1.2,-1.3,-0.2,-1.1,-0.0,-2.1,-0.6,3.9,2.4,-6.2,-2.5,-1.7,0.0,-3.0,-2.4,-2.4,-2.4,-1.0,1.7,-2.1,-2.9,-0.1,0.2,-0.4,1.8,0.9,-0.9,0.2,-1.6,-0.9,-1.4,-3.4,-0.9,-2.4,-1.5,-4.2,-3.6,0.9,1.6,1.3,-1.3,-4.6,-3.6,-2.6,-0.1,-1.3,1.4,1.0,0.3,1.7,-0.5,1.4,0.1,0.7,1.3,-2.0,1.1,-1.0,-3.7,-3.2,-2.1,-2.5,-3.1,-4.3,-2.5,-1.0,-5.7,-2.6,-2.3,-1.5,1.0,-0.6,-1.5,2.7,-4.5,0.1,0.2
2C7L513TaH,0,48.10248,11.635928,4442889.81,2777896.06,536.7,582.3,238,7477,1.9,0.9,0.33,32.68,348.96,-0.53,-0.103,0.842,-0.3,0.1,-0.28,0.15,0.7,0.1,-0.3,1.6,0.6,0.9,-0.1,1.6,-0.3,0.9,0.8,0.1,-2.4,0.7,1.4,-0.5,-0.6,1.1,-1.6,-5.3,-1.7,-3.9,-5.7,-1.9,-2.7,1.0,-1.8,-0.4,-0.4,-0.3,-1.8,1.4,-4.0,2.5,-7.7,-4.0,-5.2,-6.4,-3.4,-1.0,-1.8,-0.7,-1.1,-1.4,-1.5,-2.3,-1.0,-1.4,0.4,-0.3,-2.2,-1.0,-2.3,-0.8,-2.5,-1.6,-0.8,-1.7,-0.5,-1.7,-0.0,0.3,0.3,-0.2,-0.4,-3.0,0.8,-1.2,-2.6,-2.8,-2.5,-1.6,0.1,-2.9,1.8,2.0,-0.7,-0.6,-0.6,0.5,-0.7,0.2,-3.4,0.6,-1.6,-2.2,-1.3,-0.9,-2.9,-1.3,-3.2,0.9,-0.7,-2.0,-2.1,-3.0,-6.3,-0.9,-1.0,-3.6,-1.2,0.6,-2.6,-0.4,-0.9,-2.1,-0.2,-0.6,-2.1,-1.1,-1.1,-2.7,-0.7,-1.7,-0.8,-1.1,-1.5,-1.8,-1.4,-1.0,-2.0,-1.4,-3.8,-4.2,1.3,-2.3,-3.7,-1.7,-1.5,-6.1,-1.1,-3.2,-2.9,-1.7,-3.7,-3.6,-0.3,-3.9,-2.1,1.3,-3.3,0.8,-2.4,-5.6,-6.2,-4.1,-2.2,-1.9,-2.2,-1.4,0.4,-1.7,-1.4,1.1,-2.2,0.5,1.1,2.2,2.1,2.1,0.4,2.0,0.6,-6.6,-5.9,2.6,0.3,1.2,-3.6,-3.2,-4.1,-1.5,-0.4,-2.1,-4.4,-8.0,-1.1,-0.6,-1.2,-0.6,-0.6,-4.6,-1.2,-0.2,1.7,3.6,-0.3,-2.2,-2.4,-3.9,-2.1,-1.8,-0.7,-3.3,-5.8,-5.6,-5.5,-2.8,-3.5,-3.3,-3.4,-4.4,-2.0,-3.3,-4.0,-5.2,-4.3,-2.9,-6.3,-5.5,-4.2
2C7L513TWt,0,48.100979,11.624097,4442012.01,2777709.82,544.0,589.7,238,7267,3.5,0.76,0.42,32.63,348.96,-0.529,-0.103,0.842,-0.4,0.2,0.68,0.26,0.2,0.2,-0.3,-0.3,-0.8,0.1,1.5,0.0,-0.5,-1.0,0.4,1.0,1.0,-0.9,-0.8,-1.6,1.3,-2.3,0.4,0.1,-5.2,-0.7,-1.4,-2.4,0.9,2.8,-1.2,2.3,-0.0,2.8,7.2,-0.4,-0.3,-16.2,-2.9,-1.6,-2.8,-3.6,1.0,2.5,-3.2,2.5,2.6,1.0,1.8,-0.7,4.0,-0.0,-1.1,-2.5,-2.8,-1.5,0.4,-0.2,-1.5,-1.2,0.1,-2.9,0.4,-2.6,-2.8,-0.6,-3.4,-1.5,1.9,0.1,-2.9,-8.6,-4.6,-1.8,-4.1,-2.3,0.2,-2.9,-1.8,-2.3,-2.3,-4.8,-3.3,-0.5,-0.7,1.7,-2.8,0.6,-0.5,-1.6,-1.4,-2.7,-3.2,-5.8,-2.1,5.2,-3.9,-6.7,-11.2,-5.3,-7.5,-8.5,-2.4,3.0,-0.3,-1.4,3.6,-0.1,1.2,-5.7,-15.7,-2.4,-2.8,-0.5,-1.9,-0.7,0.2,1.9,-1.8,0.3,-1.6,1.4,7.5,-3.1,-4.0,-0.3,-4.3,-1.3,-1.5,-1.0,-2.0,-2.7,4.6,-5.5,-0.5,-0.8,-1.3,-2.6,-5.4,-5.2,-0.4,-3.5,-3.5,0.4,-5.4,-1.9,0.0,-8.5,-3.9,-5.5,-3.5,-2.9,-6.1,-0.1,-7.3,-5.7,-5.8,-5.4,-5.8,-6.3,-5.4,-4.6,-7.1,-4.0,-5.2,-0.7,-2.5,-0.6,-2.4,-0.5,-3.7,-4.4,-8.8,-1.8,-2.5,3.6,0.7,0.3,-2.4,-9.5,-0.5,-8.9,-4.7,2.1,-11.7,0.6,-15.6,5.9,5.0,2.6,4.3,2.9,-0.4,5.3,-1.9,-2.1,-2.6,-0.4,0.6,-2.4,-2.8,-0.8,-1.5,-3.0,1.2,-2.4,-1.1,-7.1,-3.0,-4.1,-6.7,1.3,-4.4,-5.0,-2.4
2C7L513TX4,0,48.101057,11.624703,4442056.98,2777719.47,543.9,589.6,238,7278,4.6,0.8,0.37,32.63,348.96,-0.529,-0.103,0.842,-0.7,0.2,-0.42,0.35,0.8,0.3,-0.3,-2.7,-3.5,-4.3,-4.0,-0.2,-1.6,-1.2,1.7,-0.5,1.4,-0.0,-0.1,0.2,-1.5,-4.0,-3.6,-3.4,-1.7,-2.0,-1.2,19.5,-5.0,18.2,-4.1,-3.6,-2.6,-3.3,0.8,-0.6,-2.6,15.2,-2.5,-3.5,-1.7,-5.6,-6.7,0.5,-2.9,-2.3,-5.6,15.9,-3.1,-4.0,-2.1,-1.8,-3.2,-4.2,-3.9,-3.1,-2.9,-1.2,-6.1,-2.8,-4.3,-5.3,-1.6,-1.8,-2.4,-3.4,-2.9,-2.4,-4.3,-2.4,-6.1,-1.8,-1.1,-2.7,-4.4,-5.0,-4.1,-2.9,-2.8,-2.9,-2.3,-3.1,-0.9,-1.9,-1.9,-3.1,-4.3,-1.8,-0.7,-2.8,-1.1,-2.1,-4.5,-4.7,-3.5,-0.4,-5.4,-1.1,-1.4,-1.1,-3.0,-5.4,-2.9,-0.8,-1.4,-2.3,-0.6,-3.6,-3.2,-2.4,-1.7,-1.6,-0.5,-1.5,0.1,-2.2,-1.4,-2.2,3.3,4.0,-6.9,20.7,-7.0,9.2,0.1,-0.5,-2.1,-2.0,-4.8,-4.9,-4.1,-2.5,-1.8,-3.5,-2.0,-1.5,-6.9,-4.5,-4.8,-2.3,-5.9,-2.7,-5.2,-0.4,-4.9,7.8,-3.7,10.7,3.2,3.4,0.4,3.3,4.5,7.9,2.3,1.4,-1.8,3.5,-0.6,-1.5,-6.0,-5.7,-2.8,-5.0,-3.6,-2.0,-5.7,-7.1,-9.1,-3.1,-7.9,-5.4,3.7,-3.3,-9.2,-5.1,-5.6,-6.8,-8.5,-7.0,-6.0,-4.5,-2.3,-2.5,-4.3,-2.6,-6.7,-5.7,-5.6,15.3,-6.4,-6.1,-5.0,-7.2,-3.6,-2.7,-9.0,-7.0,-4.9,-6.5,-5.9,-6.7,-5.1,-6.6,-6.8,17.1,-6.3,-5.7,-5.4,-7.8,-5.9,-3.1,-6.2,-7.6,-3.7
2C7L513TXU,0,48.101256,11.626248,4442171.62,2777744.06,545.1,590.8,238,7304,1.9,0.91,0.42,32.64,348.96,-0.529,-0.103,0.842,-0.1,0.1,-0.46,0.14,0.5,0.1,-0.3,-0.8,1.2,-1.1,0.6,-1.1,-0.7,-0.9,0.2,-0.1,-6.3,0.3,0.0,0.8,0.6,1.2,-0.2,0.3,-0.7,-3.2,-1.2,2.2,-0.8,1.5,4.3,2.2,4.7,0.1,1.6,-0.6,0.4,-7.9,-3.3,-2.4,-2.7,2.3,-2.4,-2.2,0.9,1.0,-0.9,0.8,8.6,1.5,2.0,1.0,-0.9,2.5,-0.3,-1.3,0.8,2.7,2.0,1.4,0.8,1.3,1.5,2.0,1.3,1.3,1.4,1.5,1.6,4.9,0.3,-1.1,2.0,-0.1,-1.7,-0.1,0.2,-0.1,-0.3,-0.4,0.1,0.3,-0.3,-1.8,-0.7,0.9,-0.8,-1.8,-0.8,-0.2,0.5,-1.7,-1.2,-0.0,-0.1,0.1,1.8,0.1,2.6,-5.7,-0.0,-0.9,0.5,3.8,0.7,2.5,3.8,1.0,0.7,4.8,6.2,1.1,2.0,1.4,1.6,-2.5,-1.3,-1.8,-0.4,1.5,-1.3,0.4,3.5,5.0,2.2,1.1,1.0,2.8,-0.1,0.6,-0.8,1.8,-0.1,0.1,0.9,-0.4,-1.1,-0.0,1.4,2.1,1.0,2.5,-0.2,0.5,0.7,5.6,4.2,1.6,1.4,1.2,0.1,1.4,0.8,3.4,1.5,0.9,1.2,0.4,-0.4,0.3,-0.3,0.0,0.3,1.2,0.4,3.0,0.1,-0.3,1.9,0.1,-2.1,-2.2,2.7,-0.4,-2.6,-0.6,-0.6,-0.3,-1.0,-2.7,-1.8,-0.3,-0.0,0.2,0.8,0.2,0.9,0.2,-0.2,-0.2,0.1,-0.3,0.3,-0.3,0.7,0.7,-7.0,1.6,-0.8,-0.6,-1.6,3.2,0.4,-2.1,-0.4,-2.0,-1.0,-1.3,-0.3,0.1,1.1,0.3,0.1,-0.7,-0.2
2C7L513TXX,0,48.101248,11.626189,4442167.21,2777743.13,536.1,581.8,238,7307,4.1,0.6,0.47,32.64,348.96,-0.529,-0.103,0.842,1.1,0.2,0.4,0.34,1.7,0.3,-0.3,-2.0,-2.3,-0.7,2.2,1.9,-5.0,0.4,-11.7,5.4,5.9,-9.3,-14.7,-5.5,-7.8,-4.9,-4.2,-4.9,-6.8,-3.6,-6.2,-1.5,-2.2,-3.5,-4.5,-2.1,-2.3,-0.1,-0.8,-5.2,-7.1,-5.9,-6.8,-4.3,-5.2,-4.8,-4.2,2.1,-5.7,-3.3,-5.6,-2.8,-2.6,-1.6,-3.4,-5.5,-8.6,-2.6,-7.9,-7.6,-7.7,-1.9,-3.5,-2.1,9.4,-2.2,-3.5,-3.3,-8.8,-7.7,-9.8,-6.5,-8.8,5.1,-8.4,-5.4,-4.1,-9.5,-10.7,-10.5,-7.9,-4.1,-11.4,-11.5,-11.3,-9.5,-12.5,-10.3,-7.4,-8.5,-8.1,-9.5,1.0,-8.3,-6.4,-4.4,-4.1,-5.6,-8.9,-4.4,-4.3,-5.1,-8.5,-9.8,-5.1,-6.2,-3.7,-7.0,-2.2,-4.7,-5.3,-4.5,-3.0,-3.5,-3.1,-2.1,0.4,-4.2,-3.4,-7.2,-6.0,-5.4,-5.6,-6.2,-3.0,-6.1,-5.0,-3.9,-4.6,-5.9,-5.8,-4.6,-5.5,-3.6,0.1,-2.9,-3.5,0.3,0.8,-4.0,-7.1,-5.1,-0.6,0.5,-2.3,-3.8,-3.9,-4.3,-0.5,0.3,2.5,1.9,3.0,-2.7,-1.1,4.0,2.5,4.9,0.2,-8.0,-3.2,-4.0,6.0,-3.4,-0.4,-1.9,-4.8,-9.5,1.9,2.0,-0.6,-10.8,2.2,-4.7,-8.1,1.5,7.1,-0.3,-3.8,1.6,2.2,-5.5,3.5,-0.8,3.4,10.2,4.6,-5.6,9.4,3.0,6.0,5.9,11.7,6.2,3.7,5.1,-8.4,-5.7,-11.5,-6.3,-5.3,-1.7,0.2,3.1,-1.6,-3.4,-2.9,0.1,-7.2,13.4,12.7,-7.7,-7.3,-3.4,-5.1,-3.4,-4.1,-5.9,-2.4
2C7L513TY5,0,48.101412,11.627463,4442261.72,2777763.47,501.8,547.5,238,7341,4.2,0.61,0.47,32.65,348.96,-0.53,-0.103,0.842,-0.5,0.2,-0.62,0.32,2.0,0.3,-0.3,-6.0,-0.6,-5.5,4.4,7.3,0.9,-0.7,7.1,0.6,-8.3,3.0,1.8,5.1,4.6,5.3,7.3,0.8,5.0,2.5,-0.9,5.2,5.1,-4.9,6.3,3.8,8.8,14.1,0.8,-5.6,-4.9,-6.7,-2.6,0.1,-5.4,-4.9,-4.6,1.0,-0.8,7.9,-2.2,-4.0,-2.9,-3.7,5.4,-1.0,-1.8,-8.1,-6.8,1.3,-2.4,2.1,-2.1,-0.1,-0.8,-5.2,2.5,-1.2,1.0,-2.8,-0.7,3.0,-1.7,3.5,0.9,5.5,-3.4,1.2,-5.1,-3.1,-0.1,-5.8,-1.3,-0.7,-3.4,4.3,0.3,-3.5,-4.6,1.7,3.9,5.1,-0.4,2.4,2.8,-2.0,-5.1,2.1,-2.7,2.0,0.8,-4.6,2.1,4.0,-0.3,5.5,-2.2,-3.7,2.1,-3.7,10.2,-0.4,-0.4,1.3,-4.6,-2.4,-0.3,-3.9,-3.2,3.2,-2.1,-0.7,-2.9,-0.2,-0.8,-4.3,0.1,10.7,1.3,1.5,-0.5,8.2,4.2,3.3,5.5,3.9,0.7,-0.1,2.4,1.7,2.4,-2.4,13.1,-7.8,3.2,-1.4,-1.7,1.5,-9.4,-0.6,0.1,-4.6,-3.9,-3.3,-1.2,-0.4,3.7,-3.7,-6.0,-6.0,2.8,7.8,4.2,-9.4,4.7,11.6,3.1,3.2,2.8,8.4,3.3,-0.4,0.5,-9.1,-0.6,0.1,0.5,-4.9,-4.9,-0.0,-1.3,-6.3,1.7,-5.0,-8.1,-1.1,-10.9,-0.5,-12.8,1.2,3.5,-6.7,2.6,-1.1,1.1,-1.3,2.7,0.5,4.5,-4.1,-5.9,-3.7,-4.3,0.7,-0.4,-1.2,-6.6,-14.7,-0.8,-3.7,-3.7,-5.5,-3.9,0.7,3.6,-13.3,-0.9,-3.8,-2.6
2C7L513TYG,0,48.101605,11.628965,4442373.2,2777787.3,544.6,590.3,238,7352,1.7,0.89,0.31,32.65,348.96,-0.53,-0.103,0.842,-0.5,0.1,-0.34,0.13,1.7,0.1,-0.3,-0.6,4.1,-0.4,-0.1,-1.3,-0.6,1.4,0.9,-0.0,-3.8,2.2,-0.9,0.3,0.5,-2.1,-1.0,-1.0,-1.1,-3.4,-2.0,-3.6,-3.0,-4.9,-2.1,-0.7,1.2,-4.7,-2.2,-3.5,-4.4,-8.0,-8.3,-6.5,-1.0,-7.7,-4.0,-2.4,-2.9,0.3,-0.9,-3.4,-2.9,-4.3,-1.7,-3.7,-4.8,-5.1,-3.9,-1.5,-0.6,-3.0,-1.0,-2.3,-2.4,-2.1,-0.1,-1.8,-0.8,-2.6,-2.2,-1.4,-1.7,-1.9,-0.5,2.4,-0.7,-2.4,-4.7,-1.1,-3.0,-0.9,-5.1,0.7,-1.3,-1.4,-3.2,-2.0,-3.0,-0.9,-5.7,-2.4,-4.3,-0.5,-2.0,-3.2,-4.0,-4.0,-1.6,-3.4,-2.6,-3.6,-4.3,-5.8,-1.4,-1.2,-4.6,-3.6,-2.3,-2.7,-4.9,-6.1,-3.6,-2.0,-3.5,-2.1,-1.8,0.1,-3.8,-2.6,-4.3,-0.9,-1.9,-1.9,-0.2,0.5,0.4,-3.6,-2.7,-2.3,-0.3,0.2,-0.7,-0.9,-0.7,-0.0,-0.2,-3.4,-2.2,-4.5,-4.7,-3.3,-2.7,-2.5,-2.1,-3.4,-3.8,-3.3,-3.7,-0.7,-1.0,-3.5,0.7,-3.4,-0.4,-0.8,-0.3,-3.5,0.4,-0.8,1.4,-2.4,-2.9,1.6,0.2,-2.1,-1.8,-4.4,-3.9,-3.8,-4.0,-4.9,-2.5,-2.9,-4.5,-4.8,-2.1,-3.3,-4.3,-4.8,-3.3,-4.0,-6.3,-7.1,-4.5,-3.2,-6.9,-1.0,1.0,3.1,-1.3,-1.1,-2.6,-3.9,-5.7,-2.6,-3.9,-4.3,-3.7,-6.1,-7.9,-8.8,-7.6,-6.8,-9.1,-6.7,-8.4,-5.1,-5.9,-4.1,-6.3,-5.4,-4.0,-1.6,-0.7,-3.0,-2.8,-2.2,-3.3
2C7L513TYV,0,48.101703,11.629729,4442429.86,2777799.46,539.6,585.3,238,7367,1.7,0.95,0.22,32.66,348.96,-0.53,-0.103,0.842,-0.3,0.1,-0.25,0.13,0.1,0.1,-0.3,0.7,0.2,-0.1,-0.2,0.4,-1.0,0.8,0.9,0.4,-2.5,0.3,0.1,0.1,0.3,-0.1,0.5,1.2,0.3,0.7,-0.2,0.2,0.5,1.0,1.9,2.5,2.8,1.7,1.6,0.7,-1.5,-2.4,-2.8,-3.1,-1.5,-3.1,-0.0,1.7,0.1,1.9,1.5,1.0,1.6,1.2,1.0,0.3,-0.4,-0.5,-0.4,-0.3,0.4,0.1,1.0,-0.0,-0.4,-0.8,-0.4,-0.3,-0.1,-0.3,0.8,0.6,0.2,-1.7,0.1,3.5,0.1,-0.3,-3.5,-0.6,-1.2,-1.0,-1.5,-0.5,-0.6,-0.3,-0.6,-0.3,0.1,1.1,0.1,0.3,-0.5,-0.0,0.0,-1.0,-0.2,-0.3,1.9,0.5,0.5,-0.2,-0.3,-0.8,1.3,0.0,-0.0,1.6,1.3,0.2,-0.1,-0.7,-0.4,0.5,0.6,-0.5,0.7,0.8,0.6,0.6,-0.9,-0.1,0.2,-0.5,0.0,-0.3,0.2,-0.6,0.5,1.4,0.2,13.6,0.8,0.9,-0.5,0.7,1.4,-0.0,0.9,0.5,-1.7,0.1,-0.1,2.9,0.5,-1.8,-1.3,-0.1,-0.3,2.9,3.6,2.8,0.8,-1.3,-0.6,-0.3,0.0,-0.8,1.0,0.0,-1.2,-2.3,-1.6,-0.6,-1.1,-1.5,-1.4,-1.0,-1.1,0.0,-0.6,-1.6,-0.0,-1.2,-2.6,-2.0,0.8,-0.1,-1.9,-1.5,0.5,-0.1,-1.4,-2.4,-1.8,-1.1,-7.8,-0.3,-1.1,7.8,-1.3,-1.9,-1.5,-1.9,-1.0,-1.0,-0.4,0.2,-0.6,-1.1,-3.6,-3.4,-0.4,-0.1,-2.9,-0.2,-0.8,-0.2,-1.0,-0.3,-2.2,-0.5,-1.5,-1.7,0.0,0.5,-1.4,-2.5,-1.5
2C7L513TYW,0,48.101713,11.629809,4442435.83,2777800.74,540.8,586.5,238,7368,1.3,0.96,0.2,32.66,348.96,-0.53,-0.103,0.842,-0.4,0.1,-0.17,0.1,0.3,0.1,-0.3,0.3,0.6,1.1,0.6,0.6,-0.9,1.0,0.7,1.4,-0.4,1.4,-0.3,1.5,0.7,1.8,1.9,2.3,2.3,0.5,1.0,-0.0,0.8,0.8,1.8,2.3,2.7,0.9,-0.1,1.4,-1.2,-3.6,-2.7,-1.8,-1.1,-2.9,-0.6,1.5,1.5,2.2,2.1,1.0,0.1,1.3,1.1,0.3,-1.0,-0.4,-0.8,-1.4,0.9,-0.1,0.7,-0.3,-0.1,-0.5,0.1,0.0,-0.5,-0.3,-0.2,-0.4,0.1,0.0,1.0,-2.5,-0.7,-1.1,-0.6,1.1,-0.2,0.3,0.5,-1.0,0.7,1.4,2.0,1.5,2.5,2.0,1.0,1.2,0.4,0.9,1.5,-0.3,0.1,-1.0,1.5,-0.4,0.8,-1.0,0.0,-0.9,1.4,-0.3,-0.6,0.6,1.6,0.4,-0.4,-1.1,-0.5,1.5,0.7,-0.2,0.4,-0.0,0.8,1.1,-0.2,0.9,1.0,0.5,0.7,0.9,0.5,-1.0,-0.0,-0.3,0.1,-3.7,0.8,1.1,0.8,2.8,3.6,0.2,1.8,1.4,-1.3,0.3,0.8,-0.3,1.0,-0.8,-0.2,-0.7,0.2,3.1,4.0,-0.7,-0.2,-0.6,0.0,-1.3,-0.6,-2.7,0.5,-0.3,-0.2,-2.0,-1.3,-1.1,-0.1,-0.0,-1.1,-0.7,-1.1,-0.1,-1.1,-2.0,-0.6,-1.1,-2.7,-1.6,0.3,1.9,-2.2,-0.2,0.3,-0.2,-2.1,-2.5,-2.7,-1.6,-2.2,-0.7,-1.2,-9.9,-2.1,-2.0,-2.2,-1.8,-1.3,-0.6,0.3,-0.7,0.5,-0.7,-2.8,-1.9,-0.8,-0.6,-3.3,1.3,-0.2,-0.7,-1.8,-1.2,-1.5,-1.8,-2.8,-1.4,-0.8,-0.0,-1.5,-2.8,-0.2
2C7L513TYa,0,48.101712,11.629802,4442435.29,2777800.64,531.5,577.2,238,7372,4.2,0.66,0.48,32.66,348.96,-0.53,-0.103,0.842,-0.6,0.2,-0.63,0.32,1.2,0.3,-0.3,2.0,3.3,2.5,-8.2,2.6,-1.0,3.3,3.1,5.2,3.4,3.6,-1.7,5.0,4.6,2.5,10.3,2.7,5.8,5.9,4.4,-4.3,5.4,3.7,6.0,-0.8,7.1,1.1,2.3,5.5,1.4,-8.3,-3.1,2.0,6.6,0.2,-5.2,-1.9,2.9,2.7,12.1,5.2,2.7,2.7,-9.2,4.1,3.0,2.3,0.6,0.1,4.0,0.4,1.0,1.7,0.7,1.4,6.2,1.8,-1.1,2.8,3.9,4.0,1.8,3.3,2.7,0.0,1.0,1.8,-1.2,-3.4,-1.7,0.5,9.4,-2.8,-4.2,4.8,1.8,1.3,-0.8,6.4,7.3,7.6,5.2,14.9,4.7,5.8,1.4,7.1,6.5,1.2,13.1,3.0,1.9,16.5,0.6,-1.1,3.5,4.9,10.3,3.7,5.4,0.0,-1.9,5.1,6.3,4.1,5.2,9.9,0.8,6.0,-5.5,6.6,4.3,2.8,3.1,4.1,4.7,-0.1,3.1,5.6,1.5,-0.7,2.7,1.3,-0.9,0.4,6.8,-1.9,3.8,4.3,4.2,4.1,6.0,-6.4,2.4,-2.7,2.5,-3.3,10.2,4.1,11.8,-4.3,1.1,-2.0,2.2,-1.3,-0.2,-7.7,1.5,7.5,-4.9,-1.7,1.6,3.6,4.8,3.6,0.7,7.6,1.7,4.7,3.1,0.7,14.4,-0.8,-3.9,-2.2,5.4,5.0,-0.4,-0.8,-0.1,-4.9,-0.6,0.9,-3.9,-2.7,2.1,0.7,0.5,-11.7,-0.5,-1.2,-3.1,-3.3,-3.1,3.3,2.4,-0.2,11.4,-5.5,-6.1,8.2,0.8,0.7,-6.1,-5.3,14.0,-2.7,0.3,0.8,-1.2,3.7,-0.0,-3.3,-1.4,0.9,1.7,-1.3,-0.2
2C7L513TYy,0,48.10192,11.63142,4442555.33,2777826.37,542.2,587.9,238,7396,3.7,0.56,0.46,32.66,348.96,-0.53,-0.103,0.842,-1.6,0.2,2.18,0.32,0.9,0.2,-0.3,-4.5,-4.3,-5.0,-6.1,-3.7,-3.3,-3.2,-4.0,-1.1,-3.7,-4.0,-4.1,-4.0,-4.8,-4.1,-4.4,-3.9,-4.8,-5.8,-5.4,-4.3,-5.8,-4.5,-4.9,-4.4,-4.8,-3.5,-3.6,-3.6,-6.6,-9.9,-10.5,-7.8,-8.6,-7.6,-7.7,-3.5,-4.5,-5.6,-3.3,-3.6,-4.7,-2.1,-6.3,-3.2,-6.4,-4.9,-3.4,-5.4,-2.6,-4.5,-3.0,-4.4,-6.0,-5.4,-4.4,-13.3,-19.8,-17.9,-17.5,-22.3,-15.4,-14.4,-16.9,-22.6,-14.0,-18.0,-11.4,-18.6,-15.6,-18.0,-16.5,-16.4,-17.6,-16.7,-13.5,-13.5,-14.9,-13.2,-14.1,-15.1,-14.2,-17.6,-14.7,-16.7,-14.5,-12.8,-13.5,-15.5,-13.9,-15.0,-19.4,-17.4,-16.5,-15.4,-14.9,-14.9,-14.2,-13.6,-15.3,-17.1,-13.0,-10.8,-14.2,-14.0,-13.0,-11.5,-7.2,-15.2,-15.1,-15.5,-17.5,-14.8,-16.6,-18.8,-14.1,-16.1,-19.3,-21.6,-19.9,-18.8,-5.4,-13.4,-10.6,-9.4,-12.0,-9.0,-10.9,-10.7,-11.4,-14.4,-13.4,-9.3,-11.1,-14.3,-13.9,-13.4,-13.4,-11.4,-13.4,-9.6,-13.5,-15.8,-12.3,-9.2,-12.5,-9.9,-11.0,-15.1,-11.6,-9.4,-14.4,-11.2,-12.5,-11.7,-11.1,-11.3,-14.2,-11.6,-13.5,-11.3,-12.4,-15.4,-15.2,-16.2,-12.0,-13.1,-15.2,-9.8,-11.8,-15.4,-11.2,-16.0,-11.5,-9.1,-10.2,-7.8,-9.7,-10.1,-5.7,-11.4,-11.6,-18.9,-11.3,-14.7,-14.0,-15.1,-8.6,-10.0,-13.9,-13.6,-11.5,-10.8,-22.1,-18.7,-19.1,-20.1,-17.6,-19.8,-17.6,-18.7,-20.5,-19.7,-20.3,-5.2,-13.6,-7.5,-6.5
2C7L513TZ0,0,48.101931,11.631504,4442561.52,2777827.7,540.4,586.1,238,7398,3.7,0.73,0.5,32.66,348.96,-0.53,-0.103,0.842,-0.5,0.2,0.41,0.28,0.6,0.2,-0.3,0.1,1.9,1.4,1.8,1.9,-2.1,3.7,2.9,2.4,0.3,1.1,1.5,0.9,2.1,2.4,3.2,3.5,1.9,1.5,1.9,-2.1,2.2,1.5,2.7,1.4,2.8,-0.5,-3.4,-1.0,2.3,-4.3,-1.0,-2.6,-2.6,-2.0,1.2,2.0,3.2,1.7,2.2,2.1,-3.7,1.2,2.3,-0.7,-5.0,-5.8,-4.0,-0.1,-2.2,1.8,-3.2,0.0,-0.9,-2.5,-3.8,-3.0,-1.7,-3.3,0.6,-1.3,-2.9,-4.3,1.9,-0.0,-3.4,-1.2,-0.6,-5.8,-3.8,-2.8,-3.1,1.1,-0.5,1.8,0.9,0.6,-1.1,1.5,1.3,0.5,-0.4,13.7,-4.2,-4.9,0.7,1.3,2.5,1.6,1.3,-0.1,-4.0,-4.2,-0.7,-2.1,-3.0,-5.0,2.8,0.4,-2.2,-8.0,-0.5,-0.2,0.3,-0.1,-0.9,-1.8,-7.1,6.0,2.5,4.6,-0.3,-10.4,10.0,-13.1,2.7,-4.6,7.7,8.2,0.4,-0.4,4.6,3.3,-2.4,0.7,2.8,-1.1,1.4,-0.3,-2.2,-0.0,2.8,-1.5,1.4,1.3,0.9,1.1,-2.1,1.5,2.2,-4.9,-4.6,-2.1,-2.0,-1.6,1.4,-3.2,-2.6,-3.5,0.0,-5.0,-8.1,-1.4,-1.2,-2.4,-5.3,-2.1,-2.0,-1.9,1.2,3.0,-0.4,0.0,-2.8,-3.5,-1.8,-2.5,-1.4,-4.9,-2.5,0.4,-0.7,-5.9,-5.3,-1.3,-4.0,-5.6,-4.4,1.0,-6.2,-6.2,-7.0,10.3,-5.2,-13.9,-0.3,-4.2,2.1,-0.5,-1.6,-13.6,2.1,2.7,-4.3,-2.5,-2.0,-0.9,-1.0,-13.6,-0.8,-7.7,4.2,8.5,0.6,1.0,-0.1,5.3,8.0
2C7L513TZJ,0,48.102087,11.632719,4442651.69,2777847.03,547.5,593.2,238,7417,4.5,0.58,0.52,32.67,348.96,-0.53,-0.103,0.842,-0.4,0.2,-1.06,0.34,1.8,0.3,-0.3,-2.3,-5.6,0.8,-3.0,-4.2,-4.1,4.7,2.2,-2.0,-2.2,1.2,-9.8,3.5,0.6,0.3,0.2,1.7,3.5,-1.4,-0.9,-4.6,-1.9,0.5,-2.7,-1.3,1.0,-1.6,-1.5,-1.0,-1.1,-4.4,-2.9,-2.7,-3.1,-7.2,-3.4,2.3,-5.8,6.8,1.2,-3.0,-5.3,0.1,1.9,-0.6,14.2,11.8,-5.8,-4.3,16.5,5.8,2.3,3.7,-1.9,4.3,6.0,-7.3,10.3,2.6,12.6,7.2,11.4,9.1,8.1,12.8,9.5,3.6,11.3,10.7,7.6,5.4,5.4,5.2,7.6,-4.1,4.8,-0.8,-2.3,0.3,1.3,2.0,0.7,0.1,-2.1,-5.2,-0.4,2.7,-2.3,-4.5,0.5,1.3,1.7,-7.8,-6.0,-2.0,-2.2,0.9,4.3,2.0,-1.2,2.6,0.3,3.2,-0.0,3.4,-1.1,2.9,14.0,4.1,-0.1,3.4,2.2,9.9,5.4,6.3,-0.3,-9.3,8.6,7.6,10.0,7.4,-3.5,-3.5,-1.8,-1.1,0.0,-0.6,0.2,0.3,-1.5,3.1,-2.9,-5.4,-1.7,-0.7,-2.3,1.6,-1.1,3.7,4.6,-3.1,-0.8,2.0,-2.2,-0.6,-0.9,-4.0,-4.2,-2.1,-2.1,-6.6,-0.4,0.6,1.0,0.2,1.1,-0.9,-2.1,1.6,0.7,0.5,-0.1,3.0,-2.3,-0.8,7.3,-1.5,-2.6,3.0,3.1,7.3,-1.2,-3.7,5.1,2.3,-10.9,8.4,-0.4,10.6,-4.7,-0.1,0.8,5.0,1.4,-2.9,-0.4,10.0,-3.5,3.0,-5.9,-3.5,-1.3,-0.2,-2.2,-2.6,1.3,1.6,-2.8,6.6,-4.7,-2.2,-7.8,-5.4,-3.8,-0.1,-3.7,-3.5,-3.2
2C7L513TZL,0,48.102088,11.632727,4442652.27,2777847.17,541.4,587.1,238,7419,3.8,0.72,0.49,32.67,348.96,-0.53,-0.103,0.842,-0.7,0.2,-0.19,0.29,0.6,0.3,-0.3,-0.5,0.0,-1.6,0.1,0.4,-6.6,-2.0,-3.2,-6.4,3.0,9.9,-6.7,8.8,-3.0,-4.8,1.6,-1.0,-1.8,-10.2,-2.1,-2.8,5.8,1.5,1.6,-1.1,0.1,2.1,0.5,4.8,11.4,12.7,6.4,-0.3,-11.9,-8.6,-4.2,5.6,3.1,4.8,-1.9,-0.5,1.0,-3.0,3.1,-3.2,0.0,-4.3,2.3,2.2,6.1,14.4,6.7,6.5,-10.2,11.5,0.7,2.5,6.5,4.2,3.1,1.9,2.9,1.7,-1.2,-7.5,-1.7,-1.5,3.1,-0.6,-1.8,-0.8,-1.4,-3.0,-1.9,0.4,0.8,-0.1,-0.3,-0.9,-2.6,2.1,-0.8,-0.3,-0.2,1.5,0.7,3.3,0.6,0.1,1.8,0.7,-2.8,-0.4,-1.7,5.4,5.6,1.7,-7.9,-3.1,-1.6,-5.0,-0.7,1.5,-3.6,0.9,-0.5,-3.7,-2.2,-9.1,-1.6,-3.5,-2.0,-0.3,-0.3,-1.3,1.3,-2.2,4.5,2.2,-1.0,-4.0,-5.9,-0.8,-2.0,1.3,1.8,-8.1,-2.9,0.5,-4.6,1.3,2.8,-1.4,0.2,-2.5,-3.3,-1.8,-0.6,3.6,1.5,-5.0,-1.9,-0.6,-2.1,-3.2,-0.1,-0.2,-2.6,-3.7,-4.3,-0.9,-3.2,-0.6,0.4,0.7,-0.4,2.4,4.6,3.8,4.6,1.0,-2.1,4.1,-1.6,0.1,0.5,1.0,-2.0,1.5,-0.8,1.6,1.5,-2.5,-3.1,-10.6,-2.6,-2.7,-3.3,-7.8,-1.4,0.1,-2.3,-1.6,-1.8,-2.6,-2.7,-0.2,-2.4,-3.1,-6.4,0.8,-5.9,-9.1,-3.0,1.2,-3.4,-1.3,-2.8,-1.0,-2.3,-5.2,-0.8,-0.7,-0.6,-3.8,-2.2,-3.4,-6.5
2C7L513TZe,0,48.102259,11.634059,4442751.08,2777868.34,554.2,599.9,238,7438,2.5,0.86,0.36,32.68,348.96,-0.53,-0.103,0.842,-1.1,0.1,-0.14,0.2,0.6,0.2,-0.3,-3.9,0.3,-0.2,0.1,-1.3,0.1,0.4,-0.5,-1.1,-4.6,0.1,0.1,0.8,-0.2,3.3,0.8,1.2,1.0,-3.0,-2.2,-1.7,-2.7,-2.8,0.8,0.5,1.1,0.4,2.3,2.4,0.0,2.4,-5.0,-4.6,-6.6,-4.7,-3.4,1.4,0.4,3.2,1.8,-1.7,-2.1,-1.3,0.1,-0.9,-2.4,-1.8,-2.6,-2.0,0.6,-1.8,-0.9,-1.6,-1.4,-0.7,-2.4,-2.2,-1.9,-2.5,-3.4,-2.8,-4.2,6.3,-3.0,-3.2,-3.2,-3.6,-16.4,-1.7,-1.0,-1.6,-1.5,-2.7,-1.0,-2.7,-2.1,-0.9,-0.8,-1.6,-4.3,-2.8,-4.0,-2.0,-2.8,-0.8,-4.1,3.8,-0.7,-2.9,-3.3,-2.0,-5.1,-5.2,-3.1,0.3,-0.4,-2.0,-2.1,1.6,-3.5,-1.4,-0.3,2.0,2.5,-0.3,-0.4,-1.5,-1.3,-0.7,-0.9,-1.5,-1.5,-3.0,-3.0,-3.8,-6.3,-1.4,-2.6,-3.9,-3.6,-4.7,-3.8,-3.4,-3.2,-4.9,-4.4,-8.2,-3.9,-3.5,-4.5,-2.8,-3.2,0.5,-3.0,-6.4,-2.8,-3.1,-2.8,-2.1,-1.4,0.1,-9.0,-4.1,-4.4,-1.9,-4.5,-4.3,-3.9,-4.4,-4.4,2.0,-5.7,-2.7,-4.0,-3.4,-3.9,-2.1,-3.9,0.8,-0.1,-9.2,-4.1,-1.8,-6.6,-6.3,-0.6,-1.1,-4.7,-0.9,-0.6,-0.7,-4.0,-9.6,0.2,-0.3,-10.4,-2.3,-5.7,-1.8,-6.9,-4.4,-4.0,-4.6,-6.2,-4.0,-5.7,-5.4,-4.9,-3.8,-9.8,-6.2,-4.4,-2.9,-5.6,-1.1,-6.2,-15.4,-8.5,-5.5,-0.6,-7.0,-10.3,-4.1,-7.7,-6.4,-9.2,-7.5,-6.6
2C7L513TZh,0,48.102251,11.633999,4442746.65,2777867.41,543.0,588.7,238,7441,2.8,0.8,0.44,32.68,348.96,-0.53,-0.103,0.842,0.2,0.1,-1.1,0.21,1.0,0.2,-0.3,-2.5,-0.0,-0.9,-1.0,-1.6,-4.0,-0.5,0.5,0.2,-0.0,0.4,-2.4,1.8,0.9,1.6,-0.8,-3.7,-4.9,2.1,-2.8,0.1,-2.4,-1.7,-0.6,-0.1,-0.3,1.6,1.0,1.1,0.7,0.1,-2.6,-3.0,-6.1,-5.3,-0.6,2.0,-2.1,2.8,4.7,4.2,1.1,-1.8,2.3,2.2,3.1,2.6,0.2,3.7,3.4,1.1,5.7,4.2,5.3,5.5,7.6,5.4,7.4,6.9,10.1,4.8,4.2,1.1,5.3,6.4,3.4,2.6,3.8,4.4,5.2,3.6,4.2,2.3,1.2,1.7,2.7,1.7,0.5,1.6,2.7,1.4,1.7,2.3,-0.4,1.6,3.2,4.7,0.9,2.0,5.0,5.9,1.3,-2.9,1.2,5.1,2.4,2.8,4.9,3.7,-0.8,1.2,1.7,1.5,1.4,0.5,2.4,1.7,0.6,2.4,-0.2,2.6,2.2,1.2,1.5,0.6,-1.1,2.5,-0.2,0.9,1.5,-2.2,2.5,-0.7,3.6,2.6,-0.4,0.2,6.3,4.0,-0.7,0.8,3.9,7.2,2.1,0.8,-1.6,2.7,4.7,3.0,6.8,-1.8,-1.5,3.5,1.4,2.5,2.8,-0.0,3.3,5.1,5.7,-4.6,2.6,6.9,5.8,5.9,3.3,3.9,5.5,5.3,1.4,3.1,1.2,2.6,0.8,3.0,1.0,5.1,2.4,8.3,3.8,4.4,3.0,10.2,-0.5,3.6,-0.3,3.1,6.5,0.8,6.4,12.5,1.6,-0.2,5.5,2.2,3.1,-2.1,1.3,-2.2,4.5,-1.1,-0.5,-6.5,-5.9,-1.9,3.5,-6.7,2.7,-0.6,2.3,3.4,0.3,1.0,0.7,-1.1,1.1,8.4,-2.5
2C7L513TZk,0,48.102262,11.634085,4442752.99,2777868.78,539.8,585.5,238,7444,4.7,0.53,0.47,32.68,348.96,-0.53,-0.103,0.842,-0.1,0.2,-0.43,0.37,3.5,0.3,-0.3,-10.1,5.6,4.9,2.5,4.1,0.4,-1.3,-1.5,-1.4,-4.2,-0.2,-2.4,-2.8,-6.6,-4.4,-2.0,-6.7,-4.3,-7.9,-5.8,-9.3,-10.7,-8.8,-10.8,-10.0,-13.7,-14.4,-2.9,-8.1,-9.0,-0.6,-11.7,-16.8,-14.5,-20.9,-11.6,-6.7,-7.8,-12.0,-11.9,-10.6,8.9,-9.9,-11.2,-8.7,-9.6,8.6,4.1,-2.0,-4.2,-12.7,-10.9,-5.2,-9.9,-4.4,-5.6,-8.2,-5.8,-9.7,-7.2,-4.4,-0.4,-4.4,-4.6,-14.1,-11.1,-8.8,2.9,-4.1,-4.9,-6.4,-7.5,-4.4,-4.8,-7.6,-9.9,-8.7,-7.2,-10.0,-10.4,-8.3,-12.2,-10.0,-10.5,-9.3,-9.6,-8.8,-11.7,-9.8,-15.0,-8.5,-11.1,-7.6,-9.8,-9.6,-7.5,-8.2,-7.7,-6.4,-10.6,-9.4,-10.6,-8.1,-7.6,-7.4,-6.3,-6.3,-3.4,-6.9,-6.3,-6.4,-6.4,-3.9,-6.2,-5.4,-3.2,-2.1,-3.9,-6.3,-4.8,-8.9,-4.1,-2.8,-1.6,-1.1,-3.3,-6.5,-2.1,-6.2,-10.1,-3.1,-4.1,-13.6,1.6,-0.3,-8.0,-7.7,-10.0,-4.4,-4.1,-1.2,-6.8,-4.9,-5.8,-4.3,-4.1,-3.5,-4.0,-3.4,-2.5,-2.8,-1.8,-3.4,-2.5,-4.2,-6.4,-6.2,-4.9,-7.3,-8.9,-11.4,-5.6,-7.0,-11.7,-6.2,-6.8,-17.4,-5.9,4.9,-8.5,-6.7,-20.7,4.3,-9.1,5.5,0.5,0.0,8.4,-16.7,10.9,9.4,8.5,-1.5,-16.2,-10.2,-10.7,-6.7,-12.3,-4.3,-7.2,-10.6,-11.9,-15.4,-12.1,-11.7,-10.9,-13.9,-17.0,-12.0,-12.7,-8.1,-13.7,-14.2,-5.2,-12.9,8.6,-10.3,-8.1
2C7L513Taj,0,48.102696,11.637461,4443003.47,2777922.52,533.7,579.4,238,7505,2.3,0.84,0.39,32.69,348.96,-0.53,-0.103,0.842,-1.0,0.1,-0.55,0.17,1.7,0.1,-0.3,2.3,1.6,1.0,-0.9,-0.7,2.7,2.6,3.9,1.7,-0.8,2.9,6.5,1.5,-6.6,-0.5,0.6,0.2,0.1,-0.3,-3.4,1.2,-3.3,-1.6,1.1,-0.5,-2.1,-3.4,-0.1,-0.7,-0.9,-0.7,-7.4,-8.1,-6.3,-11.2,-6.1,-4.4,-2.7,-3.5,-2.5,-1.1,-2.5,-2.4,-4.4,-1.5,-2.4,-1.9,-4.8,-2.5,-2.2,-1.5,-1.7,-2.4,-5.6,-2.6,0.5,-3.3,-0.5,-0.4,-1.7,-2.6,-2.5,-1.5,-4.3,-6.9,1.0,-1.4,-3.3,0.4,2.1,2.3,1.2,-0.9,1.2,0.8,0.7,1.6,0.6,-0.7,-0.5,-0.2,0.1,-2.1,1.0,-0.4,-1.2,-0.7,-1.3,-4.9,-4.2,-5.2,-1.9,-1.5,-8.3,-3.9,-3.4,-1.6,-3.0,-0.8,-3.0,-2.5,-5.6,-1.1,-1.8,-2.7,-2.8,-3.1,-0.9,-5.0,-2.6,-3.7,-2.7,-2.3,-0.4,2.5,-0.7,-1.6,-4.1,-0.9,-3.0,-2.1,-2.0,1.8,0.4,2.9,2.2,1.2,-1.9,-3.7,-3.1,-1.8,-4.7,-0.1,-5.0,-4.4,-6.8,-4.7,-3.4,-0.1,-0.3,-0.2,-3.6,-4.5,-2.5,0.3,-1.2,-0.8,-1.2,-0.4,-0.3,-2.7,0.4,-0.7,1.0,-0.0,-1.5,-1.6,-2.9,-1.8,-2.1,-8.2,-10.2,-6.4,-8.9,-7.7,-2.7,-2.7,-8.1,-4.1,-6.1,-3.8,-7.5,-6.1,-3.5,-5.5,-2.6,-7.4,-5.0,-10.2,-3.0,-2.5,-0.8,-3.8,-5.0,-5.0,-4.2,-8.1,-9.0,-6.2,-4.5,-3.7,-5.5,-6.3,-4.6,-2.4,-5.5,-9.1,-9.1,-7.0,-7.7,-3.2,-5.9,-7.8,-3.8,-6.9,-5.8,-7.0,-6.8
2C7L513Tak,0,48.102697,11.637474,4443004.44,2777922.73,531.5,577.2,238,7506,2.8,0.83,0.42,32.69,348.96,-0.53,-0.103,0.842,-1.3,0.1,0.04,0.21,0.1,0.2,-0.3,2.6,2.8,2.8,-2.4,4.1,1.3,0.0,2.7,-0.1,-3.0,-3.0,3.9,-3.9,-5.8,-3.7,0.9,2.1,1.8,1.6,-3.4,-0.8,0.8,-0.4,1.6,-3.0,9.0,0.5,0.7,-1.7,0.7,-1.1,-0.8,-2.2,-3.2,-8.5,-2.1,-2.3,-1.0,-2.4,-3.7,-2.8,-6.8,-3.8,2.8,-2.3,-2.4,0.8,-5.3,-4.7,-5.1,-4.3,-2.7,-2.8,-3.8,-2.9,-0.6,-3.9,-2.5,0.7,-1.3,-2.3,-3.0,-3.3,-5.3,-11.2,-3.2,-3.5,-8.1,-2.0,-1.4,-0.6,-3.1,-2.3,-0.6,0.1,0.3,0.4,-0.2,-2.9,-0.6,0.0,-1.5,-2.6,-3.3,-4.3,-3.6,-2.5,-3.1,-3.3,-3.8,-0.6,-2.9,-2.3,-9.3,-6.4,-3.7,-3.1,-2.4,-0.2,-4.0,-3.1,0.2,-1.8,-0.5,-0.1,-2.0,-0.9,-1.4,-1.4,-2.9,-3.0,-1.8,-3.2,-1.2,0.5,-2.6,-3.7,-2.6,-3.4,-4.9,-2.1,-3.0,-1.0,-2.0,0.6,0.2,-1.3,-3.2,-5.6,-1.9,-3.1,-5.9,-2.7,-1.4,-6.1,-4.7,-1.2,-0.5,-1.7,-3.0,-2.1,-8.8,-7.6,-4.8,-3.9,-3.6,-7.2,-4.4,-3.0,-1.6,-3.1,-3.6,-1.7,-2.6,-6.2,-4.5,-4.6,-7.0,-3.9,-4.5,-3.2,-11.8,-8.9,-7.1,-8.2,-0.9,-1.2,-5.2,-2.7,-3.4,-3.2,-6.0,-5.5,-16.4,-2.9,-1.1,1.1,-5.4,-18.0,-9.1,-9.6,-2.5,-4.0,-6.3,-7.0,-6.0,-8.9,-4.5,-8.5,-8.4,-7.3,-7.3,-7.2,-7.4,-1.7,-8.9,-10.5,-4.5,-5.4,-3.3,-1.8,-4.9,-8.1,-3.3,-9.1,-5.3,-6.8,-8.6
2C7L513TWr,0,48.100977,11.623938,4442000.2,2777709.36,543.3,589.0,238,7265,3.5,0.74,0.43,32.63,348.96,-0.529,-0.103,0.842,-0.8,0.2,-0.69,0.27,0.7,0.2,-0.3,-0.9,-3.0,-1.1,-2.7,-2.4,-0.9,-1.7,-0.6,-0.2,3.3,-0.6,0.5,1.7,1.2,0.5,-0.2,-0.4,2.9,2.3,3.6,-4.2,-0.6,-0.1,0.2,1.6,4.5,2.0,1.7,0.4,-1.6,-11.3,-3.9,0.1,2.6,-5.5,-0.8,5.2,1.7,4.4,0.6,-1.9,-1.3,7.6,3.3,3.5,1.7,5.2,4.7,0.3,2.7,-2.1,-1.8,-0.0,0.5,-0.3,-1.1,-1.3,-2.3,-1.0,-4.8,-4.5,-0.4,-2.8,-2.7,-5.0,-3.2,-4.5,3.3,-0.8,0.4,-2.8,-0.8,0.9,-3.3,-0.4,-3.3,-4.5,-3.6,-2.4,-4.6,-6.0,-1.7,-4.2,-5.9,-2.0,3.3,-0.5,-2.0,1.2,2.1,-2.0,-3.0,-3.4,-0.2,-3.1,-0.4,0.3,0.8,-0.1,-0.4,-3.1,-0.9,-0.6,0.4,-0.7,-2.5,-7.3,-6.8,-6.0,-4.2,-1.4,-3.1,-0.9,3.4,-7.2,14.0,-5.2,-2.9,-1.5,0.4,3.4,0.5,5.6,-0.8,3.4,7.3,-0.7,2.4,-0.3,1.2,0.7,-2.3,-0.6,1.5,4.3,1.1,2.2,-1.8,3.9,0.9,-3.1,-1.7,-1.1,-2.6,3.4,-3.7,-3.0,2.7,0.1,0.0,3.3,-3.0,-0.3,-5.4,-2.5,-1.4,-1.5,-1.1,-2.0,-3.4,5.0,-0.7,-1.4,-4.2,-3.7,1.6,-4.1,-4.8,0.9,2.0,3.0,-3.4,-2.9,-6.0,-8.6,-5.6,-3.5,-5.2,-5.6,1.7,2.1,-3.5,-4.6,-4.7,-11.3,-3.3,-0.9,3.3,1.8,-3.1,1.5,2.8,-2.4,-2.5,-1.0,-2.8,-6.8,-2.7,-9.6,-7.2,10.1,-4.3,-11.6,-15.2,-12.5,-12.5,-4.6,-4.2
2C7L513TYb,0,48.101763,11.630051,4442453.73,2777806.65,541.1,586.8,238,7373,2.4,0.88,0.34,32.66,348.96,-0.53,-0.103,0.842,-0.7,0.1,-0.33,0.18,0.6,0.2,-0.3,-0.0,-2.6,-0.7,0.6,-0.0,-0.5,-2.2,-0.9,-0.1,-1.4,-1.3,0.0,2.0,0.0,1.8,3.6,3.5,-1.7,-4.1,-4.4,-4.3,-2.9,-0.5,-0.4,-0.5,0.7,-1.1,1.3,0.3,-4.2,-5.5,-8.3,-1.8,-4.3,-4.0,1.0,-0.3,-1.8,2.0,-1.4,-0.8,0.5,-0.6,2.7,-0.7,-3.0,-3.4,-2.0,0.0,2.7,1.6,-1.6,-1.7,-1.7,-1.1,0.6,-2.3,0.4,-0.4,-0.4,-1.2,-1.0,-4.9,0.1,0.1,-0.2,-0.0,-11.2,-3.6,-3.6,-0.8,-3.4,1.5,-1.0,-2.0,-1.5,-2.4,-2.0,-1.5,-1.6,-1.6,-0.5,0.1,-0.5,-1.6,-3.5,-0.7,5.2,-4.9,-2.6,-0.3,-4.1,-5.7,-1.0,-3.4,-1.3,-0.6,2.2,-1.1,-0.3,-2.9,1.0,-1.8,-1.4,0.1,0.9,-2.1,-1.8,-1.2,-3.5,-1.2,-1.0,-2.7,-1.5,-0.3,0.4,-1.7,-2.6,0.8,-2.2,0.5,-2.1,-1.0,-2.5,-3.3,-6.5,0.4,0.1,-1.8,-1.2,-2.1,-1.4,-2.1,-3.3,-9.2,-3.4,-3.8,-4.7,0.2,1.2,-1.9,-2.4,-1.3,-3.7,-2.5,-0.0,8.0,-1.5,-1.9,-2.7,1.2,-2.0,-1.7,-1.9,-3.1,-1.9,-1.5,-2.5,-0.3,-1.2,-2.9,-12.8,-2.3,-3.0,-2.5,-0.7,-3.7,-2.6,-3.6,-2.1,-2.1,-4.6,-4.3,-5.4,-4.1,-2.6,-4.0,-3.4,5.2,-1.6,-3.5,-2.2,-5.7,-2.0,-2.4,-2.3,-3.0,-0.3,-1.4,-9.2,-10.1,-4.3,-2.3,-6.7,-4.2,-3.3,-2.0,-5.4,-3.5,-3.0,-3.1,-4.2,-6.0,-5.7,-1.8,-3.9,-5.8,-8.8
2C7L513TYu,0,48.101881,11.630972,4442522.01,2777821.31,533.5,579.2,238,7392,4.6,0.58,0.4,32.66,348.96,-0.53,-0.103,0.842,0.5,0.2,1.41,0.35,0.5,0.3,-0.3,-0.9,0.3,-1.6,-8.0,-1.4,-4.3,4.5,-0.2,1.3,-3.3,-4.6,-7.3,0.6,-5.6,-0.6,-1.4,-0.7,-2.2,0.1,0.4,2.7,-4.2,-2.6,-3.0,1.1,-0.7,-0.6,-0.0,-1.3,-3.5,-11.7,-9.1,-5.1,-6.3,-2.1,-2.3,-1.1,-2.8,-3.5,-7.0,-2.3,1.0,-0.4,5.1,-1.7,-1.5,-3.4,-7.1,-3.1,-1.2,-0.5,-1.5,-3.1,-2.7,-3.1,-5.9,-4.9,-4.4,-4.4,-4.8,-3.6,3.0,0.8,0.1,-3.2,-3.3,-3.0,-0.6,-5.2,-6.7,-3.6,-6.9,-2.4,-4.8,-4.3,-1.4,-1.3,0.2,2.0,-1.3,-5.2,-2.4,-5.3,-6.5,-2.8,-3.3,-5.5,-3.4,-8.6,-3.6,-5.3,-6.9,-6.6,-7.1,-5.5,-3.7,-5.5,-3.0,-0.8,-5.0,-5.1,-2.4,-6.9,-2.4,-3.3,-5.0,-4.2,-8.4,-4.2,-1.4,-6.1,-6.1,-7.5,-10.2,-10.6,-10.7,-11.8,-9.0,-9.1,-9.2,-9.9,-7.9,-10.6,-7.4,-6.6,-7.2,-4.8,-5.0,-1.4,9.4,-7.4,-8.3,-2.6,-4.9,-3.6,-7.3,0.0,-4.5,-0.2,-4.7,-14.7,-5.0,-10.8,-10.7,-4.3,-5.3,-9.6,-2.1,-12.1,-6.5,-5.7,3.5,-11.8,9.7,-3.6,3.3,-0.5,0.3,-4.8,2.4,1.4,-2.2,-5.8,-15.3,1.4,-7.7,4.6,3.4,-1.0,9.5,4.9,5.7,-15.8,10.8,-14.2,12.3,7.4,8.1,3.7,3.0,1.4,4.0,11.3,0.1,-1.9,-1.8,-2.3,0.5,6.8,-6.0,-4.2,3.5,-6.7,-13.6,-8.4,-0.8,-9.2,-4.5,-1.1,-2.0,1.7,3.8,-1.0,-0.5,-2.0,1.8,-0.7,-2.6
2C7L513TZU,0,48.102155,11.633108,4442680.49,2777855.31,535.3,581.0,238,7428,2.2,0.89,0.38,32.67,348.96,-0.53,-0.103,0.842,-0.8,0.1,0.06,0.17,0.7,0.1,-0.3,0.6,1.7,1.6,0.5,2.5,-1.0,1.1,-0.4,1.1,3.0,0.2,-0.5,-0.2,0.5,0.2,1.1,1.0,0.9,1.7,-0.5,1.8,1.9,2.2,2.4,3.6,3.1,1.0,0.6,-1.4,-1.5,-0.9,-4.5,0.3,0.6,-4.8,-1.3,2.8,1.5,1.5,0.7,1.1,2.7,-3.7,-0.1,1.7,-0.2,-0.3,0.7,1.0,1.7,1.7,0.6,1.3,0.5,1.9,0.1,0.7,-1.3,1.4,-0.8,-0.4,-0.5,0.1,-0.9,-0.3,0.3,0.5,2.3,-0.0,-0.2,-2.5,1.3,1.5,-0.1,2.0,1.4,1.2,-0.0,2.8,0.7,2.8,0.5,3.3,-0.5,1.6,0.2,0.9,-2.5,-0.3,-0.0,1.0,0.5,-0.7,-3.9,-0.6,-0.9,-0.7,0.2,0.7,-0.9,-3.0,-0.2,-0.1,-0.2,0.8,0.2,2.0,1.4,1.0,0.5,0.8,0.7,0.5,-0.3,-0.8,-0.5,0.4,-2.3,0.0,-0.4,-1.5,-0.7,-1.9,-0.4,-1.2,1.4,0.7,0.1,1.1,-2.1,-7.2,-2.1,0.6,6.7,-0.6,-0.4,-2.2,-1.6,1.2,2.9,-1.9,-2.1,-1.7,-6.8,-7.5,-5.3,-3.7,-4.6,-4.6,-4.5,-3.7,-3.8,-5.0,-2.0,-7.5,10.5,4.8,1.0,1.7,0.7,-2.1,-4.8,1.4,-2.8,-3.0,0.2,-1.0,-4.6,-2.2,2.9,0.7,-0.7,-2.1,-4.7,-2.4,-2.5,-5.3,-6.3,-1.9,-5.9,-6.0,-3.6,-1.4,-3.3,-3.4,-2.8,-0.5,0.6,1.7,-5.5,-0.1,0.2,0.6,-1.1,-2.0,-0.7,-2.4,-3.4,-1.6,-1.2,-1.3,0.5,-5.1,-5.2,-0.6,-3.1,-4.3,-3.5
2C7L513TZy,0,48.102416,11.635142,4442831.37,2777887.64,552.4,598.1,238,7458,1.9,0.92,0.28,32.68,348.96,-0.53,-0.103,0.842,-0.2,0.1,-0.25,0.15,0.2,0.1,-0.3,-1.2,-1.9,-0.4,-1.2,-1.1,-3.4,0.4,-0.6,1.4,0.7,-0.8,-2.0,-0.2,-3.2,-0.2,-0.9,1.2,-0.5,-1.4,-1.7,-0.5,-0.6,1.8,2.2,2.0,3.0,1.9,2.3,1.2,1.1,1.6,-2.4,-2.2,-1.5,-8.3,-0.9,1.1,-0.4,0.4,-0.6,-0.6,0.9,-0.6,0.5,-1.2,0.7,0.6,-0.9,-1.7,-0.3,-0.6,-0.9,-0.4,0.5,-2.1,-0.3,-1.8,-2.4,-1.6,-3.1,-2.4,-3.1,0.3,-3.7,-5.9,-2.2,-2.8,-2.1,-3.1,-3.3,-1.7,-1.8,-1.9,-0.8,-0.5,-0.7,-1.1,-2.8,-2.6,0.0,-0.7,-0.4,-1.6,-0.7,0.0,0.8,2.0,-0.9,-0.7,0.3,-1.3,-0.8,-1.6,-4.3,-4.3,-1.5,1.0,3.1,1.0,-1.8,-0.4,-0.1,-2.3,-0.9,0.8,-1.4,-1.3,0.3,-2.2,-3.3,-1.9,-0.9,0.9,-1.4,-2.3,-2.0,-1.2,-2.1,-1.0,-1.6,-0.0,-0.6,-1.8,-2.3,-2.1,0.8,-0.5,-2.7,-1.8,-3.3,-0.7,-0.9,1.2,-1.1,-2.2,-3.6,-1.5,0.7,3.6,1.1,1.0,1.3,-1.7,0.1,-0.4,-0.1,-4.4,1.7,1.1,0.1,1.3,-0.7,0.8,0.5,0.5,-0.6,0.5,-0.7,-0.0,0.4,-0.4,-3.5,-1.1,-3.8,-4.0,0.5,-0.9,-1.8,-0.3,1.2,0.0,-1.7,-2.1,-1.6,-1.5,-1.2,-2.4,-1.7,13.7,-2.4,-1.0,-1.6,-0.4,0.1,-3.4,-2.0,-0.6,-0.8,-1.3,-2.2,-2.4,-2.9,-1.0,-4.1,-3.3,-3.1,-3.7,-6.3,-0.1,-2.4,-1.0,-0.2,-4.7,-5.0,-2.9,-3.8,-2.7,-4.0
2C7L513TZz,0,48.10242,11.635174,4442833.78,2777888.16,551.2,596.9,238,7459,2.3,0.88,0.34,32.68,348.96,-0.53,-0.103,0.842,-0.7,0.1,0.19,0.17,0.4,0.2,-0.3,-1.0,-0.8,0.9,-0.5,-2.3,-3.7,-0.2,-2.4,3.5,1.0,0.7,-3.8,0.8,-0.5,2.1,1.4,2.5,0.2,-1.3,-1.3,-1.2,0.3,1.3,3.2,0.8,2.7,1.4,-0.9,0.8,3.3,0.8,-2.3,-1.3,-0.7,-4.5,-0.9,2.2,0.3,1.6,-1.5,-0.3,-0.7,1.3,0.9,0.2,0.7,-2.4,-1.8,0.9,0.9,1.3,1.9,2.2,1.7,-0.3,0.5,-1.4,-3.1,-0.2,-1.8,1.3,0.3,-11.0,-5.0,-4.1,-3.4,-3.4,-1.2,-0.8,-0.9,-2.8,-0.1,-1.6,0.4,1.0,1.2,0.1,1.3,0.9,0.6,-0.8,1.5,0.4,0.3,0.1,0.8,0.8,0.0,1.6,0.2,-2.3,-2.5,-6.7,-5.6,-4.2,-4.2,-0.4,2.9,1.8,-1.2,-4.0,-0.9,-2.7,-0.5,1.8,0.0,-1.5,-0.7,-1.9,-3.1,-0.5,-1.3,-1.9,-2.3,-2.1,-2.6,1.7,-2.8,-1.7,-1.7,0.7,-1.8,-3.0,-2.4,-0.8,0.7,-1.8,-1.3,-2.8,-5.7,-4.3,-8.2,-0.6,-2.3,-4.1,-3.3,-2.2,-0.9,0.6,-2.1,-1.7,-4.0,-3.9,-1.8,-3.5,-5.3,-8.1,-3.0,-2.9,-1.8,-0.6,-3.6,0.8,-0.1,-0.4,0.3,-2.3,-3.6,-0.5,0.5,-2.1,-2.9,-4.9,-1.7,-6.3,-4.6,-2.3,0.6,1.1,-3.5,1.7,1.3,-1.3,-1.8,-3.0,-0.1,-2.7,-2.4,-12.6,-2.1,-1.3,-4.2,-0.4,-2.7,-6.5,2.8,-0.6,5.4,-1.4,-6.0,-3.2,-2.2,-1.5,-4.6,-2.9,-3.5,-2.1,-5.2,-2.4,-3.4,-2.2,-1.9,-4.9,-1.9,-5.1,-4.9,-3.1,-4.9
2C7L513Ta4,0,48.10242,11.63517,4442833.46,2777888.12,537.5,583.2,238,7464,4.1,0.65,0.48,32.68,348.96,-0.53,-0.103,0.842,-0.4,0.2,-1.05,0.31,1.3,0.3,-0.3,-5.8,-5.4,-2.2,-4.1,-3.6,-5.7,-0.2,-2.6,0.0,2.9,0.8,2.4,2.1,3.8,1.8,-0.5,-0.8,2.5,-1.5,2.1,2.4,7.0,6.0,6.1,7.0,3.4,1.6,1.3,6.3,-1.1,1.4,-1.5,-4.9,-2.0,-3.6,-2.4,3.3,0.1,1.6,-0.9,4.8,-1.1,-2.5,-0.8,-1.7,-6.6,0.5,-1.7,1.2,-2.0,6.0,1.3,-1.6,3.0,4.0,0.1,3.6,2.7,3.5,0.3,4.4,5.5,-2.5,14.2,-4.2,10.2,-0.9,2.0,4.6,-1.5,6.6,-0.2,5.1,-0.5,-0.3,-3.5,3.3,4.5,1.8,-2.5,0.2,-2.6,3.0,-0.2,3.1,-1.8,0.2,-10.4,-5.2,5.8,-0.9,4.2,8.1,-8.7,-7.4,7.8,-3.5,-2.8,5.0,-1.7,-3.7,-4.4,-2.1,1.9,-0.7,4.4,0.4,3.5,-1.0,-1.4,3.1,1.8,2.0,2.2,2.4,0.7,-1.6,0.7,2.8,2.3,-9.1,6.1,9.0,1.7,2.6,-0.5,0.7,8.8,5.8,-5.0,-12.6,2.0,8.6,5.1,2.7,-3.5,-6.2,3.6,1.4,4.0,8.3,-0.9,3.5,4.0,4.0,-0.4,1.9,13.6,3.3,0.8,-4.4,5.1,-0.2,-0.2,2.5,6.3,1.5,2.9,8.2,2.9,-7.0,-15.4,1.8,1.6,-1.6,-0.3,-0.9,-4.0,-3.2,-12.2,-1.1,4.7,4.8,-3.1,0.8,0.7,-3.0,0.1,-4.6,0.8,1.3,0.0,0.4,0.7,0.4,-0.5,1.6,-2.5,0.8,0.5,-2.6,0.0,-2.5,-9.9,-5.2,3.0,-7.9,-4.0,-5.0,-4.3,-2.7,-3.8,-1.4,-0.9,-3.9,-5.0,0.7,0.1
2C7L513TaC,0,48.102527,11.636004,4442895.33,2777901.35,555.9,601.6,238,7472,3.0,0.82,0.41,32.68,348.96,-0.53,-0.103,0.842,-0.3,0.1,0.12,0.23,1.1,0.2,-0.3,1.4,-0.5,-1.9,-8.1,-1.6,2.9,-1.1,-3.4,0.7,8.9,0.4,3.8,-3.7,-3.7,-1.0,0.5,-2.6,-1.7,-3.7,-2.4,-5.1,-2.7,-4.8,-1.7,0.1,-0.5,-2.9,1.0,-2.6,0.4,-20.3,-4.2,-3.7,-4.7,-4.6,-1.9,-0.4,1.4,-0.5,0.9,0.3,3.0,-2.2,-1.3,-0.4,-1.5,0.7,1.1,-2.3,-2.3,-2.4,-1.1,-1.0,0.2,-1.1,-2.2,2.7,-1.0,-1.4,-0.8,0.8,-0.1,-8.4,-2.7,3.6,0.7,-1.6,-4.6,-1.7,-2.3,5.0,-6.7,-2.2,-2.0,-2.0,-1.7,-0.3,-2.3,-2.0,-3.3,-2.2,-2.9,-3.0,-3.5,-1.8,-2.1,0.6,-2.3,-2.9,-5.4,-1.6,-3.9,-4.9,-7.5,-2.8,-5.1,-0.5,-1.0,0.6,-4.0,-4.2,-3.1,-1.4,-1.6,-2.7,-3.2,-2.5,-3.3,-4.8,-3.3,-2.0,-3.9,-1.4,-3.4,-5.0,3.9,4.7,-0.1,-1.9,-5.6,-9.4,4.4,0.3,-5.3,-5.4,-2.4,-1.8,-2.3,-2.6,-4.5,-2.4,-3.3,-1.4,-3.3,-3.7,-4.6,-2.4,-2.2,-1.3,-0.6,0.9,-5.1,-2.1,2.0,1.7,-1.2,-8.1,0.5,-0.2,-2.7,2.4,-1.8,0.4,-1.6,1.8,-3.6,-5.0,-4.1,-2.5,-0.9,-1.9,-4.7,-1.4,-3.9,-2.8,-0.7,-2.7,-1.8,-1.5,-2.5,-13.5,4.3,-5.8,-1.3,-0.2,-3.2,0.4,-6.7,6.2,-1.0,1.5,-7.3,-1.4,-4.5,-1.6,-5.3,-4.0,-3.3,-3.7,-2.9,-9.1,-1.9,-5.9,-6.0,-0.6,-3.5,-2.3,0.9,-5.3,5.0,-7.0,-2.3,-2.3,-3.0,-1.6,-1.6,-3.3,0.7
2C7L513TWn,0,48.100974,11.623765,4441987.3,2777708.66,543.7,589.4,238,7261,4.0,0.69,0.44,32.63,348.96,-0.529,-0.103,0.842,-1.0,0.2,0.21,0.31,0.7,0.3,-0.3,-1.4,-1.3,-2.5,-6.3,2.3,1.1,0.6,0.0,1.0,2.6,-1.2,-2.1,1.7,-4.7,-0.9,-3.2,0.2,0.6,3.4,-0.1,2.5,2.8,-4.0,-5.4,-0.7,4.7,-0.8,3.1,-1.0,-1.9,-15.9,-5.2,-0.0,-1.0,-4.6,-3.5,2.5,2.6,0.2,4.0,-5.9,-1.9,-0.5,3.1,4.0,6.4,-2.6,1.9,-2.4,3.3,1.6,0.9,-0.6,-1.7,2.7,3.4,1.8,-2.5,0.4,4.6,-1.8,-3.1,-6.8,-0.6,-4.5,-3.0,-2.2,-1.9,-3.2,-2.1,0.7,-2.5,-1.1,-6.7,-1.7,-5.2,-4.3,1.5,-4.4,1.5,-2.1,-4.5,-5.3,4.7,-9.9,-3.4,-2.4,-4.1,-0.6,-3.8,-6.2,-1.5,1.7,-6.1,-2.6,-3.4,-6.0,-0.2,-6.7,1.5,0.7,-5.4,-7.3,-3.1,-6.2,2.7,-2.5,-4.3,1.7,-14.3,-2.7,1.0,-1.5,-1.2,1.0,-0.5,-1.5,0.3,0.4,0.7,4.2,-2.6,-0.3,-5.7,-0.8,-3.2,2.1,-3.9,-4.8,-1.0,-6.9,-3.6,-1.9,-2.5,-1.0,-4.3,-11.8,-9.0,-2.7,1.7,10.5,-1.0,0.8,-4.7,0.1,-2.0,2.3,-7.6,-5.2,-1.0,-8.6,-7.6,-2.1,-4.8,-1.1,-4.6,3.1,-3.6,-2.7,-6.7,-4.2,-3.9,-6.4,-6.5,-6.5,-6.6,-9.7,-7.3,-9.9,-4.0,-5.1,-2.2,2.4,-16.2,-5.0,-4.7,-4.4,-11.9,2.2,-18.0,-0.1,2.9,-16.9,-1.8,-5.4,-2.0,-6.3,-2.8,2.0,-1.4,-0.0,-0.1,-5.3,-3.5,-6.9,-4.6,-9.7,-2.7,-7.3,-6.7,-10.6,-5.3,-16.6,2.4,-3.4,0.6,3.6,-1.8
2C7L513TWs,0,48.100994,11.62392,4441998.81,2777711.14,539.9,585.6,238,7266,2.5,0.84,0.35,32.63,348.96,-0.529,-0.103,0.842,-0.6,0.1,0.01,0.2,0.8,0.2,-0.3,-1.4,-1.1,-1.2,-2.7,-1.0,-0.5,-0.5,0.0,-2.2,1.6,-1.2,-0.2,-0.2,-2.5,1.8,-2.4,-0.2,-0.1,0.2,2.0,-1.0,-1.4,0.6,-1.3,0.7,-0.2,1.0,1.4,-1.0,0.1,-10.9,-3.5,-1.9,-1.4,-4.2,-5.3,1.8,-4.7,2.0,-5.0,-8.2,1.1,6.0,-0.4,4.2,-1.0,3.6,4.2,1.9,0.5,-3.5,-1.0,-0.5,-1.2,-0.5,-1.8,-0.5,-4.7,-2.4,-4.3,-2.4,-5.2,-1.1,-4.7,-2.5,-0.6,-2.0,-2.2,-4.4,-3.5,-2.0,-5.5,-2.1,-5.8,-5.2,-3.9,-3.0,-2.1,-0.5,-1.8,-2.6,-4.2,-4.5,-1.3,-2.6,-1.8,-3.8,-2.1,-0.4,-1.0,-2.1,-2.7,-4.1,-1.7,-5.2,-1.7,1.3,-0.7,-0.5,-0.5,-2.9,-4.7,-0.7,-0.7,-2.3,-1.5,-4.2,-6.0,-8.1,-3.5,-2.4,-3.1,-5.1,-11.3,-10.3,-12.4,-14.0,-4.4,-2.5,-2.7,-1.9,-3.0,-0.9,-4.8,-3.8,-2.3,-0.6,0.4,-1.3,-2.6,-2.6,-2.5,0.6,-1.1,-2.7,-3.4,2.0,-2.6,2.8,0.6,1.1,-0.4,-0.8,-0.8,1.9,-0.0,-2.7,0.9,1.2,-2.5,-1.6,-7.1,-2.3,-1.3,-1.8,-1.1,-0.6,-3.3,-1.8,-4.7,-3.8,-4.1,-1.8,-4.0,-5.0,3.2,-0.4,-4.7,0.4,1.0,-0.6,-4.1,-5.0,-3.9,-5.1,-3.7,-5.2,-6.2,-2.8,-3.2,-4.7,-4.7,-3.1,-4.2,-4.7,-2.6,-4.6,-2.3,-4.4,-6.2,-1.6,-0.0,-2.0,-5.5,-4.5,-4.8,-3.8,-4.6,-7.0,-6.2,-2.6,-3.4,-7.7,-7.4,-6.0,-5.5,-6.1,-5.1
2C7L513TXl,0,48.101365,11.626812,4442213.34,2777757.18,526.6,572.3,238,7321,2.2,0.87,0.3,32.64,348.96,-0.529,-0.103,0.842,-0.6,0.1,-0.05,0.17,1.2,0.1,-0.3,1.5,1.5,-0.7,-0.8,0.2,-2.0,-1.0,-2.8,-4.2,2.9,2.9,0.9,2.0,2.1,2.8,2.3,2.4,1.3,0.5,3.2,-0.3,0.9,-3.0,1.9,1.9,2.7,1.1,0.7,-2.5,0.5,-10.3,-3.7,-2.4,-1.3,-1.5,-1.0,-2.2,-0.1,1.3,-2.4,-0.9,0.9,-2.8,-1.4,-5.8,-3.1,-5.2,-3.5,-2.6,-4.6,-1.2,-1.3,-3.5,-3.8,-1.0,-0.7,-1.5,-1.1,-0.8,0.1,-0.4,-1.9,-3.0,-1.4,-2.0,0.1,-0.8,-0.6,-3.0,-3.2,-4.4,-4.7,-1.0,-0.1,-2.0,-0.1,-0.6,-3.2,-2.1,-1.8,-2.4,-1.0,-3.7,-2.3,-3.9,-2.8,-4.0,-1.1,1.7,-1.1,-1.8,-1.8,-4.2,-0.9,-0.4,-1.7,-1.5,-0.8,-1.5,-1.7,-3.3,-5.0,-2.6,-2.2,-2.6,-3.0,-1.9,-3.5,-1.5,-2.8,-2.5,-1.4,-1.5,-2.2,0.5,-1.8,-2.6,-1.9,0.6,0.5,2.7,-0.5,-0.3,-2.5,2.3,0.7,-1.5,2.6,-0.9,-0.9,-1.7,-0.7,-4.2,-1.6,-2.8,-4.6,-5.1,-2.7,1.5,2.0,-6.2,-1.2,-0.9,-1.4,0.0,1.3,-9.3,0.1,0.6,-1.1,2.2,-1.0,-1.2,0.3,-1.9,-1.1,0.5,-0.4,2.3,-0.9,-2.9,-1.2,-5.4,-10.1,-5.9,-2.2,-3.2,-4.0,-2.6,-5.5,-7.5,-6.8,-10.2,-5.4,-3.9,-7.7,0.3,-1.3,-7.7,-0.0,-1.8,-0.0,-1.0,-2.5,-1.1,0.0,-6.5,-0.4,-2.0,-3.6,-6.0,-5.5,-3.7,-5.6,-3.4,-5.6,-3.7,-1.1,-4.5,-1.3,-4.2,-3.5,-2.9,-1.3,-7.5,-3.6,-2.8,-3.2
2C7L513TYc,0,48.101789,11.630108,4442457.86,2777809.61,541.3,587.0,238,7374,3.8,0.71,0.44,32.66,348.96,-0.53,-0.103,0.842,-0.4,0.2,-0.34,0.29,1.0,0.2,-0.3,-3.0,1.8,-2.9,1.8,1.6,-1.7,-2.6,-0.5,3.8,0.8,-0.4,-10.9,0.8,1.5,0.3,8.9,0.7,2.2,-2.6,1.8,-4.5,-0.7,8.2,2.7,5.4,-0.6,4.7,7.3,4.8,-0.1,-5.9,-2.9,-2.2,-2.8,-3.2,2.5,5.5,1.7,4.2,-0.6,3.9,5.1,4.4,3.1,6.1,1.0,0.3,1.8,2.3,4.0,-0.4,2.4,0.7,1.2,-3.9,-3.5,-5.1,-1.9,-3.5,-0.8,-1.3,2.0,-11.2,-3.4,1.4,-4.1,-0.5,-0.4,-1.5,-2.4,-0.6,-1.5,0.3,-3.0,0.1,-2.3,0.2,-0.4,-0.5,0.3,-5.5,-7.2,6.1,0.7,1.2,4.2,-1.4,-0.8,9.6,-0.4,-8.0,-7.6,-4.6,-0.8,-1.7,-3.7,10.0,-0.5,12.6,6.4,0.2,-0.3,-0.3,0.7,10.9,-6.9,-2.8,0.7,-0.7,2.6,-4.0,2.6,0.1,1.7,3.0,3.2,-0.3,-0.5,3.7,1.6,-2.3,2.0,1.3,3.4,5.9,3.2,-4.2,3.1,-0.7,2.2,3.9,-2.8,-2.6,0.4,-1.3,2.1,0.3,-1.4,3.8,4.1,3.2,0.6,-5.3,-3.1,-0.8,-1.6,13.7,0.3,-2.2,-1.0,3.6,0.9,-0.1,-3.1,-0.6,-1.5,-2.8,-3.9,1.0,-1.0,0.9,-1.3,4.1,4.4,-1.7,-0.2,5.1,-0.1,-1.9,0.8,-0.3,-3.2,-7.0,2.9,-2.8,-11.5,-1.8,1.7,-13.1,1.1,-1.7,2.6,-0.2,2.1,1.5,-2.4,-3.1,-0.6,1.6,-2.1,-5.7,0.8,5.5,-0.2,5.8,-0.7,-2.2,-1.9,-0.6,-5.7,-3.0,-1.1,-4.0,-3.2,0.7,1.7,-5.0,-6.7
2C7L513TYh,0,48.101819,11.630344,4442475.4,2777813.37,539.0,584.7,238,7379,1.7,0.9,0.33,32.66,348.96,-0.53,-0.103,0.842,-0.2,0.1,-0.4,0.13,1.4,0.1,-0.3,0.2,-1.3,-2.2,-1.0,0.2,0.4,-1.1,0.3,0.0,0.8,-0.5,-0.2,-0.8,0.9,-2.1,-1.3,-1.1,-0.2,-2.6,-1.3,-2.7,-3.2,-1.6,-1.1,-1.2,-2.0,-2.0,-0.6,0.0,-5.0,-2.4,-7.4,-7.3,-6.6,-6.0,-4.3,-3.0,-1.3,-3.7,-1.4,-1.8,-2.1,-1.3,-4.0,-3.0,-3.5,-2.5,-2.9,-1.9,-2.0,-3.0,-2.1,-0.8,-4.6,-3.1,-2.1,-0.5,-0.2,-1.8,-4.0,-2.9,0.0,1.3,-1.5,4.1,-0.8,-3.3,2.7,-4.2,-1.9,0.1,-2.9,-2.9,-1.8,-1.6,-1.9,-2.7,-2.6,-1.8,-2.5,-2.7,-4.0,-2.7,-1.6,-1.5,-0.2,-3.7,-2.4,-5.5,-3.4,-3.8,-2.4,-2.5,-5.3,-3.3,-2.6,-1.9,-1.9,-4.4,-3.3,-3.3,-5.0,-2.5,-2.0,-4.4,-1.6,0.6,-1.4,-0.4,-1.4,-2.0,-3.9,-1.6,-6.0,-2.7,0.0,-0.5,-3.5,1.7,-1.0,0.5,-2.0,-0.6,-5.0,-1.2,1.1,-1.7,-3.3,-2.5,-4.2,-2.9,-2.4,-1.3,-3.4,-3.2,-2.6,-5.0,-2.9,-0.1,0.2,0.5,0.7,-0.8,3.7,-0.7,1.5,-1.2,2.0,-0.7,5.2,-1.6,-4.3,-0.1,0.9,1.2,0.3,-1.9,-1.8,-3.0,-3.2,-3.0,-5.1,-2.4,-3.2,-5.2,1.3,-3.3,-4.2,-2.8,-2.6,-2.4,-4.7,-5.0,-1.2,-1.1,0.3,-1.9,1.1,1.9,-1.5,-5.3,-2.9,-2.9,-2.3,-3.1,-5.2,-2.0,-3.7,-3.4,-3.0,-6.0,-3.0,-5.8,-8.7,-6.2,-5.3,-5.1,-5.1,-3.4,-5.7,-5.5,-2.5,-4.6,-3.8,-1.7,-2.2,-2.6,-0.8
2C7L513TZx,0,48.102419,11.635016,4442821.98,2777887.7,549.3,595.0,238,7457,2.2,0.88,0.35,32.68,348.96,-0.53,-0.103,0.842,-0.3,0.1,-0.26,0.17,0.2,0.1,-0.3,-0.8,-2.0,-1.6,-0.4,0.6,0.6,-1.6,2.5,1.4,3.6,-0.1,0.3,-1.1,-3.2,1.6,-0.2,0.5,-0.7,-0.2,-0.7,1.5,0.5,2.2,2.1,1.6,0.3,0.6,3.4,0.4,-0.4,-0.1,-4.0,-3.8,-3.4,-8.5,-2.4,1.1,0.9,0.5,0.8,-0.3,2.2,-1.0,0.7,-1.2,-0.4,0.4,-0.2,-4.6,0.6,-1.7,1.4,1.1,-0.0,1.3,2.1,0.9,1.1,1.6,-1.7,-4.7,-0.3,-1.1,-2.8,8.1,2.1,-1.6,3.4,-2.4,-1.5,0.7,0.2,0.3,-1.0,-3.7,-2.8,-1.7,-2.5,-1.8,-3.9,4.3,3.6,0.5,0.9,2.7,0.3,4.8,-0.9,0.8,0.9,0.4,-3.6,-0.9,-4.6,3.3,-1.9,2.1,2.3,0.9,-1.8,1.5,0.6,0.5,0.7,1.0,2.5,1.3,1.2,-2.0,1.3,-1.8,-1.9,0.2,-2.1,-1.1,1.0,-1.9,-1.4,-1.9,-2.8,-0.1,-0.4,-1.5,-2.6,-2.6,0.4,-0.1,-2.5,-1.8,-2.0,1.3,0.0,1.0,2.6,-1.3,-4.4,-1.7,-2.5,0.7,1.7,1.8,2.8,-2.5,-2.1,2.1,2.9,-4.8,1.3,0.6,1.3,0.3,1.5,0.2,0.6,-1.1,0.1,0.6,-1.3,-0.8,-3.3,-1.4,-3.0,0.1,-4.7,-3.1,1.7,-3.1,-4.3,-1.6,-2.1,-0.8,-3.6,-2.9,-3.5,-0.1,3.6,-2.1,1.8,2.7,-2.8,-1.3,-0.0,-1.3,-1.0,-2.9,-1.4,-0.3,-1.4,2.8,-3.9,1.5,0.9,6.8,-3.4,-7.6,-4.6,-2.9,-4.0,0.5,-1.6,-0.5,-1.7,-2.4,-5.0,-2.3,-1.2,-4.3,-2.3
2C7L513TaF,0,48.102543,11.635984,4442893.8,2777903.11,547.8,593.5,238,7475,2.9,0.81,0.45,32.68,348.96,-0.53,-0.103,0.842,-0.9,0.1,-0.86,0.23,0.8,0.2,-0.3,1.7,2.1,1.4,0.7,-0.1,0.8,1.8,0.0,0.2,2.9,0.0,0.9,-0.3,1.1,1.5,0.4,0.8,0.0,-0.0,-1.5,0.1,0.0,3.2,2.7,1.7,4.0,1.5,1.8,4.4,1.3,6.3,-1.0,-0.3,0.3,-3.5,0.9,3.0,2.6,2.6,3.4,1.9,6.5,1.0,4.3,-1.2,1.8,5.0,6.5,0.5,3.8,0.6,0.2,0.8,0.9,-0.7,1.3,3.5,1.9,1.9,3.0,2.5,1.2,-4.4,-1.0,3.3,0.6,-1.0,-3.2,1.7,-3.6,2.3,1.1,1.8,0.3,3.6,4.3,2.5,1.2,1.6,3.6,2.1,4.7,2.8,1.3,0.9,-1.7,3.2,5.4,5.3,7.2,2.6,1.0,1.0,1.2,4.1,4.0,6.3,8.1,4.8,-0.9,-1.2,2.4,-2.5,1.6,4.8,-0.3,-3.8,7.6,1.6,16.2,3.5,1.7,6.3,7.2,10.8,8.1,1.4,4.8,6.6,4.4,4.1,3.2,4.9,1.4,4.8,3.8,1.6,1.2,0.9,0.6,0.9,2.2,3.0,1.5,3.0,1.6,2.5,4.0,4.5,4.0,2.4,2.9,-1.7,-2.4,-2.7,-3.9,15.0,-0.3,1.1,-1.0,2.5,-5.7,0.1,-1.0,-0.9,-4.0,-2.1,-1.7,-1.2,-1.5,-1.2,-6.2,-3.5,-7.4,-5.0,5.8,0.6,0.8,-0.4,1.8,1.1,-0.2,-8.3,-0.1,0.0,0.7,-2.3,-2.5,-12.8,-1.2,-1.5,-0.7,-0.8,-4.3,-2.7,-2.4,-2.3,0.5,0.4,-1.7,-1.4,-1.9,-0.8,-0.5,-0.1,-0.1,-1.0,-0.5,1.2,0.4,-0.2,1.7,-1.0,0.1,-0.8,-2.8,-3.8,-3.6
2C7L513TaI,0,48.102535,11.63592,4442889.06,2777902.12,534.2,579.9,238,7478,2.1,0.84,0.39,32.68,348.96,-0.53,-0.103,0.842,-0.2,0.1,-0.62,0.16,2.1,0.1,-0.3,0.9,0.5,1.1,-0.3,0.7,0.7,1.3,0.7,0.1,-0.2,0.6,1.9,-0.6,-0.9,-0.1,-0.6,-2.6,0.5,-3.2,-0.0,-3.5,-4.3,1.1,-3.0,-2.4,-2.6,-0.1,1.5,-1.3,-7.1,2.8,-13.4,-11.3,-11.8,-10.3,-10.4,-5.8,-8.6,-2.5,-3.5,-2.8,-4.2,-5.0,-3.6,-5.2,-4.2,-0.6,-1.9,-2.1,-2.2,-0.4,-1.7,-1.4,-1.6,-2.2,-0.2,-0.3,-0.2,-0.1,-1.1,-0.6,-0.8,-2.8,2.5,0.2,-1.8,-2.2,-2.0,-2.4,-1.4,-2.6,-1.3,-0.4,-1.1,-2.5,-1.9,-0.4,-0.7,-0.4,1.0,-1.0,0.5,-0.5,-1.1,-2.0,-0.9,-0.1,-5.5,0.8,0.6,-4.9,0.3,-3.6,-5.1,-2.7,-4.8,-3.8,-2.8,-2.0,-3.9,-1.9,-3.0,-3.9,-1.4,-3.2,-3.8,-1.1,0.1,-2.2,-1.5,-1.1,-0.7,-1.4,-1.2,-1.0,0.6,-1.3,0.4,0.2,-0.8,-0.6,1.6,-0.8,-1.8,-1.3,1.0,-1.3,-2.5,-2.1,-3.1,-2.9,-4.2,-5.3,-3.5,-9.5,-6.3,-1.2,-3.1,-1.7,-1.8,-3.5,-6.2,-4.6,-0.9,-0.5,-0.6,0.7,0.5,-0.8,-0.6,1.5,-0.3,-0.4,0.2,-1.1,0.3,0.4,0.3,1.7,1.1,-7.8,-5.5,-1.0,-2.4,2.1,-2.3,-2.8,-2.8,-1.7,-3.0,-1.5,-3.3,-3.0,1.6,0.7,1.2,-1.4,-1.2,-2.9,-0.3,0.6,-1.9,-1.5,-0.9,-0.8,-1.6,-1.3,-2.0,-4.2,-3.3,-2.4,-5.9,-6.4,-9.9,-5.6,-7.2,-7.4,-6.4,-5.7,-7.3,-3.3,-4.8,-5.7,-4.9,-3.2,-3.6,-3.5,-1.0
2C7L513TaJ,0,48.102521,11.635811,4442880.96,2777900.4,526.2,571.9,238,7479,4.6,0.6,0.5,32.68,348.96,-0.53,-0.103,0.842,0.2,0.2,-0.6,0.36,1.0,0.3,-0.3,3.8,3.6,2.6,2.2,2.1,3.1,3.9,2.8,2.6,2.2,2.6,3.3,2.4,0.9,0.6,2.3,-2.8,-0.3,-2.2,-1.1,-4.1,-9.2,-1.1,-2.0,-3.8,0.5,0.1,1.1,-5.3,-6.6,6.8,-13.7,-6.0,-11.6,-16.6,-11.7,0.4,-6.9,1.2,-4.0,-0.1,-6.8,-3.5,-4.3,-8.0,-4.2,-2.9,-4.7,-1.3,-2.2,-0.9,0.1,0.0,0.2,-2.0,2.7,0.7,-1.2,-2.4,-2.0,-0.8,1.6,4.7,-6.3,-1.4,-5.3,-4.0,-1.0,-4.2,-5.2,-2.3,-2.8,-4.2,-2.5,-3.3,5.0,3.1,-1.5,-2.2,0.8,-2.6,9.8,3.4,1.7,-2.6,-0.9,3.2,7.3,3.8,8.5,6.9,6.1,0.9,-1.2,8.3,-3.3,2.6,12.3,-5.6,-2.6,0.9,-1.8,-0.3,5.4,-5.3,-13.1,-7.3,12.0,-12.4,-4.0,0.7,1.6,0.8,-1.5,0.9,-12.7,-5.7,-2.0,-2.7,-3.4,1.8,2.8,0.6,-3.8,-5.6,-1.3,-1.9,-2.8,-7.1,3.0,-1.1,1.1,5.1,3.1,-3.2,-0.2,1.0,-1.6,0.7,1.6,-0.6,-0.0,-1.2,7.1,1.3,-0.7,5.6,0.4,2.0,3.5,-0.0,0.3,1.2,1.1,0.2,0.7,1.5,3.0,9.7,9.2,11.4,-2.2,0.2,-0.3,-0.9,0.1,4.8,-1.5,0.6,-0.6,1.2,1.3,-4.0,2.6,2.2,5.0,-0.1,4.0,4.8,-7.5,-0.6,1.5,-4.7,-2.2,0.5,2.2,2.7,-13.2,0.4,-1.2,-10.5,-5.9,-4.1,-4.0,-0.4,-9.5,-6.8,-5.3,-4.9,-9.4,-0.4,-5.1,-1.5,0.0,-2.0,-0.0,12.3,9.1
2C7L513Tag,0,48.102743,11.637545,4443009.61,2777927.95,546.6,592.3,238,7502,1.7,0.93,0.28,32.69,348.96,-0.53,-0.103,0.842,-0.5,0.1,0.03,0.13,0.3,0.1,-0.3,-1.1,1.0,0.8,1.6,-1.1,-0.0,0.1,0.6,0.3,1.5,-1.6,1.1,-3.7,-1.4,-2.1,-1.8,-3.9,-3.5,-2.9,-5.1,-3.1,-1.1,1.1,1.5,2.9,0.3,-0.1,-1.2,1.4,0.4,5.5,-3.8,-2.9,-2.6,-7.4,-1.1,-0.3,-0.8,1.6,3.6,2.5,1.9,1.2,-1.3,-2.1,0.6,1.0,-1.4,0.9,-0.7,-1.9,0.7,0.7,-0.2,-0.7,-0.0,-0.1,1.2,0.6,0.3,-1.0,-2.1,-0.1,-1.5,-1.5,-1.4,-1.0,-2.7,-1.4,-2.2,-0.9,-1.3,-2.2,-1.9,-3.5,-3.3,-3.0,-1.6,-1.0,-4.3,-2.2,-1.6,-0.6,-0.1,-0.9,-1.6,-0.3,-0.3,-3.0,0.3,0.1,0.2,-1.5,-5.1,-1.1,-3.6,1.1,-2.0,0.7,-2.2,-1.6,-2.5,-1.4,-1.6,-3.9,0.7,-1.3,-0.1,-2.6,-0.9,-2.3,-2.9,-1.4,-2.9,-1.6,-1.2,-1.4,-3.0,-2.4,-2.8,-0.5,-2.8,-1.3,-1.3,-0.3,1.7,-0.4,-1.2,-3.7,-1.7,-0.6,-1.5,1.4,-0.1,1.2,-2.0,-0.3,-2.1,-2.7,-3.9,1.2,-4.2,-4.0,-5.0,-2.6,-2.7,0.5,-1.4,-3.1,-3.1,-1.5,-3.2,-3.3,-1.9,-1.4,-1.5,-1.5,-1.6,-1.4,-0.3,-5.2,-4.2,-1.3,-2.3,-2.6,1.4,-3.2,-3.6,-3.5,0.5,-3.8,-1.3,-4.0,-0.5,-1.1,-3.4,-1.0,-0.7,-1.0,-1.5,-0.7,-1.1,-3.4,-3.7,-1.6,-2.9,-0.9,-4.3,-3.4,-3.5,-6.2,-3.7,-2.7,-2.2,0.7,-0.8,-4.4,-4.5,-4.1,-5.3,-1.3,-3.0,-3.8,-2.1,-2.0,-2.9,-5.0,-3.4
2C7L513TWp,0,48.101013,11.62393,4441999.47,2777713.34,546.4,592.1,238,7263,3.2,0.78,0.44,32.63,348.96,-0.529,-0.103,0.842,-0.5,0.2,-0.2,0.25,1.0,0.2,-0.3,-1.6,-0.7,-0.4,-2.6,-1.4,-5.6,-2.1,-1.7,-1.9,4.2,-2.3,-1.0,2.1,-0.7,1.8,1.4,3.0,3.1,2.7,4.3,1.6,1.2,6.7,0.2,-0.3,2.1,3.1,1.9,1.5,2.4,16.2,-1.7,-2.6,-2.2,0.1,-1.0,4.1,-0.6,4.4,3.3,3.3,4.0,1.0,0.3,1.0,-0.2,-0.4,0.2,3.0,2.2,1.0,0.6,0.5,0.6,1.4,0.3,2.4,0.0,-0.8,-0.5,-0.6,-0.3,-5.2,-0.0,-10.0,-1.9,-1.7,1.6,-3.4,-1.8,-1.9,-1.3,1.3,-0.5,-4.4,1.4,3.4,2.1,3.1,1.2,-1.2,1.0,-4.0,-1.0,-1.6,3.7,-0.7,2.2,2.7,1.4,0.4,1.2,1.7,-2.0,-1.4,2.6,1.9,-0.0,1.8,2.8,1.3,-1.2,0.3,2.1,-1.7,-2.4,-0.8,-0.2,2.6,-0.8,-1.1,-0.3,-0.6,-0.4,-5.7,-10.1,-6.3,-4.4,0.2,-0.7,4.4,2.9,5.3,3.8,0.2,3.4,5.7,1.2,-2.1,-0.8,-7.6,-1.1,0.5,1.9,1.1,0.5,1.7,-1.7,5.2,2.1,-3.2,-4.8,-1.9,-0.4,3.1,2.2,0.4,0.7,0.2,-1.0,1.5,1.6,-0.0,-0.2,0.4,-4.7,-0.5,-0.9,1.1,-0.5,-0.4,-4.0,-1.4,-6.0,-7.3,2.7,3.4,10.2,1.0,-5.6,0.5,-3.3,-2.5,-6.8,-3.6,3.4,7.4,-1.6,-1.3,-4.2,-1.4,-1.6,-3.0,-2.4,-0.8,-6.6,4.8,2.5,2.2,-4.1,0.7,5.9,0.5,-4.8,-3.9,-3.4,-0.8,0.3,-6.3,8.6,-8.9,-3.7,-1.0,1.1,-6.5,-11.6,-4.0,1.2
2C7L513TXY,0,48.101333,11.626416,4442183.96,2777752.92,544.2,589.9,238,7308,2.7,0.85,0.37,32.64,348.96,-0.529,-0.103,0.842,-0.8,0.1,-0.27,0.21,0.7,0.2,-0.3,-1.6,2.1,0.6,-1.5,-0.9,1.1,-1.3,2.8,0.6,-1.6,1.9,1.7,2.8,0.3,0.8,1.1,-2.2,-1.3,-1.6,0.5,-0.1,-2.3,-0.4,0.6,1.6,1.9,1.4,3.3,-0.8,-2.0,-2.6,-3.2,-2.9,-0.6,-1.0,-0.4,2.0,-0.2,3.5,1.1,1.7,3.3,0.5,0.8,-0.7,0.9,-0.8,0.6,0.6,0.9,0.8,-0.3,-1.4,3.0,-0.8,-0.7,-1.8,0.6,0.3,-1.4,0.7,-0.9,-11.4,-1.4,3.8,1.7,1.0,-0.8,1.9,0.3,1.4,-0.5,1.8,-0.1,-0.5,-0.4,1.3,0.1,0.3,-1.9,-1.2,-0.7,0.1,-0.9,-0.7,0.2,-1.3,-1.6,1.1,-0.6,-0.4,0.9,-1.5,1.3,1.7,-0.5,-0.8,0.2,-0.1,-1.9,-0.3,-0.4,2.2,0.1,-0.1,0.7,1.6,-0.0,-0.7,-1.9,0.1,-2.5,-1.0,-2.1,1.3,-2.3,-8.5,-3.3,-5.8,0.0,-5.5,-3.3,-2.9,-3.8,-1.1,-0.0,-0.4,0.3,-2.9,-2.9,-1.0,1.5,0.4,-0.2,-0.3,-2.2,-0.7,2.0,1.6,9.6,3.0,-3.5,-4.1,-0.1,-3.0,-3.5,-4.0,1.8,-6.9,10.1,12.0,-7.2,3.0,-2.6,-1.1,-1.4,-1.7,-3.0,-2.7,-2.4,-2.7,-2.8,-1.3,-3.8,-2.0,1.4,0.6,-3.7,-0.2,0.1,-1.2,-2.4,-4.3,-6.2,-3.4,-13.7,-12.2,-5.3,2.8,-3.6,-4.0,-3.5,-2.8,-3.2,-1.4,-1.9,-3.1,-4.2,-1.7,-6.2,-4.1,-5.8,-2.7,-4.6,-0.6,-0.5,-1.5,0.6,-1.6,0.9,-1.8,-1.6,-3.2,-3.8,-2.6,-8.0,-5.1,-11.0
2C7L513TXv,0,48.10145,11.627323,4442251.24,2777767.39,525.6,571.3,238,7331,2.7,0.85,0.35,32.65,348.96,-0.529,-0.103,0.842,-0.7,0.1,-0.22,0.21,0.5,0.2,-0.3,-1.8,0.4,0.5,-2.4,-1.8,-1.1,-0.9,-0.3,1.9,11.9,2.4,-2.9,1.1,-0.6,-0.3,-1.9,0.2,0.1,-0.5,0.6,-0.4,1.4,-1.7,1.5,0.5,1.4,-2.8,-3.8,-5.1,-3.4,-7.9,-4.2,-5.8,-2.2,-5.9,-0.9,1.0,-0.3,2.2,-3.0,-1.0,1.3,-2.3,-3.0,-1.3,-2.3,-1.3,-2.0,-5.5,1.0,0.0,0.1,1.7,0.5,-1.1,-1.5,-0.4,-1.7,-0.2,-0.9,-4.1,0.2,6.4,-2.9,10.1,3.0,-4.5,-3.9,-2.3,-3.0,-6.5,-2.2,-5.2,-2.7,-2.3,0.8,-1.9,-1.4,0.5,-1.6,-4.0,-3.8,-1.3,-2.8,-2.0,-2.4,-3.6,-0.6,-1.5,1.2,-2.8,-0.3,-2.1,0.0,-2.7,-4.7,-4.0,0.3,-1.0,-0.6,-2.6,-1.8,-0.4,2.7,-2.7,0.1,1.8,-4.0,-4.0,-1.7,-1.1,1.1,-2.2,-1.1,0.5,-4.9,-3.9,-3.2,-3.0,-1.5,-0.2,-2.0,-1.2,-3.8,0.4,-1.5,-1.3,0.5,-3.3,-0.9,-5.3,-1.7,-7.7,-0.3,-3.3,-2.8,1.8,-2.7,3.1,-0.4,-1.7,-3.5,-5.1,-2.3,-1.2,-1.2,8.4,-3.4,-2.3,-1.9,-1.2,-3.3,0.1,-1.0,-3.1,0.9,-4.4,-2.3,1.5,-0.1,-3.8,0.0,-3.9,-4.5,-3.6,-2.0,-2.1,-4.5,-1.4,-3.4,-2.8,-3.5,-11.2,-6.6,-3.4,-10.0,-6.8,-6.3,7.2,-4.8,-6.6,-3.1,-2.5,-0.7,-1.0,0.2,-2.7,-1.3,-2.8,-5.2,-2.6,-4.8,1.6,-4.3,-3.5,-5.8,-5.2,-2.3,-3.9,-6.7,-5.2,-5.4,-3.3,-4.1,-5.7,-3.6,-6.1,-5.0
2C7L513TYE,0,48.101663,11.628986,4442374.61,2777793.8,552.2,597.9,238,7350,4.5,0.58,0.47,32.65,348.96,-0.53,-0.103,0.842,0.4,0.2,-0.54,0.34,1.5,0.3,-0.3,-0.6,1.1,2.4,2.8,-1.0,-1.5,-4.8,1.4,-4.5,1.9,2.2,1.6,-1.1,11.7,0.7,-1.5,0.8,-0.9,-7.1,5.4,13.4,-6.8,2.1,4.7,14.5,7.2,8.1,9.1,6.5,0.4,6.3,-0.6,4.6,3.4,-0.1,0.9,8.4,4.7,4.4,5.2,3.8,4.4,5.1,3.5,2.3,1.7,11.4,1.8,5.1,-0.7,7.4,6.0,-0.5,1.7,0.7,-0.1,1.6,4.0,3.0,1.2,5.4,0.4,9.0,5.6,3.0,3.0,5.7,4.2,1.2,-0.4,5.6,7.8,1.8,-6.0,0.1,2.8,5.2,1.5,6.6,2.8,-9.8,3.1,6.9,11.6,7.8,1.5,2.3,8.6,1.2,11.1,9.4,-2.8,5.3,6.1,7.8,7.1,7.4,11.3,9.3,8.0,7.1,4.4,9.4,1.6,-1.4,3.2,2.6,5.7,7.2,7.1,5.5,3.8,11.7,16.1,17.0,8.8,-5.1,10.8,9.4,4.0,3.4,10.0,10.7,11.3,1.2,5.7,-1.9,-0.4,5.4,2.5,16.8,3.4,9.8,0.9,5.5,1.4,6.4,10.5,7.7,1.2,12.1,6.3,14.0,-1.3,4.0,1.3,-0.9,1.0,-0.4,1.1,0.9,-0.2,1.1,3.9,2.8,-6.9,2.7,-0.3,6.2,1.6,4.7,-0.0,6.1,4.8,7.1,14.8,1.4,0.3,13.9,14.9,5.4,-4.4,16.3,2.4,3.5,4.0,1.4,1.2,0.6,0.7,3.2,2.6,4.5,6.6,7.6,3.5,7.4,3.6,1.4,4.6,6.1,-1.0,15.1,8.5,12.6,10.4,3.4,-1.5,7.9,-1.0,3.6,4.3,8.2,3.1,4.6,2.8,8.1,12.4
2C7L513TYI,0,48.101653,11.628908,4442368.8,2777792.58,536.7,582.4,238,7354,4.2,0.63,0.25,32.65,348.96,-0.53,-0.103,0.842,-0.0,0.2,0.37,0.32,1.3,0.3,-0.3,-1.0,-5.2,1.6,-0.9,-0.8,-1.4,0.3,-0.2,0.6,-0.2,9.9,-0.3,0.9,9.8,0.6,0.2,11.6,-0.5,0.0,-0.4,0.8,-0.2,0.8,0.2,2.0,10.8,12.1,1.4,0.9,-1.9,-4.8,-4.3,8.3,1.9,-2.7,-1.0,1.9,0.3,1.7,1.3,1.5,0.7,1.8,-0.0,11.6,-0.3,9.2,-0.8,0.1,0.1,-0.0,10.3,-0.3,-0.6,-0.5,-0.3,-0.4,-1.0,-0.4,-1.2,-0.7,-1.0,-0.1,9.2,-0.8,10.6,-1.5,-7.6,-1.6,-0.6,8.6,-0.6,-1.4,-6.5,0.1,0.5,0.5,0.6,10.4,0.2,0.1,0.3,0.4,1.3,9.2,0.3,-0.6,10.1,-1.2,0.4,-0.8,-0.9,-1.6,7.0,4.8,-0.0,-0.2,1.8,9.8,0.8,-1.0,0.6,10.0,1.3,-0.9,0.2,-0.1,-0.1,9.5,-6.0,-1.1,-0.2,-6.8,-4.6,-5.9,-6.3,-1.4,-2.0,-5.6,-1.2,-1.3,-1.1,8.6,7.9,-2.1,0.4,-1.0,0.7,10.2,-2.1,-1.3,-0.6,9.3,6.7,-1.4,-2.5,-0.7,-0.2,1.6,1.8,-1.0,8.2,-1.9,-1.4,-1.6,-1.6,0.7,-1.6,-1.4,-1.2,-1.7,-2.2,-2.2,3.8,-2.0,-1.1,-0.8,-1.0,10.7,-0.2,-1.6,-1.4,7.3,-2.8,7.5,10.4,-1.7,-3.4,0.7,-0.1,3.9,-3.3,-2.8,-3.0,-3.2,-1.4,5.8,-2.2,-0.8,-2.5,6.9,-2.0,4.4,8.7,7.9,-1.0,7.0,-7.3,-1.4,4.3,6.0,7.3,-1.5,-3.2,-2.1,-2.2,6.7,-4.3,8.1,6.4,-2.5,-3.1,-2.4,-2.6,6.4,5.5,-3.0,5.9
2C7L513TYl,0,48.101869,11.630592,4442493.78,2777819.39,539.9,585.6,238,7383,1.3,0.94,0.24,32.66,348.96,-0.53,-0.103,0.842,-0.7,0.1,-0.17,0.1,1.2,0.1,-0.3,-0.7,-0.9,-0.4,0.6,1.1,-0.7,0.8,0.0,0.7,1.4,1.2,0.6,0.5,-0.7,-1.2,-1.3,-1.2,-2.3,-2.0,-1.1,-1.2,-1.1,-1.2,-0.1,-1.2,0.1,0.4,0.6,1.0,-3.0,-2.4,-5.7,-4.8,-3.7,-5.3,-2.7,-0.2,-1.4,-0.9,-2.2,-0.7,-0.7,-1.3,-0.8,-1.3,-1.6,-2.6,-1.3,-0.5,-1.5,0.7,0.9,0.9,0.1,-1.0,-1.5,-1.2,-1.8,-0.3,-1.0,-0.1,-2.4,1.8,-1.4,0.7,-1.7,-0.9,1.4,-2.3,-0.8,0.1,-1.2,-0.4,-0.6,0.7,0.0,-1.1,0.2,-1.5,-1.4,0.4,-2.7,-0.4,-0.2,-0.1,-2.4,-1.3,-1.7,-3.2,-2.0,-2.3,-1.9,-2.2,-2.5,-3.3,-0.2,-1.0,-0.4,-2.7,-1.6,-3.2,-0.8,-1.9,-0.2,-2.2,-0.3,-0.6,-1.0,0.8,-0.5,-1.5,-1.0,-1.1,0.2,-0.5,-0.6,0.8,-1.7,-0.0,-1.4,0.7,-1.7,-1.4,-0.3,-1.1,-0.2,-0.5,-0.1,-1.4,-2.9,-3.9,-3.0,0.4,-3.3,-6.1,-4.8,-4.8,-5.7,-0.5,-0.5,-2.7,-1.5,-2.1,-1.5,-2.5,-2.0,1.5,-1.9,-2.3,-2.7,-2.0,-5.3,-3.5,-1.6,-2.3,-3.1,-3.3,-1.5,-1.9,-3.3,-4.3,-4.4,-3.9,-6.7,-5.6,-1.4,-2.2,-6.9,-2.4,-3.1,-3.3,-5.7,-3.7,-2.2,-0.6,-4.4,-1.1,-1.1,0.7,-2.1,-1.8,-1.0,-3.0,-1.3,-1.1,-2.2,-2.6,-2.7,-4.9,-7.3,-7.2,-4.0,-5.2,-6.8,-5.0,-4.3,-4.4,-5.0,-3.2,-4.9,-3.9,-3.0,-4.1,-2.9,-0.1,-1.0,-3.4,-3.9
2C7L513TYo,0,48.101923,11.63101,4442524.74,2777826.01,550.0,595.7,238,7386,3.1,0.69,0.53,32.66,348.96,-0.53,-0.103,0.842,-0.2,0.2,0.39,0.24,3.2,0.2,-0.3,-1.5,-0.9,1.1,0.0,1.0,0.1,-0.3,-0.0,0.8,-0.3,1.1,0.9,1.2,-1.9,-4.8,-6.4,-5.9,-6.2,-8.9,-7.4,-4.4,-8.7,-2.2,-6.8,-7.4,-6.8,-6.1,-1.9,-1.7,-8.0,-7.4,-12.0,-12.9,-11.9,-10.0,-8.1,-8.7,-4.9,-6.8,-4.8,-2.6,-3.8,-3.9,-8.2,-6.0,-4.2,-5.6,-2.5,-3.7,-0.9,-1.4,0.1,-0.8,-0.7,-0.5,-3.6,-1.6,-2.0,-0.2,-0.3,-1.5,-4.1,-7.5,-1.6,-3.6,-1.6,-3.1,0.3,-0.6,-2.4,-2.3,-2.3,0.2,-1.9,-2.0,-13.2,-7.7,-6.2,-5.4,-8.6,-3.6,-8.2,-3.1,-1.6,-2.9,-7.2,-7.6,-7.3,-8.8,-5.4,-4.4,-4.7,-6.1,-9.7,-9.2,0.4,-2.7,-9.2,-10.8,-7.5,-4.6,-7.5,-6.5,-3.6,-7.1,-5.4,-5.3,-2.3,-5.1,-4.5,-4.8,-2.9,-2.5,-2.9,-1.4,-1.8,-2.7,-2.8,-1.2,-1.1,-0.4,-1.2,-2.6,-3.2,-5.2,-5.5,-3.2,-7.6,-9.2,-8.1,-16.2,-8.7,-4.5,-10.3,-10.5,-10.6,-12.0,-10.0,-2.2,-3.2,-2.9,-3.2,-4.2,-4.4,-3.6,-2.3,3.5,-2.6,-3.2,-3.3,-2.5,-3.3,-5.0,-4.0,-4.1,-2.8,-3.0,-2.5,-1.3,-2.0,-9.1,-10.7,-15.5,-9.5,-18.7,1.9,-2.0,-12.8,-0.5,-1.1,-6.8,-9.1,-8.4,-5.9,-3.1,-8.0,-4.0,-2.9,6.9,-2.0,-2.2,-0.8,-1.8,-1.7,-2.2,-3.2,-4.9,-6.0,-12.2,0.9,-7.7,-11.8,-11.9,-6.0,3.9,-11.6,-9.4,-6.1,1.6,-2.4,-4.6,-4.0,-2.4,-3.4,-1.0,-5.7,-3.8,-7.4
2C7L513TYp,0,48.101919,11.630978,4442522.35,2777825.5,545.7,591.4,238,7387,3.3,0.6,0.47,32.66,348.96,-0.53,-0.103,0.842,-0.8,0.2,0.46,0.25,4.2,0.2,-0.3,-3.3,-1.1,-0.2,-1.1,-0.4,-0.1,-0.9,-2.3,-0.2,-0.4,1.1,0.6,-0.5,-0.9,-5.2,-6.7,-8.3,-8.1,-8.0,-7.0,-5.8,-10.5,-3.3,-8.5,-6.0,-9.7,-10.9,-7.4,-3.2,-12.9,-11.4,-13.3,-14.2,-14.3,-10.0,-11.9,-9.1,-6.9,-7.7,-7.7,-6.3,-8.5,-8.5,-13.3,-8.2,-5.4,-7.2,-4.6,-4.7,-3.2,-2.2,-1.4,-1.9,-2.0,-1.5,-4.1,-4.6,-4.3,-1.6,-2.5,-2.0,-0.4,-7.1,-2.1,-9.4,-3.9,-5.4,-0.8,-3.8,-4.8,-6.3,-4.0,-1.4,-3.7,-4.5,-19.9,-11.1,-9.2,-7.0,-14.7,-6.8,-10.0,-8.1,-4.4,-8.2,-9.6,-9.9,-10.7,-14.1,-11.9,-18.2,-3.8,-16.8,-15.4,-13.3,-11.6,-8.6,-13.8,-14.7,-9.9,-9.3,-11.1,-8.8,-10.2,-10.9,-10.3,-11.5,-8.4,-11.4,-7.1,-9.1,-8.2,-5.8,-5.3,-4.2,-3.9,-5.3,-4.5,-3.0,-4.2,-2.4,-3.4,-5.8,-6.5,-6.0,-7.7,-7.3,-8.0,-10.6,-10.2,-3.3,-11.8,-8.1,-11.2,-12.6,-13.6,-12.2,-14.9,-13.1,-5.9,-4.5,-6.0,-7.0,-6.7,-6.1,-4.9,-3.1,-4.6,-5.2,-5.9,-5.9,-6.6,-7.0,-7.0,-7.5,-5.4,-6.4,-7.1,-8.5,-7.0,-10.5,-10.8,-12.3,-11.0,-15.8,-19.6,-7.9,-18.8,-3.1,-3.1,-8.1,-10.9,-12.2,-6.7,-5.0,-10.6,-5.3,-4.0,-20.5,-3.9,-3.7,-4.0,-3.6,-4.2,-4.4,-5.7,-13.4,-8.2,-11.2,-12.0,-15.8,-9.5,-17.0,-5.0,-26.4,-18.5,-13.7,-17.7,-17.0,-6.0,-6.6,-6.8,-5.7,-4.1,-4.6,-7.2,-4.8,-8.6
2C7L513TZ2,0,48.101985,11.631491,4442560.43,2777833.69,535.0,580.7,238,7400,2.7,0.8,0.4,32.67,348.96,-0.53,-0.103,0.842,-0.0,0.1,-0.18,0.21,1.5,0.2,-0.3,0.3,-1.3,2.3,1.8,-0.5,2.5,-0.3,1.7,-0.2,4.2,0.3,-0.4,-0.3,1.1,0.0,2.0,0.2,-0.1,-3.1,-0.9,-5.1,-0.3,-0.6,7.5,-6.4,2.9,-4.3,1.3,2.2,0.2,1.2,-2.6,-2.0,-2.8,-1.2,-2.4,5.6,-0.5,-2.7,1.1,1.9,0.1,0.3,2.3,-2.4,-1.1,1.7,-0.2,-3.4,-11.7,-1.1,2.7,-2.7,0.5,1.3,3.9,5.6,1.2,1.9,0.2,2.8,2.3,5.4,-1.0,3.8,4.0,1.2,3.0,-1.1,-1.6,3.3,-1.1,3.8,0.9,-0.6,-0.2,4.8,-0.5,0.4,0.4,9.6,-0.3,4.9,-1.3,-1.6,-0.6,-1.3,2.4,-0.4,-1.1,-1.0,-2.0,-3.3,0.4,-2.6,6.5,2.7,0.8,-3.1,2.5,1.9,-0.4,-0.3,3.1,-1.5,0.4,-0.0,5.4,8.6,3.7,2.1,3.7,3.8,3.7,4.1,4.2,4.5,4.7,2.2,2.2,0.7,1.5,0.9,1.9,0.6,3.0,0.9,2.1,1.8,0.3,-2.6,1.3,0.5,2.0,-1.4,-1.8,-3.9,-2.0,-0.2,4.5,0.9,2.9,3.0,-0.1,2.5,5.4,4.0,-3.6,3.5,-0.4,3.3,-2.8,0.1,-2.8,-3.8,1.1,0.1,0.6,-3.0,-3.5,2.6,-6.7,0.5,-0.7,-6.7,3.9,-2.5,-2.2,3.2,-0.3,-0.9,-0.9,-4.4,-2.2,0.4,-0.3,-1.3,-1.2,-2.6,2.8,1.7,7.8,1.2,-2.6,1.3,-0.7,-1.0,-0.6,-0.2,-3.1,-1.6,-1.5,-5.6,-0.6,-0.5,-0.6,-3.3,-1.4,1.5,0.1,1.0,-2.0,0.4,6.1,3.9,6.2,7.8,9.8
2C7L513TZC,0,48.102052,11.632015,4442599.29,2777842.03,534.0,579.7,238,7410,2.7,0.83,0.47,32.67,348.96,-0.53,-0.103,0.842,-0.1,0.1,-0.08,0.21,0.8,0.2,-0.3,0.3,2.6,0.4,-0.1,0.4,0.4,0.3,2.8,-1.0,1.9,-0.3,-0.9,1.4,0.3,1.9,0.7,-0.5,0.1,-2.9,-1.5,-2.4,1.7,2.9,2.8,4.3,-1.6,3.9,-1.7,3.4,0.6,-9.1,-11.9,-10.0,-2.4,-1.6,5.5,-11.4,-4.9,-13.1,2.4,-0.7,-2.5,-2.8,-1.5,-0.5,-0.3,-3.6,-3.7,-2.6,-3.8,0.0,-1.3,-2.9,-3.0,-2.5,-2.6,-3.0,-2.6,-1.1,-2.6,-1.2,-2.3,-5.1,0.7,-2.2,-4.1,-3.0,-1.9,-0.0,-3.4,-2.9,-1.7,-3.6,-1.2,-1.4,-2.6,0.4,0.3,0.1,-1.0,-0.5,-3.2,-3.5,-4.1,-0.0,2.4,1.3,-3.8,-2.7,-1.1,-0.1,-0.2,-2.3,-0.3,-1.0,0.9,-0.7,2.5,-2.9,0.4,-0.6,0.9,-0.5,2.5,3.0,2.8,3.2,0.7,3.0,-3.1,-2.7,-1.3,-3.3,-0.6,0.0,-1.8,-0.6,-0.8,-2.6,-2.4,-1.0,-0.4,-2.1,-2.6,2.7,2.2,-4.0,-4.3,1.0,-2.9,-0.3,-2.2,-2.8,-0.3,-4.4,-2.0,-0.7,-5.1,-4.5,-3.6,-6.3,-4.8,-4.0,-0.6,4.4,0.2,-5.0,-1.3,3.6,5.9,3.7,1.4,-0.2,0.3,-5.3,-0.6,-0.5,-0.1,-0.3,-0.3,-2.6,-3.6,-1.4,-3.6,-1.0,-2.7,-1.1,-3.2,-1.6,0.7,1.5,-2.0,-4.6,-5.3,-0.9,1.5,1.6,1.6,-6.6,0.7,1.3,-0.8,0.9,-0.7,-0.1,0.5,-2.5,-0.2,0.4,-5.2,-4.4,-1.1,-1.9,-2.2,-4.1,-0.5,-2.9,0.7,-2.9,-2.7,-4.5,-5.3,-3.2,-6.7,-1.0,-2.6,0.2,1.9
2C7L513TZP,0,48.102182,11.633024,4442674.18,2777858.07,545.9,591.6,238,7423,2.9,0.82,0.38,32.67,348.96,-0.53,-0.103,0.842,-0.3,0.1,-0.31,0.22,0.4,0.2,-0.3,0.8,0.8,0.0,1.5,0.4,0.5,0.2,-1.0,0.4,-6.6,-1.6,-1.5,-3.5,3.9,2.9,3.7,2.1,-0.1,-5.3,-3.6,-1.3,1.9,0.5,2.3,-4.7,2.0,-1.9,2.1,0.5,1.0,-3.7,-6.4,-5.0,-4.7,-11.3,-4.0,6.5,0.6,2.5,0.9,0.4,7.6,2.4,-0.1,-2.0,2.9,0.4,-1.2,-2.7,-0.5,-1.5,0.7,1.1,-2.0,-1.7,1.2,2.2,1.4,-1.1,-0.9,-1.5,-0.1,1.7,-2.0,1.1,-3.3,-5.5,-5.9,-4.4,-1.9,-4.8,0.1,-2.1,-2.7,-1.1,-0.1,-0.6,0.9,2.1,1.0,0.4,0.9,3.5,-0.1,2.7,2.1,1.2,-2.5,-2.4,0.3,1.2,3.2,1.1,-1.6,1.1,-3.4,1.8,0.0,0.7,-2.5,-1.8,0.4,0.2,1.2,0.8,1.4,0.9,1.2,2.0,-0.3,-0.5,0.1,-0.3,2.4,0.7,0.7,1.3,-0.7,-0.2,-3.5,-3.8,-2.1,-0.5,-0.9,-1.4,2.1,-5.3,-0.0,0.5,-8.4,0.2,-1.2,-4.0,-0.6,-3.1,-0.5,-2.1,-0.5,2.6,-0.8,-5.8,-0.1,1.0,2.8,0.2,-1.6,-4.7,-1.7,-4.1,1.2,2.3,-0.3,2.3,1.1,0.5,5.1,-3.3,0.8,-0.3,2.4,-1.5,-3.6,-0.2,-0.5,-2.3,-1.6,1.1,-2.8,-3.2,-2.6,-3.2,-5.7,-3.2,3.8,5.2,7.6,1.6,-0.6,-10.8,0.1,-3.5,-2.3,-2.4,3.5,-2.2,-0.9,-0.6,1.5,-1.3,-4.1,-4.8,1.3,-11.7,-8.8,2.9,-3.5,-3.8,-2.0,-1.8,-2.4,-2.6,-4.2,-4.8,-2.6,0.1,1.4,-1.8,-0.1
2C7L513TZQ,0,48.1022,11.633165,4442684.65,2777860.31,550.0,595.7,238,7424,2.4,0.85,0.4,32.67,348.96,-0.53,-0.103,0.842,-0.5,0.1,-0.03,0.18,0.9,0.2,-0.3,-1.0,1.1,1.0,1.5,1.5,-1.3,-0.3,1.0,1.5,-2.6,0.3,-1.0,-0.7,2.0,2.5,3.0,-2.8,-2.4,-4.7,-3.4,-1.9,-2.9,-1.1,-0.9,-1.7,-0.9,-1.8,-0.5,0.2,-3.2,-3.6,-7.2,-4.3,-5.8,-7.6,-5.1,-0.2,-1.3,-0.2,-1.6,2.2,8.1,2.5,-1.9,-0.6,2.6,2.7,2.0,0.3,1.6,-0.4,2.5,-0.8,-0.3,-1.0,-0.6,1.3,2.7,2.6,1.8,-1.0,-0.8,4.7,-1.8,-2.6,-2.6,-3.1,-1.6,-2.9,-4.2,-3.1,-3.4,-0.1,-1.1,-4.3,-2.0,0.3,2.3,-4.1,-4.4,0.2,-1.2,3.3,-0.3,3.2,-3.6,-1.7,-3.4,-3.9,-3.7,0.2,1.3,0.6,-4.5,0.1,-1.1,3.4,-1.4,-0.9,-2.2,1.2,-1.1,-3.5,1.3,-0.7,1.1,1.4,2.9,1.6,1.1,1.7,1.1,-0.3,1.2,2.3,2.2,0.8,-1.0,-0.9,-2.3,-3.2,-2.5,-0.4,0.7,0.6,-4.5,-1.1,-0.1,-0.8,-6.5,1.5,-3.1,-2.3,-2.2,-4.4,-4.9,-4.1,-4.4,0.1,3.7,-3.5,0.4,-2.8,-2.0,-0.3,-2.1,-4.9,-1.7,-2.8,-2.5,-6.4,-4.2,-0.0,-2.9,-2.1,2.1,-0.8,-0.6,0.2,1.4,-3.7,-4.4,-2.5,-2.3,-4.1,-2.2,1.2,-6.1,-0.8,-3.1,-2.5,-5.8,-4.2,-1.4,0.6,0.7,-2.3,-1.4,-9.5,-2.5,-2.7,-1.1,-0.4,-2.6,-3.6,0.6,0.2,-2.5,-4.8,-4.2,3.5,-3.2,-6.6,-6.3,0.5,-2.5,-5.1,1.5,-1.1,-1.3,1.1,-4.9,-2.5,-2.5,-1.4,-2.6,-2.5,-0.8
2C7L513TZf,0,48.102329,11.634171,4442759.27,2777876.3,557.7,603.4,238,7439,3.7,0.72,0.48,32.68,348.96,-0.53,-0.103,0.842,-0.7,0.2,0.54,0.29,0.6,0.2,-0.3,-2.8,-3.3,-0.1,-2.6,-1.0,-0.3,-2.2,-1.9,-2.4,-2.9,-2.7,-0.0,-0.9,-5.8,8.8,10.1,5.2,4.2,-1.7,-2.2,-3.3,-1.2,-5.6,-0.2,0.4,-0.3,0.3,-0.5,3.9,-2.8,5.8,-4.8,-3.1,-5.0,-4.3,-4.3,3.2,-1.0,5.4,6.2,-1.8,12.5,-12.4,1.0,2.0,0.1,-7.6,2.2,-3.3,-0.8,-2.7,0.0,0.3,-0.1,0.4,0.0,-7.3,-3.1,0.3,-2.3,-1.2,-9.7,4.9,-2.9,-1.8,-5.2,-3.5,9.1,-0.6,-0.9,-2.8,-1.1,-3.6,0.7,-4.1,-2.3,1.4,1.0,0.5,-6.8,-0.2,-4.2,-3.1,-0.6,-3.3,-2.0,-2.2,-2.8,-4.6,-4.7,-1.6,-12.2,-4.8,-3.7,2.0,-0.8,-2.5,-4.3,0.6,-2.2,1.5,-2.3,3.3,3.5,-2.4,2.7,-1.7,-0.9,-4.0,-1.1,0.0,-2.3,-0.7,-3.9,-3.8,-5.8,-4.3,-4.2,-7.0,-4.8,-5.9,-4.6,-3.6,-2.3,-4.2,-5.0,-5.6,-0.9,-7.3,-7.5,-0.7,-1.3,-1.3,-7.0,-7.4,-7.7,-6.2,-0.4,-0.2,-1.2,-3.7,-4.6,-4.0,-7.3,-4.9,-7.9,6.1,-11.9,-8.7,-4.0,2.7,-4.9,8.6,-5.3,4.7,-3.3,-2.3,-3.4,-4.4,-0.7,-8.5,-6.7,-2.3,6.2,-3.4,-1.1,1.3,-7.7,-0.1,-1.8,-5.4,-7.0,-4.3,-0.3,-1.3,1.1,-4.6,-3.8,-6.1,-1.4,-5.6,-2.1,-2.4,-2.3,-4.6,0.6,-6.7,-9.5,-13.3,-5.9,-3.0,0.7,0.4,1.2,-2.0,-4.2,2.3,1.1,-1.4,-7.2,-2.7,-4.2,-3.0,-1.5,-6.2,-5.0,-3.9,-6.6
2C7L513TWc,0,48.100915,11.623015,4441931.58,2777700.86,539.2,584.9,238,7250,2.2,0.87,0.52,32.6,348.92,-0.529,-0.104,0.842,-1.0,0.1,-0.88,0.17,0.5,0.1,-0.3,0.5,0.5,-0.0,0.6,1.0,-0.5,1.1,0.4,1.3,0.6,1.1,1.6,0.9,0.2,2.5,0.5,0.5,-0.3,2.5,1.4,1.7,0.6,1.9,1.5,1.6,2.1,2.5,2.6,1.5,-0.7,-11.8,-3.1,-0.4,0.3,-1.3,-0.8,3.6,1.7,4.2,2.1,3.4,2.2,4.1,3.2,0.7,2.6,1.0,2.2,2.2,2.1,3.6,2.2,3.3,2.1,0.9,2.3,0.8,1.9,2.9,1.9,2.5,1.5,3.5,1.8,-0.8,2.0,1.2,1.0,0.1,3.0,-0.1,1.2,0.7,-0.8,3.8,-0.6,1.8,0.5,2.1,4.6,0.4,4.3,-0.2,2.1,-0.7,-0.3,6.5,-0.9,0.7,4.2,2.6,5.0,2.2,2.5,0.1,2.2,3.1,2.7,3.6,6.2,5.8,3.5,7.5,6.1,1.9,1.6,9.9,8.3,1.9,-4.2,5.7,3.7,7.3,5.9,1.3,2.1,-1.9,2.3,2.6,2.0,1.2,5.5,6.7,2.5,4.6,2.2,3.7,4.4,2.4,5.3,-3.1,-2.6,-0.4,0.0,-3.2,-2.9,-0.5,-1.7,0.9,0.9,-2.5,0.1,-2.0,-2.9,-0.7,-1.5,0.5,-0.3,-1.2,-1.0,0.4,-2.4,-1.8,-0.6,-1.0,-1.6,0.4,-1.2,-0.0,-0.9,-2.1,-3.2,-3.8,-2.1,-2.7,3.5,-2.8,-6.2,-0.2,-1.3,-1.8,-2.6,-2.9,-2.2,-1.3,-0.8,0.1,-0.9,-0.9,2.2,-1.1,-2.0,-1.3,-0.8,-1.6,-1.5,-2.7,-2.2,-2.6,-4.8,-2.9,-1.9,-3.5,-5.4,-0.8,-0.8,-3.4,-0.5,-2.7,-0.8,-2.4,-2.3,-2.8,-4.4,-2.4,-1.8,-1.9,-2.2
2C7L513TWu,0,48.101052,11.624082,4442010.75,2777717.84,541.5,587.2,238,7268,2.2,0.89,0.39,32.63,348.96,-0.529,-0.103,0.842,-0.3,0.1,0.36,0.17,0.3,0.1,-0.3,-2.3,-0.4,0.8,2.0,1.5,0.2,1.0,0.2,3.8,1.1,0.2,-4.5,1.8,1.0,-1.4,-1.1,0.6,-1.8,0.3,-0.3,0.1,-0.1,-3.3,-1.4,0.1,3.2,3.7,-0.0,-0.5,-2.6,-12.2,-2.3,-5.5,-1.7,-3.3,-0.1,1.9,-0.6,0.8,-0.3,-0.8,-3.2,-0.5,5.3,0.7,2.5,-1.8,-0.2,-2.5,0.0,0.4,2.9,3.5,1.2,-0.5,3.2,-1.6,-0.5,-0.6,-1.9,0.3,-0.5,2.1,-1.4,-5.3,-3.5,-1.7,-3.4,-4.4,-2.3,-3.3,-3.8,-0.2,-4.7,-0.9,-3.2,1.4,-1.2,-0.8,-1.9,-2.9,-1.7,-0.9,2.9,-0.4,0.8,-2.2,-3.8,-5.4,-1.6,-2.5,-0.3,-0.8,1.3,-3.3,1.6,0.7,0.7,-0.3,0.5,-0.3,-0.9,-0.9,-0.5,-1.0,-1.1,-1.4,-1.2,0.5,-0.3,-2.3,-0.2,-0.3,0.2,4.3,-1.1,1.0,-1.5,-2.7,-1.7,1.4,-2.0,-0.5,-0.9,1.0,-1.5,-2.8,-1.1,-0.1,-2.0,1.0,0.5,-1.0,2.1,-0.5,-2.9,0.2,-2.2,0.6,-0.5,-8.2,-2.0,-4.7,-3.6,-3.5,-4.6,-1.3,-3.7,-2.9,-1.1,-1.1,-4.0,-4.2,-1.9,-2.7,-3.7,-2.5,-1.7,1.4,0.6,0.7,-1.6,-0.0,-0.7,-2.4,-12.2,-0.7,-2.9,4.1,1.2,-0.7,-0.2,-3.4,-3.5,-3.2,-5.1,0.7,-3.4,0.4,-2.7,-1.5,-2.1,-1.2,2.1,-1.9,-0.8,-2.6,-5.1,0.6,-2.0,-1.9,-1.9,-2.7,-2.9,0.0,-2.2,-0.8,-1.6,0.1,-0.8,-0.3,0.1,-0.1,-0.5,-1.6,1.2,-1.5,0.2
2C7L513TWv,0,48.10106,11.624149,4442015.69,2777718.9,541.3,587.1,238,7269,2.6,0.83,0.34,32.63,348.96,-0.529,-0.103,0.842,-0.2,0.1,-0.52,0.2,0.5,0.2,-0.3,-0.5,-0.5,-1.1,-0.8,-0.3,0.1,1.3,-0.1,0.1,-3.4,-0.5,-3.8,1.4,-0.3,1.6,2.8,1.9,0.4,4.7,0.6,0.2,0.5,0.8,1.8,-0.7,2.6,3.7,-1.6,-0.9,-1.0,-11.9,-1.3,-5.0,2.0,-5.3,0.7,1.7,2.1,1.3,3.3,4.7,2.0,1.7,4.2,1.9,4.7,1.9,2.1,3.1,2.2,5.4,2.8,2.9,0.0,-0.7,2.2,-0.5,0.6,-2.8,-2.4,-2.4,-2.7,-1.9,0.9,-5.9,-3.6,0.7,-3.4,-4.3,-0.1,-3.0,0.4,-1.5,-2.1,1.7,0.9,2.0,2.7,2.3,-1.1,1.1,2.2,0.6,2.0,2.8,0.6,-0.0,0.3,4.5,1.2,2.3,0.7,-0.8,3.7,-3.1,4.7,2.7,3.8,0.2,1.6,0.2,1.7,-0.6,3.5,1.2,1.4,0.3,0.0,2.0,3.2,1.7,2.8,3.3,2.8,-0.8,-3.2,-4.4,-3.2,-0.9,0.7,0.1,1.7,0.9,-0.4,0.6,-0.1,1.7,3.3,-1.2,-1.5,-4.0,3.0,0.2,1.0,-3.6,-3.5,0.8,-1.3,2.9,1.5,-4.1,-1.4,-2.4,1.5,0.4,0.7,-0.7,3.7,1.5,1.0,-2.4,-5.0,-0.3,2.6,1.9,0.5,2.0,2.8,3.1,3.4,4.1,-3.7,2.9,2.9,0.2,5.1,-3.2,-5.3,3.5,-1.6,0.8,2.0,-1.3,-1.2,-3.3,0.3,0.3,2.6,1.4,2.9,2.4,0.4,0.6,2.2,-4.6,2.1,-1.5,5.3,-0.2,4.5,2.9,3.1,-6.2,-4.9,-3.4,-2.8,-2.0,-2.3,-2.1,1.7,1.7,-4.5,-1.6,-0.3,-4.4,-6.0,-8.1,-2.3
2C7L513TXa,0,48.101374,11.626591,4442196.91,2777757.76,546.5,592.2,238,7310,2.2,0.85,0.32,32.64,348.96,-0.529,-0.103,0.842,-0.3,0.1,0.06,0.17,1.9,0.1,-0.3,-0.8,1.2,-1.5,1.6,-0.6,4.4,2.0,3.8,1.5,-9.3,1.5,2.4,0.2,1.0,0.7,-0.0,-1.3,-0.5,-1.5,-0.7,-4.5,-0.9,-2.5,-0.4,0.0,-0.4,-2.1,-0.4,-2.9,-4.3,-8.9,-6.8,-3.3,-3.0,-4.9,-3.2,-5.4,-5.7,-0.9,-1.6,-3.5,-4.0,-7.9,-1.5,-0.4,-2.2,-5.5,-2.2,-3.8,-2.3,-2.5,-2.6,-2.7,-2.1,-2.2,-1.1,-0.8,-0.4,-2.3,-0.5,-0.2,1.6,-5.2,-0.6,-2.3,0.3,-0.0,-4.0,-1.1,-2.5,-0.6,-2.8,-3.5,-1.7,0.6,-0.2,-1.7,-0.3,0.5,-2.4,-1.0,-3.9,-4.1,-1.8,0.5,-2.1,-3.4,-2.4,-4.0,-1.6,-3.1,-3.3,-3.3,-3.2,-5.5,-3.1,-5.5,-1.1,-1.5,-4.2,-1.6,-6.9,0.5,-3.9,-3.5,-2.9,-2.3,-1.7,-0.9,-3.3,-2.8,-5.3,-3.8,-1.1,-0.7,-1.5,-5.5,-1.4,-2.0,-3.7,-0.4,-1.6,-2.1,-1.5,1.7,0.6,-3.4,-1.8,-0.5,-0.4,-2.9,-1.5,-5.1,-0.7,-5.8,-8.3,-4.9,-7.8,-2.2,-1.6,-3.9,-1.7,-2.1,-1.3,-1.3,-0.1,-10.7,-0.4,-2.1,0.4,5.0,-2.2,0.9,0.3,0.2,-0.5,0.6,-1.8,-2.2,-3.6,-2.7,-4.7,-5.6,-7.2,-8.7,-0.9,-4.0,-9.1,-3.5,-2.4,-4.9,-7.8,-4.9,-1.0,-2.7,-9.8,-3.2,-0.1,8.7,-0.2,0.4,-0.6,-1.7,-3.0,-4.3,-3.7,-4.4,-4.7,-3.8,-5.0,-6.2,-3.0,-2.7,-5.4,-5.5,-6.8,-5.5,-4.3,-5.2,-4.7,-6.4,-3.8,-2.0,-1.6,0.0,-2.2,-2.2,0.3
2C7L513TXb,0,48.101382,11.626657,4442201.74,2777758.8,546.9,592.6,238,7311,1.8,0.9,0.25,32.64,348.96,-0.529,-0.103,0.842,-0.4,0.1,-0.46,0.14,1.5,0.1,-0.3,1.2,1.5,-0.1,1.4,0.8,3.3,0.4,2.1,2.1,-8.6,3.4,1.5,0.9,0.3,0.2,0.5,-1.1,-0.3,-1.9,-1.5,-1.8,-0.7,-1.7,0.6,0.7,1.2,-1.3,0.4,-2.0,-3.2,-7.5,-6.7,-3.7,-3.0,-4.0,-3.8,-2.4,-3.7,-0.2,-3.8,-3.1,-2.5,-4.6,-2.7,-4.2,-2.6,-3.8,-2.9,-2.5,-1.0,0.1,-0.8,-1.2,-0.5,-0.8,-0.8,0.5,1.0,0.0,-1.3,0.0,0.5,-1.4,0.7,-0.3,1.1,0.0,-1.7,-0.1,-1.8,-1.0,-1.5,-1.7,0.2,0.3,1.6,0.3,0.6,1.4,-0.5,0.1,-1.6,-2.2,0.2,1.2,-0.9,-2.5,-3.6,-1.9,-1.2,-2.0,-2.4,-4.9,-2.3,-2.6,-1.1,-2.8,0.1,-3.3,-2.7,-2.2,-4.0,-0.3,-1.5,-1.8,-0.6,-1.5,-2.4,-1.1,-1.7,-2.3,-2.6,-1.5,-0.7,1.0,0.4,-4.0,-0.3,0.1,0.4,-0.0,-0.9,-0.3,-1.2,0.6,0.5,-0.8,0.2,-0.3,-2.0,-1.9,0.3,-3.5,-1.5,-3.7,-5.0,-2.7,-3.0,-0.5,3.3,-3.1,-2.0,-0.5,-0.1,0.0,-1.0,-5.4,1.5,1.9,1.2,4.3,0.9,-0.8,-1.0,-0.3,1.0,1.6,-0.3,0.4,-0.9,-1.2,-2.3,-2.9,-4.5,-4.5,0.8,-2.6,-6.5,-1.4,-1.9,-2.5,-4.0,-3.2,-3.4,-2.5,-7.0,-2.0,-0.6,-12.1,0.9,-0.9,-0.2,-1.1,-1.3,-1.3,-2.6,-3.6,-3.4,-2.8,-5.1,-4.1,-2.2,-2.4,-5.1,-4.7,-5.2,-4.1,-4.3,-4.7,-3.5,-4.8,-3.1,-2.6,-2.9,-2.4,-3.3,-4.1,-2.9
2C7L513TYi,0,48.101883,11.630553,4442490.85,2777820.81,545.9,591.6,238,7380,2.2,0.88,0.38,32.66,348.96,-0.53,-0.103,0.842,-0.6,0.1,-0.2,0.17,0.8,0.1,-0.3,0.3,1.3,1.1,-0.4,1.4,-0.4,0.7,0.3,1.1,-0.3,-0.2,0.2,1.4,1.9,-4.2,-2.0,-3.6,-1.3,-0.6,0.4,1.3,2.0,2.3,-0.9,1.8,1.5,3.7,1.8,1.5,-3.5,-2.4,-4.7,-3.9,-1.4,-4.8,-3.1,2.1,-0.6,-2.0,-1.0,-0.1,-1.3,-0.2,-1.0,-0.7,1.3,-0.7,0.6,0.0,2.0,2.0,0.7,0.7,1.1,1.0,1.0,1.8,0.3,1.3,-1.5,0.2,-1.1,-4.9,-0.9,0.7,-0.9,-1.6,-3.2,-1.2,0.3,2.1,-0.2,0.9,-0.2,-2.0,-2.1,0.6,1.8,0.6,-0.2,0.7,3.3,-0.4,-1.0,0.3,-1.9,1.3,-0.7,-4.1,-1.6,-6.2,0.3,1.3,0.7,0.7,4.5,2.8,2.0,0.3,2.4,1.0,-0.2,1.5,6.1,0.3,3.3,2.1,2.3,3.5,0.4,1.5,0.5,0.2,0.5,1.1,0.6,6.2,0.6,0.6,0.1,7.9,-0.4,-0.3,-0.9,-1.8,-0.7,0.8,0.7,1.0,-4.0,-3.0,-3.3,0.4,-2.4,-3.1,-5.5,-4.1,-7.2,-1.8,1.7,-0.4,-1.1,-2.6,-0.4,-0.2,0.9,0.3,-0.4,-2.1,-1.3,-13.1,-2.0,-1.5,-1.4,-3.0,0.7,0.6,1.0,-3.3,1.5,-4.8,-4.2,-2.2,-4.8,-6.0,0.7,-2.8,-5.8,-0.9,-3.3,-2.9,-3.3,-1.3,-2.2,-0.4,-4.6,-0.5,-0.6,2.3,0.2,-0.7,-0.9,-1.3,-0.0,-0.8,-3.1,-0.2,-2.4,-4.8,-2.0,-4.2,-5.4,-2.6,-3.1,-0.2,-3.8,-2.5,-4.7,-0.5,-3.4,-1.1,-1.3,-1.2,0.1,2.0,-1.0,-1.0,-3.6
2C7L513TYj,0,48.101889,11.630603,4442494.51,2777821.6,545.6,591.3,238,7381,2.2,0.86,0.37,32.66,348.96,-0.53,-0.103,0.842,-0.6,0.1,-0.03,0.17,1.7,0.1,-0.3,-0.8,-0.0,0.1,-1.6,-0.3,-1.1,-0.1,-0.4,0.3,-2.4,0.1,-0.8,0.6,1.3,-5.8,-4.3,-4.4,-3.4,-3.5,-4.3,-0.4,-4.0,1.2,-3.1,-2.7,-2.4,2.1,0.7,3.3,-4.7,-3.0,-7.9,-7.1,-5.8,-6.4,-5.1,-3.5,-3.0,-4.1,-4.5,-0.8,-0.4,-3.1,-4.5,-4.3,-0.4,-1.4,0.3,-1.2,1.6,1.1,0.7,-0.1,0.3,1.1,-0.3,0.4,-1.0,-0.0,-1.9,-0.3,-2.9,-6.4,-1.4,-0.5,-1.3,-2.2,-3.7,-2.2,-1.0,0.2,-1.0,-0.8,-0.6,-5.0,-4.2,-2.6,-2.7,-3.9,-3.4,-2.5,-3.9,-0.7,-3.1,-3.2,-4.8,-3.4,-2.4,-6.9,-6.0,-7.1,-1.1,-1.9,-5.8,-5.6,-2.2,1.9,-3.5,-5.1,-2.5,-0.2,-3.9,-2.1,-1.7,-4.0,-1.8,1.1,1.8,0.9,-1.9,-0.7,-0.8,-1.8,-1.3,-1.2,-1.8,5.4,-1.5,-1.4,-1.3,3.4,-1.8,-2.1,-3.0,-4.9,-3.4,-1.4,-3.8,-4.0,-7.3,-6.0,-5.0,0.2,-4.4,-6.5,-7.5,-6.4,-8.2,-3.3,0.1,-1.5,-1.8,-3.6,-2.2,-1.4,-1.1,-3.6,-2.1,-2.8,-3.3,-2.0,-3.2,-3.6,-2.8,-4.6,-0.6,-3.1,-2.6,-4.5,0.2,-5.1,-5.4,-4.1,-7.5,-7.3,0.2,-5.1,-7.0,-1.3,-4.6,-4.9,-5.6,-1.9,-3.4,-1.9,6.7,-2.0,-1.8,-12.9,-1.6,-2.2,-1.7,-2.4,-1.2,-1.8,-6.4,-1.9,-5.6,-6.6,-5.7,-7.0,-5.7,-5.5,-7.2,-5.4,-6.1,-5.5,-5.9,-1.4,-6.3,-3.0,-3.2,-2.8,-2.3,-0.2,-2.1,-2.3,-5.0
2C7L513TYm,0,48.101884,11.630565,4442491.69,2777821.01,536.0,581.7,238,7384,2.4,0.85,0.37,32.66,348.96,-0.53,-0.103,0.842,-0.5,0.1,-0.07,0.19,1.2,0.2,-0.3,-1.6,-4.3,-0.8,-3.8,0.3,-0.4,-1.4,-0.7,-2.1,-0.8,0.0,0.7,0.6,-0.9,-1.7,-2.0,0.2,-1.6,-0.7,-4.7,-1.0,-1.8,-1.2,1.3,-0.1,4.7,0.8,0.4,0.6,-1.7,1.6,-4.6,-3.5,-2.1,-2.5,-0.1,0.4,-0.6,1.0,-1.8,0.9,1.5,1.2,-0.4,2.0,-2.1,2.1,1.5,-1.0,0.3,-0.5,1.4,-2.1,0.9,0.3,-1.3,-1.8,-3.9,0.9,-1.7,-1.1,1.2,8.6,0.9,-8.1,-0.4,-0.8,4.7,-3.1,-3.1,-2.4,-3.5,-2.9,2.4,-2.0,0.4,-0.0,1.6,0.4,-2.0,0.6,-2.5,-2.4,-1.5,-2.9,-3.8,-1.9,2.7,-3.6,-3.4,-3.8,-3.3,-2.3,-2.4,-1.5,-0.6,-2.4,-2.2,-2.8,-2.8,-4.7,0.4,-3.8,-0.4,-1.4,1.6,-0.5,0.2,1.7,3.6,2.0,3.2,-0.2,4.0,-0.4,0.8,4.7,1.4,-2.1,1.1,2.8,-3.8,-2.5,-0.6,-1.0,0.5,1.5,1.5,-0.4,-4.3,-6.0,-4.7,2.3,-3.2,-6.7,-5.5,-5.2,-5.4,-0.7,7.5,1.6,-3.3,-1.0,-1.8,0.6,-0.2,-3.3,-3.3,-3.6,-1.7,1.9,-5.6,-1.1,-0.5,-2.4,-2.1,-1.6,-1.7,-3.7,-5.7,-6.7,-7.0,-6.3,-7.3,-5.1,3.5,-4.8,-2.3,-2.6,-3.8,-3.8,-5.2,-2.4,3.2,-0.3,-0.2,2.5,-3.4,3.8,2.9,-1.1,-2.3,-0.8,-0.6,-0.8,-2.2,-2.1,-2.8,-4.8,-4.1,-4.0,-0.9,-4.8,-6.5,3.2,-2.9,-5.4,-4.1,-1.7,-3.5,-2.8,1.5,-2.0,-2.0,-2.9,-0.7,-2.5,-0.8
2C7L513Tae,0,48.102775,11.637504,4443006.51,2777931.42,550.6,596.3,238,7500,4.4,0.62,0.52,32.69,348.96,-0.53,-0.103,0.842,-1.0,0.2,0.52,0.34,1.2,0.3,-0.3,-2.8,2.8,-6.2,4.1,-0.8,-1.8,-14.2,-5.0,11.6,-1.7,0.2,4.0,-3.7,8.7,-11.2,-8.6,4.9,1.3,-2.7,-0.3,-1.5,-4.0,4.5,-4.1,-0.9,10.8,0.5,-0.2,-0.8,2.5,8.1,7.3,3.5,-10.1,-4.3,5.2,11.9,5.8,1.7,2.5,7.1,-1.1,-4.9,-8.1,-0.0,-0.6,-5.1,-1.8,-1.1,-2.9,0.6,2.6,1.1,1.2,0.0,1.1,-1.6,1.5,1.9,1.3,3.1,4.0,0.7,-1.2,1.5,0.5,-1.4,-6.1,-0.4,-0.4,-2.3,1.5,-2.7,-1.1,-3.6,-2.7,-0.2,-5.2,-5.0,-10.5,-2.1,-4.2,1.1,-1.3,0.2,-0.6,-3.7,-8.9,-14.5,-1.8,0.9,-3.8,-13.2,0.7,10.9,-1.5,-3.6,3.5,4.3,-1.2,-1.6,5.3,1.3,5.3,4.6,3.8,3.9,-1.5,10.6,-5.2,-0.4,-6.7,-2.5,0.3,-1.2,-11.1,-2.5,-4.3,2.3,-6.4,4.3,-5.4,-3.8,0.7,-5.8,1.3,-5.7,-1.9,-5.3,0.3,-2.8,-2.0,-4.3,-8.1,1.0,-2.3,-1.4,-3.9,0.2,-1.0,-3.6,-6.2,3.2,-5.7,-2.2,-3.2,-3.2,-5.3,-8.9,-9.0,-8.5,-5.3,-3.8,-3.7,-10.0,-7.8,-4.8,-5.4,-4.6,-11.3,4.7,-0.2,-2.7,-2.6,-6.9,-9.0,-1.5,-2.9,-0.0,-0.9,-1.9,-4.8,-1.3,-10.6,-6.5,-0.0,-6.9,-6.2,0.0,-1.1,-1.1,-1.8,-0.8,-3.4,-5.8,-0.8,-0.7,-0.8,-0.9,-6.3,-6.7,-6.3,-3.5,0.6,0.2,-8.0,-5.5,-4.1,8.4,1.2,-8.0,-11.0,1.2,-3.6,2.3,-3.0,-7.7,-5.0
2C7L513TWa,0,48.100917,11.622891,4441922.34,2777700.95,538.3,584.1,238,7248,1.4,0.96,0.1,32.6,348.92,-0.529,-0.104,0.842,-0.5,0.1,-0.16,0.11,0.5,0.1,-0.3,-0.5,-0.2,-0.2,-0.5,0.1,-0.5,0.2,-0.3,0.4,0.2,0.5,0.8,1.0,1.2,0.1,0.3,-0.3,-0.8,0.9,0.1,0.8,0.2,0.6,0.3,0.8,1.2,2.0,1.6,0.1,-2.4,-12.6,-4.6,-3.5,-4.1,-4.0,-3.4,0.7,-1.0,-0.4,-0.9,-0.2,-0.9,-0.6,-0.9,-1.1,-0.9,-1.9,-0.7,0.1,-1.1,1.2,0.1,0.3,-0.6,-0.5,0.1,-0.1,-0.4,0.8,-0.9,-0.3,-0.7,0.7,-0.4,-2.4,-0.1,0.1,-1.8,-1.4,-0.7,-1.9,-0.8,0.2,-0.3,-1.2,-1.0,0.1,0.4,1.0,1.7,-1.2,0.1,-0.1,-0.3,-0.6,-0.8,-1.3,-1.5,-0.5,-0.7,-1.0,-2.6,-1.6,-2.3,-3.7,-0.5,-0.1,-0.7,-0.9,-0.1,-1.0,-1.8,-1.2,0.8,-1.7,-0.4,-0.5,-1.5,-0.3,-0.4,-1.5,-1.0,-1.2,-0.9,-0.3,-0.8,-2.4,-1.7,-1.7,-1.4,-1.3,-0.8,-1.2,-1.7,-0.7,-0.1,-0.2,-0.4,-0.2,-0.7,-3.3,-4.4,-0.8,-0.9,-2.9,-2.6,-0.8,-3.3,1.2,0.0,-0.8,-1.1,-2.3,-1.4,-0.9,-1.5,-0.6,-0.8,-0.5,-0.7,-1.9,-2.5,-2.1,-1.7,-1.8,-2.6,-0.9,-1.7,-0.5,-1.3,-2.3,-2.4,-2.1,-2.2,-3.4,2.3,-2.7,-6.8,0.5,-1.3,-1.8,-3.8,-3.4,-1.7,-2.3,-1.1,-1.6,-2.4,-1.7,-1.5,-1.8,-2.8,-1.9,-0.8,-2.1,-1.9,-1.4,-1.2,-1.8,-3.6,-3.0,-1.6,-2.8,-5.9,-2.9,-3.4,-2.6,-3.7,-3.3,-3.5,-3.3,-2.7,-4.1,-2.4,-2.1,-1.3,-3.6,-2.7
2C7L513TWh,0,48.100969,11.623297,4441952.46,2777707.41,540.5,586.2,238,7255,2.6,0.85,0.34,32.6,348.92,-0.529,-0.104,0.842,-0.1,0.1,0.3,0.2,0.7,0.2,-0.3,-0.5,-0.8,-2.2,-2.8,-0.0,-1.2,0.3,-1.0,-0.1,-2.1,-0.2,0.4,0.6,0.3,-0.8,0.6,-1.1,-0.2,-2.9,1.0,-0.4,1.5,0.5,0.7,-0.2,3.0,0.3,-2.8,-0.6,-1.1,-14.2,-5.3,-4.2,-3.5,-6.0,-3.3,-0.5,-2.3,-1.3,-0.5,0.8,-2.2,-1.4,-1.8,-1.5,-4.7,-1.5,-2.7,-1.5,-2.5,1.0,0.2,-1.3,-0.6,-2.4,-1.3,-0.6,-1.2,-2.7,-4.7,-2.5,-3.2,5.5,-1.7,-1.6,1.1,-1.7,-2.7,-3.4,-1.1,-2.9,-1.2,-2.4,-2.0,-1.4,-4.0,-0.9,-1.7,-1.1,0.7,-1.8,-1.3,-3.8,-3.2,-1.5,-0.2,-3.2,1.0,-0.8,-3.0,-6.0,-2.4,-4.8,-2.2,-6.3,-3.3,-1.9,-0.6,-1.2,-1.1,-4.6,-3.3,-3.8,-1.1,-4.1,-2.7,-6.3,-5.7,-4.0,-1.9,-3.6,-2.7,-3.4,-3.4,-2.6,-4.2,1.0,-6.0,-4.6,-4.5,-2.0,-3.7,-2.6,-3.1,-1.3,-1.6,-2.8,-2.6,-2.7,-0.9,-3.5,-5.0,-0.2,-2.7,-5.3,-3.5,-1.3,-4.5,0.9,-0.5,-4.2,-2.9,-3.1,-2.5,-4.6,-3.3,0.2,-3.1,-2.9,0.5,-6.4,-3.9,-2.1,-3.4,-2.1,-6.2,-1.8,-4.8,-1.3,-2.1,1.3,-0.6,-1.3,-1.8,-2.6,3.2,-1.6,-3.5,-0.1,-1.0,-2.0,-4.0,-4.4,-4.4,-3.2,2.2,3.3,-0.6,0.1,1.4,2.3,8.1,-14.3,8.1,2.9,-0.7,-0.1,-1.9,-1.2,-4.8,-3.2,-1.7,-3.1,-6.3,-5.6,-3.3,-2.5,-5.1,-4.6,-6.2,-7.7,-0.5,-2.6,6.8,-8.5,-5.8,-3.9,-1.4
2C7L513TWw,0,48.101087,11.624212,4442020.35,2777721.97,541.9,587.6,238,7270,3.1,0.77,0.41,32.63,348.96,-0.529,-0.103,0.842,-0.1,0.2,-1.11,0.24,0.5,0.2,-0.3,1.2,2.0,-0.9,-0.1,0.2,0.9,2.0,-0.1,0.6,-0.6,0.8,0.3,0.1,0.4,1.8,4.1,-2.4,-4.6,1.1,-1.7,-5.5,0.1,0.6,2.9,0.2,4.1,4.3,-0.8,-0.5,-1.5,-9.4,-0.2,-2.2,-0.5,-7.0,-0.6,-3.4,6.7,7.5,5.5,3.7,5.8,4.8,5.7,3.5,3.2,3.8,7.4,4.5,5.2,5.2,1.4,0.7,1.0,3.6,4.7,3.5,3.8,0.3,0.7,-0.1,1.4,2.8,0.6,-0.2,2.5,1.6,9.1,-0.2,0.6,1.1,2.9,1.0,0.6,5.6,1.3,2.9,5.8,3.9,1.7,3.0,6.0,2.8,7.3,4.2,6.8,3.2,11.5,10.6,5.0,-5.3,5.0,5.1,3.3,-0.6,2.5,1.7,4.5,2.0,-0.4,-0.1,2.9,2.0,4.5,3.1,8.8,5.4,6.3,4.1,8.6,5.8,5.9,4.7,4.8,8.8,7.6,9.1,0.7,-0.5,2.5,1.6,2.9,1.8,-0.5,1.1,1.1,2.2,4.6,0.2,-2.7,-6.6,4.9,1.7,0.1,-5.1,-2.7,1.8,-1.2,6.1,4.8,0.4,1.5,0.9,1.9,3.4,2.4,4.2,3.5,3.7,3.3,-0.4,0.7,2.0,4.2,4.2,2.6,3.9,4.8,4.0,4.5,8.4,4.9,4.1,3.4,0.8,5.0,0.3,-3.4,3.7,0.4,0.7,2.9,-0.5,-3.0,-1.1,4.6,2.5,2.7,3.9,4.2,3.4,2.0,1.3,3.1,-0.9,0.2,3.8,3.5,3.0,4.1,2.8,6.7,1.6,-11.7,-0.7,2.4,-2.2,-1.1,-0.9,0.8,1.0,-1.5,-0.8,-0.7,4.5,-0.5,-2.4,2.2
2C7L513TWx,0,48.101103,11.62434,4442029.85,2777724.0,545.4,591.1,238,7271,3.8,0.75,0.42,32.63,348.96,-0.529,-0.103,0.842,-0.3,0.2,-0.87,0.3,1.3,0.3,-0.3,-1.1,1.5,-3.5,-0.9,-1.9,-0.1,-2.9,-1.5,0.3,-1.5,0.1,-1.3,1.3,0.4,1.8,-0.6,-2.7,-4.3,-3.7,-2.2,-1.8,-1.8,-3.1,-2.9,-0.9,-3.2,-0.5,0.2,-2.8,-5.1,-10.7,-6.9,-4.9,-5.7,-9.5,-6.3,-0.2,-2.9,-0.2,-1.3,-2.3,-5.7,-2.5,-2.9,0.3,-0.5,-0.6,-0.2,-0.4,-1.8,1.6,0.5,-0.7,-1.8,-1.4,-0.5,-2.8,-2.3,-2.2,-4.6,-2.7,-3.5,-3.4,-3.0,-5.2,-4.6,-5.5,-4.7,-3.3,-2.9,-4.4,-4.3,-3.6,-3.6,-2.2,-3.8,-1.8,-4.2,-2.3,-4.7,-4.2,-8.4,-4.5,0.5,-2.3,-2.4,-0.9,-3.8,-7.0,1.6,-1.8,-6.8,0.4,-0.2,-9.3,-8.7,-3.0,-5.5,-6.0,-4.2,0.7,-3.6,-5.2,-3.8,-4.2,-8.2,-8.6,15.5,-10.9,16.2,-8.0,15.9,10.2,3.2,-7.8,6.7,-6.7,1.5,-1.4,15.1,1.0,0.7,-2.3,-6.6,-4.6,-4.1,-3.4,-1.8,-2.8,-4.8,-2.6,-2.7,-2.4,-1.3,4.8,-7.6,3.9,4.9,4.8,3.0,-1.3,-0.6,-2.1,-1.4,-1.4,-1.8,-2.8,-0.3,-0.5,-2.9,-2.5,-5.0,-0.5,-2.5,-1.1,-0.4,1.4,1.8,-2.8,-1.6,-5.6,-2.9,-1.5,-3.1,-4.3,1.3,-0.8,-8.4,1.1,-2.4,-4.3,-5.2,-2.2,-7.8,-5.4,4.6,-0.3,-2.4,10.0,-1.3,-1.1,-2.8,-1.3,-1.4,-2.9,-2.6,-8.1,-4.0,-2.1,-3.1,-5.9,-1.8,-5.1,-9.8,-2.9,-8.8,-6.0,-6.8,-2.3,-4.4,-5.9,-6.7,-7.0,-9.0,-7.1,-5.3,-5.8,-3.2
2C7L513TX7,0,48.101174,11.624889,4442070.53,2777732.73,544.6,590.3,238,7281,3.1,0.8,0.41,32.63,348.96,-0.529,-0.103,0.842,-0.4,0.2,-0.69,0.24,0.9,0.2,-0.3,1.1,2.1,2.7,-5.0,5.0,2.8,-3.1,-3.0,-2.0,-4.6,1.4,2.7,1.7,0.8,1.6,1.5,1.1,-0.7,-0.4,2.4,1.5,3.6,0.5,4.1,3.7,1.3,2.2,3.1,-0.2,1.3,-8.0,-1.5,-5.0,-4.0,-9.5,-2.4,0.4,-2.0,-1.9,2.2,-0.7,-1.1,-0.7,-1.0,1.7,-1.8,-2.9,-5.1,-1.0,-4.7,5.5,2.1,9.4,5.6,1.0,-1.0,-0.7,0.5,-0.0,2.8,8.7,-3.6,2.1,1.2,0.1,-2.1,-0.1,0.7,1.5,1.1,3.4,1.4,0.7,-0.4,4.4,1.9,3.6,1.2,1.6,2.1,2.4,2.5,0.8,5.1,2.6,4.2,2.1,4.7,3.1,0.8,2.8,-2.1,1.9,-0.7,-0.7,-0.5,1.5,-2.5,-0.6,0.6,-0.5,-0.1,1.1,-1.1,-2.0,2.2,0.0,0.0,1.1,3.6,-1.0,-4.0,0.6,12.2,12.1,-12.4,12.4,1.3,1.5,1.1,1.5,5.5,2.1,-2.9,2.8,3.0,-1.7,-2.4,0.9,-5.2,0.5,-0.5,-0.8,-2.0,-1.3,-3.5,-2.5,-2.5,1.8,4.6,-5.2,-0.4,-0.6,7.0,0.7,-3.0,-1.9,2.0,1.7,1.9,-1.3,-2.0,-2.3,0.0,0.5,1.2,1.2,1.3,1.7,-0.6,-0.0,-1.7,-2.9,2.3,-2.8,1.6,4.1,3.8,-7.6,-0.8,2.1,-0.3,2.4,-1.2,-0.8,3.0,-3.4,-5.4,-0.8,-1.9,-0.6,2.2,3.5,-2.2,0.7,-1.9,-1.2,-1.8,-1.7,-4.5,-1.7,-0.6,1.6,-2.1,-2.2,-4.8,-3.8,-3.1,-1.1,-5.4,-3.2,-1.8,-1.6,0.3,2.2,-1.1,-4.1,-3.0
2C7L513TXj,0,48.101451,11.627044,4442230.41,2777767.02,545.1,590.8,238,7319,4.6,0.6,0.52,32.64,348.96,-0.529,-0.103,0.842,0.4,0.3,-1.74,0.37,1.6,0.3,-0.3,-1.3,-0.8,-1.6,-3.3,-2.6,-4.2,-1.7,-1.1,-0.7,-5.4,-1.8,-3.5,0.7,-3.0,2.1,0.9,2.8,1.9,1.6,1.5,-0.3,0.3,-0.8,-0.2,0.4,0.1,-2.6,1.0,-1.5,-1.1,-9.4,-7.2,-3.3,-5.7,-4.3,-3.8,-6.1,-1.1,-0.6,0.9,4.9,-0.8,1.7,-1.7,-1.1,-2.9,-7.2,-6.6,-3.9,0.1,3.3,-8.8,-1.6,-5.3,5.1,1.3,-1.0,3.0,3.5,0.1,-0.5,-0.5,2.0,0.1,-5.5,-1.8,-1.1,-7.1,3.1,-5.2,-1.4,-0.2,-1.6,15.3,-0.9,-0.5,-0.7,-0.2,-0.6,-1.8,-2.7,-1.2,-3.0,-3.2,-1.0,-3.1,0.5,-1.8,-3.8,-1.6,-0.3,-0.7,-0.4,-1.7,0.3,1.1,4.3,0.3,0.4,2.0,3.0,0.7,6.4,0.9,0.9,3.8,1.4,16.9,-4.4,-4.3,-2.3,-0.8,-1.5,-2.4,0.2,0.7,3.5,-2.8,-0.5,-1.5,11.6,-0.7,-0.7,-1.8,-1.6,0.9,4.9,1.9,-3.3,-7.3,6.9,2.2,0.8,-7.1,15.8,14.1,11.4,2.4,5.8,5.3,18.8,-0.4,2.1,-1.2,2.0,0.1,9.7,0.5,1.8,0.4,6.8,8.0,2.7,1.7,0.5,0.6,-1.4,-1.2,1.6,0.5,-0.8,3.1,4.6,-9.4,4.9,9.9,7.0,3.1,12.3,18.0,10.2,14.1,14.5,-0.3,10.9,8.3,14.9,-1.0,-11.0,-3.5,-5.4,-9.9,-7.1,-7.9,12.1,8.0,-1.7,-1.7,-3.1,-5.2,-3.1,-4.0,-3.0,-6.5,-2.0,-4.7,-1.8,-2.9,2.9,0.5,-4.0,-4.4,-4.9,-6.8,-2.1,-2.2,-3.8,-4.6
2C7L513TXn,0,48.101467,11.627175,4442240.14,2777769.12,541.0,586.7,238,7323,3.3,0.79,0.42,32.65,348.96,-0.529,-0.103,0.842,-0.6,0.2,0.02,0.26,0.6,0.2,-0.3,-1.1,-1.6,-1.4,0.4,-0.7,3.8,-1.1,-4.9,-4.3,10.9,-1.1,1.6,-2.9,3.0,-2.6,-3.2,-1.6,2.2,-0.9,-4.3,-5.4,-2.0,-4.8,-0.6,-1.4,-4.0,-0.1,-3.3,-3.6,-5.9,-11.6,-8.7,-7.8,-5.9,-1.9,-2.9,-0.7,1.6,1.9,-5.6,-0.8,-1.2,0.5,-3.6,-1.3,-0.4,-3.1,-1.8,-2.8,-3.1,-2.1,-0.5,-0.9,0.1,-0.7,-2.6,-4.1,-2.8,-1.7,-2.7,-3.9,-4.0,9.7,-1.2,-3.7,-7.0,-2.2,-13.6,-4.3,-3.3,-2.3,-2.6,-5.5,-2.7,-0.2,0.4,-3.7,-2.7,0.1,-1.7,-2.0,-1.4,-0.9,-3.6,-4.5,-8.3,-7.0,-4.7,-3.2,-4.8,-4.9,-3.4,-5.9,-1.0,-1.6,-1.6,-4.0,-0.8,-3.6,-1.8,-5.3,-3.4,-2.1,-0.8,-2.0,-2.7,-2.1,-2.5,-2.4,-1.6,-6.1,-3.8,-8.8,-4.9,-5.5,-4.7,-4.2,-2.7,-4.8,-4.7,-4.3,-7.1,-6.1,-8.7,-9.0,-10.3,-1.5,0.2,-1.8,-1.1,-10.6,1.4,-3.0,-1.0,0.6,-0.9,-3.4,-2.2,1.4,-2.4,9.0,-6.5,-7.5,-4.1,-3.2,-3.8,12.7,-4.6,-3.4,-4.6,-8.7,-5.9,-5.9,-4.2,-3.3,-1.9,3.8,3.5,3.6,0.8,-9.2,-1.5,-6.7,-5.8,-7.3,0.3,-5.1,-5.9,0.1,-4.3,-1.3,-4.6,-6.7,-4.1,0.5,0.0,-3.5,-4.1,2.1,-4.5,-6.0,-6.9,-10.2,-6.6,-1.7,-6.3,-4.5,-2.9,-8.0,-5.5,-5.6,-5.8,-5.2,-7.6,-6.3,-5.1,-5.9,-5.7,-6.3,-4.8,-7.3,-5.0,-8.2,-1.8,-0.8,-5.5,-4.8,-5.0
2C7L513TXw,0,48.101518,11.62757,4442269.44,2777775.41,535.3,581.0,238,7332,3.1,0.78,0.43,32.65,348.96,-0.529,-0.103,0.842,-0.8,0.2,-0.1,0.24,1.2,0.2,-0.3,3.4,-0.0,1.0,0.1,-2.3,3.4,2.2,-0.5,1.5,10.2,1.9,-0.8,4.1,0.5,1.5,-1.7,1.7,-1.0,-2.1,-1.0,-2.7,2.6,-0.3,-1.3,-2.2,-8.0,-0.7,-1.6,-4.1,-1.9,-4.1,-0.0,-5.7,-0.5,-4.4,-0.4,-4.5,-3.3,4.0,-1.6,-3.2,-6.8,-0.6,-4.2,2.6,-1.8,-1.4,-4.6,-4.5,-2.4,2.9,0.2,2.9,0.4,-5.8,-0.9,-1.9,0.1,2.3,-0.1,-6.0,-1.8,-1.9,0.1,0.4,-6.3,-0.8,-0.3,-3.3,-0.7,-5.3,-0.5,-2.0,-3.1,1.4,-0.4,-2.6,0.4,0.9,-0.2,-2.6,-2.1,-1.3,-0.5,3.5,-0.6,-3.3,-3.0,-0.9,-0.5,-3.9,2.0,-11.7,3.1,-1.7,-5.4,-6.4,-2.7,-3.5,-3.7,-7.0,-3.3,-5.1,-4.9,-4.5,-12.3,2.8,-2.5,-0.1,-1.1,-3.9,1.2,-0.1,1.7,2.4,-1.8,-3.6,-3.9,-4.0,-0.7,-0.5,-1.8,-0.6,0.5,-0.5,-0.1,-1.4,-1.3,-1.8,0.1,3.4,0.1,1.7,-2.2,-10.2,1.8,-3.0,-6.0,1.5,-4.1,3.4,-2.5,-3.7,-6.8,-4.6,-0.5,-1.5,-4.7,-0.7,-6.3,-2.6,-3.7,-4.9,0.3,-2.6,-2.2,6.7,-0.7,-1.4,-3.4,-3.6,2.4,-4.4,-0.7,-6.9,1.3,-2.4,-7.4,-0.6,-1.9,-3.7,-5.9,-13.9,-13.7,-9.0,-3.7,-5.8,-4.6,-11.6,-3.5,-4.7,-3.1,-2.6,-1.8,-0.0,-3.0,-1.0,-6.1,-2.3,-5.5,-4.4,-10.5,-3.8,-8.3,-2.7,0.3,-10.9,-9.5,-6.5,-3.5,-4.8,-5.2,-3.4,-4.1,-1.5,-3.8,-3.7,-3.5
2C7L513TXz,0,48.101559,11.627886,4442292.91,2777780.43,542.3,588.0,238,7335,3.2,0.75,0.44,32.65,348.96,-0.53,-0.103,0.842,-1.3,0.2,-0.29,0.25,1.6,0.2,-0.3,-4.2,-0.1,1.8,2.3,1.3,-5.7,2.0,-1.1,2.0,2.8,-0.8,4.5,1.7,5.1,0.6,2.8,6.9,7.2,2.1,3.0,-0.6,5.8,-0.4,5.1,5.6,5.1,4.7,12.2,-0.2,-0.8,2.9,1.3,0.9,1.1,2.0,3.7,6.4,3.5,9.1,5.5,1.1,1.3,3.8,1.7,2.9,0.4,1.0,14.3,6.3,10.2,2.4,-0.5,1.7,-0.3,0.2,1.7,-0.1,1.7,0.7,2.3,4.1,2.3,5.4,7.0,4.3,1.1,-1.9,-3.7,-0.2,2.0,3.0,13.9,-0.4,2.7,4.8,1.2,5.4,4.0,9.8,2.4,6.0,3.5,2.5,4.8,9.8,6.7,5.6,3.1,4.4,3.1,1.1,15.8,-0.1,-2.3,3.5,0.5,6.9,5.7,2.6,-0.7,-0.9,4.6,2.6,5.1,1.3,2.8,3.4,-7.9,1.8,1.5,1.8,-2.6,-3.7,0.8,7.3,-1.2,1.2,-8.5,-7.9,-1.5,5.3,1.8,2.2,-3.0,2.8,1.0,1.5,3.1,0.3,2.0,0.9,3.1,2.9,-0.8,-0.8,2.6,5.5,-1.5,5.9,-5.5,5.3,-3.8,-3.8,-3.8,-5.7,-3.0,-0.3,-0.3,-3.5,-2.2,-0.6,-0.7,-0.8,-1.9,0.9,-2.8,-2.6,0.0,2.2,0.4,-3.0,0.4,-1.9,-0.7,0.4,1.4,-2.7,-3.1,-0.0,-1.7,-2.4,-2.4,-2.7,-4.1,0.2,-1.9,-6.2,1.1,-3.4,-2.5,-1.9,-0.8,-5.0,1.3,-0.5,1.0,-4.3,0.1,-8.4,-5.6,-2.9,0.3,6.5,-1.2,4.6,-1.7,-5.8,2.0,-2.0,-2.2,-2.1,-6.2,-4.6,-3.3,-0.9,-1.1,-6.1,-4.1
2C7L513TYF,0,48.101693,11.628929,4442370.31,2777797.03,546.9,592.6,238,7351,1.6,0.94,0.37,32.65,348.96,-0.53,-0.103,0.842,-0.4,0.1,-0.27,0.12,0.4,0.1,-0.3,0.8,1.0,-0.9,0.2,-1.3,0.9,-0.5,2.1,0.8,0.4,0.4,1.3,2.3,0.6,2.1,0.7,1.3,-1.9,0.2,0.9,0.4,1.3,1.7,1.0,2.0,2.7,0.7,2.6,-0.0,0.9,-9.3,-3.4,-1.2,-1.8,-1.9,0.5,-1.4,4.3,4.8,7.4,1.2,1.3,1.1,0.3,0.9,-0.5,-0.1,1.6,1.3,2.6,0.4,1.1,1.3,-0.5,0.3,0.8,-0.3,0.8,-0.2,0.4,0.4,0.2,0.9,0.6,1.6,0.6,-0.2,-0.2,1.9,0.6,-1.5,-1.0,-0.2,0.3,1.4,1.1,2.2,1.1,0.4,-0.2,0.7,1.9,0.2,-1.1,0.2,0.4,0.9,0.2,3.3,3.6,-2.0,-0.1,0.4,3.4,2.6,2.6,0.5,4.4,1.6,1.5,-0.7,1.6,1.0,1.9,1.5,2.8,1.8,1.1,1.2,1.8,-0.2,0.7,0.9,0.3,-0.0,0.6,-1.0,-1.3,1.2,-0.5,1.0,0.0,-0.8,-1.0,3.9,2.4,-0.7,1.8,1.6,1.0,-1.9,1.3,0.4,-0.6,2.7,0.7,1.8,1.5,0.6,1.5,2.0,-1.2,0.3,2.0,-2.9,0.1,-1.8,0.3,0.1,-0.9,-2.5,-2.0,0.6,-2.1,0.1,-2.7,0.8,-1.3,-0.2,-1.4,0.9,1.4,-0.2,-0.6,-0.9,2.5,0.8,0.1,-0.7,0.5,-0.6,-1.4,-3.8,-4.1,1.1,-0.6,-1.7,0.4,-2.4,0.3,-2.2,-0.4,-0.9,-0.4,-1.6,-1.0,-2.9,-0.4,0.2,-2.4,-3.9,-0.6,2.6,1.9,1.4,0.9,-0.1,-2.1,-2.0,-3.1,-2.0,1.6,-0.8,-1.2,-1.2,-2.2,-0.1,-2.6
2C7L513TZ9,0,48.102095,11.632063,4442602.81,2777846.91,544.6,590.3,238,7407,3.5,0.72,0.44,32.67,348.96,-0.53,-0.103,0.842,-0.1,0.2,-0.23,0.27,0.7,0.2,-0.3,0.6,2.5,6.0,1.9,3.7,-2.3,9.9,6.5,3.4,-4.0,2.5,-7.8,6.3,0.2,-1.4,1.8,1.1,3.8,-6.8,-1.3,-3.2,3.3,-6.6,-11.3,1.5,-4.8,-2.9,11.0,-1.5,-7.4,-3.9,-6.4,-2.6,-1.9,-2.2,-5.4,-0.4,2.7,-1.6,0.3,1.7,-3.1,-2.1,1.1,3.3,-0.4,-4.3,-4.8,-4.3,0.0,-3.8,-1.2,1.4,0.2,2.4,0.5,-0.5,1.4,-5.3,0.5,-1.3,3.9,0.5,2.3,-2.5,-3.9,1.6,-8.7,3.8,2.3,-0.7,2.4,-2.3,5.3,7.8,3.0,1.4,2.2,0.2,0.9,-4.8,-4.5,2.9,2.6,-1.5,0.8,5.0,-0.9,0.7,-0.2,1.1,4.9,4.6,-2.9,2.3,-1.0,-0.1,-3.4,-2.5,-1.8,-3.7,-0.1,-0.8,0.2,-1.8,-0.7,0.4,0.7,2.4,4.0,-0.3,4.9,0.4,-3.0,-3.6,-3.4,-3.1,4.8,-3.3,4.8,-8.3,0.8,-1.4,0.4,-1.8,3.1,-1.7,0.2,-0.2,-3.8,-0.0,-2.7,-0.5,5.9,-4.9,-1.8,2.2,0.3,1.5,-0.1,-4.6,-2.9,-2.6,-1.8,-4.6,0.3,-6.7,-0.5,2.5,4.6,8.3,-0.7,0.3,-0.2,0.4,1.1,2.5,3.5,1.3,3.2,1.2,-2.7,3.2,0.7,-4.5,0.4,2.1,-4.6,1.8,-0.1,0.4,-1.3,2.3,-5.9,-3.5,-4.4,-7.1,-1.3,-7.3,2.0,-1.7,0.2,1.9,2.8,0.8,-5.4,-3.9,0.6,2.6,-1.7,5.8,1.4,-7.6,9.4,-0.8,2.7,-1.3,-1.8,-3.1,-2.0,3.2,-2.0,-1.7,-3.1,-1.0,-8.0,-5.2,-1.2
2C7L513TZj,0,48.102361,11.634133,4442756.38,2777879.84,546.2,591.9,238,7443,4.1,0.66,0.49,32.68,348.96,-0.53,-0.103,0.842,0.1,0.2,1.08,0.31,1.0,0.3,-0.3,7.8,1.8,1.3,1.5,3.5,-3.0,2.3,0.8,-3.8,-1.8,-4.2,1.1,-4.8,-2.7,6.8,4.8,2.9,1.5,-0.8,0.4,3.3,1.0,4.8,6.6,3.3,-0.0,-0.9,-8.4,2.0,-3.4,1.5,-6.1,-0.5,-7.8,-3.2,-3.3,-4.5,-5.0,7.4,3.9,6.3,5.1,10.4,-1.3,7.3,8.7,1.9,0.2,0.6,-3.6,-1.7,-2.8,-3.4,0.2,-3.0,-5.0,11.4,-3.5,-1.6,-3.3,-1.2,-2.1,-6.7,-2.4,2.9,-1.6,-1.8,-0.7,-3.6,-3.5,-2.0,0.1,2.4,-2.5,-0.4,-2.0,-0.6,1.2,1.6,4.0,-7.1,-0.1,1.1,5.9,6.5,-1.4,5.7,5.3,0.7,-0.9,0.8,4.2,0.0,-1.4,7.9,15.4,-1.8,1.2,-0.1,-3.3,-2.1,1.7,-2.0,2.8,-0.0,0.9,-0.3,-0.7,-2.9,-3.4,-6.2,-6.7,-3.7,-4.7,-9.2,0.0,-1.7,-5.9,-11.9,-4.2,4.4,-11.8,-0.1,-0.0,-3.3,-1.3,15.7,-1.2,5.7,-0.8,-4.5,0.2,4.2,-5.0,1.4,-2.5,-3.8,3.9,4.2,2.0,3.2,-1.9,-0.5,-6.6,-6.3,-3.4,0.2,-3.8,-0.8,-3.1,-1.0,-2.7,-1.6,-2.2,-0.4,-3.9,-2.5,-4.0,-0.9,-0.6,0.7,-6.1,-5.6,-3.7,-3.6,-6.0,0.3,-2.8,0.8,-1.0,6.0,-3.0,-1.6,-5.1,-0.3,-2.3,1.3,4.8,6.7,4.0,9.9,3.9,-1.3,4.0,1.6,7.6,-3.8,4.1,1.1,2.2,2.4,5.3,-2.4,2.3,1.2,1.6,3.5,0.6,2.3,1.6,6.4,4.7,0.7,3.6,-1.5,0.7,-0.3,2.5
2C7L513TZn,0,48.102364,11.634152,4442757.77,2777880.16,535.4,581.1,238,7447,4.5,0.61,0.52,32.68,348.96,-0.53,-0.103,0.842,-0.7,0.2,-0.3,0.34,1.2,0.3,-0.3,-0.2,5.1,-0.8,-4.1,-2.6,-6.6,1.1,-2.8,-1.9,13.6,5.3,-8.3,-3.2,-2.1,-0.3,-0.3,4.2,0.9,-2.3,1.3,5.5,4.8,3.9,-9.3,6.7,3.9,10.1,-3.7,-12.8,2.4,-10.8,-0.0,-3.8,-5.5,-5.0,-4.5,-2.4,-1.3,-0.2,3.7,1.2,12.4,3.4,-2.9,0.1,-2.1,-2.3,-4.8,-4.6,-1.1,-1.9,-1.8,-3.3,-4.4,-2.6,-3.9,-2.4,-0.1,-1.9,1.1,6.6,0.9,1.7,2.6,-4.8,-2.6,-4.5,-3.0,0.9,0.8,1.1,0.5,-0.9,1.2,-3.2,-2.4,-1.8,0.4,-4.3,-1.2,1.6,2.6,0.3,1.4,0.1,4.2,-6.7,-6.4,-3.6,-4.8,-5.5,-5.4,0.0,-13.7,4.4,-10.0,-2.1,-3.6,-10.7,-2.6,-1.0,-10.0,-5.1,-0.5,-1.8,-1.3,-7.5,-1.8,2.8,2.4,-15.4,-3.4,-0.4,1.1,-1.9,-3.0,-0.6,-1.5,10.7,1.2,-13.4,-12.4,8.8,4.1,-2.6,0.8,-3.1,1.9,2.7,-1.9,-3.5,0.9,-3.5,-4.0,-5.7,-3.4,6.0,-6.7,-0.9,-4.1,-2.5,-9.4,-5.4,-5.4,0.5,-1.9,0.9,-1.9,-2.2,-1.7,-1.2,-0.2,1.1,2.5,1.7,0.7,0.9,0.3,0.1,0.2,-0.9,-8.0,-6.8,1.3,-5.7,0.4,-1.4,-2.2,0.2,-2.5,0.4,-1.2,-0.8,-0.1,-4.5,-9.5,-7.0,-10.6,-5.7,-14.6,-5.8,-5.8,-6.2,-6.6,5.3,-1.7,6.5,3.4,-2.3,-6.3,2.2,-2.7,-3.0,-14.1,-1.5,5.7,-3.6,-8.5,-7.7,-6.1,-7.5,-8.8,-4.5,-10.0,-9.9,-7.4,-8.9,-1.1
2C7L513TaG,0,48.1026,11.635998,4442894.73,2777909.52,546.5,592.2,238,7476,1.7,0.92,0.32,32.68,348.96,-0.53,-0.103,0.842,-0.3,0.1,-0.47,0.13,0.4,0.1,-0.3,0.1,-0.8,0.4,-2.6,-0.2,-0.9,1.3,-1.1,0.2,5.3,-0.5,1.0,-0.6,-1.0,-0.4,1.0,0.7,0.2,-1.9,-2.2,-3.8,-2.8,0.6,-0.7,-1.0,1.1,0.1,2.2,3.3,-0.3,4.9,-3.1,-1.5,-1.7,-2.7,-1.5,0.9,0.3,1.0,0.3,0.7,2.1,-0.0,0.5,0.7,0.1,2.6,1.6,-1.0,-0.3,-0.7,-2.3,-0.6,-1.2,-1.7,-1.5,-0.5,-1.4,-1.7,-1.7,-0.9,-1.7,1.2,-2.0,0.9,-1.4,-2.3,-0.1,-2.8,-2.3,-2.1,-0.8,-0.3,-1.0,-0.6,1.1,-0.5,-0.3,-0.8,0.7,-0.3,0.1,1.1,0.9,0.3,-0.8,0.8,0.6,0.9,-0.1,-0.1,0.2,-1.9,-5.1,0.9,-0.4,2.4,2.2,1.9,0.7,-0.8,-0.5,-2.0,1.8,-0.4,-1.3,0.7,3.3,2.3,-0.8,0.2,0.1,0.6,2.6,2.5,3.4,3.4,1.6,1.8,0.4,2.1,0.3,0.2,-0.6,-0.7,0.9,0.3,0.5,-2.3,-2.4,0.6,-1.1,0.8,0.1,-1.2,-2.1,-1.7,0.5,0.4,0.8,1.6,2.7,-0.4,-1.3,0.8,0.5,8.8,1.4,0.3,-1.4,2.7,-1.6,0.1,1.5,0.5,1.7,2.4,1.1,2.6,0.5,-0.6,-5.2,-1.7,-5.7,-3.6,1.1,0.4,-1.7,1.3,1.8,0.7,-2.1,-2.6,-1.8,0.0,0.5,-2.2,-2.0,2.0,-3.5,-1.8,-2.5,-2.6,-1.4,-1.5,-2.2,-2.7,-0.5,-1.1,-2.1,-2.7,-0.7,-1.2,-0.5,0.1,-1.7,-2.0,-1.6,-1.8,-0.8,-0.0,-1.8,-1.0,-0.8,-1.4,-0.7,-3.2,-3.4
2C7L513kZb,0,48.100924,11.622797,4441915.31,2777701.52,538.0,583.7,239,7247,2.2,0.89,0.34,32.6,348.92,-0.529,-0.104,0.842,-1.5,0.1,-0.47,0.17,0.4,0.1,-0.3,-1.1,-0.6,-0.9,-1.3,-0.2,-0.4,0.1,-0.6,-1.7,0.1,0.7,0.7,1.2,0.3,0.1,1.2,-1.1,-0.5,0.6,-1.4,-0.6,-0.7,1.4,-1.0,-0.0,1.1,1.8,2.9,0.9,-1.7,-12.5,-8.1,-3.1,-3.7,-3.4,-3.1,1.1,-1.7,0.2,-0.7,-0.4,-0.5,-1.0,-5.4,-1.6,-6.2,-4.3,-2.5,-1.2,-3.5,-0.6,-1.1,-0.3,-1.6,-2.1,-0.5,-2.7,-3.2,-0.5,-0.5,-1.8,-1.4,0.2,-1.2,-4.8,-0.7,-1.8,-3.3,-3.2,-1.3,-1.4,-3.5,-1.0,-1.1,-0.2,-1.5,-0.5,-2.0,-0.4,-0.3,-2.4,-0.9,-1.7,-1.4,-2.3,-2.1,-2.8,-2.3,-3.0,-1.5,-2.8,-2.6,-2.2,-3.3,-5.4,-0.7,-0.9,-2.1,-2.0,-1.2,-1.4,-5.4,-1.2,0.9,-3.2,-1.5,-1.2,-1.9,-1.2,-0.6,-2.2,-0.9,-2.3,-1.1,-2.8,-2.2,-4.3,-2.9,-1.7,-3.3,-3.3,-2.4,-2.7,-3.2,-3.0,-1.8,-6.4,-2.4,-5.9,-3.3,-10.5,-12.5,-7.3,-1.7,-3.6,-4.1,-1.2,-4.5,0.4,-1.6,-4.4,-3.0,-3.3,-3.1,-2.5,-3.6,-2.2,-1.8,-1.7,-3.0,-2.9,-5.5,-4.3,-3.7,-3.2,-3.8,-2.2,-3.8,-1.9,-3.2,-3.6,-2.6,-2.6,-10.5,-3.2,1.1,-2.9,-7.7,-1.7,-2.2,-2.9,-6.1,-6.8,-3.8,-4.0,-3.6,-5.4,-8.8,-7.8,-9.3,-8.2,-5.7,-10.7,-8.1,-9.1,-8.3,-9.2,-6.7,-4.6,-9.9,-9.4,-8.0,-8.5,-9.0,-7.0,-4.1,-7.4,-12.7,-8.8,-10.7,-4.5,-8.4,-3.7,-8.3,-8.1,-7.1,-10.9,-4.5
2C7L513kZn,0,48.101015,11.623508,4441968.03,2777712.83,539.0,584.7,239,7259,3.7,0.7,0.47,32.63,348.96,-0.529,-0.103,0.842,-0.9,0.2,-0.14,0.29,0.4,0.2,-0.3,1.9,0.9,2.2,0.7,4.7,-11.5,1.0,7.6,5.5,2.8,-2.5,-8.9,-0.5,1.6,-1.6,-1.1,-1.7,-3.6,-0.8,-1.4,-1.2,0.2,-0.3,7.1,3.9,0.8,4.5,5.0,2.7,-7.0,-13.8,-11.9,-2.0,-5.3,-8.0,-4.0,-0.7,-5.3,2.7,-6.6,-9.8,-3.7,-3.8,-0.5,2.7,-4.5,-4.9,-5.6,-4.8,-4.5,-3.2,-3.4,0.7,-0.1,-5.2,-10.1,-5.4,-3.3,-5.5,-8.4,-2.2,-2.1,-1.4,-4.0,-2.1,7.0,-4.3,-6.4,-0.6,-2.3,1.4,-1.6,-5.2,-4.4,-6.3,-3.2,-5.3,-1.4,0.1,-2.1,-1.3,-4.1,1.6,3.7,1.1,-8.5,-3.0,3.7,-6.2,1.6,0.3,-4.2,-14.1,-1.9,-5.2,-1.8,-0.4,0.9,0.3,-1.3,-4.3,-4.2,-3.3,-1.6,-2.4,-4.2,-6.2,-2.7,-6.0,-6.6,-3.4,-1.8,-1.7,-2.5,-3.1,-2.5,-2.2,-2.1,-3.3,-2.4,-6.8,-3.5,-3.4,-4.6,0.5,-2.0,-4.6,-5.4,-6.1,-2.8,-6.8,-7.5,-2.1,-2.5,-4.8,-5.5,-2.6,-5.2,-0.6,-2.2,-8.9,-0.6,-0.4,-1.0,-3.1,-3.8,-0.6,-4.2,-4.0,-3.6,-3.4,-3.6,-2.0,-5.0,-5.4,-6.0,-5.1,-4.9,-0.7,1.9,-0.7,-2.0,-3.0,-5.2,-6.2,-5.0,-4.7,-7.7,7.4,-4.0,-0.6,2.6,-9.0,-7.9,-12.8,-2.3,0.1,-8.6,-2.9,0.2,-6.5,-3.4,-9.5,-5.4,-12.8,-5.3,-2.0,-0.0,-5.5,-10.5,-9.5,-3.5,0.8,2.4,-9.7,-10.2,-4.4,-2.3,-3.3,-4.9,-2.2,-8.1,-6.5,-7.7,-7.0,-13.7,-12.2,-14.0
2C7L513kae,0,48.101414,11.626614,4442198.48,2777762.25,542.6,588.3,239,7312,3.2,0.75,0.42,32.64,348.96,-0.529,-0.103,0.842,0.6,0.2,-0.5,0.24,1.4,0.2,-0.3,1.2,0.4,0.7,3.1,0.4,-3.1,0.7,2.6,6.5,-2.4,-3.5,5.7,3.7,-1.6,-1.0,-0.3,-2.4,-2.8,-3.6,-1.2,-2.7,-0.5,-1.0,-0.1,-0.3,-1.0,-2.7,-0.5,-3.0,-4.6,-9.4,-3.9,-6.6,-5.5,-2.7,-2.9,-1.3,0.7,0.5,-0.1,-0.3,1.8,-2.4,-1.4,1.2,1.4,1.5,1.1,2.4,1.4,7.4,4.1,6.9,6.1,7.1,-0.3,-0.1,0.3,10.7,4.2,5.5,5.6,6.1,5.8,3.6,4.7,5.7,1.8,0.2,-0.7,0.2,-1.1,-2.0,-2.9,-4.4,-0.9,3.8,0.4,0.5,1.7,-0.7,-2.4,-1.8,-2.0,4.2,-1.1,-1.3,-2.7,1.4,1.6,-1.2,2.1,-1.6,2.1,1.9,-5.6,0.2,-1.6,-4.2,-1.8,-2.0,-0.0,4.3,4.8,3.2,1.6,4.5,2.1,0.9,2.8,2.3,0.5,4.2,3.3,-2.9,1.4,-0.8,4.9,4.9,9.9,4.7,3.9,8.6,9.8,8.1,5.9,6.3,7.1,7.4,2.4,2.5,3.2,-1.0,3.8,0.3,-5.0,3.4,-3.1,-0.9,-2.0,-0.7,-0.1,-2.0,-1.9,-1.3,2.3,1.3,-4.9,-6.4,-5.4,-0.0,-6.0,-0.4,-0.1,7.0,3.7,1.8,4.5,6.6,6.4,4.5,2.8,2.9,3.5,-0.7,4.3,2.2,-1.6,1.1,4.3,6.5,3.3,-0.1,1.2,1.2,0.8,4.6,4.5,3.1,3.4,4.8,4.2,4.1,3.5,5.4,2.2,1.1,1.6,7.1,2.4,6.7,6.4,4.2,1.7,3.6,3.0,1.1,-1.3,1.7,1.6,0.9,0.3,2.7,1.9,-0.0,0.1,-0.9,2.0
2C7L513kaf,0,48.10138,11.626345,4442178.51,2777758.0,526.8,572.5,239,7313,4.2,0.55,0.48,32.64,348.96,-0.529,-0.103,0.842,-0.3,0.2,-0.62,0.33,4.2,0.3,-0.3,-1.8,4.1,-4.1,-3.1,-1.4,0.2,1.2,-2.0,-1.9,8.9,-0.3,0.9,6.2,0.3,-0.2,-1.6,-1.6,-3.6,-2.3,-3.2,-5.4,-1.7,-3.3,-1.3,-3.0,0.3,0.1,-4.6,-2.9,-7.0,-13.3,-6.7,-9.1,-8.2,-9.1,-7.0,-6.1,-7.8,-0.6,-3.1,-2.3,-0.9,-8.6,-3.7,-5.5,3.8,-2.7,-11.6,-6.5,-3.3,-10.3,2.8,14.4,-8.3,7.1,-2.9,-3.6,2.2,1.1,1.6,6.4,5.3,9.3,-1.3,1.2,0.8,3.8,-2.4,-0.9,0.3,-1.0,2.2,-2.0,-0.8,-0.1,-2.4,-1.6,-0.2,0.5,-0.8,0.6,-4.3,-3.5,-5.2,-1.7,-8.0,-2.6,-7.3,-3.1,-0.5,-3.3,4.7,-1.9,-1.0,-4.3,-7.0,-2.4,-4.4,-3.7,-5.6,-4.3,-1.8,-3.9,-8.4,-3.8,-0.1,9.9,-0.4,-1.0,1.6,3.5,3.6,1.4,6.7,2.3,0.0,-2.6,4.7,3.0,-0.5,0.4,2.6,1.0,0.9,-0.4,0.2,1.7,1.3,-1.7,-3.8,-4.8,-1.4,-2.2,-2.0,-5.4,-9.0,-3.1,-0.2,0.0,5.8,-3.5,-1.0,0.9,2.8,-1.7,-1.2,1.0,2.5,1.6,3.3,-2.5,-6.3,-0.6,-2.9,-1.3,-1.9,-1.3,-2.8,2.1,1.5,-5.8,-6.9,-9.6,-16.1,-10.3,-1.9,-7.3,-11.1,-9.4,-12.0,-14.5,8.7,-9.0,-4.5,-1.5,2.6,2.0,4.7,11.2,1.0,-2.9,-0.3,-0.7,0.7,4.6,0.3,4.2,-4.6,-10.0,-13.5,-4.7,-13.0,-17.8,-19.5,-11.6,-16.3,8.2,-3.6,-4.7,-6.5,1.3,-0.3,-0.8,-0.8,-0.1,4.4,5.2,7.0
2C7L513kak,0,48.101471,11.627061,4442231.67,2777769.36,548.9,594.6,239,7318,1.5,0.94,0.25,32.64,348.96,-0.529,-0.103,0.842,-0.2,0.1,0.06,0.12,0.9,0.1,-0.3,1.0,0.5,0.6,0.4,0.2,0.4,1.1,1.1,1.0,0.1,0.7,0.9,1.1,-0.1,0.8,1.2,-0.5,0.9,-0.5,0.4,0.0,0.6,-0.7,1.2,2.1,1.5,0.4,-0.8,-1.7,-3.8,-8.5,-5.0,-4.5,-4.1,-2.2,-3.2,-1.0,-1.3,0.8,-1.5,-1.7,-0.6,-1.3,-1.3,-0.5,-1.7,-3.0,-2.3,-2.1,-0.2,-1.2,-0.8,-0.6,-0.8,-1.4,-1.5,-0.7,-0.4,0.1,0.2,-0.7,0.2,1.3,0.7,0.5,-0.1,-0.5,-2.5,0.3,-1.1,-0.7,-1.1,-1.3,-0.9,-0.3,-0.3,0.4,0.3,0.9,-0.7,-0.3,-1.1,-0.5,-0.1,-0.4,-0.3,-0.5,-2.2,-1.4,0.2,-1.4,-1.6,-2.7,-0.1,-2.4,-2.8,-1.7,-0.3,-0.9,-0.7,-0.9,-0.9,0.3,-0.3,-0.6,-0.8,-0.1,-2.2,-0.9,-1.2,-0.5,-0.8,-0.3,-1.2,0.1,0.9,-12.1,-0.5,1.1,0.1,-0.2,-0.3,-0.4,-1.0,-0.5,1.1,-1.5,0.6,-1.2,-2.7,-1.7,-0.1,-1.9,0.4,-2.4,-3.7,-2.8,-1.3,0.9,0.8,-1.2,-1.3,-1.8,-0.6,0.1,0.2,-2.7,0.2,-0.4,1.6,2.1,-1.5,-0.5,0.0,-0.8,-1.0,-0.1,-0.8,0.7,0.1,-2.4,-2.7,-2.7,-5.0,-3.3,-0.3,-3.7,-5.3,-2.3,-2.7,-3.9,-3.7,-3.8,-3.0,-2.5,-4.5,-0.7,0.3,-4.5,-0.6,-1.6,-1.1,-0.6,-1.3,-1.5,0.0,-0.9,-1.0,-1.0,-4.2,-3.0,-1.9,-1.1,-4.0,-1.4,-2.7,-1.8,-1.1,-1.6,-1.1,-1.3,-1.4,-1.2,-1.1,-0.2,0.0,-0.8,-0.8
2C7L513kam,0,48.101452,11.626907,4442220.24,2777766.93,535.3,581.0,239,7320,4.1,0.63,0.47,32.64,348.96,-0.529,-0.103,0.842,-3.4,0.2,-0.45,0.31,2.4,0.3,-0.3,2.6,12.5,-1.1,7.1,-4.6,2.2,4.1,-7.6,-9.0,0.3,4.2,2.3,0.5,3.3,-1.5,-2.1,-2.5,-3.0,-2.4,-3.0,-5.6,-7.9,-6.8,-4.1,-4.5,-2.4,-2.2,0.3,1.5,-5.4,-10.9,-9.4,-7.6,-6.1,-6.2,-6.9,-3.4,-6.7,-1.6,-4.0,-5.0,-2.9,-6.0,-1.9,-6.8,-6.1,-5.8,-3.9,-5.0,-3.6,-3.3,-0.4,-3.9,-3.3,-1.3,4.4,-2.5,0.5,-0.7,-1.7,6.8,-0.8,7.8,-4.4,2.7,-4.4,-5.2,-1.1,-5.9,-8.3,-7.4,-7.7,-0.1,-3.2,0.9,-4.1,-5.4,-6.7,-4.7,-4.9,-3.7,-9.2,-10.3,-6.6,-8.2,-6.5,-9.6,-11.0,-10.9,-7.9,-7.3,-3.6,-6.1,-9.9,-1.7,-6.9,-2.3,-7.9,-10.3,-8.3,-8.2,-8.2,-7.7,-7.2,-7.1,-5.6,-6.8,-6.6,-9.4,-9.8,-8.7,-7.0,-9.7,-9.8,-6.3,-6.3,-7.2,-8.9,-5.7,-4.9,1.8,-0.1,-3.7,-6.1,-0.2,-3.3,-4.4,-3.2,-6.1,-6.2,-4.4,-3.2,-3.6,-4.1,-17.5,-10.2,-13.1,-3.7,-8.1,1.2,-11.8,-7.3,-15.2,-10.5,-9.8,-11.7,-8.4,-10.2,-11.3,-10.3,-3.3,-11.8,-13.8,-11.4,-10.7,-10.8,-11.0,-9.6,-5.2,-6.2,-6.8,-2.2,-20.0,-10.4,-27.7,-26.0,-19.7,-10.7,-16.3,-17.5,-17.5,-18.6,-10.5,-19.4,-14.5,-24.0,-12.4,-16.1,-14.4,-11.3,-12.9,-11.8,-12.3,-15.8,-15.0,-22.2,-5.5,-22.0,-20.8,-28.8,-17.9,-20.0,-19.2,-18.8,-19.2,-13.7,-21.6,-12.9,-15.0,-22.3,-14.1,-18.2,-14.2,-15.3,-16.4,-13.9,-13.4,-11.5
2C7L513kb4,0,48.101615,11.628178,4442314.51,2777787.13,546.3,592.0,239,7338,3.5,0.73,0.44,32.65,348.96,-0.53,-0.103,0.842,-0.5,0.2,-0.53,0.27,1.1,0.2,-0.3,-7.8,-7.7,0.5,-2.7,-3.2,0.1,-1.9,1.2,1.5,0.7,3.7,-1.1,5.2,4.2,3.8,1.5,4.9,2.0,3.0,-1.0,4.3,4.8,1.9,3.1,5.3,3.8,1.0,-0.3,10.4,1.1,-7.0,1.0,-0.6,-3.2,-0.5,-2.1,1.5,3.4,1.4,-0.2,0.1,1.9,3.1,1.7,0.1,1.8,-1.0,1.2,-0.9,2.0,0.6,1.9,3.8,4.9,-2.5,1.6,-2.5,-2.6,-4.6,-7.5,-2.6,2.3,-3.9,1.9,-4.7,-11.5,-5.0,-5.5,0.4,0.9,-0.4,5.6,-3.0,-1.0,0.6,2.1,1.2,-0.8,2.4,-3.3,0.8,-1.2,-0.4,0.6,4.3,-0.6,2.0,1.1,0.2,1.9,-3.4,-2.4,1.6,4.1,3.8,6.0,0.5,1.2,-0.3,-3.2,2.4,0.6,5.2,4.4,3.0,3.3,4.6,0.7,3.9,4.8,-2.1,-1.1,-1.0,0.4,0.1,-8.0,-2.3,5.1,0.9,-0.6,4.9,0.6,4.2,-1.5,0.9,-0.6,-5.4,1.1,-2.0,-0.4,2.6,3.2,4.6,1.9,1.3,-0.2,3.8,3.1,-0.1,4.0,-5.2,-0.0,-0.5,-1.0,-3.2,-2.3,-3.2,5.0,-4.4,-0.3,-15.5,-3.9,3.2,0.6,1.6,-2.1,-0.3,-0.7,-5.7,4.5,-0.5,1.9,4.8,-4.1,1.9,6.1,-0.0,2.1,3.9,7.2,2.7,-0.9,-0.3,-4.4,-3.3,8.2,-0.2,1.5,5.3,2.6,0.8,-1.2,-0.4,-0.6,-0.4,1.7,-2.0,-0.8,-1.4,-8.0,-3.0,-3.0,0.1,-1.1,2.1,-3.9,-10.3,-2.9,-2.7,-4.7,-10.0,-5.3,-2.1,-4.1,4.4,-9.2,-7.5,6.5
2C7L513kb5,0,48.101613,11.628167,4442313.7,2777786.97,543.0,588.7,239,7339,2.5,0.85,0.26,32.65,348.96,-0.53,-0.103,0.842,-0.4,0.1,-0.16,0.19,1.4,0.2,-0.3,-2.8,-1.8,1.8,0.3,-0.8,-2.0,-0.0,0.8,5.8,3.2,1.7,-0.1,4.8,-0.7,4.6,4.7,4.5,3.3,1.4,3.5,0.5,3.2,1.6,2.6,4.5,4.3,3.5,3.1,0.8,1.7,-2.3,-1.4,-2.1,-1.5,0.4,1.4,3.3,4.2,5.9,4.3,1.0,2.4,4.4,4.6,2.7,1.1,-0.8,-0.6,0.1,2.5,-0.1,1.6,2.0,3.4,0.9,4.1,0.6,1.5,-1.5,-1.9,0.9,2.4,1.3,-1.7,-0.6,-1.5,-0.4,-5.3,1.1,3.3,1.6,1.9,-0.9,0.1,3.3,3.4,3.4,2.8,2.5,2.9,2.6,1.7,1.3,1.8,2.4,1.6,3.0,1.8,1.3,4.1,1.4,0.2,0.2,3.3,3.6,0.6,0.9,4.1,3.5,3.0,0.9,3.9,4.8,3.4,3.6,4.6,3.3,1.7,4.9,2.8,2.0,-0.5,0.0,0.4,0.1,-2.1,-3.5,-2.0,-6.3,-1.0,14.1,-2.0,0.4,2.5,2.3,3.8,-3.9,2.8,1.4,-0.1,1.6,3.3,0.3,2.6,0.5,1.0,1.3,3.1,4.7,3.3,-2.1,1.6,-1.3,0.5,-3.3,-3.0,-0.3,-3.4,-1.2,1.4,-5.8,-2.5,3.5,2.1,1.6,-0.6,1.4,0.9,3.3,1.5,1.5,2.2,2.6,0.3,1.8,3.0,1.9,-0.2,1.6,3.2,2.0,-0.2,-1.5,-2.8,-2.9,-11.9,4.8,2.3,-13.2,-2.8,0.9,1.1,1.2,1.0,2.2,3.1,-1.6,3.2,3.0,-0.7,0.0,1.9,2.3,1.0,1.4,1.7,1.6,1.4,-0.6,-0.6,-2.6,-3.0,0.5,-0.8,0.8,-3.9,-4.4,0.9
2C7L513kb9,0,48.101634,11.628327,4442325.59,2777789.52,541.6,587.3,239,7343,3.0,0.82,0.39,32.65,348.96,-0.53,-0.103,0.842,-0.3,0.1,0.21,0.23,0.1,0.2,-0.3,0.3,-1.6,0.7,-2.0,2.4,6.9,-0.9,0.0,-2.8,1.0,-0.1,0.6,-0.4,-1.2,-0.9,-0.9,-0.8,-1.4,-4.2,-0.5,0.0,-2.4,1.9,-1.8,0.4,-0.7,-1.5,6.0,-2.5,-4.7,-5.5,-7.5,-4.8,-2.9,-4.6,-3.8,2.5,-0.0,-0.6,-1.5,3.8,-1.0,-7.7,-0.4,-0.4,-2.4,-2.3,-12.5,-0.3,2.3,-0.4,-0.3,-1.9,-1.6,-0.8,-0.6,-2.6,-1.4,-2.4,-3.4,-0.4,-2.1,-2.8,-0.9,-0.6,-1.4,-0.8,-5.4,-2.1,-2.5,-1.6,-1.8,-2.8,-3.0,-4.5,-1.6,-0.8,-3.6,-0.2,-0.6,-2.0,-3.8,-2.4,-1.7,-0.7,-0.3,-2.1,-0.5,-2.9,-1.1,-3.7,-1.1,-6.0,-0.1,-1.1,-3.0,-1.7,1.8,-2.7,-2.0,-4.8,-0.7,0.2,0.8,-2.3,-2.8,-2.3,-0.9,-2.7,-3.7,-1.8,-1.2,-0.4,2.8,1.8,0.6,1.6,-1.0,-0.9,-2.5,-3.2,-0.8,-3.3,-4.3,-1.9,-2.0,-1.3,-0.3,-1.6,-3.2,-2.5,-2.9,-10.1,-0.8,-4.8,-3.5,-4.1,-3.7,-1.0,2.7,-1.1,-3.1,-5.7,-6.3,-2.3,-3.7,-4.6,-3.3,-4.3,-5.0,-5.0,-3.8,-2.7,-4.0,-3.9,1.8,-3.4,-4.8,-2.3,-0.3,-2.7,-2.8,2.8,-5.6,-2.9,0.3,-3.5,-2.6,10.6,2.6,-1.7,-8.0,-1.2,-2.4,-2.4,-6.4,-0.4,8.4,-14.2,1.8,-3.1,-1.3,-1.8,-2.8,1.9,0.3,-0.2,-4.1,-1.7,-2.1,-6.7,7.9,-3.9,-9.4,-3.3,-4.8,1.4,-3.6,-1.2,-2.2,-4.5,-2.5,-9.3,-5.0,0.7,-4.1,3.8,-11.0
2C7L513kbP,0,48.101767,11.629363,4442402.4,2777805.99,546.7,592.4,239,7359,2.6,0.86,0.39,32.65,348.96,-0.53,-0.103,0.842,-0.7,0.1,-0.32,0.2,0.1,0.2,-0.3,-0.5,-0.8,-1.0,-0.3,-0.3,-1.3,0.8,-1.2,0.7,-0.3,-1.8,0.8,0.1,0.1,2.0,-0.4,-0.5,1.8,2.2,2.5,0.7,0.8,0.3,3.1,4.8,3.6,-0.2,2.5,0.3,0.5,-2.1,-1.4,-6.3,-5.3,-2.1,1.3,0.1,0.7,2.4,-0.0,-1.0,1.7,4.6,1.3,0.3,-0.6,-4.9,-0.4,0.3,2.7,0.5,0.7,0.7,0.8,0.7,0.0,2.6,0.9,1.3,0.7,1.0,1.1,0.0,1.2,-0.7,-1.4,-0.2,-2.2,0.2,0.2,-1.8,-0.5,-0.8,-0.5,0.4,-0.0,2.7,0.0,-0.3,-0.5,1.4,4.3,0.9,1.2,-0.9,1.5,3.9,-3.7,-6.2,0.1,-9.4,-0.5,-3.8,2.5,12.3,3.2,1.6,4.8,-3.6,2.8,-2.7,1.0,-3.2,1.1,-0.5,3.3,2.4,1.6,2.0,-1.3,0.9,1.8,1.2,0.8,1.4,-1.0,-2.1,-0.9,-3.0,-0.7,-0.1,-1.1,-2.3,-2.4,-0.5,-1.0,0.5,2.7,-6.6,1.2,-2.2,-0.2,-1.1,3.3,-1.5,-9.6,4.7,0.4,2.9,1.8,-9.5,-0.5,-1.6,-0.8,-0.6,-0.2,-2.4,-0.1,-0.4,-2.1,-1.3,-1.9,-1.8,-1.5,-0.2,-0.4,0.1,-1.5,2.4,-0.4,1.0,3.1,0.2,-0.7,-13.3,-0.5,-1.3,2.2,-2.7,-3.5,-0.1,-0.3,-0.5,-2.5,-0.7,-1.2,-2.7,-3.1,-0.8,-3.4,-2.5,-3.1,-5.0,-3.5,-3.2,1.0,-2.2,0.9,-0.3,-5.2,-4.7,-7.3,0.7,-3.0,-9.0,-0.6,-0.3,-3.2,-1.0,-3.7,-1.7,-2.8,-2.6,-3.1,-2.7,-1.9,-3.1,-2.5
2C7L513kbT,0,48.101812,11.629712,4442428.31,2777811.53,551.7,597.4,239,7363,2.0,0.87,0.32,32.66,348.96,-0.53,-0.103,0.842,-0.7,0.1,0.21,0.15,1.7,0.1,-0.3,-1.0,-1.0,-2.0,-0.8,-1.2,1.0,-1.6,0.8,-1.2,3.2,-0.0,1.1,-0.7,-0.9,-2.4,-1.8,-0.2,2.1,-2.0,0.9,-4.9,-2.7,-3.4,-1.0,-2.6,0.2,-3.8,-4.1,-3.9,-4.4,-7.2,-7.4,-7.4,-7.2,-7.3,0.1,-1.7,0.9,0.4,3.0,-4.0,-2.3,-1.1,-1.4,-1.2,-5.1,-4.3,-2.3,-2.9,-0.8,-1.5,0.8,-0.6,-1.0,-2.4,-2.2,-1.0,-0.3,-1.7,-0.7,-1.2,-2.0,-5.0,-1.3,0.3,0.4,-1.0,-0.4,-1.1,-2.6,-0.8,-3.2,-0.8,-0.9,-2.3,-1.9,-3.7,-4.5,-4.3,-0.4,-4.3,-6.2,-4.0,-3.9,-5.1,-3.2,-3.8,-1.7,-2.7,-5.8,-6.6,-7.4,-7.5,-4.1,-3.6,-5.9,-6.7,-2.7,-4.6,-4.2,-6.0,-4.0,-0.7,-5.4,-3.7,-3.0,-2.9,-5.6,-5.1,-7.3,-5.0,-4.2,-3.2,-3.1,-2.2,-1.0,-1.5,-0.7,1.2,-0.8,-0.5,-0.6,-1.5,-3.2,-1.6,1.1,-2.5,-3.5,-3.4,-6.5,-2.9,-1.0,-4.9,-4.6,-4.8,-5.3,-5.8,-5.4,-2.5,-3.3,-1.9,-3.7,-5.4,-4.0,-2.6,-1.0,-4.2,-0.6,-1.3,-0.7,-1.1,-2.8,-2.4,-4.3,-5.1,-3.0,-4.6,-4.9,-5.0,-5.1,-4.5,-3.1,-3.0,-6.9,-6.5,-3.8,-7.7,-6.0,-7.2,-7.2,-5.3,-6.5,-8.4,-5.8,-3.1,-6.6,-1.7,-2.5,-3.8,-1.3,-3.6,-3.1,-3.0,-4.6,-3.9,-6.1,-7.7,-7.4,-7.6,-9.9,-8.1,-7.2,0.7,-6.0,-0.5,-10.2,-0.9,-7.1,-4.7,-8.9,-5.0,-3.4,-2.9,-2.2,-2.0,-3.2,-2.3,-3.3
2C7L513kbU,0,48.101813,11.629719,4442428.85,2777811.65,549.2,594.9,239,7364,1.9,0.89,0.27,32.66,348.96,-0.53,-0.103,0.842,-0.7,0.1,-0.04,0.15,1.4,0.1,-0.3,-0.8,-0.8,-2.8,-0.9,-1.4,1.0,-1.2,0.8,-2.3,3.7,-0.7,0.6,-2.1,-0.7,-3.5,-2.9,-0.2,1.9,-0.5,1.4,-6.1,-2.9,-3.7,-0.4,-2.3,0.9,-3.8,-3.2,-4.5,-4.8,-7.5,-5.0,-6.3,-5.4,-5.2,-0.3,-3.1,1.3,0.6,2.7,-3.7,-2.5,-4.0,-0.8,-2.3,-4.2,-4.4,-2.4,-1.9,-0.9,-0.7,1.0,-1.0,-1.8,-2.9,-2.0,-1.5,0.3,-0.7,-0.4,-1.2,-2.5,-4.5,-0.9,0.3,-0.2,-0.9,-0.1,-1.7,-3.2,-2.4,-3.7,-0.6,-0.8,-3.1,-3.0,-3.9,-5.2,-4.1,-1.6,-3.5,-6.6,-2.7,-3.2,-3.0,-3.9,-3.2,-0.3,-1.0,-3.3,-6.2,-5.9,-8.3,-4.8,-3.8,-7.0,-5.3,-2.5,-4.5,-6.6,-6.5,-4.7,-1.5,-4.8,-4.5,-3.8,-3.2,-4.9,-3.9,-6.9,-4.1,-3.0,-3.4,-2.0,-1.2,-0.8,-1.3,-0.6,1.1,-0.6,0.5,0.6,-2.1,-3.6,-1.7,0.6,-2.3,-3.6,-3.9,-6.2,-4.4,-1.1,-4.4,-3.1,-2.7,-4.1,-2.8,-3.3,-1.7,-1.7,-1.9,-3.2,-4.0,-2.7,-2.0,-0.9,-3.5,0.1,-1.3,-1.3,-0.2,-2.8,-2.4,-3.7,-4.2,-3.3,-5.2,-4.2,-4.4,-2.9,-3.4,-0.4,-1.9,-5.7,-4.3,-5.0,-6.9,-2.3,-7.3,-4.6,-4.1,-4.0,-7.5,-4.7,-3.0,-6.6,-1.4,-3.1,-5.2,-1.2,-3.9,-3.5,-4.1,-5.0,-2.8,-6.0,-7.1,-6.5,-7.3,-9.6,-9.6,-9.1,-1.8,-9.3,-4.2,-4.2,-1.5,-6.0,-4.3,-8.5,-4.3,-3.7,-3.4,-3.3,-2.4,-3.6,-2.8,-4.2
2C7L513kbV,0,48.101822,11.629789,4442434.07,2777812.77,549.9,595.6,239,7365,1.8,0.91,0.33,32.66,348.96,-0.53,-0.103,0.842,-0.7,0.1,-0.2,0.14,0.9,0.1,-0.3,-0.8,-1.2,-0.8,-0.6,-0.9,0.7,-0.0,2.0,-1.1,2.6,1.6,1.6,1.6,-1.3,-1.1,-1.2,2.9,1.5,1.3,2.0,-0.5,-0.6,-4.4,-0.5,-0.2,1.0,-1.9,-0.4,0.4,-1.9,-4.2,-4.8,-2.0,-2.0,-2.3,0.4,-0.2,1.9,1.3,0.7,-2.3,-0.3,-1.4,-0.9,0.3,-2.5,-2.2,-3.1,-0.8,-0.5,0.4,1.8,-0.4,-2.9,-1.2,-1.8,0.7,-1.7,-1.7,-2.8,-3.0,-2.6,-6.0,-1.8,-2.1,2.7,-0.2,5.9,-1.3,-0.3,0.3,-1.4,1.0,1.8,-1.7,-1.7,0.7,-1.0,-2.5,0.2,-0.7,-4.5,-0.1,1.5,-2.5,-3.1,-2.7,-0.8,0.7,0.2,-3.4,-2.3,-4.0,-1.6,-1.7,-4.7,-3.8,-0.1,-0.7,-1.5,-5.0,-3.2,-0.8,-2.2,-3.4,-2.6,-3.3,-5.0,-2.9,-4.2,-1.3,-2.2,-2.9,1.0,-0.5,0.8,3.0,-0.8,1.0,0.2,2.1,0.0,-1.4,-0.7,-0.9,1.0,1.3,-0.0,-0.7,-4.4,-2.0,-2.2,-1.6,-0.8,-2.3,-2.4,-2.3,-2.2,-0.1,0.7,-1.0,-2.7,-3.2,-1.1,-1.4,-0.8,-1.0,-0.2,-2.0,-0.9,2.3,-2.7,-1.4,-1.5,-2.0,-1.9,-5.1,-1.4,1.3,-1.9,-2.5,-0.6,-0.4,-2.9,-3.0,-3.1,-4.9,-3.8,-6.0,-3.3,-3.8,-3.4,-5.9,-3.8,-1.8,-4.8,-2.1,-3.6,-5.2,-3.3,-3.7,-3.3,-4.2,-4.7,-3.2,-4.2,-7.2,-5.0,-5.3,-7.0,-6.9,-5.8,-2.2,-7.6,-4.4,-3.9,-3.2,-4.2,-3.7,-8.0,-2.3,-3.3,-3.7,-4.6,-1.8,0.4,-0.7,-0.2
2C7L513kbp,0,48.101929,11.630627,4442496.18,2777826.12,536.8,582.5,239,7385,2.5,0.83,0.41,32.66,348.96,-0.53,-0.103,0.842,-0.6,0.1,-0.71,0.19,1.5,0.2,-0.3,-1.6,2.4,-0.3,-1.8,-1.5,-0.3,4.0,0.7,3.7,3.3,0.5,0.6,-1.6,-0.6,-3.2,-2.6,-0.4,-1.9,-2.5,-2.4,-1.2,-0.1,-2.1,-2.4,-2.0,1.1,0.8,-1.3,4.8,-4.8,-0.9,-11.4,-5.6,-6.3,-8.5,-6.8,-2.7,-2.3,-6.4,-8.5,2.4,-1.6,5.1,0.1,-9.1,-3.4,-0.8,-2.9,2.3,-1.7,2.3,1.5,-1.9,-1.4,-1.4,-0.3,-1.7,-4.2,-1.5,-1.7,0.2,-4.9,-3.3,-0.7,-2.5,-1.0,-1.0,5.1,-1.0,2.7,1.1,1.0,-0.2,-0.6,2.5,-1.7,-2.9,-1.6,-0.8,0.2,0.9,-2.2,-1.9,0.5,-0.7,0.2,-4.9,-0.5,-4.0,-1.5,-2.6,0.0,-2.7,-1.8,-2.2,-6.7,0.6,-2.3,-0.0,-0.2,0.2,-4.0,-1.9,2.4,1.0,7.5,1.3,1.2,-0.9,0.6,0.1,1.2,-2.5,-0.7,-2.2,-2.8,0.8,0.1,-0.1,-1.9,0.0,-0.7,-1.3,-0.5,-0.5,-2.3,-2.5,-0.5,0.9,-6.5,-4.4,-2.2,-0.6,-2.8,-3.6,-4.9,-2.6,-4.1,0.2,2.3,-2.6,-2.3,-2.1,1.7,-2.0,-0.5,-2.2,0.4,-1.4,-4.7,-1.2,-2.9,2.5,-0.7,0.3,-1.4,-3.1,-0.8,0.4,-1.4,-3.2,-2.6,-6.9,-6.2,-6.6,1.0,-4.3,-5.8,0.4,-3.7,-2.5,-6.7,-3.0,-3.2,-0.6,0.5,0.3,0.1,1.4,-1.0,-0.8,-1.5,-2.6,-1.7,-2.8,-6.4,-4.7,-6.0,-3.8,-6.0,-11.8,-1.8,-8.3,-9.6,-4.3,-6.5,-6.5,-9.1,-3.5,-4.9,-2.1,-5.0,-2.8,-4.2,-2.2,-1.9,-6.3,-4.5
2C7L513kbt,0,48.101967,11.630917,4442517.76,2777830.75,538.6,584.3,239,7389,2.8,0.84,0.36,32.66,348.96,-0.53,-0.103,0.842,-0.7,0.1,0.13,0.21,0.8,0.2,-0.3,-3.1,-0.4,-0.1,-1.6,-0.7,0.6,-0.1,-0.7,1.4,5.3,2.8,3.3,3.6,1.8,0.5,1.2,-2.2,-1.6,-3.3,-0.7,-2.3,-1.2,-1.9,-0.1,-0.6,-0.5,-0.4,11.4,0.2,-3.0,5.5,-6.7,-5.6,-3.0,-4.2,-4.8,-3.1,-2.6,-1.8,-1.2,-0.9,-3.2,-1.9,-2.3,-1.4,-0.6,-11.2,-5.9,-3.4,-4.0,1.0,0.7,-0.4,-0.1,-1.7,-2.5,-0.1,0.0,-1.6,-4.0,-0.1,-0.7,2.8,-2.2,2.1,6.0,-2.3,-2.1,-2.0,-1.1,-3.0,-1.5,-5.9,-0.5,-2.2,-1.1,-3.2,-1.8,-0.3,-3.6,-2.6,-4.9,-1.2,-1.4,-0.1,-1.9,-2.8,-3.8,-3.7,-1.8,-2.5,-2.1,-5.9,-4.0,-3.2,-0.7,-5.5,-0.2,-2.2,-2.3,-1.5,-1.4,-0.6,-0.5,-1.6,-0.7,-1.6,0.3,1.2,-1.5,0.4,-0.1,0.7,1.2,1.3,-2.8,-5.3,-1.5,-2.7,-1.2,-3.9,-1.7,-1.1,-0.8,-1.3,-0.2,-0.9,-0.2,-2.2,-3.2,-3.0,-3.9,-7.3,-2.9,-4.1,-4.4,-2.4,-5.7,-0.4,0.0,-10.9,-2.3,-1.0,-2.0,-3.1,-1.4,-2.6,-1.9,-4.3,-1.9,-6.8,-1.9,-2.9,-0.6,-3.5,-1.4,-1.2,0.0,0.1,-1.3,-3.7,-1.7,-2.5,-4.9,-2.4,-1.6,0.4,-4.9,-2.6,-1.5,-0.9,-6.7,-15.0,-14.6,-3.9,-9.0,-3.5,-1.8,2.1,-2.5,-4.7,-1.4,-1.9,-1.2,-1.6,-4.0,-14.6,3.8,-3.0,-5.6,-4.8,-9.1,-3.3,-5.7,-5.2,-5.6,-2.2,-3.7,-3.0,-4.7,-2.5,-1.1,1.7,-5.5,-1.6,-4.9,-3.7,-3.7
2C7L513kbu,0,48.101967,11.630921,4442518.01,2777830.8,536.0,581.7,239,7390,4.4,0.61,0.46,32.66,348.96,-0.53,-0.103,0.842,-0.4,0.2,0.67,0.33,1.7,0.3,-0.3,-1.5,8.7,-4.2,-1.2,-1.3,-1.1,3.0,-1.3,1.0,14.2,3.5,0.5,9.7,6.2,-4.1,-0.9,-4.1,-8.1,-3.8,0.0,-5.0,-1.6,-2.4,-6.8,-2.8,-3.2,0.9,-10.5,-0.2,-8.2,-8.2,-11.8,-7.9,-5.3,-3.4,-4.5,-0.3,-7.5,-0.4,-4.5,-1.1,-2.4,-1.0,-7.5,-9.3,-6.9,-4.5,-5.0,-4.3,-1.7,-2.0,-3.2,-2.8,2.8,-1.7,0.7,1.1,1.9,2.6,-2.0,3.5,5.6,11.1,-2.2,-3.8,-2.8,1.7,1.8,-2.5,-2.2,-2.8,-1.6,-3.7,0.6,-7.1,-4.9,-3.3,-4.5,-2.2,-5.5,-7.6,-6.2,-3.6,-1.8,-1.8,-7.9,-0.9,-2.6,-12.2,-0.2,-2.9,-3.0,-4.8,-2.3,-2.3,2.1,-3.9,-3.0,-2.5,-7.8,-9.7,-4.0,1.6,-2.4,-0.4,0.3,-3.0,2.7,2.0,-0.1,-0.6,0.6,2.8,2.8,3.9,-1.3,2.1,-0.0,-4.7,-1.3,-2.7,-3.9,-0.8,-2.3,-1.5,-8.2,-1.5,-2.3,-3.8,-5.3,9.6,-8.6,-5.4,-5.2,-9.0,11.2,-6.1,-8.5,0.8,-3.2,-9.0,-2.0,-12.2,-3.4,-5.9,-2.9,0.1,-11.2,-9.2,-4.1,-7.9,-3.5,-4.1,0.9,-12.9,-7.3,4.7,-3.9,-7.9,-6.3,3.5,-5.9,-5.9,-15.1,-1.7,3.5,3.8,-9.2,-5.6,3.1,-5.2,-10.2,-8.4,-8.7,-5.0,-5.9,-1.6,-5.1,-9.9,-0.0,-5.5,-3.2,2.8,0.8,-3.8,-5.8,-5.6,-9.6,1.1,-8.3,-7.8,-8.1,-7.1,-2.9,0.4,-9.2,3.4,2.0,-0.6,2.3,-1.9,1.4,10.3,-5.5,-1.5,-2.9,0.4,-1.7
2C7L513kcT,0,48.102254,11.633156,4442683.82,2777866.35,547.2,592.9,239,7425,3.6,0.73,0.5,32.67,348.96,-0.53,-0.103,0.842,-0.8,0.2,-0.17,0.27,0.3,0.2,-0.3,-2.4,-6.5,6.9,-7.2,10.5,-0.8,7.2,5.9,1.2,5.8,2.7,0.8,-2.8,8.1,1.4,-8.1,-2.6,-2.1,-3.4,-4.5,-1.9,-1.5,2.0,-1.2,1.7,-0.3,2.5,1.3,3.0,-7.2,-2.4,-4.1,-0.2,-1.8,-4.6,-3.3,3.5,1.6,2.4,0.8,-2.1,5.3,0.7,0.4,1.6,1.7,1.6,4.0,-1.8,1.6,-3.6,-8.3,-2.1,-2.3,-2.4,-0.3,-4.5,-1.2,-3.3,-4.5,-2.8,-2.9,8.5,4.0,5.6,0.7,2.7,4.0,1.6,-8.5,2.2,-4.9,2.3,-3.5,-2.2,0.2,-1.2,4.7,4.0,-2.4,4.0,2.2,4.3,9.5,-6.7,-5.0,2.0,-1.5,-2.8,0.1,2.0,3.1,-1.0,-5.4,-1.1,2.6,6.1,0.7,4.4,0.2,3.0,-3.7,-0.3,4.9,-2.3,1.9,3.0,2.8,1.5,2.0,-5.1,3.7,-1.7,-1.1,-2.2,1.9,0.8,-1.8,0.2,-2.4,-2.1,-1.5,-2.5,-1.7,-1.5,-2.6,-1.6,0.6,1.0,-3.2,-1.7,-1.4,1.5,-1.1,-6.3,-4.2,-3.6,-2.8,-0.3,5.7,2.1,3.3,-0.5,-2.2,-3.5,-0.5,-5.1,-1.7,-2.3,-2.6,-2.7,-4.3,-2.7,-4.9,-1.9,1.7,1.0,-0.8,0.7,0.2,-4.7,-5.2,-2.9,-2.6,-4.4,-4.2,-1.2,-5.2,-1.0,-3.2,0.1,-5.0,-4.5,-0.2,0.6,1.9,-1.2,0.4,-16.2,-1.7,-0.4,-1.4,-3.8,-5.4,-5.8,-3.6,1.3,-3.6,0.0,-1.1,-9.0,-4.5,-6.8,-1.9,5.2,1.2,-5.5,0.4,-0.3,6.1,-0.4,-9.4,-8.6,-2.9,-1.1,-3.2,-3.6,-5.0
2C7L513kd3,0,48.102516,11.635195,4442835.1,2777898.8,548.6,594.3,239,7461,2.7,0.83,0.4,32.68,348.96,-0.53,-0.103,0.842,-0.5,0.1,0.3,0.21,0.7,0.2,-0.3,6.0,0.9,2.9,2.0,5.0,-0.5,0.5,-1.3,0.8,-1.1,0.6,2.1,-1.2,1.8,-2.9,-3.6,-2.2,-5.4,-2.8,-4.0,-2.6,-5.3,2.6,-2.7,2.1,-0.9,1.5,3.2,2.3,-4.3,3.7,-4.9,-4.8,-0.2,2.0,1.6,0.7,-2.2,1.9,-1.4,-2.4,1.2,-0.9,-1.2,0.9,-2.3,-1.6,-2.8,-2.5,-2.2,-1.1,-0.3,-3.5,-3.6,-3.6,-5.7,-3.8,-3.8,-5.2,-5.8,-5.4,-5.5,-3.0,-2.5,-4.8,-2.5,-2.5,-5.7,-0.9,-0.7,-2.7,-2.7,-2.5,-3.1,-4.2,-3.4,-2.7,-2.4,-1.9,-3.1,-3.8,-1.3,-1.1,-2.7,-2.3,-3.5,-0.4,-2.5,-3.7,-0.5,-1.8,-2.6,-1.3,-5.7,-2.0,-2.3,-0.4,0.3,-0.3,-3.4,-2.0,0.3,0.7,1.2,0.5,0.4,-3.5,-3.3,-3.3,-3.2,-3.6,-3.5,-4.0,-3.4,-2.6,-0.6,-1.9,-0.5,0.6,-3.1,-2.1,1.0,1.2,0.0,-6.7,-3.5,0.1,-3.8,0.5,-3.5,0.6,0.2,2.3,2.8,-3.7,-4.3,-4.3,-1.6,-0.1,1.5,-13.7,-1.1,-9.3,-9.6,-4.8,7.1,-2.7,-11.1,-11.7,-1.9,-0.5,-6.6,2.2,-2.0,1.6,1.3,-0.7,-2.8,3.5,-0.1,-0.3,-4.9,-2.8,-3.1,-1.6,-1.1,-0.9,-3.1,0.9,-2.7,-6.2,-2.5,-9.2,0.2,-0.5,0.4,-6.4,-5.4,-5.6,-3.6,-2.9,-2.4,-1.6,-0.5,-3.5,-1.8,-3.4,-2.9,-3.3,-5.1,-3.8,-3.2,-3.4,-4.8,-1.9,-2.6,-1.2,-1.9,-0.7,-2.4,-1.1,-5.0,-9.3,-4.0,-2.1,-2.8,-3.5,-6.5
2C7L513kd4,0,48.102514,11.635178,4442833.84,2777898.53,545.0,590.7,239,7462,3.8,0.66,0.41,32.68,348.96,-0.53,-0.103,0.842,-1.1,0.2,-0.9,0.29,2.5,0.2,-0.3,-0.9,0.4,1.6,0.3,2.1,-1.5,1.6,1.8,0.9,4.1,1.3,0.3,0.9,1.0,6.3,5.5,4.1,-0.9,-0.6,-2.0,-8.9,-5.8,-1.5,-4.7,1.0,1.2,9.7,1.4,-2.8,0.1,-0.2,-6.8,-3.8,-6.4,-7.0,-6.2,-1.1,-2.2,1.7,-1.0,-0.4,-5.7,0.4,0.1,2.0,-1.8,-1.1,-3.4,-0.3,-1.8,-1.8,-0.7,4.8,1.0,2.6,0.7,-1.5,1.7,0.7,2.3,-0.6,-1.4,-0.7,0.7,-3.8,0.1,-0.4,-2.8,1.5,2.9,5.7,3.9,1.2,0.4,3.2,1.6,-2.0,6.2,3.1,1.1,1.3,5.4,-2.3,11.1,1.4,-0.4,-2.5,-10.6,-9.5,-7.2,-5.8,-4.8,-3.7,-5.7,-2.6,-5.3,-3.1,-0.2,1.1,-3.6,-2.4,10.7,5.3,2.9,-0.6,1.5,-2.6,0.4,-3.9,-0.1,0.0,-2.6,-2.1,2.2,6.4,2.2,4.4,2.7,-4.2,11.1,0.9,9.6,12.4,-5.7,-4.1,0.4,0.2,-2.1,9.0,1.0,-0.4,-1.9,4.0,-13.5,-8.1,-11.7,1.1,-1.9,-0.1,-1.9,-1.1,-2.8,-1.5,-0.5,-0.7,0.6,-8.6,-3.5,0.7,1.8,4.2,-1.0,2.2,3.0,-0.6,5.5,2.2,-0.5,-0.2,-0.8,-4.6,-8.1,-6.5,-6.1,-7.5,-6.3,-2.9,-9.5,-9.4,-14.2,-8.5,-9.7,-12.7,-1.6,-0.3,-9.9,-4.8,-3.6,-0.9,-2.2,-3.6,-1.7,-1.9,-0.8,-2.0,-11.0,-6.9,-1.8,-1.5,-4.6,-10.6,-6.0,-5.5,-6.9,-4.0,-1.9,-7.0,-6.5,-4.9,-5.6,0.4,-5.1,-8.3,-3.8,-7.4,-7.4,-5.1,-0.9
2C7L513kZX,0,48.100915,11.622589,4441899.82,2777700.26,538.9,584.6,239,7243,1.9,0.93,0.24,32.6,348.92,-0.529,-0.104,0.842,-1.0,0.1,0.22,0.14,0.2,0.1,-0.3,0.6,4.3,-1.0,-0.6,-0.7,-0.9,0.2,-0.5,-1.0,0.1,-0.3,-0.5,0.7,0.5,-1.5,-0.9,-0.6,-2.6,0.3,-1.2,1.0,-0.7,-0.3,1.1,0.8,0.5,3.7,2.5,1.8,0.2,-15.0,-2.2,-1.7,-2.2,-0.9,-2.3,1.8,0.5,1.6,0.8,2.6,0.8,1.8,1.0,2.0,-1.3,-2.6,-1.6,-1.1,2.1,2.0,-1.8,-1.4,0.3,-0.1,1.6,-0.0,-6.3,-0.2,-1.6,-1.3,-0.9,1.0,-0.4,-4.1,-2.3,-0.1,-3.4,-1.7,2.1,-0.1,0.9,-2.6,-1.5,2.0,-1.8,0.3,0.3,0.8,-4.6,-1.2,0.1,0.4,-0.5,-1.4,-1.5,-1.2,-1.6,-0.1,-0.4,-0.9,-2.8,-2.2,-2.8,-3.7,-1.6,-1.0,-1.3,-0.7,1.3,-1.3,-2.2,-3.2,0.7,-3.2,-2.7,-3.4,-2.2,-0.8,-0.8,-3.5,-0.9,-1.5,-0.5,-2.4,-2.4,-3.8,-4.5,-4.0,-4.7,-2.6,-3.3,-2.1,-3.2,-3.0,-0.5,-0.4,-2.2,-1.1,-2.5,-5.0,-5.4,-2.3,-0.2,-3.2,-2.7,-2.0,-3.9,0.9,-2.1,-1.8,-2.6,-2.5,-3.9,-2.6,-4.0,-1.5,-2.1,-3.1,-3.2,-3.1,-6.4,-4.3,-4.3,-4.1,-3.3,-2.9,-2.3,-2.7,-2.7,-3.8,-3.4,-4.7,-5.2,-4.3,0.7,-3.9,-8.3,-0.4,-0.9,-2.6,-5.9,-4.0,-3.6,-4.0,-1.8,-4.0,-5.3,-4.4,-6.0,-5.0,-5.4,-4.3,-2.6,-4.2,-3.2,-3.9,-2.2,-2.4,-5.9,-3.6,-2.7,-3.2,-7.3,-3.2,-3.6,-5.1,-3.5,-4.0,-4.7,-2.4,-2.0,-5.6,-4.7,-3.1,-2.6,-5.1,-4.1
2C7L513kZv,0,48.101096,11.623997,4442004.33,2777722.67,542.1,587.8,239,7267,2.4,0.86,0.36,32.63,348.96,-0.529,-0.103,0.842,-0.5,0.1,0.2,0.19,0.5,0.2,-0.3,1.4,-0.0,-0.5,0.8,0.5,1.1,-1.4,0.0,-0.8,3.0,-0.6,0.9,-1.1,0.3,-3.1,-2.1,-0.8,-2.1,-0.3,-0.7,-2.1,-0.6,2.7,-1.0,-0.7,0.2,1.6,1.8,0.2,-2.4,-10.6,-3.8,-3.2,-1.7,-4.4,-1.3,1.0,-0.1,2.3,-0.6,-1.0,0.8,-1.3,0.7,-1.0,-1.3,1.6,4.0,-1.2,0.9,1.0,-4.9,-1.8,-2.3,-5.5,-0.9,-3.0,-3.9,-1.9,-2.0,-1.5,-3.0,-1.3,-3.1,-4.1,2.2,0.7,-3.7,-4.0,-1.8,-0.4,-4.2,-0.7,-3.7,-2.7,-3.0,-2.3,-2.0,-1.4,0.7,0.1,-0.4,-2.4,-0.6,0.5,0.5,-2.3,-1.3,1.8,-0.7,-2.8,-3.1,2.0,-1.2,-7.1,-3.7,1.1,-1.3,-0.0,2.6,-0.7,-3.4,-0.1,3.7,-2.1,-3.8,-1.8,-4.2,-4.4,-3.8,-2.2,-3.4,-2.7,-6.4,-7.2,-3.9,-8.5,-3.8,-0.8,-2.6,0.6,-1.8,-0.3,-3.1,-2.9,1.3,-1.5,-1.1,-1.3,-2.6,-5.4,-2.8,8.1,-2.3,-3.1,-5.7,-0.4,-5.6,1.3,1.5,7.1,-0.8,-5.3,-1.7,-6.4,-3.8,-1.9,-5.8,-4.4,-2.7,-0.6,-7.5,-4.3,-4.3,-6.4,-7.1,-6.3,-3.7,-2.1,-3.7,-2.4,-3.7,-1.4,-3.9,-4.2,7.8,-0.9,-4.4,0.7,-0.7,-0.4,-3.5,-1.9,-0.3,-3.2,-1.9,-0.8,-1.3,-1.3,-0.6,-0.8,-1.4,1.0,-0.6,-0.1,-3.2,-2.9,-1.8,-1.9,-5.8,-3.9,-1.6,-3.1,-4.5,-2.9,-3.5,-3.1,-2.2,-5.2,-3.5,-3.9,-3.4,-3.4,-5.4,-4.9,-4.4,-4.1,-4.7
2C7L513ka5,0,48.101183,11.624674,4442054.52,2777733.43,544.9,590.6,239,7277,4.1,0.69,0.43,32.63,348.96,-0.529,-0.103,0.842,-0.1,0.2,-1.63,0.32,1.9,0.3,-0.3,-4.3,0.3,-2.9,-4.5,2.8,2.3,2.0,3.9,0.1,6.4,2.5,1.7,2.4,0.3,-2.7,-1.4,-0.9,4.1,-3.4,0.1,-3.1,-1.1,-5.7,-2.9,-3.7,-2.4,-6.3,3.9,-2.6,-1.9,-11.8,-5.7,-6.9,-6.6,13.8,-7.5,-4.4,-2.0,-5.4,-6.5,-7.1,-3.4,-5.4,-1.1,-5.9,-3.7,-5.6,-2.2,-2.7,-2.6,1.2,-2.7,-1.3,-0.9,-3.3,1.1,0.8,-1.6,-3.3,1.2,-0.8,-2.8,-0.8,-2.7,1.6,0.5,1.0,-3.6,-3.8,-2.6,0.2,-1.9,-0.9,-0.8,-1.7,0.1,0.7,0.2,-0.5,-3.6,-2.8,-2.2,-3.2,-3.3,-3.5,-4.7,-4.5,-1.6,0.1,-5.3,-1.4,-9.9,-0.8,2.5,-1.8,-3.4,0.7,-1.1,-1.0,0.1,-1.2,-2.7,0.9,0.6,1.6,1.5,2.3,-0.9,0.2,0.7,2.9,9.8,10.1,17.3,1.0,-1.6,11.9,2.5,2.2,1.5,4.6,-0.4,0.7,0.3,1.6,1.8,-1.1,-0.9,-0.1,-5.8,-0.9,-1.7,1.9,17.0,5.2,-1.8,4.7,17.1,7.0,14.0,10.0,15.7,6.9,4.6,6.4,9.7,10.2,2.9,2.9,1.8,7.7,0.1,0.3,-2.8,-3.0,-3.7,-2.0,-2.9,0.3,-5.7,-5.9,-9.3,0.9,-6.7,-3.0,5.5,-0.5,-7.0,-3.6,-3.1,-3.8,-5.1,-4.2,-3.5,-3.7,1.5,-1.1,-2.3,-0.0,-1.6,-4.8,-0.5,-2.0,-1.8,-4.6,-2.9,-2.5,2.0,0.5,-3.4,-2.5,-1.9,-3.1,-0.0,-1.3,-0.9,-3.6,-3.8,-5.3,-3.5,-3.5,-2.8,-2.8,-1.6,-0.7,-3.7,-5.9,-2.6
2C7L513kaW,0,48.101372,11.626144,4442163.57,2777756.83,543.7,589.4,239,7304,2.2,0.89,0.32,32.64,348.96,-0.529,-0.103,0.842,-0.3,0.1,-0.47,0.17,1.0,0.1,-0.3,-1.1,0.9,-4.0,1.5,-3.6,-5.0,-2.6,-1.6,-1.6,13.0,-0.7,-1.0,-1.7,-0.9,-1.7,-0.4,-3.0,-1.4,-3.5,-2.0,-1.5,-2.1,-1.4,-1.0,-0.8,1.7,-0.8,0.2,-3.4,-3.8,-9.2,-5.4,-5.1,-4.0,-3.9,-2.8,-0.5,-0.0,1.1,-0.8,-1.7,10.5,-0.5,0.8,-1.5,-2.1,-2.5,-0.9,-3.7,0.8,0.3,-3.2,-0.6,0.6,-1.3,-0.6,-0.6,-0.3,-0.8,0.0,-1.0,0.7,10.3,-2.6,-2.7,-0.7,-2.8,-3.4,-2.8,-1.7,-1.6,-3.3,-2.6,-2.5,-1.7,-1.9,-2.2,-1.7,-1.6,-2.0,-2.8,-2.5,-1.9,-3.3,-1.9,-2.4,-1.8,-2.5,1.3,-1.2,-2.1,-2.6,-4.9,-0.4,-1.6,-2.4,1.5,-1.0,-1.2,0.3,-2.1,-2.4,0.3,0.6,-2.6,-1.7,-1.0,-1.3,-1.8,-3.3,-0.4,-1.8,-1.0,-2.2,-1.4,1.1,1.8,-0.0,-1.1,-1.8,0.1,-1.8,-2.6,-1.5,-1.1,-2.3,-2.7,-2.2,-2.4,-3.2,-1.5,0.9,-0.5,-1.5,-1.4,-1.8,-2.6,0.3,2.9,3.9,-1.1,1.2,0.7,-0.6,0.4,0.4,5.8,1.6,-0.8,2.4,-2.8,-2.3,-0.3,-1.8,-2.0,-0.8,-0.8,-2.3,-0.1,-3.4,-2.8,-3.4,-1.9,-3.3,-3.3,3.7,-0.5,-3.8,-0.2,-0.8,-1.4,-3.3,-4.9,-4.9,-2.1,2.3,-1.8,-0.2,1.8,-0.6,-3.3,-0.5,-2.5,-3.8,-3.7,-2.2,-2.9,-2.6,-1.4,-6.2,-5.9,-1.7,-4.9,-5.8,-4.3,-4.0,-2.5,-2.7,-2.6,-2.6,-3.0,-1.9,-2.3,-1.0,-1.9,-3.2,-4.6,-5.2
2C7L513kaX,0,48.101367,11.626106,4442160.76,2777756.23,539.1,584.8,239,7305,3.4,0.76,0.51,32.64,348.96,-0.529,-0.103,0.842,-0.7,0.2,-1.42,0.26,0.3,0.2,-0.3,-4.2,-0.7,-5.0,-2.8,-5.4,-6.4,-4.1,-3.1,-2.5,19.3,-3.9,-3.2,-2.3,0.9,1.5,0.5,3.7,1.1,8.5,0.7,3.1,1.9,0.8,5.8,2.9,5.9,4.0,-0.6,1.6,-0.7,-6.7,-4.1,-5.0,-2.0,5.9,1.0,-0.0,-1.2,2.4,-0.9,-0.3,0.1,-0.9,2.9,1.7,1.4,1.4,0.7,1.3,0.9,3.0,5.1,3.2,1.2,1.5,3.6,2.2,2.3,1.3,2.5,2.3,2.1,-0.9,0.8,-2.5,2.6,0.7,-3.7,-1.1,1.3,0.4,-0.4,-0.2,-0.5,3.6,0.9,-2.8,-1.2,5.4,-0.1,-3.0,-3.6,-2.3,-2.9,14.0,-4.6,-0.3,-0.7,0.6,1.7,-1.3,0.6,-6.2,-0.9,2.2,2.3,7.1,6.9,2.4,3.7,-0.4,-0.8,0.9,1.1,-0.6,-2.9,0.7,-1.0,-1.3,-3.1,1.2,-2.4,1.4,-0.5,8.0,5.6,2.5,3.4,3.5,5.3,5.0,4.5,2.9,2.3,5.3,-0.4,0.3,0.9,0.7,-1.3,0.0,3.0,0.7,1.5,1.3,-0.9,0.1,1.5,7.2,6.6,0.5,2.7,2.3,1.9,2.1,0.8,1.6,2.5,1.9,2.5,-0.9,-1.2,1.4,-0.0,-0.1,-0.7,0.7,-0.7,1.2,-1.0,-2.2,-0.5,0.4,-3.2,-4.2,1.0,0.6,-3.5,-3.5,-1.8,-1.1,-1.7,-3.7,-1.1,-0.0,1.3,0.3,2.4,5.4,0.3,-0.8,-0.9,-2.6,-3.7,-0.6,-0.7,-1.5,-0.9,0.9,-6.0,-9.4,-2.8,-6.0,-4.4,15.8,-3.6,-5.0,-3.3,-5.1,-5.4,-3.8,-4.7,-7.8,-9.9,-6.7,-7.3,-5.6,-6.5
2C7L513kaZ,0,48.101389,11.626271,4442173.03,2777758.86,541.6,587.3,239,7307,3.6,0.73,0.52,32.64,348.96,-0.529,-0.103,0.842,-0.1,0.2,0.87,0.28,1.2,0.2,-0.3,0.4,-2.2,1.4,-0.3,1.3,-1.1,1.2,-4.0,2.2,5.0,-2.6,-1.6,-1.3,-5.2,-3.5,-4.4,-4.3,-3.4,-3.7,-3.4,-2.8,-3.4,-3.5,-3.0,-0.4,-2.1,-1.9,-1.5,-4.1,-6.0,-12.5,-6.6,-5.8,-6.0,-5.3,-4.8,-1.5,-3.7,-2.4,-2.9,-3.8,-1.9,-2.8,-3.8,-3.4,-4.8,-3.4,-3.3,-6.2,-3.0,-3.8,-4.6,-3.9,-5.7,-3.7,-4.7,-4.9,-5.8,-4.9,-5.8,-5.7,-6.8,4.9,-6.2,-5.7,-1.8,-5.5,-5.7,-5.6,-3.8,-1.3,-4.2,-5.7,-6.2,-6.8,-6.8,-7.0,-5.0,-5.3,-7.8,-6.7,-6.4,-5.7,-5.2,-4.7,-3.2,-5.4,-6.3,-4.2,-5.2,-5.7,-6.3,-7.0,-3.9,-5.6,-5.0,-4.3,-3.5,-5.5,-5.9,-5.3,-5.2,-4.2,-4.4,-4.6,-2.7,-5.1,-3.9,-6.6,-5.6,-4.6,-5.6,-4.2,-6.9,-4.6,-6.1,-3.1,-4.8,-5.9,-3.8,-3.1,-5.7,-4.0,-5.5,-3.1,-5.9,-4.8,-8.4,-8.4,-9.5,-5.5,-6.6,-1.5,-2.9,-4.9,-5.3,-4.9,-3.4,-1.6,-4.7,0.4,-11.0,-5.8,-8.5,8.9,-15.7,6.1,-0.7,-14.1,-1.4,0.4,8.1,-5.8,0.3,0.5,-5.1,-6.1,-10.1,-6.9,-7.4,-10.7,-8.0,-5.2,-10.7,0.7,7.0,-7.2,-10.2,-3.3,-0.7,-4.7,-14.5,-0.5,-1.9,-13.1,1.8,-3.4,-16.3,3.3,8.0,1.1,-9.1,9.1,-4.1,3.3,-12.1,-7.0,-8.7,-7.1,-7.7,-8.3,-5.8,-3.5,-6.0,-6.5,-4.5,-1.7,-5.1,-5.7,-7.9,-5.1,0.3,0.1,-0.6,-0.7,-2.0,-5.3,1.1
2C7L513kaj,0,48.101469,11.626897,4442219.42,2777768.81,544.0,589.7,239,7317,3.2,0.78,0.43,32.64,348.96,-0.529,-0.103,0.842,-0.1,0.2,0.1,0.25,1.2,0.2,-0.3,-0.4,-0.6,0.9,-0.5,0.6,-0.3,0.6,2.2,1.1,-1.2,0.1,0.9,1.5,-2.9,-0.7,-1.0,-2.4,-0.6,-4.1,-1.9,-2.8,0.7,-3.7,1.7,-1.5,0.3,1.9,-0.4,0.6,-8.5,-12.7,-8.0,-7.1,-8.0,-5.0,-6.8,0.7,-6.5,0.1,-14.3,1.2,-0.6,-2.1,-6.9,-1.8,-2.9,0.8,1.1,-4.9,-4.3,-1.3,-3.8,-1.3,-3.6,-2.5,-2.4,-0.2,-3.3,-2.7,-2.0,-1.7,1.6,0.1,0.3,1.0,3.0,0.1,-4.5,1.0,-3.5,-3.1,-0.5,-1.5,-1.3,1.0,-0.1,3.2,-1.5,0.4,-4.4,-5.1,-8.2,-2.1,-2.3,-0.2,-4.6,-6.9,-4.3,-6.0,-1.8,-2.1,-3.2,-11.2,-2.5,-6.5,-7.2,-5.5,-1.4,-1.3,-2.0,-0.4,-2.9,-0.3,-4.0,-2.6,-1.4,-2.3,-2.8,-3.0,-1.4,-3.9,-3.7,-5.3,-2.9,-4.5,-3.8,-12.4,-5.7,2.2,-8.6,13.0,-6.9,-2.2,-5.9,-4.5,-4.0,-4.6,-2.7,-3.9,-7.6,-6.0,-2.8,3.7,2.3,-2.3,-4.2,-9.9,-1.6,-0.4,0.5,0.3,0.1,0.6,-2.9,-0.4,1.5,-4.2,0.5,0.2,0.7,-0.9,1.8,-0.5,0.6,-0.8,-1.9,-3.0,1.0,0.9,-1.9,-1.5,-1.8,-3.1,-4.2,-4.2,4.0,-3.4,-3.9,4.2,0.5,-4.0,-5.2,-16.6,-4.5,-6.1,-1.6,-2.2,-1.6,-6.9,-0.1,-2.8,-1.7,-2.3,-0.3,1.4,-0.9,-3.3,-2.7,-2.4,-7.5,-7.0,-5.7,-5.5,-5.0,-2.3,-5.1,-2.1,-2.1,-1.9,-1.3,-1.8,-2.5,0.1,-2.7,-4.3,-2.2,-2.4,-2.9
2C7L513kbX,0,48.101845,11.629823,4442436.49,2777815.36,547.8,593.5,239,7367,3.6,0.75,0.71,32.66,348.96,-0.53,-0.103,0.842,-0.7,0.2,0.09,0.28,0.7,0.2,-0.3,-1.8,2.6,2.7,0.5,-0.6,-2.3,0.6,0.7,0.4,-5.0,0.0,-1.6,2.7,-1.6,-0.8,-0.6,2.8,-12.6,-0.1,4.4,-0.7,-0.1,-3.4,0.9,0.4,2.6,-2.6,1.0,-2.1,0.6,-4.8,-2.0,-8.8,4.1,-9.2,-1.9,2.8,-1.7,0.2,-0.7,-0.9,2.2,3.6,7.4,-2.6,8.2,-3.4,-2.7,3.1,-0.5,0.5,2.6,1.4,0.5,-1.0,-2.3,-2.3,-2.8,-3.9,-0.5,-3.2,-2.0,-15.1,-2.0,3.1,-2.1,-1.3,-9.9,2.1,-1.7,-2.3,-3.5,-3.7,-3.3,-0.8,-4.6,-1.9,-1.7,-3.1,-6.1,-4.3,-6.8,-0.8,-1.9,-3.6,-3.8,-14.4,-8.2,6.1,-3.4,1.9,-12.8,0.5,7.7,0.7,2.4,0.4,0.7,1.0,-0.1,2.2,-2.0,0.4,-2.8,-3.4,-2.1,-1.1,-2.3,-0.3,-1.3,0.3,-1.8,1.8,-2.1,-2.9,-2.2,-2.1,-0.9,0.1,-1.0,11.0,-0.4,-2.1,-0.0,-0.9,-6.4,-2.4,1.0,-2.7,-3.1,2.5,-1.3,2.9,-3.6,-5.1,-5.5,-7.5,-4.5,-1.5,2.0,2.0,0.1,-0.7,-1.7,-1.5,-2.2,-2.1,-0.4,-2.1,-3.6,-13.2,-1.5,-1.7,-1.3,-1.9,-3.0,-2.3,-2.9,2.9,-1.1,-3.6,-4.0,-5.0,-7.2,-7.0,-1.2,1.8,-5.3,-6.1,-7.8,-6.2,-3.0,-5.0,-7.8,-3.8,-14.7,-4.0,-3.7,3.4,-3.7,-2.5,-2.4,-2.4,-3.6,-2.5,2.1,-1.7,-5.0,-2.3,-8.7,-4.2,-7.0,-4.9,-5.6,-10.1,-7.8,-2.7,-4.1,-3.3,-4.8,1.7,-1.6,-0.2,0.3,-2.4,-5.4,-1.5,-0.0
2C7L513kbY,0,48.101837,11.62976,4442431.82,2777814.37,541.9,587.6,239,7368,1.7,0.94,0.25,32.66,348.96,-0.53,-0.103,0.842,-0.2,0.1,-0.19,0.13,0.1,0.1,-0.3,0.2,0.5,-0.1,-0.5,0.3,-0.4,0.6,0.9,0.5,-2.2,0.3,-0.1,0.5,0.7,-0.0,1.0,0.8,0.2,-0.1,-1.2,0.3,-0.0,0.5,1.6,1.6,2.4,1.3,0.9,0.3,-1.0,-4.8,-4.1,-4.3,-2.2,-3.9,-0.9,1.1,-0.8,1.4,1.9,0.6,1.4,0.7,0.7,-0.5,0.0,-1.3,-0.4,-1.0,0.4,-0.6,1.1,-0.1,-0.2,-0.7,0.2,0.1,0.5,-1.1,0.7,0.6,0.4,-3.3,0.2,1.7,-0.2,-0.2,-2.6,-0.1,-0.9,-0.7,-1.4,-0.5,-0.5,-0.2,-1.1,0.1,-0.3,1.2,-0.6,0.4,-0.7,0.5,0.8,-0.1,-0.1,-0.7,0.6,-0.3,-0.4,-0.4,-1.4,-0.3,1.2,0.2,-0.9,1.3,0.8,0.1,-0.6,0.5,0.2,0.9,0.6,0.0,0.9,0.9,0.9,1.9,-0.2,0.9,0.7,0.8,-0.2,0.1,-0.0,-0.8,0.2,1.1,0.3,-9.2,0.5,0.8,-0.1,1.7,1.8,-0.3,1.5,0.7,-1.7,0.3,0.2,2.0,-0.0,-1.8,-2.0,-0.5,-1.6,2.0,3.9,1.4,1.3,-0.6,0.1,0.0,0.4,-1.1,0.5,-0.5,0.2,-3.2,-0.9,-0.2,-0.5,-0.7,-0.3,-0.6,-1.1,-0.2,-0.9,-0.8,-0.2,-0.5,-2.3,-2.4,0.8,1.0,-1.7,-0.1,-0.3,-0.2,-0.7,-2.8,-2.9,-1.9,-7.0,0.1,-0.8,13.1,-1.2,-1.3,-1.2,-1.5,-1.3,-0.4,-0.1,-0.3,-0.4,-0.9,-3.7,-0.8,-1.8,-0.3,-3.3,-0.4,-1.1,-0.8,-1.3,-0.7,-1.6,-1.3,-1.9,-1.5,0.4,0.7,-1.5,-2.1,-0.9
2C7L513kbZ,0,48.101855,11.629908,4442442.8,2777816.72,546.4,592.1,239,7369,1.6,0.93,0.44,32.66,348.96,-0.53,-0.103,0.842,-0.3,0.1,0.06,0.12,0.6,0.1,-0.3,0.4,1.5,1.3,0.0,1.3,-0.2,1.2,0.5,-0.8,-0.9,1.6,-2.1,2.6,0.1,-3.3,-0.8,0.3,1.6,-2.0,-2.0,-3.1,-2.3,-2.8,0.7,-0.3,1.1,-1.4,-1.1,0.6,-3.0,-3.4,-5.5,-4.0,-2.9,-4.3,-2.6,-0.1,0.5,1.8,0.9,-1.0,-1.4,-2.3,-0.1,-1.4,-2.5,1.1,1.6,-0.1,2.1,0.9,1.0,-0.2,-0.9,-1.0,0.2,0.7,-0.6,-0.6,-1.7,-0.2,-1.8,0.2,0.6,-4.1,-0.4,-1.5,-0.1,-0.2,0.3,1.4,-1.0,0.3,1.8,-2.0,0.6,-1.6,-2.2,-0.8,-0.6,-2.4,-2.6,-1.2,0.8,-1.5,-1.3,-2.1,-0.3,-2.0,-0.6,-2.6,0.1,-1.6,-1.0,-1.0,-2.7,-1.5,0.2,-0.7,-2.0,-0.2,-2.1,0.4,-1.7,-1.7,-1.3,-2.1,-0.2,-0.4,-4.5,-1.0,-0.0,1.7,0.8,1.4,0.0,-2.5,-0.9,-0.8,-1.3,-3.3,-1.0,-0.5,-2.9,0.2,7.3,-0.6,-0.8,-1.1,-4.0,0.4,-0.2,-0.9,-0.1,-1.0,-1.3,-2.1,-2.1,1.7,3.5,2.6,0.2,-1.4,-0.2,-0.8,-0.4,-1.7,0.9,-0.6,-0.3,-0.6,-1.6,-2.3,-3.7,-3.1,-1.4,-3.8,-3.5,-1.7,-2.8,-2.3,-2.3,-2.2,-2.8,-2.8,-1.6,-3.5,-3.1,-3.2,-2.0,-1.9,-2.4,-2.4,-1.5,0.2,0.8,-0.2,-1.3,-7.2,-2.2,-2.1,-1.6,-0.6,-4.3,-3.8,-2.6,-0.8,-1.9,-0.5,-1.9,-2.8,-0.5,-1.6,-3.7,-0.7,-1.9,-1.3,-3.0,2.3,-2.3,-0.4,-1.2,-0.5,-0.6,-0.1,0.4,-0.8,-1.4
2C7L513kba,0,48.101882,11.630115,4442458.19,2777820.0,553.7,599.4,239,7370,3.2,0.81,0.41,32.66,348.96,-0.53,-0.103,0.842,-0.7,0.2,0.23,0.25,0.1,0.2,-0.3,0.7,-0.6,-1.9,0.1,-0.6,3.8,0.0,-2.6,1.7,-4.9,-1.8,5.8,-0.8,-3.5,1.1,7.2,-3.1,-7.0,0.4,-3.5,-1.2,0.4,3.0,1.6,3.8,0.4,1.4,7.8,1.3,-0.7,-0.2,-5.2,-1.4,-0.5,-5.3,-5.3,5.0,-0.1,5.2,-0.4,1.1,1.8,1.2,-1.0,1.6,0.4,-1.5,1.1,0.7,3.1,1.0,-0.7,1.3,-0.7,0.3,-2.1,4.2,1.6,1.2,1.7,1.4,-0.6,-3.3,-1.6,-18.7,3.6,1.1,-0.9,-1.6,1.1,-1.8,-0.4,4.2,-1.2,-0.7,4.1,3.9,3.9,1.2,-0.2,2.5,2.6,2.3,0.4,-2.7,-0.5,0.6,-1.6,-5.8,4.2,-1.5,2.3,-4.2,1.8,3.4,2.8,-1.2,-2.1,-2.7,-0.2,-2.8,-0.0,-2.0,2.2,-3.0,0.1,1.0,-2.9,-0.5,1.1,0.9,1.2,0.2,0.2,-1.6,-1.2,-3.7,-1.4,-1.8,-2.6,-6.2,1.1,-3.3,-2.3,1.4,0.6,1.8,5.2,-0.4,-3.9,0.9,-4.2,-15.8,-5.0,-6.7,-6.1,-5.5,-5.4,-5.3,2.0,-3.4,0.7,-0.7,-0.9,-3.5,-2.0,3.7,-0.7,-2.5,-7.4,-4.4,-2.8,-4.1,-3.0,-0.4,-0.3,0.6,0.4,0.7,0.3,-1.6,-1.8,-4.8,-0.6,-2.9,-0.2,-6.2,-4.2,-1.0,0.3,-1.3,-4.5,-0.9,-2.6,0.1,-2.0,-0.5,-2.5,1.5,-3.0,-3.4,-3.3,-1.3,-1.5,-4.6,-4.4,-2.1,-5.0,-0.7,-0.4,-15.6,-3.1,5.3,-2.5,-1.5,-4.1,0.5,-0.7,-5.2,-2.2,1.7,-0.8,-0.6,-4.6,1.5,-0.1,-3.4,-3.0
2C7L513kc2,0,48.102054,11.631451,4442557.27,2777841.29,539.9,585.6,239,7398,3.8,0.65,0.5,32.66,348.96,-0.53,-0.103,0.842,-1.1,0.2,0.22,0.3,1.9,0.3,-0.3,0.6,4.0,-1.3,4.0,-2.6,-4.5,4.2,0.1,-1.9,-0.2,0.0,5.5,0.5,0.5,1.9,3.2,3.6,2.4,1.2,2.6,-4.5,2.5,-4.2,1.3,1.7,2.8,-2.7,-7.2,-6.6,1.8,-5.4,-1.1,-3.4,-2.5,-1.8,1.3,0.7,2.2,1.1,2.7,-1.4,-5.2,1.1,2.3,-2.9,-5.7,-6.2,-8.6,-3.9,-3.5,-0.9,-6.8,-5.5,-4.3,-6.1,-5.1,-4.6,-3.8,-5.6,-5.8,-5.2,-6.7,-4.0,-4.0,-4.1,-3.5,-2.9,-3.7,-5.3,-5.1,-3.6,-5.4,-4.1,-6.6,-0.1,-1.1,-1.5,-3.9,0.0,-0.0,-5.5,-2.0,-10.8,-6.9,-8.3,-1.2,0.3,-0.4,-1.5,-1.4,-1.2,-6.5,-6.0,-3.0,-2.8,-4.5,-6.3,2.1,-1.4,-4.3,-8.8,-2.7,-0.6,-1.4,-1.0,-2.2,-2.9,-4.1,2.0,-2.7,4.0,-7.3,-8.3,-9.6,-6.3,-6.0,-6.2,-12.1,-7.9,-0.9,-3.6,-15.5,-10.6,-5.8,-1.4,-0.5,-0.9,0.7,-0.5,-2.0,0.9,2.7,-3.8,1.1,1.6,0.5,-0.3,-2.1,1.3,7.1,-0.4,-8.3,-14.3,-3.3,-2.0,-8.8,-4.0,-0.4,-5.5,-8.7,-3.6,-9.5,-1.0,-2.7,-3.4,-8.1,-5.1,-6.6,-3.6,-11.2,5.0,-0.2,-2.3,-4.1,-4.8,-5.3,-4.1,-2.8,-7.7,-5.7,-5.3,-4.3,-8.7,-6.6,-3.2,-6.8,0.1,-9.8,3.6,-12.8,-7.1,-8.4,-12.8,-7.5,-11.7,-2.4,-6.5,6.5,-3.2,-5.0,-12.9,6.6,-1.6,-6.4,-2.4,-3.6,-1.0,0.1,-13.2,-6.6,-9.7,3.4,-14.4,-5.8,-12.3,-8.3,-17.8,-17.0
2C7L513kcA,0,48.102113,11.631913,4442591.59,2777848.65,540.5,586.2,239,7406,4.4,0.63,0.53,32.67,348.96,-0.53,-0.103,0.842,-1.0,0.2,0.39,0.34,1.1,0.3,-0.3,1.0,-2.2,-1.8,-3.0,-2.6,1.1,1.0,0.7,-2.3,-4.5,-1.8,6.2,-2.7,-7.5,-0.5,1.5,-1.9,-5.3,0.1,-9.1,2.2,-10.4,4.6,1.6,1.1,0.9,11.1,5.6,2.5,-1.2,-5.6,-6.1,-3.0,1.8,-9.0,-7.3,-7.8,-7.6,-2.9,3.1,-5.8,-13.5,0.9,-0.7,-10.6,0.7,-4.6,3.8,1.2,-4.7,-13.9,2.7,2.0,-0.4,-1.6,-8.1,-6.8,-5.7,-4.8,-4.8,-7.6,-1.3,-6.8,-2.8,-12.9,-7.6,-7.2,11.2,-2.8,-4.3,-3.9,-4.2,0.7,-4.2,-1.2,-1.3,-1.2,-3.4,-6.4,-6.8,-10.4,-0.2,-6.3,-7.2,-7.2,-1.0,-5.3,0.8,-6.9,-2.2,-3.6,-6.9,1.1,-4.0,-6.5,-11.0,-14.5,-5.7,3.8,-13.5,-13.9,-9.1,-10.1,-11.6,-11.3,-6.6,10.7,-2.6,0.9,-0.7,-5.3,1.8,2.1,-1.2,-1.5,-3.8,7.6,-6.1,-4.0,-0.5,-2.1,-4.6,-5.3,10.1,-3.8,-1.5,-10.0,-7.6,-8.0,-5.3,-7.0,-7.6,-12.2,-4.5,-7.9,-10.9,-8.0,-19.2,-2.9,-1.8,-2.9,-5.4,-8.1,-6.5,-5.6,-5.6,-1.0,-1.3,-3.2,-0.2,-4.7,-5.8,-4.9,-7.2,-3.5,-4.6,-2.9,-5.6,-7.1,-3.6,-6.6,-9.5,-2.0,-9.6,-9.1,-8.1,-7.7,0.2,-10.7,-6.7,-3.6,-4.9,-6.8,-4.5,-1.0,-8.2,-8.2,-5.3,-13.5,-1.0,-3.5,-5.5,-4.4,-3.2,-5.2,-17.1,-5.0,-2.9,-4.3,-8.2,-7.0,-3.1,-9.6,-5.7,-5.9,-5.6,-7.6,-6.0,-6.8,-10.0,-4.3,-5.3,-4.3,-6.8,-7.8,-8.8,-8.0,-7.5
2C7L513kcN,0,48.102216,11.632716,4442651.15,2777861.42,542.7,588.4,239,7419,4.1,0.67,0.48,32.67,348.96,-0.53,-0.103,0.842,-0.4,0.2,0.04,0.31,0.8,0.3,-0.3,-3.9,-1.9,-4.0,-2.3,-2.9,-8.4,-5.5,-5.9,-10.9,7.2,8.7,-13.3,12.5,-4.5,-5.4,-2.8,-2.5,-1.1,10.6,-4.0,-2.4,4.9,-1.8,1.7,4.4,-1.3,-1.2,-5.7,2.1,7.4,-6.5,2.7,6.2,3.6,-7.4,-0.2,6.6,6.2,1.2,-1.3,-2.5,-2.0,-5.2,0.3,-1.2,-1.2,-6.5,-4.9,-0.6,4.1,2.4,4.0,4.7,10.8,8.6,1.4,4.3,7.7,4.9,2.3,3.8,-2.0,0.0,5.3,-7.2,-0.5,-1.1,1.8,-2.2,-4.3,-0.8,-3.3,-6.1,-5.3,-2.2,-0.3,-2.6,0.8,-2.8,-3.3,0.8,-2.5,-1.3,-0.8,0.4,-1.0,1.4,-1.8,-2.2,-0.6,-3.5,-1.9,8.2,-5.1,-2.4,0.3,-1.5,-0.4,-0.9,-5.3,-3.6,-3.0,-2.8,-6.2,-2.3,-3.7,-4.7,-0.1,-8.9,-2.6,-2.7,-2.7,2.0,-2.1,1.3,-0.7,-7.5,6.5,3.4,-1.5,-1.9,-3.3,-5.9,-7.7,-0.8,0.2,0.7,-3.3,-3.9,-6.7,-1.7,-1.8,-5.0,-2.4,-2.9,-2.7,-1.8,-3.6,0.9,0.6,6.6,-1.2,-1.1,-1.6,-3.8,-2.3,-1.9,-1.4,-6.2,-5.3,-1.3,-3.5,-2.2,0.5,-0.3,-0.4,2.8,3.0,3.7,3.8,-2.2,-7.2,2.4,-3.4,-2.4,-1.6,-1.1,-4.1,-1.2,-2.1,-1.6,-1.4,-4.1,10.0,11.4,2.6,1.7,-3.6,0.5,-6.3,-0.4,-1.0,-1.8,-5.9,-10.0,-4.6,-3.0,-3.0,-4.7,-7.8,0.3,-1.9,-7.0,1.2,0.1,-4.8,-1.8,-5.5,-5.4,-1.8,-1.2,4.9,0.3,-0.7,-7.7,-0.6,0.0,-4.8
2C7L513kcg,0,48.102383,11.634016,4442747.55,2777882.08,553.9,599.6,239,7438,3.3,0.76,0.43,32.68,348.96,-0.53,-0.103,0.842,-1.1,0.2,-0.27,0.26,0.2,0.2,-0.3,-3.2,0.7,0.2,-0.4,-1.0,-1.0,-0.7,-0.9,-1.2,-4.6,0.2,-2.2,0.6,-0.5,4.1,2.0,1.5,0.6,-4.5,-3.5,-1.8,-4.0,-6.7,0.3,-1.4,-0.6,-1.0,1.6,1.0,-1.5,7.8,-5.6,-7.5,-10.3,-6.9,-4.3,-3.1,-1.4,2.2,0.5,-3.3,-1.5,-3.0,0.3,-2.7,0.8,1.5,-3.0,-1.8,0.5,-1.7,-1.0,-2.0,-1.8,-2.2,-2.8,-0.6,-3.3,-4.7,-4.7,-4.6,-1.4,-7.6,-2.2,4.5,-4.5,-5.1,9.5,-1.4,-2.5,-2.3,-1.8,-4.3,-1.1,-2.9,-3.2,-0.6,-2.4,-1.7,-7.3,-2.5,-6.2,-1.7,-2.5,-0.7,-4.9,-4.0,-4.3,-3.5,-5.0,-5.4,-8.0,-8.5,-6.2,0.4,-1.9,-4.4,-5.8,-0.7,-4.8,0.8,-0.2,2.9,1.2,-0.6,-0.7,-2.2,-2.4,-1.4,-1.4,-2.1,-2.4,-2.3,-4.5,-3.8,-7.8,-2.8,-2.1,-5.8,-3.8,-5.6,-3.2,-3.6,4.3,-6.3,-5.7,-12.6,0.7,-3.7,-6.4,-2.4,-1.4,2.2,-6.7,-8.6,-5.2,-4.7,-3.2,-1.3,-2.6,-1.9,-7.6,-5.2,-3.1,-3.2,-4.6,-5.7,-5.6,-6.2,0.0,0.9,-4.6,-2.9,-2.7,-1.2,-3.5,-2.6,-3.6,1.9,0.6,-10.7,-7.0,-1.5,-5.3,-3.7,-1.0,1.7,-4.0,-0.8,-1.8,-2.1,-3.9,-10.0,-3.7,-1.4,-10.4,-3.4,-6.6,-2.5,-6.2,-5.1,-3.8,-3.7,-6.8,-4.5,-3.4,-5.0,-5.9,-6.0,-15.3,-14.5,5.3,-4.0,-9.9,0.5,-4.6,-18.2,-0.3,-8.1,-0.9,-10.2,-11.1,-3.0,-7.7,-8.9,-12.8,-7.5,-9.2
2C7L513kcj,0,48.102388,11.634053,4442750.35,2777882.69,549.0,594.6,239,7441,2.7,0.83,0.42,32.68,348.96,-0.53,-0.103,0.842,0.6,0.1,-0.67,0.21,0.4,0.2,-0.3,0.3,0.7,0.1,0.6,-1.9,-0.1,0.7,-0.4,0.6,2.5,1.0,-0.8,0.9,1.4,1.2,0.8,-0.4,0.5,1.3,-0.0,-0.5,1.1,0.3,2.4,1.9,3.3,1.9,-0.8,2.1,1.8,0.6,-2.3,-1.3,-4.2,-2.2,2.4,5.0,1.1,3.5,7.5,6.6,2.6,1.3,4.7,7.8,5.7,3.4,2.8,4.5,4.1,2.2,2.7,3.8,2.1,2.8,7.4,1.6,3.8,2.3,-3.1,-0.2,1.4,0.1,4.7,5.1,0.1,1.3,10.4,3.1,3.7,1.5,5.4,1.6,2.5,2.0,3.6,2.2,0.8,0.5,2.5,0.1,3.8,3.1,5.2,4.5,7.3,4.9,3.2,3.9,4.4,2.7,-1.0,1.3,0.2,7.4,2.7,3.6,5.8,4.3,0.2,3.4,3.6,9.0,2.3,3.2,2.6,4.2,4.9,5.3,4.1,4.9,4.1,3.1,2.4,2.0,0.6,-1.1,2.5,2.0,3.9,1.5,4.2,1.9,4.8,5.6,3.3,1.7,8.1,3.3,-1.1,4.9,7.1,3.2,5.2,7.5,0.6,3.3,5.9,5.6,7.4,-0.1,1.1,3.0,2.4,2.0,2.2,1.6,3.1,5.4,4.2,-2.7,6.6,8.6,7.1,8.1,3.3,4.4,7.0,4.7,4.3,3.7,5.3,6.6,1.9,4.8,1.8,10.1,4.8,7.8,6.3,6.7,3.0,-3.7,1.1,3.2,1.5,4.5,6.0,-2.5,5.6,9.0,4.2,3.3,3.9,5.6,11.2,0.4,10.3,5.7,5.6,-5.2,1.6,12.0,-6.8,7.5,7.2,9.5,2.6,2.7,0.7,4.8,2.3,3.8,4.3,3.7,1.3,3.8,2.8
2C7L513kdo,0,48.102833,11.637522,4443007.65,2777937.91,532.6,578.2,239,7508,4.5,0.62,0.51,32.69,348.96,-0.53,-0.103,0.842,-0.5,0.2,-0.86,0.34,2.5,0.3,-0.3,-1.8,-1.4,-1.1,-5.9,-5.5,-1.1,2.0,1.1,2.9,4.7,1.0,3.7,-3.9,-0.6,-3.1,-6.6,19.4,17.5,10.0,0.8,-7.6,-6.9,7.4,-3.2,2.4,10.3,4.7,7.5,3.2,13.9,10.0,8.6,9.7,6.4,-0.4,3.9,2.9,3.9,5.6,2.6,3.8,3.8,7.3,11.8,3.9,5.3,5.8,2.7,5.0,2.2,4.4,4.9,5.3,3.5,3.3,6.2,4.6,3.9,4.3,4.4,6.8,4.1,-2.4,4.9,4.9,2.3,3.3,2.9,2.5,3.9,3.6,2.2,3.5,1.9,1.4,1.5,1.7,-0.3,1.5,4.7,1.6,1.8,2.6,0.3,-0.5,19.4,-1.3,13.4,9.4,20.2,6.7,3.5,1.0,3.2,4.8,-3.9,4.0,14.5,11.2,2.2,4.9,6.4,0.8,4.0,8.5,3.5,0.7,2.0,1.4,1.7,2.8,-0.2,-0.1,-0.4,2.9,0.3,1.9,-0.5,1.3,0.1,2.0,2.1,3.0,0.1,2.1,-1.7,1.1,2.0,-2.5,8.4,16.3,20.7,8.4,8.0,9.7,9.4,11.2,14.0,11.3,6.5,6.4,0.8,2.4,2.1,-0.9,-0.3,16.2,1.2,0.6,-1.7,1.8,0.4,-0.5,-0.3,-2.0,1.3,0.3,3.9,5.9,5.7,7.1,0.4,0.1,3.3,1.3,9.7,7.1,5.9,0.7,0.6,9.4,-0.7,1.0,2.7,-1.6,1.1,-0.0,-1.9,13.3,0.3,-0.2,-0.5,-1.7,-1.5,-1.5,-3.0,-1.5,16.0,0.2,-5.6,-3.8,4.1,1.3,0.2,1.7,-1.6,2.5,3.5,7.8,4.7,1.6,2.1,1.1,2.0,1.6,-0.2,-1.2,-0.3
2C7L513kZO,0,48.100871,11.6221,4441863.5,2777694.54,539.4,585.1,239,7234,3.5,0.73,0.41,32.59,348.92,-0.529,-0.104,0.843,-0.8,0.2,-0.05,0.27,1.0,0.2,-0.3,-3.3,4.9,-8.4,5.4,4.5,0.9,-1.0,-2.1,0.8,3.7,-2.0,2.3,-2.2,-0.6,-3.1,-0.1,-1.8,-8.8,1.4,-0.5,-3.7,-7.8,-2.3,-6.0,-4.0,-3.7,1.4,4.6,0.8,-6.1,-8.8,-4.6,-7.3,-7.9,-3.9,-3.1,-3.2,1.1,-4.5,-1.8,-0.9,-15.0,-4.5,-2.9,-3.7,-3.4,0.3,2.4,-4.9,1.1,-1.0,1.5,-4.1,-9.5,-6.0,-2.7,-2.4,-3.8,-6.0,-2.6,-1.0,0.6,1.4,-3.5,-9.2,-3.1,-1.8,2.0,-1.1,-2.9,-1.3,-8.9,1.9,-4.5,8.4,-6.1,-1.9,-2.9,-3.5,-5.0,-7.2,-7.2,1.2,-0.4,0.0,-4.7,-2.2,-6.8,-0.0,-0.5,1.8,-3.1,-2.8,-7.6,-7.8,-3.3,1.4,-6.1,-3.7,-4.8,-5.8,-7.0,-2.8,-0.9,-4.5,-1.5,-7.3,-2.8,-4.7,-1.1,-5.3,-4.3,-6.7,-5.7,-4.7,-3.5,-9.9,-5.0,-4.1,-3.1,-5.4,-2.9,-5.1,-1.8,-1.9,-2.2,1.1,-15.7,-2.0,-5.3,-4.5,-9.1,2.2,-5.6,-2.4,-8.3,-0.4,-6.5,-3.7,5.0,3.0,0.2,-1.4,-2.9,-2.7,-2.7,1.2,-1.1,1.0,-3.5,-3.1,1.2,-2.6,-3.4,-3.0,-5.3,-5.2,-5.6,-4.9,-6.4,-9.0,-8.7,-4.0,-6.5,-11.5,5.4,-8.4,-10.8,-0.5,-3.1,-4.9,-7.1,-3.8,-0.9,-3.6,2.7,-13.4,-2.0,0.5,-5.5,-5.2,-6.1,-6.4,-6.2,-5.5,-5.5,-0.9,-5.3,-4.4,-11.6,-8.7,-7.0,-8.2,-9.9,-9.3,-7.9,-3.8,-3.2,-6.1,-7.9,-4.1,-5.5,-6.9,-7.0,-5.8,0.6,-4.9,-7.3
2C7L513kZt,0,48.101105,11.623918,4441998.37,2777723.46,544.1,589.8,239,7265,3.2,0.78,0.43,32.63,348.96,-0.529,-0.103,0.842,0.1,0.2,-0.34,0.25,0.4,0.2,-0.3,-1.2,-2.3,-0.3,-1.1,-1.2,0.9,-1.2,-2.5,0.0,4.2,-0.6,0.5,2.7,-0.6,1.7,0.5,-0.9,2.7,1.9,2.7,-2.3,0.9,-2.5,-0.9,1.9,5.1,-0.4,1.9,-3.2,-0.9,-10.3,-3.1,0.6,-0.1,-3.5,0.8,6.1,0.8,4.7,0.3,-0.2,-2.8,3.0,1.0,1.6,0.5,3.2,1.7,-0.6,1.1,-2.9,-1.2,0.2,0.5,-0.2,-2.7,-1.1,-1.0,-0.9,-2.2,-2.8,-0.2,-0.8,-2.3,-3.2,0.0,-3.3,4.5,-0.2,-1.3,-0.2,-1.0,1.4,-3.2,-1.1,-1.0,-3.3,-2.3,-0.7,-0.6,-3.8,-4.3,-2.8,-0.7,-0.5,0.9,-0.8,-1.4,1.5,2.5,-2.2,-2.8,-3.1,-0.3,-3.1,-0.9,-0.4,-0.3,-0.7,-1.9,-3.8,-2.0,3.2,-0.4,-1.0,-3.4,-3.8,-3.3,-3.7,-3.0,0.7,-1.3,1.7,3.3,-10.5,14.0,1.3,0.1,-1.0,0.6,2.8,1.3,3.3,0.3,-2.0,8.1,0.1,2.6,-1.4,4.2,5.3,1.1,0.6,3.6,4.0,2.9,3.8,-0.3,4.3,3.2,-0.8,1.7,1.0,-0.8,3.0,2.7,-2.9,0.9,2.7,3.1,2.6,-1.3,4.1,0.8,0.1,1.9,0.6,-1.1,0.5,-1.6,3.4,1.1,2.1,0.4,-1.3,2.9,-4.2,-0.3,2.1,0.4,7.3,0.2,-2.2,-3.9,-4.7,-4.4,-1.6,-3.2,-4.1,4.1,6.1,-3.4,-3.4,-6.1,14.5,-4.8,6.8,4.4,1.9,1.4,4.0,-4.1,-7.3,5.9,1.7,-1.8,-4.4,-1.3,-9.6,-5.1,7.8,-1.2,-7.8,0.7,1.6,0.3,-0.4,1.3
2C7L513kat,0,48.101539,11.627295,4442248.92,2777777.22,535.0,580.7,239,7327,3.8,0.76,0.39,32.65,348.96,-0.529,-0.103,0.842,0.0,0.2,-0.93,0.29,1.6,0.3,-0.3,-0.2,-0.9,-0.8,-0.6,-1.4,1.0,0.3,-5.0,-0.8,16.9,1.4,2.0,-0.5,0.7,-0.8,2.1,-1.7,1.8,-4.8,0.5,2.7,-3.0,1.1,-2.2,0.8,1.2,-1.5,-0.6,-2.8,-3.4,-8.5,-5.4,-7.7,-5.8,-2.0,-2.8,-3.4,-1.9,1.4,0.6,-2.4,-0.0,-5.2,-3.3,-3.4,-1.1,-0.5,-0.9,-4.2,-3.7,-0.1,-0.3,-1.8,-0.2,-1.3,1.5,-1.9,0.3,-1.2,0.2,0.4,1.3,18.8,0.5,-2.8,1.7,-0.2,0.6,0.8,0.7,-2.1,-0.4,-1.5,0.0,3.2,0.9,-1.2,-2.1,-2.6,-0.0,-2.2,-5.5,0.4,-4.6,4.4,15.0,0.1,0.3,-0.4,3.1,-4.7,-4.9,0.8,9.3,-5.0,-1.9,-2.9,-0.9,-4.1,-1.4,-4.7,-1.9,-1.6,-1.6,-3.3,-2.9,-0.7,0.1,-3.3,-0.7,-0.9,-0.1,2.2,0.5,1.7,1.7,1.7,0.8,1.8,2.0,1.8,2.4,2.4,1.6,2.4,2.2,-2.5,-2.0,-2.5,-2.9,2.1,10.1,2.4,6.2,6.2,1.1,-2.0,8.0,5.8,8.0,4.2,0.3,2.4,2.4,2.5,5.5,15.7,2.4,3.2,-0.0,3.4,0.5,2.6,1.7,1.6,-0.9,-0.8,-3.7,2.6,0.4,-1.9,-3.3,5.7,-3.3,-4.7,4.3,2.7,-6.4,-2.4,-4.3,-2.4,-3.2,-3.5,-2.7,-2.6,-1.9,0.1,0.5,5.3,0.4,0.4,0.2,-0.5,-0.9,-1.4,-2.7,-2.2,-2.9,-2.9,-6.6,-7.4,-7.8,-2.6,-0.1,-2.4,-1.7,-4.7,-7.1,-0.4,-8.9,0.0,-0.2,1.1,0.2,17.4,-3.7,-1.1,0.0
2C7L513kbc,0,48.101886,11.629997,4442449.41,2777820.22,541.5,587.1,239,7372,2.6,0.87,0.39,32.66,348.96,-0.53,-0.103,0.842,-0.8,0.1,-0.1,0.2,0.6,0.2,-0.3,0.5,-1.3,-0.8,4.4,1.3,-1.3,0.8,0.3,1.0,-3.0,-0.4,1.1,0.8,-3.0,-0.7,4.1,0.6,1.1,-1.2,-2.5,-4.4,-5.7,-2.0,0.4,-2.9,-0.8,-2.3,-2.2,-0.8,-3.4,-5.9,-3.4,-3.9,-3.0,-7.3,-2.7,2.4,1.7,0.8,-1.0,-1.2,-0.9,-1.6,3.7,-0.9,-1.9,-1.5,-2.6,-1.8,-2.2,-0.1,-1.7,-0.3,-3.7,-3.0,-1.3,-0.9,-0.8,-2.1,-1.0,-1.7,-1.4,-1.4,-1.4,0.6,-1.1,-1.4,-4.9,-0.6,-1.8,-3.2,-3.2,-0.1,1.9,-1.9,-1.2,-1.1,-2.7,-0.4,2.0,-1.1,-3.8,-0.9,-1.5,-2.5,-2.6,0.4,-1.6,-6.7,-2.2,-2.0,-2.9,-4.5,-2.0,-5.9,-3.7,-4.2,-0.0,-1.6,-2.0,-5.2,0.8,-1.8,-0.6,-0.4,-0.6,-2.3,-3.8,-3.7,-1.2,-1.1,-1.4,-0.5,-1.9,0.4,-0.7,-4.5,-1.2,-3.1,-2.8,-1.9,0.4,-1.4,-1.9,-2.5,-1.6,1.7,-2.1,-2.2,-4.7,-3.1,-1.2,-3.9,-2.8,-7.8,-3.7,-3.8,-4.6,-3.3,0.7,-2.6,-0.8,-0.9,-4.1,-2.5,-1.3,-14.6,-0.0,-1.5,-3.9,-1.2,-2.1,-0.3,-1.0,0.1,0.9,-2.7,-2.2,-0.4,-1.6,-7.3,-18.6,-1.8,-0.5,-4.5,-3.0,-2.1,-4.0,-3.2,0.5,-0.7,-3.4,-4.8,-3.9,-5.4,-1.9,-3.8,-1.5,-16.6,-1.5,-2.0,-3.8,-5.9,-3.2,-2.9,1.7,-5.0,2.8,-0.9,-5.8,-8.6,-5.1,-10.6,-7.8,0.8,-4.7,-2.1,-4.8,-3.4,-4.0,-2.7,-4.6,-6.7,-5.6,-2.0,-5.0,-4.7,-9.2
2C7L513kbf,0,48.101897,11.630085,4442455.9,2777821.62,538.0,583.7,239,7375,2.5,0.84,0.33,32.66,348.96,-0.53,-0.103,0.842,-0.7,0.1,-0.41,0.19,1.6,0.2,-0.3,0.7,-2.3,0.3,-1.6,-1.3,3.1,-3.1,-0.4,-0.4,3.2,1.3,0.1,-1.6,-2.4,-0.1,-1.5,0.8,0.1,-2.4,-3.7,-3.0,4.0,1.7,-2.0,-0.7,-0.5,0.1,-3.5,-8.8,-2.3,-13.1,-6.2,-2.8,-3.2,-5.1,-3.5,-1.7,-1.3,-2.2,-10.3,-3.2,-2.7,-3.7,-1.5,-5.1,-1.9,-2.8,-1.2,-1.8,2.6,-0.5,-2.9,-3.0,-0.6,-1.7,-0.4,-0.4,1.1,-0.7,-0.8,-0.6,-1.8,-3.5,-0.1,10.0,-0.4,-0.8,3.1,-0.9,-0.7,4.3,-1.7,2.5,-0.4,-3.1,-2.0,-1.4,-3.2,-1.0,-2.8,-2.9,-5.1,1.2,-1.5,0.1,-0.5,-1.2,-8.2,-7.6,-3.4,-1.8,-1.9,-3.0,-2.2,-2.9,-10.5,8.8,-1.8,-3.6,0.5,-4.1,-3.3,-3.4,-4.7,-1.9,1.4,-4.8,2.0,-0.6,-4.2,-0.3,-1.6,-2.2,-0.3,-0.4,-2.3,-1.6,-1.2,-1.0,-0.2,-1.7,-1.3,-0.6,-2.5,-0.8,-3.8,-1.8,-1.1,-2.4,-10.7,-8.1,-1.2,-0.7,-1.5,-5.4,-6.2,-7.4,-6.2,-2.9,-4.7,-2.5,1.0,-3.1,-1.1,-1.0,-2.3,-2.5,-1.2,-2.6,-2.7,-1.8,-3.0,-3.1,-2.0,-3.6,0.2,-2.4,-1.2,-1.6,-4.0,-2.8,-4.1,0.7,-6.7,-7.4,0.3,-2.3,-8.2,-0.9,-1.9,-3.6,-2.7,-4.2,-2.1,-2.5,-6.5,-2.9,-1.2,3.9,-3.7,-2.0,-3.5,-4.3,-3.9,-2.3,-5.3,-2.8,-4.3,-7.7,-7.9,-7.3,-6.2,-3.4,-10.5,-7.2,-3.8,-6.2,-6.6,-6.6,-7.4,-4.8,-3.9,-4.1,-2.5,-3.6,-5.6,-5.6,-3.9
2C7L513kbg,0,48.101897,11.630085,4442455.92,2777821.63,535.3,581.0,239,7376,4.2,0.68,0.4,32.66,348.96,-0.53,-0.103,0.842,-0.3,0.2,-0.17,0.32,0.6,0.3,-0.3,-1.5,4.7,7.0,0.1,2.2,4.4,2.3,0.8,2.4,-5.8,2.4,-3.5,0.4,-1.6,2.2,0.6,5.2,-2.2,-0.1,-1.8,-2.1,-6.3,-1.6,0.3,3.6,2.1,3.0,-1.0,3.5,-0.4,-11.1,-3.9,-12.5,-2.8,-1.7,-2.6,0.5,-0.7,-7.7,-2.1,-4.2,-1.4,4.3,2.8,0.5,1.2,-6.2,6.6,0.8,-13.5,3.4,-5.8,-4.4,-0.1,0.9,-6.0,-3.5,-4.3,-13.2,-4.1,-0.0,0.6,-3.0,1.1,-16.0,-2.8,3.1,-10.9,-3.6,1.4,-4.1,-1.9,-1.0,1.8,4.7,1.0,3.6,2.1,5.2,1.9,-0.9,-3.6,0.8,4.7,-0.8,3.3,1.8,-0.8,-1.9,-11.5,2.8,2.4,-2.4,4.1,2.6,-11.3,6.5,1.0,-8.6,-16.5,-2.7,-1.2,4.1,-4.0,1.1,8.4,-5.4,1.9,-1.3,-2.3,-0.0,-0.9,-2.6,-1.1,-0.8,-1.8,-0.7,0.5,-2.2,0.1,-2.6,-1.0,-0.9,-1.4,2.4,0.8,-2.9,2.6,5.3,-7.4,-6.6,-3.5,0.7,-3.1,-1.0,-2.2,-3.8,-3.4,-2.5,1.9,-0.7,-4.2,-2.2,-0.7,3.3,-0.4,-1.4,0.5,3.6,5.8,-7.1,-0.1,1.9,1.1,0.8,2.6,-0.6,1.8,2.9,-1.2,1.2,-1.6,-14.0,-4.9,-2.8,1.7,4.1,-7.2,3.4,-0.4,-2.2,4.1,-4.3,-6.9,-0.5,-3.2,-0.1,1.1,-16.6,-1.2,-5.4,-1.8,-1.1,-1.4,-3.9,-2.0,-2.2,-0.7,-2.7,-1.3,-0.6,2.7,-0.9,-3.7,2.2,-4.7,-8.5,-0.8,-4.6,-4.1,-4.6,2.7,-5.5,2.2,0.1,-7.7,-5.0,-3.0
2C7L513kcW,0,48.102293,11.633171,4442684.88,2777870.73,540.2,585.8,239,7428,3.6,0.9,0.36,32.67,348.96,-0.53,-0.103,0.842,-1.3,0.2,-0.15,0.27,0.8,0.2,-0.3,-1.0,0.6,1.7,0.2,1.4,-2.1,0.9,0.2,0.2,2.1,0.2,-0.3,-0.1,0.2,1.4,1.4,-0.8,-0.7,-3.7,-4.2,0.6,0.6,-0.1,1.4,3.5,0.6,-1.6,0.1,-2.1,-2.6,-2.1,-5.0,-0.9,-3.0,-6.3,-2.4,-24.8,0.1,-1.0,1.7,-1.3,2.5,-2.1,-1.7,-2.7,-2.5,-0.6,-0.7,-2.1,0.5,-2.1,-1.3,-1.1,-1.5,-1.6,-1.1,0.1,-2.8,-2.7,-3.0,-4.2,-3.4,-1.9,-3.5,-1.6,0.5,-4.2,-0.1,-2.2,-2.5,-3.2,-1.4,-2.9,-2.1,-3.2,-2.1,-1.6,-2.7,-2.0,-2.7,1.9,-1.5,1.5,-1.3,-0.2,-0.1,-0.3,-3.7,-2.2,-2.7,-0.5,-3.8,-1.9,-6.0,-2.6,-3.0,-2.4,-2.2,-1.9,-2.8,-2.3,-2.2,-0.6,-1.7,-1.1,-1.2,-0.9,-0.2,-1.7,-1.9,-1.6,-2.0,-1.1,-2.5,-1.3,-1.3,-0.3,-2.7,-0.1,-2.3,-3.6,-1.7,-3.8,-1.2,-2.3,1.1,-0.9,-1.5,-0.5,-4.2,-4.9,-4.2,-1.3,-7.7,-5.4,-3.7,-2.3,-7.5,-11.6,0.3,-1.0,-3.8,-7.5,-5.5,-5.2,-4.0,-3.2,-2.9,-5.0,-3.0,-2.9,-4.1,-3.9,-2.4,-4.8,-6.1,-5.6,-4.6,-26.3,-1.8,-3.3,-5.8,-6.0,-5.2,-3.6,0.5,-1.4,-4.9,-11.5,-5.8,-4.6,-3.3,-4.9,-5.0,-1.5,-3.7,-5.2,-4.4,-2.1,-4.3,-4.0,-3.3,-3.5,-3.7,-5.1,-7.5,-3.3,-0.7,-26.6,-6.8,-5.0,-5.5,-3.0,-3.1,-4.3,-5.0,-5.9,-5.7,-5.2,-29.5,-2.5,-8.7,-6.4,-5.1,-2.8,-5.9,-5.9,-4.2
2C7L513kd1,0,48.102545,11.635137,4442830.74,2777902.0,552.1,597.8,239,7459,1.5,0.95,0.2,32.68,348.96,-0.53,-0.103,0.842,-0.5,0.1,-0.28,0.11,0.3,0.1,-0.3,-0.1,-0.9,0.1,-0.8,-0.3,-0.1,-0.8,0.5,1.2,6.3,-0.5,-0.8,-0.8,-1.5,-0.1,0.1,-0.1,-1.1,-2.2,-3.0,-2.1,-1.7,-0.4,-0.2,0.4,1.5,1.3,0.2,0.4,-0.4,1.6,-4.1,-3.3,-3.8,-5.4,-2.2,0.1,-1.1,0.4,-0.8,-0.3,-0.7,-0.9,0.4,-1.0,-0.9,-1.1,-1.5,-0.5,0.4,0.1,1.2,0.3,0.1,-0.9,-0.2,-1.5,-1.8,-0.5,-0.3,-0.6,-0.5,-0.6,-2.2,-2.7,-2.3,-2.4,-3.0,-0.7,-1.1,-0.5,-0.5,-0.8,-0.1,0.3,0.6,-0.5,-1.4,-1.9,-0.5,-2.0,-0.1,-1.1,-1.9,-0.8,-1.1,0.5,-0.5,0.3,-0.2,-1.9,-1.0,-2.9,-4.5,-2.2,-3.2,0.4,3.0,0.6,-1.4,-2.4,0.3,-1.7,0.2,1.0,-0.5,-1.0,-0.5,-1.6,-1.2,-0.6,-0.6,-0.0,-0.9,-1.5,-1.4,0.3,-1.5,-0.5,-2.0,-0.1,-1.7,-2.1,-3.0,-0.7,0.4,-1.3,-1.3,-1.8,-1.4,-1.8,-1.9,0.8,-1.1,-2.0,-1.8,-0.8,-1.1,1.1,-0.4,1.1,-2.4,-1.7,-1.4,-1.5,-1.4,-1.5,-0.6,-0.5,-0.3,0.7,-1.8,0.6,-0.6,-0.5,-0.5,-2.3,-3.0,-0.9,-0.0,-0.5,-4.4,-3.5,-3.4,-4.8,-2.2,-0.6,-1.1,-0.4,-0.9,0.4,-2.0,-2.2,-2.6,-1.9,1.3,-2.8,-2.4,-12.0,-1.5,-1.7,-2.1,-0.3,-2.8,-4.0,-3.4,-2.7,-2.5,-2.4,-5.1,-3.7,-2.2,-2.9,-3.5,-2.8,-3.3,-4.6,-2.4,-1.9,-2.5,-3.4,-3.3,-3.5,-2.2,-3.8,-4.3,-2.9,-3.2
2C7L513kd2,0,48.102553,11.635195,4442835.04,2777902.92,552.2,597.9,239,7460,2.1,0.9,0.4,32.68,348.96,-0.53,-0.103,0.842,-0.9,0.1,0.12,0.16,0.3,0.1,-0.3,-0.2,-3.8,-2.6,1.8,-1.9,-0.1,-0.2,-2.3,0.4,6.4,-0.3,0.5,-0.8,-0.6,-0.3,0.2,-0.4,-1.1,-2.6,-2.6,-0.7,-1.2,5.4,-0.1,1.5,0.6,3.5,1.6,3.7,-0.5,1.8,-3.9,-4.0,-1.7,-3.4,-0.9,0.2,-1.2,1.9,-0.4,2.1,2.6,-0.1,0.3,1.5,-1.0,-1.7,-0.1,-0.5,2.6,0.1,1.5,1.3,-2.4,-1.3,0.8,1.5,1.1,-1.3,3.3,1.3,-1.7,-5.4,-4.0,-2.8,-0.5,-1.1,-3.6,0.7,0.1,-0.6,-1.5,0.4,-0.7,-1.2,-0.4,-1.7,-1.4,-1.6,0.2,-2.7,0.3,-1.4,-3.0,-1.2,-1.3,0.5,-0.9,-0.5,-1.0,-2.7,0.9,-3.8,-6.0,-4.4,-7.3,0.5,0.2,-1.3,-3.5,-4.5,-0.9,-0.5,-0.2,-0.0,-0.9,-3.3,-1.3,-1.7,-1.7,-1.3,-1.7,-0.8,-3.5,-2.2,-2.3,0.5,-3.7,-2.0,-2.5,-0.3,-1.9,-2.3,-1.7,-2.3,-0.5,-2.2,-1.0,-1.6,-3.1,-2.2,-6.0,-1.1,-2.1,-3.3,-2.6,-2.3,-2.5,-2.4,-2.1,-5.4,-4.1,-2.1,-4.2,-3.5,-5.4,-4.8,-4.5,-4.3,-2.9,-1.5,-4.3,1.0,-0.2,-0.4,-4.2,-3.6,-4.9,1.0,-0.3,-2.2,-2.9,-1.2,-2.0,-4.0,-1.8,-1.8,-2.2,2.1,-1.3,-0.2,-3.6,-6.4,-7.5,-5.2,-1.6,-3.4,-4.1,-16.4,-3.0,-2.6,-3.4,-1.1,-4.1,-4.3,1.6,-3.0,-4.5,-2.2,-6.3,-2.8,-4.2,-5.3,-5.4,-3.2,-3.2,-2.3,-0.7,-2.7,-3.9,-4.5,-5.0,-4.3,-3.1,-6.2,-6.0,-4.9,-5.1
2C7L513kd5,0,48.10254,11.635096,4442827.68,2777901.37,537.8,583.5,239,7463,3.9,0.71,0.43,32.68,348.96,-0.53,-0.103,0.842,-0.0,0.2,-0.4,0.3,0.5,0.3,-0.3,-6.2,-7.2,-0.6,5.7,-0.7,-1.3,-3.0,-2.8,-9.6,5.5,-7.3,2.3,-0.8,0.9,2.4,0.3,-2.3,4.6,2.5,-1.2,1.6,8.1,2.8,7.1,7.9,5.7,1.9,0.7,1.9,-0.1,0.9,-9.3,-2.3,2.3,-2.6,-1.1,4.7,1.2,2.7,0.9,4.5,1.7,-0.1,-1.3,-0.4,-0.3,-0.3,0.6,2.6,2.3,6.2,2.0,3.3,3.7,3.9,2.6,3.6,3.0,4.1,0.9,6.0,4.9,2.1,-2.2,-2.0,-2.2,2.9,6.2,5.1,1.3,-0.1,2.2,-9.5,2.1,2.0,0.8,1.9,3.3,3.6,-6.6,3.3,-0.3,5.0,2.4,4.2,1.7,3.2,-0.5,0.3,1.4,1.0,-2.6,-0.8,8.0,11.2,5.1,-0.2,8.3,8.7,-12.6,10.4,-0.5,-0.8,1.5,-1.5,3.4,5.7,7.7,1.5,-1.2,0.1,1.7,0.8,-1.6,2.1,1.5,-0.7,2.5,5.0,5.3,-4.2,11.2,-11.0,1.3,-0.2,-1.3,-12.2,-9.4,-3.7,-6.5,2.4,4.2,1.1,3.7,0.6,-2.5,0.9,3.1,2.2,3.8,-0.2,0.9,3.8,6.0,2.5,1.3,3.8,10.1,5.9,2.5,2.1,4.5,0.5,1.2,2.4,0.7,2.5,2.3,1.1,1.6,-4.9,11.0,-0.1,0.6,-1.4,1.8,3.2,1.6,1.9,3.6,1.8,3.2,-0.5,-0.8,-0.2,-5.4,-2.3,0.3,3.3,2.1,2.3,2.5,1.0,1.1,1.8,1.9,4.0,-0.2,2.0,-0.6,2.0,1.6,0.5,-6.1,-0.1,-2.6,-2.5,-7.1,-1.3,-1.1,0.6,1.5,5.8,7.2,2.6,4.0,1.6,1.9
2C7L513kd6,0,48.102544,11.635126,4442829.89,2777901.85,536.5,582.2,239,7464,3.0,0.81,0.41,32.68,348.96,-0.53,-0.103,0.842,-0.1,0.1,-0.54,0.23,0.8,0.2,-0.3,-3.9,-3.3,-1.1,-2.3,-1.4,-3.3,-0.6,-0.8,0.9,-0.5,-0.2,0.8,2.3,4.1,1.7,-0.3,-0.3,0.5,-3.4,-4.2,0.3,-6.5,5.1,10.9,9.0,1.7,4.9,5.2,4.6,-2.2,-0.2,-4.0,-5.4,-2.0,-4.4,-2.6,3.1,0.6,1.7,-1.6,2.9,-2.1,-2.5,-3.0,-1.4,-2.6,-0.2,-0.3,2.4,1.2,2.6,2.5,0.9,2.3,2.0,1.6,3.3,1.4,2.1,1.9,3.5,1.6,-1.3,16.2,0.4,1.3,2.3,-1.2,2.7,0.9,3.0,0.3,3.1,1.0,0.4,-2.2,0.6,1.2,1.3,-3.5,0.2,-0.6,3.6,1.1,2.6,-5.2,2.6,-8.4,-3.2,2.4,-1.4,-0.6,5.8,-9.3,-0.5,0.9,0.5,0.9,3.7,0.3,0.5,-2.9,-2.2,2.0,-0.2,1.4,-0.2,1.2,-0.5,-0.3,2.1,0.4,1.0,0.7,0.5,1.0,-2.2,0.9,1.3,-0.5,-3.3,2.0,0.6,0.8,1.5,1.3,-0.8,3.6,2.2,-5.6,3.9,2.3,2.9,1.3,1.2,-4.4,1.2,3.5,4.5,5.6,-0.8,0.0,4.6,2.6,1.8,0.9,1.0,-1.9,3.0,2.0,-1.3,4.8,0.7,1.3,2.1,2.1,1.2,3.9,4.2,3.6,-2.4,-8.8,-5.5,-0.9,-2.0,3.0,3.6,1.8,1.1,-1.2,0.5,-2.9,2.3,1.1,0.1,-1.3,-1.3,-0.9,-4.6,1.7,1.6,2.4,2.4,2.1,1.4,2.2,2.7,-1.1,1.2,0.6,1.9,2.3,-0.6,-5.4,-2.8,-1.8,-3.7,-3.3,-4.4,-3.6,-2.2,-4.0,2.5,6.8,0.1,-3.3,0.6,-0.2
2C7L513kdF,0,48.102642,11.635887,4442886.32,2777913.92,549.2,594.9,239,7473,3.0,0.8,0.42,32.68,348.96,-0.53,-0.103,0.842,-2.2,0.1,-0.27,0.23,0.4,0.2,-0.3,-0.8,-2.3,0.3,-4.5,1.2,-3.4,2.8,-3.1,-0.0,2.0,-2.6,-0.9,-0.6,-2.5,0.9,-0.3,-1.8,-1.1,-0.0,-3.4,-2.0,-2.0,0.2,2.2,1.8,2.8,-0.4,-2.5,4.0,0.1,2.4,1.0,-3.7,-2.4,-4.2,-1.6,-0.1,-2.9,-0.4,-2.1,-0.8,0.1,-2.1,0.6,1.6,2.0,2.8,-1.6,-2.0,-1.8,3.7,-3.1,0.5,-0.6,-0.3,-1.7,-0.2,-1.7,-1.7,-4.1,-1.1,-4.7,-4.4,-4.8,4.2,-2.9,-4.2,-4.9,-3.3,-2.7,-3.4,-2.0,-8.0,-3.3,-2.2,-3.1,-4.8,-3.7,-5.4,-2.1,0.3,-0.5,0.0,-1.4,-1.8,-3.2,-3.5,-0.7,-4.7,-3.1,-5.6,-7.2,-3.6,-7.3,-4.5,-3.0,-3.5,-2.0,-2.4,-2.3,-4.5,-4.8,-7.1,0.8,-3.2,-4.0,-3.1,-0.5,-0.7,0.2,-7.2,1.0,-3.9,-3.0,-4.7,-6.8,-5.4,-6.0,-4.7,-5.8,5.2,-1.3,-10.5,-8.2,-4.6,-3.5,-3.7,-4.4,-7.4,-4.3,-2.3,-8.6,2.8,-8.2,-7.0,-9.3,-7.2,-3.0,-2.6,-6.5,-3.1,-7.2,-10.9,-10.0,-4.9,-5.0,-1.7,-10.5,-11.5,-2.5,-4.9,-6.4,-5.1,-9.0,-12.2,-5.0,-3.0,-5.2,-3.1,-5.3,-5.0,-6.6,-14.4,-15.4,-8.0,-4.6,-11.9,-7.2,-7.4,-12.0,-6.9,-9.3,-7.8,-10.5,-12.8,-7.2,-7.8,-10.9,1.2,-7.5,-5.4,-4.8,-4.3,-6.6,-7.0,-10.2,-11.0,-9.0,-5.2,-5.6,-7.6,-0.8,-6.8,-11.9,-4.8,-15.5,-8.7,-8.5,-13.0,-8.6,-15.1,-13.3,-10.6,-11.4,-11.5,-19.0,-17.9,-18.1
2C7L513kdJ,0,48.102621,11.635726,4442874.39,2777911.4,529.1,574.8,239,7477,3.3,0.77,0.43,32.68,348.96,-0.53,-0.103,0.842,-0.9,0.2,0.02,0.25,0.7,0.2,-0.3,0.3,5.7,3.1,-3.3,-2.5,-6.0,-1.6,0.5,0.0,-2.0,2.9,4.7,2.6,5.2,-0.9,-0.5,-2.9,-5.2,-3.7,-5.3,-3.8,-5.1,5.0,1.0,-0.0,-1.5,-0.3,1.7,2.1,-0.9,1.7,-1.8,-3.5,-2.9,-5.0,-3.2,-0.9,-1.4,-0.6,-2.1,-1.7,0.8,-3.0,-2.3,-2.0,0.4,-2.0,-0.5,-0.3,-0.4,0.9,1.2,1.7,0.2,-0.5,2.4,-0.7,-1.0,0.1,0.0,1.5,-0.3,-0.2,-1.7,7.3,-0.1,0.6,1.2,2.3,2.1,0.4,0.8,0.0,-1.5,-3.7,-1.8,-3.0,-3.4,-6.0,-4.0,-4.8,-0.7,-1.6,-2.2,-2.9,-5.6,-3.1,-4.4,-6.4,-2.4,-4.2,-1.3,-5.4,-4.2,1.5,-1.2,-2.9,-1.1,-0.3,-2.4,0.1,-1.6,-1.8,1.7,-0.7,0.9,-3.9,1.9,2.8,-0.3,0.1,-0.8,-3.8,-1.9,3.0,-8.1,-2.8,0.0,-3.3,1.1,-2.8,-4.5,-2.9,-1.4,1.9,-2.6,-3.2,-1.7,0.6,-0.5,-2.0,-2.4,0.3,2.5,-7.2,-5.6,-8.1,-2.3,0.4,2.0,-4.7,-4.0,-2.6,-2.3,-2.3,0.4,0.4,-2.2,2.7,-5.0,-9.4,-1.8,-14.8,8.3,2.2,9.5,-2.8,-3.8,-1.4,-1.4,-2.8,-4.2,-5.1,-14.1,-9.5,-4.2,-4.1,-3.3,-3.2,-0.4,-3.2,-5.6,-8.6,-8.3,-6.7,-7.9,-9.4,-9.2,-2.2,-7.0,-7.6,-3.0,-3.1,-2.2,-2.1,-0.9,-1.6,-6.1,-2.0,-5.6,-6.4,0.6,-5.5,-5.7,-2.4,-7.5,-6.3,-0.7,-4.8,-6.7,2.2,2.2,1.8,1.5,4.0,-12.2,-5.9,-10.5
2C7L513kdn,0,48.102859,11.637581,4443012.02,2777940.91,538.5,584.1,239,7507,3.6,0.76,0.47,32.69,348.96,-0.53,-0.103,0.842,-0.9,0.2,-0.17,0.27,0.3,0.2,-0.3,1.3,-0.6,3.6,-3.2,2.1,13.3,0.2,3.1,2.2,-2.5,-3.1,-5.5,0.2,-7.1,-1.2,2.5,2.9,1.1,-0.3,-2.8,-3.5,2.6,-2.5,4.1,-1.2,8.4,-4.7,1.1,-3.8,-0.3,-1.4,-1.4,-1.1,-2.7,-7.9,-1.4,-2.4,-1.6,-3.2,-2.3,-3.2,-5.3,-1.5,3.3,-2.5,-2.0,-2.4,-4.8,-3.6,-4.7,-5.0,-2.3,-2.0,-2.3,-2.4,-1.6,-3.9,-2.9,-1.5,-2.6,-1.4,-1.4,-1.5,-2.0,-6.6,-5.4,-4.6,-8.1,-3.6,-3.5,-5.7,-3.1,-4.6,-3.2,-1.0,0.7,-1.6,-2.8,-3.7,1.7,-1.5,-1.2,-3.1,-5.8,-3.1,-2.9,0.7,0.6,3.4,-2.9,-0.7,-8.0,-3.6,-3.6,-4.5,-3.3,-2.7,5.4,1.7,-3.6,-3.4,0.5,-1.0,-0.6,2.9,-1.0,1.8,-2.2,-1.0,-1.6,2.2,-0.3,-1.8,-0.7,-0.8,-1.1,-3.0,3.2,-4.5,-4.3,-0.0,0.9,-1.1,-4.0,0.5,0.3,-1.3,-4.4,-4.0,-1.1,-2.0,12.4,-2.3,-3.4,-0.7,-0.9,0.3,-1.1,0.2,-2.9,-3.7,-3.4,-5.0,-5.5,-4.4,-3.7,-4.5,-4.3,-3.5,-2.7,-3.2,-4.9,3.8,-0.8,0.6,-3.4,-5.0,-4.0,-4.5,-3.2,-6.4,-10.9,-8.3,-8.2,-7.3,-2.6,-1.9,-5.9,-3.1,-5.7,-5.3,-10.0,-5.2,-12.9,-6.4,-2.7,0.6,-2.9,6.4,10.2,-0.6,-12.7,-4.7,-8.3,-8.0,-7.6,-7.0,6.0,-10.7,-2.6,-8.1,-6.5,-8.1,-9.5,2.0,-7.8,-8.9,-5.4,-3.6,1.5,-6.6,-6.1,-6.8,-3.8,1.9,-4.7,-5.6,-9.9
2C7L513kdp,0,48.102866,11.637634,4443015.99,2777941.77,535.5,581.2,239,7509,4.4,0.59,0.49,32.69,348.96,-0.53,-0.103,0.842,-0.8,0.2,-0.46,0.35,2.9,0.3,-0.3,-4.5,-0.8,3.3,-3.6,-1.6,-11.6,0.7,1.2,8.2,-2.7,-1.4,10.5,6.2,-1.3,1.1,0.5,-9.8,8.0,-9.4,10.3,-3.5,-2.6,-3.1,-2.5,-13.0,-8.2,0.7,7.5,4.9,-3.1,-17.9,-8.2,-1.0,-5.7,3.2,-1.9,1.2,0.6,3.4,-13.1,1.9,2.9,2.1,-3.5,8.2,3.3,3.9,2.3,3.8,4.5,3.0,1.4,4.2,4.1,4.2,4.2,2.1,6.5,6.0,6.9,6.9,5.0,5.3,10.1,8.2,6.8,3.5,10.3,5.3,8.1,10.6,7.5,7.7,3.9,2.2,7.0,8.5,6.6,6.3,-4.6,7.7,6.4,5.0,4.3,-0.7,-3.4,-3.6,-4.2,-2.5,-1.1,-4.1,2.5,-2.9,-2.6,0.4,-4.4,-0.6,-1.4,-1.3,1.4,4.0,0.2,0.1,4.4,3.0,2.3,1.2,4.3,1.3,3.3,1.1,1.3,1.0,-0.8,-1.3,-0.8,0.9,-0.3,2.8,1.8,2.3,1.1,0.0,1.3,-5.4,-13.7,0.6,-3.1,-3.3,-2.6,-5.3,0.0,-8.8,-4.7,-11.6,-13.4,-8.9,-10.1,-2.6,4.4,-12.9,-6.7,2.8,0.6,-0.2,1.1,1.1,0.4,-0.9,1.1,-0.1,2.4,1.2,1.4,0.5,-0.0,-1.0,0.3,2.6,-2.7,-5.2,-6.4,-2.0,-5.7,-4.4,-5.3,2.1,-8.0,-3.5,-0.2,-2.0,-2.1,-17.0,0.7,-2.1,1.4,1.5,1.6,-3.2,1.3,-0.2,2.1,-0.5,-2.4,-0.2,-1.3,-2.7,-3.9,-0.7,-2.9,0.3,-0.2,-4.0,-1.0,2.5,-3.1,-13.4,-0.9,-4.4,-5.3,-0.5,-1.4,-1.6,-4.7,-3.9,-0.5,0.2,0.3
2C7L513kZp,0,48.10111,11.623817,4441990.82,2777723.91,548.0,593.7,239,7261,4.2,0.66,0.49,32.63,348.96,-0.529,-0.103,0.842,-0.7,0.2,0.57,0.32,1.3,0.3,-0.3,6.5,-4.0,-4.3,-5.7,1.2,-3.6,-9.8,0.2,-1.9,2.1,-1.9,-5.2,-0.7,-4.2,-2.2,-2.1,-2.7,-0.7,-0.1,0.7,-2.4,-0.8,-4.8,-5.6,0.9,1.2,-4.2,2.7,-0.8,-2.4,8.2,-6.8,-0.1,-3.7,-5.7,-3.9,2.4,6.9,-1.8,-2.3,-4.5,-8.4,-4.5,-0.3,7.2,0.6,-1.3,-9.1,-7.5,-0.5,-0.4,-0.4,-4.7,2.2,10.0,6.7,-2.8,-3.2,-3.8,1.8,-4.2,-0.5,-7.0,-6.8,-8.1,-4.7,-8.9,-5.3,-5.3,-1.2,-4.3,-8.5,-7.2,-7.4,-7.4,-7.1,-3.9,-0.1,-7.2,-2.6,-4.8,-2.1,-3.8,0.5,-10.9,-2.0,-5.0,-10.7,-3.2,-7.5,-8.6,-4.1,-4.8,-8.8,-7.7,-5.2,-9.1,-1.9,-9.2,-0.8,-3.1,-8.0,-7.7,-3.5,-7.3,5.4,-2.2,2.6,-3.0,3.5,-2.3,-2.4,-2.4,-5.4,-1.7,-6.5,1.8,-6.6,-6.4,-0.9,-2.1,-4.9,-3.2,-5.8,-2.2,-0.6,0.0,-5.3,-10.9,-2.6,-6.3,-6.7,-3.9,-3.9,-6.8,-8.1,-5.1,-9.2,2.3,0.0,4.4,-1.2,3.2,-5.0,2.2,-1.7,-0.9,-2.9,6.6,-3.0,-1.7,-9.8,-3.7,-6.0,-4.0,-6.1,-1.8,-4.8,-5.6,-7.4,-1.7,-6.5,-3.3,-9.5,-8.3,-2.5,-10.7,-5.9,-9.0,-5.0,-9.4,-6.1,-0.9,-8.0,-8.9,-7.7,-6.5,-11.7,8.9,-9.1,-10.1,0.8,-4.7,-4.3,-5.7,-4.8,-5.2,-7.1,-5.0,-4.1,-6.0,-6.3,-15.4,-1.4,2.8,-6.1,11.4,-2.5,-7.2,-1.4,-12.5,-4.4,4.8,-8.9,-10.3,-0.4,-0.6,-4.3
2C7L513kZu,0,48.101119,11.623883,4441995.75,2777724.98,539.9,585.6,239,7266,1.8,0.92,0.28,32.63,348.96,-0.529,-0.103,0.842,-0.6,0.1,-0.15,0.14,0.1,0.1,-0.3,-1.0,-0.8,-1.0,-1.4,-0.6,1.0,-0.9,-0.8,-0.9,1.3,-0.6,-0.2,0.6,-0.4,0.8,0.0,-0.3,-0.6,0.2,1.0,-1.3,-0.2,-0.8,-0.7,1.4,-1.1,-0.7,0.6,-2.2,-0.8,-11.0,-3.9,-3.3,-2.4,-4.5,-2.7,0.7,-2.5,1.5,-1.4,-3.3,-1.4,-0.7,-0.2,0.3,-1.4,0.7,0.1,-1.7,0.2,-1.8,-1.8,-0.8,-1.7,-1.9,-1.8,-0.6,-2.2,-1.7,-2.5,-2.7,-3.7,-1.1,-3.7,-3.0,-1.0,-1.6,-2.4,-3.2,-3.0,-1.4,-3.7,-1.4,-4.2,-2.6,-2.6,-1.8,-2.1,-0.8,-1.8,-2.5,-3.4,-2.9,-2.1,-2.6,-2.1,-2.4,-1.8,-0.1,-1.6,-3.1,-3.0,-3.3,-1.7,-5.3,-2.0,-0.9,-0.9,-1.5,-1.2,-3.2,-3.4,-0.9,-0.9,-2.9,-1.9,-3.6,-4.1,-4.2,-2.8,-2.1,-2.8,-1.9,-7.6,-9.8,-9.1,3.2,-3.6,-1.9,-1.7,-2.2,-1.6,-1.3,-3.6,-2.5,-1.4,-1.2,-1.1,-2.4,-3.1,-1.1,-1.4,0.4,-0.9,-3.0,-3.3,0.6,-2.5,0.8,3.0,0.1,0.5,-0.1,0.2,1.0,0.1,-1.8,-0.3,1.7,-1.1,-1.3,-5.9,-2.3,-1.8,-2.0,-1.6,-0.6,-3.7,-2.2,-3.5,-3.5,-4.4,-1.5,-3.1,-4.7,2.7,-1.2,-5.8,-0.3,-1.5,-2.0,-4.0,-4.9,-4.4,-4.5,-3.8,-4.2,-5.2,-2.6,-2.7,-3.8,-4.2,-2.4,-4.5,-5.9,-2.7,-4.9,-1.7,-3.2,-7.3,-1.5,-2.9,-3.8,-5.8,-5.1,-5.0,-3.9,-4.6,-4.5,-6.3,-4.1,-4.1,-5.0,-4.7,-4.4,-4.2,-4.1,-3.5
2C7L513kan,0,48.101503,11.626872,4442217.48,2777772.56,531.6,577.3,239,7321,3.5,0.74,0.45,32.64,348.96,-0.529,-0.103,0.842,0.1,0.2,0.51,0.27,1.3,0.2,-0.3,-0.7,0.7,-1.3,-0.8,-0.4,-2.5,-1.7,-4.8,-4.5,-3.3,0.5,1.4,-0.1,1.1,-0.1,0.7,-1.0,-2.9,-1.3,2.1,-6.8,-4.2,-5.9,-0.2,-0.4,-0.2,0.1,-1.8,-0.5,-2.7,-13.0,-5.7,-3.8,-4.7,-3.7,-6.5,-5.0,-7.7,-2.7,-4.6,-3.3,-1.7,-4.9,-1.9,-6.6,-5.3,-5.4,-5.9,-4.3,-5.8,-3.3,-4.5,-4.7,-5.5,-4.0,-2.4,-3.3,-2.7,-3.0,-1.3,-0.8,-2.7,2.6,-3.3,-3.1,-3.0,-2.6,-3.5,-5.2,-5.3,-5.1,-5.3,-0.7,-2.4,-0.9,-4.7,-7.6,-7.7,-6.6,-6.2,-4.9,-5.7,-5.8,-7.7,-6.4,-10.9,-9.7,-10.3,-5.5,-4.8,-7.9,-5.2,-6.4,-5.3,-3.1,-4.0,-3.6,-3.5,-5.3,-4.6,-8.0,-8.2,-8.1,-5.8,-6.5,-6.1,-5.1,-4.0,-2.3,-4.8,-2.3,-2.8,-5.0,-6.2,-3.5,-4.7,-5.1,-4.1,-3.0,-3.0,-3.0,-3.1,-3.3,-5.0,1.1,-3.2,-5.1,-1.1,-6.1,-5.5,-4.6,-0.8,-5.3,-2.7,-10.8,-6.8,-13.1,-2.6,1.1,2.9,-5.2,-3.4,-1.8,-2.4,-1.7,0.7,-7.3,0.4,6.1,-4.1,-2.2,-2.4,-4.2,-4.2,-3.1,-4.3,-0.5,-4.0,-1.2,-2.9,-3.6,4.3,-6.0,-11.2,-10.0,-3.8,-5.4,-5.3,-0.3,-4.4,-10.3,-6.5,-11.2,-3.2,-9.4,-3.7,-0.4,-5.5,14.1,-3.4,-2.6,-1.1,-3.8,3.0,-5.0,0.1,9.8,1.3,-0.7,-6.5,-13.2,5.5,11.4,-12.2,-12.1,-1.6,0.9,-1.8,-3.8,-2.2,-4.4,-7.4,-5.4,-1.3,-8.4,-9.8,-5.2,-8.2
2C7L513kar,0,48.10155,11.627243,4442245.0,2777778.45,538.2,583.9,239,7325,3.7,0.69,0.44,32.65,348.96,-0.529,-0.103,0.842,-1.3,0.2,-0.03,0.28,2.0,0.2,-0.3,10.0,-12.7,1.7,2.4,8.1,3.1,7.9,-0.5,0.2,10.5,0.9,5.6,-2.9,0.2,-3.0,-2.2,-0.7,-2.2,-1.8,-5.5,-7.6,-5.5,-4.9,-4.3,-2.6,-0.4,-1.0,-8.3,-2.5,-6.6,-10.5,-6.2,-9.7,-7.4,-5.3,-9.3,-2.9,-10.3,-14.4,-9.3,-3.3,-10.1,-4.8,-5.5,-8.1,-2.8,-14.9,-11.6,-2.7,-5.1,-8.6,-6.7,-5.2,0.4,-4.3,-6.2,-6.1,-4.8,-3.7,-5.5,-3.2,-2.1,4.6,-7.4,-14.7,-2.5,-1.5,-4.8,-4.7,-3.0,-5.0,-0.8,-4.3,-2.3,-3.8,-2.1,-2.8,-1.9,-0.1,-5.1,-1.9,-5.9,-4.3,-8.5,-7.9,-6.2,-7.0,-5.4,-4.3,-3.9,-8.0,-8.6,-10.8,1.9,1.6,-4.8,-6.5,-2.3,-8.1,-4.1,-9.0,-2.9,-7.5,-5.2,-4.3,-3.7,-1.4,-3.5,-2.6,-4.1,-2.4,1.8,-4.4,0.3,1.0,-3.0,-6.1,-5.9,-1.4,-4.3,3.7,-7.6,-4.5,-1.9,-3.0,-6.8,-7.0,-5.1,-5.8,-8.5,-12.5,-7.8,-6.1,-6.1,-13.4,-10.1,-3.9,-5.9,-6.9,-4.6,-5.4,-6.4,-9.9,-4.1,-3.3,-4.3,-6.3,-7.8,-5.8,-13.9,-5.3,-5.9,-7.3,-4.9,-3.5,-7.9,-3.7,-5.8,-7.5,-2.4,-6.9,-3.4,-5.1,-6.2,-7.5,-2.6,-11.1,-9.4,-7.6,-8.5,-12.2,-5.8,-11.6,-14.1,-7.0,-8.3,-8.8,-4.3,-9.0,-7.3,-2.4,-3.6,-12.3,-4.6,0.4,-5.5,-10.1,-6.2,-7.9,-19.0,-13.7,-14.0,-5.1,-10.4,-10.3,-10.4,-12.8,-9.6,-8.9,-9.4,-11.3,-12.3,-4.6,-5.6,-16.1,-6.6,-7.7,-6.4
2C7L513kcI,0,48.102178,11.632127,4442607.39,2777856.2,529.9,575.6,239,7414,3.3,0.76,0.53,32.67,348.96,-0.53,-0.103,0.842,0.2,0.2,-0.29,0.26,0.5,0.2,-0.3,3.1,-4.2,-4.0,-4.7,-7.3,3.5,-2.1,-2.3,-3.8,10.5,2.6,4.8,0.4,2.6,-2.9,-3.9,-1.8,-2.4,-3.3,-3.1,-2.3,-3.1,-1.1,-3.0,-4.8,-0.0,1.3,0.8,1.3,-4.0,-1.2,-8.5,-9.1,-10.2,-3.5,-1.3,0.5,-1.3,-0.2,-0.7,-0.9,-1.1,-3.1,-8.8,-1.8,-0.3,-2.4,-0.2,-1.2,1.5,-1.6,-2.5,-7.2,-2.1,14.6,-7.1,-1.5,-3.0,-4.7,-2.5,-2.3,-5.6,-3.5,-3.8,-1.5,0.5,-3.9,-3.0,-4.5,-1.7,-2.9,-4.6,-0.1,1.2,-5.1,1.3,-4.1,-4.4,-5.6,-5.3,0.3,-8.2,-0.4,-1.8,-0.3,-7.1,-4.0,10.0,-4.0,-5.8,-0.7,-1.0,-1.5,-2.5,-2.3,-1.7,3.7,-3.4,0.5,-3.2,-2.3,-2.9,-2.9,0.1,-1.1,-1.1,-2.6,-1.1,-1.7,-2.1,-1.5,-3.5,-8.6,-4.7,-3.7,-0.4,-3.5,-5.1,-1.9,-4.5,-2.6,-3.2,-1.3,-3.8,-5.1,-2.5,-0.0,-2.6,0.8,-4.9,-4.3,-0.2,2.2,0.1,-5.4,-2.2,0.6,2.6,4.3,4.3,2.0,-0.6,2.9,-0.2,1.3,-1.0,-6.3,2.4,5.5,1.4,3.0,-5.9,-2.1,-4.9,-4.5,1.3,3.5,2.7,3.5,3.4,-3.3,-0.8,-0.1,-7.0,-1.2,3.5,3.1,-7.0,1.2,1.9,0.6,-9.3,2.0,2.1,3.1,4.8,2.3,2.4,3.2,3.4,-2.8,1.2,-4.3,2.7,-2.3,-3.3,0.7,-6.7,-5.9,0.9,-3.3,-1.4,-5.3,-2.7,-2.0,-1.6,-2.9,-5.3,-4.6,-3.8,-3.6,-1.6,-4.4,-3.0,-1.2,-2.5,-2.5,-4.4
2C7L513kd0,0,48.102568,11.635166,4442832.81,2777904.5,556.5,602.2,239,7458,2.4,0.86,0.34,32.68,348.96,-0.53,-0.103,0.842,-0.1,0.1,-0.69,0.19,0.8,0.2,-0.3,-1.3,-1.5,0.0,-1.2,-0.6,-1.8,-2.9,1.1,1.5,8.0,-2.9,1.5,-0.2,-3.3,-0.7,-1.5,-2.8,-1.5,-2.6,-0.9,-4.0,-2.2,0.0,-2.2,-0.8,0.5,0.1,0.7,-1.1,-2.7,6.1,-5.8,-5.2,-4.9,-9.4,-5.0,-2.2,-0.1,-2.2,-1.2,-1.6,-3.1,-2.9,-1.9,-3.2,-4.6,-2.0,-0.9,0.1,-0.1,-0.6,0.9,-0.7,-2.2,-1.4,-0.4,-2.4,-2.6,-1.6,-2.1,-2.3,-1.3,1.8,-0.3,-5.5,0.1,1.2,-1.2,-2.1,-2.9,0.9,1.6,0.7,-2.9,-1.3,-2.8,-2.8,-5.7,-4.1,-1.5,1.4,-3.3,-1.2,-2.4,-0.0,-0.9,-0.0,-3.0,-2.5,-1.6,-3.8,-0.7,-0.8,-6.5,-1.6,-0.1,1.4,0.6,2.5,-3.2,0.4,4.2,-2.1,-0.7,-1.0,-0.4,-1.4,0.8,-2.8,-2.3,-0.2,-1.7,2.5,-2.3,-1.4,-1.4,-2.2,-4.6,-0.7,-1.3,1.4,-0.2,-0.0,-2.4,-1.5,1.4,0.1,-2.0,-6.5,-1.2,0.8,-0.7,1.3,0.9,-0.1,-2.6,-1.9,-0.4,2.9,2.1,2.3,2.0,-0.5,-0.9,1.5,1.9,-0.9,2.7,0.9,1.5,-0.0,-1.4,3.1,1.4,1.0,0.1,0.9,-1.0,0.6,-2.2,-2.8,-3.6,0.2,-4.1,-5.6,0.4,-0.8,-4.3,0.3,1.3,1.0,-1.6,-0.9,-1.9,1.0,3.4,-4.6,0.1,13.3,-2.3,-0.7,-2.1,1.6,-2.4,-5.7,-5.5,-2.0,-3.9,-1.9,-2.0,-4.6,-2.4,-4.3,-4.2,-4.4,-2.6,-1.0,-6.1,2.4,-3.0,-2.5,-8.9,-6.2,-4.7,-3.9,-1.4,-2.5,-3.2
2C7L513kdH,0,48.102675,11.636001,4442894.77,2777917.8,550.4,596.1,239,7475,2.6,0.86,0.44,32.68,348.96,-0.53,-0.103,0.842,-1.1,0.1,0.27,0.19,0.4,0.2,-0.3,-0.2,0.7,1.7,-1.3,-0.6,-0.1,1.2,1.8,0.4,0.5,-0.8,-1.2,-0.8,0.8,0.6,0.6,-1.3,-0.3,-3.1,-2.1,-0.5,-1.4,0.1,0.6,1.4,1.4,0.6,-1.6,1.2,0.0,1.5,-2.5,-1.4,-1.6,-4.5,-0.2,0.7,1.9,1.6,3.4,0.6,6.0,-3.9,2.4,-3.0,-0.3,1.3,2.4,-2.4,1.3,-1.8,-0.9,-1.2,-1.0,-1.1,-0.8,-1.5,-1.3,-1.6,-1.4,-2.8,-1.3,-4.7,-3.5,-3.6,-2.7,-2.1,-3.4,-0.4,-2.3,-0.0,-1.3,-1.0,0.7,-0.2,1.2,-0.2,-0.4,-0.3,-0.8,-1.2,-0.4,-0.3,-2.7,-1.4,-5.1,-1.3,-4.0,-3.7,-9.4,-7.4,-7.0,-3.8,-6.9,-2.8,-2.1,-5.2,1.9,-0.1,-2.0,-1.9,0.4,-3.4,-0.5,0.2,-1.5,-4.3,0.1,-3.6,-3.7,-4.6,-3.4,-0.6,0.4,4.0,-3.2,-0.4,-0.8,-15.9,-3.8,-0.5,0.0,-1.6,-1.8,-0.7,1.3,-1.2,-1.0,-1.2,-2.4,-0.4,2.2,0.9,-4.9,-1.1,-5.1,-5.1,-10.2,-4.8,-0.3,-0.1,-6.6,-4.5,-4.2,-4.3,-4.6,-10.9,-5.3,-5.0,-1.3,-0.7,-3.5,-0.9,-2.1,-4.5,-4.4,-4.6,-4.1,-1.7,-3.0,-3.0,-6.8,-4.5,-7.7,-6.8,-5.7,1.5,-0.4,-3.8,-6.7,-3.4,-3.3,-10.8,-5.5,-6.4,-5.4,-5.6,-5.4,-15.4,-4.0,-2.7,-3.2,-1.8,-5.2,-3.5,-1.9,-6.7,-1.5,-1.1,-4.1,-4.5,-6.0,-4.6,-3.7,-1.8,-2.1,-3.5,-3.9,-6.7,-3.2,-5.5,-3.9,-4.0,-4.7,-8.1,-9.0,-6.5,-5.4
2C7L513kdL,0,48.102657,11.635856,4442884.04,2777915.54,532.0,577.7,239,7479,3.3,0.77,0.46,32.68,348.96,-0.53,-0.103,0.842,-0.3,0.2,-0.47,0.26,2.0,0.2,-0.3,0.7,1.2,0.4,0.5,0.4,2.6,1.5,0.7,0.6,-0.1,1.6,2.3,0.5,0.2,2.0,0.6,-0.0,-0.2,-2.9,0.7,-1.8,1.7,1.0,-3.3,-2.7,-5.0,-1.6,0.0,0.1,-11.4,4.6,4.2,-13.1,-18.0,-16.4,-16.4,-3.3,-11.2,-1.2,-4.0,-2.0,-7.0,-6.1,-9.8,-4.2,-3.6,-2.3,-3.8,-3.4,-3.1,-1.7,-1.6,-0.9,-1.6,-2.7,-0.5,0.0,-0.5,-0.3,-2.1,-1.8,0.1,-0.7,0.8,0.1,-3.0,-2.7,-2.7,-4.2,-3.7,-2.9,-4.1,-0.3,-2.5,-3.6,0.5,-1.6,-3.4,-3.8,2.5,-4.0,0.8,0.2,-1.2,-4.5,-0.3,2.4,2.9,0.1,3.2,1.6,-0.4,-2.0,-2.8,0.3,-6.6,-2.4,2.9,-0.5,-5.6,-1.5,-3.9,-5.4,-1.4,-6.9,1.3,1.2,2.1,-0.2,-4.0,-1.6,-2.8,-2.9,-2.4,-2.6,-0.2,-3.4,-1.6,-0.8,-3.8,-1.6,-1.5,-1.8,-3.5,-2.7,-1.9,-2.1,-5.0,-3.7,-2.9,-3.7,-2.8,-0.0,-3.7,-6.6,-2.9,-3.1,-1.8,-2.6,-2.7,-3.9,-2.4,-5.3,-1.8,-1.5,-1.6,2.2,-1.2,-1.1,-0.2,0.2,-2.2,-1.7,-1.7,-3.0,-0.6,1.1,-1.5,-0.6,0.0,6.9,-7.4,-5.4,-5.7,-5.4,-5.0,-1.2,-6.6,-4.6,-2.3,-4.2,-2.3,-4.3,1.3,0.0,1.8,0.2,0.5,-0.7,2.5,0.2,-0.7,-3.9,-1.9,-1.7,-5.1,-1.6,5.9,-3.0,-5.0,2.6,-8.8,-16.0,-10.4,-4.2,-15.8,-10.7,-4.5,-7.3,-5.0,-3.0,-5.0,-5.8,-5.0,-2.8,-2.8,-3.1,0.6
2C7L513kdi,0,48.102881,11.637605,4443013.76,2777943.32,552.8,598.5,239,7502,4.3,0.68,0.45,32.69,348.96,-0.53,-0.103,0.842,-0.7,0.2,0.45,0.33,1.5,0.3,-0.3,0.8,-0.5,-0.5,1.1,1.1,4.2,3.5,5.8,-0.8,1.0,-12.5,3.8,-7.2,-1.7,-5.7,-5.4,-1.0,-7.7,-5.4,-4.7,-5.0,-2.8,1.0,0.7,0.9,-2.2,-2.5,3.2,-0.2,-2.1,-20.3,-6.3,-2.9,-4.1,-7.0,-2.6,-0.6,-0.6,-0.7,-0.3,0.0,4.8,-0.5,-0.3,-4.2,-3.0,3.3,-1.9,-1.0,-2.2,-0.3,-2.1,-1.4,-1.7,-1.4,-2.5,-1.3,0.7,-1.5,-1.7,-5.0,-7.0,-8.9,-3.9,1.7,-2.4,-1.6,-6.8,-8.2,-7.3,0.4,-0.7,-0.8,-4.8,-0.2,-5.9,-4.4,-5.4,-2.8,-6.5,-0.9,-11.0,-2.7,-1.9,-3.1,-1.2,0.4,-2.2,-5.1,-5.6,-1.0,-7.1,2.9,-5.8,-3.0,-8.1,4.1,-0.7,-0.7,-6.6,-5.0,-8.2,-7.9,-6.1,-5.3,-1.6,1.0,-1.8,-3.0,-2.1,-4.7,-3.6,0.5,-4.4,-2.3,1.4,-10.9,-0.5,3.0,-4.1,-2.3,-5.7,-2.0,-0.7,-3.0,-2.5,2.2,-2.4,-0.3,-9.6,-2.6,-3.6,1.3,-5.3,1.1,-10.7,-1.1,-2.7,-4.6,-8.6,0.7,-1.2,-4.8,-9.7,-6.6,-4.8,-0.2,-3.0,-7.4,6.0,-6.6,-5.3,-8.2,-4.8,-2.2,-3.5,-7.8,-2.7,-4.7,-4.6,-7.6,-4.7,-3.3,-21.6,-23.5,0.2,-18.7,-0.1,-7.0,5.2,-18.3,3.8,-5.0,0.8,-2.3,2.3,-3.4,2.7,0.0,-4.3,-4.3,-2.6,-4.8,-3.5,-2.5,-6.8,2.5,-13.4,-1.8,-5.4,-13.6,-6.2,-6.3,-7.4,-7.2,-7.1,-6.4,-2.3,-6.8,-9.5,-1.1,-3.4,-1.7,3.1,3.5,-0.3,-3.7,-6.7
2C7L513kZr,0,48.101139,11.623899,4441996.86,2777727.27,547.6,593.3,239,7263,2.8,0.83,0.41,32.63,348.96,-0.529,-0.103,0.842,-0.5,0.1,0.62,0.22,0.8,0.2,-0.3,1.0,0.1,1.4,-0.3,0.2,-2.4,0.5,0.9,0.3,1.0,0.9,-2.1,2.8,0.2,3.2,2.0,2.3,2.2,2.3,3.1,1.5,2.2,3.3,1.9,1.6,0.5,1.9,-1.2,1.3,2.3,-12.3,-1.9,-0.7,-2.9,-0.8,-1.1,3.6,2.2,4.3,3.0,2.3,3.2,0.5,0.8,0.8,-0.3,-1.4,0.2,1.8,0.6,1.7,1.6,1.1,0.7,0.8,1.1,1.4,-1.2,0.2,-1.1,-0.4,-0.4,0.2,0.8,-11.9,-0.5,-0.6,0.8,-1.1,-1.0,-0.8,-0.3,-0.7,-0.3,-4.7,1.8,2.3,3.5,2.5,1.9,-0.7,0.4,-1.0,-0.3,-0.0,2.8,-0.3,1.8,0.7,0.3,0.7,0.3,-0.6,0.6,-1.5,1.2,2.0,0.7,0.5,2.0,-0.5,-1.3,2.0,1.5,-1.8,-0.3,-0.9,-0.9,-1.5,0.9,1.1,-4.5,-4.3,-1.7,-4.7,-11.4,-6.3,-5.0,-5.6,-3.0,1.3,-1.6,1.2,-1.4,1.8,0.8,0.9,0.0,-1.8,-0.7,-3.7,-1.2,-2.6,1.5,1.1,0.0,-0.3,-2.6,2.2,0.4,-3.2,-4.1,-2.4,-1.7,0.0,-1.1,-2.3,-1.7,-1.8,0.0,-1.3,-3.3,-2.6,-3.4,-2.2,-5.6,-2.7,-2.5,-2.4,0.5,-3.2,-5.4,-5.3,-3.8,-3.5,3.6,4.6,-6.0,1.0,-7.8,-4.8,-2.2,-5.0,-8.0,-4.4,10.8,-14.4,-0.9,2.1,-3.4,-3.1,-1.6,-0.9,-1.9,-2.0,-0.4,-3.6,2.3,6.1,2.6,1.0,3.1,-3.5,-4.2,-3.3,-1.8,-0.5,3.2,-3.6,5.1,-3.5,-1.6,-0.4,0.9,-3.2,-2.0,-3.3,2.2
2C7L513kah,0,48.101507,11.626758,4442209.01,2777772.79,542.6,588.3,239,7315,3.4,0.78,0.43,32.64,348.96,-0.529,-0.103,0.842,-0.1,0.2,0.46,0.26,0.5,0.2,-0.3,1.9,-1.3,1.0,0.4,-0.8,-2.0,0.4,0.2,-0.6,14.9,-0.8,1.4,0.4,0.5,-0.9,-1.3,-1.8,-1.9,-2.5,-1.1,-1.7,-3.6,-3.5,2.0,3.1,2.0,-6.5,-2.0,-4.5,-2.1,-8.2,-4.0,-2.3,-4.2,-4.5,-5.3,1.3,-0.7,0.4,-3.2,-3.9,0.9,-3.7,-1.0,-3.6,-2.4,-3.4,-1.7,-1.4,1.4,-3.2,2.2,-2.6,-3.5,-2.0,-2.2,-1.9,0.6,-1.0,-3.4,-1.6,2.4,-3.7,3.8,-3.0,3.3,0.5,-3.1,0.8,-1.8,-2.9,-4.5,-0.9,-0.9,-3.7,-0.5,-1.3,-0.3,0.1,-1.4,-0.9,-6.1,1.6,-0.3,-0.2,-3.7,-5.8,-2.7,-3.5,-0.3,-0.9,-2.7,-1.5,3.5,-2.3,-0.6,-4.1,-0.8,-6.4,-0.1,-2.1,-4.0,0.4,0.4,-2.9,-1.7,-0.9,-5.5,0.9,-2.9,-5.0,-7.2,-5.4,-6.0,-5.8,-2.8,10.4,-4.7,-3.5,-1.8,-1.4,-4.9,-7.3,-6.0,-5.1,-2.7,1.4,3.0,-4.4,-6.8,-4.4,2.6,-4.3,1.0,-3.3,-3.4,-7.3,-1.2,2.8,5.9,1.4,3.4,-2.5,-2.8,-3.8,-1.7,-5.4,-0.5,0.6,-1.3,-8.4,-2.5,-4.5,-4.5,-6.2,-1.3,-2.6,-1.2,11.3,-1.3,-0.4,3.1,-1.9,-5.1,-6.5,1.6,-0.5,-4.1,-0.8,-2.8,-6.3,-4.7,-4.9,-0.2,2.2,2.1,0.8,-0.7,-6.7,-0.9,-5.1,-2.1,-1.5,-1.0,1.6,-2.5,-5.2,-2.6,-5.1,-1.0,-0.4,-3.6,-0.5,10.2,-0.3,-9.9,-5.2,-1.7,-5.8,-3.0,-10.6,-3.6,-1.9,-3.0,-5.1,6.5,1.0,9.9
2C7L513kax,0,48.101574,11.627282,4442247.85,2777781.16,525.3,571.0,239,7331,2.4,0.86,0.37,32.65,348.96,-0.529,-0.103,0.842,-0.6,0.1,0.09,0.19,1.2,0.2,-0.3,-2.2,-0.7,0.7,-0.8,-3.4,-0.1,-1.1,-0.5,-1.4,11.6,2.3,-1.7,-0.7,-0.1,-0.7,-0.9,-0.7,-1.8,-1.6,-0.9,-2.3,-0.6,-2.9,-0.6,-0.4,-1.5,-1.5,-2.3,-6.4,-4.2,-6.6,-6.6,-8.7,-6.0,-5.8,-4.6,-0.1,-3.8,-0.1,-3.7,-0.5,1.1,-2.9,-3.1,-3.1,-1.7,0.3,-2.3,-7.6,-1.9,-4.4,-3.6,-1.8,-0.6,-1.8,-2.9,-0.9,-3.3,-0.4,-2.2,-7.3,-0.2,5.8,-4.4,6.3,1.4,-3.2,-5.0,0.3,-2.5,-6.5,-0.7,-4.7,0.9,-3.8,-1.4,-4.2,-2.8,6.7,-3.4,-4.1,-6.4,-0.5,-4.4,-4.2,-4.4,-4.5,-3.4,-5.5,-1.4,-5.1,-4.9,-5.5,-2.7,-4.4,-7.4,-6.5,-4.4,-5.6,-3.3,-3.7,-3.2,-1.8,-0.2,-7.1,-4.1,-1.9,-3.8,-5.8,-3.0,-4.0,-1.1,-3.8,-1.6,-3.5,-3.8,-5.1,-4.2,-2.8,-1.9,-0.6,-4.8,-3.5,-4.6,-1.8,-3.4,-2.7,-1.7,-5.4,-4.6,-6.3,-3.2,-7.3,-3.1,-5.3,-3.8,-3.8,-2.7,-0.3,-0.6,-4.4,-6.0,-7.0,-4.9,-3.1,-1.1,5.6,-3.0,-3.4,-2.4,-3.7,-4.2,-2.4,-4.3,-3.1,-2.6,-0.9,-1.3,1.9,-3.4,-5.6,-2.9,-3.8,-5.7,-7.1,-2.5,-3.5,-5.9,-3.4,-6.5,-5.5,-5.2,-8.0,-6.3,-4.9,-6.1,-3.8,-6.7,5.7,-5.6,-4.3,-4.5,-3.7,-2.4,-3.9,1.0,-6.0,-3.6,-3.8,-6.0,-3.2,-6.7,-2.7,-5.8,-5.1,-7.6,-5.2,-5.2,-5.5,-7.5,-6.6,-6.4,-4.4,-5.4,-8.3,-2.9,-6.0,-3.6
2C7L513kb3,0,48.101637,11.627773,4442284.32,2777788.96,532.6,578.3,239,7337,3.9,0.66,0.46,32.65,348.96,-0.53,-0.103,0.842,-0.7,0.2,-0.29,0.3,1.7,0.3,-0.3,-1.3,-1.5,5.6,2.6,3.2,-3.9,4.8,-2.2,3.3,-3.8,1.8,0.8,2.2,3.5,3.6,6.0,7.0,-0.9,1.7,1.7,1.3,1.8,2.7,2.7,5.0,-3.8,1.2,0.1,4.3,-0.7,0.8,-3.4,-1.0,10.7,-0.7,-0.1,1.0,-0.6,5.9,2.2,-0.0,3.1,0.8,11.2,1.6,5.9,1.7,-1.4,1.1,0.7,0.2,-2.7,3.5,2.1,2.0,-6.5,4.2,2.4,-0.5,0.2,-0.6,3.7,2.9,-0.3,1.5,-3.8,-1.2,-0.5,2.6,3.2,-0.1,3.5,3.1,0.0,6.4,7.5,4.9,5.7,-1.9,10.2,5.9,5.4,1.2,2.5,7.1,1.6,8.4,4.6,7.0,9.3,1.0,1.8,-1.4,3.4,4.6,4.6,2.9,6.0,14.0,3.4,-1.1,8.1,5.3,9.6,6.9,3.9,4.6,-1.6,10.6,5.5,-6.8,1.6,0.5,-1.1,-3.5,-4.0,-6.6,-4.4,-3.1,-1.8,-6.4,-3.8,-0.9,-7.7,-1.7,2.3,-3.3,3.8,0.4,0.9,-2.1,-7.9,-1.4,9.6,-2.7,-4.2,1.4,-2.4,2.7,1.6,-4.9,5.3,-2.1,1.2,-3.1,-0.0,4.3,-0.9,-1.2,5.2,-0.1,0.9,-9.1,4.7,1.9,-1.2,0.7,4.0,4.1,2.1,2.3,3.0,4.7,-0.6,3.4,7.3,-1.1,0.6,2.7,6.9,11.1,0.7,-2.6,-3.3,-3.5,-2.9,-4.2,-0.2,-13.9,-2.4,1.6,-1.1,1.9,2.3,-2.2,4.7,-1.4,7.4,-7.4,5.6,-12.7,1.5,-2.6,-1.3,5.5,3.8,-2.8,-1.9,-3.5,3.5,-1.4,-2.8,-1.4,-1.6,2.1,-5.0,-3.6,-2.3
2C7L513kbG,0,48.101779,11.628877,4442366.24,2777806.51,548.4,594.1,239,7350,2.7,0.83,0.41,32.65,348.96,-0.53,-0.103,0.842,-0.0,0.1,-0.03,0.21,0.6,0.2,-0.3,-2.5,1.8,0.0,-2.1,-1.0,-2.1,-0.8,-1.4,-2.2,2.4,3.1,0.1,-0.4,3.0,-1.0,-2.3,3.7,-3.0,-5.1,-2.4,0.7,3.7,-0.2,1.9,9.4,4.0,4.4,7.9,5.1,-1.1,3.4,-4.8,0.4,-0.4,-3.4,-3.5,4.1,0.3,0.3,0.5,3.0,0.7,-0.5,-1.3,2.2,-1.2,2.9,0.1,1.6,2.0,1.4,2.9,1.4,0.4,0.6,-2.7,0.4,0.9,1.2,-0.7,-0.3,-2.4,0.6,2.5,0.2,1.8,-1.2,1.4,-1.2,-1.0,1.1,1.1,-1.1,2.8,-1.9,-0.8,0.2,-1.2,2.7,-0.7,-3.1,0.0,0.0,4.1,2.9,-2.9,0.2,3.0,-1.3,3.6,3.0,-1.2,-1.3,2.5,2.7,1.0,1.5,5.3,4.1,1.0,-2.4,-0.5,3.9,-2.7,1.1,-0.5,-3.2,0.9,3.6,3.6,2.0,0.4,3.5,4.3,4.6,5.8,-3.0,-2.0,6.9,-0.0,-0.6,-0.7,4.3,3.3,-1.8,0.5,-1.2,-2.5,3.4,-3.2,-3.1,-1.3,4.6,2.6,-1.7,-2.9,-0.2,-5.7,4.6,4.7,2.3,2.7,2.7,-0.7,0.7,0.0,-0.3,-0.4,-0.7,-0.8,1.6,-1.8,-2.0,1.3,-1.1,-0.3,-0.5,-0.4,3.5,1.0,-1.2,-1.4,2.2,-5.0,1.7,5.6,-1.7,-4.3,4.3,8.0,0.7,-3.8,11.4,-0.6,0.7,-0.8,1.0,-1.7,-4.3,-1.6,1.1,-1.7,0.5,1.7,1.4,0.4,2.2,3.2,-3.1,-2.2,-0.1,0.6,9.9,1.2,6.8,-4.0,1.7,-1.5,2.0,0.9,0.3,0.2,1.3,-0.0,2.3,0.4,-0.7,-0.3
2C7L513kbJ,0,48.101781,11.628896,4442367.62,2777806.82,541.0,586.7,239,7353,1.4,0.95,0.41,32.65,348.96,-0.53,-0.103,0.842,-0.4,0.1,-0.09,0.11,0.2,0.1,-0.3,-0.5,-2.8,1.3,-0.2,-0.3,-1.0,0.6,0.5,1.3,0.2,0.5,0.1,1.2,1.8,0.5,0.8,-1.1,0.5,-0.2,0.6,0.2,0.1,0.3,0.8,2.2,3.4,1.0,1.4,0.7,-1.7,-4.5,-3.9,-6.6,-0.1,-2.4,-0.5,1.4,1.1,2.2,2.0,1.2,1.1,1.3,0.2,-2.1,0.0,1.3,-0.2,0.1,0.7,0.4,0.8,0.2,0.3,0.0,-0.2,0.2,-0.1,0.2,-0.4,-0.3,-0.5,0.7,-1.4,-0.6,-3.8,-0.8,-3.7,-0.8,-0.1,-2.2,-0.5,-1.3,-2.9,-0.2,0.2,0.3,0.0,4.6,-0.2,0.2,-0.4,0.2,0.5,0.0,-0.6,-0.8,2.4,-1.0,0.1,-0.9,-1.4,-1.5,2.9,1.1,-0.5,-0.6,1.5,2.5,0.3,-1.2,0.1,-0.5,0.6,-0.8,0.0,0.1,0.1,-0.4,-2.9,-0.4,-0.2,-3.3,-2.3,-2.8,-3.6,-0.9,-1.2,-3.2,-0.7,-0.6,-0.7,3.5,0.5,-1.0,0.8,-0.4,0.2,-4.6,-2.3,-1.0,0.1,0.7,2.2,-0.7,-2.0,-0.6,0.3,1.9,2.4,-0.6,-0.6,-1.3,-0.8,-1.0,-0.8,0.5,-1.0,-0.6,-1.3,-1.0,-1.5,-1.3,0.6,-1.3,-0.8,-1.2,-1.2,-0.8,-0.5,-1.1,-0.9,-0.2,-2.0,0.3,1.3,-1.7,-2.7,-0.4,-0.4,0.3,-2.5,-3.1,-2.8,-2.5,-1.1,-2.2,-1.4,-0.3,-1.6,-1.3,-1.4,-0.2,0.1,-0.8,-0.9,-1.9,-4.1,-1.9,-2.5,-3.7,0.4,-1.6,-3.5,-2.1,-2.2,-0.5,-3.4,-1.0,-1.6,-2.2,-2.9,-1.8,-1.9,-0.2,-1.9,-2.8,-0.1
2C7L513kbK,0,48.101791,11.628973,4442373.35,2777808.04,542.0,587.7,239,7354,4.6,0.61,0.34,32.65,348.96,-0.53,-0.103,0.842,-0.0,0.2,0.2,0.35,1.2,0.3,-0.3,-0.9,-5.6,2.1,-1.1,-0.5,-1.0,-0.2,0.3,0.4,-0.2,11.6,-0.0,1.2,10.8,0.2,0.2,12.2,0.0,-0.9,0.1,-0.1,-0.7,0.0,-0.0,1.6,11.5,11.5,0.8,-0.6,-2.1,-5.9,-5.3,10.4,0.6,-3.1,-1.3,1.2,0.9,1.0,2.1,0.7,0.9,1.3,-0.8,-14.1,-1.0,10.1,-0.1,-0.8,0.6,-0.9,11.5,-0.7,-0.4,-0.1,-1.4,-0.2,-0.8,-0.5,-0.9,-1.5,-0.5,-0.9,9.7,-1.5,12.0,-2.1,-5.8,-1.1,-0.8,10.3,-1.1,-1.9,-5.1,-0.8,-0.2,-0.3,-0.3,12.2,-1.5,-0.6,-0.7,-0.3,0.7,9.7,0.1,-1.3,11.1,-1.8,-0.7,-1.1,-2.4,-1.6,6.3,3.2,-0.9,-1.3,0.8,9.7,0.1,-1.5,-0.2,12.8,0.1,-1.0,0.1,-0.7,0.2,10.9,-5.1,-1.0,-0.8,-5.2,-4.9,-4.8,-5.4,-0.8,-2.4,-6.3,-0.6,-1.1,-1.2,8.8,8.6,-1.6,1.1,-0.9,0.2,12.4,-2.4,-0.6,-1.2,8.9,4.5,-1.1,-2.3,-1.0,-1.2,1.4,0.9,-0.4,8.7,-2.4,-2.2,-1.1,-1.1,0.6,-2.1,-2.3,-3.2,-1.0,-1.6,-2.6,3.4,-2.1,-0.9,-0.9,-1.2,10.4,-0.7,-1.7,-1.7,8.5,-3.0,8.3,12.3,-2.6,-3.1,-0.4,-1.2,2.2,-3.3,-2.5,-3.7,-3.1,-2.1,6.4,-2.4,0.6,-2.0,8.1,-1.4,4.8,9.6,8.5,-1.2,7.1,-6.8,-3.4,2.4,2.7,4.3,-4.6,-6.3,-5.2,-4.3,7.0,-4.3,9.5,7.3,-3.4,-3.5,-2.1,-2.3,6.9,5.3,-4.4,5.9
2C7L513kbL,0,48.101781,11.628889,4442367.11,2777806.72,535.2,580.9,239,7355,3.2,0.8,0.43,32.65,348.96,-0.53,-0.103,0.842,0.3,0.2,0.14,0.25,0.5,0.2,-0.3,-0.2,-3.7,1.4,-1.2,0.7,1.2,0.6,1.4,2.3,2.4,-11.8,2.0,2.2,7.9,0.3,0.5,-1.1,0.0,0.1,-0.3,1.2,0.0,0.7,-0.1,1.9,-1.4,-0.0,0.7,0.5,-2.7,-4.5,-4.9,-6.0,-2.7,-3.4,-1.6,0.8,-0.5,1.2,1.5,0.4,1.1,0.7,-0.3,-3.0,-0.1,-6.4,-0.7,-0.2,-0.1,-0.0,-4.7,-0.3,-0.3,-0.5,0.2,-0.2,-0.5,-0.5,-1.2,-0.4,-1.2,-0.1,-6.2,-0.7,-10.2,-1.9,-1.0,-1.6,-0.0,-13.0,-0.6,-0.4,-4.3,-0.0,-0.2,0.1,0.5,2.7,-0.2,0.4,-0.8,0.9,1.3,-1.7,-0.7,-0.8,-4.4,-2.0,-0.0,-1.1,-0.5,-1.5,0.4,-0.8,-0.5,0.0,0.7,-1.7,-0.1,-1.6,-0.4,-4.6,1.0,-1.2,0.2,0.5,0.2,-2.2,-3.3,-0.6,0.2,-3.7,-2.0,-3.5,-3.4,0.2,-0.9,-3.0,0.2,0.3,0.6,6.9,-9.2,-1.4,0.4,-0.2,0.6,-3.4,-2.3,-1.1,-0.0,-0.4,1.2,-1.1,-2.1,-0.9,0.2,1.8,2.8,-0.1,-4.3,-1.5,-0.3,-0.7,0.0,2.0,-0.1,-0.4,0.8,0.8,-0.7,-1.7,2.0,-1.0,0.8,1.0,0.7,4.3,0.2,-2.2,-1.8,13.5,-1.9,8.1,10.3,-0.5,-3.4,-1.0,0.2,-1.2,-3.3,-2.8,-1.9,-1.3,0.6,-3.3,-0.3,3.6,-1.2,-11.6,-0.6,5.7,9.1,10.6,-0.6,1.2,-4.5,-0.9,-1.6,-0.5,1.2,-0.0,-2.0,-0.4,-1.6,-3.7,-4.3,11.1,11.3,-1.5,-2.7,-2.0,-2.2,1.7,-0.9,-2.1,-7.0
2C7L513kbn,0,48.101999,11.630595,4442493.65,2777833.85,541.8,587.5,239,7383,1.4,0.92,0.24,32.66,348.96,-0.53,-0.103,0.842,-0.6,0.1,-0.07,0.1,1.6,0.1,-0.3,-1.1,-0.6,-0.2,-0.6,0.2,-0.4,-0.4,0.2,0.2,-0.2,1.3,0.4,0.9,-0.8,-1.6,-2.0,-2.3,-2.9,-2.8,-3.2,-1.6,-3.0,-1.8,-1.7,-1.8,-0.9,-0.7,-1.1,-0.1,-4.1,-3.3,-7.2,-5.8,-5.5,-6.0,-3.7,-1.8,-1.5,-2.1,-2.9,-1.3,-2.3,-1.9,-1.8,-1.4,-2.3,-2.3,-1.2,-1.0,-1.0,-0.2,1.0,-0.5,-0.1,-0.1,-0.9,-1.2,-1.3,-0.1,-0.8,0.2,-1.0,-2.7,-1.3,-3.2,-1.5,-1.3,0.7,-1.7,-1.3,-1.3,-1.3,-0.8,-0.1,-1.5,-1.6,-1.8,-1.8,-2.4,-3.4,-0.1,-3.8,-1.1,-0.5,-1.6,-3.8,-4.5,-4.7,-5.5,-3.9,-4.1,-2.8,-4.1,-4.3,-4.6,-1.4,-1.6,-2.5,-4.3,-2.9,-3.5,-3.3,-2.5,-1.4,-3.5,-1.5,-0.5,-1.1,0.4,-0.7,-1.5,-1.7,-1.4,-1.1,-1.3,-0.7,-0.4,-1.9,-1.5,-1.3,-1.1,-2.0,-1.6,-0.4,-1.0,-1.2,-1.6,-1.3,-2.7,-5.8,-4.2,-3.8,-0.9,-4.5,-6.6,-6.6,-6.2,-7.2,-2.2,0.0,-2.7,-1.9,-2.8,-1.5,-2.4,-1.9,0.3,-2.0,-2.1,-2.5,-1.4,-4.5,-2.9,-0.3,-2.7,-2.2,-2.3,-2.4,-2.6,-3.7,-5.0,-5.4,-4.8,-7.9,-6.8,-1.9,-2.3,-7.3,-2.2,-4.1,-3.5,-6.8,-4.7,-4.3,-1.2,-3.2,-2.1,-2.7,-2.8,-2.3,-1.2,-1.3,-2.5,-2.8,-1.8,-3.3,-3.3,-4.1,-6.8,-8.2,-6.9,-5.2,-6.9,-8.0,-1.0,-5.1,-5.6,-5.6,-4.3,-5.1,-4.4,-3.5,-3.6,-2.9,-0.0,-1.6,-3.9,-3.5
2C7L513kbr,0,48.10204,11.630913,4442517.22,2777838.9,545.8,591.5,239,7387,2.6,0.81,0.51,32.66,348.96,-0.53,-0.103,0.842,-0.4,0.1,0.21,0.2,2.0,0.2,-0.3,-1.9,-0.2,0.9,0.1,0.8,0.3,-0.3,-0.2,2.0,-0.0,2.0,1.2,1.2,0.2,-3.2,-5.6,-4.9,-6.0,-8.7,-7.8,-1.1,-7.6,-1.7,-0.3,-6.4,-2.5,1.1,-1.1,-2.7,-4.1,-9.5,-11.3,-7.9,-10.2,-7.0,-7.7,-6.5,-5.9,-5.2,-3.2,0.2,-2.0,-2.9,-5.4,0.2,-1.7,-4.9,-3.5,-2.9,-1.6,-1.0,0.4,-0.8,0.4,0.6,-1.8,-2.5,-0.4,0.3,0.1,-0.9,2.0,4.4,-0.6,-3.9,-2.7,-2.7,0.4,-0.7,-3.4,-2.9,-2.6,-1.1,-2.0,-5.0,-3.8,-5.4,-4.2,-2.7,-5.8,-1.8,-0.7,-1.6,-0.3,-1.8,-8.1,-1.0,-7.6,-7.8,-6.0,-1.0,-3.6,-4.4,-3.7,-3.7,-0.3,-3.4,-4.9,-3.2,-4.8,-3.2,-6.4,-5.3,-1.3,-5.3,-2.4,-2.9,-1.8,-1.3,-2.7,-3.8,-1.9,-1.2,-2.2,-1.0,-1.9,-4.0,-2.5,-2.1,-1.5,-1.9,-1.3,-2.9,-4.3,-5.8,-5.2,-2.6,-6.5,-6.6,-6.6,-1.8,-8.1,-5.4,-9.3,-11.4,-13.6,-13.0,-5.4,-0.2,-1.2,-3.7,-3.1,-4.4,-3.8,-3.5,-2.1,-2.0,-2.5,-3.0,-3.1,-1.0,-4.1,-5.7,-4.0,-6.5,-2.5,-2.1,-1.9,-0.7,0.1,-6.6,-6.1,-3.5,-7.2,-4.4,1.7,-2.6,-7.4,0.3,-2.3,-2.8,-5.4,-8.0,-6.4,-3.4,-7.5,-4.0,-2.6,6.7,-2.1,-2.2,-1.7,-2.3,-3.4,-2.5,-5.4,-5.5,-8.2,-6.3,-6.1,-6.9,-8.3,-9.0,-6.8,-2.0,-1.7,-6.6,-3.7,-2.9,-1.0,-4.3,-4.5,-2.9,-2.6,-2.4,-4.8,-2.9,-6.4
2C7L513kcD,0,48.102193,11.632101,4442605.4,2777857.82,543.7,589.4,239,7409,3.8,0.73,0.47,32.67,348.96,-0.53,-0.103,0.842,0.1,0.2,0.11,0.29,0.1,0.3,-0.3,1.2,0.0,2.6,0.7,0.6,-7.0,1.5,1.7,-1.0,-0.0,-3.1,-1.6,-0.9,0.8,0.2,1.4,-2.5,-0.1,-1.6,-0.0,-6.0,-2.1,15.2,2.6,1.5,1.4,-0.4,11.1,3.7,-4.4,3.4,-3.4,-6.1,-2.9,0.9,1.4,-10.4,-2.3,6.8,3.9,2.5,5.0,3.5,2.9,4.3,2.2,-0.9,1.0,-3.0,4.1,2.3,0.5,3.0,2.2,1.4,1.8,-1.8,1.3,1.6,2.4,1.6,1.7,-1.2,0.6,5.3,-1.8,2.5,-2.5,2.4,-0.0,-4.8,1.6,1.7,0.6,1.8,2.2,2.4,3.9,2.5,0.0,9.1,4.0,4.7,3.7,-10.9,-5.3,4.3,1.7,-0.8,-3.8,0.7,4.1,-1.4,-2.8,1.6,-3.1,10.3,0.7,0.7,-5.9,4.3,1.2,-0.8,-1.6,-1.0,-1.5,2.2,2.9,0.8,0.8,-0.9,-0.3,0.5,-1.0,0.0,-3.0,-1.3,-1.9,-3.0,0.4,-3.5,-2.0,1.8,1.3,2.0,3.1,-1.4,2.0,4.2,-2.4,-0.1,-6.3,15.6,2.2,-1.3,-2.4,-1.7,1.6,4.1,8.3,-7.5,-1.0,3.1,2.0,0.1,0.6,-5.3,0.8,-0.0,-1.7,2.1,1.0,1.0,2.4,2.6,1.5,4.6,3.4,4.7,-4.2,-1.2,0.1,-1.2,2.2,-4.9,4.1,-3.3,-4.0,1.9,-0.3,-0.7,-2.8,-2.8,15.0,2.4,-3.2,-4.8,-0.3,5.6,0.3,0.8,1.9,3.1,0.9,-1.0,-1.7,5.2,3.5,-0.3,-6.5,-1.3,-2.1,-1.0,-0.0,5.9,0.0,-0.1,5.3,8.9,-10.5,-2.0,3.0,2.9,1.4,3.0,11.7,1.2,-3.0
2C7L513kcF,0,48.102189,11.632071,4442603.14,2777857.35,535.1,580.8,239,7411,1.5,0.95,0.29,32.67,348.96,-0.53,-0.103,0.842,-0.4,0.1,-0.22,0.11,0.0,0.1,-0.3,0.4,-0.1,-1.5,-1.0,-0.8,0.0,1.9,0.1,0.0,1.6,0.1,1.0,0.1,-0.4,0.5,0.5,1.6,-0.1,-0.0,-1.8,-0.9,-1.4,0.6,-0.1,-0.0,2.2,2.9,3.0,3.4,-0.3,1.5,-4.4,-4.1,-2.1,-1.3,-3.3,1.7,0.2,1.5,1.1,1.6,1.6,0.9,0.3,1.7,0.5,0.5,-0.1,0.3,-0.4,0.2,0.0,-0.1,-0.7,0.1,-0.8,0.2,-0.9,0.2,0.3,-0.5,-0.1,-4.8,-1.1,0.9,0.6,-1.2,-0.4,-2.8,-0.9,-1.3,-1.2,-1.0,-0.7,-1.0,0.2,1.9,1.2,-0.3,0.4,-1.0,2.1,-1.7,0.5,1.4,-0.7,-0.4,1.3,-0.6,1.0,-0.8,0.7,-0.1,-3.6,-0.3,1.7,0.8,2.9,1.5,-0.8,-1.3,0.1,-1.2,0.5,0.1,0.7,1.1,0.2,-0.3,0.5,-0.8,-0.0,0.9,0.3,0.9,-0.3,0.4,-0.3,0.4,-0.7,-0.1,-0.0,0.2,0.0,0.0,1.0,1.8,0.9,0.7,-2.9,-2.9,-1.8,2.5,1.6,-1.8,-1.7,-0.3,-2.5,0.3,2.3,-1.0,-2.0,0.5,0.4,-1.6,-1.3,-0.9,-0.4,-0.1,-0.3,-1.2,-2.6,0.1,0.4,0.0,-1.1,-0.5,0.7,1.4,0.2,-1.2,-1.4,-4.5,-5.4,-3.2,2.2,-1.4,-2.9,-0.3,-0.8,-2.0,-2.7,-3.1,-0.1,-0.4,0.6,-0.7,-0.1,-6.0,-1.6,-0.8,0.1,-0.6,0.3,-0.5,0.0,-0.9,-1.1,-0.3,-4.9,-2.6,-0.4,-1.5,-3.0,-0.1,-1.9,-3.2,-3.1,-2.4,-3.7,-0.4,-1.1,-1.4,-1.7,-0.3,-2.4,-2.0,-2.7
2C7L513kcS,0,48.102326,11.633141,4442682.51,2777874.34,550.2,595.9,239,7424,3.9,0.7,0.51,32.67,348.96,-0.53,-0.103,0.842,-0.4,0.2,-0.89,0.3,0.6,0.3,-0.3,3.1,6.5,-13.5,-12.0,-8.8,5.7,4.8,5.9,0.5,6.1,1.0,2.6,-8.0,12.9,4.4,1.1,-1.4,-0.7,-3.8,-3.0,-1.5,-1.7,-0.0,-1.2,0.2,0.9,2.1,2.9,-6.1,-2.4,-1.0,-4.6,-3.9,-3.5,-6.2,-2.4,0.5,1.3,1.8,0.7,-0.3,10.9,2.5,-0.6,1.2,2.7,7.8,8.4,1.2,4.3,1.1,-0.0,-0.6,-1.8,-1.0,-0.9,-2.6,1.7,1.5,5.7,-0.3,0.2,8.0,1.3,-0.2,1.5,1.4,2.7,0.8,-1.0,1.1,-1.5,3.2,0.5,-2.7,0.6,1.3,3.5,0.3,-2.7,2.8,-2.5,7.7,-9.8,11.7,-5.7,1.4,-1.4,-2.6,-2.6,0.5,4.3,2.3,-5.6,3.3,2.1,7.3,0.3,-1.9,0.5,4.7,-2.4,-0.5,3.6,-0.5,2.4,4.5,6.0,3.2,3.5,2.7,4.2,2.5,1.5,2.5,8.0,1.8,1.8,2.4,1.6,0.2,0.6,1.6,-0.5,0.6,-0.5,8.1,1.0,1.7,-3.9,3.3,-0.9,0.3,-0.2,-2.8,-3.0,-2.6,-2.5,1.0,9.9,3.0,5.4,3.0,-5.2,1.8,2.1,-7.5,1.3,0.8,-0.4,-2.6,-0.1,2.0,-4.2,-0.5,6.9,2.0,1.1,0.5,1.2,-1.3,-4.2,1.1,-1.3,-3.3,1.1,13.2,-4.5,1.2,-2.4,-3.1,-6.1,-6.2,2.8,2.6,1.2,0.9,-1.2,-3.8,-1.8,-1.6,-0.9,5.4,0.4,0.5,1.3,2.6,-1.8,-0.8,-0.7,-3.0,-2.9,-4.1,-5.3,1.7,-1.3,-4.0,-0.0,0.2,-0.0,4.7,-8.7,-7.3,-10.4,-0.0,0.0,0.2,-2.9
2C7L513kch,0,48.102451,11.634113,4442754.67,2777889.81,556.6,602.3,239,7439,4.2,0.67,0.54,32.68,348.96,-0.53,-0.103,0.842,-0.0,0.2,0.24,0.32,0.7,0.3,-0.3,-2.1,-1.2,-0.6,-1.7,-0.4,-2.2,-0.4,-0.7,-0.9,-1.3,-1.3,-2.7,-6.3,-7.3,9.9,8.9,7.6,5.9,0.2,0.6,-0.1,1.4,14.4,0.6,8.9,1.3,0.2,-0.6,2.5,-2.7,4.7,-5.0,-3.0,-3.9,-4.2,-3.8,2.2,1.3,3.3,9.0,-0.8,-7.9,10.1,3.5,4.2,2.2,2.6,5.4,-1.4,3.7,-1.3,1.7,0.8,1.5,1.5,-0.5,3.9,0.6,1.5,0.8,-1.8,0.8,-0.8,-0.4,-2.7,-3.6,-1.1,-9.1,2.4,1.2,-1.8,1.0,0.5,2.0,-0.4,0.9,3.5,2.5,2.1,-3.6,-0.4,-3.2,-1.0,0.3,-0.3,-0.2,-1.8,-2.2,-2.8,-1.0,-1.7,1.7,-1.4,-2.9,3.3,-0.8,-5.9,10.4,4.4,-2.5,2.4,0.1,4.7,3.8,0.0,3.7,-0.7,-0.5,-0.6,0.5,3.9,-1.2,0.4,-2.3,-2.0,-3.8,14.5,-0.4,-5.2,-2.9,-4.6,-2.1,-0.8,4.6,-2.2,-3.1,15.5,4.4,0.9,-2.2,1.1,0.7,-0.8,-6.4,-8.5,-8.0,-3.0,1.5,5.0,-0.1,-5.0,-1.3,1.4,-3.3,-5.9,-7.5,3.0,5.1,9.6,1.4,7.0,-3.0,6.8,2.8,6.6,-0.4,-2.8,-1.8,-1.4,2.3,9.0,-2.3,1.3,4.3,-1.4,-3.6,3.7,-0.0,5.5,0.6,-2.2,-3.4,-1.2,-2.9,-4.2,-6.0,-3.0,-2.5,-4.2,-0.4,-3.5,-0.1,4.4,-1.1,-2.5,0.1,2.1,15.9,10.4,-4.3,-1.7,0.6,-2.3,10.6,1.1,-0.6,3.4,0.5,2.1,-1.9,6.0,-3.2,0.5,0.7,-3.4,-4.8,5.5,-0.9
2C7L513kdt,0,48.10293,11.63784,4443031.17,2777949.17,533.8,579.4,239,7513,2.9,0.79,0.42,32.69,348.96,-0.53,-0.103,0.842,-0.8,0.1,-0.57,0.23,1.2,0.2,-0.3,-2.0,-1.7,-1.7,-2.0,-2.4,-2.7,1.8,1.5,-0.4,-1.0,0.3,1.0,-2.6,-1.7,2.3,-0.4,-1.0,1.7,-2.9,0.5,1.1,-1.1,1.7,-0.5,-4.3,1.2,1.5,0.5,0.1,-1.4,4.4,0.4,-2.0,-2.2,-6.9,-0.8,-1.2,-0.2,1.2,-0.2,1.6,1.1,-0.6,2.8,0.4,0.1,-0.4,-0.2,-1.1,-1.0,2.9,2.4,1.2,2.1,3.3,1.4,2.2,-0.3,2.1,4.7,4.4,1.8,7.2,3.0,1.3,0.6,-0.1,0.4,3.6,3.0,3.2,1.0,3.7,-0.8,0.1,4.5,6.7,5.1,4.7,1.4,5.6,4.7,3.4,-4.0,-8.6,-2.1,-2.4,0.4,0.1,-3.2,-6.6,-7.0,8.6,-8.3,-3.0,-5.4,-1.1,-0.1,-4.6,-2.0,-2.0,-3.2,-1.6,0.6,-4.3,-2.1,-1.9,0.2,-1.8,-1.2,-2.2,-0.0,2.6,-3.0,-1.9,-1.3,-0.5,-1.4,-2.7,-0.3,-1.0,-4.9,-1.8,-4.7,-1.5,2.4,3.6,-3.1,-0.8,-2.2,-0.0,-6.5,-1.1,1.3,-5.0,-2.5,0.4,-1.6,0.9,1.1,1.3,1.0,2.9,1.6,5.3,1.4,3.2,1.4,0.5,-0.9,1.2,4.2,-0.0,-0.9,-0.8,0.7,-0.6,-1.1,-2.2,-3.7,-0.9,-2.5,-2.8,-6.8,-2.4,-3.1,-0.7,-9.0,-3.6,-3.8,-4.7,-1.3,-5.1,-4.3,-2.6,-1.8,-2.6,-3.3,5.2,-7.8,-7.6,-2.2,-1.5,-2.4,-5.7,-8.9,-3.5,0.1,-2.7,-0.0,-7.5,-3.8,-8.9,-4.3,7.3,-2.1,-3.1,-1.8,-9.9,-2.5,-14.1,-3.9,-2.6,-1.2,-2.7,-2.2,-3.0,-0.4
2C7L513kZw,0,48.101176,11.624042,4442007.46,2777731.63,540.4,586.1,239,7268,2.8,0.81,0.45,32.63,348.96,-0.529,-0.103,0.842,-0.4,0.1,0.94,0.22,0.2,0.2,-0.3,-4.6,1.3,-0.2,0.8,-0.9,-2.2,-1.9,-1.4,6.7,-2.0,-1.1,-6.0,0.5,-0.9,1.7,3.4,0.7,3.0,0.1,2.0,1.1,0.1,-11.6,4.1,0.5,1.2,0.3,-3.0,-9.1,-3.0,-16.9,-6.9,-9.4,-3.9,-7.4,-2.1,0.1,-2.1,-6.9,-0.8,-2.2,-5.6,-2.6,2.3,-3.3,0.7,-3.9,2.1,-7.8,-4.9,-2.8,0.0,-1.3,-0.7,-4.1,-1.2,-6.6,-6.1,-6.0,-8.6,-4.4,-4.1,-4.0,-5.1,-8.3,-5.4,-3.3,-6.8,-6.9,-5.0,-3.9,-8.5,-3.4,-7.4,-3.6,-4.7,-3.6,-3.1,-3.8,-6.6,-7.2,-4.6,-4.0,-2.1,-3.6,-4.2,-6.0,-7.0,-4.8,-6.1,-4.5,-5.3,-3.2,-3.2,-8.4,-1.5,-4.3,-3.3,-5.1,-3.7,-3.5,-5.6,-6.4,-5.7,-5.3,-4.6,-6.1,-5.5,-5.3,-4.4,-6.2,-6.8,-4.4,-4.9,-4.6,-6.7,-4.7,-5.0,-6.6,-5.2,-3.2,-6.0,-4.5,-4.4,-2.9,-4.2,-5.8,-3.6,-4.5,-5.9,-4.3,-3.9,-5.5,-3.3,-5.0,-6.8,-3.4,-5.8,-1.4,-3.1,-14.6,-6.9,-7.6,-6.4,-7.4,-9.0,-1.4,-1.5,-2.8,-0.9,-3.3,-8.4,-4.1,-4.0,-5.2,-5.7,-5.1,-2.6,-1.3,-2.4,-2.1,-3.6,-2.4,-3.3,-5.1,8.2,-0.6,-5.9,-0.8,-3.0,-4.2,-3.4,-6.4,-6.8,-6.7,-7.5,1.3,-6.5,-3.8,-3.2,-2.5,-4.6,-5.4,-2.0,-5.8,-4.5,-6.0,-4.2,-2.5,-4.2,-5.4,-6.5,-5.3,-4.7,-2.8,-6.4,-5.4,-5.9,-4.7,-6.5,-2.0,-5.1,-3.8,-2.1,-5.5,-2.5,-4.7,-3.8
2C7L513kaM,0,48.10138,11.625624,4442124.82,2777756.8,545.9,591.6,239,7294,2.3,0.87,0.39,32.64,348.96,-0.529,-0.103,0.842,-0.4,0.1,-0.4,0.18,0.3,0.2,-0.3,2.6,0.4,-0.3,-0.7,-0.1,-0.5,1.1,-1.4,2.1,-7.3,0.2,1.6,2.3,0.8,1.9,0.9,-2.0,0.2,-0.5,-1.2,-1.6,-0.0,-2.2,1.2,1.7,3.1,3.3,2.2,2.2,0.7,-10.2,-4.7,-3.6,-6.3,-1.9,-0.2,4.2,1.3,4.2,0.8,-0.6,0.5,1.8,-0.9,0.6,-1.1,-1.0,1.3,-0.4,-3.4,9.2,-2.5,8.5,1.4,0.1,3.7,2.0,-4.4,4.2,4.7,3.6,-0.2,-1.3,5.3,-1.9,1.3,2.6,-0.3,-2.1,0.6,-2.5,-0.2,-0.5,-3.1,0.1,-1.1,1.4,2.7,0.0,-1.6,-0.6,2.7,-0.2,-0.1,-1.2,1.3,1.3,1.2,1.6,1.4,2.5,1.3,-2.5,2.2,-1.0,3.5,1.1,1.3,-0.2,-0.7,-1.3,1.1,0.9,3.8,1.1,-0.0,0.1,1.3,1.5,0.5,0.0,0.5,2.6,0.9,3.6,-1.8,-1.5,-1.1,-0.8,1.6,1.2,2.5,2.1,-3.3,0.8,-0.4,-1.4,2.1,4.3,-2.1,2.2,-0.1,-1.7,0.9,-0.8,-1.3,0.6,-4.1,2.2,1.1,3.0,-2.1,-1.6,-1.4,-0.8,1.8,-4.3,0.3,1.8,0.6,-1.9,-2.1,-0.3,0.3,-2.3,0.8,0.1,1.8,3.2,-0.5,-2.6,-3.4,-1.5,-1.4,-0.4,4.6,-1.2,-3.8,2.5,1.0,1.2,-2.9,-1.7,-0.8,-0.7,0.4,1.2,-0.1,-4.2,2.1,-2.9,-3.3,-1.4,2.6,-2.2,-3.4,-0.6,0.5,-0.0,-2.9,-1.0,2.1,-1.4,-0.7,-0.5,-0.6,-2.1,-0.4,-0.7,0.9,-3.9,-1.4,-2.5,2.2,-0.2,-5.6,-2.7,-4.4
2C7L513kac,0,48.101498,11.626548,4442193.36,2777771.5,546.2,591.9,239,7310,2.7,0.83,0.4,32.64,348.96,-0.529,-0.103,0.842,-0.9,0.1,-0.03,0.21,0.7,0.2,-0.3,-0.1,0.5,-1.0,1.9,-0.5,-7.4,1.0,1.7,3.5,-5.1,1.6,-1.3,0.4,3.4,2.4,1.6,0.5,1.9,0.3,1.2,-5.6,0.9,1.4,1.9,3.1,1.1,1.7,-0.2,-3.3,-3.4,-7.3,-4.2,-1.4,-3.2,0.4,1.4,-6.0,-14.0,0.9,1.7,0.6,-1.7,-4.7,-1.4,2.8,-1.7,-3.5,0.8,-2.8,-3.6,-1.7,-1.7,-1.3,-1.9,-2.4,-0.9,1.3,0.4,-1.4,-2.6,-2.2,-4.5,-5.1,-0.9,-5.1,-1.3,-3.3,-4.4,-1.9,-1.9,-1.9,-2.9,-3.2,-1.8,0.1,-0.1,-1.7,-0.1,0.5,-2.2,-0.4,-2.7,-3.9,-3.6,2.2,-0.6,-3.4,-1.9,-1.0,-1.4,-1.4,-1.1,2.7,-0.7,-3.3,-3.0,-3.8,0.0,-0.6,-0.4,-2.2,-4.1,-1.8,-5.7,-4.2,-4.1,-5.2,2.3,-4.2,-2.5,-4.6,-4.5,-5.6,-0.7,-3.0,-2.9,-6.9,-4.0,-5.9,-4.4,-5.1,-3.9,-4.5,-3.9,0.7,0.8,-4.4,-2.6,-1.9,-0.5,-1.6,-4.7,-4.1,-1.9,-4.6,-9.5,-3.3,-6.4,-1.7,-0.8,-10.1,-3.2,-1.6,-1.1,-0.7,-4.8,-6.1,-4.1,-1.6,0.1,5.5,-2.0,-0.1,-0.5,0.9,-1.8,1.6,-0.8,-1.2,-3.1,-2.1,-3.9,-4.3,-5.9,-6.9,-2.5,-2.4,-5.3,3.0,-1.0,-3.3,-4.4,-9.9,2.8,-3.2,-7.1,-3.3,-2.7,-17.7,-1.5,-1.3,-1.5,-3.2,-9.1,-3.6,-2.7,-5.1,-5.3,-4.2,-6.6,-6.4,-5.6,-4.3,-5.0,-5.1,-6.7,-5.8,-5.4,-11.6,-5.2,-5.7,-5.5,-3.2,-3.7,-5.7,-5.9,-5.4,-5.1
2C7L513kad,0,48.101505,11.626604,4442197.5,2777772.39,546.1,591.8,239,7311,1.5,0.92,0.31,32.64,348.96,-0.529,-0.103,0.842,-0.3,0.1,-0.47,0.12,1.2,0.1,-0.3,0.5,0.4,-0.5,2.1,0.2,-0.4,-0.2,1.2,0.6,-4.0,0.9,0.9,1.3,-1.2,0.1,0.6,-1.6,0.5,-0.9,1.1,0.1,1.4,-0.9,2.1,2.6,3.2,0.2,2.1,-1.0,-2.8,-7.6,-4.4,-3.6,-2.6,-2.9,-2.1,-1.3,-1.6,1.9,-1.3,-1.5,0.4,-2.6,0.4,-0.8,0.2,-1.8,-0.1,-0.2,0.9,2.0,0.6,0.8,1.2,0.2,1.0,2.0,1.9,1.4,-0.0,0.8,0.0,0.3,1.7,1.8,1.2,0.9,-1.5,-0.6,-1.8,-0.8,-0.2,-1.2,-0.9,1.6,1.7,2.2,2.4,3.0,1.5,2.4,-0.3,-0.2,1.3,3.5,0.1,-0.4,-2.3,0.6,-0.5,-1.9,-1.6,-3.7,-0.7,-0.1,-1.3,-0.6,0.1,-1.8,-1.5,-0.3,-2.0,1.9,-0.5,-0.9,-0.2,0.9,-0.2,0.7,0.0,0.2,-0.1,1.2,0.5,0.5,1.9,-2.8,0.8,-0.3,1.3,2.1,0.7,1.2,0.9,3.2,3.1,0.6,1.1,1.3,-1.2,-0.7,-0.4,-2.6,-1.2,-2.5,-4.7,-2.6,-1.5,-0.7,-1.0,-2.3,-1.4,-0.9,-0.8,0.4,-0.9,-1.9,1.4,3.0,4.1,-4.5,1.5,1.1,0.8,1.8,3.4,4.2,1.4,1.1,0.2,-1.6,-1.5,-0.4,-3.3,-3.2,1.4,-0.9,-4.4,-1.0,-0.8,-1.7,-3.1,-3.6,-2.3,-2.7,-3.5,-0.0,0.4,1.8,0.3,-0.1,0.8,-0.0,-0.3,0.1,-0.3,-1.6,-1.2,-1.4,-4.1,-3.0,-1.8,-0.9,-2.6,-2.5,-3.5,-2.6,-2.7,-2.7,-1.8,-2.5,-1.4,-0.8,-0.7,-0.9,-2.0,-2.9,-2.0
2C7L513kbk,0,48.102009,11.630524,4442488.33,2777834.77,546.3,592.0,239,7380,1.8,0.89,0.41,32.66,348.96,-0.53,-0.103,0.842,-0.4,0.1,-0.22,0.14,1.5,0.1,-0.3,-0.2,0.6,0.2,-0.2,0.2,0.1,0.8,0.5,1.2,-1.3,1.2,0.5,1.1,2.2,-3.6,-3.4,-4.3,-4.4,-4.7,-3.6,0.3,-4.4,0.4,-1.8,-2.3,-1.5,1.1,1.7,2.2,-5.3,-2.4,-8.3,-6.9,-4.8,-6.0,-3.8,-1.7,-1.6,-2.3,-2.2,1.0,1.2,-1.3,-3.0,0.1,0.3,-1.9,-0.7,-0.2,1.2,0.3,1.0,1.1,1.3,0.7,1.3,1.2,0.6,0.3,-0.3,0.4,-0.4,-6.1,-0.3,-0.6,-0.9,-0.9,-3.1,0.0,0.6,1.5,0.5,0.2,0.1,-1.0,-1.5,-0.8,-0.2,-1.2,-2.3,-0.5,-2.6,1.1,-0.2,-0.1,-2.4,-1.4,-2.7,-4.4,-4.2,-3.9,0.2,-0.9,-2.6,-2.6,1.7,1.9,-2.2,-1.9,-2.2,0.2,-1.6,-0.8,2.7,-2.5,0.4,0.3,0.4,1.8,-0.6,0.8,-0.1,0.3,-0.7,0.0,-0.4,4.7,-1.0,-0.9,-0.7,2.8,-0.5,-0.6,-0.4,-1.6,-2.3,-0.0,-1.8,-3.8,-4.9,-3.5,-2.7,1.8,-2.9,-4.7,-5.2,-6.3,-7.2,-2.1,1.3,-1.1,-0.8,-0.9,-1.3,-0.9,0.3,-1.4,-1.1,-1.7,-0.5,3.1,-2.5,-1.3,-0.9,-2.2,-0.3,-2.2,-1.4,-2.6,0.5,-4.5,-5.0,-1.6,-5.1,-5.9,0.6,-1.9,-6.9,0.6,-4.2,-2.6,-3.8,-1.7,-2.7,-0.9,-1.7,-1.2,-0.7,1.1,-1.1,-0.8,-0.5,-0.3,-1.0,-0.3,-3.6,-1.1,-3.8,-5.6,-4.5,-2.8,-5.6,-3.8,-5.8,-2.8,-4.7,-4.1,-3.5,-0.5,-2.4,-1.5,-2.0,-1.3,0.0,1.1,-1.2,-1.4,-3.0
2C7L513kbl,0,48.102015,11.630572,4442491.95,2777835.55,545.9,591.6,239,7381,2.5,0.79,0.4,32.66,348.96,-0.53,-0.103,0.842,-0.4,0.1,-0.07,0.19,2.4,0.2,-0.3,-0.9,-0.3,0.2,-0.8,-0.4,-0.4,-0.0,0.2,0.7,-3.5,1.1,0.2,1.1,2.0,-6.5,-5.2,-5.7,-5.6,-6.4,-6.5,-0.1,-6.6,-0.0,-4.4,-5.4,-4.5,0.8,2.0,3.8,-7.0,-2.2,-10.4,-9.2,-9.0,-8.7,-6.8,-5.9,-4.5,-5.3,-5.4,0.5,1.9,-5.4,-5.6,-4.3,0.2,-1.8,-0.8,-1.2,0.3,0.0,0.6,-0.2,0.2,0.6,0.4,0.4,-0.6,-0.6,-1.4,0.0,-1.4,-6.7,-1.3,-2.0,-1.3,-1.9,-3.6,-1.3,-0.5,0.6,-0.7,-0.9,-0.6,-4.7,-4.7,-3.4,-3.3,-4.1,-5.3,-4.1,-5.3,0.1,-0.5,-4.0,-5.7,-5.1,-4.6,-6.9,-7.7,-7.9,-0.9,-0.7,-7.1,-6.9,-3.3,1.6,-5.2,-6.3,-5.2,-0.3,-5.5,-5.0,-4.9,-5.5,-3.1,-1.3,1.3,0.5,-1.4,-0.9,-1.0,-1.4,-1.8,-1.2,-1.6,5.2,-2.1,-2.0,-1.5,7.1,-1.4,-1.7,-1.8,-4.3,-4.3,-1.4,-5.3,-6.4,-8.2,-6.6,-5.8,1.2,-5.8,-7.9,-8.3,-7.8,-9.3,-4.6,0.4,-1.8,-1.7,-3.1,-2.2,-1.9,-1.1,-2.9,-2.1,-2.3,-2.1,1.4,-3.4,-1.9,-1.9,-4.1,-0.6,-5.6,-2.8,-5.4,0.3,-6.2,-6.8,-5.2,-8.4,-8.1,1.1,-5.0,-8.7,0.3,-6.0,-6.4,-7.6,-1.5,-3.5,-2.1,-3.7,-2.5,-1.8,-0.5,-1.7,-2.3,-1.2,-1.8,-1.7,-1.3,-6.8,-1.6,-7.1,-7.4,-8.1,-4.0,-7.7,-7.3,-8.6,-7.3,-7.5,-7.4,-7.3,-1.7,-4.2,-2.9,-3.3,-2.4,-2.0,0.1,-2.4,-2.6,-3.1
2C7L513kbo,0,48.102015,11.630572,4442491.89,2777835.55,538.2,583.8,239,7384,2.6,0.79,0.37,32.66,348.96,-0.53,-0.103,0.842,-0.7,0.1,-0.32,0.19,2.7,0.2,-0.3,-2.0,-3.4,0.6,-2.7,1.1,-1.0,-2.5,-0.2,-2.0,-0.2,1.3,1.5,1.2,-1.8,-2.1,-1.5,-2.6,-3.8,-3.1,-5.1,-6.2,-6.5,-4.5,-3.5,-3.9,-1.8,-1.4,-3.5,-2.7,-5.9,-3.8,-9.8,-3.8,-12.1,-5.6,-1.2,-0.9,-3.2,-2.5,-5.8,-0.6,-3.9,-0.3,-2.8,2.4,-5.1,1.0,-1.7,-2.4,-2.7,-1.8,1.7,-2.3,0.5,0.0,-3.6,-2.4,-2.7,0.7,-2.0,-1.4,0.8,1.5,0.9,-8.2,-1.2,-1.4,1.2,-2.6,-2.2,-2.7,-2.2,-1.8,2.5,-2.4,-0.2,-2.2,-1.0,-1.9,-5.5,-0.6,-2.1,-5.3,-4.9,-5.2,-7.8,-6.2,-18.0,-8.6,-6.7,-7.2,-7.3,-8.2,-6.3,-1.8,-2.2,-6.1,-4.8,-4.5,-4.7,-7.9,2.0,-4.7,-1.7,-5.0,-1.7,-0.8,-1.9,-0.1,-0.1,-1.3,-0.4,-0.8,-0.5,-0.8,0.5,-0.3,-1.4,-1.8,0.8,-1.2,-1.8,-0.9,-0.2,-1.0,-1.5,-1.6,-0.1,-3.0,-6.2,-6.8,-5.0,0.2,-6.1,-9.7,-8.9,-8.8,-8.3,-2.9,6.7,-6.1,-4.2,-4.0,-1.1,0.5,-1.7,-0.6,-1.5,-3.2,-1.6,-0.9,-2.5,-1.8,-0.4,-2.8,-2.8,-3.0,-4.2,-2.9,-7.8,-9.1,-9.2,-5.4,-8.5,-9.1,-4.4,-5.6,-3.0,-6.3,-6.1,-4.5,-7.1,-6.4,-5.1,-2.3,-3.0,-2.3,-3.9,-7.5,-1.0,-1.2,-2.3,-2.1,-3.6,-2.8,-3.3,-6.8,-5.5,-9.2,-7.0,-9.8,-12.5,-8.5,-10.9,3.4,-6.4,-8.9,-7.6,-7.5,-9.7,-9.9,-3.6,-3.0,-2.8,-3.5,-2.0,-3.1,-2.3
2C7L513kck,0,48.102469,11.634106,4442754.1,2777891.78,549.2,594.8,239,7442,4.1,0.61,0.5,32.68,348.96,-0.53,-0.103,0.842,0.9,0.2,-1.52,0.32,0.5,0.3,-0.3,-3.2,-1.4,1.2,-1.2,-1.1,-2.2,1.1,3.4,7.6,11.6,3.3,-4.8,5.8,2.5,1.1,-5.4,-8.0,11.1,-1.7,-1.4,0.8,-1.3,-0.3,1.3,5.1,2.9,4.0,-2.1,7.8,0.6,-2.5,-5.9,-3.1,0.6,-7.0,16.2,1.4,18.2,-3.5,12.3,13.6,-0.6,16.7,14.8,15.0,13.3,10.9,0.1,8.2,4.8,4.8,7.1,11.6,9.3,5.7,11.4,7.5,8.2,11.3,9.6,9.8,8.9,0.8,10.5,14.2,10.3,10.1,6.6,6.7,10.3,10.4,9.9,10.8,8.7,8.5,8.2,8.0,6.9,6.6,9.0,7.8,8.0,9.6,8.2,10.0,8.9,9.0,9.4,8.1,9.5,7.6,12.0,6.0,6.1,14.0,6.5,4.3,11.4,10.7,5.7,7.9,10.2,7.5,11.9,10.8,10.4,13.5,7.4,6.6,4.9,7.5,8.6,6.0,6.0,8.0,6.3,14.1,1.8,5.5,6.1,10.0,6.4,6.7,5.8,7.3,7.3,9.7,4.0,5.7,4.2,15.4,12.6,12.2,5.1,3.2,2.6,2.7,10.4,10.5,10.2,8.4,6.9,10.1,5.6,1.9,3.7,14.3,4.7,9.4,13.6,-3.1,3.3,9.0,7.1,8.1,7.3,11.0,11.1,11.8,7.1,8.7,8.2,11.0,6.4,10.3,10.5,10.9,8.6,9.3,7.1,10.6,6.3,7.4,3.7,11.7,6.7,9.1,10.2,11.1,10.7,8.4,8.4,3.0,10.1,9.8,7.3,6.5,8.5,6.2,10.5,7.9,11.5,7.6,7.1,1.1,5.5,8.2,3.5,8.6,8.7,12.3,8.5,5.6,8.3,7.2,5.9,11.6,15.0
2C7L513kZc,0,48.101045,11.622879,4441921.11,2777715.18,539.2,584.9,239,7248,1.4,0.96,0.1,32.6,348.92,-0.529,-0.104,0.842,-0.5,0.1,-0.16,0.1,0.8,0.1,-0.3,-0.6,-0.2,-0.4,-0.6,-0.1,-0.3,-0.2,-0.3,0.2,-0.0,0.8,0.5,0.6,0.6,-0.3,0.4,-1.3,-0.7,-0.1,-0.4,-0.2,-0.5,-0.1,-0.5,-0.2,0.5,0.6,0.7,-1.2,-3.0,-14.2,-5.1,-4.4,-4.7,-5.2,-3.9,-0.3,-1.7,-1.2,-1.1,-1.1,-1.4,-1.6,-1.4,-1.7,-1.9,-3.1,-1.1,-1.0,-1.7,0.3,-0.5,-0.6,-0.6,-0.9,-0.0,-0.8,-0.6,0.1,-1.0,-0.8,-0.7,0.7,-0.9,-3.0,-0.5,-0.5,-2.0,-1.4,-1.2,-1.9,-1.4,-0.6,-1.0,-1.7,-1.3,-0.7,-0.7,0.6,-0.3,-1.8,-1.0,-0.8,-1.3,-1.4,-1.9,-2.0,-2.2,-1.3,-2.0,-2.2,-3.8,-2.9,-3.2,-4.6,-1.7,-1.0,-1.7,-1.9,-0.8,-1.5,-3.0,-1.9,-0.4,-2.7,-1.1,-1.3,-2.3,-1.1,-1.3,-1.5,-1.4,-1.2,-1.5,-0.7,-1.0,-3.0,-2.2,-2.3,-1.7,-1.8,-1.1,-1.5,-2.0,-1.1,-0.9,-1.4,-1.2,-1.5,-2.1,-3.6,-4.9,-2.2,-2.1,-3.7,-3.9,-1.7,-4.5,-0.1,-0.3,-1.5,-1.5,-2.5,-1.9,-1.3,-1.8,-1.2,-1.5,-1.2,-0.7,-1.7,-2.9,-2.1,-1.9,-2.2,-3.1,-1.8,-2.3,-1.8,-2.3,-3.6,-3.1,-2.0,-3.2,-3.8,1.5,-2.9,-6.5,-0.9,-2.4,-2.5,-4.5,-4.5,-2.3,-3.0,-1.1,-1.8,-2.7,-1.6,-1.8,-2.3,-2.8,-2.8,-2.4,-2.6,-3.0,-2.5,-2.5,-2.7,-4.8,-4.5,-3.3,-4.4,-6.7,-4.2,-4.5,-3.6,-4.3,-4.5,-4.4,-4.4,-3.6,-4.8,-3.5,-3.1,-2.5,-3.8,-2.9
2C7L513kZi,0,48.1011,11.623308,4441952.92,2777721.99,544.6,590.4,239,7254,4.0,0.74,0.44,32.6,348.92,-0.529,-0.104,0.842,0.8,0.2,1.33,0.3,0.6,0.3,-0.3,-1.1,-3.1,-4.9,-5.4,-0.0,-1.8,-2.3,-0.9,-2.4,-3.6,0.2,-1.0,-0.8,-1.4,-1.1,0.0,-2.2,0.9,-0.5,-1.1,-1.5,0.7,-0.0,0.1,0.1,-1.3,-1.2,-1.3,-1.2,-2.0,10.5,-6.7,-3.9,-0.6,-3.1,-8.6,0.2,-0.4,-2.2,1.8,4.5,-3.1,1.0,-7.9,3.6,8.6,-0.6,0.7,4.5,0.7,1.6,0.6,0.7,0.6,1.1,-2.4,-1.1,1.5,-1.1,-1.9,-0.6,-0.9,0.8,-1.6,-1.3,-1.7,-1.5,-1.5,-2.4,-2.0,-1.9,-3.6,-2.0,-3.4,-0.9,-2.4,-1.0,-1.8,0.1,-0.7,-2.5,-0.2,-4.0,-4.4,-4.7,-0.7,-3.8,-1.1,-1.4,-3.4,-6.9,-2.3,-3.6,-0.6,-3.5,-5.1,-3.0,-2.6,-4.3,-2.4,-4.9,-4.3,-3.4,-4.1,-2.9,-3.3,-4.4,-1.3,-3.9,-1.0,-4.5,-4.4,-1.1,-1.7,-2.7,-2.7,-3.9,-3.8,-3.6,-2.8,-0.8,-1.8,-4.2,-3.8,0.9,0.6,-4.3,-3.2,-3.6,-2.2,-4.9,-3.6,-0.3,-3.0,-6.0,-1.8,0.9,-4.7,8.2,-1.0,0.4,-1.9,-1.5,4.0,-2.2,-1.4,-4.4,-1.2,1.0,3.2,-6.1,-3.1,1.4,-1.1,4.4,-2.4,0.4,2.9,-0.1,0.0,1.6,1.7,2.3,-1.6,-2.7,2.8,-1.0,-3.9,1.1,1.5,0.5,-0.9,-1.3,-6.7,-4.4,6.0,9.6,-0.5,11.2,2.3,-2.7,2.3,2.7,-1.5,0.2,17.2,-5.1,-1.6,-4.7,-3.2,-6.2,0.2,-8.5,6.7,8.1,17.2,-6.0,15.6,-2.1,11.4,20.0,-4.0,-3.9,5.4,19.9,0.6,-1.7,-1.1
2C7L513kZj,0,48.101101,11.62331,4441953.1,2777722.04,542.0,587.7,239,7255,2.0,0.89,0.28,32.6,348.92,-0.529,-0.104,0.842,-0.1,0.1,0.6,0.15,1.3,0.1,-0.3,-1.0,-1.8,-3.1,-3.0,-2.0,-1.1,-0.9,-0.0,-0.0,-0.5,1.1,0.7,0.3,-0.1,-1.3,-0.6,-2.5,-1.3,-0.9,-0.1,-2.1,-0.4,-0.1,-1.0,-0.1,0.4,-1.1,-3.1,-2.3,-2.6,-16.2,-5.9,-6.7,-5.5,-7.4,-5.3,-3.0,-4.3,-2.4,-2.4,-2.9,-3.0,-4.1,-3.1,-4.7,-2.6,-3.8,-3.4,-2.9,-2.8,-0.6,-2.7,-2.5,-2.7,-4.6,-2.4,-2.7,-1.8,-2.6,-4.2,-1.3,-1.9,1.5,-1.8,-4.4,-1.5,-1.7,-1.6,-2.5,-2.8,-1.6,-4.2,-2.7,-3.0,-3.2,-6.5,-3.5,-4.4,-3.4,-3.7,-4.2,-4.1,-4.7,-6.0,-5.9,-3.4,-4.9,-2.7,-3.3,-4.1,-6.6,-3.4,-5.7,-4.2,-6.5,-4.5,-0.5,-3.9,-3.7,-3.4,-5.4,-6.6,-4.9,-3.7,-5.7,-5.5,-6.9,-7.4,-5.6,-4.2,-3.4,-3.6,-4.0,-3.4,-4.5,-3.8,-0.4,-4.9,-4.2,-4.2,-0.0,-4.6,-4.1,-5.0,-2.9,-4.5,-5.2,-3.8,-5.4,-4.1,-6.2,-5.5,-3.1,-4.4,-6.3,-5.4,-3.2,-6.4,-2.4,-1.3,-5.4,-3.8,-3.2,-1.9,-2.9,-2.0,-1.0,-2.4,-2.3,-0.7,-4.6,-5.5,-2.3,-3.7,-3.7,-6.6,-3.9,-5.3,-4.6,-5.3,-3.5,-3.0,-2.8,-4.7,-5.7,2.1,-3.7,-5.4,-1.6,-3.3,-3.6,-6.7,-6.8,-5.4,-3.7,-0.7,-2.6,-3.5,3.0,-1.1,-2.2,0.6,7.0,2.0,-0.1,-2.7,-1.2,-3.2,-3.2,-6.7,-5.1,-3.6,-5.6,-7.4,-6.4,-6.8,-4.9,-5.9,-2.0,-4.3,-7.3,-2.0,-3.4,-2.1,-2.2,-1.9,-2.5,-2.3
2C7L513kZx,0,48.101212,11.624175,4442017.25,2777735.79,544.3,590.0,239,7269,3.8,0.69,0.43,32.63,348.96,-0.529,-0.103,0.842,0.2,0.2,-0.45,0.3,1.1,0.3,-0.3,-1.0,3.4,-1.4,-1.0,-1.1,-2.0,-0.1,-1.3,-1.7,-7.0,-1.9,-3.2,0.3,-1.7,2.4,5.5,-0.9,-3.6,5.2,7.9,-3.2,1.1,-7.6,4.9,-0.7,7.9,12.1,-4.5,-4.4,-0.2,-11.9,1.5,-6.3,1.4,-6.3,4.7,2.0,5.8,-7.8,5.5,8.3,3.8,3.8,10.7,1.1,11.6,-13.5,2.4,2.7,2.2,4.2,3.1,-8.4,-2.4,-2.6,0.8,-1.8,2.1,-1.4,-2.4,-2.0,0.2,-2.8,1.9,-3.5,-3.8,-0.2,-4.1,-3.8,-1.3,-1.9,0.1,-0.4,-1.8,1.6,0.6,0.6,-0.4,1.5,-0.8,-1.0,1.9,-1.6,1.1,5.0,-0.8,-0.8,-0.6,2.1,0.9,2.9,3.8,6.0,3.1,-2.9,5.7,4.4,2.8,0.9,0.2,-1.4,2.0,-0.4,-0.1,1.7,-1.3,0.3,-0.4,-0.2,2.0,0.9,1.9,-1.0,2.8,-0.5,-0.6,-3.6,0.3,-0.1,-0.2,0.8,3.0,1.9,-1.5,1.1,0.6,1.4,0.8,0.6,-1.3,-3.4,-1.0,2.1,1.5,-1.7,-2.6,-0.4,-0.8,3.1,-0.2,0.8,4.1,-2.0,0.1,0.4,-0.2,-8.1,3.1,5.3,5.9,-1.2,-8.8,-7.4,2.5,-1.5,0.8,3.1,7.0,7.5,6.0,7.1,-3.5,8.7,5.5,3.8,-7.5,10.8,1.1,5.1,3.9,2.8,3.2,0.9,1.1,-0.1,3.9,3.9,2.7,3.2,6.4,5.7,2.0,2.0,1.2,-6.2,7.1,-0.5,6.7,-0.7,3.6,0.4,4.4,-1.3,-2.7,-0.7,0.0,-0.5,-0.9,-1.7,1.3,4.4,-5.0,-1.3,3.0,-2.0,-6.5,-8.2,-5.7
2C7L513kao,0,48.10159,11.627114,4442235.36,2777782.59,540.4,586.1,239,7322,2.5,0.86,0.38,32.65,348.96,-0.529,-0.103,0.842,-0.9,0.1,0.47,0.19,0.2,0.2,-0.3,0.8,1.1,1.7,1.7,1.5,3.8,-0.8,0.1,-0.8,-11.7,0.9,4.8,3.5,3.7,-0.1,-1.6,-0.8,1.8,-0.6,-4.6,-3.4,-1.9,-3.7,-0.4,0.2,1.0,-0.4,-1.9,-3.3,-5.2,-10.5,-7.3,-6.8,-4.5,-1.7,-2.1,-1.3,0.2,2.0,1.1,0.8,-0.3,-0.6,-0.9,-0.1,-0.6,-2.0,-1.9,-2.1,-1.3,-0.3,0.0,-1.2,-0.1,-1.3,-2.0,-2.7,-2.3,-1.5,-2.2,-2.6,-2.0,-3.3,-1.2,-3.2,-3.0,-1.4,-10.6,-2.4,-1.6,-1.0,-1.2,-4.5,-2.1,-4.2,0.4,-0.3,-1.5,-0.0,-2.4,-1.8,-1.5,-1.6,-3.0,-4.7,-5.1,-4.9,-3.8,-2.3,-4.6,-2.7,-5.3,-5.5,-1.8,-3.0,-1.9,-3.2,0.2,-4.6,-2.8,-4.5,-4.2,-2.5,-2.0,-4.0,-2.1,-2.9,-3.5,-3.7,-2.4,-5.5,-3.7,-6.1,-4.2,-4.7,-2.5,-2.1,-2.2,-3.3,-2.0,-2.6,-3.1,-5.7,-6.2,-4.7,-4.5,-1.6,0.3,-0.7,-2.4,-5.6,-0.4,-2.8,-2.0,-1.2,-3.3,-4.6,-1.7,-1.0,-1.8,-10.3,-6.4,-6.9,-5.2,-3.0,-3.6,-7.2,-4.4,-4.1,-4.0,-5.8,-5.4,-5.6,-4.9,-3.4,-2.3,-4.2,4.3,1.9,-2.8,-9.2,-9.8,-5.8,-9.3,-6.1,-0.4,-3.7,-5.1,-1.9,-1.3,-1.7,-6.8,-6.8,-6.3,-3.6,-7.9,-3.8,-4.6,-15.6,-2.9,-3.9,-3.9,-2.4,-5.1,-1.7,-4.1,-5.0,-2.7,-4.5,-5.0,-4.7,-4.1,-2.4,-4.5,-5.4,-4.6,-4.5,-4.5,-6.1,-5.5,-6.2,-5.2,-4.9,-3.1,-5.6,-5.4,-4.1,-4.3
2C7L513kb1,0,48.101685,11.627858,4442290.52,2777794.41,542.7,588.4,239,7335,2.5,0.86,0.38,32.65,348.96,-0.53,-0.103,0.842,-1.4,0.1,-0.2,0.19,1.1,0.2,-0.3,-2.0,-0.7,-0.4,-1.6,1.5,4.7,0.3,-0.7,0.1,-0.6,-0.5,0.9,0.6,2.0,-2.7,-0.9,2.0,1.8,-2.4,-1.6,-3.2,0.8,-3.7,0.5,1.0,1.6,0.6,7.2,-5.7,-5.0,-11.5,-4.8,-4.4,-3.9,-2.8,-2.3,0.8,-2.2,2.8,-1.5,-3.1,-2.5,-2.0,-2.0,-2.9,-2.4,-0.7,-4.3,5.3,0.4,0.7,-0.5,0.4,-0.6,-1.7,-1.6,-1.2,-0.3,-0.1,0.4,0.3,1.7,0.8,2.3,-0.5,0.2,-3.4,-5.6,-1.2,-1.9,3.3,6.1,-1.3,1.6,1.2,-2.2,-0.6,-1.5,2.2,-3.2,-1.3,-1.2,1.1,-3.1,1.3,0.5,0.4,-3.1,-0.9,-1.1,-3.2,-14.9,-7.7,-4.5,-1.9,-5.1,0.2,0.4,-2.5,-4.2,-4.1,-1.0,-2.5,-2.2,-3.8,-2.0,-3.0,-7.5,-3.8,-4.3,-2.7,-6.2,-4.3,-3.1,-1.0,-1.4,-2.9,-1.1,-1.7,-1.7,-0.7,-0.4,-2.3,-4.4,0.2,-2.6,-1.3,-1.1,-3.9,-4.2,-4.2,-2.5,-2.7,-4.7,-6.0,-3.6,0.2,-4.8,-0.9,-7.2,-0.4,-2.6,-7.3,-6.3,-1.2,-3.8,-2.1,-3.0,-2.8,-5.9,-2.8,-3.2,-3.1,-4.8,-2.1,-8.1,-6.9,-5.2,-2.2,-4.5,-4.4,-3.4,-7.9,-5.9,-4.7,-3.6,-7.6,-5.1,-5.1,-5.9,-6.2,-6.9,-8.0,-8.4,-1.7,-2.5,-6.1,-2.3,-7.9,-3.0,-4.7,-5.7,-11.9,-2.2,-5.7,-4.5,-7.8,-4.2,-7.3,-10.5,-9.9,-6.1,-2.6,-8.1,-6.2,-6.9,-8.8,-5.3,-6.4,-7.0,-7.7,-11.5,-4.8,-3.5,-6.3,-5.6,-6.9,-6.5
2C7L513kbH,0,48.10182,11.628907,4442368.34,2777811.1,547.6,593.3,239,7351,1.2,0.95,0.22,32.65,348.96,-0.53,-0.103,0.842,-0.5,0.1,-0.26,0.09,0.8,0.1,-0.3,-0.3,0.3,-1.3,-0.4,-0.3,0.6,0.4,0.5,0.7,0.4,0.1,0.3,1.7,-0.9,1.3,0.8,0.8,-1.2,0.0,1.2,-0.2,1.0,1.1,2.2,2.9,2.0,0.2,1.9,2.8,0.9,-1.5,-3.4,-2.4,-2.0,-2.1,1.6,4.5,2.7,5.0,3.0,2.1,2.1,3.7,0.7,0.1,0.9,-1.1,1.4,0.8,2.1,0.7,0.4,1.3,-0.4,-0.6,-0.7,0.1,-0.0,0.3,-0.0,0.1,-0.6,0.4,-0.7,1.0,-1.0,-0.6,-0.6,0.6,0.3,-2.1,0.3,-0.4,0.5,1.0,0.6,0.8,0.2,-0.4,-0.6,0.5,0.6,0.4,0.7,-0.9,2.0,1.7,-0.5,2.6,3.5,0.4,1.0,-0.2,2.4,1.2,1.8,1.6,5.1,0.9,0.9,-0.4,2.0,1.3,2.3,1.3,1.4,1.4,0.3,-0.0,0.4,-0.1,0.9,0.4,0.4,-0.2,-0.2,-0.4,-1.3,-0.0,-1.1,0.1,-0.3,-1.3,-1.6,0.6,0.9,-0.7,1.0,0.1,-0.6,0.1,1.8,-0.5,-0.4,2.2,0.5,1.3,1.2,2.3,2.9,1.4,-1.2,0.3,-0.5,-1.6,-0.1,-1.3,0.1,-0.1,-0.8,-1.8,-1.2,-0.7,-2.8,-0.7,-1.7,-1.6,-0.8,-0.3,-1.1,0.3,0.8,-1.2,-0.8,-1.7,1.6,0.8,0.0,1.0,1.3,-0.9,-1.2,-3.6,-1.4,-0.4,-0.7,-2.1,-0.1,-2.7,-0.5,-2.8,-0.9,-2.1,-1.6,-2.2,1.3,-3.0,1.0,0.8,-4.1,-4.0,-2.1,1.0,0.5,0.8,0.2,-0.8,-1.4,-2.1,-3.7,-1.8,0.2,-0.7,-1.5,-2.0,-3.2,-2.6,-3.8
2C7L513kbR,0,48.101851,11.629149,4442386.3,2777814.98,531.4,577.1,239,7361,1.7,0.92,0.34,32.66,348.96,-0.53,-0.103,0.842,-0.1,0.1,-0.12,0.13,0.8,0.1,-0.3,-3.7,-0.5,-2.8,-0.2,-1.8,1.9,2.5,-2.8,-3.4,1.2,-0.9,-0.7,-0.7,-1.6,-0.6,-1.8,-0.7,-1.4,-2.9,0.8,-3.0,-2.4,1.1,-3.7,0.8,0.4,1.9,-0.3,2.6,-4.7,-4.3,-2.8,-6.2,-4.7,-3.3,-1.3,-0.6,-0.3,5.5,1.3,-0.1,0.0,1.7,0.8,0.3,-2.7,-0.9,-0.8,-0.4,0.2,1.1,-1.0,0.4,-0.3,-0.0,0.9,0.9,1.1,-0.1,-0.1,1.7,0.8,-0.5,-0.3,3.0,-0.9,-0.5,-1.1,-3.0,-1.1,-2.0,-2.4,-0.2,-0.7,-2.8,-1.7,-1.6,-1.5,-0.8,-2.5,-3.4,-1.9,-0.6,0.1,-1.3,-1.4,-1.5,-0.4,-2.0,-4.8,-1.8,-3.2,-5.2,-2.0,-1.7,-0.1,-3.7,-0.0,-1.4,1.4,-6.4,1.3,1.7,-1.1,1.9,-0.4,-0.9,-1.8,-1.4,1.3,-2.8,0.1,0.2,1.3,0.6,-0.4,-0.9,1.6,0.6,-1.0,-0.6,-1.0,-0.4,-1.4,0.1,-1.3,-2.4,0.2,0.2,-3.3,-1.5,-1.5,-3.0,-0.3,-1.1,-1.9,-1.8,-0.4,0.6,-0.2,-0.1,-1.5,-0.9,0.6,-2.3,-2.0,-0.1,-0.7,-0.3,0.0,-0.2,-0.3,-1.3,-1.6,-0.8,-0.1,-0.6,-0.7,0.0,0.3,0.1,-1.8,-1.7,-3.4,0.9,1.2,-0.2,-2.1,0.1,3.4,0.8,-2.7,-4.4,1.0,1.1,1.5,-0.8,-0.6,2.0,0.3,-1.6,0.0,-1.3,-0.6,-1.2,-1.5,-2.5,-1.4,1.5,-3.5,-6.6,-3.8,-0.5,-3.9,-0.4,1.7,-3.0,-1.0,-0.9,-2.9,-1.8,0.5,0.2,-1.1,-0.7,-2.1,-0.6,-1.5
2C7L513kbS,0,48.101872,11.629315,4442398.58,2777817.61,536.7,582.4,239,7362,1.6,0.93,0.26,32.66,348.96,-0.53,-0.103,0.842,-0.6,0.1,-0.38,0.12,0.4,0.1,-0.3,0.0,0.0,0.8,-0.6,0.2,0.6,1.1,0.1,2.4,-0.9,3.7,3.4,0.3,1.0,-1.0,-0.6,2.9,-1.4,0.3,-1.5,-0.4,0.2,-0.1,0.8,2.2,6.2,2.4,1.2,1.6,-1.3,-6.0,-5.1,-3.1,-2.4,-3.1,-2.6,0.1,-1.9,0.5,-1.3,1.0,-1.0,0.4,-0.3,-1.0,-1.0,-1.6,-3.0,-2.9,-1.7,-1.3,2.1,-0.2,-2.5,0.3,-0.6,-0.8,0.3,0.4,-0.0,-2.0,-0.3,-0.2,4.1,0.3,2.3,-0.2,-0.5,-0.4,-0.5,-0.2,-0.7,-2.0,0.1,-3.2,-0.2,1.3,-0.6,1.8,-0.8,-0.4,-0.6,-0.1,-0.7,-0.4,-0.1,-1.3,-0.3,-2.1,1.5,-1.4,-0.8,-2.2,3.4,3.7,-1.8,-0.7,2.3,2.1,0.9,-0.4,0.1,0.1,-0.3,1.1,0.5,1.3,0.1,1.3,-2.8,-1.0,0.2,-1.9,1.3,-1.8,-1.5,-1.0,-0.9,-0.5,-1.2,-0.7,-0.5,1.7,0.2,-1.4,1.2,-0.8,-0.4,0.5,-2.9,-1.7,-0.8,0.9,1.6,-1.4,-2.8,0.1,-1.6,2.0,0.0,-3.5,-1.1,-2.5,-2.1,-2.0,-1.3,-1.7,-0.9,-1.3,-1.1,-1.8,-2.2,-2.7,-1.8,-1.7,-1.1,-1.0,-1.6,2.0,-0.1,-0.8,-1.3,1.0,-4.6,-0.1,0.6,0.2,-3.4,-0.6,0.5,-0.1,-4.0,-5.0,-4.5,-3.5,-3.0,-2.0,-3.2,-0.8,-2.0,-1.7,-2.1,-0.9,-0.4,-0.9,-1.9,-1.6,-3.8,-0.8,-2.5,-3.6,-2.8,-3.7,-4.5,-3.4,-6.2,-2.2,-4.2,-4.0,-3.9,-3.2,-3.9,-3.1,-4.3,-2.7,-3.3,-2.9,-3.4
2C7L513kbs,0,48.102065,11.630817,4442510.07,2777841.52,539.0,584.7,239,7388,2.3,0.86,0.35,32.66,348.96,-0.53,-0.103,0.842,-0.8,0.1,0.35,0.18,1.0,0.2,-0.3,-0.4,0.5,-0.7,0.9,0.0,-0.8,1.0,-0.3,1.4,2.0,1.3,0.5,-1.8,0.8,-2.1,-3.7,-4.7,-2.8,-4.4,-1.9,-2.1,-3.3,-2.4,0.4,-2.0,-0.4,-1.7,-1.0,-1.6,-3.2,-9.5,-9.4,-7.6,-7.0,-4.6,-6.8,-1.7,-3.4,-1.4,-2.0,0.0,-1.2,-0.5,-2.8,-0.7,-0.6,-2.1,-4.5,-0.8,-2.3,-1.0,0.4,-0.4,-0.7,-0.0,-0.4,-1.3,-1.5,0.1,-0.7,-1.4,1.0,3.1,0.3,-4.9,-2.7,-2.3,-0.4,-1.5,-3.7,-5.5,-2.0,-3.1,-1.8,-3.5,-1.4,-3.1,-1.7,-2.3,-1.8,-2.5,0.0,-1.8,0.7,-3.7,0.3,-1.3,-0.4,-1.3,-2.5,-0.8,-3.1,-6.9,-2.0,-2.9,-0.2,-3.8,-3.2,-3.1,-4.2,-2.4,-4.2,-4.7,-2.1,-2.5,-2.0,-2.7,-1.4,-3.4,-4.0,-4.7,-1.4,-1.4,-2.0,-1.5,-2.8,-2.1,-1.5,-3.4,-3.9,-1.7,0.8,-3.9,-7.5,-6.5,-3.6,-4.1,-3.4,-3.7,-6.0,-6.4,-8.8,-5.9,-5.5,-12.0,-9.4,-9.4,-6.3,-0.4,2.2,-3.8,-5.3,-3.5,-2.5,-2.6,-1.2,-3.1,-0.8,-3.3,-7.1,-12.6,-7.3,-7.2,-4.4,-5.5,-3.1,-3.5,-1.8,-4.6,-1.3,-6.3,-5.4,-4.4,-6.0,-6.6,0.8,-3.0,-4.7,0.7,-2.7,-1.9,-4.2,-2.7,-5.9,-4.5,-6.0,-5.7,-3.8,5.5,-5.1,-4.9,-5.1,-6.8,-1.6,-4.2,-4.9,-7.8,-6.8,-6.3,-8.0,-7.0,-5.2,-2.9,-5.0,-8.9,-1.3,-3.2,-3.3,-3.5,-3.4,-4.9,-4.0,-3.0,-2.9,-3.5,-5.4,-3.5,-7.0
2C7L513kcQ,0,48.102317,11.632781,4442655.74,2777872.76,540.6,586.3,239,7422,4.1,0.63,0.45,32.67,348.96,-0.53,-0.103,0.842,-0.1,0.2,-0.29,0.31,2.3,0.3,-0.3,-0.3,1.8,1.5,1.3,2.3,-3.9,-0.0,0.5,1.9,6.2,2.8,0.6,11.5,-0.7,-3.3,-3.0,-11.0,-6.4,-0.2,0.7,6.0,3.4,-2.9,-3.1,-2.0,-0.7,-4.3,2.4,-4.3,-4.3,-8.1,-8.9,-8.3,-4.0,-8.4,-4.9,-1.7,-2.5,-2.8,-7.4,-2.0,-7.9,-6.2,-8.2,-6.9,-7.6,-7.3,-5.7,-5.3,8.4,-1.0,-0.6,-1.5,-2.0,-3.7,-1.8,-4.8,-0.8,-3.2,-3.5,-3.3,-2.8,-7.0,-5.3,-5.4,-6.3,0.6,-1.2,-0.3,1.3,-1.9,1.7,-1.8,0.5,1.9,-13.4,-4.5,-6.9,-0.7,6.4,-2.5,-1.8,-0.1,-8.9,-4.5,-8.0,-4.7,-5.8,0.8,3.1,-4.2,-6.1,-2.2,-5.4,-2.1,-7.1,-2.4,-4.2,-3.2,-9.7,-3.5,-1.6,-8.2,0.7,0.8,0.3,1.8,1.1,1.7,4.7,2.2,1.0,2.6,1.8,2.2,1.4,2.9,1.4,0.9,1.1,1.2,-3.5,0.2,-3.5,-4.6,0.3,1.7,2.6,-0.7,-0.6,3.2,7.7,1.0,-9.9,-4.0,-6.4,-5.4,-7.1,-2.9,0.9,-4.2,-2.9,-1.9,-3.2,0.9,-0.0,8.9,-2.2,-2.9,-4.5,-0.9,-0.7,-2.8,-2.2,-3.0,-0.3,1.3,1.3,-3.5,-3.4,-7.0,-9.8,-6.2,-9.3,-9.5,3.9,-4.6,-17.0,-10.9,-9.9,-14.4,-15.4,6.0,-0.5,-0.9,6.1,-1.1,1.9,5.2,-1.6,0.4,0.6,3.5,-0.1,-0.7,-0.3,1.4,-1.5,0.1,-5.2,1.5,-2.2,-3.9,-7.3,0.5,-2.4,-3.1,-0.8,0.4,-17.5,-2.4,-2.5,-5.6,-2.7,-2.6,-5.2,-6.5,-4.7
2C7L513kcl,0,48.102492,11.634145,4442756.95,2777894.46,548.5,594.2,239,7443,2.2,0.88,0.4,32.68,348.96,-0.53,-0.103,0.842,-0.2,0.1,0.37,0.17,0.1,0.1,-0.3,1.2,-3.6,-1.1,-0.8,2.8,-1.7,-0.4,0.3,0.7,0.8,-4.0,1.3,-2.2,-1.8,3.4,4.1,1.4,0.9,0.1,0.3,-3.7,-0.4,3.9,5.0,0.6,1.1,-1.8,-7.4,0.4,-2.0,2.9,-4.1,-0.3,-3.0,-6.8,0.7,1.5,-4.8,2.1,3.2,-0.3,4.9,8.2,-2.1,2.2,5.8,1.5,1.2,-1.5,-2.7,-3.4,-2.6,-0.2,1.3,-1.5,1.6,2.9,-1.4,0.1,-1.5,0.8,-0.7,-5.2,-1.8,1.7,-1.6,-1.7,-1.4,-2.2,-2.1,-0.3,0.5,2.2,0.2,-0.4,-0.2,0.5,0.6,0.8,0.0,-0.5,-1.2,-0.8,0.5,0.9,-2.1,1.7,0.7,-2.4,-1.3,0.8,-1.2,0.1,-2.9,2.2,-2.1,1.6,0.7,2.8,-2.7,-1.2,-0.9,-1.2,1.5,0.4,1.1,0.6,-1.4,-0.3,-2.0,-1.1,-2.0,-1.4,-1.9,-0.1,0.2,0.9,-3.7,-2.6,-0.8,-0.4,-4.1,-1.8,-0.9,-0.9,-0.2,4.0,-2.2,-1.1,-2.8,-1.9,-2.0,3.4,-4.6,-4.1,-5.2,-5.3,0.2,-0.5,0.6,1.7,-4.9,-2.8,-2.3,-2.8,-1.4,0.7,-3.7,-0.7,-0.7,0.7,-2.8,-0.7,-1.3,-1.4,-2.7,-1.5,0.0,0.4,-2.2,-3.4,-5.1,-3.8,-3.0,-4.6,1.7,1.2,-3.0,0.5,-2.0,1.2,-3.7,-2.4,-3.6,-1.3,-0.0,-0.8,-0.1,-3.0,2.3,3.0,0.9,-1.1,1.6,-0.0,2.0,-2.2,-1.6,-2.7,-1.9,-0.8,0.6,-3.3,-0.7,-1.4,-0.7,-0.2,-1.5,0.2,-0.5,1.8,0.1,-1.1,0.8,-3.0,-1.3,-0.3,-0.1
2C7L513kcm,0,48.102496,11.634172,4442758.98,2777894.89,547.1,592.8,239,7444,3.2,0.76,0.43,32.68,348.96,-0.53,-0.103,0.842,-0.1,0.2,0.66,0.25,0.2,0.2,-0.3,5.7,-0.1,0.2,-0.0,3.8,3.9,0.9,-7.2,3.4,-2.7,-4.3,-7.6,0.5,-2.8,1.4,0.2,-1.7,-5.8,-6.1,-0.6,-6.2,-1.5,-11.6,2.9,-1.1,-3.1,0.6,-5.3,-5.2,-3.6,3.8,-5.1,-1.6,-4.2,-7.3,-5.3,-1.8,-2.3,-3.5,2.0,-4.6,-0.5,-4.2,-3.3,-2.0,-1.8,1.5,2.3,-2.5,-2.6,-5.2,-3.3,-3.9,-4.6,-6.1,-7.1,-5.1,-5.2,-5.6,-6.9,-4.6,-4.5,-6.7,-8.0,-5.4,-4.5,-7.2,-3.3,-6.4,-7.3,-7.3,-2.6,-2.1,-5.5,-5.3,-5.1,-2.0,-1.7,0.2,2.7,-2.3,-2.3,-1.8,-1.4,-1.6,-4.6,0.1,-6.3,-4.8,-3.9,-4.4,-3.2,-6.8,-8.6,-3.1,-6.1,-0.5,-2.2,-14.3,-4.6,-2.4,-4.5,-5.2,3.8,-3.7,-3.6,-6.1,-4.4,-4.6,-6.4,-7.3,-4.9,-3.6,-4.0,-5.0,-3.1,-2.5,-4.3,-5.2,-2.5,-3.9,-7.0,-5.5,-1.7,-3.5,-2.2,-9.4,-7.0,-7.6,-7.6,-1.3,-3.9,4.1,-2.6,-1.6,-4.1,-6.2,0.2,-3.2,-9.3,5.1,-7.4,-1.3,1.4,-1.4,0.0,1.6,-3.1,-1.4,-2.4,0.5,-6.2,-0.4,-1.7,-1.9,-9.5,-7.6,-6.2,-2.5,-4.5,-5.3,-8.5,-5.9,0.3,-5.6,-7.4,0.5,-5.8,-4.2,-5.1,-12.0,-5.7,-3.3,-2.9,-0.3,1.0,-4.0,1.6,-3.3,-0.7,2.9,-3.6,2.6,1.0,0.6,-1.1,-1.5,-2.7,-2.6,-3.4,-5.4,1.5,-5.4,-4.0,-3.8,-1.4,1.5,-3.3,-0.0,-2.8,-1.9,-2.5,-5.1,-1.7,-4.7,-4.1,-15.4,-4.1
2C7L513kcp,0,48.10249,11.634128,4442755.7,2777894.21,535.7,581.4,239,7447,3.5,0.76,0.43,32.68,348.96,-0.53,-0.103,0.842,0.0,0.2,-0.49,0.27,1.0,0.2,-0.3,-0.0,-0.1,-1.4,-0.9,-1.0,-3.3,0.8,-0.4,-0.4,-12.5,-0.4,-4.1,-0.3,-0.2,0.8,1.5,1.3,2.4,0.0,0.4,1.0,6.0,0.5,-1.4,3.1,4.0,-8.6,-11.0,-11.6,4.2,-7.6,-2.2,-1.5,-0.6,-1.2,-2.4,-1.0,-5.2,0.3,2.9,-1.0,-5.9,1.4,-1.3,0.7,-0.4,-0.7,-2.2,-2.9,0.7,0.1,-2.1,0.5,-1.7,-0.5,0.3,-0.3,0.7,-0.5,1.3,2.0,-1.3,2.0,2.7,-3.0,-0.2,-1.2,-2.5,0.3,0.8,2.0,2.6,0.8,3.1,1.1,0.6,0.4,0.6,-1.7,-1.5,-1.6,-0.8,0.7,1.1,3.1,-0.4,-2.9,-4.1,-2.3,-2.4,3.7,2.8,3.8,-3.4,3.4,-0.9,-0.8,2.6,-18.5,-0.4,-1.7,-5.3,-2.7,-1.2,-1.5,-2.1,-4.0,-2.2,-3.3,-1.3,-5.8,-5.3,-2.1,-7.2,-3.2,-10.1,-7.8,0.2,-4.4,-7.6,-5.4,-4.5,-4.0,-0.6,0.9,2.8,0.1,0.5,-3.5,-3.2,1.0,1.0,-2.7,-1.2,-6.3,-4.7,-17.8,-2.5,-3.9,2.5,1.5,5.3,-0.4,0.5,1.6,2.3,1.6,2.2,1.4,4.4,1.9,3.9,3.1,4.2,4.0,3.6,3.2,4.0,2.5,2.6,-0.5,-7.9,-0.3,-2.6,-2.8,2.6,2.5,-0.9,0.4,1.8,8.2,1.4,0.3,1.6,0.4,-0.3,0.8,0.1,0.1,-1.0,1.2,-0.9,0.3,-5.0,5.0,-3.0,-1.2,-1.6,-0.9,-4.2,-0.8,-1.1,-3.7,-6.4,-1.6,2.4,-2.6,-4.1,-3.7,-5.9,-4.0,-6.9,-5.2,-5.6,-6.5,-2.0,-4.3,-1.6
2C7L513kdI,0,48.102729,11.635992,4442893.94,2777923.84,547.6,593.3,239,7476,1.3,0.95,0.2,32.68,348.96,-0.53,-0.103,0.842,-0.4,0.1,-0.2,0.1,0.9,0.1,-0.3,0.6,-0.2,0.1,-0.7,0.1,-0.8,1.2,0.2,0.2,-2.0,0.3,0.4,-0.8,-0.8,-1.4,-0.2,-1.2,-0.7,-3.0,-3.2,-2.6,-4.2,-0.6,-2.0,-0.5,-1.2,-2.4,-0.1,0.8,-2.0,4.0,-5.4,-2.5,-4.6,-3.0,-2.9,-1.2,-1.2,0.3,-1.2,0.6,0.3,-2.5,-0.9,-0.6,-1.1,-0.1,-0.4,-1.1,-0.6,-1.5,-0.7,-0.9,-0.3,-0.6,-1.0,-0.4,-0.6,-0.9,-1.0,-1.2,-1.1,1.3,-2.5,-0.1,-1.8,-1.8,-1.1,-1.2,-1.9,-2.3,-0.9,-1.2,-1.1,-2.2,-1.0,-2.2,-1.9,-2.2,-2.8,-3.0,-2.9,-0.9,-1.4,-1.2,-2.4,-0.9,-1.2,-1.7,-3.0,-2.4,-0.8,-2.6,-6.9,0.2,-1.5,0.8,-0.4,1.1,0.1,-0.0,-1.9,-1.4,1.3,-2.2,-1.5,-1.3,0.8,-0.4,-0.5,-0.3,-0.0,-0.1,0.0,0.6,0.4,1.4,-0.1,0.2,-1.0,1.1,0.2,-0.4,-1.4,-1.8,-0.6,-1.2,-1.3,-2.9,-4.6,-0.6,-2.1,-0.7,-1.0,-3.5,-4.0,-3.2,-2.8,-0.5,-0.3,0.6,-0.6,-1.9,-2.5,-0.3,-0.5,1.9,-0.5,-1.4,-1.9,0.2,-1.1,-0.7,-0.2,-0.8,-1.2,-0.6,-0.5,0.2,-1.0,-2.8,-7.3,-2.2,-6.9,-5.1,-1.7,-0.6,-4.0,0.1,-0.6,-1.6,-3.6,-3.5,-2.0,-1.5,-0.5,-2.2,-2.2,0.2,-2.3,-2.3,-2.0,-1.9,-2.5,-2.0,-2.3,-3.3,-3.2,-3.9,-3.4,-4.4,-2.4,-3.1,-2.6,-1.4,-3.2,-3.9,-3.6,-2.9,-3.3,-2.8,-3.4,-1.7,-0.9,-1.4,-1.7,-1.9,-1.4
2C7L5141dg,0,48.101535,11.626546,4442193.13,2777775.6,541.1,586.8,240,7312,4.1,0.62,0.48,32.64,348.96,-0.529,-0.103,0.842,0.4,0.2,-0.34,0.31,2.6,0.3,-0.3,-5.8,0.5,1.7,3.8,0.4,-6.7,1.7,6.3,3.0,0.2,-2.3,5.4,5.1,-2.2,-1.1,-2.2,-6.6,-4.6,-4.6,-3.8,3.1,-3.7,-1.5,-1.2,-4.6,-7.5,-6.6,-4.6,-4.4,-5.0,-5.3,-5.3,-8.5,-4.8,-2.0,-2.9,-2.3,-2.5,-0.0,-1.2,-2.7,0.9,-7.4,-1.9,-0.8,1.5,-0.4,-1.1,2.6,0.3,7.6,9.6,9.2,7.9,8.4,2.0,8.2,1.8,9.8,5.9,4.3,6.3,1.9,4.2,5.2,2.5,3.4,1.1,-1.4,-4.1,-0.2,0.6,-5.2,-6.3,-8.1,-2.0,6.7,1.0,3.2,6.1,3.1,-7.3,-0.3,-15.6,9.1,-7.9,-3.3,-6.6,-0.5,-0.3,-3.3,0.6,-2.6,1.4,-3.1,-3.5,-0.2,-3.9,-6.8,-6.7,-2.8,1.0,3.3,-0.4,1.9,-1.9,4.7,1.3,0.5,3.1,2.8,2.8,5.6,2.1,-6.3,6.0,-3.8,3.6,-2.0,6.0,3.5,2.9,6.2,7.6,8.7,7.6,5.8,6.1,6.9,2.3,0.5,1.1,-6.4,-0.0,-0.7,-7.7,-4.4,-1.8,-1.7,-0.8,-4.1,-0.4,-3.3,-2.7,-3.7,-1.6,-1.6,-2.2,-4.5,0.6,-10.4,-1.8,1.2,2.0,5.2,3.2,10.9,5.3,4.3,5.5,-0.6,-17.7,0.6,-2.8,-4.4,-0.2,-0.3,-4.3,-2.7,0.1,4.6,2.6,-4.1,0.5,-2.9,-1.5,6.1,3.6,4.6,3.4,3.4,4.0,4.8,2.4,4.0,2.0,-1.6,0.3,3.3,-1.1,-0.3,1.4,2.1,1.0,1.9,1.3,0.4,-2.6,0.1,1.4,1.0,0.3,2.4,2.3,-2.2,0.2,-0.9,3.0
2C7L5141dm,0,48.101598,11.62704,4442229.77,2777783.44,549.7,595.4,240,7318,2.6,0.8,0.36,32.64,348.96,-0.529,-0.103,0.842,-0.3,0.1,0.21,0.2,2.1,0.2,-0.3,2.0,0.1,0.3,0.9,0.1,0.1,-1.3,0.8,-1.7,-1.5,-1.8,-0.6,-1.1,-2.2,-1.9,1.2,-5.5,-1.3,-4.6,-2.5,-4.6,-1.0,-7.0,-1.4,-1.6,-1.0,-5.3,-2.6,-6.3,-7.0,-14.6,-8.6,-8.1,-6.0,-6.2,-6.3,-4.5,-5.6,-3.1,-5.7,-8.0,-1.8,-8.0,-6.2,-4.6,-4.3,-5.6,-5.3,-5.9,-2.0,-5.3,-1.4,-0.7,-1.6,-3.9,-2.4,-2.9,-0.5,-1.0,1.0,-2.3,0.6,9.0,0.0,1.0,-1.0,-1.8,-4.3,-0.6,-3.2,-2.6,-3.3,-4.2,-4.0,-2.6,-3.4,-0.0,-3.0,-0.8,-4.5,-4.5,-5.2,-5.7,-4.2,-4.6,-5.0,-6.8,-6.8,-4.3,-4.3,-5.0,-7.0,-7.1,-3.3,-7.4,-7.9,-7.7,-3.9,-5.1,-5.8,-4.7,-5.6,-2.9,-5.7,-3.6,-4.5,-7.7,-6.5,-5.3,-5.7,-5.3,-7.3,-3.0,-6.2,-3.8,-4.9,-11.3,-7.5,-9.9,-4.4,-8.8,-10.7,-4.9,-6.5,-2.5,-1.5,-4.4,-2.2,-4.2,-6.0,-8.9,-2.6,-4.8,-0.9,-6.1,-7.0,-4.5,-3.0,-2.9,-1.2,-1.3,-0.1,-2.4,-2.5,2.6,1.2,-4.4,-0.3,0.7,4.2,8.0,-2.6,-2.0,-2.2,-5.1,-4.2,-2.7,-0.9,-3.2,-1.6,-6.6,-5.8,-3.8,-7.2,-5.9,-4.5,-5.7,-8.9,-7.7,-3.9,-7.9,-5.5,-7.2,-6.2,-6.9,-8.3,3.2,3.8,-5.5,-1.6,-3.6,-3.5,-3.6,-4.6,-5.1,-4.7,-7.3,-5.8,-4.9,-7.4,-7.7,-6.5,-6.3,-6.9,-6.5,-7.7,-4.7,-3.6,-4.4,-5.5,-6.6,-5.4,-3.7,-2.3,-1.9,-2.4,-3.8,-3.3
2C7L5141e6,0,48.101723,11.62801,4442301.78,2777798.91,539.6,585.3,240,7338,4.7,0.58,0.45,32.65,348.96,-0.53,-0.103,0.842,-0.6,0.2,-0.49,0.36,1.8,0.3,-0.3,-8.8,-7.1,1.8,-0.3,-3.6,-9.8,-0.5,0.2,2.6,0.6,4.3,-0.2,4.7,5.6,2.9,4.2,6.4,3.6,3.7,-0.0,7.0,4.6,1.5,1.6,7.7,5.9,4.8,-0.7,10.6,0.9,-6.7,0.6,-0.2,-0.5,-2.0,-0.9,-1.1,1.7,2.4,3.1,0.2,3.8,0.8,1.1,-0.0,2.3,0.6,-1.8,0.0,-0.7,0.1,-0.1,-13.2,7.1,-3.4,6.6,-5.3,-5.6,-9.9,-9.8,-2.2,3.4,-5.4,5.0,-6.4,7.2,-3.6,2.1,0.5,3.4,0.7,7.5,-2.8,-1.4,1.9,2.3,1.6,1.2,2.6,-1.0,4.1,-2.7,0.1,0.6,3.8,-2.5,-0.4,-1.7,-0.6,1.2,-4.5,-4.2,-3.6,4.3,0.3,6.5,0.2,1.1,2.6,-3.0,1.1,1.4,2.7,12.1,2.1,1.7,8.7,0.7,5.6,5.7,-3.3,-2.5,-2.5,-1.9,-1.3,-15.9,-0.8,-13.4,8.4,-13.6,6.2,-4.5,-14.6,-3.3,0.3,-3.2,-10.5,5.6,1.4,1.7,-2.4,4.7,3.8,1.1,0.1,-2.0,1.8,-0.4,-0.9,1.7,-4.9,-1.5,-0.1,2.3,-3.8,0.5,-5.2,5.3,-1.3,2.3,-11.6,-4.1,5.2,1.8,4.3,-1.5,-0.5,-2.6,6.6,6.4,2.0,4.7,4.8,-1.5,3.2,5.9,-12.3,0.2,1.3,1.7,4.7,2.5,-4.2,-5.2,-6.8,-12.8,8.1,4.1,3.4,3.8,5.0,0.0,-1.2,-1.5,0.2,0.3,-1.9,-0.5,1.6,-6.4,-1.7,-1.4,3.1,-2.5,-14.3,-0.5,-3.9,-1.2,-2.7,-4.7,-7.2,-6.2,0.4,-9.9,2.8,-9.4,-7.1,-12.9
2C7L5141e7,0,48.10174,11.628137,4442311.2,2777800.92,543.0,588.7,240,7339,3.2,0.77,0.39,32.65,348.96,-0.53,-0.103,0.842,-0.2,0.2,-0.18,0.24,1.3,0.2,-0.3,-3.5,-2.2,0.1,0.2,-1.6,-2.2,-1.2,-2.5,4.8,-5.0,1.0,0.5,6.7,-2.3,3.8,5.8,5.0,6.5,9.8,4.9,-1.5,2.3,0.5,2.8,3.4,4.9,2.8,2.0,-0.5,1.8,-4.3,1.5,-3.9,-3.8,-2.9,1.6,0.4,3.6,5.2,4.3,-0.3,1.8,5.7,5.1,0.5,-1.0,-3.5,-1.8,-0.9,1.3,-1.6,-0.1,0.2,3.0,-2.6,5.5,-1.6,1.7,-2.8,-2.3,-0.0,3.2,-0.7,-1.5,-1.1,0.1,-1.0,-7.1,0.0,2.4,1.0,0.4,-2.0,-1.9,5.0,4.5,3.2,1.8,-0.5,2.0,3.7,-2.1,0.8,0.4,1.9,-1.5,1.7,0.1,2.4,5.9,0.9,-0.8,-0.9,5.0,2.8,-0.5,-0.1,3.3,3.3,1.3,0.9,2.7,5.4,3.4,2.9,4.2,3.5,1.0,4.3,1.7,0.8,-2.8,-1.4,-1.5,-1.3,-2.0,-6.6,-3.6,-8.6,-2.5,14.4,-2.9,0.4,2.1,2.8,4.7,-5.5,0.7,0.2,-2.7,1.7,3.0,-0.3,3.3,2.2,0.2,2.0,1.9,4.5,3.5,-2.3,1.1,-2.0,0.7,-4.0,-3.3,-0.9,-2.7,-1.3,-0.3,-5.8,-2.3,3.0,1.8,0.4,-0.4,0.4,0.7,1.8,1.0,1.8,1.4,4.4,0.3,2.0,1.9,3.5,1.9,0.3,4.3,3.7,0.1,-2.9,-3.3,-4.0,-11.7,10.3,3.2,11.7,1.3,0.8,2.9,2.0,-1.4,3.7,3.5,-2.2,3.5,2.7,-1.3,-0.8,1.7,2.4,-0.1,-2.6,1.4,1.7,1.0,-2.8,-1.6,-3.8,-5.1,0.7,-1.8,-1.5,-5.4,-4.9,2.0
2C7L5141eA,0,48.101767,11.628348,4442326.86,2777804.28,545.0,590.7,240,7342,3.8,0.71,0.42,32.65,348.96,-0.53,-0.103,0.842,-0.8,0.2,0.26,0.29,1.5,0.3,-0.3,-0.3,-2.3,-0.1,-2.0,1.1,3.7,-2.6,-0.9,-2.5,3.0,1.6,-0.2,-2.2,0.7,-3.1,-0.1,0.7,-2.3,-8.8,-2.8,-0.1,-5.3,-1.7,-4.8,-3.7,-1.4,-3.9,4.3,-3.4,-5.3,-8.0,-6.9,-5.6,-4.0,-5.0,-2.6,-0.0,-1.7,-0.3,-3.5,4.3,-2.5,-1.4,1.8,-3.5,-2.2,-1.9,7.3,0.2,1.3,-0.8,0.8,-2.4,-1.9,-2.4,-3.0,-3.0,-0.8,-4.0,-2.5,-0.3,-5.2,-5.0,9.3,-3.4,0.4,-1.5,-8.0,-0.9,-3.1,-0.4,-3.7,-4.9,-4.0,-5.0,-2.3,-2.2,-5.8,-0.3,-4.2,-3.8,-4.7,1.6,-3.9,-1.7,-6.1,-3.1,1.5,-3.9,0.3,-3.6,1.2,-7.8,-0.3,-1.5,-6.9,2.0,-0.8,-1.9,-4.0,-7.2,-1.3,-0.2,5.0,-2.3,-3.9,-3.5,-4.4,-8.5,-6.2,-3.4,0.5,0.1,3.2,2.2,-1.4,-1.2,-1.3,-3.6,0.1,-5.7,-5.6,-4.6,-5.0,-3.3,-4.8,-3.5,-2.8,-2.2,-4.7,-1.6,-3.0,-17.0,-2.6,-4.5,-7.2,-4.9,-4.7,-2.3,2.7,-3.8,-1.8,-5.9,-2.6,-3.3,-4.0,-4.1,-3.8,-2.2,-6.2,-4.4,-3.0,-3.2,-2.5,-3.5,-6.9,-6.3,-9.7,-3.0,-10.4,-4.6,-3.5,-3.1,-10.3,3.1,3.5,1.5,-3.1,-17.7,2.6,-1.4,-9.9,-10.2,-6.0,-5.5,-3.0,1.5,5.0,-14.7,1.8,1.8,-1.5,-4.8,-1.9,2.3,-4.2,-0.2,-4.0,-2.6,-17.3,-14.2,-18.9,-13.0,-14.2,-4.2,-4.7,-2.0,-5.7,-4.4,-1.6,-7.9,-6.1,-5.6,-4.2,4.2,-3.9,-0.2,7.8
2C7L5141eQ,0,48.101877,11.629206,4442390.48,2777817.93,542.7,588.4,240,7358,2.2,0.89,0.36,32.65,348.96,-0.53,-0.103,0.842,-0.0,0.1,0.03,0.17,0.4,0.1,-0.3,-1.1,0.9,0.2,-3.6,-0.3,-0.7,0.9,-0.5,1.0,1.7,1.7,0.8,1.2,2.3,1.9,0.3,1.2,-0.2,-0.3,0.1,-1.5,-0.2,-1.5,0.9,2.5,3.2,0.5,2.0,-0.8,-0.1,-4.1,-3.8,-0.5,-2.9,-3.6,0.6,-0.8,0.4,-0.7,0.4,-1.1,0.1,1.4,-0.3,1.5,-3.0,-1.0,-1.4,-1.4,-0.0,-1.6,0.4,-1.4,-1.0,-0.3,-0.2,-0.1,-1.4,-0.0,-0.1,1.2,0.1,-10.2,1.1,1.2,0.9,-1.3,1.4,-1.1,-0.9,0.0,-1.4,-0.6,0.8,0.3,0.7,-0.1,0.1,2.2,-1.6,-0.5,-0.4,-2.0,-0.5,-1.5,-0.6,-0.2,0.8,0.4,0.5,-0.4,-0.4,-3.8,1.8,-2.1,-3.6,-2.2,2.5,0.7,0.1,-1.4,-1.8,4.8,-0.1,-1.7,-0.7,0.3,-1.1,-0.2,0.3,-1.7,-0.4,0.5,0.3,1.5,0.0,-0.6,-1.6,1.5,-0.5,-4.5,-0.9,-0.4,-0.3,0.5,3.3,0.2,-0.4,0.9,-1.9,-0.5,-1.5,-3.8,2.1,0.1,-1.4,1.0,-1.0,1.9,-1.1,1.8,-0.2,-6.8,-3.0,-1.3,0.4,-5.3,0.3,-0.0,-0.3,0.0,-0.0,-1.4,-0.6,-0.5,-0.6,-0.6,-1.3,1.5,-1.1,1.2,0.5,0.0,-2.9,3.6,2.5,2.3,-2.8,0.2,7.2,1.9,-1.0,-1.0,-2.1,-0.1,0.5,-0.2,-1.9,2.8,-1.4,-1.4,-1.3,0.3,1.2,-1.5,-1.6,-2.1,0.3,0.5,-7.8,-5.4,10.3,7.1,0.3,7.8,-0.9,-1.0,-5.2,-0.8,-2.0,-5.4,-2.5,-1.7,-1.5,1.0,-1.1,-1.3,-2.2
2C7L5141eR,0,48.101882,11.629244,4442393.33,2777818.54,541.8,587.5,240,7359,1.8,0.92,0.34,32.65,348.96,-0.53,-0.103,0.842,-0.4,0.1,-0.23,0.14,0.3,0.1,-0.3,-2.2,-1.6,-0.7,-1.6,-1.0,1.3,0.7,-2.0,-0.9,-1.9,-1.6,1.6,0.3,-0.4,0.6,-1.6,-0.3,-1.0,0.3,-0.2,-0.8,-2.7,-0.1,0.4,4.1,2.6,0.1,2.6,-0.1,-0.4,-1.6,-2.8,-1.5,-4.2,-2.0,2.1,-0.1,0.5,2.1,-1.0,-1.1,0.9,1.3,0.6,-0.8,-0.9,-3.1,-1.0,-0.5,0.4,0.2,0.0,-0.0,-0.4,0.2,-0.3,3.5,0.6,0.4,0.1,1.8,0.7,-0.4,1.9,2.9,-0.4,-1.6,-4.9,-1.2,-0.5,-1.1,-0.6,-1.2,-0.6,-1.3,-1.5,0.3,0.3,-1.0,-1.8,-0.3,0.5,-0.9,2.5,0.0,1.4,0.3,-4.1,-4.9,-1.0,-7.8,-0.1,-2.1,5.5,1.3,-8.4,0.4,2.7,0.1,0.4,-1.3,0.3,-2.6,0.6,-1.5,0.5,0.0,0.2,0.7,-2.1,-1.0,-0.4,-1.3,-0.9,-1.1,-1.8,-1.5,-1.4,-2.1,-1.2,-2.1,-1.1,-1.5,-2.6,-1.2,-0.5,-0.2,-0.2,-6.4,-1.0,0.0,0.1,-0.1,0.7,-2.3,-10.6,1.0,-2.4,1.2,1.4,3.2,-0.0,-2.0,-1.6,-1.1,-0.5,-0.1,-0.7,-0.8,-1.0,-0.6,-0.2,-1.3,-1.8,-0.7,-0.9,-0.3,-2.3,0.1,-2.7,-0.5,0.2,0.1,-0.8,2.4,2.8,-1.4,-0.2,-0.8,-2.8,1.5,-2.1,-0.4,-2.1,-1.2,-2.7,-1.5,-1.8,-2.5,-2.6,-1.9,-1.2,-1.8,-2.1,-4.0,-0.4,-2.6,-0.6,-1.1,-5.1,-4.0,-1.6,-1.9,-2.4,-3.9,-2.9,-0.9,-4.5,-1.6,-3.6,-1.7,-1.5,-2.0,-3.1,-3.0,-1.9,-3.2,-5.1
2C7L5141eS,0,48.101891,11.629315,4442398.55,2777819.66,542.4,588.1,240,7360,2.4,0.86,0.35,32.66,348.96,-0.53,-0.103,0.842,-0.4,0.1,0.25,0.19,1.0,0.2,-0.3,-3.0,-1.5,-1.1,-0.5,-1.3,1.8,1.6,-3.2,-2.1,-3.9,-1.0,1.7,0.3,-0.4,-1.6,-2.0,-0.4,-2.0,0.1,-0.5,-3.6,-4.8,-4.1,-1.8,-4.1,2.3,-3.1,0.7,0.2,-1.5,1.8,-2.9,-4.0,-5.4,-6.0,-6.2,-5.9,-3.2,-2.5,-4.5,-2.5,0.0,-2.2,-2.2,-4.9,-3.4,-2.6,-0.9,-2.1,-0.6,-0.6,0.2,-1.6,-1.9,-1.1,-2.3,6.5,-0.8,-0.5,-1.4,-2.4,-2.8,-2.6,1.7,3.4,1.0,-2.7,-4.8,-2.2,-1.5,-0.6,-1.4,-1.6,0.4,-6.5,-5.4,-2.9,-6.6,-1.8,-4.9,-2.3,-3.0,-2.8,-5.4,-3.8,-2.2,-3.7,-4.3,-7.7,-4.6,-7.6,-5.8,-6.7,-3.3,-1.7,-6.2,-2.3,-3.7,-1.4,-2.7,-6.4,-3.6,-6.5,-3.9,-3.5,-1.5,-0.9,-0.9,-1.8,-5.3,-4.7,-2.8,-3.6,-1.7,-2.5,-1.8,-2.1,-2.0,-2.1,-2.1,-4.1,-2.2,-1.0,-2.4,-1.8,-1.1,0.2,-3.2,-7.3,-8.1,-6.5,-2.9,0.2,-2.9,-3.9,-8.3,-2.5,-5.6,-2.9,0.1,-16.3,-2.3,-4.7,-2.6,-1.5,-1.2,-3.1,-1.0,-1.4,-2.1,-1.0,-1.0,-1.9,-2.3,-2.4,-1.3,-5.3,-3.4,-0.4,-5.4,-4.3,-4.2,-1.4,-4.0,-3.6,6.2,-2.5,-7.3,-5.7,-6.0,-6.7,-4.4,7.5,-8.6,-2.5,-4.7,-2.5,-3.4,-6.6,-3.6,-2.6,-1.9,0.0,-0.9,-4.5,-3.1,-3.6,-4.7,-3.9,-6.8,-5.0,-3.6,-4.9,-1.1,-3.6,-2.9,-2.6,-6.1,-0.7,-3.4,-1.9,-3.6,-3.2,-5.6,-4.0,-3.6,-3.7,-7.9
2C7L5141eX,0,48.101906,11.629432,4442407.28,2777821.55,536.5,582.2,240,7365,1.9,0.9,0.35,32.66,348.96,-0.53,-0.103,0.842,-0.4,0.1,-0.45,0.15,0.7,0.1,-0.3,-0.3,2.2,-0.7,1.3,-0.9,1.8,0.5,-0.1,0.6,-9.0,2.1,2.2,-0.1,1.1,-0.9,-1.8,-0.5,-2.5,-2.5,-1.7,-0.3,-0.6,1.7,-0.2,-0.3,1.5,1.8,2.2,2.9,-2.3,-6.7,-4.7,-4.7,-2.1,-4.6,-2.9,0.9,-0.4,0.1,-1.9,1.0,-0.1,-0.1,-0.6,-2.8,-0.0,-2.4,-1.8,-2.0,-0.8,-0.7,1.6,0.4,-0.2,-1.3,0.4,-0.3,1.8,-0.9,0.6,-0.6,-0.0,-3.8,1.3,-2.0,-3.7,-0.4,-3.2,-0.0,-0.8,-1.1,-1.1,-1.0,-1.0,-0.3,-3.4,-2.1,-1.8,-0.9,-0.5,0.3,0.6,0.6,-0.8,-0.7,1.9,0.9,-1.9,-1.4,1.1,-1.5,-0.7,-1.3,2.3,0.4,1.4,0.7,3.6,1.7,-0.1,-3.2,-0.7,-2.0,0.2,-1.4,2.0,1.1,-0.1,0.5,-1.7,-1.3,0.0,-0.9,0.7,0.5,2.0,-2.5,1.1,0.1,-0.7,0.5,1.5,0.6,0.7,-0.4,-1.2,0.1,-0.8,-1.0,-2.3,-2.0,-2.5,2.0,-2.5,-4.1,-6.2,-1.5,-2.1,-1.4,3.4,-1.4,0.3,-0.8,0.7,-1.3,0.5,-1.1,-1.0,-1.2,-3.7,1.5,-0.5,0.1,0.5,-0.4,-2.4,-2.1,-1.7,-0.1,-0.4,-0.5,-2.2,-0.4,-2.7,-0.9,1.6,0.2,-3.5,-1.6,2.5,1.9,-0.7,-4.9,0.9,-1.2,-2.2,0.4,0.1,-3.5,-0.4,-0.3,-1.5,-1.3,-2.1,-1.1,-1.7,-2.1,-1.1,-2.7,-2.4,-7.6,-9.9,-5.3,-7.4,-6.1,-6.1,-3.9,-4.7,-2.8,-3.8,-0.9,-1.1,-1.3,-1.1,-0.0,-0.7,-1.0,-0.7
2C7L5141ev,0,48.102098,11.630929,4442518.34,2777845.36,540.4,586.1,240,7389,3.0,0.81,0.47,32.66,348.96,-0.53,-0.103,0.842,-0.4,0.1,-0.01,0.23,0.7,0.2,-0.3,-1.5,-4.5,-1.7,-2.4,-0.4,-0.1,0.2,-0.9,0.4,6.1,5.5,5.5,4.0,0.7,-1.7,0.4,-1.6,2.3,-1.7,3.4,-1.7,1.4,-1.0,1.5,1.2,1.1,0.1,-3.0,0.8,-3.2,9.7,-7.1,-4.2,-0.9,-2.4,1.3,-0.7,-0.3,-0.4,1.9,1.5,0.2,-0.8,-4.2,-0.4,-7.2,-3.8,-3.1,-0.9,0.8,4.3,4.3,-0.3,5.0,-2.9,1.7,2.4,5.6,-1.6,-9.6,6.9,3.5,9.6,1.9,-1.8,-6.6,2.8,2.5,0.5,-0.3,-4.3,-2.0,-4.0,1.5,-1.1,-0.1,-1.0,-3.3,1.1,-2.5,-2.6,-1.6,1.0,-1.0,3.0,-2.6,-0.9,-2.9,-2.5,-0.2,-1.9,-1.7,-3.1,-1.1,-0.4,0.6,-3.6,2.8,0.1,-2.8,-2.2,0.9,1.7,-0.4,-0.3,-0.1,-0.9,0.3,1.7,-1.1,3.9,1.4,0.7,3.3,4.3,1.1,-2.7,2.6,1.2,2.4,-0.3,-1.0,2.3,3.5,1.6,1.2,3.7,2.3,-0.0,-2.3,-3.2,-2.6,0.6,-0.4,-2.1,-1.9,-0.9,-5.1,1.6,1.9,-1.6,-0.5,0.7,-2.7,-1.5,-1.6,-0.4,-4.4,-4.1,0.1,-2.9,-2.3,-1.6,-0.8,-4.6,0.7,0.3,2.3,0.2,-0.2,-2.2,-1.9,-0.8,-1.0,-0.2,1.5,4.5,-2.2,-1.9,-0.3,-0.7,-5.1,-6.6,-10.4,-5.1,-8.2,0.9,-6.7,13.6,-7.1,-1.7,-1.9,-0.4,-0.0,1.4,-2.9,1.4,-0.7,0.0,-4.6,2.3,-2.2,-4.4,-3.9,-3.4,-5.2,-1.2,-1.2,-1.5,-1.8,0.4,1.1,1.7,-0.4,2.4,-1.1,-0.0,-0.7
2C7L5141fJ,0,48.102268,11.632252,4442616.48,2777866.41,539.8,585.5,240,7413,2.2,0.87,0.37,32.67,348.96,-0.53,-0.103,0.842,-0.4,0.1,0.0,0.17,1.5,0.1,-0.3,1.7,-1.6,-2.6,-2.3,0.4,1.2,-0.5,0.7,0.2,3.3,1.8,4.4,-1.0,2.3,-0.6,0.1,1.4,4.0,2.3,1.4,-0.5,-0.9,1.0,-1.2,5.6,9.6,0.6,2.7,1.9,-1.3,1.4,-2.6,-2.4,0.7,-1.9,-2.2,3.3,4.5,2.9,3.7,0.2,3.0,1.4,1.2,2.6,0.7,-0.2,0.7,1.6,-0.9,0.0,-0.9,-0.2,0.8,0.9,-2.6,0.6,-0.8,-0.7,-1.2,-3.2,-3.2,3.9,-2.1,-2.1,1.9,-0.9,-1.1,-3.7,-0.1,0.7,-2.5,0.4,-0.2,-0.4,-1.7,-1.9,0.6,1.3,0.6,0.6,2.7,0.6,1.8,0.6,1.8,3.6,4.9,-2.7,3.2,1.6,-0.9,0.2,-0.8,0.6,-0.4,4.1,5.4,3.0,-0.6,-0.7,-0.4,0.5,2.1,0.9,1.0,-0.6,1.7,-0.2,0.7,2.6,-0.3,-1.0,-2.2,-2.2,-2.6,-0.0,-3.2,-1.1,-0.4,-1.7,-2.7,-1.4,-1.4,-2.1,1.4,2.1,-0.9,4.5,-2.6,1.5,0.5,2.4,3.3,1.7,-0.5,-1.9,-0.8,3.0,2.8,2.8,-1.6,-0.7,-1.4,0.5,-0.5,-0.5,-0.6,-0.3,-1.6,-3.3,-3.7,-2.7,-3.7,-1.5,0.0,-0.8,2.0,1.4,2.3,0.0,-0.9,-0.4,2.4,-2.1,2.4,1.4,-5.2,2.3,0.6,1.1,-4.0,2.6,4.6,0.7,-6.1,-3.8,-1.5,-6.6,0.1,-3.2,-1.0,-2.5,-0.2,-2.1,-0.8,0.9,1.7,-2.1,-1.5,0.5,-0.0,-0.3,3.4,14.5,1.0,-1.1,-2.1,-1.9,-1.9,-1.5,-0.3,-5.0,-0.8,-1.3,-3.3,-3.4,-8.6
2C7L5141fV,0,48.102391,11.633213,4442687.74,2777881.68,551.7,597.4,240,7425,2.6,0.83,0.49,32.67,348.96,-0.53,-0.103,0.842,-0.5,0.1,-0.63,0.2,0.6,0.2,-0.3,1.6,1.5,2.2,0.3,-0.7,1.2,3.7,5.4,-0.2,5.6,2.7,0.5,-3.0,0.4,-1.3,-2.6,-3.1,-2.1,-4.7,-3.7,-1.7,-2.7,1.5,-1.9,0.5,-0.4,2.1,0.2,-6.1,-3.3,-4.2,-5.8,-3.2,-3.3,-6.1,-2.6,1.6,1.1,1.4,1.9,-0.5,2.6,-0.2,-0.8,1.9,0.2,0.2,1.3,-2.8,-0.1,-2.9,-2.1,-1.2,-1.7,-1.2,-1.5,-2.3,-0.7,-1.7,-1.9,-2.3,-2.3,3.7,0.9,3.3,0.0,0.2,1.2,-0.3,-1.9,2.4,-3.2,4.0,1.5,-1.7,-1.2,-1.2,0.4,0.9,-1.9,0.4,-0.1,5.8,3.3,5.3,-2.2,2.2,-1.7,-3.6,-1.6,-1.7,1.3,0.6,-4.7,0.4,1.8,3.1,0.5,1.7,-1.6,-0.8,-2.9,0.7,4.2,-0.3,1.5,2.8,3.1,1.5,0.9,-0.9,2.5,1.2,0.5,-0.6,5.2,3.2,0.3,0.1,-1.3,-1.5,-0.5,1.3,-1.4,-3.6,-0.7,7.5,0.6,0.7,-3.6,0.1,-1.7,1.0,-0.9,-3.2,-2.6,-3.2,-2.8,0.1,5.3,6.0,-0.9,-0.2,-0.9,0.9,1.2,-8.8,-2.7,-1.4,-1.6,1.5,-4.1,-1.7,-3.6,-2.7,-0.6,1.0,1.0,0.9,1.1,-2.7,-5.0,-0.3,-4.6,-4.9,1.0,-0.5,-5.8,-4.7,-2.0,-0.9,-4.9,-4.3,1.3,1.8,2.2,0.7,-1.7,1.9,0.2,-0.5,-0.1,-4.9,-4.0,6.5,-4.1,1.2,-3.0,-0.2,-2.8,-2.2,-3.5,-5.6,-3.9,0.1,-2.7,-4.5,-2.2,0.1,-9.2,3.0,-8.0,-6.3,-4.0,-1.5,-2.3,-4.5,-3.7
2C7L5141g6,0,48.102628,11.635059,4442824.68,2777911.07,540.0,585.7,240,7462,2.1,0.87,0.33,32.68,348.96,-0.53,-0.103,0.842,-0.4,0.1,0.05,0.16,1.2,0.1,-0.3,-0.3,0.1,0.2,0.9,0.7,0.2,3.0,0.9,-1.1,2.1,0.6,1.1,-3.0,-0.9,-2.2,-2.1,-0.4,-1.5,-1.8,-4.7,-8.1,-4.4,-4.8,2.5,-1.3,-0.7,-2.3,2.5,-0.3,0.0,1.5,-6.1,-5.4,-6.2,-10.0,-5.8,-1.9,-2.3,-2.7,-3.8,-5.2,-9.0,-5.6,0.1,-1.1,-5.0,-4.5,-4.7,-5.3,-5.2,-4.6,-5.1,-5.1,-3.1,-3.3,-4.2,-2.9,-2.2,-3.1,-5.2,-4.1,-5.5,-2.4,-4.6,-3.8,-4.3,-4.9,-5.3,-6.7,-1.6,-7.4,-4.4,-0.9,-3.2,-1.3,-2.5,-2.2,-3.0,-3.9,-2.7,-4.3,-1.6,-3.0,-0.0,-2.9,-3.7,-2.9,-0.9,-5.7,-3.2,-4.3,-3.9,-5.4,-7.4,-4.5,-5.3,-3.4,-1.3,-2.3,-2.6,-3.1,-4.8,-1.6,-0.1,-1.9,-2.9,-3.9,-2.7,-6.4,-2.6,-6.7,-3.2,-4.2,-0.9,-5.6,-1.3,-1.1,-3.5,-2.1,-3.9,-0.1,-3.1,-3.2,-3.3,-1.9,-0.6,-1.6,-3.8,-6.3,-5.9,-7.1,-6.3,-0.7,-7.7,-7.4,-8.0,-2.3,-2.8,0.0,-3.0,-2.4,-1.6,-1.4,-1.7,-0.3,-2.1,-1.3,-2.0,-0.7,-2.4,-1.2,-2.8,-2.3,-1.8,-2.6,-1.1,-1.8,-2.2,-1.2,-1.1,-3.9,-6.5,-7.1,-8.2,-7.8,-5.1,-5.3,-8.5,-4.2,-5.1,-5.0,-6.3,-5.7,-1.5,-2.8,-2.4,-3.6,-0.5,-1.0,-0.7,-2.5,-2.0,-2.0,-1.5,-4.5,-4.2,-6.0,-5.8,-4.7,-6.6,-8.3,-3.4,-6.2,-6.0,-6.5,-7.1,-9.0,-5.7,-5.4,-7.6,-5.0,-4.9,-6.8,-4.9,-2.9,-4.5,-3.4,-0.9
2C7L5141cP,0,48.100976,11.622052,4441859.72,2777706.14,543.2,589.0,240,7233,3.5,0.75,0.41,32.59,348.92,-0.529,-0.104,0.843,-1.2,0.2,0.01,0.26,0.2,0.2,-0.3,-1.8,-2.9,-0.2,-0.2,0.0,2.7,3.3,0.2,-0.2,2.2,-1.2,0.7,8.9,-0.6,0.7,-0.7,2.5,-3.3,0.3,0.1,-0.2,0.9,-0.3,0.0,-0.4,3.0,-6.8,0.6,8.1,-3.6,-10.5,-2.2,-2.6,-5.4,-4.8,-1.4,-5.9,1.6,8.4,-7.3,-1.5,-2.8,-1.1,-2.6,-4.1,0.6,-7.9,-6.0,-2.5,-4.9,0.5,0.4,1.1,-2.5,-1.3,0.4,-2.5,-8.6,-0.3,0.7,-3.6,-2.5,-1.7,-7.1,-0.5,0.6,-6.1,-3.5,-2.0,-2.5,-6.8,-6.6,-1.3,-0.8,-0.1,-0.1,-1.8,-3.0,0.2,-4.3,-3.4,-5.4,-1.4,-2.9,-2.6,-6.8,-2.1,-8.4,0.7,-5.1,-5.4,1.6,10.9,2.5,-1.9,-2.9,4.4,-1.3,-4.8,-1.3,3.7,-8.9,2.5,4.6,2.0,5.1,1.3,-1.7,-4.2,-7.0,-4.3,-1.5,-1.0,-0.6,-2.9,-2.6,-8.0,-2.0,-7.3,-4.0,-8.9,-3.3,-1.6,-0.4,-1.3,-0.4,-2.5,0.4,-3.8,-2.2,-7.8,-5.0,-4.0,1.7,-8.2,-4.9,-2.3,-5.3,0.0,-0.1,-3.0,-2.5,-5.0,-3.0,-2.6,-4.9,2.5,2.1,-2.3,-7.4,-8.7,-3.6,-4.6,-3.6,-1.1,-7.4,-0.8,-6.0,-2.8,-5.0,-2.9,-3.8,-4.8,-8.3,-7.8,-1.6,1.8,-7.9,-3.2,-7.5,-1.9,-8.9,-7.8,-6.3,-5.8,-6.5,-6.6,-4.8,-3.1,-1.9,-3.8,-3.8,-10.4,-1.3,-1.4,-16.8,-4.4,-2.9,0.0,-15.0,-11.1,-3.4,-5.9,-11.1,-10.3,-5.8,-2.5,-1.6,-6.2,-6.1,-6.9,-5.3,-3.7,-5.1,-5.1,-4.5,-6.0,-4.0
2C7L5141cT,0,48.10102,11.622395,4441885.15,2777711.59,547.9,593.6,240,7237,3.7,0.7,0.57,32.59,348.92,-0.529,-0.104,0.843,-0.6,0.2,0.36,0.29,1.1,0.2,-0.3,-0.4,-4.7,-2.4,-0.1,-0.8,-2.5,-2.0,-4.9,0.2,1.6,1.2,0.5,1.5,-0.7,0.3,1.5,-0.5,1.7,-0.1,-1.8,-0.5,2.1,1.8,3.0,0.6,5.7,2.1,-3.8,4.5,-7.7,-1.8,1.6,-3.2,-1.9,-1.2,-6.6,-2.3,-0.4,2.5,2.5,1.6,-5.8,0.5,-5.7,-1.8,-1.4,1.0,-6.5,-2.0,-2.5,3.1,-1.3,4.6,-1.8,1.2,0.4,0.6,0.3,-1.9,-2.1,-1.2,-2.0,-0.1,-0.5,9.9,1.9,-1.7,0.7,0.2,1.4,1.6,-6.6,-0.0,-3.7,4.5,1.4,-3.4,7.4,1.8,-0.1,3.2,-1.8,-10.8,-4.4,-4.2,3.8,-0.1,-0.5,0.4,-3.8,-3.4,2.2,-6.1,-3.3,-4.5,-2.3,0.9,-1.2,-4.8,-2.3,-1.1,-5.4,-2.1,-1.0,-1.0,-0.9,0.2,3.9,2.7,6.8,3.4,4.9,0.3,-5.8,-1.9,4.6,-1.3,6.1,4.0,-5.3,3.1,14.1,-10.6,7.0,-3.7,-5.6,-14.2,-9.6,-2.9,-4.9,-5.7,-5.3,-5.4,-1.7,-4.4,-0.2,1.3,-2.1,2.7,-0.7,-4.8,-0.3,1.0,-0.5,0.6,-2.0,-0.9,3.9,-4.1,-11.4,-7.6,-6.9,-6.5,-5.8,-3.6,-6.0,-4.8,-3.1,-3.1,-4.3,-4.9,-4.9,-1.7,-0.6,-12.1,7.9,0.1,-9.3,-4.0,-8.0,0.7,0.1,-5.2,-0.8,2.0,1.9,-2.4,-3.9,-5.4,-0.5,-4.4,-2.6,-0.4,-2.2,1.4,0.4,2.4,1.1,-2.0,-3.4,-8.8,-5.2,-5.7,-6.2,-4.7,-6.0,-1.4,0.9,-0.3,-0.3,-2.8,-1.2,-1.6,0.5,8.3,-4.4,4.0,-2.7
2C7L5141cV,0,48.101044,11.622578,4441898.69,2777714.49,551.5,597.2,240,7239,2.8,0.82,0.41,32.6,348.92,-0.529,-0.104,0.842,-0.1,0.1,0.97,0.22,0.9,0.2,-0.3,-1.4,-4.4,-0.7,-3.1,0.0,0.9,-3.5,1.1,-0.5,0.2,0.2,1.6,-1.2,0.2,0.7,0.7,-2.4,4.0,-0.9,3.0,0.0,0.4,-0.7,3.5,1.5,3.1,4.5,6.6,8.4,-1.7,-12.7,-5.8,-3.5,-6.7,-2.5,-3.3,1.8,-0.0,0.5,-1.2,-0.9,-4.2,-3.4,-0.6,-2.4,-2.2,-0.5,-1.2,-1.8,-1.5,-1.9,-1.8,-0.5,-1.9,-0.2,-1.4,-2.4,-3.1,-3.6,-0.5,-4.1,-3.4,-2.0,-2.8,-7.6,-2.0,-3.1,-5.4,-2.0,-4.6,-3.5,-2.5,-1.5,-2.9,-3.8,-2.4,-3.2,-2.6,-1.9,-3.0,-3.2,-1.5,-1.7,-5.4,-8.1,-5.2,-5.2,-3.2,-0.2,-1.7,-1.8,-2.1,-0.5,-1.4,-3.9,-2.0,-1.0,-2.0,-2.6,-2.5,-2.1,-6.0,-3.0,-2.5,-6.0,-4.2,-4.9,-3.3,-3.0,-2.0,-5.9,-7.0,0.4,0.2,-0.0,-2.9,-8.8,-2.5,-1.7,-9.1,-7.6,-3.5,-2.3,-2.7,-1.7,-3.7,-6.4,-0.5,-2.2,-0.4,-3.8,-2.9,0.3,0.6,-0.6,-2.3,1.0,-7.5,-3.1,1.9,-7.1,-1.2,-3.8,-2.5,-4.2,-4.4,-4.8,-2.9,-1.9,-5.6,-2.2,-4.2,-5.3,-4.3,-3.7,-4.8,-2.4,-4.1,-4.3,3.8,-0.2,1.0,-3.9,-4.5,-6.6,1.6,-1.8,-1.4,2.7,-0.3,2.8,2.6,-20.9,-2.1,-5.1,2.2,-1.9,0.5,0.4,-0.8,-0.3,-0.6,-0.9,-2.2,-1.2,2.6,-0.0,1.0,-0.3,-2.4,3.8,-2.6,-0.3,-4.0,1.3,-1.1,-1.1,1.9,-1.9,-1.6,-5.4,-2.0,-1.0,-7.0,-2.9,-0.2,-2.7,-3.0
2C7L5141cZ,0,48.101043,11.622568,4441897.96,2777714.35,539.4,585.1,240,7243,1.5,0.96,0.13,32.6,348.92,-0.529,-0.104,0.842,-0.9,0.1,-0.07,0.11,0.4,0.1,-0.3,0.4,2.3,-1.7,-1.2,-0.3,-1.0,-0.5,0.2,-0.6,-0.2,0.5,0.2,0.7,0.3,-0.6,0.2,-0.7,-2.0,-0.0,-0.9,0.3,-0.9,-0.6,0.3,-0.5,0.2,1.3,0.5,-1.1,-1.8,-15.9,-3.4,-3.2,-4.1,-2.4,-4.0,-0.0,-0.7,0.5,0.0,-0.6,-0.3,-0.2,-0.6,0.1,-1.6,-1.6,-0.6,-1.4,0.1,0.6,-1.5,-1.7,-1.0,-1.0,-0.1,-0.7,-2.5,-1.1,-1.9,-1.1,-1.5,0.6,-0.5,-4.5,-1.8,-1.4,-3.3,-2.2,0.2,-0.7,-0.6,-1.9,-2.1,-0.2,-1.6,-1.1,-0.9,-0.2,-1.8,-1.5,-1.5,-0.5,-1.2,-2.2,-2.7,-2.2,-2.7,-0.7,-1.9,-1.9,-3.0,-3.1,-2.7,-4.1,-2.1,-0.5,-2.5,-2.2,-0.4,-1.5,-2.7,-2.1,-0.1,-3.2,-1.4,-2.1,-2.1,-1.1,-1.5,-1.9,-1.0,-1.4,-1.4,-1.1,-2.0,-3.9,-2.7,-3.3,-3.1,-2.7,-2.3,-1.8,-3.0,-2.0,-1.6,-2.1,-2.6,-2.4,-2.7,-3.8,-5.0,-2.5,-0.9,-3.6,-4.0,-2.1,-3.5,-0.6,-1.2,-2.0,-2.4,-2.8,-3.0,-2.3,-2.6,-1.8,-2.3,-2.1,-1.9,-3.0,-5.3,-4.1,-3.7,-3.3,-3.8,-3.6,-3.2,-2.6,-3.2,-4.4,-3.4,-4.1,-5.6,-5.7,-0.0,-3.6,-8.3,-0.9,-2.1,-2.7,-5.3,-4.9,-4.0,-3.2,-1.8,-3.3,-3.7,-3.6,-3.8,-4.5,-4.4,-4.0,-4.0,-3.5,-3.9,-3.4,-2.7,-3.4,-6.0,-4.7,-4.2,-5.2,-7.5,-4.9,-4.6,-4.6,-4.4,-4.5,-5.3,-5.3,-4.5,-5.5,-5.5,-5.6,-4.2,-5.2,-4.3
2C7L5141cj,0,48.101122,11.62319,4441944.1,2777724.25,542.5,588.2,240,7253,2.7,0.82,0.37,32.6,348.92,-0.529,-0.104,0.842,-1.0,0.1,1.24,0.2,0.4,0.2,-0.3,1.2,0.2,0.3,-0.6,-0.8,-3.7,-0.2,-0.0,-1.1,-6.7,-2.0,-0.5,1.4,-0.2,1.0,1.8,-1.9,-1.0,-0.8,3.7,-1.1,0.8,-1.3,2.8,1.7,1.3,-0.1,-1.4,-2.6,1.1,11.0,-3.0,-2.1,-2.0,-4.4,-4.5,-0.0,-0.6,0.2,-0.8,-2.1,0.7,-2.3,3.0,-0.6,-0.4,-4.4,-1.4,-1.4,-2.8,-1.0,-1.6,-2.4,0.1,-1.8,0.9,0.4,-0.4,-3.2,-2.7,1.3,1.4,-3.0,-3.4,-9.8,-5.6,-2.3,-7.7,-2.9,-1.9,-2.9,-2.3,-1.9,-3.1,0.7,0.4,-1.4,-1.0,0.2,-5.4,-3.2,-0.8,-3.5,-3.9,-3.6,2.7,-4.3,-7.7,-10.3,-3.5,-1.2,-6.4,-6.0,-2.9,-7.1,-3.7,-4.4,-5.7,-4.3,-3.1,-6.5,-4.5,-4.2,-4.1,-5.9,-4.6,-4.9,-4.0,-4.9,-4.3,-3.5,-1.1,-3.1,-3.3,-4.8,-5.0,-1.5,-6.4,-6.6,-7.7,-8.9,-3.0,-5.3,-4.3,-3.1,-5.1,-8.3,-5.5,-1.4,-5.2,-2.1,-2.8,-3.4,-2.0,-7.1,-6.9,-5.8,-5.6,1.1,-1.4,-3.3,-4.5,-4.0,-6.2,-3.6,-5.2,-3.3,-5.4,-3.5,-5.2,-2.9,-8.5,-6.0,-5.3,-5.0,-6.5,-3.3,-4.5,-4.2,-5.3,-6.8,-5.4,-5.4,-7.3,-7.7,-1.6,-8.3,-11.0,-3.8,-3.6,-6.2,-7.6,-0.0,-13.4,-15.4,-7.5,-8.5,-8.7,4.2,-9.3,-5.3,-4.1,-4.2,-3.3,-4.8,-3.4,-6.0,-5.0,-2.3,-8.6,-7.7,-4.4,4.1,-3.1,-2.6,-4.1,-2.1,-0.6,-4.3,0.0,-6.9,-3.4,-2.3,-2.1,-3.9,-3.6,-4.8,-3.5
2C7L5141dZ,0,48.101494,11.626085,4442158.86,2777770.32,538.0,583.7,240,7305,3.6,0.73,0.45,32.64,348.96,-0.529,-0.103,0.842,-1.6,0.2,-1.49,0.27,0.8,0.2,-0.3,0.5,-0.4,0.1,0.2,-1.2,-3.3,0.7,1.3,0.0,-3.2,2.7,-0.5,2.3,1.3,0.8,0.8,1.7,1.3,3.6,4.0,1.5,4.5,1.8,5.5,4.2,4.2,4.9,8.2,5.7,1.6,-5.8,-2.4,-5.0,-2.6,3.1,0.7,1.2,-0.6,1.2,0.4,-1.5,-0.5,-1.2,2.2,1.5,0.5,-0.1,-0.9,0.3,-2.2,0.4,0.8,1.1,0.8,0.3,2.3,0.7,0.7,0.4,0.7,0.6,0.8,-1.9,1.1,-3.3,-0.4,0.2,-2.2,0.5,2.3,0.4,2.1,1.1,2.1,4.8,2.3,4.1,0.8,4.8,2.3,5.4,2.6,-1.0,5.5,7.6,-4.6,-1.0,-0.6,0.9,0.6,0.5,11.4,3.4,3.0,7.3,7.3,8.2,7.8,8.9,8.2,4.2,7.2,-3.7,-5.2,-5.7,-2.8,-2.6,-2.4,-5.7,-4.5,-2.5,-5.4,-6.0,-3.9,14.4,4.3,-0.3,1.6,2.2,3.6,4.1,3.2,2.0,3.9,4.8,4.9,0.2,-0.5,-2.0,-3.6,-4.0,1.8,-0.8,-0.7,-1.8,-4.9,-2.4,-1.3,4.1,4.3,-2.6,0.1,0.3,0.2,-0.2,-1.7,-2.5,-0.4,0.4,1.2,-3.3,-3.4,-0.1,-1.6,-1.3,-2.3,-1.6,-2.9,-1.7,-3.5,-4.7,-3.5,-1.8,-7.1,-7.2,0.4,-0.4,-3.1,-0.2,-1.4,-4.4,-3.3,-4.6,-3.7,-2.7,-0.9,-2.3,0.1,13.2,-2.0,-2.3,-2.8,-4.6,-5.4,-1.4,-2.3,-7.5,-5.6,-2.1,-9.2,-14.7,12.4,-8.4,-12.7,-10.2,-7.4,-7.8,-7.4,-8.4,-9.2,-7.5,-8.9,-9.0,-9.0,-9.1,-9.0,-8.6,-7.0
2C7L5141da,0,48.101507,11.626183,4442166.18,2777771.89,540.0,585.7,240,7306,2.3,0.83,0.43,32.64,348.96,-0.529,-0.103,0.842,-0.7,0.1,0.19,0.17,2.1,0.1,-0.3,1.0,1.5,2.1,0.8,1.8,-1.5,2.3,3.4,2.7,0.7,1.7,-1.6,2.5,-2.8,-1.2,-3.0,-3.5,-0.6,-3.9,-0.9,-2.7,-3.4,-2.1,-1.4,0.3,-1.4,-0.9,-2.1,-4.6,-6.1,-12.0,-6.6,-7.1,-5.6,-5.2,-4.0,-2.8,-5.0,-3.0,-3.5,-3.6,-1.9,-3.9,-2.8,-3.5,-4.9,-5.1,-2.5,-4.1,-1.8,-2.2,-2.0,-1.6,-1.2,-1.1,-1.4,-1.2,-1.7,-1.5,-0.8,-1.4,-0.5,1.5,-0.1,1.2,-1.4,-0.9,-2.8,-0.3,0.8,0.6,1.6,-0.9,0.8,-2.3,0.4,3.5,-4.5,-1.7,0.1,0.0,-3.3,-1.5,-3.3,-3.8,-4.2,-5.9,-6.1,-2.6,-6.9,-7.0,-6.7,-7.6,-3.0,-5.9,-6.1,-3.4,-4.7,-6.8,-5.2,-5.3,-5.5,-4.2,-4.1,-4.8,-3.7,-4.6,-3.8,-3.9,-6.1,-1.1,-3.0,-4.3,-8.7,-3.5,-5.5,-4.6,-2.6,-4.7,-2.3,-2.1,-2.5,-4.5,-2.1,3.1,4.4,-1.0,-2.1,-4.8,-7.3,-3.6,-0.8,-3.0,-5.2,-2.4,-10.1,-2.4,-3.0,2.0,-1.6,-2.0,-3.5,-1.5,-4.4,-1.0,-4.7,-0.6,-7.7,-2.6,-3.2,1.3,-5.8,-3.8,-2.5,1.9,-3.4,-1.4,-3.9,-2.2,-5.7,-3.2,-6.0,-2.2,-8.5,-10.1,-3.6,-6.9,-12.7,-7.7,-9.0,-5.2,-6.7,-4.5,-7.3,-8.6,-4.7,-2.9,-4.6,3.9,-4.9,-4.4,-5.1,-2.7,-5.9,-3.1,-2.5,-6.3,-9.1,-4.7,-7.1,-4.8,-4.6,-3.8,-5.0,-4.9,-3.7,-6.5,-7.6,-6.6,-3.8,-6.2,-4.5,-1.4,-4.4,-3.2,-2.4,-7.3,-0.9
2C7L5141dk,0,48.101575,11.626711,4442205.36,2777780.3,538.6,584.3,240,7316,3.6,0.74,0.47,32.64,348.96,-0.529,-0.103,0.842,-0.7,0.2,-0.51,0.28,1.1,0.2,-0.3,-0.2,1.9,-1.2,0.4,-3.2,-2.3,-1.0,1.3,2.5,1.7,-0.6,-1.3,0.7,1.2,1.5,0.7,0.1,-0.6,-3.9,0.9,-0.6,-0.9,-0.4,0.4,-2.4,-0.1,0.9,2.6,-0.9,0.2,-6.8,-4.3,-5.3,-1.1,-2.1,-13.3,-0.9,-6.8,4.6,2.2,-1.3,-0.1,-0.6,11.8,-2.9,-2.2,-0.9,-1.0,9.9,-0.2,11.5,-1.6,-1.3,-9.2,-2.1,-6.8,2.7,-7.1,-5.2,-5.6,-9.2,0.5,-1.6,-0.3,2.5,2.7,0.3,-3.2,0.4,-9.5,-2.0,-3.4,-0.6,1.1,2.6,1.9,1.8,1.9,3.5,7.8,-9.1,4.2,1.5,2.2,1.3,-6.0,0.7,-4.7,0.8,-5.1,-0.6,-3.4,-1.1,-0.0,0.8,2.0,-1.8,-1.4,-1.5,0.4,-1.1,-0.7,0.7,-2.0,-0.1,-0.4,-5.4,0.9,2.1,0.8,3.3,1.7,5.0,11.1,6.0,-2.3,0.2,3.6,1.7,2.8,2.9,1.7,-2.3,-0.6,0.5,0.1,-7.2,-4.3,-5.1,-14.7,-0.2,0.8,-4.1,-1.6,-2.3,-2.2,-2.3,-4.4,1.2,5.4,-1.2,-1.8,-2.3,-5.7,-3.2,-1.6,-3.2,-0.2,0.6,2.0,-0.7,-2.0,3.2,1.9,0.2,1.2,-0.4,-2.2,1.7,-5.8,-4.8,-4.1,-5.7,-7.9,-6.1,1.6,-1.6,-6.7,-0.6,-5.0,-2.9,-4.0,-4.6,-3.0,-3.7,-2.4,-3.5,-4.0,10.5,-2.2,-2.3,-2.7,-2.4,-2.9,-0.6,0.7,-3.2,-2.2,-2.9,-9.4,-7.1,-7.3,-9.6,-3.0,-4.7,-5.4,-5.1,-3.4,-2.4,-3.1,-0.7,-6.0,-3.5,-6.8,-1.9,-0.1,-2.0,-0.7
2C7L5141eV,0,48.101905,11.629283,4442396.15,2777821.23,532.9,578.6,240,7363,1.9,0.91,0.31,32.66,348.96,-0.53,-0.103,0.842,-0.3,0.1,-0.21,0.14,0.5,0.1,-0.3,-0.3,2.1,0.2,1.3,0.5,1.4,2.5,0.3,1.6,-0.7,1.9,0.9,-0.8,0.5,-1.3,2.1,4.0,0.9,0.2,-0.6,1.0,1.0,1.6,-1.3,1.6,-1.0,2.0,-4.0,-1.2,-3.1,-5.9,-5.1,-3.0,-3.1,-1.8,-1.8,2.5,-1.0,0.5,0.4,2.0,-2.0,2.4,-0.1,2.3,0.5,-5.4,-1.2,-0.9,-0.3,0.1,-1.5,-0.4,-2.5,-0.7,1.9,-2.9,-0.5,-0.3,-1.5,0.5,-1.4,0.9,1.0,0.3,-4.0,-0.8,-0.1,-1.4,-0.5,-2.3,-0.5,-1.8,-0.0,-2.5,0.5,2.0,0.9,3.2,-0.5,0.9,-1.0,0.8,-0.1,-0.7,1.8,-2.4,-1.4,-2.6,-4.6,0.8,-1.2,-3.5,2.1,2.9,-2.2,-0.1,0.3,1.1,2.2,-1.3,1.7,2.0,0.7,1.2,1.1,2.4,-1.1,1.0,-0.7,-0.1,0.2,-1.0,-0.6,-1.2,-2.5,-1.9,-1.5,0.4,-1.2,-1.2,-0.5,-1.4,-1.0,-0.2,3.7,-3.4,2.0,4.3,-2.0,2.8,-0.5,1.3,2.1,-1.9,1.2,-2.3,-0.8,3.8,1.6,-2.4,-1.7,-1.0,-0.8,-1.7,-0.5,-0.0,-1.0,0.7,0.0,-1.3,-0.8,-1.6,-3.3,-1.8,-0.9,-0.4,-0.4,2.7,0.3,-0.8,-1.3,-1.0,-4.0,-7.1,0.1,0.9,-7.6,-0.4,-0.5,-1.4,-6.1,-4.0,-3.4,-3.2,-2.0,-1.1,-1.1,0.8,0.1,-0.8,1.1,0.7,1.8,-1.7,-0.5,-2.0,-0.5,0.7,-1.5,-0.9,-0.4,0.1,-1.9,0.3,-2.3,-2.5,-4.0,-3.1,-4.1,-3.3,-0.7,-1.9,-4.2,-1.6,-3.7,-1.5,-1.2
2C7L5141eY,0,48.101948,11.629617,4442420.94,2777826.53,542.9,588.6,240,7366,1.1,0.96,0.2,32.66,348.96,-0.53,-0.103,0.842,-0.5,0.1,-0.55,0.09,0.3,0.1,-0.3,-0.3,0.8,0.1,0.3,-0.2,-0.4,0.3,1.2,0.9,-0.6,1.5,0.1,1.6,0.4,0.6,0.2,1.2,-0.2,-0.5,-0.1,-0.5,0.1,1.0,0.2,0.7,1.5,1.1,1.2,1.5,-0.5,-4.3,-4.7,-1.9,-1.4,-1.8,-0.3,1.3,1.0,2.1,1.6,1.1,0.9,1.9,-0.1,0.8,0.6,-1.1,0.2,0.7,0.6,1.0,1.7,0.7,0.4,0.7,1.2,1.4,-0.0,-0.2,-0.2,1.1,1.0,-3.3,0.8,-0.2,0.8,-0.0,1.2,0.6,0.8,0.0,0.3,0.6,1.9,1.5,0.8,0.8,0.2,1.5,0.7,1.0,1.2,1.5,2.3,0.8,1.8,-0.7,0.8,-0.4,1.1,0.6,0.4,0.0,1.6,0.7,1.2,-0.2,1.3,1.4,1.0,-0.3,0.9,1.1,1.5,-0.1,1.4,1.0,1.1,0.5,0.3,0.5,1.0,1.0,0.6,0.5,0.3,0.1,0.1,1.6,0.4,-0.7,0.4,0.8,0.7,0.9,0.8,0.3,1.2,1.3,-2.7,0.4,-0.1,0.4,-0.1,-2.1,-1.0,-1.2,-1.5,0.8,2.3,-1.3,-0.7,-1.5,0.1,-0.9,-0.1,-1.6,0.1,0.3,2.6,0.8,0.4,2.2,1.5,0.6,-0.4,0.2,-0.0,2.4,0.0,-1.9,-2.2,0.7,-1.9,-1.5,2.2,-0.3,-3.0,0.1,-0.6,-1.2,-2.9,-2.3,-0.8,-1.4,0.1,-0.7,-0.5,-4.9,-1.6,-1.2,-0.9,-0.8,-1.5,-2.0,-2.1,-2.6,-1.0,-2.2,-4.7,-2.1,-2.2,-1.7,-3.9,-1.9,-4.0,-3.0,-3.7,-2.4,-3.4,-1.3,-2.6,-2.2,-2.4,-0.9,-1.5,-1.2,0.1
2C7L5141eZ,0,48.101948,11.629614,4442420.7,2777826.48,540.0,585.7,240,7367,3.2,0.75,0.48,32.66,348.96,-0.53,-0.103,0.842,-0.9,0.2,-1.04,0.25,1.2,0.2,-0.3,-0.9,2.7,1.3,3.6,-0.1,-1.4,1.7,0.7,2.9,-0.4,2.8,-1.0,2.8,1.0,2.6,1.1,5.9,4.0,3.0,3.4,2.1,4.2,6.5,3.7,2.4,4.1,2.0,0.9,-1.2,3.4,15.8,1.9,3.1,6.1,3.5,4.1,1.4,1.9,6.7,2.8,3.5,3.2,3.4,7.0,2.8,5.7,-1.6,-0.9,5.2,1.0,3.9,3.3,3.0,3.0,1.7,3.6,1.8,1.3,1.2,0.8,1.3,3.2,-7.6,0.3,2.6,-2.5,0.4,10.4,2.0,2.6,-1.3,2.2,-1.6,3.2,3.8,4.3,4.3,4.2,3.1,7.8,8.0,11.8,5.7,4.5,4.7,5.2,9.4,11.0,6.7,7.3,5.8,8.1,4.6,6.6,4.9,6.8,4.6,9.6,6.5,5.0,3.0,7.0,2.0,5.5,3.3,4.8,4.0,3.7,4.1,2.0,3.1,4.9,2.9,3.5,1.4,-0.7,-1.7,1.2,3.1,0.4,7.0,2.5,-1.0,3.5,1.1,2.7,-2.2,6.2,-0.1,-0.9,2.5,4.6,10.8,4.1,10.2,5.4,5.1,3.3,6.7,7.0,-2.8,0.2,2.2,3.0,-1.3,-1.1,2.2,2.3,2.0,3.4,1.8,-0.5,4.8,4.0,3.8,-0.0,-0.9,1.8,5.6,3.0,3.7,5.3,4.8,-8.0,-10.1,-3.4,3.3,4.3,2.7,5.6,8.2,3.1,-2.5,5.0,0.5,-10.6,-1.0,0.9,-0.1,-0.5,1.0,-1.1,-1.2,-3.3,0.2,4.4,-1.0,6.8,1.0,-5.4,-0.9,-3.9,-2.7,-7.4,-5.6,-5.2,-2.3,-2.9,-3.1,-2.3,2.2,-0.4,0.5,0.6,0.5,-0.8,1.5,5.5
2C7L5141ea,0,48.10197,11.629789,4442433.7,2777829.26,545.1,590.8,240,7368,3.2,0.82,0.45,32.66,348.96,-0.53,-0.103,0.842,-0.2,0.2,0.16,0.25,0.5,0.2,-0.3,0.7,1.5,-0.2,0.5,1.1,0.9,1.4,1.7,0.8,-0.8,1.0,1.1,0.9,0.9,-0.5,0.9,-1.3,-4.4,-1.7,-3.9,1.3,-1.6,-0.4,2.0,-0.4,1.1,0.9,-1.2,-0.4,0.7,-7.7,-5.8,-7.1,-2.7,-3.7,-1.2,3.1,-2.5,-0.0,-0.0,1.2,3.5,-1.2,0.7,-2.6,1.0,-2.5,1.2,-3.1,1.7,-1.5,1.8,0.4,0.9,-0.2,0.9,1.3,1.1,-0.6,0.3,-0.1,1.2,-11.6,0.6,5.4,0.2,0.3,-2.5,1.1,-0.6,0.3,-2.0,-0.2,-0.0,-0.0,-0.8,0.2,-1.3,0.0,-2.3,-0.8,-1.2,0.9,2.9,3.1,0.7,-0.9,-2.7,-2.7,-3.5,-1.5,-5.1,-2.2,5.5,-1.2,-1.6,-0.4,3.7,-1.3,-2.1,4.9,-0.6,-1.9,-1.3,2.2,-0.9,-2.8,-0.3,1.6,-1.9,0.6,-1.1,1.0,-1.6,-0.2,-0.7,-1.5,-1.2,1.1,-0.5,-5.8,0.6,0.1,0.0,1.5,-2.3,-0.1,0.5,-0.7,-1.2,2.3,-1.0,-0.3,-1.9,-1.6,-8.0,2.1,-4.3,-2.7,12.4,-0.0,2.4,-0.8,-0.5,-1.2,0.7,2.9,-2.1,-1.1,-14.7,-1.7,-1.4,-2.3,-0.1,1.1,1.8,-2.2,-1.4,-0.5,0.1,-0.5,0.6,-1.6,-3.3,-3.6,1.4,-9.3,1.5,7.9,2.7,4.2,4.2,-3.5,-3.5,-1.2,-4.8,-0.3,-1.1,-17.1,-2.0,-0.1,-1.3,1.0,-1.9,-1.7,-0.5,-1.1,-0.4,-2.4,-10.9,5.4,-4.6,-3.4,-13.6,4.4,-0.6,0.1,0.4,-0.5,0.0,-2.0,-1.8,3.9,3.6,2.1,-1.1,1.0,5.2
2C7L5141eb,0,48.102008,11.630086,4442455.7,2777833.96,556.2,601.9,240,7369,2.7,0.85,0.39,32.66,348.96,-0.53,-0.103,0.842,-0.7,0.1,-0.08,0.2,0.1,0.2,-0.3,-2.9,5.6,-4.7,2.5,-8.6,1.9,0.3,1.8,-0.9,-1.6,3.4,-0.2,-2.5,2.1,-0.7,0.6,-1.7,-3.8,-1.3,1.0,-0.9,0.4,-1.7,1.8,2.2,1.6,-0.6,0.1,1.7,-2.2,-5.7,-5.7,-1.2,0.6,-1.5,0.2,2.7,3.7,3.8,4.1,-2.2,0.5,2.3,1.2,2.3,-1.9,-4.7,1.0,0.9,2.2,1.1,-1.4,-0.7,-1.4,1.3,0.5,-0.7,-0.2,0.4,-0.8,0.1,1.9,3.2,0.7,-2.0,0.9,-2.5,1.1,0.6,0.1,-1.0,-1.6,-0.1,-2.8,-0.6,-3.0,0.2,-0.9,1.7,-0.1,-1.9,-1.1,-1.6,-1.9,-0.9,2.9,-0.1,1.9,-1.5,0.3,-0.7,-2.5,-2.7,-0.9,0.5,-0.6,-2.9,0.2,-1.3,-0.4,-5.4,-2.4,1.6,-1.8,-0.9,0.2,-2.0,-0.5,-3.5,-3.6,-1.2,-4.0,-1.1,-2.2,-1.6,-0.5,-0.2,-2.4,-1.1,-1.6,-1.8,-3.2,-3.8,-3.4,-0.4,1.6,-3.1,0.1,0.1,-2.9,1.1,-3.1,-2.1,-1.0,-1.5,-2.9,-1.5,-4.0,1.1,-4.8,-0.4,-3.0,-2.9,-1.4,0.6,0.2,-2.6,0.1,-1.5,-2.0,-1.1,-0.9,-1.5,-3.3,-2.4,-2.9,-1.7,-2.6,-1.0,-1.7,0.0,-0.5,0.2,-3.4,0.1,-2.6,-4.5,-1.4,-1.9,-0.7,-0.8,-1.4,-2.9,-9.4,-4.2,5.4,-2.3,-2.4,-3.3,-1.5,-1.9,-2.1,-1.4,-4.9,-6.8,-3.9,-7.8,-5.2,-1.7,-1.7,-4.7,1.3,-5.8,-5.7,-3.6,-0.6,0.8,-3.0,-7.7,-8.4,-14.0,9.3,-8.7,-8.8,-8.2,8.3,2.8,-2.1
2C7L5141f2,0,48.102163,11.631287,4442544.83,2777853.11,538.6,584.3,240,7396,4.0,0.47,0.47,32.66,348.96,-0.53,-0.103,0.842,3.6,0.2,-3.18,0.31,3.6,0.3,-0.3,1.7,1.4,-0.5,-0.3,2.4,6.8,1.3,0.8,4.8,4.9,24.1,1.7,2.1,1.7,1.9,3.7,3.1,4.0,-0.4,4.4,0.2,2.7,2.7,2.8,2.9,4.2,1.4,3.0,1.7,-0.2,-3.1,-3.3,-1.4,-1.6,-2.1,-0.8,1.4,3.9,4.1,3.5,1.1,1.7,1.4,1.6,2.3,1.6,2.1,3.0,-0.4,3.9,-0.1,3.2,2.5,0.4,1.6,16.4,11.7,14.3,14.9,15.0,16.3,16.5,15.4,15.0,6.5,19.4,15.2,15.7,14.7,14.6,15.4,15.4,16.4,15.8,14.2,14.9,14.2,15.2,13.0,14.7,13.4,13.1,14.8,13.9,13.0,12.0,12.7,14.5,11.8,11.4,12.3,10.8,9.8,11.5,10.1,12.7,10.1,12.8,13.1,10.4,12.4,13.9,13.2,12.7,14.0,12.5,9.2,9.6,13.7,11.2,15.4,14.4,15.5,14.6,16.5,16.1,13.9,16.0,16.2,16.3,16.5,15.4,17.2,18.0,14.5,16.2,24.1,18.0,17.4,13.3,13.5,12.7,22.9,16.2,12.6,14.1,14.6,19.0,19.5,21.2,21.1,19.1,15.1,18.2,15.2,17.1,33.5,21.7,20.7,20.2,19.4,17.5,19.4,16.5,21.5,13.8,15.8,16.9,15.8,18.2,15.8,14.2,15.5,13.0,12.7,22.5,24.2,9.4,18.0,16.5,13.7,11.5,12.1,21.9,20.5,22.8,22.2,20.6,23.2,19.4,18.8,19.3,17.2,17.6,18.7,15.0,17.0,15.1,17.7,16.7,11.3,20.9,12.3,10.3,15.2,12.0,10.4,11.2,11.6,13.8,13.6,39.0,13.7,14.4,33.2,17.0,17.4,28.3
2C7L5141cM,0,48.100968,11.621844,4441844.19,2777704.9,539.5,585.2,240,7230,2.6,0.85,0.37,32.59,348.92,-0.529,-0.104,0.843,-0.7,0.1,0.18,0.2,0.5,0.2,-0.3,-1.8,-1.6,-1.2,-0.7,-1.2,-0.9,1.7,-1.8,2.4,1.9,-0.2,0.3,-1.9,-1.3,-1.0,-0.4,-2.2,-5.5,-2.6,-4.0,-0.9,-1.2,-1.6,0.2,-1.1,1.9,2.0,2.3,-0.3,-1.8,-10.8,-2.7,-3.0,-3.4,-3.7,-5.1,-3.4,-1.5,0.3,-2.6,-0.5,-1.0,-6.9,-5.3,-6.2,-4.8,-5.0,-1.8,0.5,-0.8,0.4,-3.6,-3.8,-1.1,-3.4,-3.5,-0.8,-1.5,-0.9,-3.3,-1.9,-3.2,-2.6,-0.8,-3.3,-1.3,-2.2,-2.5,-4.0,-2.1,-3.4,-3.8,-0.7,0.1,-15.8,1.1,-5.1,-1.1,2.8,2.6,-3.7,0.8,-0.0,0.6,-5.7,-6.2,-4.1,-3.7,-1.7,-2.8,-2.7,-5.0,-5.6,-7.0,-3.2,-4.6,-4.0,-6.4,-4.2,-4.1,-5.7,-6.8,-5.1,-4.0,-6.8,-5.2,-3.1,-3.7,-3.1,-6.1,-4.7,-1.1,-2.5,-1.5,-3.5,-2.0,-8.0,-5.9,-4.1,-3.3,-5.1,-5.3,-3.4,-2.5,-1.3,1.6,-1.9,-4.6,-2.2,-3.0,-2.8,-5.3,-2.5,-0.5,-7.2,-9.3,-5.3,-7.5,-2.3,-2.5,-2.1,-3.7,-5.7,-3.4,-4.0,-1.4,-1.6,-2.6,-2.1,-5.8,-4.8,-3.9,-4.5,-4.1,-4.2,-5.1,-4.5,-6.1,-7.1,1.1,1.0,-2.2,-2.7,-4.0,-1.3,1.4,1.6,-4.1,-1.5,-2.2,-3.1,-3.8,-0.3,1.3,-0.8,-0.4,-4.0,-3.8,-5.2,-4.5,-5.0,-6.1,-7.7,-4.8,-7.9,-5.4,-1.2,-2.0,-6.8,-9.4,-10.3,-5.3,-7.0,-4.9,-9.6,-9.6,-7.8,-6.3,-2.1,-9.6,-4.8,-6.5,-6.1,0.1,-1.4,-2.1,-4.5,-5.7
2C7L5141cR,0,48.101,11.622091,4441862.54,2777708.83,540.2,585.9,240,7235,4.1,0.61,0.5,32.59,348.92,-0.529,-0.104,0.843,-1.2,0.2,0.05,0.31,2.6,0.3,-0.3,-5.8,0.4,-2.9,0.2,2.7,-1.2,-4.7,-1.1,2.0,4.7,-2.2,1.1,-0.5,-0.9,-4.9,3.7,-4.3,-11.2,-4.0,-2.0,-7.5,-4.1,-9.7,-8.3,-8.5,-4.5,-1.1,5.8,-4.2,-11.7,-10.7,-6.9,-11.6,-12.8,-7.5,-1.7,-7.2,-1.7,-6.6,1.3,-0.6,6.5,-11.3,-2.3,1.4,-2.9,2.5,6.5,-11.4,0.9,-2.6,6.2,-7.9,-2.8,-7.2,-2.0,-4.9,-6.3,7.3,-0.3,-1.9,-2.5,1.7,-4.9,-6.7,-0.0,-3.6,0.6,-0.7,-3.4,-2.4,2.4,2.0,-1.9,-20.1,-8.7,-1.6,-2.5,-5.4,-9.4,-12.5,-2.6,3.9,-4.2,-7.3,-5.7,-5.2,-8.7,-5.8,-6.9,-6.1,-5.8,-2.0,-9.3,-10.6,-4.8,-0.4,-6.9,-5.6,-6.1,-8.7,-8.6,-3.5,-5.8,-8.4,-4.4,-4.9,-5.5,-6.2,-4.1,-4.7,-5.3,-4.6,-8.4,-6.1,-0.9,-9.6,-2.8,-4.1,3.1,-6.0,-3.8,-3.2,-0.9,-2.6,-13.6,0.2,-11.7,-6.4,-9.1,-3.5,-9.0,-1.1,-8.1,-8.5,-11.5,-3.4,-8.4,-7.4,-3.6,2.1,-0.7,-5.0,-4.6,-5.1,-4.3,2.6,-2.1,-2.7,-3.3,-0.7,4.6,-5.5,-5.3,-5.5,-8.0,-9.9,-8.4,-6.5,-11.4,-15.1,-13.7,-9.3,-10.9,-13.9,-21.8,-7.8,-11.1,-4.8,-7.7,-9.8,-10.2,-3.9,-3.2,-4.8,-0.1,-8.4,-3.6,-14.6,-5.9,-7.3,-6.0,-4.9,-5.3,-5.9,-5.3,-3.2,-6.7,-9.0,-17.1,-7.3,-6.3,-10.2,-10.3,-10.2,-10.8,-3.3,-10.8,-12.2,-15.2,-7.8,-8.0,-6.7,-12.5,-2.1,2.7,-6.8,-10.4
2C7L5141dA,0,48.101329,11.62465,4442052.39,2777749.55,539.9,585.6,240,7280,2.3,0.88,0.27,32.63,348.96,-0.529,-0.103,0.842,-0.7,0.1,0.12,0.17,0.5,0.1,-0.3,-2.8,-2.2,-2.1,-2.1,-2.4,-3.0,0.0,0.5,0.9,0.7,1.1,-1.5,1.9,-1.7,0.3,0.2,0.8,-0.6,0.6,0.4,-0.5,0.6,-1.6,0.6,1.7,1.3,0.6,2.6,0.5,-1.4,-8.8,-2.0,-1.4,-1.9,-2.4,-0.4,2.6,0.9,2.8,0.6,0.9,1.1,0.5,-0.2,0.5,0.9,-1.0,-0.7,-0.2,-0.5,2.0,-1.3,-1.4,-1.3,-2.9,-1.5,-2.0,-2.0,-1.8,-2.9,-1.8,-2.4,-3.0,-2.5,-3.7,-2.0,-3.4,-3.7,-3.0,-2.4,-0.9,-1.0,-1.9,-2.0,-1.3,-1.4,-0.5,0.3,-0.2,-1.7,-2.7,-2.4,-1.9,0.8,1.2,-2.2,-1.8,-3.3,-0.9,0.0,-1.3,-1.6,-1.3,0.7,-3.7,-0.2,0.6,-1.9,-0.4,0.9,-0.7,-0.5,-0.3,1.8,-0.5,0.1,-1.5,-1.6,-2.8,-6.7,-9.7,-10.7,-11.4,-12.7,-8.8,-1.3,-2.6,-3.3,-4.0,-3.0,-1.7,-3.0,-3.5,-1.5,-2.9,-1.1,-1.5,-2.8,-2.5,-5.5,-8.0,-3.8,-0.4,-2.1,-4.2,-3.4,-3.1,-3.7,0.9,0.9,0.2,-0.4,0.1,-1.3,-0.6,1.8,-1.6,0.8,-1.1,-1.4,-2.6,-4.3,-2.1,-1.0,-2.1,-2.2,-0.2,-1.9,-1.7,-0.4,-3.5,-6.4,-4.1,-6.0,-4.4,2.1,-3.2,-9.7,-0.9,0.4,1.1,-4.1,-2.4,0.9,-4.7,-2.7,-5.2,-3.0,-1.7,-3.3,-3.2,-4.1,-2.3,-2.4,-3.6,-2.0,-2.4,-5.8,-3.9,-7.0,-4.7,-5.2,-3.4,-4.8,-5.4,-5.3,-3.6,-5.5,-4.4,-2.6,-2.1,-4.4,-4.9,-6.1,-2.5,-3.7,-4.7,-4.5
2C7L5141dB,0,48.101345,11.624778,4442061.85,2777751.58,543.3,589.0,240,7281,3.6,0.74,0.45,32.63,348.96,-0.529,-0.103,0.842,-0.2,0.2,0.26,0.29,1.4,0.2,-0.3,-0.8,-2.2,-2.0,-2.5,-2.1,-3.6,1.6,-0.5,0.1,-1.1,-0.8,-4.1,1.0,-1.6,0.6,1.5,0.1,-1.1,-0.5,2.0,-0.6,-0.4,-2.8,-0.1,0.6,0.5,-1.3,-3.0,-1.9,-2.8,10.3,-3.8,-0.5,-2.4,-6.1,-0.6,0.5,1.2,1.5,-1.6,-0.4,-2.6,-0.6,-4.0,-0.8,-2.9,-4.9,-3.0,-2.3,-0.6,0.0,-1.2,-2.2,-2.7,-5.0,-2.9,-4.4,-2.0,-2.3,-3.3,-2.1,-5.0,-2.8,-2.4,-11.1,-5.9,-6.1,-9.5,-7.8,-4.6,-6.0,-1.7,-2.3,-2.4,-2.2,-3.8,-2.2,-1.6,-3.7,-2.7,-5.7,-7.8,-4.9,-2.9,-0.6,-1.3,-7.9,-7.7,-1.7,-3.2,-5.0,-4.0,-6.5,-2.4,-6.9,-4.2,-3.5,-4.1,-2.3,-1.6,-4.9,-3.6,-3.6,-2.0,-3.0,-2.2,-5.7,-1.3,-1.1,-14.6,-12.5,11.4,12.4,11.2,-11.1,-4.1,-4.8,-3.3,-3.8,-5.4,-1.0,-3.9,-3.8,-2.4,-2.9,-0.7,-4.2,-5.7,-3.6,-7.3,-5.5,-1.9,-3.6,-1.5,-2.2,-0.4,-5.4,-5.1,2.6,3.4,-1.1,0.4,0.0,-1.2,-0.8,-1.0,-1.3,-1.1,-2.6,-4.7,-3.4,-4.0,-5.2,-3.4,-2.8,-2.8,1.5,-1.2,-0.3,1.4,6.9,4.9,0.7,-4.1,6.2,-0.1,12.5,-9.4,0.5,2.8,6.1,-7.6,-6.9,-1.5,-6.1,-9.6,-4.7,-6.5,-10.2,-4.3,-3.5,-2.8,-2.4,-3.9,-4.7,-3.9,-0.9,2.1,2.2,-5.7,2.7,3.9,-8.6,-5.4,-0.2,5.5,-2.0,-4.4,-4.6,-6.1,-2.6,-0.1,-3.0,-5.6,-4.4,-7.3,-7.8,-9.5
2C7L5141dE,0,48.101366,11.624939,4442073.85,2777754.15,541.3,587.0,240,7284,4.7,0.55,0.44,32.64,348.96,-0.529,-0.103,0.842,1.0,0.2,-0.89,0.37,1.5,0.3,-0.3,-5.2,-4.0,-1.5,-3.8,-1.7,-5.7,-3.7,-1.6,-0.6,-8.7,1.7,-5.3,1.3,-3.3,-1.5,-0.8,-1.9,-4.2,-0.5,-4.0,2.0,-4.0,0.2,-2.0,-2.3,-4.0,3.6,2.1,6.7,-2.8,-10.8,-13.5,-2.2,-2.6,-2.3,-2.6,4.0,1.3,1.0,1.6,6.1,-0.1,-2.2,-4.1,2.4,-0.6,1.1,0.9,1.0,0.3,-4.6,-1.1,-1.0,-3.8,-1.9,-1.9,0.5,-3.0,-3.8,-6.9,-4.4,0.0,12.1,-9.5,5.5,-2.4,-4.7,1.6,-2.4,-6.9,-0.7,-6.2,-6.8,-7.0,-5.1,-2.8,-2.4,-2.6,-4.0,-5.5,-7.7,-4.0,-5.5,0.5,-3.1,1.6,-4.5,-4.4,-7.9,-3.6,-1.6,-3.5,-3.4,-6.2,-9.8,6.6,12.8,3.1,-4.1,-1.6,-5.9,-4.9,-5.0,-4.3,-3.8,0.5,-1.0,-0.5,-2.7,3.2,-0.8,-0.7,3.4,-0.7,3.3,0.3,-0.3,0.8,2.3,3.5,1.7,-1.9,-4.0,-1.2,3.3,-0.9,-2.2,0.6,1.2,-4.0,-10.2,13.7,-5.3,-5.0,-1.0,1.2,3.6,2.3,7.2,11.5,6.5,7.6,3.7,4.1,6.8,8.3,8.0,7.0,6.7,9.0,3.8,1.5,4.5,5.1,4.2,1.5,2.0,10.5,-6.6,0.6,3.2,5.0,13.6,-0.2,2.2,5.1,1.7,-4.5,9.7,-1.7,10.7,-2.4,-2.9,9.6,13.6,5.3,-2.6,-4.0,-1.5,9.8,-7.7,-8.5,-8.4,8.6,15.8,15.6,-4.1,-8.2,0.8,-11.2,1.2,2.2,4.5,-0.2,1.6,0.1,2.3,1.7,4.4,0.9,-2.4,2.9,-1.8,-5.4,-7.0,-3.2,5.0,-3.9
2C7L5141dH,0,48.101374,11.625005,4442078.76,2777755.21,537.2,582.9,240,7287,3.3,0.74,0.45,32.64,348.96,-0.529,-0.103,0.842,-0.0,0.2,-1.06,0.25,1.2,0.2,-0.3,1.8,0.2,-1.6,1.4,1.9,6.3,-1.4,-2.4,-2.1,0.6,1.5,4.7,4.8,0.4,-3.1,-0.2,0.8,1.5,2.1,0.3,-3.2,-1.2,-3.7,-2.9,-1.4,-0.8,3.5,0.7,-0.3,-2.8,-13.1,-5.8,5.9,-9.4,-1.5,-3.7,-6.8,-1.7,0.5,-1.7,6.0,0.1,-0.7,3.6,-3.5,-6.3,-5.6,-4.7,-1.1,-1.5,-1.5,2.9,-3.8,-1.0,-0.5,4.3,-0.7,0.8,0.1,1.2,3.5,2.2,3.3,2.7,-1.1,3.1,1.6,0.6,2.0,-0.8,0.9,-0.6,2.2,-0.0,-2.6,-3.4,-0.1,-0.2,-3.2,4.2,-2.6,0.5,-5.3,2.8,-1.2,3.4,-1.0,1.2,2.0,3.6,0.3,-3.6,1.3,-1.1,-2.1,0.1,2.4,1.7,0.9,-1.0,1.0,-0.6,-3.8,-1.6,1.5,2.3,2.6,0.7,1.5,4.2,-1.8,6.2,-0.2,-0.5,1.6,3.5,-1.2,2.3,11.1,-3.5,2.7,0.9,-2.9,0.6,1.7,-0.2,1.2,-0.2,-1.2,1.4,-1.4,6.8,4.5,2.4,0.9,3.4,1.3,-3.0,3.7,5.5,-2.7,-1.3,-3.6,3.2,2.3,5.6,4.4,4.1,3.3,2.2,0.3,-0.3,3.7,2.6,0.7,5.9,1.9,1.8,-0.3,1.7,1.3,0.1,3.3,-1.1,-0.7,-0.1,-0.5,-2.7,6.8,2.2,-8.7,-3.2,-5.2,1.4,-10.4,5.6,-0.1,3.4,-5.8,2.6,0.0,1.4,-4.5,1.9,4.2,2.4,3.7,10.5,-3.2,-2.2,-7.4,-3.4,-1.6,-1.7,-8.0,-3.5,3.4,-0.9,-7.5,-6.9,-6.7,0.4,-4.4,-0.2,3.1,-7.8,0.0,-0.1
2C7L5141e4,0,48.101734,11.627808,4442286.7,2777799.82,538.3,584.0,240,7336,2.7,0.83,0.41,32.65,348.96,-0.53,-0.103,0.842,-1.2,0.1,-0.35,0.21,0.9,0.2,-0.3,-1.7,2.1,0.3,-2.5,5.2,-8.2,4.1,-4.2,1.4,-3.4,0.1,-4.3,0.2,2.3,6.0,-0.3,-3.5,-2.2,-7.2,2.8,2.3,1.9,-0.4,0.3,3.8,3.0,2.6,1.8,-0.3,-3.5,-4.6,-5.3,-6.3,-3.3,-2.3,-1.3,3.7,0.8,1.8,2.9,-1.4,-0.0,-0.3,-0.2,1.0,2.5,1.4,1.9,1.5,6.1,1.1,-1.1,0.5,5.4,0.7,2.7,0.0,2.8,0.0,0.5,1.5,3.0,-0.7,1.6,-0.6,-2.3,-1.9,-2.1,-0.6,-2.6,-2.3,-2.0,-3.1,1.9,0.4,-1.4,-0.9,3.9,-2.3,-3.5,-0.4,-4.6,3.8,1.5,2.9,3.2,2.1,-1.8,-1.6,-0.8,-1.7,-0.5,-1.0,-1.3,-0.8,-0.9,0.8,0.3,0.9,-1.6,1.9,1.1,0.2,0.1,-1.4,0.8,0.8,-0.3,-0.7,-0.8,-3.1,-4.3,7.7,-0.7,-3.6,-1.9,-4.5,-2.2,-1.0,-3.2,-7.7,-0.8,-0.9,-2.6,0.7,-2.4,-3.0,-2.9,-3.9,-1.2,-0.9,-1.2,-2.7,-6.2,-0.1,-1.9,11.2,-1.2,1.2,2.0,-0.4,2.8,-4.4,0.7,0.6,-1.3,-2.4,-1.5,-0.6,-3.6,-4.1,1.1,-1.0,-2.9,-3.8,-4.7,-4.5,-13.9,-3.6,-4.2,-5.8,-1.8,-0.7,-4.1,-5.2,2.9,-1.6,-5.8,-2.9,-2.1,-3.9,-7.7,-4.0,-5.0,-1.6,0.4,-2.5,-1.3,-11.5,-3.7,-2.7,-5.5,-6.5,-2.1,-1.8,-5.4,-5.0,-3.5,-3.4,-7.0,-7.2,-4.1,-3.3,-6.7,-5.1,-3.5,-3.9,-5.8,-3.7,-6.8,-4.3,-5.5,-5.2,-3.5,-4.9,-4.1,-1.9,-1.4
2C7L5141eP,0,48.101917,11.62923,4442392.21,2777822.43,549.0,594.7,240,7357,2.5,0.85,0.43,32.65,348.96,-0.53,-0.103,0.842,-0.3,0.1,-0.2,0.19,1.0,0.2,-0.3,0.7,-0.7,-0.6,-1.5,-0.5,1.2,2.1,1.6,-0.5,-3.9,0.9,1.3,1.7,0.1,-0.3,-0.4,-2.2,-2.8,-5.0,-3.6,-2.9,-3.6,-0.4,-2.9,-1.5,-1.4,-0.8,3.7,4.5,-3.5,-0.3,-7.7,-4.6,-5.0,-5.2,-3.9,-1.8,-0.7,-0.4,-0.1,2.5,2.3,0.9,-2.6,-0.3,0.5,1.0,1.6,-1.6,2.1,-0.2,0.9,-1.5,-0.7,-0.4,-3.4,0.8,-1.1,-0.9,-0.8,-1.7,1.5,-0.3,1.8,1.0,1.7,-2.3,-1.5,-1.5,-1.7,-1.0,-2.0,-2.5,0.3,-2.7,-1.5,-0.6,-1.3,-0.7,-5.6,-4.8,-3.8,-3.1,-1.1,-3.2,-3.1,-4.1,-1.3,-3.2,-3.2,-3.4,5.2,2.5,-2.7,-2.7,-1.7,1.8,-1.5,-1.9,-2.9,0.0,-0.1,1.3,0.6,-1.4,-0.9,1.1,2.8,1.7,-0.1,-0.1,-0.0,0.9,0.7,1.4,0.8,0.6,-1.2,0.3,0.6,1.6,-0.3,-0.3,-1.4,1.9,2.6,-0.1,-0.6,-1.4,-5.4,-1.7,-2.4,4.1,-2.1,-2.7,-3.7,-2.7,-1.3,1.2,4.2,-0.6,-0.5,-1.7,-1.1,0.5,0.5,1.6,-1.5,-2.3,-6.8,1.2,2.6,-3.5,-2.6,-2.6,-1.1,-0.6,-2.0,-0.8,-3.5,-5.1,-3.9,-4.7,-5.4,-5.0,0.9,-2.1,-3.5,-1.1,-2.0,-1.1,-5.3,-2.4,0.2,-0.4,4.2,-2.1,-2.3,-4.7,0.1,-2.2,-0.4,0.8,-0.4,-3.1,-2.5,-5.3,-1.7,-7.0,-14.7,4.0,7.2,5.6,5.7,3.7,-3.5,-2.9,-3.4,-1.0,-3.1,-2.7,-2.3,-3.5,-3.1,-1.2,-4.0,-4.5,-2.4
2C7L5141eh,0,48.102032,11.630126,4442458.67,2777836.7,542.7,588.4,240,7375,4.0,0.7,0.43,32.66,348.96,-0.53,-0.103,0.842,0.1,0.2,-0.31,0.31,1.0,0.3,-0.3,-0.3,2.5,0.8,2.7,1.2,-1.4,-0.4,2.3,1.1,3.0,2.1,0.2,0.7,-0.3,-3.6,1.2,0.2,-2.4,-0.0,-0.8,-1.3,4.9,1.6,0.7,-1.0,0.3,0.3,4.0,-3.8,0.4,-13.4,-2.9,-2.2,-2.7,-2.5,-0.2,0.3,1.5,2.8,-3.7,1.3,2.0,-0.2,1.6,0.8,1.8,0.5,1.2,2.0,7.1,0.5,1.2,1.0,2.1,1.1,0.4,1.7,0.3,1.3,-0.6,0.3,-1.3,0.5,-2.2,-0.2,0.2,0.5,3.4,0.6,-0.9,-1.4,0.4,1.9,1.6,-1.6,-0.2,-1.4,-1.3,0.9,0.4,-1.8,-1.7,1.9,-0.4,0.7,8.0,-1.6,-2.4,-9.8,-0.9,1.1,1.0,6.8,0.7,1.8,6.7,-2.9,4.2,1.4,8.6,5.8,1.0,-12.4,9.7,5.3,9.1,1.3,9.7,2.6,0.5,1.0,1.4,-0.5,-0.0,0.8,0.5,-0.4,0.3,-1.0,-0.2,0.2,5.7,2.3,0.4,0.8,1.1,0.1,0.3,2.5,10.1,-3.6,7.3,9.9,11.1,-5.3,-5.2,3.0,6.9,2.0,-0.5,2.0,2.7,-2.0,-1.4,0.9,0.4,2.9,0.5,-0.4,-4.3,-0.1,-0.5,-2.2,-2.0,-0.9,-0.2,-1.7,-10.2,-2.8,-1.0,-0.6,3.2,-1.6,5.2,8.7,10.2,2.7,-13.0,-5.3,3.5,10.3,7.5,0.1,-1.1,2.7,0.4,-0.4,-0.7,3.0,-1.4,5.1,0.8,-1.5,0.7,1.8,9.7,-0.6,-13.6,12.7,-3.5,4.6,8.4,5.7,7.9,3.7,0.6,10.3,1.2,0.3,8.3,-0.6,-2.0,-4.4,-2.3,-4.3,-4.9,-3.7,-2.0
2C7L5141ei,0,48.102028,11.630094,4442456.28,2777836.19,538.4,584.1,240,7376,4.0,0.73,0.41,32.66,348.96,-0.53,-0.103,0.842,-0.6,0.2,0.02,0.31,0.6,0.3,-0.3,-1.0,8.7,0.4,-0.9,1.9,-0.5,-1.6,2.0,1.7,-1.6,3.6,-2.2,0.9,0.4,1.9,3.2,3.8,-3.3,0.6,-2.5,-1.7,-3.3,-1.8,-0.4,0.6,1.9,1.2,-1.4,-0.7,-0.6,-10.4,-5.2,-3.3,-1.7,-4.4,-1.8,-1.1,-2.6,-1.7,-6.8,-2.4,-0.3,0.7,-1.6,-3.0,0.1,-5.7,3.5,-1.6,14.0,1.9,0.6,-2.3,2.7,0.4,0.3,1.2,2.3,1.5,-0.4,0.8,-0.3,-1.4,1.2,-6.0,-3.2,0.6,-7.9,-0.3,-1.3,-1.4,-1.8,-2.5,-0.6,-3.0,0.2,1.5,-1.5,3.3,-3.3,-1.8,-2.7,-0.7,0.6,-0.7,11.4,-6.5,-4.4,-6.7,-1.6,1.7,4.3,-0.3,2.7,2.4,11.1,3.0,1.3,6.1,-15.0,-4.6,-1.9,13.0,-4.1,0.6,9.7,-4.2,13.1,1.8,-2.4,0.5,-0.7,-0.9,1.6,-1.2,-0.3,0.2,0.8,-0.4,0.5,-1.0,3.0,-0.5,1.1,3.1,0.1,-1.9,0.7,5.5,-12.9,-4.6,-8.3,-2.2,2.5,-15.6,0.2,-4.6,-4.8,0.2,-0.8,-0.0,-5.1,-1.5,-0.4,-0.7,-2.0,-4.9,-1.0,-0.1,2.9,-5.2,-0.8,-0.6,-0.7,3.0,-0.2,-0.6,-9.0,-3.6,-2.6,-0.1,-2.3,-6.2,-7.1,-5.8,-0.9,-1.5,-7.9,5.5,-0.5,-3.0,-4.0,-3.6,-4.9,-2.7,-3.6,-1.5,-1.8,-14.2,-2.2,-2.4,-2.2,-1.3,-2.0,-1.4,0.4,-0.3,-5.0,-8.4,-3.2,-0.3,7.1,-0.9,2.2,0.9,-1.4,6.5,-0.3,-5.5,-5.0,-2.9,-1.5,-1.7,-0.9,-3.1,-3.9,-2.7,-2.1
2C7L5141fG,0,48.102289,11.63213,4442607.33,2777868.58,543.6,589.3,240,7410,2.7,0.7,0.35,32.67,348.96,-0.53,-0.103,0.842,-0.7,0.1,-0.25,0.2,3.4,0.2,-0.3,-1.4,0.3,-0.2,-0.4,-0.9,-1.3,1.2,2.0,2.8,5.1,-0.4,-2.5,1.1,-1.3,0.9,-1.6,3.2,4.0,5.5,7.4,2.6,5.4,3.5,10.9,8.8,10.5,6.0,-0.6,3.6,5.3,0.4,4.0,4.8,4.9,8.2,8.4,7.7,10.3,11.7,10.0,4.5,3.7,6.5,9.3,9.1,4.7,0.5,1.4,2.2,0.6,2.6,3.4,2.7,3.8,4.9,2.4,1.1,0.3,1.5,1.3,-0.8,-0.9,0.8,-0.1,0.6,-2.4,-1.8,-0.4,-1.3,-1.0,-0.2,1.7,-1.2,2.8,-0.2,2.6,1.3,-0.1,3.4,5.1,1.3,4.2,1.5,2.5,1.7,5.8,6.3,9.6,8.5,7.2,7.0,1.2,1.6,5.1,8.4,4.3,2.4,10.7,7.1,4.3,3.1,6.1,7.8,5.2,6.2,6.4,3.6,5.5,4.5,6.4,5.2,5.5,5.5,4.8,3.2,1.6,2.5,0.7,2.7,0.7,0.1,2.0,-1.4,1.2,11.4,3.8,-0.8,2.0,4.3,4.5,5.5,6.4,-0.3,8.8,7.5,6.3,7.9,5.7,8.7,-0.2,-3.8,-4.6,-3.1,-0.2,-0.1,-0.4,-3.4,1.0,1.1,1.2,-2.3,-3.5,-0.9,-1.4,-0.3,-4.1,-2.4,-1.7,-0.7,0.6,4.6,7.9,7.6,6.4,5.5,4.2,1.6,5.4,5.3,6.6,5.7,5.1,-0.4,-2.6,-1.0,-0.5,-0.5,-1.9,-7.8,-4.6,-2.4,0.0,-1.1,0.4,-1.1,0.2,-3.3,0.8,3.0,0.6,0.8,5.5,7.1,7.3,5.6,7.8,7.6,1.7,2.0,1.6,-2.6,-1.9,-1.2,-0.6,-4.6,-3.5,-0.3,3.2
2C7L5141fQ,0,48.102334,11.632475,4442632.94,2777874.1,532.4,578.1,240,7420,3.6,0.7,0.41,32.67,348.96,-0.53,-0.103,0.842,-0.3,0.2,1.01,0.28,0.9,0.2,-0.3,-1.8,-0.6,1.8,-3.2,-2.7,-6.2,-1.7,-2.6,-4.6,4.3,0.3,1.2,1.3,-1.2,-2.8,-1.5,-4.2,0.9,0.5,2.8,-2.7,-1.8,-2.1,-0.5,3.4,-3.1,-1.6,-2.4,1.4,2.7,-0.8,-6.3,4.5,0.9,-2.7,-2.5,4.1,7.3,-1.0,6.9,-3.5,-2.3,-2.2,-3.2,-8.1,-3.0,0.0,-7.8,-0.5,-1.0,1.2,-1.2,0.5,-1.9,2.8,-2.2,1.9,-2.5,-1.5,-4.4,-0.8,-4.3,-4.3,-0.4,-5.4,-3.7,-0.0,-1.3,-2.0,-3.5,-2.4,-2.2,-2.4,-2.2,-3.0,-2.4,0.9,3.0,2.1,1.2,-1.3,-4.4,-2.7,0.2,0.9,-7.3,-0.1,-1.9,-7.0,-3.4,-6.5,-1.5,-0.3,-6.1,-3.3,-0.9,-0.7,-3.4,-1.0,6.5,-1.0,-5.6,-9.0,-3.0,-6.1,-5.9,-6.7,5.5,-7.9,-2.7,-3.5,-1.8,-0.3,-0.9,-0.4,-4.1,0.1,-2.6,2.9,-3.1,-2.6,-1.2,-4.2,-12.0,9.3,-10.0,-5.1,4.4,-7.5,-11.4,7.6,-6.1,-6.6,-6.1,-10.8,-7.2,-7.3,-4.3,-1.3,3.1,-6.3,-2.5,-1.7,-1.4,-1.9,-0.5,-1.2,-2.4,-0.7,1.7,-3.1,-4.7,-2.7,-2.4,-3.9,-1.6,-2.4,-0.7,-8.2,-7.5,-4.6,-13.6,-13.6,-8.5,-5.3,-3.3,-0.9,-5.7,-2.4,-6.8,-4.1,-4.2,-3.4,-3.2,-5.1,4.8,1.7,1.6,0.0,-1.2,1.3,1.4,-1.5,1.4,1.9,-7.6,-2.3,-2.4,-3.9,-11.9,-15.2,0.7,-6.0,-1.9,6.2,-1.2,-0.3,1.8,-0.9,-2.1,-0.2,2.4,-0.0,-2.3,4.9,0.2,1.6,0.1
2C7L5141g3,0,48.102685,11.635217,4442836.32,2777917.68,557.1,602.8,240,7459,2.2,0.87,0.46,32.68,348.96,-0.53,-0.103,0.842,-0.5,0.1,-0.01,0.17,1.3,0.1,-0.3,-0.7,-1.5,-2.4,-0.6,-3.0,2.7,-0.3,3.0,-1.2,7.6,-1.9,8.8,-2.4,-3.6,-2.9,-1.7,-3.3,-2.0,-5.8,-5.3,-3.9,-4.0,-2.4,-1.3,-0.3,-1.6,-1.4,0.5,-1.3,-3.0,-1.3,-7.6,-6.6,-7.0,-5.0,-4.9,-2.5,-2.9,-2.4,-1.7,-3.6,-0.5,-3.6,-3.1,-1.7,-3.6,-3.6,-3.0,-2.7,-1.1,-1.8,0.2,0.7,-0.5,-3.6,0.2,-3.3,-1.3,-2.2,-0.8,-2.4,-0.6,-1.7,-1.9,-0.3,-1.1,-2.5,-7.6,0.3,0.0,3.2,-2.1,-2.0,-3.4,-1.1,-0.2,-1.8,-9.4,-7.3,-2.4,-5.4,-2.9,-7.6,-6.0,-5.2,-3.0,-3.0,-2.3,-1.4,-4.5,-4.7,-2.3,-3.0,-6.7,-3.2,-9.5,-0.2,0.1,-4.2,-5.7,-5.7,-2.6,-4.3,-3.7,-2.3,-4.6,-1.7,-4.1,-3.3,-1.3,-0.7,-2.2,0.3,0.1,-1.5,-0.4,-2.2,-0.7,-0.7,-2.7,0.2,1.2,-1.6,-5.7,-1.2,-1.5,-1.0,-1.9,-2.6,-1.4,-3.7,-2.6,-2.0,-6.7,-1.8,-2.8,-1.2,-2.8,-3.5,-3.4,-6.1,-1.8,-4.1,-2.8,-4.8,-3.2,0.6,-3.3,-2.3,-4.3,0.8,-0.4,0.3,2.2,-0.5,-3.7,-5.6,-6.3,-4.9,-1.3,-3.2,-5.1,-6.0,-3.9,-6.8,-6.2,-3.2,-3.3,-3.8,-3.1,-0.9,-0.7,-7.8,-5.9,-6.6,1.1,-4.1,-5.2,-0.2,-1.8,-3.7,-3.1,-2.4,-4.7,-6.6,-3.8,-3.2,-2.9,-2.2,-5.0,-7.5,-4.7,-7.0,-7.4,-5.7,-4.6,-0.5,-0.3,-3.2,-2.2,-6.4,-4.2,-2.9,-2.2,-4.1,-6.2,-4.2,-3.8
2C7L5141g8,0,48.102673,11.635117,4442828.94,2777916.13,537.9,583.5,240,7464,3.0,0.78,0.39,32.68,348.96,-0.53,-0.103,0.842,0.3,0.2,-1.06,0.23,1.2,0.2,-0.3,-1.4,-0.3,-0.0,-0.5,0.8,2.4,1.0,-0.2,1.4,-0.0,-0.8,0.7,-0.6,1.7,1.7,0.5,-0.2,1.3,-2.8,-2.4,-0.9,-4.0,4.3,-6.3,-5.0,-5.9,1.3,7.0,0.5,-1.7,-1.5,-6.4,-4.8,-3.9,-6.2,-2.4,-0.3,-1.5,-3.4,-0.5,-1.8,-0.7,-2.4,-1.1,-2.1,-3.4,0.7,0.6,2.1,2.4,2.5,3.3,1.0,1.6,0.5,1.7,0.7,2.0,2.0,2.7,3.2,2.1,-0.3,-4.2,2.4,-0.9,-1.4,-0.7,-0.7,0.7,1.1,1.2,3.3,1.8,2.0,0.2,0.8,1.0,0.6,-1.4,-0.9,-0.7,6.0,1.2,2.5,-3.7,4.7,-0.3,-0.7,-2.7,0.9,-0.5,-1.9,-7.8,0.7,-1.1,2.9,4.3,4.5,2.6,4.8,0.4,1.2,3.5,1.8,0.1,2.0,4.1,1.8,1.6,3.6,1.6,2.2,1.0,3.1,4.1,0.8,2.3,2.1,1.0,0.4,3.1,1.8,1.8,3.0,0.9,0.5,1.9,-0.2,-3.1,-2.2,5.0,6.5,0.5,2.6,-5.6,1.7,2.6,2.4,8.1,-1.2,2.3,4.8,2.6,3.9,2.8,4.2,0.7,2.9,3.6,2.6,5.1,2.4,2.7,3.5,1.9,1.6,3.4,4.6,4.0,-2.2,-5.6,-9.1,-3.2,-4.0,4.1,5.6,5.3,2.2,0.9,2.1,-3.8,-3.5,3.2,2.9,0.6,1.1,0.6,-3.7,1.2,3.1,5.0,5.8,1.7,3.2,6.1,5.1,2.4,1.8,-1.0,4.5,3.0,-0.4,-3.8,-1.9,-3.7,-2.3,-5.2,0.1,-3.4,-0.5,-9.5,-8.4,16.0,3.7,-1.7,-1.8,-6.2
2C7L5141gG,0,48.102753,11.635739,4442875.06,2777926.01,547.2,592.9,240,7472,4.2,0.62,0.54,32.68,348.96,-0.53,-0.103,0.842,-2.3,0.2,0.22,0.32,1.7,0.3,-0.3,-1.6,-1.6,7.0,-2.9,-0.1,-7.7,1.3,-1.0,5.3,-6.3,1.6,-3.1,2.5,1.9,8.8,8.6,7.4,-2.7,5.1,-1.8,-1.9,0.5,-4.3,6.9,6.1,10.9,1.8,-4.3,-4.0,3.4,-0.1,-4.2,2.1,-0.2,-2.7,4.2,3.0,2.7,0.7,5.4,0.1,-4.4,4.0,4.4,1.4,-1.6,-5.0,-4.7,-2.4,-3.5,-2.5,-1.4,-0.3,-1.6,-3.0,-4.5,-2.9,-4.9,-2.4,-5.0,-4.9,-3.0,-8.1,-6.1,-11.0,-6.2,-6.0,-7.2,-4.2,-3.7,-6.2,-2.0,-9.3,-1.7,-2.7,0.3,-0.1,-2.5,-3.5,-5.1,-5.8,-2.5,-3.2,-1.9,-1.4,-0.6,2.0,-3.9,-2.7,1.9,-3.1,-8.3,-6.4,-6.1,-0.3,-3.0,-5.2,4.1,2.9,-1.4,1.1,-15.1,4.8,3.4,5.6,0.9,0.3,-2.6,2.0,1.7,-3.7,-4.3,-6.6,-5.7,-2.1,6.3,-10.3,-4.4,-14.5,-4.9,-10.5,-4.8,-12.3,-5.6,-4.1,-0.8,-8.2,1.5,-3.6,-0.5,-1.3,-1.3,-2.3,-1.8,-2.1,-5.3,-8.4,5.9,-3.4,-15.2,-13.7,-9.4,-7.5,-8.3,-8.9,-8.8,-9.3,-9.3,-17.2,0.5,-11.6,-7.4,4.5,1.1,1.5,-7.0,-6.4,-7.2,-4.8,-2.5,-7.4,-8.7,-9.2,-9.9,-9.6,-9.5,-2.6,-6.3,-3.9,-7.1,-7.8,-9.9,-11.7,-11.1,-10.9,-12.5,-10.0,-8.0,-18.3,-6.7,-0.5,-7.2,-7.4,-8.8,-8.8,-6.8,-10.8,-7.9,-12.8,-21.6,-2.0,-9.6,-5.7,-6.3,-4.6,-16.5,-14.4,-8.0,-8.4,-7.7,-13.2,-11.2,-9.5,-9.4,-11.4,-9.8,-11.8,-9.5
2C7L5141gH,0,48.102781,11.635964,4442891.75,2777929.57,554.4,600.1,240,7473,3.8,0.7,0.45,32.68,348.96,-0.53,-0.103,0.842,-2.3,0.2,-0.69,0.29,0.7,0.3,-0.3,1.5,0.4,3.3,-3.7,4.3,-1.7,3.6,1.1,2.9,-2.4,2.6,5.9,1.9,2.2,3.9,4.3,0.6,-2.5,-2.2,-4.7,-1.8,-1.3,-1.2,-1.1,2.4,0.6,-2.4,-2.9,1.5,3.1,-0.5,-2.1,-6.2,-3.4,-4.3,-1.1,2.5,1.9,-2.7,-0.9,1.0,-0.8,3.6,3.6,-9.3,-1.4,3.1,-6.2,-2.2,2.9,-0.5,0.3,1.8,1.8,2.9,-2.9,4.0,-1.1,-0.0,0.3,-2.0,-0.1,-7.7,-1.9,-0.5,2.6,-1.9,-3.9,1.2,-2.0,-1.7,-1.3,-4.2,0.0,2.3,2.1,-1.8,-2.2,-2.5,-1.2,-0.4,1.8,0.8,0.4,-1.0,-2.1,2.1,3.8,-0.4,-1.8,-1.9,-6.5,-4.0,-5.6,-2.8,-2.2,-3.6,1.7,1.5,-3.0,0.7,-2.0,1.0,1.0,1.5,1.8,-1.7,-0.4,1.1,0.2,-2.0,-2.5,-0.0,-3.8,-2.9,-0.8,0.5,-3.4,-3.7,-2.8,6.1,-1.3,-2.0,-1.8,-0.2,2.1,-1.3,-1.0,-1.9,-1.2,0.3,-2.3,2.9,-7.6,-6.4,-6.1,-2.1,-3.4,-2.7,-4.0,-1.6,-5.8,-6.2,-5.9,-6.0,-8.3,-18.9,-8.2,-10.1,-1.1,-4.9,-5.3,-10.7,-9.0,6.4,-8.6,-6.3,-6.2,-0.8,-3.8,-9.3,-13.8,-13.0,-15.0,-7.5,-7.5,-7.4,-10.3,-6.7,-12.0,-11.6,-11.7,-11.0,-7.7,-11.2,0.2,-20.2,-6.2,3.8,-0.0,-0.7,-3.8,-5.6,-7.2,-4.4,-9.9,-11.7,-10.5,-1.5,-8.4,-7.5,-3.1,-6.1,-4.5,-5.9,2.5,1.3,-9.5,-9.2,-9.4,-15.5,-12.9,-11.5,-11.5,-13.9,-17.8,-18.6,-22.4
2C7L5141h0,0,48.103051,11.638061,4443047.28,2777962.98,532.8,578.5,240,7518,2.5,0.84,0.39,32.7,348.96,-0.53,-0.103,0.842,-0.9,0.1,-0.55,0.2,0.4,0.2,-0.3,0.8,-1.1,-0.1,-1.4,-2.7,-1.2,-1.3,0.9,-0.0,5.5,3.4,3.3,4.6,6.1,4.1,8.4,3.8,4.8,0.7,1.1,-2.0,-3.8,2.1,1.8,3.9,0.4,1.9,0.8,4.6,-0.1,4.0,-3.0,1.6,-2.2,-7.1,0.1,0.1,4.5,1.6,3.2,0.5,2.9,0.8,1.3,2.1,2.8,2.3,1.1,5.0,2.1,3.9,2.5,2.9,3.8,2.7,2.8,2.9,-1.3,1.6,2.5,1.4,-0.3,2.5,2.7,1.1,1.6,4.0,1.3,1.0,0.1,1.0,3.1,1.9,5.0,2.7,5.0,2.3,2.1,3.2,4.1,1.4,0.1,-0.3,1.4,-0.3,-0.4,2.8,0.4,3.1,2.2,1.8,1.8,1.0,-1.2,-0.8,2.9,7.5,4.0,4.1,3.7,-0.9,2.0,-0.1,3.5,2.3,4.5,2.1,6.3,3.7,2.5,3.9,2.9,1.2,3.8,3.1,1.4,5.4,-2.0,-0.1,0.6,-1.0,3.3,3.0,3.2,-0.6,1.9,2.6,0.7,1.6,2.3,1.4,4.5,5.2,2.2,-4.7,-6.3,-2.3,5.0,5.7,1.1,-2.3,-3.7,2.3,2.7,2.1,-0.7,1.9,-1.7,-0.1,-2.5,-1.0,2.2,-1.5,-0.7,-0.2,-1.6,0.2,2.6,1.6,1.8,5.7,-0.8,-2.4,-7.9,-1.5,-5.9,1.4,-3.0,1.0,-2.4,-4.0,-0.8,-4.0,-9.6,-4.8,-2.5,-5.3,-6.4,-5.3,-2.5,-2.9,-1.8,-1.5,-1.6,0.5,0.7,2.6,-1.1,-6.1,-5.5,-1.0,1.5,-4.2,-0.8,2.4,5.0,-1.1,-1.9,-1.7,-1.3,-5.4,-0.7,-2.6,-2.6,-2.4,-0.8,-0.6,-0.4
2C7L5141cI,0,48.100949,11.621553,4441822.57,2777702.33,539.2,584.9,240,7226,2.1,0.9,0.28,32.59,348.92,-0.529,-0.104,0.843,-0.5,0.1,-0.57,0.16,0.1,0.1,-0.3,2.3,-0.3,0.6,0.2,1.2,0.3,-0.9,-1.6,-0.9,0.5,0.4,1.3,0.1,-0.2,-0.2,-0.9,0.1,2.7,0.1,1.4,0.2,-0.7,-1.0,0.5,-0.6,1.7,1.2,3.7,2.2,-0.2,-9.5,-0.8,-1.9,0.2,-3.7,-3.1,0.7,3.6,4.6,0.9,0.5,0.3,0.6,0.4,-3.3,-0.9,0.3,0.7,0.4,2.1,1.8,-0.8,0.4,-0.4,1.6,1.8,2.0,-0.6,0.5,0.3,3.0,1.0,2.0,0.0,-13.5,1.2,-1.4,1.4,-0.6,-0.1,1.0,1.0,1.6,1.6,1.9,-0.4,0.6,-0.1,1.4,1.9,0.2,3.5,-0.2,2.6,-0.7,-0.9,0.8,0.6,2.5,1.8,1.6,1.8,0.1,-0.3,-1.8,-0.5,2.9,-1.3,0.4,4.0,0.3,-0.1,1.0,2.5,0.1,2.0,1.0,3.8,0.3,1.6,0.5,1.8,0.9,1.0,-0.5,0.2,-3.3,-1.3,0.1,-0.6,-3.8,1.8,-0.4,-0.9,0.0,2.4,1.3,1.7,1.0,-1.4,-0.9,-1.4,1.7,1.6,0.0,-1.1,-0.0,-0.8,-0.1,-0.6,-1.3,0.8,-1.7,-1.2,-2.3,-2.6,3.4,-0.2,-0.0,1.1,-4.7,-1.6,-0.3,3.2,-0.9,-1.4,-2.1,-1.0,1.9,1.5,-0.5,-2.7,1.5,0.3,-0.1,1.6,1.9,-4.0,1.7,0.0,-0.7,-3.1,-0.9,-1.3,2.7,2.6,1.5,0.4,-9.5,-1.2,0.2,-1.4,-1.5,4.5,-0.6,-1.7,-0.1,1.5,-1.2,-3.0,-1.5,0.5,-3.3,-5.2,-2.6,-6.4,-1.7,-6.0,-4.1,-5.0,-2.4,-3.6,-4.8,-0.3,-3.2,-0.9,-2.5,-2.1
2C7L5141cY,0,48.101065,11.622453,4441889.37,2777716.66,537.1,582.8,240,7242,3.6,0.74,0.49,32.6,348.92,-0.529,-0.104,0.842,-1.0,0.2,0.26,0.27,1.0,0.2,-0.3,-3.3,7.7,-7.5,-2.9,-2.4,-3.2,-4.8,1.8,-0.8,0.3,-1.9,-2.0,1.0,-0.2,-5.0,-3.0,-4.8,0.4,2.0,0.1,0.8,-4.3,1.2,1.5,-3.6,-1.2,2.6,-1.1,-3.6,0.9,-17.6,-4.2,-4.2,-6.5,-2.8,-6.7,-0.6,1.1,-1.4,-1.1,-3.7,2.2,-1.5,-4.3,1.3,-4.0,0.4,4.3,-0.2,7.9,-9.6,-3.3,-4.5,-2.0,2.1,1.5,-2.6,1.1,0.3,-0.8,-0.7,-1.1,5.7,6.0,1.3,-1.9,1.4,-0.9,-0.7,-17.5,0.2,0.6,-3.4,-1.6,-0.8,-1.8,-1.7,-0.6,-0.1,-8.9,-1.8,-5.5,-1.1,-3.4,-4.2,-1.7,-0.4,-9.6,-0.0,-7.1,-4.0,-3.5,-1.2,-5.7,-5.9,-6.2,-2.9,-8.6,-4.1,-3.6,-6.1,-7.3,-9.3,-4.5,-7.2,-6.0,-7.0,-7.2,-4.4,-8.5,-10.0,-0.2,6.8,-6.1,6.6,-1.5,-8.0,-2.6,-1.5,-1.9,-0.9,-3.0,-5.3,-8.0,-9.5,0.6,1.3,-8.8,-6.2,-5.5,-4.8,-13.7,-4.2,-3.8,-5.6,-2.1,-6.8,-4.8,-3.4,-2.7,-2.1,-4.0,-3.9,-5.1,1.2,-1.1,-1.8,-1.8,-3.2,-1.9,-7.0,-5.3,-7.9,-8.4,-6.6,-6.0,-8.1,-2.3,-6.3,-3.5,-9.2,-7.4,-7.1,-7.6,-7.1,-3.4,-5.7,-11.3,2.6,-0.6,-1.4,0.5,-4.1,-6.5,-12.4,-9.7,-4.6,-5.6,-3.3,-4.8,-3.6,-7.5,-4.9,-6.0,-4.8,-2.7,-4.2,-1.0,-5.0,-6.4,-3.7,-3.1,-2.9,-5.5,-3.8,-6.2,-6.9,-8.1,-9.7,-8.1,-6.8,-8.1,-9.3,-6.0,-4.4,-6.3,-6.4,-5.0
2C7L5141cv,0,48.101235,11.623778,4441987.66,2777737.75,537.2,582.9,240,7265,2.4,0.85,0.38,32.63,348.96,-0.529,-0.103,0.842,-0.6,0.1,-0.81,0.19,1.1,0.2,-0.3,-1.0,-0.0,-0.9,-0.9,-0.0,2.9,-1.0,-1.9,-2.1,0.8,-0.7,0.1,0.1,-0.5,-0.2,0.0,-1.4,-0.8,-0.6,1.2,-2.8,-0.2,-4.3,-1.5,1.7,-3.7,-2.8,0.6,-3.2,-1.2,-12.3,-4.1,-3.9,-2.2,-5.7,-1.1,0.8,-4.5,1.3,-4.4,-2.7,-1.9,-4.0,-0.5,-2.6,-1.7,0.0,-4.0,-3.1,-2.6,-0.7,-0.2,-0.7,-1.6,-3.4,-1.6,-1.6,-2.0,-2.9,-3.2,-4.0,-4.9,-0.1,-2.5,-2.3,-1.6,-1.6,-2.2,-2.5,-4.0,-0.1,-3.4,-0.7,-5.2,-2.1,-3.5,-2.1,-3.2,-2.5,-1.9,-1.8,-5.9,-1.5,-3.6,-3.9,-4.1,-2.6,-2.7,-0.4,-2.6,-5.1,-3.5,-3.9,-2.9,-6.2,-3.1,-1.4,-3.0,-1.0,-2.7,-3.4,-1.2,-0.4,-0.9,-2.3,-2.9,-2.0,-3.2,-0.8,-3.3,-2.2,-0.7,1.2,2.0,-2.5,3.0,3.8,-1.8,-0.6,-0.3,-2.2,0.6,1.3,-1.4,-1.6,0.0,-1.3,-1.3,-3.2,-3.7,-1.1,0.9,1.0,-0.0,-4.7,-3.9,-0.6,-2.1,-2.0,6.9,-0.6,2.5,1.3,1.2,1.4,0.8,-1.8,2.7,6.4,3.5,-1.5,-4.3,1.5,-2.1,-1.8,-0.3,-0.0,-4.5,-2.9,-1.9,-0.8,-3.2,-1.1,-0.4,-5.9,2.5,-4.1,-6.6,-0.4,-2.9,-3.3,-4.9,-5.7,-4.8,-5.0,-4.0,-3.9,-4.6,-2.3,-2.9,-4.2,-4.6,-5.7,-6.2,-8.6,-4.2,-10.1,3.9,-6.5,-11.0,-13.8,-6.6,-5.1,-8.0,-5.5,-5.9,-2.1,-5.5,0.8,-4.0,-6.8,-4.3,-5.6,-4.4,-1.7,-8.1,-3.0,-4.6
2C7L5141fK,0,48.102307,11.632118,4442606.35,2777870.47,531.2,576.9,240,7414,2.9,0.79,0.53,32.67,348.96,-0.53,-0.103,0.842,-0.0,0.1,-0.31,0.23,1.0,0.2,-0.3,0.6,-2.6,-3.0,-3.5,-8.4,3.6,-3.4,-1.1,-5.4,11.2,5.3,4.9,-2.5,3.7,-2.1,-3.0,0.0,-0.6,-4.3,-2.7,-4.1,-4.6,-2.1,-5.1,-3.3,-0.9,-1.3,-1.0,-1.0,-6.3,-3.2,-8.3,-9.6,-7.2,-5.8,-8.4,-3.9,-6.1,-2.4,-2.9,-2.7,-1.9,-3.5,-4.9,-4.0,-2.0,-2.8,-3.6,-2.6,-1.7,-1.8,-1.8,-8.8,-1.3,9.5,-5.3,-1.3,-1.7,-2.1,-1.9,-2.5,-8.3,-0.7,-2.4,-1.4,-0.4,-2.5,-3.6,-3.0,-2.6,-2.2,-2.8,-1.3,-0.9,-4.1,-5.1,-4.3,-6.3,-7.2,-8.1,-0.2,-6.0,-2.0,-3.4,-1.4,-4.9,-2.1,4.3,-7.1,-8.2,-1.3,-3.2,-3.5,-5.0,-2.8,-4.1,2.5,-5.4,-1.8,-7.0,-3.5,-5.2,-3.6,-1.2,-4.2,-2.9,-3.8,-2.4,-3.5,-3.3,-3.7,-4.2,-6.6,-3.4,-2.8,-2.0,-3.2,-3.2,-0.6,-2.8,-2.4,-0.7,-0.6,-2.9,-3.9,-1.1,-0.0,-3.8,-0.1,-8.0,-3.3,-1.8,-1.1,-3.6,-7.1,-6.9,-2.5,-0.2,1.4,3.2,1.2,0.2,0.6,-2.3,0.5,-0.8,-6.1,0.9,2.4,-1.3,0.7,-7.1,-4.6,-4.9,-4.3,0.6,2.8,1.6,1.8,0.3,-1.9,-3.4,-0.4,-8.5,-2.0,1.8,1.8,-5.6,-0.3,-1.1,-3.0,-10.5,0.8,2.0,2.8,1.7,2.4,1.5,-3.3,1.9,-4.7,-0.1,-8.0,0.7,-2.1,-4.1,-0.3,-5.5,-6.5,-2.3,-3.7,-3.1,-7.4,-5.0,-4.0,-3.8,-5.4,-5.9,-6.2,-7.2,-4.0,-4.5,-6.5,-4.5,-3.5,-3.0,-3.8,-5.0
2C7L5141gI,0,48.102755,11.635609,4442865.4,2777926.03,534.7,580.4,240,7474,4.5,0.6,0.51,32.68,348.96,-0.53,-0.103,0.842,-2.6,0.2,-0.22,0.35,2.4,0.3,-0.3,1.2,4.5,4.4,-1.1,3.9,-10.5,4.7,5.2,3.5,1.7,3.4,-2.9,0.5,4.0,8.7,-14.6,-6.0,-5.6,-7.5,-13.8,0.4,-3.8,0.9,-2.8,4.5,0.3,3.2,-9.2,3.1,-17.2,3.5,2.5,5.4,-6.6,-3.4,-10.2,-9.1,-13.9,-1.7,-10.2,0.3,-9.3,-15.7,-13.9,2.6,-1.2,4.9,7.4,1.8,4.8,3.6,0.5,0.7,2.9,0.8,-1.2,-13.9,1.1,1.8,0.6,1.6,-1.5,-1.9,-3.7,-0.6,9.2,2.3,-8.2,5.0,0.3,1.0,2.2,-0.4,3.1,0.1,-7.2,2.5,-1.5,-3.2,-3.4,-0.5,-0.8,1.8,-2.1,1.2,-20.0,-0.6,-1.6,-4.8,-4.5,-8.3,-3.0,-6.0,-8.9,-2.5,-2.5,-2.4,-1.7,-1.0,-5.1,-1.2,-1.4,-3.7,0.0,-1.3,-3.0,1.1,-1.1,-1.0,-2.1,-2.7,-0.9,-1.5,-0.4,-1.6,-0.4,-2.9,0.1,-0.1,-2.2,-10.5,-0.6,-0.9,-1.8,-3.9,-2.3,-1.8,-5.0,-4.3,-1.6,-12.1,-12.8,-9.3,-10.0,-11.2,-11.0,-7.3,-7.8,-7.4,-4.8,-7.3,-7.4,-5.3,-7.3,-7.1,-8.3,-11.9,-5.4,-4.7,-12.3,-6.4,-13.3,-10.0,-8.1,-10.0,-10.0,-9.9,-8.0,-5.2,-9.2,-12.6,-18.1,-10.9,-14.7,-11.8,-11.7,-9.8,-14.0,-8.5,-9.8,-9.4,-10.9,-15.3,-5.4,-9.2,-7.2,-7.0,-5.0,-20.2,-5.9,-5.1,-8.8,-11.2,-10.4,-2.5,-9.9,-10.8,-10.0,-16.0,-10.0,-15.5,-3.7,-19.8,-14.6,-21.6,-9.1,-7.6,-10.9,-10.5,-11.5,-9.5,-8.9,-11.2,-10.6,-9.5,-7.4,-7.7,-10.1
2C7L5141ct,0,48.101262,11.623847,4441992.71,2777740.88,547.5,593.2,240,7263,3.6,0.75,0.48,32.63,348.96,-0.529,-0.103,0.842,-0.7,0.2,1.32,0.27,0.6,0.2,-0.3,1.5,0.6,0.8,-0.5,0.1,0.5,1.1,1.6,-1.0,0.1,0.7,-1.5,0.1,-0.0,0.7,0.7,-0.1,-0.3,-0.3,1.5,-0.8,2.1,-1.2,3.5,2.9,3.2,-1.4,-7.0,-0.4,-1.1,-11.2,-0.9,-1.4,-4.5,-3.1,-4.2,-0.3,-0.6,2.5,-1.8,-3.4,-0.4,-1.1,-1.9,-6.8,-1.9,-3.9,-2.3,1.1,4.4,-1.3,-1.1,-1.8,-1.7,-0.5,-2.4,1.1,-2.8,-2.5,-2.5,-3.1,-1.1,-5.6,-1.6,-16.5,-0.7,-2.8,-4.2,-2.7,-1.3,-0.3,-2.6,-15.4,-3.8,-7.3,-0.4,-2.8,-0.8,-1.0,-1.6,-1.8,-1.4,-3.3,-4.2,-4.0,-1.1,-4.0,-1.5,-3.8,-4.2,-1.5,-7.5,-2.6,-2.6,-5.2,-4.1,-1.4,-0.1,-1.5,-0.7,-5.0,-6.8,-0.5,-2.4,-2.4,-2.1,-5.1,-8.6,-8.5,-3.4,3.8,-12.6,-9.9,-4.5,-8.4,-10.1,-4.5,-5.7,-7.7,-4.6,-8.9,-3.6,-0.5,-3.8,1.1,-3.1,-3.9,-2.6,-3.6,-3.9,-6.5,-1.9,-6.0,0.5,1.4,-1.1,-6.2,-6.3,-4.5,-2.5,0.5,-5.1,-2.0,-4.3,-2.3,-5.8,-18.0,-5.0,-5.5,-4.3,-4.5,-4.8,-8.0,-7.5,-2.5,-8.1,-3.6,-8.6,-8.3,-2.0,0.1,-12.2,-6.1,-4.5,-5.2,-0.4,-2.6,-6.5,0.3,-19.2,-3.7,-0.4,3.6,-7.9,-6.4,-21.0,-5.7,-1.5,-2.2,-2.9,-4.6,1.8,-2.7,-4.6,-4.1,-2.6,-8.4,-0.7,4.7,-0.2,-0.4,-0.1,-8.8,-6.5,-9.1,-5.8,5.1,-1.6,-7.2,-5.0,-7.8,-7.0,-2.9,-1.2,-3.0,-0.4,-0.5,1.2
2C7L5141e5,0,48.101765,11.627754,4442282.59,2777803.09,533.1,578.8,240,7337,2.8,0.82,0.46,32.65,348.96,-0.53,-0.103,0.842,-0.8,0.1,-0.59,0.22,0.9,0.2,-0.3,-0.2,4.7,0.6,0.9,1.0,-1.1,2.0,-2.1,1.4,-3.7,-0.8,-1.2,-0.6,0.0,1.8,0.5,1.5,-0.5,-3.5,0.2,-1.3,1.2,2.0,0.3,0.7,-0.4,-1.0,-0.1,1.7,-1.9,-3.0,-7.4,-3.1,2.7,-1.2,-1.7,-2.1,-2.2,2.2,0.8,0.4,1.3,-1.8,-1.3,-0.3,2.8,1.4,-1.6,4.2,1.3,-9.6,-0.5,2.1,3.1,1.0,-8.8,0.5,-0.8,-0.5,-1.1,-1.5,0.5,4.4,-0.8,0.8,-4.5,-2.7,-1.1,0.6,1.1,0.9,-1.4,1.6,-1.6,-5.4,1.3,2.6,2.5,-3.6,-4.1,-2.6,-1.7,1.9,0.3,4.3,-2.0,0.2,-0.7,1.5,1.2,-0.7,2.3,-2.9,-2.1,-0.9,0.3,2.3,0.3,9.4,2.5,-2.8,4.4,3.1,2.1,3.6,2.8,2.1,-0.6,6.7,1.3,5.7,11.3,0.3,2.3,1.2,-2.6,-6.7,-0.6,-1.9,-0.8,-5.9,-4.1,-0.8,-6.0,-0.1,-0.7,-3.5,-3.6,1.2,-2.1,-2.2,-0.5,-0.7,-2.5,-1.7,-3.3,1.4,-0.7,1.3,1.3,-2.8,3.4,-0.7,3.4,-1.1,-0.9,2.2,-1.8,-1.5,1.7,-2.7,-3.2,-5.1,-0.6,-5.7,-2.9,-1.7,-0.5,-1.1,-1.4,-1.9,-1.3,5.4,-6.9,-2.5,3.8,-1.2,-3.9,-1.1,-1.7,6.7,-2.8,-3.1,-0.8,-3.0,-1.7,-6.3,0.5,-15.9,-3.4,1.7,-3.4,-0.4,-0.7,0.0,-2.4,-2.4,-2.7,-5.3,-2.4,-6.3,-1.3,-2.0,-1.7,-1.5,-5.4,-5.4,-4.6,-4.3,-1.0,-3.2,-3.8,-3.7,-3.9,-3.4,-4.9,-6.7,-4.4
2C7L5141eI,0,48.101904,11.628838,4442363.03,2777820.31,548.3,594.0,240,7350,2.3,0.88,0.39,32.65,348.96,-0.53,-0.103,0.842,-0.0,0.1,0.03,0.17,0.4,0.1,-0.3,-2.6,0.9,-1.0,-2.1,-1.8,0.3,-1.9,-0.5,-4.1,-0.2,1.7,3.6,-1.0,2.4,-1.6,-1.6,2.1,0.7,-3.6,-2.4,-3.5,2.1,-3.1,-0.8,3.6,4.7,2.6,-4.6,-0.1,1.6,-1.2,-3.2,-0.5,0.3,-3.2,-1.5,2.6,7.9,1.8,5.6,1.7,0.0,0.2,1.2,3.2,-1.6,-0.3,0.1,1.4,1.6,-1.2,3.2,0.2,0.8,-0.6,-2.3,0.1,0.5,0.1,0.0,-1.5,-1.8,-0.0,4.1,2.2,3.3,-0.8,3.5,-0.8,-1.4,1.1,-0.0,-0.3,1.3,-0.7,-1.1,-0.9,-2.2,1.9,-0.7,-1.7,-1.7,-0.1,-1.8,-0.1,-0.3,-0.5,0.8,-2.7,-0.5,-0.2,-4.8,-4.2,2.7,0.9,-2.0,-2.4,-0.3,2.5,-1.3,-3.1,-2.5,3.4,-1.7,-0.8,-0.7,-2.4,-0.6,3.6,-0.1,3.1,-1.3,2.7,1.6,1.7,4.0,-4.6,-1.4,6.0,-0.5,0.9,-3.3,5.9,4.3,-0.3,-0.5,-1.6,-2.2,2.4,-2.0,-1.1,-2.5,2.0,2.1,-3.1,-3.7,-2.2,-5.0,-0.6,0.5,2.8,3.2,-0.5,-3.0,-0.2,-0.1,3.5,0.3,-0.1,1.5,0.6,-0.6,-1.0,1.9,-1.4,2.2,-0.4,0.3,1.1,1.1,-3.7,-4.4,2.1,-2.6,0.6,5.4,-3.7,-4.2,1.1,-1.9,0.4,-3.8,-2.4,-1.2,-0.4,-1.2,3.8,0.1,-2.4,-1.0,1.7,-0.1,0.9,1.5,0.7,-0.2,1.2,-0.7,-0.1,-1.6,-1.4,1.6,0.5,-0.3,4.3,-2.6,3.2,1.3,0.1,-1.1,-1.0,-2.2,0.4,-0.2,3.3,0.3,-2.2,0.6
2C7L5141eL,0,48.101909,11.628875,4442365.78,2777820.91,542.1,587.8,240,7353,1.0,0.97,0.21,32.65,348.96,-0.53,-0.103,0.842,-0.4,0.1,-0.2,0.08,0.6,0.1,-0.3,-0.9,-1.6,0.4,-0.1,-1.1,-0.6,-0.2,0.3,0.7,0.5,-0.0,0.3,0.1,-0.2,-0.8,-0.3,-1.8,-0.6,-1.8,-0.4,-1.6,-1.1,-1.1,-0.5,0.4,0.2,-1.1,0.5,-1.2,-2.9,-5.7,-5.7,-5.9,-3.1,-4.6,-1.9,-0.9,-0.3,0.5,0.6,-0.9,0.0,-1.1,-1.0,-2.3,-1.3,-3.2,-1.3,-1.2,-0.3,-0.8,-0.8,-0.8,-0.4,-1.1,-0.3,-1.0,-0.2,-1.0,-0.8,-1.1,-0.7,0.4,-1.4,-0.9,-1.3,-1.2,-3.3,-1.1,-1.0,-1.4,-1.9,-1.7,-3.0,-1.2,-1.3,-1.3,-1.3,-1.4,-2.0,-0.8,-2.4,-0.9,-1.2,-2.6,-2.7,-2.0,-2.3,-2.3,-1.6,-2.4,-2.5,-2.6,-1.5,-1.8,-2.6,-1.7,-0.6,-1.5,-1.9,-2.5,-1.6,-1.6,-1.1,-1.9,-1.1,-1.0,-1.0,-1.8,-2.9,-0.8,-1.7,-1.9,-2.4,-1.8,-2.2,-1.3,-1.4,-2.2,-0.4,-0.9,-0.7,-1.6,-1.6,-1.1,-0.3,-1.5,-0.9,-2.6,-3.6,-2.5,-0.9,-1.5,-1.4,-1.6,-3.4,-1.6,-1.5,-0.0,1.7,-0.9,-2.7,-2.5,-1.2,-1.8,-1.0,0.1,-1.3,-2.5,-0.4,-1.0,-1.5,-1.2,-0.5,-1.6,-1.7,-2.4,-2.2,-1.7,-1.5,-2.3,-1.9,-1.7,-3.0,-3.3,-0.2,-2.1,-3.7,-1.8,-1.7,-2.0,-3.6,-3.8,-3.3,-2.4,-0.9,-2.1,-0.9,-0.7,-1.6,-2.3,-1.6,-1.8,-2.8,-2.0,-2.4,-3.3,-3.9,-3.3,-6.1,-5.5,-2.8,-2.7,-4.9,-3.2,-3.5,-3.2,-4.4,-3.6,-4.8,-3.3,-4.2,-3.1,-2.6,-1.7,-3.3,-3.3,-3.5
2C7L5141eM,0,48.101921,11.628974,4442373.07,2777822.47,544.1,589.8,240,7354,4.1,0.71,0.48,32.65,348.96,-0.53,-0.103,0.842,-0.5,0.2,-0.12,0.31,0.7,0.3,-0.3,0.5,-2.8,3.3,0.7,0.7,1.2,0.8,2.1,1.4,1.5,-9.3,1.7,2.3,-9.3,1.1,1.6,-8.3,1.3,-0.6,1.5,0.1,0.2,0.5,0.9,2.1,-4.8,-4.5,1.7,-0.4,-1.1,-5.5,-4.3,-10.5,-0.3,-2.9,-0.5,1.3,2.1,1.6,3.4,0.8,2.1,1.3,0.3,-7.7,0.1,-1.2,1.4,-0.1,2.0,-0.1,-8.4,0.4,1.2,1.1,0.1,0.9,1.1,0.5,0.8,-0.3,1.3,-0.0,-12.1,-0.0,-8.3,-0.7,-3.6,0.8,0.1,-9.8,-0.4,-0.6,-2.9,0.2,0.1,0.5,0.1,-7.1,-1.3,0.4,-0.7,0.4,0.9,-9.8,0.1,-0.4,-11.6,-1.2,-0.6,-0.3,-1.8,-0.5,3.9,0.7,-0.9,-0.5,0.8,13.7,0.3,-0.6,0.1,-7.2,0.2,0.1,0.7,0.5,1.1,-6.2,-3.3,0.5,0.1,-2.3,-3.2,-2.5,-2.8,0.3,-0.7,-3.9,1.3,0.5,0.2,-10.9,-12.0,0.1,2.1,0.4,1.1,-8.2,-1.5,0.6,0.0,7.8,1.1,-0.2,-1.6,-0.2,-0.7,2.1,2.1,1.2,-9.1,-1.2,-0.8,0.5,0.7,1.4,-0.7,-0.8,-1.5,0.5,0.3,-0.7,1.3,-0.6,0.5,0.1,-0.2,-12.3,0.0,-0.8,-0.8,-13.6,-1.9,-14.8,-6.0,-1.1,-1.8,-0.0,-0.8,0.2,-2.2,-1.5,-2.5,-1.5,-0.3,-3.0,-0.4,2.9,-0.2,-12.6,0.4,1.7,-11.8,-13.0,-0.2,7.5,-4.8,-2.8,-3.4,-1.6,0.9,-4.3,-5.9,-4.8,-3.8,-10.6,-3.0,-11.4,-13.9,-2.4,-2.5,-0.8,-0.8,2.8,0.9,-3.1,10.2
2C7L5141eN,0,48.101915,11.628929,4442369.74,2777821.77,539.2,584.9,240,7355,1.8,0.91,0.31,32.65,348.96,-0.53,-0.103,0.842,-0.5,0.1,-0.35,0.14,0.8,0.1,-0.3,-0.9,-3.1,-0.0,-1.4,-0.4,1.4,-0.8,0.4,0.6,2.2,-4.3,1.5,0.4,-0.9,-0.8,-0.5,-2.8,-0.8,-1.9,-1.1,-1.1,-1.6,-0.7,-0.9,0.6,-2.0,-2.1,0.6,-1.3,-3.3,-5.6,-6.0,-6.9,-4.8,-5.0,-2.7,-1.0,-1.5,0.1,1.1,-0.9,0.6,-1.0,-1.4,-4.0,-1.0,-5.0,-0.9,-1.3,-0.3,-1.2,-2.8,-0.8,-0.3,-0.8,-0.3,-0.4,-0.3,-1.0,-1.0,-1.2,-0.7,-1.9,-3.7,-0.4,-4.9,-2.1,-0.2,-1.4,-1.1,-4.8,-1.3,-1.0,-3.1,-0.9,-1.6,-1.2,-1.0,-2.3,-2.1,-0.6,-2.8,-0.2,-0.3,-3.6,-2.3,-1.7,-5.1,-3.2,-2.1,-2.2,-1.8,-2.5,-2.5,-3.2,-2.0,-1.4,-1.2,-4.1,-1.5,-2.6,-1.7,-4.9,-0.8,-2.1,-1.2,-0.6,-0.6,-3.6,-4.0,-1.1,-0.8,-2.9,-2.7,-3.0,-2.9,-1.0,-1.9,-3.3,-0.5,-0.4,-0.9,-4.6,-5.8,-2.0,-0.4,-0.2,-0.7,-4.8,-3.1,-1.3,-1.4,-4.1,-2.2,-2.1,-3.5,-2.1,-1.9,0.6,2.0,0.7,-4.5,-2.0,-1.3,-0.9,0.0,1.5,-1.2,-1.3,-0.9,0.1,-0.9,-2.1,-2.8,-1.7,0.1,-0.2,-0.2,-3.0,-0.5,-3.1,-2.9,-6.8,-3.0,-8.8,-5.9,-1.5,-4.3,-2.3,-1.3,-3.3,-4.1,-3.0,-2.8,-1.6,-0.6,-4.0,-1.2,5.2,-1.5,-5.0,-1.5,-3.1,-7.3,-6.4,-1.6,-1.9,-4.9,-2.8,-6.6,-5.8,-3.7,-2.8,-4.7,-3.1,-4.3,-6.2,-4.5,-9.2,-9.1,-2.6,-3.8,-2.5,-2.6,-3.1,-6.0,-3.4,-6.3
2C7L5141ep,0,48.10213,11.630601,4442493.77,2777848.36,543.8,589.5,240,7383,1.6,0.89,0.27,32.66,348.96,-0.53,-0.103,0.842,-0.5,0.1,-0.05,0.12,2.0,0.1,-0.3,-1.0,0.2,-0.7,-0.5,-0.2,-0.3,-0.9,1.1,0.7,-2.9,1.1,0.2,0.6,-0.6,-3.1,-3.2,-4.7,-2.7,-3.9,-3.6,-2.5,-4.4,-2.6,-2.8,-2.5,-1.6,-3.3,-2.7,-2.2,-5.2,-4.5,-8.2,-7.6,-7.5,-8.0,-4.6,-3.6,-0.9,-3.5,-2.5,-2.7,-3.2,-3.6,-2.4,-2.3,-2.4,-2.2,-1.3,-1.3,-0.6,-0.8,1.2,-1.6,0.3,0.7,0.0,-2.4,-1.2,-1.4,-1.7,-0.8,-0.7,-3.0,-2.1,-4.8,-2.1,-1.8,-0.5,-2.7,-2.6,-2.2,-2.6,-0.9,-0.8,-3.3,-3.6,-3.1,-4.8,-5.0,-4.5,-1.0,-5.4,-1.3,-0.6,-2.9,-5.2,-5.5,-6.4,-6.4,-5.7,-5.0,-3.6,-4.2,-5.8,-5.5,-3.5,-2.9,-4.5,-6.0,-4.3,-3.9,-6.0,-3.3,-3.2,-4.6,-3.2,-1.4,-2.0,-0.2,-1.4,-1.8,-3.4,-1.1,-3.2,-1.7,-1.0,-0.4,-2.5,-2.6,-0.7,-2.6,-2.9,-1.9,-0.5,-0.5,-1.3,-1.7,-2.3,-3.3,-7.7,-3.7,-4.3,-2.5,-5.3,-6.8,-7.0,-7.0,-7.9,-3.5,0.0,-2.5,-2.8,-3.9,-2.2,-2.4,-1.3,1.0,-1.7,-1.8,-1.4,-1.3,-3.7,-2.2,-0.9,-2.5,-1.6,-4.2,-2.8,-2.3,-5.6,-6.5,-6.3,-4.7,-8.5,-7.4,-1.7,-2.2,-7.4,-3.4,-5.9,-5.0,-7.9,-5.0,-5.5,-2.3,-2.5,-2.8,-3.0,-3.5,-1.8,-1.4,-1.3,-2.7,-4.1,-3.0,-4.5,-4.3,-5.9,-8.2,-9.0,-5.7,-8.4,-8.4,-8.9,0.8,-6.2,-5.4,-6.9,-4.9,-5.7,-6.0,-4.6,-3.6,-2.6,0.1,-2.1,-4.1,-3.8
2C7L5141es,0,48.102141,11.630684,4442499.97,2777849.7,538.4,584.1,240,7386,2.7,0.82,0.41,32.66,348.96,-0.53,-0.103,0.842,-0.5,0.1,-0.36,0.21,1.3,0.2,-0.3,-1.1,-0.4,0.6,0.6,-2.2,-1.0,-0.9,0.0,0.6,0.6,1.5,1.1,-0.7,-2.0,2.9,-1.5,-2.1,-0.3,-3.0,0.2,-1.9,-4.1,-0.6,1.7,-3.7,1.7,0.3,-2.2,-3.0,-5.5,-2.2,-4.9,-2.9,-6.3,-4.9,-3.3,-3.0,0.6,3.2,1.8,0.6,0.4,-3.4,-1.6,-0.7,-1.1,-3.4,-4.7,-3.6,-0.7,-0.7,0.7,-2.8,2.7,0.8,-1.5,3.5,0.3,1.1,2.3,-1.4,1.8,6.7,-1.8,0.4,-0.7,-4.0,-3.4,0.3,5.5,0.5,-1.1,3.6,1.1,-9.0,-4.0,-5.1,10.6,3.5,-1.1,0.9,-0.4,1.5,1.6,1.9,-0.3,-2.8,-3.1,-3.3,-3.4,-2.3,-2.4,-1.9,-5.1,-3.6,-0.5,0.0,-4.2,-1.0,-2.2,-0.8,-6.3,-4.5,-2.3,-5.6,-1.8,-1.3,-0.5,1.5,-0.3,0.9,0.2,0.8,-0.3,1.4,-1.5,-1.4,-3.0,-2.7,-1.0,1.6,-2.0,0.0,3.1,-5.8,-3.4,0.2,1.5,-4.0,-8.0,-0.3,-2.8,0.2,1.8,-11.1,-0.4,-1.8,-2.6,-2.8,0.9,-4.2,-0.1,-1.9,-1.3,-1.9,0.3,-1.3,-0.5,-1.6,2.4,1.5,0.6,-5.0,2.8,-0.4,-1.5,2.6,0.9,1.6,-0.6,-6.7,-4.0,0.3,-2.0,0.4,-0.0,-3.0,-6.2,0.7,-4.6,-4.7,-4.0,-4.4,-4.8,-0.4,0.5,-0.8,0.4,-0.4,-0.5,-1.5,-1.5,-2.9,1.0,0.4,-14.9,-5.3,-12.5,-3.9,-1.3,-6.4,-2.7,-4.7,-7.1,-6.4,-0.7,-4.4,-4.6,-4.8,-1.3,-1.6,-1.5,-2.5,-2.0,-2.6,-1.6,0.2,-3.6
2C7L5141ew,0,48.102172,11.630924,4442517.75,2777853.52,538.3,584.0,240,7390,3.1,0.8,0.44,32.66,348.96,-0.53,-0.103,0.842,-1.2,0.2,0.88,0.24,0.3,0.2,-0.3,-3.6,-2.8,-3.4,-3.6,-1.4,-1.7,-1.1,-2.0,1.7,-2.7,-2.0,-3.2,6.3,-0.6,-1.6,2.3,0.1,-1.1,7.1,5.2,-4.3,3.7,-3.9,6.9,6.5,3.6,2.0,1.7,0.5,1.4,-8.2,-11.0,1.3,-1.7,-2.8,2.2,-8.4,2.6,3.5,5.4,0.2,0.4,6.4,2.1,7.6,-0.1,0.3,-1.4,1.9,0.4,0.0,-1.0,-0.9,-1.1,-2.9,-1.9,-1.0,-2.6,-5.2,-4.7,1.8,-4.3,6.0,-2.1,-0.8,-2.7,-2.4,-0.3,-5.2,-3.7,-2.9,-4.3,-2.1,-2.8,-1.4,-0.4,-2.8,-2.5,-0.1,4.3,-1.8,-13.9,-1.8,-1.2,-3.0,-17.7,-2.6,-6.8,-6.2,0.2,-5.3,-2.6,-2.6,-1.6,-3.3,-2.3,-2.3,-3.7,-1.9,-6.2,-5.7,0.1,-2.0,-1.9,0.7,-3.3,-2.2,-3.3,-3.2,-5.1,-4.0,-4.5,-4.1,-2.9,-2.9,-2.7,-2.7,-2.9,-2.6,-3.0,-2.9,-3.9,-2.1,-1.0,-2.7,-1.6,0.3,-1.1,-3.8,-4.0,-5.6,-4.4,-3.9,2.7,-3.4,-14.8,-7.0,-9.7,-4.9,-3.5,-3.8,-4.6,-5.2,-4.0,-7.0,-5.2,-9.2,-4.9,-6.0,-5.5,-7.0,-5.6,-3.8,-5.4,-6.0,-5.1,-6.9,-7.1,-7.6,-6.3,-2.4,-7.8,-3.9,-5.4,-5.3,-4.0,-4.8,-6.4,-4.2,-1.9,-3.6,-7.5,-8.1,-5.2,-3.5,-6.8,-6.0,-5.9,-12.8,-7.4,-5.5,-4.6,-3.0,-3.6,-3.6,-3.5,-4.2,-3.9,-4.2,-9.0,-6.4,-0.7,-4.5,-5.3,-2.2,-4.8,-3.2,-5.1,-6.2,-3.5,-4.6,-5.1,-5.4,-5.2,-2.2,-3.3,-4.5,-4.9
2C7L5141fB,0,48.102304,11.631956,4442594.34,2777869.93,548.5,594.2,240,7405,4.3,0.59,0.45,32.67,348.96,-0.53,-0.103,0.842,0.1,0.2,-1.15,0.33,2.9,0.3,-0.3,5.5,-5.3,-1.0,0.3,0.6,4.3,1.5,2.9,4.9,11.6,1.3,1.2,7.3,5.2,7.4,4.4,8.9,8.8,-6.3,-7.4,5.0,12.1,5.4,2.6,5.1,8.5,2.1,-0.9,10.8,9.6,5.1,7.0,-7.1,15.6,3.2,15.2,13.0,4.3,13.1,10.7,1.3,6.8,5.1,14.9,11.7,1.9,8.4,6.3,4.4,3.8,6.4,4.1,2.0,4.5,5.3,6.7,5.0,4.3,5.1,5.6,4.5,6.7,3.4,1.4,15.4,4.5,1.7,5.2,2.7,1.8,-0.4,4.8,-0.6,4.5,8.3,8.8,8.0,-3.5,11.5,14.3,17.6,10.6,6.8,8.5,9.0,12.0,10.9,10.2,6.4,20.3,10.9,5.1,8.4,11.7,10.7,7.6,5.1,14.1,10.4,7.3,6.4,10.6,7.3,11.8,14.1,9.8,5.8,7.5,2.8,7.1,7.6,4.5,5.8,7.4,7.5,3.2,7.0,6.7,4.4,5.4,1.7,7.0,3.3,7.3,11.6,13.4,12.5,12.3,7.7,7.5,7.0,14.1,9.9,24.1,4.4,21.4,9.8,7.2,10.3,8.3,-0.5,12.5,6.9,-0.5,3.5,4.4,-2.6,6.6,6.9,6.2,4.6,3.9,3.1,4.7,-1.0,4.0,4.5,14.9,5.2,10.5,10.5,7.1,6.7,4.9,8.0,5.0,4.8,8.7,8.2,9.9,8.2,9.1,9.7,3.7,3.8,6.8,5.0,1.6,-10.0,2.5,3.5,6.5,7.0,7.2,-5.2,6.0,4.6,11.5,6.8,5.2,4.9,10.4,15.2,12.0,13.0,15.7,14.0,2.7,1.8,10.1,0.8,5.2,1.6,3.2,3.4,3.1,3.3,5.6
2C7L5141fE,0,48.102322,11.632097,4442604.8,2777872.17,548.0,593.7,240,7408,2.0,0.89,0.38,32.67,348.96,-0.53,-0.103,0.842,-0.3,0.1,-0.12,0.15,1.4,0.1,-0.3,0.4,0.3,1.1,-1.3,1.2,0.6,0.4,0.9,-0.3,4.3,-0.7,2.1,1.6,-0.3,2.4,1.4,-0.3,0.6,0.6,-1.0,1.8,0.7,3.0,1.7,1.3,2.0,3.0,2.4,3.3,0.2,4.0,-4.3,-2.6,-2.0,-0.1,-1.9,5.3,3.3,4.6,5.2,3.2,2.9,3.1,2.2,2.9,1.9,-0.5,0.4,0.1,2.0,0.1,2.0,-0.1,0.0,1.0,0.7,0.5,-1.1,0.4,1.4,0.7,-2.0,0.9,-2.0,0.7,-1.5,-1.1,0.8,1.0,-2.1,-1.3,-2.2,-1.3,0.6,1.7,1.3,0.9,1.5,0.5,-2.5,-0.4,3.4,1.0,1.8,0.4,2.3,3.0,4.9,1.2,4.4,6.9,2.8,1.7,0.3,4.5,3.3,4.1,5.0,6.7,2.7,2.4,0.4,2.7,3.4,0.9,4.0,3.4,1.9,1.7,2.9,1.5,1.3,1.5,0.2,0.5,-1.5,1.1,0.5,-0.3,0.4,0.9,-0.6,-2.4,-0.7,0.6,2.7,0.4,2.3,2.1,-2.1,1.0,-3.2,6.5,2.8,2.2,-1.4,-1.6,-1.1,4.6,3.2,-1.7,-1.0,-0.9,-0.1,0.2,-0.5,4.3,-0.7,-1.3,-1.3,2.6,-2.5,-1.4,-1.6,-1.6,-0.2,-1.1,-0.8,3.5,0.4,2.2,2.2,0.8,3.7,2.2,1.5,-0.0,1.7,4.2,2.3,1.3,-2.9,1.3,-1.4,-1.4,-1.5,0.5,-0.2,2.8,-1.5,-2.5,-1.5,0.1,-0.4,-1.7,0.9,-0.9,1.0,-1.1,3.4,-0.7,-0.9,5.9,5.6,10.1,-1.0,1.9,2.2,-2.2,-0.5,-2.0,-2.3,0.5,-1.3,1.2,-4.9,0.8,-2.7
2C7L5141fF,0,48.102315,11.632038,4442600.42,2777871.24,542.4,588.1,240,7409,1.8,0.93,0.31,32.67,348.96,-0.53,-0.103,0.842,-0.3,0.1,0.1,0.14,0.7,0.1,-0.3,-1.0,-0.6,-0.4,-0.2,0.2,-1.1,1.1,0.6,1.2,3.6,0.3,1.4,0.8,0.8,1.8,1.2,1.2,0.6,0.1,-0.0,-1.7,0.1,0.4,3.0,2.5,3.3,1.9,0.5,2.3,-0.4,-2.1,-2.5,-1.7,-1.4,0.5,-0.1,3.4,2.7,4.8,2.6,2.0,2.3,1.8,2.8,2.6,0.1,1.2,-0.7,0.1,0.3,1.4,0.7,0.8,0.6,0.6,0.7,-0.6,-0.4,0.4,-0.8,-0.8,0.8,-5.2,-1.0,-1.0,-2.8,0.3,-0.1,0.0,0.3,-1.6,0.1,-1.0,0.1,0.9,1.4,1.1,2.2,1.0,0.5,-0.4,0.3,0.3,1.3,-0.6,-0.1,1.1,2.5,1.1,1.5,0.7,-0.6,-2.4,-0.7,1.3,0.2,0.7,3.7,2.0,-0.7,0.2,1.5,1.4,1.9,1.0,1.5,0.9,1.3,1.0,0.4,0.2,0.5,0.0,0.3,-0.2,-1.6,0.4,-1.8,-1.3,-0.9,-1.3,-0.8,-0.8,0.6,1.7,1.8,0.2,0.8,1.3,-0.8,-0.5,-0.7,3.3,2.1,0.2,-0.2,0.9,-1.3,3.1,2.0,-3.5,-2.4,0.2,-1.0,-0.3,-1.1,-12.7,-0.7,-0.2,-0.6,-0.6,-1.9,-0.3,-0.0,0.0,-0.1,-0.5,0.3,1.8,0.2,-0.3,-0.1,-0.0,-0.5,-1.6,0.6,-1.3,-1.5,2.0,1.2,0.7,-1.5,-3.3,-7.9,-1.6,-0.5,-2.9,-2.2,10.5,-0.1,-1.1,-1.4,-0.2,-0.2,-1.2,-0.2,-2.3,1.1,-0.4,-3.0,-1.2,0.3,0.9,1.1,1.3,1.3,0.5,-1.9,-1.3,-1.7,-0.6,-1.2,-0.8,-0.4,2.8,-2.9,-1.3,-0.8
2C7L5141fH,0,48.102321,11.632085,4442603.9,2777872.0,537.0,582.7,240,7411,1.2,0.96,0.27,32.67,348.96,-0.53,-0.103,0.842,-0.3,0.1,-0.13,0.09,0.3,0.1,-0.3,-0.1,-0.1,-0.8,-1.6,-0.7,0.8,0.6,0.2,0.5,1.8,-0.1,1.4,-0.2,-0.3,-0.6,-0.4,-0.7,-1.2,-1.7,-1.0,-2.1,-1.4,0.0,0.1,0.1,2.1,1.9,2.4,1.6,-1.2,0.1,-3.4,-4.0,-3.1,-2.5,-2.3,0.8,1.0,1.5,0.9,-0.1,1.6,-0.3,-0.2,0.5,-0.4,0.0,-0.2,-0.2,0.4,-0.7,-0.1,-0.6,-0.8,-0.6,-0.5,-0.4,-0.7,-0.6,-0.3,-0.8,-0.8,-5.0,-1.6,0.4,0.1,-1.5,-0.7,-1.9,-1.3,-1.2,-1.6,-0.8,-1.0,-1.0,-1.2,-0.8,-1.3,-1.3,-2.4,-2.4,-1.2,-1.9,-0.2,-0.7,-0.8,0.3,0.6,-1.0,-0.5,-1.6,-1.2,-0.7,-3.4,-0.3,0.0,0.4,2.2,1.4,-1.0,-0.2,-0.2,0.1,0.5,-0.6,0.5,1.0,0.5,0.1,-0.3,-0.3,-0.3,0.9,-1.0,0.4,-0.4,-0.6,-1.4,0.1,-0.9,-0.9,-0.6,-0.5,-1.0,-1.0,-0.6,0.3,-1.2,0.2,-3.1,-1.9,-0.4,2.0,0.8,-1.5,-1.5,-0.8,-3.6,0.8,2.5,-0.0,-1.2,-0.8,-1.1,-1.2,-0.4,-0.7,-0.6,-1.0,-0.5,-0.8,-2.5,-1.8,-0.4,-0.4,-0.6,-0.7,0.0,1.0,0.5,-1.1,-1.9,-0.3,-2.9,-3.4,2.3,-0.7,-3.0,0.1,-1.7,-1.5,-2.7,-2.9,-0.9,0.1,-0.3,-0.9,-0.3,-5.8,-0.8,-1.5,-0.3,-1.0,-1.1,-1.3,-1.2,-2.1,-2.6,-0.1,-4.5,-2.2,-0.9,-1.9,-1.8,0.7,-1.4,-1.7,-2.6,-1.2,-2.7,-0.9,-1.8,-1.4,-1.5,-1.5,-2.4,-2.4,-3.4
2C7L5141fN,0,48.10235,11.632311,4442620.65,2777875.6,532.6,578.3,240,7417,3.4,0.75,0.47,32.67,348.96,-0.53,-0.103,0.842,-0.9,0.2,0.21,0.26,2.1,0.2,-0.3,12.9,-10.9,-5.3,-13.0,12.4,9.8,-7.4,7.9,1.5,-10.2,0.4,10.3,2.0,4.5,0.1,-2.8,-4.1,-2.1,-3.4,-3.5,-4.1,-6.1,-1.8,-3.8,-3.0,-2.7,-2.5,-2.9,-1.0,-4.2,-5.4,-11.4,-6.4,-6.7,-7.4,-5.5,-0.5,-2.2,0.4,-2.5,-1.8,-3.8,-2.7,-2.0,-3.5,-2.5,-4.5,-8.0,-4.4,-3.1,-2.6,-1.1,-2.0,-2.6,-1.9,-3.8,-1.5,0.6,0.0,2.5,0.1,-1.6,0.3,-2.6,-0.1,-1.4,-0.7,0.8,-1.2,-2.2,-5.0,-1.0,-4.4,-3.5,-1.0,-0.7,-1.6,-1.4,-1.4,-1.7,-2.4,-5.5,-3.7,-5.6,-3.3,-7.9,-3.1,-5.0,-4.0,-2.0,-5.4,-2.7,-4.1,-8.4,-2.1,-5.1,-1.1,-3.3,-4.3,-4.6,-3.5,-3.8,-2.7,-4.0,-3.0,-1.1,-0.9,-0.9,-2.2,-4.4,-4.5,-4.6,-5.5,-1.6,0.3,-1.3,-2.6,-1.4,-1.6,-1.2,2.9,-1.7,-4.7,-1.1,-1.8,-1.5,-0.7,-1.9,-2.2,-11.5,-8.7,-7.0,-4.7,-4.4,-10.4,-8.4,-8.2,-5.5,-2.2,-1.0,-6.2,-5.7,-4.4,-4.1,-2.4,-3.8,-3.1,-3.2,-3.2,-1.9,-5.3,-1.8,-2.4,-4.0,-4.1,-5.6,-4.2,-2.7,-3.1,0.2,-17.1,-9.3,6.9,-14.6,-10.8,-0.8,-8.6,-10.5,-3.2,-4.9,-4.4,-3.9,-13.6,-4.1,-5.1,-6.9,-6.5,-4.8,-1.5,-3.8,-7.0,-5.1,-3.0,-2.6,-2.3,-4.8,-1.8,-6.2,-4.5,-10.1,-9.0,-6.2,-9.2,-11.8,-5.4,-5.0,-10.0,-8.0,-6.8,-5.8,-3.5,-2.1,-6.4,-4.5,-1.7,-1.1,-1.7,-1.6
2C7L5141gE,0,48.102782,11.635683,4442870.79,2777929.23,549.9,595.5,240,7470,4.1,0.72,0.45,32.68,348.96,-0.53,-0.103,0.842,-1.1,0.2,-0.41,0.31,1.9,0.3,-0.3,-0.2,-1.7,-1.3,-3.7,0.7,2.6,0.3,-0.4,-1.4,-6.8,-0.6,-0.4,-1.1,-2.0,-0.7,-2.6,-2.8,-1.5,-3.8,-6.3,-4.5,-1.6,0.8,-2.7,-0.7,-3.3,-0.3,-2.3,1.6,0.2,-23.6,-10.0,-4.0,-4.4,-6.8,-6.7,-2.2,-3.9,-0.8,-2.4,-1.3,2.1,-2.0,-3.6,0.6,-0.9,0.6,-1.2,-1.5,2.9,-3.7,-1.1,-2.5,3.2,-3.3,-1.1,-0.5,1.3,2.2,4.0,-0.2,-3.3,-16.0,-2.4,1.0,-2.2,-0.5,-16.2,0.7,-2.9,1.0,-1.6,-4.3,-3.3,-3.9,-3.7,-3.9,-4.4,-5.7,-3.9,-1.9,-3.4,-3.1,-4.5,-2.9,-2.4,-3.2,-1.8,-3.1,-2.3,-3.6,-2.6,-7.8,-5.2,-2.1,-3.5,-0.3,-1.8,-1.1,-5.7,-5.1,-2.8,-5.0,-1.8,-3.7,0.1,-1.3,-9.1,-3.4,0.1,-3.1,-0.6,1.6,-0.2,-0.4,-0.4,6.4,-3.4,-2.1,-1.8,1.4,-3.1,-1.8,-5.6,-5.1,-6.0,-1.6,-3.4,-3.6,-5.3,-5.8,-3.8,2.0,-2.6,-5.4,-6.7,-7.3,-4.6,-6.1,-0.7,-3.2,-1.0,-16.5,-7.9,1.5,4.7,-16.8,3.1,3.1,-4.3,4.3,-0.2,-2.9,-0.3,-4.5,-17.2,-16.6,-21.6,-7.6,-3.0,-4.2,-2.6,-5.3,-13.1,-11.4,2.3,-1.6,-5.6,-2.0,-0.1,2.8,-8.2,-8.2,3.1,-2.2,-2.8,-3.4,-3.7,-0.0,-5.4,-6.7,-6.5,-9.8,-3.2,-8.1,-7.0,-2.4,-5.8,-6.5,-10.0,-11.9,-10.5,-10.3,-10.6,-7.7,-7.8,-5.5,-11.2,-12.9,-0.7,-4.6,0.6,-3.2,-11.7,-6.5,-6.4,-8.1,-8.7
2C7L5141gu,0,48.103073,11.637945,4443038.64,2777965.25,542.8,588.5,240,7512,3.6,0.7,0.48,32.69,348.96,-0.53,-0.103,0.842,-0.6,0.2,-0.2,0.28,1.5,0.2,-0.3,-3.9,-2.6,-4.7,-3.7,-4.4,0.2,0.5,0.3,-0.8,0.9,1.8,2.5,0.6,2.5,-2.3,-3.0,-2.1,7.8,-4.7,-7.1,-0.4,-4.4,0.8,-3.1,-7.9,0.6,1.2,-0.1,1.3,-1.9,5.0,-4.8,-8.4,-6.1,-9.2,-3.6,-4.5,-1.1,1.0,-4.1,1.2,0.5,-2.0,-1.3,-0.4,-2.4,-3.1,-7.2,-3.3,-3.1,-2.8,2.0,0.9,6.3,-0.4,-2.1,2.8,0.6,5.6,3.6,2.7,-1.5,1.8,2.3,3.4,2.4,-2.7,-0.5,-5.5,-5.9,3.5,-1.6,2.1,-2.2,-0.8,-0.3,-3.2,-7.6,10.5,-2.5,-0.8,-0.8,-4.7,-7.0,-6.6,-3.9,-2.3,-2.9,-0.2,-2.0,-8.0,-6.9,-9.1,-12.0,-5.8,-5.0,-1.0,-7.5,-2.7,-6.5,-3.7,-1.8,-3.1,-0.4,-3.9,-5.6,-4.1,-2.5,-5.9,-2.4,-4.4,-0.1,6.5,-1.2,-5.1,-2.0,1.6,-2.5,-1.2,-6.4,0.5,0.4,1.1,-5.5,1.9,-8.6,-1.0,-3.3,-2.6,-2.0,3.3,-1.6,-0.1,5.7,-8.7,-3.4,-2.7,0.1,0.3,1.4,-4.5,-2.1,-7.1,-1.1,-9.0,-4.0,2.1,-0.4,-1.6,-1.8,-1.9,-8.9,0.6,-3.0,-4.0,-5.9,-3.8,-5.2,-0.4,-5.2,-4.9,-7.4,-3.4,-12.5,2.0,3.4,-2.2,-6.2,0.9,-4.3,-3.1,-3.8,-2.7,-4.7,-1.7,-0.9,-1.6,-3.3,4.5,-5.3,-4.5,0.3,2.4,-2.2,-5.8,-3.2,2.2,-1.9,-1.4,0.5,-7.4,-10.9,-16.2,2.3,-9.0,-5.3,-4.1,-1.8,-11.3,-12.2,-10.8,-1.7,-3.5,-3.5,-0.6,-1.2,-5.2,-2.1
2C7L5141cJ,0,48.101007,11.621712,4441834.28,2777708.98,543.1,588.8,240,7227,2.2,0.88,0.39,32.59,348.92,-0.529,-0.104,0.843,-0.2,0.1,-0.28,0.17,0.3,0.1,-0.3,-1.1,-1.3,-1.2,0.7,0.5,-2.6,-0.2,-2.3,0.4,-1.0,0.4,1.4,-1.5,2.0,0.1,-0.7,4.0,-1.9,2.2,1.5,2.1,-0.6,1.5,-0.5,2.5,1.1,2.8,3.8,3.1,-1.0,-9.3,-3.5,-1.7,-4.3,-2.1,-5.6,-0.8,-2.8,1.3,-2.4,3.9,0.9,1.7,5.3,4.7,4.7,0.9,-2.8,2.0,-0.5,3.4,-1.8,1.1,1.8,-0.8,-1.6,0.6,-2.4,0.5,-0.2,-0.3,-1.4,2.0,-1.5,-2.6,3.8,-0.3,-2.3,-0.2,1.5,2.5,-0.1,1.4,-0.4,-1.8,-0.5,1.9,-1.5,0.2,2.6,-1.2,-0.0,1.6,-0.1,0.3,1.6,0.3,1.7,1.7,2.3,-1.2,-2.6,-2.2,-3.6,-3.4,1.8,-0.9,0.0,-1.3,-0.5,-2.7,-0.6,-0.2,0.9,0.1,-3.0,-0.5,-3.5,-0.2,0.4,1.2,0.9,-5.8,-4.3,-0.3,1.9,-3.9,-7.2,1.8,-1.4,-2.7,-0.0,-2.0,-2.0,-0.7,1.1,0.3,1.2,3.0,1.9,-2.1,-0.5,3.8,3.2,-2.2,-3.3,1.1,-0.6,2.4,1.6,1.0,-0.7,-1.0,2.3,4.4,-0.9,1.0,-0.0,3.2,-0.5,-2.2,-3.3,-2.0,-0.9,-0.5,-1.2,4.0,1.4,4.9,3.1,-0.3,0.9,0.5,0.4,0.0,5.4,0.6,-1.5,3.0,-0.1,-1.0,-1.4,-2.3,-0.8,0.2,-0.7,-0.2,-2.5,-2.4,0.4,0.4,-2.1,-1.5,0.3,-2.3,0.8,-1.9,-1.1,-1.3,-3.5,-3.1,-2.0,0.9,-3.9,-3.1,-1.1,-2.6,0.8,-6.2,-0.4,-1.0,0.2,-1.3,-3.4,-1.8,0.3,-1.6,-1.6
2C7L5141cg,0,48.101171,11.622991,4441929.17,2777729.33,540.9,586.6,240,7250,3.0,0.78,0.53,32.6,348.92,-0.529,-0.104,0.842,-0.7,0.2,-1.16,0.23,1.5,0.2,-0.3,-0.0,0.1,-1.1,0.2,-0.0,1.1,-0.5,-0.0,0.0,1.3,0.7,1.2,0.3,-0.0,0.2,0.8,-1.0,0.6,0.0,2.5,-1.2,-1.0,0.7,0.2,-0.9,0.4,-1.1,-0.2,-1.7,-2.2,-15.6,-5.2,-5.2,-5.3,-5.3,-3.2,-1.2,-2.1,0.1,0.4,-0.3,0.3,-1.2,1.9,1.5,0.9,0.3,1.5,0.8,1.7,1.4,1.6,0.3,0.2,-1.3,0.4,-0.5,1.0,-0.4,1.5,0.5,0.3,2.5,-0.8,-6.0,-0.1,-0.8,-2.2,0.1,1.2,0.2,0.6,0.2,-0.9,0.4,-7.3,-1.6,-0.1,1.4,-0.7,0.9,-1.2,-0.8,-1.9,-0.7,2.9,0.4,-2.1,7.9,1.7,-2.0,6.7,-2.2,0.0,-3.1,-0.9,1.3,1.4,-0.3,3.0,3.5,5.6,10.1,4.5,6.9,8.0,6.6,8.1,3.4,-4.6,1.5,5.3,7.4,9.8,1.3,2.5,-1.8,3.4,2.6,5.2,2.0,5.5,5.0,2.7,3.4,3.0,3.8,0.5,1.8,-1.4,-5.1,-5.0,-0.5,-2.3,-6.0,-6.8,-2.1,-6.0,-1.1,0.1,-3.0,-2.3,-2.5,-2.5,-1.1,-0.8,0.1,-2.1,-1.2,-0.6,1.9,-2.3,-1.8,-1.9,-2.2,-3.8,-1.7,-3.9,-3.1,-4.4,-3.5,-2.5,-1.2,-7.9,-4.6,4.0,-0.3,-6.3,-1.6,-3.1,-3.2,-3.5,-2.8,1.5,-0.1,3.9,6.8,6.3,1.3,5.9,-2.3,-2.3,-2.3,-1.3,-2.6,-1.4,-4.7,-1.3,-7.2,-4.8,-2.8,-4.8,-5.7,-4.9,-0.5,-1.2,-3.6,0.8,-4.6,-4.4,-6.6,-5.0,-6.1,-6.5,-7.3,-3.5,-5.3,-3.4
2C7L5141dO,0,48.101507,11.625605,4442123.1,2777770.92,546.7,592.4,240,7294,2.0,0.9,0.32,32.64,348.96,-0.529,-0.103,0.842,-0.3,0.1,-0.49,0.15,0.5,0.1,-0.3,1.0,1.7,-0.3,-1.1,-0.1,-0.7,0.4,-1.0,0.3,-6.1,0.0,0.6,1.5,-0.2,1.0,-0.4,-1.2,-0.0,-1.8,-1.1,-2.6,-2.2,-2.1,-1.5,-0.1,1.2,0.7,0.3,0.1,-0.5,-12.1,-5.0,-3.5,-7.3,-3.1,-2.8,2.8,-1.4,1.2,-0.3,1.0,0.7,0.7,-1.3,-0.9,-1.7,-0.5,3.3,2.1,-2.2,6.0,-6.3,4.5,-1.0,-1.1,0.2,0.8,-3.0,-0.0,1.8,-0.1,-2.5,-1.1,0.8,-0.1,-0.3,0.7,-1.9,-1.7,-0.2,-2.0,1.1,-0.9,-2.0,-1.0,-1.8,-0.6,-0.1,-0.4,-2.9,-1.0,-0.2,-1.8,-0.3,0.5,0.6,1.7,-0.4,1.0,-0.5,1.6,-3.1,-1.9,-0.7,-5.0,2.9,1.3,-0.8,-2.6,0.5,0.1,-0.2,-0.5,1.4,-2.5,-1.7,-1.8,-0.6,-1.4,-1.4,-1.5,0.4,1.2,0.6,1.3,-1.0,-2.1,-1.3,-0.4,1.0,-0.1,1.1,-0.7,-3.0,-0.7,0.0,-2.0,-1.9,1.3,-4.8,-4.8,-2.1,-2.9,-1.7,-0.6,-1.3,-0.7,-5.0,0.7,3.3,0.1,-0.2,-0.3,-2.5,0.6,1.2,-3.8,0.2,0.8,1.1,-3.0,-1.2,1.3,0.9,-0.5,0.2,-0.2,-0.8,-0.7,0.8,-2.2,-3.5,-1.7,-2.8,-0.8,2.5,-0.1,-3.4,1.3,-0.5,-1.0,-3.6,-4.2,-1.0,-1.1,-0.7,0.3,-0.6,-3.7,1.8,0.2,0.4,-0.2,0.3,-0.5,-2.3,-1.8,-0.8,-4.1,-3.7,-2.4,-1.4,-2.9,-2.4,-2.2,-2.8,-2.9,-2.0,-4.3,-1.3,-4.2,-5.1,-4.7,-1.8,-4.8,-5.3,-1.4,-4.9
2C7L5141df,0,48.101623,11.626508,4442190.14,2777785.31,543.3,589.0,240,7311,2.6,0.82,0.38,32.64,348.96,-0.529,-0.103,0.842,0.4,0.1,-0.69,0.2,1.6,0.2,-0.3,-1.1,-0.4,-0.3,1.7,-1.0,1.0,1.1,-0.1,0.6,0.2,1.6,1.7,-0.3,-4.4,-2.6,-2.1,-5.5,-0.3,0.7,3.0,0.4,1.1,0.4,2.8,3.8,-0.1,1.5,2.2,-0.4,-5.2,-8.4,-3.3,-3.7,-1.0,-2.8,-1.5,-3.1,1.1,2.3,0.9,-11.9,3.0,-7.5,2.0,1.9,2.8,-1.3,2.1,1.5,2.3,5.2,3.9,2.9,3.2,-0.1,2.6,3.3,2.9,1.7,1.7,1.7,2.8,-1.3,0.6,5.1,2.5,2.1,-2.0,1.1,-1.1,-0.4,1.4,-0.8,0.3,4.4,1.9,2.4,3.4,2.1,2.0,3.4,0.9,1.1,3.1,3.7,3.4,3.8,-2.5,2.8,-0.6,-9.8,0.0,-0.8,2.4,3.3,-8.9,-2.9,2.0,1.3,-2.6,-0.2,-0.3,4.2,1.1,1.2,2.1,3.6,3.6,5.4,2.0,4.5,3.9,5.4,2.8,4.9,3.8,0.8,2.1,1.9,3.6,2.3,2.8,3.1,4.0,4.6,6.4,1.1,0.5,-1.7,-3.5,0.0,1.5,-0.9,-1.0,1.5,-5.5,0.3,0.3,0.1,2.3,-2.7,1.7,-0.1,2.3,-0.5,1.4,-0.6,3.2,0.5,6.2,5.0,3.6,5.2,5.0,4.9,7.5,9.5,6.0,6.0,4.4,-4.0,-2.7,2.0,-1.4,0.7,3.1,0.6,0.8,-0.7,1.6,1.7,-0.6,-1.6,-0.1,-1.0,-0.3,2.3,1.6,7.4,2.4,2.9,4.1,2.4,2.0,3.2,2.5,1.1,2.2,1.0,-2.3,-3.0,-3.1,2.2,1.5,2.0,0.7,0.7,0.5,-0.7,3.3,-0.1,3.8,2.4,3.2,1.4,1.6,-0.5,0.7
2C7L5141em,0,48.102132,11.63047,4442484.02,2777848.34,545.7,591.4,240,7380,2.4,0.8,0.46,32.66,348.96,-0.53,-0.103,0.842,-0.3,0.1,-0.07,0.19,2.6,0.2,-0.3,-1.8,-1.9,-1.3,-1.3,-0.8,-2.0,-0.8,-0.3,-0.8,-3.1,-0.0,0.4,1.2,0.5,0.4,-1.1,-5.1,-3.7,-6.7,-5.2,1.6,-10.2,-1.2,-2.6,-3.8,-2.9,-3.5,0.3,0.4,-11.1,-4.8,-10.4,-11.6,-9.5,-8.5,-5.9,-5.1,-1.5,-1.8,-1.8,0.0,0.2,-3.0,-3.3,-0.6,-1.9,-3.4,-2.0,-1.5,1.0,-1.6,-0.6,-0.3,0.5,-0.1,0.5,0.2,0.4,-1.0,-0.6,-0.5,0.4,-5.0,-0.4,0.2,-1.7,-1.4,0.0,0.7,0.3,-0.4,-0.9,-0.7,-0.7,-0.8,2.3,-0.6,0.0,-0.2,-3.4,-3.7,-5.3,-0.5,-0.8,-5.3,-4.8,-4.2,-5.1,-5.9,-7.2,-6.7,-3.6,-2.9,-5.2,-7.5,-4.9,-2.5,-6.4,-5.1,-4.2,-3.6,-3.8,-3.7,-4.9,-6.3,-2.1,-2.5,-1.8,-0.7,-2.2,-1.5,-2.3,-0.6,-2.7,-0.8,-1.9,2.2,-2.2,-3.2,-1.3,1.1,-1.1,-1.3,-2.2,-1.7,-5.1,-1.7,-4.1,-15.4,-6.9,-5.6,-2.0,-1.8,-4.3,-9.2,-5.4,-10.6,-9.6,-6.9,0.8,-1.5,-0.8,-1.1,-1.8,-0.1,-0.5,-2.2,-1.2,-1.7,2.0,6.4,-1.3,-1.1,-1.6,-2.1,-1.1,-2.3,-3.7,-4.1,-1.5,-10.8,-9.9,-3.8,-6.9,-9.2,-2.7,-2.1,-8.9,-0.9,-7.3,-4.5,-1.6,-4.1,-3.0,-0.7,0.8,-1.7,-0.9,-1.5,-2.0,-1.8,0.1,0.1,-2.0,-0.7,-1.5,-2.7,-8.1,-6.4,-7.6,-2.2,-8.8,-3.8,-7.0,-3.6,-9.9,-5.1,-3.1,-2.0,-4.2,-3.7,-3.1,-1.3,-0.1,-1.4,-4.5,-3.7,-3.6
2C7L5141en,0,48.102143,11.63056,4442490.73,2777849.78,547.3,593.0,240,7381,2.6,0.75,0.42,32.66,348.96,-0.53,-0.103,0.842,-0.3,0.1,-0.2,0.2,2.9,0.2,-0.3,-1.4,-0.5,-0.5,-0.2,-0.5,-0.4,-0.3,0.6,0.4,-4.2,1.2,0.5,1.1,1.7,-3.9,-4.5,-6.2,-5.7,-7.9,-7.0,-0.7,-8.2,-1.5,-4.9,-7.0,-5.7,-0.5,1.2,2.7,-8.1,-2.2,-11.4,-10.7,-11.1,-10.4,-7.9,-7.2,-5.3,-6.6,-5.1,0.2,1.6,-7.4,-6.1,-4.4,-0.3,-2.8,-1.0,-1.9,0.2,-1.2,0.2,-0.8,-0.1,-0.0,0.3,0.1,-0.2,-1.3,-1.0,-0.3,-0.4,-7.3,-1.6,-2.2,-1.7,-1.9,-3.5,-0.9,-1.0,0.5,-1.4,-1.0,-1.1,-2.5,-4.1,-3.7,-3.8,-4.3,-7.6,-3.8,-6.6,-0.0,-0.6,-3.2,-6.6,-6.1,-5.9,-7.1,-9.5,-7.8,-1.9,-2.9,-8.3,-8.1,0.6,0.8,-7.2,-7.3,-6.2,-1.1,-6.1,-5.2,-3.4,-6.1,-3.8,-1.5,-0.1,1.0,-2.0,-0.2,-1.5,-0.7,-2.1,-0.8,-1.3,3.6,-2.1,-2.1,-1.1,2.0,-1.0,-1.8,-1.7,-2.5,-4.9,-1.8,-5.8,-7.4,-8.4,-6.7,-5.9,1.2,-6.5,-8.5,-8.7,-8.6,-10.8,-5.1,0.8,-1.7,-1.5,-2.5,-1.9,-1.7,-0.6,-1.8,-1.5,-1.6,-1.0,3.5,-2.8,-0.7,-1.0,-2.9,-0.3,-7.4,-0.6,-5.1,-0.0,-7.2,-7.6,-5.1,-8.6,-8.5,1.5,-2.1,-8.7,-0.1,-6.3,-7.3,-7.7,-2.2,-3.6,-2.2,-0.4,-2.4,-1.6,-2.2,-1.4,-2.5,-0.8,-2.1,-2.8,-1.5,-6.5,-1.9,-8.0,-8.0,-9.2,-4.9,-8.8,-8.1,-9.2,-8.1,-7.6,-8.3,-7.4,-1.6,-4.3,-3.2,-3.6,-2.4,-2.0,-0.5,-3.1,-2.8,-2.1
2C7L5141fm,0,48.102605,11.634153,4442757.25,2777906.94,553.8,599.5,240,7442,3.5,0.67,0.45,32.68,348.96,-0.53,-0.103,0.842,-0.1,0.2,-1.83,0.27,0.9,0.2,-0.3,-5.3,-2.8,0.1,-2.7,-1.7,-1.8,-2.4,-0.6,4.3,-3.8,1.5,3.2,2.5,-2.3,4.0,7.0,2.6,4.9,-1.2,1.1,-1.9,4.4,-0.0,0.4,3.6,8.9,5.1,-6.1,5.3,-2.5,-2.8,2.3,-1.3,8.1,18.1,10.0,6.8,11.9,3.9,8.7,5.1,4.0,10.9,12.1,9.5,9.1,5.5,6.2,6.5,8.4,5.6,5.9,8.5,5.5,3.1,8.3,4.5,7.5,9.5,8.3,9.3,8.5,-3.0,8.7,11.5,8.9,9.4,4.8,6.6,9.7,7.5,8.4,6.4,4.7,6.0,6.8,7.0,6.4,4.0,8.8,6.7,6.3,4.2,8.5,8.7,7.4,7.0,6.6,7.2,6.3,4.2,6.6,5.0,4.7,9.4,1.2,4.2,8.4,10.9,5.3,7.1,9.5,7.4,9.4,8.2,4.9,8.1,7.1,5.5,4.5,6.9,5.8,5.7,5.2,5.6,3.3,7.8,3.7,9.9,2.7,6.5,3.8,3.8,2.5,4.4,6.7,6.8,1.6,4.0,5.8,6.1,12.0,8.1,5.5,8.3,5.2,2.5,5.1,8.1,6.9,18.4,5.3,5.2,6.6,-0.5,2.2,9.4,3.3,6.4,9.7,-3.6,0.5,8.0,11.8,6.8,0.1,6.2,9.1,10.3,6.6,5.3,4.6,6.7,3.5,11.0,4.9,17.5,3.1,9.2,8.4,13.5,3.0,1.3,1.2,5.8,1.2,4.9,5.3,8.7,1.8,1.5,2.9,0.9,2.5,4.4,1.6,1.3,2.3,0.8,4.2,3.3,3.3,2.5,1.4,-1.3,3.9,1.2,-3.1,5.9,2.1,7.1,2.2,-3.3,4.4,6.9,3.8,-1.9,9.4
2C7L5141ge,0,48.102947,11.636821,4442955.19,2777949.44,533.2,578.9,240,7496,4.4,0.61,0.49,32.69,348.96,-0.53,-0.103,0.842,-2.6,0.2,1.68,0.34,0.6,0.3,-0.3,-1.1,-2.0,-6.5,4.4,-1.9,-3.7,-8.7,-5.3,-0.3,-4.6,-3.9,-4.1,-4.8,0.4,8.3,1.1,-0.9,-0.4,8.0,-10.2,-1.7,-13.8,-7.6,-4.3,0.1,-1.6,-2.7,-2.1,-4.9,-3.5,-3.6,-5.5,-9.2,-8.8,-9.0,-8.2,-4.3,-12.6,-4.3,-3.1,-4.5,-6.2,-5.1,-7.3,-7.2,-6.7,-3.3,-2.1,-12.8,-12.7,-8.0,-8.0,-9.0,-8.5,-7.6,-3.6,-8.4,-9.3,-11.6,-8.4,-4.4,5.2,5.6,-2.8,-0.3,-9.0,-9.4,6.1,-18.4,6.4,-15.2,-11.6,-18.2,-12.7,-13.6,-10.3,-8.6,-10.7,-7.2,-10.5,-6.7,-9.4,-6.8,-3.2,-7.4,-11.1,-9.8,-8.0,-12.4,-8.8,-16.5,-11.2,-15.8,-22.4,-16.4,-18.6,-14.0,-16.7,-12.0,-14.0,-20.8,-18.6,-2.4,-1.3,-10.0,-14.5,-10.8,-4.9,-14.6,-15.3,-11.7,-11.3,-12.8,-14.1,-10.8,-14.9,-15.9,-9.9,-15.5,-21.7,-13.2,-9.4,-13.6,-14.7,-15.6,-11.7,-12.5,-15.5,-15.4,-12.5,-9.6,-13.4,-10.2,-16.4,-13.1,-12.1,-15.7,-14.0,-8.0,-10.0,-11.9,-12.1,-14.6,-14.6,2.9,-5.5,-12.6,-6.4,-23.8,-15.2,-12.2,-10.4,-20.1,-11.4,-16.2,-16.3,-4.5,-16.5,-15.1,-8.8,-18.1,-18.3,-10.2,-18.9,-16.0,-14.3,-11.7,-15.8,-12.5,-10.4,-12.5,-16.1,-18.0,-16.9,-13.3,-15.0,-17.2,-12.2,-15.0,-15.2,-15.5,-14.9,-14.7,-17.5,-11.8,-15.9,-14.0,-14.2,-15.2,-19.3,-16.5,-17.5,-16.5,-10.8,-16.2,-15.9,-16.3,-15.8,-12.2,-13.8,-12.6,-16.3,-17.5,-15.0,-15.4,-15.9,-17.4,-16.0
2C7L5141gv,0,48.103067,11.63775,4443024.15,2777964.23,530.8,576.5,240,7513,4.7,0.6,0.51,32.69,348.96,-0.53,-0.103,0.842,0.1,0.2,-0.41,0.36,1.6,0.3,-0.3,-1.1,-0.9,-0.5,-0.8,-4.0,0.0,2.2,1.5,2.1,0.5,-0.4,0.1,-0.2,-1.4,4.0,0.9,-0.9,-0.6,-2.7,-1.3,0.6,-2.1,-1.5,-3.1,6.1,0.7,0.8,-2.3,0.3,-4.2,7.0,-2.1,3.7,-2.3,-8.8,-3.3,-0.9,-1.5,0.3,0.2,0.4,-0.9,-2.5,4.6,-1.3,-0.1,-1.9,-4.5,-0.5,-8.1,2.5,0.1,0.6,1.8,1.4,4.7,1.4,2.7,3.5,4.9,6.4,3.9,9.2,3.2,5.4,1.9,-0.1,2.0,2.9,4.5,6.3,4.2,3.1,0.9,-2.1,3.1,4.7,4.4,3.6,6.2,3.3,3.5,1.3,-4.8,-11.4,-5.8,2.1,-1.4,2.7,-2.1,-1.6,-9.6,12.2,-14.2,-13.2,-10.2,-5.9,10.9,14.7,2.8,0.6,-6.1,1.8,-2.8,-10.9,0.3,-10.4,-0.4,-5.9,3.3,5.6,2.1,2.7,1.1,2.6,2.3,-1.2,1.0,-1.3,1.3,1.9,1.4,2.7,10.3,2.5,0.8,2.6,7.5,3.3,2.3,0.8,-12.0,-3.9,2.4,-2.4,-3.1,2.8,-3.5,2.8,-0.2,1.6,-2.5,7.7,6.3,4.0,1.2,4.8,-0.3,-1.3,-1.2,1.5,3.6,10.2,1.6,5.5,-5.4,-2.9,3.9,-9.6,15.4,6.3,3.5,-2.4,5.1,-7.0,-6.1,-2.4,6.0,2.8,-7.0,11.7,3.7,-3.2,-6.7,-0.0,2.0,-1.3,-2.0,-0.1,-6.4,-6.3,-3.3,-2.1,-1.0,-3.9,5.5,2.3,8.3,-8.1,0.4,0.7,-4.6,-2.0,-3.2,5.2,-2.8,-3.5,-1.4,14.1,3.0,2.9,-5.5,-2.0,4.2,-1.5,1.5,4.3,0.3
2C7L5141h1,0,48.103117,11.638142,4443053.17,2777970.45,534.8,580.4,240,7519,2.0,0.89,0.36,32.7,348.96,-0.53,-0.103,0.842,-0.4,0.1,-0.76,0.16,0.7,0.1,-0.3,0.8,0.1,0.1,1.3,-0.1,-3.0,0.5,-0.0,0.7,1.1,-0.2,-0.2,-4.6,-0.7,0.9,1.1,-3.5,-4.5,0.9,-1.9,-2.9,1.3,0.2,3.8,1.0,2.8,3.8,3.7,4.5,0.8,4.4,-4.9,-2.3,-2.1,-5.9,-2.5,-1.1,0.6,-1.5,-0.8,2.5,1.7,-3.7,2.1,-0.5,2.0,3.6,1.2,3.9,2.4,2.0,0.6,0.8,0.6,1.6,1.8,1.6,0.1,2.0,2.2,2.6,3.6,1.6,0.8,2.8,0.4,1.8,-2.5,1.3,2.4,1.0,1.7,1.7,2.0,0.9,3.0,2.4,2.8,0.3,1.4,-0.0,1.1,2.0,-0.9,0.8,0.8,2.0,0.0,-0.2,0.5,1.2,2.1,-0.8,-4.7,-0.3,-2.5,-1.0,1.5,0.5,-1.4,-0.6,2.9,-0.3,0.1,-0.1,2.7,2.4,2.4,-1.6,2.1,0.3,3.0,0.3,2.9,3.2,0.9,3.0,1.2,2.1,0.7,-1.1,2.2,2.5,3.2,1.4,0.3,2.1,-0.0,3.2,0.5,0.7,2.7,1.1,1.6,-3.1,-2.2,-1.9,-0.8,3.1,2.4,-0.8,-2.3,-1.1,-1.2,-1.3,0.4,-1.7,1.8,-1.6,-1.2,0.6,0.9,2.2,0.5,0.7,0.3,0.2,0.1,1.6,1.9,-0.1,-2.2,-1.4,-5.3,0.4,-0.0,5.6,-2.5,2.5,-0.1,1.8,0.6,-0.9,-2.5,-1.3,1.7,0.5,1.3,-9.4,3.5,1.7,2.0,-0.2,-0.2,0.2,2.2,-3.0,0.3,-2.0,-2.4,-4.7,-1.5,-6.6,-5.1,-2.2,0.1,-4.7,-5.2,-1.8,-1.9,-0.6,-4.2,-3.3,-1.4,-0.6,-1.8,-1.5,0.1
2C7L5141ce,0,48.101174,11.622866,4441919.87,2777729.41,540.4,586.1,240,7248,1.4,0.94,0.13,32.6,348.92,-0.529,-0.104,0.842,-0.5,0.1,-0.17,0.11,1.3,0.1,-0.3,-0.9,0.2,-0.9,-0.2,-0.5,0.2,-0.6,-0.1,-0.2,-0.2,0.2,0.6,-0.1,0.0,-1.1,0.4,-2.7,-0.2,-1.5,-0.2,-1.4,-0.4,-1.3,-1.1,-1.4,-0.1,-1.1,-0.5,-3.2,-3.3,-15.8,-5.3,-5.4,-5.4,-6.8,-4.0,-1.9,-1.9,-1.8,-1.1,-2.9,-1.4,-3.4,-1.8,-2.9,-2.5,-2.8,-1.0,-2.3,-2.0,-1.0,-1.0,-1.3,-0.7,-1.1,0.1,-1.4,-0.2,-0.5,-1.4,-1.6,-0.6,0.0,-1.4,-3.1,-0.6,-0.3,-2.3,-0.8,-1.6,-1.3,-2.0,-0.5,-2.1,-2.3,-1.2,-1.2,-1.3,0.2,-2.3,-1.9,-2.5,-1.3,-3.0,-2.5,-3.8,-2.5,-3.1,-1.9,-3.5,-3.1,-4.9,-2.8,-3.9,-5.0,-2.9,-1.9,-3.3,-2.7,-2.0,-1.7,-4.1,-2.4,-2.1,-3.6,-2.7,-1.8,-3.3,-1.5,-2.7,-1.6,-2.0,-1.0,-2.2,-1.0,-1.0,-3.5,-2.0,-1.9,-1.6,-2.1,-1.3,-1.6,-2.1,-1.0,-1.5,-1.4,-2.4,-3.1,-2.8,-4.0,-5.5,-3.5,-3.3,-4.9,-4.7,-2.6,-5.8,-1.7,-0.4,-1.4,-1.8,-2.8,-2.2,-1.5,-1.7,-1.7,-1.6,-1.1,-0.2,-0.9,-2.7,-1.8,-1.9,-2.1,-3.4,-2.5,-2.9,-2.9,-3.3,-4.7,-3.9,-2.1,-3.7,-4.5,0.9,-3.0,-6.5,-2.2,-3.4,-3.7,-5.3,-5.1,-2.4,-3.2,-0.9,-1.3,-2.2,-1.2,-1.6,-2.0,-2.6,-3.2,-3.3,-2.9,-3.2,-3.2,-3.0,-3.0,-5.3,-6.0,-5.1,-5.7,-7.6,-5.5,-5.3,-4.2,-4.5,-4.6,-5.0,-4.9,-4.4,-5.2,-4.0,-3.7,-3.1,-4.0,-2.7
2C7L5141cl,0,48.101239,11.623374,4441957.53,2777737.47,546.2,592.0,240,7255,2.3,0.85,0.37,32.6,348.92,-0.529,-0.104,0.842,-0.3,0.1,0.57,0.18,1.4,0.1,-0.3,-7.0,-4.9,-3.7,-3.9,-6.3,3.3,-1.4,3.8,0.1,1.5,3.2,5.4,-0.9,-0.0,-2.2,-1.2,-3.5,-1.6,-2.1,-0.5,-2.5,-2.0,-1.8,-3.7,-1.3,-2.0,-2.1,-1.3,-3.7,-5.4,-18.2,-8.2,-7.4,-7.4,-7.6,-7.1,-3.6,-2.2,-3.9,-2.9,-4.0,-2.2,-5.6,-4.9,-4.5,-4.7,-4.9,-3.7,-4.6,-3.3,-2.7,-3.5,-4.3,-4.9,-5.4,-4.5,-2.7,-3.0,-2.1,-3.1,-2.0,-2.6,-3.3,-2.7,-4.6,-1.9,-2.5,1.6,-3.3,-5.0,-1.5,-6.3,-3.3,-4.4,-4.6,-7.4,-5.2,-6.8,-5.1,-6.9,-6.4,-6.4,-5.2,-8.4,-8.5,-5.1,-9.0,-7.0,-3.9,-8.8,-8.4,-2.8,-9.0,-6.8,-5.7,-7.0,-2.1,-9.0,-6.2,-6.3,-5.3,-9.2,-5.8,-5.5,-8.8,-6.7,-6.2,-6.6,-5.7,-4.8,-2.1,-3.7,-3.1,-4.5,-5.3,-2.6,-1.5,-4.3,-4.9,-4.9,-0.1,-5.5,-2.1,-5.7,-5.1,-9.4,-4.0,-4.9,-6.2,-6.3,-6.2,-6.6,-2.7,-4.5,-5.3,-4.1,-3.1,-7.7,-3.0,-2.4,-2.0,-4.4,-5.0,-3.7,-2.1,0.7,-5.5,-3.4,-2.7,-3.0,-3.1,-5.8,-4.4,-5.2,-5.6,-5.2,-5.7,-6.0,-5.9,-7.6,-5.1,-5.5,-5.9,-6.3,-5.9,-0.2,-4.8,-3.4,-1.8,-3.3,-4.9,-7.8,-4.4,-4.9,-3.9,0.3,-4.2,-5.2,1.4,-3.6,-5.7,-3.4,-6.3,-4.6,-1.9,-4.7,-0.7,-3.1,-5.6,-9.1,-6.3,-4.8,-6.6,-6.7,-4.2,-9.8,-5.6,-6.3,-5.2,-7.4,-4.6,-4.6,-4.4,-3.8,-3.6,-5.3,-4.5,-2.1
2C7L5141cm,0,48.101219,11.623216,4441945.85,2777734.99,535.8,581.6,240,7256,4.3,0.5,0.46,32.6,348.92,-0.529,-0.104,0.842,-0.5,0.2,1.41,0.33,3.8,0.3,-0.3,-5.3,-7.7,-2.3,-2.3,-6.0,-2.1,-0.9,-0.7,0.6,-2.1,-1.0,-14.2,-4.9,-2.4,-4.6,-4.0,-7.5,-7.9,-5.5,1.3,-0.5,-3.0,-1.6,-7.9,-3.6,-8.1,-3.7,-6.3,-4.8,-12.3,-21.5,-15.0,-13.1,-11.1,-9.8,-12.2,-8.2,-4.5,-4.3,-6.5,-5.1,-9.3,-9.6,-9.5,-7.0,-6.3,-7.4,-4.9,-5.4,-4.6,-5.1,-7.3,-6.4,-9.0,-10.2,-8.7,-3.7,-4.8,-1.0,-3.8,-10.1,4.2,-6.5,-2.9,-11.2,-5.7,-14.7,-1.7,-11.3,-9.2,-3.1,-4.1,-2.0,-5.5,-9.1,-12.6,-10.6,-11.4,-13.3,-13.2,-14.8,-15.9,-12.8,-15.0,-12.8,-18.6,-17.1,-19.3,-12.6,-15.2,-16.6,-17.6,-12.7,-15.5,-6.6,-6.9,-6.1,-16.6,-11.8,-9.2,-10.3,-16.0,-9.0,-8.3,-11.8,-11.0,-8.7,-12.6,-7.3,-10.2,-8.6,-10.0,-8.9,-6.5,-8.0,-6.7,-10.5,-8.3,-6.1,-9.8,5.7,-8.5,-13.3,-11.6,-15.0,-15.6,-8.4,-8.0,-9.0,-7.7,-11.1,-10.5,-13.3,-7.9,-9.6,-23.9,-11.8,-11.6,-6.9,-7.8,-5.3,-10.4,-8.1,-8.4,-6.2,-4.1,-3.0,-5.5,-1.9,-8.7,-9.6,-8.1,-1.6,-3.3,-6.4,-5.9,-7.6,-9.6,-7.7,-9.9,-16.5,-8.6,-10.8,-4.0,-15.4,-5.9,-10.5,-21.4,-11.7,-9.5,-11.0,-17.2,-6.1,-12.0,-1.2,-19.2,3.2,5.9,1.2,-1.6,-8.1,-5.9,-6.3,-4.3,-5.6,-15.3,-13.6,-16.8,-19.5,-14.0,-8.8,-21.0,-15.5,-18.8,-17.5,-7.9,-18.3,-7.9,-7.5,-8.5,-7.9,-4.9,-7.0,-4.7,1.0,-2.0,0.1,2.8
2C7L5141dC,0,48.101414,11.624739,4442058.78,2777759.21,538.4,584.1,240,7282,4.4,0.61,0.54,32.63,348.96,-0.529,-0.103,0.842,-0.5,0.2,-1.24,0.34,1.0,0.3,-0.3,-0.5,2.0,0.3,0.8,-0.8,-2.9,1.7,0.4,-0.0,-0.2,1.6,1.0,1.7,2.3,1.3,2.7,1.5,0.7,2.8,1.8,0.7,3.5,3.5,3.7,2.9,3.8,4.6,3.1,1.9,2.1,15.9,-1.1,-0.8,-1.6,-5.4,-0.8,3.6,6.3,7.1,4.7,-2.2,3.4,8.0,5.7,4.1,3.4,0.5,-2.4,3.7,4.7,6.4,2.3,4.7,3.4,5.1,7.5,8.1,9.7,4.5,4.9,10.6,7.8,9.2,6.4,15.9,5.6,10.6,5.1,4.8,5.7,9.4,10.1,11.1,5.2,8.0,7.5,7.2,6.4,5.6,7.3,4.8,14.7,10.7,7.3,5.3,5.4,2.9,2.7,4.6,4.4,6.1,7.7,2.6,11.3,7.3,4.1,3.9,6.7,2.2,4.6,2.0,5.5,3.7,6.0,2.9,1.9,4.6,3.0,7.2,0.6,-3.2,11.7,2.3,10.8,7.4,-3.9,-2.7,3.7,0.7,-2.6,-3.9,-8.0,-4.9,-5.7,4.1,3.0,-4.2,4.6,2.6,-1.1,6.9,-4.4,8.3,9.7,-0.5,6.6,10.5,11.3,7.9,19.8,4.2,14.6,5.4,-3.0,0.5,0.4,6.4,0.5,0.8,-5.5,5.7,-0.6,-5.1,13.6,-10.0,-0.1,2.8,1.1,7.5,3.6,17.3,2.6,10.4,5.5,6.1,13.7,11.0,0.8,3.9,4.3,4.2,0.9,3.2,1.2,-1.0,-0.6,0.6,2.1,3.3,1.9,2.9,1.8,2.0,-0.8,1.3,0.9,-0.5,1.9,3.7,-1.9,-2.0,-0.7,14.9,1.1,-1.6,-1.5,0.8,-2.6,-1.0,-3.5,3.1,-0.1,-0.3,-2.4,0.1,3.8,2.1,0.6
2C7L5141dp,0,48.101724,11.627149,4442237.58,2777797.54,548.8,594.5,240,7321,2.4,0.87,0.4,32.64,348.96,-0.529,-0.103,0.842,-0.5,0.1,-0.0,0.18,0.9,0.2,-0.3,2.8,0.7,0.3,-0.1,0.7,2.2,0.6,-1.6,0.2,-3.8,0.3,2.2,-1.4,-0.5,-2.3,-2.6,-9.9,-6.2,-5.8,3.9,-1.3,-1.2,-2.6,-0.6,-0.9,-1.2,-3.2,-1.3,-2.8,-5.7,-7.0,-7.4,-2.7,-3.8,-4.9,-4.2,-2.5,-1.3,2.2,0.2,-0.6,1.8,-1.9,-2.1,-0.6,-0.8,-2.9,-1.8,-2.1,-0.1,-2.4,-1.4,-1.9,0.4,-0.7,-0.5,0.5,0.4,0.0,-1.3,-0.1,-0.2,-1.5,-2.0,-2.3,-0.1,-2.0,-4.2,-0.3,-0.9,-0.9,0.6,-1.4,-1.8,-1.3,-1.0,-5.3,-5.0,-4.3,-1.6,-0.2,-10.6,-2.3,-2.8,-2.3,-6.4,-1.7,10.3,-8.2,-2.8,-1.2,-4.9,-4.5,0.2,-4.0,-3.7,-2.0,-0.1,1.8,-5.5,-5.3,-1.8,-3.1,-2.6,-3.1,-0.4,-1.4,-1.1,-3.2,-1.4,-3.1,-2.5,-0.1,-1.9,-0.0,-2.0,-4.7,-2.8,-3.9,-1.7,-3.5,-2.5,-2.5,-2.3,-0.7,-2.2,-2.0,-2.8,-2.4,-6.6,-4.1,-2.7,-4.6,-0.7,-2.6,-4.5,-3.8,-2.3,1.8,0.5,-1.4,-2.9,-3.3,-2.3,-1.9,-3.6,-4.5,-2.4,-1.8,-2.5,-5.1,-5.3,-0.8,1.1,-1.3,-4.7,0.8,-3.7,-4.6,-1.6,-5.1,-5.1,-2.6,-5.9,-4.3,0.1,-0.1,-5.3,1.5,-5.9,-0.6,-3.1,-5.8,-5.8,-8.3,-6.4,-1.7,-1.9,7.5,-1.8,-2.9,-2.9,-2.2,-2.8,-2.0,-0.8,-1.1,-1.6,-3.1,-6.7,-5.3,-7.2,-4.5,-5.3,-6.6,-3.9,-3.8,-2.4,-2.9,-3.9,-5.6,-6.2,-4.7,-2.9,-3.6,-2.0,-5.5,-2.4
2C7L5141dq,0,48.101717,11.627097,4442233.75,2777796.73,541.7,587.4,240,7322,3.2,0.77,0.44,32.65,348.96,-0.529,-0.103,0.842,-1.0,0.2,0.9,0.24,0.9,0.2,-0.3,-0.0,-0.6,1.6,2.3,-1.8,-1.9,-1.9,2.3,-0.8,-7.8,-0.6,5.4,4.5,3.0,-1.1,-3.2,-3.3,-0.0,-2.3,-3.9,-3.0,-3.7,-3.7,-1.5,0.5,0.9,-2.1,-2.3,-4.0,-5.4,-11.4,-6.8,-6.8,-5.2,-1.9,-1.8,-3.6,0.9,1.8,3.0,1.1,-1.0,-2.2,-1.1,0.2,-0.9,-3.8,-2.1,-3.7,-2.3,-0.7,0.1,-2.0,-0.6,-0.5,-2.0,-1.8,-1.6,0.3,-1.5,-2.3,0.1,-3.8,-2.1,-2.1,-4.3,-1.4,-9.4,-2.6,-3.4,-2.6,-1.6,-4.8,-2.7,-4.8,-1.3,-0.5,-1.6,0.6,-4.9,-3.1,-3.4,-2.2,-3.2,-5.2,-4.2,-5.5,-5.5,-4.7,-6.1,3.6,-7.5,-6.4,-5.2,-5.7,-9.0,-5.8,-5.7,-6.8,-5.2,-5.5,-6.5,-2.8,-4.6,-6.4,-5.7,-4.9,-4.8,-7.8,-5.6,-7.7,1.6,-5.3,-2.5,-5.5,-2.0,-1.8,-2.7,-3.9,-0.4,-1.4,-1.3,-4.1,-6.1,-4.1,-0.7,-2.5,-11.6,-0.5,-3.9,-6.5,-2.1,-3.6,-5.8,-16.1,-9.8,-5.3,-0.6,-5.8,-4.7,-11.8,-7.8,-5.9,-8.0,-6.1,-3.7,-3.0,-5.9,-5.4,-6.2,-5.6,-10.9,-7.1,-7.5,-6.3,-0.9,-10.1,6.4,-19.9,-8.8,-10.7,-9.6,-6.0,-10.7,-5.5,-3.2,-5.6,-6.1,-5.6,4.6,-4.4,-9.1,-9.3,-11.0,-6.5,-7.9,-5.9,-4.1,-15.9,-2.6,-4.2,-1.7,2.6,-4.2,-5.4,-4.1,-6.2,-3.4,-1.9,-6.1,-6.1,-4.5,0.1,-6.1,-7.9,-6.1,-4.6,-4.3,-7.4,-7.7,-10.0,-7.7,-2.2,-1.2,-8.2,-6.3,-4.2,-3.2
2C7L5141e3,0,48.101815,11.627857,4442290.16,2777808.83,544.5,590.2,240,7335,3.7,0.69,0.46,32.65,348.96,-0.53,-0.103,0.842,-1.3,0.2,0.3,0.28,1.8,0.2,-0.3,-2.0,-1.9,0.6,-6.0,0.6,3.9,1.4,4.7,-1.6,-9.9,-0.4,-3.9,1.7,3.6,-3.0,-2.6,-2.1,6.2,-1.3,-7.5,-0.1,-0.7,-7.0,-3.2,0.9,0.6,-1.1,6.2,-6.8,-6.2,-16.8,-6.7,-7.7,-5.0,-4.3,-4.2,-2.1,-1.3,-1.2,-3.4,1.5,-4.4,-2.8,-1.2,-4.2,-0.7,-13.4,-7.0,8.6,-1.3,-5.3,-2.8,-3.4,-2.9,-4.4,-5.4,-3.3,-9.5,-2.7,2.1,-2.1,-0.1,2.4,-0.5,-4.2,-4.7,-6.0,-6.2,0.3,-5.7,2.8,1.0,-4.8,2.3,-0.8,-5.3,-4.2,-7.4,-1.7,-7.7,-7.9,-1.3,0.9,-8.5,-2.8,-0.2,-3.2,-8.1,-4.7,-2.5,-5.6,-16.3,-16.6,-5.1,-5.2,-12.7,-5.0,-3.5,-5.4,-8.5,-6.4,-3.7,-4.3,-7.0,-6.7,-5.2,-7.6,-12.7,-6.4,-6.5,-5.6,-9.0,-8.9,-6.4,-8.3,-2.3,-7.3,2.2,0.1,-3.2,-6.4,-0.5,-3.7,-6.3,-1.7,-1.6,-2.5,-3.7,-6.1,-5.7,-5.3,-3.8,-3.7,-6.7,-8.9,-9.8,-5.4,-5.6,-4.1,-0.9,-0.3,-1.7,-13.2,-8.2,-0.0,-4.1,-3.5,-4.9,-1.1,-8.2,-3.3,-1.7,-4.6,-7.1,-3.0,-14.4,-11.4,-8.3,-4.6,-10.3,-6.5,-7.6,-10.6,-6.8,-8.5,-12.3,-10.4,-7.5,-14.4,-9.5,-7.0,-9.2,-14.7,-8.7,-0.3,-0.4,-3.3,-6.9,-8.6,-3.1,-5.9,-7.7,-3.7,-2.6,-7.9,-7.0,-13.4,-0.7,-7.2,-11.7,-14.3,-11.4,-5.6,-11.1,-9.8,-8.2,-9.6,-8.4,-8.9,-9.0,-11.9,-9.3,-3.6,-4.3,-9.4,-6.6,-5.1,-8.2
2C7L5141eK,0,48.101944,11.628867,4442365.09,2777824.9,546.5,592.2,240,7352,1.3,0.95,0.18,32.65,348.96,-0.53,-0.103,0.842,-0.5,0.1,-0.26,0.1,0.8,0.1,-0.3,-0.5,0.0,-0.1,-0.2,-0.3,-1.0,0.6,0.8,1.2,-1.3,0.3,-1.5,2.3,-0.6,0.0,0.9,0.8,1.3,0.7,2.2,0.8,1.2,0.3,1.9,3.8,1.9,-1.7,0.4,0.4,0.3,-3.9,-4.1,-3.1,-1.6,-4.2,1.7,3.0,1.8,4.3,2.5,0.8,1.8,2.0,0.6,-0.8,0.7,-2.4,0.4,0.2,1.3,0.9,0.1,0.3,-0.2,-0.9,-0.2,-0.3,0.1,-0.5,-0.0,-0.6,-1.1,-2.1,-0.8,0.2,-2.7,-2.0,-2.4,-0.2,-0.2,-2.4,-0.4,-1.3,-0.6,0.6,-0.0,-0.5,-1.1,-0.3,-1.1,0.2,-1.0,0.0,0.8,-1.1,0.3,0.8,0.1,1.5,2.4,-0.6,-0.4,-0.4,1.6,1.0,-0.5,0.6,4.2,0.4,-1.3,0.1,1.1,1.1,1.7,0.3,0.7,1.4,0.5,-0.2,-0.5,-0.0,1.0,0.4,-0.1,-0.2,-0.8,-1.3,-1.2,-0.7,-1.0,-0.8,-0.7,-1.2,-1.6,-0.6,-0.0,-2.6,-0.3,-0.1,-0.4,0.8,2.9,-0.8,-0.3,1.1,0.5,0.1,0.9,1.9,3.1,-0.5,-0.5,0.1,-1.0,-1.1,-0.3,-3.2,-0.3,0.5,-1.0,-0.8,-1.7,-2.8,-2.6,-1.6,-1.6,-2.0,-1.6,-0.1,-0.0,0.2,0.6,-0.4,-0.3,-1.6,1.4,2.0,0.3,0.1,0.4,-0.7,-2.2,-3.8,-2.6,-2.0,-1.8,-0.8,-0.7,-3.5,-0.8,-2.1,-0.9,-3.6,-3.2,-2.3,0.6,-3.7,-0.2,0.6,-5.4,-3.8,-2.3,-0.3,-1.1,-0.1,-0.5,-0.9,-2.0,-1.3,-4.6,-2.9,-1.6,-1.0,-1.3,-3.0,-4.2,-3.0,-3.9
2C7L5141eT,0,48.101996,11.629267,4442394.75,2777831.27,538.9,584.6,240,7361,1.6,0.92,0.31,32.66,348.96,-0.53,-0.103,0.842,-0.4,0.1,0.13,0.13,0.8,0.1,-0.3,-0.0,0.2,0.5,0.3,-0.3,-0.9,2.4,-3.8,1.0,2.6,0.3,-1.9,-0.4,-2.2,-1.6,-2.6,-2.2,-1.3,-0.4,-0.4,-0.6,-1.2,0.5,-1.1,-0.1,-2.4,-1.3,-5.8,0.3,-2.0,-3.2,-3.8,-8.5,-3.4,-7.8,-5.2,-1.6,-3.9,-0.0,-1.8,0.5,-6.1,-1.5,-2.6,-1.4,-3.6,-4.1,-1.9,-4.7,-0.8,-1.2,-4.5,-3.0,-1.6,-1.3,-0.9,-2.4,-1.8,-1.4,-3.6,-2.3,-0.4,-1.0,-3.2,-0.2,-1.7,-4.5,-3.2,-2.7,-3.6,-4.0,-1.1,-2.9,-2.3,-4.2,-3.5,-5.3,-3.4,-4.7,-2.6,-3.9,-4.6,-3.8,-0.8,-4.6,-4.0,-4.7,-3.8,-5.7,-0.8,-2.7,-4.5,-6.6,0.4,-2.2,-0.6,-5.3,0.8,-2.9,-1.6,-2.2,0.4,-0.5,-3.8,-1.4,-2.8,-1.4,-4.3,-2.8,-1.0,-4.6,-1.4,-3.2,-0.9,-2.3,-1.8,-2.5,-2.1,-2.7,-3.6,-2.8,-2.2,-2.2,-3.3,-3.1,-1.2,-1.0,-1.8,-2.2,-7.2,-1.5,-4.4,-4.7,-2.4,-3.1,-5.0,-5.5,-4.0,-0.7,-2.9,-3.4,-4.8,-4.5,-2.6,-1.1,-1.6,-1.6,-1.3,-2.1,-1.3,0.0,0.3,-2.4,-4.6,-2.1,-2.7,-2.3,-1.6,-3.7,-2.8,-0.8,-5.1,-4.5,-4.7,-3.3,0.8,-4.5,-5.9,-2.6,-1.9,-4.8,-4.5,-3.9,-3.9,-3.1,-4.6,-2.4,-2.5,-2.3,-3.4,-4.2,-3.0,-2.5,-2.1,-4.7,-3.8,-5.9,-4.7,-2.1,-7.6,-3.2,-6.5,-5.3,-5.2,-3.2,-2.5,-4.7,-5.2,-4.4,-5.4,-3.7,-4.9,-2.3,-2.7,-2.0,-3.3,-3.8,-3.0
2C7L5141eU,0,48.101998,11.629283,4442395.93,2777831.53,536.9,582.6,240,7362,2.3,0.89,0.38,32.66,348.96,-0.53,-0.103,0.842,-0.6,0.1,0.1,0.18,0.4,0.1,-0.3,-2.3,-0.9,-0.8,-0.9,-1.1,12.3,0.2,-0.7,0.5,-1.2,0.7,6.3,-0.1,-1.9,-1.9,-0.4,0.2,-0.8,-2.7,-2.3,-1.7,-1.0,-1.1,-1.3,-0.6,-2.9,-0.8,-4.5,0.2,-2.6,-10.3,-6.0,-5.4,-3.8,-6.1,-3.9,0.3,-2.0,-0.5,-1.6,-0.2,-7.0,-1.6,-1.1,-2.3,-1.9,-5.0,-3.3,-4.3,-2.6,-1.3,-2.2,-0.9,-2.8,-1.6,-0.3,-2.8,-2.0,-1.0,-3.8,-2.5,-3.1,-0.2,-1.4,-2.7,-8.9,-3.8,-2.7,-2.9,-2.8,-6.2,-2.9,-5.1,-1.4,-5.1,-0.6,-0.9,-1.8,-1.0,-1.7,-2.5,-2.7,-1.8,-2.8,-1.9,-2.0,-3.5,-4.9,-4.2,-3.7,-2.3,-4.4,-4.2,-1.8,-3.6,-5.9,-2.3,0.5,-1.6,-2.3,-3.2,-1.1,-2.5,-3.4,-1.2,-3.0,0.1,-2.2,-2.0,-2.8,-2.2,-1.2,-2.2,-1.3,-1.6,-4.0,-3.2,-2.5,0.1,-4.4,-3.1,-3.0,-7.2,-3.6,-2.1,2.2,-4.1,-0.8,-2.4,-4.8,-1.9,-2.9,-5.4,-1.5,-4.0,-4.1,-1.9,-3.2,-0.8,-3.5,-9.6,-6.8,-4.8,-1.5,-3.4,0.1,-1.2,-3.2,-3.6,-1.9,-4.3,-3.6,-3.0,-4.5,-2.1,-1.9,-6.2,-2.5,-0.1,-1.3,-2.7,-2.8,-1.7,-7.4,-7.3,-2.7,-3.3,7.1,-1.5,-0.8,-2.5,-4.6,-6.8,-7.4,-7.9,-4.6,-3.8,-3.2,-2.2,-3.4,-3.4,-1.9,-3.6,-3.1,-3.2,-3.3,-5.9,-5.8,-2.5,-4.4,-5.8,-5.4,-4.8,-2.0,-2.0,-6.6,-3.6,-7.2,-4.6,-4.9,-5.6,-4.2,-2.5,-6.4,-5.9,-8.2,-2.5,-4.2
2C7L5141el,0,48.102122,11.630245,4442467.26,2777846.83,538.1,583.8,240,7379,3.0,0.8,0.41,32.66,348.96,-0.53,-0.103,0.842,-0.2,0.1,0.19,0.23,0.4,0.2,-0.3,-3.7,-2.5,1.8,-0.4,-2.4,-2.7,1.2,0.7,2.2,6.9,2.9,-0.4,4.1,0.3,0.3,0.1,-2.2,1.3,1.1,-3.6,-1.0,-0.6,5.9,1.6,5.0,0.4,1.1,2.2,-3.4,2.5,0.4,-4.1,-4.3,-0.9,0.2,1.8,3.8,0.8,2.6,2.8,-3.1,-3.1,2.5,0.6,-0.8,-3.4,-1.0,-5.3,-3.2,0.2,-1.8,2.8,-2.4,6.3,4.3,2.2,1.2,-0.1,2.5,-1.5,-1.0,2.5,5.1,-5.6,-6.8,-1.4,-0.5,-0.8,2.0,0.9,0.6,0.8,2.3,3.3,-2.4,-0.5,4.6,3.0,5.6,0.7,1.8,-2.2,1.5,3.5,-2.4,-4.6,0.4,-1.9,-4.2,-1.9,-2.8,-2.9,0.7,-3.7,0.9,0.9,0.7,2.6,-3.2,3.5,-0.6,-4.5,-2.2,0.6,0.1,3.4,0.4,1.1,-0.0,-0.8,0.2,0.0,-2.2,2.6,-2.4,-1.9,-2.0,-1.2,-2.0,-0.4,-1.9,0.3,2.0,0.7,0.1,1.7,0.7,3.6,0.3,0.3,-6.1,-4.5,1.7,3.0,-3.3,13.3,2.9,-1.8,2.6,-0.2,2.9,1.0,-4.1,-4.3,-5.1,-3.8,2.6,-2.3,-2.7,-3.0,0.4,-2.4,-7.6,0.6,-5.6,-2.7,-3.7,2.4,-0.7,-1.8,-7.1,-0.4,1.1,-0.8,0.3,0.1,-4.0,-2.4,1.0,-3.8,-1.8,-1.2,-4.9,1.4,5.6,5.5,2.7,-2.8,-6.7,0.3,4.1,1.1,-2.1,1.2,0.5,-4.3,-1.4,-0.6,6.2,2.3,3.1,2.1,1.0,0.3,2.3,4.0,-3.6,-3.5,-1.4,0.5,-3.3,-2.1,5.1,-0.3,1.1,-6.6,-0.8,-5.0
2C7L5141et,0,48.102182,11.630715,4442502.19,2777854.32,537.6,583.3,240,7387,1.7,0.92,0.27,32.66,348.96,-0.53,-0.103,0.842,-0.7,0.1,-0.05,0.13,1.2,0.1,-0.3,-0.9,-0.1,-1.5,0.3,-0.9,-0.8,0.0,-0.2,0.8,3.1,-0.3,0.7,-1.0,-0.4,-1.0,-1.4,-1.9,-1.5,-2.4,-2.3,-2.7,-2.5,-1.3,-0.1,-1.5,0.1,-1.4,-0.3,-2.5,-3.2,-2.1,-8.3,-7.6,-6.4,-5.6,-3.9,0.8,1.1,-0.0,-1.2,-1.7,-0.0,-1.5,-2.0,-1.9,-2.2,-0.9,-2.3,-1.3,-0.7,-0.4,0.1,-2.2,-0.2,-1.4,-0.4,-0.0,-0.9,-0.4,0.0,-0.3,0.4,2.8,0.0,0.9,-0.5,-1.3,-2.8,-1.4,5.5,1.3,-0.9,1.5,-0.4,-1.8,-2.2,-2.6,-2.6,-0.8,-2.4,-1.2,-2.3,-1.2,-0.9,-2.3,0.2,-1.8,-2.6,-2.3,-2.8,-2.5,-2.4,-3.5,-2.5,-3.6,-2.2,-1.6,-2.3,-2.3,-3.6,-3.4,-3.8,-3.6,-2.1,-3.6,-2.3,-2.7,-2.1,-1.8,-2.6,-2.5,-2.2,-2.2,-1.6,-1.9,-1.6,-2.9,-0.2,-1.5,-2.4,-3.0,0.6,-0.9,-3.1,-4.6,-1.7,-1.8,-2.0,-5.8,-5.1,-1.6,-3.1,-0.9,-3.0,-13.6,-3.9,-3.3,-5.2,-1.3,0.6,-1.9,-1.6,-3.3,-1.7,-2.5,-1.8,2.2,-1.8,-2.8,-2.4,-0.0,-4.4,-5.1,-2.1,-5.0,-3.3,-1.0,-1.7,-3.4,-1.6,-4.0,-3.6,-2.3,-5.9,-6.1,-0.2,-2.4,-5.6,-1.2,-2.8,-2.3,-4.8,-3.7,-3.4,-2.5,-3.8,-2.2,-2.6,-2.9,-2.8,-3.6,-3.7,-2.5,-0.7,-3.4,-4.2,-2.5,-4.9,-4.9,-6.9,-6.2,-5.0,-5.0,-6.6,-5.3,-3.8,-4.6,-4.8,-4.9,-4.4,-3.0,-3.4,-3.2,-2.9,-2.4,-3.5,-3.0,-4.3
2C7L5141eu,0,48.102187,11.630751,4442504.85,2777854.89,536.6,582.3,240,7388,3.9,0.67,0.48,32.66,348.96,-0.53,-0.103,0.842,-0.7,0.2,0.34,0.3,2.2,0.3,-0.3,-0.6,-0.6,-1.1,0.8,-1.1,-2.3,-0.5,-1.7,0.9,3.4,-0.5,-1.4,-3.4,0.8,5.0,-6.0,-9.5,0.3,0.4,-0.2,-3.4,-0.9,-4.9,-1.7,-5.0,-1.5,-2.7,-3.8,-4.9,-6.2,-9.3,-11.9,-12.2,-9.3,-5.9,-5.1,-5.1,0.1,-2.4,-2.0,-2.1,-1.2,-3.3,-0.6,-2.3,-1.1,-4.0,-3.9,-1.6,-2.4,-1.8,-0.5,-0.1,-2.3,-1.2,-0.6,0.9,-2.9,-2.0,-1.2,-1.7,2.9,0.9,-1.4,3.5,-2.3,-0.7,-1.6,2.1,7.5,5.3,-16.9,-2.2,4.6,-2.9,3.9,1.4,7.2,8.9,-5.7,0.9,-1.9,-1.6,0.3,-1.9,-2.0,-1.6,-2.6,-6.9,-6.0,-1.9,-4.4,-6.6,-6.5,-2.9,-2.9,-3.9,-8.6,-5.1,-9.5,-4.5,-7.6,-6.9,-4.7,-4.8,-4.2,-4.3,-2.4,-6.4,-10.6,-7.1,-5.0,-4.8,-4.9,-3.0,-4.5,-1.7,-3.9,-1.7,-6.8,-1.5,2.9,-6.6,-6.7,-10.2,-4.5,-6.1,-3.8,-8.1,-10.8,-9.2,-8.2,-4.0,-9.3,-16.6,-12.5,-12.1,-6.7,-5.2,0.7,-5.2,1.3,-1.7,-1.9,-0.8,-0.9,5.6,-2.1,-4.7,-13.1,9.1,-11.6,-7.2,-4.3,-7.8,-3.0,3.4,-3.3,-7.1,-0.1,-9.4,-8.9,-3.2,-4.4,-10.9,-0.9,-2.2,-6.0,-2.5,-4.1,-2.9,-4.9,-5.5,-6.7,-2.7,-2.6,-5.0,-2.3,-4.4,-1.3,-3.3,-1.3,0.5,4.3,-3.0,-16.1,-15.7,-9.7,-8.0,-7.7,-7.4,-0.6,-5.6,-7.4,-13.7,-3.2,-4.4,-5.9,-3.8,-6.1,-6.4,-5.2,-2.3,-0.3,-3.4,-7.1,-3.3,-2.7
2C7L5141ez,0,48.102229,11.631085,4442529.58,2777860.19,539.9,585.6,240,7393,3.2,0.71,0.43,32.66,348.96,-0.53,-0.103,0.842,-0.4,0.2,0.3,0.25,2.9,0.2,-0.3,-1.5,3.5,-0.5,1.0,-0.4,2.1,-2.7,-2.7,0.3,-2.1,0.9,3.4,-0.8,-0.7,-1.8,-1.0,-2.7,-3.9,-5.4,-4.2,-1.7,-1.2,-3.2,-4.9,-2.7,-4.1,-1.0,-0.6,-1.5,-5.6,-5.3,-7.8,-5.5,-5.3,-5.4,-3.9,-0.3,-0.7,-2.8,-7.1,-2.3,-4.6,-1.7,-3.9,-4.4,-9.2,1.5,-1.5,-2.8,-0.4,-2.5,-0.3,1.5,-0.6,-0.5,1.1,2.5,1.8,0.3,-0.4,4.0,1.4,-7.7,4.7,14.0,0.1,-1.2,11.6,-0.8,0.3,-2.7,-0.9,0.6,1.9,-1.1,-1.3,-0.4,-0.5,0.2,-4.7,-1.7,-1.6,-2.1,-1.7,-0.4,-4.1,-1.4,-2.6,-12.5,-5.7,0.3,-0.7,-7.3,-4.2,-5.1,-0.5,-2.3,-4.2,-4.6,-6.2,-4.8,-2.4,-4.1,-2.3,-4.9,-3.4,-5.5,-8.0,-0.5,-5.5,1.4,-4.9,-4.9,-2.7,9.7,5.7,-5.6,-0.4,0.8,-2.0,-2.5,-3.3,-3.5,-1.2,-1.2,-3.4,-1.2,-0.9,-2.7,-5.9,-7.3,-7.7,-3.7,0.2,-16.5,-10.1,-4.0,-8.2,-2.5,1.9,-9.7,-3.2,-1.9,-0.9,-0.9,-4.7,-2.9,-0.7,-2.4,-1.0,4.1,1.6,-1.1,0.7,-3.1,-0.6,-0.9,-5.7,-6.3,-4.6,-6.7,-10.2,-4.3,-13.2,-3.7,-2.0,-10.1,-10.8,1.7,-6.8,-3.6,-8.9,-6.0,-7.8,4.9,-1.3,-6.5,-0.8,-7.5,-1.5,7.1,-3.9,-0.6,-3.7,0.4,-0.6,-4.2,-5.8,-5.2,-9.0,-10.3,-2.1,-7.5,-9.0,-6.6,-6.3,-7.9,-0.6,-0.7,-0.3,0.7,3.4,1.2,2.1,-4.8,2.1,-4.0,0.8
2C7L5141f7,0,48.10231,11.631711,4442576.09,2777870.15,549.1,594.8,240,7401,3.1,0.78,0.41,32.67,348.96,-0.53,-0.103,0.842,-0.5,0.2,0.33,0.24,0.6,0.2,-0.3,-4.1,-1.0,-1.4,-1.1,0.6,4.7,-0.7,4.6,1.1,-0.5,0.2,3.6,-2.3,-0.9,-3.9,-5.0,-6.4,-0.6,-4.8,-1.9,0.0,-4.6,1.6,-1.6,2.2,0.1,1.9,-6.9,1.3,-0.1,0.0,-3.0,-4.4,-6.4,-6.1,-2.5,0.9,-1.9,2.0,0.3,-1.7,-1.1,-0.3,-0.1,-1.3,6.4,-0.3,5.7,-1.9,7.9,-1.2,-2.0,2.4,-0.7,2.5,0.2,-1.1,-2.3,0.5,-0.3,0.1,-0.5,-8.9,-6.6,0.3,-8.9,-2.4,0.1,-2.4,-2.0,-1.9,0.3,0.4,2.0,0.9,-3.1,0.2,0.5,-1.2,0.2,-3.8,-1.3,-0.2,1.1,-1.2,-3.6,-1.6,-4.0,-2.5,-4.0,-5.6,-11.6,-3.8,-2.6,-3.9,-8.8,2.8,1.9,-0.1,-1.4,0.2,0.8,1.0,-5.4,-2.2,-0.5,-1.8,-2.7,-0.7,-8.7,-3.3,4.1,0.2,0.1,0.3,-4.8,-0.9,-2.6,-3.7,-1.8,-2.7,-5.4,-6.3,-2.7,-2.2,-0.1,1.0,-2.0,-0.7,-2.4,-2.1,-2.2,-6.9,3.2,-2.3,-4.9,-2.9,-6.0,0.6,0.4,-2.8,-2.8,2.0,1.1,-0.2,-2.4,-6.5,-2.3,-3.2,-2.9,-5.7,-3.7,-0.2,-0.5,-1.7,-0.7,-1.4,4.5,-10.2,-10.4,-2.8,-6.4,-1.7,3.7,-3.9,-1.2,-4.7,-5.7,2.4,0.0,-2.3,-4.6,-11.3,-3.2,-1.7,-3.4,-1.8,-2.6,-2.1,-0.1,-2.9,-1.0,0.8,-1.8,-1.0,-2.1,-0.9,-4.8,-0.6,-8.1,-11.0,-3.1,1.2,5.3,-6.2,-7.7,-3.3,-4.6,-4.7,-2.3,0.3,-5.4,-3.1,-1.8,-0.1,0.2,0.8,1.3
2C7L5141f8,0,48.102295,11.631592,4442567.21,2777868.27,538.7,584.4,240,7402,4.0,0.64,0.57,32.67,348.96,-0.53,-0.103,0.842,0.1,0.2,-0.98,0.31,1.1,0.3,-0.3,5.0,-0.2,-2.4,2.1,-4.6,4.5,-0.8,4.6,-0.2,5.6,0.2,7.3,-5.9,-4.9,-1.5,-0.5,-0.1,5.3,-12.7,-7.7,4.8,3.4,-3.4,-7.4,-4.0,-3.9,0.8,6.2,0.2,-4.3,-5.4,-10.0,-6.7,-5.7,-7.3,-7.1,0.1,-2.3,-1.6,-9.1,2.2,3.0,-3.4,-4.3,-5.0,-3.3,-5.0,10.8,-3.7,4.5,1.2,-1.3,1.5,0.6,-1.9,0.8,-9.8,-1.5,-4.5,-1.2,0.8,0.5,1.5,-1.8,4.3,5.2,-0.7,-4.1,-2.6,-2.4,-9.7,-1.6,-2.9,-2.4,-1.3,-1.8,-2.6,-2.9,-1.0,0.1,1.3,-1.3,-0.6,2.4,-1.4,-2.8,0.1,-4.6,-6.3,3.3,0.7,3.1,-5.7,-3.5,4.8,-1.4,3.0,0.2,3.0,-2.0,-0.6,3.7,12.4,4.1,4.2,-4.7,1.9,-7.4,1.3,-0.6,-3.4,1.7,10.4,0.3,-0.9,2.6,7.1,0.7,1.9,3.5,1.8,3.6,-0.4,-6.7,-7.5,5.3,-4.7,1.0,-1.4,-3.5,8.1,2.8,3.6,0.2,3.0,4.0,-3.1,1.1,1.6,1.9,7.8,2.8,2.5,-0.1,4.2,-3.7,5.6,0.4,2.6,4.8,3.5,-5.0,0.9,-3.0,1.3,-0.4,1.0,-1.6,3.7,-3.9,3.4,4.8,5.5,2.4,-10.7,-6.4,-2.2,-12.2,8.0,2.5,0.5,0.6,-4.5,2.5,2.9,2.9,-1.6,-1.6,6.3,-0.3,-4.0,-4.5,7.7,-1.1,-2.0,-1.1,-3.9,-3.7,-0.5,-2.9,-2.4,0.3,-3.5,-0.9,0.5,0.4,-7.1,-3.1,2.3,-5.8,-3.5,-3.8,-5.1,-4.1,2.7,-1.1,-1.5,-2.6
2C7L5141fn,0,48.102623,11.634153,4442757.23,2777909.0,551.3,597.0,240,7443,2.3,0.85,0.38,32.68,348.96,-0.53,-0.103,0.842,-0.7,0.1,-0.79,0.19,0.8,0.2,-0.3,-0.4,-3.8,0.1,-5.2,-1.4,-3.3,-4.0,2.7,5.1,0.0,-0.4,4.8,0.0,-2.8,4.2,6.7,6.0,5.3,5.0,3.7,-5.4,4.3,7.7,7.3,4.6,6.4,3.8,-1.9,1.8,7.2,6.6,3.8,4.5,3.3,0.0,5.8,8.6,7.3,2.7,5.7,5.0,5.6,7.7,5.8,2.9,4.3,4.5,5.6,6.7,0.4,2.7,1.7,4.9,2.2,1.6,8.3,2.7,2.9,3.6,2.7,7.4,5.7,-0.7,4.6,4.9,5.4,4.4,1.5,3.5,4.3,4.9,5.8,3.6,3.9,3.8,6.1,5.1,5.0,4.5,4.4,3.1,5.1,3.0,4.2,4.6,6.2,4.8,6.3,5.1,5.3,4.9,3.0,3.7,1.9,5.2,0.6,6.2,6.4,7.5,1.4,4.2,6.8,3.4,5.9,8.3,5.4,5.5,5.1,5.3,4.2,4.2,2.7,2.8,2.9,4.7,3.2,6.9,1.5,3.6,4.0,2.3,0.8,1.4,2.2,3.5,5.2,5.2,4.4,4.2,2.3,2.7,1.8,4.2,2.5,0.6,0.5,1.0,2.6,4.8,5.5,3.2,-0.3,0.5,4.0,1.9,2.0,-0.6,0.6,1.9,2.8,7.1,1.5,3.2,2.2,1.2,-0.3,3.0,3.6,4.4,1.4,2.5,0.7,0.4,-0.1,-1.6,5.6,5.0,3.7,4.1,1.3,3.9,0.1,-0.4,0.2,0.7,-0.5,2.0,1.4,-13.6,2.4,1.0,0.3,0.7,0.5,0.9,1.5,0.8,-0.4,-1.5,0.9,1.4,2.3,0.3,1.9,3.4,1.1,-1.2,-0.8,2.0,1.6,2.8,0.7,-0.3,2.9,0.6,2.4,1.1,0.9
2C7L5141g4,0,48.102735,11.635022,4442821.67,2777922.84,545.6,591.3,240,7460,2.3,0.88,0.38,32.68,348.96,-0.53,-0.103,0.842,-1.0,0.1,-0.31,0.17,0.5,0.1,-0.3,-1.5,-0.8,1.3,-0.2,1.1,2.7,-0.1,2.3,3.2,1.3,2.4,3.0,1.2,0.7,-0.1,-2.4,-4.9,-3.4,-1.1,-3.0,-3.2,-0.4,-0.5,-2.7,1.0,-3.9,-1.1,4.2,-0.6,-4.0,0.1,-7.5,-3.5,-5.5,-6.2,-3.1,1.2,-4.6,-0.1,2.1,-0.9,-1.6,0.2,-4.3,-2.3,-1.4,-3.3,-1.9,0.7,-0.6,-0.2,0.5,0.3,-0.5,-0.1,-0.9,-1.1,-2.1,-1.1,-1.4,-1.4,-2.0,-4.6,-3.0,0.2,-1.8,-3.2,-3.5,-2.0,0.2,-0.4,-2.2,-3.5,-1.6,-4.7,-3.3,-0.6,-0.0,-0.9,-4.0,-1.5,-0.9,-2.1,-2.4,-1.4,-2.7,-0.5,-5.5,-3.8,-2.3,-1.4,-1.8,-3.9,-10.8,2.4,-3.7,-1.4,-4.1,1.4,-1.1,-0.0,-4.9,-1.3,-0.6,-6.3,1.6,-2.1,0.6,-2.2,-2.3,-1.7,-2.0,-2.2,-0.9,-0.6,-1.7,-2.3,-1.3,-0.2,-2.1,-3.9,0.2,-2.1,-1.8,-2.9,1.2,-3.3,0.1,-0.5,-5.9,-3.7,0.8,-4.3,1.9,-1.0,-3.1,-3.6,-1.6,0.0,3.5,3.9,-2.0,-0.9,-0.2,-0.9,0.3,-5.0,-2.2,-1.0,-5.8,-4.3,-0.8,-0.6,-1.0,-2.6,0.3,-1.7,-2.4,-1.0,-2.4,-5.7,-8.2,-2.5,-5.5,-7.5,-5.2,-4.6,-7.0,-4.4,-5.9,-3.3,-4.5,-12.0,-8.0,-3.7,-5.6,-6.6,-7.8,-6.9,-5.0,-3.9,-4.1,-4.2,-5.8,-6.4,-4.5,-7.7,-7.1,-4.5,-7.1,-4.8,-4.2,-7.2,-2.9,-2.9,-3.9,-3.0,-4.9,-3.3,-8.3,-5.1,-3.5,-6.4,-5.2,-5.3,-6.2,-4.2,-5.5
2C7L5141gK,0,48.102858,11.635984,4442893.04,2777938.14,548.7,594.4,240,7476,1.8,0.9,0.28,32.68,348.96,-0.53,-0.103,0.842,-0.3,0.1,0.07,0.14,1.2,0.1,-0.3,0.2,1.3,-1.0,-0.9,-0.2,-1.3,1.3,0.5,0.5,-1.6,2.1,1.4,-1.8,0.8,-0.4,-0.5,-3.3,1.2,-3.8,-3.8,-1.4,-5.5,-2.7,-3.0,-0.2,-2.3,-3.8,-2.4,-1.6,-3.7,1.9,-8.3,-1.5,-7.5,-4.0,-3.0,-4.8,-0.0,-2.4,-2.2,-0.5,-0.9,-6.8,-1.3,-2.5,-1.9,-1.0,-1.5,-1.5,0.4,-3.8,-0.6,-2.4,-0.9,-0.8,-2.0,-1.9,-2.1,-2.0,-1.8,-2.7,-0.8,-0.6,-3.5,-0.8,-3.2,-2.4,-2.3,-1.2,-2.9,-3.2,-1.9,-2.2,-2.1,-4.4,-2.4,-4.4,-3.7,-4.4,-5.7,-4.1,-5.9,-3.9,-3.8,-1.6,-4.6,-0.5,0.1,-0.5,-3.6,-1.6,-0.3,-3.5,-5.3,0.2,-3.2,-1.9,-2.7,1.6,-1.3,-0.7,-4.4,-2.3,0.4,-2.8,-2.7,-3.4,-2.1,-1.2,-1.9,-0.9,-1.4,-0.9,-2.0,0.0,-0.8,0.5,-0.1,-1.0,-0.9,0.3,-0.5,-1.3,-2.3,-0.7,-1.1,-2.6,-4.7,-5.6,-6.1,-0.0,-2.6,-0.2,-0.9,-5.0,-3.9,-4.3,-5.8,-0.2,-0.8,1.6,-2.3,-4.0,-3.6,-2.5,-1.2,-1.1,-1.2,-0.3,-0.8,-2.1,-0.1,-0.5,-2.2,-2.6,-2.0,-2.2,-1.4,-1.0,-0.8,-4.8,-7.4,-2.6,-9.2,-8.1,-2.9,0.4,-5.2,-1.2,-0.5,-3.0,-4.9,-3.2,-4.6,-0.4,-0.9,-2.3,-1.5,-1.3,-1.8,-1.0,-1.8,-2.9,-3.7,-2.8,-2.7,-3.6,-5.4,-8.9,-3.0,-4.6,-3.2,-3.9,-4.2,-3.0,-2.7,-4.8,-3.4,-2.7,-2.8,-5.4,-5.0,-0.6,1.0,-3.1,-1.5,-1.4,0.9
2C7L5141gZ,0,48.102933,11.636568,4442936.36,2777947.46,534.7,580.4,240,7491,3.3,0.79,0.43,32.69,348.96,-0.53,-0.103,0.842,-0.2,0.2,-0.26,0.25,0.1,0.2,-0.3,-2.1,-1.1,-0.3,-5.8,0.6,-2.9,-1.4,1.2,1.1,2.0,11.5,3.9,-0.2,1.2,-2.3,-4.7,-1.5,1.9,-2.0,-1.7,-3.0,1.3,0.3,-0.5,-4.4,-6.5,5.0,4.0,0.9,1.7,5.1,-1.8,-2.9,-7.1,-3.6,1.0,1.6,2.4,1.5,1.2,0.1,2.6,7.3,-7.5,-5.0,1.2,-4.3,-2.0,-1.2,-3.5,5.3,-1.9,3.7,-4.7,-4.0,-3.6,2.0,-4.1,-4.9,-2.4,-2.4,2.5,5.1,-4.0,6.9,-3.5,-3.8,0.5,-0.0,1.4,0.4,0.3,-0.3,-0.2,1.9,0.1,-1.1,-2.5,-1.4,-1.1,-0.7,-1.3,-2.7,-0.6,0.7,-1.1,2.1,-2.6,-0.1,1.3,-0.6,1.2,-1.2,-1.1,0.2,0.5,-0.0,-5.0,0.5,-3.3,2.3,0.6,-7.4,1.8,-0.9,-0.2,-2.3,1.0,-3.9,4.2,-0.3,0.6,0.4,-2.3,0.2,-2.5,2.5,1.1,1.3,0.7,3.7,-5.4,-1.4,-6.2,-3.7,6.5,3.7,1.1,-4.5,-4.9,-0.3,-1.1,4.4,-3.1,2.0,-8.2,0.1,4.0,6.1,-2.7,-0.9,-3.3,-3.1,-0.7,-2.7,-1.8,12.8,0.6,2.7,-4.5,-0.9,-1.4,-3.6,-1.2,-1.2,-1.1,-0.3,-0.6,1.9,-0.4,-2.3,-3.7,-0.1,-5.2,-1.7,1.3,-4.6,1.0,-1.5,-0.1,-0.8,-1.4,-6.3,-1.8,-1.4,-2.0,14.4,-2.4,5.3,-1.5,-1.9,2.2,-3.8,-1.8,-3.6,-1.1,-4.2,3.9,-4.2,1.9,0.9,-1.9,-1.4,1.3,-1.2,2.4,-2.2,-2.8,0.5,-3.4,-0.7,-2.2,-5.8,-3.9,-5.3,-4.5,-3.8,-2.4
2C7L514IfY,0,48.101118,11.62229,4441877.05,2777722.3,536.0,581.7,241,7240,3.4,0.76,0.43,32.6,348.92,-0.529,-0.104,0.842,0.0,0.2,-0.44,0.26,0.8,0.2,-0.3,0.1,-2.3,-0.6,-2.7,-0.9,-2.3,1.1,-0.5,-0.2,-0.5,1.1,-0.3,1.0,1.8,0.0,1.3,0.7,1.3,2.9,1.4,0.7,-1.5,2.9,4.3,0.5,2.7,-0.7,-1.0,1.9,-1.6,-11.1,-6.2,-3.7,-2.0,-5.9,-8.4,-0.2,0.3,-0.7,1.5,-1.5,-5.2,-1.3,10.9,0.6,-0.3,-1.1,-0.4,2.2,1.5,6.3,2.5,4.1,0.5,-0.1,-2.6,1.1,-3.2,2.3,1.0,-0.4,-2.0,-0.4,0.2,-9.7,-3.8,-2.8,-4.3,-3.1,-1.0,-3.5,3.2,-3.0,-0.3,-1.5,-3.0,-6.4,-5.3,-0.8,-1.4,0.6,1.4,3.0,0.1,-2.7,-1.0,-1.8,-2.2,-0.6,1.0,1.2,-1.5,0.6,-1.5,-0.2,1.5,1.5,-1.8,3.3,4.4,1.3,2.8,2.4,5.4,-1.0,1.9,3.4,2.6,5.1,3.1,4.5,5.3,2.2,3.7,3.0,4.3,2.9,2.7,4.2,2.5,-5.2,3.0,-0.6,0.8,1.6,0.8,7.0,-2.8,0.9,-1.2,-2.1,-3.2,12.2,-2.8,-3.3,-3.2,-0.9,-2.3,1.7,2.0,4.7,-0.7,0.7,1.6,0.1,-1.4,-3.9,-1.2,-1.4,1.0,-1.1,-2.8,-0.8,-2.7,-1.9,-1.5,-1.5,2.0,5.7,1.0,0.7,4.3,7.0,0.1,0.3,3.6,-8.5,-1.4,1.1,0.5,3.6,1.9,-1.6,8.4,2.5,-1.6,2.3,2.2,-8.0,1.8,2.4,-1.1,-3.0,-2.1,1.8,0.7,1.3,3.8,6.9,5.9,-10.6,0.5,-7.3,-3.4,-2.6,-12.9,0.5,-2.2,-0.6,-1.8,0.0,0.0,-0.8,-0.7,-0.3,4.1,2.9,3.4
2C7L514Ifd,0,48.101174,11.622723,4441909.19,2777729.18,543.5,589.2,241,7245,4.5,0.59,0.47,32.6,348.92,-0.529,-0.104,0.842,-3.0,0.2,0.38,0.36,0.3,0.3,-0.3,-6.7,-6.5,-6.3,-8.3,-8.6,3.4,-5.6,-8.3,-6.5,5.1,-8.4,6.5,8.0,3.3,-3.6,-1.7,-4.1,-4.8,7.6,8.7,7.9,6.2,3.9,4.2,2.8,-13.6,5.6,1.3,-3.1,-1.4,-16.0,-6.0,-7.1,-6.4,-6.8,-9.8,-0.2,1.3,-4.3,-7.9,-6.9,-7.0,-12.5,-10.0,-6.9,-9.8,-12.2,-7.3,-10.0,-8.2,-12.4,-10.3,-10.7,-10.0,-12.3,-4.0,-10.3,-9.1,-10.9,-9.8,-7.9,-2.2,-13.3,-12.6,-12.4,-10.6,-7.9,-16.8,-6.6,-10.5,1.1,-9.4,-3.9,-11.0,-14.1,-15.6,-12.5,-11.6,-9.7,-14.2,-6.9,-15.4,-12.7,-14.4,-12.0,-15.0,-16.9,-3.9,-0.1,-9.7,-11.2,-10.3,-10.9,-12.7,-13.5,-9.0,-8.5,-12.2,-9.0,-7.6,-9.7,-11.0,-7.7,-3.6,-5.1,-5.7,-5.8,-8.3,-7.1,-7.5,-9.2,-9.2,-8.7,-8.9,-6.3,-10.8,-14.7,-10.1,-10.1,-8.4,-14.7,-8.6,-9.9,-8.9,-7.5,-9.3,-12.9,-9.3,-11.2,-12.2,-11.6,-15.9,-9.8,-10.3,-10.8,-12.3,-12.7,-12.4,-7.8,-9.0,-10.4,-10.3,-10.7,-9.3,-8.6,0.4,-16.3,-9.2,-4.6,-7.9,-8.9,-18.3,-15.0,-15.4,-14.5,-18.5,-13.6,-14.9,-13.0,-15.4,-19.9,-16.8,-18.5,-4.6,-23.3,-24.0,-11.3,-13.0,-9.1,-14.4,-13.5,-16.2,-12.9,-7.8,-15.0,-7.3,-5.6,-10.7,-10.7,-14.5,-18.0,-15.8,-16.7,-17.0,-16.8,-17.8,-20.1,-18.9,-16.6,-10.0,-15.0,-22.0,-17.7,-20.2,-18.2,-20.3,-18.8,-18.5,-20.2,-18.1,-19.9,-20.6,-20.6,-19.0,-21.1,-19.3,-20.3,-19.4
2C7L514Iff,0,48.101176,11.622743,4441910.67,2777729.51,538.9,584.6,241,7247,2.0,0.87,0.26,32.6,348.92,-0.529,-0.104,0.842,-1.1,0.1,-0.4,0.16,1.2,0.1,-0.3,-0.7,-1.2,-1.9,-0.6,-0.1,0.6,-2.1,-1.0,-5.4,0.5,0.4,-0.1,0.3,0.8,-0.1,1.0,-2.8,-1.8,-2.3,-2.3,-3.1,-2.4,-2.0,-2.9,-2.8,-1.2,-2.7,0.1,-2.7,-3.4,5.8,-10.8,-5.6,-6.0,-7.5,-5.2,-1.6,-3.4,-2.6,-3.3,-3.3,-1.2,-4.7,-6.5,-4.8,-7.6,-8.8,-3.0,-3.0,-7.6,-2.1,-2.5,-2.6,-2.3,-3.7,-0.8,-6.8,-5.5,-3.0,-1.6,-1.9,-3.3,-0.4,-3.5,-4.8,-2.5,-2.1,-4.4,-2.4,-3.7,-2.1,-7.8,-1.8,-4.0,-2.8,-3.0,-3.0,-3.7,-1.4,-3.2,-3.3,-4.6,-4.2,-5.5,-4.0,-6.0,-6.0,-5.3,-7.0,-5.1,-5.0,-4.6,-4.5,-6.4,-7.5,-5.2,-2.7,-5.1,-3.7,-3.9,-4.0,-8.9,-3.3,-2.1,-5.0,-4.2,-3.0,-3.3,-2.4,-3.4,-2.5,-3.5,-2.3,-3.1,-3.6,-1.8,-4.4,-2.7,-2.6,-2.7,-3.4,-2.4,-2.3,-3.8,-1.8,-3.2,-4.8,-3.4,-6.0,-3.9,-10.9,-9.5,-4.9,-3.7,-6.4,-6.1,-4.6,-6.0,-2.4,-0.9,-4.5,-3.4,-3.8,-3.4,-2.7,-2.9,-3.0,-1.7,-1.0,-0.2,-2.7,-5.4,-2.4,-3.4,-3.5,-4.1,-3.2,-4.2,-4.9,-6.2,-5.6,-4.4,-2.9,-9.5,-6.6,-0.3,-3.9,-9.1,-3.6,-4.7,-4.7,-6.4,-7.1,-3.8,-3.1,-2.0,-4.8,-5.8,-6.6,-7.1,-7.8,-4.7,-7.7,-8.3,-8.1,-8.2,-9.2,-7.1,-4.7,-11.7,-10.3,-8.9,-10.5,-12.6,-9.8,-6.2,-9.7,-12.1,-10.0,-9.5,-5.4,-8.0,-5.2,-9.7,-10.6,-7.4,-9.0,-3.3
2C7L514Igk,0,48.101688,11.626727,4442206.23,2777792.89,545.8,591.5,241,7314,3.6,0.77,0.43,32.64,348.96,-0.529,-0.103,0.842,-0.5,0.2,0.2,0.27,0.2,0.2,-0.3,-0.5,-1.8,-0.3,-0.6,-0.3,-2.6,-0.2,-0.6,-0.6,-4.6,-0.3,-0.6,1.6,0.2,3.4,2.8,2.2,1.2,-0.8,3.2,0.1,1.5,-0.7,1.6,4.5,3.4,0.7,-0.2,0.4,1.3,-10.2,-2.1,-0.6,-2.4,-0.8,-0.7,2.9,2.0,2.7,2.4,0.8,-1.8,2.3,2.9,2.3,-1.3,-2.2,0.2,-1.4,1.2,-1.7,-5.6,-2.5,-0.7,1.2,7.5,0.3,5.2,2.0,-1.7,2.4,14.4,2.7,-2.4,-0.9,0.3,0.7,0.5,-3.8,2.9,4.6,2.9,0.6,4.8,2.0,2.9,3.3,3.0,3.9,1.6,3.6,3.2,1.7,2.0,0.9,-1.7,-3.4,-1.5,-1.0,2.2,-3.9,0.3,-3.1,-1.2,-1.7,1.4,-0.7,-3.0,-1.2,-0.7,-0.5,-2.5,1.3,-0.2,-2.4,-1.4,-4.1,-1.3,-2.8,-0.5,-4.5,-0.2,-4.4,18.2,-8.0,-2.0,0.3,6.1,-9.4,-3.5,-1.0,-0.8,-3.4,-0.5,0.5,1.7,-6.0,-2.1,-4.2,-1.3,0.9,1.2,-4.3,-0.5,0.7,-2.4,-4.1,-3.6,7.5,5.3,2.2,1.7,-1.4,-4.0,-1.9,-1.4,-3.7,-2.5,0.8,3.9,-1.6,-0.9,-1.9,-6.0,-1.5,-8.0,-2.4,-3.5,-6.9,-4.8,0.8,-0.3,-1.2,-5.7,-1.5,-6.3,-1.4,-2.8,8.1,2.6,0.5,-5.2,1.3,-3.1,-1.6,6.0,-2.1,-3.3,-7.8,1.2,-3.6,-1.9,1.2,-0.7,-2.7,2.1,-2.3,-3.5,0.9,-5.1,-8.3,-1.5,7.4,2.3,4.0,-0.2,12.4,0.7,-0.4,0.8,-2.0,0.5,-0.9,0.8,-3.3,-7.7,-4.9,-6.1
2C7L514IhS,0,48.102019,11.629306,4442397.6,2777833.93,550.9,596.6,241,7358,3.3,0.76,0.45,32.65,348.96,-0.53,-0.103,0.842,-0.7,0.2,-0.37,0.25,1.6,0.2,-0.3,-1.4,-1.1,-1.3,-0.4,-2.1,1.2,-0.8,0.3,-0.1,-4.3,-0.3,2.8,-1.0,-1.3,-4.4,-1.4,4.6,5.3,3.5,9.5,0.4,5.6,2.2,6.2,9.1,6.4,2.7,5.6,1.8,2.9,-7.3,-1.6,1.8,1.6,0.7,3.5,3.2,2.3,3.3,1.8,3.0,4.3,5.5,3.4,4.1,-0.2,1.5,2.3,-0.7,1.7,-1.2,-0.9,-1.4,-2.4,-1.0,-1.1,0.6,-0.4,0.5,0.0,2.8,3.4,-5.7,-1.0,-0.3,0.9,-1.4,-4.5,-2.2,-0.4,4.9,-1.6,2.4,-0.6,-12.1,-2.6,-0.6,0.1,3.9,2.0,2.4,2.6,0.8,2.1,-0.3,1.7,3.0,2.5,6.4,4.0,5.0,0.9,1.1,4.6,1.2,0.6,-1.2,5.1,3.3,3.6,-0.8,-0.2,-5.6,2.5,1.2,1.6,2.4,-1.1,0.8,0.6,-0.6,1.7,0.8,0.3,2.2,0.1,1.4,-1.6,-0.4,-0.3,-3.3,-1.2,-1.5,4.5,6.1,-9.5,0.4,2.7,5.2,1.3,-0.6,2.3,-1.8,6.1,-5.3,-3.6,-0.7,1.5,2.4,0.1,11.9,-1.0,-3.1,-2.9,1.0,1.7,-4.5,0.7,-0.6,-2.4,-3.3,-0.3,-3.2,1.3,0.3,1.3,1.9,-0.6,2.5,3.2,9.7,-6.1,-1.3,-2.7,-7.6,3.2,1.7,-1.1,5.2,9.0,1.5,7.6,-7.4,2.1,-0.5,-0.9,-0.7,-1.3,-15.9,-1.6,-0.6,-0.8,-6.4,-7.5,-3.8,0.2,1.4,0.8,0.8,-4.6,-3.5,3.4,1.2,-2.2,0.9,-0.6,-0.2,-6.8,-2.1,-1.3,-5.8,-1.0,-2.2,-3.2,-6.1,-1.7,-4.1,-2.4
2C7L514IhT,0,48.10201,11.629236,4442392.39,2777832.83,544.7,590.4,241,7359,1.1,0.97,0.23,32.65,348.96,-0.53,-0.103,0.842,-0.3,0.1,-0.13,0.08,0.2,0.1,-0.3,-1.9,-0.3,-1.0,-2.4,-1.0,-0.1,0.5,-0.1,0.0,-0.8,0.2,1.7,0.8,1.1,0.8,-0.4,-0.1,-0.5,-1.0,0.1,-1.6,-1.5,-1.4,0.7,2.1,2.3,-0.9,1.4,-0.4,-0.5,-3.3,-3.5,-1.8,-2.5,-3.7,-0.3,0.4,0.4,0.5,-0.2,-0.6,0.6,0.7,0.3,-0.9,-1.6,-1.9,-0.9,-0.5,0.5,0.1,-0.0,-0.3,-0.4,0.1,-0.1,-0.3,-0.4,-0.2,-0.1,-0.1,-1.1,-0.0,0.2,1.2,0.0,-1.3,-3.1,-0.6,-1.0,-0.8,-1.5,-0.4,-0.4,-0.7,-0.2,-0.5,-1.0,0.1,-2.1,-0.8,-0.9,-1.8,-0.3,-1.5,-0.8,-0.9,-1.3,-1.1,-0.0,-1.7,-0.3,-2.1,1.6,-0.4,-3.5,-0.9,1.7,0.2,-0.9,-0.8,-0.7,0.3,-0.7,-1.6,-0.5,0.2,-0.5,0.2,-1.6,-0.9,-0.3,-0.1,-0.7,-0.2,-1.4,-1.7,-1.1,-0.1,-0.4,-3.6,-0.8,-1.1,-1.5,0.3,0.8,-1.0,-0.7,-1.2,-1.9,-0.7,-0.6,-1.6,0.2,-2.0,-3.2,-0.9,-2.4,0.9,1.3,0.5,-0.8,-2.8,-1.4,-1.0,0.4,-0.7,0.0,-0.3,-0.0,-1.0,-0.7,-1.1,-0.7,-0.4,-0.7,-1.3,-2.5,0.2,-1.9,-0.3,-0.3,0.1,-1.9,-0.1,1.2,-0.1,-1.2,0.3,0.2,-0.4,-1.8,-1.1,-1.8,-1.0,-1.5,-0.0,-1.1,0.6,-1.2,-1.4,-0.7,-1.5,-1.1,-2.9,-1.4,-3.6,-1.1,-0.7,-4.6,-4.1,0.2,0.6,-1.8,-0.8,-2.7,-1.7,-3.7,-2.2,-2.0,-1.5,-1.5,-0.9,-2.0,-0.9,-1.9,-2.4,-3.1
2C7L514IhU,0,48.102011,11.629236,4442392.43,2777832.84,541.9,587.6,241,7360,3.6,0.76,0.42,32.65,348.96,-0.53,-0.103,0.842,-0.1,0.2,-0.12,0.27,1.4,0.2,-0.3,-3.9,-2.4,-2.3,0.3,-1.8,3.9,-0.2,-2.5,-2.3,-4.7,-1.8,2.1,-1.0,-0.8,-0.4,-1.9,-1.0,-1.5,-0.7,0.0,-3.1,-5.4,-4.1,-1.1,6.4,2.1,-4.7,0.5,-2.3,-1.1,-1.2,-3.6,-4.8,-6.0,-3.8,3.6,-7.8,-1.3,-16.7,-10.4,-3.4,0.2,-2.0,-1.8,-0.7,-2.2,-3.8,-1.5,-2.1,-0.7,-1.2,0.3,-1.7,-1.5,0.1,-0.9,5.6,2.9,-0.4,0.0,7.5,4.2,-2.1,2.3,7.1,0.9,-2.8,-7.0,-1.0,-1.6,-0.2,-1.9,-1.2,-1.4,-5.4,-3.2,-1.0,1.5,-1.9,-5.6,-2.0,-2.3,-2.6,5.1,-1.9,1.9,-2.0,-6.8,-12.0,-7.5,-8.4,0.4,-4.0,-18.9,1.5,-13.5,-0.3,-1.6,-0.5,-2.1,-4.2,-1.8,-13.8,-4.2,-3.0,-0.7,-0.4,-0.3,-0.9,-3.4,-1.4,-2.3,-1.1,-2.2,-0.9,-1.7,-1.9,-1.1,-1.1,-0.8,-4.2,-1.6,-1.1,-2.5,0.1,0.8,-0.6,-1.1,-11.1,-1.3,-0.3,-1.4,0.3,-2.9,-3.5,-11.6,-1.8,-5.5,-4.7,0.4,6.3,-1.2,-4.4,-2.8,-0.7,0.5,-1.1,-0.2,-1.2,-1.2,1.5,1.8,-1.2,-1.3,0.1,-0.3,0.4,-3.1,-1.1,-6.3,-1.9,-0.2,1.0,-0.2,2.0,6.0,-1.8,-2.3,-2.3,-8.8,-17.5,-0.6,2.6,3.2,-0.2,-4.5,-0.2,-1.8,-7.5,-1.8,-0.8,-0.0,-0.7,-1.3,-5.2,-0.2,-2.3,-3.6,-1.5,-6.0,-5.8,-1.5,-1.7,-2.3,-7.6,-4.1,-1.9,-3.5,-0.0,-2.7,-1.6,1.0,-0.6,-2.3,-5.9,0.5,-3.5,-10.3
2C7L514IiL,0,48.102391,11.632201,4442612.35,2777880.02,539.1,584.7,241,7413,2.1,0.9,0.37,32.67,348.96,-0.53,-0.103,0.842,-0.4,0.1,-0.33,0.16,0.9,0.1,-0.3,1.1,-1.3,-1.8,-1.7,1.1,2.3,-0.4,1.0,0.2,-12.1,-0.5,5.8,0.3,2.5,1.0,1.5,1.4,2.3,0.5,0.5,0.0,-0.1,1.4,0.8,3.4,3.2,0.6,2.1,1.1,0.3,7.0,-2.4,-1.9,-0.4,-0.9,-1.7,3.1,2.7,3.2,2.9,0.6,1.2,0.2,1.4,1.7,0.0,-1.2,-1.2,-0.9,-0.1,1.3,0.1,-1.2,1.0,-0.7,-1.0,-0.4,-1.2,-0.4,-1.6,-3.7,-1.4,7.4,-1.3,-3.0,2.1,-0.3,-0.7,-2.6,-0.5,1.3,-0.7,-0.8,-2.0,0.4,-2.2,0.6,-0.3,-0.0,0.4,1.2,0.9,0.4,1.2,0.6,0.7,2.5,3.2,0.0,2.1,1.7,-0.9,-1.7,-1.2,1.3,-1.1,3.3,3.8,1.6,-1.9,-0.7,0.6,1.4,1.5,1.0,1.0,-0.0,1.1,0.2,0.4,-0.4,0.7,0.2,-2.1,-1.6,-2.2,1.0,-3.0,-0.1,1.8,-0.1,-4.2,-1.4,-0.5,-0.2,1.2,2.9,0.6,1.6,-2.4,1.5,0.5,1.8,1.8,0.5,-0.4,-0.2,-0.9,2.7,3.3,2.8,-1.2,-1.3,-0.1,0.9,0.2,4.2,0.3,0.7,-0.8,0.1,-2.3,0.5,-1.3,-0.7,0.3,-0.6,1.2,1.7,0.1,0.4,-1.6,1.2,-1.1,-1.5,1.5,1.8,-3.4,0.3,1.0,0.9,-3.6,-4.5,9.6,2.3,-6.1,1.2,-2.3,-7.1,-0.3,-1.4,0.5,-2.6,-0.0,-1.0,0.3,-0.5,-1.3,-0.0,-2.7,-0.9,-0.8,-0.3,1.5,2.0,1.4,-0.9,-0.9,-1.4,-2.8,-1.2,-1.1,-4.1,-0.4,-3.1,-3.2,-4.2,-7.0
2C7L514Ij8,0,48.102754,11.635026,4442821.91,2777924.97,540.5,586.2,241,7462,2.0,0.87,0.3,32.68,348.96,-0.53,-0.103,0.842,-0.2,0.1,-0.09,0.16,1.3,0.1,-0.3,0.1,1.2,-1.1,2.2,0.7,3.9,2.6,3.7,-1.4,2.7,1.0,-10.8,-4.2,-0.1,-1.6,-0.1,-1.2,-1.8,-2.7,-3.1,-3.4,-3.4,-3.4,2.6,-3.4,0.4,-4.4,3.7,-1.1,-0.7,1.9,-4.2,-5.1,-6.4,-10.3,-5.1,-1.7,-0.8,-2.1,-3.2,-4.5,-4.6,-6.9,-1.0,-4.3,-5.2,-5.6,-4.3,-3.9,-4.0,-5.1,-4.3,-4.3,-3.3,-3.1,-3.5,-2.1,-2.5,-3.7,-4.0,-3.2,-4.8,-2.3,-5.6,-3.6,-3.6,-4.3,-5.0,-5.9,-3.0,-4.7,-3.7,-0.9,-2.0,-2.1,-1.4,-1.5,-2.4,-3.6,-1.8,-4.4,-1.9,-2.9,-2.5,-2.8,-3.4,-2.0,-1.0,-3.8,-2.4,-4.1,-2.4,-3.9,-6.7,-3.5,-3.4,-2.9,0.1,-2.0,-2.8,-2.2,-2.4,-3.0,-1.6,-1.8,-3.0,-4.5,-2.2,-5.0,-3.8,-4.7,-2.3,-3.1,-2.2,-2.3,-1.0,-0.6,-2.3,0.4,-0.9,1.4,0.2,-1.3,-1.2,0.0,0.3,-0.0,-3.2,-4.6,-5.0,-2.4,-5.0,-2.8,-5.3,-4.7,-6.3,-2.1,-3.1,-0.6,-2.3,-2.7,0.2,-0.9,-1.0,1.0,-0.5,0.7,-0.5,0.4,-1.2,-0.5,-1.1,-1.2,-0.6,-3.0,0.3,-2.0,-1.7,-1.0,-2.6,-3.2,-5.0,-4.3,-6.7,-6.3,-3.3,-3.5,-5.7,-4.8,-4.7,-4.4,-5.0,-4.3,-0.3,-0.3,-1.2,-1.4,-0.3,0.5,-0.7,-2.4,-0.1,-1.0,1.1,-2.7,-2.2,-4.3,-5.2,-3.7,-5.0,-7.2,-3.9,-5.4,-5.6,-4.3,-5.3,-7.4,-4.7,-4.3,-5.9,-5.0,-3.7,-6.7,-4.4,-0.8,-2.9,-1.5,0.3
2C7L514Ij9,0,48.102761,11.635079,4442825.88,2777925.82,540.3,586.0,241,7463,3.8,0.72,0.43,32.68,348.96,-0.53,-0.103,0.842,0.3,0.2,-0.28,0.29,1.8,0.2,-0.3,-8.4,1.0,2.5,2.6,-0.3,10.4,0.1,-0.1,-0.3,-2.1,-1.0,19.4,0.4,2.3,1.1,-0.6,-4.0,-6.0,-3.8,-6.3,-7.2,-4.0,-4.9,2.4,-2.0,1.8,-4.6,-6.6,-3.4,-9.2,-1.6,-6.2,-9.7,-6.1,-9.5,-6.3,-1.5,-0.9,9.0,-4.6,-7.1,-7.9,-6.3,-1.7,-3.9,-4.2,-3.3,-2.8,-6.5,-6.0,-6.7,-7.6,-5.4,-6.9,-6.6,-5.4,-4.3,-4.1,-5.8,-6.5,-4.9,-5.8,-3.4,-7.3,2.0,-7.3,-5.2,-6.0,-5.9,-2.8,-5.7,-1.4,-1.2,-2.7,0.4,-2.8,-1.8,-3.7,-4.1,-1.4,-3.0,0.9,0.2,10.0,-2.8,-3.5,6.3,-2.3,-5.0,-1.9,-1.9,-5.1,-7.0,-6.8,-1.3,-4.6,-4.4,-2.5,-0.6,-3.2,-3.2,-4.4,-5.0,-1.3,-3.1,-3.6,-3.8,-3.3,-4.3,-5.2,-5.4,-2.3,-4.1,0.2,-2.2,0.7,-3.4,-1.6,-0.7,-2.9,0.6,0.5,3.0,-1.2,-1.7,3.0,1.8,-5.4,-2.3,-5.9,1.6,-5.4,-3.5,-3.2,-5.2,-11.3,-2.0,-1.6,5.1,-3.4,1.4,3.1,-0.6,-0.2,3.1,2.2,1.2,1.1,0.9,-0.3,0.7,-0.0,1.1,1.2,-5.3,4.3,-0.2,-1.7,0.5,-0.7,-2.6,-2.3,-3.0,-8.8,-5.3,-2.7,-3.3,-4.9,-3.2,-3.7,-4.5,-4.1,-0.2,0.8,2.2,2.4,0.4,-1.1,2.1,-0.5,-0.4,-3.9,15.6,7.3,-0.3,-0.6,-1.3,-7.1,-4.5,-5.9,-8.0,-9.5,-6.6,-2.6,-1.8,1.7,-9.6,1.6,-8.2,-6.5,-8.2,-5.9,-5.8,-6.3,1.4,-1.2,-0.8,2.0
2C7L514IfI,0,48.101046,11.621585,4441824.7,2777713.13,545.7,591.4,241,7224,3.9,0.68,0.54,32.59,348.92,-0.529,-0.104,0.843,-0.5,0.2,0.35,0.3,1.4,0.3,-0.3,-14.1,-8.7,-4.7,7.7,7.1,9.2,-7.0,-11.4,-0.5,11.5,11.4,-7.9,-1.3,8.9,-0.3,0.4,-0.8,-3.2,3.6,9.3,-3.9,10.9,-2.2,-0.7,-0.4,0.2,0.8,5.0,1.5,1.6,-7.8,-5.2,-5.5,-6.6,-2.9,-4.7,0.2,-2.6,1.2,3.3,2.1,-1.8,-0.7,-0.3,-5.6,-1.1,1.1,-1.8,-2.7,2.9,1.2,-0.5,-0.4,-2.1,-3.3,-2.1,0.3,-2.2,-2.8,-3.1,-4.3,-4.5,-4.8,-3.0,-6.3,0.8,-2.5,-4.4,-1.8,-1.8,-0.5,-1.1,2.3,-2.2,-2.4,-1.3,-4.0,1.5,-3.7,1.3,-4.7,2.1,-4.9,-1.5,-3.2,4.4,2.4,-9.7,-5.8,-2.0,-2.9,-3.7,-7.2,-7.8,-2.0,-1.7,-4.9,-3.4,4.6,-2.2,-2.3,2.8,-4.4,-5.3,-6.1,-7.1,-3.9,-5.2,-5.9,-6.4,-6.1,-4.7,-6.0,-3.3,-4.7,-5.9,-17.6,-7.5,-8.0,-7.2,-3.1,-7.3,-8.1,-1.9,-1.1,0.6,2.6,-3.8,-0.1,-0.5,-6.3,0.7,3.9,2.5,5.7,2.1,2.5,-2.5,-1.7,-0.0,-10.4,-1.6,-1.5,0.2,-3.3,-4.3,-3.6,0.9,-0.7,-2.8,-10.3,-2.3,-2.8,-2.8,-2.1,-1.2,1.1,-0.5,-0.5,-2.0,-2.7,-0.8,2.6,-1.2,-0.5,1.1,-2.9,-8.6,-0.1,-4.1,-3.6,-8.7,2.9,-2.7,-0.0,-3.4,-1.5,-1.6,-8.4,-2.0,-1.2,-4.0,-2.8,-0.2,-1.2,-1.5,-3.0,1.5,-0.3,-14.3,-1.3,-0.2,-0.9,-5.2,-1.8,-3.6,-5.1,-4.0,-5.9,-5.6,-4.5,-4.6,-6.1,-5.9,-4.9,-2.4,-5.5,-7.8
2C7L514IfX,0,48.101163,11.622499,4441892.52,2777727.67,549.8,595.5,241,7239,3.3,0.77,0.42,32.59,348.92,-0.529,-0.104,0.842,0.3,0.2,0.73,0.26,0.4,0.2,-0.3,0.1,-4.7,-2.7,-3.1,-2.5,-1.1,-5.2,-1.0,0.5,-3.2,-0.2,0.1,-1.0,1.6,0.7,1.1,-3.2,3.4,-2.4,3.3,4.2,-1.6,-8.3,5.4,-3.5,2.2,-0.6,2.4,-0.1,-3.4,11.3,-10.4,-7.3,-5.3,-7.4,-4.4,-4.0,-4.0,-1.6,-3.6,-2.8,-5.8,-4.5,-3.9,-5.4,-3.2,-6.4,-0.4,-4.1,-3.7,-2.4,-2.1,-2.0,-1.5,-1.5,-0.4,-3.1,-5.2,-3.7,-2.3,-6.9,-5.5,-3.9,-2.9,-11.3,-2.9,-2.8,-3.7,-1.7,-7.0,-3.7,-4.2,-0.8,-6.5,-6.4,-6.1,-7.2,-6.3,-6.1,-5.8,-5.4,-6.2,-4.7,-2.7,-8.6,-6.4,-7.0,-5.8,0.5,-1.8,-3.7,-6.9,-7.5,-3.6,-4.9,-4.7,-2.9,-6.0,-4.1,-4.6,-5.2,-9.1,-9.3,-6.2,-4.7,-6.0,-1.1,0.4,-1.4,1.9,-1.3,0.5,4.9,2.5,5.4,16.0,-10.3,-6.1,-3.3,1.5,-7.9,-0.8,-3.9,-2.9,-1.6,-5.4,-7.0,-2.4,-1.3,-2.1,-6.5,-4.3,1.2,-2.2,-3.3,-3.9,-1.7,-9.8,5.2,0.9,-3.8,-3.6,-4.9,-3.3,-6.3,-5.4,-8.9,-4.5,-2.9,-3.9,-2.8,-4.8,-4.3,-5.7,-3.4,-5.1,-0.6,-2.0,-1.2,-1.5,-3.7,2.7,-1.1,-0.9,2.8,1.0,3.1,-5.4,0.4,-2.4,1.2,5.4,-2.7,0.8,0.7,-0.4,-1.3,-0.4,-6.4,-0.4,-0.5,-0.4,-1.2,-2.7,-1.1,-0.9,0.0,-0.1,-1.2,-2.1,-0.3,-2.1,2.1,-2.7,-1.4,1.3,-1.8,0.7,-2.2,-2.5,0.6,-2.6,-2.4,-4.1,-4.0,-3.6,-3.2,-2.9
2C7L514Ifc,0,48.101164,11.622505,4441892.98,2777727.79,536.6,582.3,241,7244,1.6,0.94,0.26,32.6,348.92,-0.529,-0.104,0.842,-0.9,0.1,0.11,0.12,0.2,0.1,-0.3,0.5,0.4,-1.7,-1.2,-0.2,-2.6,-1.2,-0.4,-0.2,-1.8,0.3,-2.0,1.4,-0.9,0.5,0.9,0.1,0.7,1.0,2.2,-0.0,-2.0,-1.3,1.0,-2.0,0.7,0.1,-0.5,-4.5,-2.9,9.7,-4.4,-5.1,-4.6,-3.7,-2.7,-1.7,-0.4,-0.2,1.4,-2.0,1.4,0.1,-1.1,-1.7,-0.2,-1.7,-1.2,-2.3,-0.6,-0.7,-1.7,-2.4,-2.0,-1.7,0.3,-3.8,-3.4,-2.7,-4.3,-1.8,-1.5,2.9,1.5,-3.4,-1.2,-2.2,-2.3,-1.8,-1.0,-2.3,-0.8,-3.3,-3.5,-0.8,-1.1,-1.0,-1.2,0.3,-1.8,-2.5,-1.7,-1.0,-1.6,-2.1,-2.7,-3.7,-3.8,-0.7,-4.1,-2.2,-4.6,-4.0,-4.0,-5.3,-4.0,-1.5,-3.3,-4.2,-2.8,-2.3,-4.5,-2.2,-2.2,-2.5,-3.0,-2.8,-3.1,-2.6,-2.6,-1.2,-1.1,-1.2,-4.0,-2.7,-2.9,-5.0,-3.6,-4.3,-4.2,-2.4,-2.7,-3.6,-3.4,-2.3,-1.9,-4.5,-2.6,-2.1,-1.9,-2.2,-4.3,-2.6,-0.7,-3.5,-2.7,-2.1,-3.1,-0.8,-1.0,-1.9,-3.4,-3.0,-3.2,-4.0,-2.7,-2.2,-2.9,-2.3,-0.1,-1.9,-6.0,-3.1,-2.7,-3.2,-4.1,-3.5,-3.4,-2.6,-4.7,-5.3,-4.2,-2.6,-5.0,-6.1,-1.5,-2.5,-10.1,-3.1,-3.2,-2.8,-5.7,-7.7,-5.4,-5.4,-2.0,-4.1,-4.4,-3.1,-2.8,-3.5,-4.2,-5.1,-4.4,-3.5,-4.7,-4.2,-2.6,-3.8,-5.1,-5.1,-4.8,-5.8,-8.1,-3.6,-4.1,-4.0,-4.0,-5.3,-6.0,-5.6,-4.8,-5.5,-5.6,-7.3,-4.9,-4.8,-4.4
2C7L514Ifz,0,48.101343,11.623895,4441996.09,2777749.9,539.2,584.9,241,7267,4.3,0.68,0.52,32.63,348.96,-0.529,-0.103,0.842,0.1,0.2,-0.26,0.33,1.1,0.3,-0.3,0.3,-0.8,-2.3,0.2,-0.8,-0.6,-0.5,-0.4,-0.9,-3.4,-0.0,0.6,-0.4,-0.0,-1.2,-0.9,-1.9,-4.4,-1.4,-2.8,-3.1,-2.4,-1.5,-3.6,-0.2,-2.1,1.8,-0.3,0.5,-2.2,-11.8,-4.8,-3.7,-3.6,-3.2,-4.3,2.7,-1.6,-1.3,-0.7,-1.2,-3.7,-0.6,-2.3,-3.9,-2.7,-1.8,-1.2,-0.8,0.4,1.3,-1.0,-0.3,-0.8,-1.8,-1.4,0.8,-0.3,1.3,0.0,0.5,-1.5,-2.9,-1.3,-4.0,-0.4,-0.0,-0.6,-2.8,-0.0,0.9,-1.1,-0.1,-2.9,-3.4,-5.2,-1.3,-3.6,-2.2,-2.7,-3.8,-2.7,-2.1,0.1,-2.9,-6.6,-5.4,-6.4,-7.6,-4.2,-5.6,-4.4,6.1,-3.0,-4.0,-1.0,0.3,-4.8,0.6,6.0,-14.8,9.5,-2.8,2.1,-9.6,-0.5,-0.9,-4.1,-3.1,1.8,0.3,10.8,7.1,11.3,9.9,0.4,-3.0,2.3,1.1,-1.0,-0.6,-0.3,1.0,-0.4,-2.4,-4.2,-2.1,-2.2,-2.0,-3.9,1.7,-2.1,0.1,2.7,0.6,-2.3,-3.2,-1.0,0.2,-3.7,13.8,7.3,-13.9,-6.2,2.0,-2.4,-5.0,0.6,-2.3,-1.7,-4.3,-3.1,-2.3,-2.0,-3.9,0.3,-1.8,-6.1,-4.4,-14.5,4.4,9.1,-16.1,0.9,0.1,6.8,3.4,-1.9,5.3,12.2,-11.3,-2.2,-2.9,3.2,4.6,-12.5,7.3,10.7,-7.6,4.2,-6.2,4.4,0.8,3.6,1.9,-3.2,3.8,10.2,-5.4,-3.8,-4.3,-1.1,5.2,-2.1,2.2,-1.5,1.1,0.8,-6.5,-6.8,-2.3,-4.4,-4.7,-2.7,-2.2,-1.5,-2.9,-3.9
2C7L514Ig0,0,48.101363,11.624049,4442007.57,2777752.36,543.9,589.6,241,7268,4.2,0.68,0.5,32.63,348.96,-0.529,-0.103,0.842,-2.4,0.2,-0.57,0.32,0.7,0.3,-0.3,-1.3,-1.2,0.1,-0.6,-0.2,-1.6,2.2,0.8,2.8,0.1,1.6,1.3,1.9,-1.9,-1.7,2.3,1.6,1.7,1.6,1.7,1.9,2.5,-0.7,-0.6,1.3,5.0,3.9,0.7,1.3,2.0,-14.0,-5.0,-1.7,-2.9,-5.0,-1.1,0.6,-5.5,-1.4,-3.1,1.6,0.8,2.1,-2.0,3.9,1.8,-1.7,0.8,-0.2,0.7,2.0,-2.2,0.7,0.6,0.5,-0.4,0.5,-0.3,1.7,0.3,0.6,0.2,-3.8,-2.3,-3.8,-0.5,0.1,-0.2,-2.0,2.3,0.8,1.0,-1.3,-0.9,-3.8,-0.9,3.6,2.1,1.7,-3.0,-1.4,-0.4,-1.0,1.2,-3.5,-3.5,-4.4,-6.2,2.1,-5.3,-6.4,-2.2,2.8,-3.6,-7.6,-4.4,2.8,-5.3,-3.3,2.3,9.6,-0.7,-3.0,0.0,-7.3,1.6,-3.4,-0.2,-6.9,-1.4,-3.7,8.1,6.3,7.3,6.9,-0.4,-1.5,-1.8,-1.4,0.1,-2.5,-2.3,0.8,-2.7,-2.6,-2.5,-4.3,-4.1,-5.0,-7.5,-4.9,-3.9,1.8,2.8,-5.1,-8.7,-4.8,-5.5,-2.9,-3.2,-9.0,-2.6,-4.0,-6.1,-3.6,-6.1,-7.6,-3.2,-3.4,-6.0,-2.8,-3.5,-6.0,-5.2,-7.4,-1.6,-20.8,5.6,0.5,-2.5,-4.6,-12.1,-4.3,-11.2,-22.1,-19.5,3.7,4.6,-12.4,-7.7,-11.0,-12.7,2.9,0.4,-8.9,-11.2,-15.3,-15.2,-12.1,-13.3,-10.8,-17.0,-13.0,-11.1,-9.6,-4.0,-9.6,-8.0,-19.9,-10.8,-10.6,-6.9,-2.5,-13.6,-4.4,-21.6,-2.8,-0.5,-8.3,-10.3,-10.5,-12.8,-8.7,-10.6,-4.7,-6.7,-6.7,-9.7
2C7L514Igc,0,48.101629,11.62612,4442161.2,2777785.32,539.9,585.6,241,7306,1.9,0.91,0.32,32.64,348.96,-0.529,-0.103,0.842,-1.5,0.1,0.02,0.15,0.5,0.1,-0.3,-2.3,0.3,-0.3,-1.4,-1.4,-3.9,-0.4,0.1,0.9,-1.5,1.7,-3.0,1.5,-0.4,-0.5,0.3,-1.2,1.0,-1.2,2.1,-0.9,3.7,2.1,2.8,2.2,1.8,3.7,4.6,2.5,0.1,-1.4,-2.3,-4.3,-3.6,-2.1,-2.1,-2.7,-0.6,3.4,-2.9,-0.1,0.9,0.4,0.5,1.3,1.0,2.4,-0.5,-2.3,-3.3,-0.1,-1.9,-2.3,-1.2,-1.6,-1.3,-1.3,-0.5,-1.4,-0.9,-1.3,-0.8,1.0,-0.1,-0.7,-3.9,-1.9,-2.5,-0.2,0.1,-0.6,0.1,-0.9,0.8,-0.3,-0.4,1.0,-0.9,-0.4,-1.8,-0.2,-1.8,-2.9,-2.7,-2.4,-3.1,-4.3,-5.0,-2.3,-3.4,-3.3,-5.0,-3.9,-0.2,-2.8,-0.6,-2.2,-1.8,-2.8,-1.5,-2.7,-2.8,-2.9,-2.1,-2.8,-1.6,-4.4,-3.1,-3.3,-4.4,-2.0,-2.3,-3.6,-3.0,-3.0,-4.9,-3.8,-3.6,-6.1,-4.1,-3.5,-3.5,-5.0,-2.3,-0.3,0.0,-2.6,-1.7,-4.1,-4.4,-5.0,-0.7,-3.1,-1.8,-2.2,-4.3,-2.5,-4.9,-0.2,-0.2,-6.5,-4.9,-3.5,-4.1,-3.9,-5.1,-5.1,-5.3,-4.6,-6.4,-5.6,-6.3,-2.3,-2.8,-2.4,-4.4,-4.2,-4.1,-3.2,-5.7,-4.8,-5.7,-3.1,-8.4,-9.4,-2.8,-6.4,-3.0,0.7,1.2,-7.2,-6.9,-8.1,-10.5,-7.9,-7.4,-6.0,-6.2,3.5,-5.6,-5.9,-5.6,-5.2,-5.5,-4.0,-2.4,-6.6,-6.1,-3.6,-8.6,-4.8,-6.1,-6.2,-7.9,-7.2,-4.9,-7.1,-7.1,-9.0,-6.6,-8.5,-9.2,-5.0,-4.8,-7.7,-7.7,-9.8,-7.4
2C7L514Igg,0,48.101674,11.626471,4442187.22,2777790.89,545.0,590.7,241,7310,3.9,0.74,0.42,32.64,348.96,-0.529,-0.103,0.842,0.3,0.2,0.15,0.3,0.9,0.3,-0.3,-1.3,5.9,1.4,-17.1,0.8,-0.1,-1.5,-2.0,1.2,-3.7,2.0,-1.2,5.8,3.9,3.5,-2.9,-16.3,-3.6,-5.7,-2.6,-4.6,-1.0,-0.0,-2.9,-4.5,-10.3,1.2,-2.7,-4.0,3.3,-2.4,0.8,-4.0,-4.5,-2.3,0.7,5.0,8.0,7.9,0.3,2.4,-1.8,6.9,0.3,6.5,2.6,-1.4,2.8,2.5,-2.5,1.9,0.6,0.2,0.7,2.0,0.8,-0.1,2.0,-1.8,-2.2,2.4,0.8,5.2,-2.8,-3.8,-1.6,-2.9,-4.4,-3.3,-1.8,1.2,1.8,-3.6,-4.8,2.0,-2.8,-6.5,-0.0,-3.5,-0.7,0.9,0.4,0.5,2.2,2.0,0.5,-0.7,-0.4,1.6,0.7,1.4,-0.4,-2.0,2.3,2.2,2.7,0.4,-0.1,-0.7,7.2,-3.6,0.2,-6.5,3.4,1.1,-1.2,2.0,0.6,0.9,-0.3,0.2,0.3,4.2,2.7,1.8,-3.3,-13.0,-9.2,-9.1,-2.3,-9.2,-4.5,-3.9,-0.8,-0.4,-2.1,-3.1,-1.2,-2.7,-2.7,-2.3,-3.0,3.3,-2.6,-2.0,-2.0,-2.2,-16.2,-2.1,5.6,-15.5,3.7,0.9,1.6,4.9,5.7,0.1,0.9,3.5,2.5,5.9,2.2,1.0,0.8,-0.3,4.4,2.7,-0.3,2.9,-3.1,0.2,-3.5,3.1,-1.8,0.5,2.8,0.0,-0.2,1.1,2.9,1.3,-0.7,5.7,0.4,2.2,5.4,2.9,1.5,-3.4,2.6,1.5,3.0,4.6,2.9,2.1,4.2,2.7,2.8,-4.0,-3.2,2.5,5.8,-1.5,-1.4,-0.7,-1.5,-6.6,-3.9,0.2,-1.3,3.2,0.0,1.7,2.5,2.7,1.5,-0.3,-1.6
2C7L514Ign,0,48.101699,11.626664,4442201.51,2777793.98,535.9,581.6,241,7317,4.6,0.61,0.58,32.64,348.96,-0.529,-0.103,0.842,-0.7,0.2,-0.23,0.35,0.9,0.3,-0.3,-1.6,-1.7,0.6,0.3,-1.6,-3.2,-0.5,-1.0,3.1,-2.2,-0.3,-2.9,0.3,4.5,1.1,0.8,0.6,-2.4,-1.9,0.5,0.7,0.6,0.5,-1.1,4.1,-1.3,-1.0,4.0,-2.8,-0.2,-3.0,-0.4,-4.2,-3.5,1.2,1.4,-0.1,-8.8,1.1,1.8,3.1,1.2,1.2,2.7,-3.0,-4.4,-2.3,11.9,1.6,-6.6,-11.5,-3.2,-0.6,3.1,1.4,3.9,1.7,6.6,3.4,0.4,3.5,-0.1,-1.1,-0.9,0.4,-0.1,0.9,-5.3,1.3,-9.9,-5.2,-3.9,-1.8,-2.5,0.9,0.9,0.6,0.7,4.3,2.2,5.4,0.3,6.9,0.6,4.6,2.8,4.5,5.8,1.7,-11.5,2.9,-1.6,6.9,-10.7,-17.1,5.2,-15.8,5.9,1.2,0.8,-3.9,2.0,-5.4,6.1,0.5,6.5,-10.6,2.7,5.8,4.8,5.6,4.8,2.1,2.7,3.2,7.2,-10.0,6.4,-14.8,8.3,-3.1,6.2,6.9,-12.7,-3.5,-2.2,-12.0,-1.3,-8.8,8.5,-0.8,1.8,1.2,-1.6,0.7,-4.6,-2.3,-6.8,-1.0,2.6,-2.0,-5.6,-7.9,-2.6,-5.7,-5.5,-3.8,-4.0,0.2,2.2,-3.2,-6.7,-1.8,4.6,-3.5,-7.1,-2.6,0.2,-0.1,-3.9,-6.3,-4.0,-5.5,-5.2,-3.2,1.7,-2.0,-4.6,-0.1,-3.0,1.3,-2.0,-6.5,3.0,-0.5,1.9,2.7,3.3,-3.9,3.2,2.8,0.3,-1.5,-1.4,-0.0,-0.5,-7.7,-4.2,-4.5,-7.6,-4.6,-9.6,-10.3,-6.1,-5.0,-4.4,-6.1,-4.2,-4.9,-4.9,-8.3,2.8,-0.6,-7.6,0.6,0.8,4.5,-0.1
2C7L514IhX,0,48.102037,11.629298,4442396.96,2777835.9,535.4,581.1,241,7363,1.5,0.94,0.26,32.66,348.96,-0.53,-0.103,0.842,-1.1,0.1,0.37,0.11,0.3,0.1,-0.3,-1.4,0.2,0.7,1.5,-0.8,-4.5,1.0,-0.8,0.6,-0.3,1.5,-2.7,0.7,-0.1,-1.2,1.2,1.3,0.2,0.2,-1.5,-0.5,0.6,1.2,1.2,0.9,-0.9,-0.0,-1.9,-0.2,-1.7,-5.9,-4.4,-2.1,-2.4,-3.9,-1.8,-0.0,-1.9,-0.6,-1.0,-0.4,-2.6,0.2,-0.6,0.0,-1.8,-4.7,-2.7,-1.8,-1.4,-1.9,-1.0,-1.4,-1.2,-1.7,0.6,-2.7,-2.2,-2.6,-3.5,-1.0,0.1,1.2,2.0,1.1,-4.1,-4.1,-0.0,-2.8,-1.7,-3.9,-2.6,-4.4,-1.8,-2.5,-1.5,-1.0,-0.7,-1.1,-2.0,-1.2,-1.9,-1.2,-1.7,-3.0,-2.4,-2.4,-3.3,-2.1,-3.2,-1.7,-4.1,-4.4,-1.8,-2.4,-3.8,-2.3,-2.8,-2.8,-3.1,-4.2,-1.4,-3.1,-2.2,-2.6,-3.0,-3.3,-2.5,-2.3,-2.5,-3.9,-1.9,-4.3,-3.3,-3.7,-5.9,-5.3,-7.2,-6.7,-4.8,-3.8,-5.6,-5.5,-3.9,-4.8,-3.6,-3.7,-2.2,-3.7,-5.2,-5.6,-3.4,-3.8,-1.4,-3.5,-5.1,-3.0,-3.9,-1.2,-2.0,-5.7,-5.6,-5.2,-5.4,-5.4,-5.2,0.9,-5.5,-5.4,-4.9,-4.1,-4.3,-4.8,-4.7,-3.5,-3.0,-4.2,-4.4,-1.6,-2.0,-3.6,-4.0,-3.8,-5.2,-5.4,-0.8,-3.9,-7.8,-2.4,-3.2,-4.2,-6.8,-6.1,-6.6,-5.4,-4.9,-6.7,-4.8,-1.3,-4.0,-4.7,-4.9,-3.7,-4.9,-5.0,-3.7,-5.4,-3.9,-3.3,-5.1,-6.5,-4.8,-5.1,-8.3,-6.7,-5.1,-5.5,-6.1,-6.0,-5.2,-5.2,-4.2,-5.0,-6.9,-5.4,-7.8,-5.8,-4.7
2C7L514IhY,0,48.102034,11.629276,4442395.33,2777835.56,531.5,577.2,241,7364,1.4,0.95,0.24,32.66,348.96,-0.53,-0.103,0.842,-0.6,0.1,0.05,0.1,0.3,0.1,-0.3,-1.4,-0.2,-0.3,0.1,-1.0,-1.6,-0.7,0.3,-0.1,1.2,0.4,0.0,0.0,-0.7,-0.3,0.2,1.9,-0.5,1.0,-1.1,0.4,-0.1,0.8,1.3,2.4,1.8,1.1,0.1,0.1,-1.7,-2.9,-4.6,-1.5,-2.4,-2.7,-0.5,1.8,-0.2,1.2,-0.7,0.5,-0.6,0.0,-1.2,0.3,-0.7,-1.8,-2.5,-1.7,-1.0,-1.3,-1.1,-1.7,-1.5,-0.7,-0.2,-0.3,-1.9,-0.3,-1.7,-0.9,-0.2,1.8,-1.0,0.8,-0.9,-2.8,0.4,-2.5,-1.4,-1.4,-1.4,-2.3,-1.0,-0.7,-0.7,-0.2,0.5,0.2,-1.8,-1.4,-1.1,-1.6,-0.7,-2.4,-1.4,-2.8,-0.5,-0.9,-1.0,-2.4,-1.3,-4.2,-0.4,-1.6,-2.8,-1.4,-0.9,-1.9,-1.1,-3.3,0.0,-1.5,0.2,-1.8,-1.0,0.5,-1.6,-1.5,-1.4,-1.9,-1.2,-2.3,-1.7,-2.1,-2.8,-1.2,-3.5,-2.4,-1.7,-3.3,-2.8,-2.0,-1.3,-0.0,-0.9,-1.2,-0.9,-1.8,-3.7,-4.4,-3.0,1.5,-0.5,-1.3,-2.7,-2.4,-3.0,0.3,0.3,-2.5,-3.5,-3.5,-3.9,-2.7,-3.5,1.0,-2.6,-2.2,-3.2,-1.0,-2.2,-3.8,-2.1,-2.3,-3.1,-0.3,-3.2,2.0,1.1,-0.4,-1.4,-3.8,-2.3,-3.3,0.0,-0.6,-5.0,-1.2,-0.8,-2.2,-4.3,-5.9,-4.3,-3.8,-2.9,2.0,-3.0,-0.8,-2.6,-2.6,-2.7,-3.4,-3.0,-2.1,-3.1,-2.7,-2.3,-3.0,-4.0,-5.3,-1.2,-3.3,-5.8,-4.4,-3.8,-4.9,-4.8,-4.8,-5.5,-4.4,-4.6,-3.4,-2.3,-0.3,-1.4,-0.5,-3.9
2C7L514Iha,0,48.102078,11.629614,4442420.38,2777840.91,543.9,589.6,241,7366,1.7,0.92,0.3,32.66,348.96,-0.53,-0.103,0.842,-0.5,0.1,-0.84,0.13,0.4,0.1,-0.3,0.8,3.0,-0.5,1.3,-0.7,3.9,-1.3,1.9,0.3,-1.0,2.0,0.6,2.6,1.1,1.4,0.6,1.8,0.4,0.0,1.8,1.6,2.5,0.9,-0.2,-0.1,1.5,1.5,-0.8,4.0,1.9,-7.4,-3.4,-2.3,-1.1,-2.2,1.3,1.3,2.5,2.8,3.4,0.9,0.4,2.3,1.5,1.6,1.8,-1.8,0.2,2.0,1.6,1.8,2.6,1.2,1.7,1.2,2.0,1.5,1.9,1.1,1.3,1.9,2.2,-0.6,-0.3,-1.3,1.2,1.1,-0.1,1.6,1.3,-0.2,0.7,1.8,3.0,3.3,2.7,1.7,0.5,2.6,2.6,2.6,4.2,3.5,2.7,3.9,1.9,1.7,3.3,0.7,2.6,2.2,1.0,1.1,2.9,3.3,2.1,1.5,4.2,4.1,2.1,1.1,3.2,3.7,2.2,1.7,1.6,2.6,0.9,2.4,0.8,2.1,2.0,2.1,0.9,1.6,1.7,0.3,2.2,3.6,2.1,-1.2,1.1,3.9,3.1,4.2,2.7,4.0,4.6,1.8,-1.2,1.4,3.4,3.9,1.0,0.7,0.1,0.6,-0.1,1.3,2.4,-0.8,-0.9,0.0,0.5,-1.5,-0.2,-2.3,0.9,1.4,1.0,2.4,1.7,3.9,3.8,2.6,0.1,0.3,0.7,3.9,1.1,-1.5,-1.1,1.4,-1.7,-1.4,2.7,-0.7,-0.4,-0.4,0.4,0.8,-1.2,-3.0,1.1,1.5,2.4,1.1,1.9,-9.0,0.5,1.5,0.1,0.4,-1.2,-0.0,-2.3,-2.4,2.7,1.7,-4.5,-2.9,-0.4,-1.6,-4.2,-1.2,-1.5,0.9,0.8,-1.0,-3.4,-1.2,-2.9,-2.7,-1.9,-0.7,-3.2,-0.6,0.3
2C7L514IjC,0,48.102779,11.635073,4442825.41,2777927.81,531.7,577.4,241,7466,3.9,0.68,0.42,32.68,348.96,-0.53,-0.103,0.842,-0.2,0.2,-0.01,0.3,1.2,0.3,-0.3,-1.4,1.9,-0.2,-1.1,-1.3,1.6,1.4,-7.3,-0.5,3.7,3.5,4.6,-1.9,0.4,-0.6,-1.9,-9.7,0.2,-0.6,-8.8,0.2,-2.5,-0.8,0.5,0.9,3.1,1.6,7.1,5.7,9.8,7.1,1.1,1.8,-6.4,-5.9,3.8,-0.5,2.6,-1.2,5.0,2.4,2.9,7.3,-0.8,-0.8,1.5,1.4,-1.8,0.8,-0.0,-5.0,-2.2,-2.9,0.3,4.7,-4.5,-0.8,0.6,0.6,-2.7,1.8,-0.8,7.3,-4.9,-2.3,-2.8,-6.3,-2.8,-2.0,-4.9,2.8,0.1,0.7,1.5,-1.0,2.9,4.2,-1.3,-0.1,-0.1,-0.7,-2.3,0.0,-1.7,1.3,0.5,6.8,-3.4,-1.1,5.5,-1.2,2.7,-7.2,-1.0,0.5,0.1,-0.5,2.6,-0.3,-0.9,-5.7,1.8,-3.1,2.0,0.2,2.8,-1.4,2.2,0.9,-0.9,-0.2,1.8,0.0,1.2,-0.2,4.3,1.4,5.0,0.1,1.0,4.3,4.2,3.1,1.1,4.7,3.7,0.1,-0.1,9.2,-3.1,3.4,-6.7,-8.3,4.0,-0.4,-0.0,-4.0,2.5,2.2,1.9,-1.6,-3.1,-3.7,-1.4,-2.3,-2.7,2.0,-0.2,0.6,8.1,-1.6,-1.8,2.1,0.8,1.3,-2.5,0.5,-9.0,2.8,-3.2,-6.0,-10.5,-1.9,-10.6,-1.6,-12.2,8.7,-6.3,-8.0,0.2,-3.1,-2.5,-3.1,-2.4,1.9,0.4,-1.6,4.1,1.5,4.4,8.7,4.4,2.1,3.5,2.0,0.8,-0.7,2.8,0.4,-3.1,-3.3,1.9,-6.3,-13.6,-5.4,-2.4,-0.7,-2.8,-1.4,-12.2,-8.0,0.5,5.6,5.8,4.6,6.6,0.5,7.5
2C7L514IfP,0,48.101104,11.621889,4441847.26,2777720.04,542.0,587.7,241,7231,3.7,0.71,0.46,32.59,348.92,-0.529,-0.104,0.843,-1.3,0.2,0.21,0.29,0.8,0.2,-0.3,1.9,-1.0,-6.0,-7.4,-5.2,-2.3,-0.9,5.7,-2.6,8.5,-2.1,-2.3,-4.0,-3.1,-3.2,-2.0,-3.8,-10.1,2.1,1.1,-2.8,-5.2,-2.3,-0.4,-3.0,0.4,3.4,0.7,-1.8,-5.0,-12.8,-5.5,-5.4,-7.6,-3.5,-4.5,-5.5,-4.0,-2.7,-2.3,-2.4,-2.7,-7.7,-6.7,-3.3,-6.8,-5.2,-1.2,-5.0,-1.2,-3.3,-4.2,-3.4,-6.2,-5.5,-5.9,-4.5,-3.9,-4.9,-8.7,-3.8,-5.7,-9.1,-4.0,-11.3,-4.4,-7.3,-6.7,-9.0,-13.3,-11.1,-5.1,-8.9,-2.2,-17.2,-14.4,-9.4,-16.0,1.5,-6.8,-5.7,-7.1,1.2,-0.2,-6.1,-3.9,-8.2,-7.0,-3.9,-4.7,-5.3,-7.5,-7.3,-7.8,-6.2,-6.7,-4.9,-7.8,-8.1,-5.4,-7.1,-10.7,-7.7,-8.6,-10.7,-8.5,-6.4,-3.7,-8.2,-6.3,-7.5,-2.6,-3.3,-6.6,-3.5,-6.8,-6.0,-8.3,-4.4,-5.0,-7.3,-4.3,-8.0,-4.2,-4.1,-6.3,-0.5,-8.7,-1.4,-8.2,-2.7,-4.6,-4.8,-9.5,-9.6,-11.3,-3.2,-10.3,-4.2,-4.4,1.5,-5.5,-6.2,-4.8,-4.0,-2.2,-4.9,-5.2,-4.3,-10.4,-3.5,-6.9,-6.3,-10.1,-13.0,-9.7,-6.7,-8.9,-16.5,-4.7,4.0,-10.2,-11.5,-12.5,-16.0,-12.0,-6.6,-3.3,-3.6,-6.9,-8.6,-10.5,1.1,2.7,-5.5,-4.3,-0.3,-4.8,-5.2,-9.7,-7.1,-11.9,-10.8,-10.9,-10.9,-9.0,-6.8,-5.0,-8.1,-11.0,-13.6,-11.8,-14.6,0.3,-13.3,-12.0,-11.1,-8.5,-21.4,-14.6,-11.7,-11.2,-10.0,-10.8,-9.8,-5.7,-11.0,-7.0
2C7L514IgB,0,48.101454,11.624617,4442049.65,2777763.46,540.4,586.1,241,7279,2.0,0.91,0.29,32.63,348.96,-0.529,-0.103,0.842,-0.7,0.1,-0.3,0.15,0.4,0.1,-0.3,-2.7,-2.2,-2.4,-2.0,-3.1,-1.2,-0.9,1.0,1.6,1.4,1.4,-0.1,2.5,-0.6,0.5,1.0,0.9,-0.0,-0.1,-0.1,-1.1,-0.4,-0.8,0.2,0.9,1.1,-0.4,2.0,-0.3,0.0,-10.6,-2.9,-2.5,-2.2,-4.1,-1.1,1.6,0.5,1.5,0.4,0.2,1.4,-1.0,0.2,0.3,0.5,0.1,-0.4,-0.1,0.6,2.0,-0.7,-1.0,-0.8,-2.5,-1.1,-2.7,-2.3,-2.1,-2.6,-2.4,-1.8,-4.4,-2.7,-3.5,-2.3,-2.7,-3.7,-1.4,-1.1,0.2,-0.7,-1.7,-1.7,-0.9,-1.2,-0.9,-0.0,0.6,-2.3,-1.1,-0.9,-0.7,1.2,0.7,-3.3,-2.9,-4.5,-2.1,-0.6,-1.9,-1.5,-1.2,2.6,-3.8,0.3,-0.1,-1.7,-0.1,1.4,0.2,-1.1,0.3,1.3,-1.3,0.2,-1.1,-0.4,-2.0,-0.9,-6.3,-6.5,6.0,3.3,0.1,-1.0,-1.5,-2.2,-3.1,-1.4,-0.8,-2.0,-1.8,-1.2,-2.4,-1.6,-0.6,-3.2,-1.6,-5.2,-4.7,-3.7,-0.4,-2.4,-4.7,-4.4,-3.6,-3.4,0.9,2.5,-0.0,0.1,-0.6,-1.6,0.3,1.4,-0.1,0.4,-1.2,-0.4,-1.9,-3.6,-0.9,-0.9,-1.9,-1.1,-0.2,-1.3,-1.9,-1.1,-4.7,-7.7,-2.7,-6.2,-4.8,2.1,-2.3,-10.1,-0.9,-1.1,-0.1,-5.1,-3.8,-2.5,-3.7,-1.6,-2.8,-2.1,-1.4,-2.3,-1.5,-4.0,-3.3,-3.0,-2.0,-2.3,-3.6,-4.5,-3.1,-6.0,-4.0,-5.4,-2.7,-4.9,-5.9,-5.3,-4.3,-6.9,-3.9,-3.3,-4.5,-5.2,-3.8,-5.4,-2.3,-3.1,-3.8,-3.2
2C7L514IgC,0,48.101465,11.624704,4442056.11,2777764.84,541.8,587.5,241,7280,3.2,0.8,0.37,32.63,348.96,-0.529,-0.103,0.842,-0.4,0.2,-0.48,0.25,0.7,0.2,-0.3,-1.8,-1.6,-2.4,-1.8,-2.7,-2.8,1.0,0.4,1.4,-1.0,1.4,-2.6,1.1,-1.9,0.8,1.2,0.8,-0.7,-0.3,0.1,-1.8,-2.1,-2.5,-0.6,-0.4,0.3,-1.5,-3.7,-1.9,-1.3,-16.7,-3.1,-1.8,-1.8,-5.5,-0.1,2.8,0.2,1.4,-1.0,-0.3,-1.0,-1.7,-4.3,-1.4,-1.7,-3.4,-3.0,-1.7,-1.7,-0.3,-1.1,-2.7,-2.1,-3.9,-1.7,-3.2,-1.1,-1.4,-2.5,-2.1,-3.5,-3.7,-3.2,-7.4,-4.5,-5.1,-7.5,-3.6,-3.8,-3.0,-1.9,-4.3,-3.4,-2.6,-3.2,-2.0,-2.0,-3.0,-4.0,-3.5,-6.1,-2.5,-1.2,-1.7,-1.9,-4.5,-8.1,-1.0,-3.5,-4.0,-5.0,-6.7,-3.4,-6.8,-5.0,-4.5,-5.2,-2.5,-1.1,-2.9,-3.6,-2.5,-0.9,-3.7,-2.9,-5.4,13.0,-6.6,10.7,6.9,9.0,9.2,8.6,8.8,-1.3,-5.0,-1.8,-1.4,-2.4,2.6,-1.4,-2.7,-1.6,-4.2,-2.9,-2.3,-4.5,-3.3,-7.5,-6.3,-4.1,-4.8,-3.0,-3.4,-2.1,-4.8,-5.1,1.2,3.0,-2.4,0.2,0.0,-0.3,-0.3,1.0,-2.3,0.9,1.5,-3.3,-3.6,-3.0,-2.0,-1.0,-1.5,-1.6,0.9,-1.2,-0.6,-0.7,0.4,5.0,0.3,-4.2,-0.4,-1.2,-3.5,-9.4,-1.3,-4.5,-1.8,-6.8,-8.0,0.8,-4.1,-5.2,-2.6,-3.5,-10.4,-1.7,-1.5,-1.5,-3.1,-3.2,-0.1,-3.4,-2.8,0.2,1.8,-3.9,0.7,-0.2,-3.5,-3.4,0.9,-5.3,-2.8,-5.3,-8.1,-6.4,-7.3,-6.6,-4.3,-6.2,-5.2,-6.7,-6.7,-7.0
2C7L514Iga,0,48.101646,11.626111,4442160.47,2777787.22,544.0,589.7,241,7304,4.2,0.65,0.48,32.64,348.96,-0.529,-0.103,0.842,-0.3,0.2,0.12,0.32,1.7,0.3,-0.3,-1.0,3.8,2.7,4.4,-2.6,1.7,1.5,-6.0,-6.8,-4.2,1.8,-1.4,-0.5,5.4,-1.1,-1.9,1.1,2.1,-13.8,-2.0,-2.9,-3.8,-1.0,-0.6,-2.9,0.2,-0.6,2.9,-13.9,-1.3,-0.6,-8.4,-8.5,-5.2,-6.2,-1.6,-2.5,-10.1,-19.7,-1.7,-4.8,-3.2,-6.6,-1.1,-5.2,-0.9,-5.7,0.5,-5.4,-6.2,-3.6,-3.4,-9.2,-2.3,-3.1,0.3,-7.4,-1.5,0.3,4.8,0.4,5.5,0.8,-1.8,-5.6,-3.1,0.8,-5.7,1.6,-12.3,-0.6,3.7,-1.7,1.0,-7.5,-3.1,-6.1,-4.7,-3.8,-7.6,-7.6,-1.5,-1.9,-5.1,-7.3,-3.4,-0.5,-5.2,-15.2,-3.1,-4.0,2.8,-4.1,-0.3,-4.6,-6.6,-7.6,-5.7,-5.3,-5.4,1.0,-6.6,-2.8,-8.9,-4.2,-18.0,-5.8,-3.9,-3.2,-4.9,4.9,-3.7,0.7,-11.0,3.6,-3.5,-5.0,-2.0,-14.9,-14.6,-17.2,-1.4,2.8,3.5,0.3,-3.4,-7.0,-3.6,-4.0,-3.2,-2.2,-6.3,-6.4,2.8,-5.0,-4.4,-3.1,-9.5,-7.7,1.2,2.7,-1.9,1.3,2.0,-0.3,0.1,0.2,0.1,6.0,1.5,-0.3,-1.6,-7.0,-1.5,1.0,5.3,-6.4,-1.1,-4.1,-2.2,-4.2,-3.3,-3.7,-5.8,-5.4,-3.1,-12.4,-15.0,-7.7,-8.2,-3.5,-4.3,-3.8,-3.7,-2.5,-6.6,-0.9,-4.1,-8.2,-6.0,-2.4,-5.1,-0.2,-2.9,-3.2,1.5,-5.3,-1.9,-6.0,-8.6,-10.4,-6.3,-4.7,-5.5,-3.5,-6.1,0.1,-7.8,-4.3,-2.8,-4.6,-11.4,-4.5,-3.1,-1.5,-3.1,-5.3,-1.5
2C7L514Ih6,0,48.101865,11.627813,4442286.76,2777814.32,540.0,585.7,241,7336,3.5,0.73,0.47,32.65,348.96,-0.53,-0.103,0.842,-1.3,0.2,-0.42,0.27,1.4,0.2,-0.3,-1.2,1.9,-0.9,-2.0,4.7,-3.5,1.4,0.5,4.3,-3.4,-0.2,-0.1,0.2,3.4,-0.1,-1.2,-2.7,-5.3,12.1,-0.3,3.1,0.3,9.3,0.7,7.8,1.0,5.4,6.8,3.7,-1.6,-7.4,-4.4,-4.0,-0.0,2.0,2.6,9.8,3.3,3.7,6.2,8.0,2.2,3.9,0.9,4.5,4.1,4.7,2.0,0.4,3.1,0.5,1.6,1.5,1.1,-0.0,-0.0,1.0,0.0,3.2,-4.8,1.2,4.5,-1.3,2.7,-0.5,0.2,-1.9,3.1,-1.6,-0.1,3.9,-2.5,-9.1,-2.5,-0.9,-1.6,0.1,1.7,-0.5,-2.2,-2.2,-1.4,3.9,2.1,2.9,3.3,1.3,0.6,-0.4,7.7,3.7,5.6,7.7,-1.9,-0.3,2.7,14.7,2.7,5.0,5.7,6.6,3.6,3.3,-0.5,1.0,2.5,2.6,2.0,1.9,-0.4,-5.7,-8.0,-2.5,-3.0,-4.4,2.3,-2.3,-7.7,1.3,-0.1,-4.7,3.0,1.2,0.3,2.5,-0.9,0.4,0.5,-1.5,-0.1,1.3,-0.2,-0.3,-4.1,4.9,1.1,-2.0,0.4,3.4,4.2,2.4,9.5,-3.5,4.3,4.1,2.4,-2.5,0.3,-0.5,-0.7,-3.9,-2.1,-2.8,-1.0,-1.1,2.0,-6.0,2.7,-0.6,-4.3,1.4,2.0,-2.5,-5.3,-2.3,4.7,0.5,-8.7,-4.9,-3.0,-3.8,-4.0,-12.4,-3.3,-14.2,5.3,-2.3,-2.6,-8.2,-2.8,-3.9,-2.9,-4.7,-2.6,-5.9,-3.6,-9.0,-2.1,-2.8,-5.0,-5.1,-1.1,-0.5,-3.3,-3.1,-4.0,-3.7,-5.0,-0.9,-4.8,-4.2,-1.0,-3.3,-1.2,-2.8,0.3,-3.5,-2.4
2C7L514Ih8,0,48.101872,11.627866,4442290.65,2777815.16,537.0,582.7,241,7338,3.1,0.79,0.42,32.65,348.96,-0.53,-0.103,0.842,-0.7,0.2,-0.24,0.24,0.5,0.2,-0.3,-0.9,0.6,2.8,0.7,-3.4,0.4,0.5,0.9,2.0,2.9,1.5,-1.6,3.1,4.8,2.3,2.5,5.7,-0.6,2.0,-0.5,-4.0,-2.9,-0.6,2.5,-4.5,2.5,-0.6,-0.1,-5.1,-2.0,-9.7,-7.9,-2.1,-2.9,-2.6,-7.4,4.1,-2.5,1.0,3.7,-1.1,-1.4,-0.9,-2.3,-2.1,-0.3,1.1,-3.5,0.8,1.6,5.0,-3.4,0.9,-4.8,1.7,-1.3,2.2,-5.8,-2.0,-2.7,0.6,-1.5,-3.6,-9.2,-4.1,-11.0,-4.1,1.0,0.0,-4.3,-0.8,0.4,-1.5,-4.0,5.4,5.3,1.3,2.5,2.5,0.5,0.3,1.7,0.5,-0.8,-0.6,-2.5,-2.9,-2.2,-0.6,5.9,-0.8,-4.7,-5.5,1.9,-0.0,-2.4,-4.9,2.2,-1.1,-0.8,-7.4,0.8,-1.0,-1.3,-0.1,-2.0,-1.8,-2.2,-0.2,-0.5,1.3,2.0,-1.6,-0.0,0.4,-2.4,-8.6,-1.6,-1.4,-0.7,1.5,-0.3,-1.5,-0.4,1.1,-2.6,-13.7,6.9,4.0,-0.7,-4.4,-0.4,-5.7,0.2,-1.2,-4.1,-1.3,0.7,-1.9,1.1,-4.4,-2.4,-1.7,-2.3,-1.8,-1.5,-2.4,-5.2,0.1,-1.0,-2.8,-3.8,-2.8,-2.8,-11.2,-2.8,-2.2,-2.4,8.0,-2.6,-3.2,0.2,0.3,-0.4,-2.9,2.3,-3.3,-8.1,-3.3,-2.3,-2.3,-5.4,-7.9,-3.9,-4.3,-4.0,-2.5,-1.7,2.6,-0.5,-1.7,-5.6,-1.9,-2.3,-3.0,-0.1,-4.3,-3.0,-4.5,2.4,-8.1,-2.1,-5.2,-5.6,-6.9,-3.5,-4.6,-3.0,-3.7,-1.9,-5.3,-2.8,-13.3,-0.7,-7.4,-5.7,-3.8,-3.2
2C7L514IhB,0,48.101902,11.628105,4442308.4,2777818.96,540.4,586.1,241,7341,4.1,0.65,0.47,32.65,348.96,-0.53,-0.103,0.842,-0.4,0.2,-0.3,0.31,1.5,0.3,-0.3,-0.8,5.4,-1.1,-7.0,-2.5,3.8,-0.7,2.4,0.6,-7.5,2.3,0.8,-2.4,4.4,-3.7,-5.6,-4.8,-6.0,-3.8,2.9,0.9,-0.5,2.7,0.4,3.0,2.1,-1.7,-3.4,-4.2,1.4,-9.4,-3.6,-5.7,-5.5,-3.7,-4.0,-0.4,-1.8,2.8,-0.1,-1.3,-0.9,-0.4,2.1,2.1,3.3,-3.9,-0.5,-9.3,-2.8,10.8,-1.7,-1.8,-0.4,-1.9,2.1,-0.3,-0.3,-2.3,0.7,0.3,4.4,-0.5,7.3,-9.6,-1.5,0.8,7.3,2.0,8.9,3.6,-4.1,0.8,-2.6,-5.2,2.6,-3.7,-14.1,4.0,3.5,0.6,-5.9,-0.5,-5.5,0.1,0.7,-4.1,8.5,-0.6,-1.7,-11.3,4.8,-3.8,4.3,-5.4,-2.6,-1.4,-6.1,-7.6,-3.8,-4.0,-8.5,-6.5,-5.0,-5.2,-5.5,-2.0,-3.4,-3.1,-2.3,-5.8,-4.9,-0.3,-6.9,0.0,-3.3,0.6,6.6,-10.4,1.1,3.8,-4.5,-1.4,0.3,0.2,1.2,5.6,1.6,-2.1,-1.6,-1.1,9.2,-11.0,-2.5,-5.9,-4.0,-1.4,-3.2,-1.7,-1.7,-0.1,-3.1,-3.6,4.8,0.4,5.6,5.4,0.5,-0.1,-3.4,-0.6,-0.3,1.6,0.8,5.2,-1.6,-4.3,-4.9,-2.6,1.1,-1.5,-3.6,-8.0,-5.4,-3.0,-3.8,2.7,-4.1,0.0,-1.1,-3.2,-3.3,-5.2,1.8,-2.8,-0.1,-4.3,0.7,-9.5,-2.3,-1.8,1.4,-4.2,-0.8,-0.9,0.7,0.0,-5.8,2.7,-9.9,-7.4,-8.8,-12.5,3.1,-5.6,-5.1,-1.6,-4.4,-1.7,-4.4,-3.5,-2.9,-4.7,-9.1,-5.4,5.8,-8.7,8.9
2C7L514IhR,0,48.102015,11.628982,4442373.46,2777832.92,538.4,584.1,241,7357,2.5,0.78,0.41,32.65,348.96,-0.53,-0.103,0.842,-0.6,0.1,-0.65,0.19,2.8,0.2,-0.3,-0.4,-0.1,-1.9,-0.7,-1.9,1.5,1.3,0.5,-0.3,-3.3,0.7,0.6,-1.0,-0.3,-1.6,-1.6,-4.1,-4.9,-6.3,-6.1,-4.9,-4.3,-1.6,-5.0,-4.2,-3.4,-3.6,0.4,7.2,-6.9,-3.1,-7.9,-6.8,-5.8,-9.2,-6.0,-4.7,-4.9,-2.9,-4.7,-0.8,-1.4,-3.5,-3.9,-5.3,-4.6,-2.3,-2.8,-2.1,-0.8,1.0,-0.6,-1.9,-1.4,-2.7,-1.0,-0.5,-0.2,-1.7,-0.4,-0.4,0.1,-1.5,2.0,1.7,0.3,-1.4,-2.5,-1.4,-1.5,-1.9,-2.0,-2.2,-0.8,-2.6,-3.0,-2.1,-2.9,-2.6,-5.1,-4.1,-5.4,-3.6,-3.7,-3.7,-6.8,-6.4,-4.3,-4.5,-4.1,-5.3,-17.6,-2.5,-3.6,-5.4,-4.8,2.6,-3.9,-3.8,-5.2,-1.9,-2.3,-4.8,-1.4,-4.5,-4.3,-1.4,-0.8,0.9,-4.5,-1.4,-1.2,-2.1,-0.0,-0.3,0.9,-1.7,-0.1,2.1,0.2,1.0,0.6,0.9,-1.0,0.5,-1.5,-1.1,-1.7,-3.4,-6.7,-5.6,-3.3,4.2,-5.0,-6.8,-8.0,-6.1,-4.5,-2.2,6.6,-5.0,-1.4,-1.7,0.6,-1.3,-0.6,1.4,0.2,0.7,0.3,0.5,1.0,-0.1,-1.2,-1.3,-1.9,-3.1,-3.2,-2.2,-5.6,-8.0,-6.6,-3.1,-6.2,-7.4,-2.9,-5.9,-7.0,-5.4,-3.9,-3.1,-8.5,-10.0,-1.9,-0.2,-13.4,0.7,-0.5,-3.4,0.3,-1.1,-1.8,-4.1,-2.9,-1.7,-3.7,-7.3,-2.9,-6.6,-11.9,-13.5,-12.1,-11.7,-12.4,-11.0,-6.3,-7.1,-5.9,-5.0,-5.9,-4.3,-3.2,-5.1,-3.9,-1.7,-3.4,-1.1,1.4
2C7L514Ihj,0,48.102155,11.630071,4442454.26,2777850.25,542.1,587.8,241,7375,3.5,0.74,0.39,32.66,348.96,-0.53,-0.103,0.842,0.7,0.2,-0.3,0.27,1.6,0.2,-0.3,-2.0,2.8,-1.5,1.7,1.5,0.1,0.7,2.5,-0.1,3.6,1.8,1.0,2.0,0.4,-6.2,0.4,-0.2,1.6,-1.3,-3.1,-1.1,-1.9,0.3,1.8,-2.3,1.2,0.2,6.9,-1.0,-0.9,-6.1,-4.5,-3.1,-3.1,-2.7,-1.3,1.7,1.0,3.3,-5.0,1.6,2.1,-0.8,1.5,3.6,1.5,1.0,1.5,1.6,6.0,0.6,2.7,1.8,2.0,2.0,0.9,2.2,0.0,0.9,-0.1,1.2,0.3,2.0,-1.2,2.2,0.0,0.3,2.4,0.2,0.2,0.1,0.6,0.6,1.6,-1.2,-0.4,-1.0,-1.2,1.0,-1.3,-2.0,-1.5,0.8,1.8,-1.7,2.7,-0.4,-0.4,-5.1,-0.6,0.6,1.9,6.3,1.4,1.7,4.1,-1.3,4.7,1.9,5.9,5.7,0.8,13.1,8.3,5.2,7.2,1.4,5.9,2.0,1.6,1.0,0.6,-0.7,-1.3,0.8,0.5,0.3,0.3,-1.2,0.6,-1.0,3.6,1.0,-0.1,1.5,1.3,0.8,0.2,4.0,5.0,11.5,7.8,9.9,7.1,4.1,-10.3,3.2,9.3,2.8,1.9,4.5,2.4,-1.0,-0.6,1.7,0.2,3.8,2.5,0.3,-0.8,1.4,-0.2,-0.4,-1.4,3.4,0.2,-0.6,-11.8,-1.7,-0.6,-0.7,5.4,-0.3,6.2,7.2,10.2,7.8,12.3,15.1,6.1,8.8,3.3,1.8,-1.8,3.6,4.7,-1.3,-0.4,2.1,-1.2,9.1,3.0,-0.6,3.2,5.3,7.9,-0.6,11.4,10.1,-0.0,5.8,8.3,5.1,5.8,6.9,8.9,9.3,5.5,7.0,6.5,0.6,-3.3,-3.7,-1.4,-2.1,-3.5,-2.7,-0.4
2C7L514Ihs,0,48.102209,11.630489,4442485.25,2777856.91,535.4,581.1,241,7384,2.8,0.81,0.38,32.66,348.96,-0.53,-0.103,0.842,-0.7,0.1,-0.37,0.22,1.0,0.2,-0.3,1.4,-0.5,2.7,-0.9,4.7,-8.3,-0.1,0.7,-1.6,-2.8,1.3,2.4,2.4,2.4,0.2,2.2,-2.9,3.0,3.5,-1.2,4.7,5.2,4.5,5.9,4.8,9.3,6.9,7.5,6.1,1.9,4.0,-4.5,-0.1,-0.4,1.9,3.0,5.0,2.2,4.1,2.8,3.8,3.9,2.3,3.0,2.9,3.8,4.4,1.3,0.5,-0.1,0.5,2.4,-0.7,2.7,1.3,5.0,3.5,0.9,1.6,-9.8,0.6,-0.9,6.7,1.8,5.1,0.5,0.5,8.3,2.7,3.9,4.8,2.2,-4.5,1.7,6.5,5.6,-3.8,5.5,3.6,0.2,-1.4,2.4,3.5,3.9,1.5,0.8,2.8,3.4,3.1,3.4,4.2,2.7,1.1,2.7,0.8,4.6,-0.5,2.5,1.6,2.4,0.8,4.1,1.5,5.5,2.6,5.1,7.1,4.0,4.8,2.6,3.4,-0.3,1.0,1.1,3.5,1.6,0.1,-1.3,-3.2,-0.3,0.4,2.5,2.5,2.8,3.7,3.9,2.4,1.5,2.0,-2.4,-2.4,1.8,6.5,2.3,-0.2,0.7,2.6,-1.8,5.4,5.2,2.7,1.3,-2.3,7.5,-0.6,-0.8,7.5,0.0,-3.3,3.1,-1.1,0.8,-3.0,-3.3,-3.4,1.9,-2.1,2.5,5.9,1.5,0.5,3.6,-3.1,-0.7,-0.5,1.4,0.6,3.0,2.0,-5.1,3.2,-5.1,-1.1,-2.8,2.7,-8.7,-7.1,-3.9,0.6,-4.1,-4.1,1.8,-1.8,-0.9,-3.2,-4.6,-0.8,0.1,2.3,0.3,0.4,2.8,0.1,-2.2,3.0,0.3,-3.7,-2.0,1.4,-2.2,-0.2,0.0,0.3,4.9,2.3,-2.3,-3.0,-0.1
2C7L514IiI,0,48.102413,11.632081,4442603.39,2777882.23,542.7,588.4,241,7410,2.1,0.8,0.32,32.67,348.96,-0.53,-0.103,0.842,-0.5,0.1,-0.43,0.17,2.6,0.1,-0.3,-0.0,1.0,0.7,-0.1,-0.2,-2.0,1.0,2.5,3.1,3.0,-0.6,-3.2,0.3,-1.6,-1.8,0.8,-0.8,3.6,5.3,7.2,2.0,6.3,4.3,10.1,8.7,10.1,5.4,1.4,3.3,5.0,-0.2,3.9,4.7,4.3,6.8,7.8,8.6,9.7,10.3,9.4,3.9,3.7,5.6,8.5,7.2,5.0,1.3,2.8,3.1,3.0,3.7,4.5,4.2,4.4,4.4,3.3,2.1,2.0,3.4,2.4,1.2,2.7,0.2,-0.2,5.3,-1.1,0.5,0.3,1.0,1.3,0.2,1.9,1.1,3.2,2.2,5.3,2.8,3.2,4.6,4.9,2.7,4.6,2.3,2.1,2.4,4.5,6.0,8.4,7.2,7.1,5.8,3.1,2.3,4.7,7.5,4.6,3.8,9.9,7.0,4.4,3.0,6.1,6.9,5.4,6.2,7.0,4.3,5.4,5.1,5.0,4.9,4.3,4.7,4.7,4.3,2.6,0.5,1.9,4.0,2.7,0.8,2.7,1.7,3.0,7.6,8.3,0.4,3.7,5.0,4.5,4.3,6.4,3.2,7.8,6.8,6.0,7.5,4.6,8.9,4.6,-4.1,-1.0,0.6,1.1,0.8,0.5,-3.2,1.5,0.8,1.7,-0.7,-1.1,1.3,0.7,1.2,-0.1,-0.6,0.5,1.9,1.5,4.4,7.4,6.3,4.9,4.6,5.4,3.1,4.9,4.9,5.7,5.7,4.7,-1.2,-2.4,0.8,-0.8,-0.6,0.2,-6.9,-0.8,-0.7,0.3,-0.7,0.2,-0.2,1.2,-1.2,2.4,2.9,0.7,0.4,4.5,6.5,5.8,5.6,6.5,6.8,3.5,3.0,3.0,-1.0,-0.2,0.8,1.3,-0.3,-0.3,1.2,2.3
2C7L514Iir,0,48.102661,11.634009,4442746.43,2777912.92,539.5,585.2,241,7445,3.7,0.73,0.43,32.68,348.96,-0.53,-0.103,0.842,-0.0,0.2,0.02,0.28,0.7,0.2,-0.3,-0.5,1.4,0.2,-1.1,0.6,-4.6,-0.7,-6.2,-2.7,0.9,-0.9,-0.8,6.5,1.5,0.5,-0.1,0.6,-5.7,-10.8,0.6,2.2,1.3,0.1,0.6,1.1,1.3,-2.4,3.8,-9.6,-0.7,-17.2,-3.7,-4.9,-7.4,-7.9,-2.8,0.2,-2.8,2.0,-1.4,1.8,-2.5,-8.0,0.8,-3.2,0.3,-0.9,-1.6,-2.3,-3.8,-4.8,-2.5,-1.9,-1.8,-1.4,2.4,-1.7,-2.3,-1.1,-3.8,0.9,-0.2,2.1,-3.4,-1.8,-3.0,0.2,0.8,-2.4,-2.4,-2.3,-3.2,-1.6,-3.7,-3.3,-0.9,-3.6,-4.4,-5.2,-1.0,-4.3,-4.3,-1.2,-5.6,-4.8,-6.0,-5.1,-5.7,-10.9,-2.5,-11.0,7.7,-3.2,-2.8,1.0,-3.9,-2.9,3.0,4.7,-3.9,-5.8,-2.8,-6.0,1.0,0.6,0.2,-0.4,-0.9,-0.8,-2.9,-1.5,0.1,-1.5,-1.3,-0.9,-0.8,-4.0,-0.9,-0.3,-3.0,-4.5,-2.6,-4.0,-2.2,-2.6,-3.1,0.5,0.3,-5.6,-3.8,-9.7,-3.6,0.6,-1.7,-4.2,-5.2,-0.1,-1.3,1.5,1.4,-8.8,-3.0,-8.5,-1.1,-5.3,-4.4,-0.3,-1.8,0.2,1.4,4.3,-5.7,5.5,1.7,-0.5,0.6,-0.8,-1.2,3.2,-1.8,-1.7,-3.0,0.6,-3.5,4.3,-8.9,2.7,-3.4,-0.5,4.2,0.2,-1.4,-4.1,-1.5,-4.8,-1.5,-1.8,-0.3,-1.5,-3.5,-4.1,-1.4,-2.6,3.6,-3.7,-4.1,-2.7,-2.7,1.0,-4.3,-12.9,8.0,11.0,-9.0,-12.3,-3.8,-3.3,-5.2,0.1,-3.1,-4.0,-2.4,-6.8,0.7,-6.9,-10.7,11.3,-2.6
2C7L514IfK,0,48.101093,11.621663,4441830.42,2777718.5,544.7,590.5,241,7226,1.9,0.9,0.33,32.59,348.92,-0.529,-0.104,0.843,-0.4,0.1,-0.64,0.15,0.6,0.1,-0.3,1.2,-0.4,0.0,0.6,0.4,-1.1,-4.5,0.5,-2.7,-5.2,0.1,-2.9,0.5,3.4,1.1,1.8,1.4,2.2,2.5,4.2,0.9,2.2,1.9,0.9,5.5,0.4,1.5,2.2,2.0,1.5,-9.5,-2.0,-1.4,-0.5,-1.5,-1.4,1.8,3.0,5.6,3.3,2.5,1.7,1.6,0.4,-0.6,-2.5,-2.5,-0.5,0.3,0.7,1.6,0.8,1.2,0.1,1.0,0.5,-0.1,-0.5,-0.5,-1.5,0.3,0.4,-0.4,-1.3,-3.7,-2.3,-1.8,-2.8,-1.1,-0.7,-0.7,1.3,1.1,1.0,0.9,0.3,1.6,0.9,1.3,0.4,-0.2,1.4,-0.1,-0.0,-1.4,0.6,0.7,2.2,3.0,1.0,0.1,-1.0,-1.6,-2.6,-1.4,-2.5,-0.9,-1.0,-1.2,1.6,1.2,0.0,1.0,1.0,0.6,1.1,0.7,0.7,1.0,1.9,0.4,0.2,-0.3,0.7,0.4,0.6,-3.0,-2.4,-1.8,-0.4,-1.5,0.4,-0.2,-1.1,1.0,2.3,2.5,3.4,1.2,1.6,0.1,-1.8,1.9,1.5,1.5,-0.1,3.0,0.0,3.2,3.0,0.9,-0.0,-1.5,0.9,0.5,-1.6,0.9,-0.8,0.3,0.2,-0.7,-1.0,-0.3,-0.1,0.3,-0.9,0.2,0.0,2.0,0.4,-2.1,-2.2,1.6,0.4,1.2,4.5,1.3,-2.7,3.0,-1.0,0.0,-1.1,-1.8,-1.3,0.9,-0.3,-0.5,-1.5,1.5,-1.4,-1.8,-3.0,-1.9,-1.1,-2.1,-1.1,-1.9,-0.3,0.3,0.7,-0.6,0.7,3.7,-4.3,-2.7,-0.2,0.2,-8.0,-7.7,-7.4,-2.3,-6.5,-5.6,-0.9,-2.2,-4.8,-4.0,-2.5
2C7L514Ifa,0,48.101202,11.622513,4441893.45,2777732.02,543.0,588.7,241,7242,2.2,0.89,0.33,32.6,348.92,-0.529,-0.104,0.842,-0.7,0.1,-0.26,0.17,0.7,0.1,-0.3,-2.0,-3.6,-4.3,-4.2,-2.2,-0.1,-2.7,1.2,-0.8,0.4,-0.8,0.1,-2.1,-0.0,-3.0,-4.1,-1.0,0.3,1.8,1.5,2.6,-1.8,1.8,0.4,1.8,1.1,4.3,2.2,-2.1,-4.1,-13.9,-5.2,-2.3,-3.2,-2.1,-0.9,2.5,3.6,4.3,0.1,3.5,0.5,-0.7,0.2,1.5,1.0,1.9,3.0,-0.3,2.1,1.9,-1.8,-2.1,0.5,0.2,1.2,1.3,2.0,1.1,-2.6,0.5,-1.0,6.8,-0.2,2.4,0.5,2.6,0.5,-0.5,-1.6,0.7,0.0,-1.0,-2.6,-0.4,0.3,-1.3,1.2,1.8,1.6,-1.5,-2.2,-0.7,-1.2,-2.2,-2.9,0.8,-5.8,0.4,-1.4,-4.2,-2.0,0.3,-2.0,-3.6,-0.1,0.2,-0.8,-0.5,0.0,-1.8,-3.6,-2.9,-0.6,-1.8,-2.8,-3.0,-2.6,-1.6,-2.7,-3.0,-1.1,-1.3,-0.8,-3.0,-0.8,-1.4,0.7,-1.2,-0.7,-0.4,-1.4,-0.6,-3.7,-2.8,-2.5,-0.8,-4.0,-4.4,-1.9,-4.1,-4.9,-1.6,-2.1,-4.8,-1.8,-5.0,-1.0,1.0,0.9,1.2,0.2,-0.6,-0.2,-1.9,-0.6,0.9,-0.6,-0.8,-0.5,-7.4,-2.1,-3.1,-3.0,-4.6,-3.3,-2.7,-3.0,-3.1,-5.0,-3.2,-2.6,-3.4,-4.3,-2.6,3.1,-1.0,-7.2,1.0,-0.2,-1.5,-5.0,-0.4,-2.8,-0.9,-4.0,-0.5,-1.8,-1.6,0.6,-1.1,-1.1,-1.0,-0.2,-1.7,-1.6,-1.6,-4.2,-3.3,-6.7,-6.8,-2.4,-6.6,-2.6,-4.6,-4.0,-3.9,-5.5,-3.6,-5.2,-3.2,-5.6,-6.1,-5.5,-2.8,-3.6,-3.5,-2.8
2C7L514Ifb,0,48.101203,11.622517,4441893.79,2777732.1,540.4,586.1,241,7243,1.5,0.95,0.19,32.6,348.92,-0.529,-0.104,0.842,-0.7,0.1,-0.21,0.11,0.1,0.1,-0.3,-1.1,-0.8,-3.1,-1.4,-1.3,-2.1,-1.5,0.2,-0.0,-0.3,0.7,-0.5,0.9,0.2,-0.2,-0.8,0.4,1.4,1.5,0.6,0.5,-1.2,0.5,-0.3,0.0,1.3,1.5,1.4,-1.6,-1.0,11.7,-4.2,-3.5,-2.4,-3.0,1.1,0.1,0.8,0.7,-0.4,-0.6,-0.3,-0.9,-0.7,-1.0,-1.4,-0.8,-0.4,-1.4,-0.6,0.4,-0.7,-1.2,-0.1,-0.2,0.3,-1.1,-0.7,-0.0,-0.7,-1.0,-1.5,3.5,0.0,-2.1,-1.3,-0.7,-1.0,-1.6,-1.7,-1.5,-0.2,-2.1,-1.8,0.2,-1.2,-1.8,-0.8,0.1,-0.9,-2.7,-1.3,-0.4,-1.4,-2.0,-2.0,-1.0,-2.2,0.1,-2.0,-1.9,-2.0,-1.6,-2.0,-3.0,-0.9,-0.7,-1.4,-1.3,-0.4,-1.3,-2.4,-0.5,-0.4,-0.1,-1.7,-1.5,-2.0,-0.7,-1.8,-2.4,-0.5,-1.0,-1.5,-1.1,-1.2,-2.5,-1.3,-1.2,-1.7,-1.4,-0.3,-1.1,-2.5,-1.5,-1.2,-2.2,-2.8,-1.0,-1.0,-4.1,-4.4,-1.2,0.7,-2.0,-1.7,-2.6,-1.3,1.3,0.5,-0.7,-0.4,-0.5,-1.2,-1.0,-1.1,-0.5,-1.2,-1.2,-1.5,0.2,-3.2,-2.7,-3.4,-2.3,-2.7,-1.8,-1.3,-0.7,-1.6,-2.6,-2.3,-2.2,-2.3,-3.1,1.2,-2.3,-7.1,-0.0,-1.2,-1.5,-4.0,-5.3,-4.7,-2.5,-0.5,-3.6,-4.0,-4.4,-2.4,-2.7,-3.4,-3.7,-2.2,-2.3,-2.3,-2.1,-1.0,-2.1,-5.1,-3.7,-4.1,-3.5,-4.6,-2.5,-3.7,-2.8,-3.6,-4.0,-3.8,-4.6,-4.5,-5.3,-4.8,-4.7,-4.2,-4.4,-4.6
2C7L514Ife,0,48.101238,11.622786,4441913.76,2777736.37,544.6,590.3,241,7246,3.2,0.73,0.45,32.6,348.92,-0.529,-0.104,0.842,-0.2,0.2,-1.71,0.25,1.6,0.2,-0.3,10.3,-2.0,7.7,3.6,7.0,0.6,-2.7,2.7,8.2,2.3,0.7,1.9,1.3,3.4,-8.5,-10.6,-4.3,-4.9,-1.8,1.0,-0.1,-1.6,-1.2,-1.1,0.7,3.7,0.3,0.7,-3.3,-6.8,-12.2,-6.0,-0.5,1.3,-1.3,-0.6,-3.3,-1.8,3.9,3.9,3.0,-10.6,4.4,3.8,-4.0,0.3,-1.1,-5.2,-2.0,1.1,-0.3,2.4,3.4,3.6,1.9,2.2,3.9,5.2,1.5,3.3,3.5,4.2,1.8,3.3,8.1,5.7,3.6,0.2,0.9,3.9,3.5,3.5,2.5,3.3,3.6,1.4,3.9,4.7,5.0,4.1,2.9,3.0,1.3,1.9,2.1,3.0,0.1,0.6,-0.2,5.4,3.6,4.2,-0.1,1.9,-0.4,3.2,3.7,2.8,4.2,5.1,5.6,3.7,6.3,9.1,5.4,5.8,8.3,7.3,7.5,6.8,9.3,7.9,8.2,8.3,9.4,5.8,-1.5,6.3,5.9,7.4,-1.2,8.1,6.4,5.5,2.8,4.0,2.2,5.6,5.2,3.7,0.9,-2.3,3.5,1.6,1.1,1.1,1.9,0.9,4.5,2.2,3.5,4.2,0.5,3.2,5.3,4.9,0.7,5.2,4.5,2.9,-3.2,-0.1,3.6,2.3,0.9,1.0,-0.1,0.6,2.9,3.1,0.5,1.2,1.5,-4.3,-0.4,4.5,-1.2,-3.1,1.2,-0.1,3.1,0.2,0.0,3.1,2.0,-3.2,3.2,1.7,-10.3,3.9,2.7,2.7,3.2,1.8,2.1,0.4,-0.2,-0.5,1.4,9.8,3.3,-1.6,-0.1,-2.7,-3.3,-3.1,-2.9,-0.8,-0.7,0.6,-1.2,-1.7,-1.8,-0.2,-1.8,0.4,-0.6,-2.3
2C7L514Igj,0,48.101723,11.626562,4442193.88,2777796.46,543.4,589.1,241,7313,3.6,0.78,0.4,32.64,348.96,-0.529,-0.103,0.842,-0.3,0.2,-0.88,0.28,0.3,0.2,-0.3,-2.3,-0.1,1.7,1.0,1.5,0.3,2.8,1.8,0.6,-0.1,1.2,-1.7,-2.0,7.6,6.8,14.3,-2.1,-1.4,-4.8,-0.2,-2.2,-4.6,-2.0,-1.7,-6.9,-5.7,-6.8,-3.8,-0.2,-3.4,15.3,-6.1,-11.6,-6.8,2.2,-0.9,-0.2,1.0,1.7,-2.8,-4.1,-3.8,-6.6,-4.5,-3.9,-5.2,-5.2,-4.5,-5.7,-5.2,-1.7,-1.6,-2.5,-1.3,-1.9,-1.6,-7.6,-1.8,-2.6,-1.8,-0.5,-5.0,-3.6,-4.9,-0.6,-0.3,-1.9,-9.6,-2.4,-2.4,-1.5,-3.0,-2.5,0.1,-2.6,-1.8,-1.0,0.2,0.8,-3.5,-2.4,0.4,-2.5,-3.7,-2.7,0.3,0.5,-3.3,2.0,5.2,3.1,-0.8,-2.3,1.5,-1.0,2.6,0.9,4.7,0.0,-0.9,-1.1,-1.5,1.6,1.4,0.4,-2.4,-0.4,-0.8,-1.0,-3.8,0.9,5.4,3.0,0.5,-1.3,-0.2,-1.8,0.3,0.8,6.5,-0.4,3.4,-1.7,-4.9,-3.9,-3.7,0.0,-1.0,-4.8,-6.9,1.0,-1.0,-2.5,0.1,17.3,1.6,0.1,-1.5,6.9,2.0,3.4,3.8,2.6,-0.3,0.5,1.5,-4.3,-2.1,-1.3,-1.3,-3.4,-1.1,-2.0,-3.5,-4.2,0.1,-1.1,-1.1,-1.2,-1.8,-1.1,-2.3,-1.3,-2.5,-1.7,4.4,-1.6,-0.4,1.8,0.5,-1.6,-1.5,-3.9,-0.4,-1.0,-0.7,-1.6,-2.1,17.8,-2.1,-4.5,-3.5,-2.6,-2.8,-5.4,-0.0,0.7,-2.9,0.0,-1.6,-4.5,-3.5,-1.4,-4.5,-0.2,-4.9,-2.5,-6.1,-2.3,-7.3,-5.3,-7.1,-7.9,-7.2,-5.2,-5.4,-4.6,-5.8
2C7L514IiM,0,48.102445,11.632189,4442611.33,2777886.02,536.5,582.2,241,7414,4.6,0.57,0.58,32.67,348.96,-0.53,-0.103,0.842,-0.9,0.2,-0.28,0.36,2.1,0.3,-0.3,-2.5,1.4,-5.5,2.2,9.0,0.2,-5.8,-2.5,6.4,6.5,4.4,0.5,-6.0,2.9,1.0,-3.8,-3.4,-2.8,1.8,-0.6,-9.3,-9.4,-4.3,-5.3,2.1,-3.4,-7.4,-7.1,-6.4,-7.1,-7.2,-11.0,-15.8,-2.3,-11.3,-2.7,3.8,-10.8,-7.4,-6.4,-9.9,-7.0,-11.0,-7.7,-9.9,-7.3,-7.2,-9.0,-10.3,-5.2,-5.4,-6.2,6.0,-4.3,5.6,-5.8,-5.6,-3.5,3.3,-6.3,-5.9,6.5,-4.0,-4.2,-5.7,-4.8,-4.9,0.0,-5.9,1.7,-3.8,-4.2,-2.3,0.6,-5.3,-8.6,-6.4,-9.2,-14.0,-1.6,-3.2,-9.6,-7.4,-7.1,-6.3,-10.3,-4.2,0.3,9.0,-2.5,0.5,-9.7,-8.9,-13.8,-8.2,-11.7,-0.5,0.6,-3.4,8.3,-8.2,-7.9,-8.4,-6.8,-10.1,-7.1,-8.7,-7.0,-8.3,-6.5,-16.3,-7.8,9.5,-7.3,-10.6,-1.9,-0.6,-8.0,-4.9,-2.4,-1.2,-0.8,-4.0,-3.8,-7.2,-0.7,-3.1,-3.8,-2.8,-14.4,-7.4,-5.4,-8.3,-8.6,6.2,-14.5,-8.1,-6.5,-4.3,-2.8,-3.5,-3.6,-6.8,-7.8,-5.3,-6.5,-13.8,-3.9,-3.7,-6.4,-2.2,12.6,-6.3,-6.8,-9.3,-5.0,-3.9,-4.3,-3.1,-4.5,-0.6,-8.2,-4.1,-11.5,-8.4,-3.0,-3.4,-9.7,-7.8,-2.4,-8.5,-16.8,-3.9,-3.3,-1.3,-2.8,-1.4,-0.8,-6.9,-1.2,-8.4,0.8,-13.3,0.4,-1.6,-9.4,-6.0,-7.6,-11.1,-9.9,-11.5,-8.1,6.1,-12.9,-10.6,-9.3,-10.5,-8.6,-12.1,-14.4,-10.1,-10.4,-13.9,-9.9,-10.9,-8.4,-9.2,-10.2
2C7L514Iiq,0,48.102695,11.634136,4442755.77,2777916.98,548.7,594.4,241,7444,2.9,0.82,0.46,32.68,348.96,-0.53,-0.103,0.842,-0.1,0.1,0.02,0.22,0.5,0.2,-0.3,4.3,2.0,1.1,-1.9,0.9,-0.0,1.9,0.6,1.9,-5.9,-2.6,-0.2,0.9,11.1,0.9,4.5,2.1,-0.1,1.3,1.9,-3.3,0.6,-12.8,1.4,0.9,2.6,-1.0,-9.0,-9.3,-0.4,3.6,-1.2,-1.9,-4.1,-6.0,-4.5,3.8,2.7,-1.3,1.6,1.6,-1.3,1.9,4.0,-2.2,-3.9,-0.1,-0.1,-7.1,-2.9,-3.4,-4.4,-4.2,-1.9,0.1,-0.4,-3.4,-2.7,-3.9,-3.0,1.6,1.2,-3.1,-6.8,-1.4,-2.9,-1.9,-0.6,-2.4,-3.0,-1.4,-2.6,-1.9,-2.6,-1.3,0.1,-1.5,-1.2,-1.9,-1.9,-2.9,1.1,-1.0,-0.1,-3.1,3.6,-1.9,3.0,2.2,4.1,-0.7,-2.8,-1.0,-1.7,1.2,-4.7,-0.7,3.3,4.6,-4.6,-1.5,5.7,-7.1,5.6,6.0,3.0,4.8,3.9,3.5,-1.6,-1.5,4.4,-2.9,4.8,2.4,-1.1,0.3,2.5,3.1,-2.7,-2.9,-3.5,-6.1,-1.3,-0.3,1.6,-0.8,-0.5,-1.9,-3.6,-1.1,-1.8,-0.4,-0.4,1.3,-1.0,0.4,-1.7,1.1,2.4,0.5,-2.8,-2.0,-0.9,0.1,1.0,-0.3,-0.9,-1.4,-2.0,2.4,-1.1,-0.4,0.5,-0.7,-1.6,-0.2,-1.1,1.2,-0.4,0.3,-2.1,-1.6,-3.3,-3.3,0.6,1.3,-1.9,0.8,1.9,0.1,-1.9,-1.0,0.5,-1.4,-4.8,-2.1,1.3,-5.5,0.9,-0.7,-1.6,0.8,0.5,-2.3,-4.6,-4.0,-1.7,-1.5,-0.4,0.6,-0.6,-1.0,-0.6,2.1,1.3,-0.6,-2.4,0.5,-0.6,-0.9,-1.7,-4.8,-0.4,3.5,1.4,0.7,-1.7
2C7L514Ij3,0,48.102802,11.63497,4442817.68,2777930.25,552.1,597.8,241,7457,2.9,0.81,0.42,32.68,348.96,-0.53,-0.103,0.842,-0.1,0.1,-0.08,0.23,0.6,0.2,-0.3,-1.6,0.5,1.8,-0.3,1.5,0.5,2.2,3.7,2.9,0.9,-0.2,-0.3,3.3,1.5,1.9,1.4,0.2,1.4,-1.6,-1.5,1.7,0.8,0.3,0.8,3.2,0.5,2.2,-2.8,4.9,-0.6,-5.7,-4.4,-3.6,-2.9,-3.6,-1.3,3.0,4.0,2.1,2.1,0.7,4.0,1.5,1.6,4.6,3.8,4.2,4.2,3.7,3.4,3.0,0.4,2.2,1.7,2.0,1.4,3.3,2.4,4.6,3.1,0.0,1.2,-1.1,2.1,7.2,4.1,1.8,-0.0,3.8,2.2,3.3,2.2,2.5,1.9,0.9,3.6,4.2,3.7,3.5,0.1,2.3,2.9,4.9,6.1,2.8,2.5,0.6,2.7,-0.4,-1.2,2.3,2.9,0.7,-3.8,4.8,0.8,2.6,5.2,7.6,1.4,5.8,2.8,3.2,2.4,1.8,3.6,0.2,5.1,2.0,3.8,1.3,0.2,3.7,2.8,3.0,1.9,7.0,2.4,-2.7,-0.2,-4.9,1.0,0.6,1.6,3.3,8.3,1.7,0.6,4.2,-0.3,1.0,-2.5,-2.5,-0.2,0.0,-3.2,-3.3,-3.9,1.4,-0.5,-5.4,-3.9,0.9,0.9,0.6,-0.1,-0.4,1.6,2.0,1.8,-1.8,3.1,4.0,1.3,0.8,4.0,6.5,-1.2,1.7,0.0,-0.6,-2.6,3.1,-3.8,-0.9,6.8,-1.9,-0.0,1.5,-1.9,0.9,-4.4,0.6,-0.5,2.1,-1.3,0.9,-1.5,-9.3,1.3,0.4,2.3,3.1,5.1,1.5,1.6,2.4,4.5,3.8,-12.6,1.3,2.7,5.8,7.4,5.8,1.5,0.1,5.3,2.9,-1.0,0.2,-2.7,6.3,-7.4,2.5,9.7,5.0,-4.5
2C7L514IjV,0,48.10295,11.636117,4442902.77,2777948.55,530.7,576.4,241,7485,3.4,0.77,0.46,32.69,348.96,-0.53,-0.103,0.842,-0.2,0.2,-0.05,0.26,1.1,0.2,-0.3,-0.4,-0.2,0.2,0.8,0.7,-1.1,1.0,0.1,0.1,2.2,-0.5,-2.7,-1.5,-0.9,-1.3,1.4,-3.6,3.3,-2.0,-1.3,-3.7,-1.3,2.4,-5.4,-4.4,-3.0,-0.4,-5.5,0.9,-2.0,1.9,-6.0,-6.3,-7.5,-0.8,-3.2,-0.9,0.7,-2.3,-7.2,2.3,2.3,0.2,-4.7,-4.1,-0.7,5.0,-2.2,1.1,0.3,1.4,0.2,2.3,10.7,-0.4,-0.7,10.8,-5.8,16.5,-0.5,-0.7,-3.8,-0.7,-8.0,-0.8,1.2,-3.5,-2.2,-3.0,0.7,-0.1,-0.6,-1.1,-2.1,0.9,-2.0,-1.5,-3.4,1.1,-3.8,-1.2,-1.1,-1.0,0.5,-1.1,-5.5,0.5,-1.1,-4.3,0.3,-5.9,0.8,-0.9,-4.2,-1.1,-2.1,-2.3,1.0,1.2,-1.6,-3.0,-1.9,-1.4,2.5,-1.1,-1.5,-1.6,3.0,-2.6,1.7,2.4,4.8,0.9,-3.4,-1.1,-2.6,-1.3,1.5,1.7,-1.2,-0.2,2.3,5.5,-3.1,-2.8,-3.4,0.1,-2.4,1.7,8.0,-3.8,-2.2,-2.3,-1.8,-2.9,1.6,-2.7,-2.5,5.5,-1.9,-2.9,-0.9,-5.0,-2.1,5.4,-0.2,1.0,-2.2,-4.2,-2.9,-4.8,-2.9,3.8,-2.3,-3.8,0.2,-1.2,-3.5,-3.9,-2.4,-1.2,-10.4,-6.3,13.6,-5.3,4.4,-5.4,-6.4,-2.7,-5.7,-5.3,1.1,-6.0,-0.0,-2.5,1.1,-2.2,-0.7,0.0,0.3,-0.2,3.7,2.5,-0.3,-5.6,-3.0,-10.3,1.0,-11.2,-0.0,-3.2,-2.1,1.3,-4.2,7.7,-2.3,-0.8,-1.6,-3.8,3.8,-1.1,2.7,-0.3,-2.0,-2.3,-3.9,-2.4,0.3
2C7L514IfD,0,48.101039,11.621097,4441788.41,2777711.57,538.2,583.9,241,7219,4.0,0.69,0.48,32.59,348.92,-0.529,-0.104,0.843,-2.2,0.2,0.71,0.31,0.7,0.3,-0.3,-1.2,-0.1,-0.4,1.2,-1.6,-1.7,-3.3,-0.8,-1.1,-3.7,-1.7,-3.6,-1.6,-0.8,-3.8,2.2,-3.7,-6.4,-6.8,-2.2,4.9,-7.5,-0.5,-1.7,1.0,-1.1,0.7,-1.4,5.0,-2.3,4.2,-7.5,-3.5,-3.9,-0.3,-16.8,-0.6,7.8,5.2,-0.5,0.9,-4.8,6.6,5.6,8.2,-16.0,-2.7,-2.5,5.9,-0.2,2.4,-1.8,1.7,-1.2,-3.4,-3.0,-4.7,-4.5,-5.4,-6.7,-0.8,-2.4,1.4,-2.4,5.3,-5.6,-0.1,-6.3,-1.9,-1.4,-5.0,-1.3,-3.4,-1.9,-3.6,-1.8,-3.6,-7.1,-7.0,-8.2,-5.8,-6.6,-5.3,-4.1,-5.0,-9.1,-4.7,-5.8,0.4,-8.8,-7.7,-10.3,-9.2,-6.4,-11.2,-9.3,-9.8,6.9,-9.7,-1.1,-1.7,-1.3,-3.7,-2.2,-6.0,-5.6,-5.8,-6.3,-7.0,-5.0,-6.2,-5.9,-7.4,-5.7,-5.0,-6.1,-6.7,-7.3,-8.0,-6.6,-6.1,-7.0,-5.1,-7.8,-7.3,-11.8,-6.3,-3.6,-5.1,-6.6,-8.1,-6.4,-6.6,-9.0,-5.1,-6.4,-3.5,-7.7,-6.2,-10.5,-12.2,-9.7,-8.6,-7.5,-4.8,-7.2,-4.5,-6.2,-6.9,-7.7,-6.6,-7.3,-8.0,-7.9,-6.5,-9.1,-9.0,-5.9,-6.2,-10.4,-5.4,-13.0,-4.4,-5.1,-25.1,-17.5,-16.5,-6.6,-4.2,-2.6,-19.3,-8.5,-16.3,-19.7,-2.2,-9.5,-4.5,-8.1,-11.4,-6.1,-8.8,-13.6,-14.1,-9.9,-12.0,-13.4,-4.0,-1.4,-10.9,-15.0,-11.9,-6.4,-11.9,-16.6,-10.3,-14.3,-14.2,-10.4,-8.9,-13.2,-7.1,-9.0,-10.2,-12.2,-7.4,-2.0,-8.6,-5.5
2C7L514IfN,0,48.101092,11.621508,4441818.88,2777718.12,529.2,574.9,241,7229,4.0,0.69,0.46,32.59,348.92,-0.529,-0.104,0.843,-1.0,0.2,-0.82,0.31,0.7,0.3,-0.3,1.0,0.3,-3.1,-0.9,-3.2,0.9,3.1,-0.8,4.9,1.9,-0.1,1.4,-0.4,-4.7,5.6,2.8,-6.5,-3.3,5.7,9.2,10.7,-12.8,-1.2,-0.4,-6.5,-6.4,-5.1,-2.9,-3.7,-8.3,-14.2,3.0,-3.3,-1.7,-2.2,-7.9,-0.6,-6.3,6.7,-2.8,-0.3,-0.5,-4.3,3.6,-0.5,4.8,-2.8,-2.5,4.1,-0.8,7.8,3.3,4.4,2.3,1.9,4.6,0.5,0.5,0.7,-1.0,0.8,-1.6,2.2,3.0,-6.3,-2.7,4.0,-5.2,0.6,3.5,-3.7,1.7,-0.7,0.0,0.2,-2.8,-1.1,0.6,0.1,0.8,-1.0,0.1,2.2,-0.6,1.0,-3.6,2.8,2.2,3.8,0.8,-1.5,-0.2,-3.2,-0.4,0.3,0.3,1.3,1.6,1.0,-1.0,-1.2,-2.4,-1.1,1.8,-1.4,-1.6,2.1,-3.8,-0.1,-2.6,2.9,0.9,-0.9,2.9,1.0,-0.0,-3.7,0.5,1.3,-2.2,-1.6,0.7,0.6,1.9,-0.0,-1.7,-2.4,-6.2,-1.5,-3.6,-4.9,-1.7,-2.8,-3.7,-3.2,-6.4,0.9,0.4,-0.6,1.8,8.0,-6.8,-0.4,-1.7,-5.7,-5.9,-4.1,-1.7,-1.7,-14.2,-3.4,-3.9,-1.3,1.1,0.2,-1.9,-1.9,2.8,0.1,3.3,2.0,-1.8,-0.4,-3.3,-3.9,-2.9,-2.2,-7.3,-4.7,-1.2,-6.5,-7.6,-8.1,1.7,-5.4,4.1,-1.3,-1.9,-1.4,-2.2,0.1,-3.7,-6.4,-5.5,-0.5,-4.8,8.7,5.3,-11.9,-8.0,-11.8,-10.7,-11.3,-6.0,-7.3,-4.4,2.1,2.8,-3.1,-6.8,-4.1,-5.6,-4.7,-1.9,-12.7,-10.5,5.0,-20.1
2C7L514Ig3,0,48.101438,11.6242,4442018.57,2777760.92,544.9,590.6,241,7271,3.6,0.82,0.4,32.63,348.96,-0.529,-0.103,0.842,-0.9,0.2,1.16,0.28,0.8,0.2,-0.3,-2.3,-2.0,-1.7,1.1,-0.0,0.0,1.6,1.9,1.5,1.7,2.6,2.5,2.2,-1.6,-2.1,-1.5,-4.2,-2.9,-2.0,-2.5,-0.9,-8.0,0.2,0.2,1.0,-1.9,1.2,-0.9,-0.8,-0.9,-15.7,-6.2,-5.3,-4.9,-0.3,-2.5,0.9,1.3,-0.3,-1.6,-1.2,-2.1,-1.7,-4.4,-2.4,-1.3,-0.9,-0.4,-0.6,-0.8,0.3,-1.8,-2.3,-1.5,-0.8,-0.9,-1.5,-0.4,-0.3,-0.6,-2.1,-4.6,0.9,-4.3,-6.0,-2.5,-2.0,-3.8,-1.3,-1.1,-2.0,-2.8,-3.5,-3.0,-3.3,-4.0,-0.5,-1.9,-0.4,-2.8,-3.8,-2.9,-2.6,-6.2,-3.0,-2.3,-5.4,-9.3,-7.4,-5.3,-5.3,-7.9,-1.4,-6.9,-4.4,-2.3,-9.8,-5.9,-4.5,1.8,0.2,-5.0,0.3,0.4,-0.8,-0.6,-0.6,-4.2,-2.7,-2.0,-3.9,-6.0,-5.2,-6.6,-3.7,-2.9,0.8,-2.4,-0.9,-3.2,-1.5,-3.6,-3.0,-2.1,-3.0,-0.7,-4.5,-2.3,-3.0,-1.6,-24.4,-4.6,-22.3,-4.9,-7.9,-4.4,-5.8,-4.8,-9.5,0.1,-6.5,-3.1,-6.4,-6.7,-7.4,-6.3,-4.5,-6.9,-6.2,-7.4,-6.9,-8.0,-5.3,-5.8,-4.0,-7.0,-5.4,-6.4,-5.5,-5.5,-4.0,-2.4,-1.5,-8.9,-5.5,-3.4,0.7,-26.8,-0.0,-1.3,-3.3,-7.8,-2.2,-1.3,-6.6,-22.2,-2.4,-4.6,-15.8,-3.5,-4.0,-4.7,-3.5,-3.8,-6.8,-2.1,-6.6,0.6,-0.1,-3.7,-7.6,-1.3,-2.2,-6.3,-2.6,-4.1,-2.0,-6.2,-5.8,-3.3,-2.4,-2.9,-3.9,-3.4,0.9,-3.2,-3.3,-2.6
2C7L514IgA,0,48.10149,11.624606,4442048.73,2777767.39,544.6,590.3,241,7278,3.6,0.71,0.46,32.63,348.96,-0.529,-0.103,0.842,-0.8,0.2,0.32,0.28,0.6,0.2,-0.3,-3.6,-1.0,-3.8,2.4,3.0,-2.9,6.6,1.8,4.5,4.9,7.0,7.9,2.4,3.4,2.3,-0.9,-2.9,2.5,-1.2,3.3,3.5,1.0,5.4,2.2,4.3,7.3,4.1,-7.9,-3.3,-2.4,-13.9,-8.4,-2.0,-1.2,-1.5,-2.4,7.1,0.1,5.5,6.0,-4.1,-4.2,-3.7,-5.8,0.8,-5.6,0.4,1.6,-0.8,-1.2,-1.7,2.1,3.2,-0.3,0.9,2.4,2.4,5.4,2.6,3.0,4.8,1.5,-3.6,0.7,-0.2,2.9,2.7,-0.2,0.4,2.0,-7.3,4.3,-0.8,4.2,6.0,5.4,5.3,5.5,3.7,1.3,-0.5,0.7,5.5,3.2,0.7,1.3,-0.6,-1.5,2.8,3.8,6.9,2.8,-0.3,4.5,-0.4,-0.5,-3.9,0.8,3.9,3.8,3.4,1.0,2.1,5.6,3.6,4.3,2.9,2.0,-1.1,3.4,1.9,0.6,2.3,2.2,3.3,-0.7,5.3,0.5,-0.3,0.5,2.1,-1.0,1.6,-1.7,-4.5,-3.3,-3.9,-5.1,-1.4,-4.4,-2.5,3.2,-0.6,1.7,-3.3,-3.5,-1.4,-8.8,1.5,8.9,-0.8,-3.3,-3.8,-2.2,-5.6,-3.6,-4.9,-7.5,-7.0,-6.2,-6.8,-7.2,-7.1,-8.8,-5.7,11.6,-4.0,-4.6,0.3,-4.5,-4.1,-4.9,-4.7,-3.5,-6.7,-2.9,-5.3,-8.4,-0.6,0.3,-1.9,-4.5,-2.3,2.6,-1.2,-2.3,0.1,-1.3,-3.8,1.7,1.8,0.8,-0.6,-0.6,3.2,0.1,-1.2,0.3,-1.4,-3.8,2.6,-0.0,-2.0,-1.3,1.8,0.5,-3.7,-1.7,-2.3,-3.4,1.9,-1.8,0.1,1.7,0.9,-0.9,-2.2,-2.8
2C7L514IgL,0,48.101543,11.62502,4442079.43,2777774.0,534.0,579.7,241,7289,3.4,0.76,0.42,32.64,348.96,-0.529,-0.103,0.842,-0.4,0.2,-0.12,0.26,1.5,0.2,-0.3,-0.3,1.1,0.2,0.1,-0.6,-1.6,1.9,-0.4,2.9,1.0,1.8,-0.1,0.4,0.7,0.9,-1.8,1.4,-0.7,-4.1,-2.6,-5.0,-0.3,-1.9,-8.4,-5.4,4.1,3.3,-1.1,-2.2,-5.1,-13.0,-4.5,-2.5,-10.2,-5.5,-1.3,0.3,-2.5,-1.0,-1.5,-1.0,-0.5,-2.6,1.7,-5.0,-0.3,-2.0,-2.1,0.6,-0.8,2.7,-1.5,2.2,-0.4,-0.7,-1.5,0.9,0.5,0.8,-0.2,-0.5,0.3,2.1,3.5,-1.6,-0.4,1.1,-0.4,-0.3,0.6,0.8,0.2,0.5,-1.1,-1.0,-2.2,-2.0,-0.7,-1.6,2.2,-0.7,-2.9,-0.3,-0.3,2.1,-1.5,-0.1,2.7,-1.1,3.3,-2.3,-4.3,-2.8,-0.3,-4.0,1.4,6.2,-5.8,1.3,1.2,-0.1,-2.1,-2.8,0.3,-0.1,2.9,1.4,-1.0,0.4,0.6,-1.8,-0.2,-1.4,-1.4,-1.3,-0.8,-2.1,-0.4,1.5,-1.8,-2.1,-0.2,0.7,-0.8,-2.9,-1.0,-1.2,-3.7,-4.8,-5.3,-2.6,-2.5,-0.2,-12.7,-3.9,-6.6,-2.4,1.7,-4.9,0.2,-4.2,-4.2,-4.7,-0.6,-4.9,-5.8,3.3,-4.4,0.3,-0.2,-9.5,-9.8,-6.6,-8.6,0.7,-2.2,-0.7,1.5,3.4,1.3,2.1,-3.6,-1.6,-3.3,-8.6,0.6,-1.4,-13.5,6.1,-11.6,2.4,-0.9,-2.5,4.1,-1.2,1.8,1.6,1.5,-1.2,3.6,0.9,1.1,-0.7,-0.6,5.2,-0.6,-1.5,-1.7,-2.2,-5.3,-13.4,-3.9,-5.8,-9.3,-3.8,-15.0,-2.0,-4.2,-1.5,-1.7,-1.9,-4.4,-2.9,-1.8,2.8,-13.2,6.3,2.9
2C7L514IhI,0,48.101993,11.628525,4442339.47,2777829.76,541.9,587.6,241,7348,3.3,0.76,0.43,32.65,348.96,-0.53,-0.103,0.842,-0.5,0.2,-0.56,0.26,2.1,0.2,-0.3,0.3,0.5,-2.0,3.6,-3.3,0.8,-0.9,-0.2,-3.4,-5.6,-2.5,0.2,-2.0,-2.5,-1.3,0.9,2.9,1.3,-3.4,0.4,-3.2,-3.4,-3.1,-1.2,4.1,-0.0,-0.7,1.3,-2.3,-2.1,-6.6,-6.0,-2.8,-2.9,-4.1,-2.3,1.5,-1.6,-0.5,2.6,1.7,-1.0,2.9,-0.8,0.2,-1.1,-0.5,-0.8,0.6,-0.0,1.1,2.1,1.0,0.2,-1.1,-2.0,2.8,0.4,1.9,3.6,-0.8,3.0,5.0,6.1,11.1,2.6,1.5,-5.1,0.3,-1.3,-1.0,-1.4,-1.1,-1.5,0.4,-0.4,-2.7,-1.5,0.0,-2.4,-2.7,-0.1,-4.3,-2.9,-4.1,1.2,-1.6,-0.8,-0.9,-1.6,-2.6,-2.8,-6.2,-3.0,-3.3,-3.9,-4.4,-0.7,-3.0,-3.2,-4.2,-1.6,-0.9,1.2,-1.4,-1.5,-2.0,-2.1,-1.7,-2.7,-2.8,-2.7,-2.5,-5.7,-4.8,4.1,8.0,4.6,4.6,7.6,-5.9,7.0,7.8,-2.7,0.7,2.6,-2.8,0.1,0.7,-1.2,-1.6,-1.3,-2.4,1.0,0.3,-1.8,0.1,-2.4,3.0,3.9,1.3,-6.6,-5.7,-3.0,-4.0,-1.3,16.2,-3.7,0.1,-1.0,13.1,-1.7,-1.6,-2.9,-4.1,-3.9,-3.7,-3.8,-3.0,-3.2,0.8,-3.7,-1.9,-1.5,-1.6,-2.9,-5.8,-5.5,-1.7,-1.6,-3.2,-4.7,-8.0,0.4,-6.7,-3.5,3.9,0.2,-6.9,2.2,3.5,1.3,-4.1,-3.4,-5.0,-1.2,-5.0,-1.9,-2.1,-3.5,-6.2,-5.5,-3.2,-7.2,-6.7,-8.7,-4.8,-8.4,-7.4,-5.5,-6.0,-0.4,-9.9,-7.3,-2.9,8.4,9.3,6.6
2C7L514IhK,0,48.102,11.628573,4442343.02,2777830.53,539.0,584.7,241,7350,2.1,0.89,0.36,32.65,348.96,-0.53,-0.103,0.842,-0.2,0.1,-0.34,0.16,1.1,0.1,-0.3,-1.0,-0.9,-0.5,-1.0,-0.9,3.0,0.1,1.4,-0.6,-2.0,-0.2,1.8,-0.3,1.9,2.8,2.5,6.1,5.0,3.9,3.9,3.0,4.0,1.9,7.6,5.4,7.9,5.1,3.8,2.4,2.4,-1.4,1.2,1.7,2.3,0.0,4.6,5.4,3.8,5.7,4.4,2.3,3.9,4.5,6.0,2.0,1.1,1.1,0.2,-0.7,0.2,-0.3,1.0,0.2,1.6,0.2,0.7,1.5,1.2,0.3,-0.9,0.1,1.8,3.0,0.3,3.9,0.9,0.9,4.1,-0.1,1.1,1.1,-1.0,8.9,-0.2,2.0,3.0,2.3,2.1,3.6,5.6,4.0,4.1,2.5,2.8,1.4,4.9,3.9,5.8,4.6,4.1,2.3,0.2,-0.5,2.5,2.1,1.4,1.7,5.2,5.0,3.0,0.4,4.2,3.6,3.7,3.0,3.2,3.8,2.7,2.2,4.1,2.2,4.4,4.6,3.5,2.5,5.0,-1.9,2.2,3.8,2.8,8.1,2.3,3.0,0.6,-0.1,1.9,2.3,4.7,5.0,4.1,1.6,5.8,2.6,4.8,2.0,1.2,2.8,2.7,5.1,5.0,1.4,1.0,-0.4,1.9,0.8,1.7,-3.2,3.6,3.4,1.6,-0.4,0.3,-0.2,-0.8,0.2,3.8,3.2,1.6,3.4,2.6,3.4,3.0,2.1,3.6,1.3,3.4,-1.2,1.0,1.6,4.1,2.5,0.1,0.9,2.7,1.0,-1.8,2.3,4.9,-11.8,1.9,2.4,-0.4,-0.8,4.1,4.3,1.5,2.5,3.9,2.8,-1.4,-0.1,6.6,2.9,0.8,1.2,1.6,2.3,0.5,1.5,-1.9,1.9,-0.5,2.2,2.5,3.0,3.3,0.6,2.7
2C7L514IhN,0,48.102044,11.628922,4442368.96,2777836.08,545.2,590.9,241,7353,1.6,0.92,0.24,32.65,348.96,-0.53,-0.103,0.842,-0.3,0.1,-0.38,0.12,1.1,0.1,-0.3,-2.0,0.1,-1.4,-0.1,-2.0,0.6,-2.1,-0.0,-0.8,2.1,-0.1,0.3,-0.9,0.1,-1.6,0.2,-2.2,0.0,-3.8,0.1,-2.5,-2.1,-2.2,-1.1,-1.7,-0.5,-0.6,-1.9,-3.3,-3.6,-6.5,-6.3,-6.4,-6.4,-6.9,-1.8,-3.4,-0.5,-0.8,0.7,-2.0,1.2,-5.0,0.9,-2.4,-0.1,-1.0,1.5,-2.1,1.6,-0.5,-0.7,-1.2,-0.4,-1.6,-0.5,-1.0,-0.7,0.4,1.2,-2.2,-2.9,2.6,-1.9,-0.7,-1.8,-0.2,-0.2,-1.3,-1.7,-0.6,-1.9,-1.0,-3.2,-1.0,-1.6,-0.8,-2.5,-1.8,-2.3,-1.1,-3.5,-0.9,-2.1,-1.9,-6.3,-2.6,-4.7,-2.4,-3.9,-3.3,-3.9,-2.1,-3.1,-2.6,-7.8,-2.5,-1.4,-2.9,-1.9,-1.2,-4.3,-2.6,-3.6,-1.3,-2.8,1.2,-1.0,-0.7,-3.4,-0.8,-1.0,0.0,-0.4,0.2,0.1,-1.0,-0.1,-0.4,0.2,-0.7,-1.3,2.5,-3.4,-0.8,-0.3,-2.7,-0.7,-3.0,-3.1,-2.1,-0.8,-2.2,-2.2,-1.1,-2.0,-0.6,-2.3,1.3,2.8,-1.4,-2.0,-1.6,-0.5,0.4,-1.3,-2.6,-1.9,0.1,0.3,-0.6,-1.9,-0.3,-1.0,-1.6,-0.7,-0.2,-2.2,-2.2,-0.8,-2.4,-1.6,-0.4,-2.1,-2.3,0.5,-0.9,-2.0,-2.2,-1.7,-3.7,-2.5,-3.7,-5.6,-1.6,0.4,0.4,-0.1,-3.0,-2.3,-2.9,-2.3,-4.3,-3.6,-2.4,-1.5,-4.0,-3.3,-2.1,-7.2,-9.3,-6.0,-1.5,-4.6,-1.9,-2.1,-4.2,-3.6,-3.1,-6.5,-2.4,-2.8,-2.8,-1.5,-1.5,-3.0,-3.1,-3.5
2C7L514IhP,0,48.102045,11.628929,4442369.46,2777836.2,542.2,587.9,241,7355,1.3,0.95,0.19,32.65,348.96,-0.53,-0.103,0.842,-0.5,0.1,-0.17,0.1,0.8,0.1,-0.3,-0.7,0.1,-0.1,0.2,-1.5,3.1,-1.3,-0.1,-1.0,-3.5,-0.1,1.9,-0.9,0.1,-1.2,-0.3,-0.6,0.0,-2.7,0.3,-2.5,-2.1,-1.9,-0.4,0.1,0.1,-1.6,0.5,-2.0,-2.8,-6.2,-5.5,-4.8,-4.6,-5.2,-2.2,-1.8,-0.8,-0.7,1.5,-1.5,0.1,-1.5,-0.8,-1.2,-1.5,-1.7,-1.2,-1.1,-0.1,-1.0,0.5,-0.9,-0.2,-0.6,0.1,-0.4,0.4,-2.1,-0.3,-0.9,0.4,-2.9,-0.1,2.0,-0.4,-1.3,0.1,-1.2,-1.7,-0.4,-1.8,-0.7,-1.1,-1.5,-1.5,-1.2,-1.7,-0.2,-2.6,-1.3,-3.2,-1.2,-1.7,-2.3,-2.2,-2.5,-2.6,-3.6,-3.5,-3.3,-2.4,-2.9,-1.8,-3.1,-4.0,-2.0,-1.9,-2.5,-1.8,-2.9,-1.9,-0.8,-1.9,-1.7,-1.8,-1.3,-1.3,-0.9,-2.5,-1.2,-2.0,-0.9,-1.4,-0.3,-0.8,-2.0,-1.6,-0.0,-0.5,-0.7,-1.7,-1.7,-2.5,-0.5,0.3,-1.4,-0.8,-1.8,-3.2,-1.8,-1.1,-2.8,-2.2,-2.7,-4.2,-2.5,-3.6,-1.2,1.5,-0.4,-2.5,-2.9,-1.4,-1.8,-1.1,-3.7,-1.8,-1.7,0.1,-0.6,-2.2,-0.8,-1.8,-2.0,-1.9,-2.9,-3.5,-2.7,-2.1,-2.9,-3.5,-1.9,-3.2,-4.3,-0.1,-0.9,-3.5,-2.4,-3.6,-3.1,-3.1,-3.1,-3.0,-1.6,-1.4,-0.2,0.6,-10.7,-1.5,-1.8,-1.6,-2.1,-3.0,-2.6,-2.5,-2.8,-2.7,-2.9,-6.1,-5.0,-3.8,-2.0,-4.0,-2.3,-4.6,-4.2,-3.5,-3.9,-5.5,-4.0,-4.4,-3.0,-2.8,-2.7,-3.8,-2.9,-2.7
2C7L514Ihy,0,48.10231,11.63099,4442522.33,2777868.98,544.5,590.2,241,7390,4.6,0.58,0.49,32.66,348.96,-0.53,-0.103,0.842,-2.2,0.2,0.37,0.36,0.6,0.3,-0.3,-3.5,-0.2,-6.2,-5.5,-3.4,-2.9,1.7,2.3,3.2,-1.9,0.2,-2.0,8.7,-3.5,-6.1,-1.3,-0.5,9.8,2.8,2.7,-5.5,-3.1,0.4,1.5,3.4,2.3,1.7,0.1,2.4,-3.3,0.0,-4.6,-3.4,-4.7,-4.5,-0.5,6.4,4.7,3.9,6.4,0.7,-1.8,4.3,3.1,3.1,-0.6,-0.4,-1.4,0.7,-0.7,-0.2,-0.7,2.2,0.1,13.7,10.5,3.4,4.2,12.8,8.7,5.4,-10.9,4.6,4.1,-1.8,-0.9,3.8,-15.3,2.4,6.4,-3.2,2.7,-1.7,-6.3,1.8,-0.3,-4.5,-6.3,-2.9,1.9,-0.4,0.4,-5.5,-4.6,-2.5,8.2,-0.2,-1.1,-0.2,0.4,-10.1,-1.5,-4.7,-4.4,-2.3,-2.8,1.5,4.0,4.4,-11.9,-7.9,3.5,-14.4,-2.1,-0.6,-9.7,-5.2,-5.8,-1.7,-7.9,-5.7,-11.3,-6.1,-3.8,-3.1,-3.5,-1.2,-0.4,-3.6,-1.3,-2.1,-2.2,-1.5,-2.6,-0.4,2.8,0.9,2.8,-8.7,-13.2,-11.8,-6.9,-2.3,-1.1,-5.7,7.3,-4.3,1.0,-1.5,-5.5,-6.4,5.0,4.9,-6.1,-7.4,-7.2,-11.9,-8.4,-11.6,-13.0,-9.2,-8.8,-9.3,-12.8,-12.0,-7.0,-7.3,-9.8,-7.1,-1.6,-2.2,-4.8,-5.2,-6.6,-11.6,-4.9,-10.8,-4.1,-8.2,-2.6,-4.2,-6.3,-12.3,-3.6,-4.9,-13.7,-11.1,-12.7,4.6,-14.4,-8.5,-8.3,-8.8,-8.9,-5.6,-9.7,-6.7,-1.7,-9.7,-11.7,-11.6,-8.2,-8.6,-14.9,-8.8,-7.5,-1.7,-10.4,-7.2,-6.7,1.4,-4.5,-4.8,-6.2,-0.2,-4.4,-10.1,-11.8
2C7L514Ii2,0,48.102315,11.63103,4442525.3,2777869.64,535.1,580.8,241,7394,4.4,0.61,0.49,32.66,348.96,-0.53,-0.103,0.842,1.0,0.2,0.44,0.34,2.2,0.3,-0.3,0.8,-3.7,-0.3,-0.2,0.1,-3.6,0.1,-1.5,-0.4,2.8,-0.8,1.1,-1.3,-2.6,-0.4,-2.0,-1.4,-1.2,-1.6,-3.0,-3.7,-1.1,0.3,-1.8,-0.5,0.6,-1.0,1.6,1.0,-2.6,-5.7,-8.2,-4.5,-4.7,-4.1,-3.8,-0.5,-1.1,-0.6,-2.7,-3.7,-8.6,-5.0,1.5,-2.4,-3.9,-8.0,-1.4,-4.1,-1.9,-8.5,-0.1,-3.3,-2.4,-0.4,-3.9,1.6,-2.5,-2.5,-5.3,-7.3,-5.3,-6.9,1.0,8.2,2.1,-3.4,3.5,-3.4,1.9,-3.3,-8.6,-0.4,-1.1,-8.3,-4.0,-3.7,0.4,-4.0,-1.9,4.8,-5.1,-5.9,-1.4,-6.8,-3.0,-5.5,-1.5,-0.8,-2.2,-3.0,-3.9,2.7,-4.2,-2.6,-3.9,-2.5,0.3,-3.2,-4.2,-4.8,-4.1,-4.0,-2.1,-2.5,-4.8,-12.8,-1.6,-7.5,5.1,-0.8,-1.3,3.5,-1.6,6.6,2.8,2.9,1.7,-1.0,1.7,-1.1,1.1,5.5,7.0,-6.3,-5.6,-0.6,-1.9,-5.2,-5.1,-10.0,1.8,-7.5,-1.5,-0.7,-6.3,-0.5,-0.7,1.3,-7.0,-2.6,-10.5,-9.9,-10.1,-1.8,4.1,6.3,0.7,-8.7,-2.5,-2.1,-3.4,16.4,4.0,7.8,-5.6,-6.0,6.7,7.2,2.6,-0.9,-3.4,-6.5,-8.2,-4.8,2.9,-0.9,-3.7,2.6,-4.1,-1.0,-3.5,-2.2,5.1,0.8,-2.5,10.7,15.3,2.8,14.4,6.8,5.7,-7.7,8.2,14.8,0.1,12.5,2.8,1.0,-8.6,8.9,-0.0,2.8,-3.2,2.7,-4.5,-2.3,-7.8,-6.5,0.3,-0.1,-1.6,-1.7,0.7,-2.1,-2.5,17.0,-1.7
2C7L514IiG,0,48.102442,11.632023,4442598.95,2777885.42,545.8,591.5,241,7408,1.5,0.95,0.24,32.67,348.96,-0.53,-0.103,0.842,-0.4,0.1,-0.14,0.11,0.4,0.1,-0.3,-0.7,-0.4,-0.4,-0.9,-0.5,0.6,-0.8,-0.1,0.1,3.1,-0.6,-0.3,-0.4,-0.2,0.7,1.2,-1.0,-1.1,-2.4,-2.0,-2.1,-3.1,-0.4,-0.0,-0.3,0.6,-0.6,0.5,1.7,-2.3,4.4,-5.3,-4.4,-3.9,-3.4,-3.6,2.1,0.5,0.5,0.8,1.1,1.3,-0.7,0.7,-0.5,0.3,-0.3,-0.8,-0.1,0.4,-0.3,0.7,-0.2,-0.1,-0.5,-0.2,-0.6,-0.0,-0.9,-1.4,-0.7,-1.2,-0.6,-1.8,0.8,-0.6,-1.5,-0.4,-1.0,-2.1,-0.7,-2.0,-1.2,-1.1,-1.4,-0.3,-0.3,-0.5,-0.4,-2.6,-0.6,-2.3,-0.6,-0.3,-0.5,-2.1,0.9,-0.6,-1.1,-1.1,-0.7,-1.5,-3.5,-2.2,0.3,-2.3,0.2,1.0,-0.1,-1.7,-0.9,-0.5,0.9,0.4,-0.1,0.2,0.9,-0.5,0.1,-1.3,-0.1,-0.5,-0.5,-0.9,-0.8,-0.8,0.1,-1.2,-1.1,-0.6,-0.4,-0.8,-1.9,-0.8,-0.9,0.6,0.3,0.3,-0.9,-3.6,-1.2,-0.6,2.8,-0.8,-2.4,-3.3,-2.5,-3.8,1.1,2.2,-2.3,-1.1,-2.0,-2.3,-1.8,-1.7,9.0,-1.8,-1.4,-1.9,-1.2,-3.0,-1.0,-2.1,-1.6,-1.3,-1.5,-1.0,0.5,-0.6,-2.8,-3.2,-1.8,-3.2,-4.4,1.4,-0.5,-3.2,0.9,-1.3,-1.3,-3.8,-2.2,-0.1,-1.9,-0.4,-1.8,-2.6,4.2,-2.1,-2.9,-2.6,-2.5,-2.2,-1.8,-0.4,-1.8,-1.2,-1.2,-3.9,-2.4,-3.5,-2.3,-1.9,-2.7,-2.6,-2.9,-2.3,-1.4,-2.3,-1.2,-2.6,-1.4,-1.9,-1.3,-3.6,-2.0,-1.9
2C7L514IiH,0,48.102442,11.632022,4442598.9,2777885.41,543.0,588.7,241,7409,1.7,0.94,0.25,32.67,348.96,-0.53,-0.103,0.842,-0.5,0.1,-0.01,0.13,0.6,0.1,-0.3,-1.1,-0.3,-0.2,-0.7,0.0,2.2,1.0,0.8,1.4,4.6,0.8,1.3,0.9,0.7,1.4,1.2,1.0,0.8,-0.4,0.2,-1.6,0.1,0.5,2.4,2.1,3.2,1.3,0.3,1.5,-0.5,-3.7,-2.7,-1.8,-1.5,-0.8,-0.5,2.9,2.7,3.8,2.4,0.8,0.5,0.9,2.4,1.6,0.2,0.2,-0.6,0.3,0.5,0.9,1.0,0.6,0.6,0.3,0.5,-0.6,-0.0,0.2,-0.6,-1.0,0.6,-5.1,-1.3,0.3,-1.5,-0.7,0.3,-0.3,0.0,-1.0,-0.4,-0.9,-0.1,0.1,0.8,0.3,0.8,0.7,0.0,0.3,-0.2,-0.0,0.3,-0.2,-0.5,1.0,1.6,0.6,1.1,0.1,-1.0,-2.2,-1.1,1.3,-0.3,0.4,3.1,1.7,-1.0,-0.2,1.2,1.5,1.3,0.7,1.3,0.9,0.9,1.0,0.1,0.6,0.5,0.4,0.4,0.3,-0.7,0.2,-0.9,-0.3,-0.2,-1.1,0.0,-0.6,0.3,1.0,1.8,-0.1,0.8,0.9,-1.4,-0.5,0.8,2.6,1.3,-0.2,-0.3,0.7,-1.6,2.8,2.1,-0.9,-2.2,-1.0,-1.2,-0.5,-0.9,-11.3,-0.5,-0.5,-0.0,-0.8,-2.1,0.0,-0.2,-0.5,-0.2,-0.8,-0.1,0.7,-0.4,-0.6,-0.6,0.6,-1.0,-1.9,0.3,-0.6,-1.8,1.0,0.6,0.6,-1.4,-3.7,-4.3,-1.1,-1.3,-2.3,-1.6,-14.6,-0.4,-1.0,-1.1,-0.9,-1.0,-1.1,-0.4,-2.6,-0.2,-0.7,-3.3,-2.7,-0.7,0.2,0.1,0.5,0.1,-0.2,-1.6,-1.3,-1.4,-0.8,-1.7,-1.1,-0.8,0.8,-2.2,-1.7,-1.1
2C7L514IiK,0,48.102451,11.632092,4442604.07,2777886.53,538.4,584.1,241,7412,1.3,0.95,0.24,32.67,348.96,-0.53,-0.103,0.842,0.0,0.1,-0.15,0.11,0.6,0.1,-0.3,-0.5,-0.1,-0.7,-1.5,-0.5,2.7,-0.2,0.2,0.8,2.3,0.6,1.4,-0.6,-0.6,-0.9,-1.3,-2.1,-1.4,-2.1,-0.9,-3.0,-1.6,0.2,-0.0,0.6,3.0,1.9,2.2,0.2,-1.4,0.3,-3.0,-3.3,-2.8,-3.4,-1.9,0.5,2.4,2.1,1.6,-1.1,1.6,-1.0,-0.9,0.5,-1.2,-0.8,0.1,-1.2,-0.4,-1.6,-0.2,-0.8,-1.0,-1.1,-0.9,-1.1,-0.0,-0.9,-0.5,-1.5,-1.1,-4.7,-2.1,-0.8,-0.7,-1.9,-0.6,-1.3,-2.2,-0.8,-2.2,-0.4,-0.7,-0.9,-1.4,-1.7,-1.8,-2.4,-3.1,-2.5,-2.6,-1.8,-0.5,-1.6,-0.8,0.8,-0.1,-0.6,-0.1,-1.0,-1.5,-1.4,-2.4,0.1,-0.7,0.3,2.8,2.1,0.3,1.5,0.4,2.0,0.7,0.8,1.8,2.0,1.8,2.0,-0.4,2.0,0.7,2.0,-1.1,1.3,-0.7,-0.8,-1.5,0.4,-0.0,-0.2,0.0,-1.1,-1.1,-1.3,-1.7,-0.1,-2.0,0.8,-3.0,0.2,1.3,0.6,2.3,0.2,0.2,0.2,-3.2,1.9,3.0,1.7,-1.0,-0.1,-0.5,-0.4,0.9,0.5,0.1,-1.3,0.5,1.1,-1.8,-0.5,1.0,-0.1,1.4,0.8,1.6,0.3,1.8,-1.1,-0.5,2.8,0.2,-1.8,2.0,-0.6,-1.1,2.1,-0.4,-0.3,-1.3,-1.9,-0.3,1.1,-0.5,0.3,0.5,-3.2,0.4,-0.6,0.6,-0.1,-1.1,-1.5,-2.5,-0.6,-1.3,0.4,-2.0,-1.6,3.5,-0.0,1.2,2.6,-0.9,-0.0,-0.8,-0.2,-0.3,-0.2,-1.7,-0.5,-0.1,-0.8,-2.2,-2.0,-2.5
2C7L514IiN,0,48.102452,11.632096,4442604.39,2777886.62,528.8,574.5,241,7415,2.3,0.87,0.36,32.67,348.96,-0.53,-0.103,0.842,-0.3,0.1,0.04,0.17,1.1,0.2,-0.3,-0.4,2.6,0.8,0.2,0.3,3.7,0.2,1.0,-5.7,-5.7,1.7,3.6,0.8,0.5,1.3,-0.6,-2.4,-2.0,-4.5,-1.7,-3.3,-2.3,-2.1,0.1,-2.8,-0.1,0.8,2.0,0.5,-5.2,-1.9,-6.3,-0.4,-6.7,-1.9,-4.0,1.1,3.9,1.0,1.9,0.5,-0.8,-2.6,0.5,-0.2,-1.6,-3.7,-0.9,-0.3,0.2,0.5,-1.3,0.7,0.8,-0.9,0.1,0.2,-1.4,-0.4,0.1,1.0,-2.9,-5.3,-3.2,-3.4,-2.4,-2.1,-0.2,-1.1,-3.3,-2.2,-1.8,-3.1,-4.2,-1.0,0.5,-0.4,-2.4,-2.3,-3.3,-0.8,-1.9,-0.8,-1.5,-0.2,-2.2,-0.9,-3.6,-2.5,-2.4,2.3,-1.2,-3.7,-1.9,-0.1,-0.5,0.7,1.1,1.7,-3.5,1.0,3.2,1.5,1.4,-0.4,1.6,0.3,1.1,0.7,0.6,5.6,1.5,-0.7,2.1,-0.8,-2.5,-1.4,-0.8,-1.1,-0.2,-1.8,-3.3,-2.5,-4.7,0.1,1.3,-2.2,-0.1,0.4,0.3,-0.0,-2.2,1.1,1.5,-3.2,-3.5,0.8,-2.7,2.6,1.8,-0.3,-0.6,-1.8,-1.2,-2.8,1.6,-9.8,-2.3,-3.2,-0.3,-1.0,-5.1,-1.1,-3.6,-2.0,-5.2,-3.6,-11.8,1.0,-0.8,-2.3,-5.2,0.9,-1.8,-4.3,-4.8,1.4,-0.3,0.1,4.3,-0.6,1.9,1.5,-1.6,-1.7,3.3,0.4,-2.6,-2.1,-2.2,-2.9,-1.8,-2.8,-2.5,-1.7,-2.0,-2.5,-0.7,-0.8,-12.0,-2.9,0.6,1.8,0.4,-4.5,-3.3,-0.8,-0.5,-2.3,-3.6,-2.7,-0.4,-0.3,-1.7,-1.4,-0.6,-1.7,-0.3
2C7L514IiP,0,48.102482,11.632326,4442621.45,2777890.26,534.5,580.2,241,7417,2.6,0.77,0.43,32.67,348.96,-0.53,-0.103,0.842,-0.9,0.1,0.49,0.2,2.8,0.2,-0.3,2.8,5.4,-2.0,4.5,4.5,0.7,-2.7,0.2,-0.2,-1.3,1.8,3.5,-1.1,0.7,-5.1,-5.9,-5.9,-3.7,-7.7,-6.3,-7.9,-8.8,-3.7,-7.6,-6.1,-6.3,-6.0,-4.1,-5.0,-7.9,-10.3,-13.2,-9.7,-16.3,-9.8,-9.3,-3.5,-3.4,-1.5,-4.5,-3.0,-3.5,-7.1,-4.4,-6.2,-5.1,-3.9,-6.4,-4.9,-1.9,-3.3,-0.4,-4.5,-3.1,-3.4,-1.6,-2.9,-0.1,-1.4,-1.1,3.3,-3.7,-2.7,-5.5,-4.7,-2.0,-2.0,-1.6,-4.1,-3.2,-3.7,-1.2,-3.2,-4.5,-4.0,-3.6,-4.9,-3.7,-4.7,-5.6,-4.8,-6.4,-6.7,-5.5,-7.9,-6.5,-6.7,-5.8,-5.8,-6.4,-9.3,-2.9,-5.6,-10.3,-6.0,-6.7,-4.4,-4.7,-6.2,-9.0,-4.1,-5.9,-5.2,-4.8,-5.6,-5.3,-6.2,-3.5,-6.5,-6.7,-7.1,-6.4,-6.7,-4.5,-3.0,-4.4,-4.9,-5.3,-4.7,-3.3,0.7,-4.3,-4.3,-3.4,-5.1,-0.8,-3.9,-4.8,-6.6,-15.6,-10.7,-10.1,-7.0,-6.4,-8.4,-8.5,-6.3,-9.0,-2.7,-2.2,-9.2,-5.2,-6.1,-5.3,-5.1,-4.9,-3.0,-4.7,-4.8,-4.7,-5.2,-2.9,-3.7,-5.0,-5.5,-4.3,-4.0,-5.5,-7.9,0.4,-15.2,-14.3,-10.0,-13.1,-9.4,-4.7,-12.4,-9.7,-5.8,-7.1,-8.3,-5.8,-2.2,-4.3,-6.2,-7.9,-6.1,-9.5,-0.8,-7.6,-9.5,-7.0,-8.8,-8.5,-13.2,-8.8,-6.6,-7.8,-8.8,-15.1,-14.7,-5.2,-12.1,-8.9,-8.9,-6.1,-5.9,-9.2,-6.1,-7.3,-4.5,-4.2,-6.7,-5.9,-2.7,-2.4,-1.5,-1.6
2C7L514IjG,0,48.102865,11.635316,4442843.27,2777937.85,534.7,580.4,241,7470,4.5,0.72,0.45,32.68,348.96,-0.53,-0.103,0.842,0.0,0.2,-0.7,0.34,0.9,0.3,-0.3,-0.3,-0.2,-4.3,-3.8,-1.8,2.2,-0.8,-1.8,-2.1,2.3,-4.0,-0.7,-6.6,2.5,-3.0,-2.5,-3.3,-0.2,-0.9,-6.6,-2.0,-3.1,-0.8,-2.6,-2.1,-1.7,0.3,-2.2,2.6,-1.9,3.2,-6.5,-5.7,-5.6,-10.1,12.0,18.1,8.0,-0.9,1.2,-5.4,1.0,7.5,-3.2,-0.5,-1.2,-4.2,-5.3,-0.4,1.2,0.0,0.2,-0.4,3.6,1.0,1.5,0.8,1.4,-0.7,1.4,2.3,2.2,2.8,1.0,2.9,-1.9,-0.9,-0.3,-1.1,13.3,1.9,-0.3,-1.5,0.8,0.2,-7.5,-5.9,-2.6,-2.1,-0.2,-0.4,-1.7,-1.4,-1.7,-1.9,-4.8,-3.4,-3.4,-1.7,1.7,-8.1,-1.5,0.2,-4.9,-3.0,-3.8,-0.5,-2.6,-2.0,16.7,-2.9,-2.1,15.9,-0.6,-3.6,-0.8,1.8,3.3,2.6,-0.4,4.9,3.3,-0.9,0.5,-0.7,-4.1,1.0,-4.0,-1.7,-5.8,3.4,-3.6,-0.8,-5.5,-7.7,14.6,-1.5,-1.7,-3.9,-2.7,-0.9,-2.6,0.3,1.1,0.6,1.5,-2.3,-0.7,6.9,2.5,0.7,-3.3,-2.6,-3.5,0.6,1.0,9.8,1.8,2.5,2.8,1.8,2.0,8.3,-0.4,-1.5,1.6,4.1,-2.2,10.2,2.5,-5.0,-4.0,-0.5,1.0,-2.8,-0.4,0.7,-5.6,-1.6,-1.2,1.0,-5.0,-3.0,4.8,1.2,-1.5,-0.3,-0.0,8.9,-3.6,-4.1,3.9,18.8,-6.0,-5.0,18.6,-2.0,-3.2,1.7,-1.6,-6.9,-2.5,-7.5,-1.6,-0.7,-2.4,-4.2,-2.4,0.6,-2.6,-3.7,0.5,-0.4,0.5,-4.6,-3.2,-3.2,-4.6
2C7L514IfL,0,48.101134,11.621693,4441832.55,2777723.1,543.9,589.7,241,7227,1.4,0.96,0.17,32.59,348.92,-0.529,-0.104,0.843,-0.4,0.1,-0.2,0.11,0.2,0.1,-0.3,-0.8,-0.8,-0.5,0.3,0.0,-1.2,-0.2,-0.9,-0.1,-0.1,0.5,0.6,0.8,0.1,0.9,-0.2,0.4,-0.6,0.5,0.6,1.6,-0.4,1.3,-0.5,1.0,0.5,1.3,1.7,1.3,-0.7,-12.4,-3.3,-2.1,-3.0,-1.9,-2.8,-0.6,-1.5,1.7,-0.5,1.3,-0.1,0.8,0.8,1.3,2.1,-1.5,-0.6,1.1,-0.3,0.7,-0.4,0.8,0.9,-0.4,-0.2,-0.8,-0.6,0.2,-1.0,-0.3,-0.2,1.4,-0.9,-4.2,-0.3,-0.2,-2.0,-0.2,-0.2,-0.3,0.4,0.8,-0.3,-0.9,-0.5,0.5,-0.6,-0.5,0.1,-1.7,0.7,0.9,-0.2,-0.7,0.0,-0.1,0.0,0.4,0.1,-2.1,-2.0,-2.1,-2.9,-2.9,-0.9,-0.6,-0.6,-0.6,-0.7,-2.0,-1.0,-0.3,0.6,-0.0,-0.8,-1.1,-1.5,-0.1,-0.8,-0.6,0.2,-0.9,-0.5,0.3,-0.6,-2.6,-2.7,-0.8,-1.8,-1.6,-0.3,-1.5,-1.6,-0.5,-0.2,0.4,-0.0,0.4,0.1,-1.8,-1.9,0.9,-0.4,-0.9,-2.5,-0.1,-1.4,1.5,-0.0,-0.6,-1.2,-1.5,-0.0,1.1,-1.0,-0.2,0.4,0.8,-0.3,-2.0,-3.0,-1.8,-1.9,-1.9,-2.4,0.0,-1.3,0.3,-2.7,-2.1,-2.7,-0.0,-1.4,-1.7,2.8,-0.5,-4.2,0.4,-1.0,-1.6,-2.3,-3.3,-2.5,-1.1,-0.2,-1.6,-2.0,-4.7,-1.0,-0.7,-2.2,-1.9,-1.6,-2.3,-1.5,-3.1,-0.9,-1.5,-4.4,-2.9,-3.0,-1.0,-5.2,-3.0,-2.5,-2.9,-2.0,-3.1,-2.2,-1.7,-0.7,-2.1,-2.8,-2.7,-2.0,-2.4,-2.0
2C7L514IfM,0,48.101136,11.621705,4441833.47,2777723.3,541.8,587.5,241,7228,3.3,0.78,0.44,32.59,348.92,-0.529,-0.104,0.843,-0.4,0.2,-0.47,0.26,0.6,0.2,-0.3,-0.6,-2.0,-3.0,-3.5,-0.6,-1.9,2.1,-2.8,1.4,-3.3,0.1,-2.5,0.3,3.9,3.6,3.4,5.1,3.2,2.3,5.3,5.4,1.7,-2.5,-4.5,3.9,3.0,1.4,-1.3,2.1,-3.1,-16.4,-2.4,-2.8,-6.3,-3.1,0.1,2.5,2.9,3.0,1.4,1.1,0.5,-1.9,0.5,0.0,0.5,-5.2,-2.9,2.1,1.6,3.3,-0.3,-0.6,-0.5,0.4,-1.8,-0.3,-3.4,-1.0,-2.8,-4.0,-3.9,-2.0,-1.4,-10.1,-2.5,-0.2,-3.1,0.2,0.0,-1.3,-1.2,-0.9,-2.9,-4.0,-4.2,-1.7,-2.4,-1.4,-1.6,-0.4,2.8,1.3,-0.2,-1.7,-2.2,-1.7,0.5,0.5,-0.0,-2.1,-2.4,-0.7,-3.8,-1.6,0.6,2.1,3.3,-1.1,-1.2,-0.6,1.5,0.8,4.0,1.5,-0.1,-3.0,-1.5,-9.3,2.8,2.7,2.8,1.7,1.6,-0.9,0.0,1.6,1.3,-0.2,-1.8,-2.0,1.3,-1.9,-4.9,-1.4,-0.4,-0.3,7.9,3.1,-3.1,-6.6,-5.4,-0.3,-3.8,-1.5,-1.9,1.6,-0.7,-1.1,0.0,5.9,5.6,1.6,4.6,7.2,5.9,-6.4,-4.1,4.1,1.5,2.9,0.8,-1.9,-1.4,-3.2,0.6,1.8,0.4,-3.4,-0.2,-0.5,-2.2,0.8,0.6,-2.2,6.3,-7.1,-4.5,-1.6,-0.4,-0.3,-1.1,-1.9,-1.2,2.1,-2.2,-5.0,-4.8,-9.9,-5.5,-4.5,-4.8,-2.7,-1.0,-3.5,3.4,0.9,0.3,1.1,0.6,-1.1,-0.8,0.5,-4.6,6.6,-3.0,-4.1,-1.5,-3.5,0.3,-3.4,-1.3,-2.1,-5.5,3.8,-16.7,-10.9,-1.5
2C7L514IgQ,0,48.10163,11.625551,4442118.8,2777784.49,545.9,591.6,241,7294,2.9,0.81,0.41,32.64,348.96,-0.529,-0.103,0.842,-0.1,0.1,-0.47,0.22,0.9,0.2,-0.3,1.1,0.9,1.8,-0.2,1.4,0.6,0.4,0.4,-0.2,-4.2,-0.3,1.7,0.8,-0.1,1.3,-0.1,-1.4,0.2,-2.6,0.0,-2.9,-2.0,-1.7,-0.3,-1.4,4.2,-0.7,-1.8,-0.6,0.4,-13.3,-3.7,-2.6,-7.4,-5.5,-4.3,1.2,-0.4,-1.8,-1.2,-1.1,0.5,-2.0,-1.3,-2.0,-4.1,-10.3,5.8,6.4,-2.6,-0.7,-5.1,0.4,-2.6,-3.1,-6.7,-1.1,-3.3,-2.5,1.6,-1.9,-2.2,-1.1,-6.9,5.4,-1.2,-1.4,-0.9,-2.8,-1.1,-0.6,2.1,1.6,-0.4,0.4,-0.1,0.4,-0.0,0.1,-1.5,0.8,-2.6,-0.3,0.3,2.3,-3.3,3.8,0.3,1.0,-1.1,2.3,-8.4,-1.4,-0.7,-6.3,3.7,4.9,-2.1,-7.5,-1.2,3.0,4.3,-3.6,1.3,-9.4,-6.2,-3.2,-0.1,-2.3,-4.6,-1.4,2.4,3.7,2.0,0.4,-0.7,1.2,-1.0,0.1,2.0,1.5,0.4,-2.1,-2.5,-0.1,0.2,-2.5,-2.9,2.6,-5.8,-4.7,-3.3,-4.6,-5.0,-0.7,0.0,-0.2,-4.1,2.1,6.7,-1.4,2.4,-1.7,-7.4,1.8,1.8,-2.4,0.7,0.9,3.6,-1.8,0.2,1.7,1.6,2.7,-0.2,-0.2,-1.6,-3.4,1.5,-2.9,-2.7,-3.8,-2.3,1.6,0.7,1.9,-2.3,1.3,-0.4,0.7,-2.7,-3.2,-1.5,-0.7,-1.5,-0.4,-0.9,-2.9,0.7,1.3,1.8,2.2,0.5,1.4,4.8,-0.7,-0.8,-5.1,-3.9,0.7,-4.2,-1.7,-2.5,-0.3,-3.6,-2.7,-2.4,-4.5,-0.3,-3.8,-4.8,-7.7,-0.9,-10.4,-2.8,0.7,-3.5
2C7L514Igh,0,48.101737,11.626383,4442180.49,2777797.74,538.9,584.6,241,7311,3.2,0.77,0.43,32.64,348.96,-0.529,-0.103,0.842,0.2,0.2,-0.46,0.25,1.5,0.2,-0.3,1.9,-2.9,-0.5,-1.5,-1.7,4.3,-2.2,-5.2,2.9,11.8,-1.1,3.6,5.9,6.6,2.1,-3.2,1.4,-5.9,-5.4,-5.4,-5.7,-7.4,-1.3,-1.3,-3.1,-2.0,-1.6,-1.4,-3.6,0.6,-7.3,-3.9,-2.9,-5.0,-6.0,-2.3,-1.5,-4.7,-0.9,-2.3,0.8,-2.3,5.8,-0.9,-5.2,-0.8,-3.5,-1.9,-0.9,-1.5,1.9,0.2,-0.2,0.2,-2.9,3.2,-2.0,1.9,-2.6,-2.8,3.0,1.1,-1.5,-1.8,-0.2,0.7,-0.6,-1.3,-2.0,-1.8,4.1,0.5,2.1,-3.2,2.7,-0.8,-3.6,0.2,-2.0,-0.6,0.5,1.1,9.3,-0.3,-0.3,-2.9,-0.1,-0.7,0.9,-0.5,0.8,0.9,-2.8,3.2,1.1,3.7,6.0,-1.2,-2.4,0.4,1.2,-1.1,-1.1,-0.3,-1.7,-0.0,1.4,-0.8,-0.1,1.0,1.1,-0.5,0.1,-0.3,0.9,2.7,-3.9,-2.7,3.5,0.2,-4.0,-0.8,0.3,-0.9,-1.1,1.0,-0.6,0.2,-5.5,-1.0,-7.7,1.9,-0.0,-0.6,-1.4,-3.3,-2.0,-3.2,0.3,5.4,7.7,1.1,-1.6,2.4,2.1,3.4,11.7,1.1,2.8,5.7,-2.7,-0.8,3.9,2.0,-0.1,0.4,2.1,1.0,1.8,-1.6,-0.7,-2.6,1.2,-4.9,0.1,5.1,-5.2,-0.8,-4.2,2.7,1.6,-5.8,-2.6,-4.6,-0.5,-3.6,2.8,1.3,6.5,1.4,2.5,2.4,1.5,-0.0,2.0,1.0,-0.7,1.2,-1.2,-4.9,-9.8,0.9,-12.6,-12.6,3.2,-0.6,-2.7,-2.4,0.2,-0.4,-3.1,3.2,1.3,-0.5,5.2,3.6,5.0,-1.9
2C7L514Ih1,0,48.101891,11.627581,4442269.37,2777816.8,541.8,587.5,241,7331,4.1,0.63,0.46,32.65,348.96,-0.529,-0.103,0.842,0.2,0.2,-0.68,0.32,3.9,0.3,-0.3,-2.2,-1.5,2.9,-4.9,-0.6,-2.2,-3.5,-2.1,-3.8,4.3,0.1,2.9,2.2,3.8,-2.6,7.9,4.2,5.6,-1.7,-1.6,3.3,4.1,1.4,-1.8,-1.5,-1.5,1.3,0.1,-3.6,-6.7,-8.5,-8.3,-4.0,-5.0,-5.0,-5.0,-4.0,-4.7,-2.4,-2.4,2.3,4.5,-5.0,-2.2,-1.1,-1.3,-1.7,-0.6,2.4,-4.3,1.4,0.6,-4.3,2.0,2.9,3.1,3.5,8.1,-2.4,2.3,0.9,5.4,-0.7,9.3,3.1,4.9,5.7,-5.6,9.3,3.1,2.9,1.4,2.7,3.8,-0.2,1.7,-1.7,16.5,11.9,19.7,1.6,-0.7,4.2,-2.2,-2.5,-4.5,-4.3,-2.1,-3.9,-4.5,-4.7,-0.2,-7.5,-5.7,-3.3,-2.8,-2.1,-0.9,-5.2,0.5,-3.2,-5.6,-3.5,0.8,-6.0,1.8,-5.5,-0.4,-2.7,-6.4,-1.8,2.3,2.0,3.3,-0.4,-4.5,0.9,-1.9,-1.4,1.1,3.8,-0.2,6.8,-0.7,1.1,2.0,5.6,2.9,8.1,4.7,-4.4,-4.4,13.3,-4.2,-4.9,-3.3,-2.8,-6.6,4.0,-1.9,-9.3,2.5,0.9,0.9,2.6,4.0,-0.6,0.8,2.9,4.5,2.0,2.9,4.1,-0.2,1.0,4.2,2.4,6.7,2.3,-7.0,-3.7,-2.2,-3.5,-3.0,-3.6,1.0,-4.5,-9.1,-3.8,-1.3,-3.4,-7.5,-7.5,1.4,-0.6,-2.7,3.6,9.8,4.5,8.0,0.0,13.2,19.7,20.0,-2.9,1.6,0.4,-0.8,-0.1,-9.7,-3.4,-2.0,-4.7,0.7,-1.5,-5.0,-3.2,-4.2,-5.1,-3.2,-5.9,-2.5,-1.9,1.9,-2.0,1.9,-0.3,-2.5
2C7L514IhL,0,48.102021,11.628592,4442344.42,2777832.91,537.4,583.1,241,7351,2.3,0.82,0.35,32.65,348.96,-0.53,-0.103,0.842,-0.2,0.1,0.24,0.18,2.6,0.2,-0.3,-0.9,-0.0,-1.5,0.1,-1.2,-1.0,-0.3,-0.0,-1.1,-3.4,-0.6,-0.3,-0.1,0.9,1.9,3.2,6.3,5.3,5.8,6.1,3.9,4.3,1.5,6.2,7.0,6.8,5.1,2.7,1.2,2.5,1.5,0.8,2.4,2.5,2.9,4.8,6.2,5.6,6.1,5.2,3.7,3.8,5.3,4.8,4.3,1.6,0.9,0.2,1.0,-0.4,0.2,-0.1,-2.5,-0.3,-1.2,-0.1,-0.4,0.1,-0.8,-2.3,0.5,1.9,-1.9,1.4,-6.7,-2.0,-1.4,-12.4,-2.2,-0.6,-0.6,-2.5,-1.3,-2.4,0.2,2.6,2.2,1.7,3.0,3.8,1.8,3.3,3.4,3.1,0.5,5.0,3.8,4.8,5.3,4.1,2.7,-1.8,-4.3,4.0,3.8,2.0,-0.6,5.7,3.7,2.1,1.8,3.8,4.6,4.5,3.9,4.3,3.0,3.1,0.6,3.0,0.1,1.7,1.0,0.4,-0.2,0.0,-13.0,-0.3,-0.2,0.1,-1.1,0.3,-2.1,-3.3,-0.2,3.8,-2.0,3.6,3.9,2.1,1.4,5.0,4.8,4.9,4.5,2.5,5.1,2.3,5.9,3.3,1.5,-0.9,-1.9,0.3,-0.5,-0.3,-5.6,0.3,0.9,1.2,-0.8,-2.2,-2.6,-3.3,-2.8,-0.9,-0.8,-0.1,3.1,1.8,2.9,4.1,2.8,2.0,3.5,2.5,2.3,0.9,1.1,3.6,3.0,-0.2,1.0,0.4,-0.5,0.1,0.2,0.5,10.6,-0.0,-0.7,-0.5,-1.4,0.3,-0.0,2.7,1.3,4.7,4.0,0.6,2.2,3.9,4.7,2.6,4.5,2.2,3.2,2.3,0.5,0.6,-2.2,-2.3,-2.0,-0.8,1.2,-0.4,-0.7,1.6
2C7L514IiU,0,48.102542,11.632653,4442645.68,2777897.53,538.3,584.0,241,7422,2.4,0.79,0.37,32.67,348.96,-0.53,-0.103,0.842,-0.4,0.1,0.77,0.18,2.4,0.2,-0.3,1.0,-0.9,-1.9,-0.2,-2.9,0.9,0.9,2.1,-0.7,1.5,-1.1,0.9,2.0,0.4,0.3,1.7,4.0,2.8,0.1,0.4,0.1,2.0,-1.4,1.9,2.1,6.5,1.4,2.8,0.4,1.7,5.0,3.5,3.8,2.7,1.1,3.8,5.6,9.2,2.9,6.5,2.7,3.6,4.0,3.4,2.7,1.7,6.1,3.2,2.7,2.3,-1.7,1.7,0.1,-0.4,-3.1,-1.9,-2.0,0.6,1.8,-0.2,0.6,0.5,-4.0,1.1,-4.2,-0.4,-1.8,4.3,-6.8,-2.8,-5.4,-2.9,-1.5,-0.7,-3.6,-0.6,1.8,-0.3,-1.0,-3.0,-2.4,2.1,1.6,-1.8,-0.9,4.2,4.4,0.3,2.3,6.9,2.1,3.9,1.7,-0.7,5.2,1.6,3.4,6.3,3.7,1.4,2.3,3.1,4.1,1.9,-0.1,0.4,-1.8,-2.0,-0.5,0.5,-1.3,-1.8,-0.3,-1.4,0.8,-1.5,-4.9,-2.1,-2.6,-1.3,-3.5,-2.9,-1.8,-2.4,0.6,5.2,-5.8,1.2,0.4,0.0,-0.1,-1.8,2.7,3.6,0.4,2.2,6.1,-1.5,2.9,1.4,3.9,-0.1,-2.1,-4.3,-2.5,-2.8,-6.4,-5.4,0.5,-4.3,-8.5,-1.6,-4.5,-2.7,-4.2,1.4,0.9,0.3,2.5,1.3,-4.0,5.4,-2.0,-8.3,-0.7,-1.3,1.3,-0.1,1.5,-1.1,4.7,2.0,-2.4,-3.9,-1.7,-0.5,-1.4,-4.5,5.1,-1.2,-2.9,-1.0,-0.2,1.2,-5.0,0.5,-4.6,3.3,-1.0,2.3,8.1,5.7,8.2,1.3,2.0,0.9,4.1,-1.7,2.8,3.3,-1.9,1.9,-1.8,-1.2,-0.6,-1.9,-1.0,1.3
2C7L514Iio,0,48.102731,11.634124,4442754.81,2777920.9,554.2,599.9,241,7442,2.7,0.82,0.39,32.68,348.96,-0.53,-0.103,0.842,-0.6,0.1,-0.84,0.21,0.3,0.2,-0.3,2.2,-0.6,0.2,0.1,2.6,0.4,1.3,-2.6,3.0,-4.2,6.7,3.3,-0.6,-8.2,1.9,3.5,0.3,1.8,-1.1,0.3,-2.6,1.1,1.0,3.0,0.6,5.9,3.8,1.9,3.6,3.9,-1.0,-1.1,-3.7,2.1,-7.2,4.6,4.2,5.7,4.1,3.8,1.4,2.2,4.6,4.8,2.4,5.1,1.4,4.3,4.2,6.0,2.2,3.6,4.3,3.6,2.4,4.0,1.2,5.4,5.1,1.7,4.6,3.0,-7.5,3.7,6.8,3.8,3.9,2.1,6.7,6.5,2.7,5.3,1.9,3.1,3.6,6.1,4.1,3.0,2.6,4.2,4.3,3.4,-0.3,4.8,5.9,2.2,4.2,3.3,4.1,3.8,0.6,0.9,2.8,2.6,3.9,-2.4,3.1,4.9,7.6,2.7,6.5,6.9,6.0,5.9,4.5,1.2,3.6,6.0,3.8,2.0,4.5,2.8,3.0,3.1,3.5,1.3,5.1,2.5,3.6,2.1,2.8,1.2,3.5,1.7,1.7,4.4,2.2,4.9,2.8,2.3,1.1,2.9,0.9,1.1,5.4,0.2,-1.0,0.8,0.9,3.0,7.7,2.7,0.4,1.7,2.6,-0.3,-4.0,-0.6,0.9,0.1,-6.0,-1.8,0.1,6.8,2.1,-2.3,2.3,4.0,5.6,2.8,1.6,-1.0,-0.7,-2.3,-4.6,1.0,-1.7,-0.6,6.5,6.5,7.9,-1.3,-3.2,0.1,-1.2,-0.9,-0.2,0.9,7.2,-0.3,-1.2,-0.2,-3.3,-0.5,0.6,0.4,-1.4,-1.5,-1.9,0.2,-0.8,0.5,-0.9,-0.2,1.7,1.6,0.1,-7.5,2.8,-2.0,2.7,2.9,-4.1,3.9,5.3,1.7,-2.7,-1.1
2C7L514Ijg,0,48.103081,11.636852,4442957.19,2777964.35,535.9,581.6,241,7496,3.2,0.72,0.45,32.69,348.96,-0.53,-0.103,0.842,-2.7,0.2,1.94,0.25,0.4,0.2,-0.3,-1.3,-0.3,-3.0,-3.3,-2.0,-0.8,-3.9,-3.8,-3.0,0.1,-2.7,-2.7,-1.4,-2.4,-4.0,-2.3,-3.1,0.8,-1.8,-4.2,-2.4,-1.2,-2.6,-3.0,-1.0,-0.5,-3.9,-0.4,-3.8,-4.0,1.2,-5.7,-5.0,-7.1,-7.6,-1.9,-3.5,-2.2,-3.3,-1.4,-3.6,-2.5,-3.1,-3.8,-6.6,-0.9,-1.0,-4.3,-14.3,-8.9,-8.8,-3.8,-7.7,-11.6,-6.1,-0.5,-7.4,-8.9,-10.6,-8.5,-5.7,-12.8,2.6,-0.1,-11.1,-9.3,-8.3,-21.5,-15.9,-6.1,-10.8,-9.8,-11.4,-9.1,-5.1,-7.9,-6.0,-9.0,-7.9,-9.3,-14.0,-8.3,-11.7,-3.1,-6.9,-10.2,-7.9,-7.5,-9.9,-9.9,-11.9,-9.9,-11.7,1.5,-19.3,-19.3,-16.1,-17.1,-11.6,-13.2,-16.2,-15.9,-9.3,-9.9,-13.1,-13.0,-15.6,3.2,-18.3,-15.3,-14.0,-16.7,-11.8,-16.1,-9.4,-11.6,-11.1,-10.4,-12.6,-16.1,-12.3,-12.2,-12.5,-13.3,-13.1,-10.3,-9.9,-10.8,-12.8,-14.4,-8.7,-13.1,-9.5,-13.2,-13.6,-13.3,-12.4,-12.8,-10.2,-11.0,-11.0,-12.8,-14.6,-13.9,-15.8,-15.6,-10.7,-13.4,-14.1,-12.9,-12.9,-15.0,-14.7,-16.3,-14.6,-12.6,-10.6,-13.3,-12.9,-7.9,-17.1,-17.7,-12.8,-19.3,-14.3,-12.9,-11.9,-15.1,-12.2,-10.7,-9.0,-15.9,-15.2,-14.6,-13.3,-14.1,-15.1,-14.3,-11.7,-13.2,-14.6,-13.4,-12.8,-13.8,-13.6,-13.8,-12.8,-12.2,-16.7,-18.0,-19.2,-16.4,-16.5,-14.2,-14.7,-15.3,-17.4,-13.5,-13.4,-14.5,-12.9,-13.2,-16.4,-14.5,-15.0,-16.0,-16.5,-14.4
2C7L514Ik2,0,48.103297,11.638535,4443082.04,2777991.09,558.1,603.8,241,7518,3.1,0.8,0.43,32.7,348.96,-0.53,-0.103,0.842,1.1,0.2,0.47,0.23,0.3,0.2,-0.3,1.1,-1.9,0.9,-2.8,-0.5,-1.1,-2.5,0.1,1.7,3.0,1.9,1.5,3.0,1.8,3.1,2.2,-1.4,3.0,2.8,1.6,-2.6,-1.7,-1.2,1.2,2.9,0.8,3.3,-0.1,2.1,2.3,1.7,-2.7,1.1,-2.1,-3.1,-0.4,2.8,2.9,-3.1,3.9,3.8,2.0,4.8,1.0,3.9,1.8,1.7,2.6,1.3,4.0,1.2,2.7,1.2,2.6,2.8,-1.2,3.8,-0.3,2.0,0.1,0.1,2.5,-3.2,-0.7,-1.6,0.5,0.4,0.5,0.7,2.1,1.4,1.5,1.4,3.2,1.6,1.9,2.0,2.3,1.5,-1.0,-0.7,2.7,0.9,3.5,-0.5,3.1,0.4,0.6,-1.6,1.9,0.1,-1.4,1.2,1.9,2.4,0.8,1.8,5.7,2.6,3.0,1.1,1.8,3.7,2.4,3.2,5.9,2.8,7.9,0.6,6.0,3.3,2.3,2.1,1.9,0.9,2.9,5.3,-0.4,0.6,3.1,-0.2,2.4,1.7,4.0,2.9,4.7,2.4,1.2,3.7,-0.0,7.5,2.7,3.5,5.2,0.8,-1.7,-1.6,1.8,7.3,-0.1,4.6,-3.2,1.8,-2.6,5.1,7.7,3.6,7.8,-2.0,6.4,-2.5,-2.0,3.4,-0.4,-2.1,3.5,3.4,6.1,7.0,4.1,1.3,-0.0,8.9,-8.3,0.6,6.9,2.7,0.0,4.8,5.1,-0.6,1.1,5.6,8.4,11.7,-1.4,12.2,2.5,-6.1,4.3,0.1,5.4,6.3,4.1,2.0,3.9,1.2,18.3,9.6,8.4,5.1,14.1,7.1,8.4,12.0,10.8,8.0,1.0,3.4,1.1,6.5,2.4,2.8,4.3,2.1,12.3,9.0,6.8
2C7L514Ik3,0,48.103244,11.638117,4443051.02,2777984.48,535.0,580.7,241,7519,2.6,0.81,0.43,32.7,348.96,-0.53,-0.103,0.842,-0.6,0.1,-0.82,0.2,1.7,0.2,-0.3,0.2,0.7,-0.5,0.3,0.1,-1.3,2.0,-0.0,0.4,-1.2,-0.5,-1.9,-4.9,-1.4,-1.5,-0.5,-4.5,-6.5,-0.3,-7.0,-3.5,-1.2,-1.4,0.2,-1.0,2.6,5.1,-0.5,4.6,-0.4,6.2,-2.5,-1.3,-2.5,-6.4,-3.1,-1.3,-1.0,-2.1,-2.8,0.9,-0.2,-4.9,0.8,-5.0,2.1,-1.6,-4.0,3.3,-1.0,3.4,0.5,1.0,0.4,0.3,2.7,0.6,1.5,1.6,1.6,5.3,2.6,1.1,1.1,2.2,-1.1,2.0,-2.3,0.5,1.5,1.1,0.9,1.5,1.3,1.7,0.4,0.6,1.5,-1.3,-1.3,-1.0,-0.3,0.1,-1.2,0.2,-1.9,-1.0,-0.3,-4.2,0.6,-0.6,4.3,-3.8,-4.3,-12.5,-2.7,-3.3,-4.2,-2.8,-1.0,-1.8,-2.8,-2.8,-0.9,-0.2,-1.4,0.9,1.1,-2.7,-0.4,-0.0,2.1,-0.6,2.4,1.0,0.6,1.6,0.6,1.9,-0.3,0.3,0.5,1.4,2.4,1.1,-0.2,0.3,-1.3,1.7,-1.8,-1.4,3.4,-3.4,-0.2,-2.4,-5.5,-2.1,-6.0,1.2,1.0,-0.3,-5.1,0.1,-2.4,-1.2,-0.7,-4.6,2.3,-1.0,-2.0,0.4,1.6,5.0,2.0,0.3,-0.1,0.3,-0.8,3.0,1.1,-0.4,-7.0,-4.1,-7.0,0.9,1.2,-14.0,-3.7,-0.4,-1.5,-0.3,-2.8,-0.9,-4.0,-5.1,1.9,-0.7,1.6,-8.7,2.6,2.0,3.5,-0.0,-0.2,-0.7,2.1,-1.6,-3.9,-4.6,-5.4,-7.6,-5.6,-9.3,-7.7,-2.8,-5.2,-9.5,-5.9,-2.5,-3.2,-3.9,-6.2,-4.0,-3.4,-2.0,-4.4,-3.5,-1.0
2C7L514Ik4,0,48.10326,11.638244,4443060.48,2777986.51,538.5,584.1,241,7520,4.1,0.64,0.5,32.7,348.96,-0.53,-0.103,0.842,-0.9,0.2,-1.14,0.31,2.0,0.3,-0.3,-0.9,0.5,-2.8,-7.8,-2.7,-1.1,6.3,-1.3,0.6,-0.1,-1.7,-0.5,-5.2,-2.6,-2.5,-1.1,0.5,-3.1,-0.8,-5.1,-2.9,0.2,3.3,2.1,-1.9,3.7,6.1,4.2,2.8,1.0,6.7,-0.8,-1.5,-0.8,-9.8,0.5,-2.6,-0.6,11.0,-6.7,4.3,2.6,-4.4,3.9,-6.4,-13.7,-2.3,-4.7,10.1,1.3,6.2,2.7,4.5,0.2,2.6,0.3,3.4,2.9,4.0,3.5,7.3,4.0,3.9,5.5,-0.2,4.0,4.3,2.0,5.7,1.4,6.8,-0.6,1.5,3.4,1.5,-0.0,-1.3,-0.9,-2.5,0.6,-1.6,-1.7,-1.8,3.3,3.0,-2.7,0.7,-0.9,-4.8,1.3,-5.1,2.9,-3.6,-3.6,7.2,3.8,9.9,1.3,-0.4,-4.5,0.0,-2.3,-4.5,0.5,-0.6,-1.8,-2.5,1.5,-4.7,-0.5,1.3,4.1,2.2,1.2,-0.6,-1.1,3.0,0.0,1.2,-0.5,3.8,-3.1,-1.2,2.6,-0.2,1.4,3.5,-1.0,-0.0,-2.1,2.0,2.6,-1.2,-0.6,-1.0,-7.5,-1.1,-8.9,-1.9,3.0,5.9,-6.4,1.8,-2.5,-2.6,-0.8,3.5,-3.9,-0.5,1.8,2.1,6.7,4.4,1.2,2.6,1.9,2.0,0.0,5.0,3.9,5.2,-7.0,-13.4,-7.8,-20.4,-1.0,-11.1,-1.9,-4.4,-4.7,-1.6,-3.9,-1.6,-1.5,6.7,-1.0,-1.7,-1.9,1.9,3.7,-0.7,4.9,-0.8,3.1,-1.1,-1.5,-14.0,-6.7,-0.2,-11.1,-14.0,-6.2,-8.9,-9.7,-3.1,-10.8,-12.0,-8.4,1.0,-0.9,0.9,-5.4,-1.7,-4.2,-0.9,-3.6,-5.7,-2.4
2C7L514Ik7,0,48.103277,11.638376,4443070.27,2777988.61,536.6,582.3,241,7523,3.9,0.7,0.46,32.7,348.96,-0.53,-0.103,0.842,-0.6,0.2,-0.6,0.3,0.5,0.3,-0.3,4.1,1.5,0.8,0.2,4.2,1.7,0.7,1.9,2.7,-0.4,-0.9,2.8,-2.3,1.1,-1.7,1.1,-1.3,-3.6,-0.5,-5.4,0.3,-2.5,1.2,-4.0,1.5,0.1,1.2,2.9,1.8,-3.8,8.5,-5.3,-1.5,-1.3,-1.7,-1.2,-1.0,-0.2,-1.0,-2.3,-1.2,-2.1,-3.5,-0.7,-0.1,-1.2,-0.0,-5.2,0.1,-0.4,0.7,0.2,-0.7,-0.5,-1.4,1.7,-0.2,-0.3,-0.0,-2.3,-2.5,-1.4,-4.3,-0.9,0.7,1.2,0.6,-1.3,2.0,2.0,-0.3,0.1,2.9,-0.4,-0.7,-1.5,-1.9,0.9,0.9,2.6,-0.9,3.6,1.0,-0.5,-0.8,2.3,2.9,2.6,-0.2,-3.4,-5.0,-3.6,-5.1,-2.9,-1.1,-2.3,-0.1,-0.3,4.3,-2.1,-0.4,3.2,-6.7,4.4,2.2,1.4,5.4,8.6,0.7,1.9,1.3,3.2,1.5,2.4,2.8,3.0,-0.6,2.6,6.4,-1.3,-0.7,0.1,2.9,2.7,2.7,6.7,-4.7,-5.6,8.1,7.7,-4.4,-7.8,-0.7,2.1,-0.6,-1.0,12.2,3.8,3.3,-5.6,-1.4,-3.7,-2.8,-2.1,4.5,0.5,2.7,3.5,-5.2,5.3,-12.2,0.5,9.9,1.7,-0.9,-0.2,-1.8,-4.3,-1.5,-0.3,-3.1,-5.9,-1.9,-7.2,-7.3,-5.2,-3.5,-0.6,-4.4,1.2,0.7,-2.2,-7.9,-2.1,3.6,0.4,-3.2,-3.1,-3.0,-3.0,-4.6,0.7,-13.5,-4.6,-2.0,-4.6,-5.8,12.9,-3.5,-4.5,-11.9,10.7,-11.8,-9.6,8.8,3.2,2.9,0.5,7.6,2.8,-3.7,-1.4,-6.1,-2.7,-10.2,-3.6,-0.9,-8.3
2C7L514Ifk,0,48.101316,11.622965,4441926.85,2777745.41,536.5,582.2,241,7252,3.3,0.78,0.41,32.6,348.92,-0.529,-0.104,0.842,-0.6,0.2,0.21,0.25,0.3,0.2,-0.3,-3.8,-2.0,-3.2,-3.1,-4.5,0.7,-1.0,0.2,2.6,-5.3,1.4,-2.6,3.6,2.2,3.9,2.4,2.2,1.2,-0.2,0.1,0.2,4.5,0.8,9.6,1.8,10.5,-0.3,3.0,2.5,2.5,-11.4,0.3,-2.2,-2.1,-9.8,-6.0,1.2,-1.8,-0.9,-1.0,3.0,-0.1,2.9,0.7,0.6,-0.0,6.6,7.2,3.8,1.6,3.2,1.0,0.2,4.4,-2.7,1.5,3.2,1.1,-2.2,1.3,3.4,0.6,3.8,1.3,2.9,1.8,-1.0,-9.3,-2.9,4.3,4.3,-2.5,-0.5,3.0,2.0,-3.0,-0.5,0.9,-0.4,-3.0,-0.3,-2.4,0.9,-0.0,-0.1,-0.0,-1.0,1.0,2.1,-1.5,-0.2,-3.5,-1.9,-2.6,-2.5,-1.6,0.4,-3.1,2.4,0.6,-2.2,-0.9,0.4,-1.6,-3.9,0.4,-0.6,4.1,1.7,2.0,0.7,4.3,-1.6,-4.3,-3.3,-1.9,-2.3,-2.0,-2.2,-1.1,-2.0,5.7,-0.0,-3.3,-3.6,-1.6,-0.6,3.2,3.5,-1.9,-5.1,-4.0,2.8,1.1,-5.1,-2.0,0.9,-3.8,-1.8,-5.4,-7.1,0.9,-3.5,-2.0,-1.0,-1.4,0.1,-1.7,-1.9,0.4,-3.9,-0.9,-3.3,-3.6,-4.6,-0.3,-5.4,-4.1,0.3,1.5,-2.2,7.3,-1.3,-9.7,-3.5,3.2,1.7,-5.9,1.1,-0.8,-4.6,-1.2,-3.5,2.8,3.1,-18.9,3.5,-3.9,-6.8,-0.7,0.1,-1.1,-3.9,-1.3,3.9,0.1,-1.3,-2.7,-2.2,-2.9,-4.1,-1.9,-4.4,-7.3,-2.1,-0.8,-3.4,-1.6,-0.9,-3.0,-0.4,-0.6,-4.6,0.9,2.2,1.2,2.0,-4.3
2C7L514Ifo,0,48.101364,11.623335,4441954.35,2777751.29,545.2,590.9,241,7256,3.2,0.79,0.42,32.6,348.92,-0.529,-0.104,0.842,-0.3,0.2,0.5,0.25,0.8,0.2,-0.3,-6.3,-8.6,-2.4,-3.2,-2.9,5.2,-0.4,2.7,0.5,3.0,-1.7,9.8,-2.8,-0.4,-1.6,0.0,-2.3,-2.0,-2.6,-1.9,-2.3,-1.2,-0.7,-4.8,-1.2,-0.6,-1.5,1.4,-2.1,-4.7,7.3,-8.2,-8.4,-6.1,-6.8,-5.0,-2.5,1.0,-1.1,-1.7,-5.4,2.5,-2.6,-2.0,-3.9,-1.6,-2.0,-4.1,-1.6,-3.9,-1.5,-3.0,-4.2,-5.1,-3.4,2.2,-1.6,-3.3,-2.9,-4.7,-2.9,-2.7,-9.0,-2.1,-3.4,-1.6,-3.4,1.3,-3.3,-4.8,-1.4,-4.2,-4.1,-3.6,-4.0,-5.4,-3.3,-5.3,-7.8,-5.1,-4.8,-3.9,-4.2,-5.1,-5.4,-5.1,-6.9,1.3,-3.0,-8.9,-11.0,-9.3,-5.7,-7.2,-5.6,-2.6,-2.6,-7.0,-5.4,-6.4,-4.5,-8.5,-4.2,-0.6,-5.5,-2.8,-5.7,0.3,-1.8,-5.6,-2.8,-2.6,-4.1,-5.7,-3.1,0.1,-7.5,-3.4,-4.3,-4.9,-6.7,-5.3,2.6,-1.3,9.6,-3.9,0.7,-4.4,-3.4,-3.7,-4.1,-6.2,-0.7,-3.0,-4.2,-4.0,-3.0,-6.5,-2.1,-2.2,0.1,-4.2,-5.3,-2.0,-4.5,10.2,-6.4,-4.0,-3.8,-2.3,-1.8,-5.8,-3.1,-2.5,-4.1,-3.8,-4.6,-5.9,-5.3,-6.8,-4.3,-7.1,-6.1,-7.2,-4.3,-3.8,-2.9,-0.9,-0.8,-1.6,-4.8,-1.3,-4.8,-10.1,-7.0,7.7,-6.7,-7.0,4.6,-4.8,-5.7,-5.1,-4.8,-4.9,-3.2,-3.7,2.8,1.6,-0.8,-15.3,-2.7,-4.6,0.1,-3.5,-1.5,-7.5,-2.7,-5.6,-6.9,-7.7,-4.2,-4.5,-5.3,-2.4,-2.1,-3.9,-4.0,0.7
2C7L514Igr,0,48.101839,11.627036,4442228.89,2777810.18,544.8,590.5,241,7321,4.3,0.65,0.47,32.64,348.96,-0.529,-0.103,0.842,-1.1,0.2,0.31,0.33,0.5,0.3,-0.3,2.9,3.0,0.7,-2.0,-2.3,1.9,0.5,-2.5,-0.6,-2.4,3.0,-2.9,-4.1,-0.7,-0.6,-5.6,11.0,8.6,-2.8,-0.4,-6.1,-1.0,7.5,-3.4,-4.9,-3.2,-9.6,-2.8,-10.3,-9.7,-10.4,-5.8,-2.4,-0.9,-7.0,-6.3,-6.3,1.5,7.3,5.0,-1.2,2.1,-12.9,-3.1,-7.6,-2.0,-8.8,-5.2,-3.9,-1.3,-6.5,-2.9,-2.2,-2.3,-4.0,-2.3,-1.8,-1.1,-0.8,-3.0,-3.6,0.3,-6.3,-5.0,-8.6,-3.4,-5.0,-4.8,-1.8,-3.3,-2.9,0.8,-4.6,-2.4,-7.2,-1.8,-5.8,-7.7,-5.4,-17.9,0.7,-1.0,-3.4,-1.8,3.7,-15.1,-2.3,-0.8,-13.7,3.7,-4.3,-7.2,-6.8,-2.8,-5.8,-6.5,-2.6,8.6,-0.6,-13.3,-6.1,-3.4,-2.2,-6.0,-0.6,-9.7,-3.8,-5.5,-6.0,-5.2,-5.7,-4.0,-5.2,-5.0,-2.6,-2.8,-7.3,-4.1,-5.5,-0.7,1.7,-4.0,-5.6,-4.7,-2.1,-2.9,-5.6,-5.9,-4.8,-9.7,-9.1,-6.6,-10.6,-1.8,-9.7,-0.8,-11.8,-6.5,-4.1,-1.6,1.3,0.6,-4.4,-5.7,-5.5,-4.9,-7.6,-4.7,-7.6,-4.7,-6.3,-3.4,-1.2,1.0,-1.0,-13.7,1.2,-3.2,-0.3,-2.8,-8.0,-12.5,-4.6,-8.2,-8.2,-5.1,-4.4,-6.5,-1.5,-19.6,-1.1,-5.0,-12.2,-13.4,-6.7,-8.1,-8.0,-9.9,5.0,-19.3,-4.5,-6.2,-2.9,-12.2,-4.6,2.0,-7.7,-6.1,-4.3,-6.7,-5.6,-13.0,-6.5,-5.1,-11.9,-6.8,-4.8,3.9,-4.8,-5.3,-8.5,-8.5,-7.6,-7.9,-7.2,-6.4,-10.1,-14.4
2C7L514Igz,0,48.1019,11.627507,4442263.87,2777817.69,544.9,590.6,241,7329,4.4,0.67,0.52,32.65,348.96,-0.529,-0.103,0.842,1.4,0.2,0.36,0.33,1.1,0.3,-0.3,-1.0,-5.7,-2.1,-0.5,-4.8,0.8,-1.0,-5.3,0.5,3.0,5.5,3.0,-0.8,3.7,-2.4,3.3,2.1,1.5,-2.4,-0.6,-3.5,-2.9,1.2,-3.5,8.6,1.2,-2.8,3.4,0.5,-0.1,-7.1,2.1,-6.0,-2.0,-1.5,-5.2,0.1,-0.5,1.8,-3.3,3.0,-3.3,-2.4,-3.2,0.8,-1.3,-1.0,-4.7,-8.4,9.4,-7.9,6.5,1.4,1.9,-1.6,0.4,0.5,-1.2,-1.8,-0.3,-0.6,4.6,-8.9,-2.7,-0.2,-2.8,-2.7,-6.5,1.0,-1.0,-1.9,-4.8,-7.0,-4.9,-2.4,-8.8,-1.1,5.4,3.6,3.2,1.1,-1.1,7.3,-4.3,-0.1,-1.7,15.1,-1.7,-1.0,-8.4,-3.0,1.4,-8.4,-4.0,0.4,1.2,17.7,0.2,12.9,0.2,-2.3,3.4,2.5,4.3,-0.8,18.6,12.0,0.7,-2.9,-3.2,-2.0,1.4,-3.0,-1.4,-2.6,0.1,12.0,0.7,0.5,-1.4,-3.0,-1.6,-0.1,-3.0,-2.5,-2.4,2.9,2.7,-3.8,-3.8,-7.0,0.9,-5.9,4.5,9.3,1.8,1.0,4.9,8.2,6.1,-0.2,6.5,6.0,2.3,2.7,1.2,-4.8,2.6,2.3,2.4,5.7,-0.2,4.9,3.5,3.9,2.5,1.9,-4.8,4.6,1.4,1.9,3.9,3.1,-3.2,2.7,6.6,0.9,3.3,9.7,7.0,10.3,4.5,5.1,9.4,-1.1,21.1,3.1,1.5,1.0,2.4,6.2,5.6,3.5,4.6,2.1,11.7,3.7,7.6,6.6,7.7,3.8,3.8,1.6,-2.5,2.9,8.4,2.8,9.3,4.3,4.0,5.1,8.7,3.4,6.1,5.8,4.7,4.5,5.7
2C7L514IhQ,0,48.102079,11.628899,4442367.14,2777839.85,538.1,583.8,241,7356,1.6,0.92,0.36,32.65,348.96,-0.53,-0.103,0.842,-0.7,0.1,0.08,0.12,1.2,0.1,-0.3,-0.4,-0.1,0.3,0.3,-1.1,0.8,-1.0,0.3,2.3,0.8,3.6,4.0,-0.4,1.1,-1.9,-1.7,-1.0,-3.0,-2.8,-3.7,-2.2,-2.8,-1.0,-1.9,-0.7,-0.5,-0.7,0.1,-2.6,-5.4,-6.3,-6.4,-5.1,-4.8,-7.1,-4.0,-0.6,-4.1,-1.1,-2.5,-1.8,-0.5,-1.9,-2.5,-4.7,-2.4,-2.5,-3.4,-1.8,-1.4,-1.3,-0.6,-0.5,-1.3,-1.4,-0.5,-0.4,-1.1,-1.2,-2.2,-2.4,-3.4,1.5,-4.2,-0.7,0.1,-0.5,-2.1,-2.7,-1.3,-0.2,-2.0,-0.6,0.3,-0.8,-1.4,-1.8,-1.3,-0.6,-1.9,-1.9,-2.1,-1.1,-2.1,-1.9,-3.8,-3.4,-3.5,-3.5,-2.3,-1.9,-3.7,-4.2,-2.4,-3.7,-4.8,-2.7,-1.8,-3.7,-3.0,-3.4,-3.7,-4.3,-3.0,-3.3,-3.7,-2.7,-2.3,-3.2,-2.8,-3.7,-2.4,-3.0,-1.6,-1.3,-1.3,-2.8,-2.0,-1.7,-0.3,-3.0,-1.4,-0.3,-1.0,-5.8,-2.2,0.6,-0.4,-3.8,-4.8,-5.9,-4.9,-2.9,-4.2,-5.0,-6.2,-4.7,-7.1,-2.3,-2.9,-2.2,-3.8,-4.3,-5.0,-2.7,-3.3,-2.7,-2.4,-3.7,-4.1,-4.4,-5.8,-5.7,-0.7,-6.4,-3.1,-1.2,-3.4,-0.7,-2.3,-6.5,-5.7,-5.8,-5.4,-4.2,-0.0,-5.7,-6.0,-2.8,-3.7,-4.2,-8.0,-6.3,-4.8,-1.8,-2.6,-2.7,-3.1,0.1,-4.1,-3.1,-4.4,-3.4,-0.6,-0.9,-2.1,-3.9,-3.8,-4.5,-7.9,-10.5,-4.7,-5.4,-5.9,-4.7,-3.9,-4.7,-6.7,-5.5,-3.1,-3.7,-7.1,-5.9,-4.5,-3.0,-3.8,-4.1,-6.9
2C7L514Ihb,0,48.102142,11.629392,4442403.7,2777847.71,531.0,576.7,241,7367,2.4,0.84,0.4,32.66,348.96,-0.53,-0.103,0.842,-0.1,0.1,0.21,0.18,1.6,0.2,-0.3,-0.9,-3.3,-4.2,-1.9,2.1,1.4,-2.2,0.4,-1.3,1.6,2.4,3.4,5.5,2.3,-1.6,-6.1,-0.7,-6.3,-1.4,-5.2,-4.1,-1.3,-0.2,0.2,-3.4,-0.9,-4.0,-0.8,-3.0,-3.0,-4.4,-7.1,-6.2,-6.1,-6.6,-5.8,-3.6,-4.7,-3.1,-1.9,-4.2,0.2,-9.1,-5.3,-8.5,-3.6,-1.0,-1.2,-3.2,1.2,-1.3,-0.0,-2.4,-1.5,-2.3,-1.6,1.1,0.2,0.4,0.8,0.3,0.5,-1.6,1.9,8.5,1.9,-0.2,-10.0,-1.0,-1.8,2.4,-3.0,0.0,-0.8,-1.9,-4.3,-1.9,-2.1,-3.4,-2.3,-4.3,-7.5,-2.1,-1.0,-2.2,-3.7,-2.9,-5.3,-6.9,-5.8,-6.7,-4.2,0.0,-0.2,-5.6,-5.2,0.0,-1.6,-7.6,-2.1,-5.0,-4.2,-2.7,-3.4,-1.2,-3.3,-2.2,-0.6,-2.8,-3.6,-6.6,-2.3,-1.3,-2.6,0.1,0.4,-1.0,-1.3,-0.9,2.6,0.3,-2.4,-0.9,-3.3,-2.7,-5.9,0.4,-6.9,-5.5,-3.0,-4.0,-3.8,1.8,-4.0,-9.3,-3.0,4.5,-6.6,-5.5,-2.0,1.1,-2.6,-3.5,-3.0,-1.8,-2.2,-2.1,-0.7,-1.2,-2.7,0.6,-4.5,-3.9,-2.6,-2.3,-2.8,-1.7,-1.3,-0.8,-3.8,-3.0,-2.2,-2.2,-4.9,-5.4,1.3,-3.2,-1.5,-1.6,-2.6,-1.4,-1.7,-0.5,-0.9,0.0,-0.8,-0.8,-1.3,-2.9,-2.9,-3.1,-2.1,-1.3,-4.0,-3.9,-4.9,-0.6,-3.1,-4.7,-5.4,-3.8,-1.8,-1.8,-6.6,-6.2,-4.1,-3.7,-2.0,-2.4,-4.4,-0.9,0.6,3.2,2.1,-1.5,-1.0,-4.2,-1.7
2C7L514Ihn,0,48.10224,11.630156,4442460.42,2777859.86,535.6,581.3,241,7379,2.5,0.85,0.35,32.66,348.96,-0.53,-0.103,0.842,-0.6,0.1,0.26,0.19,0.7,0.2,-0.3,-1.7,-1.7,3.3,1.6,-2.4,-0.3,1.0,-0.6,0.7,4.5,0.9,-0.4,2.3,-1.4,-1.2,-1.7,-2.5,-1.3,0.0,-3.3,-2.8,-2.2,1.4,1.7,0.9,0.7,-0.8,1.7,-3.1,-1.2,-1.9,-5.8,-4.2,-2.0,-3.6,-0.7,0.8,-1.0,1.0,-0.2,-0.3,-5.0,-1.4,-5.0,-2.3,-2.4,-1.9,-3.3,-2.1,-0.8,-1.8,-0.1,-3.8,0.8,-0.6,1.0,-0.2,-4.3,1.6,-2.4,-1.6,-0.3,4.7,-8.9,-6.4,-0.5,-4.3,-2.2,1.8,0.1,-0.2,-0.2,0.4,0.8,-4.5,-4.2,-1.1,-1.5,0.1,-2.1,-1.6,-3.9,0.4,-0.1,-4.8,-2.3,-1.1,-3.7,-5.3,-2.3,-4.0,-3.5,-2.4,-6.4,-3.1,-2.4,-0.1,-0.1,-3.6,-1.0,-3.1,-6.3,-2.4,-1.8,-2.8,-0.7,-3.6,-1.5,-2.8,-1.8,-0.9,1.6,-2.0,-0.6,-2.7,-2.8,-3.3,-1.9,-2.1,-1.5,-7.4,-1.0,1.1,-1.8,-3.0,-0.7,-0.1,1.1,-2.5,-1.9,-3.5,-3.1,-1.5,-1.5,-2.5,-7.8,-3.4,-5.0,1.4,-0.6,-2.1,-1.1,-4.2,-4.5,-6.8,-2.8,-0.3,0.8,-2.1,-2.6,0.2,-3.0,-6.0,-5.0,-5.2,-5.0,-3.0,0.1,-3.1,-2.5,-6.8,-6.4,-1.3,-8.1,-3.6,0.7,-3.3,-5.8,-0.6,-3.8,-5.7,-3.5,-7.3,0.0,-11.7,-10.9,6.9,-4.1,-7.7,-1.8,2.9,0.1,-3.5,-0.5,-0.7,-4.4,-3.1,-3.6,1.3,-1.3,-8.0,0.5,-6.6,-7.8,-4.5,0.8,-3.9,-7.4,-3.3,-5.2,-5.4,-1.4,1.2,-2.6,-4.0,-5.2,-4.5,-2.3
2C7L514Ihv,0,48.10231,11.630702,4442500.9,2777868.54,538.7,584.4,241,7387,2.2,0.87,0.31,32.66,348.96,-0.53,-0.103,0.842,-0.9,0.1,0.02,0.17,1.6,0.1,-0.3,-1.1,-0.5,-2.1,-1.3,-3.3,2.2,-0.4,-0.2,0.2,2.5,-0.7,1.6,-1.0,-2.4,-1.5,-2.0,-3.6,-3.6,-5.6,-5.1,-5.0,-3.6,-2.2,-1.7,-2.2,-0.5,-2.8,2.3,-1.2,-3.0,-4.6,-8.6,-7.3,-6.2,-8.1,-5.7,-1.0,-0.3,-2.0,-1.9,-4.5,-0.3,-3.8,-3.2,-2.6,-4.0,-2.5,-3.8,-4.2,-3.2,-2.7,-2.1,-3.0,-1.5,-3.4,-1.4,-1.5,-1.7,-2.9,-1.7,-1.3,-1.6,1.9,-0.9,0.7,-1.3,-2.1,-11.0,-2.4,3.0,-0.5,-2.8,0.2,-2.7,-3.4,-3.2,-2.0,-14.7,-2.0,-5.0,-1.2,-4.2,-3.6,-4.2,-4.4,-1.2,-3.4,-5.4,-3.0,-5.6,-5.7,-5.8,-4.4,-3.9,-4.1,-3.1,-3.5,-3.3,-2.8,-4.6,-5.7,-4.9,-3.7,-4.3,-4.1,-4.0,-3.9,-5.1,-4.0,-4.9,-4.0,-4.6,-3.9,-3.3,-2.9,-2.9,-4.2,-0.3,2.5,-2.6,-3.9,0.3,-2.3,-6.0,-5.3,-2.5,-2.3,-4.3,-11.1,-6.4,-3.6,-4.2,-2.7,-4.8,-10.1,-7.2,-6.4,-8.3,-3.9,-2.6,-1.0,-2.8,-5.5,-3.1,-5.7,-3.0,4.5,-3.2,-4.7,-5.1,-1.4,-6.5,-6.0,-5.5,-5.8,-5.9,-7.8,-4.4,-6.7,-6.0,-8.2,-7.8,-4.1,-7.7,-8.8,-0.7,-2.6,-6.2,-3.8,-5.4,-5.6,-7.3,-5.2,-1.2,-4.2,-4.9,-2.1,-2.6,-2.6,-3.5,-6.1,-4.6,-3.7,-2.8,-6.3,-6.1,-2.7,-6.4,-6.8,-9.8,-9.9,-8.0,-9.7,-10.1,-8.7,-8.8,-6.9,-7.7,-7.9,-8.2,-5.2,-6.1,-6.8,-4.4,-4.6,-4.7,-4.3,-6.2
2C7L514Ii1,0,48.10236,11.631089,4442529.63,2777874.7,541.3,587.0,241,7393,3.4,0.71,0.43,32.66,348.96,-0.53,-0.103,0.842,-1.0,0.2,0.15,0.27,2.5,0.2,-0.3,-0.1,1.9,-1.6,-0.5,-0.4,1.3,-0.8,-1.3,0.3,2.6,0.5,3.3,1.0,0.4,-2.7,-0.5,-2.3,-2.5,-3.1,-1.8,-2.8,0.2,-2.4,-5.3,-0.8,1.1,-0.8,-0.0,-0.5,-6.3,-4.6,-6.6,-7.3,-5.1,-6.5,-4.7,-2.2,1.8,0.6,-4.3,-1.8,-4.0,-2.6,-0.2,-4.7,0.5,-1.3,-2.7,0.8,0.3,1.8,1.6,2.4,1.1,1.1,1.0,2.1,1.3,1.3,-0.1,1.4,-0.1,-0.6,2.7,11.0,3.5,0.8,10.8,-0.8,1.3,0.2,-0.8,0.7,0.6,-1.2,-0.9,-1.1,5.9,-1.5,-1.3,-1.7,-2.8,-1.4,-1.6,-0.8,3.5,-1.6,-0.8,2.8,-2.0,-2.0,1.0,-8.7,-4.5,-1.6,-1.9,0.4,-0.5,-2.6,-4.0,-4.6,-2.1,-1.6,-1.6,-3.8,-2.6,-3.1,-7.7,-1.9,-7.5,-1.7,-4.4,-5.6,-2.2,13.5,1.3,-9.2,0.1,0.4,-4.0,-2.7,-0.0,-1.9,-0.6,-3.3,-2.1,-1.5,-3.3,-4.9,-6.0,-6.5,-4.5,0.8,-2.5,-13.6,-7.0,-6.3,-5.1,-1.3,0.9,6.8,-3.3,-2.8,-4.9,-0.7,-6.4,-6.3,-1.8,-3.6,-1.6,1.6,1.0,-5.0,-2.0,-2.9,-2.9,-3.1,-9.3,-7.1,-7.9,-6.9,-8.6,-2.4,-5.5,-5.7,-5.8,-9.6,-9.9,-5.8,-4.0,-4.0,-9.7,-0.3,-12.3,3.8,-1.9,-10.1,-0.1,-6.1,-3.1,8.6,-5.8,6.9,-8.6,-2.1,-11.3,-4.5,-10.2,-4.5,-8.6,-10.8,-4.8,-11.7,-10.7,-13.5,-3.5,-4.5,-9.0,-2.4,-7.6,-3.0,1.2,1.4,5.1,1.5,1.1,-2.2,2.7
2C7L514Ii9,0,48.102428,11.631619,4442568.91,2777883.12,546.4,592.1,241,7401,3.1,0.76,0.39,32.67,348.96,-0.53,-0.103,0.842,-0.4,0.2,0.05,0.24,2.1,0.2,-0.3,-2.5,-0.5,-2.7,0.0,-0.5,4.2,-2.1,6.0,0.1,-0.0,-0.6,0.3,-4.4,-0.3,-6.9,-6.1,-9.1,-2.4,-6.3,-4.2,-3.9,-6.9,-2.0,-2.8,0.0,-1.5,-1.6,-8.3,-0.8,-3.6,-4.9,-1.7,-2.8,-7.4,-9.2,-3.6,-1.0,-0.6,2.1,-0.5,4.5,0.9,-2.2,-15.4,-2.7,4.8,0.7,6.8,-3.1,4.1,0.5,-1.8,3.5,-0.6,4.1,3.8,-2.6,-2.7,0.5,4.3,0.1,0.3,-2.0,-0.4,0.8,6.8,-2.1,0.4,-4.1,-3.8,-0.8,-2.1,-0.3,-0.9,-2.5,-3.5,-3.4,-1.2,-3.1,-1.8,-3.0,-3.4,-0.4,-1.1,-2.3,-6.4,-2.3,-7.0,-2.2,-7.0,-8.2,-13.8,-6.1,-5.1,-4.1,-4.9,-0.4,-0.5,-0.7,-4.0,-0.5,-0.8,-1.1,-12.0,-3.4,-1.2,-1.4,0.8,0.7,-0.6,-1.8,6.6,1.3,1.4,2.1,-2.2,-0.7,-0.3,-3.3,-1.2,-2.6,-3.9,-3.9,-1.3,-3.3,-1.9,1.4,-1.7,-2.3,-4.9,-3.6,-1.1,-9.2,2.2,-3.0,-0.1,-5.8,-6.3,-1.8,0.0,-1.2,-0.2,1.0,-1.5,-0.3,-3.7,-6.3,-2.4,-1.5,-2.1,-4.0,-3.8,-0.5,-1.5,-1.8,-0.4,-1.4,1.2,-10.2,-13.4,-4.1,-7.3,-3.6,0.6,-4.7,-2.1,-1.9,-4.7,2.2,-1.4,-3.0,-6.4,-6.9,-2.0,-1.0,-3.9,-4.0,-2.1,-1.0,0.9,-1.9,-1.9,0.0,-3.3,-1.7,-2.3,-3.0,-4.5,-1.2,-6.0,-9.8,-3.9,-11.9,-3.4,-6.0,0.7,-2.5,-5.2,-7.2,1.0,-1.5,-6.1,-2.7,-3.0,0.3,2.9,1.1,1.5
2C7L514IiA,0,48.102419,11.63155,4442563.81,2777882.04,538.5,584.2,241,7402,4.3,0.57,0.72,32.67,348.96,-0.53,-0.103,0.842,0.1,0.2,-1.73,0.34,1.4,0.3,-0.3,-0.6,0.1,-3.8,0.7,-3.5,4.3,-1.8,3.0,-0.2,5.7,-0.4,5.7,-11.0,-4.2,-4.5,-0.2,-1.4,5.4,10.9,-6.5,-3.8,0.2,-2.4,-4.8,-5.0,-4.4,0.6,4.7,-2.2,-6.5,-7.1,-10.8,-8.0,-7.3,-9.1,-9.1,-0.5,-2.2,1.8,-5.4,1.7,0.3,-6.1,-5.9,-6.0,-4.8,-7.4,4.2,-0.6,5.6,3.2,0.7,3.7,3.8,9.3,1.8,-2.0,0.1,-2.4,0.6,0.8,-0.1,7.9,-0.6,4.0,4.1,-1.2,-7.0,-3.9,-2.4,5.3,-1.2,-0.7,-2.8,-2.8,-1.6,-4.6,-4.5,-4.6,-0.3,0.7,-1.3,-1.8,0.0,-0.1,5.0,0.1,-6.4,-7.7,3.0,1.8,0.4,-6.6,-3.9,2.6,-2.3,0.8,2.8,1.3,-3.5,-0.8,0.8,15.0,2.1,-1.6,-0.8,-0.3,-6.1,0.8,-3.7,-2.3,0.8,-7.6,-3.2,-4.9,2.5,11.5,0.1,2.2,0.9,4.9,3.2,-0.3,-1.8,15.7,12.3,-6.9,2.8,1.1,-2.1,3.3,0.8,3.3,4.4,3.4,0.8,8.4,0.5,3.0,1.7,5.5,2.6,2.4,0.2,3.1,1.2,9.9,1.2,1.9,2.6,3.5,-3.5,1.7,2.4,3.3,8.7,-9.4,6.9,2.6,10.8,7.3,5.2,8.0,0.8,-12.3,-8.0,0.5,8.4,4.0,1.0,0.3,3.1,8.6,3.2,4.0,4.8,-0.7,-0.8,5.0,-1.1,-1.7,-4.7,0.7,-4.8,-1.7,-3.7,-3.5,-3.9,-1.8,-3.8,-5.2,-2.1,-4.8,-3.3,-1.9,-2.3,-7.6,-7.3,0.7,-5.3,-4.9,-5.5,-7.2,-6.3,2.6,-1.3,-1.1,-3.0
2C7L514IiW,0,48.102564,11.632681,4442647.68,2777900.04,532.8,578.5,241,7424,4.6,0.54,0.46,32.67,348.96,-0.53,-0.103,0.842,-0.3,0.2,0.82,0.38,1.5,0.3,-0.3,5.8,2.0,3.0,2.8,2.4,3.8,4.6,5.8,4.0,7.8,11.7,11.1,7.8,3.9,6.7,5.5,3.1,2.0,-2.6,0.3,2.0,3.2,1.2,2.7,2.5,4.3,4.7,3.9,3.1,2.1,-4.9,-4.8,-5.7,-7.4,-5.0,-8.4,-2.4,5.3,0.9,-0.2,-1.0,-2.2,1.8,-0.3,0.7,1.8,-4.0,-8.4,2.7,1.6,0.5,1.6,2.8,1.5,2.6,5.9,3.6,4.8,4.4,3.2,6.3,3.9,7.4,5.8,4.0,4.1,4.4,7.1,3.6,2.7,3.6,2.9,7.2,3.0,2.8,3.3,4.1,3.2,2.6,2.0,3.8,5.9,3.5,5.8,5.4,3.2,4.9,2.8,-2.9,4.0,4.5,8.2,6.3,1.2,4.8,5.2,-0.3,4.5,2.5,1.1,5.2,2.9,4.2,10.8,4.4,5.8,8.8,5.5,6.5,5.0,0.8,3.5,1.9,3.5,4.1,3.7,8.3,-1.8,-3.6,1.1,7.8,2.7,-0.3,3.2,1.9,5.7,7.6,3.3,4.0,0.9,1.2,2.5,3.2,3.7,-2.0,-1.3,3.8,-3.9,0.4,2.3,-3.5,-1.9,-2.0,-5.6,-5.7,-5.5,-7.0,-8.7,-7.7,-6.1,2.4,-5.0,-6.5,-1.9,-12.8,14.0,9.0,9.5,1.4,-2.1,-10.2,-8.8,1.1,-1.8,-3.1,7.4,7.2,-7.4,7.3,-10.2,11.3,0.3,7.6,-11.3,-7.8,-13.7,-10.3,-6.4,-7.9,0.2,-1.2,0.7,0.5,2.8,-7.1,7.8,1.6,5.1,10.3,8.0,9.0,8.8,-7.6,-1.6,8.4,8.7,10.2,-1.4,4.5,5.8,7.3,4.6,4.0,4.2,3.1,4.8,7.4,6.5
2C7L514Iip,0,48.102744,11.63408,4442751.48,2777922.27,549.5,595.2,241,7443,2.3,0.86,0.39,32.68,348.96,-0.53,-0.103,0.842,-0.7,0.1,-0.68,0.18,0.6,0.2,-0.3,1.2,-0.3,3.8,-5.5,2.5,2.2,-0.2,3.4,1.4,-6.7,1.8,2.5,-2.4,-0.8,0.5,2.6,2.2,1.0,-0.2,-0.8,2.6,0.5,1.6,2.4,1.5,2.6,1.8,1.1,-0.3,1.7,3.6,-0.7,-1.5,-1.6,-2.7,1.1,4.4,3.0,-1.5,0.2,3.5,2.4,2.0,1.7,-1.3,-1.9,1.9,2.2,4.4,6.1,1.4,-0.4,0.8,-0.7,-0.6,5.5,-0.6,-0.6,0.1,1.5,5.5,4.1,-2.2,3.4,1.1,5.9,1.8,-0.5,1.7,1.6,0.1,1.6,-0.2,0.9,0.8,2.6,1.8,2.3,0.9,1.9,-0.6,2.4,1.9,2.7,2.0,2.0,2.1,3.4,2.9,2.9,1.4,2.6,2.0,-1.3,2.8,-1.5,3.2,3.9,5.4,-0.6,6.4,4.6,5.1,4.3,5.6,3.2,3.8,9.8,3.9,3.6,0.5,-0.2,0.2,1.0,3.3,-0.2,2.5,2.3,5.2,1.8,-1.1,-1.0,3.7,-0.4,0.3,1.9,0.6,2.7,2.1,-1.1,0.7,1.8,1.5,-0.4,1.2,-1.1,-0.2,0.5,3.5,3.3,7.2,-1.0,-1.3,2.2,2.7,0.3,-3.5,-1.3,-1.0,-1.2,6.9,-1.1,0.1,-0.1,-1.8,-2.6,0.3,-0.8,1.9,-0.7,0.7,-2.7,-2.1,-4.6,-4.6,1.2,0.8,0.3,3.0,0.6,2.0,-2.6,-3.1,-0.6,-1.2,-3.1,-0.5,-1.2,9.3,-1.3,-3.3,-2.8,-2.2,-5.4,-3.1,-2.4,-3.0,-4.3,-2.9,-2.3,-0.4,0.5,-1.9,-0.3,2.3,-2.2,-3.9,-3.3,1.0,-1.9,-1.0,-3.3,-4.9,-0.4,6.9,1.8,-1.6,-1.9
2C7L514Ij6,0,48.102851,11.634915,4442813.45,2777935.58,541.6,587.3,241,7460,3.3,0.79,0.47,32.68,348.96,-0.53,-0.103,0.842,-1.3,0.2,0.04,0.25,0.6,0.2,-0.3,-1.9,-2.1,1.0,-4.0,0.2,4.7,-0.6,3.8,2.4,4.5,1.6,2.7,2.2,0.2,1.3,-0.8,-4.1,-0.9,0.8,0.8,-4.7,-1.3,-1.0,-5.5,0.9,-3.7,-2.4,8.8,-1.5,3.9,3.4,-6.3,-0.8,7.4,-9.7,1.2,2.5,0.0,0.4,5.0,-1.7,2.1,0.3,-1.2,-2.3,-2.3,-1.0,1.6,-1.3,1.6,-0.5,2.1,0.0,-0.3,-1.1,1.0,1.5,-0.7,-1.5,-0.7,-0.7,2.0,1.3,-2.4,0.7,1.7,-1.7,-1.6,0.5,-0.5,6.5,-2.3,-1.3,-0.8,-1.9,2.7,0.5,-0.2,0.3,1.0,-0.1,0.9,-2.1,-2.9,-1.1,0.7,2.5,-5.9,0.5,-0.9,-2.1,0.2,-5.4,-2.3,-2.5,-6.2,-2.6,-0.9,-0.2,-2.5,-1.4,-2.3,-0.6,-0.9,-0.8,-0.3,-2.7,0.2,-1.3,-1.9,-1.8,-3.0,-2.3,-3.1,-0.4,0.6,0.0,-2.0,1.5,-2.1,-1.4,-0.4,-2.6,-3.5,-2.6,1.8,-0.3,1.1,1.2,-6.5,-5.1,-4.0,-3.7,3.5,1.3,-3.3,-9.8,-5.3,-4.2,-7.6,2.9,0.0,-0.9,-14.1,-5.0,-12.1,-1.7,-9.3,-6.1,-8.0,-0.6,-0.8,-7.1,-4.9,-2.2,-0.5,-0.7,-4.0,-2.2,-0.2,-3.4,-7.9,-1.8,-4.7,-5.6,-4.2,-2.4,-4.7,-2.5,-2.5,-1.3,-4.4,-7.7,-5.3,-4.2,-5.7,-7.7,-6.1,-3.1,-4.0,-4.3,-5.6,-3.3,-4.8,-6.1,-3.2,-3.8,-3.3,1.1,-4.1,-18.1,-2.1,-5.7,-1.9,2.2,-3.8,-21.3,-1.4,0.8,-17.0,-4.4,-4.3,-8.1,-2.8,-2.8,-2.7,-11.4,2.6
2C7L514Zia,0,48.101277,11.622516,4441893.56,2777740.31,549.4,595.1,242,7240,3.1,0.79,0.4,32.6,348.92,-0.529,-0.104,0.842,-0.6,0.2,-0.71,0.23,1.0,0.2,-0.3,-1.0,-2.0,-0.5,-0.6,-0.3,-0.1,0.5,-0.1,0.3,-2.3,0.5,-1.1,0.0,0.1,0.5,1.7,-0.5,0.3,0.5,-1.3,-1.2,-1.9,-0.5,-0.9,-1.8,1.8,-0.4,0.5,-0.3,1.3,-13.9,-6.4,-2.2,-2.9,-3.3,-4.4,1.2,-2.9,0.0,-1.7,-1.5,-0.6,0.3,5.6,3.4,0.1,-4.5,0.7,-1.6,0.8,2.1,1.1,0.0,-1.1,-3.4,0.1,-1.0,1.0,-3.2,-0.6,-2.0,-1.5,-1.5,-1.9,-9.1,-3.0,3.9,-8.1,-0.3,-1.1,-2.0,0.5,-1.6,-2.9,-1.4,-4.0,-2.6,-3.2,-1.8,0.6,-5.2,2.4,1.1,-0.1,-3.0,-1.2,-0.3,-1.1,-0.0,0.4,-0.2,12.6,-4.5,1.6,-2.3,0.5,0.6,-3.7,0.7,0.2,0.9,-0.5,3.3,0.5,-1.7,-11.8,1.0,0.8,-0.1,4.3,1.5,2.5,4.8,1.1,5.6,2.6,2.2,-0.2,2.6,-0.4,-1.5,0.1,0.6,-0.9,-0.3,-0.8,-0.8,-4.3,-0.9,3.2,-9.1,-5.9,4.1,-1.6,-2.9,-4.2,-3.0,-1.5,3.0,-1.4,-3.8,2.3,1.1,2.1,2.5,0.4,-4.0,-0.8,-1.6,-3.6,3.0,-4.5,-1.6,-7.0,-2.5,-4.6,-6.2,-4.7,-1.7,-2.0,1.9,-4.7,0.5,-0.4,1.4,4.0,3.2,-8.9,-4.6,-1.6,0.1,7.5,-6.2,0.2,-1.8,-0.1,-0.5,-2.6,-0.8,3.1,-0.4,-0.7,-11.4,-4.1,-3.1,0.0,-7.5,-2.9,-2.1,-5.4,-9.9,-5.5,2.4,-9.2,-5.3,-3.4,-6.4,-3.0,-6.1,-3.9,-2.6,-2.9,-2.5,-4.8,-4.3,-5.4,-3.9,-3.5
2C7L514Zj0,0,48.101445,11.623825,4441990.63,2777761.15,540.0,585.7,242,7266,3.2,0.8,0.46,32.63,348.96,-0.529,-0.103,0.842,-0.5,0.2,0.04,0.24,1.1,0.2,-0.3,0.6,0.9,-0.6,1.6,-1.2,-0.1,0.2,0.2,-0.8,-1.8,0.7,-2.0,0.8,1.3,-0.2,-0.5,-0.2,-2.2,0.4,-2.8,-2.6,0.9,1.4,-0.7,2.9,3.0,-0.1,-3.1,1.8,-2.1,-15.6,-4.8,-4.5,-5.0,-8.5,-7.2,-2.4,-4.6,-1.9,-1.4,-4.2,-5.1,-2.5,-0.1,-2.3,2.5,-2.4,-1.1,-2.1,0.3,0.5,0.1,-0.6,0.6,-0.7,0.4,1.7,1.4,0.1,1.1,2.6,-1.9,3.4,0.3,-3.4,-2.8,0.4,-2.1,-2.6,-1.4,-1.7,-0.0,-0.5,-2.6,-0.1,-2.8,-1.3,-2.2,-1.2,-1.5,-1.5,-0.9,-2.7,-1.9,-2.4,-2.6,-1.2,-3.1,-1.9,0.4,-1.9,-1.2,-3.6,-0.4,-2.9,-2.0,-1.5,-3.9,-0.6,0.1,-2.8,-4.5,-4.0,-2.4,-4.1,-1.8,-0.9,-5.0,-4.2,-0.8,-0.5,-2.3,-1.4,1.7,4.6,0.8,-3.9,-1.1,-1.7,-3.4,0.1,-2.6,-2.4,-4.5,-2.0,-4.5,-3.9,-3.5,-1.8,-2.8,-12.9,-3.3,-1.7,-1.8,2.1,-0.8,-2.5,-4.0,-1.4,-4.2,-7.4,-0.8,-8.1,-6.4,-2.2,-2.4,-8.2,-5.1,-3.0,-6.0,-4.2,-2.8,-2.9,-0.2,1.1,-0.4,1.2,-0.9,-2.8,0.6,-7.0,-5.2,-2.6,-1.6,-3.7,1.1,-0.6,-3.8,1.3,-2.6,3.9,-0.9,-5.3,0.2,-1.3,-15.6,7.2,-15.1,-5.5,7.1,-4.6,-7.7,3.6,5.4,4.5,-3.3,0.5,0.7,-0.2,-5.0,-4.5,-4.5,-5.6,-6.8,-10.0,-12.0,-3.5,-5.9,-5.8,-9.7,-3.6,-5.3,-5.0,-2.6,-1.0,-1.1,0.4,-1.7
2C7L514Zjn,0,48.101807,11.626638,4442199.34,2777805.92,541.7,587.4,242,7315,2.9,0.83,0.4,32.64,348.96,-0.529,-0.103,0.842,-0.1,0.1,-0.21,0.22,0.8,0.2,-0.3,-3.0,0.8,-0.2,0.4,-0.4,-2.8,-1.6,-0.5,-5.4,-2.5,0.9,-0.2,-0.6,-0.1,0.0,2.0,0.8,2.8,2.1,2.2,2.0,2.5,0.8,4.8,5.2,5.0,3.0,4.9,4.1,1.5,-5.8,-1.9,0.1,-0.4,2.3,2.2,3.3,3.0,2.7,3.4,2.9,1.9,3.9,4.3,3.1,1.0,-1.0,1.2,0.4,5.4,-0.0,-0.1,0.7,1.3,-0.6,0.1,2.1,-0.4,0.2,-1.1,-0.2,-2.8,5.2,-0.3,2.2,-0.3,-0.1,-1.2,-0.1,-2.3,0.0,-2.5,1.4,0.2,-0.7,1.2,-0.1,3.5,3.1,1.7,2.9,2.2,-0.1,3.6,2.7,2.2,2.4,2.6,4.4,3.9,0.7,-0.7,-1.2,3.8,1.2,4.5,-0.4,4.7,0.8,2.8,1.7,1.0,4.1,1.3,4.1,0.9,1.3,-0.4,1.5,1.1,2.9,2.0,-0.6,0.2,1.4,0.9,2.8,-0.2,-0.1,0.3,3.3,-1.9,0.5,-2.6,1.5,2.3,-2.4,-0.9,-0.5,0.7,2.9,6.6,0.7,3.6,0.9,0.4,1.1,-1.9,5.7,3.8,-5.0,-3.9,-2.1,-1.3,-0.6,2.6,12.9,-1.4,2.4,6.2,3.5,2.1,-0.8,-8.5,-1.3,-4.8,-3.5,-2.3,-0.4,-0.2,0.9,1.8,1.2,-0.3,-1.8,0.9,-1.1,-0.3,3.7,2.4,4.6,-2.0,-2.7,-0.8,-2.3,11.4,3.0,0.7,14.2,1.8,3.6,-1.1,0.4,-2.5,-0.2,0.8,-1.7,1.7,2.0,0.3,1.2,-1.3,4.9,-0.9,16.7,1.1,1.0,0.4,-4.3,0.0,-3.9,-3.3,0.8,-2.9,2.7,-3.1,-0.4,-1.5
2C7L514ZkV,0,48.102146,11.629284,4442395.65,2777848.01,549.4,595.1,242,7359,1.0,0.97,0.15,32.65,348.96,-0.53,-0.103,0.842,-0.4,0.0,-0.14,0.08,0.4,0.1,-0.3,-1.0,0.2,-0.5,-0.1,-0.9,-1.6,0.7,0.7,1.0,-0.1,0.7,-1.1,1.0,0.7,-0.1,0.1,0.7,0.9,-0.4,0.9,-0.6,-0.0,0.0,1.6,1.5,2.2,0.1,0.2,0.5,0.2,-2.5,-3.2,-1.9,-1.0,-2.8,0.1,1.8,1.4,2.3,0.7,0.9,0.4,1.5,0.9,-0.0,-0.1,-0.9,-0.3,-0.6,0.5,0.0,0.0,-0.0,-0.4,-0.4,-0.6,-1.4,-0.4,-0.2,-0.3,-0.7,-0.7,0.6,-1.1,-1.2,-2.1,-1.9,-2.6,-0.9,-0.7,-2.3,-1.1,-0.9,-0.5,-0.2,0.1,-0.5,-0.8,0.3,-0.7,-0.6,-0.7,-0.3,0.4,-0.5,-1.1,-0.1,-0.4,0.1,0.6,-0.4,-0.1,-0.8,1.4,0.3,-0.7,-0.5,2.5,1.3,-0.4,-0.3,0.0,0.9,0.2,-0.3,0.6,0.6,-0.7,0.3,-1.4,-0.6,0.3,-0.3,0.1,-0.6,-1.4,-1.7,-1.3,-0.5,-0.6,-2.0,-0.3,-0.8,-1.4,0.0,1.1,-2.7,0.5,0.4,-1.4,-0.2,0.2,-0.5,0.0,-1.4,-2.0,-1.3,-2.0,1.5,1.7,-0.2,-0.9,-1.0,-0.8,-1.2,-0.4,0.8,-0.5,-1.1,-1.4,-2.7,-1.5,-1.9,-0.9,-0.8,-1.2,-1.0,-1.7,0.7,-0.7,-0.3,-1.5,-0.6,-2.2,-1.6,0.5,-0.1,-1.6,1.0,0.9,-0.5,-1.9,-4.7,-1.9,-3.2,-1.5,-2.1,-1.7,1.3,-1.3,-1.5,-1.5,-2.1,-2.1,-1.6,-0.9,-3.0,-0.8,-0.6,-3.8,-4.1,-1.2,-0.7,-2.4,-1.3,-2.1,-1.1,-2.5,-1.9,-2.1,-1.8,-1.9,-1.4,-1.8,-2.2,-3.2,-2.5,-2.6
2C7L514Zkt,0,48.102307,11.630536,4442488.55,2777867.95,543.8,589.5,242,7383,3.2,0.78,0.44,32.66,348.96,-0.53,-0.103,0.842,-0.8,0.2,0.25,0.24,1.0,0.2,-0.3,0.9,-1.2,2.9,0.9,1.5,-1.9,0.1,0.2,0.7,3.9,1.5,3.6,2.5,1.9,2.3,1.8,0.3,1.2,-2.6,-0.5,1.3,-1.3,-1.4,-0.1,-1.5,-0.0,7.9,-2.3,-0.3,-3.2,-7.4,-3.5,1.4,-4.2,-0.9,-2.4,1.9,-4.4,-0.6,-5.1,-0.4,-1.8,-2.2,-2.2,-12.7,-2.4,-12.5,-5.1,-2.1,1.6,-1.9,1.7,-1.1,2.0,0.7,-1.6,-0.1,0.9,1.0,3.9,0.8,0.2,-8.4,0.8,-6.9,1.9,-2.3,0.1,8.6,-0.3,-3.1,-1.6,-5.1,2.6,-0.3,1.6,1.2,1.6,5.8,-5.5,1.9,-4.7,3.6,2.6,-2.4,-3.5,-2.0,0.0,-5.1,-5.4,-1.4,-5.4,-1.7,-0.6,-4.1,3.5,-6.6,-1.2,-1.1,-0.8,1.3,-0.7,2.5,1.3,2.9,1.3,-2.5,3.0,2.0,1.1,-1.3,-0.3,0.6,-1.0,0.5,-7.5,-5.2,-4.4,-5.2,-2.2,-15.7,10.3,-4.0,-1.4,-2.0,-5.1,-2.6,-0.4,0.3,-1.6,-3.6,-3.7,-4.5,-4.1,-7.5,-7.1,-7.5,-9.1,-3.0,-2.2,-6.2,-5.5,-4.6,-2.8,-0.7,-1.1,-1.0,-1.2,-5.7,-0.9,-8.4,-1.2,-1.6,0.0,-2.5,-1.7,1.2,-4.4,0.2,-1.0,-2.1,-5.5,-0.8,-3.2,-5.1,-1.1,-2.3,-6.1,0.3,-4.1,-1.1,-9.9,-8.9,-6.1,-3.4,-2.3,-5.8,-4.2,-9.6,-3.4,-2.6,-0.1,-2.8,-0.5,-4.2,0.4,-4.0,-1.8,-1.9,-6.0,-4.9,0.0,-4.2,-3.0,-0.5,-4.2,-3.3,-1.6,-5.3,-4.0,-2.5,-4.7,-2.0,-6.3,-2.8,-3.9,-5.5,-3.6
2C7L514ZlN,0,48.102517,11.632168,4442609.61,2777893.93,539.2,584.9,242,7413,3.4,0.77,0.41,32.67,348.96,-0.53,-0.103,0.842,-0.2,0.2,-0.76,0.26,0.7,0.2,-0.3,-0.4,-2.1,0.4,-3.0,1.9,0.8,2.9,4.1,0.7,-8.6,-0.4,0.8,4.1,1.2,4.4,3.3,3.3,4.2,-0.5,-1.9,2.3,0.5,2.3,3.2,3.3,3.1,1.2,1.5,-0.4,0.6,-13.3,-1.1,-0.8,0.1,1.1,0.1,4.3,3.7,4.6,5.4,2.2,3.0,1.8,3.5,2.0,2.2,-3.6,-2.5,-1.7,-0.7,4.9,1.2,-1.8,1.8,-1.2,1.7,-0.2,-0.3,-0.3,-2.1,-3.4,0.9,13.1,-2.2,-7.4,-2.0,0.4,-5.7,-0.5,-1.1,-4.6,4.4,-2.1,0.2,-0.3,-2.5,2.1,-0.7,-0.2,0.9,3.2,2.3,2.4,0.7,0.7,0.7,3.6,4.4,2.4,3.2,4.4,0.6,-3.2,0.2,2.9,0.1,-1.5,4.2,3.1,-2.0,0.9,1.7,3.8,1.4,2.5,2.8,2.3,2.6,2.1,2.8,0.2,4.8,2.2,0.6,-0.3,-2.2,8.2,-1.6,1.8,7.2,-8.3,-2.5,1.9,2.0,2.4,1.9,11.9,1.3,2.8,-1.2,4.9,2.7,2.4,1.0,0.2,0.2,1.8,-1.0,3.9,4.2,3.8,-1.4,1.7,3.7,4.4,1.1,14.7,0.9,2.5,4.3,-11.7,-0.0,5.6,1.7,1.7,2.2,1.6,3.6,3.9,0.8,2.4,0.4,3.1,0.3,0.6,1.9,3.7,-1.4,-0.3,2.0,2.5,-1.8,-4.2,-10.8,3.5,-1.1,-3.8,-2.1,-10.7,2.1,2.2,9.2,1.7,-7.2,3.3,2.6,0.3,-1.0,0.7,-2.7,-0.9,1.0,0.6,0.9,3.1,2.4,-0.7,0.2,-0.3,-1.8,0.1,0.1,-2.0,0.6,-6.8,-5.1,-1.7,-4.6
2C7L514Zlf,0,48.102642,11.633139,4442681.64,2777909.39,535.1,580.8,242,7431,4.3,0.7,0.49,32.67,348.96,-0.53,-0.103,0.842,-1.7,0.2,0.22,0.33,2.2,0.3,-0.3,3.0,10.1,8.1,12.3,4.4,-7.8,-2.7,0.5,2.5,-4.1,-0.9,-1.6,-1.8,-6.4,-3.9,-6.1,-7.8,-4.6,-6.6,-6.9,-12.9,-10.1,-7.5,-9.7,-4.3,-9.8,-11.3,-7.1,-7.0,-12.2,-9.6,-11.3,-10.2,-11.1,-12.7,-9.2,-4.8,-10.7,-8.0,13.6,-5.0,-6.7,-12.8,-9.2,13.3,-10.7,-9.2,-9.6,-9.6,-8.7,-7.5,-3.8,-5.8,-6.8,-6.6,-5.7,-6.5,-6.6,-7.6,-7.1,-6.1,-6.1,-3.9,-2.7,-8.9,-6.8,-7.7,-12.6,-7.1,-6.3,-7.0,-6.0,-6.7,-6.6,-9.6,-8.5,-7.1,-6.6,-8.4,-8.4,-9.0,-7.5,-6.3,-9.0,-10.0,-15.3,-4.5,-7.4,-9.5,-6.6,-6.6,-8.3,-7.5,-14.2,-7.7,-8.4,-6.9,-6.2,-4.7,-8.2,-7.0,-7.8,-11.0,-5.2,-12.9,-0.3,-9.0,-8.9,-7.6,-2.2,-3.9,-4.1,-4.5,-5.4,-6.5,-4.7,-3.5,-6.1,-7.5,-6.7,-8.0,-8.4,-6.8,-7.7,-8.7,-11.5,-7.8,-6.5,-7.0,-11.2,-3.9,-10.1,-14.4,-9.5,-14.0,-14.4,-10.5,-7.5,-0.9,3.3,-7.3,2.2,-8.9,-7.7,-9.4,-8.6,-10.5,-8.2,-9.8,-5.2,-8.5,-6.7,-8.7,-7.4,-10.6,-10.9,-15.3,-11.8,4.4,0.9,-8.9,-13.7,-10.9,-12.4,-17.1,-10.4,-10.9,-13.3,-9.0,-11.0,-11.6,-12.6,7.2,-12.6,-10.2,-12.1,-10.0,-12.0,-9.0,-12.7,-12.8,-15.6,-15.4,-14.9,-15.0,-15.1,-10.1,-12.1,-9.9,-11.4,-11.9,-18.4,-0.9,-18.6,-17.5,-16.9,-13.2,-17.7,-12.3,-10.8,-9.9,-10.2,-13.2,-8.1,-8.9,-9.0,-11.7,-9.0
2C7L514Zlw,0,48.102762,11.634078,4442751.28,2777924.33,534.0,579.7,242,7448,3.7,0.7,0.47,32.68,348.96,-0.53,-0.103,0.842,0.1,0.2,-1.02,0.29,1.2,0.2,-0.3,-1.1,0.6,-0.4,-0.6,-0.0,1.0,1.8,0.6,1.7,1.9,2.0,-0.4,2.2,0.6,-0.5,1.8,3.7,7.0,-1.6,7.2,-0.6,-3.4,-1.9,-1.1,-1.0,2.4,0.8,-2.5,-0.8,-3.0,-5.7,-13.7,-1.0,-6.3,-3.7,-0.3,3.7,-1.4,-1.5,-4.7,-2.2,-3.6,-6.3,-2.9,-5.0,-3.7,-6.0,-6.3,-4.5,-3.1,-3.9,-6.0,-1.8,-3.5,-4.9,-4.5,-4.9,-3.3,-3.6,-3.9,-0.5,-3.9,-3.9,-5.3,-4.8,-2.3,-5.1,-4.6,-4.9,-4.0,-1.4,-3.9,-3.4,-2.5,-3.1,-2.2,-3.2,-4.7,-5.2,-8.2,-3.2,-2.3,-3.3,-0.8,-2.1,-5.3,-0.9,2.0,-1.9,-1.1,3.5,1.1,-6.9,13.0,-2.3,-2.9,0.4,-0.5,0.1,-5.7,-1.0,-3.2,-3.4,0.5,0.3,2.2,0.8,7.4,-3.9,0.1,1.7,0.4,5.0,2.8,2.3,4.1,3.1,2.4,3.4,2.0,0.6,2.5,4.6,5.1,3.9,6.3,3.9,-3.4,2.6,1.4,-1.9,0.8,-2.1,-6.0,-1.7,2.6,4.2,-4.8,5.4,4.8,0.3,-4.2,-1.1,3.2,0.8,0.7,-3.4,12.1,10.3,10.9,11.7,7.5,0.8,10.0,1.1,6.9,0.9,-1.2,1.7,1.2,-6.2,-1.9,-1.7,-2.8,-4.1,-1.2,-0.7,-10.0,2.3,-3.9,-3.6,-5.8,-7.8,-0.9,-0.7,0.5,-1.3,-0.9,-4.8,-3.8,-1.3,-0.9,-3.7,-5.4,-4.0,-2.7,-1.5,-4.3,-6.7,-3.6,5.0,-2.5,-4.8,-5.3,-0.1,-5.2,-3.7,-3.1,-0.4,-4.7,-1.7,-1.8,-1.0,-0.4,-1.7,-3.4,-2.6,-0.6
2C7L514ZmA,0,48.10288,11.634994,4442819.27,2777938.9,540.7,586.4,242,7462,2.7,0.8,0.39,32.68,348.96,-0.53,-0.103,0.842,0.0,0.1,-0.53,0.21,1.6,0.2,-0.3,-5.8,2.0,-2.7,1.8,1.2,11.6,-0.7,3.8,0.5,-7.5,-2.4,-10.6,-5.2,2.6,0.6,4.5,0.4,2.6,-1.1,1.8,-4.1,-1.7,-0.4,2.6,-3.0,4.2,-4.4,3.4,-3.2,1.2,2.2,-1.3,-3.8,-6.0,-5.9,-3.7,-1.6,-1.2,-1.7,-1.6,-1.2,1.2,-4.8,1.5,-4.4,-4.4,-5.6,-3.8,-1.4,-0.2,-5.5,-3.3,-4.2,-3.4,-1.8,-3.3,-2.3,-1.7,-3.1,-2.2,-2.4,-3.4,-2.1,-3.2,-1.8,-2.6,-3.2,-3.3,-3.8,-3.7,0.1,2.4,2.2,0.7,0.4,-0.1,-1.2,0.2,-2.3,1.0,-3.2,-1.9,-0.8,-6.6,-1.6,-3.8,-3.4,-2.4,-2.0,-1.8,-2.9,-0.9,-0.1,-6.7,-1.0,-1.6,-0.7,0.7,-0.9,-2.9,-1.7,-1.7,-1.0,-0.6,-0.1,-3.3,-3.7,1.0,-1.7,-5.9,-2.6,0.2,0.3,-0.9,1.0,2.3,2.2,-0.4,3.8,-0.4,7.9,5.5,4.5,2.1,2.5,1.9,3.4,-1.5,-2.6,-3.0,1.7,-3.1,-1.8,-2.5,-2.7,-3.1,-2.0,-1.0,0.6,0.7,-3.3,3.5,2.6,1.1,4.1,2.5,3.7,1.6,2.0,1.3,2.1,1.7,0.4,1.9,-2.0,3.4,0.3,-0.0,1.5,-2.7,-2.3,-4.3,-3.5,-6.9,-5.4,0.5,-1.2,-3.7,-4.4,-3.9,-4.6,-3.7,-3.7,2.5,3.3,1.3,0.7,0.9,3.6,0.1,-2.8,1.6,-1.0,1.8,-1.4,-3.5,-2.1,-4.4,-0.4,-1.9,-5.5,-2.0,-4.1,-4.8,-5.8,-2.6,-5.9,-2.5,-0.7,-2.5,-4.0,-3.2,-6.8,-1.2,1.1,-1.2,1.2,3.1
2C7L514ZmZ,0,48.103046,11.636289,4442915.34,2777959.52,533.6,579.3,242,7487,2.7,0.8,0.42,32.69,348.96,-0.53,-0.103,0.842,-1.6,0.1,1.41,0.21,0.6,0.2,-0.3,-0.7,0.1,-0.6,-0.2,-2.0,-18.0,-2.9,0.6,1.4,-0.2,1.5,2.3,2.5,-1.1,0.6,1.5,-0.1,-0.5,-1.7,-0.6,-1.1,-1.1,1.6,-0.4,-1.8,-0.5,-4.5,-1.1,0.6,-1.7,-0.2,-3.5,-1.6,-2.0,-10.3,-1.7,1.2,-0.7,0.5,2.4,1.6,-1.3,3.3,-0.5,-4.6,-4.8,-4.5,-6.3,-7.3,-5.5,-4.8,-5.1,-3.8,-5.9,-6.6,-4.4,-8.6,-8.6,-7.0,-8.5,-7.4,-5.3,1.9,-6.1,-7.7,-7.0,-10.0,-8.5,-8.4,-5.3,-6.2,-9.1,-10.5,-7.3,-2.8,-4.3,-0.9,-7.4,-4.3,-1.7,-7.6,-8.4,-7.7,-6.6,-9.1,-9.4,-4.2,-4.2,-5.6,-4.5,-4.6,-8.6,-10.1,-9.6,-7.3,-10.1,-7.5,-4.6,-1.0,-9.5,-4.6,-6.7,-5.8,-6.5,-8.5,-6.1,-8.0,-7.5,-12.8,-7.0,-5.4,-8.8,-6.3,-8.5,-10.0,-10.3,-4.4,-4.6,-7.9,-11.1,-7.9,-5.9,-7.5,-8.1,-7.4,-1.1,-8.4,-10.9,-8.5,-5.7,-6.4,-7.3,-8.1,-7.3,-9.1,-6.7,-10.0,-7.1,-8.9,-9.3,-7.2,-11.5,-8.6,-4.5,-9.1,-7.4,-3.8,-8.2,-7.7,-12.2,-8.5,-10.1,-6.0,-8.3,-7.9,-8.4,-6.7,-9.5,-10.3,-6.7,-7.4,-11.9,-9.7,-14.0,-9.3,-8.9,-6.7,-8.2,-9.1,-6.2,-8.7,-9.2,-14.6,-8.8,-8.0,-8.6,-10.3,-12.7,-0.1,-9.9,-10.7,-6.3,-5.1,-7.5,-7.1,-6.2,-9.6,-9.6,-7.8,-9.0,-8.0,-7.9,-6.4,-7.8,-11.9,-9.4,-10.5,-4.8,-8.1,-8.5,-8.1,-11.3,-8.8,-8.8,-8.8,-10.6,-10.8,-8.6
2C7L514Zmd,0,48.103076,11.636526,4442932.89,2777963.28,533.8,579.4,242,7491,2.3,0.88,0.35,32.69,348.96,-0.53,-0.103,0.842,-0.5,0.1,-0.04,0.18,0.3,0.2,-0.3,0.1,1.9,-0.5,0.3,0.2,-6.2,1.1,-1.3,0.3,-3.2,3.9,-3.1,1.5,0.1,0.3,0.2,-1.5,0.5,-0.4,-1.2,3.8,-1.3,1.2,-0.1,1.8,-6.2,0.2,-1.5,-3.2,1.2,1.3,-2.3,-4.5,-1.5,-5.1,1.0,3.6,-0.2,-1.4,4.3,1.2,0.9,-0.8,1.9,-2.1,-3.4,2.2,2.3,0.3,-0.1,-3.8,-0.5,0.4,0.3,-0.1,7.4,-2.5,1.4,-0.5,-1.6,-0.6,-0.5,6.2,-3.0,-5.7,-2.9,-2.8,0.2,-0.4,1.2,-2.1,-0.9,0.6,-1.1,-0.7,-2.0,1.8,-2.7,-3.0,-1.5,0.6,-2.6,-0.7,1.1,-0.4,-3.6,-1.7,-1.1,0.7,-3.9,-3.3,0.1,-1.2,-5.3,-1.3,-4.3,-1.3,9.4,0.0,-3.2,-0.3,-1.5,-1.3,0.6,-2.1,-0.9,-0.7,-0.8,-6.1,0.6,-2.5,-1.8,-1.2,-4.9,-2.1,-2.2,2.0,-1.5,-0.5,-5.0,0.2,-2.0,0.3,-1.9,-0.5,2.7,-0.3,-0.8,-1.5,-4.0,0.6,-1.5,-0.0,2.0,-0.4,-0.3,-1.6,-1.3,3.1,1.5,-3.8,-0.9,-1.8,-0.3,-3.0,-3.1,6.3,0.6,-1.8,-0.5,-2.2,-2.9,-1.4,-3.1,-0.5,-1.3,-1.4,-2.0,-1.4,-2.8,-0.5,-6.1,-0.8,-4.8,-4.5,-1.4,0.2,-0.0,-2.8,-2.0,-1.0,-4.9,-3.5,-2.4,-2.8,2.1,-9.8,-3.7,-1.3,-1.2,-0.8,-1.3,-1.0,-3.0,-5.1,-2.7,-2.8,-3.1,-3.9,-4.6,-2.8,-1.4,-4.3,0.9,-0.4,0.9,-3.9,-2.2,-0.9,-0.2,-4.2,-3.6,-3.3,-2.1,-1.4,-4.4,-3.7,-1.0
2C7L514ZiK,0,48.101171,11.621546,4441821.56,2777726.95,545.6,591.3,242,7224,3.0,0.8,0.43,32.59,348.92,-0.529,-0.104,0.843,-0.8,0.1,0.22,0.23,0.2,0.2,-0.3,9.7,2.4,-4.3,4.4,3.6,6.5,-9.0,-13.1,-2.9,4.3,5.6,-9.6,-3.2,4.1,-2.1,-1.8,-3.9,-4.6,-0.0,-0.6,-6.6,6.9,-3.8,-2.2,-2.0,-1.7,-1.1,2.2,-0.5,-0.4,-11.4,-4.8,-3.3,-6.7,-5.0,-4.9,-1.6,-3.0,-1.9,0.4,-1.1,-2.5,-2.3,-2.9,-2.3,-3.7,-0.8,-2.2,-3.6,-1.3,-0.3,-1.7,-1.8,-4.0,-3.2,-2.5,-0.9,-2.9,-3.5,-5.2,-4.2,-5.2,-6.0,-1.5,-11.8,0.1,-4.0,-6.8,-3.3,-3.3,-2.3,-2.8,0.0,-3.4,-4.1,-3.7,-3.4,-3.0,-2.6,-3.0,-3.8,-0.2,-2.5,-1.7,-4.3,-0.7,-1.1,-6.6,-5.4,-4.4,-5.5,-6.2,-7.9,-8.5,-6.7,-3.4,-3.1,-3.0,-1.5,-1.9,-2.6,-2.5,-2.8,-4.6,-5.9,-8.2,-6.6,-5.8,-5.6,-7.9,-6.3,-5.5,-5.1,-5.0,-4.8,-4.5,0.7,-7.3,-4.6,-6.6,-4.5,-4.7,-4.5,-3.4,-3.4,-1.6,0.3,-5.2,-1.9,-4.2,-4.0,-3.4,1.0,-1.8,-1.8,-1.3,-1.4,-4.6,-1.8,-2.0,-13.5,-2.7,-4.7,-4.0,-5.0,-4.6,-5.9,-2.9,-2.7,-2.8,-9.8,-3.5,-3.2,-4.3,-3.0,-3.0,-2.4,-3.3,-4.5,-3.5,-5.1,-4.4,-1.2,-3.1,-3.1,1.5,-3.3,-8.1,-1.5,-5.9,-6.2,-9.1,-1.0,-3.8,-1.6,-2.7,-2.6,-2.5,-10.5,-2.8,-2.9,-5.2,-4.7,-3.5,-3.6,-4.3,-4.7,-3.5,-3.5,-16.6,-4.2,-3.9,-3.5,-8.6,-5.7,-6.6,-6.1,-6.1,-7.0,-7.8,-6.4,-5.8,-7.7,-6.9,-6.2,-4.1,-6.7,-8.3
2C7L514ZiZ,0,48.101286,11.622443,4441888.08,2777741.21,549.4,595.2,242,7239,4.4,0.67,0.45,32.59,348.92,-0.529,-0.104,0.843,-1.5,0.2,-0.19,0.33,0.7,0.3,-0.3,-2.1,-3.5,0.5,-2.7,-1.0,-6.5,-2.3,-1.0,0.5,2.1,-0.8,2.1,1.2,2.5,3.9,5.9,2.5,0.2,2.0,0.3,0.1,2.3,0.5,1.8,0.5,0.7,0.4,3.8,11.0,-1.9,9.1,-7.0,-6.4,1.9,-1.5,1.4,-4.0,1.1,3.9,2.1,-2.5,-0.9,1.6,-4.2,5.7,4.5,-3.0,1.4,0.7,0.7,4.7,0.4,1.1,0.2,0.4,6.0,-2.4,-3.8,-0.2,0.3,-1.9,-1.6,1.9,0.4,-2.0,-0.6,1.2,-3.5,-3.5,-3.1,-3.3,6.8,-0.2,-3.2,-1.8,-0.8,-2.2,-2.1,-1.9,3.9,-3.1,-2.3,-2.7,-0.1,-3.6,0.5,-0.4,-3.0,4.6,3.0,-0.9,-9.2,-5.3,-3.0,-3.7,1.7,-2.6,-0.5,-1.2,1.2,-3.1,-1.2,-3.6,-5.1,0.9,-4.4,9.4,0.6,2.5,0.2,-5.4,1.1,-4.1,-2.1,-5.1,-5.2,-3.7,-3.8,-0.0,-2.1,-2.4,-0.8,-4.4,-10.6,-5.1,-0.6,-3.5,-0.7,-1.0,-10.3,-5.9,-1.9,9.6,-0.9,-0.4,-3.6,-2.2,-4.3,4.8,-1.1,0.1,-1.1,-1.9,1.6,-2.9,-4.9,-4.5,-6.9,-2.9,14.5,-2.4,-7.8,8.6,-6.7,-7.3,-6.9,-2.6,-4.0,1.2,-4.7,-7.5,-6.7,-9.7,-7.5,-10.9,3.9,13.1,-6.7,-1.8,1.1,1.5,-10.2,-3.9,-12.5,-10.1,-13.9,-12.7,-9.5,-8.1,-8.9,-9.3,-8.2,-5.8,-3.9,2.7,0.6,-9.6,-1.1,-2.8,3.9,-0.3,7.9,-13.6,-15.7,-10.1,-10.9,-4.2,-3.1,-5.2,-7.0,-13.5,-8.4,-7.1,-9.0,-8.3,-7.8,-6.4,5.6
2C7L514Zj1,0,48.101471,11.623884,4441994.95,2777764.15,540.4,586.1,242,7267,3.4,0.74,0.49,32.63,348.96,-0.529,-0.103,0.842,0.4,0.2,-0.25,0.26,1.8,0.2,-0.3,-0.2,-1.1,-3.0,-0.2,-1.4,-0.7,-1.2,-0.5,-1.2,-3.1,0.3,-0.1,-0.3,-0.8,-1.9,-2.0,-2.6,-4.9,-3.7,-4.1,-6.2,-3.2,-2.9,-5.4,-0.1,-1.6,-0.8,-0.7,-1.6,-3.6,-13.9,-5.8,-6.0,-4.6,-4.9,-4.9,-1.5,-3.8,-3.2,-3.1,-3.9,-4.2,-3.0,-3.5,-5.8,-2.4,-3.6,-2.0,-1.9,-0.5,0.2,-1.4,-0.8,-1.0,-3.2,-1.6,0.1,-0.2,0.5,0.2,-0.8,-2.6,-3.8,-2.6,-4.8,-1.0,-1.0,-1.4,-2.6,-1.0,-0.8,-2.8,-0.4,-3.5,-4.0,-5.6,-4.0,-4.9,-3.1,-4.9,-4.8,-4.7,-4.3,-1.7,-4.0,-7.9,-5.6,-8.7,-11.8,-5.8,-4.8,-4.9,-1.1,-3.8,-6.4,-3.5,-1.5,-4.8,-1.3,1.4,-1.2,4.0,-3.2,0.3,7.6,-3.5,-2.8,-6.6,-3.9,0.7,-1.8,7.1,7.1,8.0,8.4,1.5,-1.9,1.1,0.6,-1.4,-1.9,-0.4,0.3,-2.4,-3.9,-5.9,-1.9,-4.0,-4.5,-5.3,0.3,-4.6,0.7,-1.7,-1.7,2.4,-3.8,-4.3,-0.1,-2.9,12.0,6.9,5.5,-6.5,2.5,-1.9,-6.1,-0.5,-1.7,-1.6,-4.4,-2.6,-2.6,-1.7,-0.7,1.0,-0.8,-6.6,-4.3,-10.2,0.9,-5.5,0.7,-0.2,-1.6,3.8,1.2,-0.9,5.7,4.4,-12.4,-4.3,-1.8,-0.8,1.5,9.3,4.6,6.1,-8.8,4.6,-5.6,2.7,1.0,4.5,1.9,3.9,2.6,-1.2,-0.1,-5.4,-7.6,-2.4,6.2,-4.5,1.0,-1.0,1.1,-0.6,-6.2,-8.5,-2.3,-1.5,-0.3,-3.0,-0.2,-1.7,-2.6,-3.3
2C7L514Zj2,0,48.101488,11.624014,4442004.62,2777766.22,543.9,589.6,242,7268,3.7,0.71,0.46,32.63,348.96,-0.529,-0.103,0.842,-1.0,0.2,0.03,0.28,1.7,0.2,-0.3,-1.0,0.4,-1.2,0.4,0.8,-1.4,0.3,0.8,0.2,0.4,2.2,-0.0,0.8,-1.0,-1.4,-2.2,-4.0,-2.9,-3.6,-4.4,-2.7,-2.1,-2.3,-6.2,-1.6,-4.5,1.4,-0.6,-0.7,-2.9,-15.0,-7.4,-4.9,-4.3,-5.9,-4.9,-3.1,-4.0,-4.5,-4.8,-3.8,-3.2,-3.0,-6.3,-0.9,-2.8,-3.2,-1.4,-2.5,-1.1,-0.4,-1.6,-0.2,-1.2,-1.5,-1.4,-0.0,0.9,0.7,-0.2,-1.0,-1.8,-9.5,-4.7,-6.5,-1.5,-3.3,-1.7,-5.3,-2.4,-0.5,-6.2,-0.4,-2.8,-5.6,-4.1,-3.6,-3.6,-2.5,-5.6,-5.4,-4.9,-5.2,-2.2,-5.6,-6.7,-6.8,-8.1,-6.7,-6.7,-6.3,-2.5,0.1,-5.0,-9.6,-6.0,-1.0,-5.1,-4.4,-5.5,-15.2,-4.3,-5.5,-2.6,-7.3,-4.0,-8.5,-6.8,-10.1,-3.7,-4.5,6.9,6.5,7.0,7.6,1.8,-1.9,0.2,0.9,2.0,-3.6,-3.3,2.2,-5.8,-4.3,-4.0,-4.1,-6.0,-5.9,-8.5,-5.0,-6.0,1.8,-6.3,-6.6,-9.1,-5.4,-6.7,-4.3,-5.0,-14.0,-0.5,-2.4,-5.4,-1.8,-3.4,-8.9,-2.8,-3.8,-4.4,-2.7,-5.7,-5.7,-5.6,-5.7,0.6,4.8,-9.4,-2.9,-5.1,-5.9,-9.5,-2.9,-10.3,1.1,-20.2,-0.6,-11.5,-14.7,-2.6,-10.6,-12.4,0.9,-2.4,-4.0,-8.8,0.0,-14.1,-13.8,-2.5,-10.7,-4.6,5.2,-11.3,-6.1,-1.3,-4.9,-7.3,-4.7,-9.5,-11.5,-5.3,-1.0,-7.5,-4.9,-4.8,-1.0,-2.6,-8.9,-9.7,-10.5,-7.6,-5.1,-8.1,-4.4,-5.4,-7.4,-10.1
2C7L514ZjV,0,48.101681,11.625513,4442115.84,2777790.09,537.1,582.8,242,7297,3.0,0.79,0.43,32.64,348.96,-0.529,-0.103,0.842,0.1,0.2,-0.32,0.24,1.2,0.2,-0.3,-3.1,-2.0,0.0,-2.2,-0.3,-1.4,-0.6,-3.0,1.8,-5.8,-0.2,-2.0,0.7,1.5,1.8,0.7,0.7,1.2,-4.4,-1.8,-0.5,2.0,0.3,-0.0,1.9,-0.6,0.0,-0.7,0.0,0.8,-10.9,-3.3,-4.8,-3.5,-0.4,-1.9,1.8,-3.5,-5.1,4.4,0.5,-0.9,-0.8,-0.7,-1.1,-2.0,-0.5,-0.5,-1.9,-0.8,1.5,-1.0,-2.3,-1.0,-0.6,-1.5,-2.0,0.0,-2.5,-2.3,-0.7,-2.6,0.6,-3.0,-7.3,-0.7,-3.9,-0.4,-3.6,-8.8,2.1,-6.8,-5.1,5.9,-0.8,-0.6,0.4,0.2,0.8,1.0,-7.8,-2.8,-5.6,-2.0,-1.7,-1.3,-1.9,-3.6,-1.5,-2.8,1.5,-2.3,2.1,6.0,-6.2,1.3,5.1,8.5,4.2,0.5,3.1,-0.6,5.0,-1.3,1.4,0.4,-0.8,-1.8,-5.9,-2.5,-2.8,-2.0,-1.5,-1.0,0.7,1.0,-2.1,-1.7,-2.5,-2.6,-3.5,-2.8,-2.8,-7.7,-1.8,-0.4,-4.5,-4.4,-1.9,-4.7,-4.7,-3.2,-8.1,1.8,-0.4,-0.9,1.2,4.9,4.0,4.9,-1.1,4.2,-1.0,1.0,4.3,2.1,2.6,-0.4,1.9,4.4,-8.2,-3.4,0.6,-0.7,-2.7,1.7,0.6,3.5,3.1,2.7,2.6,0.3,-2.0,-3.7,2.4,2.7,-0.8,-1.1,0.2,-3.9,12.0,-0.7,1.9,1.9,-0.6,11.4,6.7,-1.8,-0.8,-5.1,-3.3,-3.4,-2.8,-2.9,-1.2,-1.1,1.1,0.1,0.5,-3.3,-1.3,0.7,1.2,1.3,1.1,-1.5,-0.7,-2.0,-3.1,0.5,-3.5,-5.4,-3.0,-1.5,-6.2,-2.3,-5.6,-3.0
2C7L514Zje,0,48.101752,11.626066,4442156.88,2777798.89,538.5,584.2,242,7306,2.9,0.8,0.44,32.64,348.96,-0.529,-0.103,0.842,-1.6,0.1,0.63,0.22,1.1,0.2,-0.3,-6.6,-0.7,-2.0,-3.3,-3.7,-9.0,-2.0,-3.8,0.9,-2.7,0.9,-5.6,-1.5,0.1,-2.8,-0.5,-1.7,2.3,-8.2,2.2,-2.6,6.2,2.0,3.6,3.8,2.5,6.0,6.5,7.6,3.0,-1.9,-1.4,-2.0,-2.2,-3.2,2.3,-7.3,3.3,7.3,4.0,4.7,2.4,2.4,3.0,5.3,4.2,7.3,2.8,4.8,6.8,7.3,2.4,-3.7,-1.7,-1.5,-1.2,-2.1,-0.1,-4.2,-0.6,-2.0,-1.8,4.0,-0.8,-7.8,-8.6,-2.1,-0.2,0.8,0.0,-5.0,-1.4,-3.2,0.2,-0.5,-1.4,0.8,-3.1,-2.2,-4.4,-2.1,-3.4,-3.8,-4.1,-2.5,-3.8,-5.4,-5.8,-3.9,-4.1,-5.6,-6.3,-5.7,-2.9,-3.6,-2.4,-3.7,-4.2,-4.6,-4.0,-4.6,-5.9,-2.8,-1.7,-2.7,-3.1,-6.5,-3.5,-3.5,-5.0,-1.9,-3.7,-3.7,-3.2,-3.3,-5.4,-5.2,-5.8,-7.0,-5.7,-6.1,-5.5,-6.9,-5.0,-3.1,0.0,-4.7,-2.6,-5.7,-4.5,-2.2,-1.9,-3.5,-2.1,-3.9,-4.9,-3.5,-6.0,-1.5,-0.6,-7.3,-5.9,-4.4,-4.5,-5.1,-5.6,-11.3,-7.2,-5.9,-7.0,-6.7,-7.9,-4.0,-5.3,-4.4,-5.8,-6.2,-4.9,-5.2,-7.7,-5.6,-4.5,-2.7,-7.4,-7.2,-1.9,-6.3,-5.5,-3.1,-2.2,-3.7,-6.6,-9.0,-8.8,-7.8,-7.1,-6.4,-6.2,3.5,-6.7,-4.9,-6.0,-5.8,-6.4,-4.2,-4.7,-6.5,-5.8,-5.1,-9.3,-6.8,-7.7,-5.0,-8.2,-6.0,-5.6,-5.1,-4.8,-7.6,-6.0,-7.2,-8.2,-5.2,-3.6,-6.2,-7.1,-9.3,-6.6
2C7L514Zjh,0,48.101778,11.626271,4442172.07,2777802.15,540.1,585.8,242,7309,2.9,0.81,0.35,32.64,348.96,-0.529,-0.103,0.842,-0.4,0.1,-0.39,0.22,1.8,0.2,-0.3,-1.3,-0.6,-1.2,-0.2,-1.1,-2.0,-1.4,-0.7,0.7,14.8,2.7,-2.6,2.9,-0.0,-0.6,-4.5,-5.0,-6.1,-4.1,-5.1,-5.4,-1.4,-2.3,-1.7,-3.8,-3.4,0.5,-1.9,-1.9,-4.7,-11.5,-8.3,-8.0,-10.8,-1.0,-3.2,-1.7,-3.5,1.5,1.3,-2.2,-3.5,2.2,-8.3,0.2,-2.6,-0.6,-3.0,0.7,-2.0,1.2,0.2,1.6,2.2,-0.6,0.4,-0.2,0.4,-0.1,0.3,-1.9,4.0,11.6,-4.3,-0.6,0.1,-0.5,-7.1,-0.7,1.5,-4.4,-0.8,-6.4,-2.8,0.4,-3.1,-1.3,-3.3,0.4,-5.8,-1.2,-0.4,-0.9,0.1,-2.2,0.2,-0.1,-2.0,0.8,-1.6,-2.9,-2.2,-5.3,-0.2,-2.5,1.3,-2.9,0.6,-0.2,1.0,-1.9,-2.2,0.4,1.6,-1.6,-0.1,-0.7,-1.9,1.9,1.3,1.0,1.6,-0.6,0.9,-1.6,-0.1,9.0,-4.6,-1.3,-2.3,-1.3,-1.0,0.6,-1.9,-3.6,-3.6,-6.8,-3.9,-3.2,-3.2,-2.8,-1.7,-9.7,-3.1,-3.5,-5.8,-5.7,-3.9,2.8,3.8,-4.0,-2.3,-4.7,-0.2,-3.2,-0.1,9.5,-2.6,-0.7,-1.1,1.8,-3.2,-3.7,-2.1,-2.4,-4.1,0.0,-1.8,1.7,-3.1,-4.6,-5.1,-2.1,-6.0,-4.0,-1.8,-4.0,-5.2,-0.5,-0.4,-2.3,-3.5,-4.6,-4.2,-1.3,6.2,-2.3,-3.8,-1.8,-0.3,0.3,-2.2,-0.6,0.5,0.6,-1.9,-7.6,-6.3,-3.4,-4.9,-3.1,-3.4,-3.7,-5.9,-2.5,-1.7,-6.8,-4.2,-4.2,-4.8,-3.7,-4.4,-1.7,-1.2,-7.2,-0.1,-2.4,-0.6
2C7L514ZkZ,0,48.102165,11.629282,4442395.47,2777850.07,536.7,582.4,242,7363,1.2,0.95,0.21,32.66,348.96,-0.53,-0.103,0.842,-1.1,0.1,0.1,0.1,0.7,0.1,-0.3,-1.6,-1.0,0.3,0.8,-1.4,-3.0,0.7,-0.7,0.6,-0.3,0.6,-1.7,1.0,-0.0,-1.1,0.5,-0.4,-0.6,-1.3,-1.3,-2.0,-0.9,-0.1,0.5,-0.7,-1.8,-1.5,-1.4,-0.8,-1.9,-6.4,-5.1,-3.6,-3.7,-5.9,-3.8,-1.9,-2.7,-1.8,-1.8,-1.9,-2.6,-1.4,-1.2,-1.7,-3.5,-4.5,-2.7,-1.8,-1.0,-1.5,-0.5,-1.4,-1.0,-1.8,-0.2,-2.3,-2.3,-2.7,-3.0,-1.0,-0.0,0.8,2.7,2.1,-2.7,-3.4,0.2,-2.5,-1.8,-3.3,-2.7,-3.9,-1.9,-2.5,-2.2,-2.6,-2.2,-1.7,-3.4,-1.9,-2.9,-1.7,-2.7,-3.4,-3.3,-2.9,-4.2,-3.3,-3.4,-3.1,-4.6,-4.5,-2.3,-3.3,-3.8,-3.7,-3.3,-3.9,-4.3,-5.0,-3.6,-3.2,-3.4,-3.9,-3.7,-3.6,-3.2,-2.8,-3.4,-3.5,-2.5,-3.5,-3.5,-3.2,-4.9,-5.1,-6.1,-5.3,-3.8,-3.5,-4.6,-4.9,-3.7,-3.8,-3.4,-3.4,-3.1,-3.3,-5.8,-4.9,-3.9,-4.4,-3.5,-5.1,-6.0,-4.2,-5.1,-2.4,-1.9,-5.4,-5.3,-5.4,-4.6,-4.5,-4.7,0.3,-4.3,-4.6,-3.5,-3.5,-4.2,-4.0,-4.0,-4.0,-3.5,-4.8,-5.2,-3.8,-4.1,-4.9,-5.6,-4.8,-6.7,-5.5,-1.0,-3.8,-7.8,-3.6,-4.9,-5.3,-7.2,-6.7,-6.3,-4.7,-4.5,-5.8,-4.4,-2.0,-4.6,-5.2,-4.7,-4.8,-5.9,-5.1,-4.7,-6.1,-4.9,-5.5,-7.4,-7.3,-7.0,-6.6,-9.5,-7.8,-7.1,-7.4,-7.7,-6.9,-6.8,-6.1,-6.4,-5.8,-6.4,-5.6,-7.5,-7.1,-4.8
2C7L514Zka,0,48.102165,11.629285,4442395.71,2777850.13,534.1,579.8,242,7364,1.1,0.96,0.18,32.66,348.96,-0.53,-0.103,0.842,-0.8,0.1,0.05,0.09,0.5,0.1,-0.3,-1.3,-0.7,-0.3,-0.1,-0.7,-1.0,-0.1,-0.1,-0.2,0.3,0.1,0.2,-0.1,-0.7,-1.3,-0.4,-0.4,-0.4,-1.3,-0.8,-1.5,-1.7,-0.6,0.3,0.3,1.1,-0.6,-0.9,-1.1,-2.5,-5.0,-5.3,-3.6,-3.9,-4.4,-1.7,-2.6,-0.9,0.1,-1.2,-1.3,-1.1,-1.5,-1.0,-1.4,-1.9,-3.2,-2.7,-1.5,-1.0,-1.1,-0.3,-1.5,-1.3,-1.3,-1.2,-0.7,-1.4,-0.8,-1.7,-1.2,-0.7,0.0,-0.7,0.3,-0.9,-2.6,-0.9,-2.9,-1.7,-2.2,-2.2,-3.0,-1.7,-1.6,-1.7,-2.2,-2.1,-1.2,-3.7,-1.9,-2.9,-2.2,-2.5,-2.8,-2.6,-3.0,-2.8,-2.6,-2.5,-3.8,-3.4,-4.7,-1.7,-2.9,-3.8,-3.1,-2.2,-3.3,-3.7,-4.7,-2.7,-2.4,-1.9,-3.3,-2.8,-0.0,-3.2,-2.3,-3.1,-2.8,-1.9,-2.5,-2.8,-2.5,-3.0,-2.7,-4.5,-3.4,-2.8,-2.7,-2.9,-2.8,-2.3,-1.8,-1.8,-2.2,-2.3,-3.1,-5.0,-4.3,-3.7,-2.2,-2.9,-2.5,-5.3,-4.1,-4.6,-2.1,-0.9,-3.2,-3.9,-4.2,-4.2,-3.1,-3.8,-0.4,-3.3,-3.2,-2.9,-2.4,-2.8,-3.5,-3.0,-3.4,-3.2,-1.8,-4.6,-0.6,-2.1,-2.6,-3.8,-3.5,-2.8,-3.9,-0.0,-2.0,-4.5,-2.6,-2.9,-3.5,-5.0,-7.1,-4.5,-3.3,-3.3,-7.3,-4.1,-2.1,-3.8,-4.4,-3.6,-4.5,-4.8,-3.1,-4.4,-4.8,-4.7,-4.8,-6.0,-7.0,-4.8,-4.8,-7.2,-5.8,-5.9,-5.7,-6.2,-5.3,-7.3,-5.8,-5.5,-3.8,-3.1,-1.3,-4.2,-4.5,-4.8
2C7L514Zkb,0,48.102164,11.629271,4442394.61,2777849.9,530.6,576.3,242,7365,1.8,0.92,0.23,32.66,348.96,-0.53,-0.103,0.842,-0.6,0.1,-0.07,0.14,0.6,0.1,-0.3,-1.2,-0.3,-0.6,-0.4,-1.4,-1.4,-0.7,0.0,-0.4,3.8,-0.1,0.1,-0.5,-1.6,-1.6,-1.7,-1.0,-1.4,-2.2,-1.2,-1.8,-2.3,-1.4,-0.7,-0.6,1.2,-1.2,-0.9,-1.8,-2.4,-3.5,-5.8,-3.6,-2.7,-4.7,-1.9,-8.4,1.0,1.1,-0.2,-1.1,0.7,-1.5,-0.8,0.2,-2.1,-1.6,-2.2,-1.8,-0.7,-0.8,-0.7,-2.4,-1.6,-1.5,-1.9,-0.6,-1.6,1.1,-1.2,-0.8,-1.5,2.0,-1.0,0.2,0.7,-2.7,1.4,-3.1,-2.6,-0.2,-2.6,-2.6,-2.5,-2.7,-1.9,-2.7,-2.2,-1.7,-4.9,-2.4,-4.1,-2.9,-2.7,-3.4,-2.0,-3.6,-3.6,-2.8,-1.8,-4.5,-2.3,-4.4,-1.3,-4.3,-4.3,-2.8,-0.1,-2.4,-3.5,-4.8,-2.6,-2.7,-0.7,-3.1,-2.9,0.4,-3.4,-2.9,-3.9,-1.9,-2.7,-3.1,-4.0,-2.4,-1.8,-2.8,-2.3,-1.7,-0.9,-1.2,-2.1,-0.7,-3.0,-3.0,-4.1,-2.5,-2.2,-3.4,-3.4,-4.1,-2.3,-0.8,-1.9,-0.9,-3.5,-2.9,-4.4,-1.2,-0.2,-2.5,-2.6,-4.4,-3.7,-3.0,-1.8,2.7,-2.1,-1.6,-2.2,-1.1,-2.3,-1.8,-2.8,-3.9,-2.8,-0.1,-4.0,0.4,-0.2,-1.0,-1.1,-2.5,-0.2,-2.2,-0.4,1.3,-3.1,-2.7,-1.7,-1.3,-2.7,-6.5,-1.4,-4.5,-3.1,-12.3,-3.2,-0.4,-4.9,-5.3,-4.1,-5.3,-5.6,-4.7,-4.3,-4.0,-4.6,-5.0,-4.2,-7.4,-4.9,-6.4,-6.9,-5.7,-7.8,-5.2,-7.5,-4.8,-7.3,-5.5,-4.7,-2.6,-0.6,0.9,-0.3,-1.0,-3.9
2C7L514Zkh,0,48.102208,11.629618,4442420.4,2777855.43,532.1,577.8,242,7371,3.0,0.77,0.36,32.66,348.96,-0.53,-0.103,0.842,0.2,0.2,-0.94,0.23,1.5,0.2,-0.3,-0.8,3.3,-4.7,-3.1,-0.9,16.1,-0.4,1.0,5.0,-8.6,10.4,-8.0,-3.9,-5.4,-0.5,-2.3,-0.1,-2.5,-0.3,0.2,-3.8,1.4,-0.2,-0.5,3.7,0.2,-4.0,-7.5,-6.3,-1.4,-5.4,-7.8,-4.8,-2.9,0.6,-3.5,-3.5,0.7,0.9,3.5,2.7,3.2,-1.3,0.2,-2.4,1.5,2.1,2.8,4.2,0.7,5.7,3.1,1.5,1.3,0.2,3.6,1.0,3.7,3.2,2.5,6.4,4.2,1.0,5.6,1.2,1.2,4.2,-0.4,1.6,0.5,1.4,1.5,3.0,1.1,-2.2,-0.0,3.2,3.5,3.6,-2.4,1.3,0.0,3.0,4.6,2.5,-0.1,-1.9,-1.3,-2.7,-1.2,-3.0,1.8,3.0,-1.8,5.2,5.1,0.9,1.5,0.5,2.6,3.5,3.3,3.3,5.0,0.4,4.7,7.0,6.3,3.2,0.8,2.7,0.9,2.0,1.9,2.2,1.8,1.0,-0.4,2.6,3.2,3.1,4.8,2.4,0.5,1.9,0.2,4.1,5.4,0.7,-3.0,0.4,-1.4,4.2,0.5,-4.5,-3.4,-2.7,0.4,4.0,9.4,4.0,3.9,1.6,-0.1,2.3,2.3,0.8,1.2,1.6,0.3,5.8,2.3,2.7,-1.3,1.2,3.0,3.6,3.9,4.8,5.3,-3.5,-5.1,4.9,1.7,-2.0,2.4,4.4,-5.8,4.1,-2.5,0.5,-5.2,-0.5,4.4,3.9,2.6,1.9,4.7,-2.1,5.3,3.7,4.5,1.7,1.6,0.9,3.2,3.3,-4.5,-0.5,-0.8,4.2,-2.5,-1.1,-4.2,1.0,-1.9,-1.9,-1.8,3.4,-1.4,-1.1,0.9,0.2,-0.6,3.8,0.3,2.0,1.4
2C7L514Zle,0,48.102663,11.633163,4442683.35,2777911.82,539.3,585.0,242,7430,4.5,0.59,0.51,32.67,348.96,-0.53,-0.103,0.842,-1.0,0.2,0.7,0.35,0.8,0.3,-0.3,3.8,2.1,-2.4,-2.0,3.5,0.4,-2.6,-14.7,-12.8,5.9,4.9,5.5,2.4,-0.3,-3.1,-1.4,-2.3,-1.3,-7.4,-5.6,-8.2,-8.3,-2.4,-4.3,-3.6,-4.0,-8.2,-0.3,3.2,-6.3,-2.1,-3.8,-5.8,-4.9,-10.5,-3.9,-4.0,-1.0,-6.6,-3.8,7.2,1.7,-5.6,-2.7,-5.1,-3.7,-2.8,-6.8,-3.3,-4.8,2.2,-0.9,-1.9,-5.5,-1.9,1.2,-3.6,-1.7,-3.1,-3.1,-1.5,-3.3,1.5,-12.4,-6.7,-5.3,1.2,-1.7,-6.2,-3.2,-8.1,-3.4,4.1,-1.4,-0.9,-5.0,-3.3,-5.1,-5.6,-2.5,-9.2,-4.3,-5.3,-6.1,-7.2,-7.9,-11.3,-8.2,-6.4,-12.6,-6.5,-7.6,-6.2,-7.1,-2.5,-12.1,-5.5,-0.5,-2.4,-1.0,0.1,0.4,-2.2,0.8,-7.9,-7.0,-10.2,-4.1,-5.6,-8.8,-10.0,-6.9,-9.4,-11.2,-6.5,2.1,-10.5,-18.2,-10.7,-7.0,-1.2,-7.2,-6.6,-3.5,-4.9,-8.5,-8.7,-3.9,-8.5,-8.8,-14.8,-0.4,-2.8,-10.0,-2.7,-3.5,-2.3,-18.8,-5.1,-15.6,-3.0,-8.2,-10.2,4.3,1.7,-4.2,-9.2,1.2,-4.4,-3.2,-9.9,-8.6,-2.3,-0.9,-4.5,-2.7,-9.0,-2.5,-8.7,-5.8,1.3,-6.7,-11.0,-10.2,-10.6,5.3,-18.7,-6.4,-1.5,-11.1,-15.1,-5.0,-16.8,-8.5,-0.5,-9.8,1.2,-6.4,-2.7,-4.8,-6.6,-6.4,-4.5,-2.8,-9.9,-9.7,3.7,-6.3,-6.7,-8.8,-0.2,-11.6,-6.5,-13.9,-8.0,-11.9,-0.0,-13.2,1.7,-2.1,-6.5,-2.5,-5.3,-9.2,-6.8,-10.2,-16.8,-8.3
2C7L514ZiX,0,48.101302,11.622423,4441886.52,2777742.94,552.1,597.8,242,7237,2.2,0.89,0.37,32.59,348.92,-0.529,-0.104,0.843,-0.7,0.1,0.67,0.17,0.1,0.1,-0.3,0.3,0.6,0.4,-0.3,0.0,0.9,1.3,-0.0,-0.3,0.1,-0.4,0.9,0.5,-0.1,-1.2,-0.9,-2.9,-1.4,1.6,-0.3,-2.2,-0.5,-2.2,1.8,-1.1,1.1,0.1,-2.0,2.5,-2.9,-12.2,-1.4,-4.1,-1.6,-1.4,-3.7,-0.4,-0.2,2.1,-2.2,-1.9,-4.2,-1.5,-0.4,-2.0,-3.0,-2.9,-1.4,-3.4,-1.8,-2.5,-3.1,-1.4,-3.3,-1.9,-2.0,-4.0,-2.2,-1.8,-2.7,-2.7,-3.3,1.0,-4.3,-4.6,-2.9,-1.1,-5.2,-2.5,-2.3,-3.3,-0.4,-1.1,-2.5,-3.2,-2.9,-1.3,-1.5,-1.4,-5.8,-3.8,-3.0,-0.6,-1.5,-1.3,-1.4,-3.7,-4.7,-1.4,0.4,-2.3,-3.1,-7.4,-6.2,-5.8,-2.4,-3.6,-3.5,-2.9,-0.8,-3.5,-5.0,-4.5,-0.7,-2.9,-2.4,-3.3,-4.6,-4.2,-2.0,-3.3,-2.5,0.1,-0.6,-4.1,-3.7,-5.7,-8.9,-4.9,-6.3,-3.2,-3.3,-4.5,-2.3,-4.5,-4.1,-4.0,-0.3,-3.0,-3.0,-4.9,-5.7,5.2,-1.8,-3.1,-3.4,-2.1,-3.5,-0.8,-4.8,-5.1,-3.7,-4.3,-3.1,-3.9,-5.1,-4.8,-3.1,-4.1,-4.2,-2.4,-7.9,-2.9,-4.8,-1.4,-4.8,-2.2,-4.8,-3.0,-4.5,-4.3,-5.5,-6.5,-7.2,-8.3,-0.6,-3.5,-9.1,0.0,-2.9,-5.4,-7.1,-4.5,-4.8,-2.1,-3.9,-2.5,-4.3,0.6,-5.6,-4.2,-6.0,-2.9,-2.1,-4.2,-3.3,-3.9,-2.8,-1.8,-5.8,-3.6,-3.6,3.8,-17.1,-6.8,-1.9,-1.0,0.1,-2.5,-2.6,-3.2,-3.0,-1.9,-2.5,-5.6,-6.1,-5.9,-2.9
2C7L514ZjD,0,48.101584,11.624613,4442049.0,2777777.81,542.2,587.9,242,7279,2.8,0.82,0.37,32.63,348.96,-0.529,-0.103,0.842,-0.9,0.1,-0.65,0.21,1.6,0.2,-0.3,-3.6,-1.5,-2.9,-3.0,-3.9,0.9,-2.3,1.7,1.2,0.9,1.0,0.4,2.5,-0.2,-0.5,1.5,-0.3,0.1,-2.1,-1.4,-2.5,-0.9,-1.6,-1.3,-0.5,-0.5,-3.0,1.5,-2.2,1.0,-13.0,-4.5,-5.0,-2.8,-5.8,-3.2,0.3,0.5,-0.9,0.5,-2.1,2.2,-10.2,0.6,-0.5,-1.1,2.0,1.6,0.1,3.6,2.9,0.5,0.2,-0.1,-1.5,-1.1,-1.8,-2.0,-3.1,-1.5,-2.1,-1.0,-5.0,-3.0,6.2,-1.5,-1.9,-3.9,-0.4,-1.2,-0.1,-1.0,-1.9,-1.1,-2.1,-2.4,-0.8,-0.6,1.3,-5.4,-1.2,-2.5,-1.9,-0.7,-0.9,-5.8,-5.1,-12.0,-5.5,-1.6,-0.8,-2.0,-0.4,5.0,-3.1,0.2,-1.4,-3.3,-0.9,1.1,0.5,-2.2,1.4,-0.1,-0.9,-0.5,-0.6,1.0,-2.3,0.8,1.4,0.8,2.2,0.5,1.3,0.8,-0.1,-1.9,-2.6,-0.9,0.7,-1.8,-0.6,-1.6,-2.3,-1.7,-0.7,-3.1,-1.9,-5.3,-1.7,-4.7,-0.4,-4.2,-5.5,-5.5,-4.1,-4.5,0.0,2.5,0.2,1.4,-0.1,-0.4,1.4,2.3,1.8,1.3,-0.9,1.2,-1.5,-2.0,-0.1,-1.2,-3.5,-0.5,-0.6,-2.6,-3.5,-2.9,-7.0,-8.3,-5.1,-8.2,-17.9,2.0,-1.8,-18.3,0.6,-0.4,-0.9,-6.6,-5.2,-3.8,-5.3,-3.6,-2.6,-2.9,-0.6,-2.8,0.2,-5.4,-3.1,-5.5,-4.0,-3.8,-6.9,-4.4,-3.0,-7.6,-5.7,-8.5,-4.7,-7.5,-8.2,-5.3,-6.7,-10.6,-2.6,-4.7,-7.2,-7.3,-3.1,-5.7,-1.4,-2.3,-3.9,-2.0
2C7L514Zjz,0,48.101926,11.627279,4442246.8,2777820.24,540.4,586.1,242,7327,3.5,0.77,0.42,32.65,348.96,-0.529,-0.103,0.842,-0.2,0.2,0.02,0.26,1.3,0.2,-0.3,-1.0,0.1,-1.1,-0.9,-2.6,-1.0,0.3,0.7,0.2,-1.3,0.8,-1.4,1.6,-0.5,0.3,1.5,3.0,-0.4,0.7,11.2,5.3,2.8,-0.6,-2.0,1.1,10.7,1.4,7.2,2.8,-3.7,-4.0,13.2,-7.0,3.6,6.1,-0.4,6.0,1.7,-1.5,-1.6,0.9,-1.2,-0.2,-0.8,1.1,1.0,1.4,0.1,0.2,0.5,0.9,0.6,3.6,0.1,1.0,0.2,-0.4,-1.2,1.1,0.1,1.0,-1.1,2.5,-1.9,-0.4,-2.1,-0.7,-7.3,-2.2,-4.1,-1.5,-0.7,-1.7,-5.7,-2.8,-0.8,-9.3,10.2,16.0,-2.9,-7.1,-0.9,-0.2,1.0,-2.5,-6.4,-0.3,-0.7,1.2,13.8,-1.3,0.1,3.8,-0.5,-2.2,-0.1,1.2,2.7,-1.8,6.2,2.6,-3.3,0.7,0.7,2.8,6.2,0.9,-2.5,-2.0,-1.4,-2.5,-0.2,-3.8,-1.4,1.5,1.9,0.4,-1.2,2.3,-0.5,1.7,-0.5,-2.5,-0.8,-1.9,0.6,0.8,0.6,-6.5,-1.3,13.0,5.2,3.1,1.2,7.4,-8.3,2.2,-2.3,4.9,3.4,0.1,1.1,-3.1,-2.7,1.3,2.2,-1.5,1.8,-2.0,-0.9,0.2,0.0,0.6,-1.8,-1.3,-2.1,2.2,2.8,3.7,2.7,1.2,2.9,0.7,0.4,2.3,8.8,-6.8,-6.7,1.9,-1.9,-0.4,-1.5,-3.5,0.4,-2.4,2.1,-2.9,-1.1,-2.2,-3.1,-1.0,-0.8,-1.5,0.9,-0.3,-0.7,1.6,0.6,4.1,-1.7,-0.4,1.2,0.6,-0.3,4.7,1.1,4.3,-1.8,0.9,-3.0,-7.0,-1.1,-1.9,-2.7,-1.7,2.8,-2.2,-0.7
2C7L514ZkO,0,48.102109,11.628702,4442352.38,2777842.89,541.0,586.7,242,7352,2.3,0.85,0.41,32.65,348.96,-0.53,-0.103,0.842,0.2,0.1,0.17,0.18,1.9,0.2,-0.3,0.6,0.4,-1.3,1.0,-2.2,-6.7,-0.3,0.5,-1.3,-4.3,-0.9,-4.0,-1.4,-1.8,-1.6,0.1,2.7,2.4,1.2,2.3,-0.3,-0.5,-1.6,2.4,2.0,3.4,1.8,3.0,1.0,1.9,1.1,-1.0,-0.3,0.0,-1.0,2.6,4.8,3.0,5.1,3.1,2.3,3.5,3.1,4.4,1.2,0.7,0.7,-0.2,-0.4,0.6,1.3,1.2,-2.8,-0.1,0.3,-0.4,-0.6,1.3,0.9,-1.3,-0.0,2.2,1.6,0.2,-10.7,-4.9,-0.1,-9.3,-2.6,-0.1,-1.0,-3.3,-0.0,-3.5,-3.1,-1.3,-2.0,-1.7,-0.7,0.9,-1.2,-1.1,-0.5,-0.9,-0.9,2.2,0.6,3.8,3.8,2.8,0.2,-3.4,-0.7,3.1,3.4,1.6,4.7,5.4,3.2,-0.6,1.4,3.9,2.7,3.5,3.5,3.1,2.9,2.2,0.8,1.7,-0.8,1.4,-0.4,0.8,-0.1,-1.1,2.1,-0.4,-0.7,0.5,-3.0,1.8,0.0,-1.6,-0.3,0.5,-3.3,-0.5,-0.3,-1.5,-8.7,4.9,4.5,1.1,4.7,1.1,4.7,2.1,4.3,2.3,-1.6,-0.3,-0.3,2.1,0.7,1.5,-1.8,1.3,-0.0,-0.6,1.8,0.3,-7.9,-2.7,-2.7,-2.1,-2.4,-1.8,1.2,1.2,2.2,2.5,3.3,1.8,3.0,4.7,4.1,2.3,0.3,3.8,1.7,-2.6,5.0,3.9,2.6,1.7,1.9,2.5,12.9,2.0,3.2,1.3,-1.7,-1.5,0.9,-1.1,1.9,2.6,3.6,-1.0,-2.7,-0.0,0.7,0.3,0.8,2.7,2.8,2.6,3.3,3.5,-0.1,-1.7,1.9,0.3,3.5,1.0,1.5,2.3
2C7L514ZkT,0,48.102187,11.629313,4442397.69,2777852.58,554.4,600.1,242,7357,1.3,0.95,0.24,32.65,348.96,-0.53,-0.103,0.842,-0.4,0.1,-0.05,0.1,0.7,0.1,-0.3,-0.7,0.0,-0.5,-0.5,-0.5,0.1,-0.6,1.0,-0.1,-1.1,0.7,0.2,0.5,-0.2,-0.1,0.4,0.9,-1.0,-2.0,-1.5,-0.6,-1.2,2.0,1.6,0.7,1.4,1.9,3.9,2.6,1.3,-4.8,-3.6,-1.7,-1.2,-1.0,-0.7,4.0,0.8,3.0,-0.4,2.3,2.8,2.0,2.2,-0.4,1.5,0.3,1.4,-0.1,2.4,0.2,1.3,-0.0,-0.4,-0.1,-0.5,0.2,-0.1,-0.2,-0.5,-0.9,-0.6,-0.9,-0.7,-1.4,-1.2,-1.8,-2.7,-1.1,-1.6,-1.2,-2.3,-2.6,-0.5,-1.4,-0.8,-0.3,-1.1,0.4,-0.2,-0.8,0.1,-0.2,0.1,0.2,-1.0,0.8,-0.6,-0.8,0.9,-1.8,1.7,0.1,1.5,-0.0,1.8,-0.3,3.5,0.7,0.4,0.5,0.1,1.0,1.4,0.3,0.8,-0.1,-0.2,0.3,-1.2,0.1,0.5,0.2,0.5,0.3,-0.4,-1.3,-1.6,0.1,-0.3,-1.6,-0.8,-0.5,-1.5,-0.6,-0.3,-0.2,0.7,-0.0,-1.6,-1.0,-0.3,0.2,-0.1,-2.5,-2.5,-2.0,-1.9,2.0,2.4,0.3,0.4,-0.5,-0.7,0.3,-0.5,-2.4,-0.8,-0.8,-0.4,-1.3,-1.7,-2.3,-2.0,-2.0,-0.9,-0.3,-1.4,1.6,0.5,-1.2,-3.2,-1.3,-2.7,-0.5,2.8,1.4,-0.7,1.3,1.0,0.2,-3.1,-4.3,-4.8,-1.3,-0.5,-0.7,-0.6,-6.6,-1.1,-1.3,-0.5,-0.5,-1.4,-1.1,0.2,-0.9,-1.1,-0.0,-3.2,-3.4,-0.2,-0.6,-1.9,-0.1,-1.4,0.3,-2.6,0.4,-1.8,-2.0,-0.8,-0.3,-0.7,-1.4,-2.4,-3.9,-3.1
2C7L514Zkl,0,48.102282,11.630049,4442452.34,2777864.33,542.8,588.5,242,7375,3.2,0.79,0.42,32.66,348.96,-0.53,-0.103,0.842,0.7,0.2,-0.07,0.24,0.4,0.2,-0.3,-2.7,1.2,-3.4,-1.7,2.8,1.2,0.9,3.2,-3.0,4.2,0.9,1.1,2.5,-2.6,-7.9,-1.4,-0.9,0.7,-1.7,-5.4,1.4,-4.5,-0.4,0.4,-1.3,0.6,-0.3,1.7,-3.1,-2.7,-6.1,-7.1,-3.6,-4.7,-2.7,-3.1,-0.5,1.1,0.5,-9.8,0.2,2.0,-1.0,-0.7,2.5,-1.4,-1.2,1.7,-0.8,4.2,0.5,2.0,0.6,0.4,1.1,-0.9,1.1,-2.3,-1.1,-0.5,0.5,-0.1,0.7,-1.6,3.0,0.6,-0.4,0.8,0.8,-0.2,0.0,-0.0,-0.2,1.5,-2.6,-0.2,-1.1,-2.3,-0.3,-4.6,-3.1,-3.2,-0.5,-0.2,-4.2,-1.0,-2.7,-1.6,-2.8,-3.1,-0.6,0.6,3.3,-0.5,-0.9,0.7,-1.4,2.6,0.1,1.0,2.2,-3.2,12.8,3.8,3.6,2.8,-1.8,2.0,-0.3,0.2,0.3,-1.8,-2.1,-3.2,-0.0,0.1,0.1,-0.3,-2.7,1.3,-3.4,1.4,0.4,-0.9,1.6,0.9,0.8,-0.6,2.1,0.8,1.4,-4.1,4.2,3.5,-0.1,-7.5,-0.0,-14.0,2.4,2.2,5.8,1.4,-1.9,-2.1,2.3,-0.6,3.0,2.9,0.2,1.2,3.6,0.1,1.6,-2.5,6.3,2.0,0.6,3.6,0.7,-2.3,0.4,3.8,-5.0,2.4,3.0,8.2,9.5,-7.4,2.9,1.8,3.9,-1.7,-0.2,-3.7,4.3,6.4,2.8,5.1,0.8,2.8,9.2,3.7,2.6,2.1,4.1,6.2,1.1,-6.2,7.6,-3.1,2.6,4.5,7.5,4.8,8.9,5.2,3.3,0.7,5.3,3.2,0.6,-3.5,-2.0,-0.4,-1.8,-4.4,-3.8,2.5
2C7L514Zku,0,48.102334,11.630454,4442482.38,2777870.78,535.1,580.8,242,7384,2.7,0.83,0.4,32.66,348.96,-0.53,-0.103,0.842,-1.1,0.1,-0.19,0.21,0.5,0.2,-0.3,0.1,1.9,1.4,-1.4,1.7,-4.6,-2.4,0.1,-0.7,10.6,0.2,-0.7,0.7,0.6,-1.0,1.6,-3.9,1.5,1.4,-0.1,1.7,3.7,2.7,3.2,2.8,4.9,5.0,0.6,3.2,1.5,-0.7,-5.4,-1.5,0.2,-0.9,0.4,2.3,0.6,3.8,1.7,1.9,0.6,0.5,2.9,0.4,2.9,1.6,0.0,-1.0,-1.4,-0.2,1.2,-2.0,1.2,-0.1,2.1,0.1,0.7,0.0,-4.3,-1.0,-0.7,5.4,0.8,4.0,-3.3,-2.1,9.6,4.3,2.2,0.6,2.3,-2.8,-3.7,1.8,3.0,-6.9,1.5,4.0,-5.6,5.5,-0.4,2.8,1.6,-0.3,0.5,0.8,1.4,0.9,2.1,2.0,1.1,-1.5,2.1,0.6,2.9,0.2,2.1,0.5,-0.3,-0.8,1.4,-0.3,2.7,-0.7,1.1,2.4,1.0,1.0,-0.6,2.1,-0.0,-0.0,-0.6,0.9,-0.3,-1.7,-0.6,-4.5,-2.9,-1.3,-0.9,-0.5,-1.1,0.3,1.1,-3.0,-1.3,1.5,-5.0,-2.6,1.4,1.2,-0.8,-3.2,-2.6,-0.5,-3.7,2.6,4.3,-0.9,1.3,-5.7,-2.0,-3.6,-1.8,10.3,-0.5,-3.7,2.0,-3.5,-0.1,-3.9,-4.7,-5.3,-2.3,-6.8,0.9,8.5,-0.0,-2.0,0.2,-6.6,-2.6,-2.4,-2.9,-2.1,3.5,1.4,-5.1,-0.4,-8.3,-4.2,-5.4,-2.9,-7.2,-7.6,-5.5,-2.2,-6.0,-6.5,0.7,-3.4,-1.9,-7.2,-3.9,-4.9,-1.4,-0.5,-1.9,-6.6,-1.0,-5.5,-5.2,1.5,-2.3,-4.3,-2.8,-1.2,-5.0,-2.5,-6.1,-0.9,1.3,-0.2,-4.4,-5.0,-2.2
2C7L514ZlK,0,48.102547,11.632111,4442605.27,2777897.12,545.6,591.2,242,7410,3.7,0.58,0.44,32.67,348.96,-0.53,-0.103,0.842,-0.3,0.2,-0.62,0.29,3.3,0.2,-0.3,0.6,2.1,3.0,0.3,0.7,-3.8,1.1,5.9,5.5,-5.0,-2.0,-3.5,1.3,-2.1,-2.2,-3.8,-3.6,-2.9,9.6,12.8,-1.1,14.0,0.5,14.5,13.9,18.0,6.9,3.4,3.4,8.3,0.7,8.4,7.1,4.7,9.0,11.7,12.5,14.1,12.9,15.8,5.7,5.9,8.9,12.8,10.0,8.5,1.5,6.7,4.8,7.1,6.0,8.4,7.0,7.7,8.1,6.3,4.6,5.8,5.5,5.5,2.7,8.2,3.7,2.9,11.8,-1.1,2.8,2.1,3.9,4.1,2.4,4.5,2.3,4.7,3.9,9.0,16.3,18.3,17.1,4.2,6.4,11.6,4.4,5.6,4.9,6.2,9.8,11.7,10.5,9.4,8.7,4.9,5.7,6.8,11.4,7.7,7.1,11.9,9.5,7.2,7.2,8.8,10.5,7.6,9.3,11.7,7.5,8.5,8.7,6.2,7.6,3.8,7.8,6.8,8.8,6.9,3.6,4.8,7.1,6.6,4.6,3.8,3.2,9.1,-7.0,-5.8,-0.7,18.9,3.9,8.8,7.6,9.5,6.8,10.3,10.7,8.9,10.8,7.7,12.3,6.8,0.1,3.8,3.5,3.0,3.5,2.3,0.3,2.0,1.4,5.9,3.6,-0.1,5.9,-0.7,4.2,1.2,0.7,2.1,8.1,5.4,6.8,11.6,9.8,8.0,8.1,8.8,8.1,9.2,6.8,8.3,9.2,9.8,1.6,-1.1,4.1,2.5,3.0,4.9,-3.5,1.0,2.0,2.3,0.1,0.7,1.4,0.2,0.2,4.7,5.6,2.6,1.0,7.0,9.5,8.8,7.8,10.6,11.3,12.1,8.6,10.9,-0.4,2.1,5.5,5.1,8.3,3.3,4.3,7.0
2C7L514Zlt,0,48.102795,11.634044,4442748.66,2777927.89,542.4,588.1,242,7445,3.1,0.81,0.35,32.68,348.96,-0.53,-0.103,0.842,0.0,0.2,-0.24,0.24,0.9,0.2,-0.3,-1.3,-0.2,-0.6,-2.0,-0.2,-2.4,0.5,-2.6,-0.1,2.7,-0.7,-0.1,-2.5,1.6,-1.9,-1.2,-1.1,-2.7,-5.4,-4.2,-2.8,-1.7,1.4,0.3,2.8,3.0,-1.3,2.0,1.7,-4.7,-2.3,-7.6,-5.2,-5.9,-5.8,-5.5,-0.2,-4.4,4.0,-2.3,2.7,1.3,-6.8,1.9,-1.2,1.3,0.1,0.9,0.1,-1.1,3.7,1.5,1.5,0.6,1.3,3.5,0.8,0.5,0.2,-1.4,1.4,1.2,0.5,-0.3,0.3,-2.3,2.1,2.0,-1.3,-0.4,-0.7,-0.4,0.6,-0.4,-1.9,0.6,-1.4,-0.9,-0.8,-2.1,-2.9,-5.9,-0.9,-3.1,-2.5,-4.6,-1.6,-2.2,-1.6,-1.1,-1.7,2.7,-0.6,-3.7,0.5,-1.9,-1.4,-0.3,3.2,-2.9,-2.5,-3.3,-3.6,-0.6,-0.5,1.3,0.3,0.6,-1.7,-1.0,-1.8,-0.2,-0.8,-1.4,-0.6,0.7,-2.3,-0.9,-0.2,-2.1,-3.6,0.7,-1.2,-0.1,-1.0,-0.9,-0.6,1.1,-2.7,-3.1,-5.5,-2.4,-1.1,-2.1,-3.8,-4.3,2.2,-0.1,1.7,3.8,-6.4,-2.0,-4.1,-1.5,-2.8,-1.7,-2.0,0.8,-0.1,8.8,9.1,-6.1,13.1,2.3,1.1,2.4,1.9,0.6,2.4,1.2,-4.0,-1.6,2.3,-3.0,3.7,-3.0,2.1,-2.3,-1.7,1.4,-1.0,-0.5,-3.4,-1.5,-3.6,-1.1,-0.1,0.8,3.9,-1.4,-1.4,-1.7,-1.7,-0.1,-0.3,-2.3,-1.8,-2.2,0.8,-7.9,-14.0,6.0,12.3,-10.1,9.7,-0.9,-11.3,-1.7,2.2,-0.4,-1.8,-0.6,-2.9,1.0,-2.1,-2.8,-0.6,-1.2
2C7L514Zn2,0,48.103353,11.638395,4443071.49,2777997.11,557.6,603.2,242,7516,3.4,0.74,0.46,32.7,348.96,-0.53,-0.103,0.842,-0.3,0.2,-0.65,0.26,1.5,0.2,-0.3,0.7,-1.3,-1.6,-1.1,-0.1,2.7,1.7,2.2,-0.7,-1.5,-0.1,1.0,-1.3,0.2,-0.5,-1.0,-3.5,-1.9,-3.4,-3.5,-2.4,-2.1,-2.6,-0.9,-0.4,-0.7,-0.3,-2.1,-1.1,-1.6,6.8,-6.6,-4.0,-5.0,-6.9,-1.4,-2.6,-1.8,1.6,-0.8,1.7,-0.2,-1.4,-3.4,0.0,-0.3,6.5,1.5,-0.2,3.0,-1.0,1.5,1.4,-0.0,0.1,-1.2,1.3,-1.4,0.2,1.0,1.6,4.1,-0.9,-0.3,4.4,-5.7,0.3,1.1,-0.1,1.0,1.9,-0.6,0.2,1.0,-0.4,-0.1,0.1,-0.4,-1.1,-0.8,-3.9,-2.7,2.4,4.6,2.9,-7.0,3.1,0.9,-1.0,-0.3,-1.5,0.4,3.0,-5.7,3.4,4.3,5.8,2.4,3.1,1.1,4.4,0.9,-0.6,3.6,0.2,1.9,1.0,6.3,-1.5,1.4,-2.6,4.1,0.4,-5.8,1.9,2.2,-5.3,3.7,9.6,-1.3,-3.2,-2.6,4.6,-1.7,-1.1,-1.5,0.8,-0.8,-1.5,-3.6,0.2,-1.8,5.6,-2.2,-3.3,-4.8,-2.4,2.0,0.2,1.5,9.5,1.3,-1.8,-0.9,4.0,3.0,7.9,8.8,10.0,2.1,0.5,-6.3,1.8,-2.0,-2.6,1.7,-10.3,-2.3,-1.6,-5.3,-5.3,-8.0,-3.7,-1.4,0.3,4.7,3.0,-4.7,2.3,-1.3,1.1,-5.6,1.5,2.2,1.1,3.2,2.8,4.6,-13.7,1.7,0.5,1.2,-4.9,-15.1,3.8,0.8,9.6,-11.4,-2.3,-3.1,-2.3,-5.2,-4.1,-1.9,1.1,-0.7,-2.3,-7.9,2.4,-1.4,-0.4,-0.7,1.2,-0.5,-1.3,-0.5,1.5,-2.0
2C7L514ZiE,0,48.101149,11.621087,4441787.37,2777723.76,541.9,587.6,242,7218,4.1,0.72,0.47,32.59,348.92,-0.529,-0.104,0.843,-0.5,0.2,0.1,0.31,0.3,0.3,-0.3,2.3,1.9,2.2,1.3,1.9,-0.2,1.7,0.8,0.5,-2.7,-1.4,2.4,1.4,0.1,-0.8,-0.1,-3.5,-2.3,-1.6,6.4,3.8,-0.5,2.9,-2.1,1.5,1.4,4.6,5.5,4.3,0.6,-15.0,-3.9,-0.9,-0.5,1.9,-4.1,1.4,-2.0,3.3,1.2,-0.9,0.4,-2.4,-1.4,-3.6,-5.0,-1.0,-1.9,-6.6,0.3,-4.9,-2.5,-3.8,1.1,0.9,-2.4,-0.4,-1.8,-0.7,-0.7,0.7,-0.0,6.6,2.4,-6.9,2.3,-0.8,1.8,-1.2,-1.2,1.7,3.0,5.1,2.0,1.3,3.6,3.6,2.0,0.8,1.0,10.1,1.7,2.0,-1.1,-4.3,-5.8,2.4,0.7,4.1,5.1,-0.3,-1.0,0.9,0.6,0.4,-8.0,-2.2,1.4,-1.6,0.6,1.8,2.5,2.4,2.7,-1.7,2.1,1.0,2.4,-1.0,-0.1,0.5,1.4,0.4,1.9,6.1,2.8,1.3,-0.9,-1.4,-2.4,-1.5,0.1,-1.2,-6.2,-6.5,-3.7,3.0,-8.1,-4.4,0.8,-3.4,-2.5,-3.8,0.1,-2.5,-6.1,-3.2,-11.1,-1.6,1.7,-2.3,-3.4,-0.9,0.5,3.4,0.0,1.3,0.3,0.3,-2.7,0.0,1.1,-1.9,-2.4,4.8,1.0,-3.5,-16.4,11.0,-16.3,1.1,8.7,3.5,0.3,-0.9,3.1,-16.9,1.0,2.4,3.1,-17.6,0.2,-5.1,-3.9,-1.0,-3.2,-1.7,-2.0,-1.4,3.8,4.6,-5.7,-7.0,-9.0,-5.2,-4.4,-0.7,1.4,-2.2,-5.7,-4.4,-3.6,-1.1,4.4,1.5,-1.9,-5.5,-0.1,4.0,-1.5,7.0,2.9,2.6,3.8,-5.7,-4.3,-8.7,-2.9
2C7L514ZiG,0,48.101157,11.621151,4441792.17,2777724.8,539.5,585.2,242,7220,4.3,0.62,0.59,32.59,348.92,-0.529,-0.104,0.843,-2.5,0.2,0.71,0.34,2.6,0.3,-0.3,-1.5,-0.6,-0.2,0.3,-0.1,0.2,0.2,-1.2,-0.4,-3.3,-0.4,0.5,0.3,-0.5,0.4,1.0,-0.6,-1.2,1.3,-0.2,3.1,-7.8,-0.9,-5.1,-1.6,-3.0,2.5,-9.6,3.6,1.4,-19.5,-7.0,-7.2,-9.4,-6.1,-5.9,-3.9,-3.7,1.9,-1.0,0.8,0.5,-1.5,2.7,-1.3,1.1,2.1,2.9,1.8,-0.2,0.8,2.3,0.4,-1.3,-0.7,-4.4,-5.9,-5.3,-6.0,-6.4,-2.2,-2.8,-1.7,-1.5,6.4,-5.1,-1.9,-4.7,1.2,1.2,-4.7,0.4,1.1,0.5,-4.2,-5.8,-6.1,-5.6,-3.9,-5.5,-5.7,-2.1,-2.2,-2.4,-3.3,-5.9,-5.4,-8.1,-7.3,-18.5,-8.2,2.5,-8.5,-4.5,-1.5,-4.0,-7.4,-21.8,-16.4,2.2,3.3,-0.8,-5.5,-5.8,-2.3,-4.9,-4.6,-3.2,-4.2,-3.7,-5.3,-4.1,-4.5,-5.3,-3.3,-4.8,-7.2,-7.4,-6.4,-3.8,-5.6,-1.6,-3.4,-2.4,-4.5,-5.3,-6.5,-1.7,-2.3,-0.1,-5.1,-9.0,-7.8,-7.6,-9.2,-4.9,-12.3,-13.4,-8.2,-14.1,-13.6,-10.6,-10.9,-6.5,-6.6,-7.4,-3.8,-8.3,-8.5,-7.5,-6.0,-9.8,-7.5,-9.4,-12.2,-12.1,-13.1,-13.4,-10.3,-12.7,-14.9,-14.9,-17.2,-17.4,-23.4,-12.8,-12.9,-16.8,-3.7,-25.5,-24.3,-10.5,-16.6,-24.2,-2.4,-4.9,-4.6,-5.7,-3.1,-4.2,-5.7,-5.8,-10.6,-6.6,-7.7,-14.0,-4.3,-2.1,-25.3,-5.2,-20.9,-8.5,-15.7,-14.8,-15.2,-15.8,-14.7,-12.5,-12.8,-11.5,-4.3,-6.8,-8.9,-7.9,-8.0,-5.2,-7.1,-3.4
2C7L514ZiM,0,48.101225,11.621675,4441831.04,2777733.12,547.1,592.8,242,7226,2.9,0.8,0.42,32.59,348.92,-0.529,-0.104,0.843,-0.7,0.2,-0.61,0.23,0.7,0.2,-0.3,0.2,-0.2,-2.6,-0.3,-2.7,-1.0,-10.6,0.5,-8.0,13.6,-0.5,-8.5,-1.7,3.4,0.6,6.6,0.4,2.9,1.9,4.5,-4.5,2.2,-2.1,-0.7,1.9,-2.4,-1.5,-2.0,-0.5,0.2,14.0,-4.5,-4.0,-2.5,-3.9,-2.6,-0.4,1.9,4.4,2.0,0.3,0.6,-0.5,-2.5,-3.1,-4.2,-6.4,-3.3,-2.8,-1.5,0.2,0.3,-0.4,-1.7,-0.6,-1.7,-2.7,-1.8,-3.1,-1.9,-2.9,-0.4,-3.4,-5.1,-8.7,-5.6,-3.1,-10.7,-2.3,-2.0,-1.6,-0.1,0.4,0.1,-0.7,-1.1,-0.2,-0.7,0.1,-2.6,-2.4,-1.2,-2.6,-3.0,-4.6,-1.8,-2.5,-1.3,0.2,-2.1,-3.2,-4.8,-7.1,-5.7,-4.9,-6.8,-5.1,-3.8,-4.0,-1.3,-0.5,-3.9,-3.8,-2.7,-1.1,-0.6,-1.0,-2.7,-0.6,0.2,-1.3,-3.9,-0.9,-1.7,0.8,0.7,-3.8,-5.1,-3.2,-1.5,0.5,-1.0,-1.0,-3.4,-1.0,0.9,1.1,1.0,0.5,1.1,-1.1,-2.9,0.2,0.1,1.0,-1.2,1.8,-1.3,3.7,2.3,-2.0,-1.6,-4.3,-0.9,0.2,-1.5,-0.2,-2.4,0.1,-0.3,-5.5,-3.2,-2.0,-2.3,0.6,0.3,-1.8,-0.5,-0.5,-2.7,-3.8,-5.2,-0.3,-2.9,-0.5,3.5,-0.6,-2.8,1.0,-1.9,-1.3,-3.3,-4.8,-3.1,-0.9,-2.4,-3.0,-3.8,1.1,-2.9,-3.5,-3.7,-3.6,-5.0,-4.4,-4.1,-4.0,-3.2,-3.3,3.6,-1.6,-1.9,3.9,-6.9,-4.6,-5.7,-1.9,-9.0,-10.6,-11.1,-6.1,-10.0,-7.1,-9.0,-6.2,-8.1,-7.9,-6.2
2C7L514Zic,0,48.101332,11.622507,4441892.72,2777746.36,542.3,588.0,242,7242,1.5,0.96,0.18,32.6,348.92,-0.529,-0.104,0.842,-0.5,0.1,-0.25,0.11,0.2,0.1,-0.3,-1.2,-0.9,-3.3,-1.0,-0.8,-0.6,-1.1,0.1,0.5,0.8,0.2,0.2,0.6,-0.3,0.2,-0.9,-0.1,0.5,0.3,0.3,0.5,-0.5,0.4,0.2,1.1,1.7,2.2,1.8,-0.2,0.2,-15.0,-4.2,-2.7,-1.6,-2.8,2.8,0.4,2.1,2.0,0.1,-0.1,-0.5,-0.9,0.1,-0.8,-0.5,-0.6,0.1,-1.2,0.0,1.5,-0.4,0.3,0.3,0.1,0.4,0.4,0.2,0.7,-0.2,-0.1,-0.9,1.8,-0.5,-2.9,-0.4,-0.2,-1.6,-1.4,-1.1,-0.8,-0.1,-0.9,-1.2,0.6,-0.6,-1.2,-0.3,0.3,-0.6,-1.8,-0.5,0.0,-0.7,-2.0,-1.9,-0.5,-1.7,0.1,-0.6,-1.7,-1.6,-1.7,-1.2,-2.6,-0.6,-0.1,-0.7,-0.6,0.0,-0.7,-1.7,-0.2,0.4,0.5,-1.2,-1.2,-1.0,-0.6,-0.9,-1.7,-0.4,0.1,-0.4,-0.4,-1.0,-1.8,-0.9,-1.7,-1.5,-1.1,-0.7,-0.4,-1.9,-1.4,-0.5,-2.2,-2.1,-0.2,-0.8,-3.1,-3.8,-0.3,0.1,-1.7,-1.7,-1.8,-0.7,2.0,0.9,-0.5,-0.4,-0.6,-0.6,-1.0,-1.1,0.5,-0.3,0.1,-1.5,-0.2,-2.2,-1.4,-2.3,-1.8,-2.1,-1.1,-1.6,-0.5,-1.5,-1.8,-2.3,-1.1,-1.7,-1.5,2.6,-1.7,-6.3,0.4,-0.6,-1.3,-4.0,-3.4,-2.5,-1.5,-0.4,-1.7,-2.1,-2.7,-1.1,-1.9,-2.2,-2.2,-1.1,-1.7,-1.9,-1.7,-1.8,-1.5,-4.4,-3.4,-2.6,-3.2,-4.0,-1.7,-2.9,-2.9,-2.5,-3.5,-2.0,-3.2,-3.2,-3.8,-3.6,-2.5,-2.8,-3.1,-3.3
2C7L514Zid,0,48.101329,11.62249,4441891.46,2777746.1,538.7,584.4,242,7243,1.8,0.93,0.29,32.6,348.92,-0.529,-0.104,0.842,-0.3,0.1,0.2,0.14,0.2,0.1,-0.3,-0.8,-0.8,-0.1,-3.1,-1.0,-1.6,-0.6,-0.9,-0.4,0.9,0.7,0.6,1.0,-0.2,0.1,-0.6,0.9,2.0,0.7,0.6,-0.7,-1.2,-0.5,0.2,-0.3,-0.5,0.4,1.3,-1.2,-0.8,-15.3,-4.0,-4.1,-1.8,-3.6,6.3,0.6,1.0,-0.7,-1.0,-2.1,-0.6,-2.9,-1.9,-2.1,-2.9,-1.5,-1.1,-0.2,-0.6,-1.1,-2.4,-1.5,-0.9,-2.0,-2.8,-2.0,-4.6,-1.7,-2.3,-2.9,-2.5,-1.9,0.4,-1.6,-0.9,-2.5,0.0,-1.7,-1.9,-2.5,0.1,-2.0,-1.8,-1.3,-1.4,-1.8,-1.4,-1.8,-1.4,-2.5,-1.3,-1.2,-2.7,-2.9,-1.3,-3.6,-3.4,-2.5,-3.6,-5.0,-2.8,-3.6,-3.9,-4.5,-2.0,-2.1,-1.6,-2.4,-1.8,-2.6,-3.1,-2.2,-1.0,0.2,-3.0,-2.9,-2.7,-2.4,-3.5,-3.9,-2.6,-3.2,-2.6,-2.0,-2.6,-3.4,-3.3,-3.3,-2.7,-0.5,-2.5,-1.8,-3.4,-3.4,-2.9,-3.3,-3.8,-1.1,-1.0,-2.9,-3.1,-1.5,-0.3,-2.9,-2.2,-2.5,-2.9,0.7,0.2,1.6,-0.4,-1.5,-1.8,-2.5,-2.1,0.1,-1.4,-0.8,-0.8,0.2,-3.6,-1.6,-3.6,-2.0,-2.8,-1.0,-1.0,0.2,-1.6,-3.0,-3.1,-2.5,-1.2,-3.4,1.1,-2.9,-8.5,-0.5,-0.4,-1.1,-3.9,-8.1,-4.0,-2.3,-0.3,-3.4,-2.8,-3.8,-1.9,-2.6,-3.1,-4.0,-2.3,-0.4,-2.8,-1.6,0.2,-1.5,-0.9,-3.2,-3.4,-6.1,-7.5,-1.3,-1.9,-2.2,-2.0,-2.5,-2.1,-1.1,-3.1,-2.9,-2.7,-3.7,-4.7,-4.2,-3.2
2C7L514Zig,0,48.101366,11.622773,4441912.44,2777750.58,545.0,590.8,242,7246,3.2,0.75,0.42,32.6,348.92,-0.529,-0.104,0.842,-0.6,0.2,-1.36,0.24,1.9,0.2,-0.3,-3.9,-0.1,-1.6,-0.0,-3.2,-1.1,0.2,-0.2,1.2,1.5,-0.6,0.1,5.5,2.4,4.9,7.8,1.9,4.2,2.3,1.0,0.2,-0.6,-3.4,-0.9,-0.3,3.0,-0.6,-1.1,-4.1,-2.6,-7.5,-2.1,0.3,-1.4,-2.0,-2.5,1.4,-1.7,2.1,1.3,-2.2,-13.2,1.9,0.2,-6.4,-3.0,-12.8,-8.0,-3.1,-6.8,0.3,-1.6,-1.3,-5.2,-1.9,-1.0,0.2,-0.8,-2.1,-2.2,0.1,0.0,-1.8,-1.4,7.9,4.5,-0.2,-1.7,-0.4,-0.9,2.7,0.5,-4.0,-2.9,2.0,1.8,2.6,2.8,0.6,5.0,-1.3,0.2,-2.8,-1.5,-2.8,0.9,-1.4,-3.3,-3.9,-1.6,-0.1,-3.2,3.5,-3.2,-5.4,-2.4,0.5,-1.8,-0.5,1.8,1.6,0.3,2.1,1.6,1.1,2.1,2.9,3.8,2.2,2.4,0.8,3.3,6.1,2.7,5.0,3.8,-3.3,3.6,1.6,4.0,-3.9,6.6,4.0,1.5,-1.8,-2.4,2.5,0.6,0.7,-1.4,-1.8,-5.6,2.5,-2.2,-3.3,-3.5,-1.8,-4.9,-1.1,-2.8,0.0,-0.7,-4.9,-0.4,-0.4,1.4,-1.7,2.7,3.1,-1.9,-3.6,-3.2,0.7,-0.1,-1.9,2.0,-1.0,-2.7,0.2,0.6,-1.1,-2.3,0.4,-6.2,-2.0,1.7,-3.2,-6.0,-3.0,-3.2,-2.5,-5.2,-2.0,-1.1,1.6,-4.6,1.3,0.1,9.3,2.2,1.1,0.3,1.8,-0.2,1.1,-1.6,-0.4,-0.8,-2.2,-2.9,-5.8,-3.3,-2.3,-3.1,-6.2,-7.3,-3.1,-2.4,-16.5,-12.0,-8.8,-16.6,-11.8,-11.9,-5.8,-0.3,-2.4,-7.0
2C7L514Zjl,0,48.10183,11.626386,4442180.52,2777808.11,536.1,581.8,242,7313,2.7,0.84,0.36,32.64,348.96,-0.529,-0.103,0.842,-0.6,0.1,-0.17,0.21,0.5,0.2,-0.3,3.3,0.6,0.5,1.3,-0.5,2.3,2.7,0.8,1.6,-0.2,-1.2,1.8,0.5,0.6,0.5,2.8,0.1,-1.7,0.2,0.0,-3.8,-2.3,-2.1,0.8,2.3,0.2,-5.1,6.0,-4.1,-3.0,-12.1,-5.1,-4.8,-1.7,-2.1,-1.4,-3.4,-1.2,0.6,0.0,-4.6,-3.5,-0.4,-5.9,-0.3,-7.0,-5.4,-5.7,-5.4,-2.9,-3.3,-3.8,-2.9,-0.8,-3.0,-0.9,-2.9,-0.6,-2.3,-0.6,-2.1,-3.8,-8.8,10.0,9.5,-1.4,-1.6,-10.6,-2.3,-2.1,-3.2,-2.7,-3.3,-3.3,-1.1,0.2,-1.5,0.1,-0.2,-1.0,-3.8,-1.8,-3.8,-5.5,-3.8,-1.9,-0.9,-2.5,2.1,0.5,-2.6,-2.2,-5.5,-0.1,-3.9,-1.1,-1.4,0.9,-0.4,-1.9,-2.5,-2.3,-1.3,-2.1,-3.0,-1.7,-1.3,0.5,-2.3,0.1,-0.2,1.6,1.7,0.4,0.3,2.2,-5.5,-1.0,-0.6,1.9,-4.7,1.9,1.4,-5.0,-2.6,-1.0,-2.8,-1.5,-0.5,-2.6,-3.3,-0.8,-0.3,-0.2,1.1,-3.3,-1.6,-5.5,2.0,1.9,1.5,-0.1,-2.2,-2.0,-2.9,-2.0,-0.6,-3.2,-3.0,-2.0,-5.0,-3.7,-1.8,-4.6,-5.3,-3.1,-3.7,-2.4,-3.3,-5.9,-3.8,-3.4,-2.5,-6.1,-5.9,-1.4,-3.5,-6.4,-3.5,-4.4,-3.5,-2.7,-6.2,-3.1,-1.5,-1.5,-1.9,-2.4,-11.4,-0.9,-5.0,-3.2,-5.3,-3.4,2.2,-3.2,-0.8,-2.1,1.0,-8.6,-5.0,-3.2,-2.4,-3.9,-1.3,-5.6,-4.3,-5.2,-4.0,-1.0,-4.2,-1.3,-10.2,-6.9,-0.9,-2.7,-6.9,-5.7
2C7L514Zkg,0,48.102247,11.629632,4442421.35,2777859.76,536.3,582.0,242,7370,2.0,0.88,0.34,32.66,348.96,-0.53,-0.103,0.842,-0.2,0.1,0.19,0.15,1.5,0.1,-0.3,-2.8,0.7,-0.0,-1.1,-0.2,0.6,1.5,0.9,-1.8,-3.0,0.7,-1.3,0.1,-1.0,-1.1,-0.2,-1.2,-5.8,-3.3,-2.6,-3.2,-6.0,-3.2,-3.0,-0.1,-3.9,-3.6,3.9,-1.2,-3.8,-3.3,-4.9,-4.4,-4.0,-4.6,-1.9,-0.3,-1.2,-0.7,-0.4,-3.4,-1.3,-3.4,-1.9,-2.6,-1.2,-3.6,-3.5,-2.6,-4.2,-2.1,-1.1,-2.1,-1.2,-0.4,-1.7,-1.6,-0.2,-0.7,-1.1,-1.7,-0.1,-1.1,-2.7,-2.3,-0.5,-2.3,0.2,-1.8,-0.9,0.6,-2.1,0.3,-1.9,-3.0,-1.3,-2.1,-0.8,-1.6,-2.5,-2.4,-0.6,-1.1,-2.4,-3.2,-4.8,-4.9,-4.0,-4.7,-2.6,-4.6,-2.0,-2.6,-3.2,-4.2,-3.3,-5.2,-3.0,-2.3,-3.6,-3.1,0.4,0.9,-0.4,-1.1,-0.6,-0.5,-1.6,-1.5,-2.2,-2.8,-2.1,-1.7,-1.1,-3.6,-0.9,-0.9,-0.5,-1.5,1.9,-0.3,1.4,-1.5,-2.4,-3.0,-4.2,-0.3,-1.8,-3.9,-3.8,-8.7,-8.8,-2.9,-6.5,-12.3,-10.2,-8.8,-8.0,2.8,-0.3,-0.2,-2.4,-1.4,-0.9,-0.6,-1.1,-1.6,-0.4,-2.3,-1.9,1.0,-1.5,-2.3,-1.6,-1.8,-1.4,-1.4,-0.0,-3.6,-3.3,-3.5,-6.7,-4.4,-4.9,-4.8,0.1,-0.6,-3.1,-0.1,0.7,0.2,-3.6,-7.1,-2.4,2.2,-2.4,-3.1,-0.1,-8.6,0.6,-2.2,-1.9,-2.0,-0.5,-2.0,-3.1,-2.0,-0.8,-3.8,-6.3,-6.8,-4.0,-5.1,-6.2,-4.7,-4.3,-3.9,-3.6,-1.0,-4.7,0.6,-2.3,0.2,2.0,1.0,-1.7,-2.4,-2.9
2C7L514Zls,0,48.102826,11.63414,4442755.76,2777931.47,550.1,595.8,242,7444,3.0,0.8,0.5,32.68,348.96,-0.53,-0.103,0.842,0.7,0.1,-0.27,0.23,0.9,0.2,-0.3,-1.2,-1.1,0.3,-1.6,1.1,-1.0,1.9,3.2,1.8,-0.2,1.7,3.0,3.5,1.0,2.9,3.3,2.9,3.7,0.9,2.3,-0.1,-0.9,0.7,2.8,3.5,3.0,1.3,3.7,-0.6,0.1,1.1,-1.3,-1.2,-2.9,-4.0,-2.2,4.9,4.1,2.8,4.9,7.4,3.2,4.4,3.8,3.2,-1.3,2.4,2.3,-4.6,2.2,-0.6,0.9,0.9,2.3,3.8,-0.8,2.2,-0.1,0.4,1.3,2.2,3.8,-1.8,-1.1,0.6,0.2,0.3,2.2,0.5,-0.0,1.9,0.2,0.9,1.5,1.1,3.0,1.9,2.1,1.8,-1.8,0.4,3.2,3.2,2.8,0.5,4.7,1.5,3.8,2.2,2.4,1.7,3.4,2.9,1.3,4.4,0.4,1.7,4.8,4.8,-0.1,3.9,4.2,0.3,5.2,2.2,4.0,6.7,4.1,4.1,2.5,-2.6,-6.4,0.6,10.3,14.4,7.9,1.5,9.1,9.9,2.1,-0.7,3.0,-3.0,2.2,2.9,5.4,4.5,4.2,2.8,0.3,4.1,1.1,2.4,3.4,6.4,3.6,5.1,1.6,6.6,6.0,6.7,2.2,2.1,1.4,5.1,4.8,4.4,3.4,2.5,-0.8,6.5,4.9,3.0,5.4,3.9,4.8,5.7,5.6,6.5,5.9,5.6,4.0,4.5,1.5,4.3,4.6,1.7,1.4,4.9,5.5,4.0,2.0,2.8,3.9,2.1,-3.6,-4.9,2.8,-2.8,2.1,0.5,2.5,6.2,3.9,1.1,0.5,-0.5,0.6,-6.4,11.2,10.2,15.6,10.7,8.1,11.3,11.9,7.7,2.9,5.6,3.9,0.7,4.0,1.8,4.5,5.4,2.4,1.3,0.6
2C7L514ZmX,0,48.103082,11.636133,4442903.61,2777963.22,533.2,578.9,242,7485,1.9,0.88,0.32,32.69,348.96,-0.53,-0.103,0.842,-0.6,0.1,0.37,0.14,1.7,0.1,-0.3,-0.6,-1.1,0.0,-0.9,-0.5,0.4,0.2,1.1,1.2,0.6,-0.1,-0.7,-1.1,-2.5,-3.0,-2.2,-5.0,-1.7,-3.0,-4.7,-5.0,-3.3,1.4,-2.6,-4.0,-5.6,-1.5,0.7,-1.3,-2.5,0.7,-8.6,-7.6,-7.3,-5.5,-5.7,-0.8,-0.2,-1.6,-2.7,-0.7,-0.7,-2.9,-2.9,-0.9,-0.2,4.1,-2.8,-0.5,0.8,-1.4,-2.3,-0.2,1.4,-1.1,-1.5,0.1,0.5,-0.2,-0.1,-0.2,-1.4,-2.6,-2.3,1.4,2.3,-2.5,-0.3,-2.0,-0.4,-0.8,-2.0,-1.0,-3.0,-2.4,-3.4,-0.8,-4.9,-2.4,-4.6,-2.5,-2.2,-0.8,-3.5,-3.5,-7.3,-1.4,-4.1,-5.8,-4.2,-5.2,-4.1,-3.6,-7.9,-2.5,-4.5,-3.8,-3.1,-2.8,-4.9,-3.3,-4.5,-1.2,-0.4,-2.9,-2.8,-3.7,-1.2,-5.1,-2.1,-2.3,-1.0,-1.3,-4.3,-2.1,-2.8,-2.1,-1.3,-1.1,-4.2,-0.9,-1.8,-0.4,-1.5,-1.0,-2.2,-2.5,-2.7,-3.9,-3.0,-5.1,-2.3,-3.6,-5.9,-6.1,-2.8,-3.6,-5.8,-0.9,-4.4,-5.5,-5.9,-5.2,-4.7,-3.3,-0.8,-1.9,-2.2,-3.4,-5.6,-4.4,-4.5,-2.6,-2.6,-4.0,-1.1,-2.7,-2.3,-4.6,-9.2,-7.8,-13.0,-5.2,-11.3,-5.8,-4.5,-5.1,-9.6,-6.0,-3.6,-5.6,-1.1,-5.7,-2.4,-0.7,-1.8,-2.5,-1.2,-2.3,-1.6,-1.9,-0.8,-1.1,-1.3,-3.5,-3.8,-4.0,-2.5,-10.3,-3.4,-4.6,-5.5,-4.8,-5.0,-1.0,-3.1,-5.9,-3.5,-3.3,-3.8,-1.6,-3.2,-3.0,-2.8,-1.7,-4.1,-4.1,-2.6
2C7L514ZiF,0,48.101168,11.621088,4441787.44,2777725.86,539.5,585.2,242,7219,3.0,0.81,0.45,32.59,348.92,-0.529,-0.104,0.843,-2.0,0.1,0.2,0.23,1.0,0.2,-0.3,-0.7,-0.5,0.2,0.2,-0.3,-0.4,-1.9,-0.4,-1.2,-3.6,-1.6,-1.7,-0.3,-0.5,-2.1,1.9,-3.5,-5.9,-5.7,-0.5,4.1,-4.2,-1.2,-3.1,0.4,-2.5,1.3,-0.4,3.6,-3.2,6.0,-6.9,-4.5,-4.7,-3.0,-7.8,-2.2,-0.7,1.8,0.2,-1.8,-1.0,-2.2,-0.6,-6.9,-2.7,-1.9,-1.3,2.3,0.2,1.3,-0.3,0.3,0.4,-1.4,-2.0,-3.4,-2.5,-3.1,-3.2,-0.1,-1.1,1.7,-1.1,3.1,-3.1,-0.6,-3.9,0.3,-0.8,-3.7,-0.1,-2.6,-1.1,-3.3,-1.8,-1.7,-4.2,-4.2,-4.7,-0.8,-3.1,-3.6,-4.0,-4.3,-8.9,-3.5,-5.2,-0.4,-5.9,-6.8,-10.4,-7.2,-6.4,-2.8,-5.7,-7.5,-19.3,-6.9,-2.5,-1.0,-3.0,-3.1,-2.7,-5.4,-4.0,-4.8,-4.6,-4.9,-4.4,-5.4,-4.8,-5.5,-5.0,-3.7,-4.9,-4.2,-5.9,-5.5,-5.4,-5.0,-4.7,-3.7,-4.2,-6.6,-10.5,-4.7,-1.5,-3.1,-2.6,-6.7,-6.3,-6.1,-7.5,-6.2,-6.0,-4.3,-8.8,-5.4,-8.4,-9.9,-8.5,-7.4,-6.8,-5.5,-7.0,-2.4,-5.2,-5.9,-6.5,-5.5,-7.0,-7.1,-7.3,-6.4,-7.2,-7.0,-5.9,-5.8,-10.0,-6.1,-9.5,-9.7,-6.4,1.7,-0.8,-14.0,-16.2,-2.6,-2.1,-22.5,-8.0,-15.9,-17.5,-4.4,-5.7,-4.6,-8.4,-5.7,-4.3,-7.5,-11.6,-11.9,-6.7,-9.9,-9.1,-4.3,-3.8,-8.1,-15.3,-12.7,-10.7,-9.6,-14.9,-8.7,-13.0,-13.3,-9.7,-10.6,-11.1,-8.3,-9.3,-9.5,-9.3,-8.1,-6.2,-9.4,-7.4
2C7L514ZjN,0,48.101684,11.625104,4442085.39,2777789.77,539.2,584.9,242,7289,4.0,0.64,0.49,32.64,348.96,-0.529,-0.103,0.842,-0.4,0.2,0.55,0.32,2.4,0.3,-0.3,1.4,2.1,4.3,3.0,0.9,-0.1,4.6,0.8,2.7,-1.1,2.6,0.5,-3.2,2.1,-2.7,-6.1,-3.5,1.9,-0.7,-12.5,-4.1,0.9,-0.4,-3.1,-13.9,7.7,2.6,-1.8,-1.3,-9.1,-16.1,-6.6,-11.1,-10.2,-3.0,1.8,-4.4,-3.7,-3.9,-0.7,-3.2,-0.5,-5.1,8.3,-2.0,2.8,-0.9,1.0,1.6,2.1,1.8,1.8,1.9,1.0,0.4,0.1,1.1,1.6,1.5,2.0,-0.1,0.9,3.8,5.1,-0.9,0.1,2.0,4.0,1.8,0.9,-0.8,-0.1,4.4,-0.4,-1.1,-1.3,-3.5,-2.0,-0.8,-1.4,1.9,-3.7,4.5,-0.1,3.2,-5.9,-2.6,-6.6,-1.2,7.2,0.5,-1.6,-0.6,0.5,-4.7,1.9,-0.7,-2.4,-2.2,2.4,-0.7,-2.4,-1.7,-1.5,-3.1,0.5,3.6,-0.4,0.5,2.0,2.6,0.3,-0.3,-1.5,1.7,-0.8,-3.4,-1.1,0.1,-0.1,-1.6,1.3,2.2,0.0,-4.1,-1.7,-1.0,-3.1,-5.8,-6.3,-4.3,-2.4,0.2,-6.3,-3.3,-5.6,-5.6,0.1,-2.0,2.9,-4.8,-7.0,-5.1,-3.5,-1.9,-5.2,-15.1,-5.7,0.6,-1.6,-15.8,1.6,-5.4,-3.6,6.3,-1.7,-1.4,-0.9,-2.5,-5.4,1.7,-4.6,-1.1,-6.9,-11.0,-14.1,-5.1,-16.0,4.6,-7.8,-4.3,-9.4,1.3,3.5,-0.7,0.4,1.9,2.1,-2.8,4.4,1.6,2.3,-3.2,-2.5,1.3,-4.0,-1.1,-4.4,-4.0,-10.1,-1.6,-14.2,-11.0,-13.0,-6.4,2.7,-5.4,8.7,1.8,3.6,0.9,4.7,0.3,0.7,6.9,2.9,8.4,0.8
2C7L514ZkK,0,48.102111,11.628433,4442332.31,2777842.73,538.6,584.3,242,7348,2.6,0.86,0.42,32.65,348.96,-0.53,-0.103,0.842,-0.7,0.1,-0.81,0.2,1.0,0.2,-0.3,-1.9,-0.0,-1.5,1.4,-0.9,-1.0,-1.0,-0.8,-2.0,-3.6,-1.9,-1.7,-0.8,-0.9,0.4,2.0,2.9,2.3,-1.3,1.3,-3.1,-0.8,-2.9,-0.5,1.8,1.2,-2.3,-0.2,-1.9,-2.4,-6.8,-4.8,-3.4,-1.7,-5.1,-1.3,1.5,-0.8,0.9,1.4,-0.1,-0.9,0.4,-0.1,-0.7,-0.8,-1.3,-0.4,-0.5,0.6,0.6,2.0,0.6,0.5,0.7,-1.0,2.0,0.6,2.5,3.5,0.8,2.0,3.4,1.7,13.1,2.2,1.8,-7.8,-1.4,-0.9,-0.3,-0.5,-1.9,-1.6,0.5,0.4,-1.9,-0.9,-0.0,-0.7,-2.4,-1.0,-4.3,-3.7,-3.0,-0.6,-0.6,-1.8,-0.5,-1.9,-3.0,-3.1,-6.4,-1.6,-2.1,-4.2,-4.5,-0.2,-1.7,-1.8,-2.9,-0.8,-0.6,-0.5,-1.2,-1.7,-1.4,-1.1,-1.4,-1.5,-1.9,-1.6,-1.1,-1.1,-2.8,-1.3,6.4,1.0,4.0,2.9,-0.9,0.7,7.4,-0.9,0.6,1.8,-2.5,-0.1,-0.8,-2.0,-1.6,-0.1,-2.4,-0.1,0.3,-1.9,0.5,-1.3,1.3,3.0,-1.1,-2.7,-3.2,-0.5,-1.0,0.1,-11.6,-1.7,1.2,1.9,13.5,-0.5,-2.7,-3.2,-3.8,-2.3,-3.4,-2.0,-2.1,-2.9,0.3,-1.9,-0.9,-2.0,-1.6,-2.9,-2.8,-3.9,-2.6,-1.9,-3.0,-4.8,-5.9,-1.9,-3.7,-4.5,0.5,-0.8,-11.8,1.0,-0.9,-1.4,-2.3,-0.5,-3.5,-4.2,-6.2,-2.2,-1.9,-4.4,-6.3,-3.6,-1.1,-4.1,-4.2,-5.1,-3.0,-5.6,-6.6,-5.4,-4.9,-1.7,-2.4,-4.5,-3.6,-1.7,-11.0,-9.5
2C7L514ZkM,0,48.102126,11.628542,4442340.46,2777844.48,539.3,585.0,242,7350,1.8,0.93,0.3,32.65,348.96,-0.53,-0.103,0.842,-0.2,0.1,-0.15,0.14,0.6,0.1,-0.3,0.6,0.4,-0.2,-0.0,-0.1,0.1,0.3,0.4,0.6,-1.8,-0.4,0.7,-1.0,1.0,1.7,2.1,3.8,3.0,1.8,2.3,1.2,2.1,0.8,4.7,3.8,5.7,2.3,2.9,1.3,-0.2,-6.3,-0.7,0.1,0.0,-2.0,2.0,2.8,1.0,3.0,1.9,0.2,2.9,1.9,2.2,-0.1,0.4,0.7,-0.6,-0.6,-0.4,0.1,-0.3,-1.6,-0.2,-0.8,-0.3,1.1,-0.4,-0.9,-1.6,0.6,0.7,-0.6,-0.5,1.0,-0.0,-0.4,0.3,-1.5,0.7,-0.7,-0.8,-0.1,-0.9,1.6,1.8,0.8,0.8,2.2,2.7,1.9,3.0,0.9,0.4,-0.1,2.9,2.4,3.6,3.5,2.7,0.4,-0.2,-1.3,2.3,0.8,-0.0,-0.1,2.9,1.9,0.4,-1.0,2.3,1.8,0.8,1.1,0.7,2.0,1.0,1.3,2.2,1.4,3.3,2.2,2.0,0.6,1.7,-2.7,0.2,1.5,1.2,0.8,1.4,1.1,0.2,-0.6,1.8,2.1,2.3,2.2,0.9,0.1,4.3,-0.2,1.9,0.6,-0.8,1.0,0.5,3.4,3.7,-1.7,-1.3,-2.2,0.7,-0.3,0.0,-3.1,1.3,1.9,1.2,-2.1,-1.4,-0.6,-1.3,-1.6,-0.5,-0.0,0.4,2.1,0.4,1.3,1.4,0.8,0.5,-0.4,1.5,-1.6,-0.2,-0.9,1.5,0.7,-2.2,-0.7,0.5,-0.0,-3.7,-2.7,0.9,13.7,-0.9,-0.7,-3.3,-0.4,1.5,2.1,2.0,0.5,4.1,1.7,-3.1,-2.0,0.8,0.9,-1.9,-0.3,-0.2,0.2,-2.0,-0.2,-2.7,-2.1,-1.9,0.8,0.7,1.3,1.0,-0.4,0.9
2C7L514ZlH,0,48.102561,11.631937,4442592.3,2777898.49,545.9,591.6,242,7407,3.4,0.74,0.53,32.67,348.96,-0.53,-0.103,0.842,-0.1,0.2,-0.45,0.26,0.9,0.2,-0.3,0.9,-6.0,-0.0,0.0,-2.4,-0.8,2.4,4.6,-0.4,-0.7,-3.9,-2.3,2.8,-1.5,-1.4,-1.5,-0.2,3.1,-1.0,3.3,-1.2,0.1,-4.0,-0.9,1.4,1.5,0.0,0.4,-1.5,-0.8,0.7,-9.7,-3.3,-4.1,-3.1,-3.1,1.8,3.4,0.4,3.6,-2.8,2.4,-0.8,7.9,3.3,-4.0,-6.5,3.9,-2.8,-2.0,7.2,-3.1,2.9,0.6,0.7,-1.5,-7.9,3.2,1.9,-2.2,-0.1,0.3,-2.1,-2.6,-1.4,-0.9,-3.1,4.9,-0.3,-0.3,1.5,3.3,-2.3,-1.5,3.2,-2.2,-3.6,-2.3,-0.7,0.8,1.2,-2.1,2.4,-1.7,-0.4,5.0,-1.0,2.2,0.4,-0.6,-3.2,1.5,3.8,-8.7,0.7,-0.9,1.5,4.8,-0.7,-3.2,-0.8,0.0,5.6,1.3,5.4,1.4,2.8,-1.4,1.6,-2.6,-2.6,-0.1,0.6,-1.4,-3.0,-6.5,1.5,-1.6,-2.0,0.6,-4.0,-0.8,-3.1,-8.2,-8.8,-1.3,-2.0,-2.6,1.1,3.9,-1.6,2.4,1.9,4.7,-2.0,2.9,2.6,2.9,6.3,9.2,8.6,-7.3,7.3,7.7,4.9,8.2,2.8,5.7,-4.7,-1.7,0.8,2.5,2.1,1.8,6.2,-6.5,-5.2,-3.9,-4.2,0.6,0.2,0.9,-7.0,2.2,-0.7,2.1,0.3,-2.4,-4.5,2.5,-2.3,-1.3,-0.2,2.5,-3.3,-5.1,0.2,1.0,12.9,-0.3,-0.6,-2.5,-2.0,-4.9,-1.1,-2.2,-3.6,0.1,-2.6,8.0,-4.8,-0.9,-1.4,-0.6,-0.9,-2.2,-1.0,-1.7,2.1,2.3,0.6,-2.3,-3.5,-0.1,-1.2,0.2,-5.2,-3.5
2C7L514ZlI,0,48.102572,11.632023,4442598.64,2777899.84,547.3,593.0,242,7408,2.2,0.91,0.28,32.67,348.96,-0.53,-0.103,0.842,-0.4,0.1,-0.1,0.17,0.8,0.1,-0.3,-1.0,0.7,-1.2,-1.2,-0.5,3.8,-0.6,-0.9,0.8,5.6,0.4,0.1,-0.4,0.9,-0.3,0.8,-1.6,-2.6,-2.3,-1.0,-3.3,-5.1,-1.8,1.5,-0.6,-1.6,-2.3,1.0,1.4,-3.3,-17.5,-4.1,-3.4,-3.3,-3.8,-3.6,2.1,-0.1,-0.0,0.4,1.6,0.6,-2.3,-0.2,-1.2,1.1,0.4,0.4,0.6,1.4,-1.2,2.0,-0.6,0.3,0.1,0.2,-0.3,-2.0,-0.9,-1.5,-1.9,-1.8,-6.3,-2.3,1.4,-0.3,-1.0,-0.8,-1.2,-1.3,-1.4,-2.2,-0.1,-1.0,-2.4,-0.4,-1.1,-0.9,0.2,-3.2,-1.8,-4.3,-0.7,-0.5,0.0,-2.7,3.3,-4.2,-3.9,-2.1,-1.3,-3.2,-2.9,-2.6,-0.8,-5.1,-0.9,-0.1,0.2,-3.4,-0.7,-1.2,-0.5,-0.5,-0.2,-1.3,-3.6,-0.2,-1.5,-2.1,-1.3,-3.2,0.5,-0.8,0.1,1.6,-0.6,0.4,0.5,0.2,-0.8,1.4,-1.7,0.5,-1.2,-0.3,-0.3,0.7,-1.5,-3.0,-2.1,0.9,2.1,-1.1,-4.0,-3.6,-2.1,-4.9,0.0,-0.7,-0.6,-1.8,-3.3,-2.7,-1.7,-2.0,-13.8,-1.6,-0.9,-0.0,-1.5,-3.3,-1.1,-2.5,-0.9,-0.7,-0.5,-0.2,0.0,-0.8,-4.0,-4.6,-1.0,-5.4,-5.5,0.7,-0.3,-3.8,0.4,-1.8,-1.1,-3.6,-6.7,-2.3,0.6,1.6,-2.8,-1.5,-0.1,-1.0,-1.2,-2.1,-3.2,-1.6,-1.9,-0.8,-2.2,-1.6,-1.4,-5.8,-3.8,-5.4,-4.3,-2.2,-5.7,-5.0,-4.0,-2.6,-1.3,-4.3,-0.2,-3.2,-1.5,-1.1,-1.5,-3.3,-3.0,-2.0
2C7L514ZlJ,0,48.102571,11.632014,4442598.02,2777899.72,544.1,589.8,242,7409,1.6,0.94,0.23,32.67,348.96,-0.53,-0.103,0.842,-0.4,0.1,-0.0,0.12,0.1,0.1,-0.3,-1.6,-0.3,-1.1,-1.4,-0.8,4.3,0.1,0.8,1.1,7.3,0.4,1.3,-0.2,-0.1,-0.1,0.7,-0.5,0.4,-1.9,0.1,-2.8,-0.7,-0.7,1.2,0.5,2.2,-0.4,-0.2,-0.3,-1.5,-5.1,-3.6,-3.3,-2.6,-3.2,-1.7,1.4,1.8,1.9,1.7,-0.9,-0.4,-0.7,1.4,-0.3,-0.2,-1.0,-0.9,-0.5,0.1,-0.7,0.7,-0.6,-0.2,-0.5,-0.0,-1.2,-0.3,-0.4,-0.9,-1.7,0.6,-6.2,-2.1,1.0,-1.2,-1.4,-0.1,-0.8,-1.0,-1.6,-1.5,-1.0,-1.0,-1.3,-0.6,-0.9,-1.0,0.4,-1.9,0.1,-1.9,-1.0,-1.2,-0.8,-2.3,0.7,-0.2,-0.9,-0.6,-1.2,-2.5,-2.2,-2.9,0.7,-2.1,-0.3,1.0,0.5,-2.7,-0.8,-0.3,0.7,-0.2,-0.4,0.1,-0.1,-0.3,0.3,-1.3,0.2,-0.8,0.3,-0.5,0.3,-0.3,-1.1,-0.5,0.1,0.2,-1.5,-0.1,-0.9,-0.2,-0.1,1.0,-1.6,0.6,-0.3,-2.2,-0.9,0.8,0.9,-0.1,-1.6,-1.5,-0.7,-2.9,1.9,1.3,-0.8,-2.5,-2.2,-1.7,-1.7,-1.5,-10.7,-0.3,-1.2,0.1,-1.5,-2.7,0.0,-0.6,-1.2,-0.8,-1.5,-0.8,-1.0,-1.9,-2.0,-1.9,0.5,-2.2,-3.1,-0.5,-0.3,-3.0,-0.3,-0.9,-0.4,-2.2,-4.2,-3.8,-1.3,-2.6,-2.0,-1.4,-8.2,-0.6,-1.3,-0.9,-2.0,-2.4,-1.8,-1.9,-3.3,-1.8,-1.7,-5.1,-4.4,-2.0,-1.1,-1.3,-1.2,-1.6,-1.4,-1.7,-1.8,-1.9,-1.7,-2.6,-1.7,-1.4,-0.2,-2.6,-2.2,-1.8
2C7L514ZlR,0,48.10261,11.632311,4442620.04,2777904.46,535.2,580.9,242,7417,4.3,0.54,0.47,32.67,348.96,-0.53,-0.103,0.842,-1.1,0.2,0.68,0.33,3.8,0.3,-0.3,3.5,1.4,-2.8,5.0,2.1,2.1,-5.0,0.4,-1.5,1.4,2.4,1.3,7.4,-1.3,-8.6,-11.5,-7.0,-6.2,-11.3,-8.4,-10.7,-11.9,-5.7,-10.8,-9.3,-9.1,-9.2,-4.6,-10.0,-11.1,-12.6,-17.3,-12.3,6.6,-12.5,-10.0,-7.2,-6.5,-3.8,-8.5,-6.5,-4.3,-11.2,-7.0,-9.4,-7.5,-5.9,-5.5,-6.7,-3.3,-4.8,0.6,-10.8,2.2,-4.3,1.8,1.6,0.0,-0.7,0.2,6.1,-4.5,-3.4,-9.4,-8.7,2.6,-2.4,-3.7,-2.8,0.2,-2.1,0.5,-0.4,-4.4,-6.2,-6.6,-7.2,-5.2,-7.8,-9.5,-5.9,-9.1,-8.8,-7.9,-9.7,-9.8,-9.6,-9.1,-8.5,-9.3,-12.8,-5.9,-9.6,-15.1,-10.5,-9.8,-7.7,-7.1,-10.2,-14.9,-7.4,-8.6,-8.4,-6.8,-6.6,-9.5,-9.9,-7.5,-8.7,-8.6,-13.4,-12.3,-12.5,-8.8,-7.9,-7.2,-6.7,-9.4,-7.1,-5.2,0.4,-6.1,-4.8,-5.9,-10.4,-2.6,-6.4,-6.6,-8.5,6.9,-13.7,-13.5,-11.3,-9.8,-9.6,-9.4,-7.1,-12.7,-4.1,-6.3,-12.5,-5.8,-8.4,-8.3,-7.3,-7.3,-4.0,-4.9,-6.2,-6.7,-5.2,-3.4,-5.1,-7.9,-7.7,-5.0,-6.2,-9.4,-14.0,3.8,-13.6,-19.9,-11.6,-15.3,-8.3,-11.1,-15.7,-9.3,-8.5,-15.5,-12.3,-7.8,-3.4,-7.5,0.0,-13.9,0.5,11.0,-0.7,-12.4,-12.2,-11.5,-13.1,-15.1,-16.3,-13.7,-15.4,-10.2,-11.5,-17.9,-16.9,-6.4,-13.1,-15.9,-18.3,3.1,-10.2,-12.4,-7.3,-11.1,-5.2,-8.4,-11.0,-12.0,-5.6,1.7,-2.1,0.3
2C7L514ZiC,0,48.101194,11.621149,4441791.89,2777728.86,550.4,596.1,242,7216,4.2,0.64,0.51,32.59,348.92,-0.529,-0.104,0.843,-0.2,0.2,0.18,0.32,1.6,0.3,-0.3,-1.4,0.6,1.4,3.1,0.7,-3.2,0.4,3.7,0.1,-4.7,3.1,1.4,1.7,1.6,-4.3,-3.8,0.9,-3.8,2.9,-1.3,-2.9,2.6,7.7,1.8,-1.1,-5.7,-3.6,-0.1,4.8,1.4,-16.8,-2.3,-6.7,-8.7,-7.5,-7.5,-1.7,-2.1,-1.2,-6.6,-2.8,-3.6,-2.5,-1.4,-0.7,-1.8,-4.5,-0.8,1.4,-1.4,-1.2,-1.9,0.4,-2.6,-0.8,-1.5,-4.6,-4.3,-3.7,-3.1,0.6,-0.3,0.7,-4.1,9.0,-3.7,-3.6,-2.5,-4.2,0.5,-4.5,3.3,-3.3,0.5,-1.9,-3.6,2.4,1.5,-0.7,-0.1,-0.4,4.5,1.8,2.3,-4.2,-1.3,-1.3,-5.5,-5.4,-4.8,2.2,-7.4,-6.0,-18.0,-1.3,-3.0,-5.1,-6.3,-11.6,-6.3,4.3,4.2,5.3,4.4,3.3,9.7,3.1,2.7,4.1,1.5,3.8,3.5,3.7,3.0,-3.1,8.4,-14.9,6.1,-11.7,-1.3,8.4,1.9,3.6,-0.2,-2.1,-3.6,-7.1,-0.1,0.1,-4.5,-3.9,-7.0,-4.4,-2.4,-6.0,-8.5,-4.9,-4.9,-1.2,-3.5,-1.3,0.1,-2.7,-4.0,-2.4,0.1,-8.2,-2.5,-4.7,-4.3,8.1,-2.3,-6.3,-5.9,-5.3,-4.0,-2.0,-3.7,-6.0,-5.3,-5.8,-6.4,-8.2,-8.2,-8.3,-4.7,-5.3,-9.3,-3.6,9.3,-5.3,-4.2,-2.5,-6.8,-4.9,2.1,-5.3,-1.2,4.4,-1.5,1.9,3.0,1.5,5.9,0.1,2.4,-0.2,4.0,2.1,-0.1,-0.8,5.4,3.9,-2.3,-5.1,-7.0,-5.9,-0.6,-2.7,-1.7,-4.9,-2.2,0.2,-5.6,-6.4,-4.8,-1.4,-5.5
2C7L514ZiN,0,48.101262,11.621675,4441830.95,2777737.25,544.9,590.6,242,7227,1.4,0.95,0.19,32.59,348.92,-0.529,-0.104,0.843,-0.5,0.1,-0.32,0.1,0.6,0.1,-0.3,-0.6,-0.2,-1.1,1.5,-0.4,-0.0,0.0,-0.1,-0.2,0.5,0.3,0.4,0.9,0.5,-0.1,0.5,-0.4,0.0,0.4,0.3,0.2,-1.7,1.5,-0.3,-0.4,-0.0,-0.1,0.2,0.2,-1.2,-10.7,-4.4,-3.9,-3.2,-3.2,-3.2,-1.4,-1.6,0.7,-0.0,-0.5,1.3,-0.5,-1.1,0.2,0.5,-2.1,1.1,1.1,0.6,0.8,-0.8,1.1,1.9,-0.7,0.0,-0.2,0.2,0.2,-1.0,-0.2,0.3,1.4,-0.7,-4.4,-1.3,0.8,-1.4,0.0,0.2,0.9,1.5,1.6,0.0,0.7,0.3,0.3,-0.8,0.3,-0.3,-0.4,0.2,0.6,-0.8,-0.8,-0.7,-0.5,-1.0,-0.6,0.1,-1.9,-2.1,-1.6,-2.3,-2.2,-0.6,0.1,-2.0,-1.0,-1.4,-1.8,-2.5,0.9,-1.1,-0.9,-1.2,-1.2,-0.4,0.8,-0.8,-0.9,-0.9,-0.2,-0.6,0.4,0.2,-2.1,-1.3,0.2,-0.2,-0.4,0.4,-2.1,-1.4,0.2,-0.4,0.6,0.4,0.4,-0.1,-2.1,-1.7,0.5,-1.1,-0.9,-1.8,-0.4,-1.9,2.4,0.3,-1.4,-0.2,-1.1,-0.1,1.5,0.9,-0.9,0.4,0.9,0.1,-1.1,-2.1,-0.7,-2.8,-1.7,-2.2,-1.0,-1.5,-2.0,-3.7,-2.8,-4.3,-0.6,-1.8,-3.0,2.1,-1.0,-4.9,0.1,-1.7,-2.7,-3.1,-3.9,-1.5,-1.9,0.0,-1.4,-1.3,-4.4,-2.1,-1.2,-2.0,-2.1,-2.0,-1.3,-1.9,-2.5,-0.9,-1.8,-5.6,-2.6,-4.1,-1.6,-5.5,-3.1,-3.2,-2.1,-1.5,-1.6,-2.8,-2.5,-0.9,-2.1,-2.5,-4.1,-1.9,-2.3,-2.4
2C7L514Zib,0,48.101356,11.62241,4441885.46,2777748.94,540.9,586.6,242,7241,3.1,0.82,0.4,32.6,348.92,-0.529,-0.104,0.842,-0.8,0.2,-0.51,0.23,1.2,0.2,-0.3,-2.8,-5.3,-5.7,-1.4,0.4,-0.7,1.0,1.3,-0.1,0.7,-3.4,-2.6,-3.0,-1.5,-1.5,-1.2,-3.1,-1.5,-1.2,0.1,-0.5,0.4,-1.8,0.4,1.2,2.2,3.1,1.7,-2.1,-3.1,-16.5,-12.7,-2.7,-1.7,-5.0,-0.0,5.5,0.7,4.6,-0.5,1.4,-2.6,-3.3,2.8,-3.3,1.0,-1.3,-0.1,0.3,0.7,3.5,0.3,0.8,0.6,-0.6,1.8,0.2,1.3,0.0,-1.3,0.6,-1.2,-0.3,-0.1,-4.4,-1.8,0.0,-2.4,-1.7,-1.3,-1.7,-0.9,0.6,-2.3,-0.4,0.1,-0.1,0.7,0.4,-1.2,-0.6,-1.2,0.4,-1.3,-2.1,-5.3,-1.0,-3.6,-1.9,-0.3,-3.2,-0.8,-4.0,-3.9,-3.7,-2.5,-1.0,-1.3,-1.8,-1.3,-2.9,-4.5,-3.3,0.5,-2.6,-3.6,-2.0,-4.5,-1.8,-2.9,-1.8,-1.4,-0.9,-1.1,-2.2,-2.1,0.1,0.0,-2.7,-1.1,-0.5,-1.9,-0.4,-2.1,-2.4,-3.8,-2.7,-3.2,-4.0,-1.6,-2.7,-3.8,-2.5,-1.4,-4.7,-3.4,-4.2,-0.3,-1.2,2.2,0.4,-2.8,-1.3,-0.1,-2.4,-2.5,-0.7,-0.1,1.0,3.2,-13.1,-2.4,0.6,-2.7,-1.7,-1.6,-3.6,-10.2,-3.4,-14.8,-1.5,-3.0,-1.2,-4.4,-1.1,2.6,-1.7,-3.0,0.5,-3.0,-3.0,-8.8,-0.5,-2.3,-0.2,-1.1,0.4,-0.1,-0.8,0.9,0.8,-0.2,-2.6,0.4,-0.9,-2.1,-0.7,-8.5,-2.3,-13.6,-14.6,-0.3,-12.1,-1.1,-10.7,-6.6,-6.2,-7.9,-5.9,-18.4,-2.1,-4.9,-4.0,-5.5,-2.2,-3.9,-1.2,-2.3
2C7L514ZjT,0,48.101752,11.625487,4442113.73,2777797.91,541.2,586.9,242,7295,4.0,0.68,0.45,32.64,348.96,-0.529,-0.103,0.842,-1.0,0.2,-0.22,0.31,0.1,0.3,-0.3,0.8,-6.3,-4.2,9.4,1.6,0.6,-3.5,1.4,-0.2,9.8,-1.5,-2.7,-0.5,0.5,-1.3,-1.5,-3.8,-4.1,-5.1,-6.4,-4.1,-7.8,0.2,-3.2,-3.5,-6.5,-3.6,-3.2,8.7,-5.4,-11.1,-8.2,-2.0,-3.2,-1.9,-4.5,-1.0,-3.1,-1.7,-4.2,-6.3,-3.0,-3.9,-6.5,-1.2,3.6,-3.6,1.3,-2.0,-6.8,-0.6,-14.5,6.0,7.0,-3.6,0.9,-7.3,-6.9,-12.1,11.3,-4.1,2.1,1.9,-6.4,-4.5,-3.5,-5.7,-8.5,-7.9,-1.7,-7.6,-7.6,-3.8,-5.6,-4.8,-5.0,-4.1,-4.1,-5.7,-6.4,-7.0,-6.8,2.4,-2.3,-14.4,-0.5,-4.3,-4.4,-3.0,-2.9,-2.3,-3.8,-5.8,-2.2,-5.3,-1.4,-1.4,-3.2,-3.6,-2.9,-4.2,-0.3,0.4,-2.7,-3.8,-1.8,-2.1,-5.9,-4.7,-3.3,-3.4,-4.7,-1.9,-4.5,-2.3,-1.3,-5.4,-3.9,-4.0,-6.7,-2.6,-3.6,-5.5,-3.0,-4.7,-2.9,-7.1,-5.5,-4.5,-8.5,1.3,-3.4,-3.8,-2.7,-3.8,-5.0,-3.4,-6.7,-1.2,-1.1,-1.7,-6.8,-5.8,-6.2,-6.6,-7.8,-15.9,-7.0,-6.1,-5.7,-7.5,-7.2,-4.6,-5.3,-7.0,-3.2,-3.0,-6.0,-3.3,-0.8,-0.9,-5.1,-3.5,-8.2,-4.9,-1.8,-3.8,-10.2,-2.9,-6.3,-6.8,-9.1,-4.9,2.0,1.5,-5.0,-2.2,-6.0,-4.6,-0.4,-1.6,-1.7,-0.3,-2.1,-2.7,0.4,-9.9,3.6,4.5,-1.2,-7.2,-6.1,-6.1,-8.8,-5.9,-6.3,-9.7,-13.5,-13.4,-6.4,-12.2,-14.9,-13.1,-14.5,-15.7,-14.7,5.6,-16.8
2C7L514ZkN,0,48.102146,11.628555,4442341.33,2777846.74,537.4,583.1,242,7351,2.0,0.9,0.32,32.65,348.96,-0.53,-0.103,0.842,-0.3,0.1,-0.02,0.15,1.2,0.1,-0.3,-0.0,-0.6,-1.3,-0.1,-0.7,-0.3,-0.5,0.3,-0.8,-4.6,-0.4,-0.5,-0.3,0.4,1.2,2.2,4.3,3.7,3.1,4.1,1.6,1.8,0.2,4.2,4.8,5.3,3.2,2.8,0.4,0.5,-0.9,-0.9,0.1,0.1,0.3,2.5,3.4,3.0,4.4,3.1,2.2,1.4,2.4,3.1,1.8,-0.0,0.5,-0.5,-0.3,0.7,0.5,0.1,-2.3,-0.3,-0.3,-1.4,0.1,-0.5,-0.6,-2.9,0.2,1.0,-3.0,1.2,-8.3,0.3,-1.4,4.7,-1.9,-0.2,-0.9,-2.2,-1.8,-1.3,-0.0,1.4,1.0,1.2,2.4,2.1,1.2,1.5,1.9,1.5,-0.1,2.6,1.9,2.5,3.1,2.3,1.0,-2.3,-2.9,1.4,2.0,0.5,-0.8,3.6,1.6,2.0,-0.3,2.3,2.2,2.2,1.7,2.8,1.4,1.0,0.2,1.7,-0.0,1.0,0.3,-0.1,-0.8,-0.3,7.4,-0.9,-0.5,0.4,-2.7,0.4,-1.6,-3.1,-1.1,1.9,-0.1,1.1,1.3,-0.4,-1.1,4.1,3.5,2.2,2.1,0.0,3.1,0.8,3.8,2.6,-0.9,-1.0,-2.7,0.1,-0.8,-0.3,-5.0,0.1,1.2,1.4,-0.9,-1.5,-3.0,-4.4,-3.0,-1.8,-1.6,-1.1,1.4,-0.7,0.8,1.3,2.0,0.3,0.9,1.2,1.5,-0.0,0.4,2.4,1.3,-0.0,-1.0,-0.5,0.4,-0.7,0.6,0.2,12.4,-1.0,-1.6,-2.0,-1.8,-1.4,-0.5,1.4,0.4,2.2,1.5,-1.9,-0.2,0.2,1.8,-0.8,1.8,0.4,1.3,-1.4,-1.4,-1.5,-2.1,-2.9,-2.1,-1.2,-0.1,-1.4,-1.1,1.5
2C7L514ZkP,0,48.102182,11.628842,4442362.64,2777851.3,543.3,589.0,242,7353,2.3,0.88,0.33,32.65,348.96,-0.53,-0.103,0.842,-0.4,0.1,-0.14,0.18,0.3,0.2,-0.3,-1.8,0.4,0.2,-0.3,-1.1,-2.7,-0.6,-1.0,0.4,4.6,0.9,-2.0,2.5,1.0,1.0,0.7,1.7,-0.1,-0.4,0.5,1.7,-0.1,2.8,1.5,2.5,2.2,3.1,5.3,5.6,1.5,-5.2,-3.8,-1.6,-1.3,-2.4,-0.7,3.1,2.1,2.1,1.6,1.4,4.0,2.2,0.9,0.3,0.9,5.3,1.4,-1.5,0.5,-1.3,1.8,0.4,0.1,0.8,1.5,2.2,-1.4,0.2,0.3,0.0,-1.8,4.2,0.3,-2.9,-7.1,-2.1,-1.7,-0.1,0.9,-1.1,0.8,2.0,-0.5,0.7,0.5,0.0,0.5,0.9,-1.0,-0.3,0.7,-0.2,1.0,1.7,0.8,0.0,0.0,-0.2,1.1,-0.8,4.8,-4.8,2.1,0.3,2.8,4.0,2.4,1.4,0.4,-0.1,1.9,1.7,1.1,0.5,0.3,0.8,-0.0,-0.0,0.4,-0.6,9.1,1.5,1.9,1.7,0.2,0.2,-1.9,0.2,-1.9,1.9,-2.0,-2.3,0.8,0.5,0.9,2.6,0.5,0.5,-1.6,-0.9,-0.2,1.2,0.7,-0.5,-1.7,-0.1,-1.1,2.6,3.9,-6.3,1.1,-0.2,0.5,0.7,-1.6,9.5,-2.2,-5.2,-1.2,-0.3,-0.4,0.1,1.0,-0.4,1.6,-0.1,0.5,0.6,1.4,-1.1,-1.8,-0.9,-1.0,-0.4,4.7,-0.2,-1.8,1.9,0.2,-0.1,-1.8,-10.3,-10.6,-4.0,2.0,-0.8,-2.9,5.8,-2.8,0.4,-0.9,0.8,-1.0,-0.4,1.4,-1.0,1.1,-0.1,-5.1,-0.8,-1.7,-0.1,-1.7,-1.5,-1.3,-0.6,-1.3,0.5,0.4,-2.6,-1.2,-0.9,-1.3,2.7,0.2,-2.6,-0.6
2C7L514ZkQ,0,48.102175,11.628785,4442358.41,2777850.4,537.8,583.5,242,7354,3.0,0.79,0.47,32.65,348.96,-0.53,-0.103,0.842,-0.3,0.2,-0.45,0.23,1.5,0.2,-0.3,-1.3,2.7,0.0,0.1,-1.7,-1.8,1.7,-1.7,-0.7,-0.4,-0.6,-2.6,0.8,-1.1,1.1,-0.5,-0.2,-7.0,-5.0,-5.1,-1.6,-4.9,0.5,-6.5,-2.5,-2.5,0.5,2.0,1.7,-0.1,-17.7,-9.0,-1.4,-2.5,-3.9,-4.3,-0.4,-1.8,-0.6,-7.3,0.8,0.9,0.6,-4.1,-0.4,1.9,-0.3,-2.4,-2.0,-3.0,-1.0,0.6,0.6,-1.3,-1.8,1.4,-1.8,-2.6,-0.3,-3.7,-1.8,-3.4,-1.0,1.0,-5.2,2.3,-2.8,-3.5,0.2,-0.9,-3.0,-1.2,-2.4,-1.4,0.5,-1.8,5.6,-0.7,-9.0,-7.8,1.8,-1.6,-1.4,-1.5,-2.1,-7.8,-7.0,-5.1,-6.2,-3.7,-1.8,1.2,4.1,-2.1,0.7,0.5,1.4,-5.5,-4.2,-3.5,-3.5,-2.0,-2.8,-0.6,-7.6,5.2,2.3,-1.3,-0.2,1.9,-3.2,1.0,1.2,0.8,-1.8,-1.3,-0.8,2.2,-0.0,2.2,-0.1,-0.1,-0.6,-0.0,-1.9,-9.0,-1.5,0.9,4.9,-13.7,-0.5,-6.0,3.8,-3.2,-4.2,-8.4,-5.5,-3.0,-0.4,0.5,2.9,-2.8,-3.7,-2.2,-3.6,-4.1,2.6,-1.3,-0.8,1.3,-1.6,0.1,0.8,-0.1,0.3,-1.9,-1.5,-1.6,1.0,-0.5,-7.7,-7.0,-0.7,-4.9,-3.4,0.6,-2.9,-6.8,-0.4,-2.4,-5.5,-7.4,7.6,4.6,-4.3,0.1,-1.8,-2.2,3.3,-1.3,0.7,-1.6,-1.8,-3.4,-1.5,0.9,0.9,-1.1,-4.7,-5.7,-1.8,-7.8,-6.3,-8.0,-5.7,-3.4,-5.7,-4.1,-2.9,-4.0,-5.9,-5.1,-5.4,-4.2,-1.5,-2.5,-2.9,-0.8
2C7L514ZlV,0,48.10268,11.632718,4442650.21,2777912.98,546.0,591.7,242,7421,3.4,0.78,0.47,32.67,348.96,-0.53,-0.103,0.842,-0.4,0.2,-0.25,0.26,0.4,0.2,-0.3,0.4,4.6,-1.5,0.4,1.8,-1.3,-2.3,-1.2,-0.8,-6.7,0.4,1.1,0.2,1.3,0.2,6.1,0.4,3.3,0.7,-2.0,5.5,2.7,1.0,1.6,2.6,3.7,0.4,3.9,2.5,5.7,7.3,-1.6,0.3,9.3,-4.3,-0.8,2.6,4.2,3.3,3.3,-0.7,-1.3,3.3,1.4,5.5,3.5,2.0,3.2,0.9,1.6,2.0,3.1,1.5,0.7,0.3,1.8,-0.0,1.6,3.9,3.6,2.1,3.9,-4.3,4.4,7.6,-1.5,-0.2,3.9,-1.5,4.2,-0.1,0.8,4.1,3.0,2.3,3.7,4.2,3.7,2.4,-0.3,0.4,-0.2,-2.2,-0.0,-2.3,2.5,6.1,5.5,0.5,7.8,3.2,-0.5,-6.5,0.9,3.5,0.9,-6.1,17.6,4.6,-3.0,1.6,0.7,-0.8,0.6,4.1,3.1,1.4,-0.1,0.8,1.4,2.8,-1.1,3.3,2.6,3.7,1.7,-4.2,-2.4,-0.7,2.5,9.4,3.1,-0.6,-0.8,1.1,1.6,-1.7,2.0,-0.9,-1.4,-1.0,2.6,2.1,4.5,3.8,3.0,0.7,1.5,7.4,5.1,8.6,4.4,-0.2,-4.6,0.3,3.7,-3.4,5.1,3.7,-0.4,12.4,-6.9,0.7,1.2,1.9,2.4,2.5,2.2,1.4,-0.3,-0.6,-1.6,-1.1,-3.0,-2.3,-3.8,1.9,-3.7,2.1,0.9,1.9,-1.2,-2.9,-2.2,1.8,-9.1,-3.8,-1.5,-10.4,1.9,-4.6,-2.6,-2.7,17.6,-4.1,2.7,0.6,5.6,2.2,-2.2,-0.0,0.4,-1.3,0.5,1.6,1.2,-0.6,-0.5,4.2,1.7,-2.0,1.1,0.4,0.9,2.7,-1.5,1.9,1.5
2C7L514ZlW,0,48.102668,11.632621,4442642.97,2777911.44,538.5,584.2,242,7422,3.1,0.8,0.43,32.67,348.96,-0.53,-0.103,0.842,-0.6,0.2,0.3,0.24,0.7,0.2,-0.3,-5.0,1.2,-2.9,-1.7,-1.1,-1.5,-0.6,-1.9,-0.9,0.0,-2.2,-1.4,-1.4,-3.5,-2.0,-2.3,-0.0,2.8,-5.1,-3.0,-1.5,-0.7,-0.5,0.8,-0.2,4.5,0.7,1.0,1.0,1.5,2.2,-5.4,1.5,-7.2,-6.1,-1.6,4.5,-4.6,-1.9,7.0,0.8,-1.6,-2.6,-0.6,1.2,1.7,-0.4,-1.8,2.6,-0.9,1.0,-0.4,0.1,-1.3,-1.4,0.2,-0.3,-0.1,0.2,-1.8,1.0,-1.0,-0.4,-0.8,1.2,-2.6,-3.2,7.9,-4.8,-3.0,-4.8,-3.3,-0.6,-1.0,-3.2,-1.2,-1.0,-1.0,-1.5,-3.2,-2.7,-2.0,0.5,-2.7,-1.8,1.1,2.1,-1.0,-2.3,-11.8,-13.9,6.6,-1.3,-5.3,-4.1,-1.8,-5.1,-6.1,-1.0,-4.6,-0.6,-0.6,-0.3,0.7,0.1,1.1,-2.4,-1.3,-1.6,-0.0,-2.0,-1.6,-2.1,0.8,-2.8,-4.6,-4.0,-2.6,-1.9,-0.9,-9.0,-3.3,-1.0,-3.6,-4.3,-4.5,-4.1,-3.2,-4.0,-7.1,-2.1,-1.0,2.1,4.5,3.1,-2.7,-10.9,-4.7,-0.9,-0.2,-4.4,-4.0,-4.6,-4.8,-4.8,-5.2,-4.2,-4.2,-1.6,-3.1,-5.2,-4.5,-3.4,-3.5,-3.1,-1.8,-2.0,-2.3,-1.4,-1.4,-10.1,-16.4,1.2,-1.5,1.0,-4.9,1.8,0.0,1.4,-1.6,2.0,-2.0,-3.4,-2.3,-0.6,4.4,0.3,-6.1,6.0,-0.9,-3.5,-3.2,-4.1,0.1,-7.0,-1.1,-3.2,-3.3,-3.8,-6.6,-8.3,1.3,-9.4,-3.4,-7.2,-2.1,-9.8,-6.3,-6.2,-0.9,-2.2,-0.7,-3.4,-4.1,-1.7,-2.8,0.6,0.1
2C7L514Zlc,0,48.102749,11.633258,4442690.25,2777921.55,552.0,597.7,242,7428,3.8,0.71,0.45,32.67,348.96,-0.53,-0.103,0.842,-0.6,0.2,-0.37,0.29,1.0,0.2,-0.3,0.2,1.3,1.9,0.1,3.5,-1.2,2.7,1.5,4.3,-6.7,7.3,-0.6,2.1,2.0,-0.5,5.2,0.5,2.6,0.5,0.7,6.6,0.9,7.1,-0.3,2.5,4.3,10.8,-2.4,2.9,1.5,-3.4,0.2,-0.7,-7.3,-2.2,-1.0,-0.4,3.8,1.8,1.9,2.5,6.2,1.2,1.8,1.9,5.6,0.5,0.1,1.1,3.6,1.3,1.1,0.9,1.9,3.3,1.6,3.2,3.5,0.6,0.2,-0.5,-0.2,-7.0,-0.1,-1.4,-2.4,-2.0,-3.1,-1.4,-2.1,-0.3,7.1,2.3,2.9,-0.9,1.7,2.7,4.8,2.9,1.4,6.9,3.4,3.9,5.3,10.5,1.6,4.9,1.7,-0.2,5.4,2.5,1.7,5.2,0.4,0.1,5.6,4.1,4.6,5.3,3.1,4.3,3.3,3.9,1.2,2.7,2.9,4.9,8.9,6.1,5.1,-1.0,6.3,14.9,9.1,6.3,-8.6,-1.9,-3.3,-1.4,-4.1,-0.3,-1.2,-0.1,-0.1,-0.2,-0.5,3.9,1.9,1.6,-0.0,3.7,2.8,-0.4,3.8,1.1,1.9,0.0,0.2,3.9,8.1,-2.1,4.1,2.5,-9.6,-0.4,0.2,-4.6,-1.0,-0.3,0.5,-9.2,-2.7,1.4,-0.6,-0.7,5.4,-9.7,14.2,-7.1,6.4,3.2,1.4,1.8,-2.8,-3.2,4.8,5.3,-1.3,-1.9,2.7,2.1,1.4,-9.3,3.1,-1.6,-5.2,8.8,-6.8,9.3,-4.2,-4.2,-0.5,-5.9,-2.6,5.6,-1.0,4.7,-7.6,1.9,-2.9,-7.0,0.5,-0.6,-0.2,-0.6,-2.5,-0.1,-1.7,3.7,-3.4,-0.1,0.5,0.8,-0.4,0.5,0.0,-1.1,1.8
2C7L514Zn3,0,48.103417,11.638459,4443076.06,2778004.3,558.6,604.3,242,7517,3.7,0.75,0.48,32.7,348.96,-0.53,-0.103,0.842,0.7,0.2,-0.17,0.28,0.6,0.2,-0.3,1.5,1.1,0.2,4.6,-0.1,9.8,1.0,0.1,0.5,1.9,1.6,4.0,-0.5,-0.8,-0.8,-1.6,-2.6,-3.2,-1.3,-2.5,-2.5,-1.1,-0.2,-1.9,0.9,0.1,1.8,3.2,0.8,-0.2,8.9,-5.0,-2.8,-2.6,-6.1,-1.1,-1.8,2.4,4.4,1.1,2.8,2.5,-0.9,-0.4,-1.8,3.8,-1.3,1.4,2.4,1.0,1.1,1.3,0.7,2.2,0.7,1.8,3.8,-2.6,-3.1,-0.5,-0.2,-0.3,-2.1,0.3,6.8,1.7,-0.8,-4.0,5.2,0.3,1.5,2.0,-1.2,0.7,1.7,14.2,0.4,2.0,2.0,0.1,-0.7,0.3,2.9,7.9,3.6,14.0,0.5,-8.7,9.5,4.9,-6.0,2.9,3.3,-2.6,6.2,9.0,2.4,5.8,5.9,0.9,6.7,6.2,3.9,5.2,3.5,6.6,3.3,6.9,1.6,2.6,0.7,2.9,1.0,-3.9,-0.4,0.6,-2.9,-0.9,-13.0,2.8,-4.0,1.5,-7.3,2.0,1.0,1.1,2.3,2.5,0.3,1.0,4.9,0.7,2.7,2.0,2.9,-0.3,1.3,5.0,4.6,5.7,11.1,9.0,1.4,-1.8,3.0,3.8,-0.6,5.4,0.3,6.4,13.9,2.7,0.9,2.8,1.3,4.0,3.8,3.6,5.6,3.7,-9.3,10.0,5.0,1.7,2.3,3.3,6.1,-7.0,4.1,3.3,4.6,1.2,4.9,1.2,3.8,-2.7,3.4,4.7,7.0,4.5,4.9,0.9,0.8,2.7,4.1,5.3,6.4,12.8,4.6,1.0,-0.3,5.7,3.5,4.4,7.4,5.1,5.9,4.7,6.2,2.4,2.6,3.0,3.3,1.9,-0.3,2.9,4.6,0.8
2C7L514Zn4,0,48.103427,11.638542,4443082.21,2778005.62,559.0,604.7,242,7518,3.4,0.78,0.45,32.7,348.96,-0.53,-0.103,0.842,0.9,0.2,-0.16,0.26,0.5,0.2,-0.3,-0.5,-2.4,2.5,-1.2,1.2,-2.9,0.9,1.0,0.8,-4.1,-0.1,-3.5,-1.1,-1.3,1.6,3.5,-8.7,2.9,1.9,1.3,-2.6,-0.8,1.8,0.5,3.2,1.3,2.3,-2.4,0.9,2.9,2.0,-0.0,1.2,-4.6,-4.2,0.6,1.9,5.5,-1.7,3.5,1.2,-0.2,3.9,13.5,1.8,0.2,-3.0,-0.5,-1.2,1.0,-1.8,-0.6,-1.1,0.8,0.5,-0.5,1.8,-1.0,0.3,-2.3,1.4,1.5,-3.0,-0.7,2.4,-1.7,-1.2,-3.1,-1.4,-0.9,-1.3,-1.1,0.4,1.4,1.2,-0.7,0.8,0.4,-0.7,0.3,-0.7,0.3,-1.6,-0.8,5.6,0.5,0.2,14.2,-6.8,0.3,2.1,0.2,-0.2,-0.1,5.7,-0.0,0.5,7.2,3.9,1.8,2.5,1.3,2.1,1.6,4.4,3.8,4.0,8.4,0.7,1.2,1.0,0.1,0.9,0.1,1.8,3.7,4.4,0.5,1.0,2.9,5.8,2.5,1.7,2.4,2.1,3.4,-0.2,2.8,4.2,0.5,1.6,1.6,-1.2,3.7,-1.1,-5.1,-6.0,7.4,5.3,3.2,3.9,15.1,2.6,-5.9,3.3,5.4,10.4,3.8,-0.0,3.6,1.2,4.3,4.0,1.7,-3.2,3.4,0.8,1.4,4.3,-1.3,6.9,3.7,7.5,-9.4,-1.7,7.5,4.5,5.8,3.2,5.9,-1.8,-0.8,4.9,8.4,9.6,5.6,8.4,-0.4,1.8,4.8,3.7,7.5,6.6,3.3,1.7,3.0,3.3,10.6,4.6,6.6,0.5,4.0,3.8,6.1,9.8,8.6,7.0,-3.2,2.1,-0.9,4.7,0.8,1.7,1.5,-4.7,9.4,5.7,5.2
2C7L514Ziv,0,48.101511,11.623468,4441963.9,2777767.85,537.8,583.5,242,7261,4.4,0.62,0.52,32.63,348.96,-0.529,-0.103,0.842,-2.9,0.2,0.4,0.33,2.8,0.3,-0.3,-13.0,-13.5,10.3,10.1,7.5,-9.0,5.2,8.4,11.3,4.0,11.2,2.0,-10.3,-8.0,-9.3,-8.8,-10.4,-9.2,-9.0,-8.3,-1.9,-11.5,-5.2,-10.7,-2.5,-5.1,-5.8,-5.9,-7.2,-12.4,4.0,-12.2,-20.7,-6.7,-10.2,-11.3,-3.9,-8.3,-5.1,-9.3,-9.4,-8.6,-7.2,-9.9,-10.8,-9.8,-8.8,-5.9,-7.2,-9.0,-8.5,-7.2,-6.3,-4.3,-7.3,-4.6,-7.1,-5.1,-3.3,-5.5,-14.8,-15.6,-6.2,-8.3,-10.1,-6.7,-7.2,-9.4,-6.6,-4.5,-7.7,-6.1,-6.7,-6.7,-6.0,-6.2,-6.1,-6.9,-6.3,-6.9,-9.3,-8.1,-10.1,-10.0,-3.0,-9.9,-12.1,-12.3,-14.4,-12.1,-13.5,-15.5,-11.1,-14.5,-15.6,-12.2,-20.5,-11.3,-14.4,-14.2,-14.3,-12.7,-11.4,-5.1,-11.9,-9.7,-6.2,-5.9,-7.1,-8.9,-11.8,-11.8,-7.0,-8.1,-5.9,-8.0,-3.9,-11.8,-6.4,-8.5,-6.0,-10.5,-10.3,-12.3,-10.8,-8.5,-9.7,-11.3,-11.8,-9.2,-12.9,-20.5,-13.8,-13.2,-12.7,-13.7,-13.0,-16.9,-8.0,-9.0,-12.8,-13.0,-18.0,-12.6,-13.1,-11.8,-7.8,-7.3,-1.4,-16.9,-10.2,-12.8,-12.8,-14.3,-13.2,-12.0,-13.1,-11.1,-14.9,-16.8,-22.6,-16.2,-14.6,-20.8,-21.7,-21.7,-15.7,-20.9,-13.5,-16.4,-20.4,-25.9,-17.6,-13.1,0.7,-14.8,-15.2,-12.3,-8.7,-9.9,-9.5,-13.3,-20.4,-14.9,-18.6,-19.4,-11.3,-22.9,-22.1,-17.1,-17.1,-11.0,-19.0,-26.9,-14.7,-17.3,-16.9,-17.4,-17.1,-17.5,-16.7,-17.0,-18.4,-26.9,-13.3,-17.4,-21.0,-19.9
2C7L514ZjI,0,48.101692,11.624876,4442068.33,2777790.24,542.5,588.2,242,7284,4.4,0.66,0.47,32.64,348.96,-0.529,-0.103,0.842,-2.7,0.2,0.38,0.33,0.5,0.3,-0.3,-0.3,-2.3,1.8,-4.9,-2.0,-8.0,-1.2,-1.8,-1.4,-9.8,-0.2,-7.6,-14.5,0.3,10.0,4.4,0.8,9.3,-10.7,6.6,-2.9,8.7,1.1,4.8,5.2,4.6,2.9,1.7,-2.5,3.7,-13.2,-2.4,1.3,3.2,-2.0,-0.1,3.4,0.3,5.9,2.4,-1.7,0.9,0.3,1.5,-2.7,-2.9,-3.1,-2.2,-1.2,-2.7,-1.6,-3.4,-5.9,-3.4,-4.2,-4.0,-1.3,-3.7,-4.4,-3.6,-4.4,-3.6,-2.5,-5.3,-5.9,-6.2,-2.3,-4.2,-3.9,-2.9,-3.5,-3.5,-4.4,-2.7,-0.9,-3.1,-3.8,-4.6,-1.4,-6.2,-3.6,-2.3,-3.8,-2.7,-3.2,-3.3,-3.2,-5.8,-4.6,-5.3,-2.1,3.8,1.0,-6.1,-15.2,-2.5,-6.3,-4.3,-4.9,-5.9,-6.3,-8.6,-6.1,-6.6,-18.8,-10.6,-2.3,-7.1,-0.7,-6.2,-4.2,-0.7,0.2,0.9,0.6,-4.1,-1.3,-1.3,-1.4,-1.8,-9.0,-1.8,-19.6,-4.3,-3.8,-6.4,-8.5,-7.9,-7.8,-14.9,-6.6,-6.1,-11.5,-10.0,-12.3,-10.9,-6.0,-8.6,-5.7,-2.2,-8.0,-8.0,-7.5,-6.5,-10.0,-7.4,-10.0,-8.9,-10.6,-13.2,-3.5,-7.9,-11.6,-8.4,-6.5,-11.4,-11.2,-10.3,-13.4,-5.5,-11.5,-14.3,-9.9,-12.4,-8.7,-4.2,-5.9,-9.9,-4.4,-6.5,-7.1,-13.1,-6.9,-23.1,0.5,-13.2,-9.4,-8.2,-12.3,-7.6,-9.1,-9.1,-7.7,-9.5,-10.8,-12.7,-11.7,-9.2,-17.3,-13.1,-9.2,-4.2,-25.6,-15.2,-8.7,-10.4,-9.7,-4.0,-25.4,-6.7,-11.2,-12.7,-12.6,-11.9,-25.2,-6.5,-6.6,-12.6
2C7L514ZkS,0,48.102204,11.628866,4442364.38,2777853.75,537.7,583.4,242,7356,1.5,0.9,0.29,32.65,348.96,-0.53,-0.103,0.842,-1.1,0.1,-0.01,0.12,1.8,0.1,-0.3,1.2,0.1,-0.2,-0.1,0.2,0.1,-0.7,-0.9,-0.2,0.9,-0.4,1.4,-1.2,-1.9,-1.8,-4.7,-3.4,-4.3,-4.5,-5.5,-1.4,-4.8,-2.5,-3.2,-1.7,-1.9,-0.9,-0.5,-0.8,-5.9,-6.8,-8.1,-6.5,-6.0,-7.0,-4.3,-1.4,-3.0,-2.3,-2.4,-0.6,-1.3,-3.4,-3.4,-2.5,-0.2,-2.4,-0.6,-1.0,0.0,-0.5,-0.0,-0.3,-0.2,-1.1,-1.6,-2.0,-2.3,-0.3,-1.1,-1.9,-1.1,1.8,-1.8,-0.3,-0.9,-2.7,-3.1,-2.1,-2.1,-2.2,-3.2,-2.0,-0.6,-2.4,-3.4,-2.7,-2.5,-2.7,-4.5,-2.7,-4.2,-1.6,-2.0,-3.6,-4.8,-5.7,-5.5,-4.4,-5.1,-2.9,-3.2,-3.2,-5.2,-5.1,-2.7,-2.8,-3.9,-4.1,-2.5,-4.0,-4.0,-4.5,-1.7,-3.6,-4.6,-2.0,-2.5,-3.6,-3.4,-3.8,-3.3,-3.4,-1.8,-2.0,-2.1,-2.2,-3.0,-1.7,-2.4,-2.6,-2.7,-2.8,-2.5,-3.3,-3.2,-2.5,-2.3,-2.6,-5.8,-7.5,-7.0,-4.9,-6.2,-8.1,-8.9,-7.0,-8.3,-3.8,-2.4,-2.4,-4.6,-5.6,-4.8,-3.6,-3.3,-1.2,-4.2,-4.8,-3.3,-5.3,-3.6,-4.9,-5.2,-5.2,-4.5,-5.2,-4.8,-2.0,-3.6,-8.3,-8.9,-6.9,-8.2,-7.7,-1.6,-6.3,-9.3,-5.7,-6.5,-6.3,-9.4,-7.8,-4.7,-2.4,-3.3,-3.0,-4.1,-0.3,-3.5,-4.3,-4.0,-4.3,-6.4,-3.7,-6.0,-4.6,-8.1,-8.5,-11.0,-12.8,-7.4,-8.0,-8.5,-6.6,-7.0,-8.3,-8.5,-4.8,-7.6,-5.7,-7.0,-6.1,-4.9,-5.1,-4.9,-4.2,-4.9
2C7L514Zkp,0,48.102369,11.630152,4442459.8,2777874.22,537.2,582.9,242,7379,4.2,0.66,0.46,32.66,348.96,-0.53,-0.103,0.842,-1.0,0.2,0.19,0.32,1.9,0.3,-0.3,-0.5,-1.9,5.3,3.5,-3.5,-2.2,1.0,-0.8,-0.2,7.7,0.9,1.7,2.1,0.7,-0.6,-1.2,-7.6,-2.7,5.7,-1.2,-5.2,-5.4,-0.9,1.4,-1.9,0.1,-3.5,1.6,-3.8,-3.7,-4.3,-10.5,-4.3,-8.0,-8.2,-3.5,-4.3,-3.3,-1.1,-1.9,-1.2,-8.3,-5.3,-9.5,-3.3,-1.9,-3.0,1.3,1.4,-1.5,9.2,-0.6,-6.0,-3.8,-2.8,0.3,-1.1,-4.2,2.0,1.2,-5.3,-3.5,12.8,16.8,-7.4,-1.1,-7.6,-5.5,1.1,3.6,-0.5,-2.0,1.3,-1.4,-5.7,-6.3,-1.8,-4.7,-1.8,-7.3,-3.1,-5.3,3.3,3.2,-6.6,-1.3,-1.5,-6.6,-8.3,-4.7,-4.9,-8.5,-7.9,-12.9,-6.2,-5.0,-1.9,-2.3,-5.7,-6.1,-4.4,13.8,-3.3,-3.4,-5.9,-9.1,-0.7,-1.2,-0.9,-1.3,-0.4,0.9,0.7,-4.6,-2.3,-3.0,-5.9,-2.1,-3.6,-6.5,-6.1,-2.0,-0.0,-2.3,-2.7,-0.5,2.5,1.5,-5.7,6.1,-3.4,2.0,-1.5,-2.8,-0.4,-11.6,-6.3,-8.4,1.7,-0.1,-6.1,-2.1,-5.0,-4.4,-7.2,-2.6,-3.4,6.1,-1.0,-1.6,-4.3,-2.7,-4.0,-2.2,-5.3,-8.3,-4.2,-3.2,-10.5,-7.8,-13.6,-9.7,-3.7,-8.5,-5.4,2.3,-5.4,-7.8,-4.5,-6.6,-7.7,-12.2,-14.5,-1.2,-12.3,-8.3,-10.8,-5.3,-7.4,-1.0,-1.3,3.2,-6.7,0.0,2.6,-7.7,-13.8,-6.3,-6.9,-8.6,-11.6,-0.4,-7.4,-10.4,-5.9,-5.7,-7.9,-8.8,-0.0,-4.8,-7.9,0.1,-0.9,-2.0,-0.6,-1.1,-6.3,-1.8
2C7L514ZlL,0,48.102599,11.63194,4442592.44,2777902.68,535.5,581.2,242,7411,3.3,0.76,0.46,32.67,348.96,-0.53,-0.103,0.842,-1.3,0.2,-0.54,0.25,1.5,0.2,-0.3,3.2,0.1,2.1,0.1,-1.0,-2.5,2.5,-1.2,-2.2,-2.7,-2.9,-0.1,-3.7,-1.8,-1.0,-0.9,-1.6,-1.8,-3.9,4.0,1.5,-0.2,8.5,10.2,-3.0,-7.0,-4.9,-0.3,4.4,1.5,-1.7,-2.1,-1.7,0.7,-2.3,0.8,0.3,0.8,2.0,0.2,0.7,1.6,1.0,1.9,-1.5,-1.0,-2.0,-2.2,2.3,-0.9,-3.1,-0.1,0.9,-3.2,-4.0,1.9,-0.6,-0.1,-0.8,-1.9,0.2,1.4,13.1,-0.5,1.1,-1.2,-0.9,6.2,1.8,-4.3,-5.3,-4.8,-6.7,-5.6,-8.6,-5.7,-6.1,-5.4,-3.9,-4.1,-0.2,-4.0,-1.9,-1.1,2.7,3.9,2.3,3.9,0.8,-2.0,-0.6,0.1,-1.5,-4.3,-1.5,-3.1,2.2,10.8,11.1,-4.3,-4.0,6.0,5.9,7.8,6.9,5.4,-3.4,-1.6,-3.9,-0.6,-2.0,-2.3,-3.9,-2.9,-2.8,-3.6,-2.7,-2.1,-2.1,-3.8,0.4,-4.5,-2.8,-2.6,-3.1,-2.3,-4.3,-1.6,-4.1,-0.9,-2.0,0.7,0.5,4.7,-0.0,0.8,-0.5,-0.1,4.3,1.2,0.6,2.9,-3.4,-3.7,-3.9,-4.0,-8.3,-3.9,-2.5,-3.0,-2.7,-4.8,-1.5,-4.4,-5.3,-1.7,-2.6,-3.5,-3.2,-7.8,-4.6,-7.5,1.8,-1.7,-2.8,-1.7,0.9,-6.3,-2.0,0.6,-2.4,-4.5,-3.9,0.3,-0.6,7.5,-8.8,-7.0,-5.9,-4.5,-4.0,-6.1,-5.5,-5.5,-5.3,-2.4,-2.5,-3.6,-7.3,-8.4,-1.0,-6.5,-4.8,-5.5,-11.9,-3.5,-7.3,-8.0,-4.3,-6.2,-5.5,-2.6,-10.0,-6.3,-2.6,-5.8,-5.1,-8.5
2C7L514Zlm,0,48.102814,11.633613,4442716.53,2777929.29,540.6,586.3,242,7438,4.2,0.65,0.5,32.67,348.96,-0.53,-0.103,0.842,-0.6,0.2,-0.91,0.32,0.3,0.3,-0.3,-0.0,-1.1,-3.6,-8.6,-0.9,-0.5,-2.5,-6.1,-3.8,10.4,-2.5,9.9,-2.6,-2.8,-1.2,0.3,-0.8,-0.8,-4.6,0.4,0.4,-2.3,-2.6,1.4,2.9,2.1,2.6,1.0,-1.6,-1.4,-2.2,-1.0,0.1,-8.4,-9.2,-4.6,6.7,-2.8,5.8,-2.7,2.4,-0.3,2.6,0.8,4.0,-1.1,2.5,-9.2,0.8,-7.1,1.5,1.0,4.0,0.5,3.3,-2.6,-11.6,0.4,-2.7,-4.7,-2.3,-7.3,13.4,-5.6,-0.9,-5.8,-4.0,-1.5,-2.2,-2.1,-11.0,-0.6,2.9,-1.2,1.3,1.2,-1.1,-0.8,-1.2,-0.0,-4.3,1.1,0.4,-2.8,-1.0,-1.8,1.7,0.9,0.5,-0.0,-0.6,-6.6,-9.3,-5.2,-5.4,-3.6,-4.8,1.0,-0.3,-5.5,-0.3,0.0,-3.2,-2.5,0.8,-1.0,-1.6,-1.2,-0.5,-1.1,-3.6,-3.2,-5.0,-0.7,0.0,-3.1,0.7,-7.0,-6.0,-4.9,0.8,-2.6,-6.7,-5.2,-0.4,2.0,0.7,-2.4,3.0,-1.5,-0.6,0.7,-9.8,1.2,-0.5,3.9,-1.5,-1.9,2.6,1.9,2.0,-3.3,0.1,-3.2,-1.7,-0.7,9.2,0.8,-2.2,6.6,1.4,-4.7,1.4,-0.2,-1.0,3.4,10.2,0.6,2.0,2.7,2.6,0.7,-1.8,-3.1,-1.8,2.7,-3.4,1.8,0.1,-3.4,2.4,-6.5,0.5,-3.9,3.5,-2.3,2.7,4.4,-7.4,6.1,-6.7,-11.6,-13.2,-12.1,-5.9,-5.9,-3.9,-1.3,-6.9,-8.4,-5.0,-7.0,-4.9,-4.2,-2.6,-5.0,-6.1,-8.2,1.4,-15.4,-0.8,-7.6,-11.3,-10.0,11.8,-7.5,-9.8,-7.3
2C7L514Zlq,0,48.102857,11.633955,4442741.89,2777934.71,547.4,593.0,242,7442,3.2,0.85,0.4,32.68,348.96,-0.53,-0.103,0.842,-0.1,0.2,-0.59,0.25,1.0,0.2,-0.3,-0.4,-0.5,-0.1,-2.3,-0.2,-2.0,-0.0,3.1,0.2,15.8,0.4,-0.6,1.8,0.2,-1.3,-1.5,-2.9,-2.6,-5.8,-4.8,-2.3,-2.7,-3.0,-2.6,-3.1,-0.0,0.4,-2.3,0.7,-0.5,2.5,-4.4,-8.6,-5.4,-3.9,-3.3,-3.6,-2.5,1.9,-3.1,0.1,1.6,0.3,-0.4,-1.3,0.2,-0.2,0.2,1.6,2.9,2.1,1.5,0.8,1.2,1.2,1.2,-0.6,0.2,0.5,-0.0,-0.0,1.2,2.5,0.9,0.2,-0.8,-0.9,0.4,-0.4,-0.7,-1.4,1.1,-0.6,0.9,-0.6,-1.2,-1.7,-2.7,-1.5,-2.4,2.1,-3.2,1.8,-2.4,-0.6,-4.8,-0.7,-3.6,-0.3,-0.8,-3.5,-2.1,0.9,-4.9,1.9,-0.5,-0.7,-0.9,2.6,-2.2,2.4,-0.4,3.3,1.9,0.8,-0.8,0.4,2.4,-0.5,3.7,-0.6,-1.8,0.0,0.5,0.1,-2.2,2.5,-0.1,-0.0,1.0,0.7,-0.4,1.0,-0.1,-1.5,-2.2,-2.2,4.0,-1.1,-2.8,-0.2,0.6,0.7,20.3,-5.1,10.9,9.7,-0.7,10.3,1.7,-1.0,-1.1,0.6,0.2,-0.7,2.2,19.5,-3.1,-1.5,-0.6,3.7,-4.9,-0.9,1.8,0.7,0.7,1.1,4.6,1.8,-1.7,-2.0,-6.6,-2.8,-7.9,-3.9,-3.5,0.6,-1.9,3.4,-0.8,1.4,-2.3,-3.2,-2.8,-1.8,-1.7,-2.2,-0.7,4.5,-1.6,-1.9,-2.1,-0.3,-3.2,-2.6,-0.5,-3.0,1.0,-0.9,-2.2,-1.1,-0.8,-2.3,-1.7,0.0,0.0,-0.9,0.3,-0.5,1.3,-0.5,-2.0,-0.1,-0.3,-0.5,-1.1,-1.3,-0.9
2C7L514Zlr,0,48.102862,11.633991,4442744.58,2777935.29,546.4,592.0,242,7443,2.5,0.82,0.38,32.68,348.96,-0.53,-0.103,0.842,-0.3,0.1,-0.62,0.19,1.4,0.2,-0.3,1.3,1.3,2.4,-3.2,1.6,2.1,3.0,3.5,0.4,-6.9,1.4,2.4,1.0,-0.4,-0.8,0.1,-0.7,-0.5,-3.9,-2.8,-1.5,-2.1,-1.6,-1.0,-1.2,0.4,0.7,1.7,-1.6,-1.7,3.6,-3.2,-5.1,-5.2,-4.4,-2.1,2.0,0.5,0.8,-0.2,2.7,3.6,1.1,-0.4,0.1,-1.0,0.9,0.8,3.3,3.0,1.4,-0.4,-0.1,0.1,-0.7,3.1,-0.2,-4.1,-0.8,2.0,3.1,3.6,-4.4,4.7,0.3,2.3,-1.8,0.3,0.3,-1.0,-0.7,-1.1,-0.3,0.3,-0.3,-1.2,-0.6,-0.6,-1.7,-2.8,-0.9,-1.9,3.7,-0.3,0.7,-1.1,0.4,0.2,-0.1,0.2,-1.7,2.2,3.7,-3.8,3.0,-1.0,4.4,1.2,4.8,2.7,5.8,1.5,7.2,5.6,4.7,7.0,6.9,11.0,6.6,6.5,1.0,-1.2,2.3,6.0,7.3,0.1,-1.0,6.2,6.5,2.4,1.4,2.4,6.6,-1.0,-1.8,-0.1,1.7,1.6,-0.4,-3.3,-0.5,2.2,3.6,-1.7,0.1,-2.4,-0.6,-2.6,0.9,3.1,3.6,-0.2,-0.4,0.2,1.9,1.8,-0.3,-1.3,-0.4,-2.2,2.1,-1.6,0.2,0.6,-0.5,-0.8,1.8,0.2,1.8,-0.2,-1.0,-3.7,-0.7,-5.2,-3.8,0.1,2.7,-1.6,2.1,0.1,1.5,-3.7,-2.6,-0.8,0.9,0.0,-1.6,-0.5,9.6,0.7,-2.7,-1.2,0.9,-2.2,-4.1,-3.1,-3.4,-6.2,-1.9,-4.2,1.4,0.9,-1.7,-1.4,2.0,-1.4,-0.6,-2.4,2.6,0.9,-0.9,-0.5,-2.2,0.0,4.2,2.2,1.2,0.4
2C7L514ZmY,0,48.103144,11.636185,4442907.33,2777970.23,533.8,579.4,242,7486,3.8,0.65,0.47,32.69,348.96,-0.53,-0.103,0.842,-0.4,0.2,1.02,0.3,1.0,0.2,-0.3,-3.9,-2.2,5.2,0.8,-4.2,0.3,-5.2,-5.7,-5.3,-2.8,-5.8,-2.3,-4.8,-5.9,-1.9,-7.0,-8.2,-11.5,-2.9,-2.5,-1.7,-2.3,2.2,-5.4,-3.8,-6.0,-7.4,0.8,-4.8,-5.3,-3.1,1.0,-2.8,-10.5,-12.4,-3.9,0.1,-0.9,2.7,-0.8,-2.2,-9.5,1.2,-5.2,-4.9,-6.7,4.7,-5.6,-4.7,-8.3,-7.3,-4.1,-6.2,-7.9,-7.0,-6.0,-8.3,-6.7,-6.0,-7.3,-11.2,-8.2,-13.4,-9.5,-10.7,1.6,-9.6,-3.1,-11.2,-4.5,-6.6,-9.0,-8.4,-6.6,-11.5,-10.8,-10.3,-13.0,-7.2,-13.7,-7.4,-7.8,-5.9,-8.2,-8.5,-12.3,-4.0,-10.5,-10.8,-8.3,-7.7,-11.6,-5.2,-11.5,-6.6,-10.4,-11.9,-9.7,-11.2,-13.6,-6.8,-5.3,-5.7,-6.7,-5.8,-6.0,-7.3,-5.7,-7.7,-5.8,-9.5,-7.7,-8.9,-11.3,-7.2,-9.1,-7.3,-7.3,-4.1,-9.1,-8.5,-11.4,-6.9,-8.9,-9.4,-8.6,-8.8,-11.4,-10.2,-8.7,-6.2,-2.5,-5.4,-8.5,-5.2,-5.7,-8.2,-18.8,-5.8,-1.5,-8.5,-14.4,-17.9,-4.0,-4.2,2.8,1.1,-0.9,-2.6,4.7,-8.4,-15.9,3.9,-1.4,-3.6,-3.8,2.0,-2.1,-0.7,-8.9,-13.1,-14.7,-5.4,-11.1,-9.3,-8.5,-5.8,-10.0,-9.2,-5.0,-3.4,-9.4,-10.0,-2.9,-3.5,-2.5,-4.3,0.6,-6.3,-5.6,-2.2,-1.3,-3.3,-4.3,-4.9,-4.7,-9.1,-8.4,-13.3,-10.6,-10.2,-10.5,-9.6,-11.1,-6.0,-9.9,-7.9,0.1,-4.3,-6.8,-11.5,-7.8,-9.2,-7.9,-6.9,-8.4,-9.7,-2.5
2C7L514qlc,0,48.101428,11.622682,4441905.52,2777757.35,559.8,605.5,243,7240,4.4,0.64,0.5,32.6,348.92,-0.529,-0.104,0.842,-1.3,0.2,-0.45,0.34,1.3,0.3,-0.3,-3.9,-2.9,-0.8,-0.2,0.4,2.3,-1.8,-1.2,0.4,-3.5,-2.0,-2.0,-1.3,-2.1,-0.1,0.3,-0.9,-0.6,-1.6,-1.2,-2.5,-2.6,-0.7,-2.0,-3.5,-0.4,-2.4,1.1,0.4,2.2,12.4,-8.7,-3.9,-3.9,-3.6,-4.6,13.0,-2.0,-0.8,-1.0,-2.5,-1.4,0.7,0.1,5.0,-0.7,-6.0,-0.9,-6.9,-1.4,-0.8,-0.8,-3.6,-4.9,-5.5,-0.4,-1.4,9.4,-6.9,-4.5,-3.8,-2.9,-12.6,-5.4,-7.4,-2.4,5.1,-8.8,-5.0,-3.2,-1.7,-0.8,-3.4,-4.7,-3.7,-4.1,-2.7,-3.5,-2.4,-0.9,-7.3,1.0,-2.0,-1.9,-7.7,-2.0,-0.6,-2.4,-0.4,-0.1,-0.7,9.2,-3.4,1.6,-8.2,-0.3,0.9,-5.6,-10.9,-3.3,-2.1,-2.8,4.0,12.2,-2.3,-11.5,-0.3,-1.2,-3.6,-6.1,-6.3,-3.8,-8.3,-6.4,-10.6,1.4,-5.5,-4.2,0.8,-6.0,-1.6,-4.3,1.4,-3.9,-4.1,-0.7,-2.9,-4.9,-1.5,5.1,-7.4,-8.9,3.1,-3.7,-2.0,-5.4,-6.3,-2.0,3.3,-4.7,-2.7,3.7,-0.1,2.3,-3.5,0.6,-9.9,5.9,-0.3,-6.7,10.3,-9.1,-2.7,-11.3,-10.7,-10.4,-10.2,-8.2,-3.7,-10.7,-13.6,-6.9,-0.9,-2.0,2.7,4.7,4.3,-9.6,-6.0,-2.1,-1.1,9.7,-5.4,-1.9,-10.7,2.1,1.2,-10.1,2.3,-11.8,-4.2,-11.3,-7.9,-6.4,-5.3,-1.1,-11.4,-4.8,-5.8,-11.3,-16.4,-10.5,-3.9,-15.7,-7.2,-6.8,-8.0,-2.3,-7.1,-10.5,-2.1,-11.8,-6.8,-9.1,-8.7,-8.9,-6.4,-7.0
2C7L514qlr,0,48.101521,11.623405,4441959.16,2777768.87,552.1,597.8,243,7255,4.3,0.6,0.43,32.6,348.92,-0.529,-0.104,0.842,-1.4,0.2,1.02,0.33,1.2,0.3,-0.3,6.6,-1.5,6.2,6.3,6.7,6.3,0.8,2.4,-3.3,-0.8,1.0,3.4,-2.8,-1.9,-2.6,-5.1,-7.1,-2.5,-4.5,-2.2,-6.3,-0.8,2.5,-4.7,-4.5,-3.4,-4.9,-2.1,-5.5,0.7,3.2,-7.0,-3.7,-4.9,-8.5,-4.9,-2.9,-2.9,2.9,-5.7,-15.5,-3.1,-4.7,-0.9,-7.4,-8.7,-2.3,-2.4,-10.5,-2.9,-4.8,-4.9,-8.0,-11.7,-6.0,-14.9,-3.3,-6.6,-7.4,-8.1,-8.3,-4.1,-10.6,-8.8,-0.5,-6.4,-7.8,-3.0,-7.6,-4.3,-6.9,-6.3,-9.2,-9.0,-5.3,-2.2,-4.6,-4.7,-8.2,-7.1,-6.2,-3.5,-9.3,-4.8,-7.2,-3.6,-8.5,-3.7,-7.4,-9.9,-9.4,-12.4,-5.7,-9.0,-11.2,-6.7,-9.3,-2.4,-10.7,-11.1,-7.7,-6.8,-3.6,-9.3,-2.1,-7.6,2.5,-13.7,-10.4,-13.4,-1.5,-4.4,-7.2,-13.6,-5.3,-14.6,-6.5,-7.4,-6.3,-6.2,-10.2,-7.9,-6.5,-8.2,3.8,-0.4,-2.2,-6.6,-6.5,-4.9,-5.1,-8.2,-4.3,-4.2,-3.3,-7.5,-3.2,-12.0,-2.6,-9.9,-10.4,-11.4,-3.5,-4.4,-6.3,-13.6,-7.6,-11.9,-11.7,-0.9,-16.6,-9.5,-9.0,-6.4,-9.9,-4.9,-4.7,-7.6,-8.5,-7.7,-9.0,-4.5,-4.8,-9.9,-5.0,-13.0,-9.1,-6.4,-2.8,-9.1,-8.0,-0.0,-12.2,-12.9,-18.5,-19.9,-15.6,-19.6,4.5,-13.9,-8.1,-8.9,-8.9,-13.8,-14.2,-4.9,-9.9,1.1,-1.2,5.6,-2.6,-8.7,-4.2,-5.9,-9.0,-12.0,-9.5,-6.9,-17.9,-15.1,-7.8,0.7,-8.2,-13.9,-9.5,-18.1,-21.4,-8.5
2C7L514qlv,0,48.101509,11.623314,4441952.41,2777767.45,537.6,583.3,243,7259,3.1,0.8,0.4,32.6,348.92,-0.529,-0.104,0.842,-0.7,0.1,-0.14,0.23,1.1,0.2,-0.3,0.4,-1.4,-7.2,-6.6,-4.8,9.0,7.9,6.7,5.4,9.4,2.0,-2.0,-4.0,-2.0,-5.8,-4.8,-6.9,-4.0,-9.0,-2.8,-1.5,1.6,0.2,-3.1,-1.1,2.3,-1.9,0.5,-0.0,-1.0,-17.6,-4.1,-1.5,-3.9,-4.7,-4.6,0.1,-2.1,-1.1,-2.3,-1.5,1.9,-1.9,-1.3,1.5,-1.6,0.9,2.8,-1.9,-0.6,0.1,-2.8,-1.1,-0.4,1.8,-2.0,2.8,1.6,1.0,-2.1,-2.2,-1.5,5.7,-9.4,-3.7,-1.4,-1.7,1.9,-6.6,-12.4,3.7,-3.8,0.0,-4.3,0.3,3.6,2.4,4.1,2.9,-0.6,-3.1,-0.5,-2.1,-1.6,-6.8,-0.8,-4.0,-3.3,-2.9,-0.8,-0.4,-6.3,-3.7,-4.3,-6.0,-4.0,-4.5,-2.0,-1.6,-2.3,-4.0,-4.1,-4.0,1.8,-3.8,-0.5,0.2,-0.6,-3.1,-1.5,-3.1,-0.3,-1.0,-1.2,1.6,-0.7,-3.4,-3.3,-2.3,-1.0,-1.2,-2.4,-1.8,-4.2,-0.4,-1.3,-2.7,-2.9,-3.3,-1.5,-0.3,-4.0,2.1,-4.1,-5.7,-8.6,-3.5,-4.3,-2.1,0.3,-3.0,0.3,-1.2,-2.1,-3.8,-0.5,2.2,-2.5,-0.4,-0.8,-1.5,1.5,-2.4,-2.0,-4.1,-1.0,-3.8,-3.7,-0.8,-3.5,-3.7,-6.8,-7.0,-4.5,-6.8,0.1,-3.9,-7.7,-2.7,-6.6,-4.5,-5.6,-5.5,-2.3,-5.1,-1.0,-0.6,-3.7,-2.8,-2.9,-3.8,-5.8,-4.7,-2.6,-4.2,-4.8,-1.7,-1.7,-4.2,-5.1,-4.3,0.4,-0.0,-6.4,-9.5,-5.8,-4.2,-2.5,-5.2,-6.2,-1.8,-4.1,-2.8,-4.8,-4.3,-3.7,-5.2,-3.6
2C7L514qmJ,0,48.101698,11.624778,4442061.04,2777790.75,540.7,586.4,243,7283,3.3,0.76,0.4,32.64,348.96,-0.529,-0.103,0.842,-1.4,0.2,0.24,0.25,1.4,0.2,-0.3,-0.1,0.3,0.9,-0.9,-0.6,-2.6,1.9,0.7,0.4,-4.0,-0.4,-3.5,0.0,-1.1,-1.3,1.9,3.3,3.2,2.9,2.8,-2.5,1.1,4.1,5.9,9.2,9.3,6.3,5.5,3.2,3.0,-8.8,-0.3,0.4,3.4,-0.2,-1.5,6.3,1.3,5.4,3.0,2.2,1.6,0.5,3.2,0.0,0.8,-0.0,1.1,2.0,1.2,2.4,0.3,-0.8,0.0,-1.7,-1.2,-0.5,-0.9,-1.1,-2.2,-1.0,-2.9,3.8,-3.8,-10.3,-2.7,-0.3,-5.4,-2.4,-2.6,-2.4,-1.0,-3.4,-2.6,-1.2,-2.7,-3.2,-1.1,-1.9,-0.7,-1.0,-1.3,-3.8,0.9,-0.2,-3.4,-1.9,-1.1,-0.2,-0.3,-0.6,3.3,-0.6,4.2,-4.1,1.5,-2.8,0.8,-3.5,0.1,1.7,-0.1,-0.4,1.9,1.9,1.8,1.9,-1.2,5.6,-3.5,0.4,3.0,3.0,4.3,1.5,-0.7,0.2,3.6,1.3,1.8,2.8,1.9,-10.1,1.1,3.8,5.5,-1.9,-4.6,1.1,2.1,0.1,-0.6,-5.5,-5.9,-0.5,-2.6,1.7,-0.6,4.3,4.6,-6.5,-3.6,-0.9,-1.5,-4.9,-4.8,-4.0,-3.6,-6.5,-9.9,-8.9,-4.8,-5.6,-4.5,-6.3,-6.7,-7.6,-5.5,-8.6,-2.3,4.1,-11.1,-2.4,-5.6,-1.8,1.1,-1.8,-7.5,-0.8,-2.6,-2.4,-7.7,-4.2,-13.3,-5.5,-4.3,-2.7,-3.6,-10.9,0.3,-2.7,-5.6,-6.1,-4.3,-8.3,-6.4,-6.2,-1.4,-7.1,-0.9,-4.3,2.9,11.1,-3.7,-2.3,-7.7,-3.7,-6.9,-2.2,-2.0,-6.1,-4.0,-7.2,-3.0,-1.3,-5.1,-3.2,-4.3
2C7L514qmc,0,48.101818,11.625717,4442130.73,2777805.71,535.0,580.7,243,7302,2.7,0.82,0.41,32.64,348.96,-0.529,-0.103,0.842,-0.3,0.1,-0.69,0.21,1.3,0.2,-0.3,0.3,1.5,-0.1,2.8,0.4,1.2,0.1,-2.9,-0.5,0.7,-0.2,2.1,6.1,5.5,5.1,-0.9,-0.9,-1.2,4.1,-2.7,0.6,2.7,2.1,2.9,1.9,1.6,4.5,2.1,3.2,1.5,14.1,-1.5,-2.8,1.3,0.2,0.9,4.3,-0.1,4.7,2.3,3.3,4.6,2.9,-0.3,0.4,1.6,2.1,-1.1,2.4,0.4,0.4,2.9,2.8,1.1,0.8,3.6,4.8,-0.2,4.2,1.7,3.6,-0.6,-1.6,0.1,-1.1,-1.3,-1.4,-0.6,-0.8,-2.3,0.2,-0.6,1.7,1.8,-0.3,18.1,0.6,7.0,0.4,6.3,0.9,3.2,6.0,4.5,5.4,3.6,6.6,0.6,5.6,1.9,1.8,5.2,0.9,3.2,5.2,3.5,2.9,4.2,4.7,4.6,5.5,-0.4,3.3,5.6,3.7,2.6,5.0,2.3,4.9,3.3,2.0,-0.1,0.4,2.2,-0.3,-0.4,-3.0,-0.8,-1.2,1.1,1.6,1.2,4.3,2.7,2.0,1.1,0.4,2.3,5.2,1.9,-1.2,4.7,1.8,11.3,2.3,2.7,2.2,1.8,8.8,6.2,4.7,6.5,5.1,-0.3,-0.8,-0.8,1.6,-4.8,-2.8,-1.8,-0.4,9.9,-0.2,-1.9,2.2,3.0,3.5,3.2,2.0,4.0,0.2,3.5,6.7,-1.0,-0.4,7.6,1.4,-2.8,3.3,2.7,2.9,2.8,3.0,5.1,-4.1,-1.0,3.0,2.1,1.8,1.4,0.5,-0.1,-1.0,-2.6,-1.7,2.0,2.4,3.4,3.3,0.2,0.9,-4.2,6.5,-0.8,0.9,-1.1,0.5,0.1,-0.5,1.0,2.3,1.2,-1.6,-2.1,-0.9,-1.9,-0.8,-0.1
2C7L514qnW,0,48.102276,11.629281,4442395.15,2777862.4,551.4,597.1,243,7358,1.0,0.97,0.11,32.65,348.96,-0.53,-0.103,0.842,-0.4,0.0,-0.17,0.08,0.3,0.1,-0.3,-0.8,0.3,-0.6,0.8,-0.5,-1.0,0.5,0.7,0.4,0.2,1.0,-1.9,0.5,0.1,-0.6,-0.1,-0.5,-0.1,-2.0,-0.7,-1.2,-1.4,-0.3,-0.1,0.1,1.0,0.1,-0.7,-0.3,-0.8,-3.2,-4.3,-3.2,-2.6,-3.6,-0.6,0.6,0.9,1.6,0.1,0.5,0.1,0.4,0.6,-0.7,-0.7,-1.5,-1.3,-1.3,0.5,-0.1,0.9,-0.5,-0.4,-1.0,0.1,-1.3,0.2,-0.7,-0.3,-0.9,-0.4,-0.0,-0.5,-1.0,-2.1,-1.8,-1.8,-0.4,-1.0,-2.4,-1.8,-2.6,-0.9,-0.6,-0.6,-1.3,-1.6,-0.7,-1.2,-1.0,-1.6,-0.5,-0.8,-0.6,-1.6,-0.6,-1.1,-1.0,-0.8,-1.5,-1.6,-1.7,0.1,-0.7,-0.8,-1.2,1.4,0.1,-0.7,-0.8,-0.4,0.8,-0.6,-0.4,-0.3,-0.4,-0.7,0.1,-1.9,-0.4,-0.5,-0.3,-0.6,-0.6,-1.1,-1.6,-1.1,-0.0,-0.9,-0.7,0.1,-0.6,-1.4,-0.4,-0.2,-2.4,-0.4,-0.6,-3.0,-0.6,0.2,-1.0,-0.5,-1.2,-2.2,-1.3,-2.8,1.4,2.2,-1.2,-1.4,-0.7,-0.6,-1.6,-0.8,-0.6,-1.1,-1.4,-1.0,-1.4,-1.5,-1.9,-1.4,-1.2,-1.8,-1.4,-2.0,0.2,-1.7,-1.7,-1.9,0.3,-2.1,-1.5,0.7,-0.3,-2.0,-0.2,-0.3,-1.1,-3.0,-4.6,-3.8,-3.1,-1.1,-1.6,-1.0,0.9,-0.7,-1.4,-0.9,-2.6,-2.7,-1.5,-0.6,-3.2,-1.7,-1.4,-5.3,-4.5,-2.9,-2.0,-3.3,-2.1,-2.7,-1.5,-2.3,-1.9,-2.9,-2.6,-2.4,-1.8,-1.7,-2.0,-2.9,-2.3,-2.7
2C7L514qnv,0,48.102423,11.630424,4442479.89,2777880.6,539.2,584.9,243,7383,4.6,0.59,0.5,32.66,348.96,-0.53,-0.103,0.842,-0.6,0.2,0.06,0.35,0.8,0.3,-0.3,0.7,0.6,1.7,3.6,-6.0,-4.3,-1.0,-1.6,1.5,8.8,-0.5,6.3,0.8,3.4,3.9,0.0,2.0,-1.6,1.2,-1.8,4.1,-0.7,-3.7,-1.3,-0.8,1.7,9.5,3.9,-5.3,-1.3,9.9,4.7,-1.1,-4.1,-4.3,-0.5,1.4,13.9,-3.4,-1.6,-3.4,-2.7,-1.8,-10.7,-4.7,-7.2,13.4,-7.4,-5.1,0.6,-1.9,1.0,-4.2,9.0,2.7,-5.1,0.2,1.7,2.1,-6.2,1.0,-1.3,-9.2,-2.3,-9.2,2.1,-4.0,-3.0,-5.0,-8.6,-4.1,-0.4,-6.5,1.9,-5.6,0.5,1.1,0.7,6.3,1.9,-4.4,-8.3,3.4,3.2,4.4,-5.3,-2.5,-0.8,-7.6,-6.8,-7.2,-4.5,7.8,3.4,-5.2,0.0,-6.4,-0.0,4.9,2.5,11.4,-2.7,8.3,10.3,5.7,0.1,-7.9,-12.0,6.4,-7.9,-2.0,-5.6,3.2,-1.3,-0.8,-8.4,-5.4,5.7,-5.1,-8.1,13.4,10.9,1.8,-2.6,-3.5,7.0,-5.1,3.5,2.5,1.8,-1.6,3.5,-5.1,-1.8,-10.4,-4.5,-3.4,-8.3,2.9,-1.3,4.4,-5.5,-3.6,-0.2,-1.3,-0.9,-2.8,-1.9,-3.9,-1.5,-6.4,0.8,2.6,-0.1,-1.0,-1.9,-0.8,-3.7,0.2,-0.3,1.3,-4.7,-0.1,-1.0,-2.3,0.2,-0.8,-1.8,1.7,0.5,3.2,-7.0,-0.7,-2.2,-3.2,-6.7,-6.9,-1.1,-12.0,-6.1,-11.0,-4.9,-6.5,0.0,-5.6,1.0,-0.5,-4.3,2.0,-1.4,-0.3,-0.4,-4.7,2.5,-2.0,-1.7,0.7,-3.3,-7.6,-2.3,-1.8,-5.2,-1.4,-5.2,-1.5,-7.4,-3.9,1.0
2C7L514qoi,0,48.102783,11.633233,4442688.3,2777925.3,541.1,586.8,243,7432,3.7,0.72,0.44,32.67,348.96,-0.53,-0.103,0.842,-0.8,0.2,-0.83,0.28,1.7,0.2,-0.3,14.5,-4.7,-10.4,-8.4,9.3,-4.4,13.1,11.1,13.1,-0.9,6.6,3.0,2.8,-6.2,-6.5,-1.6,-3.1,2.1,-4.7,-1.4,-6.7,-4.6,-2.3,-3.7,0.0,-4.2,-4.8,-3.3,-3.5,-5.3,-1.7,-4.6,-7.4,-2.6,-7.9,-4.4,-1.5,-4.7,-3.7,-5.0,-0.3,-3.3,-4.5,-4.6,-5.8,-4.7,-3.8,-4.7,-5.0,-5.4,-2.0,0.6,-0.4,-0.4,-0.7,-1.9,0.7,0.5,-1.4,-0.7,-0.3,-1.5,1.4,2.2,-3.9,-1.0,-1.5,-6.9,-0.4,0.3,-1.6,2.8,1.1,2.5,-2.0,-0.5,-0.2,-0.5,-1.0,-3.0,-0.9,1.8,2.9,0.6,-0.2,-2.9,2.0,-3.1,-4.1,-2.2,-2.5,-0.7,0.1,-7.7,-1.1,-3.1,-1.3,-0.9,1.6,-1.5,-12.1,-1.4,-3.9,1.7,-5.5,-1.2,-1.3,-3.1,-3.7,1.2,2.5,0.7,1.0,-1.3,-0.6,2.9,2.1,-0.3,0.5,1.3,-0.9,-2.1,-0.2,-0.3,-1.6,-4.9,1.2,-0.6,1.6,-2.0,6.7,-3.2,-3.5,-3.5,-3.4,-4.1,-3.3,-1.9,-0.5,4.1,-1.9,4.9,1.0,-0.4,-0.4,-0.5,0.4,-2.7,-1.5,0.7,-2.0,-0.2,0.1,2.4,1.9,-2.2,-4.5,10.9,-14.0,6.4,-3.0,-10.4,-3.0,-3.4,-8.8,-1.5,-5.9,-5.6,-1.4,-4.6,-3.3,-6.1,-11.1,-7.4,-3.6,-3.7,-3.5,-3.9,-5.4,-4.9,-3.8,-5.8,-5.5,-4.8,-7.7,-7.2,-3.0,-4.3,-4.2,-8.0,-8.5,-8.9,-3.8,-6.9,-4.8,-6.2,-6.6,-7.9,-3.0,-4.0,-4.2,-2.7,-5.6,-2.9,-2.3,-4.3,-4.2,-6.3
2C7L514qoy,0,48.102896,11.634106,4442753.08,2777939.2,537.5,583.1,243,7448,4.1,0.62,0.5,32.68,348.96,-0.53,-0.103,0.842,-0.3,0.2,-0.4,0.32,2.1,0.3,-0.3,-3.7,-0.6,-0.0,-1.7,-0.5,-0.9,2.9,1.8,2.5,3.9,2.7,1.2,1.0,0.4,-2.2,-3.8,-0.9,2.5,-5.4,-9.1,-2.5,-3.1,2.9,-2.4,8.1,-8.5,-1.3,-3.9,-2.9,-7.8,-10.4,3.7,-7.7,8.4,-6.8,-5.6,-8.7,-4.4,-4.7,-4.9,-5.5,-7.0,-7.8,-4.5,-6.7,-4.4,-7.9,-7.0,-6.8,-5.5,-7.4,-9.2,-4.6,-2.7,-6.5,-7.4,-6.1,-3.7,-5.4,-4.7,-3.2,-5.9,-3.3,-10.1,-5.6,-5.2,-9.5,-9.0,-6.5,-5.5,-2.0,-6.3,-7.2,-3.6,0.2,-0.3,-2.8,-5.4,-3.3,-10.5,-4.6,-6.5,-3.3,-2.4,-3.9,-7.8,-11.2,-2.2,-4.3,-5.4,0.7,0.3,-8.9,-15.8,-3.2,-6.8,-6.8,-3.5,-3.4,-8.4,-4.9,-7.1,-5.1,-5.2,-5.2,-1.4,-6.3,5.6,-7.7,-4.8,-1.2,-2.3,-0.9,-1.3,-0.9,2.4,0.2,-1.0,1.3,-0.1,-2.4,-1.1,-5.2,2.4,1.8,-1.8,-1.1,-6.0,-4.6,-1.2,-4.2,-0.9,-5.3,-6.0,-4.9,-1.4,2.4,-8.5,-1.5,0.2,-2.5,-7.8,-1.6,3.6,6.3,-3.3,-1.7,11.8,6.3,7.5,7.4,4.8,1.1,3.8,2.6,1.9,-6.0,-3.2,-0.1,-0.8,-11.3,-8.1,-2.9,-14.1,-8.8,-1.6,-1.8,-13.0,-15.3,-10.8,-8.3,-7.5,-9.7,-1.7,-11.3,-2.6,-1.3,-0.3,-4.9,-6.0,-3.0,-4.2,-6.0,-8.6,-4.9,-6.2,-5.0,-8.9,-12.1,-10.4,1.9,-7.2,-10.1,-10.7,-5.4,-10.0,-8.7,-1.4,-3.9,-6.6,-5.3,-2.1,-1.7,-3.4,-2.0,-7.9,-4.1,-1.0
2C7L514qq9,0,48.103486,11.638709,4443094.51,2778012.39,561.1,606.8,243,7521,4.5,0.67,0.46,32.7,348.96,-0.53,-0.103,0.842,0.6,0.2,0.33,0.34,0.6,0.3,-0.3,1.7,-1.7,3.4,-4.4,-1.6,-11.4,3.7,-3.7,-1.0,7.1,2.0,6.3,0.5,-7.6,5.4,4.0,2.4,3.3,1.2,-0.3,-1.0,-0.3,3.4,3.5,3.5,1.8,1.2,7.2,0.2,2.3,4.6,-2.3,4.4,0.2,-2.5,1.4,2.3,2.7,0.1,6.1,3.6,4.5,4.1,0.7,3.4,3.9,1.2,-9.3,2.0,-13.7,0.3,3.3,5.3,4.5,3.3,0.1,2.3,1.3,4.4,3.5,3.1,5.1,-11.7,1.8,1.3,2.8,0.3,-11.4,3.4,4.6,6.5,4.3,6.3,5.6,3.3,0.0,0.0,-0.6,0.6,-0.4,1.9,1.8,3.9,-0.8,-1.3,1.5,4.3,0.4,2.6,2.0,3.4,0.3,2.8,2.0,4.7,4.2,2.4,2.2,5.7,3.9,1.3,-1.7,5.6,2.9,-1.6,6.8,-0.2,3.0,-0.5,0.5,-1.6,0.4,2.4,0.6,3.4,-2.5,6.1,1.6,2.7,-5.0,11.6,-10.8,-2.3,2.7,0.7,6.3,1.8,3.4,1.3,-2.2,4.2,1.5,4.1,11.9,0.7,-4.2,-0.6,3.4,0.7,0.6,3.4,1.6,1.8,3.2,9.6,0.4,11.4,-10.7,1.2,-0.3,-3.0,-5.8,4.0,2.6,3.8,-13.8,4.8,4.2,3.9,4.6,8.8,4.5,4.3,4.1,2.9,-3.3,4.9,-8.1,6.7,2.3,4.7,-14.3,2.6,10.5,7.5,10.1,6.0,7.4,6.7,9.0,8.0,-5.3,2.5,4.1,-4.8,6.5,8.3,1.6,3.1,0.5,6.8,9.7,6.4,-1.7,4.7,5.0,7.8,3.5,8.3,5.8,9.2,-8.4,-2.3,-2.0,11.6,5.5,3.6,8.8
2C7L514qlM,0,48.101302,11.621559,4441822.16,2777741.57,547.6,593.4,243,7224,3.2,0.78,0.38,32.59,348.92,-0.529,-0.104,0.843,-0.5,0.2,0.39,0.25,0.3,0.2,-0.3,8.4,3.9,-4.9,4.2,1.4,7.0,-9.5,-12.6,-3.0,0.7,6.2,-9.4,-3.0,2.0,-2.2,-1.3,-4.5,-3.5,-1.7,-0.8,-7.2,4.7,-4.4,-2.7,-3.2,-2.8,-2.5,2.1,-1.7,0.2,-12.9,-4.3,-4.2,-6.3,-6.3,-3.3,-1.7,-1.3,-4.0,-0.1,-0.9,-0.3,-2.4,-2.3,-3.8,-5.5,-2.0,-1.9,-1.9,-3.4,0.1,-2.0,-1.9,-3.6,-2.0,-1.2,-1.3,-1.2,-4.8,-5.9,-4.3,-4.0,-7.6,-0.4,-16.3,0.3,-3.4,-7.6,-4.4,-4.2,-3.2,-2.5,1.1,-3.0,-4.6,-4.2,-4.0,-5.0,-1.9,-4.6,-3.3,-1.7,-2.2,-2.2,-4.7,-0.8,-2.9,-10.5,-7.0,-6.0,-5.5,-7.4,-6.6,-9.6,-7.2,-4.2,-4.2,-3.7,-1.9,-1.6,-1.5,-4.8,-2.0,-6.3,-6.2,-8.8,-7.7,-6.2,-8.3,-7.8,-7.8,-6.3,-3.2,-8.0,-7.1,-3.8,-2.8,-8.2,-2.6,-5.9,-11.4,-2.3,0.4,-4.2,-2.6,-2.0,0.4,-5.7,-2.0,-4.5,-0.5,-3.1,-0.5,-4.2,-2.6,-2.1,-2.7,-5.5,-4.4,-1.8,-12.7,-2.6,-4.9,-4.4,-5.2,-4.7,-5.9,-3.0,-1.7,-1.2,-8.0,-4.4,-1.8,-4.1,-2.3,-2.4,-2.6,-3.0,-3.8,-3.9,-6.0,-4.7,-1.6,-2.5,-4.6,0.8,-2.4,-6.6,-1.9,-6.0,-7.6,-9.5,-0.6,-3.6,-0.3,-1.4,-1.5,-1.1,-10.3,-0.4,-0.8,-4.5,-4.7,-3.4,-3.6,-5.2,-4.4,-5.2,-4.4,-17.8,-3.7,-5.3,-3.8,-7.4,-4.9,-5.4,-5.3,-5.7,-5.5,-7.0,-5.6,-5.2,-6.0,-5.2,-5.7,-3.6,-6.7,-7.2
2C7L514qlb,0,48.101407,11.622373,4441882.54,2777754.52,547.8,593.5,243,7239,3.3,0.79,0.4,32.59,348.92,-0.529,-0.104,0.843,-1.9,0.2,-0.34,0.25,0.4,0.2,-0.3,-1.4,-3.5,0.2,0.7,1.2,-2.6,1.3,-1.2,0.1,0.2,-0.2,0.9,-0.1,1.0,1.9,3.2,0.7,-0.1,1.5,-1.3,-1.2,1.6,1.2,0.5,-0.3,2.1,0.2,1.0,8.2,1.4,-8.4,-5.5,-3.9,1.5,-1.0,0.0,-3.9,0.2,4.7,1.1,-2.5,-1.0,-0.2,2.4,3.7,3.9,-3.7,0.3,1.3,-0.3,4.1,-0.2,-0.1,-1.2,-1.5,4.4,-3.1,-1.1,-1.4,-0.9,-1.0,-1.3,-0.1,-1.5,-0.3,-1.1,-0.6,-4.2,-2.9,-2.4,-2.3,4.0,-0.3,-3.0,-1.7,-0.6,-1.0,-2.7,-2.3,2.2,-3.6,0.3,-2.4,-2.5,-3.7,-1.8,1.1,-2.3,2.6,0.4,-0.8,-10.2,-6.3,-1.1,-4.3,0.4,-3.9,-1.5,-2.3,-0.1,-3.3,-2.0,-1.9,-5.4,-1.3,-6.3,3.3,-2.1,-0.2,-0.0,-3.3,-1.6,-3.9,-2.7,-4.5,-3.0,-4.0,-3.7,-1.1,-3.0,-2.2,-2.0,-4.2,0.7,-3.7,-2.8,-4.4,-2.3,-3.1,12.5,-6.8,-4.1,-3.1,-3.1,-1.5,-4.8,-3.2,-4.0,1.5,-1.8,-3.1,-3.0,-2.9,0.9,-3.1,-5.3,-3.2,-8.1,-4.7,-10.8,-3.0,-8.4,5.3,-6.6,-5.6,-6.6,-2.8,-4.3,-2.1,-5.9,-7.5,-6.6,-6.4,-6.5,-10.2,-0.2,-13.0,-7.1,-4.2,-0.1,-1.4,-11.7,-7.2,-10.6,-9.1,-14.6,-10.7,-9.2,6.8,-8.8,-7.8,-8.6,-8.0,-7.5,-7.3,-3.9,-10.0,-3.0,-7.5,-9.4,-2.8,3.3,-13.6,-16.5,5.9,-10.0,-7.0,-4.0,-6.9,-8.8,-12.6,-10.0,-7.5,-9.7,-9.3,-9.0,-9.2,-12.6
2C7L514qm3,0,48.101599,11.623864,4441993.23,2777778.27,540.9,586.6,243,7267,3.9,0.63,0.49,32.63,348.96,-0.529,-0.103,0.842,1.2,0.2,0.49,0.31,2.7,0.3,-0.3,-1.0,-1.2,-4.3,-1.8,-2.0,-1.9,-2.3,-1.7,-3.9,-3.1,-0.9,-1.9,-2.2,-2.6,-4.6,-3.6,-4.9,-6.9,-7.9,-7.5,-10.9,-3.0,-6.9,-7.3,-0.1,-2.8,-3.5,-1.5,-3.5,-4.5,-15.8,-6.0,-6.6,-3.1,-5.0,-8.5,-6.0,-8.3,-7.5,-6.5,-8.4,-7.1,-6.4,-5.0,-11.5,-6.4,-5.9,-2.3,-4.2,-2.8,-2.1,-3.0,-2.5,-2.6,-5.8,-3.8,-2.3,-1.2,-2.5,-2.0,-2.8,-3.4,-6.7,-3.5,-6.6,-2.5,-3.1,-3.5,-3.5,-3.6,-2.0,-6.9,-0.6,-5.9,-6.8,-9.4,-6.8,-8.5,-6.9,-8.6,-8.1,-8.9,-6.5,-4.5,-5.4,-11.1,-9.1,-12.3,-19.5,-9.9,-7.3,-10.3,6.6,-4.8,-9.7,-8.6,-4.2,-7.3,-3.3,-4.6,0.5,0.3,-9.6,-3.7,-9.1,-9.4,-7.1,-10.6,-11.6,-3.3,-5.3,3.7,4.9,4.6,4.6,1.1,-0.6,2.3,0.8,1.4,-3.0,0.5,-0.6,-3.6,-7.6,-5.8,-2.7,-8.4,-8.5,-7.2,-2.8,-8.0,-0.1,-8.7,-3.7,-1.1,-5.9,-9.3,-0.2,3.8,10.3,5.8,3.9,-2.2,0.5,-2.6,-8.4,-1.9,-1.1,-3.2,-4.2,-2.1,-3.4,-2.0,-0.8,0.4,-2.6,-9.6,-6.6,-6.7,-3.0,-9.3,1.1,-5.3,-4.9,-0.8,-0.9,-2.8,3.7,1.0,11.3,-7.6,-1.5,-1.8,-0.6,7.7,4.2,4.9,14.6,4.6,2.1,2.8,3.8,4.9,1.8,5.6,2.1,-5.8,-1.7,-6.9,-13.0,-1.5,5.9,-6.6,1.4,-1.8,1.1,-1.4,-3.7,14.1,-0.2,0.1,1.5,-3.2,-0.0,-2.0,-2.8,-3.9
2C7L514qmI,0,48.101708,11.624716,4442056.4,2777791.82,540.7,586.5,243,7282,2.2,0.87,0.32,32.63,348.96,-0.529,-0.103,0.842,-0.8,0.1,0.85,0.17,0.7,0.1,-0.3,-2.0,-1.4,-0.0,-2.4,-1.8,-2.9,0.6,-1.5,-0.7,-1.7,-0.6,-1.9,1.7,-0.5,2.4,1.4,0.2,-0.0,1.8,-0.0,-0.8,0.8,1.8,4.7,5.2,4.3,5.6,3.7,0.3,1.7,-9.6,-4.8,-3.7,-0.7,-1.6,-4.6,4.0,-0.9,3.0,3.5,3.5,0.1,-1.0,-1.0,0.4,0.0,2.5,0.1,2.2,1.8,1.4,0.4,-0.4,-0.0,0.1,-1.5,-3.5,0.4,-1.2,-2.0,-1.9,-2.5,-0.7,-2.7,-2.0,-4.0,-2.8,-3.6,-4.1,-3.0,-3.3,-2.1,-4.2,-1.7,-1.5,-3.0,-1.0,-0.4,-2.0,-1.9,-2.6,-1.7,-2.5,-1.6,-1.7,-3.1,-2.9,-0.9,0.9,-2.0,-2.6,-2.2,-2.7,-0.5,-5.9,-0.3,-1.9,-1.4,-2.5,0.5,0.2,-3.2,-2.3,-1.4,-2.5,-1.0,-5.9,-7.4,-8.2,-9.6,-10.2,-2.6,-3.6,-3.0,-1.5,-1.3,-2.3,-0.2,-1.5,-1.8,-0.7,-2.5,-1.8,-2.3,0.0,-0.1,0.1,-3.0,-3.4,-1.7,-4.9,-3.1,-3.3,-3.4,-1.5,-1.9,0.0,-4.5,-1.8,-0.6,-4.0,-3.0,-3.3,-4.6,-1.8,-5.0,-5.8,-5.0,-5.4,-7.5,-6.1,-7.6,-5.5,-5.5,-7.1,-5.2,-5.7,-5.0,-4.6,-5.4,-3.8,-1.4,-2.8,-2.7,-4.6,1.9,-4.0,-5.7,-0.8,-2.5,-4.2,-4.5,-4.1,-2.3,-4.2,-1.8,-5.8,-6.4,1.0,-2.7,-3.9,-4.3,-3.6,-3.7,-3.9,-1.1,-4.7,-2.5,-4.3,-7.3,-6.7,0.3,-0.5,-4.3,-2.7,-4.1,-2.3,-3.3,-2.8,-2.0,-2.7,-2.0,-1.5,-2.9,-4.3,-2.9,-1.1,-1.7
2C7L514qmi,0,48.1019,11.626206,4442166.98,2777815.54,541.2,586.9,243,7308,3.0,0.81,0.38,32.64,348.96,-0.529,-0.103,0.842,-0.3,0.1,-0.4,0.23,0.9,0.2,-0.3,-1.3,-1.4,-3.3,-0.5,0.2,-2.6,-1.8,-3.0,-0.5,12.1,2.0,-5.6,1.1,-0.9,-4.7,-5.1,-2.7,-1.6,-4.4,-0.6,1.7,-2.8,-1.0,-2.4,-0.2,-0.8,1.2,1.2,-2.1,-3.6,-10.9,-4.9,-0.3,-2.4,1.5,-2.8,-0.1,-0.3,-0.4,-1.7,-1.7,1.4,-4.6,-1.7,3.5,-2.4,-2.8,-2.6,-1.8,-2.2,-1.4,0.2,0.6,0.3,-0.6,0.3,-0.7,-1.0,-1.1,2.3,0.5,-2.7,8.2,-0.2,-6.4,-1.7,-0.9,2.8,-1.2,-1.4,-4.5,-1.6,-6.9,-2.9,-5.6,-6.2,-4.9,-2.3,0.7,-1.4,-0.8,1.2,-0.7,0.5,-2.7,-1.3,-0.9,-1.8,-1.6,-1.4,1.6,-0.0,-3.5,-0.5,-2.9,0.9,-0.6,-0.9,1.2,4.4,-0.8,-3.9,-3.6,-0.4,-0.9,1.2,0.1,-2.3,1.1,0.4,1.3,-0.4,0.4,-0.7,-1.7,-1.6,2.0,-4.5,3.0,-8.9,-1.1,-4.5,-1.3,-1.3,-7.1,-4.7,-0.6,-4.4,-6.3,-5.2,-3.4,-2.6,-3.2,0.8,-5.6,-3.5,-0.3,-5.9,5.3,4.1,-8.0,10.8,-2.9,-2.5,0.2,-0.5,12.0,-2.6,0.2,-1.1,2.9,-0.9,-2.1,-1.7,-3.4,4.4,3.0,0.6,1.5,-2.1,-3.2,-3.3,0.4,-2.1,0.0,3.3,-0.4,-2.9,-1.5,-0.5,-2.4,-2.5,1.1,-3.3,-4.4,3.7,-1.0,-4.8,2.5,-2.4,-3.4,-1.7,-4.8,4.4,-0.9,-4.7,-2.7,-6.6,-3.0,-4.3,-4.0,-1.8,-3.8,-3.0,-3.2,-1.0,-1.5,-3.6,1.6,-2.6,-4.1,-8.2,-1.5,-3.1,-4.2,-5.0,-1.4,-3.8
2C7L514qmj,0,48.101907,11.626263,4442171.14,2777816.44,541.2,586.9,243,7309,2.5,0.85,0.29,32.64,348.96,-0.529,-0.103,0.842,-0.5,0.1,-0.18,0.19,1.9,0.2,-0.3,-0.8,-1.3,-1.9,-2.2,-0.9,-2.6,-0.8,-1.0,0.2,14.1,2.0,-3.0,0.7,-0.9,-2.4,-2.9,-4.1,-3.7,-4.6,-5.3,-3.2,-2.8,-3.5,-2.7,-2.1,-2.5,-2.0,-5.7,-4.3,-4.6,-14.0,-6.9,-8.3,-6.4,-3.6,-3.6,-3.7,-2.6,-0.3,-1.5,-3.8,-1.9,-2.3,-3.1,-1.4,-4.1,-4.2,-4.0,-2.6,-2.0,-1.3,-1.1,-0.0,-0.3,-2.3,-3.1,-1.9,-0.3,-0.9,-1.1,-1.6,1.0,10.5,-4.3,-7.9,-0.6,-1.0,-9.0,-1.8,-1.4,-6.8,-3.1,-3.4,-3.5,-4.2,-3.3,-3.5,-4.1,-1.7,-4.0,-4.4,-3.5,-3.0,-2.1,-4.9,-3.8,-3.6,-4.2,-2.3,-2.6,-5.4,-1.6,-6.9,-2.7,-3.9,-2.1,-7.5,-2.9,-3.8,-0.5,-4.3,-4.5,-1.7,-1.6,-3.2,-2.2,-2.2,-3.0,-1.6,-2.4,-0.5,-0.9,-2.5,-0.3,-2.9,-0.8,5.2,-3.4,-0.2,-2.7,-1.8,-0.1,-0.4,-3.2,-4.8,-3.5,-7.0,-4.6,-4.4,-4.2,-4.4,-2.0,-8.1,-4.2,-4.9,-7.1,-5.2,-6.6,-0.3,-0.9,-6.8,-4.3,-4.0,-1.4,-3.7,0.5,9.1,-1.8,-1.2,-2.0,2.5,-3.9,-3.8,-3.3,-3.9,-5.8,-3.5,-4.3,-1.7,-4.5,-5.3,-6.8,-2.5,-6.9,-5.6,-2.2,-4.4,-6.4,-3.2,-2.9,-5.6,-5.2,-6.9,-5.7,-3.3,-0.5,-2.5,-4.4,1.5,-2.4,-1.3,-3.9,-2.7,-1.1,-2.2,-4.8,-8.7,-4.4,-4.3,-7.8,-7.4,-6.4,-6.5,-7.5,-6.4,-3.4,-5.3,-6.1,-4.9,-7.2,-4.3,-6.0,-2.8,-2.6,-9.8,-0.9,-2.3,-2.4
2C7L514qn0,0,48.102028,11.627208,4442241.28,2777831.48,541.9,587.6,243,7326,2.8,0.83,0.41,32.65,348.96,-0.529,-0.103,0.842,-0.7,0.1,0.27,0.21,0.2,0.2,-0.3,-1.1,-2.5,-1.4,-0.4,-2.2,-2.0,-0.2,0.8,-0.3,4.0,0.1,1.4,1.0,-0.6,0.4,0.2,0.6,-1.0,-1.9,1.4,0.7,-0.9,-1.0,-0.5,-4.8,0.5,1.3,0.6,3.3,-5.3,-3.6,-12.8,-4.1,-5.1,-4.4,-0.6,0.7,-0.4,-0.6,0.5,-1.2,2.9,-7.9,-3.7,1.1,-2.2,-1.6,-3.2,-2.1,-0.5,4.2,3.8,1.9,0.1,-0.7,1.5,0.0,1.9,-0.8,-2.1,-0.7,-1.7,-1.1,-2.9,-8.3,-6.0,-1.8,-5.6,-1.5,-1.5,-2.4,-2.2,-0.3,-3.0,-0.9,1.1,1.2,0.5,-1.2,-0.8,-1.0,1.4,-3.1,-4.4,-3.1,-3.3,-7.1,-4.2,-1.7,3.4,-2.3,-6.4,-2.7,-7.2,-10.8,-2.7,2.3,0.1,-2.7,-0.7,-1.7,-8.9,2.0,-1.4,-1.3,-1.4,-6.2,-4.5,-6.8,-6.5,-3.7,-4.0,-2.8,-4.1,-1.9,3.7,-3.7,-9.0,-3.6,-0.0,-3.6,-4.4,-10.1,-4.3,-4.5,-3.7,-4.9,-4.2,-4.1,-4.6,-7.1,-0.5,-1.3,0.1,5.2,3.3,-2.9,-3.2,1.9,1.3,-5.0,-4.2,-4.9,-2.9,-0.5,-0.4,-3.6,-1.6,-3.6,-2.1,-2.7,-3.1,-2.6,-0.5,-1.9,-3.0,-1.4,0.6,-0.7,-3.2,-2.5,-2.2,-7.4,-4.1,-3.5,-2.9,-7.0,-8.6,-8.0,-1.4,-2.2,-1.9,-10.1,-1.5,-4.6,-4.2,-8.1,-1.4,-2.8,-3.6,-4.4,-5.8,-3.2,-1.7,-5.0,-3.0,-3.7,-1.8,-5.3,-6.6,-4.7,-0.5,-4.6,-4.4,-0.4,-6.1,-7.4,-5.1,-5.4,-3.7,-1.0,-6.9,-4.7,-3.3,-1.9,-3.7,-3.7,-3.1
2C7L514qn4,0,48.102073,11.627559,4442267.31,2777837.06,545.4,591.1,243,7330,3.4,0.74,0.44,32.65,348.96,-0.529,-0.103,0.842,-0.4,0.2,-0.09,0.26,0.3,0.2,-0.3,-1.6,-4.8,-3.4,-5.1,-2.0,-0.4,-7.3,-4.2,-3.8,6.4,2.3,1.0,-1.6,1.5,3.1,6.0,3.0,1.0,5.6,0.8,-1.1,5.0,-2.5,-0.2,-2.7,6.2,0.8,3.0,-0.0,-4.3,3.9,-6.8,-2.1,-1.6,-1.0,1.2,-0.8,-0.2,-2.7,1.4,-3.2,0.4,-3.6,3.9,-1.9,1.4,-6.4,-3.6,-2.0,-1.2,-1.4,-0.4,-1.6,-2.1,-3.7,-5.8,1.5,-4.3,-3.3,-5.3,-1.0,-3.1,-4.3,-9.1,6.0,4.7,-4.9,-4.8,-5.3,-2.0,-5.4,-3.2,-4.6,-3.0,-3.0,3.2,-1.9,-2.2,-1.0,4.4,-2.9,-2.2,1.4,-9.5,0.1,-6.2,-6.5,1.8,-2.2,-10.6,-7.2,0.4,-0.6,2.7,-1.9,-7.4,-0.1,2.1,-2.3,-8.0,-4.2,-7.8,-2.2,-0.8,-2.8,-3.7,0.2,2.3,2.2,1.9,7.3,0.3,0.9,0.1,-0.9,-3.8,-0.3,-2.1,4.5,-0.2,-0.7,-1.2,5.0,-2.4,-0.8,1.4,-8.7,-0.2,5.3,-2.8,-5.4,4.5,-10.3,-2.8,-0.6,-3.9,-1.5,-15.5,0.3,2.7,2.8,1.8,-0.6,1.0,-0.9,-2.1,-1.1,-1.4,-1.0,-3.7,2.4,-4.0,-0.1,-3.0,-1.5,-1.6,-1.1,-4.2,-1.4,-4.2,-2.9,-2.6,-0.3,-3.8,-1.9,2.9,-5.1,-5.9,0.9,-4.7,-2.3,-9.9,-4.9,-3.7,-1.5,2.1,1.1,-2.6,3.0,-4.3,-1.6,-0.8,-0.1,0.6,-1.4,-2.9,1.3,-3.1,-0.8,-5.8,-5.8,-3.6,-1.8,-4.1,-1.5,-4.1,3.3,-2.6,-2.9,-5.7,-0.6,-2.2,-5.1,-4.7,-4.9,-3.6,-4.3,-8.0
2C7L514qnb,0,48.102294,11.629275,4442394.6,2777864.37,539.9,585.6,243,7363,1.6,0.9,0.27,32.66,348.96,-0.53,-0.103,0.842,-1.1,0.1,-0.15,0.12,1.9,0.1,-0.3,-1.7,-1.7,-2.5,2.4,-2.1,-2.1,0.8,0.6,0.5,-0.0,1.7,-1.2,1.1,1.0,-1.3,-0.5,-3.4,-1.8,-4.1,-2.1,-4.3,-3.1,-2.0,-2.7,-4.0,-2.4,-3.9,-2.3,-2.7,-3.4,-7.8,-7.4,-5.8,-5.7,-9.8,-7.1,-6.0,-6.0,-4.5,-4.1,-4.9,-3.7,-3.9,-4.2,-4.4,-7.0,-6.3,-2.6,-3.0,-1.1,-2.4,-0.4,-0.5,-0.3,-2.8,-2.1,-2.9,-1.5,-3.9,-3.4,-1.4,0.7,1.6,3.7,3.4,-3.0,-3.0,0.4,-2.3,-3.2,-3.1,-3.6,-3.6,-2.5,-2.9,-4.1,-3.8,-3.6,-2.5,-5.4,-2.7,-5.8,-2.5,-4.7,-5.4,-5.8,-3.7,-7.0,-5.7,-5.6,-5.3,-6.6,-5.1,-4.5,-4.0,-4.6,-5.0,-6.0,-5.3,-6.7,-5.6,-5.3,-3.7,-5.2,-5.5,-5.2,-4.5,-4.1,-3.0,-5.0,-4.1,-2.6,-3.4,-4.8,-3.8,-4.9,-6.5,-6.3,-6.0,-3.4,-3.5,-4.8,-4.4,-3.9,-3.5,-4.0,-4.1,-4.4,-4.2,-7.3,-4.8,-4.3,-5.7,-6.8,-7.7,-7.4,-7.5,-7.0,-5.4,-3.2,-5.8,-6.5,-5.5,-5.6,-5.0,-4.3,1.6,-3.9,-4.9,-3.1,-1.9,-3.6,-3.5,-3.2,-4.0,-3.6,-6.0,-6.8,-6.5,-6.6,-6.1,-7.4,-4.1,-7.5,-6.7,-2.4,-4.3,-9.4,-4.2,-7.0,-6.7,-8.7,-7.4,-6.3,-4.9,-4.8,-4.8,-4.0,-2.2,-4.4,-5.4,-4.5,-5.5,-7.6,-5.4,-4.7,-6.8,-6.1,-7.4,-10.3,-9.0,-9.8,-9.7,-11.1,-9.7,-9.8,-10.6,-9.9,-8.5,-9.7,-7.7,-8.8,-7.1,-7.0,-7.8,-8.7,-8.7,-5.4
2C7L514qnc,0,48.102296,11.629288,4442395.63,2777864.6,537.8,583.5,243,7364,1.2,0.95,0.17,32.66,348.96,-0.53,-0.103,0.842,-1.0,0.1,-0.14,0.09,1.2,0.1,-0.3,-1.7,-0.8,-2.1,0.4,-2.2,-0.1,-0.4,0.5,-0.0,0.7,0.1,0.0,-0.0,-0.4,-1.6,-0.4,-1.0,-1.3,-2.4,-0.8,-2.6,-2.1,-1.4,-0.8,-1.5,-0.9,-2.8,-0.1,-2.0,-2.6,-7.4,-5.6,-4.6,-4.8,-6.6,-4.1,-4.0,-2.3,-1.5,-1.4,-2.9,-2.2,-2.0,-1.8,-2.9,-4.0,-4.7,-2.7,-2.1,-1.0,-1.5,-0.3,-0.9,-0.9,-2.1,-0.6,-2.0,-0.5,-2.4,-2.1,-0.9,0.1,-0.4,1.6,2.7,-1.2,-2.5,-1.3,-1.4,-2.3,-2.0,-2.9,-3.4,-2.9,-2.0,-2.5,-2.7,-3.1,-1.4,-4.6,-2.1,-4.0,-2.3,-3.4,-3.3,-3.6,-2.8,-4.3,-3.6,-3.6,-3.9,-5.1,-5.0,-2.6,-3.5,-3.8,-4.6,-3.8,-4.2,-5.0,-5.0,-4.0,-2.1,-3.7,-3.7,-3.4,-1.6,-3.2,-2.5,-3.4,-2.8,-2.8,-2.3,-3.5,-2.3,-3.1,-4.4,-4.2,-2.8,-2.7,-2.5,-2.9,-3.8,-3.1,-2.1,-2.1,-2.8,-3.3,-2.4,-5.8,-3.9,-3.5,-5.2,-4.1,-4.6,-6.4,-4.8,-5.3,-2.8,-1.3,-4.4,-4.4,-5.2,-3.8,-3.7,-3.5,-1.7,-2.4,-3.1,-1.7,-2.7,-3.5,-2.6,-2.7,-3.5,-3.3,-4.5,-5.2,-4.1,-4.9,-5.7,-6.0,-3.2,-6.5,-5.3,-0.9,-3.2,-6.5,-3.1,-5.5,-5.4,-6.5,-7.1,-6.0,-3.1,-3.8,-3.4,-3.1,-2.7,-3.3,-4.1,-4.0,-4.4,-6.4,-4.3,-4.7,-6.1,-5.5,-6.3,-8.5,-8.1,-8.4,-6.9,-8.7,-7.4,-7.4,-6.8,-8.3,-6.7,-7.3,-6.4,-6.5,-5.4,-5.5,-4.8,-7.0,-6.6,-4.0
2C7L514qnd,0,48.102296,11.629294,4442396.06,2777864.69,535.3,581.0,243,7365,1.6,0.93,0.26,32.66,348.96,-0.53,-0.103,0.842,-0.6,0.1,-0.09,0.12,1.0,0.1,-0.3,-1.8,-0.7,-2.2,-0.6,-1.9,0.2,-1.6,0.8,-1.2,1.4,-0.4,-0.3,-1.6,-1.2,-2.4,-1.3,-1.3,-0.6,-3.1,-1.1,-0.3,-2.5,-1.4,-0.1,-1.5,0.6,-2.7,-0.4,-2.6,-2.9,-5.2,-5.7,-4.7,-4.4,-5.5,-2.6,-12.6,-0.2,-0.8,-0.2,-2.2,-0.1,-1.2,-1.2,-0.5,-2.0,-1.7,-2.4,-2.1,-0.8,-1.7,-0.4,-2.7,-2.3,-2.5,-1.1,-1.8,-0.5,-1.1,-1.3,-1.4,-1.6,-1.5,-2.1,-0.2,-0.6,-2.6,-3.3,-2.3,-3.4,-0.9,-4.6,-3.2,-3.3,-3.5,-2.9,-2.7,-3.3,-1.1,-4.6,-2.6,-4.1,-3.1,-3.4,-3.5,-2.2,-3.5,-4.3,-3.5,-3.9,-4.6,-4.6,-3.6,-2.9,-4.9,-4.9,-3.9,-3.7,-4.2,-4.7,-4.7,-4.5,-2.9,-2.1,-4.1,-3.3,0.4,-3.8,-3.1,-2.7,-2.5,-2.9,-2.1,-4.9,-3.1,-2.3,-3.7,-2.4,-1.0,-1.7,-1.7,-1.6,-1.8,-3.0,-2.1,-1.6,-2.2,-3.0,-3.4,-5.1,-3.8,-3.3,-4.2,-4.2,0.4,-5.9,-5.0,-5.7,-3.0,-0.8,-2.3,-3.7,-5.2,-3.1,-4.4,-3.6,-3.6,-1.0,-1.6,-0.4,-2.2,-2.6,-1.1,-2.8,-3.6,-3.8,0.2,-5.2,-0.6,-2.4,-3.2,-5.9,-1.8,-3.1,-4.1,1.8,-1.7,-4.1,-1.4,-3.6,-3.7,-5.6,-5.6,-2.2,-2.7,-2.6,-1.6,-2.1,-2.1,-3.1,-4.2,-3.9,-4.4,-5.5,-3.7,-5.2,-5.2,-6.9,-6.5,-7.1,-7.5,-6.6,-5.0,-7.4,-5.1,-7.4,-5.1,-7.9,-6.4,-7.8,-6.8,-5.7,-4.9,-3.5,-2.3,-2.7,-2.8,-3.2
2C7L514qnj,0,48.102343,11.629661,4442423.26,2777870.53,535.3,581.0,243,7371,3.3,0.68,0.42,32.66,348.96,-0.53,-0.103,0.842,0.4,0.2,-1.51,0.26,2.1,0.2,-0.3,-1.6,2.4,-0.7,-0.3,-1.0,-7.5,-2.2,-2.1,3.6,0.5,-3.2,-7.5,-1.2,-5.8,0.4,-0.3,0.1,-0.1,-0.5,2.1,-1.2,0.0,3.3,3.3,9.9,2.3,-5.4,2.0,-2.3,1.0,-5.5,-4.1,-2.6,-1.7,-7.1,0.6,-0.4,1.8,2.6,9.3,7.4,7.0,2.0,3.6,1.8,0.2,5.4,6.7,9.4,5.8,9.8,6.2,4.1,6.5,4.0,8.1,5.0,7.8,9.3,8.0,13.3,1.7,3.7,11.9,8.9,4.7,12.6,1.2,1.6,1.4,9.5,2.0,7.2,3.6,0.6,2.9,6.0,5.4,6.9,-0.4,-10.5,3.0,8.4,8.7,7.3,0.1,2.0,0.6,-0.3,1.7,1.9,5.2,5.3,1.8,4.0,1.4,6.1,1.7,2.8,4.6,10.0,3.0,4.7,6.9,3.2,7.5,4.6,8.1,5.0,4.0,5.7,6.4,5.8,7.3,7.2,6.3,3.7,5.2,8.9,9.2,7.3,8.4,7.1,5.9,2.7,2.9,8.8,4.5,0.5,1.4,7.6,3.7,7.9,2.9,-0.8,1.9,-1.6,3.4,5.2,7.5,5.7,7.8,3.2,4.4,6.9,8.3,6.6,8.1,5.9,4.5,3.2,1.0,6.2,3.5,-0.9,-0.6,1.8,0.3,9.0,11.0,0.8,-1.1,-0.4,4.9,2.0,6.4,-0.1,-2.4,6.0,2.5,2.7,-0.9,4.7,10.3,9.7,7.6,8.3,8.9,0.5,11.4,4.2,5.0,5.6,6.3,0.5,2.7,5.2,-0.9,2.8,2.0,5.1,1.8,2.5,-1.2,4.3,2.1,1.6,0.7,9.5,1.9,2.0,3.0,3.6,3.6,6.8,3.2,3.9,3.7
2C7L514qlZ,0,48.101435,11.622448,4441888.13,2777757.78,554.8,600.5,243,7237,1.9,0.9,0.32,32.59,348.92,-0.529,-0.104,0.843,-0.8,0.1,0.87,0.14,0.2,0.1,-0.3,-0.7,-3.2,0.6,-0.1,0.1,-0.4,0.6,0.4,0.2,-0.9,0.6,2.1,1.1,0.8,0.8,0.4,-1.4,-0.2,1.3,-0.4,-1.7,-1.1,-1.4,0.1,-0.5,0.5,-0.2,-0.2,-0.9,-1.8,-11.5,-3.5,-3.2,-2.3,-1.0,-1.0,-1.0,0.6,2.6,0.0,-1.5,-2.7,-0.9,-0.4,-0.4,-2.4,-2.5,-1.0,-1.8,-1.3,-1.6,-3.4,-2.2,-4.0,-2.3,-3.3,-2.5,-2.1,-1.8,-3.0,-3.5,-1.8,0.7,-5.0,-3.8,-2.8,-2.2,-6.2,-3.0,-3.8,-3.8,-1.3,-2.0,-2.8,-3.4,-2.0,-1.6,-1.9,-1.7,-5.9,-4.8,-3.4,-2.0,-2.5,-3.0,-1.8,-2.8,-3.4,-1.1,-0.4,-1.9,-0.4,-6.9,-5.6,-4.9,-2.7,-5.0,-3.4,-3.4,-1.8,-2.9,-5.4,-2.8,-1.3,-4.3,-2.5,-3.8,-4.4,-7.1,-2.2,-4.0,-4.7,-3.0,-4.7,-4.2,-2.8,-5.3,-7.6,-4.8,-5.3,-2.6,-3.9,-4.5,-3.3,-3.0,-3.9,-4.9,-0.9,-4.3,-4.6,-3.8,-7.3,-0.0,-3.4,-2.1,-3.3,-1.7,-4.4,-0.6,-4.9,-4.0,-3.6,-4.2,-4.4,-4.1,-5.8,-2.6,-5.2,-5.5,-6.0,-3.0,-6.7,-3.0,-6.0,-2.9,-5.9,-2.8,-4.6,-3.7,-4.9,-5.3,-7.0,-7.3,-7.3,-8.1,-2.7,-5.2,-8.3,-1.7,-3.8,-5.9,-9.1,-5.5,-4.4,-5.8,-2.7,-2.5,-6.1,2.4,-7.5,-3.9,-5.6,-3.7,-3.7,-5.7,-3.4,-10.0,-3.6,-0.9,-5.7,-3.5,-6.7,1.6,-3.0,-4.3,-1.7,-2.1,-1.7,-2.8,-3.2,-3.7,-2.9,-2.6,-2.2,-5.5,-9.2,-5.8,-2.8
2C7L514qmH,0,48.101718,11.624649,4442051.39,2777792.82,542.1,587.8,243,7281,4.0,0.6,0.4,32.63,348.96,-0.529,-0.103,0.842,0.5,0.2,-1.63,0.31,1.9,0.3,-0.3,5.1,4.7,4.7,1.4,4.5,4.0,6.6,3.4,3.1,2.6,2.7,3.7,4.1,4.1,6.2,6.4,3.8,3.6,2.9,5.5,7.4,7.4,-1.3,1.8,-1.2,1.1,-1.9,1.5,-1.9,-3.1,-13.0,-6.6,-5.5,-4.8,-7.1,-3.9,-3.5,-8.8,-3.9,-7.0,-5.8,-7.2,-8.2,-2.5,-7.9,-7.2,-8.6,-10.0,-7.8,-9.4,-1.6,-8.1,-9.2,-9.9,-9.1,-4.1,-1.0,-1.9,4.2,2.1,2.9,0.9,3.6,-0.3,-4.7,2.5,2.8,1.9,0.8,2.3,-0.1,3.2,1.7,3.5,5.8,4.3,5.8,5.0,3.1,5.0,5.3,4.3,1.3,4.0,2.8,2.2,2.8,4.9,7.1,2.2,0.6,5.3,5.7,7.1,2.0,0.9,-1.4,3.1,1.0,-1.4,-0.1,2.4,1.5,2.6,3.5,3.4,5.4,6.4,8.1,3.2,1.8,5.1,2.0,2.9,1.8,-2.8,2.6,1.8,5.6,7.4,4.6,5.5,6.4,5.8,3.9,4.4,6.2,4.1,3.7,3.2,7.8,2.2,2.0,8.2,11.3,6.4,11.2,6.0,4.0,5.0,7.4,5.5,7.4,8.6,8.9,6.0,6.2,5.4,4.4,2.1,2.4,0.2,1.8,2.6,3.3,4.2,2.0,2.4,3.8,1.6,1.7,-1.3,-0.2,-3.2,0.4,7.5,3.1,0.1,1.1,6.2,0.3,-2.5,-5.3,10.5,6.4,0.9,0.6,1.8,11.5,-1.4,-0.4,-0.6,2.3,-5.7,1.0,1.6,1.0,4.1,4.6,0.4,-1.1,4.9,-1.0,-2.5,1.1,0.6,1.8,2.7,0.7,0.2,9.4,-2.4,-6.7,-6.3,4.4,-5.8,1.4,-4.7
2C7L514qn1,0,48.102052,11.627246,4442244.08,2777834.16,541.2,586.9,243,7327,2.0,0.9,0.34,32.65,348.96,-0.529,-0.103,0.842,-0.4,0.1,-0.22,0.16,0.5,0.1,-0.3,-1.0,-0.4,0.9,-1.6,-1.7,-0.5,0.2,0.2,-0.3,-0.3,0.2,-0.2,1.0,-0.7,-0.7,0.7,0.5,-2.5,-0.9,2.4,1.2,0.8,-2.5,-0.1,-0.2,3.8,1.6,3.2,1.7,-4.6,-4.8,-7.3,-7.4,-5.2,0.4,0.1,1.1,-0.0,-0.5,1.9,-1.3,-1.4,-2.7,-0.5,-1.6,1.2,1.0,-0.5,-0.3,0.2,0.3,0.1,1.3,-0.5,-1.2,-0.2,-1.9,-0.6,-1.4,-0.8,-1.0,-1.0,-0.9,-1.7,-3.5,-2.6,-1.9,-6.1,-2.4,-3.4,-2.3,-1.9,-2.7,-3.3,-1.0,-1.9,0.7,0.1,2.1,-0.8,-0.0,-0.3,-2.2,-1.5,-3.2,0.9,-0.5,-2.1,-0.2,3.1,-1.9,-1.6,-0.1,-0.9,-6.4,-4.3,1.0,2.4,-1.5,3.4,-0.0,-4.8,-2.3,-1.3,0.7,2.9,0.1,0.1,-1.0,-2.5,-1.7,-2.2,-1.9,-3.4,-1.0,-0.3,-1.0,-3.0,-0.2,-1.4,-2.1,-1.0,-2.8,-2.1,-3.1,-4.5,-0.1,-3.6,-2.9,-1.8,-8.3,2.5,1.8,1.0,5.8,3.4,-1.3,-3.2,3.4,3.6,-0.3,-0.0,-3.5,-1.5,1.0,-0.4,-2.9,-0.1,-1.2,-0.8,-1.2,-2.2,-1.3,-2.0,-2.3,-2.5,-0.4,-0.7,0.9,0.1,0.6,-1.9,-1.0,-1.6,0.7,2.6,-2.6,-2.9,1.9,0.2,-0.5,-1.1,-3.2,-2.3,-2.7,0.0,0.1,-0.4,-2.7,-2.1,-2.3,-1.7,-2.5,-1.6,-1.4,-1.8,-3.2,-2.2,-0.7,-4.7,-2.9,-0.9,-2.4,-2.9,0.2,-4.6,-3.9,-3.2,-3.7,-5.1,-6.6,-6.3,-3.5,-2.5,-2.1,-0.3,-1.9,-2.1
2C7L514qn2,0,48.102062,11.627327,4442250.04,2777835.43,542.4,588.1,243,7328,3.6,0.78,0.46,32.65,348.96,-0.529,-0.103,0.842,0.0,0.2,-0.03,0.27,1.3,0.2,-0.3,-1.7,-2.8,2.1,-2.2,-1.6,-1.1,0.0,-0.6,-0.6,0.2,1.3,1.1,1.8,-1.3,-1.6,-0.2,2.8,2.2,0.6,-4.5,3.8,-0.5,-3.4,2.2,2.4,-6.6,0.6,3.8,2.3,-7.8,-10.7,-11.4,-9.9,-13.0,-16.9,-14.2,-10.5,-5.6,-3.0,-3.3,2.6,2.6,-2.7,-0.8,-3.0,1.3,1.0,-2.4,2.6,4.9,-0.4,-0.9,-3.1,-1.5,0.5,-0.1,-0.8,1.5,-3.2,0.6,-1.0,0.4,-2.1,0.6,-0.5,-1.1,1.6,-3.9,-0.0,-3.6,-0.8,-1.9,-3.3,-2.9,-2.6,-1.8,-2.3,-3.0,-1.8,-3.4,-0.0,-2.7,-2.1,-0.3,-4.9,-3.3,-8.6,-4.4,4.2,-19.0,-3.8,-1.3,-0.6,2.2,-4.1,-5.2,1.4,1.6,0.6,4.6,2.6,-4.3,-0.7,1.4,-3.9,1.0,3.2,0.4,-2.3,-0.3,-3.2,-0.7,-0.6,-2.7,-0.4,0.9,-0.1,-2.4,-0.3,-0.4,0.3,0.1,-1.2,-2.6,-3.7,-5.7,2.4,-0.4,-3.3,-18.7,-1.8,-3.9,-0.3,1.0,5.1,-9.0,-3.6,-4.7,-4.9,0.2,-1.3,-1.1,-1.7,-2.0,-2.4,-2.8,-0.8,-0.9,-3.6,-1.6,-1.9,-2.1,-0.6,-1.1,-1.1,-0.4,-1.4,-1.7,1.3,1.2,5.6,-9.9,1.4,0.2,-7.5,0.1,-1.6,-8.3,0.9,-5.2,0.5,-1.2,-1.1,-1.6,0.1,0.5,-0.2,0.4,-0.5,0.3,1.1,-0.9,-4.3,-4.1,-1.2,-5.9,1.0,1.2,0.3,-0.9,-3.2,-2.2,-3.5,-4.0,-3.8,-2.5,-1.9,1.4,0.2,-3.0,-4.8,0.2,-1.1,-1.8,-1.7,-1.7,-4.3,-3.3
2C7L514qnQ,0,48.102255,11.62883,4442361.58,2777859.35,546.5,592.2,243,7352,4.6,0.53,1.06,32.65,348.96,-0.53,-0.103,0.842,-0.9,0.2,0.38,0.35,2.7,0.3,-0.3,-3.9,-3.1,-3.2,-2.3,-2.0,-0.9,-2.6,-1.2,-0.3,5.8,0.1,0.4,-1.4,-0.7,-11.6,-9.0,-7.4,-8.6,-9.3,-8.3,1.3,-8.3,-0.0,-5.9,-6.6,-9.4,0.4,-1.5,2.7,-4.1,-5.6,-12.0,-12.3,-13.4,-10.3,-8.2,-11.1,-8.0,-3.2,-6.7,2.1,6.7,-1.9,-11.0,-6.3,-2.1,-16.5,-1.0,-3.8,-2.2,-2.5,0.2,0.1,0.2,-3.8,2.2,4.4,-0.8,-1.5,0.7,1.0,7.3,2.6,-2.7,0.4,-3.9,-1.5,-2.1,-2.6,-0.1,-0.7,-2.6,-0.1,-2.4,-15.4,-9.6,-10.6,-20.6,-10.3,-10.6,-8.5,-18.6,1.9,2.4,1.5,-9.3,-15.5,-8.6,-9.1,-9.4,-8.1,-4.4,-6.5,-4.1,-13.5,-0.1,-5.1,-8.1,-16.8,0.6,-0.6,-21.1,-9.0,-3.4,-6.8,-6.6,-7.3,-4.1,-11.4,-6.6,-11.8,-15.5,-3.7,-2.9,-4.0,-2.6,-2.3,-6.0,0.5,-4.3,-9.7,-3.2,-4.5,-4.4,-11.1,-6.8,-2.3,-12.0,-12.4,-15.0,-10.6,0.7,-5.7,-8.4,-8.9,-10.9,-9.4,-15.9,-7.4,4.4,-9.0,-0.5,-0.4,-2.8,0.3,-3.6,-6.3,-4.4,-9.3,-4.3,-1.6,-6.8,-15.4,-4.6,-15.9,-1.9,-4.0,-1.7,-5.9,-1.2,-9.4,-10.1,-8.4,-11.3,-9.6,-3.1,-2.5,-11.5,-1.1,-6.3,-10.5,-12.8,-7.7,-5.3,-4.8,-9.9,-3.9,-4.5,-3.1,-5.5,-6.3,-2.7,-3.9,-3.9,-5.8,-11.1,-7.8,-8.8,-15.9,-10.0,-10.4,-4.0,-12.2,-17.0,-11.4,-10.5,-11.5,-13.3,-8.0,-4.9,-3.0,-5.9,-3.3,-8.0,-9.0,-5.2,-5.7,-3.9
2C7L514qnx,0,48.102467,11.630483,4442484.17,2777885.67,536.8,582.5,243,7385,4.0,0.73,0.42,32.66,348.96,-0.53,-0.103,0.842,-1.5,0.2,-0.68,0.31,0.2,0.3,-0.3,-2.3,9.6,3.5,-1.4,1.3,-5.2,-0.7,1.6,2.6,-9.3,1.4,0.8,1.4,1.0,-1.5,3.3,1.0,4.6,1.5,3.0,0.0,3.9,2.5,4.7,2.5,5.1,4.5,-5.1,-5.1,7.2,-3.1,2.1,1.4,0.4,-1.5,1.9,2.1,2.2,5.3,3.0,1.6,0.6,1.2,3.3,0.7,4.8,2.0,-0.6,1.1,0.9,3.1,4.6,1.7,2.8,1.7,0.7,1.7,3.8,3.4,2.2,1.6,2.4,1.7,-0.4,3.4,-1.9,1.8,2.4,8.0,4.5,3.5,2.3,0.5,1.1,0.4,3.2,3.1,0.9,3.4,4.3,6.1,-1.9,3.5,1.2,1.4,1.8,2.1,2.4,3.7,3.9,2.9,-0.3,-2.2,2.7,2.0,3.7,1.4,5.0,2.9,1.4,0.7,2.9,1.5,3.3,0.9,2.7,4.0,2.6,2.2,1.2,5.0,2.4,2.3,5.1,4.1,2.5,-0.5,1.9,-2.1,-1.5,-2.2,3.6,0.3,1.4,2.2,2.7,-3.8,3.7,3.6,2.3,-0.3,1.5,1.2,-0.8,-1.3,-0.5,1.9,1.3,-1.0,10.8,-4.6,-17.4,-7.7,4.0,-0.5,3.0,-13.8,2.9,-11.8,3.5,0.0,3.8,-5.0,-3.8,-4.6,-3.8,-13.4,5.9,-17.3,3.2,0.3,5.2,-13.4,0.2,-17.6,0.4,9.2,5.4,1.3,-3.2,3.2,-4.9,-6.5,-6.0,-4.8,-2.1,-2.6,-2.0,-3.3,-3.1,-3.2,0.1,-4.7,-4.5,-6.2,1.7,-4.9,-2.3,-1.6,-3.7,-9.2,-4.2,-8.4,-5.9,-1.7,-4.0,-0.4,-2.8,-3.4,-4.8,-3.8,-17.6,0.6,1.4,0.5,-4.0,-5.1,-4.0
2C7L514qo6,0,48.102528,11.630955,4442519.24,2777893.19,535.8,581.5,243,7394,1.4,0.95,0.25,32.66,348.96,-0.53,-0.103,0.842,-0.5,0.1,-0.08,0.11,0.2,0.1,-0.3,0.3,-0.1,-0.1,0.2,0.3,-0.9,1.6,0.0,1.4,0.9,0.8,-0.4,0.5,-0.2,-0.6,-0.7,0.8,-1.7,-0.6,-2.3,-0.8,-0.2,0.3,0.9,1.3,3.3,0.6,0.8,2.6,-0.4,-0.2,-6.4,-1.7,-3.2,-1.8,-3.1,0.8,0.4,0.0,-0.8,-0.2,-0.4,0.9,-1.0,0.2,0.7,-1.0,-0.6,1.1,0.4,1.5,-0.5,-0.3,-0.1,0.6,-0.8,0.0,-1.3,0.6,-1.7,-0.5,-0.8,1.8,-1.8,0.1,-0.6,1.2,2.2,-2.8,-1.2,-1.8,-1.1,-1.9,-1.3,-2.0,-0.4,-1.4,0.0,-0.8,0.4,-1.2,0.8,-0.4,1.5,-0.2,-0.8,0.2,-1.0,-1.6,0.5,-1.9,-0.8,-3.0,-0.8,-2.5,0.4,-0.7,0.3,-0.5,0.0,-1.5,1.3,-0.3,1.4,0.6,0.6,-0.4,-0.0,-0.1,0.6,-1.2,-0.5,-2.7,-0.0,-0.3,-1.3,-1.0,-1.9,-1.1,-0.6,-2.0,1.5,0.2,-1.7,-0.8,-0.1,-0.5,0.8,-0.4,-0.9,-1.2,-1.3,0.5,1.0,-2.7,-1.8,-3.0,-4.6,1.1,1.1,-1.6,-1.2,-2.1,-1.8,-1.7,-2.1,4.6,-2.3,-2.9,-3.0,-1.8,-1.8,-1.7,-0.5,-0.0,-2.3,-2.0,-1.9,-0.3,-0.8,-1.0,0.4,-4.3,-3.6,-3.5,-2.4,-3.4,-4.4,-0.7,-0.4,0.5,-4.6,-2.2,-3.2,-2.8,-3.1,-3.5,-2.5,3.8,-2.9,-4.1,-3.4,-2.9,-1.7,-1.4,-1.5,-2.8,-0.5,-0.8,-4.4,-3.3,-0.5,-2.2,-5.2,-2.5,-3.4,-2.2,-3.1,-3.3,-2.0,-1.1,-2.5,-3.2,-2.4,-1.6,-2.1,-1.7,-0.4
2C7L514qov,0,48.102918,11.633989,4442744.32,2777941.46,541.5,587.2,243,7445,3.7,0.7,0.42,32.68,348.96,-0.53,-0.103,0.842,-0.1,0.2,-0.27,0.28,1.8,0.2,-0.3,-1.8,0.5,0.1,-2.0,-0.2,-0.2,2.4,1.0,1.1,-9.7,0.0,1.2,-1.3,3.1,-2.8,-3.5,-4.3,-1.3,-5.0,-6.6,-3.1,-7.4,2.3,0.6,1.4,1.8,-0.1,-2.8,2.2,-6.6,-0.6,-8.0,-6.1,-7.0,-5.5,-6.2,-2.4,-3.2,2.3,-3.6,3.6,2.9,-4.3,0.8,-2.6,0.8,-1.5,1.2,0.1,0.7,5.9,-0.8,3.2,2.4,2.0,1.1,1.3,1.1,-0.1,-0.2,1.2,1.8,1.2,0.4,3.9,-0.0,0.1,0.5,-1.9,-0.5,0.4,0.4,1.7,-1.2,-1.8,-0.4,-0.9,0.6,1.3,-6.0,-7.0,-6.3,-0.7,0.0,1.6,-4.9,-0.1,-2.5,1.2,-0.0,-2.5,-3.6,-3.3,-6.9,-3.1,-3.3,0.5,-3.8,-4.7,-3.9,-2.8,-5.3,-1.7,-2.2,-3.2,-2.6,8.1,0.3,-0.9,-2.8,-1.1,-0.7,-0.7,-0.7,-1.9,-2.3,-1.6,1.2,1.5,0.0,-1.8,1.9,-0.3,2.3,-3.2,-1.1,-0.2,1.0,-0.1,-1.9,-1.1,2.3,0.3,-5.8,-3.9,-3.6,3.9,2.0,1.8,0.2,-5.1,-1.8,-1.5,-0.1,2.5,1.1,3.0,8.2,-3.1,8.6,-2.4,-10.0,-10.8,5.7,11.0,-4.2,3.9,2.2,-0.5,-0.6,-6.4,-13.3,4.7,-2.1,3.7,0.3,2.0,-1.2,-1.5,-1.1,-1.8,-4.0,-4.5,0.4,-2.3,0.6,-4.5,2.9,-10.1,-0.3,0.9,2.0,-0.5,1.2,-1.2,-1.9,0.3,-9.9,-11.5,-9.0,-15.2,-9.2,-11.2,-6.7,10.5,1.3,-9.0,2.3,4.2,0.3,2.4,-0.3,0.6,1.9,0.8,0.6,0.7,2.5
2C7L514qpL,0,48.103083,11.635278,4442839.94,2777961.99,531.3,577.0,243,7471,3.0,0.79,0.4,32.68,348.96,-0.53,-0.103,0.842,-0.2,0.1,-0.03,0.23,0.9,0.2,-0.3,1.0,0.4,-0.2,-2.6,-0.0,2.6,2.2,-4.2,0.1,2.2,-0.6,1.7,-0.3,1.5,2.7,-2.1,-0.7,-1.1,-2.3,-4.3,-4.8,-1.8,1.7,-5.5,4.4,7.6,3.5,0.0,0.9,-2.0,3.9,-4.6,-2.7,-4.6,-5.5,-1.2,-4.8,3.2,-4.2,0.3,-5.1,1.1,-1.1,0.8,-1.8,3.9,2.4,-2.3,-0.6,2.3,0.6,-1.5,-2.7,-0.7,0.9,-1.2,-0.2,-2.0,0.6,-1.1,0.4,-0.7,3.8,-1.6,1.7,2.9,-2.0,2.4,-2.5,1.0,1.7,-2.0,0.3,-2.9,-3.5,-3.9,3.9,1.9,0.0,-5.0,-3.4,0.8,1.8,-2.2,-0.7,-5.6,2.0,-0.5,4.5,0.0,1.2,-5.6,-2.3,-0.0,-2.1,-5.5,5.3,1.2,3.9,-7.1,-5.6,-3.4,-2.8,1.1,0.8,-1.6,-0.6,-2.3,-0.6,-3.5,0.0,4.4,3.5,-4.5,0.5,-2.9,-1.9,2.4,-1.6,-1.7,3.8,3.7,0.6,-2.4,0.8,-0.8,2.3,-0.9,-2.3,-4.8,5.8,1.7,2.8,-2.6,-0.2,-3.6,-0.3,0.8,1.2,-0.4,1.5,-3.3,-6.0,-2.0,1.1,-1.9,3.5,-1.2,-1.3,0.6,-1.8,-1.0,7.6,1.4,-1.1,-2.2,-2.3,-3.0,-0.4,3.0,-1.7,-0.8,-2.5,-4.7,-5.8,-0.7,-1.0,1.0,-2.0,4.4,-1.2,-4.4,-4.5,-5.9,0.1,1.3,-0.3,0.4,-0.6,-1.2,-2.4,-1.7,1.6,-3.5,-6.9,-9.8,-3.0,0.7,-0.5,-2.0,-4.9,-2.5,-14.3,-1.3,-2.0,-3.3,-5.2,-4.3,2.9,-8.0,3.6,-0.6,6.0,5.2,0.2,-2.9,4.7,5.1
2C7L514qqI,0,48.103523,11.638706,4443094.25,2778016.54,535.4,581.1,243,7530,2.4,0.86,0.43,32.7,348.96,-0.53,-0.103,0.842,-0.1,0.1,-0.61,0.19,0.6,0.2,-0.3,3.7,0.9,1.4,3.9,1.9,4.0,1.8,-0.2,0.4,3.2,-0.1,2.2,-3.0,-0.1,-0.5,-2.0,-3.7,-1.2,-1.0,-4.1,-2.5,2.7,-0.9,5.8,-1.3,-1.3,-3.0,1.1,-3.7,-5.3,6.7,-7.4,-0.3,-11.3,-7.6,-4.1,-3.1,1.8,-1.8,-0.1,-0.3,2.5,-3.2,-5.3,-3.7,0.1,2.2,0.4,-0.1,0.4,2.2,-0.3,-0.3,-0.2,1.6,-0.1,0.5,1.3,1.5,0.6,2.5,0.9,3.8,-0.3,3.6,1.7,-0.2,3.1,-1.1,-1.6,1.8,0.7,0.9,1.0,-2.9,-0.9,0.3,7.1,-5.9,4.3,-1.4,6.0,2.3,1.8,0.9,1.9,2.8,2.3,1.1,2.0,1.8,-2.9,-0.8,0.0,0.2,1.3,0.9,6.3,5.3,3.6,3.3,1.7,2.6,1.9,3.5,0.2,0.6,1.1,-2.4,1.2,0.6,0.3,1.1,-0.2,0.4,-0.3,-0.5,1.3,-0.4,-2.3,1.4,-0.5,-0.9,-1.6,-0.7,-1.1,0.1,-2.0,-0.1,0.4,1.0,-0.3,2.5,2.1,-2.2,-2.7,0.0,-2.0,2.5,0.3,1.1,-1.3,0.0,-2.8,1.6,-1.7,4.5,0.2,2.4,0.9,-1.5,1.6,1.9,0.2,0.6,2.0,3.6,1.5,5.7,2.0,0.8,-1.8,1.2,-3.4,-1.3,1.5,0.0,-0.4,0.4,0.3,0.3,1.6,0.1,1.0,0.8,-1.2,-1.0,-0.5,0.7,1.3,-1.0,-0.4,-0.5,-2.2,-0.7,-1.2,-1.4,1.0,0.4,-3.6,3.2,-3.2,-1.1,-2.7,1.1,-1.9,-3.8,-5.1,-1.5,-1.8,-0.1,-0.2,-1.8,-3.9,-1.3,4.9,-2.8,-1.0
2C7L514qlf,0,48.101459,11.622491,4441891.26,2777760.54,543.0,588.7,243,7243,1.4,0.96,0.18,32.6,348.92,-0.529,-0.104,0.842,-0.5,0.1,-0.14,0.11,0.7,0.1,-0.3,-1.6,-0.7,-1.7,0.3,-1.3,-0.4,-1.9,-0.1,-0.0,0.8,-0.2,-0.2,0.1,-0.7,-0.5,-1.0,-2.0,-0.5,-2.1,-1.0,-1.3,-1.4,-0.9,-0.6,0.1,0.8,0.4,0.6,-1.4,-0.7,-15.6,-4.4,-4.3,-3.3,-4.4,1.1,-1.3,1.1,0.5,-0.8,-2.2,-1.9,-2.8,-0.9,-2.1,-1.6,-2.1,-0.7,-1.8,-0.5,0.4,-0.9,-0.4,-0.7,-0.8,-0.1,-1.1,0.7,-0.1,-0.4,-0.8,-0.3,0.1,-0.8,-3.9,-1.6,-1.0,-3.5,-2.1,-1.9,-1.0,-2.1,-1.2,-2.2,-0.4,-1.7,-2.0,-1.4,-1.1,-2.2,-2.3,-2.1,-1.4,-2.5,-3.5,-3.6,-2.4,-3.2,-1.1,-2.5,-3.2,-3.0,-3.7,-2.4,-4.3,-2.6,-1.6,-2.5,-2.1,-1.9,-1.9,-3.1,-0.8,-1.4,-1.3,-2.2,-2.2,-2.2,-1.8,-2.4,-2.3,-2.0,-0.2,-1.8,-0.9,-1.7,-2.7,-1.2,-2.2,-2.0,-1.4,-1.6,-1.0,-2.5,-1.8,-0.9,-3.2,-2.5,-1.7,-2.1,-3.9,-4.8,-2.2,-1.8,-3.3,-3.1,-2.9,-3.0,0.2,-0.7,-0.9,-1.5,-2.1,-1.9,-1.8,-1.4,0.1,-0.7,0.3,-1.5,-1.1,-1.9,-1.6,-2.4,-1.8,-2.2,-1.8,-1.9,-2.4,-1.8,-3.3,-3.8,-1.2,-3.2,-3.7,1.4,-2.2,-7.4,-1.0,-1.8,-3.0,-4.5,-4.0,-3.3,-2.2,-1.2,-2.2,-2.0,-2.4,-1.8,-2.9,-2.8,-3.6,-2.9,-2.5,-3.3,-3.4,-3.2,-3.4,-5.0,-5.1,-3.9,-5.9,-5.9,-3.0,-3.6,-3.9,-3.2,-4.2,-2.8,-4.2,-3.8,-4.0,-3.8,-3.2,-3.3,-3.4,-3.8
2C7L514qlg,0,48.10146,11.622499,4441891.81,2777760.66,540.6,586.3,243,7244,1.7,0.93,0.3,32.6,348.92,-0.529,-0.104,0.842,-0.3,0.1,0.49,0.13,0.6,0.1,-0.3,-0.9,-1.6,0.2,-0.7,-1.1,-1.6,-1.7,-0.8,-0.3,-0.1,2.0,0.3,0.5,-0.9,0.8,-0.5,-2.0,-1.8,-2.7,-0.6,-1.4,-2.2,-0.8,-1.8,-1.0,-2.1,-0.4,1.3,-1.8,-1.9,-16.8,-5.4,-5.5,-3.9,-5.5,4.1,-1.3,-0.7,-2.3,-2.6,-3.8,-1.7,-4.4,-2.9,-4.4,-3.5,-1.4,-1.6,-0.5,-1.7,-1.0,-2.4,-2.6,-1.9,-1.9,-4.0,-2.1,-2.2,0.0,-2.4,-4.0,-0.5,-2.1,-3.9,-3.2,-3.7,-3.2,-1.0,-2.9,-3.2,-3.3,-3.1,-1.0,-3.2,-2.4,-2.6,-2.7,-2.1,-2.9,-2.9,-2.8,-3.8,-2.8,-3.2,-4.1,-2.8,-5.1,-4.8,-3.4,-5.1,-5.6,-4.1,-4.4,-5.0,-6.2,-3.8,-3.7,-3.6,-4.3,-3.9,-3.7,-4.7,-3.0,-2.2,-3.0,-4.0,-3.9,-4.0,-3.1,-6.0,-4.7,-4.0,-3.6,-3.6,-3.1,-4.1,-4.2,-3.5,-3.1,-3.8,-0.9,-3.4,-3.8,-4.5,-4.8,-3.7,-5.3,-4.9,-3.9,-2.3,-4.1,-4.7,-1.8,-2.5,-3.2,-5.9,-3.7,-6.7,-2.8,-1.5,1.9,-2.1,-3.7,-3.1,-4.1,-2.6,-1.0,-2.2,-0.7,-1.3,-2.3,-2.9,-3.0,-3.7,-2.8,-3.3,-2.7,-2.2,-2.1,-1.7,-4.7,-3.7,-3.5,-3.6,-6.1,-1.3,-4.1,-9.1,-2.1,-2.7,-3.4,-4.2,-6.7,-3.8,-3.0,-3.5,-4.1,-3.0,-1.7,-1.5,-2.9,-3.2,-5.0,-4.1,-1.4,-2.8,-1.3,-2.8,-3.5,-2.5,-4.8,-3.9,-7.3,-7.3,-4.2,-4.0,-2.4,-1.5,-2.6,-2.0,-1.7,-3.4,-2.8,-2.3,-3.5,-4.9,-4.0,-4.6
2C7L514qlh,0,48.101471,11.622578,4441897.72,2777761.93,539.5,585.3,243,7245,3.7,0.76,0.42,32.6,348.92,-0.529,-0.104,0.842,-0.8,0.2,-0.51,0.28,1.5,0.2,-0.3,-0.8,-1.0,-6.3,0.4,-0.8,3.9,-1.0,-1.6,-0.3,-6.6,-0.1,1.0,-1.4,1.5,0.2,1.6,-3.4,-3.3,-3.1,-2.5,-0.2,-1.8,-2.4,-2.2,-5.7,-0.3,-1.8,1.6,0.5,-2.7,-16.6,-3.7,-2.6,-3.9,-3.9,-1.0,0.4,-2.7,-0.5,-0.7,-2.1,-1.2,-0.7,0.2,-8.1,-2.2,0.1,-3.5,-1.8,-0.7,-1.0,-1.0,0.4,-1.7,-3.4,-1.4,-1.1,1.8,-0.5,-1.4,3.5,2.7,1.6,2.5,5.5,2.9,1.1,-3.8,1.3,-0.3,5.6,-1.7,-1.6,-3.9,-0.8,-1.1,-3.4,-3.7,-2.9,-4.0,-6.7,-3.9,-2.6,-5.3,-4.2,-2.7,-20.2,-6.7,-7.3,4.6,-4.2,-2.9,-1.7,-2.4,-3.6,-5.0,-0.6,-3.3,-3.5,-2.2,-3.0,-0.9,0.8,-20.0,-11.1,-3.0,-3.4,-0.5,0.2,-1.0,-3.0,-0.1,-4.9,-0.4,-1.2,-0.6,-1.1,-5.2,-3.8,-7.0,1.4,-4.6,2.6,-6.9,-2.4,-1.5,3.3,-3.3,0.2,-3.3,-2.2,-2.3,-0.9,-1.9,-4.3,-5.9,-2.7,-10.3,-5.9,-0.8,3.2,-0.0,-3.2,-2.1,-4.5,-4.6,1.5,-2.2,0.5,-3.2,-1.3,-5.7,-0.6,-2.6,-3.5,-3.1,0.0,-2.4,-0.4,-2.2,-7.1,-7.1,-5.6,-5.5,-7.8,-1.4,1.3,-6.9,-0.5,-4.0,-1.0,-4.7,-13.0,-2.6,-3.2,-3.9,-13.8,-2.0,-7.3,2.6,-1.0,1.1,-1.8,-2.9,-1.1,-8.7,2.0,-1.4,3.4,-10.3,-4.6,-4.6,-8.0,-10.1,-6.9,-9.2,-7.3,2.9,-23.9,-11.1,-5.4,-10.4,-1.1,-5.4,-4.8,-8.9,-6.2,-6.8
2C7L514qli,0,48.101475,11.622613,4441900.26,2777762.48,538.4,584.1,243,7246,4.1,0.66,0.44,32.6,348.92,-0.529,-0.104,0.842,-0.6,0.2,-0.55,0.32,1.4,0.3,-0.3,1.7,-1.6,-3.2,-1.3,-1.8,-4.9,1.2,0.3,-0.1,-1.1,-1.7,-2.2,0.2,0.8,0.5,2.2,-2.8,-0.2,1.1,-1.2,0.5,0.4,-4.2,-0.5,6.0,1.5,-1.9,-2.9,-4.0,-1.8,-18.6,-4.4,-2.9,-3.3,-4.2,-5.4,-0.4,5.9,0.5,-3.0,-4.7,-13.7,-5.8,-5.1,-10.5,-7.2,-2.5,-3.8,-2.2,-18.9,-0.8,-4.4,-0.4,-8.4,-5.1,2.0,-4.1,-0.5,-5.0,-6.3,1.5,-0.1,-0.9,-4.5,2.8,3.7,-15.4,-0.4,-0.2,0.9,4.7,-8.9,-11.9,-8.6,1.1,1.9,-2.6,-1.6,-6.1,-15.0,0.9,-5.8,-4.8,-4.4,-5.0,-6.5,-1.8,-0.8,-3.7,-3.3,-4.7,-0.5,-2.4,-4.6,-6.4,-7.1,-2.3,-6.5,-2.7,-2.0,-0.9,-4.6,-4.4,-7.9,-2.6,-1.3,-3.5,-7.0,-2.1,-1.5,-5.8,-3.3,6.6,-1.6,-4.9,4.3,0.1,6.3,-10.3,-2.2,-4.8,-2.9,0.4,-1.1,-4.5,-5.0,4.5,-3.3,-4.5,-4.7,-10.9,-6.7,-3.1,-5.5,-8.9,-8.1,-4.9,-6.2,-6.5,-0.7,-0.3,-1.9,-2.4,-1.4,-2.0,1.1,-2.5,0.5,3.7,-11.8,-4.3,-2.2,0.3,1.3,-1.9,-3.5,-2.2,-0.9,-4.1,-1.7,-4.2,-4.7,5.3,-7.4,-0.1,-2.2,-0.3,-10.4,-8.0,-4.6,-7.5,-4.0,0.9,-4.2,-3.7,1.1,-0.9,1.4,-20.3,0.6,-1.6,-1.8,-0.4,-6.2,-0.6,-7.1,5.1,-1.5,-1.1,-8.9,-7.7,-5.0,-6.2,-10.0,-6.9,-10.3,-9.4,-8.0,-12.6,-14.4,-6.9,-10.7,-2.5,-9.4,-11.0,-4.9,-6.5,-6.7
2C7L514qmn,0,48.101959,11.62638,4442179.8,2777822.44,536.3,582.0,243,7313,2.5,0.85,0.37,32.64,348.96,-0.529,-0.103,0.842,-0.9,0.1,-0.26,0.19,1.3,0.2,-0.3,4.5,-5.6,-1.6,-0.8,0.1,3.2,0.5,2.2,-1.7,-0.5,-0.4,2.5,0.5,0.9,-1.2,-0.3,-1.4,-1.2,0.0,-0.8,-2.9,-2.9,-2.9,1.8,-0.5,-3.2,-3.3,2.3,-5.7,-2.4,-11.0,-6.2,-6.0,-2.4,-3.3,-2.5,-2.4,-2.4,-0.2,-0.7,-3.2,-3.2,0.4,-1.0,0.6,-3.4,-2.8,-1.6,-1.7,-0.7,0.2,1.6,-3.7,-0.2,-1.9,-1.7,0.4,1.1,1.6,-2.2,2.4,3.8,-5.8,9.9,12.0,-1.1,-0.2,-10.2,-1.6,-0.3,-2.9,-2.7,0.2,-0.6,-0.9,0.0,-4.4,0.5,0.3,-1.5,-1.6,-0.2,-1.9,-3.2,-3.3,-3.2,-1.9,-3.3,1.7,-1.6,-1.3,-1.8,-3.3,-0.8,-4.7,-2.8,-3.2,-0.4,-2.9,-1.1,-2.1,-2.6,-2.3,-4.3,-1.8,-2.4,-3.0,-0.4,-0.6,0.1,0.9,0.4,2.4,-0.9,-1.0,4.5,4.4,-0.8,-0.0,-0.3,-5.2,0.9,-8.5,-5.0,-3.5,-2.9,-4.7,-4.1,-3.1,-4.5,-5.9,-0.1,-1.3,-2.7,-2.3,-3.9,-1.5,-9.0,-0.6,1.6,2.7,1.7,-3.8,-3.6,-0.9,-3.5,0.7,-0.5,1.0,-3.7,-1.8,-3.0,-2.5,-6.1,-4.9,-2.9,-3.9,-4.4,-3.5,-7.1,-4.9,-3.9,-4.1,-7.3,-6.6,-3.0,-3.9,-8.4,-3.5,-4.0,-3.9,-4.2,-4.5,-4.5,-7.2,-2.7,-1.6,-2.6,-8.9,-1.6,-5.3,-4.3,-3.7,-4.1,-6.0,-4.9,-3.7,-0.9,-0.8,-7.5,-5.1,-4.8,-3.9,-4.2,-2.2,-7.0,-5.7,-4.0,-4.6,-6.5,-4.1,-4.9,-4.3,-5.3,-5.6,-2.7,-3.8,-5.0
2C7L514qoO,0,48.102682,11.632012,4442597.58,2777912.06,536.0,581.7,243,7412,1.9,0.9,0.32,32.67,348.96,-0.53,-0.103,0.842,-1.1,0.1,-0.08,0.15,1.1,0.1,-0.3,0.5,2.0,1.4,0.1,-0.3,-1.5,0.3,1.2,1.8,2.2,2.4,-0.3,1.1,0.2,-0.2,-1.5,-0.3,0.3,-0.6,-0.7,-0.4,-0.7,-1.8,-0.6,-0.8,0.1,0.9,-2.6,1.0,-4.5,-1.6,-8.5,-7.3,-6.7,-4.1,-5.2,2.7,0.6,2.0,1.0,-1.3,-1.6,-1.3,-0.0,0.4,-2.6,-3.0,-0.7,1.3,-0.7,-0.0,-0.6,-0.6,-0.3,-0.3,-0.2,0.6,0.9,0.3,-1.4,1.0,-1.3,-1.7,-0.9,-1.2,-0.1,-1.7,0.9,-0.8,-0.5,-0.7,0.2,-0.4,-0.4,0.7,-0.6,0.4,-3.8,-0.8,0.2,-1.4,0.3,-1.8,0.6,-0.4,-0.2,-2.0,-0.4,-1.4,1.0,-0.9,-4.3,-6.5,-4.6,-3.1,-4.1,-2.6,0.1,-0.9,-4.2,-2.1,0.5,-0.4,0.5,0.1,-0.5,0.5,0.9,1.5,-0.3,-1.4,0.2,0.1,0.6,0.0,0.2,-1.6,-3.5,-1.4,-2.7,0.7,-0.7,1.9,-1.8,-3.7,-3.1,1.3,-5.0,4.0,-4.6,-3.2,-2.3,-2.3,-4.2,-6.2,-3.8,-2.4,-8.5,-1.2,-0.8,-2.7,-2.9,-4.8,-3.0,-2.4,-4.1,-2.9,-3.1,-4.2,-3.4,-2.7,-2.0,-3.2,-4.0,-4.0,-2.7,-2.0,-1.2,-2.8,-1.3,-4.0,-6.1,-5.4,-8.9,-7.4,-2.1,-2.2,-5.7,-6.0,-7.7,-6.0,-7.3,-8.9,-5.4,-4.8,-2.8,-2.7,-2.8,-1.9,-3.8,-4.3,-4.0,-4.4,-0.3,-2.5,-8.7,-5.1,-3.0,-4.2,-7.3,-6.9,-5.1,-5.0,-4.2,-5.5,-4.3,-6.2,-7.1,-2.5,-1.9,-2.6,-4.8,-7.4,-5.0,1.4,-2.3,-5.8,-4.5
2C7L514qoj,0,48.102838,11.633224,4442687.48,2777931.34,538.0,583.7,243,7433,3.9,0.7,0.49,32.67,348.96,-0.53,-0.103,0.842,0.0,0.2,-0.5,0.3,0.3,0.3,-0.3,3.0,-0.2,0.3,-0.0,-3.7,1.4,-3.1,-2.6,0.2,3.0,-1.3,1.7,-0.7,2.5,0.9,-0.9,0.8,1.0,-2.0,1.2,1.0,-0.3,2.2,1.3,0.9,0.8,-1.0,1.1,-1.3,-2.0,2.6,-3.1,-3.0,-7.7,-7.3,-2.4,1.0,2.0,1.5,2.3,3.4,0.7,0.9,0.3,0.8,-1.4,0.3,-3.3,1.1,-0.2,-1.1,1.6,2.1,1.9,2.1,1.6,3.0,2.4,1.8,3.0,4.5,1.2,2.0,2.4,1.2,1.6,1.9,-1.3,3.0,1.7,0.8,0.3,1.2,1.7,0.6,2.2,5.0,2.6,4.5,0.0,1.1,-1.0,0.8,-1.3,-7.0,6.6,8.9,3.5,-2.8,-0.5,4.8,-4.4,-3.3,11.2,4.2,12.2,-3.4,2.0,8.7,3.0,0.0,0.1,1.8,9.1,4.0,-0.7,-2.1,2.9,-0.7,0.4,5.2,1.0,0.6,-0.3,-3.0,-5.9,-7.4,-12.1,-7.9,-4.2,0.3,-5.6,-1.3,-4.0,-0.6,-4.4,-1.0,0.7,1.6,0.4,2.9,1.1,10.1,2.8,0.6,1.9,-0.3,-1.4,3.6,5.3,-0.4,2.0,1.7,4.0,6.7,7.9,6.0,3.9,7.7,10.3,5.5,-7.0,8.4,12.5,12.6,-6.3,-3.3,-5.4,-5.3,3.7,1.3,-5.4,0.1,-3.6,-7.3,4.8,-1.9,-3.4,10.8,-0.8,4.8,-1.7,-7.6,-1.9,1.3,-0.1,-0.1,2.4,0.6,-1.0,0.9,1.5,1.5,8.4,9.4,-0.8,-1.3,-0.8,2.1,-6.8,-2.3,-0.5,-3.3,1.0,-1.0,-2.6,-2.5,-0.3,-1.0,1.7,-1.4,4.8,-0.6,0.6,2.7,0.3,2.1,0.0
2C7L514qou,0,48.102917,11.633841,4442733.29,2777941.17,537.3,583.0,243,7444,3.5,0.73,0.46,32.68,348.96,-0.53,-0.103,0.842,0.6,0.2,-0.39,0.27,1.0,0.2,-0.3,-1.4,0.3,-1.5,-1.6,-1.5,-1.2,-0.5,0.8,0.6,-0.6,-0.0,3.7,-1.8,-1.0,0.5,-1.6,-2.0,-0.9,-3.0,-4.0,-5.3,-3.5,-3.7,-0.8,-2.0,0.3,-0.7,0.6,-2.1,-3.5,1.3,-3.5,-6.2,-4.7,-7.4,-3.4,-2.5,-5.6,-2.0,-2.0,5.8,2.3,-1.5,-0.0,-2.7,0.3,-1.2,-2.4,-3.7,-1.5,-0.4,-1.1,-0.3,-0.9,-0.3,1.8,-1.0,-0.9,-0.8,-1.5,2.7,1.5,-1.4,-0.5,-0.1,-3.0,-2.2,0.8,-1.9,-1.2,-0.5,-1.0,-0.2,-0.9,-1.6,-0.5,-0.8,-0.4,-0.5,-2.7,1.3,-3.3,1.9,-1.1,-0.0,-4.0,0.9,-3.7,-1.4,-2.7,-4.0,7.4,7.9,-8.0,3.6,-2.1,-4.4,-3.5,-4.1,-4.6,-1.9,-0.5,-4.0,-3.0,-7.0,-6.2,-10.2,-4.2,-3.4,-5.7,-8.8,-5.8,-5.4,-5.9,-7.8,-10.3,-2.9,10.5,11.6,3.0,-0.2,1.3,-3.7,0.2,-2.6,-3.4,3.0,3.6,0.6,-4.0,-1.6,1.0,1.5,-0.2,2.2,-0.6,2.3,1.5,2.6,8.3,4.9,1.7,1.0,2.7,2.9,1.9,3.2,5.4,5.7,4.6,3.3,3.2,6.4,5.5,4.2,2.9,3.2,4.6,4.2,3.8,3.2,2.9,5.1,-0.1,2.0,1.2,1.9,-0.4,0.7,2.9,2.9,-0.3,-4.1,3.6,9.9,0.9,-3.0,0.7,-3.7,-0.7,2.2,0.4,0.5,-1.0,-1.1,-2.2,-2.2,-4.6,-6.4,-9.3,-7.8,-7.6,-6.1,-6.7,-6.2,1.4,9.1,1.2,3.7,0.7,0.7,2.8,1.1,3.2,2.6,4.8,1.5,3.1
2C7L514qpW,0,48.103189,11.635961,4442890.54,2777974.91,533.7,579.4,243,7482,2.0,0.9,0.38,32.69,348.96,-0.53,-0.103,0.842,-0.3,0.1,-0.38,0.15,0.6,0.1,-0.3,-0.3,0.7,-1.3,-2.3,0.5,-1.3,1.1,-2.0,3.6,1.5,1.5,0.7,-2.8,2.1,4.8,1.7,-0.7,2.5,-1.0,-4.1,-1.8,-3.0,1.3,3.8,4.6,0.9,0.2,2.6,2.3,1.4,4.3,-0.6,1.9,-0.9,-3.3,2.0,-1.2,9.0,-0.1,6.3,3.6,2.5,2.8,2.7,3.1,1.7,2.5,2.7,0.6,-0.3,1.1,0.9,2.7,-1.8,2.1,-0.2,0.6,2.0,1.4,-0.9,1.3,0.3,1.0,-1.5,-3.0,-0.2,-1.6,0.2,-1.5,4.8,0.1,3.5,1.4,0.6,3.0,0.9,5.1,0.8,-0.0,2.1,4.4,-0.7,-1.1,1.0,0.2,3.6,4.6,1.5,1.3,1.3,0.6,1.9,-0.3,-0.8,2.3,3.3,3.2,8.2,4.9,-1.3,0.5,0.3,2.6,2.3,2.7,0.7,0.5,2.0,1.0,3.0,2.8,1.1,-2.0,-0.4,2.3,0.8,0.2,-1.2,0.8,-0.5,2.4,1.5,1.6,3.0,0.3,2.6,0.7,-1.0,-1.3,-2.3,-0.8,-0.8,1.6,5.3,-1.1,-1.0,2.4,0.5,5.1,3.3,-1.5,-1.0,-0.7,-0.8,1.0,-1.5,2.1,1.3,0.9,0.8,4.6,1.3,1.8,-0.0,-0.3,2.0,-1.8,1.6,1.7,1.1,2.9,-2.5,-1.7,-2.4,-2.6,0.7,3.1,1.8,0.6,-0.2,2.5,0.4,-0.7,-0.9,-1.6,0.4,-1.2,-1.8,-5.7,-0.5,2.4,0.8,1.2,0.7,0.4,1.7,-0.8,1.4,0.7,-0.9,-1.5,2.4,0.4,0.7,1.8,1.6,0.2,0.7,0.6,-1.4,-2.4,-2.6,-3.2,-2.5,-1.8,-1.9,-0.9,0.6
2C7L514qpZ,0,48.103214,11.636154,4442904.84,2777977.97,537.2,582.9,243,7485,2.9,0.8,0.38,32.69,348.96,-0.53,-0.103,0.842,-1.1,0.1,0.21,0.23,1.3,0.2,-0.3,1.4,-3.7,-0.8,-2.8,3.1,1.7,-0.4,1.2,2.8,-0.8,0.1,-2.6,-3.9,-2.3,-2.3,-2.4,-2.9,-0.2,-3.3,-3.8,-6.6,-1.6,5.6,1.9,-3.8,-4.1,-4.7,0.6,-1.2,-2.2,-1.0,0.1,-0.2,-5.2,-4.5,-6.5,-1.0,0.3,-2.6,2.5,0.0,-0.8,-3.0,-2.9,2.9,0.5,11.7,-2.8,1.1,3.0,-1.7,-1.4,2.4,5.0,0.2,3.4,5.9,3.2,1.8,1.7,1.6,1.5,-5.1,-2.1,4.9,5.0,-0.3,1.3,-1.3,0.3,-0.5,-3.2,0.4,-1.1,-2.8,-1.5,1.3,-0.2,-2.7,-2.4,-3.1,-0.8,0.0,-3.2,-0.4,-0.2,-1.8,-1.4,-4.3,-4.6,-5.4,-5.1,-3.4,-9.6,-1.3,-3.2,-1.8,-0.9,-3.0,-4.7,-3.4,-4.9,-1.0,-0.9,-3.6,-2.2,-4.8,-0.8,-3.5,-0.9,1.5,1.0,1.4,-0.6,-1.2,4.5,0.7,3.5,-2.3,-1.6,-0.2,-1.8,-0.2,-1.5,-0.8,-0.4,-4.0,-1.5,-3.3,-3.7,-5.7,-2.2,-4.2,-3.2,-4.4,-6.1,-1.2,3.3,-2.1,-5.0,-7.9,-8.4,-6.2,-5.0,-5.2,-2.5,-5.1,-5.8,-5.1,-8.9,-6.3,-3.6,-5.7,-1.2,-6.4,-1.9,-2.4,-2.8,-7.8,-17.9,-5.2,-10.4,-6.1,-10.0,-4.3,-2.8,-2.6,-9.9,-5.0,2.3,-4.7,-1.9,-3.5,-3.7,-0.5,-5.0,-3.8,-1.6,-11.8,-2.3,-4.0,-4.4,-2.5,-5.3,-7.9,-4.8,-0.1,-5.9,3.8,-2.1,-4.3,-3.4,-7.9,-5.9,-1.1,-5.1,-7.1,-5.2,-5.1,-3.8,-1.8,-4.0,-4.3,-6.5,1.1,-6.2,-2.6,-5.1
2C7L514qlH,0,48.101294,11.621062,4441785.2,2777739.87,540.3,586.0,243,7219,2.8,0.82,0.44,32.59,348.92,-0.529,-0.104,0.843,-1.8,0.1,-0.05,0.21,1.4,0.2,-0.3,-1.2,1.0,0.0,0.0,-0.9,1.0,-1.6,1.0,-1.8,-2.6,-1.1,-0.5,-0.5,1.1,-2.4,3.6,-4.5,-4.5,-5.7,-1.1,3.5,-4.5,-2.1,-3.8,-0.0,-2.8,-1.9,0.7,0.8,-4.9,6.0,-8.5,-5.5,-7.6,-5.7,-8.9,-4.4,-1.8,-1.4,-3.2,-3.7,-0.6,-5.2,-5.8,-6.7,-4.6,-3.4,-2.9,-0.8,0.4,-3.1,0.4,-1.8,0.4,-1.8,-2.2,-3.4,-2.1,-3.6,-3.6,0.1,-0.2,1.2,-1.8,-0.9,-5.0,-0.8,-4.0,1.0,-1.8,-3.5,0.3,-4.3,-1.0,-2.5,-2.3,-1.4,-5.8,-2.7,-4.8,1.5,-2.6,-4.7,-6.6,-5.4,-12.9,-3.3,-5.9,-1.4,-7.2,-6.4,-7.7,-4.2,-7.0,-3.4,-7.6,-6.7,-13.1,-5.7,-5.0,-1.4,-4.7,-1.3,-3.7,-5.7,-2.7,-4.9,-4.3,-4.3,-4.3,-4.0,-5.3,-4.8,-6.5,-3.1,-3.2,-3.4,-4.5,-4.4,-3.6,-4.3,-3.4,-3.4,-3.8,-6.1,-11.8,-4.3,-1.5,-2.6,-2.3,-6.5,-8.2,-4.8,-6.1,-6.6,-7.6,-4.1,-8.5,-5.2,-7.6,-7.6,-7.6,-8.6,-7.5,-6.0,-7.6,-2.8,-5.5,-5.9,-5.7,-5.3,-6.2,-6.0,-7.4,-7.3,-5.2,-8.6,-8.6,-6.0,-13.0,-5.2,-11.1,-3.4,-7.3,-2.1,-3.2,-12.6,-22.4,-2.4,-3.7,-2.9,-8.5,-15.3,-16.7,-4.2,-4.2,-5.0,-8.0,-3.1,-2.1,-8.9,-10.1,-9.9,-10.3,-9.7,-7.2,-6.0,-6.8,-7.5,-13.6,-13.3,-11.1,-9.2,-15.2,-9.4,-11.0,-12.2,-10.1,-8.8,-11.8,-12.4,-11.5,-9.6,-8.2,-8.9,-7.5,-10.3,-9.0
2C7L514qlS,0,48.101383,11.621754,4441836.49,2777750.86,543.1,588.8,243,7230,3.3,0.75,0.4,32.59,348.92,-0.529,-0.104,0.843,-0.1,0.2,0.98,0.26,1.1,0.2,-0.3,-1.2,0.4,0.8,-2.4,-2.6,-0.7,-0.6,-1.4,2.6,-4.2,1.5,-0.2,-0.3,-1.0,0.7,-0.9,-7.6,-1.9,-0.3,-5.4,-1.4,-2.1,1.0,-1.4,0.3,-1.7,0.6,0.2,-2.7,-3.6,-15.2,-1.2,-6.2,-3.4,-2.8,-3.5,3.1,1.0,5.2,0.2,0.9,-0.2,-0.1,3.2,-2.1,-0.2,-2.8,-1.4,0.6,-4.6,0.1,-3.6,-1.7,-2.2,-3.7,0.3,-3.2,-3.6,-2.4,-3.6,-2.8,-2.7,-3.1,-4.3,-8.1,-0.8,-3.1,-5.7,-4.1,-3.9,-6.1,-2.7,-2.0,-4.4,-5.3,-4.6,-3.3,-4.5,-5.4,-8.3,-8.0,-5.2,-4.7,-7.2,-5.8,-6.4,-3.9,-8.4,-3.2,-11.3,-0.3,-1.8,-0.4,-8.2,-9.0,-3.3,-2.6,-3.0,-2.5,-2.7,-3.2,-2.9,-4.2,-3.3,-2.8,-3.2,-2.9,-2.9,-0.5,-1.3,-3.0,-2.7,-4.0,-2.3,-2.8,-0.9,-5.9,-5.1,-5.3,-6.1,-4.5,-3.6,-6.9,1.4,-8.4,-0.5,-2.9,-0.6,3.7,0.2,-2.4,-2.6,-1.9,-2.9,0.8,0.1,-1.9,-3.4,-0.7,-0.8,-4.3,-2.5,0.4,-5.3,-9.4,-7.8,-1.2,-6.8,-6.2,-6.4,-14.2,-8.7,-6.9,-10.4,-5.6,-4.3,-4.8,-5.1,-4.1,-12.4,0.9,-0.8,0.5,1.3,-3.1,11.7,-2.5,-0.6,-11.6,-1.6,0.4,-1.0,-3.3,-0.5,-2.6,-0.2,-2.5,-3.0,-3.1,4.1,0.1,2.1,0.3,-9.0,-10.3,3.8,-2.9,7.0,6.0,-2.8,-2.5,6.4,-1.1,-5.6,-5.2,-5.2,0.3,-2.3,-3.0,0.7,-2.4,-4.6,-5.1,-5.1,-3.7,-3.9,-3.6,-0.6
2C7L514qm9,0,48.10168,11.624064,4442007.91,2777787.65,536.3,582.0,243,7273,3.0,0.82,0.39,32.63,348.96,-0.529,-0.103,0.842,-0.9,0.1,0.45,0.23,0.6,0.2,-0.3,-1.2,-2.2,-0.8,-0.9,-0.3,-0.7,0.4,-1.7,-2.1,-4.2,-2.0,-0.5,0.5,1.0,1.6,1.1,1.7,-1.4,-0.2,-1.5,-1.5,0.5,-0.3,-1.2,2.8,0.6,1.2,-2.3,0.5,-1.8,9.8,-3.8,-2.6,-3.9,-6.2,-5.9,-2.2,-1.5,0.3,2.5,-0.2,1.8,3.9,5.4,0.9,3.8,-0.7,0.8,1.2,0.3,1.8,0.5,1.3,3.0,1.0,1.1,-0.6,-0.1,0.2,-1.5,1.8,-1.0,-1.9,-1.2,-6.0,-4.9,-5.4,-4.1,-1.2,-0.9,-0.6,-3.8,-6.9,-3.9,-0.1,1.7,1.6,1.7,-3.7,-3.0,2.3,2.0,-4.1,-1.3,-1.0,3.8,-0.9,1.8,0.8,3.7,0.6,-3.0,-6.8,0.1,-4.2,-1.9,-4.5,0.6,-4.9,-4.4,-6.0,1.3,1.3,-1.2,-0.8,-0.1,-1.7,-2.4,-15.0,-14.3,-17.0,-15.5,-0.5,-4.1,-1.4,-1.2,-3.8,-2.3,-2.8,-1.8,-2.7,-3.5,-3.4,-3.9,-2.9,-2.0,-5.2,-0.7,-3.5,-3.7,-3.4,-4.5,-8.7,-6.0,-5.3,-3.5,-5.1,-6.2,-1.1,-0.1,-10.8,-5.5,-3.5,-4.2,-3.6,-6.3,-3.1,-4.6,-1.7,-2.8,-4.1,-8.0,-1.8,-3.3,-2.5,-3.0,-1.4,0.9,-0.1,-1.7,-3.5,-0.8,-0.9,-3.0,-1.9,-0.6,-3.6,-5.1,-2.6,-4.0,-0.8,-5.4,-2.6,-1.1,-4.2,-2.3,-4.5,-4.0,-4.9,-2.8,-3.2,-2.7,-3.8,-3.1,-1.5,-5.8,-5.5,-1.4,-1.8,-4.4,-3.1,-2.0,-8.0,-6.8,-5.6,-6.5,-5.2,0.9,-8.1,-4.2,-6.5,-3.7,-9.2,-4.0,-5.9,-4.8,-4.7,-2.5
2C7L514qmb,0,48.101894,11.625726,4442131.22,2777814.09,539.2,584.9,243,7301,2.4,0.85,0.35,32.64,348.96,-0.529,-0.103,0.842,-0.4,0.1,-0.29,0.18,1.0,0.2,-0.3,0.7,1.9,-1.0,-1.3,-1.6,0.7,-1.3,-0.7,-2.5,2.6,-1.1,9.6,3.2,1.4,-0.4,-0.3,-1.1,-0.5,-1.5,1.3,1.8,0.8,1.3,2.4,3.8,4.0,3.5,6.0,4.6,-0.5,-6.6,-3.4,-2.9,0.3,0.3,0.5,0.5,0.6,1.9,3.4,1.1,-0.1,-1.2,0.1,0.5,0.2,0.5,4.4,0.3,0.7,1.3,-1.9,-2.0,0.7,-0.7,-0.8,4.5,-1.2,-0.5,2.4,3.3,6.3,-3.6,1.7,-5.2,-0.6,-0.2,-1.6,-0.5,-0.3,1.1,-0.7,-0.4,-1.7,0.0,-0.0,-0.6,-1.9,-1.2,0.4,-1.2,2.4,4.7,2.2,3.0,2.8,0.9,1.4,6.7,1.8,1.3,-1.8,5.7,4.0,4.3,6.5,3.8,4.1,2.6,1.5,3.8,0.7,2.5,2.1,-1.2,0.9,0.4,1.2,0.4,0.1,0.8,0.8,2.1,-0.2,0.3,-0.1,-3.2,-1.7,-2.3,-1.2,-0.4,-0.9,0.9,-1.2,-0.5,-0.9,3.6,0.6,1.9,-4.3,1.4,2.5,-0.1,0.7,-1.4,-3.5,0.2,-4.5,4.3,-0.2,3.6,4.8,2.0,-2.3,-0.7,2.2,-2.7,0.6,-0.2,-1.1,-0.4,1.7,-2.1,-0.2,-1.7,-5.2,-6.3,9.9,-0.3,-0.4,0.7,0.7,3.6,-0.4,2.5,4.7,2.7,-2.6,-0.2,2.1,2.2,-3.1,3.8,3.7,0.7,-3.0,-1.2,1.7,-2.4,-1.2,-1.1,-2.8,-2.5,-2.9,-3.8,-1.9,1.7,2.1,1.6,-1.1,-2.9,2.7,2.8,-0.0,-1.9,-2.2,0.1,-1.6,-1.9,-0.2,-3.8,-0.4,0.4,-1.6,-3.5,-0.9,-3.3,-1.8
2C7L514qnM,0,48.102241,11.628431,4442331.9,2777857.14,540.3,586.0,243,7348,2.3,0.88,0.38,32.65,348.96,-0.53,-0.103,0.842,-0.6,0.1,-0.3,0.18,0.5,0.2,-0.3,-1.9,-0.6,-2.2,-0.6,-1.6,-0.3,-0.6,-1.0,0.5,0.5,-1.3,-2.4,-1.1,-0.7,-1.3,1.4,2.6,2.5,-3.3,2.3,-3.4,-0.1,-1.9,0.5,4.6,2.1,-2.3,-4.8,-0.2,-1.4,-7.5,-4.2,-3.8,-0.6,-4.6,-1.9,0.5,-0.1,2.1,1.8,-2.2,-0.6,-1.1,0.1,-2.3,1.9,-2.7,0.3,-0.2,0.7,-0.2,0.5,-0.6,0.3,0.3,-1.0,1.2,0.2,0.6,-1.4,1.8,1.3,-2.5,0.3,-3.6,1.1,-0.6,-4.7,-2.5,-2.0,-0.7,-0.7,-1.9,-1.1,-0.4,-0.4,0.5,-0.5,-0.2,-0.9,-3.6,-2.8,-2.6,-4.9,-4.3,-1.7,-0.4,-1.9,-2.1,-4.1,-1.3,-4.3,-6.3,-3.1,-0.8,-5.1,-4.0,-1.6,-0.6,-1.9,-3.1,-1.1,-1.4,-3.2,-1.4,-0.0,-1.1,-1.7,0.8,-1.0,-0.2,-3.7,-1.2,-1.0,-1.3,-1.6,-0.5,-4.3,1.1,1.7,0.4,0.7,2.4,0.0,0.6,1.0,-1.4,0.2,-1.6,-2.5,0.5,-3.0,-2.5,-1.0,0.1,-2.1,0.9,-1.5,1.0,0.9,-2.9,-2.8,-3.8,-1.1,-0.2,-1.9,-13.0,0.3,1.2,1.1,-1.5,-0.8,-2.7,-3.3,-4.3,-1.6,-3.9,-1.6,-1.4,-2.5,-0.4,-1.7,1.6,-3.0,-2.9,-0.9,-2.0,-2.4,-3.3,-2.4,-3.4,-6.2,-4.4,-3.8,-0.9,-2.8,-4.2,-0.6,8.4,-0.7,-0.6,-1.7,-9.5,-3.0,-3.6,-2.4,-6.1,-0.7,-3.1,-8.2,-6.9,-3.1,-2.6,-7.7,6.3,-2.3,-1.7,-3.4,-2.4,-6.4,-4.6,-1.8,-2.7,-1.6,-5.0,-3.4,-8.1,-7.2
2C7L514qnO,0,48.10225,11.628504,4442337.29,2777858.29,539.2,584.9,243,7350,2.8,0.83,0.42,32.65,348.96,-0.53,-0.103,0.842,0.1,0.1,-0.07,0.21,1.1,0.2,-0.3,3.4,1.6,2.9,2.3,1.8,-0.3,0.3,2.2,2.0,-1.2,-0.4,1.3,-3.9,1.6,1.4,2.4,0.1,0.3,-1.8,1.4,-1.6,0.5,-1.3,1.1,0.3,4.5,-0.7,1.3,-3.8,-3.0,-12.5,-2.3,-2.0,-1.9,-5.3,-1.4,-0.9,-2.5,-0.5,0.2,-2.6,-0.1,-0.5,-0.6,-2.2,-1.4,-1.2,-1.8,-2.3,-0.7,-0.9,-1.4,-4.3,-2.6,-2.9,-2.9,1.3,-2.2,-4.7,-3.2,-1.1,-0.3,-2.7,-3.8,-11.6,13.6,-1.6,-7.2,-0.4,1.6,-1.7,3.2,-0.8,2.7,4.3,0.0,-0.2,-1.6,2.4,1.5,2.6,2.3,2.5,-2.5,-2.9,-0.3,1.9,1.4,1.4,1.3,-1.5,-1.6,-4.9,1.6,-1.4,-3.1,-3.4,0.9,-0.8,-2.5,-2.6,0.5,0.1,-2.4,-1.0,-3.5,1.3,-1.0,0.7,-0.4,2.1,3.0,3.0,0.2,3.5,1.4,-9.9,0.4,1.1,1.1,-0.5,1.6,0.4,1.6,0.7,1.6,2.3,-0.4,-0.5,-1.3,-1.3,3.7,-1.1,-0.2,-1.5,-3.4,0.1,-1.5,2.1,4.3,-5.1,-7.6,-3.6,-0.6,0.6,-0.2,-2.5,2.6,1.3,1.9,-2.0,-1.4,2.0,-0.5,-1.1,0.7,-2.8,0.0,2.1,-1.0,-0.5,0.2,0.0,-0.2,-2.3,-0.8,-5.1,-0.2,-0.9,-0.3,-0.0,-3.9,0.4,-1.1,8.4,-5.6,-4.8,-0.4,9.2,-2.3,-0.7,-4.2,1.6,3.2,1.7,1.6,0.6,3.6,1.6,-4.8,-3.5,-3.1,0.2,-3.0,-0.6,-1.2,-1.5,-3.3,-1.2,-4.6,-4.5,-1.1,1.4,1.7,2.0,0.6,-0.2,0.3
2C7L514qoH,0,48.102662,11.631706,4442574.81,2777909.24,541.4,587.1,243,7405,4.5,0.32,0.45,32.67,348.96,-0.53,-0.103,0.842,-0.3,0.2,0.74,0.34,6.6,0.3,-0.3,-2.7,-1.4,-1.8,-2.2,-1.7,-4.0,-1.2,-3.1,-0.9,-11.1,0.5,-2.2,5.5,3.0,-11.9,-10.0,-10.3,-10.1,-11.6,-12.1,-13.7,-9.8,-12.2,-9.4,-8.9,-8.4,-11.5,-20.6,-17.2,-10.9,-11.5,-13.8,-12.1,-11.6,-11.9,-12.0,-10.1,-9.3,-7.2,-9.9,-3.8,-13.0,-10.4,-9.2,-9.5,-15.2,-11.3,-9.1,5.9,4.1,2.4,0.1,1.8,3.0,1.4,5.7,1.8,2.7,0.8,0.4,0.4,1.2,-8.8,-2.1,-2.1,-5.5,-2.7,0.8,-6.1,-2.6,-2.6,0.9,-2.1,-0.9,-21.7,-17.3,-14.7,-15.1,-12.0,-9.3,-10.9,-11.1,-20.6,-17.3,-16.2,-11.2,-10.3,-10.1,-10.5,-10.3,-11.0,-20.5,-12.0,-13.0,-11.3,-13.1,-10.8,-8.3,-9.7,-11.3,0.6,-8.5,-8.7,-8.1,-9.7,-8.6,-9.5,-11.5,-9.6,-10.7,-9.6,-11.0,-8.7,1.9,0.2,-0.1,-1.5,-3.1,-1.6,-5.7,-1.0,-4.0,-3.3,-1.8,-16.1,-18.2,-2.6,-12.5,-10.2,-12.3,-11.9,-10.4,-11.4,-10.1,-13.2,-12.4,-11.0,-12.9,-7.7,-7.3,-5.4,-0.8,2.0,2.8,-3.3,-4.3,5.4,-5.8,-6.0,-6.6,-2.2,-7.2,-6.6,-4.6,-0.9,-0.9,-15.0,-15.6,-11.5,-13.7,-12.7,-12.3,-11.4,-12.0,-12.0,-15.3,-12.9,-13.2,-22.7,-10.4,-11.0,-14.2,2.9,-3.9,-2.9,-5.6,-5.8,-4.1,-0.6,-6.0,-5.4,-4.9,-5.6,-5.9,-5.7,-9.2,-9.5,-10.6,-12.2,-19.3,-30.1,-11.4,-11.8,-13.9,-13.0,-14.2,-14.0,-14.4,-20.7,2.7,6.2,-0.6,1.1,3.9,7.4,1.8,-3.3,2.8
2C7L514qoL,0,48.10269,11.631931,4442591.51,2777912.82,541.2,586.9,243,7409,2.4,0.88,0.32,32.67,348.96,-0.53,-0.103,0.842,-0.4,0.1,0.58,0.18,0.1,0.2,-0.3,-2.1,-0.7,-3.7,-3.7,-1.2,2.3,-1.8,-0.1,-0.6,14.3,-0.7,1.0,-3.7,-2.6,-2.9,1.9,0.7,6.9,-2.0,1.4,-5.0,-0.5,-0.6,1.2,-1.1,3.7,-2.5,0.7,-0.4,-1.8,0.6,-2.9,-4.5,-3.2,-6.9,-2.9,0.2,-0.1,-1.9,-0.1,-1.6,-0.4,0.3,1.5,-3.4,2.7,-1.4,-1.1,0.2,-0.6,-1.5,1.3,-2.9,-1.1,-0.5,-1.6,-0.2,-0.6,-0.4,-1.4,-1.3,0.3,-8.2,-3.5,2.2,-1.9,-1.5,-8.5,-4.0,-2.6,-2.7,-2.9,-0.8,-1.5,-1.3,-0.9,-1.2,-2.5,-0.0,-4.0,-3.3,-0.3,-3.1,-3.0,-2.2,-2.7,1.5,1.3,-0.7,-2.4,-3.2,-4.6,0.0,-7.1,-4.1,-5.7,-0.6,-2.7,-1.4,-6.2,-2.4,-1.3,-1.9,-3.0,-1.3,-3.0,-2.2,-1.7,-0.7,-4.5,-4.7,-4.9,-1.7,-1.4,-0.4,-1.3,-6.3,-1.3,-0.4,-0.6,-10.4,-1.4,-1.2,-1.9,-1.0,-0.4,-3.4,1.4,-0.4,-1.8,-4.3,-1.8,-0.8,-1.1,-2.6,-1.7,-1.4,-5.9,1.2,-0.3,-2.3,-3.0,-2.1,-2.8,-3.3,-4.8,-8.4,-1.0,-4.1,-1.2,-8.1,-4.7,-1.1,-3.2,-4.5,-1.3,-1.0,-1.2,-2.5,-3.1,-2.6,-2.9,-3.6,-5.7,-5.9,-1.1,-0.4,-5.8,-0.6,-4.2,-2.1,-4.9,-4.0,-3.7,-1.2,-4.9,-0.3,-2.3,5.0,-2.6,-3.5,-1.8,-3.2,-3.1,-4.7,-3.5,-2.5,-1.0,-2.6,-8.3,-3.4,0.1,-0.2,-3.6,-2.8,-2.4,-4.1,-1.4,-2.1,-0.3,-2.0,-2.0,-2.2,-2.1,-0.5,-1.8,-2.2,-3.5
2C7L514qoc,0,48.102812,11.632874,4442661.5,2777927.84,540.1,585.7,243,7426,4.0,0.69,0.45,32.67,348.96,-0.53,-0.103,0.842,-0.6,0.2,-0.72,0.3,1.2,0.3,-0.3,2.0,6.7,1.8,-1.8,2.9,-2.6,2.4,-1.2,-1.5,-1.0,4.8,-1.2,1.9,0.3,4.9,3.8,4.1,-1.9,-0.8,2.1,3.7,-4.8,2.9,3.9,7.0,5.6,7.9,2.7,4.3,-11.1,-0.7,-3.8,-3.1,-0.3,0.5,3.0,2.4,-0.1,2.5,-2.4,-1.8,5.5,1.5,4.2,-10.6,-2.1,-1.9,0.5,1.2,-2.4,2.9,0.2,1.1,0.4,1.2,-1.2,2.4,-0.5,-2.7,-0.3,-0.5,1.4,-10.1,-4.2,14.6,-4.1,-3.0,-4.6,-1.9,-0.6,-2.4,-3.1,0.2,-2.7,3.7,15.0,6.5,2.5,-0.1,5.0,-0.9,2.0,10.4,9.4,-0.4,-0.1,-1.5,4.6,0.5,6.7,-0.0,-4.2,-3.1,-0.9,1.9,0.5,-1.4,2.3,0.9,-1.9,3.8,2.2,1.4,3.6,3.4,2.1,2.5,4.0,1.4,0.3,-0.4,1.8,0.6,0.5,-1.9,-3.1,-1.7,1.6,-2.7,-5.4,-3.1,-0.2,2.4,1.4,4.1,5.3,5.5,3.9,1.8,-0.9,11.2,0.5,-2.5,-5.7,2.8,0.4,2.2,-3.9,2.3,3.6,-5.0,-1.2,-1.2,1.4,-0.6,-0.3,14.1,-8.1,-1.1,2.0,-2.4,2.9,3.3,1.6,-0.9,0.2,3.1,-0.9,1.6,-4.6,1.8,5.8,2.4,1.7,-1.0,-2.9,0.3,-12.1,0.3,4.2,-1.3,-2.9,-6.7,-1.7,-3.5,1.1,-2.6,-3.0,5.2,-2.6,-2.4,0.6,-2.9,-1.0,-2.3,-3.9,-5.0,9.1,-2.5,-7.7,2.0,8.5,-5.9,-4.2,-5.9,-4.2,6.9,-5.6,-5.7,-13.0,-2.5,-4.6,-3.6,-4.8,0.0,-3.5,-3.4,-1.3
2C7L514qoq,0,48.102921,11.633729,4442724.95,2777941.44,541.7,587.4,243,7440,4.0,0.67,0.46,32.68,348.96,-0.53,-0.103,0.842,-0.5,0.2,-0.63,0.3,1.1,0.3,-0.3,-1.9,-8.2,-5.4,-1.3,0.4,-2.7,-8.6,1.9,5.6,2.4,3.5,-0.5,-2.1,6.8,11.6,-1.5,-0.1,-0.8,-3.6,-6.1,0.8,10.3,-3.2,1.3,5.9,-1.9,-0.2,-1.1,-3.5,-4.7,-4.6,-8.8,1.8,-8.2,-4.7,-2.6,3.5,-0.9,-12.4,-1.8,-0.9,-2.2,-0.3,-1.9,0.7,-2.5,-3.0,-0.7,-0.8,0.9,-0.6,1.0,1.4,6.4,-1.0,2.1,-0.4,-0.2,-1.5,-2.7,-2.1,1.5,1.7,-1.3,3.0,-0.5,-2.6,0.5,2.5,3.3,0.4,3.3,1.2,2.6,-2.2,-2.6,-0.0,-0.9,-0.1,-0.5,-0.9,-3.8,-0.9,3.5,-4.2,-1.2,4.6,-0.3,-3.8,-1.6,-11.4,9.7,4.2,-10.1,1.1,-5.0,-9.3,-3.0,0.1,-6.0,-3.6,-1.2,1.7,0.2,-0.9,1.4,-1.5,-0.6,-3.5,-0.9,0.5,2.8,2.1,-1.6,-0.8,-4.2,-0.5,-3.5,-2.7,-0.8,-0.2,1.1,-1.7,-0.5,3.2,0.5,0.9,1.0,-7.1,-13.5,-4.2,-10.0,-11.7,-7.7,10.7,-2.3,6.4,-11.2,0.2,-5.9,-1.7,-1.5,-2.1,-0.7,0.0,1.1,-1.0,-0.6,0.5,-1.6,-0.3,-0.5,10.0,1.0,3.1,-0.5,1.4,-1.0,-1.7,0.4,-0.3,2.9,3.8,1.0,-1.7,-1.9,2.5,2.0,-1.7,0.5,-2.6,1.2,-7.8,-9.4,0.0,-1.8,0.7,0.2,-9.8,-1.7,-0.1,0.6,0.2,-1.2,-0.1,-8.7,-3.7,-3.9,-2.7,-8.5,-4.7,-8.8,-2.3,5.1,6.1,-8.5,-1.8,-7.4,-9.7,-5.0,-5.0,-5.9,-5.5,-5.5,-1.9,-7.3,-5.9,-1.6
2C7L514qpV,0,48.103215,11.636013,4442894.38,2777977.79,539.6,585.3,243,7481,2.9,0.81,0.42,32.69,348.96,-0.53,-0.103,0.842,-0.8,0.1,-0.04,0.22,1.1,0.2,-0.3,0.4,0.3,-1.4,-1.8,-2.9,-0.4,2.0,-0.9,1.3,-0.6,-0.3,1.7,-3.4,2.4,-1.8,-2.5,-2.2,-2.8,-2.3,-2.7,-1.1,-2.0,1.6,-0.9,2.5,-0.3,0.3,0.5,-2.4,-2.2,3.8,-4.3,-1.2,-6.0,-6.4,-4.9,-0.5,-8.5,-1.4,-0.1,1.7,0.8,-2.2,1.1,-0.3,1.5,-0.1,-1.0,-2.0,-0.8,-1.9,-1.3,0.3,0.2,1.3,-1.2,-0.8,0.6,1.0,2.0,0.8,-0.2,-4.0,0.5,-4.0,-0.4,-0.5,-0.9,-2.4,2.8,2.2,2.7,-1.3,1.2,1.5,2.8,-4.2,0.0,-2.3,0.9,0.2,0.5,0.5,-0.5,-2.6,-4.3,-2.8,0.4,-4.7,-3.4,-4.4,-8.8,-4.9,-6.4,-1.2,-2.2,-5.7,-8.0,-0.3,-1.7,-1.2,-4.7,-2.4,-1.2,-7.5,-1.5,-3.9,-3.2,-8.6,-2.8,-2.4,1.2,-0.0,-1.0,-16.8,-2.1,-1.3,-0.7,-2.9,-0.6,-9.8,-0.1,-1.8,2.9,6.8,-1.1,-2.9,-4.0,-4.8,-3.7,-2.1,-0.3,0.8,2.7,-5.4,-4.5,-5.0,-3.7,-3.3,-2.1,-2.5,-8.0,-4.0,-3.9,0.5,-6.8,-2.4,-1.0,3.0,-1.3,-12.6,5.8,-0.8,0.5,-4.0,-3.4,-2.3,-3.1,-2.7,-0.9,-5.6,-8.6,-6.2,-7.7,-4.2,-0.8,-4.5,-5.9,-2.1,-3.2,-1.8,-1.5,-5.0,-7.4,-2.3,-8.0,2.5,-2.4,4.7,-5.8,-3.5,-2.6,0.1,-3.7,-5.6,-9.4,-3.2,-6.2,-4.2,-4.4,-6.3,-7.5,-7.4,-3.9,-2.9,-2.9,-3.1,-10.8,-0.1,-5.1,-4.1,-6.4,-2.9,-4.2,-2.8,-3.7,-4.4,-7.9
2C7L514qld,0,48.101505,11.622559,4441896.21,2777765.72,552.3,598.0,243,7241,3.8,0.72,0.51,32.6,348.92,-0.529,-0.104,0.842,-1.3,0.2,-0.14,0.29,0.8,0.3,-0.3,-2.8,3.4,-0.1,-0.2,0.1,-1.3,1.5,-0.6,2.2,-6.4,1.7,-3.7,1.7,-0.1,-0.6,1.3,-1.7,0.7,-1.9,0.5,-1.5,-2.2,-0.3,-0.7,-3.2,0.8,-2.7,-6.0,-6.3,-2.5,-16.4,-7.0,-3.5,-4.1,-5.7,-1.2,1.6,-4.5,1.8,-5.4,-1.5,-2.5,-2.4,0.3,-0.7,-1.1,-5.4,-4.6,-3.2,-0.7,-0.3,-1.9,-4.1,-0.4,-1.9,-1.1,-3.4,-1.1,-2.6,-3.5,-3.5,-0.9,-4.4,-1.9,-5.9,-1.2,2.3,-5.9,2.3,-2.5,-1.9,-2.6,0.7,-2.4,-1.4,-4.8,0.1,-0.2,-0.3,-0.4,-5.5,-1.3,0.9,-1.0,-4.2,-6.4,-4.4,-5.2,-4.3,-1.1,-4.0,-2.4,-5.9,-1.1,-6.2,-3.4,-3.3,-4.7,-0.6,-1.4,-2.9,-8.4,-4.3,-1.6,-5.8,-14.1,-6.9,-2.9,0.5,-10.5,-6.7,-5.9,1.3,-10.9,-5.4,-1.4,1.2,-4.0,1.5,-4.4,-2.2,-9.5,-1.2,-1.9,-0.3,-11.8,-2.7,-3.0,-2.5,1.9,-6.7,-2.8,4.2,-1.2,-5.3,5.8,-2.4,-6.5,-3.4,-5.9,-15.8,-4.4,-4.2,-3.8,-1.3,-8.1,-4.3,-4.5,-6.2,-4.9,7.8,-7.1,-5.3,-9.5,-6.7,-8.2,-13.4,-10.3,-10.2,-12.7,-7.1,-5.4,-18.0,-4.2,0.5,6.7,-2.2,-4.0,-2.5,-5.1,-1.9,-1.4,-10.6,-3.0,0.5,-7.4,5.4,-4.5,2.1,-17.8,-4.4,-5.2,-8.4,-8.5,-6.4,-2.1,-13.3,-7.7,-6.3,-9.7,-19.0,-9.6,-10.3,-11.6,-10.2,-7.9,-8.8,-4.7,-8.6,-6.4,-5.0,-10.3,-4.9,-5.7,-6.7,-9.1,-7.8,-6.3
2C7L514qle,0,48.101486,11.622406,4441884.85,2777763.31,542.1,587.8,243,7242,3.2,0.79,0.41,32.6,348.92,-0.529,-0.104,0.842,-0.6,0.2,0.05,0.24,1.7,0.2,-0.3,-1.8,-1.6,-4.1,-1.1,-1.4,-0.2,0.1,0.6,0.4,-0.6,-3.6,-3.3,2.3,-1.6,-3.0,-0.3,-4.6,-2.3,-5.0,-2.3,-2.8,1.6,-1.5,0.2,0.3,2.7,1.7,1.5,-2.8,-2.2,-18.8,-10.0,-2.6,-2.2,-5.4,0.2,-0.1,-0.4,3.1,-2.0,-0.2,-3.4,-3.4,2.4,-4.7,0.2,-3.0,-2.1,-1.9,-0.1,1.0,0.2,1.1,0.3,-2.0,1.3,-2.4,0.8,-2.0,-0.7,-0.4,-1.1,-1.5,-0.4,-5.1,-1.7,-1.1,-3.7,-0.8,-2.0,-1.1,-3.1,0.5,-1.9,-0.3,-0.1,-0.9,-0.9,-1.1,-1.8,-0.9,-2.0,0.2,-2.9,-4.2,-8.1,-2.8,-3.9,-2.3,-1.6,-4.2,-1.5,-4.6,-4.3,-5.0,-4.0,-1.9,-2.7,-2.4,-2.4,-2.9,-6.4,-2.8,-1.0,-2.8,-4.6,-3.3,-5.4,-1.7,-5.7,-1.5,-2.3,-0.5,-3.1,-2.1,-2.3,-1.0,-0.8,-3.0,-1.2,0.7,-1.7,-0.8,-0.7,-0.9,-4.6,-2.8,-3.7,-4.3,-1.6,-3.4,-4.9,-5.6,-4.3,-6.9,-1.7,-5.9,-3.0,-3.2,-0.4,2.3,-5.8,-2.4,-1.7,-3.8,-2.6,0.6,-0.4,-0.1,2.0,-2.4,-1.2,0.8,-2.7,-0.7,-1.6,-4.7,-13.0,-7.7,-16.3,-0.2,-3.2,-17.2,-7.3,1.0,2.5,-2.5,-0.1,-0.4,-7.9,-7.8,-11.8,-3.3,-5.3,1.3,-0.3,-0.1,0.2,-1.7,1.7,-2.8,-1.1,-2.4,-1.1,-0.6,-1.4,0.2,-12.4,-5.0,-14.6,-14.1,-4.5,-11.1,-5.2,-5.7,-6.8,-4.8,-10.1,-5.7,6.5,-1.1,0.4,-0.2,-3.2,-0.3,-5.2,-1.6,-3.1
2C7L514qmV,0,48.101869,11.625388,4442106.05,2777810.76,537.8,583.5,243,7295,1.9,0.91,0.39,32.64,348.96,-0.529,-0.103,0.842,-0.4,0.1,-0.29,0.15,0.4,0.1,-0.3,0.4,-1.4,-0.2,-2.1,0.0,3.3,-0.1,-0.6,-0.2,2.5,-0.0,-0.7,1.4,-0.6,-0.7,-0.5,-1.6,-1.5,-1.3,-2.9,-0.5,-0.9,0.8,0.1,1.6,-1.3,0.2,-2.3,0.6,-2.4,-9.6,-5.2,-5.5,-1.4,-3.3,-2.4,0.6,1.3,0.8,-0.1,-0.5,-3.8,-3.3,-0.2,-1.4,-1.4,-4.3,-1.2,0.7,-1.4,2.5,1.0,0.4,-1.4,-0.3,1.3,-2.1,-1.9,-2.5,-2.7,-1.1,-0.8,0.8,-1.2,-1.3,-0.7,-1.8,-2.5,-2.9,-1.5,-2.3,0.2,-2.3,-0.6,-1.0,-3.5,-1.4,-2.0,-0.7,-1.7,-0.4,-1.3,-0.4,-0.9,-3.3,-1.9,-0.9,-3.4,-0.2,0.5,-1.1,-0.3,-3.2,1.4,-0.9,1.7,-0.6,-0.6,0.8,0.9,-1.0,-0.4,1.7,0.2,-0.9,-1.3,-0.2,-1.7,-0.6,-2.8,-2.0,-2.5,-0.6,-0.5,1.5,1.2,-2.0,-0.6,-1.1,-1.2,1.6,-0.1,-0.8,-1.0,-1.5,-1.0,0.7,-3.7,-3.3,-5.0,-1.3,-0.9,0.1,0.1,-3.1,-2.7,-1.3,-2.5,0.8,1.7,1.4,-1.8,-1.7,-1.8,-1.1,-1.1,-0.9,-2.1,-0.8,-1.4,-4.4,-3.6,-1.7,-1.1,-1.5,-2.4,-1.4,-3.5,1.0,0.4,-1.2,-2.2,-0.6,-3.2,-2.7,1.5,-0.7,-4.3,0.1,-2.7,-2.9,-1.8,-4.2,1.7,-2.3,-2.0,-0.5,-1.6,-1.1,0.8,0.4,-0.4,-0.4,-1.0,-0.7,-0.3,-4.3,0.2,-3.8,-3.7,-2.3,-6.3,-3.8,-7.1,0.0,-2.5,-2.5,-3.2,1.5,-1.6,7.0,-4.1,-1.6,-0.9,-8.7,-7.1,-8.0,-6.9
2C7L514qnP,0,48.102278,11.628574,4442342.44,2777861.46,539.8,585.5,243,7351,2.0,0.91,0.33,32.65,348.96,-0.53,-0.103,0.842,-0.5,0.1,-0.1,0.15,0.1,0.1,-0.3,0.2,-0.1,-2.6,-0.3,0.1,2.3,-1.2,1.7,-1.3,-3.2,-0.7,0.6,-0.4,1.1,-0.4,1.7,0.9,2.1,-0.8,3.3,-1.8,-0.4,-2.8,2.4,2.5,4.0,-0.3,-0.1,-2.5,-0.1,-4.1,-2.4,-1.6,-1.2,-2.7,1.7,-0.2,1.4,1.8,3.0,-1.1,-1.8,-1.0,1.7,-1.3,-1.9,-4.4,-1.3,-2.4,0.4,0.2,0.1,-2.6,-0.4,-2.3,-1.3,-0.1,-0.1,-1.0,-1.9,1.3,1.8,-3.7,0.9,-9.4,1.1,-2.1,1.4,-1.1,-0.3,-0.7,-1.3,-2.1,-0.7,1.3,-0.5,-1.8,-2.1,1.7,-0.7,0.2,-2.0,1.0,-1.4,-2.7,0.8,-0.3,-0.2,1.1,-1.3,-2.0,-6.8,-5.2,-1.4,1.2,-3.4,-3.1,0.5,-1.2,-2.0,-2.3,-1.0,0.3,-3.0,-0.8,2.2,-0.9,-1.8,-0.6,0.4,-0.6,-0.3,0.4,-2.4,0.6,-1.2,5.2,-0.8,0.1,1.2,-2.5,-0.0,-0.9,-2.5,0.4,2.1,-1.6,-2.0,-1.8,-2.5,-8.9,2.6,0.9,0.1,0.2,-2.1,1.6,-0.9,1.1,1.2,-3.0,-1.9,-2.8,-1.8,-0.2,-0.5,-3.0,-0.6,0.1,1.5,-0.7,-0.3,-2.7,-3.9,-2.4,-2.0,-3.2,-2.6,-1.1,-3.2,-2.2,-1.4,0.9,-2.7,-1.3,-0.4,-1.2,-1.6,-1.5,-0.7,-1.5,-1.8,-2.9,-2.4,-1.0,-2.9,0.2,-0.9,-14.1,-2.2,-2.1,-3.1,-2.6,-4.1,-1.0,-1.6,-2.5,-1.7,-1.0,-5.1,-3.0,-4.0,-1.5,-4.2,-2.1,-2.2,-0.9,-5.1,-3.2,-4.5,-2.5,-3.7,-2.6,-1.4,-1.4,-2.8,-2.1,0.3
2C7L514qnS,0,48.102307,11.628804,4442359.54,2777865.13,542.4,588.1,243,7354,2.5,0.87,0.36,32.65,348.96,-0.53,-0.103,0.842,-0.5,0.1,-0.16,0.19,0.7,0.2,-0.3,-1.3,-0.5,0.9,-0.1,-0.6,-0.8,0.6,-0.2,1.3,-1.3,0.9,0.7,2.5,1.0,0.3,0.2,0.4,-1.7,-2.1,-1.6,0.9,-2.2,1.9,-0.3,0.2,-0.1,2.1,3.2,3.7,-1.0,-10.4,-5.8,-3.5,-3.0,-4.9,-3.0,1.0,-0.2,-0.7,-1.7,1.1,3.1,-0.3,-1.2,-3.5,-0.6,5.7,0.4,-1.4,-0.0,-1.3,0.8,0.6,0.5,1.3,1.1,1.4,-0.2,0.4,-0.0,-0.9,-2.2,2.5,0.7,-4.6,-0.2,-2.4,-4.6,0.2,1.3,-1.2,1.8,0.6,-0.1,0.1,-1.1,-1.5,-0.0,-0.3,-3.7,0.9,-0.9,-0.6,-0.6,0.5,-2.1,-2.4,-2.5,-2.4,-1.6,-3.1,3.8,1.1,-0.1,-2.0,2.3,3.2,0.2,-0.8,-1.5,-0.3,0.5,-0.3,0.2,-1.7,-2.1,-0.5,0.6,-1.8,-0.6,-2.3,8.0,1.7,3.4,2.4,0.2,-1.9,-1.3,0.1,-0.2,1.6,-0.2,-4.9,1.1,-0.9,-1.5,1.5,-1.0,-1.6,-4.4,-3.9,-2.1,3.0,-1.6,-3.2,-5.0,-2.7,-4.1,-2.5,2.6,-2.1,-0.1,-1.3,-0.1,-0.3,-1.7,7.4,-2.7,-9.6,-0.8,-0.8,-0.5,0.1,0.4,-2.0,1.0,-1.3,-0.7,-0.5,0.6,-4.1,-4.5,-1.5,-4.1,-3.2,4.0,-1.1,-4.6,0.6,-2.9,-3.4,-4.4,-16.1,-2.0,-2.9,-0.9,-1.6,-2.0,3.9,-2.3,-0.7,-0.8,0.5,-1.2,-0.4,-0.6,3.9,-1.1,-4.0,-7.7,-2.5,-6.3,-3.4,-3.9,-4.0,-3.6,-2.5,-3.2,0.6,-1.3,-3.3,-2.5,-1.2,-1.2,1.7,-1.1,-3.9,-0.9
2C7L514qni,0,48.102408,11.629589,4442417.71,2777877.62,536.5,582.2,243,7370,3.0,0.79,0.43,32.66,348.96,-0.53,-0.103,0.842,-0.6,0.1,0.16,0.23,1.3,0.2,-0.3,3.9,-3.7,-6.2,4.2,-5.5,2.2,-3.2,0.9,2.3,1.7,2.3,1.3,-1.2,0.1,-1.7,-4.9,-1.6,-1.1,-2.1,-1.5,-1.0,-3.1,-0.2,0.4,1.9,-1.4,3.8,2.8,6.1,-1.8,-0.3,-8.4,-9.2,-4.5,-5.2,-5.2,-1.8,2.6,-0.3,1.7,0.2,5.0,1.6,1.2,1.3,2.4,-2.6,-0.9,-0.8,-1.0,0.8,1.6,2.1,4.9,-2.0,-1.3,0.8,5.2,-0.1,0.3,1.4,-15.4,3.2,5.1,4.6,3.1,-3.6,2.2,0.7,5.9,2.3,-1.6,4.3,0.3,-0.6,1.3,1.0,-2.3,1.2,-0.3,-1.5,-2.4,-3.1,-1.7,-0.7,-1.2,-2.7,-2.1,-1.3,-1.8,-3.0,-0.9,-2.2,-1.0,-1.6,-2.2,-2.2,-2.5,-3.9,-2.9,-1.2,-1.5,1.6,2.2,-0.3,1.5,1.6,1.1,0.0,0.1,0.6,2.7,-0.2,-0.1,0.2,5.6,-1.7,1.9,-0.4,0.4,1.4,-1.0,-4.6,-0.4,-1.3,-1.7,-3.2,0.5,-1.9,-5.8,-3.5,-4.0,1.5,-3.4,-4.7,-4.5,-2.5,-4.2,-2.9,-2.3,1.1,0.0,-2.7,-1.5,-0.7,-1.2,-3.4,-2.9,-2.6,-5.6,-2.8,-0.2,-12.3,0.7,-2.1,-2.6,-2.4,-3.2,-5.0,-2.8,-2.5,-3.4,-5.9,-4.4,-7.8,0.2,-3.9,-5.0,1.4,-8.9,-5.9,-1.7,-5.4,-1.0,-8.6,0.3,-0.9,2.6,2.8,8.2,1.0,-1.0,0.1,-4.7,-3.7,-4.9,-0.1,1.2,-3.9,-4.9,-6.0,-3.1,-1.9,-5.2,-3.0,-5.5,4.4,-3.9,-3.1,-3.4,-3.0,-5.9,-0.5,-2.8,3.3,-2.1,-1.5,6.3
2C7L514qoA,0,48.1026,11.631077,4442528.16,2777901.32,531.4,577.1,243,7398,3.9,0.66,0.43,32.66,348.96,-0.53,-0.103,0.842,-0.7,0.2,-1.15,0.3,1.8,0.3,-0.3,3.1,8.6,2.4,0.7,-0.3,-3.7,2.1,-0.1,1.5,4.3,2.1,4.4,-0.0,-3.6,-6.5,-5.9,-0.1,-5.7,-0.6,-5.2,-1.6,-2.1,1.0,-1.3,-0.8,5.6,0.3,0.2,-2.6,-5.1,6.5,-9.0,-8.4,-9.4,-0.2,-12.9,-3.4,9.8,-3.2,-0.6,-2.6,-7.7,-1.1,4.9,-3.3,-1.3,-0.8,-1.4,-10.2,0.3,-1.7,1.1,0.4,2.5,-0.6,-7.1,3.2,-9.9,11.8,3.0,-11.1,-2.2,2.9,-7.7,-2.6,6.2,10.1,3.9,0.9,0.3,3.8,2.7,5.3,3.6,-0.9,-2.3,1.0,-0.4,0.2,-0.8,1.5,2.0,-0.9,0.3,-0.4,-3.9,1.3,3.4,-1.2,-1.0,-2.3,-4.0,-4.0,-1.0,-0.5,-1.4,-1.7,-3.0,-1.1,-2.6,-3.9,3.1,-4.0,-0.6,-5.0,2.4,5.0,1.0,5.6,-2.5,12.6,9.7,2.3,-3.3,4.0,4.7,6.0,-2.2,2.1,-2.4,1.1,2.9,-0.2,1.0,1.4,0.9,-0.2,0.6,1.7,-2.4,-4.4,-1.1,-0.5,0.7,-7.5,-5.0,2.3,-4.5,0.2,1.7,-1.2,3.5,-4.8,6.6,1.0,0.2,2.1,1.0,5.0,-1.1,-0.3,3.4,-0.8,-0.6,0.8,-0.6,-2.9,-2.5,-2.3,-3.7,-5.1,2.2,2.6,-1.0,-3.3,-2.3,2.0,-9.2,-7.1,-2.3,-3.3,-4.6,-7.4,-1.9,-1.6,-7.8,-0.3,-3.5,1.4,-3.2,-4.3,-0.9,-5.2,-4.9,-3.5,-3.9,2.3,-7.5,-10.0,-7.7,-6.4,-7.2,-6.3,-8.6,-6.4,6.3,-1.7,-6.6,-3.7,-3.5,-16.1,-4.0,-1.9,-1.9,-1.9,0.7,-2.4,-6.7
2C7L514qoX,0,48.102799,11.63263,4442643.32,2777926.0,542.3,588.0,243,7421,2.7,0.84,0.4,32.67,348.96,-0.53,-0.103,0.842,-0.5,0.1,0.49,0.2,1.1,0.2,-0.3,-2.9,0.6,-2.0,-1.4,-0.5,-1.0,-1.8,0.2,-1.0,-3.9,-1.3,-0.3,-2.5,-1.9,-1.7,-1.4,-1.4,0.8,-5.0,-4.5,-2.0,-2.2,-2.0,-1.9,0.3,1.6,-1.5,-0.9,-0.9,1.6,0.7,-6.7,-4.5,-8.9,-8.0,-6.0,-0.9,2.2,-2.4,3.9,-1.2,-2.6,-4.3,-1.7,1.3,2.2,1.4,1.2,1.5,0.2,0.0,0.1,-1.5,-1.7,-1.6,-0.8,-1.2,-1.6,-1.2,-3.1,-2.4,-1.5,-4.2,-0.8,2.9,-1.7,-3.0,5.5,-3.1,-1.6,-2.3,-2.9,-0.8,-0.8,-1.6,-0.3,-1.7,-1.5,-1.2,-3.6,-3.8,-2.6,-2.2,-3.0,-3.7,-4.2,-0.4,-3.3,-4.2,-9.9,-12.3,-12.9,-13.9,-7.8,-5.0,-6.3,-6.9,-7.3,-3.4,-6.8,-2.8,-3.5,-1.9,-1.1,-1.5,-0.6,-3.7,-2.7,-3.2,-2.3,-2.1,-2.9,-0.6,-1.4,-1.0,-3.0,-2.7,-2.8,-1.5,-0.5,-9.7,-3.4,-2.7,-3.9,-4.4,-2.5,-3.1,-2.5,-4.1,-7.2,-3.0,-0.4,-1.7,-2.1,3.5,-4.3,-9.3,-5.7,-2.0,1.6,-1.8,-5.0,-4.0,-5.2,-2.1,-2.4,-4.4,-4.1,-0.4,-0.8,-6.4,-4.8,-2.5,-3.0,-0.3,-0.1,-1.4,-1.0,-1.8,-3.0,-13.5,-7.0,-1.7,-4.0,-2.3,-2.4,-2.7,-6.8,0.7,-3.8,-2.6,-4.0,-5.5,-3.8,-1.5,-6.6,-2.5,-4.3,-2.1,-0.4,-4.8,-4.1,-5.4,-6.9,-7.0,-1.5,-3.1,-3.1,-4.1,-7.0,-10.4,-2.1,-4.3,-2.3,-1.0,-3.1,-3.8,-4.6,-4.7,-3.0,-3.7,-1.8,-2.7,-3.3,-1.7,-3.0,1.4,-0.3
2C7L514qoY,0,48.102809,11.632713,4442649.47,2777927.32,543.5,589.2,243,7422,3.2,0.76,0.39,32.67,348.96,-0.53,-0.103,0.842,-0.8,0.2,0.4,0.24,2.3,0.2,-0.3,-4.3,0.1,-1.7,-2.2,0.4,-0.3,-0.6,-1.6,-2.0,-4.2,-2.8,-1.4,-2.6,-6.2,-2.0,-2.2,-1.5,-6.6,-7.9,-6.1,-1.4,-2.8,-1.7,-0.6,-1.7,1.6,-0.9,-0.4,-1.1,-2.8,0.4,-7.4,-15.0,-8.8,-6.6,-9.1,-4.7,-6.7,-6.7,-10.0,-2.2,-1.6,-7.1,-3.2,-1.2,-1.4,-1.2,-0.7,2.7,-3.7,-1.3,-5.4,-2.9,-5.4,-2.1,-4.0,1.6,-0.8,-0.5,-2.4,0.2,-2.3,10.9,-2.7,2.9,-1.3,-4.4,-15.7,-4.5,-5.1,-5.1,-5.0,-3.0,-2.3,-4.3,-3.2,-4.4,-3.9,-3.5,-5.7,-3.4,-5.0,-1.4,-3.4,-3.4,-7.5,-1.7,-6.0,-8.2,-9.7,-9.7,-12.5,-10.0,-8.6,-7.6,-10.7,-5.9,-6.6,-7.0,-10.6,-6.4,-5.4,-2.4,-1.3,-4.6,-0.5,-3.2,-2.0,-3.4,-6.2,-5.7,-4.1,-5.1,-2.7,-5.4,-3.8,-2.8,-5.0,-6.9,-5.7,-7.2,-4.4,-2.1,-6.4,-4.9,-4.1,-3.1,-5.9,-4.7,-9.6,-5.6,-8.4,-1.3,-8.0,-10.0,-9.4,-9.1,-8.6,-3.6,-1.8,-2.3,-5.1,-5.9,-5.8,-4.3,-4.3,-2.0,-5.6,-4.8,-5.2,-5.4,-5.3,-5.4,-6.9,-7.8,-2.4,-3.2,-3.8,-5.1,-3.7,-9.7,-12.5,-9.4,-15.6,-21.6,0.0,-6.6,-15.6,-3.0,-6.4,-2.0,-9.5,-1.7,-2.8,0.0,1.8,-4.2,-5.8,5.4,-3.5,-4.7,-5.4,-5.3,-6.0,-8.2,-6.7,-4.3,-8.3,-8.2,-10.0,-10.8,-7.9,-10.4,-9.4,-10.8,-7.0,-11.0,-8.1,-5.8,-7.8,-3.9,-4.1,-7.3,-7.2,-3.8,-5.2,-4.0,-3.2
2C7L514qoe,0,48.102884,11.633293,4442692.56,2777936.54,555.5,601.1,243,7428,3.9,0.68,0.48,32.67,348.96,-0.53,-0.103,0.842,-0.5,0.2,-0.03,0.3,0.4,0.3,-0.3,0.6,-2.4,1.7,-0.3,2.2,2.9,-0.2,2.6,2.6,5.9,3.7,3.2,6.4,2.0,-9.6,7.5,-11.2,-5.2,7.8,-3.7,-7.3,-1.4,3.0,-8.5,-5.7,-0.1,-5.8,-2.8,-5.2,0.9,-1.3,-5.8,-5.0,7.6,-3.5,-6.3,-0.6,1.8,-5.4,-0.7,-2.5,4.2,-2.9,-7.1,-4.2,-9.5,0.2,-0.3,-2.1,0.2,-2.2,-3.8,-4.6,0.2,0.6,-4.0,0.3,-2.6,-2.8,-0.1,-4.5,-2.0,-7.3,-1.8,-2.2,-3.4,-2.6,-5.3,-2.1,-3.3,-2.2,-1.8,-2.3,-1.1,-2.4,-0.5,-2.6,2.6,5.9,-11.9,2.8,4.7,1.6,-3.3,-0.1,-1.1,-2.9,-5.3,-5.5,0.1,-3.2,-1.1,-3.6,-4.4,-4.8,1.2,1.5,-0.6,1.1,-8.2,3.8,0.3,-1.0,-4.8,-1.3,-3.9,-0.5,3.1,1.8,-7.3,-2.1,-3.3,-13.6,4.5,3.4,-7.3,5.5,-6.2,-3.6,-4.0,-4.1,-1.7,-3.1,0.2,-5.3,-6.7,1.8,-0.7,-3.3,-3.6,1.8,-2.0,10.0,2.9,-3.3,0.4,-7.4,-4.8,-0.3,1.4,-3.3,4.4,-0.9,-3.3,-1.7,-2.2,-8.4,-1.8,-0.7,-2.0,-2.4,-3.2,0.9,-0.3,-0.7,-1.8,0.8,2.6,-12.7,-2.1,-1.3,-6.3,2.1,-9.3,-7.6,-0.4,-0.3,-10.7,-3.2,-1.3,-0.4,1.6,-7.2,-5.5,-3.1,-7.7,3.0,-5.5,7.4,-2.7,-4.0,-1.6,-3.7,-8.8,2.5,-6.9,-2.0,-9.9,-1.7,-5.6,1.2,0.3,-6.9,-2.3,-7.2,-7.9,-5.2,-5.4,-6.2,-6.4,-3.3,-2.4,0.3,-2.0,-1.4,-2.5,-5.1,-1.6
2C7L514qmK,0,48.101832,11.624961,4442074.37,2777806.02,548.4,594.1,243,7284,3.4,0.75,0.45,32.64,348.96,-0.529,-0.103,0.842,-1.7,0.2,-0.66,0.26,0.9,0.2,-0.3,-1.9,0.8,-1.1,0.7,-2.2,-3.7,1.9,-3.9,-4.7,-5.4,-2.6,-3.8,-0.8,-2.1,-1.6,-1.8,1.6,-3.5,-1.3,-1.4,1.5,2.3,4.9,6.4,7.6,4.8,6.9,6.5,1.4,-1.7,-7.4,0.6,5.0,4.0,1.9,2.6,6.3,5.3,6.2,6.9,3.8,3.5,6.6,4.2,4.4,0.4,2.3,2.9,1.3,1.1,0.3,-0.5,-2.4,-0.7,-0.5,-0.6,4.4,1.2,1.9,0.9,-5.8,1.5,2.7,0.9,0.2,-0.8,0.6,-0.1,0.3,0.2,2.9,-0.4,-0.1,0.8,-2.2,1.1,-0.5,1.2,1.7,0.5,0.6,2.9,0.8,3.5,1.1,3.0,1.8,-0.5,0.2,-0.7,0.8,0.7,2.1,2.2,-0.5,3.0,-0.2,2.0,-0.2,-0.6,-0.5,-3.0,-0.8,1.3,-8.8,3.1,0.3,0.8,0.5,2.1,1.0,1.3,4.4,2.2,3.0,3.0,1.6,1.7,2.0,2.1,-0.1,3.0,-12.6,1.8,-0.5,-0.6,-1.3,-2.1,-4.5,-5.9,-0.4,-4.9,-2.7,-4.7,-6.7,-4.4,-2.1,0.9,0.6,1.1,-1.3,-1.6,-2.5,-2.1,-2.6,-3.2,-0.7,-3.5,-3.6,-6.0,3.4,-2.8,-4.1,-3.7,-4.0,-5.7,-5.7,-6.6,-4.6,0.1,-5.1,-9.2,-3.4,-6.1,-2.2,1.1,-1.8,-6.1,1.5,-4.3,-4.2,-8.0,-6.4,5.2,0.6,-5.4,-4.2,-1.7,-6.7,-2.4,-1.6,-3.2,1.0,-5.0,-5.0,-8.2,-4.3,-4.0,-14.1,-6.2,-7.1,-4.1,5.9,-17.8,-6.3,-5.4,-4.7,-2.2,-17.7,-3.9,4.3,-8.0,-6.5,-4.8,-18.8,-4.3,-5.2,-3.7
2C7L514qml,0,48.102016,11.626394,4442180.63,2777828.82,543.2,588.9,243,7311,2.4,0.84,0.4,32.64,348.96,-0.529,-0.103,0.842,-0.4,0.1,-0.31,0.18,1.6,0.2,-0.3,-0.0,0.7,0.3,-2.0,-1.3,7.3,0.7,1.3,0.2,-7.3,-0.2,-4.8,2.2,-2.3,1.4,-0.1,-2.8,-2.9,-2.1,-1.0,-2.6,-2.2,-3.4,-1.5,-0.3,-1.7,-3.7,-6.1,-6.2,-3.0,-9.7,-5.7,-5.6,-2.7,-3.3,-2.2,0.5,-1.0,-0.2,1.2,-2.9,-3.1,-4.2,-2.6,-3.4,0.0,-1.8,-3.7,-3.4,-0.5,-0.7,-2.0,0.9,0.3,-0.3,1.5,-0.6,-2.0,-0.3,-1.6,-2.5,-3.0,-1.0,-0.2,-6.2,-1.0,-0.1,-3.8,0.9,-0.9,-3.3,-0.9,-2.4,-0.6,-0.3,-0.1,0.1,-1.5,-1.9,-3.2,-2.7,-3.5,-1.2,-4.8,-0.8,-5.2,-2.8,-4.4,-0.9,-2.1,-3.3,-5.6,-8.9,-0.1,-4.0,-3.3,-6.2,-3.0,-2.9,-2.6,-1.7,-3.7,-1.3,-3.7,-1.6,-1.6,-2.6,-2.6,-0.7,-1.1,-1.8,-3.3,-4.7,-2.4,-3.6,6.1,-9.0,1.1,4.6,2.2,-2.1,-1.1,-1.0,-1.8,-0.7,-0.8,4.0,-1.0,-2.6,-4.6,-3.1,-2.4,-5.4,-2.8,-2.0,-3.3,-2.1,-7.1,-1.0,-0.8,8.9,-3.0,-2.5,-1.8,-2.1,0.6,-5.8,3.0,1.7,0.3,-7.7,-2.0,2.0,-1.1,-2.0,-4.3,-1.9,-3.9,-2.9,-3.1,-3.7,-3.6,-3.1,-8.6,-4.4,-1.0,-1.2,-6.9,-5.0,-3.4,-3.7,-5.5,-4.9,-5.2,-5.0,-2.0,2.9,1.8,-7.2,3.3,0.2,-1.0,-0.6,-2.6,-0.9,-2.4,-2.5,-5.1,-4.9,-8.1,-5.3,-4.8,-2.9,-6.1,-5.8,-6.3,-4.6,-5.1,-7.4,-4.0,-6.7,-1.9,-2.3,-6.4,-4.8,-0.2,-2.5,-1.2
2C7L514qmm,0,48.102018,11.626405,4442181.48,2777829.01,541.0,586.7,243,7312,3.5,0.72,0.54,32.64,348.96,-0.529,-0.103,0.842,-0.5,0.2,-0.23,0.27,1.9,0.2,-0.3,-12.6,-1.7,0.8,0.1,-2.3,7.2,-0.8,-3.5,0.3,7.4,-1.6,-3.9,0.2,-3.1,0.0,-0.2,-2.2,-1.4,-0.7,0.4,-2.9,-2.7,-5.3,-1.0,-0.9,-1.3,-3.8,3.6,-13.5,-7.0,-11.3,-6.4,-4.3,-2.6,-2.0,-3.5,0.4,-3.1,-0.1,0.3,-1.4,1.8,-1.9,-2.8,-2.0,-0.1,2.1,1.8,-2.3,0.3,-0.1,-3.7,-0.6,0.9,0.7,1.5,5.2,0.2,2.1,0.5,-2.2,0.8,0.8,-1.8,-5.3,4.4,4.9,-10.8,0.5,-0.3,-0.5,-3.8,-2.0,-6.1,0.9,-0.7,-0.6,0.3,-2.5,-3.6,-2.2,-2.7,-0.5,-5.8,-3.8,-5.3,-2.5,-6.9,-1.0,-0.6,-5.4,-6.5,-12.6,0.1,-4.8,-6.7,-2.5,-3.7,-3.4,-3.0,-2.2,-5.4,-1.8,-4.4,-4.6,-3.4,-5.5,-2.4,-1.7,-2.7,0.1,-2.6,-7.0,-0.2,-2.1,-5.5,-5.7,-2.0,-0.4,-2.2,-0.0,-2.0,6.6,-1.5,-2.2,0.7,3.4,-1.6,-3.5,-5.4,-2.1,-0.3,-5.8,-3.7,-3.0,-4.1,-5.3,-7.9,-2.4,-3.2,9.2,4.7,-5.9,-1.8,1.6,0.7,6.3,0.2,2.0,-5.0,6.5,-8.5,2.0,-1.8,0.2,9.4,-10.7,-3.7,-4.5,-6.8,-6.5,-3.4,-4.7,-8.7,-6.6,-5.8,-5.6,-8.1,-2.3,-4.4,-4.9,-8.0,-9.3,-6.0,-2.6,0.8,-2.4,-0.6,-5.7,1.5,-0.9,-3.3,-2.9,-5.0,-2.2,-1.7,-2.0,4.0,-1.0,-7.7,-5.5,-5.4,-3.1,-6.7,-5.2,-5.7,-4.2,-7.8,-8.9,-5.3,-0.3,8.1,-2.4,-9.5,-4.2,-3.5,-8.6,0.4
2C7L514qnU,0,48.102333,11.628856,4442363.35,2777868.02,540.2,585.9,243,7356,2.7,0.7,0.45,32.65,348.96,-0.53,-0.103,0.842,-1.2,0.1,0.08,0.2,3.6,0.2,-0.3,1.6,-1.2,-0.9,-3.5,4.0,0.7,-0.3,1.1,0.7,0.6,0.4,1.3,-1.3,-1.1,-1.8,-9.4,-9.2,-9.4,-10.2,-10.6,-0.7,-9.8,-5.6,-8.1,-7.8,-7.2,-5.9,-1.0,-3.4,-9.8,-9.6,-13.0,-12.5,-11.1,-13.0,-9.0,-5.5,-8.1,-7.1,-7.9,-2.5,-2.1,-6.5,-7.4,-5.9,-2.1,-2.9,-2.3,-3.9,-1.9,-0.1,-0.3,-1.9,-1.9,-1.7,-2.8,-3.1,-3.5,-1.0,-1.9,-4.4,-2.5,-1.1,-3.4,-0.8,-0.3,-2.7,-4.3,-1.0,-3.3,-2.5,-3.7,-2.9,-1.4,-4.0,-7.1,-5.2,-2.1,-7.0,-9.0,-3.1,-10.5,-3.6,-2.1,-5.0,-10.3,-9.3,-10.4,-9.9,-9.9,-11.1,-4.6,-3.4,-8.7,-9.6,-6.8,-3.7,-8.1,-9.0,-6.7,-5.4,-8.0,-7.5,-5.3,-7.9,-8.3,-4.1,-2.4,-4.4,-7.3,-5.9,-6.6,-3.3,-3.5,-3.2,-3.7,-4.2,-4.7,-2.2,-2.7,-4.1,-3.2,-5.0,-4.1,-7.0,-7.2,-4.5,-6.5,-8.6,-10.8,-12.5,-10.2,-8.5,-11.1,-12.6,-13.3,-11.1,-12.7,-7.9,-3.6,-2.6,-5.3,-6.5,-5.7,-4.5,-2.9,-0.7,-4.2,-7.1,-5.5,-4.3,-3.6,-8.5,-6.1,-7.9,-3.4,-11.6,-3.7,-18.9,-4.8,-12.0,-13.1,-11.9,-12.2,-12.9,0.2,-9.3,-13.5,-6.4,-11.0,-11.3,-12.9,-8.8,-6.1,-3.5,-4.6,-4.5,-5.4,-1.3,-4.0,-7.7,-6.3,-6.2,-5.8,-3.8,-10.7,-4.8,-12.0,-12.0,-15.2,-14.5,-12.1,-11.6,-13.3,-11.9,-11.9,-11.9,-14.2,-4.2,-9.2,-6.5,-11.7,-8.3,-6.9,-6.5,-9.2,-4.1,-6.9
2C7L514qnV,0,48.102333,11.628861,4442363.72,2777868.11,537.7,583.4,243,7357,2.1,0.82,0.35,32.65,348.96,-0.53,-0.103,0.842,-1.1,0.1,0.05,0.16,2.6,0.1,-0.3,1.0,1.0,-0.4,2.0,0.4,-1.0,-0.1,0.3,0.9,0.8,-0.4,-0.5,-1.1,-2.3,-2.2,-4.9,-3.9,-5.3,-7.2,-4.5,-3.1,-4.6,-3.2,-5.9,-4.4,-4.3,-3.1,-3.1,-4.5,-8.5,-9.6,-10.5,-8.4,-8.5,-9.1,-7.2,-4.4,-4.6,-3.8,-4.9,-4.6,-4.1,-6.1,-5.8,-5.7,-2.9,-4.8,-3.1,-3.5,-1.4,-0.8,-0.8,-1.1,-1.9,-2.2,-2.4,-1.9,-1.0,-0.7,-1.0,-3.0,-2.5,1.5,-2.6,-2.9,-2.7,-3.3,-4.2,-1.2,-3.8,-2.8,-3.9,-3.5,-1.8,-2.4,-4.4,-2.9,-3.8,-2.5,-6.4,-2.7,-5.8,-1.9,-4.0,-3.9,-7.6,-9.4,-6.6,-6.2,-7.7,-4.3,-5.7,-6.1,-7.6,-7.6,-6.2,-4.9,-7.2,-4.6,-6.4,-7.5,-7.2,-6.9,-4.4,-6.9,-7.1,-4.3,-4.8,-5.5,-6.1,-6.1,-5.5,-5.3,-4.4,-4.8,-3.5,-4.4,-5.0,-2.9,-3.4,-5.2,-4.1,-3.1,-4.1,-5.3,-4.4,-5.0,-4.1,-3.8,-7.7,-6.8,-9.7,-7.1,-7.6,-10.2,-11.9,-9.4,-8.2,-6.0,-4.6,-4.9,-4.0,-7.4,-7.2,-5.2,-3.4,-1.3,-5.6,-3.4,-4.0,-6.4,-4.5,-2.1,-4.8,-5.6,-4.8,-3.5,-3.9,-3.2,-4.7,-11.4,-11.4,-6.0,-7.0,-8.1,-3.5,-8.2,-10.3,-11.3,-9.3,-6.7,-10.7,-12.5,-7.5,-3.8,-4.9,-4.6,-4.7,-1.0,-4.3,-3.5,-3.4,-5.0,-6.6,-4.9,-5.7,-6.1,-11.2,-12.1,-14.8,-14.4,-11.5,-10.8,-11.0,-10.2,-9.3,-10.9,-6.0,-6.2,-7.1,-4.6,-14.4,-16.8,0.3,-11.1,-5.2,-3.1,-6.2
2C7L514qoM,0,48.10272,11.631868,4442586.77,2777915.96,535.9,581.6,243,7410,2.5,0.89,0.27,32.67,348.96,-0.53,-0.103,0.842,-0.5,0.1,0.11,0.19,0.4,0.2,-0.3,-0.2,0.1,-1.1,-1.1,0.6,-1.8,1.0,0.1,-0.0,-2.6,1.3,-0.1,0.2,0.4,0.7,1.8,2.5,1.6,-0.9,-1.9,-2.4,-1.3,-0.8,0.9,0.7,2.7,-0.1,-0.5,0.7,-1.0,-0.8,-3.5,-2.2,-0.9,-3.3,-0.8,1.1,0.5,-0.0,0.2,1.4,-0.5,-0.1,1.3,-0.2,0.6,-0.9,-1.3,0.4,-0.1,2.1,1.1,0.1,0.6,0.8,-2.1,0.3,-0.2,0.7,-0.4,0.7,0.1,-7.1,7.9,11.6,-0.6,-0.5,-9.8,-2.3,-0.3,-1.0,-0.9,0.1,-0.4,0.9,1.5,0.4,-0.8,0.3,1.2,-1.6,0.5,-1.3,-2.1,-0.9,-0.1,-1.1,1.8,0.5,-0.1,-1.7,-1.7,-1.1,-1.8,-1.2,-2.4,-1.3,1.7,-1.1,-4.8,-2.7,-0.3,-2.6,-2.5,-0.8,-2.1,-1.1,-0.6,-0.8,-1.3,-2.4,0.5,-0.3,0.4,0.3,-1.6,12.4,-1.7,-1.1,-0.9,-14.3,0.6,-0.9,-1.3,1.0,1.5,-0.6,-0.2,1.6,-2.1,-3.8,-2.1,-0.4,-1.9,-0.9,-2.1,0.5,-6.1,-0.3,0.6,-2.9,-1.9,-1.7,-0.7,-1.4,-0.8,-7.0,-0.7,-0.9,-0.2,-12.7,-2.3,-2.2,-0.7,-0.9,-1.0,-0.2,-0.3,-1.2,-1.3,0.3,-1.3,-4.0,-4.3,-5.6,-1.4,-3.8,-2.5,0.2,-1.8,-0.6,-3.1,-2.3,-3.8,-2.5,-4.8,-1.5,-1.3,7.1,-1.4,-2.9,-1.3,-3.1,-1.2,-2.3,-0.8,-3.3,0.1,-0.8,-4.3,-4.3,-2.4,-0.8,-2.8,-3.1,-3.2,-3.1,-3.4,-2.5,-1.3,-2.0,-2.3,-2.3,-1.8,-0.8,-1.5,-0.6,-1.5
2C7L514qoN,0,48.102723,11.631893,4442588.66,2777916.36,534.4,580.1,243,7411,3.3,0.82,0.41,32.67,348.96,-0.53,-0.103,0.842,-0.4,0.2,-0.55,0.25,0.4,0.2,-0.3,-4.7,-0.9,-0.6,0.2,-1.5,7.4,2.5,-2.0,-1.9,-5.4,-2.3,5.0,-1.7,-1.7,-0.3,0.8,0.5,-1.8,-2.6,-2.1,-0.9,-3.0,-1.2,-0.5,-0.8,-0.9,-0.6,5.6,3.8,0.3,3.9,-4.9,-2.8,-0.5,1.6,-2.1,-0.3,-1.2,1.3,-0.8,1.5,1.6,0.3,-2.0,0.7,1.0,-2.0,-3.0,-1.9,-2.0,-0.8,-1.0,0.1,-2.1,-1.9,1.4,-1.2,-0.7,-0.9,-2.3,0.8,-1.0,16.6,2.8,5.6,-0.5,-0.5,14.0,-3.9,-2.3,-4.0,-3.1,-2.9,-3.4,-2.2,-1.6,-1.5,-1.6,-2.2,-0.5,-1.9,-1.3,-1.3,-1.1,1.2,2.5,-1.3,2.5,0.0,1.1,-2.5,2.6,1.1,-3.5,-0.7,-2.3,3.7,-1.6,-4.5,-2.6,-2.0,-1.2,7.3,15.8,-2.2,-4.8,-2.2,-1.3,-1.9,0.6,-0.2,0.9,-2.8,-1.9,-2.4,-2.1,5.6,-0.6,-1.2,-2.2,8.1,-2.5,-1.3,-0.6,-1.7,-0.0,-0.4,2.2,-0.5,-2.3,-1.2,-0.7,0.1,-2.7,1.6,-1.4,3.4,2.0,5.8,-1.2,1.9,-4.0,-2.4,-2.3,-3.2,-2.4,-8.0,-2.4,-2.4,-0.1,5.1,-3.9,0.1,-1.2,-2.5,0.1,-1.3,-1.7,-2.2,-3.2,-1.6,-0.9,2.4,-1.3,-1.1,0.9,0.3,-2.8,-0.5,3.9,-0.3,-2.1,-2.6,5.2,3.5,15.3,-4.5,-3.7,4.8,-3.5,-1.5,-3.0,-4.6,-3.3,-3.7,-1.4,0.3,-0.8,-2.2,-5.5,3.2,-5.3,-1.8,-4.6,-4.8,-3.1,-4.8,-5.2,-1.7,-4.5,-3.5,-4.6,-4.3,-5.1,-1.5,-3.6,-2.7,-1.1
2C7L514qoP,0,48.102742,11.632042,4442599.68,2777918.73,535.5,581.2,243,7413,3.7,0.71,0.43,32.67,348.96,-0.53,-0.103,0.842,-1.3,0.2,0.35,0.29,1.9,0.2,-0.3,0.5,1.4,1.9,-2.3,0.7,6.9,0.3,2.3,1.4,2.9,5.0,4.9,3.2,1.1,-2.8,-0.0,-1.1,0.3,-7.7,-0.8,0.0,-2.0,0.7,-0.2,-1.8,-1.1,0.2,-1.2,1.4,-4.4,-2.4,-9.3,-5.0,-6.4,-6.7,-3.0,-0.0,-1.4,-1.4,-2.6,-3.5,-3.9,-2.9,-3.6,-1.3,-3.8,-8.3,-0.6,-2.5,-2.0,-4.0,-2.9,-1.6,-1.6,-3.1,-5.9,-2.7,-2.2,-0.2,-5.1,-0.4,-0.3,-1.3,-0.6,-2.9,-3.2,-3.6,-0.9,-2.2,-1.6,-4.8,0.0,-4.1,-2.7,2.0,1.2,0.2,3.7,1.1,1.9,-1.3,-2.4,-2.0,1.3,-0.8,0.9,-2.9,-1.7,0.4,-0.8,-0.3,-6.2,-11.3,-8.6,-3.9,-6.8,-4.5,-1.9,-2.7,-1.7,-3.0,-0.2,2.8,-0.9,-1.0,-1.6,0.7,-1.6,1.6,-0.2,0.0,-1.2,-3.4,-2.3,-1.2,-2.5,-2.4,-3.8,-2.7,-2.1,-2.1,-1.4,0.0,-0.7,8.4,3.3,-1.0,-1.5,0.3,-2.0,-3.4,-3.4,-3.7,-16.2,-17.7,-6.7,-7.9,-8.2,-3.8,-3.8,-9.9,-2.3,-4.1,1.6,-4.4,-1.8,-3.1,1.2,-3.5,-6.1,-4.8,-3.9,-3.5,-5.5,-3.5,-3.3,-6.8,-4.1,-4.9,-3.9,-16.2,-13.0,-8.0,-13.3,-6.9,-2.9,-4.8,-8.7,-9.9,-11.4,-5.7,-14.2,-12.0,-5.6,-5.6,-4.9,-3.1,-3.4,-2.9,-4.5,-6.8,-5.1,-7.7,-5.5,0.6,-13.7,-7.0,-9.0,-5.5,-15.4,-11.5,-12.0,-11.3,-21.6,5.1,1.3,4.0,-2.2,3.1,-8.5,-8.3,-4.0,6.2,-2.2,-1.8,-4.5,-5.4,-4.9
2C7L514qop,0,48.102935,11.633548,4442711.39,2777942.68,538.6,584.3,243,7439,3.4,0.74,0.42,32.67,348.96,-0.53,-0.103,0.842,-0.1,0.2,-0.74,0.27,0.9,0.2,-0.3,-0.5,2.3,1.2,-3.7,-0.3,-3.0,-3.4,-3.8,-5.2,-4.6,-0.7,-1.0,-2.5,-1.8,-0.2,0.2,-2.7,-0.7,-1.1,-3.5,-0.3,-0.4,0.1,-2.2,3.5,6.1,2.1,2.4,2.3,-0.4,3.1,-1.6,-1.1,-6.0,-10.8,-2.9,4.3,-1.0,3.4,-2.0,1.0,-0.0,-1.6,-0.1,0.1,1.3,-0.6,-1.7,1.4,-1.3,2.1,2.2,2.4,2.1,3.0,0.2,1.2,2.5,-0.8,-2.4,-0.8,-3.4,-9.4,-4.6,-7.3,-2.1,-3.3,-3.2,-0.6,0.2,0.3,-0.6,0.2,-2.2,-1.7,1.3,-1.0,-1.0,-1.6,1.1,-3.8,-0.3,-0.3,5.2,2.9,-0.9,0.7,-0.6,0.5,0.6,-1.0,-9.4,-13.8,-3.9,-5.1,-6.7,-5.1,0.6,-1.0,-6.1,1.6,-1.6,-1.3,-0.3,-0.5,0.7,-2.2,0.3,-0.8,-1.0,-3.4,-1.2,-1.1,-0.6,-1.4,-3.4,0.2,0.6,-1.5,-1.7,2.1,-1.9,-6.0,-3.5,0.1,1.5,-4.8,-1.8,3.2,2.9,0.9,2.4,13.0,1.9,-1.3,-0.3,-1.6,0.9,1.2,1.2,3.9,-3.8,7.1,-0.7,-2.8,-2.5,9.6,-4.6,-1.7,10.5,0.3,-5.5,1.9,-1.1,3.7,3.2,0.9,1.6,2.8,4.5,2.3,-1.0,1.1,-0.0,2.0,5.4,6.1,2.2,3.3,4.8,4.8,-1.5,2.1,0.2,1.4,0.1,4.1,1.6,-6.1,1.5,-0.7,-5.9,-7.7,-6.2,-5.4,-4.1,-4.5,-1.4,-3.9,-7.4,-5.7,-6.0,-5.0,-2.7,-0.2,-4.9,-7.4,-6.2,0.7,7.4,2.4,-6.6,-3.8,-5.8,-1.9,-1.1,-4.0,-2.6
2C7L514qpU,0,48.103249,11.635993,4442892.77,2777981.58,543.1,588.8,243,7480,3.4,0.62,0.45,32.69,348.96,-0.53,-0.103,0.842,-0.1,0.2,-0.34,0.26,3.4,0.2,-0.3,1.7,2.0,2.5,2.7,2.3,-1.5,2.7,4.6,4.4,2.6,3.8,1.3,3.5,9.9,2.5,-0.1,-2.3,-2.1,9.0,8.9,8.0,7.0,8.4,10.4,15.7,11.6,10.5,2.4,6.0,2.5,6.8,5.0,7.4,2.9,-0.3,7.5,9.0,7.0,9.1,9.5,10.5,1.5,9.3,10.0,7.1,6.1,0.9,3.0,4.7,6.7,4.8,2.2,3.4,4.3,6.3,4.0,2.0,1.4,4.1,4.4,3.8,2.6,1.4,3.4,1.0,1.0,3.2,-0.1,6.5,3.7,-1.0,7.2,2.8,5.8,6.9,18.2,7.6,-0.3,11.6,12.8,14.2,8.0,11.4,11.0,8.0,10.0,9.0,10.4,8.3,11.3,11.9,1.5,3.2,6.1,9.4,8.2,4.0,10.3,12.7,12.0,11.2,12.8,8.7,8.8,13.8,7.8,6.7,6.2,2.4,4.1,4.9,4.9,5.0,4.5,3.9,0.9,4.3,1.4,1.8,1.8,1.5,3.3,1.4,3.5,14.2,10.4,1.9,6.7,4.5,11.0,8.6,10.1,-0.7,12.4,9.3,-1.2,7.4,13.5,9.0,8.1,-3.5,1.3,2.7,4.4,5.1,1.3,-0.3,1.9,1.9,2.7,-3.4,2.5,4.1,5.3,4.1,6.3,5.7,7.9,7.2,6.9,9.3,6.9,9.2,5.6,7.3,2.4,8.9,6.4,7.3,11.0,11.0,7.8,-3.6,-1.6,-1.4,-0.8,-2.3,1.5,-3.7,1.3,1.2,2.1,3.6,3.6,3.2,8.0,-1.0,11.7,10.8,8.2,6.5,6.1,6.5,8.7,11.6,10.2,8.4,11.1,11.9,11.6,-0.2,5.0,0.9,5.1,4.9,1.2,3.9,-0.7
2C7L514qqM,0,48.103633,11.638984,4443114.7,2778029.2,538.0,583.7,243,7534,3.3,0.76,0.44,32.7,348.96,-0.53,-0.103,0.842,0.2,0.2,-0.56,0.25,1.8,0.2,-0.3,-0.5,-1.0,-0.8,-1.3,-0.9,2.0,-1.9,0.6,1.8,-2.6,1.3,0.1,1.8,1.6,2.5,-1.7,-1.4,-0.7,-3.8,0.4,-1.0,-1.4,0.7,-1.6,2.3,0.8,-2.6,0.5,1.0,-0.4,1.9,-2.6,-2.1,-2.1,-6.8,-0.4,-3.2,-6.8,-1.1,0.9,-0.4,-2.2,-3.7,-1.6,-3.9,-2.7,1.7,-1.2,-0.5,-8.2,1.8,-1.9,5.7,0.9,-0.2,-2.2,1.7,-0.2,-0.1,0.0,-2.1,1.1,13.4,-3.8,-0.7,0.4,-0.6,-0.6,1.2,3.0,-0.4,-0.8,4.8,2.9,0.7,1.1,-1.6,-0.8,-1.3,1.6,-0.2,-1.0,-5.1,1.5,-4.5,-1.3,-3.3,-0.8,-2.7,-2.8,-1.4,-6.0,-0.6,-5.3,-5.2,-5.4,-2.0,-3.9,-5.7,-3.7,4.7,2.0,1.2,-0.5,-2.1,0.2,3.7,4.7,0.6,-2.3,-7.6,4.1,2.8,4.1,3.7,-1.4,1.1,2.1,-4.0,0.3,2.7,0.4,0.5,13.4,2.4,-0.8,-1.3,0.6,3.0,0.9,5.0,13.4,-1.8,-0.5,-7.6,-6.1,-11.2,-0.4,2.7,-0.6,2.6,-0.3,1.0,1.6,2.4,-0.5,2.4,2.1,10.9,-3.9,10.0,5.6,2.0,2.8,1.8,3.4,1.2,8.8,-1.7,-4.6,-3.2,-3.7,-3.2,-1.5,2.1,0.5,0.3,-1.9,-0.2,-3.2,-4.1,-2.9,-3.3,-3.5,-2.3,-1.7,2.5,-2.4,3.0,-1.1,0.6,-0.7,0.6,-0.7,2.0,-1.9,5.1,-3.8,1.0,-0.0,-0.4,-5.4,2.3,0.3,2.7,0.3,-4.5,-4.5,-1.0,-9.4,-2.8,3.6,0.3,8.6,5.1,-2.8,-5.3,-3.3
2C7L5157oP,0,48.101414,11.621564,4441822.27,2777754.02,546.6,592.3,244,7225,2.6,0.85,0.42,32.59,348.92,-0.529,-0.104,0.843,-0.2,0.1,0.38,0.2,0.3,0.2,-0.3,0.5,-0.9,-0.1,-0.6,-0.2,-1.5,0.2,-0.2,5.2,4.1,1.7,2.6,-2.5,-2.1,-3.2,-1.4,2.6,-0.4,1.4,-3.6,-1.5,-2.1,0.2,2.6,-0.3,0.5,1.0,10.6,0.5,1.6,-14.7,-3.7,-4.4,-6.2,-3.8,-2.0,-1.0,1.3,-1.3,-4.2,-1.5,-2.3,-5.3,-2.9,-3.2,-4.2,-5.4,-1.5,-3.2,-1.5,-2.2,-2.8,-0.8,-0.8,-0.1,-1.3,-1.6,-1.6,-1.6,-3.2,-2.8,-2.2,-3.4,-2.9,-4.6,-0.6,-2.1,-7.2,-3.0,-2.8,-2.6,-3.4,-1.1,-2.4,-6.0,-2.7,-2.8,-3.4,-3.9,-2.8,-3.9,-0.4,-2.2,-1.9,-2.9,0.1,-0.8,-2.1,-1.4,-1.8,-2.0,0.2,-0.0,-3.8,-2.3,-0.6,-2.3,-1.7,-4.1,-2.0,-4.5,-4.3,-3.4,1.3,-1.7,-2.3,-2.2,-0.7,-0.1,-1.7,-3.8,-3.1,-2.7,-2.9,-2.6,-3.2,-2.8,-5.7,-3.6,-5.2,-3.0,-4.2,-5.3,-1.5,-0.6,-0.9,0.9,-1.8,2.2,-5.8,-1.3,-3.4,0.3,1.0,-1.1,-0.9,1.7,-0.7,1.4,1.5,1.4,2.4,-0.0,-0.5,0.5,-1.2,-3.2,0.5,-0.3,-2.8,-1.9,-2.8,-0.9,-1.9,-0.7,-2.3,0.0,-0.5,0.8,-2.8,-8.7,-1.9,-3.7,-1.6,-3.1,-0.1,-3.8,-8.1,2.0,-1.2,-1.5,-4.1,-2.6,-0.2,-1.7,-2.0,-4.1,-4.7,0.8,-5.3,-6.1,-5.2,-1.0,-3.1,-7.5,-1.0,-0.1,-6.4,-1.7,-9.4,-6.5,-1.1,8.4,-2.6,-2.5,-2.9,2.8,-6.3,-3.4,-1.3,2.9,0.9,-0.7,0.2,-2.0,-2.3,-2.5,-1.3
2C7L5157oe,0,48.101533,11.622489,4441890.95,2777768.74,552.2,597.9,244,7240,3.7,0.75,0.47,32.6,348.92,-0.529,-0.104,0.842,-0.5,0.2,0.1,0.28,0.7,0.2,-0.3,-2.1,-6.3,-0.4,1.2,0.1,-0.1,-2.1,-1.1,3.0,-1.8,0.1,-1.1,-2.3,-3.1,-1.9,0.2,-1.7,-1.8,-2.1,-1.8,-2.5,-0.9,0.6,-1.8,-3.8,-1.1,-3.4,0.2,0.6,1.2,-14.9,-8.0,-5.1,-4.1,-7.2,-4.0,10.5,-3.9,-0.9,-3.4,-3.5,-0.8,-2.0,-2.3,1.2,-1.0,-6.8,-1.9,-5.9,-1.5,-1.3,-1.4,-3.8,-5.2,-6.4,2.4,0.1,-2.3,-6.3,-3.6,-1.6,-2.9,-9.2,-4.3,-4.7,-0.8,-2.4,-0.6,-4.5,-3.2,-2.3,-0.5,-2.1,-4.0,-4.2,-4.1,-3.3,-3.8,-2.1,-1.5,-6.6,-0.6,-2.6,-3.2,-6.9,-5.2,-0.3,-3.9,-0.5,0.2,-1.4,-13.8,-3.9,-0.2,-7.8,-1.2,-0.2,-5.3,-7.4,-1.1,-4.4,-3.5,-0.1,-5.3,-4.0,-11.4,-4.4,-2.3,-2.7,-4.6,-5.2,-5.7,-4.0,-6.3,-5.3,-0.6,-5.2,-6.3,1.8,-4.5,0.7,-4.4,-0.0,-3.2,-2.0,-2.5,-3.4,-3.5,-1.9,2.8,-7.9,-7.2,1.8,-6.2,-3.6,-7.3,-6.0,-4.6,1.6,-3.0,-2.0,-1.2,-1.1,-2.3,-3.2,-4.6,-4.0,12.2,-9.7,2.5,-7.7,-7.1,-5.2,-7.3,-7.5,-9.1,-10.3,-7.5,-5.5,-5.5,-7.6,-6.5,-2.9,-1.7,2.4,1.5,11.1,-8.1,-7.2,-1.0,-0.5,0.8,-6.0,-1.9,-5.2,9.4,7.6,-7.7,4.0,-4.4,-4.8,-6.5,-7.8,-5.8,-3.2,-0.5,-9.8,-1.7,-2.0,-7.6,-9.7,-8.1,-13.4,-10.0,-1.3,-3.0,-4.8,-3.4,-5.4,-4.7,-3.2,-6.3,-5.7,-7.9,-6.4,-5.5,-3.6,-3.2
2C7L5157os,0,48.101622,11.62318,4441942.19,2777779.74,545.5,591.2,244,7254,4.5,0.57,0.55,32.6,348.92,-0.529,-0.104,0.842,-1.3,0.2,-0.29,0.34,1.9,0.3,-0.3,5.1,4.4,6.2,4.2,4.5,6.1,7.2,5.5,3.2,0.1,4.5,-0.7,0.9,-3.6,-3.3,-7.8,-6.3,-8.3,-1.6,-6.6,-7.2,-8.2,-5.4,-10.7,-8.5,-10.9,-4.3,-2.7,-3.6,-8.8,-19.3,-10.8,-5.5,-7.6,-6.8,-10.2,-6.3,-9.6,-11.3,-9.4,-9.4,-9.3,3.4,0.9,-7.7,-4.8,-2.5,-2.2,-3.9,-3.2,-3.6,-6.6,6.4,-11.3,-6.2,-8.2,-5.8,-4.5,-1.6,-6.3,-6.1,-2.3,0.4,-2.6,0.2,-9.0,-6.4,-2.1,-5.4,-5.3,-6.4,-4.9,-7.6,-5.4,-15.1,1.0,-4.5,-0.8,-14.3,4.0,3.0,0.7,5.4,-6.2,-10.5,-7.1,2.1,-7.8,-5.0,-9.4,-6.6,-9.6,-7.0,-0.2,0.9,-0.3,-6.3,4.3,-5.2,-12.5,-10.8,-6.4,-12.1,1.4,-3.6,-4.0,-4.9,-0.7,-0.5,2.6,-1.6,-3.8,-1.4,-7.5,-7.1,-6.5,-3.7,-1.5,-4.3,1.5,-4.2,-4.9,-2.4,-1.1,-2.9,-1.1,-4.6,-3.5,-0.4,-2.7,-6.7,-8.3,-9.3,-6.7,-2.5,-7.9,-5.0,-7.7,-6.9,-8.1,-9.6,-5.4,-5.4,-7.5,-6.7,-8.5,-5.2,-4.2,-8.0,-7.9,-7.6,-9.0,-2.1,-6.4,-8.1,-3.4,-2.6,-6.4,1.7,-5.9,-11.7,-3.6,-8.3,-11.2,-6.4,-1.3,-11.2,-10.5,-4.9,-2.9,-7.3,-9.2,-9.8,-14.3,-10.3,-6.0,-0.7,-0.7,-3.8,-6.1,-5.4,-9.4,-10.2,-20.2,-17.2,-4.7,-11.6,-11.4,-12.7,-13.0,-13.4,-4.6,-6.2,-9.6,-9.9,-24.7,-12.6,-5.1,-3.5,-7.1,-5.7,-9.1,-2.3,-7.2,-9.4,-4.0,-19.1,-9.5
2C7L5157pL,0,48.101836,11.624847,4442065.87,2777806.27,545.9,591.6,244,7283,2.7,0.83,0.41,32.64,348.96,-0.529,-0.103,0.842,-1.3,0.1,0.2,0.21,1.2,0.2,-0.3,-2.5,-1.5,-0.5,-1.1,-1.9,-3.4,0.9,-1.1,-1.3,-2.8,-2.1,-3.2,1.5,-3.1,1.0,0.6,2.3,1.9,1.4,1.4,-0.6,1.6,3.3,3.4,5.7,5.1,6.2,4.5,4.0,1.8,-10.1,-1.2,-0.8,-0.7,-0.8,-0.7,5.8,3.4,4.1,4.2,1.5,0.0,0.6,1.2,1.4,0.3,-0.6,1.1,0.3,1.5,0.2,-0.7,-1.7,-2.1,-1.5,-0.6,-0.5,-0.3,-1.2,-3.3,-4.4,-5.7,3.3,-3.9,-3.3,-3.6,-2.3,-4.8,-3.3,-3.6,-1.8,-3.8,-4.7,-2.4,-1.7,-1.3,-2.6,-1.1,-1.2,-0.5,-1.2,-0.6,-3.1,1.4,-1.0,-2.0,-2.5,-1.4,-0.2,-2.0,-3.7,-0.3,-1.3,0.6,-5.2,-4.1,-3.1,0.8,-3.4,-0.6,-1.4,-1.7,-0.8,-1.3,-1.3,-0.1,-1.9,-2.8,-2.7,-1.8,-3.8,0.7,0.8,-0.7,-0.4,-0.4,-0.4,0.2,-1.7,-2.2,-0.5,-3.2,-2.3,-2.4,2.3,3.3,-0.8,-3.7,-4.8,-1.4,-2.2,-2.8,-3.6,-4.5,0.8,-5.5,0.3,-2.8,-0.5,2.6,-3.9,-3.1,-3.5,-5.1,-5.1,-3.5,-2.5,-4.9,-6.0,-8.4,-4.7,-9.4,-4.2,-8.1,-7.5,-7.9,-8.5,-8.5,-9.2,-0.4,4.7,-15.8,5.1,-2.6,-3.2,0.5,-0.5,-4.6,-2.3,-1.5,-1.8,-4.8,-3.9,-3.3,-6.2,-2.8,-4.2,-4.2,-6.1,-1.5,-0.3,-6.7,-3.3,-3.9,-3.9,-12.0,-6.7,-0.9,-4.5,-2.6,-6.2,-3.5,3.4,-4.6,-7.3,-8.1,-3.9,-6.6,-3.3,-2.2,-5.9,-7.7,-7.8,-4.0,-5.8,-7.2,-6.7,-4.5
2C7L5157pb,0,48.101924,11.625526,4442116.19,2777817.09,536.1,581.8,244,7299,2.8,0.82,0.39,32.64,348.96,-0.529,-0.103,0.842,-0.8,0.1,0.5,0.21,1.0,0.2,-0.3,-2.2,-2.8,-2.7,-2.8,-2.7,-2.8,-1.8,-2.4,-1.6,-3.4,-0.4,2.7,4.0,0.3,-0.4,1.7,-2.6,-3.2,-4.7,-6.6,-2.0,-1.1,-2.5,-2.1,1.6,0.8,-1.8,0.1,-1.4,-5.8,-14.4,-4.5,-5.2,-4.1,-4.2,-2.4,-1.6,1.0,2.4,0.9,-0.0,0.5,-3.3,0.7,-2.2,0.3,4.7,-0.6,0.8,0.8,2.7,-0.6,-0.6,-1.2,-2.9,-3.2,-2.9,-1.4,-0.5,-0.7,-4.3,-0.7,-4.6,0.0,-1.3,-1.3,-1.4,-6.0,-2.4,-3.0,-8.6,-6.5,-5.3,1.0,-5.1,-3.9,-1.5,-2.1,-2.9,-6.9,-1.9,-5.3,-1.1,-2.2,-1.8,-6.5,-4.9,-5.8,-3.8,-6.3,-7.7,-4.0,-5.0,-1.1,-4.3,-4.7,-5.0,-6.7,-6.3,-1.4,-1.2,-6.7,-6.4,-4.1,-7.4,-4.9,-3.0,-2.8,-7.4,-5.0,-9.4,-4.6,-4.0,-8.8,-2.0,-2.5,-7.3,-7.8,-3.7,-2.3,-5.3,-2.2,-4.0,-1.2,-2.4,-0.7,-1.4,-4.5,-3.6,-7.7,-3.4,-3.1,-5.7,-1.6,-4.6,-2.5,-4.0,-6.8,-3.0,1.6,-1.7,-3.0,-2.1,-1.7,-0.9,-1.8,-5.6,-4.0,-2.6,0.9,-5.4,-3.3,-3.5,-5.9,-7.6,-5.3,-12.3,-8.7,-7.8,-5.4,-6.1,-7.6,-3.8,-7.3,-7.9,-0.7,-5.4,-10.2,2.3,-5.6,-4.3,-5.5,-3.2,-4.9,-1.1,-9.4,-3.8,-3.8,2.7,-5.9,-2.6,-2.9,-7.1,-5.9,-2.8,-8.5,-5.7,-8.1,-7.2,-4.6,-5.3,-8.3,-11.0,-2.6,-1.0,-9.3,-11.2,-4.0,-0.4,1.9,-2.7,-3.8,-4.4,-1.5,-5.1,-3.8,-7.7,-6.6
2C7L5157pe,0,48.101947,11.625712,4442130.01,2777820.05,536.5,582.2,244,7302,1.8,0.92,0.32,32.64,348.96,-0.529,-0.103,0.842,-0.2,0.1,-0.35,0.14,0.2,0.1,-0.3,0.1,1.3,-0.1,1.5,-0.2,0.9,0.2,-0.9,-0.7,1.7,0.7,2.6,4.4,2.0,0.9,0.7,-1.1,-1.3,0.1,0.3,-0.9,1.0,1.8,0.7,1.4,1.3,2.7,1.7,0.7,-0.5,-9.9,-3.2,-4.5,-2.0,-1.7,-1.1,1.9,-0.0,2.0,2.0,0.9,0.4,-2.0,-0.6,-1.2,0.9,2.6,-0.4,1.6,1.2,1.5,0.7,-0.7,-0.1,0.6,1.1,2.2,0.1,1.7,0.2,2.1,-0.4,-1.8,-0.4,-2.2,0.3,-1.4,-0.4,-1.5,-1.3,1.5,-0.7,-0.2,0.2,-0.6,-0.6,1.1,2.8,-0.3,4.0,4.3,3.5,4.5,3.5,5.0,3.7,5.2,2.2,0.4,-0.7,0.1,1.3,-1.1,0.8,-0.2,1.0,0.7,1.3,1.2,2.1,0.8,-1.2,1.9,2.2,0.3,1.2,1.9,0.0,1.5,0.6,1.7,0.6,0.5,1.5,-0.2,-0.6,-2.3,-1.5,-0.6,-0.1,0.3,0.9,1.7,-0.5,1.3,0.5,-0.2,-0.5,0.7,-0.2,-1.3,2.5,1.6,-1.0,-0.8,-0.2,0.3,-1.6,2.2,3.1,2.4,2.0,2.7,0.1,-0.7,-0.4,-0.9,-3.4,-2.3,0.8,-0.8,-2.4,-0.7,-3.4,0.1,0.7,1.9,1.4,0.1,-0.8,-0.8,1.9,4.9,-2.4,-0.8,4.6,0.2,-3.3,1.8,2.3,0.6,0.1,2.3,2.4,-1.3,-0.2,1.2,0.3,-0.1,0.4,-0.1,-1.2,-1.4,-1.2,-1.8,-0.7,1.0,1.6,1.3,-5.0,-3.1,-1.5,0.8,-2.8,-0.9,-2.2,-0.7,-1.4,-1.2,-1.7,-0.6,-0.5,-0.2,-1.8,0.6,-1.2,-1.7,0.1
2C7L5157pz,0,48.102135,11.627175,4442238.59,2777843.32,548.3,594.0,244,7323,4.0,0.65,0.47,32.65,348.96,-0.529,-0.103,0.842,-0.1,0.2,0.05,0.31,1.6,0.3,-0.3,0.3,-5.5,-4.1,0.5,0.8,2.3,3.1,-4.6,-5.9,2.4,12.7,-7.9,-0.5,1.7,-3.3,-2.5,-2.1,-2.7,-4.6,-2.6,-3.1,-3.7,-2.6,-9.3,-2.7,-2.3,-0.7,1.6,-7.1,-5.4,-10.2,-6.1,-6.1,-3.8,0.8,-0.5,0.2,-2.0,-8.7,-0.7,0.4,-7.7,1.5,2.3,1.1,0.3,-2.5,5.9,7.3,-5.6,-6.3,-4.5,0.3,1.0,0.2,0.6,-1.2,2.0,0.4,1.2,2.2,-0.9,1.5,4.6,8.7,2.7,3.8,4.1,2.1,-0.7,4.5,1.7,2.5,2.6,3.8,-3.2,-2.8,-0.1,0.1,-2.3,-4.0,0.3,-0.3,-2.6,-4.8,-2.3,-1.7,-4.5,-2.2,-1.9,-2.7,-9.9,-5.0,-2.3,-5.5,-3.8,-5.2,-1.1,-5.1,-0.2,-6.6,-4.3,3.2,1.9,-6.4,10.7,-14.7,-6.6,-3.2,-4.8,-3.4,-4.7,-0.2,-1.8,6.1,-4.6,-11.8,3.5,-3.2,-0.2,-8.3,5.7,-3.8,-3.9,-6.2,-2.1,-2.4,-0.1,-4.4,-7.1,-2.8,0.9,-7.7,1.7,-4.1,-4.3,0.6,-6.7,-0.0,1.0,1.0,-1.3,-8.5,1.7,-0.2,2.7,4.4,-2.4,-0.5,4.4,-1.3,-0.3,-11.6,-0.1,-9.2,-5.4,6.9,-1.9,0.6,-0.2,-3.3,-4.3,-0.2,-10.8,-5.5,-3.1,-6.7,0.4,-0.5,2.9,0.5,0.4,-5.0,-3.4,6.1,-1.5,-6.4,1.4,6.9,-3.5,-2.2,0.9,-0.8,-2.8,2.6,-8.1,-5.3,-5.5,7.9,-8.2,-2.1,-0.7,-1.1,-4.5,-1.2,-0.4,-0.2,-2.7,0.5,-1.9,-2.6,-5.8,5.8,1.9,-1.0,-5.3,-4.0,-7.0
2C7L5157qC,0,48.102204,11.627712,4442278.43,2777851.88,540.2,585.9,244,7336,3.2,0.79,0.4,32.65,348.96,-0.53,-0.103,0.842,-0.6,0.2,-0.2,0.24,0.4,0.2,-0.3,-1.0,-1.1,-1.7,-1.4,-0.6,1.6,-0.3,-3.2,-0.4,1.8,-1.6,-0.7,-1.6,-1.4,1.5,3.3,4.8,2.5,3.7,-0.7,1.6,1.1,-0.6,6.4,0.3,3.5,-0.9,-4.3,0.3,-2.0,-7.8,-7.9,-3.6,-2.4,2.6,0.5,-0.2,-1.3,2.1,3.2,1.8,-1.5,-0.2,-0.2,1.0,-1.1,0.6,-1.2,-3.3,-3.0,-0.0,0.4,-0.2,1.5,0.5,-1.1,-1.7,0.0,-1.2,-2.5,-1.2,-2.9,-1.4,1.3,3.4,1.1,0.8,0.4,-0.5,-1.7,0.1,-0.1,0.0,-1.5,1.1,1.2,0.3,2.2,1.7,2.8,-0.7,-0.1,-0.1,-0.2,1.3,-1.8,-5.4,-4.3,-0.2,-1.4,-0.4,-0.4,1.1,1.9,1.5,-1.5,-0.4,-0.1,-1.8,1.0,-3.9,-0.1,-2.4,-0.4,-2.8,-5.3,-0.3,0.3,1.0,-4.3,-5.0,-2.8,-3.8,-2.6,-1.8,-3.1,2.1,-4.7,-0.3,-1.7,-2.3,0.1,-1.7,-3.5,-5.9,-2.7,-1.1,8.1,0.3,-2.8,-4.1,-2.5,2.7,2.9,3.4,-4.7,-0.2,-5.5,-1.1,1.7,-6.6,1.2,0.5,3.1,0.6,2.1,-2.0,3.7,1.1,0.5,1.0,4.6,2.7,0.1,1.9,2.4,1.1,-2.0,-1.6,-1.8,-3.1,-1.6,-9.6,-14.1,-5.0,6.8,0.7,-2.4,0.9,0.1,-1.6,-5.1,2.3,-5.6,-1.5,2.9,0.6,-1.7,-14.9,-5.2,-0.4,-4.7,-5.0,-4.4,-4.7,-1.4,-6.2,-5.2,-5.1,-3.0,-8.4,3.7,-1.9,-2.9,-3.7,-12.8,-0.9,-15.5,0.2,-0.3,-1.9,4.6,2.7,0.2,-3.5,-1.6,0.0,-1.1
2C7L5157rk,0,48.102903,11.633154,4442682.11,2777938.47,538.4,584.1,244,7432,3.8,0.62,0.5,32.67,348.96,-0.53,-0.103,0.842,0.2,0.2,-2.34,0.3,1.7,0.3,-0.3,-4.9,9.1,-2.2,0.8,16.1,-6.4,-5.6,-8.1,-1.0,0.6,8.9,1.7,-1.6,-3.4,-3.0,-0.8,3.7,3.5,1.6,3.2,3.5,3.9,6.2,5.3,4.7,7.5,3.3,0.9,0.3,2.1,7.6,0.8,-2.6,-0.9,-8.3,-0.8,0.6,1.4,4.0,1.2,4.9,2.5,0.8,3.5,3.9,3.0,1.9,-1.6,3.7,1.7,5.7,6.0,4.2,5.7,4.6,2.4,8.9,6.4,5.0,5.9,6.9,5.9,10.3,9.0,4.8,5.5,5.5,-0.2,6.3,4.6,6.2,8.9,10.0,-9.4,7.6,7.1,6.3,5.6,6.5,6.0,9.9,8.8,11.9,8.9,9.0,4.3,9.1,4.0,1.8,3.7,5.1,9.6,9.9,7.1,6.3,4.2,5.1,5.1,8.2,5.4,7.6,5.9,2.9,10.5,5.7,4.4,11.1,9.7,4.0,8.2,8.4,7.5,7.2,6.8,6.6,13.0,6.6,7.8,16.6,10.8,7.0,7.7,7.7,9.6,6.9,18.7,16.1,-7.7,8.5,6.1,-4.8,4.2,5.4,3.2,5.6,3.3,1.4,1.4,3.9,7.8,0.0,5.2,5.8,7.3,9.3,8.1,12.0,5.5,7.8,14.8,6.0,6.5,14.9,12.8,10.4,11.1,6.6,-4.9,1.3,11.8,3.0,0.5,3.1,4.5,-1.8,7.2,0.5,1.0,6.8,4.8,4.9,0.8,15.3,0.7,5.2,5.9,3.0,6.4,1.8,5.6,6.0,3.1,2.2,2.6,5.4,5.9,3.6,2.6,5.1,0.6,-0.2,-0.9,1.9,2.7,4.4,1.6,0.5,-0.2,2.5,0.4,1.0,4.0,2.0,2.3,4.9,2.0,2.6,3.5
2C7L5157oL,0,48.101381,11.621163,4441792.46,2777749.7,540.9,586.7,244,7221,3.1,0.79,0.43,32.59,348.92,-0.529,-0.104,0.843,-0.6,0.2,0.09,0.24,1.4,0.2,-0.3,-0.9,-1.4,-3.7,-0.9,2.3,-3.2,2.6,0.8,3.5,0.4,0.9,0.3,-1.6,-1.4,-0.7,-2.6,1.1,0.4,2.3,1.3,3.5,1.8,7.0,2.6,1.0,-4.6,11.8,10.5,-0.5,-0.2,7.0,0.0,-7.0,-1.9,1.2,-3.2,2.3,-0.5,3.2,1.6,2.3,3.7,-3.2,3.7,0.0,5.2,-4.7,-5.0,-4.4,-5.0,-0.3,-4.5,-2.6,-4.5,-5.2,-4.3,-3.6,-4.8,-0.9,-6.5,-4.2,-5.6,-0.8,-4.6,-11.3,-2.1,-4.5,-2.3,-3.1,-1.8,-5.4,1.3,0.4,-0.9,-1.6,0.2,1.6,1.3,1.9,-0.8,-1.6,1.0,-0.5,3.1,-0.3,-2.4,-2.4,-3.8,-2.5,0.2,-0.3,-2.6,-3.5,-5.5,-5.6,-3.3,14.0,4.2,-0.1,0.9,-1.3,-5.7,-5.7,-1.9,-1.3,3.1,-3.9,-3.2,-0.6,0.7,0.3,-1.5,-3.9,0.7,-2.5,-2.0,-1.8,-4.2,0.7,-1.5,-4.9,-3.1,0.4,-0.5,-0.3,-4.1,-2.1,-3.1,-1.8,3.1,2.6,2.0,2.3,-4.8,-2.3,-2.9,1.4,0.7,2.6,0.7,9.9,2.5,6.9,-4.2,-4.7,-3.1,-3.2,-4.4,-0.6,-1.3,-3.7,-5.2,-3.9,-1.8,-2.2,-4.3,-1.5,4.3,-11.9,-3.0,-2.0,-2.2,0.5,-2.2,-1.0,-1.1,-3.2,-5.6,0.8,0.2,-0.9,-0.2,-2.4,-2.1,-0.2,-1.4,-3.8,-1.1,-4.9,-1.8,-1.8,-2.9,-4.0,0.0,-3.1,-6.8,-3.0,0.1,0.4,-1.3,-0.2,-2.1,-1.6,-5.3,-2.1,-6.3,-3.5,-1.0,-4.3,-2.3,-3.1,-3.6,-4.7,-2.4,-4.1,-4.5,-5.8,-3.2
2C7L5157oc,0,48.10153,11.622316,4441878.06,2777768.05,547.1,592.9,244,7238,3.0,0.82,0.39,32.59,348.92,-0.529,-0.104,0.843,-1.7,0.1,-0.59,0.23,0.3,0.2,-0.3,-1.0,-2.6,-0.9,1.8,2.4,-1.2,0.9,-0.8,-1.2,-2.4,-0.4,-0.7,-0.4,-1.2,-0.2,1.0,-2.7,-1.0,0.4,-2.7,-2.6,0.3,-0.5,-1.4,-1.0,0.6,-1.4,-1.3,4.1,-0.3,-11.5,-5.2,-4.3,-1.4,-4.0,-1.7,-0.6,0.7,2.6,0.5,-2.0,-2.8,-1.4,1.8,0.7,1.0,-4.3,-0.7,-1.7,-0.8,2.2,-1.0,-1.8,-1.9,-1.5,1.9,-2.7,1.1,-1.6,-1.5,-1.6,-1.7,-0.5,-4.9,-1.5,-2.0,-1.2,0.4,-2.2,-2.1,-0.9,-0.1,-1.5,-2.3,-2.7,-2.1,-1.7,-3.1,-2.2,-2.2,-4.8,-3.2,-2.4,-3.7,-4.4,-3.6,0.0,-3.0,0.3,-1.1,-1.9,-2.6,-7.3,-3.9,-5.6,-2.4,-3.4,-2.6,-3.3,-1.7,-4.4,-3.6,-1.9,-1.5,-3.9,-3.7,0.1,-4.1,-2.9,1.9,-2.2,-3.3,-5.0,-3.0,-3.2,-2.3,-6.2,-5.2,-3.0,-3.5,-3.6,-3.8,-3.3,-0.6,-1.8,-5.0,-3.2,-2.4,-2.5,2.6,-5.0,-3.7,-4.8,-4.8,-3.0,-4.7,-4.6,-5.2,-0.4,-3.3,-3.3,-3.6,-3.9,-1.7,-3.5,-4.3,-1.5,-5.4,-4.1,-7.6,-2.8,-5.8,0.5,-5.1,-2.5,-4.6,-2.7,-4.4,-3.4,-4.6,-4.9,-7.5,-3.2,-6.7,-10.5,0.0,-4.3,-7.9,-6.7,-2.8,-6.8,-11.7,-8.4,-12.1,-10.9,5.6,-8.4,-9.2,3.7,-11.4,-7.7,-10.9,-8.9,-6.3,-8.0,-4.6,-12.3,-5.2,5.2,-16.2,-3.2,-11.7,-15.2,-20.2,3.4,-15.8,-10.3,-6.1,-3.7,-10.0,-7.5,-9.0,-5.2,-7.5,-9.5,-14.1,-12.2,-12.5
2C7L5157p6,0,48.101729,11.623864,4441992.88,2777792.69,540.8,586.5,244,7268,2.8,0.84,0.39,32.63,348.96,-0.529,-0.103,0.842,-0.3,0.1,-0.13,0.21,0.2,0.2,-0.3,-0.9,0.5,-1.0,2.3,-0.4,3.1,-1.0,0.0,-1.5,-0.7,3.5,-0.5,1.3,-3.1,0.3,0.8,1.4,-0.7,3.3,-0.4,-0.5,2.6,1.7,2.8,3.1,2.2,3.1,2.7,-0.6,4.0,-7.8,-5.4,-4.2,-3.6,-3.9,-1.0,2.7,3.1,1.4,-0.1,1.0,0.5,-1.4,2.0,0.8,1.9,0.0,-2.3,1.4,-0.5,-2.0,-0.9,-1.4,-4.0,-2.3,2.6,1.9,0.1,3.4,-7.9,2.1,1.3,7.6,-0.9,3.5,2.0,-3.7,0.8,-6.0,1.8,-1.5,2.3,-0.1,-1.3,0.6,1.0,-0.8,3.3,0.2,1.1,2.6,0.8,-0.3,-0.3,-2.3,-0.0,-0.4,0.8,-1.8,2.8,2.4,2.0,0.0,4.5,0.6,2.7,0.1,2.2,1.2,0.3,0.4,-0.1,5.5,1.7,0.4,1.0,2.6,-0.1,3.9,5.9,2.8,-0.0,-2.6,-2.3,-2.7,-12.4,2.9,0.2,-1.9,-0.8,-6.8,-0.8,-1.8,-2.0,3.6,-1.4,0.6,0.2,1.1,-1.5,-1.9,2.4,-0.9,3.2,-0.3,-0.1,0.3,-2.7,2.3,7.3,1.1,0.2,0.9,2.6,4.0,0.5,-0.1,0.2,-2.1,0.3,0.1,-2.4,-1.0,-1.4,-0.7,-1.8,-1.9,-0.1,-1.8,-0.4,-2.3,-0.8,-0.3,-1.1,-0.7,8.8,-4.1,-8.5,-1.8,-1.6,1.9,-2.7,-3.2,-1.7,2.1,1.8,3.5,-0.1,-8.0,1.1,-1.1,1.0,1.1,0.1,-0.8,1.3,-1.1,0.8,1.5,-12.2,-1.4,0.6,-1.8,-2.3,-2.6,-3.1,-0.6,-1.7,-2.8,3.6,-1.0,-0.6,0.3,-0.8,-4.5,1.7,2.2,1.5
2C7L5157pK,0,48.101837,11.624707,4442055.42,2777806.11,542.1,587.8,244,7282,2.2,0.88,0.29,32.63,348.96,-0.529,-0.103,0.842,-0.8,0.1,0.4,0.17,0.3,0.1,-0.3,-3.2,-1.6,-0.8,-2.6,-3.1,-3.0,0.2,-0.7,-0.7,-0.6,0.7,-1.1,2.0,-0.4,1.5,0.6,-0.7,-0.6,0.3,-1.3,-1.1,0.5,-0.3,1.4,3.1,4.3,5.0,2.8,1.7,0.7,-9.1,-4.0,-4.6,-3.1,-1.8,-4.8,3.8,1.6,2.2,2.3,2.0,-1.2,-1.9,-2.3,-0.2,0.1,0.5,-0.7,1.7,0.8,0.6,-0.2,-1.3,-0.4,-1.6,0.6,-4.1,1.7,-1.1,-2.5,-2.4,-0.8,1.1,-2.1,-3.3,-4.0,-3.9,-4.9,-3.4,-2.9,-2.2,-3.1,-4.3,-2.0,-0.7,-2.5,-2.6,-2.2,-2.5,-1.7,-2.3,-0.9,-2.4,-1.9,-2.0,-2.3,-3.1,-2.0,0.2,-3.1,-2.8,-2.9,-3.2,-1.8,-5.3,-1.0,-2.4,-2.1,-2.0,-1.0,-1.2,-3.3,-2.4,-1.6,-1.8,-1.4,-3.5,-8.5,-6.1,-12.7,-10.2,-0.2,-0.8,-2.0,0.3,0.0,-1.9,-0.6,-1.7,-1.2,-3.0,-1.3,-0.5,-3.2,0.9,1.0,-0.0,-1.7,-2.9,-2.4,-4.2,-2.7,-4.1,-3.0,-2.6,-3.5,-0.7,-5.5,-3.6,0.4,-3.5,-3.6,-4.0,-6.5,-1.2,-3.1,-2.9,-4.0,-4.5,-4.7,-4.6,-9.0,-4.7,-5.2,-6.2,-4.0,-5.8,-4.3,-4.3,-4.0,-2.8,-1.0,0.9,-1.9,-3.7,1.8,-2.8,-5.0,-1.3,-1.5,-2.9,-3.7,-4.5,-4.1,-3.6,-0.2,-4.2,-4.6,2.5,-2.0,-2.4,-3.2,-3.6,-4.2,-3.6,-1.2,-6.5,-3.4,-3.1,-8.1,-8.5,-2.3,-1.0,-4.9,-5.5,-6.1,-3.8,-3.9,-1.3,-3.0,-3.5,-3.8,-2.3,-2.8,-5.4,-5.9,-4.2,-3.1
2C7L5157pY,0,48.101926,11.625404,4442107.15,2777817.21,536.6,582.3,244,7296,2.7,0.8,0.34,32.64,348.96,-0.529,-0.103,0.842,0.1,0.1,-0.25,0.22,1.8,0.2,-0.3,1.6,-1.5,-0.2,-0.2,-0.4,6.1,0.7,-2.3,-0.7,2.7,-1.6,2.5,0.4,-2.0,-3.1,-4.0,-6.1,-5.5,-4.2,-5.0,-6.2,-4.7,-5.7,-4.4,-2.8,-1.4,-1.2,-1.1,-2.9,-6.5,-8.6,-9.1,-7.6,-4.6,-6.7,-6.2,-3.1,-7.1,-2.2,-5.3,-3.4,-4.6,-4.5,-3.9,-5.7,-3.6,-7.5,-3.0,-3.7,-4.0,-0.9,-2.5,-2.7,-3.2,-4.6,-2.9,-3.4,-1.0,-1.9,-4.2,-2.9,-2.4,0.1,-1.8,11.8,-2.4,-0.9,-0.7,-2.6,-2.4,-3.6,-2.5,-1.9,-4.8,-2.8,-3.7,-4.1,-3.5,-3.0,-2.6,2.9,-2.4,0.6,-4.0,-3.0,-6.7,-6.8,-4.4,-4.9,-4.1,-7.6,-2.6,-3.7,-3.7,-4.5,-1.2,-0.9,-4.7,-4.4,-5.7,-5.0,-5.3,-7.2,-3.5,-6.1,-3.3,-4.2,-4.6,-6.5,-5.1,-4.5,-3.0,-4.7,-4.6,-2.1,-0.7,-2.1,-2.8,-1.2,-1.6,-1.5,-2.4,-1.0,-3.5,-2.3,-3.3,-3.2,-4.2,-4.9,-7.9,-4.4,-1.9,-2.5,-2.6,-6.6,-3.3,-3.4,-5.8,-0.4,1.3,2.6,0.1,-4.2,-3.3,1.8,-1.4,1.1,-1.1,0.6,-0.7,-1.1,-4.0,-2.7,-1.5,-2.8,-0.9,0.3,-6.4,7.0,-1.5,-1.9,-4.7,2.1,-1.9,-7.3,4.5,-3.0,-2.5,2.2,-2.5,-3.3,-5.3,-2.8,-1.2,0.7,-0.2,-0.6,-3.3,0.1,-0.7,-0.9,2.6,-1.7,-1.0,0.1,-3.5,-2.3,-1.9,-3.1,-5.9,-6.6,-5.5,-5.7,-8.5,-9.5,-7.2,-5.2,-9.8,-9.9,-10.7,3.8,-3.7,-3.2,10.9,-5.3,0.0,-6.5,-7.0
2C7L5157pl,0,48.102028,11.626194,4442165.72,2777829.77,540.5,586.2,244,7309,2.3,0.88,0.3,32.64,348.96,-0.529,-0.103,0.842,-0.2,0.1,-0.13,0.18,1.4,0.2,-0.3,-2.5,-0.9,-3.6,-1.4,-2.7,-0.5,-1.5,-0.1,-0.1,14.3,1.0,-1.0,1.0,-1.7,-3.8,-4.7,-5.5,-3.0,-4.3,-3.3,-1.0,-4.7,-1.9,-2.6,-0.3,0.0,-2.8,0.3,-2.7,-4.8,-12.9,-5.4,-3.4,-4.2,-1.7,-1.8,2.4,-1.0,0.6,-1.5,-3.2,-1.8,-3.2,-2.0,-1.2,-1.5,-3.1,-1.7,-2.1,-1.1,-0.6,-1.2,-0.4,0.4,-0.5,-1.0,-1.5,-0.8,-2.4,-2.1,-1.5,-2.0,8.6,-0.6,-3.3,-1.9,-2.2,1.8,-0.5,-1.5,-3.6,-1.9,-5.7,-2.0,3.0,-3.8,-3.2,-2.9,-2.6,-3.0,-5.0,-2.7,-2.2,-1.4,-3.8,-3.3,-2.7,-4.1,-1.0,-2.4,-4.4,-0.9,-4.7,-1.9,-2.1,-3.2,-1.3,-3.5,-1.5,-0.2,-3.9,-5.9,-2.1,-1.8,-3.5,-1.2,-1.6,-0.8,-0.5,0.1,-0.1,-0.4,-1.0,0.0,-2.0,-1.4,-1.0,-2.3,-1.7,-0.5,-0.8,-1.1,0.2,-0.9,-4.4,-3.0,-4.0,-5.6,-5.7,-5.8,-4.1,-1.1,-1.1,-1.5,-3.4,-6.9,-1.9,-5.4,4.0,1.0,-3.9,-1.8,0.5,-1.5,-0.6,-1.9,7.2,-2.1,-1.6,-1.0,-2.3,-2.5,-0.2,-1.3,-1.5,1.1,0.5,-2.0,-2.3,-3.2,-6.5,-5.5,-0.4,-3.2,-2.0,0.4,-2.5,-6.0,-2.1,-2.2,-1.0,-3.2,-5.0,-4.8,-2.0,0.2,-1.0,-2.3,4.0,-2.2,-1.5,-2.5,-1.5,0.4,-1.7,-5.6,0.7,-4.2,-3.0,-6.1,-7.1,-6.4,-4.9,-3.5,-3.9,-2.4,-3.3,-4.9,-3.5,-5.2,-3.8,-5.8,-2.1,-1.0,2.2,-1.0,-2.5,-1.3
2C7L5157pt,0,48.102088,11.626665,4442200.65,2777837.26,539.7,585.4,244,7317,2.4,0.86,0.38,32.64,348.96,-0.529,-0.103,0.842,-0.2,0.1,0.03,0.19,1.1,0.2,-0.3,1.1,-0.0,1.4,-7.1,-1.5,4.9,-1.1,0.1,0.5,-2.4,2.1,-1.3,3.1,-1.5,0.4,1.4,-1.0,-2.1,-5.1,-1.5,1.2,0.0,-0.1,0.7,0.5,1.0,3.0,3.1,0.1,-4.1,-6.6,-3.4,-5.1,-1.8,-1.0,-2.9,-0.2,-1.3,-0.2,-2.2,-0.9,-1.2,-3.0,-1.0,-1.4,-0.2,-0.5,-0.1,-1.2,1.6,-1.2,-1.1,0.1,-0.4,-2.3,0.1,-0.4,0.2,-1.2,-1.8,-2.6,-3.8,5.9,-1.3,-2.3,-2.5,-0.3,4.8,1.3,-0.1,-0.1,-1.9,-0.5,1.4,2.2,-0.3,-0.3,-0.0,2.1,0.7,2.1,3.6,2.9,0.4,0.8,0.5,-1.5,-5.6,-1.6,-0.5,-2.3,-4.5,-2.8,-0.5,-2.3,-0.8,-0.4,-0.4,-1.3,-0.6,-1.9,-1.3,-3.0,-1.5,-2.7,-1.5,-1.8,-0.5,-2.1,-1.0,-0.4,-0.5,0.4,-1.9,-1.5,0.8,1.7,-0.1,-1.8,0.2,0.5,-0.4,0.3,-2.2,-0.2,-0.5,-8.9,-2.7,-5.2,-3.0,-5.4,-1.1,-1.4,-3.2,-1.2,-4.9,-2.9,-5.8,0.8,4.3,-1.1,-4.0,-4.2,-5.4,-3.9,-3.6,10.8,1.5,-0.1,-4.0,-1.1,-3.0,0.7,0.8,-2.4,-1.0,-0.3,-0.2,-0.3,-2.2,-3.1,-4.5,-2.1,-4.3,-1.8,3.1,-0.7,-4.8,-2.6,-2.0,-2.3,-5.6,-4.4,-4.3,-2.1,1.7,-3.7,3.5,-0.3,2.0,1.9,2.1,1.2,-0.1,3.6,1.5,-3.3,-1.9,-0.5,-1.6,1.2,-5.6,-4.7,-8.1,-2.8,-2.4,-2.5,-2.2,-4.0,-1.3,-1.4,-2.2,-0.9,-0.2,0.7,1.1,2.4,-10.4
2C7L5157q2,0,48.102154,11.62718,4442238.87,2777845.46,542.3,588.0,244,7326,3.7,0.67,0.5,32.65,348.96,-0.529,-0.103,0.842,-0.2,0.2,0.48,0.29,2.0,0.2,-0.3,0.4,-3.0,-1.5,-1.3,-2.6,-3.4,-3.6,2.5,-4.6,0.0,-0.7,-4.1,1.2,-0.1,-3.9,-2.9,-5.8,-3.5,-5.2,-2.4,-6.3,-5.9,-7.3,-5.5,-9.6,-5.4,-4.0,-2.8,-3.2,-10.3,-15.9,-15.9,-11.0,-9.2,-11.4,-2.9,-5.7,-3.9,-3.2,-5.7,-6.4,1.2,-10.9,-4.9,-5.0,-3.6,-1.8,-8.9,-5.9,-0.1,2.3,1.3,2.0,-1.2,-1.8,-2.1,-2.7,1.1,-3.6,-4.4,-1.4,-2.9,-3.4,-5.5,-11.1,-10.1,-5.8,-7.6,-4.4,-4.4,-5.3,-3.2,-4.9,-5.8,-5.4,-3.1,-1.3,-3.1,-3.6,-5.5,-3.5,-4.8,-5.5,-10.3,-8.6,-10.2,-11.7,-11.1,-8.7,7.5,-5.7,-13.7,-6.8,-13.4,-15.9,-11.1,3.3,-8.6,-7.1,-7.1,-12.1,-17.2,1.4,-7.9,-2.5,-6.9,-8.5,-10.9,-9.4,-11.2,-13.0,-6.8,-4.4,-3.2,-1.2,1.4,-4.9,-8.5,-4.4,-5.8,-7.1,-8.7,-9.2,-5.1,-7.1,-9.3,-8.6,-9.1,-14.1,-9.9,-10.7,-4.2,-3.7,-3.6,-15.0,2.7,-8.5,-6.6,-1.7,-1.0,2.2,-2.7,-3.5,-3.1,-2.4,-1.4,-3.3,-3.8,-6.7,-4.5,-3.3,-5.1,-4.0,-2.2,-4.7,-5.0,-2.9,-0.2,0.5,0.5,-5.9,-8.4,-7.6,-4.4,-8.9,-2.1,-9.0,-5.7,-10.2,-3.6,-9.5,-3.6,5.0,-1.0,-0.2,-2.0,-4.8,-1.0,-6.2,-2.8,-2.7,-3.7,-7.5,-5.0,-6.6,-6.8,-6.3,-6.5,-4.8,-9.5,-9.2,-4.0,-6.0,-8.3,-3.8,-7.7,-7.2,-8.8,-10.0,-12.8,-5.1,-3.0,-4.3,-3.2,-3.9,-4.4,-5.1,-5.1
2C7L5157rA,0,48.102654,11.631065,4442527.14,2777907.3,536.5,582.2,244,7396,2.2,0.88,0.35,32.66,348.96,-0.53,-0.103,0.842,-0.9,0.1,0.33,0.17,0.8,0.1,-0.3,-1.7,-1.7,-1.3,-0.7,-2.6,-2.0,-1.4,-0.9,-0.4,0.2,-0.5,0.3,-1.1,1.4,1.8,1.1,-1.5,-2.1,-4.5,-3.1,-2.4,-3.6,0.2,-1.7,0.4,-0.4,-1.3,-0.6,0.4,-3.6,-3.4,-7.5,-3.4,-4.9,-6.1,-9.0,0.6,-0.6,-0.1,-2.9,-5.2,2.4,-5.2,-0.7,-2.1,-0.8,1.4,-3.7,1.1,-3.6,-3.8,-1.5,-0.6,-1.0,-2.0,-1.7,-3.1,-3.5,-2.5,-3.8,0.1,-3.7,-1.5,-1.0,-2.1,-0.3,-1.3,1.9,-2.7,-1.0,-3.3,-3.0,-3.0,-1.9,-4.1,-1.9,-4.0,-2.6,-2.9,-4.4,-5.0,-5.4,-4.0,-6.7,-4.3,-10.8,-4.7,-4.9,-5.8,0.3,-6.4,-0.7,-3.0,-7.7,-4.9,-4.1,-2.8,-2.5,-3.5,-4.3,-5.0,-5.1,-4.7,-1.8,-3.8,-3.3,-2.5,-4.4,-4.4,-6.4,-4.9,-3.5,-5.8,-5.8,-4.8,-3.3,-3.8,-5.7,-3.6,-4.6,-5.5,-5.0,-1.9,-3.7,-1.9,-1.7,-0.8,-2.8,-4.5,-7.1,-5.1,-3.6,-4.2,-0.7,-4.2,-5.6,-4.3,-8.9,-3.2,0.3,-3.7,-1.3,-6.8,-6.5,-4.3,-6.2,-8.1,-3.6,-5.6,-5.4,-6.2,-5.1,-5.2,-6.1,-4.5,-1.5,-3.4,-3.8,-3.2,-5.7,-3.8,-5.2,-5.6,-8.0,-7.3,-2.5,-4.8,-6.7,-6.3,-6.0,-2.6,-5.6,-4.9,-3.8,-4.0,-2.4,-3.2,-3.1,0.2,-3.4,-5.3,-2.3,-3.7,-0.7,-5.7,-5.9,-5.2,-15.4,-8.2,-10.2,-9.8,-3.6,-8.4,-7.2,-6.6,-4.7,-7.5,-4.1,-3.2,-15.6,-3.1,-6.3,-3.9,-5.7,-1.9,-7.2,-3.8,-4.7
2C7L5157oV,0,48.101482,11.621799,4441839.64,2777761.89,543.8,589.5,244,7231,4.3,0.67,0.5,32.59,348.92,-0.529,-0.104,0.843,1.4,0.2,0.23,0.34,0.8,0.3,-0.3,-4.2,0.2,13.8,5.4,-5.7,1.6,-4.0,-4.0,-7.9,-4.4,-4.2,1.8,3.5,1.2,-4.0,-5.8,-4.7,-5.3,-0.8,-1.0,4.5,-4.0,-0.4,-2.4,0.4,-3.6,-0.4,3.7,-0.7,-2.3,-13.8,-5.3,-7.0,-4.0,1.7,-0.7,0.5,5.2,2.7,5.2,5.5,1.6,-8.1,15.3,0.2,4.2,7.1,13.8,3.5,-0.3,6.8,-1.5,-0.9,-2.5,-2.2,-2.6,-1.4,-1.9,-1.1,-2.8,-2.4,-4.7,-7.2,-3.9,-5.4,3.1,-2.7,-10.6,-3.7,-3.1,-3.3,-3.1,-1.2,-3.2,-3.8,-2.1,-4.6,-0.8,-3.9,-2.3,-2.9,-1.7,-2.1,-4.6,-2.3,-2.9,-3.6,-3.0,0.6,-0.9,-1.8,-1.8,-5.5,-5.4,-6.3,-0.4,-2.1,0.8,1.3,-1.2,-3.7,-3.3,2.9,-8.6,-8.2,-9.7,-8.2,12.7,4.6,-3.2,-3.3,-3.0,-3.6,-0.4,-2.7,-1.3,-3.5,-0.2,0.8,1.0,-0.3,1.6,0.1,1.3,2.1,-0.5,1.9,16.1,15.1,6.0,6.2,4.3,3.0,-0.1,3.1,8.1,7.2,4.0,8.0,6.5,1.9,5.6,2.6,-2.1,8.3,4.1,3.4,4.2,0.2,2.9,-2.7,-1.7,1.3,3.2,1.8,3.5,5.1,4.5,2.7,6.6,7.1,3.2,4.6,5.1,2.5,3.8,1.3,-5.2,8.1,4.3,0.4,2.7,1.1,1.6,1.5,2.2,3.2,3.4,-3.1,6.3,4.6,6.5,5.7,5.3,4.1,4.6,5.6,6.2,7.4,2.0,-1.4,9.4,11.3,-5.3,0.4,0.2,5.5,3.0,4.7,6.1,3.9,5.7,5.4,5.9,2.1,3.9,3.0,4.7
2C7L5157ob,0,48.101563,11.622434,4441886.76,2777771.97,555.9,601.6,244,7237,2.5,0.86,0.36,32.59,348.92,-0.529,-0.104,0.843,-0.8,0.1,0.54,0.19,0.1,0.2,-0.3,-0.6,-1.7,-0.2,-0.8,-0.6,-1.5,-0.5,0.5,-1.5,10.2,2.2,1.1,-0.9,0.1,0.8,-0.2,-0.9,0.4,-0.1,-2.4,-2.5,-0.6,-0.2,0.6,-1.6,-0.5,-0.3,-0.6,1.3,-0.8,-12.4,-5.1,-4.8,-3.0,-2.2,-1.5,-1.1,0.6,0.9,1.4,-1.3,-4.2,-0.8,-0.4,0.3,-0.8,-2.3,-2.6,-4.1,-0.4,-2.7,-2.7,1.2,-3.9,-2.9,-3.4,-2.0,-0.1,-2.1,-0.2,-3.8,-0.5,-1.2,-6.2,-2.8,-2.2,-2.7,-5.5,-2.0,-3.8,-3.4,-2.9,-1.1,-2.2,-3.4,-2.1,-1.2,-1.8,-0.6,-6.5,-5.1,-3.9,-2.3,-2.0,-4.0,-2.4,-1.7,-3.5,-0.2,-0.7,-0.9,-1.2,-4.5,-6.7,-6.2,-2.3,-3.6,-2.4,-3.6,-1.2,-2.2,-3.3,1.5,0.4,-2.9,-1.3,-3.2,-4.3,-4.9,-1.2,-2.5,-4.0,-1.2,-4.6,0.4,-0.7,-6.4,-2.9,-3.2,-2.9,-1.6,-4.4,-4.0,-3.6,-1.8,-4.3,-3.6,-2.6,-5.2,-2.8,-2.3,-6.4,-1.5,-3.1,-1.5,-2.9,-1.5,-4.9,1.2,-3.1,-5.1,-3.4,-3.8,-5.7,-4.6,-5.1,-1.8,-3.1,-4.3,-5.1,-1.3,-5.7,-4.1,-5.5,-3.6,-4.9,-3.7,-3.9,-3.0,-3.3,-6.3,-6.7,-4.2,-6.5,-7.3,-2.1,-5.1,-8.3,-2.0,-4.6,-5.1,-8.9,-5.2,-9.8,-9.2,-1.4,-0.7,-3.7,3.6,-8.1,-1.5,-5.0,-4.3,-5.2,-6.2,-3.1,-13.2,-5.5,-0.8,-3.8,-5.1,-13.5,2.7,-2.3,0.6,0.2,-3.6,-1.9,-4.4,-2.7,-4.2,-3.7,-3.5,-3.8,-4.5,-11.8,-5.6,0.1
2C7L5157pJ,0,48.101843,11.624611,4442048.24,2777806.64,542.0,587.7,244,7281,3.9,0.65,0.44,32.63,348.96,-0.529,-0.103,0.842,0.5,0.2,-0.55,0.3,2.0,0.3,-0.3,6.7,7.0,3.0,5.0,3.7,2.6,3.9,4.0,1.0,1.9,-0.4,2.6,3.2,2.5,3.7,3.2,2.2,1.8,1.3,5.4,6.1,1.9,-2.3,-0.9,-5.3,0.3,-4.6,-4.0,-4.5,-5.3,-12.2,-7.6,-6.0,-7.1,-10.3,-8.4,-6.7,-11.9,-7.3,-8.3,-8.3,-9.6,-9.3,-2.8,-11.0,-8.9,-13.7,13.1,-13.0,-10.6,-5.4,-9.3,-11.5,-8.5,-11.9,-4.1,-3.9,-2.3,1.1,-0.1,-0.3,-1.1,1.6,-3.3,-4.3,-1.7,0.3,-1.3,-0.2,-0.7,-0.2,0.3,0.7,-0.5,2.1,2.3,1.4,1.8,4.0,0.9,1.0,0.0,-2.4,-0.2,-0.0,-0.7,0.5,2.3,3.3,0.5,-2.2,0.4,2.3,3.9,-1.3,0.1,-4.1,0.3,-5.4,-3.2,-3.5,-3.6,-2.2,-1.9,-1.9,0.1,1.4,1.2,3.6,-4.0,-3.5,-0.1,-0.8,-0.4,-1.3,-2.4,-5.2,0.5,0.5,1.4,-0.2,-1.0,0.5,0.8,1.7,1.2,2.3,0.8,1.3,-0.6,-1.2,0.7,1.6,6.0,6.4,0.3,2.2,0.9,2.6,4.3,2.8,1.9,1.6,4.0,3.2,3.3,4.2,3.0,2.5,2.2,2.2,-2.0,0.9,1.2,1.2,1.0,0.8,0.2,1.9,-1.9,-0.2,-5.7,-2.3,-4.6,-2.3,3.6,0.5,-5.1,-2.0,-0.8,-2.6,-5.3,-5.9,6.9,2.3,1.5,1.4,0.5,-0.2,1.1,-0.4,-0.7,-0.4,-2.1,-1.2,-1.3,-2.2,-0.6,-0.0,-2.8,-0.7,16.6,-3.5,-3.9,-1.6,-2.1,0.3,2.0,-1.4,-4.3,3.7,1.9,-3.1,1.0,1.3,-7.1,-5.8,-3.9
2C7L5157pU,0,48.101913,11.625157,4442088.75,2777815.34,536.5,582.2,244,7292,2.8,0.73,0.42,32.64,348.96,-0.529,-0.103,0.842,-0.0,0.1,0.4,0.22,2.6,0.2,-0.3,0.1,1.0,-1.0,2.0,-0.1,-0.7,0.9,0.0,-0.9,3.2,-0.3,1.8,-0.2,-0.4,2.3,3.1,2.3,0.6,4.8,5.7,-2.7,2.9,6.1,3.2,7.1,2.1,6.0,9.5,3.1,0.6,-2.6,-0.6,1.1,1.7,7.9,1.1,4.5,6.2,8.2,2.1,11.4,8.1,10.0,2.8,9.7,8.9,4.8,5.3,7.3,7.5,6.4,6.0,5.6,5.5,2.6,1.3,3.3,1.3,0.8,1.3,0.4,0.2,0.3,-1.2,-4.0,-0.6,-0.7,-3.5,-1.8,-2.0,0.3,1.4,-0.3,0.8,3.0,3.1,1.3,2.6,2.5,3.5,6.6,6.9,2.6,9.5,7.5,7.2,8.0,7.3,7.8,8.4,6.2,1.6,4.3,11.6,4.0,8.7,4.1,3.3,9.0,9.8,3.2,4.7,3.7,6.3,5.4,6.5,5.1,4.1,4.8,3.6,2.7,2.4,3.5,4.1,3.0,4.3,-0.4,3.0,0.9,1.8,-5.8,2.8,-0.4,-3.0,1.2,1.8,0.8,3.5,3.7,3.5,3.7,6.4,2.7,8.6,5.1,4.3,7.7,7.7,9.2,5.1,-4.9,2.5,0.9,0.2,-0.1,-1.0,-1.4,-0.9,-1.1,0.1,-2.3,-3.8,-1.1,-2.9,-1.3,1.0,-0.3,-1.6,1.0,0.9,3.5,0.6,2.9,-5.8,1.5,6.5,3.3,1.3,7.6,3.8,1.7,0.9,1.3,3.3,1.8,3.9,5.1,1.4,2.0,8.2,2.9,5.9,5.3,1.3,1.1,7.3,1.9,5.7,5.9,0.8,3.8,13.2,5.3,4.1,6.0,3.6,6.2,13.9,6.9,8.7,5.4,-0.8,1.2,2.0,3.4,3.3,3.6,3.4
2C7L5157pW,0,48.101927,11.625262,4442096.53,2777817.01,535.5,581.2,244,7294,3.2,0.71,0.5,32.64,348.96,-0.529,-0.103,0.842,1.5,0.2,-1.38,0.26,2.1,0.2,-0.3,1.4,3.4,-0.1,2.4,0.6,-1.2,2.6,2.8,2.8,4.6,4.1,-0.4,4.3,3.2,2.6,2.5,2.3,2.6,2.5,2.5,4.4,5.4,3.8,4.3,6.1,3.9,4.8,0.1,-2.1,2.9,-7.1,-1.1,-1.5,3.1,1.2,2.9,8.6,7.6,7.9,4.9,5.3,2.0,2.8,3.4,3.8,1.7,-3.8,-2.2,2.1,-0.9,0.9,-0.9,-4.0,-3.7,-0.7,-4.3,1.5,-0.4,-0.5,0.9,1.6,3.9,7.2,2.0,2.0,0.7,1.8,1.7,3.3,3.3,1.7,5.3,1.8,5.3,5.5,6.3,7.4,7.4,6.6,5.8,4.7,6.9,4.8,7.1,4.9,5.8,6.6,5.0,7.6,5.6,3.6,3.6,1.7,8.3,5.2,6.6,4.6,8.9,8.5,7.1,5.9,6.8,9.3,8.7,7.4,7.8,7.1,5.3,6.6,6.0,5.1,4.7,4.9,4.3,4.9,4.4,1.5,3.5,5.2,4.6,4.8,4.8,5.2,8.8,7.2,8.3,7.3,9.7,6.1,4.4,6.7,8.6,6.4,9.5,9.7,9.8,12.0,12.2,12.1,14.7,8.2,4.4,11.3,9.6,8.4,6.1,5.7,3.9,5.4,11.5,-3.8,6.1,9.5,9.3,13.0,3.0,12.0,13.2,-0.0,5.6,11.2,11.6,12.8,7.8,10.9,18.1,8.0,5.1,12.2,12.1,6.6,8.2,7.3,8.0,6.1,7.2,4.8,4.7,3.2,6.2,7.3,3.7,6.5,5.6,4.8,8.6,25.5,5.7,25.2,9.5,9.1,5.9,15.4,14.4,12.3,7.3,3.9,9.4,6.5,5.2,-1.5,3.3,2.7,2.4,1.0,0.1,1.6,0.4
2C7L5157q3,0,48.102183,11.62726,4442244.79,2777848.8,543.1,588.8,244,7327,2.0,0.88,0.37,32.65,348.96,-0.529,-0.103,0.842,-0.3,0.1,-0.0,0.16,1.2,0.1,-0.3,-1.5,-1.9,2.9,-1.2,-1.0,0.3,-0.6,-0.0,-2.3,1.3,0.9,-1.4,0.4,-2.4,-3.2,-1.1,-2.7,-2.9,-4.1,0.2,-4.0,-1.9,-3.2,-2.7,-3.2,-2.9,-2.7,-0.4,-1.6,-6.2,-9.6,-5.9,-6.8,-6.5,-4.7,-3.8,-4.0,-2.7,-0.7,0.5,-3.1,-2.7,-5.0,-1.2,-6.6,-0.8,-0.4,-3.3,-1.4,-0.7,0.2,2.0,2.2,-1.0,-3.0,-0.9,-3.8,0.1,-1.7,-0.4,-2.1,-1.4,-3.7,-3.6,-5.8,-4.4,-2.8,-6.3,-3.0,-4.8,-1.8,-3.8,-4.9,-4.9,-2.9,-4.9,-1.6,-4.9,-0.2,-2.6,-0.9,-2.7,-3.6,-5.0,-2.9,-0.4,-1.8,-5.3,-2.5,-1.9,-5.7,-2.5,-4.2,-4.3,-8.0,-9.4,-1.8,-0.4,-3.6,-2.0,-3.1,-6.4,-5.6,-4.2,-3.6,-4.2,-0.2,-0.5,-2.0,-3.2,-1.3,-3.3,-1.5,-5.0,-1.0,-0.7,-1.5,-2.1,-2.8,-0.9,-4.0,0.2,-2.2,-2.9,-4.1,-9.1,-1.4,-3.5,-4.4,-4.3,-6.8,0.2,-2.2,-2.6,1.0,-1.9,-5.3,-3.3,1.2,3.6,-3.0,-0.8,-3.2,-1.4,-0.3,-2.3,-5.2,-2.9,-2.7,-2.9,-2.6,-2.6,-2.3,-1.7,-3.2,-5.4,-2.1,-3.0,-1.2,-2.0,-4.2,-3.5,-4.3,-3.1,-2.9,-0.6,-5.7,-5.1,-1.4,-1.5,-2.3,-2.4,-3.8,-4.2,-3.2,0.7,-0.0,-0.6,-1.4,-2.2,-1.8,-1.2,-3.9,-3.8,-1.5,-4.1,-5.7,-4.7,-4.6,-7.6,-6.0,-6.1,-6.8,-7.3,-4.4,-6.0,-5.4,-4.2,-5.3,-7.6,-5.5,-3.3,2.7,-2.8,-2.3,-0.2,-2.7,-4.9
2C7L5157qS,0,48.102373,11.628737,4442354.34,2777872.29,545.6,591.3,244,7352,3.8,0.64,0.42,32.65,348.96,-0.53,-0.103,0.842,-0.8,0.2,-0.1,0.29,3.0,0.2,-0.3,-1.9,-2.5,-3.7,-3.7,-1.0,3.9,-1.8,-1.0,-2.9,8.0,-3.0,5.8,-2.5,-3.1,-10.4,-8.0,-7.3,-7.5,-8.2,-7.4,-1.3,-8.2,-2.5,-7.3,-6.2,-6.0,-0.6,-0.7,-2.5,-8.0,-5.2,-11.9,-11.5,-11.5,-11.4,-8.0,-9.9,-6.7,-6.4,-5.5,0.6,0.6,-7.0,-8.2,-1.6,-2.9,-16.9,-2.3,-3.1,-1.9,-1.0,-1.0,-0.8,-1.8,-1.1,-2.1,1.2,0.1,0.5,-1.7,1.0,-16.4,4.8,-1.8,4.9,1.2,-1.6,-1.3,-2.8,-0.8,-0.3,-2.8,-3.0,-2.1,-7.0,-9.1,-9.3,-18.6,-8.4,-9.4,-3.5,-9.4,0.1,0.7,-1.3,-8.4,-9.7,-9.1,-8.3,-9.2,-10.1,-2.5,-3.3,-7.1,-8.9,-1.9,-3.4,-6.9,-10.4,-1.2,-1.6,-8.8,-8.1,-5.0,-8.8,-8.7,-2.9,-3.1,-10.3,-7.3,-9.6,-10.7,-1.8,-2.1,-2.0,-2.0,-1.0,-4.4,-1.8,-2.3,-10.0,-2.8,-2.6,-5.8,-9.4,-7.4,-3.8,-10.4,-10.0,-11.3,-10.5,-5.5,-3.3,-8.3,-7.6,-9.5,-8.1,-12.0,-6.3,-2.8,-1.4,-3.4,-3.9,-5.3,-1.7,-1.0,3.7,-2.6,-4.4,-2.1,0.2,-3.9,-5.3,-5.4,-9.9,-3.2,-5.6,-3.4,-11.0,-0.9,-9.5,-9.3,-4.7,-9.6,-8.7,-1.9,0.1,-9.3,-1.4,-8.4,-10.4,-11.3,-4.6,-4.7,-3.6,-2.9,-3.0,-1.6,-1.5,-2.7,-5.6,-3.8,-3.5,-5.9,-5.8,-10.1,-5.2,-9.7,-12.5,-9.2,-8.5,-24.9,-11.0,-13.7,-11.0,-10.1,-9.5,-12.1,-6.1,-6.1,-3.0,-7.3,-5.0,-6.0,-8.6,-6.7,-5.3,-1.6
2C7L5157qT,0,48.102377,11.628768,4442356.66,2777872.79,544.4,590.1,244,7353,3.5,0.7,1.2,32.65,348.96,-0.53,-0.103,0.842,-0.7,0.2,-0.15,0.27,2.6,0.2,-0.3,-2.5,-1.9,-1.7,-0.3,-1.2,1.2,-0.6,1.1,1.6,5.6,1.5,3.3,0.9,0.3,-7.2,-4.9,-5.0,-4.8,-7.4,-4.7,-1.8,-6.6,-0.9,-4.1,-3.8,-3.5,-2.6,-2.0,7.8,-4.0,-11.7,-9.0,-9.2,-10.7,-8.7,-6.4,-8.7,-5.1,-2.4,-3.7,2.4,8.7,-2.8,-5.3,-5.2,-1.6,-15.3,-1.2,-1.1,-1.9,-1.4,-0.0,0.2,-0.8,-1.1,-2.6,6.0,1.4,0.3,2.8,3.2,7.7,7.1,-1.5,0.6,-2.7,-0.9,-1.2,-1.4,0.8,1.0,-3.3,1.5,-1.1,-4.6,-4.3,-7.3,7.8,-6.2,-6.5,-4.8,-1.9,2.7,1.2,2.4,-5.5,-8.9,-6.5,-6.7,-6.2,-4.5,-4.9,-6.1,-3.2,-3.2,-3.3,-6.0,-3.9,-6.0,-3.2,-0.0,-19.3,-5.8,-6.7,-4.9,-4.2,-4.0,-3.5,-6.4,-5.7,-5.8,-13.6,-2.9,-3.8,-3.1,0.4,-0.5,-2.5,0.9,-1.6,-2.1,-2.3,-2.3,-1.3,-4.5,-2.9,2.7,-5.6,-3.4,-7.4,-6.4,-0.3,-5.2,-5.2,-6.0,-7.4,-6.2,-7.0,-5.1,4.0,-4.5,0.6,-0.3,-4.2,0.2,-1.5,-7.8,-2.0,-6.8,-1.1,-0.8,-3.0,-4.6,-4.0,-4.4,-0.2,-3.0,-1.2,-2.0,0.4,-6.7,-7.5,-4.4,-8.0,-7.0,-2.4,-1.2,-7.4,-1.0,-6.0,-7.3,-9.2,-9.0,-8.7,-4.0,-1.3,-1.0,-1.1,0.0,-1.8,-1.7,-0.8,-1.1,-2.9,-3.4,-7.7,-7.7,-8.1,-10.8,-9.3,-7.5,-3.0,-8.6,-14.1,-8.6,-7.2,-8.6,-9.9,-5.9,-2.6,-3.0,-4.3,-3.6,-6.5,-7.1,0.1,-3.6,-2.0
2C7L5157qg,0,48.102452,11.629351,4442399.89,2777882.08,537.0,582.7,244,7366,2.5,0.86,0.38,32.66,348.96,-0.53,-0.103,0.842,-0.5,0.1,-0.49,0.19,1.1,0.2,-0.3,-0.7,-0.7,-2.7,-1.4,1.2,1.4,-0.7,1.8,-1.5,-0.3,4.3,1.1,-0.9,-1.1,-1.1,-1.8,-3.6,-2.6,-0.7,-0.9,-0.9,-1.1,0.7,-0.6,0.6,-1.9,-1.1,0.9,-2.5,-2.5,-4.0,-4.9,-3.8,-2.6,-2.4,-1.2,-1.0,0.9,2.9,-1.8,-1.6,1.5,-3.1,-0.6,-2.2,-0.2,-1.4,1.4,-0.2,0.6,0.4,1.2,0.3,0.9,-2.8,1.6,-1.1,-1.4,-0.4,-2.3,2.2,2.3,-1.9,1.9,6.1,2.9,1.1,4.3,-1.6,0.9,-0.1,0.8,4.1,1.2,1.6,0.3,-1.0,0.7,-0.8,-1.9,-3.5,-1.1,-0.1,-0.1,-0.5,-2.8,-1.0,-2.9,-1.3,0.8,-3.0,-1.6,-0.8,-1.2,-1.4,-2.0,0.5,-0.1,-1.2,-0.2,-2.2,-1.1,-1.0,-2.1,-2.0,0.7,0.1,1.4,-0.9,0.8,-0.9,-3.4,1.2,-4.1,2.0,-17.0,3.2,-3.1,0.3,0.1,-0.7,-2.4,-1.2,0.2,-1.4,-0.8,1.2,3.1,-0.3,-7.0,-3.7,-3.8,-0.4,-0.8,-3.3,-5.7,-2.8,-0.8,-3.0,2.0,3.9,0.1,-1.6,2.9,-2.4,3.1,1.8,0.3,-0.7,-0.1,2.4,0.6,0.4,-2.6,-1.6,5.5,1.6,-3.0,1.5,1.7,-4.4,-1.2,-3.4,-2.4,-2.3,0.6,3.4,-5.9,0.7,-4.5,-6.7,-4.6,-4.8,-2.3,-2.4,1.4,-5.8,-1.1,3.1,-0.3,0.9,-0.9,-8.8,1.7,-4.1,-5.3,-2.1,-5.0,-4.4,-6.8,-6.3,0.4,-3.3,-7.2,-6.4,-1.1,-5.7,-6.2,-0.3,-4.0,-1.5,-3.1,-2.7,-0.3,-3.7,-3.6,-0.2,-1.6
2C7L5157qh,0,48.10246,11.629415,4442404.69,2777883.11,535.6,581.3,244,7367,4.2,0.67,0.45,32.66,348.96,-0.53,-0.103,0.842,0.1,0.2,-0.17,0.32,1.0,0.3,-0.3,-2.4,-4.8,1.2,3.2,-5.1,6.8,-4.4,-1.4,-1.0,2.5,-3.6,0.6,0.5,-3.4,-2.4,1.0,4.7,1.6,1.2,4.3,-0.4,1.2,-0.7,-6.3,-4.1,0.5,1.0,0.3,0.4,-0.0,-3.7,-10.1,-2.1,0.8,-6.2,-2.6,-4.9,-7.2,-12.5,-10.0,-1.7,10.8,1.3,-2.0,-2.6,-1.5,-4.0,-3.3,1.4,1.6,-2.3,-4.6,2.2,-1.2,12.4,-1.5,-8.0,-5.4,8.8,-10.9,3.3,-6.3,-10.7,-7.2,11.5,1.8,-7.3,-5.9,1.3,2.3,-0.1,-9.7,2.1,-11.4,0.4,-3.5,-0.1,-4.3,-4.4,0.3,3.2,0.6,2.6,1.4,1.1,3.0,-14.4,-4.7,-1.5,1.2,0.0,-3.3,2.4,-2.6,6.0,-10.5,-0.0,-0.6,3.0,0.5,0.1,2.5,-1.6,-3.1,2.8,-1.0,1.1,12.5,-9.6,-4.3,-2.7,-6.7,1.6,8.5,2.7,0.5,-0.9,-0.9,1.0,0.7,-1.3,1.0,1.3,0.7,0.2,-4.9,1.6,-6.9,-4.3,-1.2,-5.9,0.4,-2.1,-1.8,1.0,-11.0,-6.0,-2.9,1.7,2.0,0.5,2.7,1.8,3.1,2.0,-0.5,-2.0,-1.1,-4.2,0.3,4.5,2.4,-1.0,1.6,-5.9,-1.4,-1.9,-1.7,3.2,-0.1,-1.8,-2.5,-3.4,-4.7,-5.1,2.9,-3.0,-4.1,5.1,-1.5,-2.0,1.5,-2.6,0.5,-1.3,1.5,-2.7,1.0,6.1,3.2,0.1,0.0,1.0,0.4,8.4,-0.5,-0.4,-6.6,-0.1,-2.0,-2.0,-0.0,-4.5,-7.5,-2.8,0.3,0.2,-5.7,-4.5,-4.3,-1.3,-2.4,-1.0,-3.1,0.1,-1.1,1.8,2.8
2C7L5157r7,0,48.102659,11.630964,4442519.55,2777907.74,540.1,585.8,244,7393,1.7,0.92,0.32,32.66,348.96,-0.53,-0.103,0.842,-0.7,0.1,-0.27,0.13,0.9,0.1,-0.3,-3.3,-1.7,-4.2,-0.9,2.1,1.2,0.1,1.1,-1.2,1.8,-1.3,0.7,1.2,-2.2,-0.5,0.9,-2.5,-1.5,-4.2,-3.4,-5.0,-3.4,0.8,-1.5,-2.0,2.4,-1.2,0.9,1.9,0.2,-0.2,-8.1,-5.2,-5.2,-1.6,-3.9,-1.6,-1.0,0.5,-1.5,-0.9,-0.5,-0.2,-0.4,0.5,-0.8,0.2,2.1,-0.0,1.3,1.0,0.4,0.4,0.6,1.1,-0.3,0.0,0.4,0.3,-1.7,0.1,-1.2,-1.6,-0.4,-0.9,0.3,-0.3,-1.2,-1.7,-0.6,-2.1,-2.2,-1.4,-2.5,-4.3,-2.1,-2.3,-1.9,-1.7,-1.6,-1.4,-2.9,0.0,0.6,0.1,-2.4,-2.2,-3.2,-6.8,-1.8,-4.3,-2.0,-4.3,-3.4,-2.5,-1.6,-1.9,-1.9,-1.0,-0.8,-2.4,-1.2,-0.4,-1.2,-3.1,-1.8,-1.6,-2.8,-1.2,-1.2,-3.6,-0.3,-2.7,0.4,-0.1,-2.6,-1.5,-2.4,-1.3,-0.7,-2.1,1.6,-0.5,-3.0,-2.3,-0.3,-0.6,-0.6,-2.6,-4.0,-1.9,-1.6,-0.7,0.6,-5.7,-4.7,-6.0,-6.5,-1.6,-0.2,-1.9,-2.8,-2.5,-2.5,-1.7,-4.2,3.9,-0.8,0.7,-0.8,-1.5,2.3,-1.7,-2.2,-2.5,-1.8,-3.3,-3.2,-1.6,-1.9,-4.4,-2.8,-5.1,-5.2,-5.1,-1.8,-2.5,-6.1,-1.3,0.1,-0.5,-5.4,-0.4,-3.6,-4.7,-3.0,-4.2,-2.9,-0.8,-4.8,-4.1,-5.6,-4.5,-3.0,-4.0,-4.4,-2.0,-1.7,-3.1,-6.7,-6.4,-2.0,-6.4,-6.8,-4.5,-4.6,-4.7,-3.1,-6.6,-3.1,-3.8,-3.2,-6.1,-5.2,-3.1,-2.8,-4.9,-2.1
2C7L5157r8,0,48.102657,11.630945,4442518.13,2777907.44,536.4,582.1,244,7394,1.1,0.97,0.19,32.66,348.96,-0.53,-0.103,0.842,-0.6,0.1,-0.21,0.08,0.6,0.1,-0.3,-0.7,-0.5,-0.1,-0.9,-0.2,-0.1,0.1,-0.5,0.7,1.4,-0.2,0.1,-0.1,-0.7,-0.4,0.3,0.6,-0.7,-1.1,-1.7,-1.3,-0.5,0.2,0.5,0.1,2.0,0.1,0.5,1.2,-1.6,-1.1,-5.8,-2.2,-3.4,-2.2,-2.3,0.4,0.4,0.4,-0.5,-0.8,-0.5,-0.4,-0.8,-0.5,-0.4,-0.5,-0.4,0.3,-0.2,0.4,-0.2,0.0,0.9,0.6,0.6,-0.2,-0.7,0.4,-1.2,-0.6,-0.3,1.9,-1.1,0.3,-0.1,-0.1,1.9,-1.3,-0.5,-0.6,-1.2,-1.3,-0.7,-0.6,-0.4,-0.9,0.6,-0.8,-1.4,-0.7,-0.7,0.0,0.0,-0.5,-1.5,-0.6,-1.3,-1.6,0.4,-1.6,-2.1,-3.4,-2.0,-2.6,-0.7,-0.8,0.6,0.0,-1.1,-1.5,0.5,-0.4,0.7,-0.5,-0.4,-0.4,-0.9,0.4,-1.0,-0.5,-0.4,-1.6,-0.3,-0.5,0.1,-0.9,-1.2,-0.4,0.1,-1.1,1.4,0.3,-1.2,-0.7,-0.2,-0.7,0.5,-0.6,-1.2,-1.1,-1.3,0.0,-0.8,-3.4,-2.5,-3.7,-6.0,-0.5,0.6,-1.7,-1.7,-2.3,-1.9,-1.6,-1.2,0.6,-1.4,-1.8,-1.5,-1.8,-1.9,-1.0,-1.2,-0.5,-1.4,-2.4,-2.0,-0.9,-1.8,-2.6,-1.5,-2.7,-4.0,-3.9,-1.8,-2.2,-4.5,-1.1,-1.8,-1.3,-3.7,-3.0,-2.2,-2.3,-2.3,-2.8,-1.9,5.4,-2.1,-3.0,-2.2,-2.1,-2.0,-1.6,-2.3,-2.9,-1.4,-1.8,-5.1,-4.1,-3.0,-3.7,-5.0,-3.4,-3.1,-3.1,-3.8,-3.4,-2.7,-2.4,-3.2,-3.2,-2.6,-1.9,-2.5,-2.9,-1.5
2C7L5157rY,0,48.102853,11.632473,4442631.56,2777931.77,539.7,585.4,244,7420,4.5,0.62,0.45,32.67,348.96,-0.53,-0.103,0.842,-0.2,0.2,-0.29,0.34,1.9,0.3,-0.3,4.0,1.8,-0.5,-3.6,-0.0,-0.0,0.4,2.3,4.8,-5.3,-1.3,-1.9,-2.2,-2.8,-2.3,-1.2,-8.1,-10.7,-9.6,-4.6,-8.3,14.9,1.9,10.9,3.1,7.4,2.4,14.8,9.1,9.0,-13.3,3.6,8.8,12.3,12.5,9.0,16.5,-5.5,5.2,-1.6,5.8,9.3,18.3,5.0,12.7,0.3,-1.1,0.4,4.3,12.4,2.8,2.1,2.8,1.8,1.8,3.6,-0.4,2.8,3.2,0.5,0.8,1.5,1.5,-1.0,-1.2,-2.6,0.9,1.6,0.7,3.3,1.2,3.1,1.9,3.6,3.1,6.9,5.8,7.5,6.7,3.2,1.9,6.8,4.0,2.3,4.4,-6.2,-0.9,-1.0,0.1,5.1,6.2,-2.9,-0.1,0.3,3.1,-2.5,1.2,15.4,-1.5,4.1,0.9,5.5,1.1,3.1,6.2,-2.4,5.4,0.5,3.2,1.7,2.9,5.0,4.1,3.4,3.3,2.3,1.5,1.2,0.6,4.6,1.5,2.1,1.1,1.9,-0.7,2.5,2.7,4.0,2.7,0.2,10.2,0.9,3.4,4.1,7.5,6.6,7.2,-1.1,5.3,6.0,8.1,4.2,3.0,-2.4,2.9,1.8,-0.7,-1.2,-0.1,-1.5,4.4,-5.0,2.2,2.4,1.9,1.2,9.7,0.7,-3.3,-0.0,-0.2,5.2,0.7,0.3,-1.8,3.7,1.5,0.6,2.8,11.2,2.7,-4.3,-3.8,0.0,1.9,2.6,2.2,2.7,-0.5,0.7,0.9,1.7,3.6,1.3,2.5,4.5,-2.1,11.1,0.2,-6.1,-4.2,0.4,12.0,7.8,4.4,5.2,1.9,15.4,4.7,3.1,1.2,-2.5,-1.1,0.4,2.9,-2.1,-1.3,-1.5
2C7L5157sN,0,48.103215,11.635294,4442840.76,2777976.66,534.1,579.8,244,7471,3.4,0.75,0.46,32.68,348.96,-0.53,-0.103,0.842,-0.5,0.2,-0.42,0.26,0.1,0.2,-0.3,-0.1,-0.6,0.7,-0.6,0.5,2.5,1.6,0.1,0.4,3.9,1.4,3.4,-0.9,3.2,-3.1,2.8,2.2,2.4,0.6,-2.6,2.9,-0.1,2.7,-1.2,3.2,3.4,4.6,1.3,2.4,-1.4,3.1,-3.7,-1.9,-2.3,-10.2,-0.3,-4.7,10.8,2.1,2.2,-0.7,-3.6,3.1,3.1,-2.3,3.7,-0.4,-1.2,-1.5,1.1,1.5,-0.7,-1.1,0.9,-0.0,-0.4,-2.6,-0.9,-0.2,0.8,0.1,0.9,4.1,-1.6,3.0,1.3,-2.2,0.2,-2.0,-0.4,1.7,-2.4,-0.8,-3.0,-0.8,2.3,6.9,4.0,1.9,7.2,1.9,1.8,3.2,-1.5,-0.6,6.2,5.2,-0.2,7.4,-0.0,0.6,-1.7,-3.3,-2.5,0.8,9.3,6.8,3.3,5.7,-0.2,-3.6,-4.5,1.6,8.3,1.2,0.1,2.9,-0.0,4.1,-0.7,-0.0,2.4,0.8,-1.3,-1.5,-2.6,-2.8,1.0,-0.6,-1.2,4.4,1.3,0.2,2.2,1.5,1.4,6.4,1.1,-2.3,-2.4,1.6,4.1,2.4,1.0,1.5,-2.2,3.6,0.9,3.4,4.4,4.3,-0.4,-4.0,-1.8,0.5,-1.1,0.8,-0.2,0.1,0.9,1.6,-1.9,1.5,1.1,-0.2,-2.0,-1.9,-3.3,0.7,2.9,3.3,0.3,1.7,-4.9,-5.4,0.6,-1.2,4.1,-0.6,3.7,1.3,-0.5,-4.4,-7.9,2.1,2.8,2.0,5.2,-1.5,5.0,-1.6,-3.3,-8.2,-6.6,-8.0,-11.5,-3.7,-2.7,-0.2,-2.4,-5.1,4.5,-12.9,-0.9,-7.8,-6.2,-5.1,3.5,-1.1,-1.4,2.6,5.5,-5.6,5.2,-1.1,-4.5,6.8,5.1
2C7L5157tK,0,48.103655,11.63872,4443094.95,2778031.17,537.5,583.2,244,7530,2.2,0.87,0.41,32.7,348.96,-0.53,-0.103,0.842,-0.7,0.1,-0.78,0.17,0.4,0.1,-0.3,1.4,0.7,0.7,2.5,-0.8,3.6,0.4,0.3,0.2,2.5,-0.3,3.6,-3.3,0.3,-0.5,-1.8,-2.6,0.0,1.2,-2.0,-1.4,2.5,0.8,4.6,-1.3,2.9,-1.7,0.7,-2.5,-2.8,6.4,0.2,0.6,-2.2,-8.9,0.7,0.0,1.0,-1.0,-2.5,0.3,2.0,-1.6,-0.1,-2.3,0.7,0.7,-0.4,1.1,1.0,3.8,2.0,2.5,1.0,1.0,2.5,1.2,2.7,1.3,1.7,3.1,2.9,4.2,1.4,3.2,1.8,1.7,2.2,0.8,1.5,2.3,1.5,2.6,2.5,3.4,0.8,2.4,4.3,-2.0,6.3,-0.1,6.1,1.7,1.3,2.3,-0.4,2.8,3.1,2.5,1.6,-0.5,-3.5,-1.1,0.5,0.2,3.9,0.5,5.4,3.9,4.7,3.4,2.2,1.4,1.3,3.4,-0.6,-0.6,-0.1,-1.3,0.5,0.7,0.6,1.1,-0.2,0.8,-0.9,-2.7,-0.2,-1.4,-0.6,1.2,0.5,0.5,0.2,-0.4,-1.3,2.2,0.0,-1.3,0.5,2.0,0.5,1.9,2.7,-1.7,-2.7,-0.7,-0.6,5.8,-2.7,1.6,0.4,2.1,-6.1,1.5,2.7,2.6,-1.2,-3.9,-2.0,-1.6,2.0,-0.3,-0.9,-1.9,3.0,2.6,1.1,5.1,2.9,0.6,-2.6,1.5,-4.0,-1.6,-0.4,-1.3,-1.9,1.9,1.2,-0.2,-0.9,-1.5,-0.3,1.6,-0.2,-1.8,-1.5,-1.2,-1.0,-1.3,-1.5,-2.8,-4.9,-3.8,-3.1,-0.8,-2.7,0.4,-6.3,2.3,-7.4,-3.0,-5.6,0.7,-5.6,-4.0,-4.8,-2.1,-4.8,-2.2,-0.2,-1.3,-2.2,-3.4,1.2,-4.0,-2.0
2C7L5157p7,0,48.101772,11.623913,4441996.41,2777797.59,540.9,586.6,244,7269,2.4,0.85,0.36,32.63,348.96,-0.529,-0.103,0.842,-0.8,0.1,-0.71,0.19,0.9,0.2,-0.3,-1.8,1.2,1.1,1.5,-0.2,1.0,1.8,0.7,-1.1,0.8,1.6,1.7,-2.4,-1.6,-4.6,-0.5,-1.2,-5.2,0.7,-2.1,-2.7,-0.7,0.4,-0.8,0.6,0.6,2.5,0.6,2.5,0.9,-12.9,-5.1,-7.4,-3.3,-3.7,-3.5,1.7,-1.1,-0.5,-1.0,-1.0,-2.2,-1.7,0.1,-1.2,1.0,-0.1,0.7,1.5,-0.7,2.1,0.8,1.0,-0.7,-1.3,-0.2,-0.4,-1.8,1.8,-1.7,-1.4,-2.2,-2.1,-1.0,2.7,0.6,-1.0,-5.3,-0.7,-0.8,1.7,-3.3,-0.5,-5.1,-1.8,-0.6,-0.8,-1.6,-2.0,-0.2,-2.7,-2.3,-2.0,-8.5,-3.4,-3.4,-4.9,-4.0,-1.3,-3.6,-1.2,0.4,1.3,2.1,0.2,0.8,0.6,1.6,0.7,1.1,-2.2,-0.5,0.9,2.1,-1.9,0.7,2.7,1.0,4.0,4.9,6.3,3.8,-1.7,-1.1,-1.1,2.0,-4.5,-2.6,-4.8,1.0,1.8,0.2,-0.9,-1.5,-0.2,-0.5,-1.0,-0.6,2.6,-2.9,1.2,-0.4,2.4,-0.4,-2.1,-0.3,0.2,-5.7,3.4,2.6,-0.0,0.6,0.0,-2.1,3.3,1.4,-2.9,-3.7,0.3,-3.5,-1.6,-5.8,-1.5,-5.0,-1.8,-3.8,-5.2,-5.3,-2.7,-5.1,-3.3,-4.2,-1.6,-4.3,-5.9,-2.5,-5.4,-8.3,-1.5,-1.9,-2.6,-6.2,-3.8,-0.8,0.9,-5.4,-3.7,-2.4,-4.7,-2.0,-2.2,-1.7,0.4,0.3,-0.2,0.4,-3.6,-2.5,-5.5,-6.1,0.7,-2.5,-5.0,-6.3,-9.3,-7.2,-4.4,-5.0,-7.6,-5.5,-7.8,-4.6,-6.7,-5.2,-5.2,-1.9,-4.6,-2.3
2C7L5157pp,0,48.102094,11.62642,4442182.45,2777837.5,539.7,585.4,244,7313,3.3,0.76,0.4,32.64,348.96,-0.529,-0.103,0.842,-0.5,0.2,0.03,0.25,0.9,0.2,-0.3,5.4,-0.6,-0.5,-3.0,-0.3,-1.8,-0.4,0.8,-0.7,3.1,-0.5,2.7,-0.6,1.9,1.1,-1.0,-0.4,-0.8,0.5,-1.7,-2.6,-1.9,-3.1,-0.3,0.2,-0.9,-0.3,-1.5,-5.2,-3.7,-12.9,-4.9,-5.2,-3.1,-1.9,-5.4,0.6,0.2,-0.1,2.8,-2.5,-4.2,-0.0,0.5,0.3,-2.6,-2.1,0.3,-0.1,-2.0,1.2,-2.8,-4.0,-3.2,-3.6,-1.1,-7.8,-3.0,6.1,0.3,0.1,-2.3,-2.2,-4.4,-7.9,-0.5,-1.6,-10.9,-2.4,-2.7,-3.5,-3.3,4.7,2.7,-1.5,0.6,-3.1,0.6,0.7,-1.4,-1.0,-1.0,-3.8,-4.4,-2.3,-2.8,-2.0,-8.5,5.6,-1.7,4.9,-8.3,9.2,-2.0,-3.7,-0.4,-3.6,2.7,-2.3,-0.1,-3.0,-2.5,-0.7,0.7,0.1,1.8,-3.8,-1.0,1.9,-1.5,-2.0,1.0,-0.2,-2.5,-1.2,2.6,0.8,-3.6,-0.2,-0.9,0.4,0.5,-6.2,-1.1,-3.2,-5.9,-10.2,-3.5,-3.7,-6.8,-7.6,0.8,-1.4,-3.9,-5.7,-3.6,-1.5,-7.1,-1.4,-4.2,8.6,10.6,-10.5,-4.9,-4.3,-2.5,4.8,1.6,6.2,-0.7,2.5,-3.6,2.3,-3.1,-2.6,0.7,3.5,-4.8,-2.1,-3.5,-5.4,-6.0,-2.9,-9.5,-6.3,-5.3,-2.9,-5.6,-3.3,-3.8,-3.8,-4.0,-6.1,-3.8,-3.3,-0.4,0.1,-7.7,-3.4,-0.8,-4.4,-3.0,-1.9,-2.3,-3.2,-2.4,-2.7,-0.6,-1.1,-6.7,-6.1,-4.8,-2.6,-3.1,0.1,-3.3,-4.4,-5.8,1.2,-5.9,-1.2,-8.2,5.3,-1.1,-10.4,-0.4,-1.6,1.6
2C7L5157px,0,48.102187,11.627149,4442236.5,2777849.07,552.6,598.4,244,7321,4.3,0.65,0.46,32.65,348.96,-0.529,-0.103,0.842,-0.5,0.2,0.67,0.33,1.9,0.3,-0.3,-0.1,-0.5,1.3,0.4,-1.2,3.8,-2.9,-0.3,-1.2,2.8,0.0,1.9,1.5,-11.8,-4.0,-6.3,-3.6,-6.4,-2.2,-3.2,-3.2,-5.2,-1.5,-5.7,-4.4,-6.0,-3.5,0.4,-3.1,-5.4,-8.9,-8.1,-8.2,-5.6,-2.8,-6.2,-7.7,0.1,-5.2,-0.9,-2.9,-0.5,-3.7,-5.9,-1.7,-2.3,-4.2,-6.4,-8.9,-5.7,-3.8,-3.6,-3.6,0.1,-7.3,6.8,-6.2,2.0,0.2,-3.9,-2.8,-0.4,-9.3,13.2,-1.6,-7.7,0.1,9.8,-12.9,-5.0,-1.4,-5.8,-3.6,-2.3,-6.6,-3.1,-6.4,-1.0,-11.8,-5.2,-7.9,-5.9,-3.2,-5.7,-6.2,-4.3,-10.2,-8.7,-4.3,-7.9,-8.7,-7.4,-3.1,-7.8,-6.2,-4.4,-8.5,-5.0,-3.7,-2.9,-4.6,-7.3,-6.3,11.4,-8.1,-3.9,-6.1,-8.9,-13.7,-11.4,-7.7,-3.7,4.1,-13.7,11.7,-2.7,-3.9,-1.8,-5.0,-6.7,-7.5,-12.2,4.6,3.4,-10.3,-3.7,-3.4,-2.3,-5.7,-7.1,-7.5,-7.1,-6.2,1.8,-8.9,-4.9,-6.2,-6.3,-0.4,-0.3,-14.3,-4.7,-6.1,-9.4,-1.6,-3.1,-6.8,-13.8,-9.0,-5.5,0.3,-11.6,-4.4,-0.3,-4.0,-4.1,-6.6,-3.0,-5.2,-5.8,-4.2,-3.9,-6.3,-8.2,-3.9,1.8,-5.2,-7.4,-6.5,-6.2,-4.7,-5.9,-3.5,0.6,-1.0,-1.6,-1.5,0.1,7.2,-8.6,-1.9,-10.0,-5.5,-6.2,-4.8,-8.4,-3.2,-8.6,-9.5,-5.1,-7.7,-8.8,-11.2,-7.0,-12.7,-7.4,-3.8,-12.2,-4.7,-9.9,-4.6,-8.7,-5.6,-3.0,8.9,-8.3,2.6,8.0
2C7L5157r9,0,48.102671,11.630914,4442515.82,2777909.02,532.4,578.1,244,7395,2.3,0.88,0.35,32.66,348.96,-0.53,-0.103,0.842,-0.5,0.1,-0.33,0.18,0.7,0.2,-0.3,0.3,-0.3,0.5,-0.3,-1.0,-0.2,2.3,-0.3,2.8,3.7,-2.1,0.8,1.0,-0.4,1.4,0.4,4.4,1.5,-0.9,-6.8,0.8,-7.3,3.6,-1.9,-3.1,-2.0,1.7,1.5,3.1,-2.5,0.2,-4.8,-5.1,-4.4,0.4,-1.4,2.5,1.4,2.7,0.9,1.7,-0.3,2.2,0.0,0.2,1.8,2.3,0.7,3.0,0.7,2.2,0.9,1.6,1.6,1.7,2.3,1.1,0.6,1.9,-1.7,-0.4,-1.2,5.0,-1.8,1.6,1.3,-1.8,3.2,-1.3,1.0,0.2,0.9,-0.0,1.1,3.2,2.1,1.9,5.2,1.0,-4.5,-1.6,0.9,4.0,3.5,2.1,5.8,2.8,-6.0,-1.7,2.2,-2.8,-1.0,-1.3,-0.9,-1.7,1.8,2.4,1.7,1.6,0.5,1.1,3.6,1.8,3.1,0.7,0.5,1.0,1.4,2.3,1.1,0.2,2.1,-0.2,3.4,0.3,2.7,0.5,-0.2,-0.9,-0.4,0.9,5.1,3.8,-0.3,0.3,2.1,0.4,3.0,1.7,-13.7,2.6,-1.2,3.0,-2.2,-2.4,-1.7,-5.5,-4.5,-1.2,2.9,-0.1,-0.6,-0.2,-0.1,-1.4,-0.6,2.5,-1.6,-1.2,1.5,-0.3,-3.2,-0.3,-0.9,0.8,-0.4,-1.6,-2.0,1.7,0.0,-1.9,-4.6,-3.1,-3.5,-3.1,-0.9,-1.5,-7.3,1.0,-1.4,-3.9,-3.6,-0.7,0.5,-0.1,-0.3,-2.6,-2.0,0.9,-4.1,-3.1,-0.5,-0.9,-0.0,2.5,-0.2,-0.5,1.9,-2.0,-1.3,0.1,-1.8,-3.4,-3.1,-2.1,-1.7,-2.4,-2.0,-1.0,0.0,-1.4,-1.5,-2.2,-0.9,-1.2,-0.7,-2.2,-1.2
2C7L5157rG,0,48.10275,11.631525,4442561.18,2777918.74,541.8,587.5,244,7402,3.3,0.77,0.48,32.67,348.96,-0.53,-0.103,0.842,0.8,0.2,-0.34,0.26,1.4,0.2,-0.3,-1.9,-4.1,-1.8,-3.0,-1.9,1.5,0.1,1.7,5.2,2.8,5.7,-1.1,2.3,2.1,7.1,6.6,6.9,5.5,9.0,4.2,4.3,7.5,5.7,7.3,8.4,10.9,5.9,1.4,3.8,5.3,2.5,3.5,3.5,4.6,1.8,1.6,7.2,2.0,6.8,5.6,2.9,5.9,5.8,0.3,7.0,2.8,2.5,3.7,2.0,4.2,2.9,5.8,4.9,6.1,6.0,3.2,5.6,1.9,3.9,-0.9,-6.5,4.3,-4.3,-0.9,-7.0,3.1,5.0,1.8,2.5,9.3,5.2,0.2,-0.9,6.6,3.9,7.4,7.7,6.3,5.5,7.3,6.2,6.1,6.4,6.6,6.9,7.0,6.8,7.7,7.1,6.1,5.5,1.3,1.8,3.0,5.7,4.9,2.9,7.2,5.3,4.9,3.6,7.9,5.8,6.0,8.9,7.5,7.1,5.5,5.3,6.8,4.7,5.0,7.6,7.0,6.2,7.2,-5.1,6.4,4.3,6.0,-2.0,7.5,6.1,7.0,8.2,10.1,6.5,6.8,4.4,3.7,6.7,6.9,6.6,9.0,6.8,5.1,7.3,4.4,8.9,5.3,5.7,4.0,6.1,6.9,7.1,7.8,8.6,6.3,8.2,8.5,4.9,5.0,7.8,7.3,8.5,6.7,4.9,7.2,6.6,6.3,7.5,6.0,6.9,5.9,5.9,9.2,4.0,2.8,6.4,5.0,6.3,3.8,2.4,-6.6,-5.9,-4.9,16.2,6.8,-6.6,6.8,6.6,4.7,3.6,4.2,5.9,6.3,-0.0,4.2,7.5,5.2,6.8,13.3,7.6,7.3,9.9,9.3,4.5,4.2,3.6,5.7,5.1,3.4,5.2,7.2,18.7,10.9,9.6,13.3
2C7L5157rX,0,48.102838,11.632211,4442612.03,2777929.67,529.9,575.6,244,7419,4.2,0.69,0.44,32.67,348.96,-0.53,-0.103,0.842,0.1,0.2,-0.83,0.32,0.3,0.3,-0.3,5.3,1.5,-0.2,0.1,0.3,-5.3,-0.0,5.6,5.4,-0.6,-0.7,-0.1,-1.8,0.8,1.4,0.8,-2.6,1.1,-7.8,-1.5,-3.2,0.4,0.3,14.0,3.5,-6.5,1.3,1.2,1.1,2.1,-2.1,14.9,-9.3,-9.7,-3.3,11.2,-0.7,3.1,6.8,3.4,4.2,1.2,-6.6,7.0,12.3,3.4,1.0,-1.7,1.5,2.1,0.2,2.0,1.6,2.3,0.8,3.5,-0.9,2.6,1.9,0.3,1.4,1.1,3.4,0.3,1.8,-1.4,0.5,-0.6,-1.3,0.1,-0.8,2.3,2.3,0.1,5.2,8.2,5.5,4.4,4.4,5.2,4.5,3.7,2.0,0.5,4.0,-6.7,0.5,4.9,2.1,3.7,0.4,0.5,-3.0,0.4,2.8,-0.9,0.3,2.7,3.1,0.9,0.8,3.1,2.7,3.8,6.5,4.6,6.5,2.4,4.8,0.9,0.4,6.1,3.7,4.7,3.6,2.9,2.9,4.1,2.7,4.5,3.1,3.6,3.9,2.3,-4.0,2.6,4.9,6.0,4.8,3.0,4.0,1.6,5.9,3.3,6.1,0.8,5.1,0.7,7.0,4.7,-3.3,0.9,3.2,2.4,2.0,3.3,1.7,4.3,4.8,7.8,4.0,2.1,5.5,4.3,4.7,3.3,0.6,2.4,0.9,-0.9,0.3,2.4,2.8,-3.4,0.2,0.1,5.3,0.5,0.8,-1.0,0.4,-1.6,-2.5,0.5,-3.0,6.2,1.9,4.1,-0.4,2.0,1.8,1.2,-0.4,1.4,2.5,2.9,-3.4,-1.9,2.4,-6.0,2.7,14.7,17.6,-10.2,16.2,-7.9,2.7,17.7,15.2,1.0,-2.7,-2.9,-3.6,-0.6,-1.6,-6.0,-4.7,-2.0
2C7L5157rb,0,48.102904,11.632729,4442650.48,2777937.89,542.8,588.5,244,7423,3.3,0.77,0.43,32.67,348.96,-0.53,-0.103,0.842,-0.6,0.2,0.03,0.25,1.1,0.2,-0.3,2.1,2.7,2.2,1.6,4.3,1.6,1.7,1.6,1.4,-3.2,1.7,0.1,0.6,-1.0,0.4,1.4,1.6,0.1,-2.7,0.2,1.4,-0.2,0.9,1.8,1.3,0.0,0.7,-0.1,-0.6,-3.2,-3.2,-7.2,-14.3,-6.8,-4.1,-5.6,-0.9,-4.4,-5.3,-6.6,-2.5,-2.3,-5.6,-3.3,-1.2,-3.7,-2.6,-0.1,-4.3,1.7,-4.7,-3.5,-2.5,-3.9,-1.9,-5.6,0.9,-0.6,-0.9,-2.3,-0.8,-0.8,-7.6,-3.2,-2.6,-1.2,-2.5,-1.3,-0.9,1.0,1.0,-1.0,1.2,-0.2,-1.6,1.8,1.3,0.6,0.4,-4.3,-0.4,-2.7,0.3,1.3,0.8,-3.9,0.5,-2.4,-4.0,-11.1,0.6,-4.1,-4.0,-4.5,-3.6,-5.4,4.2,2.4,-1.6,-2.2,0.4,-1.9,-4.5,4.2,2.8,1.5,1.3,4.6,3.0,11.2,-3.9,-0.4,-5.9,-1.1,-10.1,-4.2,-9.7,-5.1,12.3,-4.5,-0.7,-1.0,1.2,-2.8,-2.4,-0.3,0.3,-1.9,-3.4,-2.9,-3.2,-6.3,-1.9,-5.3,-9.1,-8.4,-6.7,-7.6,2.7,3.3,-2.4,-2.4,-3.8,-4.1,0.4,-1.3,-6.5,-3.9,-0.9,-0.2,-5.9,-2.9,-3.3,-3.6,-0.7,0.7,1.1,-3.4,1.6,-3.0,-6.2,-3.9,0.1,-6.4,-6.9,-1.4,-5.3,-5.7,-3.3,-3.7,-1.2,-2.1,-4.6,-4.6,-7.0,-10.5,-6.2,-5.0,4.9,-3.3,-3.3,-3.2,-0.9,-4.7,-5.5,-0.7,-2.4,0.4,-4.0,-3.0,-3.3,9.2,-7.6,-1.1,-3.5,-2.8,-9.1,-5.7,-2.4,-4.7,-5.8,-5.8,-5.5,-3.0,-1.7,-4.0,-5.0,-4.0
2C7L5157s3,0,48.103098,11.634237,4442762.36,2777961.9,537.7,583.4,244,7451,4.6,0.63,0.49,32.68,348.96,-0.53,-0.103,0.842,-0.2,0.2,-0.92,0.35,0.6,0.3,-0.3,-1.5,-0.4,3.5,-2.4,2.1,1.9,-1.2,-5.4,3.4,4.9,9.8,-0.2,1.7,1.0,-0.9,-3.5,-3.7,-6.6,-7.5,-6.3,-4.5,-0.8,0.8,-5.5,-1.5,4.0,-1.1,0.2,0.5,0.6,3.1,-4.5,-5.9,-5.2,1.6,-0.5,3.1,-1.6,-4.1,1.4,-1.5,-0.5,-3.8,-0.6,-3.1,-3.8,3.6,-1.9,-4.6,0.6,-5.9,1.8,0.4,2.3,-0.7,0.1,-7.1,2.2,0.4,-4.4,1.2,2.7,-2.6,1.9,0.6,1.0,0.7,2.6,3.6,2.9,-1.0,-1.4,1.0,-3.2,-3.6,14.8,-3.0,-2.7,-5.3,-6.5,-0.3,-1.4,-1.7,-5.4,1.4,-8.7,0.1,-10.4,-5.5,-6.4,-2.5,-1.3,2.1,7.1,-0.8,-1.8,0.4,1.6,2.6,-2.1,-2.6,-1.4,0.6,-3.9,-0.8,7.0,-0.4,-1.0,-0.8,-1.4,-1.1,3.3,-0.2,-3.8,2.5,-5.7,0.4,-3.5,-2.2,-1.2,4.8,-7.4,7.2,1.1,2.4,5.6,0.8,-4.3,-2.3,-6.6,16.1,9.5,1.7,-5.7,-0.2,14.8,16.2,10.3,4.7,0.6,3.3,-1.6,0.7,-1.4,-3.1,0.1,0.4,-1.9,0.3,1.5,11.5,1.6,-2.6,-2.5,-6.0,-5.2,-0.5,-4.6,2.8,4.1,-4.8,-7.5,-8.2,-4.1,12.2,-3.5,-5.5,4.1,-2.2,3.5,1.0,-8.8,-8.8,-1.5,-2.3,2.0,-1.0,4.6,0.0,7.2,5.4,0.4,-0.2,0.5,-7.3,-3.6,4.0,7.1,-8.4,11.4,-6.6,-3.5,-4.2,-2.1,-6.6,-6.7,-4.0,-10.2,-9.5,2.4,-4.3,-1.3,-5.9,-5.2,-3.9,-3.5,-2.8,3.1
2C7L5157sY,0,48.10332,11.635968,4442890.73,2777989.44,536.1,581.8,244,7482,2.7,0.82,0.4,32.69,348.96,-0.53,-0.103,0.842,-0.0,0.1,-0.76,0.2,1.1,0.2,-0.3,-1.1,-0.4,-3.3,-2.3,-3.9,0.4,-1.1,-1.9,1.3,4.7,1.5,1.5,-4.8,1.7,-0.4,0.7,-2.0,-5.1,-3.2,-5.6,-1.8,-1.7,0.4,-0.1,2.8,-0.1,-1.1,2.0,-1.1,-0.5,3.9,-2.9,-0.1,-1.0,-5.9,-2.4,-0.7,-3.2,-0.2,7.3,1.2,2.5,2.2,1.7,1.4,0.9,2.0,2.2,-1.0,-1.6,-1.6,1.6,1.7,-1.3,2.0,-0.5,0.6,0.7,0.2,-1.4,-0.0,1.3,9.0,-1.5,-1.7,1.3,-1.0,0.2,-3.6,3.1,1.0,0.4,1.4,0.7,-2.1,-2.9,1.4,-1.3,-1.7,-0.6,-1.0,-1.8,-0.5,-2.3,-0.6,-0.2,3.8,-1.3,-0.3,2.6,-5.3,0.3,2.5,-4.1,2.0,1.6,1.2,4.0,5.0,-5.9,-0.2,-0.6,4.7,0.9,6.2,0.5,5.1,6.3,1.3,0.7,1.7,-0.2,1.1,2.7,1.8,3.0,1.3,1.5,1.5,-0.6,2.7,2.8,2.3,2.9,-2.4,6.0,2.2,-0.0,-4.1,-3.6,1.5,-0.9,2.9,-0.9,-1.8,-10.3,-5.4,0.5,2.8,1.7,1.1,-2.6,-0.2,2.4,2.4,-1.2,3.1,3.4,3.6,1.3,4.0,7.4,6.6,5.0,2.9,4.8,2.2,-7.4,1.3,1.4,-5.5,-5.5,2.8,-1.7,-4.0,2.5,1.7,0.3,-0.1,-0.9,0.9,-3.2,0.3,0.2,1.5,0.9,1.6,1.8,-0.0,2.1,3.9,1.8,2.2,1.2,-0.9,4.0,-1.5,0.5,-2.5,-2.4,-3.9,-0.4,-2.0,0.4,-1.1,-2.7,-3.3,-3.5,3.0,-1.0,-1.2,3.6,-3.3,-5.4,-1.6,-1.1,-2.4,2.4
2C7L5157sl,0,48.10341,11.636665,4442942.47,2778000.54,535.3,581.0,244,7495,3.2,0.81,0.38,32.69,348.96,-0.53,-0.103,0.842,-0.7,0.2,0.19,0.24,0.4,0.2,-0.3,0.8,3.6,1.6,0.6,0.4,4.3,0.4,1.2,-1.8,-12.6,2.6,6.7,2.1,-0.7,3.3,1.4,1.1,2.9,-1.1,-1.4,-3.8,-3.3,-1.1,-3.2,-1.4,2.4,-2.1,-3.1,-0.5,-1.2,-19.5,-3.7,-2.8,-5.2,-5.3,-0.5,-2.0,-2.3,-2.2,0.4,0.9,-1.5,-0.9,1.6,-3.0,-1.6,-3.1,-1.1,1.0,-0.5,0.5,-4.2,-2.8,-3.4,-1.6,-3.7,-0.6,-0.2,-2.7,-3.1,-13.3,-3.9,-1.3,-2.1,-4.9,-0.4,-2.8,-4.6,-1.2,-2.3,-5.0,-2.0,-3.0,-3.4,-5.3,-0.4,-2.5,-6.2,-2.3,-4.6,-1.5,-4.1,-0.8,-4.1,-2.2,2.1,1.4,-3.4,-0.5,-1.2,-3.5,-4.6,-5.8,-7.8,-5.1,-4.5,-5.9,-1.9,-2.4,-3.4,0.3,-5.8,2.1,0.8,-6.9,-0.0,6.7,2.9,-1.2,-2.2,-4.9,-1.7,-0.9,-3.2,-2.9,-2.6,-1.3,2.5,-4.3,-3.3,-2.2,-3.4,-5.2,-2.7,-0.8,-2.1,-2.2,-4.5,-0.6,0.2,-1.2,0.2,-1.2,-1.7,4.9,-3.8,-1.4,-0.5,-2.7,-1.3,-3.1,-3.5,-4.7,-8.3,-0.8,-1.2,-2.0,-2.5,-2.9,-3.0,-3.4,-3.2,-2.6,-2.8,-2.5,-2.5,0.3,-5.9,-3.4,-4.1,-1.5,-4.2,-5.6,-8.5,-6.1,-1.3,-1.2,-6.1,-1.9,-1.0,-2.9,-5.2,-15.0,1.6,-13.2,-4.0,-5.8,0.5,-3.3,-5.7,-3.4,-2.7,-11.0,-3.7,-5.3,1.9,-8.1,-6.3,-7.5,3.0,-1.5,-9.5,-6.5,-2.4,-6.7,-3.1,-7.0,-3.0,-4.9,-2.8,-7.8,-3.7,-1.6,-1.8,-2.0,-1.7,-3.4,-1.5
2C7L5157oK,0,48.101433,11.621131,4441789.97,2777755.38,542.9,588.6,244,7220,3.0,0.81,0.42,32.59,348.92,-0.529,-0.104,0.843,-0.1,0.1,0.31,0.23,0.5,0.2,-0.3,-2.3,-1.3,-3.8,-2.5,-2.5,0.1,-2.2,1.1,1.4,1.0,0.4,2.5,3.1,1.0,-1.6,-0.9,-2.0,-3.0,2.3,-3.2,0.4,0.2,1.5,-2.6,0.2,-1.4,-1.7,1.5,-0.4,0.3,11.4,-1.2,-5.9,-4.4,-8.5,-6.6,4.1,-0.6,2.3,5.6,0.8,1.8,5.1,1.7,0.7,-2.0,-7.7,-5.1,-1.0,-4.1,1.1,-1.5,3.1,8.0,3.5,-1.6,-5.2,-5.0,-1.0,-14.3,-4.5,-4.3,0.9,-2.9,-3.2,1.2,-3.0,-5.2,-2.2,-11.9,-11.2,1.8,2.4,0.8,0.2,-0.2,0.9,2.6,1.5,-0.7,-0.2,-2.8,0.1,1.9,-1.6,-0.4,-2.8,-2.9,-3.5,-3.6,-2.5,0.8,-1.8,-6.8,-4.4,-4.4,-6.2,1.0,-3.8,-0.4,-2.7,-6.2,-2.4,0.4,-2.0,-0.1,-2.5,-1.9,0.2,0.6,-0.6,-2.2,-2.3,-0.1,-2.2,-0.4,-4.2,-2.7,-1.8,-3.4,-3.2,-4.3,-10.0,-3.3,0.1,-2.4,0.9,-1.5,-3.3,-7.0,-3.8,1.3,-0.1,1.0,-2.3,2.0,4.3,1.0,1.7,0.3,-0.6,-1.6,-0.4,-1.4,-0.3,-0.5,-0.2,-0.8,-0.7,-0.8,-3.9,-2.8,-1.5,-0.2,-0.9,-3.4,-0.2,3.6,-4.3,-0.2,-2.7,-4.7,-0.0,-3.6,0.2,-0.0,-2.2,-6.5,0.9,-0.8,-1.3,-0.1,-1.5,-0.6,-0.5,0.4,-3.2,-0.8,2.9,-0.7,-0.6,-1.6,-1.5,1.7,-3.1,-4.1,-2.3,2.6,1.0,1.6,2.4,1.0,-1.4,-3.3,-1.2,-6.4,-1.6,-1.5,-4.2,-2.9,-1.9,-1.6,-3.2,-3.3,-0.1,-2.7,-1.5,-0.6
2C7L5157oU,0,48.101511,11.621742,4441835.29,2777765.1,544.3,590.0,244,7230,2.6,0.85,0.35,32.59,348.92,-0.529,-0.104,0.843,-0.3,0.1,0.51,0.21,0.5,0.2,-0.3,-0.8,-1.2,-0.6,-1.1,-1.8,-0.6,-2.1,-0.5,2.5,-0.3,3.4,0.4,0.6,-0.3,1.0,1.0,-5.2,-1.4,-1.2,-3.0,-2.8,-3.9,0.1,-2.3,-0.2,-0.8,-1.6,-0.2,-3.0,-3.1,-16.0,-2.9,-8.3,-5.3,-4.5,-3.1,1.6,-0.6,2.5,1.0,-0.4,-0.4,0.9,0.7,-2.2,-0.6,-3.3,-3.0,-1.3,-3.5,-1.7,-3.4,-1.4,-2.7,-3.4,-1.0,-2.8,-2.8,-2.4,-2.9,-2.1,-2.3,-0.9,-2.1,-7.0,-1.2,-2.7,-5.6,-4.3,-1.5,-4.4,-2.4,-2.9,-3.3,-4.1,-2.7,-1.0,-3.4,-2.8,-5.8,-6.7,-7.4,-4.3,-6.8,-4.8,-5.6,-2.5,-6.5,-0.2,-1.8,-1.5,-1.7,-4.3,-5.3,-7.3,-3.0,-3.3,-3.4,-4.4,-3.2,-4.6,-3.6,-2.6,-2.1,-3.9,-3.2,-3.7,-4.4,-1.4,-2.9,-2.9,-3.6,-4.2,-3.4,-3.3,-2.2,-5.4,-5.1,-3.8,-5.7,-3.5,-3.9,-4.7,-2.9,-2.0,-0.9,-3.0,-0.5,-0.1,-1.6,-1.6,-2.3,-0.9,-3.5,0.9,-1.1,-1.4,-2.8,-0.8,-0.5,-2.5,-1.5,-3.5,-4.4,-5.9,-5.6,-2.5,-5.0,-4.4,-3.8,-10.7,-5.7,-4.1,-5.3,-4.7,-5.2,-4.6,-3.1,-4.7,-9.6,-0.5,-3.0,-0.1,-1.2,-3.0,-0.2,-2.2,0.2,11.5,0.0,-2.2,-1.3,-5.3,-3.6,-3.2,0.0,-2.9,-4.7,-7.4,6.7,-2.0,0.2,-9.7,-8.4,-5.3,3.4,-2.3,1.4,4.4,-5.7,-3.5,-1.6,-1.7,-6.8,-7.0,-6.3,-3.2,-3.0,-3.4,-2.3,-3.4,-3.9,-5.5,-3.3,-3.5,-4.4,-3.8,-2.2
2C7L5157pA,0,48.101805,11.624025,4442004.7,2777801.45,538.6,584.3,244,7272,2.9,0.82,0.37,32.63,348.96,-0.529,-0.103,0.842,-1.2,0.1,0.1,0.22,0.4,0.2,-0.3,2.4,0.6,-0.8,0.1,-0.4,3.2,0.1,-0.0,0.5,0.0,0.3,1.9,0.2,0.2,1.4,0.6,-0.8,-1.4,-0.2,-2.2,0.1,-1.1,-1.4,-1.7,-0.4,-2.5,-1.5,-0.9,-2.4,-2.1,-12.8,-4.8,-5.3,-3.7,-3.9,-3.5,0.3,0.6,1.5,-0.3,1.4,-0.8,-0.6,1.1,0.2,1.2,-1.4,-0.6,0.8,-0.7,0.2,-1.8,-1.5,-0.6,-3.1,-0.3,-4.7,-2.8,-1.9,-3.6,-1.9,-1.8,-3.0,-2.9,-5.9,-1.7,-2.1,-3.8,-2.9,-2.6,-2.0,-2.0,-1.9,-3.2,-0.4,-1.7,-0.1,-0.5,-0.9,-0.9,0.1,3.8,-0.5,0.6,1.4,0.5,-0.3,-0.8,1.5,3.1,-0.8,-1.6,-4.4,-0.0,-3.3,-1.8,-10.4,-1.3,1.9,0.3,-0.7,2.2,0.3,1.5,0.5,-0.9,3.1,-0.9,-1.9,-0.9,-4.8,-5.4,-6.6,-6.1,-4.6,-4.8,-7.0,-7.6,-4.5,-7.2,-4.8,-9.1,-7.1,-9.7,-8.6,-5.6,-4.0,-5.8,-6.4,-9.4,-3.5,-2.0,-7.9,5.5,-6.2,-2.7,-4.5,-7.4,2.1,1.3,-9.4,-2.2,-1.5,-2.2,-3.5,-3.8,-2.1,-3.5,-3.0,-2.6,-3.9,-5.3,-1.2,-3.5,-4.7,-3.9,2.2,-3.4,-3.2,-3.6,-6.2,-4.6,-2.6,-5.5,-2.0,-2.9,-2.1,-6.5,-3.4,-10.2,8.3,-9.2,-5.9,-14.8,-8.9,-0.8,-5.0,-3.4,-4.2,-5.0,-3.9,-2.5,-5.6,-4.6,-4.3,-6.0,-4.0,-3.8,-2.9,-5.5,-5.2,-4.6,-10.8,-8.0,-9.5,-9.5,-5.6,-5.9,-11.1,-4.3,-8.5,-5.9,-3.4,-4.3,-8.2,-5.7,-6.4,-4.1
2C7L5157pB,0,48.101807,11.624038,4442005.67,2777801.66,536.5,582.2,244,7273,2.7,0.88,0.31,32.63,348.96,-0.529,-0.103,0.842,-0.8,0.1,-0.01,0.2,0.4,0.2,-0.3,0.2,0.0,-0.5,0.4,-0.0,-0.3,1.2,-0.5,0.4,-1.6,-0.2,0.3,0.5,0.6,1.7,1.7,0.7,-1.8,-0.8,-0.9,-1.8,0.5,-0.5,0.6,3.0,1.2,0.3,-0.9,0.2,0.2,-14.8,-3.6,-4.1,-3.5,-4.8,-3.3,-0.7,-0.3,0.7,0.8,-0.4,1.2,1.9,4.6,0.9,2.6,-0.6,0.1,0.6,0.0,1.7,-0.5,0.5,1.1,0.2,1.4,-0.5,-0.1,-0.4,0.0,1.5,-0.2,-0.3,0.0,-5.4,-1.8,-1.2,-3.5,-1.8,-1.7,-1.7,-1.8,-3.8,-2.5,1.4,1.6,0.8,1.0,0.3,0.0,0.4,0.8,-2.2,-0.8,0.8,2.2,0.3,1.4,1.6,1.9,0.6,-1.3,-4.3,0.8,-3.8,-0.1,-3.1,-0.9,-1.3,-2.1,-1.1,0.5,1.8,-0.4,-0.4,-0.1,-1.5,-1.4,11.3,-14.3,-15.2,12.2,-0.5,-1.8,-0.1,-0.6,-2.9,-1.1,-1.0,-0.8,-1.2,-1.8,-1.3,-2.0,-1.4,-1.2,-4.0,-0.7,-1.4,-2.5,-1.5,-2.0,-6.6,-2.2,-4.8,-4.0,-4.0,-6.6,0.1,0.9,-9.1,-2.1,-2.7,-2.3,-1.9,-4.9,-2.1,-2.7,-1.6,-1.1,-1.3,-4.1,-1.1,-2.1,-2.1,-3.3,-5.8,-1.4,-1.3,-2.0,-2.3,-1.3,-0.8,-3.6,-1.8,1.0,-2.3,-4.4,-2.3,-3.7,-2.5,-4.3,-3.2,-4.7,-3.5,-1.4,-2.2,-2.1,-2.0,-2.1,-2.3,-1.7,-3.8,-2.1,-1.9,-2.9,-2.5,-1.3,-1.8,-3.9,-2.7,-2.4,-7.7,-6.0,-5.5,-4.7,-3.8,-3.4,-5.6,-3.1,-5.0,-3.7,-1.4,-2.7,-4.1,-2.7,-2.9,-2.2
2C7L5157pC,0,48.10182,11.624141,4442013.27,2777803.29,538.7,584.4,244,7274,4.5,0.62,0.51,32.63,348.96,-0.529,-0.103,0.842,-0.3,0.2,0.24,0.34,0.5,0.3,-0.3,0.0,-1.4,-0.2,-0.0,1.3,-0.3,2.0,1.0,1.0,-1.0,0.6,-0.3,2.6,-0.3,1.6,1.0,-1.1,-0.4,1.5,-1.5,-0.7,2.0,-0.2,1.8,0.5,2.4,4.1,1.6,1.0,-2.7,9.7,-2.7,-2.4,-0.9,1.2,-5.5,1.4,-3.2,-0.2,0.0,-0.7,-3.2,8.5,-13.5,10.3,-6.6,-7.4,-2.7,1.4,4.3,-5.5,8.6,10.3,7.4,6.0,3.3,1.9,0.9,0.9,1.5,-2.3,-1.6,0.4,-1.0,-4.6,-2.1,-1.1,-0.9,-2.3,-4.7,-2.3,-9.3,-2.5,-3.8,-6.8,6.9,2.2,4.3,-4.3,-4.1,-4.6,-7.4,-2.0,0.7,-3.4,5.7,-4.6,-4.5,-4.0,3.3,5.2,-5.7,-5.8,7.0,-3.8,5.0,-0.7,3.0,-4.6,-0.5,-4.8,5.5,1.5,-3.3,-0.3,0.8,-0.9,0.4,-9.9,-10.8,-10.9,-9.8,4.4,0.2,7.2,1.7,1.9,3.7,3.7,4.6,2.6,3.6,4.9,3.1,4.5,1.2,-2.4,-5.1,-9.3,2.2,-1.4,-0.3,2.9,1.1,1.6,-0.1,5.4,-4.9,1.1,2.7,-5.0,-0.8,-2.5,-1.4,0.0,-2.3,-1.6,-3.8,-3.0,-1.7,-4.6,-3.4,-0.2,0.9,0.7,-0.5,-2.8,-7.3,-7.6,5.0,6.4,9.1,7.6,1.4,6.9,13.4,-7.2,-16.1,-3.1,1.6,-0.9,-8.8,-8.9,-6.7,-6.2,-1.8,-3.1,-4.4,0.2,-3.7,-4.2,-4.9,-2.1,-3.0,-3.2,1.8,-2.2,6.4,2.5,0.7,1.0,1.4,-2.5,-2.4,-2.7,0.4,2.5,1.4,-1.4,0.9,-1.5,-0.7,-14.7,1.6,-1.1,3.2,2.0,0.1
2C7L5157qF,0,48.102285,11.627763,4442282.02,2777860.94,534.5,580.2,244,7339,4.0,0.71,0.5,32.65,348.96,-0.53,-0.103,0.842,-0.2,0.2,-0.4,0.31,1.0,0.3,-0.3,1.5,-2.6,-2.5,-3.7,0.7,-2.0,-1.9,0.6,-0.9,-2.8,-1.0,-1.3,-1.5,-1.5,-2.7,0.5,0.5,-7.8,-5.5,-0.7,2.6,-5.2,-2.3,3.8,1.7,1.2,-1.7,-0.3,13.6,-9.9,-11.7,-7.6,0.6,-2.3,0.6,9.2,10.7,0.0,-3.8,-0.6,4.0,2.1,-1.7,-0.3,4.4,2.1,4.6,-4.5,2.1,-1.8,0.3,-0.4,-0.2,0.1,-0.9,0.3,0.5,-2.3,0.1,-1.1,1.3,-2.0,-3.7,-0.9,-1.3,1.5,0.6,-0.8,0.9,1.3,-0.4,-3.7,-2.0,-0.8,-0.1,-2.6,-1.4,1.6,1.1,-1.9,-2.9,1.4,-5.0,0.2,10.9,-5.2,-8.4,-7.6,3.1,-1.1,-1.7,-9.2,2.9,-2.8,-4.4,6.0,-1.8,-10.0,-8.6,-2.2,-3.9,6.0,-0.3,-5.8,1.3,2.6,2.9,-2.4,-1.6,-0.2,-2.7,1.3,-3.8,0.6,0.4,-1.5,-2.2,-1.1,-1.6,-1.6,2.3,-2.0,-2.1,-2.3,-0.7,-1.3,-0.4,-2.1,-2.4,-3.4,-2.7,-0.3,5.7,-3.3,-8.3,-7.1,2.7,2.4,4.0,8.5,1.4,15.9,-0.8,1.0,-3.5,0.3,-0.7,0.2,-3.5,-1.9,-1.7,1.1,-1.9,0.2,-1.1,1.1,-0.7,-1.1,-4.4,6.2,1.9,-3.9,5.3,-7.3,-0.8,0.6,15.4,-3.1,-5.0,12.6,-1.4,-5.2,2.8,-2.6,1.1,-0.3,-2.3,-1.4,-10.9,-3.2,2.4,-2.8,-2.6,0.9,-4.0,-1.0,-2.0,-0.2,-1.7,-4.1,-7.0,-8.6,-5.1,5.1,1.6,-0.8,1.1,-2.9,0.0,-4.9,1.6,-10.4,-0.7,-4.4,-0.6,-2.9,-3.8,-3.3
2C7L5157qx,0,48.102633,11.630474,4442483.11,2777904.06,543.5,589.2,244,7383,4.2,0.67,0.52,32.66,348.96,-0.53,-0.103,0.842,-0.1,0.2,0.45,0.32,0.8,0.3,-0.3,-1.0,1.9,-0.0,5.3,-9.0,-1.0,-1.2,-2.4,2.2,0.4,-1.6,-3.1,0.4,-0.8,-18.4,1.3,-2.0,0.1,-5.7,-5.1,-2.2,1.0,-5.8,-1.2,-1.5,-11.1,-3.5,6.2,-0.1,-2.5,-2.4,-9.7,-1.7,-8.2,-3.6,-4.0,-5.5,-5.9,-1.4,-2.4,-4.5,-0.3,-0.9,-4.0,-2.2,0.1,-3.0,-3.7,-4.6,-3.5,-1.9,3.8,-0.5,-9.3,-2.4,-8.4,0.0,0.6,2.2,-3.6,-0.1,-0.3,-0.7,-2.1,-0.6,-0.3,-4.9,0.5,-2.8,-2.1,-0.9,-1.7,-1.0,-3.7,-3.1,-3.8,-1.7,-2.2,-3.0,-0.9,-2.7,-5.9,-4.2,-4.3,-0.6,-8.4,-9.0,-9.7,-4.5,-4.7,-3.8,-1.0,-4.9,-2.0,-8.2,-4.3,-5.0,-6.7,-9.2,-8.8,-7.3,-3.9,-3.9,-5.2,-5.6,-5.0,-8.0,-4.4,-6.6,-4.8,-0.0,-5.4,-5.2,-4.0,-1.5,-3.8,-2.6,-4.4,-6.5,-3.3,-4.7,-4.3,0.1,-0.7,-1.9,0.8,-0.3,-12.2,-3.9,-9.7,-11.2,0.3,1.7,-5.0,-3.6,-3.0,-2.5,-5.6,-4.0,-0.1,-0.4,1.3,-4.2,-1.0,4.7,3.1,2.9,0.1,-6.0,-10.7,2.3,-8.9,-8.8,-14.7,-7.6,-1.2,-0.7,-12.0,0.6,-2.3,-3.5,1.0,5.2,-5.4,-19.6,-2.8,6.5,-6.2,1.9,-5.5,3.8,-5.5,-2.7,2.3,-3.9,-4.2,-6.0,2.9,5.3,-2.6,-5.6,-4.2,-3.6,-4.4,-1.4,0.6,2.4,-2.6,-3.0,-1.1,-12.9,1.9,3.0,3.4,2.7,-13.8,-2.3,-3.0,-6.2,-5.5,-4.0,4.5,-0.0,0.8,1.7,-7.5,-6.3,-18.4
2C7L5157rI,0,48.102781,11.631628,4442568.78,2777922.44,542.1,587.8,244,7404,4.3,0.51,0.47,32.67,348.96,-0.53,-0.103,0.842,-1.4,0.2,0.07,0.33,4.3,0.3,-0.3,-2.6,-0.1,-2.0,-1.7,-1.5,-4.1,-0.9,-1.6,-1.2,7.9,-0.8,-3.1,3.5,2.7,5.2,5.0,10.2,-14.8,9.9,-15.8,-9.4,-6.3,-8.7,-10.2,-8.9,-8.8,-9.4,-3.6,-6.9,-10.3,-8.7,-15.1,-0.6,-10.6,-10.8,-15.0,-19.0,-17.1,-5.9,3.3,-3.4,-5.5,-11.2,-1.6,-5.4,-3.9,-9.8,-3.6,-2.5,-0.8,1.0,-2.1,-2.2,0.5,-1.1,0.7,-1.1,-0.5,-1.2,-2.2,-0.7,-0.5,-5.6,-3.5,-2.2,-3.9,-3.6,-2.0,-3.9,-2.3,-3.6,-3.3,-2.7,-2.7,1.3,4.8,7.1,9.3,-11.2,-8.8,-10.9,-14.1,-5.4,0.0,-1.9,-13.7,-6.1,-13.0,-17.7,-3.6,-10.7,-14.4,-7.7,-7.7,-8.6,-8.7,-9.1,-10.1,-9.3,-8.3,-3.2,-8.0,-6.2,-8.6,-7.3,-7.8,-6.8,-8.4,-6.6,-7.2,-6.8,-5.9,-6.2,-2.4,-3.5,-4.0,-3.2,-4.0,-3.1,-5.1,-1.6,-3.8,-4.8,-2.7,-5.5,5.4,-2.6,-7.8,-8.8,-11.6,-12.2,-9.2,-8.8,-6.9,-17.9,-12.7,-16.0,-10.2,-5.8,-3.0,-6.1,-0.6,-0.8,-16.8,-6.1,-4.2,-4.8,-6.4,-4.6,-3.1,-2.8,-6.9,-4.0,-4.0,1.9,-5.9,-11.8,-10.2,-10.0,-12.1,-16.2,-18.2,-11.6,-9.8,-15.8,-13.4,-11.0,-16.1,-3.6,-11.6,-11.3,-15.2,-15.5,-15.6,-6.9,-4.5,-5.3,-2.2,-3.3,-5.6,-3.7,-4.9,-5.3,-5.0,-4.8,-11.6,-11.0,-10.0,-8.7,-18.9,-22.3,-11.2,-11.3,-10.7,-13.0,-10.3,-7.8,-11.4,-9.6,-7.6,-13.0,-7.5,-4.6,-9.6,-12.7,-12.4,-7.7,-3.1
2C7L5157rT,0,48.102847,11.632138,4442606.61,2777930.56,537.1,582.8,244,7415,3.0,0.81,0.42,32.67,348.96,-0.53,-0.103,0.842,-0.3,0.1,0.64,0.23,1.0,0.2,-0.3,-1.3,-2.8,0.5,3.2,0.2,-1.0,-1.3,4.5,7.0,-4.0,2.2,1.7,3.4,-1.0,-4.7,-3.2,1.3,4.7,-2.8,-5.1,-5.1,-4.5,-3.0,-1.6,-2.3,-3.5,-3.0,-1.2,-3.1,-6.5,-8.4,-8.0,-7.0,-5.8,-5.5,-4.4,-1.0,-3.5,-1.8,-3.9,-5.3,-6.8,-1.6,-4.0,-2.2,-4.5,-7.6,-4.3,-3.9,-3.3,-3.5,-0.6,-3.0,-2.5,-3.6,-4.0,-4.9,-3.6,-2.1,-3.4,-4.5,-2.5,-5.6,-5.7,-0.2,-2.3,-3.3,-6.9,-3.7,-3.9,-1.6,-3.0,0.8,-3.5,-5.9,-5.1,-2.7,-3.3,-2.8,-4.7,-4.8,-5.7,-4.7,-3.4,-4.0,-5.3,-4.9,-4.5,-3.9,-4.1,-4.5,-7.8,-0.9,-7.0,-4.1,-5.2,-5.8,-5.3,-2.6,-3.9,-5.0,-4.4,-5.3,-2.9,-5.4,-3.8,-4.4,-4.1,-5.6,-1.9,-2.2,-3.1,-3.8,-5.0,-4.5,-3.9,13.0,-4.5,0.8,-8.0,6.4,-4.8,-5.1,-5.0,-6.1,-4.8,-6.8,-3.5,-4.1,-2.5,-6.7,-4.2,-4.5,-2.7,-4.3,-6.4,-0.1,-5.4,1.1,-4.0,-8.1,-3.7,-2.8,-5.2,-1.2,2.4,-8.4,-9.5,-3.9,-7.2,-1.8,-7.7,-6.0,-3.0,-5.0,-7.0,-5.4,-4.2,-1.4,-2.7,-2.3,-2.8,-3.6,-4.6,-4.4,-4.2,-4.3,-8.7,-2.9,-3.7,-4.3,-7.5,-5.7,-7.6,-1.8,-3.1,-2.1,-4.2,4.3,-2.9,-4.9,-1.5,-4.2,-1.9,-3.7,-2.9,-3.8,-1.8,-7.1,-10.3,-0.8,-7.6,-6.7,1.1,0.3,-4.0,-5.1,-3.5,-6.2,-2.9,-4.5,-6.9,-1.7,-4.0,5.0,-10.5,7.8,-12.2
2C7L5157rd,0,48.102926,11.632755,4442652.38,2777940.38,537.6,583.3,244,7425,3.8,0.71,0.41,32.67,348.96,-0.53,-0.103,0.842,0.2,0.2,0.06,0.29,1.6,0.2,-0.3,1.8,1.3,1.9,0.3,3.9,0.2,2.6,2.6,1.5,-1.3,1.0,0.8,1.7,1.0,3.8,3.7,4.7,1.7,1.2,1.6,2.5,0.5,-1.2,0.9,8.0,8.5,1.4,-2.0,3.5,4.0,-1.8,-2.5,-1.3,-0.8,-1.1,1.6,3.4,1.4,-1.0,-4.0,-2.5,4.4,10.3,-6.6,-0.1,-0.7,-2.6,-0.9,1.0,-0.2,-2.2,-0.5,0.9,1.1,1.9,2.0,2.2,-0.1,-1.1,0.6,3.3,0.9,-7.3,-4.5,-1.4,-3.6,-2.5,-1.3,4.7,1.3,0.2,0.7,1.3,4.6,0.4,4.5,1.1,1.2,2.9,7.5,3.5,3.5,6.4,3.7,0.7,1.1,1.6,7.1,1.1,-5.6,5.6,2.8,-3.9,3.7,10.5,-2.9,-1.8,0.9,0.2,-2.7,6.4,3.5,7.0,4.4,5.1,3.7,2.1,2.2,-0.6,-0.1,0.8,-1.1,-1.1,-1.5,0.1,-1.0,-0.3,-1.5,-1.2,0.3,-4.5,1.8,-2.0,2.2,3.0,5.7,0.1,2.8,3.9,1.6,8.4,-2.0,1.8,7.6,3.0,4.1,5.9,-4.0,8.3,12.8,-6.6,-1.7,-1.6,1.4,-1.8,0.0,-1.6,-2.3,2.6,2.0,-2.0,4.1,0.3,3.3,-1.5,1.0,1.7,0.0,1.2,-5.1,2.9,1.2,-0.8,16.0,-0.4,-0.5,8.7,-0.5,2.1,3.7,5.2,-1.0,-1.8,-3.6,-3.1,-3.0,17.7,-3.4,10.4,-1.9,-3.5,4.6,-2.7,-0.9,-5.7,2.3,-2.3,2.4,5.0,0.5,7.8,4.6,4.9,5.7,18.9,8.6,6.7,-0.9,2.3,4.7,-3.8,-3.2,-1.1,-2.0,0.2,-3.2,-1.4,1.6
2C7L5157pi,0,48.10207,11.62594,4442146.73,2777833.99,536.9,582.6,244,7306,2.0,0.88,0.32,32.64,348.96,-0.529,-0.103,0.842,-0.1,0.1,-0.12,0.15,1.7,0.1,-0.3,-1.4,-1.3,-1.5,-0.3,-1.7,-0.7,-2.5,-1.3,-1.9,0.2,-1.5,-1.1,-0.8,-3.5,-1.6,-1.1,-4.3,-5.1,-4.1,-4.2,-5.5,-4.0,-1.1,-2.9,-1.5,-1.8,-0.7,-0.9,-1.8,-3.9,-9.0,-6.2,-6.8,-6.3,-3.2,-6.2,-2.7,-3.8,-4.5,-3.6,-1.9,-0.7,-2.0,-3.5,-1.2,-1.4,-1.6,-0.7,-1.6,1.7,4.4,1.7,0.4,0.6,1.2,0.8,2.9,2.1,1.9,0.4,1.8,1.2,5.0,0.8,3.4,1.4,0.7,-1.8,-2.5,-1.3,-0.6,-3.1,-2.2,-2.3,-2.9,-2.4,-1.9,-1.7,-3.6,-3.8,-2.4,-3.2,-0.8,-1.2,-2.3,-5.1,-2.8,-3.2,-4.3,-5.0,-5.5,-2.9,-1.9,-2.1,-7.3,-2.5,-3.7,-1.7,-2.6,-1.6,-5.5,-4.1,-4.1,-2.6,-6.6,-2.5,-1.0,-2.8,-2.7,-2.4,-3.4,-3.2,-2.9,-2.5,-1.7,-1.2,-2.8,-1.6,-1.7,-1.3,-0.8,-0.9,-1.3,-3.6,-1.4,-3.2,-0.2,-5.1,-4.1,-6.6,-4.0,-3.1,-1.9,-4.7,-4.7,-4.9,-2.9,-5.7,-0.5,0.6,-0.4,-3.4,-3.4,-3.4,-1.6,-1.4,-0.5,-0.4,-0.8,-1.4,-0.4,-3.1,-2.0,-3.0,-0.8,-2.6,-1.0,-1.1,-1.6,-3.9,-4.4,-4.9,-1.4,-7.1,-2.9,2.8,2.9,-0.3,4.8,1.7,0.3,4.3,-4.1,-1.7,-2.0,-2.1,-1.2,-2.2,-2.6,2.3,2.3,-2.8,-2.8,-0.8,-3.3,-2.5,-3.0,-2.6,-3.1,-5.1,-6.0,-4.0,-5.5,-6.5,-3.1,-4.8,-4.6,-2.7,-3.4,-3.4,-0.7,-3.0,-1.3,-1.6,-1.5,-1.5,-4.9,-3.3
2C7L5157qU,0,48.102424,11.628703,4442351.71,2777877.96,538.3,584.0,244,7354,1.8,0.9,0.33,32.65,348.96,-0.53,-0.103,0.842,-0.6,0.1,-0.33,0.14,1.4,0.1,-0.3,-0.4,0.1,-0.3,0.8,0.2,0.4,1.1,0.0,0.9,-2.3,-0.5,0.9,0.9,-0.8,-0.7,-0.8,-2.4,-1.7,-2.9,-2.6,-1.0,-3.0,-0.1,-1.0,-0.9,-3.6,-0.5,-0.6,-0.3,-3.1,-6.4,-6.9,-7.5,-4.8,-6.2,-2.5,-1.1,-0.4,-1.7,-1.0,-0.3,0.7,-2.6,-1.0,-3.4,-1.1,0.4,-1.4,-1.2,-1.0,-0.1,-1.8,0.6,0.6,0.2,1.7,-0.5,0.3,0.5,-0.2,-1.0,-2.4,0.8,-1.0,-0.7,-1.9,-0.8,-4.0,0.0,0.6,-2.9,1.0,-0.9,-1.1,-0.6,-2.3,-1.8,-1.9,-2.4,-4.8,0.5,-2.8,-0.9,-2.4,-2.5,-4.6,-4.2,-6.7,-3.6,-3.2,-2.8,-0.1,-0.9,-3.1,-4.2,-0.3,0.0,0.4,-3.3,0.7,-1.0,-0.8,-3.9,1.6,-1.1,1.3,1.9,0.6,-1.8,-0.7,-0.9,4.0,1.0,1.8,1.5,0.1,-3.0,0.8,1.2,1.8,2.0,2.5,-5.5,-0.3,-0.6,-0.3,-0.3,-0.9,-2.6,-3.4,-2.9,-2.3,-0.5,-3.4,-3.8,-4.0,-2.7,-4.6,-2.7,1.7,-1.4,-2.9,-2.5,0.3,-1.8,-1.9,0.9,-2.7,-8.4,-0.6,-1.5,-1.0,-0.2,-1.1,-1.9,-0.3,-2.3,-2.1,-2.3,-1.3,-5.2,-5.1,-3.9,-5.0,-7.5,-0.1,-1.0,-5.2,-2.6,-2.0,-5.9,-5.4,-4.0,-2.8,-1.9,-2.3,-2.8,-1.7,-0.1,-2.3,-2.6,-1.4,-2.8,-3.7,-2.7,-2.1,-0.4,-3.5,-5.6,-9.0,-6.0,-8.9,-3.6,-4.0,-1.5,-4.2,-5.6,-2.4,-2.0,-4.7,-2.6,-3.2,-1.6,-1.6,-1.6,-2.4,-2.9,-5.3
2C7L5157qd,0,48.102495,11.629253,4442392.52,2777886.71,539.8,585.5,244,7363,3.2,0.67,0.52,32.66,348.96,-0.53,-0.103,0.842,-0.3,0.2,-0.46,0.25,3.2,0.2,-0.3,3.0,-0.6,6.0,-6.1,-4.4,6.3,-3.7,2.7,-6.1,-1.8,-2.0,-0.1,1.7,1.3,-1.3,-0.0,-0.6,-0.4,-7.3,-3.6,-5.5,-4.9,-5.9,-0.1,-6.9,-4.5,-1.0,-1.7,-6.9,-4.9,-9.1,-9.1,-7.9,-9.3,-11.0,-4.4,-9.3,-1.6,-0.9,-6.7,-5.3,-4.4,-6.8,-6.1,-5.9,-5.7,-5.9,-4.1,-11.0,-11.4,1.2,-0.4,-3.6,-2.1,-1.1,0.9,0.2,-7.5,-2.5,-1.6,-0.2,-3.8,-3.2,4.0,-2.0,1.9,-4.5,-2.1,-4.8,-2.3,-2.5,-4.4,-2.8,2.5,-1.3,-1.3,-4.7,-5.1,-2.1,-3.7,-2.9,-5.8,-2.6,-7.2,-1.8,-10.4,-7.5,-4.0,-8.5,-7.0,-6.5,0.1,-6.0,-0.9,-8.5,-9.4,-8.0,-8.0,-3.8,-7.3,-7.0,-4.0,-6.4,-5.5,-5.2,-7.9,-7.4,-0.9,-7.6,-3.7,-3.3,-5.9,-4.0,-16.2,-1.4,1.8,-0.1,0.1,-0.4,3.5,-0.0,-1.6,-1.3,-0.8,-2.0,-2.4,5.5,6.1,-4.8,-10.8,-2.9,-3.6,-0.8,-5.4,-4.9,-2.6,-7.6,-6.6,-8.5,0.8,-7.0,-2.6,-3.2,1.6,-1.2,-0.1,0.8,1.0,1.6,-0.2,0.4,1.7,3.9,-0.2,-1.4,-1.8,-0.8,-5.3,-6.1,-13.5,-5.1,-8.2,-7.5,-8.7,-8.7,-6.2,-7.0,-4.4,-5.1,-16.4,-8.2,-6.7,-5.4,-3.1,-4.2,4.5,1.8,3.5,-3.6,0.0,-1.3,-1.7,-3.6,3.0,-4.3,-7.3,-9.2,-9.8,-4.0,-8.3,-13.8,-3.7,-5.1,-7.4,-10.6,-5.6,-10.3,-7.6,-6.5,-6.6,-5.1,-6.6,-2.5,-5.8,-4.2,-2.1,-1.5,-11.2
2C7L5157qf,0,48.10251,11.629372,4442401.34,2777888.59,541.6,587.3,244,7365,3.7,0.64,0.49,32.66,348.96,-0.53,-0.103,0.842,-0.0,0.2,-0.13,0.28,2.9,0.2,-0.3,-0.7,-1.9,-4.1,0.8,-0.1,4.8,-0.2,-0.4,-1.4,6.8,-0.4,0.8,-2.3,-1.5,-3.7,-3.1,-2.7,-1.9,-3.4,-0.4,-5.8,-6.8,-5.4,-4.5,-1.0,-4.2,-1.1,-4.1,-7.2,-5.7,-9.4,-7.4,-8.7,-6.1,-11.8,-1.8,-5.3,-0.5,-1.9,7.0,-9.5,-12.3,-13.3,-1.5,-11.3,-7.1,-4.0,2.1,-4.0,-6.3,-1.9,-1.0,-1.9,-2.8,-4.4,-0.9,-2.7,1.5,-2.8,1.7,-1.1,-2.6,-1.2,-1.3,1.0,-0.2,-0.5,-0.2,0.3,-1.1,-1.2,-2.9,0.7,1.1,-2.0,-1.5,-0.1,-13.2,-14.1,-4.9,-3.4,-4.5,-1.4,-2.4,-4.0,4.1,-7.0,-6.8,1.0,-5.1,1.9,-7.0,4.3,-6.7,-7.5,-13.6,-4.9,-5.9,-8.3,-11.4,-9.1,-5.5,-5.1,-9.1,1.0,-7.1,-4.3,-5.9,-5.9,-10.5,-5.1,-7.0,-2.6,-8.2,-2.2,2.0,-2.0,2.6,2.6,-0.9,1.7,0.4,0.8,-1.9,-2.5,-4.8,-0.8,6.8,-3.1,-10.1,-3.3,-4.0,-7.3,-7.5,-8.8,-10.4,-8.3,-5.0,-2.0,-0.0,-11.1,-1.3,-1.2,-0.9,-3.3,-0.2,1.6,0.6,-0.8,3.8,0.2,-1.7,2.6,-2.2,-3.1,0.5,2.6,-6.3,-1.3,0.1,-2.8,-7.9,2.2,-1.9,-5.5,-8.8,-0.3,-4.2,4.7,-3.9,3.5,-6.1,-15.1,-2.9,-3.1,-2.0,-3.3,-1.1,-0.9,-1.5,-0.7,-3.6,9.2,-0.9,-3.8,-4.7,-4.3,-15.0,-7.1,-7.6,-10.7,-8.7,-7.7,-6.9,-4.3,-9.3,-9.0,-7.5,-6.0,-1.8,-1.7,-4.4,-1.0,2.9,-1.3,-3.2,-0.6,-2.3
2C7L5157qk,0,48.102529,11.629516,4442411.98,2777890.89,534.7,580.4,244,7370,3.1,0.79,0.47,32.66,348.96,-0.53,-0.103,0.842,-0.8,0.1,-0.06,0.23,0.7,0.2,-0.3,2.1,-1.7,-5.1,0.4,-4.2,0.7,-2.1,-0.6,1.1,4.4,2.8,-0.9,-1.9,0.2,0.5,-5.7,-1.9,0.6,-3.9,-6.3,1.8,6.4,-1.3,3.8,2.4,-6.2,2.1,6.0,7.3,-1.8,1.6,-7.1,-10.2,1.1,-6.1,-6.8,-2.8,4.3,2.4,1.3,-0.7,-2.1,-0.4,-1.4,0.2,4.2,-2.8,-1.9,-2.3,-0.6,3.5,-1.9,-3.2,7.3,-4.7,-2.4,2.0,1.6,-0.5,-1.7,-1.3,-6.3,-1.1,6.4,7.1,5.6,-2.6,-1.3,-0.5,2.7,1.6,0.1,-2.0,0.4,-3.6,0.7,-4.4,-3.2,0.1,-6.0,-1.1,-6.0,-2.3,0.4,0.8,-0.7,-2.0,-3.1,-3.5,-4.5,-3.5,-1.3,-0.2,1.3,0.4,-6.3,-0.4,-2.1,-3.4,-5.0,-1.6,1.7,3.7,3.9,5.0,2.4,-0.0,2.4,-1.1,0.6,-2.6,3.7,3.0,0.4,-0.5,-14.5,-3.1,-0.2,-0.7,-4.0,-1.8,-1.0,-5.2,-1.2,-2.5,-0.6,-1.4,-1.2,-3.9,-7.0,1.1,-4.1,0.7,-5.2,-4.1,-3.3,-4.1,-3.5,-2.0,-2.8,1.3,-1.1,-0.3,-2.7,-0.3,-0.8,-1.5,0.4,-1.4,-2.3,-0.8,-2.2,-5.0,-2.3,-2.4,-2.6,-2.7,-3.0,-3.7,-1.8,-3.7,-4.4,-4.3,-4.8,-6.6,1.7,-5.8,-5.8,-1.9,-6.0,-6.4,-7.6,-7.5,-1.1,-5.4,-2.4,-2.5,-0.5,-0.9,-2.2,-2.1,-4.8,1.6,-5.3,-2.7,-5.7,-1.7,-0.0,-7.6,-2.8,-4.5,-3.2,-6.1,-3.6,-0.3,-3.8,-9.9,-4.4,-3.3,-4.9,-4.3,-3.9,-3.7,-0.7,0.0,-1.0,-6.2,-3.6
2C7L5157rB,0,48.102733,11.631106,4442529.98,2777916.2,535.8,581.5,244,7397,2.8,0.83,0.38,32.66,348.96,-0.53,-0.103,0.842,-1.0,0.1,-0.5,0.21,1.4,0.2,-0.3,-1.2,-1.3,-1.3,-0.7,0.6,-1.5,3.6,0.3,3.7,2.9,2.4,3.5,1.5,3.4,3.7,-0.7,0.3,-2.8,-2.6,-3.2,-2.9,-4.1,-2.4,-1.4,0.6,1.2,-0.4,1.8,2.0,-4.0,5.0,-8.0,-6.6,-6.7,0.2,-8.8,-0.4,1.1,0.4,-0.5,-0.9,3.2,-2.0,-2.9,-1.0,-2.1,-1.7,-4.7,-4.4,-4.0,-0.7,-1.3,0.4,-2.6,-2.5,-1.5,0.3,-2.7,-2.1,-2.5,-1.2,-1.3,-2.2,-4.2,-2.7,2.9,-3.2,0.6,0.6,-0.2,-1.5,-0.3,4.1,-0.3,0.4,-1.9,1.6,-2.0,2.4,0.3,-1.4,-0.2,-1.1,-0.8,-0.9,-2.6,-0.1,-1.5,-3.2,-0.9,-2.0,-1.3,-6.5,-3.2,-3.1,-2.5,-3.5,-1.7,-3.5,-1.5,-1.3,4.4,-3.9,-0.4,-3.4,3.4,-0.8,-2.3,0.8,-3.8,-6.4,-3.9,-3.4,-6.6,-3.5,-3.8,-16.9,-4.0,1.2,-5.0,-0.6,0.8,1.7,0.6,4.3,3.0,-1.7,1.4,-0.5,-2.8,-3.2,0.2,1.6,1.1,-5.6,-5.3,-2.7,-2.1,-4.5,-0.0,-5.3,-4.6,-4.6,-6.5,-2.6,-2.7,-2.6,0.3,0.6,-0.8,-1.1,3.7,-1.7,-2.0,0.1,-1.8,-2.5,-1.0,-2.0,-3.5,-4.8,-6.3,-5.2,-6.2,-4.5,-1.7,-0.6,-8.7,-5.6,-4.2,-2.7,-6.5,-5.9,-2.7,-1.8,-2.4,-3.4,-1.3,-1.6,-4.1,-3.1,-3.6,-6.0,-3.0,-4.7,-4.8,-1.2,-5.3,-7.5,-6.4,-9.4,-9.3,-8.5,-8.9,-3.2,-20.7,-7.5,-5.2,-6.8,-4.9,-8.5,-3.8,-6.1,-5.7,-1.9,-4.4,-4.6,-3.9
2C7L5157rK,0,48.102809,11.631695,4442573.7,2777925.57,540.1,585.8,244,7406,4.3,0.22,0.43,32.67,348.96,-0.53,-0.103,0.842,-1.1,0.2,-0.43,0.33,7.7,0.3,-0.3,-0.2,1.4,-3.4,-0.4,-2.2,-0.5,-1.1,-3.0,-2.0,-1.2,0.0,1.1,2.8,7.0,7.3,10.3,11.4,10.1,10.1,10.8,9.1,12.7,13.4,14.1,13.1,15.2,14.5,8.6,5.6,10.7,11.0,8.1,9.6,11.8,11.1,13.2,10.5,15.3,13.0,12.4,28.5,5.2,13.3,12.1,12.0,7.8,4.5,3.3,3.1,2.1,2.9,1.2,1.4,1.2,0.4,2.7,1.4,2.2,-0.6,-1.1,0.3,-0.2,3.1,-5.9,-10.1,-4.9,-4.3,-2.4,-3.8,-2.6,-2.6,-2.3,-2.6,-2.1,1.4,3.9,4.0,5.7,4.3,10.0,5.9,7.6,3.5,2.2,5.1,9.9,14.5,13.6,11.7,13.6,9.9,4.7,9.7,12.4,10.2,10.2,7.8,13.4,11.9,11.2,28.2,11.1,12.6,14.1,12.4,13.0,14.6,9.4,16.0,14.4,13.4,13.8,12.5,2.5,3.1,1.2,-0.2,-3.2,-4.0,-3.3,-5.5,-0.2,-3.9,-1.4,2.3,1.8,-1.1,11.2,12.2,11.2,9.6,12.6,8.6,13.9,10.6,12.1,12.7,10.1,15.5,9.4,24.2,-1.8,2.4,3.1,0.3,-3.8,3.6,-9.3,-3.2,8.1,-4.5,-9.9,-6.6,-3.3,3.0,-1.8,5.3,6.3,6.9,8.9,13.6,14.3,13.4,10.7,9.4,5.8,6.7,11.3,0.9,11.0,13.4,10.2,1.4,-2.1,-0.7,-4.3,-1.0,2.0,-6.2,-7.5,-10.7,-4.0,-3.2,-5.6,-7.3,-4.9,-1.7,14.7,10.4,4.9,-0.2,7.1,10.8,8.4,8.6,9.7,11.5,8.4,4.0,-0.2,2.0,-2.5,-1.4,0.5,2.6,1.1,-0.7,0.5
2C7L5157ra,0,48.102945,11.632757,4442652.45,2777942.45,547.4,593.1,244,7422,3.3,0.67,0.43,32.67,348.96,-0.53,-0.103,0.842,-0.9,0.2,0.12,0.26,3.4,0.2,-0.3,-2.5,0.2,-0.1,-1.5,-0.3,2.7,-1.9,-0.2,-4.1,6.8,-2.1,-1.7,-5.4,-7.7,-5.1,-3.7,-6.0,-7.5,-11.2,-9.9,-4.4,-5.7,-4.3,-4.2,-6.7,-3.8,-5.1,-2.7,-5.8,-7.2,-0.2,-12.2,-13.6,-12.2,-9.7,-10.6,-7.2,-7.2,-10.6,-7.9,-6.5,-4.1,-8.0,-6.2,-4.8,-5.2,-3.0,1.3,5.3,-10.1,-5.7,-6.1,-8.0,-8.6,-5.6,-7.3,-2.2,-2.7,-3.5,-4.0,-2.9,-4.1,10.5,-5.0,3.8,-2.8,-5.2,9.0,-3.6,-6.5,-2.2,-5.0,-3.7,-4.2,-6.1,-6.0,-6.9,-7.2,-6.7,-9.6,-7.0,-8.2,-5.7,-7.0,-5.0,-8.3,-6.9,-8.2,-9.8,-13.0,-11.9,-16.4,-12.4,-12.8,-11.4,-13.5,-10.0,-9.2,-9.8,-14.1,-10.2,-9.4,-7.9,1.0,-8.2,-6.0,-2.4,-5.5,-4.7,-11.6,-6.8,-5.9,-7.5,-4.4,1.0,-3.3,-2.0,-4.5,-4.4,-6.8,-6.6,-3.4,-1.4,-7.9,-5.2,-4.5,-4.1,-9.0,-5.9,-9.6,-6.6,-12.0,-1.6,-9.8,-9.4,-11.7,-10.4,-12.2,-6.5,-0.4,-2.5,-7.4,-6.1,-4.9,-4.3,-4.1,-0.7,-5.8,-3.9,-4.9,-7.6,-5.7,-6.1,-10.2,-11.2,-1.6,-5.6,-5.2,-7.5,-8.0,-11.5,-12.5,1.8,-15.3,-20.2,-1.6,-6.3,-13.7,-9.4,-9.4,-5.6,-12.0,-5.3,-4.9,-1.4,-1.9,-6.6,-5.3,0.5,-4.6,-4.8,-5.7,-6.3,-8.1,-9.9,-8.1,-7.4,-10.5,-9.5,-12.2,-15.2,-11.3,-13.3,-12.9,-14.3,-9.1,-11.5,-9.9,-7.6,-11.8,-7.0,-8.2,-10.2,-8.9,-3.8,-6.0,-7.0,-6.3
2C7L515OrQ,0,48.101518,11.621506,4441817.73,2777765.46,548.1,593.8,245,7224,3.2,0.79,0.45,32.59,348.92,-0.529,-0.104,0.843,-0.7,0.2,0.18,0.25,0.7,0.2,-0.3,2.5,0.4,-1.2,0.9,-0.6,-0.8,2.0,0.8,0.0,1.0,-0.6,2.3,-2.1,-0.1,-0.6,0.6,2.8,0.2,4.3,0.5,-0.5,-1.4,-0.0,2.8,0.9,3.2,-1.6,-2.8,2.1,-1.4,7.1,-2.6,-5.1,-6.8,-3.5,-1.3,0.1,2.7,2.2,-0.9,0.5,-0.9,-0.9,-1.9,-2.2,-0.6,-4.8,-2.6,-0.6,-1.6,-1.8,-3.1,-1.1,-0.8,-1.4,-2.2,-0.2,-2.3,-2.4,-2.3,-3.9,-1.5,-4.5,-2.4,-5.7,0.1,-2.1,-6.1,-2.6,-3.9,-4.0,-2.6,-3.6,-2.0,-4.6,-4.2,-2.3,-2.7,-2.2,-1.8,-1.7,0.3,-1.4,-0.8,-1.2,-1.4,-2.0,-3.3,-4.4,-2.6,-5.6,-0.8,-3.4,-4.4,-3.1,-1.2,-1.0,7.3,-2.9,-2.4,-2.1,-1.9,-2.7,-0.4,-2.7,-1.6,-0.8,0.3,0.1,0.0,-2.3,-1.9,-2.4,-1.6,-0.5,-1.9,0.6,-3.6,-2.1,-3.2,-5.3,-2.7,-2.0,-1.9,-0.2,-1.4,-0.1,-3.0,-1.7,1.2,-2.7,-5.8,1.8,-2.6,-2.8,-5.5,-0.2,-2.8,-1.6,2.2,2.1,-2.8,-4.5,-1.6,0.6,-1.9,-1.5,-2.7,-3.3,-2.3,-1.0,-4.2,-4.5,-3.0,-2.6,-2.5,0.3,-0.5,2.6,-3.9,-1.8,6.4,-0.2,-8.2,-2.2,0.2,-9.6,-3.8,3.2,-13.3,-18.4,-1.0,1.7,-4.9,-10.0,-0.6,-13.3,-12.8,-2.2,-2.4,-0.8,-3.7,-2.2,-0.3,8.1,-5.1,-6.5,-1.6,-10.2,4.2,7.9,-7.6,-2.2,-3.0,0.8,-1.7,-8.6,0.2,-7.0,-9.0,-13.0,-7.9,-2.8,-3.3,-5.7,0.2,-1.8,-1.8
2C7L515OsO,0,48.101952,11.624882,4442068.18,2777819.19,546.0,591.7,245,7284,2.9,0.81,0.44,32.64,348.96,-0.529,-0.103,0.842,-0.6,0.1,0.02,0.23,0.6,0.2,-0.3,0.1,-2.3,-0.8,0.6,-1.3,-1.4,1.6,-1.9,-2.6,1.4,-0.5,-2.0,0.5,0.4,0.2,0.2,1.8,-2.0,1.6,1.7,3.4,2.1,3.5,2.8,5.3,2.2,7.5,4.2,2.9,-1.7,-7.0,-1.6,1.4,1.0,1.1,-0.6,2.2,4.8,3.4,5.5,0.5,4.3,6.1,1.7,5.3,0.6,1.6,3.2,0.2,0.8,-0.0,-1.7,-1.6,0.1,0.6,-1.3,4.4,1.3,3.4,0.7,2.0,0.7,-2.6,1.9,2.8,-0.0,0.2,-2.1,-1.4,0.2,2.5,-0.2,1.4,0.7,-1.2,0.2,-2.1,1.4,1.0,-0.3,0.2,4.5,1.2,2.1,2.3,2.5,3.2,-1.3,-0.1,1.0,1.6,0.5,0.4,3.7,0.2,3.4,-1.6,0.9,0.3,0.1,-1.2,-2.2,1.1,1.2,-3.6,2.8,-0.7,1.2,0.8,2.2,2.6,-0.5,0.7,0.9,0.8,1.6,1.4,-0.1,-0.1,-0.1,0.9,0.1,0.5,1.7,-1.8,1.9,1.7,2.6,2.7,1.3,-0.2,-0.3,3.8,8.1,-13.1,0.6,0.4,1.2,2.7,0.8,-2.5,-2.1,-2.7,-1.8,-0.9,-3.5,0.3,-2.4,-1.3,-2.3,3.4,-1.8,-2.4,-2.2,-3.3,-3.3,-4.0,-5.9,-3.1,-1.6,-3.9,-9.0,0.2,-1.8,-0.8,1.4,-1.6,-3.4,0.1,-2.0,-4.4,-4.6,10.5,5.0,0.6,-4.3,3.1,1.8,-9.4,-1.3,0.3,-0.2,1.9,0.4,-0.9,-7.7,0.2,-0.4,-0.4,-3.3,-5.4,1.3,4.6,5.9,1.0,-0.1,0.7,-5.6,8.3,-11.4,4.0,1.4,-8.3,-3.5,-3.0,2.0,-5.2,1.2
2C7L515Ose,0,48.10202,11.625407,4442107.14,2777827.58,527.9,573.6,245,7300,3.1,0.8,0.4,32.64,348.96,-0.529,-0.103,0.842,-0.5,0.1,-0.27,0.23,0.9,0.2,-0.3,-0.3,-0.3,-1.9,-1.1,0.3,2.1,-0.2,-0.5,1.4,-2.2,1.5,2.0,1.2,2.3,-0.6,1.7,0.9,-1.0,-2.2,-2.2,-6.1,-4.0,-2.8,-7.1,1.6,-0.9,-1.2,-3.8,-5.3,-1.2,-8.0,-4.9,-6.0,-4.3,-7.8,-2.9,-3.3,-2.2,-1.5,1.7,0.2,0.3,0.6,2.1,-1.1,-1.1,9.2,-2.8,-1.1,0.3,1.2,-0.4,-0.2,4.8,3.4,-1.4,0.5,-1.3,2.3,0.3,-0.2,-0.1,-1.5,-1.0,3.6,-1.8,-1.0,-3.8,0.1,-0.8,-2.8,-1.6,-2.8,-3.3,-0.9,-0.7,2.5,0.2,1.1,2.1,3.0,0.2,-0.9,-0.8,-0.3,-2.5,-4.4,-6.8,-2.0,-3.0,-1.1,-3.7,1.0,0.5,-2.3,-1.4,1.2,6.2,11.7,1.2,-1.4,-3.5,0.7,-3.3,-4.8,-1.1,0.5,2.1,0.4,-1.5,-1.4,-1.0,-2.0,-0.8,0.9,0.5,-6.2,-2.8,-3.3,-3.9,0.2,-1.7,-1.7,1.1,-2.8,-1.6,-0.3,-0.2,-2.8,-6.3,-5.1,-1.4,-4.2,-2.5,-7.2,-2.1,-2.3,-6.0,0.9,3.8,5.4,-0.1,-5.7,-1.1,-1.0,-4.9,-0.5,-0.4,-1.4,0.4,-2.6,-4.4,-2.0,-6.5,-3.0,0.3,-0.4,-8.1,-2.0,2.0,-2.0,-0.2,0.3,-4.6,-15.8,7.8,-2.1,-0.6,0.2,-3.9,-2.9,-2.3,-4.5,-3.8,0.3,-2.3,0.0,-0.2,1.1,-0.2,-0.5,2.8,-2.3,-4.6,-0.6,-3.9,-2.3,-0.6,-5.9,-0.6,-7.5,6.7,-2.7,-8.1,-11.9,-0.8,-0.6,-3.4,-3.3,-2.9,-5.1,-5.0,-3.7,1.4,-6.0,-3.2,-6.1,-1.2
2C7L515Osp,0,48.102137,11.62632,4442174.89,2777842.09,540.8,586.5,245,7311,3.8,0.71,0.44,32.64,348.96,-0.529,-0.103,0.842,-0.7,0.2,-0.12,0.29,0.7,0.2,-0.3,-1.9,0.0,2.9,-2.3,-1.8,-3.8,1.8,-0.7,-0.9,-3.0,1.6,-3.9,4.3,-2.4,2.6,8.1,0.5,-1.2,0.7,2.5,1.3,-0.1,-4.9,2.3,0.8,-0.8,-3.8,-4.6,-8.0,-9.3,-12.0,-6.3,-1.3,0.4,5.4,-1.5,7.3,-2.2,1.0,-0.6,3.8,-3.6,3.4,0.2,-1.6,3.4,-6.0,-6.2,-2.3,-3.2,-7.5,-6.7,10.4,-2.2,-0.4,1.4,-2.8,-2.8,-3.2,-4.7,-2.2,-3.7,2.7,-2.4,-1.3,-3.9,-3.9,7.4,0.4,-3.6,-3.9,-0.1,-3.1,-2.5,1.9,-4.2,0.5,-1.8,-1.6,-2.9,-0.2,-6.0,-3.7,-7.3,2.4,-0.7,-1.2,-2.7,-0.5,7.6,-1.9,-8.6,-9.9,-0.0,-1.7,-0.5,-10.1,-3.4,-2.5,0.3,-3.0,-3.3,-0.8,-1.9,10.6,-1.5,-1.8,-5.1,-2.7,-5.8,-1.9,-5.2,-5.3,-7.6,-5.2,-3.3,-4.0,-2.0,-2.9,-1.8,-2.7,-0.8,-3.6,0.6,-3.3,-2.6,9.8,5.7,-1.6,-8.2,-7.0,-2.0,-3.4,-2.5,0.1,0.9,-0.1,-8.2,-0.8,1.3,-7.4,-4.4,-5.3,-4.5,-4.0,-1.6,2.5,-4.1,-2.5,1.1,-1.3,-5.9,4.3,-1.4,-2.8,-5.2,-3.3,-4.4,-2.4,-4.2,0.5,1.1,-0.9,-8.8,-3.5,-1.2,-7.8,-3.6,3.0,-1.5,-1.8,-5.1,-4.8,-8.9,-4.9,-3.2,-1.9,-2.1,0.9,2.7,0.9,8.8,-5.7,-8.2,-0.5,-1.2,-10.0,-7.8,-2.1,-9.9,-0.9,-12.1,-0.6,-2.6,-3.5,-5.4,-5.0,-4.5,-8.3,-5.5,-9.3,-8.0,-2.5,-6.1,-3.9,-5.5,-4.8,1.8
2C7L515OuQ,0,48.102847,11.631848,4442584.97,2777930.06,537.3,583.0,245,7410,2.4,0.9,0.22,32.67,348.96,-0.53,-0.103,0.842,-0.5,0.1,0.05,0.18,0.2,0.2,-0.3,-0.2,0.5,-0.9,-1.2,0.1,-1.2,0.1,0.2,-0.8,-2.5,0.7,-0.3,-0.6,-0.1,0.7,1.4,2.3,1.9,-1.3,-1.1,-3.1,-1.2,-0.3,0.8,-0.2,2.3,-0.4,-0.7,0.5,-1.2,-0.1,-3.7,-2.9,-1.6,-3.8,-1.0,0.8,0.8,0.5,-0.7,1.2,-0.0,-0.1,1.1,-0.7,-0.8,-1.1,-0.9,0.7,0.1,1.5,1.4,-0.2,0.7,0.4,-0.6,0.3,0.7,0.7,-0.2,0.6,0.5,-8.7,12.3,-7.3,-1.1,-0.3,-8.4,-1.6,-0.2,0.0,-0.9,0.8,-0.1,1.0,1.7,-0.0,-1.0,-0.6,0.7,-2.0,0.1,-1.4,-1.8,-0.6,-0.0,-1.1,1.8,0.1,-0.5,-2.2,-1.5,-2.0,-2.0,-2.2,-3.3,-1.2,1.8,-0.5,-3.9,-3.0,0.4,-1.9,-0.9,0.2,-1.2,-1.1,0.3,-0.4,-1.1,-1.6,0.2,-0.4,0.2,0.5,-0.6,-13.4,-0.8,0.1,-0.4,-11.6,0.7,-0.6,-1.1,0.9,1.0,-0.4,-0.8,0.1,-2.1,-2.7,-1.3,-0.3,-1.3,-0.5,-1.7,0.1,-5.7,-0.2,1.1,-2.1,-1.5,-1.3,-1.0,-0.5,-0.5,-9.0,-0.7,-0.3,0.2,-11.4,-3.0,-1.2,-1.3,-0.5,-0.6,-0.4,-0.5,-0.8,-1.5,-0.5,-2.1,-2.4,-4.1,-4.7,-0.8,-2.9,-2.8,-0.8,-2.2,-0.9,-3.2,-1.9,-2.0,-1.6,-4.4,-0.8,-0.2,8.1,-0.6,-2.1,-1.1,-2.8,-1.1,-2.0,-1.0,-2.9,0.1,-1.2,-5.2,-4.8,-2.6,-2.4,-3.9,-3.9,-3.7,-4.0,-4.3,-2.8,-2.4,-2.0,-2.5,-3.3,-1.8,-1.6,-1.0,-0.7,-3.1
2C7L515OuR,0,48.10285,11.631873,4442586.82,2777930.46,535.8,581.5,245,7411,2.6,0.88,0.3,32.67,348.96,-0.53,-0.103,0.842,-0.3,0.1,-0.38,0.2,0.8,0.2,-0.3,-0.6,0.9,1.2,-1.1,0.1,-7.9,1.4,0.5,-0.2,-3.2,0.7,-2.9,1.4,0.6,2.0,2.3,2.4,2.0,-0.6,-0.7,-0.5,-0.6,-0.7,1.9,0.9,2.6,0.7,-3.3,-0.8,-1.0,-2.1,-3.4,-2.2,-0.8,-0.6,-0.4,1.2,0.8,2.4,-0.6,1.2,-0.4,0.1,1.3,1.0,1.1,-1.7,-2.5,0.5,-0.4,1.1,1.3,1.4,0.9,0.5,1.8,0.8,1.1,0.2,0.1,0.7,0.2,-9.0,6.7,10.7,0.8,0.4,-11.3,-0.7,-0.3,-0.2,-0.8,0.8,-0.2,0.9,1.6,1.1,0.5,0.6,1.1,-0.3,0.4,-0.1,-0.4,0.5,0.4,-0.3,2.0,1.1,1.3,-1.3,-2.7,-3.0,-1.9,-0.8,-1.6,-3.1,1.3,-0.7,-2.5,-0.6,-0.8,-1.3,-0.8,-0.2,-1.0,-0.7,-0.9,-1.1,-0.6,-0.9,0.2,-0.8,-0.7,-0.2,-2.3,11.3,-2.1,-1.6,-0.4,11.8,-0.5,-1.7,-0.8,1.4,1.9,-0.2,0.9,0.5,-2.3,0.0,1.6,-2.1,-1.8,-0.2,-1.5,2.4,-4.5,2.4,1.3,-2.5,-2.1,-2.7,-0.6,-0.8,0.9,-7.7,-0.5,-0.1,1.5,13.7,-1.3,0.9,1.6,0.1,-1.0,0.8,0.2,-1.2,-0.8,-0.3,-0.9,1.6,-3.4,-1.5,-0.2,2.3,-2.6,-0.1,0.6,-0.3,-2.2,-1.8,-1.7,1.2,-5.7,-1.3,0.1,5.0,-0.1,0.1,0.3,-2.5,-1.5,-1.1,-0.7,-3.0,0.2,0.2,-4.4,-2.6,-4.0,-0.9,-3.1,-0.5,-4.7,-2.1,-3.3,-2.5,-2.1,-2.0,-3.4,-0.3,-2.1,-2.2,-0.7,-0.3,2.6
2C7L515OuY,0,48.102917,11.632397,4442625.69,2777938.79,542.5,588.2,245,7418,3.5,0.78,0.45,32.67,348.96,-0.53,-0.103,0.842,0.3,0.2,0.51,0.27,0.4,0.2,-0.3,1.2,-2.4,6.7,-0.9,-3.0,9.9,-4.5,-1.1,-1.2,0.8,-3.1,15.6,-3.0,-2.2,-0.6,1.7,0.3,2.3,1.8,0.8,-0.7,0.9,1.7,2.7,1.1,2.8,-0.4,-5.4,-5.8,-2.0,-5.4,-5.5,-6.3,-1.1,-2.8,2.9,-1.5,-0.8,0.6,0.8,-1.3,-6.4,-4.5,-1.7,-1.2,-2.0,-4.6,-4.5,-1.8,-1.6,-3.5,-1.8,-1.7,-1.2,-2.7,-3.0,-5.1,-1.5,-1.9,-3.7,-1.4,1.0,-2.6,-3.4,-6.4,-7.8,-4.4,-2.6,-2.0,-3.3,-1.5,-2.7,1.0,0.6,0.8,2.4,2.0,0.9,1.1,-0.8,-0.3,-1.1,-0.4,-0.2,-2.1,-9.6,2.2,1.6,-0.2,-0.4,-3.1,-2.6,-6.1,-2.3,-0.0,-4.8,-4.2,0.4,1.3,-3.1,-2.7,-0.6,1.3,2.4,-0.5,1.8,-0.2,-1.9,1.5,-0.9,-0.5,-0.6,-2.2,-1.6,-1.2,-1.8,-1.2,-1.3,-4.4,-2.5,-4.3,-2.5,-2.6,-3.4,-1.8,1.1,1.2,2.5,2.3,-2.7,1.9,1.5,-0.6,1.1,3.3,-5.1,0.7,-1.8,4.6,1.1,14.9,-4.9,-2.6,-4.0,-1.5,-1.1,-0.5,-1.8,-1.0,-5.1,1.4,-0.7,-2.8,-3.6,-0.4,3.1,-5.0,0.4,1.3,-1.4,-5.1,-3.2,0.8,5.5,-0.6,-4.1,-3.5,-2.8,-5.7,3.2,4.6,-2.4,-4.6,-0.5,13.5,1.2,-1.1,-1.9,-8.3,-0.0,-1.7,-0.9,1.3,0.2,-0.8,-1.2,3.5,0.4,-0.5,-0.6,1.4,0.6,2.4,3.4,0.2,-1.2,-3.0,1.7,7.8,9.0,1.6,1.5,-3.7,-6.8,12.1,-4.4,-0.7,-4.6
2C7L515OvX,0,48.103394,11.636112,4442901.32,2777997.89,551.9,597.6,245,7479,4.6,0.61,0.56,32.69,348.96,-0.53,-0.103,0.842,-0.2,0.2,0.28,0.35,0.1,0.3,-0.3,-1.3,-5.6,-3.0,1.0,-3.7,-0.3,-2.3,2.1,0.9,4.7,-0.0,2.2,-2.6,-5.9,-2.4,-3.0,-3.7,-5.2,-7.7,-9.0,-7.7,-0.7,5.5,9.6,7.5,6.1,0.7,2.7,-0.7,-6.5,4.2,-4.0,1.7,-3.0,-6.4,0.7,2.2,5.2,-0.8,2.7,2.8,1.2,3.9,10.7,6.0,1.7,-0.0,3.9,0.7,5.6,-1.5,-0.3,-0.8,-0.2,1.3,-6.7,0.5,-0.8,0.5,1.5,-1.0,0.6,-1.0,-0.8,-1.9,1.2,0.3,-3.6,4.3,-1.4,-1.7,-4.3,1.3,-0.1,2.0,-6.4,3.9,-2.2,-1.7,-4.5,-6.1,3.0,7.7,9.2,3.0,-1.1,6.2,1.1,0.5,4.0,-10.4,-1.8,1.9,7.3,-9.2,-7.8,0.6,-9.2,-13.7,-9.8,-10.5,-12.4,-4.1,5.2,-14.2,-13.7,2.5,3.7,-2.1,3.4,1.4,0.9,2.7,0.6,2.5,-1.0,3.4,-1.6,-1.5,0.6,1.3,-0.2,-2.0,-2.4,-1.9,-0.7,-0.3,-2.2,-3.4,-4.3,0.0,-7.3,-3.0,-3.7,-5.5,-7.1,-3.2,-10.7,-0.6,-0.7,-3.3,-0.7,-0.9,-2.6,1.4,0.4,-1.3,-0.9,-2.1,-3.3,-4.9,0.9,-0.7,4.2,0.3,4.6,5.1,-10.2,2.9,1.2,9.5,-3.4,9.1,1.2,-6.2,0.2,3.4,4.4,-1.7,1.0,4.1,1.8,-3.2,-2.6,-1.9,-2.6,-3.5,-0.9,-4.0,-2.0,-4.2,-0.2,0.2,1.8,-3.3,-4.8,-2.4,-4.2,8.0,-10.2,-4.3,-0.4,-8.9,2.6,8.4,2.3,8.3,-5.6,6.9,-3.4,-2.9,-0.8,-4.7,2.0,-2.4,-4.2,-1.5,-4.1
2C7L515OvY,0,48.103371,11.635934,4442888.07,2777995.07,540.4,586.1,245,7480,3.7,0.67,0.41,32.69,348.96,-0.53,-0.103,0.842,0.1,0.2,-0.65,0.29,2.0,0.2,-0.3,-4.2,-4.7,-2.5,-3.2,-1.2,4.5,-2.6,-10.8,0.6,7.7,-0.6,5.6,-1.2,-3.1,-0.8,-2.3,-1.4,-3.3,-1.8,-8.4,-10.5,-3.3,-2.6,-3.5,-2.0,-3.3,1.9,7.3,2.1,-2.7,-17.9,-8.1,-6.4,-4.8,-6.5,-2.2,-2.8,-1.9,-1.2,-0.8,1.5,5.6,-0.5,-4.0,1.2,-8.3,1.4,3.7,2.8,8.3,4.2,-0.2,-0.7,-3.2,-4.0,-2.9,4.3,10.7,-0.7,-6.6,-8.4,-6.6,-2.0,-8.7,3.5,6.1,-10.3,-9.2,-7.5,-5.1,4.1,-5.4,-12.8,-5.9,-7.4,-4.0,-3.9,-3.2,-6.6,-5.5,-6.7,-2.1,-4.4,-5.8,-1.6,1.2,1.7,-0.6,-2.9,-1.3,-4.2,-1.9,-6.9,-7.3,-3.9,-5.2,1.2,-1.7,-2.1,-5.8,-5.3,-4.6,-3.7,0.4,-4.7,-3.7,0.4,0.1,-0.5,0.9,0.2,2.0,0.5,3.3,3.3,2.7,5.4,2.8,0.9,3.0,2.7,4.0,1.0,1.3,-2.7,-1.0,4.1,-0.7,-1.3,-2.8,-3.6,-1.9,-6.6,-2.2,-3.1,-3.3,-1.2,-1.2,0.6,1.4,-1.0,-0.2,1.3,0.8,2.2,2.2,1.0,3.5,2.7,2.6,-2.5,2.2,3.8,1.8,3.4,2.8,3.2,-7.9,4.1,-0.1,-2.0,-4.8,-9.4,-3.8,-7.0,-0.6,2.6,-1.2,-1.8,-0.3,-2.1,-6.8,-4.5,-1.0,-0.5,2.1,-0.9,0.5,-0.6,-1.2,-1.0,-0.6,-1.2,0.3,-3.9,-3.6,-2.5,-2.8,-6.9,-6.4,-4.9,5.9,-3.6,-4.3,-5.9,-5.8,-5.0,-5.4,-3.8,-5.8,-2.8,-1.3,-2.5,0.5,-1.2,-0.5,0.6,-1.2
2C7L515OrR,0,48.101536,11.621503,4441817.42,2777767.47,545.4,591.1,245,7225,2.3,0.88,0.38,32.59,348.92,-0.529,-0.104,0.843,-0.0,0.1,0.14,0.18,0.6,0.1,-0.3,0.5,-0.7,-0.9,-0.6,-0.9,-1.1,0.1,-0.1,4.8,3.8,1.8,4.2,-2.7,-1.9,-3.6,-0.9,0.7,-1.5,-0.2,-3.9,-2.2,-3.8,-0.6,1.4,-2.3,-0.5,-1.9,6.9,0.1,-0.6,-15.8,-4.8,-6.0,-8.0,-5.7,-3.8,-3.3,-0.4,-0.4,-5.8,-2.6,-2.7,-6.7,-4.0,-4.3,-3.9,-5.7,-3.3,-2.4,-2.5,-1.8,-2.5,-1.3,-3.3,-3.0,-2.4,-1.9,-1.8,-3.9,-3.2,-2.6,-2.6,-1.7,-3.5,-6.4,-1.6,-2.0,-8.7,-2.9,-3.2,-3.2,-3.5,-0.4,-3.5,-6.8,-3.4,-4.2,-4.5,-4.8,-3.3,-4.1,-2.8,-2.7,-3.9,-4.0,-2.0,-2.6,-2.6,-1.5,-2.4,-4.1,-0.5,-1.1,-4.8,-3.9,-2.9,-3.4,-2.7,-4.6,-4.1,-4.6,-5.1,-4.2,-0.0,-1.9,-1.9,-1.9,-1.0,-0.7,-2.0,-2.3,-2.1,-1.2,-2.2,-1.1,-2.3,-3.0,-4.0,-2.4,-4.6,-2.2,-3.4,-3.0,-1.4,-0.4,-0.5,0.6,-2.7,3.3,-4.4,-1.1,-3.8,-0.4,-0.3,-3.1,-2.3,-0.6,-1.8,0.4,1.4,0.1,1.0,-0.5,-0.4,-0.6,-0.7,-3.5,-0.3,-0.1,-0.5,-2.2,-2.3,-0.7,-1.0,-1.2,-2.7,-1.1,-1.1,-0.6,-3.5,-11.2,-2.9,-3.1,-1.0,-2.4,-0.3,-3.9,-5.9,-0.4,-0.2,-1.2,-3.9,-1.8,-1.7,-1.5,-1.7,-1.7,-2.8,-0.3,-5.2,-4.2,-4.2,-2.3,-3.3,-3.2,-2.1,-0.3,-0.8,-2.6,-7.2,-5.0,-3.7,-4.5,-5.4,-2.7,-3.8,-1.9,-4.1,-2.9,-1.6,2.2,-3.7,-4.1,2.1,-3.3,-1.4,-2.5,-1.6
2C7L515OsR,0,48.101968,11.624857,4442066.3,2777820.88,536.8,582.5,245,7287,3.7,0.73,0.45,32.64,348.96,-0.529,-0.103,0.842,-0.4,0.2,0.32,0.28,1.0,0.2,-0.3,0.1,-2.0,-0.3,3.7,1.6,-2.1,5.3,0.9,2.1,3.4,2.6,-2.5,-0.2,3.2,2.7,-2.0,0.6,2.0,3.5,-0.6,1.7,1.5,3.8,1.6,6.1,3.1,0.7,-2.9,4.1,-0.6,-11.6,-2.6,-1.7,-3.8,-1.0,-2.2,6.0,0.7,0.9,0.3,-1.6,1.3,-1.7,3.1,2.8,-1.8,-2.5,-5.9,-4.0,-2.2,0.3,-4.1,1.5,-2.0,-2.9,-3.1,-0.8,2.2,-1.8,3.2,1.8,1.8,6.3,-1.7,-6.7,-6.0,-2.9,-1.1,-1.1,-0.3,-1.4,-0.3,-0.1,0.6,1.2,-0.1,1.5,0.8,-1.1,1.3,-0.7,10.7,-3.7,0.5,-0.5,-4.3,1.7,-2.0,6.1,5.2,1.8,2.6,1.0,5.8,-2.7,-0.5,-0.8,3.3,0.5,7.8,3.5,3.0,0.5,1.7,-0.1,0.5,-0.7,1.7,1.4,-1.4,-6.4,-3.7,-8.9,-5.0,-5.4,-1.8,-1.5,-2.4,-2.3,-4.1,-2.1,-3.1,-2.0,-3.0,-3.6,-3.9,-6.5,-3.0,-3.7,-2.0,-3.0,0.5,1.2,14.3,3.9,2.4,2.7,-3.1,0.7,-3.7,-2.5,-2.9,-1.1,-2.8,-1.5,-1.0,-5.1,-2.2,-1.8,1.1,-1.8,-3.0,-3.4,-6.6,-4.9,-4.3,5.1,-1.4,0.4,9.6,11.8,-9.5,-9.7,-4.5,-4.6,-3.9,-0.9,-11.3,9.7,5.8,1.4,-5.2,-7.2,-1.6,-0.6,-3.3,0.8,-4.2,6.9,-2.7,-1.5,5.5,-0.8,1.4,-2.9,1.1,-4.0,0.3,-1.3,-1.7,6.9,1.7,-4.8,-11.4,-3.0,1.6,-1.3,-0.7,-0.7,-0.7,-1.2,-0.9,-1.3,-2.9,-5.2,-2.1,0.2,-1.0
2C7L515Osg,0,48.102076,11.6257,4442128.85,2777834.29,538.0,583.7,245,7302,2.2,0.88,0.35,32.64,348.96,-0.529,-0.103,0.842,-0.0,0.1,-0.04,0.17,0.8,0.1,-0.3,0.4,1.3,0.2,1.1,0.3,0.9,0.1,0.0,-1.3,1.4,0.6,2.6,3.1,-0.3,0.0,1.3,-1.8,-1.1,-2.0,0.6,-2.5,-1.6,1.1,-1.3,-0.9,1.0,1.1,0.6,-2.0,-2.6,-11.0,-4.5,-6.4,-4.2,-3.8,-2.9,-0.9,-0.1,0.3,-0.0,-1.6,-1.6,-6.5,-0.7,-2.5,0.0,2.2,-0.1,1.3,0.4,1.0,-0.1,-2.4,-1.0,-0.1,-0.8,-0.3,0.5,-0.3,-0.3,-0.4,-0.0,-1.9,-1.8,-4.6,0.2,-1.4,-1.3,-0.6,-2.6,2.4,-1.4,-0.7,-1.2,-0.6,-0.5,-0.0,0.1,-1.2,-4.8,6.6,3.2,6.1,2.1,6.6,4.3,6.6,3.9,-3.6,-4.3,-2.4,-2.1,-2.2,-1.5,-1.2,-1.9,-0.7,0.6,-2.2,-1.2,-1.6,-2.3,0.5,-1.3,-0.9,0.4,0.5,-0.7,-0.9,-0.5,2.8,-0.2,1.6,1.1,0.8,0.2,-1.9,-1.9,-0.4,0.9,-0.7,1.5,0.5,-0.5,1.6,-1.1,-0.3,-1.5,-3.7,-3.4,-1.8,-0.9,1.5,-1.9,-2.9,-1.9,-2.5,-4.0,-1.0,1.7,1.3,-2.4,0.9,0.8,-0.1,0.6,-1.0,-1.4,-1.6,2.6,-0.3,-2.4,-0.5,-4.0,-0.5,-1.0,-0.6,-1.0,-1.0,-2.5,-5.0,-8.2,4.0,-1.8,-1.1,3.3,-0.2,-1.4,-0.3,1.3,-0.8,-0.4,1.3,2.1,0.3,1.5,0.8,-0.2,-0.9,0.5,-1.2,-1.1,-1.8,-0.6,-0.2,-1.4,1.7,0.5,-0.1,-6.5,-3.1,-3.2,-2.5,-4.0,-1.9,-1.1,-0.1,-1.6,-0.5,-2.9,-1.0,-0.7,2.3,-0.1,3.2,-0.6,-0.2,0.9
2C7L515OtE,0,48.102333,11.627705,4442277.54,2777866.18,541.3,587.0,245,7336,2.0,0.91,0.3,32.65,348.96,-0.53,-0.103,0.842,-0.6,0.1,0.04,0.15,0.3,0.1,-0.3,-0.4,-0.4,-0.3,-1.5,-0.4,1.2,-0.8,-0.8,-0.1,1.5,-0.7,0.8,-0.3,-0.7,-0.1,0.7,3.5,1.9,1.4,-0.9,0.5,0.2,-0.0,1.4,0.8,2.2,0.6,-2.3,-0.3,-1.8,-8.3,-5.9,-3.3,-2.2,-1.4,0.3,-0.5,-0.8,1.1,1.6,1.2,-0.2,0.3,-0.9,0.0,-1.6,0.5,-0.0,-1.6,-0.5,0.8,-0.2,-0.3,0.9,0.6,-0.9,-0.7,-1.0,-0.5,-0.6,-0.4,-1.6,-0.8,1.1,2.4,1.5,-1.3,2.5,-1.0,-1.1,-0.8,-0.2,-2.5,-2.0,0.5,1.5,0.8,-0.5,-0.5,1.2,-0.7,-0.2,-1.9,-0.6,-0.2,-2.3,-2.4,-3.1,0.5,-0.9,-0.8,-0.9,-1.1,1.3,-0.3,-2.6,-1.3,0.9,-2.4,-0.8,-2.7,-0.8,-1.5,-0.7,-2.4,-3.7,-1.5,-1.7,-0.3,-2.3,-1.9,-2.5,-2.4,-1.5,-2.6,-1.7,-2.1,-3.4,-0.1,-1.5,-2.7,-1.1,-0.8,-3.7,-2.0,-1.3,-1.4,-2.3,-0.9,-2.2,-0.8,0.4,-0.8,0.7,-0.4,-3.9,-0.6,-5.4,0.7,1.0,-3.7,-0.1,-1.8,-0.9,-0.8,-1.4,-2.7,-1.0,-1.4,-1.4,2.6,-3.3,1.2,-0.7,-0.8,2.6,0.7,-2.4,-0.8,-2.4,-1.6,-1.5,-5.1,-8.1,-4.4,2.2,-1.0,-3.7,-0.2,-1.6,-2.5,-4.2,-2.1,-4.6,-3.0,3.1,-0.3,-0.6,-14.9,-3.8,-3.2,-4.1,-6.3,-5.3,-4.0,-2.8,-7.6,-2.8,-3.9,-6.5,-7.3,-0.7,-4.0,-4.4,-2.2,-4.8,-2.9,-2.7,-0.6,-4.0,-1.2,-0.3,0.7,-0.7,-2.3,-0.5,-0.6,-1.2
2C7L515Ou7,0,48.102741,11.630884,4442513.39,2777916.77,542.4,588.1,245,7391,3.6,0.7,0.41,32.66,348.96,-0.53,-0.103,0.842,-0.6,0.2,-0.38,0.27,2.7,0.2,-0.3,-2.7,-0.8,-1.5,-0.3,-1.5,-0.4,0.2,3.3,1.5,2.1,1.2,-1.5,1.2,-0.6,0.8,2.4,-1.6,1.3,-10.2,-8.3,-7.1,-4.7,-7.0,-2.9,-0.2,2.8,-3.5,6.5,-4.0,3.7,-3.3,-11.8,-8.1,0.9,-6.9,-9.9,-3.6,-4.5,-4.3,0.5,-3.3,1.3,-3.0,-4.0,-7.2,-2.9,-5.5,-4.0,-0.4,-2.9,-1.4,-1.1,-1.0,-0.7,-1.4,-0.6,0.7,-0.7,-1.7,0.2,-2.1,-0.5,4.0,-1.9,3.0,1.8,0.3,3.3,3.5,0.3,0.4,-1.8,1.0,1.0,-0.1,0.7,2.0,2.4,2.1,-7.1,1.5,-1.7,0.5,-1.1,1.1,-10.8,-4.6,-12.9,-14.0,-5.5,-3.9,-3.2,-4.3,-3.0,-5.7,-4.7,-1.9,-4.4,-2.2,-7.5,-1.0,-1.4,-0.0,-1.0,-0.0,0.2,-1.0,-0.8,-0.2,-3.7,-0.7,-0.8,-0.5,-1.2,1.1,0.8,1.1,-0.3,1.3,0.5,0.7,1.4,-0.7,-1.0,0.5,5.2,-3.9,1.8,-6.4,-10.8,-0.8,-5.6,-0.3,-7.1,-9.5,-9.7,-6.4,-6.4,-6.4,0.6,-2.4,-2.7,-2.5,-0.6,1.0,-0.7,9.2,0.2,-0.6,-1.8,-1.2,-3.6,-1.6,0.4,-1.8,1.4,-0.4,-4.1,-0.6,-2.6,-16.2,-12.9,-4.1,-11.7,-10.4,6.3,-2.8,-9.3,-2.8,1.4,-7.1,-6.5,-6.5,-3.9,-4.0,-3.8,-1.4,-1.4,-1.4,-2.5,-5.0,-1.8,-3.3,-5.7,-2.5,-0.3,1.8,-20.5,-1.8,-6.5,-2.0,-15.7,-9.9,-2.3,1.3,-2.0,-10.8,-2.6,-4.2,-2.7,-2.5,-6.1,-3.8,-4.0,-2.8,-2.4,-3.3,-1.6
2C7L515Ov8,0,48.103184,11.634331,4442769.11,2777971.63,537.2,582.8,245,7454,4.5,0.62,0.44,32.68,348.96,-0.53,-0.103,0.842,-0.9,0.2,-1.23,0.34,0.9,0.3,-0.3,0.9,2.6,1.6,-1.2,-1.3,-13.6,1.1,2.3,6.5,-13.4,-5.3,-11.0,-1.1,5.6,0.8,-2.3,-2.0,-3.2,-2.2,-0.5,2.1,-2.2,3.7,-6.3,14.4,7.4,4.9,6.8,2.8,-0.5,2.9,-0.7,0.8,-5.1,-2.1,-4.2,1.7,0.6,-0.3,-0.5,-2.1,2.5,0.4,0.4,6.3,7.5,5.5,4.6,-1.0,1.4,6.1,3.8,6.9,6.8,2.4,-0.0,6.5,2.5,1.6,4.9,4.0,11.4,3.8,0.6,-11.7,-3.1,2.9,-1.9,3.9,-3.2,4.5,2.2,0.8,0.3,-1.3,1.2,2.8,5.4,4.5,5.6,1.6,-3.3,3.2,1.3,-0.8,-3.8,5.9,1.5,4.0,2.2,1.0,10.7,9.1,-12.3,0.4,-2.7,-12.4,0.1,-2.3,-2.6,-0.3,-1.8,1.3,5.9,7.1,2.1,2.7,2.1,-3.1,-3.3,1.3,-0.8,2.2,-0.9,-0.2,4.9,8.6,-4.2,8.7,-1.2,-10.0,-1.8,-5.3,-5.0,-5.7,-3.0,4.3,-12.7,11.5,-1.5,-4.5,-0.2,9.5,1.9,2.5,-1.8,5.4,-0.1,-0.4,5.3,-1.3,1.4,-2.4,3.7,2.2,6.0,-6.9,2.1,0.3,1.8,5.8,-2.3,-0.0,-2.0,1.4,-0.2,-2.3,-1.7,10.1,-5.6,-1.7,2.7,2.9,1.2,-1.2,-1.0,2.9,5.1,0.8,-1.3,3.7,0.4,-1.4,-5.6,1.0,0.4,-6.1,-1.4,-7.1,-1.7,-2.7,-1.8,-1.4,0.8,0.6,-0.3,-0.8,-3.4,-3.2,-8.3,-5.7,-2.3,0.3,-4.0,-0.9,-0.6,-2.0,-4.2,-1.5,-7.0,-5.0,-5.5,-5.6,-8.3,0.7,-11.9,-9.0,-10.7
2C7L515OvE,0,48.103227,11.634663,4442793.77,2777976.93,534.9,580.6,245,7460,3.1,0.81,0.39,32.68,348.96,-0.53,-0.103,0.842,-1.5,0.2,-0.28,0.24,1.2,0.2,-0.3,3.4,2.0,0.3,0.6,2.3,4.1,-0.4,-0.4,-1.3,3.9,-0.6,2.1,1.3,-3.3,0.7,0.5,0.0,-1.3,-1.4,-1.6,-2.1,-4.1,3.1,-4.6,-5.0,-0.5,-2.3,3.7,-3.2,-2.4,-21.6,-15.0,-7.9,-10.4,-6.7,-3.4,1.2,-1.5,2.5,-1.6,-3.2,1.5,-2.4,-1.0,-2.1,-0.6,-0.6,0.4,-2.6,3.0,-0.2,4.1,-0.2,-2.0,-0.7,0.1,3.3,4.0,-1.0,1.9,-0.1,0.1,-5.1,0.6,1.3,-0.3,-1.4,-7.4,-3.9,-2.5,-1.0,-3.8,-4.2,-3.7,-1.8,-0.9,1.4,-1.4,0.5,1.3,-1.4,0.1,-2.1,-0.8,0.9,2.5,2.2,1.0,3.1,-0.3,-1.7,-2.0,-5.3,-8.6,-2.4,-6.5,-1.1,1.5,2.9,-2.9,-1.9,-0.1,-5.8,-2.3,-1.2,-1.3,-2.2,1.5,-2.8,0.1,-0.9,1.5,-2.3,-2.3,-1.5,-0.3,-1.4,-0.6,5.8,-0.3,-1.9,-4.0,-1.4,-2.0,-3.5,-2.0,-1.3,-3.4,-5.8,-7.2,-8.8,-7.7,-0.6,-3.3,-4.2,-2.0,-6.4,-9.0,-6.9,-1.8,-3.9,-6.4,-6.1,-8.3,-5.1,-5.0,-3.9,-5.8,-3.5,-5.0,-7.3,-8.1,-5.0,-3.3,-5.4,0.9,-5.2,-4.5,-4.8,-6.7,-3.8,-8.5,-10.8,-8.5,-5.1,-0.9,-2.8,-4.2,-4.3,-7.3,-4.4,-6.7,-5.6,-4.3,-3.3,-10.6,-8.0,-4.9,1.5,-4.7,-3.6,-5.5,-6.6,-14.5,-5.3,-3.1,-6.3,-4.6,-7.5,-8.2,-6.4,-9.0,-8.6,-7.6,-4.0,-6.8,-9.0,-6.6,-1.1,-9.2,-7.9,-8.7,-7.7,-3.5,-10.1,-6.6,-7.2,-5.0
2C7L515Ovw,0,48.103535,11.637067,4442972.07,2778015.18,531.6,577.2,245,7504,4.1,0.66,0.45,32.69,348.96,-0.53,-0.103,0.842,-1.4,0.2,-0.04,0.31,2.9,0.3,-0.3,-1.7,-0.4,1.4,-0.9,-0.5,10.1,1.1,-1.5,1.3,-7.5,-0.6,-7.8,-0.2,-0.1,1.2,0.1,-0.1,-1.1,-1.6,-4.0,1.2,4.2,6.4,3.6,5.7,2.3,3.4,10.2,7.8,14.5,10.5,-1.3,10.0,3.3,-0.2,-0.2,14.1,1.8,13.1,11.4,4.5,4.0,3.6,13.6,10.8,5.9,12.2,3.5,0.3,-4.9,8.3,-4.7,-0.9,0.9,-0.6,-2.8,-2.2,-1.7,-0.8,1.2,-1.3,-2.9,-9.6,-11.8,-16.4,-13.7,-7.0,-14.2,-3.1,-2.0,-15.1,1.3,1.4,0.9,3.2,1.6,2.7,3.6,1.4,-1.0,1.3,-0.1,0.8,-3.2,7.5,-0.5,3.2,-2.3,1.1,1.8,-0.3,4.9,1.3,3.4,7.0,0.1,4.9,3.4,9.3,2.4,7.4,6.3,4.0,3.3,3.4,4.0,3.4,3.7,2.7,2.5,0.9,2.6,3.6,2.7,1.9,-1.8,-0.2,-0.9,-2.8,-2.2,-1.9,0.9,-0.2,-2.7,-0.6,1.1,2.4,-0.2,5.2,5.5,1.6,3.5,2.1,0.7,-2.1,-4.3,-5.4,0.4,1.8,1.0,-7.1,-1.4,0.0,-2.5,-3.3,-4.4,-3.8,-2.0,-2.5,-1.5,-7.7,-1.2,-2.8,-1.6,-2.5,-2.8,-2.3,-2.1,-1.5,-1.0,0.9,-7.0,1.1,-4.0,-5.4,0.3,0.7,-1.9,-3.7,-1.4,0.3,-1.6,-7.5,-6.2,-4.5,-7.5,-3.3,-0.9,-7.0,-2.6,-1.2,-1.2,-1.2,-3.0,-1.2,-1.4,-1.3,-2.5,-1.3,-3.1,-6.1,-10.3,-3.9,1.6,-1.9,-3.2,-9.7,-3.4,-4.5,-4.3,-5.1,-3.9,-2.7,-1.0,2.3,-3.1,-3.7,-6.4
2C7L515OrN,0,48.101512,11.621165,4441792.36,2777764.17,542.8,588.6,245,7221,2.8,0.81,0.44,32.59,348.92,-0.529,-0.104,0.843,-0.4,0.1,-0.69,0.22,0.3,0.2,-0.3,0.0,-0.9,-1.6,-1.2,0.3,0.1,-0.8,-1.6,3.9,2.6,1.5,1.5,1.0,0.9,1.3,0.2,0.2,-3.3,0.0,-1.3,1.3,-3.2,0.8,-1.9,0.1,-2.9,-1.9,-0.8,-2.2,-2.3,9.4,-0.9,-4.7,-3.0,-2.1,-4.2,0.3,-2.0,1.9,4.7,-0.0,11.1,10.0,3.9,1.8,4.4,-9.2,-7.7,-0.3,-3.0,-0.7,-3.2,-1.9,-2.6,-3.9,-3.1,-4.1,-2.5,-2.6,-2.3,-2.0,-2.0,-0.3,-2.9,-6.5,-2.8,-4.5,-4.9,-2.6,-3.2,-7.9,-1.5,-3.7,-2.1,0.5,1.1,0.8,2.8,3.7,-0.8,0.7,0.4,3.6,4.2,0.9,-0.2,-1.0,-3.8,-2.3,-0.2,-1.9,-0.7,1.6,-5.6,-2.9,-1.0,-10.4,2.0,-0.2,0.3,-1.2,-1.6,0.0,0.9,-1.9,1.2,-0.2,1.2,2.0,3.3,3.1,2.3,-0.7,2.6,0.7,2.0,1.2,0.5,2.9,0.7,1.6,-1.4,4.0,2.3,1.4,-4.8,1.0,-1.2,-0.5,7.1,-6.9,2.4,1.5,2.0,-1.6,-0.7,1.2,0.7,3.6,1.6,5.3,2.7,3.9,0.2,2.8,2.3,0.7,0.6,0.9,0.1,-1.6,-2.8,0.2,0.7,-0.1,-3.4,1.3,1.6,-9.1,-2.6,-2.5,-3.6,1.2,-1.2,-2.1,-2.1,-2.1,-6.3,0.2,-1.4,-1.6,-2.0,-2.4,-2.2,-1.4,-0.2,-3.1,-0.9,-1.6,-1.6,-0.6,-2.2,-3.8,0.3,-2.1,-3.7,-2.9,-1.5,0.3,-1.4,-0.8,-2.6,-1.6,-4.9,-2.2,-4.5,-2.9,-1.7,-4.5,-3.5,-4.0,-4.5,-5.5,-3.1,-4.6,-1.9,-3.8,-3.0
2C7L515OrO,0,48.10151,11.621151,4441791.28,2777763.95,539.4,585.1,245,7222,2.7,0.82,0.43,32.59,348.92,-0.529,-0.104,0.843,-1.2,0.1,-0.5,0.21,0.6,0.2,-0.3,-1.4,-0.7,-0.9,0.2,-0.2,-1.5,-0.5,-0.9,1.3,0.8,1.8,-0.8,1.4,-0.3,-0.3,-0.3,-2.0,-4.2,0.8,-0.3,2.3,-2.4,-0.3,-0.8,1.0,2.7,1.6,-0.9,-1.0,-3.2,9.6,-4.2,-4.8,-5.9,-3.5,-5.0,0.3,-2.2,-3.9,3.8,0.6,0.2,2.0,1.3,5.3,4.6,-0.1,-1.5,-2.1,-1.1,-0.3,-3.1,0.2,-1.4,-4.3,-9.1,-4.8,-5.1,-7.6,-3.1,-3.0,8.9,2.4,-4.1,-8.4,-4.2,-5.4,-4.1,-3.9,-5.9,-8.4,-5.2,-4.9,-4.9,-4.0,-4.6,-3.9,-5.0,-3.7,1.1,-1.3,1.2,-0.3,0.2,-2.0,-1.3,-0.7,-3.5,-1.2,-1.3,-3.3,-1.9,-4.4,-6.2,-3.4,-1.6,-0.3,-1.5,-2.0,-3.5,-3.1,-3.1,-1.7,-0.2,-2.7,-0.6,-1.8,-0.5,0.4,-0.5,0.1,-0.6,-0.5,0.3,-1.2,-1.0,-3.0,-0.7,1.4,2.2,2.7,1.7,-1.9,1.6,-0.8,-1.6,-5.3,-2.7,-3.3,-3.7,-2.1,-2.0,-2.6,0.3,-2.0,-2.5,-0.9,-2.0,2.7,2.4,3.7,1.1,0.7,1.6,0.8,2.8,-0.2,2.9,-0.7,-5.3,-7.3,-8.1,-3.8,-4.1,-3.0,-4.7,-3.6,-2.9,-2.0,-4.6,-6.6,-5.2,-4.5,-5.9,-6.4,-6.2,-4.8,-11.1,-4.0,-5.8,-5.5,-7.6,-8.7,-7.9,-6.6,-3.9,-6.4,-5.2,-4.2,-5.6,-3.8,-5.2,-5.3,-3.9,-5.7,-5.2,-4.9,-4.2,-2.6,-6.1,-2.4,-4.3,-4.8,-8.7,-4.3,-6.7,-6.0,-5.6,-8.9,-7.5,-7.5,-7.2,-8.3,-8.3,-4.9,-4.7,-6.5,-6.6
2C7L515Os8,0,48.101864,11.623911,4441996.06,2777807.86,544.9,590.6,245,7268,2.7,0.84,0.43,32.63,348.96,-0.529,-0.103,0.842,-0.1,0.1,0.48,0.2,0.1,0.2,-0.3,-3.7,-0.1,-2.7,0.0,-0.1,-0.7,-1.4,0.7,-2.1,-1.3,4.8,-2.4,0.5,1.8,-4.5,2.0,0.7,-2.5,0.4,-1.4,-2.3,0.0,-0.2,1.3,4.4,0.3,2.1,0.6,2.1,1.6,-8.8,-4.3,0.9,-0.4,-4.8,8.2,7.8,-1.0,-6.5,-2.9,-0.7,-1.1,-3.0,1.2,0.0,-1.1,-4.9,-0.8,-1.9,-1.9,-0.6,0.5,-1.3,-4.4,-5.4,-0.5,0.9,-1.3,1.0,-3.5,-0.5,0.5,1.9,-0.3,0.6,1.8,-0.2,-2.3,-2.1,-1.2,-2.5,-0.5,-1.3,-2.6,-2.2,-2.0,-0.3,1.1,-1.1,-2.6,-1.5,-0.7,-2.5,-3.4,-2.2,-1.5,-4.8,-3.2,-3.5,-1.9,-2.5,-0.5,-3.0,0.3,-2.6,-0.9,-2.6,-1.0,-1.9,-2.4,0.4,-3.1,1.8,-1.5,-1.2,-2.9,-1.3,-1.6,1.7,3.0,0.2,-0.5,-3.6,-2.4,-0.8,-13.2,-0.7,-5.6,-8.4,-3.2,-3.0,-1.9,-2.9,-4.1,0.6,-0.9,-0.6,0.0,-0.6,-3.4,-2.6,-3.4,6.8,-2.7,1.0,-1.5,0.4,-9.9,-0.4,6.3,0.6,-2.4,0.4,-0.7,2.6,0.9,-1.9,1.3,-2.5,2.5,-1.8,-3.7,-2.5,-3.4,-1.6,-4.0,-3.9,-3.1,-3.5,-3.5,-4.8,-3.0,-2.0,-5.7,-2.9,6.4,-3.0,-6.7,-2.5,-3.7,1.2,-3.5,-2.4,-0.8,1.2,-4.8,1.8,-2.1,-2.1,1.9,-0.6,-0.2,0.6,0.7,-0.6,-0.5,0.4,-1.1,-1.6,2.0,-0.9,-0.7,-6.6,-6.9,0.2,-2.7,-4.0,-2.3,-1.1,0.8,-0.4,-1.5,1.3,-0.1,-2.9,1.5,2.2,-0.5
2C7L515OsM,0,48.101965,11.624695,4442054.19,2777820.33,543.9,589.6,245,7282,3.6,0.77,0.41,32.63,348.96,-0.529,-0.103,0.842,-0.7,0.2,-0.03,0.27,0.1,0.2,-0.3,-3.4,0.7,-1.0,-3.7,-3.7,-2.3,0.1,2.3,1.0,1.9,4.8,1.7,2.6,0.2,0.9,0.7,-2.3,-1.0,-1.1,-2.3,-1.1,0.9,-3.5,2.2,8.1,6.2,5.9,4.1,1.1,1.0,-5.9,-2.3,-7.8,-7.1,-2.1,-7.0,6.1,2.5,2.0,3.4,0.5,-2.9,-5.8,-1.2,2.7,2.1,0.8,-13.6,4.2,4.2,4.7,2.9,-0.4,3.0,-2.2,6.1,-19.3,4.8,2.5,-0.1,-1.2,3.5,3.6,-10.3,-0.7,-2.9,-4.2,-3.1,-0.9,-2.5,0.5,-1.7,-4.3,-0.2,0.8,-2.8,-3.1,-4.5,-0.6,-0.4,-1.1,2.8,1.5,-1.3,0.0,-1.5,-1.9,-1.5,2.2,-6.0,2.5,-3.3,-3.7,-1.9,-4.0,-0.1,-1.0,-1.6,0.3,0.1,-0.1,-2.6,-0.7,-0.6,1.7,-0.7,-2.0,-8.7,-3.9,3.3,0.0,1.8,1.3,-0.3,2.0,3.1,-0.2,1.2,0.6,1.4,-1.6,0.8,1.2,-0.2,3.6,4.2,1.4,0.0,-0.8,-2.3,-2.8,-2.2,-3.9,-0.6,-1.8,-3.2,0.4,-4.7,-5.2,3.5,-0.9,-8.2,-4.4,-7.5,0.1,-3.3,-0.2,-0.1,-2.2,1.4,-3.6,-7.0,-0.7,-5.5,-7.3,-2.5,-6.5,-5.0,-4.4,-1.4,-0.8,0.5,5.1,0.3,-1.7,2.9,-1.6,-3.1,-1.0,-0.4,-0.8,-2.3,-4.4,-3.7,-2.1,3.6,-1.9,-1.4,-17.4,-1.0,-0.3,-1.2,-2.7,-4.5,-2.6,3.1,-6.8,-2.1,0.0,-6.0,-8.7,-0.1,0.3,-3.1,-5.8,-6.9,-2.8,-3.6,0.8,-2.8,-1.8,-4.0,-0.2,-1.5,-5.2,-4.0,-4.6,-0.5
2C7L515Osa,0,48.102044,11.625312,4442099.97,2777830.17,535.4,581.1,245,7296,2.7,0.86,0.33,32.64,348.96,-0.529,-0.103,0.842,-0.6,0.1,-0.16,0.2,0.9,0.2,-0.3,-1.3,-0.5,-1.8,-0.1,-1.6,-9.4,0.6,-0.7,-1.6,10.2,0.2,3.7,0.3,-0.5,-0.5,-1.2,-1.8,-2.6,-1.2,-2.1,-1.7,-1.7,-1.6,-2.6,-0.9,-0.5,1.3,1.2,-0.2,-3.4,-4.6,-6.0,-5.3,-3.2,-2.9,-3.2,0.4,-2.4,0.1,-2.3,-0.9,-2.5,-1.9,-2.2,-2.6,-2.3,-3.2,-2.9,-1.4,-2.6,0.6,-1.6,-2.3,-1.9,-2.1,-1.8,-1.6,-1.2,-0.7,-2.7,-1.6,-2.7,10.7,-1.8,-2.9,-2.6,-2.3,2.7,-3.2,-3.1,-3.5,-2.2,5.0,-3.4,-1.7,-2.5,-2.6,-2.2,-1.8,-2.0,-3.5,-2.6,-3.5,-2.8,-2.5,-3.3,-3.6,-4.2,-1.9,-3.0,-5.5,-2.5,-4.2,-2.2,-6.3,-2.1,-1.4,-2.1,-3.4,-1.8,-3.0,-2.5,-4.0,-1.4,-2.6,-2.3,-2.5,-3.5,-3.9,-3.2,-2.4,-2.7,-2.9,-3.0,-3.1,-2.1,7.2,-4.8,-4.4,-2.9,3.9,-2.3,-2.2,-4.3,-1.5,-1.1,-1.5,-1.7,-3.3,-5.2,-4.0,-1.1,0.3,-2.1,-3.4,-3.8,-1.4,-4.7,0.8,-0.8,1.6,-1.9,-1.9,-1.4,-1.9,-3.0,6.7,-3.5,-2.9,-1.5,5.5,-5.0,-5.0,-3.7,-4.2,-2.6,-2.2,-2.5,-3.6,-4.6,-2.3,-3.0,-3.7,-5.3,-6.6,-0.3,-6.1,-6.3,-2.2,-2.4,-0.4,-4.9,-3.7,1.5,-2.7,-11.6,-5.1,-5.7,4.5,-3.8,-3.3,-2.9,-3.0,-1.1,-3.2,-2.9,-0.7,-2.1,-2.3,-7.9,-7.4,-3.4,-3.4,-7.1,-5.1,-7.2,-5.4,-7.1,-8.3,-5.6,10.6,-3.1,-5.5,-6.3,-3.6,-5.9,-5.8,-4.4
2C7L515Osb,0,48.102054,11.625384,4442105.34,2777831.32,536.2,581.9,245,7297,2.2,0.87,0.32,32.64,348.96,-0.529,-0.103,0.842,0.0,0.1,-0.49,0.17,1.2,0.1,-0.3,1.5,0.3,0.5,1.4,0.4,-2.7,0.1,-0.1,-0.6,-5.4,0.3,2.0,1.3,-0.7,-0.2,0.2,-2.1,-1.3,-1.8,-3.2,-2.8,-3.0,-1.2,-1.5,-1.5,-1.3,0.6,-0.2,0.0,-4.4,-10.8,-7.1,-4.1,-3.4,-3.5,-3.5,-0.2,-2.2,-1.0,0.0,-3.1,-0.4,-1.9,-1.4,-3.9,-1.2,-0.9,-2.5,-1.9,-0.1,0.6,-2.0,-1.2,-1.9,-3.7,-0.5,-1.9,-0.8,-3.0,-2.5,-2.5,-1.5,4.6,-1.9,-10.6,-0.3,-0.6,-3.1,-2.6,-2.7,-1.9,-1.1,1.9,-1.7,-1.5,-1.3,-3.3,-0.5,-1.3,-1.5,4.5,0.2,-1.0,-1.6,-1.1,-3.2,-2.4,-2.7,-2.0,-0.7,-3.2,0.4,0.1,-1.2,-4.4,0.7,2.3,0.3,-1.2,-0.9,-1.8,-3.1,-2.8,-1.3,-2.4,-0.2,-2.7,2.1,-1.6,1.7,-0.7,-0.2,-1.4,0.8,-0.4,1.7,5.4,-0.5,2.0,3.0,2.7,0.3,0.0,-2.0,0.1,0.5,-0.3,-0.3,-2.4,-6.3,-4.7,-1.9,-1.6,-3.9,-4.3,-5.3,-2.7,-7.0,3.6,1.1,-1.1,2.0,-0.8,-2.0,1.5,-0.1,-0.2,-0.0,2.2,2.8,0.2,-3.0,0.3,-2.0,-1.5,0.5,1.2,-2.9,3.2,-0.3,-2.0,0.3,-0.2,-2.5,-5.5,2.9,-1.8,-2.9,0.3,1.9,-0.3,-2.9,-2.5,-2.1,-1.3,3.2,3.4,-0.7,2.4,0.7,0.7,3.2,-0.3,1.4,0.5,-2.2,-1.2,0.7,-0.5,-4.1,-2.9,-1.7,-2.3,-5.6,-4.7,-6.5,-2.6,-4.6,-4.4,-3.4,-2.0,-1.8,-4.8,-2.1,3.3,-0.7,-6.3,-2.0
2C7L515Osn,0,48.10216,11.626209,4442166.54,2777844.43,543.9,589.6,245,7309,3.8,0.75,0.45,32.64,348.96,-0.529,-0.103,0.842,-0.6,0.2,0.06,0.29,0.4,0.2,-0.3,-7.7,-2.5,7.8,-5.5,-8.0,-2.0,-6.3,1.3,2.6,-3.9,-1.1,-0.4,4.6,2.8,2.3,14.8,14.1,-6.0,-8.5,-2.0,-4.3,9.2,1.9,4.1,4.4,-1.2,-0.2,-1.8,-5.7,11.4,13.5,-6.1,-6.1,-1.6,-1.5,-2.3,0.7,1.1,2.2,-3.2,-7.9,-2.8,-1.4,2.4,0.7,0.5,-0.2,-2.3,-3.8,-1.5,3.0,1.8,-1.4,0.9,-0.9,1.9,-1.2,1.3,-1.0,-1.4,-3.6,1.1,8.5,1.2,-3.6,-2.7,-2.4,1.2,1.8,-3.0,-2.1,-0.6,1.8,-2.0,4.2,0.1,-4.2,-3.5,-0.4,-4.6,-2.8,2.7,-1.6,-1.6,2.3,0.0,0.5,-1.8,-4.4,1.1,-0.7,0.1,-8.0,-1.8,2.2,-1.3,-5.7,-0.5,5.7,-3.1,2.4,2.4,2.2,0.5,0.1,1.3,-0.7,-0.9,-0.3,0.1,-0.1,0.1,0.6,-0.1,-2.6,-2.0,-1.5,-4.7,-6.7,-1.4,-0.5,-2.3,-2.9,-2.7,-4.5,-2.3,-5.0,2.7,-5.5,-5.7,-2.6,-1.6,-3.2,0.1,-2.4,-0.9,0.7,-3.1,5.3,1.0,-2.1,-0.4,-2.2,-2.0,-3.5,-7.5,16.1,-4.3,-8.0,-3.2,-4.8,-2.7,4.4,0.1,2.9,-6.2,-1.8,-3.3,-1.3,-1.8,-6.7,-3.1,1.2,-4.7,-2.0,2.4,-2.6,-6.6,0.8,0.3,-0.1,-0.9,-4.6,-2.7,-3.1,-1.9,-1.2,-4.4,-0.5,-2.5,-4.5,-5.3,-1.2,-0.1,-2.9,-0.4,-0.0,0.6,-3.5,-6.7,-2.6,1.2,-2.6,-3.8,-3.2,-1.0,1.6,-2.4,-1.8,-5.7,-0.4,-5.7,-2.1,-2.2,-3.9,-6.1,-6.5,-0.0
2C7L515Ou4,0,48.102728,11.63063,4442494.56,2777914.8,539.2,584.9,245,7388,4.2,0.65,0.5,32.66,348.96,-0.53,-0.103,0.842,-1.4,0.2,0.77,0.32,1.7,0.3,-0.3,-0.1,3.5,1.8,0.5,1.2,0.0,-0.1,2.8,1.2,1.4,4.6,4.8,4.3,1.3,4.0,-0.4,2.1,0.8,-0.0,-2.7,-0.1,-2.8,-1.6,0.9,0.8,1.6,0.2,-0.2,0.6,-1.0,-4.2,-5.9,-3.7,-3.4,-2.8,-1.4,0.0,0.8,0.9,0.2,-2.3,-1.0,1.7,-0.3,2.1,-0.7,3.6,-2.1,0.5,0.2,0.9,2.2,1.1,0.9,-9.8,-9.6,-7.9,-5.5,-15.3,3.0,2.0,-1.4,-3.0,-3.3,-1.9,-1.7,-6.2,1.2,-4.4,3.0,1.3,-7.3,-12.6,-8.2,8.2,-7.6,-11.5,-14.6,-17.5,-2.8,-4.3,2.0,0.6,2.9,0.4,-1.1,-0.1,-1.6,-2.7,0.4,-6.3,-10.1,-3.9,-2.7,-0.6,-1.3,-1.9,0.1,0.8,2.7,-4.3,2.1,-2.6,0.8,1.2,-2.6,-0.9,-0.3,-1.5,-1.6,0.8,-3.4,-7.6,-6.9,-3.9,-11.8,-7.7,-9.3,4.9,-8.3,-3.4,-12.3,4.5,1.5,5.0,3.2,4.2,-2.6,-4.0,-5.2,-2.2,-0.6,0.5,-0.1,-2.8,-2.5,-2.4,-7.3,-5.1,-0.3,-0.6,-4.0,-6.1,-8.7,-6.4,-9.0,2.4,-7.2,-10.1,-10.9,-6.6,-7.2,-2.3,-11.6,-7.5,-7.9,-4.0,-6.1,-0.7,-2.6,-4.1,-3.0,-3.4,-6.5,-4.6,-3.7,-1.6,-4.2,-1.3,-1.3,-1.5,-4.5,-2.4,0.5,-17.3,-10.6,-14.3,-13.4,-18.9,-8.1,-16.2,-7.2,-7.7,-8.5,-8.8,-10.8,-2.8,-0.7,-2.3,-1.7,-1.5,-1.5,0.6,-2.1,0.4,-3.2,-5.6,-1.4,-7.7,-8.1,-0.9,-5.9,-5.3,-7.5,0.2,-5.5,-9.9,-7.8
2C7L515OuC,0,48.102788,11.631098,4442529.24,2777922.24,539.2,584.9,245,7396,2.2,0.87,0.34,32.66,348.96,-0.53,-0.103,0.842,-0.2,0.1,0.39,0.17,1.3,0.1,-0.3,-2.0,-0.1,-0.2,-1.7,-1.6,0.5,2.0,0.7,1.5,1.3,2.0,1.7,0.3,3.8,3.3,2.0,1.1,-3.1,-4.3,-3.6,-1.3,-4.4,1.3,-1.5,0.4,-1.1,-1.9,1.7,0.0,-3.1,-1.7,-8.3,-2.5,-5.4,-3.7,-8.4,-1.0,-0.4,0.8,-3.3,1.2,1.4,-0.0,-2.2,-0.3,-2.9,-0.2,-1.6,0.3,-1.1,-3.7,0.5,-1.7,-0.8,-1.8,-0.5,-0.8,-1.4,-1.9,-2.5,-1.8,-2.1,-2.5,-0.8,-0.3,2.1,-0.4,1.0,1.1,-0.1,-0.9,-1.0,1.2,1.2,-1.2,1.0,0.2,-1.1,-0.4,-3.6,-3.2,-1.5,-1.4,-2.4,-1.6,-1.8,-1.7,-1.6,-4.4,1.3,-4.3,1.0,-0.3,-3.1,-2.3,-1.2,-1.6,-1.5,-1.3,-2.0,-2.2,-2.3,-0.5,-0.2,-1.1,0.5,-2.6,-2.6,-2.0,-2.7,-3.0,-3.0,-4.9,-3.5,-4.3,0.9,-1.0,-3.8,0.1,-0.5,-2.2,-0.6,-1.4,-2.1,1.7,1.8,-1.8,-0.3,-2.1,-4.7,-0.9,-2.0,-2.6,-0.3,-3.8,-3.3,-4.4,-9.0,-1.6,1.5,-2.2,-1.7,-8.3,-6.7,-2.3,-4.6,-3.6,1.9,0.5,1.8,-5.1,0.1,-1.2,-2.2,-0.7,-0.5,-1.3,-0.4,-0.2,0.5,-1.2,-4.0,-7.9,-6.4,-4.5,0.1,-3.0,-6.1,-2.7,-2.1,-0.9,-6.0,-4.0,-1.6,-0.8,0.5,2.6,1.4,1.8,0.4,-1.5,-0.5,-0.4,0.5,-2.6,-1.3,-2.1,-6.8,-4.6,-3.1,-3.5,-1.7,-8.9,-2.5,2.4,0.6,-5.9,-3.9,-2.1,-3.2,-3.3,-3.8,0.2,-2.4,-0.3,7.9,1.1,1.1
2C7L515OuP,0,48.102886,11.631868,4442586.39,2777934.5,541.6,587.3,245,7409,1.9,0.91,0.25,32.67,348.96,-0.53,-0.103,0.842,-0.5,0.1,-0.01,0.15,0.8,0.1,-0.3,-0.1,-0.9,-0.3,-1.5,0.7,0.2,0.7,0.6,-0.7,-2.9,0.4,0.1,-0.5,-0.5,0.1,0.2,1.6,0.5,-2.9,-1.3,-2.7,-2.5,-1.1,-0.7,-0.3,0.6,-1.0,0.5,0.1,-2.0,-1.3,-5.0,-4.5,-3.0,-4.1,-2.2,0.2,0.6,1.1,-0.0,-0.1,0.6,-2.1,-0.2,-0.3,-0.9,-0.9,-0.3,0.7,0.4,0.4,1.2,-0.0,1.1,0.6,-0.2,0.3,1.6,0.6,0.2,-0.2,0.4,-7.8,1.2,4.1,-0.1,-1.4,-5.6,-0.9,-0.4,-0.2,-0.0,0.9,0.3,0.1,0.6,-0.7,-1.8,-0.7,-0.5,-1.9,-2.5,-1.6,-2.2,-0.2,-2.0,-1.4,-0.7,-1.5,-2.3,-3.8,-1.8,-2.7,-3.3,-1.3,-5.0,-2.2,0.6,-1.3,-4.4,-3.0,-0.9,-1.5,-2.4,-1.4,-1.9,-0.7,0.2,-0.7,-0.8,0.3,-0.4,-0.9,-0.4,0.2,0.7,7.8,-0.4,1.1,0.2,-9.0,0.2,-0.9,-1.3,0.6,0.1,-0.7,-0.5,-1.5,-2.4,-3.9,-0.8,-1.0,-3.7,-2.2,-2.5,-1.2,-6.0,-1.1,0.9,-0.7,-2.1,-1.5,-1.5,-1.5,-2.1,-8.4,-2.4,-1.6,0.0,-11.4,-2.1,-1.0,-1.7,0.0,-1.0,-2.7,-1.7,0.2,-1.3,-1.3,-2.7,-2.5,-4.8,-4.7,-0.8,-2.2,-2.6,-2.8,-4.7,-2.6,-3.6,-4.2,-2.0,-1.7,-6.1,-2.5,-0.9,6.3,-1.0,-1.7,-1.4,-3.6,-2.9,-2.4,-1.5,-3.0,-1.8,-2.5,-6.1,-6.4,-2.8,-2.9,-4.4,-2.0,-4.3,-3.9,-2.5,-2.9,-2.8,-3.1,-3.1,-1.5,-1.0,-0.8,-1.3,-2.1,-3.3
2C7L515OuT,0,48.102899,11.631965,4442593.53,2777936.04,534.0,579.7,245,7413,2.7,0.82,0.42,32.67,348.96,-0.53,-0.103,0.842,0.2,0.1,0.43,0.2,1.6,0.2,-0.3,0.5,1.6,2.2,1.6,2.4,3.1,1.3,1.7,2.0,5.0,2.2,3.4,1.6,2.0,4.1,2.3,0.5,1.8,2.0,-1.7,-3.7,-2.4,-2.4,1.4,-3.1,4.5,1.8,0.9,3.2,2.9,-0.5,-8.5,0.6,-4.7,1.6,3.4,4.9,0.2,-0.2,-2.2,-3.8,-3.6,2.4,4.0,1.7,-1.6,-0.7,-3.3,-2.2,-2.5,-1.7,-2.8,-4.0,-2.0,-2.6,-0.4,-2.7,-4.0,-2.7,-2.2,-0.4,-0.3,0.3,-1.8,-1.5,-6.7,0.9,-2.1,-1.8,-2.4,0.5,-1.7,-2.8,-1.0,1.5,2.0,1.5,2.0,0.9,3.6,1.5,3.8,2.1,0.3,1.1,2.6,2.1,1.6,3.7,0.9,3.7,-1.7,1.9,2.6,-0.6,-1.3,-0.2,3.4,15.8,-3.5,-5.0,2.7,0.7,2.1,0.2,-0.8,-0.7,-2.6,1.4,0.5,2.2,-0.4,-0.6,-1.0,-1.5,-4.4,-2.7,-2.0,-2.5,-4.0,-3.2,-2.1,-2.6,-1.0,2.9,0.6,-0.5,2.1,1.3,-1.7,1.0,2.4,0.7,1.6,2.1,-0.4,3.8,-6.7,4.3,0.1,0.7,2.2,-0.3,-1.8,-1.7,-1.8,-0.3,-1.0,-2.4,-2.6,-4.1,-1.7,0.0,-1.6,-1.8,-1.5,1.6,-1.0,1.7,1.0,4.1,3.7,3.5,5.5,0.6,-0.2,-3.2,-2.2,5.1,6.9,3.1,1.5,0.3,-3.2,-4.1,-0.4,-0.7,1.3,-1.5,3.1,1.3,-1.4,1.5,1.3,-1.3,3.7,7.0,5.3,9.2,6.8,7.2,5.3,-3.1,1.5,1.1,-0.8,1.6,-2.5,-0.2,5.1,0.5,0.0,1.6,-0.8,-1.8,-1.9,-1.6,-1.1
2C7L515OvQ,0,48.103362,11.635575,4442861.4,2777993.48,545.7,591.4,245,7472,3.4,0.74,0.42,32.68,348.96,-0.53,-0.103,0.842,0.1,0.2,-0.14,0.26,2.1,0.2,-0.3,2.6,1.1,1.5,0.9,3.5,-2.4,3.5,2.5,3.6,2.6,2.3,-1.4,2.3,4.1,3.6,2.3,4.6,2.3,2.9,2.0,1.7,2.5,1.1,2.8,1.3,4.2,8.1,3.3,-3.9,6.5,0.5,1.4,2.7,-0.9,-5.9,2.6,2.9,2.7,4.8,4.4,4.3,5.5,3.2,1.4,9.2,0.6,-3.3,1.1,2.3,3.3,-0.3,1.1,-1.8,0.0,1.5,-1.3,-2.9,-0.3,1.2,-0.9,2.0,1.8,-2.1,-0.7,0.0,3.7,1.4,-6.4,0.7,3.5,-1.2,2.0,-0.8,1.8,0.1,3.3,2.1,0.5,-0.7,3.1,1.4,4.5,2.4,6.9,4.6,6.7,3.5,6.8,5.1,3.1,4.6,-1.3,1.7,-0.2,6.7,2.7,5.9,10.0,4.1,2.6,8.0,4.6,6.2,-3.0,5.4,5.4,4.2,8.6,-2.3,4.3,3.2,5.3,4.2,2.6,2.9,3.6,5.2,3.5,-0.8,3.0,0.5,0.9,4.7,0.1,3.8,5.1,1.1,1.0,1.9,1.8,6.8,8.3,3.9,5.7,2.3,4.7,0.8,8.7,10.5,5.5,3.2,2.5,-0.3,-0.6,1.5,2.8,-5.3,2.0,-1.1,0.5,3.4,1.9,2.0,-0.8,5.0,5.0,5.0,3.8,3.8,2.2,2.0,-1.3,4.0,-2.1,1.0,1.4,7.0,-0.7,17.2,6.3,-2.5,0.2,1.8,-1.2,-2.6,-6.9,-0.6,3.2,0.4,-3.4,-3.1,0.2,-4.8,-3.6,3.7,-4.0,-0.5,5.6,1.9,7.2,3.6,4.0,6.8,5.9,14.5,16.7,1.8,3.8,7.6,4.8,17.7,2.0,-5.0,-1.8,3.3,-3.1,-6.1,0.8
2C7L515OrX,0,48.101603,11.621736,4441834.63,2777775.31,542.5,588.2,245,7231,4.2,0.66,0.5,32.59,348.92,-0.529,-0.104,0.843,1.7,0.2,-0.34,0.32,0.9,0.3,-0.3,-6.8,4.0,-8.2,2.5,-2.4,3.5,-2.7,-2.3,-7.3,-2.0,-2.0,2.8,-1.6,3.9,-0.4,-3.7,-3.1,-1.4,1.8,0.5,3.6,-3.9,0.9,-1.4,-9.1,-0.5,-0.6,4.5,-0.3,-0.1,-13.4,-7.8,-5.2,-0.8,2.0,0.8,3.5,6.4,5.1,7.3,8.7,4.8,9.5,0.9,-0.6,8.7,8.2,13.2,6.2,1.9,11.8,0.4,-0.6,-0.2,-0.2,2.4,0.8,2.6,0.3,0.1,0.9,-3.0,-3.5,-1.6,-0.8,5.1,-1.9,-7.9,-0.4,0.3,-0.4,-0.9,2.0,-1.2,-1.8,0.2,-7.8,0.6,-0.7,-0.7,0.0,-1.6,0.9,-3.4,-0.1,-1.4,-2.2,-1.8,0.5,-8.7,-3.2,6.2,-2.7,-2.7,-2.9,-1.0,5.1,2.4,2.7,-1.3,1.3,-1.7,10.6,17.7,-0.4,-6.2,-0.7,11.6,3.4,-3.0,0.1,-1.6,-0.5,3.9,-0.4,1.0,-0.3,1.9,4.2,-2.9,4.2,4.1,2.5,2.9,6.3,1.1,3.4,14.2,13.7,9.0,2.9,5.8,3.4,0.6,0.1,-2.3,9.9,6.0,8.7,9.6,3.2,7.7,7.0,5.9,7.5,8.1,4.7,6.9,12.5,8.3,0.8,7.0,8.0,7.0,4.0,8.4,6.0,7.4,5.9,7.6,9.9,4.8,8.5,6.6,4.9,5.9,5.0,-5.0,9.1,6.8,1.5,3.8,2.3,1.5,2.5,4.7,5.1,7.8,-0.7,9.5,7.1,8.0,7.8,6.8,7.2,6.2,6.8,8.0,9.2,6.1,2.7,6.5,11.2,-1.8,4.9,8.9,8.1,6.4,6.0,6.0,5.2,8.2,7.2,8.1,3.6,7.0,6.6,7.8
2C7L515OsW,0,48.10204,11.625132,4442086.63,2777829.37,538.9,584.6,245,7292,4.1,0.77,0.41,32.64,348.96,-0.529,-0.103,0.842,-0.9,0.2,0.56,0.31,0.6,0.3,-0.3,1.7,-2.9,-0.3,-9.0,1.1,-6.4,-3.0,-1.3,1.4,0.5,4.1,-0.3,1.3,-1.0,4.5,-2.1,3.8,0.7,1.7,0.7,-5.5,-5.5,4.9,-4.0,1.4,-2.1,-0.1,3.5,-2.8,-2.1,-11.7,-5.3,-3.8,-5.3,-2.3,-0.6,-2.8,-0.9,-3.0,0.4,4.0,3.6,-1.5,-0.5,1.6,-1.7,3.0,-0.0,-0.7,-0.8,-1.0,2.0,0.8,1.2,0.9,0.0,-0.3,1.6,5.0,2.0,2.1,1.0,-1.6,-1.1,-9.4,1.1,-1.1,2.4,0.0,0.9,-1.1,-0.6,-2.5,-1.9,-2.8,-0.5,0.4,-2.7,-2.1,-1.0,-0.8,0.8,-1.6,-22.8,2.4,1.5,4.0,0.8,-3.8,2.6,0.0,-3.1,-1.2,3.6,-1.2,0.5,-1.4,-1.0,-0.1,3.3,-3.0,-2.2,-1.6,-0.5,2.5,-0.4,0.1,0.1,0.4,-1.0,-1.8,-4.8,-2.8,-3.6,-0.2,-22.7,-6.6,-3.7,-8.6,-2.7,-2.9,-4.2,-2.6,-6.7,-1.8,0.5,-3.0,-2.4,-2.5,-6.5,-11.7,-7.0,-9.6,-7.5,-4.8,-1.9,1.0,-9.2,-7.8,-8.8,-11.3,-0.4,-5.0,-5.9,-3.6,-4.3,-6.5,-1.0,-2.5,-1.0,-8.4,-4.4,-5.9,-9.0,-4.8,-1.9,-4.8,-6.3,-3.2,-2.2,-4.8,-6.7,-1.8,-3.5,-1.2,-0.8,-3.0,-5.2,-2.1,-4.6,-4.8,-5.6,-4.8,-5.9,-1.4,-0.5,0.1,1.4,-1.9,2.2,-0.7,-0.7,-0.1,-1.1,-3.1,-2.1,-0.0,-2.6,-1.5,-5.4,-2.4,-22.9,-4.3,-7.8,-0.5,-1.5,-24.2,-4.5,-3.0,1.4,-2.0,-5.1,-2.9,-3.5,-1.5,-3.1,-0.1,-1.9
2C7L515OsY,0,48.102048,11.625195,4442091.26,2777830.38,534.9,580.6,245,7294,3.4,0.71,0.51,32.64,348.96,-0.529,-0.103,0.842,0.4,0.2,-1.79,0.27,1.3,0.2,-0.3,3.0,2.8,2.3,2.8,1.9,0.9,2.1,2.0,2.4,3.3,3.2,1.0,3.8,1.4,3.5,2.4,2.4,1.8,2.8,2.2,2.7,4.0,1.9,3.3,4.5,5.2,3.4,1.4,2.6,1.1,-10.0,-0.7,-1.2,1.8,0.7,1.0,4.5,1.8,4.9,2.9,2.4,1.8,1.4,2.2,-0.2,0.2,-1.8,-3.6,-2.9,-4.8,-2.2,-2.5,-3.6,-4.2,-3.4,-2.6,-0.6,-1.2,-1.8,-1.0,1.3,5.4,7.0,2.8,3.8,3.7,3.2,1.6,3.7,4.2,3.2,4.0,3.9,4.7,5.3,4.4,5.3,5.4,5.4,4.0,4.3,5.1,2.9,4.2,4.8,4.7,5.1,4.0,6.5,4.2,2.0,3.3,0.8,5.9,3.0,4.3,3.2,6.3,4.1,4.4,4.0,5.2,6.5,7.0,5.8,6.3,6.1,4.1,6.5,4.6,4.8,4.4,4.4,3.3,3.1,4.0,1.1,3.1,5.6,3.9,5.1,4.9,7.6,4.3,6.3,7.6,5.8,6.8,4.5,3.1,5.2,11.0,5.8,7.6,6.8,6.6,8.6,4.7,7.2,16.2,2.9,3.3,10.5,11.3,9.4,6.1,6.7,6.7,7.8,10.5,-3.7,4.8,9.4,8.1,5.8,4.4,5.5,3.7,6.7,3.9,2.0,2.8,8.1,7.2,5.5,16.5,3.0,-0.1,8.6,10.6,4.4,3.4,-11.1,2.9,3.7,-1.0,1.3,2.6,-2.5,3.4,3.2,1.8,3.2,0.8,1.6,4.0,-2.7,1.4,-0.5,4.7,4.6,0.1,15.4,16.7,19.7,-2.2,-1.1,3.0,0.1,-0.8,-2.9,-0.7,-0.7,-0.7,-1.2,-2.8,-4.2,-3.3
2C7L515OtU,0,48.102488,11.628623,4442345.57,2777884.91,542.5,588.2,245,7352,4.6,0.38,0.51,32.65,348.96,-0.53,-0.103,0.842,-0.6,0.2,-0.21,0.35,5.2,0.3,-0.3,4.6,-0.8,-9.2,-9.2,-1.1,2.6,-0.8,-1.1,-3.9,5.1,-2.0,2.2,-5.0,-2.2,-15.0,-10.7,-9.8,-11.0,-11.7,-13.8,-2.1,-13.2,-3.7,-11.2,-9.4,-8.4,-1.3,-4.7,-3.2,-14.1,-6.8,-16.8,-15.0,-14.0,-12.4,-12.0,-11.1,-9.4,-8.9,-7.8,-2.1,1.6,-12.0,-10.6,-3.9,-1.7,-1.5,-3.1,-1.5,-3.9,-0.4,-2.3,-1.4,-5.3,2.3,0.2,0.4,1.4,-0.5,-1.5,3.1,8.1,4.6,-2.1,4.3,-0.0,-3.1,-3.9,-3.3,-1.3,-1.8,-5.2,-2.5,-4.1,-1.8,-11.5,-12.9,-3.2,-11.7,-12.3,-2.2,-12.8,-1.8,-4.0,-3.2,-13.3,-9.1,-15.0,-14.2,-16.8,-10.4,-3.6,-7.1,-9.5,-13.1,-4.4,-5.6,-11.0,-16.1,-6.9,-3.4,-13.7,-12.2,0.8,-13.5,-12.2,-0.2,-4.9,1.6,-1.8,-14.2,-1.6,-4.2,-2.9,-4.1,-0.1,-2.9,-4.1,0.6,-2.7,7.3,-1.9,2.2,-5.7,-11.1,-12.5,-7.4,-14.1,-13.7,-16.7,-13.6,-13.9,-5.3,-12.3,-12.0,-12.7,-12.4,-17.4,-4.5,-2.3,-4.0,-4.5,-4.5,-6.9,-2.6,-1.8,0.8,-2.4,0.4,1.4,-2.1,-5.8,-6.1,-5.2,-10.7,-5.9,3.0,-4.5,-19.1,-3.3,-12.0,-13.7,-4.0,-14.9,-7.1,-2.5,0.7,-13.5,-2.9,-12.3,-14.0,-14.7,-8.2,1.2,-5.8,8.5,-2.7,-3.0,-4.2,-2.4,-5.2,-3.9,-8.0,-2.3,-3.9,-14.1,-9.1,-13.4,-14.2,-4.5,-4.7,-25.4,-11.4,-17.0,-13.9,-7.0,-11.6,-16.6,-7.1,-7.1,-5.9,-6.6,-7.1,-5.8,-14.1,0.9,-4.1,-1.3
2C7L515OtV,0,48.102503,11.628736,4442353.96,2777886.7,545.2,590.9,245,7353,4.2,0.55,0.88,32.65,348.96,-0.53,-0.103,0.842,-0.1,0.2,-0.44,0.32,3.5,0.3,-0.3,-7.0,-5.6,-3.0,-6.0,0.6,6.4,2.4,5.3,1.7,10.1,-2.3,7.1,-1.1,-3.1,-9.5,-5.4,-6.9,-5.7,-8.9,-5.1,-5.4,-8.7,-3.2,-7.3,-5.6,-4.4,-4.8,-1.1,1.9,-9.8,-12.2,-11.2,-11.2,-12.2,-11.4,-7.4,-8.5,-5.3,-2.8,-2.9,1.7,4.9,-5.7,-4.6,-1.7,0.8,-14.3,-2.6,-1.1,-1.7,-0.4,0.3,1.4,-0.3,2.2,-10.5,4.7,9.0,4.8,7.5,10.7,-13.6,9.5,-5.7,6.0,2.0,0.2,0.3,-0.0,1.2,0.3,-2.7,1.1,-0.2,-3.2,-5.9,-6.7,8.1,-6.0,-8.1,-2.4,-6.6,4.5,0.6,1.8,-6.0,-7.0,-6.6,-7.0,-7.6,-6.3,-3.6,-3.4,-6.5,-4.7,-4.4,-3.8,-5.4,-8.7,-3.6,1.2,-13.8,-4.4,-7.6,-5.9,-4.3,-0.2,-1.7,-5.4,-4.6,-6.7,-12.3,-0.4,0.7,-0.7,2.8,1.1,7.1,1.2,1.0,-4.7,-5.2,-0.3,-1.0,-5.6,-2.7,1.6,-7.9,-5.9,-7.6,-7.1,0.4,-2.8,-6.4,-5.5,-7.3,-5.9,-7.9,-3.4,0.5,0.4,-0.8,0.8,-3.3,0.1,2.2,5.6,2.3,-4.5,-1.2,2.8,-0.7,-0.4,-3.4,-5.0,1.5,-0.4,1.5,-14.4,1.9,-7.1,-7.8,-2.1,-7.1,-6.1,-0.4,1.2,-4.9,-0.5,-6.5,-7.1,-8.5,-5.7,1.9,-2.8,3.4,0.9,0.9,-0.2,0.8,-0.1,0.5,-0.2,-3.2,-2.0,-8.2,-4.1,-8.3,-11.1,-8.1,-6.0,0.3,-7.9,-10.9,-7.9,-5.3,-6.7,-8.7,-3.3,0.7,-1.3,-4.2,-1.6,-4.8,-4.9,-1.6,-2.3,1.6
2C7L515Ou6,0,48.102759,11.630733,4442502.1,2777918.49,539.8,585.5,245,7390,3.2,0.78,0.44,32.66,348.96,-0.53,-0.103,0.842,-1.4,0.2,-0.15,0.25,0.5,0.2,-0.3,-0.3,0.5,0.8,0.7,2.2,0.6,1.3,2.0,1.0,0.7,0.8,0.6,1.0,0.3,-0.5,0.2,-1.9,-1.8,0.2,2.1,-0.4,2.1,1.5,3.8,2.7,3.3,3.6,2.7,0.4,-3.0,-4.4,-1.2,3.1,-3.8,-1.2,-2.7,1.3,5.4,3.3,-1.5,4.4,0.3,5.4,4.2,5.1,2.7,-1.9,-0.3,1.0,1.7,2.8,4.2,4.4,2.0,0.9,1.5,0.6,-0.1,0.8,-1.7,0.1,-0.2,1.1,-0.6,-0.8,-1.3,-2.4,-2.5,-2.3,0.5,-0.3,1.1,-2.2,0.9,6.9,7.5,5.8,13.8,7.4,1.2,2.2,-2.9,-0.7,2.4,2.1,0.4,2.2,4.0,4.2,2.9,2.2,1.0,0.4,-1.3,3.5,5.5,2.5,3.4,2.4,-0.9,3.9,3.1,7.4,5.9,-0.2,-1.9,-0.1,1.4,-1.9,-3.1,-1.1,0.3,-2.0,0.7,-6.4,-4.9,-9.8,-1.6,-2.8,-5.1,-2.7,-6.1,-1.1,-5.6,-6.6,2.1,-2.2,10.2,4.7,-5.6,-6.4,-5.8,-9.9,-1.7,-3.0,-10.4,-5.0,-4.9,-0.8,0.1,-0.7,-4.9,-1.7,-1.4,0.2,-3.2,-9.3,-2.0,0.3,1.1,-4.5,-0.5,-2.2,-2.3,-0.9,-0.6,1.2,0.0,-0.3,-1.5,-4.2,-5.2,-2.8,-6.6,-3.8,4.8,0.6,-6.8,-6.7,-4.6,-3.5,-2.0,-4.5,-2.3,-1.9,-1.7,-1.4,-3.7,-10.6,-4.6,-4.2,-4.4,-4.5,-3.2,-4.0,-2.0,-5.6,-6.0,2.5,-13.0,-5.7,-2.7,-7.8,-4.6,-5.1,-3.5,-7.1,-7.7,-3.1,-6.0,-6.2,-3.1,-6.2,-5.0,0.9,-2.8,-2.4,-2.2
2C7L515Ou9,0,48.102789,11.630961,4442519.05,2777922.12,541.7,587.4,245,7393,3.9,0.65,0.47,32.66,348.96,-0.53,-0.103,0.842,-0.9,0.2,-1.18,0.29,2.1,0.3,-0.3,-1.6,0.9,-3.2,2.4,4.3,-10.9,-1.6,2.3,-1.2,4.5,-0.1,2.0,-1.3,-3.8,0.7,1.7,-0.6,0.4,-2.9,-1.5,-9.4,-4.4,6.1,-3.4,-6.3,-2.1,-9.0,0.4,-2.9,-4.7,-4.5,-11.4,-6.9,-3.7,-2.3,-2.8,-4.5,-1.8,-2.4,-4.9,-12.6,1.5,-7.3,-2.6,-1.9,-10.8,10.4,9.8,1.2,7.9,2.5,4.0,3.1,3.2,2.3,0.7,0.9,3.5,3.1,1.9,2.3,1.3,-3.9,2.0,4.8,3.1,1.9,-0.4,-3.6,-1.8,0.6,-2.0,-0.7,-1.8,-4.1,-1.1,-0.9,-1.3,1.8,1.0,0.2,-2.0,3.7,5.1,-2.0,-3.9,-3.1,-1.9,-4.8,-1.5,-8.9,-3.1,-10.9,-8.3,-3.8,-8.0,3.0,-1.5,-1.4,0.7,-2.4,-1.5,1.0,-4.7,-1.5,-2.0,-1.8,-5.2,-0.1,-0.6,-0.9,-0.2,-1.0,2.4,3.2,1.7,0.6,3.2,0.3,3.6,-0.4,1.0,-2.0,0.0,-0.9,3.4,1.0,0.1,-2.7,-2.8,-3.1,-1.7,-2.3,2.7,1.4,-0.4,-3.1,-7.4,-1.4,1.8,-13.1,-2.9,-3.6,-2.4,-0.9,-13.4,5.9,5.8,5.0,4.8,3.1,9.8,1.3,4.9,-2.9,-10.8,-3.8,-6.1,-1.6,1.7,-2.9,-4.9,-4.8,-5.0,-1.7,-16.7,1.9,-5.9,-0.6,0.3,-1.2,-1.2,3.8,-3.8,-7.5,0.7,1.0,-10.7,-9.4,-6.4,-4.2,-7.7,-4.9,-6.7,-6.3,-4.2,-5.1,-1.6,-3.4,-7.2,-10.4,-5.8,-4.4,-5.2,-4.4,-5.6,-3.8,-2.0,-6.8,-5.5,-3.2,-7.6,-7.3,-5.8,-7.0,-3.1,-9.1,-8.9
2C7L515OuA,0,48.102785,11.63093,4442516.76,2777921.64,537.5,583.2,245,7394,1.3,0.95,0.22,32.66,348.96,-0.53,-0.103,0.842,-0.5,0.1,-0.4,0.1,1.0,0.1,-0.3,-1.7,-0.0,-0.6,-0.1,-0.8,0.6,-1.1,-0.2,0.3,1.9,-0.6,0.4,-1.2,-1.3,-1.6,0.2,0.3,-0.2,-2.1,-1.4,-3.4,-0.8,-0.7,-0.8,-2.1,1.8,-1.2,-0.2,-0.9,-2.7,-3.1,-6.6,-3.5,-2.7,-3.3,-1.3,-0.7,0.5,0.8,-0.1,-2.0,-0.7,-1.9,-0.4,-1.8,-0.5,-0.5,0.1,-0.6,-0.5,-0.8,-0.5,-0.6,1.4,-0.6,1.0,-1.2,-0.2,-0.2,-1.4,-2.2,-0.1,1.5,-0.2,0.5,-0.8,-1.0,0.5,-0.9,-1.3,-0.6,-2.7,-1.7,-1.3,0.0,-1.1,-0.6,0.1,-0.7,-1.7,-0.2,-2.7,-0.3,-1.0,-1.2,-3.1,-0.6,-1.7,-1.4,-0.1,-2.1,-4.6,-3.9,-2.6,-3.0,-2.1,-1.2,-0.2,0.4,-2.4,-1.9,0.3,-0.1,-0.3,-0.6,-1.5,0.2,-1.7,1.1,-2.1,-0.0,0.1,-0.8,0.2,0.3,1.1,-1.2,-0.3,1.3,0.8,-0.9,2.2,0.3,-0.7,-0.7,-0.5,-1.2,0.1,-1.4,-2.1,-0.9,-0.7,-0.3,-2.5,-3.5,-2.1,-3.9,-6.4,-1.4,1.2,-2.2,-1.5,-2.8,-1.8,-1.4,-0.8,0.9,-1.2,-1.2,-1.4,-1.1,-1.3,0.3,-0.2,-0.7,-1.2,-2.1,-2.1,-2.3,-1.2,-3.2,-2.6,-2.2,-3.3,-3.2,-1.7,-1.6,-3.8,-2.0,-2.7,-1.4,-2.6,-3.8,-1.9,-1.8,-1.2,-1.0,-1.3,7.4,-1.7,-2.8,-2.5,-2.8,-2.5,-1.5,-2.8,-2.9,-1.5,-1.6,-5.8,-5.5,-5.9,-4.9,-5.7,-4.8,-3.5,-2.8,-3.8,-3.8,-3.5,-2.4,-2.9,-3.2,-2.4,-3.3,-2.5,-4.3,-1.8
2C7L515Oua,0,48.102987,11.632509,4442633.89,2777946.76,542.6,588.3,245,7420,2.5,0.85,0.37,32.67,348.96,-0.53,-0.103,0.842,-0.6,0.1,0.11,0.19,0.3,0.2,-0.3,-0.3,-1.3,-1.6,-2.9,0.1,-1.6,-3.0,-1.4,0.1,1.1,-1.6,-1.1,-3.3,-3.7,-4.4,-2.2,5.6,3.7,-0.7,-4.4,-5.0,-2.2,0.9,1.3,2.2,4.2,0.7,4.2,-0.0,0.2,1.3,-3.1,-1.0,-4.1,-0.9,-0.7,5.9,3.0,0.4,-4.1,0.9,1.3,2.0,-0.1,2.3,1.8,-3.0,-0.6,-0.4,4.0,-1.1,0.4,-0.1,0.0,0.2,-0.4,-0.8,-1.0,1.4,-0.7,-1.5,-0.1,-0.2,-3.6,-6.2,-3.7,-2.8,-2.3,-4.6,-1.2,-1.7,-1.0,-2.0,-1.4,-2.1,-0.8,-0.6,2.1,-0.0,-2.5,-1.6,-2.3,-2.0,-0.1,-0.5,-3.8,-6.2,-1.4,-4.7,-0.8,0.7,-8.6,-3.6,-6.6,-2.1,-6.3,-2.3,1.3,-1.3,-2.7,-2.0,-1.8,-3.3,-1.2,-2.2,-3.1,-2.5,-4.3,-3.7,-3.5,-2.2,-0.4,-1.0,-1.5,-2.1,-0.8,-0.8,-0.3,-2.8,0.2,-2.0,2.7,-1.7,-1.5,-0.7,-0.3,-1.7,-1.7,-1.4,-5.5,0.1,-3.4,-0.6,-0.9,-2.0,0.6,-5.3,-6.0,-0.7,-0.7,-2.5,-4.7,-3.3,-5.3,0.8,0.2,-5.6,-0.5,-2.2,-4.8,-1.7,-5.1,-1.3,-2.2,-2.7,-1.2,1.1,-1.1,-3.0,-2.2,-3.6,-3.6,-4.9,-4.2,-5.8,-0.2,-3.2,-5.9,2.3,4.3,-2.9,-5.5,-8.0,-2.0,0.7,0.2,-3.0,-2.1,-1.1,-4.4,-4.4,-2.9,-3.2,-1.9,-3.2,-2.2,-5.1,-0.4,-5.7,-0.1,-9.3,-5.4,5.3,-0.7,-0.2,-1.0,-3.9,6.0,-8.2,-3.6,-5.9,-7.5,-7.2,-3.9,-0.8,-7.8,-5.4,-4.0
2C7L515OvL,0,48.103318,11.635082,4442824.78,2777987.72,537.0,582.7,245,7467,4.0,0.72,0.47,32.68,348.96,-0.53,-0.103,0.842,-0.7,0.2,-0.28,0.3,0.9,0.3,-0.3,-1.9,3.8,-2.1,-0.0,-1.4,5.9,-1.1,4.9,1.4,-2.9,2.3,0.5,-0.4,3.0,2.3,1.6,-0.5,-0.5,0.5,-4.3,-0.1,2.0,2.9,-0.5,1.9,-2.6,2.6,0.9,-5.2,1.4,-17.7,-7.4,-3.5,-3.4,-4.5,1.9,-3.5,0.0,2.6,-1.0,4.5,-0.7,5.0,2.1,-0.2,3.9,-10.4,2.9,2.1,-2.5,-2.6,0.1,-1.0,-1.1,-1.5,-0.5,0.5,0.3,1.9,1.1,1.8,-1.1,-1.6,-1.1,-2.5,-5.3,-7.6,-2.9,1.1,1.5,4.8,-0.7,-1.1,2.1,0.8,0.9,-1.4,1.1,-0.9,1.1,-1.1,-0.8,-1.3,0.1,-1.1,-8.8,0.1,0.9,-1.9,2.3,1.9,2.8,-2.3,-4.2,4.5,3.2,-4.6,-8.3,-1.5,-15.6,-1.6,1.2,1.1,3.5,2.1,3.3,1.3,3.4,1.2,-0.4,1.5,0.9,1.0,3.3,6.7,3.2,-8.1,-3.1,1.9,-6.5,-7.6,0.4,4.5,4.9,-1.1,4.4,-2.4,2.7,-3.1,-0.4,0.1,8.4,-1.2,-3.6,1.1,1.6,2.5,-4.3,-1.4,3.4,3.9,-8.1,-2.3,-12.8,-5.2,3.3,6.4,-1.9,0.1,-0.2,-2.0,1.5,1.4,0.1,-4.9,-2.3,-12.5,-7.0,-6.0,-1.4,-1.0,-8.8,-3.1,-3.7,-5.8,-2.3,-16.9,-2.2,-2.4,1.2,-16.7,-3.1,-1.5,-2.4,1.0,-9.9,-2.4,-1.0,0.5,-1.5,-1.9,2.0,-3.6,0.2,-1.4,-0.1,-1.4,0.2,-1.2,-11.5,-6.0,-6.8,-4.0,-2.7,5.2,-5.7,-3.9,-2.5,-2.2,-2.7,-5.0,-2.7,-3.4,-5.2,-1.1,-1.4,-3.3,-4.1
2C7L515OvP,0,48.103347,11.635309,4442841.59,2777991.32,538.2,583.9,245,7471,4.3,0.64,0.54,32.68,348.96,-0.53,-0.103,0.842,-0.3,0.2,-0.45,0.33,0.8,0.3,-0.3,2.5,-1.9,0.1,-1.9,0.3,1.6,0.4,2.2,-2.4,-3.3,1.8,3.1,-0.3,1.1,0.1,2.1,3.1,3.7,1.7,3.2,-0.1,-0.5,1.6,1.0,-1.6,1.4,-0.5,-0.7,1.7,5.0,-11.0,-2.7,1.0,-3.7,-4.2,-1.6,-0.2,8.2,0.2,1.7,1.7,10.1,0.2,1.3,-0.5,0.8,-10.4,5.4,-2.6,-4.8,0.1,0.7,-2.7,-2.4,-2.9,1.1,-4.9,0.2,-4.4,-4.9,-1.7,-0.9,-8.5,-2.4,-5.2,-4.3,-6.3,-11.1,-3.6,-3.6,-2.9,-3.0,-7.4,-2.5,1.1,2.4,1.9,0.9,0.1,3.0,-0.3,1.6,-1.3,-4.3,5.9,2.5,2.7,4.0,3.0,-2.5,-0.6,-4.0,3.6,-2.2,2.0,-0.6,-0.1,3.8,3.9,-3.1,6.3,2.4,-1.2,3.9,1.3,4.7,1.9,2.1,1.9,2.8,1.3,1.6,-3.3,-0.2,5.1,4.1,-8.2,-2.6,3.9,-0.2,5.1,-1.1,1.5,1.4,2.1,4.3,4.7,3.1,-1.4,0.9,0.4,1.5,-2.2,-1.2,0.1,-2.3,3.7,-0.6,0.6,4.0,2.6,0.1,-0.1,-0.9,-0.7,-1.5,-6.6,-1.2,-0.1,-1.3,4.3,-2.4,-1.2,-1.1,-2.7,-2.8,-3.8,-3.2,-0.9,-0.8,1.1,-4.2,-1.2,-5.7,-5.4,-4.4,-2.2,1.2,-0.2,-0.3,-0.8,-1.6,5.7,1.2,2.7,4.3,10.4,6.6,-10.6,-13.7,10.7,11.1,-10.3,4.4,11.6,-10.1,3.6,-12.0,4.6,-9.2,3.0,3.1,10.6,-0.0,8.5,5.4,-11.5,-3.8,-9.1,-4.0,-3.1,1.5,-12.9,-0.3,-6.5,-10.3,0.8,-3.7
2C7L515OwM,0,48.103789,11.638754,4443097.14,2778046.13,540.6,586.3,245,7530,3.3,0.77,0.42,32.7,348.96,-0.53,-0.103,0.842,-0.6,0.2,-1.41,0.25,0.3,0.2,-0.3,-1.2,-0.9,0.0,2.6,-3.0,2.9,0.1,1.5,-0.9,-0.3,-0.6,4.3,-3.8,1.3,-1.2,-0.9,4.9,1.4,0.3,0.2,-2.9,0.6,0.3,3.7,-3.4,5.1,0.9,-0.0,-0.9,1.0,5.2,-0.2,-1.0,-0.8,-3.1,0.3,0.0,1.7,-3.0,-1.5,1.5,0.6,-1.9,2.3,-1.5,-0.3,0.5,-1.1,1.8,1.3,2.1,3.2,3.6,0.3,-0.1,3.7,3.2,2.3,1.0,1.0,5.3,3.3,2.3,0.1,3.6,1.4,1.3,0.0,2.3,3.3,1.9,3.1,1.7,1.8,4.1,2.6,2.0,1.8,-0.8,3.7,3.3,2.7,2.0,0.5,2.1,-2.1,2.8,3.2,7.2,-0.1,-1.6,-2.3,-2.7,-0.3,1.4,3.4,0.2,3.3,3.3,4.3,3.3,3.7,0.6,6.7,2.7,-0.6,1.2,-2.3,-0.3,-0.0,2.3,5.7,0.1,6.8,1.4,-0.1,-6.6,-2.7,-2.2,1.6,2.0,2.7,1.7,2.4,-0.1,-1.0,2.8,1.6,0.1,0.0,1.5,4.9,0.4,2.5,-1.7,-3.2,-0.2,1.0,5.4,8.9,2.6,1.7,4.0,7.0,1.5,3.3,-1.3,2.5,15.9,-6.9,2.2,1.2,-0.0,14.8,14.8,2.1,0.1,1.6,2.7,2.7,-0.0,-3.2,-0.1,-4.2,-1.8,-1.2,2.7,-4.6,2.0,-0.3,-1.2,-3.0,-4.3,-2.9,4.2,3.5,-4.0,-3.6,-2.6,-3.1,-0.6,-2.5,-2.8,-5.3,-7.8,-6.7,-1.7,-7.2,-1.9,-9.8,1.3,11.3,2.3,4.2,-0.6,-6.2,-7.4,-5.6,-3.8,-8.2,-5.0,1.8,-4.0,2.1,-3.2,-6.2,-4.9,-5.4
2C7L515Os9,0,48.101908,11.623964,4441999.92,2777812.83,545.2,590.9,245,7269,2.7,0.85,0.39,32.63,348.96,-0.529,-0.103,0.842,-0.4,0.1,-0.43,0.2,0.5,0.2,-0.3,-1.0,0.5,1.3,0.5,1.5,0.3,1.9,0.5,-0.6,0.1,1.2,0.7,3.2,1.2,-2.1,0.7,-0.8,-3.6,-0.9,-0.4,-0.2,-0.5,0.4,-0.3,2.2,0.7,2.0,1.0,2.5,0.7,-14.1,-5.4,-7.0,-1.5,-1.9,-1.0,2.5,-0.1,-0.0,0.1,-0.5,-1.4,-1.3,-0.5,-0.4,-0.3,-1.7,-0.3,-0.0,-1.4,1.3,0.9,0.6,-0.3,-1.2,-0.1,-0.1,-0.6,1.5,-1.7,-2.6,-2.4,-1.7,-2.4,4.2,-0.5,0.2,-3.2,0.9,-0.3,0.8,-0.5,-2.0,-3.6,-1.0,-0.5,-0.8,-0.2,-1.1,-1.0,0.3,-3.0,-0.9,-2.7,-0.9,-2.5,-3.7,-2.5,-1.0,-3.6,0.8,-1.5,-0.0,0.8,-0.4,0.5,0.9,1.2,1.0,3.2,1.2,-0.7,1.9,2.2,-0.5,1.4,1.8,1.2,3.9,5.6,4.9,3.8,-2.2,-0.2,-1.4,2.4,-2.9,-3.2,-4.5,0.7,3.6,1.7,1.0,1.5,1.7,1.7,2.6,-0.8,1.4,-1.5,2.2,-1.1,5.7,0.2,-2.0,0.0,2.9,-7.1,1.8,1.8,2.9,0.8,-0.7,-3.4,-3.3,7.7,-3.2,-3.3,3.5,-3.5,-0.9,-5.2,-0.4,-1.5,-0.7,-0.3,-2.0,-3.1,-2.4,-3.8,-1.4,-2.7,-0.4,-3.2,-4.9,-0.1,-3.4,-7.7,0.3,1.5,-2.2,-3.5,-3.0,-1.2,0.9,-6.9,-1.8,0.0,-0.6,-0.4,0.3,0.3,1.2,2.3,1.3,1.4,0.5,-2.5,-7.9,2.8,-0.4,-0.9,-7.0,-7.0,10.1,-6.6,-3.0,-1.2,-3.8,-2.6,-6.8,-2.8,-4.2,-3.2,-1.7,0.5,-2.4,-1.8
2C7L515OuI,0,48.102871,11.63146,4442556.02,2777932.13,540.1,585.8,245,7402,2.2,0.89,0.41,32.67,348.96,-0.53,-0.103,0.842,0.9,0.1,-0.45,0.17,0.5,0.1,-0.3,-5.2,-5.1,-4.7,-2.0,-1.3,1.1,-1.3,1.3,2.1,3.2,3.1,2.3,-0.9,0.6,2.0,2.6,1.9,1.1,2.1,-0.4,-0.5,2.9,0.5,3.7,3.9,5.7,4.0,-0.6,1.4,1.9,5.5,-1.2,0.5,1.4,-3.0,0.7,4.7,-1.0,3.3,2.6,0.8,0.3,1.8,-0.4,1.3,-1.4,-2.4,0.5,2.7,0.6,2.3,1.5,2.1,1.7,2.0,2.4,2.9,0.9,2.0,-0.4,0.3,3.9,-5.6,0.2,1.5,1.0,1.2,-0.5,1.2,2.9,1.5,1.7,1.7,3.9,1.1,3.9,4.1,2.3,1.6,2.2,2.8,2.7,2.5,2.3,3.5,1.9,3.2,3.5,2.7,2.4,1.3,-2.0,-1.7,0.0,2.7,1.2,0.1,3.4,2.6,0.7,1.8,4.1,2.1,2.9,3.6,2.7,3.8,2.5,2.5,2.5,2.1,3.1,5.0,3.9,3.1,2.7,-3.8,2.6,3.7,2.9,-1.4,4.0,3.4,3.3,3.6,4.7,3.4,3.8,2.7,1.3,3.3,3.6,3.9,4.6,2.5,1.3,2.8,0.2,5.2,4.3,3.1,3.4,3.7,4.3,4.8,5.2,1.6,4.7,5.0,5.1,0.9,2.3,4.6,4.5,9.9,6.3,3.4,4.9,4.7,5.6,5.3,5.4,6.1,4.1,4.5,7.2,5.0,-0.4,3.8,3.4,5.5,0.9,-3.4,6.3,7.3,3.1,7.5,5.9,15.7,5.1,5.0,5.9,5.8,2.0,3.9,3.4,1.1,2.4,4.1,0.0,-1.1,5.8,2.2,1.5,2.6,3.1,2.4,0.9,4.8,3.3,2.3,2.5,4.3,4.4,6.6,6.3,6.8,7.6
2C7L515OuZ,0,48.102983,11.632333,4442620.81,2777946.03,537.0,582.7,245,7419,3.0,0.81,0.41,32.67,348.96,-0.53,-0.103,0.842,-0.7,0.1,-0.53,0.23,0.9,0.2,-0.3,1.9,-3.0,-3.9,-2.8,-1.4,0.3,-4.2,2.0,-0.1,0.6,-5.0,-4.6,-4.4,-2.9,-3.0,-2.0,-4.4,-3.4,1.6,-2.6,-5.0,-2.1,3.6,5.2,-2.0,4.5,1.9,5.2,-0.4,-1.6,-6.0,-5.4,-2.4,-5.2,-1.8,1.5,5.8,1.4,3.6,-1.4,0.9,0.9,4.5,2.9,5.0,2.3,-1.1,-1.5,0.1,4.1,-3.1,0.5,-0.7,2.1,1.2,-1.7,-3.3,0.2,-0.7,-2.0,-2.1,-0.3,-0.3,-3.1,-2.6,-2.0,-2.0,-3.2,-3.2,-2.4,-2.6,-1.8,-0.7,-0.1,0.1,2.1,-1.7,1.0,0.3,-0.4,0.3,-1.2,-1.4,-2.5,-1.4,-5.3,-2.8,-3.1,-2.7,-1.2,-2.4,-2.8,-5.5,-5.9,-0.3,-4.4,-1.9,2.3,-1.0,-1.7,-2.9,-1.2,-1.2,1.3,0.6,0.3,1.2,0.5,0.1,-1.8,-3.5,2.5,1.8,1.1,1.7,1.1,-0.5,0.4,-0.8,0.1,0.6,0.9,0.5,-2.6,-3.1,-1.0,0.4,0.7,-0.3,-2.7,-1.3,-4.3,-2.1,-3.6,-12.3,-7.9,-1.1,-6.8,-1.1,1.2,-6.0,-5.8,0.4,-2.2,-1.4,1.1,-2.4,0.8,1.5,1.3,-1.0,-1.0,1.2,-0.2,-0.9,-0.2,-2.1,-1.8,-5.5,-3.2,-3.7,-2.8,-2.7,-5.5,-5.7,-3.3,-0.7,-4.8,-0.1,-4.5,-5.0,-5.6,-4.8,-2.4,0.8,2.3,-3.1,0.4,7.4,-0.1,-2.2,0.1,-3.1,-1.1,-0.3,-0.7,-3.2,-1.7,-3.5,-5.0,-6.3,3.5,-16.9,-15.4,4.3,-1.6,-3.5,-5.7,-7.8,-2.3,-5.4,-3.8,-7.2,-2.1,-4.5,-9.9,-3.6,-5.0
2C7L515Oud,0,48.103027,11.63267,4442645.78,2777951.38,541.4,587.1,245,7423,3.5,0.76,0.42,32.67,348.96,-0.53,-0.103,0.842,-0.8,0.2,-0.92,0.26,0.9,0.2,-0.3,2.4,3.3,-1.7,1.0,5.7,2.5,7.8,3.6,1.4,-4.5,3.0,1.9,-0.5,2.8,-0.8,1.1,3.3,2.9,-1.2,3.2,0.5,-0.6,0.1,1.3,0.1,-1.6,-0.8,1.1,-3.3,-4.1,-6.2,-6.4,-11.4,-1.1,-4.3,-3.2,-1.3,-3.8,-2.0,-1.2,-2.8,-0.8,-4.3,-0.0,-0.2,-1.8,-1.5,0.1,1.9,1.8,-1.0,-0.0,-2.0,-0.8,-0.6,-0.1,0.2,-0.1,0.6,-2.2,-1.4,-1.4,-4.6,-3.5,-1.1,-2.6,-2.2,-0.4,-1.0,1.5,0.3,-0.3,0.5,-0.5,-0.1,4.1,-0.1,0.1,1.8,-0.7,-0.7,2.0,1.3,-0.3,1.8,-0.7,1.8,2.7,3.5,5.5,3.4,-2.9,-2.3,-3.2,0.0,-2.2,1.5,2.2,3.2,0.4,1.8,-0.9,2.0,3.3,1.5,0.8,3.2,4.6,2.8,5.6,1.4,4.2,2.7,4.7,12.4,0.4,10.1,4.7,2.7,12.1,0.5,3.6,1.7,-0.8,-0.3,-0.9,2.9,1.9,0.3,-3.1,-4.8,-5.5,0.8,0.3,9.3,-9.8,-1.4,-1.8,4.8,3.4,2.9,-1.5,-2.0,0.8,1.6,-0.4,-9.5,-3.2,3.2,1.3,-10.0,-9.4,-4.0,0.6,0.0,2.8,2.0,3.9,3.0,-2.4,-2.7,-4.7,-1.9,-5.2,-6.4,-2.4,-2.4,-6.4,-2.7,-1.5,-3.7,-3.4,-7.4,-6.4,16.0,-7.5,-4.9,-4.9,-1.6,-4.3,-2.4,-3.7,-3.0,-4.4,-4.5,-1.7,-3.6,-1.4,-4.5,-0.3,-2.8,-0.5,-3.3,-1.1,-1.6,-3.0,-7.9,-5.4,-1.4,-4.6,-5.5,-5.9,-5.2,-2.5,-0.9,-1.7,-3.7,-3.9
2C7L515OvG,0,48.103294,11.634754,4442800.42,2777984.56,535.8,581.5,245,7462,2.6,0.85,0.42,32.68,348.96,-0.53,-0.103,0.842,-1.3,0.1,0.06,0.2,0.6,0.2,-0.3,-0.5,-1.0,-0.1,0.2,-1.5,-0.4,-1.0,-1.5,-0.8,-0.9,-0.3,0.3,-1.1,-0.4,4.0,4.3,2.7,7.4,1.5,3.1,-3.1,2.8,0.6,2.5,5.4,6.6,-0.1,-3.4,-0.1,-0.2,0.7,-2.6,0.1,-1.1,-1.6,-1.8,0.9,-1.8,-1.1,1.5,-0.0,-3.6,0.4,-2.5,-0.5,-0.4,-3.0,-0.4,0.5,-0.4,-0.7,0.2,-0.7,0.4,0.3,0.1,2.3,2.1,1.2,2.0,2.7,2.9,-2.0,1.7,-7.3,-0.3,0.1,-2.8,0.9,-0.3,-0.6,-7.1,1.6,2.4,2.2,2.4,1.4,-0.8,-0.0,1.8,-2.5,1.6,-2.4,-1.3,2.3,-2.4,-0.6,-1.0,-1.5,1.3,-1.7,-4.6,-5.0,-3.9,-2.9,-3.4,-2.0,1.6,0.5,-2.9,-2.6,-1.6,-4.1,0.5,0.5,-2.1,-0.3,-1.3,-0.6,2.5,0.9,-1.3,-0.7,-4.0,-4.3,-4.3,-2.2,-2.0,-3.4,-0.6,-3.7,-3.8,-2.3,-2.8,-1.3,2.3,-6.5,-0.8,-2.2,-0.1,-2.3,-3.0,-5.9,0.3,-2.6,-3.3,-2.6,-5.2,-2.4,-2.9,9.4,-5.7,-5.9,-3.6,-3.3,-5.6,-0.8,-1.5,-2.0,-2.9,-3.4,-3.5,-1.9,-2.3,-1.9,-5.3,-6.7,-7.6,-6.4,-5.6,0.6,-0.2,-2.5,-4.5,-3.7,-3.2,2.8,-3.3,0.7,-3.3,-1.6,-5.7,-9.3,-6.5,-7.3,-5.5,-5.8,-7.1,-9.2,-8.2,-12.1,-5.6,-5.1,-1.7,-7.6,-3.5,-5.5,0.7,-1.1,-10.0,-9.9,-0.3,-1.3,0.6,1.3,-6.3,-5.0,-3.3,-4.9,-2.6,-4.9,-6.4,-5.9,-6.3,-4.0,-7.0,-7.7,-5.2
2C7L515OrL,0,48.101563,11.621136,4441790.03,2777769.88,545.2,591.0,245,7219,2.3,0.88,0.35,32.59,348.92,-0.529,-0.104,0.843,0.1,0.1,0.07,0.18,0.1,0.1,-0.3,-1.0,-1.1,-1.3,-0.9,-0.8,0.7,-1.4,-2.2,-2.2,2.7,0.6,2.1,1.8,0.3,0.4,0.7,-1.1,-3.2,1.2,-1.9,0.5,-2.2,1.5,-0.8,0.1,-0.6,-0.0,1.7,0.1,0.5,-15.2,-1.7,-4.2,-5.5,-4.9,-4.2,0.6,1.2,2.8,2.6,0.3,0.0,2.0,0.7,1.0,-1.0,-5.0,-4.0,-1.9,-2.9,0.2,-2.0,-0.6,-1.2,-0.4,-3.9,-3.8,-2.7,-2.9,-3.3,-3.0,-2.7,1.9,-2.5,-3.1,-1.5,-3.3,-3.2,-3.1,-5.0,-6.6,-3.4,-2.1,-2.3,0.6,0.7,-0.2,1.1,1.1,0.8,0.3,-2.0,0.8,1.2,-1.5,-0.2,-2.3,-1.0,-0.4,-2.6,-5.0,0.3,-4.9,-5.5,-2.6,-2.1,-3.4,-2.2,-2.2,-0.6,-1.3,-2.3,-0.9,-1.2,-1.3,0.1,-0.9,-0.2,-1.1,0.9,0.0,-0.7,-1.7,-2.3,-1.5,-0.2,-2.6,-3.5,-2.4,-2.2,-1.7,-4.4,-7.2,-3.7,-1.1,0.0,-2.9,0.6,-1.2,-2.8,-0.9,-0.3,-1.6,-0.1,-3.2,-2.8,-0.1,-3.9,0.8,0.7,3.2,1.3,1.4,1.8,3.7,2.1,-3.0,2.4,1.9,2.4,-0.6,0.3,1.8,1.7,0.5,-2.0,0.9,-4.9,-1.3,1.4,-2.1,-3.4,3.4,-1.8,-0.6,0.8,0.3,-5.0,0.8,-1.4,0.2,1.3,-1.8,0.4,-1.3,1.9,-0.8,1.2,-10.1,-1.1,-0.2,0.2,0.1,2.6,-0.8,-1.1,-0.7,1.2,1.8,-1.7,1.3,-1.3,-2.1,-2.1,-1.3,-2.7,-0.4,-0.8,-2.5,-3.0,-3.2,-2.3,-2.5,-2.4,-0.9,-0.1,0.6,0.8
2C7L515OrV,0,48.101639,11.621724,4441833.65,2777779.24,545.8,591.5,245,7229,3.2,0.8,0.4,32.59,348.92,-0.529,-0.104,0.843,-1.0,0.2,-0.33,0.24,0.3,0.2,-0.3,1.4,-0.7,-1.4,-0.4,-1.6,2.5,-1.6,3.1,4.1,3.2,4.3,5.9,2.2,1.5,2.8,3.0,-3.0,0.4,-1.5,-0.8,-3.9,-4.2,0.5,-2.0,-1.7,0.7,-3.2,-1.9,-3.1,-2.8,-15.0,-1.3,-7.2,-6.3,-3.9,-1.4,2.2,1.2,1.6,2.4,0.2,1.5,2.0,-0.3,-1.4,-0.2,-4.1,-2.6,-1.3,-2.9,-2.7,-1.8,-0.2,-0.4,-1.4,0.5,-0.8,-0.1,-1.0,-0.8,-1.7,-0.4,-0.1,-0.4,-6.8,-0.6,0.5,-6.0,-0.9,0.2,0.0,-0.8,-2.3,-0.3,-0.0,-0.8,1.0,0.0,0.4,-2.1,-2.7,-9.3,-2.6,-4.8,-2.9,-3.5,-0.6,-2.4,1.4,-1.6,1.3,-1.5,-1.3,-3.2,-6.0,-3.1,-1.7,-2.5,-3.9,-3.0,-3.8,-2.6,-0.2,-0.1,-1.7,-1.8,-3.1,-4.0,-1.5,-2.7,-0.9,-3.4,-2.0,-4.0,-1.5,2.0,-1.8,-3.6,-1.6,-3.5,-2.0,-0.7,-1.2,-2.6,2.8,3.3,-0.1,0.3,2.3,-1.7,-2.2,-3.2,-1.0,-2.1,1.1,-1.9,-0.7,-2.9,-0.3,0.3,-0.1,-0.2,-3.7,-2.5,-4.1,-2.7,-2.0,-4.3,-3.2,-2.7,10.6,-2.9,-2.5,-1.0,-2.5,-2.7,-2.9,-1.5,-4.5,-8.3,1.6,-4.8,0.8,-1.5,2.9,4.5,2.2,3.1,-12.3,-1.1,-12.1,-6.7,-6.2,-1.2,-14.4,1.2,-8.9,-6.3,-6.6,-16.3,-4.8,-7.9,-11.7,-10.2,-4.8,-3.1,-2.8,-2.7,-1.4,-6.1,-4.0,-2.4,-2.5,-7.4,-7.8,-10.0,-4.5,-4.3,-3.7,-6.0,-3.2,-5.0,-7.4,-2.5,-2.7,-3.8,-4.9,-4.9
2C7L515OsD,0,48.101936,11.624034,4442005.06,2777816.02,538.7,584.4,245,7273,1.9,0.92,0.3,32.63,348.96,-0.529,-0.103,0.842,-1.0,0.1,-0.45,0.14,0.7,0.1,-0.3,-0.8,-0.0,-1.2,-0.0,-0.0,1.3,0.1,0.3,-0.4,-0.9,0.4,2.3,0.2,-0.1,1.1,1.6,0.2,-0.6,-0.3,-0.8,-2.1,0.5,-0.7,-0.6,1.9,1.6,-0.7,-1.3,-1.0,0.1,-13.1,-3.9,-4.0,-3.9,-3.7,-3.5,0.1,1.0,0.7,-0.3,-0.7,1.7,0.3,4.4,1.0,2.8,-0.7,-0.7,-1.0,-0.4,0.4,-0.9,-0.6,1.1,-0.4,1.4,-0.4,1.1,-1.1,0.8,0.5,0.9,-0.4,-0.3,-4.9,-1.9,-1.2,-3.1,-1.6,-1.9,-1.5,-0.6,-1.1,-0.8,0.8,-0.4,0.2,-0.2,-0.1,-1.2,-0.6,1.0,-2.0,-1.0,1.4,0.7,-0.5,1.1,2.8,0.4,0.1,-1.7,-3.2,1.6,-3.5,-0.4,-2.4,-1.1,-0.7,-0.2,0.3,-1.2,2.0,0.2,-1.1,-0.9,-1.2,-1.5,-0.4,0.1,0.6,6.4,-0.6,-2.0,-0.1,0.1,-3.4,-1.3,-1.3,-0.7,-1.4,-1.9,-1.3,-1.3,-0.6,-0.5,-3.8,-0.6,-1.2,-3.0,-0.6,-0.2,-5.4,-0.7,-4.5,-4.8,-4.6,-7.0,0.2,-0.2,-2.7,-1.3,-1.8,-2.1,-0.0,-0.5,-0.8,-2.2,-1.1,0.3,-0.5,-2.5,-1.5,-2.0,-1.6,-2.7,-6.0,-3.5,-3.4,-3.0,-3.5,-3.5,-1.6,-6.2,-3.1,0.5,-2.4,-4.9,-3.9,-8.0,-3.5,-5.0,-4.1,-6.1,-5.7,1.4,-1.9,-1.9,-2.2,-3.3,-3.6,-2.2,-4.5,-3.1,-2.5,-3.8,-3.6,-3.8,-2.8,-5.0,-4.2,-3.6,-8.6,-7.2,-7.0,-6.0,-4.0,-2.9,-6.1,-3.7,-8.1,-5.6,-5.9,-2.3,-5.8,-4.1,-3.9,-2.8
2C7L515OsE,0,48.101942,11.624084,4442008.76,2777816.81,538.3,584.1,245,7274,3.2,0.78,0.41,32.63,348.96,-0.529,-0.103,0.842,-0.7,0.2,-0.54,0.24,0.2,0.2,-0.3,1.3,0.5,1.4,1.9,1.0,1.1,3.7,2.5,-0.1,-2.4,0.9,-0.2,1.3,0.6,-0.1,1.5,1.5,-0.4,-0.6,-1.0,-1.1,3.1,-0.3,1.6,3.4,2.8,1.8,1.3,-1.6,3.4,-6.2,-0.7,-2.0,-3.0,-1.2,-1.8,2.2,3.9,1.7,3.4,0.8,0.1,3.9,8.1,4.5,4.1,-1.8,0.2,1.0,2.5,0.9,3.8,3.1,3.4,2.4,4.9,3.0,3.6,1.4,0.6,0.6,-0.9,1.1,-2.9,-6.2,-1.1,-0.6,1.3,1.5,2.5,-0.7,6.1,-2.3,5.4,4.1,3.3,3.6,3.4,1.5,7.0,1.5,-7.8,-0.5,0.4,2.4,4.1,-2.6,5.3,6.7,3.2,3.0,-3.2,-3.7,5.4,-2.5,0.7,-1.6,1.4,-0.8,-0.9,-1.1,2.8,3.0,-2.9,2.4,0.9,0.1,0.1,12.2,7.7,11.4,12.8,2.9,0.8,2.7,2.3,-0.1,1.2,3.6,4.0,0.7,1.4,2.5,2.0,4.2,2.4,-0.7,3.1,1.1,2.0,0.3,-0.7,1.7,2.0,-0.5,2.3,3.4,-5.9,1.7,0.3,-7.6,-1.9,-3.9,-0.7,-1.2,-5.2,-1.5,-3.6,-3.6,0.5,-8.4,-0.5,1.9,1.3,0.7,0.5,-2.9,-2.9,-3.3,2.1,3.9,3.1,3.5,-2.3,3.6,7.2,0.4,2.6,1.1,-0.3,0.7,2.3,-11.0,-3.4,-4.3,-4.0,-0.2,-1.1,1.0,-3.4,-6.2,-2.7,-0.3,-0.5,-2.3,1.1,-0.0,2.8,2.9,-2.5,-2.1,-0.1,-5.7,-3.0,-5.3,1.2,2.5,1.4,-1.5,0.2,-1.7,-2.1,-11.4,1.0,-4.2,0.5,-1.3,-0.2
2C7L515Ot6,0,48.102328,11.627082,4442231.21,2777864.54,534.2,579.9,245,7328,4.5,0.59,0.45,32.65,348.96,-0.529,-0.103,0.842,-2.7,0.2,-0.9,0.34,2.2,0.3,-0.3,-0.7,0.1,-1.6,1.6,-0.1,-1.1,0.2,-0.9,-0.1,1.6,-1.0,-4.6,-3.2,-0.1,-2.4,-4.2,-1.0,-5.9,-2.0,-5.4,0.4,-4.5,2.7,-4.3,0.2,3.1,-2.2,-7.6,-2.0,0.6,-6.5,-3.1,-10.5,-3.1,1.9,-4.3,-1.5,-11.8,-2.4,-3.4,-16.0,6.5,-11.9,1.9,5.0,2.1,-11.8,-5.6,-10.5,-7.2,0.5,-2.7,-2.0,-2.4,-3.2,5.8,-0.3,-2.3,-4.5,-6.4,-0.3,-3.2,-1.1,-3.0,1.8,-4.0,-3.0,-3.5,-3.7,-1.6,-2.9,-1.0,-1.9,-2.1,2.4,-1.0,-3.8,-1.7,-3.4,-2.6,-2.9,-7.1,-5.3,-16.2,-6.3,-8.6,-2.0,-11.3,-6.6,-2.6,-10.5,-13.2,-9.8,-0.9,-1.8,2.2,0.0,-8.6,-0.0,-3.7,-4.5,-10.4,-10.6,-2.8,-7.9,-4.3,0.5,-5.1,3.6,-6.1,-5.8,-2.3,-3.6,-1.0,-3.5,-3.3,-2.8,-4.6,-0.3,-3.4,-2.1,-5.0,-2.9,-3.3,-6.7,-5.8,-7.2,-5.3,-7.7,-5.4,-7.3,-2.9,-14.6,-6.5,-12.7,-5.7,-10.9,-12.2,-8.5,-8.1,-9.0,2.7,-15.6,-9.6,-7.5,-6.8,3.0,-6.0,-5.9,-10.0,-0.9,-7.2,-7.9,-6.3,-8.2,-9.7,-8.0,-14.6,-8.6,-9.7,-7.3,-8.4,-16.2,-6.9,-4.2,-7.3,-1.3,-5.7,-18.4,-23.2,-9.8,-11.9,-13.1,-2.5,-2.1,-7.9,-24.2,-14.9,-16.8,-9.4,-4.8,-9.0,-6.7,-6.5,-5.3,-4.8,-10.3,-10.3,-16.6,-12.1,-26.2,-18.4,-24.2,-21.1,-23.5,-16.0,-17.6,-27.0,-17.3,-12.4,-8.0,-18.0,-22.4,-3.5,-8.8,-11.7,-9.3,-13.9
2C7L515OtH,0,48.102416,11.62777,4442282.21,2777875.47,536.3,582.0,245,7339,2.7,0.84,0.42,32.65,348.96,-0.53,-0.103,0.842,-0.2,0.1,-0.34,0.2,0.8,0.2,-0.3,0.1,-0.3,-1.8,-2.9,-0.6,-0.5,-1.7,-0.2,-1.3,-1.1,-1.3,0.4,-0.8,-0.3,-2.6,-2.5,-1.1,-1.1,-4.4,2.6,-4.0,-1.1,0.1,2.4,-9.9,5.3,0.6,1.7,5.4,-6.2,-14.1,-9.5,-0.2,-1.6,-4.0,6.1,-6.0,-0.5,0.3,-0.3,-0.1,7.5,-1.3,0.3,1.9,2.3,-0.8,-3.6,1.2,-1.1,-1.0,1.8,1.6,-1.8,-0.6,1.7,-0.7,0.4,0.4,-0.6,1.2,-1.6,-0.8,-0.7,-0.7,0.1,0.6,-0.7,0.3,1.1,0.0,-3.7,0.5,-0.2,0.6,-2.6,-0.4,-0.1,0.2,-2.0,-1.2,-0.5,-1.0,-2.4,-3.9,-6.5,-11.0,-1.7,-2.0,-0.4,-1.0,0.2,0.8,-4.7,-4.8,1.5,1.9,0.8,-5.8,-3.0,-3.1,-1.7,-5.3,-1.9,-0.8,8.1,-0.3,-3.3,-1.6,-1.3,-3.2,-0.1,-2.3,-0.1,0.5,-2.0,-1.0,-0.7,-1.4,0.1,1.6,1.4,-1.2,0.5,0.8,-1.0,-1.4,-0.6,-1.4,-1.9,-3.8,-3.2,1.4,-3.6,-3.9,-3.3,0.2,-0.4,0.1,5.4,1.2,-3.9,-1.8,1.4,-1.9,0.3,-0.7,-1.4,-1.1,-1.8,-2.3,-2.3,-1.4,-0.2,-1.0,-0.9,-2.1,-2.3,2.4,5.1,0.8,-5.3,1.9,-2.2,-1.9,1.8,-0.1,-3.4,-2.4,1.3,-1.0,-2.3,-0.4,-1.0,1.4,-0.2,-1.9,1.5,-3.4,-2.2,0.7,-1.2,-1.2,-0.3,0.4,-1.3,-1.9,-0.0,-0.4,-4.2,-5.9,-9.6,-7.6,-5.0,-0.4,-1.3,-1.4,-1.8,1.5,-5.9,-3.4,-4.1,-2.2,-3.3,-3.1,-0.4,-1.4,-1.9
2C7L515OtI,0,48.102415,11.627761,4442281.59,2777875.34,533.1,578.8,245,7340,4.5,0.65,0.46,32.65,348.96,-0.53,-0.103,0.842,-1.0,0.2,-0.84,0.34,0.8,0.3,-0.3,0.1,-2.5,2.9,0.8,-0.9,-2.9,2.2,1.1,5.4,-8.1,-1.8,0.4,0.2,-3.8,-2.0,2.5,-5.2,-0.6,1.8,-1.5,-8.3,-5.5,-7.1,0.8,12.3,-4.4,5.6,2.0,-0.5,-5.9,-15.1,-2.1,-0.9,-2.3,12.0,0.9,-9.7,-2.7,6.1,-1.4,-4.2,11.5,-4.9,-0.6,3.8,2.6,2.8,-5.2,-8.1,-3.8,-0.7,1.5,3.5,5.0,5.0,7.7,2.0,4.6,2.0,3.7,2.4,0.8,3.5,3.6,-1.4,-2.2,0.3,0.5,0.1,0.7,-2.5,-3.0,0.7,-0.2,-0.9,-2.5,-4.5,-3.5,-3.8,-6.4,-3.6,-3.2,0.1,-1.6,-4.1,1.8,10.0,-0.2,12.9,-1.2,-5.0,-2.4,1.8,12.1,12.3,-1.3,-2.0,0.1,-5.3,-5.4,-4.6,-0.4,-4.6,-6.3,-2.3,4.2,1.2,-3.1,-1.3,1.2,-2.8,1.8,-7.5,-4.7,-4.0,5.5,13.6,-5.4,-2.8,-2.1,-1.2,1.7,-1.5,-0.6,1.8,-3.8,-5.9,2.0,2.0,-4.7,-4.6,-2.4,-6.1,-6.1,-1.1,0.2,-6.0,-0.9,3.1,3.3,0.2,15.3,-2.2,-0.2,-8.4,1.3,-1.8,-2.9,-0.7,3.1,-0.9,-0.1,-2.3,2.5,-1.2,-2.3,-4.1,-4.3,4.2,7.2,-1.8,-10.4,-0.1,5.7,-6.0,-0.4,-0.3,-6.1,-1.7,-4.2,-4.2,-3.4,-5.8,-5.6,-2.0,-3.9,-5.1,0.3,-3.9,-2.4,-1.4,-5.4,-2.4,-3.8,0.5,1.4,-6.6,-6.3,-10.4,-3.3,-12.9,-4.3,-10.6,-5.6,-2.4,-3.1,0.6,-5.5,-0.5,-8.3,-8.5,-11.8,-7.1,-1.1,-3.8,-4.0,-3.8,-2.8
2C7L515Otv,0,48.102706,11.630031,4442449.95,2777911.45,535.5,581.2,245,7379,2.7,0.83,0.48,32.66,348.96,-0.53,-0.103,0.842,-0.7,0.1,0.35,0.21,0.2,0.2,-0.3,-4.1,-0.9,0.1,-0.7,-2.1,2.8,0.3,-0.9,0.6,0.9,-1.0,4.9,0.4,0.9,-1.3,0.5,0.2,-1.6,-1.9,-2.5,0.0,-2.9,-2.1,0.9,3.2,1.4,2.6,4.4,3.9,0.5,-1.0,-3.7,-1.6,-1.2,1.2,-0.6,3.2,1.7,1.7,-0.1,4.7,-1.5,2.3,2.2,5.3,-3.0,-7.0,-2.8,-2.6,-0.9,3.1,5.1,2.4,0.2,1.5,-1.2,-0.5,0.5,2.0,0.6,-0.8,-0.4,-1.9,1.8,0.6,3.8,0.6,0.3,-2.4,-0.8,-1.3,-1.2,-0.2,-0.9,-0.5,1.3,-0.9,-0.9,0.8,1.0,0.4,1.8,-1.5,-1.3,-2.4,-1.1,-2.0,-0.5,-1.9,-0.7,-2.5,-0.7,-1.3,-0.8,-1.1,0.2,0.6,1.1,-1.4,0.7,-1.5,-0.7,-3.2,0.7,-0.1,1.7,0.8,-0.5,2.2,0.7,-2.1,0.2,-1.6,2.4,0.1,-2.4,-0.5,-0.6,-1.7,0.6,-2.8,0.1,-1.2,-2.4,-2.2,2.8,-1.3,-2.4,-1.8,-6.8,-4.8,-5.6,-5.2,-2.2,-2.0,-0.1,-0.2,-5.0,-0.9,-0.0,2.8,-4.0,-0.6,-2.8,-0.6,-2.9,-4.1,-4.0,-5.1,-4.9,3.3,-10.9,1.4,-7.2,-5.0,-11.7,-2.7,-0.5,1.3,-2.8,-1.7,-4.9,-3.0,-4.9,-5.9,-2.1,-1.9,-7.4,-3.2,-1.7,-1.4,-4.7,-5.2,-1.9,-0.0,-4.0,1.1,-2.0,-7.7,0.7,-4.7,-9.9,1.7,2.0,0.4,2.8,0.9,5.7,5.7,1.6,-7.2,-0.5,-5.7,-5.1,-3.4,3.6,2.6,4.1,-2.0,-5.4,-0.1,-7.5,-5.5,-1.5,-1.1,-4.0,-4.5,-5.3
2C7L515OuL,0,48.102911,11.631625,4442568.21,2777936.81,541.0,586.7,245,7405,4.4,0.21,0.47,32.67,348.96,-0.53,-0.103,0.842,-0.7,0.2,-0.13,0.34,7.7,0.3,-0.3,-1.7,-0.2,-1.4,0.3,-1.4,0.8,-0.3,-0.9,-1.0,4.1,0.1,0.8,2.0,4.2,8.4,12.6,13.7,14.1,13.2,13.5,8.7,15.0,13.0,16.1,15.3,16.9,15.3,12.2,6.5,13.2,12.7,11.3,9.2,14.2,12.9,14.2,12.1,16.0,16.1,13.4,5.5,8.5,12.6,16.4,12.3,8.8,9.4,1.3,3.1,5.8,3.5,1.8,2.5,4.4,3.8,7.2,4.7,3.8,1.4,2.2,0.9,4.1,3.9,-2.1,13.8,-11.3,-2.2,0.0,-1.8,-1.2,1.5,-0.5,0.6,-1.3,3.5,6.0,8.4,9.2,12.0,14.6,13.6,12.0,7.0,6.2,8.3,11.6,15.4,14.0,12.6,13.8,11.5,7.3,10.8,14.0,12.8,11.3,9.3,14.8,13.2,11.3,4.4,13.8,13.6,14.4,14.9,14.5,16.5,12.9,17.2,14.0,15.8,16.1,14.6,8.3,5.3,1.4,-0.5,-1.9,-3.0,-3.9,-1.1,-4.0,-4.1,-1.8,2.8,6.9,-3.5,11.3,13.3,12.0,12.7,15.0,12.2,15.9,13.7,11.7,14.6,11.6,16.2,10.9,25.6,0.3,2.6,8.3,7.7,-4.4,7.7,-7.3,-4.0,-4.4,-1.5,-7.9,-5.0,-3.9,6.2,-2.5,9.3,11.4,11.2,10.0,12.6,13.6,17.7,14.7,11.5,8.9,9.8,12.4,7.3,13.0,14.0,11.1,6.4,1.7,-2.8,-8.3,-3.8,-0.8,-3.2,-7.5,-7.4,-6.9,-9.4,-4.1,-5.1,-1.1,9.9,13.3,13.2,7.1,2.0,16.5,14.7,12.8,11.7,12.5,13.3,11.2,8.4,7.0,6.1,3.1,3.3,4.6,9.1,4.4,-2.3,6.2
2C7L515Ouf,0,48.103051,11.632718,4442649.3,2777954.21,539.1,584.8,245,7425,4.4,0.65,0.43,32.67,348.96,-0.53,-0.103,0.842,-0.1,0.2,-0.95,0.33,2.1,0.3,-0.3,2.4,4.3,2.5,4.9,3.7,-0.6,3.3,4.4,4.1,-1.3,1.9,3.6,2.0,6.8,4.5,5.1,0.9,2.4,0.2,0.1,-4.3,-2.8,-2.5,-0.8,4.2,4.8,-2.9,-5.5,1.5,4.2,-4.8,-4.4,-4.6,-2.2,-4.7,-0.7,1.3,-0.1,-6.5,-0.9,-2.2,-6.5,1.8,-2.0,-0.3,-1.8,-5.9,-5.5,3.8,-2.2,-2.9,-3.8,-2.1,-0.3,-0.1,-0.8,-1.6,-0.5,-5.7,-6.2,16.7,-2.3,16.6,18.6,-7.1,16.4,17.5,-2.8,9.4,2.6,4.8,3.7,10.3,5.8,4.4,3.9,2.9,4.5,3.2,6.1,4.0,2.5,5.1,-1.1,2.5,2.2,5.9,6.1,2.4,3.4,4.0,1.7,1.2,2.6,6.7,-2.3,-1.5,-0.2,-0.9,-3.4,7.0,4.1,-0.3,5.7,5.0,6.4,10.5,0.4,-2.5,0.4,0.8,-1.6,-1.8,-2.7,-1.7,-0.2,-7.1,-0.2,-1.5,1.6,8.1,4.9,1.3,2.3,3.3,3.5,-3.0,4.6,2.6,-0.6,2.3,-2.6,4.0,3.6,1.8,0.5,5.8,-1.6,7.0,9.9,-5.5,-4.1,-2.0,2.2,-1.3,-0.9,1.6,-2.0,3.8,2.3,4.5,6.2,1.7,3.7,2.8,15.3,-4.1,10.6,1.5,1.6,-1.3,-1.2,-2.2,16.4,-1.4,3.7,6.3,-0.8,1.2,-1.6,0.9,-2.2,4.2,-5.0,-2.6,-1.0,9.4,-1.0,1.5,-1.2,1.2,-1.2,4.6,-2.3,-4.6,0.9,-3.5,2.1,2.4,-4.1,1.5,1.6,3.8,0.8,-0.4,-2.2,-3.1,-3.9,-0.7,-2.4,0.3,0.7,-5.2,-3.9,2.2,-1.8,4.1,2.4
2C7L515Ouw,0,48.103165,11.633604,4442714.99,2777968.31,534.8,580.5,245,7442,2.5,0.86,0.36,32.68,348.96,-0.53,-0.103,0.842,-0.7,0.1,-0.38,0.19,0.4,0.2,-0.3,-1.8,0.9,-1.1,-0.2,0.8,0.7,0.9,2.2,0.2,1.1,0.5,3.5,3.1,-0.2,0.7,-0.8,-7.6,-1.2,-5.0,-3.6,0.7,-9.3,-1.1,-1.5,4.3,3.3,-1.1,2.4,4.0,-0.3,2.3,-3.8,-6.9,-3.2,-1.5,-2.0,3.6,1.8,1.9,0.3,-0.3,6.3,-0.4,1.0,0.2,-1.5,-1.1,0.0,1.2,2.3,-1.5,2.4,2.8,1.1,1.8,0.5,-1.1,1.5,1.4,-1.6,3.7,2.7,-0.0,1.3,1.8,1.4,0.6,0.4,0.4,-1.4,5.3,3.1,-0.2,3.4,-2.1,-1.3,-1.3,1.6,-0.0,-1.7,-0.5,-1.5,0.6,1.3,3.4,4.7,7.3,-0.9,-0.7,-1.3,-2.5,-5.6,-2.0,-2.1,-2.7,-1.5,-4.8,0.7,-0.9,-4.2,-0.7,-0.1,0.2,1.0,1.8,0.6,1.5,5.2,0.5,-0.9,-1.4,1.0,-0.7,-0.8,-0.7,0.8,-0.1,-0.8,-0.6,-1.5,-0.0,0.4,0.6,0.2,-3.9,-1.8,-3.2,-2.4,3.8,-4.9,-2.7,-0.8,2.3,-0.3,-1.6,-2.0,-0.3,-1.1,4.3,1.8,-2.8,1.7,5.1,-3.3,-4.0,-1.6,-3.0,0.4,-1.4,0.6,-0.4,-5.9,-1.2,0.1,-0.3,1.2,3.4,7.7,-1.7,-2.6,-3.5,-3.3,-1.2,-4.2,-5.5,1.2,-5.1,-3.1,-0.1,-0.8,-3.8,-7.0,-3.7,-0.7,-0.7,-2.3,-1.5,-2.4,-3.8,-2.5,-3.2,-2.5,-1.1,-2.3,-2.8,-3.3,-6.3,1.8,-1.1,-2.4,-3.2,-1.7,-5.6,-0.7,-0.2,-3.5,-1.4,-1.3,-4.8,-1.8,-2.8,-1.8,-4.3,-3.7,-2.8,-3.6,-2.7,-2.3
2C7L515Ov5,0,48.103225,11.634068,4442749.45,2777975.7,533.4,579.1,245,7451,3.7,0.72,0.47,32.68,348.96,-0.53,-0.103,0.842,0.0,0.2,0.73,0.29,0.5,0.2,-0.3,-4.0,-6.9,-4.4,-1.7,-2.5,-3.2,12.7,7.1,-0.6,-2.2,2.5,-1.3,-4.8,-7.4,-0.3,-0.6,-0.7,-2.6,0.4,-0.9,1.4,-1.1,0.1,-0.9,-3.6,-1.0,-1.8,2.9,1.9,-3.2,2.3,-3.9,-2.0,-3.6,-7.3,-5.0,-1.7,-4.3,1.4,-3.0,-0.5,-1.3,3.3,-4.9,-7.1,-3.3,-3.4,-2.3,-5.2,-3.6,-2.7,-3.9,-4.3,-3.5,-7.4,-2.9,-0.9,-8.9,-3.1,-2.6,-5.7,-6.8,-4.3,-9.0,-8.4,-6.0,-6.9,-7.3,-7.7,-8.1,-5.5,-7.0,-6.9,-10.2,-11.7,-1.5,-0.7,-2.1,-0.9,-3.2,-6.7,-5.8,-5.3,-3.7,-5.4,-5.7,-2.2,-2.7,-3.9,1.6,-3.7,-3.3,-6.9,-6.1,-0.3,-2.7,-3.1,-8.2,-6.0,-10.9,-2.8,-7.6,-7.3,4.9,-6.6,-1.4,-3.9,-3.2,-4.8,-4.9,-6.6,-5.2,-4.6,-5.7,-7.1,-4.3,-3.6,-4.1,-2.4,-7.6,-2.4,-3.1,-3.2,-3.3,-4.9,-2.8,-0.5,-0.4,-1.5,-4.2,-4.7,-0.5,-2.3,-5.8,-5.1,-6.2,-7.5,-7.4,1.4,-5.0,-5.1,-5.7,-6.2,-6.9,-5.8,-2.7,-0.3,1.9,-0.2,-2.9,-5.3,-7.3,-7.3,-4.2,10.1,-2.8,-7.6,-6.2,12.3,2.0,3.9,-3.9,-2.0,-10.2,-5.0,2.7,6.6,-4.8,3.6,-0.9,-7.4,-5.8,-4.4,2.8,-2.4,-2.8,-6.2,0.0,10.5,-2.4,-2.0,-0.1,-4.2,-10.7,1.0,-2.5,-1.6,-5.1,-4.6,-4.1,-7.4,-7.7,-3.9,-5.2,1.7,-0.5,-9.2,-5.1,-3.7,-9.0,3.9,-4.2,2.6,6.6,-5.9,-4.3,-9.5,-5.5
2C7L515OrJ,0,48.101567,11.621019,4441781.32,2777770.09,545.4,591.1,245,7217,4.6,0.75,0.49,32.59,348.92,-0.529,-0.104,0.843,-0.8,0.2,-1.02,0.36,1.2,0.3,-0.3,-4.0,-5.0,-2.9,-2.4,-2.6,-2.5,-3.5,-2.4,-3.1,-2.0,-1.2,-0.5,-2.1,-2.0,-2.7,-2.5,-4.4,-3.9,-4.4,-5.6,-4.6,-3.5,-2.3,-1.7,-3.1,-4.6,-2.6,1.5,-1.4,9.9,13.0,12.0,-4.5,-6.9,-7.7,-5.4,-2.6,-9.9,-8.3,-8.9,-3.8,-3.0,-2.8,-5.2,-6.3,-2.5,-1.3,-2.4,-0.3,-2.2,-2.0,-3.0,-5.0,0.7,-0.7,-1.5,-0.5,-0.7,-0.8,-0.2,-3.1,-4.6,-3.7,-3.8,-7.1,-3.3,-1.7,-5.3,-2.6,-2.4,-4.3,-3.7,-2.0,-3.6,-4.8,-6.8,-4.8,-5.9,-6.1,-6.6,-5.7,-3.7,-5.3,-6.0,-5.5,-8.0,-5.8,-9.8,-6.6,-7.4,-6.7,-5.5,-7.4,-10.5,7.1,-3.9,-3.9,-4.1,-3.7,-2.5,-3.4,-7.4,-5.2,-2.5,-5.9,-3.7,-6.0,-4.8,-4.6,-4.4,-5.6,-4.9,-4.6,-8.3,-1.8,-7.1,-9.2,12.8,-5.8,-7.1,-8.3,-3.2,-3.1,-9.2,-4.3,-6.3,0.7,-3.9,-1.3,-7.2,-2.4,11.4,-7.2,-11.4,-0.6,-2.8,-3.5,0.0,4.3,-3.2,-6.0,-4.0,-2.0,-5.3,15.0,16.8,-9.4,12.6,15.6,8.2,-8.7,-9.8,-1.5,13.3,-6.1,-6.4,-6.6,-5.6,8.1,-3.4,-5.2,-9.7,-6.9,-5.5,-3.4,-3.5,-5.1,-11.6,-3.1,-4.4,-4.1,-6.8,-6.8,-4.1,-5.7,-4.6,-4.2,-3.2,1.1,-1.7,-1.9,-2.6,-4.5,-3.1,-5.9,-6.6,-9.3,-9.6,-8.8,-10.3,-5.3,-10.0,-10.5,-12.1,-6.8,-6.8,-9.3,-9.6,-8.8,-8.9,-12.3,-8.4,-11.2,-9.1,-8.1,-8.8,-8.8,-8.4
2C7L515OsA,0,48.101932,11.623861,4441992.14,2777815.32,537.9,583.6,245,7270,4.0,0.73,0.42,32.63,348.96,-0.529,-0.103,0.842,-1.8,0.2,-0.7,0.31,0.1,0.3,-0.3,0.5,3.3,2.6,0.4,0.3,1.5,-0.5,-1.1,2.2,-1.5,-0.9,1.2,2.9,-1.9,5.6,6.0,2.0,-1.5,0.9,-4.8,-1.8,-2.0,1.2,-3.8,4.1,3.7,5.3,4.0,9.9,1.9,-10.8,4.3,-14.5,-16.3,1.8,0.1,5.3,1.7,5.1,2.4,5.1,-4.0,-2.3,-1.0,-4.0,-3.3,-1.9,11.6,4.9,-0.4,3.2,3.3,3.0,3.2,1.3,1.4,-1.1,0.2,0.2,-0.3,1.4,-0.7,-1.4,-0.9,-5.5,-0.1,-1.3,-2.8,-0.2,1.0,0.6,1.3,-1.7,-0.7,2.5,0.9,2.1,0.7,2.9,4.5,3.4,2.3,2.4,1.6,1.2,-1.9,2.0,0.4,0.6,4.1,6.9,0.4,-0.8,2.6,3.6,-1.8,-0.3,2.0,8.7,5.0,7.4,3.2,3.5,8.4,4.6,6.3,4.3,0.1,-1.1,0.1,-4.2,-4.8,-2.4,-1.4,-2.3,-0.8,-2.6,-2.4,-1.0,-0.4,1.2,-0.4,-1.8,-2.4,0.1,-0.5,-1.1,-1.4,-1.5,-2.1,-1.6,-1.8,-1.8,-2.1,-5.3,-6.3,-4.9,-6.1,-2.5,-1.2,-2.7,-2.4,-2.8,-3.8,-3.0,-4.7,-3.2,-2.8,-1.7,-3.9,-7.2,-4.5,-3.5,-4.8,-2.3,-2.5,-2.9,-2.4,-4.1,-4.5,-6.2,-5.7,-2.3,-9.3,-9.0,-2.2,5.1,-5.9,5.6,7.0,-5.6,-4.9,-7.8,-3.5,-4.9,-11.4,-4.5,-3.5,-7.9,-4.0,-2.8,-2.1,-2.6,-3.1,-3.2,-4.1,-3.1,-2.6,-12.0,-8.2,-6.7,1.4,-5.4,-17.7,-17.0,-19.2,5.1,-6.0,-6.9,-19.9,-4.7,-4.8,-4.1,-4.6,-2.8,-3.3,-5.7,-5.6
2C7L515Osk,0,48.102199,11.625941,4442146.49,2777848.43,538.4,584.1,245,7306,3.3,0.73,0.43,32.64,348.96,-0.529,-0.103,0.842,-0.9,0.2,-0.31,0.25,2.3,0.2,-0.3,-5.7,-6.2,-8.8,1.5,-2.8,-3.5,-3.3,-2.8,-3.3,1.7,-2.4,-2.5,-0.8,1.0,3.5,-1.1,-2.8,-4.2,-0.7,-3.3,-2.5,-3.3,-1.3,1.2,-1.7,-3.9,-1.3,-1.2,0.7,-6.1,-7.2,-2.5,-10.1,-8.9,-0.8,-5.8,-4.4,-1.8,-9.2,-3.5,-1.2,0.4,-2.9,5.0,1.4,1.7,2.4,-0.4,3.4,2.5,6.6,3.9,2.6,2.8,1.4,2.3,3.5,4.4,4.0,4.2,3.9,3.0,7.7,10.1,8.5,6.7,2.9,-0.2,0.8,-2.1,1.4,-2.2,3.2,-2.5,0.5,-0.4,-2.7,-1.8,-5.1,-4.6,-3.9,-4.7,-4.2,-3.2,-3.8,-5.7,-1.8,-6.8,-3.2,-4.4,-6.3,-4.9,-0.7,-2.1,-9.0,-3.3,-6.2,-2.0,-2.7,-3.6,-4.2,-4.4,-3.5,-3.5,-4.7,-2.3,-1.7,-3.2,-4.1,-4.1,-3.1,-7.2,-4.7,-1.8,-3.2,-1.0,0.3,-4.9,-5.0,-4.9,-1.8,-0.8,-1.9,-3.7,-2.4,-3.1,1.9,-7.0,-6.6,-7.0,-5.0,-4.1,-3.4,-6.1,-5.4,-6.7,-5.1,-6.4,-1.9,-1.4,0.4,-3.9,-5.0,-3.8,-3.8,-3.7,-2.0,-2.5,-3.1,-3.6,-2.7,-4.7,-3.3,-4.9,-1.8,-3.4,-1.6,-2.9,-3.7,-5.4,-6.0,-6.6,-2.1,-6.2,-3.7,0.2,3.7,-13.3,5.7,-2.6,0.2,-18.1,-6.0,-3.1,-1.5,2.3,-2.9,-3.8,-4.9,3.4,6.2,-3.9,-2.0,-2.8,-5.7,-4.2,-5.5,-3.5,-4.9,-8.9,-10.5,-7.5,-8.2,-10.8,-9.9,-7.6,-8.2,-6.7,-9.5,-5.3,-3.0,-5.3,-3.3,-2.4,-3.1,-1.1,-7.0,-7.5
2C7L515Oso,0,48.10223,11.626181,4442164.31,2777852.25,540.8,586.5,245,7310,3.0,0.77,0.44,32.64,348.96,-0.529,-0.103,0.842,-1.7,0.2,1.17,0.23,0.9,0.2,-0.3,1.7,-3.9,0.8,-1.2,3.6,-5.0,-9.6,2.1,2.2,-0.0,5.2,-7.4,2.5,-15.1,3.4,-3.5,-15.0,5.4,-3.8,0.2,0.4,-1.1,2.2,-2.2,-5.1,-3.3,1.0,-1.1,-7.8,-0.8,-8.8,-0.7,-2.5,1.9,4.5,-3.8,0.1,1.0,-0.8,-6.7,-1.8,1.9,-5.5,-1.4,2.4,-5.8,-2.8,-4.5,-3.7,-3.7,-4.8,-6.1,-9.0,-3.8,-5.7,-0.9,-5.6,-2.2,-4.4,-3.0,-5.1,1.3,-0.1,-3.2,-7.7,-3.4,-5.4,-5.8,-4.8,-7.8,-7.4,-7.6,-3.7,-6.9,-7.6,-7.5,-8.5,-8.5,-5.9,-7.7,-9.0,-6.7,-6.5,-7.2,-4.0,-8.1,-2.3,-5.7,-5.5,-3.0,-15.7,-8.7,-3.9,0.1,-3.1,-7.1,-6.2,-2.4,-1.0,-9.9,-7.3,-8.6,-8.4,-6.6,-7.1,-2.5,-3.0,-8.2,-8.4,-8.1,-7.3,-7.2,-8.1,-8.0,-7.4,-6.5,-10.0,-7.7,-10.0,-7.8,-7.9,-8.7,-8.1,-9.9,-10.1,-5.0,-6.9,-4.3,-11.2,-10.0,-7.6,-6.1,-9.1,-6.5,-9.1,-8.2,-7.3,-11.1,-3.1,-5.1,-8.3,-9.3,-9.7,-9.2,-10.7,-12.9,-3.8,-9.7,-9.8,-10.3,-10.0,-5.9,-4.2,-9.7,-10.3,-8.3,-9.4,-10.2,-7.9,-8.4,-8.9,-8.2,-4.3,-11.4,-11.4,-0.4,-9.6,-6.2,-7.9,-8.1,-7.3,-9.2,-9.2,-8.4,-9.1,-5.9,-8.9,-9.1,-7.9,-8.6,-9.7,-9.5,-8.6,-7.1,-8.6,-11.5,-8.2,-8.1,-10.3,-11.9,-13.6,-10.1,-8.4,-10.1,-11.2,-5.3,-3.8,-8.2,-3.4,-13.0,-7.4,-9.8,-10.0,-9.7,-9.7,-8.7,-11.4,-12.0
2C7L515OtW,0,48.102549,11.62866,4442348.21,2777891.7,538.0,583.7,245,7354,1.7,0.91,0.34,32.65,348.96,-0.53,-0.103,0.842,-0.3,0.1,-0.24,0.13,1.3,0.1,-0.3,0.3,0.2,-0.5,1.8,0.5,1.2,0.3,1.6,-0.2,-0.5,1.4,0.3,-0.3,0.3,-2.0,-0.7,-1.8,-1.1,-3.4,-1.8,-1.8,-2.5,-0.4,-0.2,-0.2,-1.2,-0.9,-2.2,-1.9,-2.1,-7.5,-6.8,-7.3,-4.5,-6.0,-1.7,-1.8,-0.9,-1.4,1.0,-1.4,-1.4,-3.2,-2.5,-0.8,-2.3,0.2,-2.1,-1.9,-0.9,-0.4,0.4,0.0,1.0,0.3,0.9,-1.0,1.3,0.4,0.2,-0.6,-0.5,-0.6,1.0,1.1,-0.1,-0.3,-0.3,-0.1,-0.3,-0.9,-0.9,-1.4,-0.7,-2.1,-1.9,-2.3,-2.6,0.0,-4.5,-0.0,-2.8,-0.8,-3.2,-2.0,-4.4,-3.5,-3.8,-4.5,-3.4,-3.1,-3.6,-3.0,0.3,-1.9,-1.0,-1.8,-1.3,-2.2,0.2,-1.4,-1.1,-1.0,0.8,-0.7,1.3,1.0,-0.3,1.2,0.4,-0.6,1.5,2.1,0.7,1.9,0.7,-4.9,-0.0,2.7,1.3,2.3,1.1,-1.2,0.2,-0.1,-0.2,0.6,-1.8,-0.9,-2.6,-2.0,-0.9,-1.3,-2.1,-3.3,-2.5,-2.2,-4.1,0.2,1.7,-1.8,-1.1,-2.2,0.2,-1.4,0.1,-1.4,-2.7,-5.4,0.9,-0.2,-2.1,-0.5,-0.5,-2.6,0.8,-2.6,-2.6,-2.2,-1.0,-3.6,0.2,-1.3,-4.1,-5.7,0.4,0.4,-2.7,-4.3,-1.1,-2.4,-8.2,-6.2,-4.3,-1.5,-3.2,-1.1,-0.9,-2.6,-1.9,-0.5,-0.4,-3.8,-4.3,-2.0,-1.2,-1.6,1.7,-4.5,-5.9,-5.8,-4.9,-2.7,-6.4,2.1,-6.5,-0.2,0.6,-1.3,-3.3,-0.2,-2.5,-1.5,-2.6,-1.1,-0.8,-2.6,-3.3
2C7L515OuD,0,48.102867,11.63114,4442532.19,2777931.16,539.5,585.2,245,7397,1.7,0.91,0.29,32.66,348.96,-0.53,-0.103,0.842,-0.7,0.1,0.06,0.13,1.1,0.1,-0.3,-0.8,-0.5,0.2,-0.6,0.4,0.4,3.2,1.5,3.6,1.3,2.7,1.5,2.4,3.3,3.7,2.4,1.1,-1.1,-2.1,-1.9,-2.3,-3.6,-2.0,-0.4,1.1,0.6,-1.0,0.3,1.7,-1.6,-2.0,-6.2,-3.0,-3.9,-1.8,-5.6,0.8,1.0,0.5,-0.4,0.7,0.7,-0.2,-0.3,0.3,-1.7,-3.0,-1.6,-1.4,-2.0,-0.5,-1.7,0.3,0.0,-1.5,0.3,0.2,-1.0,0.1,0.1,-0.8,-0.4,-0.9,-1.8,0.1,0.7,-1.4,0.4,0.8,0.8,-1.4,0.2,1.9,1.3,2.0,3.8,2.2,-0.1,2.7,0.8,-0.0,0.9,-0.3,-0.9,-1.2,-1.6,-0.1,-0.1,-2.8,0.3,0.5,-0.2,-3.2,-1.7,-2.3,-1.8,-2.5,-0.9,-2.1,-1.9,-1.5,1.3,-1.0,0.3,-1.1,1.8,-0.9,-1.0,1.1,-1.2,-4.6,-1.1,-2.5,-2.4,-2.5,-3.3,-3.0,-3.2,-3.0,-3.5,-1.2,-1.2,-1.2,0.7,2.5,3.1,-1.8,1.3,0.0,-1.8,-1.5,-0.1,-2.2,0.7,-3.6,-4.1,-3.2,-5.9,-3.6,-1.8,-3.3,-3.9,-3.9,-5.8,-3.3,-3.0,-1.4,-1.6,-2.9,-2.3,-2.5,-1.4,-2.0,-1.7,-0.2,-2.3,-2.8,-1.4,-2.3,-0.7,-3.1,-4.3,-4.1,-5.4,-3.7,0.3,-2.3,-6.3,-1.5,-2.3,-2.2,-6.3,-6.2,-4.5,-2.7,-2.8,-2.8,-0.3,4.4,-2.2,-1.6,-1.7,-1.4,-1.5,-2.8,-1.1,-2.0,-2.9,-0.8,-4.3,-2.8,-4.4,-5.7,0.0,-1.5,2.5,-6.5,-3.3,-5.1,-2.6,-6.5,-4.3,-3.6,-4.2,-1.0,-3.8,-3.5,-2.8
2C7L515OuE,0,48.102868,11.631149,4442532.87,2777931.31,537.2,582.9,245,7398,4.7,0.63,0.55,32.66,348.96,-0.53,-0.103,0.842,-1.7,0.2,-0.08,0.37,1.0,0.3,-0.3,-1.8,-4.7,0.2,-1.4,-2.2,2.0,0.5,2.6,3.8,0.0,5.0,1.1,3.4,3.8,8.0,9.7,0.9,-2.7,-4.3,-5.8,-2.2,-5.1,-4.7,0.2,-0.7,10.1,0.3,4.7,3.5,-3.7,-3.5,-8.8,-2.8,1.4,1.1,2.5,-0.5,0.6,0.2,-1.2,-2.1,1.7,-4.5,0.2,1.8,-2.8,1.8,0.3,16.9,11.4,-0.6,-9.3,7.2,1.3,3.7,0.5,2.9,4.9,2.5,-1.4,-5.2,-8.6,-0.6,-9.0,15.7,1.5,-3.7,7.3,-1.1,9.8,13.7,5.6,1.4,4.3,7.0,4.8,5.4,5.4,2.3,0.6,0.3,12.4,-4.0,-7.1,-6.2,-6.8,-4.0,-0.5,-3.4,0.2,0.3,-0.9,12.0,-2.9,-4.3,-2.0,2.0,2.9,-3.9,-3.3,-1.4,2.7,-7.3,-4.2,-2.7,0.8,-5.1,-2.9,3.0,-3.0,15.0,4.6,4.7,13.7,10.6,-1.0,-3.9,-10.2,-4.8,14.9,-4.5,-3.9,-6.6,2.1,-0.5,0.2,-9.1,-2.9,-4.6,-4.8,-3.9,-2.0,-3.2,-3.4,-6.2,-4.2,-6.8,-4.8,1.9,11.8,-5.5,-3.5,-8.8,-1.8,-4.0,-7.3,-0.8,-4.5,-5.9,-7.4,-4.2,-5.0,-8.5,-7.4,-3.2,-5.2,-5.2,-5.2,-5.1,-3.7,-7.0,-2.6,-4.9,-7.7,-6.1,-4.4,-6.9,-8.6,-4.3,-7.8,-4.1,-7.3,-7.4,-3.9,-7.0,-10.2,-8.6,-5.3,1.7,-11.1,-2.7,-2.2,-1.1,-2.9,-2.0,-3.0,-3.4,-6.1,-3.0,-9.3,-5.5,0.1,-2.3,-4.7,-7.9,-2.9,-6.3,-5.0,-6.7,-4.4,-1.3,-6.7,-3.6,-3.9,-5.2,-4.7,-4.8,-5.1
2C7L515Oul,0,48.103099,11.632945,4442666.11,2777959.9,534.4,580.1,245,7431,2.8,0.83,0.44,32.67,348.96,-0.53,-0.103,0.842,-0.8,0.1,-0.28,0.21,0.8,0.2,-0.3,2.5,6.9,-1.6,1.5,-0.8,-1.8,0.8,-3.0,-2.0,-0.9,3.0,-0.6,4.0,-2.3,0.9,-0.7,0.8,-0.7,-2.7,-4.5,-5.8,-4.6,-1.3,-3.8,-6.1,-5.8,-1.5,-1.4,4.5,-7.8,3.6,3.1,-5.9,-4.5,-0.1,-2.3,-0.1,1.1,-2.7,3.3,-1.7,-0.0,-2.5,-4.4,1.0,-4.2,-2.4,-3.2,-2.8,-3.5,-2.8,-3.7,-0.0,-0.0,-1.8,-3.3,-1.4,0.1,-0.9,-7.4,-4.2,-4.4,0.8,-2.7,5.1,0.5,-2.2,8.5,-4.1,-5.5,-1.4,-0.3,1.4,-2.8,-7.1,0.2,-5.2,-6.9,-6.9,7.5,2.0,-1.5,-3.9,-2.4,-1.4,-2.6,-4.2,0.7,-2.4,-1.4,-0.3,-0.9,-5.1,-8.2,-4.2,-0.6,-2.5,0.8,3.0,-1.3,-4.2,1.4,-2.9,1.6,-1.6,-3.8,-1.7,-0.5,-1.8,-2.4,-2.2,-2.3,0.0,-0.1,-0.6,-0.6,-1.3,-0.6,-0.3,-3.7,-0.5,-1.3,-1.8,-1.0,-0.2,1.3,-0.8,-4.3,-2.6,-6.0,-3.9,-4.7,-0.0,-3.3,-1.9,-1.8,-1.1,-3.1,2.7,5.5,-0.4,-3.2,-2.5,-4.0,-2.9,-4.2,-2.5,-3.9,-3.0,-6.1,3.8,-4.6,-3.2,-3.9,-3.5,-2.6,-5.3,-1.5,-1.7,-2.9,-4.2,-5.0,-4.4,-7.2,-5.2,-0.5,-10.2,-1.3,-3.3,-4.3,-8.7,-6.5,-2.2,-2.7,-3.4,-1.5,-2.2,-2.7,9.7,-4.8,-4.5,-4.6,-6.3,-3.9,-5.3,-3.4,-4.2,-2.1,-6.1,-5.3,-7.3,-5.3,-5.3,-4.3,-4.7,-4.2,-7.8,-9.5,-4.0,-3.8,-3.7,-3.5,-6.0,-6.3,-3.6,-3.3,-2.8,-5.7
2C7L515OvT,0,48.103431,11.635534,4442858.19,2778001.09,537.3,583.0,245,7475,4.0,0.68,0.45,32.68,348.96,-0.53,-0.103,0.842,-1.4,0.2,1.11,0.31,1.1,0.3,-0.3,2.3,-0.3,-0.0,-4.1,4.5,0.4,1.2,2.2,0.9,1.7,0.5,-1.2,1.9,5.3,3.5,2.6,2.5,0.5,-1.0,-3.7,-4.8,-2.8,-1.7,0.3,2.0,-0.9,0.7,3.8,1.9,-2.9,-20.5,-0.9,1.0,-6.4,-2.5,-10.1,-5.1,-5.1,-0.5,-3.1,-7.1,-0.3,7.4,-5.3,-6.4,-3.5,-5.6,-2.5,-2.8,1.4,-6.1,-10.3,-5.9,-9.9,-12.3,-5.2,3.9,-6.8,-5.5,-12.1,-9.6,-7.1,-14.8,-8.8,-1.7,-9.5,-11.1,-8.4,-6.9,-8.6,-3.4,-4.5,-2.3,0.2,-8.6,-3.5,-7.3,-3.8,-3.8,-8.6,-3.4,-2.9,-2.1,-3.4,-2.1,-5.5,-0.9,4.4,7.6,-6.3,-3.0,-2.7,-5.2,-7.2,-3.7,-4.6,-3.1,-3.0,-3.3,-1.7,-6.3,0.5,2.2,-0.9,-5.3,-3.9,-5.9,-19.6,-4.2,-6.2,-1.0,-2.8,-2.8,-3.0,-1.7,-4.9,-20.4,-18.4,-5.2,-15.3,-6.9,-11.0,4.1,-16.9,-12.3,-7.6,0.8,-3.2,-7.8,-10.9,-9.5,-6.8,-2.0,-5.2,-6.5,-8.7,-4.7,-4.4,-6.0,-3.2,-7.0,-9.0,-6.3,-8.3,-6.7,-6.5,-7.8,-5.8,-5.5,-4.2,-11.1,-7.1,-4.7,-5.8,-3.4,-10.3,-8.9,-7.3,-6.1,-6.8,-7.0,-9.1,-5.8,-11.0,-8.9,-4.6,-4.7,-6.3,-6.3,-3.9,-6.1,-9.1,0.6,-7.1,-8.1,-12.2,-4.6,-5.0,-12.7,-7.0,-5.4,-6.5,-7.1,-9.8,-8.6,-10.4,-7.8,-8.6,-5.4,-9.3,-3.8,-8.0,-7.2,-14.4,-2.5,-5.3,-10.0,-5.9,-9.6,-9.4,-9.3,-7.8,-8.3,-5.8,-9.6,-6.8,-6.0,-5.6
2C7L515fw1,0,48.102353,11.626991,4442224.34,2777867.17,549.0,594.7,246,7321,3.7,0.59,0.47,32.64,348.96,-0.529,-0.103,0.842,-1.0,0.2,0.43,0.28,3.6,0.2,-0.3,-0.2,-1.4,-0.6,-1.5,-0.1,0.1,0.1,2.8,-0.1,-3.1,1.0,2.0,4.3,1.0,4.3,3.5,4.0,4.0,2.9,4.1,2.1,4.5,-1.7,6.2,5.1,4.6,3.4,5.1,2.6,3.9,8.5,4.3,0.8,-0.5,-1.9,-1.1,3.3,9.6,7.0,9.5,7.1,8.9,7.2,5.3,7.6,7.1,4.6,4.1,1.2,-0.0,2.8,4.3,2.4,1.2,1.6,-1.9,1.9,-3.6,0.6,-2.3,-4.1,-1.7,-0.6,1.1,-2.4,-0.9,-2.6,-0.3,-0.4,1.0,-2.7,4.2,5.8,1.2,1.3,4.1,3.3,-1.4,1.2,1.5,1.4,2.7,-4.7,3.6,-3.4,5.7,9.9,2.8,5.2,4.5,9.7,8.8,13.1,6.3,7.3,7.2,6.4,6.5,8.3,9.9,6.0,9.7,8.3,-7.2,2.7,7.6,-0.2,-1.4,-4.6,1.0,-0.5,-0.4,-0.5,-2.4,-0.8,-3.6,0.2,-4.4,-6.6,-0.8,-3.3,-3.2,-5.2,-3.9,-1.3,2.0,-3.1,0.5,-3.0,-7.0,2.5,-9.2,-6.0,7.4,3.5,3.0,5.4,4.1,3.7,-3.4,1.0,1.4,-4.0,-5.1,-2.5,-4.2,1.7,-6.6,-4.9,-5.0,-4.3,-0.8,-3.2,-3.8,-3.8,-2.1,-1.2,-2.0,3.3,-1.8,4.3,5.4,6.8,3.1,6.5,5.0,-2.5,2.8,4.5,3.4,4.5,-0.6,1.3,-1.6,-1.9,-3.8,-7.4,-6.1,-2.9,-2.8,-4.2,-1.1,1.7,1.5,-4.2,0.8,-5.7,5.0,-9.0,-14.1,8.7,10.6,4.1,11.6,5.2,-10.4,4.4,-2.4,3.4,-6.8,12.3,-0.3,-0.1,-4.1,-1.4,-5.5,-4.6,-4.5
2C7L515fwU,0,48.102557,11.628583,4442342.42,2777892.51,546.4,592.1,246,7350,3.4,0.78,0.46,32.65,348.96,-0.53,-0.103,0.842,-0.6,0.2,-0.23,0.26,0.5,0.2,-0.3,1.1,-0.6,-0.1,0.5,3.4,1.4,0.7,-3.0,-3.4,2.0,1.0,2.5,-9.2,-0.4,16.4,11.5,14.8,5.0,-3.7,-5.6,-0.1,-4.2,1.1,0.2,2.5,5.1,0.3,4.8,1.7,-5.1,-7.6,8.2,-4.7,8.4,-6.6,2.5,-0.6,0.1,-1.5,-0.8,-1.0,-2.3,-6.8,4.8,-1.3,-0.6,1.1,-0.5,0.4,1.0,2.1,-0.5,-2.1,-0.9,0.9,-4.9,0.5,-2.3,1.2,-0.6,-0.5,-0.4,7.7,-0.8,4.4,3.3,-0.5,-2.8,-1.5,-0.2,1.5,1.6,0.7,2.1,12.8,6.2,7.8,-0.1,-2.2,3.3,0.0,2.6,1.2,1.4,-0.2,2.4,0.8,2.0,2.5,2.1,1.3,0.6,-0.8,1.7,-1.4,2.1,2.2,4.9,-0.2,2.2,-2.7,3.7,2.6,1.6,-1.9,0.3,-0.8,1.3,-0.3,0.4,-0.6,1.9,0.3,1.5,-0.8,-0.3,1.5,-0.7,-0.3,0.8,0.3,0.4,1.3,-2.2,-3.5,6.2,2.6,-0.9,0.6,-2.2,-1.5,-0.3,1.5,-2.6,-3.3,-3.9,11.7,-3.8,2.9,2.9,3.1,0.6,-0.3,-0.8,1.1,0.5,-4.6,-0.3,-0.4,-1.6,-1.5,-2.3,-1.5,-3.9,-4.5,-0.7,3.2,0.7,2.1,-1.4,-2.1,-5.6,0.1,-4.1,-4.4,6.4,-1.4,-4.7,1.3,-1.7,-0.0,-2.4,-6.4,1.4,1.2,-5.0,-0.6,-0.5,-4.6,-1.9,-1.5,-2.2,-2.1,-1.8,-1.4,-2.9,-0.1,1.6,-3.9,-5.3,-4.5,-2.0,-3.2,-3.1,-0.5,-0.7,-1.6,-4.2,-1.3,-0.2,-2.0,-2.4,-2.8,-0.7,3.3,1.8,-1.0,-1.6
2C7L515fxS,0,48.102975,11.631838,4442583.9,2777944.32,538.6,584.3,246,7410,2.2,0.9,0.24,32.67,348.96,-0.53,-0.103,0.842,-0.3,0.1,-0.08,0.17,0.8,0.1,-0.3,-0.4,0.2,-1.5,-1.5,-0.7,-0.6,-0.8,0.3,-1.0,-1.5,0.3,0.6,-1.4,-0.6,-0.3,1.1,1.7,2.2,-2.7,-0.9,-3.1,-2.0,-1.2,-0.7,-1.6,1.3,-1.0,-1.4,-1.3,-1.9,-1.0,-5.0,-5.7,-2.7,-5.3,-1.7,-0.2,0.8,0.1,-0.8,1.1,0.5,-1.0,0.4,-1.0,0.5,-1.1,-0.2,0.3,0.8,1.0,2.0,-0.8,0.8,0.2,0.9,0.2,2.1,0.7,0.7,0.8,2.0,-8.1,11.2,-2.1,-0.6,0.4,-8.4,-0.4,0.1,1.2,-0.7,1.9,-0.0,1.0,1.2,-0.3,-1.0,-0.7,-0.8,-1.7,-1.6,-1.1,-2.9,0.1,-1.7,-1.3,0.2,-1.6,-2.2,-3.3,-1.7,-2.2,-3.2,-2.4,-4.3,-1.6,-0.2,-1.0,-4.3,-3.5,-0.8,-1.5,-0.9,0.2,-0.9,-0.4,0.9,0.2,-0.9,-0.2,0.1,0.4,-0.3,1.1,0.3,-11.3,-0.2,1.2,0.6,-10.4,1.6,0.0,-0.8,0.7,0.3,-0.3,-1.2,-0.3,-2.0,-1.7,-1.2,-0.5,-1.9,-1.1,-1.7,-0.9,-6.3,-1.4,1.8,-2.4,-1.8,-2.1,-1.1,-0.7,-0.0,-6.6,-0.6,-0.4,-0.0,-10.4,-2.7,0.2,-0.6,0.6,-0.3,-0.3,-0.3,-1.4,-2.3,-1.6,-1.9,-1.8,-3.9,-3.7,-0.4,-1.5,-2.7,-1.2,-2.0,-0.9,-2.8,-2.3,-1.9,-1.7,-2.6,-0.4,0.6,6.0,0.1,-0.9,-0.2,-2.3,-1.1,-1.3,-0.9,-2.5,-0.2,-0.9,-4.8,-6.1,-3.1,-3.2,-4.0,-5.0,-3.2,-3.5,-3.9,-2.4,-2.6,-1.8,-3.0,-3.0,-1.3,-1.4,-0.8,0.0,-2.0
2C7L515fxT,0,48.10298,11.631871,4442586.35,2777944.85,537.4,583.1,246,7411,2.9,0.85,0.31,32.67,348.96,-0.53,-0.103,0.842,0.1,0.1,0.04,0.23,0.6,0.2,-0.3,-0.4,1.1,1.0,-1.0,-0.0,-7.6,0.0,0.2,-1.2,-1.0,-0.4,-4.1,0.3,0.0,1.2,2.3,2.5,3.1,-0.4,0.1,-2.8,0.0,-2.0,2.2,-0.2,2.6,-0.9,-2.8,-2.2,-0.6,-1.7,-3.0,-2.9,-0.5,-2.2,0.3,0.0,1.3,1.9,-0.4,-0.7,-1.8,-0.7,1.8,-1.5,-1.6,-2.4,-2.8,-1.4,-0.6,-1.0,0.9,-1.4,0.1,-0.4,0.7,-1.1,0.8,-0.2,0.3,-0.9,0.3,-12.4,7.9,-13.5,1.0,0.1,-12.5,-0.1,-0.7,0.8,-1.2,1.6,-1.0,-0.0,1.0,0.4,-0.5,0.1,0.6,-0.5,-1.1,-1.0,-4.0,-2.3,-1.0,0.6,1.2,1.2,0.1,-1.7,-4.6,-4.7,-2.0,-1.8,-4.5,-4.1,0.8,-0.0,-4.2,-2.7,-1.7,-1.5,-0.5,0.1,-0.8,-1.2,-1.9,-1.6,-3.3,-2.2,-1.2,-0.3,-1.7,0.0,-2.2,-14.1,-1.7,-2.4,0.0,13.3,-0.3,-2.3,-1.6,1.6,0.8,-1.9,-0.9,-1.0,-2.3,1.0,2.4,-4.2,-2.4,-0.7,-1.0,1.7,-4.1,0.0,1.3,-4.8,-3.3,-4.6,-1.6,-0.2,4.0,-10.0,-0.2,0.4,2.3,13.7,1.0,2.3,3.0,1.0,-0.7,2.5,0.6,-2.7,-2.0,-1.4,-0.7,0.9,-3.1,-2.1,-0.2,0.5,-2.6,0.5,-1.0,-0.2,-2.2,-1.7,-1.0,-2.0,3.4,-2.0,0.9,1.6,2.3,1.0,1.8,-2.3,-1.8,-1.2,-0.6,-4.0,-1.1,0.2,-4.8,-4.3,-2.9,-1.6,-1.0,0.1,-3.8,-0.4,-2.8,-1.6,-0.8,-1.2,-3.2,3.4,-1.5,-2.4,-0.5,-0.3,2.5
2C7L515fxa,0,48.103044,11.632377,4442623.91,2777952.9,542.7,588.4,246,7418,1.9,0.91,0.33,32.67,348.96,-0.53,-0.103,0.842,-0.6,0.1,-0.19,0.14,1.1,0.1,-0.3,0.2,-0.8,0.8,0.1,-0.2,3.0,0.3,0.1,-2.0,5.7,-2.0,4.3,-2.0,-1.0,-1.3,-1.9,-2.4,-3.4,-2.7,-1.8,-0.7,-2.4,0.3,-1.8,-1.7,-3.0,-0.5,0.7,-2.4,-3.8,-1.3,-9.1,-5.8,-5.4,-2.8,-6.9,0.0,-2.0,1.0,-0.0,-0.6,-2.3,-5.3,-3.0,-0.2,-0.8,-1.9,-1.2,-0.6,-0.2,-1.7,-0.3,-0.0,1.5,0.3,0.8,-0.4,-0.1,0.1,-1.2,0.2,2.8,-1.7,-1.9,-2.3,-0.9,-2.2,-3.1,-1.1,-1.7,-0.3,-2.6,0.7,0.4,-2.1,-1.1,0.5,-0.1,-0.0,-2.9,-2.1,-3.2,-0.5,-0.8,-1.7,-3.9,-2.9,-2.5,-2.2,-2.1,-2.4,-2.5,-4.3,-5.7,-0.5,-3.7,-2.0,-1.6,0.3,-2.8,-1.4,-2.0,0.7,1.5,-1.7,0.4,0.3,1.1,1.3,0.0,-0.7,-0.4,-0.2,-0.7,-0.4,0.3,0.6,-0.2,-1.0,-0.4,-2.7,-1.0,-2.1,-2.6,-2.8,-1.8,0.5,-2.5,-2.8,-4.4,0.4,-1.4,-2.1,-5.8,-3.8,-7.9,-3.2,-4.3,-0.6,0.9,-1.4,-4.0,-2.7,-1.8,-1.4,0.9,-3.1,-0.3,-2.1,-1.2,-3.2,-1.1,-2.0,-3.0,-2.8,-2.5,-2.4,-1.5,-0.6,-2.3,-5.7,-4.8,-1.0,-3.2,-4.8,-2.9,-2.8,-5.3,-2.0,-2.3,-5.1,-8.7,-0.5,-2.5,-3.8,-1.2,-1.5,-0.9,-12.9,-0.2,-2.0,-0.7,-0.7,-0.4,-2.2,-3.3,-1.7,-1.7,-2.5,-3.5,-4.8,-2.2,-2.3,-7.2,-3.3,-2.8,-4.9,-4.5,-4.4,-2.7,-4.7,-3.1,-4.2,-3.8,-3.8,-3.6,-2.6,-3.9
2C7L515fya,0,48.103502,11.635939,4442888.15,2778009.57,544.6,590.3,246,7480,3.1,0.8,0.41,32.69,348.96,-0.53,-0.103,0.842,-0.2,0.2,0.14,0.23,0.7,0.2,-0.3,-4.1,-3.2,-1.1,-3.0,-2.8,10.2,-1.6,-2.1,-0.1,10.8,-1.4,-12.1,-1.1,0.7,-0.2,-0.2,0.2,0.0,-1.4,-2.2,-2.9,0.2,-0.3,-2.6,2.3,0.1,2.6,-7.8,-0.8,-2.7,-10.7,-2.7,-3.2,-2.7,-6.0,-0.5,-0.0,1.1,0.9,1.9,0.1,-2.6,2.4,-1.0,2.1,-1.7,0.7,4.5,1.3,6.1,-0.4,1.1,0.1,0.7,0.6,-2.0,-2.7,-0.3,-1.1,-1.2,-3.4,-2.9,-5.2,-1.7,0.4,7.5,-3.1,-7.5,-1.3,-1.5,-0.3,-3.5,-7.5,-2.5,-5.9,0.8,-1.7,-1.4,-4.8,-3.8,-2.2,1.1,0.8,-1.7,-1.3,-1.1,1.2,0.1,1.1,1.2,-1.7,-3.7,-4.6,-7.9,-2.8,-4.3,1.7,-1.5,-1.3,-3.6,-2.9,-3.9,-1.6,-0.3,-3.4,-5.4,-2.0,-2.1,-1.5,2.7,3.4,0.1,-4.2,0.7,-0.3,-3.3,7.3,-3.5,-5.4,-5.4,2.1,0.9,-3.0,-0.5,-0.9,-0.7,-2.2,0.1,-0.6,-1.4,2.1,-0.4,-6.6,-0.7,-4.2,-3.4,-1.0,-1.5,0.3,-1.5,-9.2,-6.0,-0.6,-0.2,-0.1,-3.7,1.5,1.1,2.1,0.2,-4.3,0.4,1.8,-0.9,0.8,-4.1,-3.0,-6.3,3.7,0.5,-1.8,-5.3,-7.3,-7.4,-4.2,-0.4,-0.1,0.0,-1.9,2.9,1.0,-2.5,-3.6,-1.4,-5.1,-6.8,-0.2,-1.5,9.2,-1.3,-1.4,0.3,-1.8,-1.4,-3.5,-1.9,-0.9,-0.0,-4.0,-3.9,-3.6,5.0,-2.9,-2.2,-3.1,-1.3,-3.5,-2.4,-4.1,-2.5,-0.1,-2.0,-0.9,0.8,-1.8,-0.6,-0.8,-3.8
2C7L515fyb,0,48.103502,11.635944,4442888.52,2778009.66,542.1,587.8,246,7481,2.4,0.88,0.31,32.69,348.96,-0.53,-0.103,0.842,0.0,0.1,-0.33,0.18,0.3,0.2,-0.3,-1.0,0.9,0.1,1.0,0.3,-11.8,0.3,-1.5,1.7,11.4,1.7,-5.4,0.3,2.7,1.3,1.3,2.0,1.3,1.7,-2.2,-5.4,-0.6,0.7,-0.4,3.3,2.7,2.8,-2.7,2.6,0.4,3.4,-4.4,-2.6,-2.9,-5.6,0.6,0.8,-0.0,1.2,2.2,3.3,-3.2,2.1,1.5,1.2,-0.1,-1.7,-0.1,-0.7,0.7,-0.5,0.9,1.1,0.1,0.4,0.5,-0.9,-0.7,-1.1,-1.3,-2.9,-1.1,-2.0,-3.2,-0.1,-4.0,-4.9,-5.4,-1.1,-0.8,-5.0,0.1,-4.4,-2.1,-2.0,0.9,0.8,0.5,-2.4,-0.6,-3.1,0.7,1.7,0.1,0.9,1.7,2.6,1.6,1.0,1.4,0.8,-1.8,-3.3,-3.5,1.2,-0.7,-1.6,1.4,2.8,-1.3,0.2,0.3,1.4,1.7,0.3,0.4,0.3,1.7,0.8,1.1,1.5,1.3,1.3,2.1,0.8,-2.5,-0.9,1.6,-1.7,-3.0,0.1,1.6,-2.2,2.1,1.3,2.6,-1.1,2.2,0.5,1.1,0.2,1.6,-2.8,1.4,0.2,-0.7,1.6,1.9,3.1,2.8,-4.8,0.1,1.1,1.7,2.6,3.1,0.0,4.1,3.8,3.0,-0.5,1.9,3.8,2.6,2.8,1.5,2.8,-0.4,4.0,1.4,1.3,-2.2,-1.8,-2.1,-2.2,1.5,2.3,1.8,1.4,2.2,1.6,-0.7,-3.0,-2.7,-2.7,-1.4,0.6,0.3,-11.7,0.4,1.2,0.5,0.2,0.6,-1.8,-0.4,-0.4,1.3,-0.4,-2.0,-1.0,-0.2,-1.1,-0.5,0.8,-1.1,-1.0,-1.9,-0.2,-1.4,-1.9,-0.2,-1.2,0.7,-0.8,-0.1,0.6,-0.2
2C7L515fyc,0,48.10351,11.636001,4442892.78,2778010.57,542.1,587.8,246,7482,2.8,0.81,0.39,32.69,348.96,-0.53,-0.103,0.842,0.1,0.1,0.1,0.22,0.2,0.2,-0.3,1.3,2.5,-0.2,1.0,1.5,-7.4,1.0,-2.3,0.6,-3.3,2.3,-1.6,1.1,1.5,1.8,-0.1,3.0,1.0,1.4,-1.7,-5.5,-1.0,-0.2,-2.6,1.7,2.8,-0.1,-1.0,0.1,-0.1,3.4,-4.9,-4.3,-4.6,-7.5,-2.2,-0.2,0.5,-1.3,-0.6,-2.8,-4.2,-0.4,-0.9,-2.8,0.2,-1.0,-2.0,-1.5,3.1,-0.9,-1.0,-0.6,-2.5,-0.4,-0.7,0.2,1.6,0.1,-2.7,-2.3,-2.7,-2.3,-4.6,7.6,-1.7,-6.2,-8.1,-0.3,-5.1,-2.6,-2.9,-3.8,-4.4,-1.9,0.1,-2.9,-2.3,-3.5,-0.7,-7.3,-0.7,7.3,-0.8,3.6,1.5,-2.8,1.8,0.5,3.4,1.5,-1.1,-6.0,-6.7,0.1,-7.0,-6.1,-1.5,-0.3,-9.9,0.1,-2.3,-0.6,-1.2,-0.9,-5.8,-4.8,0.4,2.2,0.9,-0.3,1.6,1.6,-3.3,-2.6,-3.3,-5.8,1.6,-5.5,-7.2,-6.4,-3.2,-3.9,2.7,-1.2,3.4,-3.3,-2.7,-1.1,1.4,2.1,1.1,-0.1,3.4,2.6,-0.9,0.2,0.9,-1.4,5.2,-3.3,1.5,-2.2,-0.2,0.6,5.5,-2.1,0.6,1.0,2.1,-0.0,4.1,-0.1,1.3,1.8,1.6,2.3,0.3,-0.9,-1.4,1.8,-1.0,0.1,-2.1,-0.3,1.4,2.2,3.1,2.5,1.0,1.2,0.3,-3.7,-7.0,-5.7,1.3,-1.3,0.2,-8.7,-0.7,2.4,-1.9,-1.8,-4.0,-2.8,-3.1,-2.1,0.5,1.0,-0.9,-2.3,-2.7,-4.1,-3.2,0.6,-0.7,2.3,-1.7,-1.5,-0.7,-1.9,-1.4,-2.7,3.3,0.7,-1.0,1.7,0.6
2C7L515fuT,0,48.101659,11.621449,4441813.13,2777781.05,544.6,590.3,246,7225,2.8,0.81,0.44,32.59,348.92,-0.529,-0.104,0.843,0.2,0.1,0.01,0.22,1.4,0.2,-0.3,0.1,-0.1,-1.7,0.3,-0.8,-0.8,-1.2,-0.1,4.3,3.2,1.7,1.5,-3.0,-1.8,-4.4,-1.5,-1.2,-1.8,-2.0,-4.1,-2.8,-5.5,-1.5,-1.0,-4.0,-1.9,-4.6,3.9,-1.3,-1.5,-18.0,-6.0,-8.0,-9.4,-6.6,-4.6,-2.0,-1.6,-2.6,-6.9,-2.8,-2.7,-8.2,-2.7,-4.1,-4.3,-6.0,-3.4,-3.1,-2.8,-2.3,-1.7,-1.7,-3.7,-4.0,-2.5,-2.1,-1.2,-5.4,-0.9,-3.3,-3.7,1.3,-3.7,-8.9,-4.4,-3.0,-12.1,-3.3,-5.8,-5.6,-4.0,0.6,-4.5,-7.0,-3.5,-5.7,-6.7,-5.7,-3.2,-3.4,-3.8,-3.3,-5.8,-4.8,-2.0,-3.3,-3.0,-0.8,-3.8,-5.2,-2.3,-1.6,-7.2,-4.9,-5.7,-2.8,-3.8,-5.4,-5.9,-5.8,-6.9,-7.7,-1.4,-2.9,-3.5,-2.7,-2.7,-1.1,-2.4,-2.9,-1.1,0.9,-2.1,-0.6,-1.7,-1.9,-3.1,-2.0,-4.4,-1.1,-2.7,-2.3,-1.6,-0.1,0.8,-0.3,-4.8,4.7,-2.1,-3.0,-2.5,-0.8,-3.8,-5.0,-4.2,-2.1,-3.1,-1.8,0.8,-1.0,1.1,-1.6,-1.0,-2.0,-1.2,-4.2,-0.6,0.1,1.2,-2.6,-0.2,0.5,0.2,-0.7,-2.8,-2.2,-2.1,-2.0,-4.7,-8.3,-4.9,-3.7,0.6,-2.5,-0.6,-3.0,-5.8,-2.3,-3.0,-2.2,-4.8,-1.5,-2.1,-1.1,-0.7,0.9,1.9,0.2,-12.1,9.0,-3.0,-1.2,-4.3,3.4,2.5,-0.6,-0.1,-5.6,-7.9,-5.7,-6.7,-6.7,-8.0,-4.2,-5.3,-5.1,-5.9,2.7,-5.2,2.4,-8.6,-5.9,2.3,-1.9,-0.7,-3.3,-1.4
2C7L515fwG,0,48.102463,11.627705,4442277.3,2777880.62,543.4,589.1,246,7336,2.6,0.84,0.38,32.65,348.96,-0.53,-0.103,0.842,-0.6,0.1,0.06,0.2,1.2,0.2,-0.3,-1.4,0.3,-0.7,-2.0,-1.9,2.5,-3.2,-1.1,-0.9,3.6,-1.9,0.6,-0.7,-0.4,-0.7,1.1,1.7,0.8,-1.9,-0.6,-0.5,0.1,-1.1,-0.2,0.0,1.4,-1.4,-0.4,-2.2,-3.7,-10.4,-6.8,-6.0,-3.7,-4.8,-1.8,-4.1,-2.3,-1.3,0.0,-0.7,-1.3,-1.5,-2.5,-3.0,-3.6,0.0,-0.1,-2.3,-1.7,0.8,-1.0,-2.1,0.8,0.8,-0.2,-0.2,-0.1,-0.2,1.1,-0.9,-0.9,-0.8,1.2,-1.3,-0.5,-1.2,1.4,0.2,-0.2,-0.6,0.7,-1.9,-3.1,0.7,1.4,1.0,-1.3,-1.7,-0.6,-0.5,-1.4,-4.0,-2.3,-0.4,-3.1,-2.7,-7.5,-1.6,-3.1,-3.2,-2.8,-4.0,-0.2,-2.1,-7.0,-4.1,-2.0,-5.1,-4.5,-3.7,-2.8,-2.3,-3.2,-3.2,-3.0,-3.2,-4.8,-1.1,-3.3,-1.2,-3.5,-2.3,-2.7,-2.9,-1.1,-1.2,-3.5,0.2,-1.1,-8.1,-3.2,-1.6,-4.6,-2.0,-2.6,-1.5,-1.0,-3.1,-2.2,-0.7,2.2,-6.9,-3.5,-3.5,-7.3,-3.8,-5.8,-0.9,0.7,-3.6,0.5,-2.5,-1.8,-0.7,3.3,-3.2,-8.0,-3.6,-3.2,6.2,-5.7,3.1,-1.1,-5.3,1.2,6.1,-2.1,-1.6,-2.8,-4.5,-3.1,-3.4,-8.6,-4.9,2.4,-4.7,-1.2,-3.2,-5.3,-5.2,-6.0,-4.5,-6.8,-10.3,3.0,-1.6,-2.1,10.2,-4.5,-3.7,-2.5,-7.1,-7.0,-9.9,-2.8,-10.8,-4.7,-2.2,-10.9,-5.5,-6.9,-5.4,-5.8,-1.5,-1.4,-2.5,-3.0,-2.9,-3.6,-3.7,-2.8,-1.7,-2.5,-4.0,-1.1,-2.1,-0.9
2C7L515fxO,0,48.102983,11.631754,4442577.68,2777945.05,545.3,591.0,246,7406,3.1,0.75,0.44,32.67,348.96,-0.53,-0.103,0.842,-0.7,0.2,0.89,0.24,2.0,0.2,-0.3,0.7,-0.2,-2.0,-0.6,-0.4,2.8,1.3,1.3,1.0,5.1,0.7,3.3,0.4,3.4,4.2,4.0,4.2,1.1,1.0,-2.0,4.0,1.3,2.6,1.0,4.4,5.5,4.8,11.5,2.4,3.8,8.2,1.5,2.3,-1.2,0.2,-1.6,6.1,-3.5,8.5,-1.1,1.7,3.6,-0.9,3.1,1.9,3.2,-9.8,-2.8,0.6,0.6,-0.9,1.2,-0.6,1.6,0.7,-0.2,-0.5,-1.7,-0.6,-0.0,-0.9,1.0,0.1,-3.0,6.2,-8.5,-4.3,-3.0,-1.5,-1.7,0.9,-2.8,-1.6,-0.6,0.4,0.8,1.6,1.6,0.6,1.0,-1.2,0.9,0.0,-0.3,-0.6,-1.1,-0.1,1.6,-4.2,0.3,2.2,3.0,15.6,-2.3,2.4,0.8,0.1,2.6,3.8,1.7,1.2,4.7,2.5,3.6,6.5,3.8,1.3,4.3,1.1,0.6,-0.6,-0.6,2.5,0.5,0.1,-2.0,-0.6,-2.2,-4.7,-1.1,-3.7,-1.1,-3.3,-0.8,0.1,-0.8,-0.7,2.0,0.3,-1.4,0.6,-0.8,-2.1,0.5,1.2,0.6,-3.4,0.0,3.9,4.3,-0.9,-2.3,-5.5,0.6,-3.1,-3.0,-2.4,-7.5,-2.5,-4.6,-2.1,-3.7,-4.3,-2.9,2.1,-2.1,1.8,-3.1,4.0,0.5,-2.3,-1.3,-6.1,-3.6,-0.6,6.0,3.3,-0.5,4.5,4.0,4.9,-8.3,-3.3,-6.8,-3.8,-12.8,-8.1,-7.1,-8.6,-4.7,-7.6,-5.2,-1.9,-1.4,-5.1,-2.0,-2.9,-0.8,-2.6,-1.8,-3.1,-7.9,0.6,2.5,1.8,8.2,0.4,3.9,4.5,0.8,6.7,3.1,2.4,2.4,3.5,1.2,0.7,-0.1
2C7L515fyA,0,48.103313,11.634324,4442768.29,2777985.95,538.0,583.7,246,7454,3.2,0.8,0.37,32.68,348.96,-0.53,-0.103,0.842,-0.9,0.2,-0.44,0.24,0.1,0.2,-0.3,1.0,0.9,0.4,0.4,0.8,5.4,-0.3,1.7,2.0,-11.8,0.6,6.8,-0.6,2.1,-0.1,-0.5,-0.8,0.2,-1.5,-1.1,-0.9,-1.2,1.7,-2.0,-8.7,2.2,1.7,6.1,0.2,-3.7,2.2,-8.2,-6.0,-6.4,-5.4,-2.2,-0.7,-0.2,-2.5,-1.8,1.2,-0.1,0.1,-3.5,-3.9,-2.4,-2.6,-3.5,-4.1,0.3,2.7,1.1,-1.2,-1.3,-1.9,-2.7,1.5,-0.4,-3.4,-0.3,0.8,1.6,2.3,-0.5,-15.5,-4.5,-0.6,-2.6,-0.0,-3.5,-0.8,0.7,-0.9,-0.4,-2.6,-0.0,-1.1,-0.3,1.3,0.9,-0.1,-0.7,-0.8,-1.5,1.2,-1.5,0.6,-1.5,-0.3,-1.3,-4.2,9.3,4.6,-6.4,-2.4,-5.2,10.5,0.2,0.8,-6.1,-2.5,-4.0,-1.8,-0.7,-3.5,-1.8,-4.9,-2.2,-3.0,-2.8,0.1,-1.4,0.0,-0.9,-1.3,2.1,2.4,-3.8,-0.9,-3.3,-6.9,-1.3,-4.4,-6.2,-5.2,-2.0,-0.8,-0.2,-2.7,-2.5,-3.2,0.1,-0.7,-0.2,-4.4,-5.8,-2.3,-3.5,-2.1,-0.6,-3.3,-4.2,-5.2,-5.8,-1.5,0.8,-3.9,-2.0,-0.7,0.4,6.9,-4.8,-0.9,-0.3,-1.7,-6.3,-2.3,-2.9,1.9,-3.7,-6.7,-0.1,-1.2,-3.3,-4.0,0.3,2.6,-0.7,-1.7,-2.2,-3.3,-2.0,-4.3,-9.1,-1.0,0.2,-4.0,-3.0,-18.3,-2.0,-2.9,-2.3,-1.5,-1.5,-2.7,-3.4,-3.6,-5.8,-4.0,-8.2,-7.9,-11.9,-7.0,-5.5,-4.5,0.1,-3.5,-5.0,-3.5,-6.8,-5.3,-7.7,-6.0,-5.2,-3.9,-9.0,-6.4,-6.5
2C7L515fyG,0,48.103353,11.634632,4442791.14,2777990.86,535.1,580.8,246,7460,2.2,0.87,0.3,32.68,348.96,-0.53,-0.103,0.842,-1.3,0.1,-0.1,0.17,1.2,0.1,-0.3,2.2,1.4,0.3,1.5,1.9,3.4,-0.1,0.2,-1.1,1.8,-0.1,2.7,0.1,-0.4,-0.6,-0.9,-2.5,-1.5,-2.8,-3.4,-3.4,-4.2,0.7,-2.1,1.1,-1.4,-2.4,2.3,-5.4,-3.5,2.9,-11.9,-7.5,-9.6,-9.3,-3.7,-0.4,-1.5,-1.9,-1.8,-4.2,-1.8,-4.0,-0.2,-0.8,-0.8,-7.0,-0.3,-1.1,-0.4,0.2,0.9,-2.1,-1.1,-0.9,-1.1,-0.5,2.4,0.5,-1.4,-0.1,-0.6,-4.1,-0.3,1.8,0.7,-0.4,-5.6,-2.0,-2.8,-1.6,-1.4,-0.6,-2.0,-0.5,-0.3,1.0,-1.1,-0.7,-0.6,-1.2,-1.1,-2.0,-1.1,0.5,0.2,-0.1,1.2,0.1,-0.4,-1.1,-1.0,-2.6,-7.3,-0.1,-2.0,-1.0,1.3,2.3,-4.4,-1.0,-0.9,-7.2,-2.3,-3.7,-2.5,-2.2,-0.6,-2.7,-2.8,-1.8,-1.6,-3.3,-2.8,-2.3,-2.5,-0.5,-2.1,1.0,-2.7,-2.7,-3.0,-1.9,-3.1,-3.7,-3.3,-2.3,-3.9,-6.5,-6.3,-5.7,-6.0,-2.0,-4.5,-4.6,-5.9,-5.8,-6.9,-5.0,-2.7,-3.6,-5.2,-5.2,-6.8,-4.2,-4.6,-5.2,-3.1,-2.5,-2.4,-4.1,-6.1,-3.6,-3.5,-4.3,-3.7,-6.2,-5.5,-6.0,-9.2,-5.7,-9.8,-9.2,-8.6,-5.8,-2.1,-2.8,-6.7,-4.5,-5.5,-4.9,-8.1,-5.7,-3.0,-3.3,-4.7,-5.0,-4.0,-2.8,-4.0,-4.8,-1.3,-3.4,-4.1,-5.8,-3.5,-3.8,-6.7,-11.7,-8.0,-8.7,-6.6,-9.3,-10.2,-4.9,-4.2,-9.0,-6.6,-3.8,-6.5,-4.4,-7.8,-5.7,-6.3,-10.4,-4.9,-4.2,-5.7
2C7L515fyQ,0,48.103432,11.635252,4442837.15,2778000.72,539.5,585.1,246,7470,4.6,0.66,0.44,32.68,348.96,-0.53,-0.103,0.842,-0.6,0.2,-0.58,0.36,1.2,0.3,-0.3,0.3,2.4,-2.6,1.6,4.1,-7.7,1.0,2.4,7.5,1.2,-3.8,-8.8,-3.5,2.4,3.4,2.8,0.4,2.0,2.5,0.8,-1.6,-0.7,4.0,1.9,4.1,2.2,11.4,-6.9,5.2,4.2,-19.6,-1.2,0.8,-3.2,-5.3,-0.5,0.0,4.7,3.5,-2.5,6.4,2.0,3.1,-1.8,5.7,-0.2,0.8,2.9,2.6,10.4,1.8,3.0,2.9,-2.6,-0.1,1.0,-3.7,3.8,2.0,2.7,3.2,0.1,10.8,-3.1,-8.1,-3.0,0.4,1.7,-2.7,3.1,-4.1,2.7,-0.3,2.3,3.7,4.7,4.4,-1.0,-0.5,2.8,1.8,1.0,9.7,-17.0,8.5,2.9,3.2,4.1,0.3,1.5,-18.1,3.1,1.3,-0.7,4.3,4.8,0.3,2.6,2.5,-0.4,2.9,0.3,-0.7,4.5,0.1,3.2,1.9,-0.3,-1.5,8.5,5.1,4.0,7.2,4.7,5.5,4.9,6.1,4.9,1.5,5.9,3.6,6.3,3.8,6.3,6.9,5.3,0.3,3.0,-0.4,-2.6,-0.2,8.7,0.9,-0.1,-1.2,-1.4,4.0,0.9,-1.7,4.9,0.9,-1.0,-0.3,0.8,-0.8,-1.3,1.6,2.7,2.1,0.4,3.4,-7.0,-0.5,2.7,1.5,-0.3,-5.4,-0.1,3.8,-3.0,-1.6,-8.7,1.0,-4.9,-6.8,-8.7,4.3,-1.3,-3.8,-0.2,-0.9,-0.2,-4.5,-1.5,-17.3,-1.6,2.8,3.0,-3.9,1.8,4.6,6.7,-1.1,1.5,1.0,-14.8,-13.3,-10.3,0.9,-9.8,4.5,-4.1,-5.4,-3.6,-0.9,3.2,-1.2,4.5,3.2,-3.3,1.6,0.8,7.7,-3.1,9.8,1.5,0.6,-3.5
2C7L515fyy,0,48.103663,11.637046,4442970.27,2778029.29,532.3,578.0,246,7504,4.3,0.64,0.51,32.69,348.96,-0.53,-0.103,0.842,-1.0,0.2,-0.57,0.33,1.7,0.3,-0.3,0.3,1.3,1.5,1.0,0.5,-6.9,2.7,0.8,1.3,-2.6,1.4,-0.7,1.4,1.9,2.2,2.3,1.8,-0.4,-3.4,-4.7,3.1,9.1,14.7,5.4,10.2,7.6,9.1,11.6,9.2,14.7,6.4,-0.8,-11.7,5.5,-1.8,-3.0,-9.8,12.0,13.4,14.2,2.8,9.3,1.7,-9.4,15.1,3.6,-9.2,1.2,2.5,4.8,8.2,0.7,1.1,2.2,1.9,3.3,1.3,1.4,1.3,1.9,2.6,1.7,-7.2,2.1,1.2,0.6,3.3,-8.4,0.5,0.5,2.3,1.3,0.6,2.6,3.6,3.1,3.0,4.6,1.6,-0.3,0.4,1.2,1.8,-4.3,9.8,1.8,10.5,-12.9,7.2,7.6,8.1,5.3,9.0,5.9,9.5,0.6,6.4,7.6,10.0,0.5,12.4,7.2,9.5,5.4,5.8,4.9,4.8,4.1,4.3,1.2,4.6,2.6,5.7,3.1,3.3,0.3,0.1,0.4,2.5,-2.4,3.1,0.3,2.7,1.2,1.2,3.3,2.3,0.4,7.7,6.2,2.4,3.7,4.5,2.9,-0.8,-3.5,-1.2,2.4,1.9,3.1,-0.7,-0.6,0.9,0.6,0.1,-0.6,-0.5,0.6,0.9,1.2,-0.6,1.3,1.9,0.9,-0.4,0.0,0.3,-1.0,1.8,-0.5,1.3,-6.9,5.4,-4.2,-2.6,12.7,1.3,-1.1,-1.2,0.0,-0.8,-1.3,-8.6,-5.0,-2.0,-1.8,1.6,1.0,-3.1,0.5,1.0,-0.0,0.6,-1.2,0.2,-1.5,-4.2,-1.4,-1.6,-0.8,-0.9,-4.3,-4.2,5.7,9.3,-3.0,-1.4,2.2,-0.4,-2.0,-0.9,-1.8,3.9,0.5,-8.3,-2.2,0.1,-2.7
2C7L515fzC,0,48.103775,11.637919,4443034.98,2778043.16,533.9,579.6,246,7518,2.7,0.83,0.4,32.7,348.96,-0.53,-0.103,0.842,-0.9,0.1,0.34,0.21,0.5,0.2,-0.3,-0.2,-2.4,-1.3,-2.6,-2.0,-0.9,0.3,-1.2,-0.5,-1.0,0.4,-0.5,-2.2,-0.6,0.0,0.4,-1.7,-2.4,-3.6,-2.7,-0.2,-1.5,1.9,4.2,-0.4,-2.2,-4.2,-0.4,-2.0,-1.4,7.3,-7.0,7.4,-7.6,-9.2,-4.2,2.5,-1.7,-4.9,-7.1,-1.7,0.4,1.7,-3.4,-5.6,0.3,-2.0,-1.5,-2.6,-3.0,-3.5,-4.4,-2.6,-1.5,-2.3,0.8,-3.3,-2.1,-2.4,-0.5,0.7,-3.0,-0.0,-2.0,-1.6,-2.8,-1.9,3.6,-2.6,1.1,-1.6,-2.8,-1.5,-3.4,-3.6,-5.9,-3.1,-3.6,-3.2,-3.4,-3.7,-3.7,-0.2,2.2,-1.6,-6.3,-1.4,-3.8,-2.7,-1.7,-7.7,-4.1,-4.1,-7.0,-4.2,-4.4,-0.4,-4.1,-0.1,1.3,-0.8,-5.8,-6.6,-0.2,-0.2,1.7,-0.1,0.5,-1.1,-3.0,-2.9,-4.8,-7.3,-5.3,-2.1,-5.2,-3.0,-4.1,-9.9,-10.7,-2.5,-10.3,-3.7,-4.6,-4.6,-6.0,-2.4,-1.6,-6.5,-0.7,-2.9,-3.8,-5.7,-2.2,-6.2,-9.0,-4.3,-2.0,-1.5,-1.3,-2.4,-2.9,-3.9,-2.6,-0.7,-9.3,-3.2,-3.7,-2.7,-1.0,-8.0,-7.3,-4.3,-1.8,-4.7,-2.9,-6.3,-2.6,-3.5,-6.0,-5.6,-11.3,-7.3,-6.4,-6.0,-4.1,-3.3,-3.8,0.5,-4.3,-2.7,-3.6,-3.3,-2.8,-3.7,-3.5,-4.1,-3.9,0.5,2.3,-2.4,-2.9,-1.8,-4.6,-4.8,-5.8,-5.8,-7.0,-11.2,-8.4,-11.4,-4.2,-3.8,-2.0,-11.7,-3.9,0.6,-5.6,-5.3,-4.5,-8.0,-2.0,-5.2,-3.5,-3.3,-5.9,-5.8,-7.4
2C7L515fvR,0,48.102111,11.624818,4442063.06,2777836.74,542.1,587.8,246,7285,4.5,0.62,0.61,32.64,348.96,-0.529,-0.103,0.842,-1.0,0.2,-1.38,0.35,1.0,0.3,-0.3,1.1,-3.6,-4.2,0.3,1.6,-0.3,-1.7,3.1,0.4,-0.1,-2.0,-0.3,-1.1,-1.1,-2.4,-2.9,1.9,0.9,-1.3,0.2,-5.7,-4.4,8.1,-0.1,-0.9,2.9,3.4,-3.2,1.3,0.4,-13.5,-0.4,-3.2,-3.6,-1.5,-2.2,-1.7,-0.1,-6.2,-3.5,1.4,7.5,0.7,6.2,-1.0,-12.8,8.8,6.0,1.2,9.0,4.7,0.1,5.0,10.4,6.5,3.4,11.3,12.5,2.7,3.1,-5.7,-3.1,-4.6,-12.5,-13.7,-1.8,3.3,6.4,6.8,-1.7,1.5,-3.3,-0.6,2.3,0.9,2.3,1.2,1.4,0.6,3.8,1.2,-2.4,-0.2,4.5,1.6,3.0,10.6,2.0,3.1,-2.5,-15.0,-13.9,-0.6,5.7,5.6,4.3,-0.7,2.1,-3.5,4.5,2.5,-0.8,10.9,-11.4,12.0,10.9,10.3,4.2,6.8,3.7,2.6,2.3,2.6,3.1,2.3,0.2,3.1,3.0,2.1,-0.1,1.4,0.9,1.8,3.7,2.6,2.8,0.1,-1.8,0.7,-6.3,-4.5,-1.6,5.7,-5.9,-8.3,-4.3,-2.2,-1.3,0.9,1.1,-2.5,0.4,-1.9,-0.3,-0.1,-1.5,-1.9,-0.4,-0.0,2.5,-3.5,-2.7,-1.1,-2.0,-1.1,-2.4,-0.2,-0.7,-1.0,-0.5,-2.2,-0.4,-0.1,0.1,-7.3,3.1,-0.4,-4.1,2.2,1.0,-5.0,-3.4,-5.4,-2.2,-4.2,-1.3,-1.0,-0.5,6.1,0.0,0.2,-0.3,0.7,-2.3,-0.3,-2.6,0.0,-5.8,-0.8,-0.5,-11.7,8.1,-6.9,-8.9,1.9,-5.3,-8.2,-8.0,-3.8,-7.8,-0.9,-6.4,-4.3,-4.6,-1.6,-5.7,-8.7,-17.7
2C7L515fvS,0,48.102125,11.624928,4442071.23,2777838.48,544.7,590.4,246,7286,3.7,0.73,0.5,32.64,348.96,-0.529,-0.103,0.842,-0.7,0.2,-0.26,0.29,1.7,0.2,-0.3,1.4,-3.8,-3.0,-3.2,2.0,-2.8,2.8,5.1,-1.6,0.1,-0.4,-2.1,-0.5,5.5,3.5,-2.7,-3.0,-1.9,-3.3,-3.8,-5.7,-5.4,4.1,-1.0,1.6,-0.2,2.8,-2.6,-0.3,-4.0,-15.8,-5.0,-2.4,-3.1,-4.3,-4.8,1.8,-5.7,-10.7,-2.8,1.7,4.6,-0.9,4.6,-3.4,7.0,0.9,2.7,-3.7,7.6,2.9,-2.8,7.7,0.9,1.9,1.8,4.3,5.2,1.9,4.2,0.8,-1.0,-13.7,10.5,-0.2,-0.1,1.5,2.9,2.2,0.9,1.4,1.9,0.6,3.0,-0.8,-0.3,2.5,2.0,-0.2,1.8,2.1,-3.0,0.8,0.9,0.9,0.6,-2.8,-2.1,-16.6,0.1,-4.1,0.7,-1.0,0.5,-1.2,0.9,-1.3,1.5,-4.6,2.6,0.0,-0.4,5.0,7.8,9.8,2.3,2.3,3.5,2.1,0.3,0.1,-1.4,-0.3,-0.4,-0.5,-1.7,-0.7,0.1,-1.1,-1.0,0.2,-1.9,-1.1,0.6,1.0,2.3,-1.7,-2.8,-1.9,-5.8,-4.5,-5.5,-2.8,-6.4,-6.3,-5.1,-4.5,-4.2,-0.2,-1.7,-2.7,-0.3,-0.2,-3.0,-1.9,-2.3,-6.4,-3.3,-2.9,-1.6,-5.4,-4.1,-2.6,-4.4,-4.6,-2.6,-3.4,-4.3,-6.3,-5.7,-7.3,-4.6,-5.3,-3.9,-5.2,-1.3,0.6,-5.9,-2.1,8.0,9.9,-3.6,-4.7,-2.8,-8.0,-4.0,-1.0,-1.8,9.6,1.1,-2.1,-1.1,-0.1,-2.4,-1.3,-3.7,-0.8,-1.3,-1.2,-4.4,-8.8,-0.6,-5.3,-16.3,1.2,-0.5,-3.9,-5.3,-1.8,-10.5,0.4,-3.0,-2.2,-2.1,-0.9,-1.8,-3.2,-0.8
2C7L515fvc,0,48.102174,11.625313,4442099.74,2777844.61,537.8,583.5,246,7296,2.3,0.91,0.2,32.64,348.96,-0.529,-0.103,0.842,-0.6,0.1,-0.16,0.17,0.3,0.1,-0.3,0.1,-0.0,-0.5,-1.3,-0.0,0.3,0.7,0.6,-0.3,-7.2,1.1,1.3,1.5,0.1,0.4,-0.5,-0.5,-0.6,-0.4,-0.3,-0.7,-0.2,-0.1,-0.2,1.1,1.2,1.8,1.2,-0.4,-0.5,-0.7,-3.2,-2.1,-1.2,-0.4,-0.5,2.7,1.1,2.3,1.4,0.9,-0.3,0.7,0.1,0.3,-0.7,-1.1,-1.0,-0.5,0.2,0.9,0.0,-0.6,-0.6,-0.6,-0.9,0.3,-0.3,-0.0,-0.3,-0.3,-1.0,-8.8,-0.1,0.1,-0.7,-0.2,6.6,-1.2,-1.5,-1.3,-1.1,10.0,-1.0,-1.7,-0.8,-0.2,-0.9,-0.6,-1.2,-1.3,-1.0,-1.7,-0.2,-0.8,-1.3,-1.0,-2.4,-0.2,-0.8,-2.6,-1.5,-2.2,0.4,-2.8,-0.1,-0.5,0.8,0.2,1.4,-0.3,-0.8,-0.2,0.0,-0.8,-0.4,-1.3,-1.5,-2.6,-1.5,-1.5,-1.7,-1.4,-2.0,-1.3,-1.5,-14.4,-3.5,-3.1,-2.7,6.1,-0.7,-1.5,-2.4,-0.1,0.7,-1.2,-0.8,-2.1,-3.6,-1.1,-0.3,-2.2,-1.1,-2.1,-2.3,-0.3,-3.7,1.3,0.8,-2.3,-1.3,-1.0,-0.6,-0.5,-1.1,-11.0,-1.7,-1.5,-1.1,11.4,-2.5,-0.9,-2.2,-1.5,-1.5,-1.5,-2.1,-1.1,-2.3,-2.7,-0.8,0.8,-4.3,-3.0,1.1,-2.6,-4.1,-0.1,-0.6,-2.0,-3.2,-3.5,-2.5,-4.0,-5.8,-2.6,-3.5,4.6,-1.8,-2.7,-1.8,-2.2,-2.4,-2.3,-1.9,-2.1,-1.1,-1.1,-4.8,-4.0,-2.9,-2.7,-4.8,-3.4,-3.8,-2.2,-3.8,-4.2,-3.7,-5.5,-3.9,-3.5,-2.8,-4.4,-3.2,-4.2,-2.7
2C7L515fvd,0,48.102176,11.625321,4442100.35,2777844.75,535.5,581.2,246,7297,2.7,0.83,0.41,32.64,348.96,-0.529,-0.103,0.842,0.3,0.1,0.39,0.21,1.0,0.2,-0.3,0.4,0.6,-0.7,-0.5,-0.6,-1.8,0.1,0.8,-1.2,-5.0,1.4,1.3,0.7,-0.8,-2.0,-2.5,-3.6,-4.0,-2.5,-3.1,-2.7,-3.6,-2.9,-3.6,-2.9,-1.5,-0.2,-1.1,-2.5,-4.2,-10.3,-6.3,-5.3,-4.0,-3.6,-3.4,0.4,-1.6,-1.8,-3.3,-2.8,-0.8,-2.3,-3.2,-3.8,-3.0,-4.3,-3.5,-3.4,-2.7,-1.8,-3.0,-3.6,-3.5,-3.9,-3.8,-3.5,-4.0,-3.3,-3.7,-3.8,-4.2,-2.5,-3.1,-5.0,-3.1,-3.4,-10.2,-4.3,-4.7,-6.5,-5.0,2.8,-3.8,-4.3,-5.1,-4.0,-4.1,-4.2,-3.7,-3.0,-4.2,-4.7,-3.1,-3.3,-4.5,-4.2,-4.8,-1.3,-2.4,-2.9,-2.1,-3.3,-2.8,-5.5,-1.3,-1.6,-1.6,-2.4,-3.0,-4.0,-4.7,-3.0,-3.1,-1.9,-4.0,-3.6,-7.1,-4.7,-5.0,-5.1,-3.9,-3.2,-3.2,-2.0,-1.0,10.0,-7.1,-5.7,-4.8,3.0,-1.2,-3.0,-2.9,-1.7,-2.1,-2.8,-0.4,-3.3,-4.4,-4.7,-1.5,-4.6,-4.5,-4.7,-6.2,-3.3,-7.7,1.0,0.6,-0.8,1.1,-0.3,0.1,0.2,-0.7,-0.5,-1.3,-2.3,1.7,5.1,-2.3,-0.9,-4.6,-3.4,-4.2,-7.7,-12.6,-3.7,-3.7,-4.3,-1.6,0.3,-2.4,-4.7,3.4,-1.3,-3.3,0.2,0.6,0.9,-7.8,-1.5,-1.1,-1.8,-7.0,9.8,-3.8,4.4,0.3,1.1,-0.2,2.6,1.2,2.3,-2.0,1.9,-0.8,-1.2,-3.3,-4.5,-2.7,-4.5,-7.7,-5.1,-6.6,-2.8,-3.9,-3.2,-1.9,0.8,-1.2,-3.2,-0.5,8.3,-3.2,-8.2,1.5
2C7L515fwQ,0,48.10257,11.628394,4442328.35,2777893.63,547.3,593.0,246,7346,1.6,0.93,0.25,32.65,348.96,-0.53,-0.103,0.842,-0.6,0.1,0.12,0.13,0.5,0.1,-0.3,-0.7,-1.1,0.3,-1.7,-2.4,0.8,1.0,-0.4,-0.4,1.5,-0.0,1.7,0.2,1.0,-0.4,-0.9,-0.1,-1.5,-0.9,-0.9,0.2,-0.4,-0.8,1.0,1.5,0.2,0.9,2.5,2.2,-1.2,-4.9,-5.4,-2.6,-1.6,-3.2,-0.6,1.3,-0.6,1.9,-0.8,-0.3,-0.5,-0.5,0.2,-0.5,-0.2,0.6,-0.0,0.5,-0.0,1.7,0.9,0.5,0.9,0.1,-0.8,-1.6,-0.8,-2.6,-2.8,-0.9,-2.1,-3.0,-1.1,2.5,0.2,-1.5,-7.2,-2.5,-2.0,-1.7,-2.2,-1.4,-2.5,-2.1,-2.3,-3.2,-1.7,-1.6,-2.1,-1.5,-2.5,-1.5,-1.5,-0.9,-2.3,-3.3,-2.2,-2.1,-0.8,-2.8,-1.8,-2.3,-0.2,-1.0,2.0,0.7,1.9,-0.3,0.1,-1.0,-1.3,0.4,0.9,0.2,2.2,-1.1,-0.6,-2.4,-1.8,-2.9,-0.6,-2.9,-1.9,-3.4,-1.4,-2.3,-4.1,-0.5,-2.6,-2.6,-1.5,-1.1,-3.8,-1.7,-0.5,-0.6,-2.1,-2.2,-3.0,-2.1,-0.8,-0.4,-1.5,-1.1,-4.6,-2.5,-5.8,0.5,1.1,0.8,-1.5,-0.4,-1.3,-1.4,-2.5,-4.8,-0.7,-2.6,-2.0,-6.3,-2.6,-2.0,-2.1,-3.0,-2.3,-1.6,-2.0,1.8,-1.1,-1.0,-2.8,-2.7,-4.5,-3.0,0.0,-1.9,-4.9,-0.5,-0.0,-2.1,-5.4,-4.8,-2.1,-1.6,-4.2,-2.7,-1.9,-12.4,-2.4,-3.3,-0.6,-0.7,-1.6,-2.1,-2.2,-3.2,-0.7,-3.1,-4.3,-5.1,-1.7,-2.9,-2.5,-2.6,-3.9,-3.1,-2.5,-2.4,-4.6,-1.8,-3.3,-2.6,-3.3,-2.8,-2.7,-4.0,-2.8
2C7L515fx6,0,48.102852,11.630586,4442490.94,2777928.53,538.8,584.5,246,7388,1.6,0.94,0.31,32.66,348.96,-0.53,-0.103,0.842,-0.8,0.1,0.13,0.12,0.0,0.1,-0.3,-1.1,-0.9,0.3,0.4,-0.6,-1.4,-0.9,2.2,0.6,2.5,1.2,1.2,3.5,2.7,0.9,-0.2,0.7,-0.1,-1.1,-4.0,0.4,-1.7,-0.2,0.8,0.1,1.5,-0.6,0.8,0.8,-2.3,-3.6,-5.8,-4.4,-4.0,-3.3,-2.2,-0.8,-0.5,-0.2,-0.8,-0.5,-0.9,0.1,-0.4,1.2,-0.8,-0.9,-1.2,-0.3,-1.0,-0.3,0.6,0.2,-0.9,-1.9,-2.5,-2.6,-0.4,1.4,-1.9,-1.1,-1.5,-3.5,-2.0,-1.3,-3.0,-4.6,0.4,-4.3,0.4,-1.0,-3.2,-6.0,-2.2,-1.6,-0.8,-2.7,-0.1,2.4,-1.7,-1.4,0.5,-0.8,-0.3,-0.4,-0.8,-1.0,-1.6,-2.3,-0.4,-2.9,-3.0,-3.7,-3.1,-1.1,-1.1,-2.1,-0.5,-0.7,-1.2,-2.9,0.7,-1.7,1.5,-1.4,-2.7,-1.0,-1.5,-0.5,-1.8,-0.3,-0.7,-3.6,-2.6,0.1,-2.4,-2.1,-3.2,1.8,-4.9,-1.6,-2.2,-0.6,-1.4,-1.6,0.4,0.5,-0.3,-1.6,-4.2,-3.6,-1.1,-1.2,-1.1,-3.4,-3.5,-3.3,-5.9,-2.1,0.4,-1.0,-2.5,-1.6,-3.8,-3.2,-4.1,0.2,-3.9,-5.8,-3.7,-3.1,-6.0,-4.3,-4.5,-3.6,-3.2,-3.2,-3.2,-0.7,-2.2,-3.0,-3.5,-1.9,-5.3,-4.8,-1.6,-1.8,-4.1,-2.0,-1.7,-1.9,-4.6,-4.0,-2.1,-2.7,-2.5,-6.1,-4.8,-4.4,-3.4,-2.5,-3.0,-4.2,-3.8,-3.2,-3.6,-4.0,-1.5,-3.7,-4.3,-4.6,-2.8,-1.0,-4.6,-3.9,-3.1,-5.2,-5.1,-5.3,-4.9,-2.1,-3.4,-3.9,-4.1,-1.4,-3.2,-5.1,-3.6
2C7L515fxE,0,48.102915,11.631077,4442527.4,2777936.34,541.5,587.2,246,7396,1.5,0.95,0.28,32.66,348.96,-0.53,-0.103,0.842,-0.6,0.1,-0.18,0.11,0.2,0.1,-0.3,0.5,0.7,-0.4,0.3,0.5,0.6,0.4,1.1,1.0,-0.7,0.6,0.1,0.1,0.9,1.9,0.1,1.6,1.1,-0.8,1.1,-1.9,0.2,1.2,-2.4,-1.3,0.6,0.3,1.7,3.2,-1.0,-3.1,-5.3,-4.3,-5.2,-3.4,-1.0,2.5,-0.3,0.6,2.0,1.8,0.2,1.0,-0.0,-0.7,-0.3,-1.5,-1.7,0.5,0.8,1.7,1.4,0.5,-0.7,-0.2,-0.6,-0.6,-0.7,-0.3,-1.6,0.4,-0.3,-1.1,-1.1,-1.9,-0.6,-0.9,-1.7,0.0,-1.7,-1.6,-1.0,-1.1,-0.5,0.2,0.8,0.8,-1.0,0.1,1.2,-1.3,-1.7,-0.9,0.4,0.3,-1.6,-0.2,0.9,-1.0,1.7,-2.3,-2.0,-2.6,-1.8,0.4,0.2,1.4,0.8,-0.1,-0.0,0.5,1.5,-0.7,1.3,1.2,1.7,0.4,-0.5,0.4,-2.0,-0.9,-0.6,-1.9,-0.6,-0.8,-0.5,0.3,-0.5,-0.5,-1.2,-0.7,-0.1,-0.4,-0.0,1.3,0.5,-0.2,0.4,-1.4,-4.5,-1.1,-1.3,1.8,-0.1,-2.6,-0.3,-2.0,-2.6,2.1,1.6,-1.8,-1.9,0.0,0.8,-1.3,-0.3,-2.7,-1.1,-1.3,-1.2,-0.9,-1.7,-0.4,-1.7,-1.7,-1.7,-2.4,2.0,-0.4,-0.0,-2.6,-3.7,-3.1,-5.1,-3.5,-0.9,-2.6,-3.9,-2.1,-1.9,-1.3,-4.2,-4.8,-2.0,-2.4,-2.7,-1.5,-1.8,-10.2,-2.1,-1.4,-1.8,-2.4,-2.1,-1.6,-0.9,-1.9,-0.9,-2.7,-4.4,-6.0,-3.1,-1.9,-4.0,-0.6,-2.5,-3.9,-3.0,-3.5,-2.7,-2.3,-2.8,-2.5,-1.4,-1.1,-0.8,-2.3,-1.9
2C7L515fxV,0,48.10303,11.631972,4442593.76,2777950.59,535.8,581.5,246,7413,1.7,0.92,0.28,32.67,348.96,-0.53,-0.103,0.842,-0.5,0.1,0.26,0.13,1.1,0.1,-0.3,-1.4,0.7,0.8,-0.6,0.6,0.2,2.3,1.5,2.3,2.8,2.0,0.6,1.7,2.1,2.6,2.2,2.6,2.3,-0.3,-1.5,-2.7,0.5,-2.3,4.2,-1.2,2.6,1.2,0.5,2.2,1.6,-1.5,-5.3,-0.9,-1.8,-1.6,-0.1,3.0,1.3,3.3,2.7,0.8,-1.4,2.3,1.5,0.6,-1.5,-1.7,-3.5,-2.2,-3.0,-1.7,-2.4,-1.3,-1.9,-2.2,-1.0,-2.4,-2.4,-2.2,-2.7,-2.3,-1.5,-1.3,3.1,-1.5,-0.0,-0.6,2.0,-0.6,-1.3,-1.8,-1.4,-2.0,-0.6,0.4,1.1,0.6,0.1,0.2,1.2,0.1,1.7,0.8,0.2,0.2,1.5,0.5,1.6,-0.4,1.4,2.1,-2.8,-4.7,-2.3,-1.8,-2.3,-0.2,2.6,3.4,-2.5,-2.6,2.2,0.6,2.7,0.3,-0.6,0.0,-1.1,0.3,-0.8,0.9,-1.5,-2.8,-2.6,-2.9,-4.0,-2.2,-3.5,-3.3,-2.6,-2.6,-2.7,-3.0,-1.4,0.4,0.3,-0.7,-0.5,-0.3,-2.3,-0.2,-0.8,2.3,0.2,-1.1,-3.1,-0.2,-3.1,2.2,0.4,-2.0,-0.6,-1.0,-3.9,-3.6,-3.6,-0.3,-3.6,-4.5,-3.1,-4.0,-2.3,-0.5,-0.7,-1.1,-1.5,-1.0,-1.0,-0.7,-0.2,0.9,-0.1,-0.6,-0.8,-1.2,0.6,-2.6,-2.2,1.3,1.2,0.4,-1.2,-2.9,-4.6,-4.7,-2.5,-3.9,-2.4,-3.6,-1.7,-1.5,-2.8,-1.7,-2.2,-3.9,-1.3,-0.9,-0.7,3.1,-0.9,-0.0,-0.9,-4.0,0.4,2.2,-1.4,-0.3,-1.1,-1.7,-0.1,-3.8,-0.8,-2.6,-3.8,-2.3,-3.7,-5.1,-4.2
2C7L515fy4,0,48.10329,11.633999,4442744.15,2777982.84,538.7,584.4,246,7448,3.3,0.76,0.44,32.68,348.96,-0.53,-0.103,0.842,-1.7,0.2,-0.68,0.25,0.7,0.2,-0.3,-3.7,0.2,-1.1,-0.7,-1.7,14.0,-1.6,-3.1,0.4,7.0,-1.1,0.9,-2.0,-0.1,-1.1,4.4,-0.1,7.1,1.4,9.7,0.7,-1.1,-2.4,2.3,1.7,2.5,-1.1,7.9,0.8,0.4,2.9,-7.7,-2.7,-0.3,-0.6,-0.7,3.1,-1.5,4.0,2.5,3.4,5.5,4.3,4.4,4.3,2.9,3.3,-3.0,-0.2,-0.5,0.9,3.9,1.1,3.7,3.2,3.7,3.5,9.8,0.5,5.0,-2.0,2.0,3.4,-6.6,9.2,4.4,-0.4,0.2,0.9,9.2,5.4,2.6,5.0,1.6,3.6,2.0,2.7,3.5,3.7,1.5,1.8,3.3,2.6,2.2,5.1,7.7,1.3,3.5,1.6,3.2,1.3,-1.3,1.7,-3.0,1.4,-1.0,-0.3,4.2,2.9,-4.2,-2.2,2.7,-2.6,1.8,2.5,1.8,1.5,1.4,1.2,0.7,1.1,-0.2,-1.7,-0.2,-3.8,-3.3,-1.7,-1.2,1.5,-3.1,6.3,-1.0,-4.6,-4.1,0.6,10.0,2.8,1.9,0.8,-2.2,-1.4,0.6,1.6,-2.2,-0.4,-4.6,0.8,-0.0,2.4,5.8,-12.0,-1.3,1.0,-1.7,-7.0,-1.0,-12.9,-5.1,-2.6,-0.2,-8.5,-3.5,-0.8,-1.2,-2.1,0.9,-1.6,-2.5,-3.9,-4.2,-0.5,-2.7,-6.1,-5.6,-3.4,-4.0,-1.4,-2.7,-2.8,-4.0,-6.1,-6.3,-3.6,1.6,-5.2,-6.0,-5.8,-1.4,1.1,-6.1,-2.2,-5.4,-4.5,-4.3,-5.9,-2.4,-7.4,-4.9,-4.7,-5.3,-9.1,-6.3,8.0,-4.9,-7.2,-2.8,-6.3,-4.5,-8.9,-2.2,-6.6,-8.6,-5.3,-5.5,-6.2,-7.8,-7.5,-4.7
2C7L515fyS,0,48.10348,11.635477,4442853.83,2778006.36,542.7,588.4,246,7472,4.4,0.6,0.47,32.68,348.96,-0.53,-0.103,0.842,0.2,0.2,-0.32,0.34,1.9,0.3,-0.3,0.3,-0.1,0.6,-0.7,-1.1,-4.0,2.4,1.2,3.6,6.0,-4.3,-4.9,1.5,3.8,4.3,4.6,4.5,5.1,2.9,1.5,-5.5,0.1,8.7,-0.2,-3.4,0.6,2.6,4.5,-4.8,5.0,-2.6,1.2,1.7,6.8,11.2,2.5,-3.8,3.0,0.6,-1.3,1.1,-2.6,3.7,8.8,7.4,-6.2,7.2,3.6,3.7,3.1,-3.2,15.1,-2.3,3.6,3.1,1.0,-8.0,0.0,-0.8,0.3,-0.4,2.8,-2.5,-3.7,-5.6,4.2,-0.1,-8.6,-2.2,3.8,-0.4,2.2,-1.1,-0.2,-0.5,2.5,4.2,-1.7,-4.2,4.1,2.4,2.2,1.9,2.9,-2.9,4.6,2.6,7.3,2.5,11.3,4.7,-5.8,5.1,-1.2,7.6,1.6,11.7,9.5,5.1,0.3,9.5,1.2,4.3,15.6,3.4,5.7,-3.0,7.7,7.6,12.8,5.2,7.0,8.7,2.6,4.5,5.6,5.9,10.1,7.6,3.0,12.6,-0.4,5.8,2.3,5.9,-11.2,4.7,0.2,0.3,0.1,1.8,6.0,-2.9,3.5,0.2,3.9,7.9,7.2,5.7,7.8,0.5,5.8,-2.9,1.3,0.4,0.1,4.1,0.1,2.3,2.2,5.2,0.8,1.3,-1.2,3.7,2.8,4.1,0.9,4.4,1.7,-1.8,-0.4,3.9,-2.7,0.0,1.1,-2.0,0.7,10.1,8.5,16.4,1.0,1.4,2.9,-0.5,-7.4,0.9,2.2,1.3,-1.7,-1.5,-1.5,2.5,-5.6,-2.2,-2.1,1.2,4.4,-1.7,3.6,8.1,3.2,-5.1,2.7,14.7,14.0,1.1,3.3,12.4,-1.7,3.4,4.3,16.2,0.3,6.6,-1.0,-0.8,2.8
2C7L515fyk,0,48.103589,11.636332,4442917.2,2778019.97,534.7,580.4,246,7490,4.2,0.65,0.52,32.69,348.96,-0.53,-0.103,0.842,0.4,0.2,-0.65,0.32,1.3,0.3,-0.3,-10.5,10.0,-5.7,0.0,0.1,-1.2,7.0,6.8,-6.8,2.8,-0.9,-0.3,13.5,5.5,-11.3,-7.4,-11.4,0.5,-0.3,-2.2,0.3,-6.7,1.2,-7.7,-6.4,-5.1,1.1,-2.9,1.7,-2.9,0.9,-8.3,-4.6,-6.2,-7.0,-0.4,-4.4,-0.6,-1.8,-3.5,1.9,0.9,-3.5,-3.9,-2.6,0.4,0.9,2.1,-0.3,3.0,1.9,0.5,1.8,-3.8,-1.1,-4.1,-2.8,0.3,-1.6,1.6,0.4,-2.1,1.9,0.6,-11.9,-0.3,-0.3,-1.4,0.7,-5.3,1.9,-2.5,0.6,-0.4,-6.1,-1.0,-6.2,-0.6,-5.1,-11.3,-5.1,-0.8,-0.3,-3.8,0.1,-1.3,-1.2,-4.8,-1.6,-4.1,-4.8,-0.7,-2.4,-6.2,-2.6,-4.6,-0.1,1.0,3.8,5.5,3.0,-0.0,5.8,2.9,6.3,-6.1,0.6,1.4,0.8,-1.5,-4.1,0.4,-0.9,-2.7,-1.7,0.6,4.7,0.1,-0.8,-0.5,1.6,2.8,1.1,-0.8,3.8,-5.0,3.9,-11.0,-0.2,8.1,12.1,2.7,5.7,0.7,0.4,0.4,-0.1,1.1,4.0,3.4,4.9,-1.9,0.6,-3.9,4.0,4.3,3.2,1.4,2.1,1.4,3.3,0.8,1.5,1.7,3.5,1.8,8.1,0.2,4.4,-3.5,3.8,-10.0,-7.9,-6.7,-6.3,0.6,4.0,11.2,-2.6,1.9,-1.1,-9.8,2.7,5.4,-1.4,0.4,-0.8,1.6,7.2,-1.0,-0.7,-2.1,-1.5,0.9,-1.1,2.7,2.8,-5.2,-2.6,-1.0,-5.0,-3.5,1.5,-2.3,-2.0,-0.4,-6.2,-4.8,-2.0,-1.8,-2.3,-2.4,-0.2,17.3,1.0,-2.5,-3.1,-0.3
2C7L515fuP,0,48.101657,11.621142,4441790.29,2777780.3,542.5,588.2,246,7221,3.0,0.79,0.38,32.59,348.92,-0.529,-0.104,0.843,-0.8,0.2,-0.74,0.23,0.2,0.2,-0.3,-0.0,-0.6,-3.2,-1.5,-2.2,-4.3,-1.8,-3.2,0.2,5.7,1.8,3.6,-0.9,0.1,-0.4,-1.5,-2.4,-3.7,0.1,0.2,0.6,-1.6,1.1,1.4,1.2,0.3,1.9,-0.1,-2.1,-3.7,9.8,-4.4,-2.2,-5.3,-3.4,-3.4,1.1,0.7,0.1,3.4,2.0,5.4,5.3,-9.8,-0.4,1.8,-0.8,-5.6,-1.4,-1.3,-2.1,-5.4,-6.1,-5.1,-5.2,-7.1,-4.2,-2.9,-4.9,-3.4,-3.9,-4.9,-4.7,-5.9,-10.1,-4.3,-4.5,-6.7,-3.8,-4.1,-5.7,-4.3,-3.9,-4.6,-3.2,-2.2,-3.8,-3.9,-3.8,-0.5,-1.7,-1.6,-0.2,-0.2,-2.1,-4.0,-2.9,-7.0,-2.6,-2.6,-4.7,-2.3,-0.8,-7.0,-1.9,-3.3,4.1,-2.8,-2.8,-2.1,-2.3,-4.7,-0.9,-3.0,-3.8,-1.8,-3.4,-2.3,-1.6,-1.4,2.4,-0.1,3.3,4.0,-1.8,4.5,-1.6,2.9,4.3,1.8,-0.1,5.8,2.9,1.8,-3.9,-9.0,1.1,1.4,-1.4,-0.6,-3.4,-3.1,-2.1,-1.3,-3.4,-2.9,-1.4,-1.9,2.3,1.1,1.5,0.5,-1.0,2.3,1.0,0.7,-0.4,1.5,-1.3,-0.9,-2.8,-6.7,-0.3,-1.9,-0.8,-4.5,-3.4,8.3,-3.9,-5.5,-7.1,-5.8,-1.8,-3.8,-5.1,-6.2,-3.8,-7.7,-3.3,-4.3,-4.2,-4.9,-9.3,-6.5,-3.7,0.1,-3.2,-1.5,-3.3,-2.2,-1.5,-2.1,-3.2,-2.2,-2.7,-2.6,-5.0,-5.8,-2.4,-4.4,-3.7,-5.2,-7.2,-7.9,-6.0,-6.9,-7.3,-6.2,-8.3,-7.1,-5.5,-7.0,-7.3,-6.2,-8.8,-5.2,-6.8,-6.9
2C7L515fva,0,48.102174,11.625161,4442088.46,2777844.27,535.4,581.1,246,7294,3.4,0.65,0.49,32.64,348.96,-0.529,-0.103,0.842,-0.1,0.2,-2.49,0.26,1.1,0.2,-0.3,2.6,1.9,0.3,2.0,0.0,1.2,0.0,1.0,2.0,-2.9,1.1,0.3,4.0,-0.2,3.4,2.6,2.3,2.4,2.2,2.2,1.4,3.3,-1.3,3.0,3.4,4.7,2.5,-0.9,-0.0,0.6,-10.9,-1.5,-2.6,1.0,-2.4,-0.3,2.3,0.8,2.1,2.7,-0.3,-0.1,0.1,1.5,-3.5,-1.9,-3.6,-4.5,-3.9,-4.7,-2.4,-2.2,-3.6,-3.9,-4.5,-0.9,-0.7,-1.7,-0.2,-2.7,10.6,9.2,-6.2,-0.1,8.5,5.1,4.5,-8.1,5.7,3.9,4.1,6.3,5.3,4.9,5.2,3.6,3.1,1.0,2.8,1.7,4.9,3.0,1.3,2.8,3.9,2.4,4.0,2.7,5.6,2.8,0.9,1.2,-1.3,4.1,2.4,2.4,2.1,3.7,2.3,2.5,3.9,4.0,5.6,5.1,4.9,5.9,5.7,4.6,6.5,4.0,5.3,3.9,5.7,3.3,3.9,4.8,-0.4,4.1,7.0,3.9,8.2,5.8,8.8,6.1,7.0,6.9,5.5,6.4,4.0,1.3,3.7,8.9,-2.8,2.9,8.7,4.3,7.9,1.4,3.9,12.0,2.8,3.6,9.7,10.6,9.6,5.9,10.2,9.7,10.1,10.0,-6.5,6.1,9.4,7.7,6.1,5.7,-1.1,3.0,4.1,0.9,-1.1,1.9,5.1,0.2,2.3,14.9,0.8,-2.7,1.1,3.2,0.5,-3.6,-10.2,0.9,10.9,4.5,2.3,2.0,-5.4,4.1,3.1,2.1,3.2,-1.2,-0.4,0.6,-2.5,-0.7,-1.9,-4.0,-1.4,-1.8,-1.7,-5.3,-2.7,-1.9,-1.9,-1.0,-1.6,-2.6,-2.7,-2.3,-3.6,-3.0,-3.2,-3.7,-5.1,-2.2
2C7L515fwC,0,48.10247,11.627471,4442259.83,2777881.01,541.8,587.5,246,7332,2.2,0.9,0.28,32.65,348.96,-0.529,-0.103,0.842,-0.7,0.1,-0.17,0.17,0.4,0.1,-0.3,0.3,-0.3,-0.6,-0.9,0.4,-2.6,0.1,0.9,0.6,-4.9,2.4,-0.7,2.6,0.9,2.5,2.4,2.3,0.3,2.8,0.1,1.8,0.9,0.8,2.0,2.4,1.8,3.2,0.7,1.2,1.1,-7.5,-3.6,-1.2,0.5,0.7,0.9,3.3,0.8,2.0,1.6,4.4,2.0,3.2,0.3,2.9,0.3,-0.1,0.8,1.4,1.1,-0.1,0.3,0.8,-0.2,-0.1,1.2,-0.4,-1.1,0.9,-1.2,1.2,-0.2,0.7,0.3,-3.9,-4.3,-2.0,1.6,-3.3,-1.2,-2.9,1.2,3.9,-0.2,1.3,3.0,-0.4,0.7,1.7,0.7,-1.1,2.3,0.3,1.5,-0.6,0.6,0.5,0.2,0.2,2.0,-2.4,0.1,-0.3,1.5,-1.2,1.7,1.0,3.5,1.3,0.8,-0.8,0.6,0.4,1.7,-0.2,-0.0,-1.8,-1.7,-1.3,0.7,-0.9,0.1,-0.6,1.3,1.5,0.1,0.1,-1.5,-0.2,0.3,-0.3,-0.4,-1.6,-1.4,-1.2,1.4,-0.2,0.5,1.6,-1.7,-1.3,-0.2,-1.1,1.1,-0.9,-0.1,-1.1,-4.4,3.1,2.0,-2.4,-2.9,-1.2,-0.4,-1.1,-1.0,-3.2,-0.7,-0.5,1.0,1.6,-0.7,-0.8,-1.7,-0.9,-0.3,-1.5,-0.7,0.4,-2.2,-2.5,-2.2,-2.0,-3.3,-1.8,0.7,-1.2,-3.6,-2.6,0.5,-2.5,-2.2,-5.8,-2.5,-4.4,-13.5,-2.4,-2.0,12.9,-3.0,-1.6,-1.7,-2.3,0.2,-0.8,-1.7,-2.5,0.8,1.2,-2.3,-4.1,-1.9,-7.7,1.4,4.5,-3.5,-2.9,-4.7,-2.4,-3.7,-6.6,-3.5,-2.4,-1.9,0.4,-2.3,-2.8,-2.6
2C7L515fwS,0,48.102598,11.628465,4442333.54,2777896.82,545.5,591.2,246,7348,2.1,0.9,0.32,32.65,348.96,-0.53,-0.103,0.842,-0.1,0.1,0.01,0.16,0.5,0.1,-0.3,0.3,-1.0,-2.5,-1.7,-2.5,-1.2,0.2,-0.7,-0.1,-0.1,0.9,0.7,-0.6,0.9,1.1,1.1,-0.4,-1.5,-2.0,-3.0,-1.3,-2.6,2.4,2.7,0.2,-1.3,-0.1,-1.6,-0.3,-3.0,-10.0,-6.6,-5.1,-5.0,-10.8,-2.1,-0.2,-1.5,-0.3,-2.0,-2.4,-0.7,-3.5,-1.4,-2.6,-1.6,-0.3,-2.3,-2.4,-1.7,-2.1,-1.1,-4.2,-5.2,-4.3,-4.1,1.2,-5.9,-3.9,-3.4,-1.9,-3.0,-3.3,-2.8,-1.2,-1.8,-3.6,-4.3,-4.2,-3.7,-3.1,-2.6,-4.0,-3.6,-1.8,-4.0,-3.1,-2.5,-2.6,-4.2,-5.6,-3.8,-2.9,-2.7,-2.9,-6.2,-1.2,-4.4,-4.1,-1.7,-4.7,-2.1,-3.1,-3.0,-5.5,-2.2,-1.8,-2.5,-4.2,-4.6,-8.3,-1.7,-3.0,-2.5,-0.1,-0.8,-0.5,-1.3,-4.2,-1.4,-1.3,3.5,1.1,-1.0,-1.7,-1.4,-6.7,-0.0,-2.1,-1.0,-1.9,-2.3,-1.7,-2.6,-1.2,2.3,-0.6,-0.8,-1.5,-0.8,-7.6,-3.1,1.0,-0.4,-2.4,-4.0,-1.6,-4.7,-0.9,1.1,-3.6,-0.7,-3.2,-3.7,-3.2,-0.9,0.1,-4.2,-0.7,-0.9,-2.1,-4.3,-2.8,-2.0,-4.7,-1.7,-1.3,-1.5,1.4,-2.9,-1.6,-1.8,-2.2,-2.8,-2.8,-1.2,-2.2,-2.8,-0.9,-0.8,-1.8,-1.9,-4.9,-2.4,-0.7,-1.7,-2.0,-0.7,10.2,-0.8,-4.8,-1.7,-3.8,-1.4,-1.8,-1.8,-4.3,-5.3,-1.7,-5.8,-4.5,-3.9,-3.0,-3.4,-2.1,-3.0,-2.8,-4.2,-5.4,-4.4,-3.0,-4.4,-4.9,-3.9,-2.4,-2.7,-1.5,-3.5
2C7L515fx7,0,48.102866,11.63055,4442488.21,2777930.02,533.3,579.0,246,7389,1.7,0.93,0.53,32.66,348.96,-0.53,-0.103,0.842,-1.0,0.1,-0.45,0.13,0.1,0.1,-0.3,-0.7,0.9,0.0,0.6,0.7,-3.2,0.4,-1.6,1.1,2.7,0.4,-2.0,1.1,-0.2,0.8,0.4,0.6,0.3,0.1,-0.1,-0.2,0.7,-0.4,1.9,2.0,3.7,2.2,-2.1,-0.8,-1.3,1.2,-2.3,0.1,-3.7,-1.0,-1.1,2.6,3.9,2.8,1.9,1.7,1.7,1.1,2.4,1.7,0.1,0.4,-0.9,0.9,0.0,-0.8,1.5,1.3,0.2,0.1,1.0,0.6,0.0,0.3,-0.7,1.1,-0.6,0.5,1.2,-1.6,-1.7,-0.7,3.8,-0.5,-0.4,-0.8,0.7,-2.7,-0.4,0.4,2.6,2.5,2.1,2.8,1.8,-0.6,0.2,-0.5,0.1,0.6,1.6,0.3,1.8,1.1,0.9,-1.0,-3.3,-1.0,-0.2,0.2,2.8,0.8,1.1,-0.4,-2.6,-1.5,1.9,0.1,1.7,1.5,-0.3,-0.1,-0.4,-0.4,-0.8,-0.2,1.6,-1.2,0.4,0.4,-0.1,-1.0,-2.2,-3.8,-1.4,-1.3,-0.9,-0.4,-2.3,0.7,1.1,1.5,2.6,0.1,-4.6,-3.4,-1.0,3.2,1.5,-1.4,-0.9,-3.7,-7.0,-0.4,1.2,-0.7,-1.9,-2.2,-1.0,-2.1,-1.9,2.5,-2.5,-1.1,0.4,-0.4,-2.7,-0.5,-1.0,-0.9,-4.4,-0.8,-1.7,-4.8,-1.9,-0.5,-2.7,-3.0,-5.3,-3.8,0.4,-0.0,-3.3,0.8,-4.4,-1.4,-2.4,-3.2,-2.2,-5.7,-4.1,-2.2,-3.0,-0.3,-4.8,-2.3,-2.9,-3.5,-2.5,-4.7,-1.6,-1.9,-2.5,0.6,-9.5,-3.8,-2.0,-4.2,-3.3,-2.9,-2.3,-4.0,-4.0,-9.0,-2.7,-4.3,-4.1,-4.6,-4.4,-4.7,-4.6,-3.9,-4.0
2C7L515fxU,0,48.103043,11.631934,4442590.9,2777952.04,537.0,582.7,246,7412,1.3,0.95,0.27,32.67,348.96,-0.53,-0.103,0.842,-0.7,0.1,-0.23,0.1,0.5,0.1,-0.3,-0.6,0.5,0.8,0.2,-0.2,0.2,0.1,-0.3,1.4,1.5,0.6,1.2,1.1,1.9,2.8,1.7,0.4,0.8,0.3,-0.1,-0.6,-0.2,1.2,0.9,-0.3,3.3,2.5,2.3,2.3,-1.5,1.0,-3.9,-1.5,-1.3,-1.4,-0.8,2.7,1.6,3.5,1.6,0.1,-0.3,1.2,1.0,1.5,0.1,0.3,-2.0,-1.2,-1.3,-0.4,-0.7,-0.4,-0.4,-1.0,1.1,-0.6,-0.1,-0.7,-1.3,-0.6,0.3,-1.0,-2.3,-1.6,1.2,-1.7,-0.9,-2.0,-0.4,0.5,0.2,0.0,-0.3,1.3,1.8,1.5,2.0,2.3,0.9,1.9,0.3,0.7,0.1,1.4,-1.0,1.0,0.8,0.9,2.3,1.3,-0.0,-1.4,-0.7,0.7,-0.6,-0.4,1.1,0.4,-2.1,-2.3,0.8,0.4,2.5,0.8,1.4,1.9,0.3,1.9,1.0,2.1,0.6,-0.5,-0.8,-1.6,-1.6,-0.7,-2.0,-1.3,-1.8,-1.7,-1.1,-0.3,-0.2,0.2,1.2,0.9,1.1,0.6,-1.9,0.3,0.7,-0.5,1.0,-0.2,-1.9,-0.3,-2.8,1.3,1.1,-0.5,-2.6,-2.9,-2.9,-2.5,-2.7,-2.7,-2.3,-2.4,-1.6,-2.2,-3.0,-0.6,-1.4,-2.5,-2.2,-2.4,-1.5,-0.6,-1.1,-0.5,-0.8,-0.6,-1.8,-2.1,-0.8,-1.3,-3.6,-1.5,1.9,0.8,-2.7,-2.7,-1.6,-2.5,-1.2,-2.8,-2.0,-0.5,-3.1,-1.1,-2.0,-1.8,-2.8,-3.0,-2.3,-2.8,-1.6,1.0,-4.5,-2.2,1.1,-4.6,-3.3,-4.2,-4.4,-2.4,-2.8,-1.9,-3.5,-4.1,-3.8,-4.3,-3.4,-1.5,-2.6,-3.7,-3.1
2C7L515fxc,0,48.103115,11.632489,4442632.11,2777960.87,541.5,587.2,246,7420,3.6,0.71,0.48,32.67,348.96,-0.53,-0.103,0.842,-0.9,0.2,-0.29,0.28,1.1,0.2,-0.3,-3.5,-2.5,-2.8,-4.4,-0.5,-3.2,-2.9,-0.8,-0.3,3.1,-2.4,-7.6,1.0,-3.3,-3.0,0.8,-2.9,1.4,-2.8,-3.7,-3.5,-2.7,0.6,-3.7,1.6,1.0,-0.5,4.4,-7.8,-8.2,-4.1,0.0,-1.4,-6.9,-1.8,-4.4,1.8,2.0,-1.2,-5.4,-1.1,4.2,2.3,3.5,-1.2,-1.5,-1.9,3.2,2.8,3.2,0.2,0.9,-4.1,-5.4,-0.1,4.3,-0.5,-0.9,-0.9,5.5,4.0,2.9,-2.6,-3.0,-6.1,-3.7,-14.5,-5.5,-5.3,-2.2,5.8,-1.4,-6.0,-3.3,-6.1,-6.6,-2.8,2.9,-8.6,-7.6,-6.9,-2.5,-5.7,-8.4,-7.6,-5.4,-7.4,-3.0,-7.3,-0.4,-15.0,-3.5,-4.1,-10.6,-4.0,-9.3,0.4,-5.7,-5.2,-4.1,-3.1,-5.9,-3.4,-1.7,-5.2,-3.5,-5.2,-3.2,-5.1,-3.9,1.3,-1.2,-1.3,-0.3,-3.1,-1.9,2.5,2.6,-6.7,-0.1,-2.8,-1.4,2.8,2.0,-1.3,4.3,3.7,-6.2,0.7,2.0,1.7,-4.4,-2.3,-1.4,-4.5,-1.7,-4.3,-3.7,-1.5,-3.1,-3.5,-3.6,-7.7,-10.8,-1.0,-0.5,-7.0,-2.9,-0.3,0.8,-9.0,-3.7,-0.4,-1.9,-1.2,-7.4,-1.9,-3.1,-4.2,-2.0,-5.3,-3.9,-4.6,-4.8,-3.0,-3.0,-6.9,-7.9,-11.6,-7.2,-6.2,-2.7,-7.5,0.3,-0.1,3.8,-6.3,-2.9,-7.5,-0.5,-2.5,-5.3,-2.7,-5.8,-3.4,-5.6,-9.9,-8.6,-10.8,-6.0,-8.6,-8.1,-3.2,-0.2,-0.6,0.3,-8.4,-9.4,-7.9,-7.6,-6.0,7.0,-5.7,-6.6,-10.3,-11.7,-11.9,-4.9
2C7L515fxv,0,48.103233,11.633411,4442700.52,2777975.56,534.1,579.8,246,7439,3.2,0.78,0.48,32.67,348.96,-0.53,-0.103,0.842,-0.5,0.2,-0.47,0.26,1.2,0.2,-0.3,-4.8,-3.9,-2.9,-2.5,-3.3,3.3,4.0,4.5,1.3,1.3,3.1,1.0,2.7,2.1,6.5,3.0,6.7,1.8,8.2,-8.1,4.2,-1.1,0.7,-8.2,2.9,3.8,2.3,7.2,1.9,-3.4,-8.3,-15.4,3.2,-2.1,-5.6,0.9,3.4,0.6,3.8,-1.5,2.4,5.0,-0.4,2.9,2.5,0.8,-1.9,-0.7,2.3,1.3,2.1,4.5,4.9,4.8,3.9,5.1,4.9,9.8,4.9,2.2,7.5,8.2,3.3,4.9,-3.0,9.6,4.6,9.6,6.3,3.9,15.8,1.6,5.2,4.5,2.4,4.8,5.8,3.9,2.0,6.4,1.9,1.7,2.4,12.5,3.6,0.5,-0.4,1.1,1.5,1.0,1.3,4.4,-1.9,2.7,3.2,2.2,4.3,5.7,0.0,-2.2,2.1,1.9,1.6,3.9,1.0,1.9,3.6,3.1,1.7,2.5,1.6,1.7,2.5,0.0,2.0,-0.5,1.0,-1.5,-0.1,1.1,3.9,-0.1,0.3,0.6,1.1,1.8,0.0,1.1,1.0,-1.2,0.9,2.8,-1.2,-0.1,-0.4,-1.0,0.4,0.8,2.7,6.3,-2.0,-1.4,3.7,-1.5,0.9,-0.9,-0.3,2.2,1.2,3.0,1.7,-2.5,0.9,-0.1,-1.7,0.5,-3.9,-1.6,-0.4,1.8,-0.1,-4.9,0.4,-2.0,-3.0,1.6,4.1,0.4,-0.0,2.6,1.7,-1.0,-3.4,-2.3,1.3,0.0,2.0,-0.9,0.6,-2.4,0.4,1.9,-3.0,2.2,1.7,-3.8,0.1,-1.7,-1.4,-2.9,-1.9,-0.9,-7.4,-4.8,0.7,1.8,0.9,-3.5,3.1,0.7,-0.5,-1.4,3.2,6.9,7.1,-0.1,-0.6,0.6
2C7L515fyN,0,48.103448,11.635086,4442824.74,2778002.2,539.0,584.6,246,7467,4.4,0.65,0.44,32.68,348.96,-0.53,-0.103,0.842,-0.8,0.2,-0.72,0.33,0.7,0.3,-0.3,-4.4,3.1,-1.5,-1.3,5.8,7.1,-4.8,4.7,-0.0,10.8,2.9,-12.3,-2.6,0.1,2.5,2.5,-3.0,-3.9,0.3,-2.6,-2.0,1.4,2.0,-0.2,-0.1,-0.6,1.1,2.8,-3.4,-4.9,5.4,-8.8,-2.8,-8.5,-7.2,0.9,-2.0,6.2,-0.9,0.3,0.0,3.3,1.1,2.0,0.0,2.6,-13.3,0.9,0.5,0.0,-1.4,0.3,0.8,1.0,-1.6,-2.1,1.2,2.3,-0.2,2.2,-0.8,-0.3,-5.1,-3.9,-4.6,-4.2,0.6,-7.4,-1.0,-3.2,-0.9,-5.2,-1.8,1.7,-1.2,1.8,-2.0,-3.1,-4.3,-1.0,-2.2,-1.8,-1.6,-4.3,0.1,2.5,0.4,-0.4,-3.5,0.4,0.7,2.9,1.0,-15.0,0.4,1.7,-11.6,-3.3,-3.2,4.6,-4.5,-2.5,-1.8,11.2,-0.7,2.3,3.9,5.5,2.9,2.2,1.8,-0.5,-2.7,0.3,7.3,5.6,-7.6,-0.8,5.8,4.5,-13.7,7.3,7.3,5.0,4.7,7.3,-3.6,2.3,-1.6,-0.2,-6.2,0.0,-0.3,-4.3,4.9,2.4,0.3,-5.0,-0.7,-2.6,7.9,6.0,-0.9,2.3,-3.6,0.4,7.3,-0.0,1.1,-1.2,-11.3,3.0,0.6,1.5,-4.9,-2.1,-0.9,-6.1,9.8,0.6,-3.6,-8.1,-2.4,-4.9,-1.9,-7.8,5.8,-2.8,-4.7,1.6,3.8,-1.5,-14.1,-1.6,-0.2,-13.8,-15.9,-4.5,-4.8,-2.8,-4.4,-2.3,-4.7,-2.3,-4.3,-3.7,-12.1,-3.1,-3.9,-0.8,-1.8,-3.6,-4.5,-2.6,-1.2,-5.4,-5.5,-4.2,-2.7,-3.7,-4.5,-3.4,-3.8,-3.0,-2.5,-2.5,-3.2,-1.5
2C7L515fuZ,0,48.101749,11.621715,4441832.71,2777791.47,542.3,588.0,246,7231,3.6,0.73,0.46,32.59,348.92,-0.529,-0.104,0.843,-0.8,0.2,-0.98,0.27,0.1,0.2,-0.3,-3.8,0.3,2.3,0.3,-0.4,-11.2,0.9,-0.6,-3.3,-3.2,-0.2,-1.3,-0.5,1.1,3.4,3.4,-0.1,0.7,2.7,1.1,6.6,2.5,4.2,3.9,7.4,1.9,-1.3,-3.7,3.7,2.7,9.7,-2.1,0.1,3.5,3.9,-2.6,2.6,1.4,4.1,1.7,3.1,-5.2,0.6,1.7,-4.2,1.1,-4.3,-8.6,-4.5,10.2,6.0,-1.3,-7.0,1.6,2.0,4.6,2.9,1.3,0.8,-0.2,1.0,1.7,0.8,0.1,-0.1,-2.0,-0.8,-0.2,0.7,1.3,1.2,1.1,1.8,1.2,1.0,2.1,3.9,-0.9,2.0,0.1,-3.2,-1.6,-7.2,5.0,-3.7,0.3,-2.6,-4.4,-1.1,-5.1,-2.1,8.1,0.9,-8.2,-2.0,-1.0,12.9,0.8,-1.4,-2.7,7.8,0.1,3.5,8.6,3.7,-0.6,4.5,4.4,4.2,3.0,2.6,0.7,2.5,3.4,2.9,0.9,-3.5,-0.1,2.9,-1.3,6.3,-1.6,2.0,3.3,5.7,1.3,2.9,0.5,-12.1,2.6,-0.8,-1.2,0.6,2.1,2.4,1.6,1.7,1.4,2.4,3.3,4.4,0.6,1.5,2.9,2.5,0.8,-0.5,1.4,-12.6,7.7,2.6,3.8,0.4,2.5,-4.3,-6.5,0.0,2.7,2.9,-0.1,-3.0,-0.8,-0.9,-3.5,-1.5,0.6,1.4,-4.8,0.9,2.7,-0.8,-4.0,-4.1,-5.0,-1.8,-2.5,-1.7,-5.3,-6.3,0.4,2.6,-0.8,-1.6,-0.0,3.4,-2.1,-3.3,3.8,-4.8,-2.2,-4.1,-4.0,-1.4,-4.1,1.0,-3.7,-2.2,-6.8,-3.8,-3.2,-6.3,-5.9,-9.8,-3.8,-5.5,-0.9,-3.0,-1.1
2C7L515fvA,0,48.10203,11.623904,4441995.13,2777826.3,545.6,591.3,246,7268,2.7,0.83,0.51,32.63,348.96,-0.529,-0.103,0.842,-0.1,0.1,-0.12,0.21,0.3,0.2,-0.3,-4.2,-0.8,-0.9,0.6,-0.8,-1.4,-0.1,0.0,-1.4,-3.2,0.9,-0.8,3.7,-0.0,-6.5,2.0,-0.0,1.3,1.8,-0.5,-2.6,-1.5,-2.9,-0.1,4.6,2.0,0.3,8.4,0.3,0.9,-11.9,-0.6,-1.8,-1.5,-3.0,1.8,7.4,-2.2,-2.2,2.6,-0.2,-2.5,-0.0,0.5,-1.3,-0.9,-7.2,-2.9,-4.2,-8.1,-0.2,-1.9,-1.6,-2.6,0.3,-0.5,-1.4,-2.9,-1.3,-5.0,-0.2,1.0,1.1,-5.1,-1.8,-5.0,-2.4,-5.6,-1.5,-2.8,-2.5,0.1,-3.7,-2.7,-3.0,-3.7,0.9,-0.4,3.3,-0.5,-1.0,4.2,-2.2,-1.1,-5.5,-1.4,-2.6,-4.1,-3.8,-4.5,-2.4,-0.8,-2.9,-2.7,-4.6,-4.0,-1.4,-3.2,-3.4,0.1,-1.0,-3.8,3.1,-3.1,-3.3,-4.7,-0.3,-1.3,-0.2,0.3,0.6,-1.0,-4.6,-2.0,-1.4,2.0,-1.5,4.7,-9.5,1.0,-0.2,0.7,-2.5,-0.1,1.0,0.2,1.1,1.5,-1.7,-1.1,1.3,-1.8,3.0,-1.5,-2.0,-3.9,-0.7,-1.3,-3.2,5.4,0.7,3.1,1.5,-2.6,0.2,3.6,-2.8,2.4,1.4,3.7,-0.8,0.7,-2.4,-0.9,0.3,-1.3,1.7,-3.3,-1.5,-3.6,-4.4,0.2,-2.6,-3.9,-1.6,4.5,1.1,-2.8,-1.7,-1.0,2.5,-1.2,-6.7,-2.3,0.0,3.6,-2.9,-0.0,-2.6,1.9,0.1,-1.7,-1.6,-2.3,-0.7,-1.2,-1.6,-1.6,-2.7,-1.1,-2.6,0.1,-7.1,-8.3,3.6,-4.1,-5.5,-2.1,-2.1,-3.1,-2.4,-2.9,0.6,-2.0,-1.7,0.1,0.9,-2.0
2C7L515fvz,0,48.102389,11.626693,4442202.08,2777870.7,541.5,587.2,246,7319,3.6,0.77,0.44,32.64,348.96,-0.529,-0.103,0.842,0.6,0.2,-0.14,0.28,0.3,0.2,-0.3,0.2,0.4,3.1,1.9,-0.3,1.8,1.4,-0.8,1.6,-4.2,2.0,-3.3,2.4,-2.3,3.4,1.1,2.8,1.4,-0.2,2.7,0.7,1.5,0.9,1.8,5.5,3.9,5.8,4.7,3.2,-0.1,-6.5,-3.0,-0.4,5.3,1.5,5.0,0.3,-3.1,0.8,2.7,4.3,5.0,2.0,2.1,2.4,-0.0,-3.6,-0.1,-0.7,5.0,0.1,4.4,1.3,2.5,3.6,5.7,-2.1,2.7,2.1,-0.0,4.9,4.1,0.0,1.0,6.0,4.2,5.6,5.7,4.6,3.5,6.6,2.4,7.9,4.0,6.6,0.9,-2.2,2.7,-1.0,2.4,-2.3,3.4,5.9,4.4,5.9,0.7,5.9,-2.4,1.3,2.4,2.1,-2.6,4.4,5.9,1.5,1.5,3.3,9.1,2.6,0.8,0.4,7.3,6.3,5.7,1.7,4.7,1.7,0.8,2.9,4.1,5.2,5.0,2.4,1.9,1.8,2.7,2.5,3.5,1.7,4.1,-1.3,-0.9,-0.5,5.2,7.2,7.9,4.0,6.8,2.9,0.6,-1.3,6.1,3.0,1.1,3.6,-0.1,4.5,8.8,9.6,6.0,3.0,0.2,1.9,2.2,-0.1,-4.2,5.8,3.9,1.3,5.8,3.0,3.4,0.4,0.1,4.3,1.2,1.9,1.1,4.1,1.5,0.1,2.9,1.4,3.0,5.2,3.9,0.2,3.1,7.6,6.0,3.7,-0.4,0.8,-1.5,-0.7,-1.2,3.8,2.6,19.9,4.6,2.2,1.2,0.6,4.0,2.2,0.6,2.0,2.8,4.8,-2.4,5.3,4.2,11.2,-0.8,18.2,21.3,1.7,0.0,10.4,-1.1,-0.4,20.5,-2.0,3.6,0.0,5.2,-0.1,3.5
2C7L515fw6,0,48.102459,11.627243,4442242.89,2777879.44,547.9,593.6,246,7326,3.5,0.74,0.44,32.65,348.96,-0.529,-0.103,0.842,-0.2,0.2,0.61,0.27,0.7,0.2,-0.3,-1.0,-0.7,4.4,-1.6,2.1,-1.7,0.6,4.5,1.3,-3.8,-1.8,-1.7,2.3,0.4,0.7,1.9,-0.5,-3.8,-3.9,-6.1,-2.6,-3.0,-4.1,0.7,-3.6,-2.5,-1.2,-5.6,-11.0,-6.1,-7.4,-3.9,-5.2,-7.8,-4.5,-2.6,-16.2,-3.0,0.6,1.6,-7.9,-4.0,-0.2,-1.6,0.2,-5.9,-5.1,-4.3,-3.2,-5.2,-3.1,-7.1,-2.2,-6.2,-6.0,0.9,4.0,-0.8,-4.6,-3.7,-2.1,-1.2,-4.1,0.9,-7.7,-1.9,-3.4,-6.9,-8.5,-3.6,-6.2,-8.4,-6.1,-3.0,-9.7,-9.9,-5.3,-0.8,-3.3,0.1,-1.1,-0.1,-1.4,-5.8,-3.2,-1.1,-6.1,-13.2,1.0,3.8,-9.2,-5.7,-0.7,-4.1,3.4,-4.3,4.5,-15.3,-4.3,-8.7,-2.3,-5.7,-5.1,-2.6,-2.6,-2.8,-5.4,-1.8,-2.3,-5.2,-5.0,-3.7,0.8,-3.8,-0.9,-4.9,-10.4,-4.4,-2.5,-2.1,-6.4,-3.6,-1.3,-3.5,-3.2,-4.3,-2.8,-9.8,-15.6,-9.3,-1.7,-0.8,0.1,-3.9,-5.3,-4.6,-7.3,-1.6,-3.2,-4.1,-5.7,-4.9,-5.8,-2.0,-2.5,-0.0,-4.8,-3.2,-3.9,-4.1,-3.0,-3.5,-5.1,-5.8,-3.3,-0.7,-8.5,-5.2,-2.9,-5.0,-2.0,-6.0,-1.0,-5.1,-6.3,4.1,-4.5,-6.8,-5.4,-0.1,-5.0,-6.1,-0.9,-6.8,-0.7,-2.6,1.7,0.9,-14.3,-4.6,-2.4,-3.0,0.7,-0.8,-3.0,1.2,-5.4,-2.1,3.0,-9.8,-10.5,-12.0,-7.8,-0.8,-0.2,-2.8,-4.0,-0.3,-0.5,-6.2,-3.8,-4.4,-4.2,-7.6,-3.8,-3.7,-4.0,-2.2
2C7L515fwR,0,48.102614,11.628448,4442332.29,2777898.62,547.7,593.4,246,7347,4.4,0.61,0.71,32.65,348.96,-0.53,-0.103,0.842,-1.7,0.2,0.08,0.33,2.4,0.3,-0.3,-8.1,-9.0,3.3,-6.2,-8.9,2.5,2.2,-2.0,-0.8,7.1,-9.2,1.3,2.7,-16.9,7.0,0.3,-3.7,-1.7,-3.0,3.7,3.5,1.8,-2.9,4.4,4.3,1.0,-0.2,1.5,1.4,2.5,-3.4,-8.7,3.7,0.9,-2.6,6.6,9.9,-1.1,3.1,1.5,2.0,-6.3,6.8,10.3,2.9,5.4,0.1,-4.1,2.4,1.5,3.1,0.9,-0.8,5.2,0.8,-0.1,-2.3,4.7,-5.0,-4.2,0.4,-14.3,-8.6,-5.2,4.8,0.4,-1.9,-9.3,-15.0,-3.4,-6.8,-5.8,-7.6,-6.4,-5.9,-15.5,-3.7,-4.2,-6.6,-7.5,-3.4,-3.2,-1.8,-1.1,0.3,-1.7,-3.4,-1.9,-7.7,0.7,-2.0,-3.5,-1.5,4.8,4.1,4.6,0.6,6.7,4.4,3.2,-0.3,1.0,3.6,2.9,2.5,5.5,-4.0,-3.2,-6.9,-2.6,-4.5,-4.6,-4.7,-3.6,-4.3,-3.5,0.4,-5.9,-2.6,-6.5,-5.3,-1.7,-4.9,-8.4,-8.5,-3.4,-4.9,-3.7,-4.8,-2.8,-1.3,-14.4,-0.4,-4.3,-10.3,-6.0,-6.1,-7.5,-1.7,-0.2,3.7,-3.8,1.3,3.9,-0.3,-4.6,-6.5,6.9,-2.6,-4.0,-6.7,-2.7,-2.1,-4.5,-5.8,-5.4,-7.1,-9.7,2.6,-7.4,-12.3,-10.0,-5.4,-10.0,-2.0,-4.3,-1.1,-10.7,-4.1,-0.9,-7.9,-10.9,-10.6,-7.0,-0.2,-5.3,-7.4,-5.4,-6.6,-5.8,-10.1,-2.7,-8.9,-0.0,-5.4,-4.1,-6.8,-22.7,-6.1,-4.4,-9.3,-9.5,-6.6,-7.2,-8.1,-9.1,-7.8,-2.2,-2.5,-6.5,-4.5,-7.7,-3.5,-7.6,-5.2,-5.5,-9.0,-8.2
2C7L515fxK,0,48.102994,11.631405,4442551.62,2777945.68,539.2,584.9,246,7402,2.8,0.83,0.42,32.67,348.96,-0.53,-0.103,0.842,0.5,0.1,-0.45,0.21,0.6,0.2,-0.3,-7.1,-5.1,-5.9,-2.4,-3.7,-2.6,-1.9,-0.4,-0.4,5.9,2.3,1.6,-2.9,5.1,-0.9,1.9,1.9,1.9,1.4,2.0,2.0,4.0,2.2,5.8,4.8,6.8,5.4,2.2,5.6,5.8,5.6,-0.0,2.6,1.3,-0.2,4.0,4.5,2.4,5.0,4.1,1.2,-1.7,1.5,3.1,-1.2,-0.4,-4.0,-2.6,3.6,-1.9,1.7,2.6,0.9,0.4,-0.4,2.7,5.2,1.2,0.8,1.8,2.7,4.0,-6.5,0.7,2.1,-0.6,0.8,0.1,3.6,1.0,4.0,2.4,2.7,3.1,1.7,2.8,3.5,2.7,2.2,1.9,2.8,1.8,2.2,1.3,2.9,0.6,2.3,3.4,2.6,1.3,0.9,-2.4,-1.5,-0.0,2.7,-0.2,0.5,2.4,2.3,-1.0,2.0,4.6,1.4,3.3,3.0,2.2,2.9,2.1,2.2,0.8,1.4,3.7,4.7,3.2,2.7,0.9,-6.7,1.1,4.1,2.3,5.1,3.4,2.4,2.6,3.2,3.0,2.8,2.5,1.3,0.4,1.7,3.0,3.0,2.2,1.0,0.7,0.8,-1.9,4.4,6.1,3.6,5.3,1.6,2.7,6.3,3.4,-7.4,4.4,4.1,5.3,-0.2,1.7,3.6,2.1,9.3,7.4,3.6,5.5,3.5,6.1,4.8,4.6,5.3,2.7,3.8,6.3,5.1,0.8,7.1,3.2,3.7,-0.3,-10.1,9.0,6.3,4.5,3.8,5.2,10.9,4.2,5.2,7.9,6.9,2.3,2.9,2.0,1.6,0.8,1.5,-1.8,-4.6,-1.5,1.2,-0.5,1.8,0.0,2.3,-0.0,5.7,1.9,1.3,3.1,3.1,2.8,5.6,4.9,4.0,3.4
2C7L515fyI,0,48.103423,11.634744,4442799.34,2777998.82,536.7,582.4,246,7462,2.3,0.85,0.33,32.68,348.96,-0.53,-0.103,0.842,-1.5,0.1,-0.87,0.17,1.5,0.2,-0.3,0.9,-1.3,-0.5,0.5,-0.3,-1.0,0.0,-1.3,0.5,-0.4,-0.2,0.9,-0.5,-1.3,-0.2,2.7,-2.6,-2.4,-1.0,-4.5,-3.0,-1.8,-1.3,-3.0,0.9,-0.9,-1.3,-1.1,-2.0,-2.8,2.1,-7.3,-3.3,-5.4,-10.3,-5.4,-1.7,-3.7,-1.7,-4.5,-0.6,-0.7,-4.1,-3.5,-3.7,-3.4,0.1,-0.4,0.1,-0.7,0.1,0.6,0.1,2.2,1.7,0.9,2.4,3.1,1.6,2.7,2.1,4.1,-3.0,4.4,-10.6,0.7,-0.5,-3.2,1.9,-0.4,1.4,3.1,3.4,3.1,-1.4,-1.4,-1.1,-2.2,-1.3,-1.5,-5.5,-1.2,-3.8,-2.1,-0.5,-5.5,-1.7,-2.2,-2.6,-0.3,-4.4,-3.1,-6.3,-5.9,-4.3,-6.1,-0.4,-1.3,-1.1,-4.4,-5.1,-3.2,-5.5,0.3,-0.8,-4.5,-2.3,-0.2,-3.2,-1.1,-1.4,-1.5,0.7,-2.5,-2.9,-1.3,-1.9,-0.7,-0.5,-1.3,-2.4,-1.1,-2.9,-4.2,-2.1,-0.5,0.0,-2.7,-2.9,-2.3,-2.8,-3.4,-3.7,-2.2,-5.0,-3.8,-4.7,-5.0,-2.6,-0.4,-2.4,-3.1,-3.3,-3.0,0.0,-0.0,-0.7,1.1,2.3,-1.0,1.0,-2.5,-3.4,-3.7,-3.4,-1.6,-3.9,-5.3,-4.5,-9.5,-3.0,-1.6,-4.9,-15.3,-2.3,-3.8,-5.0,-6.0,0.4,-6.5,-4.5,-8.8,-9.1,-5.9,-5.9,-5.1,-7.7,-7.5,-8.2,-6.0,-8.0,-5.9,-8.9,-4.9,-6.5,-6.5,-6.5,-3.8,-9.7,-10.1,-10.6,-8.6,-6.7,-9.2,-6.1,-8.2,-7.2,-6.3,-6.7,-4.8,-6.7,-8.0,-9.4,-10.4,-5.1,-7.3,-9.7,-9.9
2C7L515fuN,0,48.101706,11.621239,4441797.35,2777785.93,552.9,598.6,246,7219,3.9,0.7,0.46,32.59,348.92,-0.529,-0.104,0.843,0.2,0.2,0.1,0.31,0.9,0.3,-0.3,-2.0,-2.8,-2.8,-0.7,-2.0,-1.4,-3.3,-0.9,-2.6,-1.2,1.1,3.1,0.8,-0.1,-0.6,1.0,-3.3,-2.5,0.7,-1.0,-1.0,-4.9,-2.3,-3.0,0.5,-1.5,-3.1,-10.9,-0.8,-0.7,3.3,-9.8,-5.6,-8.2,-5.3,-5.6,-2.2,1.2,-0.6,1.0,-3.6,-1.6,-6.1,-2.9,-3.2,-0.2,-6.9,-3.0,-3.5,-2.1,-0.6,-2.1,-2.1,-0.0,1.5,-3.2,-5.4,-3.1,-5.6,-2.4,-5.1,-2.8,-1.0,-4.1,-4.5,-3.7,-6.3,-3.7,-5.0,-4.1,-5.1,-3.7,-2.5,-2.1,-2.3,-2.6,-2.2,-2.2,-2.9,-3.5,-1.6,-2.9,4.6,0.6,-4.0,-2.2,-4.6,-2.8,-0.7,-5.5,-6.9,-4.3,-4.1,-5.8,-5.3,-2.6,-5.2,-7.5,-5.1,-3.6,-1.2,-3.6,-1.6,-3.1,-3.3,-0.8,-2.5,0.9,-1.4,-0.9,-0.5,-1.6,-0.6,-7.9,-2.9,-5.1,-0.5,-9.8,-14.0,-4.5,-4.7,-5.8,-6.9,-5.1,-2.4,-0.2,-4.0,-1.5,-2.0,-1.9,6.2,-5.2,-1.9,-8.0,-7.3,-4.1,-2.4,-12.1,-3.9,-1.3,5.7,-0.4,1.5,2.4,5.2,1.4,-7.1,0.1,-0.7,0.3,-1.5,3.3,0.2,-0.0,0.6,-1.2,-1.1,-13.9,4.3,4.4,1.3,-13.4,4.9,-13.5,-7.3,-3.8,-3.9,-8.0,-0.6,4.9,-2.4,2.4,-3.1,2.4,4.6,5.5,3.1,2.0,-10.7,-1.6,3.2,0.4,0.9,2.7,2.6,-2.7,0.2,7.3,6.6,5.2,-0.5,0.5,-17.9,-0.6,-17.1,-16.6,-1.2,-3.9,-0.3,-5.3,-1.6,-5.2,-1.9,-1.9,-2.7,-4.6,-4.1,-2.3
2C7L515fuS,0,48.101709,11.621259,4441798.89,2777786.29,540.1,585.8,246,7224,3.0,0.79,0.42,32.59,348.92,-0.529,-0.104,0.843,-1.4,0.1,-0.24,0.23,1.3,0.2,-0.3,0.1,-2.4,-2.6,-0.2,2.2,-2.1,0.4,-0.5,-0.4,-2.9,-0.2,-3.1,4.7,-0.3,-0.6,-1.9,-2.1,-6.6,-1.2,-4.2,1.4,-0.8,2.2,-0.9,0.8,-4.7,2.7,2.3,3.5,-1.3,10.0,-1.5,-0.3,-0.9,-1.2,-3.6,0.1,-1.7,-0.0,5.0,5.5,-4.0,3.5,-4.7,0.8,-1.3,2.3,-0.1,0.3,2.0,2.0,1.7,3.6,5.3,-0.8,-1.5,-4.1,-5.2,-5.8,-4.6,-2.9,-4.0,1.8,-1.9,-1.4,-1.8,-5.7,-3.9,-13.6,-5.5,-4.2,-10.2,2.9,-1.9,-3.9,-5.4,-2.2,-8.6,-8.7,-3.2,-6.4,4.2,4.7,-2.7,-1.8,-3.7,1.4,-4.0,-0.5,-2.0,-2.5,-1.0,-2.2,-5.1,-2.1,-1.8,-1.4,-1.2,-1.3,0.9,-1.5,-0.7,0.1,1.5,-2.2,2.2,2.6,3.0,7.0,3.2,-2.8,0.0,-2.1,-3.3,-0.7,-5.5,-7.0,-5.1,-4.4,-3.8,-0.9,-0.5,1.8,3.9,-5.5,-1.7,-0.9,-1.3,-2.2,-7.4,-0.9,-3.1,-3.1,-1.3,-4.3,-3.5,-0.1,-3.6,3.2,-1.5,-3.3,-2.3,-2.9,-2.6,-1.7,-0.5,-3.1,-2.1,-0.3,0.6,-4.3,-4.2,-2.5,-1.9,-1.7,-4.8,-5.3,-3.7,-5.6,-5.2,-6.7,-5.1,-2.2,-4.7,-5.2,-4.7,-4.0,-11.0,-5.0,-5.8,-6.4,-5.9,-6.3,-0.9,-4.5,-5.9,-4.4,-5.8,-7.4,-6.4,-7.0,-7.5,-4.5,-5.4,-7.6,-8.9,-0.8,-15.2,1.6,-10.8,-7.3,-5.1,-6.2,-8.8,-4.9,-3.7,-2.8,-1.9,-3.9,-2.6,-6.4,-5.2,-7.4,-8.7,-8.7,-7.2,-5.1,-6.5
2C7L515fvP,0,48.102149,11.624682,4442052.82,2777840.75,542.7,588.4,246,7283,3.4,0.73,0.42,32.64,348.96,-0.529,-0.103,0.842,-0.1,0.2,-0.46,0.26,1.9,0.2,-0.3,2.2,4.6,4.5,4.7,1.2,-8.8,2.4,3.4,1.7,-6.6,4.7,13.8,6.8,5.1,-1.3,2.4,-4.5,10.8,-5.3,9.6,-6.4,-5.6,-3.9,-1.6,-1.8,-2.9,-0.8,-2.8,-1.6,-4.6,8.6,-9.5,-6.8,-7.3,-5.8,-6.3,-3.8,-8.6,-4.5,-10.8,-5.2,-8.0,-6.1,-4.9,-6.4,-6.9,-6.6,-5.5,-1.6,-3.2,-2.9,-3.2,1.6,-2.0,-2.9,3.4,12.9,0.4,1.3,-0.0,3.4,-1.4,1.6,3.8,-9.1,-1.5,0.4,-2.2,0.2,1.6,1.7,0.7,-1.3,1.3,0.6,0.8,2.1,-0.4,0.7,0.9,3.1,-1.9,2.2,2.5,2.3,0.8,0.4,-0.2,2.3,2.3,-1.2,-0.6,-2.3,4.1,2.0,0.8,1.7,-3.0,2.2,1.0,0.1,-1.0,1.5,1.7,1.4,4.4,0.9,1.0,-0.5,-3.5,-1.3,1.9,-7.2,-9.3,-5.5,2.4,-2.5,0.8,-0.9,1.3,2.1,3.7,1.1,0.1,-0.6,1.7,-0.0,0.4,-0.1,-2.3,-1.1,-2.7,0.9,-0.9,-3.3,-4.0,-1.6,-3.0,-0.3,-1.0,0.1,0.6,0.1,0.7,-0.5,0.5,-3.1,-2.4,-0.1,1.4,-0.7,-2.6,0.3,0.9,1.6,0.6,0.2,-0.4,1.9,0.3,-4.6,-3.2,-0.2,-3.6,-1.6,-4.3,-0.8,-6.6,-1.6,0.8,-0.4,-2.7,-1.9,0.1,-1.3,-0.6,1.6,1.3,-2.4,-1.6,-0.6,1.1,0.6,2.7,2.4,-1.4,-1.4,-0.9,0.6,-3.1,-4.5,-4.9,-4.2,-6.4,1.2,-4.0,-0.4,0.3,-3.7,-2.3,0.3,-3.3,-4.5,-2.6,-0.1,-3.8,-4.8,-0.4
2C7L515fvj,0,48.102273,11.625648,4442124.45,2777856.13,535.2,580.9,246,7303,2.3,0.86,0.38,32.64,348.96,-0.529,-0.103,0.842,-0.7,0.1,-0.01,0.18,0.6,0.2,-0.3,0.8,-1.8,-1.6,-1.4,-0.4,2.2,-0.9,-2.1,-0.6,1.1,0.7,0.6,4.0,0.7,2.1,3.2,4.4,2.0,1.0,-2.0,-0.5,2.5,-2.3,0.3,4.8,2.7,4.9,3.9,-0.9,0.5,-8.5,-2.2,4.2,2.4,0.5,0.5,5.9,-0.5,4.0,5.1,1.9,2.1,5.1,-0.3,2.7,1.0,-0.9,-2.4,0.3,1.4,3.6,-0.6,1.6,3.8,-2.2,4.6,4.9,3.7,2.1,2.4,3.0,0.4,-2.7,2.8,0.0,1.9,1.9,4.2,1.7,3.4,6.0,4.6,7.1,2.7,4.9,2.8,4.5,6.6,5.4,-0.8,2.3,0.5,-2.2,3.0,2.6,0.1,0.9,-1.5,-1.1,2.8,-0.3,0.4,-1.6,1.2,-3.4,2.1,1.5,5.6,2.1,2.7,1.4,1.7,-3.7,-2.1,-0.7,1.6,1.2,-0.3,0.4,-0.6,1.5,-0.6,-2.9,-2.4,-0.8,-0.9,-3.9,-1.9,-3.5,-3.7,-0.4,-1.9,0.2,0.4,2.6,2.4,-1.2,2.2,-0.6,-4.0,2.3,-3.3,-0.3,-0.2,0.2,3.1,5.6,-1.3,0.1,1.4,-1.5,-1.8,-1.2,1.0,-2.2,-4.2,-0.9,-1.8,-1.4,-0.7,-2.4,-2.7,-3.0,-1.4,-1.5,-2.4,0.0,-0.7,2.1,-1.5,-1.9,-3.7,0.4,-3.2,-1.9,2.6,-0.4,-1.5,0.5,0.6,0.8,-1.3,-1.0,-0.7,-0.7,-2.0,-3.6,-2.2,-4.6,1.3,-0.4,-2.2,-0.3,0.5,-3.6,2.9,-1.0,4.6,3.1,-1.8,-1.9,-2.5,-2.9,-0.3,-0.4,-3.1,-1.8,-5.1,-2.5,-4.0,0.9,0.9,-1.1,-3.1,-1.1,0.3,-1.4,-0.1
2C7L515fwJ,0,48.102549,11.627793,4442283.63,2777890.27,539.2,584.9,246,7339,3.0,0.77,0.45,32.65,348.96,-0.53,-0.103,0.842,-0.5,0.2,-0.54,0.23,1.7,0.2,-0.3,0.5,1.5,-0.4,-1.6,-0.2,1.4,-2.4,1.5,-2.3,0.2,-0.4,2.3,-0.3,0.6,-1.3,-3.9,-0.8,-0.4,-4.9,-7.6,-3.1,1.2,-0.3,1.7,-7.1,-7.8,-1.8,-1.0,5.6,-5.6,-14.2,-7.4,-9.2,-3.6,-4.6,-8.7,-4.1,-2.6,-0.2,-0.0,-1.0,-14.0,-0.8,-1.7,-1.8,2.7,-5.1,-6.9,-2.7,-1.7,-2.6,4.4,1.4,-1.8,-1.1,5.1,-1.6,3.7,0.9,-2.2,2.3,-3.0,-2.6,-0.8,1.8,1.0,1.7,0.2,-1.1,-2.2,0.9,-4.0,3.4,-2.5,1.5,-2.8,0.9,-0.1,-1.3,-3.4,-3.0,-1.3,-1.4,-4.2,-3.5,-5.5,-8.4,-2.3,-6.6,0.8,-1.2,-3.6,-7.9,-3.3,-3.8,-1.7,6.2,-0.7,-4.6,-2.5,-3.4,-6.1,-5.1,0.1,-4.3,-10.4,-2.7,-1.9,-1.8,-3.2,-3.4,-0.8,-0.2,-2.6,-1.6,-1.4,-2.0,-2.0,-3.2,1.1,3.6,4.9,-0.8,2.5,1.3,-2.6,-1.4,0.2,-2.7,-3.8,-4.6,-3.2,-5.9,-3.4,0.3,-6.8,-5.5,-1.9,-2.0,5.5,-5.9,-4.9,-2.0,-0.6,-1.2,-1.7,0.0,-3.8,-3.7,-5.9,-2.5,-2.8,-1.4,-2.1,-4.7,-0.4,-3.8,-2.2,-2.6,-4.1,0.8,-5.2,0.6,-3.2,-2.7,2.2,-0.8,-4.6,2.0,1.0,-2.6,-6.4,-6.1,-3.5,2.9,0.2,-3.9,7.0,-5.0,-3.2,-0.4,-3.2,-1.3,-3.8,-5.9,-2.4,-3.3,-2.9,-0.1,-9.9,-10.7,-9.5,-8.7,-7.4,-5.0,-5.0,-5.2,-6.8,-6.6,-3.8,-0.0,-3.7,-3.3,-3.5,-3.4,-9.6,-0.6,-6.5
2C7L515fwr,0,48.102829,11.629977,4442445.63,2777924.99,551.2,596.9,246,7373,3.4,0.69,0.42,32.66,348.96,-0.53,-0.103,0.842,-0.7,0.2,-0.47,0.26,2.6,0.2,-0.3,1.6,1.6,2.0,-0.4,0.4,0.5,-1.6,8.2,-4.7,-2.4,-3.2,0.6,-3.2,-7.0,-0.9,-4.5,-4.8,-5.4,-8.5,-7.2,-3.6,-9.2,-3.1,-7.4,-1.4,-2.2,-2.4,-2.0,-2.1,-6.1,-11.2,-12.0,-8.7,-11.6,1.0,-7.2,-4.7,0.3,-3.6,-0.2,-6.7,0.9,-3.7,-4.6,-0.9,-5.4,-13.0,-12.2,1.8,3.6,-0.5,-1.1,-1.7,-2.5,-2.7,-1.4,-2.5,-1.4,0.1,-3.3,-1.7,0.2,-6.0,-2.4,10.0,1.0,-4.7,-3.1,-3.5,-4.4,-3.4,-3.5,-3.0,-1.3,-9.8,-3.8,-7.1,-5.0,-5.9,-5.3,-2.6,-3.9,-5.7,-5.0,-5.0,-2.0,-5.2,-4.2,-7.1,-4.6,-5.7,-9.1,-4.3,-6.2,-5.6,-1.4,-3.4,-4.1,-5.2,-2.5,-7.1,-4.3,-4.0,-3.0,-4.3,-7.4,-1.4,-3.1,-3.3,-2.3,-6.3,-4.9,-2.0,2.4,-1.9,-0.6,2.0,0.1,2.2,-6.3,1.6,2.2,5.0,-2.3,-4.9,-3.5,-11.1,-4.6,-5.2,2.8,-4.3,-8.0,-4.5,-6.0,-5.0,-8.9,-7.1,-11.9,-4.7,-0.3,-3.2,-5.7,-8.7,-1.6,-1.0,-2.6,-3.4,2.6,-2.7,-8.3,2.8,-1.1,-2.8,-6.0,-4.6,0.3,-2.1,-5.4,-4.5,-7.2,-7.6,-5.5,-7.4,-8.1,-8.0,-3.6,-16.0,-8.2,-0.1,-1.8,-7.1,-10.6,-0.9,-2.9,-5.5,-1.2,-0.6,-3.0,4.5,-5.3,-4.9,-2.0,-1.7,-3.0,-8.2,-4.2,-7.6,-5.8,-3.0,-12.3,-19.4,-10.0,-14.6,-0.0,-9.3,-0.8,-0.8,-10.4,-8.4,-9.8,-13.4,-7.2,-9.7,-0.9,-3.7,-6.9,-5.6,-6.6
2C7L515fws,0,48.102804,11.629778,4442430.9,2777921.86,538.8,584.5,246,7374,2.7,0.79,0.36,32.66,348.96,-0.53,-0.103,0.842,-0.6,0.1,-0.33,0.21,2.0,0.2,-0.3,3.1,0.6,-0.2,1.7,-2.1,6.4,-1.2,3.4,-2.5,-7.3,0.8,8.1,0.8,-6.0,-2.2,-4.2,-3.7,-4.6,-4.2,-4.5,-1.6,-5.9,-1.4,-4.8,-1.7,-2.7,-0.2,0.0,-0.6,-3.5,-7.8,-8.7,-6.4,-7.3,-5.1,-6.5,-2.9,-1.0,-0.5,-2.2,-1.9,-1.2,-3.1,-4.0,-1.6,-2.4,-4.3,1.0,0.2,1.3,-0.3,0.9,3.2,-1.0,-1.2,-1.3,7.7,-0.0,4.1,-1.3,1.8,-1.5,-2.3,-1.4,2.4,3.7,-2.1,-4.1,-0.1,-2.8,-2.3,-0.1,-0.9,1.0,-4.8,-3.8,-2.2,-2.5,-3.1,-5.4,-3.7,-3.4,-4.4,-0.6,-0.4,-1.5,-5.1,-2.7,-6.2,-1.3,-6.3,-3.7,-1.8,-1.3,-1.4,1.8,-1.7,-1.1,-0.3,-1.0,-0.2,0.2,-1.9,-0.5,0.1,-0.0,1.6,0.5,-1.5,-1.3,-3.1,-1.5,-1.9,-2.0,-0.1,5.4,1.5,2.9,3.7,0.3,4.2,5.4,-0.1,-3.0,-4.4,-6.8,-2.4,-5.2,-3.2,-3.6,-3.1,-7.1,-0.9,-3.2,-6.1,-6.4,-7.3,-10.2,-1.6,1.4,2.9,0.2,-1.5,-1.8,-0.8,-0.7,-5.4,0.6,-0.8,-1.7,-5.0,-2.5,-1.5,-1.9,-3.2,-0.5,-3.0,-2.2,-0.8,-0.0,-4.7,-5.1,-4.6,-7.1,-8.1,-0.1,-7.0,-7.8,-0.8,-1.4,-4.9,-7.3,-6.3,-7.1,0.0,-8.9,-5.2,-6.6,8.8,-2.5,-3.9,-3.0,-2.9,-3.6,-2.9,-3.8,-6.4,-3.6,-4.7,-8.1,-7.1,-1.4,-4.2,-2.4,-3.8,-4.6,-8.3,-5.1,-3.7,-6.0,-4.0,-1.9,-1.4,-0.5,-1.1,-4.4,-2.3,-4.2
2C7L515fwu,0,48.102822,11.629918,4442441.25,2777924.07,540.0,585.7,246,7376,4.5,0.62,0.46,32.66,348.96,-0.53,-0.103,0.842,-0.4,0.2,-0.82,0.35,1.9,0.3,-0.3,-4.7,-3.3,-3.7,-4.1,-2.0,0.2,-1.8,-1.4,4.0,0.8,0.5,0.8,0.8,-2.7,4.0,-3.1,-2.2,-4.8,4.9,1.8,-1.5,-0.5,-0.8,6.0,-5.7,-1.4,-6.5,-0.7,-0.8,-2.0,-2.1,6.3,1.4,-4.8,-14.7,-5.5,-3.9,-0.3,3.0,-0.6,4.2,-1.1,-4.7,-5.2,-6.7,-4.0,-4.9,-3.6,-3.2,-3.1,-2.4,-5.0,-8.3,-2.6,0.5,0.2,0.7,-2.2,-0.2,-1.1,-0.2,-1.1,-6.9,-2.8,0.4,-7.1,-6.9,-1.8,-1.6,-2.5,-1.1,-9.2,-2.8,-2.3,-3.9,-0.6,-3.2,-11.7,-3.0,-10.7,-12.7,-6.4,-7.2,-4.0,-12.6,-10.5,13.1,-12.5,-11.7,-10.6,-3.8,4.5,-5.0,-5.3,-3.3,-3.6,-7.3,-6.3,-0.9,-2.4,-6.3,-4.2,-6.1,14.3,12.3,12.7,6.3,11.1,1.9,4.2,-0.2,4.2,4.2,7.6,8.4,6.8,1.8,-0.1,-0.5,1.1,-0.3,-0.1,2.0,-3.3,-11.1,-8.7,-1.5,-1.4,-4.4,-5.4,-1.0,4.5,5.2,-2.9,10.2,9.9,10.0,3.1,2.6,1.0,5.3,-0.7,-2.4,-1.5,-3.1,-2.1,1.3,-1.9,-3.2,-3.5,-3.0,0.0,-0.1,-1.4,-0.4,2.0,-1.6,0.5,0.7,-2.3,-6.1,-6.3,-3.9,-6.1,-5.0,-1.5,-1.7,-2.9,-3.0,-4.4,-2.8,-2.2,-5.4,-5.1,-1.8,-3.5,-1.3,-2.0,-2.1,-3.1,-3.6,-4.0,-1.4,-3.0,-3.9,-2.5,-4.3,-6.8,-5.8,-4.8,-10.7,-0.7,-7.0,-14.1,-4.6,-4.1,-6.3,-1.9,-0.6,-3.2,-1.6,-3.3,-4.2,-3.5,-3.9,-0.2,-3.6,-3.6
2C7L515fwx,0,48.102834,11.630018,4442448.71,2777925.68,536.6,582.3,246,7379,2.8,0.84,0.56,32.66,348.96,-0.53,-0.103,0.842,-0.7,0.1,0.31,0.21,0.3,0.2,-0.3,-2.5,-1.3,-1.2,-1.1,-0.8,2.6,-1.5,-0.3,0.2,-0.1,-0.3,4.3,0.2,-1.4,-1.0,-0.7,-0.9,-1.7,-2.6,-2.2,-2.5,-2.7,-2.3,-0.0,0.4,0.8,0.8,3.7,3.7,0.2,-2.8,-4.3,-3.0,-2.3,-1.4,0.1,1.3,1.3,-0.2,-0.7,2.2,-1.8,0.2,-0.6,1.7,0.6,-7.2,-6.3,-3.3,1.4,3.1,-3.1,0.7,0.3,0.8,-2.3,-1.2,-0.6,0.8,-0.1,-1.0,0.2,-3.0,2.0,-0.9,2.8,-0.6,0.4,-2.7,-1.9,-2.0,-2.5,-1.7,-1.5,-1.6,-1.0,-2.2,-1.9,-0.8,-1.9,-1.4,-1.0,-2.2,-2.9,-2.5,-2.0,-2.9,-3.1,-3.2,-2.4,-4.0,-2.0,-3.2,-2.1,-2.1,-1.3,-1.5,-0.5,-2.0,-1.7,-2.4,-1.9,-3.1,-0.7,-0.7,-0.8,-1.3,-1.0,-0.7,-1.3,-1.1,-0.5,-0.8,0.9,-1.1,-3.5,-1.4,-1.9,-2.1,-0.5,-3.8,-0.7,-1.8,-2.2,-2.1,2.7,-2.3,-2.2,-2.2,-8.4,-5.1,-4.9,-6.0,-4.1,-5.8,-5.0,-3.6,-8.4,-2.7,-0.4,2.7,-4.5,-1.2,4.7,-1.5,0.9,-1.2,-6.8,-6.5,-12.5,6.9,-16.9,2.3,-7.1,-4.1,-7.9,-1.5,0.1,1.0,-2.4,-5.1,-5.6,-2.0,-4.9,-7.0,-1.0,-3.9,-7.3,-4.0,-3.5,-2.5,-5.0,-5.8,-3.9,-2.9,-5.2,1.9,-2.2,-6.3,-0.9,-5.1,-7.6,-0.9,-2.4,-1.8,1.5,-0.4,4.0,3.6,0.3,-8.1,-2.6,-6.8,-8.3,-4.9,2.4,1.4,-3.4,-4.7,-7.9,1.5,-3.9,-6.7,-3.2,-3.9,-4.7,-2.0,-7.0
2C7L515fwy,0,48.102839,11.630051,4442451.11,2777926.2,535.4,581.1,246,7380,3.3,0.77,0.46,32.66,348.96,-0.53,-0.103,0.842,-0.3,0.2,0.16,0.25,0.9,0.2,-0.3,-4.6,1.0,-1.4,-1.6,1.9,2.4,-0.9,1.2,2.1,1.3,2.8,3.6,0.3,1.6,0.2,2.3,1.7,0.2,-1.3,-3.5,-1.6,-2.4,-1.8,0.4,-0.2,1.7,-3.9,8.5,4.0,0.3,-0.7,-3.7,-1.3,-2.7,0.0,-0.1,2.3,-0.9,5.3,-4.2,2.4,-3.8,0.1,0.9,1.4,-11.9,-6.0,0.3,-5.2,0.0,0.9,-1.7,0.7,1.0,3.7,-0.7,-2.7,0.4,5.3,-0.2,1.4,0.9,-2.7,2.3,0.4,3.3,-1.3,1.8,-0.6,-0.1,-2.3,0.8,-1.2,-1.6,-2.0,-0.3,-0.1,-1.1,-0.3,0.3,-0.7,0.8,-1.7,-0.8,-1.7,0.2,0.2,-1.4,-1.2,-0.7,-4.6,-2.0,-1.8,-2.6,-1.3,3.7,-0.5,3.6,-1.4,-0.6,-2.4,-0.2,-3.4,-0.1,1.0,2.0,-0.2,-0.2,0.2,1.1,-0.4,0.6,-1.6,6.5,0.0,-3.4,-1.5,-3.3,-3.1,0.4,-4.3,-0.9,-1.3,-0.0,1.3,1.5,-1.7,0.7,1.5,-1.8,-3.6,-2.9,-4.7,-4.0,-3.2,-4.4,-1.8,-8.4,-0.9,-0.9,3.9,-3.2,-1.6,-13.1,-6.3,-5.1,2.3,-10.5,-9.5,10.1,4.2,-5.3,4.7,8.6,2.1,2.0,1.6,0.4,0.8,0.2,-1.1,-4.4,-2.1,10.1,-5.2,6.2,-6.2,-5.4,-3.6,-7.7,-2.6,-3.2,-2.6,-8.6,8.0,-5.6,2.4,-1.1,-5.2,-0.6,-2.1,-7.6,-1.1,-0.9,0.9,1.1,-0.1,2.2,3.6,-3.0,-3.8,-1.7,1.9,-7.1,-5.3,3.3,2.0,-1.8,-2.1,-4.5,0.5,-1.5,-3.3,-2.2,2.2,-2.4,1.5,-7.2
2C7L515fxB,0,48.102953,11.630938,4442516.95,2777940.31,542.3,588.0,246,7393,2.3,0.88,0.38,32.66,348.96,-0.53,-0.103,0.842,-0.7,0.1,-0.24,0.18,0.6,0.2,-0.3,0.5,0.6,0.1,1.2,1.7,-3.4,0.3,1.6,1.3,0.7,0.8,-0.5,-0.2,-1.3,0.0,0.7,0.8,-0.1,-1.1,-0.7,-1.8,-0.2,0.5,-1.7,-1.2,1.0,2.5,-1.0,-0.9,-4.0,-6.2,-7.0,-2.8,-2.3,-0.3,-1.6,1.5,1.7,2.4,0.9,4.5,2.1,0.3,-0.5,1.2,0.6,-0.5,5.2,3.5,2.2,2.1,2.6,2.6,1.3,0.8,-0.9,0.5,1.4,2.4,0.4,0.5,1.2,2.6,-0.2,-1.7,-1.8,0.7,0.7,-2.2,-0.8,-1.0,-0.7,-0.8,-0.6,-1.6,0.4,0.9,-0.7,1.3,1.5,0.3,0.1,1.1,2.4,0.4,1.2,0.1,0.5,-1.4,0.2,-0.3,0.8,-0.7,-3.7,-0.6,-0.5,1.9,-0.9,-1.1,-1.9,-2.1,-0.0,1.1,0.4,0.3,0.7,0.8,0.4,1.1,-0.6,-1.4,0.6,0.3,1.5,1.7,1.2,2.1,0.5,0.7,1.0,-0.2,-0.8,-0.6,-0.3,-0.8,1.9,1.1,-1.7,-2.0,-3.6,-4.1,-0.4,3.3,0.1,-0.9,0.1,-0.9,-5.4,0.1,1.3,9.5,-0.5,-3.0,-4.0,-1.6,-2.5,2.7,-1.3,-1.4,-1.4,-0.0,-1.7,-1.4,-0.2,-3.2,-2.8,-2.7,-1.3,-3.9,1.8,-2.8,-4.9,-3.4,-6.6,-2.6,4.5,-1.2,-5.4,-1.9,-2.4,-1.5,-5.8,-3.7,-0.6,-4.4,2.7,2.2,-13.9,-1.3,-4.1,-4.3,-5.5,-6.7,2.3,-2.8,1.8,-1.8,0.4,-0.0,-6.2,-5.4,2.4,-1.5,-2.5,-0.6,-5.3,-3.1,-2.1,-5.2,-4.8,0.3,-2.1,-4.0,-4.5,-4.2,1.6,4.0,-1.2
2C7L515fxW,0,48.103082,11.631944,4442591.59,2777956.34,532.5,578.1,246,7414,4.3,0.61,0.48,32.67,348.96,-0.53,-0.103,0.842,-0.1,0.2,-0.05,0.33,2.1,0.3,-0.3,-7.9,0.4,1.9,-6.3,-6.8,8.0,4.3,7.8,7.6,-5.5,7.6,6.7,6.3,-0.5,6.0,5.5,5.9,2.8,3.1,-0.1,0.9,3.8,-2.7,5.5,3.0,8.9,-0.3,6.7,-4.8,4.0,-1.0,-4.4,4.5,-2.0,4.1,1.4,4.8,6.6,1.6,-2.8,-1.1,-4.2,13.5,7.0,-12.2,-5.0,-10.6,-7.4,-6.1,-5.5,-2.7,-1.7,-0.4,-2.2,-1.4,0.9,-4.1,-6.0,-3.5,-1.5,-5.9,-2.7,-12.0,-13.4,-10.2,-12.9,-1.6,13.1,-4.9,-2.7,-3.3,-1.2,-2.4,-2.2,0.5,1.9,0.8,0.9,-0.3,5.6,-1.0,4.1,-1.8,3.3,0.7,8.4,1.6,6.7,4.4,13.8,14.1,-3.6,-7.3,-5.5,-2.5,-5.7,5.3,13.9,4.0,-7.4,-4.1,7.2,1.3,2.0,1.7,-2.1,0.1,-5.3,-1.8,0.1,2.0,0.9,-1.6,2.0,0.3,-3.6,3.9,-7.7,-5.5,1.8,3.7,1.4,-0.8,1.6,1.3,3.6,3.1,0.3,-1.2,-1.8,2.9,0.1,5.4,-0.3,-1.5,-3.8,1.3,-1.6,2.9,1.1,3.2,1.4,0.4,-1.0,-0.9,-1.4,4.7,-0.3,-2.4,2.5,0.7,0.4,1.6,2.0,2.0,1.8,2.5,1.5,0.4,-1.9,5.6,1.7,1.3,0.0,-1.0,9.8,0.9,2.0,2.8,2.3,1.9,-3.6,-0.1,1.4,-4.8,2.8,-1.9,-1.4,2.6,-3.2,-2.0,-4.1,-2.8,-2.4,-1.6,0.6,-0.8,2.6,0.2,-2.5,0.9,3.4,0.2,3.1,3.3,1.3,-0.0,-1.5,-3.5,3.2,-8.5,-1.0,-1.7,-3.2,3.1,-2.2,-3.0,-4.5
2C7L515fxx,0,48.103305,11.633686,4442720.79,2777984.03,543.3,589.0,246,7441,4.0,0.65,0.47,32.67,348.96,-0.53,-0.103,0.842,-1.1,0.2,-0.53,0.3,2.2,0.3,-0.3,0.5,15.2,-1.3,-1.8,-1.7,-4.4,-3.5,-1.8,-0.3,-2.3,1.2,1.8,1.1,-3.5,-3.9,-3.2,-8.9,-4.3,-5.7,-7.2,-2.3,-6.1,-7.2,-5.9,-1.5,-6.3,-6.2,2.2,-2.7,-6.4,1.1,-9.1,-8.5,-7.3,-3.7,-4.6,-1.2,-0.5,-4.5,-2.7,-4.6,-7.1,-4.7,-3.8,1.7,-6.7,-2.3,3.3,3.8,10.7,-0.4,4.7,2.2,4.9,6.0,0.5,-0.4,1.5,2.8,-3.7,3.7,-0.2,-1.0,0.6,4.7,1.1,2.6,-6.4,0.3,-2.9,-2.6,2.6,-6.6,-0.2,-4.0,-2.7,-0.3,0.9,-3.0,-5.1,-4.4,-4.4,-1.3,-2.8,-0.9,-10.8,-5.2,-0.7,-1.4,-2.4,4.9,-5.8,-1.6,-8.2,-3.3,-4.4,-6.1,-0.4,-0.3,-7.7,-2.1,-8.4,-0.1,-2.5,-2.7,-1.3,-0.1,0.8,-1.7,-0.9,0.3,-3.1,0.1,1.0,1.4,-2.9,-2.7,3.2,-1.1,-4.2,-5.4,-2.3,-2.5,-0.9,-5.2,-3.3,-4.4,-3.5,-1.8,-7.3,-2.0,-4.6,-2.0,-2.2,-3.3,-2.1,-4.3,-8.2,0.3,-0.4,-2.9,-1.5,-6.2,-7.2,1.3,-4.1,-4.2,0.5,-3.0,-1.4,-2.9,-3.2,-8.1,4.8,-10.2,-0.6,-0.4,-5.0,-4.3,-6.5,-9.9,-8.0,-12.5,-10.2,-16.9,3.3,-1.3,-1.8,-1.5,-5.0,-9.9,-9.1,-7.9,-1.3,7.8,-10.7,-6.2,-4.4,-9.8,-2.5,1.8,-2.1,0.1,-3.0,-3.1,-7.1,-8.7,-14.6,-17.6,-17.6,-3.2,-11.8,5.9,-2.7,0.9,-4.9,-0.1,-10.5,-6.4,-0.7,-6.5,-3.3,-8.0,-3.0,-8.1,-10.4,-6.1,-12.4
2C7L515fxy,0,48.103294,11.633598,4442714.28,2777982.65,536.3,582.0,246,7442,1.5,0.92,0.23,32.68,348.96,-0.53,-0.103,0.842,-0.5,0.1,-0.48,0.12,1.2,0.1,-0.3,-0.2,-1.5,-2.3,-0.2,-0.9,0.4,0.6,-0.0,0.2,2.1,0.3,2.0,1.3,-0.9,-0.7,-0.6,-6.2,-1.1,-4.0,-2.8,-2.3,-5.3,-1.5,-2.8,0.3,-0.2,-1.0,-1.0,0.4,-2.4,2.0,-5.0,-7.9,-5.4,-3.3,-2.1,1.0,0.7,0.7,0.1,-0.7,1.9,-1.9,-0.9,-0.9,-1.1,-1.3,-0.3,0.9,2.0,-0.1,1.8,1.9,1.6,2.3,2.1,0.2,2.1,3.0,0.6,2.3,0.9,1.3,1.8,1.5,1.4,1.3,0.5,0.4,-0.7,1.1,1.2,1.4,2.0,-1.8,-1.7,-1.1,-0.5,-1.0,-2.3,-1.0,-2.0,-0.3,-1.3,1.0,-2.2,-1.3,-0.5,-0.7,-1.1,-1.0,-2.6,-1.6,-4.3,-2.1,-3.4,-3.6,-0.9,-1.1,-4.7,-2.6,-0.6,-1.0,0.6,-0.4,-0.1,-0.4,1.1,-0.6,-1.3,-0.6,0.7,0.2,0.0,-0.4,0.2,1.1,-0.8,0.4,-1.6,0.0,0.4,-1.0,-0.1,-1.9,-1.2,-1.3,-1.6,-0.1,-5.7,-1.8,-1.1,1.0,-0.9,-1.2,-2.5,-2.1,-2.3,1.2,2.4,-1.1,0.5,-0.1,-3.2,-1.3,-1.3,-1.7,0.8,0.1,-1.1,-1.4,-2.2,-0.8,-0.3,-1.3,0.7,0.8,-1.5,-1.2,-1.8,-3.7,-4.0,-1.0,-3.5,-4.2,1.1,-1.6,-2.9,-0.7,-2.8,-3.4,-4.4,-5.1,-2.3,-0.2,-1.8,-2.3,-1.8,-3.0,-0.1,-0.4,-1.2,-0.5,-1.4,-2.4,-3.7,-3.8,-1.2,-3.0,-4.8,-5.6,-4.6,-6.6,-1.6,-1.4,-3.2,-2.0,-5.5,-3.4,-3.4,-3.3,-2.4,-3.5,-1.8,-1.8,-4.1,-3.0,-3.0
2C7L515fxz,0,48.103287,11.633544,4442710.27,2777981.8,530.9,576.6,246,7443,2.4,0.85,0.37,32.68,348.96,-0.53,-0.103,0.842,-0.4,0.1,-0.45,0.18,0.8,0.2,-0.3,-5.4,-1.5,-3.8,-1.7,-2.6,2.2,0.7,-5.7,-0.2,4.9,1.3,2.7,2.5,1.1,3.7,3.9,-9.5,1.8,1.7,-1.8,-0.9,-1.9,5.2,2.1,1.8,1.6,0.3,1.4,-6.9,-0.9,2.5,-3.5,-4.6,-5.5,-2.8,-1.0,0.2,-0.4,1.1,2.5,1.6,-0.0,3.2,1.0,0.2,-2.6,-1.1,-0.0,0.6,6.3,1.8,2.5,4.3,-0.4,4.0,2.5,0.4,0.9,2.8,1.2,0.4,0.7,5.4,3.5,1.5,-0.9,1.0,2.2,1.0,0.7,0.2,-1.0,0.8,3.0,-1.1,1.4,2.7,0.9,1.4,-1.9,0.0,-1.4,0.7,3.2,0.2,2.7,0.8,-0.4,-1.4,1.4,0.9,-4.1,-2.8,-4.5,-2.8,-3.2,-4.3,-0.2,-0.5,-3.4,-2.3,3.3,-0.5,-1.1,-0.5,0.0,-1.9,-1.8,-1.0,-2.5,-1.0,-0.9,-0.6,-0.3,-0.3,-2.5,0.3,-3.4,0.1,-1.5,-1.7,-0.5,-1.1,2.5,2.4,-2.0,-6.7,-1.0,4.6,-5.2,-3.6,1.6,1.0,-2.0,2.6,-2.3,-1.4,-2.7,2.9,4.7,-1.5,-1.0,-2.3,-2.4,-1.0,-0.8,-2.0,3.0,2.4,2.2,0.7,-0.5,2.1,1.5,-2.1,3.2,0.9,3.9,1.4,2.8,-1.7,-1.7,1.0,-3.8,-3.1,1.1,-0.2,-1.6,0.8,-2.2,-2.4,-2.7,-5.1,-2.1,-4.2,-1.2,-3.3,-1.2,-0.1,0.1,-2.0,0.2,-0.2,2.3,0.5,-1.1,-2.0,3.0,-2.1,-3.7,-2.8,-0.9,-3.5,-0.9,1.2,-0.5,-2.8,-7.5,-4.6,-1.2,-2.5,-4.2,-4.3,-5.0,-4.4,-2.5,-2.8,-0.9
2C7L515fy7,0,48.103358,11.634095,4442751.16,2777990.56,536.2,581.9,246,7451,1.5,0.93,0.3,32.68,348.96,-0.53,-0.103,0.842,-0.4,0.1,0.2,0.12,0.7,0.1,-0.3,-1.5,-2.4,-0.8,-1.2,-0.9,-0.6,-0.4,1.0,-1.2,-0.3,-0.6,-0.1,-2.2,-2.8,-1.7,-1.0,-0.9,-2.4,-1.7,-3.7,-0.8,-1.9,-0.8,-2.0,-1.6,-0.2,-1.3,1.2,0.4,-3.1,1.7,-5.8,-3.8,-5.1,-6.9,-4.5,-0.7,-2.8,-1.1,-1.7,-1.7,0.2,-2.6,-2.7,-3.5,-2.1,-1.9,-1.5,-2.7,-2.4,-2.2,-1.8,-2.1,-1.4,-3.0,-2.5,-1.3,-2.0,-1.5,-2.4,-2.6,-2.1,-1.0,-3.7,-2.8,-0.6,-2.2,-0.9,-2.7,-2.6,-2.9,-2.6,-2.4,-4.1,-5.8,-2.9,-3.1,-2.7,-2.8,-4.0,-5.1,-4.6,-4.5,-3.6,-3.9,-5.2,-3.8,-2.7,-4.2,-1.8,-2.9,-2.2,-3.7,-7.1,-3.0,-3.7,-1.6,-3.0,-2.7,-6.9,-3.3,-5.6,-4.2,-1.6,-4.4,-2.9,-4.0,-2.6,-3.9,-3.7,-3.5,-3.2,-2.3,-2.8,-3.2,-2.4,-0.4,-1.8,-1.0,-3.5,-1.3,-1.6,-2.0,-3.7,-3.1,-2.0,-1.0,-2.5,-2.3,-5.8,-3.8,-3.2,-1.1,-5.2,-4.1,-6.2,-6.2,-6.6,-1.7,-2.3,-1.6,-0.7,-4.5,-4.6,-2.1,-2.0,1.3,-1.9,-1.3,-3.3,-2.9,-4.3,-3.5,-3.0,-4.0,-3.0,-3.9,-4.6,-0.6,-2.0,-3.5,-4.3,-2.8,-8.7,-6.4,-0.0,1.3,-3.9,-0.6,-0.8,-4.5,-5.7,-4.6,-2.0,-1.6,-3.1,-3.2,-1.1,-1.7,-1.8,-3.1,-1.6,-3.2,-2.5,-3.3,-3.3,-1.9,-4.2,-4.8,-6.0,-8.0,-6.3,-4.8,-5.1,-0.3,-3.2,-6.4,-5.9,-2.7,-6.1,-2.6,-4.6,-3.5,-2.6,-3.3,-3.4,-4.7,-5.0
2C7L515fy8,0,48.103356,11.63408,4442750.04,2777990.33,532.7,578.4,246,7452,3.8,0.68,0.41,32.68,348.96,-0.53,-0.103,0.842,-0.4,0.2,-0.56,0.29,1.8,0.2,-0.3,0.6,1.9,2.4,2.5,0.3,0.6,3.5,-0.7,-0.9,-0.2,-11.0,2.7,-4.4,-4.9,-3.2,-4.0,-3.1,-3.5,-0.6,-6.1,-6.7,-7.9,4.1,-3.6,-6.5,-0.5,-3.2,6.8,6.3,-6.2,0.3,-11.6,-4.1,-5.2,-5.7,-10.6,-0.4,-5.2,1.4,0.4,-2.7,3.7,2.0,-0.8,-2.7,-4.2,0.8,-0.2,-1.2,-3.5,-2.4,-3.2,1.0,0.6,0.3,-0.2,1.5,2.7,0.4,-0.5,2.3,1.2,4.7,-0.2,-4.0,4.5,0.0,1.2,-2.7,-2.3,-1.7,-3.7,-1.9,-6.4,-8.1,-2.6,-3.4,-2.1,-2.8,0.8,-1.4,-3.6,-5.1,-2.0,-1.2,-1.2,-0.9,-1.6,1.7,-0.9,-2.0,-1.9,-4.7,-7.9,-2.1,-2.5,0.0,-2.4,-4.5,-5.4,6.0,-3.6,-2.6,2.5,-2.0,1.0,0.2,4.3,0.0,0.5,-0.4,-1.1,-2.0,-1.4,-1.3,-3.3,3.9,-0.8,-0.9,-3.7,0.3,-0.5,-0.7,1.7,-1.2,-1.7,-3.3,-1.2,-2.4,-1.0,4.0,6.0,-0.4,-7.7,2.1,1.1,-0.5,0.0,1.9,1.0,3.9,-13.6,4.9,1.6,0.9,2.3,5.0,6.7,1.1,-0.9,4.4,-7.3,-5.3,-2.2,-5.5,-6.9,-1.4,-5.1,-4.2,-0.9,-10.7,-6.6,-16.0,-4.3,-3.8,-5.7,10.7,-3.3,-0.5,1.3,-1.6,-3.2,-3.2,-7.7,-1.1,-1.7,-3.4,1.2,-5.4,-0.5,0.7,-0.0,-1.8,-0.9,2.9,-3.7,-6.1,-1.4,-6.0,-6.3,-7.6,-11.6,-2.3,-2.0,3.4,-4.1,-5.7,-12.7,-12.4,-7.5,3.3,4.0,0.9,7.4,-1.9,-3.4,-5.2,-7.9
2C7L515fuL,0,48.101697,11.621019,4441781.03,2777784.51,546.8,592.5,246,7217,4.4,0.68,0.48,32.59,348.92,-0.529,-0.104,0.843,-0.6,0.2,-1.05,0.35,1.2,0.3,-0.3,-3.9,-5.1,-2.8,-1.8,-2.3,-0.8,-2.9,-1.7,-3.7,-0.8,-1.0,0.7,-1.8,-0.6,-2.8,-2.0,-6.1,-3.8,-6.8,-5.0,-4.4,-3.9,-3.5,-0.8,-4.2,-5.2,-3.9,-3.1,-0.1,9.3,11.0,9.1,-8.1,-9.2,-9.9,-6.8,-6.3,-9.1,-9.2,-8.8,-10.6,-6.3,-4.2,-4.7,15.5,-3.6,3.2,-3.0,0.1,-3.1,-2.8,-0.7,-3.2,1.7,0.2,-0.8,-1.8,-0.3,-1.8,0.3,-4.3,-4.6,-1.9,-2.4,-6.7,-3.2,-1.1,-4.9,-1.4,-1.7,-5.4,-3.7,-2.0,-3.7,-4.5,-6.5,-5.4,-6.7,-6.5,-8.1,-5.3,-5.1,-4.8,-5.8,-5.1,-8.6,-6.3,-11.4,-7.8,-8.9,-7.3,-6.8,-7.1,-12.1,9.6,-7.0,-2.7,-3.6,-3.5,-5.1,-3.9,-10.5,-4.8,-3.6,-5.6,-1.7,-6.1,-3.6,-4.6,-4.6,-4.2,-4.8,-3.7,-4.1,-1.5,-6.6,-8.4,-9.1,-2.8,-3.9,-5.4,-2.7,-3.4,-8.3,-5.6,-8.9,0.6,-1.4,-0.7,-6.3,0.6,6.0,-6.6,10.0,1.4,-4.4,-3.3,2.0,3.7,-3.2,-7.6,-3.6,-0.8,1.4,-7.3,-5.1,14.4,2.9,1.5,3.4,-7.9,16.8,-2.7,8.5,2.2,-5.8,-4.9,-1.9,7.2,-1.5,-4.6,-7.8,-6.6,-4.9,-2.1,-6.0,-4.7,0.8,-4.0,-6.1,-2.1,-5.1,-7.5,-4.4,-7.0,-5.1,-4.2,-3.0,5.3,-2.0,-3.1,-2.7,-4.6,-4.7,-5.8,-7.3,-8.4,-11.4,-9.8,-13.3,-6.5,-7.1,-12.2,-13.7,-10.3,-3.8,-7.4,-7.9,-8.4,-9.9,-11.8,-5.5,-8.9,-6.9,-7.4,-8.7,-10.2,-8.4
2C7L515fuW,0,48.101769,11.621577,4441822.42,2777793.4,544.7,590.4,246,7228,2.6,0.83,0.42,32.59,348.92,-0.529,-0.104,0.843,-0.8,0.1,-0.57,0.2,0.6,0.2,-0.3,0.3,-0.2,-0.1,-2.1,-0.4,1.4,-0.4,-0.7,1.9,-2.0,0.9,0.7,2.5,2.8,3.6,1.8,-0.6,-0.5,2.4,0.0,1.1,-0.3,0.7,-0.5,-0.5,3.0,-0.1,-3.6,1.5,3.3,-9.5,-2.1,-2.5,-3.5,0.8,-0.9,1.7,2.2,2.2,4.8,2.8,0.8,3.4,3.0,3.4,3.9,0.1,1.9,2.7,1.3,2.2,0.8,-2.2,1.0,3.6,7.4,1.7,1.9,5.7,-8.7,5.1,-0.0,-0.0,3.8,-1.5,1.4,2.2,0.2,0.6,0.1,-1.1,1.2,0.7,1.0,-0.5,1.2,1.4,0.9,0.4,-0.1,-1.6,1.7,1.5,-1.3,-2.6,1.8,0.0,0.3,5.5,2.2,0.8,3.8,0.8,-1.1,1.5,4.7,3.2,3.1,3.2,4.1,2.7,0.7,2.0,4.5,0.8,1.7,2.1,2.0,0.7,3.8,1.1,0.4,2.8,3.0,1.0,-2.8,-1.9,-0.1,1.1,-0.4,4.0,2.1,5.6,-1.5,0.7,0.3,6.6,1.2,4.0,0.2,1.0,-2.3,-0.7,-1.2,-1.5,-0.8,-1.0,-4.5,2.1,-3.7,-1.6,3.7,8.0,2.9,2.0,1.0,-1.4,-2.2,-1.0,-1.3,2.0,-2.9,-1.7,-1.1,-0.9,-3.1,-2.1,-3.8,-1.7,-0.2,-6.7,-3.7,0.7,-0.4,-3.8,3.9,-10.6,-7.9,-0.9,-0.4,-0.9,0.0,-4.1,-2.9,-4.6,-1.1,-3.0,-3.9,5.2,-0.4,-2.2,-0.3,-2.1,-3.1,-3.5,-4.5,-2.5,-1.7,2.9,-1.9,-0.2,-0.4,-11.4,-6.1,2.7,-3.0,-2.3,-1.2,-3.5,-5.0,-3.1,0.6,-3.4,-4.0,0.9,-3.6,4.5,-2.7
2C7L515fvD,0,48.102069,11.623913,4441995.75,2777830.59,539.8,585.5,246,7271,3.8,0.66,0.49,32.63,348.96,-0.529,-0.103,0.842,-0.1,0.2,0.31,0.29,2.6,0.3,-0.3,-3.2,2.7,0.7,-1.8,-1.8,2.7,-5.0,0.1,1.5,-9.9,-0.4,1.4,0.4,-13.1,2.0,2.4,0.9,-0.5,-1.6,8.8,-5.7,-0.1,-0.0,6.1,3.2,5.9,3.3,2.9,2.2,1.5,12.4,0.1,0.4,1.6,1.8,-0.2,4.5,1.3,3.3,3.0,3.1,5.1,5.7,6.9,4.9,3.5,1.8,4.7,5.0,2.9,3.7,3.9,0.1,2.2,-1.2,1.7,0.6,1.1,-1.5,0.5,-1.9,-0.9,1.1,-3.1,-3.3,-0.2,-0.5,-4.8,2.6,1.0,0.8,0.8,-3.0,-1.4,1.5,-1.3,0.4,1.1,2.1,-1.3,0.1,-2.0,0.8,-0.1,1.6,-1.7,0.1,0.4,2.9,2.0,2.6,2.0,1.5,0.2,0.1,-0.7,0.4,1.4,4.8,2.9,3.2,4.0,3.0,6.7,1.2,3.7,3.2,2.1,5.6,-2.4,-3.0,2.1,1.0,-6.0,-1.8,-9.3,-4.1,-0.7,-4.4,-0.1,-0.6,-2.1,-4.4,-4.7,-0.6,-4.5,-3.4,-1.9,0.1,-0.5,3.5,0.1,-3.5,3.1,3.4,4.9,4.3,9.4,5.6,0.2,-3.7,1.5,-1.1,-4.0,0.0,-8.0,0.4,-4.0,-5.0,-3.6,-3.3,-6.1,-8.7,-1.4,2.8,-1.4,3.8,-1.4,-3.5,4.7,3.0,7.0,8.9,3.5,4.9,8.3,7.0,-5.2,4.9,1.2,-10.5,-1.8,0.3,4.6,9.7,4.9,-5.0,-7.1,10.9,6.8,0.5,-0.0,6.8,-3.1,12.2,8.3,-8.5,1.2,5.8,13.6,6.1,-1.0,3.7,1.2,-1.7,-0.6,6.8,2.8,0.0,2.4,2.4,-4.6,-2.0,-2.7,-4.8,-3.5,-8.9,-0.4
2C7L515fvf,0,48.102272,11.625497,4442113.21,2777855.79,537.3,583.0,246,7299,2.5,0.86,0.4,32.64,348.96,-0.529,-0.103,0.842,-0.6,0.1,0.24,0.19,0.9,0.2,-0.3,1.3,3.0,1.8,2.1,-0.3,-4.7,2.0,-0.4,-1.0,-3.6,0.1,-4.6,1.1,-0.5,0.5,1.5,-1.8,-1.0,-1.2,-1.0,-0.9,0.6,-1.3,-0.1,0.5,1.8,0.2,-3.7,-2.1,-1.4,-15.6,-4.5,-2.3,-1.7,1.0,-0.9,1.9,1.9,1.6,2.3,-0.2,-0.5,-0.8,0.8,1.2,-1.9,-1.3,2.7,-0.2,1.6,-2.2,-0.6,-2.9,-1.0,-1.7,-0.3,-1.4,-3.3,-2.8,-5.9,-2.4,-3.9,-9.7,-2.6,-7.6,-2.7,-3.1,-13.2,-4.5,-1.7,-7.6,-1.3,-6.1,-4.2,-3.4,-1.7,-0.9,-0.0,-2.0,-2.4,-2.3,-1.6,-2.0,-2.3,-2.0,-2.9,-0.9,-3.5,1.3,-1.9,-3.0,-3.6,-4.5,0.1,-4.3,-1.1,-1.9,-1.4,-2.0,0.0,-1.6,-1.5,-1.6,-1.5,-1.5,-0.6,-1.2,-0.9,-1.3,-0.4,-0.2,-0.9,0.9,-2.9,-0.3,-5.2,-8.2,-3.3,-5.2,1.2,-8.1,-2.0,-2.6,-4.9,-3.5,-0.4,-1.9,-0.7,-1.2,-4.9,-3.4,-0.4,-6.0,-1.6,-3.2,-2.7,-1.4,-9.4,0.9,1.4,-4.2,-4.0,0.8,-1.3,-1.5,-0.7,-5.6,-2.9,-4.6,-0.6,-3.7,-2.5,-1.8,-2.9,-3.5,-0.4,-0.3,1.5,-2.7,-2.4,-2.8,-1.7,-0.7,-3.8,-5.9,0.4,0.7,-6.0,-1.9,-1.2,0.4,-6.2,-8.5,-1.0,-3.6,-6.4,-3.8,-2.5,-11.5,-4.3,-1.7,-2.2,-4.3,-6.8,-3.2,-1.7,-2.1,-4.0,0.5,-5.6,-3.4,-4.8,-3.6,-0.2,-2.6,-2.3,-3.5,-3.5,-4.2,-3.2,-4.8,-4.1,-0.7,-2.6,-4.0,-5.8,-7.6,-5.1
2C7L515fvq,0,48.102353,11.626124,4442159.75,2777865.77,539.2,584.9,246,7310,4.6,0.56,0.51,32.64,348.96,-0.529,-0.103,0.842,-1.9,0.2,1.2,0.36,0.9,0.3,-0.3,-1.4,-5.5,-2.8,-3.7,-0.0,-4.2,-11.7,1.4,9.5,-2.6,-0.0,-10.6,-1.7,-15.8,1.2,-2.1,5.7,2.6,5.0,1.1,1.2,3.7,2.6,-2.0,-14.1,-7.0,-2.1,-3.3,-15.8,0.1,-11.9,-1.8,-1.6,1.5,0.1,-2.6,-1.8,-0.8,-2.7,2.8,-10.8,5.3,-7.4,-13.9,-3.1,-14.5,-3.4,-7.7,-9.0,-5.1,-6.9,-7.8,-10.4,-7.1,-6.7,-2.9,-6.3,-2.2,-5.2,-4.4,-6.0,-2.9,-3.4,-4.3,-6.7,-0.9,-5.4,-8.7,-5.2,-10.3,-9.1,-10.5,-5.1,-11.5,-11.5,-9.8,-15.2,-13.4,-13.5,-12.4,-12.0,-11.0,-10.6,-12.3,-10.8,-16.1,-0.5,-10.5,-13.4,-2.9,-2.7,-14.3,-8.2,1.3,-4.2,-11.5,-9.8,-4.2,-0.7,-14.3,-12.6,-13.1,-11.9,-10.0,-10.1,-4.1,-6.2,-11.9,-11.7,-12.5,-10.4,-11.9,-11.3,-12.6,-9.7,-10.1,-13.9,-8.3,-11.1,-10.7,-10.2,-12.1,-11.1,-14.1,-12.2,-5.7,-9.0,-9.2,-16.6,-11.3,-15.0,-10.5,-12.5,4.2,6.4,-11.7,-0.8,-13.4,-4.6,-7.8,-12.3,-12.9,-14.0,-5.9,-12.6,-10.6,-4.9,-11.4,-11.5,-10.1,-10.1,-7.8,-5.4,-10.3,-12.0,-9.6,-12.9,-12.7,-9.8,-13.2,-7.1,-10.6,-4.5,-16.4,-15.9,-2.8,-10.0,-0.4,-7.6,-7.3,-12.6,-14.7,-13.3,-11.2,-11.2,-8.4,-9.3,-9.9,-14.3,-10.6,-9.1,-10.8,-10.5,-9.5,-11.2,-12.2,-11.2,-12.7,-15.0,-16.7,-14.8,-13.5,-10.5,-12.0,-14.7,-11.7,3.4,-24.0,-4.3,-17.8,-8.4,-13.2,-12.1,-12.2,-13.3,-23.7,-11.8,-12.2
2C7L515fvv,0,48.102396,11.626463,4442184.91,2777871.16,541.5,587.2,246,7315,3.0,0.79,0.45,32.64,348.96,-0.529,-0.103,0.842,0.0,0.2,-0.26,0.24,1.1,0.2,-0.3,0.2,1.3,-7.0,0.6,2.1,4.7,-0.9,-1.6,0.1,-4.3,1.5,2.7,0.7,-1.5,0.7,-1.8,-1.5,-7.2,2.6,3.1,-1.2,1.2,-1.8,-0.1,2.1,3.3,5.6,0.0,-0.6,-1.9,-7.8,-3.4,-2.5,-1.3,-0.1,0.6,2.8,3.5,4.9,-1.6,4.2,2.0,0.0,-1.6,-4.0,-4.7,0.7,-3.4,-2.2,-0.4,1.1,-2.0,0.2,0.1,-1.4,2.9,-0.7,1.0,-0.3,2.2,-1.8,-6.2,-0.4,-0.4,-9.4,0.8,-0.3,-1.6,-4.6,-4.7,-5.3,-3.7,-3.6,-0.4,-3.4,-1.5,-0.5,-1.3,-2.0,1.3,0.3,-1.7,-6.0,-9.5,-0.0,3.2,1.9,-1.6,-0.6,-0.3,-2.6,-4.1,1.4,-0.0,-1.4,3.7,1.4,3.9,1.2,3.8,-0.9,-0.7,2.3,1.7,-1.4,0.1,-1.3,1.1,0.6,-1.7,0.1,0.2,6.1,5.5,-0.2,-2.7,-2.0,-4.3,-4.1,-1.2,1.2,-2.6,-3.2,-0.5,-3.6,-0.7,3.2,4.8,9.4,-0.5,-0.4,-5.7,5.0,1.3,0.8,4.4,-0.2,-5.7,3.0,2.0,14.7,1.3,-3.6,-1.1,1.9,-1.7,-0.6,-1.8,-0.7,1.1,1.7,-1.5,-0.9,-2.1,-3.3,-0.1,-0.9,-0.5,2.7,-1.4,-1.5,1.8,2.2,-1.2,11.1,3.5,-2.9,-1.3,3.0,0.2,-2.9,-2.4,-1.0,-1.4,-1.2,4.1,1.2,3.1,5.8,-5.3,-2.8,0.1,-5.4,-0.3,0.1,-0.4,3.4,1.6,2.0,1.0,-2.5,1.2,-1.4,-1.1,-2.6,1.5,1.0,3.2,-1.5,-4.0,-1.3,2.8,-4.2,-2.2,-5.5,-3.3,1.0,-6.4
2C7L515fvw,0,48.102421,11.626658,4442199.38,2777874.25,548.2,593.9,246,7316,2.7,0.85,0.44,32.64,348.96,-0.529,-0.103,0.842,-0.6,0.1,0.28,0.2,0.4,0.2,-0.3,0.8,0.1,-0.1,1.4,3.3,3.4,-0.0,-1.6,0.6,-2.6,4.9,0.4,-0.7,1.0,0.6,1.4,-0.4,-1.3,0.4,1.3,-1.3,1.0,0.8,0.8,2.3,3.4,2.6,-0.3,-0.6,-2.8,-12.8,-4.8,-2.2,-2.1,-1.0,-0.7,0.7,0.5,3.1,-1.2,1.5,1.0,0.2,-0.5,0.1,0.6,0.7,-0.9,-0.4,1.4,1.1,0.3,2.3,-0.1,0.6,-1.4,0.7,-0.8,-0.6,0.6,0.0,-2.5,-1.0,-0.5,-11.9,-0.8,-1.7,-3.1,-3.5,-2.7,0.2,0.6,-0.4,2.8,-2.1,1.6,-0.8,0.8,0.9,0.8,-2.0,1.1,-1.3,-5.1,0.7,0.8,1.3,-0.2,1.7,-0.1,-1.6,0.0,3.2,1.8,-0.2,1.7,3.0,2.7,2.3,-0.4,-0.1,-0.7,2.8,1.7,-0.8,1.9,-2.7,0.6,0.9,-1.2,0.1,0.4,3.1,2.2,1.8,-1.2,-5.7,-4.9,-7.4,-2.3,1.4,-1.4,-1.3,-3.0,0.9,-0.3,-3.1,-1.0,-6.8,-2.9,-1.1,3.0,4.1,-1.7,-0.4,-2.4,-1.5,-5.8,-1.9,0.7,-6.6,-3.1,-1.8,-2.1,-1.3,-2.9,-1.8,0.9,-2.1,-3.4,-1.8,-4.2,-3.2,-1.2,-1.7,-2.1,-2.6,-0.3,-1.8,-12.4,-3.7,-3.7,-3.8,-5.6,0.2,-0.0,-1.8,-2.2,2.7,1.8,-2.9,-3.9,-7.8,-11.4,-2.3,-2.1,-4.5,0.1,4.9,-1.7,-4.7,0.3,1.9,-3.2,1.5,-2.2,-7.1,0.8,1.4,-5.9,-4.8,-5.3,3.4,-2.3,1.6,-2.7,1.2,-0.4,-1.5,-1.1,-3.5,-1.7,-0.3,-0.7,-3.6,-3.0,0.3,-4.6
2C7L515fwP,0,48.102638,11.628347,4442324.65,2777901.12,549.1,594.8,246,7345,1.5,0.94,0.23,32.65,348.96,-0.53,-0.103,0.842,-0.4,0.1,-0.07,0.12,0.6,0.1,-0.3,1.6,-0.6,0.4,1.0,-0.2,-3.9,-0.2,-0.7,-0.4,-1.3,0.6,2.4,1.3,1.3,0.3,-0.4,1.7,0.2,1.0,0.3,-0.1,-0.7,1.0,1.3,1.8,2.2,2.1,1.2,2.4,0.2,-4.8,-3.6,-1.9,-0.8,-0.5,0.1,1.2,1.8,3.9,3.4,2.6,3.2,0.9,-0.0,1.1,0.3,-0.8,1.3,-0.5,0.9,2.0,0.3,0.2,1.7,0.1,0.9,1.0,0.2,1.7,1.0,0.2,-0.8,1.0,-0.7,-0.7,-0.5,-0.1,-0.7,-2.1,-0.7,-0.0,1.8,-1.9,0.2,-0.4,-1.4,-0.8,0.3,1.0,1.0,2.6,-1.2,-0.1,0.7,-0.5,0.7,-0.3,0.1,1.5,0.2,0.3,1.2,-0.4,1.3,-0.6,1.4,1.5,2.4,0.5,1.0,-0.2,0.2,1.1,1.7,-0.5,1.5,1.1,1.3,0.9,0.8,1.3,2.1,-0.1,1.1,-0.8,-1.6,-4.6,-0.7,-0.9,-1.0,-0.6,-3.5,-0.3,-1.6,-0.5,0.2,-0.6,0.3,0.1,-1.0,-0.6,1.8,0.9,2.3,-1.9,-1.2,0.3,-3.1,3.3,2.0,-1.2,0.2,-0.0,0.2,1.2,-0.1,-3.7,-0.5,-0.9,-1.1,-0.9,-2.0,-0.2,-0.6,0.2,0.3,-0.9,-0.0,1.6,0.5,0.1,-1.4,0.1,-2.2,-0.4,2.8,-0.0,-2.2,1.2,1.2,0.0,-0.1,-3.3,-2.9,-3.9,-0.4,-0.4,0.3,-11.9,-0.6,-0.3,-1.7,-1.7,-1.6,-1.8,-4.1,-0.5,-1.3,1.3,-2.6,-3.0,-2.0,-3.5,-1.0,1.0,-0.4,-0.9,0.1,-0.7,-2.2,0.6,-0.8,-0.6,0.0,-0.4,-0.1,-2.6,-1.4
2C7L515fx9,0,48.10293,11.630619,4442493.22,2777937.31,532.5,578.2,246,7391,3.5,0.69,0.55,32.66,348.96,-0.53,-0.103,0.842,-0.7,0.2,-0.19,0.27,3.1,0.2,-0.3,-0.7,1.6,-0.3,-0.2,-1.8,-4.1,-0.2,-1.4,0.0,-0.7,-0.1,-3.8,-0.1,-0.4,0.1,-0.7,-2.3,-7.0,-2.7,-3.7,-5.3,-3.9,-3.1,-6.1,0.1,-4.6,-1.9,-4.6,-5.9,-7.6,-3.6,-12.8,-10.3,-7.0,-6.0,-13.7,-6.4,-6.9,-1.3,-6.7,-5.3,-4.2,-4.8,6.5,-1.1,-3.6,-1.7,-4.0,-1.3,-2.3,0.6,-1.1,-0.5,-1.3,-1.1,-0.2,-1.7,-1.0,-0.8,-1.1,-0.1,-1.3,2.0,-0.4,-3.4,-2.4,-0.2,-1.0,-0.8,-1.6,-2.6,-0.8,-3.2,-2.0,-1.6,-3.1,-1.5,-2.6,-4.2,-1.7,-6.4,-2.0,-8.8,-4.4,-3.8,-5.2,-5.0,-13.0,-4.3,-10.0,-9.0,-13.3,-5.3,-8.5,-7.7,-4.5,-14.6,12.4,-5.9,-6.4,0.2,-8.6,-11.2,-5.6,-5.1,-4.6,-2.9,-4.3,-1.7,-2.5,-2.3,-0.7,-3.0,-1.6,-1.1,-1.7,-2.9,-2.7,0.1,-1.0,-1.4,-1.0,-0.7,-0.5,-0.9,-0.4,-2.7,-2.4,-2.5,-13.5,-7.5,-9.0,-5.0,-5.8,-9.2,-8.7,-7.4,-8.7,-0.2,11.3,-5.0,-0.5,-5.3,1.3,-1.6,-1.8,-4.2,-2.7,-1.0,-0.9,-2.0,-4.0,-1.0,-2.3,-0.4,-3.9,-3.3,-4.6,-5.3,-7.8,-8.3,-12.3,-10.3,-13.1,-10.4,-2.4,-2.1,-14.8,-2.5,-5.2,-6.5,-6.9,-7.5,-8.3,-7.9,-3.2,-3.3,-1.4,-11.1,-2.7,-1.3,-4.0,-4.0,-4.9,-5.0,-7.1,-4.6,-8.1,4.1,-13.6,-18.0,8.5,-13.4,-13.8,-11.7,-7.6,-1.2,-9.4,-11.2,-8.9,-4.7,-5.4,-6.6,-3.5,-2.6,-3.4,-1.4,-2.4
2C7L515fxA,0,48.102955,11.630811,4442507.5,2777940.36,539.1,584.8,246,7392,2.5,0.85,0.54,32.66,348.96,-0.53,-0.103,0.842,-0.2,0.1,-0.4,0.19,0.8,0.2,-0.3,-0.3,-0.8,-0.3,-0.4,-0.5,1.6,-0.0,-0.5,0.1,-1.4,-0.9,2.0,-1.5,-2.1,-1.0,-1.0,-1.2,-4.5,-3.2,-4.0,0.4,2.3,-0.5,1.9,-0.5,-0.8,0.9,4.3,2.0,-5.9,-5.2,-5.8,-4.2,-6.9,-3.6,-2.6,-1.1,-3.6,2.0,-5.9,2.0,1.1,-4.4,1.9,-0.1,-0.5,0.2,-0.4,0.2,0.2,0.9,0.5,1.3,-0.5,-1.1,-0.6,-0.9,-0.6,0.5,-1.2,-0.3,-1.1,-0.9,-1.2,1.0,-0.2,-0.8,-0.3,-1.5,-1.5,-1.7,-1.5,-0.8,-1.0,-2.7,-1.7,-2.9,-2.4,-0.8,-2.5,-1.8,-1.4,0.3,0.6,0.6,-6.4,0.9,-14.1,-2.9,-0.8,-7.9,-0.9,-3.7,0.5,1.2,-0.2,0.9,8.4,-1.0,-3.8,0.2,-1.8,-1.2,2.0,-2.6,-0.0,0.3,1.3,-0.4,-0.7,-2.1,-0.6,-2.3,-0.8,-0.9,-0.6,-0.4,-1.6,0.1,-1.3,-1.2,-1.0,-0.6,-1.5,-2.8,0.4,2.0,-1.3,-1.9,-0.5,-0.4,2.0,5.1,-3.5,-3.3,-4.5,-2.3,-5.9,-0.3,1.7,6.7,-0.3,-0.9,-0.8,0.5,-0.2,-1.9,0.8,0.5,1.1,-0.5,-1.0,-1.9,-0.8,-0.4,-0.8,1.1,0.4,1.7,2.6,-2.8,4.6,-1.7,-5.8,-3.3,3.1,-0.8,-9.4,-1.6,-1.9,-3.9,-4.6,-3.5,0.5,1.1,-1.1,-1.5,-1.4,-2.6,0.9,-0.7,-0.3,-0.1,-0.4,-0.2,0.1,-0.7,2.6,-2.0,-7.3,-6.3,-0.4,-5.0,-4.6,-7.2,-8.2,-2.2,-5.4,2.2,-7.7,0.8,-0.3,-3.1,-2.4,0.0,-0.4,-2.6,-3.3
2C7L515fxF,0,48.103008,11.631229,4442538.5,2777947.0,544.7,590.4,246,7397,1.8,0.9,0.29,32.66,348.96,-0.53,-0.103,0.842,-0.9,0.1,-0.04,0.14,1.3,0.1,-0.3,-0.5,-1.1,0.1,-1.0,-0.1,1.3,0.8,1.4,1.7,0.3,2.0,0.1,2.0,1.8,2.6,1.6,0.8,-2.6,-3.6,-3.3,-3.6,-2.7,-3.6,0.3,0.7,0.5,-2.0,-0.3,1.7,-1.7,-4.3,-6.6,-4.1,-1.7,-4.1,-2.9,1.0,-0.2,0.8,-0.2,-0.9,0.8,-1.8,-1.3,-0.9,-1.0,-3.9,-2.0,-0.9,-1.6,-1.2,0.2,2.4,2.8,-1.5,1.1,-1.1,0.7,0.5,0.8,-0.1,1.1,3.2,0.6,-1.2,2.8,1.0,-5.2,1.7,2.7,5.3,1.9,1.1,3.1,1.8,2.7,1.0,0.9,1.8,-0.2,0.2,-0.2,-2.5,-1.8,-2.8,-2.7,-1.7,0.6,-4.8,-0.7,-1.2,-2.4,-5.0,-3.3,-1.4,-2.1,-2.6,-1.2,-2.6,-3.8,-2.9,-1.0,-2.2,-1.0,-1.4,-0.9,-2.6,-1.6,-0.7,-1.5,-0.5,-0.9,-1.5,-1.6,-2.5,-1.4,-5.1,-1.8,-3.7,-3.1,-2.9,-2.1,-2.4,-1.8,0.4,2.2,-4.4,-0.2,-1.4,-2.1,-2.3,-2.0,-3.9,-2.4,-4.4,-4.0,-5.0,-8.8,-3.8,-0.5,-4.4,-4.4,-4.5,-3.5,-3.0,-3.0,2.7,0.8,-3.0,-4.1,-0.6,-2.1,-1.6,-0.8,-2.3,-2.3,-5.0,-3.7,-6.8,-1.4,-2.5,-2.5,-3.5,-6.0,-3.6,-0.3,-2.2,-5.4,-2.5,-4.0,-3.8,-5.8,-7.1,-2.0,-5.6,-6.2,-3.8,-2.3,-4.7,-1.7,-2.1,-0.7,-1.8,-2.4,-2.5,-2.1,-2.2,-2.9,-1.5,-6.6,-7.1,-2.0,-4.4,-3.1,-4.1,-4.1,-5.4,-4.3,-5.5,-4.1,-6.9,-5.0,-3.7,-2.6,-2.0,-4.5,-4.1,-4.3
2C7L515fxP,0,48.10306,11.631631,4442568.33,2777953.41,536.6,582.2,246,7407,4.2,0.64,0.44,32.67,348.96,-0.53,-0.103,0.842,-0.7,0.2,0.12,0.32,1.9,0.3,-0.3,-0.5,-1.3,-1.2,-0.0,10.2,0.0,-0.5,-1.7,0.9,4.1,3.1,-1.8,8.8,2.4,3.4,-3.5,-1.3,0.1,0.7,0.2,0.2,0.7,-0.1,3.2,0.4,0.6,3.3,1.2,5.6,-1.4,1.1,-2.3,1.9,1.8,3.1,-0.5,7.6,3.7,1.8,4.7,1.1,5.9,2.1,4.0,5.2,6.5,-1.3,-0.2,5.7,4.2,2.5,1.2,-2.2,-1.0,-4.0,-1.4,0.7,0.5,1.7,0.4,0.9,0.9,-0.5,-1.2,-1.8,-1.5,-6.6,-4.4,-1.9,2.3,-4.0,8.4,-3.5,-8.3,1.8,3.1,-0.1,-0.6,2.4,4.1,-6.9,-9.4,10.6,6.1,9.4,-8.2,6.1,13.1,7.1,-4.2,6.6,-4.1,17.4,5.1,7.1,11.0,-5.2,5.7,6.7,2.9,3.2,2.4,1.7,6.9,3.8,0.3,2.4,-1.0,4.2,1.6,0.6,-2.1,-0.9,-3.0,-0.6,-5.9,-4.0,-6.2,-7.3,-5.0,-4.6,-7.3,-2.4,0.5,1.5,1.2,-0.1,3.4,2.7,0.7,1.1,-0.8,0.6,-6.1,3.6,-3.1,-0.5,-4.1,4.8,3.2,1.8,-4.7,-3.3,-1.8,1.8,-0.5,-2.2,-1.0,-1.0,1.1,0.5,-1.0,0.3,-1.3,-1.9,0.4,0.4,2.8,0.9,2.1,-0.9,1.7,-0.6,-2.6,-1.9,-3.1,-5.5,-3.1,-1.8,-0.6,-0.0,-1.1,0.2,11.2,-4.2,-9.4,-8.8,-13.7,6.9,-4.3,11.3,0.1,0.1,-5.6,-2.4,2.8,-5.9,0.8,2.5,-2.9,-6.9,3.3,3.1,1.9,2.7,-0.1,0.3,4.0,1.6,5.5,8.6,-12.2,-4.9,-3.3,-2.4,-7.3,-1.9,-3.8
2C7L515fxn,0,48.103228,11.632936,4442665.08,2777974.17,535.1,580.8,246,7431,1.6,0.92,0.3,32.67,348.96,-0.53,-0.103,0.842,-0.5,0.1,-0.04,0.13,1.1,0.1,-0.3,0.0,-1.1,-0.8,-0.5,-0.8,-0.1,0.3,-1.2,-0.6,1.5,-0.2,0.9,0.3,-2.0,-1.4,-1.8,-2.2,-2.9,-4.5,-3.3,-3.9,-3.6,-1.0,-3.1,-3.7,-3.4,-1.0,0.4,1.2,-3.7,2.1,-3.4,-6.2,-4.6,-1.9,-1.8,-0.5,-0.2,-2.4,0.9,-1.1,0.8,-1.6,-1.1,0.6,-2.9,-1.2,-2.2,-2.5,-0.8,-1.9,0.2,-0.6,0.2,-1.7,-2.9,-1.1,0.4,-0.8,-2.9,-2.5,-2.1,1.3,-2.0,0.1,-0.1,-2.7,-1.1,-3.2,-0.7,-0.8,-1.8,-0.6,-1.8,-2.3,-3.4,-3.1,-4.6,-3.3,-2.5,-1.1,-0.8,-3.2,-3.7,-2.6,-3.9,-2.9,-3.2,-4.2,-2.6,-1.5,-5.5,-2.8,-7.4,-4.0,-2.2,-1.2,-1.4,-0.7,-3.7,-2.9,0.4,-0.6,0.7,-0.4,-0.5,-1.6,-0.7,-1.2,-0.5,-2.0,-2.1,-1.0,-1.3,-1.2,-1.4,-2.3,-1.1,-2.2,-2.9,0.3,-1.9,-2.3,-2.7,-1.4,-1.2,-1.5,-3.1,0.0,-6.0,-3.7,-2.9,0.7,-2.9,-4.7,-3.3,-1.1,-4.7,-0.9,2.7,-0.4,-1.7,-4.1,-2.5,-2.0,-1.8,-1.4,-2.2,-1.9,-1.9,-2.5,-1.7,-2.3,-3.3,-2.9,-1.6,-3.4,-0.7,-1.4,-1.9,-4.0,-7.3,-2.9,-6.4,-6.6,0.6,-5.9,-4.1,-1.9,-2.2,-4.0,-5.8,-2.4,-1.7,-2.2,-0.9,-1.5,-0.9,5.9,-1.9,-1.8,-2.5,-3.3,-3.8,-3.9,-4.5,-3.4,-2.1,-7.6,-5.8,-3.9,-2.7,-4.3,-2.1,-3.1,-3.9,-6.1,-7.3,-4.7,-2.9,-3.3,-2.9,-4.8,-4.0,0.9,-2.1,-1.6,-3.2
2C7L515wxX,0,48.101765,11.621405,4441809.64,2777792.74,539.4,585.1,247,7227,4.4,0.59,0.49,32.59,348.92,-0.529,-0.104,0.843,-1.8,0.2,-1.43,0.34,1.5,0.3,-0.3,-8.2,-0.1,-1.8,-6.1,-4.6,-0.2,-3.4,-6.4,-0.3,7.9,-2.2,0.5,-0.7,4.6,5.6,8.2,3.6,0.3,3.6,0.2,5.5,-0.6,1.9,-3.0,-4.1,7.2,2.8,11.3,-1.9,10.8,-6.8,-11.5,-8.8,-4.5,9.9,-1.9,-0.7,-2.5,6.1,1.8,6.0,-2.0,1.8,2.8,-3.6,1.7,0.2,-1.2,0.7,-2.0,0.1,-2.1,-0.6,0.8,2.8,7.7,1.4,3.8,4.1,3.7,5.6,1.8,5.8,3.4,0.1,5.1,3.1,1.7,7.9,2.8,4.8,4.9,3.7,2.9,2.1,3.0,1.0,3.5,3.8,4.4,-1.5,-10.0,1.6,-5.5,-6.4,-3.7,5.8,3.9,-15.8,6.3,5.8,6.3,-2.7,0.4,2.0,2.9,2.5,2.3,4.1,1.6,0.1,2.9,0.7,2.8,2.4,-0.0,2.3,-2.6,-4.1,1.0,0.8,1.1,0.7,0.9,0.4,-0.8,-2.8,0.6,3.3,-1.5,3.0,1.0,3.2,-0.2,0.2,-0.6,4.5,2.7,1.5,-6.1,1.3,-4.2,-2.0,-6.5,-1.0,-3.5,-4.6,-3.0,-0.2,1.4,-10.8,4.9,9.5,3.6,2.1,-1.1,-1.2,-1.7,-0.3,-1.7,-3.3,-2.8,-1.2,-1.2,0.1,-0.8,-0.9,-8.1,-4.8,4.5,-15.3,-13.9,-0.6,4.6,-8.8,-1.5,-16.9,-6.9,-2.1,-3.2,1.0,-0.2,-9.2,1.7,-5.6,-10.1,-8.1,-2.4,6.6,-3.1,-4.7,-3.3,-5.6,-3.3,-2.9,-8.0,-5.1,-4.3,-17.6,1.5,-11.9,-17.6,-14.5,-6.0,-13.7,-8.2,-16.8,-7.8,-8.6,-9.8,-4.2,-0.2,-5.1,-6.7,-4.1,-6.4,-7.4,-3.5
2C7L515wxi,0,48.101843,11.622013,4441854.75,2777802.42,538.8,584.5,247,7238,3.9,0.7,0.45,32.59,348.92,-0.529,-0.104,0.843,-0.4,0.2,0.12,0.3,0.9,0.3,-0.3,5.8,-1.1,-1.2,0.5,-0.5,-2.2,-2.9,1.8,1.9,-2.8,-1.2,3.0,3.4,3.0,3.4,1.4,-0.9,-2.4,-1.4,-1.9,0.9,5.0,3.2,2.7,3.3,6.5,2.7,1.4,0.1,-2.5,10.1,-4.6,-2.5,-5.4,-2.0,-4.1,0.6,1.6,-1.1,-0.8,0.8,-1.1,-3.4,-1.7,-0.4,-0.1,-0.3,1.5,-3.9,2.1,4.3,-1.9,-0.2,-1.6,-0.3,-1.9,-14.0,0.3,0.2,2.8,-2.3,-0.5,0.7,-0.8,0.9,2.5,5.7,2.4,-1.7,1.8,3.7,1.8,-1.7,3.1,-0.8,3.6,0.0,1.7,1.6,0.8,0.4,4.3,-1.5,3.6,2.1,-0.2,-6.8,1.2,-3.4,1.7,-5.1,-2.7,-3.4,-10.5,-9.6,0.4,8.2,-7.7,11.5,-10.4,2.5,-1.4,0.6,0.8,2.8,7.7,-0.0,-5.3,0.4,-2.7,0.2,-2.2,0.2,-0.6,1.4,0.3,1.1,6.3,-0.1,-2.9,-3.4,-1.5,-1.3,-2.1,1.0,4.1,0.3,3.2,-1.5,0.9,0.3,12.4,-2.9,0.5,-11.6,-9.8,1.1,-6.2,0.2,2.5,2.9,-0.1,-9.4,-1.7,1.1,0.1,3.9,4.3,6.7,-10.8,0.5,-1.6,-1.9,0.9,-5.4,0.1,-0.2,-12.3,-1.0,-0.8,5.7,-2.8,-12.7,1.6,-1.3,0.1,-2.6,-7.1,1.6,-3.7,-4.7,-4.3,-4.6,-1.9,-1.8,-0.9,-2.9,-3.5,-3.5,-3.0,-0.8,1.5,-3.9,-1.5,-0.4,-1.5,-2.8,-1.5,-3.0,9.2,4.2,2.4,2.9,-10.6,-7.0,1.9,0.8,-3.5,0.4,-4.7,1.7,-6.7,-1.3,-0.0,0.2,-3.4,-0.3,0.4
2C7L515wy7,0,48.102022,11.623402,4441957.75,2777824.51,536.7,582.4,247,7263,4.7,0.63,0.47,32.63,348.96,-0.529,-0.103,0.842,-0.3,0.2,0.24,0.36,1.6,0.3,-0.3,1.2,0.3,-0.4,0.3,-0.4,-1.5,3.4,0.3,2.1,1.9,2.7,1.5,2.5,0.9,3.7,4.8,5.7,1.8,2.6,3.8,3.5,3.6,-2.1,-0.6,7.1,5.5,3.0,1.9,1.5,-0.1,12.9,-1.7,-4.7,-5.9,-6.0,4.0,1.5,0.7,8.5,-1.2,3.0,-2.6,8.0,-0.0,4.7,-1.2,-3.9,-0.4,1.4,1.4,1.2,0.8,0.4,-0.2,-3.8,-7.6,-1.2,0.3,7.3,-5.3,-0.4,0.4,4.2,1.0,-7.2,-7.0,0.8,1.5,-2.5,-2.2,0.5,-2.6,-1.0,-0.4,-1.2,-4.0,-7.0,17.2,10.8,-1.2,1.1,3.4,0.3,-2.7,-3.3,-1.0,17.8,7.2,-5.7,-1.5,-2.6,-1.3,-3.6,3.6,-4.7,-6.4,-2.3,0.6,-8.1,9.6,2.0,3.6,5.4,6.9,0.6,2.2,1.8,1.1,-3.8,4.4,5.6,0.6,-1.2,-2.0,-1.5,-1.1,-3.7,-6.6,1.6,15.3,-4.8,-0.2,15.9,-0.3,2.7,-2.6,0.2,1.9,3.6,16.6,3.9,0.0,3.3,2.5,-3.9,-7.1,-0.6,-6.2,6.9,-1.2,1.0,-1.3,-3.8,-6.8,-2.0,-4.6,-5.0,-3.8,0.2,2.9,-4.8,-2.2,-6.0,-2.9,-1.9,4.9,3.3,3.3,7.4,-0.7,-0.6,0.5,8.9,-4.1,-5.5,2.7,1.6,-7.8,3.4,7.1,0.1,-3.5,-5.5,-8.7,3.8,-0.8,-3.7,-1.1,1.8,-5.3,-3.6,-2.7,-2.3,2.1,-3.6,0.9,-5.6,0.3,3.8,3.1,3.0,6.2,1.1,-2.8,-0.4,12.3,13.0,-1.0,-1.8,-3.1,2.0,1.3,-2.4,2.3,0.8,-5.5,2.4,-12.0
2C7L515wz2,0,48.102449,11.626727,4442204.43,2777877.42,541.1,586.8,247,7320,4.6,0.62,0.48,32.64,348.96,-0.529,-0.103,0.842,-0.3,0.2,-0.37,0.35,0.8,0.3,-0.3,-0.1,-2.2,-2.3,-3.0,-1.1,-5.9,-1.6,5.9,1.2,7.5,4.8,2.3,-0.5,13.0,-0.5,-6.1,-4.1,-4.5,1.8,-1.5,2.1,1.2,-0.1,-4.1,-0.5,-6.5,5.9,-9.9,-5.2,-7.2,-15.6,-12.9,-9.0,-1.6,-0.4,-6.0,-0.8,0.3,-4.7,0.2,3.5,-3.0,-9.8,-7.4,2.6,2.8,5.8,-10.2,-7.1,0.7,-2.6,-4.0,-5.6,-1.7,-1.2,2.0,0.5,0.6,-1.2,0.4,0.4,2.1,-9.2,-1.7,1.6,3.7,0.2,-2.8,-5.0,-2.0,-2.0,-4.5,-5.8,-1.9,-2.4,-4.1,6.4,-0.7,-2.9,-8.2,-6.1,-2.1,-1.9,-1.0,-0.7,-0.7,-3.3,-7.6,-5.4,-1.6,-2.8,-5.8,-3.0,-2.3,-7.7,-5.7,-6.1,0.6,-0.9,-7.4,13.3,-2.6,-1.1,0.1,-2.5,-2.9,-3.3,-2.8,1.1,-1.7,-1.1,0.1,-1.2,-2.5,-1.1,-3.2,-2.7,-4.7,-3.9,0.8,-2.9,3.4,-5.2,-1.4,0.2,0.6,-0.6,-0.2,-0.0,-6.2,-3.8,1.7,6.7,-7.8,-4.6,-0.5,0.7,-4.2,2.2,0.6,-5.2,14.5,-0.6,2.5,0.2,-2.8,-6.0,-1.2,2.9,3.0,-3.7,2.1,-5.1,-1.8,5.4,-2.8,-2.1,-7.2,-0.9,-1.6,-6.6,-3.6,3.0,-5.9,3.3,11.8,-6.0,3.1,9.8,6.0,-0.4,-11.8,-2.7,-9.5,-7.7,-3.5,-3.7,-4.2,-3.7,-3.4,-4.4,-3.2,-5.9,-4.2,-7.3,-6.9,-6.0,-8.4,0.9,-8.5,-2.8,-5.0,-4.9,5.6,-7.1,-5.1,-6.0,-8.5,8.2,9.7,-12.6,6.3,-8.3,-1.7,-4.8,-2.9,-5.9,-4.3
2C7L515wz4,0,48.102464,11.626846,4442213.25,2777879.31,540.1,585.8,247,7322,2.7,0.84,0.37,32.65,348.96,-0.529,-0.103,0.842,-1.6,0.1,0.83,0.21,0.6,0.2,-0.3,-1.4,-2.6,-2.7,-3.8,-3.5,0.8,-1.1,2.0,1.4,0.5,2.2,1.6,1.4,0.0,1.3,0.6,-1.1,-3.8,-5.2,-2.5,-2.5,-3.4,-4.7,-5.2,-4.2,-2.7,-2.1,0.2,-1.5,-5.0,-14.1,-6.8,-4.2,-2.5,-3.9,-3.1,-1.1,-2.3,0.1,-1.1,-0.8,-3.0,-1.9,-3.0,-0.8,-2.3,-4.7,-3.9,-3.9,-2.7,-2.2,-1.4,-2.4,-1.9,-2.1,-4.7,-4.2,-2.1,-3.3,-4.2,-6.3,-5.5,-3.0,-4.6,-7.2,-3.2,-4.7,-5.4,-3.5,-4.4,-4.7,-4.3,-3.3,-1.8,-0.2,-2.1,-1.0,-2.1,-2.0,-9.2,-4.0,-6.6,-6.7,-3.2,-5.1,-5.6,-5.8,-6.3,-3.3,-5.7,-5.6,-6.8,-7.1,-6.8,-7.6,-5.9,-6.2,-4.0,-6.8,-4.2,-2.2,-3.1,-3.0,-3.6,-5.5,-2.5,-3.8,-3.6,-5.3,-3.5,-6.0,-7.2,-6.8,-1.6,-9.2,-6.5,-13.0,-6.6,-6.5,-5.3,-6.5,-7.6,-6.3,-8.5,-6.6,-6.0,-10.4,-9.7,-10.8,-7.3,-7.9,-7.3,-11.7,-8.5,-10.8,-9.3,-10.1,-14.9,-6.9,-5.7,-9.4,-8.3,-11.0,-8.6,-8.4,-9.1,-6.1,-6.9,-7.5,-6.1,-8.1,-9.5,-8.3,-8.5,-8.2,-6.3,-7.6,-8.3,-7.1,-7.5,-7.8,-5.2,-7.5,-10.3,-9.1,-3.8,-8.9,-7.9,-5.2,-4.5,-5.7,-9.7,-8.5,-10.9,-8.4,-6.9,-7.4,-6.1,-4.1,-5.7,-7.9,-6.1,-4.7,-6.8,-8.0,-3.2,-9.8,-6.5,-7.6,-17.2,0.2,-4.0,-21.0,-4.7,-23.3,-8.4,-8.9,-6.3,-10.5,-10.3,-8.1,-8.5,-8.8,-9.4,-9.3,-8.8,-8.0,-8.7
2C7L515wzX,0,48.102655,11.62833,4442323.35,2777902.94,533.8,579.5,247,7351,3.0,0.8,0.47,32.65,348.96,-0.53,-0.103,0.842,-1.0,0.1,0.43,0.23,0.8,0.2,-0.3,-0.1,0.4,0.7,-0.8,-0.1,-2.2,1.2,-0.4,3.1,-4.4,2.9,-0.5,3.3,1.3,2.5,1.4,1.1,-1.0,1.6,-0.1,2.8,1.8,-1.8,-0.2,3.8,1.7,4.5,-4.4,-1.7,0.8,-11.0,-3.2,0.6,-0.1,0.4,-0.6,3.1,0.1,4.8,0.4,4.2,5.4,1.7,-0.5,3.2,-1.1,-2.9,5.5,1.6,1.3,0.4,1.3,1.2,1.8,-0.3,-1.5,-3.4,-1.2,-2.2,-3.1,-0.5,-1.4,1.4,0.3,-1.7,-5.6,-4.3,-13.5,-0.5,-0.5,-4.6,1.1,-3.9,0.4,1.3,-1.0,-0.3,0.1,1.0,-1.1,1.8,1.2,-1.0,1.8,-2.5,-1.6,0.1,-1.1,0.8,1.8,0.9,-4.8,11.0,1.8,0.6,3.3,-3.6,2.3,-1.2,-4.1,-3.5,-1.0,-0.8,-2.3,-0.3,-2.1,-4.3,-4.5,-2.4,-4.0,-3.8,-3.3,-5.3,-2.8,-3.2,-3.4,-0.8,-3.9,-3.6,-4.3,5.9,-3.5,-2.4,0.9,1.8,-1.0,-4.0,0.7,2.8,-3.2,-2.4,-1.1,-6.9,-1.6,-2.4,-1.6,-2.1,-7.8,0.7,-2.1,-8.8,-6.2,-4.3,-6.2,-8.8,-8.2,1.4,-4.4,-5.9,0.1,-7.3,-10.1,-1.0,0.5,-2.4,-6.7,-4.9,-1.7,1.3,-5.7,-3.8,-3.0,-5.0,-8.1,0.8,-1.9,-1.3,-4.7,4.7,-2.0,-2.1,-5.0,1.0,-4.8,-4.8,-4.0,-3.6,-4.4,1.3,-7.8,-3.0,-7.3,3.8,-6.1,-4.0,0.7,-7.4,-1.3,-1.1,-7.1,-2.9,-3.5,-0.9,-3.0,-1.0,-2.7,-4.5,-4.5,-8.0,-6.5,-4.4,-6.6,-2.3,-4.9,-1.9,-3.5,-4.2,-1.4
2C7L515x0E,0,48.102995,11.630981,4442520.06,2777945.12,541.2,586.9,247,7394,1.2,0.96,0.16,32.66,348.96,-0.53,-0.103,0.842,-0.7,0.1,-0.27,0.09,0.2,0.1,-0.3,-0.0,-0.3,0.5,0.0,0.7,0.7,0.1,1.4,0.9,-0.1,-0.0,2.6,0.5,-0.8,-0.5,-0.3,0.3,-1.8,-0.8,-2.8,-1.9,-0.5,-0.3,-0.3,-0.3,-0.0,2.3,0.8,1.5,-0.9,-1.0,-4.5,-2.8,-2.4,1.1,-1.6,2.2,2.2,1.8,0.7,1.7,0.8,1.4,0.6,0.7,-0.4,-0.2,-1.5,0.6,1.1,1.0,0.5,1.0,-0.8,-0.6,-1.1,0.1,-0.4,1.0,-0.6,-0.4,-0.6,2.3,-0.1,0.6,-0.7,-1.1,0.0,-1.8,-1.3,-2.2,-0.9,-0.9,-0.9,-0.7,-0.7,-0.2,-1.2,-1.0,-0.3,-1.7,0.0,-0.8,0.2,0.4,-0.3,-0.1,0.8,-0.5,1.1,-0.2,-0.8,-1.1,-2.0,-0.9,0.9,0.4,1.5,0.6,-0.2,-0.7,0.5,-0.1,1.6,0.9,1.0,0.3,0.3,1.0,0.5,-1.7,0.4,-1.0,0.5,-0.1,-1.1,0.4,-1.2,0.7,-1.6,0.4,-0.0,0.3,0.0,0.3,-0.3,1.1,0.4,0.1,-3.0,-2.3,-2.5,0.4,0.0,-3.1,-1.3,-1.0,-4.0,1.5,-0.6,-0.5,-0.8,-1.7,-1.8,-1.4,-1.1,0.9,-0.2,-1.0,-1.7,-0.2,-1.9,-0.7,-1.2,-1.2,0.0,-0.8,-0.7,-0.2,0.1,-1.2,-3.1,-2.9,-4.0,-3.8,0.4,-2.9,-5.0,-0.7,-1.2,-2.1,-4.7,-3.4,-1.7,-1.8,-3.2,-2.8,-2.6,-6.7,-2.9,-2.3,-2.4,-2.2,-1.8,-1.3,-2.3,-2.1,-1.2,-2.5,-3.5,-3.9,-1.8,-1.9,-2.2,-1.4,-2.5,-4.4,-3.6,-2.5,-3.2,-3.5,-1.5,-3.5,-3.6,-0.5,-2.1,-2.7,-3.4
2C7L515x0V,0,48.103135,11.632068,4442600.7,2777962.41,547.6,593.3,247,7411,3.0,0.79,0.37,32.67,348.96,-0.53,-0.103,0.842,-0.8,0.1,-0.09,0.23,1.7,0.2,-0.3,-1.2,0.7,1.3,1.0,0.6,-2.3,-1.2,2.0,2.8,-9.7,2.7,1.0,2.0,1.1,4.8,5.5,5.6,4.6,4.2,3.2,-1.4,2.9,0.5,4.5,2.0,5.8,0.4,5.2,-0.6,2.7,4.5,-3.1,1.2,1.1,-0.2,1.9,3.4,4.4,5.3,3.3,-0.8,-0.6,-1.0,5.4,1.0,-0.9,2.0,-0.4,-2.1,-0.4,-1.8,-0.1,-1.6,-0.1,0.1,1.2,-0.8,-1.2,-0.5,-0.6,-1.2,1.4,-8.6,-2.9,-5.5,5.4,-4.4,-6.7,-2.6,-0.8,0.6,-0.2,-2.1,0.1,0.6,4.0,3.6,2.9,4.3,0.1,3.0,1.6,0.3,-0.4,-0.2,1.2,4.3,3.0,3.9,3.5,2.3,-2.6,-1.5,0.3,1.6,-1.5,-1.3,0.5,3.4,-1.2,-2.8,0.9,3.5,2.0,-0.1,2.3,1.9,1.0,-0.0,0.7,1.1,-0.7,-1.2,-1.1,-1.9,1.6,1.4,-1.6,-0.4,0.5,0.7,0.0,-2.0,0.2,3.1,5.8,-1.0,2.4,1.5,-2.5,1.6,4.2,-4.9,1.8,0.0,-6.6,4.7,0.9,0.5,0.1,1.9,-2.7,-2.5,-2.5,-2.2,-2.2,-4.9,-2.3,-2.1,0.2,-8.0,-4.1,-2.4,-2.4,-0.8,-1.5,-1.8,0.3,-1.0,-1.8,1.1,8.7,4.0,-0.5,3.8,-1.6,-1.4,-2.9,-5.3,3.8,3.1,0.8,-2.0,3.0,0.2,-15.8,-2.7,-1.5,6.3,-5.5,-4.4,-3.5,-3.1,-2.2,-5.7,-1.2,-3.3,-3.0,-0.7,-0.1,-8.5,-0.9,0.3,2.5,2.4,6.2,9.4,-5.0,-2.5,-6.1,-4.9,-5.5,-6.0,-4.1,-3.3,-5.9,-3.6,-2.2
2C7L515x0c,0,48.103169,11.632336,4442620.59,2777966.68,542.2,587.9,247,7418,2.6,0.8,0.37,32.67,348.96,-0.53,-0.103,0.842,-0.6,0.1,-0.2,0.2,2.0,0.2,-0.3,-2.5,-1.1,-0.2,-0.4,-0.6,4.0,-2.2,-2.7,-3.9,1.2,-1.5,4.8,-2.7,-1.6,-1.3,-2.9,-5.9,-5.6,-6.2,-4.6,0.8,-5.3,-4.2,-2.4,-4.2,-7.2,-2.0,4.5,-3.3,-5.9,-3.3,-12.0,-8.3,-7.1,-2.7,-8.7,0.7,-4.2,-0.9,-1.7,-2.3,1.5,-6.8,-6.6,1.8,-1.9,3.0,1.5,-1.8,2.6,0.8,0.0,0.4,-0.2,-0.8,1.6,2.2,-0.0,-1.0,-0.7,-0.5,2.5,-3.9,-5.1,-2.3,2.0,-5.2,-7.7,-0.6,-2.1,-1.6,-3.5,-3.3,-1.3,-3.5,-2.7,-1.9,-3.5,-0.9,-6.0,-2.3,-6.0,-2.2,-0.5,-3.9,-6.8,-4.0,-4.5,-3.0,-4.7,-4.8,-3.8,-6.3,-8.3,-0.9,-4.6,-2.7,-3.5,-2.0,-3.2,-0.1,-4.9,-0.9,-0.7,-5.4,1.4,-0.5,0.0,-1.4,0.7,-1.4,-2.4,-0.2,-0.8,-0.6,-1.3,-0.8,-0.3,0.7,-0.2,-4.3,-0.6,-2.3,-2.6,-3.5,-5.3,2.6,-5.9,-5.7,-5.3,-3.5,-2.6,-5.9,-7.7,-8.4,-9.4,-5.8,-6.6,-5.2,-1.0,1.2,-3.7,-4.2,-4.0,-0.4,0.7,-3.2,0.1,-4.7,-1.3,-4.5,0.3,-3.5,-1.3,-6.5,-2.3,-2.7,-3.4,-1.4,-7.7,-8.2,-7.0,-0.5,-7.1,-6.9,-4.0,-2.9,-7.3,-4.4,-5.4,-4.6,-10.1,4.9,2.3,-2.0,-0.8,-2.8,0.9,-12.1,-0.1,-1.3,-1.1,-3.0,-3.3,-2.4,-4.7,-3.4,-7.4,-4.8,-4.9,-5.4,-3.5,-2.9,-8.3,-4.2,-4.3,-5.7,-6.5,-6.3,-5.0,-11.7,-5.8,-4.8,-3.7,-3.7,-4.4,-3.3,-2.8
2C7L515x1c,0,48.10363,11.635929,4442887.1,2778023.85,545.3,591.0,247,7480,3.1,0.79,0.46,32.69,348.96,-0.53,-0.103,0.842,-0.1,0.2,0.19,0.24,0.6,0.2,-0.3,-0.4,-2.2,0.8,0.5,-0.4,-6.0,-1.9,1.5,0.1,2.7,0.6,-5.7,-0.2,3.7,-1.2,1.5,1.6,2.9,1.4,1.7,-1.5,4.4,-1.6,-3.1,1.5,3.9,3.4,-2.5,-0.9,-3.5,3.6,-4.6,-4.1,-3.0,-4.8,0.6,2.3,3.1,1.5,0.3,7.7,0.0,4.0,1.1,4.7,2.8,-1.3,2.5,0.9,0.0,-6.6,2.3,0.6,0.7,0.6,0.4,-3.0,3.7,0.0,1.1,-2.4,-0.4,-2.6,-0.5,0.4,2.7,-3.2,-5.2,2.0,-1.7,-1.5,-1.2,-2.2,-2.8,-3.5,-3.8,-0.9,-6.4,-5.6,-4.2,-5.9,-0.0,7.6,-0.3,-0.0,0.2,0.1,1.2,0.8,1.8,0.3,-4.7,-0.9,-7.3,10.4,-4.6,4.4,0.6,3.9,-2.8,-0.4,-0.0,2.2,-0.5,-2.2,-3.0,-2.6,-2.3,-2.2,-0.6,1.6,-3.2,-1.7,-1.5,-1.8,-3.0,-0.7,-2.9,-6.0,-2.3,0.3,0.7,-3.1,0.7,-0.1,0.7,-2.4,3.7,3.4,-9.2,11.9,6.5,-5.4,0.0,-5.9,-2.5,-1.6,0.7,-0.1,-1.1,-3.6,-3.9,-0.1,-0.9,0.7,-3.1,-1.4,1.5,2.7,3.0,-1.9,0.2,3.2,4.2,2.4,-1.0,-1.1,-1.8,4.2,2.5,-0.4,-7.0,-1.4,-3.9,1.9,-1.0,2.1,1.1,1.3,3.9,1.2,-1.8,-3.5,-5.1,-4.4,-3.9,1.7,0.5,-11.7,0.3,-0.1,0.4,-0.3,-2.4,-2.7,-0.5,2.0,2.3,-0.5,-2.7,-2.5,2.1,-0.2,1.1,0.4,0.4,2.4,-0.7,-3.0,-2.0,-0.4,-1.4,2.4,1.9,-4.2,1.0,-1.4,-3.8
2C7L515x1d,0,48.103631,11.635936,4442887.6,2778023.96,542.9,588.5,247,7481,3.3,0.77,0.45,32.69,348.96,-0.53,-0.103,0.842,0.1,0.2,-0.49,0.25,0.7,0.2,-0.3,-0.0,1.7,-1.6,1.2,1.4,-10.9,-1.5,-2.8,0.8,4.2,1.0,-5.1,-0.3,1.5,0.2,1.2,1.5,2.0,2.3,-2.0,-6.3,-7.6,-2.2,-2.5,1.8,2.4,1.3,1.2,1.6,-2.1,2.9,-5.0,-5.1,-6.7,-7.6,-1.2,1.3,-1.6,-2.6,-2.3,-9.8,2.0,-1.5,3.1,1.0,2.8,-1.4,-0.3,-1.1,2.8,-6.3,5.1,10.3,1.1,-0.1,2.3,1.2,2.9,14.5,-0.5,-9.0,-1.9,-1.9,-3.6,2.1,-2.2,-6.6,-6.9,-0.3,-3.1,0.1,2.5,-4.8,-4.4,-1.2,2.6,2.7,-2.1,-1.6,-0.8,-4.2,1.2,7.4,-1.8,1.2,1.2,-2.9,-1.1,-0.2,0.9,0.2,-3.5,-4.7,-8.7,-2.7,4.6,-2.7,-3.2,3.6,-9.0,-0.8,0.7,2.3,-2.4,-1.1,-1.6,-5.9,-4.0,-1.5,-0.9,2.1,-0.4,3.1,1.0,-1.4,-1.7,-2.4,2.7,-2.7,-3.7,-0.7,7.4,-2.1,3.8,2.8,4.0,-0.8,0.9,-2.4,0.3,0.2,-0.8,-3.3,-0.7,-1.8,-1.3,1.4,-0.9,2.3,1.6,-4.5,1.4,1.2,2.4,2.9,2.4,-0.2,5.3,4.3,4.7,-1.5,2.4,4.4,4.4,3.8,2.3,1.1,2.5,3.0,-1.2,1.0,-4.9,0.4,-1.2,-2.1,3.6,2.7,3.2,0.5,1.9,1.4,0.4,-1.3,-2.6,-3.1,-1.4,1.7,0.5,-10.5,1.3,1.5,-0.1,0.1,-2.2,-3.6,-0.7,0.1,2.3,-1.5,-2.8,-2.2,-1.8,-1.5,-0.6,1.2,-2.2,-1.0,-2.2,0.6,-2.1,-1.4,-0.4,-2.6,0.7,-2.1,0.2,-2.3,-0.3
2C7L515x0o,0,48.10326,11.632901,4442662.43,2777977.74,536.7,582.4,247,7430,3.7,0.73,0.43,32.67,348.96,-0.53,-0.103,0.842,-0.6,0.2,0.0,0.28,0.8,0.2,-0.3,5.0,-1.7,2.4,-0.1,-0.4,-0.7,0.0,0.0,-0.9,1.7,-0.4,-2.8,1.2,2.0,-5.2,-6.1,-1.4,2.1,-1.2,-9.9,-15.1,-8.1,2.9,-3.8,0.0,0.8,2.0,1.3,3.6,1.1,-0.8,-4.1,-9.9,-3.4,-2.7,-2.5,-1.8,-2.6,-3.8,-1.3,3.1,-0.3,-3.0,-0.3,-2.8,-2.6,1.5,0.1,2.0,0.8,2.2,2.2,1.2,-1.6,-6.4,-8.7,-3.5,0.3,-0.4,-1.1,-3.0,-4.6,-14.2,-1.7,2.9,-4.1,-0.4,1.4,-2.9,-1.7,2.0,-5.6,-1.8,-3.3,-0.9,2.2,1.3,0.2,-2.6,-3.2,0.2,-3.4,-5.6,4.8,-1.7,-3.2,-3.4,-9.2,-0.1,1.3,-0.1,-7.0,1.9,-7.1,-5.5,-4.5,-3.7,-0.8,-3.5,-2.8,2.3,1.1,-4.2,-2.0,-2.2,-0.1,-3.9,3.7,-1.3,4.0,-1.2,0.5,-4.4,-3.1,-1.2,-2.8,2.9,-3.1,-7.1,3.6,0.3,-0.4,2.3,-0.7,4.6,-5.6,-1.2,-7.1,-2.7,-5.8,-0.9,-4.9,-0.8,-4.0,-12.5,-4.0,-1.6,-4.2,-4.0,-2.3,-4.6,-4.5,-1.1,-5.3,0.6,7.8,-7.7,-3.8,-4.6,-5.2,-5.1,-1.1,0.7,3.1,-19.2,-13.1,-9.7,3.0,-7.5,-5.3,-3.0,-10.5,1.4,-5.7,-2.6,0.9,-6.0,-7.1,-7.2,-4.6,4.1,1.0,-4.9,-3.6,-1.7,-2.7,-2.4,-1.5,0.8,-0.5,0.4,1.9,1.0,-0.3,-0.5,-3.2,-1.5,-2.4,-4.2,-3.2,-6.2,-6.3,-4.7,-3.4,-1.3,-0.4,-2.6,-5.7,-3.3,-5.1,-1.9,-5.3,-12.3,-8.3,-4.4,-7.8,-5.0,-1.1
2C7L515x1C,0,48.103435,11.634265,4442763.62,2777999.44,536.9,582.6,247,7454,3.4,0.77,0.41,32.68,348.96,-0.53,-0.103,0.842,-0.5,0.2,0.13,0.26,0.3,0.2,-0.3,0.8,-0.5,1.1,-1.2,1.5,6.1,-1.1,-0.1,2.9,-5.7,-0.4,7.5,-0.0,-0.0,-1.2,0.1,0.5,1.2,-0.9,-1.1,-1.9,-3.1,-1.9,-3.8,-2.8,-0.6,-1.3,-12.3,-3.2,-2.7,6.7,-5.8,-5.6,-4.7,-4.5,-0.5,0.7,-3.3,-0.8,-1.8,0.7,0.9,1.2,-2.2,-4.3,-3.0,-6.7,-4.4,-6.5,-2.0,-3.7,-5.6,-3.6,-4.6,-5.9,-5.6,-5.4,-1.3,-3.5,-3.1,-1.5,-8.5,9.2,-4.9,7.2,-2.3,-3.4,-3.3,3.5,-3.9,-3.2,-0.4,1.1,-2.9,-2.9,-3.6,-4.1,-2.3,-3.2,-3.0,-5.6,-4.2,-3.4,-2.6,-0.5,-1.8,-0.2,-1.1,-0.9,-4.3,-3.9,-10.7,-8.7,-5.4,-0.3,-5.4,9.1,1.6,4.6,-6.4,-1.9,-2.3,-3.2,-0.4,-3.0,-2.3,-3.2,-1.6,-2.4,-1.8,-3.5,-4.7,-0.4,0.6,-2.5,1.3,-2.1,-1.4,-0.7,-4.5,-4.0,-2.0,-1.4,-5.3,-5.7,-2.3,-0.5,-0.7,-3.4,-3.1,-2.8,0.6,10.2,-4.0,-4.1,-5.7,-2.2,-3.1,-2.1,-1.1,5.1,-5.5,-3.8,-4.8,-2.3,-1.9,-1.5,-2.2,-0.5,-4.2,-8.7,-5.0,-3.3,-4.9,-2.9,-2.9,-5.4,-2.2,-3.7,-0.7,-6.9,-10.0,-2.5,-9.4,-6.3,6.1,3.2,-3.5,-0.0,0.4,-2.7,-5.2,-4.9,-12.2,1.4,2.5,0.3,-0.7,-12.8,-0.8,-2.8,-1.8,-3.0,-2.0,-2.5,-3.6,-3.4,-5.4,-3.0,-4.5,-6.6,-7.5,-5.0,-0.6,-7.3,3.6,-3.4,-4.6,-1.9,-6.6,-3.4,-6.8,-2.2,-2.9,-2.9,-4.5,-4.8,-4.2
2C7L515x1I,0,48.103477,11.634587,4442787.52,2778004.57,535.0,580.7,247,7460,2.4,0.85,0.35,32.68,348.96,-0.53,-0.103,0.842,-0.9,0.1,0.14,0.19,1.4,0.2,-0.3,0.8,-0.3,0.6,1.4,-0.4,1.2,0.8,-0.0,-0.7,1.6,0.3,2.0,-0.4,0.4,-2.1,-2.1,-2.2,-0.3,-4.1,-2.8,-3.7,-3.2,-2.2,-0.2,1.1,-1.4,-2.5,0.7,-9.6,-2.6,0.2,-14.3,-8.6,-9.3,-9.2,-3.8,1.0,-1.9,-1.5,-1.7,-4.1,-7.4,-6.1,-1.2,-2.1,1.8,-11.6,1.3,-4.3,-3.8,-1.0,-4.2,-4.6,-0.4,-0.7,-3.9,-1.6,-1.0,-2.9,-2.4,-1.9,-0.1,-2.3,-0.5,1.9,-3.4,-1.3,-7.0,-1.7,-2.1,-2.8,-0.8,-1.8,-2.3,-2.9,-1.0,-0.8,-1.0,-2.4,-0.8,-0.5,-3.3,-1.8,-3.6,0.8,-5.7,-4.2,-1.5,-2.9,-5.8,0.3,-3.5,-5.3,-8.1,-0.7,-2.4,-3.7,-0.9,2.0,-2.9,-1.1,-6.8,-9.2,-3.0,-6.1,-4.2,-1.3,-1.9,-2.5,-4.6,-1.6,-2.7,-2.5,-3.6,-3.5,-4.4,1.4,-2.3,-0.2,-6.9,-5.2,-5.2,-3.0,-5.2,-5.4,-4.4,-3.1,-3.6,-6.5,-6.7,-4.7,-6.0,-2.3,-4.2,-6.9,-8.2,-6.7,-6.5,-4.6,-1.7,-2.2,-3.4,-4.6,-5.5,-3.1,-2.1,-3.8,-1.4,-2.5,-1.9,-2.2,-3.3,-3.4,-3.0,-3.5,-2.8,-6.0,-5.3,-5.5,-9.5,-6.3,-11.9,-11.8,-7.5,-6.1,-1.6,-3.1,-8.7,-3.5,-4.7,-4.7,-7.8,-5.1,-1.6,-3.1,-2.5,-6.1,-4.6,-2.7,-5.0,-5.6,-2.9,-5.4,-4.2,-4.5,-3.1,-4.7,-7.1,-11.1,-8.3,-9.2,-6.7,-10.0,-7.8,-6.9,-4.1,-8.4,-6.1,-3.3,-4.6,-4.4,-5.0,-4.5,-6.0,-7.0,-4.9,-2.9,-5.1
2C7L515wxc,0,48.101846,11.621749,4441835.05,2777802.32,542.4,588.2,247,7232,2.8,0.83,0.43,32.59,348.92,-0.529,-0.104,0.843,-0.0,0.1,-0.28,0.21,0.1,0.2,-0.3,0.2,-0.0,-2.7,-3.8,-4.7,7.1,-3.4,2.3,-1.7,10.2,-6.8,-4.4,-6.6,-4.3,-2.5,4.2,-4.4,-0.7,-1.5,0.1,3.7,1.9,-0.2,2.1,0.3,1.0,4.6,8.2,2.9,-1.2,5.4,-5.9,-1.0,-3.2,-2.0,-4.6,-0.4,2.2,4.0,-4.4,2.0,-8.3,-1.2,2.9,-3.1,-1.4,2.5,4.8,3.0,2.4,0.3,2.3,1.6,-0.3,-1.0,-0.2,1.0,2.2,2.4,-0.4,-1.1,1.5,0.6,0.0,-1.3,-6.8,2.4,-3.1,-0.4,5.0,-3.0,-0.0,-7.5,1.0,-0.5,-2.3,-0.5,1.0,1.9,-2.5,-2.5,-1.1,2.6,1.0,-1.9,2.1,0.8,-2.9,4.4,0.4,3.4,1.0,-2.1,-6.4,1.0,-1.0,-0.7,-0.5,-0.4,-0.0,3.4,-1.1,-1.2,4.6,-2.6,-9.8,2.1,-2.4,0.5,-1.8,1.7,-1.6,-2.8,-2.0,-0.1,3.1,-0.0,0.1,0.5,0.8,0.3,0.8,1.6,-0.9,1.2,0.7,1.2,0.4,2.1,-0.4,-0.6,-1.0,0.6,-1.5,0.7,-3.0,1.8,-1.1,2.3,0.7,2.9,-3.3,-1.0,0.2,-1.3,-2.1,1.2,0.1,2.2,2.1,-0.7,-3.1,-0.5,1.5,0.2,-1.4,0.4,1.7,-0.7,-0.5,-0.1,-1.8,1.5,-1.0,1.1,3.5,-1.4,-3.8,3.5,4.3,2.3,-0.4,2.4,1.9,0.8,0.8,-0.0,0.3,2.5,2.3,0.3,0.7,-0.2,-2.2,0.8,0.1,1.3,3.4,1.5,-5.1,-3.7,3.4,-0.1,-5.2,-2.8,0.1,-1.7,-2.0,1.5,-1.5,-0.6,-1.6,-1.5,-0.7,-1.4,-4.3,-1.9,-1.6
2C7L515wyT,0,48.102211,11.624585,4442045.48,2777847.48,535.0,580.7,247,7285,4.6,0.52,0.48,32.64,348.96,-0.529,-0.103,0.842,-0.4,0.2,-1.0,0.36,2.6,0.3,-0.3,-1.5,-3.5,-4.5,0.7,-0.7,2.3,-3.5,0.4,1.7,-1.2,-2.0,0.9,1.2,-2.6,-0.9,-3.6,7.6,4.7,9.3,-8.8,-7.4,-2.5,3.8,3.6,3.6,5.2,5.3,2.8,3.4,1.6,-8.9,0.8,-2.7,-0.2,-2.6,1.5,1.2,-0.3,5.2,-0.3,3.7,4.7,1.8,3.8,0.1,4.2,2.5,2.4,4.6,5.7,4.9,-1.0,-0.3,0.2,-2.2,1.8,-2.7,-2.3,-0.4,-3.4,-1.8,-4.5,-4.1,-3.1,-10.8,-4.5,-2.4,5.0,-1.0,-3.7,-4.5,-2.7,-5.4,-1.6,1.3,0.3,-1.6,-0.6,-0.9,-5.3,-1.3,-1.9,-3.9,-1.7,-2.9,3.2,1.9,0.2,2.9,-2.5,-8.5,-9.0,0.6,4.4,2.0,2.1,1.3,12.4,-2.3,-0.1,1.2,-1.2,-0.7,2.8,0.8,6.5,4.3,0.8,5.3,8.2,13.2,4.1,4.9,7.8,7.9,4.5,3.3,5.6,-9.2,-6.2,8.4,1.0,-8.8,1.2,-4.6,-4.8,3.5,5.5,-0.2,5.9,-7.7,15.1,8.9,9.6,14.6,6.6,2.5,-2.2,5.2,0.7,-9.3,-2.1,-0.7,-0.9,-0.5,1.3,8.0,-1.1,0.4,-6.7,-6.2,-12.3,-5.3,-7.2,-3.8,-7.6,-6.1,-2.1,5.7,3.7,-2.5,8.6,8.9,4.9,2.4,7.1,12.8,1.1,2.7,8.7,3.7,-4.8,2.9,5.5,5.1,1.9,-7.3,6.5,-2.9,-6.8,-3.8,-0.2,-2.0,-4.7,0.3,-1.0,2.8,12.5,5.3,3.8,-1.2,-3.3,-1.6,-2.1,4.9,-6.2,0.6,-8.2,-0.4,-5.5,-9.2,-7.9,-6.8,-4.2,-0.0,-11.6,-8.9,-5.0
2C7L515wyb,0,48.102275,11.625084,4442082.5,2777855.41,535.9,581.6,247,7293,2.2,0.88,0.3,32.64,348.96,-0.529,-0.103,0.842,-0.7,0.1,-1.14,0.17,0.3,0.1,-0.3,-1.8,-2.4,-1.7,-0.2,-1.4,0.8,-1.6,-3.1,-0.5,1.9,1.7,3.5,-0.5,0.6,0.4,0.8,2.1,0.2,1.1,0.5,1.0,1.9,3.8,-1.0,1.0,2.2,5.1,3.5,3.2,-3.0,-8.9,-2.8,-1.5,-0.4,0.6,-0.7,3.6,2.8,5.2,1.5,3.4,0.7,2.4,1.2,2.9,3.7,3.9,-0.9,1.9,0.4,4.5,2.2,3.0,2.1,2.4,1.2,1.4,0.9,1.9,1.7,3.8,1.6,13.3,2.5,5.2,2.7,3.5,-9.5,1.4,2.9,1.3,3.7,3.4,4.2,2.7,1.2,3.4,4.6,2.4,1.6,2.0,1.7,2.4,4.3,1.8,2.4,1.1,0.2,2.1,0.5,1.2,-0.4,0.8,3.5,1.1,3.1,1.7,1.4,1.1,3.8,1.9,0.7,2.7,4.0,1.9,0.6,2.3,2.1,1.2,0.7,-0.1,2.2,1.0,1.5,2.3,1.9,-0.1,0.9,2.0,2.0,2.5,1.3,3.0,2.7,2.2,2.7,4.4,1.9,0.9,-1.8,0.4,1.4,1.0,1.7,1.7,-0.3,4.0,-2.0,4.4,1.8,0.1,0.8,-1.1,1.5,-0.2,0.5,9.1,0.1,0.9,1.2,-0.1,-0.9,0.5,0.2,0.4,-1.1,0.7,1.7,0.3,-0.9,-1.4,1.3,0.7,-3.2,-1.0,6.1,0.3,-3.0,0.8,4.7,-0.7,0.1,-0.1,0.5,-2.6,3.1,1.0,-1.2,0.1,0.2,-0.9,-2.3,-2.5,-2.2,-1.9,-3.2,-1.3,-0.3,-0.6,-4.0,-2.3,-1.3,-1.9,-3.5,-4.6,-0.2,-2.6,-2.9,-8.0,-1.0,-2.0,2.3,-4.5,-3.7,-2.1,-3.1,-3.4,-4.7
2C7L515wyd,0,48.1023,11.625278,4442096.85,2777858.49,539.1,584.9,247,7295,2.1,0.9,0.34,32.64,348.96,-0.529,-0.103,0.842,-0.6,0.1,-0.09,0.16,0.8,0.1,-0.3,1.7,1.1,0.3,-1.7,0.2,2.3,1.0,3.2,2.2,-1.9,1.8,2.3,2.5,1.7,0.5,-0.5,-1.4,0.5,-2.4,-1.2,-1.9,2.0,-0.3,0.6,1.6,2.6,3.4,2.3,-0.1,1.1,-8.0,-2.6,-0.1,0.7,0.8,0.6,3.7,2.8,3.9,2.2,0.9,0.1,1.9,1.9,1.7,0.3,-1.6,-1.1,-0.8,0.0,0.5,-1.0,-1.3,-0.6,-1.4,-1.8,-0.2,0.7,-1.4,-0.2,-0.8,-0.7,-3.5,-0.3,-2.4,-0.2,-0.1,2.5,0.1,0.3,2.7,0.6,2.5,-0.5,-0.1,-0.3,-0.5,-1.8,-1.3,0.7,-1.0,1.0,-0.3,1.6,0.9,1.4,0.4,-0.8,2.2,1.9,-0.8,-0.3,-0.9,2.9,0.3,3.2,0.8,2.8,2.7,3.5,2.2,1.6,2.7,2.0,1.0,0.6,0.2,-0.2,-1.7,-0.6,-1.2,-1.8,-1.2,-1.9,-2.0,-1.9,-13.5,-3.5,-3.6,-4.4,-3.6,-0.2,-1.9,2.0,2.0,3.6,-1.5,-1.1,0.4,-1.4,0.2,0.9,-1.9,-0.5,-1.0,-0.3,1.0,-2.9,1.8,0.1,-4.2,-1.0,-1.8,-0.8,-1.1,-1.6,-12.6,-0.6,-1.0,0.5,6.8,-0.2,0.4,-0.4,-0.1,-1.0,-1.5,-1.3,0.5,-1.8,-0.3,1.6,2.9,-3.2,-1.3,1.2,-1.1,-3.0,0.5,-0.5,-2.3,-4.3,-5.1,-4.9,-4.6,-2.8,-2.4,-2.7,2.7,-1.4,-0.3,-0.7,-0.4,-2.0,-0.9,-0.2,-3.2,0.9,0.9,-2.8,-2.6,-2.1,-1.1,-3.5,-2.8,-2.4,-2.1,-2.8,-4.2,-2.9,-3.8,-3.8,-3.5,-1.4,-2.6,-2.3,-2.9,-2.6
2C7L515wye,0,48.102304,11.625309,4442099.14,2777858.98,537.9,583.6,247,7296,2.6,0.84,0.38,32.64,348.96,-0.529,-0.103,0.842,-0.7,0.1,0.06,0.21,0.6,0.2,-0.3,-1.3,0.2,1.2,0.8,-1.4,-1.8,0.2,2.0,-1.2,-5.1,-1.2,1.5,2.9,-1.1,-1.5,-0.8,-4.4,-3.2,-4.0,-2.2,-3.3,-1.9,-1.4,-0.8,0.7,0.0,-1.3,-1.5,-4.5,-1.0,4.1,-4.8,-1.1,-2.0,-1.3,-1.2,2.2,0.6,1.9,0.6,-0.8,-3.2,-0.7,-2.1,-0.5,-0.0,-5.2,-5.0,-3.3,-3.5,-1.9,-2.9,-4.6,-3.6,-4.9,-3.2,-3.8,-2.2,-5.3,-4.4,-2.9,-1.0,-4.7,-2.8,-3.9,-2.5,-3.0,-9.2,-1.9,-2.6,-5.5,-4.4,-4.6,-4.1,-3.6,-4.8,-2.1,-4.1,-3.1,-4.4,-3.7,-4.7,-3.7,-2.9,-1.4,-4.8,-3.7,-5.3,-3.1,-3.2,-4.7,-4.7,-5.8,-2.7,-3.4,-1.4,-4.4,-1.9,-1.0,-1.3,-2.3,-2.9,-0.0,-1.0,-4.0,-2.6,-3.5,-6.0,-4.9,-4.5,-4.0,-5.3,-4.1,-6.2,-5.4,-5.4,-12.0,-5.6,-7.3,-5.9,-3.8,-2.5,-7.2,-1.1,-3.1,-2.0,-6.9,3.3,-0.5,-2.0,-0.8,-0.8,-7.4,-2.0,-4.5,-4.3,-2.8,-4.1,2.2,-2.4,-4.0,-3.6,-6.0,-3.9,-4.3,-3.6,-6.2,-4.1,-3.0,0.5,7.5,-1.9,0.7,-2.8,-0.4,-3.3,-7.5,-7.6,-3.7,-5.1,-7.1,-2.3,5.3,-6.2,-2.8,-3.2,0.3,-5.3,-0.8,-0.9,-3.3,-8.4,-2.1,-6.7,-6.3,-5.1,-8.3,-6.1,2.1,-4.1,11.1,-3.3,-6.3,-5.9,-5.6,-1.5,-6.8,-1.2,-0.9,-2.6,-5.8,-5.5,-4.9,-6.5,-6.6,-6.1,-2.6,-0.3,-8.1,-12.8,-11.3,-7.6,-7.0,-5.0,-7.1,-7.9,-7.6,-8.6
2C7L515wzS,0,48.102699,11.628387,4442327.51,2777907.94,549.0,594.7,247,7346,1.7,0.94,0.34,32.65,348.96,-0.53,-0.103,0.842,-0.6,0.1,-0.15,0.13,0.2,0.1,-0.3,0.5,-1.1,1.1,-0.5,-1.3,1.1,0.3,0.4,-0.1,2.9,0.5,1.0,0.8,0.9,-0.5,-0.7,-1.1,-1.2,-2.8,-1.1,-0.1,-1.0,-0.3,0.7,1.7,0.2,0.8,0.9,0.8,-0.5,-5.4,-5.7,-2.4,-1.1,-3.4,-1.8,1.7,-1.0,1.3,0.1,-0.5,-0.3,-2.0,0.2,-0.3,-0.2,0.1,-0.8,0.1,0.3,1.4,0.7,0.1,0.8,0.1,0.4,-0.5,-0.2,-2.2,-1.4,-0.5,-0.5,-4.2,-0.5,2.7,-0.2,-1.6,-6.6,-1.6,-0.8,-0.5,-2.3,-1.7,-1.7,-0.8,-1.9,-0.6,-0.8,-0.5,-3.0,-0.9,-2.3,-1.2,-1.1,-0.4,-2.7,-1.9,-2.3,-2.0,-0.9,-1.9,-2.0,-1.6,-1.0,-0.9,1.4,0.7,0.9,0.5,-0.7,-1.4,-1.1,1.7,0.6,-0.3,2.7,-0.9,-0.4,-1.3,-1.5,-1.7,-0.3,-1.2,-1.2,-1.7,-0.5,-0.0,-1.4,0.1,-0.7,-0.4,0.1,-0.5,-1.5,0.1,2.0,-1.4,-1.1,-0.8,-1.2,-0.7,1.2,0.2,0.4,-1.0,-3.6,-3.0,-5.0,0.5,0.8,1.0,-1.1,-0.1,-0.4,-1.2,-1.1,-5.7,-0.6,-1.5,-1.1,-4.7,-2.2,0.1,-1.0,-1.2,-1.4,-1.2,-1.7,1.2,-1.0,-2.6,-3.1,-0.7,-3.3,-2.6,0.9,-0.8,-4.5,-0.2,0.0,-0.5,-4.7,-5.2,-1.8,-1.2,-2.6,-1.8,-1.4,-14.7,-2.2,-1.7,-1.1,-1.2,-2.5,-1.6,-2.4,-3.2,-1.9,-2.1,-4.3,-5.6,-3.0,-2.1,-2.5,-2.2,-2.6,-1.7,-1.5,-2.2,-4.9,-2.1,-3.8,-2.7,-2.7,-2.1,-1.6,-3.3,-2.1
2C7L515x08,0,48.102979,11.630569,4442489.4,2777942.69,538.9,584.6,247,7388,1.5,0.94,0.22,32.66,348.96,-0.53,-0.103,0.842,-0.5,0.1,-0.4,0.11,0.5,0.1,-0.3,-0.5,-0.6,-0.4,-0.5,-0.3,-6.9,0.2,2.1,-0.5,2.6,1.6,-4.4,0.8,1.9,0.7,0.5,1.2,0.1,-1.1,-2.4,0.9,0.6,1.6,1.6,1.0,2.3,0.6,1.3,2.3,-1.6,-2.4,-3.6,-2.9,-3.0,-1.9,-0.0,0.5,0.8,1.0,0.3,0.5,0.9,1.0,1.6,1.0,-0.3,-0.7,0.1,1.5,0.2,0.4,1.9,0.7,0.6,-0.5,0.4,0.5,0.8,2.4,1.0,1.9,0.2,0.7,0.0,-3.6,-2.5,-1.0,1.7,-1.2,1.8,-0.5,-1.1,-0.7,-0.1,-1.4,0.9,0.2,0.4,1.5,0.1,0.3,0.6,-0.1,-0.7,-0.2,0.1,0.1,-0.4,-1.3,0.2,-0.4,-0.1,-0.7,-1.5,0.2,-0.3,0.4,0.8,1.0,0.3,-0.4,1.1,-0.2,2.8,0.3,-0.7,1.5,0.7,1.3,-0.4,0.3,1.5,-0.5,0.4,2.2,1.7,0.5,-0.3,-1.2,0.4,0.0,1.1,1.1,0.2,-0.2,0.9,2.4,0.2,-0.7,-2.0,-1.1,0.1,0.6,-0.5,-2.3,-2.8,-2.1,-4.2,1.1,2.1,-0.7,-0.8,1.7,0.6,-0.0,0.3,1.2,0.4,-1.1,-0.7,-0.4,-2.6,-1.7,-2.4,-2.0,0.4,-1.3,-1.4,-0.5,-1.2,-1.6,-2.7,0.2,-3.4,-3.7,1.4,-0.6,-3.0,-1.1,1.3,1.2,-3.0,-4.6,-2.0,-7.1,2.1,-1.8,-0.3,0.5,0.6,-0.2,-0.7,-2.5,-1.6,-0.2,-3.1,-2.0,-2.3,-2.8,-4.3,-5.0,-2.1,-2.7,-5.7,-4.2,-1.5,-2.4,-4.2,-2.8,-2.3,-1.8,-2.7,-2.4,-1.5,-0.0,-0.5,-1.5,-0.6
2C7L515x0F,0,48.103025,11.630924,4442515.73,2777948.34,536.1,581.8,247,7395,1.0,0.97,0.11,32.66,348.96,-0.53,-0.103,0.842,-0.6,0.1,-0.24,0.08,0.3,0.1,-0.3,-0.1,-0.6,-0.3,-0.7,0.1,0.9,0.1,0.7,1.0,0.3,0.2,1.6,0.8,0.1,0.5,0.3,1.0,-1.0,-0.9,-1.6,-0.9,-0.4,0.2,0.4,0.4,0.9,1.7,1.8,1.5,-1.6,-1.6,-4.5,-2.7,-3.4,-1.1,-1.5,1.2,0.9,1.2,-0.2,0.7,0.5,0.5,0.1,0.2,-0.5,-0.6,-0.8,0.1,-0.2,0.9,0.7,0.6,-0.3,0.0,-0.2,0.1,-0.7,0.9,-0.8,-0.1,-0.6,0.5,-0.6,0.2,-0.3,-0.9,1.4,-1.1,-0.6,-0.3,-0.5,-0.6,-0.2,-0.3,0.1,-0.2,-0.1,0.0,0.2,-1.1,0.3,-0.5,0.5,-0.2,0.4,-0.7,0.3,-1.3,0.1,-1.2,-1.0,-2.0,-1.8,-1.0,0.3,0.4,0.4,-0.0,-0.5,-0.8,0.5,-0.8,1.3,0.6,0.2,0.4,0.6,0.5,-0.2,-1.2,0.2,-0.6,0.5,0.2,-0.8,-0.5,-1.2,-0.4,-1.6,-0.6,-0.4,-0.2,-0.4,-0.1,0.5,0.5,0.3,-0.3,-3.2,-2.3,-1.1,0.6,-0.4,-2.4,-2.2,-1.6,-4.4,1.1,1.1,-0.1,-1.5,-1.8,-1.1,-1.6,-1.3,-0.6,-1.0,-1.4,-1.1,-1.2,-2.8,-0.7,-1.4,-1.2,-0.9,-1.0,-0.4,-0.4,-0.6,-1.7,-3.5,-2.4,-4.5,-4.1,-0.4,-2.2,-4.4,-0.1,-1.3,-1.3,-4.0,-4.1,-1.4,-2.0,-2.6,-2.3,-2.1,-4.1,-2.7,-2.2,-2.4,-2.2,-1.4,-2.0,-1.4,-2.0,-1.2,-2.8,-4.5,-4.7,-1.6,-2.8,-2.9,-1.1,-2.3,-3.9,-3.8,-3.4,-3.5,-2.5,-2.6,-3.5,-2.7,-1.1,-2.5,-2.6,-2.7
2C7L515x0G,0,48.103037,11.631018,4442522.7,2777949.83,537.9,583.6,247,7396,1.7,0.91,0.29,32.66,348.96,-0.53,-0.103,0.842,-0.5,0.1,-0.41,0.13,0.8,0.1,-0.3,-0.4,-0.5,0.1,-1.3,0.1,2.2,1.8,0.5,2.3,0.7,2.2,0.5,1.5,0.5,2.8,1.5,4.1,1.3,2.2,-0.2,3.0,1.8,2.7,3.6,3.4,5.3,5.9,5.5,5.1,1.6,1.3,-3.7,-0.7,0.1,-1.0,1.1,3.6,0.9,1.5,1.4,2.5,2.6,1.9,-0.8,0.6,1.9,2.5,0.6,1.8,0.6,3.3,3.9,3.6,1.4,2.7,2.0,1.6,0.8,1.7,1.4,2.1,-0.2,4.5,2.0,1.0,0.7,2.7,5.0,2.2,3.4,4.2,4.0,2.6,3.7,3.8,4.1,4.2,4.7,3.0,3.2,1.4,0.2,2.2,2.9,1.8,4.6,2.1,4.2,3.0,3.0,1.1,0.6,-0.3,2.3,3.4,4.0,1.6,6.3,5.3,6.5,3.8,4.6,1.8,4.1,3.3,3.1,0.7,3.4,0.6,1.7,0.4,2.3,-0.9,2.3,0.3,-0.2,1.8,-0.1,-0.6,-2.0,1.2,0.9,1.2,0.2,1.8,2.5,1.6,1.9,1.8,0.0,0.5,2.0,4.4,3.5,3.7,3.6,3.1,0.7,7.2,4.6,3.9,0.2,1.4,0.9,-0.1,-0.9,0.7,0.5,0.3,0.6,-0.0,-0.9,1.5,0.6,-0.4,0.6,0.9,1.8,4.7,0.8,1.8,1.8,-0.6,-3.5,-0.9,0.5,0.2,0.5,5.6,-0.9,1.2,0.8,-1.5,1.1,-1.1,2.4,-0.9,-0.6,-9.0,-1.5,-0.8,-1.3,-1.7,-0.9,-0.4,0.2,-1.4,0.7,0.2,-1.8,-1.4,2.8,2.2,1.4,1.7,0.7,1.7,1.2,0.9,-0.4,1.2,0.9,-0.8,0.1,1.0,-0.6,-0.3,-0.4
2C7L515x0X,0,48.103158,11.631957,4442592.35,2777964.78,536.8,582.5,247,7413,2.4,0.86,0.37,32.67,348.96,-0.53,-0.103,0.842,-1.0,0.1,-0.0,0.19,0.7,0.2,-0.3,-1.4,-2.2,-0.8,0.3,-2.5,-1.7,2.2,2.8,4.4,2.3,1.0,-0.6,0.8,-3.1,0.2,2.6,7.4,0.7,-3.5,-3.4,-3.6,-0.3,-3.8,1.1,2.2,4.2,-1.7,-0.4,0.1,2.4,-5.1,-6.5,-2.2,-3.3,-6.3,-1.2,0.4,-0.4,3.5,-0.3,0.1,1.0,-0.5,0.9,-0.8,-0.6,-4.4,-1.7,-1.6,-0.9,-1.6,-2.7,-1.0,-3.4,-3.7,-1.0,-5.8,-4.1,-4.3,-3.3,-4.0,-3.1,-4.9,1.8,-4.1,0.5,-2.2,2.2,-3.4,-2.5,-3.4,-2.8,-2.9,-2.6,-1.2,-0.9,-1.4,-2.7,-1.9,-0.5,-0.7,-0.9,-0.6,-1.9,-1.2,-0.1,-3.1,0.3,-3.0,0.6,-2.0,-5.5,-8.0,-7.7,-6.0,-6.2,-3.7,1.9,0.8,-3.4,-3.2,1.5,0.7,2.6,1.1,-3.2,-1.8,-2.0,-0.4,-3.4,-1.1,-3.4,-4.5,-5.3,-4.6,-7.2,-4.5,-2.1,-3.3,-4.0,-4.5,-4.3,-2.8,-2.0,-1.3,-0.5,-1.9,-2.4,-1.8,-3.9,-2.6,-2.7,0.2,-2.9,-2.7,-6.1,-2.8,-4.3,-0.7,-2.1,-5.9,-3.9,-2.0,-5.3,-5.2,-5.7,-0.8,-4.7,-6.1,-4.7,-3.5,-3.7,-2.6,-1.7,-5.3,-3.4,-3.9,-1.7,-2.4,-1.9,-1.1,-1.4,-2.9,-3.4,-4.3,-0.0,-3.1,-3.9,-1.2,-0.3,-0.9,-3.4,-5.3,-6.5,-6.0,-4.8,-5.6,-3.9,-3.8,-1.6,-3.8,-3.7,-4.8,-6.3,-5.2,-0.5,-5.7,-2.8,0.8,4.3,-6.1,-6.3,-4.8,-9.7,-5.2,-7.2,-1.4,-3.0,-5.3,-2.0,-10.7,-18.0,-7.9,-8.3,-4.2,-6.7,-5.4,-7.4
2C7L515wxQ,0,48.101774,11.621039,4441782.31,2777793.08,541.7,587.4,247,7220,1.9,0.9,0.36,32.59,348.92,-0.529,-0.104,0.843,-0.8,0.1,0.58,0.15,0.8,0.1,-0.3,0.4,-0.5,0.8,-1.0,1.6,-0.4,1.0,-0.8,-1.7,-1.4,1.3,0.3,-0.2,-0.3,-0.5,-0.1,0.3,-0.8,1.4,-1.1,1.2,-0.8,0.1,-1.6,-1.4,0.2,1.4,1.5,1.7,-3.1,10.7,-5.9,-3.2,-3.4,-3.1,-5.2,-3.4,-4.1,-0.8,-1.1,-0.7,-2.9,-0.8,-0.7,1.5,-0.0,-1.1,-1.3,-1.8,-2.3,-0.8,-4.7,-2.8,-4.4,-4.1,-5.8,-2.7,-5.2,-3.9,-5.0,-5.5,-4.4,-1.0,-5.4,-5.5,-2.8,-2.8,-6.0,-5.2,-2.8,-3.8,-4.0,-2.8,-4.5,-2.5,-1.6,-2.5,-4.2,-3.4,-2.6,-6.2,-1.7,-4.3,-2.3,-1.7,0.3,-2.1,-1.5,1.1,-1.1,-1.5,-3.5,-5.1,-6.5,-2.4,-0.9,-2.3,-2.2,-3.2,-0.3,-4.2,-3.6,-1.5,-1.8,-5.5,-4.1,-5.7,-5.1,-5.4,-5.7,-4.3,-2.5,-2.4,-2.5,-1.7,-3.4,-3.6,-3.0,-1.9,-4.4,-6.0,-0.8,-2.5,-10.5,-7.6,-0.3,-2.9,-5.6,-2.8,-4.5,-3.2,-6.2,-1.4,-3.1,-1.9,-3.7,-1.2,-1.9,2.1,-2.4,-3.1,-3.6,-3.4,-2.6,-2.5,-4.8,-4.3,-4.8,-4.7,-2.7,-2.4,-5.0,-4.6,-5.2,-4.5,-5.3,-4.5,-0.1,-2.6,-3.3,-3.9,-3.7,-3.3,-1.2,-1.6,-1.1,-5.0,-7.2,-0.8,-3.3,-4.5,-6.5,-5.0,-5.0,-4.5,-2.9,-4.0,-4.7,-7.8,-4.3,-5.7,-5.9,-5.3,-5.0,-4.1,-5.2,-4.6,-3.1,-2.4,-6.2,-2.8,-1.8,-4.1,-6.3,-5.3,-4.6,-4.9,-2.5,-3.2,-4.1,-2.9,-3.2,-6.9,-4.8,-5.4,-4.4,-4.3,-5.3
2C7L515wxd,0,48.101862,11.621724,4441833.17,2777804.0,538.7,584.4,247,7233,4.1,0.67,0.47,32.59,348.92,-0.529,-0.104,0.843,-0.6,0.2,-0.14,0.32,1.9,0.3,-0.3,-1.5,-3.0,-3.6,-2.8,0.8,2.8,-3.8,-0.9,-3.0,5.9,-0.2,2.1,-4.7,-2.8,-3.5,-0.2,1.5,0.1,-4.4,0.0,-6.8,-0.4,-10.4,2.8,3.0,0.9,-6.6,6.2,-10.0,2.9,-5.7,-3.0,2.6,3.6,-2.1,-5.0,3.7,2.6,4.0,-0.2,8.5,5.9,2.4,1.0,2.2,4.6,6.6,6.8,10.1,6.9,7.4,11.6,1.0,0.0,1.5,-7.5,-0.9,-1.0,5.2,-11.3,-8.1,-17.6,5.9,-5.6,-8.6,-10.3,-7.5,-6.3,-8.4,-12.9,-11.1,-13.7,-14.8,-15.6,6.6,6.2,3.4,2.1,3.8,0.7,-0.0,1.3,-0.6,-0.8,-1.4,0.2,-1.5,-0.3,0.6,-0.2,-1.2,6.4,0.0,-6.9,-1.8,3.0,-0.2,-0.4,0.9,0.6,0.8,-0.9,2.0,2.2,-10.9,3.2,1.9,2.4,0.3,-1.3,0.3,-1.0,0.7,0.7,0.5,0.4,-0.6,0.7,0.0,-0.1,1.3,0.1,0.3,0.2,1.1,0.1,0.3,-2.1,-2.5,-2.0,-3.0,-4.6,-1.5,-1.7,-3.8,-5.3,-1.9,-3.4,-0.5,-0.1,0.3,-1.7,-2.3,-1.4,-1.5,-2.2,-0.3,0.4,0.3,-0.0,-2.0,-0.4,-3.3,1.8,-3.5,-4.4,-3.9,-2.7,-4.6,-5.5,-2.2,-1.4,-2.1,1.8,-2.5,0.8,-1.1,-6.8,1.9,2.1,-0.5,-3.6,-1.8,-0.4,6.0,-3.3,-4.5,-0.3,0.5,-2.4,-4.7,-2.6,-2.5,-5.2,-2.5,-2.9,-2.3,-0.1,1.4,-2.2,-0.7,2.0,1.7,-3.4,-4.4,-2.9,-4.0,-5.3,-3.7,-4.1,-3.7,0.9,-3.9,-3.5,-3.8,-6.6,-3.8,-4.7
2C7L515wxf,0,48.101878,11.621852,4441842.63,2777806.02,539.1,584.8,247,7235,2.5,0.87,0.34,32.59,348.92,-0.529,-0.104,0.843,-0.2,0.1,0.34,0.19,0.8,0.2,-0.3,-0.9,-4.7,0.1,-2.1,0.4,-0.3,-0.6,-5.2,-0.9,-3.0,-1.3,-0.0,0.7,-0.9,-0.1,1.0,-0.8,-1.7,1.7,-2.3,-1.0,-3.5,-0.7,-1.8,1.1,1.0,1.5,0.6,1.8,-2.0,-16.0,-6.6,-3.6,-2.2,-2.6,-5.3,1.1,-0.9,0.2,0.5,1.9,0.7,2.3,0.0,-1.5,-0.5,-1.4,0.5,0.3,1.8,1.2,0.1,0.4,0.6,0.5,-0.8,-0.3,0.8,0.3,-1.2,0.4,-1.1,0.4,-2.1,-1.5,-0.8,-1.5,4.7,0.9,1.5,-0.7,1.6,0.5,2.5,-1.3,-0.6,-0.6,-2.2,-0.6,-2.6,-4.9,0.1,-4.3,-3.0,-4.0,-2.8,-6.0,-6.8,-4.4,-3.7,-5.9,-4.6,-2.6,-8.8,-6.2,-1.7,-2.1,-2.7,-2.6,-2.4,-0.3,-2.7,1.7,-2.7,-4.9,-5.3,-3.0,-0.9,-2.8,2.4,0.6,-1.8,-1.0,-2.7,-1.9,-1.8,-1.0,-2.1,-2.3,-5.1,-3.3,-1.0,-2.4,-2.5,-4.6,-2.4,8.4,-5.3,0.5,-2.8,-4.7,-6.5,-2.9,-5.2,-3.8,-5.1,-3.3,-0.7,0.8,4.1,-6.6,-0.6,-1.0,-2.3,-0.7,-5.7,-0.3,-3.2,-3.1,-1.8,-2.0,-2.7,-0.5,-3.7,-1.8,-2.9,-0.0,-1.4,-2.3,-1.5,-1.0,-1.4,-2.5,-1.9,1.7,2.1,0.6,-6.6,-0.9,-4.3,-1.9,-1.8,-4.0,-4.6,-2.6,0.8,-0.5,-0.9,-0.3,-3.4,-2.7,-2.9,-1.4,-0.3,-0.9,-2.9,-5.9,-0.4,2.9,-4.9,-2.0,1.6,-2.8,-2.4,-3.2,-5.3,-0.3,-3.0,-2.3,0.8,-3.0,-0.8,-0.3,0.2,-1.3,-0.3,-3.5,-2.4
2C7L515wzD,0,48.1026,11.627471,4442259.47,2777895.42,545.7,591.4,247,7331,3.3,0.79,0.42,32.65,348.96,-0.529,-0.103,0.842,-0.5,0.2,-0.27,0.25,0.7,0.2,-0.3,2.6,1.7,-8.2,-4.7,2.5,-7.3,-3.0,4.2,3.2,-8.1,3.6,4.6,5.1,3.1,4.1,-0.2,0.5,3.5,0.6,0.4,5.0,1.9,1.1,-0.5,-1.4,2.5,0.8,0.7,1.3,1.0,-7.9,-4.3,1.0,0.2,-2.8,1.1,2.9,1.9,1.4,1.0,6.5,1.5,2.7,4.8,1.3,1.0,-2.9,1.4,2.1,1.0,-1.9,-0.2,1.6,-2.0,0.8,0.2,-1.1,1.5,1.7,-2.5,0.4,-0.2,1.3,1.1,-5.3,-7.6,0.8,2.2,3.2,2.7,-3.0,3.3,10.2,0.7,3.4,3.1,1.0,-0.1,4.2,0.2,0.3,12.5,0.5,1.0,-0.2,1.0,-2.7,1.4,1.2,4.4,-2.3,1.8,-3.0,-1.1,-3.0,0.8,-0.5,2.3,-0.6,-0.7,-2.5,0.3,1.0,0.1,1.7,3.0,-1.5,-1.1,0.6,1.1,-1.6,0.2,1.1,1.8,3.2,-1.4,0.7,-0.3,-0.3,1.7,-1.5,2.0,-1.9,-4.1,-2.9,1.3,-4.9,0.3,2.0,-3.5,-2.4,-3.7,0.2,0.1,1.7,-0.8,-2.0,-4.8,1.7,-0.5,-2.9,-1.8,-1.6,-0.6,-0.9,-1.0,-5.1,-0.1,1.4,3.6,9.8,-0.2,-0.6,10.0,-1.3,-5.5,1.9,0.4,0.5,-1.3,-3.5,-1.5,0.8,-2.5,-1.2,2.8,3.2,-0.9,-1.9,-0.4,-2.6,0.4,-6.8,-4.3,2.2,-12.3,-2.6,-0.2,12.1,-1.1,-1.0,0.6,-2.3,-3.1,-0.3,1.8,-3.2,0.4,-0.8,-2.3,-6.2,-5.1,2.4,-1.2,1.7,-6.2,-7.6,-5.4,-5.6,-3.6,-6.2,-0.6,-2.6,-2.5,8.1,1.3,0.2,-2.0
2C7L515wzE,0,48.102609,11.627543,4442264.82,2777896.57,546.4,592.1,247,7332,1.6,0.94,0.23,32.65,348.96,-0.529,-0.103,0.842,-0.4,0.1,-0.22,0.12,0.4,0.1,-0.3,-0.2,-0.6,-0.8,-0.6,-0.4,-1.0,-1.6,0.3,0.1,-2.6,1.4,0.4,1.5,-0.5,0.8,0.0,0.1,-0.6,0.6,-0.3,0.5,-0.7,-0.6,0.7,1.7,2.3,1.2,-0.6,-0.3,-0.6,-8.3,-4.3,-2.8,-0.8,-1.2,-0.5,1.2,0.9,0.7,1.2,2.4,1.9,0.9,0.5,1.3,-0.1,-0.9,-0.0,-0.2,-0.9,-0.8,0.1,0.3,-0.4,-1.1,0.2,-0.2,-0.3,0.5,-1.8,-0.1,-0.6,-0.7,-1.0,-1.4,-2.7,-1.8,0.3,-1.6,-1.5,-2.4,0.4,0.5,-0.6,1.3,0.1,-0.5,0.3,0.2,-1.3,-1.1,0.5,-0.3,-0.9,-1.0,-0.0,-0.4,-0.7,0.4,0.4,-1.4,-2.0,-1.6,1.0,-2.2,-0.8,-0.9,1.7,-0.5,-0.8,-1.3,-0.7,-0.0,0.4,-1.5,0.2,-1.4,-1.7,-1.1,-0.7,-1.5,-0.8,0.0,-0.2,1.4,-0.1,0.7,-0.9,-0.0,0.3,-0.4,0.2,-0.7,-0.4,0.4,0.3,-1.5,0.3,0.1,-2.1,-2.6,-0.3,-2.1,0.1,-0.7,-2.2,-2.9,-5.4,2.2,1.7,-1.4,-2.7,-1.5,-0.7,-0.1,-0.5,-1.9,-0.2,0.0,0.7,1.5,-1.8,-0.2,-0.5,-0.8,-0.2,-1.0,-0.8,-0.7,-1.2,-3.5,-2.0,-1.7,-3.1,-3.1,0.6,-1.3,-3.1,-1.2,0.3,-2.4,-3.7,-5.5,-3.8,-3.7,2.1,-2.4,-1.4,10.5,-1.3,-1.7,-1.7,-2.3,-1.8,-1.8,-2.7,-3.5,-0.9,-1.6,-4.0,-5.9,-1.8,-1.9,-1.5,0.0,-3.0,-3.6,-3.3,-2.5,-4.0,-4.2,-4.0,-2.1,-1.7,1.3,-1.7,-2.2,-2.4
2C7L515wzF,0,48.102614,11.627582,4442267.72,2777897.19,545.5,591.2,247,7333,3.4,0.76,0.47,32.65,348.96,-0.529,-0.103,0.842,-0.1,0.2,-0.18,0.26,0.9,0.2,-0.3,-0.6,-5.7,-1.5,1.0,-0.4,-3.3,-1.0,-2.1,-2.0,-4.5,-3.0,-1.8,2.4,-2.2,-1.2,-1.0,2.4,0.4,1.0,-0.5,-4.5,-7.1,-0.3,-0.1,2.3,5.4,2.6,-0.0,3.6,2.3,-8.9,-3.1,-0.4,0.9,-1.3,-1.3,2.8,3.4,0.4,-0.0,0.3,0.7,8.1,-2.8,2.3,3.1,0.6,-0.8,-2.1,-1.4,2.2,0.1,9.0,-0.3,-2.8,-3.4,0.6,0.7,3.2,-1.4,2.5,-6.1,3.5,-2.4,8.8,-2.8,-1.7,-3.2,-4.4,-0.6,-2.3,-0.3,-13.0,1.7,-13.6,-3.5,-4.2,-1.5,-7.7,1.7,7.7,-4.1,-2.3,-0.3,-0.7,5.2,0.5,-0.2,2.1,0.4,-1.1,-4.0,-5.4,-0.8,-4.1,-3.0,-1.8,3.2,-1.9,-0.2,0.5,-0.2,0.6,-0.3,-1.0,1.3,-0.7,1.1,-2.2,1.8,0.4,0.1,0.7,0.2,0.5,1.0,2.0,-1.2,0.9,1.2,2.3,2.9,0.7,0.5,1.1,-0.7,0.7,0.1,-2.9,-3.9,-4.9,-5.6,0.7,3.5,2.2,-1.6,-3.1,-6.1,1.8,1.1,-3.0,-1.0,0.8,2.0,4.0,1.5,1.0,-0.3,2.3,-0.4,-1.3,-1.8,-0.2,12.0,0.0,-0.1,-0.4,-0.6,-1.0,-1.8,-4.6,-4.9,-3.0,-3.2,-5.6,3.1,-5.8,-7.1,1.6,2.6,-4.0,-0.9,-2.5,-7.5,-2.0,1.5,12.3,6.1,-8.7,2.3,2.8,-1.6,-3.1,5.5,2.2,3.2,-2.6,0.5,-4.9,-2.3,-5.0,-1.4,5.4,-7.1,0.9,-0.9,-4.0,-1.8,-2.4,-3.0,-0.7,-2.5,-1.0,-0.4,1.8,0.9,-2.0,0.9
2C7L515wzV,0,48.102735,11.628523,4442337.59,2777912.17,549.5,595.2,247,7349,2.4,0.86,0.36,32.65,348.96,-0.53,-0.103,0.842,-0.6,0.1,-0.07,0.19,0.6,0.2,-0.3,1.6,-1.9,-2.2,-2.9,-1.8,-0.2,1.6,0.8,-0.6,3.7,1.8,0.9,1.0,1.8,0.8,0.4,-2.6,0.0,-2.9,-1.8,-1.8,-2.3,1.1,1.9,-0.5,-0.9,0.3,-1.3,-1.4,-3.1,-8.7,-11.8,-6.4,-8.2,-8.2,-5.8,-0.6,-2.1,-1.9,-2.5,-1.7,-1.0,-1.4,-3.6,-3.3,-2.5,-0.4,-2.9,-2.5,-1.0,-1.6,-0.5,-2.3,-3.0,-3.8,-3.2,-2.1,-1.4,-1.9,-2.1,-1.6,-2.1,-4.0,-2.4,3.2,-4.3,-1.6,4.3,-3.4,-4.5,-0.1,-3.2,-3.1,-2.2,-3.3,-3.8,-3.4,-4.0,-1.1,-3.1,-5.6,-2.6,-0.8,-5.3,-2.3,-4.9,-3.3,-4.7,-3.4,-2.1,-3.7,-4.1,-7.3,-4.7,-5.5,-0.0,-2.0,0.2,-2.8,-2.8,-5.1,-1.6,-1.6,-2.3,1.0,0.7,-1.9,-3.1,-3.5,-0.3,-0.7,3.2,-7.7,-5.2,-2.1,-2.2,-5.1,-0.3,-2.0,-2.2,1.4,-0.2,-3.8,-2.9,-1.2,6.8,-2.5,-5.0,-3.4,-4.1,-8.2,-3.7,-2.2,-2.9,-5.4,-6.4,-2.4,-3.8,-2.7,-0.8,-3.2,-2.4,-5.4,-4.4,-2.5,-2.0,-6.0,-4.9,-2.5,-0.1,-5.3,-2.6,-0.6,-4.6,-5.0,-1.9,-1.0,-1.2,-0.3,-2.0,-2.1,-1.4,0.9,-3.6,-4.5,-0.6,-3.8,-3.8,-0.2,-1.2,-0.1,0.9,-5.9,-2.9,-3.2,-0.6,-3.5,0.3,-15.6,-3.2,-5.6,-6.1,-5.9,-5.4,-2.9,-4.8,-5.6,-7.3,-2.9,-6.9,-7.0,-5.5,-4.9,-2.5,-3.3,-2.7,-5.1,-4.9,-5.2,-6.2,-5.5,-5.4,-4.5,-5.8,-4.7,-5.4,-2.1,-3.4
2C7L515x09,0,48.102995,11.630546,4442487.65,2777944.39,535.2,580.9,247,7389,2.0,0.9,0.49,32.66,348.96,-0.53,-0.103,0.842,-0.9,0.1,-0.58,0.15,0.2,0.1,-0.3,-0.9,1.1,0.4,1.1,0.4,-4.4,0.3,-1.8,1.2,1.5,0.6,-3.4,0.8,-0.1,1.0,1.2,2.1,0.6,-0.4,-0.4,-0.4,0.4,0.4,1.7,1.7,3.6,2.6,-4.5,0.7,-0.6,-0.8,-2.5,-1.9,-2.3,-1.5,-0.2,1.5,2.1,1.9,0.4,1.0,1.6,0.3,2.1,0.5,-0.2,0.1,-0.8,2.2,0.1,-2.6,1.3,1.6,0.8,0.3,1.4,1.0,0.7,1.3,0.5,2.1,0.2,2.6,1.5,-3.5,-2.3,-0.6,2.2,0.1,0.9,-1.5,0.3,-1.0,-0.2,-0.8,1.1,0.6,0.8,1.0,1.2,-0.8,0.5,0.5,-0.9,1.0,0.3,0.8,1.5,0.1,1.6,0.0,-4.1,-0.4,0.6,0.3,2.0,2.2,1.7,0.9,-0.3,-1.4,1.6,-0.5,2.6,1.6,0.2,2.0,-0.7,0.4,-0.9,0.5,2.1,-0.3,1.0,0.8,1.4,-1.2,-1.2,-4.4,-0.1,-1.0,0.3,0.0,-0.8,0.7,0.6,1.5,1.6,0.0,-2.0,-2.0,0.5,1.1,0.6,-1.5,-2.2,-1.3,-8.0,0.8,2.7,-2.3,-1.2,-1.7,0.4,-1.3,-0.9,0.1,-2.1,-0.3,0.2,-0.4,-2.4,0.2,-0.6,-0.9,-4.5,-0.7,-1.1,-5.0,-1.4,-1.1,-2.4,-0.3,-3.3,-3.7,0.6,0.4,-2.2,-0.3,3.0,1.8,-0.7,-4.3,-3.2,-7.5,-5.4,-2.7,-1.5,0.3,-5.1,-1.2,-1.7,-3.4,-2.4,-4.0,-1.4,-1.8,-0.6,0.5,-14.2,-7.6,3.9,-6.4,-5.0,-4.5,-0.7,-2.1,-2.5,-10.2,-2.4,-1.6,-3.2,-2.3,-2.7,-6.6,-5.4,-3.0,-4.6
2C7L515x0J,0,48.10306,11.631055,4442525.41,2777952.5,532.3,578.0,247,7399,1.5,0.94,0.28,32.66,348.96,-0.53,-0.103,0.842,-0.3,0.1,-0.12,0.11,0.5,0.1,-0.3,-0.0,-0.1,-0.1,2.2,-0.3,0.2,0.6,-1.1,0.2,0.8,-0.9,1.0,0.4,-0.5,-0.5,0.2,0.5,-1.2,-1.2,-1.3,-1.6,-1.6,-0.6,0.8,2.0,1.2,0.9,1.4,1.5,-2.8,-2.9,-4.6,-3.5,-3.5,-2.3,-1.5,-1.4,-0.2,1.7,-1.4,-0.2,0.6,-0.6,-0.6,1.0,-0.4,0.2,-1.6,-1.7,-1.3,0.2,0.4,0.7,0.9,0.5,-0.1,0.1,-2.1,0.5,-1.8,-0.6,-0.4,0.9,-0.4,0.6,0.6,-1.3,2.4,-1.9,-0.8,-0.4,-0.9,-0.9,-0.8,-0.4,-0.1,-0.8,-0.1,0.1,0.7,-0.6,-0.1,0.1,0.4,-0.8,0.8,-1.6,0.5,2.3,-0.4,-2.0,1.0,-2.3,-2.8,-2.1,0.9,0.6,5.7,-3.8,-0.7,-1.1,-0.8,-2.8,-0.2,-0.5,-0.7,-0.4,-0.5,2.8,-1.9,-1.8,-0.1,-1.8,0.7,2.6,-1.0,-0.7,-1.9,-0.7,-1.0,-0.9,-2.3,-1.0,-1.5,-0.8,0.3,0.8,0.4,-0.0,-4.1,-0.7,-0.6,-1.4,-0.2,-2.2,-2.6,-2.6,-3.3,0.9,2.7,0.6,-1.1,-0.9,-1.9,-0.8,-0.1,3.6,-1.4,-1.2,-0.3,-0.1,-0.1,0.1,-1.1,-1.5,-0.6,0.2,-0.6,-0.6,1.8,-3.1,-3.5,-0.1,-3.0,-5.0,-0.2,-0.6,-4.2,0.8,-0.3,-0.0,-3.0,-4.9,-0.3,-2.5,-1.5,0.9,-1.1,1.0,-0.6,-2.9,-1.4,0.9,0.2,-1.3,-1.0,-0.4,-0.2,-1.4,-4.9,-4.1,-2.2,-4.0,-1.2,-1.1,-2.7,-2.8,-2.3,-1.4,-1.2,-1.9,-1.6,-4.3,-0.8,0.0,-0.6,-1.0,0.9
2C7L515x0T,0,48.103127,11.63157,4442563.62,2777960.69,531.2,576.9,247,7409,3.7,0.72,0.5,32.67,348.96,-0.53,-0.103,0.842,-0.7,0.2,-0.54,0.29,1.1,0.2,-0.3,0.3,3.0,-1.1,-1.2,-0.1,0.3,3.0,1.4,1.3,-0.0,-2.9,0.5,1.8,-1.9,-1.9,-0.7,8.8,2.7,1.1,-0.0,-5.5,-3.7,0.9,-7.7,1.8,3.5,-4.4,2.0,-3.7,-1.4,0.9,4.2,8.6,5.5,0.4,1.3,4.6,1.9,-0.4,2.6,-6.3,-3.9,-0.4,-2.8,3.7,-6.0,-0.1,-5.1,-6.2,-1.5,-2.1,3.5,0.3,-0.6,1.7,11.9,-0.5,0.4,1.0,-1.5,-4.0,0.5,5.0,3.6,0.2,0.7,3.2,3.9,-0.4,-1.8,-0.7,0.4,-1.7,2.3,2.0,9.8,2.4,2.1,1.9,14.6,-0.7,-2.6,-0.8,0.9,-4.6,2.3,-6.2,-7.3,-7.0,-2.2,-7.2,-1.7,-2.8,-11.5,-4.5,16.0,-4.0,3.4,-5.2,9.3,-2.9,-8.6,2.3,-3.1,0.2,3.7,-1.2,2.7,-0.3,2.4,-2.1,0.6,-0.4,1.4,0.5,-0.9,-0.1,0.5,0.8,-0.2,0.7,1.0,2.0,-1.6,4.6,3.9,1.1,3.5,0.1,2.7,3.7,-2.4,0.2,0.3,3.2,1.0,-0.0,0.8,2.8,4.0,0.2,-2.9,1.8,-7.1,-1.3,-2.6,3.0,-1.8,-2.0,2.6,0.3,0.3,1.2,0.3,-1.0,1.0,-3.3,-4.3,1.6,-2.7,-2.8,-8.0,-2.2,-12.0,-3.7,0.1,-0.4,-8.1,2.5,-4.0,-5.1,-7.8,-7.2,-1.1,-2.9,1.9,-0.9,-1.8,1.4,-2.9,-3.4,-3.1,-1.9,-1.5,-3.8,-5.0,-4.6,3.8,-0.8,-0.1,-0.9,-3.1,3.3,-3.3,-0.2,-6.5,-10.7,0.9,-2.8,-8.9,-5.9,-3.2,-4.2,-4.0,-0.4,-3.1,-4.3,1.6
2C7L515x0W,0,48.103171,11.63192,4442589.59,2777966.25,538.4,584.1,247,7412,1.7,0.93,0.3,32.67,348.96,-0.53,-0.103,0.842,-0.7,0.1,-0.26,0.13,0.4,0.1,-0.3,-0.9,0.2,0.1,-0.3,-0.6,1.4,-0.5,0.5,1.1,1.8,-0.0,0.9,-0.2,0.3,1.4,2.5,-1.1,0.9,0.0,0.6,-1.0,-0.1,0.0,0.6,-0.2,4.0,1.3,0.7,1.1,-1.9,-2.0,-6.0,-2.7,-2.5,-3.5,-0.4,3.2,0.6,2.4,0.5,-0.4,0.6,-1.3,1.3,1.0,0.6,-0.5,-1.7,-2.5,-0.8,-1.3,-0.5,-1.4,0.1,-1.3,2.1,-0.9,-0.0,-0.4,-0.8,-1.3,1.3,-3.9,-2.5,-2.2,0.1,-3.0,-6.9,-1.7,-0.8,1.6,-1.1,-0.1,-0.8,1.1,1.3,2.3,0.2,0.8,-1.2,3.3,0.8,-1.4,-0.9,-0.3,-1.9,-0.2,0.5,0.2,-0.4,0.2,-2.4,-2.0,-1.1,0.1,-2.2,-1.4,-1.0,1.0,-1.6,-2.1,-0.0,-0.9,0.1,-0.6,-0.2,0.3,-0.8,-1.3,-0.7,1.5,0.1,-1.0,-2.0,-2.2,-0.9,-0.5,-1.9,-0.6,-1.6,-1.2,-0.8,-1.2,-0.8,0.4,1.4,1.1,1.7,1.2,-3.5,-0.9,0.3,-1.4,0.4,2.3,-2.2,1.8,-1.7,0.1,-0.6,-1.2,-3.3,-3.5,-4.2,-4.2,-1.0,-3.0,-2.0,-2.9,-0.5,-4.3,-3.0,-1.5,-1.3,-1.7,-1.5,-2.3,-1.7,-2.1,-2.7,-1.5,2.2,-0.4,-3.4,-1.0,-1.5,-1.7,-4.9,-3.0,2.0,-0.7,-1.1,-2.1,-0.2,-2.2,-1.0,-2.6,-1.1,0.7,-1.9,-1.8,-2.2,-2.9,-3.4,-2.7,-2.2,-3.1,-2.0,-3.7,0.1,-4.7,-3.1,-1.4,-1.7,1.0,-12.0,-1.6,-4.4,-2.9,-4.4,-4.5,-6.5,-4.5,-3.6,-1.1,-4.3,-4.6,-3.5
2C7L515x0u,0,48.103341,11.633243,4442687.71,2777987.3,536.3,582.0,247,7436,4.3,0.63,0.47,32.67,348.96,-0.53,-0.103,0.842,0.4,0.2,-1.1,0.33,1.6,0.3,-0.3,0.4,2.8,-0.4,0.8,0.8,-3.7,7.0,10.1,6.2,6.7,3.1,-3.9,-0.7,1.2,3.8,2.8,7.0,4.6,3.8,-1.8,-1.4,-1.4,4.0,1.8,1.8,3.3,5.8,5.5,8.7,-3.3,2.7,-1.8,8.1,7.8,12.4,5.5,13.2,9.0,11.6,15.4,15.4,-3.9,-4.7,5.3,-4.1,-0.3,14.5,-8.1,-3.4,-2.2,-4.9,6.8,7.2,1.3,-10.4,-8.5,-5.7,-4.5,-6.9,-6.4,14.8,-9.2,1.3,-7.0,-3.3,-6.9,-3.7,-7.2,3.4,-0.6,-0.3,6.0,9.6,9.5,1.1,7.1,14.5,12.8,14.1,5.5,6.5,8.0,6.3,4.7,6.6,6.5,7.4,7.1,4.3,7.4,8.2,6.1,7.8,4.4,8.1,5.7,6.6,7.2,11.7,3.1,5.3,6.0,5.5,7.7,5.8,6.8,6.4,7.1,6.5,7.8,5.6,7.2,6.1,5.3,6.3,6.6,6.9,3.6,6.0,2.4,4.0,5.3,4.9,6.5,8.9,6.8,7.4,7.3,6.4,4.5,3.7,3.6,8.9,5.6,5.0,4.7,5.9,5.4,6.3,12.7,5.2,5.9,3.8,7.7,5.8,6.4,6.3,8.1,8.9,5.7,2.1,4.4,7.0,7.2,4.5,5.0,7.6,6.0,4.6,4.6,2.2,3.1,2.7,2.5,1.2,6.2,6.0,4.2,6.1,5.0,4.5,2.2,1.8,4.7,4.9,4.8,6.3,6.1,5.1,5.4,4.6,5.0,5.3,4.2,1.7,4.2,3.2,3.6,3.1,3.5,3.2,4.6,4.7,5.0,7.8,3.6,3.3,1.7,3.8,3.2,2.6,1.6,3.1,2.4,4.8,3.5,4.0,6.8
2C7L515x0v,0,48.103346,11.63328,4442690.45,2777987.89,535.3,581.0,247,7437,1.8,0.92,0.36,32.67,348.96,-0.53,-0.103,0.842,-0.9,0.1,-0.15,0.14,0.3,0.1,-0.3,-1.2,-0.9,-1.4,-1.5,-0.6,-4.9,-0.1,3.6,1.2,1.6,1.7,1.3,-1.2,1.7,-0.2,-0.3,-0.9,-1.0,-2.5,-0.7,-2.1,-3.3,-2.6,-1.7,-0.4,-0.5,1.9,-3.7,1.4,-4.3,3.0,-5.5,-2.1,-1.8,-2.0,-1.9,4.3,2.4,3.1,3.7,4.1,-0.7,-1.1,-1.4,-5.1,-1.6,4.3,-1.6,-1.3,-1.4,1.1,-0.1,1.6,-1.1,-0.5,-3.4,-5.7,-3.1,-0.3,-1.2,-0.6,-5.5,-2.9,-8.6,-4.8,-4.6,-3.0,-0.9,-0.8,-1.4,-5.5,-1.1,-0.1,-2.7,-1.5,-0.1,-0.4,-1.2,-1.1,-1.3,-2.2,-2.1,-1.6,-2.0,-0.6,-2.0,-2.4,-0.8,-3.5,-0.1,-1.2,-0.6,-2.7,-4.1,-1.1,-2.7,-0.5,-1.4,-0.3,-4.8,-2.3,-2.0,-3.4,-0.4,-2.1,-1.0,-2.2,0.4,-2.0,-1.3,-3.0,-0.8,-2.3,-2.3,-2.2,-1.0,0.5,-2.5,-1.6,-2.4,-1.7,-0.5,-1.5,-2.0,-0.4,-1.5,-1.6,-1.0,-1.2,-5.0,-3.1,-2.6,-1.7,-2.0,-2.8,-4.1,-2.5,-3.0,-0.2,3.4,-1.4,-2.8,-1.1,-3.5,-2.1,-1.5,-1.2,-0.8,-0.9,-2.2,-2.1,-3.0,-2.7,-2.1,-3.2,-3.7,-2.5,-3.8,-2.1,-2.5,-4.4,-5.7,-4.0,-4.6,-6.4,-1.9,-2.6,-4.9,-0.5,-2.7,-3.1,-6.7,-7.5,-4.2,-2.7,-4.2,-3.1,-2.0,-3.1,-2.0,-2.8,-1.6,-2.1,-2.6,-4.8,-5.2,-5.0,-4.5,-4.2,-5.8,-7.2,-4.5,-5.8,-4.0,-4.4,-4.6,-5.3,-6.3,-4.3,-5.0,-3.6,-5.7,-5.4,-5.2,-2.9,-5.5,-4.0,-4.7
2C7L515x0w,0,48.103361,11.633396,4442699.05,2777989.73,538.2,583.9,247,7438,2.9,0.81,0.48,32.67,348.96,-0.53,-0.103,0.842,-1.9,0.1,0.62,0.22,0.4,0.2,-0.3,-1.7,-2.6,-1.3,-3.0,-1.3,-4.8,-2.0,3.3,0.1,0.7,-4.1,5.7,-2.8,2.4,0.2,-0.1,1.7,4.0,-3.0,1.4,3.5,-5.1,-1.5,-3.0,-0.8,-3.9,0.1,-3.7,0.6,7.0,5.7,-9.6,5.2,-2.8,-4.8,-1.2,5.5,2.6,3.6,2.5,5.2,-8.3,-2.0,-2.4,-3.2,-2.2,-7.2,-3.1,-0.3,-13.1,0.8,-0.3,-0.4,-0.6,-0.9,-1.0,-2.0,-2.9,-2.8,-7.1,-5.5,-4.8,-5.5,-7.9,-5.5,-6.2,-6.5,-2.5,-3.1,-1.3,-10.6,-3.9,-4.7,-5.8,-2.4,-3.2,-1.8,-3.9,-3.1,-4.8,-5.9,-4.3,-2.7,-5.5,1.8,-2.5,-4.8,-2.3,-4.3,-2.7,-3.4,-3.8,-8.5,-4.6,-4.1,-6.9,5.8,-6.7,-4.3,-9.6,-3.4,-4.7,-5.2,-4.5,-4.5,-4.7,-7.6,-6.1,-8.9,-7.6,-7.4,-8.4,-7.0,-5.4,-6.4,-5.8,-1.4,-6.6,-4.3,-4.7,-5.2,-2.9,-1.9,-6.9,-4.9,-4.3,-7.3,-3.6,-3.7,-6.4,-4.6,-5.9,-5.5,-7.5,-6.7,-7.9,-5.3,-8.2,-2.2,-2.2,-8.6,-8.6,-7.8,-8.5,-4.9,-3.8,-6.4,-4.8,-0.9,-13.7,-4.2,-8.8,-5.4,-7.3,-8.2,-9.9,-7.4,-12.3,-5.1,-6.2,-7.3,-8.9,-6.8,-8.7,-9.5,-6.5,-6.7,-8.0,-8.6,-6.4,-6.6,-9.9,-10.4,-9.4,-12.7,-9.4,-5.5,-4.5,-7.8,-4.5,-6.3,-10.0,-4.3,-8.5,-14.2,-8.4,-10.7,-7.8,-7.6,-10.3,-13.5,-9.3,-11.2,-8.3,-8.4,-9.3,-8.7,-8.5,-10.1,-9.3,-8.0,-8.6,-9.6,-8.9,-6.9,-8.9,-9.0,-8.9
2C7L515wxR,0,48.101806,11.621148,4441790.37,2777796.88,544.5,590.2,247,7221,2.9,0.8,0.62,32.59,348.92,-0.529,-0.104,0.843,-1.2,0.1,0.33,0.23,1.3,0.2,-0.3,-3.0,-2.2,-5.0,-1.3,0.2,1.3,1.3,-3.9,-4.6,0.7,-0.2,-2.4,-2.0,0.9,-2.9,-1.9,-2.5,-4.4,0.2,-0.6,2.2,0.2,1.0,1.2,0.8,0.4,1.8,-2.0,0.2,0.1,10.2,-4.1,-0.9,-1.8,-1.2,-3.0,0.1,-0.3,1.8,0.4,2.1,0.3,1.1,-2.2,-3.7,0.3,-2.7,-2.1,-0.8,-2.7,0.4,-4.7,2.0,-2.2,-5.1,-3.9,-3.3,-4.6,-2.6,-5.6,-5.1,-4.6,-3.5,-4.3,-8.2,-2.1,-3.3,-6.0,-7.3,-4.8,-2.4,-5.2,-3.9,-6.7,-6.2,-8.6,-8.9,-8.0,-6.6,-4.1,-8.0,-6.7,-7.7,-2.9,-3.8,-4.8,-4.0,-4.9,-3.1,-3.1,-3.4,2.3,-4.1,-6.9,-1.5,-1.2,-0.9,-2.8,-3.3,-0.1,-2.3,-3.3,-1.0,-2.5,-4.8,-3.1,-5.8,-4.1,-7.3,-10.0,-3.2,-0.2,-1.1,-2.1,-3.2,-2.8,-5.5,-3.3,-0.8,-3.6,-4.2,-1.9,-1.7,-16.0,-14.5,4.5,-2.4,-0.5,-1.4,-4.4,-3.3,-5.2,-3.7,-4.1,-5.4,-4.5,-0.2,-0.6,0.7,-2.3,-5.0,-8.0,-1.7,-1.8,-3.8,-6.6,-2.3,-5.2,-4.1,-8.6,-6.8,-4.8,-10.4,-8.7,-1.1,-6.8,-8.9,-2.7,-5.1,-1.3,-3.0,-3.3,2.1,4.1,-5.4,-6.4,-8.2,-9.2,-0.2,-4.7,-4.5,-7.7,-14.4,-5.6,-5.5,0.8,-3.9,-3.8,-7.4,-3.9,-5.8,-5.5,-5.1,-4.8,-6.6,-6.6,-6.9,-4.6,-5.9,-11.1,-3.0,-11.0,-13.2,-8.7,-7.0,-6.2,-7.5,-5.6,-6.3,-5.8,-5.2,-5.0,-6.1,-7.9,-10.9,-5.4,-5.4,-6.2
2C7L515wxb,0,48.101881,11.621731,4441833.64,2777806.16,544.8,590.6,247,7231,3.5,0.73,0.44,32.59,348.92,-0.529,-0.104,0.843,-0.6,0.2,-0.96,0.27,0.9,0.2,-0.3,-4.0,-0.2,1.2,0.7,-1.2,-10.7,0.3,-1.0,-2.1,-6.2,-0.7,-0.9,-0.3,-0.6,2.1,1.8,-1.2,-2.2,1.9,1.7,5.0,-0.2,2.7,1.4,3.6,0.3,-1.4,-4.4,1.2,1.0,7.7,-1.3,0.9,5.4,3.2,-2.8,-0.3,-0.4,2.3,1.1,-0.9,-1.8,-0.7,-1.6,-4.1,-1.1,-2.3,-5.3,-0.5,4.9,1.4,0.4,13.4,1.3,0.9,2.7,1.8,0.2,0.7,-0.6,1.0,1.8,-1.6,-0.8,-2.5,-2.4,-1.3,-1.6,-0.8,-1.6,1.9,0.4,-0.3,0.2,0.4,-0.0,2.4,-0.7,2.0,-1.6,-2.2,-2.3,-3.2,-1.1,-4.4,-1.1,-3.0,-5.4,-2.1,-4.9,-2.7,10.3,-5.6,-10.1,-8.1,-2.3,-13.3,-1.1,-4.8,-1.2,12.4,-3.0,2.7,6.7,2.8,-0.6,5.1,4.3,5.0,3.4,2.6,3.0,2.6,2.1,3.3,-2.9,-6.3,6.1,3.3,-1.3,3.5,-0.0,0.2,3.6,5.2,1.0,3.7,-0.5,-3.4,0.6,1.1,-3.0,-0.3,2.6,2.9,-0.7,-0.5,-0.1,1.7,2.6,5.1,0.1,0.2,1.9,1.5,0.8,-1.0,0.7,3.5,1.8,2.9,2.7,0.6,2.4,-2.2,-1.8,-0.2,0.3,0.8,-1.3,-4.7,-2.8,-0.5,-4.5,-1.8,-2.1,0.3,-2.5,-2.8,-7.3,-1.5,-3.7,-6.8,-10.3,-4.7,-0.6,0.3,-1.5,-7.4,1.6,3.9,1.2,0.8,-1.0,9.8,2.7,-10.7,3.8,-4.1,-4.0,-5.3,-6.5,-1.4,-5.3,-2.0,-4.4,-2.6,-3.1,-4.6,-4.2,-6.8,-6.9,-9.6,-3.5,-5.0,-0.7,-1.4,-0.6
2C7L515wyK,0,48.1022,11.624212,4442017.68,2777845.64,540.8,586.5,247,7276,3.9,0.62,0.55,32.63,348.96,-0.529,-0.103,0.842,-0.7,0.2,0.55,0.3,2.6,0.3,-0.3,-3.1,-5.2,-4.4,-4.4,-4.7,-3.9,-3.4,-7.3,-2.7,-7.6,-3.0,-2.7,-2.0,1.0,-0.4,0.2,-1.6,-1.8,-1.2,-1.7,-2.5,-0.6,4.5,4.4,3.5,8.3,4.6,8.2,8.1,6.7,-6.7,1.0,4.1,4.5,4.2,2.5,7.0,5.7,4.8,6.8,5.4,3.3,8.5,6.0,6.5,5.9,3.2,2.7,7.8,3.8,5.3,6.8,3.8,3.5,4.0,2.5,1.9,5.1,2.5,-3.4,-4.9,-0.2,-3.3,-4.0,-9.6,-7.5,-4.3,-7.8,-2.5,-2.4,-5.7,-2.9,-6.9,-2.4,-2.9,-2.6,-4.0,0.3,-2.7,-6.4,-12.4,5.4,3.9,2.0,3.4,-6.0,-2.5,-5.0,-2.9,2.7,-3.0,-2.1,-5.3,0.4,-3.6,1.1,-6.7,0.7,2.2,-1.0,-3.9,0.6,-0.0,1.8,-0.1,-1.0,-2.1,-6.2,-0.3,-1.3,1.1,-0.5,-1.3,-0.8,-1.3,-7.5,-10.3,-0.3,0.6,-3.4,-10.2,-0.7,0.3,0.2,-0.4,2.1,-8.0,2.1,3.9,-4.6,-1.9,2.8,0.4,1.3,1.0,-0.1,4.4,-0.9,1.7,4.8,2.7,-0.6,-2.5,-4.9,-4.2,-3.1,-5.6,-4.1,-6.0,-2.5,-14.6,-5.7,-1.8,-3.5,-3.6,-6.0,-5.2,-8.3,-4.1,7.8,-5.7,-3.2,-0.2,-2.3,-3.0,1.1,0.1,-8.5,-0.2,4.1,1.8,-2.4,-3.5,-4.5,1.2,9.4,0.8,1.1,-6.7,2.2,0.0,-2.8,1.6,1.4,0.6,1.4,-7.6,-4.0,-4.1,-4.4,-1.4,-4.5,-2.9,-2.4,-2.3,-4.6,0.9,2.2,-3.2,1.8,-0.2,-14.2,-4.4,2.1,-6.1,6.8,-5.7,-0.8
2C7L515wz1,0,48.102507,11.626603,4442195.09,2777883.7,538.8,584.5,247,7319,4.6,0.6,0.49,32.64,348.96,-0.529,-0.103,0.842,0.4,0.2,-0.82,0.35,2.1,0.3,-0.3,2.0,1.3,4.8,4.7,-0.9,1.8,-1.7,-1.2,-0.7,-5.5,-2.2,-2.0,-1.0,-2.2,-0.4,1.7,3.0,0.0,-4.9,1.2,-6.8,-2.3,3.9,0.3,3.8,0.9,-3.7,5.2,0.5,-3.9,-7.7,-4.7,-0.9,-0.1,-5.1,-2.6,-2.1,-2.8,-0.6,0.1,3.5,4.8,-2.0,-0.1,-1.0,-2.9,-5.6,-2.4,-2.1,-0.3,-0.6,3.7,-0.4,1.4,1.3,2.6,-0.5,0.8,-0.7,-1.0,0.5,2.4,1.2,-1.0,-1.2,6.6,10.0,5.7,5.1,4.9,8.8,18.5,-1.7,12.4,0.8,-2.0,-1.4,0.1,-5.3,-1.6,-0.5,-1.4,11.3,0.6,2.6,-2.4,-0.2,-7.2,-2.0,-0.5,1.6,-6.1,4.1,3.6,1.8,-1.2,-1.8,10.5,-4.4,-1.1,-2.4,-2.5,3.6,16.3,-2.1,1.4,0.7,-1.8,5.8,-5.1,2.1,3.3,0.4,0.5,4.6,-1.0,2.0,-0.2,0.3,2.7,-2.3,-4.0,-4.2,7.6,9.6,11.7,8.3,6.8,-3.9,-0.4,-2.3,-9.7,-7.7,-0.6,-1.2,-4.8,-1.8,-9.6,4.8,-0.5,8.9,1.2,5.8,3.3,5.7,5.8,5.8,2.6,2.3,5.8,6.7,5.1,4.5,3.5,10.0,2.5,-3.7,-1.0,4.9,1.6,-1.7,3.8,6.7,1.3,3.5,-2.1,-1.7,-8.9,-3.8,-1.6,4.6,-2.3,-0.5,-1.1,0.3,-1.8,6.4,0.9,17.6,1.8,3.0,-0.0,-3.0,1.4,-0.3,-0.8,1.5,2.3,8.2,-2.5,10.3,6.3,16.1,-7.2,-9.1,-6.1,-3.7,-4.2,13.6,-5.6,-4.3,-8.2,-1.4,3.3,1.1,6.2,-3.0,3.6
2C7L515wz3,0,48.102542,11.626872,4442215.04,2777887.96,545.4,591.1,247,7321,2.8,0.83,0.37,32.65,348.96,-0.529,-0.103,0.842,-0.4,0.1,0.26,0.21,1.1,0.2,-0.3,-0.8,-3.4,-0.6,-5.2,-2.1,-0.5,-1.7,-2.3,-0.9,14.7,-0.4,3.6,-2.3,-0.1,0.5,-0.3,2.4,-1.8,1.6,10.8,-0.2,4.4,-0.4,3.2,4.8,2.2,3.0,3.2,-0.4,0.5,-7.6,-2.8,-0.9,1.7,0.7,0.3,3.0,-0.9,1.9,3.9,3.8,3.4,0.6,0.9,-0.5,-0.0,1.2,-1.8,0.4,0.0,0.8,-1.3,-0.8,0.3,-1.6,-1.1,1.4,-3.9,-0.7,0.2,0.2,-2.0,8.3,-3.5,-0.7,-6.1,1.4,-6.1,-2.4,-1.2,-4.0,-2.5,-7.5,0.4,0.1,-0.4,-1.1,0.2,2.5,0.4,-0.4,0.8,0.4,0.7,-0.9,0.8,1.0,-1.9,3.7,1.1,-1.6,-1.3,-1.1,-0.6,-3.9,-0.5,-2.3,2.3,-0.3,-0.9,-2.3,-2.0,1.2,2.4,-0.1,1.1,-0.0,2.8,-0.2,-1.1,-1.9,-0.2,-1.0,0.1,-1.0,-2.1,-2.9,-2.8,-3.2,-2.9,-1.0,-2.0,-4.1,-1.7,2.0,0.7,1.2,-0.1,0.2,-2.0,0.7,1.0,1.6,1.6,-1.1,-2.5,3.0,-4.1,3.2,1.3,-5.9,-1.5,-0.8,-0.6,0.0,-2.5,-10.5,-2.4,-1.0,-0.5,-3.1,-5.9,-1.6,-2.5,1.9,-2.1,-1.1,-0.6,-0.1,-0.4,0.5,4.0,1.0,-2.9,2.6,-6.7,-2.1,1.4,1.7,0.3,2.7,-3.0,-4.8,-5.2,-6.3,-2.4,0.4,-2.8,11.6,-3.8,-1.8,-3.1,-3.4,0.1,-2.9,1.5,-5.3,2.7,1.4,-3.7,-3.2,-1.6,0.5,1.4,1.2,-0.9,1.4,-0.1,-6.2,0.5,-2.7,0.3,-1.4,-4.1,-5.5,-1.6,-2.1,-2.2
2C7L515wz7,0,48.102553,11.626958,4442221.41,2777889.35,537.6,583.3,247,7325,2.4,0.88,0.34,32.65,348.96,-0.529,-0.103,0.842,-0.0,0.1,-0.05,0.18,0.3,0.2,-0.3,-1.7,-4.8,-1.9,-2.6,-0.8,6.4,0.1,-0.8,-0.1,1.6,1.4,7.0,2.3,1.7,2.0,1.9,2.1,-1.5,3.2,1.7,0.8,3.1,0.9,0.6,1.3,0.5,2.3,1.6,-0.4,0.3,-9.6,-4.5,-4.0,1.7,-2.2,-1.0,0.1,-2.7,2.7,1.3,-0.1,6.3,-1.1,-0.1,-1.2,-1.3,-2.5,-0.8,-2.5,0.0,3.3,0.4,-0.2,-1.2,0.1,0.1,-0.9,0.5,0.8,-0.7,-6.2,1.1,-0.2,-1.1,-2.6,0.2,0.5,-2.0,-0.3,-0.2,-0.9,0.2,-0.3,1.0,-0.1,-1.5,-0.4,0.4,1.7,-1.2,-0.7,-1.8,-2.4,0.8,1.3,-0.5,-0.4,-2.0,-0.8,-0.2,-1.5,1.2,-2.0,1.6,-1.8,2.8,0.3,-0.6,2.0,0.1,-2.1,0.9,0.8,2.7,13.9,1.5,4.1,-0.0,0.8,0.3,0.1,0.2,-0.4,-0.1,1.9,0.5,-0.7,0.4,0.4,0.5,0.1,0.9,3.0,-0.1,1.2,1.3,1.1,-0.9,-1.3,-2.2,0.0,4.1,1.9,0.9,-1.4,-1.3,-0.3,-6.1,4.1,7.7,4.1,3.5,-0.9,0.1,-0.6,-0.6,-0.2,0.4,2.0,-0.6,-3.3,1.5,-0.3,2.6,0.7,-2.0,-1.1,-3.6,1.6,1.1,2.4,2.2,1.8,-1.1,-1.5,1.6,2.1,-1.1,0.3,1.3,0.5,-2.2,-0.1,0.9,-7.6,-2.3,-0.7,0.0,-3.5,-0.1,-1.5,-0.9,-2.4,-1.8,-0.3,1.9,1.9,0.1,-0.7,-2.4,-1.0,0.0,-1.1,-3.8,-1.5,2.8,3.2,5.5,3.4,-1.4,1.9,-2.4,2.1,0.5,0.8,3.6,0.7,-3.5
2C7L515x0M,0,48.103107,11.631273,4442541.56,2777958.03,534.3,580.0,247,7402,3.2,0.8,0.47,32.67,348.96,-0.53,-0.103,0.842,-0.8,0.2,-0.57,0.25,0.1,0.2,-0.3,-2.2,-3.4,-3.0,-2.6,-4.1,0.1,0.2,-1.6,-2.3,6.9,1.4,4.1,-2.3,5.5,-2.6,-0.2,1.8,0.3,-0.5,1.3,1.3,2.9,2.7,2.0,3.0,5.1,3.1,3.0,2.8,0.6,-0.2,-2.8,0.6,-1.6,-0.4,1.4,1.1,-1.1,3.4,1.2,0.2,2.0,-3.1,2.3,-3.5,-0.4,-5.0,-2.5,3.2,3.2,0.8,1.7,1.1,-0.8,1.4,4.9,3.2,0.6,0.5,0.0,2.5,2.5,-5.0,1.1,1.6,8.7,-0.5,1.9,2.4,-0.9,3.3,0.6,3.0,3.9,0.1,-0.3,1.9,1.1,0.3,0.2,2.5,0.8,1.4,-0.1,0.8,0.0,0.6,0.9,0.4,-0.5,0.7,4.4,-0.2,1.0,1.9,-4.0,1.7,0.1,0.1,-7.4,15.6,1.6,0.4,0.4,1.1,3.3,1.0,8.4,0.8,-2.8,-1.7,1.4,-0.2,-0.3,1.4,-6.3,-0.4,-1.6,-1.3,1.9,-2.9,-1.0,-0.7,0.2,0.4,0.1,-1.9,-0.7,-0.1,-2.4,-1.6,-0.1,-0.4,-1.0,-2.4,-3.2,-1.9,-5.0,3.6,5.1,2.1,12.7,-7.9,-5.4,5.2,-0.9,2.0,1.2,-2.9,-11.5,0.2,-1.9,1.4,-1.8,-1.2,0.4,-2.3,-1.0,0.1,0.2,-0.4,-0.6,-2.3,-6.2,-3.0,-0.9,-2.4,-0.2,0.6,0.4,-1.4,-5.2,-11.3,4.6,-0.2,9.3,-4.9,-5.4,3.3,-0.5,0.3,-5.0,2.9,-3.2,0.1,-2.4,-3.3,-3.4,-1.4,-2.7,-9.6,-3.5,0.5,-4.2,-8.8,-1.1,0.5,-4.2,1.1,-4.5,-1.2,-3.2,-1.7,-3.2,-9.4,-5.9,-0.1,-6.2
2C7L515x13,0,48.103433,11.633811,4442729.77,2777998.39,539.8,585.5,247,7445,3.8,0.69,0.44,32.68,348.96,-0.53,-0.103,0.842,-0.6,0.2,0.16,0.29,2.5,0.2,-0.3,9.2,1.3,-1.2,-4.1,8.2,5.3,-3.8,1.9,5.9,4.4,1.6,4.6,1.6,-1.0,-2.1,-1.9,-3.6,-3.9,-9.5,-4.8,-4.3,-6.0,-6.7,-7.3,-9.0,-5.0,-7.0,-1.5,-3.1,-8.0,-10.2,-10.2,-18.9,-12.9,1.2,-9.5,-2.9,-5.7,-9.2,-6.1,-11.3,-20.7,-15.0,-2.8,-9.4,2.1,-19.2,-3.9,2.2,-3.5,-2.7,0.4,-4.1,-1.1,-6.9,-5.2,-7.0,-4.8,-7.3,-5.6,-6.3,-2.0,-2.0,-2.6,-2.8,3.3,-3.6,-1.1,-1.1,-2.8,4.5,-3.1,2.4,0.2,-4.0,-2.2,-4.2,-5.4,-5.0,-5.3,-7.2,-10.8,-7.7,-4.4,-5.7,-8.1,-5.4,-6.2,-4.9,-18.0,2.6,-5.4,-0.2,-11.3,-0.5,-1.3,-3.6,-3.8,-4.4,-8.8,-6.7,-7.8,-4.7,-7.5,-7.9,-7.6,-6.6,-7.0,-7.7,-6.4,-4.2,-4.5,-3.0,-4.8,-2.5,-2.1,1.6,-6.8,-1.9,-4.1,-2.0,-7.3,-7.5,-7.9,-8.4,-6.4,0.8,-4.2,-3.2,-8.0,-11.3,-4.4,-3.6,-4.1,-2.0,-7.0,-4.5,-5.2,-8.1,-2.5,-7.8,-7.1,-4.3,-7.8,6.0,-4.4,-6.7,-3.4,-5.9,-5.0,-4.9,-3.6,-6.5,-2.4,-5.9,-1.3,-3.6,-3.0,-2.9,-4.7,-7.1,-11.4,-5.4,-9.7,-9.5,-5.1,-6.5,-8.1,-2.2,-8.6,-7.2,-9.4,-9.6,-7.2,-8.2,-2.8,-5.8,-5.8,-0.3,-2.2,-6.0,-3.9,-6.9,-6.8,-6.4,-8.2,-1.7,-5.1,-7.2,-9.1,-11.1,-6.9,-11.3,-10.2,-7.4,-5.5,-10.3,-10.2,-3.6,-6.7,-7.9,-8.5,-6.0,-7.7,-1.5,-8.5,-5.5,-3.7
2C7L515wxV,0,48.10185,11.621343,4441804.79,2777802.04,544.4,590.1,247,7225,2.4,0.88,0.39,32.59,348.92,-0.529,-0.104,0.843,-0.6,0.1,-0.34,0.18,0.2,0.2,-0.3,2.5,-3.2,-2.5,-0.4,0.4,2.4,-2.2,0.8,1.0,1.8,-1.0,-1.2,-3.2,-3.6,-1.2,-2.3,-1.2,-2.3,1.5,0.1,0.5,0.2,1.8,2.4,3.8,2.2,1.9,2.0,2.0,-0.8,-15.8,-4.1,-0.9,-0.3,1.5,-0.7,1.5,-0.1,2.7,3.5,3.9,-1.8,3.7,-3.4,0.3,-0.2,1.3,-0.4,-1.6,1.6,1.6,1.8,4.5,5.2,0.0,8.5,-1.9,0.5,3.4,1.4,1.7,-2.0,1.7,-2.6,-0.3,4.9,-2.8,-1.8,-4.6,-2.7,-0.7,0.2,5.1,0.3,-1.4,1.3,-1.5,-2.1,-2.2,-0.8,-1.6,2.8,3.1,0.9,-0.7,2.3,1.5,-4.0,-2.2,1.4,-2.2,0.2,-1.3,-3.5,-1.7,-1.3,0.6,1.1,-0.6,0.8,-1.5,-0.6,2.9,0.5,-0.2,2.0,-0.6,1.2,-1.2,2.2,-0.1,-0.1,-0.4,-1.8,2.9,-0.5,-5.1,-1.7,0.5,-1.2,-1.0,0.8,-0.7,-1.2,-0.3,0.8,-0.2,-1.0,-0.4,0.5,-1.0,-3.3,-0.5,-0.4,-2.2,-2.6,0.6,-4.7,0.6,-0.2,-2.3,0.4,0.9,-0.7,1.4,1.9,-1.0,-1.4,0.4,-1.1,0.7,0.5,0.8,-1.6,-4.4,2.0,1.4,-0.1,-3.4,-2.8,-7.7,-2.5,0.9,-2.0,-0.7,1.3,-1.7,-3.7,0.5,-4.1,-2.1,-3.2,-2.1,-1.7,-1.2,-2.6,-1.7,-5.2,-0.3,-3.8,-7.4,-3.0,-0.4,-0.9,2.0,-0.6,-0.7,1.3,0.6,-4.0,2.5,-5.0,1.1,-2.6,-0.4,-3.2,-1.1,0.0,-3.6,-1.1,-5.2,-3.5,-3.6,-2.0,-6.7,-3.7,-4.2,-4.2
2C7L515wy5,0,48.102113,11.623391,4441956.76,2777834.64,543.9,589.6,247,7261,2.4,0.85,0.35,32.6,348.92,-0.529,-0.104,0.842,-0.6,0.1,-0.82,0.19,0.5,0.2,-0.3,-0.5,-1.0,-1.3,0.7,1.5,-1.4,4.3,1.5,1.9,-1.5,2.5,2.2,2.1,2.4,2.8,2.8,1.7,-0.1,2.5,1.5,0.6,-5.9,2.9,3.3,1.7,3.3,5.4,2.3,2.8,-1.8,3.0,-1.5,-1.7,-12.9,4.7,0.5,5.3,4.3,3.3,3.6,3.5,2.6,3.4,0.6,4.3,0.1,0.3,2.3,1.0,0.7,0.4,2.2,3.2,2.1,1.8,0.8,1.2,-0.4,2.1,1.6,2.8,0.8,2.7,0.1,-4.3,0.8,2.9,-0.3,1.4,3.3,3.8,3.6,2.8,2.5,-1.7,-1.4,0.3,4.2,3.3,8.6,3.4,4.3,2.7,4.8,6.0,1.2,2.0,-6.0,-1.1,2.6,3.4,8.4,-2.1,4.1,2.4,5.0,3.1,4.8,3.9,6.4,5.1,0.8,3.5,5.9,2.9,4.7,4.1,3.6,3.7,4.1,3.8,5.9,3.4,3.2,4.1,2.0,-0.6,1.1,2.8,2.4,3.9,5.3,4.3,5.1,1.1,0.2,-1.2,1.2,1.9,5.0,0.7,0.1,-1.1,1.9,-1.6,-0.3,-0.6,2.4,4.0,3.2,-1.9,2.1,3.0,3.3,3.4,2.1,2.9,1.4,1.3,-0.3,-0.9,-0.4,-0.4,1.2,0.8,-0.6,0.9,0.0,0.3,-0.3,0.8,1.5,0.5,0.3,1.6,4.8,1.3,-5.9,3.1,0.1,2.2,0.7,1.6,-4.4,-2.9,-2.5,-3.8,-1.1,0.5,-1.9,-2.9,-0.9,-0.7,-1.7,-3.7,-2.2,-2.9,-1.4,0.5,-1.5,-2.6,5.9,1.1,-5.0,-0.1,1.9,4.5,-0.0,1.2,-2.0,-2.5,-1.8,-1.3,-0.7,1.0,-1.7,-2.6,-1.9
2C7L515wy6,0,48.102111,11.623372,4441955.32,2777834.34,540.2,585.9,247,7262,4.5,0.64,0.5,32.6,348.92,-0.529,-0.104,0.842,-0.4,0.2,-0.82,0.34,0.3,0.3,-0.3,7.1,4.5,13.5,1.7,4.7,0.6,3.0,1.4,0.1,1.8,3.6,-0.9,-0.2,1.0,4.6,2.9,-0.9,-4.0,-2.4,-1.1,-4.3,-10.5,-0.9,-1.2,-3.6,0.3,1.9,-2.9,1.5,-3.3,-9.1,-1.8,-6.7,-15.1,5.6,-1.8,0.6,6.2,3.8,6.5,1.2,0.9,2.9,3.0,1.5,0.7,-0.7,0.5,0.8,-1.4,2.6,0.4,3.9,1.2,-1.1,-0.7,2.5,-0.3,2.0,-1.0,4.8,-1.6,5.6,-1.5,-7.3,-9.3,1.6,3.1,-5.1,-0.1,0.7,-3.7,12.1,-8.8,-10.5,-10.0,-11.1,13.2,12.3,10.8,3.6,5.6,0.1,1.3,-1.5,7.1,1.7,13.0,11.6,0.9,8.2,6.6,-0.1,3.3,-1.3,2.3,0.9,2.3,0.9,0.4,2.3,-1.0,3.0,3.7,1.8,6.0,2.2,0.7,-1.1,5.0,3.7,8.2,10.0,6.8,1.7,2.1,-0.3,1.5,2.3,3.1,0.5,4.8,4.3,3.2,9.7,9.8,11.4,-1.1,2.2,5.1,10.7,-7.4,2.2,-2.5,-1.2,-0.2,-3.1,-0.5,1.3,0.1,-3.7,-1.4,-0.4,0.5,-1.9,-2.3,-1.1,-0.5,0.9,3.5,-2.3,-2.5,-2.1,1.4,3.0,-4.0,-4.0,-1.9,7.0,0.0,-4.1,1.7,-1.1,-1.2,1.9,3.1,2.5,-0.2,1.9,4.7,3.5,2.3,3.0,-3.0,-12.9,3.5,-2.1,-1.1,1.5,-3.6,-0.9,-4.1,0.1,-3.0,0.4,-2.2,-1.8,-7.5,1.3,1.0,2.3,6.0,-0.2,-1.6,2.0,1.8,2.2,1.6,-1.6,-0.4,-4.9,-0.3,-2.8,-1.7,-1.6,-0.0,-3.3,-5.6
2C7L515wy8,0,48.102113,11.623393,4441956.86,2777834.68,534.8,580.5,247,7264,3.6,0.71,0.46,32.63,348.96,-0.529,-0.103,0.842,-0.2,0.2,0.12,0.28,2.1,0.2,-0.3,1.8,2.3,0.6,-0.0,0.6,1.1,-1.6,0.4,1.0,2.0,1.4,1.0,2.1,0.5,0.9,2.3,2.0,0.3,1.6,1.4,0.0,3.3,3.2,1.2,2.5,3.2,3.3,3.0,3.8,-0.7,11.3,-4.0,-3.6,-1.5,-2.2,1.8,-1.0,5.3,6.5,4.2,4.7,2.3,5.5,-2.7,5.5,-3.4,2.9,5.6,5.7,2.4,13.8,-3.7,-3.9,-3.7,-4.4,-2.4,-5.1,0.1,-1.6,-2.1,-0.4,-2.3,1.4,-0.5,-8.3,-12.2,-0.2,-3.7,-1.3,-2.8,-4.2,-3.4,1.3,0.6,-3.6,-2.2,-0.5,4.9,2.2,-0.2,1.9,4.0,4.4,5.3,0.5,2.5,4.5,3.9,4.9,3.7,-0.2,2.0,-0.4,1.1,-0.8,4.8,1.9,3.6,-5.4,4.1,4.6,6.6,6.7,5.6,0.4,4.7,2.6,1.6,-2.6,1.7,5.3,3.3,3.2,3.3,4.5,4.6,1.7,9.0,-9.5,-4.6,-2.3,-4.2,-11.3,-3.1,-3.8,-2.8,8.3,0.1,8.0,14.4,2.0,2.5,2.9,0.4,-0.3,-3.6,-3.1,0.4,5.4,0.6,4.9,-0.6,-2.7,3.5,2.4,-2.9,-0.8,-1.7,1.0,4.0,-2.5,-1.8,1.0,2.3,2.8,-2.2,-0.1,3.5,2.7,-0.7,-1.0,3.3,9.1,-3.2,-0.5,1.5,3.9,-3.3,2.7,7.1,0.2,-0.2,-1.8,-0.7,-1.2,-2.8,-3.8,-2.7,2.8,-2.5,-3.4,-3.3,-3.7,-1.3,-1.9,0.4,-2.2,0.0,1.8,-5.2,0.5,2.0,1.0,-0.6,-0.0,11.0,14.4,7.0,-0.7,-1.2,0.2,-3.2,-2.7,-0.4,0.7,-2.0,2.2,2.1
2C7L515wyl,0,48.102402,11.625641,4442123.66,2777870.46,536.6,582.3,247,7303,1.6,0.92,0.23,32.64,348.96,-0.529,-0.103,0.842,-0.8,0.1,-0.17,0.13,1.0,0.1,-0.3,-0.2,-1.6,-1.6,-0.6,-1.3,1.0,-0.6,-1.6,-0.5,1.8,0.8,1.7,2.6,1.1,2.3,3.0,2.7,2.8,2.1,3.3,0.8,2.6,-0.3,1.2,3.8,5.1,3.7,2.0,-0.4,0.5,-8.0,-0.8,1.6,2.3,0.1,1.0,4.6,1.3,5.4,4.5,0.4,2.5,1.4,0.8,1.3,1.0,1.1,-0.9,0.1,1.7,3.4,2.2,1.6,3.0,1.3,1.7,2.0,1.3,1.0,1.5,1.3,1.2,-3.6,2.1,2.9,1.8,0.9,2.1,1.3,3.0,4.4,4.1,3.4,2.8,4.8,4.0,4.1,4.5,4.2,2.3,3.2,1.5,1.7,2.9,2.7,3.2,2.0,0.1,3.4,2.0,0.8,-0.0,-0.9,0.6,-3.8,0.7,-0.5,1.3,1.0,0.2,-0.8,0.1,-2.0,-1.2,-0.5,0.1,0.4,-0.7,-0.0,-0.9,-0.0,-0.5,-1.3,-2.6,-1.4,-0.9,-3.0,-1.7,-1.9,-1.5,-0.6,-1.2,0.9,0.3,1.8,3.1,-0.2,0.7,-0.7,-0.9,0.3,-0.5,0.0,-1.0,-0.8,-1.0,-0.0,-4.5,0.7,1.3,-1.2,-1.4,-1.2,-0.6,-2.1,-2.7,0.3,-1.6,-0.8,-0.4,-2.5,-2.3,-1.9,-0.6,0.2,-0.9,-0.1,-0.5,1.0,-1.6,0.2,0.6,2.2,-2.7,-2.8,1.1,-0.2,-3.3,0.1,-0.5,-1.2,-3.2,-2.9,-1.1,-1.2,-1.5,-2.2,-1.4,-7.8,0.7,-1.6,-2.0,-1.4,-1.1,-1.7,0.3,-1.1,-0.2,0.5,-3.3,-3.4,-2.6,-3.0,-2.2,-1.9,-3.0,-2.3,-3.5,-3.3,-3.2,-1.5,-2.5,-2.7,-3.1,-1.2,-1.5,-2.5,-0.7
2C7L515wz9,0,48.102587,11.627078,4442230.27,2777893.32,539.1,584.8,247,7327,4.2,0.7,0.43,32.65,348.96,-0.529,-0.103,0.842,-0.8,0.2,0.04,0.32,0.3,0.3,-0.3,-0.4,2.1,0.2,2.2,2.7,5.4,4.5,-8.2,0.5,2.4,0.8,4.2,2.0,4.1,-0.3,3.9,-0.1,6.1,-14.5,-3.5,0.5,-0.2,-0.0,0.8,-0.0,2.9,2.2,0.3,-4.9,-1.6,-3.2,-4.6,-4.8,-3.9,-7.5,-6.4,-3.9,-4.3,1.4,-1.4,-2.8,0.9,-0.9,1.9,1.2,-4.1,0.1,1.8,-0.4,0.3,-0.3,-5.1,-1.6,-1.8,-0.2,1.6,3.7,-2.9,2.0,0.3,-0.2,3.4,6.4,3.2,2.8,1.6,-3.8,3.5,-2.4,-0.6,4.2,-1.4,0.0,1.1,-0.5,-0.5,-1.9,-4.7,-12.9,1.4,-8.1,3.2,2.5,-1.6,3.9,2.7,9.5,2.3,3.5,3.8,-7.3,-0.8,-2.8,3.3,2.0,-14.2,2.3,11.6,13.7,-9.4,13.0,-2.4,3.4,8.9,-2.9,2.7,0.8,-0.9,-2.0,-5.5,2.8,0.6,1.9,-2.6,-0.3,-6.4,-2.4,0.3,1.9,-6.7,-0.8,-13.5,6.6,-15.8,-3.7,-0.3,-2.1,-1.1,0.8,-3.5,-3.0,1.1,0.7,-0.5,-4.9,-4.8,-1.4,-2.7,0.5,0.4,-2.6,0.0,-4.2,-11.2,-7.4,-3.4,-0.5,-1.9,-2.3,-2.3,-1.4,-3.9,-3.4,-2.7,-0.4,-2.6,2.0,-0.5,-3.6,-2.7,-3.5,-4.5,4.7,-3.8,-1.4,0.5,-6.2,-7.7,2.2,-1.0,-3.4,-6.6,-4.1,-1.2,2.0,0.2,-2.6,-5.3,-0.4,-5.1,-7.0,-4.1,-3.0,-3.2,-9.3,1.2,-1.2,-5.8,-0.6,-6.0,-9.3,-4.7,-2.4,-4.9,-2.5,-0.6,-0.2,-1.3,-0.7,1.5,1.2,-0.5,-2.2,-3.7,-1.8,-0.3,-7.9,-6.0
2C7L515wzu,0,48.102933,11.629771,4442430.07,2777936.17,540.8,586.5,247,7374,2.1,0.86,0.26,32.66,348.96,-0.53,-0.103,0.842,-0.9,0.1,-0.15,0.16,2.0,0.1,-0.3,2.4,0.9,0.3,1.4,0.3,3.1,1.5,3.1,-0.6,-3.5,-2.6,4.7,-1.4,-3.3,-3.0,-4.4,-3.6,-5.1,-5.4,-5.9,-3.8,-3.8,-2.8,-2.2,-2.2,-2.1,-2.7,-0.6,-0.9,-2.9,-4.6,-9.0,-8.1,-6.1,-5.5,-6.7,-3.7,-1.8,-2.6,-2.0,-1.6,-2.0,-2.9,-2.2,-1.7,-2.9,-5.1,-0.9,0.1,1.2,0.1,-0.1,0.3,-1.0,-1.4,-1.6,-0.7,-0.2,1.3,-1.0,-1.3,-1.3,-4.9,-3.2,7.7,1.0,-2.3,-5.7,-2.0,-2.7,-4.4,-1.7,-2.0,-1.7,-4.2,-2.9,-2.2,-3.4,-3.5,-4.6,-5.4,-5.0,-4.6,-2.8,-2.7,-2.3,-3.2,-3.4,-5.1,-1.3,-3.7,-4.1,-4.4,-2.5,-2.1,-1.1,-2.4,-0.5,-1.2,-1.5,-3.5,-1.2,-2.6,-1.7,-1.2,-2.6,-3.1,-1.7,-2.6,-1.8,-1.1,-2.0,-1.1,-0.6,-1.1,-1.4,1.4,-0.4,0.4,-1.1,3.4,0.0,-1.5,-1.6,-2.4,-3.5,-2.7,-4.0,-3.7,-4.7,-5.7,-5.3,-4.7,-3.7,-7.6,-6.9,-7.3,-10.0,-1.9,-1.0,-1.4,-4.1,-2.4,-3.4,-0.4,-0.5,-7.4,-2.8,-3.6,-3.0,0.2,-3.9,-3.9,-3.7,-4.5,-3.1,-3.9,-4.3,-3.4,-4.0,-5.5,-7.0,-5.8,-8.9,-8.6,-2.2,-7.3,-8.2,-3.7,-3.7,-4.5,-8.1,-6.5,-7.1,-3.0,-8.4,-3.4,-4.6,7.4,-2.2,-6.5,-4.8,-4.9,-4.5,-7.3,-4.7,-7.1,-5.0,-6.3,-9.7,-11.4,-2.5,-6.0,-4.4,-6.7,-6.2,-7.3,-7.4,-6.0,-8.7,-5.2,-2.8,-2.8,-2.3,-1.1,-5.3,-3.6,-4.9
2C7L515wzv,0,48.102943,11.629852,4442436.07,2777937.46,542.0,587.7,247,7375,3.7,0.69,0.47,32.66,348.96,-0.53,-0.103,0.842,-0.6,0.2,0.25,0.28,2.3,0.2,-0.3,-0.2,-1.9,-0.5,-1.0,-0.5,1.3,-1.8,1.1,-5.2,-3.9,-2.5,4.2,-6.4,-5.3,-4.4,-3.2,-3.0,-4.5,-6.2,-5.3,-3.7,-5.9,-3.7,-3.3,-3.7,-4.6,-4.7,-1.9,-4.1,-1.4,-10.8,-8.9,-7.0,-9.3,-7.9,-5.8,-3.0,-3.8,-5.9,-3.6,-2.6,-5.9,-4.9,-10.4,-8.9,1.3,-18.1,1.6,5.9,1.9,-3.3,-2.2,-2.9,-6.0,-6.3,-9.2,-5.9,-0.7,-0.4,-3.0,-3.8,-3.2,-7.6,-4.6,1.6,-1.3,-4.2,-2.4,-3.7,-6.8,-9.4,-8.5,-4.1,-3.2,-8.0,-4.3,-6.7,-8.4,-7.2,-8.0,-7.6,-4.7,-6.8,-3.0,-1.2,-6.4,-10.5,-3.7,-5.4,-8.1,-20.2,-4.8,-6.0,-6.8,-9.0,-2.3,-4.4,-5.7,-11.6,-8.6,-10.3,-3.3,-6.4,-3.6,-6.1,-6.8,-6.6,-8.2,-10.5,-5.4,-4.1,-4.8,-2.4,-3.1,-4.1,-5.4,-1.5,-4.5,-3.3,-4.5,-2.2,-4.0,-5.7,-6.5,-3.1,-4.1,-4.3,-7.4,-9.7,-7.2,-7.2,-10.0,-8.9,-5.6,-8.0,-9.0,-9.2,-12.4,-5.9,-0.3,6.5,-6.5,-0.7,1.1,1.3,-0.0,-5.6,0.0,2.6,-3.2,-1.8,-1.7,-8.0,-10.9,-12.8,-4.7,-6.8,-1.9,-4.8,-3.2,-7.3,-8.1,-7.4,-8.9,-11.6,-0.4,-5.0,-8.4,-1.6,-3.9,-6.4,-7.5,-6.8,-0.1,-3.6,-9.6,0.1,3.2,-16.2,-7.3,-10.2,-5.5,-5.0,-5.8,-6.9,0.5,-5.8,-3.1,-9.4,-13.4,-12.8,-1.4,-16.9,-23.2,-6.6,-3.6,-13.5,-11.0,-6.6,-10.9,-6.1,-4.8,-3.6,-6.2,-0.1,-2.1,-3.4,-1.6
2C7L515wzz,0,48.102965,11.63002,4442448.5,2777940.13,538.5,584.1,247,7379,3.2,0.77,0.69,32.66,348.96,-0.53,-0.103,0.842,-0.7,0.2,0.09,0.24,1.6,0.2,-0.3,-2.8,-1.2,-2.2,-1.8,-1.8,1.1,-4.1,-0.9,-1.4,-1.8,-1.4,2.6,-1.0,-2.0,-2.9,-0.7,-0.3,-0.0,-3.5,-2.2,-5.6,-4.9,-6.2,-0.9,-3.9,-0.1,-5.3,1.6,2.0,-0.3,-7.1,-6.0,-5.2,-4.0,-4.0,-1.2,-0.7,4.2,-5.3,-0.9,-3.1,-4.6,-0.7,-2.4,-0.5,-1.0,-9.0,-11.2,-4.7,1.4,3.6,7.0,-0.8,1.2,0.1,-2.2,-3.6,0.1,0.1,-0.6,-0.7,-0.3,-5.5,0.4,-2.4,-0.3,-1.5,-0.9,-1.5,-2.4,-2.2,-3.3,-3.1,-2.7,-2.6,-3.6,-4.2,-4.1,-2.6,-3.6,-2.9,-4.8,-2.5,-5.4,-4.8,-2.8,-4.2,-4.8,-6.5,-4.4,-5.2,-4.9,-5.5,-4.8,-4.3,-3.6,-5.4,-4.6,-5.0,-4.6,-4.1,-4.9,-4.7,-3.6,-1.6,-4.9,-2.3,-4.0,-1.9,-5.3,-2.4,-3.0,-2.2,-1.3,-3.4,-4.8,-4.0,-4.2,-4.5,-3.0,-6.0,-2.6,-3.3,-3.5,-3.5,3.9,-4.3,-3.2,-4.1,-12.4,-6.0,-7.5,-8.3,-6.8,-7.2,-4.0,-1.0,-11.9,-4.7,-3.5,0.7,-6.4,-2.5,4.5,-3.0,-0.6,-3.5,-11.8,-9.4,6.2,6.3,4.6,6.3,0.8,-4.0,-8.4,-3.5,-2.1,-2.0,-4.1,-6.1,-5.9,-2.7,-7.2,-9.0,-15.7,-7.4,-7.3,-6.2,-5.8,-3.8,-7.6,-6.4,-4.2,-4.5,-5.2,2.2,-2.8,-6.1,-2.0,-3.0,-5.9,-2.2,-6.4,-2.6,-1.0,-2.9,1.9,0.9,-3.1,-12.9,-6.3,-9.8,-14.0,-8.3,-0.3,-0.9,-4.8,-4.6,-11.5,0.3,-4.3,-8.0,-4.9,-4.6,-5.6,-2.9,-9.7
2C7L515x0D,0,48.103085,11.63096,4442518.25,2777955.08,545.1,590.8,247,7393,1.3,0.95,0.23,32.66,348.96,-0.53,-0.103,0.842,-0.7,0.1,-0.18,0.1,0.9,0.1,-0.3,-0.4,0.3,-0.5,0.7,0.5,-1.8,0.0,1.0,-0.1,-1.4,0.2,-1.7,0.4,-0.6,-0.5,-0.8,-1.1,-1.0,-2.5,-1.7,-2.4,-1.8,-1.5,-1.5,-1.2,1.3,0.3,-0.8,-1.7,-2.8,-5.1,-6.1,-2.9,-3.7,-1.4,-2.1,0.4,2.1,-0.5,0.5,0.2,0.4,-0.2,-0.8,0.5,-1.4,-1.4,-1.1,0.1,-0.5,-0.9,1.2,0.4,-0.2,0.0,-0.0,-0.6,1.0,1.0,-0.4,-0.5,0.3,3.1,-1.2,-2.1,-2.6,-0.8,-1.0,-1.3,-0.7,-1.3,-1.6,-1.7,-1.3,-2.0,-1.3,-0.5,-2.2,-2.0,-1.4,-1.7,-1.3,-0.8,-0.8,-1.1,-0.1,-0.4,-0.6,-2.2,-0.9,-2.1,-2.3,-2.7,-3.5,-1.2,-1.5,-1.0,-1.1,-2.0,-2.0,-2.0,-1.2,-0.6,-0.8,-1.6,-0.8,0.1,-0.6,0.6,-1.6,-1.6,-0.5,-0.1,-0.9,0.1,0.7,-0.1,-1.0,-0.0,0.6,-0.5,-0.8,-1.0,-1.7,-1.2,-0.7,-1.2,-1.7,-2.2,-4.4,-3.3,-2.2,-0.2,-1.5,-2.9,-2.5,-1.0,-6.3,-0.2,-0.9,-1.6,-1.2,-3.6,-3.5,-2.5,-2.1,1.9,-1.9,-1.0,-2.0,-2.0,-3.7,-1.5,-1.4,-3.0,-2.0,-3.1,-3.5,-3.7,-3.4,-3.8,-4.9,-1.5,-6.7,-5.6,-1.4,-1.5,-4.3,-1.9,-1.7,-2.4,-6.3,-4.2,-2.6,-4.9,1.8,-1.8,-1.7,4.8,-2.8,-3.5,-3.0,-4.7,-1.2,-2.4,-1.8,-3.5,-3.6,-2.2,-6.7,-5.8,-3.1,-3.1,-4.2,-3.2,-4.7,-4.7,-3.4,-4.7,-4.4,-3.5,-3.5,-4.7,-4.4,-2.1,-1.7,-2.3,-1.9
2C7L515x0l,0,48.103313,11.632733,4442649.82,2777983.32,537.2,582.9,247,7427,3.9,0.68,0.45,32.67,348.96,-0.53,-0.103,0.842,-0.5,0.2,-0.02,0.3,1.5,0.3,-0.3,-4.0,0.6,-1.4,-7.4,0.1,-0.1,-3.6,2.5,0.4,3.0,0.6,5.2,5.3,-1.7,-2.1,0.1,-3.1,-6.6,-5.7,-0.6,2.9,-3.1,-1.8,-3.1,-2.2,-3.9,-4.9,3.1,-1.6,-4.3,5.5,-18.2,-3.5,-7.1,-5.8,-4.5,0.5,-7.7,2.0,-5.3,-2.7,7.0,-2.5,-2.3,-0.0,-2.9,-3.9,-5.5,-7.8,-0.2,-1.7,-1.8,0.0,-3.4,-1.2,-5.1,-5.5,-5.0,-3.7,-6.2,-0.5,-0.9,3.7,0.4,-2.0,-2.2,-2.1,1.7,4.9,-3.4,-2.9,-5.4,-4.8,-2.4,-3.3,-4.4,-4.3,-4.5,-2.1,-6.5,-3.9,-5.8,-4.5,-2.1,-7.6,-2.3,-3.4,-2.3,-5.0,-2.6,-3.4,-9.9,-4.9,-3.6,-5.2,-5.6,-1.5,-7.4,-3.6,-3.8,-6.7,-2.6,-5.3,-7.7,-2.3,1.4,-4.2,-2.0,-3.0,-2.0,-4.0,2.5,-5.2,-3.0,-1.3,-1.6,0.9,-0.2,-1.6,0.3,-1.7,-3.2,-7.4,-6.7,-1.6,-4.2,6.4,-2.7,-4.6,-9.0,-5.8,-8.0,-3.5,-7.1,-5.4,-1.6,-3.6,-7.7,-2.1,-0.2,-2.0,-5.3,-4.2,-5.2,-0.7,-1.5,0.9,2.8,1.0,2.0,-3.5,-3.1,-3.5,-1.7,-8.4,-1.6,5.1,-0.6,2.0,4.0,-0.9,-11.1,8.1,-7.9,-5.5,-0.7,-0.7,-8.7,-15.9,-8.7,-4.8,-10.4,-13.9,6.2,-2.9,-4.2,-2.5,5.2,-9.1,0.5,-2.8,-4.5,-5.3,-7.8,-4.5,-8.4,-7.6,0.5,-3.9,-6.9,-15.3,-3.7,-10.1,-10.0,7.2,-2.2,-9.1,-4.0,-2.8,-11.6,-10.3,-6.5,-0.2,-5.4,-4.6,1.1,6.2,-9.6
2C7L515x0z,0,48.103434,11.633674,4442719.62,2777998.28,544.2,589.9,247,7441,3.5,0.73,0.45,32.68,348.96,-0.53,-0.103,0.842,-1.0,0.2,-1.36,0.27,1.8,0.2,-0.3,0.9,-1.9,-2.3,0.8,1.7,-1.6,-0.6,2.1,2.5,1.8,3.2,1.0,0.3,-1.6,0.1,-0.3,-2.1,-1.8,-3.6,-4.7,-2.0,-4.2,-1.8,-3.2,-0.8,-1.6,-3.0,-0.0,-1.8,-4.3,2.7,-4.7,-6.3,-2.7,-2.4,-3.1,2.2,3.7,-13.6,2.1,-0.5,-0.1,-3.3,-2.4,2.1,-3.0,-1.0,3.8,4.6,5.7,-0.2,3.7,1.6,6.4,6.8,2.9,1.6,3.4,4.4,1.5,5.0,3.2,0.6,-1.2,1.1,2.1,2.8,-1.0,1.3,1.0,-0.0,-0.4,-0.6,1.9,-1.2,-0.4,0.2,1.1,0.6,-4.2,-1.5,-0.1,1.4,2.4,0.9,0.0,-1.6,0.2,2.3,8.1,7.0,-1.6,-1.0,-5.5,2.6,-2.7,-1.9,3.2,2.2,-1.7,1.9,1.3,1.3,1.2,-1.0,2.0,1.3,3.0,-0.1,0.7,1.1,1.2,4.1,2.1,3.6,0.4,2.9,5.2,1.8,4.8,-1.8,9.8,-0.2,-1.5,-0.1,0.7,0.0,0.1,1.8,-2.4,1.3,-3.1,0.7,2.8,-2.9,1.0,-3.2,-7.6,-1.9,2.1,1.7,2.0,-0.8,-3.0,3.9,-0.4,-2.6,2.0,1.4,-0.5,0.3,2.4,1.0,-0.4,-1.7,2.3,1.9,0.0,-0.5,-1.3,-11.8,-3.0,-5.8,-12.8,-15.5,3.2,1.0,1.5,-0.3,-5.3,-1.5,-5.2,-4.2,-0.9,7.3,-0.6,-4.6,-1.0,-15.8,3.3,2.7,-3.1,2.7,-0.5,-3.9,-2.1,-5.8,-12.2,0.1,1.7,-14.8,-5.0,-19.7,3.1,0.7,-3.2,-2.0,-6.7,-0.1,-8.7,-8.1,-6.4,-5.2,-1.1,-5.6,-6.8,-2.2,-5.2
2C7L515x10,0,48.103421,11.633573,4442712.07,2777996.67,536.5,582.2,247,7442,2.2,0.87,0.37,32.68,348.96,-0.53,-0.103,0.842,-0.6,0.1,-0.78,0.17,1.0,0.1,-0.3,-2.4,-2.8,-3.5,-1.1,-2.7,-2.9,0.1,-0.3,-0.4,4.3,1.5,1.8,2.3,-0.1,0.6,-0.4,-8.8,-0.5,-0.8,-0.7,-2.5,-3.3,1.0,-2.8,-0.6,0.2,-0.8,-3.0,-0.1,-3.3,3.3,-3.7,-5.9,-4.4,-4.1,-1.4,0.7,1.3,0.3,1.8,1.4,0.9,-3.8,-2.7,-0.1,-0.5,-2.0,-0.5,0.1,2.0,-1.3,0.3,0.1,2.2,3.4,3.4,0.7,3.4,4.0,3.3,2.7,2.4,2.3,1.0,0.7,1.9,2.8,1.6,1.6,1.3,1.2,2.4,5.1,2.3,-1.4,-0.8,-0.3,-1.3,-0.4,-2.3,-1.6,-2.1,-2.6,-0.8,1.6,-4.2,-2.1,-2.0,-2.3,1.9,2.8,-1.2,-1.0,-3.5,-1.7,-3.3,-1.3,0.4,-1.0,-4.7,-2.1,-0.5,-2.2,0.8,-1.9,-0.6,-0.8,0.6,-1.7,-1.2,-1.7,0.0,-0.3,-0.2,-0.7,-1.3,0.8,-2.5,-1.5,-4.1,-0.8,-1.5,-1.3,-0.7,-0.8,-0.8,-1.7,-2.6,-1.4,-5.8,-0.9,-1.6,0.3,-0.4,1.0,-3.2,-4.5,-5.2,0.1,3.2,-0.1,-0.1,-1.5,-2.5,-0.2,1.8,-0.7,1.1,1.6,-0.7,-0.7,1.0,1.3,0.2,-1.2,1.1,0.7,-0.1,0.2,-0.6,-1.8,-4.4,-1.2,-2.0,-4.8,0.9,-0.1,-3.9,-0.8,-2.5,-1.7,-2.0,-4.1,-1.9,1.4,-0.4,-3.9,-2.0,-3.9,0.8,0.2,-0.5,0.7,-0.8,-1.9,-4.1,-3.5,0.7,-2.2,-5.1,-9.4,-4.9,-7.2,2.7,1.9,-2.9,-3.2,-10.1,-4.1,-6.4,-4.9,-5.0,-4.3,-1.1,-6.4,-7.4,-3.6,-7.6
2C7L515x19,0,48.103481,11.634044,4442747.03,2778004.17,534.8,580.5,247,7451,2.7,0.79,0.46,32.68,348.96,-0.53,-0.103,0.842,-0.8,0.1,0.58,0.21,2.0,0.2,-0.3,-2.1,0.0,-1.1,-3.0,-2.2,-1.8,-0.6,-1.5,-3.7,-3.8,-2.0,-2.0,-2.3,-2.8,-2.0,-1.1,-0.2,-3.1,-6.3,-3.3,-4.4,-3.6,-5.4,-2.1,-0.3,-0.7,-3.5,-1.4,-2.8,-5.2,-2.8,-7.1,-8.6,-6.0,-9.4,-6.2,-1.5,-3.9,-2.7,-4.0,-5.3,-1.6,-7.5,-2.9,-5.4,-2.9,-4.5,-4.3,-4.0,-5.1,-3.6,-4.1,-3.1,-3.8,-4.6,-4.7,-2.7,-2.7,-3.1,-4.4,-3.8,-1.7,-2.2,-5.1,-2.8,-3.3,-5.5,-4.3,-4.8,-6.9,-3.3,-3.9,-1.4,-6.0,-11.8,-8.6,-9.0,-6.0,-8.0,-11.8,-7.7,-10.1,-7.3,-8.6,-9.8,-10.7,-8.9,-9.1,-4.4,-9.0,-5.4,-2.7,-4.0,-10.3,-5.7,-8.0,-4.0,-6.3,-4.7,-8.8,-8.5,-8.8,-7.0,-6.2,-7.8,-7.8,-6.7,-5.8,-6.4,-6.3,-3.1,-5.0,-4.4,-4.8,-3.7,-3.4,-2.8,-2.8,-3.6,-4.0,-2.4,-3.8,-3.4,-7.7,-7.5,-4.7,-3.2,-8.7,-1.1,-11.6,-4.3,-4.0,-3.5,-6.9,-9.7,-8.9,-8.6,-8.0,-8.4,-8.0,-5.6,-4.1,-9.1,-6.3,-5.5,-6.2,1.6,-3.7,-5.3,-3.3,-3.6,-3.2,-2.0,-3.3,-3.6,-5.2,-7.1,-6.6,-2.6,-4.8,-15.7,-7.9,-5.3,-11.6,-8.9,-1.1,-13.0,-9.5,-3.4,-18.4,-12.5,-0.4,-7.2,-3.1,-2.2,-3.5,-3.1,-2.4,-7.0,-4.3,-5.1,-5.0,-6.3,-4.3,-7.0,-7.1,-5.9,-9.5,-5.9,-15.1,-11.9,-16.1,-12.3,-11.0,2.0,-7.9,-11.0,-13.0,-6.1,-7.6,-5.5,-7.0,-5.0,-2.5,-2.9,-3.1,-6.3,-3.7
2C7L515wxW,0,48.10188,11.621436,4441811.68,2777805.59,545.5,591.2,247,7226,3.4,0.75,0.45,32.59,348.92,-0.529,-0.104,0.843,-2.1,0.2,0.42,0.26,1.0,0.2,-0.3,3.8,-2.3,-1.9,-2.5,-0.4,1.7,-2.5,-0.1,-2.8,2.8,0.1,0.4,-7.1,10.6,1.7,0.7,-2.7,-2.1,-0.6,-2.3,-1.9,0.3,-4.0,-1.8,0.5,1.6,0.8,-0.9,-0.6,1.2,7.9,-8.2,-4.8,-0.7,-1.1,-0.7,3.9,0.6,-1.1,0.8,-1.4,-1.3,0.1,-2.8,1.6,-2.3,1.0,2.8,-1.0,3.2,0.5,3.3,4.8,8.1,-2.7,-1.2,-1.4,-10.8,5.2,-9.4,-8.1,-9.7,-8.9,-8.5,-4.5,0.4,-2.2,0.3,-1.9,-4.1,-2.3,-2.7,-0.7,-3.9,-5.4,-2.3,-4.9,-3.6,-3.7,-3.8,-6.1,-0.3,-3.2,-1.2,-0.7,2.4,-2.1,-2.7,5.2,-3.1,-2.4,-2.7,2.5,-7.0,-1.1,-4.1,-1.9,-2.1,-2.2,-1.7,-3.4,-7.1,-3.5,-6.1,-5.2,-5.1,-6.1,-3.8,-7.9,-5.8,-4.7,-3.8,-3.5,-5.3,-2.3,-3.3,-7.8,-6.4,-5.3,-3.0,-3.8,-4.4,-10.1,-6.3,-3.2,-5.6,-3.2,-9.3,-8.5,-0.7,-4.9,-8.0,-11.1,-5.2,-9.3,-9.0,-15.9,-8.2,-4.2,-5.9,-4.2,-7.6,-5.8,-6.4,-4.9,-6.2,-4.0,-5.6,-6.7,-6.3,-5.2,-7.4,-9.8,-9.8,-10.3,-5.6,-5.9,-9.4,-8.7,-7.3,-2.9,-3.9,-4.4,-7.0,-7.8,-3.5,-8.0,-6.5,-3.9,-7.5,-9.0,-10.8,-5.8,-12.8,-4.7,-21.2,-7.8,-9.5,-3.5,-9.0,-10.9,-8.4,-11.2,-8.1,-5.5,-6.5,-3.1,-10.1,-2.4,-7.1,-3.5,1.0,-5.6,-9.9,-8.1,-16.8,-4.5,-6.2,-7.0,-9.2,-13.0,-14.3,-13.8,-14.2,-15.7,-11.8,-13.1,-5.7
2C7L515wxY,0,48.101891,11.621521,4441817.95,2777806.93,543.8,589.5,247,7228,2.3,0.88,0.39,32.59,348.92,-0.529,-0.104,0.843,-0.9,0.1,-0.57,0.17,0.9,0.1,-0.3,-1.4,-1.5,-1.3,-2.5,-2.8,-0.1,-1.7,-1.7,1.4,2.0,-0.1,6.3,1.3,3.6,2.4,2.8,0.1,-0.5,2.6,-0.6,-1.3,-1.7,-0.4,-1.8,-3.1,1.9,-1.8,0.5,-0.0,1.5,-14.8,-3.8,-4.2,-5.5,-1.7,-2.6,-1.2,-0.6,0.1,2.0,0.1,-1.5,-0.2,1.3,-0.1,0.6,-1.9,-1.0,-0.3,-0.9,-0.4,-1.2,-4.7,-1.5,4.1,4.6,1.5,2.2,4.3,7.5,4.5,0.6,0.4,1.6,-0.8,0.6,0.3,-2.0,-2.5,-2.0,-0.1,0.6,0.7,1.2,-0.5,0.1,-0.2,0.1,0.0,-1.2,-1.4,-0.7,-0.9,-4.2,-3.9,-0.5,-1.8,-2.5,1.2,-1.4,-0.9,0.1,-1.9,-2.7,-0.2,2.5,1.2,-0.0,0.5,1.3,-0.0,-0.7,0.3,2.6,-0.1,0.5,1.6,0.3,-0.5,1.2,-0.3,-1.2,-0.5,-0.7,-1.4,-3.3,-5.4,-3.2,0.0,-1.3,2.5,0.9,3.3,-0.7,0.8,-0.2,1.7,-1.1,1.3,0.6,0.0,-3.5,-0.7,-2.9,-3.2,-3.2,-2.0,-5.3,1.6,-2.6,-2.4,0.6,5.2,-0.2,0.5,-1.4,-3.0,-3.9,-2.1,-1.9,-0.3,-6.0,-3.2,-4.2,-2.1,-3.4,-3.5,-5.9,-3.9,-1.3,-3.9,-4.4,-0.7,-2.8,-4.4,-0.3,-7.3,-7.5,-2.7,-1.0,-0.1,-2.6,-4.4,-2.3,-4.4,-1.7,-2.6,-3.0,4.5,-1.5,-1.6,-1.8,-2.9,-3.1,-3.6,-5.3,-5.2,-2.7,-3.9,-4.1,-2.3,-5.7,-5.6,-7.7,-2.3,-3.9,-3.6,-2.9,-4.6,-8.2,-5.7,-4.3,-5.9,-5.6,-1.7,-3.9,-2.5,-5.6
2C7L515wxZ,0,48.101897,11.621569,4441821.49,2777807.69,543.3,589.0,247,7229,4.6,0.72,0.5,32.59,348.92,-0.529,-0.104,0.843,-1.5,0.2,-0.58,0.35,0.9,0.3,-0.3,-3.2,-3.0,-1.6,-3.0,-2.8,-2.7,-3.8,-2.5,-0.3,18.4,-1.0,-7.5,-2.4,-2.2,-2.8,-2.5,-0.7,-3.1,0.3,1.7,-1.3,-2.3,-2.1,0.3,-3.9,-1.7,-3.3,12.7,1.1,0.3,11.1,-2.0,-4.2,-6.1,-3.6,-4.3,-1.1,-1.9,-4.1,0.6,1.8,-0.9,-1.4,0.7,-1.3,-1.3,-5.2,-5.3,-0.4,-3.5,-0.9,-4.6,18.3,-5.7,0.7,-3.5,-2.3,-3.5,1.6,0.9,5.4,-1.1,5.9,3.7,9.8,-3.9,3.3,-6.2,-2.9,-3.1,-6.6,-4.5,-6.5,-2.2,-5.0,-0.2,-4.4,-7.4,-7.8,-6.3,-5.2,-3.3,-4.6,-8.4,-7.9,-3.9,-3.3,-4.0,5.1,-7.5,-7.5,-4.3,1.0,7.9,-5.9,2.1,-4.9,-2.8,-6.4,4.5,-0.5,-4.1,-2.6,-3.5,-1.8,0.3,-2.7,-2.5,-0.7,-5.1,-5.8,-5.0,-3.6,-3.9,-0.4,-5.0,-5.4,-2.9,-6.9,-2.6,-2.3,-4.7,-3.0,-3.0,-2.5,-3.4,-6.3,-7.2,-3.7,-1.9,-1.9,-3.5,-4.2,-5.2,-6.5,-3.1,-4.8,14.3,5.6,3.3,-0.4,-1.5,5.5,-3.2,-6.8,-3.7,-6.8,-4.5,9.8,0.7,-3.8,-11.0,-10.9,-7.5,-9.9,9.7,7.0,-0.9,-7.0,-4.5,-0.5,-4.9,-5.2,-2.2,-6.2,-0.0,-8.9,14.6,-7.4,-5.7,-8.3,-3.9,-11.6,-10.4,-10.4,-6.7,-9.7,-10.5,4.2,-11.2,-6.5,-6.5,-8.7,-8.8,-8.2,-5.6,-10.0,-8.1,-5.6,-10.3,-5.4,-6.1,-9.1,-10.2,-7.7,-7.0,-6.7,-4.8,-7.9,-9.3,-8.3,-8.0,-9.6,-9.7,-7.2,-9.0,-7.1,-7.4
2C7L515wyf,0,48.102374,11.625281,4442096.9,2777866.79,534.8,580.5,247,7297,2.9,0.83,0.42,32.64,348.96,-0.529,-0.103,0.842,-0.0,0.1,0.17,0.22,0.2,0.2,-0.3,0.3,0.6,1.8,4.3,0.0,1.8,1.3,1.4,0.3,-0.3,0.3,1.3,0.1,-0.4,0.1,1.0,-0.4,-1.5,0.9,-0.5,-1.7,0.5,-0.5,-0.6,-0.1,1.1,-0.7,0.9,0.0,-2.8,-12.2,-4.4,-3.1,-1.8,-1.3,-1.6,0.8,0.9,1.8,0.1,-2.6,-1.0,-3.7,-1.1,1.9,1.8,0.2,-3.8,-2.0,-3.6,-1.4,-3.3,-3.5,-1.4,-3.6,-1.0,-0.7,-1.6,-1.4,-3.2,-2.4,-1.2,2.2,-1.2,0.1,-0.1,-1.3,-4.3,-1.3,-1.7,-2.9,-0.8,0.1,-0.7,-0.0,-3.0,-0.0,-1.2,0.2,-0.0,-0.6,-2.9,-0.5,-0.8,0.2,-2.3,-1.2,-3.0,-0.2,0.0,-1.7,-1.4,-1.9,0.9,-1.9,0.2,-3.7,1.0,-0.2,0.1,-0.2,-1.7,0.5,0.3,-1.5,0.1,-0.6,0.1,-0.7,-1.5,-2.7,-0.5,-0.0,-2.9,-1.8,-3.5,-3.9,-3.2,-4.9,-1.6,-0.4,1.5,2.3,1.9,-1.6,-0.5,0.3,3.6,3.1,-0.1,1.2,1.8,-3.9,0.9,-1.6,-1.9,1.1,-2.6,4.6,0.8,1.6,0.4,-6.1,-2.0,-1.7,-2.0,1.3,-0.9,-2.0,3.8,-3.3,-3.1,0.9,1.6,0.6,-0.3,0.7,-2.9,-1.6,-9.5,-3.5,-1.9,0.1,-6.1,-4.8,-1.1,-3.5,-5.9,8.8,4.7,-0.8,-4.5,3.0,10.3,-1.5,-0.6,-7.8,-6.2,-9.9,-4.2,-3.2,-0.3,-4.8,8.4,-1.6,1.0,1.0,1.9,1.8,-2.5,-1.8,1.8,1.7,2.0,2.1,-1.0,-2.0,2.3,-2.3,1.8,-4.5,-2.4,-2.6,11.7,-0.4,-6.7,-7.2,-4.0
2C7L515wyw,0,48.10253,11.626492,4442186.75,2777886.04,546.2,591.9,247,7314,4.1,0.65,0.5,32.64,348.96,-0.529,-0.103,0.842,0.3,0.2,0.01,0.32,1.2,0.3,-0.3,-3.2,2.0,-4.6,-0.9,-0.9,-0.0,10.0,-2.6,3.0,4.6,-3.1,1.6,-4.4,-0.3,-2.7,-1.0,-5.3,-5.8,-3.8,-2.3,-6.7,1.4,-8.0,-7.1,-7.0,-3.3,-0.4,-1.7,-3.1,-4.7,-10.1,-12.6,-11.4,-4.5,-6.2,-1.9,-4.0,5.5,-0.6,-3.8,-1.5,3.6,-2.9,-3.8,-5.4,7.1,-12.6,-4.7,-8.4,-2.8,-0.8,-5.6,-0.2,0.4,0.8,2.0,-2.8,-1.5,-1.8,-1.0,-4.3,-5.8,-11.1,-4.6,-4.5,1.5,-2.5,-16.5,5.0,-3.8,-6.7,-6.8,-11.4,-8.3,-11.0,-6.1,-3.4,-6.1,-6.8,-7.9,-4.6,-7.7,0.7,-13.0,0.5,-2.1,-0.5,-5.3,-5.1,1.6,-2.9,-7.5,-3.9,-5.9,-12.9,-5.8,-0.2,0.4,4.6,0.5,-1.2,-6.1,-1.4,-0.7,-6.0,-4.8,-4.3,-4.4,-4.9,-5.0,-0.8,-0.4,-0.0,0.4,-3.5,-1.5,2.7,-5.0,-3.1,-5.8,3.5,-2.5,0.3,1.2,-9.1,-3.2,-12.3,5.8,-3.5,-2.2,-3.1,4.1,-0.3,10.1,-2.2,-3.8,-3.7,-7.8,-0.8,0.2,-8.9,-0.6,-5.0,-4.6,-0.8,7.6,2.7,-0.7,3.6,-0.6,3.7,-1.1,-3.1,-2.3,-1.4,0.6,1.3,-2.2,1.6,-4.1,-1.9,-4.1,2.5,1.8,1.8,1.1,-11.7,-15.0,-2.1,-3.0,-4.6,-5.1,-0.7,-0.7,0.3,2.2,-0.3,-1.2,4.0,-2.1,-4.3,1.4,-1.2,2.5,-1.1,-3.7,-3.2,-6.3,-3.4,-3.5,-0.5,-4.7,-2.8,-6.5,-4.8,-2.1,-4.4,-5.0,7.3,-9.0,2.4,0.5,-0.9,-2.8,-2.0,-3.2,-4.3,-4.1
2C7L515wyx,0,48.102537,11.626551,4442191.12,2777886.97,546.3,592.0,247,7315,2.6,0.82,0.4,32.64,348.96,-0.529,-0.103,0.842,-0.0,0.1,-0.43,0.21,1.1,0.2,-0.3,-1.9,1.9,-7.7,0.2,2.2,2.5,-1.5,-1.1,-2.1,2.1,-1.0,-1.7,-2.8,-2.4,-1.6,-0.6,-3.6,-4.1,-1.8,0.1,-3.2,-2.2,-3.0,-2.6,-2.5,-0.5,1.5,-2.0,-1.0,-5.2,-10.8,-7.0,-5.4,-3.7,-4.4,-2.6,-3.1,-3.8,1.6,-5.0,-0.3,0.3,-7.0,-2.7,-3.0,-4.3,-3.8,-4.4,-3.6,-0.8,0.7,-1.5,0.5,-0.4,-1.3,-0.3,-0.5,0.7,-1.1,-0.1,-2.7,-2.8,-2.0,-2.0,-5.1,-0.9,-1.4,-4.3,-3.0,-5.3,-4.7,-5.6,-3.6,-1.2,-3.6,-4.0,-1.9,-2.0,-3.1,-1.0,-2.1,-4.0,-2.2,-8.4,-1.7,-7.7,-1.7,-2.9,-3.2,-2.9,-9.4,-4.9,0.0,-3.3,-5.1,-1.7,0.6,-2.1,-1.2,1.6,-3.7,-3.6,-0.5,-0.8,-4.0,-3.1,-2.8,-0.7,-1.5,-2.6,-0.3,0.1,1.8,1.3,0.6,-0.8,-0.5,-3.0,-4.7,-0.6,-0.8,-2.1,-2.7,-3.1,-5.0,-3.1,-1.5,4.7,-9.7,-2.9,-4.7,-2.8,-0.3,0.9,2.7,3.7,-1.0,-7.9,-0.8,1.4,-10.4,0.1,-4.4,-2.5,1.5,-1.4,2.4,-1.5,-0.7,-0.5,3.5,-0.4,-0.7,-2.4,-3.9,-0.3,-1.6,-1.4,-0.6,-2.3,-1.8,0.7,1.3,-3.6,6.9,1.4,-3.0,-1.7,0.2,-0.1,-1.6,-2.3,-9.2,2.0,-3.4,3.0,2.2,5.5,6.7,-2.4,-3.3,-1.4,-4.8,-5.0,-3.5,-3.1,-2.8,-1.6,-0.2,-5.2,-8.0,-6.2,-8.1,-7.3,-7.4,-1.1,-3.5,-3.8,-2.1,-3.7,-4.6,-1.1,-2.9,-2.9,-3.7,-5.2,-1.9,-5.4
2C7L515wzB,0,48.102618,11.627181,4442237.82,2777897.01,538.8,584.5,247,7329,3.1,0.8,0.42,32.65,348.96,-0.529,-0.103,0.842,-0.2,0.2,-0.31,0.24,1.6,0.2,-0.3,-0.2,0.4,0.4,-0.7,-0.2,-0.8,0.8,1.7,-1.4,-0.2,-2.8,2.4,-2.9,-1.8,-3.2,-4.4,-3.4,-3.5,-2.7,3.3,-5.2,-3.8,2.0,-1.5,-3.1,1.7,2.4,-3.0,-1.7,-4.2,-13.5,-5.7,-4.2,-1.8,-6.4,-3.5,-2.5,11.3,3.3,0.8,0.0,-0.4,-5.5,1.3,-2.5,-0.4,-4.3,-2.9,-0.3,-0.1,2.1,-1.0,0.4,-0.8,0.4,1.7,-0.6,0.9,1.0,0.8,0.8,1.1,1.1,3.1,1.2,-0.2,0.4,0.5,0.1,-0.1,0.1,-0.2,-1.2,-0.0,0.2,-1.6,-0.7,-0.2,-0.6,-1.6,0.2,-2.1,-1.1,-3.4,-3.7,-0.8,0.7,-3.2,-1.3,-4.6,-4.0,-0.0,-5.1,1.9,-0.4,-2.1,1.2,0.7,0.7,1.8,-5.3,-0.3,-0.4,3.3,-0.2,0.9,3.1,-2.4,0.9,-2.0,-1.8,1.2,1.7,0.5,-1.6,-0.4,0.6,0.3,0.8,-2.7,1.4,0.8,-0.3,-2.2,-3.7,-1.2,-0.0,-2.4,-3.1,-3.4,-5.3,-0.6,-3.4,-0.1,-3.6,10.9,-7.7,-1.1,2.8,2.1,2.0,-1.5,-3.2,0.6,-1.0,-1.8,2.3,-1.7,-1.2,-0.5,-1.4,-2.8,0.7,0.8,0.4,-1.2,-3.4,0.2,-9.2,-7.0,-2.7,-1.7,-0.3,-3.4,-10.6,-0.6,0.6,-3.0,-3.3,-0.0,-0.5,-2.7,-2.5,-1.7,-0.7,3.4,3.2,0.8,4.2,1.4,1.9,1.1,1.3,-2.6,0.4,-0.5,1.8,-2.8,-1.8,-9.2,-9.4,6.0,-14.1,-14.3,11.6,-1.4,-0.3,-2.4,-4.9,-6.2,-1.1,-2.7,-2.6,0.6,0.5,0.7,-0.9,-0.8
2C7L515wzM,0,48.102684,11.62769,4442275.62,2777905.12,533.4,579.1,247,7340,4.0,0.67,0.52,32.65,348.96,-0.53,-0.103,0.842,-0.8,0.2,-0.42,0.3,1.1,0.3,-0.3,-5.1,-3.5,-3.7,1.0,2.8,9.8,-2.0,-4.6,0.7,2.6,1.1,6.5,-1.2,0.2,1.5,-3.2,0.7,0.6,0.1,-1.6,1.4,3.3,1.2,7.2,-0.3,10.2,5.7,10.0,6.0,0.0,-7.0,-11.7,-1.8,4.9,-2.9,4.4,4.7,-2.6,-5.1,4.2,2.0,-1.3,-3.1,1.5,-0.1,-1.5,-1.5,-6.3,1.6,5.0,-0.3,-4.5,-2.3,-3.2,-4.3,-1.6,-6.3,-3.8,-3.5,-2.3,-0.1,-0.1,-1.6,0.0,8.2,-1.5,-0.5,1.4,-0.3,0.4,0.3,0.3,-0.0,1.3,10.6,0.7,-0.3,0.3,1.6,0.3,1.1,-3.9,3.3,-2.1,0.6,-1.3,-2.5,-0.4,-5.4,-5.0,-1.5,0.0,-3.9,-3.8,2.8,5.7,1.2,1.3,-1.4,0.3,-2.0,4.7,1.1,0.7,-1.3,-0.6,-1.4,2.6,7.6,1.4,-1.2,0.1,0.1,3.3,2.9,0.0,-0.1,0.9,5.4,-3.6,1.3,-1.3,-2.4,1.1,4.0,3.2,2.5,-0.9,2.6,7.2,-10.8,-0.5,1.4,-0.2,-3.2,-2.2,-5.9,-9.3,0.0,3.9,1.2,-1.3,5.0,-1.0,7.8,-5.3,-1.1,3.0,-0.7,-5.3,-5.4,-2.4,2.3,-5.1,-1.0,0.8,-4.2,-2.3,-2.2,-1.3,-7.1,0.6,-13.4,-7.5,-3.0,4.6,-8.2,-4.3,-6.6,-7.5,-1.8,-2.8,-8.5,6.3,-1.3,-14.1,-4.8,2.4,0.9,5.4,-5.7,1.6,1.0,1.2,-0.5,6.5,-3.2,-1.4,-8.0,-0.2,-2.6,-9.4,-3.0,-2.2,-1.7,-8.5,-9.0,-3.2,-2.1,-6.7,-6.0,-10.1,-3.8,-6.1,1.2,-3.0,4.6,-2.7
2C7L515wzR,0,48.102766,11.62833,4442323.13,2777915.28,550.1,595.8,247,7345,1.3,0.95,0.17,32.65,348.96,-0.53,-0.103,0.842,-0.4,0.1,-0.16,0.1,0.7,0.1,-0.3,0.3,-0.2,0.8,0.6,-0.5,-2.0,-0.3,-0.1,-0.4,0.8,0.6,0.6,1.9,0.4,0.7,0.8,1.9,0.4,0.5,0.7,0.8,0.2,1.7,2.3,3.2,2.5,2.4,1.2,1.9,-0.1,-3.6,-3.5,-1.0,-1.2,-0.5,0.9,2.2,2.2,3.9,3.0,2.7,2.7,1.2,1.3,0.9,1.0,0.3,0.8,0.6,1.5,2.1,0.3,0.4,1.8,0.1,1.0,1.0,0.6,1.0,1.5,0.4,0.5,1.0,0.1,-0.7,-0.6,-0.4,-1.0,-0.8,0.1,-0.2,0.5,-1.1,0.2,-0.3,-0.3,1.5,0.7,1.6,-0.2,1.5,-0.2,0.2,0.6,-0.2,0.6,0.9,-0.2,1.6,1.2,1.0,1.1,0.1,2.0,0.8,2.1,0.5,2.6,3.0,1.9,-0.4,0.8,3.0,2.9,0.5,3.1,2.5,0.8,0.9,1.1,-0.3,1.5,-0.4,0.4,-0.0,0.1,-2.4,-0.7,-0.4,-0.4,-0.4,-0.5,-0.9,-0.9,0.9,0.8,-0.6,1.9,2.2,-1.0,0.4,2.3,2.8,3.0,-0.8,-0.5,1.1,-2.3,3.5,1.2,-2.0,0.0,-0.7,-0.0,0.6,-0.4,-1.2,-0.1,-0.8,-0.5,-0.4,-1.6,0.6,0.1,1.2,0.6,-0.4,-0.4,1.1,0.5,-0.6,-0.1,1.4,-2.3,-0.2,2.6,0.3,-1.0,2.4,2.4,0.5,-0.6,-3.6,-2.7,-3.5,-0.8,-1.1,-0.2,-8.4,-0.8,0.5,-0.1,-1.5,-2.3,-1.2,0.7,-0.6,0.0,0.8,-2.3,-2.7,-0.9,-0.7,0.8,-0.1,0.5,0.6,0.3,-0.8,-1.8,-0.4,-1.1,-0.4,-1.1,-0.2,-0.8,-1.6,-1.4
2C7L515x0H,0,48.103135,11.631207,4442536.5,2777961.06,545.3,591.0,247,7397,2.2,0.89,0.27,32.66,348.96,-0.53,-0.103,0.842,-0.8,0.1,-0.33,0.17,1.2,0.1,-0.3,-0.3,-0.2,-0.7,-1.2,0.8,1.5,0.5,0.8,0.8,2.9,1.4,0.9,0.5,0.6,-0.2,0.0,0.0,-1.0,-3.8,-2.6,-3.1,-2.8,-2.3,0.3,-0.4,0.3,-1.7,0.8,0.0,-1.6,-4.8,-6.4,-2.3,-0.5,-4.4,-1.5,1.7,0.1,0.0,-0.3,-0.5,-0.1,-2.2,-1.6,0.2,-1.0,-2.1,-1.1,0.1,-0.3,0.3,2.1,2.5,1.1,1.4,0.5,1.2,1.1,1.2,0.1,0.4,0.7,9.6,1.8,0.2,3.6,-0.4,-10.5,0.6,1.1,1.3,0.9,0.2,1.3,0.4,2.1,0.9,0.5,1.8,-0.3,-0.3,-2.3,-2.2,0.3,-0.8,-1.6,-2.3,0.3,-3.8,-1.8,-2.8,-2.0,-3.1,-5.1,-0.8,-3.2,-2.3,-0.7,-1.0,-4.4,-1.9,-0.3,-1.7,-1.1,-0.4,-2.6,-2.0,-0.1,-1.7,-0.4,-0.4,-0.7,0.3,-0.3,-0.8,-2.4,3.8,-1.2,-1.5,-0.5,-2.5,-0.9,-0.5,-2.5,0.8,2.3,-0.8,0.8,-1.7,-1.0,-1.6,-3.5,-0.1,-1.2,-5.5,-2.6,-3.9,-6.4,-3.4,0.7,-3.5,-2.3,-2.5,-3.5,-0.6,-1.2,7.0,0.7,-2.2,-1.7,2.3,-1.4,-0.8,0.1,-2.4,-0.0,-1.6,-3.5,-4.8,-2.9,-3.8,-2.8,-3.3,-5.0,-2.8,0.0,-1.0,-4.9,-4.2,-4.4,-1.9,-5.5,-5.3,-2.5,-6.2,-18.2,-3.2,-2.5,-7.2,-0.7,-2.9,-0.2,-2.0,-2.8,-3.0,-1.6,-2.8,-3.4,-0.2,-5.3,-3.9,-3.5,-3.3,-3.0,-3.1,-5.7,-5.0,-5.0,-3.1,-5.2,-6.8,-3.0,-4.2,-2.5,-0.0,-3.9,-5.3,-3.8
2C7L515x0S,0,48.103189,11.631621,4442567.28,2777967.68,537.5,583.2,247,7408,1.8,0.92,0.32,32.67,348.96,-0.53,-0.103,0.842,-0.5,0.1,-0.26,0.13,0.4,0.1,-0.3,-1.3,-1.0,-1.2,-1.8,-1.4,-0.2,-1.5,-0.1,-0.4,0.3,1.2,-0.5,1.6,1.8,2.4,-0.6,-0.2,0.9,-1.1,0.3,-0.8,0.0,-1.0,0.5,0.5,0.5,0.9,2.8,1.1,-1.2,-0.8,-3.8,-0.9,-1.2,-1.0,-1.2,3.1,2.1,1.4,2.4,1.9,3.8,0.1,1.2,2.5,4.3,-0.2,0.3,1.2,1.8,1.5,0.9,-1.0,0.3,-0.9,1.6,-0.3,-1.0,1.1,-0.0,-0.9,0.6,-2.4,-0.7,-1.1,-2.7,-2.4,-1.5,-1.0,1.3,-0.8,0.7,-3.3,-2.5,0.9,1.5,-1.3,-0.3,1.3,-0.1,1.3,-1.6,1.9,0.6,-0.5,-0.9,2.4,1.0,-0.8,-0.4,1.6,-3.4,-7.0,0.8,1.9,-1.2,-2.1,2.3,1.2,0.1,0.2,0.4,2.9,2.6,0.6,-0.4,2.3,1.0,1.3,0.4,-0.1,-0.6,-1.4,-0.4,0.2,-1.9,-0.3,-2.1,-2.6,-1.7,-2.7,-2.1,-2.0,0.5,1.8,1.1,0.2,0.7,-0.5,-1.3,0.3,-0.7,-1.3,-3.3,1.7,-2.4,-0.7,-4.0,2.0,3.0,0.9,1.0,-2.5,-1.8,1.3,0.6,-1.2,1.8,1.2,2.9,0.6,0.2,0.0,-0.3,0.5,-0.4,-0.2,1.3,0.5,-0.5,-1.9,-1.7,-3.8,-2.4,-3.3,1.6,-3.7,-1.4,-1.6,-0.4,1.8,-1.2,-1.5,-0.7,-3.4,-5.5,-4.9,-0.3,0.3,-1.5,1.1,0.0,-3.8,-3.5,-2.4,0.7,-5.3,-0.1,-0.5,-3.5,-1.8,-0.6,0.7,-0.9,1.2,-2.6,-1.5,-0.3,-0.4,1.2,-1.0,-6.9,-2.9,-1.6,-1.1,-7.0,-1.7,-3.7
2C7L515x0p,0,48.103362,11.632968,4442667.18,2777989.11,538.4,584.1,247,7431,2.3,0.84,0.39,32.67,348.96,-0.53,-0.103,0.842,-0.3,0.1,0.38,0.18,1.6,0.2,-0.3,-1.1,-3.0,-2.4,-2.2,-1.4,-0.2,-1.5,-1.8,-1.5,2.1,-3.0,0.0,-0.8,-0.9,-1.7,-2.8,-4.7,-5.8,-6.0,-3.7,-5.2,-5.4,-1.1,-4.3,-4.4,-4.4,-5.1,0.5,-1.4,-6.0,-0.8,-9.0,-10.3,-6.8,-5.5,-2.4,-0.7,-3.5,-3.5,1.4,-2.0,-1.1,-3.3,0.4,0.4,-2.1,-3.8,-3.9,-3.5,-1.3,-2.8,1.0,-1.7,0.3,-0.3,-4.5,-1.8,0.9,-0.9,-3.6,-3.5,-2.4,5.6,-6.1,-2.7,-1.5,-5.2,-2.8,-3.8,-3.1,-4.1,-4.0,-3.6,-2.1,-1.9,-3.8,-3.3,-3.7,-3.8,-4.3,-5.6,-4.3,-5.3,-4.0,-4.9,-4.6,-5.3,-7.8,-6.4,-8.8,-4.6,-10.6,-2.5,-9.8,-7.7,-5.4,-2.5,-5.2,-5.1,-9.0,-2.0,-3.4,-0.6,1.2,-1.1,-2.0,-4.5,-3.6,-1.0,-2.1,-4.7,-5.1,-4.5,-5.3,-4.5,-4.2,-4.5,-6.3,-5.3,-4.8,-3.1,-2.8,-4.6,-4.4,-2.7,-4.2,-2.4,-5.0,-3.1,-5.9,-7.4,-6.4,-2.6,-6.6,-11.5,-9.2,-3.7,-7.2,-3.7,1.5,-2.2,-2.3,-6.0,-1.8,-0.8,-3.7,-2.9,-6.4,-3.1,-1.2,-3.2,-2.7,0.3,-4.1,-3.8,-2.8,-4.3,-1.7,-1.9,-5.2,-5.1,-10.5,-1.7,-6.5,-10.6,0.9,-4.3,-5.3,0.9,-3.7,-3.9,-4.3,-2.1,-1.8,-2.2,-1.5,-1.8,-1.9,1.8,-2.2,0.9,-5.0,-3.0,-5.6,-4.6,-6.7,-5.8,-5.2,-6.9,-6.8,-4.5,-6.9,-4.9,-0.7,-3.4,-8.5,-6.2,-0.9,-9.0,-0.5,-5.0,-5.4,-5.4,-4.3,0.2,-2.6,-2.0,-6.2
2C7L516E0W,0,48.101869,11.621201,4441794.19,2777803.92,540.8,586.5,248,7224,4.2,0.66,0.5,32.59,348.92,-0.529,-0.104,0.843,-2.2,0.2,-0.3,0.32,1.0,0.3,-0.3,0.8,0.3,0.6,0.2,2.6,-0.7,3.2,2.9,2.5,-1.3,0.9,-2.3,1.6,-1.2,-2.3,-5.2,-2.3,-7.9,-1.5,-0.5,2.1,-2.5,-4.3,-4.1,-3.2,-2.9,1.6,2.2,1.6,-0.9,4.7,-4.3,-2.6,-3.8,-3.7,-6.1,-5.0,-4.5,-3.1,-1.3,-0.5,-5.6,-3.9,-5.1,-3.8,-2.7,-0.7,1.6,-3.0,1.8,-1.3,-3.8,-2.9,0.1,3.1,-6.6,-6.4,-8.1,13.1,-8.3,-7.1,-8.7,-4.3,-7.4,-6.8,7.6,7.0,4.5,4.4,3.9,-5.0,6.7,9.0,3.7,-7.9,-11.6,-10.4,-9.8,-12.1,-9.2,-2.0,2.1,1.8,2.7,-3.9,-1.5,-2.5,-4.7,-5.8,-7.1,-5.3,-6.5,-9.9,-9.4,-5.8,-4.9,-6.0,-7.2,-5.6,-4.4,-3.9,-3.3,-2.1,-2.0,-3.5,2.0,2.9,1.3,0.4,-2.3,-4.9,-3.0,-5.1,-4.1,-3.6,-6.5,-6.1,-6.8,-5.4,-3.5,-3.9,0.0,0.1,-1.5,10.5,-14.2,0.5,-6.5,-5.6,-6.8,-3.1,-4.0,-4.0,-4.6,-6.9,-4.6,-3.2,-7.9,-1.5,-5.6,-2.2,-5.1,-4.3,-7.9,-0.6,-1.4,-5.0,-2.8,-2.5,-8.3,-1.1,-8.1,-8.9,-7.7,-8.5,-8.8,-7.1,-9.0,-8.9,-7.2,-8.7,-7.9,-4.3,-7.0,-7.6,-7.4,-10.1,-12.9,-6.2,-8.6,-9.7,-10.6,-9.3,-10.8,-11.0,-11.7,-10.7,-8.6,-13.8,-8.5,-10.3,-7.3,-6.6,-5.7,-12.3,-20.1,-19.1,-18.0,-7.9,-16.0,-11.3,-9.6,-9.4,-12.6,-11.1,-5.0,-9.1,-2.2,1.2,-0.3,-15.2,-17.8,-17.2,-8.3,-7.7,-7.7,-11.1,-8.9
2C7L516E0Z,0,48.101901,11.621455,4441812.99,2777807.94,543.6,589.3,248,7227,3.6,0.7,0.44,32.59,348.92,-0.529,-0.104,0.843,-1.5,0.2,-1.61,0.28,0.7,0.2,-0.3,-4.4,-2.3,-0.5,-3.6,-3.0,-1.0,-2.7,-4.8,1.0,6.3,-0.8,-0.1,2.6,6.6,7.0,9.9,4.1,2.4,5.3,2.9,5.1,1.1,4.7,-0.9,-5.1,7.1,4.3,6.9,1.9,11.0,-5.6,-6.6,-4.4,-4.0,5.4,0.9,1.1,-0.8,6.2,3.3,3.7,0.6,2.2,4.0,0.8,1.8,2.0,2.0,0.2,0.2,-0.2,-2.3,-0.1,1.6,5.1,7.8,2.3,2.6,5.5,1.8,6.6,3.2,5.1,3.4,1.0,5.2,1.7,0.8,3.0,-0.0,4.8,6.8,5.6,6.4,6.5,5.6,3.7,7.7,5.6,4.1,4.7,9.8,2.5,-0.2,-7.9,1.2,5.8,3.6,3.1,6.5,6.1,6.8,-1.3,0.8,3.1,3.7,2.6,2.5,3.8,2.2,1.1,4.7,3.3,2.9,3.0,1.3,2.7,-0.4,-1.4,1.6,1.9,1.5,2.4,1.3,0.6,1.0,-0.9,1.0,2.9,1.1,4.4,2.6,3.3,2.8,3.1,3.4,3.9,3.5,2.0,2.4,5.8,-2.2,0.3,1.7,0.3,0.4,0.7,0.8,3.4,4.7,7.6,4.3,7.5,4.5,3.9,3.3,0.3,0.5,0.5,-1.2,-1.0,-0.4,0.6,-1.0,0.7,0.8,0.7,-6.1,-3.3,1.8,-13.1,-13.2,-4.0,2.0,-5.6,-0.2,2.3,-11.8,-0.6,1.6,3.2,0.2,-3.0,1.7,-5.0,-7.7,-6.5,-2.4,7.5,-1.4,-1.9,-1.6,-2.4,-1.2,-2.3,-5.0,-3.6,-1.9,-3.3,0.5,-15.1,-12.6,-16.3,-7.7,-5.6,-4.8,2.4,-3.9,-4.1,-7.7,-4.3,-2.4,-4.5,-4.1,-3.9,-4.3,-5.1,-4.6
2C7L516E0k,0,48.101965,11.621951,4441849.81,2777815.85,537.2,582.9,248,7238,2.5,0.85,0.41,32.59,348.92,-0.529,-0.104,0.843,-0.6,0.1,-0.15,0.19,0.7,0.2,-0.3,0.6,0.5,0.0,1.3,-1.1,0.8,0.1,-0.6,1.7,-2.0,-1.2,2.3,0.3,1.8,-0.0,-2.0,-0.6,-5.8,-0.3,-4.2,-1.4,-3.3,1.0,-0.9,0.3,-1.5,0.3,0.2,-1.2,-6.0,9.8,-6.9,-3.7,-4.9,-4.3,-7.3,-2.6,-1.8,-2.1,-2.9,-1.4,-2.1,-2.1,-1.2,-2.0,-2.2,0.2,2.6,-0.2,2.7,-0.0,-0.5,-1.0,-1.3,-0.2,-2.2,-0.8,1.3,0.0,-3.8,-2.6,-0.7,-0.1,-2.0,1.9,-1.4,-2.3,0.9,-2.2,0.1,-1.2,-2.1,-1.2,1.8,-3.5,0.3,-2.2,-0.5,0.8,-2.1,-0.5,-1.2,-1.6,2.7,-4.3,-4.5,-4.6,-3.0,-4.0,-3.6,2.5,0.7,-1.9,-4.7,-3.2,-0.8,3.0,-0.8,-1.9,0.7,-1.8,-5.0,-1.6,-1.7,-4.9,4.3,-4.6,-10.7,3.5,-2.8,-5.7,-3.1,-2.7,2.0,0.7,-1.2,-1.9,-1.5,-1.8,-4.1,-2.8,-2.3,-1.7,-3.8,-0.2,-1.0,-2.6,-1.3,2.2,-0.6,-3.2,-6.1,-3.8,-4.0,-5.0,-4.7,-0.9,-6.5,2.7,-2.5,2.6,1.8,-2.0,-2.9,2.0,1.0,1.9,1.2,-1.6,-3.7,-2.7,0.0,-1.0,-1.7,-2.8,-1.5,-2.1,-4.2,-2.7,-1.7,-0.3,-5.0,-3.1,-1.9,-1.1,2.6,-3.0,-8.0,-0.9,-3.6,-5.6,-7.9,-4.8,-1.8,-7.1,-1.4,-2.8,-2.7,-5.9,-1.6,-1.2,-1.8,-3.4,-3.1,-2.6,-5.6,-5.2,-5.3,-4.6,-5.1,-2.0,-0.2,3.0,-7.6,-3.5,-8.8,-3.2,-7.6,-5.0,-4.5,-2.9,-6.4,-3.5,3.6,-1.4,-2.5,-3.3,-6.1
2C7L516E19,0,48.102157,11.623448,4441960.86,2777839.67,540.7,586.4,248,7263,2.0,0.91,0.28,32.6,348.92,-0.529,-0.104,0.842,-0.7,0.1,0.13,0.15,0.4,0.1,-0.3,-0.5,-1.0,-0.9,-1.8,-1.8,-0.4,0.4,0.5,0.5,1.5,1.4,1.5,1.9,0.6,1.4,2.7,-0.6,-1.7,0.7,0.9,-1.2,-1.5,-2.3,-2.0,1.4,1.7,1.4,-0.4,0.3,-1.5,10.8,-4.1,-5.0,-5.4,-1.7,-0.9,0.4,0.8,3.9,-2.1,-0.7,-1.5,3.2,-1.0,1.4,-2.9,-2.6,-0.5,-2.5,-0.0,0.3,-2.8,-2.5,-1.4,-3.1,-3.4,-2.2,-1.0,-2.7,-3.2,-1.8,-1.1,0.7,-1.1,-5.1,-5.4,-1.5,-2.2,-2.3,-2.9,0.1,-0.6,-0.7,-1.0,-1.5,-2.7,-1.6,-5.9,-1.5,-1.8,-2.4,-1.1,-1.4,-1.8,-1.9,-1.1,-2.6,0.8,-2.8,-0.4,-0.7,-0.8,-2.8,0.9,-2.4,1.0,-1.6,-0.3,-0.0,0.7,0.1,-0.5,-0.5,1.3,-1.3,0.2,-0.6,-1.8,-2.6,0.2,0.1,-0.8,0.4,-2.1,-0.8,0.3,-3.5,-2.4,-2.5,-2.2,-2.7,-2.0,-2.8,-2.9,0.5,-2.0,-1.7,-1.8,-1.1,-7.1,-0.5,-1.7,0.2,-0.0,-3.7,-1.7,-1.8,-3.7,1.6,-0.3,-2.5,-0.3,-3.8,-2.6,-3.5,-3.7,-4.2,-3.5,-1.1,-0.5,-3.4,-3.7,-2.9,-3.6,-4.0,-4.6,-1.4,-2.0,1.8,-3.6,-3.1,-2.4,0.0,-5.3,-3.6,0.4,-0.4,-6.8,-0.6,-2.5,-2.2,-3.7,-4.1,-1.5,-1.6,-2.4,-2.2,-2.6,-1.2,-2.3,-3.7,-3.4,-3.6,-2.9,-2.9,-2.3,-4.3,-3.4,-1.5,-2.8,-3.0,-0.5,-3.2,-4.8,-2.1,2.0,-14.6,-3.5,-5.2,-4.2,-2.8,-4.0,-4.0,-2.4,-2.8,-0.6,-1.9,-4.0
2C7L516E1m,0,48.102426,11.625542,4442116.19,2777873.0,535.1,580.8,248,7302,2.5,0.83,0.36,32.64,348.96,-0.529,-0.103,0.842,-0.5,0.1,-0.75,0.2,1.4,0.2,-0.3,-0.3,-1.3,-0.5,1.6,-0.3,4.4,1.2,2.3,-1.0,1.1,1.9,4.3,3.9,1.9,4.4,5.5,3.6,4.6,2.9,6.0,2.0,4.5,-0.3,3.1,4.5,7.0,2.2,3.4,0.4,2.1,-6.5,-0.2,-4.4,3.6,-2.2,3.3,5.4,4.8,7.8,6.9,0.2,5.4,-2.3,1.6,2.6,2.4,5.3,2.3,2.4,3.4,1.6,2.6,0.4,4.0,1.6,0.1,1.7,2.6,1.5,2.4,2.7,4.5,0.1,2.8,2.0,3.1,-0.9,1.9,3.5,3.6,4.7,8.4,3.4,5.2,7.1,6.9,5.4,5.1,5.2,8.3,10.1,10.8,4.7,8.5,7.8,8.2,8.3,5.3,6.8,2.9,3.9,3.3,3.5,3.5,0.8,3.5,5.1,1.5,0.5,1.1,4.3,3.7,6.7,3.1,4.2,6.2,2.5,5.0,1.3,3.0,2.6,0.5,4.1,-3.7,4.3,4.0,2.8,2.5,3.2,-8.3,3.4,4.6,4.3,4.5,6.9,6.5,2.8,4.0,3.6,3.4,3.2,2.3,3.2,1.3,3.0,-2.3,0.5,-2.7,4.2,-4.6,3.0,1.5,-0.3,1.8,3.8,1.1,3.0,2.8,2.4,6.0,1.5,2.8,3.9,3.3,3.2,1.0,2.6,2.3,0.4,0.4,0.8,-7.0,5.0,1.9,-2.6,3.1,-0.1,-2.2,-3.3,1.9,0.9,-0.9,-1.4,2.3,1.9,2.0,2.1,1.9,-3.6,4.2,2.1,3.7,0.4,0.5,0.9,1.5,0.9,0.0,3.3,-0.4,1.3,2.3,1.8,1.4,2.5,-0.7,-0.8,-1.0,-1.8,-3.0,-0.1,-2.5,1.4,-2.4,2.7,0.9,2.7,1.6
2C7L516E24,0,48.102582,11.626754,4442206.12,2777892.27,543.2,588.9,248,7320,2.8,0.83,0.35,32.64,348.96,-0.529,-0.103,0.842,-0.4,0.1,-0.32,0.21,0.6,0.2,-0.3,1.6,1.0,0.2,-0.6,0.6,-0.2,-2.3,0.3,2.7,-1.6,0.7,4.7,3.6,-7.0,5.2,0.3,0.3,-1.3,1.7,5.2,4.5,2.1,0.9,-0.2,1.1,-2.2,3.2,3.0,-1.0,-2.5,-7.3,-6.8,-3.7,-1.3,-3.4,-3.2,1.8,0.9,-0.9,3.0,0.4,1.1,0.8,-0.8,-0.4,-1.1,0.3,-2.9,-1.0,1.5,1.7,-1.1,-0.4,0.5,-0.2,2.1,3.1,1.0,0.3,0.8,0.3,-0.0,2.1,-0.3,0.9,0.6,0.5,-0.9,-1.8,0.1,-0.8,-1.0,-2.4,0.4,-0.4,-1.5,5.5,2.4,2.4,-1.7,-0.7,-1.1,2.7,1.1,-1.5,0.3,-0.2,-5.8,-2.3,1.1,0.8,-1.8,0.1,1.5,-2.5,-2.9,-1.5,2.5,1.7,0.2,-0.7,-0.5,0.2,2.0,-1.4,-1.9,0.9,1.5,2.4,0.6,0.7,1.8,3.1,1.3,0.9,-1.2,-2.4,-2.9,-1.4,-1.9,0.8,-0.4,-1.7,0.9,1.5,5.0,3.3,0.1,3.9,-2.8,2.1,4.1,6.9,-0.6,-1.7,-11.0,8.1,-5.9,3.0,2.8,1.2,-1.8,-0.2,4.4,1.0,-1.1,-3.0,-0.5,0.0,0.4,-2.2,-1.2,-0.3,-2.0,1.5,-2.7,0.2,-2.6,2.4,0.5,-5.4,-1.1,1.1,-5.1,2.6,1.1,-0.9,-12.3,-5.1,-0.3,0.9,-4.2,-11.1,-3.8,-4.0,2.0,-0.5,-0.5,-2.0,0.2,-1.3,1.1,-0.6,-3.3,-3.7,-2.8,-2.4,9.2,4.5,-5.6,-2.4,-2.9,-5.5,1.2,1.9,-3.1,-0.9,-2.4,-4.7,-1.6,-3.2,-0.2,-1.4,-0.5,-2.6,-3.1,-3.7,-1.1
2C7L516E27,0,48.1026,11.626895,4442216.56,2777894.51,543.3,589.0,248,7323,1.7,0.93,0.26,32.65,348.96,-0.529,-0.103,0.842,-0.4,0.1,-0.11,0.13,0.5,0.1,-0.3,0.0,-0.9,-0.1,0.1,1.1,1.6,-1.4,0.3,-0.1,0.1,0.4,1.8,1.3,1.0,0.2,-0.3,-0.7,-1.2,-1.2,0.9,0.4,1.8,-0.4,2.0,1.8,1.3,1.1,2.8,1.0,-0.7,-9.0,-2.4,-0.2,1.2,-2.1,1.1,3.1,-0.5,5.0,0.8,2.1,1.8,1.2,1.1,1.8,1.7,-0.1,-2.0,-1.1,0.5,1.0,2.1,0.8,0.7,-0.4,-1.1,-0.8,-0.8,-1.4,-0.5,-1.2,0.0,1.6,-0.3,-2.5,3.1,-0.7,-0.3,-1.0,-1.0,-1.7,-1.7,-2.9,-0.4,0.7,2.3,2.5,0.7,4.9,0.7,-0.8,0.8,-0.9,1.1,0.0,-0.1,0.7,1.5,2.8,0.6,0.9,-1.4,-0.7,0.0,-0.4,2.0,0.5,3.5,0.4,2.6,2.8,1.4,2.5,1.3,0.7,1.3,0.9,0.4,0.9,0.8,0.4,-1.2,-0.1,-0.3,-0.4,-0.7,1.2,-1.1,-1.0,0.5,-1.8,-1.6,-0.1,-0.7,-0.0,1.4,-2.1,-2.9,-0.1,-0.4,-1.7,1.4,-0.5,-0.2,0.8,0.6,-0.2,-4.8,0.9,1.1,-1.4,-2.3,0.0,2.3,-1.4,-1.3,-0.1,2.1,-0.4,-0.9,-3.3,-3.6,-0.9,-1.2,-1.8,0.1,-0.6,-2.8,-0.7,-2.4,0.7,-0.0,0.2,-3.0,-0.4,2.0,-1.9,-1.3,0.9,3.1,-1.3,-4.2,-2.9,-1.9,-1.0,1.2,-1.9,0.3,-0.8,0.7,-1.0,-0.3,-1.0,0.2,-1.5,3.6,-4.1,-0.4,-0.4,-4.2,-0.6,0.1,1.1,-1.1,4.6,-2.2,-0.5,-0.0,-2.1,-2.1,-2.4,-1.8,-0.2,-1.3,-3.3,-1.7,-2.7,-3.8
2C7L516E2N,0,48.1027,11.627668,4442273.92,2777906.83,535.4,581.1,248,7339,2.0,0.9,0.34,32.65,348.96,-0.53,-0.103,0.842,0.0,0.1,-0.16,0.15,0.5,0.1,-0.3,2.9,0.1,-1.9,-0.1,-1.0,4.6,-0.4,-2.6,0.4,2.2,1.3,2.9,1.7,0.7,-1.5,1.2,3.0,0.8,-0.2,0.5,2.5,3.2,0.5,0.7,-0.0,3.3,2.5,4.5,1.3,-0.3,-7.3,0.6,-2.3,0.5,-0.1,-0.2,2.7,1.7,4.5,2.9,2.8,2.5,0.8,2.1,0.5,1.3,1.8,-3.3,-0.1,0.8,1.5,-3.0,-0.7,0.6,-0.3,-0.9,0.3,-2.5,0.5,-0.6,-0.9,-1.1,1.4,0.8,2.6,-1.6,-2.5,-0.2,0.0,0.5,-0.8,0.1,0.2,1.0,4.9,0.7,3.1,3.1,2.8,2.2,0.8,0.4,2.5,-0.1,1.5,0.8,0.1,0.1,2.4,2.2,1.1,-1.2,-0.3,0.8,2.4,2.3,-2.8,2.9,2.7,2.6,0.8,2.6,2.4,3.6,0.1,3.0,0.4,5.7,5.2,2.6,-1.4,1.8,-1.1,0.8,1.4,1.6,-1.6,-0.2,2.6,0.4,-1.0,2.2,-0.5,3.2,3.5,2.1,0.5,5.5,1.7,3.4,4.1,1.5,-3.2,1.2,-0.9,-1.5,-1.1,-5.7,2.8,5.1,-0.2,-0.7,4.1,1.4,4.6,2.0,2.8,0.2,-0.3,0.7,-0.7,-0.9,0.5,-2.3,-1.8,2.6,0.6,1.8,1.5,3.3,-0.4,3.3,1.7,1.5,0.9,7.1,2.1,-1.6,3.7,2.5,-1.5,-2.6,-1.9,1.1,-0.5,-1.9,-1.6,0.2,-0.1,1.8,-1.1,-0.2,0.0,0.4,1.7,2.1,1.0,0.8,3.2,0.0,3.7,1.4,0.3,0.8,-0.2,-0.9,-1.8,-0.8,0.3,1.1,3.1,1.0,1.5,-0.4,1.6,-0.1,2.2,1.6
2C7L516E2Y,0,48.102787,11.628347,4442324.35,2777917.64,536.7,582.4,248,7350,2.6,0.85,0.43,32.65,348.96,-0.53,-0.103,0.842,-1.0,0.1,0.41,0.2,0.3,0.2,-0.3,-0.6,1.5,0.9,-0.2,1.4,-1.1,1.5,1.3,2.8,-5.2,3.7,-0.6,2.2,2.3,1.3,1.2,0.0,-0.8,-1.1,-0.4,1.4,0.6,-1.7,-2.1,2.5,1.3,2.3,-9.2,0.6,-0.5,-9.8,-4.2,-0.1,-0.8,-1.4,-1.7,1.9,-1.0,3.8,-0.5,2.6,2.7,0.3,-1.1,0.6,-1.1,1.5,2.9,1.0,2.1,0.7,2.3,1.3,2.6,1.2,-1.2,-1.8,-0.9,-1.5,-2.6,1.3,1.0,0.5,2.4,-4.9,-11.4,-3.1,-11.5,0.8,0.2,-3.2,1.3,-5.2,1.1,1.2,0.0,-0.1,1.0,1.0,-2.0,2.2,0.2,0.9,1.3,0.8,-1.6,-0.6,-2.5,-0.1,1.7,0.5,-5.0,-0.4,1.4,0.4,2.9,-3.6,0.6,-2.0,-1.0,-2.6,-1.6,-0.1,-2.0,-1.4,-1.0,-3.0,-1.7,-2.6,-3.6,-2.2,-2.3,-2.2,-3.0,-2.0,-2.5,0.2,-2.2,-3.9,-1.7,7.3,0.4,-2.4,1.1,2.1,-1.3,-3.9,0.0,-0.8,-3.0,-5.5,-1.9,-8.4,-2.1,-4.1,-3.7,-4.0,-8.5,-1.7,-4.0,-9.4,-7.1,-5.9,-7.9,-7.0,-7.6,-0.4,-4.5,-6.6,-1.6,-6.3,-7.7,-1.4,0.1,-1.1,-5.4,-5.4,-2.0,-1.0,-3.1,-4.3,-4.6,-3.6,-6.7,-2.2,-1.6,-2.2,-5.6,-0.2,-1.9,-2.4,-5.4,-4.0,-4.9,-5.0,-3.6,-4.0,-4.3,-2.6,-6.1,-3.4,-5.1,-0.4,-4.7,-2.9,0.6,-4.1,-2.9,-2.5,-8.5,-4.6,-5.9,-1.2,-2.9,-2.1,-3.0,-4.7,-5.1,-5.3,-3.5,-2.9,-4.6,-0.3,-2.9,-1.7,-5.6,-5.7,-2.4
2C7L516E2a,0,48.102792,11.628389,4442327.42,2777918.31,534.1,579.8,248,7352,1.4,0.95,0.24,32.65,348.96,-0.53,-0.103,0.842,-0.8,0.1,0.08,0.1,0.3,0.1,-0.3,0.7,0.2,-0.7,-0.6,-1.1,-0.6,0.2,-0.3,0.9,-0.7,1.7,-0.1,0.1,0.9,0.4,0.9,1.4,-1.7,0.1,-0.9,0.5,1.6,-0.9,1.9,2.9,1.8,3.3,2.5,0.0,-0.2,-6.4,-2.3,0.2,1.2,-0.8,0.7,2.8,0.6,1.5,1.7,2.9,-0.2,3.8,2.4,1.2,-0.1,-1.4,-1.0,-0.7,-1.7,-0.2,-1.4,-1.0,-0.8,-1.6,-0.1,-0.3,-0.8,-1.4,-1.1,-0.2,0.0,1.6,-1.0,0.6,-2.0,-2.1,-3.0,-2.2,-0.8,-1.6,-0.5,-1.8,-0.3,0.9,0.5,0.7,-0.3,1.5,0.2,-0.1,0.3,-1.7,-0.6,-0.8,0.0,-1.0,-2.0,0.2,2.0,0.1,-2.2,-2.0,0.9,-1.6,1.6,-0.8,2.1,0.4,0.5,-1.5,0.2,-1.7,0.2,-0.5,-0.3,-2.2,-2.3,-2.1,-1.7,-2.2,-1.2,-2.9,-1.4,-1.5,-1.7,-3.3,-1.6,-1.5,-0.7,-1.0,-1.0,-2.7,-1.1,1.1,1.2,-0.8,-0.2,0.1,-2.6,-4.0,-1.8,-2.2,0.2,-2.2,-2.0,-1.5,-4.9,1.9,1.1,-1.6,-1.8,-2.8,-2.2,-2.4,-2.7,-1.2,-2.5,-2.5,-2.3,-2.8,-3.0,-1.9,-1.5,-3.1,-2.8,-2.4,-1.4,-0.1,-2.6,-3.0,-2.7,-5.0,-5.8,-4.5,0.2,-2.8,-4.9,-1.8,-1.0,-2.0,-4.2,-4.7,-4.4,-2.6,-1.8,-1.8,-3.0,-2.8,-3.4,-2.9,-3.0,-2.6,-2.1,-3.2,-1.9,-2.8,-1.1,-1.9,-5.0,-5.5,-3.2,-2.2,-2.5,-2.5,-3.2,-4.2,-3.6,-4.0,-2.8,-3.1,-3.4,-3.0,-3.0,-2.2,-1.6,-3.2,-4.1
2C7L516E2i,0,48.10285,11.628837,4442360.65,2777925.43,534.7,580.4,248,7360,1.5,0.94,0.22,32.65,348.96,-0.53,-0.103,0.842,-0.4,0.1,-0.14,0.11,0.3,0.1,-0.3,-0.7,-0.5,-0.1,0.6,-1.7,-1.5,0.3,0.1,1.1,-0.0,1.4,-0.2,2.3,1.5,3.0,1.6,2.2,0.8,1.0,-3.3,1.3,-1.2,1.7,0.3,3.5,0.1,3.5,-0.0,1.0,0.3,-2.2,-3.3,-1.2,-1.5,-1.6,-1.1,0.1,-2.7,3.4,2.2,2.8,1.5,4.2,1.7,2.7,1.1,-0.2,0.5,1.5,0.8,2.7,1.0,1.4,1.5,1.6,0.8,0.9,0.2,0.9,0.1,1.4,0.9,0.9,0.1,-0.2,-1.4,-0.5,-1.0,-1.1,-0.2,-1.3,0.2,-1.7,0.3,0.5,0.5,1.0,1.6,-0.0,1.3,1.5,2.6,0.9,1.6,0.9,-0.7,1.2,0.7,0.9,2.7,0.5,0.3,-1.0,1.3,1.4,2.7,0.1,2.9,1.1,0.7,-1.1,2.0,-0.0,1.0,0.3,0.9,0.2,-0.4,0.3,0.8,-0.1,-0.3,-1.1,0.7,0.3,-0.1,-1.6,-0.9,-3.0,-1.7,-0.9,-0.8,1.5,0.2,2.6,2.4,-0.6,1.5,1.3,-2.1,-0.0,-1.5,0.8,-0.3,-0.2,-0.9,-1.7,-3.9,1.7,1.3,-1.7,-1.8,-1.2,-1.7,-0.5,-1.3,0.3,-0.3,-0.7,0.5,0.1,0.0,0.1,0.9,1.5,0.7,1.3,0.6,1.5,1.0,-1.2,-2.6,-0.6,-3.5,-0.6,2.0,-1.2,-7.9,0.9,0.5,0.1,-2.7,-4.6,-2.5,-1.6,0.4,-2.2,-1.0,0.1,-1.2,-0.9,-0.8,0.2,0.4,-0.2,0.2,0.1,1.4,-3.4,-3.4,-1.6,0.1,-0.6,0.4,-2.8,-0.3,-3.6,-2.4,-1.8,-2.1,-0.2,-1.1,-0.5,-1.2,-0.2,-0.8,-1.2,-1.0
2C7L516E3G,0,48.103116,11.630913,4442514.69,2777958.47,539.6,585.3,248,7394,1.1,0.96,0.14,32.66,348.96,-0.53,-0.103,0.842,-0.6,0.1,-0.3,0.08,1.1,0.1,-0.3,-0.3,-0.9,-0.5,-0.8,0.2,1.6,-0.5,0.7,0.7,0.5,-0.1,1.9,0.7,-0.5,-0.9,-0.5,-0.7,-2.3,-2.5,-3.5,-3.0,-2.3,-1.4,-1.1,-2.0,-0.4,-0.6,0.8,-1.3,-2.7,-2.9,-5.7,-4.6,-5.1,-3.0,-2.8,-1.0,0.3,-0.1,-1.3,-1.2,-0.1,-1.2,-0.6,-1.1,-1.5,-1.4,-2.2,-1.0,0.1,0.0,0.7,0.1,-0.6,-0.5,-1.1,-0.4,-0.5,1.0,-0.5,-0.5,-0.3,1.0,-0.7,0.4,0.0,-1.8,1.3,-1.0,-1.2,-0.8,-1.0,-0.5,-0.7,-1.1,-1.4,-1.6,-1.8,-1.1,-1.9,-2.5,-1.9,-1.6,-2.3,-1.3,-1.7,-2.0,-1.8,-3.0,-1.5,-2.5,-2.8,-2.8,-3.3,-2.7,-1.8,-1.0,-1.3,-2.2,-2.5,-2.3,-1.3,-1.8,-1.0,-1.0,-1.3,-0.5,-1.2,-0.2,-1.2,-1.6,-0.6,0.6,0.3,0.3,-0.6,-0.3,-0.8,-0.3,-1.3,-0.2,-0.2,-0.8,-0.9,-0.4,-0.4,0.2,-0.5,-1.4,-4.4,-2.6,-2.3,-0.8,-2.3,-4.8,-3.7,-3.6,-6.5,-0.8,-0.6,-0.6,-1.6,-2.9,-2.6,-2.0,-1.3,0.2,-0.7,-1.5,-1.3,-0.9,-2.5,-1.3,-1.5,-1.7,-1.0,-1.6,-2.5,-2.1,-2.1,-3.2,-4.9,-2.7,-5.0,-6.0,-1.0,-3.1,-6.0,-2.2,-3.3,-2.7,-4.9,-4.6,-1.8,-1.6,-2.9,-2.7,-2.4,-4.9,-2.2,-2.4,-2.3,-2.4,-2.6,-2.5,-3.3,-2.9,-3.1,-3.5,-6.0,-5.8,-3.7,-4.1,-4.1,-3.2,-4.1,-5.8,-5.3,-4.0,-5.0,-4.2,-3.3,-4.5,-3.9,-1.4,-3.2,-3.2,-3.1
2C7L516E3d,0,48.103252,11.631972,4442593.25,2777975.34,529.9,575.6,248,7417,4.2,0.64,0.49,32.67,348.96,-0.53,-0.103,0.842,-0.3,0.2,-0.47,0.33,0.5,0.3,-0.3,3.1,0.7,0.7,0.2,4.8,0.6,4.1,5.0,2.4,0.9,3.7,0.5,-1.7,0.0,3.2,3.6,0.6,3.2,1.5,-1.8,-1.2,2.8,3.6,3.0,-2.1,2.1,3.9,3.8,4.9,-2.1,10.8,-7.4,-1.8,-3.3,2.2,-3.4,1.4,-3.1,1.1,2.7,-2.3,-3.9,1.1,4.6,-3.3,6.7,-4.0,5.1,4.7,4.1,1.9,2.5,-3.1,5.1,5.1,6.2,2.0,4.1,2.9,0.6,-2.0,-1.1,3.4,2.1,-2.0,3.0,4.2,4.5,8.8,5.5,9.4,6.4,3.0,1.8,-1.4,-1.5,2.5,2.8,0.5,-9.5,0.4,9.9,1.7,1.9,3.1,5.9,3.5,3.9,-2.7,0.5,2.9,4.9,-3.4,-0.9,-2.3,15.6,-1.9,3.7,-1.3,4.5,-1.6,5.9,2.5,-4.9,1.0,10.8,13.7,6.5,2.2,2.3,2.3,8.5,6.4,0.4,5.6,5.3,-1.9,1.7,3.5,-0.4,1.0,5.4,1.2,-1.8,6.8,-7.4,3.0,3.6,2.0,3.0,6.1,5.8,6.7,10.9,3.8,5.0,-2.2,-2.3,4.4,2.1,1.4,-3.0,1.6,4.5,1.7,4.3,0.2,2.0,-5.7,-11.0,6.0,-5.8,-5.1,13.8,4.8,3.5,1.8,3.8,3.3,4.2,-4.8,-3.0,-2.6,9.8,4.1,5.2,7.0,1.7,4.4,-7.1,-0.5,-7.0,-11.1,-1.2,0.4,1.4,-10.2,-2.6,-5.4,2.9,1.6,-0.2,-8.4,2.9,6.1,3.6,2.5,2.3,5.4,-1.1,-2.7,1.5,3.1,0.2,6.4,0.7,-5.3,1.0,2.8,1.2,-5.8,2.9,3.9,-2.8,1.5,-4.8,7.9,6.5
2C7L516E21,0,48.102575,11.626556,4442191.38,2777891.18,542.5,588.2,248,7317,3.2,0.76,0.38,32.64,348.96,-0.529,-0.103,0.842,0.3,0.2,0.08,0.24,1.5,0.2,-0.3,-0.7,1.2,-0.2,0.7,-1.3,3.2,2.2,0.2,0.9,9.7,2.7,4.0,-4.5,-2.7,-2.1,0.7,-6.2,-5.3,-5.3,-3.4,-5.6,-1.9,-2.1,-3.4,0.3,-3.2,-1.2,0.6,2.2,-4.5,-11.9,-8.7,-5.7,-5.9,-8.2,-6.8,-6.8,-5.4,-4.6,-0.7,-4.2,-4.0,-2.7,-1.5,-1.8,-1.1,-1.5,-3.4,-1.4,-2.9,-0.2,-3.4,-0.3,-2.3,-3.2,0.3,-0.2,0.2,-1.5,-4.3,-2.0,-2.4,-10.0,-3.4,3.6,-3.3,-3.3,-10.6,-2.2,-1.8,-1.3,-3.9,-0.9,-2.0,-1.9,-3.6,-3.1,-4.3,-5.7,-2.0,-2.2,-4.5,-3.8,-3.0,-4.2,-4.2,-2.7,-5.3,-1.5,-5.3,-2.0,-4.3,-5.0,-1.8,-2.7,-9.0,-4.0,-3.0,-5.3,-4.6,-3.0,-2.0,-1.2,1.2,-4.6,0.3,-1.3,-1.8,-3.0,0.6,1.1,1.8,-0.8,0.4,0.6,-0.4,0.3,-0.6,-2.2,0.9,2.5,1.2,-4.0,-4.0,-3.7,-4.0,5.1,2.0,-5.4,-5.2,-4.7,1.0,-1.7,1.1,-4.7,-5.2,-0.9,-5.8,1.8,0.2,2.6,-2.4,-3.0,-1.4,-1.4,-2.4,5.6,-2.4,-0.3,-0.4,3.0,-0.8,-0.4,-1.3,-0.9,7.2,7.7,-0.7,1.3,-2.8,-0.8,3.4,1.0,-8.8,-3.9,-11.1,0.3,-2.9,-0.9,-3.9,-1.0,-6.9,-4.6,-9.5,5.4,-6.7,-2.9,-2.2,-3.2,-1.2,-1.2,-3.8,2.2,-0.4,2.7,0.1,-0.6,-1.0,-3.6,-10.4,-4.4,-3.8,0.2,-3.7,1.5,-0.6,-2.4,-0.5,-8.2,5.3,0.3,-10.9,1.2,4.7,2.5,-0.4,-0.0,0.4
2C7L516E2L,0,48.102708,11.62759,4442268.14,2777907.65,538.6,584.3,248,7337,4.3,0.61,0.5,32.65,348.96,-0.53,-0.103,0.842,-0.4,0.2,-0.65,0.33,0.9,0.3,-0.3,3.2,-2.8,-2.8,-4.3,-1.9,0.9,0.9,0.4,1.6,-6.5,1.6,5.8,2.9,-1.9,0.6,-0.9,-1.7,-3.9,5.1,3.1,-4.7,-1.4,7.8,-0.6,6.9,1.2,5.4,-0.6,5.1,2.0,-14.5,-0.6,-3.4,-2.1,-3.0,1.1,-1.6,-0.5,-4.0,7.3,0.4,-0.9,2.9,-0.5,4.8,-3.6,2.3,-2.1,-1.5,1.5,5.0,3.5,0.2,-0.6,-0.8,-2.7,2.8,4.8,-0.5,1.9,-1.9,-8.4,-4.7,-11.9,0.3,4.0,-4.1,-5.3,-6.8,-4.0,-3.6,-1.7,-2.4,-0.4,3.2,-2.7,-4.0,-5.3,-2.9,0.2,6.0,4.0,4.1,6.2,7.4,-2.7,-4.0,-2.2,-4.7,2.0,-4.5,4.6,1.8,-3.9,-5.7,5.9,-2.0,1.8,0.2,6.6,0.5,1.6,6.7,6.7,2.5,5.4,6.0,4.6,7.8,10.9,-7.5,0.4,7.9,5.0,3.4,2.2,-12.1,-5.7,3.9,-2.2,-7.8,-1.2,1.4,5.7,2.2,7.6,1.7,0.5,1.0,-8.1,-1.9,4.4,-5.3,-4.6,-2.6,-3.8,-2.7,-2.4,2.9,3.1,-6.8,1.4,-4.6,0.4,1.4,-4.0,-2.9,-1.9,-1.3,4.4,-0.4,0.7,-1.1,-4.9,1.0,0.7,2.2,0.1,1.3,4.9,0.8,1.0,6.1,8.5,-2.2,3.7,-1.5,2.1,2.4,10.5,2.7,-0.3,-5.7,1.0,3.7,-8.6,2.7,1.8,-5.9,1.7,-4.2,-0.3,-4.9,-2.8,5.8,-8.5,5.9,-0.9,7.1,-10.6,-14.1,-2.9,-3.7,-2.9,3.9,-1.7,-5.0,-3.2,-4.6,-3.9,-0.5,-0.6,-4.6,1.0,0.6,-8.3,-4.4,-3.5
2C7L516E2h,0,48.102873,11.628872,4442363.26,2777928.05,539.4,585.1,248,7359,2.5,0.85,0.44,32.65,348.96,-0.53,-0.103,0.842,-0.3,0.1,-0.47,0.19,1.1,0.2,-0.3,0.3,-0.5,1.2,1.3,-1.7,-0.1,0.4,-1.1,1.8,1.5,1.3,-0.3,2.6,1.8,2.0,-2.4,-0.2,-1.8,-2.4,-4.1,-0.5,-4.4,0.7,-0.4,1.3,-1.6,3.1,2.0,1.3,-4.2,-1.3,-6.5,-4.8,-3.9,-3.3,-2.4,-2.2,-2.1,1.5,-0.6,-0.8,2.7,0.7,-2.0,-0.3,-1.4,0.1,-1.0,-1.3,0.7,1.3,-1.1,0.4,-0.8,1.5,1.1,-0.6,-0.2,-0.1,-0.2,0.8,2.3,0.5,0.8,2.3,1.0,0.1,-0.4,-0.9,1.4,0.5,0.7,-0.6,0.1,1.5,1.4,0.8,2.1,-2.1,-2.0,2.7,-11.4,1.3,2.3,1.1,-0.2,2.1,0.3,-3.6,0.2,-1.6,-1.1,-1.1,-1.0,0.7,2.9,-0.5,-2.0,2.0,-0.2,-1.0,2.1,1.5,2.6,-2.6,-1.0,-0.7,-0.9,0.4,1.6,-0.1,0.0,-0.4,0.1,0.6,-0.2,-2.5,-0.6,-3.2,-1.9,0.1,0.2,-1.1,1.2,11.5,-5.7,-0.2,-1.6,2.1,-2.7,0.5,-2.2,-1.4,2.3,0.1,-5.1,-1.9,-4.8,2.1,2.6,-0.1,-0.3,-0.9,-1.5,-1.5,0.7,-0.4,0.1,0.7,-0.3,-5.3,4.9,-0.7,4.5,1.6,-2.5,-0.6,1.6,1.2,-2.3,-1.6,-3.1,-2.7,-5.2,-4.2,0.7,0.4,-5.7,1.7,-0.5,-5.6,-9.4,-6.8,1.6,-2.4,-3.3,1.6,1.3,7.9,-1.6,1.8,1.3,2.7,1.3,1.7,-6.7,-4.0,1.7,-5.6,-7.3,-2.3,0.8,-2.5,-1.3,-6.6,-1.2,-3.3,-6.8,-2.3,-4.7,-1.7,-1.3,-1.8,-1.6,-2.8,-0.8,-1.0,-2.2
2C7L516E2j,0,48.102872,11.628869,4442362.98,2777928.0,533.7,579.4,248,7361,2.1,0.89,0.38,32.65,348.96,-0.53,-0.103,0.842,-0.7,0.1,0.06,0.16,0.6,0.1,-0.3,0.5,0.3,0.9,1.5,-0.7,-0.1,1.8,1.6,1.8,-0.7,2.8,-1.1,2.2,2.1,3.8,2.1,1.3,0.6,-2.1,-0.0,1.9,-0.6,3.0,3.3,3.7,1.0,4.4,3.2,1.3,0.5,-1.8,-3.1,-0.4,-4.1,-1.0,-0.9,3.6,-4.0,3.5,1.9,2.7,3.7,4.7,1.7,4.4,0.9,1.8,2.7,3.3,3.1,3.2,1.6,3.5,-2.3,0.1,0.6,2.1,-0.9,0.9,1.6,2.2,0.8,2.3,-0.4,-1.6,-1.6,-1.6,-2.1,-2.4,-0.5,-2.1,1.6,-2.6,0.3,0.5,0.1,1.0,3.0,1.4,2.5,2.8,3.3,-0.2,0.4,2.0,2.6,-0.3,0.9,1.5,2.3,0.9,1.6,-0.5,3.1,3.0,2.8,1.5,3.2,1.7,2.1,0.1,2.4,0.3,1.5,0.2,0.9,2.1,0.3,2.5,2.5,1.1,2.1,-0.4,0.9,0.0,-0.1,-0.7,0.1,-3.8,-1.4,-1.7,-1.5,5.0,-0.8,1.7,1.4,1.4,0.1,1.0,-1.5,0.5,7.2,0.4,1.0,0.8,-0.9,-2.2,-2.0,2.9,1.6,-0.6,-3.6,-2.7,-4.0,-1.9,-2.8,0.9,-0.2,-2.3,-1.8,-1.5,-0.5,-4.6,0.3,0.4,-1.0,0.8,0.2,-0.2,1.0,-2.6,-4.7,-0.3,-4.4,0.4,6.3,0.4,-9.4,0.2,0.3,-2.5,-3.6,-5.0,-3.9,0.1,-1.4,-6.5,-2.6,-2.5,-3.5,-4.2,-3.9,-3.0,-0.1,1.0,0.4,-0.0,1.7,-2.6,-0.9,-1.8,-0.9,-0.5,-2.6,0.2,1.6,-7.6,0.1,0.3,-1.8,0.6,-0.5,-0.5,0.1,2.4,-0.7,0.4,-1.5
2C7L516E3C,0,48.103129,11.630866,4442511.14,2777959.75,549.3,595.0,248,7390,2.6,0.85,0.31,32.66,348.96,-0.53,-0.103,0.842,-0.5,0.1,-0.27,0.2,1.2,0.2,-0.3,0.0,-1.5,1.9,-1.0,0.6,-11.5,0.0,3.5,-0.6,0.7,0.2,-9.7,2.1,0.1,1.9,1.8,1.5,-1.0,-2.6,-1.5,-1.9,-0.6,0.0,-0.1,-0.3,1.8,-2.3,10.4,1.9,0.1,-3.6,-4.8,-3.6,-4.3,-3.4,-2.1,-0.3,1.8,-0.0,0.3,-0.1,2.0,0.5,1.0,0.4,-1.3,-0.9,-0.4,-0.3,0.9,6.3,1.6,0.5,1.1,1.4,0.1,1.0,0.5,0.6,1.6,-0.3,0.7,4.9,-0.5,12.5,-1.4,0.8,0.8,-0.2,1.2,-0.3,0.4,1.3,2.4,-0.3,0.9,1.2,-0.7,0.2,-1.8,0.2,0.0,-3.0,-0.7,0.3,-1.6,0.6,-1.5,-1.7,-1.9,-2.4,-0.2,-1.7,-3.4,-0.7,-0.9,1.2,-0.3,-3.0,-2.5,-2.5,-0.8,-0.2,0.7,-0.7,-0.2,-1.3,0.1,2.2,-1.2,0.8,-1.9,0.4,0.2,0.2,0.7,-0.5,-1.6,3.9,1.6,0.9,-0.6,0.9,0.3,0.2,1.3,1.0,-0.7,-1.1,-3.4,-2.3,-4.8,-1.6,-0.2,-3.5,-3.8,-3.4,-7.4,-0.5,1.5,-2.4,-1.2,-1.7,-3.6,0.7,-1.1,1.3,1.3,0.5,0.7,-0.3,0.6,0.6,1.0,0.1,0.9,0.4,-0.4,0.6,-2.3,-3.6,-4.4,-1.5,-5.7,-8.0,1.2,-2.0,-3.9,-2.7,-3.4,-1.5,-3.9,-2.8,-4.6,9.9,-2.8,1.1,-1.1,-6.2,-1.9,-2.9,-0.3,-1.9,-1.9,-2.6,-3.8,-4.8,-3.6,-4.0,-4.3,-0.2,-3.8,-2.0,-0.7,-0.4,-5.7,-8.9,-4.0,6.3,-4.4,-4.7,-2.3,-2.4,-1.4,8.1,-2.3,-2.4,-1.8
2C7L516E3S,0,48.103243,11.631753,4442576.96,2777973.87,548.7,594.4,248,7406,3.5,0.79,0.38,32.67,348.96,-0.53,-0.103,0.842,-0.4,0.2,0.15,0.27,0.9,0.2,-0.3,0.7,2.3,6.4,1.0,3.2,4.6,-3.8,4.3,2.3,4.6,0.9,-18.0,-0.4,1.6,2.7,4.1,5.1,0.5,-2.2,-7.4,-5.1,-3.1,-1.0,-1.3,-0.4,0.2,0.7,-16.9,-3.1,0.1,-18.4,-5.1,-0.9,-2.7,-2.3,-1.1,1.0,1.4,0.1,-1.1,-3.7,-4.5,-1.2,0.6,-3.4,-1.2,-4.1,-3.5,1.4,-0.4,0.1,2.6,0.8,-0.3,-1.6,-2.2,-3.4,-1.0,-2.5,-2.7,-2.6,0.3,-3.3,-0.8,-4.5,-0.7,-2.9,-0.2,1.0,-1.7,2.5,-1.4,-2.5,1.2,-0.8,1.8,1.4,2.9,0.3,-3.5,-2.2,-2.6,-0.0,-0.8,0.3,-4.6,-2.6,-0.5,-4.7,-4.0,-0.6,-4.7,-4.4,-5.1,-0.6,-0.4,-7.3,2.1,-1.2,-3.1,-4.6,1.5,0.2,2.8,2.7,2.9,0.1,1.9,1.0,2.4,0.8,1.5,-6.4,0.5,0.3,-6.0,-1.3,-4.8,-2.8,1.1,-6.5,-1.5,-1.1,-1.2,0.2,-2.0,-7.1,2.7,-3.3,1.3,-5.5,0.7,-3.4,-0.7,-4.1,-2.5,-4.9,-6.8,-6.0,-0.4,-9.0,-3.3,-0.6,-2.6,0.0,0.4,1.6,-1.9,-1.0,0.5,-4.0,-1.0,0.2,-0.6,-4.2,1.9,3.0,-0.7,-3.3,-6.3,-5.5,-0.6,2.2,-0.5,3.3,1.3,-1.9,-6.0,-8.2,-1.9,-3.1,-1.9,-4.4,-4.5,-0.4,-5.6,-11.5,-4.1,-4.7,-2.7,-2.7,0.5,-1.2,-1.4,-0.7,-16.6,-6.8,-3.2,-1.3,-3.0,-5.2,-3.3,-1.5,-3.6,-2.1,-2.0,-2.2,-0.1,-4.6,-0.6,-4.4,-2.1,1.0,3.9,1.3,1.5,-4.5,-2.3
2C7L516E3q,0,48.103378,11.632805,4442655.02,2777990.65,534.1,579.8,248,7430,3.8,0.71,0.46,32.67,348.96,-0.53,-0.103,0.842,-0.3,0.2,-0.17,0.29,0.8,0.2,-0.3,5.5,-1.5,1.4,0.4,-0.7,0.5,-1.7,-1.5,-2.5,3.3,-1.6,2.7,-2.0,-0.5,-3.2,-5.0,2.3,0.9,-0.4,1.8,4.5,-6.6,1.4,-0.4,-1.2,3.9,3.6,-0.9,0.5,1.4,-5.1,-4.6,0.0,-2.0,-1.7,-2.9,-4.6,-7.0,-3.0,-3.3,-1.3,-7.4,-4.0,2.6,-4.7,-1.2,-2.2,-3.4,0.2,-0.5,1.3,0.8,-0.1,-0.4,0.9,-15.6,0.6,-0.2,-0.6,-0.3,-2.0,-4.3,6.2,-1.4,2.7,11.0,0.5,-5.2,-6.7,-5.0,1.2,-5.1,-2.2,-6.0,-1.6,-0.6,0.2,-0.7,-1.6,-0.1,-1.8,-4.6,-7.6,-2.0,1.0,-4.8,0.1,9.6,-0.9,-1.9,2.3,-9.7,-3.1,-2.8,8.4,1.4,-1.7,0.2,-1.1,-3.2,0.2,-0.9,-6.6,-1.9,-0.0,1.6,-6.9,1.5,-1.4,3.9,-4.4,-2.3,-7.8,-4.7,-2.8,-1.1,-2.1,3.6,-6.1,3.4,2.0,1.1,1.0,-1.6,3.3,-2.1,-1.8,-7.4,-4.0,-2.9,-3.1,-4.3,-7.8,-2.2,6.9,-4.2,-1.2,-3.9,-2.2,0.3,-8.9,1.2,-2.3,-8.2,0.2,6.3,-9.1,5.6,-6.8,2.5,-5.3,-2.4,-0.8,-1.6,1.3,3.4,10.2,4.0,0.6,-3.3,-2.7,-2.8,3.2,-4.0,-2.3,1.6,-7.6,-4.1,-1.5,-4.7,-0.1,-2.2,-5.5,-0.5,-1.2,-1.2,-2.1,-1.1,-3.1,3.6,0.5,0.3,-1.4,-4.3,-1.0,-5.9,2.7,-3.3,-2.4,-0.8,-4.6,-2.6,-3.0,-1.5,3.7,0.3,-4.5,-6.2,-3.2,-5.5,-3.7,-5.9,-15.5,-7.2,-2.1,8.3,-8.7,0.2
2C7L516E4E,0,48.103559,11.63422,4442759.94,2778013.15,536.4,582.1,248,7454,3.8,0.7,0.46,32.68,348.96,-0.53,-0.103,0.842,-0.1,0.2,0.54,0.3,0.8,0.3,-0.3,4.3,-3.3,-1.0,-4.5,-1.7,6.3,-0.8,-1.9,3.5,-2.6,-0.3,6.5,1.1,0.5,-0.1,-0.3,-0.7,-0.1,-0.8,-1.6,-3.5,-4.2,-3.2,-5.0,-3.0,2.9,-4.6,-13.2,-7.1,-3.2,-15.4,-5.6,-5.0,-4.7,-6.2,-5.2,-0.2,-8.1,1.1,-3.8,-1.2,3.9,-0.9,-0.9,-5.1,-4.1,-7.1,-5.2,-6.2,-0.2,-2.8,-6.3,-4.1,-5.8,-8.7,-6.5,-8.3,-6.0,-3.4,-6.9,-6.1,-8.5,-5.5,-8.1,6.0,-1.2,-6.6,-6.3,-7.5,-6.0,-5.7,-3.3,4.2,-4.2,-3.0,-3.1,-4.7,-1.1,-3.7,-5.2,-5.6,-6.4,-6.4,-4.0,-6.5,-4.9,-1.6,-2.1,-2.4,-5.1,-2.9,-13.6,-15.3,-9.7,0.5,-7.8,-18.0,-2.7,1.7,-8.1,-3.6,-2.0,-5.5,0.2,3.1,-2.2,-1.3,-2.6,-2.2,-3.0,-4.3,-5.8,-1.3,-2.3,-4.7,-4.2,-2.9,-1.4,-0.5,-4.7,-6.2,-3.4,-2.2,-6.5,-6.6,-3.8,3.5,-3.1,-5.4,-6.3,-6.0,-1.5,7.7,-4.0,-2.4,-4.9,-3.1,-3.8,-3.5,-0.5,4.7,-5.0,-5.4,-5.2,-1.7,-1.4,-3.4,-2.4,3.1,-0.4,-6.6,-7.1,-2.4,-6.2,-1.8,-0.3,-6.2,-2.9,-4.3,-2.3,-5.1,-8.2,-3.4,-13.4,-6.9,7.7,-0.5,-3.2,-1.9,-1.6,-1.5,-4.8,-10.4,-12.5,2.5,2.9,-0.0,-0.7,-11.3,-1.1,-2.4,-3.9,-3.7,-5.3,-2.1,-3.3,0.3,-6.3,-10.1,-2.7,-6.7,-5.8,-4.1,0.0,-12.1,-6.1,4.0,-4.7,0.1,-6.2,-2.8,-4.0,0.3,-1.7,-1.9,-1.6,-1.6,-4.0
2C7L516E4K,0,48.103608,11.634596,4442787.88,2778019.14,538.2,583.8,248,7460,4.1,0.66,0.45,32.68,348.96,-0.53,-0.103,0.842,-0.5,0.2,-0.08,0.31,2.9,0.3,-0.3,-1.1,-1.8,0.8,-0.3,-2.0,-2.5,-1.5,-3.0,0.8,-0.2,1.0,2.0,-2.4,1.9,-5.0,-4.8,-5.3,-4.3,-5.6,-5.8,-2.0,-0.4,-3.6,0.7,-10.3,1.3,1.4,-1.6,-7.9,-1.1,-23.9,-13.4,-12.3,-10.8,-8.9,-6.0,-2.3,-1.4,-2.7,-1.2,-3.8,-6.6,-6.9,-2.0,-1.1,-1.2,-4.0,-4.2,-1.5,-3.1,1.9,-2.8,-2.3,-0.2,-2.5,-1.3,-0.4,-1.3,-2.4,-0.2,-0.9,-0.5,-4.2,-11.0,-2.0,-1.5,0.6,-9.3,-0.1,-1.2,-5.1,1.6,-1.6,-5.3,-4.3,-6.2,-4.8,-4.9,-4.8,2.0,0.6,-9.5,1.0,-1.2,-2.2,-8.6,-6.4,-3.0,-9.7,-7.6,-13.1,-5.0,-4.2,-7.8,-3.2,-12.3,-4.9,-7.4,-4.6,-5.2,-2.7,-7.5,-5.9,-7.5,-5.1,-2.9,-2.6,-0.9,0.7,-2.1,-4.7,-4.3,3.3,-3.3,-2.3,-2.6,-0.3,-1.3,3.4,-8.9,-5.6,-5.0,-7.2,-3.8,-3.1,-2.7,-4.2,-2.1,-2.7,-5.7,-3.3,-5.8,-2.0,-4.2,-6.3,-10.1,-12.2,-5.1,-6.7,0.0,4.5,-8.1,-2.2,-3.6,-3.2,2.2,0.0,0.1,-3.6,-4.4,-0.0,0.0,-0.2,-0.0,0.6,0.5,-1.2,-2.5,-2.0,-5.1,-12.3,-11.8,-14.3,-19.8,-14.1,-21.6,-15.1,-16.2,-1.4,0.4,4.2,2.7,0.2,-1.5,-4.5,-4.5,-6.2,-3.3,4.1,-2.8,-3.1,-3.2,-6.3,-3.2,-1.7,-1.2,-1.5,-21.6,-5.6,-6.9,-7.8,-8.8,-12.7,-4.9,-8.1,-2.0,-3.5,-4.3,1.4,-16.3,-5.5,-5.1,-3.4,-2.6,-1.9,-6.9,-2.8,-6.6
2C7L516E1d,0,48.102407,11.625098,4442083.18,2777870.05,538.0,583.7,248,7293,2.1,0.89,0.32,32.64,348.96,-0.529,-0.103,0.842,-0.2,0.1,-0.24,0.16,1.1,0.1,-0.3,-0.1,-0.2,-2.3,-0.1,0.7,-0.1,-2.3,2.6,-0.7,-0.5,1.6,2.2,-2.3,-0.6,-2.2,-0.1,-0.6,-1.2,-1.5,-1.9,-0.8,-0.5,2.1,-1.3,-1.2,-0.0,1.2,1.0,1.8,-3.3,-11.5,-6.7,-6.9,-3.2,-2.4,-3.1,-1.9,-1.6,-2.0,-4.3,-3.4,0.9,-4.6,-1.1,-1.1,-1.0,1.2,-2.6,-1.4,0.1,-0.7,-1.2,-0.9,-1.1,-1.4,-1.6,-0.4,-0.2,-2.2,-2.0,-0.5,-1.3,9.4,-0.8,2.7,1.0,0.2,7.5,-2.2,-1.8,-0.4,-2.3,1.0,-0.5,-3.5,-0.8,-1.8,-1.8,-0.7,1.0,-0.7,-2.2,-1.3,0.2,-0.5,-0.6,-2.4,-2.0,0.4,-0.8,-0.2,-0.8,-1.9,-0.8,-4.3,0.3,0.7,0.5,-2.0,0.2,-1.3,-2.3,-0.6,-0.9,-1.8,-0.7,-1.2,-0.9,-2.8,-2.9,-3.0,-2.3,-0.8,-0.2,-0.7,-0.2,-1.5,-2.4,0.1,-1.0,-0.9,-1.3,-0.6,-1.3,0.2,-1.4,2.7,-1.8,-1.1,-3.5,-1.8,-3.0,-3.1,-3.0,-3.8,-4.5,1.7,-2.8,1.6,-0.7,1.2,0.3,-1.5,0.1,-0.0,-0.4,6.0,0.7,-1.3,-1.0,-0.6,-1.5,-2.4,0.5,-3.2,-1.7,-1.1,0.4,-5.2,-0.4,-5.3,-2.9,-1.2,-4.5,-4.3,4.0,-0.3,-7.0,0.1,0.8,-1.2,-3.2,0.3,-1.4,1.5,0.2,-0.6,-1.0,9.0,-0.3,-3.5,-0.0,-2.2,-1.3,-2.1,-1.8,-1.5,-1.7,-1.2,-2.7,-8.1,-1.4,-4.5,-3.1,-1.6,-1.8,-4.3,-2.9,-4.2,-2.9,-2.3,-0.4,-1.7,-0.9,-1.8,-1.1,-2.4,-0.3
2C7L516E1f,0,48.10242,11.625206,4442091.21,2777871.77,538.0,583.8,248,7295,2.1,0.9,0.39,32.64,348.96,-0.529,-0.103,0.842,-1.1,0.1,-0.05,0.16,0.5,0.1,-0.3,-2.1,0.5,-2.1,1.0,0.6,1.0,-1.3,0.3,-0.7,0.9,1.5,1.6,0.8,1.0,0.0,-1.6,-0.5,-1.2,1.2,-1.2,0.7,-0.0,0.1,-4.2,0.4,-1.3,3.4,0.6,-1.9,-2.9,-14.1,-7.3,-4.6,-3.9,-3.3,-3.8,0.2,-1.0,0.5,-1.4,-2.7,-2.1,-1.4,-1.9,-0.5,-0.7,-1.4,-3.7,-3.4,-2.2,3.0,-6.1,3.8,0.7,-2.5,2.0,1.1,-1.9,4.8,0.9,-5.3,-4.1,-6.7,-5.6,-4.8,-4.0,-2.5,-5.4,-1.6,-2.7,-0.6,-2.4,-2.9,-2.5,-0.7,-2.9,-2.7,-2.7,-2.5,-3.4,-1.6,-2.3,-3.2,-1.0,-0.8,-3.1,-1.4,-5.4,-3.6,-2.7,-3.1,-3.7,-4.1,-2.9,-4.4,1.0,-5.8,-3.2,-3.0,-0.3,-2.1,-3.3,-0.2,-2.4,-3.9,-2.3,-2.7,-2.3,-3.6,-0.6,-1.2,0.2,-1.3,-2.6,-1.2,-2.9,7.2,-1.3,-5.5,-3.6,-3.2,-0.8,-2.4,-2.3,-1.5,-0.8,-2.1,-3.5,-2.5,-4.7,-3.2,-2.6,-3.5,-3.1,-3.8,-5.3,-2.7,-6.9,-0.9,-3.2,-2.8,-2.7,-5.6,-3.0,-4.4,-3.1,-8.9,-3.8,-4.3,-2.7,-4.7,-1.5,-2.8,-4.0,-3.3,-5.6,-5.8,-5.1,-3.0,-4.5,-4.1,-3.0,-3.2,-6.4,-5.6,-3.1,-4.2,-4.1,-2.3,-5.6,-4.3,-9.4,-6.4,-4.2,-6.6,-4.9,-6.3,-6.0,-3.8,-4.2,-3.1,-5.0,-4.3,-5.9,-3.8,-4.9,-8.9,-3.8,-4.2,-6.8,-6.7,-6.4,-5.9,-6.3,-4.8,-6.2,-8.3,-4.6,-9.9,-5.4,-5.6,-6.1,-6.2,-2.9,-6.5,-4.7,-6.3,-6.0
2C7L516E2U,0,48.102826,11.628366,4442325.65,2777922.04,549.8,595.5,248,7346,2.2,0.89,0.43,32.65,348.96,-0.53,-0.103,0.842,-0.3,0.1,-0.56,0.16,0.3,0.1,-0.3,1.6,-0.9,2.1,1.1,-0.4,3.2,-0.7,2.2,0.8,4.7,1.2,1.8,1.8,1.6,-0.2,-1.5,-3.1,-3.2,-3.9,-4.7,0.7,-1.2,1.2,-1.3,2.2,-0.1,1.6,2.4,1.2,-0.1,-4.1,-6.4,-3.3,-0.9,-2.4,-2.6,3.9,-0.2,1.1,1.5,0.3,0.8,-3.1,0.4,0.9,1.3,1.3,0.8,1.7,2.5,2.0,2.4,1.3,1.9,1.6,2.5,2.1,0.4,-0.7,1.4,0.9,0.7,-4.9,2.0,4.9,1.4,0.4,-5.2,-0.1,1.8,1.5,-1.4,0.3,0.7,1.4,-0.9,5.6,2.3,2.3,-2.3,1.5,-1.0,0.8,0.4,1.8,-1.8,0.2,-1.7,-0.9,0.4,1.4,-0.2,0.7,-0.5,0.5,2.6,2.7,0.8,3.5,1.3,0.3,-0.2,4.7,2.5,0.2,5.3,1.2,1.3,0.5,0.1,-0.5,1.5,0.3,0.3,1.0,1.1,-2.6,1.5,1.8,2.4,3.9,3.2,1.4,0.9,-3.2,2.1,-0.2,1.2,4.4,2.3,2.1,4.6,2.5,3.7,-2.6,-1.4,-2.7,-2.4,2.9,2.2,3.4,1.0,1.5,1.7,0.6,1.3,-4.5,1.6,0.5,-0.0,-2.9,-1.1,3.0,0.1,1.9,0.7,0.8,0.7,2.8,0.8,-1.8,-2.5,1.5,-2.0,-0.8,3.5,1.5,-4.0,2.8,2.6,0.7,-5.4,-3.6,-0.5,1.2,-2.7,0.1,-0.1,-11.3,-0.6,-0.0,-0.4,0.3,-1.7,-0.1,-0.5,-1.5,-1.6,-0.9,-2.7,-4.1,-2.0,-0.5,-1.1,-0.6,-0.3,0.3,1.2,-0.4,-2.4,-0.5,-2.3,-1.1,-1.4,0.1,0.0,-1.9,-0.5
2C7L516E2v,0,48.103,11.62972,4442426.09,2777943.6,542.1,587.8,248,7373,3.7,0.74,0.47,32.66,348.96,-0.53,-0.103,0.842,-1.1,0.2,0.22,0.29,1.5,0.2,-0.3,0.8,-3.3,-0.3,1.3,0.8,-5.8,0.3,-1.8,-2.0,-5.7,-2.7,-3.1,-0.4,0.2,4.0,0.8,-1.6,-6.1,-2.7,-4.1,-6.1,-3.7,1.2,-0.4,5.9,-1.5,-1.5,-1.0,0.7,0.2,-2.1,-10.1,-10.0,-3.1,-6.1,-7.8,-3.0,15.8,-1.6,-5.1,-1.7,-1.9,10.8,10.7,-4.6,-5.5,-5.3,-3.6,-8.5,2.0,1.0,-1.2,2.6,-1.7,-3.9,-1.1,-1.3,-0.9,-1.2,-0.9,1.5,-0.9,-4.9,-2.2,-3.7,-0.3,-1.0,-5.0,-3.3,-0.3,-1.7,-7.5,0.2,-1.9,-0.7,-2.0,-1.2,-5.6,-5.9,-7.6,-3.1,-5.1,-2.7,-4.3,-5.5,13.3,-2.6,-6.0,0.7,-1.2,-2.4,-6.0,-3.2,-2.5,0.0,-3.2,-6.7,-3.1,-3.2,-3.1,-5.4,-3.8,-12.4,-2.1,-2.3,-5.4,-1.1,-2.2,0.3,-0.4,-2.9,-1.5,1.4,-0.0,-2.0,-2.8,-1.1,-1.8,-0.6,-1.5,-1.9,-2.4,-1.1,-3.0,-5.4,-11.0,-1.6,-5.1,-1.9,-4.1,-11.7,-10.0,-5.5,-8.9,-4.8,-2.2,-6.5,-6.9,1.3,-3.3,0.5,-3.3,-2.9,-0.9,-3.4,-2.8,-2.0,-3.0,-4.3,-7.7,-6.9,-6.4,-7.5,-1.1,-3.4,-5.3,-4.4,-3.6,-7.7,-4.6,-3.2,-6.8,-8.4,-7.4,-6.9,0.1,-7.1,-5.7,-4.7,-4.1,-7.3,-7.0,-1.6,-7.1,-4.6,-6.6,0.9,0.5,3.5,-0.6,-9.4,-10.2,-9.7,-0.3,-12.6,-4.0,-2.0,-4.9,-10.1,-13.2,-10.6,-9.0,-9.5,-7.4,-8.7,-10.2,-10.9,-7.3,-8.7,-7.0,-3.0,-1.7,2.9,10.5,-4.7,-4.5,-4.3,-5.2
2C7L516E3A,0,48.103117,11.630633,4442493.8,2777958.12,544.0,589.7,248,7388,1.5,0.9,0.31,32.66,348.96,-0.53,-0.103,0.842,-0.3,0.1,-0.45,0.11,2.0,0.1,-0.3,-0.4,1.8,-1.5,-0.9,-1.3,-1.8,-1.3,-0.1,-4.7,4.1,0.7,-0.1,-3.7,-0.7,-2.0,-1.2,-1.3,-1.1,-4.1,-3.9,-0.4,-1.3,-0.8,-0.7,-1.6,-1.3,-3.4,2.4,-2.1,-4.7,-2.6,-6.6,-5.6,-5.4,-4.2,-3.9,-3.3,-1.1,-1.8,-2.0,-2.4,-1.0,-1.7,-1.3,-2.8,-2.9,-2.3,-1.9,-0.3,-0.8,-0.0,0.7,-0.4,0.1,-0.7,0.6,0.6,-0.1,3.0,1.1,1.9,1.4,0.6,-1.6,1.6,-0.2,0.6,1.5,-1.8,-0.2,1.6,-1.9,1.1,-1.7,-3.1,-0.8,0.5,-2.1,-1.4,-3.1,-1.9,-3.1,-1.3,-3.1,-3.8,-2.8,-2.3,-3.8,-4.7,-3.4,-3.0,-4.5,-1.8,-5.6,-5.0,-3.9,-1.9,-3.3,-1.6,-1.9,-2.8,-2.7,-2.2,-0.0,-1.3,-3.0,-1.2,-1.6,-0.9,-2.0,-1.2,-1.5,-1.4,-0.9,2.7,2.9,0.3,-0.1,3.1,1.2,1.1,0.8,3.1,0.1,-0.4,-0.0,2.7,-0.3,-3.3,-4.6,-2.6,-2.5,-1.2,-3.3,-4.7,-5.8,-4.6,-7.8,-1.6,-0.6,-0.1,-1.7,-0.4,0.7,-0.4,0.7,0.5,0.6,-0.1,-0.2,-0.6,-2.1,-0.5,-2.8,-1.9,0.9,-1.7,-1.3,-1.4,-1.4,-1.6,-3.5,-1.8,-6.1,-6.2,-0.1,-2.6,-4.8,-2.8,-0.6,-0.5,-4.7,-4.1,-2.0,-3.2,-3.4,-1.4,-0.5,1.7,0.3,-1.0,-1.3,-3.0,-0.2,-2.0,-5.2,-2.3,-3.1,-5.5,-6.6,-5.9,-4.3,-5.1,-4.3,-4.6,-3.3,-3.6,-5.0,-3.4,-3.5,-3.1,-4.3,-3.7,-1.1,-1.9,-0.5,-3.3,-1.6
2C7L516E3H,0,48.10315,11.630884,4442512.46,2777962.14,536.0,581.7,248,7395,1.0,0.97,0.11,32.66,348.96,-0.53,-0.103,0.842,-0.7,0.0,-0.29,0.07,0.7,0.1,-0.3,-0.3,-0.7,-0.7,-0.9,-0.0,1.2,-0.5,0.3,0.3,0.4,-0.2,1.4,0.7,-0.2,-0.0,0.1,-0.1,-1.6,-2.0,-2.2,-2.0,-1.2,-0.5,-0.1,-0.7,0.5,0.3,1.1,0.3,-2.1,-2.4,-4.9,-3.6,-4.1,-2.8,-2.3,-0.3,0.3,0.4,-0.5,-0.7,0.4,-1.1,-0.4,-1.0,-0.7,-1.0,-0.9,-0.6,-0.3,0.5,0.4,0.2,-0.5,-0.4,-0.2,-0.2,-0.4,0.9,-0.6,-0.5,-0.4,0.2,-0.8,0.2,-0.5,-1.2,0.8,-0.8,-0.8,-0.5,-0.7,-0.7,-0.4,-0.6,-0.7,-1.3,-0.8,-0.4,-1.2,-1.7,-1.2,-1.1,-0.9,-0.8,-0.8,-1.6,-0.9,-2.6,-1.3,-2.2,-2.0,-2.4,-2.8,-2.0,-1.1,-0.3,-0.6,-1.0,-1.7,-1.7,-0.5,-1.5,0.2,-0.3,-1.1,-0.1,-0.2,0.1,-0.9,-1.0,-0.3,0.0,0.5,0.3,-0.5,-0.7,-1.1,-0.4,-1.4,-0.9,-0.5,-0.7,-1.0,-0.4,-0.1,-0.1,-0.3,-0.8,-3.7,-2.4,-1.6,-0.4,-1.3,-3.1,-3.5,-2.9,-5.5,-0.3,0.8,-0.3,-1.5,-2.4,-1.9,-1.5,-1.3,-0.8,-1.0,-1.5,-0.7,-1.3,-2.6,-1.1,-1.7,-1.5,-1.3,-1.3,-1.5,-1.5,-1.8,-2.7,-4.4,-2.1,-5.1,-5.0,-0.8,-2.1,-4.7,-1.2,-2.5,-2.0,-4.8,-4.6,-1.6,-1.9,-2.5,-2.2,-1.9,-2.8,-2.3,-2.4,-2.4,-2.6,-2.5,-2.4,-2.2,-2.6,-2.5,-3.2,-5.7,-6.1,-3.1,-4.5,-3.9,-2.6,-3.3,-4.7,-4.7,-4.0,-4.5,-3.2,-3.2,-3.7,-3.1,-1.6,-3.0,-3.2,-3.1
2C7L516E3I,0,48.103159,11.630956,4442517.76,2777963.27,536.7,582.4,248,7396,1.2,0.96,0.18,32.66,348.96,-0.53,-0.103,0.842,-0.7,0.1,-0.24,0.09,0.1,0.1,-0.3,-0.3,-0.6,-0.6,-1.1,0.3,1.3,0.3,-1.0,0.6,0.7,0.6,0.2,1.2,-0.2,1.3,-0.3,1.1,-0.2,-0.4,-1.6,-1.4,-0.5,-0.1,1.0,-0.0,1.3,1.7,1.0,1.9,-0.2,-1.5,-4.3,-2.3,-1.0,-1.5,-0.5,0.5,0.7,0.9,0.2,-0.1,0.4,0.2,0.3,0.1,1.0,0.4,-0.3,-0.5,-1.0,1.2,0.7,0.2,-0.5,0.6,-0.3,-0.6,-0.6,-0.4,-1.0,-1.2,-1.2,3.0,-0.7,-0.4,-1.7,-0.4,0.6,0.0,0.2,0.4,0.2,-0.9,-0.2,0.2,-0.2,-0.7,0.3,0.0,-0.4,-1.6,-1.3,-0.1,-0.8,0.1,-0.2,-0.6,-0.1,-0.8,0.2,-1.3,-0.9,-2.3,-1.8,-0.2,-0.0,-1.1,2.0,1.4,-2.5,-0.9,0.6,-0.6,1.4,-0.3,0.4,-0.1,1.1,-0.4,-0.2,0.3,-0.2,-1.5,-0.5,-1.0,-2.6,-0.8,-1.6,-0.8,-1.7,-1.5,-0.2,-0.5,-1.2,-0.2,-0.1,-0.9,-0.4,0.2,-2.5,-1.8,-0.5,0.1,-0.4,-0.6,-2.4,-0.3,-4.5,1.4,2.2,0.5,-1.1,-1.8,-2.5,-2.8,-2.3,0.1,-2.1,-2.0,0.2,-1.8,-2.3,-1.6,-1.5,-1.5,-1.4,-1.7,-1.9,-0.1,-1.3,-1.5,-2.6,-1.4,-5.0,-3.6,-1.5,-0.9,-3.3,0.9,-2.7,-1.0,-3.4,-2.9,-1.8,-1.4,0.3,-3.7,-2.1,-8.7,-3.0,-3.0,-2.1,-3.3,-3.2,-1.9,-0.7,-3.3,-2.6,-2.4,-5.3,-5.3,-2.7,-2.1,-3.2,-2.1,-3.1,-4.0,-3.9,-2.7,-3.8,-2.4,-2.7,-3.6,-3.3,-1.1,-2.9,-3.1,-3.3
2C7L516E3j,0,48.10337,11.632604,4442640.02,2777989.48,544.2,589.9,248,7423,2.5,0.86,0.36,32.67,348.96,-0.53,-0.103,0.842,-0.9,0.1,-0.24,0.19,0.8,0.2,-0.3,-2.6,1.3,4.4,-2.3,0.9,-12.9,5.5,-3.3,1.5,-5.4,1.7,9.6,-1.3,3.4,-4.3,0.1,-1.6,-3.2,-1.9,1.5,0.4,-2.7,4.1,-3.4,-0.0,-0.8,1.7,-2.9,-3.7,-3.3,-3.9,-2.1,-2.2,-2.3,-2.4,-0.3,-1.1,-0.8,2.0,-0.8,0.3,-0.7,-1.6,-3.0,-0.3,-2.0,-0.4,-1.7,-1.6,-1.0,-0.8,-0.5,-0.7,3.2,-3.1,0.6,-1.7,0.1,1.5,-2.4,4.4,1.4,-2.4,0.1,-4.6,-6.0,-2.0,-3.6,-1.8,-4.9,-7.0,-3.2,-7.3,-4.1,-1.3,-2.2,-3.3,-4.0,-1.9,-2.8,-1.7,-1.4,-0.6,-4.3,0.7,-0.9,-2.9,-2.2,-3.9,0.9,-5.8,-4.9,-1.8,-3.4,-0.3,-0.4,1.2,-0.1,2.4,-4.7,-2.5,-1.1,0.0,2.5,2.2,-1.5,1.2,-0.8,-2.4,0.5,-0.5,1.3,-1.4,-0.1,-2.7,-0.1,-4.5,-2.8,-2.3,-1.5,0.4,-1.3,-3.1,0.0,-0.9,-0.0,-0.0,-1.0,0.3,-2.7,-2.8,-3.0,-2.8,-1.3,-2.2,-3.9,-3.8,-4.1,-1.8,4.2,-1.2,-0.9,-0.5,0.2,-1.1,-2.7,-9.6,-1.3,-0.0,0.2,-0.3,-3.8,-2.8,-1.2,-2.8,-4.3,-3.8,-5.1,-3.3,-3.7,-3.9,-5.3,-4.4,-5.9,-5.1,-1.5,-2.0,-5.5,-1.2,-3.4,-4.0,-4.1,-3.7,-6.0,-4.6,-11.5,-0.9,-2.9,2.0,-3.4,-3.2,-2.4,-4.5,-2.6,-4.7,-3.0,-7.7,-3.6,-4.9,-7.8,-8.0,-5.6,-5.6,-3.2,-4.7,-4.1,-7.0,-5.8,-2.5,-3.0,-4.7,-2.9,-1.8,-2.2,-4.8,-7.1,-6.8,-2.3
2C7L516E0R,0,48.101903,11.621034,4441781.65,2777807.43,546.6,592.4,248,7219,2.9,0.8,0.42,32.59,348.92,-0.529,-0.104,0.843,-0.8,0.1,-0.88,0.22,0.8,0.2,-0.3,1.7,1.1,1.5,0.6,1.3,-0.4,1.4,-1.3,-8.8,2.3,0.9,1.5,1.3,1.0,-0.7,-0.8,-2.9,-3.4,0.1,0.4,0.6,-1.1,4.9,0.0,-1.7,2.0,0.4,2.8,-2.3,-1.3,10.8,-3.3,-2.8,-6.4,-2.2,-2.4,0.9,2.4,1.6,4.3,4.1,1.5,4.2,2.8,6.5,5.9,2.8,2.9,4.4,2.6,3.5,3.4,0.2,-2.3,1.9,3.0,3.5,4.0,2.9,2.9,5.1,4.6,5.6,5.1,-0.8,3.6,1.7,2.0,5.6,4.4,2.1,6.1,4.4,3.3,3.9,6.3,5.4,3.2,4.4,2.5,1.3,3.4,2.5,8.9,1.9,6.8,3.4,1.5,4.2,9.8,1.0,-2.4,-3.1,-5.2,0.3,-1.5,-0.4,-0.3,-1.9,0.3,-0.1,0.4,5.3,-2.5,-2.6,-3.4,-3.5,-2.9,-0.6,-0.5,-1.2,-2.4,-0.1,-0.7,1.8,-0.6,0.5,-2.0,-1.1,-0.2,-0.6,0.4,1.2,1.9,5.1,5.3,-0.3,1.8,3.9,1.0,-2.7,5.6,1.5,1.6,-0.9,-3.8,0.1,-10.0,-0.0,-0.4,-0.3,1.1,-1.7,-0.2,-1.3,0.2,0.3,-0.9,-0.9,1.6,3.1,2.1,-0.0,-0.2,-2.0,-0.0,-1.8,-0.9,-1.4,-1.3,-3.0,-4.6,0.9,3.4,1.0,1.1,-0.4,-3.5,2.6,0.8,2.8,-1.0,-2.6,-3.6,-0.1,0.5,0.3,-1.3,-1.1,-0.1,1.5,-0.5,-2.7,-2.8,0.2,-0.2,-1.9,-2.7,-0.1,-0.4,0.4,-4.0,0.6,-5.6,2.1,1.9,-2.5,-0.4,-2.1,-1.4,-2.6,-3.5,-8.5,-7.9,-12.3,-8.0,-2.6,-6.2
2C7L516E0S,0,48.101901,11.621022,4441780.73,2777807.24,543.3,589.0,248,7220,1.7,0.93,0.32,32.59,348.92,-0.529,-0.104,0.843,-0.7,0.1,0.03,0.13,0.2,0.1,-0.3,1.1,-0.2,0.4,0.6,1.4,-0.3,0.7,-0.4,-1.2,-0.7,1.0,0.5,0.0,-0.7,-0.6,0.4,-0.2,-1.1,0.8,-1.1,1.0,-1.4,-0.8,-2.2,-1.7,0.7,0.2,0.4,-0.3,-2.7,8.7,-5.7,-2.4,-4.5,-4.0,-3.2,-3.0,-2.6,-1.0,1.1,-2.4,-4.3,0.5,-1.0,-0.7,-1.0,-1.5,-1.5,-1.1,-1.4,-0.6,-3.0,-0.9,-2.1,-2.5,-0.1,0.1,-0.1,-0.3,-0.9,-3.2,-1.5,1.0,-1.9,-6.6,0.4,-1.3,-4.8,-1.3,0.2,-1.0,-2.2,0.4,-1.3,0.7,0.5,1.9,0.9,0.8,-1.2,-1.6,-0.9,-0.4,-3.2,-2.1,-1.5,-0.2,-2.2,2.2,-1.5,-1.2,-3.9,-4.9,-6.2,-3.4,-2.1,-3.2,-1.6,-1.4,-1.9,-1.6,-1.3,-0.3,-1.8,-3.4,-3.2,-3.3,-3.3,-3.2,-3.3,-3.3,-2.1,-1.7,-2.1,-0.9,-1.7,-1.9,-2.7,-2.2,-2.2,-2.1,-0.7,-1.6,-8.9,-3.7,1.7,-2.6,-3.4,0.0,-3.8,-5.7,0.3,-1.1,-3.4,-1.9,-3.1,-0.4,-2.5,1.7,-1.8,-1.2,-2.0,-2.7,-2.6,-1.4,-2.5,-2.5,-2.9,-3.5,-3.3,-0.4,-3.1,-3.0,-2.7,-3.4,-3.6,-3.5,-1.8,-2.2,-3.0,-2.8,-3.4,-1.5,-0.2,-0.5,-0.1,-3.5,-5.9,0.3,-3.4,-3.7,-5.2,-3.9,-3.6,-3.6,-2.0,-3.3,-3.9,-3.0,-3.2,-4.5,-4.2,-3.5,-5.2,-3.3,-4.6,-4.5,-2.9,-2.0,-5.4,-3.7,-2.1,-3.4,-5.7,-1.4,-3.8,-4.4,-1.9,-2.5,-4.9,-3.6,-4.1,-7.4,-3.7,-5.4,-4.6,-4.6,-5.3
2C7L516E0f,0,48.101992,11.621724,4441832.85,2777818.42,540.8,586.5,248,7233,4.1,0.69,0.43,32.59,348.92,-0.529,-0.104,0.843,-0.3,0.2,0.07,0.31,1.2,0.3,-0.3,-3.9,-0.2,-5.8,0.1,2.1,4.0,-3.3,1.2,-2.6,3.5,1.3,2.5,-2.5,-1.5,-2.1,2.4,4.0,-0.4,-5.0,1.9,-7.2,10.4,-0.8,2.0,2.9,2.1,-3.4,4.9,-13.2,3.4,3.1,-0.5,1.2,-2.2,-1.8,-3.6,-0.9,1.8,2.9,1.2,6.2,3.9,2.2,0.1,0.4,1.0,5.2,5.3,10.8,-7.9,5.8,-11.7,-1.4,-5.6,-8.0,-3.7,-4.8,0.6,-0.2,-9.2,-7.8,-12.2,5.7,-8.7,-7.9,-11.2,-10.3,-6.3,-7.6,-13.9,-8.8,-13.5,-15.5,-12.5,6.8,9.1,3.6,2.6,5.9,-0.4,-1.4,-0.1,-1.7,-0.8,-2.5,-0.2,0.1,0.6,2.0,-2.6,-0.3,4.5,-0.4,-7.5,-2.0,1.7,0.5,-0.6,1.0,1.1,3.6,0.2,3.2,1.3,2.6,2.6,1.1,2.6,3.1,0.1,2.4,1.6,3.5,0.7,2.7,1.5,-0.7,0.7,1.1,1.6,2.3,0.6,0.8,0.8,3.1,-0.6,-0.8,-1.4,-2.8,-0.8,-0.6,-3.2,-3.2,-5.1,-4.7,-5.1,-1.6,-4.1,-0.1,-0.5,3.5,-3.4,-2.4,1.3,1.2,0.6,1.6,1.5,0.0,1.1,-2.1,-0.2,-3.0,0.0,-2.2,-4.0,-3.0,-3.4,-4.5,-4.7,-1.7,-3.1,-1.8,-2.5,-2.6,0.5,-2.7,-9.6,-0.0,3.3,1.2,-2.6,-2.4,-0.8,-1.1,2.0,-2.9,-2.9,1.3,-0.6,-0.6,-1.0,-0.5,-2.9,-1.4,-2.4,-2.2,-0.5,0.7,1.9,-1.9,-1.7,0.9,-3.7,-3.3,-2.6,-2.5,-6.5,-2.4,-3.2,-2.0,-1.5,0.5,-1.8,-0.6,1.3,0.3,-3.0
2C7L516E2X,0,48.10288,11.628641,4442346.01,2777928.46,556.3,602.0,248,7349,4.4,0.66,0.5,32.65,348.96,-0.53,-0.103,0.842,-1.3,0.2,-0.14,0.33,0.3,0.3,-0.3,2.0,-1.7,1.2,-1.9,1.0,0.5,6.3,2.8,1.7,-10.5,3.3,-1.5,4.2,1.6,-6.7,1.7,3.3,3.7,1.4,1.0,-0.7,-0.2,-0.8,3.1,4.2,2.2,2.5,0.2,-2.1,0.5,-7.9,-12.7,-6.8,-8.7,-8.2,-2.4,3.3,2.4,-1.1,2.0,0.9,1.5,3.6,-0.4,1.2,-0.8,1.4,-1.9,-2.7,2.3,0.2,3.5,0.7,1.1,-3.4,-2.4,0.4,0.8,-0.0,0.6,-1.6,0.1,-1.3,-0.8,3.5,-4.5,0.2,4.6,0.5,-3.1,1.7,-3.3,-1.7,1.4,-1.4,-1.5,1.1,-3.2,3.2,2.2,-2.2,1.8,1.0,-6.1,0.6,-0.9,-0.8,-0.2,0.5,10.0,-0.5,-4.1,-6.3,-6.5,-6.6,3.2,-1.0,3.4,-0.4,0.2,-1.4,0.2,2.8,-4.2,3.7,4.7,-1.9,-2.0,-1.8,2.4,0.5,10.1,-7.1,-6.3,0.5,-1.7,-0.4,-0.9,-2.3,-1.4,1.5,-0.7,-4.0,-12.6,-1.8,9.1,-3.0,-4.2,-8.9,-0.6,-6.8,-1.0,-2.0,-4.8,-5.2,-8.7,-17.7,5.9,-2.2,-1.4,-5.6,-1.4,-4.0,-4.2,-0.4,-3.9,-3.2,-5.3,-4.3,2.6,-3.0,-2.9,1.2,-4.6,-4.2,-1.3,2.0,-17.9,2.9,0.3,-1.0,3.7,8.3,-12.1,-16.4,1.7,-4.2,-2.0,-14.0,0.8,-16.8,5.7,-8.3,-2.5,-3.6,-4.0,-5.7,-0.6,-11.9,-11.2,-4.9,-9.8,-3.5,-6.1,-4.8,-5.4,-7.6,-13.5,0.9,-7.0,-8.8,0.8,-2.6,-0.3,-0.7,-1.6,-6.7,-2.7,-3.2,-5.4,-6.8,-11.0,-3.1,-10.1,-7.1,-8.3,-3.4,1.7
2C7L516E3B,0,48.103144,11.630694,4442498.28,2777961.15,544.5,590.2,248,7389,1.7,0.92,0.31,32.66,348.96,-0.53,-0.103,0.842,-0.3,0.1,-0.29,0.13,0.5,0.1,-0.3,-1.0,1.2,0.8,1.2,0.4,-3.7,-1.0,-0.6,-0.2,1.2,0.3,-3.1,1.2,0.2,1.0,1.7,0.9,1.6,-1.9,0.9,-0.9,-0.7,-0.4,1.2,1.5,2.2,0.8,-4.2,-0.2,-1.1,-3.1,-4.4,-3.2,-3.5,-2.3,-1.3,0.4,2.5,0.9,1.1,-0.0,1.1,-0.1,1.1,0.8,-0.2,-0.2,0.0,1.0,1.2,-3.2,1.6,0.7,1.4,0.8,1.0,1.4,1.1,1.0,0.8,1.5,2.4,1.9,0.2,-5.1,-1.4,-0.2,0.2,0.7,0.9,0.0,0.1,-1.0,-0.3,-1.5,1.1,-0.2,0.1,0.9,-1.1,-0.7,-0.9,-0.0,-1.4,0.2,-0.1,0.3,0.4,-1.3,0.1,0.1,-0.8,-1.7,-1.5,-0.6,0.3,0.1,0.5,0.6,-1.3,-0.9,-0.1,0.2,1.7,1.1,-0.4,1.2,0.9,0.6,-1.1,1.7,1.7,0.9,1.2,2.3,2.1,-0.5,-0.6,-5.8,1.5,-1.9,1.2,-1.3,-0.4,2.0,2.3,1.4,1.9,0.2,-3.0,-0.7,-0.6,-0.3,-0.5,-1.2,-2.3,-1.5,-6.2,0.9,1.7,-0.6,-1.1,-0.9,0.7,1.0,1.2,0.8,-1.7,-0.5,0.6,0.7,-0.9,1.0,-0.1,-0.9,-2.3,-0.2,0.1,-0.8,-1.0,-0.7,-2.3,0.1,-3.6,-3.6,0.8,-0.2,-2.3,-0.0,1.0,1.0,-1.1,-2.1,-2.9,-7.6,-4.7,-1.2,-0.0,5.7,-3.7,-0.6,0.6,-1.0,-0.2,-1.4,-1.6,-2.7,-0.7,-1.3,-1.4,0.7,-0.7,0.3,-5.2,-1.7,-0.1,-1.4,-1.4,-7.4,-2.0,-1.4,-2.8,-1.1,-1.0,-5.8,1.1,-1.8,2.4
2C7L516E3L,0,48.103191,11.631063,4442525.64,2777967.04,534.1,579.8,248,7399,1.4,0.94,0.25,32.66,348.96,-0.53,-0.103,0.842,-0.3,0.1,-0.26,0.1,1.0,0.1,-0.3,0.2,0.4,-0.4,1.3,-0.9,0.6,-1.0,-0.0,0.4,0.6,-0.5,1.1,0.2,-0.6,-2.0,0.1,-0.4,-2.2,-2.5,-2.0,-1.3,-1.5,-1.1,0.2,-0.4,0.4,-0.4,0.3,0.9,-3.4,-3.3,-5.6,-4.8,-4.8,-3.6,-2.1,-1.8,-0.5,0.1,-1.4,-0.9,-0.4,-1.8,-1.6,0.4,-0.9,-2.0,-0.9,-1.0,-1.4,0.5,1.4,0.4,1.7,-0.7,-0.1,0.8,-0.8,0.1,-0.8,-0.6,0.3,0.9,-0.3,0.6,-0.0,-1.5,2.5,-1.3,-1.0,-0.0,-0.1,-0.7,-0.7,-1.3,-0.6,-1.4,-0.3,-1.3,-0.1,-1.4,-2.3,-1.5,-1.1,-1.7,-1.5,-1.3,1.3,0.5,-1.5,-2.6,-0.6,-2.2,-4.3,-2.6,-0.3,-0.7,2.9,-4.6,-1.5,-1.3,-0.7,-1.7,-0.5,-0.3,-0.4,0.1,-1.6,1.7,-0.9,-1.0,-0.2,-0.9,-0.2,2.2,-0.5,-0.1,-1.9,0.1,-0.1,-1.4,0.7,-0.3,-2.1,-0.9,0.8,0.4,0.9,-1.5,-4.3,-1.3,-1.8,-0.9,-1.1,-4.1,-4.0,-4.1,-4.5,-1.1,2.5,-0.0,-1.7,-0.4,-2.1,-0.9,0.7,2.8,-1.1,-1.0,-0.1,-0.4,0.0,0.3,-2.4,-1.2,0.1,-0.5,-1.1,-1.6,1.0,-2.7,-4.3,-0.7,-2.6,-5.2,0.2,-0.6,-4.8,-0.6,-1.9,-2.6,-3.2,-5.5,-1.7,-2.5,-1.1,-0.8,-0.9,0.5,-1.2,-3.1,-1.2,-0.1,-1.5,-1.1,-1.6,-1.2,-3.3,-2.1,-3.9,-5.9,-2.2,-6.7,-1.8,-3.0,-3.0,-3.7,-3.7,-1.5,-1.2,-2.6,-2.1,-3.8,-3.2,-0.4,-1.3,-2.0,0.5
2C7L516E3V,0,48.103278,11.631739,4442575.85,2777977.8,540.6,586.3,248,7409,2.9,0.8,0.37,32.67,348.96,-0.53,-0.103,0.842,-0.4,0.1,-0.42,0.22,1.1,0.2,-0.3,-1.5,1.8,-1.2,-2.0,1.1,-1.2,0.7,2.0,-1.0,-1.0,-0.7,0.6,3.5,4.4,-0.5,-0.3,5.4,2.6,0.1,1.0,-8.5,-3.4,2.0,-2.3,-1.2,2.9,-5.7,0.9,-1.4,-0.6,-3.6,-5.2,-0.8,-2.1,-2.9,-1.8,0.4,2.3,1.3,3.4,-4.8,0.0,-0.7,-0.1,0.9,-0.9,-1.0,-0.5,-1.9,2.2,-2.3,3.1,0.8,2.9,3.1,8.6,-1.4,0.2,-0.7,-0.4,-1.8,4.7,-0.3,0.0,-2.2,0.6,2.7,4.7,-1.4,-0.2,-0.1,0.9,-1.1,2.8,-2.1,4.1,0.7,1.6,1.5,1.8,0.4,-1.9,0.8,0.1,-0.7,-0.5,-3.6,-2.4,-1.5,-0.3,-4.2,-3.0,-1.7,-9.1,2.2,-2.1,-0.5,2.5,0.8,0.4,1.5,9.6,3.5,-1.7,0.0,-0.1,2.3,3.9,1.9,1.8,0.1,0.2,1.6,1.0,2.5,0.3,0.4,-0.1,0.9,0.8,1.4,-0.1,0.9,-1.0,8.1,3.7,0.6,1.1,-1.4,-1.8,1.1,-5.1,0.8,-0.9,-1.7,-2.0,-4.5,-1.7,-1.1,4.4,1.8,-1.4,1.3,11.7,0.9,1.8,4.6,2.2,2.5,-7.9,1.6,2.1,-0.1,2.8,-1.1,2.3,-2.8,-2.6,0.6,-4.9,-4.8,-5.4,-1.3,3.7,-6.1,2.8,-2.6,-1.9,-0.3,-2.9,-5.3,-8.6,-7.7,-3.7,-2.0,-0.9,-1.1,-1.9,1.2,-1.0,-1.0,-1.5,-2.5,-3.2,-4.2,-3.1,-3.0,-1.2,-0.7,-6.7,-7.2,-7.6,0.0,7.0,7.5,-4.4,3.1,-0.4,-0.6,-0.7,-3.1,-2.8,-3.3,-1.8,1.0,1.5,3.0,-2.5
2C7L516E3w,0,48.103472,11.633253,4442688.17,2778001.9,537.9,583.6,248,7436,3.4,0.76,0.45,32.67,348.96,-0.53,-0.103,0.842,0.1,0.2,-0.66,0.26,0.5,0.2,-0.3,1.7,0.5,-1.9,1.5,0.4,-0.5,1.7,7.9,6.8,4.3,2.9,2.9,-1.5,3.7,0.7,1.7,1.9,1.6,-0.0,2.0,-4.4,-4.7,-1.1,0.4,-1.4,-1.9,1.4,2.0,3.6,-3.5,5.9,-1.9,-0.5,2.8,2.9,5.8,9.1,2.1,8.1,-0.1,5.0,-1.9,-4.6,5.6,-5.5,-6.9,12.7,-10.1,-8.7,-2.1,-4.6,0.3,2.6,-1.0,-6.6,-8.7,-6.6,-3.7,-3.7,-4.9,-13.1,-6.0,-3.7,-5.7,-1.0,-5.0,-2.4,0.6,-2.4,1.7,-0.2,3.9,4.1,6.8,-1.0,3.1,-3.2,6.9,7.0,-0.1,1.1,2.6,1.6,0.9,2.4,2.2,2.2,3.1,0.8,3.9,4.4,1.5,4.3,-0.4,4.7,0.6,3.8,2.7,6.8,-0.9,2.2,2.4,0.8,3.8,2.7,3.2,2.9,4.2,4.0,2.3,1.5,3.8,2.4,0.7,3.0,4.5,3.9,1.5,3.2,0.6,1.8,3.3,2.3,3.3,4.5,3.3,4.1,3.3,3.3,0.5,0.5,2.0,3.0,1.9,0.2,1.5,1.0,0.1,3.1,11.2,1.2,1.4,3.0,1.3,3.3,4.6,3.7,4.5,9.4,1.8,-0.2,0.5,6.0,2.7,1.8,-1.7,1.3,-1.1,0.8,-0.0,-1.7,-1.8,-1.7,-0.5,-3.1,2.3,2.6,-0.8,1.8,0.6,-0.0,-2.5,-2.2,1.2,2.7,1.3,2.9,1.8,1.9,2.6,2.6,2.7,2.3,-0.4,0.5,-0.4,0.5,-0.2,-0.4,-1.6,-4.4,0.1,-0.8,1.2,6.5,-0.5,-1.1,-1.7,0.1,-0.3,-0.1,-0.3,-0.4,0.0,2.0,0.3,0.4,1.1
2C7L516E3x,0,48.103476,11.633277,4442689.93,2778002.28,536.3,582.0,248,7437,1.4,0.94,0.19,32.67,348.96,-0.53,-0.103,0.842,-0.6,0.1,-0.5,0.11,0.8,0.1,-0.3,-0.3,-0.7,-0.6,-0.8,-0.0,-1.8,0.6,2.9,1.4,1.7,1.3,0.7,-1.3,1.8,-0.7,0.5,-2.2,-1.2,-3.6,-0.7,-3.1,-4.1,-2.3,-2.2,-1.3,0.4,0.1,-3.1,-0.1,-3.4,1.0,-5.0,-3.0,-3.0,-3.0,-2.9,1.8,0.7,1.8,0.6,1.7,-0.9,-1.1,-0.4,-1.9,-0.5,-0.8,-1.6,-0.6,-0.2,2.0,0.0,0.4,-0.0,-0.6,-0.8,-0.3,0.5,-0.4,-0.6,0.1,-2.9,-1.0,-6.6,-3.2,-2.9,-2.4,-0.6,-1.5,0.1,-3.2,-1.1,-0.0,-1.0,-0.2,0.9,-0.2,-0.3,-0.2,-1.3,-2.3,-1.7,-0.3,-2.1,-0.2,-1.8,-1.7,-0.8,-2.8,-0.0,-1.2,-0.0,-3.8,-2.8,-1.7,-1.6,-0.3,-0.9,0.0,-3.5,-1.9,-1.3,-2.8,0.4,-1.7,-0.9,-0.9,0.8,-0.8,-0.2,-0.8,0.6,-0.3,-1.0,-0.1,-0.0,1.8,-1.1,-0.0,-0.3,0.5,1.0,-0.2,-0.1,1.9,-0.6,-1.0,-0.8,-1.1,-4.3,-1.1,-1.3,-1.5,-1.9,-2.6,-2.9,-1.7,-2.3,0.4,4.2,-2.6,-2.0,-1.2,-1.6,-1.0,-0.2,0.7,0.2,-0.2,-0.4,-0.7,-2.0,-0.1,-0.2,-0.9,-1.3,-0.5,-0.1,-1.1,-1.6,-3.5,-4.7,-2.4,-4.3,-5.5,-1.8,-1.6,-4.0,-0.5,-2.3,-3.0,-5.4,-6.5,-3.4,-2.6,-3.1,-2.7,-1.4,-2.8,-1.6,-2.1,-1.7,-2.1,-2.4,-2.5,-3.6,-3.9,-3.2,-3.5,-5.6,-7.3,-4.4,-6.2,-4.2,-3.9,-4.0,-4.3,-5.4,-3.3,-4.0,-3.2,-4.2,-4.2,-3.0,-1.9,-3.8,-3.2,-3.7
2C7L516E3y,0,48.103476,11.633281,4442690.26,2778002.35,533.8,579.5,248,7438,2.7,0.83,0.41,32.67,348.96,-0.53,-0.103,0.842,-0.6,0.1,-0.57,0.2,0.7,0.2,-0.3,1.7,0.3,-0.6,-0.1,0.4,-0.2,0.0,1.4,1.7,-3.4,0.3,1.5,-3.3,1.3,-0.3,4.0,2.3,6.9,-0.3,1.2,-5.6,-6.2,-3.2,-3.2,-0.7,-2.2,-0.9,-1.6,0.2,-2.8,1.8,-6.1,-3.1,-2.4,-6.5,-4.1,3.4,0.3,3.1,-0.7,2.1,-4.0,-0.4,-0.1,-2.9,0.3,-3.6,-1.5,1.3,-2.6,3.6,0.3,-0.1,0.8,0.5,1.0,0.6,-0.0,-0.8,-1.8,1.5,-0.9,-3.4,-1.4,-4.1,-0.0,-1.5,-4.4,-2.0,-0.6,-1.8,-2.4,-1.7,1.6,1.6,3.2,0.9,-0.6,-1.2,-0.4,0.6,-1.5,0.1,-1.2,2.8,-1.4,-2.2,0.5,-0.8,0.9,-2.1,1.4,-7.2,-0.4,-3.7,1.9,1.4,-0.5,-0.4,-4.3,-2.7,1.0,-2.4,2.0,-3.1,2.2,-1.1,6.1,-0.4,2.2,-1.2,-2.3,0.3,1.1,1.0,-0.0,3.0,-4.5,3.0,-0.7,-1.3,1.7,0.5,-0.9,2.6,0.7,-2.4,0.1,-3.0,-3.3,0.5,-0.8,-0.7,-0.1,-4.9,1.5,1.9,-3.4,1.3,4.5,4.7,-3.3,-4.9,-0.9,-4.6,0.7,-2.2,0.9,0.2,-1.8,4.2,-5.5,-0.4,-1.4,1.9,-2.4,-1.0,6.3,-1.8,2.7,-4.4,0.8,-4.6,-5.7,-2.0,-1.4,-5.3,1.9,-1.9,-3.9,-3.0,-2.7,-2.4,0.5,-2.2,-4.3,-2.7,7.9,-8.2,-1.7,2.3,-6.8,-1.3,-5.6,-1.1,-4.3,-13.6,-2.2,-2.5,-1.4,-8.3,-1.3,-7.3,-2.6,-1.3,-3.2,-4.5,-7.1,-4.0,-2.1,-5.1,-2.4,-3.9,-1.0,-0.6,-2.1,-2.4,-2.3
2C7L516E4H,0,48.103617,11.634382,4442771.88,2778019.86,535.3,581.0,248,7457,3.0,0.81,0.47,32.68,348.96,-0.53,-0.103,0.842,-0.2,0.1,-0.04,0.23,0.2,0.2,-0.3,-1.6,1.6,0.5,-1.5,1.3,-7.1,4.0,-1.2,0.4,-5.6,0.7,-5.2,1.2,2.7,1.2,2.4,3.1,4.1,0.2,-0.5,0.2,1.5,-0.0,0.9,2.4,3.4,-0.4,-4.9,-5.3,-2.1,3.3,-0.7,-2.6,-4.1,-2.4,-1.3,1.2,0.1,4.2,-4.8,4.1,-6.4,3.3,2.1,1.1,-2.2,2.7,-5.5,-7.7,-0.6,16.6,-7.9,-7.4,0.1,-2.4,-2.2,-3.9,-3.7,-0.1,-5.7,-9.4,-3.5,1.9,-0.5,-5.6,-4.0,-1.0,0.0,1.4,1.9,-3.1,0.0,-4.5,2.5,-2.4,-1.1,1.0,1.9,-0.8,-0.6,-1.5,-1.4,1.4,0.2,-4.1,-3.1,-0.2,-1.1,-2.0,-2.7,-1.9,-2.4,-3.0,-6.0,0.7,-1.7,-3.0,2.5,1.3,-2.6,-1.0,-0.8,-3.3,-1.5,-1.4,-0.6,-2.4,-2.9,-1.4,0.9,-2.4,1.2,1.0,2.3,0.6,0.7,-4.2,-0.5,0.0,-2.0,-7.9,0.5,-0.8,-2.2,-2.9,-2.5,-1.9,-1.0,-3.2,-6.0,-0.1,-0.4,-0.4,-1.5,-2.0,-2.2,-4.2,0.5,4.7,4.6,5.1,-2.8,-1.8,0.1,-0.3,1.2,-3.3,-0.3,2.2,1.9,1.0,0.2,1.6,0.2,1.4,0.5,0.5,-0.7,-0.2,-1.1,-2.3,-2.9,0.5,0.1,-5.8,-2.7,1.2,-2.6,2.3,0.9,1.0,-3.4,-5.4,-3.3,-2.5,-4.0,-3.2,-1.9,-11.1,-1.5,-0.0,0.3,0.3,-1.1,-0.2,-2.1,-2.1,-1.1,-3.7,-5.1,-2.4,2.9,-7.9,0.6,4.7,1.2,-5.2,-4.6,-0.2,-3.6,-3.4,-1.8,-1.7,-1.1,-5.1,-1.7,-2.1,-1.9
2C7L516E0T,0,48.101925,11.621064,4441783.83,2777809.97,542.8,588.5,248,7221,2.4,0.88,0.45,32.59,348.92,-0.529,-0.104,0.843,-1.1,0.1,-0.18,0.18,0.1,0.2,-0.3,-3.3,-1.5,-0.7,0.9,2.1,3.4,3.2,-1.1,-1.6,-0.8,1.1,-2.6,-0.4,0.8,0.9,1.5,0.0,0.8,-0.4,-0.9,2.3,0.4,1.0,0.0,0.3,1.5,1.6,-0.4,1.4,0.2,9.0,-3.6,-1.7,-1.5,-2.4,-2.7,-0.6,-1.3,1.7,0.1,1.2,-0.6,0.6,0.5,0.4,2.2,0.6,1.4,1.3,-0.1,2.3,-1.6,2.4,0.9,-0.0,-0.8,-2.2,-1.9,-0.4,-2.2,-2.2,-1.4,0.5,-2.1,-11.1,-2.0,0.2,-4.2,-2.8,0.6,-0.7,2.6,-1.9,-4.0,0.1,5.8,5.9,-10.0,5.0,-1.9,-1.3,1.1,-2.0,2.0,0.1,-2.1,-1.0,-3.6,-1.9,-2.0,-2.3,-1.5,-3.9,-5.9,-1.6,-0.3,-1.2,-1.6,-0.8,-0.5,-1.6,-2.1,0.1,-0.6,-2.1,-0.3,-2.1,0.6,-0.6,0.7,-0.7,1.2,-0.2,-0.9,-0.1,-1.4,-3.5,-1.6,-0.2,-0.5,-0.5,1.1,-0.4,4.0,6.0,1.9,-2.2,2.7,0.2,-4.1,-1.0,-1.2,-3.8,-2.9,-2.7,-3.2,-0.4,-1.0,1.6,-0.9,-4.0,-3.1,-0.8,-0.7,-0.7,-2.7,-1.1,-2.2,-2.5,-2.5,-4.6,-3.0,-3.1,-3.0,-2.9,-6.1,-6.1,-3.6,-4.3,-2.3,-4.2,-3.4,-0.2,1.4,2.5,-7.3,-4.0,-9.4,-0.1,-4.8,-4.9,-7.2,-8.5,-2.6,-4.5,-3.9,-3.6,-3.6,-6.9,-4.0,-4.4,-5.1,-4.7,-6.1,-6.5,-4.8,-7.5,-3.7,-2.6,-5.6,-4.7,-5.5,-5.7,-6.2,-6.0,-4.6,-4.8,-2.6,-1.4,-6.6,-2.5,-3.7,-3.5,-4.4,-4.0,-2.1,-4.0,-3.8
2C7L516E0w,0,48.10215,11.622813,4441913.62,2777837.8,547.2,592.9,248,7250,4.1,0.67,0.51,32.6,348.92,-0.529,-0.104,0.842,-0.3,0.2,0.1,0.31,1.1,0.3,-0.3,3.5,-14.9,-5.5,7.2,9.0,-1.4,-7.9,-10.1,1.5,4.3,1.1,5.3,2.3,2.9,-3.1,-2.7,-0.6,-2.2,-1.3,0.4,4.1,-1.7,-0.8,-2.2,3.6,0.5,0.7,12.4,-1.6,-1.3,8.1,-4.1,-2.8,-2.0,2.5,-3.5,3.8,1.3,4.1,1.8,0.7,-0.9,5.2,0.9,0.3,0.6,6.0,4.7,3.3,-2.9,-1.6,0.5,3.4,-5.3,-8.1,1.8,0.6,-8.8,-8.7,-8.4,7.8,-5.2,9.7,8.4,5.9,-6.3,11.2,-2.9,-4.4,-6.7,-5.2,-6.9,-13.8,-6.6,5.3,-2.8,0.5,-1.1,-6.8,-1.9,-4.7,-3.1,-7.1,6.9,-7.1,-3.4,-0.2,1.0,2.6,-1.2,0.2,1.6,-1.7,5.5,-3.4,-2.6,4.0,0.3,2.0,2.9,-1.9,-2.8,2.8,-1.6,0.1,0.5,-2.0,-1.8,-4.5,2.3,-0.2,-3.2,-4.2,-3.6,-0.6,-1.7,1.4,-1.1,-0.3,-0.6,-0.5,-1.5,-0.4,-1.8,0.8,-3.3,1.9,-0.9,-1.3,-0.1,-0.2,-2.3,-1.2,-1.3,-2.4,-6.7,-0.1,-1.0,2.9,-2.3,-0.5,-0.7,-2.3,-2.0,0.0,-1.0,-2.4,-1.3,-0.3,-2.2,-1.4,-4.0,-1.2,-4.5,-1.1,-1.7,2.8,0.3,-0.8,-1.5,0.2,2.0,4.8,0.2,6.2,6.3,3.5,-7.0,-2.7,-0.4,-1.9,-4.1,-4.5,0.2,-1.1,-3.9,8.0,-4.5,-6.6,-5.6,-8.0,-2.7,-3.0,10.0,-3.6,4.5,-2.9,1.6,3.3,1.5,-0.5,-1.5,2.5,-2.6,1.3,-6.5,-2.7,-1.6,-1.7,-4.0,0.2,-2.2,-4.0,-2.3,-2.8,-4.3,-5.7,-2.6
2C7L516E1J,0,48.102288,11.623889,4441993.41,2777854.94,536.1,581.8,248,7273,3.6,0.74,0.42,32.63,348.96,-0.529,-0.103,0.842,-1.2,0.2,0.16,0.27,1.3,0.2,-0.3,-1.5,-0.5,0.1,-2.9,-3.7,-2.6,-2.1,-2.0,-1.2,-4.5,-2.7,-2.7,-0.9,-1.0,-0.3,3.3,1.4,-0.8,-0.8,0.1,4.8,1.8,1.5,-1.0,-0.5,1.1,2.8,-1.4,-2.8,-1.3,-14.0,-2.1,-4.9,0.1,-1.1,-3.7,-0.9,-3.2,-0.1,-1.8,-0.0,-1.2,-1.3,-2.2,-2.5,-2.7,-3.5,-4.0,1.6,-3.1,-0.0,-1.4,0.6,-2.6,-3.4,1.9,-1.4,-2.4,-2.7,-4.7,-2.7,-4.0,-2.1,-3.0,-2.2,-4.7,-6.9,-5.1,-6.4,-2.1,-5.3,-7.7,-5.3,-7.5,0.2,-2.5,-0.3,-2.6,-0.0,-2.6,-0.8,-2.2,-0.4,-1.8,2.8,-5.0,0.5,-8.3,-5.5,-7.2,-3.9,-7.0,-5.0,-2.5,-7.2,-6.7,-8.7,-8.4,-4.5,-2.7,-7.6,-7.7,-4.0,-5.7,-8.1,-2.8,-5.4,-3.5,-4.0,-4.0,-6.4,-14.4,2.3,-16.3,10.3,-6.1,-6.0,-6.7,-0.7,0.0,0.7,-2.4,-1.8,-3.8,-7.0,-0.2,0.2,0.8,-7.1,-8.0,-6.7,-2.2,-1.7,-6.1,-7.0,-6.9,-5.2,-16.2,-4.3,1.6,-1.6,-0.6,-2.9,-1.8,-1.6,-4.0,-0.5,0.8,-1.3,-2.0,-4.5,-6.7,-8.0,-16.8,5.5,-6.2,-1.1,-6.6,-3.5,-2.5,-7.0,-8.5,-1.7,-10.4,-7.2,-7.6,-6.4,-13.6,-7.4,-9.3,-11.9,-10.7,-5.9,-3.9,-8.5,-4.8,-4.0,-3.2,-2.1,-3.2,-2.5,-1.9,-5.4,-5.0,-6.7,-0.9,-6.2,-12.4,-18.3,-9.6,-9.0,-8.0,-15.1,-10.9,-6.3,-9.2,-5.6,-12.9,-10.3,-5.6,-9.2,-8.9,-4.2,-5.0,-2.8,-3.1,-4.6,-3.2
2C7L516E25,0,48.102672,11.626881,4442215.35,2777902.52,547.6,593.3,248,7321,1.9,0.92,0.25,32.65,348.96,-0.529,-0.103,0.842,-0.4,0.1,-0.17,0.14,0.8,0.1,-0.3,0.2,-0.0,0.4,-1.7,-0.4,2.1,-1.1,1.6,1.0,-7.6,1.9,2.1,1.5,0.4,1.2,0.4,-0.0,-0.4,0.2,2.0,-1.5,1.9,-0.6,2.2,2.6,0.7,2.3,4.0,-1.3,-1.6,-6.4,-2.7,-1.1,1.7,-0.5,0.6,3.2,2.0,2.2,3.2,2.5,2.8,0.4,1.5,0.5,1.3,3.8,-0.3,0.6,2.0,0.9,0.2,-0.3,0.2,-0.0,-0.3,0.9,-0.3,-0.3,0.2,-0.5,-1.0,3.0,-1.1,0.2,-0.7,-1.0,-2.5,-0.7,-0.9,0.8,-1.0,-2.7,0.1,-0.2,-1.3,0.7,-0.4,-0.4,0.1,-0.8,-0.3,3.7,-0.5,0.4,-0.5,2.9,-2.4,2.3,2.4,0.8,0.9,0.7,1.4,-4.0,-1.3,-1.1,3.8,0.9,-0.8,-0.1,-1.1,2.3,1.5,0.4,0.8,1.0,2.7,0.4,0.8,-0.7,0.1,0.6,0.4,0.5,0.4,-1.5,-1.3,-1.0,-0.5,0.7,-0.5,-2.4,-1.2,0.2,-0.4,1.6,-1.9,-0.3,-2.4,0.8,3.7,2.4,2.3,-0.4,-2.0,0.9,-4.2,3.2,3.1,-0.1,0.6,-0.8,0.5,1.1,-0.5,-3.7,-1.2,-0.3,0.9,0.4,-2.4,0.3,-2.5,0.7,-1.0,-0.4,-1.3,0.3,-1.3,0.4,3.3,2.8,-1.6,0.6,2.7,0.7,0.2,1.5,0.1,0.3,-2.3,-4.4,-2.0,-3.6,0.3,-0.9,0.2,-12.8,-0.8,-0.3,-0.4,-1.5,-2.2,-1.2,0.6,-5.2,1.6,1.6,-2.9,-3.5,-3.0,1.1,-0.2,0.1,-1.4,1.6,-0.9,-1.9,-0.7,-1.6,-0.4,-0.6,-2.0,-2.2,-2.1,-3.0,-1.3
2C7L516E3O,0,48.10323,11.631219,4442537.22,2777971.59,534.0,579.7,248,7402,2.3,0.87,0.34,32.67,348.96,-0.53,-0.103,0.842,-0.9,0.1,-0.14,0.17,1.0,0.1,-0.3,0.6,2.2,0.2,1.7,1.4,0.9,0.2,0.4,-0.1,0.0,1.3,0.2,0.8,0.1,-0.3,0.6,-0.4,-0.5,-1.0,-3.7,-3.9,-1.6,-2.1,-0.0,1.6,2.2,-2.1,0.6,-0.6,-1.5,0.7,-4.5,-1.8,-5.4,-1.0,-5.6,-1.6,-2.4,-4.7,-1.0,-3.5,-1.3,-3.5,-1.7,-3.7,-4.2,-4.6,-0.3,4.5,0.0,1.6,0.3,2.3,0.0,2.8,3.7,0.7,-0.0,0.7,-1.3,0.1,3.3,1.7,-0.0,2.5,-1.6,-0.1,0.4,-2.2,-1.1,-0.6,-1.6,1.6,0.4,-1.1,1.5,3.5,-2.3,-3.3,-1.2,-5.1,0.2,-1.4,-1.7,-0.5,8.7,1.1,-1.4,0.2,-1.8,0.2,-4.8,-2.0,-3.3,-0.0,-4.5,-4.2,-0.4,-3.3,-7.5,-5.2,-0.7,-0.3,-1.3,2.2,-6.0,-0.6,-3.6,-1.4,-2.2,-1.7,-1.4,-3.9,-1.8,-0.1,-4.3,-1.7,-2.6,-2.3,1.0,-2.3,-1.9,-1.0,-2.3,-0.1,1.0,-1.8,0.6,0.8,-7.6,1.0,-1.5,-4.3,-3.5,-5.7,-4.5,-2.3,-7.2,0.3,-3.6,1.1,-6.2,-5.7,-6.0,-4.9,-1.9,0.0,-0.9,-4.1,-3.9,-4.2,-1.6,-2.2,-0.1,-4.2,-0.7,-1.9,-2.7,0.0,-2.4,-2.8,-1.5,-4.6,-6.3,-5.8,-1.8,-2.7,-8.8,-1.2,-4.2,-1.9,-4.6,-11.1,-3.0,-6.7,-3.9,-4.8,-3.8,-3.7,-2.5,-2.8,-2.7,1.1,-2.2,-8.5,-3.1,-6.0,-4.9,-0.8,-7.6,-2.3,-4.0,0.4,-3.1,-5.9,-5.4,-3.4,-4.3,-3.1,-6.9,-3.3,-4.2,-6.5,-1.8,-4.1,-6.6,-8.9,-7.1
2C7L516E4G,0,48.103632,11.634354,4442769.78,2778021.47,537.0,582.7,248,7456,2.8,0.8,0.43,32.68,348.96,-0.53,-0.103,0.842,-0.2,0.1,-0.15,0.22,1.1,0.2,-0.3,-1.6,-0.1,1.3,-1.9,0.1,0.4,1.3,0.2,1.2,-4.0,0.2,-1.9,1.2,2.3,0.7,1.0,10.4,-0.4,-3.5,0.0,0.6,0.4,-1.6,2.6,4.5,1.5,1.7,7.5,-0.4,-0.4,1.7,1.9,-3.4,-4.8,-1.8,0.1,-0.6,4.2,4.0,-3.8,-0.8,-0.9,-0.9,1.8,-3.0,0.3,2.3,-1.0,-0.2,-3.0,-3.6,-5.6,-4.6,-6.4,-5.3,-3.1,-11.8,-6.7,-7.2,-5.4,-6.8,-4.9,1.1,-2.8,4.2,3.2,-0.7,-3.8,-3.7,-1.2,-2.3,1.1,-5.2,3.5,-2.5,1.0,0.2,-2.6,-2.7,1.8,-1.0,-0.8,1.5,2.5,3.6,-3.5,-1.2,-0.2,-2.2,-0.2,-2.9,-0.1,-3.4,-4.1,1.4,-2.6,1.5,1.4,1.3,-2.8,-2.1,0.4,-0.9,-0.2,-2.3,-0.1,-2.5,-0.2,-0.1,0.2,-5.4,-3.7,-2.4,-4.2,-4.1,-4.0,-3.8,-1.5,0.9,-2.2,-4.5,-1.1,-3.5,1.8,-1.7,-0.7,0.2,2.8,1.1,-4.7,-1.3,0.3,-5.7,0.2,-2.4,-3.8,-2.5,-0.0,4.0,5.2,6.2,0.1,-3.6,-2.1,-0.5,-0.3,-2.4,0.3,4.7,2.8,0.8,2.0,2.7,4.1,1.5,3.3,0.5,1.4,0.1,-0.4,-0.0,1.0,-0.8,-1.8,-1.8,0.2,4.7,-1.7,-0.0,-0.5,-1.6,-1.9,-5.9,-4.5,0.5,-4.3,-1.0,-0.5,-7.7,-1.1,-2.7,1.7,-2.9,-2.9,-2.5,0.4,2.4,0.3,-3.4,-5.5,-4.5,-7.1,-3.8,-2.2,7.1,-2.5,-2.9,-1.7,-1.3,-0.8,-4.9,-0.7,0.2,-2.3,-1.3,-4.8,-2.2,-11.7
2C7L516E4O,0,48.103687,11.634778,4442801.21,2778028.21,536.7,582.4,248,7464,2.9,0.82,0.39,32.68,348.96,-0.53,-0.103,0.842,-0.8,0.1,-0.53,0.22,1.1,0.2,-0.3,-0.2,-0.5,-1.1,0.1,-0.7,-0.3,-0.5,0.2,1.0,-0.2,-1.3,-2.1,-1.1,-1.2,-0.6,2.1,2.2,1.3,-1.2,-0.6,-2.2,-1.2,-1.6,0.9,3.2,3.3,-5.6,-2.3,-3.8,-0.3,4.1,-2.7,-1.2,-5.9,-3.1,-0.3,0.3,-9.3,-2.1,-0.1,-1.9,-0.3,-2.0,-1.5,-4.5,-3.5,3.7,-3.8,12.5,-1.7,-0.6,-0.6,-1.2,-1.3,1.4,-0.7,0.4,0.6,0.5,0.7,-0.3,2.9,-5.4,-4.6,-4.4,-1.2,-1.3,-5.2,-1.3,-0.9,-3.0,-1.0,-2.1,0.2,0.7,-0.0,0.8,-1.9,0.5,1.7,-1.1,0.2,-1.3,-2.3,0.8,-0.4,1.5,-0.2,0.7,-0.0,-1.9,-4.5,-6.9,-2.9,-1.4,-4.6,-3.2,2.5,1.9,-4.8,-1.8,1.8,-2.4,-0.5,1.5,-1.6,-0.3,-2.2,-2.0,-2.2,-0.3,-0.1,-2.0,-0.3,0.6,-3.8,8.6,0.5,-2.8,-2.5,7.3,-1.5,-0.0,0.1,-0.7,0.1,-1.9,-1.6,-1.3,-2.9,-3.3,-1.4,-8.8,-1.5,-1.7,-4.0,-4.2,-10.0,-1.1,-1.1,0.8,-3.5,-4.2,-0.9,-3.8,-2.3,-6.8,-5.3,-4.3,-2.3,7.9,-3.2,-0.3,-0.3,-1.7,1.8,-4.7,-1.0,-1.1,-1.4,-2.1,-3.4,-6.7,-4.7,-3.0,-6.4,-7.2,-1.0,2.2,-0.4,-1.6,-6.3,-12.5,-7.1,-2.6,-3.9,-0.8,-0.2,9.3,-2.3,2.0,0.2,-0.6,-1.8,-3.5,-1.9,-5.9,-1.6,-3.2,-13.9,-8.3,-5.3,-4.3,-3.5,-2.7,-6.6,-5.1,-4.6,-5.7,-6.7,-7.7,-6.7,-7.2,-4.9,-3.2,-8.2,-7.5,-0.3
2C7L516E16,0,48.102241,11.623381,4441955.68,2777848.89,547.6,593.3,248,7260,3.8,0.69,0.48,32.6,348.92,-0.529,-0.104,0.842,-1.4,0.2,-1.16,0.29,0.8,0.3,-0.3,0.5,0.3,1.8,2.2,2.9,0.8,3.6,2.7,0.7,-0.6,2.7,2.5,4.1,1.3,3.4,3.7,2.3,3.5,-0.2,1.8,-0.3,-1.9,5.4,3.6,2.1,4.4,5.7,2.7,1.2,0.5,6.6,-0.5,-0.0,-9.0,8.3,-0.8,5.4,7.7,4.7,-3.0,0.6,1.3,3.6,0.0,3.3,-2.3,1.1,2.7,-2.7,0.7,0.2,2.3,2.4,0.7,0.4,-1.0,1.7,1.5,1.7,-2.7,0.8,0.4,4.4,0.2,-1.9,0.3,-0.6,0.2,-0.1,5.3,3.5,3.0,1.9,4.7,0.3,1.4,-4.1,11.1,5.9,1.8,5.7,6.8,8.5,6.6,1.2,0.4,0.1,2.8,1.0,4.6,6.2,-2.9,-10.1,2.9,6.1,9.1,7.7,4.7,7.8,10.2,8.2,0.9,2.2,10.1,1.7,-10.9,4.7,6.1,5.8,7.3,0.5,7.7,-0.3,2.7,4.6,8.2,-1.3,5.7,-2.7,5.7,3.0,-0.1,4.5,2.1,1.0,2.7,4.9,-0.3,0.7,4.0,14.4,7.6,-10.0,4.4,-4.5,2.3,1.3,10.6,2.9,-8.5,-7.1,-8.7,-10.4,-3.1,-2.4,-3.0,4.9,-1.6,-5.4,-2.2,0.8,-0.3,1.6,1.2,2.1,-0.6,-0.2,-0.3,-0.4,0.2,-1.1,0.3,1.8,-2.9,-4.8,-2.9,-5.7,-3.3,3.5,0.2,-1.3,-0.0,-2.8,-4.9,-3.0,-3.4,-4.3,-2.4,1.2,-1.8,-3.1,-0.4,1.3,-1.1,-3.5,-4.1,-5.1,-5.7,0.3,-4.4,-8.3,-2.0,-6.8,-7.4,-9.8,1.2,2.7,-7.3,-2.9,-15.3,-4.8,-4.8,-4.6,-2.1,-0.8,-4.2,-5.5,-2.6
2C7L516E17,0,48.102229,11.623285,4441948.52,2777847.37,540.2,585.9,248,7261,2.1,0.89,0.33,32.6,348.92,-0.529,-0.104,0.842,-0.4,0.1,-0.44,0.16,0.7,0.1,-0.3,-1.1,-1.4,-1.9,-0.2,0.7,-1.0,1.2,0.2,0.2,-1.2,0.4,1.5,1.1,1.1,1.2,0.6,0.2,-1.4,0.7,0.2,-1.9,-4.8,0.6,-1.6,-1.6,1.5,1.7,-0.8,-2.5,-4.1,3.1,-2.8,-4.8,-10.2,1.7,-1.9,2.0,0.1,2.5,0.6,1.2,0.1,-1.4,-0.5,-0.1,0.1,-0.3,0.5,0.1,0.3,0.7,0.5,1.6,0.9,0.0,0.6,-0.2,0.4,0.8,-0.3,0.6,-0.4,1.2,-0.1,-3.4,-0.8,-0.3,-1.1,0.2,2.0,0.9,1.4,1.6,0.6,-1.6,-0.8,-3.5,3.1,0.3,-7.7,2.5,3.3,1.0,2.0,3.0,-2.2,0.4,-5.6,-2.6,-1.6,0.3,-5.1,-4.4,-0.3,0.8,3.2,0.6,1.7,2.1,0.9,1.5,-0.3,-0.5,1.8,1.0,0.4,3.1,2.4,1.5,2.6,0.0,2.5,1.8,1.8,2.9,2.4,-0.6,-0.9,-1.6,1.4,1.8,2.3,2.6,2.5,-3.7,-2.1,0.1,-0.2,-2.1,-5.8,-3.3,-1.7,-2.8,-0.7,-6.7,-1.6,-2.0,0.9,1.6,0.4,-0.4,1.3,0.0,1.3,2.3,0.6,0.8,0.1,-0.6,-1.0,-1.4,-2.4,-1.3,-1.0,-0.4,-1.3,-0.9,-1.3,0.5,-0.8,-1.9,-0.5,-0.1,0.0,-0.5,3.8,0.1,-5.9,0.8,-0.8,-0.7,-1.6,-0.8,-3.5,-2.5,-2.1,-2.3,0.5,-2.3,-1.1,-2.5,-2.0,-2.2,-2.2,-3.2,-3.0,-3.5,-2.6,1.2,-2.7,-4.5,-1.3,0.0,-5.5,-4.7,2.8,5.9,-2.8,-1.2,-4.0,-3.3,-3.1,-2.5,-1.9,0.2,-2.2,-2.9,-3.2
2C7L516E18,0,48.102238,11.62335,4441953.35,2777848.41,540.6,586.3,248,7262,3.4,0.76,0.45,32.6,348.92,-0.529,-0.104,0.842,-0.2,0.2,-0.77,0.26,0.9,0.2,-0.3,-2.5,-0.7,-7.4,1.7,2.4,-1.3,2.4,0.7,1.1,-2.1,0.6,0.2,0.5,1.3,2.0,2.8,1.1,-1.4,1.4,0.1,-1.7,-4.5,-0.5,-1.5,-1.9,1.1,3.1,-1.6,5.4,-2.4,3.0,-1.8,-3.9,-12.0,5.9,0.5,3.2,-0.5,5.1,4.2,4.2,1.3,4.2,3.9,2.3,1.8,0.7,1.5,2.4,2.0,3.0,1.7,3.9,2.6,0.5,1.5,1.8,1.4,2.7,0.4,3.8,2.3,3.5,2.6,-6.3,-0.6,1.1,3.6,0.7,1.9,1.8,1.3,2.8,-0.8,-3.9,-5.4,-8.1,-1.0,0.4,-10.5,6.1,9.0,2.1,4.3,3.2,9.6,3.4,-12.9,-2.2,-5.6,9.6,7.3,-0.6,1.9,1.3,4.7,1.7,2.6,2.0,1.6,2.7,0.7,0.4,4.1,3.0,1.4,4.4,3.3,1.5,5.7,-0.4,5.4,3.3,5.1,5.1,5.2,0.3,1.4,3.7,3.3,2.8,4.4,3.6,4.6,-11.7,12.2,3.6,-0.1,1.5,-1.6,-0.6,-1.5,4.6,11.5,1.9,1.9,0.0,1.7,3.2,1.5,-1.0,1.6,0.0,1.4,1.3,1.3,-0.2,1.8,2.8,2.4,-0.6,0.4,0.7,-1.7,1.1,-1.9,-1.3,-0.5,3.2,-0.5,-1.8,1.9,0.2,-0.5,1.5,5.8,3.9,-6.0,3.6,4.7,3.2,6.5,3.4,-1.6,-3.5,2.7,0.5,1.7,2.4,-0.1,-2.1,-0.2,0.0,-0.5,-1.1,-1.5,1.7,-5.1,4.9,-0.3,4.9,6.1,2.8,-6.9,4.0,3.3,-4.6,-1.9,-0.1,1.3,-3.2,-0.9,-0.9,0.3,1.9,-0.3,-2.2,-2.6
2C7L516E1n,0,48.102532,11.625642,4442123.39,2777884.89,538.4,584.1,248,7303,2.2,0.88,0.28,32.64,348.96,-0.529,-0.103,0.842,-0.6,0.1,-0.29,0.17,1.1,0.1,-0.3,-0.9,-0.7,-1.3,-0.1,-1.2,2.3,1.3,-2.2,0.3,0.8,0.8,1.1,2.5,-0.4,2.1,4.6,1.8,5.3,1.3,4.0,1.3,4.0,-1.8,0.6,3.2,6.8,2.6,1.0,-0.1,2.0,-8.6,-1.2,0.3,2.4,-1.4,2.1,4.2,3.3,5.7,4.9,-0.0,2.4,0.7,1.1,0.8,-0.2,0.2,0.3,-0.1,1.9,2.9,2.9,-0.6,2.0,-0.2,-3.7,-0.1,0.6,-0.6,1.9,0.5,0.9,-2.2,1.8,0.7,-5.6,-0.7,-0.4,2.6,1.7,4.3,3.5,2.0,0.3,5.7,2.0,4.0,4.0,4.8,3.0,5.8,2.1,3.9,4.5,6.3,6.8,5.7,-0.4,4.6,3.1,1.2,1.4,-1.9,0.5,-2.1,-2.0,-2.4,-1.5,2.6,-1.4,-0.6,-2.8,-1.3,-2.2,-0.8,-1.3,-0.3,-1.4,-0.1,-1.2,-0.9,-0.6,0.1,-1.3,-1.4,0.1,-2.0,-2.8,-2.6,0.0,-0.4,-0.2,1.1,0.6,1.8,4.8,-0.8,1.8,-1.3,1.3,1.5,0.6,-0.6,0.1,-1.4,-4.1,-1.2,-5.1,1.5,3.2,-0.5,0.1,-0.2,-0.4,0.9,-0.5,2.2,1.5,0.1,2.0,-0.2,-0.2,0.5,0.2,2.0,-0.4,0.1,-1.5,1.2,-1.8,0.4,-0.4,6.6,-0.4,-3.7,1.8,-0.0,-2.6,-0.7,0.0,-2.8,-3.8,-3.3,-0.9,-1.8,0.2,-0.2,0.4,-8.6,1.5,-1.5,-1.1,-1.2,-1.0,-1.2,-1.0,-1.9,-0.9,-0.5,-3.1,-2.9,-2.5,-2.6,-2.7,-2.6,-2.1,-1.5,-4.0,-3.0,-3.0,-0.8,-4.6,-2.2,-2.5,1.8,-2.2,-2.2,0.2
2C7L516E2B,0,48.10271,11.627028,4442226.24,2777906.95,538.1,583.8,248,7327,2.3,0.86,0.41,32.65,348.96,-0.529,-0.103,0.842,-0.8,0.1,-0.18,0.18,0.8,0.2,-0.3,1.2,3.5,1.3,2.4,1.7,2.7,0.9,2.4,1.7,7.2,1.8,0.4,-0.6,1.0,-1.7,-2.7,1.5,0.8,2.7,0.7,1.3,2.9,-1.0,3.0,4.6,4.4,3.6,3.0,-3.7,-1.2,-3.4,-8.6,-2.0,4.8,-4.1,-2.7,-1.9,-2.2,0.4,-0.7,-1.4,-3.0,0.8,1.2,4.2,-0.7,-0.4,1.6,-1.2,-0.4,0.5,-3.9,-0.0,-0.3,1.6,1.8,1.7,0.6,2.5,3.7,2.4,3.2,1.3,2.2,2.0,0.3,2.5,2.0,2.8,4.2,2.6,4.1,2.5,4.6,2.9,3.0,0.7,1.5,8.3,3.0,2.6,2.5,1.4,2.2,2.6,2.1,5.6,1.0,1.7,3.2,0.9,-0.3,2.6,4.3,1.4,5.7,1.1,4.0,-2.4,6.2,2.8,2.0,4.3,3.6,-1.7,-1.8,0.7,-1.5,1.0,0.8,2.1,-2.6,-3.1,-0.2,-2.2,-1.2,0.7,0.3,-1.1,-1.3,0.8,-2.9,1.4,-3.0,-1.6,1.5,-0.9,0.5,0.9,-3.2,-1.8,1.0,2.0,-1.3,-1.8,-3.0,0.6,-5.1,2.6,1.1,0.1,-2.0,-4.5,-5.4,-5.9,-2.6,-0.1,-1.2,-1.7,0.1,-1.1,-2.3,-0.1,-0.8,-0.2,-1.6,0.2,-1.4,-0.5,-3.2,-3.4,-0.5,3.9,-4.4,-3.2,-1.3,-1.6,-4.9,1.1,0.4,-2.0,-6.7,-3.4,-2.1,-2.5,0.9,-2.6,-2.0,-0.9,-2.7,-1.7,-2.2,-1.1,-1.7,-2.8,0.2,-0.9,1.2,-0.8,-6.2,-5.8,-4.5,-1.5,-4.4,-1.6,-1.6,-0.1,-0.6,-1.9,2.1,1.5,0.7,-3.4,-4.0,-3.3,-0.6,-4.4,-2.8
2C7L516E2F,0,48.102742,11.627275,4442244.58,2777910.88,539.4,585.1,248,7331,2.5,0.86,0.34,32.65,348.96,-0.529,-0.103,0.842,-0.6,0.1,-0.17,0.19,0.4,0.2,-0.3,1.2,0.7,-0.5,0.8,-1.2,-0.7,-0.9,-0.9,0.1,0.2,-1.5,0.7,1.5,-0.6,1.2,-3.2,-2.9,2.4,-0.8,0.0,1.1,0.4,-0.8,-2.2,-1.0,-0.7,0.0,2.2,3.8,8.5,-6.2,-6.4,-3.4,-1.2,-2.8,-3.9,5.2,4.1,3.0,1.8,1.7,2.0,1.4,-0.2,0.1,0.3,-1.5,-1.5,-0.2,2.9,3.0,0.2,0.2,-0.0,-0.3,-0.2,-1.4,1.8,1.7,1.0,0.7,-2.1,-2.4,-1.1,-0.6,0.3,-0.2,-0.5,0.1,0.7,0.5,-0.9,0.3,-0.1,-1.1,-0.4,-1.4,-2.1,0.4,-0.8,-0.4,1.0,-1.0,0.1,-1.2,-1.2,-2.4,-4.1,0.3,2.5,-2.8,1.8,-11.2,3.6,0.2,3.0,2.3,5.5,0.9,1.5,-4.1,-1.1,0.1,1.9,-2.5,-1.3,-0.5,2.4,2.0,0.8,1.3,0.9,1.6,0.0,1.8,0.6,-4.2,0.8,2.1,0.2,-1.3,-1.5,0.2,-2.1,-2.6,2.2,0.4,-0.1,1.1,-3.0,-0.8,-2.4,-1.0,-0.6,-1.2,-3.8,-1.7,-6.9,1.8,2.5,-2.3,0.1,-1.3,-0.8,2.6,1.9,-0.7,-1.4,-0.7,-3.2,-2.7,-1.6,-1.6,-4.7,-4.3,-1.4,-2.5,-2.6,0.1,-0.5,-4.0,-1.5,-1.8,-2.6,-2.2,5.4,-2.3,-3.1,1.7,1.4,-0.4,-3.3,-3.4,-3.0,-2.5,-3.0,-2.5,-1.9,-11.0,-2.3,-2.5,-0.7,-1.4,-1.3,-1.1,-0.1,-1.8,-0.8,-2.1,1.7,-1.6,8.6,-9.6,-10.2,3.8,-2.4,-3.6,-2.6,-4.1,-2.8,-1.8,0.3,-3.8,-2.1,-2.6,-1.8,-3.5,-3.3
2C7L516E2w,0,48.103059,11.629745,4442427.81,2777950.18,541.3,587.0,248,7374,2.5,0.83,0.32,32.66,348.96,-0.53,-0.103,0.842,-1.0,0.1,-0.05,0.19,1.8,0.2,-0.3,1.4,0.4,1.1,1.0,-0.4,2.4,1.4,-1.9,0.2,-4.2,-2.1,4.4,-0.7,-0.4,-1.9,-2.5,-1.1,-4.3,-7.4,-5.3,-5.7,-3.6,-2.4,-1.3,-3.4,-2.4,-4.3,-2.8,-0.2,-3.1,-3.1,-9.8,-8.7,-5.7,-7.6,-7.0,-5.5,-2.9,-3.0,-2.4,-2.6,-2.5,-3.5,-2.3,-2.6,-3.3,-3.7,-0.9,0.3,0.8,-0.3,-2.5,-0.5,-3.3,-3.3,-2.3,-1.2,-0.2,-0.3,-2.3,-2.2,-2.4,-5.9,-3.6,8.6,-0.2,-3.1,-7.7,-2.9,-3.2,-7.2,-3.7,-2.5,-4.1,-3.9,-3.9,-2.9,-5.3,-3.9,-4.6,-7.1,-7.4,-3.9,-4.5,-4.1,-3.1,-3.3,-4.5,-5.7,-1.2,-4.0,-5.2,-5.5,-3.1,-2.1,-3.0,-2.7,-3.3,-1.9,-2.2,-4.0,-2.2,-2.2,-3.2,-1.5,-4.2,-4.1,-3.8,-3.5,-2.8,-2.0,-2.9,-0.4,-2.3,-2.6,-3.9,-2.6,-2.8,-4.0,-3.5,-2.6,-1.0,-4.7,-1.6,-1.2,-2.8,-3.5,-5.6,2.9,-5.1,-8.4,-5.2,-6.3,-3.8,-8.9,-6.9,-7.1,-9.7,-1.5,-1.1,-1.1,-3.9,-2.0,-2.8,-2.2,0.0,-10.9,-3.7,-4.2,-2.9,-0.4,-5.4,-2.7,-2.9,-4.3,-4.4,-4.6,-5.9,-5.6,-5.1,-5.2,-7.8,-5.2,-9.1,-9.5,-3.6,-6.7,-7.5,-6.5,-6.0,-6.9,-7.8,-6.4,-7.4,-4.6,-6.9,-3.0,-1.1,6.1,-3.8,-9.1,-6.5,-6.1,-5.8,-12.9,-2.5,-7.0,-3.8,-7.1,-12.1,-15.0,-4.2,-7.1,-5.7,-8.4,-7.9,-7.8,-11.7,-8.9,-11.8,-5.5,-0.6,-2.9,-5.5,-2.2,-5.6,-3.5,-4.3
2C7L516E3E,0,48.103187,11.630743,4442501.85,2777966.07,538.5,584.2,248,7392,2.7,0.77,0.57,32.66,348.96,-0.53,-0.103,0.842,-0.5,0.1,-0.61,0.21,3.6,0.2,-0.3,-0.1,-0.7,-1.4,-0.9,-1.1,1.6,-1.5,-0.2,-2.0,-0.6,-1.6,0.5,-0.5,-1.1,-1.2,-1.0,-1.8,-4.5,-6.6,-6.1,-6.3,-4.4,-5.5,-3.7,-9.8,-3.2,-2.3,-3.2,-5.0,-3.9,-15.9,-10.3,-5.8,-8.0,-6.0,-5.2,-1.8,-3.4,-5.8,-5.6,-1.9,-0.6,-4.1,-0.8,-5.7,-5.7,-3.2,-5.9,-2.8,-2.3,-1.9,-0.5,-1.5,-0.9,-0.8,-0.0,-1.7,0.2,0.6,0.2,-0.6,-0.1,-0.7,-0.8,1.0,-1.5,-1.0,-0.3,-1.6,-1.5,-0.1,-1.5,-1.1,-1.3,-1.2,-1.5,-2.1,-3.9,-1.5,-3.9,-3.4,-4.6,-3.6,-4.4,-5.3,-4.6,-2.0,-2.2,-5.6,-5.7,-1.8,-5.9,-7.5,-4.6,-5.8,-1.3,-5.1,-2.1,-1.9,-4.5,-5.3,-4.5,-4.9,-4.6,-2.4,-3.9,-2.1,-2.4,-0.5,-0.9,-0.8,-0.8,-0.9,-1.3,-0.9,0.3,-0.9,-1.5,0.8,0.2,-0.3,0.8,-0.3,-1.4,-0.5,-2.3,-0.3,-1.9,-5.1,-9.6,-7.8,-6.4,-0.1,-4.5,-8.6,-6.8,-0.0,-6.0,-9.7,-2.9,-3.5,0.3,-0.3,-0.1,1.1,0.4,-2.1,0.5,1.2,-1.2,-1.0,-1.1,1.0,0.8,0.2,-1.5,-4.2,-2.7,-4.6,-6.6,-14.7,-17.2,-3.3,-9.7,-8.3,-6.5,-7.0,-5.5,-3.7,-1.1,0.5,-5.5,-5.4,-0.2,0.0,-2.8,-0.7,1.8,-0.4,0.2,1.6,-1.9,-3.4,-2.3,-1.5,-6.2,-9.2,-6.5,-25.9,-10.4,-9.9,-7.5,-12.3,-20.1,-5.1,-3.2,-9.6,-4.0,-7.7,-4.9,-5.6,-1.2,-2.2,-1.9,-0.4,-1.2,-0.8,-1.6
2C7L516E3F,0,48.103224,11.631035,4442523.49,2777970.69,549.9,595.6,248,7393,2.9,0.81,0.38,32.66,348.96,-0.53,-0.103,0.842,-0.5,0.1,-0.62,0.22,0.3,0.2,-0.3,-0.4,-10.7,3.1,5.0,1.4,0.4,1.9,3.1,1.6,-2.6,3.0,-3.4,3.9,2.9,0.9,-0.2,-3.1,2.2,-4.6,2.1,-0.1,-1.4,-0.1,-2.6,0.1,7.6,0.9,0.3,-4.1,-1.1,-5.8,-3.0,-0.1,1.3,0.9,1.0,1.6,10.1,0.9,6.0,-1.7,4.3,4.9,4.7,2.8,-0.9,-1.1,-1.2,-2.3,3.5,-2.3,3.2,-2.2,-3.2,-0.5,4.3,-0.1,-1.9,-0.4,0.1,-2.1,-3.5,9.6,1.1,-1.8,-0.8,0.3,-0.4,1.2,3.4,-4.7,1.4,-2.0,-0.3,1.4,0.2,3.9,-1.2,-1.5,0.6,-0.4,-0.4,0.5,-0.5,-0.6,-3.5,3.5,2.8,1.9,3.5,2.3,-2.6,1.8,2.7,3.6,1.1,1.0,3.3,1.0,0.6,2.2,1.0,3.2,-0.7,-1.2,1.4,7.6,0.6,3.1,0.6,1.1,0.4,0.2,-1.5,0.9,2.7,1.9,1.2,4.0,3.8,2.3,4.5,-0.3,1.8,1.9,1.3,-1.1,1.4,0.3,-7.4,0.2,-0.4,4.1,1.8,1.0,-2.1,-0.1,-3.2,-0.5,1.9,-1.7,2.5,-2.1,-1.5,0.7,-0.4,7.2,0.6,5.0,1.0,0.2,-0.8,4.7,5.6,-0.5,2.1,0.2,-2.6,-1.1,-0.7,-0.3,-1.1,3.4,-3.2,-6.8,0.6,4.6,-3.4,0.5,3.6,0.3,-6.3,-2.9,1.7,-2.4,-10.9,0.5,-0.9,-8.0,0.3,0.7,-1.0,-1.9,-4.8,0.3,0.5,-3.2,-3.3,2.1,-5.1,-2.5,-1.7,-2.2,-0.2,-1.0,-2.4,-4.3,-0.7,-1.8,-2.0,-1.5,0.3,-4.5,-2.4,1.3,-4.5,0.5,0.4
2C7L516E0a,0,48.102021,11.621521,4441817.62,2777821.35,545.5,591.2,248,7228,3.1,0.79,0.46,32.59,348.92,-0.529,-0.104,0.843,-0.8,0.2,-0.49,0.24,0.5,0.2,-0.3,-3.6,-1.4,-1.0,-3.3,-5.3,4.0,-1.4,0.2,0.7,2.0,-1.5,10.4,-0.1,3.6,0.8,2.3,0.1,0.8,1.3,-2.6,-3.8,-3.2,1.6,-2.1,-5.8,1.5,-4.4,4.1,1.7,1.6,8.1,-6.6,-6.3,-6.6,-3.9,-2.4,-3.3,-1.4,0.2,0.7,-0.2,-1.0,-2.2,0.5,-2.4,-0.7,-2.9,-1.2,-0.7,-0.6,-2.7,-0.3,-2.8,0.4,5.6,5.6,2.2,1.1,3.5,-13.0,4.3,0.6,-1.9,0.4,-0.2,1.9,0.2,-2.8,0.1,-4.1,3.4,0.8,1.3,0.4,-0.9,-2.0,-1.3,1.3,-0.2,0.5,1.0,-3.0,-1.1,-6.8,-6.6,-0.2,-1.8,-4.8,-0.8,-3.9,-0.5,-0.0,-1.8,-4.1,-0.8,2.4,-0.0,-1.2,0.5,0.9,-1.3,-2.5,0.6,1.8,0.7,2.0,3.1,0.5,-0.0,-1.1,-1.6,-2.1,-2.4,-2.1,-4.6,-7.5,-10.0,-3.6,3.7,-0.7,4.2,2.6,6.2,-0.5,1.7,0.6,1.5,-0.8,0.7,2.1,2.1,-6.0,-1.4,-5.9,-3.2,-3.6,-2.3,-6.8,0.3,-3.6,5.0,0.2,-3.3,-3.6,0.0,-1.3,-3.5,-4.6,-3.8,-3.3,-2.5,-6.8,-3.9,-7.9,-5.3,-1.9,-1.1,-6.4,-3.6,1.1,-2.6,-3.2,-2.9,-2.2,-2.3,-1.4,-2.9,-5.6,-3.6,-1.1,1.1,-3.6,-3.5,-1.9,-2.6,-1.4,-2.4,-1.9,7.8,-0.5,0.8,-2.6,-1.9,-3.1,-3.2,-6.6,-7.8,-2.6,-4.7,-5.1,-2.0,7.3,-1.9,-9.4,-4.0,-4.8,-4.5,-3.3,-5.1,-8.0,-6.4,-6.7,-6.8,-7.7,-3.5,-6.8,-4.9,-7.4
2C7L516E0q,0,48.102152,11.622539,4441893.15,2777837.55,549.7,595.4,248,7244,3.7,0.74,0.42,32.6,348.92,-0.529,-0.104,0.842,-0.8,0.2,0.06,0.29,0.8,0.2,-0.3,-0.3,0.3,-3.5,-0.4,-4.2,-7.9,3.6,-0.7,0.4,3.4,0.6,-0.1,1.5,0.9,-2.2,-1.3,0.3,-5.4,-5.6,4.7,1.0,12.2,1.7,-2.8,-0.9,9.3,1.9,-9.0,1.8,-5.6,11.5,-0.8,-3.7,-9.3,-12.2,11.6,-2.8,-1.2,0.7,1.9,-0.1,-0.5,4.0,-2.8,-0.1,-0.8,-0.3,-0.9,-0.6,2.6,-0.1,1.3,1.3,2.5,2.0,-1.4,-0.5,1.0,1.4,0.6,-0.6,0.4,-3.9,1.2,-9.2,-3.6,0.3,-6.4,-1.2,0.4,-1.0,-1.4,1.2,-0.5,-3.5,-4.2,-1.7,-1.9,-1.7,-3.2,-4.5,0.2,-1.8,0.8,-0.5,1.5,-2.5,-2.5,-1.5,-1.8,-2.4,-5.0,-3.9,-2.7,-2.5,1.3,-3.3,2.1,0.7,1.3,1.9,-2.3,-0.6,-1.1,-5.3,0.2,-2.1,-2.4,-1.3,-2.8,-3.6,-1.2,-1.4,-0.2,1.4,-0.2,0.7,-2.4,-4.8,0.0,-0.8,-0.8,-1.2,1.4,-0.0,-9.3,-2.2,-0.8,1.3,0.1,-0.0,-3.2,-3.9,-1.9,-2.1,-0.2,0.3,-1.8,2.5,-4.7,-0.6,-5.0,-4.0,-8.9,-3.6,-3.0,-3.1,-5.3,-7.2,-8.1,-1.6,-4.1,-3.9,-1.5,-4.8,-3.6,-6.1,-0.1,-0.3,-0.7,-2.2,-6.9,-3.6,-3.8,-4.7,-0.5,-7.0,-8.8,1.8,6.9,-2.5,-5.1,-0.0,-3.0,3.1,-7.7,-6.7,-3.2,7.8,-2.3,-3.7,-0.7,2.1,1.1,-6.5,-7.8,-4.2,-1.6,-4.4,-6.4,1.3,-2.9,5.9,-4.7,10.6,9.8,-3.7,-2.1,-5.8,-7.3,-4.1,-1.8,-5.6,-10.0,-6.7,-11.8,-10.1,-9.8
2C7L516E1h,0,48.102503,11.625274,4442096.09,2777881.1,536.8,582.5,248,7297,3.9,0.73,0.43,32.64,348.96,-0.529,-0.103,0.842,0.3,0.2,0.1,0.29,0.7,0.3,-0.3,0.4,1.3,1.7,4.1,-2.3,0.9,-1.0,0.3,1.7,-0.1,0.7,2.5,1.3,0.1,1.5,3.1,2.6,0.2,2.2,0.9,-1.2,3.1,0.9,-0.0,4.3,1.6,-0.1,0.3,0.1,-1.9,-11.4,-3.3,-0.8,1.0,0.7,0.6,2.7,0.9,2.7,2.9,-1.3,-0.6,-3.7,-1.0,4.3,3.8,-2.8,-2.2,-1.5,0.6,-0.0,-0.8,-4.1,0.4,-1.1,-3.0,1.5,-2.1,0.3,-0.3,-0.9,3.2,2.5,1.6,0.8,1.2,0.3,-3.8,-1.3,-0.3,-0.8,-0.9,-0.1,-0.5,1.0,-2.2,4.1,0.7,2.9,-0.1,-1.9,1.8,1.0,-0.2,0.8,-1.4,0.3,-2.5,-0.6,-0.0,-1.0,-1.5,-3.4,1.5,0.5,0.7,-3.5,1.6,2.2,1.9,2.1,-0.8,4.3,5.2,0.1,2.4,2.3,1.9,2.9,2.6,-0.4,2.0,5.4,-2.0,2.5,-8.4,-1.0,-2.1,0.7,3.0,1.5,6.6,4.4,5.0,-0.8,0.6,1.5,5.2,4.0,0.1,3.5,3.2,-3.3,0.9,0.5,-3.2,2.3,2.3,7.0,-2.7,1.5,-0.8,-6.0,-3.0,-1.8,-1.8,5.9,-7.9,-5.0,7.5,1.7,-1.1,2.1,5.9,3.7,1.0,2.0,-2.4,-3.6,-7.3,-3.3,-0.4,6.5,17.4,-5.6,0.5,5.3,-4.7,10.7,2.3,-1.8,-3.1,0.7,-5.6,-0.8,2.4,-5.2,-4.2,15.6,-1.5,-5.9,-1.1,-5.0,12.6,-1.7,3.4,0.1,2.6,5.8,-4.7,11.9,3.2,2.8,5.0,5.3,16.6,0.2,5.7,0.2,1.8,-4.2,-1.9,-1.4,11.8,-2.3,-4.4,-5.9,-2.0
2C7L516E1i,0,48.102514,11.625359,4442102.41,2777882.45,537.9,583.6,248,7298,3.9,0.73,0.63,32.64,348.96,-0.529,-0.103,0.842,-0.1,0.2,0.0,0.3,0.4,0.3,-0.3,4.3,4.4,-0.8,2.4,-1.5,1.3,0.8,-0.1,1.2,-14.7,3.9,-2.9,1.7,-1.3,-0.2,-0.3,-3.3,-4.1,1.3,-2.1,-4.7,-1.1,-4.2,-2.0,-1.2,-1.4,1.7,-1.6,-0.2,-12.0,-9.9,-2.9,-2.8,-1.5,-0.4,-1.7,-0.3,5.8,2.5,0.0,1.8,2.7,-3.0,-2.6,1.3,-3.3,1.6,1.5,0.7,-2.8,1.9,-1.2,-16.8,2.3,-2.1,0.8,-2.1,-4.6,1.3,-2.1,8.3,-2.8,-0.1,-0.1,-5.7,-4.4,-0.3,-4.1,-8.2,0.7,6.6,-0.4,1.8,-0.7,0.8,-7.9,-3.6,-1.7,-5.7,-0.8,-0.2,-3.6,-0.3,0.5,-2.1,0.8,-2.1,-1.5,-0.4,0.6,-1.4,-4.2,-2.9,-0.5,-2.6,1.1,-4.1,5.0,0.1,-0.9,-2.8,-1.1,-1.5,-1.5,0.4,-2.0,-0.4,-3.0,-2.6,-2.6,-7.6,-0.3,0.5,-1.8,-3.2,4.8,-1.1,-4.2,0.5,-3.9,-0.3,0.2,2.9,-0.7,3.3,1.2,1.2,-5.3,-2.5,-4.3,-2.8,1.7,-0.5,-4.4,-3.8,-3.1,-4.3,-3.3,-0.6,-0.2,-0.6,-2.6,-2.1,-1.5,-1.8,-0.4,-6.4,-2.2,-1.9,-3.3,-0.9,-2.7,2.1,-1.5,-0.9,0.3,-1.8,-1.0,2.1,-2.4,-11.0,-1.2,0.7,0.4,-1.4,5.6,0.8,10.2,-0.6,7.9,-5.3,-1.6,-0.6,2.9,-3.6,1.8,-0.9,-1.2,3.3,-2.5,1.3,-10.6,-6.4,7.6,-0.1,-4.5,2.4,-4.0,-0.5,-4.0,-4.3,4.3,0.8,-3.5,-1.3,-14.2,9.6,-3.5,-4.6,2.0,-4.8,-3.2,-8.6,9.2,-1.2,-14.7,4.5,-1.0
2C7L516E1z,0,48.102667,11.626547,4442190.48,2777901.33,548.5,594.2,248,7315,3.5,0.73,0.42,32.64,348.96,-0.529,-0.103,0.842,-0.2,0.2,0.05,0.27,1.7,0.2,-0.3,-2.2,-2.0,-7.3,1.1,-4.2,1.8,-2.1,-0.5,-2.5,8.0,-1.3,-2.0,-2.7,-2.2,-2.1,-2.7,-3.5,-2.5,-4.1,-0.6,-3.5,-3.1,-3.9,-5.1,-4.2,-4.8,-0.2,-0.1,-1.1,-6.1,-10.3,-8.1,-7.7,-4.4,-8.0,-6.5,-6.2,-8.5,-4.0,-3.9,-1.3,-3.5,-7.0,-2.6,-3.0,-5.0,-5.7,-3.4,-4.9,-1.1,-0.5,-0.5,0.6,1.5,-1.0,-0.7,-0.6,0.0,-2.0,-6.0,-4.6,-3.1,-3.5,-2.0,-3.4,-0.9,-2.2,-11.5,-7.4,-6.5,-6.7,-6.4,-3.6,-4.8,-6.6,-7.3,-8.2,-4.5,-4.7,-8.6,0.9,-5.5,-3.8,-7.6,-5.5,-7.4,-6.1,-9.5,-5.0,-8.0,-9.3,-7.3,-2.5,-4.7,-7.3,-4.1,0.0,-6.1,-6.9,-0.1,-5.0,-4.6,-1.4,-1.7,-4.6,-5.0,-4.3,-2.3,-3.7,-2.5,-0.1,-0.7,0.6,-1.0,-0.6,-0.9,-2.6,-2.5,-3.2,-2.2,-4.0,-3.7,-3.2,-4.1,-5.4,-2.3,-3.1,-17.8,-6.0,-2.8,-3.6,-1.9,-3.4,-8.5,-11.1,-7.7,-6.1,-9.9,-2.2,1.4,-8.5,1.4,-2.2,-2.2,2.3,-3.9,-15.7,-1.4,-4.7,0.7,8.2,-2.2,-1.8,-2.7,-4.4,1.6,-1.3,-3.3,-2.2,-2.9,-4.1,-1.5,6.9,-3.5,-14.2,1.5,-4.3,-11.2,-3.9,-2.7,-1.7,-3.0,-8.7,0.0,-4.5,6.2,1.7,-15.4,9.0,-8.1,-12.7,-2.3,-3.9,-5.6,-3.9,-4.8,-2.3,-3.2,-2.8,-5.7,-8.9,-9.3,-7.5,-8.2,-8.0,-5.7,-4.3,-6.5,-5.2,-6.1,-5.1,-1.4,-3.7,-2.8,-2.5,-6.2,-4.5,-4.1
2C7L516E2D,0,48.10273,11.627041,4442227.18,2777909.23,534.1,579.8,248,7329,2.3,0.86,0.37,32.65,348.96,-0.529,-0.103,0.842,-0.3,0.1,-0.42,0.18,1.1,0.2,-0.3,-0.0,0.6,-0.2,0.4,0.2,1.9,2.6,-0.6,-0.6,2.7,-0.4,3.1,-1.2,-0.4,-2.2,-1.2,-1.4,-3.5,-1.2,-2.6,-3.2,3.1,-1.6,-4.3,-4.1,0.3,3.1,-6.6,2.0,-4.1,-9.9,-4.9,-2.2,0.6,-2.8,-1.2,2.0,0.6,5.3,2.8,0.0,1.9,-0.7,1.3,-0.2,1.2,-0.2,-2.0,0.0,0.2,2.9,0.1,1.7,-0.9,-0.7,2.1,0.2,3.6,2.4,2.1,1.4,0.7,4.3,5.4,3.7,0.7,0.8,0.7,0.7,0.6,0.6,1.0,-1.1,0.4,2.2,1.3,2.5,3.6,1.9,1.2,2.0,0.9,0.1,0.1,0.6,-2.3,0.1,-3.2,1.1,-0.4,-1.1,-1.0,-3.5,3.6,-0.6,-0.4,-0.0,2.2,-0.1,-0.9,-1.7,0.7,-0.1,2.0,1.1,0.7,0.2,-0.4,1.0,-0.4,0.7,0.8,0.8,1.7,0.3,1.8,1.5,1.7,0.8,0.2,1.4,1.2,0.3,-0.9,-1.4,0.3,1.3,0.0,2.2,-2.3,-2.2,-2.4,0.5,0.1,-2.8,-1.6,0.6,-3.1,1.9,1.3,1.6,-3.8,-1.8,-0.5,-0.7,-0.9,0.3,-3.2,-2.5,1.3,-0.6,-3.8,-3.9,-1.8,-0.9,-1.1,-0.4,-1.0,3.3,2.6,3.3,0.6,-1.8,-3.0,-3.6,-0.8,2.6,-3.6,-1.7,-0.6,-4.9,-2.2,-2.2,-1.1,-2.8,3.0,1.3,2.3,5.1,1.0,1.4,1.9,2.5,-0.1,0.9,-0.1,1.7,-2.0,-7.1,-7.4,-8.0,9.0,-7.6,-4.3,-6.5,-1.0,2.9,-0.8,-2.2,-3.4,-0.1,-1.9,-2.7,-2.9,0.7,0.3,-0.0,-0.4
2C7L516E2T,0,48.1029,11.628364,4442325.3,2777930.23,553.5,599.2,248,7345,1.9,0.91,0.29,32.65,348.96,-0.53,-0.103,0.842,-0.3,0.1,-0.39,0.15,0.2,0.1,-0.3,-0.9,-1.4,-0.4,0.5,-0.5,-1.9,-2.0,0.9,-0.7,2.2,1.6,1.2,3.4,-0.2,-0.7,0.0,-0.1,0.1,-1.6,0.3,-0.4,-0.9,2.1,0.3,2.9,1.7,3.2,0.9,-0.1,-2.0,-4.3,-6.3,-2.9,-2.7,-1.0,-0.2,-0.3,2.2,4.2,3.6,0.6,1.9,0.0,0.5,-0.7,1.0,-0.3,0.5,2.1,1.2,2.0,-0.4,-1.7,2.6,-1.2,1.9,1.2,2.2,0.9,1.7,1.6,0.6,1.8,-0.5,-1.5,-0.7,0.6,-2.7,-0.1,0.3,0.7,-0.6,-0.2,0.9,-0.5,-0.1,2.3,1.0,2.7,-4.3,0.7,-2.4,-0.3,-1.6,-2.1,-1.3,-1.3,-3.5,-0.1,-1.5,-0.6,1.7,0.9,0.5,-0.2,1.0,-1.8,0.5,2.8,2.5,-0.6,-3.3,4.5,1.2,0.8,4.6,2.4,0.7,3.5,2.3,-0.5,1.9,-0.1,-1.4,0.9,1.0,-0.1,-0.9,-2.3,0.9,1.5,1.1,-0.9,0.2,3.2,0.3,0.8,2.1,2.5,-2.3,1.4,3.3,2.9,3.7,-4.0,-1.0,0.8,-4.7,2.8,0.2,-2.9,-0.9,-2.7,-0.2,1.0,-0.3,0.6,0.4,-0.2,-0.9,2.3,-1.7,3.4,1.0,2.3,-0.1,0.2,-0.0,-1.9,-1.9,-2.4,-0.7,3.4,-2.5,-1.1,1.5,0.6,-1.5,2.4,1.8,-0.3,1.2,-3.5,-3.5,-4.5,-1.4,-2.0,-1.7,0.2,-1.0,3.5,2.0,-4.0,-4.2,-0.9,1.0,-2.8,-2.6,-0.7,-3.1,-5.1,1.0,0.1,1.6,-3.0,-0.2,0.6,-1.5,-0.9,-4.1,-1.3,-2.3,-1.3,-3.0,-2.5,-1.4,-0.8,2.5
2C7L516E2n,0,48.103,11.629142,4442383.02,2777942.65,536.9,582.6,248,7365,3.8,0.67,0.44,32.66,348.96,-0.53,-0.103,0.842,-1.3,0.2,-0.95,0.29,2.6,0.2,-0.3,0.4,-0.1,-0.3,1.4,0.2,-2.1,-0.1,-0.4,-0.0,-1.9,-0.7,-0.1,-0.5,0.3,-2.0,0.1,-4.6,-0.8,-4.9,2.3,4.7,-2.1,-5.0,-4.6,-5.5,1.1,-4.4,-8.0,-5.1,-7.4,-18.6,-6.8,-5.9,-7.7,-4.6,-7.6,-0.0,2.4,1.6,-2.5,-3.3,-9.9,4.5,-1.0,-7.1,-1.8,-9.0,0.5,4.2,-11.4,5.1,5.1,-4.2,-5.3,-1.7,0.6,-0.8,0.9,-2.6,-1.8,3.9,-2.5,-1.5,8.1,-14.9,7.8,3.3,-2.8,-1.6,1.3,-1.5,-1.1,-0.4,1.6,0.6,1.0,-1.7,-4.9,-1.4,-1.3,-3.9,-4.4,-0.3,-6.0,-1.4,-0.2,-4.1,-3.9,-3.0,-3.8,-3.6,-5.7,-18.8,-4.6,-3.8,-1.3,-2.6,-3.4,-8.1,-5.1,-8.9,-5.5,-6.2,-7.7,-5.2,-6.1,-6.9,-7.5,-2.9,-9.7,-5.8,-4.0,-4.3,-2.2,-0.8,1.1,-1.5,-3.8,3.1,-3.8,1.3,-0.8,1.3,-6.1,-5.7,4.5,-4.5,-0.2,8.3,-4.6,0.4,-2.6,-5.2,-6.8,-4.1,-6.4,4.3,-10.1,-5.9,-2.1,-3.9,-5.2,-3.5,-3.0,-3.7,-0.5,-3.0,1.3,-4.3,2.9,-3.2,-4.2,-7.4,-3.3,-2.1,-2.4,-5.2,-7.7,-4.1,-6.9,-8.8,-9.7,-7.5,-9.4,-8.7,-11.7,-11.4,-8.0,-5.2,-5.9,-6.8,-7.4,-4.5,1.9,-4.0,-6.1,-7.7,-4.1,0.8,-3.4,-3.0,-2.7,-4.5,-8.2,1.6,-6.7,-2.8,-8.2,-10.3,-8.1,-11.2,-13.7,-14.0,-3.5,-5.0,-8.4,-19.4,-9.5,-6.8,-15.8,-11.4,-10.5,-9.4,-6.0,-19.8,-4.4,-9.5,-7.4
2C7L516E3K,0,48.103257,11.631139,4442531.21,2777974.43,541.4,587.1,248,7398,3.2,0.79,0.43,32.66,348.96,-0.53,-0.103,0.842,-0.2,0.2,0.09,0.24,0.8,0.2,-0.3,0.3,-0.1,0.3,3.0,1.4,-0.1,-3.7,0.1,1.6,-1.1,-2.1,-1.1,-0.3,-1.4,-4.7,0.6,0.9,8.8,-0.7,-1.4,-1.3,-1.4,-2.1,4.3,-3.0,-0.7,-2.6,-2.8,-1.0,-2.9,-5.1,-11.2,-13.5,-5.6,-5.4,4.8,4.1,-0.2,0.5,-2.1,-1.7,-2.7,-3.0,-8.3,1.5,-4.2,-5.6,-3.2,-2.5,-4.1,-0.0,3.9,3.0,0.3,-1.5,3.8,0.8,-7.0,-0.6,-0.7,-0.5,-0.4,-1.8,-0.5,-0.4,3.5,-2.7,0.4,-3.2,1.6,-0.2,0.4,-2.0,1.0,-2.7,0.3,0.1,-0.9,1.4,-2.8,-3.4,-4.3,-2.1,-2.0,-5.6,-6.8,0.1,3.3,1.8,-1.7,-3.3,0.7,-4.5,-5.9,-1.5,-0.5,-2.9,5.1,-10.4,-4.7,-2.7,0.7,-3.4,-1.1,-2.5,-3.5,1.4,-2.7,0.2,-2.0,-1.6,-0.8,-3.2,-2.5,0.9,-1.6,1.5,-2.2,2.3,-1.2,-7.1,1.2,-0.6,-4.7,-2.4,-3.3,-4.3,2.2,-4.4,-4.3,-1.1,-2.8,0.2,-1.3,-8.6,-1.5,-3.3,-5.2,-2.3,3.6,-3.0,-3.1,-2.5,-5.3,1.5,0.4,9.0,-2.3,-3.8,-0.4,-7.7,1.0,0.0,-12.6,-3.3,5.6,-0.8,-1.7,-0.6,-3.2,0.6,-3.6,-0.4,0.2,-0.5,2.0,0.6,-4.3,-3.3,-1.5,-3.5,-2.9,-5.1,-1.3,-4.9,-2.4,1.2,-2.3,1.7,1.7,-5.9,0.3,-3.1,-5.1,-2.7,2.3,-2.6,6.4,-0.7,-5.8,-7.6,-4.6,-3.9,-0.5,-0.0,-4.6,0.5,-4.6,-0.3,1.6,-2.8,1.3,-7.6,-4.4,-1.6,-2.6,-3.9,0.2
2C7L516E3b,0,48.103376,11.632069,4442600.19,2777989.22,541.7,587.4,248,7415,4.2,0.66,0.46,32.67,348.96,-0.53,-0.103,0.842,-0.6,0.2,-0.57,0.32,1.0,0.3,-0.3,-0.4,-1.1,2.5,-0.3,2.3,-5.5,1.4,3.6,10.4,4.4,2.7,5.1,-10.9,-1.2,-2.1,-2.1,-12.0,-4.9,-3.6,-4.1,-13.5,-1.6,11.2,-5.0,-5.5,-2.3,0.4,12.9,-5.3,-2.1,-6.0,-6.3,-1.7,-3.9,-5.1,-5.4,-0.9,-1.6,7.1,-0.9,-0.1,-3.4,-3.2,-3.7,-8.9,2.0,2.2,-5.5,-3.3,3.5,1.2,1.6,3.5,2.4,5.8,-1.5,-0.1,-0.4,1.3,2.5,-3.3,-1.8,0.1,-2.0,-2.9,-2.8,-0.3,-0.1,-1.5,6.0,2.0,0.4,1.3,-1.0,-13.1,-3.1,3.6,0.2,11.3,-12.2,-3.1,1.9,-0.4,3.1,0.7,-2.8,-1.1,7.7,-6.7,10.1,-0.3,-0.1,0.3,-4.9,-1.8,-1.5,1.3,-1.2,-0.4,-9.0,1.1,-0.9,-4.5,-3.9,4.2,-4.5,-0.2,-3.1,-1.9,3.2,-1.2,-1.2,2.9,1.4,0.6,-0.3,3.2,-11.0,-2.9,-2.8,0.5,2.7,-0.0,-2.1,0.7,-2.0,2.6,1.3,-0.9,-7.7,-10.4,-3.9,6.1,-3.6,-7.6,-4.7,3.5,-4.5,1.4,3.6,-1.0,-8.0,-0.5,-1.8,0.7,-1.3,3.9,2.2,-4.3,-3.1,1.4,0.0,-1.5,0.5,-5.4,-0.6,-4.0,2.1,-1.8,-2.3,-8.1,-10.3,-0.0,-0.6,-0.5,0.1,-4.9,-3.8,1.3,-2.1,-5.7,-2.7,-0.4,-5.8,1.4,-0.7,-2.6,-2.2,-5.9,10.6,-4.2,2.2,2.0,-1.0,-1.0,-15.1,-0.4,-2.8,-4.7,-8.0,-2.1,-3.0,-2.0,-2.9,-1.6,-4.5,-5.2,-5.2,-3.2,-4.4,-6.2,-2.7,-5.4,-4.8,-1.8,-2.3,-9.1,-4.7
2C7L516V3X,0,48.101995,11.621175,4441791.93,2777817.92,541.9,587.6,249,7223,4.6,0.6,0.54,32.59,348.92,-0.529,-0.104,0.843,-2.4,0.2,-0.3,0.35,1.8,0.3,-0.3,-0.2,0.6,2.0,-0.4,2.6,0.2,2.6,3.3,2.1,-1.7,2.7,-1.3,0.9,-1.0,-3.1,-4.6,-2.6,-4.5,-1.8,0.1,1.4,-5.0,-11.7,-5.2,-4.7,-5.0,1.2,2.9,-0.1,-1.2,3.5,-8.0,-3.1,-5.9,-7.8,-8.3,-7.3,-2.1,-5.1,-2.9,-3.3,-8.5,-4.8,-6.2,-4.0,-2.7,-3.4,2.5,-6.6,0.3,-1.9,-6.6,-8.2,-0.1,3.1,-8.4,1.6,13.2,10.8,-9.1,-7.6,-10.2,-5.6,-8.0,-9.8,7.6,5.1,3.9,3.8,4.5,2.3,4.0,-1.9,3.9,-9.0,-10.2,11.5,-12.5,-11.7,-9.9,-3.9,-1.8,-1.5,-0.1,-4.9,-3.0,-3.7,-6.6,-9.3,-9.5,-6.4,-11.1,-14.1,-12.8,-6.8,-6.8,-8.2,-9.1,-7.3,-7.4,-3.9,-4.5,-2.1,-4.2,-2.8,0.0,0.8,0.7,-1.9,-4.9,-7.4,-4.9,-5.5,-4.9,-4.0,-7.3,-7.2,-6.7,-5.0,-1.8,-4.5,0.3,0.6,-3.5,9.7,-1.0,3.7,-9.0,-7.5,-7.9,-4.6,-5.9,-8.0,-7.0,-9.3,-7.3,-8.6,-11.3,-3.6,-7.3,-3.7,-9.6,-6.6,-8.6,-1.9,-5.3,-4.4,-4.6,-9.0,-8.9,3.2,-9.3,-9.8,-11.9,-9.3,-10.3,-9.5,-11.5,-11.6,-8.8,-9.5,-9.0,-5.0,-8.6,-9.1,-10.0,-11.6,-14.1,-8.0,-10.8,-10.9,-12.7,-10.1,-11.7,-12.7,-11.3,-11.2,-9.2,-16.9,-8.2,-11.0,-6.9,-7.4,-7.5,-13.0,-20.9,-19.7,-19.6,-8.6,-5.8,-11.3,-10.1,-10.5,-8.8,-11.7,-13.0,-15.9,-0.3,-0.0,-1.3,-18.2,-20.7,-20.6,-13.1,-7.9,-15.1,-12.8,-9.9
2C7L516V4B,0,48.102287,11.623444,4441960.3,2777854.04,542.6,588.3,249,7263,3.0,0.81,0.39,32.6,348.92,-0.529,-0.104,0.842,-0.4,0.1,0.15,0.23,0.4,0.2,-0.3,-3.0,-0.9,-1.5,-1.9,-2.2,0.4,-1.0,-2.1,-0.2,0.0,-1.4,1.4,0.8,1.9,2.6,3.1,1.7,-0.3,2.6,5.6,-5.4,-4.2,-3.6,-4.9,-3.6,0.7,-1.1,-0.5,-2.3,2.1,10.1,-4.8,-4.6,-5.3,-2.7,-3.3,2.2,6.1,1.1,-0.6,0.0,-5.9,-1.9,0.0,3.2,1.6,0.7,0.0,-1.4,0.5,0.5,-1.8,-3.4,-2.1,-2.4,-3.3,-0.7,-1.6,-2.5,-2.2,-2.2,-2.1,-3.4,-2.6,-2.4,-6.0,-1.0,-4.1,-4.4,-2.1,-2.0,-1.4,-3.3,-3.2,3.4,-4.5,1.3,-5.8,-1.6,-3.8,-3.0,-2.3,0.7,-0.8,-1.6,-2.9,-6.2,-3.9,-4.4,-2.8,4.0,-2.3,-3.1,-1.9,-5.6,0.3,-3.4,-0.7,3.8,-5.6,-4.2,-2.7,-7.5,0.3,2.1,-6.3,-1.0,-5.0,-0.3,-1.3,-0.6,1.9,3.3,-0.6,-8.9,1.6,7.5,-2.0,-1.4,-2.1,-4.7,-2.3,-2.8,-2.0,-3.4,-1.2,-0.2,3.8,-1.2,-3.6,0.5,-3.7,0.1,-0.3,-1.1,0.4,-1.3,-3.4,3.8,1.5,4.1,-2.2,0.7,-5.9,-4.6,-1.3,-8.0,-0.2,-0.0,-1.0,1.4,-2.3,-1.8,-0.8,-4.4,-6.2,-3.8,-2.6,-0.7,-4.5,-4.1,-5.0,2.8,-9.3,-2.2,-3.0,4.3,-7.5,-6.7,-4.7,-3.0,-3.0,-6.2,-1.2,-1.3,-2.0,1.5,0.7,-2.7,2.4,-2.0,-1.7,-5.2,-4.8,-1.9,-3.6,-1.6,-8.4,-3.5,-1.4,-2.9,-3.9,-5.7,-3.7,-3.0,-3.2,12.5,-4.2,-2.6,-3.3,-3.9,-1.0,-2.2,-2.8,-3.2,-4.7,-4.9,-2.5
2C7L516V59,0,48.102735,11.626938,4442219.45,2777909.62,546.5,592.2,249,7323,2.4,0.87,0.35,32.65,348.96,-0.529,-0.103,0.842,-0.3,0.1,-0.35,0.18,0.2,0.2,-0.3,-0.1,-1.1,0.0,2.6,1.3,3.8,-3.2,-1.6,-2.9,-3.1,-1.2,3.1,-0.1,-0.9,-1.8,-0.5,-1.0,1.2,0.3,-1.0,-0.5,-0.1,-0.9,0.4,2.4,1.3,0.2,3.0,-4.1,0.4,-10.2,-3.4,-2.3,1.0,-1.1,-0.9,1.2,0.4,3.6,-1.3,3.9,0.6,1.2,0.7,-0.4,0.4,-1.0,-2.5,-3.3,0.4,-0.7,3.0,1.2,0.7,-1.1,-0.4,-2.6,-2.0,-1.8,0.3,-1.9,0.6,-0.0,0.6,-2.4,4.6,-1.1,-0.4,0.1,-1.2,-1.0,0.0,-2.7,2.1,1.9,1.1,0.7,0.6,4.5,1.4,-3.0,0.3,-2.6,1.0,-1.0,-3.3,0.6,1.8,1.6,-1.3,0.8,-1.2,-3.8,0.9,-1.8,0.7,-0.4,4.8,3.1,2.3,4.6,0.7,-0.3,0.8,-1.5,-0.5,2.0,-1.0,-0.8,-0.2,0.9,-1.8,2.4,-2.5,1.3,1.4,0.9,-2.6,-3.2,-0.7,-3.3,-3.9,-2.5,-1.5,0.9,-0.6,-3.5,-3.4,-1.9,-2.1,-4.1,1.1,0.1,-2.6,0.1,0.5,0.1,-6.6,-2.8,2.5,0.4,-1.3,1.7,2.8,2.2,3.3,-2.5,4.6,0.5,-1.1,3.8,-1.7,0.6,-0.5,2.5,2.7,0.3,-1.3,-2.6,0.2,0.7,1.6,1.8,-2.9,-2.0,0.7,0.4,-1.5,1.8,2.0,-4.4,-5.4,-5.6,-2.1,-0.0,2.0,-0.3,-0.0,-4.1,3.9,1.5,1.6,-2.8,-1.9,-0.7,3.5,-7.1,-0.9,-0.6,-6.4,0.2,-1.4,-1.5,0.2,0.4,-1.7,-0.8,0.4,-0.4,-0.3,-2.9,-0.2,0.9,-1.0,-11.4,-2.3,-4.4,-3.4
2C7L516V5P,0,48.102832,11.627687,4442275.07,2777921.56,538.1,583.8,249,7339,2.8,0.81,0.44,32.65,348.96,-0.53,-0.103,0.842,0.2,0.1,-0.53,0.21,0.5,0.2,-0.3,-0.6,1.1,-0.3,1.8,2.0,-1.9,2.4,-1.4,1.0,4.3,1.9,4.4,3.4,0.4,-1.3,-3.0,1.5,1.6,0.7,3.3,3.3,4.5,-1.2,0.7,-0.2,0.4,2.8,3.7,-1.2,1.2,-7.6,7.1,-1.1,0.5,0.2,2.0,3.9,1.5,7.1,-2.4,3.1,8.2,-0.2,3.7,3.1,2.3,3.5,2.2,-0.7,1.5,-3.7,-1.4,0.8,1.8,1.5,3.0,0.7,-0.3,3.0,1.7,1.6,-1.4,3.4,4.0,6.4,3.4,-0.3,3.1,4.7,3.3,3.2,3.4,3.3,3.5,5.4,3.0,4.3,5.0,5.3,5.7,2.5,0.3,4.2,-0.5,2.6,2.4,0.9,0.3,4.8,2.1,3.6,-0.1,3.4,-2.3,5.1,4.5,-3.3,3.3,3.9,4.5,3.8,4.4,2.6,4.6,1.9,2.4,1.0,8.8,7.8,6.8,1.4,1.4,0.3,3.3,6.4,6.2,1.4,3.9,7.8,1.3,1.8,5.2,2.8,6.2,5.0,4.7,3.1,0.7,1.6,7.4,7.2,0.3,-7.9,2.0,2.1,0.6,-0.5,-3.9,1.0,6.3,2.9,-1.9,5.4,2.8,8.8,7.3,3.3,-1.2,2.7,3.1,0.4,0.8,4.1,-0.2,-2.0,4.7,5.1,3.1,9.2,4.6,0.8,5.3,5.7,4.9,1.8,9.4,3.1,-1.4,2.9,3.7,-1.5,-1.7,1.1,6.5,-0.0,-2.3,-1.7,2.8,1.1,-2.9,2.3,-1.0,0.2,0.3,6.0,6.4,2.9,3.0,3.7,4.4,3.3,10.6,-1.0,-1.0,0.9,2.0,3.1,0.0,1.7,1.6,3.2,4.2,3.0,2.7,4.8,2.0,6.8,1.1
2C7L516V5a,0,48.102922,11.628385,4442326.86,2777932.67,540.9,586.6,249,7350,3.8,0.7,0.49,32.65,348.96,-0.53,-0.103,0.842,-0.6,0.2,0.05,0.29,1.0,0.2,-0.3,-8.2,7.8,3.7,1.9,5.2,-9.1,5.8,7.4,6.4,-6.9,8.9,-9.8,4.0,8.5,0.8,2.6,0.3,1.0,-1.2,0.6,4.7,3.5,0.4,-1.6,1.3,1.7,-9.8,-8.2,-12.3,-2.1,-8.4,-1.6,3.3,2.1,-0.1,0.0,3.6,-0.9,5.4,0.0,4.5,-0.7,1.9,0.7,1.5,1.8,-2.4,4.0,-2.6,0.1,1.5,5.5,3.0,5.1,4.4,0.8,1.6,-0.5,0.9,-2.0,10.2,3.8,2.8,7.6,-5.6,-10.3,1.3,-1.3,5.3,3.5,-4.6,4.8,-1.8,5.0,4.7,4.0,3.4,4.6,4.6,0.7,5.5,2.5,5.1,4.7,2.8,0.3,1.7,-1.4,1.1,3.9,2.7,-8.7,3.9,3.3,3.4,4.4,-5.5,1.9,0.3,0.2,1.1,0.4,2.8,0.3,1.0,1.2,-1.0,2.0,0.0,-2.2,2.5,1.5,6.2,-0.2,1.2,0.3,4.0,2.1,-1.5,3.3,-9.3,6.3,-0.5,4.4,7.2,2.0,-3.9,2.7,0.7,-1.6,-2.4,0.5,-5.6,-1.0,-3.1,-2.0,-2.4,-6.6,-1.1,-3.2,-7.1,-4.4,-8.5,-7.4,-3.0,-4.2,-0.2,-3.0,-5.4,3.4,-3.6,-3.5,1.3,3.6,2.7,-4.7,-3.6,-1.2,-0.8,0.1,-2.4,-2.7,2.5,-3.4,-0.4,1.4,0.1,-3.8,1.7,-0.2,-0.2,-2.5,-1.7,-1.9,-3.9,-3.3,-2.8,-1.4,-3.6,-2.2,-0.2,-1.5,1.6,-2.1,0.7,3.8,0.3,-1.4,-1.0,-7.6,3.3,-5.3,1.4,-0.5,0.5,-1.6,-2.9,-2.9,-1.5,0.7,-0.6,0.6,0.9,0.1,0.1,-6.1,-5.0,7.6
2C7L516V5b,0,48.102913,11.628321,4442322.06,2777931.65,535.0,580.7,249,7351,1.8,0.9,0.34,32.65,348.96,-0.53,-0.103,0.842,-0.7,0.1,-0.46,0.14,1.5,0.1,-0.3,2.4,-0.0,0.7,0.3,1.4,-0.1,1.1,0.5,1.1,3.1,1.4,1.4,-1.1,0.2,0.3,-0.2,-0.1,-0.2,-2.2,-1.8,-1.8,-1.6,-2.4,-2.7,-0.2,0.0,-1.4,7.9,0.7,-4.2,-13.2,-5.7,-3.0,-0.8,-3.0,-2.6,-3.0,-2.7,0.3,-0.9,-4.7,-0.8,-3.4,-3.1,-2.5,-2.5,-3.4,1.9,-2.1,-2.0,-1.4,-0.1,-2.0,-0.1,-1.4,-1.8,-1.8,-0.5,-1.0,0.0,0.6,1.8,0.5,2.1,2.8,2.3,1.2,2.5,0.6,0.0,2.5,-2.1,2.0,0.9,-0.8,0.2,0.9,1.4,0.9,-2.0,-1.4,-3.1,-1.2,-2.5,0.2,-0.0,-2.1,-4.3,-1.0,-0.6,-2.0,0.4,0.4,-0.9,-0.8,0.7,-0.0,-2.8,-2.3,-1.6,-3.3,-4.3,-1.7,-0.9,-3.1,-1.2,-0.6,-2.1,-1.2,-1.9,-1.0,0.9,0.5,0.7,0.2,1.1,-1.1,-0.6,-1.0,0.5,2.1,1.5,0.2,-0.6,-0.3,-1.0,-0.4,-2.1,-1.0,-3.7,-1.7,-2.7,-1.4,-0.1,-2.5,-5.8,-3.0,-7.4,0.4,-1.4,-1.0,-2.6,-1.4,-1.3,1.9,-1.7,0.1,-1.2,-0.4,0.7,-0.1,-0.4,-0.9,-0.6,-0.8,-0.4,-2.9,-2.0,-0.5,-2.1,-5.7,-5.3,-1.8,-4.6,-5.1,3.7,-2.1,-4.9,-3.5,-1.4,-4.2,-6.3,-6.3,-5.8,-4.9,-3.1,-4.0,-3.4,1.2,-3.7,-2.1,-4.2,-2.3,-2.8,-1.2,-2.5,-3.8,-3.2,-3.3,-6.9,-3.5,-7.9,-4.3,-3.9,-2.9,-5.7,-5.0,-5.4,-3.6,-6.0,-4.5,-3.1,-3.6,-2.0,-2.6,-3.2,-3.2,-2.5
2C7L516V5c,0,48.102924,11.628404,4442328.21,2777932.97,536.3,582.0,249,7352,1.1,0.96,0.17,32.65,348.96,-0.53,-0.103,0.842,-0.8,0.1,-0.16,0.09,0.6,0.1,-0.3,0.2,0.3,-0.4,0.1,-0.9,-0.2,0.3,-0.6,0.2,-0.1,0.6,-0.3,0.2,-0.4,0.0,-0.0,-0.2,-1.3,-1.6,-1.4,-1.6,-1.0,-1.2,0.1,1.2,0.5,0.9,-0.1,-1.0,-2.5,-7.8,-3.7,-2.1,-0.8,-3.1,-0.3,0.8,-0.3,0.4,0.0,0.4,-0.3,0.6,1.1,0.3,-0.5,-2.3,-0.8,-0.1,-0.2,0.2,-0.2,-0.3,-0.1,-1.3,-0.1,-0.6,-0.8,-1.3,-0.7,-0.6,-0.2,1.5,-0.7,-0.1,-1.2,-1.8,-1.8,-1.3,-0.9,-1.2,-0.6,-1.5,0.0,0.4,0.1,-0.1,-0.1,0.6,-1.2,-0.3,-1.3,-1.7,-1.4,-1.2,-1.4,-2.1,-3.3,-1.2,-0.1,-1.2,-2.2,-2.5,0.3,-2.2,-0.2,-1.9,-0.2,-1.4,-1.5,-2.3,-1.5,-1.3,-1.4,-2.2,-0.3,-1.6,-1.6,-2.1,-1.5,-1.9,-2.2,-1.6,-1.2,-0.5,-1.2,-2.1,-1.7,-1.6,-0.8,-1.2,-0.2,-0.7,-1.5,0.2,0.1,-0.9,-1.7,-1.3,-3.5,-3.6,-0.8,-2.7,-1.7,-3.2,-3.8,-2.9,-5.9,-0.1,1.9,-1.0,-1.9,-3.2,-1.9,-1.5,-1.6,-1.3,-1.9,-2.3,-1.8,-2.0,-2.7,-1.4,-2.1,-3.2,-2.7,-2.6,-2.2,-2.0,-3.0,-4.7,-4.1,-3.0,-6.0,-4.8,0.2,-2.7,-5.7,-3.1,-2.3,-3.0,-4.9,-6.1,-4.1,-2.7,-1.7,-1.3,-2.6,-2.6,-2.7,-2.3,-2.7,-2.8,-3.0,-3.5,-3.0,-2.9,-2.5,-3.0,-5.7,-6.9,-5.1,-4.6,-4.1,-4.0,-4.2,-5.0,-4.8,-3.6,-4.0,-3.8,-4.3,-3.5,-3.0,-2.6,-3.7,-4.1,-3.9
2C7L516V5k,0,48.10298,11.628841,4442360.68,2777939.93,536.7,582.3,249,7360,1.3,0.96,0.21,32.65,348.96,-0.53,-0.103,0.842,-0.5,0.1,-0.0,0.1,0.4,0.1,-0.3,-1.1,-0.7,-0.5,-0.0,-2.2,-1.7,-0.3,0.1,0.5,0.0,1.1,0.1,1.7,0.8,2.0,1.1,0.8,1.0,-0.7,-3.1,-0.1,-1.8,0.8,-0.2,2.3,-0.2,1.5,-0.7,-0.8,-0.2,-3.9,-4.2,-2.6,-2.7,-3.2,-1.9,-1.1,-1.9,1.5,1.0,1.0,0.9,1.7,1.1,1.2,0.6,-0.5,0.4,0.4,0.0,1.7,1.4,1.2,0.8,0.9,0.9,0.5,0.5,0.4,0.4,0.7,0.5,0.1,-0.0,-1.0,-1.5,-1.4,-1.8,-1.4,-1.1,-1.7,-1.0,-2.0,-0.6,-0.3,-0.0,0.3,-0.1,-1.0,-0.5,0.3,-0.1,-0.4,-0.2,-0.5,-2.6,-0.6,-0.9,-0.3,0.5,-0.6,-1.5,-1.8,0.1,-0.2,0.8,-1.1,0.8,-0.8,-1.2,-2.1,-0.1,-1.4,-1.1,-1.1,-0.6,-1.2,-1.8,-0.9,-0.9,-1.2,-1.1,-1.3,-0.6,-0.2,-0.7,-2.0,-1.3,-3.1,-1.7,-1.9,-1.8,0.3,-1.0,1.6,0.6,-1.2,-0.2,-0.2,-3.6,-1.3,-0.7,-0.7,-2.0,-2.5,-2.4,-3.0,-5.7,-0.4,0.8,-2.2,-2.8,-2.5,-2.5,-0.9,-1.5,-1.1,-1.3,-1.6,-0.5,-0.6,-1.5,-0.3,-0.4,-0.1,-0.4,-0.3,-1.1,-0.2,-1.1,-2.7,-3.4,-0.6,-4.7,-2.5,1.4,-1.5,-7.5,-1.2,-1.7,-2.1,-5.0,-5.3,-2.9,-1.4,0.3,-2.1,-1.3,-1.9,-1.6,-1.8,-1.3,-1.3,-1.5,-0.7,-0.4,-1.0,-0.4,-3.6,-4.6,-4.1,-2.3,-2.8,-1.4,-5.2,-1.8,-4.7,-2.3,-2.2,-2.6,-1.5,-2.0,-1.4,-1.7,-1.1,-1.8,-2.2,-1.8
2C7L516V6B,0,48.1032,11.630556,4442487.91,2777967.21,544.3,590.0,249,7387,3.2,0.77,0.42,32.66,348.96,-0.53,-0.103,0.842,-0.6,0.2,-0.71,0.24,0.3,0.2,-0.3,3.3,2.2,-2.5,1.0,1.5,-2.3,-0.6,-3.9,-1.9,8.6,-0.9,2.2,-0.9,0.2,1.5,0.9,0.7,-2.5,-3.5,-4.2,-5.6,4.6,2.3,3.5,5.4,0.1,-1.6,0.7,1.6,-2.8,-3.1,-7.1,-4.6,-6.3,-2.8,-3.7,-3.6,1.5,-3.3,-0.4,3.1,-1.8,-0.5,-0.5,-4.6,11.1,0.1,2.4,-1.4,-0.9,2.4,4.7,3.9,4.8,4.6,0.1,1.5,-1.6,3.5,3.4,0.7,0.5,-2.2,-2.5,0.0,-0.5,1.6,0.3,-1.7,-1.4,-0.2,1.9,3.8,-1.8,1.2,1.1,0.5,1.3,-2.9,-0.8,-2.1,-2.6,-0.4,1.1,-1.0,1.7,-1.2,-0.2,-0.8,3.6,4.6,-0.8,1.2,-4.9,2.1,-3.2,0.7,5.1,-0.4,3.4,-0.4,-1.4,4.2,6.6,0.2,2.1,-0.3,-0.1,0.7,1.5,0.1,-1.3,-2.3,-0.7,2.5,-0.6,2.0,-1.5,0.7,-0.8,1.2,-0.2,-1.1,-3.5,-0.9,-1.1,2.4,-8.5,-0.9,-2.1,6.9,-0.1,-0.1,0.3,6.1,1.4,-3.7,-2.5,2.1,-0.3,0.8,0.9,1.0,-1.7,0.6,2.6,2.6,0.2,1.0,-3.3,0.8,-0.1,-0.6,-1.1,-0.8,-0.9,4.5,1.6,-1.2,0.6,2.8,3.7,0.8,-7.0,-5.2,1.9,-1.6,-2.8,-1.1,0.4,0.2,-0.3,-15.3,-3.4,-2.5,-2.5,-4.5,-3.0,3.1,-0.4,-4.4,-4.7,1.0,3.0,-1.0,-4.7,-5.5,-1.0,-5.8,-7.7,-0.2,-2.7,7.2,-0.9,3.9,-0.3,-6.6,-3.9,3.6,-2.6,-11.9,5.2,-7.0,-5.6,-1.2,-4.5,-7.0,-6.6
2C7L516V6T,0,48.10331,11.63141,4442551.23,2777980.8,537.0,582.7,249,7405,3.1,0.77,0.38,32.67,348.96,-0.53,-0.103,0.842,-0.0,0.2,-1.15,0.23,1.3,0.2,-0.3,-2.1,0.2,3.2,0.7,-4.2,-2.0,2.7,-1.5,3.2,-1.2,0.5,-3.4,0.5,2.8,3.4,2.3,3.4,3.9,4.3,-1.0,2.5,-0.3,0.9,3.1,4.9,2.8,7.2,2.7,7.8,5.0,-3.7,-2.7,0.7,-3.0,2.7,3.5,7.6,3.5,6.4,3.3,4.5,1.5,5.1,7.2,3.8,4.1,1.2,0.2,4.3,2.8,3.9,3.0,2.8,0.6,2.9,0.8,-1.4,3.5,3.6,1.7,2.1,3.5,-1.5,1.0,5.3,-3.6,-0.2,-1.8,2.4,-0.7,-3.2,2.3,-2.5,2.0,-0.6,0.1,5.4,6.5,5.4,5.4,4.0,3.7,8.8,2.5,6.5,2.6,6.4,7.9,7.2,4.8,7.6,3.3,-1.1,5.7,6.7,5.3,3.3,9.4,8.5,0.7,1.8,6.3,1.8,9.2,5.3,6.9,6.8,4.7,4.0,5.8,3.4,6.6,2.7,3.5,3.5,0.7,0.2,-3.3,0.2,1.5,1.8,1.6,2.5,3.6,1.8,3.7,0.4,6.6,6.1,2.8,5.3,6.9,-1.1,4.5,4.6,2.6,7.7,6.4,9.7,14.0,-0.5,0.9,4.4,4.6,1.3,3.3,2.7,3.8,1.4,5.6,16.5,2.2,6.5,5.9,2.5,5.6,1.5,-1.7,4.8,8.8,3.4,-0.1,3.2,5.7,3.8,3.2,6.1,-0.1,2.8,6.8,6.2,3.7,-1.4,-1.5,-3.4,18.8,-4.1,0.1,3.6,0.7,1.0,0.6,0.8,2.6,2.4,7.3,-0.3,3.9,3.5,-0.3,1.5,-0.3,1.3,-1.9,2.9,3.0,2.5,1.0,0.6,1.5,2.1,0.5,3.5,0.8,1.8,-2.0,-0.7,0.0
2C7L516V8O,0,48.104178,11.63817,4443052.76,2778088.39,534.6,580.3,249,7524,4.6,0.58,0.5,32.7,348.96,-0.53,-0.103,0.842,-0.4,0.2,-0.73,0.35,1.4,0.3,-0.3,-4.1,3.7,-4.9,-7.7,-8.8,1.7,3.1,-4.4,-2.1,-8.1,-1.4,0.4,3.0,4.5,4.7,2.4,0.2,0.9,3.7,-13.4,0.1,-0.2,3.4,-6.8,11.4,1.3,2.4,1.3,4.3,0.2,-3.5,-2.6,3.4,-0.3,3.1,2.6,2.8,10.8,0.7,5.9,8.8,3.9,8.4,-1.7,3.9,4.0,4.1,4.2,4.7,-1.6,2.5,0.4,-1.4,5.9,3.4,0.7,1.3,4.7,3.6,1.4,3.7,0.0,-5.4,-9.3,6.5,3.3,-3.8,0.1,-5.2,-6.6,0.4,4.1,8.4,-13.8,1.2,-4.9,10.8,-1.3,-3.2,0.5,-1.6,6.9,3.0,-0.9,-1.6,7.1,4.1,1.3,1.1,-14.4,7.0,-0.1,-0.8,-1.7,-4.8,-1.2,8.4,0.9,9.9,-0.9,0.6,5.9,6.2,-11.8,6.9,3.7,3.3,2.3,6.3,7.5,-0.9,2.4,-0.1,3.8,4.5,-1.2,3.8,2.4,2.3,0.1,-6.4,1.2,7.1,-0.6,-3.0,-8.6,6.3,9.2,-13.3,-0.3,1.0,2.9,-2.6,1.5,2.2,1.0,0.3,7.8,1.7,4.7,7.2,-2.7,1.3,1.3,2.5,2.0,7.6,-1.9,8.9,-2.2,0.8,7.7,-5.3,-11.1,-3.2,-0.6,-1.1,3.1,6.3,2.0,7.1,-1.3,-6.3,-6.2,-2.7,2.6,4.6,-1.9,6.9,7.5,-2.9,1.4,-2.3,3.3,0.8,0.6,0.9,0.9,-9.0,-1.6,-0.7,-0.0,-0.5,-1.0,-2.6,5.5,2.1,7.6,6.7,5.1,-6.7,-5.8,-0.3,-1.3,1.0,-3.0,-4.4,-0.9,-3.6,-3.3,-6.7,-0.9,-0.5,0.3,-0.4,-0.1,0.8,-8.2
2C7L516V5I,0,48.102814,11.627406,4442254.12,2777919.13,543.7,589.4,249,7332,1.5,0.95,0.18,32.65,348.96,-0.529,-0.103,0.842,-0.4,0.1,-0.28,0.11,0.3,0.1,-0.3,0.5,1.1,0.5,-0.2,0.5,-0.2,0.8,0.9,0.9,-0.3,0.8,0.1,0.7,0.8,0.6,0.2,0.9,-0.2,1.0,0.3,0.3,0.7,0.9,-0.1,1.3,1.5,2.9,2.3,1.9,0.2,-7.7,-4.4,-2.0,-1.5,-1.4,0.4,3.6,0.8,3.6,2.4,2.3,1.4,0.2,1.1,-0.7,-0.1,-1.5,-0.3,-0.6,-0.6,1.2,0.2,0.2,-0.6,-0.6,-0.6,-0.4,-0.6,0.5,-1.0,-0.6,-0.8,-2.9,-0.3,-0.0,-0.4,-0.8,-0.9,-1.2,-0.7,-0.3,0.4,-0.9,0.7,-0.0,-0.3,0.1,-0.5,-0.0,-0.4,0.0,0.7,0.2,-0.1,0.4,-1.3,0.3,-1.0,1.0,0.7,0.4,0.1,-0.1,2.2,-0.7,2.7,1.4,3.3,0.8,1.8,-0.4,1.0,0.6,2.4,-0.3,0.2,-0.1,-0.2,1.2,-0.2,0.2,0.3,0.0,0.2,0.9,0.5,-0.5,-0.3,0.2,0.5,0.3,0.3,0.3,-0.7,0.6,1.3,1.1,1.4,0.8,-1.0,-0.8,1.1,-0.6,0.5,-1.2,-2.1,-0.4,-4.1,3.4,2.9,-0.2,-0.4,-0.7,0.2,1.2,0.2,-1.0,-0.7,0.3,0.1,1.0,-1.1,-0.6,-1.0,2.0,0.2,0.4,0.1,1.6,0.4,-0.9,0.1,-0.5,-2.3,-0.5,3.4,-0.3,-2.0,0.3,2.4,-0.5,-3.2,-4.6,-2.7,-2.5,-2.7,-1.2,-1.7,-8.7,-1.4,-2.3,-0.5,-1.4,-0.5,-0.5,0.3,-2.5,0.5,-0.8,-2.7,-3.8,-0.9,-0.9,-0.6,0.4,-1.5,-2.4,-2.4,-2.0,-1.7,-1.2,-1.6,-1.1,-1.4,-0.6,-1.1,-2.2,-2.5
2C7L516V5j,0,48.103,11.628852,4442361.43,2777942.16,540.2,585.9,249,7359,2.3,0.88,0.42,32.65,348.96,-0.53,-0.103,0.842,-0.6,0.1,-0.33,0.18,1.1,0.2,-0.3,0.4,0.4,1.8,2.5,-0.4,-2.1,0.4,-0.3,1.9,0.9,1.1,0.1,1.8,0.6,3.3,0.2,-0.5,-0.7,-2.7,-3.8,-1.5,-3.5,-0.1,0.2,1.9,-1.0,1.4,1.4,-0.2,-1.9,-3.1,-6.0,-3.7,-3.2,-3.7,-1.8,-2.0,-1.2,1.3,0.2,-0.6,1.7,1.4,0.2,-0.6,-0.8,-0.9,-1.1,-2.1,-0.3,-0.2,-0.3,1.4,0.4,0.5,0.2,-0.3,0.2,-0.3,0.4,-0.2,0.9,0.3,0.5,1.4,1.2,-0.0,0.5,0.4,1.8,1.1,0.7,0.1,1.1,1.9,1.2,2.9,2.0,-0.7,-3.7,1.5,-2.1,0.2,0.1,0.9,-1.8,-0.7,-2.2,-3.1,-0.6,-1.3,-2.3,-1.0,-1.4,0.1,1.2,-1.2,-2.7,-0.6,-0.8,-0.5,1.1,-0.6,0.8,-2.6,-0.9,-0.3,-1.9,0.2,0.2,-0.6,-0.3,-0.5,0.2,1.3,0.3,-2.2,-0.6,-3.1,-1.2,-1.0,-0.1,-1.3,1.0,9.3,-1.7,-0.2,-1.1,1.0,-3.3,0.4,-1.2,-1.8,1.0,-1.2,-4.2,-2.5,-6.3,1.4,1.9,0.6,-0.8,-1.2,-1.1,-2.2,-4.1,-1.7,-2.4,-0.2,0.4,-4.0,-1.7,-0.9,-2.2,0.5,-3.2,-0.7,-1.0,-0.4,-3.7,-2.8,-3.2,-1.8,-3.6,-4.5,-0.3,1.4,-4.9,2.0,-0.1,-4.7,-10.2,-14.3,4.2,-9.9,-1.1,-0.3,0.2,0.7,-0.8,0.0,0.2,3.7,1.3,-2.8,-4.9,-5.8,0.4,-6.4,-9.4,-3.0,0.9,-4.5,-2.5,-7.3,-2.6,-4.0,-13.0,-2.3,-3.9,-2.0,-2.3,-2.0,-0.9,-2.4,-0.3,-1.7,-1.6
2C7L516V5l,0,48.103002,11.628863,4442362.24,2777942.34,535.2,580.9,249,7361,1.6,0.94,0.28,32.65,348.96,-0.53,-0.103,0.842,-0.8,0.1,0.33,0.12,0.3,0.1,-0.3,0.8,-1.0,0.0,-0.4,-1.9,-0.6,-0.0,0.5,0.9,-0.3,1.9,-0.4,1.7,1.0,1.8,0.7,-0.4,-0.5,-1.4,-1.3,0.0,-1.9,1.5,-0.5,1.4,-0.3,0.8,-0.2,-2.2,-0.8,-4.5,-5.4,-2.7,-3.4,-3.8,-2.3,-0.2,-2.2,1.1,0.6,0.6,1.4,0.5,-0.2,1.1,-0.3,-0.8,0.6,0.4,-0.0,1.8,1.3,1.6,0.2,0.2,0.5,-0.8,-0.3,-0.3,-0.0,0.2,0.5,0.2,-0.1,-2.4,-3.4,-3.4,-3.5,-3.0,-2.0,-3.3,-2.3,-3.6,-1.7,-1.0,-1.4,-1.1,-1.3,-1.6,-2.2,-0.2,-0.8,-1.8,-2.1,-2.0,-1.7,-2.3,-1.8,-0.9,-0.9,-1.3,-1.5,-3.1,0.5,-1.4,-0.2,-1.4,-0.0,-1.4,-1.0,-2.4,-0.2,-2.2,-1.7,-3.4,-1.8,-1.1,-2.0,-1.2,-0.9,-0.7,-1.2,-1.9,-2.0,-1.7,-1.9,-2.3,-1.3,-3.5,-3.0,-2.8,-3.0,-0.2,-3.2,-0.5,-0.4,-2.1,-2.0,-1.5,-5.7,-2.3,1.3,-2.6,-2.6,-3.4,-3.1,-4.0,-5.4,-1.4,-0.8,-2.6,-4.5,-4.6,-4.7,-3.3,-2.9,-1.7,-3.1,-3.8,-2.1,-2.3,-3.1,-2.4,-1.1,-0.9,-1.3,-1.5,-2.8,-2.1,-2.6,-5.4,-5.1,-2.0,-6.0,-2.8,1.9,-2.1,-11.2,-3.2,-3.3,-6.3,-4.9,-6.6,-6.4,-3.6,-2.9,-5.5,-3.2,-3.8,-3.9,-4.7,-4.0,-3.0,-2.7,-1.3,-1.4,-1.3,-0.9,-3.9,-5.0,-5.6,-3.8,-4.0,-2.8,-6.9,-2.1,-6.8,-2.1,-2.4,-3.6,-2.3,-2.9,-2.1,-1.9,-1.0,-2.8,-2.3,-2.5
2C7L516V65,0,48.103147,11.629993,4442446.08,2777960.32,535.4,581.1,249,7381,2.8,0.81,0.4,32.66,348.96,-0.53,-0.103,0.842,0.8,0.1,-1.16,0.22,1.0,0.2,-0.3,2.6,1.2,1.0,1.5,0.1,1.4,0.1,-1.5,-1.6,1.4,-1.6,0.4,0.2,-1.6,-0.8,-0.8,-0.8,-2.7,-2.3,-2.8,-2.9,-3.0,-0.1,0.1,-0.5,3.5,3.3,3.9,2.8,2.2,-2.0,-3.4,-1.6,0.3,-0.1,-1.6,0.0,1.0,0.1,-0.6,1.8,3.4,-0.2,4.6,0.6,0.3,1.4,1.5,2.0,2.6,5.1,2.1,2.4,1.9,2.0,2.3,2.8,1.4,1.5,2.5,3.2,1.2,1.4,0.1,2.5,2.3,0.4,1.7,1.2,0.3,3.3,-1.0,2.7,0.7,0.1,-0.2,0.4,0.4,1.9,3.3,0.1,-0.3,0.4,-0.2,1.0,-1.1,-0.1,2.6,-1.2,1.4,-0.5,6.9,5.1,5.2,4.5,1.0,3.5,4.2,1.6,1.2,0.9,1.3,-0.1,2.4,3.9,3.8,1.8,2.4,2.0,1.7,4.4,4.9,2.0,2.7,2.8,3.3,4.6,4.6,3.3,5.1,6.7,6.4,5.0,4.8,4.7,4.0,5.9,7.1,5.1,3.5,6.2,6.2,9.4,8.4,6.6,4.3,0.2,3.9,9.6,10.8,12.9,6.5,3.3,6.7,8.2,8.9,5.4,4.3,9.4,6.1,3.8,7.0,5.3,7.4,1.4,2.3,6.5,6.4,5.0,6.0,-0.8,-3.1,5.1,3.4,0.9,8.8,6.3,-2.4,6.8,2.4,0.9,4.3,-1.5,2.6,6.2,4.0,8.7,6.2,3.2,-3.6,0.5,4.4,3.4,1.3,7.1,-0.2,3.6,0.9,5.3,-1.4,-4.0,0.1,-1.1,4.2,-0.1,5.0,5.1,-1.5,5.3,3.4,1.5,1.6,2.2,2.2,1.0,-0.2,8.3,23.1
2C7L516V66,0,48.103156,11.630067,4442451.59,2777961.5,536.2,581.9,249,7382,3.9,0.72,0.44,32.66,348.96,-0.53,-0.103,0.842,-0.3,0.2,-0.33,0.3,0.5,0.3,-0.3,5.0,0.3,-0.1,-2.9,-0.0,0.1,-2.1,4.5,-3.8,-1.4,2.2,0.4,3.2,5.6,0.7,-0.2,-0.3,-3.2,-5.1,-11.8,-9.8,-8.1,7.4,3.9,-0.1,2.6,5.7,-1.8,3.9,0.3,-13.4,-1.3,-1.2,-2.4,-1.7,1.2,-1.7,3.1,-3.3,-1.0,1.5,4.3,15.0,5.9,8.8,-8.4,-0.0,-1.4,-0.1,-3.0,4.9,-1.1,-2.3,-1.4,-1.5,-0.7,4.0,-0.3,-1.6,2.2,2.4,-0.5,-1.7,2.1,8.1,-2.3,-2.5,-1.5,0.9,-1.7,-0.9,-4.6,-3.2,-2.5,-1.8,-1.9,2.1,-1.4,-0.3,1.5,-2.3,-3.2,-0.6,2.2,1.9,0.4,-0.2,-2.6,-1.3,3.6,-6.5,2.5,1.6,2.5,3.2,1.1,-1.8,3.3,-1.5,8.2,-2.2,-2.1,-2.9,-3.1,2.0,1.3,-2.0,0.4,-1.3,-1.6,-1.1,-2.0,-1.9,-1.2,-0.9,-1.7,-2.2,-1.1,0.8,0.1,1.0,2.1,1.2,-2.0,0.1,-0.2,0.3,7.0,4.6,1.9,-2.3,-3.8,5.3,2.8,-0.1,-1.0,-3.3,-3.1,3.2,18.0,3.2,-3.7,1.9,1.1,6.0,-5.1,1.3,-0.5,6.1,5.1,-2.7,5.8,-2.0,0.2,-3.1,-1.8,0.2,2.9,1.3,-6.6,-6.4,-7.2,-4.7,-1.9,-4.6,1.9,2.8,-4.2,-1.6,-7.0,-4.0,3.9,-2.2,-3.2,-1.1,0.3,-1.7,3.8,-2.9,-2.9,-2.1,0.2,-0.8,-3.5,-0.9,-3.8,-1.5,-2.0,-1.3,-2.7,10.6,-10.6,3.8,-0.5,7.4,0.1,-0.7,-7.2,-5.3,-2.4,-3.3,-1.8,-1.9,6.2,1.7,-1.9,-2.9,-2.2
2C7L516V8M,0,48.104182,11.63806,4443044.5,2778088.69,535.0,580.7,249,7522,4.4,0.65,0.44,32.7,348.96,-0.53,-0.103,0.842,-0.3,0.2,0.59,0.34,0.5,0.3,-0.3,-1.1,0.6,-4.0,-5.5,1.2,-1.4,-1.8,-5.9,1.1,4.0,-0.8,3.8,7.7,1.6,-9.7,0.9,6.8,3.2,11.7,-1.3,-2.3,2.1,0.1,1.8,2.6,16.9,0.6,-2.5,-0.3,-8.7,4.0,10.8,-6.6,5.8,14.2,-8.3,-0.3,3.8,-3.0,7.0,-1.2,-2.5,-5.1,-2.8,-1.6,-3.6,2.1,1.7,-0.5,0.9,10.0,-2.5,-5.8,-2.8,-1.9,-1.2,5.2,-5.0,-0.3,-3.9,-2.3,-1.5,-1.9,-0.7,-9.0,-2.4,-2.3,12.2,-0.6,-1.6,-6.3,-1.5,-2.9,0.5,2.7,0.8,-9.9,-0.3,-3.6,-3.9,3.1,-1.0,-0.4,11.0,-6.5,-6.9,-0.2,1.6,-6.5,3.4,0.5,-0.3,2.7,-3.6,8.3,-7.8,1.0,-0.8,-2.2,-0.3,-0.1,-3.9,-3.4,2.8,-8.2,3.0,-2.2,3.5,-6.6,0.4,4.2,1.0,-5.5,1.7,0.5,-0.1,-6.0,2.5,1.8,0.0,4.8,-0.3,-0.2,2.6,-1.3,3.3,-1.8,1.0,-0.5,-2.4,-3.6,1.7,3.0,-1.9,1.0,-2.6,-4.8,-5.0,4.1,-1.0,2.7,-1.5,-0.7,-1.1,-2.0,-5.2,2.4,-3.5,-2.0,-0.3,-4.6,-5.2,-1.1,-3.4,-1.6,-2.0,5.6,-0.8,2.6,-3.9,-0.7,-11.7,2.8,-7.7,-4.1,2.7,-7.5,-2.5,-7.9,-3.2,-2.9,-5.2,-2.2,0.4,-3.2,-1.5,-2.4,-4.6,13.6,0.2,-1.4,-1.0,-4.4,-1.3,0.9,-4.8,-0.8,0.4,-3.9,-0.8,-5.3,6.8,0.5,-4.3,10.1,-0.4,2.2,-0.6,-3.1,-1.2,2.6,7.8,4.7,-4.8,-2.0,-0.9,-5.0,0.5
2C7L516V8N,0,48.104186,11.638091,4443046.82,2778089.19,533.7,579.4,249,7523,1.8,0.92,0.26,32.7,348.96,-0.53,-0.103,0.842,-0.4,0.1,-0.08,0.14,0.4,0.1,-0.3,-0.1,1.0,-1.8,-1.5,1.4,-0.6,1.9,-1.1,-0.4,0.4,-0.0,1.9,-0.9,0.7,-1.1,0.2,-0.4,-0.0,0.3,-3.5,-1.4,-1.3,1.0,-1.1,1.4,2.5,-0.1,-1.2,1.8,-2.7,3.8,-3.9,-2.6,-6.3,-1.2,-1.6,-1.5,1.3,-1.5,1.1,0.7,0.3,-1.4,-2.3,-1.6,-2.2,1.5,0.1,-0.1,0.0,2.3,-0.5,-3.1,-1.0,-0.5,-1.2,0.6,-2.4,0.8,-0.4,1.7,-0.6,-4.4,-1.5,-12.0,-0.7,-1.7,1.7,-0.9,-0.6,-1.7,0.8,-0.8,0.2,2.0,0.1,-3.8,0.7,-2.6,-0.9,-2.5,-2.1,0.0,2.1,-2.6,-1.8,-0.4,-1.2,-1.6,-0.4,-2.1,-3.1,-3.4,-3.4,-2.8,-5.7,-0.1,-1.6,-1.3,-0.8,-0.5,-0.9,-0.8,0.6,-0.9,0.6,-1.5,-0.7,-3.3,-0.7,-1.8,1.2,-2.0,0.8,-0.1,-2.0,-2.7,1.5,0.3,-0.8,-0.7,-0.7,-0.7,-0.1,-0.4,2.9,0.9,-0.1,-0.7,-2.0,-1.3,-0.7,-1.5,-0.7,-2.7,-2.2,-2.3,-0.8,1.9,1.2,0.3,-2.7,-1.6,-2.8,-1.0,-0.2,2.2,-1.3,1.2,0.1,-1.7,-0.4,-1.2,-2.1,-1.4,-0.6,-0.4,-0.0,-0.2,-1.5,-2.6,-5.4,-5.1,-6.3,-5.7,1.1,-1.3,-1.5,1.4,-1.5,-3.1,-3.5,-4.6,-0.1,-2.7,-1.8,-2.2,-2.1,-7.8,-1.8,-2.4,-1.8,-2.7,-2.6,-1.7,-3.2,-1.0,-3.6,-3.9,-1.3,-4.7,-3.0,-2.0,-2.8,0.9,-2.1,-2.7,-4.5,-2.4,-2.9,-3.5,-0.5,-1.0,-2.1,-1.0,-1.5,-2.1,-2.1
2C7L516V4e,0,48.10251,11.624894,4442067.72,2777881.24,532.9,578.7,249,7292,4.5,0.67,0.55,32.64,348.96,-0.529,-0.103,0.842,-0.7,0.2,0.23,0.34,0.3,0.3,-0.3,0.5,-0.2,-4.8,0.7,-2.0,-0.5,-0.4,-1.6,-1.3,-1.4,0.7,-0.2,0.1,-1.1,-5.2,-0.7,-0.8,-3.8,-1.4,-4.1,-1.4,3.3,0.4,-1.0,4.3,-2.2,4.7,4.7,2.4,-4.0,-8.9,1.4,-16.0,0.9,2.4,3.6,-17.0,3.2,7.2,6.1,6.2,2.2,5.0,0.0,0.2,1.2,0.5,-1.8,1.5,0.6,-6.6,-0.7,0.6,0.4,1.8,-4.1,4.0,2.5,1.2,-3.5,1.8,-4.2,4.0,4.6,0.3,-0.7,0.2,1.6,-3.3,0.9,-1.4,0.3,-0.6,0.2,2.6,1.0,0.0,0.3,0.2,2.8,3.7,-1.3,-0.6,0.5,4.6,1.7,-8.1,-1.0,2.3,3.5,-1.3,0.3,-3.4,-5.1,-3.7,5.8,3.7,2.5,6.5,4.2,-3.2,0.6,-2.7,0.8,-0.3,-4.6,-4.1,-5.4,-6.4,-8.0,-8.3,-6.5,-3.8,-2.3,-1.1,-7.9,0.2,-7.1,-4.7,-7.1,-9.1,-5.9,-14.3,-5.9,-10.9,5.6,-1.7,-1.1,-8.4,-9.1,1.2,-10.4,-11.4,-5.2,-6.4,-8.6,-1.8,-7.8,-3.8,-3.0,-2.7,1.3,-1.2,-2.9,-4.2,-2.8,2.4,-2.1,-3.8,-0.9,-2.4,-3.0,0.5,1.5,0.2,0.6,-3.3,-1.3,3.9,0.5,0.9,-2.9,2.8,-11.8,-3.4,2.4,0.6,-0.8,4.6,3.1,-19.0,2.2,-4.0,-0.8,-0.5,2.8,0.1,-1.8,0.6,-3.2,-0.4,-3.3,-2.7,-1.9,-2.5,-0.2,-2.5,-1.9,-2.7,-1.5,-13.7,-6.1,-6.1,-4.2,0.2,-0.9,-1.3,0.5,-3.4,-19.8,-0.1,-2.3,-3.7,-2.2,-1.2,-19.6,-0.5,1.7
2C7L516V4f,0,48.102535,11.625085,4442081.9,2777884.27,539.5,585.2,249,7293,3.3,0.79,0.42,32.64,348.96,-0.529,-0.103,0.842,0.4,0.2,-0.12,0.25,0.6,0.2,-0.3,-0.7,-0.7,-3.6,0.0,-0.4,-0.0,-2.7,1.9,-0.5,-1.0,1.4,1.7,-1.2,-0.0,-4.0,-0.4,0.4,-0.4,-1.3,-0.3,-0.6,1.2,1.9,-0.2,0.6,-1.0,1.7,2.1,1.2,-2.4,-13.9,-7.3,-9.2,-3.9,-1.6,2.0,-9.0,2.1,-8.1,-13.6,12.3,2.2,-12.4,-0.2,-1.0,-1.2,1.6,-0.6,-2.0,1.3,-4.5,-2.5,-1.8,-0.7,-1.5,-2.7,-1.0,0.6,-4.4,-5.2,-0.8,-0.4,6.3,-1.1,1.1,0.2,-0.8,4.2,-3.5,-4.5,-1.5,-4.8,0.5,-1.5,-12.2,1.1,-2.7,-3.5,0.7,3.5,-1.1,-0.9,-2.0,0.4,-2.2,2.9,-4.3,-2.0,1.1,-0.7,0.1,-0.9,-2.4,-2.9,-6.5,2.3,1.7,1.6,-3.2,-0.8,1.4,-0.8,-0.5,-2.3,-1.0,-1.1,-3.2,-0.2,-4.5,-4.1,-3.7,-4.5,-0.0,-0.7,-0.7,0.2,-0.6,-2.8,0.9,-1.0,-3.0,-2.3,-2.3,-3.5,-0.8,0.1,1.2,0.6,-0.8,-3.5,0.2,-2.7,-4.5,-2.7,-5.1,-5.5,0.5,-3.4,1.0,0.1,0.1,1.8,-0.4,0.0,0.1,-0.5,4.0,2.4,3.0,0.9,-0.7,0.3,3.1,2.6,-2.9,3.2,-1.2,1.8,-11.6,1.2,1.8,6.2,2.9,-5.4,-1.7,4.0,0.9,11.9,2.8,0.3,0.6,-2.9,1.2,-1.6,1.5,-0.0,-0.3,1.0,8.0,-0.0,-2.5,1.8,2.5,0.0,0.0,0.2,-0.6,-1.9,0.9,-1.9,5.3,-2.6,-6.7,-3.6,-2.1,-0.9,-0.5,-2.9,-3.1,-2.2,1.8,-1.6,-1.6,-0.6,-0.9,-2.0,-1.0,1.6
2C7L516V4g,0,48.102523,11.624996,4442075.31,2777882.87,532.4,578.1,249,7294,3.8,0.67,0.46,32.64,348.96,-0.529,-0.103,0.842,-0.1,0.2,-0.86,0.29,2.1,0.3,-0.3,0.0,1.1,-2.7,-0.3,-0.9,-0.4,-1.7,-0.6,-1.2,0.1,-0.2,-0.2,-4.3,-2.2,-3.4,-1.9,-5.6,-7.6,-5.5,-6.5,-3.9,-1.2,0.3,-2.8,-2.9,1.0,2.4,-1.0,0.6,-4.2,-11.7,-8.7,-7.8,-3.3,-4.8,-5.0,-3.4,-1.9,-3.8,-6.3,-3.4,0.9,-3.9,-4.4,-6.0,-0.4,-2.1,-5.3,-1.8,-1.8,0.7,-0.5,-0.2,-0.3,-3.0,-0.1,-0.6,0.3,-0.4,-2.1,1.5,-0.7,11.2,1.3,-0.9,-0.3,0.7,-1.6,-2.0,-2.4,-1.0,-2.9,-0.4,-1.7,-4.0,-3.8,-5.0,-4.6,-2.0,-9.3,-1.2,-4.7,-2.5,-2.6,-0.1,-2.0,-1.8,-4.6,3.3,-5.4,-3.1,0.2,-1.9,-1.2,-5.5,-5.1,5.8,-2.9,-4.7,-7.8,-9.4,-5.2,-5.4,-4.8,-4.4,-2.8,-2.9,-1.1,-2.8,-4.4,-1.9,-0.2,-1.9,1.0,-2.3,-1.3,-4.6,0.4,6.6,0.6,-2.6,1.1,1.4,-1.9,-2.6,-3.4,2.5,-8.4,4.0,4.0,-3.1,1.0,5.1,-4.0,-6.4,-7.1,-5.0,2.1,-0.9,0.1,-0.7,2.9,-0.3,3.2,1.0,0.2,-1.0,4.2,5.6,3.5,-0.8,-1.9,2.3,3.1,-0.9,0.5,-0.5,0.7,-7.7,-1.2,-8.0,-15.0,-8.9,-0.7,-1.5,-5.8,5.7,-9.8,-0.4,1.7,3.5,0.5,-3.9,0.9,2.9,2.4,3.6,4.7,-13.5,1.9,-2.1,3.0,-1.8,-0.4,1.2,-2.6,0.2,-6.1,9.3,-19.5,-11.6,-3.6,-1.4,0.9,-13.5,-10.8,-8.9,-4.6,-9.3,-7.2,6.6,6.0,-11.1,-0.6,-2.0,-4.4,-9.1,-3.2
2C7L516V4h,0,48.10255,11.625205,4442090.8,2777886.17,539.7,585.4,249,7295,3.3,0.76,0.43,32.64,348.96,-0.529,-0.103,0.842,-1.6,0.2,0.11,0.25,1.4,0.2,-0.3,-9.6,-2.8,5.8,2.6,2.4,1.4,-6.2,1.0,-0.9,3.5,1.4,-0.4,1.1,1.8,-4.3,-5.6,-4.2,-4.7,-3.7,-6.0,0.2,-3.3,-1.5,-7.8,-0.3,-4.4,-0.1,-2.8,-1.9,-5.5,-15.8,-9.9,-7.8,-7.1,-6.3,-6.2,-0.9,-3.3,1.3,-0.5,-0.5,-1.7,-3.1,-5.5,-2.4,-0.6,-3.3,-2.3,-2.0,-2.9,3.2,1.4,1.9,0.8,-2.2,1.2,-1.6,-3.2,3.7,2.9,-13.8,-11.2,-11.2,-15.6,-2.3,7.0,-1.9,-7.0,0.1,-3.1,-2.4,-7.8,-3.7,-3.4,-1.1,-6.7,-6.4,-8.1,-3.5,-6.8,-4.4,-5.1,-6.6,-5.3,-3.4,-6.9,-5.8,-11.5,-9.3,-6.1,-5.9,-7.2,-8.0,-6.0,-7.2,-3.0,-12.0,-5.7,-4.6,-3.8,-4.0,-7.4,-1.6,-6.6,-7.2,-5.6,-4.0,-3.8,-4.8,-3.8,-2.0,0.1,-1.3,-3.1,-4.7,-2.2,2.8,-2.0,-6.6,-4.3,-6.2,-1.9,-6.3,-5.4,-3.8,-3.7,-4.0,-6.4,-5.9,-9.3,-3.9,-5.6,-6.0,-7.4,-9.6,-9.4,-6.8,-10.6,-4.6,-5.4,-4.6,-8.0,-8.2,-3.3,-7.2,-3.5,-17.2,-4.7,-5.9,-4.8,-13.7,-3.4,-3.6,-5.8,-3.0,-8.4,-9.4,-8.4,-5.7,-6.9,-7.9,-5.7,-7.6,-10.0,-9.6,-6.2,-8.0,-5.8,-4.1,-6.7,-7.3,-11.7,-9.5,-5.5,-7.6,-7.2,-8.2,-9.6,-19.8,-5.7,-7.5,-7.3,-6.0,-8.8,-5.3,-8.5,-12.2,-7.4,-8.0,-10.7,-10.7,-9.3,-11.2,-11.2,-8.9,-10.9,-10.9,-10.9,-15.0,-7.8,-10.7,-10.0,-8.8,-5.6,-10.3,-7.8,-10.1,-6.2
2C7L516V5U,0,48.10293,11.628166,4442310.52,2777933.29,547.4,593.1,249,7344,4.0,0.7,0.5,32.65,348.96,-0.53,-0.103,0.842,-1.0,0.2,0.07,0.31,1.1,0.3,-0.3,0.2,11.4,-9.5,-2.1,-12.9,12.6,4.8,0.6,6.5,-7.3,4.7,-4.9,-0.7,-6.0,-7.2,-4.3,3.6,-5.0,2.3,-5.0,-6.6,-4.6,-0.9,0.2,3.8,-5.5,-2.5,-5.2,-14.4,-10.3,-13.6,-1.8,-5.1,-2.7,-3.7,-3.1,1.1,-4.9,-0.8,-5.9,14.0,-2.4,-3.7,-3.4,-2.3,-0.4,0.0,1.3,-3.2,0.4,-0.7,-1.9,-2.5,-3.0,-3.1,-4.2,-5.5,-1.6,-1.6,0.3,-3.2,13.0,5.8,-4.8,1.4,-7.5,-1.2,5.3,-4.8,-5.1,-6.5,-5.8,-6.5,-4.7,-4.7,-4.0,-4.3,-3.8,-1.5,-4.5,-5.7,-8.0,-9.5,-12.9,-0.4,-8.0,-2.2,-5.3,-3.2,-1.8,2.4,-0.6,-1.4,-2.1,-10.7,-1.9,-3.2,-2.3,-2.9,-2.2,-3.1,1.5,-1.4,-3.4,-3.7,3.1,-6.3,-7.9,-6.4,-6.3,-4.9,-4.0,-1.0,-2.6,-2.8,-2.1,-3.0,-4.0,-4.0,-2.2,-2.6,-1.8,-3.0,-3.5,-5.1,-3.2,-2.5,-4.9,-7.0,-6.5,-0.0,-2.3,-7.0,-6.6,3.3,-2.1,-1.7,-11.4,-0.1,-6.9,-6.9,-1.7,-9.3,-3.5,-6.4,-2.3,-9.4,-7.2,-3.2,-5.5,-5.6,-8.3,-2.5,-7.2,-3.2,-9.7,-6.0,-3.6,1.0,2.2,-7.3,-7.8,-1.5,-10.8,-9.3,-8.4,-0.4,-5.0,4.5,-4.1,-3.0,-6.7,-11.3,-1.7,-6.2,-2.8,-2.5,-8.6,-4.3,-5.5,-3.1,-4.2,-2.9,-5.6,-4.1,-8.9,-8.6,-3.9,-5.8,-9.1,-4.8,-10.3,-3.1,-9.9,-6.9,-12.1,-9.4,-4.0,-8.3,-9.7,-5.0,-5.9,-8.7,-2.7,-5.0,-4.3,-3.2,-8.4
2C7L516V5i,0,48.103012,11.628801,4442357.59,2777943.4,540.7,586.4,249,7358,2.8,0.82,0.39,32.65,348.96,-0.53,-0.103,0.842,-1.0,0.1,-0.81,0.22,0.6,0.2,-0.3,-3.2,2.1,-0.9,0.2,-2.5,0.5,-1.0,0.8,-1.9,0.8,2.0,-1.4,1.4,-0.9,0.0,1.4,1.5,1.4,-0.2,0.1,-0.5,0.6,0.9,2.6,4.5,5.3,2.8,-3.4,-1.7,-0.2,-4.1,-1.7,-0.2,2.0,-1.7,5.0,0.4,3.2,7.2,5.1,1.9,-0.3,4.7,3.6,2.7,1.2,-0.1,0.8,2.1,4.1,3.9,2.3,1.9,1.9,2.7,3.7,3.7,2.9,1.9,4.5,5.3,-0.2,1.5,0.6,-1.2,6.9,7.4,-1.0,5.1,5.7,1.8,4.6,0.5,2.9,5.2,2.7,3.1,3.1,1.2,-1.1,-1.0,-0.2,-0.2,-1.1,-0.3,1.6,1.5,1.8,0.7,2.7,-1.2,1.0,-1.8,0.6,2.8,1.4,0.3,2.4,-2.1,-1.3,-7.4,-3.6,-4.8,-1.9,0.2,0.9,-0.2,-1.4,-0.2,0.9,3.3,5.1,5.2,3.7,0.6,4.9,1.9,3.0,3.7,-0.4,3.2,3.6,2.9,0.2,1.4,2.4,4.2,2.6,2.0,-0.4,3.2,-0.9,-0.9,-3.4,0.8,-2.0,-2.1,-5.4,3.5,-1.1,5.9,-2.5,-0.5,-2.5,0.1,-0.6,1.6,-2.0,-0.1,-2.2,-2.7,-2.7,1.0,-1.8,-0.8,-0.1,-0.4,1.1,-0.7,-1.6,2.1,3.6,2.1,13.0,-3.9,-4.6,-5.5,11.3,-4.2,-2.7,-1.8,-7.8,-9.8,-8.5,-5.8,-0.4,-0.4,-0.4,-3.9,-0.5,-2.0,-1.4,-2.8,-2.4,-1.2,-0.9,-3.5,-2.8,-1.8,-4.5,-6.8,-8.8,0.9,0.4,-0.5,-3.1,-0.4,-4.4,-2.4,-5.2,-4.5,-3.7,-2.3,-2.2,-2.3,-3.3,-4.4,-4.0
2C7L516V6F,0,48.103237,11.630553,4442487.61,2777971.3,535.2,580.9,249,7391,1.2,0.97,0.2,32.66,348.96,-0.53,-0.103,0.842,-0.8,0.1,-0.02,0.09,0.1,0.1,-0.3,-0.4,-0.8,-0.0,-0.1,-0.3,0.6,0.4,0.7,0.8,1.2,0.8,1.4,0.4,0.1,-1.4,-0.6,-0.3,-2.5,-1.6,-3.0,-0.8,-0.7,0.3,1.1,1.7,0.9,1.6,1.5,2.0,-0.6,-0.6,-4.9,-3.1,-2.2,-1.2,-1.7,0.3,-0.4,0.5,-1.3,-0.3,-1.0,-1.1,-1.4,-1.5,-2.0,-1.2,-1.4,-0.7,-0.3,0.3,0.2,-0.6,-0.6,-0.5,-0.6,-0.8,-1.3,-0.1,-1.4,-0.8,-1.7,-0.2,-1.7,-0.5,-1.5,-0.7,0.6,-2.3,0.5,1.2,-0.8,-0.2,-1.0,-1.4,-2.0,0.1,-1.0,-1.4,-1.0,-1.3,0.2,-1.1,-1.2,-0.6,-1.7,-0.7,-0.7,-1.9,-1.1,-2.0,-2.5,-2.5,-2.4,-2.6,-0.5,0.2,-0.8,-0.7,-1.3,-2.0,-1.8,-1.8,-0.4,-1.0,-0.9,-1.1,-1.7,-0.5,-0.5,-1.9,-0.8,-2.1,0.1,-2.1,-1.4,-1.2,-2.2,-1.5,-2.6,-3.2,-2.1,-1.4,-2.0,-2.6,-2.1,-0.5,-0.9,-1.6,-3.3,-3.6,-1.3,0.0,-0.6,-3.1,-3.3,-2.0,-4.9,1.4,1.5,-0.7,-0.9,-1.5,-2.1,-1.2,-2.3,-1.1,-4.1,-2.9,-3.8,-1.9,-4.1,-4.4,-2.6,-3.2,-2.2,-1.6,-1.3,-1.6,-2.0,-2.9,-5.1,-3.5,-4.9,-5.0,-1.6,-2.9,-3.9,-1.3,-0.7,-2.3,-4.5,-5.1,-3.1,-3.0,-3.7,-4.9,-4.2,-3.1,-3.2,-4.4,-2.9,-3.8,-3.2,-3.3,-3.3,-5.0,-2.2,-3.5,-5.3,-7.8,-3.6,-3.8,-2.9,-3.1,-4.0,-5.0,-4.8,-4.6,-3.4,-2.6,-2.5,-3.1,-2.4,-2.0,-3.2,-5.1,-4.5
2C7L516V6J,0,48.103275,11.630845,4442509.23,2777975.93,537.7,583.4,249,7395,1.2,0.94,0.15,32.66,348.96,-0.53,-0.103,0.842,-0.7,0.1,-0.35,0.09,1.2,0.1,-0.3,-1.4,-0.8,-1.7,-1.0,-0.1,5.0,-1.6,0.5,0.3,1.9,-0.7,2.3,-0.1,-0.8,-1.1,0.5,-1.0,-2.5,-2.2,-2.9,-3.2,-2.2,-0.8,-0.5,-1.0,0.6,-0.7,-0.1,-3.2,-1.9,-4.0,-5.5,-4.3,-5.6,-3.3,-2.4,-1.3,-0.6,-0.4,-2.2,-2.0,-0.5,-2.1,-1.3,-1.7,-1.6,-3.2,-3.2,-2.0,2.1,-2.0,0.6,-1.1,-1.1,-1.6,-0.6,-0.8,0.0,0.2,-0.3,-1.0,0.7,1.3,-1.4,1.3,-0.9,-1.7,1.2,-0.1,-1.7,-0.2,-1.5,-0.1,-0.7,-1.0,-1.0,-1.2,-2.1,-0.4,-1.7,-2.0,-2.0,-2.1,-2.2,-2.1,-2.8,-2.4,-2.1,-2.6,-2.7,-2.8,-3.5,-2.6,-4.0,-2.3,-2.2,-1.4,-1.0,-1.1,-2.6,-2.0,-1.7,-1.5,-0.8,-0.7,-2.5,-0.9,-2.4,-0.6,-2.8,-1.4,-0.9,2.5,0.8,1.4,-0.1,-0.0,-0.7,-0.5,-1.1,-0.4,0.1,-1.0,-1.7,-0.8,-0.8,-0.4,-0.9,-1.5,-5.0,-2.3,-2.8,-1.0,-1.2,-3.6,-3.6,-3.5,-6.0,-0.2,0.1,-1.5,-3.4,-3.5,-2.8,-2.4,-1.8,0.7,-0.5,-1.6,-1.2,-1.1,-2.3,-2.2,-1.5,-2.4,-2.7,-2.8,-3.2,-2.0,-2.9,-4.0,-4.5,-2.0,-5.7,-5.8,-1.0,-3.8,-5.4,-2.0,-2.4,-2.7,-5.0,-5.7,-2.0,-2.8,-0.6,-2.4,-2.4,-0.3,-2.3,-3.1,-2.7,-2.4,-3.2,-3.1,-4.0,-3.2,-2.6,-4.5,-6.1,-7.2,-3.5,-4.8,-3.6,-3.1,-3.8,-5.1,-4.5,-6.1,-4.3,-4.9,-3.8,-5.3,-3.1,-2.2,-4.3,-4.6,-3.7
2C7L516V6K,0,48.103278,11.63087,4442511.09,2777976.33,536.1,581.8,249,7396,0.9,0.97,0.13,32.66,348.96,-0.53,-0.103,0.842,-0.8,0.0,-0.29,0.07,0.6,0.1,-0.3,-0.5,-0.1,0.1,-0.6,0.2,0.4,-0.6,0.5,0.1,0.8,-0.7,-0.6,0.6,0.1,0.4,0.1,-0.3,-1.5,-2.3,-2.5,-3.0,-1.8,-1.5,-0.7,-1.0,0.4,-0.5,-0.7,-0.4,-2.3,-2.9,-4.9,-3.6,-3.0,-2.7,-2.2,-0.6,0.3,0.3,-0.3,-1.3,-0.4,-1.1,-0.5,-1.4,-0.7,-1.8,-1.4,-1.7,1.6,-0.3,-0.4,-1.0,-0.8,-1.1,-0.6,-1.3,-1.3,-1.0,-1.2,-2.0,-1.1,-0.1,-1.5,-1.5,-2.6,-1.6,-1.6,-1.3,-1.6,-1.4,-1.5,-1.3,-1.3,-0.9,-1.5,-1.7,-1.7,-0.9,-1.6,-2.3,-1.8,-1.8,-1.8,-1.3,-2.1,-2.2,-1.8,-2.7,-1.6,-2.6,-2.5,-2.9,-3.1,-2.0,-1.3,-1.1,-0.9,-0.7,-2.2,-2.0,-1.4,-1.5,-0.3,-1.1,-1.4,-0.9,-1.5,-0.6,-1.5,-1.1,-1.5,-0.8,-0.9,-0.6,-1.4,-1.4,-1.7,-0.8,-1.7,-2.2,-1.2,-1.7,-2.1,-1.0,-0.9,-1.7,-1.1,-1.4,-4.1,-2.6,-1.7,-1.1,-1.3,-3.0,-4.0,-3.1,-5.6,-0.8,0.6,-1.4,-2.8,-3.0,-2.5,-2.7,-2.0,-0.9,-2.0,-2.3,-0.7,-2.0,-2.0,-2.1,-2.0,-2.1,-2.6,-2.0,-2.2,-2.1,-3.2,-3.8,-5.0,-1.9,-6.0,-5.2,-1.8,-2.7,-5.1,-1.2,-3.1,-2.6,-5.4,-5.2,-3.0,-3.8,-2.3,-3.6,-2.6,-2.4,-2.9,-3.4,-2.8,-3.6,-3.7,-3.3,-3.5,-4.0,-3.9,-4.8,-6.7,-7.0,-4.3,-4.8,-4.2,-3.3,-4.3,-5.7,-5.6,-5.7,-5.0,-5.0,-4.7,-4.9,-4.4,-3.2,-4.6,-4.9,-5.1
2C7L516V6k,0,48.103488,11.632507,4442632.55,2778002.37,543.8,589.5,249,7422,4.4,0.62,0.48,32.67,348.96,-0.53,-0.103,0.842,-1.1,0.2,-1.14,0.34,0.9,0.3,-0.3,0.4,-1.1,2.8,3.2,5.0,-0.8,1.1,2.5,-2.8,0.5,-1.7,2.1,-2.7,-6.6,0.3,-5.2,4.1,-8.1,3.2,-11.8,-1.6,3.7,-5.0,-1.5,4.7,-4.9,8.8,2.5,-8.7,6.9,9.9,5.4,1.5,1.8,-11.0,13.1,-1.5,6.4,8.3,3.0,6.5,2.9,-0.3,-3.2,2.5,4.5,0.7,4.3,-1.5,5.4,2.8,4.4,3.9,3.0,4.1,-0.7,4.8,3.2,6.1,0.1,1.0,8.4,1.8,2.2,2.5,1.4,-3.0,0.3,0.3,-1.1,0.8,1.9,-0.2,1.7,1.1,3.6,1.5,2.7,4.0,-2.0,3.3,-2.1,-0.2,3.1,5.8,15.2,0.8,6.4,-11.6,4.2,6.9,-5.5,2.3,-1.1,4.4,0.6,11.2,1.2,6.3,-6.6,-4.1,0.5,17.4,5.0,2.6,11.4,10.7,2.1,4.3,3.3,5.7,1.5,2.5,2.8,2.2,0.3,0.4,6.6,-1.0,-0.4,-11.4,-1.3,0.3,-4.8,0.8,3.3,5.0,3.4,1.6,-2.9,-7.3,2.8,3.6,9.6,2.8,-0.9,-1.7,1.2,3.9,2.2,-3.6,9.4,-1.3,0.3,1.4,3.3,-4.4,0.8,6.7,3.6,-0.5,-1.8,-0.8,5.8,4.9,-0.8,3.0,1.0,1.1,-6.4,-1.2,-9.8,-8.3,-2.9,-1.8,5.6,-6.2,-2.4,0.4,-1.8,1.8,-8.6,-2.4,-6.1,-0.8,-3.0,-6.2,-0.2,1.5,-1.4,-0.6,-2.6,-1.5,-2.0,-1.3,4.6,-2.1,8.3,-2.6,-6.8,-9.8,-6.4,-5.3,-2.0,-2.7,0.8,-7.7,-9.0,-1.8,-5.9,-6.0,-2.7,-0.0,-2.2,-0.8,1.8,-5.8,-2.3
2C7L516V6l,0,48.103493,11.632546,4442635.43,2778002.99,542.9,588.6,249,7423,3.0,0.8,0.4,32.67,348.96,-0.53,-0.103,0.842,-0.7,0.1,-0.5,0.23,0.9,0.2,-0.3,-0.7,3.9,1.2,1.1,2.1,-9.0,3.0,-1.9,-0.1,-5.0,1.8,15.9,-3.6,-0.4,0.4,-3.2,-1.5,-2.9,0.4,0.1,0.9,-2.8,4.8,-5.5,0.9,-4.7,2.8,-6.5,-2.0,-4.5,-7.6,-3.0,-2.6,-1.7,-2.0,1.3,1.3,1.4,2.0,0.2,1.4,-1.7,-0.8,1.6,-0.3,1.3,2.0,0.3,-0.1,0.5,0.2,1.9,0.8,1.2,-0.6,2.0,1.1,0.8,0.6,-1.7,0.8,4.4,2.1,-0.2,-4.1,-3.1,-1.3,-2.1,-0.0,-5.0,-5.4,-3.3,-6.6,-3.3,-0.6,-0.8,-1.4,-1.0,1.8,-0.7,-1.1,-0.6,-0.2,-1.7,1.1,3.9,-0.8,-0.4,-1.4,1.3,-2.6,-3.5,0.2,-2.2,-0.0,-1.1,4.5,2.8,3.7,-5.2,-0.8,-0.9,3.0,3.8,4.0,-0.6,5.1,1.0,1.0,1.3,1.3,1.6,0.2,1.4,1.3,0.0,0.4,1.2,-0.2,-1.6,3.7,-4.1,0.9,-0.7,-2.3,-1.6,0.0,1.4,1.0,-2.0,-1.1,-1.0,-1.1,0.7,0.5,-2.5,-1.5,-3.4,4.4,3.7,-6.9,0.2,-0.2,1.4,-0.3,0.3,-7.4,-1.8,4.4,5.5,-8.0,-1.8,2.3,1.9,-0.9,-4.4,-1.8,-2.3,-1.9,-2.5,-1.9,-4.8,-1.0,-2.4,-3.6,-0.2,0.2,-5.7,-0.2,-0.8,-1.8,-5.9,-9.0,-8.9,-2.6,-7.1,-3.6,-0.4,2.8,-2.2,-0.4,-2.8,-4.2,1.2,-3.0,-0.5,-4.3,-1.0,-2.2,-8.5,-12.6,-7.9,-1.9,-1.0,-3.1,-1.5,-7.7,-5.3,0.9,-2.1,-3.1,-3.3,-0.6,0.0,-1.8,-1.5,-4.7,-2.3
2C7L516V76,0,48.103638,11.633677,4442719.3,2778020.99,539.1,584.8,249,7444,4.5,0.66,0.52,32.68,348.96,-0.53,-0.103,0.842,-0.6,0.2,1.01,0.35,0.7,0.3,-0.3,0.4,1.0,0.7,1.5,0.1,1.2,0.1,0.5,0.5,0.6,1.3,2.0,0.6,0.4,1.0,1.0,0.4,0.1,-2.2,-2.7,-1.8,-3.8,0.3,-1.0,0.7,0.7,-0.1,0.8,-1.2,-2.0,1.0,-5.0,-2.4,-3.9,-2.7,-2.2,2.7,1.5,0.4,1.0,0.5,1.3,-0.9,-1.2,-0.8,-1.2,-1.0,-0.4,-1.2,0.9,-0.9,0.4,0.7,0.5,1.2,-0.2,0.5,0.2,1.2,-0.8,-0.9,1.4,0.5,-0.0,-0.2,0.4,-1.1,0.4,-0.6,0.1,-0.5,-1.0,-0.0,0.7,-0.3,0.1,0.6,0.2,0.1,-1.2,-0.8,-0.5,0.1,-1.0,0.1,-0.7,-0.5,-0.3,-1.7,-1.5,-2.0,-2.0,-0.9,-3.5,0.2,-1.5,-0.7,0.8,-0.6,-3.9,-0.8,-2.4,0.2,0.6,0.1,1.1,0.0,1.7,0.4,0.5,0.7,2.0,3.0,2.3,4.1,-0.1,0.6,-1.2,-2.4,0.8,-4.4,1.8,-2.1,-2.5,-2.2,-0.4,-2.1,-6.2,-5.7,-8.7,0.6,-6.4,-12.2,-9.3,-10.6,-12.7,-4.2,-8.4,-3.7,-3.7,-5.4,-12.1,-15.2,-2.3,5.8,-16.3,1.2,2.5,7.2,-7.3,3.0,7.9,5.2,-10.3,-15.8,-16.9,8.8,-15.4,7.2,2.8,5.0,5.1,-8.0,-18.9,-18.6,6.5,8.0,6.9,-4.7,1.1,-3.0,-2.6,-2.0,-7.3,-3.2,-3.9,-11.4,-9.4,-15.0,-6.6,-3.0,-4.5,-4.8,1.9,-3.5,-1.8,4.3,1.2,2.5,-3.2,-4.4,1.6,-1.8,0.9,-0.4,-2.4,1.5,2.9,-2.6,5.3,-1.9,0.8,-9.3,-8.3,2.9,4.6,2.4,8.1
2C7L516V5n,0,48.103056,11.628997,4442372.1,2777948.59,536.4,582.1,249,7363,2.9,0.84,0.39,32.66,348.96,-0.53,-0.103,0.842,-1.4,0.1,-0.23,0.22,0.6,0.2,-0.3,-0.4,-1.4,0.5,-1.2,-1.3,0.5,-0.7,0.0,-0.4,1.8,-0.3,2.4,0.7,0.2,-0.0,-0.8,-2.7,-0.4,-3.3,0.1,-2.5,1.0,2.1,1.5,-0.7,1.7,-0.8,0.4,0.9,-3.3,-7.0,-2.3,-3.8,-3.7,-4.2,-1.8,0.2,0.4,0.8,2.0,-3.5,-0.6,-0.6,0.5,-4.7,-1.6,-3.8,-2.0,-0.4,-0.6,0.3,-1.4,-0.6,0.2,-0.1,-0.9,-0.6,-2.8,-1.8,-0.7,-0.9,-1.1,-3.3,0.1,-1.5,-0.7,-2.0,-0.6,-1.8,-0.2,-2.1,-0.1,-1.5,-0.2,-0.3,-0.7,-2.2,-1.6,-0.7,-3.6,-1.1,-2.6,1.2,0.9,1.1,-1.5,-3.0,-4.8,-5.3,-2.5,-4.6,1.0,-4.4,-0.4,0.2,1.4,-1.5,0.3,-2.0,0.4,-2.7,-3.1,-3.7,-4.9,-15.7,-2.7,-1.6,-2.7,-6.2,-1.9,7.1,-2.3,-0.4,-0.2,0.1,0.1,-0.6,-2.7,-3.3,-1.3,-0.2,-1.7,0.7,-2.7,-1.9,-2.6,-1.2,-2.3,-0.6,-12.0,-14.9,-4.2,-16.1,-1.4,-2.7,-4.4,-2.7,-6.0,-3.5,0.7,-2.4,-2.2,-0.9,-2.4,-1.7,-4.3,-5.4,-3.0,-4.0,-10.5,-1.9,-3.1,-2.1,-1.0,0.4,-4.8,-3.2,-4.3,-3.3,-5.4,-3.5,-5.1,1.6,-4.5,-3.6,-2.0,-4.1,-6.6,-5.3,-2.6,-3.3,-4.5,-13.1,-7.2,-5.0,-9.9,-8.5,-9.6,-4.2,-4.3,-3.5,-4.7,-7.1,-4.8,-3.6,-6.7,-1.4,-12.9,-5.7,-3.9,-5.8,-12.3,-4.1,-13.4,-4.4,-10.2,-13.3,-4.5,-2.5,-3.1,-11.0,-4.5,-2.5,-8.4,-3.1,-3.9,-7.6,-10.5
2C7L516V5w,0,48.103107,11.629399,4442401.89,2777954.99,531.9,577.6,249,7372,3.3,0.79,0.44,32.66,348.96,-0.53,-0.103,0.842,-0.2,0.2,-0.44,0.25,0.7,0.2,-0.3,2.0,0.9,-1.0,2.7,-1.3,-2.5,-0.0,-0.8,-0.6,0.1,-3.6,0.9,5.8,-0.7,3.1,-1.0,-2.6,-6.6,-7.0,1.1,-0.5,-1.5,-1.3,-2.5,0.7,-0.4,-1.1,1.0,0.5,-0.4,-3.6,-3.5,-0.1,-2.2,-3.2,0.9,-4.0,0.4,-3.0,11.0,-3.0,-1.2,-0.8,-0.7,-2.7,3.2,-1.4,-2.4,-0.4,0.8,0.1,0.4,-1.3,0.2,-3.7,2.0,-0.6,-1.4,-2.6,-2.6,0.8,1.6,0.1,1.1,13.1,1.6,-1.6,5.6,-3.4,0.0,-1.6,-1.1,-5.4,-0.7,-2.2,-2.0,-1.3,-3.7,-0.1,1.4,-3.8,-1.4,-2.1,-3.6,-1.9,4.6,-2.2,3.3,-2.2,-5.7,-5.3,-4.4,0.5,-1.1,1.5,2.1,0.1,2.6,-2.7,-3.7,-6.1,-1.5,-5.9,0.5,-2.7,1.7,1.0,0.1,1.3,-2.5,-1.2,-1.3,-1.5,0.5,-2.1,-2.6,-7.1,-5.1,-2.2,-4.7,-1.5,-1.3,-0.3,-4.3,-2.1,-0.1,-3.4,3.1,14.5,-4.0,3.2,-1.3,2.0,5.9,-1.7,12.7,-3.8,-4.8,2.1,1.3,-4.8,-1.9,-0.9,0.8,-1.1,2.3,3.9,2.3,-0.0,1.0,1.2,1.0,0.4,2.9,2.9,-0.8,-2.5,4.1,-0.8,1.3,-0.0,-3.4,-1.5,-2.8,-6.6,-0.6,0.7,-2.9,-2.8,-4.1,-0.1,-3.4,-7.0,-3.8,-4.9,-0.1,-3.9,-1.2,6.0,2.1,-1.9,1.4,8.6,1.3,-4.2,-0.3,-4.1,-1.0,0.8,-4.7,-3.9,-8.1,-5.2,-2.1,0.6,-1.9,-2.2,-7.1,-4.1,-8.5,-2.0,-2.9,-0.5,0.9,1.0,1.5,-4.3,-5.9
2C7L516V6N,0,48.103324,11.631086,4442527.07,2777981.83,536.7,582.4,249,7399,2.9,0.77,0.41,32.66,348.96,-0.53,-0.103,0.842,0.1,0.1,-0.57,0.22,2.4,0.2,-0.3,0.4,2.0,-1.4,0.6,-1.4,1.9,-2.8,1.2,0.6,1.3,-0.4,2.1,-0.9,2.4,-6.7,-0.0,-18.4,-4.5,-7.2,-4.7,-1.0,0.8,-3.1,-1.5,-3.4,-1.7,-2.3,-0.2,-0.1,-4.5,-4.6,-5.7,-8.9,-6.3,-6.1,-2.8,-3.7,-0.9,-3.7,-1.3,-3.5,-1.5,-4.6,-3.0,1.5,-1.5,-11.2,0.2,4.7,-2.0,-0.1,2.5,-0.8,3.9,-3.1,0.5,1.6,0.7,-1.0,0.8,-1.5,1.9,1.4,-0.0,0.9,0.1,0.4,3.7,-0.5,-1.6,2.4,1.8,0.3,-1.0,-2.7,-2.4,-7.7,0.5,-1.3,0.3,-2.3,-5.7,-4.0,-2.9,-4.5,-7.7,-0.2,0.6,-1.6,-4.0,-3.4,-3.6,-0.7,-7.5,-8.3,-3.1,-1.3,-1.8,-5.5,-3.6,-1.7,-1.8,-0.8,-2.0,-1.4,-0.9,2.4,-5.6,1.0,0.6,0.1,0.5,0.9,-0.2,2.9,2.8,5.2,-0.7,3.9,3.7,-1.5,2.5,1.9,-3.5,-4.3,2.2,1.7,5.2,-3.0,-5.2,-1.2,-4.2,-0.6,-2.6,-7.1,-5.4,-6.2,-6.1,-4.3,2.9,1.2,-1.9,1.6,-1.6,0.3,1.9,4.0,0.8,-0.5,0.6,0.4,3.8,2.1,-1.9,-0.4,1.9,-0.0,-1.3,-3.0,2.2,-0.4,-5.4,-0.5,0.1,-2.3,3.2,5.5,-6.0,-1.3,-5.0,-5.4,-2.4,-4.5,-1.7,-0.1,1.4,-1.4,-0.4,1.2,0.5,-2.6,1.1,3.6,-3.1,-1.0,3.3,1.2,-10.4,-2.1,-1.0,-8.3,-3.3,-9.1,-3.0,-6.1,-2.0,-5.8,-4.4,0.1,2.0,-3.2,-1.2,-3.2,-3.3,-0.8,-0.7,-2.7,4.6
2C7L516V6W,0,48.103387,11.631577,4442563.53,2777989.65,536.9,582.6,249,7408,3.4,0.72,0.46,32.67,348.96,-0.53,-0.103,0.842,-0.3,0.2,-0.9,0.26,1.6,0.2,-0.3,-5.5,1.7,-1.3,-1.2,-1.7,-2.0,-3.1,-2.8,-3.3,0.3,-1.1,1.5,2.6,-5.8,2.5,-1.9,0.2,-3.7,3.1,-4.8,3.0,-7.8,-0.4,-4.7,-7.9,0.1,4.7,2.9,2.5,0.2,1.2,-1.8,-0.8,-3.1,-0.5,-0.2,4.7,0.3,2.6,-3.0,7.3,0.3,1.5,1.8,0.5,-0.6,4.1,4.0,-2.5,3.1,3.9,0.9,1.0,1.3,0.8,6.8,3.0,-1.0,6.7,-0.7,-1.2,-1.2,0.3,0.7,0.3,-2.8,-1.3,0.7,-1.7,-5.0,0.5,1.1,-1.5,1.6,-4.5,1.8,-4.2,-2.2,4.5,0.9,1.1,-1.8,1.1,6.8,1.0,-1.1,-8.1,-1.7,-2.8,0.2,1.4,-3.4,-6.0,-7.3,2.2,4.4,0.6,2.3,1.2,2.0,0.5,5.3,6.6,9.1,-2.3,1.7,6.0,3.8,0.6,5.5,-1.0,1.2,-1.8,2.8,-3.3,1.3,4.6,1.4,-0.6,-3.0,0.9,-1.7,0.4,-3.1,-11.4,-5.6,3.7,-0.8,-1.2,-3.6,-1.3,0.9,1.0,-0.2,-0.4,2.5,3.1,-0.7,4.0,5.5,6.7,13.3,0.5,1.7,-1.0,0.9,4.8,7.5,3.6,3.5,1.7,0.5,5.1,-6.4,-0.7,4.2,-1.9,4.6,3.3,9.7,-0.5,-2.6,-0.5,0.9,-6.1,4.6,-1.3,-1.4,-3.5,0.6,7.7,-2.9,1.7,-1.3,-4.5,0.3,-2.4,2.7,2.2,-3.8,-2.3,-1.3,-10.1,7.4,-1.5,1.3,-7.2,0.1,-1.8,-3.3,-2.7,-5.9,-6.3,-3.4,1.4,-1.0,0.3,-0.0,-0.3,2.1,2.1,-4.6,-5.1,-4.4,1.7,-2.5,-2.7,-2.4
2C7L516V6X,0,48.103394,11.63163,4442567.45,2777990.5,536.4,582.1,249,7409,4.6,0.62,0.5,32.67,348.96,-0.53,-0.103,0.842,-0.7,0.2,0.04,0.35,2.4,0.3,-0.3,-0.3,3.8,0.4,0.0,1.8,0.4,-0.9,1.8,-0.4,-1.3,1.7,-0.5,-0.1,-5.1,-0.7,-1.0,5.6,-0.6,-12.2,-15.7,-9.6,-3.7,3.5,-3.2,-4.0,-0.4,-5.7,-0.1,-0.8,-2.8,-2.0,-6.4,-4.7,-2.1,-1.4,-3.7,-2.0,-0.6,-0.8,0.3,-4.0,0.1,1.9,-0.3,-1.3,-1.7,-2.5,-2.0,-0.2,-1.0,-1.4,2.8,0.1,-0.4,2.5,-13.4,-3.9,0.7,-1.6,0.8,0.7,-12.7,1.0,0.8,-2.7,1.5,4.5,6.4,-1.0,-0.3,-0.7,-3.4,0.8,-1.5,-2.5,-0.3,-1.0,1.8,-0.7,0.9,-0.5,-2.7,0.6,-0.3,-2.3,-5.0,-1.9,-0.6,-2.1,-2.2,-4.6,-5.5,-1.0,-8.1,-21.4,-4.4,2.7,3.0,0.4,-13.3,-17.4,-8.8,0.5,-0.9,-1.0,-3.3,5.9,5.1,-2.0,-5.3,-0.2,-2.3,0.9,-1.0,-2.1,-2.5,-0.5,-3.8,-3.5,-5.3,-0.5,-2.5,-1.8,-1.6,-6.2,3.3,-0.2,3.6,-3.3,-2.3,-9.0,-3.7,3.4,-3.9,-8.2,-7.4,-7.3,-10.2,-6.1,1.6,0.9,-1.8,3.9,-10.2,1.9,-3.4,-17.2,6.0,8.1,-4.1,1.9,1.4,-4.3,0.7,-2.3,-9.6,-3.1,-4.8,2.9,-6.3,-9.8,-10.6,-3.0,-8.2,-9.0,-10.1,-0.6,-5.5,2.4,-11.7,-8.7,-8.7,-10.1,-6.1,-2.2,2.9,2.0,-1.6,6.3,-2.0,-2.9,-1.4,-3.9,-6.3,-3.9,-8.5,-2.7,-0.7,-16.2,-5.5,-3.8,-7.8,2.8,-13.6,-7.6,-4.2,-18.8,-9.5,-1.2,-19.9,-0.9,-2.7,-3.1,-0.9,4.1,3.4,5.6,0.9
2C7L516V70,0,48.103603,11.633261,4442688.4,2778016.44,537.0,582.7,249,7438,1.7,0.9,0.28,32.67,348.96,-0.53,-0.103,0.842,-0.5,0.1,-0.73,0.13,1.3,0.1,-0.3,-0.1,0.2,-0.1,-0.0,1.4,1.0,-0.4,2.7,1.3,1.2,1.4,1.1,-1.1,1.8,-0.8,1.1,-3.5,-1.2,-5.2,-1.2,-3.8,-6.0,-4.3,-3.6,-2.6,-0.1,-1.3,-2.5,-1.8,-3.4,-0.8,-5.9,-3.6,-5.0,-4.8,-3.1,-0.2,-0.8,0.4,-1.2,-0.7,0.3,-2.4,-0.8,-1.9,-0.7,-1.6,-1.6,-1.1,-0.2,1.4,0.9,0.1,0.5,-0.5,-0.4,-0.4,1.8,-0.1,-0.6,0.7,-1.7,-1.2,-3.0,-2.2,-2.9,-2.6,-1.5,-0.6,-1.2,-2.0,-1.5,-0.3,-0.9,0.3,1.1,0.4,0.1,0.3,-0.8,-2.1,-2.4,1.2,-3.4,-0.6,-2.4,-1.0,-0.3,-3.9,0.0,-2.1,0.7,-5.4,-1.6,-2.6,-0.2,-1.1,-1.8,-0.6,-3.9,-1.9,-0.2,-3.4,-0.2,-2.8,-4.5,-0.4,0.9,0.5,1.8,0.5,0.6,2.1,-1.1,0.9,1.2,1.9,-1.0,0.6,1.6,1.3,2.2,0.7,0.1,3.5,0.3,-1.0,-1.4,-2.6,-4.4,0.5,-1.8,-1.2,-2.7,-3.2,-2.6,-1.0,-3.2,-0.9,5.7,-3.7,-3.0,-3.0,0.3,-0.5,-0.2,1.4,2.0,0.4,0.9,-1.4,-5.4,1.0,0.1,2.1,0.2,-0.2,2.4,-0.8,-0.1,-3.3,-3.6,-1.4,-4.7,-4.6,-1.0,-1.3,-2.7,-1.7,-2.5,-3.0,-3.0,-6.6,-3.5,-3.7,-3.0,-2.4,-0.7,-1.8,-1.5,-2.2,-2.7,-2.8,-2.6,-1.5,-2.7,-2.2,-2.4,-5.4,-5.7,-9.1,-4.4,-7.2,-4.5,-3.8,-3.8,-5.0,-6.0,-3.1,-3.6,-3.7,-4.3,-4.2,-2.8,-1.5,-3.6,-2.9,-3.5
2C7L516V3V,0,48.102049,11.62102,4441780.29,2777823.71,542.5,588.2,249,7221,3.0,0.8,0.44,32.59,348.92,-0.529,-0.104,0.843,-0.8,0.2,-0.75,0.23,0.7,0.2,-0.3,-7.1,-0.8,-2.4,1.7,3.7,6.3,2.0,1.4,0.9,-4.9,2.0,-3.2,0.8,2.0,0.3,1.4,0.2,1.0,-0.6,0.5,2.5,0.9,1.0,0.9,2.5,4.4,2.3,5.3,4.1,2.1,-9.0,-3.3,0.3,1.3,-1.9,-1.8,1.5,-0.5,1.6,1.2,1.8,-0.6,2.0,5.5,2.6,3.6,1.6,3.9,4.0,2.5,3.7,1.1,3.2,3.1,4.2,2.1,-1.6,2.8,2.0,0.7,0.7,1.8,2.0,6.6,-13.3,-3.5,4.3,-2.7,2.7,3.5,1.5,5.3,2.1,4.5,6.4,9.2,3.7,5.7,6.3,-0.0,5.5,4.6,1.3,3.0,1.6,-2.6,6.5,-3.2,0.6,-0.2,1.4,-1.6,-3.8,-4.4,-0.2,0.1,-1.1,-0.2,2.6,0.3,1.1,-0.6,3.1,1.6,1.6,1.7,0.9,3.3,1.5,3.0,3.8,2.5,1.8,1.0,2.2,0.5,-1.7,0.5,3.8,3.5,2.3,3.5,2.2,5.0,6.1,2.6,-1.4,5.4,1.5,6.0,1.4,1.0,-3.9,-0.1,-0.6,-1.8,-0.0,-1.9,0.2,0.7,-3.3,1.1,1.2,2.3,2.6,1.5,0.1,0.5,-1.2,1.9,0.7,0.9,0.4,1.5,-0.6,-1.4,-3.0,-0.8,-2.0,-3.5,-4.8,-2.8,0.1,5.9,2.3,-0.3,2.2,-10.1,1.3,-5.8,-6.9,-3.6,-0.9,4.8,3.5,-4.6,-1.2,-0.5,-4.7,-2.5,-1.1,-0.7,-1.3,3.1,-3.9,-2.8,-7.8,-2.1,1.8,-0.8,-4.3,2.1,-5.3,-4.0,-5.1,-3.6,-1.5,0.8,1.3,-7.8,8.0,-1.7,0.9,-1.3,-4.1,-3.9,-3.8,-2.2
2C7L516V4L,0,48.102416,11.623876,4441992.14,2777869.16,536.6,582.3,249,7273,3.7,0.71,0.49,32.63,348.96,-0.529,-0.103,0.842,0.1,0.2,-0.3,0.29,0.9,0.2,-0.3,-2.1,3.2,3.3,0.2,-1.0,1.4,-9.0,2.7,0.2,-2.3,-1.2,0.4,3.6,-1.2,-0.7,9.2,-10.2,-3.9,1.8,-5.6,-6.5,1.2,1.0,-0.5,-1.8,1.5,2.4,1.0,-2.3,0.2,-17.2,-5.1,-6.9,6.9,-4.6,-6.5,-2.3,-1.9,0.7,2.6,-0.9,-1.8,1.5,-2.6,-3.8,-2.7,-3.3,-5.3,-4.9,-4.1,-2.3,-1.1,-2.0,-1.0,-3.8,-2.0,-1.5,-2.8,-4.3,-4.8,-2.3,-1.2,-1.6,-3.5,-0.8,-9.6,-3.0,-4.3,-1.9,-1.7,-3.9,-3.0,-0.9,-5.2,-1.0,-1.4,-2.9,-4.1,1.0,-3.5,-0.0,-4.1,9.1,-7.2,0.9,-4.9,-0.8,-9.7,3.1,-6.4,-4.6,-9.4,-4.1,0.9,-4.0,-2.0,-5.5,-8.5,-6.2,-2.9,-6.4,-5.9,-4.4,-4.9,-6.4,-2.9,-1.7,-2.0,-0.5,-4.1,-6.0,-2.7,3.0,3.2,5.1,-4.3,-4.7,-0.4,6.2,1.7,-6.4,0.1,0.6,0.2,-0.9,5.9,1.0,2.9,-4.4,-1.1,-2.5,0.9,0.2,-3.5,-2.8,-2.1,-2.2,1.7,1.1,3.9,0.2,2.6,0.3,-2.8,2.3,-0.0,3.9,4.0,3.0,3.0,-0.9,-1.2,-3.0,-3.6,4.4,0.5,-1.2,-2.5,0.5,1.2,-1.0,-4.5,1.1,-4.9,-3.0,5.3,-2.9,-0.2,-3.7,-4.3,-3.6,-6.7,-3.8,-2.5,-3.7,-2.8,1.6,-0.4,-2.1,-0.9,-0.8,-1.8,-5.5,-4.1,0.6,0.2,-2.7,-9.2,11.5,-6.9,-7.4,-1.9,8.8,-4.8,-3.4,-4.0,-3.1,-12.3,-5.9,-2.6,-7.8,-7.4,2.3,2.2,0.1,0.1,-5.0,-2.5
2C7L516V4Z,0,48.10251,11.624605,4442046.2,2777880.76,534.2,579.9,249,7287,4.6,0.59,0.78,32.64,348.96,-0.529,-0.103,0.842,-0.3,0.2,-0.8,0.35,1.8,0.3,-0.3,-3.2,-2.7,-3.3,-2.0,-4.0,6.1,0.3,-2.0,-3.2,-2.1,-2.3,-1.9,-0.8,0.4,1.9,2.3,-0.7,0.8,-3.6,-0.2,0.3,-3.0,-1.8,0.9,-3.2,-0.3,1.7,0.8,2.7,-5.8,-12.4,-6.7,-9.0,-3.7,-0.4,-5.4,3.1,-0.6,2.1,-1.1,-1.9,-2.0,-3.3,-3.3,-3.8,1.3,-5.0,-5.8,-1.7,-1.4,2.6,0.2,-0.7,-1.6,1.2,-2.6,0.1,-0.9,-1.4,-1.5,-6.2,-3.9,-3.5,1.5,-0.9,-5.1,-3.7,0.8,-2.1,-0.8,-3.2,0.4,-1.5,-0.4,1.0,-2.6,-0.2,-2.5,-3.7,-4.1,3.5,-7.3,-0.8,-1.3,-1.9,-1.7,-6.0,-2.3,0.4,-3.5,1.6,-9.8,-4.6,-2.5,-0.5,-0.9,0.2,-4.2,0.9,-1.4,-1.5,-6.0,-1.1,2.1,-5.5,-2.6,-1.6,-0.5,13.4,7.0,-2.6,-3.1,-3.3,-2.9,-10.1,5.1,9.9,1.8,3.7,10.1,-12.1,-7.9,-7.9,-14.1,9.3,-11.1,-14.3,-7.5,1.8,-11.8,0.4,3.8,1.7,3.1,6.4,0.6,9.1,-0.2,3.7,8.0,2.5,-8.2,2.8,4.0,4.4,13.1,0.8,2.6,0.9,-0.5,-4.2,4.3,-0.6,-0.5,2.5,0.0,0.0,-3.1,-0.8,0.4,-0.9,3.6,0.6,-14.0,-3.9,6.6,6.0,-0.5,4.8,10.5,2.5,0.3,-3.2,0.0,-1.6,3.6,-5.2,-9.2,4.8,-7.5,-5.9,-11.1,-7.5,-6.6,-5.1,-3.9,-9.3,-8.7,-3.8,-8.9,-6.8,-6.0,-2.5,-7.9,-2.6,0.9,3.3,0.2,13.2,1.1,-5.7,-11.0,-4.1,-6.4,-2.6,-4.9,-7.0,-2.0
2C7L516V57,0,48.102799,11.626854,4442213.06,2777916.52,547.8,593.5,249,7321,3.5,0.74,0.5,32.65,348.96,-0.529,-0.103,0.842,0.3,0.2,-0.84,0.27,1.2,0.2,-0.3,-0.6,1.3,-0.1,-0.7,0.4,0.5,-2.0,4.0,-0.0,-7.6,2.7,0.1,1.3,2.9,0.1,0.2,-1.3,0.5,-3.8,-1.6,-5.4,9.3,-3.3,1.7,0.5,-2.5,-2.5,0.5,-4.0,-3.6,-8.9,-4.5,-5.6,4.6,-3.0,0.5,-0.5,-3.0,2.6,1.5,-1.7,-1.2,0.5,1.5,-3.5,-5.1,-10.7,0.8,4.9,5.8,-5.5,4.0,-0.2,2.5,0.8,3.2,1.6,2.7,-0.1,2.1,-1.3,0.4,0.1,-1.2,1.7,4.6,-0.3,-1.2,0.0,5.8,6.6,3.8,3.0,0.9,2.6,-5.2,0.8,-5.1,-2.5,-1.0,9.1,-3.2,10.5,-4.3,-0.0,-3.5,1.6,-2.0,-1.0,1.9,0.5,2.6,1.9,3.3,-4.9,-0.9,-10.6,1.5,-0.1,-0.5,0.7,-3.0,1.6,-1.7,-1.5,-0.6,-0.8,1.1,1.1,0.8,1.7,9.1,3.7,-0.1,0.3,5.2,-1.3,-2.2,16.5,-1.2,7.1,-0.3,1.0,-0.0,2.9,-0.3,2.8,-5.6,0.9,-5.7,-0.9,7.8,11.4,1.6,-0.6,-1.4,0.3,-4.5,4.1,5.0,6.2,3.1,2.7,4.9,5.0,3.3,0.3,2.0,4.5,4.1,4.7,1.5,3.5,-0.5,1.5,2.1,-0.0,3.5,5.2,2.3,0.9,3.6,3.5,0.1,1.2,3.9,0.4,-0.1,1.2,0.9,-0.1,-1.4,-0.5,-2.2,-2.8,3.0,2.7,2.6,-4.5,5.3,3.2,2.2,-1.5,-1.9,3.6,4.0,-0.1,1.1,0.4,-4.4,-5.7,-6.0,13.3,-7.1,-3.0,-2.4,-0.3,-0.1,1.0,0.7,0.8,1.5,1.3,1.2,1.6,2.3,-1.0,-0.4
2C7L516V5C,0,48.102805,11.626901,4442216.55,2777917.29,537.8,583.5,249,7326,4.1,0.67,0.5,32.65,348.96,-0.529,-0.103,0.842,0.3,0.2,0.17,0.31,0.6,0.3,-0.3,-1.3,-7.5,-5.6,5.2,3.4,8.6,-2.0,0.9,-0.6,-9.5,5.8,5.5,-6.9,4.8,1.8,0.7,4.9,4.7,-0.0,3.4,3.0,4.2,-0.4,2.6,2.4,5.1,2.5,2.6,-3.4,7.6,-13.8,-3.7,-2.9,1.0,-2.2,0.8,1.6,-2.4,0.2,1.4,1.5,4.7,-1.8,-0.7,-2.2,-1.4,-1.6,-0.4,-4.0,0.7,-3.2,1.2,-2.1,-4.9,0.7,-3.2,-2.1,-0.4,-0.5,3.6,0.2,-0.9,-0.5,-4.1,-2.5,-1.8,-4.1,-3.7,-0.0,0.2,3.8,-0.5,-1.2,-0.5,2.7,-1.0,1.6,2.7,3.6,-1.6,-0.4,1.1,-1.1,-2.5,0.9,2.6,-0.0,-1.4,3.0,2.5,1.3,-3.7,-1.8,4.2,0.7,3.0,-1.2,-1.4,-0.6,0.3,-0.4,-2.1,1.9,-0.8,11.0,0.4,4.9,2.4,-7.6,-2.4,-10.0,-6.6,-10.8,-6.0,11.2,-0.9,-2.2,2.6,1.1,3.2,1.8,0.8,1.2,-2.3,-2.0,2.5,1.0,-1.3,-1.6,13.9,-1.0,2.6,1.9,8.5,-2.6,-1.2,-0.1,-6.0,4.0,8.5,3.6,6.7,0.7,2.7,-0.9,5.6,-1.6,-3.0,-5.3,-1.7,-4.4,-6.1,11.2,8.5,0.6,-5.5,2.6,-1.1,-1.0,1.4,-1.1,5.3,4.0,2.3,-1.9,2.9,2.8,-9.7,-4.7,1.5,-6.3,-1.7,-3.7,6.6,12.5,5.8,-1.5,5.2,-0.1,2.4,4.4,1.0,-0.2,-2.3,-1.8,1.5,3.5,-4.7,5.7,-2.4,-0.2,1.0,-9.8,1.9,9.1,1.2,0.3,2.0,1.1,1.1,1.2,0.3,7.2,0.6,2.8,4.3,0.5,-1.6
2C7L516V6R,0,48.103364,11.631251,4442539.26,2777986.52,536.1,581.8,249,7403,1.4,0.92,0.21,32.67,348.96,-0.53,-0.103,0.842,-0.8,0.1,-0.38,0.1,1.6,0.1,-0.3,0.6,0.1,0.4,1.0,1.7,-0.2,-0.1,0.8,0.2,2.3,0.9,-0.3,0.2,-0.5,-0.8,0.2,-1.1,-1.2,-2.8,-4.7,-3.0,-4.6,-3.2,-2.5,-2.3,-2.7,-0.6,-0.1,-2.2,-2.9,-0.4,-6.0,-4.4,-5.4,-1.8,-5.1,-1.9,-2.5,-2.4,-2.2,-2.8,-2.1,-3.6,-2.5,-3.0,-3.5,-3.5,-1.0,-2.0,-0.5,-0.1,-0.9,0.9,0.6,1.2,-0.1,0.3,0.5,0.6,0.5,-0.1,2.3,1.3,-0.4,1.3,0.1,-0.2,0.9,-1.3,-0.5,0.3,-0.0,0.4,0.1,-0.6,0.4,2.0,-0.8,-0.8,-2.3,-2.1,-2.1,-1.3,-2.5,-1.0,-3.1,-3.4,-1.7,-2.9,-3.0,-3.1,-4.7,-1.0,-4.4,-1.5,-1.9,-3.6,-1.8,-1.9,-4.2,-3.6,-3.0,-2.0,-1.5,-0.8,-4.1,-1.7,-2.0,-1.7,-1.9,-2.2,-0.4,-1.3,-1.5,0.5,-1.8,-0.2,-2.2,-1.4,0.5,-1.7,-1.2,-0.4,-1.3,-1.2,-0.9,0.1,-0.3,-2.0,-5.6,-0.9,-2.3,-2.9,-4.4,-5.2,-5.5,-3.2,-6.3,-0.9,-1.5,1.2,-4.5,-4.1,-3.5,-2.2,-2.9,-1.1,-1.7,-2.7,-2.3,-1.0,-0.5,-1.9,-1.5,-2.1,-0.4,-1.7,-1.5,-1.9,-3.7,-5.2,-7.3,-3.6,-6.0,-5.9,-1.5,-2.7,-7.7,-2.2,-3.1,-2.5,-5.8,-8.2,-4.1,-4.6,-1.5,-3.0,-1.2,-4.5,-2.2,-3.2,-3.0,-1.6,-2.2,-5.3,-4.8,-5.3,-4.9,-4.2,-7.7,-5.7,-5.7,-4.2,-3.2,-4.1,-5.9,-6.2,-5.8,-5.1,-5.9,-3.5,-5.6,-6.8,-2.9,-2.9,-4.4,-5.7,-5.1
2C7L516V6V,0,48.103391,11.631463,4442555.01,2777989.9,534.4,580.1,249,7407,1.7,0.9,0.3,32.67,348.96,-0.53,-0.103,0.842,-0.1,0.1,-0.18,0.13,1.5,0.1,-0.3,-1.4,1.1,-1.2,-2.2,-0.8,0.2,-1.0,-2.0,-2.5,1.5,0.3,0.8,0.8,-2.1,-0.5,-2.1,-4.5,-3.1,-3.3,-3.5,-2.0,-4.7,-1.3,-1.5,-1.9,-0.9,-0.6,1.5,-0.6,-3.2,-1.1,-6.0,-4.4,-4.9,-2.5,-3.1,-0.3,-0.2,0.7,-2.5,-1.4,0.1,-2.8,-1.1,-1.3,-1.8,0.2,-2.1,-2.0,-2.0,-0.2,-1.2,-0.6,-1.2,0.5,-0.2,0.7,-0.2,1.3,-0.2,-1.0,-1.1,-0.9,-1.1,-0.4,-0.3,-3.1,-0.0,-3.1,-4.1,-0.2,-1.4,1.0,-1.3,-3.9,-1.9,-3.7,-4.9,-1.0,-2.5,-2.1,-3.6,-2.6,-2.4,-3.3,-5.0,-3.4,-4.0,-3.9,-2.9,-4.9,-3.1,-3.4,-3.9,-1.8,0.1,0.0,-1.7,0.2,-1.6,0.0,-1.5,1.4,-0.9,-0.7,-1.6,-0.5,0.8,-1.4,0.3,-2.7,-2.7,-1.0,0.3,-2.4,0.7,2.0,1.9,2.1,0.5,-1.0,-0.9,-0.0,-3.2,1.4,-1.5,2.4,-1.2,1.3,-4.4,-1.5,-2.3,-0.1,-3.7,-0.5,-4.5,-4.5,-5.6,-1.5,2.6,1.4,-0.4,-2.1,-1.7,-0.7,1.8,-0.8,2.3,0.1,0.0,0.1,-1.4,-1.8,-3.3,1.2,-1.3,-3.6,-1.8,-1.0,-2.5,-3.6,-5.6,-3.9,-7.0,-6.1,-1.4,-0.4,-1.6,-2.9,-3.8,-3.1,-4.8,-1.1,0.1,-0.7,0.1,1.3,2.2,3.6,1.4,-1.5,-0.7,-1.4,-0.4,-2.0,-3.5,-1.4,-2.0,-4.2,-4.3,-4.9,-4.1,-3.4,-3.8,-1.1,-4.3,-4.0,-2.7,-1.3,-3.7,0.1,-3.1,-3.1,-1.7,7.4,-2.9,-1.8,-2.6
2C7L516V7I,0,48.103753,11.63428,4442764.0,2778034.72,536.7,582.4,249,7456,3.7,0.73,0.5,32.68,348.96,-0.53,-0.103,0.842,-0.7,0.2,-0.14,0.28,0.0,0.2,-0.3,-2.0,1.0,1.4,-1.5,-0.7,1.1,0.2,-0.1,-0.9,-2.1,-1.7,-0.8,-0.3,-0.6,-0.6,-0.4,-8.2,-1.4,-7.2,-6.8,-3.4,-5.0,0.8,2.4,3.1,2.3,0.4,0.7,-0.3,1.3,9.6,0.5,-3.8,-8.9,3.4,1.2,9.2,0.2,-4.8,-8.4,-6.2,-1.7,-10.4,-2.9,-8.9,10.0,-0.8,9.9,0.9,-4.8,13.9,-8.6,-4.0,-7.9,-5.2,-2.8,-5.1,-1.6,-4.5,-4.7,0.3,-0.1,0.5,-5.2,1.7,-3.8,-3.2,-4.3,-3.2,-0.6,-0.2,-1.9,-3.7,-3.0,-1.2,-0.2,-0.9,-1.1,-7.6,-0.1,-2.5,-6.6,-3.5,-7.4,-5.0,-0.7,-7.2,-8.3,-5.7,-2.6,-8.3,-0.9,-5.8,-6.4,-1.7,-5.9,-0.6,2.0,2.8,-4.1,-5.0,-1.6,-0.3,-1.4,-3.4,2.7,-2.2,-3.9,4.2,-1.4,-5.5,-5.8,-3.7,-6.2,-4.8,-5.2,-2.5,-4.3,-3.4,-4.2,-3.1,-2.9,-4.5,1.1,0.0,-2.3,-3.8,-1.0,3.3,-6.6,-3.3,0.6,-3.5,1.0,-3.8,-3.6,-1.7,-6.1,1.3,-1.2,-2.5,-1.5,-3.8,-2.2,-2.1,-1.5,-1.7,-2.0,0.5,-3.1,-11.6,-0.3,1.0,1.5,1.6,3.1,-2.9,-3.8,-1.1,-1.0,-4.1,-2.5,1.1,-5.2,-2.8,0.3,-1.4,-11.0,-3.9,-0.3,0.9,-6.6,-7.0,-4.1,-4.7,-5.0,-5.2,-2.4,-7.7,-4.1,-2.7,-3.2,-3.3,-3.3,-3.6,-0.2,-5.2,6.3,-3.7,-7.6,-13.2,-11.0,-2.7,-5.4,-4.0,-8.8,-9.2,-2.0,-1.6,-3.6,-6.8,-9.4,-6.7,-3.5,-5.0,-3.0,-4.9,-7.1
2C7L516V7J,0,48.10376,11.634338,4442768.28,2778035.64,536.7,582.4,249,7457,3.7,0.71,0.44,32.68,348.96,-0.53,-0.103,0.842,0.4,0.2,0.71,0.29,0.7,0.2,-0.3,-2.7,-2.2,0.2,-0.6,-1.3,-0.1,0.9,0.5,-0.8,-5.3,0.0,0.1,-0.0,0.7,1.7,2.9,7.5,-0.5,0.3,-0.7,1.3,2.4,-0.8,2.8,1.5,2.1,-1.0,-1.6,-5.1,-2.2,1.5,-2.3,-3.1,-4.4,0.6,-0.8,0.2,3.2,9.7,-8.8,3.3,-0.9,0.0,-0.3,-7.9,-5.4,3.5,-4.4,-5.6,-4.8,-10.3,-7.4,-7.1,-4.2,-7.2,-7.5,-3.9,-8.9,-9.2,-6.7,-6.8,-7.6,-4.2,-2.7,-5.7,-0.8,-3.4,-11.5,2.7,-2.6,0.4,-0.1,8.4,4.5,-2.9,-1.8,-2.4,-4.2,-4.4,-2.6,-5.2,-4.2,-5.0,1.4,-2.3,-4.0,-7.4,-3.6,-6.1,-5.1,-8.2,-2.3,-4.8,-6.4,0.9,-3.2,-0.5,-0.3,-0.3,-4.4,-1.3,-2.4,-1.0,-3.5,-2.0,2.7,-4.6,-1.5,-0.2,-2.4,-7.7,-4.7,-0.8,-2.3,-1.4,-3.8,-5.3,0.5,-0.7,-3.6,-7.0,-3.3,-4.1,-0.3,-1.5,-2.1,-3.7,-1.9,0.6,-8.1,3.0,0.5,-3.5,-1.7,-3.6,-5.6,-5.6,1.1,2.8,4.6,5.4,0.6,-8.3,-3.5,0.8,-1.2,-4.4,-2.6,2.2,1.8,10.0,0.9,2.1,-0.0,-0.2,2.0,-1.1,-1.2,-0.4,-0.8,-2.5,-2.2,-0.3,-1.1,-3.2,0.8,3.9,-3.4,2.2,-1.5,7.0,-5.4,-5.5,-3.5,-2.3,-3.8,-2.7,-1.9,14.1,-0.9,-1.5,0.5,-0.4,-0.5,-0.8,-2.5,0.6,-1.0,-5.2,-5.5,-3.2,8.8,-6.0,-0.5,6.6,-0.3,-7.0,-3.0,0.6,-1.2,-3.5,-3.2,0.0,-1.3,-2.7,-0.6,1.3,14.3
2C7L516V49,0,48.102354,11.623245,4441945.31,2777861.18,539.8,585.5,249,7261,2.5,0.83,0.36,32.6,348.92,-0.529,-0.104,0.842,-0.3,0.1,-0.13,0.19,1.6,0.2,-0.3,-2.3,-1.2,-2.6,-1.0,-0.1,-1.5,-1.4,-0.8,-1.6,-0.3,-2.0,0.2,-0.3,0.2,-0.2,-0.2,-2.3,-2.2,-2.2,0.1,-4.0,-7.0,-2.8,-5.0,-3.8,-0.1,-0.6,-2.5,-4.6,-6.4,1.4,-4.4,-7.7,-11.3,-0.1,-3.3,-1.3,-2.1,1.5,-0.2,-0.5,-1.3,-5.0,-2.0,-1.7,-1.6,-1.3,-1.2,-1.2,-0.4,-0.0,-0.8,-0.3,-0.2,-1.4,0.7,-1.0,0.2,-0.8,-1.1,0.0,-0.4,-0.0,-0.4,-3.4,-2.0,-1.9,-1.5,-0.3,2.3,0.2,-0.2,0.6,-0.0,-1.3,-0.3,-4.3,1.3,-0.5,-6.7,1.7,1.5,-0.3,-1.4,-2.1,-3.4,-2.0,-8.2,-4.4,-6.1,-2.9,-7.5,-8.3,-7.4,-4.5,0.1,-4.1,-2.1,0.5,-6.8,0.4,-2.3,-5.4,-6.3,-2.8,-6.2,2.3,1.7,0.4,0.6,-1.5,-0.7,1.4,0.7,1.8,2.9,-0.2,-2.2,-1.4,1.1,-0.1,0.3,1.3,0.6,-5.5,-2.8,-0.2,-2.1,-6.1,-9.0,-10.5,-3.7,-12.1,-6.4,-11.8,-3.7,-2.8,-2.3,0.1,-0.5,-1.4,-0.3,-2.2,-1.1,0.4,-1.6,-0.8,-2.2,-1.6,-1.6,-2.1,-3.5,-2.6,-3.1,-3.3,-1.9,-3.7,-2.9,-0.8,-1.7,-4.6,-1.7,-0.8,0.0,-2.0,4.3,-1.6,-7.2,-2.2,-3.2,-1.7,-3.3,0.7,-3.4,-1.7,-1.4,-2.1,0.8,-3.2,-0.4,-2.4,-1.8,-3.5,-3.2,-3.2,-4.4,-4.9,-4.6,-1.3,-4.7,-7.1,-4.5,-4.9,-8.0,-7.0,-0.2,8.4,-4.3,-2.9,-7.1,-4.8,-3.8,-2.8,-1.9,-0.5,-2.7,-4.4,-4.2
2C7L516V5D,0,48.102835,11.626991,4442223.17,2777920.78,539.6,585.3,249,7327,4.0,0.6,0.46,32.65,348.96,-0.529,-0.103,0.842,-0.3,0.2,-0.28,0.3,3.5,0.3,-0.3,3.7,4.4,3.3,1.0,-0.1,-2.0,1.5,1.2,2.0,5.7,1.8,-4.2,2.1,2.0,2.8,3.6,1.6,-0.8,-10.7,-4.3,-2.3,-4.7,-3.9,-1.3,-0.0,1.4,0.6,-4.9,-1.9,-3.5,-4.3,-12.9,4.9,-0.4,-11.7,-6.4,-4.6,-3.9,-4.8,-5.1,-7.3,-5.9,-5.9,-3.4,-18.6,-5.1,-5.3,-2.1,-8.1,-3.9,-1.8,-7.6,-2.1,-1.1,-2.0,4.7,-3.4,0.9,1.7,0.2,0.1,1.7,0.8,2.6,1.3,-0.9,3.3,4.5,7.0,3.4,1.5,8.9,1.4,4.1,-0.5,-1.2,-9.4,3.7,2.7,0.2,0.1,0.5,1.4,7.5,-0.4,-6.4,-14.4,-2.8,-3.5,-5.4,-2.4,-4.4,0.6,-1.8,-4.9,3.1,-3.2,-8.4,-8.9,-9.0,-5.8,-1.6,-4.2,-0.9,-0.6,-9.0,1.1,-2.0,1.6,3.4,0.9,1.8,0.8,-0.3,0.3,0.3,-2.5,-2.9,-6.1,-2.5,2.1,3.4,-0.3,2.6,5.9,2.3,-2.8,-1.0,0.8,-5.9,-3.9,-3.5,-1.2,-2.2,-2.0,-9.0,-7.6,-12.5,-4.7,-2.4,-0.5,-3.6,-6.0,-8.2,-8.5,-1.5,-0.5,2.8,-0.9,3.6,-1.1,0.1,0.0,-1.1,-2.0,2.1,-0.7,-3.9,6.3,-6.8,-0.7,-0.5,1.5,-6.7,-4.3,-7.7,-5.3,-18.2,7.0,0.1,-10.0,-8.8,-9.7,-3.3,5.3,3.0,-0.2,-1.2,-1.3,-0.3,0.9,-2.6,-0.2,-7.0,0.7,1.9,-1.3,1.2,-2.7,-15.2,-11.1,-8.3,-0.2,-5.4,-0.8,-5.9,-9.8,-1.3,-11.0,-11.1,2.9,-0.2,-3.3,-2.9,-4.9,0.5,-3.6,4.7
2C7L516V5E,0,48.102835,11.626987,4442222.87,2777920.72,536.7,582.4,249,7328,2.7,0.82,0.43,32.65,348.96,-0.529,-0.103,0.842,-0.9,0.1,-0.22,0.21,1.4,0.2,-0.3,2.6,3.6,1.4,1.5,1.4,0.9,-0.8,0.2,1.3,5.2,0.4,-0.8,0.8,-0.3,5.6,-0.7,2.8,-0.1,12.5,2.5,-0.3,2.0,-3.4,2.2,1.5,3.5,1.3,3.7,-4.2,-5.7,-7.2,-5.0,-0.2,6.2,-2.7,-2.3,-1.4,-0.4,-0.2,-0.3,-3.9,-10.2,0.7,2.3,1.6,-0.7,-0.5,1.9,-0.3,1.6,0.3,-7.0,-0.2,-1.6,-0.1,1.9,2.4,1.4,2.3,6.8,3.4,1.8,0.5,4.5,-1.9,0.9,2.5,1.1,3.2,3.2,3.4,3.2,0.3,2.9,1.8,6.9,10.4,3.1,8.1,7.1,3.0,2.7,0.2,2.2,2.1,1.8,4.6,-1.3,0.4,2.0,2.2,-1.8,1.1,3.9,0.5,4.4,-1.4,-1.5,-4.9,2.4,-0.5,1.5,6.0,-1.6,-0.3,-3.8,0.8,-2.2,1.5,-2.4,0.8,-0.7,-4.1,1.0,-1.3,-2.5,2.1,-2.2,-5.0,-1.4,-1.9,-0.6,-2.6,-1.8,-1.6,3.5,-0.1,1.2,-0.2,-3.0,-0.0,0.8,0.0,-2.3,-1.0,-0.1,1.7,-5.3,2.2,1.3,-1.5,-2.6,-6.1,-7.0,-5.9,-2.7,1.3,-1.1,-1.8,2.5,-0.5,-0.5,-1.2,-0.8,-0.1,-2.4,-2.5,-2.5,-1.8,-4.6,-3.1,-1.5,3.5,-4.9,-5.2,-2.8,0.7,-0.0,-2.4,-1.5,-3.8,-5.1,-5.5,-1.8,-4.2,0.4,-3.3,-3.5,-1.5,-1.4,-1.1,0.6,-2.0,-1.6,-1.7,-0.7,-1.4,0.0,-2.0,-7.4,-4.3,-5.2,-0.5,-4.5,-2.3,-2.8,-2.2,-0.9,-2.6,-2.2,-1.3,-2.3,-4.6,-3.3,-4.0,-1.0,-4.3,-2.6
2C7L516V5H,0,48.102873,11.627284,4442244.91,2777925.44,541.9,587.6,249,7331,1.9,0.91,0.29,32.65,348.96,-0.529,-0.103,0.842,-0.4,0.1,-0.37,0.14,0.5,0.1,-0.3,-1.4,-0.0,-0.7,0.6,-0.9,0.6,1.2,-0.1,-0.2,1.7,1.0,0.5,1.4,0.1,0.4,-0.4,-1.3,-1.3,-1.8,-0.4,-0.2,0.1,0.6,-1.1,1.1,0.6,0.6,2.1,2.7,-9.4,-6.4,-4.5,-3.3,-1.6,-3.6,-2.6,3.5,3.1,2.5,1.5,0.2,0.6,-1.5,-1.6,-0.5,-0.3,0.0,-1.1,-1.3,2.2,2.8,1.8,2.4,0.7,0.8,-0.3,0.4,1.5,1.2,0.3,-0.1,-2.5,-1.4,-1.1,0.7,0.9,-0.3,-1.3,-1.6,-1.7,-0.1,-2.4,0.0,-0.3,-0.7,-0.4,-1.5,-2.3,-1.0,-1.9,-1.8,-0.5,-1.5,-1.4,-1.9,-1.8,-2.9,-3.6,-1.2,1.6,-1.4,1.7,-2.3,2.7,1.9,3.2,1.7,5.0,0.7,2.0,-2.1,0.0,-1.7,1.5,-1.7,0.0,-0.0,3.4,1.3,1.9,1.3,1.1,0.7,0.7,1.8,1.1,-2.5,0.3,1.8,-0.0,0.9,1.3,1.0,0.2,0.5,1.6,1.5,1.7,1.5,-0.4,-0.6,-0.3,-1.1,-1.2,-2.7,-4.0,-0.7,-6.8,2.2,3.4,-1.9,0.3,-1.0,-0.3,2.6,1.7,-2.3,-0.0,-1.0,-1.0,-1.3,-3.2,-1.3,-3.0,-3.6,0.7,-2.6,-4.0,0.2,-0.9,-2.6,-0.7,-1.0,-2.7,-2.6,3.1,-0.2,-3.2,0.3,0.1,-1.5,-2.9,-1.3,-1.0,-1.0,-3.4,-1.5,0.1,-6.8,-1.2,-2.2,-0.4,-0.7,-0.6,-0.7,0.8,-0.7,0.7,-1.7,-4.0,-3.2,0.6,-3.7,-2.5,0.3,-0.8,-3.8,-4.0,-4.3,-2.7,-2.1,-1.6,-3.3,-1.9,-2.5,-0.3,-3.0,-1.4
2C7L516V5L,0,48.102897,11.627472,4442258.86,2777928.44,539.0,584.7,249,7335,2.1,0.89,0.4,32.65,348.96,-0.53,-0.103,0.842,-0.1,0.1,-0.29,0.16,0.4,0.1,-0.3,1.8,0.4,-1.5,1.7,-1.9,0.8,1.2,-1.5,2.2,0.6,1.9,2.2,-0.1,0.1,1.1,1.7,-1.1,0.4,-0.3,0.3,0.3,1.5,2.8,1.0,0.6,4.8,3.6,3.8,2.2,-2.1,-5.6,-0.4,0.5,1.4,-2.2,-0.3,1.6,3.2,4.1,4.0,5.3,-0.2,7.2,3.4,4.4,1.8,0.5,1.4,-1.9,3.7,5.9,-0.1,2.4,-0.7,0.6,2.4,-6.6,2.3,1.7,1.9,1.2,3.3,3.4,0.2,-10.0,3.9,2.1,-7.0,3.2,0.4,2.8,1.8,1.7,0.6,2.5,-1.1,3.1,2.5,2.2,0.6,3.6,-0.3,2.5,2.5,1.9,1.9,1.4,-0.2,1.5,3.8,1.5,1.7,-0.7,1.5,0.3,4.8,3.2,5.7,2.7,5.3,2.5,2.4,1.9,4.2,1.7,2.1,2.7,2.6,1.7,1.7,0.3,1.4,2.9,1.8,1.1,1.2,0.0,0.5,2.3,1.0,1.7,1.4,2.7,0.7,1.4,3.9,3.9,-0.6,3.5,1.8,0.6,1.8,3.7,4.4,1.9,4.2,4.5,-3.2,4.5,5.3,4.4,2.9,-0.0,2.7,2.2,0.6,1.3,2.8,-0.1,3.7,3.2,-0.1,0.9,1.6,-0.2,4.6,0.8,0.4,3.4,0.1,-0.1,0.6,1.2,-1.5,-4.4,3.9,-0.7,-2.7,2.6,-0.7,0.8,-1.6,-0.5,1.8,-1.0,0.6,-0.5,2.6,-1.5,0.1,-0.2,0.5,3.4,-2.3,0.5,0.8,0.1,1.3,1.8,-0.7,0.6,0.7,2.2,1.0,0.8,1.0,0.7,0.6,2.2,2.6,2.1,4.4,2.0,-2.9,2.4,4.1,2.2,2.8
2C7L516V5N,0,48.102919,11.627643,4442271.57,2777931.16,541.8,587.5,249,7337,3.6,0.74,0.46,32.65,348.96,-0.53,-0.103,0.842,-0.0,0.2,0.63,0.27,0.7,0.2,-0.3,-0.7,1.8,0.9,0.3,1.2,-2.0,1.6,2.5,4.5,1.3,1.9,3.5,3.5,0.0,-0.4,-0.9,0.5,-2.3,-2.5,-1.9,2.6,-0.5,0.3,-3.1,1.5,1.6,-0.4,5.4,-1.8,-2.2,-7.3,-6.5,-7.2,-4.1,4.7,-6.8,4.1,-4.7,1.0,-0.6,1.5,2.5,0.6,-1.5,2.0,-1.1,-0.2,2.0,-1.1,-1.1,-0.4,-2.6,0.7,-0.9,-1.0,-1.1,-2.7,0.2,1.5,1.0,-3.3,-1.0,-0.1,-1.5,0.8,0.3,1.4,-1.8,-1.1,-2.5,-11.2,0.2,2.9,6.5,-4.8,4.2,4.6,-1.4,0.5,-0.3,-1.0,2.0,-3.4,-0.2,0.5,8.1,-1.7,-4.9,-0.9,-4.5,4.3,-2.2,-3.3,-2.3,2.1,-0.3,2.2,10.0,-4.3,-0.1,-2.4,-2.3,-2.3,-0.3,-0.3,0.9,-2.2,0.9,-2.9,-2.2,-1.3,-1.8,-1.5,-1.5,-0.2,-1.9,-3.4,-3.3,-1.0,0.7,0.1,-1.3,0.7,-1.8,3.0,1.5,0.4,-2.1,5.8,-7.2,-1.5,-8.2,6.0,-7.8,-8.5,-2.5,-1.6,-1.7,2.1,-2.5,1.0,-0.7,0.5,-3.7,-1.2,-0.8,-5.0,-1.5,-1.4,-5.6,-2.4,1.0,-0.9,-2.3,0.2,-2.8,-1.7,-7.5,1.7,11.4,0.6,-4.9,-3.6,-3.3,-4.1,-2.6,-1.7,-6.2,4.2,-3.3,1.5,-5.3,-1.2,-10.3,-3.7,-1.0,0.1,-3.4,11.0,-5.4,-6.1,-2.4,13.4,7.5,-2.5,0.3,-3.5,0.9,-3.3,-0.3,2.8,-1.0,-1.4,4.6,-3.1,2.1,1.8,-3.0,-5.6,12.9,1.5,-2.6,-1.4,2.9,-1.1,-0.6,-4.8,7.6
2C7L516V6D,0,48.103295,11.630571,4442488.75,2777977.74,542.3,588.0,249,7389,1.6,0.93,0.21,32.66,348.96,-0.53,-0.103,0.842,-1.3,0.1,-0.21,0.12,0.8,0.1,-0.3,0.5,-0.3,-0.7,-0.4,-0.6,3.5,0.0,0.2,0.9,-7.1,0.7,3.2,-0.2,1.2,0.4,-0.4,1.1,-1.6,-0.4,-1.1,-0.5,-0.5,0.4,1.7,1.5,0.4,2.2,3.9,2.0,0.5,3.2,-4.4,-1.6,-3.3,1.2,-1.5,2.3,2.4,2.8,0.3,1.6,2.0,1.2,1.1,0.9,1.3,1.9,-0.2,1.4,0.9,1.8,1.8,1.8,0.5,0.4,0.4,0.5,-0.1,0.4,-0.2,0.1,-0.3,-4.6,-0.7,-10.8,1.6,-1.0,-0.2,-0.8,-0.7,0.1,-0.3,-1.1,-0.2,-0.7,-0.9,-0.6,-0.7,-0.6,-1.6,-1.4,0.4,-0.1,-1.0,-0.2,-5.6,-0.3,0.4,-0.7,0.7,-0.1,0.3,-1.7,0.4,0.6,1.7,1.1,1.4,0.1,0.5,-0.7,0.1,-0.1,1.5,0.8,0.5,0.5,0.0,0.9,-0.3,-0.6,0.6,-1.1,0.2,-1.0,-1.2,-0.4,-1.5,-0.9,-1.2,-1.1,-0.6,-1.7,-1.8,-2.5,-1.7,-0.2,-0.2,-1.2,-2.8,-1.5,-0.1,2.0,0.7,-1.3,-1.3,-1.1,-3.5,2.5,-1.0,0.1,-2.2,-2.7,-3.2,-2.2,-2.3,-8.2,-2.2,-2.8,-4.5,-3.3,-4.0,-4.2,-4.5,-4.1,-3.5,-3.4,-3.3,-2.2,-3.1,-3.5,-5.4,-4.5,-5.8,-5.5,-1.3,-4.2,-4.9,-1.2,-2.4,-2.9,-5.7,-6.1,-3.5,-3.9,-0.9,-4.4,-4.4,-7.8,-3.8,-5.5,-4.2,-4.6,-3.7,-4.3,-4.0,-4.4,-3.6,-4.7,-6.0,-7.0,-3.7,-4.3,-4.3,-3.7,-4.5,-6.2,-6.0,-4.4,-4.4,-3.9,-3.5,-4.4,-4.0,-3.8,-4.6,-4.8,-5.6
2C7L516V6L,0,48.103335,11.630886,4442512.12,2777982.77,534.9,580.6,249,7397,1.2,0.96,0.24,32.66,348.96,-0.53,-0.103,0.842,-0.9,0.1,-0.23,0.09,0.4,0.1,-0.3,-0.7,0.0,0.6,-0.5,1.0,-2.2,0.9,1.2,0.4,0.1,-0.6,-1.8,1.8,1.6,2.1,0.1,1.4,-0.7,-1.4,-2.3,-1.8,-1.0,-1.5,-0.2,-0.7,0.5,-0.6,-1.4,1.6,-0.7,-0.9,-4.9,-2.5,-0.9,-1.2,-1.3,0.8,0.8,1.3,1.4,-0.0,0.4,0.6,0.6,-0.5,1.1,-0.9,-1.0,-0.6,0.6,0.6,-1.2,-1.8,-0.1,-0.3,-1.4,-1.2,-1.7,-1.5,-2.0,-1.7,-2.0,-0.7,-1.2,-3.8,-3.0,-2.2,-2.1,-3.5,-2.0,-2.9,-1.5,-2.6,-1.8,-1.0,-0.8,-1.5,-1.3,-1.4,-0.6,-2.9,-1.3,-1.4,-1.0,-0.5,-1.3,-1.5,-0.5,-1.6,0.2,-1.7,-0.6,-1.9,-1.4,-0.5,1.1,-0.4,0.6,1.3,0.3,-1.4,-1.3,-0.8,1.5,-0.5,0.1,-1.0,0.0,-0.3,-0.9,-0.1,-1.2,-2.1,-1.4,-2.3,-3.0,-1.9,-2.1,-1.0,-1.5,-1.9,-2.0,-1.7,-1.9,-1.1,-0.8,-2.3,-0.7,-0.9,-2.2,-2.9,-0.7,-0.6,-0.9,-3.1,-3.7,-1.2,-4.3,0.9,1.7,-1.2,-1.5,-1.3,-2.4,-5.9,-2.7,-0.9,-2.6,-3.1,-0.8,-2.6,-1.5,-2.5,-1.8,-1.7,-1.8,-1.3,-1.2,-1.1,-2.3,-3.0,-4.0,-3.1,-5.4,-3.6,-1.5,-1.4,-3.8,0.1,-1.8,-2.0,-4.7,-4.4,-2.6,-4.1,-3.5,-5.0,-4.0,-4.1,-2.9,-3.8,-2.3,-4.0,-3.0,-3.8,-3.8,-4.0,-3.9,-4.5,-5.8,-6.3,-3.8,-2.7,-3.2,-2.6,-3.3,-5.8,-5.4,-4.7,-4.9,-5.0,-4.1,-5.0,-4.6,-2.8,-4.2,-5.2,-5.3
2C7L516V7b,0,48.103899,11.635277,4442837.91,2778052.66,533.2,578.9,249,7475,3.9,0.68,0.43,32.68,348.96,-0.53,-0.103,0.842,-0.1,0.2,-0.44,0.3,1.5,0.3,-0.3,-4.7,2.7,-1.3,-0.3,-0.3,-1.8,2.7,-1.7,0.7,-0.0,0.8,-1.9,4.8,2.1,-2.1,-0.1,-0.5,2.1,-0.7,-7.6,-2.3,-0.6,-2.2,1.3,2.1,5.4,0.6,-0.4,3.2,-6.5,-2.5,-2.6,6.7,-7.7,-4.6,-0.6,2.7,4.0,0.9,-3.9,-1.5,0.6,1.6,-3.7,-2.4,4.5,4.8,5.3,2.0,6.5,4.3,2.1,-2.0,1.7,-1.2,3.9,1.4,4.8,0.2,2.3,4.1,4.4,1.0,4.5,0.5,2.0,1.3,1.2,4.8,3.6,5.5,0.4,-0.9,1.5,14.0,0.4,12.2,1.2,-1.2,2.6,-0.5,-1.2,-0.2,1.2,0.6,-2.3,-1.2,-6.7,2.1,3.4,-1.7,6.0,-2.4,-3.8,-0.3,-2.0,2.4,2.1,5.9,-0.5,2.1,2.2,-0.6,4.5,1.4,7.7,-6.5,3.3,-4.4,0.5,-1.0,-0.9,2.5,0.8,-3.4,-2.1,1.8,5.3,3.8,1.5,12.2,4.3,4.6,-1.7,-2.4,-0.2,-0.6,0.8,1.7,-4.2,15.4,-8.7,-5.4,2.9,1.7,-5.1,-2.2,-2.6,4.2,-0.4,-2.7,2.5,-0.4,-0.2,2.1,-5.2,-4.7,3.0,2.2,0.9,0.6,17.5,0.4,1.8,2.3,3.3,-1.4,1.7,8.4,2.4,3.0,-5.8,0.0,-1.8,-3.0,-1.0,-0.5,-3.2,-4.0,0.7,-2.9,-0.3,1.8,3.0,-5.0,-4.0,4.2,9.8,-9.9,6.5,7.7,8.3,2.7,-2.5,-0.8,-3.9,-2.3,-1.3,-3.1,-5.3,-8.9,-8.2,-3.9,-2.9,7.5,3.6,-0.8,4.6,-0.2,3.8,6.6,2.9,-0.2,-3.5,5.5,-1.0,-1.4,3.8
2C7L516V3s,0,48.102245,11.622253,4441871.67,2777847.46,537.7,583.4,249,7244,3.0,0.82,0.38,32.6,348.92,-0.529,-0.104,0.842,-0.5,0.2,-0.95,0.23,0.7,0.2,-0.3,1.7,0.9,-1.1,2.0,-2.2,-1.1,4.9,-1.1,2.1,2.5,2.2,2.2,0.2,4.3,-2.1,-0.6,1.1,-3.1,-4.6,3.7,1.7,-13.3,4.2,-0.9,-0.3,-8.1,5.8,-1.1,4.5,-0.7,-15.9,-1.7,-3.6,-3.1,-5.1,-7.8,-1.3,-0.2,5.0,4.2,2.0,0.0,0.2,-0.3,-0.4,1.5,-1.9,-1.9,2.3,1.5,5.1,1.8,2.9,3.5,1.6,1.4,1.4,3.1,0.8,1.1,3.5,1.1,0.1,3.3,-4.8,-0.2,3.6,-2.7,0.7,1.5,-0.0,1.3,3.9,1.5,-0.7,-2.7,1.8,-0.5,1.3,1.9,-1.3,0.0,0.2,1.7,2.6,0.1,-0.1,-0.2,2.4,1.3,-1.7,0.9,-1.4,1.0,0.4,3.0,1.1,3.9,3.7,3.9,3.9,0.2,-1.9,1.6,-3.1,1.9,2.8,-0.2,2.0,0.9,0.2,1.4,0.3,3.1,2.5,1.9,1.7,1.9,1.9,3.5,3.2,3.0,1.8,1.6,1.7,-13.3,1.8,1.9,2.8,1.5,-0.8,0.1,-2.0,1.4,-0.9,-2.0,1.4,1.6,1.8,2.9,0.3,-2.9,-0.4,-3.3,-1.7,-1.7,-0.4,0.1,0.1,1.5,0.7,-0.8,2.8,2.3,0.5,1.4,-3.2,4.0,1.1,0.1,-1.9,-3.7,0.9,0.9,-0.4,1.7,-0.5,-6.3,1.3,8.5,1.1,-3.5,-3.4,-0.9,-3.5,-1.9,-3.5,0.4,-8.6,-0.6,-1.7,-0.1,1.5,1.8,-0.8,-3.7,-3.1,0.7,2.1,-0.5,-5.4,-1.2,-5.7,-0.2,-0.5,-6.0,-4.1,-2.6,-4.7,-9.1,-0.8,-0.0,-3.4,-4.3,-3.9,-2.4,-3.6,-1.9
2C7L516V3t,0,48.102256,11.62234,4441878.11,2777848.84,539.1,584.8,249,7245,3.2,0.78,0.44,32.6,348.92,-0.529,-0.104,0.842,-0.9,0.2,-1.07,0.25,0.4,0.2,-0.3,8.4,-7.0,-2.2,-7.0,0.1,4.6,-0.9,0.9,1.0,5.9,3.6,5.4,1.3,5.1,1.8,2.4,-1.2,-1.8,-0.0,-1.4,-1.1,-9.6,8.0,6.8,4.1,-2.0,9.1,1.8,5.7,2.0,-12.6,-3.9,-4.2,4.2,-0.4,-7.7,0.4,0.2,3.7,3.9,3.0,4.0,7.1,1.0,0.9,3.4,1.0,1.7,2.0,2.1,2.8,4.1,1.9,3.1,2.8,5.1,4.6,3.8,4.5,3.2,3.9,3.3,0.6,4.8,4.3,5.7,5.2,3.3,2.3,1.4,4.4,3.1,5.8,1.5,1.8,-0.8,3.2,3.2,6.7,3.3,5.0,2.2,4.6,3.3,5.5,2.1,2.7,2.0,4.2,1.6,2.8,4.4,2.9,2.9,5.4,5.0,4.4,9.0,4.4,1.5,4.8,1.5,-3.5,6.9,1.3,3.7,1.2,1.7,1.4,3.4,1.0,1.3,2.8,2.7,3.1,3.8,4.4,2.2,1.8,2.3,-12.7,4.5,4.1,1.3,-0.3,-0.8,3.1,3.3,1.0,1.3,0.9,0.6,1.3,4.2,0.9,4.9,6.6,2.8,1.8,5.5,4.8,-0.9,1.4,-0.4,2.0,0.6,4.3,3.3,2.0,-1.2,4.0,-2.1,5.3,-2.3,0.4,3.4,-2.6,0.6,-6.5,-3.7,-3.1,-6.4,1.4,0.1,-3.6,5.2,0.1,-5.7,3.7,-3.5,3.6,-4.6,-2.4,0.9,-1.9,-1.5,-1.1,-0.7,-5.1,-1.0,-1.0,-3.5,-2.5,0.2,-1.8,-3.4,-0.4,-1.3,1.3,-2.3,-6.9,-3.8,-6.9,-5.4,2.6,1.0,0.4,-3.0,-0.1,-3.7,-3.9,0.3,-3.4,1.5,-2.1,-0.6,-3.0,-1.7
2C7L516V4i,0,48.102635,11.625285,4442096.59,2777895.7,541.9,587.6,249,7296,2.3,0.86,0.31,32.64,348.96,-0.529,-0.103,0.842,-0.8,0.1,-0.09,0.18,1.5,0.2,-0.3,-2.0,1.7,-0.4,-0.0,-2.1,-2.7,-0.6,0.1,0.8,8.3,1.1,0.9,2.8,-3.1,3.0,1.9,3.2,3.6,2.4,2.6,1.0,5.4,-0.1,2.6,4.5,4.0,2.2,-1.3,-0.9,1.0,-8.9,-2.3,0.2,1.5,0.9,1.7,5.7,2.3,7.0,5.2,2.0,-2.7,4.2,0.9,4.4,3.1,-1.2,-1.1,0.8,0.5,2.6,-1.0,-1.1,-1.1,-0.8,-0.5,-3.5,-1.9,0.7,-1.6,-3.3,-2.0,-1.7,-2.9,-4.2,-3.6,-1.7,-2.8,-2.1,-0.3,-5.1,-1.5,-2.5,-1.7,0.7,-0.6,3.1,-0.4,1.1,1.5,1.1,4.4,-0.3,2.5,1.1,1.4,4.0,0.6,1.5,3.2,1.1,-1.1,-4.2,1.5,-0.8,3.2,-2.8,2.7,0.0,4.4,-1.5,1.4,0.6,-0.2,-2.1,0.5,3.4,-1.6,1.1,1.1,1.1,-2.1,0.1,-1.0,-0.7,-0.8,-3.9,0.2,-1.1,-0.4,0.2,0.7,-0.6,2.1,0.2,2.5,-3.6,1.1,0.9,0.7,2.2,1.3,-1.2,0.2,-0.1,0.6,1.4,-3.4,2.5,-0.3,-3.1,-0.8,0.6,-1.9,0.1,-1.4,-7.8,-2.5,-1.5,-2.8,-6.9,-5.5,0.2,-2.5,-0.9,-1.2,-2.3,-2.6,2.1,-0.5,-0.3,2.4,2.0,-3.2,-0.3,-0.1,2.8,-1.4,2.8,1.8,-0.1,-1.8,-2.3,-3.3,-3.3,0.2,-2.4,-2.6,-15.5,-0.9,-2.4,-2.3,-1.7,-4.3,-2.5,2.2,-3.7,1.0,1.4,-2.4,-2.2,-0.4,-1.1,-2.6,-0.8,-0.6,-1.7,-1.4,-5.7,-3.3,-5.3,-4.0,-1.4,-5.2,-4.8,-2.1,-3.7,-3.7
2C7L516V51,0,48.102782,11.626435,4442181.9,2777913.99,545.2,590.9,249,7315,2.4,0.86,0.35,32.64,348.96,-0.529,-0.103,0.842,-0.3,0.1,0.23,0.19,0.7,0.2,-0.3,0.1,-0.3,0.4,-1.0,-1.7,2.5,1.5,0.2,1.3,-8.1,1.6,-0.6,2.7,0.7,1.1,-0.6,0.1,0.4,-0.4,-0.6,0.4,-1.2,-1.7,-2.9,-0.6,-0.4,-4.3,2.2,1.0,-3.1,-8.8,-2.8,-5.1,-2.6,-6.3,-6.3,-3.0,-2.3,1.1,0.2,1.7,-0.0,-4.2,0.2,-1.8,0.1,-2.9,0.4,0.0,-0.7,0.8,1.1,0.0,0.9,1.6,-0.8,1.0,-0.2,1.8,-2.4,-2.2,-0.2,-3.7,0.8,-0.2,-2.4,-1.3,-5.9,-2.2,-2.5,-4.6,-2.6,-1.4,-1.7,-5.2,-2.8,-3.3,-2.4,-2.2,-4.4,-8.6,-2.7,-2.7,-1.5,-5.1,-3.6,-3.3,-6.4,-1.6,-3.8,-5.1,-3.8,-2.7,-1.0,-1.8,-0.9,0.9,-2.7,-2.6,-1.4,-2.2,-0.4,0.7,-0.0,-2.1,-2.8,-2.2,-1.0,-1.8,0.9,-1.2,0.7,-0.2,1.0,1.2,0.9,0.1,0.3,-2.5,-0.3,-2.4,-2.4,-0.2,-2.2,-0.1,2.1,1.1,-0.9,-1.4,-1.2,0.3,0.8,-4.0,-5.2,-4.7,-5.6,-3.2,-7.4,-0.4,0.4,-8.8,-0.7,-0.4,-1.2,-0.2,-0.7,-5.0,2.1,-2.2,-1.7,-14.3,-2.3,0.6,0.3,2.7,2.6,0.5,-1.2,-0.2,-0.1,-2.2,-1.2,-4.4,-6.5,-6.0,1.2,-7.4,-6.2,-2.7,-3.0,-2.5,-5.7,-3.7,-4.0,-3.3,-7.8,-1.3,-5.2,0.1,-4.6,-8.0,-4.5,-1.8,-2.2,-2.3,-1.4,1.2,1.2,-1.6,0.1,-2.7,-3.5,-1.0,-3.1,-2.2,-1.1,-1.6,-2.7,-2.1,-1.6,-3.3,-4.3,-2.0,-0.7,-0.7,-2.0,-2.9,-0.9
2C7L516V5F,0,48.102858,11.62702,4442225.28,2777923.31,535.8,581.5,249,7329,2.7,0.81,0.35,32.65,348.96,-0.529,-0.103,0.842,-0.7,0.1,-0.38,0.21,1.6,0.2,-0.3,1.3,-0.7,-2.2,-1.4,-1.2,5.7,-1.6,-0.5,-0.7,3.0,-0.4,4.3,0.8,-2.1,-2.1,-1.5,-2.3,-2.2,-1.8,-4.5,-5.0,3.4,-2.7,-4.7,-3.8,-2.0,-1.2,-4.8,-1.1,-5.6,-10.8,-4.7,-1.8,-0.7,-3.9,0.8,-0.6,-2.6,1.3,-0.6,-0.9,-1.2,-1.5,0.5,-0.8,-0.6,-0.9,-2.7,0.6,0.6,0.7,0.4,-1.8,-3.8,-2.7,3.3,0.0,5.6,2.1,3.3,1.9,0.6,4.7,6.0,6.4,-0.1,-1.2,-0.6,1.4,-0.8,0.9,0.1,-4.0,0.3,0.6,1.2,2.8,1.7,2.9,1.0,1.3,-0.4,0.2,-0.9,0.9,-3.4,-0.2,-4.5,-1.4,-2.3,-2.4,-1.8,-6.0,0.4,-1.4,-1.7,-2.5,2.0,-3.0,-2.4,-2.1,-1.3,0.6,-1.2,-2.0,-1.2,-1.2,-1.7,0.4,-3.3,-0.1,-0.5,1.9,0.3,1.6,1.7,1.7,1.7,0.4,-4.8,-0.6,-2.1,-1.8,-3.2,-2.0,-1.0,1.3,-0.7,-1.8,-2.3,-1.9,-4.5,-2.6,-0.9,-4.6,-3.1,0.0,-6.9,-1.4,0.2,0.2,-6.5,-2.8,0.2,-1.9,-2.1,1.8,-5.5,-3.6,0.4,-2.9,-4.2,-4.1,-5.5,-3.9,-4.4,-2.9,-7.0,-4.2,-3.5,-4.0,-0.5,-2.2,-3.3,-6.7,-3.3,4.5,-4.1,-0.9,-2.7,-6.0,-2.4,-1.7,-2.8,-6.6,-0.3,2.6,4.3,2.9,0.1,-0.0,1.0,-13.5,-1.7,-0.1,-1.2,1.4,-3.1,-6.5,-8.6,-8.8,-18.4,-4.1,-4.3,-10.3,-1.5,1.9,-2.2,-3.8,-3.8,-4.5,-2.7,-4.6,-4.2,0.6,0.6,-6.6,-1.7
2C7L516V5p,0,48.103114,11.629015,4442373.28,2777955.07,533.1,578.8,249,7365,2.8,0.85,0.37,32.66,348.96,-0.53,-0.103,0.842,-1.4,0.1,0.02,0.21,0.7,0.2,-0.3,-0.1,-2.1,-2.5,0.6,-1.3,0.5,-1.2,1.6,0.6,0.7,0.1,-2.5,-1.0,0.9,1.5,-0.0,1.7,-3.0,-0.3,-0.9,1.1,0.2,-0.1,-0.1,1.9,1.5,0.5,2.1,-0.1,-2.9,-1.1,-4.0,-1.5,0.1,-3.4,0.5,0.8,1.8,1.7,-0.9,0.3,-3.5,-0.5,-1.7,-0.3,-0.0,-1.2,-0.3,1.5,9.9,-0.2,0.3,-1.6,-2.0,1.2,1.3,1.9,-0.1,-3.7,-2.7,0.2,-2.0,-7.3,10.8,-9.2,-2.0,-1.2,-4.5,-0.4,-1.2,-1.6,-3.1,-1.5,0.3,-1.5,-1.5,0.8,0.1,-0.6,-0.1,-1.2,1.3,0.7,0.8,0.7,-1.0,-2.3,-1.5,-2.0,-0.4,-2.0,-4.2,3.1,-5.7,-5.3,-2.0,-3.5,-3.9,-6.0,-3.0,-8.0,-6.2,-5.8,-2.2,-3.5,-3.8,-5.6,-1.3,-4.8,-3.6,-5.4,-4.7,-4.7,-2.8,-3.5,-2.1,-2.2,-2.1,-0.4,-3.8,1.1,-1.9,-0.2,-3.8,-4.0,0.8,-3.4,1.3,2.9,-2.3,-5.0,-6.2,-2.6,-0.6,-2.8,-2.3,1.6,-13.0,0.9,-8.3,-6.1,-9.2,-5.8,-2.6,-5.6,-4.2,-4.9,-2.0,-3.8,-1.4,-3.4,-4.8,-2.8,-5.3,-8.5,-4.8,-6.1,-6.0,-2.4,-1.8,-4.9,-7.3,-6.9,-10.5,-9.2,-3.7,11.5,-8.6,-7.0,-3.0,-5.8,-7.4,-2.2,-6.8,-6.9,-4.6,-2.1,-3.9,-2.5,-5.7,-6.2,-6.5,-6.2,-4.5,-3.1,-3.0,-3.6,-4.9,-8.0,-5.5,-5.6,-0.2,-5.4,-3.2,-4.8,-8.8,-9.4,-9.1,-8.0,-7.2,-9.7,-6.6,-9.3,-9.6,-6.3,-7.1,-6.4,-4.4
2C7L516V6d,0,48.103501,11.632032,4442597.15,2778003.07,541.7,587.4,249,7415,3.3,0.68,0.45,32.67,348.96,-0.53,-0.103,0.842,-0.4,0.2,-0.0,0.25,2.7,0.2,-0.3,-2.5,1.4,7.3,-1.6,0.9,-2.1,-2.4,4.5,6.2,0.6,-4.6,2.2,-9.0,-5.3,-5.3,-5.0,-4.0,-7.9,-8.5,-5.0,-0.6,-5.3,-10.2,-4.6,-5.3,-3.4,-2.9,2.9,-7.4,-5.6,-12.5,-10.9,-7.5,-7.7,-8.6,-8.5,-4.5,-5.5,-8.9,-6.4,-4.5,-3.8,-9.1,-5.8,-10.7,-3.1,-2.5,-2.9,-5.4,-0.8,-1.6,-5.6,-4.0,-2.2,-0.9,-2.6,-3.0,-4.3,-1.3,0.6,-3.2,-3.4,-0.6,1.4,-0.1,-2.5,0.9,-2.8,-1.9,5.8,-0.1,-0.7,-0.6,-1.8,-6.4,-5.9,-3.9,-2.9,-8.5,-10.2,-9.5,-11.2,-8.1,-7.5,-6.7,-9.1,-4.6,-8.3,-10.3,1.6,-5.3,-16.3,1.2,-10.0,-5.6,-8.1,-1.0,-6.8,-3.9,-10.2,-5.4,-3.8,-4.6,-5.0,-9.9,-5.9,-0.7,-0.1,-4.6,2.4,-5.5,-5.8,1.0,-10.1,-2.1,-0.9,-0.3,-7.5,1.2,-2.5,-6.5,2.7,-1.9,0.6,-10.1,-1.3,-2.6,-7.2,-6.8,-9.9,-8.0,-6.0,4.1,-8.1,-7.1,-10.1,-6.7,-11.6,-6.1,-1.7,-2.1,-6.2,-6.7,-4.3,-0.4,-4.2,0.5,0.5,-4.2,-4.0,-2.7,-1.9,-2.1,-4.7,-7.5,0.9,-5.2,-4.1,-5.5,-6.3,-8.6,-10.1,-3.5,-6.4,-8.1,-3.0,-4.1,-8.6,-6.6,-3.3,-7.7,-6.2,-5.0,0.6,3.1,0.1,-3.1,-2.7,-8.2,-6.6,-12.3,-1.0,4.0,-3.8,-2.2,-11.2,-3.6,-8.1,-5.9,-8.8,-9.0,-7.9,-6.8,-5.9,-2.7,-5.7,-6.9,-8.2,-3.8,-5.8,-9.9,-7.0,-7.2,-4.9,-1.7,-2.9,-7.4,-5.2
2C7L516m7o,0,48.102672,11.62543,4442107.3,2777900.07,537.2,582.9,250,7300,2.9,0.82,0.49,32.64,348.96,-0.529,-0.103,0.842,-0.4,0.1,-0.76,0.22,1.1,0.2,-0.3,-0.1,-1.7,0.9,-0.8,-0.1,-0.7,1.4,1.4,0.1,-5.4,0.9,0.1,2.0,1.1,2.4,1.6,1.4,-0.6,-0.7,-0.6,-0.9,-0.7,0.4,0.1,-2.4,-0.2,2.7,-2.5,-0.9,-3.9,-12.9,-5.4,-5.7,-3.2,-1.3,-2.2,0.8,-0.5,1.0,1.0,-0.7,-2.9,-2.5,-0.2,-0.8,-1.0,-4.8,-0.7,0.3,-2.3,2.0,-0.3,-1.4,-1.3,-1.7,1.0,-0.4,1.0,0.0,-2.7,-0.9,0.9,-8.4,-1.0,2.4,-2.3,0.2,-7.4,-0.6,-0.9,-0.7,-1.6,9.3,0.9,-2.5,0.2,-0.8,0.5,-0.1,-0.5,5.0,-0.1,-3.0,-0.4,0.7,-0.7,-2.0,-0.8,-1.7,-3.1,-1.1,-0.7,-2.9,-1.7,-3.8,1.7,-0.8,-0.4,-1.5,0.6,-0.7,-2.3,-2.6,0.4,-1.3,-1.1,0.6,-0.1,-1.3,1.1,-0.2,2.7,0.8,1.2,4.0,-1.4,1.7,0.1,-1.0,10.9,-9.9,1.8,-1.4,-0.5,-2.0,2.4,1.3,1.1,-4.1,-5.0,-1.9,-2.9,-3.0,-2.4,4.2,-2.4,-2.1,-4.5,-0.9,0.2,-3.6,-2.2,7.0,-0.3,-0.3,-0.6,-8.4,-3.0,0.6,3.4,9.6,-0.4,-2.3,10.8,-3.8,1.0,-0.6,-1.8,0.1,0.4,-2.0,-3.8,1.0,-3.5,-3.2,2.1,-1.0,-4.8,0.0,-1.1,-2.3,-2.7,-6.6,-1.9,-3.1,-7.7,-0.4,-1.3,9.8,0.5,3.6,-0.7,-1.7,0.3,-1.2,-4.4,0.2,-0.0,-1.5,-5.1,-5.0,-2.8,-3.4,-5.7,-3.7,-3.4,-4.2,-4.3,-3.3,-6.1,-8.7,-2.7,-3.7,-2.4,-9.0,-2.0,-3.0,-3.3
2C7L516m8Y,0,48.103035,11.628263,4442317.43,2777945.12,549.3,595.0,250,7346,2.4,0.87,0.21,32.65,348.96,-0.53,-0.103,0.842,-0.7,0.1,0.07,0.18,0.6,0.2,-0.3,-0.9,-2.6,-3.4,-1.6,-0.3,4.2,-0.8,0.9,-0.0,4.2,0.2,2.4,-2.9,-2.4,-2.7,-3.6,-1.8,-4.1,-4.4,-3.9,-2.0,-2.0,3.6,-1.0,0.4,-1.2,3.3,6.0,4.3,-4.7,-2.5,-6.6,-5.4,-3.1,-1.9,-2.0,-1.1,-0.3,3.5,-2.3,3.7,2.9,-1.8,-3.8,-0.8,-1.6,4.4,3.4,0.4,-0.8,-0.8,-0.6,-0.2,-1.2,-1.4,-2.1,-1.4,-2.3,-0.4,0.0,-3.4,-4.6,-3.4,-2.2,2.1,3.2,0.2,-0.0,-3.6,-2.6,-1.0,-1.5,1.1,-0.8,-3.0,-3.5,-3.9,-2.7,-3.2,-3.7,-4.3,-4.0,-0.4,-3.5,-1.3,-2.9,-3.0,-4.5,-2.8,-1.5,-4.0,-0.1,0.8,-2.3,-1.9,0.5,1.6,-0.3,-2.9,-1.7,-3.1,-1.7,-2.0,-0.8,-2.8,-2.2,-2.3,-1.3,-2.2,-1.8,-2.3,-1.2,-1.6,-0.8,-0.4,-1.2,1.0,-2.2,0.4,-1.6,-0.4,-1.7,1.3,-4.9,-4.4,-2.6,2.0,-4.2,-3.5,-4.6,-3.8,-1.0,2.5,-1.6,-3.7,-3.7,-3.3,-5.6,0.3,-1.1,3.9,0.5,-1.0,-3.1,-1.2,-2.8,-15.1,-1.5,-2.4,-3.5,-1.1,-4.0,-5.0,-4.8,-4.7,-2.1,-3.9,-3.4,-2.5,-2.7,-3.9,-4.2,-3.3,-3.4,-4.3,2.7,-3.8,-4.5,-2.8,-2.7,-3.0,-4.7,-3.7,0.2,-2.8,-4.3,-4.1,-2.5,7.9,-5.2,-4.0,-3.4,-2.8,-2.4,-3.2,-4.8,-2.6,-3.6,-5.3,-6.8,-8.1,-0.9,-4.0,-2.0,-3.2,-4.3,-3.9,-4.1,-3.2,-4.5,-2.4,-5.5,-3.6,-3.3,0.2,-4.2,-5.6,-3.6
2C7L516m8a,0,48.103053,11.628402,4442327.75,2777947.34,549.0,594.7,250,7348,1.8,0.92,0.31,32.65,348.96,-0.53,-0.103,0.842,0.1,0.1,0.18,0.14,0.5,0.1,-0.3,-1.0,3.4,-1.7,1.5,0.1,-5.0,-1.1,1.1,-0.2,-0.3,-0.1,0.6,-0.1,0.2,-0.7,0.6,0.4,-0.0,-1.2,-0.8,-1.4,-1.2,2.0,0.5,1.6,0.2,1.5,1.7,0.1,-2.2,-6.1,-5.3,-3.5,-3.2,-2.7,-1.4,1.2,0.6,1.1,0.2,2.3,1.1,1.5,-0.2,0.5,-1.8,-1.7,-0.5,-1.4,-0.8,-0.1,-0.8,-1.5,-0.3,-0.3,0.8,-0.3,-0.8,1.2,-1.3,-0.0,-0.7,4.1,-0.5,-1.2,-2.2,-1.3,-0.6,-2.6,-2.7,-2.2,-1.0,-2.0,-1.7,-1.3,-0.8,-0.5,-0.2,0.4,-1.3,-1.7,-1.3,0.4,-1.6,-1.1,0.7,-0.2,-1.5,-0.9,-1.9,-1.2,-0.7,0.1,-0.5,-2.2,2.7,-0.1,1.2,0.3,2.2,1.8,2.8,1.9,0.9,0.8,0.9,0.1,2.0,2.4,0.7,-1.5,-0.0,-0.8,-0.5,1.0,-1.3,-0.9,-0.8,-0.4,-1.1,-1.6,0.0,-0.8,-2.9,-1.2,-1.3,-0.7,-0.8,-0.7,-4.9,-1.9,-2.8,1.3,-0.3,-1.5,-3.4,-2.7,-6.0,1.8,1.3,1.1,-0.5,-0.4,0.0,0.6,1.6,5.2,-0.4,-0.9,-1.2,0.6,-0.4,-0.2,0.7,1.2,0.5,-0.0,0.2,2.8,1.7,-2.1,-5.0,0.6,-0.1,0.1,5.6,2.6,1.6,-0.9,1.1,-1.2,-3.4,-2.5,-1.5,-1.3,1.9,0.8,0.3,-2.7,-2.2,-0.1,0.2,-3.9,-2.8,2.5,0.7,0.1,0.1,-1.8,-5.1,-2.2,1.0,-0.3,1.1,0.8,1.3,0.8,0.0,4.4,-4.6,0.3,-0.1,3.7,1.4,3.3,0.8,1.3,-0.0
2C7L516m8d,0,48.103034,11.628252,4442316.68,2777944.99,533.5,579.2,250,7351,3.0,0.76,0.43,32.65,348.96,-0.53,-0.103,0.842,-1.0,0.1,0.41,0.23,1.7,0.2,-0.3,0.1,0.6,-0.0,1.3,-1.0,2.2,0.4,0.8,-0.3,0.5,1.9,-4.0,1.1,-0.5,-0.6,-1.0,-3.7,-3.9,-8.0,-8.1,-4.9,-5.7,-5.5,-2.3,-7.4,-1.9,-4.1,-9.4,-7.8,-12.5,5.0,-9.7,-9.0,-1.4,-5.0,-4.8,3.0,-3.2,-4.0,-2.6,-9.4,-5.0,-1.2,-5.8,-4.2,-9.3,3.0,2.3,-3.4,-4.9,-2.2,-1.8,-3.3,4.3,-9.5,-10.1,3.1,-9.6,-5.2,-13.9,-5.0,0.0,1.2,-2.3,-2.1,-4.3,-6.1,-4.1,1.3,-3.3,-1.3,-7.2,-4.7,-2.4,-3.9,-1.4,-0.8,-0.6,-4.0,-5.9,-4.5,-7.2,-6.7,-7.4,-5.4,-5.0,-7.9,-8.6,-4.9,-5.7,-5.7,-5.1,-4.7,-3.2,-5.7,-3.3,-6.4,-4.8,-7.1,-8.3,-6.6,-9.2,-6.8,-7.0,-7.3,-8.3,-6.3,-8.3,-7.2,-5.7,-5.4,-5.9,-1.8,-8.2,-7.1,-4.7,-8.1,-5.9,-8.0,-2.0,-4.8,-1.4,-2.8,-5.3,-3.2,-5.7,-5.6,-5.6,-6.3,-8.8,-5.4,-10.3,-8.4,-5.8,-8.3,-10.4,-6.2,-10.8,-4.3,-5.0,-6.5,-7.3,-5.4,-6.3,-2.5,-11.6,-3.9,-5.0,-6.2,-2.5,-5.3,-2.6,-2.3,-4.1,-4.5,-3.4,-6.0,-6.9,-5.2,-8.2,-11.5,-8.9,-7.1,-10.1,-8.8,0.2,-7.1,-8.9,-8.5,-3.8,-6.7,-9.6,-9.6,-10.4,-8.0,-7.6,-6.6,-5.1,-3.3,0.6,1.6,1.3,-4.6,-6.2,-4.1,-12.4,-9.9,-4.5,-7.2,-12.3,-8.5,-8.2,-6.5,-5.6,-6.7,-10.5,-9.3,-8.6,-10.6,-11.8,-10.7,-7.6,-9.5,-5.7,-3.7,-7.1,-8.4,-8.9
2C7L516m8e,0,48.103054,11.628404,4442327.92,2777947.39,538.1,583.8,250,7352,1.2,0.95,0.19,32.65,348.96,-0.53,-0.103,0.842,-0.6,0.1,-0.15,0.09,0.8,0.1,-0.3,-0.2,0.1,-0.2,0.2,-1.2,0.3,-0.2,0.3,0.3,0.3,0.2,-0.2,0.8,-0.4,-0.5,0.2,-1.7,-0.5,-3.3,-1.3,-2.9,-2.5,-0.9,-0.7,-0.8,-0.0,-0.4,-1.2,-1.4,-3.9,-7.1,-4.2,-3.6,-1.6,-4.7,-1.0,-0.7,-0.3,0.2,-1.2,-0.7,-0.4,-1.2,0.9,-0.6,-0.3,-4.8,-0.4,-0.5,0.3,-0.4,0.0,-0.7,-0.2,-1.8,-1.4,-1.0,-1.3,-1.4,-0.7,-1.6,-0.6,0.9,-1.1,-0.5,-1.9,-2.2,-2.7,-1.8,-1.4,-1.3,-1.8,-1.7,-0.3,-0.2,-0.5,-0.9,-0.8,-0.8,-2.2,0.3,-2.8,-1.3,-1.5,-1.3,-2.2,-2.2,-4.6,-2.4,-1.9,-2.6,-2.3,-2.8,-0.5,-2.1,-1.5,-2.9,-1.7,-1.5,-2.6,-1.9,-2.3,-0.9,-2.0,-2.8,-1.2,-1.5,-1.6,-2.0,-1.6,-2.0,-1.6,-1.0,-0.7,-0.7,-1.1,-2.3,-2.2,-1.3,-0.5,-1.3,0.6,-0.3,-1.3,-0.2,-0.3,-0.5,-1.9,-1.9,-3.6,-3.2,-0.1,-2.1,-2.2,-3.6,-4.3,-3.1,-5.1,-1.0,2.1,-0.2,-1.8,-1.9,-1.8,-0.6,-1.7,-0.9,-1.2,-1.8,-1.0,-2.0,-2.7,-0.7,-2.0,-3.1,-2.1,-2.2,-2.4,-2.5,-3.1,-5.1,-4.5,-1.5,-5.3,-4.3,1.3,-2.9,-6.1,-3.1,-2.7,-3.2,-4.6,-6.3,-2.6,-2.2,-2.1,-0.6,-2.7,-2.0,-1.6,-1.3,-2.0,-2.3,-3.6,-3.0,-4.1,-1.7,-2.6,-2.4,-4.8,-7.6,-5.5,-4.5,-4.2,-4.4,-4.3,-4.7,-4.5,-1.7,-3.8,-3.5,-4.1,-2.3,-1.8,-1.0,-3.8,-4.1,-3.8
2C7L516m8m,0,48.103109,11.628832,4442359.7,2777954.21,538.0,583.7,250,7360,1.5,0.93,0.26,32.65,348.96,-0.53,-0.103,0.842,-0.5,0.1,0.19,0.12,0.7,0.1,-0.3,-1.9,-0.3,-0.8,0.1,-2.8,-1.5,-0.9,0.0,-0.3,0.3,0.4,0.1,1.2,0.4,1.0,1.3,-0.3,1.8,-2.0,-3.0,-0.9,-2.4,0.4,-0.0,1.9,-1.0,-0.1,-1.3,-2.5,0.2,-5.7,-4.5,-3.2,-3.8,-4.5,-2.2,-2.5,-2.0,0.1,0.6,-0.2,1.1,0.4,1.7,0.5,1.1,-0.3,0.7,0.0,-0.2,1.5,2.4,0.9,1.5,0.9,1.8,0.6,1.0,-0.8,1.0,0.3,0.6,-0.4,-0.8,-1.5,-2.3,-2.4,-2.7,-1.1,-2.1,-2.0,-2.5,-2.4,-1.8,-0.4,-0.2,-0.1,-1.0,-1.5,-2.3,-0.1,-1.3,-1.5,-1.5,-1.4,-3.8,-1.7,-1.4,-1.2,-1.8,-1.2,-3.2,-2.3,-0.9,-1.7,-0.8,-2.4,-0.5,-1.6,-2.5,-2.4,-1.7,-2.6,-3.3,-2.5,-2.2,-2.4,-3.3,-2.0,-2.0,-2.2,-2.7,-1.5,-2.2,-0.6,-1.2,-2.3,-1.4,-3.2,-2.0,-3.0,-2.5,-0.6,-1.5,1.4,0.2,-1.8,-0.7,-0.8,-4.8,-1.9,0.6,-2.0,-3.1,-3.5,-3.2,-3.7,-7.4,-1.8,0.3,-2.5,-3.2,-3.4,-3.0,-2.1,-2.6,-1.8,-2.0,-2.6,-0.5,-0.9,-1.8,-0.2,-1.3,-0.9,-1.6,-1.1,-1.6,-1.6,-1.9,-3.7,-4.8,-0.8,-6.2,-3.6,0.4,-1.9,-8.8,-2.4,-4.4,-5.1,-6.8,-5.6,-3.7,-1.3,1.4,-1.6,-1.4,-3.1,-2.2,-2.6,-2.1,-1.8,-2.4,-0.7,-0.3,-1.7,-0.5,-2.8,-5.8,-5.6,-3.6,-3.5,-2.4,-6.1,-3.2,-5.9,-1.2,-2.6,-2.2,-2.2,-2.5,-1.8,-2.1,-1.3,-2.1,-2.0,-1.9
2C7L516m9D,0,48.103299,11.630316,4442469.75,2777977.82,536.0,581.7,250,7387,2.2,0.88,0.39,32.66,348.96,-0.53,-0.103,0.842,-1.3,0.1,-0.76,0.17,1.3,0.1,-0.3,-0.6,-0.9,-1.3,0.4,0.0,0.3,0.4,0.4,2.0,1.8,-0.0,-0.5,-1.2,1.0,-0.2,-1.3,0.5,-0.9,-1.5,-2.4,-1.7,-0.5,0.2,-0.9,-0.3,1.5,1.8,0.4,-0.5,-2.8,-2.2,-6.1,-2.5,-9.5,-3.3,-3.6,-2.4,-0.4,1.0,-1.2,0.4,-0.2,-2.8,1.5,-1.2,2.6,-0.2,-1.3,-0.0,-1.6,2.7,2.7,2.3,1.3,1.3,1.5,1.2,1.4,2.6,0.9,0.6,-1.0,0.3,-0.6,-3.6,-0.6,0.8,-0.7,-0.6,0.4,-2.2,-0.5,0.5,-0.8,-0.8,-1.1,-0.4,-0.8,-0.3,-1.4,0.8,0.0,-0.7,-0.2,0.6,-2.9,1.1,-0.8,-2.3,-1.4,-1.5,-2.3,-0.3,0.6,1.6,0.7,-0.7,-0.3,-2.0,-1.6,-1.4,1.5,-1.5,2.0,-2.7,-1.8,-0.6,-1.2,1.0,-1.1,-0.5,0.4,-1.8,-0.1,-0.4,-1.5,0.0,0.9,0.4,-1.1,-1.5,0.1,-0.4,-1.0,-0.0,-0.7,0.4,-0.5,-1.7,-1.8,-2.5,2.4,-1.7,-2.9,-3.3,-3.0,-2.5,-3.9,-0.5,-0.2,-2.4,-2.2,-1.1,-1.3,-1.1,-0.8,-1.5,-2.3,-0.2,-1.4,-1.0,-1.8,-1.3,-1.5,-1.2,-1.7,-1.8,-2.5,-3.3,-2.9,-6.6,-6.3,-3.6,-6.8,-7.0,-3.0,-4.8,-6.9,-3.6,-2.2,-6.1,-7.4,-7.8,-2.2,-2.3,-2.0,-4.0,-2.9,-4.4,-3.9,-3.4,-4.0,-4.7,-4.4,-3.2,-5.1,-5.4,-5.7,-6.1,-8.9,-17.4,-16.0,-7.5,-12.2,0.5,0.4,-15.4,-3.9,-8.7,-5.7,-11.8,-0.8,-3.2,-5.3,-0.2,-1.9,-3.6,-2.7
2C7L516m9E,0,48.103335,11.630591,4442490.19,2777982.18,546.6,592.3,250,7388,2.4,0.84,0.37,32.66,348.96,-0.53,-0.103,0.842,-1.6,0.1,-0.91,0.18,2.1,0.2,-0.3,-0.8,-0.3,-0.9,-0.3,-0.6,-0.8,-1.4,-2.5,-0.4,12.4,0.2,-1.0,-1.5,-0.6,-1.9,-1.4,-2.7,-5.3,-4.3,-4.6,-5.0,-4.2,-4.0,-2.8,-2.3,-2.2,-2.5,-1.8,-3.4,-4.4,-3.1,-8.7,-6.9,-6.0,-3.5,-6.7,-2.8,-2.3,-2.5,-4.4,-3.0,-2.4,-4.5,-2.7,-3.8,-3.1,-3.3,-3.8,-2.4,-2.3,-0.7,-0.4,0.0,-1.4,-2.0,-1.8,-0.1,-1.8,-0.6,-1.2,-2.0,-1.1,1.8,-1.9,1.0,-1.0,-2.0,-1.2,-2.2,-1.6,-1.1,-1.0,-1.9,-2.1,-1.8,-1.6,-2.3,-1.4,-0.3,-4.5,-3.7,-3.1,-3.3,-5.0,-3.4,3.3,-2.9,-4.3,-4.9,-3.5,-4.5,-4.8,-6.0,-4.4,-3.3,-3.1,-3.4,-2.3,-4.7,-4.8,-4.3,-5.4,-4.2,-2.9,-3.5,-3.7,-2.6,-0.8,-1.7,-3.4,-2.0,-1.9,-2.0,-1.7,-4.1,-2.1,0.0,-2.3,-2.2,-1.9,-0.9,-1.9,-2.2,-3.6,-3.9,-5.2,-1.5,-3.5,-4.9,-6.5,-6.3,-4.2,-2.8,-4.0,-6.0,-5.5,-5.9,-8.7,-2.8,-3.2,-4.8,-1.4,-4.7,-4.0,-5.8,-0.6,7.5,-3.7,-3.0,-6.6,2.7,2.6,-5.0,-6.4,-5.6,-1.5,-12.8,-6.8,-2.7,-5.8,-7.3,-9.7,-10.4,-9.9,-10.0,-3.8,-7.7,-7.2,-3.3,-6.8,-6.9,-11.8,-8.1,-5.2,-4.2,-1.6,-5.3,-4.8,7.1,-6.5,-3.6,-15.1,-13.6,-11.9,-7.1,-7.2,-8.6,-8.3,-8.7,-12.4,-14.7,-10.7,-11.5,-10.9,-10.7,-10.1,-11.2,-11.7,-9.4,-9.6,-9.1,-9.0,-10.3,-6.9,-10.5,-7.2,-8.4,-9.4
2C7L516m9R,0,48.103391,11.631028,4442522.62,2777989.17,531.6,577.3,250,7401,3.3,0.78,0.5,32.66,348.96,-0.53,-0.103,0.842,-0.9,0.2,-0.75,0.25,0.5,0.2,-0.3,-0.6,-3.3,-0.2,-1.7,0.2,-2.2,-1.3,0.7,-2.2,-0.8,0.5,0.0,0.3,0.3,2.2,-1.1,4.3,1.6,-7.4,-4.9,-1.3,-2.5,2.7,0.6,1.7,0.9,0.5,3.8,2.1,4.5,0.9,-2.9,1.3,4.6,-15.2,-5.9,5.3,-0.9,-1.8,1.5,0.7,0.6,-0.8,0.5,2.6,-1.6,-9.4,-1.5,-0.2,-0.9,-0.5,-3.6,-2.7,3.3,-0.7,-0.3,2.9,0.7,1.4,-0.2,0.6,0.9,1.4,-0.5,-1.9,-0.6,0.1,1.3,-1.2,-0.1,-3.3,0.5,-0.5,0.0,-1.9,4.0,-6.4,-0.2,-2.9,7.5,-1.1,-3.8,-3.3,-3.3,-5.1,4.4,6.3,0.2,-14.2,3.7,0.5,-0.2,-1.4,-0.5,-5.5,0.6,1.2,-0.0,2.2,-1.4,-1.0,2.4,2.1,0.0,0.9,0.4,-4.0,-1.5,0.4,-2.9,-0.1,1.0,0.2,2.1,-0.9,-2.8,9.2,-4.8,-1.2,2.7,-3.1,-2.0,-2.7,-2.7,-4.4,5.2,0.0,0.2,-1.3,1.4,-2.3,-1.0,0.9,-1.7,-4.0,-3.8,1.0,-1.6,-1.6,1.9,-0.9,-3.6,0.5,2.3,-0.0,4.1,0.3,0.4,-1.7,0.8,-2.6,-9.2,-15.7,-7.0,2.5,-2.1,0.2,0.6,-2.0,-1.2,-3.0,-3.1,-4.0,-3.3,-0.1,1.2,-5.6,2.2,2.5,-2.9,6.0,3.4,-4.3,1.2,-0.2,-3.1,-2.6,-2.1,-0.0,-1.2,-1.5,-1.7,-3.9,-9.2,-3.9,-7.2,-7.5,-3.6,-9.7,-5.6,-6.1,0.0,0.2,-2.9,-0.8,-5.7,-6.5,-6.4,-6.7,-3.2,-9.7,-10.7,-8.9,-5.7,-2.6,-2.8,-4.0,-3.4
2C7L516m9S,0,48.10342,11.631252,4442539.25,2777992.72,539.7,585.4,250,7402,4.6,0.66,0.5,32.67,348.96,-0.53,-0.103,0.842,-1.0,0.2,-0.96,0.35,0.7,0.3,-0.3,1.7,-8.7,0.3,-8.6,2.2,-1.6,1.2,3.8,-1.4,4.4,1.9,-2.7,-2.1,0.2,0.2,9.0,5.2,5.8,5.4,-0.0,-1.6,2.0,1.6,5.0,4.0,6.5,2.8,-2.1,2.6,0.7,-15.7,2.6,0.8,-1.0,9.3,1.8,2.3,1.8,-2.2,-2.9,0.1,-1.9,1.8,2.0,1.3,-1.1,-4.1,-2.4,2.1,1.4,5.5,1.3,8.3,1.0,-14.0,-5.5,0.5,7.5,6.3,0.8,-0.3,-2.3,5.4,0.0,-2.2,-0.6,0.5,4.8,2.8,0.7,2.1,-0.0,-1.4,-0.5,7.6,-12.7,-12.7,3.5,2.7,5.6,-0.3,3.8,0.8,-0.9,1.0,5.7,-7.0,4.1,6.5,6.6,9.0,0.4,-1.4,0.5,4.6,1.7,-1.3,-6.5,7.5,-2.0,0.0,5.0,6.3,0.1,4.6,3.4,2.6,2.1,1.7,0.9,-2.2,0.6,0.4,2.7,-1.2,-0.7,2.9,1.7,1.6,0.9,2.3,2.1,0.7,0.0,2.1,9.0,2.3,-15.2,0.9,-2.2,-14.8,0.4,-1.0,-0.9,0.1,0.9,4.5,-0.6,-3.7,-0.5,-7.6,-1.3,-1.4,-0.1,-0.7,-0.3,3.3,-2.3,-2.5,-2.1,0.7,0.3,1.8,-7.0,1.5,-5.3,-1.5,2.7,5.9,1.0,3.4,-4.2,0.6,-1.6,-4.7,-1.9,3.5,-1.6,3.5,-0.6,3.2,1.4,-7.6,-8.1,-0.7,0.9,-2.5,-0.6,2.4,-1.4,0.3,-1.3,-10.4,-6.8,-4.4,2.0,-4.9,3.2,2.8,-6.0,-2.9,-1.8,2.0,6.0,-1.7,5.2,1.9,-11.6,-9.6,-3.9,-10.4,-21.9,-5.6,-20.5,-1.8,-4.7,-3.2,-3.5
2C7L516m9V,0,48.103434,11.631367,4442547.76,2777994.56,535.7,581.4,250,7405,1.9,0.91,0.33,32.67,348.96,-0.53,-0.103,0.842,-0.3,0.1,-0.55,0.14,0.4,0.1,-0.3,-1.9,-0.9,1.0,0.9,0.8,0.3,1.4,-0.6,1.6,-1.3,-1.1,-1.4,1.5,2.7,1.7,0.8,1.2,-0.1,0.2,-0.6,0.3,-2.9,-1.0,0.1,0.1,1.5,3.0,2.1,-1.0,-1.8,-4.0,-2.9,-1.1,-1.2,1.2,-1.8,2.9,0.8,3.0,-0.3,3.2,-0.6,1.3,1.4,0.8,3.6,-1.3,-0.8,1.0,-0.6,1.2,2.1,1.6,0.8,0.9,0.5,-0.2,0.5,0.0,-1.9,-0.4,2.0,-1.3,-1.0,-3.1,-1.3,-1.1,2.9,-0.8,0.4,-2.1,2.0,-0.2,1.7,-0.6,1.5,1.7,0.1,-0.3,-0.6,1.8,-2.8,2.4,1.5,3.9,-2.9,-1.3,0.4,-1.2,-1.1,0.6,-0.3,-3.5,0.4,3.1,2.7,-0.3,1.5,2.8,1.2,2.9,-0.1,1.5,4.5,1.3,2.7,1.5,0.1,3.8,2.5,2.9,3.7,1.8,1.6,3.2,-0.4,0.9,-1.2,0.1,1.5,1.8,1.0,1.4,2.6,1.8,-1.5,0.4,3.4,1.9,-2.8,-1.7,2.9,-0.3,0.4,-1.9,0.1,1.6,1.9,5.9,6.1,-4.1,0.2,0.7,-2.2,0.3,0.6,-2.1,0.3,1.7,1.7,2.0,1.4,5.1,3.1,0.4,0.9,0.1,0.4,0.7,0.8,-0.0,-2.8,2.4,-0.7,-1.4,1.6,2.7,-1.2,1.4,0.7,0.2,-1.7,-5.8,-1.9,-3.0,-4.3,-2.3,-0.2,3.2,-0.5,-0.8,0.2,-1.2,-0.1,0.9,0.3,-2.8,-1.2,-1.2,-3.7,-5.2,-4.4,-3.7,-3.4,1.9,-0.4,-1.3,-0.9,-1.2,-0.4,-1.3,-1.4,1.5,-0.1,1.3,-0.7,-0.2,-0.7
2C7L516mBQ,0,48.104298,11.63809,4443046.52,2778101.55,532.5,578.1,250,7524,3.3,0.77,0.45,32.7,348.96,-0.53,-0.103,0.842,-0.5,0.2,-0.33,0.25,0.7,0.2,-0.3,2.2,3.5,-5.9,-7.2,-8.6,-0.8,-2.6,-3.9,-0.6,11.5,1.5,0.0,3.8,0.7,3.8,4.1,-2.2,0.9,-1.1,-7.5,-3.5,-2.9,2.1,-8.5,-4.0,-1.3,0.2,0.2,2.2,-1.7,-1.5,-4.8,-1.2,-3.2,-2.4,3.2,0.2,7.6,2.0,3.5,4.6,3.0,3.2,-2.0,2.4,-0.8,1.9,2.3,3.6,1.3,0.1,0.0,-2.8,4.0,0.7,-7.2,0.6,-3.7,2.5,4.0,4.3,1.2,-5.6,-6.6,1.2,-1.1,-4.4,-2.1,-6.0,-2.8,0.5,3.8,4.9,-15.8,-1.2,-1.5,-3.0,1.1,-2.9,-1.4,-4.0,1.5,0.2,-1.3,-2.5,1.6,-1.6,-0.9,-2.3,-2.0,-1.1,-3.3,-2.9,-4.0,-2.5,-3.8,2.1,-0.1,6.6,-3.4,-0.2,2.0,4.0,-8.7,5.5,2.3,5.8,0.2,3.3,-3.5,-1.8,-0.2,-0.1,0.3,1.4,-1.1,2.0,1.9,1.2,2.9,-6.4,-1.1,0.1,0.5,-1.6,-1.0,4.9,-1.0,-3.5,-1.2,-1.7,-0.6,-3.5,-1.4,-1.9,-3.6,-3.3,1.1,-1.6,3.6,1.7,-4.5,-3.2,-4.0,0.0,-0.2,3.8,-1.0,3.7,-0.0,1.6,-2.7,-2.8,-3.6,-0.9,-0.5,-2.4,1.1,2.6,0.9,1.1,-4.7,-4.6,-7.4,-5.8,-1.3,0.2,0.4,3.3,-2.4,-3.1,-2.7,-5.9,-1.4,-3.8,0.3,0.4,-0.3,-5.7,-2.1,-2.5,-2.1,-5.4,-3.9,-6.3,-1.7,-1.1,3.9,-2.9,-1.1,-3.2,-2.8,-0.7,-1.1,0.9,-5.1,-4.4,-3.4,-4.4,-3.4,-4.8,-3.3,-4.8,-4.1,-1.2,-0.5,-0.6,-4.0
2C7L516mBY,0,48.104365,11.63862,4443085.8,2778109.97,536.7,582.4,250,7532,1.9,0.9,0.3,32.7,348.96,-0.53,-0.103,0.842,-0.7,0.1,-0.06,0.15,0.4,0.1,-0.3,-0.1,0.1,0.0,0.4,0.5,-0.8,0.1,0.7,-0.2,0.2,-1.3,-1.5,-0.1,-0.9,1.3,0.8,0.9,2.3,-0.1,-2.7,3.8,-3.0,1.0,-0.5,2.2,0.1,6.0,2.8,0.9,-0.2,8.9,-3.7,2.0,-4.4,-0.5,0.3,-1.1,3.6,3.2,0.5,1.3,0.7,3.7,0.9,3.5,2.8,1.8,-1.7,1.8,-0.7,1.5,1.8,2.6,2.1,2.8,3.9,-1.7,2.2,2.5,0.5,2.7,-1.0,1.9,-0.5,-2.2,-3.4,-0.3,0.3,-0.4,2.6,-0.3,2.1,-0.7,-0.5,-0.4,0.6,3.1,1.5,4.5,1.3,-0.5,0.4,1.0,2.5,3.1,-2.0,1.8,0.4,-2.2,0.5,0.2,-0.9,-0.9,-1.4,0.3,0.7,1.2,0.2,3.2,0.1,2.5,3.5,3.4,4.5,1.4,-0.1,0.8,0.7,-0.3,2.0,0.1,0.6,-0.1,1.1,0.2,-1.4,-1.2,-1.0,0.1,-1.2,1.1,0.7,-0.4,0.3,1.5,-1.9,0.8,-1.4,0.3,0.0,0.5,-2.5,-1.0,3.4,0.6,-1.0,-0.1,2.8,3.2,-0.3,-4.2,-4.8,-3.0,-3.3,-2.8,-3.0,-2.4,-3.1,-0.9,-3.5,-1.5,-2.5,-1.9,0.2,-0.8,-1.1,-2.0,-1.7,-0.3,2.2,-3.7,-4.1,-4.4,-3.4,-2.0,-4.7,1.1,-4.1,2.1,0.4,3.3,-3.3,-2.7,-0.8,-3.9,-1.9,-1.2,0.4,2.8,-1.9,-2.5,-2.2,-1.6,-2.8,-3.2,-1.6,-0.9,0.0,-3.6,-3.4,-2.9,-0.9,-4.5,-2.9,0.2,1.2,-2.1,1.0,-1.2,1.6,-0.8,-3.0,-3.7,-2.0,-1.3,-2.4,-3.2,-0.4
2C7L516m82,0,48.102796,11.626257,4442168.58,2777915.28,540.4,586.1,250,7314,2.9,0.82,0.36,32.64,348.96,-0.529,-0.103,0.842,-0.4,0.1,0.65,0.22,0.5,0.2,-0.3,-2.9,0.2,-1.3,-0.1,-1.4,-0.8,2.1,0.6,1.2,6.3,0.1,0.2,1.0,-0.1,-0.5,-2.9,-0.9,-0.4,-0.8,2.6,-0.2,1.8,-1.5,-4.3,2.1,-1.7,3.5,0.3,0.7,-3.7,-9.8,-4.3,-6.1,-2.7,-5.5,-2.9,0.6,-1.9,-0.6,-1.5,-1.4,1.0,-2.3,-1.9,-2.1,2.9,-3.5,-2.2,-2.1,-3.6,-1.7,-1.3,-0.8,-0.8,-3.1,0.3,-3.9,-3.6,-3.3,-2.2,-2.0,-1.3,-1.9,-3.8,-4.9,-2.1,-2.0,-6.5,-2.3,-3.7,-0.4,-1.3,-1.3,-1.8,0.4,-2.2,-1.3,-3.0,-2.9,-2.5,2.3,-2.3,0.1,0.2,0.2,-5.8,-3.4,-4.4,-3.2,-3.5,-3.1,-7.3,-8.5,-5.0,-6.5,-3.8,-5.3,-4.7,-3.3,-6.5,-5.7,-2.8,-2.9,1.9,-6.1,-2.8,-1.0,-1.3,-2.0,0.6,-0.7,1.2,-2.8,-2.9,-2.6,-0.8,0.1,-1.0,-2.8,-5.2,-1.7,-5.8,-1.5,-0.8,-1.1,-1.2,-2.7,-0.4,1.0,-0.7,-0.8,-0.8,-1.9,-0.0,-1.7,-4.7,-0.3,-7.3,-4.4,-4.5,4.0,-2.5,-5.1,-2.5,-4.7,-3.0,-19.1,-2.3,-5.7,-4.2,-3.2,-2.4,-2.6,-2.3,-3.9,-5.9,-1.7,-2.2,-4.5,-3.4,-4.8,-3.7,1.3,-6.1,-6.0,3.5,-8.1,-8.3,0.1,-1.1,-1.3,-3.7,-4.3,-2.9,-2.7,-0.0,-4.3,-5.1,7.2,-5.5,-2.3,-4.6,3.8,-5.8,-1.4,-5.5,-3.7,-2.2,-3.7,-4.6,-6.1,-3.9,0.5,-7.0,-2.2,-3.9,1.1,-6.5,-0.3,-2.7,3.8,-16.3,1.2,-3.0,1.2,2.0,-0.2,-1.5
2C7L516m8B,0,48.102864,11.62678,4442207.44,2777923.62,540.0,585.7,250,7323,3.4,0.79,0.42,32.65,348.96,-0.529,-0.103,0.842,-0.2,0.2,0.14,0.26,1.4,0.2,-0.3,-1.2,-1.4,4.1,1.1,1.1,0.5,-3.6,8.7,9.7,-4.7,-3.7,-0.7,-0.9,2.0,1.9,1.1,-2.6,-2.6,-1.3,-0.0,-5.0,-4.6,-3.7,-5.6,-1.8,-2.7,-1.8,-5.1,-2.8,-0.5,-12.0,-8.8,-2.6,-4.5,-3.7,-6.3,-7.1,-4.0,-1.8,-2.0,-1.4,-3.8,-4.9,-3.8,-5.8,-4.2,-2.7,-6.2,-4.6,-1.4,-4.2,-2.2,-0.3,-2.8,-1.2,-2.5,2.7,-1.3,-0.3,-2.5,1.3,-0.8,-2.6,-0.1,-5.3,-2.5,0.1,15.1,-0.7,0.7,0.6,-3.1,-2.0,0.3,-1.4,-2.4,-3.5,-1.2,-1.0,-1.5,-3.1,-3.6,-4.6,-3.9,2.0,-0.9,-3.9,-9.7,-1.9,-4.9,-4.2,-4.6,-3.7,-0.6,-3.9,1.4,-4.3,-0.5,-3.1,-3.9,-3.8,-4.5,1.6,0.4,-1.2,-2.0,-2.1,-3.8,-3.4,-4.3,-3.2,-0.2,0.3,0.3,-1.9,1.6,-6.6,-4.2,-3.2,-8.9,-8.0,-8.0,-1.4,-3.0,-1.5,-8.4,1.6,-5.3,12.8,-1.2,-6.1,-3.5,-6.1,-3.0,-2.4,-1.9,0.2,-7.3,2.7,-3.1,-4.4,-2.8,-2.3,-1.9,-3.3,-3.4,0.7,-0.5,-2.2,-0.8,-6.5,-0.8,-0.5,-4.1,-2.0,-2.9,-3.3,-4.1,0.9,-3.9,-4.6,-3.3,-3.0,-6.2,-6.3,0.8,-1.6,-5.0,-0.3,-1.5,-0.7,-3.6,-4.6,-6.0,-5.5,-5.9,-1.6,-2.5,12.8,-0.9,-2.2,0.2,2.2,-1.1,-5.1,-1.0,2.3,-2.6,-5.3,-8.5,-5.4,-1.9,-4.6,-4.5,-1.7,-1.4,-3.2,-5.9,-10.0,-3.1,-2.1,-2.4,-4.9,-4.2,12.1,-1.6,-7.9,-5.2
2C7L516m8K,0,48.10294,11.627374,4442251.45,2777933.05,544.2,589.9,250,7332,1.4,0.95,0.15,32.65,348.96,-0.529,-0.103,0.842,-0.4,0.1,-0.22,0.1,0.1,0.1,-0.3,0.1,1.2,-0.5,-0.7,0.1,0.7,0.4,0.1,0.4,0.7,1.3,0.4,1.3,-0.3,-0.0,-0.4,0.4,-0.7,-0.2,-0.6,-0.7,-0.1,0.7,-0.9,0.8,0.8,2.2,1.9,0.7,-0.4,-7.8,-5.0,-2.5,-2.2,-3.1,-0.5,2.6,0.4,1.9,1.4,0.6,-0.1,-0.4,0.5,-1.8,-0.0,-1.9,-0.9,-1.2,-0.6,0.8,-0.6,-0.4,-1.1,-0.2,-0.0,-0.2,-0.8,-0.0,-1.7,-0.7,-0.6,-1.9,-0.6,-0.1,-0.1,-1.3,-1.4,-1.8,-1.3,-0.7,-1.5,-0.8,-0.5,-0.8,-1.4,-1.2,-1.5,-1.1,-1.4,-0.3,-0.7,-0.4,-0.6,-1.1,-1.2,-1.0,-2.8,-0.6,0.2,-0.3,-0.8,-1.2,1.2,-1.8,1.3,0.1,1.9,-0.4,0.8,-1.0,0.7,0.3,1.3,-1.0,0.1,-0.7,-0.0,-0.1,-0.1,-0.6,-0.2,-0.9,-0.4,0.4,0.7,-0.0,-0.5,0.3,0.1,0.1,0.3,-0.2,-0.6,0.4,0.9,0.5,0.3,0.6,-1.6,-0.4,-0.0,-0.5,-0.4,-2.3,-1.8,-1.9,-5.8,2.8,3.1,-0.9,-0.4,-0.6,0.2,1.0,-0.3,-1.5,-0.5,-0.5,-0.6,-0.1,-1.2,-0.5,-1.7,-0.6,-0.2,-0.9,-1.1,-0.0,-0.9,-1.8,-1.2,0.2,-3.3,-1.4,3.2,-0.2,-3.2,-0.5,-0.1,-1.0,-4.1,-4.4,-3.4,-1.8,-2.3,-1.0,-1.5,-6.7,-1.5,-2.3,-0.8,-1.4,-1.7,-1.6,-0.1,-3.0,-0.1,-1.1,-3.3,-4.3,-2.6,-2.4,-1.0,-0.4,-2.9,-3.0,-3.2,-2.1,-2.6,-1.4,-2.5,-2.3,-1.4,-0.7,-0.9,-1.8,-2.1
2C7L516m8R,0,48.102972,11.627627,4442270.21,2777937.09,538.4,584.1,250,7339,3.2,0.79,0.46,32.65,348.96,-0.53,-0.103,0.842,-0.8,0.2,-0.51,0.24,1.1,0.2,-0.3,-0.5,0.6,-1.5,0.8,0.6,-7.3,1.1,-2.6,2.4,4.4,2.2,-0.7,-10.7,-2.2,-0.8,4.7,-2.0,7.6,-0.5,9.6,2.3,2.2,0.1,1.5,0.4,-0.5,-2.0,0.8,-3.6,-4.2,-1.7,-2.9,-4.4,0.9,-4.0,5.0,2.1,0.5,6.3,-4.5,1.5,3.7,-0.8,4.5,1.9,0.2,1.2,-1.8,0.8,-0.8,-0.0,0.4,0.6,0.7,0.4,3.3,1.8,-1.2,0.3,1.1,0.6,0.7,1.4,3.3,-5.1,-3.5,-0.5,4.4,1.5,3.7,0.4,0.7,-0.8,1.4,3.9,1.9,3.0,1.1,2.6,4.3,3.0,1.2,4.4,-0.8,1.7,-3.0,-1.1,-4.8,2.1,2.0,-0.8,1.4,0.5,1.5,-3.3,2.7,0.0,0.6,-0.2,4.9,0.3,-0.8,-0.2,1.4,-0.5,0.0,1.9,-0.3,0.3,2.3,2.6,2.5,-4.8,0.9,-1.4,0.6,-4.4,-0.6,0.9,0.4,2.5,2.2,-2.0,1.7,0.0,1.9,0.7,0.0,-2.1,4.3,-4.1,-1.5,-4.7,0.8,0.2,-7.2,-4.9,-6.9,-3.2,2.2,-2.1,-4.4,2.5,3.1,1.5,0.1,-1.2,-0.7,2.2,6.6,-2.1,1.3,3.7,-0.9,-0.3,-2.6,-5.4,-0.1,-1.0,-1.4,-5.5,1.0,-19.0,-6.0,-1.2,1.2,-0.8,-2.8,-4.1,2.6,-3.0,-3.6,-3.5,-4.8,-4.0,-2.6,-1.6,-1.3,-0.6,-1.5,1.6,-0.2,-0.0,-1.9,-0.1,-2.9,-0.7,-2.7,4.7,-11.6,-8.7,-7.7,-8.8,-10.4,-11.8,3.0,2.1,-4.5,-3.1,-2.6,-1.4,-3.4,-2.8,-2.3,3.0,-1.2,-2.1,-2.9
2C7L516m8l,0,48.103136,11.628897,4442364.46,2777957.29,544.1,589.8,250,7359,3.1,0.76,0.45,32.65,348.96,-0.53,-0.103,0.842,-0.6,0.1,0.17,0.23,2.2,0.2,-0.3,-0.3,-0.8,0.9,0.2,-1.3,-2.2,0.7,0.0,2.2,-1.5,-2.1,-1.9,-0.1,-1.8,-2.6,-3.1,-5.1,-3.2,-7.4,-6.6,-6.5,-4.9,-5.2,-1.8,-1.5,-3.7,-4.2,-1.9,-6.1,-3.6,-7.9,-8.7,-5.1,-6.3,-6.9,-4.7,-4.7,-3.3,-3.4,-3.1,-4.4,-4.0,-3.4,-3.7,-4.4,-5.0,-4.9,-5.1,-6.8,-2.1,-4.9,-1.0,-0.7,-1.6,-2.8,-5.3,-1.4,-2.7,-2.6,-1.6,-4.7,-1.9,0.8,-3.2,-1.7,-2.2,-4.3,-3.4,-2.3,-1.9,-2.1,-4.0,-3.7,-2.7,-2.4,-3.6,-1.5,-1.9,-3.0,-10.8,-3.3,-4.3,-5.0,-7.1,-4.1,-6.6,-9.4,-8.8,-7.4,-6.1,-5.1,-7.5,-4.3,-6.8,-5.8,-3.9,-6.4,-7.9,8.4,-4.1,-8.5,-3.9,-7.4,-5.2,-6.2,-6.6,-4.3,-7.1,-3.8,-4.4,-4.4,-5.5,-4.9,-4.8,-3.1,-3.7,-5.4,-4.4,-6.4,-3.9,-4.7,-3.9,-4.3,-4.1,-1.3,-3.1,-6.1,-4.1,-3.5,-8.1,-3.1,-0.4,-5.2,-3.6,-5.8,-9.3,-7.6,-12.4,-3.2,0.4,-1.5,-7.6,-4.3,-4.0,-7.3,-8.5,-7.3,-6.9,-3.8,-3.6,-4.1,-1.9,-3.2,-3.6,-1.7,-6.8,-5.9,-5.1,-5.4,-10.3,-7.7,-7.4,-5.7,-7.1,-7.9,-7.9,-15.8,-8.0,4.1,-6.6,-8.1,-14.3,7.4,-0.0,3.3,5.2,-0.1,-1.4,-3.5,-1.8,-1.9,-1.5,2.7,-1.4,-1.0,-8.1,-12.1,1.1,-10.8,-12.5,-8.5,-5.0,-9.6,-8.9,-11.5,-8.5,-9.1,-16.6,-7.4,-13.1,-3.1,-9.4,-8.0,-6.3,-4.8,0.4,0.3,-3.9
2C7L516m8n,0,48.103121,11.628784,4442356.05,2777955.51,533.1,578.8,250,7361,3.1,0.76,0.46,32.65,348.96,-0.53,-0.103,0.842,-0.7,0.2,0.49,0.24,1.9,0.2,-0.3,0.5,-2.1,0.6,0.8,-2.7,-1.4,1.0,-0.8,-0.0,0.8,2.4,1.9,1.6,0.1,0.6,0.6,-4.0,-1.5,-6.4,0.3,0.1,-5.3,4.6,-0.1,5.9,-0.2,-3.2,-0.5,-6.4,-1.7,-6.9,-6.5,-4.9,-2.4,-7.8,-1.4,-5.2,-3.7,-1.0,0.2,-3.5,-0.1,-6.3,-4.3,-5.8,-1.0,-4.5,-2.1,-1.2,-3.3,3.4,3.7,1.7,3.3,1.4,-4.2,-2.1,2.4,-2.0,-2.5,-2.1,-1.8,-1.4,-3.9,-3.9,-4.5,-4.1,-3.1,-2.2,-2.4,-3.5,-4.6,-3.7,-2.9,-1.0,-0.6,-2.2,-4.3,-2.4,-12.4,-0.8,-1.7,-2.1,-4.5,-3.2,1.3,-2.4,-4.2,-1.3,-5.2,-1.9,-2.9,-4.8,-1.9,-7.0,-2.8,-2.0,-2.7,-3.6,-4.8,-2.6,-0.6,-3.9,-4.4,-5.8,-3.8,-2.7,-4.1,-1.7,1.0,3.7,-4.3,-0.5,-3.0,-2.3,-0.8,-1.8,0.7,-2.4,-3.3,-3.3,-1.0,-0.6,-2.6,0.5,-0.6,-2.1,-1.6,-1.7,-7.8,-4.8,-0.5,-3.6,-7.3,-9.0,-4.4,-4.8,-10.3,-5.8,-2.3,-4.1,-4.8,-6.5,-5.2,-6.5,-4.4,-2.7,-1.4,-2.5,-0.3,-1.4,-1.2,1.3,-2.6,-0.4,0.4,0.8,-11.5,-1.8,-3.5,-11.1,-5.3,-1.6,-7.2,-16.1,-2.8,-7.9,-15.0,-8.8,-10.2,-13.1,-2.5,-8.6,-4.2,-1.0,-3.5,-2.9,0.2,-10.2,-1.5,-4.6,-2.5,-2.8,-0.7,-0.5,-1.9,-0.3,0.6,-21.6,-9.0,-7.2,-9.5,-4.1,-6.6,-8.3,-4.0,-8.8,-1.9,-4.2,-4.7,-5.5,-1.3,5.1,-1.9,-0.6,-1.9,0.3,-0.3
2C7L516m97,0,48.103268,11.629925,4442440.76,2777973.68,533.6,579.3,250,7381,4.1,0.65,0.52,32.66,348.96,-0.53,-0.103,0.842,1.1,0.2,-1.11,0.31,1.8,0.3,-0.3,3.1,2.2,1.2,2.3,-0.4,1.8,-0.4,-2.0,-2.2,0.3,-2.5,-2.0,-1.7,-2.3,-1.7,-1.8,-1.3,-2.9,-3.6,-3.6,-4.5,-4.5,-2.7,-1.9,-2.3,1.5,1.9,1.7,0.8,0.6,-4.7,-3.8,-4.5,-2.2,-3.2,-3.0,-2.4,-0.2,-1.4,-2.3,1.1,3.2,-3.4,2.5,-3.6,-2.1,-1.3,-0.0,1.2,0.9,0.9,1.5,1.4,2.1,1.4,3.0,2.5,2.7,1.1,2.4,1.9,1.2,0.3,-1.5,0.7,1.5,-0.6,-0.3,1.8,-0.6,3.2,-1.3,2.3,-0.1,-0.4,-0.7,-1.1,-1.4,-0.4,1.5,-1.2,-2.8,-2.1,-3.3,-1.9,-4.1,-3.5,-1.5,-1.8,-0.6,-3.2,2.0,6.7,3.3,7.5,-0.5,1.3,-0.5,0.3,-2.8,-0.5,-1.3,-2.9,1.0,3.9,0.7,0.2,0.5,0.3,-0.7,4.9,3.2,1.3,2.2,3.2,3.8,3.8,5.0,3.8,4.6,8.9,5.2,5.2,5.7,5.0,2.4,5.7,8.7,5.9,4.4,8.6,-3.3,11.2,8.9,6.1,-6.9,-0.1,5.6,8.0,7.4,13.6,19.6,4.6,2.8,10.7,12.4,5.7,3.7,10.5,8.0,3.2,10.7,-1.1,-6.1,0.6,1.0,7.0,6.2,4.0,9.6,-4.9,-5.2,14.1,8.6,-2.9,8.6,6.9,-5.1,4.2,1.8,-1.3,7.4,-3.9,2.2,5.7,4.2,8.8,2.8,2.8,-3.1,1.7,1.4,2.1,-1.0,8.1,-0.5,0.4,1.6,2.6,-3.5,-4.0,-0.7,-2.2,1.6,0.6,-0.4,3.0,-4.3,13.9,2.0,-1.6,0.4,19.3,20.7,0.6,-1.0,15.0,-4.5
2C7L516mBO,0,48.104312,11.638056,4443043.9,2778103.05,536.6,582.2,250,7522,2.2,0.88,0.36,32.7,348.96,-0.53,-0.103,0.842,-0.5,0.1,0.16,0.17,0.6,0.1,-0.3,-0.9,0.8,-2.1,-0.7,0.5,-1.2,-1.5,-1.8,1.2,6.7,1.0,-1.1,6.4,1.3,-7.4,-0.3,2.8,0.9,-1.3,-1.1,-4.3,-2.5,-1.5,-0.8,-1.4,-2.9,-2.3,0.6,-1.4,-3.7,3.1,-1.9,-5.7,-8.0,-0.7,-4.6,-1.7,1.0,-2.4,-0.2,-1.7,-0.8,-3.7,-2.8,-2.2,-1.0,-0.5,0.5,-2.6,-0.1,-1.4,-2.8,-4.3,-1.9,-1.5,-1.4,2.6,-1.5,-1.9,-2.4,-2.1,-2.2,-3.4,-1.8,-10.9,-2.8,-2.8,2.8,-0.7,-2.1,-4.9,-2.1,-3.2,-1.4,-0.2,0.3,-2.9,-2.3,-5.4,-3.3,-0.7,-3.1,-0.7,-5.9,-3.5,-1.3,-2.9,-2.0,-4.5,-1.4,-1.4,-2.7,-1.0,-5.6,-0.7,-4.7,-2.5,-1.4,-1.6,-3.0,-1.9,-2.7,-0.8,-1.6,-1.3,-0.4,-1.7,1.5,-3.3,-1.7,-3.0,-1.1,-5.1,-0.3,-0.6,-0.9,-3.6,-0.2,-0.3,-2.9,2.2,-0.3,-1.6,-1.2,-1.1,0.1,-2.1,-1.6,-4.2,-4.0,-2.9,-0.9,-1.1,-2.3,-4.7,-4.7,-4.9,-1.4,1.3,-0.0,0.8,-3.5,-3.5,-4.7,-0.7,-2.2,3.3,-2.6,-1.7,-0.3,-3.4,-4.2,-1.9,-2.3,-1.9,-3.3,1.7,-0.5,-1.5,-4.1,-5.1,-10.0,-7.4,-6.8,-6.0,-2.5,-4.0,-4.5,-2.5,-3.4,-4.5,-6.2,-4.6,-1.7,-4.4,-3.2,-3.4,-4.6,0.1,0.1,-2.3,-2.7,-4.2,-4.0,-3.9,-4.2,-2.4,-1.0,-2.3,-3.1,-6.3,-1.9,-5.3,-5.6,1.1,-1.1,-2.1,-3.2,-3.0,-2.7,-1.7,1.3,-6.2,-6.0,-1.5,-4.2,-6.0,-1.3
2C7L516mBP,0,48.104314,11.638074,4443045.28,2778103.35,534.7,580.4,250,7523,1.5,0.94,0.23,32.7,348.96,-0.53,-0.103,0.842,-0.4,0.1,-0.09,0.11,0.8,0.1,-0.3,0.4,1.0,-1.6,-0.4,1.1,0.2,0.7,-0.1,-0.4,1.6,0.9,0.9,-0.6,0.1,-1.6,-0.6,-1.7,-0.8,-1.5,-2.8,-2.9,-2.6,-0.3,-0.9,-0.6,-0.9,-0.9,-1.1,0.2,-2.7,3.9,-5.2,-4.3,-6.8,-4.4,-3.0,-2.9,-1.4,-2.1,-1.6,-0.6,-0.4,-2.6,-2.3,-2.5,-2.2,-0.4,-0.8,-1.0,-0.2,-0.2,-0.7,-2.3,-0.8,-0.6,-2.0,0.4,-1.2,-1.0,-0.8,-0.7,-0.5,-3.8,-0.8,-9.9,-1.5,-1.3,1.3,-0.8,0.1,-0.7,-0.7,-1.0,-0.8,-1.2,-0.7,-2.1,0.2,-2.3,-2.1,-2.1,-2.4,-1.3,-1.4,-2.4,-1.7,-1.8,-2.8,-3.3,-2.5,-2.7,-3.8,-3.4,-4.8,-3.4,-5.1,-2.0,-2.3,-0.5,-2.1,-0.9,-2.7,-1.4,-1.1,-1.6,-0.4,-2.0,-0.8,-3.0,-2.3,-2.2,-0.9,-1.8,-0.9,-0.6,-2.1,-1.7,-0.4,-1.1,-1.5,0.4,-0.7,-1.6,-1.5,-0.7,0.0,-0.1,-1.2,-2.0,-2.4,-1.8,-0.9,-2.3,-1.3,-4.4,-4.6,-3.0,-1.4,0.2,1.2,-0.5,-3.3,-3.2,-3.9,-0.9,-0.7,2.1,-1.9,-0.2,-1.0,-1.3,-1.1,-1.0,-1.1,-1.3,-1.4,-1.1,-0.7,-1.1,-1.8,-3.6,-7.5,-4.7,-6.4,-5.5,-1.5,-0.9,-2.6,-0.1,-2.8,-3.6,-4.3,-5.1,-2.1,-3.1,-2.5,-2.1,-2.5,-6.8,-1.5,-2.3,-1.6,-3.1,-3.1,-3.2,-3.0,-1.7,-3.8,-3.7,-3.6,-4.9,-3.7,-5.2,-3.5,-0.6,-2.5,-4.0,-4.7,-2.5,-3.3,-4.4,-1.7,-4.4,-3.4,-1.6,-3.0,-2.7,-2.4
2C7L516m7h,0,48.102654,11.625004,4442075.61,2777897.41,537.6,583.3,250,7293,2.9,0.83,0.4,32.64,348.96,-0.529,-0.103,0.842,0.3,0.1,0.26,0.22,0.3,0.2,-0.3,-0.8,-0.5,-3.7,0.3,-1.4,0.6,-2.5,-1.3,-1.7,-0.2,-0.1,1.7,0.1,-0.7,-3.8,-0.7,0.2,0.7,-0.4,0.2,-1.9,0.8,-0.6,-0.6,0.2,0.6,0.9,2.7,-0.4,-1.7,-13.5,-2.1,-5.3,-3.6,-1.3,1.9,4.4,1.2,-7.6,9.0,1.9,1.3,2.7,0.5,-0.9,-1.9,0.5,-1.6,-3.4,-0.4,-4.7,-2.6,-2.3,-1.6,-2.1,-2.0,-1.4,-0.5,-4.0,-5.4,-1.1,-0.0,4.3,-2.2,0.2,-0.8,-1.0,0.3,-3.6,-4.6,-2.1,-4.2,-0.2,-1.6,-1.4,0.4,-2.9,-1.3,0.3,2.2,-2.5,-1.9,-1.7,-0.2,-3.2,1.2,-6.1,-2.5,1.9,-1.7,-2.1,0.3,-2.5,-2.0,-5.1,0.8,0.8,0.2,-5.3,-1.9,0.1,-0.8,0.1,-2.3,-1.0,-2.2,-3.6,-1.8,-4.6,-5.0,-2.6,-4.3,-0.3,-1.6,-1.0,-1.0,-1.4,-1.8,-0.2,-2.4,-4.2,-3.5,-4.4,-5.6,-2.8,6.7,-0.8,-0.3,-2.5,-2.1,-1.0,-1.8,-3.7,-3.1,-5.5,-5.7,-1.3,-5.1,-2.1,0.4,-1.6,1.0,-1.1,-0.8,-0.6,-1.9,3.1,2.6,2.8,-14.3,-0.7,0.6,7.2,3.2,-2.2,4.2,-1.3,1.2,9.3,0.3,-0.1,4.0,5.2,-5.7,-1.0,2.3,4.3,4.3,1.3,-1.3,-1.7,-1.3,-0.8,-2.1,1.6,-0.2,1.2,2.0,8.4,-0.6,-0.8,1.2,0.8,-1.1,0.1,0.4,-1.1,-1.8,1.7,-2.5,4.4,-2.7,-5.8,-2.8,-1.0,-0.9,2.6,-2.6,-2.2,-2.2,0.8,-2.2,-1.1,-0.5,-1.1,-2.3,1.2,3.0
2C7L516m7p,0,48.102711,11.62545,4442108.66,2777904.51,535.9,581.6,250,7301,2.6,0.85,0.41,32.64,348.96,-0.529,-0.103,0.842,0.0,0.1,0.44,0.2,0.6,0.2,-0.3,-0.8,0.7,-0.6,-1.0,0.8,-1.7,-2.1,-0.0,1.1,-0.9,1.1,0.2,0.7,-0.8,0.3,-1.0,-0.6,-1.9,-0.1,2.4,-1.7,-0.8,-0.4,-4.1,0.4,-0.5,1.3,-2.2,-2.3,-3.3,-13.2,-5.9,-4.6,-5.8,-2.1,-4.2,1.4,-1.0,-0.2,-0.4,0.3,-0.8,0.1,-1.3,-2.2,-1.1,-5.9,1.0,-2.0,-1.1,1.2,-1.0,-2.6,0.0,-0.6,1.0,0.0,0.2,2.5,0.1,0.0,1.3,-3.7,1.4,-1.8,-1.9,-0.9,-3.2,-2.7,-2.5,-2.5,-2.2,-5.3,-4.4,-1.5,-0.5,0.7,-0.7,-2.8,-1.4,-7.2,-1.5,-4.7,-0.5,-1.2,-1.0,-1.8,-7.8,-1.8,-0.1,-1.9,-3.6,-3.7,1.2,-4.8,2.3,-2.6,-0.6,-2.2,0.1,-2.9,-2.3,-1.9,-0.9,-1.5,-1.9,-1.6,-1.7,-5.8,-1.8,-3.1,-0.9,-0.5,-1.8,-2.9,-4.2,-5.1,-1.3,-2.3,-3.9,-1.6,0.7,-0.5,1.1,-1.1,-2.8,-1.6,1.2,-2.6,-1.5,-2.6,-3.3,-3.7,-1.7,-4.5,-3.0,-3.4,-5.2,-0.4,10.4,-2.5,-0.3,-7.4,2.0,2.7,0.7,-2.2,-4.0,1.7,0.3,-9.6,-3.5,1.0,-12.5,-0.5,1.6,0.3,-1.4,1.2,0.3,-2.7,-2.2,-0.2,-4.0,-4.7,2.0,-0.9,-2.7,0.4,-0.7,-0.0,-2.2,-4.4,0.4,-1.2,-2.8,-0.3,-1.4,-13.6,1.2,5.4,-2.1,1.8,-1.3,0.4,-2.4,-1.0,1.2,0.5,-3.3,-4.1,-4.0,-2.7,-6.4,-1.8,-2.2,-2.0,-2.7,2.9,-0.9,-0.2,2.6,-1.2,1.6,-1.1,3.6,-1.4,0.1
2C7L516m7q,0,48.102717,11.625495,4442111.99,2777905.22,535.3,581.0,250,7302,2.1,0.9,0.42,32.64,348.96,-0.529,-0.103,0.842,-0.6,0.1,-0.16,0.16,0.5,0.1,-0.3,-1.3,0.4,-1.2,-0.3,-1.5,-0.0,-1.7,0.9,-1.9,0.8,2.1,0.3,-0.1,-0.9,-2.1,-1.7,-0.8,-2.1,2.1,0.0,-0.3,-0.2,-0.9,-2.5,0.2,-0.6,0.6,0.2,-1.4,-2.4,-11.2,-5.7,-4.5,-4.6,-0.9,-2.8,1.7,-1.2,1.3,0.5,0.9,-0.3,1.1,0.1,-0.8,-0.9,-1.7,-0.8,-2.5,-1.2,0.5,-0.1,1.1,0.2,-0.6,1.8,0.5,-0.9,1.5,-1.5,1.2,0.6,-0.8,1.2,-3.8,-0.2,-1.1,-1.8,-3.5,-2.9,-2.1,-1.7,-3.7,-3.7,-1.6,-1.1,-0.4,-1.8,-2.4,-0.2,-2.8,-0.9,-3.5,0.1,-1.9,-1.4,-1.2,-6.8,-0.7,2.3,-2.0,-4.1,-3.2,0.5,-4.4,0.2,-2.0,0.9,-2.4,0.2,-1.2,-1.4,-1.3,-0.1,-0.9,-0.5,-1.9,-2.7,-3.1,-2.0,-4.9,-0.7,-1.9,-1.0,-1.5,-3.7,-4.0,-3.6,-3.1,-2.6,-0.1,-3.8,-1.7,-4.5,0.4,-0.3,-0.6,1.7,-1.2,-2.5,-4.0,-2.4,-3.1,-1.4,-1.0,-4.9,-2.1,-6.6,-2.4,4.9,-1.6,-1.3,-1.3,-0.8,-1.5,-1.5,1.0,-2.5,-2.4,-3.4,-3.1,-3.6,-0.4,-4.2,-0.1,-0.3,-3.6,-1.4,-2.3,-2.0,-3.5,-1.2,-1.2,-7.2,-3.1,0.2,-2.6,-5.8,-0.7,-2.4,-2.4,-4.1,-4.1,-2.0,-2.3,-1.2,-3.2,-2.0,-5.7,-2.4,-1.4,-1.6,-3.6,-3.0,-1.3,-1.2,-3.5,-1.2,-3.0,-3.6,-7.0,-6.2,-2.7,-7.6,-3.6,-4.2,-7.6,-4.1,-7.9,-1.8,-2.3,-17.0,-2.5,-1.5,-0.7,0.8,-2.4,-3.4
2C7L516m8X,0,48.103066,11.628213,4442313.68,2777948.46,550.2,595.9,250,7345,2.3,0.9,0.3,32.65,348.96,-0.53,-0.103,0.842,-0.7,0.1,-0.23,0.17,0.4,0.2,-0.3,0.2,-0.2,-1.2,0.2,-0.9,-9.3,0.2,2.9,3.6,-1.6,3.5,3.3,0.3,-0.2,-0.2,-0.4,0.2,-1.7,-1.3,-1.5,-1.3,-0.5,4.3,0.9,2.3,0.8,4.2,-3.0,7.0,-1.7,-14.0,-4.0,-2.9,-1.0,-1.1,-0.4,2.0,1.3,5.4,-0.9,4.2,2.9,1.0,-0.5,1.5,1.7,11.5,2.9,1.6,0.2,0.6,0.6,0.6,-0.4,-0.4,-0.6,-0.4,0.0,1.2,1.1,-0.4,-1.4,-0.7,-1.0,4.0,4.5,1.3,1.2,-0.9,-0.3,1.7,-0.3,0.9,-0.5,-0.6,-0.8,0.0,-0.5,-0.3,-1.2,-1.8,-0.8,0.7,-0.7,-0.6,-0.2,-0.4,-2.2,0.0,0.5,-1.1,0.0,1.2,0.5,-1.0,2.3,1.9,1.8,0.0,1.2,-0.7,0.9,-0.1,0.9,-0.0,0.6,-0.3,0.2,-0.7,-1.1,-1.2,0.0,-0.9,-0.1,-0.7,0.9,1.6,-1.2,1.0,0.5,1.7,0.7,2.4,-1.5,-1.7,-0.9,0.2,-1.5,-1.5,-3.0,-2.3,0.0,-1.1,0.0,-2.1,-1.4,-1.5,-5.3,1.4,0.3,5.6,0.2,-1.6,-1.1,-0.0,-0.7,-7.7,-1.2,-1.3,-1.7,0.0,-2.1,-1.6,-2.2,-2.0,-0.7,-1.0,-1.2,-0.1,-1.1,-2.5,-3.0,-1.2,-4.3,-1.9,1.6,-1.2,-2.9,-0.6,-0.6,-1.7,-3.3,-4.8,-1.2,-1.7,-0.7,-1.6,-2.0,-12.5,-2.4,-3.0,-1.4,-1.2,-2.1,-2.2,-1.9,-2.8,-1.6,-2.7,-4.7,-4.7,1.2,-2.2,0.1,-1.2,-2.6,-2.5,-2.2,-3.1,-3.6,-1.6,-3.1,-2.3,-2.1,-2.3,-2.1,-2.9,-3.4
2C7L516m8b,0,48.103097,11.628449,4442331.21,2777952.22,549.1,594.8,250,7349,2.0,0.92,0.23,32.65,348.96,-0.53,-0.103,0.842,-0.3,0.1,0.33,0.15,0.5,0.1,-0.3,-1.4,-0.8,-1.3,-1.2,-1.8,11.1,-0.8,-0.8,-0.2,-0.8,-0.4,8.5,-0.3,-0.4,-0.3,-0.6,-0.6,-1.6,-1.5,-2.8,-2.4,-1.9,2.1,-0.0,0.4,-1.0,0.7,2.3,0.4,-2.6,-3.7,-5.5,-3.4,-2.4,-2.9,-1.5,0.9,-0.0,0.4,-0.8,0.5,0.8,1.0,-0.2,-0.1,-1.3,-0.9,-0.5,-1.7,-1.0,-0.4,-0.9,-0.8,-1.0,-1.0,-1.3,-1.2,-1.6,-0.9,-1.7,-1.8,-1.1,-6.5,-1.7,-2.0,-1.7,-2.3,-2.6,-2.4,-1.7,-2.9,-2.3,-2.3,-1.2,-1.3,-1.1,-0.8,-0.9,-0.5,-2.0,-1.9,-1.5,-1.6,-2.0,-2.0,-1.4,-1.3,-3.1,-1.5,-0.7,-2.1,-1.6,-1.7,-0.6,-2.0,1.0,-0.4,0.8,-0.7,0.3,-2.3,0.2,-0.9,0.5,-1.5,-0.5,-1.3,-0.7,-0.6,-1.3,-2.2,-1.0,-1.5,-1.2,-1.1,-1.6,-1.5,-1.5,-1.7,-1.7,-1.6,-1.3,-1.6,-2.0,-1.3,-0.2,-0.3,-0.6,-1.2,-4.5,-2.8,-1.8,0.6,-0.3,-2.3,-2.7,-2.1,-5.0,0.8,0.9,2.1,-1.4,-1.7,-1.9,-1.3,-1.6,-0.3,-2.0,-2.7,-1.7,-2.0,-2.7,-1.4,-1.2,-1.4,-2.3,-2.9,-0.8,0.3,-0.2,-2.6,-3.4,0.2,1.3,-2.8,2.0,-1.9,-3.4,-1.2,-0.0,-1.6,-4.0,-1.1,-1.3,-2.8,3.7,-2.5,-2.9,-15.1,-3.5,-2.7,-3.2,-3.0,-3.8,-3.2,-2.4,-1.5,-2.4,-3.5,-4.6,-4.6,3.8,-2.5,0.3,-1.2,-1.8,-3.6,-3.5,0.3,-3.8,0.3,0.1,1.1,2.5,2.1,-0.4,-2.1,-2.1
2C7L516m8c,0,48.103092,11.628411,4442328.34,2777951.61,544.4,590.1,250,7350,2.4,0.88,0.34,32.65,348.96,-0.53,-0.103,0.842,-0.6,0.1,0.44,0.18,0.0,0.2,-0.3,-2.2,-1.5,-1.2,-2.5,-1.9,9.6,-0.5,-0.2,-0.1,-3.9,0.1,7.9,1.5,-0.8,1.5,0.3,-0.2,-1.6,-2.1,-3.7,-4.2,-3.7,-4.4,-2.5,-1.3,-3.6,-4.4,7.1,5.4,-0.8,-0.3,-4.7,-2.1,-0.8,-1.9,-1.0,1.8,-0.5,0.2,-1.3,-1.3,0.3,2.2,-0.2,-0.0,-2.3,-1.8,-0.9,-1.3,-1.2,-0.4,-1.6,-0.6,-1.5,-1.8,-3.2,-2.2,-3.7,-2.3,-2.6,-2.6,-1.2,-4.8,-1.3,-5.0,-3.2,-3.9,-4.6,-2.9,-2.0,-5.0,-2.6,-4.6,-0.8,-0.8,-0.3,0.9,0.2,-0.5,-2.7,-2.5,-2.5,-2.5,-3.1,-4.5,-2.2,-4.1,-4.8,-2.6,0.4,-1.6,-3.1,-2.7,0.3,-2.7,1.0,-0.6,-0.5,-1.8,-1.8,-4.2,-1.7,-2.6,-2.1,-4.3,-2.8,-4.0,-2.5,-2.9,-3.5,-5.5,-3.7,-3.2,-4.1,-4.7,-2.6,-2.1,-3.9,-2.2,-2.4,-1.2,-2.0,-2.2,-0.9,-0.5,0.9,0.2,-0.7,-0.8,-6.7,-4.0,-4.3,-4.9,-2.7,-6.4,-6.2,-4.6,-6.0,-0.8,-0.3,0.7,-3.3,-3.5,-3.3,-1.8,-1.9,-2.6,-2.7,-3.4,-2.5,-2.4,-1.9,-1.2,-0.6,-1.7,-2.2,-2.2,-2.2,-1.0,-2.4,-5.1,-5.5,-2.8,-6.0,-3.8,1.2,-3.6,-5.0,-0.9,-0.0,-2.5,-6.2,-3.7,-4.0,-4.7,2.9,-3.8,-3.1,-13.0,-4.2,-2.4,-4.4,-0.8,-3.3,-4.3,-2.3,-5.0,-4.1,-6.3,-7.7,-5.5,6.9,-5.2,1.4,-4.1,-2.5,-5.7,-6.0,-4.7,-4.3,-4.3,-2.5,0.5,-1.4,-1.7,-4.1,-3.8,-1.0
2C7L516m9G,0,48.103374,11.630611,4442491.58,2777986.63,542.5,588.2,250,7390,1.7,0.92,0.3,32.66,348.96,-0.53,-0.103,0.842,-0.7,0.1,-0.12,0.13,0.9,0.1,-0.3,0.2,0.7,-0.9,-1.9,-0.4,1.1,0.8,0.0,1.4,-4.1,1.2,0.6,0.6,1.5,3.0,1.0,1.1,0.0,0.8,1.4,-0.4,-1.3,1.3,2.2,2.4,2.8,3.1,2.4,0.1,1.0,2.5,-3.6,-2.3,-4.0,0.3,-0.1,4.7,5.0,-0.4,1.8,1.8,3.0,3.0,2.4,2.4,1.9,1.9,1.4,1.3,1.7,1.0,2.1,1.4,0.3,0.4,1.2,0.4,-0.0,0.3,0.9,0.4,1.1,-1.9,-0.6,-8.4,1.9,-1.3,-3.1,-1.2,-1.8,-0.8,-1.0,-0.2,0.7,0.9,-0.9,-1.3,-2.2,-1.6,0.0,-1.3,-0.1,0.4,-1.9,-1.1,-0.9,-1.0,2.0,0.5,3.6,1.3,2.8,0.1,0.8,2.5,2.2,2.0,3.3,1.1,1.8,0.7,2.0,1.9,2.0,1.9,1.8,0.6,1.5,2.3,0.8,1.2,0.4,0.9,-0.3,1.0,1.4,0.1,-0.4,0.9,1.5,-0.3,1.6,-0.0,-1.3,-0.8,-0.3,-0.6,1.5,-1.3,-1.3,1.3,0.1,2.2,1.9,1.4,0.3,-0.0,-3.0,2.3,0.8,1.0,0.2,-2.1,0.7,1.0,0.9,-3.6,0.8,-0.5,-2.3,-2.9,-0.8,-0.1,-1.1,-1.0,-1.9,-1.0,-1.5,-1.8,-1.0,-2.1,-2.3,0.7,-2.9,-3.3,0.9,0.1,-1.5,0.5,-0.4,0.6,-2.3,-5.0,-2.8,-2.8,-7.9,-1.1,-2.1,-8.9,-1.2,-3.9,-2.7,-2.8,-3.6,-3.5,-3.0,-1.6,-1.7,-2.0,-2.9,-4.3,-0.7,-1.3,-1.7,-1.2,-2.2,-2.8,-1.8,-2.0,-0.8,-1.8,-1.1,-1.4,-1.0,-1.4,4.9,-1.1,-0.5
2C7L516m9H,0,48.103367,11.630554,4442487.32,2777985.73,536.7,582.4,250,7391,1.2,0.97,0.18,32.66,348.96,-0.53,-0.103,0.842,-0.7,0.1,0.1,0.09,0.3,0.1,-0.3,-0.3,-0.2,-0.1,0.7,-0.2,0.9,-0.2,0.6,0.9,1.4,0.9,1.1,0.6,0.6,-2.6,-1.2,-1.6,-2.2,-2.2,-1.8,-1.4,0.1,-0.7,1.1,3.8,0.7,0.6,0.7,0.6,-1.9,-1.0,-5.7,-3.7,-3.8,-2.3,-2.8,-0.7,-0.0,-0.5,-1.0,-1.0,-1.4,-1.1,-0.9,-1.3,-2.5,-1.9,-1.4,-1.3,-1.4,-1.1,-0.6,-2.0,-2.7,-2.0,-0.8,-1.5,-1.1,-1.2,-1.7,-1.4,-1.3,-0.2,-2.2,-1.0,-1.7,-1.9,0.2,-2.3,-1.1,0.3,-1.2,-0.8,-1.9,-1.5,-1.9,-0.7,-1.7,-0.5,-1.5,-1.5,-0.3,-0.5,-1.1,-0.6,-0.7,-1.1,-1.9,-2.5,-2.1,-2.2,-4.2,-3.3,-3.3,-3.3,-1.3,-1.6,-1.5,-1.4,-1.8,-3.2,-2.8,-2.4,-1.5,-1.8,-0.8,-0.7,-1.9,-1.9,-1.9,-2.3,-1.7,-1.8,-1.5,-1.9,-1.3,-2.2,-2.0,-2.1,-2.7,-3.1,-1.8,-1.7,-2.4,-2.0,-1.7,-0.8,-1.1,-1.8,-3.7,-2.6,-0.9,-0.0,-0.9,-2.5,-3.2,-2.1,-5.9,-3.3,1.1,0.3,-1.1,-2.0,-1.9,-1.2,-2.2,-0.4,-4.5,-2.9,-1.6,-2.0,-3.1,-2.3,-2.7,-3.1,-2.7,-2.1,-2.2,-2.5,-2.2,-2.6,-5.4,-3.0,-4.9,-5.0,-1.2,-2.2,-4.3,-1.5,-1.7,-3.1,-4.7,-4.5,-3.7,-3.4,-3.2,-3.7,-2.9,-2.6,-3.8,-4.2,-3.2,-3.5,-3.9,-3.1,-3.2,-4.2,-2.3,-3.4,-6.1,-6.6,-4.3,-4.3,-3.4,-2.9,-3.0,-4.2,-4.0,-3.0,-2.9,-2.7,-3.0,-4.2,-3.1,-1.8,-2.9,-3.6,-3.3
2C7L516m9I,0,48.10337,11.630575,4442488.88,2777986.07,534.9,580.6,250,7392,1.8,0.92,0.27,32.66,348.96,-0.53,-0.103,0.842,-1.0,0.1,0.0,0.14,0.5,0.1,-0.3,-1.1,0.7,0.6,1.5,0.6,1.7,0.0,1.2,2.0,2.6,1.4,2.1,0.3,1.5,-1.9,-0.4,-0.5,-1.7,-1.3,-2.2,-0.4,1.1,-0.2,3.0,-5.1,2.0,2.2,0.8,0.3,-3.2,-4.5,-6.4,-4.3,-4.5,-3.5,-4.4,-1.9,-0.8,-1.1,-2.8,-2.0,-2.7,-2.5,-1.7,-1.7,-2.9,-2.5,-2.2,-0.5,-2.9,-1.8,-2.9,-5.6,-6.1,-4.4,-4.5,0.3,-0.6,-1.0,-0.9,-1.3,-1.3,3.4,-3.6,-4.1,-0.6,-4.5,1.3,-2.2,-1.1,-6.1,-1.0,-0.1,0.2,-0.9,-2.9,0.2,-0.7,-0.5,-1.0,-2.0,-0.0,1.3,0.3,-0.6,-1.9,-1.6,-2.9,-2.8,-2.6,-3.4,-6.5,-4.4,-2.7,-2.8,-1.1,-3.0,-1.2,-1.1,-2.0,-3.4,-3.6,-3.3,-2.5,-2.6,-1.7,-0.5,-2.8,-2.2,-2.9,-3.2,-2.4,-2.8,-2.6,-0.7,1.2,-2.3,-1.3,-1.3,-3.8,-2.8,0.7,-0.8,-1.9,-2.7,-0.9,-0.6,-1.7,-3.2,-4.8,-3.8,-1.4,-0.6,-1.6,-3.8,-4.2,-2.4,-7.6,-2.7,-1.9,-1.0,-3.2,-1.5,-3.2,-1.3,-4.0,1.7,-7.1,-4.4,-3.8,-2.5,-3.8,-4.6,-4.6,-5.4,-4.1,-4.2,-3.9,-3.9,-3.3,-5.1,-6.8,-3.8,-5.5,-6.1,0.9,-2.9,-5.6,-3.8,-3.4,-4.9,-6.5,-5.4,-5.1,-3.4,-3.3,-5.0,-4.6,-4.1,-5.7,-5.9,-5.0,-6.3,-5.8,-5.3,-5.8,-4.9,-3.7,-5.3,-8.4,-6.8,-7.1,-6.2,-5.4,-3.9,-3.3,-5.0,-5.1,-4.1,-4.1,-1.7,-8.1,-5.6,-4.6,-1.5,-7.2,-5.8,-5.3
2C7L516mBa,0,48.10443,11.638831,4443101.4,2778117.44,542.3,588.0,250,7534,3.2,0.78,0.43,32.7,348.96,-0.53,-0.103,0.842,0.3,0.2,0.78,0.24,0.4,0.2,-0.3,0.1,-0.8,2.0,0.5,-1.2,-1.7,1.9,-0.8,2.2,-3.3,0.8,0.1,-3.5,1.7,-1.3,-1.1,-3.2,-0.6,-2.0,-2.0,-3.9,-6.4,-1.4,-2.5,-0.6,1.7,-3.5,1.0,0.4,-0.1,6.3,-14.4,-5.3,-9.7,10.7,-4.7,-5.1,-0.5,1.1,-1.7,1.5,0.8,-1.1,1.1,0.1,2.5,-2.3,-2.1,2.2,-2.4,-1.2,-0.6,2.0,0.8,-0.7,-1.9,-1.3,-2.1,-2.0,-0.7,-0.3,1.3,1.2,1.2,-7.7,-1.8,-3.5,-1.0,-4.2,1.6,-2.0,2.9,-5.0,-3.0,-2.6,-1.8,-0.6,-2.3,-3.3,-1.3,-3.8,-1.1,2.9,4.9,-1.7,-0.6,-2.4,-2.5,0.5,-3.4,-4.7,8.3,-3.6,-7.7,-7.2,-1.3,-2.5,-5.9,-0.5,-0.6,-2.9,-5.1,-3.5,-5.3,-0.3,-6.0,-3.4,1.5,-2.9,0.2,0.8,-0.6,-1.4,-1.0,-1.3,-4.2,-3.5,-5.1,-7.8,-6.0,-1.6,-8.1,-4.1,-1.7,1.9,-3.4,0.0,2.2,0.5,-3.5,1.7,-3.7,-3.3,1.9,-4.8,-3.2,-2.8,-1.8,6.1,3.4,-0.6,-3.2,-5.5,-4.4,-2.7,-2.3,2.7,1.8,0.8,1.0,-0.2,-0.7,-1.4,-1.9,-6.9,-3.0,-2.3,-1.9,-2.6,0.3,-1.7,-4.9,-5.3,-4.1,-5.2,-0.7,9.0,1.1,2.6,7.2,1.6,-8.0,0.7,-6.8,-1.7,-0.1,0.4,-1.5,-3.9,5.1,6.1,-1.4,3.8,0.5,-2.8,3.5,-2.2,0.5,-2.7,-3.4,1.6,-0.4,-4.6,0.2,2.5,0.6,3.6,0.6,1.0,1.3,-1.5,-0.7,5.1,2.4,1.8,-0.1,-0.7,3.0
2C7L516mBb,0,48.104429,11.638824,4443100.87,2778117.33,539.2,584.8,250,7535,3.1,0.78,0.42,32.7,348.96,-0.53,-0.103,0.842,0.2,0.2,0.31,0.24,0.8,0.2,-0.3,-1.1,-0.8,-0.1,-0.8,-0.9,-1.1,-0.5,-2.5,-0.2,-3.8,0.3,-0.8,-2.0,-1.8,-2.1,2.9,-0.3,-3.7,-1.5,-6.4,-3.5,-3.2,-0.3,1.2,-1.0,1.4,-1.2,1.5,-1.1,-0.2,8.8,-4.5,-1.6,-2.1,0.3,-0.5,1.1,-0.6,2.9,0.4,1.1,1.7,-0.6,1.0,4.3,1.6,2.0,-0.6,0.4,3.2,2.7,5.5,0.9,3.6,2.4,-0.1,-2.5,-0.5,1.3,-0.4,-3.0,-4.6,-1.1,-7.3,-0.1,1.0,-4.0,-4.5,-11.3,-2.1,-0.7,2.2,-1.4,-1.0,-2.7,-1.3,0.7,-1.2,-3.2,1.0,-5.4,-2.1,-0.6,1.6,-0.5,-1.2,-0.2,-0.9,-1.1,-3.7,1.2,-3.0,-3.8,-3.1,-3.8,1.3,1.7,-2.2,-0.3,-1.2,-6.8,-5.9,-6.1,2.4,1.6,-0.4,-0.4,-0.9,-1.2,1.0,2.8,0.3,-3.1,-0.2,-0.8,-7.1,-9.4,-7.5,-6.0,-4.8,-8.6,-4.3,-3.1,-0.0,2.2,2.3,5.8,-2.3,2.2,1.0,3.1,-0.6,-2.8,6.9,-8.5,-0.3,-3.6,1.3,3.8,3.2,-0.9,-2.1,-0.4,-0.6,-0.9,-8.3,0.3,2.4,8.8,4.4,4.7,-5.0,4.2,1.2,-3.3,1.2,-1.1,2.7,-2.1,-2.7,4.4,-4.7,-1.5,-0.8,1.9,-0.4,2.1,5.9,4.5,5.4,7.1,-9.1,-0.2,-2.3,-0.9,-4.2,-1.0,0.7,-1.2,2.1,0.0,0.6,1.4,-2.0,0.3,1.8,-1.3,0.5,-3.1,-2.6,-2.3,-2.5,-1.2,-0.1,2.4,0.0,2.6,1.3,-0.9,0.8,-4.1,1.5,2.4,3.5,1.9,2.2,-5.2,0.7
2C7L516m76,0,48.102397,11.62286,4441916.5,2777865.36,534.9,580.6,250,7256,4.5,0.58,0.45,32.6,348.92,-0.529,-0.104,0.842,-0.5,0.2,0.09,0.34,2.6,0.3,-0.3,-4.2,-2.4,-0.0,4.4,0.9,-8.8,-0.6,-10.8,-7.8,11.8,-10.3,4.3,11.4,13.7,7.0,12.0,4.4,3.7,-0.8,6.4,2.0,3.1,7.5,8.5,5.4,6.4,7.1,5.5,2.7,2.0,12.6,4.8,2.7,11.0,4.9,3.7,9.3,10.7,15.6,11.1,-4.6,4.6,4.5,-1.1,5.3,-5.4,-0.5,3.1,-0.3,-2.2,3.1,-1.4,2.5,-5.3,-3.0,-3.9,6.2,-1.3,2.7,3.2,4.4,5.8,2.7,-2.7,-5.0,1.8,-4.7,-4.9,-4.3,-6.0,-1.4,-0.3,0.1,2.7,4.8,4.3,4.1,5.7,2.9,1.4,4.5,5.5,1.4,2.7,10.4,2.7,4.9,0.0,3.9,3.6,2.5,5.8,1.2,4.5,2.5,2.4,0.7,5.4,5.2,4.9,4.1,2.6,6.9,5.2,1.5,3.4,2.6,4.3,2.0,3.0,3.8,5.8,0.9,0.7,3.0,1.8,-7.1,0.7,2.7,2.9,1.0,5.1,7.4,3.6,-2.4,-1.8,3.8,3.7,-0.0,3.1,0.2,-1.7,3.6,0.9,5.7,3.8,2.9,-3.0,3.9,2.3,1.5,0.2,-2.9,-3.5,-2.9,-11.1,9.3,3.4,5.1,-12.0,9.5,3.3,0.5,0.8,-0.7,3.8,4.6,3.8,2.2,3.3,3.6,-1.3,0.7,0.3,-2.1,8.5,-0.6,0.0,4.6,2.1,-1.3,-1.2,-2.7,-0.8,-6.8,4.4,2.3,-3.3,-3.4,-8.7,-2.5,-3.1,-2.3,1.1,-2.0,4.0,3.7,1.2,4.6,8.6,4.9,1.6,6.4,-3.5,-9.4,14.8,7.1,-5.4,9.1,5.1,3.4,3.7,4.8,4.6,-4.6,-9.1,-11.7,2.8
2C7L516m7i,0,48.102702,11.625236,4442092.78,2777903.15,546.4,592.1,250,7294,3.6,0.79,0.45,32.64,348.96,-0.529,-0.103,0.842,0.4,0.2,-0.22,0.27,0.7,0.2,-0.3,0.6,-0.3,-1.5,0.4,0.8,0.8,-0.9,1.6,-0.5,0.1,0.3,1.5,1.2,-0.5,-1.0,1.8,-2.5,1.3,-3.1,4.9,2.4,1.7,2.5,2.3,3.6,2.2,2.2,1.2,0.6,-1.6,-14.8,3.1,-2.3,-2.6,-0.1,-0.5,5.6,3.9,2.1,5.8,0.9,3.2,3.6,8.8,2.4,6.4,2.2,1.2,-2.2,0.8,-2.7,-0.2,-0.5,-0.9,-0.1,-3.6,-0.4,1.3,-1.2,-1.9,-3.5,1.0,0.5,-0.2,-1.9,1.1,1.1,-0.5,-1.1,-1.5,0.0,-4.9,0.3,1.4,-1.9,1.4,-2.2,2.2,2.2,3.2,-0.9,-0.2,-0.6,3.1,-0.4,4.3,0.6,2.2,6.5,2.6,0.4,3.9,3.7,1.1,-1.8,6.0,3.7,3.1,-1.5,5.1,7.0,-1.1,0.5,2.6,0.3,2.9,1.2,4.6,1.1,2.2,2.4,4.3,4.4,1.9,1.2,3.0,-2.8,2.9,5.0,4.7,-4.3,4.0,4.7,1.2,4.5,5.4,4.1,5.3,3.9,1.4,3.3,-0.9,3.7,-1.0,-0.2,-0.4,0.8,-2.4,0.9,1.0,2.5,1.5,0.6,0.9,2.9,2.3,0.9,1.9,2.3,0.8,3.1,-0.4,2.9,2.2,1.1,2.6,2.6,2.8,-13.4,0.3,-3.5,6.6,4.9,-0.5,2.8,9.6,4.8,6.9,5.0,2.6,4.0,4.1,0.4,2.6,2.1,-0.3,2.3,4.6,-13.5,5.1,3.9,6.6,4.7,4.5,3.0,3.5,1.5,0.7,5.9,4.3,2.2,13.8,-13.8,-5.2,2.5,4.3,7.7,0.3,7.5,-2.5,5.7,5.5,8.9,5.9,-3.8,-11.1,6.9,-0.6
2C7L516m80,0,48.102818,11.626139,4442159.75,2777917.53,540.1,585.8,250,7312,3.5,0.74,0.42,32.64,348.96,-0.529,-0.103,0.842,-1.9,0.2,-0.17,0.27,0.8,0.2,-0.3,-0.1,-2.5,-3.5,-4.5,-3.6,-1.0,-4.9,3.5,4.0,3.0,3.8,3.5,5.7,4.5,5.8,5.6,2.1,7.5,4.8,-0.4,-1.0,-3.5,0.8,-1.3,7.7,0.9,3.0,1.8,3.5,-2.4,-6.3,1.8,6.8,4.6,1.4,-9.8,5.8,13.7,-7.4,5.4,1.3,0.4,-4.8,-0.6,-1.8,0.8,1.7,-0.9,-1.0,-3.9,2.2,0.8,-6.0,-10.5,-9.7,-6.1,-2.1,-1.5,9.7,-7.5,-2.0,-2.1,-1.6,-7.0,2.3,4.9,-4.0,-2.4,-2.4,-0.8,-3.0,-4.2,-2.3,-4.5,-1.8,-1.4,-2.2,-0.2,-1.1,-1.3,-0.5,-3.1,-0.7,-1.3,-4.2,-4.0,-3.6,-7.8,-6.6,-4.5,-1.3,0.2,-3.6,5.1,-0.6,2.5,-0.4,-1.8,-3.8,-0.9,-0.2,2.7,0.6,-0.8,-2.2,-0.7,-1.6,-0.4,-3.7,-1.4,-1.2,-1.0,-0.7,-1.4,1.4,0.3,-3.3,-1.2,0.1,0.8,1.2,4.1,1.5,-0.5,0.7,4.3,-0.5,0.1,-1.3,-3.2,-1.6,-3.4,-1.8,-0.9,-6.7,-7.7,-6.0,-8.8,-3.1,1.3,-4.3,-4.8,-3.4,-4.1,1.5,-5.5,-7.1,-5.2,-5.2,-4.6,-6.9,-4.5,-4.4,-5.3,-7.1,-4.5,-1.7,-5.8,-5.5,7.7,-12.0,-4.5,-4.9,-0.9,-9.4,-3.5,-5.0,-3.3,-4.8,-2.6,-5.6,-9.3,-12.1,-7.7,-11.6,-8.3,-11.2,-7.5,-9.7,-12.1,-9.3,-8.4,-10.7,-9.0,-5.4,-7.0,-8.0,-10.4,-3.3,-8.8,-5.5,-7.4,-3.2,-7.1,-6.0,-3.9,-8.0,-9.9,-6.8,-9.6,-7.1,-7.7,-7.6,-7.1,-7.5,-5.5,-6.9,-8.0
2C7L516m8Z,0,48.103098,11.628316,4442321.28,2777952.16,548.7,594.4,250,7347,2.5,0.82,0.36,32.65,348.96,-0.53,-0.103,0.842,0.9,0.1,1.35,0.19,0.5,0.2,-0.3,-1.7,-2.2,-4.6,-1.1,-3.6,-2.5,-1.2,-3.8,-3.0,-1.8,1.7,-0.6,-0.6,-2.9,-1.7,-1.8,-1.0,-1.1,-2.2,-2.7,-3.2,-4.0,1.5,0.7,0.2,-3.3,2.5,1.6,-1.0,-4.5,-6.7,-8.6,-6.6,-4.8,-2.1,-2.9,0.5,-0.5,-1.1,-0.9,0.2,-0.9,-0.4,-1.6,-1.7,-2.2,-1.7,-1.8,-5.9,0.1,-1.5,-1.8,-3.1,-1.4,-1.6,-3.2,-4.0,-3.8,-2.0,-2.8,-5.0,-5.7,-1.1,-4.0,-8.8,-5.7,-1.4,-6.0,-7.3,-7.6,-5.8,-3.9,-6.1,-5.0,-4.2,-4.0,-1.8,-2.8,-3.0,-5.3,-4.9,-5.1,-3.5,-3.7,-4.8,-3.1,-5.0,-7.0,-5.7,-4.5,-5.4,-6.0,-3.0,-4.1,-7.9,-0.2,-3.0,-3.7,-3.8,-3.0,-3.1,-2.7,-3.0,-4.3,-2.7,-3.0,-5.2,-2.0,-5.5,-5.1,-3.8,-3.0,-3.8,-5.1,-5.9,-3.5,-4.4,-6.2,-4.6,-3.1,-5.7,-1.1,-5.4,-5.6,-4.2,-2.2,-1.8,-3.8,-3.2,-7.8,-3.9,-7.1,-5.5,-4.7,-7.9,-5.9,-6.8,-9.4,-6.7,-15.2,3.6,2.1,4.0,-0.6,2.6,-0.1,1.5,0.3,1.4,2.4,-2.3,-0.6,0.6,-0.4,-0.2,2.8,-1.9,-2.6,-0.7,-2.0,-2.6,-9.4,-0.4,-3.7,1.6,4.7,1.8,-0.7,4.0,2.0,1.1,-2.0,-2.6,-1.5,-0.3,-0.5,-0.9,0.4,-3.5,-1.6,-0.6,1.8,2.6,1.8,2.1,2.6,2.0,2.8,-0.1,0.1,-3.3,-2.2,0.2,3.4,1.4,0.7,1.6,2.3,1.6,1.4,2.2,2.0,3.6,2.9,1.6,0.4,0.6,0.6
2C7L516m8y,0,48.103239,11.62941,4442402.41,2777969.59,534.2,579.9,250,7372,2.4,0.86,0.42,32.66,348.96,-0.53,-0.103,0.842,-0.5,0.1,-0.18,0.19,1.3,0.2,-0.3,0.3,-0.7,-1.4,1.5,-2.9,-1.2,-1.5,0.2,1.2,0.2,-1.8,-2.2,2.4,-2.2,-1.3,-2.8,-2.5,-2.1,-2.8,-2.2,-1.6,-4.6,-3.8,-6.8,-1.9,-1.7,-3.7,-1.7,-1.7,-3.5,-4.0,-6.3,-5.9,-3.4,-6.1,-2.4,-2.0,0.1,-2.6,-7.7,-3.5,-2.5,-3.4,0.2,-2.1,-4.3,-4.3,-4.6,-3.0,-0.3,-2.1,0.6,-2.1,-1.5,-2.9,-1.5,-1.6,-0.9,-2.0,-1.8,-0.5,-2.1,1.1,0.0,12.2,-0.7,-3.1,4.0,-4.1,-1.8,-3.3,0.0,-3.9,-1.0,-2.1,-1.9,-4.4,-4.8,-1.2,-3.1,-3.1,-3.5,-2.6,-4.4,-3.2,-9.4,-2.5,-4.0,-7.5,-5.6,-5.5,-3.3,-4.1,-3.9,-0.8,-3.1,-2.0,0.2,-4.1,-6.3,-5.6,-3.9,-4.0,-2.7,-3.0,-0.4,-2.2,-1.2,-0.3,-4.4,-3.2,-2.2,-2.4,-0.8,-2.9,-3.7,0.1,-4.2,-2.5,-4.5,-2.1,-2.2,-2.9,-3.6,-4.6,-0.3,-5.4,-6.5,-9.1,-4.5,-0.3,-2.5,-4.7,-4.8,-3.1,-2.4,-3.7,-7.6,1.1,-2.3,-2.5,-3.0,-4.2,-3.8,-2.4,2.8,3.0,-3.4,-5.0,-1.6,-2.0,-1.2,-4.4,-0.6,-5.5,-4.2,-3.5,0.9,-3.6,-3.4,-0.1,-5.5,-1.6,-5.4,-1.2,-3.6,-2.0,-5.5,3.9,-2.1,-1.7,-4.9,-8.7,-4.8,-4.8,-3.1,-2.5,-1.7,3.3,-2.9,-3.0,-3.2,-7.3,-1.6,-5.7,-3.6,-7.9,-2.2,-4.7,-10.9,-8.7,-7.4,-6.8,-5.3,0.1,0.4,-12.7,-6.1,-5.6,-5.1,-5.7,-5.3,-3.3,-0.7,-1.2,-4.9,-7.1,-6.6
2C7L516m92,0,48.103305,11.629931,4442441.1,2777977.87,546.6,592.3,250,7376,4.3,0.62,0.68,32.66,348.96,-0.53,-0.103,0.842,-0.6,0.2,-0.6,0.33,0.5,0.3,-0.3,4.7,3.9,-1.1,-0.2,-1.6,-1.8,0.6,-1.5,0.2,3.5,2.7,-3.3,-2.0,11.2,-1.7,1.7,2.3,0.5,-1.2,-1.7,1.7,-2.9,-2.5,0.6,-9.9,-0.0,1.7,2.4,0.1,-0.7,-3.9,-6.1,1.4,2.0,-1.4,2.6,-10.1,-8.6,-2.3,0.5,3.3,1.9,5.6,0.3,4.9,4.9,-3.4,-5.3,5.7,-4.2,0.6,5.2,4.8,4.7,4.5,1.3,1.8,4.4,2.9,-3.4,0.7,-2.0,5.5,2.9,5.7,11.6,3.8,-1.0,1.0,5.8,1.0,-7.8,3.1,4.3,5.0,8.9,9.0,-4.3,-2.3,8.4,6.0,5.0,4.2,-6.7,2.3,7.3,1.8,-4.3,0.2,-0.9,1.1,1.2,6.0,-1.4,-1.6,-2.5,-1.9,6.0,-3.3,-9.6,-4.7,7.3,-1.9,7.8,6.9,10.8,0.1,2.2,6.5,9.1,4.2,5.5,5.0,2.3,-2.0,3.5,-3.0,-4.5,1.4,-10.7,1.5,3.6,7.0,-9.2,4.4,7.4,-3.4,5.4,-5.7,0.3,-1.8,-0.4,8.0,-0.1,-6.5,7.6,-7.0,-0.6,2.3,-1.6,-2.8,1.4,-4.1,0.5,1.7,2.4,-2.4,-3.2,0.5,-1.2,-4.4,-2.1,-1.4,-0.8,-1.2,-0.2,-10.2,1.8,-7.6,0.9,-1.2,-2.9,0.3,-1.1,-1.9,7.3,-3.3,0.8,3.3,10.4,0.3,-2.5,-0.2,-2.9,-4.4,-4.7,-2.2,-3.1,9.2,1.6,-3.7,-1.9,-0.7,-1.4,-0.6,-1.4,-5.8,0.5,-0.0,-0.7,0.9,-7.8,1.0,-2.1,-3.2,7.3,7.1,-6.3,-3.2,2.3,-1.8,-1.7,0.1,-1.0,-5.7,-0.8,-10.0,-2.6
2C7L516m98,0,48.103332,11.630139,4442456.52,2777981.19,541.4,587.1,250,7382,2.3,0.87,0.36,32.66,348.96,-0.53,-0.103,0.842,-0.5,0.1,-0.1,0.18,0.7,0.2,-0.3,0.9,2.3,0.1,1.3,-0.7,-1.9,-0.8,-1.7,1.2,1.4,-1.0,0.3,-2.0,-2.4,2.4,0.9,5.8,2.4,1.2,-3.8,0.1,-1.2,0.3,0.2,3.9,-6.6,3.3,1.8,1.6,3.7,-0.8,3.9,-1.9,-0.6,2.4,2.7,1.3,0.2,3.9,2.7,1.6,1.9,0.1,-1.3,-2.1,0.9,-1.7,-1.0,4.7,1.8,1.8,3.0,1.6,0.4,0.9,1.7,-0.2,-0.9,1.2,-0.2,-3.8,-0.2,1.8,-0.1,-1.6,-0.3,-0.7,1.7,-4.9,-1.1,-2.7,-1.0,-2.1,0.3,-0.3,2.4,-1.3,2.2,0.1,6.2,4.2,4.9,-0.0,0.8,-1.5,4.1,2.2,3.6,-0.3,-1.7,-0.4,-0.9,-0.8,1.7,-0.4,1.3,1.9,1.6,3.5,0.4,0.9,-1.6,2.8,3.4,7.0,2.1,-0.2,0.3,-0.3,0.5,-1.7,0.7,-1.2,1.8,-0.5,0.6,-0.5,1.0,1.4,1.1,-0.6,-0.2,-0.3,-2.5,-1.2,0.8,1.4,-4.1,-2.4,1.0,-0.7,0.2,5.1,-2.9,-6.7,-0.5,0.3,-2.4,4.7,0.7,-1.1,0.8,1.6,2.3,-2.5,0.6,1.6,-1.0,-3.5,-1.7,3.3,-5.4,-1.2,-2.3,-1.5,0.7,1.5,-0.4,1.2,0.9,-3.7,-0.5,-1.4,-3.0,-0.2,4.9,-1.0,0.7,1.8,1.7,2.1,-3.4,-5.8,0.4,-0.9,-1.9,-1.1,-2.4,-7.6,-1.6,-3.5,-0.6,-5.1,0.6,-1.1,2.0,-1.9,-2.4,1.1,-1.8,-6.2,-2.5,-8.5,3.0,-6.5,3.9,1.7,-2.0,-2.0,-1.3,-2.1,1.1,1.4,-2.2,0.0,0.0,-0.1,0.5
2C7L516m7u,0,48.102782,11.625707,4442127.64,2777912.72,537.2,582.9,250,7306,3.6,0.73,0.46,32.64,348.96,-0.529,-0.103,0.842,-1.2,0.2,0.73,0.27,1.7,0.2,-0.3,1.3,-0.5,-0.0,-2.8,-3.3,0.2,0.2,-2.0,-3.2,-0.2,-0.4,-0.7,1.4,0.3,-0.4,-8.1,-2.1,-5.6,-3.8,-5.0,-5.7,-8.3,-3.5,-5.6,-4.9,-4.6,2.7,0.3,-3.6,-6.0,-10.8,-5.3,-8.4,-10.0,-2.1,-2.0,-3.4,1.2,-4.0,4.2,2.0,3.3,-0.0,0.3,-0.2,-1.0,3.0,-1.1,-12.0,2.6,-0.6,-0.5,-4.1,-0.8,-4.6,-1.7,1.8,-4.8,-5.4,-21.1,-3.4,0.8,1.7,-2.9,-8.0,-0.5,1.7,-2.9,-3.2,-2.5,0.3,-1.8,-1.6,-3.2,-3.0,-6.6,-2.8,-4.8,-7.6,-5.3,-8.5,-4.2,2.2,-3.2,-4.7,-5.4,1.5,-10.1,-5.5,-6.4,-4.0,-6.6,-5.1,-1.8,-9.4,-2.4,-4.4,-6.3,-6.5,-2.6,-5.3,-3.3,-5.5,-4.1,-9.5,-5.3,-3.0,-2.2,-6.7,-3.9,-6.1,-4.8,-4.6,-7.9,-4.5,-7.6,-3.4,-9.7,-3.4,-2.2,-2.8,-7.7,-1.9,-4.5,-4.1,-2.7,-3.3,-7.5,-9.3,-14.8,-9.3,-7.7,-7.1,-8.0,-10.9,-15.0,-8.3,-12.3,-8.8,-5.9,-6.8,-2.6,-6.3,-2.1,1.6,-5.4,-8.0,-4.4,-7.3,-6.4,-3.8,-9.9,-5.1,-6.4,-5.5,-4.2,-10.6,-5.8,-9.2,-7.6,-2.7,-9.1,-7.1,-7.2,-11.2,-2.3,-23.9,-14.0,-4.0,-3.4,-5.5,-10.8,-10.9,-3.8,-1.3,-1.8,-2.0,-1.3,1.6,-4.6,-6.2,-4.6,-5.3,-5.7,-7.0,-8.8,-8.4,-7.0,-7.2,-11.3,-7.5,-7.3,-8.2,-6.2,-19.9,-5.5,-7.0,-12.0,-8.2,-2.0,-6.3,-5.5,-5.9,-6.7,-4.2,-4.6,-6.7,-1.4
2C7L516m9T,0,48.103493,11.631249,4442538.82,2778000.92,537.5,583.2,250,7403,1.7,0.92,0.3,32.67,348.96,-0.53,-0.103,0.842,-0.8,0.1,-0.36,0.13,0.9,0.1,-0.3,0.7,1.4,1.7,1.4,0.6,-1.4,1.5,1.3,1.5,0.4,1.6,-0.4,0.8,1.3,-0.1,1.2,-0.1,-0.8,-1.5,-1.8,-1.2,-3.7,-0.9,-1.3,0.7,-0.4,1.2,1.6,-2.8,-1.9,-5.2,-4.9,-3.3,-2.4,0.3,-2.0,0.5,2.1,1.0,1.1,0.0,-1.5,-1.4,-0.1,-0.6,-0.2,-2.4,-2.0,-2.1,-0.9,-0.6,0.4,1.7,0.9,1.3,2.2,-0.4,2.2,1.3,1.7,-1.0,2.3,0.1,-3.3,2.6,1.5,-0.6,2.2,-0.9,-0.2,2.0,1.7,0.6,0.8,1.6,1.5,1.1,1.8,1.2,-0.9,2.1,-1.9,1.8,1.2,-0.1,0.4,-2.4,2.0,-0.8,0.9,-1.3,-3.5,0.2,-2.2,0.9,-0.4,-2.8,-0.0,0.2,-1.4,-1.3,-2.5,0.2,0.8,-0.9,-0.2,0.1,0.1,1.0,-0.6,0.9,0.6,0.4,-1.4,1.1,1.5,1.3,-1.3,-3.1,-0.3,0.1,0.3,1.8,-0.3,-1.6,-1.8,1.8,0.5,-0.8,-3.4,-0.9,-1.6,-0.4,-1.3,-1.9,-4.6,-1.3,-4.1,-0.7,0.5,-1.4,-2.5,-4.6,-2.8,-4.0,-3.0,1.1,-3.2,-3.6,-0.8,0.2,-0.8,-0.4,0.0,0.5,-4.3,-3.0,-1.7,-2.0,-4.2,-2.9,-5.3,0.1,-4.3,-3.7,-1.8,-0.0,-3.3,-1.8,-3.3,-3.8,-6.1,-6.6,-5.9,-2.7,1.6,-1.9,-1.2,-2.7,-2.0,-2.7,-2.2,-2.0,-2.9,-3.3,-3.2,-1.9,-3.1,-2.7,-5.9,-10.0,-7.8,-3.0,-3.8,3.3,-1.7,-3.0,-4.1,-4.8,-4.2,-2.3,-4.0,-3.6,-3.8,-3.1,-2.4,-3.7,-3.6
2C7L516m9X,0,48.103515,11.631417,4442551.26,2778003.6,533.9,579.6,250,7407,2.6,0.8,0.41,32.67,348.96,-0.53,-0.103,0.842,0.3,0.1,-0.52,0.2,2.0,0.2,-0.3,-3.1,-0.3,-1.8,-3.0,0.8,1.7,-2.9,-1.2,-3.2,3.4,1.4,1.3,-2.0,1.6,-0.7,-1.7,-4.9,-3.1,-7.6,-3.4,-3.4,-6.0,-2.8,-1.5,-3.1,-0.6,-3.1,1.8,-0.1,-1.3,-0.9,-4.0,-3.3,-1.6,-2.5,-1.9,0.2,0.5,1.6,-0.1,-2.1,-0.1,-2.1,-0.4,-2.1,-0.9,0.7,-1.5,1.7,1.1,-0.4,1.8,-2.0,-1.4,0.9,0.2,-0.6,2.5,-2.0,1.3,0.8,0.4,0.7,-4.3,1.4,1.9,-2.6,5.5,-1.4,-4.1,1.7,-2.8,-1.7,-2.2,0.2,-4.9,0.3,-4.3,-1.8,-4.5,-3.3,-1.9,-2.0,-3.5,-1.5,-2.1,-3.2,-1.9,-4.0,-3.4,-5.2,-3.7,-4.0,-4.2,0.3,1.5,1.3,-0.1,1.8,-1.9,0.8,-0.7,2.2,-0.5,1.2,-1.4,0.6,-0.1,-0.7,0.8,-2.6,-1.7,1.4,0.7,-2.6,1.9,5.0,5.3,6.5,3.7,4.2,2.6,1.0,-0.3,3.2,2.5,4.4,5.7,1.8,-0.6,0.3,-2.7,1.3,-2.6,-2.1,-4.0,-5.8,-5.9,1.3,5.1,3.7,1.8,0.6,-0.6,0.3,4.1,8.1,2.4,0.1,3.0,-2.3,0.1,5.1,1.5,10.0,0.5,-4.1,-3.3,-1.3,-0.5,-3.6,-1.8,0.4,-2.5,-7.1,-0.1,1.6,-9.0,-4.3,-6.4,-2.7,1.5,-0.8,3.3,-0.4,2.5,3.1,5.4,6.8,4.4,3.3,3.0,2.1,0.3,-0.4,-2.3,1.8,-1.5,-5.2,-3.5,-3.9,-1.9,-2.4,-2.0,0.4,-2.0,-4.0,-1.4,3.7,-2.3,2.1,1.2,0.2,-4.0,12.4,-2.0,-1.8,0.3
2C7L516m86,0,48.10291,11.626565,4442191.29,2777928.43,543.5,589.2,250,7318,3.5,0.74,0.44,32.64,348.96,-0.529,-0.103,0.842,-0.5,0.2,-0.02,0.26,0.8,0.2,-0.3,-0.2,-1.9,-2.2,-2.2,-2.0,0.8,-0.9,1.6,2.2,-2.7,-0.6,3.5,0.7,-1.2,-2.3,-1.7,-1.9,-0.1,-2.3,-3.2,-3.6,1.5,0.9,4.2,1.2,0.8,-0.9,2.1,-6.6,-4.0,3.3,-1.1,-1.4,6.4,-11.9,-1.7,0.0,-4.9,0.7,1.2,0.5,-3.5,-4.2,-4.5,2.7,-1.0,-0.4,-2.6,-0.9,1.5,0.5,-0.2,-1.5,2.0,2.5,-0.3,3.8,0.1,0.7,-3.6,-0.2,-0.6,-2.1,-2.0,-1.1,0.8,-4.5,-0.7,-1.3,0.6,-8.3,-1.1,9.9,-3.7,-6.5,-2.2,7.4,0.7,1.9,-9.3,3.3,-2.6,-1.2,2.3,-3.4,-3.3,1.7,-5.8,1.3,-2.7,2.0,5.0,-0.3,1.9,-4.9,-2.2,-3.3,-3.1,-0.5,-8.8,-0.9,5.8,-4.8,0.7,-2.6,1.2,-2.5,3.8,0.9,-3.3,-0.6,-0.9,-1.7,-1.3,-0.6,3.0,-1.6,-0.0,-0.5,-0.0,-1.1,-3.3,-2.7,-3.7,-5.1,-8.1,-4.1,-1.8,-1.5,-4.2,-4.5,1.1,-3.6,-4.2,-4.5,-2.5,-2.7,-7.4,-1.5,0.3,-6.1,8.0,-6.7,0.4,3.2,-1.8,-10.4,-2.6,-1.5,4.5,0.2,-4.5,0.9,-4.1,-2.8,-3.6,-2.1,2.6,6.9,5.0,-2.4,0.1,3.0,-4.6,-7.5,-0.5,-3.5,-6.8,-5.2,-4.4,-5.4,-7.3,-5.8,7.1,0.9,6.3,-1.9,-0.9,-6.1,-4.0,-1.7,2.2,-2.0,-3.1,-4.0,0.7,-0.1,-3.9,-10.1,-7.4,-4.8,-5.3,-11.3,-1.0,-8.9,-2.8,-8.9,-4.1,-2.0,-2.0,1.2,-2.0,-3.1,0.8,3.7,0.4,-2.4,-2.0
2C7L516m8J,0,48.103008,11.627325,4442247.64,2777940.51,545.6,591.3,250,7331,2.9,0.82,0.4,32.65,348.96,-0.529,-0.103,0.842,-0.3,0.1,-0.41,0.22,0.9,0.2,-0.3,-1.3,-0.6,-1.0,-0.0,-1.4,0.3,0.6,0.5,0.2,0.0,0.9,-0.9,0.7,1.9,-1.3,0.3,-2.2,-1.9,-5.5,-1.4,-1.8,-2.4,1.2,-0.6,-1.0,0.5,-3.5,0.9,0.3,-10.6,-3.8,-4.6,-4.3,-1.2,11.5,-2.1,2.7,1.1,1.7,-1.2,-2.9,-0.4,-7.1,-4.7,-3.6,-1.2,-0.2,-3.6,-4.5,0.8,1.6,5.2,3.7,2.6,1.9,0.6,0.8,1.8,-0.8,-2.6,-1.5,-2.1,-0.9,-1.3,-1.1,0.6,-1.3,-2.6,-3.2,-3.7,0.7,-5.5,-1.0,-2.0,-1.5,-2.1,-2.0,-3.4,-1.8,-4.4,-3.1,-0.1,-2.6,-6.4,-4.8,-3.7,-6.8,-3.6,-2.0,3.2,0.8,-1.0,-0.2,2.9,-0.9,-0.2,-0.6,4.2,-1.4,-0.4,-4.1,-1.6,-2.5,-2.3,-2.3,0.5,1.0,2.1,-0.2,1.3,1.0,1.8,-0.1,-0.7,2.7,0.2,-0.4,-1.8,0.5,0.1,1.5,1.4,2.4,0.8,2.6,-0.1,1.1,1.9,1.8,2.5,-3.7,14.2,-2.2,-2.0,-11.3,-6.5,-0.5,-7.1,3.1,4.5,-4.4,-1.5,-0.6,-1.4,3.0,1.5,-5.3,-1.0,1.1,0.9,3.9,-2.9,-2.2,-6.5,-4.0,1.4,-1.4,-5.8,1.0,-2.9,-3.9,-3.4,-1.7,-3.8,-4.8,0.7,0.3,-1.4,-0.7,-2.1,-2.4,-2.6,-1.2,-0.7,2.5,-1.9,-1.1,0.8,-4.3,-0.3,-3.4,-0.6,-2.5,-2.5,-1.5,2.4,0.7,2.7,-2.8,-4.4,-6.3,-2.1,-6.0,-3.6,-0.5,-3.5,-5.3,-4.9,-4.4,-4.4,-7.1,-2.9,-1.2,-0.8,-1.3,1.0,-2.4,-1.3
2C7L516m8N,0,48.103043,11.627599,4442267.99,2777944.87,547.6,593.3,250,7335,3.0,0.8,0.4,32.65,348.96,-0.53,-0.103,0.842,-0.2,0.1,-0.7,0.23,0.5,0.2,-0.3,0.5,2.5,-2.7,0.5,-4.8,3.0,0.8,0.4,1.9,1.7,2.5,-0.0,2.0,-1.0,-0.2,1.5,0.4,0.6,-0.2,4.2,0.6,1.0,5.1,0.7,-3.2,5.2,3.0,3.5,2.8,-1.8,-6.7,-2.0,-11.6,-3.0,-1.4,2.9,1.8,2.3,4.0,14.1,1.8,-0.5,0.7,4.7,6.1,2.3,-3.0,3.6,0.8,6.2,5.9,-1.4,-0.3,-1.5,-3.6,12.3,-3.3,-1.0,-3.4,0.9,1.1,4.9,3.9,2.2,3.8,6.7,0.9,6.5,-1.6,-0.3,4.1,2.2,3.0,3.1,2.8,-1.2,8.8,3.0,2.5,0.3,3.8,1.2,3.4,1.0,3.2,3.7,1.7,-3.1,0.1,3.2,1.8,2.2,1.9,3.3,1.6,5.0,4.2,6.0,4.1,4.1,4.9,2.6,7.6,4.9,4.6,6.2,3.5,4.7,3.7,2.9,1.7,2.2,-0.8,3.5,4.1,3.2,3.6,1.4,5.1,0.4,3.8,2.9,2.5,0.4,-1.2,6.4,2.3,-1.6,1.6,-0.3,5.8,3.6,1.6,4.3,1.9,-8.0,-0.2,-2.7,2.1,4.3,9.7,3.4,1.0,3.5,3.7,1.4,3.9,0.1,0.8,5.3,4.8,0.3,0.9,1.8,-0.3,3.6,2.0,0.5,0.8,-0.1,0.3,-2.5,1.1,-1.5,-3.2,8.4,-1.2,-1.3,0.3,-1.5,-0.6,-2.3,0.3,1.2,0.1,2.5,1.9,3.2,1.5,1.2,0.7,0.4,1.2,-2.4,0.8,2.0,-0.9,1.8,3.5,-0.8,-1.2,-1.0,2.1,-0.8,0.5,2.0,-1.4,-2.1,7.2,3.7,2.8,-2.9,0.6,-4.6,2.8,2.8,3.6,1.5
2C7L516m8P,0,48.103052,11.627672,4442273.39,2777946.04,545.3,591.0,250,7337,3.0,0.81,0.43,32.65,348.96,-0.53,-0.103,0.842,0.3,0.1,-0.59,0.23,0.6,0.2,-0.3,0.9,2.0,-0.1,1.1,1.0,-1.0,1.8,2.9,3.1,2.7,2.7,3.3,1.6,0.6,-1.0,-1.6,-3.3,-1.7,-1.0,1.5,-2.9,-0.6,3.8,-1.7,-0.1,-0.1,1.6,3.0,1.2,-0.4,-1.3,-4.1,-5.1,-3.9,-5.1,-3.1,4.8,1.0,5.0,-7.5,0.2,5.1,1.0,0.6,2.9,1.2,1.4,1.4,1.6,2.9,3.5,2.6,2.5,1.9,1.5,1.3,0.3,2.0,2.7,3.3,1.2,1.5,0.9,-0.1,-3.5,1.0,2.4,-0.9,3.2,1.5,2.1,2.1,2.4,8.0,-0.4,1.3,2.5,-2.4,4.6,0.5,2.9,4.4,0.5,0.9,1.7,8.3,-0.6,-2.3,1.2,0.3,-1.3,2.0,-0.1,0.4,3.5,0.2,3.6,7.9,-0.8,1.7,0.9,2.2,11.7,3.1,-1.0,0.9,-0.5,1.7,1.2,-1.1,-1.3,0.6,2.3,1.2,3.3,2.5,-0.8,0.6,2.2,3.7,2.2,1.9,2.9,3.0,7.0,4.3,2.3,-0.7,7.8,-4.8,14.1,-2.3,4.9,16.0,-4.1,2.0,4.2,1.4,5.5,8.3,0.8,2.7,2.4,2.4,4.1,2.0,1.7,1.5,1.7,3.9,1.3,3.3,1.4,0.8,2.4,1.6,1.3,-0.5,2.5,1.8,-1.8,0.3,-0.2,-0.7,-0.2,3.9,2.9,-4.2,4.1,3.4,2.7,-2.3,-3.8,-0.8,-2.0,2.3,2.2,1.4,10.9,-0.8,-2.5,5.1,11.3,2.5,-0.1,2.0,-1.3,2.4,1.8,0.1,6.4,0.3,2.7,2.4,-1.7,2.2,0.4,0.1,-3.0,-2.4,2.0,1.0,-0.7,3.7,1.6,3.0,4.7,4.9
2C7L516m8p,0,48.103239,11.629127,4442381.31,2777969.19,543.4,589.1,250,7363,4.3,0.57,0.47,32.66,348.96,-0.53,-0.103,0.842,-0.9,0.2,0.34,0.32,3.3,0.3,-0.3,2.8,1.6,2.5,4.0,0.8,1.6,4.2,1.5,-0.1,5.7,3.2,-4.2,-0.2,1.1,3.6,3.7,4.4,1.7,3.5,2.6,3.1,4.6,4.1,4.0,4.3,5.1,5.2,2.4,2.2,1.5,5.2,-0.0,3.1,2.7,1.9,6.8,3.7,8.9,7.1,11.6,5.8,0.9,-6.2,6.2,6.1,6.6,9.7,-8.7,-0.4,-6.3,-0.6,-1.9,1.6,0.9,-0.0,-0.9,-4.6,1.9,2.8,0.1,-1.0,1.8,-5.5,-2.0,-1.5,-3.5,-2.2,-4.7,0.8,1.2,-1.3,-1.2,-0.4,1.7,-0.9,-0.1,1.5,3.0,1.8,-1.7,2.6,2.7,6.0,4.3,6.5,-3.4,3.3,3.1,3.4,3.7,2.5,0.4,-0.8,2.8,2.8,3.7,1.6,2.3,2.4,2.6,2.4,3.3,-0.9,6.2,8.3,8.6,7.8,9.8,8.2,2.0,-0.4,5.9,1.8,3.6,-0.5,-3.7,-9.7,-4.1,-4.8,-1.9,-3.6,-2.1,-3.2,1.8,-1.4,-0.2,-9.2,2.2,2.5,6.1,11.0,-3.1,9.5,5.2,3.1,0.3,4.1,-4.6,1.8,-0.9,-13.5,-7.0,0.2,-2.0,-2.5,-2.3,-6.2,-1.9,-2.4,-1.2,-6.3,-4.0,1.0,-1.1,-1.3,-6.2,-2.2,8.3,6.4,12.4,6.1,3.7,3.3,12.0,3.4,-5.7,-4.0,5.9,-3.9,1.5,4.9,3.9,-8.2,-11.8,-11.0,-7.9,-1.2,-5.7,-9.2,-7.1,-5.4,-8.7,-7.7,-2.4,-8.8,4.5,6.6,3.2,3.5,2.1,-0.4,-0.0,-2.0,3.6,0.0,0.1,3.7,7.3,9.5,1.6,7.1,5.3,-13.5,-10.3,4.4,-17.8,-1.3,-0.7
2C7L516m9F,0,48.103425,11.630575,4442488.75,2777992.23,544.3,590.0,250,7389,1.4,0.94,0.22,32.66,348.96,-0.53,-0.103,0.842,-1.2,0.1,-0.34,0.11,0.7,0.1,-0.3,0.0,-0.0,-0.8,0.4,-0.5,2.7,-0.0,0.1,-0.1,-7.3,0.4,1.9,-0.2,0.1,0.5,-0.3,0.1,-1.4,-1.5,-1.4,-1.4,-1.8,-0.8,0.7,0.6,-0.2,0.5,2.7,0.4,-0.1,1.4,-5.6,-2.8,-4.6,-0.6,-3.0,0.8,1.7,0.7,-0.4,-0.0,1.7,-0.1,0.3,-0.1,-0.0,1.2,-0.2,0.5,0.4,0.8,1.2,1.1,0.2,0.3,0.5,1.3,0.5,0.9,0.6,0.2,0.4,-4.7,-0.2,3.8,2.0,-0.7,0.6,-0.5,-0.9,1.4,-0.7,-0.7,-0.3,-0.7,-1.0,-0.7,-0.8,-0.2,-2.9,-2.0,-1.3,-0.6,-1.7,-0.6,-8.4,-1.2,-0.4,-2.1,-1.3,-1.5,-1.7,-2.5,-0.8,-0.9,-0.3,-0.3,-0.7,-2.2,-0.9,-1.8,-1.2,-1.0,0.2,0.1,-0.7,-0.4,-0.2,0.2,-0.6,-0.9,-0.3,-0.7,-0.4,-0.5,0.0,0.6,-0.9,0.8,-0.4,-0.2,-0.2,-0.4,-1.3,-1.5,-1.6,1.1,-0.4,-1.6,-3.1,-1.6,-1.1,0.6,-0.8,-2.2,-2.6,-2.7,-5.3,0.2,-1.3,0.2,-1.9,-3.5,-3.0,-2.3,-1.9,-7.5,-1.3,-2.0,-2.6,-1.6,-3.6,-3.0,-3.9,-3.5,-3.4,-3.5,-3.6,-3.3,-3.6,-4.1,-5.8,-4.1,-6.7,-6.2,-2.1,-4.3,-5.2,-2.6,-3.8,-4.1,-6.6,-5.6,-2.8,-2.4,-3.3,-3.1,-3.2,-7.8,-3.5,-4.6,-4.0,-4.6,-4.4,-4.8,-4.7,-4.3,-4.7,-5.3,-7.2,-8.2,-5.1,-5.2,-5.0,-4.6,-5.1,-6.1,-5.8,-4.9,-5.3,-4.2,-4.6,-4.8,-3.7,-3.5,-2.9,-4.4,-4.4
2C7L516m9L,0,48.103459,11.630839,4442508.38,2777996.46,538.4,584.1,250,7395,1.1,0.97,0.22,32.66,348.96,-0.53,-0.103,0.842,-0.7,0.1,-0.25,0.09,0.2,0.1,-0.3,-0.4,0.4,0.0,0.3,0.2,-2.4,-0.1,-0.5,1.6,-0.4,0.8,-0.2,1.0,-0.1,1.2,1.2,0.8,-0.3,-0.6,-1.2,-1.9,-1.1,0.2,0.9,1.7,2.2,0.8,-1.4,-1.4,-0.2,-1.9,-3.7,-1.7,-2.6,0.5,-0.3,1.3,2.0,1.2,0.2,0.3,0.6,0.7,0.6,0.6,-0.7,-0.4,-1.2,-0.1,-2.8,-1.7,0.2,0.2,0.1,-0.3,0.2,-0.1,-0.1,-0.1,-0.6,-0.4,-0.4,2.6,-0.9,1.1,-0.9,-1.3,1.1,-1.0,-0.5,-1.0,-0.3,-0.1,0.4,-0.2,0.7,0.3,-1.0,-0.4,-0.1,-0.9,0.3,-1.0,-1.1,-0.7,-0.9,-0.6,1.3,-0.5,0.3,-1.1,-1.7,-2.0,-1.1,-0.8,0.5,-0.4,1.2,1.0,-0.7,-1.1,-0.2,0.0,1.0,1.0,0.1,-0.6,-0.7,-0.1,-1.0,-0.3,-0.1,-1.0,-0.6,-0.7,-0.8,1.1,-1.1,-0.9,-1.0,0.1,-0.9,-1.2,-1.3,-0.0,0.7,-0.1,-0.1,-1.0,-2.2,-1.0,-0.3,-0.5,0.5,-2.1,-2.2,-1.5,-4.3,0.8,1.3,-1.6,-2.3,-2.4,-1.9,-2.6,-1.7,0.9,-1.3,-1.6,-1.0,0.6,-2.1,-0.9,-0.9,-1.1,-2.0,-2.1,-1.7,-0.7,-1.5,-2.9,-3.5,-1.4,-4.6,-3.3,-1.0,-0.8,-3.1,-0.5,-1.5,-1.7,-3.9,-4.4,-2.6,-3.0,-3.2,-2.2,-1.7,4.7,-2.0,-2.0,-2.1,-3.5,-2.7,-2.4,-2.0,-2.7,-1.9,-3.7,-5.0,-5.0,-2.6,-2.5,-2.6,-1.8,-2.3,-3.5,-2.9,-3.7,-1.3,-3.6,-3.0,-3.3,-3.3,-1.4,-3.3,-3.4,-3.3
2C7L516m9N,0,48.103463,11.63087,4442510.66,2777996.95,536.2,581.9,250,7397,1.0,0.97,0.21,32.66,348.96,-0.53,-0.103,0.842,-0.8,0.1,-0.44,0.08,0.1,0.1,-0.3,-0.3,-0.3,0.0,-0.5,0.5,-0.9,0.4,1.4,0.5,0.9,-0.7,-0.7,1.3,1.2,1.5,1.0,1.1,-0.8,-1.7,-1.5,-1.6,-1.1,-1.0,0.5,-0.1,1.6,-0.7,-0.5,0.3,-0.3,-0.7,-3.6,-1.9,-1.8,-0.7,-1.5,1.6,1.2,1.4,0.4,-0.2,0.4,-0.0,0.3,-0.5,-0.1,-1.1,-1.0,-0.3,0.1,0.3,-0.6,-0.9,0.6,-0.2,-0.5,-0.2,-0.9,-0.9,-0.6,-0.8,-1.2,-1.7,-0.5,-1.4,-1.9,-1.1,-1.4,-2.2,-0.9,-1.6,-0.6,-1.2,-0.4,0.5,0.5,-0.0,-0.7,-0.1,-0.1,-1.7,-1.2,-1.1,-1.4,-0.7,-0.8,-1.2,0.7,-0.5,0.0,-0.9,-0.7,-1.5,-1.0,-0.3,0.6,0.0,0.5,1.4,-0.1,-0.8,-1.0,-0.6,1.1,0.5,0.1,-0.5,-0.0,0.5,-0.4,-0.6,-0.2,-1.0,-0.2,-1.5,-1.5,-1.7,-1.8,-1.3,-0.5,-0.4,-0.8,-0.8,-0.8,-0.0,0.4,-0.9,0.5,-0.6,-1.2,-1.7,0.2,-0.6,0.1,-1.6,-2.6,-1.4,-4.0,0.8,2.1,-0.6,-1.0,-1.4,-1.3,-0.8,-0.1,0.1,-1.1,-1.4,0.2,-0.9,-1.1,-0.4,-0.7,-0.7,-0.8,-1.3,-0.8,-0.8,-2.2,-3.0,-3.1,-1.8,-4.3,-3.4,-0.9,-0.8,-2.3,-0.3,-1.8,-1.9,-4.1,-4.9,-2.5,-3.5,-2.6,-3.1,-2.8,-4.8,-2.1,-2.6,-2.0,-2.6,-2.9,-3.1,-3.8,-3.6,-3.9,-5.9,-4.9,-5.7,-3.4,-2.2,-2.8,-1.6,-3.3,-5.5,-4.7,-4.1,-3.6,-4.8,-3.8,-4.0,-3.4,-1.9,-3.7,-3.8,-3.8
2C7L516m9O,0,48.103463,11.630867,4442510.44,2777996.91,533.3,579.0,250,7398,1.2,0.95,0.39,32.66,348.96,-0.53,-0.103,0.842,-0.6,0.1,-0.62,0.09,0.5,0.1,-0.3,-0.4,-1.1,-1.9,-2.1,0.2,1.3,0.7,1.0,0.8,2.3,1.2,0.3,1.5,0.8,0.9,0.2,1.2,-1.2,-1.1,-2.6,-1.4,-1.1,1.2,-0.7,1.1,0.3,1.0,2.4,2.2,-0.2,-0.2,-2.6,-0.0,-1.9,0.8,-2.4,3.5,1.4,1.1,0.1,0.2,1.5,1.1,0.9,0.2,0.4,0.1,0.1,1.0,1.7,1.3,0.2,-1.0,0.8,-0.2,0.0,1.2,0.1,-0.2,-0.1,1.3,-0.5,2.5,0.7,-0.8,-1.6,0.2,2.7,-1.2,0.8,-1.1,2.1,-0.1,1.6,1.3,1.9,1.7,1.0,0.3,1.1,-0.2,0.3,-1.3,-0.2,-0.8,-0.6,-0.2,2.6,-1.0,-0.0,-0.6,0.5,-0.6,-1.3,-0.7,2.4,0.8,1.6,2.3,1.8,0.3,0.8,-0.5,2.5,1.8,1.5,0.7,1.8,1.7,1.1,0.5,1.9,0.6,1.8,0.8,0.3,0.6,1.1,0.6,1.0,1.0,1.1,0.8,0.6,1.3,2.4,1.1,1.1,1.0,-0.8,-1.1,-0.1,-0.0,1.0,-1.1,-2.6,-0.6,-3.1,2.6,3.0,-0.3,0.0,-0.6,-0.4,0.8,0.7,2.3,0.2,0.2,0.5,-0.5,-1.0,0.5,0.8,0.8,0.2,-0.4,0.2,0.1,-1.4,-2.2,-3.2,-1.2,-3.3,-3.4,-0.4,-0.3,-2.2,0.8,-1.4,-1.1,-3.2,-4.7,-2.0,-3.4,-1.0,-1.2,-0.4,-0.8,-0.7,-1.0,-1.0,-1.6,-1.7,-1.8,-0.9,-2.6,-2.1,-1.4,-2.9,-4.5,-3.4,-2.3,-2.2,-1.7,-3.2,-4.8,-2.8,-4.1,-2.3,-4.4,-2.1,-2.7,-2.4,0.4,-1.9,-1.2,-0.9
2C7L516m9P,0,48.103478,11.630983,4442519.04,2777998.75,535.5,581.2,250,7399,3.2,0.79,0.4,32.66,348.96,-0.53,-0.103,0.842,-0.2,0.2,-0.43,0.25,0.7,0.2,-0.3,-0.1,2.9,1.8,0.2,1.1,-1.4,0.5,3.4,1.7,-2.1,1.7,-0.7,0.4,0.8,2.3,1.5,-0.1,1.8,2.1,-0.8,-2.3,-1.2,1.6,1.4,4.0,0.5,4.3,-0.8,-1.3,1.8,-4.3,-4.5,-1.1,-4.0,-1.6,-0.4,4.1,5.0,2.0,4.6,-1.0,0.5,-0.5,3.4,1.4,0.2,-2.0,-2.0,-0.8,1.9,-1.5,-0.8,-1.1,-0.2,-0.6,-0.4,-0.7,0.2,-0.9,-0.1,0.3,0.8,-10.7,-0.8,-0.4,-2.0,-2.2,-0.8,0.7,-1.1,-0.9,-1.3,0.3,1.5,1.0,2.5,1.4,-0.3,-1.6,1.1,-0.7,-0.1,1.1,-0.6,1.2,1.6,1.1,4.0,1.1,1.7,3.8,1.1,-2.9,0.2,1.7,-2.0,1.4,5.1,1.6,0.9,1.9,4.0,4.7,5.8,4.4,1.4,1.0,-0.1,6.2,3.4,2.0,1.4,0.7,0.4,0.8,-3.2,1.0,-0.3,-0.9,-1.2,1.5,0.7,-2.7,1.6,3.6,6.2,7.0,2.4,-1.7,3.4,6.0,3.3,3.9,2.7,1.4,11.0,2.8,-2.0,2.1,5.4,-4.0,0.9,-1.0,2.5,4.6,2.6,-8.4,-0.6,1.0,2.7,2.5,-0.8,1.3,0.3,0.4,-13.0,-3.6,-6.6,3.5,-0.9,1.0,0.5,1.1,-3.5,-5.2,-3.3,1.9,5.3,9.5,1.7,5.8,2.7,2.2,-2.5,-4.0,-0.5,0.2,1.6,9.9,-0.9,0.6,-6.2,-2.5,4.0,1.4,-5.2,-4.6,-2.4,-0.3,-4.3,0.9,0.9,5.0,-0.5,2.4,0.2,1.9,-9.2,-11.8,-8.8,5.2,2.8,1.2,4.1,1.6,-0.1,-0.3,1.7
2C7L516m6u,0,48.102381,11.622298,4441874.65,2777862.59,541.3,587.0,250,7244,3.5,0.72,0.44,32.6,348.92,-0.529,-0.104,0.842,-0.6,0.2,-1.28,0.27,1.4,0.2,-0.3,1.3,1.5,1.0,-2.8,0.0,-0.5,-2.9,3.1,3.3,4.8,4.7,2.6,0.0,12.1,-2.2,-0.8,-1.1,-3.2,-5.9,-5.4,-4.5,-9.7,4.2,-2.0,-3.8,-5.0,5.3,-0.2,-4.9,11.5,-17.4,-5.3,-2.7,-4.1,-7.1,-7.0,-0.8,-5.3,3.9,7.9,0.3,1.1,-1.6,1.6,-1.8,0.4,-3.1,-0.2,0.2,1.7,7.6,2.7,1.9,3.1,2.3,0.5,2.7,0.7,-0.6,-0.4,3.0,1.9,2.4,0.7,-2.6,1.0,4.0,0.3,2.8,1.2,2.2,0.8,5.0,3.9,-2.1,-7.9,4.2,-0.0,2.9,2.7,-0.3,-2.7,2.5,3.7,3.8,0.5,0.8,-0.9,3.0,-3.3,-1.9,1.0,-0.4,0.2,-1.2,2.3,0.9,-0.0,2.9,3.0,4.4,-0.1,-5.6,-3.3,-3.5,-7.1,-1.3,-1.6,1.1,2.8,3.8,1.1,1.9,2.6,3.0,1.3,-0.9,1.6,2.2,5.4,4.0,4.2,-2.0,-2.7,-1.0,-7.4,3.0,2.9,1.2,1.5,2.8,1.6,-1.1,2.3,-2.8,-7.7,1.6,3.7,0.0,3.4,2.3,-0.1,-0.2,-4.0,-0.2,-2.0,1.2,0.2,0.4,2.5,0.7,-0.5,2.6,8.4,0.5,5.4,0.6,8.2,2.2,-1.6,-2.9,-3.2,4.1,1.2,2.4,2.3,-0.3,-5.7,2.3,-5.7,-3.2,-9.9,-1.3,-2.4,-3.6,-1.4,-3.4,1.1,-5.6,0.2,-1.5,-1.0,2.0,-0.3,-2.4,-2.8,-4.5,-4.0,0.8,-3.2,-5.1,-5.2,-6.4,-10.5,-0.0,-6.4,-8.4,-3.5,-4.6,-8.1,-6.6,-1.1,-4.8,-0.5,-4.8,-1.9,-3.9,-1.7
2C7L516m6v,0,48.102386,11.622337,4441877.57,2777863.22,540.4,586.1,250,7245,4.6,0.59,0.54,32.6,348.92,-0.529,-0.104,0.842,-1.0,0.2,-0.39,0.35,0.6,0.3,-0.3,-1.0,-2.9,-4.1,2.2,0.4,3.6,-2.2,5.2,4.0,1.9,3.3,0.6,-3.3,1.9,-3.0,-2.6,-4.4,-5.9,-4.7,-6.3,-8.0,-8.1,11.1,6.0,-3.9,-6.2,2.5,-0.8,5.9,-4.8,6.8,-9.5,-10.3,-4.5,-3.4,-13.0,-4.3,-5.4,-1.1,0.6,-0.6,-2.4,1.3,-3.9,-5.3,-3.1,-5.6,-1.7,-3.8,-6.0,-3.0,-3.0,-3.0,2.2,4.3,0.2,5.0,0.7,1.8,-3.8,-1.2,2.1,1.4,1.7,2.8,-2.8,-0.0,-2.8,-0.2,-7.4,1.1,-2.2,-3.5,0.1,-10.7,-9.0,-13.7,-14.6,-14.7,1.6,5.2,-4.9,7.7,-10.6,2.9,2.9,-4.6,-8.0,-6.9,-7.1,-7.6,1.2,1.4,2.1,3.7,3.2,-1.4,-12.3,0.0,-1.1,-6.0,-6.7,-6.1,2.6,-4.6,1.0,-2.7,-6.7,-3.7,-12.6,-8.5,-7.0,8.4,-0.5,-8.8,4.9,-2.7,-1.5,1.0,-0.7,-15.3,3.7,-1.6,-0.9,-5.2,-3.4,0.4,1.4,-3.4,-0.8,-0.4,-3.4,-2.0,0.9,-4.2,0.9,3.2,1.5,-1.1,-4.3,-1.1,-1.6,-1.8,-5.7,-2.5,-3.0,-1.7,-2.3,-3.1,-8.3,-2.4,-4.7,-1.4,-8.3,-7.6,-10.1,-6.5,-4.4,-7.9,-5.3,-9.0,-11.7,10.0,-6.0,3.4,4.8,3.3,-9.8,1.6,-4.2,-4.1,-11.1,-3.8,-4.9,-7.8,-4.1,-3.1,-3.9,-9.6,-3.3,-1.5,-7.4,-3.3,-4.7,-10.8,-5.5,-3.3,-3.3,-2.0,-6.3,-7.9,-6.1,-10.0,-10.5,-2.1,-11.8,-11.8,-7.5,-9.9,-7.6,-8.5,-3.4,-6.6,0.5,-6.6,-7.7,-6.8,-7.5
2C7L516m7k,0,48.10275,11.625176,4442088.16,2777908.39,539.0,584.7,250,7296,1.9,0.92,0.24,32.64,348.96,-0.529,-0.103,0.842,-0.6,0.1,-0.13,0.15,0.7,0.1,-0.3,-0.7,-1.1,-1.5,0.2,-0.5,-1.2,0.4,0.6,0.2,3.7,0.7,-0.5,2.4,-1.5,-0.0,1.9,1.7,1.3,-0.1,0.9,1.5,2.5,1.3,1.3,3.1,1.9,2.7,0.3,0.2,-2.0,-11.0,-4.1,-0.9,-0.8,0.1,-0.7,2.9,0.8,4.0,1.9,1.9,-0.6,2.2,0.8,0.9,1.1,0.4,-1.1,0.3,-0.5,1.5,-0.6,-0.9,-0.2,-0.5,-0.6,-1.4,-1.4,0.4,-1.1,-1.7,-0.6,-1.2,-0.3,-7.9,-2.3,-2.1,-2.5,-2.4,-0.0,-2.3,-0.7,-3.1,-0.8,0.3,-1.0,2.0,-0.7,-1.0,1.9,0.6,0.1,-1.2,1.4,0.4,0.2,2.2,-1.5,0.3,2.0,-0.8,-2.7,-4.3,2.9,-1.7,1.5,-2.6,0.6,-1.3,4.2,-3.1,-0.6,-0.5,-1.1,-2.7,-1.8,0.0,-0.8,-0.5,-0.1,-0.1,-2.0,-0.7,-1.5,-1.1,-0.2,-1.6,-0.3,-0.9,0.2,-0.4,0.7,-0.4,-0.6,0.5,1.0,-1.3,-0.0,-0.3,-0.6,-2.4,0.3,-2.2,-1.4,-1.5,0.2,0.2,-2.9,1.4,0.5,-1.9,-0.4,-0.1,-0.5,-0.3,-0.4,-2.7,-1.1,-1.7,-2.0,-4.2,-2.8,-2.0,-2.7,-0.4,-1.2,-0.8,-1.0,1.4,-0.3,-0.6,1.9,0.2,-4.0,-1.3,0.3,0.8,-2.0,2.0,0.8,-0.8,-2.1,-3.0,-1.6,-1.7,-1.0,-2.3,-2.5,-16.3,-1.3,-3.2,-2.4,-3.2,-3.3,-3.0,0.9,-3.3,-0.2,0.5,-4.6,-2.1,-1.3,-2.7,-2.8,-0.8,-2.1,-2.7,-1.8,-2.6,-2.7,-4.0,-3.2,-1.3,-4.5,-3.8,-3.9,-3.0,-2.5
2C7L516m7l,0,48.102751,11.62518,4442088.48,2777908.46,536.4,582.1,250,7297,3.9,0.7,0.47,32.64,348.96,-0.529,-0.103,0.842,-1.0,0.2,0.45,0.3,0.8,0.3,-0.3,-1.4,1.4,3.0,0.4,-1.1,2.0,1.3,1.2,-0.5,2.0,3.2,-1.1,0.1,-2.8,-1.6,-2.2,-2.4,-2.8,-1.3,0.1,1.6,4.6,1.6,3.7,-2.4,-5.4,1.0,8.7,-2.0,-0.7,-10.2,-7.2,5.2,5.2,-0.3,4.3,1.7,7.7,4.7,5.1,0.0,3.0,10.2,-1.9,0.0,-0.8,3.7,-7.3,0.4,-2.4,6.1,-4.4,-10.3,-2.2,-2.6,1.1,3.6,-4.3,-6.0,-4.6,1.2,-1.5,0.2,-4.1,8.6,1.4,-1.9,-2.2,2.5,-0.3,-4.6,0.6,-5.4,3.9,1.8,0.9,4.4,-4.4,2.9,0.8,4.6,4.5,2.1,1.0,-1.5,-4.4,2.2,-2.2,-2.7,-0.1,-1.8,-1.5,-4.7,-5.1,-4.3,1.0,-3.4,2.5,-5.4,-13.8,-8.9,6.7,-13.0,-3.5,-6.8,-2.3,-1.6,-8.1,-2.3,-4.6,-0.7,-6.1,-1.0,-3.2,-5.1,-1.7,-2.4,1.9,-0.3,-0.4,-1.7,-2.7,-1.3,-4.7,1.8,4.9,-6.1,-1.7,-3.2,-4.9,6.4,-6.7,-9.9,0.3,3.9,9.4,-0.7,-2.0,-1.7,-2.8,-1.7,5.2,0.2,-5.7,-0.2,-2.2,1.0,-2.1,-5.2,-4.7,-17.1,-3.5,-2.8,-4.0,-3.8,-6.1,-4.3,-1.5,-0.2,2.2,-10.5,-1.8,-2.0,-10.1,-4.2,-2.3,-3.9,-3.2,-1.4,-1.9,0.3,-0.9,-3.3,-3.2,-8.3,-7.2,-3.6,-7.9,-13.8,-5.7,-4.5,-3.8,-5.8,-6.7,-6.2,-2.1,-4.1,-4.5,-3.0,-5.8,-3.6,1.9,-1.5,-3.2,-0.4,0.9,-3.8,-3.5,-0.1,-6.6,-5.8,-3.7,0.1,-2.6,-5.1,-4.7,-3.7,-2.6
2C7L516m7w,0,48.10287,11.626106,4442157.22,2777923.18,549.7,595.4,250,7308,3.1,0.79,0.39,32.64,348.96,-0.529,-0.103,0.842,-0.4,0.2,-0.4,0.24,0.8,0.2,-0.3,-0.3,0.7,1.0,0.3,0.6,4.7,0.5,-0.8,-2.0,-2.2,0.8,5.4,0.9,2.6,0.0,0.8,-4.6,-2.7,4.3,-4.6,-0.2,-1.2,-3.0,-3.1,-2.2,-2.7,2.9,-1.3,-2.2,-2.5,10.3,-4.2,0.9,-3.1,0.8,4.2,4.5,2.1,-1.3,3.0,2.1,2.0,5.9,-0.4,4.4,-2.2,3.1,1.1,-3.6,-0.2,0.6,1.9,-2.0,7.0,6.6,10.8,6.5,8.0,8.3,-0.2,0.7,2.9,-2.4,0.2,-2.3,0.8,0.8,1.5,-0.8,-1.5,1.9,-0.7,-5.6,2.0,2.0,2.3,2.1,3.5,3.2,-5.9,3.8,6.4,4.2,0.3,-2.0,5.2,1.5,-0.6,0.9,-0.7,1.1,3.2,0.4,0.5,0.4,3.4,0.6,-1.3,15.7,4.2,3.3,-0.6,3.5,3.9,-1.4,2.0,-0.0,2.3,-0.9,3.1,2.4,-0.5,2.8,-1.5,0.9,0.9,-3.0,2.0,-2.8,3.1,3.2,-1.7,-0.7,0.0,-1.9,-0.1,2.3,-0.3,-0.3,-0.2,2.1,2.1,7.0,2.1,-2.2,-1.1,2.9,-3.1,3.7,4.6,0.7,2.2,0.5,2.5,1.2,0.8,-5.5,-0.2,-0.6,-0.2,-12.2,-2.8,2.8,-0.6,-1.9,-1.2,0.8,1.8,1.0,0.7,1.8,3.9,1.0,-2.2,0.6,3.6,-0.6,-3.6,2.6,0.5,-0.0,-1.3,-2.5,-0.0,1.6,-2.8,1.0,1.5,6.4,-1.3,-3.5,-0.1,-0.6,-0.5,-4.4,-0.1,-6.9,3.0,-1.6,-4.4,4.6,1.2,7.2,-0.5,-0.0,4.1,-1.0,-2.7,-1.6,-0.2,-5.0,-0.9,1.2,-0.0,-2.6,-2.3,-2.7,-0.4
2C7L516m8O,0,48.103061,11.627595,4442267.63,2777946.88,544.5,590.3,250,7336,3.0,0.81,0.44,32.65,348.96,-0.53,-0.103,0.842,-0.2,0.1,-0.23,0.23,0.3,0.2,-0.3,-1.7,7.1,-0.1,-9.9,-6.4,8.4,-1.9,-2.6,-2.4,4.5,-0.5,0.0,-0.8,-0.3,-0.7,0.1,5.3,-2.5,-5.4,-1.4,-4.2,0.4,1.7,9.7,3.1,6.9,5.1,5.5,-0.3,-3.0,-3.0,-2.9,-5.2,0.8,-3.6,2.2,2.4,1.0,4.0,-0.1,5.5,1.6,-2.9,0.4,-1.1,4.9,0.7,-1.9,-2.2,0.9,3.8,-0.9,-0.4,0.1,-0.9,0.9,1.4,0.8,2.8,2.2,1.5,2.0,-7.9,2.3,-13.8,0.2,2.7,-7.1,1.3,1.4,0.3,2.6,-1.2,1.1,1.7,2.2,0.9,-0.1,1.7,-1.4,0.2,-0.0,0.9,-1.3,2.4,0.3,0.8,-1.6,-0.4,1.9,-1.3,-2.2,-1.0,1.6,-0.6,-0.8,3.2,4.0,2.3,1.4,-0.4,2.1,0.6,1.0,-0.7,-2.0,-2.5,0.6,0.8,0.8,1.3,1.1,1.3,-0.6,0.8,1.1,-5.1,0.0,1.0,2.8,-1.2,3.0,1.7,0.5,0.8,-1.6,0.5,1.6,2.4,0.5,0.4,3.6,2.1,3.0,-2.5,-1.1,-0.0,-0.0,1.2,8.2,0.4,2.2,0.3,-0.5,0.4,0.2,-4.4,1.7,0.9,-5.0,-0.4,0.4,2.7,-1.6,0.4,0.8,-2.1,0.0,1.4,0.8,-0.1,-0.7,0.6,-2.7,1.4,3.1,0.7,-1.7,1.1,3.8,0.5,-4.1,-5.0,-2.5,-0.1,3.4,1.2,2.7,9.1,1.6,1.5,0.6,-1.9,-2.1,-0.9,-0.2,-1.3,1.2,-2.1,-6.8,-5.8,-5.3,-4.0,-4.6,-5.0,-4.1,-1.1,-5.0,0.7,-0.8,2.9,1.8,-0.2,3.4,4.0,-0.2,3.1,2.9
2C7L516m8i,0,48.103179,11.628515,4442335.89,2777961.53,535.5,581.2,250,7356,3.1,0.81,0.42,32.65,348.96,-0.53,-0.103,0.842,-0.7,0.2,-0.07,0.24,0.2,0.2,-0.3,4.1,-1.3,-0.9,1.5,-2.0,0.2,-2.8,-1.6,-0.6,2.8,1.0,2.4,0.2,0.5,1.7,1.0,-0.7,0.3,2.9,2.8,-4.2,5.0,-2.9,6.1,1.3,12.7,-0.2,2.9,-5.3,4.1,-5.5,0.4,-13.1,-0.7,-3.9,-0.4,-1.6,3.1,3.4,0.3,0.1,4.7,3.4,2.1,-1.3,1.1,-2.5,1.3,-2.5,1.7,-0.3,0.9,-0.6,-0.1,0.5,1.5,1.0,0.6,-0.3,1.4,0.9,0.0,-5.6,-6.6,3.3,0.2,1.6,-0.8,-1.1,0.0,0.2,0.0,-0.6,-1.2,1.3,1.4,-2.0,-1.1,-2.2,-1.6,-3.0,-1.2,-0.7,-4.1,0.7,6.3,2.3,0.1,3.5,2.3,-2.2,0.1,-0.5,3.0,-0.4,0.2,1.3,0.3,3.8,3.4,-7.3,-1.3,7.4,0.6,1.7,-3.1,-0.0,-2.0,-1.5,0.5,-1.7,-1.0,-2.6,-0.9,-0.8,0.1,-0.7,0.4,0.9,-0.1,2.5,1.2,0.4,-0.7,-0.1,-0.6,0.8,2.4,0.1,-2.7,-1.2,-1.3,-3.1,0.6,-4.0,2.1,-2.2,-7.8,-1.0,0.2,6.3,-2.3,-4.8,-3.6,-3.9,-3.7,8.2,-2.5,-2.2,0.4,-1.9,0.1,-0.3,-0.8,-0.7,-0.0,-0.1,-2.7,1.7,-0.5,1.5,-3.8,2.6,-4.7,-2.2,3.6,-1.2,0.5,-0.5,1.9,0.8,1.1,-15.7,0.4,-4.6,-3.1,-3.8,-3.4,-12.4,-2.6,-2.6,-1.6,-2.5,-2.9,-2.9,-1.6,-3.7,-1.6,-2.5,-3.2,-9.9,-4.1,-7.4,1.8,-2.4,-1.0,-0.3,-3.7,-0.2,-8.0,3.9,-3.9,-1.2,1.0,0.2,1.3,-2.8,-0.1
2C7L516m8r,0,48.103258,11.62913,4442381.51,2777971.31,540.4,586.1,250,7365,4.0,0.67,0.44,32.66,348.96,-0.53,-0.103,0.842,-2.2,0.2,-0.41,0.31,1.9,0.3,-0.3,1.5,-2.6,2.3,1.6,1.6,-1.8,2.9,2.9,2.8,-0.2,1.0,-3.7,1.0,3.5,1.1,1.2,0.1,-0.7,-3.0,0.6,-3.9,-2.0,-1.2,-0.8,-3.6,2.1,-4.4,1.8,-3.3,-3.0,-5.5,-4.9,-3.0,-1.8,-5.6,0.7,-1.8,1.8,-1.5,-0.8,-3.4,-3.3,-2.9,-1.3,-1.1,-1.3,-2.1,-0.5,1.5,4.6,0.7,2.1,1.3,2.9,2.9,-0.5,6.1,-5.5,0.6,-8.1,-1.3,4.6,-8.8,5.2,-12.0,0.1,-2.2,1.1,-0.1,3.3,1.8,-2.9,0.0,3.0,0.2,-0.5,0.7,-0.9,-0.5,-0.2,1.2,-1.9,1.2,-2.0,1.9,-4.0,-4.0,-3.5,-7.7,-4.2,-5.0,-4.8,3.2,-7.1,-7.4,-6.2,-7.5,-6.6,-8.2,-5.5,-8.3,-8.0,-5.6,-6.6,-3.9,-3.4,3.1,-2.4,0.6,-4.2,-1.8,-4.7,-3.0,-2.6,0.4,-7.1,2.5,-3.1,-0.8,-0.3,3.8,-13.7,2.3,0.2,2.3,0.8,-2.4,0.5,0.8,-2.1,-3.4,-6.5,-2.7,-3.4,-6.5,-5.0,-2.2,-23.9,-7.6,-14.2,-6.2,-14.5,-7.2,-6.0,-0.6,-4.6,-5.6,-5.7,-9.3,-1.2,-8.6,-3.7,-4.2,-4.2,-6.4,-0.4,-5.5,-5.4,-3.4,-3.2,-5.5,-7.1,-7.6,-15.7,-9.0,-4.4,-16.6,-8.7,-10.1,-9.1,-15.2,0.0,-8.9,-9.6,-12.2,-8.1,-3.8,-5.4,-17.4,-12.5,-12.8,-4.4,-5.0,-6.1,-21.4,-5.4,-7.9,-9.7,1.0,-5.4,-3.1,-5.3,-10.1,-5.2,-9.1,-16.9,-13.1,-8.7,-3.6,-10.3,-13.3,-7.0,-5.0,-23.4,-22.0,-16.1,-8.5,-5.2
2C7L516mBW,0,48.104462,11.638509,4443077.28,2778120.56,538.0,583.7,250,7530,2.9,0.8,0.48,32.7,348.96,-0.53,-0.103,0.842,-0.2,0.1,-0.77,0.22,1.1,0.2,-0.3,1.5,-3.1,2.8,0.3,2.7,1.5,0.9,1.4,12.7,0.5,1.4,4.0,-0.1,-2.7,-0.0,6.4,3.9,1.3,1.7,0.6,-0.7,1.0,0.2,2.2,1.5,4.2,1.2,0.6,-0.8,1.1,7.9,0.1,0.4,0.5,0.6,3.9,4.3,5.5,3.7,3.2,3.0,4.6,6.4,5.4,3.3,2.4,3.1,-0.5,-5.9,-1.3,-7.5,-1.8,0.5,16.1,2.6,-3.0,4.8,2.4,10.2,0.5,-3.6,-0.0,-3.5,-5.0,-5.6,4.4,-4.6,8.9,2.2,2.8,5.6,2.4,0.2,0.7,1.4,3.6,2.4,4.2,3.8,6.1,5.2,6.1,4.4,5.5,4.9,3.2,6.3,4.6,5.7,6.6,3.2,3.9,2.1,3.4,6.5,4.0,4.3,6.0,5.1,5.5,2.6,3.7,2.6,2.8,3.3,2.4,3.2,0.5,2.1,2.6,4.0,2.8,1.6,1.6,1.0,0.5,-0.7,2.6,2.2,1.3,8.7,1.8,2.1,3.7,3.5,5.2,4.4,3.0,3.3,2.7,1.2,5.1,6.3,6.4,2.6,2.9,5.5,5.9,6.5,4.6,1.7,1.1,3.5,1.2,0.3,0.8,-0.7,1.7,6.9,1.7,10.3,0.5,5.7,4.4,2.5,1.1,0.8,1.3,1.8,3.3,2.1,-1.3,-0.1,-3.5,-0.1,3.1,3.2,2.7,4.9,3.2,3.8,4.5,1.9,1.5,3.8,-4.2,-3.0,-2.7,1.0,-2.3,0.1,-1.6,-3.8,-0.8,-1.6,3.3,-1.0,3.3,0.7,3.3,2.0,2.6,0.8,5.5,4.5,5.9,0.8,0.1,0.2,2.7,0.3,-0.6,-2.8,0.2,-0.2,-0.2,-0.3,2.0
2C7L5173Ad,0,48.102699,11.624633,4442047.85,2777901.82,535.9,581.6,251,7287,4.1,0.68,0.41,32.64,348.96,-0.529,-0.103,0.842,0.6,0.2,-1.57,0.34,0.6,0.3,-0.3,-1.8,-1.7,-2.4,-1.3,-3.5,18.6,-1.1,-2.8,-2.5,1.9,-0.1,-2.7,-2.0,-1.2,-0.7,-1.0,-1.4,-2.1,-0.3,-2.3,-1.4,-0.7,-2.1,-1.8,0.7,-0.4,0.4,-0.6,-1.3,-4.1,15.0,-4.8,-4.7,-4.0,-3.2,-3.1,1.2,-3.0,1.2,-3.1,-0.3,-2.2,-2.2,-1.4,-2.3,-2.1,-3.2,-2.5,-1.7,-2.5,-2.9,-5.8,-1.1,-3.2,-2.5,-0.8,-2.8,-1.2,-2.6,-1.6,-1.4,-1.7,1.9,0.6,1.8,-3.2,-0.7,0.5,-1.3,-2.3,-1.9,-0.4,-2.9,-4.1,-1.7,-1.8,-2.5,-3.0,-2.9,-1.4,-2.7,-0.9,-2.7,-0.6,-2.2,-2.6,-2.5,-2.6,-1.7,-3.2,-4.5,-3.2,-6.6,-0.6,-3.8,-0.4,-5.6,-0.9,-2.9,-1.5,-2.5,-3.2,-4.9,-1.6,-3.9,-2.5,-4.4,-4.8,-8.0,-5.5,0.1,-2.4,-1.7,-2.1,-3.9,4.2,-6.9,16.5,-4.0,-2.9,-4.8,9.6,8.4,-7.2,-4.8,-3.3,19.2,-3.7,19.3,14.5,10.4,12.6,5.2,7.2,6.0,4.0,7.0,3.7,8.8,5.4,5.6,3.4,6.1,6.9,8.4,9.2,5.3,6.8,7.6,7.1,3.1,5.6,5.8,5.9,7.0,4.1,3.5,2.3,3.6,2.3,2.1,7.8,6.3,-2.3,2.8,3.7,10.2,2.1,3.7,4.2,-0.3,-1.3,-2.2,-2.9,-3.0,2.3,-0.5,1.2,1.5,-1.6,0.3,-1.7,1.8,-2.7,3.5,2.5,-3.6,-0.8,-0.3,-4.7,-4.6,-1.3,-1.9,-3.4,-4.7,-3.0,0.2,-2.6,-4.7,-1.9,-2.9,-4.7,-3.0,-2.5,-2.8,0.9,-1.4,-1.7
2C7L5173Aq,0,48.102799,11.625406,4442105.2,2777914.11,539.3,585.0,251,7300,3.4,0.74,0.41,32.64,348.96,-0.529,-0.103,0.842,-0.5,0.2,-0.91,0.26,1.7,0.2,-0.3,-2.5,0.2,2.7,0.3,-0.1,-5.2,2.2,3.2,-0.5,-5.3,1.4,-2.8,1.8,1.6,2.8,2.3,-0.6,-2.7,-1.5,-2.5,-2.6,-1.0,-2.8,-3.7,-3.6,-2.2,-1.2,-7.5,-5.3,-5.0,-18.1,-8.0,-7.9,-6.1,-3.5,-2.6,-0.5,2.3,-2.7,0.1,-3.0,-5.1,-0.9,-1.5,-2.1,-3.9,-3.9,-2.9,-1.0,-2.1,2.7,-1.8,-4.1,-2.8,-2.4,-2.7,-3.3,-2.9,-0.8,-7.5,-3.0,-1.1,8.5,-1.5,6.3,-5.5,-3.5,-4.6,-0.3,-1.3,0.0,-3.0,-3.4,-1.0,-1.9,-0.4,-1.7,0.3,-1.9,-2.9,-7.4,-2.3,-3.8,-3.5,0.2,-3.1,-4.8,-2.5,-2.3,-2.9,-1.7,-7.8,-5.1,4.8,-2.8,0.4,-0.1,-3.2,-5.3,0.8,-1.4,-4.1,-2.2,0.3,-2.4,-1.7,0.8,-2.3,-2.4,-0.1,-1.3,0.9,-1.1,-2.1,2.6,-0.9,-3.5,-1.3,-1.8,-4.2,-6.2,1.5,-3.1,0.8,-2.1,0.5,-2.0,-1.1,-3.7,-7.0,-4.1,-1.4,-3.3,-2.1,0.1,-5.3,-4.5,-6.4,-2.5,-9.1,-15.2,-3.5,2.9,-1.5,1.2,-1.5,11.7,-2.5,-0.4,3.6,-1.3,-1.4,0.7,8.5,-3.0,4.3,0.4,-2.6,-3.7,0.2,-5.0,-10.7,0.1,3.8,-5.9,2.8,-2.6,-6.4,-0.9,-2.1,-3.6,-3.6,-17.4,0.6,-3.4,-5.5,1.4,-2.3,9.3,0.4,-0.2,0.3,-3.0,-1.8,-1.8,-4.8,-1.5,-0.4,-3.8,-7.5,-6.9,-5.7,-4.5,-6.9,-6.9,-6.4,-8.5,-2.8,-8.8,-8.6,-12.2,-10.1,-5.8,-5.4,-9.3,-2.5,-10.4,-2.1
2C7L5173Ba,0,48.103173,11.628325,4442321.79,2777960.54,554.2,599.9,251,7346,4.6,0.66,0.51,32.65,348.96,-0.53,-0.103,0.842,-0.5,0.2,0.06,0.35,0.9,0.3,-0.3,-4.6,-0.4,-1.3,0.1,-1.9,-12.7,-2.9,13.2,5.5,-12.0,6.4,13.7,0.7,-1.5,0.1,-0.4,0.3,-0.8,-2.0,-0.8,-1.0,-1.5,14.6,1.1,1.9,-0.1,5.8,-8.9,12.5,-1.5,6.1,-5.0,-3.1,-2.3,-3.1,-0.2,1.4,1.4,8.7,-1.4,-0.5,0.2,1.8,-0.9,0.9,1.1,-10.8,-5.9,0.9,-2.2,-2.2,-0.1,-1.4,-2.9,-2.0,-1.3,-1.3,-1.2,0.7,0.3,-3.2,-2.5,-7.5,-1.7,12.3,-13.9,-12.5,3.8,-0.9,-0.4,6.8,-1.6,11.9,-4.5,-1.9,-1.2,-1.0,-1.7,-1.4,-2.4,-3.7,-1.5,3.3,-0.9,-1.6,0.8,-1.4,-2.1,-0.9,-0.2,-0.9,1.4,8.2,-0.1,-1.5,-0.1,-7.9,1.0,-1.0,-0.2,-2.5,-0.0,0.3,-0.2,-0.2,0.9,0.2,0.6,-2.6,-1.8,-2.6,-0.6,-4.0,-1.3,-4.0,1.4,-9.8,-4.8,4.8,0.9,-9.0,1.3,10.4,-3.2,-1.7,-0.2,-11.1,-2.0,-0.8,-2.8,-1.1,-0.3,-7.7,1.5,0.0,-0.8,-1.4,-4.9,1.9,-1.8,14.5,-2.5,-4.9,-0.8,0.9,-0.4,-8.7,-8.1,-7.7,1.4,6.1,0.2,-2.0,-2.4,-2.0,-0.8,-0.5,-0.7,0.0,-0.4,-1.7,-1.7,-0.1,12.7,-1.2,-3.1,-0.7,-2.7,-0.1,-0.7,-1.7,-3.4,-5.0,10.7,1.0,-12.0,0.9,3.1,-11.4,-1.2,-3.0,0.3,-0.4,-0.7,-1.3,-1.7,-4.7,-2.0,-3.7,-5.5,-8.5,6.2,-4.0,-1.2,-1.4,-3.2,-3.1,-1.6,-5.4,-3.2,8.0,-3.8,-3.0,-2.2,-8.3,-0.9,-4.1,-3.8
2C7L5173Bc,0,48.103173,11.628322,4442321.56,2777960.51,547.3,593.0,251,7348,1.5,0.94,0.3,32.65,348.96,-0.53,-0.103,0.842,0.2,0.1,0.5,0.11,0.6,0.1,-0.3,-0.9,0.2,-1.9,-0.1,-0.7,-2.9,0.1,-0.1,1.2,1.0,1.3,0.3,0.9,-0.0,0.8,-0.4,-0.7,-1.5,-0.5,-1.2,-0.8,-1.4,2.4,0.8,2.6,0.4,2.3,1.3,0.2,-1.6,-6.4,-5.2,-3.6,-2.7,-1.8,-0.7,1.1,0.8,1.5,0.3,2.0,1.5,0.5,0.5,0.0,-0.1,-0.6,0.3,-0.9,-0.2,0.7,-0.1,-0.6,0.3,0.5,-0.1,-0.4,-0.8,-0.4,-2.1,-1.8,-2.0,-1.7,-1.9,-1.7,-1.9,-2.1,-1.6,-3.3,-2.4,-1.7,-0.7,-1.8,-0.8,-1.5,-0.9,-0.4,-0.3,-0.5,-1.4,-0.9,-1.4,-1.2,-0.9,-1.1,-0.3,0.1,-2.3,-0.4,0.7,-0.0,-0.6,-0.7,-0.5,-2.4,2.1,0.6,2.0,0.9,1.3,1.1,1.9,0.0,2.1,-0.3,-0.2,-0.5,0.7,-0.1,-0.7,-1.6,1.0,-0.5,-0.1,0.2,-0.6,-0.9,0.4,-0.8,-1.3,-1.1,-0.6,-0.4,-1.6,-1.2,-1.2,-0.6,-1.2,-0.1,-4.0,-2.4,-0.8,0.4,-0.5,-2.3,-2.6,-1.5,-4.2,3.0,0.1,1.7,-1.5,-0.2,-1.5,-1.2,-0.2,0.3,-0.7,-3.0,-2.4,-2.8,-1.4,0.1,-1.1,-0.1,-1.4,-3.0,-0.6,1.5,-0.7,-2.9,-4.2,-0.3,-3.0,-0.0,3.8,1.0,0.3,3.6,3.1,2.9,-1.1,-2.9,0.1,-0.0,0.3,-0.1,0.7,0.0,1.1,1.0,1.6,0.6,-2.6,1.9,1.7,1.5,2.5,1.6,-1.9,-2.3,0.9,-0.3,2.0,1.8,0.7,0.5,0.8,2.7,1.0,1.4,1.2,3.5,1.2,4.0,0.5,0.0,-0.5
2C7L5173Bg,0,48.10318,11.628375,4442325.45,2777961.36,539.0,584.7,251,7352,2.0,0.89,0.31,32.65,348.96,-0.53,-0.103,0.842,-0.2,0.1,-0.52,0.15,0.6,0.1,-0.3,1.6,1.4,-0.4,1.2,-1.6,0.0,-0.7,2.3,0.9,1.3,0.8,1.6,0.7,1.7,-1.7,-0.6,-0.0,-0.2,-0.8,-2.3,-0.9,-1.6,3.0,1.4,1.0,0.9,2.6,-1.0,2.3,-3.2,-3.6,-5.1,-3.2,-1.2,-2.6,0.5,1.6,2.8,2.2,2.2,2.3,2.0,1.1,2.0,1.0,2.3,-2.4,2.2,0.9,0.4,0.9,0.5,0.1,1.8,0.1,1.4,0.2,0.3,-0.4,0.3,0.3,0.2,1.7,1.3,2.0,0.7,4.2,0.8,1.8,3.1,0.5,-1.2,0.6,0.2,-0.7,0.4,2.5,2.6,0.2,0.7,3.4,2.8,3.0,5.5,0.8,2.6,1.9,-5.4,0.7,1.4,0.3,3.0,3.2,1.0,0.5,2.0,4.3,3.6,2.1,1.8,-1.1,3.3,2.7,2.8,1.6,4.9,-0.3,1.7,0.3,1.3,1.6,1.7,4.4,3.2,1.2,2.0,-4.8,2.2,2.5,1.1,5.1,3.4,2.2,1.1,-1.3,1.2,1.2,0.1,0.4,-1.2,-2.2,0.8,2.1,2.2,0.1,-0.3,0.3,-3.3,2.5,2.8,2.1,-1.2,1.5,2.4,0.7,2.4,6.8,2.9,2.0,1.2,-1.3,-0.9,1.2,1.4,1.0,-0.2,0.5,-0.1,1.7,-1.1,0.0,-1.6,3.9,2.4,-3.5,4.6,-0.2,-5.0,-0.4,0.5,-1.3,-2.3,-2.2,5.0,-2.2,-0.3,-0.8,-1.1,3.4,1.1,-0.2,0.6,-1.4,-3.2,-1.8,-2.3,0.4,0.2,-1.8,-4.2,-4.0,-1.4,-1.1,0.7,0.3,-3.4,-3.0,-4.1,1.9,-0.3,2.3,0.9,5.4,3.0,2.7,0.9,-0.4,-0.6
2C7L5173Bw,0,48.103272,11.629087,4442378.29,2777972.71,529.4,575.1,251,7368,4.0,0.7,0.46,32.66,348.96,-0.53,-0.103,0.842,-0.9,0.2,-0.4,0.3,0.3,0.3,-0.3,1.1,1.5,1.3,-4.5,-1.6,3.4,1.3,4.2,2.3,0.1,-3.2,-5.5,2.3,0.2,2.0,-0.5,-2.0,3.9,4.4,4.8,1.3,-4.2,1.8,0.5,2.7,-0.8,-0.1,0.8,3.4,-2.5,-11.3,5.6,3.9,4.5,-5.5,-1.7,4.2,2.9,0.3,-3.8,0.9,5.4,-2.6,1.6,2.4,-1.1,8.1,-0.8,7.8,-1.9,2.0,0.8,0.5,0.5,-1.4,11.9,-1.5,2.2,0.7,0.5,-2.1,1.9,2.7,1.5,0.4,0.5,0.4,12.8,-0.1,2.6,0.4,4.1,5.0,3.5,3.9,-0.4,1.7,-0.6,-3.3,2.0,1.9,-0.9,-3.3,5.1,-4.7,0.5,-1.8,-0.2,1.1,3.7,-7.7,-3.3,2.6,0.7,-0.9,4.6,7.1,1.5,2.7,1.3,0.1,-1.6,1.2,-0.6,0.3,1.5,-0.9,0.1,-1.8,2.3,0.1,-0.5,0.6,-1.2,1.4,2.7,0.4,-1.4,0.2,-1.5,-0.6,-1.4,-1.1,-3.4,-0.1,0.9,2.0,0.9,13.3,-8.1,12.7,-3.0,-5.3,6.2,8.1,-5.2,-1.2,-0.4,2.3,1.6,1.6,-3.9,0.3,-0.6,0.4,-1.4,-1.0,-3.4,-1.6,-0.8,-2.5,-3.1,-0.1,-1.4,-0.7,-1.3,-2.3,-4.2,0.9,-4.1,4.0,7.7,-7.2,-5.8,3.4,-4.5,5.5,-0.0,-2.2,-7.2,-6.4,-3.8,9.2,-2.2,-3.0,-2.1,-9.7,-5.3,-11.8,-1.7,-1.3,0.5,1.8,-1.2,-3.5,-1.9,0.8,-4.4,-1.0,1.2,0.2,-8.6,-1.3,-12.8,-13.8,-11.9,4.0,-3.9,-1.2,-4.5,-5.1,3.2,-8.9,-1.0,-2.9,8.4,0.8,4.9
2C7L5173CM,0,48.103495,11.63083,4442507.59,2778000.42,541.2,586.9,251,7394,1.6,0.93,0.2,32.66,348.96,-0.53,-0.103,0.842,-0.4,0.1,-0.35,0.12,0.7,0.1,-0.3,-1.8,0.7,0.8,0.5,1.0,-3.9,-0.2,1.0,2.5,-0.9,2.4,-0.3,0.8,0.0,1.2,1.1,-0.6,-1.8,-3.0,-1.1,-2.2,-1.8,-0.0,-0.4,0.3,-0.2,-0.1,-2.5,-3.8,-0.1,-3.7,-4.4,-3.0,-4.4,-2.6,-2.2,0.0,-0.5,2.0,-2.2,-1.7,0.4,-1.1,-0.7,-1.8,-0.6,-2.0,-3.2,-0.3,-0.6,-2.4,-1.4,-1.8,-0.4,-2.0,-1.1,-0.3,0.0,-1.1,-1.7,-0.6,-0.7,1.9,-0.9,1.4,-0.8,-2.4,3.0,-1.3,-0.6,-1.2,-1.4,1.5,0.1,-2.1,0.4,0.0,-2.3,-1.0,-0.3,-2.4,-3.3,-2.7,-2.1,-2.1,-3.8,-2.1,-0.5,0.3,-1.1,-1.0,-2.8,-1.6,-1.0,0.4,-1.0,-1.6,1.1,2.3,-2.5,0.4,-0.5,-0.0,1.3,-0.7,0.1,-1.7,-1.2,-0.8,-1.9,-0.1,0.3,-1.7,-0.8,-0.3,-0.2,2.8,-0.3,-1.6,-0.7,0.1,0.2,-0.5,-1.3,0.7,-0.2,-0.9,-1.4,-1.2,-4.7,-0.8,0.3,-0.0,-2.2,-1.6,-3.8,-1.4,-4.8,-0.9,1.4,-3.1,-2.6,-3.4,-1.6,-0.5,-0.6,4.8,-0.6,-1.0,-1.7,1.2,-0.8,-1.7,-0.5,-0.6,-2.2,-2.9,-3.2,-1.4,-1.3,-2.8,-1.9,0.4,-3.3,-3.4,1.7,-1.4,-3.4,-0.4,0.3,-2.7,-3.2,-3.7,-2.6,-2.9,-4.1,-2.5,-1.3,6.3,-1.6,-2.1,-1.4,-2.4,-4.5,-2.4,-4.4,-3.2,-1.5,-5.0,-6.4,-6.4,-1.6,-3.0,-2.6,-2.4,-3.5,-2.8,-0.2,-3.7,-1.9,-3.9,-3.2,-3.8,-4.1,-0.7,-2.8,-3.0,-3.4
2C7L5173CT,0,48.103524,11.631056,4442524.39,2778004.04,533.8,579.5,251,7401,1.3,0.95,0.26,32.66,348.96,-0.53,-0.103,0.842,-0.7,0.1,-0.44,0.1,0.8,0.1,-0.3,-0.3,0.2,-2.8,-1.4,0.2,-0.1,-0.6,-0.9,-0.4,-2.1,-0.4,-0.6,1.4,-1.2,0.1,-0.3,-0.8,-1.2,-1.0,-2.3,-3.0,-3.6,-0.6,-2.3,-1.8,1.5,0.2,0.9,0.4,-1.9,-0.1,-4.4,-4.2,-5.5,-2.1,-3.9,-0.3,-1.3,-1.4,-1.8,-1.0,-0.7,-1.6,-1.3,-1.7,-1.6,-1.2,0.2,2.5,1.0,0.9,0.2,0.4,-0.6,-1.2,-0.6,-0.2,0.1,-0.5,-1.6,-1.3,-1.3,0.0,-1.4,-1.7,-1.6,0.0,0.4,-1.1,-2.1,-3.0,-2.6,-1.9,-0.8,-1.1,-1.3,-0.7,-2.0,-1.9,-1.3,-1.7,-2.0,-1.7,-1.1,-1.4,-2.5,-2.2,-1.9,-4.8,0.4,-3.3,-1.3,-2.8,-3.8,-2.6,-1.2,0.1,-2.4,-0.8,-1.8,-1.9,-2.2,-0.8,0.3,0.3,-0.9,-1.3,-1.9,0.2,-1.9,-3.1,-0.9,1.2,1.2,-0.3,-1.0,0.3,-1.1,-0.8,-1.4,-0.3,-2.5,-2.5,-2.9,-3.1,-2.1,0.0,-3.5,-1.4,-2.2,-2.2,-2.8,-1.9,-0.9,-2.6,-4.2,-2.1,-5.4,-2.7,1.2,-2.5,-1.4,-1.4,-1.3,-0.4,-0.2,1.5,-1.3,-1.8,-2.4,-1.2,-2.4,-1.8,-1.5,-0.3,-1.8,0.2,-0.9,-0.7,-1.4,-3.5,-6.3,-2.9,-4.9,-5.1,-1.4,-3.7,-1.8,-0.3,-2.0,-2.2,-3.6,-4.6,-2.9,-3.2,-0.6,-2.2,-1.5,-2.2,-1.8,-2.7,-1.2,-2.1,-3.0,-3.5,-3.8,-4.3,-1.9,-3.9,-5.0,-6.4,-4.6,-4.9,-5.4,-3.9,-5.5,-5.6,-6.8,-3.8,-5.6,-7.3,-5.3,-4.1,-4.1,-1.9,-4.7,-3.8,-3.6
2C7L5173CX,0,48.103562,11.631354,4442546.43,2778008.76,535.9,581.6,251,7405,4.2,0.66,0.52,32.67,348.96,-0.53,-0.103,0.842,0.2,0.2,-0.42,0.32,1.4,0.3,-0.3,-0.5,5.7,2.8,2.9,3.6,2.2,-0.6,2.1,3.5,3.9,-0.1,4.7,5.1,8.8,1.8,14.1,4.3,5.0,0.3,3.8,3.6,-5.9,-4.6,-2.4,4.9,3.1,5.4,4.1,-2.0,-1.2,-1.7,0.4,8.6,0.4,5.1,-0.1,1.8,2.7,3.8,1.0,3.8,-2.6,0.5,0.8,9.3,5.6,1.2,1.5,2.0,1.6,2.6,3.6,3.0,0.1,-1.3,0.3,-0.5,2.4,0.6,-1.3,0.4,0.9,2.0,-0.1,-3.8,-4.2,-0.4,10.0,2.6,3.2,-0.4,-4.2,2.7,2.5,-0.0,6.0,2.3,3.0,1.9,7.5,5.0,15.1,3.2,6.4,4.5,8.6,-4.0,15.5,2.4,14.8,3.3,1.3,1.1,0.4,8.0,5.5,7.5,5.2,6.4,12.9,8.1,6.7,5.6,10.6,7.9,10.2,8.4,6.2,13.3,5.3,4.8,5.5,1.1,2.0,6.1,-0.3,2.4,0.4,1.3,2.7,-0.6,1.4,2.8,5.1,7.7,15.3,5.4,-4.0,1.1,15.2,-0.9,0.7,5.1,2.5,0.6,8.3,4.8,8.5,10.8,4.1,15.1,0.8,-1.5,-0.2,1.9,-0.3,12.1,1.6,2.7,0.6,3.8,4.4,-0.3,6.6,1.2,0.8,3.1,-2.6,6.1,-0.5,9.1,-0.9,2.9,3.6,2.7,5.2,5.0,3.2,4.7,-1.9,5.8,-0.1,-4.4,-0.0,-0.0,-1.4,2.2,0.1,1.2,1.9,0.8,2.3,4.0,2.4,2.3,-1.3,-1.2,6.6,7.1,5.8,9.9,0.0,22.9,9.4,9.4,8.7,3.5,0.9,2.1,3.0,0.4,-1.9,5.5,9.6,7.0,-0.3,1.1,1.5
2C7L5173EW,0,48.104478,11.638484,4443075.4,2778122.22,543.2,588.9,251,7528,2.5,0.81,0.33,32.7,348.96,-0.53,-0.103,0.842,-0.1,0.1,-0.18,0.19,2.1,0.2,-0.3,0.5,-1.6,0.2,-1.3,1.4,0.5,0.2,-0.7,1.4,-3.2,0.9,2.3,0.8,3.8,1.9,2.8,4.3,4.0,3.1,-0.2,2.0,1.2,2.7,4.3,5.4,4.0,2.9,1.9,5.0,2.0,11.0,1.9,2.6,1.2,2.0,2.6,3.2,4.0,5.0,3.4,4.1,4.3,5.2,2.3,2.7,1.8,0.4,2.1,1.9,1.2,3.4,1.9,0.5,0.2,2.5,1.8,1.9,-0.8,0.1,0.2,-0.6,0.0,-4.7,-0.6,0.2,0.5,-0.4,-0.6,0.1,0.0,-1.7,2.3,0.3,0.2,-1.0,-0.3,1.1,-0.2,-0.1,1.2,-1.9,3.7,4.3,2.4,-0.5,7.2,2.5,4.2,4.9,8.0,1.9,2.7,1.9,0.1,5.7,4.1,4.2,7.6,10.5,5.7,3.4,3.4,1.8,4.3,4.0,4.1,2.4,2.5,-1.7,-1.3,0.9,0.6,-0.2,0.0,0.4,0.5,0.0,1.4,2.9,1.9,3.6,3.2,1.6,3.1,0.6,2.8,5.4,3.4,1.9,0.4,3.8,6.5,7.4,6.6,4.8,3.4,4.7,7.6,7.2,4.9,4.1,3.0,1.1,1.0,1.1,-1.2,-6.6,-2.7,-0.9,-2.5,-1.9,3.3,-0.2,-1.4,-2.8,2.4,0.4,0.7,2.3,-0.1,-1.1,0.9,2.1,0.2,2.9,5.6,3.3,-0.0,4.8,2.7,5.1,0.4,0.3,2.1,0.7,-3.1,-1.7,-1.7,13.7,-0.3,2.0,1.1,3.9,4.5,1.3,0.7,0.3,1.8,1.9,11.7,9.0,6.5,-0.2,-6.1,10.7,4.7,0.3,2.5,4.7,2.5,-0.9,0.3,0.2,-0.2,-1.1,-3.3,-2.0,-1.8
2C7L5173Ea,0,48.104494,11.638612,4443084.87,2778124.26,538.4,584.1,251,7532,1.4,0.95,0.2,32.7,348.96,-0.53,-0.103,0.842,-0.9,0.1,-0.09,0.11,0.4,0.1,-0.3,0.1,0.6,-0.1,-0.6,0.1,-1.7,0.1,-0.5,-0.2,-0.4,-0.3,-0.6,-0.1,-0.0,-0.0,0.5,-0.0,0.9,0.9,-3.1,-0.4,-2.8,0.5,0.2,0.9,1.2,2.1,0.8,0.1,-1.0,6.0,-3.7,-0.3,-3.5,-1.0,0.8,0.5,3.0,1.6,-0.7,1.7,0.1,1.0,1.2,1.7,1.1,-1.0,-1.3,0.7,-0.5,0.6,0.9,1.2,0.6,0.1,0.7,-1.1,-0.3,-0.1,-0.2,1.5,-0.2,1.6,-0.3,-3.8,-2.6,-0.4,-1.5,-0.2,1.2,-1.6,0.4,-1.0,-0.3,-0.6,0.1,-0.5,-0.1,-1.8,0.4,-1.2,-0.5,-0.6,1.5,-0.4,0.9,0.1,0.3,-1.0,0.9,-0.5,-2.2,-2.5,-1.9,-0.4,-1.0,1.1,0.6,1.2,1.1,0.4,0.2,1.1,2.3,0.1,-0.8,-0.3,-0.6,-1.4,0.2,0.3,-0.4,-0.7,-0.1,-1.4,-1.8,-1.6,-1.7,-1.5,-2.7,-0.4,-1.0,-1.2,-1.2,-0.7,-0.6,-1.4,-1.9,-3.0,-2.1,-0.2,-0.8,-1.8,1.8,-2.6,-2.7,-0.7,0.1,1.3,-0.2,-4.0,-4.5,-3.7,-3.7,-3.9,-3.8,-2.4,-4.1,-2.4,-3.5,-2.1,-2.9,-2.2,-2.4,-2.5,-2.8,-3.2,-2.7,-1.4,-0.4,-3.0,-6.5,-4.1,-5.5,-3.6,-1.3,-0.4,-2.0,1.5,-1.2,-0.0,-3.5,-3.5,-2.0,-2.3,-2.5,-2.2,-1.7,3.1,-2.5,-2.6,-2.2,-2.6,-3.9,-2.7,-3.8,-2.6,-2.4,-3.8,-4.7,-5.0,-4.3,-4.7,-2.7,-0.8,-1.4,-3.4,-4.8,-2.8,-2.1,-3.7,-4.4,-3.9,-3.4,-2.5,-4.1,-4.7,-4.1
2C7L5173Ah,0,48.102747,11.624861,4442064.7,2777907.5,537.4,583.1,251,7291,2.5,0.86,0.42,32.64,348.96,-0.529,-0.103,0.842,-2.2,0.1,0.17,0.19,0.8,0.2,-0.3,-2.4,-2.2,-1.6,-2.7,0.1,1.4,-3.2,-1.3,-0.5,2.7,2.4,2.4,0.9,-2.9,-1.7,-3.1,-1.8,-5.3,-2.3,-4.1,-1.2,-2.9,0.7,-5.5,-2.7,-4.7,1.0,0.2,-2.4,-6.0,-9.5,-9.5,-5.7,-6.2,-1.2,-6.6,-1.8,1.8,-0.8,-0.2,0.0,0.2,1.2,-1.7,-0.2,-0.3,0.5,1.6,-0.1,-0.1,1.8,-0.2,-0.3,-0.7,-1.1,-1.9,0.3,-0.6,-0.2,-1.1,-2.6,-1.4,3.0,-2.8,-17.5,-1.2,-2.8,-2.9,-7.1,-4.3,-1.1,-3.8,-4.7,0.3,-3.2,-5.5,-3.0,-3.6,-4.9,-4.1,-6.2,-4.3,-5.9,-1.1,-0.3,-6.6,-2.0,-4.9,-5.6,-4.8,-4.0,-9.3,-5.2,-4.3,-8.6,-6.9,-5.1,-4.8,-6.0,-3.1,-6.5,-5.0,-6.9,-4.9,-4.6,-3.4,-3.5,-4.2,-5.1,-4.6,-4.7,-3.7,-2.5,-2.8,-2.2,-3.1,-1.3,-2.9,-2.4,-0.9,-2.4,-8.8,-9.2,-9.1,-7.2,-8.6,-4.8,-7.7,-6.1,-7.4,-8.9,-6.7,-5.4,-7.1,-7.8,-9.0,-7.4,-9.8,-5.5,-5.2,-4.8,-7.6,-9.1,-9.6,-4.0,-8.7,-7.0,-8.0,-9.0,-8.2,-7.3,-9.1,-10.0,-9.0,-8.4,-8.2,-8.6,-9.5,-4.5,-5.9,-8.5,-5.7,-7.0,-9.7,-7.3,-6.2,-8.9,-10.8,-8.1,-8.9,-10.1,-12.1,-8.2,-6.4,-8.7,-7.9,-11.3,-11.6,-5.6,-10.3,-11.2,-8.9,-8.0,-10.0,-12.3,-7.4,-9.5,-9.7,-7.3,-9.6,-9.6,-8.0,-9.1,-11.0,-10.1,-11.2,-10.3,-11.2,-11.8,-10.9,-9.9,-10.6,-11.4,-10.0,-10.2,-3.7,-17.0,-15.2
2C7L5173B4,0,48.102917,11.626187,4442163.09,2777928.6,538.8,584.5,251,7314,3.7,0.7,0.42,32.64,348.96,-0.529,-0.103,0.842,-0.4,0.2,0.82,0.28,1.3,0.2,-0.3,-4.0,0.2,-0.7,2.0,-3.0,3.1,3.6,1.8,2.7,2.4,1.6,1.8,-1.1,-0.8,-2.0,-3.3,-1.4,-6.4,-1.0,3.9,-1.2,-0.6,-0.9,-2.5,2.2,0.6,1.3,-4.7,-1.2,-6.1,-11.5,-7.4,-5.9,-4.5,-6.3,-6.6,-2.7,-4.4,-0.7,-1.5,-2.9,0.4,5.0,-4.1,0.0,-1.8,-13.9,-4.5,-4.0,-5.7,-5.7,-6.3,-7.5,-1.7,-3.0,1.9,-4.0,3.2,-9.4,1.9,-2.3,1.2,-4.6,2.9,1.5,3.7,-17.4,-6.7,-3.1,-2.5,3.1,-3.4,0.3,-5.5,-2.3,-3.2,-1.2,-2.5,-2.7,-1.4,2.8,-8.4,0.8,-6.6,-3.4,-1.1,-4.1,-10.7,-3.0,-8.5,-7.9,-14.0,-10.3,-6.5,-1.7,-5.5,-5.9,-12.2,-1.9,-4.8,-4.7,-3.6,-3.8,-1.4,-8.0,-4.2,-1.9,-5.0,-11.1,-6.7,-1.8,2.2,3.9,-5.4,-1.9,-0.8,-0.6,-2.2,-2.9,-3.6,-1.8,-5.1,-2.3,-1.0,-1.3,0.3,-4.7,-5.7,-0.4,-2.1,0.5,-0.8,-4.2,-1.0,2.0,-5.4,-1.2,-9.9,-4.9,-4.0,0.3,-4.1,-4.8,-3.6,-2.0,-1.8,7.0,-12.8,-9.4,-3.6,-7.3,-3.6,-4.7,-5.3,-6.6,-5.0,-7.0,-3.8,-7.2,-6.6,-10.1,-5.4,2.6,-6.1,-5.8,-0.4,-8.8,-11.6,-2.0,-8.5,-2.4,-5.8,-4.6,-0.7,-2.9,-2.1,-1.9,-3.9,-17.7,-2.7,-2.8,-3.3,-0.1,-0.4,-2.8,-4.4,-4.5,-0.6,-2.7,-6.0,-4.7,-5.2,-3.1,-3.8,-3.5,-5.2,-0.3,-9.5,-7.9,-7.3,4.7,-3.6,-1.4,-2.9,-0.7,3.0,-3.6,0.8
2C7L5173BK,0,48.103045,11.627181,4442236.86,2777944.42,543.1,588.8,251,7330,2.2,0.85,0.35,32.65,348.96,-0.529,-0.103,0.842,-0.8,0.1,-1.1,0.17,0.6,0.1,-0.3,0.5,-1.1,-0.3,0.3,2.1,-2.1,1.8,-1.1,1.6,-4.4,2.1,-0.8,3.0,-0.0,-0.4,0.6,2.4,-1.2,1.7,0.6,-0.2,-0.3,-1.7,-1.8,2.2,-0.6,2.9,-5.4,-2.1,-3.9,-7.2,-6.5,-5.9,-4.1,-5.7,-4.6,1.6,1.5,0.4,-0.3,0.4,1.5,1.7,1.7,-2.2,-3.4,-3.4,-1.2,-0.7,1.0,2.0,0.4,0.1,0.2,0.5,-1.6,1.3,3.4,-0.5,2.4,1.6,-1.8,-0.4,-0.3,2.6,-4.0,-1.0,-2.0,-3.1,-1.2,-4.0,-3.0,-0.3,-1.7,-1.3,-0.7,1.5,-0.5,-1.4,-0.5,-0.6,0.5,-2.3,-2.3,-1.8,-2.9,-1.6,-4.6,-3.3,0.2,-1.7,-2.0,-4.9,-0.4,-2.4,2.5,0.0,1.1,-0.4,0.0,-2.0,2.1,1.6,-0.0,-1.4,1.3,-0.5,1.1,-0.7,0.9,2.6,1.5,0.3,1.0,1.7,-0.0,-1.7,-1.9,0.9,-2.6,2.7,1.3,0.7,1.8,3.0,0.6,0.3,1.2,1.5,-0.6,-1.2,1.1,-1.9,-0.5,0.8,-0.7,0.3,-6.7,2.5,2.2,-0.8,0.3,0.2,-0.1,0.4,0.4,-1.6,-1.4,0.5,0.7,0.2,-0.3,-1.5,5.0,-0.7,3.3,3.7,-0.9,0.9,-0.4,-0.3,-2.2,-0.7,-8.2,-4.1,-0.0,-3.1,-6.6,1.2,-1.6,-3.4,-2.7,-5.2,-3.1,0.2,-0.3,-4.7,-3.0,-5.6,-6.2,-6.0,-5.0,-4.4,-5.4,-5.2,-6.1,-6.1,-4.9,-2.1,-6.7,-3.5,-3.3,-2.8,-0.5,2.9,-4.6,-4.0,-6.2,-5.4,-4.8,-6.6,-7.6,-4.8,-4.1,-5.7,-6.9,-9.0,-5.7
2C7L5173BM,0,48.10307,11.627378,4442251.48,2777947.55,545.6,591.3,251,7332,1.6,0.93,0.21,32.65,348.96,-0.529,-0.103,0.842,-0.4,0.1,-0.3,0.13,0.7,0.1,-0.3,-0.5,1.3,-1.6,0.4,-0.6,1.0,-0.5,-0.3,-0.4,1.1,0.7,-0.5,0.9,-0.9,-1.2,-0.8,-0.9,-0.3,-1.2,-0.7,-1.8,-0.7,-0.0,-1.8,-0.1,0.6,1.2,0.9,-0.8,-1.1,-9.7,-5.0,-3.0,-2.1,-4.2,-1.1,1.1,1.4,1.2,2.5,-0.1,-0.3,0.7,2.1,-2.6,-0.0,-2.5,-0.8,-1.3,-2.0,0.2,-0.9,-1.0,-1.1,-1.0,1.1,-1.1,0.2,-0.5,-1.3,-0.5,0.3,-1.5,-0.8,-0.1,-0.6,-0.8,-1.0,-1.0,-1.3,0.3,-2.4,-0.6,-2.4,-1.5,-3.3,-2.6,-1.8,-1.8,-2.3,0.7,-0.7,-0.0,-0.7,-0.9,-0.7,-2.4,-4.3,-1.7,0.2,-0.1,-2.3,-2.4,-0.1,-4.0,-0.6,-1.1,0.1,-1.5,-0.7,-1.7,-0.9,0.2,-0.2,-1.9,-0.6,-0.0,-0.9,-0.6,-1.5,-0.4,-0.2,-0.8,-1.0,0.8,1.0,0.2,0.9,1.1,0.1,0.6,0.6,0.0,0.2,1.2,1.3,-0.5,-0.9,-0.1,-2.8,-0.1,0.1,-0.6,-1.0,-3.2,-1.9,-3.0,-6.4,2.5,3.5,-0.8,-1.1,0.1,0.9,0.7,-0.4,-1.3,0.1,0.7,-1.6,0.1,-1.5,-0.7,-2.7,-0.4,-0.1,-1.8,-2.6,-0.9,-2.4,-2.2,-2.4,1.8,-4.0,-3.0,3.3,0.7,-3.7,-1.2,-1.0,-0.2,-4.5,-5.5,-4.4,-0.5,-1.4,0.2,-0.9,-7.5,-1.2,-2.1,-0.7,-1.9,-3.2,-2.7,-0.9,-4.0,-0.7,-1.2,-4.1,-5.9,-5.3,-4.8,-2.2,-2.3,-4.6,-2.4,-4.3,-1.4,-4.5,-1.5,-3.8,-3.2,-1.0,0.2,-0.1,-0.6,-1.3
2C7L5173Bq,0,48.103251,11.628785,4442355.81,2777969.96,530.9,576.6,251,7362,2.2,0.85,0.38,32.66,348.96,-0.53,-0.103,0.842,-0.6,0.1,-0.37,0.18,1.1,0.1,-0.3,-1.8,-3.1,2.4,0.5,0.3,5.8,-0.2,1.1,1.3,1.1,3.4,0.3,1.0,0.2,-1.6,-2.3,-1.7,-2.1,-4.7,-2.0,-1.4,-0.9,-2.0,-3.0,-1.4,-1.1,-3.3,-1.9,-1.1,-3.9,-9.1,-3.9,-3.9,-1.3,-6.4,-2.5,-1.8,-1.4,-0.9,-2.1,-4.1,-4.2,-4.9,-2.1,-4.8,-3.9,-2.7,-4.1,-2.1,-2.9,-0.2,-2.4,-3.8,-5.0,-3.2,-3.5,-7.1,-3.8,-4.5,-3.9,-2.3,-4.3,0.6,-2.7,-7.1,-1.6,-1.0,4.3,-2.2,0.9,-2.4,-4.4,-2.6,-1.4,-3.8,-5.7,-4.8,-3.7,-5.2,-5.9,-5.2,-2.8,-3.8,-2.7,-3.5,-4.4,-3.9,-5.3,-2.2,-4.3,-5.2,-0.4,-3.1,0.1,-4.5,0.8,-2.0,-1.9,-2.2,-3.0,-2.0,-3.0,-3.3,-0.7,0.4,-2.0,-2.8,-1.7,-4.4,-4.2,-2.8,-3.0,0.3,-0.4,-1.3,-2.4,-0.7,2.7,-2.9,1.7,0.3,1.1,4.6,-1.2,-1.0,-1.7,2.1,-3.2,-0.7,-6.1,-0.4,-0.3,-1.0,-2.8,-4.8,-6.0,-5.5,-9.7,-4.9,-3.5,-2.9,-6.2,-3.6,-3.0,-1.1,-1.4,1.8,-3.4,-2.1,3.8,-2.5,-4.3,-3.3,-5.1,-3.2,-3.5,-1.8,-2.7,-0.6,-1.1,-1.7,-2.6,-3.3,-4.8,-6.1,-4.7,-5.1,-6.2,-4.1,-4.5,-3.4,-6.8,-5.2,-3.5,-1.6,-1.5,-4.4,-2.5,-8.0,0.6,-1.1,1.0,-1.4,-1.8,-0.8,-2.7,-3.0,-5.3,-6.0,-8.5,-7.9,-8.1,-4.9,-2.0,-2.3,-2.4,-7.9,-2.2,-6.2,-5.3,-9.1,-5.8,-7.2,-8.1,-1.1,-7.7,-9.8,-6.3
2C7L5173CW,0,48.103585,11.631386,4442548.81,2778011.33,542.4,588.1,251,7404,4.1,0.66,0.55,32.67,348.96,-0.53,-0.103,0.842,-1.0,0.2,-0.64,0.32,0.9,0.3,-0.3,11.4,9.3,1.5,-6.6,-10.6,11.2,-1.8,-9.4,-5.5,-11.1,5.1,10.3,2.3,7.3,12.2,-0.5,-5.2,-5.3,-6.9,-4.1,-3.4,-3.1,-0.9,1.5,0.5,2.0,0.7,0.2,4.7,-1.3,0.0,-5.0,-4.4,-4.0,-0.4,-3.8,0.7,0.5,1.2,0.0,0.7,3.2,-0.7,-0.6,-0.9,0.0,-0.5,-5.4,-6.6,-5.3,1.5,1.3,2.5,0.0,0.4,-1.9,5.8,3.4,4.4,1.0,1.2,0.1,-8.9,10.5,6.7,0.2,-1.7,5.2,-0.2,0.5,-0.1,-0.2,-0.2,1.6,1.6,-0.9,1.4,-0.6,-1.6,4.6,-0.9,-0.8,1.7,1.3,1.7,-1.7,-0.6,-2.8,-3.5,2.0,0.3,-3.9,2.1,-3.2,-1.5,6.7,3.2,-4.4,-3.5,-4.1,-3.2,-4.6,-1.6,0.6,-3.4,2.7,-1.1,2.0,0.5,3.7,-1.3,2.0,4.5,-1.4,-1.3,1.5,2.8,2.4,3.0,3.4,9.0,0.5,-1.5,-1.2,-2.3,-2.4,6.2,3.0,3.1,-2.7,-4.9,0.4,-1.0,-2.0,-2.7,-3.0,-3.1,-6.0,-0.6,-3.6,-2.4,1.2,-5.7,-1.7,-6.7,0.0,-0.2,-2.2,-4.2,-6.9,-1.9,-3.9,-2.7,-2.2,-0.3,-3.2,-3.0,-2.4,-3.5,-8.1,-6.1,1.7,-1.4,-3.6,-2.9,5.2,-1.2,-5.2,-2.5,-10.3,-7.9,-12.9,-11.3,1.8,0.4,-0.9,-0.3,-5.5,-4.4,2.4,-1.4,6.3,0.3,-5.6,-1.1,-4.5,2.0,-14.0,3.7,-3.6,-4.1,-1.8,-3.5,-0.5,-1.1,-3.6,-0.6,-0.9,-0.0,-5.2,-0.0,-3.9,-16.7,-6.7,-10.4,-1.5,-10.9,-11.8
2C7L5173D9,0,48.103869,11.633599,4442712.96,2778046.55,541.7,587.4,251,7443,3.9,0.68,0.47,32.68,348.96,-0.53,-0.103,0.842,-0.3,0.2,0.29,0.3,0.8,0.3,-0.3,0.1,-4.1,-4.0,-3.4,-1.6,-3.6,-1.8,5.8,2.5,1.8,0.3,2.0,7.4,-4.2,-8.1,2.5,0.5,1.3,-4.1,-0.3,-0.4,-0.1,0.6,-2.3,-0.8,-1.4,-1.0,-2.5,-0.3,-3.8,-2.2,-5.2,-8.5,-4.3,3.0,-9.6,-7.0,-1.6,-1.0,-3.2,-4.1,1.1,-7.8,-5.1,-5.2,-0.5,-1.1,-2.0,-1.6,0.7,1.1,-7.0,-3.3,1.7,-2.2,-1.8,5.9,-1.2,1.7,2.9,-0.9,2.2,2.1,-4.7,-10.7,-3.0,-10.4,1.0,-4.8,-7.8,2.4,3.8,0.8,-8.9,-1.0,-2.0,0.5,2.5,-1.5,-0.6,-4.2,-3.7,-1.0,1.2,-0.2,-6.2,-2.1,-4.0,-3.3,-8.9,-4.5,-0.6,-4.2,-4.7,-2.3,-7.3,-2.3,-6.2,-8.0,5.9,-3.9,-6.2,-7.8,8.1,10.9,-1.3,-6.5,1.0,-4.6,-2.1,-0.5,-2.4,-2.2,-2.1,-2.9,-2.3,-4.0,-2.3,-11.2,-5.0,-1.0,-3.2,-3.3,-1.7,-3.7,-3.4,0.2,-0.9,-5.6,-10.6,-5.6,-4.8,-0.2,-2.9,0.6,-3.0,1.9,-1.6,3.5,5.4,-0.6,-0.4,-2.8,-3.1,-4.3,-2.4,4.4,-3.1,-2.7,-1.6,-4.7,-0.7,-10.9,-3.0,-6.7,0.6,-1.5,-1.4,-5.6,-1.9,-8.5,-5.4,0.6,-8.4,-10.0,-1.8,-2.8,2.5,2.3,-2.2,-5.1,3.5,-4.3,-0.4,3.4,0.3,-1.6,-1.7,0.8,-8.2,-12.2,-7.9,4.0,-3.4,-2.5,-0.6,-2.1,-0.6,-6.1,-10.1,-4.7,-5.2,-1.5,0.8,3.3,8.0,-10.7,-5.2,-4.4,-9.3,-0.5,-4.4,-1.5,8.0,3.0,-3.5,-9.1,-5.1
2C7L5173ER,0,48.104444,11.638075,4443045.01,2778117.78,536.8,582.5,251,7523,1.6,0.91,0.29,32.7,348.96,-0.53,-0.103,0.842,-0.4,0.1,-0.21,0.12,1.5,0.1,-0.3,0.3,2.8,-2.4,-0.0,0.0,0.6,-1.4,0.6,-0.2,3.3,0.6,-0.2,-2.4,-0.9,-2.5,-2.7,-3.0,-0.3,-3.2,-0.9,-4.3,-3.4,-1.3,-2.4,-2.8,-1.5,-2.3,-2.7,-1.4,-2.7,3.6,-5.6,-6.8,-7.6,-4.8,-4.1,-6.4,-2.0,-4.0,-2.5,-1.5,-0.7,-4.3,-2.5,-3.8,-2.4,-2.5,-0.8,-1.6,-0.7,-0.8,-1.0,-0.0,-1.1,-0.4,-1.8,-0.6,-0.3,-1.8,-0.4,-0.7,0.4,-3.6,-0.4,-3.6,-2.4,-1.2,0.4,0.2,0.7,-0.3,-1.7,-1.5,-1.7,-2.2,-0.7,-1.9,-0.3,-2.8,-4.6,-1.8,-3.9,-2.0,-4.7,-2.2,-2.0,-3.0,-4.3,-4.0,-3.3,-3.2,-4.4,-3.9,-6.1,-3.4,-6.0,-3.6,-3.3,-1.7,-3.7,-1.8,-5.2,-1.6,-2.2,-2.9,-1.7,-1.8,-0.5,-2.6,-3.6,-2.3,-2.5,-1.1,-1.5,-0.4,-1.8,-2.5,-1.1,-0.7,-1.4,1.0,0.3,-2.8,-1.6,-0.3,-1.2,-1.4,-2.9,-2.2,-3.2,-1.7,0.1,-3.1,-2.6,-5.4,-5.1,-3.9,-0.9,-1.6,1.8,-0.3,-3.1,-4.3,-3.5,-1.9,0.1,3.0,-1.1,0.2,-0.6,-0.4,-0.8,-1.4,-1.3,-1.6,-1.9,-2.2,-1.8,-1.8,-2.6,-5.6,-9.2,-4.2,-7.5,-5.7,-3.2,-1.2,-3.4,-1.7,-4.1,-4.3,-5.5,-5.1,-2.9,-3.2,-3.0,-1.7,-2.2,-5.5,-1.4,-1.5,-1.5,-4.0,-3.6,-3.6,-2.0,-2.4,-4.4,-4.8,-6.6,-6.0,-5.5,-8.2,-4.5,-1.8,-3.2,-6.0,-4.7,-2.0,-4.7,-5.6,-2.1,-4.4,-2.7,-2.1,-4.3,-3.4,-2.4
2C7L5173ES,0,48.104437,11.638024,4443041.26,2778116.99,531.6,577.3,251,7524,3.5,0.75,0.48,32.7,348.96,-0.53,-0.103,0.842,-0.4,0.2,-0.23,0.26,1.4,0.2,-0.3,5.2,0.4,-5.6,-5.1,2.1,0.9,-3.4,-0.3,8.1,3.6,1.2,1.6,2.4,-0.9,1.2,-17.6,-16.8,1.9,-2.5,-4.6,-6.8,-2.0,2.1,8.7,-5.0,-5.5,-1.5,0.5,-1.3,-1.3,1.5,-10.0,-6.8,-7.9,-8.0,6.7,-2.0,1.0,-0.2,0.3,-6.5,2.5,0.2,-3.3,1.3,-2.9,-0.2,-1.6,-1.4,2.4,-2.1,-0.7,-4.5,1.8,-3.0,-10.6,-0.1,-2.4,2.3,-2.8,4.0,1.4,-5.7,-2.9,-1.2,-0.9,-1.0,1.0,-2.1,-1.2,1.1,2.7,2.4,-10.7,-3.2,-1.6,-3.3,2.1,-1.6,-6.6,-4.8,-5.2,-1.0,-7.8,-4.7,-4.2,-4.0,-3.6,-8.9,-2.5,-3.3,-5.5,-0.8,-9.5,-4.4,-4.7,-2.2,0.4,5.5,-0.6,2.0,-7.2,2.0,-2.6,3.5,-0.5,-1.7,-0.8,-0.7,-3.4,-0.8,-2.1,-0.7,-2.5,-0.0,-1.5,-2.0,0.2,0.1,4.3,-3.3,1.0,-0.4,0.8,0.0,-0.8,-1.9,-4.5,-2.5,3.6,-3.5,-0.3,-0.5,-2.3,-5.8,-4.6,-3.7,-1.9,-4.0,2.9,0.2,-2.6,-3.9,-2.7,0.6,1.2,4.6,-0.1,2.6,3.7,1.2,-7.2,-1.7,-6.4,-1.8,-1.2,-1.7,-3.0,-1.9,-4.2,-3.3,-5.6,-3.9,-7.6,-6.4,-3.8,-0.9,-1.1,1.1,-6.4,-4.2,-0.7,-6.0,-3.3,-2.4,-0.6,-1.0,-1.1,-5.1,-4.4,-4.3,-2.7,-5.7,-4.6,-10.2,-1.1,-2.3,-5.6,-5.4,-4.0,-1.1,-2.6,-5.4,-3.6,1.4,-3.2,-4.8,-2.8,-3.2,-3.9,-6.1,-4.1,-4.3,-2.9,-1.8,-0.5,-1.7,-2.5
2C7L51739o,0,48.102353,11.621648,4441826.3,2777858.44,535.1,580.8,251,7236,4.2,0.64,0.48,32.59,348.92,-0.529,-0.104,0.843,-0.8,0.2,-0.12,0.32,1.4,0.3,-0.3,-1.1,-1.7,-1.8,-2.2,-1.4,1.9,-1.3,-6.0,-2.5,7.4,-1.2,8.9,-1.6,-5.6,-1.2,-1.8,8.5,-4.4,0.8,-3.8,1.4,-1.6,-1.2,-1.4,-1.3,-1.6,1.4,3.8,-1.5,-3.3,11.2,-7.6,-6.5,-12.9,-14.8,-10.8,-5.2,-4.8,-3.5,-8.4,8.2,-1.4,-0.8,-4.0,-5.2,-4.8,1.5,-4.3,-0.4,-2.3,7.9,-0.9,-1.6,-4.8,1.4,-4.2,-3.9,-3.4,0.7,3.0,-2.1,-2.8,-11.6,-11.8,-8.1,-1.2,-0.0,-3.9,-9.9,-7.3,3.1,-9.0,2.1,8.3,-2.4,-1.8,0.8,1.2,-6.0,-1.2,-7.3,0.5,-7.9,-7.5,-0.6,-1.3,-7.9,-14.3,-6.4,-11.3,-8.5,-5.8,0.9,-7.0,-11.0,-2.4,-3.1,-3.3,-4.8,-2.7,-1.0,-7.6,3.4,0.1,-3.6,-0.2,-9.9,0.5,-2.6,3.0,5.8,0.3,3.2,1.5,5.3,0.9,-3.4,-3.8,-1.1,-2.4,-4.0,-1.2,2.4,-1.4,0.4,1.9,0.4,1.0,-1.1,-0.3,-3.1,-3.3,-2.1,-3.6,-8.7,-4.6,-6.2,-7.6,1.8,-2.3,2.4,-0.8,1.9,-2.8,-2.6,-3.0,-0.8,-1.0,-2.4,-2.7,-1.1,-6.0,-4.1,-4.0,-4.0,-4.7,-0.4,-3.6,-5.8,-8.3,-14.0,-12.8,-8.1,-7.2,-7.6,-9.0,-5.7,-10.2,-1.1,-4.9,-6.0,-10.0,1.7,-3.9,-3.9,-4.4,-4.5,-4.9,-2.4,-3.8,-4.3,-5.2,-4.9,-4.5,-6.5,-5.3,-6.7,-1.9,0.3,-4.8,-4.8,-3.0,-6.6,-6.0,4.6,-0.3,-2.8,-6.2,-9.7,-9.1,-3.4,-7.1,-11.0,4.7,-8.3,-7.0,-5.1,-7.0
2C7L51739p,0,48.102349,11.621614,4441823.8,2777857.91,530.7,576.4,251,7237,2.2,0.89,0.36,32.59,348.92,-0.529,-0.104,0.843,-1.7,0.1,0.24,0.17,0.2,0.1,-0.3,-1.3,-1.4,-2.3,-1.2,-1.3,-0.7,-0.5,-2.8,-0.8,-3.6,-0.6,4.3,0.6,-4.3,-0.8,-0.2,-0.6,-2.1,0.1,-3.2,0.1,-1.6,1.6,1.3,0.0,3.9,2.0,2.9,5.7,-2.4,11.0,-5.3,-3.4,-2.8,1.9,-2.6,-1.1,-1.4,1.8,-0.2,2.6,-1.0,-0.4,-3.0,-1.7,-0.8,-2.2,-3.1,-3.4,0.1,5.1,0.1,-1.6,-1.5,-1.7,-3.5,-3.0,-0.5,-0.8,0.4,-0.7,-1.7,-3.7,-1.2,0.3,-1.9,-1.6,-4.6,-3.0,-3.4,-2.1,-1.9,-1.1,-2.1,-3.1,-1.6,0.8,-0.2,-1.6,-1.7,-2.6,-2.6,-1.0,-2.8,-2.9,-3.7,-7.5,-6.6,-3.9,-7.3,-4.4,-4.7,-3.4,-6.2,-6.6,-3.7,-6.0,-4.0,-4.8,-3.6,-3.7,-2.6,-2.7,-3.6,-5.8,-2.6,-6.3,-2.7,-4.5,-1.9,-0.5,-4.2,-2.5,-2.4,-0.3,-2.9,-7.2,-4.3,-3.4,-5.4,-5.7,-5.3,-2.7,-3.0,-4.4,-3.6,-1.3,-2.3,-2.4,-3.9,-5.6,-5.2,-3.4,-1.4,-5.2,-4.3,-1.0,-4.3,-1.3,-4.3,0.2,-5.1,-4.6,-8.0,-5.6,-7.0,-3.5,-3.5,-6.4,-5.3,-5.2,-7.8,-8.9,-8.1,-5.5,-5.5,-3.2,-5.2,-4.4,-9.6,-5.5,-10.2,-8.4,-8.2,-6.5,-5.8,-7.4,-11.6,-5.3,-5.7,-8.7,-12.3,-5.6,-5.1,-6.6,-5.2,-6.8,-7.2,-6.5,-5.2,-5.8,-7.1,-5.5,-5.7,-8.2,-7.5,-8.3,-4.0,-2.4,-7.9,-6.2,-5.7,-7.1,-8.5,-7.0,-6.4,-8.6,-5.8,-4.9,-8.2,-5.7,-6.4,-11.8,-8.7,-10.5,-9.5,-9.4,-8.7
2C7L51739q,0,48.102356,11.621673,4441828.2,2777858.86,530.8,576.5,251,7238,2.6,0.84,0.44,32.59,348.92,-0.529,-0.104,0.843,-1.0,0.1,0.51,0.2,1.0,0.2,-0.3,-3.1,-2.8,0.6,-0.1,1.9,-0.4,-1.4,0.4,-0.4,7.3,12.7,-0.8,3.1,-4.8,0.3,-4.0,-5.1,-0.4,3.4,0.1,3.9,-1.5,-1.8,3.0,-0.8,4.5,0.8,4.1,-0.6,-0.7,8.7,-3.0,-3.4,-4.4,-4.1,-1.5,-4.7,1.0,-0.9,1.2,1.0,-4.4,-1.2,-3.8,-3.4,-1.0,-3.5,-2.0,-2.9,-4.2,-1.0,0.7,-0.3,-1.9,-2.2,-1.2,-0.8,-1.9,-2.2,-2.4,-0.1,-1.7,-2.8,-0.7,8.2,-2.2,-1.5,-0.1,-3.3,-1.8,1.3,0.5,-0.1,0.6,1.1,0.7,4.1,1.1,2.1,0.5,0.7,-1.2,-2.0,-2.7,-2.5,-2.1,-3.5,-1.8,-3.2,-5.7,-1.6,-4.0,-3.7,-3.8,-2.1,-12.6,-1.6,-3.7,-2.6,-2.0,-1.8,-1.3,-3.1,-4.5,-2.4,0.3,-2.1,0.5,-2.1,0.4,-9.5,-5.8,-3.8,-3.1,-1.0,-5.2,-7.4,-0.5,-3.8,-4.8,-2.5,-4.8,-3.3,-5.1,-0.3,-2.2,0.4,-3.1,1.0,-2.3,-4.7,-1.6,-2.6,-2.7,-3.3,-4.3,-2.2,-4.0,-1.7,-2.7,-1.2,-5.2,-7.2,-10.3,-2.1,-5.2,-6.8,-4.7,-6.3,-3.6,-8.2,-7.3,-7.4,-6.8,-7.8,-1.6,-0.4,-4.4,-1.4,-2.6,-3.6,-4.9,-4.8,-4.9,-4.3,-3.2,-3.1,-8.5,-3.9,-3.2,-3.3,-7.7,-4.9,-0.4,-5.6,-3.2,-3.0,-6.1,-5.9,0.0,-3.0,-5.4,-4.1,-4.3,-5.6,-5.0,-1.2,-3.0,-0.3,-5.8,-2.7,-3.1,-2.2,-3.9,-3.4,-4.1,-3.3,-3.8,-3.0,-8.1,-3.0,-4.3,-8.0,-6.9,-2.0,-6.9,-7.8,-7.6
2C7L51739r,0,48.102381,11.621864,4441842.32,2777861.88,536.9,582.7,251,7239,2.3,0.87,0.43,32.59,348.92,-0.529,-0.104,0.843,-0.7,0.1,0.22,0.18,0.5,0.2,-0.3,0.2,0.5,0.4,-0.2,0.1,-0.6,2.2,0.5,1.0,-0.4,1.3,2.4,1.2,1.0,-0.5,-1.0,1.4,-0.3,0.3,-0.7,-2.7,0.9,1.8,1.2,-0.4,-5.1,2.6,-1.3,-0.4,-2.3,7.6,-1.5,0.9,-4.1,-0.1,-4.8,0.9,0.5,1.9,1.3,4.7,0.3,1.0,-1.3,1.3,-2.4,-0.6,4.0,1.2,2.8,3.4,2.3,3.1,-1.1,-0.1,1.1,0.1,1.8,2.1,0.0,0.2,-0.3,0.9,2.5,-3.6,-2.1,-1.2,-5.9,-0.9,1.2,0.1,-1.7,-1.2,-0.2,0.9,-1.9,-0.2,-1.0,-0.7,2.2,-2.0,1.5,-1.4,0.5,-0.9,0.7,1.6,-0.3,-1.0,-0.5,-2.1,-0.9,-1.4,0.0,0.7,0.0,-0.0,-1.2,0.2,0.7,0.5,1.7,1.9,-2.0,-6.6,-2.6,1.7,0.1,-2.1,-0.7,-4.4,-4.7,-5.1,-5.6,-4.6,-3.5,1.6,-3.2,-1.5,-4.5,-3.2,0.2,4.8,-3.4,-5.9,3.3,-1.0,0.5,2.8,2.7,-2.9,-5.3,1.8,0.3,-1.9,-0.2,-3.2,-2.6,3.9,-0.3,-0.5,-1.5,-2.1,-3.5,-1.0,-3.3,-2.4,-2.2,-1.2,-4.4,-3.2,-2.7,-4.3,-3.1,-1.2,-3.0,-2.4,-0.7,1.2,-2.3,-0.7,2.1,-1.1,-0.8,-2.0,5.6,0.4,-7.9,-7.2,-1.5,-1.9,-2.6,-7.2,-4.9,-4.6,-3.4,-3.2,-2.4,-7.0,-2.8,-1.5,-2.9,-1.9,-0.7,-0.0,-2.0,1.3,-0.2,-1.7,-5.2,-5.2,-4.9,1.8,-2.3,-1.6,-3.9,4.1,-4.7,-3.6,-5.9,-5.3,-1.0,-3.9,-3.1,1.6,-1.9,-0.2,-2.4
2C7L51739s,0,48.102384,11.621891,4441844.32,2777862.31,535.5,581.2,251,7240,1.5,0.95,0.23,32.59,348.92,-0.529,-0.104,0.843,-1.2,0.1,0.16,0.11,0.3,0.1,-0.3,-0.1,-1.0,-0.6,-1.2,-0.6,0.2,-0.2,-1.3,-0.7,1.9,0.9,2.1,0.1,-0.1,-0.1,-0.4,0.0,-0.8,0.8,-1.6,-0.6,-0.0,-0.2,-0.3,0.7,0.9,1.8,1.5,0.3,-3.4,8.9,-4.3,-3.3,-5.2,-2.2,-4.4,-0.5,-1.6,0.5,0.5,1.7,-0.5,0.7,-2.2,-1.4,-2.4,-0.2,-2.3,-1.8,-0.3,0.2,-1.5,-1.6,-2.4,-3.0,-2.2,-0.8,-1.9,-1.8,-2.6,-1.6,-3.1,-1.3,-1.9,-1.8,-1.3,-2.5,-4.7,-3.7,-2.3,-1.5,-1.6,-1.1,-1.9,-3.2,-3.4,-1.4,-2.8,-2.0,-0.7,-2.9,-1.0,-1.7,-2.7,-1.5,-0.9,-1.4,-4.5,-1.4,-1.5,-2.1,-0.3,-2.1,-3.4,-1.8,-0.1,-0.7,-1.2,-2.2,-1.5,-0.8,-2.5,-1.9,-1.7,-4.4,-2.5,-2.9,-2.7,-2.4,-1.9,-4.6,-4.0,-3.9,-3.4,-3.8,-3.7,-2.4,-5.2,-3.2,-3.8,-2.9,-2.3,-3.0,-4.6,-4.6,-2.5,-2.5,-2.1,-1.7,-2.8,-3.7,-5.6,0.5,-2.6,-5.0,-4.7,-4.4,-3.7,0.7,-2.8,-1.2,-3.2,-4.0,-4.0,-3.4,-4.7,-3.4,-3.9,-3.2,-4.8,-4.2,-5.7,-5.0,-4.6,-3.8,-3.9,-2.7,-3.3,-2.4,-3.5,-5.5,-7.7,-3.9,-5.2,-4.4,-2.2,-3.7,-9.0,-3.0,-3.3,-5.4,-6.2,-6.1,-3.9,-5.3,-5.6,-4.8,-3.7,-5.3,-3.4,-3.8,-4.8,-3.8,-2.6,-4.6,-4.6,-3.6,-4.6,-4.0,-5.8,-5.6,-4.7,-5.8,-8.3,-5.5,-5.4,-7.3,-7.2,-6.6,-7.5,-4.4,-6.5,-6.5,-5.8,-4.5,-5.4,-6.6,-5.8
2C7L51739t,0,48.102386,11.621907,4441845.49,2777862.56,533.5,579.2,251,7241,2.5,0.87,0.38,32.6,348.92,-0.529,-0.104,0.842,-0.9,0.1,0.42,0.19,0.8,0.2,-0.3,-0.1,-1.5,-0.4,-1.2,-0.8,1.0,-0.5,-1.6,-0.4,3.4,0.9,2.5,1.8,1.8,0.6,-0.4,0.3,-2.1,1.2,0.5,0.9,-1.8,-0.7,1.1,0.9,3.8,-0.3,7.0,2.4,-2.5,-16.0,-1.5,-2.7,-6.3,1.1,-2.9,-0.8,-1.0,2.2,2.8,2.4,-1.3,5.0,-0.5,0.8,-0.3,-0.2,-4.5,-0.6,-5.7,-1.0,-2.2,-1.5,-2.5,-2.9,-2.6,-1.8,-3.9,-3.3,-5.2,-3.8,-3.9,-2.6,-2.0,-2.2,0.6,-3.5,-6.2,-4.6,-3.5,1.4,-2.2,-0.5,-3.3,-5.0,-2.9,-1.1,-1.9,-3.1,-2.3,-3.7,0.6,0.2,-2.7,0.7,4.4,-4.8,-6.6,-1.4,7.4,-2.4,1.7,-1.8,-3.7,-3.9,3.2,1.2,0.9,-2.9,0.9,-0.1,-0.8,-1.8,-2.6,-6.0,-4.4,-2.8,-4.0,-3.5,-1.0,-3.2,-3.3,-2.4,-2.5,-3.5,-1.3,-2.5,-2.1,-1.1,-2.6,-2.2,-2.5,-1.2,-5.2,-6.8,-10.5,-2.3,-1.3,-1.9,-3.7,-4.8,-4.7,2.2,-0.3,-3.0,-1.3,-3.3,-2.3,-0.2,-3.9,1.4,-6.6,-5.4,-4.2,-2.9,-3.5,-1.4,-4.1,-4.6,-5.6,-4.8,-4.3,-3.9,-4.8,-5.0,-4.1,-3.0,-5.3,-2.8,-3.5,-4.1,-3.2,-5.5,-5.0,0.3,-3.2,-3.1,-4.8,2.1,-1.0,-2.9,-4.7,-5.0,-1.5,-2.7,-4.5,-4.2,-3.5,-6.7,-2.5,-4.8,-3.5,-0.5,-2.9,-4.6,-3.8,-8.3,-2.9,-2.3,-4.5,-3.9,-1.3,-3.7,-7.7,-2.6,-3.5,-4.0,-5.1,-3.5,-2.1,-3.4,-2.6,-1.4,-3.4,-5.8,-5.1,-7.3,-5.3
2C7L5173Ar,0,48.102839,11.625428,4442106.73,2777918.59,536.6,582.3,251,7301,2.3,0.87,0.43,32.64,348.96,-0.529,-0.103,0.842,0.1,0.1,0.43,0.18,1.0,0.2,-0.3,-1.2,0.4,-0.5,-1.5,0.4,-0.5,-3.1,-1.8,-0.0,0.6,0.3,0.2,1.0,-0.7,-2.8,-1.4,-1.0,-2.2,-1.8,-0.9,-2.1,-1.0,-0.7,-3.4,0.2,-0.9,0.4,-1.1,-2.3,-3.9,-11.5,-5.8,-5.8,-4.5,-2.6,-3.6,-1.0,-2.0,-0.8,-1.0,-1.4,-1.4,-1.3,-1.3,-2.8,-1.4,-5.1,-1.8,-2.1,-0.7,0.2,-0.9,-2.3,-0.1,-1.8,0.5,-0.1,0.1,0.0,-1.9,-1.0,-0.2,-3.9,0.3,-2.2,-1.0,-2.3,-1.5,-0.2,-3.2,-1.4,-3.1,-3.5,-4.4,-1.9,-1.3,-0.9,-1.6,-2.1,-2.0,-5.5,-2.1,-3.6,-2.0,-0.8,-2.6,-2.2,-6.1,-1.9,-1.4,-3.3,-4.7,-4.1,0.1,-5.6,-2.6,-3.0,-1.7,-3.2,0.2,-2.9,-2.9,-1.6,0.4,-3.5,-3.7,-2.9,-4.4,-5.8,-3.0,-2.7,-1.9,-1.9,-2.4,-3.1,-3.6,-4.9,-5.8,-4.0,-3.5,-1.5,-2.6,-2.1,-5.3,-2.7,-3.0,-2.6,2.5,-1.0,-1.2,-5.5,-7.2,-5.6,-2.6,-2.3,-3.8,-5.2,-6.0,-0.6,-8.9,-2.5,-1.9,-3.6,1.8,0.4,0.7,-1.0,-1.7,-1.2,0.2,8.0,-2.6,0.2,10.2,-2.9,1.7,-3.7,-2.3,-2.1,-1.5,-5.0,-1.3,0.3,-4.8,-3.7,1.7,-1.8,-3.8,-0.2,-1.3,-0.7,-3.1,-4.1,0.2,-1.1,0.3,-0.4,-0.9,-8.3,1.0,-5.4,-2.2,2.6,-2.1,1.0,-1.5,-1.7,1.4,2.1,-5.0,-5.1,-7.0,-2.2,-6.1,-0.6,-2.1,-3.8,-4.2,2.0,-5.0,-0.2,4.4,-3.8,1.9,0.3,2.5,-0.7,-1.4
2C7L5173As,0,48.102844,11.625469,4442109.78,2777919.25,535.8,581.5,251,7302,2.0,0.9,0.42,32.64,348.96,-0.529,-0.103,0.842,-0.6,0.1,0.05,0.15,1.0,0.1,-0.3,-1.4,0.1,-1.7,-0.9,-1.3,-0.4,-2.1,0.7,-1.5,0.7,0.7,0.3,0.2,-1.2,-1.8,-1.5,-1.4,-2.3,-0.9,-0.6,-1.3,-1.1,-1.0,-2.5,-0.1,-0.9,0.4,-0.3,-1.9,-3.0,-11.2,-5.7,-4.9,-5.2,-2.4,-3.2,-0.2,-2.3,0.0,-0.6,-0.1,-0.8,-0.4,-0.3,-1.7,-0.7,-1.7,-1.4,-1.2,-0.8,1.1,-0.5,0.6,0.3,-0.9,0.6,0.7,-0.4,0.2,-1.3,0.2,0.4,-1.8,2.3,-3.1,-1.3,-2.1,-2.2,-3.0,-3.2,-1.8,-2.9,-4.0,-4.4,-1.6,-1.7,-1.9,-2.5,-2.4,-1.9,-3.0,-2.4,-4.0,-1.7,-2.7,-2.9,-2.4,-5.2,-1.9,0.6,-3.0,-4.6,-4.3,-0.8,-5.3,-0.9,-3.0,-1.4,-3.7,-1.0,-3.0,-2.9,-2.6,-1.5,-2.5,-2.7,-2.2,-4.1,-3.5,-3.2,-2.7,-1.5,-1.9,-1.4,-2.1,-4.2,-5.2,-3.9,-3.7,-2.6,-1.0,-3.0,-2.3,-5.0,-0.3,-1.1,-1.6,-0.3,-1.5,-1.4,-4.6,-2.4,-4.0,-2.2,-2.8,-5.5,-2.3,-6.9,-0.6,3.0,-2.7,-1.9,-2.3,-1.2,-1.1,-2.3,-2.3,-1.7,-2.0,-1.9,-3.0,-3.0,-2.9,-5.2,-1.3,-0.7,-3.5,-3.5,-2.8,-3.1,-5.2,-2.8,-1.1,-7.4,-4.5,-0.9,-2.3,-6.4,-2.0,-3.3,-3.8,-5.0,-5.1,-2.5,-2.9,-1.4,-3.1,-2.1,-4.8,-2.3,-3.2,-2.7,-1.1,-3.3,-2.1,-1.5,-4.0,-3.4,-3.3,-5.3,-7.2,-7.9,-4.6,-7.1,-4.3,-6.7,-7.4,-11.5,-8.5,-10.5,-4.6,8.8,-2.1,2.7,-1.0,-3.0,-3.3,-3.6
2C7L5173BZ,0,48.103194,11.628199,4442312.34,2777962.66,551.3,597.0,251,7345,1.7,0.93,0.29,32.65,348.96,-0.53,-0.103,0.842,-0.7,0.1,-0.14,0.13,0.3,0.1,-0.3,-1.4,-0.5,-0.7,-0.3,-1.4,-1.4,-1.5,2.5,2.7,-0.5,2.9,2.4,0.2,-0.9,-0.5,-0.6,-0.9,-1.7,-2.2,-1.8,-1.9,-1.4,3.2,-0.1,0.6,-0.7,3.1,0.2,3.4,-1.9,-6.5,-5.2,-3.8,-3.6,-3.0,-0.9,0.8,0.7,4.0,-2.3,1.8,1.9,0.2,-0.5,0.7,1.0,5.9,2.1,0.9,-0.7,-0.9,-0.1,-1.0,-1.7,-1.8,-0.8,-1.2,0.0,0.6,-0.1,-2.0,-1.2,-2.1,-1.1,1.8,2.9,-0.7,0.6,-1.1,-0.7,1.2,-2.1,0.7,-2.1,-1.0,-1.4,-0.7,-2.2,-1.5,-2.0,-3.3,-1.3,0.8,-1.8,-1.8,-1.0,-0.9,-3.0,-0.6,-0.3,-1.4,-1.6,0.9,-0.3,-1.5,0.4,0.7,0.7,-0.8,-0.3,-1.5,0.0,-0.7,0.0,-0.5,-0.2,-0.6,-0.3,-1.2,-1.5,-2.3,-1.1,-2.6,-2.0,-2.1,0.9,0.7,-2.4,0.8,0.2,1.4,0.0,0.9,-2.0,-2.0,-1.2,-1.7,-2.1,-2.0,-3.4,-2.0,-0.9,-1.2,-0.8,-2.8,-2.4,-2.5,-5.8,0.6,-0.0,3.9,-0.9,-3.5,-1.3,-0.7,-0.8,-6.5,-2.1,-2.5,-0.7,0.3,-1.9,-1.4,-2.2,-2.0,-0.9,-1.2,-1.5,-0.9,-1.9,-3.1,-3.2,-1.2,-5.2,-2.7,0.1,-1.4,-3.5,-1.4,-1.3,-2.5,-3.5,-5.4,-3.4,-2.1,-0.9,-1.8,-1.1,-12.0,-2.1,-2.9,-1.3,-1.7,-2.7,-2.6,-2.4,-4.1,-2.0,-3.1,-5.5,-6.1,-1.6,-3.2,-0.9,-2.3,-3.1,-3.0,-2.7,-3.5,-3.9,-3.4,-3.5,-2.3,-2.4,-3.5,-2.7,-3.3,-3.4
2C7L5173Bd,0,48.103222,11.628418,4442328.56,2777966.15,549.6,595.3,251,7349,1.5,0.95,0.24,32.65,348.96,-0.53,-0.103,0.842,-0.1,0.1,-0.01,0.12,0.6,0.1,-0.3,-0.3,-0.5,-0.8,-0.4,-0.8,0.3,-0.2,0.5,0.1,0.5,0.2,2.7,-0.4,0.2,0.3,-0.1,-0.8,-1.3,-1.6,-2.6,-2.5,-2.1,0.6,-0.5,0.0,-0.9,-0.0,1.1,-0.7,-2.4,-4.8,-6.0,-4.1,-3.0,-3.9,-2.0,-0.7,-0.5,-0.2,-0.9,-0.2,0.4,-0.2,-0.2,-1.2,-1.4,-0.9,-0.4,-1.5,-0.6,-0.4,0.1,-0.2,-0.6,-0.7,-0.9,-0.5,-0.7,-1.0,-1.7,-1.5,-0.7,-5.1,-1.4,-2.0,-1.2,-2.0,-2.1,-1.8,-1.5,-2.1,-2.0,-1.8,-0.6,-1.2,-1.1,-0.9,-0.6,-0.6,-1.9,-1.4,-2.2,-1.6,-2.6,-1.8,-2.3,-1.1,-3.6,-1.8,-1.2,-2.2,-1.7,-1.7,-0.6,-2.4,0.4,-0.5,0.5,-0.8,0.1,-1.7,-0.3,-1.0,0.9,-1.6,-1.0,-0.6,-0.1,0.1,-0.7,-1.4,-0.3,-0.4,-0.4,0.2,-0.5,-0.7,-0.5,-1.2,-0.8,-0.7,-0.7,-0.8,-0.9,-0.1,0.6,0.2,-0.5,-1.1,-3.0,-2.2,-0.7,0.7,-0.1,-1.9,-2.2,-1.5,-4.5,1.3,1.7,1.4,-0.8,-0.7,-1.5,-0.9,-0.4,-0.1,-1.0,-2.2,-0.2,-2.1,-2.0,-0.0,-0.6,-0.6,-1.7,-2.8,-0.5,-0.1,-0.3,-1.9,-3.4,0.7,-1.8,-2.6,1.8,-1.4,-2.8,-1.4,-0.0,-0.5,-3.1,-3.0,-0.8,-1.9,0.9,-2.3,-2.0,11.2,-2.8,-1.8,-3.0,-3.5,-4.6,-2.9,-2.2,-0.8,-1.8,-2.0,-4.9,-5.0,-0.0,-3.0,-0.5,-1.6,-2.3,-3.6,-3.4,-1.4,-2.7,-0.1,-0.2,1.0,1.1,1.7,-0.5,-2.0,-1.3
2C7L5173Be,0,48.103223,11.628422,4442328.89,2777966.22,547.1,592.8,251,7350,1.6,0.94,0.37,32.65,348.96,-0.53,-0.103,0.842,-0.5,0.1,0.2,0.12,0.2,0.1,-0.3,-0.1,-2.0,-0.3,-1.2,-0.9,3.8,-0.4,0.9,-0.9,1.7,0.0,4.6,0.6,-0.7,1.1,0.5,0.2,0.1,-1.0,-1.8,-4.1,-2.6,-1.7,-1.2,-1.4,-2.5,-2.1,4.0,2.5,-0.9,-2.3,-2.5,-1.4,-1.4,-3.0,-0.7,0.5,-0.2,-0.5,-1.4,-2.2,-0.6,1.6,0.4,-1.5,-0.7,-2.1,-0.4,-2.3,-0.4,-1.4,-0.3,-0.6,-1.5,-1.6,-2.8,-1.2,-1.8,-1.3,-1.7,-3.1,-0.5,-4.4,-0.8,-3.4,-1.0,-3.0,-2.7,-1.1,-1.2,-2.6,-1.9,-2.4,-0.4,0.0,0.3,1.0,-0.6,-0.2,-2.3,-2.2,-1.8,-2.1,-3.8,-5.0,-2.9,-2.4,-3.9,-2.2,-0.8,-2.3,-2.8,-1.7,0.7,-2.8,-0.5,-1.0,0.4,-0.5,-1.4,-2.6,-0.7,-1.5,-0.6,-2.2,-1.1,-2.0,-1.3,-0.9,-2.1,-2.4,-2.4,-1.6,-2.2,-1.6,-0.7,-0.3,-2.8,-1.7,-0.7,1.1,-1.0,-1.2,0.2,1.2,3.2,-0.4,-0.4,-1.1,-5.0,-3.3,-1.3,-0.4,-1.7,-4.8,-4.2,-2.5,-5.8,-0.7,0.0,0.7,-2.1,-3.0,-3.1,-0.7,-1.1,-2.8,-2.1,-3.6,-3.7,-1.4,-2.0,-1.6,-1.0,-1.9,-2.2,-2.6,-3.0,-2.1,-2.1,-3.5,-4.7,-0.9,-4.6,-4.1,0.9,-3.2,-3.6,-2.0,0.1,-2.1,-4.3,-3.5,-2.1,-3.0,-0.5,-4.6,-3.1,0.6,-4.9,-2.4,-4.3,-4.6,-5.2,-5.5,-1.9,-4.2,-1.9,-2.0,-5.8,-4.7,1.1,-2.3,1.0,-2.1,-2.8,-3.7,-4.7,-2.8,-4.1,-2.5,-1.6,-0.7,-0.2,0.6,-3.0,-4.8,-1.7
2C7L5173C6,0,48.103418,11.629937,4442441.24,2777990.33,542.9,588.6,251,7378,3.1,0.82,0.43,32.66,348.96,-0.53,-0.103,0.842,-1.2,0.2,0.37,0.24,1.3,0.2,-0.3,2.0,1.1,-0.7,2.3,-0.4,2.8,-0.4,1.1,1.2,1.8,0.7,1.4,-0.2,-1.8,0.8,-0.3,-0.5,0.4,-2.3,-3.6,-6.9,-6.9,-0.7,-2.7,-2.8,-1.5,-5.3,1.2,-0.4,-6.1,-4.7,-6.4,-5.3,-7.7,-3.8,-2.3,-3.1,-0.4,-4.3,-3.0,-2.1,-0.8,-1.7,-2.4,-3.0,-5.5,-1.2,-1.7,-5.1,-3.0,-3.7,-3.7,-3.2,-2.3,-1.3,-0.3,0.3,0.3,-0.2,-1.7,-0.0,-0.4,-7.4,1.3,3.2,-1.2,-3.9,-7.4,-5.2,-5.0,-1.7,-3.0,-2.1,-2.2,-2.4,-3.2,-3.4,-3.3,-3.5,-1.2,-4.3,-4.6,-5.6,-5.2,-3.4,-4.5,-5.1,-2.4,-2.9,-3.5,-4.3,0.4,-1.6,-2.6,-3.8,-2.8,2.3,-2.6,0.2,-1.7,-3.5,-3.4,-6.1,1.3,-6.8,-6.3,-5.8,-3.9,-4.6,-4.7,-4.3,-4.1,-3.3,-1.9,-0.6,-1.5,-1.2,-1.8,-1.9,-1.3,-2.9,-2.8,-2.2,-0.6,1.2,-0.3,0.4,-0.4,-3.4,-6.4,-5.4,-4.1,-5.4,-3.8,-4.5,-5.1,-5.1,-3.8,-11.3,-21.5,-4.7,-6.0,-2.5,-2.8,-1.0,-3.8,-6.7,-7.1,-5.9,-7.5,-4.3,-3.4,-2.8,-1.4,-2.3,-23.9,-6.8,-6.3,-3.6,-8.9,-6.5,-8.0,-12.9,-11.2,-13.8,-4.5,-6.7,-1.8,-0.8,-1.5,-0.2,-3.0,-6.7,-8.4,-5.1,-5.0,-4.2,-3.6,-16.8,-5.3,-5.3,-0.3,-4.7,-4.8,-6.4,-5.6,-5.7,-4.3,-10.0,-13.7,-6.5,-4.8,-4.5,-9.1,-11.6,-4.8,-3.3,-8.7,-3.3,-8.5,-7.4,-5.0,-5.1,-5.0,-4.0,-4.5,-6.5,-0.7
2C7L5173CJ,0,48.103498,11.630563,4442487.68,2778000.3,539.2,584.9,251,7391,1.6,0.92,0.25,32.66,348.96,-0.53,-0.103,0.842,-0.6,0.1,0.26,0.12,1.0,0.1,-0.3,-0.1,0.1,-0.5,1.0,-0.6,1.8,4.0,1.2,0.1,1.1,0.5,1.8,0.2,0.6,-5.6,-2.1,-3.9,-3.1,-4.7,-3.1,-3.6,-1.0,-3.3,-0.1,5.1,1.0,-2.1,-0.1,-2.4,-3.7,-2.7,-7.2,-6.0,-6.4,-5.3,-4.0,-3.1,-1.5,-2.9,-1.9,-3.3,-2.7,-2.5,-1.4,-3.4,-5.1,-3.8,-3.3,-3.4,-3.5,-3.2,-1.7,-3.8,-5.2,-3.1,-1.0,-2.2,-1.6,-2.4,-2.7,-3.0,-2.0,-2.1,-3.3,-1.3,-1.6,-2.6,-0.7,-2.7,-2.1,2.7,-2.5,-1.1,-2.6,-2.6,-2.5,-1.8,-2.7,-0.9,-3.6,-2.5,-2.7,-2.1,-3.4,-1.3,-3.4,-3.0,-4.9,-4.3,-5.0,-4.2,-7.2,-5.5,-5.0,-5.2,-4.3,-3.6,-3.5,-3.7,-4.5,-5.3,-4.8,-3.5,-3.6,-3.1,-3.1,-2.3,-2.6,-3.0,-3.7,-3.5,-3.5,-2.5,-3.8,-2.5,-1.9,-3.7,-3.0,-3.7,-2.9,-3.8,-2.6,-2.3,-3.3,-2.2,-3.1,-1.5,-2.1,-2.9,-5.3,-3.4,-2.5,-2.0,-2.2,-4.2,-5.4,-4.7,-8.1,-7.2,0.8,-0.4,-1.7,-3.0,-2.8,-1.8,-2.8,-0.1,-5.9,-3.4,-2.3,-1.9,-3.6,-3.2,-3.8,-2.4,-3.3,-3.4,-3.0,-4.1,-3.6,-3.7,-6.8,-4.0,-6.2,-6.6,-2.6,-3.1,-5.2,-2.6,-4.0,-4.6,-6.1,-5.8,-4.9,-4.0,-4.6,-4.1,-3.0,-2.3,-4.4,-4.5,-3.9,-4.8,-5.7,-3.1,-4.0,-5.0,-3.6,-4.5,-7.8,-8.3,-6.6,-6.3,-5.1,-4.7,-4.3,-5.4,-4.9,-3.2,-4.2,-3.9,-3.4,-5.2,-4.1,-2.4,-3.1,-4.0,-3.8
2C7L5173CK,0,48.103494,11.630531,4442485.31,2777999.8,534.9,580.6,251,7392,3.4,0.75,0.4,32.66,348.96,-0.53,-0.103,0.842,-0.7,0.2,0.35,0.26,0.9,0.2,-0.3,-4.8,-1.0,0.5,3.0,4.4,7.3,-10.0,5.3,1.6,4.5,-0.2,7.8,1.6,4.1,-6.0,-3.3,-3.6,-3.1,-3.8,-1.7,-0.9,3.3,-3.9,2.7,-11.5,1.9,-0.5,-0.1,-3.3,-5.4,-7.4,-6.2,-5.8,-6.3,-6.9,-7.7,-4.8,-1.8,-2.9,-3.0,-5.0,-3.7,-4.0,-1.6,-3.0,-4.8,-3.7,-2.4,-2.5,-4.3,-3.6,-4.2,-9.0,-9.2,-8.7,-6.3,-9.7,-0.7,-8.0,-2.8,-3.7,-1.8,2.8,-4.1,-5.3,2.7,-5.2,-0.7,-2.3,-3.9,-15.2,-1.1,1.1,-1.5,-1.9,-4.0,-1.3,-3.2,-0.7,-2.5,-1.8,-1.2,0.4,-1.1,-0.2,-4.4,-2.9,-6.4,-4.0,-5.5,-6.1,-8.1,-7.3,-6.3,-5.4,-4.8,-5.1,-4.7,-3.5,-3.8,-6.5,-6.1,-4.7,-6.4,-5.2,-3.8,-1.9,-5.0,-3.8,-5.4,-5.4,-5.1,-4.5,-6.0,-2.2,1.9,-5.3,-2.3,-3.0,-7.4,-12.3,2.5,-1.4,-3.0,-4.9,-0.8,-1.9,-4.6,-7.1,-8.2,-1.1,-2.6,-0.6,-1.9,-7.6,-6.2,-5.5,-10.3,-5.5,-2.3,-0.3,-17.7,-0.8,-2.7,0.8,-4.6,2.0,-8.4,-5.2,-3.2,-3.8,-0.3,-5.0,-5.2,-5.4,-3.0,-3.6,-3.8,-6.6,-4.4,-5.6,-7.3,-3.2,-5.4,-6.7,1.7,-2.9,-6.0,-5.4,-4.4,-6.3,-6.0,-3.2,-5.3,-2.8,-2.0,-5.2,-3.9,-5.2,-5.8,-5.2,-4.4,-14.8,-6.1,-5.6,-7.7,-3.5,-3.8,-5.0,-8.4,-6.8,-8.7,-6.1,-6.6,-4.7,-4.1,-5.1,-3.5,-1.4,-3.8,-1.0,-15.8,-6.8,-3.9,1.1,-14.5,-7.3,-5.6
2C7L5173Ec,0,48.10457,11.638915,4443107.31,2778133.2,549.0,594.7,251,7534,3.9,0.7,0.41,32.7,348.96,-0.53,-0.103,0.842,-0.8,0.2,-0.28,0.3,2.4,0.3,-0.3,-1.0,-2.2,1.4,1.6,0.4,-2.2,-0.5,2.9,2.1,0.3,4.3,-0.3,2.4,2.1,1.7,2.7,2.3,5.9,0.5,2.7,1.8,-0.3,1.9,2.3,4.1,2.4,2.4,3.2,1.0,2.0,4.3,-4.3,-1.0,-2.2,1.9,2.4,2.1,4.8,2.9,5.3,5.2,4.8,6.0,0.7,3.3,1.7,1.0,2.6,1.1,2.5,1.9,2.9,3.0,4.1,3.4,-1.0,3.0,0.9,1.9,2.5,3.4,-6.6,2.8,2.4,-3.5,-0.8,-0.2,4.6,1.8,1.7,0.1,2.4,-0.5,2.8,0.0,2.8,3.9,3.1,2.0,0.5,-1.1,1.6,0.7,6.5,2.1,5.7,0.3,3.8,2.4,0.9,0.5,-5.3,0.4,-2.1,-0.7,0.6,0.6,0.8,0.5,2.5,2.3,-0.3,3.6,-0.3,1.3,0.6,1.1,2.8,0.0,1.9,1.5,-0.3,0.7,-0.4,1.9,-2.5,-0.4,-3.9,-1.5,-0.7,-3.1,-2.5,-0.1,-1.4,0.3,2.8,-1.9,1.5,2.2,-0.4,6.5,3.4,2.0,2.8,0.9,1.6,2.1,1.1,2.4,14.0,3.1,-1.2,-1.4,2.8,0.8,-10.5,10.9,-16.7,0.9,7.6,8.5,-5.6,-2.4,-2.6,-2.8,0.3,2.6,2.5,2.5,1.7,2.4,-1.8,-1.2,-1.5,-0.9,4.0,-4.7,1.6,3.1,-1.4,0.0,-2.2,1.6,-5.4,-4.9,-12.1,-11.2,-8.5,-6.8,-6.5,-6.8,-1.8,1.2,-0.4,-4.7,-2.6,-3.3,-1.0,-0.2,4.7,6.4,6.5,8.6,10.1,12.9,5.6,12.6,3.7,9.3,0.6,-3.0,-3.5,-6.5,-5.9,-13.7,-15.7,-12.7,-14.2
2C7L5173Ed,0,48.104562,11.638852,4443102.63,2778132.21,542.0,587.7,251,7535,1.7,0.92,0.28,32.7,348.96,-0.53,-0.103,0.842,-0.1,0.1,-0.06,0.13,0.6,0.1,-0.3,-0.4,0.4,-0.1,0.2,-0.6,0.2,0.5,0.3,0.7,-2.9,0.7,0.5,-0.7,-0.3,-1.0,1.8,0.4,-2.0,-1.9,-3.3,-1.8,-3.6,-1.2,-0.3,-3.7,0.9,0.1,1.9,-0.2,-0.4,8.5,-2.3,-2.5,-3.7,-1.2,2.0,1.3,-0.1,2.7,-1.2,3.1,3.1,-0.7,2.1,2.8,1.2,0.8,0.8,1.5,1.2,2.7,2.8,2.3,3.2,3.2,1.1,-0.3,1.6,3.1,2.1,0.4,2.0,0.4,-0.2,-0.5,0.2,0.9,-0.4,2.2,2.5,1.5,1.5,-0.3,1.1,-0.7,-0.3,0.9,0.4,-0.8,0.5,-3.0,-1.9,-1.2,0.2,-0.6,-1.7,-0.5,0.0,-0.3,1.6,-1.4,-1.0,-1.4,-1.6,0.1,0.9,3.1,2.6,1.6,0.3,0.1,3.1,-0.7,2.6,2.8,1.5,0.9,0.1,-0.7,0.6,2.1,0.9,-0.8,0.4,-0.8,-2.5,-0.2,-2.1,-2.5,-2.0,-4.5,-0.8,-1.1,-0.1,2.1,3.5,2.2,0.7,0.1,1.9,1.4,-0.7,-0.1,3.0,1.5,-0.4,0.6,2.4,2.0,3.4,0.6,-1.4,0.2,-0.9,-0.4,-0.4,0.1,0.4,1.6,1.4,0.4,-2.7,-0.4,-0.7,-1.0,-1.0,-1.7,0.8,-0.5,-1.3,3.0,-3.6,-2.0,-4.5,-0.6,-0.8,-0.2,3.6,-2.7,4.6,3.2,-2.0,1.2,-0.8,-2.1,-3.2,-1.8,-1.3,-1.1,0.5,0.1,1.1,1.9,0.1,-0.7,-0.9,-1.7,1.6,-1.5,0.8,-2.0,-1.1,-0.8,-2.0,3.0,0.5,1.7,-0.1,0.5,-0.0,-1.5,1.5,1.0,2.8,1.3,-0.9,-1.1,0.1
2C7L5173Af,0,48.102769,11.624741,4442055.73,2777909.72,537.3,583.0,251,7289,2.2,0.88,0.33,32.64,348.96,-0.529,-0.103,0.842,-0.8,0.1,-0.29,0.17,0.3,0.1,-0.3,1.1,1.1,-0.6,-6.0,-0.8,-0.0,-1.4,0.4,1.7,4.6,-2.5,4.2,0.6,0.1,0.4,1.4,0.7,-0.5,-2.5,-0.4,0.6,0.4,1.9,0.2,2.0,1.3,4.6,4.3,1.3,-4.8,-7.2,-3.1,-4.2,-1.3,-1.1,-2.0,1.9,-0.4,2.6,1.6,1.1,-0.1,1.1,0.6,2.3,2.7,0.8,-0.2,-0.6,-0.8,1.1,1.2,2.1,4.2,1.1,3.2,1.5,3.5,3.2,3.2,0.1,-1.5,-5.8,1.7,5.1,3.2,-4.0,-1.3,-3.9,1.4,2.7,3.6,-0.9,1.5,-2.1,-0.6,0.1,0.4,1.1,-0.2,0.9,-0.5,0.7,1.0,0.5,-0.5,1.8,-1.9,-0.4,-0.7,-0.9,-0.7,-4.8,0.5,-2.1,3.0,0.7,-1.4,-0.0,1.6,0.5,1.1,0.9,1.5,1.9,1.8,3.2,0.4,-3.0,1.4,0.4,-3.2,-2.9,1.4,0.2,-0.2,-5.6,-1.5,-0.9,0.1,-4.2,-0.7,2.0,-2.6,-2.4,4.5,4.4,1.9,-1.6,-0.7,-1.7,-3.1,0.7,-2.5,-2.1,-2.7,-0.7,-5.4,-0.5,-1.7,0.1,-1.6,-0.7,-1.2,-1.8,-2.8,-2.2,-0.5,-1.4,-2.3,-2.7,-4.0,-2.4,-0.7,2.5,2.7,-0.1,-2.0,-0.5,-2.6,-1.1,0.6,-2.2,-6.1,-3.7,0.7,-2.9,-2.8,0.6,-1.2,-1.7,-4.6,-3.2,-2.1,-3.8,-2.3,-5.0,-1.7,-4.7,-0.9,-3.2,-2.6,-2.1,-5.1,-2.7,-2.6,-0.8,1.5,-2.0,-5.4,-4.6,-2.9,0.4,-5.6,-3.3,-3.8,-3.0,-7.3,-3.8,-1.3,-3.0,-1.8,-2.1,-2.5,-9.4,-3.8,-0.9,0.6
2C7L5173At,0,48.102858,11.625432,4442106.97,2777920.72,531.5,577.2,251,7303,3.0,0.81,0.47,32.64,348.96,-0.529,-0.103,0.842,-0.6,0.1,-0.18,0.23,1.7,0.2,-0.3,-0.7,-0.3,-1.0,-2.5,0.1,0.8,0.4,-2.8,-0.6,0.7,1.2,1.1,-7.6,-4.8,-2.0,-0.9,0.3,-2.2,-12.5,-1.4,-14.0,0.0,-0.8,-1.8,-0.7,-1.8,-1.7,-0.3,-2.3,-2.3,-10.5,-7.5,-6.5,-4.4,-2.5,-3.8,-5.6,-1.3,0.6,-0.4,0.4,-0.7,2.7,-0.1,-2.0,0.1,-0.5,0.8,2.9,-1.6,-0.7,-0.5,8.5,1.3,-0.1,2.0,2.4,0.4,-1.5,-1.1,2.0,3.1,-0.0,-14.2,12.4,-0.2,0.0,-2.4,-1.2,-0.2,1.1,-1.0,-1.6,-2.0,-0.5,-0.4,-3.5,-3.6,-3.7,-1.7,-0.1,-4.7,-1.5,-6.3,-1.4,-1.4,-3.2,-5.9,-1.5,-3.8,-4.6,-4.5,-5.5,0.3,-5.5,-3.6,-3.7,-3.3,-4.7,-3.1,-6.1,-6.5,-5.5,-4.9,-3.5,-5.2,-2.8,-5.6,-2.4,-3.8,-2.3,-1.2,-2.1,0.5,-0.6,-3.6,-2.9,-2.9,-3.3,-1.1,1.4,-2.2,-1.2,-3.2,-2.2,0.3,-1.8,-1.7,-3.9,-3.6,-3.2,-7.1,3.2,-4.2,6.8,0.3,-6.6,-7.3,-1.3,-5.9,-1.5,-1.2,-3.0,-2.4,0.4,-2.7,-4.5,-2.4,-3.0,1.0,-5.1,-0.5,-3.2,-5.4,-4.8,-3.7,-4.4,-4.0,-2.8,-3.6,-6.0,-5.7,-1.7,-9.6,-6.0,0.3,-2.9,-6.0,-2.6,-1.3,-3.2,-4.2,-4.2,-1.3,-1.7,-2.7,-2.7,-1.9,9.5,-1.3,-3.1,-1.2,-3.9,-2.7,-3.5,-2.1,-4.0,-3.6,-2.4,-14.7,-5.2,-6.4,-5.3,-6.9,-3.6,-6.8,-5.1,-6.1,-6.2,-6.8,-2.5,-9.8,-0.3,-0.6,-1.9,-4.4,-6.3,-1.3
2C7L5173B2,0,48.102949,11.626141,4442159.6,2777931.99,542.0,587.7,251,7312,4.0,0.68,0.49,32.64,348.96,-0.529,-0.103,0.842,-1.5,0.2,0.01,0.3,0.8,0.3,-0.3,-0.3,3.2,-1.7,-2.2,-3.2,-2.9,-1.7,3.6,2.0,0.4,2.3,1.7,4.1,2.4,0.2,2.2,-0.1,1.7,2.1,-1.1,-2.5,-3.5,-1.6,-4.1,5.5,-2.2,0.1,-1.3,1.9,-2.2,-6.2,1.5,3.7,4.5,-0.0,-3.4,3.3,0.6,-6.0,1.9,1.7,-1.4,-2.4,5.8,2.5,-5.7,0.9,-1.6,1.4,-5.2,0.9,-0.4,-3.8,2.1,-11.6,-11.4,-3.9,-0.1,9.1,-5.6,-2.0,-0.9,0.2,-3.3,-2.0,3.6,-4.7,-4.0,-2.7,-2.5,-3.0,-4.2,-2.3,-5.1,-3.2,-1.4,1.3,-0.9,-1.6,-7.7,4.3,0.8,-1.6,-1.7,-3.6,-5.4,-6.4,-8.5,-7.3,-5.2,-1.6,-0.1,-3.6,1.9,0.2,4.1,4.8,2.4,-3.1,3.2,0.4,-0.2,0.2,2.1,-3.2,2.1,-1.9,-2.1,-3.8,-2.2,-0.1,-0.1,0.4,-4.7,2.5,1.0,-2.5,0.5,-3.0,5.0,6.0,-14.9,0.4,-0.9,-0.3,-7.8,-1.6,-2.3,-1.2,-2.0,-3.1,1.6,-0.9,-1.7,-6.2,-7.3,-3.0,-9.1,-3.6,6.3,-2.7,-7.7,-5.8,-6.4,-2.4,-5.5,-8.1,-3.5,-4.0,-3.2,-4.2,-5.7,-4.1,-5.5,-4.7,-3.5,-5.7,-7.9,-6.8,6.3,-1.2,-5.9,-5.2,-9.2,-9.1,-5.6,5.5,-1.6,1.9,-5.2,1.4,-8.6,-6.1,-9.6,-12.6,-15.6,3.9,2.7,-7.1,-14.2,-7.7,-4.5,-8.3,-8.1,-7.4,-5.7,-8.6,-18.6,-1.9,-11.0,-17.5,-9.5,-1.4,-12.1,1.3,0.4,-5.5,-5.5,-5.2,-2.8,-6.9,-3.8,-5.9,-6.0,-6.7,-3.2,0.8,-8.2
2C7L5173B5,0,48.102983,11.626408,4442179.43,2777936.23,546.6,592.3,251,7315,3.2,0.76,0.44,32.64,348.96,-0.529,-0.103,0.842,-0.6,0.2,-0.13,0.24,1.8,0.2,-0.3,2.5,0.7,-1.4,-3.7,-0.8,-0.4,-2.4,-0.4,2.3,-5.2,-0.2,2.7,0.3,2.5,3.7,-2.2,3.9,-2.4,3.1,0.4,0.7,3.0,4.4,4.1,5.1,4.3,4.8,1.7,5.2,2.8,-6.3,1.3,2.2,3.5,4.9,5.3,5.7,7.9,7.2,6.9,6.5,3.4,2.7,1.1,-3.5,5.1,3.3,2.0,1.3,2.1,5.2,4.3,8.8,4.4,4.6,8.2,1.0,9.5,11.2,-0.2,-1.0,2.2,-7.4,-0.2,-1.2,0.2,2.6,-10.7,-0.2,-0.2,2.2,-1.7,1.6,0.7,-1.2,2.0,1.8,0.3,2.4,3.3,-0.5,2.6,-1.4,4.1,4.4,3.5,4.9,1.0,6.4,3.6,0.5,2.9,2.6,2.6,-3.3,6.8,4.9,7.0,4.3,5.9,2.1,4.9,-0.7,14.9,-2.7,2.5,-1.3,3.6,-1.2,5.1,0.2,2.0,1.8,4.1,0.3,-0.5,-1.2,-3.0,0.4,-1.7,4.1,1.6,-3.6,-0.5,0.4,3.5,1.9,2.0,1.1,0.7,0.2,-3.7,3.1,4.2,4.6,3.5,4.8,-3.0,3.4,5.5,1.1,-0.6,1.1,-0.1,1.6,3.4,-2.6,-2.8,-0.4,3.0,-0.7,-1.1,-3.6,-4.3,-1.2,0.9,1.9,2.5,3.5,1.7,1.7,1.5,0.9,-0.6,0.6,5.4,6.0,-3.5,10.6,4.6,2.2,-3.3,-5.9,-3.8,-4.6,-12.0,-2.2,-7.2,4.6,0.3,-1.2,-1.1,3.1,2.2,-2.5,0.3,0.0,3.5,1.4,3.1,-4.0,0.0,3.1,3.6,-1.4,3.4,3.7,0.7,-3.3,-0.3,2.7,0.1,-0.2,1.1,-1.6,-0.1,-0.2,-1.4
2C7L5173Bb,0,48.103232,11.628346,4442323.15,2777967.05,552.5,598.2,251,7347,2.7,0.81,0.45,32.65,348.96,-0.53,-0.103,0.842,0.8,0.1,1.28,0.21,0.4,0.2,-0.3,-2.3,-1.7,-2.2,-1.0,-0.3,-1.1,-2.1,-3.4,-2.1,1.5,0.9,0.1,0.4,-1.9,-0.6,-1.5,0.6,0.8,-1.9,-1.1,-2.3,-4.2,0.3,2.5,2.0,-0.6,2.3,1.0,-1.4,-1.8,-5.1,-5.7,-3.1,-1.8,-0.7,0.2,2.0,2.2,1.5,2.1,0.5,0.1,1.6,0.1,-0.1,-2.2,-1.8,-0.7,-5.0,-0.6,-3.4,-1.3,-0.6,1.3,1.3,-0.6,-0.3,-3.3,0.1,-2.6,-3.4,-3.4,-0.9,-3.2,-5.4,-3.7,-3.6,-4.1,-3.2,-3.1,-2.0,-1.1,-5.0,-2.5,-1.8,-0.2,-0.8,-1.9,-1.4,-4.6,-4.0,-3.1,-3.0,-1.1,-2.9,-0.1,-2.7,-3.6,-2.6,-1.7,-2.4,-5.2,-2.3,-1.9,-5.5,2.4,-2.4,-0.2,-1.8,0.5,-1.3,-0.6,-0.4,-1.2,-0.8,-0.1,-4.1,0.2,-1.2,-1.1,-0.8,1.1,2.4,-0.4,-1.6,-5.0,-2.9,-4.8,-4.1,-2.4,-5.0,3.6,-0.7,-4.8,-0.7,-0.3,-2.0,-2.6,-1.4,-5.9,-1.6,-4.9,-4.4,-2.4,-2.6,-2.4,-3.9,6.9,-2.0,-9.3,3.2,-4.3,-5.5,0.6,-4.4,-3.3,-15.3,6.9,7.0,7.0,-0.7,3.2,6.4,-0.6,-2.9,-5.3,-4.1,-3.6,-1.0,-2.1,-3.3,-0.7,-3.6,-3.2,-0.8,5.4,5.4,0.2,2.5,2.9,0.9,-2.1,-1.7,-0.1,-1.0,8.9,-1.5,1.6,1.1,-1.7,3.1,3.8,5.1,2.1,4.4,5.1,5.1,2.1,1.6,0.9,1.1,0.4,1.7,4.5,3.1,1.8,3.0,0.5,0.7,1.5,4.6,3.9,6.1,5.0,6.2,5.5,3.7,3.7
2C7L5173C4,0,48.103418,11.629796,4442430.73,2777990.15,541.2,586.9,251,7376,2.4,0.77,0.39,32.66,348.96,-0.53,-0.103,0.842,-0.3,0.2,-1.62,0.21,1.5,0.2,-0.3,3.7,3.7,0.6,1.9,-0.1,1.0,0.3,0.9,1.9,3.2,1.6,0.1,1.3,6.3,0.6,3.3,2.0,0.7,0.9,-0.4,0.1,0.6,0.4,2.7,2.6,3.0,2.9,3.4,2.0,0.8,-1.3,-3.4,-0.6,0.4,-0.7,2.1,5.3,5.0,0.9,3.9,4.4,3.6,7.6,4.5,5.2,5.4,-1.2,2.2,5.0,-0.4,4.7,6.5,7.2,7.2,11.3,7.2,5.0,7.9,6.9,3.7,5.5,7.8,9.2,6.0,8.0,10.9,6.2,5.1,6.5,8.2,5.4,12.3,5.7,9.1,8.8,11.0,10.6,9.9,10.0,9.6,8.2,6.7,7.0,16.3,5.6,8.2,5.5,0.1,3.8,6.0,4.1,4.4,4.6,4.9,8.4,5.2,3.2,9.6,1.9,5.4,6.0,7.8,2.4,7.3,6.2,7.9,4.7,3.3,6.3,7.6,6.9,6.6,6.6,6.5,6.7,7.2,6.8,3.2,5.4,8.9,4.5,7.7,8.2,7.1,8.3,8.2,8.1,7.0,11.5,7.9,0.8,3.6,4.5,2.7,-5.4,5.6,-0.4,-0.3,3.6,4.0,1.6,3.4,2.4,4.0,4.4,5.6,2.6,4.4,4.6,5.8,3.2,2.1,5.1,5.0,3.8,3.3,5.6,4.8,-7.0,5.5,2.0,2.6,4.4,-0.5,1.8,5.4,3.9,2.2,3.3,7.7,4.5,3.2,0.0,0.8,0.4,2.5,3.0,2.9,6.9,4.7,3.8,3.7,3.2,1.8,3.1,2.3,-0.6,5.4,4.2,-0.1,1.9,-0.8,2.2,3.3,2.2,3.8,6.5,-0.8,0.1,1.2,-0.2,-0.2,3.0,3.7,0.5,2.5,3.8,2.9
2C7L5173C9,0,48.10346,11.630121,4442454.88,2777995.32,545.3,591.0,251,7381,1.8,0.91,0.35,32.66,348.96,-0.53,-0.103,0.842,-0.2,0.1,-0.34,0.14,0.6,0.1,-0.3,-2.1,-3.1,-2.9,-3.1,1.1,1.2,0.1,2.0,0.6,2.5,0.4,0.2,-0.3,-1.1,1.6,1.4,-2.5,-2.7,-5.2,-2.6,0.4,-0.4,0.4,1.4,2.1,0.1,2.1,3.1,1.7,-0.7,-1.2,-4.2,-2.8,-1.4,-1.6,-0.9,2.2,0.3,-0.0,0.4,-0.7,-0.0,1.8,0.1,0.7,0.5,0.0,1.8,1.4,2.8,1.6,1.5,0.4,-2.3,2.9,2.4,-0.3,-3.1,2.1,0.7,0.8,0.3,0.6,-0.3,0.6,0.9,-0.9,0.2,-1.9,-1.8,0.5,-1.0,2.4,1.2,1.8,4.2,1.0,-0.6,0.2,0.8,0.4,1.3,-0.7,2.1,-1.1,1.9,-2.7,1.7,-3.0,1.7,-0.3,0.5,-0.1,0.9,-2.1,-0.5,-0.6,0.1,0.7,1.2,-0.1,-1.9,2.1,0.3,-1.0,0.8,0.1,1.2,0.6,-0.3,1.3,2.6,0.3,-1.3,-0.9,-0.9,-0.3,-1.6,-0.2,0.6,1.1,0.6,-1.0,-1.2,-0.6,0.3,0.5,-1.0,-1.9,-3.3,0.3,0.3,-1.2,0.0,-0.6,-0.1,-0.9,-4.7,0.7,5.1,1.5,1.6,-0.6,2.4,3.0,2.1,3.0,0.8,-2.1,1.9,0.6,1.5,3.8,3.3,2.5,-0.8,0.5,-2.0,0.9,0.6,-0.8,-2.5,-3.4,-4.6,-2.9,1.6,3.3,0.1,-0.7,1.5,-0.7,-3.4,-4.0,-1.2,-1.9,0.4,3.4,1.6,1.1,-0.6,-4.0,2.1,-1.2,-0.7,1.5,-3.7,-3.0,-8.3,-0.4,-3.1,-2.2,-1.4,-4.1,-1.7,-0.5,0.4,0.2,-3.2,-0.3,-1.3,-2.2,-1.3,0.4,-0.9,1.1,3.7,-1.1,0.4
2C7L5173CA,0,48.103459,11.630115,4442454.41,2777995.23,542.3,588.0,251,7382,1.3,0.96,0.23,32.66,348.96,-0.53,-0.103,0.842,-0.5,0.1,-0.13,0.1,0.3,0.1,-0.3,-0.8,-0.3,-0.9,-0.3,-0.6,-0.6,-0.1,-0.4,0.6,0.4,-1.0,0.3,-0.4,-1.5,1.3,0.3,1.3,-0.0,-0.8,-3.7,-0.2,-1.0,0.5,1.0,2.1,-0.3,1.4,1.3,0.2,0.6,-2.0,-6.2,-2.7,-2.9,-0.7,-0.3,1.3,0.7,2.2,0.9,0.1,0.5,-0.4,0.7,-0.2,0.1,-0.9,-0.0,1.7,1.3,0.7,1.3,0.8,1.0,0.5,-0.7,-0.7,-0.6,1.3,0.4,-0.5,0.4,-0.9,-0.3,-0.9,-0.4,-0.8,0.2,-2.0,-0.6,-0.9,-0.9,-0.7,-0.3,-0.9,0.3,-0.5,-0.8,-1.0,0.1,0.9,1.6,-0.2,-0.5,-1.0,0.7,-2.1,0.2,-2.9,-1.5,-0.9,-0.9,-1.0,-1.9,-1.4,-1.1,-0.0,-1.1,0.5,-0.6,-0.3,-1.7,0.1,0.3,1.8,-0.0,-0.5,-0.6,0.2,-1.3,-1.3,0.6,-1.5,-1.9,-1.0,-0.9,-0.7,-1.1,-0.2,0.0,-1.0,-0.8,-0.6,-2.8,-0.7,0.1,0.4,-1.1,-0.1,-2.2,-0.8,-1.3,1.6,-1.6,-3.7,-3.1,-1.9,-6.0,1.8,1.2,-1.4,-0.3,-0.4,-0.4,-0.5,-0.4,-0.8,0.3,-0.9,0.6,1.2,-3.1,-1.2,-1.6,-1.2,1.0,-0.2,-1.5,0.2,0.3,-2.2,-2.0,-0.5,-3.3,-3.3,1.0,0.2,-1.5,0.5,-0.6,-0.6,-3.7,-5.0,-1.4,-2.0,-2.2,-1.9,-1.7,-3.2,-2.7,-3.5,-1.3,-3.5,-3.2,-2.0,-2.0,-2.1,-1.4,-2.9,-3.0,-5.8,-3.0,-3.4,-0.9,-2.9,-1.5,-2.1,-2.3,-1.8,-3.2,-2.7,-1.2,-1.3,-1.1,-0.7,-1.3,-1.9,-1.8
2C7L51739k,0,48.102379,11.621564,4441820.01,2777861.22,541.7,587.4,251,7232,3.0,0.79,0.43,32.59,348.92,-0.529,-0.104,0.843,-1.4,0.2,-0.74,0.23,0.5,0.2,-0.3,2.3,-0.5,-0.3,-1.3,-0.7,0.2,2.1,-1.9,-0.4,1.5,1.4,1.0,0.5,-1.5,-0.4,-0.6,0.5,-2.2,-2.2,1.1,-0.4,0.2,2.2,1.6,1.8,3.3,0.8,2.2,0.2,-6.7,6.6,-7.5,-5.7,-4.2,-1.8,-4.8,-0.1,3.1,0.2,-1.1,2.7,-0.0,0.9,-0.5,-0.1,2.2,-1.6,0.6,-2.9,1.9,7.7,1.8,-2.9,0.7,-6.1,2.9,1.9,-1.2,4.9,-1.6,-0.8,-0.4,-0.8,-2.0,1.7,-3.3,-0.7,-0.9,-10.5,1.9,-2.5,-4.1,-3.5,-2.9,-2.0,-2.1,1.2,-1.9,-1.1,0.6,-2.0,-4.7,0.3,-1.2,2.7,-3.0,-0.8,-2.5,4.3,-0.6,-1.2,2.0,-2.3,-1.1,2.3,1.8,-1.6,-1.2,0.2,2.3,-1.6,-1.2,-1.2,-2.0,-0.9,-0.1,0.2,4.1,1.4,0.6,0.7,-1.9,-2.0,-1.6,-1.4,-0.3,7.7,-1.5,0.7,-0.2,-2.7,-0.2,3.2,-1.8,0.5,-5.2,-1.6,1.2,-1.7,-6.2,-2.4,-2.6,-1.1,-0.6,-3.3,-2.6,3.2,1.2,4.1,-0.8,-0.8,-5.7,5.6,-5.7,1.2,4.9,-4.3,1.5,0.7,-1.3,-7.4,2.1,-6.1,-6.2,-0.7,-6.7,0.0,-2.2,-3.9,-6.4,-5.9,-7.3,-10.2,-4.3,-8.9,5.9,-4.1,-6.5,4.4,-3.5,-6.8,-5.4,-6.4,-6.6,-7.8,-9.5,-8.1,-6.2,-8.2,-7.9,-8.2,-1.9,-2.3,-5.7,-7.4,1.2,-3.5,-1.6,-0.4,-5.6,-9.4,-8.9,-3.7,-3.9,-5.0,-2.8,-6.6,-5.4,-8.3,-9.6,-5.9,-7.8,-4.4,-14.7,-6.7,-4.2,-3.4,-7.5
2C7L5173CU,0,48.103609,11.631137,4442530.2,2778013.57,535.0,580.7,251,7402,2.9,0.81,0.39,32.67,348.96,-0.53,-0.103,0.842,-1.2,0.1,-0.28,0.23,0.0,0.2,-0.3,-0.1,3.5,1.0,-1.2,0.5,-3.8,1.5,-0.4,2.1,-1.0,0.9,-0.5,0.1,-0.1,2.8,1.0,1.0,-1.2,-2.6,-2.1,-0.2,-0.4,1.2,-5.6,-0.8,2.2,1.5,-0.1,-2.6,-2.6,-7.4,-5.5,-8.7,-4.7,-0.7,-2.6,-0.2,2.1,0.4,1.6,-0.2,-3.4,-2.0,-2.9,-2.4,-0.6,-3.6,-1.6,0.5,-2.5,1.9,-0.4,0.2,-0.5,0.5,1.1,-4.0,-0.4,-0.1,-3.6,1.0,-3.2,-2.6,-7.2,-6.8,-5.1,-3.2,-6.7,-2.6,-1.8,-8.4,1.5,-6.9,-0.8,-1.3,-0.9,-1.9,-0.4,-1.7,-1.0,1.0,1.1,3.7,1.5,-1.2,0.6,-6.9,-1.6,-0.7,2.2,-5.7,-4.0,-9.2,-2.9,1.6,-0.9,0.7,-0.4,-1.8,-3.8,-2.5,-4.9,-3.0,1.5,-3.8,-2.5,2.2,-5.1,0.9,-2.2,3.7,0.7,-2.9,-2.2,-0.9,-3.9,-3.7,-4.9,-4.6,-5.2,-3.6,-0.3,-2.0,-1.6,-2.7,-4.5,-9.0,-1.2,0.3,-5.6,-3.5,-0.5,3.3,-1.2,1.5,-7.3,-4.8,-3.1,-6.4,-2.0,-1.1,-4.6,-5.6,-4.1,-5.2,-3.1,1.9,-6.6,-4.8,1.7,-2.3,-1.4,-3.4,-6.1,-2.9,-8.9,-7.6,-3.3,-1.0,-0.7,-1.7,-4.0,-10.7,-0.7,-2.0,-3.4,1.6,-1.6,-7.8,-5.6,-5.7,-6.3,-6.1,-1.8,-4.8,-2.3,-9.3,-4.4,-5.6,-3.0,-4.4,-3.4,-2.2,-2.1,-3.4,-1.7,-9.8,-4.8,-4.6,-6.7,-7.5,-6.4,-4.4,-9.3,-15.7,-0.9,-6.1,-5.4,-6.1,-3.9,-11.9,-19.6,-4.1,-4.2,-5.4,-2.7,-3.7,-9.3
2C7L51739m,0,48.102403,11.621608,4441823.18,2777863.97,539.4,585.1,251,7234,2.4,0.82,0.39,32.59,348.92,-0.529,-0.104,0.843,-2.1,0.1,-1.19,0.2,0.6,0.2,-0.3,-0.5,1.1,-1.0,-0.1,-1.4,-2.4,-0.7,-1.9,-0.7,-1.3,-0.6,-0.5,-2.6,-1.0,-1.7,-1.8,-2.8,-4.1,-1.1,-3.0,-2.6,-2.6,-1.5,1.0,-0.2,1.9,-0.1,-0.2,1.2,-2.5,7.1,-5.7,-4.0,-4.0,-1.6,-4.5,-3.5,-0.8,2.7,0.2,1.4,-0.2,-0.2,-2.3,-3.6,1.8,-1.7,-2.8,-1.5,-1.6,1.5,-2.1,-1.2,-2.2,-2.2,-3.3,-4.3,-3.4,-3.2,-3.6,-3.1,-3.6,-0.5,-3.7,-2.9,-3.1,-2.5,-5.5,-6.0,-5.3,-5.6,-4.0,-3.4,-4.3,-2.8,-1.7,-0.6,-2.4,-2.6,-2.2,-3.8,-5.8,-2.8,-4.9,-2.6,-3.3,-1.5,-5.1,-2.2,-2.5,-3.1,-1.3,-4.5,-5.8,0.5,-0.2,-7.1,-3.5,-2.1,-4.8,-3.6,-3.6,-3.9,-2.6,-6.0,-3.2,-1.6,-5.5,-1.3,-5.5,-4.7,-2.2,-5.1,-1.9,-1.5,-3.7,-4.4,-5.6,-5.3,-4.6,-1.6,-2.5,-2.0,-4.0,-5.5,-4.9,-2.9,-4.1,-2.0,-3.1,-5.2,-3.3,-3.0,-16.0,-7.6,-5.3,-3.7,-3.2,-1.3,-2.9,-4.8,-4.4,-3.6,-1.3,-1.4,-3.6,-1.7,-3.1,-0.6,-7.5,-2.3,-5.9,-2.5,-4.2,-5.2,-4.1,-2.9,-1.8,-1.1,-0.8,-3.9,-4.8,-2.4,-0.7,-2.5,-1.7,-3.2,-7.6,-3.3,-4.3,-7.0,-8.0,-7.7,-5.4,-11.6,-10.9,-9.9,-13.3,-0.3,-12.7,-7.7,-19.1,-9.5,-1.4,-12.9,-10.2,-8.0,-12.0,-11.6,-11.9,-13.1,-10.1,-9.8,-13.7,-10.1,-11.5,-11.5,-14.5,-11.5,-14.6,-12.2,-13.6,-12.1,-10.4,-13.1,-12.0,-20.4,-17.3
2C7L5173B6,0,48.103009,11.626326,4442173.23,2777939.06,539.2,584.9,251,7316,3.9,0.71,0.46,32.64,348.96,-0.529,-0.103,0.842,-0.5,0.2,-0.04,0.3,1.6,0.3,-0.3,0.2,2.0,-0.2,1.0,3.9,-5.9,2.9,2.8,1.5,5.1,1.2,-5.0,3.2,1.4,6.0,0.3,-1.2,-4.7,-0.0,-0.4,-1.6,-2.5,-0.5,0.8,1.4,-1.5,-0.8,-6.9,-5.3,-4.0,-9.8,-6.5,-6.0,-3.8,-18.6,-3.9,-2.3,-4.9,0.4,-1.0,1.3,-2.7,1.6,-1.6,0.1,0.1,-3.1,-0.5,-0.9,-0.6,1.3,1.2,0.7,-2.6,-2.2,-0.5,-8.0,-0.6,-1.0,-2.7,-0.4,-0.8,1.2,-0.2,-12.1,-4.4,-0.1,-13.4,1.8,2.0,2.2,2.0,-12.9,0.1,-1.3,-4.5,-4.3,-1.1,-0.1,-0.6,2.2,-15.5,-3.9,-3.2,-3.3,-1.8,-1.8,-3.1,-2.6,-3.3,-5.3,-6.1,-6.2,-2.1,-6.3,4.2,-4.1,0.2,-1.6,-1.2,-2.8,-0.2,-2.7,-1.3,-4.9,-3.9,-1.9,-3.5,-4.3,-1.8,3.8,2.3,4.4,0.5,-1.2,-3.3,-1.3,1.7,0.5,7.0,8.0,5.6,0.3,2.7,3.4,-0.9,-0.7,-13.9,7.6,0.8,-4.5,-2.7,-7.3,-1.2,-3.4,-2.4,-0.5,-7.4,-2.6,-1.0,-1.1,-5.7,0.4,4.3,-1.1,-1.0,-7.8,0.8,0.3,-0.1,1.5,-3.9,-0.4,-2.0,-1.4,-5.7,-3.0,-6.4,-4.1,2.9,-3.3,-4.2,1.0,-7.2,-3.6,-17.7,-2.8,-10.1,-6.4,-0.7,-3.6,-5.3,-6.4,-17.5,-8.4,-12.3,-4.0,-0.3,-7.5,-2.2,-0.1,-2.5,-5.2,-0.6,-0.9,-1.3,-7.1,0.1,-1.7,-5.1,-3.8,-0.0,-4.2,-2.6,-6.8,-5.3,-1.4,-2.5,-4.1,0.8,-2.5,0.9,-2.2,0.1,-5.8,-4.5,-3.5,-4.1
2C7L5173B8,0,48.103024,11.626443,4442181.91,2777940.92,539.3,585.0,251,7318,2.2,0.88,0.34,32.64,348.96,-0.529,-0.103,0.842,-0.4,0.1,-0.14,0.17,0.9,0.1,-0.3,0.5,-0.9,-0.8,-0.5,0.1,2.3,2.3,1.9,2.8,0.4,0.8,4.0,2.2,-1.2,-1.5,-0.7,0.0,0.6,0.4,-1.7,-1.5,-0.2,-0.1,1.3,1.2,-1.0,0.8,0.1,-1.6,-3.3,-12.2,-4.1,-1.8,-2.6,-5.1,-2.5,0.1,-2.0,-1.5,-1.6,0.1,-0.4,-4.1,-2.0,0.2,-2.4,-1.5,-1.1,0.4,1.5,0.8,-0.1,0.2,2.6,2.6,0.4,1.7,0.3,1.4,-2.4,-1.7,-1.9,-1.1,-3.2,-0.9,1.2,-3.8,-1.8,-1.9,-0.1,-2.9,-1.2,0.7,-0.9,-1.7,-2.1,5.2,1.3,0.3,0.5,0.5,-1.0,-1.0,2.8,-2.4,-2.5,1.6,-4.7,0.3,-0.2,2.1,0.1,-1.4,1.9,-4.6,1.5,-0.5,1.1,-0.5,-1.6,-0.8,1.1,-1.5,1.7,-2.2,0.9,-1.7,3.3,-0.1,-2.0,-0.1,-0.1,-0.4,1.2,0.3,1.2,-0.9,0.4,1.6,1.8,0.2,0.8,-0.0,-3.3,-5.2,-5.5,1.0,0.9,-0.4,-1.5,-0.7,2.4,-1.2,-0.1,-5.4,-4.3,-2.8,-3.9,-0.6,0.2,-2.3,-5.4,-3.5,0.4,2.3,-2.6,-1.7,-1.5,-1.8,-1.1,3.3,-2.9,-0.5,-3.7,-0.2,-1.7,1.0,1.7,3.5,-2.6,-6.4,-2.1,-0.6,-3.7,-4.6,1.8,-2.4,-5.8,-4.0,-2.7,-4.8,-5.1,-6.6,1.1,0.5,-1.6,-1.7,-1.5,-3.9,-2.5,-1.2,0.3,0.6,-1.1,-3.0,3.0,0.0,-1.0,-5.1,-5.2,-5.1,-2.2,-4.6,-1.2,-4.3,-0.8,-7.0,-3.8,-1.8,-4.5,-1.0,-2.5,-4.5,0.3,2.2,0.4,-0.8,-2.1
2C7L5173BP,0,48.103178,11.627639,4442270.64,2777959.93,551.6,597.3,251,7335,2.1,0.89,0.36,32.65,348.96,-0.53,-0.103,0.842,-0.3,0.1,0.05,0.16,0.7,0.1,-0.3,1.1,2.5,-1.5,1.1,-2.3,1.8,0.4,1.0,0.8,1.3,1.3,-2.0,0.8,-0.1,1.2,0.2,-1.2,-0.8,-2.7,-2.6,-2.0,-1.9,1.4,-0.4,-4.6,0.9,0.3,2.8,2.4,-3.2,-7.4,-3.8,-2.0,-4.9,-4.1,1.2,0.0,-0.9,0.3,9.1,-0.1,-1.7,-1.3,0.5,-0.2,-0.8,-0.3,2.2,-0.3,0.3,2.2,-1.5,-2.1,-1.2,-1.5,-5.3,-2.5,-2.4,-2.3,-1.5,-2.2,2.2,3.5,0.4,2.5,0.1,-1.3,0.4,-1.0,-0.5,-0.6,-1.1,0.2,0.5,-0.8,-1.6,-2.0,-0.8,-1.0,-1.8,0.7,-1.0,0.5,-0.4,-0.2,0.0,-0.9,-2.8,-0.4,0.7,-1.0,0.8,-1.5,1.1,-1.2,2.2,3.2,3.0,2.1,0.5,-0.0,0.3,-0.6,1.7,1.9,0.8,1.0,0.8,0.4,2.3,-0.7,0.8,-1.1,-0.6,0.2,0.4,0.8,-1.1,2.1,-0.9,0.1,-0.5,-2.3,-2.7,-0.9,3.5,-1.4,-2.5,-4.1,-3.3,-4.5,-1.4,-3.1,-0.6,-2.3,-5.4,-2.9,-5.6,0.6,0.4,6.5,-0.6,-1.8,2.3,2.1,-0.1,0.9,-3.4,-2.2,3.5,-2.1,-0.2,-0.1,-1.1,-2.6,-2.8,-1.2,-1.5,-2.9,-2.5,-0.3,-4.9,-1.8,-6.5,-4.9,0.2,-2.8,-2.1,-0.8,-3.3,-1.0,-3.8,-3.2,-1.5,-3.7,-1.5,-0.1,-0.7,3.2,-2.2,-1.9,-1.2,-2.3,-1.3,-2.1,0.7,-3.5,-0.1,1.3,-3.1,-2.2,-0.8,-1.0,-3.5,-2.2,-1.4,-5.8,-3.6,5.7,4.7,-1.4,-5.1,-0.9,-1.7,0.1,-0.8,1.6,1.1
2C7L5173C3,0,48.103448,11.629739,4442426.43,2777993.36,543.9,589.6,251,7375,3.8,0.75,0.71,32.66,348.96,-0.53,-0.103,0.842,-0.5,0.2,-0.54,0.29,0.9,0.3,-0.3,-0.7,-0.4,-0.2,-1.1,-1.3,-1.3,-1.1,-1.3,-0.2,-0.7,2.7,-0.9,-1.6,0.6,1.1,1.2,0.8,-1.1,-2.0,0.8,-2.8,-2.6,0.7,12.5,-3.0,1.7,1.2,-1.0,-0.3,-3.4,-4.1,-4.1,-2.7,-2.6,-14.7,-0.3,11.7,1.9,2.9,-11.6,11.5,0.9,7.3,1.3,-3.8,7.2,-1.7,0.2,-0.2,2.0,1.6,2.9,3.8,0.5,1.8,1.3,1.2,1.5,0.0,0.6,2.3,0.3,1.5,-3.8,1.4,1.3,0.4,2.2,-1.3,2.5,1.0,-0.8,-1.0,1.9,-1.2,-0.4,1.7,-1.5,-5.1,-3.5,0.5,4.9,12.6,-0.6,10.2,-0.4,1.4,0.3,-0.5,0.0,-0.9,-5.9,-0.1,-0.1,-14.7,3.2,-3.2,-0.1,-0.1,3.5,-13.6,0.5,-9.0,-1.1,2.8,0.4,0.0,3.6,1.6,2.4,-0.1,2.2,0.8,-0.2,-2.6,-0.9,-0.1,-0.5,-0.6,0.9,0.5,2.1,1.8,-0.4,1.3,0.4,-1.4,1.9,7.9,-4.2,-0.5,-2.0,3.6,3.8,-2.6,-1.0,-2.0,-6.3,0.2,1.1,0.4,2.2,-0.7,0.2,1.7,1.4,0.6,0.4,-0.4,-0.4,0.9,0.1,0.8,-2.5,-0.2,4.9,-0.4,-0.7,-9.5,2.9,-2.0,0.6,-1.8,-3.7,-3.9,3.1,-2.8,-2.9,-0.5,-1.1,-4.5,0.2,-3.7,-1.9,-5.1,-2.7,-1.6,-1.2,-4.5,-3.5,1.6,1.9,5.5,-3.3,10.6,-0.9,-3.1,-2.7,-1.4,-5.4,-6.5,-2.5,-13.8,-13.9,-4.1,7.3,-3.9,3.0,-3.1,-4.5,-4.2,-2.7,-2.5,-1.3,0.8,-1.3,-0.8,-2.3
2C7L5173CG,0,48.103549,11.630527,4442484.91,2778005.9,544.1,589.7,251,7388,2.0,0.89,0.33,32.66,348.96,-0.53,-0.103,0.842,-1.0,0.1,-0.47,0.16,0.9,0.1,-0.3,-2.5,-0.8,0.2,1.7,0.0,1.3,0.3,0.8,-0.5,-10.0,-0.1,0.8,3.0,-0.3,2.7,-0.9,-1.0,-2.0,-1.7,-3.0,-0.8,-1.0,-1.8,1.8,0.2,2.2,-0.3,3.3,1.2,1.0,1.4,-5.8,-2.2,-3.2,-1.6,-1.4,1.4,3.4,2.0,1.7,0.9,2.4,1.3,1.3,-0.6,0.8,-0.5,2.1,2.2,-1.1,2.0,1.5,-0.1,-0.6,-1.1,1.2,1.5,2.9,1.7,1.9,0.5,0.9,3.1,0.6,6.9,1.8,-1.0,1.5,1.0,0.3,1.9,-0.1,-1.1,1.4,1.1,1.4,2.0,0.7,1.3,-1.4,-0.7,-4.9,0.0,0.5,0.9,4.0,0.4,0.3,-1.3,-0.4,-0.6,-3.4,-3.9,-0.4,-0.5,-0.6,0.2,1.2,-0.4,-0.3,-0.8,-0.5,-1.6,0.9,1.7,-2.6,0.6,1.7,1.8,0.8,-0.6,-0.3,-0.1,0.8,0.1,-0.7,2.4,-0.8,1.9,0.5,-2.7,1.3,0.6,0.2,-0.7,-2.7,1.9,1.0,0.2,-1.4,-1.2,-1.0,0.5,-1.0,-1.6,-1.9,-4.5,-5.1,-0.3,0.3,0.8,-1.0,-2.2,-2.0,-2.1,-2.0,-13.7,0.1,-0.1,-0.8,0.8,-2.7,-1.4,-2.0,-1.9,-3.9,-2.6,-3.6,-4.4,-3.2,-4.2,-4.8,-2.4,-5.5,-5.0,-0.5,-3.0,-3.8,-2.0,-3.2,-3.4,-5.7,-4.2,-0.8,-0.9,1.4,-1.6,-0.6,6.4,-2.9,-1.5,-2.5,-5.1,-5.3,-4.0,-5.7,-2.9,-4.7,-3.8,-7.2,-8.1,-5.2,-4.7,-4.5,-4.1,-4.3,-5.2,-4.9,-4.4,-4.6,-4.4,-4.9,-3.8,-2.3,-0.8,-2.7,-1.6,-2.7
2C7L5173CH,0,48.103549,11.630524,4442484.7,2778005.86,541.1,586.8,251,7389,4.0,0.68,0.49,32.66,348.96,-0.53,-0.103,0.842,-1.9,0.2,0.57,0.31,1.0,0.3,-0.3,10.6,5.1,9.6,6.9,-0.5,1.1,-11.5,-5.8,-11.4,6.4,-5.9,2.6,0.5,-2.3,0.5,-8.0,-2.8,-5.2,-0.5,-4.9,-1.1,-2.2,-4.5,-1.6,-3.3,-1.0,-2.9,1.5,1.6,-0.9,-1.6,-11.0,-2.0,-5.6,-8.6,-9.0,0.6,0.1,3.9,-2.0,1.8,-0.0,-1.0,-2.0,-5.9,-5.0,1.1,-0.7,3.2,5.4,4.1,-1.5,-1.3,-5.9,-8.9,-6.0,-0.7,2.6,-0.1,-1.9,-3.4,-15.3,6.0,8.6,7.8,-0.1,-1.9,2.0,-2.9,-13.8,0.0,-17.0,-2.8,-2.7,-2.8,0.9,-0.9,-1.6,0.5,-3.3,-5.2,-4.4,-3.5,-1.5,-0.2,-0.2,-1.6,-3.8,-6.5,-2.6,-0.9,-2.0,-3.6,-4.8,-1.3,-5.5,-1.2,-8.6,-5.8,-4.2,-5.3,-5.5,-5.0,-1.4,-4.2,-4.5,-2.4,-1.5,-3.7,-5.6,-8.5,-6.4,-6.5,3.8,-5.3,-6.9,0.1,-5.4,-2.9,-3.9,-9.0,-3.1,-4.8,-4.8,-7.3,-6.8,-2.3,-3.2,-0.7,-3.9,-7.0,-4.8,-3.1,-5.0,-5.6,-7.1,-9.0,-10.0,-3.8,-6.1,-4.6,-5.5,-7.5,-8.2,-9.8,-7.2,-18.7,-3.3,-4.2,-7.2,-4.0,-9.1,-5.9,-4.3,-6.9,-11.6,-6.1,-9.0,-14.2,-7.8,-8.2,-10.0,-5.7,-11.0,-9.3,-3.6,-10.2,-8.7,-9.4,-8.9,-9.9,-10.8,-7.5,-6.0,-4.9,-0.9,-6.6,-4.0,-21.7,-9.7,-6.4,-7.3,-6.9,-7.4,-9.1,-15.9,-5.8,-11.6,-10.3,-11.3,-14.0,-9.3,-9.1,-10.7,-9.9,-9.4,-11.3,-9.4,-10.0,-7.8,-8.8,-0.7,-3.2,-1.4,-2.6,-6.2,-4.9,-9.1
2C7L5173CL,0,48.103591,11.630856,4442509.32,2778011.13,548.7,594.4,251,7393,1.8,0.91,0.32,32.66,348.96,-0.53,-0.103,0.842,-0.8,0.1,0.05,0.14,1.0,0.1,-0.3,0.8,0.4,0.6,1.0,0.3,0.3,1.9,1.6,1.2,2.0,1.9,-2.2,1.9,3.3,2.6,3.1,2.7,1.5,1.5,2.1,-0.1,-0.1,3.2,5.2,2.2,3.2,2.5,1.2,0.9,1.7,-4.2,-1.4,-2.5,-1.8,2.1,1.0,2.8,3.7,2.2,2.0,2.2,0.1,1.6,1.9,1.2,0.8,-0.5,0.1,2.0,0.2,-0.1,1.2,1.3,2.3,1.7,1.0,-0.3,0.9,2.0,0.7,0.1,1.6,-7.8,0.4,-1.3,-2.9,0.2,-1.5,1.6,1.6,-1.6,2.6,-0.3,1.6,3.8,2.9,3.4,2.1,1.9,1.9,4.4,4.6,4.3,1.8,3.5,2.5,2.3,2.0,0.4,1.5,1.0,0.9,0.6,-0.6,-0.0,2.8,0.4,2.3,-0.2,-0.2,-0.6,0.2,1.0,1.4,2.0,0.7,-0.3,0.7,1.0,0.6,-0.1,0.6,-0.7,-0.1,-0.8,-2.8,-1.6,-2.5,-1.7,-0.5,-3.5,0.1,-1.3,-0.8,0.2,1.6,-1.0,0.8,0.4,-0.1,0.1,0.2,-0.3,-0.1,-1.1,0.0,-0.1,-4.5,2.6,1.5,0.2,-2.7,-2.4,-1.9,-0.7,-1.0,-0.1,-3.9,-2.8,2.3,-1.6,-1.9,0.3,-0.2,-1.2,-1.3,-1.5,0.1,1.5,0.3,-1.0,-1.2,-2.3,-3.3,-3.1,-0.4,2.7,0.5,0.2,-2.0,0.4,-3.2,-5.3,-9.8,-6.0,-2.5,-7.0,-4.0,-1.8,-2.2,-2.5,-2.2,-0.0,-1.5,-2.9,0.5,-4.5,-0.3,1.0,-1.8,-4.6,-2.1,0.7,-0.2,1.3,-1.1,-0.5,-2.6,-0.8,-1.6,-4.6,-1.0,-0.6,-2.3,-2.6,-7.3,-3.1,5.3
2C7L5173CN,0,48.103584,11.630801,4442505.25,2778010.28,538.3,584.0,251,7395,1.3,0.95,0.21,32.66,348.96,-0.53,-0.103,0.842,-0.5,0.1,-0.3,0.1,0.9,0.1,-0.3,-0.5,0.7,-1.1,0.1,-0.8,-1.8,-0.9,-0.1,1.0,0.7,0.1,-0.3,-0.0,-0.2,-0.3,0.4,-0.9,-1.2,-2.8,-1.9,-3.4,-1.9,-1.8,0.1,-0.6,1.1,-1.8,-2.4,-3.6,-0.9,-3.2,-4.7,-3.8,-4.1,-2.6,-1.9,-1.3,1.2,-0.3,-0.8,-1.9,-0.3,-1.7,-0.3,-1.5,-1.5,-1.6,-1.7,-1.0,-1.4,-2.8,0.0,-0.9,-0.6,-1.4,-0.0,-1.0,-0.2,-1.5,-0.9,-1.5,-0.7,1.1,-1.6,1.7,-1.7,-1.7,0.9,-0.6,-1.2,-1.2,-1.6,-0.1,-1.0,-0.8,-0.6,-0.9,-2.8,-1.6,-2.3,-1.8,-2.5,-1.4,-3.3,-1.7,-3.5,-2.1,-0.8,-2.0,-1.7,-2.3,-3.7,-3.3,-2.3,-1.7,-2.0,-1.5,-1.1,-0.5,-3.1,-1.7,-1.9,-0.1,-1.0,-0.4,-0.9,-1.3,-2.1,-0.9,-2.5,-1.1,-1.6,-1.4,-2.3,-1.5,-1.4,-0.0,-1.7,-1.6,-1.4,-0.1,-1.3,-1.5,-1.8,0.0,-1.0,-1.0,-0.9,-2.5,-3.1,-2.2,-0.6,-1.9,-2.1,-3.4,-3.4,-3.0,-5.6,0.5,1.3,-1.6,-2.5,-3.3,-2.2,-2.7,-1.9,5.2,-1.2,-1.8,-0.4,1.6,-1.5,-0.6,-0.7,-1.6,-2.2,-2.5,-2.5,-2.2,-2.4,-4.1,-4.5,-1.0,-4.9,-4.1,-1.5,-0.9,-3.4,-2.2,-3.6,-3.6,-4.4,-6.0,-3.0,-2.9,-2.0,-1.8,-0.9,4.0,-2.3,-2.1,-1.6,-3.2,-4.2,-2.9,-2.8,-3.7,-2.8,-5.7,-6.2,-7.2,-4.9,-4.6,-4.9,-2.8,-3.6,-5.1,-4.7,-3.6,-1.9,-4.6,-4.1,-3.2,-3.7,-1.8,-3.4,-3.7,-3.5
2C7L5173CP,0,48.103592,11.630863,4442509.79,2778011.26,537.0,582.7,251,7397,1.2,0.96,0.28,32.66,348.96,-0.53,-0.103,0.842,-0.5,0.1,-0.52,0.09,0.4,0.1,-0.3,-0.2,-0.2,-2.0,-0.2,0.2,1.0,-0.9,1.2,-0.7,2.9,-0.3,0.5,0.8,0.6,0.9,1.2,1.3,-1.0,-1.8,-0.8,-2.1,-1.0,-1.0,0.5,-0.2,2.5,-0.9,1.4,-0.2,-0.1,0.1,-2.3,-1.5,-2.4,-1.2,-1.3,1.7,2.1,1.0,0.5,-0.5,1.0,-1.1,1.5,-0.5,0.1,-0.2,-0.5,0.0,-0.5,0.4,0.8,-0.4,0.9,0.2,0.6,0.5,0.9,-0.4,0.6,-0.1,0.2,-2.1,-0.5,5.4,-0.2,-0.1,0.3,-1.0,0.3,0.3,-0.3,-0.4,0.4,0.7,0.9,0.8,-0.3,0.8,0.3,-1.2,-1.4,-1.0,-1.7,-0.7,-0.7,-0.9,2.3,0.2,-0.1,-0.3,-1.1,-1.0,-1.0,-0.2,0.2,0.5,0.8,1.8,-0.1,-0.1,-0.6,-0.4,1.1,1.3,0.3,0.5,0.9,1.3,1.1,0.5,0.6,0.9,0.5,-0.4,-0.2,-1.5,-1.0,-0.8,1.2,0.5,0.7,-0.0,0.1,1.3,1.6,0.3,1.4,0.5,-0.2,-0.8,1.1,0.0,0.5,-0.9,-1.6,-0.9,-3.8,1.3,2.9,0.8,-0.2,-1.0,-0.4,0.7,1.5,2.9,0.2,-0.1,1.0,0.5,-0.5,0.9,0.3,0.5,0.2,-0.9,-0.1,-0.7,-1.5,-2.5,-1.9,-0.5,-2.9,-2.8,-0.3,0.7,-1.4,-0.3,-1.7,-1.1,-2.8,-3.6,-2.1,-2.5,-1.5,-1.7,-1.1,-7.2,-0.5,-1.4,-0.4,-1.4,-2.4,-2.0,-0.4,-2.9,-2.6,-3.7,-2.3,-4.9,-2.8,-2.1,-1.7,-1.1,-3.2,-3.8,-2.1,-3.2,-1.8,-3.8,-3.3,-2.6,-1.6,-0.4,-2.6,-1.1,-1.0
2C7L5173CQ,0,48.103592,11.630862,4442509.77,2778011.26,534.2,579.9,251,7398,1.7,0.9,0.45,32.66,348.96,-0.53,-0.103,0.842,-0.4,0.1,-0.55,0.13,1.5,0.1,-0.3,0.1,-1.8,-1.6,-1.5,-0.0,2.3,-2.2,0.7,1.2,4.8,1.0,1.8,-0.6,-0.3,-0.2,0.0,1.9,-0.8,-2.2,-5.4,-5.6,-1.3,-2.1,-2.6,-1.5,-0.2,1.5,1.4,-0.9,-9.4,-0.7,-1.2,-0.6,-5.0,-2.1,-4.2,2.7,0.4,-3.1,-1.2,2.0,-0.4,-0.9,-0.9,-0.2,1.9,0.4,-1.4,0.5,1.5,0.3,1.7,1.8,1.8,1.5,4.5,1.3,0.4,1.4,0.5,1.3,2.6,3.8,0.5,0.2,1.0,1.4,3.7,0.9,3.0,0.4,1.9,0.3,2.9,-0.3,2.8,2.2,0.1,0.4,0.2,-1.2,-2.1,-1.8,-1.2,-1.7,-2.3,-1.2,-1.5,-3.9,-4.9,-0.3,-1.9,-1.2,-2.9,-1.6,1.4,-0.1,-1.5,0.7,-0.1,-0.4,-0.2,-0.4,0.2,1.3,1.3,-0.3,0.9,1.1,-0.4,0.3,-0.3,0.3,0.4,1.2,0.8,0.7,0.3,-0.2,2.0,0.3,1.4,1.2,0.6,2.1,2.0,0.1,0.4,0.2,-0.7,-1.9,0.3,-0.8,-1.5,-1.9,-4.7,-1.0,-3.9,1.9,2.8,-0.1,-0.2,-0.9,-0.3,1.1,0.7,3.2,0.2,0.5,0.1,-0.2,-0.1,0.5,0.0,0.7,0.1,-0.5,-0.0,-0.8,-1.3,-3.3,-2.5,-1.4,-3.8,-4.1,-1.1,-0.0,-4.1,-0.9,-3.4,-2.7,-4.1,-4.9,-2.7,-4.0,-1.3,-0.9,-0.0,-2.1,-0.4,-1.1,-0.3,-1.7,-3.1,-2.1,1.1,-3.4,-0.4,-1.1,-2.9,-6.1,-4.7,-3.9,-2.3,-2.8,-4.6,-4.6,2.2,-4.4,-1.0,-5.0,-2.3,-2.1,-1.5,0.8,-3.4,2.7,-0.6
2C7L51739z,0,48.102514,11.622324,4441876.27,2777877.44,536.6,582.3,251,7247,3.6,0.72,0.44,32.6,348.92,-0.529,-0.104,0.842,-0.1,0.2,0.29,0.28,1.3,0.2,-0.3,5.4,-1.0,-5.0,-1.4,-0.9,1.1,2.6,2.8,1.6,0.8,4.6,0.3,-3.6,-1.6,-3.3,-0.6,-2.8,-2.2,-3.8,-2.6,-1.5,-2.5,-0.2,-2.6,-2.5,-0.1,-1.7,-3.3,-9.0,-8.5,9.6,-7.5,-8.8,-7.2,-3.8,-7.7,-6.5,-5.4,-0.4,-5.3,-1.9,-4.1,-2.3,-6.2,-6.7,-11.6,-3.0,-7.4,-6.3,-3.5,-3.2,-5.4,-2.0,-4.0,-3.6,-7.8,-3.4,-3.2,-4.0,-3.7,-3.3,-2.4,-5.9,0.0,5.0,-1.4,-0.9,-5.2,-3.3,-2.8,-0.4,-2.7,-3.4,-3.4,-3.6,-3.5,-1.3,-2.7,-6.4,-7.9,-6.3,-15.1,-9.2,-3.0,4.1,-3.6,-6.2,-10.5,0.1,-5.6,-7.1,6.6,-2.2,-5.7,-8.6,-6.3,2.1,-3.8,-3.6,-4.8,-2.9,-14.5,3.4,-2.3,-4.6,-3.5,-2.8,0.4,0.3,-4.0,-1.6,-6.8,-2.4,-1.7,-2.4,-2.8,-5.4,-2.9,-0.4,-1.8,-7.5,-0.4,2.3,-2.4,-1.5,1.7,2.0,-4.8,-6.6,-1.4,-8.8,-4.3,0.8,-5.3,-5.5,-3.9,-3.9,-3.8,0.9,-2.9,-1.8,-4.5,-0.4,3.0,0.6,-3.2,-3.9,4.8,-1.0,-3.0,-2.7,-5.2,-3.0,-4.5,-3.6,-2.9,-1.9,-4.3,-3.5,-7.6,-7.0,-8.9,-5.6,-3.3,-7.7,-2.0,-2.2,-11.5,-4.2,-1.2,-4.5,-7.5,-4.5,-2.6,-7.6,-4.4,-0.9,-1.1,8.6,-3.5,-2.1,-1.2,-3.0,-3.1,-2.7,-2.9,-2.2,-8.9,-8.3,-9.5,-9.0,-2.0,-6.3,-3.5,-2.7,-4.6,8.8,-4.5,-6.3,8.2,8.5,-6.5,-3.8,-6.8,-6.1,-5.1,-6.2,-4.5
2C7L5173Am,0,48.102871,11.6251,4442082.21,2777921.61,536.7,582.4,251,7296,1.8,0.93,0.22,32.64,348.96,-0.529,-0.103,0.842,-0.5,0.1,-0.36,0.14,0.3,0.1,-0.3,-0.4,-2.8,-1.9,0.6,-0.2,1.3,0.9,-0.2,-0.0,1.6,0.5,-0.1,1.1,0.1,0.1,1.3,0.5,-0.4,-0.8,-0.6,-0.6,1.2,0.8,-0.4,1.5,0.8,1.7,0.2,0.0,-3.2,-10.8,-5.2,-2.7,-2.8,-1.1,-2.5,0.7,-0.1,1.8,-0.5,0.3,1.1,0.7,0.7,-0.6,0.5,-0.2,-1.0,-1.1,-0.2,0.8,-0.4,-0.7,0.4,0.5,0.1,0.0,0.2,0.1,-0.1,0.9,0.9,-0.0,0.9,11.3,-0.1,-0.9,-2.0,-0.8,-0.2,-0.4,-0.4,-2.6,0.5,0.3,-1.0,1.3,-0.1,-0.1,1.0,0.6,-2.0,-1.3,-0.1,-0.1,-1.3,1.1,-3.7,-1.0,-0.1,-2.0,-2.4,-3.2,2.1,-2.0,0.9,-1.8,-1.0,-1.0,2.6,-1.5,-1.1,0.2,-1.0,-2.8,-1.1,0.3,-0.3,-0.5,1.2,-0.7,-2.0,-0.2,-1.0,0.2,-0.2,-1.1,-0.2,-1.1,0.7,0.5,0.4,0.2,-1.1,0.6,0.3,0.7,-0.4,-0.7,-1.3,-1.5,0.5,-0.9,-1.3,-1.5,-1.8,0.1,-3.0,0.7,0.9,-1.0,0.0,-0.2,-0.1,-0.4,-0.1,0.7,-0.8,-0.9,-0.6,-1.6,-2.2,-1.1,-2.0,-0.5,-0.7,-0.6,-0.7,0.4,-1.1,-2.2,3.4,0.2,-4.7,-2.2,1.3,-0.4,-2.3,1.4,0.0,-1.1,-2.8,-2.1,0.1,-1.2,-0.0,-1.3,-1.9,-12.7,-0.9,-2.7,-1.9,-4.7,-2.2,-2.5,-0.6,-2.6,-0.9,-0.7,-6.2,-3.1,-2.0,-2.7,-2.7,-0.9,-2.7,-3.7,-1.2,-2.4,-2.8,-0.5,-2.9,-1.2,-2.5,-4.2,-4.3,-2.3,-1.8
2C7L5173BA,0,48.103036,11.62639,4442177.96,2777942.15,533.9,579.6,251,7320,2.7,0.82,0.4,32.64,348.96,-0.529,-0.103,0.842,-0.6,0.1,-0.26,0.21,1.3,0.2,-0.3,-0.3,0.1,-1.3,1.7,-0.9,2.8,2.1,-1.9,0.8,4.2,-0.4,-3.6,-1.3,-1.5,-1.4,-2.0,-1.8,1.4,-2.1,-4.3,-3.5,-2.8,-3.9,-3.4,1.3,-4.4,-1.7,-2.8,2.0,-3.3,-10.6,-7.0,-2.3,-4.1,-3.8,-2.2,0.9,-0.9,0.8,1.8,0.9,0.8,-3.4,0.6,1.2,-1.5,-1.3,-2.6,1.3,-1.9,1.7,0.3,1.6,1.4,2.4,1.6,1.1,1.3,1.2,0.8,0.6,-0.7,-1.3,-4.3,-5.9,2.0,1.7,1.2,-2.5,2.3,1.7,0.2,2.0,-2.1,-0.5,-1.5,-2.8,0.5,-2.3,-2.3,0.9,-2.2,1.1,0.4,-2.0,-2.2,-2.1,-8.3,0.4,-1.6,-1.1,-1.1,-2.8,1.0,-4.0,1.3,-0.6,0.4,-0.1,0.9,0.3,1.1,-2.2,4.5,-0.4,2.0,-1.8,-3.3,-2.1,-2.1,0.1,2.1,2.6,-0.6,-0.2,-2.1,-1.4,-2.4,2.0,-5.0,1.8,-2.1,-2.7,-0.4,-3.5,-2.2,0.4,1.3,-2.9,-4.0,-6.6,-3.7,-3.6,-0.8,-4.0,-5.1,-5.2,-10.1,1.2,1.3,-2.5,-4.0,-2.5,-3.4,0.0,-2.3,1.8,-2.4,-0.8,-2.9,-3.4,-1.5,-2.6,-3.5,-1.7,-1.8,-3.2,-3.3,-0.6,-2.6,-6.0,0.6,-11.7,-9.7,-5.6,4.7,-3.3,-4.9,0.7,0.5,0.1,-2.9,-9.5,-3.5,-2.0,-2.9,1.0,-3.0,-8.5,-0.4,1.5,6.5,6.2,-1.7,-5.1,-2.9,-5.4,2.7,-3.1,-6.4,-5.9,-5.3,-0.2,-5.4,-6.5,-0.3,-6.9,-9.2,-5.5,-3.7,-9.8,-5.7,-3.8,-1.2,0.1,-2.0,-2.0,-2.0
2C7L5173EV,0,48.104571,11.638347,4443064.99,2778132.41,540.9,586.6,251,7527,3.6,0.7,0.41,32.7,348.96,-0.53,-0.103,0.842,-0.3,0.2,0.29,0.27,2.7,0.2,-0.3,-0.2,1.9,1.5,-0.8,3.0,0.3,2.0,3.0,1.7,-4.6,1.2,1.4,2.8,2.6,1.6,5.0,4.2,1.9,0.8,-0.3,-1.1,-0.3,-0.1,4.0,2.1,10.4,-3.0,0.8,3.5,0.2,7.4,3.6,0.9,2.2,0.8,4.7,6.6,4.4,1.3,3.4,5.4,4.6,3.9,3.2,1.5,3.7,6.8,1.2,4.9,3.0,-5.4,2.6,-4.5,1.2,-2.0,-6.0,-5.8,-3.2,-3.4,-2.1,-3.3,-2.6,-8.8,-1.9,-3.5,-7.5,-7.6,-10.3,-9.0,-1.0,-14.7,4.6,1.3,2.8,5.3,-10.2,8.2,10.2,-4.2,3.7,1.7,3.2,4.6,-0.9,2.9,4.5,-0.4,0.7,7.4,3.9,2.5,-0.5,0.4,-0.0,3.7,5.3,6.4,8.2,4.8,5.4,3.1,1.4,0.8,3.3,3.2,2.5,1.6,-0.0,0.4,3.5,7.5,1.8,1.5,2.1,2.3,-1.6,-1.4,-0.7,4.4,1.1,-2.8,4.7,4.6,-0.3,1.1,2.2,2.6,1.6,-0.7,3.2,0.5,-10.6,3.4,6.0,-1.0,-1.3,4.5,5.3,3.1,1.0,-2.6,-1.3,-0.8,-2.1,0.5,-5.1,-7.1,4.8,-3.0,1.6,-5.7,-5.0,1.3,-4.0,-2.9,-1.5,-2.2,-1.0,2.8,0.0,-2.7,-0.3,1.8,0.6,2.3,4.6,6.3,6.0,3.4,2.3,4.0,4.6,-3.1,2.4,-2.0,-2.4,-0.8,-1.8,-17.1,-3.0,-1.0,-0.6,0.9,-0.8,-0.5,3.0,-2.5,3.4,6.0,-3.2,0.1,-1.8,4.4,5.0,5.1,2.8,-0.5,4.9,0.7,2.3,2.3,2.3,1.7,-1.4,0.3,-4.4,-5.6,-0.0
2C7L5173EY,0,48.104594,11.638527,4443078.3,2778135.27,542.5,588.2,251,7530,3.0,0.8,0.44,32.7,348.96,-0.53,-0.103,0.842,0.4,0.2,-0.95,0.23,0.7,0.2,-0.3,-1.5,-4.1,0.7,-4.0,2.5,2.6,2.7,2.8,3.4,2.4,1.8,2.3,-0.8,-1.9,-4.2,-5.1,-1.3,-1.4,-3.5,-1.3,-0.5,-1.8,0.9,0.3,2.6,-0.5,0.6,1.9,-0.9,-2.4,10.1,-5.9,-2.5,-3.1,0.3,-0.3,1.8,2.9,-0.1,1.1,0.5,3.3,4.7,-2.1,3.1,0.2,1.2,0.2,-0.9,0.9,-0.8,0.5,5.8,3.1,3.3,0.4,2.7,0.1,2.1,1.7,1.4,3.1,-1.1,-1.2,-2.6,-1.4,-1.6,-0.2,0.9,2.3,-0.4,0.3,-2.2,0.7,-2.8,0.5,-0.5,-1.9,-3.2,-2.4,-4.6,2.2,2.9,0.3,-0.1,0.6,3.5,1.6,1.4,3.0,0.5,1.1,0.3,0.1,1.3,1.5,2.0,1.9,6.0,3.9,2.6,-0.4,5.8,2.6,0.1,1.3,1.4,0.2,0.9,-0.3,1.6,-2.6,-1.6,-3.3,3.4,1.4,-2.4,4.2,6.6,0.9,14.4,4.7,0.0,9.6,3.6,-1.0,0.2,2.1,2.6,0.0,4.2,6.1,5.1,5.3,2.5,5.3,4.3,7.5,8.0,7.8,5.3,1.3,3.8,0.8,2.1,1.5,0.5,0.0,4.9,5.5,17.0,1.4,8.4,4.5,5.1,3.0,0.4,4.5,4.7,4.6,0.6,-0.6,3.8,-1.7,0.1,5.6,4.8,5.7,6.5,3.6,3.6,3.9,4.8,1.5,1.2,-0.9,-0.7,1.6,-4.8,1.0,1.2,1.1,0.6,-0.1,-1.5,0.1,-1.4,1.8,-0.9,-7.9,0.9,1.5,5.0,4.2,5.3,6.3,-1.0,0.3,2.3,-0.4,-0.4,-1.0,-0.4,0.2,0.3,-0.6,2.1,7.9
2C7L5173EZ,0,48.104597,11.638545,4443079.67,2778135.56,540.7,586.3,251,7531,2.7,0.85,0.38,32.7,348.96,-0.53,-0.103,0.842,-1.6,0.1,-0.2,0.21,0.4,0.2,-0.3,-1.7,0.2,-0.1,0.6,-0.3,-1.0,0.4,-1.2,-0.4,-4.0,0.6,1.1,0.9,2.5,1.3,1.7,0.4,-1.0,0.1,-3.7,-2.0,-2.9,6.5,-0.3,-1.1,0.7,-0.7,-8.2,11.2,-3.5,4.0,-5.1,-4.6,-5.5,-4.9,-2.3,-1.8,0.8,-2.6,-1.8,-1.9,1.2,0.5,0.5,-0.2,-1.3,-0.3,-0.0,3.9,2.2,5.4,2.5,-0.1,-0.0,0.3,-0.7,0.9,0.6,1.5,1.4,-0.5,-2.2,-10.1,9.6,10.9,-0.5,1.3,1.8,-1.4,0.2,-0.8,-1.7,-0.2,-1.3,-1.5,-1.2,-0.9,-2.0,-1.8,-1.1,-2.5,-0.1,-0.5,0.2,0.3,-0.9,-0.3,0.2,-1.7,-0.6,-1.8,-3.4,-2.9,-3.2,-0.8,-2.3,-1.2,-0.0,0.5,0.2,-1.3,-2.5,-3.3,-5.5,-3.1,-4.5,-3.8,-5.3,-3.7,-3.7,-1.9,-3.4,-3.8,-3.2,-4.6,-5.1,-13.8,-4.5,-4.5,-4.7,3.5,-3.6,-2.2,-2.4,-2.5,-1.1,-1.3,-2.9,-3.4,-3.9,-3.9,-1.8,-0.9,-0.5,-4.1,-4.8,-2.7,-2.5,-1.1,-1.7,-3.5,-6.7,-5.0,-5.2,-5.5,-4.3,-8.4,-4.6,-2.1,-2.6,5.5,-3.9,-0.9,-2.7,-2.3,-5.0,-4.6,-4.8,-5.4,-4.3,-5.1,-9.0,-7.3,-10.7,-8.3,-4.9,-3.8,-2.5,-2.0,-3.6,-3.6,-2.7,-4.6,-5.6,-3.9,-9.1,-8.2,-7.0,-8.3,-8.0,-6.7,-7.7,-5.3,-7.7,-7.7,-4.9,-7.2,-4.4,-6.8,-7.7,-9.5,-7.8,-11.7,-7.4,-8.1,-4.6,-7.0,-6.3,-6.2,-4.8,-7.5,-6.9,-5.8,-5.5,-8.0,-7.8,-8.2,-5.3
2C7L517KDk,0,48.102897,11.625166,4442087.11,2777924.71,551.0,596.7,252,7292,3.4,0.74,0.51,32.64,348.96,-0.529,-0.103,0.842,-1.0,0.2,0.13,0.26,0.6,0.2,-0.3,-1.0,-3.9,-1.1,-3.6,-0.9,2.3,-1.9,1.1,-1.5,2.4,0.6,2.8,1.6,-0.5,0.1,2.4,-2.2,-0.6,-1.8,0.3,0.1,-1.6,-0.0,-2.5,1.6,-2.5,-1.5,4.4,-3.3,-3.9,-11.8,-5.4,-4.7,-7.4,-3.4,-4.8,-2.0,0.1,-1.9,2.4,-0.1,0.2,0.7,-4.7,0.7,-5.4,-1.1,0.5,-3.7,-0.8,-2.6,-0.9,-2.1,-1.5,0.7,-5.0,0.7,-0.3,-0.6,-2.6,-4.6,-0.7,-5.6,-6.6,-13.0,0.6,-3.3,-4.3,-4.3,-3.1,1.3,-4.6,-3.9,0.5,-3.8,-1.9,-1.7,-2.3,0.9,-3.8,-2.6,-2.8,-5.3,1.7,-2.3,1.7,-5.3,-4.9,-2.0,-4.3,-4.4,-5.0,-4.5,-3.4,-9.8,0.0,-2.9,-2.5,-4.5,1.0,-1.0,-2.5,-2.1,-1.7,-3.9,-4.7,-7.5,-4.0,-8.9,-5.5,-7.6,-7.7,-3.8,5.0,0.8,-0.9,-3.8,-6.5,-6.0,0.1,-6.1,-3.3,-6.9,-2.3,-2.5,-3.1,-5.6,-4.1,-3.3,-3.9,-3.8,-7.7,-6.1,-3.3,-4.1,-5.5,-2.5,-9.2,-1.7,-4.2,0.8,-5.6,-6.3,-9.4,-2.2,-3.7,-4.8,-7.4,-6.5,-9.3,-4.9,-4.8,-8.0,-9.5,-5.8,-4.2,-3.5,-5.2,-3.5,-5.2,-6.0,-4.5,-4.2,-8.4,-6.5,-1.1,0.9,-6.4,1.8,-2.8,-2.7,-2.8,-10.1,1.2,-1.5,-5.1,-5.2,-3.9,-8.2,-3.0,-4.0,-2.1,2.0,-1.3,-0.5,-3.4,-3.3,0.1,-0.8,1.1,-8.6,-4.4,2.0,-5.2,-4.2,1.3,6.9,-14.4,-13.1,-15.1,-13.7,-14.4,-11.2,-12.8,-9.6,1.6,-12.9,-14.6
2C7L517KEc,0,48.103285,11.628183,4442310.91,2777972.72,549.0,594.7,252,7346,1.9,0.9,0.33,32.65,348.96,-0.53,-0.103,0.842,-0.5,0.1,-0.27,0.14,0.7,0.1,-0.3,-1.1,3.2,1.3,0.2,-0.1,-2.8,-0.2,-2.5,2.3,-1.8,1.3,-2.5,2.9,0.5,2.6,2.4,2.2,0.7,0.8,0.9,-0.1,-0.2,-1.2,2.7,3.5,1.2,5.3,1.7,-0.4,1.1,-4.8,-2.0,-1.1,-2.2,-1.2,2.1,3.3,3.2,3.2,0.8,2.0,2.7,2.9,3.3,2.9,3.5,-3.4,1.6,2.9,1.3,1.2,1.1,1.2,0.4,0.1,1.4,1.1,1.1,1.2,1.8,-0.0,1.1,-2.2,1.1,-4.3,-2.8,-0.0,1.5,-0.4,0.5,-1.1,0.6,-1.3,-0.8,1.4,1.2,1.1,-0.3,0.4,1.2,-0.6,1.1,1.3,0.7,2.0,1.8,1.9,-0.5,2.0,2.6,1.5,-0.5,0.7,3.1,1.7,2.7,-0.3,3.5,2.4,1.4,-0.7,2.8,2.6,3.2,2.6,3.2,3.5,2.1,-0.0,-0.0,-0.5,0.0,-0.5,-0.6,-0.5,1.3,-1.9,-0.9,2.8,0.1,-2.4,2.4,-4.7,-0.9,1.3,1.8,-1.8,0.9,1.7,-0.2,0.6,0.9,0.6,2.6,1.3,0.6,0.9,-1.5,3.0,0.9,-6.1,1.0,-2.3,1.6,-1.2,0.6,-2.9,-1.6,-2.4,-0.1,-0.1,1.6,2.3,1.2,1.5,-0.8,-1.5,-0.8,2.3,2.0,0.2,0.4,3.0,-6.2,0.5,1.0,2.4,-0.3,1.8,2.3,0.8,-2.0,-3.2,-5.8,0.2,-3.2,-1.4,-1.9,-4.8,1.5,0.7,0.1,-0.3,-1.4,1.0,1.1,-1.8,0.1,0.2,-1.3,-3.0,-7.4,1.3,2.8,-0.6,1.2,0.4,0.2,-3.2,-0.7,-4.1,-1.8,-0.9,-1.3,-2.7,-3.1,-0.9,-1.2
2C7L517KEe,0,48.103296,11.62827,4442317.39,2777974.11,547.1,592.8,252,7348,1.8,0.91,0.28,32.65,348.96,-0.53,-0.103,0.842,0.2,0.1,0.66,0.13,0.6,0.1,-0.3,-1.9,-0.1,-4.0,-0.9,-2.0,-2.1,-1.1,-1.2,1.1,2.0,1.4,0.6,0.8,-1.1,-0.0,-1.7,-2.1,-2.8,-1.8,-1.6,-1.9,-2.8,1.2,0.3,2.3,-0.3,1.3,1.1,-0.6,-1.5,-6.3,-5.3,-4.4,-3.0,-2.1,-0.4,1.2,1.0,1.4,0.7,1.2,1.6,0.4,0.6,-0.0,-0.3,-0.5,0.4,-1.3,0.1,0.0,-0.4,-1.2,0.5,0.1,0.2,-0.4,-1.0,-0.9,-2.8,-3.1,-2.4,-2.2,-2.7,-2.4,-2.5,-2.7,-2.8,-3.8,-3.2,-0.7,-0.6,-1.3,-0.9,-1.6,-1.4,-0.6,-1.6,-1.8,-3.4,-2.2,-3.3,-1.7,-2.1,-2.4,-1.9,-0.2,-2.5,-0.2,0.1,-0.2,-1.6,-1.8,-1.2,-3.9,0.3,-0.3,1.1,0.2,0.5,0.3,0.9,-0.6,0.2,-1.1,-1.6,-2.1,-1.4,-1.8,-3.4,-3.2,-0.4,-2.1,-2.1,-1.2,-0.1,-1.4,0.6,0.1,-1.4,-0.4,-0.0,-0.1,-2.3,-0.9,-3.0,-1.6,-2.3,-1.8,-6.1,-1.2,-1.1,-1.6,-2.5,-3.8,-4.0,-2.8,-7.1,1.3,-1.3,1.9,-2.2,-2.4,-2.3,-2.3,-0.7,2.2,-0.4,-3.8,-1.5,-2.9,-1.2,0.4,-1.2,-0.8,-2.4,-4.9,-4.1,-0.7,-3.8,-5.1,-6.5,-2.6,-5.1,-3.2,2.4,0.2,-0.1,1.5,1.1,1.1,1.4,-4.0,-0.4,0.7,1.5,-0.4,1.1,3.5,1.6,1.4,3.0,5.0,-0.4,1.8,1.4,0.3,2.1,1.6,-2.0,-3.4,-1.5,-1.3,1.0,0.8,-0.9,0.9,0.6,1.5,1.1,-0.4,-0.5,2.6,0.6,2.8,-0.4,0.2,0.3
2C7L517KF4,0,48.103466,11.629595,4442415.64,2777995.2,540.1,585.8,252,7374,2.5,0.8,0.44,32.66,348.96,-0.53,-0.103,0.842,-0.8,0.1,-0.77,0.19,2.1,0.2,-0.3,0.1,0.4,0.7,0.7,-0.0,2.0,0.3,-1.9,0.8,2.7,1.0,-1.4,-3.3,-2.7,0.5,-1.2,2.2,0.1,1.1,-4.7,-3.7,-5.1,-5.7,-5.8,-4.3,4.3,-0.8,1.6,-3.4,-4.5,-1.9,-2.8,-4.0,-3.9,-7.5,-5.1,-3.8,-2.4,-5.3,-5.6,-5.5,-3.3,-5.5,-0.1,-3.9,-4.2,-0.7,-0.1,0.6,-1.0,1.6,0.2,1.6,3.3,1.7,3.6,0.5,4.9,0.8,2.6,-2.4,1.5,2.6,-3.7,-1.4,5.4,2.5,2.3,-1.2,0.4,-4.8,-1.5,-1.6,1.5,1.0,1.2,1.1,1.7,-0.7,-0.7,-2.2,-1.1,-4.0,-2.5,-4.7,-1.0,-1.2,-1.1,-0.5,-0.5,-4.0,-3.1,-5.2,2.6,-4.3,-1.4,-1.5,-0.0,-0.6,-2.7,-7.4,0.6,-1.1,-1.1,0.5,0.2,-2.2,2.0,-1.1,-1.4,-1.6,-0.1,-1.9,0.3,-0.9,-1.6,0.3,-0.3,2.3,0.2,3.4,0.6,-2.3,-2.7,2.2,1.3,-1.0,1.5,-0.7,-5.0,-9.8,-1.8,-2.2,0.6,-2.6,-1.9,-3.5,-6.3,-0.8,1.0,-6.2,-5.0,-1.6,-0.1,1.8,-2.0,2.0,0.6,-0.5,3.5,-0.3,0.2,-5.0,-1.6,-0.5,-3.4,-1.4,-2.3,-3.9,-3.9,-3.0,-7.4,-4.5,-7.5,-4.7,3.0,-4.4,-2.3,-3.4,0.7,-5.0,-6.7,-6.5,0.7,-2.1,-2.4,-0.5,-1.7,-3.9,-3.5,-10.0,-2.9,-5.9,-3.0,-8.1,1.2,-1.9,-1.5,-9.4,-0.9,-14.3,-12.2,-8.8,-6.8,-5.6,-9.3,-5.4,-7.8,-4.3,-8.0,-6.6,-3.7,-2.7,-2.4,-0.6,-1.9,-3.3,-0.5
2C7L517KFH,0,48.103568,11.63039,4442474.64,2778007.85,542.5,588.2,252,7387,1.5,0.94,0.29,32.66,348.96,-0.53,-0.103,0.842,-0.8,0.1,-0.06,0.11,0.3,0.1,-0.3,0.0,-0.3,0.4,0.5,-0.4,-2.2,-0.4,0.0,0.9,3.6,0.8,-0.4,-0.7,1.4,1.7,1.2,-0.1,0.2,0.2,-0.9,-1.5,-1.6,-0.9,-0.9,-1.3,-1.1,-2.0,-1.3,0.1,-4.0,-6.7,-7.0,-4.4,-5.7,-3.6,-1.4,-0.4,1.3,1.5,0.8,0.4,-0.7,0.4,1.5,-0.4,-0.6,-4.0,-2.5,-2.0,-2.5,-0.8,0.4,-0.1,-1.0,-1.0,-1.0,0.9,0.4,-0.8,0.4,-0.4,-1.8,-1.0,-1.1,-4.1,-3.3,-1.7,-2.0,-2.2,-3.2,-3.8,-2.5,-1.9,-2.1,-2.2,-2.5,-2.2,-3.1,-1.3,-2.8,-1.1,-2.3,-1.1,-1.9,-0.6,-1.9,-2.4,-1.3,-0.6,-3.3,-0.9,-2.8,-3.9,-0.9,-1.2,-0.3,1.5,-2.7,2.1,-3.6,-1.8,-2.2,-0.8,-2.9,-1.9,-2.0,-2.9,-1.7,-2.2,-1.0,-0.9,-1.5,-1.2,-1.1,-0.3,-2.0,-1.8,-1.8,-2.0,-2.3,-3.0,-1.4,-1.2,-1.7,-0.6,-0.3,-1.5,-0.7,-1.5,-3.6,-0.9,-1.2,-0.1,-1.6,-2.9,-4.4,-2.7,-5.1,-1.8,0.2,-2.6,-2.8,-4.2,-4.8,-2.7,-3.3,-3.9,-3.2,-4.0,-3.1,-3.7,-2.6,-2.6,-2.6,-2.1,-1.8,-3.8,-2.2,-3.0,-3.9,-6.0,-3.6,-3.4,-3.7,-7.0,-0.6,-3.9,-4.9,-2.0,-1.2,-2.6,-4.2,-5.6,-4.5,-3.3,-2.8,-3.1,-3.3,-2.6,-4.1,-4.3,-3.7,-2.9,-3.5,-2.8,-2.8,-3.5,-3.8,-4.8,-6.7,-7.5,-3.5,-3.1,-1.9,-4.4,-3.4,-2.0,-5.4,-6.2,-6.1,-3.7,-5.3,-5.8,-4.1,-0.7,-5.8,-6.2,-5.3
2C7L517KFO,0,48.10362,11.630794,4442504.58,2778014.27,541.2,586.9,252,7394,1.2,0.96,0.2,32.66,348.96,-0.53,-0.103,0.842,-0.5,0.1,-0.09,0.09,0.3,0.1,-0.3,-0.1,0.5,0.8,0.7,0.3,0.2,0.9,1.3,1.0,0.9,1.5,0.2,1.0,-0.0,0.2,-0.3,-0.9,-1.9,-0.5,-1.5,-1.5,-2.8,-1.4,-0.4,-0.8,-0.8,-0.6,-1.1,-0.9,-1.7,-4.5,-4.9,-4.3,-4.6,-1.3,-3.2,-1.0,0.1,-0.4,-2.2,-0.3,-0.8,-1.5,-1.1,-1.3,-1.4,-2.4,-1.6,-1.7,-1.1,-1.9,-1.1,-1.6,-1.3,-1.7,-2.0,-1.2,-0.9,-0.1,-1.2,-1.4,-1.5,-3.4,-1.0,0.5,-1.5,-2.1,1.1,-1.8,-1.7,-1.9,-2.5,-0.5,-0.8,-1.8,-1.2,-1.6,-1.7,-0.5,-0.5,-2.1,-0.8,-1.3,-1.4,-0.7,-0.3,-1.8,-0.3,-2.0,-1.3,-1.6,-1.7,-1.9,-1.7,-1.0,-0.9,-0.6,0.4,0.8,-0.8,-1.3,-1.4,-0.7,-0.2,-0.6,-1.1,-1.9,-0.2,-1.2,-0.2,-2.2,-1.3,-1.9,-1.0,-1.3,-1.6,-1.0,-0.5,-2.1,-1.6,-0.5,-1.2,-1.8,-2.2,-1.6,-1.3,-1.7,-1.3,0.1,-4.2,-2.3,-1.8,-1.6,-1.0,-2.9,-4.0,-2.3,-4.9,-0.8,2.0,-0.5,-1.5,-2.6,-3.0,-1.7,-2.0,1.8,-1.9,-1.4,-1.3,-1.1,-1.5,-2.0,-1.7,-2.4,-1.7,-1.1,-2.2,-0.4,-1.4,-1.9,-3.5,-1.5,-3.8,-3.5,-0.4,-1.2,-3.5,-0.3,-1.2,-1.0,-2.3,-4.0,-2.1,-3.5,-3.9,-3.5,-2.0,2.6,-2.6,-3.2,-2.3,-3.6,-3.7,-3.4,-4.3,-3.9,-0.7,-3.5,-4.5,-5.2,-2.4,-3.0,-1.3,-0.7,-3.8,-3.2,-2.9,-3.5,-2.1,-4.0,-2.9,-2.9,-3.2,-2.1,-2.9,-3.1,-3.3
2C7L517KFV,0,48.103649,11.631015,4442521.01,2778017.81,532.9,578.6,252,7401,4.6,0.57,0.48,32.67,348.96,-0.53,-0.103,0.842,-0.5,0.2,0.13,0.35,2.2,0.3,-0.3,-0.2,1.1,6.0,-2.4,-3.1,-1.0,-4.8,0.1,-1.3,-4.4,2.3,0.7,0.5,2.4,4.2,-0.2,-0.0,-2.4,-14.3,1.6,-4.1,-1.7,-6.0,-11.4,-11.2,-0.1,-13.4,-4.1,-6.4,-4.2,-19.2,-8.7,-14.5,-10.6,-10.3,-4.4,-6.7,-3.8,-6.3,-0.1,-6.5,-4.7,-6.8,-2.5,-7.4,-8.3,-4.7,-0.3,3.4,2.8,-2.5,-1.7,2.2,-19.0,-13.8,6.1,-3.6,-3.1,-4.5,-8.8,1.6,-8.0,-2.3,-14.6,-3.6,0.8,-0.1,-5.6,-3.7,-9.1,-14.1,-15.9,-13.6,-18.7,-15.8,-5.6,-4.7,-6.7,-6.1,-2.4,-3.6,-6.3,-0.9,2.8,-2.7,-7.8,-6.6,-10.0,-8.7,-1.2,-14.8,-5.7,-6.8,-10.3,-5.7,-7.3,3.0,-6.4,-2.2,-7.9,-4.5,-10.0,-6.1,-0.1,-6.1,-5.8,0.5,-13.4,-0.4,0.8,-3.7,-6.3,3.9,2.5,1.9,-2.0,1.3,5.2,-3.3,-0.8,-2.0,-2.3,-8.2,-7.1,-4.6,-5.3,-2.0,-14.1,-2.7,-6.1,-5.3,-9.8,-9.1,-5.1,-5.5,-9.2,-7.8,-8.8,-8.5,-11.9,-3.6,-4.1,-6.0,-7.2,-2.6,-3.0,1.1,-4.2,-5.1,-5.4,-4.0,-7.1,-3.5,-7.2,-3.1,-5.3,-2.4,-6.4,-5.4,-2.3,-6.0,-6.6,-6.1,-12.4,-8.0,-5.1,-4.5,-3.3,-7.1,-6.9,-5.5,-7.2,-8.2,-1.2,-7.2,-0.5,-12.6,0.1,-5.8,-0.9,-0.5,0.6,-0.0,-2.2,-4.1,-5.9,-11.1,-9.3,-6.9,-6.5,-6.9,-3.5,-7.5,-10.2,-7.8,-7.5,-6.8,-0.6,-3.8,-18.8,-16.7,-17.0,-4.7,0.4,-1.4,-8.8,-1.1,-7.1
2C7L517KHY,0,48.104608,11.638489,4443075.49,2778136.73,545.3,590.9,252,7528,1.7,0.9,0.2,32.7,348.96,-0.53,-0.103,0.842,-0.3,0.1,-0.14,0.13,2.0,0.1,-0.3,0.7,1.4,0.8,-0.5,-0.0,0.4,1.1,0.3,0.2,-2.9,0.6,1.9,1.6,0.3,2.7,2.6,2.6,1.8,0.9,-0.0,0.3,1.1,2.2,3.1,3.2,3.6,1.9,2.1,5.0,1.2,9.4,0.5,0.3,-0.3,1.3,3.4,3.2,4.9,3.5,3.8,3.1,3.6,3.9,3.1,2.7,0.5,1.2,0.1,2.5,1.8,2.0,1.8,0.5,1.7,1.0,0.3,0.6,-1.0,-0.5,1.7,0.2,0.5,-5.3,0.1,0.2,-0.2,-1.6,-1.4,0.0,0.9,-0.5,1.3,-0.1,0.5,0.9,0.4,1.6,-0.1,-0.7,0.9,-0.4,1.6,2.1,1.5,2.4,4.6,2.4,3.6,3.6,4.0,2.0,0.9,0.6,0.9,3.5,1.8,4.4,5.5,4.8,3.8,2.9,1.9,3.4,3.7,3.0,2.3,3.1,0.1,-0.4,0.9,2.1,0.6,0.0,1.2,0.2,0.1,-0.3,-0.2,2.2,-0.2,1.1,0.6,1.2,0.2,0.3,1.5,1.9,2.5,1.1,2.4,4.3,4.4,4.8,4.4,3.1,1.9,2.9,5.3,5.0,4.7,1.8,0.1,0.7,0.1,0.8,-1.3,-6.1,0.3,1.0,-0.7,-1.7,0.1,1.0,-1.0,-0.1,-0.2,0.5,0.4,2.7,0.7,0.3,-0.9,0.7,-0.4,1.8,5.5,4.3,3.9,4.6,2.7,3.0,0.5,-0.4,0.2,-0.2,-2.5,-0.4,0.0,-14.8,-0.3,0.5,-0.7,0.5,-0.4,-0.2,1.4,-0.3,2.4,2.4,-0.2,-1.8,0.5,3.7,2.3,5.7,4.5,3.0,2.3,3.1,2.0,-1.3,-0.5,-0.2,-0.4,-1.2,-1.7,-2.5,-2.1
2C7L517KHc,0,48.104616,11.63855,4443080.02,2778137.72,536.2,581.9,252,7532,2.0,0.9,0.31,32.7,348.96,-0.53,-0.103,0.842,-0.8,0.1,0.18,0.16,0.6,0.1,-0.3,0.8,0.6,-0.2,-0.9,-1.2,0.3,-0.7,-1.2,-0.4,1.3,-0.2,0.7,-0.5,-1.0,-0.2,0.4,-0.2,0.3,-1.1,-2.4,-3.6,-4.1,-1.5,-0.7,-0.3,1.6,1.4,2.0,1.0,0.9,7.6,-1.9,0.6,-0.7,0.2,2.7,2.6,3.2,2.4,2.4,0.5,-0.1,3.5,1.8,2.7,2.4,1.9,0.7,0.7,0.9,1.8,1.0,-0.1,0.7,0.8,1.1,1.8,-0.3,-0.5,-0.2,0.9,0.5,0.5,0.2,-2.6,-0.9,-0.4,3.3,-0.5,0.3,0.9,-0.6,-0.5,-0.5,-1.8,-0.3,0.2,-0.3,-0.2,-0.5,-0.6,-0.3,-0.8,1.6,-0.9,1.4,-0.5,0.6,1.4,1.7,1.1,-1.2,-2.2,-2.8,-1.7,-3.4,0.7,-0.2,0.5,-0.9,-2.8,-2.7,1.2,0.5,-2.6,-2.2,-1.1,-1.5,-3.0,-1.5,-1.1,-1.7,-0.7,-1.5,-1.3,-1.2,-1.9,-1.1,-1.7,-2.1,-0.1,-1.8,-0.2,-1.5,-1.2,0.9,-1.2,-2.4,-3.4,-2.1,1.4,1.1,5.1,6.2,-0.2,-0.6,-1.3,-1.1,1.3,-1.0,2.6,-3.4,-3.8,-4.9,-8.1,-5.7,-3.1,-6.4,-4.4,-1.0,-3.6,-4.3,-2.2,-2.3,-4.5,-5.8,-5.9,-6.0,-3.4,-2.1,-3.1,-8.5,-3.1,-6.6,-3.4,-0.8,-0.3,-1.7,1.5,-0.7,-2.0,-3.9,0.6,-1.0,-1.4,-2.2,-1.5,-1.3,0.9,-2.7,-1.5,-2.5,-0.9,-2.4,-2.6,-2.8,-1.0,-0.7,-1.1,-3.9,-3.7,-1.8,-3.2,-1.9,0.6,-0.5,-3.1,-6.2,-0.3,-2.8,-5.1,-8.9,-6.9,4.9,-3.0,-3.9,-3.0,-3.0
2C7L517KDV,0,48.102767,11.624009,4442001.18,2777908.37,536.5,582.2,252,7277,4.3,0.57,0.61,32.63,348.96,-0.529,-0.103,0.842,3.5,0.2,1.57,0.34,1.9,0.3,-0.3,-3.5,-3.6,-0.7,-3.5,-3.7,-2.2,-1.3,-3.0,-2.1,-1.4,-1.3,-1.4,-2.4,-2.5,-1.7,-3.0,-4.6,-2.7,-3.1,-4.8,-4.1,-2.6,-2.0,-3.9,-3.4,-2.9,-0.3,-1.9,-2.7,-4.9,-16.9,-7.7,-7.4,-5.7,-4.6,-4.7,-2.7,-3.2,-0.5,-3.5,-2.7,-1.3,-1.2,-2.5,-5.5,-3.5,-4.5,-4.3,-5.3,-2.2,-2.0,-3.6,-1.9,-1.9,-5.3,-3.1,-4.6,-3.2,-3.5,-3.9,-3.2,-6.1,-0.4,-5.6,-7.8,-3.5,-3.9,-4.3,-3.6,-2.0,-3.2,-3.3,-1.9,-3.9,-5.9,-4.0,-3.0,-2.6,-4.1,-3.6,-5.1,-5.7,-4.1,-4.0,-3.0,-3.7,-3.9,-6.1,-6.0,-9.1,-4.2,-4.7,-7.8,-3.6,-6.0,-2.4,-3.8,-4.1,-5.5,-2.7,-4.7,-5.5,-3.8,-2.7,-5.0,-2.6,-3.9,-4.2,-3.9,-2.7,-2.7,0.3,-2.8,-3.4,-2.2,-3.5,-5.1,-4.0,-3.5,-2.8,-4.7,-3.3,-3.0,-4.5,-4.7,-3.3,-2.7,-4.2,-7.2,-4.1,-5.3,-2.7,-6.7,-3.4,-5.7,-7.3,-2.7,-2.1,3.3,-2.5,-1.4,8.3,8.6,10.7,15.2,9.7,11.1,17.6,19.4,8.5,8.7,3.7,9.0,6.1,3.2,2.3,16.3,4.5,6.3,14.6,7.0,10.4,11.0,12.0,-1.5,2.7,-7.3,7.2,7.7,6.9,0.2,5.1,7.3,-7.6,16.4,-2.7,-1.8,14.2,6.0,7.0,16.1,15.2,12.5,7.3,14.2,13.8,5.9,16.1,10.9,-5.7,6.7,3.4,6.3,4.9,4.1,7.7,6.8,11.0,6.0,13.7,14.0,10.2,-2.5,6.1,23.5,19.5,22.0,15.1
2C7L517KE3,0,48.103023,11.625996,4442148.62,2777939.99,539.0,584.7,252,7311,4.2,0.66,0.43,32.64,348.96,-0.529,-0.103,0.842,-0.8,0.2,0.64,0.32,0.7,0.3,-0.3,0.3,3.6,-2.0,3.7,2.9,-0.8,-1.4,-2.9,-0.7,1.9,-1.1,-2.0,-0.9,-0.1,-4.1,0.4,-6.6,-2.5,-2.5,-4.9,-7.1,-5.9,-7.1,-6.0,-4.2,-1.7,-3.1,6.6,-2.6,-7.6,-8.1,-0.7,-3.1,-2.3,-5.2,-6.9,1.6,-4.0,4.7,-6.6,-2.0,-1.9,-7.4,3.8,-1.3,-0.8,-5.3,-1.6,1.8,-0.9,2.9,-2.5,-1.8,-4.2,-16.3,-15.1,-18.6,-6.2,-7.6,-10.0,-6.4,-6.6,-7.4,-3.4,-5.7,-8.4,0.2,-9.8,-6.1,-7.1,-8.2,-7.3,-7.3,-8.6,-6.3,-4.9,-4.8,-5.2,-4.7,0.9,1.7,-4.4,-3.8,-5.0,-8.3,-10.2,-2.9,1.7,-1.3,-6.5,-6.1,-3.3,-6.0,-4.6,-5.5,-5.6,1.3,-2.9,-5.6,-3.1,-3.7,-8.9,-4.2,-3.8,-5.6,-3.8,-6.2,-4.4,-5.9,-2.7,-4.7,-2.8,-3.9,-3.4,-2.2,-2.0,-5.6,-3.0,-6.8,-0.4,0.0,-0.2,-14.9,-6.3,-6.6,-9.4,-0.8,-6.8,-8.7,-9.9,-3.4,-1.8,-4.8,-6.0,-10.6,-8.2,-3.1,-8.8,-5.2,6.4,-8.5,-10.3,-7.5,-9.7,-19.4,-6.6,-1.5,-3.5,-3.3,-3.4,-7.8,-4.9,-9.0,-6.6,-4.8,-4.1,-1.2,-2.8,-10.2,-4.6,-5.2,-1.6,-1.9,-9.2,-7.7,3.3,-11.7,-11.2,-2.3,-5.6,-4.9,-4.5,-8.8,-0.1,0.3,-2.9,-1.2,2.1,-11.1,-1.1,0.2,0.9,0.3,-3.4,-8.3,-16.4,-3.9,-6.1,-17.8,-3.1,-22.0,-5.5,-10.1,-10.0,-5.4,-4.2,-10.7,-10.3,-8.6,-7.1,-5.5,-7.3,-5.7,-3.8,4.2,-7.6,-0.8,-9.2
2C7L517KED,0,48.103085,11.626482,4442184.66,2777947.73,536.1,581.8,252,7321,2.3,0.87,0.33,32.64,348.96,-0.529,-0.103,0.842,-0.5,0.1,-0.4,0.18,0.3,0.2,-0.3,0.4,0.5,-0.1,-0.6,0.6,1.9,2.4,1.3,1.0,5.6,0.1,1.5,1.1,0.1,0.3,1.3,0.6,-1.9,0.3,-3.1,1.7,-0.6,-6.5,-0.1,2.2,1.8,1.9,3.4,-4.1,-4.3,-6.7,-6.8,0.2,-3.9,-4.0,-0.9,-0.7,-1.8,1.3,2.4,3.8,3.6,-0.1,1.3,1.9,0.0,1.1,-0.0,3.5,0.9,3.8,-1.2,-1.0,0.7,-1.5,-3.0,0.3,-1.5,-0.4,-2.8,-0.7,-1.3,2.8,-0.9,-3.3,-0.8,-1.7,-0.5,-2.8,-1.9,-0.1,3.2,-1.3,-0.7,1.6,1.3,2.4,1.0,1.1,3.8,1.4,1.3,2.5,4.6,2.3,-0.2,-0.1,-5.1,-1.1,5.4,-0.2,0.8,-3.4,3.9,-3.6,3.6,1.5,1.8,-2.3,3.4,0.3,1.7,-0.6,0.9,2.6,2.0,2.6,-1.6,0.2,0.8,-0.6,-1.5,-1.9,3.4,2.1,0.4,-1.2,-0.4,-0.4,-1.5,1.1,0.2,-2.3,-2.2,-2.8,-0.2,-0.2,2.8,2.5,-0.5,-1.9,0.1,0.4,-0.0,0.1,-0.3,-4.5,-11.3,4.5,2.7,-2.3,0.3,-1.7,0.8,0.3,-0.4,1.4,0.1,-1.3,0.5,-2.0,-2.9,-2.1,-0.0,2.0,-0.4,0.5,-0.4,0.3,-1.3,-2.2,3.5,-0.3,-5.6,-3.8,0.3,-2.4,-7.5,2.2,1.3,-1.1,-4.5,-4.5,-1.4,-2.2,-0.1,-1.3,-1.4,-1.5,-1.6,-1.1,-2.2,-0.1,-2.0,-1.4,-1.8,-2.3,0.5,-0.8,-5.1,-4.5,-3.9,-0.9,-2.8,-3.5,-2.0,-3.4,-4.5,-4.6,-1.8,-2.8,-2.9,-2.6,-1.9,-0.4,-1.7,-1.8,-0.6
2C7L517KEJ,0,48.103141,11.626919,4442217.06,2777954.67,540.4,586.1,252,7327,4.3,0.63,0.45,32.65,348.96,-0.529,-0.103,0.842,0.3,0.2,-0.23,0.33,1.0,0.3,-0.3,-5.6,-2.0,3.6,-0.9,-2.4,2.1,1.6,3.8,4.7,6.2,4.9,0.9,0.7,0.5,0.3,-3.3,-4.0,-2.8,-1.9,-2.8,0.1,1.8,3.5,-10.0,-9.9,13.5,-5.9,3.9,10.9,0.1,-7.6,-9.8,4.1,4.2,7.9,0.3,5.8,-0.9,-7.0,5.9,9.9,5.9,-3.4,-2.8,-1.6,-2.6,3.5,1.1,2.3,2.5,6.5,4.0,1.6,4.9,3.0,2.1,4.8,5.4,3.0,1.7,2.9,6.4,-3.5,4.8,6.1,1.9,2.7,1.1,4.6,5.1,6.1,-1.2,0.8,1.2,3.3,5.5,-3.9,-2.0,-1.6,-2.8,-2.2,-3.4,-2.7,-1.8,-1.6,10.4,1.5,0.2,1.1,-5.6,3.4,1.7,3.1,0.9,-0.2,17.5,1.7,7.1,5.8,6.9,-1.9,2.4,0.7,4.1,14.5,-6.4,1.7,2.6,6.5,7.8,-2.6,1.1,0.3,4.9,4.9,6.3,-6.3,3.4,-0.1,5.2,6.7,7.1,3.1,2.7,3.4,3.0,4.6,2.4,2.7,0.9,-1.0,4.6,0.5,3.8,-3.8,2.1,4.4,-4.3,7.3,6.4,10.9,0.7,-0.0,3.3,3.0,3.5,4.3,2.0,1.1,0.5,-0.5,4.6,5.5,1.1,3.4,-0.1,0.8,1.7,10.8,0.7,-3.8,1.4,3.6,-0.2,2.2,8.7,1.5,0.0,-2.0,12.1,5.3,0.5,-8.1,-2.4,-1.9,9.3,-1.5,-1.8,-7.5,-1.4,0.0,0.7,-0.4,0.5,-1.1,4.2,-2.3,5.7,-2.0,-1.7,1.0,-1.1,3.5,5.3,5.4,6.6,2.7,12.4,1.2,1.5,2.4,2.9,16.7,8.4,4.4,1.2,5.1,2.5
2C7L517KEP,0,48.103166,11.62711,4442231.25,2777957.73,533.1,578.8,252,7333,4.0,0.64,0.44,32.65,348.96,-0.529,-0.103,0.842,-1.1,0.2,-1.64,0.31,0.7,0.3,-0.3,-1.4,-6.8,2.3,4.4,-1.4,3.6,2.1,1.2,2.4,4.9,1.5,2.4,-1.5,2.0,-0.2,2.0,2.0,1.0,-0.6,-2.2,2.2,5.8,1.9,0.7,-0.7,5.9,5.3,5.6,-1.7,2.3,11.3,2.7,2.9,0.1,5.6,2.1,1.0,1.9,3.9,5.6,6.8,-6.0,2.0,8.0,-0.4,-0.1,-1.0,2.4,-7.8,-3.5,10.6,0.8,1.9,1.3,-1.4,-3.0,-2.8,4.7,3.5,4.3,2.3,3.2,-0.7,3.5,7.6,-1.5,3.2,5.1,1.2,3.4,5.9,0.8,5.0,-0.6,-0.6,0.9,3.3,-1.7,3.2,5.7,6.0,4.3,5.8,3.8,6.8,3.3,1.1,-2.5,2.8,6.2,1.8,6.8,-0.4,0.7,3.1,8.8,6.0,1.7,4.8,5.2,1.2,6.4,3.8,5.6,2.4,0.5,7.9,-4.9,6.7,4.1,5.0,5.1,3.9,5.2,4.1,4.7,0.7,9.4,7.4,2.6,5.2,3.8,5.9,6.7,5.7,7.5,7.4,2.8,7.2,1.6,0.4,4.8,5.1,-1.6,-3.5,1.4,3.8,-0.6,2.9,6.2,4.0,0.7,6.0,11.8,2.0,1.8,3.6,-11.6,-13.6,-0.2,2.8,-0.5,0.1,2.8,3.7,1.1,-0.6,-3.8,3.9,-1.4,0.4,1.0,-3.6,-2.1,-3.0,8.9,6.0,-1.3,12.7,4.9,3.4,1.6,10.4,-4.1,1.7,-5.2,-12.5,-10.8,-11.0,-0.4,1.2,0.6,-0.8,-5.0,1.8,-0.9,-4.3,1.9,-13.6,-8.4,-3.6,-5.0,-3.3,-2.4,-3.5,-5.8,7.7,-3.0,2.4,-6.2,-5.6,-2.4,-3.6,3.4,-1.2,-11.4,-8.9,-3.5
2C7L517KET,0,48.103187,11.627275,4442243.5,2777960.36,528.5,574.2,252,7337,4.1,0.69,0.49,32.65,348.96,-0.53,-0.103,0.842,-1.3,0.2,-0.87,0.31,0.5,0.3,-0.3,1.9,0.4,0.5,2.0,-1.8,-1.6,0.9,0.2,2.5,0.0,4.1,3.4,-1.0,-0.9,-1.8,-2.2,-5.3,-3.4,0.4,-2.4,-6.3,1.2,1.4,-2.9,-0.3,-0.4,5.6,1.3,4.4,-0.7,4.2,-1.7,-3.8,-1.8,-5.6,-2.9,0.2,-3.2,11.6,6.8,-1.2,2.5,-0.1,2.5,-1.4,0.1,-1.6,-2.2,-1.0,-3.0,16.2,1.5,2.6,3.4,-0.8,11.5,0.1,3.9,1.9,5.5,2.1,-0.1,1.3,1.6,1.8,0.1,1.3,-3.3,0.1,-3.9,0.4,-1.1,-0.8,-4.4,-0.6,-1.8,-0.2,-3.0,0.5,3.3,1.7,0.9,-1.0,-1.5,-5.4,-3.5,1.0,-4.0,0.1,6.3,-4.5,12.6,-1.1,1.6,1.6,3.2,15.1,4.4,0.2,0.8,-2.4,2.1,-1.4,-1.9,-1.9,-2.3,1.0,-4.8,2.2,-2.7,-2.7,1.1,-1.7,2.9,0.6,0.9,-3.2,3.5,2.6,-0.1,0.5,-0.1,0.5,-1.6,-4.4,-3.1,-0.4,-3.9,-3.0,-4.5,12.0,3.3,2.7,3.7,-7.3,-1.5,5.3,12.3,2.2,-5.7,-5.9,5.1,2.1,-12.0,-0.1,1.7,0.4,0.7,-0.4,1.4,-4.4,-4.6,-4.4,-2.0,-0.2,-3.0,-1.9,-0.9,1.1,-0.6,-4.8,1.4,-4.4,-1.7,-5.2,-0.1,-9.5,-6.2,-12.1,0.3,3.7,-0.2,-9.4,-0.5,-1.6,-8.8,-12.8,-12.9,0.1,-1.4,-1.2,-2.7,-3.8,-3.3,0.2,-1.7,-1.3,10.5,-14.7,-11.1,-1.9,-4.4,-6.0,-7.7,-8.5,-7.6,-9.0,-1.6,-5.5,-5.8,-1.3,-5.6,-4.3,-4.0,0.5,-9.3,-6.7,-6.8
2C7L517KEX,0,48.103299,11.628151,4442308.48,2777974.24,561.5,607.2,252,7341,4.5,0.6,0.47,32.65,348.96,-0.53,-0.103,0.842,-0.5,0.2,-0.75,0.34,0.8,0.3,-0.3,-4.4,-4.1,2.9,1.0,5.0,1.3,1.3,6.4,2.9,-3.3,4.1,5.5,1.8,-1.5,-1.7,-1.8,-4.5,-5.5,3.4,-4.9,-5.1,-0.2,-4.0,3.0,-6.7,13.8,6.8,5.5,-2.4,2.1,-12.4,-5.3,-3.4,-2.5,-6.1,9.9,-0.8,-1.6,-7.2,-6.7,7.1,-3.8,-6.9,10.4,-3.0,2.1,0.9,-4.9,0.8,-1.1,8.2,-1.7,5.7,-1.4,2.5,1.4,4.2,3.3,2.2,-3.3,4.0,1.0,2.0,1.8,3.0,2.7,2.2,-8.9,-4.4,-3.1,-6.1,-4.7,-2.5,-3.3,-1.5,-1.6,4.6,2.6,3.5,-7.5,-3.1,-2.9,-4.1,6.6,2.9,9.1,11.1,-4.9,-5.1,-0.1,-3.2,0.8,1.9,-0.8,-2.2,-0.2,4.9,10.2,-1.0,5.5,-0.6,-6.0,5.1,-3.4,-1.1,1.2,3.3,2.6,-0.8,9.2,4.6,1.4,7.0,2.1,2.6,3.3,13.8,1.3,0.6,1.1,4.5,6.1,3.7,1.6,6.6,-1.1,-1.0,-3.2,1.8,-1.7,-1.2,3.8,-1.9,-0.3,-7.5,-0.8,-7.1,2.2,6.2,-0.2,-5.2,-7.2,-2.2,-0.5,1.8,1.6,5.2,-7.5,-8.6,4.5,-1.3,6.0,4.9,-2.2,0.6,2.5,-2.2,-1.5,-1.8,-0.1,6.1,2.1,2.9,-6.1,1.6,0.4,0.4,-1.9,-1.3,-1.4,0.7,-4.3,-6.1,4.6,-3.3,1.2,-2.7,-0.2,-1.5,3.9,-11.1,-5.1,-2.0,-5.9,-8.4,-4.4,-0.9,-1.6,-1.6,-4.8,-10.8,15.4,-2.4,-2.5,-3.2,-2.2,0.3,-2.1,-1.6,2.3,-3.9,-8.1,-3.7,-2.3,-4.2,1.0,1.1,-1.0
2C7L517KHh,0,48.10469,11.638982,4443111.99,2778146.63,545.5,591.2,252,7537,1.9,0.91,0.42,32.7,348.96,-0.53,-0.103,0.842,0.5,0.1,0.02,0.15,0.7,0.1,-0.3,-1.2,-0.9,-1.6,-0.1,-1.2,0.5,0.5,-1.0,0.5,2.4,-0.6,1.4,-2.8,-0.7,-0.4,1.7,1.7,1.0,-0.3,-1.4,-2.8,-1.3,-1.3,2.2,-0.4,2.6,0.1,0.9,0.1,0.4,8.4,-1.7,-2.1,-1.4,-3.1,1.9,-0.6,-0.0,0.1,-1.8,1.5,1.2,1.0,3.7,-3.1,-0.7,-1.4,-3.3,-1.7,-1.6,-0.2,-1.0,-1.3,-0.9,-0.4,-0.4,0.0,0.3,0.6,-0.5,-0.3,0.2,-0.6,-1.1,-2.2,-1.0,-2.3,-3.9,-3.4,-2.4,0.1,-1.4,-0.9,-1.9,3.3,3.8,-0.4,-1.4,-1.4,3.6,-1.8,1.9,-1.6,-2.0,-0.1,2.1,-1.4,0.3,2.7,1.4,-1.1,-0.4,-4.0,0.5,-1.7,-2.7,2.0,2.7,3.7,-1.9,-2.5,3.4,-1.5,-0.3,3.0,0.6,0.9,0.4,2.0,0.2,-0.6,3.2,-0.5,0.2,-0.6,0.6,0.1,-0.1,1.1,-0.8,1.7,-0.1,-0.5,-0.4,0.1,1.2,2.0,0.0,0.6,1.4,0.8,-1.4,4.5,4.1,2.3,1.0,3.5,1.9,2.2,3.4,1.3,0.6,0.7,-0.2,0.2,-1.3,-1.0,-1.7,-0.1,-0.6,-2.1,-0.4,0.3,-0.1,0.0,0.8,-0.3,0.3,0.5,2.2,1.9,0.3,0.2,-0.4,1.4,5.1,6.2,4.8,4.9,4.5,3.9,3.6,4.0,4.7,4.8,0.7,2.1,3.6,0.3,2.7,1.3,1.5,-1.8,3.8,1.2,0.6,2.6,5.4,3.5,-1.7,0.4,-6.2,0.1,1.0,2.5,2.4,2.8,-0.3,2.2,0.9,0.2,2.1,2.8,2.2,1.9,0.9,2.3,0.1
2C7L517KCq,0,48.102488,11.621688,4441828.99,2777873.5,539.1,584.8,252,7236,2.2,0.88,0.29,32.59,348.92,-0.529,-0.104,0.843,-0.6,0.1,-0.06,0.17,1.1,0.1,-0.3,-0.4,-1.0,-0.1,-0.6,-1.5,4.1,-1.3,-1.6,-0.3,8.6,-0.0,5.8,0.3,-2.1,-0.7,-0.9,-5.1,-2.4,-1.2,-2.0,-0.6,-1.9,-0.6,-0.5,0.1,-0.6,1.2,2.0,-0.0,-2.1,9.5,-5.8,-5.3,-5.4,-4.6,-6.1,-2.6,-3.0,-1.1,-4.8,-2.3,-1.7,-2.6,-2.3,-3.2,-2.6,0.2,-2.6,-1.0,-1.3,5.3,-0.1,-0.7,-1.6,-1.2,-1.8,-1.6,-1.4,-1.4,0.2,-1.2,-1.4,1.1,-2.6,-1.5,0.4,-0.6,-1.5,-3.8,-3.1,1.1,0.5,0.3,3.9,-0.2,-0.1,0.8,0.0,0.1,-0.4,-1.6,0.1,-2.9,-3.1,-0.6,-2.0,-1.7,-8.4,-3.8,-7.4,-3.7,-3.6,0.2,-4.1,-3.4,-1.3,-2.3,-1.7,-2.2,-1.5,0.1,-4.2,-0.1,-0.2,-2.4,0.3,-0.9,0.6,-1.3,-0.1,1.7,0.1,2.0,-1.5,1.6,-0.8,-3.9,-2.5,-0.9,-1.1,-2.2,0.1,0.8,-1.7,0.5,2.1,0.5,0.4,0.5,0.0,-1.3,-2.9,-0.3,-2.3,-6.1,-3.7,-1.7,-2.8,1.3,-0.2,2.6,0.2,0.1,-1.0,-0.8,-2.0,-0.6,-0.7,-1.7,-1.5,-2.3,-2.6,-1.6,-2.3,-1.7,-3.0,-2.1,-2.6,-2.6,-6.1,-8.5,-9.1,-4.4,-4.8,-6.3,-3.4,-2.3,-6.6,-1.2,-3.3,-4.3,-8.3,-0.4,-3.0,-2.9,-3.6,-4.1,-2.9,-0.4,-2.2,-2.9,-2.6,-2.8,-2.0,-3.9,-3.6,-4.0,-2.5,-1.8,-5.5,-4.6,-3.6,-3.4,-4.3,-0.4,-2.4,-2.1,-3.5,-4.8,-1.4,-2.8,-2.2,-0.8,1.3,-3.5,-3.2,-2.6,-4.0
2C7L517KCr,0,48.102481,11.621631,4441824.75,2777872.61,533.6,579.3,252,7237,1.4,0.95,0.2,32.59,348.92,-0.529,-0.104,0.843,-1.5,0.1,0.13,0.11,0.3,0.1,-0.3,-1.2,-1.7,-1.5,-1.2,-1.3,0.4,-0.7,-1.7,-0.8,-1.0,-0.1,1.9,-0.1,-1.0,-0.5,-0.6,-1.4,-2.0,-0.5,-2.0,-1.1,-2.5,-0.5,-0.6,-0.5,0.6,0.8,1.5,0.4,-3.1,9.1,-6.3,-3.5,-3.8,-2.1,-3.5,-2.3,-2.7,-0.7,-1.4,-0.3,-0.9,-0.8,-3.2,-2.2,-1.9,-1.5,-2.4,-2.4,-1.3,2.5,-1.3,-1.7,-1.7,-1.9,-3.1,-1.9,-1.9,-1.7,-1.6,-2.1,-2.6,-0.9,-2.1,-1.8,-1.4,-2.6,-3.9,-3.0,-3.4,-2.5,-2.6,-1.7,-2.8,-2.8,-2.3,-1.9,-2.6,-2.0,-3.0,-3.2,-2.8,-2.3,-3.5,-3.3,-3.7,-3.9,-5.5,-3.9,-5.9,-4.2,-3.6,-3.7,-6.1,-5.2,-2.3,-5.7,-4.3,-4.0,-3.6,-3.6,-4.2,-3.7,-3.4,-5.3,-3.0,-4.4,-3.2,-3.6,-3.6,-2.9,-3.6,-2.6,-3.2,-2.7,-3.6,-5.8,-5.4,-4.0,-4.0,-3.9,-3.6,-3.8,-5.0,-4.1,-3.7,-2.8,-4.1,-3.3,-3.1,-5.8,-5.3,-3.8,-3.9,-6.2,-5.7,-3.7,-4.4,-1.3,-3.5,-1.9,-3.9,-5.0,-5.3,-4.5,-5.1,-3.1,-4.0,-4.4,-5.3,-4.9,-6.0,-6.7,-6.5,-5.1,-5.7,-4.6,-5.7,-4.7,-7.7,-8.9,-9.4,-6.3,-7.4,-5.4,-5.1,-6.7,-10.1,-4.8,-5.9,-6.8,-10.6,-5.7,-5.6,-6.8,-6.3,-7.3,-6.5,-4.6,-5.4,-6.4,-6.6,-6.7,-5.7,-7.6,-6.7,-7.5,-6.0,-4.7,-8.8,-7.8,-6.8,-7.7,-10.1,-6.8,-8.8,-7.2,-9.2,-7.6,-6.8,-6.5,-8.4,-8.6,-7.7,-7.6,-7.8,-8.4,-8.3
2C7L517KCt,0,48.102514,11.621888,4441843.83,2777876.69,539.6,585.3,252,7239,1.3,0.95,0.25,32.59,348.92,-0.529,-0.104,0.843,-1.0,0.1,0.29,0.1,0.4,0.1,-0.3,-0.6,-0.9,-0.4,-1.1,-0.7,-1.2,-0.4,-0.9,0.1,-0.3,0.9,0.7,-0.3,0.3,-0.6,-0.9,-0.4,-1.0,-0.4,-1.2,-1.4,-0.6,-0.6,-1.1,-1.6,0.1,0.6,-1.4,-1.4,-2.5,6.6,-5.4,-4.1,-5.5,-2.4,-5.0,-1.5,-1.9,-0.3,-0.6,0.5,-0.3,-0.4,-2.1,-1.9,-2.1,-2.1,-1.2,-1.2,-0.3,-0.2,-0.6,0.0,-1.4,-1.9,-1.8,-1.1,-0.1,-0.5,-1.6,-1.7,-0.9,-1.0,-0.4,-4.1,-2.9,-2.3,-5.4,-0.8,-0.4,-1.0,-2.1,-1.9,-1.9,-0.4,-3.0,-2.0,-2.4,-2.6,-1.3,-3.1,-2.8,-2.7,-3.2,-3.2,-2.1,-1.5,-4.7,-2.8,-3.7,-3.2,-3.3,-3.9,-5.2,-3.2,-2.4,-3.9,-3.3,-2.7,-3.0,-2.0,-2.0,-1.5,-2.4,-4.4,-3.2,-2.8,-2.5,-3.1,-2.6,-3.8,-3.7,-3.0,-3.5,-2.5,-4.0,-2.4,-3.5,-3.4,-4.0,-2.6,-1.7,-2.6,-3.1,-3.8,-1.3,-2.9,-3.6,-2.9,-3.0,-5.7,-4.6,-1.8,-4.3,-4.6,-4.8,-4.0,-4.5,-0.8,-2.2,-2.9,-3.3,-5.1,-4.3,-2.9,-4.3,-3.3,-2.8,-3.4,-5.2,-4.4,-4.8,-5.4,-5.5,-3.3,-4.6,-4.7,-3.9,-4.0,-3.8,-6.3,-5.9,-1.7,-4.6,-5.9,0.3,-3.8,-9.4,-4.9,-4.0,-4.2,-6.6,-6.1,-5.9,-5.1,-4.5,-4.8,-3.2,-6.2,-3.4,-3.3,-4.2,-4.2,-3.5,-2.9,-3.8,-4.5,-4.1,-4.2,-7.2,-7.0,-7.0,-5.0,-7.1,-5.2,-5.2,-5.0,-6.2,-5.5,-6.4,-5.2,-4.4,-5.2,-5.0,-3.4,-4.3,-4.3,-5.1
2C7L517KCu,0,48.102513,11.621887,4441843.77,2777876.68,536.8,582.5,252,7240,1.3,0.96,0.21,32.59,348.92,-0.529,-0.104,0.843,-1.2,0.1,0.27,0.1,0.4,0.1,-0.3,-0.7,-1.5,-1.2,-1.2,-0.8,-0.0,-0.9,-0.7,-1.0,1.8,0.4,1.3,-0.4,-0.6,-0.6,-0.6,-1.2,-1.5,-0.6,-1.6,-1.5,-1.3,-0.7,-1.1,-0.7,0.3,0.2,1.0,-0.8,-3.7,7.7,-6.6,-5.3,-6.4,-3.7,-5.2,-2.5,-2.7,-1.3,-1.0,-1.1,-0.8,-1.5,-3.1,-2.5,-2.8,-1.3,-2.1,-2.4,-1.5,-1.3,-2.6,-2.3,-2.6,-2.9,-2.4,-1.9,-2.1,-2.5,-2.8,-2.7,-2.9,-2.1,-2.4,-3.0,-2.3,-3.2,-5.1,-3.3,-2.8,-1.6,-2.3,-1.9,-2.8,-3.1,-3.8,-3.0,-3.6,-3.0,-2.8,-3.3,-3.2,-2.8,-4.2,-3.3,-3.4,-3.2,-6.4,-3.3,-4.3,-3.9,-3.3,-4.1,-6.0,-4.8,-2.9,-4.0,-4.4,-4.2,-4.0,-3.3,-4.1,-3.0,-3.1,-5.2,-3.6,-4.1,-4.0,-3.5,-3.5,-4.4,-4.3,-3.8,-4.3,-3.8,-4.5,-4.5,-5.4,-4.4,-4.2,-3.1,-2.9,-4.1,-4.5,-4.2,-2.8,-2.7,-3.9,-3.4,-3.6,-5.6,-5.2,-1.5,-4.7,-6.4,-6.4,-5.4,-5.8,-2.2,-4.0,-2.5,-4.2,-5.4,-4.9,-4.7,-5.1,-3.7,-4.4,-4.3,-5.3,-5.1,-6.4,-5.7,-5.4,-4.6,-5.3,-4.8,-4.8,-4.5,-5.1,-6.9,-8.8,-4.0,-5.7,-6.4,-3.5,-4.7,-10.2,-3.9,-5.2,-6.5,-7.8,-6.7,-5.0,-5.4,-5.5,-5.6,-4.8,-5.5,-4.8,-5.3,-5.8,-5.8,-5.3,-5.4,-5.4,-5.5,-5.7,-5.9,-7.2,-7.6,-6.9,-8.0,-9.7,-7.3,-7.5,-7.8,-8.0,-7.6,-8.5,-6.1,-6.7,-6.9,-7.1,-5.8,-6.4,-7.0,-6.7
2C7L517KCv,0,48.102512,11.621874,4441842.74,2777876.47,533.4,579.1,252,7241,2.0,0.91,0.32,32.6,348.92,-0.529,-0.104,0.842,-1.1,0.1,0.63,0.15,0.1,0.1,-0.3,-0.3,-1.3,-1.1,-0.8,-1.3,1.5,-0.0,-1.1,-0.4,3.4,0.7,2.2,0.6,-0.5,-0.1,-0.2,-0.8,-1.7,0.4,-0.4,0.1,-1.4,0.3,1.8,-0.4,3.5,-0.9,3.7,1.1,-2.6,-16.5,-4.2,-5.7,-6.0,-3.2,-2.0,-2.3,-1.5,-0.1,1.7,-0.8,-0.8,0.2,-1.4,-1.4,-0.9,0.3,-3.3,-1.9,-3.3,-2.5,-3.1,-2.3,-3.0,-3.7,-3.1,-2.0,-2.7,-2.8,-2.8,-3.5,-3.1,-1.9,-2.3,-0.5,-1.1,-3.6,-4.9,-3.5,-3.6,0.0,-2.8,-1.5,-3.5,-5.3,-5.1,-4.3,-4.6,-4.1,-3.0,-4.5,-3.1,-1.1,-2.5,-1.9,-0.5,-2.5,-3.8,-2.7,-4.2,-5.1,-0.5,-5.2,-6.1,-5.1,-2.5,-0.6,-3.1,-5.2,-2.6,-3.9,-3.6,-3.3,-4.1,-7.2,-2.8,-3.8,-5.0,-3.3,-3.0,-3.0,-4.8,-4.0,-3.7,-4.6,-4.1,-4.4,-3.7,-2.3,-4.1,-2.6,-3.5,-2.7,-4.7,-6.2,-3.1,-2.0,-4.3,-2.7,-1.2,-5.3,-4.0,0.7,-2.1,-5.9,-3.7,-3.8,-4.0,-1.1,-5.0,-0.9,-3.5,-5.5,-5.4,-5.2,-5.5,-2.5,-5.4,-5.7,-5.7,-5.3,-6.6,-5.7,-6.2,-6.4,-5.2,-5.1,-6.6,-3.5,-5.1,-5.1,-9.6,-6.1,-7.6,-5.6,-5.7,-5.1,-7.7,-1.3,-2.8,-3.7,-8.1,-4.8,-3.0,-4.4,-6.7,-6.5,-6.7,-6.4,-5.6,-7.1,-7.1,-5.2,-5.2,-5.8,-5.6,-5.3,-4.0,-4.8,-6.7,-5.0,-3.3,-5.4,-8.7,-5.3,-6.2,-6.3,-4.4,-1.8,-3.0,-3.4,-3.4,-2.3,-4.4,-6.2,-5.7,-7.9,-6.6
2C7L517KDt,0,48.10296,11.625363,4442101.59,2777931.98,535.2,580.9,252,7301,3.6,0.72,0.51,32.64,348.96,-0.529,-0.103,0.842,-0.1,0.2,-0.32,0.27,1.2,0.2,-0.3,-0.9,-4.3,-4.8,-0.9,-2.7,1.1,-2.6,-4.2,-5.5,4.0,-0.2,5.4,3.4,2.4,-1.4,3.3,-0.3,4.4,-1.0,13.6,-1.7,1.0,-0.2,3.0,4.2,4.7,1.7,2.2,-0.4,-2.3,-8.9,-5.7,-4.5,2.2,-3.1,-2.5,0.1,-0.9,2.3,-0.0,-0.3,-0.1,-2.6,0.0,-1.2,-1.2,-2.7,-1.1,-2.0,0.2,-2.2,-0.3,-1.6,1.0,-1.3,0.7,1.5,0.8,-0.6,-1.3,0.3,0.2,-1.9,-2.3,2.5,1.2,0.7,-0.3,-1.1,-1.3,2.1,-0.8,0.6,-1.2,0.7,1.2,1.2,-0.7,0.6,-1.6,-1.5,-2.1,-0.2,-2.5,-0.0,-1.6,-0.4,-0.5,5.0,5.3,-1.2,-2.2,-0.9,3.6,-0.4,-2.4,-1.3,-5.1,-2.6,0.8,-3.3,-0.1,0.8,4.1,1.3,2.5,2.0,1.5,-0.1,2.7,3.7,4.4,4.4,3.1,3.2,3.3,2.1,0.0,0.8,2.7,3.1,2.5,2.4,0.9,2.3,1.3,1.8,5.0,4.1,-2.8,-3.8,-2.8,-0.0,-2.0,-2.5,-3.1,-0.3,-2.2,3.6,2.7,3.2,3.3,0.7,5.4,1.3,5.3,8.2,4.4,5.1,3.1,-4.2,-1.6,-2.2,-7.2,-4.7,-4.8,-2.6,-0.1,-2.5,1.0,-3.2,1.7,1.4,-3.8,1.2,5.8,3.9,-1.5,2.2,1.5,2.4,-0.8,-1.7,3.1,3.3,5.1,3.6,2.1,-6.2,-7.8,-4.0,4.0,-9.0,-3.2,-3.9,1.6,0.2,0.9,-5.1,-4.4,-8.7,-5.0,-8.9,0.0,8.0,-11.1,-3.5,-4.3,-7.4,-1.6,2.1,-4.2,-5.4,8.7,8.8,9.5,7.4,11.9
2C7L517KDu,0,48.102971,11.625447,4442107.83,2777933.32,536.5,582.2,252,7302,2.0,0.89,0.4,32.64,348.96,-0.529,-0.103,0.842,-0.2,0.1,0.34,0.15,1.5,0.1,-0.3,-1.2,0.4,-2.5,-0.7,-1.7,0.3,-2.1,1.1,-1.1,0.8,-0.2,0.6,0.0,-1.1,-2.5,-1.1,-2.3,-1.6,-2.5,1.1,-2.3,-2.4,-1.8,-2.7,-1.1,-0.7,-1.1,-1.4,-3.7,-4.1,-11.6,-6.1,-5.9,-5.8,-4.6,-4.1,-2.6,-3.1,-0.6,-1.9,-2.7,-0.9,-4.0,-1.5,-3.9,-2.3,-2.7,-1.7,-1.9,-1.1,0.7,-1.6,0.1,0.3,-1.0,0.3,0.1,0.0,-0.2,-0.4,-0.8,0.3,-0.6,1.5,-4.0,-2.2,-2.3,-3.2,-2.5,-4.2,-1.9,-3.6,-4.5,-5.1,-1.8,-2.2,-2.0,-2.9,-2.4,-3.8,-4.0,-5.5,-4.7,-4.2,-3.7,-6.1,-3.3,-6.3,-2.4,-1.0,-4.2,-5.3,-5.3,-2.2,-5.1,-3.3,-4.2,-4.2,-4.5,-3.2,-3.9,-4.5,-2.9,-2.6,-3.7,-3.4,-1.9,-3.5,-3.8,-3.0,-3.0,-1.5,-1.1,-2.0,-1.5,-2.2,-5.8,-2.9,-3.6,-2.2,-0.9,-2.3,-1.8,-1.5,0.7,-1.1,-1.8,-1.5,-2.3,-2.6,-3.1,-1.3,-3.3,-2.7,-5.4,-7.0,-3.8,-7.8,-1.1,0.8,-2.8,-1.5,-3.1,-1.3,-1.7,-1.8,-1.8,-1.2,-1.0,-1.7,0.1,-2.2,-1.4,-3.9,0.1,0.1,-2.7,-3.9,-4.1,-2.7,-6.6,-3.4,-0.1,-5.2,-4.6,-1.3,-2.7,-7.0,-4.0,-4.5,-4.0,-4.5,-7.1,-3.1,-2.7,-0.7,-1.6,-1.1,-4.2,-2.0,-3.0,-1.3,-5.5,-4.3,-2.0,-2.7,-3.4,-4.0,-3.7,-7.2,-9.1,-6.9,-6.3,-5.6,-3.5,-6.5,-5.0,-0.1,-6.7,8.1,-2.8,4.2,-2.8,3.6,0.5,-2.6,-3.0,-2.8
2C7L517KEb,0,48.103321,11.628177,4442310.38,2777976.74,552.0,597.7,252,7345,1.8,0.92,0.29,32.65,348.96,-0.53,-0.103,0.842,-0.5,0.1,-0.16,0.13,0.5,0.1,-0.3,-2.8,-0.0,-0.4,-0.3,-1.6,1.8,-3.1,2.1,2.0,1.3,2.5,2.6,0.4,-1.0,-0.5,-0.3,-1.8,-1.5,-3.0,-1.7,-2.5,-2.3,2.1,-0.9,-0.7,-2.5,1.6,0.7,1.4,-1.9,-6.3,-5.8,-4.7,-5.7,-4.4,-1.4,-0.3,0.1,2.3,-3.5,0.5,1.2,-0.4,-0.0,-0.3,0.8,2.2,1.6,0.5,-1.1,-1.8,-0.2,-2.4,-2.7,-2.9,-0.8,-2.1,0.7,0.4,-0.6,-3.2,-0.7,-3.8,-1.1,1.9,2.1,-0.8,0.4,-0.6,-0.8,0.4,-3.3,0.4,-3.4,-0.8,-1.6,-1.1,-3.9,-2.0,-2.5,-4.8,-2.0,0.4,-3.0,-2.5,-1.7,-1.1,-3.7,-1.0,-1.0,-1.7,-2.6,0.7,-0.8,-1.8,-1.5,-0.7,-0.5,-1.2,-0.8,-2.1,-0.5,-0.6,-0.7,-0.6,-0.6,-0.5,-1.0,-1.7,-2.0,-2.8,-2.0,-3.5,-4.0,-3.4,1.1,0.1,-3.4,0.6,0.7,1.6,-0.1,0.2,-1.4,-1.2,-0.9,-1.7,-2.2,-1.8,-3.5,-1.6,-0.6,-1.4,-1.6,-2.9,-3.1,-2.9,-6.2,0.4,-0.1,1.9,-1.3,-5.6,-0.2,-0.9,0.0,-4.4,-3.5,-4.2,1.0,0.9,-1.1,-0.4,-1.7,-1.2,-0.9,-1.3,-1.0,-1.0,-2.0,-3.5,-3.3,-0.5,-5.2,-3.3,-1.2,-0.8,-3.5,-1.7,-1.5,-2.7,-3.1,-6.2,-3.8,-2.2,-0.5,-1.5,-0.3,-9.0,-1.1,-2.0,-0.0,-1.9,-3.0,-2.3,-2.6,-5.3,-1.7,-2.9,-5.7,-6.6,-3.0,-3.5,-1.7,-3.0,-3.5,-3.3,-2.9,-3.8,-3.8,-4.9,-3.3,-2.2,-2.6,-4.9,-2.5,-3.0,-2.5
2C7L517KEf,0,48.103345,11.628365,4442324.31,2777979.73,549.4,595.1,252,7349,1.6,0.92,0.24,32.65,348.96,-0.53,-0.103,0.842,-0.1,0.1,-0.34,0.12,1.3,0.1,-0.3,0.1,0.0,-1.5,-0.4,-0.7,0.1,-0.6,1.1,0.1,1.5,0.5,0.9,-1.0,0.5,0.1,-0.3,-2.8,-2.4,-2.9,-2.7,-3.1,-3.2,-1.7,-1.9,-1.0,-2.1,-1.9,-0.7,-2.2,-3.1,-7.5,-7.4,-6.4,-4.4,-5.6,-3.3,-2.4,-1.5,-1.7,-1.7,-1.0,-0.3,-1.4,-1.1,-2.9,-2.4,-1.2,-0.8,-2.0,-0.8,-0.7,0.3,-0.9,-1.0,-1.3,-1.2,-0.5,0.0,-1.7,-2.7,-2.0,-0.8,-5.7,-2.1,-1.9,-1.5,-1.9,-3.3,-2.0,-2.5,-1.1,-2.1,-1.5,-0.3,-2.4,-2.6,-2.3,-1.3,-1.9,-3.4,-1.0,-3.8,-2.4,-4.1,-2.8,-4.1,-1.7,-4.5,-2.7,-3.1,-2.8,-3.1,-2.1,-2.0,-3.9,-1.1,-1.2,-0.7,-2.1,-0.9,-2.0,-2.2,-2.3,-0.4,-2.7,-2.8,-0.7,-0.1,-0.4,-1.3,-1.8,-0.8,0.2,-0.7,0.9,0.7,-0.0,0.5,-0.6,0.1,0.5,-0.1,-0.3,-0.5,1.1,-0.1,1.0,-1.3,-2.0,-2.7,-2.5,-0.7,-0.4,-0.4,-2.1,-2.2,-1.8,-6.1,1.4,2.1,-3.0,-0.1,-0.3,-1.8,-1.3,1.0,6.0,-0.2,-2.1,-0.6,-3.2,-1.6,0.8,0.3,-0.5,-1.0,-3.6,-1.7,-0.9,-2.1,-3.0,-4.9,-1.4,-5.6,-3.9,0.7,-1.5,-3.3,-2.5,-1.3,-0.7,-2.5,-6.1,-1.9,-0.5,0.9,-1.3,-1.1,6.8,-1.6,-1.3,-2.4,-4.1,-4.6,-2.6,-2.6,-1.3,-1.1,-1.7,-5.8,-6.4,-5.2,-4.8,-1.8,-2.8,-3.8,-4.0,-3.5,-5.3,-2.6,-2.2,-2.6,-1.5,-2.2,-0.4,-1.7,-2.0,-1.5
2C7L517KEg,0,48.103343,11.628348,4442323.08,2777979.47,545.9,591.6,252,7350,1.9,0.92,0.38,32.65,348.96,-0.53,-0.103,0.842,-0.5,0.1,-0.13,0.15,0.6,0.1,-0.3,0.6,-1.4,-1.3,-1.0,-1.0,1.9,-0.6,1.0,-1.9,1.9,-0.8,2.5,-0.5,-1.1,0.0,-0.1,-0.5,0.9,-0.8,-0.6,-1.7,-1.6,-1.7,-0.8,-0.1,-0.0,1.4,1.4,-0.1,-1.5,-5.9,-4.7,-3.2,-2.9,-3.4,-1.6,-0.9,-0.1,0.5,-2.4,-2.1,-0.0,2.1,0.3,-3.3,-0.5,-0.3,0.2,-1.6,-0.0,-1.1,0.3,-0.9,-2.1,-2.9,-2.4,-1.9,-1.3,-1.0,-1.4,-2.6,-0.6,-4.6,-1.7,-1.9,-0.9,-2.6,-3.0,-1.2,-1.7,-1.6,-2.3,-2.1,-1.5,-0.2,-0.8,-0.5,-1.9,-0.3,-2.8,-2.2,-1.6,-1.9,-5.2,-1.1,-3.8,-0.6,-2.7,-1.9,-2.1,-2.7,-2.7,-0.3,0.5,-3.5,-0.9,-0.9,0.9,-1.1,-0.4,-1.2,-0.1,-1.1,-0.4,-1.2,-0.6,-0.3,-0.2,-0.5,-0.5,-1.0,-1.3,-0.2,-1.1,-0.0,0.1,-0.8,-2.3,-1.7,-0.5,1.0,-0.5,-1.0,-0.1,2.1,3.4,-1.4,-1.0,-1.5,-4.5,-4.2,-2.0,-0.9,-1.6,-4.7,-1.9,-2.7,-6.0,-0.1,0.7,-1.5,-1.6,-2.2,-2.9,-0.7,-1.0,11.5,-1.8,-3.6,-3.2,-2.2,-3.0,-1.3,-1.1,-2.3,-2.7,-3.1,-3.5,-2.3,-2.5,-3.8,-4.4,-1.1,-6.7,-3.4,-0.3,-2.6,-4.4,-3.0,-0.2,-1.4,-3.0,-5.4,-1.6,-1.4,0.2,-3.7,-2.2,3.4,-5.8,-2.3,-5.5,-6.9,-5.9,-5.1,3.3,-3.1,1.5,-2.0,-6.1,-5.2,-4.2,-3.1,-0.5,-2.4,-2.9,-3.6,-4.5,-4.3,-4.8,-3.3,-3.5,-1.6,-1.5,-0.3,-3.1,-5.4,-1.9
2C7L517KF8,0,48.103546,11.629925,4442440.02,2778004.56,544.4,590.1,252,7378,2.2,0.85,0.38,32.66,348.96,-0.53,-0.103,0.842,-0.7,0.1,-0.44,0.17,1.7,0.1,-0.3,4.6,2.7,-1.6,2.2,-1.5,4.6,-1.9,-1.0,-2.5,-1.1,0.8,3.8,-0.6,-0.7,-0.2,-0.1,-1.0,0.2,-2.3,-2.7,-4.9,-3.4,0.4,-1.6,-3.3,0.4,-4.5,1.7,3.1,-3.7,-1.4,-5.6,-2.8,-5.2,-6.2,-4.8,-7.1,-0.2,-3.7,-1.2,-2.2,1.9,-2.1,0.7,-1.9,-1.4,1.2,-3.1,-3.7,-2.4,2.3,1.0,-2.3,-0.8,0.1,1.3,0.6,1.8,1.3,1.3,3.4,-0.6,-8.3,3.7,8.1,2.5,1.9,-1.4,-1.2,-2.4,2.5,-1.1,2.2,-1.5,-0.0,-2.6,-1.1,-2.2,-1.8,0.4,-1.6,-2.2,-3.3,-3.2,0.3,-3.2,-2.9,-2.8,-1.7,-2.3,-1.8,1.3,0.1,-0.8,-0.3,-3.0,3.5,-2.6,-1.0,-3.0,-3.1,-0.6,-1.7,0.7,-3.7,-4.6,-2.5,-0.3,1.0,-3.1,-2.9,-2.5,-0.7,-0.8,-0.1,1.7,1.5,0.8,1.4,2.4,0.9,1.5,2.6,1.7,2.9,1.0,1.3,0.7,-1.5,-3.5,-1.7,-1.7,-0.1,-1.6,-2.4,-3.6,-3.6,-4.8,-2.9,2.1,-1.2,-3.4,-3.3,-0.8,-0.9,-1.4,-2.7,-3.1,-2.9,-3.1,-2.7,0.2,0.1,-2.1,-1.0,0.3,-3.5,-3.1,-6.1,-3.8,-5.2,-7.7,-0.7,-3.8,-8.4,-1.1,-5.4,-5.7,-0.8,-4.3,-3.0,-3.5,-5.3,-4.2,-2.1,-2.2,1.6,-0.2,-10.5,-1.7,-3.4,-1.8,-1.4,-0.6,-3.0,-0.8,-3.1,-2.9,-7.3,-6.7,-11.0,-6.7,-3.6,-5.1,-8.4,-5.8,-4.9,-4.5,-4.5,-5.3,-6.2,-2.8,-1.6,-1.7,-1.0,-1.1,-4.0,0.3
2C7L517KFK,0,48.103632,11.630596,4442489.81,2778015.24,542.9,588.6,252,7390,2.4,0.87,0.4,32.66,348.96,-0.53,-0.103,0.842,-0.8,0.1,0.04,0.18,0.6,0.2,-0.3,1.0,1.0,0.6,-0.1,-0.2,2.8,0.9,1.9,1.5,-8.0,0.2,0.7,-5.2,2.5,-3.8,-0.2,-0.0,-4.0,-3.3,-5.6,-1.2,-2.0,-0.5,4.7,2.0,1.5,0.1,0.7,-4.6,-1.8,0.3,-7.7,-7.5,-6.0,-0.5,-2.2,1.5,4.3,-1.9,-1.3,-0.8,-3.0,-2.6,-2.3,-2.2,-3.2,-5.8,-2.1,-5.0,-3.8,-1.6,-2.9,-2.2,-2.0,-0.1,-0.0,1.5,-3.1,-0.8,-1.6,-2.5,-1.6,-6.8,-3.1,0.0,0.1,-2.5,1.3,-0.4,-4.6,2.0,-1.3,-2.5,0.5,-1.1,-1.8,-0.7,-0.8,-1.1,-3.0,-3.6,-3.7,-2.9,3.6,-2.0,-5.0,-2.9,-2.4,-3.3,-3.1,-1.5,-4.9,-3.7,-3.8,-2.2,0.5,-2.7,-3.0,-1.8,-4.9,-2.4,-3.4,-4.3,-2.5,-1.8,-6.1,-3.8,-2.1,1.3,-0.9,-2.9,-3.7,-2.2,-5.7,-4.3,-2.8,-5.0,-3.6,-1.3,-0.3,-5.3,-1.9,-3.9,-4.4,-4.6,-6.6,1.1,-1.3,-1.9,-4.7,-5.8,-4.6,-3.2,-2.3,-1.7,-5.0,-5.7,-7.6,-0.8,2.4,0.7,-2.8,-1.8,-3.6,-2.2,-3.9,6.8,4.7,-4.1,-3.1,0.5,-5.2,-6.9,-4.7,-1.4,-5.7,-4.3,-2.5,-2.2,-1.2,-3.8,-6.1,-5.2,-5.6,-6.7,-3.9,-2.8,-5.6,-1.6,-3.6,-3.7,-6.3,-5.8,-3.6,-2.6,-9.8,-4.6,-3.3,3.2,-5.2,-5.4,-5.9,-6.3,-6.0,-4.4,-5.2,-4.9,-4.3,-5.4,-7.7,-8.4,-6.2,-4.7,-4.8,-4.4,-5.7,-6.8,-6.1,-4.3,-5.6,-5.3,-5.0,-5.1,-3.7,-2.2,-3.4,-4.1,-3.1
2C7L517KHd,0,48.104657,11.638578,4443081.93,2778142.27,535.3,581.0,252,7533,1.6,0.92,0.31,32.7,348.96,-0.53,-0.103,0.842,-0.6,0.1,0.04,0.12,1.0,0.1,-0.3,0.1,-0.5,-0.5,-1.3,-1.6,-1.1,0.7,-0.1,0.3,1.1,-0.0,-0.3,-0.3,0.4,0.4,0.2,0.3,-1.4,-1.0,-0.4,1.0,0.8,0.9,3.8,2.2,5.6,4.9,2.8,3.4,1.7,8.7,0.1,0.8,1.3,3.0,3.7,2.4,2.0,3.6,1.5,2.9,3.1,1.8,0.2,0.1,1.3,-0.1,-1.0,0.8,-0.1,0.3,0.9,1.4,1.3,1.0,0.4,-0.1,1.3,0.2,1.3,-0.0,-1.0,-0.8,0.8,1.5,-1.0,-0.3,-2.9,1.1,2.2,0.3,3.4,0.9,1.7,1.7,2.2,2.4,2.0,0.3,2.2,1.1,0.7,2.9,3.9,2.2,1.6,2.0,0.5,1.5,2.3,-0.4,0.0,-2.5,-4.0,-2.3,-1.7,3.0,-0.4,1.0,-0.1,-1.0,0.3,-0.7,1.4,1.4,-0.6,0.6,-0.2,-0.0,-1.0,1.1,0.8,-1.8,-1.2,-1.9,-2.3,-1.6,-0.9,-0.9,-1.5,-0.7,-0.1,0.5,0.0,1.2,-1.0,-1.2,1.0,-1.9,-2.5,2.5,2.3,1.5,2.9,-0.9,-1.0,1.2,3.6,2.2,1.1,-0.3,-3.1,-1.3,-1.7,-2.0,-3.3,-4.7,-2.0,-0.2,-3.2,-2.6,-2.3,-0.5,-1.2,-1.1,-2.2,-1.9,-0.2,3.5,1.5,-0.7,-3.0,-0.5,-1.4,-1.0,0.9,1.7,0.4,2.7,0.7,0.9,-1.4,-0.6,-0.4,-1.2,-1.6,-1.5,-1.2,-4.6,-1.0,0.3,0.4,-0.4,-0.9,-0.0,0.2,-1.5,1.2,0.6,-3.1,-5.5,-0.8,-3.7,-2.9,-0.8,3.0,-0.9,-2.1,-0.8,0.1,-0.3,-0.7,-0.9,-1.1,-2.0,-2.9,-2.8,-2.4
2C7L517KDh,0,48.102894,11.624705,4442052.75,2777923.57,537.3,583.0,252,7289,2.0,0.9,0.3,32.64,348.96,-0.529,-0.103,0.842,-0.6,0.1,-0.3,0.15,0.6,0.1,-0.3,0.4,0.7,0.6,-4.7,-0.1,2.4,-0.9,0.5,0.4,4.2,-3.6,3.5,-0.5,0.3,1.3,-0.8,-1.3,-1.5,-5.3,-2.7,-1.7,-0.4,0.3,-1.9,-0.0,1.2,3.0,2.5,-0.8,-4.9,-8.1,-4.6,-8.1,-3.3,-0.9,-2.9,0.1,-1.6,2.0,-0.7,0.8,-1.4,1.7,-0.5,-0.4,3.3,1.7,0.3,0.3,-1.6,-3.6,0.4,1.9,1.1,-0.6,1.3,2.7,1.1,0.8,1.1,-0.8,-2.4,-9.1,1.5,4.9,2.0,-4.7,-2.7,-3.2,0.6,2.3,0.3,-1.3,1.0,-3.5,-2.5,-1.2,0.1,-1.2,-1.6,-0.3,-3.6,-0.4,-0.3,-0.3,-2.7,2.0,-3.1,-0.9,-2.2,-1.1,-2.3,-2.9,-0.6,-1.8,3.8,-1.0,-1.9,-3.2,-1.0,-0.6,-0.6,0.2,-0.1,-1.0,0.3,-0.0,-0.4,-3.3,0.1,-0.5,-0.5,-1.8,-0.6,-0.1,-1.2,-5.5,-2.4,-0.7,0.8,1.7,-1.9,-0.7,-1.6,-1.8,4.7,-0.2,-0.6,-0.7,-1.8,-3.2,-2.3,-0.3,-2.9,-1.2,-3.1,-0.5,-5.4,-0.9,-1.6,0.3,-1.6,-1.1,-1.6,-0.8,-1.2,-1.4,-0.2,-1.9,-1.0,-2.3,-4.2,-2.4,-2.0,1.8,0.1,-2.4,-2.9,-1.9,-3.4,-3.1,0.1,0.1,-4.9,-3.5,0.4,-1.7,-3.9,-1.0,-2.2,-2.5,-3.5,-3.6,-1.3,-1.9,-1.0,-4.2,-0.7,-5.6,-0.2,-2.7,-2.7,-2.2,-5.0,-2.9,-1.7,-1.4,-0.8,-1.7,-5.3,-4.9,-4.2,-1.5,-5.1,-4.4,-4.6,-2.6,-7.2,-4.9,-3.2,-3.1,-3.1,-2.7,-2.4,-4.1,-4.0,-3.0,-1.5
2C7L517KDv,0,48.10298,11.625373,4442102.35,2777934.22,530.5,576.2,252,7303,3.8,0.71,0.47,32.64,348.96,-0.529,-0.103,0.842,-0.7,0.2,0.33,0.29,0.9,0.3,-0.3,-1.7,0.5,-5.8,-4.3,0.1,2.6,-1.3,-3.7,-3.3,-0.2,-2.4,-0.7,14.0,-7.2,-4.1,2.3,1.5,-4.4,2.1,2.4,1.8,2.4,-0.3,-1.1,0.2,-8.5,2.4,1.1,-1.9,1.0,-12.5,3.2,0.8,-3.7,-2.8,-4.3,-0.0,-1.7,-2.4,-1.7,-3.2,-1.8,-6.2,-5.9,-5.3,6.2,-0.6,-0.1,2.4,-1.9,-4.5,-6.6,3.6,-1.2,-1.9,1.2,-0.7,1.0,-4.7,-1.4,-0.8,-2.3,-2.3,5.5,10.9,-2.1,-1.0,-5.2,-1.1,-2.8,-1.6,-7.6,-0.9,-4.1,-8.3,1.6,6.5,8.2,1.6,-2.6,-6.7,-4.7,-6.9,-5.8,-6.4,-4.3,-5.2,-3.7,3.6,-13.8,-8.7,-11.3,-4.5,3.0,8.8,-3.6,-5.6,-4.2,-4.9,-4.7,1.0,7.1,2.2,-5.2,-2.8,-6.4,-3.9,-2.4,-7.0,-2.1,-7.0,-6.6,-5.9,-6.1,-4.8,-3.9,-6.7,-2.1,-2.1,-3.0,-2.0,-4.5,-3.5,-5.5,-4.6,0.6,-3.0,-0.5,-0.8,-0.2,0.9,-5.4,-7.1,4.1,-2.1,-5.0,-6.1,-11.6,0.9,-2.6,-3.7,-2.3,-5.6,-3.1,-1.9,-2.8,-6.0,-2.6,-0.7,0.3,-6.2,-4.0,-1.3,-4.9,-3.3,-5.6,-3.5,-4.7,-3.8,-3.0,-6.8,-0.6,-2.7,-6.6,-7.7,-1.1,-2.4,-2.8,-3.4,-4.5,-3.4,-5.4,-7.6,-2.4,-4.0,-1.3,-1.9,-1.7,8.0,-2.0,-2.1,-3.3,-3.6,-5.3,-5.3,-2.1,-7.0,-2.5,-7.0,-13.4,1.3,-3.7,-8.4,-3.2,-3.0,-12.0,-8.8,-1.0,-5.7,-8.2,-4.1,-9.8,-3.0,-3.2,1.9,-3.1,-2.9,1.1
2C7L517KE7,0,48.103106,11.626359,4442175.43,2777949.87,546.0,591.7,252,7315,2.1,0.89,0.31,32.64,348.96,-0.529,-0.103,0.842,-0.2,0.1,-0.28,0.16,0.4,0.1,-0.3,5.6,3.4,-1.9,-1.4,-2.0,-0.2,-1.5,-0.5,0.6,-2.9,-0.8,0.9,0.7,0.3,1.1,-1.8,-0.4,-1.1,-1.3,-1.1,-0.6,-0.8,0.6,-0.1,1.2,1.1,1.0,0.3,2.2,-0.7,-7.5,-2.3,-2.2,-0.9,-0.7,-1.6,2.1,3.4,2.7,1.0,2.2,3.3,2.8,0.9,-6.3,0.7,-0.8,0.9,-2.6,-1.3,3.7,0.5,3.2,2.5,-1.9,3.3,-1.0,3.6,1.3,-1.4,-0.4,0.4,-5.7,-1.4,-0.9,-1.4,-1.0,-9.2,-1.0,-2.0,0.7,-1.5,-2.8,0.2,-1.6,-0.1,-0.3,-1.4,-0.7,-0.1,-1.3,-0.4,-2.2,1.9,-1.4,1.0,2.4,-0.8,1.8,0.1,-1.5,1.4,-0.0,-0.4,-2.8,3.6,-1.5,1.5,0.2,1.3,-0.6,0.3,-0.1,-1.8,-1.6,-0.5,0.1,0.5,-2.8,1.5,0.2,0.2,2.5,0.0,1.3,3.5,-3.3,-0.6,1.4,0.4,3.6,2.7,-0.7,-1.7,0.6,2.9,0.8,-1.0,0.3,-1.3,-0.8,-0.4,1.2,0.8,2.1,-1.1,2.1,-6.0,1.2,4.8,0.6,-0.9,-0.2,-0.3,1.5,2.9,-2.3,2.2,1.1,0.3,0.3,-1.9,-2.4,-3.2,-1.0,0.8,-0.8,-0.3,1.2,-0.3,0.6,1.7,0.9,-1.6,-0.4,4.0,3.4,-3.7,3.3,0.5,-2.2,-3.9,-6.0,-2.8,-0.6,-7.1,-2.3,0.3,3.5,0.6,-1.9,-0.8,-0.6,0.0,-1.2,-1.5,-3.1,-0.1,-0.7,-4.8,-5.9,-0.1,1.8,-1.6,-1.6,1.6,-0.1,-1.9,-2.7,-1.7,-1.2,-2.0,-2.3,-1.1,-0.6,-0.3,-1.0,-1.3
2C7L517KE9,0,48.103104,11.626343,4442174.31,2777949.64,538.5,584.2,252,7317,3.3,0.73,0.43,32.64,348.96,-0.529,-0.103,0.842,-0.6,0.2,-1.07,0.26,2.4,0.2,-0.3,0.8,-0.1,2.0,0.2,1.8,-11.1,2.6,3.7,5.4,13.2,0.8,-8.5,1.9,0.7,3.6,1.1,1.8,-0.0,1.7,-0.3,-1.1,1.8,-0.2,-1.1,0.4,1.9,0.6,-13.0,-2.5,-5.0,-12.9,-3.4,-5.1,-1.7,-5.8,-1.7,-1.1,-0.7,-0.6,-0.6,-1.2,-2.3,0.0,-1.0,0.9,-2.6,-2.5,-1.5,-0.6,1.1,1.6,2.8,4.5,5.5,6.1,1.5,6.2,2.0,4.4,5.6,0.6,-0.5,-0.7,0.6,6.4,0.4,-2.3,10.7,2.1,4.8,2.5,2.8,9.7,3.1,3.9,1.1,11.2,-0.6,2.9,5.3,7.1,2.6,2.6,4.9,2.0,2.1,1.6,-1.3,-2.5,-0.9,-13.0,-1.6,-2.0,4.0,-1.0,5.7,2.0,1.2,-1.6,-2.0,-0.9,-0.6,-0.5,-0.2,-2.3,0.5,-2.1,1.5,-1.0,-0.5,3.0,2.3,3.0,5.1,3.4,3.5,2.7,3.8,3.6,5.0,4.5,6.9,4.2,3.6,1.9,5.7,0.4,-10.8,2.6,-1.8,-1.6,-6.8,2.2,-0.8,-4.4,-2.0,-1.0,-5.5,-2.3,2.5,0.0,-0.4,-0.7,2.1,-0.6,0.1,-5.5,-0.1,-0.2,-0.5,4.9,-0.5,-0.6,-2.0,0.6,-0.4,0.2,-0.3,0.7,1.9,-3.3,-0.7,2.0,-8.7,-3.5,2.7,-2.3,-2.3,-3.7,-0.8,-0.8,-5.3,-5.4,-3.2,-8.5,5.7,-4.0,-1.8,7.6,-1.5,-1.4,0.6,-0.4,-0.2,-1.2,2.1,-3.2,-1.0,-2.0,-2.8,-6.6,-1.5,-0.7,0.8,-5.2,-4.7,-4.3,-3.0,-3.8,-4.2,-3.9,-2.1,-4.0,0.3,-8.6,-4.7,-3.6,-2.1
2C7L517KEd,0,48.103329,11.628094,4442304.2,2777977.5,542.7,588.4,252,7347,2.1,0.89,0.39,32.65,348.96,-0.53,-0.103,0.842,-1.2,0.1,-0.48,0.16,0.5,0.1,-0.3,-1.6,0.9,-0.4,1.6,0.8,-2.9,-0.8,-1.8,0.2,-1.3,1.4,0.6,0.5,0.2,0.9,0.1,1.2,-1.2,-1.0,-2.8,-2.3,-1.7,-1.3,0.5,2.3,2.6,3.2,1.5,1.3,-0.9,-2.3,-2.9,-2.5,0.3,-1.2,1.3,1.4,0.7,4.4,0.7,1.1,1.3,-0.0,2.9,-0.9,0.7,-1.1,-0.6,-0.3,-0.2,0.4,0.9,2.7,3.8,2.8,3.7,2.1,0.7,2.5,0.4,1.3,-0.0,1.7,0.5,-2.8,-1.0,0.4,-1.8,0.6,1.5,0.9,2.0,-1.0,0.0,1.6,1.2,-0.0,-0.6,-0.0,-0.9,-0.3,-1.4,-0.4,-0.9,-0.0,-1.0,0.1,-2.8,0.0,0.8,-0.7,0.1,-1.2,0.9,-1.1,4.4,1.4,1.9,0.9,1.4,-0.1,1.6,0.3,1.9,0.4,1.1,0.2,-0.5,0.0,-1.2,-2.0,2.4,-2.8,2.3,2.4,-2.1,-3.4,-1.7,-0.2,0.1,-1.4,9.8,-12.9,-0.6,0.1,-1.9,-0.7,-0.5,-0.3,-3.1,-1.6,0.1,-1.1,-1.3,-4.2,-3.6,-2.9,-5.2,-0.5,-0.1,0.4,-1.7,-2.0,0.3,-1.7,-1.6,-5.7,-4.9,-9.2,-3.6,-0.6,2.4,-9.3,-2.7,-0.7,-3.2,-4.5,-3.1,-1.5,-1.6,-3.1,-2.8,-1.6,-4.1,-3.0,1.0,-3.4,-2.1,-0.5,-0.3,-1.2,-3.9,-6.5,-4.2,-3.5,-4.2,-1.8,-1.2,-6.5,-0.7,-4.2,-1.9,-4.9,-2.4,-3.3,-1.6,-5.0,-3.0,-2.5,-6.5,-6.9,-6.3,-7.7,-2.4,-4.4,-2.9,-3.3,-3.1,-4.2,-3.0,-4.2,-4.6,-4.2,-2.7,-8.8,-8.1,-8.0,-6.4
2C7L517KF6,0,48.103541,11.629744,4442426.55,2778003.75,540.4,586.1,252,7376,2.6,0.71,0.46,32.66,348.96,-0.53,-0.103,0.842,-0.1,0.2,-1.98,0.23,2.0,0.2,-0.3,-2.3,-0.4,-1.3,1.3,-0.8,1.2,-1.5,3.7,0.6,2.9,16.9,3.4,0.6,1.2,1.0,2.6,-0.8,-0.1,-0.3,-1.3,-2.2,0.9,0.1,4.9,5.6,4.3,3.1,2.7,5.9,1.5,-3.5,-4.1,-2.8,-0.5,-2.4,1.7,5.8,6.1,5.7,5.2,4.4,4.0,7.2,5.2,3.5,5.3,-2.3,3.2,5.7,3.9,9.3,7.8,7.9,9.0,11.1,9.5,7.1,9.4,11.2,7.0,7.5,8.8,9.5,7.0,8.1,7.7,6.6,9.7,9.4,8.3,7.0,10.6,6.0,9.4,10.1,10.6,9.3,9.0,9.1,9.0,8.3,8.1,8.6,10.1,8.9,8.7,6.7,5.8,5.5,7.9,3.3,0.4,7.7,5.7,10.7,8.9,5.8,10.6,2.7,3.9,7.3,8.1,9.6,6.4,6.1,9.9,8.1,6.2,7.4,5.6,6.7,5.5,8.0,6.9,7.9,9.4,8.5,8.4,8.3,9.5,6.7,9.0,8.0,9.0,9.2,8.4,9.1,7.5,9.4,7.9,2.6,5.0,1.8,4.0,-6.1,4.6,1.8,-0.6,3.7,6.1,1.9,3.9,5.1,5.7,5.6,7.3,4.9,6.7,6.4,7.5,5.9,3.7,7.4,7.4,5.9,5.4,3.2,5.3,9.3,6.2,2.1,2.4,5.4,-2.0,1.1,3.3,4.6,3.2,4.7,5.5,5.9,4.6,1.0,2.1,2.9,6.4,4.5,4.7,7.5,5.2,5.5,4.4,5.2,1.6,4.2,5.2,1.7,6.5,4.9,-2.1,2.5,2.3,-4.2,5.0,3.2,6.0,-0.3,0.3,0.7,-0.7,2.0,-0.3,4.1,5.2,4.2,5.7,6.9,5.1
2C7L517KFC,0,48.103593,11.630145,4442456.33,2778010.12,545.5,591.2,252,7382,2.5,0.85,0.45,32.66,348.96,-0.53,-0.103,0.842,-0.4,0.1,-0.53,0.19,0.9,0.2,-0.3,-5.4,-2.2,-1.1,-1.4,-0.6,2.7,0.5,1.1,1.3,0.1,-1.1,0.0,-2.2,-3.3,4.6,0.7,-2.4,-2.8,-7.4,-0.3,1.0,0.2,1.2,-1.9,-0.3,-0.6,-0.5,0.7,-2.0,0.1,-3.9,-5.4,-4.0,-4.3,-2.7,-1.1,0.4,1.7,2.3,1.9,-0.4,0.2,-1.9,5.0,2.2,-0.6,-1.1,3.8,3.1,-0.7,1.1,1.3,0.7,1.0,3.5,1.3,0.1,6.1,4.2,4.8,2.4,1.2,0.5,-2.1,-0.6,5.0,1.0,-3.5,-0.8,2.0,3.8,-0.5,1.4,1.6,3.4,0.9,1.5,0.1,-5.0,-1.2,-0.1,-0.5,-1.0,-0.1,-1.9,-0.5,-4.4,0.6,-1.9,-2.8,-0.2,1.0,0.8,-1.9,-3.3,-3.3,-1.8,-1.8,0.8,0.8,1.2,-1.3,-0.6,-1.3,2.0,-0.9,0.6,-0.5,0.4,-4.1,2.0,1.5,-0.4,-6.4,1.1,-1.1,-0.3,-0.7,0.8,-2.3,-0.1,0.4,-0.4,-4.4,-0.9,0.0,0.0,-0.2,0.7,-1.8,3.0,-2.9,1.8,0.5,-2.3,-1.4,-2.1,-7.5,1.6,1.6,-1.1,-0.8,2.8,-2.8,4.5,-0.5,-1.9,6.2,1.2,6.3,1.8,-2.8,0.4,6.9,4.3,0.9,2.9,-5.8,1.4,1.7,-1.3,-0.6,2.8,-4.9,-3.7,-0.8,5.3,-1.0,0.0,0.3,0.3,-3.1,-5.0,1.4,-0.9,-1.5,-1.2,-2.1,-2.7,-4.6,-5.8,-1.9,-2.4,-3.9,-1.4,-0.1,-3.1,-0.7,-3.9,-3.1,-7.3,-3.1,-1.2,-4.7,-3.6,-3.9,-3.4,0.1,1.2,-3.0,-4.2,0.3,-1.7,-4.3,0.7,0.2,-1.2,1.0
2C7L517KFG,0,48.103611,11.630292,4442467.2,2778012.46,541.6,587.2,252,7386,2.9,0.79,0.46,32.66,348.96,-0.53,-0.103,0.842,-0.9,0.1,-0.73,0.22,1.3,0.2,-0.3,-1.1,-1.5,4.4,-0.1,-4.3,-2.5,0.2,-1.2,3.0,-1.6,-2.5,-1.1,0.7,-1.2,0.6,-0.5,-2.1,-3.7,-0.9,-2.8,-1.7,2.5,6.5,0.3,-6.2,0.3,-0.8,-0.1,-0.9,-2.3,-4.5,-6.2,-4.2,-2.4,-2.9,-2.3,-1.2,-0.9,-2.1,-2.3,1.2,-0.2,-4.7,-4.0,-4.2,-0.6,-3.3,-1.8,1.1,-1.0,-1.5,-1.0,0.4,-0.7,3.3,-1.8,-4.5,-2.8,-2.6,-3.0,-5.5,-2.4,-3.8,-1.0,-4.8,-5.0,-2.5,8.4,3.7,0.4,-5.6,1.1,-1.7,1.5,-0.3,-1.4,-1.3,-0.5,-1.2,-0.5,0.3,5.4,1.3,-0.7,1.5,-1.3,-4.8,-1.8,-3.1,-5.4,-1.4,-0.5,-3.6,-2.3,-6.1,0.4,-4.2,-1.1,-3.2,-0.6,1.3,-0.5,-1.5,1.1,2.4,-1.5,-0.4,2.0,-1.1,-1.2,-1.8,-1.4,-2.3,-0.2,-1.7,-2.0,-0.6,-4.8,-5.0,-3.7,-2.7,-0.8,-3.0,-3.7,-3.3,-0.6,-4.9,0.7,-4.3,-9.1,-5.6,-6.3,-5.4,-3.4,-2.1,-2.1,-5.2,-5.3,-2.1,-0.2,-3.9,-2.0,-3.5,-1.7,6.4,-2.4,4.2,-6.6,-1.3,6.2,5.3,-5.4,5.7,1.0,-1.6,0.5,-4.4,-5.5,-0.9,-2.2,-0.4,-5.2,-1.1,-9.0,-7.7,-7.6,-6.0,-6.7,-3.3,-6.7,-3.7,-7.7,-8.3,-2.4,-4.9,6.6,0.6,-4.2,4.2,-2.6,-2.7,-4.1,0.5,-4.9,-5.5,-3.6,-8.2,-3.8,1.1,-6.4,-2.7,-7.2,-7.6,-9.4,-10.3,-12.8,-13.1,-9.6,-8.3,-4.0,-6.2,-2.6,-3.7,-2.7,-9.7,-7.2,-4.1,-7.1
2C7L517KGl,0,48.104285,11.635539,4442856.5,2778095.98,537.8,583.5,252,7479,4.7,0.71,0.47,32.69,348.96,-0.53,-0.103,0.842,-1.2,0.2,-0.26,0.35,3.8,0.3,-0.3,0.3,-2.7,-2.0,1.5,1.7,-0.2,-1.3,-4.9,-3.6,1.9,-4.9,-3.1,-2.0,-5.9,-4.1,-1.4,-1.0,-8.0,-4.1,-2.9,-6.5,-10.1,-6.0,-5.4,-1.4,0.2,-2.7,-12.5,-3.5,-17.8,-18.1,-22.2,-9.4,-7.7,-5.2,-4.4,-3.8,-4.6,-2.2,-4.1,-4.3,-3.9,-0.4,-1.9,-2.1,-1.5,2.1,-3.1,-0.4,0.4,-1.0,0.6,0.4,-1.3,-2.3,-4.4,-0.6,-0.8,0.5,-2.0,-1.3,-3.9,2.2,-0.5,-2.4,-3.1,3.0,-5.8,-9.0,-0.3,-3.2,-6.1,-2.6,-4.0,-4.0,-0.9,-7.5,-6.5,-3.9,-4.0,-6.3,-5.7,0.5,-4.1,-11.7,-18.9,-7.1,-4.6,-7.9,-6.2,-3.8,-9.3,-12.3,-12.1,-15.1,-0.9,-26.1,-1.6,-3.5,-7.2,-7.9,-7.1,-7.0,-4.3,-2.2,-4.5,-5.1,-2.3,-1.5,0.1,-4.9,-5.1,-2.1,-2.9,-2.7,-3.8,-4.5,-5.3,-1.1,-1.8,-2.5,-3.0,-1.1,-5.3,-5.9,-3.2,-0.2,-6.8,-6.1,-7.5,0.1,-4.9,-18.9,-5.5,-20.9,-6.5,-3.1,-7.8,-11.0,-3.9,-8.4,-4.5,-6.1,-2.4,-0.2,-0.4,-2.9,0.1,0.7,-4.1,-0.5,-4.6,-4.4,-3.7,-5.9,-0.8,-4.4,-5.6,-6.6,-6.0,-6.8,-7.9,-10.4,-29.1,-29.4,-13.0,-1.4,-5.6,-12.5,-2.3,-6.8,-7.9,-12.5,-6.0,-3.9,-8.1,-5.7,-3.4,-3.1,-2.2,-13.8,1.3,-6.6,-26.8,-5.1,-4.4,-7.5,-5.6,-7.8,-8.1,-29.7,-21.3,-8.4,-7.3,-11.9,-8.1,-7.1,-9.3,-1.8,-8.0,-7.2,-5.6,-9.7,-8.6,-7.9,-3.9,-8.8,-5.5
2C7L517KCm,0,48.102507,11.621549,4441818.58,2777875.41,542.7,588.4,252,7232,2.5,0.88,0.39,32.59,348.92,-0.529,-0.104,0.843,-1.7,0.1,-0.44,0.19,0.7,0.2,-0.3,1.4,-1.0,0.9,-0.4,1.0,0.2,0.6,-0.7,-0.1,-0.7,0.7,-0.2,1.1,-1.5,-0.5,-0.7,-1.4,-2.8,-1.8,-2.1,-3.1,-1.5,-0.3,-1.3,-0.5,0.7,-0.4,1.0,-0.6,-5.3,5.9,-7.1,-5.3,-4.9,-3.8,-5.1,-2.8,-1.2,-1.3,-1.6,0.6,-0.3,0.8,0.4,-0.8,0.7,-1.4,-0.1,-2.0,0.2,2.9,1.1,-0.6,0.3,-3.0,0.2,1.4,0.1,0.2,-0.8,1.2,0.6,-0.5,-2.5,-6.3,-4.2,-3.0,-3.4,-4.1,-3.7,-2.7,-3.9,-3.8,-1.7,-1.9,-1.8,-0.1,-3.7,-2.5,-1.8,-2.9,-3.0,-1.7,-4.5,5.2,-2.8,-2.6,-4.3,-0.3,-2.0,-2.8,0.4,-2.7,-1.9,1.0,0.8,-2.3,-2.2,-0.9,-1.2,-2.0,-4.1,-1.2,-3.4,-2.7,-1.4,0.0,0.7,-0.2,-0.2,-1.4,-2.9,-2.7,-2.6,-2.9,-3.5,-3.8,-2.7,-1.9,-2.7,-4.5,-0.1,1.7,-3.7,-2.9,-4.9,-4.4,-4.2,-6.2,-8.5,-2.1,-6.1,-2.9,-2.5,-4.5,-7.3,-4.5,15.1,4.8,-6.3,-4.3,-5.0,-5.2,-5.2,-1.4,-5.3,-3.1,-1.8,-1.3,-0.2,-5.9,-6.8,-7.1,-7.5,-2.3,-6.7,-3.6,-3.6,-5.9,-7.2,-6.3,-5.8,-7.6,-6.4,-7.1,-0.4,-6.1,-8.8,1.1,-3.2,-7.1,-8.7,-6.5,-8.4,-7.9,-8.2,-7.7,-7.3,-8.9,-5.9,-7.7,-5.6,-4.0,-8.0,-6.2,-2.6,-6.3,-8.3,-6.1,-8.6,-9.6,-10.0,-2.4,-11.7,-6.8,-9.5,-9.6,-8.0,-8.7,-10.0,-7.3,-7.6,-9.0,-9.1,-5.9,-8.3,-7.6,-7.0
2C7L517KDg,0,48.102897,11.624581,4442043.54,2777923.67,534.4,580.1,252,7288,3.8,0.72,0.6,32.64,348.96,-0.529,-0.103,0.842,-0.4,0.2,-0.52,0.29,0.4,0.2,-0.3,6.1,2.6,4.7,-5.4,0.9,-12.6,1.9,0.3,3.9,10.4,-1.2,-8.0,-0.1,1.4,-0.4,-1.3,-1.2,1.8,-5.1,-3.2,-0.0,2.5,5.6,-4.3,-6.1,8.4,9.6,6.4,3.3,-8.3,-2.7,0.5,11.2,-1.2,2.1,-2.0,3.1,3.5,3.3,4.0,5.2,0.2,5.1,1.1,5.0,2.1,4.1,2.6,0.4,-1.7,-8.9,0.2,-1.1,2.1,-1.6,1.1,1.1,9.6,-0.4,1.0,-0.3,-8.8,-4.6,1.4,3.2,5.7,-2.0,-1.8,-0.2,3.3,4.1,0.4,0.9,3.1,-4.5,-0.0,5.3,3.2,1.3,-1.1,4.6,-4.7,2.6,1.7,1.0,-1.6,2.0,0.1,1.9,0.8,1.2,1.0,12.3,0.7,-1.3,8.1,3.2,9.2,2.9,7.1,-9.2,3.8,1.3,6.0,6.1,6.4,1.9,2.0,-5.2,-0.5,-0.1,0.5,-1.9,0.3,1.2,1.6,-3.9,-0.6,-0.1,0.2,9.8,3.9,0.9,1.5,-0.8,3.1,-1.2,2.0,2.2,-2.1,-1.2,-1.1,6.0,5.2,0.2,-1.2,1.4,-2.4,3.3,-4.3,4.2,0.3,6.1,-1.4,2.4,3.4,-10.8,2.1,1.1,0.4,3.7,-1.7,-0.1,-1.1,3.2,1.3,2.3,-2.7,0.7,1.3,-1.1,6.1,-0.8,-8.4,-0.6,1.6,-0.7,-3.9,-0.3,1.4,-1.1,-0.8,-3.5,2.5,1.4,4.6,0.6,1.5,-3.2,4.3,1.3,-0.2,-0.7,0.7,0.4,1.2,2.2,2.6,0.9,-2.1,-2.4,-5.3,4.3,-0.7,0.0,-3.0,0.8,-8.2,-1.7,-1.4,-1.6,-0.6,0.1,-1.6,-2.3,-1.8,-1.2,0.3
2C7L517KE6,0,48.10313,11.626398,4442178.34,2777952.56,550.9,596.7,252,7314,3.7,0.68,0.47,32.64,348.96,-0.529,-0.103,0.842,-0.6,0.2,-0.42,0.29,1.8,0.2,-0.3,5.8,0.8,3.6,-0.8,1.1,0.3,-0.0,-1.4,-2.3,-0.8,1.3,-1.9,1.9,-1.3,-3.0,-9.3,0.3,-7.3,-6.1,-3.5,-2.8,-5.4,-5.5,-4.0,-1.9,-3.7,-3.5,-1.3,-3.3,-8.3,-15.4,-5.1,-7.3,-13.2,-5.9,-8.3,-3.7,-1.6,-6.6,-4.1,-6.5,-0.5,-2.9,-8.3,-5.2,-5.7,-2.6,-4.7,-14.2,-13.5,3.5,8.1,5.3,1.7,-10.7,1.4,-1.9,0.4,5.9,-6.7,3.2,-2.1,-8.3,-2.2,-6.2,-0.3,0.6,3.0,-4.9,-5.1,-0.9,-5.7,-19.2,-8.5,-10.8,-7.9,-4.9,-9.1,-8.6,-8.2,-4.6,-3.7,-5.7,-6.8,-2.7,-3.7,-6.6,-4.9,-5.8,-8.3,-7.1,-2.5,-1.7,-2.3,-4.9,-0.9,-4.9,0.3,-5.6,-0.7,-3.4,-3.4,-5.6,0.1,-6.4,-1.8,-2.7,-2.2,-5.1,-6.4,-3.9,-2.7,1.6,-1.4,-1.9,1.2,4.1,0.6,-0.9,0.5,-1.5,1.1,1.1,3.8,-6.1,-0.1,-2.7,-7.6,-3.7,-6.5,-4.2,-4.7,-4.0,-7.4,-3.2,-6.7,-3.2,-13.2,-5.3,1.0,-2.4,0.3,-6.7,-2.1,-3.0,-2.9,-5.4,0.3,-1.5,-1.1,-12.8,-5.0,-6.5,-10.8,-2.2,-1.6,-4.4,-0.7,-3.9,-0.3,-2.8,-6.5,-3.1,-5.0,-6.0,1.2,1.1,-6.7,-5.9,-2.4,-4.3,-6.1,-6.9,-4.5,-8.1,-13.4,-4.7,-2.0,0.1,-3.8,-4.9,-0.2,-2.5,-4.8,-3.9,-2.4,-8.4,-6.4,-7.3,-10.7,-12.6,-8.1,-2.2,-7.6,-5.2,-3.9,-6.0,-9.7,-4.1,-13.9,-3.8,-9.3,-5.3,-6.5,-7.0,-7.7,-8.6,-4.3
2C7L517KF2,0,48.103542,11.629603,4442416.08,2778003.56,544.9,590.6,252,7372,2.5,0.88,0.35,32.66,348.96,-0.53,-0.103,0.842,-0.5,0.1,0.01,0.19,0.8,0.2,-0.3,1.0,1.1,0.8,1.5,0.4,-1.5,3.2,1.2,1.3,-2.2,-0.4,-0.2,2.5,-0.2,1.1,-0.7,2.4,1.9,2.5,0.7,-1.8,0.8,1.5,4.0,3.9,3.0,5.1,3.3,2.1,0.3,-4.3,-2.4,-3.7,-2.4,1.3,4.1,0.3,3.4,3.6,1.1,2.8,2.3,3.5,-0.6,2.6,3.3,1.1,0.0,3.0,0.5,-0.4,0.9,1.7,2.8,1.4,-2.2,0.9,1.1,1.6,1.8,1.1,3.0,1.6,0.9,-8.2,1.0,0.7,1.8,-0.6,1.2,0.7,3.1,-1.2,-1.3,-0.5,-0.1,-1.3,1.1,-1.1,1.9,-1.5,0.5,-2.5,1.6,3.4,0.8,4.0,1.5,3.1,3.6,2.7,1.4,-0.6,0.8,-2.6,4.0,2.9,2.7,4.2,2.8,2.2,5.7,0.7,4.5,0.5,1.4,-0.0,1.8,3.5,-0.3,-1.8,2.2,1.2,1.6,1.9,-0.8,-1.3,0.8,-0.1,1.5,1.9,-0.4,-1.7,2.3,0.5,2.0,-1.9,4.2,1.0,-0.1,0.3,-1.9,1.6,1.8,-0.5,-0.1,0.7,-2.9,1.0,2.7,0.1,-1.6,-5.3,2.1,-2.6,1.7,2.8,-0.6,-1.7,-0.9,-14.2,0.1,2.6,0.4,1.7,-1.8,2.3,-0.2,0.9,1.2,0.1,-0.9,-1.3,-1.7,-1.2,2.9,2.2,1.8,3.5,2.1,1.2,2.3,-2.3,-1.4,-1.1,-4.3,-8.5,-4.6,-14.9,-1.5,1.6,-0.9,1.0,-1.4,-0.4,2.0,-2.5,1.9,2.8,-0.8,1.7,-0.0,-3.9,1.9,-1.1,1.3,0.6,-2.0,-3.2,-0.8,-2.2,-0.9,-0.3,-0.0,3.2,-1.7,2.8,2.2
2C7L517KGp,0,48.104314,11.63562,4442862.42,2778099.33,532.4,578.1,252,7483,4.4,0.51,0.52,32.69,348.96,-0.53,-0.103,0.842,-0.6,0.2,-0.1,0.34,4.1,0.3,-0.3,0.6,3.0,-5.8,0.5,-0.7,0.4,0.2,3.6,12.2,-9.3,1.2,0.5,2.4,1.2,-1.7,-0.9,-12.5,-13.0,-9.3,-8.7,-5.4,-6.8,-6.4,1.0,-6.8,-14.3,-1.9,-6.5,-0.4,0.7,-4.6,-10.7,-8.1,-9.5,-11.7,-11.6,-13.6,7.0,-10.8,-9.0,-2.0,-9.1,-5.9,-10.5,-2.3,-9.7,-3.9,-4.0,-5.7,-6.4,-1.7,-3.4,-0.2,-0.6,0.2,-3.4,-4.2,1.0,3.8,1.5,1.2,-6.6,8.9,3.1,2.0,-4.0,-1.7,3.2,4.5,-5.5,-4.2,-4.1,-3.3,-7.7,-1.6,-3.9,-4.7,-6.1,-7.5,-7.7,-6.7,-9.3,-9.4,-2.3,-7.4,-6.5,-6.3,-5.0,-6.1,-3.7,-6.9,-10.6,-6.9,-6.9,-1.0,-5.5,-7.2,-5.5,-6.0,-4.8,-8.7,-4.6,-4.8,-4.1,-3.5,-1.7,5.6,-0.4,-3.8,0.9,-12.0,2.9,3.3,0.1,12.4,-1.8,-8.6,-0.1,4.4,4.5,-4.7,-0.7,2.2,-8.1,-7.8,-6.2,-7.3,-7.4,-3.6,-4.6,-5.6,2.1,-7.4,-3.1,-10.0,-9.1,-5.9,-7.5,-2.3,-1.1,-6.4,-3.1,-0.8,-2.2,-7.3,-10.0,-6.0,-2.1,-0.5,-1.1,-4.1,-2.3,-0.5,-1.9,-3.7,-8.4,-6.1,-7.5,-9.4,-12.2,-16.0,-17.6,-16.2,-0.9,-21.2,-3.9,0.9,-8.6,-12.3,-6.2,-6.2,-13.4,-4.1,6.0,-4.3,-2.3,-5.6,-10.9,4.8,0.1,-0.2,-4.2,-2.5,-2.4,-1.3,-5.7,3.8,-11.3,-11.0,-5.8,-13.6,-8.8,-6.2,-13.5,-15.4,-18.9,-8.0,-5.8,-0.4,-9.8,-7.5,-3.7,-7.2,-1.6,-2.9,-2.2,2.7,1.0
2C7L517KCo,0,48.102531,11.621589,4441821.49,2777878.11,540.3,586.0,252,7234,1.7,0.9,0.29,32.59,348.92,-0.529,-0.104,0.843,-1.9,0.1,-0.81,0.15,0.4,0.1,-0.3,-0.9,0.9,-1.1,-0.4,-1.3,-2.7,-1.5,-1.1,-1.1,-0.4,-0.5,-0.7,-2.7,-1.4,-1.9,-1.8,-2.5,-4.3,-1.8,-3.2,-2.2,-3.0,-2.3,-2.2,-2.0,-0.7,1.2,-0.8,0.1,-4.0,6.5,-6.7,-4.8,-5.7,-1.8,-4.3,-3.3,-1.9,0.6,-1.5,0.7,-2.3,-1.2,-2.5,-3.6,-0.5,-3.1,-3.4,-2.0,-2.1,-0.8,-3.0,-2.3,-2.5,-3.3,-2.2,-3.3,-2.8,-3.0,-3.4,-3.1,-4.0,-0.7,-3.7,-3.5,-4.2,-3.4,-5.9,-5.3,-4.4,-4.0,-3.7,-2.7,-5.0,-3.9,-3.3,-3.0,-3.6,-3.0,-2.8,-4.4,-4.9,-3.8,-5.5,-5.5,-4.2,-2.7,-6.7,-2.6,-3.4,-4.1,-4.0,-5.5,-6.4,-5.1,-2.1,-5.9,-3.8,-3.2,-4.7,-4.6,-3.9,-4.3,-3.7,-5.3,-3.8,-2.9,-5.0,-2.9,-4.9,-4.2,-3.5,-4.1,-2.9,-2.5,-3.4,-5.1,-4.5,-4.5,-3.3,-2.5,-2.0,-3.1,-4.4,-5.4,-5.8,-3.6,-5.1,-3.3,-4.0,-7.9,-4.6,-3.6,-10.1,-7.8,-7.6,-4.2,-5.4,-3.5,-5.2,-5.9,-3.6,-3.7,-4.2,-2.1,-2.9,-1.6,-2.6,-2.1,-9.6,-2.2,-6.5,-3.1,-5.5,-6.4,-4.7,-4.2,-2.7,-2.5,-2.1,-3.6,-6.2,-5.1,-4.6,-3.0,-3.6,-3.7,-7.7,-3.4,-5.0,-7.4,-7.6,-7.8,-6.9,-10.4,-8.4,-8.0,-8.7,-3.2,-7.9,-8.6,-11.5,-10.2,-8.2,-11.1,-10.4,-8.3,-11.7,-10.6,-12.0,-12.1,-10.2,-11.0,-13.4,-11.4,-11.6,-10.9,-13.4,-12.0,-13.5,-11.4,-12.2,-11.8,-10.6,-11.4,-11.1,-15.2,-11.9
2C7L517KE8,0,48.103144,11.626362,4442175.57,2777954.05,543.9,589.6,252,7316,2.9,0.82,0.36,32.64,348.96,-0.529,-0.103,0.842,-0.3,0.1,-0.27,0.22,0.2,0.2,-0.3,8.3,1.1,-0.8,-4.1,-6.7,-4.7,-8.9,3.8,6.5,-6.7,1.5,-2.3,4.4,1.6,4.0,4.3,-0.4,-0.5,-1.1,1.0,0.2,-0.4,1.1,1.2,2.7,1.3,0.3,-0.2,-2.1,0.3,-8.5,-4.3,-2.7,-0.8,-1.0,-0.9,2.3,1.7,4.8,3.3,3.7,1.5,5.3,3.1,1.2,3.0,-3.4,1.3,-1.1,0.7,2.6,3.0,2.8,3.1,0.6,2.8,-2.7,2.4,2.7,0.6,0.5,2.9,-5.6,1.1,-7.0,-1.9,1.6,-7.1,2.2,0.2,-0.2,2.9,-5.7,0.3,-2.4,-0.5,-1.2,-0.3,2.4,1.2,0.1,-0.4,-1.6,0.1,-0.9,1.8,4.7,-0.3,1.6,1.4,-1.9,-1.4,-2.4,-0.2,-3.0,4.4,-3.0,1.3,-1.1,-0.2,-2.1,-0.4,-0.5,-0.5,-0.3,-0.7,0.8,0.1,-2.4,2.6,-0.9,2.4,2.9,1.2,1.8,-0.1,-3.6,2.7,2.4,-0.6,11.6,3.2,-0.8,-1.0,2.0,3.8,-0.6,-2.2,0.0,-1.5,3.9,1.0,-2.5,1.9,-0.2,-0.7,-0.8,-5.0,1.4,3.6,-0.2,-2.1,-0.1,-0.8,0.4,2.2,-4.8,1.1,4.1,4.4,3.1,-2.8,1.3,-0.1,0.7,-1.9,-2.6,-2.6,-0.4,-1.0,0.1,1.3,2.3,-3.6,0.9,2.7,2.5,-4.2,3.6,2.3,-3.6,-5.1,-4.0,-5.7,-3.2,-9.3,-0.6,2.3,3.8,0.0,-2.0,-1.3,-2.5,-1.1,-1.5,-0.6,-4.0,1.3,0.4,-4.3,-2.7,0.1,1.6,-0.7,-2.7,-1.5,-1.7,-2.1,-1.4,0.1,-0.3,2.1,0.1,-2.7,-3.4,0.6,-1.5,0.7
2C7L517KEB,0,48.10315,11.626406,4442178.89,2777954.77,539.0,584.7,252,7319,1.6,0.92,0.27,32.64,348.96,-0.529,-0.103,0.842,-0.5,0.1,-0.26,0.12,1.3,0.1,-0.3,0.6,0.1,0.3,0.9,0.0,1.5,1.9,1.1,0.7,1.2,0.4,1.8,0.8,-1.6,-1.1,-0.5,-1.2,-1.0,0.1,-1.2,-2.7,-2.2,-0.9,-2.6,-0.8,-1.5,-0.8,-1.0,-2.3,-3.4,-11.1,-6.4,-5.0,-4.7,-4.5,-4.0,-1.2,-2.6,-0.9,-1.2,-1.6,-1.1,-2.7,-2.1,-2.3,-3.1,-2.6,-1.0,-1.1,-0.3,-0.3,-0.7,-0.2,0.3,-0.7,-0.7,-0.0,-0.4,-0.2,-0.8,-1.6,-1.5,-1.8,-1.5,-0.1,-0.3,-1.7,-2.4,-1.7,-0.5,-1.2,-1.7,-0.7,-1.1,-0.8,-2.3,-0.1,-0.6,-0.7,-1.5,-1.6,-2.2,-2.5,0.2,-1.9,-3.1,-1.5,-5.6,-2.6,-2.2,-3.3,-1.8,-3.1,-0.4,-4.2,1.0,-0.5,-0.2,-2.2,-1.3,-1.1,-2.6,-1.0,-0.5,-3.4,-0.4,-2.0,-0.7,-2.1,-1.5,-0.3,-0.1,-0.3,-0.2,-0.0,-0.2,-2.7,0.3,1.5,0.9,-0.5,0.4,-0.5,-2.6,-3.1,0.2,0.4,-0.4,-1.0,-2.1,-2.1,1.4,-2.4,-1.0,-5.9,-5.0,-4.0,-7.7,-1.9,0.6,-3.5,-5.0,-3.8,-2.1,-0.7,-2.0,-1.4,-1.6,-1.8,-0.7,0.9,-1.9,-0.6,-2.8,-0.2,-3.1,-2.6,-2.5,-1.9,-3.7,-3.4,-3.0,-0.9,-4.2,-5.0,1.3,-2.4,-6.9,-3.6,-3.6,-5.6,-6.5,-7.2,-3.0,-0.8,0.0,-2.5,-1.1,-3.6,-1.5,-1.0,-1.0,-0.4,-2.0,-2.6,0.4,-3.0,-1.3,-3.0,-6.4,-6.2,-4.9,-4.3,-2.9,-3.8,-5.7,-5.0,-4.4,-4.7,-5.6,-2.7,-5.3,-4.1,-2.3,-0.7,-2.9,-3.8,-4.3
2C7L517KEG,0,48.103187,11.626698,4442200.51,2777959.41,538.4,584.1,252,7324,2.4,0.86,0.35,32.65,348.96,-0.529,-0.103,0.842,-0.6,0.1,0.52,0.19,0.5,0.2,-0.3,0.2,-1.4,-1.2,-1.8,-1.1,-2.2,-0.9,-0.1,-0.7,-0.5,0.6,-0.3,-0.2,-3.9,-0.0,-0.3,-0.7,-2.9,-0.8,0.8,0.7,3.4,2.4,0.2,1.7,3.6,4.9,0.7,1.5,0.9,-7.8,0.4,-7.3,0.9,-4.0,-3.4,-0.5,-3.6,-3.0,-2.4,1.9,-0.6,1.3,-1.4,-1.5,0.5,-0.9,-2.4,-2.5,-2.2,2.3,-3.4,-3.4,-3.4,-3.7,-3.1,-0.9,-2.4,-2.2,-3.4,-2.1,-5.4,-1.7,-4.5,-3.6,-1.5,-4.7,-5.0,-5.0,-3.3,-2.6,-3.4,-3.6,-3.4,-1.7,-3.6,-2.0,-3.0,-0.9,-1.1,-3.2,-3.2,-2.8,-2.4,-4.8,-4.2,-11.5,-2.3,2.8,0.2,-5.9,-5.7,-10.3,1.5,-12.3,-2.2,-2.8,-0.6,-3.8,-3.0,-4.5,-0.6,-1.6,2.2,-3.1,-1.8,-1.8,-2.9,-3.6,-2.9,-1.3,-3.5,-3.2,-3.2,-1.7,-0.9,-4.0,-4.5,-3.5,-6.0,-6.1,-6.0,-4.9,-4.1,-3.1,-0.6,-1.2,-4.1,-3.5,-0.5,-3.1,-0.2,-0.5,-3.2,-4.4,-5.7,-1.1,-7.5,-0.4,1.3,0.9,-4.0,-5.5,-2.3,-1.6,-3.1,-3.8,-3.5,-1.7,-4.0,-5.1,-5.3,-3.7,-3.4,-1.4,-6.8,-4.8,-4.4,-0.9,1.7,-2.0,-0.6,2.3,-4.9,-5.8,1.3,-4.5,-6.0,-1.9,-1.5,-2.4,-6.0,-6.7,-4.4,-1.0,-5.4,-3.8,-2.0,-7.9,-4.5,-3.8,-2.0,-0.9,-3.6,-4.4,-2.0,-1.0,-0.8,-1.3,-4.6,-7.1,-1.8,-4.0,-5.2,-4.2,-4.5,-5.8,-5.2,-4.3,-6.6,-4.8,-4.3,6.4,-3.8,-5.7,-3.7,-3.9,-4.7
2C7L517KEH,0,48.103187,11.626698,4442200.54,2777959.42,535.6,581.4,252,7325,1.3,0.96,0.13,32.65,348.96,-0.529,-0.103,0.842,-0.7,0.1,-0.09,0.1,0.3,0.1,-0.3,-0.7,0.4,-0.5,0.1,-0.7,-0.9,-0.0,-0.4,0.4,0.1,1.3,-0.1,1.0,0.2,0.9,0.2,0.0,-1.5,-0.7,-1.5,-0.5,0.6,0.4,-0.6,1.9,0.2,2.1,0.5,0.8,-2.6,-8.3,-5.1,-3.2,-2.0,-2.7,-1.7,0.4,-0.9,1.2,-0.3,1.3,0.7,2.1,-0.6,-0.5,0.0,-1.3,-1.1,-1.0,-0.9,1.3,-0.9,-0.5,-0.4,-1.0,-0.3,0.3,-0.1,-0.3,-1.0,-0.8,-1.7,0.5,-1.2,-1.5,-0.6,-0.4,-2.2,-1.4,-0.7,-0.9,-0.4,-1.9,-0.4,-0.9,-0.5,0.0,-0.4,0.2,-0.5,-0.6,-0.7,-2.0,-1.1,-1.9,-0.9,0.2,-3.8,-1.4,-0.4,-2.8,-2.0,-4.1,-0.6,-3.8,1.7,-1.3,0.3,-1.2,0.1,-1.5,-0.2,-0.4,1.0,-1.9,-0.6,-1.0,-1.3,-2.2,-1.7,-1.5,-1.7,-1.9,-1.2,-1.1,-1.6,-2.8,-2.3,-1.6,-1.7,-1.3,-1.5,-1.6,-2.1,-1.8,-0.6,-0.9,-1.5,-0.8,-2.4,-2.8,-0.2,-2.7,-1.6,-2.1,-2.5,-2.2,-7.1,0.6,1.7,-2.4,-2.1,-2.8,-1.3,-0.3,-1.9,-1.6,-0.7,-1.2,-2.2,-1.3,-3.4,-2.1,-2.4,-1.6,-1.6,-1.1,-2.5,-0.3,-1.1,-1.7,-1.4,-1.7,-4.6,-3.9,0.9,-2.5,-5.5,-1.0,-1.1,-2.8,-5.1,-5.3,-3.7,-3.6,-2.9,-3.1,-1.6,-3.2,-2.9,-2.7,-2.5,-2.3,-2.9,-2.8,-1.9,-2.8,-0.9,-2.3,-4.9,-5.7,-3.0,-3.5,-3.4,-4.2,-3.7,-3.9,-4.1,-3.9,-4.1,-3.3,-3.4,-3.6,-3.1,-2.7,-2.7,-3.6,-3.4
2C7L517KEo,0,48.103432,11.628605,4442341.97,2777989.76,535.4,581.1,252,7358,3.8,0.73,0.43,32.65,348.96,-0.53,-0.103,0.842,-1.3,0.2,-0.25,0.29,0.7,0.2,-0.3,0.6,2.2,-1.1,0.6,-0.9,-0.2,-1.2,0.4,0.3,-0.4,2.4,0.5,0.9,-3.1,1.1,1.3,1.4,1.2,-3.1,1.7,3.5,-3.0,3.2,-0.3,0.6,2.3,1.7,0.7,11.9,3.4,-10.7,-3.9,6.1,-0.6,9.5,5.4,5.8,5.4,-0.5,-3.1,0.1,7.0,4.2,0.7,-0.0,-0.4,-0.9,0.5,-1.5,-0.8,-2.8,-7.2,2.2,-2.5,-1.2,0.9,2.2,-1.5,-0.9,-3.5,-2.9,-2.8,-8.1,-5.8,-13.3,2.5,-5.0,12.4,-1.5,-1.4,-0.6,-1.1,-0.9,-2.0,-1.6,-2.0,-3.5,-3.0,-0.4,-3.1,1.4,0.5,1.8,0.6,2.3,1.7,-11.6,-0.1,-9.1,-5.1,-1.5,0.2,2.5,-12.7,1.5,-0.1,1.8,0.6,-0.2,-0.2,-0.9,8.9,3.1,-8.8,2.0,4.8,1.8,-0.8,-4.2,-2.4,-5.3,10.6,-6.0,-3.4,1.0,1.7,-1.8,-2.7,0.6,-1.4,-3.8,-1.4,0.2,0.3,-1.8,-1.6,2.3,-0.3,-0.7,-2.7,0.5,-0.3,2.1,-1.0,7.4,-1.0,-1.9,-2.3,0.5,3.0,-9.9,-3.3,-2.3,-2.0,-0.8,0.6,-1.7,-2.7,-3.6,-2.4,-4.8,-1.8,-1.8,-3.2,-3.7,-2.8,3.5,-1.7,-0.7,-2.6,-4.4,-3.1,-3.2,-5.6,-2.3,2.2,-2.3,-14.4,-8.9,-6.4,-7.6,-6.0,-6.9,-7.4,-4.9,-4.1,-3.8,-3.7,-8.8,-5.3,-3.6,-3.5,-4.4,-4.6,-7.0,-3.6,-4.0,-6.7,3.9,-0.2,7.6,-7.7,-7.0,-4.2,-7.5,-8.1,-12.4,-6.8,-6.5,-8.8,-8.3,-5.2,-4.3,-4.2,-2.2,-5.6,-3.4,-3.5
2C7L517KF5,0,48.103566,11.629651,4442419.63,2778006.41,541.1,586.8,252,7375,4.3,0.66,0.68,32.66,348.96,-0.53,-0.103,0.842,0.6,0.2,-0.3,0.33,2.4,0.3,-0.3,-0.5,0.5,-0.6,-0.1,-1.5,-0.0,-1.6,8.3,-0.8,0.6,8.4,2.9,-5.9,2.3,1.4,0.2,-1.6,-2.8,-4.4,-1.7,-5.8,-8.2,-2.4,-15.9,-4.4,1.6,-0.3,-1.4,-4.1,-5.9,-4.2,-4.9,-4.6,-3.4,-17.6,-2.6,-7.2,-3.6,-10.1,-13.6,9.1,-3.2,-7.8,1.3,-5.8,8.8,-2.8,0.4,-0.2,1.8,2.8,1.6,2.4,0.5,0.3,2.9,-0.6,2.6,-0.4,0.3,4.0,0.6,1.9,-6.1,1.3,1.8,1.0,3.0,-1.1,1.4,2.5,-2.9,-0.8,0.7,-1.0,-0.7,2.5,-2.8,-3.6,-3.5,-1.7,-0.9,-14.2,-3.5,-17.1,0.7,1.6,-0.9,-1.9,-1.3,-4.5,-5.5,-2.9,-1.7,6.1,1.3,-6.2,-0.5,0.2,-0.7,-14.0,-0.3,-8.6,-2.8,3.5,0.9,2.4,3.7,-0.5,6.9,0.3,2.0,2.3,-0.2,-5.1,6.0,-0.5,0.5,1.5,2.9,0.4,3.5,10.4,-1.5,3.4,-1.6,-2.4,0.8,11.3,-4.3,-0.7,-1.2,3.7,1.2,-5.4,-2.0,-3.0,-8.0,-1.7,1.9,-2.9,6.9,-0.7,1.5,1.4,1.1,0.9,1.8,1.0,3.3,0.9,0.2,5.0,-0.7,1.3,6.6,-0.5,0.4,-13.1,9.9,-2.9,1.2,0.8,-2.2,-4.5,2.6,-0.7,-1.9,-2.0,-1.1,0.0,0.8,-4.5,-0.3,-4.3,0.4,-0.2,0.5,-3.8,-1.8,3.4,2.2,4.7,-3.2,10.3,-1.1,-3.7,-0.9,4.2,-3.6,-2.5,-6.3,9.3,-14.1,-1.6,9.0,-1.8,6.0,-2.3,1.6,2.1,2.4,2.7,2.2,1.3,0.7,1.0,0.7
2C7L517KFI,0,48.103656,11.630347,4442471.2,2778017.48,537.0,582.7,252,7388,3.8,0.7,0.41,32.66,348.96,-0.53,-0.103,0.842,0.1,0.2,-0.39,0.29,0.2,0.3,-0.3,-4.5,-2.0,1.9,3.1,0.3,-1.7,1.6,0.6,3.1,-8.0,0.1,-5.8,4.9,0.1,3.4,-1.5,-2.0,-3.6,2.2,-5.3,3.4,2.3,-2.3,5.1,0.9,5.6,0.7,5.5,3.5,3.1,3.7,-2.9,2.6,-0.6,-1.6,2.9,4.8,6.9,6.6,4.6,5.2,3.9,4.2,4.2,2.9,3.5,-2.9,2.9,7.1,-2.6,5.2,2.7,-0.6,-2.9,-4.0,3.6,1.3,6.0,2.3,2.1,1.9,-5.8,4.4,-2.2,-11.0,0.4,-2.4,12.9,2.5,13.0,-6.0,4.0,-4.4,2.9,3.1,3.3,3.8,1.2,2.6,3.1,3.2,12.8,5.6,3.4,4.2,3.2,2.8,3.5,3.4,3.8,2.4,-7.5,-3.0,2.6,2.4,4.1,2.6,5.4,4.2,3.6,1.8,3.4,3.5,4.0,5.5,10.7,4.9,4.1,4.7,2.8,2.8,1.3,-0.1,4.4,0.6,-1.5,-5.3,-0.6,3.0,0.9,-6.0,3.1,1.5,2.1,-0.3,6.9,2.3,4.0,2.7,1.3,-1.6,1.3,1.9,1.0,-0.6,0.3,-6.3,-3.4,3.0,4.9,2.4,0.0,0.5,1.5,6.6,-3.4,10.2,3.3,4.6,3.9,3.9,2.3,3.5,4.8,5.5,-11.1,0.4,-1.1,7.8,2.9,-2.1,-1.0,6.0,-2.2,-2.0,2.0,1.4,-1.4,0.8,0.7,0.5,-1.6,-2.7,4.3,2.2,7.0,1.5,5.6,7.4,7.6,5.0,4.1,3.6,2.3,-0.8,10.6,1.0,7.2,1.6,-3.4,-3.4,-1.4,0.3,0.4,-0.0,-0.5,-2.0,-2.2,-3.0,-1.4,-2.9,6.5,5.5,7.3,7.1,-1.7,4.5,2.2
2C7L517KFJ,0,48.103672,11.630471,4442480.4,2778019.44,540.3,586.0,252,7389,3.6,0.72,0.48,32.66,348.96,-0.53,-0.103,0.842,-0.8,0.2,0.09,0.28,0.7,0.2,-0.3,5.7,6.6,2.3,4.3,-2.6,9.0,-5.7,-5.3,1.0,5.5,-4.4,5.6,-0.7,-4.8,-3.1,-7.5,-9.4,-11.6,0.3,1.4,-0.5,-4.4,-8.2,-1.7,-2.1,-0.4,0.9,-0.3,-3.7,-3.9,-1.3,-1.8,-2.9,0.3,-8.0,-4.5,-2.0,1.0,1.0,-0.7,0.9,-2.1,-1.1,-1.8,2.4,-0.7,-1.4,-1.9,-0.7,3.4,0.3,-4.3,-1.8,-13.0,-7.1,-4.1,-3.9,-0.8,-4.3,-3.2,-4.1,5.8,0.3,6.0,5.8,1.6,0.7,-7.3,-2.6,1.6,-11.6,5.9,2.4,-3.2,-4.1,-1.7,-3.5,-5.3,-2.8,-3.6,-3.9,1.1,0.1,-2.5,-1.8,-1.3,-4.0,-2.1,-1.4,-2.2,-1.8,-1.9,-7.1,-0.9,-2.9,1.3,-1.7,1.2,1.6,-3.0,-0.4,-1.4,-3.9,-4.5,0.6,1.0,-2.8,-3.2,-2.3,-2.7,3.1,-1.1,-6.1,-0.7,-6.6,-8.4,-2.0,-3.5,-1.4,-5.0,10.5,-2.8,-5.4,-5.0,-7.9,-2.5,-3.1,-1.5,-4.3,-5.3,-6.6,0.4,-3.5,-0.5,-4.9,-5.2,-0.7,-9.3,-1.6,-2.2,-1.7,-7.1,-7.2,-6.4,2.9,-7.1,1.0,-2.6,-4.3,-7.2,-4.7,-0.0,-4.5,-2.8,-2.8,4.8,-5.1,-4.9,1.2,-3.4,-4.5,-4.7,-0.5,-8.1,-7.8,-3.8,-4.5,-6.3,-4.3,-2.5,-6.0,-7.8,-8.1,-3.1,-3.8,-3.0,-6.7,-1.3,0.8,2.3,-5.5,-3.4,-3.7,-4.3,-9.1,2.4,-3.3,1.7,-6.2,-12.2,-11.7,-5.7,-3.8,-3.2,-1.2,-5.5,-5.8,-5.4,-6.4,-5.6,-9.3,-1.5,-1.9,1.3,-0.6,-11.2,-4.4,-4.9
2C7L517KFM,0,48.103682,11.630548,4442486.14,2778020.68,536.1,581.8,252,7392,3.0,0.79,0.4,32.66,348.96,-0.53,-0.103,0.842,-0.9,0.1,-0.17,0.23,2.1,0.2,-0.3,-1.8,4.7,-2.1,2.6,-2.7,7.8,-0.7,-0.8,-1.0,2.8,-3.5,-4.1,-2.5,-2.5,-3.2,2.8,0.1,-3.2,-1.1,-3.7,-4.6,-3.9,-0.5,-0.4,-4.0,-2.6,-0.7,-2.6,-2.8,-4.0,-6.9,-7.8,-6.5,-4.6,-2.8,-2.2,-0.7,-3.1,-3.2,-4.4,-4.4,-1.4,-4.6,1.0,-4.9,-1.0,-5.5,-5.4,-1.1,-3.2,-1.1,-0.9,3.3,-2.1,-3.1,3.6,-2.2,0.4,-1.7,-0.4,-1.9,-0.8,-4.8,-0.4,2.1,-4.7,1.3,-1.3,-1.2,-0.2,-2.4,-3.4,-1.0,-0.7,-0.9,-3.0,-1.5,-6.3,-6.8,-0.3,-3.5,-3.3,-2.3,-2.9,-0.2,-6.1,-3.0,-3.5,-4.4,-2.3,-4.4,-0.4,-5.3,-3.5,-1.4,-2.7,0.7,-2.9,-4.5,-6.8,-3.9,-2.5,-3.5,-2.2,-3.3,-1.8,-2.1,-3.5,-0.1,-3.1,-3.3,-2.3,-4.2,-0.2,-3.4,-2.6,-4.2,1.9,1.9,-2.1,-1.7,0.4,1.0,-1.2,-2.8,-4.3,-4.7,-4.0,-5.7,-4.2,-6.4,-2.3,0.1,-4.9,-6.8,-5.0,-4.2,-4.4,-1.3,1.4,-4.8,-3.8,-5.5,-4.7,-1.8,-4.5,-1.2,-7.9,-1.6,10.7,-2.6,-4.0,0.3,-2.6,-0.2,-4.2,-6.0,-3.8,-3.5,-3.5,-4.7,-7.2,-4.6,-10.1,-8.7,-5.1,-7.9,-7.3,-7.7,-3.6,-3.5,-5.6,-11.2,-4.7,-4.0,-8.7,0.8,0.1,0.6,-3.8,-1.8,-4.7,-5.2,-4.4,-3.3,-4.6,-9.0,-3.5,-16.1,0.1,2.2,-14.0,-17.5,-7.4,-12.0,-14.4,-4.8,-7.9,-6.1,-5.3,-5.0,-0.4,-2.1,-4.3,-1.5,-1.1,-13.6,9.3
2C7L517KFP,0,48.103717,11.630825,4442506.72,2778025.09,541.3,586.9,252,7395,2.6,0.84,0.39,32.66,348.96,-0.53,-0.103,0.842,-0.6,0.1,0.04,0.19,1.2,0.2,-0.3,-2.8,0.1,6.2,3.0,-0.1,-1.7,-4.6,0.0,-2.5,1.8,2.0,-1.2,1.6,2.0,-4.2,3.0,1.9,-1.9,-0.8,-2.1,-3.8,-3.4,1.3,-0.4,3.4,-0.4,0.5,-2.6,0.4,-1.0,-0.7,-6.3,-1.0,-4.9,-1.2,-4.4,-0.3,-0.1,-11.3,-1.4,-0.6,-0.5,-2.9,-1.9,-0.7,-1.5,-2.1,-5.4,-9.0,-3.8,-1.8,-2.4,-0.1,-4.2,-2.3,-2.0,-1.0,-1.4,-2.3,-0.3,2.4,0.2,6.2,2.3,-1.1,0.4,-1.1,0.9,-0.6,-1.3,0.8,-0.1,-2.7,2.3,-1.0,2.0,1.5,0.0,0.7,-0.2,-3.6,1.1,-1.8,2.1,-1.2,-0.4,-3.8,-4.6,-4.3,-5.7,-2.9,0.8,-2.4,-1.9,-2.5,-0.4,-3.4,-1.9,0.3,-0.4,-3.1,-4.3,-3.4,-0.2,-3.6,-3.5,-4.6,1.1,-4.1,-1.3,-6.4,-2.0,-2.7,-1.9,-3.5,-6.8,-4.2,1.2,-0.9,-1.3,2.9,0.1,-4.3,-3.4,-4.0,-0.5,-1.5,-2.9,-2.1,-7.2,-7.2,1.8,-0.9,-1.5,-7.0,-5.9,-4.5,-6.8,-1.8,0.1,0.4,-4.1,-1.7,-6.4,-4.8,1.5,0.7,-7.8,-2.6,1.3,0.8,-1.3,-1.5,-1.6,-2.4,-4.7,-2.6,-2.4,-0.1,-0.7,-6.9,-6.6,-7.2,-5.9,-3.9,-4.1,1.6,-3.9,-3.5,1.5,-1.2,-2.6,-4.4,-4.1,-2.4,-10.8,-2.0,-1.9,8.5,-0.3,-3.2,-2.8,-2.1,-3.4,-2.8,-2.6,-2.2,-2.5,-2.2,-7.9,-1.2,-3.4,-7.2,-4.5,-2.0,-4.9,-4.8,-1.3,-5.3,-4.2,-4.7,-5.6,-6.6,-4.3,-1.0,-2.9,-3.9,-4.7
2C7L517KFR,0,48.103716,11.630817,4442506.06,2778024.95,536.5,582.2,252,7397,3.5,0.76,0.43,32.66,348.96,-0.53,-0.103,0.842,1.0,0.2,-0.32,0.27,0.6,0.2,-0.3,1.8,-0.1,1.3,2.3,-1.2,1.2,-1.4,-1.5,-1.5,13.5,0.4,-3.7,-1.1,1.7,-0.2,-1.8,4.3,-2.6,-2.1,0.2,-3.9,0.9,-2.4,1.4,2.0,5.2,-2.6,-9.6,1.0,0.4,-12.7,-0.8,1.1,-4.0,-1.8,-2.8,2.9,3.5,-0.4,-0.3,2.4,2.0,-0.4,1.2,-1.2,4.0,-2.7,-2.0,0.3,-1.4,2.9,4.8,1.8,0.4,-1.3,3.1,3.0,7.4,-1.7,3.0,1.6,1.4,-2.2,-1.8,-10.2,2.1,0.3,-6.8,-5.4,1.2,4.1,-2.6,-0.2,-0.8,1.6,0.5,-0.6,2.7,-0.3,-0.4,-1.5,-3.1,-0.2,2.5,-0.6,-3.6,-3.7,13.4,0.0,0.1,5.7,0.2,2.2,0.1,0.9,0.1,4.2,1.5,5.5,-1.0,3.3,1.0,-1.9,2.8,0.2,1.1,3.2,2.0,2.3,3.0,4.9,4.3,7.4,1.4,0.7,2.6,-3.2,-3.2,1.2,5.2,2.6,5.5,2.0,0.8,9.1,-0.5,3.8,3.9,3.9,3.9,2.5,6.2,4.6,5.2,-0.0,0.8,4.3,-1.6,7.1,6.6,9.7,2.3,1.7,2.3,2.6,1.3,12.3,3.9,3.8,2.3,18.0,2.4,4.4,1.0,4.1,4.8,1.7,5.1,1.0,5.8,-0.7,5.3,2.8,3.4,0.5,3.0,5.1,2.6,2.5,2.6,2.4,2.4,2.5,2.7,0.4,3.9,0.0,0.7,-4.3,4.0,2.2,8.5,1.0,0.9,1.2,10.2,0.5,2.8,-6.2,4.5,-0.4,6.5,3.8,4.4,6.1,1.1,3.3,13.8,4.4,-0.3,3.2,1.9,4.5,6.6,11.2,0.8,10.2,4.2
2C7L517bG3,0,48.102646,11.622341,4441877.21,2777892.13,539.2,584.9,253,7247,3.1,0.68,0.41,32.6,348.92,-0.529,-0.104,0.842,-0.2,0.2,-0.38,0.25,3.0,0.2,-0.3,-2.8,-1.7,-3.1,-0.6,-2.4,1.2,0.3,1.7,-0.5,-1.4,3.2,-1.0,-4.2,-6.3,-4.7,-3.2,-4.4,-4.1,-4.4,-3.8,-5.6,-5.2,-2.9,-5.6,-4.6,-4.3,-4.4,-5.2,-9.9,-10.8,0.5,-10.8,-10.3,-10.8,-8.8,-8.4,-5.0,-4.9,-5.8,-4.6,-6.5,-4.3,-4.7,-6.9,-8.8,-10.5,-6.1,-7.3,-9.0,-5.5,-7.3,-5.2,-4.5,-3.9,-5.0,-5.9,-2.8,-4.1,-5.8,-4.3,-4.1,-2.4,-7.0,0.6,2.4,-4.0,-5.9,-7.4,-4.1,-4.8,-2.7,-6.4,-3.5,-6.3,-4.7,-4.7,-6.8,-7.5,-11.1,-11.0,-11.8,-14.3,-12.9,-12.2,-0.9,-10.2,-9.8,-13.4,-7.8,-11.0,-7.9,-13.2,-4.5,-9.4,-9.4,-7.1,-7.7,-5.2,-6.9,-8.3,-4.6,-8.0,-0.4,-7.4,-10.5,-13.7,-4.2,-5.3,-1.5,-6.3,-0.8,-5.7,0.9,-4.1,-3.0,1.5,-5.2,-1.4,1.3,0.3,-6.2,0.2,1.2,-2.5,-3.5,2.5,-2.3,-6.7,-3.8,-1.3,-5.3,-6.0,-4.2,-6.5,-5.1,-8.4,-6.1,-9.8,-3.6,-2.8,-0.4,-5.3,-4.7,-1.0,-3.3,-5.6,-3.6,8.5,2.6,-3.9,-0.8,0.4,2.9,-0.6,-5.7,-5.4,-6.4,-6.7,-5.9,-8.4,-7.3,-7.9,-5.8,-6.7,-9.2,-3.6,-1.4,-10.3,-7.3,-10.6,-5.0,-7.3,-5.5,-6.4,-6.5,-2.7,2.7,-0.5,7.2,-4.3,-2.4,-2.3,-4.5,-4.8,-5.2,-5.4,-8.9,-8.2,-10.4,-10.8,-11.9,-6.1,-7.8,-3.6,1.0,-15.6,-15.7,-3.9,-5.3,-12.5,-16.1,-7.2,-6.7,-8.9,-5.3,-6.1,-5.0,-1.7
2C7L517bGq,0,48.102997,11.625074,4442079.98,2777935.63,536.6,582.3,253,7296,1.9,0.91,0.24,32.64,348.96,-0.529,-0.103,0.842,-0.4,0.1,-0.69,0.14,0.9,0.1,-0.3,-0.5,-2.9,-2.5,0.5,0.5,2.2,0.9,0.3,-0.1,2.5,1.0,1.2,1.1,1.0,1.1,1.0,-0.5,-0.6,-0.7,-0.9,-1.3,0.2,0.5,-0.9,1.6,1.0,1.4,-0.7,-1.2,-4.3,-10.9,-5.5,-3.3,-3.8,-1.7,-3.4,0.5,0.5,1.0,-0.8,-0.6,1.2,-1.0,1.7,-1.1,0.8,-1.7,-1.0,-2.7,0.3,1.5,0.5,1.0,0.9,0.6,1.8,1.0,2.4,0.5,1.1,2.0,2.5,1.4,1.4,10.2,1.6,0.9,-0.6,1.2,0.5,1.5,0.0,-0.0,1.8,0.4,-0.6,1.0,-0.7,2.2,0.3,0.6,-2.2,-0.9,-0.5,0.7,-0.5,1.0,-3.1,-1.4,-0.1,-1.1,-2.0,-2.2,1.4,-1.8,1.0,-0.3,-0.7,0.1,1.8,-0.1,-0.1,1.2,-0.3,-1.6,0.2,1.8,0.2,-0.3,1.9,-0.2,-1.4,1.8,-0.3,1.7,0.7,-0.9,0.8,-0.2,1.9,1.8,1.2,1.6,-0.7,1.5,0.4,2.8,0.0,0.7,-1.0,-0.3,1.4,0.1,-0.7,-1.8,-2.2,0.5,-3.0,2.3,1.7,-0.2,1.0,-0.5,0.0,0.2,0.9,1.1,0.7,0.6,1.0,-0.7,-0.9,0.3,-1.0,-0.1,0.5,-0.7,-0.5,-0.2,-0.5,-2.7,3.9,1.4,-4.6,-1.9,2.1,-0.5,-2.3,0.9,-0.2,-1.4,-2.8,-3.0,0.3,-0.8,1.4,-0.3,-0.5,-12.5,0.3,-1.3,-1.5,-2.4,-2.9,-1.1,-1.1,-2.1,-0.8,-1.0,-5.9,-3.7,-3.0,-2.2,-3.1,-3.0,-3.1,-3.1,-0.2,-3.5,-2.9,-1.3,-3.7,-0.7,-0.8,-3.8,-4.1,-1.3,-0.1
2C7L517bHE,0,48.103165,11.626381,4442176.99,2777956.44,535.3,581.0,253,7320,2.0,0.87,0.33,32.64,348.96,-0.529,-0.103,0.842,-0.9,0.1,-0.44,0.15,2.1,0.1,-0.3,-0.6,1.2,-0.5,1.5,0.7,3.0,-0.8,-1.2,-0.3,2.9,-0.6,0.1,-0.5,-1.2,-0.6,-0.7,-1.5,-1.6,-0.3,-1.1,-2.3,-3.8,-3.0,-1.9,-2.1,-2.0,-2.1,-0.4,-4.3,-5.7,-11.4,-9.3,-4.4,-6.8,-6.8,-5.8,-0.0,-0.5,1.0,1.0,-1.5,0.2,-2.0,-0.6,-1.9,-3.4,-1.2,-2.4,-1.6,-2.3,-0.5,-2.0,-1.1,-1.5,-0.0,-1.3,-0.4,-1.1,-0.5,0.6,0.1,-1.6,-2.8,-0.7,3.5,1.3,0.3,-1.9,-1.2,1.6,2.7,-1.9,0.3,-0.8,-0.7,-1.5,-0.9,-0.2,-1.3,-2.1,-1.1,-2.1,-2.7,-1.1,-1.6,-3.1,-3.1,-7.9,-3.6,-3.5,-3.3,-3.3,-3.3,-0.5,-3.6,0.1,-1.0,-1.3,-3.5,-0.8,-1.3,-2.6,-1.4,-0.5,-2.9,0.1,-1.8,-0.1,-2.3,-2.8,-0.6,0.4,0.5,-1.0,0.0,-1.2,-2.5,-1.4,-1.3,-0.9,-0.1,-1.2,-1.3,-2.0,-3.2,-2.3,0.4,-2.8,-2.9,-3.9,-6.7,-4.2,-2.8,-0.7,-5.0,-6.0,-3.5,-9.4,-1.3,-1.1,-2.5,-3.9,-3.7,-2.3,-1.5,-2.7,0.8,-1.2,-1.5,-1.0,-1.4,-0.3,-1.0,-1.9,-2.5,-2.4,-3.0,-2.7,-2.4,-2.6,-7.2,-4.2,-7.0,-10.3,-7.8,-2.6,-5.2,-8.3,-5.3,-4.2,-5.6,-5.7,-14.6,-1.9,-3.6,-1.1,0.1,-1.6,-7.5,-1.2,0.4,0.0,-3.2,-0.9,-3.8,-7.2,-4.2,-8.8,-4.9,-8.2,-7.7,-7.1,-4.7,-7.1,-9.2,-6.8,-9.1,-8.9,-5.9,-6.4,-6.4,-6.5,-5.0,-2.6,-1.1,-2.1,-3.9,-2.9
2C7L517bHs,0,48.103457,11.628654,4442345.59,2777992.61,533.5,579.2,253,7360,4.3,0.68,0.47,32.65,348.96,-0.53,-0.103,0.842,-0.9,0.2,0.07,0.33,1.0,0.3,-0.3,-0.9,2.5,0.2,2.0,1.1,0.1,0.8,2.6,0.3,3.9,2.3,1.2,-0.1,2.2,0.9,0.7,3.2,4.0,-3.8,-1.6,-3.5,-4.9,-3.2,-5.4,5.0,4.6,2.7,-1.2,-1.3,-3.8,-0.7,-4.9,-3.9,-6.4,-5.9,1.2,-0.5,-3.4,0.7,2.6,-5.7,-17.6,0.1,-8.2,3.3,-11.0,-0.8,2.7,-1.7,-3.5,-6.0,-1.3,3.8,-4.5,-2.2,-4.1,-5.9,5.3,1.5,2.6,2.6,4.3,-0.8,-0.1,-1.9,-4.1,-1.8,-3.1,2.0,0.2,-2.7,-0.6,-0.8,-2.2,-0.7,-0.8,-5.1,-5.1,-7.0,-1.4,-5.0,-3.4,-8.9,-6.0,-1.3,-5.0,-3.1,-0.4,2.3,-3.5,2.1,-0.5,-2.0,-7.9,0.6,3.7,-1.7,4.3,1.8,-1.9,-3.3,-5.9,-15.9,-4.2,5.2,7.6,-1.2,-0.5,-1.7,-3.2,-2.3,-2.2,-3.5,0.6,0.4,1.1,-4.5,1.3,-1.4,1.1,-4.6,-0.1,-0.1,2.1,1.7,4.0,-4.1,-0.5,-2.7,-6.8,-11.5,4.8,0.2,-5.3,-1.1,-2.3,-5.6,-2.8,-5.5,5.1,-8.5,-0.2,-6.9,-3.9,-7.8,-7.6,-5.9,-4.3,-3.5,-2.2,-4.2,-5.6,-3.3,-1.9,-1.3,-3.6,-3.4,-7.2,-3.2,-3.2,4.4,-3.2,1.0,-6.1,-20.5,0.2,5.7,-13.3,-3.7,-3.0,-5.9,-19.0,-6.1,-4.2,-5.7,-17.0,0.6,2.0,-10.9,0.9,-2.6,-5.7,-3.5,-3.3,2.0,0.2,-4.3,-2.0,-6.0,-7.4,-5.7,-5.7,-5.4,-6.0,-3.5,-8.4,-5.6,-0.1,-4.8,1.0,-1.9,-5.1,-8.2,-4.3,-1.1,-2.3,-20.7,2.4
2C7L517bIi,0,48.103844,11.63167,4442569.34,2778040.6,537.1,582.8,253,7412,4.2,0.61,0.48,32.67,348.96,-0.53,-0.103,0.842,-0.5,0.2,-0.3,0.32,2.1,0.3,-0.3,-0.4,-3.2,-3.3,-0.8,-3.1,-3.3,4.5,1.8,-0.4,1.0,3.8,8.2,-0.2,-1.5,2.5,0.6,-1.3,-2.9,-4.8,-7.2,-3.6,-6.7,0.7,0.3,-3.3,-2.4,-8.6,1.9,-4.0,-1.0,-10.1,-8.6,-4.8,-4.7,0.4,-5.7,5.0,5.1,0.9,-2.4,-1.7,-1.4,-2.0,-12.3,-2.1,-0.6,-2.4,-5.5,-2.2,-7.9,-0.9,0.2,-2.3,8.0,-3.8,5.2,-5.1,-4.0,-4.1,1.3,6.4,0.8,-8.6,-8.4,-6.8,-3.7,-0.9,-4.4,0.1,1.6,7.6,-2.2,-3.3,-2.9,2.4,0.4,1.3,-1.5,-2.9,-0.2,-4.1,-3.1,-5.0,-3.6,-2.8,-1.3,-4.8,5.9,0.2,-3.8,-5.5,4.0,-4.1,-11.2,1.9,-1.1,0.2,1.3,0.4,-12.5,6.4,5.3,-5.3,-5.4,-4.1,-9.4,-5.2,-8.6,-3.0,-1.4,-0.0,3.1,4.6,-3.0,-4.1,-4.6,0.1,-3.2,3.6,3.5,-0.1,0.2,-0.9,-7.3,-3.9,-3.1,-2.6,-0.1,0.3,-3.5,-13.7,-4.0,1.5,-2.8,-4.1,-14.3,-3.6,-5.1,-2.7,0.7,-1.5,-8.5,-1.7,2.4,-3.5,8.7,12.4,2.8,3.8,-5.6,-0.4,1.9,-9.9,0.9,2.4,-0.2,-6.3,-0.8,-1.1,-4.3,-3.3,-4.3,-7.1,-3.8,-8.4,-2.8,-9.3,-7.7,0.7,-1.2,-2.9,-2.5,-5.8,-7.1,-0.3,-4.9,-2.3,-2.6,2.0,-2.0,-0.6,-0.8,0.6,3.5,-5.3,-5.3,-10.6,3.3,-5.4,-7.1,-12.8,-10.7,-5.4,-2.8,-5.0,-7.0,-13.6,-8.5,-14.9,-8.5,-4.5,-6.0,-4.5,-0.6,7.1,4.3,2.6,0.6
2C7L517KHb,0,48.104725,11.638533,4443078.47,2778149.8,541.8,587.5,252,7531,2.6,0.85,0.37,32.7,348.96,-0.53,-0.103,0.842,-2.2,0.1,0.1,0.2,0.6,0.2,-0.3,-0.9,-0.6,-0.6,-0.4,-0.7,-1.5,-0.4,-1.4,-1.4,-5.0,-1.2,-1.2,-0.6,-0.5,0.4,1.0,-0.1,-1.0,-1.8,-4.3,-0.7,-3.6,2.3,-1.8,-0.3,-1.3,1.4,-8.7,4.3,-1.4,3.3,-4.7,-1.6,-5.0,-3.5,-1.2,-2.3,-1.2,-2.2,-4.4,0.4,-1.5,-1.5,-0.7,-1.4,-2.4,-2.7,-2.2,0.0,-0.8,1.2,-0.6,-2.6,-3.1,-2.5,-3.6,-2.3,-1.7,-2.6,-1.3,-1.8,-2.0,-1.8,1.1,7.2,-3.7,-1.4,-1.1,-2.7,-3.0,-2.4,-4.3,-3.5,-4.2,-4.3,-3.7,-3.1,-3.6,-3.5,-2.9,-4.7,-3.1,-2.6,-2.0,-3.7,-3.1,-3.3,-3.0,-6.4,-2.9,-3.9,-6.0,-5.3,-5.9,-3.6,-4.8,-1.5,-1.6,1.0,-0.0,-0.2,-3.5,-4.3,-4.3,-5.4,-7.3,-6.3,-8.1,-6.2,-6.9,-3.7,-4.9,-4.9,-4.8,-6.7,-7.1,-17.2,-5.7,-6.8,-6.3,-0.1,-5.8,-3.9,-4.8,-6.6,-5.6,-7.2,-5.8,-6.5,-7.5,-6.1,-3.8,-4.9,-2.0,-8.6,-7.4,-6.0,-4.2,-3.9,-3.0,-6.1,-8.7,-7.6,-6.3,-10.5,-7.2,-12.4,-6.6,-4.1,-4.7,3.1,-3.1,-2.3,-5.0,-6.2,-7.5,-13.6,-7.8,-11.2,-7.1,-10.2,-13.2,-9.9,-11.2,-11.3,-9.5,-4.0,-4.6,-4.1,-6.3,-6.6,-5.2,-6.8,-7.1,-7.5,-8.2,-4.8,-10.6,-9.7,-11.5,-9.2,-10.2,-9.4,-10.5,-10.2,-8.9,-9.0,-7.1,-10.3,-11.9,-15.1,-15.4,-16.8,-14.3,-13.9,-13.4,-10.5,-10.5,-10.7,-8.8,-12.2,-10.7,-7.5,-8.0,-9.4,-8.0,-8.3,-4.0
2C7L517bFk,0,48.102535,11.621338,4441802.77,2777878.22,545.5,591.2,253,7228,4.2,0.59,0.51,32.59,348.92,-0.529,-0.103,0.843,-0.1,0.2,-0.99,0.34,1.0,0.3,-0.3,-0.0,1.6,-3.0,3.4,0.3,-4.6,-2.8,4.8,-4.2,7.2,4.0,-0.5,2.4,2.0,0.1,-1.4,1.1,0.9,2.3,-1.0,-3.0,0.4,-1.7,-1.5,-2.0,-0.9,-1.9,1.0,-1.1,-1.9,13.5,-4.9,-1.0,-7.1,-8.9,-1.3,-3.5,-0.3,-4.1,-1.5,-4.7,10.5,-2.1,2.5,1.4,-0.9,-6.3,-6.1,-1.3,-6.0,-1.9,-5.2,-7.9,-6.0,-2.1,-12.6,-0.4,-4.9,-8.3,-8.3,1.0,-1.7,-4.0,-1.7,-10.6,-7.8,-7.3,-6.6,-1.4,-5.5,-6.0,-2.6,-9.5,-3.7,-4.5,-4.1,-2.3,-3.4,-2.9,2.0,-2.4,1.7,-2.0,-3.4,-6.6,-4.4,-1.4,-2.2,0.1,-0.9,-1.0,1.0,1.0,-0.0,0.9,0.2,5.0,1.3,3.2,-1.1,3.9,2.2,2.4,3.2,0.5,1.0,1.0,-0.4,-0.5,-0.9,-1.2,1.1,-1.7,0.3,-0.8,-1.2,-9.0,1.0,-0.1,1.1,-3.4,5.3,1.0,-0.1,1.6,2.5,-2.9,2.0,2.5,4.5,-4.0,1.8,5.4,2.8,4.1,2.6,3.8,0.1,3.3,2.9,-3.8,2.5,2.5,1.1,3.1,4.3,-8.5,4.0,5.5,3.5,-11.2,-13.0,3.7,8.1,2.9,6.5,4.0,-0.0,-4.5,-5.0,-1.2,-7.8,5.2,2.2,2.9,6.9,2.7,-1.9,6.0,1.2,-11.8,-1.6,1.2,7.0,-7.5,-2.7,1.4,1.5,13.0,-0.4,-4.2,-3.6,0.3,1.7,9.3,-6.0,-10.6,-3.5,-1.3,-3.1,-3.9,-2.2,-3.5,-9.9,-2.3,-6.5,7.8,5.0,-0.7,-11.0,-2.1,-12.7,-11.1,-7.4,-7.4,-4.0,-8.3,-3.0
2C7L517bGm,0,48.103004,11.624985,4442073.35,2777936.27,542.7,588.4,253,7292,4.0,0.7,0.43,32.64,348.96,-0.529,-0.103,0.842,-0.2,0.2,0.29,0.31,1.0,0.3,-0.3,-1.6,-2.5,-4.8,-3.3,12.3,4.6,-0.2,-2.8,-1.4,2.5,1.4,3.0,0.6,-1.2,-5.8,2.8,1.7,-1.8,-0.6,-0.3,1.8,3.1,-2.0,-2.8,1.5,-0.5,1.1,2.6,-4.9,-1.2,-9.0,-4.4,-4.0,-18.0,-9.3,4.3,-10.2,-2.1,-1.3,-0.8,0.2,1.0,-3.3,-5.5,-3.8,0.2,-6.5,7.9,-1.0,-3.6,-2.3,-1.5,-0.8,-1.5,1.3,-1.8,-1.8,0.3,3.5,-0.5,-2.6,-0.3,-9.1,-9.1,-14.4,0.0,0.2,-7.4,-1.0,1.9,1.9,-3.1,-0.1,1.6,-1.0,2.7,1.5,-1.9,0.6,-1.3,0.9,-5.9,-2.6,1.9,0.7,4.8,-0.7,-10.1,-2.0,-6.6,-6.3,-1.3,-1.8,-2.8,2.6,-3.6,-1.5,0.5,-4.4,-2.5,-2.3,-2.9,-12.0,-1.9,-3.5,-10.5,9.4,-5.8,11.0,-11.2,10.3,1.6,-11.8,2.3,1.4,0.2,-4.9,-3.6,-0.6,2.6,-4.6,-2.3,-1.0,-1.7,-3.7,2.2,3.3,-4.4,-3.8,-3.4,-3.2,-1.7,-2.0,-3.6,-5.3,-3.8,-4.6,-7.2,-1.1,-1.7,1.8,-0.4,-0.9,-2.9,0.2,-1.0,-5.0,-1.4,-1.4,-3.0,-4.4,-2.3,-4.9,-1.0,-2.5,-0.3,-2.5,-3.8,-1.1,-3.7,-4.9,-1.7,0.5,-5.4,-3.4,1.1,-1.3,-4.0,0.1,-1.6,-2.1,-3.2,6.1,-1.5,-1.1,-1.8,-2.7,-1.6,-9.3,-1.6,-2.6,-0.9,-0.5,-3.0,-1.4,-1.7,-3.3,-2.8,-1.8,-2.7,-6.3,-4.5,-10.9,-6.0,-5.3,-1.8,-1.6,-0.7,0.2,-2.9,-3.9,-3.6,-1.0,-1.3,-13.8,6.9,6.4,5.1
2C7L517bHe,0,48.103412,11.628162,4442309.05,2777986.81,549.8,595.5,253,7346,1.5,0.94,0.25,32.65,348.96,-0.53,-0.103,0.842,-0.6,0.1,-0.38,0.11,0.3,0.1,-0.3,-2.1,1.4,-1.3,-1.3,-1.6,-0.3,-2.1,-0.4,0.4,3.7,1.7,0.6,0.6,-0.8,0.3,0.7,-0.5,-1.1,-1.5,-1.3,-2.9,-1.7,0.6,0.4,1.1,-0.8,2.5,2.5,0.5,-0.5,-5.2,-4.1,-3.9,-3.9,-2.4,-0.1,1.0,2.2,2.2,-0.3,0.6,2.1,-0.2,1.6,1.2,2.0,-1.0,1.4,2.4,0.7,-0.8,0.2,-0.2,-0.5,-0.7,-0.4,-0.3,-0.5,-0.7,1.0,-0.7,-0.4,-3.7,-1.6,-1.3,0.4,0.7,-0.8,-0.6,-2.2,-0.1,-1.4,0.5,-1.9,0.1,-1.4,-1.7,-2.8,-1.0,-0.8,-1.7,-1.7,-0.1,-2.6,0.7,-1.3,-0.5,-3.8,-0.3,-0.3,-0.9,-0.8,0.6,0.6,0.3,1.4,-0.7,0.5,0.3,-0.6,-2.0,0.5,1.2,0.8,0.9,1.2,1.4,0.4,-1.1,-1.6,-2.0,-1.5,-1.0,-2.6,-1.3,0.9,-2.6,-1.6,2.0,-0.7,-1.3,1.0,-0.4,-2.5,-0.1,0.5,-0.5,-0.8,0.6,-2.0,-0.8,-0.3,0.2,-0.1,-1.1,-1.8,-1.0,-3.7,1.7,1.0,1.0,0.4,-3.9,1.2,-2.1,-0.5,-0.9,-1.4,-2.3,-1.0,1.0,0.5,0.8,-0.6,-0.0,-2.1,-2.1,-2.4,-0.3,-0.0,-2.1,-2.2,0.9,-6.9,-2.0,0.6,0.3,-2.1,-0.5,-0.6,-1.4,-3.7,-3.9,-3.0,0.3,-1.9,-1.3,-2.2,-4.7,-0.1,-0.8,-2.3,-1.9,-4.0,-1.4,-1.0,-3.4,-2.7,-2.8,-4.0,-6.5,-4.9,-3.2,-0.6,-3.1,-0.9,-1.8,-1.9,-3.9,-2.1,-4.2,-4.1,-2.9,-3.2,-3.1,-3.6,-2.9,-3.6
2C7L517bHg,0,48.103433,11.628327,4442321.3,2777989.43,551.6,597.3,253,7348,2.9,0.8,0.36,32.65,348.96,-0.53,-0.103,0.842,-0.4,0.1,0.36,0.23,0.8,0.2,-0.3,-3.3,0.3,-5.2,-0.3,-3.2,-3.3,-1.6,-1.6,2.4,4.3,2.1,1.3,0.4,-0.6,0.2,-1.1,-3.7,-3.9,-2.9,-0.6,-0.9,-2.7,0.6,1.8,3.0,-0.2,0.4,1.9,-0.3,-0.4,-6.8,-4.9,-3.4,-2.3,-2.3,0.7,3.3,3.3,1.7,3.8,1.4,2.0,3.9,2.0,2.2,0.8,2.5,2.8,-0.7,2.0,0.3,1.9,0.2,2.6,1.1,0.9,0.5,0.8,-0.8,-1.8,-3.4,-1.3,-3.9,-2.9,-3.6,-1.2,-1.5,-3.1,-1.2,-2.8,1.9,0.1,1.3,0.7,-1.1,-2.0,1.1,-2.5,-1.5,-4.3,-1.9,-4.1,-1.1,-2.0,-2.7,-2.9,0.3,-1.9,0.6,0.1,1.3,-1.4,-1.5,-0.2,-4.5,-0.6,0.3,1.6,1.2,1.2,1.3,1.2,0.7,0.3,-0.6,-1.0,-0.7,-2.5,-3.7,-4.7,-3.7,-1.2,-3.3,-6.2,-1.2,1.4,-2.7,1.7,1.7,-2.0,1.8,1.9,1.3,-1.2,0.5,-3.6,-0.1,-1.4,-1.3,-7.5,0.8,-1.1,-2.3,-2.8,-1.9,-4.1,-2.6,-6.8,-0.1,0.1,12.1,-3.0,-4.1,-5.7,-2.3,-3.4,4.5,0.8,-4.8,-1.4,-3.8,-3.8,2.9,-2.1,-1.6,-3.2,-4.5,-6.0,-1.1,-4.2,-5.3,-6.8,-4.1,-5.8,-5.2,0.0,-3.5,-0.9,-1.6,-0.9,0.4,-15.3,-5.2,-2.4,4.1,2.3,-2.4,0.1,6.5,2.7,3.0,5.4,-9.3,-8.1,-0.3,2.0,0.7,-9.7,2.1,-4.4,-7.8,-4.0,-4.8,-0.6,-1.6,-2.9,1.7,0.0,-3.1,0.3,-3.1,0.8,3.3,-3.3,2.5,-1.0,1.0,0.5
2C7L517bHu,0,48.103488,11.628748,4442352.55,2777996.17,533.4,579.1,253,7362,3.2,0.77,0.43,32.66,348.96,-0.53,-0.103,0.842,0.2,0.2,-0.62,0.25,0.9,0.2,-0.3,1.9,0.6,0.7,1.9,-2.8,1.6,2.0,2.4,1.1,1.1,2.0,3.6,-1.3,1.0,1.7,5.6,4.3,3.1,-1.8,13.4,-5.5,-1.7,-3.0,4.3,-0.2,-5.3,-2.7,-8.0,-2.6,1.6,-8.6,-5.3,-5.3,-0.6,-5.8,0.7,2.3,3.4,-1.2,0.4,-8.2,-6.8,11.3,-1.1,-2.2,0.5,-1.8,6.5,-1.4,7.1,5.6,0.5,3.2,3.5,4.8,2.6,4.2,4.4,3.6,2.7,3.9,4.3,-4.1,0.8,5.2,2.0,3.6,1.4,0.7,4.9,2.6,6.3,4.1,3.1,4.2,2.2,2.7,0.8,4.0,2.4,3.8,1.9,2.2,3.4,5.3,3.3,3.9,0.0,4.3,0.0,-1.4,-0.9,2.9,2.1,3.8,3.0,3.2,4.5,3.1,0.3,2.6,1.4,1.7,0.3,0.4,4.5,4.4,5.5,4.3,4.1,2.5,2.5,0.5,3.1,0.7,0.1,-3.2,-0.6,-1.0,0.6,2.6,2.5,0.9,3.6,0.9,2.4,0.3,1.6,2.8,-1.3,2.4,3.7,3.8,6.9,4.6,2.9,-0.7,-1.0,5.1,4.5,2.2,4.3,3.1,1.0,-8.0,-1.7,-2.1,2.0,1.6,5.8,0.8,0.1,2.4,1.7,6.3,3.4,1.0,-0.8,-1.7,12.5,-2.0,-1.7,1.9,-2.1,1.4,4.9,6.7,-0.4,4.6,0.6,5.6,-2.1,-2.7,1.5,1.6,-0.2,0.7,1.9,10.9,0.8,1.7,-0.6,3.5,1.5,3.2,1.5,-0.1,1.4,2.0,1.6,-1.8,2.0,5.0,2.8,0.7,0.4,0.1,-0.1,-9.5,-2.0,-0.8,1.7,0.5,0.5,2.9,3.1,4.1,7.2
2C7L517bI3,0,48.103585,11.629506,4442408.73,2778008.2,543.7,589.4,253,7371,1.7,0.94,0.24,32.66,348.96,-0.53,-0.103,0.842,-0.5,0.1,0.09,0.13,0.3,0.1,-0.3,0.9,1.3,-0.4,0.5,-1.0,0.6,0.0,0.8,1.4,-1.6,1.5,3.0,0.4,-0.1,1.0,0.5,1.6,0.6,-0.9,-1.2,-3.2,-0.4,-0.9,2.6,2.1,1.8,1.8,3.7,0.1,-0.6,-0.9,-4.6,-3.2,-3.3,0.7,1.0,2.2,2.1,1.7,-0.1,2.4,1.2,1.4,1.0,1.2,-0.2,0.3,0.2,0.3,0.8,0.3,0.4,0.1,-0.0,0.3,-1.2,0.1,-1.1,0.4,-0.1,-0.7,1.1,0.7,-0.7,-0.4,-0.9,-1.6,-1.1,-1.5,-0.6,0.2,-0.3,-0.0,-0.2,0.4,-0.2,-1.0,-0.6,-0.7,0.6,0.2,1.4,-1.0,-1.1,0.9,1.0,-0.1,0.4,1.6,0.8,-0.1,0.8,-3.0,0.9,0.0,2.0,0.5,1.4,-0.0,2.1,-0.6,2.1,-0.0,1.7,1.1,-1.2,-0.3,-1.4,2.1,-1.0,0.4,-0.8,-1.1,0.1,-1.0,-0.8,-0.6,-0.7,-0.5,0.5,-1.9,-0.5,1.5,-0.5,-0.5,-0.1,0.8,0.6,-0.7,-3.4,-2.7,-2.8,0.4,0.9,-2.5,-1.6,-0.2,-5.7,0.9,1.6,0.2,-1.6,-4.3,-2.9,-1.3,-0.2,-5.4,-1.3,-1.1,0.2,1.0,-1.0,-0.9,-0.7,-1.1,1.3,1.0,-0.5,0.9,-0.2,-0.6,-1.2,-1.9,-2.8,-3.1,0.3,-1.2,-1.6,1.6,-0.2,-2.3,-1.2,-2.2,-0.1,-2.8,-3.2,-2.7,-0.8,-15.6,-1.0,-2.6,-0.9,-0.3,-2.3,-3.0,-1.1,-1.5,0.2,-1.1,-4.9,-3.5,-0.1,-1.5,-0.0,-1.3,-1.4,0.5,-2.6,-4.2,0.9,-1.5,-0.7,-0.9,0.0,-0.9,-1.2,-0.9,0.1
2C7L517bIQ,0,48.103757,11.63085,4442508.42,2778029.58,545.7,591.4,253,7394,1.8,0.93,0.27,32.66,348.96,-0.53,-0.103,0.842,-0.6,0.1,-0.24,0.14,0.2,0.1,-0.3,-1.2,0.4,3.6,2.5,-0.5,-0.4,0.9,0.6,-2.3,2.5,1.2,1.9,0.9,-0.9,0.3,0.7,0.4,-0.5,-0.1,-0.5,-1.3,-0.3,-1.0,1.8,3.7,0.8,0.9,1.2,-0.0,-0.2,-0.7,-3.7,-2.3,-2.5,0.2,-1.6,1.1,3.4,-0.4,0.5,1.1,-0.0,0.2,1.1,1.2,-0.6,-0.8,0.5,0.5,-0.3,1.7,0.6,0.7,0.8,0.9,-0.5,-1.5,1.0,1.9,0.5,-0.9,-0.3,-12.2,1.1,0.2,-1.0,0.5,2.8,-0.5,1.0,-0.0,-0.6,0.2,2.9,1.8,1.6,-0.2,-0.1,1.1,-1.0,0.2,0.9,2.0,-0.3,1.8,0.1,1.2,-0.5,-0.6,0.2,0.9,-0.8,-0.6,-0.6,1.8,-0.1,0.7,2.0,1.5,0.2,-1.4,1.2,1.0,0.5,1.5,0.1,-0.5,0.7,-0.5,0.3,-2.1,-1.0,-1.7,-0.9,-1.1,-1.9,-0.9,1.8,-0.6,-0.6,2.4,-1.5,-1.2,-0.6,-0.4,1.4,-0.6,-0.4,1.3,-2.8,-2.4,1.9,-1.2,0.6,-1.1,-1.4,-0.5,-3.7,0.0,3.3,2.9,-0.2,-0.1,-1.4,-2.0,-0.3,2.1,-4.0,0.3,4.1,-1.0,0.2,-2.0,-0.6,0.7,-1.2,0.7,0.8,2.0,0.5,-2.2,-2.2,-0.5,-3.6,-2.0,0.3,2.0,-2.0,0.6,-1.2,-1.2,-1.0,-2.7,-1.2,-1.2,-5.3,-2.5,-3.1,-11.2,-1.5,-3.8,-2.6,-3.5,-1.5,-1.9,-2.4,-1.4,0.1,-1.4,-4.3,-2.9,-2.4,-0.5,-2.1,-0.3,-2.1,-3.3,-3.2,-2.3,-1.1,-2.2,-2.2,-1.7,-1.4,1.0,-1.3,-2.3,-2.7
2C7L517bKa,0,48.10474,11.638502,4443076.09,2778151.35,547.6,593.3,253,7528,2.4,0.87,0.33,32.7,348.96,-0.53,-0.103,0.842,0.1,0.1,-0.01,0.18,1.2,0.2,-0.3,-0.8,0.1,0.4,-2.4,-2.0,0.6,3.5,1.3,1.0,-3.2,0.0,1.8,1.4,-0.0,4.0,2.9,1.4,0.2,-0.9,-1.9,-1.6,0.3,1.3,1.1,-0.0,3.5,-1.3,-0.2,3.1,-3.6,8.7,-0.3,-1.9,-1.1,1.2,1.2,0.9,3.6,0.9,1.9,2.0,1.4,1.3,1.6,0.3,-2.2,0.9,-0.9,1.0,0.9,1.5,0.4,-1.7,-0.1,0.5,0.7,-0.5,-2.5,-1.8,3.6,0.3,-0.9,-6.0,-0.7,-1.0,-1.7,-2.1,-2.5,0.9,0.9,-0.5,0.3,-4.5,-0.7,1.1,-1.0,3.9,-1.3,-1.8,-1.0,-0.9,-0.2,0.8,-0.6,0.3,3.5,1.1,2.5,3.2,2.5,0.7,-0.9,0.5,-1.6,0.8,-0.3,2.7,2.3,2.2,2.2,4.2,-1.4,2.0,1.7,2.6,1.3,2.5,-0.8,0.1,-0.9,1.6,-2.0,-0.9,-0.3,-1.0,-4.6,-0.5,-0.6,2.3,-0.1,-0.5,3.9,1.8,0.3,0.2,-0.3,1.9,0.7,-0.1,3.5,2.5,2.6,2.2,3.9,-1.1,3.1,1.6,2.9,6.6,3.7,0.3,-0.6,0.2,-0.5,-2.4,-2.9,-6.3,1.0,2.8,2.4,-1.1,-1.2,0.3,-2.6,0.5,-1.7,-0.3,0.7,-0.2,0.0,1.3,-2.2,0.2,-0.3,0.1,4.3,3.7,2.3,4.6,2.0,1.5,-0.1,-1.5,-0.5,-0.9,-0.3,4.3,2.2,13.7,1.0,1.6,-0.4,0.3,-3.0,-0.1,0.2,-1.7,1.5,4.5,-2.8,14.1,0.6,4.6,2.5,6.4,1.7,2.8,1.4,4.3,3.0,-1.6,-3.1,-2.9,-1.3,-2.1,-2.8,-1.2,-4.6
2C7L517bKl,0,48.104801,11.638977,4443111.32,2778158.92,541.2,586.9,253,7539,2.0,0.9,0.33,32.7,348.96,-0.53,-0.103,0.842,-0.5,0.1,0.01,0.16,0.4,0.1,-0.3,-0.2,-0.2,-0.2,0.6,-0.1,-0.7,-0.6,1.3,-1.1,1.6,0.7,-0.7,-0.1,1.6,-0.7,2.0,1.6,0.3,0.2,-3.0,-1.1,-0.1,1.2,3.5,1.5,4.1,-0.1,-1.4,-0.0,1.0,7.6,-0.7,-1.7,-2.2,-2.1,1.0,-1.1,0.3,1.1,3.1,1.3,0.1,1.5,1.8,-0.5,0.7,-1.1,-1.5,-0.9,-1.3,-0.8,-0.0,0.2,-0.2,-0.4,0.9,0.3,-0.2,0.9,1.0,2.1,-1.0,4.7,-0.2,2.0,-2.1,-0.7,0.1,-1.8,0.7,-1.3,0.2,-1.9,-0.8,-0.4,1.2,0.8,0.7,-0.1,0.5,-0.6,-1.2,-1.1,1.0,-0.4,2.1,-3.7,0.4,4.2,-1.8,4.3,-0.4,-1.6,-2.9,-0.4,0.6,0.8,1.8,3.1,0.6,-0.6,0.8,1.8,1.5,0.9,0.3,-0.5,-0.9,-1.6,1.6,-2.2,-1.9,-1.8,-1.9,-2.0,-2.6,-2.5,-2.1,-2.1,-2.4,-1.9,-2.1,-1.0,-1.4,0.7,-0.4,-1.1,1.6,0.6,-2.7,0.4,0.8,0.1,-2.8,-3.7,-3.7,1.0,1.0,3.5,0.7,-4.1,-3.6,-3.7,-1.5,-1.4,-1.9,2.8,-3.2,-2.3,0.5,-1.3,0.0,-0.2,-0.8,1.0,0.2,0.1,0.2,0.1,0.0,0.0,-5.7,-2.5,-7.8,-2.5,-1.3,-0.2,10.7,3.4,-0.3,-4.6,0.5,-3.2,-6.5,-6.7,-2.3,-3.8,-4.3,1.8,-3.1,-1.6,0.5,1.4,-1.3,-3.1,-2.6,-3.0,-5.2,-3.3,-3.1,-4.0,-1.4,-1.1,-0.1,3.2,0.3,-1.7,-2.8,-2.0,-1.7,-2.0,-2.2,-1.7,-1.8,-1.8,-2.1,-3.0,-2.3
2C7L517bGl,0,48.103008,11.624873,4442065.02,2777936.55,541.5,587.2,253,7291,3.3,0.74,0.46,32.64,348.96,-0.529,-0.103,0.842,-2.3,0.2,0.16,0.25,2.0,0.2,-0.3,-11.0,-6.0,-3.3,2.2,-4.0,0.7,-2.4,-0.8,2.8,1.8,4.5,0.2,3.7,0.1,-1.5,-2.5,-5.4,-6.4,-10.3,-2.1,-5.4,-6.3,-4.5,-3.1,-1.0,-2.8,-2.0,-1.7,2.8,-3.8,-9.8,-5.0,-5.8,-4.9,-3.3,-8.5,-0.8,-1.4,-2.6,0.6,-5.1,-3.9,5.8,-4.6,-0.5,-1.8,-2.3,1.0,1.6,1.7,3.6,-2.3,-1.4,7.2,-0.2,0.6,0.4,-1.7,-2.4,-0.9,-4.0,0.0,-17.0,-2.5,7.5,-3.9,1.0,-9.4,-5.1,-6.4,-9.4,-4.3,-3.7,-4.0,-2.9,-7.8,-2.4,-0.5,-6.4,-6.1,-4.8,-6.0,-6.4,-14.1,-8.9,-13.6,-6.0,-5.3,-4.5,-4.0,-9.0,-7.4,-4.0,-13.2,-11.9,-2.0,-2.9,-6.4,-3.8,-3.2,-2.7,-5.7,-6.1,-0.2,-10.2,-3.3,-1.4,-2.2,6.0,-5.4,-3.7,-1.4,-1.7,-7.3,-2.8,3.1,-4.4,-4.8,-4.7,-5.9,-10.9,-16.2,-8.4,-6.4,-6.4,-8.9,-6.9,-8.7,-7.4,-5.4,-8.2,-10.3,-7.9,-4.8,-8.1,-6.8,-7.1,-11.3,-7.2,-5.7,-5.3,-7.9,-8.2,-9.0,-4.7,-5.5,-6.8,-6.7,-7.2,-9.8,-8.7,-8.6,-10.2,-8.1,-8.7,-8.0,-8.9,-8.5,-7.6,-8.5,-10.5,-6.8,-9.1,-13.6,-10.0,-7.1,-10.3,-10.8,-8.1,-10.6,-10.7,-11.1,-11.0,-9.0,-8.8,-8.2,-11.3,-9.2,-7.9,-9.6,-9.8,-10.7,-9.6,-16.1,-12.8,-14.5,-14.4,-12.7,-13.1,-13.8,-14.9,-13.5,-12.4,-15.1,-13.6,-13.9,-12.3,-12.4,-12.6,-11.9,-10.4,-11.6,-8.3,-9.3,-8.9,-2.1,-17.3,-1.9
2C7L517bHF,0,48.103219,11.626513,4442186.69,2777962.65,539.4,585.1,253,7321,1.5,0.94,0.2,32.64,348.96,-0.529,-0.103,0.842,-0.6,0.1,-0.33,0.12,0.7,0.1,-0.3,-0.7,0.0,-0.6,-0.3,-0.4,0.8,0.2,0.1,0.7,2.0,0.9,0.6,0.1,-0.1,0.7,0.7,-1.1,-1.4,0.5,-1.2,-1.4,-1.3,-1.9,-1.9,-1.0,0.1,1.5,-0.0,-2.5,-4.4,-8.6,-7.7,-4.6,-4.3,-4.9,-3.0,0.1,-0.1,1.7,0.3,-1.8,1.5,-2.0,0.3,-0.4,-1.3,-0.9,-1.0,0.1,-0.4,0.7,-0.8,-1.5,-1.3,-1.4,-1.1,-1.5,-1.6,-0.6,-1.6,-0.8,-1.3,-1.6,-0.8,-4.8,-1.4,-0.3,-1.9,-2.0,-1.2,-0.2,-0.3,-1.9,0.5,0.1,-1.3,-0.1,-1.2,-2.0,-0.7,-0.4,-1.0,-0.4,-0.2,-0.3,-1.9,-1.1,-5.1,-2.9,-1.4,-3.0,-2.9,-3.5,0.8,-3.8,1.4,-1.2,-0.7,-2.8,-0.8,-1.4,-2.0,-1.3,0.0,-1.3,-0.4,-0.4,0.1,-1.7,-1.5,-0.4,-1.5,-1.4,-0.7,-0.5,-1.7,-3.7,-1.4,-2.3,-1.4,-0.7,-1.2,-2.5,-2.2,-2.5,-1.8,-2.5,-1.9,-1.4,-3.1,-2.5,-0.3,-1.6,-2.8,-1.5,-3.2,-1.5,-6.7,1.3,0.5,-1.9,-1.3,-2.0,0.4,-0.7,-0.7,0.6,-0.7,-0.8,-0.5,-1.9,-2.4,-0.5,-1.7,-0.9,-2.0,-1.2,-1.2,-1.1,-0.8,-2.3,-0.9,-0.7,-4.9,-5.3,0.1,-2.8,-5.8,-1.4,-2.0,-3.5,-4.7,-6.4,-2.5,-3.5,-2.9,-3.2,-2.1,-3.5,-2.7,-2.1,-2.5,-2.4,-5.0,-2.3,-3.5,-4.1,-2.9,-2.6,-6.8,-7.7,-5.9,-3.2,-3.5,-6.0,-4.2,-5.2,-5.4,-4.2,-4.1,-5.1,-4.4,-4.3,-2.6,-2.9,-2.8,-3.5,-2.4
2C7L517bHL,0,48.10325,11.626756,4442204.7,2777966.52,534.6,580.3,253,7327,2.5,0.85,0.37,32.65,348.96,-0.529,-0.103,0.842,-0.2,0.1,-0.8,0.19,0.7,0.2,-0.3,-0.6,2.1,0.5,0.7,0.1,0.7,1.0,1.3,1.8,2.8,4.4,1.0,1.3,0.9,0.7,0.3,-1.6,-2.1,-1.1,-1.5,-1.6,0.7,-1.1,-1.9,3.8,0.9,1.3,0.7,1.4,-3.6,-8.0,-6.7,-0.8,-2.4,-4.8,-0.0,1.1,-1.1,1.2,1.1,2.1,2.1,-0.3,-2.6,0.1,-2.1,0.8,-1.7,-1.3,0.1,4.1,0.0,-0.6,2.4,2.6,-1.2,2.1,-0.8,-3.4,-0.3,1.2,3.3,-0.4,-0.5,3.2,2.7,0.8,0.2,2.3,3.4,7.8,-0.8,0.2,2.2,1.2,2.4,-3.2,0.6,0.2,-2.0,-0.3,-2.5,-0.1,-0.8,-0.9,4.6,-0.5,-2.5,-1.1,-0.2,4.4,0.4,-0.7,3.0,-1.0,8.9,1.2,2.7,3.8,1.2,2.4,0.4,0.9,1.2,7.0,-10.4,2.1,3.5,2.8,5.6,-0.4,2.0,1.5,0.8,3.6,2.4,-0.3,1.7,2.6,5.6,4.7,4.7,5.7,4.3,4.2,2.9,3.5,0.4,2.9,1.3,-3.3,1.1,0.4,0.3,-5.2,0.2,2.6,-4.6,2.3,3.3,1.6,0.0,-1.2,2.2,0.9,-0.6,1.8,3.8,-0.2,1.5,-2.6,-0.3,3.4,-1.8,0.2,-3.0,-1.1,-1.0,4.9,-0.8,0.6,1.3,2.2,-2.8,1.8,5.7,-0.9,-0.8,-1.5,3.3,1.8,-4.4,-1.1,-1.7,-2.8,0.1,-3.3,-0.5,2.7,1.1,-0.9,-1.1,-0.2,-1.2,-0.2,3.1,-2.9,2.3,-1.8,-4.9,-0.5,-2.2,0.3,2.2,-1.6,-0.4,0.7,-1.8,-2.2,-0.4,2.3,-0.8,-7.4,-2.2,-1.4,-0.3,-3.3,-0.2
2C7L517bHO,0,48.103291,11.627071,4442228.08,2777971.53,541.0,586.7,253,7330,3.2,0.8,0.42,32.65,348.96,-0.529,-0.103,0.842,-0.6,0.2,-0.24,0.25,0.8,0.2,-0.3,0.6,1.3,-2.4,1.3,0.1,-1.0,-1.1,-0.7,-5.8,-2.8,2.4,0.1,-4.7,0.8,-1.5,0.4,-5.1,-2.5,-2.4,-1.5,-3.3,-1.9,-2.8,-5.8,1.7,2.8,-2.9,-7.4,-4.0,-1.9,8.3,-5.2,-9.6,-3.3,-9.3,4.9,-0.3,-2.1,2.4,2.6,0.5,1.5,0.9,-0.0,8.7,-1.0,-3.0,-1.0,3.4,-0.9,-0.5,1.4,1.6,0.5,-2.2,-1.4,0.7,0.4,-1.1,1.0,0.1,-1.1,-1.7,-3.7,1.0,-5.7,-3.8,-0.5,-1.1,-2.3,-0.9,-5.0,-3.4,-3.0,-1.4,1.5,0.4,-1.4,-2.1,-7.0,-2.1,-4.0,-3.9,-4.5,-4.9,-5.7,-3.5,-6.2,-5.9,-1.3,-1.6,-1.6,-2.9,-3.5,-4.3,-1.2,0.2,0.7,-2.3,1.7,-2.6,-1.6,-0.6,-3.4,13.4,-1.9,-0.2,-0.5,-3.2,-1.0,-3.4,-1.6,-2.9,-2.7,-2.2,-1.5,-4.2,-2.9,-0.1,-2.6,-5.0,-2.3,0.8,-5.9,-3.0,2.6,-1.5,-3.0,-4.6,-5.1,-2.2,4.6,-3.6,-4.2,-1.7,-1.4,-1.7,-5.2,3.9,5.1,-3.8,-4.6,-1.6,0.9,-2.4,-0.7,10.3,-3.0,-6.1,-3.9,-4.5,-1.9,-4.1,-4.2,1.9,-1.6,-3.1,-0.9,-0.4,-2.0,-0.2,1.9,-3.7,-6.7,-7.9,-0.0,-6.7,-4.9,-0.8,-3.7,-5.6,-3.6,-8.7,-8.0,-3.1,4.1,-1.3,-1.6,1.8,-4.6,-2.3,-2.6,-5.7,-2.6,-3.4,-1.8,-3.3,13.6,-5.8,-4.5,-3.6,-4.9,-3.4,-5.5,-10.0,-5.5,-2.4,-4.1,-5.2,-4.8,-4.2,-8.7,-2.7,-3.7,-3.9,-3.5,-4.8,-2.7
2C7L517bHS,0,48.103343,11.627478,4442258.25,2777977.98,547.8,593.5,253,7334,4.4,0.61,0.49,32.65,348.96,-0.53,-0.103,0.842,-0.2,0.2,0.69,0.33,1.9,0.3,-0.3,5.0,7.5,1.3,1.6,-2.5,2.6,3.1,1.9,0.4,5.8,-0.1,3.8,1.9,1.8,-0.6,-2.5,-3.2,-5.7,-4.4,-7.6,-5.7,-8.5,-5.9,-1.7,-4.1,-4.0,-5.2,4.6,-5.4,-7.2,-16.4,-10.3,-6.1,-8.6,-8.7,-6.8,-3.1,-4.1,-6.2,-2.1,-4.1,-4.3,-7.5,-5.9,-4.2,-5.0,-7.8,-4.3,-7.8,-6.1,-1.6,-1.8,-2.9,-3.8,-1.2,-4.7,-6.0,-4.1,-4.5,-4.7,-0.7,11.6,-0.5,0.6,-1.7,-2.9,-1.9,7.7,-4.2,0.9,-3.6,-8.0,-8.8,0.4,-0.2,-1.4,-3.9,-6.3,-5.3,-8.9,-0.7,-0.1,3.0,-1.6,12.1,-4.1,-4.3,-5.2,-4.0,-5.0,-4.9,-11.5,-8.6,-2.6,-7.1,-4.1,-2.4,-2.0,-6.0,-2.8,-5.3,-4.9,-5.9,-4.3,-4.3,-3.4,-5.0,-2.2,-4.5,-4.8,-3.5,-3.3,-0.2,-1.7,-2.8,-4.7,-6.0,-5.1,-2.5,-4.5,-5.7,-5.6,-5.6,-6.1,-3.2,-1.6,-10.2,-4.0,-5.0,-6.6,-6.0,-4.8,-9.9,-4.3,-8.6,-9.7,-11.7,-10.4,-1.4,0.9,-0.7,-4.1,-3.7,-8.3,-7.4,-13.2,-4.7,-8.1,-12.0,-4.6,-10.6,-4.4,-4.2,-4.4,-2.9,-3.9,1.4,1.6,3.5,-2.8,10.3,-10.6,5.1,-6.7,-4.5,-0.4,-2.4,-8.7,-4.4,7.0,1.9,-12.8,-14.4,-7.1,5.3,-4.4,0.8,-1.7,-7.7,-2.2,-0.6,-0.1,-4.8,-2.1,-1.3,-4.7,-7.9,-1.2,3.1,-6.2,-4.0,0.8,-6.2,-4.4,-9.0,-9.5,-14.2,-8.3,-3.5,-10.5,-14.0,-9.7,-12.5,2.9,8.0,3.9,1.4,1.8
2C7L517bHV,0,48.103329,11.627368,4442250.11,2777976.26,535.4,581.1,253,7337,2.1,0.89,0.35,32.65,348.96,-0.53,-0.103,0.842,-0.6,0.1,0.01,0.16,0.8,0.1,-0.3,0.6,-0.7,1.9,-1.0,-0.7,0.2,-1.7,0.9,-1.6,0.9,3.9,1.9,1.2,0.7,0.4,0.4,-2.8,0.6,0.3,-0.3,-4.7,1.3,0.2,-2.6,2.1,2.6,-2.1,0.8,-8.9,-1.6,-11.0,-6.1,-4.0,-1.7,-4.2,-2.6,-0.1,-1.9,1.7,1.9,-0.2,-2.4,0.5,-0.2,0.1,-0.6,-0.2,1.1,-2.2,-2.6,0.9,-1.8,-0.8,-0.1,-1.8,0.8,0.7,-0.4,-1.6,-1.0,-0.2,0.7,0.1,-0.1,2.2,-1.3,-1.7,-3.3,-1.7,-1.5,-0.4,-1.1,-1.1,-1.8,-2.1,-1.1,-4.0,0.7,-0.7,0.5,0.0,0.1,-4.6,-3.1,-6.2,-1.7,-2.1,-2.3,-2.2,-4.5,-1.7,-5.9,-0.5,-3.2,-1.5,2.0,-2.5,3.4,-2.8,0.6,-2.3,-1.3,-0.6,-2.3,-0.5,0.1,-1.6,-3.5,-2.9,-0.2,-1.0,-3.5,-0.9,-1.9,0.2,-0.4,-2.4,-1.4,-1.0,0.3,-1.0,-1.2,0.4,-0.8,-0.1,-0.9,1.3,-0.5,-3.0,-4.1,-1.2,-2.1,-1.9,-1.0,-5.1,-2.3,-2.0,-11.7,-1.2,-0.0,-2.3,-1.2,-1.4,-4.5,0.0,-0.2,-1.1,-2.3,-1.7,-0.0,-1.3,-2.7,-2.9,-2.4,-1.2,-3.2,-1.4,-0.4,-2.3,-1.9,-1.5,0.8,-2.3,-5.3,-4.6,0.9,-2.5,-6.6,-7.5,-2.6,-1.1,-1.7,-5.5,-3.9,-4.3,-5.4,-7.0,-3.7,-1.6,-2.8,-2.5,-2.0,-2.9,-2.2,-2.4,-3.1,-2.8,-3.3,0.4,-4.7,-1.3,-3.4,4.1,-1.2,-7.7,-5.5,-8.1,-3.8,-3.6,-4.3,-3.4,-4.1,-3.6,-4.2,-0.4,-0.6,0.3,-3.4
2C7L517bI1,0,48.103572,11.629263,4442390.71,2778006.41,539.6,585.3,253,7369,3.9,0.67,0.44,32.66,348.96,-0.53,-0.103,0.842,-0.4,0.2,-0.78,0.29,1.9,0.3,-0.3,-0.4,1.7,1.6,-1.1,-0.2,-1.9,2.0,3.9,7.5,0.6,1.5,0.0,-0.3,0.8,0.4,1.3,3.1,6.7,11.0,7.1,3.7,-1.3,3.0,4.6,9.1,-3.6,-0.3,3.3,-0.2,0.1,3.4,5.9,-0.9,-4.2,-2.7,7.7,-0.5,10.7,4.7,6.4,-0.5,-0.6,3.3,2.5,3.7,-0.6,0.1,1.8,1.1,4.3,-0.4,0.9,4.6,1.7,3.5,1.3,1.8,3.4,2.6,1.0,2.7,1.7,2.5,1.6,0.7,0.7,5.8,5.5,-1.7,-0.7,-0.5,-1.3,1.7,2.2,1.4,0.8,7.1,1.7,5.5,6.2,1.0,-4.8,2.3,-0.5,0.8,0.2,0.8,7.8,10.0,6.8,6.7,11.8,6.4,12.9,11.6,-1.5,8.0,10.3,9.5,19.1,-3.3,2.8,11.5,2.8,8.7,8.1,15.2,1.8,3.2,-0.6,-1.9,0.6,0.7,1.1,1.8,-1.2,2.7,3.1,-2.7,1.2,-1.0,-0.2,-1.4,-1.8,-0.0,6.3,0.2,-0.3,-1.0,-0.8,-4.5,5.3,-1.3,2.9,13.5,4.9,10.8,2.1,8.3,2.9,4.7,-2.3,2.0,1.6,6.5,2.1,2.6,0.5,2.5,0.6,1.6,-2.5,-0.9,3.0,1.1,-0.7,3.8,2.4,3.7,1.4,4.9,6.0,4.4,8.4,4.4,5.1,0.9,-7.2,2.6,-2.0,2.3,3.1,-0.3,-1.9,-7.9,-3.9,-2.7,-0.8,11.0,2.0,-0.5,-1.5,0.8,2.4,-2.5,0.2,8.8,10.6,8.5,3.1,4.7,5.0,8.6,0.1,2.9,2.3,-2.2,0.0,-5.2,-1.0,-0.9,-2.5,-5.3,0.0,-0.1,-2.1,-6.7,-1.6
2C7L517bI2,0,48.103605,11.629517,4442409.5,2778010.43,547.3,593.0,253,7370,3.6,0.73,0.48,32.66,348.96,-0.53,-0.103,0.842,-0.1,0.2,-0.15,0.28,0.5,0.2,-0.3,3.9,2.3,-2.7,1.0,-1.2,0.9,-0.7,-0.4,3.3,-3.0,-2.3,-7.7,0.4,-1.7,-1.2,-2.0,-3.6,1.2,-1.1,-3.7,-6.1,-2.8,-5.1,2.8,1.9,5.8,-0.9,4.6,2.6,-4.1,-0.0,-3.2,-2.5,-2.9,0.2,4.6,2.6,4.3,1.8,2.5,0.8,2.6,-2.6,1.5,-1.8,-0.2,-1.0,1.5,0.6,0.9,-0.2,-2.3,-1.9,-1.0,-1.3,-5.1,-1.9,-1.5,1.4,-1.2,-4.0,2.1,9.2,-3.1,7.4,0.5,2.3,9.8,-3.6,-0.5,0.1,-3.6,-0.7,-2.4,0.9,-1.0,-2.5,-2.5,-3.3,0.7,-0.1,-1.2,-5.2,-1.2,0.9,2.1,-1.3,0.7,2.8,0.8,-0.0,-0.8,-2.2,-2.0,0.5,0.8,0.8,1.5,-2.3,-1.1,-2.1,-1.0,-0.2,-1.5,-0.3,-1.6,-4.2,-5.1,0.6,-5.9,-5.7,-10.2,-8.9,9.9,-6.1,-2.7,0.3,-1.7,-1.4,-2.7,-6.0,2.6,3.8,-0.2,-0.1,-1.3,-3.3,-6.9,-2.9,-7.6,-4.0,-3.5,4.1,3.2,-0.6,1.3,0.0,-3.8,1.9,-1.0,-5.7,-0.4,-2.8,0.5,-8.6,4.7,-8.1,0.4,-1.6,-3.0,8.2,3.1,3.6,4.6,7.4,3.0,7.2,3.6,5.6,0.6,1.1,1.2,4.3,-4.2,-1.1,2.3,-1.5,0.2,0.8,0.1,-1.2,-2.6,-3.2,-3.6,-3.4,10.5,-1.6,-4.5,-11.7,5.1,-0.5,0.5,-2.2,-2.9,2.8,1.9,4.0,5.0,-3.3,-5.5,-3.9,-0.2,-1.7,-2.5,-1.3,-2.1,1.2,-3.2,-6.6,-0.4,-2.1,1.1,-2.7,4.2,-1.2,-3.9,1.4,-13.7
2C7L517bFr,0,48.102618,11.621692,4441828.95,2777887.98,543.2,588.9,253,7235,3.0,0.77,0.41,32.59,348.92,-0.529,-0.104,0.843,-1.7,0.2,-0.65,0.24,1.0,0.2,-0.3,-1.1,1.3,-0.9,-0.9,-2.1,-2.2,-1.7,0.5,0.7,4.7,-0.1,-0.2,-2.3,-2.9,-0.2,-2.0,-2.1,-4.6,-3.3,-5.5,-2.4,-4.9,-4.7,-2.9,-2.4,0.9,0.0,-4.0,-1.0,-4.5,4.8,-7.9,-6.6,-7.5,-1.1,-15.3,-3.5,-2.2,2.8,0.7,6.1,-0.4,2.2,-4.9,-12.9,-8.5,-7.2,-10.4,-5.9,-6.8,-4.7,-5.3,-6.1,-7.6,-4.7,-4.4,-4.3,-4.3,-3.4,-3.3,-4.6,-5.2,-2.8,-5.9,-6.0,-4.8,-4.8,-5.6,-9.4,-4.5,-2.0,-4.7,-2.8,-6.2,-6.7,-3.7,-5.1,-5.3,-4.7,-4.2,-5.4,-7.2,-5.7,-9.5,-5.6,-3.0,-4.1,-9.3,-5.8,-5.8,-7.5,-9.3,-7.5,-7.4,-8.5,-6.3,-7.4,-5.0,-5.4,-8.0,-5.3,-4.6,-5.9,-4.8,-7.0,-4.4,-3.2,-4.6,-4.7,-4.5,-2.2,-2.8,-2.4,-2.7,-0.9,-2.7,-4.3,-5.0,-4.2,-2.3,-3.5,-2.1,-2.2,-4.1,-5.2,-7.4,-3.6,-6.8,-6.2,-5.3,-9.9,-4.7,-3.5,-7.1,-3.4,-7.6,-3.4,-8.0,-6.7,-5.8,-13.4,-2.0,-4.0,-6.1,-3.1,-0.2,-4.9,-1.4,-2.4,-7.2,-3.6,-7.1,-2.3,-5.8,-6.7,-6.1,-3.9,-4.1,-6.2,4.0,-3.3,-6.7,-4.7,-3.0,-5.2,-6.8,-5.8,-7.2,-5.9,-6.0,-9.8,-6.1,-10.9,-6.6,-19.9,-6.7,-5.0,-7.7,-3.2,-7.8,-8.5,-11.8,-11.8,-9.1,-11.9,-11.3,-7.1,-11.5,-12.3,-14.0,-14.6,-12.9,-11.9,-15.8,-13.0,-12.9,-11.4,-15.3,-18.2,-21.4,-12.7,-10.1,-10.5,-8.8,-10.8,-9.0,-7.7,-8.4
2C7L517bFs,0,48.102615,11.621664,4441826.9,2777887.55,539.1,584.8,253,7236,1.8,0.9,0.25,32.59,348.92,-0.529,-0.104,0.843,-0.7,0.1,0.01,0.14,1.4,0.1,-0.3,-1.3,-0.9,-1.7,-1.1,-2.2,2.2,-2.4,0.1,-1.6,5.4,-0.3,3.2,-1.0,-1.7,-2.3,-1.7,-5.2,-3.5,-3.0,-1.3,-2.8,-3.5,-1.4,-2.3,-2.8,-1.1,-0.8,0.7,-1.8,-3.1,6.4,-6.7,-7.0,-6.9,-4.1,-6.9,-4.1,-3.3,-2.2,-3.3,-3.8,-1.5,-2.5,-4.1,-4.9,-3.0,-1.2,-2.2,-2.9,-2.2,2.5,-0.4,-2.1,-1.7,-2.7,-2.7,-2.0,-1.8,-3.4,-2.0,-1.6,-2.0,-0.7,-2.9,-1.6,-1.5,-2.2,-3.2,-1.5,-3.6,-0.8,-2.7,-2.2,-1.5,-1.8,-2.7,-1.8,-3.5,-2.5,-3.1,-3.5,-4.1,-3.1,-5.9,-3.4,-6.0,-4.0,-8.0,-4.4,-7.8,-4.6,-4.6,-4.5,-7.9,-6.0,-3.9,-4.9,-5.3,-4.0,-4.2,-3.3,-6.5,-2.3,-3.5,-4.8,-2.6,-3.2,-2.1,-2.7,-2.5,-1.6,-4.4,-0.4,-2.9,-0.2,-1.3,-3.8,-2.3,-1.9,-2.1,-2.8,-1.8,-1.6,-4.1,-0.4,0.0,-2.1,-2.9,-2.1,-5.7,-2.6,-4.0,-3.2,-3.4,-6.3,-4.3,-2.0,-4.1,-0.8,-1.1,0.2,-1.2,-3.4,-1.8,-2.3,-2.9,-1.5,-1.6,-1.7,-2.0,-3.7,-4.1,-3.5,-3.3,-3.7,-3.6,-3.6,-4.0,-5.5,-7.9,-8.4,-9.6,-2.2,-5.9,-7.3,-4.9,-3.5,-8.9,-3.4,-5.3,-6.3,-8.1,-4.4,-4.3,-3.7,-4.8,-4.2,-2.3,-2.3,-3.1,-4.5,-3.6,-4.6,-3.5,-4.4,-4.7,-4.4,-5.0,-4.1,-9.0,-7.6,-6.3,-5.3,-8.2,-2.8,-6.2,-4.6,-6.5,-5.7,-4.6,-4.7,-5.7,-3.8,-2.9,-4.7,-4.8,-5.9,-5.0
2C7L517bFt,0,48.102613,11.62165,4441825.84,2777887.33,535.6,581.4,253,7237,1.3,0.95,0.16,32.59,348.92,-0.529,-0.104,0.843,-1.4,0.1,0.05,0.1,0.7,0.1,-0.3,-1.4,-1.7,-1.6,-1.2,-1.1,0.8,-1.0,-0.9,-1.2,-0.4,0.1,1.5,-0.7,-1.0,-0.9,-1.6,-2.2,-1.7,-1.5,-1.8,-2.3,-3.2,-1.6,-1.9,-2.1,-0.6,-0.8,-0.2,-1.6,-3.2,7.7,-6.2,-4.3,-5.0,-4.2,-3.8,-3.5,-2.5,-1.5,-1.1,-2.6,-0.8,-2.2,-3.2,-3.6,-3.0,-1.8,-2.0,-2.7,-1.2,-1.2,-1.2,-2.3,-2.0,-2.2,-2.5,-1.9,-1.9,-2.7,-2.4,-2.5,-2.5,-0.7,-2.6,-1.3,-2.4,-2.9,-4.0,-2.6,-3.6,-2.6,-3.1,-2.2,-3.7,-3.5,-2.5,-3.3,-4.2,-2.7,-4.1,-3.3,-4.0,-2.8,-5.1,-3.9,-4.7,-4.1,-4.5,-4.2,-7.1,-4.8,-3.9,-5.8,-7.1,-5.7,-3.3,-5.3,-4.7,-4.4,-4.9,-4.3,-5.1,-3.4,-3.8,-4.8,-3.8,-4.5,-3.8,-3.7,-4.3,-3.9,-5.0,-3.2,-3.4,-2.5,-3.2,-5.5,-4.9,-3.9,-4.5,-3.7,-3.8,-4.3,-4.9,-3.6,-2.9,-3.2,-4.4,-3.8,-3.5,-6.0,-4.7,-4.7,-4.8,-6.7,-5.9,-4.0,-4.9,-2.4,-3.5,-2.7,-4.3,-5.8,-4.7,-3.7,-5.2,-2.9,-4.1,-2.3,-4.4,-5.0,-5.3,-6.1,-5.8,-5.2,-6.8,-5.3,-5.7,-5.0,-6.9,-7.5,-9.1,-4.2,-6.6,-5.5,-4.8,-5.3,-10.0,-5.7,-5.7,-6.5,-8.7,-7.4,-5.7,-6.9,-5.9,-6.5,-5.3,-3.7,-5.4,-6.7,-6.8,-7.5,-5.2,-6.9,-6.5,-7.0,-6.3,-5.3,-10.0,-8.9,-8.1,-8.2,-11.0,-7.3,-9.0,-7.7,-9.2,-8.4,-7.8,-6.6,-8.9,-8.6,-7.4,-7.1,-7.5,-9.2,-7.3
2C7L517bFu,0,48.102625,11.621743,4441832.78,2777888.81,537.4,583.1,253,7238,1.6,0.95,0.21,32.59,348.92,-0.529,-0.104,0.843,-0.8,0.1,-0.01,0.13,0.8,0.1,-0.3,0.8,-1.9,-0.0,-1.7,0.3,2.4,-0.3,0.3,-0.4,-0.7,1.7,2.9,1.0,-1.0,-0.6,-1.5,-2.0,-1.9,1.0,0.9,-2.4,-2.6,-0.6,-1.2,-1.4,1.6,-0.5,0.3,0.3,-3.3,-17.8,-4.4,-5.0,-6.0,-3.4,-3.3,-3.7,-1.8,-2.0,-0.5,-1.5,-0.1,-2.1,-2.7,-2.6,-2.4,-2.5,-1.8,-2.9,-1.2,-2.0,-1.7,-1.5,-2.1,-2.5,-1.1,-1.4,-1.8,-2.5,-2.9,-1.3,-2.6,-1.0,-2.7,-0.7,-1.0,-2.0,-1.4,-2.5,-2.0,-1.2,-1.5,-1.4,-2.2,-3.3,-1.5,-2.2,-3.9,-3.0,-2.3,-2.4,-1.2,-1.7,-3.6,-2.9,-2.4,-3.4,-3.4,-2.9,-5.7,-4.9,-2.3,-4.6,-5.1,-4.3,-2.8,-3.9,-3.5,-4.2,-2.8,-2.0,-2.8,-1.3,-2.4,-3.1,-1.7,-3.4,-1.4,-2.0,-2.0,-2.3,-3.4,-1.9,-2.3,-1.0,-1.0,-2.8,-2.7,-1.5,-3.4,-3.3,-2.3,-2.7,-2.7,-2.2,-0.7,-3.5,-3.2,-2.0,-2.0,-3.7,-3.3,-2.8,-2.7,-5.0,-4.0,-2.1,-3.2,-0.9,-0.9,-1.7,-3.1,-3.9,-3.7,-3.2,-4.3,-2.8,-3.6,-1.0,-2.7,-4.3,-4.1,-4.4,-3.9,-3.9,-5.5,-2.8,-4.2,-1.4,-4.3,-5.3,-7.0,-1.5,-4.6,-4.3,-1.5,-2.9,-8.0,-2.2,-5.1,-5.7,-5.8,-5.8,-4.6,-4.4,-3.7,-4.5,-1.4,-2.7,-3.8,-4.5,-4.6,-3.8,-2.3,-4.2,-5.2,-4.6,-3.8,-2.3,-6.4,-6.3,-4.6,-4.2,-7.8,-5.4,-5.7,-4.8,-5.9,-5.9,-5.8,-4.5,-7.3,-5.3,-4.3,-4.0,-4.8,-5.6,-5.3
2C7L517bFv,0,48.102643,11.621884,4441843.2,2777891.04,541.5,587.2,253,7239,1.6,0.92,0.28,32.59,348.92,-0.529,-0.104,0.843,-0.6,0.1,0.32,0.13,0.8,0.1,-0.3,-0.3,-1.9,-0.9,-0.7,-0.5,-1.4,-1.4,-1.3,-0.6,-0.4,0.4,-0.1,0.5,-0.3,-1.0,-1.1,-1.7,-1.1,-1.5,-2.1,-2.5,-1.6,-1.6,-3.0,-2.5,-0.2,-1.6,-1.8,-3.4,-1.8,5.0,-6.4,-5.9,-6.6,-3.9,-6.0,-3.0,-3.0,-2.3,0.3,-1.2,-2.0,-3.4,-2.4,-3.1,-3.1,-2.7,-1.9,-2.6,-0.8,-0.6,-0.7,-0.7,-0.2,-2.0,-2.9,-1.7,0.3,-0.8,-1.8,-1.7,-1.2,-2.6,-3.0,-4.8,-3.8,-3.5,-8.4,-1.0,-1.5,-1.0,-3.4,-3.1,-3.7,-2.0,-3.3,-3.3,-3.7,-3.4,-2.4,-4.9,-4.8,-3.0,-5.1,-3.8,-2.4,-2.6,-7.1,-3.2,-5.6,-4.6,-4.4,-4.6,-5.5,-2.9,-2.9,-3.0,-3.9,-4.3,-5.2,-3.4,-4.9,-2.7,-3.3,-5.7,-5.0,-3.0,-2.2,-4.0,-2.9,-1.8,-3.4,-2.4,-2.9,-2.7,-4.9,-1.2,0.7,-1.7,-4.2,-1.9,-1.7,-2.6,-2.6,-2.3,-2.3,-4.2,-5.2,-4.9,-2.5,-4.6,-3.4,-3.3,-5.8,-4.6,-3.8,-5.3,-4.3,-0.9,-0.5,-2.7,-2.5,-5.1,-3.0,-2.6,-3.0,-2.7,-2.2,-3.5,-4.2,-3.4,-2.5,-4.6,-3.9,-3.3,-4.4,-3.0,-2.7,-3.7,-3.6,-6.5,-8.6,0.7,-4.6,-6.8,0.1,-3.3,-10.9,-4.2,-4.3,-4.7,-5.3,-4.4,-5.7,-5.3,-3.0,-4.0,-1.2,-3.4,-3.3,-0.9,-2.0,-3.0,-2.9,-1.8,-4.5,-2.7,-5.5,-3.7,-7.1,-6.1,-3.9,-7.1,-8.1,-5.9,-4.0,1.0,-3.7,-3.2,-5.7,-5.1,-4.4,-4.5,-5.8,-2.6,-3.7,-4.2,-4.4
2C7L517bFw,0,48.10264,11.621863,4441841.68,2777890.72,537.7,583.4,253,7240,1.4,0.94,0.21,32.59,348.92,-0.529,-0.104,0.843,-1.1,0.1,0.12,0.11,0.8,0.1,-0.3,-0.6,-1.2,-1.4,-0.8,-0.6,0.4,-1.2,-0.2,-1.8,1.8,-0.0,1.3,-0.6,-0.7,-1.8,-0.7,-2.1,-2.1,-2.0,-1.5,-2.2,-2.0,-1.1,-2.0,-1.7,-0.6,-1.3,0.2,-2.5,-4.0,6.4,-7.4,-6.3,-7.2,-5.0,-5.8,-3.7,-3.0,-2.7,-1.4,-2.7,-1.6,-3.1,-3.2,-3.0,-2.9,-2.4,-1.2,-3.7,-0.9,-1.6,-2.6,-3.1,-2.4,-3.2,-2.3,-2.3,-1.7,-3.0,-2.1,-3.3,-2.4,-3.4,-2.7,-2.9,-2.6,-3.0,-5.9,-2.6,-4.0,-1.3,-2.5,-1.9,-3.3,-3.7,-4.2,-4.1,-4.6,-3.4,-3.9,-3.2,-4.0,-3.1,-4.5,-3.8,-4.3,-4.2,-7.0,-3.7,-5.0,-4.9,-4.0,-4.1,-6.0,-4.9,-3.3,-4.0,-4.9,-4.3,-3.7,-4.0,-4.7,-3.2,-3.3,-4.9,-4.2,-4.6,-4.0,-3.5,-3.8,-3.8,-3.8,-2.7,-4.7,-2.6,-3.3,-4.1,-4.3,-3.5,-3.2,-3.2,-3.1,-3.7,-3.3,-3.2,-2.8,-3.2,-4.5,-4.3,-3.9,-5.3,-4.6,-2.0,-6.3,-6.8,-7.6,-5.9,-6.5,-3.6,-3.8,-3.0,-3.4,-5.1,-4.9,-3.8,-3.9,-3.4,-3.9,-3.8,-4.3,-3.7,-5.9,-5.0,-4.6,-3.9,-5.7,-5.1,-4.8,-5.0,-5.8,-7.8,-8.5,-3.0,-6.9,-5.8,-2.8,-3.8,-10.8,-3.9,-5.9,-6.6,-7.2,-6.5,-5.3,-5.0,-5.4,-5.5,-3.9,-4.6,-4.3,-5.0,-4.4,-5.9,-5.9,-4.6,-6.2,-5.8,-5.8,-6.5,-7.6,-7.4,-7.2,-8.9,-10.8,-6.9,-8.7,-7.2,-7.4,-7.7,-9.4,-7.6,-6.6,-6.8,-7.5,-5.4,-6.3,-6.8,-6.0
2C7L517bHU,0,48.103331,11.627242,4442240.67,2777976.31,533.5,579.2,253,7336,4.2,0.66,0.5,32.65,348.96,-0.53,-0.103,0.842,-0.0,0.2,-0.07,0.32,1.3,0.3,-0.3,3.6,-8.5,2.9,3.5,6.4,-10.1,3.4,6.7,5.8,2.6,5.5,1.0,3.3,3.1,0.9,3.8,0.9,0.6,-4.5,-8.2,-10.6,-3.0,-0.6,0.9,2.3,0.4,0.7,-0.0,0.7,-2.7,-7.2,-3.7,-3.1,-1.2,-6.7,0.1,1.4,-9.4,-4.8,-2.7,3.2,-4.6,6.0,-0.4,-1.3,-0.5,-1.2,-6.9,-5.8,-3.2,1.0,0.3,-5.8,-3.7,-7.6,-2.1,-5.1,-3.3,-4.9,-6.6,-3.5,0.3,2.8,1.2,2.7,12.8,0.2,-6.6,-0.3,1.7,-1.3,4.3,-2.9,1.1,-1.7,-6.8,11.2,10.4,7.4,0.6,-3.3,-1.2,-1.1,-2.7,1.4,-1.5,-3.4,-4.6,-1.8,-2.0,-2.7,-1.0,2.2,-1.0,-4.0,8.7,0.0,-0.5,-2.2,-2.7,6.5,-3.3,-12.5,-1.4,-2.2,2.2,-1.6,-0.5,2.0,-4.2,-1.7,0.8,1.2,-2.1,0.9,1.5,0.4,-2.4,-6.2,-3.0,3.2,-0.7,-3.8,2.8,3.5,10.3,-0.8,-2.4,-0.3,-0.5,3.8,-4.2,-0.0,-4.6,-8.5,-7.4,5.1,-7.1,1.0,3.5,14.1,-7.3,-1.6,2.2,4.5,10.9,2.9,-7.9,-5.8,0.5,1.1,-2.1,-1.1,-0.4,-1.9,4.8,-2.5,0.3,1.8,-0.2,-0.0,-1.8,1.0,-6.1,-5.0,-6.0,-3.2,-3.8,-0.8,-0.9,-3.1,2.1,7.5,-7.3,-1.1,-0.1,1.3,-0.2,-3.1,-1.3,-0.0,-1.4,-4.6,-2.5,1.7,-3.4,-5.5,-0.8,-0.7,-4.8,1.9,-2.0,-0.9,2.7,-2.4,-2.3,-9.6,-2.5,-2.9,0.4,-4.1,-0.9,1.3,0.5,2.0,3.9,1.1,2.5
2C7L517bHd,0,48.103445,11.628131,4442306.65,2777990.43,551.5,597.2,253,7345,4.1,0.66,0.51,32.65,348.96,-0.53,-0.103,0.842,0.0,0.2,0.05,0.31,1.6,0.3,-0.3,-6.1,0.8,5.6,13.1,-5.0,2.9,13.0,-1.8,-1.7,4.3,0.6,2.0,-1.6,3.2,2.3,0.2,0.4,-2.7,-6.0,-2.1,-3.2,-6.1,0.2,-2.7,-4.1,-7.1,-1.5,-0.9,-2.0,-2.1,-6.1,-5.8,-5.9,-7.3,-8.2,-1.9,-3.7,-2.4,-0.6,-7.8,-3.0,-0.5,-1.2,1.0,-3.8,-0.5,1.0,-0.2,-0.7,-3.7,-5.0,2.1,-7.0,-6.7,-3.8,-4.6,-4.4,1.2,-0.0,-2.6,-4.1,4.7,-12.4,5.0,1.5,0.1,-1.7,-1.2,-3.8,8.2,-3.7,-6.1,-1.4,-6.2,0.1,1.1,-1.8,-4.7,-0.8,-2.0,6.7,-2.3,-1.4,-3.7,-4.4,-3.5,1.0,-6.8,-1.4,-1.9,-2.7,-4.6,-0.6,-0.2,-2.0,2.1,-3.0,2.9,0.3,1.0,-3.5,-0.1,1.5,-1.7,2.2,-1.3,1.2,-0.7,-11.5,-12.6,3.1,3.0,-8.4,5.9,-6.3,-0.2,-0.4,-6.7,-1.6,6.9,0.6,-0.8,-1.2,4.1,2.2,1.1,-2.8,-0.9,-0.1,-2.2,-1.1,1.2,-2.5,-3.9,-3.5,-4.7,-4.0,-7.5,0.1,-1.2,-0.5,-2.9,6.9,3.3,-10.3,1.4,-4.3,-12.2,-11.1,4.6,-0.1,12.2,1.7,-1.1,0.5,1.8,2.6,3.3,1.4,-2.1,-1.5,-3.8,0.1,-0.5,-3.4,-3.9,-0.6,-3.2,-1.7,-1.5,-2.4,-3.6,-8.7,-5.4,-3.7,-0.9,2.6,-11.5,-3.9,-0.1,3.5,6.8,-2.0,6.1,0.2,-2.4,-7.4,-1.0,-0.1,-5.5,-4.8,-4.8,-3.0,-2.9,-5.4,-3.7,-3.3,-4.3,-4.9,-2.0,-5.0,-2.8,6.9,12.0,-9.3,-0.3,2.2,1.8
2C7L517bHh,0,48.103458,11.628229,4442313.96,2777992.01,544.3,590.0,253,7349,2.9,0.77,0.43,32.65,348.96,-0.53,-0.103,0.842,-0.2,0.1,-0.59,0.22,2.2,0.2,-0.3,2.1,0.7,-1.0,-0.4,-0.4,0.1,-2.0,3.2,1.3,2.4,1.2,1.0,-0.3,0.5,-1.5,-0.9,-7.3,-1.3,-4.1,-2.3,-2.3,-4.2,-4.9,-5.2,12.7,-6.1,-5.7,-3.7,-2.3,-3.8,-9.8,-9.6,-11.7,-2.2,-9.8,-4.4,-4.4,-3.1,-5.6,-2.4,-4.9,-2.4,-1.7,-0.9,-7.0,-1.5,-0.1,-1.4,-4.1,-2.8,-0.2,1.0,-1.1,-3.8,-4.3,-2.7,-2.7,0.6,-2.9,-2.9,-3.5,-0.9,-7.6,-2.5,-1.1,0.3,-1.4,-7.4,-0.4,-2.3,0.6,-0.7,-1.5,-0.2,-3.4,-4.4,-5.0,-3.3,4.5,-4.5,0.4,-4.4,-3.4,-7.5,0.6,-11.0,-4.1,-2.8,-6.2,-7.2,-2.3,-6.9,-3.0,-2.6,-6.0,-4.9,-2.3,-3.6,-4.1,-3.3,-3.8,-5.3,-4.6,-2.5,-5.2,-4.1,-0.6,-1.3,-1.8,-4.0,-2.5,-2.1,0.5,-2.9,0.8,1.3,0.4,0.5,0.8,1.3,2.4,0.6,0.0,-0.3,3.7,3.5,1.3,-0.1,-0.8,-0.9,-2.1,-0.6,-4.7,-0.5,-2.5,-2.8,-3.3,-5.9,0.4,5.9,-9.4,-2.1,0.7,-2.7,5.5,1.1,10.5,-0.7,-3.8,-1.5,-5.2,-3.0,1.8,1.9,-3.4,-0.1,-4.5,-2.6,0.3,-4.9,-6.0,-5.7,-5.2,-8.8,-7.3,-4.3,-1.8,-6.0,-4.0,-3.7,-1.4,-0.3,-10.4,-6.4,-1.4,0.5,-3.4,-2.5,5.1,-3.2,-3.0,-3.4,-0.3,-0.7,-4.7,-2.5,-2.0,1.3,-0.3,-7.5,-7.2,-7.2,-7.0,-2.5,-3.7,-6.7,-5.1,-3.7,-8.6,-5.7,-6.0,-5.5,-6.0,-6.1,-3.2,-3.4,-2.5,-1.2
2C7L517bHi,0,48.103462,11.628259,4442316.16,2777992.49,543.0,588.7,253,7350,2.3,0.88,0.4,32.65,348.96,-0.53,-0.103,0.842,-0.7,0.1,-0.13,0.17,0.7,0.2,-0.3,1.1,0.6,-2.4,0.2,-1.5,1.0,-0.3,1.6,-1.0,0.6,-1.8,0.9,-0.1,-1.8,-2.0,-0.9,-3.2,0.5,-1.5,-0.1,-2.6,-1.9,-1.8,-1.9,1.2,2.2,-0.0,0.1,-0.3,-3.9,-9.6,-7.1,-4.5,-2.1,-2.8,-1.7,-0.3,1.6,2.3,-0.0,-0.9,0.9,1.0,0.0,0.1,0.5,1.4,1.4,-0.6,1.2,-0.8,0.1,-1.2,-1.5,-3.2,-2.3,-3.6,-2.1,-1.2,-1.9,-2.2,-0.6,-4.2,-2.2,0.3,-1.7,-1.3,-2.2,-2.2,-1.9,-0.8,-2.5,-2.7,-2.2,-0.0,-0.8,-1.0,-1.2,0.7,-2.8,-1.4,-0.7,-0.5,1.2,1.6,-2.6,-2.0,-4.2,0.6,-0.8,-0.4,-3.3,-0.4,0.6,-3.8,-1.0,-0.5,-0.9,-1.9,-2.1,-1.4,-1.1,-1.8,-4.0,-2.4,-0.8,0.1,-0.8,-1.8,-1.5,-0.4,-2.0,1.9,-1.7,-0.5,0.5,-1.5,-2.5,-1.9,0.1,0.2,0.2,-0.9,-1.1,2.7,1.9,-2.9,-2.2,-2.0,-5.8,-7.8,-3.6,-2.1,-5.0,-11.3,-3.7,-4.9,-6.0,0.1,1.7,-5.0,-1.8,-1.7,-3.7,-0.0,-1.5,9.6,-2.4,-5.4,-4.7,-1.0,-3.0,-1.3,-0.4,-5.0,-4.4,-3.0,-4.3,-1.4,-3.9,-6.4,-6.1,-6.3,-9.3,1.0,-1.2,-1.1,-6.8,-3.4,-0.5,-1.4,-3.0,-6.6,-1.3,-1.6,-0.9,-4.4,-1.0,2.5,-5.8,-4.9,-5.1,-2.1,-3.6,-4.0,1.4,-3.2,-0.6,-3.3,-6.8,-4.4,-7.5,-3.8,1.0,-1.4,-3.2,-3.6,-6.5,-6.3,-7.2,-5.7,-5.7,-1.5,-2.3,-2.3,-4.6,-7.5,-2.2
2C7L517bKf,0,48.104781,11.638533,4443078.3,2778155.98,536.7,582.4,253,7533,2.4,0.86,0.42,32.7,348.96,-0.53,-0.103,0.842,-0.2,0.1,-0.33,0.18,0.8,0.2,-0.3,3.7,0.5,1.5,-2.1,0.5,1.6,-2.3,-1.2,-0.8,3.5,-0.4,3.1,3.2,-0.1,-0.3,-0.3,-1.4,-0.5,-5.1,-11.4,-5.8,-4.6,2.6,-0.1,1.4,3.7,3.5,1.8,2.8,2.4,10.4,0.1,1.4,0.7,2.4,4.7,3.9,3.5,3.8,4.8,3.9,4.5,3.0,0.9,2.0,2.3,2.0,1.9,2.5,2.1,2.2,3.1,1.6,2.1,1.7,0.8,1.2,1.5,0.7,2.0,1.4,1.7,-4.0,1.9,3.1,0.2,0.5,1.6,1.8,2.6,2.5,2.0,1.5,2.1,1.8,0.4,0.9,0.4,-0.5,-1.1,0.0,0.5,-0.0,0.9,1.5,1.4,2.5,3.3,4.4,3.4,0.5,0.3,2.5,-1.4,-3.4,3.2,6.3,-0.2,2.3,5.6,7.0,5.2,5.1,3.7,7.8,5.6,4.5,1.0,0.4,2.1,1.3,0.8,2.6,-0.2,1.2,0.5,2.6,1.2,1.6,1.8,2.2,2.4,2.1,3.7,4.0,3.6,2.2,2.7,0.7,-2.4,1.8,2.9,4.6,4.6,0.4,-0.8,-0.2,2.5,4.7,3.2,0.8,-1.1,-0.6,2.1,2.3,2.3,-5.6,1.8,3.5,4.6,2.1,3.1,2.9,2.5,-1.2,-1.4,-1.1,0.1,-0.2,2.1,2.5,-5.5,-0.6,-1.1,-1.9,1.9,1.7,1.9,1.0,0.5,1.2,0.2,-0.4,-1.2,-0.5,0.8,-1.0,-0.8,-4.2,-0.4,4.5,4.7,1.9,0.3,1.5,0.5,-0.5,1.5,0.5,-0.3,0.2,1.1,-0.5,2.2,4.5,5.5,-3.2,-1.2,3.2,3.0,2.2,3.7,3.2,4.3,0.7,2.1,-1.4,-3.2
2C7L517bKg,0,48.104784,11.63856,4443080.34,2778156.42,535.3,581.0,253,7534,2.6,0.84,0.41,32.7,348.96,-0.53,-0.103,0.842,0.2,0.1,-0.02,0.2,1.0,0.2,-0.3,0.5,-3.3,-3.4,-2.6,-3.2,0.6,2.0,2.1,0.5,2.3,-0.3,0.9,-1.5,2.1,0.8,0.5,-2.2,-1.8,-1.7,-4.2,1.5,-0.0,0.5,-0.8,-0.2,11.9,7.2,6.1,7.0,2.5,7.7,0.7,0.3,3.5,7.8,-3.9,2.6,1.6,0.5,0.5,1.7,3.9,2.3,0.2,-0.6,0.8,0.1,-0.8,1.6,1.2,-0.1,0.9,0.6,1.4,0.3,1.8,-0.1,2.2,-0.5,1.8,-0.0,-0.5,0.9,1.1,-8.7,-0.9,-0.3,-3.3,3.1,3.2,0.4,3.5,1.0,1.6,3.5,3.0,1.2,0.7,-0.6,-0.4,0.8,2.2,5.1,4.6,2.7,1.5,2.6,1.8,1.9,3.7,0.5,0.1,-2.2,-3.7,-5.0,-4.2,2.7,-0.5,-0.4,0.3,-0.8,1.0,-0.6,2.1,3.1,0.3,1.3,0.5,-0.6,0.2,3.5,3.1,-0.2,-0.4,-0.1,-0.7,0.1,2.0,0.7,-0.2,1.5,3.0,2.3,1.5,5.4,1.7,0.9,1.9,-1.9,-1.4,0.4,5.3,2.6,4.4,2.5,-2.6,2.7,6.6,3.7,5.6,1.5,-1.9,-1.4,0.4,0.9,-0.9,-2.7,1.5,2.7,-0.2,-0.8,-1.3,-1.7,-2.2,1.6,-1.1,-0.9,0.2,4.1,5.1,1.6,2.9,4.6,2.2,1.0,5.3,5.2,3.7,5.5,2.3,5.1,-1.1,1.0,1.6,0.4,2.1,1.5,2.7,-4.7,2.5,4.5,4.8,1.7,0.3,3.6,3.9,-0.1,2.4,-1.1,-3.4,-7.6,1.4,-1.9,4.4,3.8,7.3,2.7,0.4,1.3,3.5,3.1,1.8,3.4,2.5,1.5,0.4,-0.8,-1.9
2C7L517bKi,0,48.104813,11.638785,4443097.0,2778159.99,540.4,586.1,253,7536,1.7,0.92,0.29,32.7,348.96,-0.53,-0.103,0.842,-0.8,0.1,-0.38,0.13,0.8,0.1,-0.3,0.7,1.5,0.8,1.9,0.7,1.1,2.2,1.7,0.3,0.2,1.0,0.4,0.8,2.3,-0.2,1.8,3.0,2.9,1.1,1.0,0.0,0.7,0.9,1.5,-0.2,2.4,0.5,0.3,0.1,-2.5,6.8,-3.5,-3.0,-3.5,-0.6,-1.2,-1.8,3.1,0.9,2.6,2.4,2.1,2.0,1.0,-0.1,0.2,1.3,-0.4,0.3,0.9,1.2,0.8,-0.6,-1.0,-0.7,-1.8,-0.1,-0.4,-1.1,-1.4,-1.9,-3.7,3.4,-2.4,-0.8,-0.8,-2.7,-1.1,-2.8,1.7,1.7,1.5,0.6,1.5,-0.6,0.5,1.2,0.8,-1.1,-1.0,0.6,2.2,0.5,3.7,1.0,5.7,0.6,2.3,1.2,0.7,-2.8,-0.2,-0.5,-0.4,-0.4,1.1,2.4,1.4,1.8,3.2,2.4,0.5,0.9,1.4,0.6,0.4,0.2,1.7,-1.2,0.6,-0.7,0.1,-1.0,0.1,-1.7,-3.0,-1.4,-2.2,-1.6,-1.1,-1.9,-1.4,-0.9,-1.2,-1.3,2.4,0.2,-0.1,1.5,0.6,3.5,2.5,2.2,2.9,0.4,-2.4,3.8,0.4,2.3,1.0,-0.0,-4.4,-1.7,-0.9,0.2,-0.9,1.0,-0.7,0.4,-0.5,-1.3,0.2,-0.0,-1.0,-0.1,0.7,0.0,0.7,0.4,0.6,-3.3,-4.4,-2.4,-3.1,-5.6,-2.8,1.7,-5.1,-0.1,-2.2,-3.0,-5.4,-0.2,-3.8,-3.6,-3.8,-2.7,-3.0,-3.0,-3.4,-3.7,-3.2,-0.8,-3.0,-1.8,-2.1,-3.1,-0.6,-1.0,-1.5,-1.7,0.5,-1.1,-0.6,1.9,-0.1,-0.6,-4.4,-2.4,-3.8,-4.7,-4.8,-6.3,-6.9,-5.4,-4.3,-2.8,-1.7
2C7L517bGN,0,48.102862,11.623449,4441959.24,2777918.01,538.0,583.8,253,7267,4.5,0.58,0.49,32.63,348.96,-0.529,-0.103,0.842,-1.0,0.2,1.3,0.35,1.7,0.3,-0.3,-1.8,2.9,-13.0,6.6,4.1,8.3,8.8,4.3,-1.3,6.1,3.4,7.2,0.9,4.6,-1.1,-1.1,-1.0,-3.9,-3.1,-0.3,-3.4,-0.4,-1.2,0.9,-4.9,-1.1,-1.5,1.5,-4.9,-4.4,0.9,-2.2,-5.5,-3.0,-3.4,-4.1,-1.9,-3.2,-5.4,-2.2,-2.1,-6.6,3.2,4.8,-1.9,3.9,2.7,-2.4,-3.1,-13.3,-12.0,-5.8,-6.3,-4.7,-7.2,-12.9,-15.3,-13.3,-15.1,-14.4,3.1,-8.0,-10.4,-14.3,-1.9,5.1,-17.4,-13.0,-7.6,-9.0,8.8,1.6,7.4,-10.9,-14.8,10.8,-9.2,-10.4,-5.6,4.1,-6.3,-5.7,-1.4,-5.1,-3.8,-0.1,-1.8,-3.8,-2.0,-1.8,-4.0,7.2,3.9,-2.4,-2.9,0.8,-0.7,-2.1,-4.1,-6.0,-8.0,-5.0,-1.7,-5.3,-6.5,-2.7,-3.1,-3.3,-2.3,-8.3,-10.5,-5.9,-7.0,-4.7,-4.8,-9.1,3.2,-13.1,-10.8,-8.8,-14.0,-10.4,-13.6,-6.7,-4.9,-7.2,-6.7,-2.2,2.2,-3.5,-3.4,-3.7,-8.3,-4.1,-4.9,-5.5,-4.5,-5.3,-0.6,-3.7,-10.1,-7.6,-7.7,-8.1,-8.5,-9.2,-11.1,-7.6,-9.9,-5.4,-13.2,-9.0,-4.9,-6.4,-4.8,-6.5,-6.0,-6.2,-2.1,-5.6,-4.7,-3.6,-5.0,-8.4,-5.9,-1.3,-5.5,-3.7,-8.2,-5.7,-3.0,-3.2,-3.9,-11.7,1.1,-11.9,-8.4,-4.0,6.4,-5.0,-4.7,-7.0,-5.9,-5.1,-7.1,-6.4,-6.9,-4.1,-4.7,-6.7,-5.9,-4.6,-4.5,-7.7,-7.0,-7.3,-4.7,-7.2,-5.7,-8.9,-9.5,-8.0,-7.4,-5.5,-3.6,-4.6,-6.9,-6.6
2C7L517bGe,0,48.102984,11.624398,4442029.65,2777933.12,537.4,583.1,253,7284,3.6,0.72,0.66,32.64,348.96,-0.529,-0.103,0.842,-0.3,0.2,0.92,0.28,1.3,0.2,-0.3,2.2,-1.7,-3.4,-2.8,1.2,10.4,-1.8,-1.7,-2.6,5.3,-1.1,9.7,-3.3,-1.5,-2.5,-3.7,-3.4,-5.0,-2.6,-6.0,-2.6,-4.3,3.6,-5.2,-2.1,-3.4,-0.1,9.1,1.3,-7.4,-8.5,-8.8,-7.2,-7.1,-4.7,-8.1,-2.8,-5.0,-3.0,-3.9,-2.6,0.9,-2.2,-3.7,-4.0,-3.4,0.0,-1.0,-2.9,-2.6,-1.1,-2.9,-2.7,-4.2,-3.7,-3.6,-2.0,-3.1,-3.1,-2.8,-7.9,-7.3,-14.1,-0.3,-0.2,4.8,-2.9,8.2,-5.5,-3.7,-2.9,-3.9,4.6,-4.5,-4.0,-4.2,-3.6,-3.8,-4.3,-3.4,-5.7,-4.5,-4.6,-5.1,-4.9,-5.1,-4.5,-7.5,-5.7,-5.6,-5.8,-2.5,-1.4,-3.2,-6.8,-1.6,1.6,-4.2,-4.8,-3.8,-5.7,-4.8,-5.8,-3.7,-6.2,-3.8,-4.2,-4.4,-6.3,-4.5,-5.0,-3.7,-4.2,-3.2,-4.0,-0.0,3.0,-5.8,-1.0,-4.3,11.4,-2.4,-0.8,-4.2,-4.0,-3.5,0.0,-4.9,-5.5,-6.6,-6.8,-5.5,-2.5,-5.8,-6.4,-7.1,-6.1,-5.5,-0.9,-4.4,-8.1,-5.0,-3.2,-4.3,-8.9,-1.9,1.8,-4.2,-5.3,-0.5,-9.7,-1.3,-4.6,-4.7,-5.0,-2.8,-3.2,-3.0,1.8,-15.7,-9.6,-8.1,-2.0,-9.5,-7.7,-4.0,-7.9,-4.4,-0.7,-1.5,-4.7,-4.0,-2.3,-2.1,-4.6,1.4,-0.7,-1.8,-5.1,-5.2,-3.8,-8.7,-5.0,-3.2,-5.8,-2.8,-11.9,1.9,2.6,-6.7,1.4,4.3,3.1,-8.2,-12.0,-3.1,-12.3,-8.8,3.0,3.3,1.5,5.1,-3.0,-2.2,-2.1,-0.9,-3.4,-2.9
2C7L517bGf,0,48.10299,11.624443,4442033.04,2777933.84,536.9,582.6,253,7285,4.1,0.66,0.53,32.64,348.96,-0.529,-0.103,0.842,1.5,0.2,0.96,0.32,1.1,0.3,-0.3,0.6,-1.2,0.7,-5.4,-5.1,1.7,0.3,1.9,0.4,2.6,-0.8,5.1,-0.4,1.0,2.3,0.2,0.0,-0.8,3.0,-1.9,-0.4,-0.5,3.4,-0.6,3.7,-0.7,4.4,3.6,3.4,-3.1,-7.6,-5.2,-1.6,-1.5,-1.6,-4.4,1.8,-1.6,2.3,1.0,0.8,2.6,2.5,-2.4,1.9,-0.3,-0.2,-2.1,0.2,-1.1,2.0,1.6,2.7,-0.2,1.1,-1.0,1.6,0.4,-1.1,1.5,-5.0,-4.6,-8.8,2.2,4.9,9.9,-0.1,4.2,-0.7,0.8,2.7,1.5,5.2,0.1,0.7,-0.1,1.9,1.3,-0.8,2.0,-3.2,-0.8,-1.1,-0.3,-0.7,-0.9,-0.6,-3.2,-2.0,-1.6,-1.1,-1.1,2.2,2.2,0.9,2.3,2.2,2.8,-2.0,0.7,-1.0,-0.6,-2.7,-0.4,-1.2,-0.7,-0.6,-1.5,-1.7,0.6,-0.6,4.4,1.5,0.6,3.1,3.0,4.3,-2.7,7.4,0.4,6.6,5.8,0.4,1.7,1.4,3.3,4.3,-1.8,-1.2,-0.1,-3.0,-1.3,5.3,1.3,-0.6,-2.3,-0.8,-6.0,2.2,8.3,0.5,7.7,-1.0,2.1,-1.8,15.5,-9.7,15.8,6.9,8.2,1.4,3.2,6.9,6.2,7.3,10.3,-0.9,9.6,10.5,11.4,12.1,-10.0,-7.2,-8.0,-5.8,-0.6,-6.8,7.4,4.0,1.8,-0.6,11.0,5.6,2.5,-8.4,6.0,4.5,9.9,-1.7,1.1,0.7,2.4,2.3,1.0,4.0,3.5,3.3,5.9,6.6,2.8,9.3,6.1,14.8,-7.6,6.7,10.1,14.5,13.3,10.2,11.7,9.4,10.4,7.9,8.5,6.4,14.9,7.3,12.8
2C7L517bGj,0,48.103022,11.624694,4442051.64,2777937.83,538.3,584.0,253,7289,3.8,0.73,0.45,32.64,348.96,-0.529,-0.103,0.842,-0.5,0.2,-0.35,0.29,1.2,0.2,-0.3,-0.0,1.7,2.7,-1.5,-1.0,0.3,-1.0,-1.6,-3.0,2.7,-4.2,0.2,10.1,1.5,5.1,-3.8,-3.7,-5.5,-7.0,-3.9,-5.3,1.4,-1.9,-6.9,-6.6,-0.1,-3.3,-2.8,-6.1,-5.0,-12.5,-1.4,-14.7,-10.2,3.0,-0.0,-15.6,-4.7,4.7,4.1,-1.1,-3.8,-1.0,1.5,-1.4,4.3,-0.2,2.9,4.9,-1.6,-9.4,1.2,0.8,-1.2,-3.4,2.6,4.6,0.3,-3.8,0.0,-3.0,5.1,-14.5,1.6,3.5,0.0,-10.5,-5.8,-1.6,0.3,3.3,-4.7,-0.7,3.3,-6.6,-4.9,-0.9,0.3,-4.5,-1.9,10.5,-10.9,0.1,-3.5,1.2,-8.1,2.1,-16.2,-0.9,-4.7,-3.5,-6.5,-6.3,-0.5,0.0,6.5,-5.3,-5.4,-14.3,-10.8,0.1,-0.6,-0.7,-2.3,-4.4,-2.3,-2.1,-0.7,-1.6,-1.2,3.4,-0.0,-3.3,-4.4,-3.0,-3.7,-8.5,-5.3,0.1,-1.0,0.8,-0.9,-1.6,-1.2,-3.6,4.5,-1.5,-1.2,-0.2,-1.5,-5.9,-3.2,-4.0,-0.9,1.7,-0.9,1.3,-5.6,-0.8,-1.3,0.5,-3.2,-3.1,-2.9,-0.9,-1.0,-1.5,-1.0,-1.9,-1.1,-2.6,-4.3,-2.4,-2.0,0.5,-1.3,-2.6,-3.8,-3.7,-4.4,-4.3,-0.3,0.8,-3.6,-3.5,0.5,-1.9,-5.8,-3.5,-3.7,-4.7,-4.4,-4.3,-2.7,-2.6,-0.3,-3.8,-0.9,-4.9,-0.8,-2.8,-2.7,-3.1,-5.7,-3.3,-3.0,-3.5,-2.8,-3.1,-8.0,-7.0,-5.7,-3.3,-5.8,-5.4,-5.5,-3.2,-6.8,-5.1,-4.1,-4.6,-4.8,-3.4,-2.5,-5.3,-4.9,-4.3,-3.5
2C7L517bH9,0,48.10323,11.626313,4442171.7,2777963.57,545.5,591.2,253,7315,3.2,0.79,0.48,32.64,348.96,-0.529,-0.103,0.842,0.3,0.2,-0.47,0.24,0.4,0.2,-0.3,-2.5,0.3,0.6,0.1,-0.6,1.9,2.4,1.6,-1.4,-3.8,1.5,4.7,2.2,2.4,2.3,0.4,1.6,0.8,-2.3,-1.2,0.6,1.1,1.0,-0.1,0.3,1.3,0.9,3.0,4.5,0.1,-5.5,-6.3,-4.2,-5.4,-1.5,-3.4,-1.7,2.1,-0.9,-2.4,2.4,6.2,2.1,2.7,-5.1,-8.6,0.1,2.7,-3.5,-1.5,5.7,1.4,-0.3,4.1,-1.8,-1.9,1.2,-0.6,-0.9,0.3,0.7,0.4,-1.9,-1.8,2.0,0.5,-1.3,-4.4,1.8,-0.3,-0.1,1.3,-1.1,3.6,0.1,-0.3,0.6,0.6,2.0,2.5,1.7,-0.1,0.6,2.0,0.8,2.5,3.0,-1.4,4.0,0.2,-2.2,4.8,1.8,-0.2,-0.4,4.7,1.6,-0.7,2.1,1.7,1.8,3.0,-0.3,3.7,3.4,-0.1,2.9,3.0,-1.2,1.3,1.4,-0.7,4.3,-2.5,4.9,-4.4,-1.6,-7.5,0.7,-0.2,8.0,4.2,-0.0,-0.3,2.3,4.1,0.5,0.8,0.1,0.4,0.5,3.3,6.0,2.5,-5.2,-2.4,0.7,-8.5,2.6,15.6,4.1,-0.9,6.5,-1.8,1.3,-6.6,0.2,2.0,2.7,-1.1,3.7,1.5,0.3,-0.4,0.1,1.4,-0.8,1.1,3.3,1.5,5.0,5.6,4.0,4.6,3.5,7.0,7.9,1.2,12.6,5.9,10.7,3.4,-7.9,-0.6,5.4,-2.9,2.8,3.2,-2.2,3.6,1.3,-0.1,2.2,1.5,0.7,1.0,-1.7,1.5,0.4,-1.8,-2.5,2.1,6.7,3.9,4.2,-9.1,0.7,-1.1,-0.6,-1.0,-0.4,1.5,-0.4,-1.0,2.4,2.2,-0.7,1.1
2C7L517bHf,0,48.103464,11.628131,4442306.64,2777992.51,546.3,592.0,253,7347,2.5,0.84,0.4,32.65,348.96,-0.53,-0.103,0.842,-0.8,0.1,-0.58,0.19,1.1,0.2,-0.3,-2.9,2.7,0.1,2.4,-5.3,-2.1,-1.6,1.4,-1.2,5.3,0.3,0.1,-0.5,-0.6,0.3,1.4,-1.9,-2.0,-3.5,-1.6,-3.8,-1.8,-3.6,-1.5,0.7,-0.7,-1.5,0.2,-1.6,0.3,-7.4,-3.1,-5.0,-2.0,-5.3,-1.0,-1.4,2.9,3.8,0.7,-0.8,0.7,-2.1,2.1,-1.7,-0.6,-0.3,-0.8,-1.2,0.7,-0.0,1.6,2.1,5.2,2.7,1.6,-0.4,0.2,-0.9,2.6,0.9,1.5,2.1,-0.2,-2.9,3.3,1.7,-2.6,2.5,2.1,2.8,2.7,6.0,0.5,2.9,2.6,-1.5,-1.6,-0.0,-3.0,-0.2,-3.5,-2.7,-3.3,-6.3,-0.6,-2.9,-6.4,-1.4,-2.1,-0.4,0.9,-2.3,-2.0,0.4,1.5,-0.4,2.1,0.1,2.0,4.4,2.2,2.7,-1.7,1.1,1.0,1.3,7.2,-1.2,-2.4,-2.3,-4.0,-2.7,0.2,9.5,-0.3,-3.7,-0.9,0.5,1.6,0.4,-10.8,-9.6,0.3,-0.6,-3.3,-1.0,-0.3,-0.3,-3.0,-0.3,1.0,-2.6,-2.6,-2.6,-4.5,-3.0,-5.6,-0.9,1.4,-7.3,-1.4,-3.0,0.9,1.0,0.6,-1.0,0.1,-1.5,0.8,2.2,4.4,1.0,-1.9,1.0,-2.0,-2.3,-5.4,-3.0,-2.8,-3.5,-4.0,-0.6,-4.9,-2.5,0.9,-1.9,-3.5,-2.3,-3.2,-1.9,-4.8,-5.7,-3.6,-4.7,-1.1,-1.3,-1.9,-6.0,-0.2,-3.9,-1.6,-3.2,-3.4,-2.5,-2.8,-4.6,-4.2,-3.9,-6.2,-6.7,-6.0,-5.4,-3.6,-4.1,-3.7,-3.1,-3.7,-3.9,-2.3,-3.3,-4.5,-1.9,-2.9,-6.8,-2.3,-4.2,-3.9
2C7L517bI8,0,48.103678,11.629797,4442430.24,2778019.03,546.1,591.8,253,7376,3.8,0.74,0.42,32.66,348.96,-0.53,-0.103,0.842,-0.1,0.2,-0.76,0.3,0.8,0.3,-0.3,1.8,1.7,2.8,4.2,2.1,-1.6,1.3,2.3,4.5,-1.1,3.0,0.9,3.3,3.2,5.5,-1.6,-4.1,-1.9,-7.5,-2.3,-0.9,-5.1,5.7,-1.6,-2.1,6.2,7.6,0.9,2.2,-3.0,4.4,-7.3,-10.9,-6.1,-1.7,-6.2,3.8,3.8,2.1,1.9,3.5,0.7,7.4,-0.8,4.1,4.4,1.6,3.0,2.9,3.5,6.6,3.8,3.6,3.8,4.2,5.9,2.6,3.3,3.8,1.7,1.1,3.1,2.9,1.2,1.9,4.0,1.4,1.4,0.3,1.7,0.9,2.6,1.1,1.6,3.4,3.9,3.2,5.8,-0.3,-1.7,7.3,6.6,6.4,3.7,6.6,0.1,10.0,4.1,4.1,10.0,-14.2,5.1,3.6,-16.4,4.2,7.5,4.9,9.1,7.0,7.5,3.5,4.7,4.1,7.8,9.3,6.1,6.2,4.6,6.6,7.4,4.9,4.3,6.2,3.8,5.6,6.4,4.3,4.0,5.4,3.0,0.8,4.2,3.3,3.6,9.6,-15.4,3.0,4.4,10.0,3.2,7.3,1.6,8.4,-1.5,-0.8,0.4,-0.2,-8.0,-1.3,2.4,-1.0,-0.3,0.8,0.5,0.3,1.6,2.4,1.7,0.5,2.6,0.4,0.6,4.1,2.5,2.7,3.1,5.3,2.2,5.5,3.4,-3.2,-3.2,-0.3,-6.4,-6.2,3.8,3.7,0.1,2.7,3.8,3.6,0.7,-1.6,0.7,-0.5,-0.8,-0.8,0.6,3.9,3.5,1.9,0.9,0.1,0.3,1.4,3.3,-4.0,5.6,-0.9,3.4,0.4,-0.2,4.2,5.1,3.3,0.6,2.0,2.8,1.4,2.3,1.1,0.9,1.1,2.4,2.0,0.7,-0.4,2.3
2C7L517bI9,0,48.103687,11.629869,4442435.53,2778020.16,546.8,592.5,253,7377,2.4,0.87,0.36,32.66,348.96,-0.53,-0.103,0.842,-0.1,0.1,-0.36,0.18,0.4,0.2,-0.3,0.8,0.6,2.9,3.8,0.9,0.3,1.8,0.9,2.2,-1.1,2.2,0.4,1.3,1.2,3.7,0.0,-1.4,-0.7,-0.7,0.2,-2.6,-2.6,1.5,1.5,0.8,1.4,3.5,-1.4,0.3,-3.9,0.9,-8.2,-2.4,-1.1,0.6,0.8,3.5,3.2,1.8,2.8,4.1,3.6,1.4,2.0,-0.3,1.9,1.0,0.6,0.8,0.5,2.3,0.2,0.9,0.3,0.5,1.4,-1.3,0.3,0.5,-1.5,-1.1,-1.6,-1.7,-2.0,-1.1,0.7,0.2,-1.1,-1.2,-0.6,-0.1,1.3,-0.9,0.3,3.3,0.3,0.5,-2.1,-1.4,-1.2,0.0,0.0,3.4,2.6,2.8,-2.4,0.8,1.5,2.7,1.5,-4.8,0.5,2.4,11.2,3.0,3.4,3.1,4.8,2.7,1.4,0.3,3.7,3.1,3.4,3.6,2.2,2.6,1.1,3.6,2.7,1.1,-0.0,0.8,0.5,-0.5,-0.9,-3.2,1.0,2.6,0.4,-1.0,1.1,1.4,2.5,3.6,1.0,1.3,3.4,1.3,-0.1,3.9,5.7,8.4,2.9,3.3,-1.3,0.8,-1.6,0.8,2.3,-2.8,-2.8,0.3,-0.2,-0.0,2.0,-1.3,2.7,1.4,0.2,-0.5,2.2,2.2,1.8,4.1,-4.7,7.8,3.5,6.3,1.2,-2.1,-0.7,3.1,-0.1,-0.6,0.3,3.0,1.4,3.1,0.4,0.6,-1.6,-8.1,4.0,-1.5,-2.8,-3.2,-1.5,4.7,0.4,0.6,1.7,-1.0,0.6,-0.8,-0.2,-4.4,4.6,-3.4,-0.6,-1.3,-5.6,0.3,-0.7,0.6,-0.6,1.3,3.5,-0.6,3.9,-0.4,1.8,-0.5,1.7,1.7,0.7,-1.1,0.6
2C7L517bIH,0,48.103732,11.630221,4442461.64,2778025.77,540.5,586.2,253,7385,4.4,0.62,0.52,32.66,348.96,-0.53,-0.103,0.842,-0.5,0.2,-0.6,0.34,1.4,0.3,-0.3,2.4,0.5,2.4,4.1,-1.7,-1.9,2.9,1.9,1.7,-12.8,-2.5,-1.1,1.6,-9.0,-1.1,0.3,-2.2,-7.0,-5.7,-2.1,-1.6,-7.1,-3.7,3.1,-6.3,1.9,0.4,0.9,-1.3,-2.1,-0.0,-5.1,-4.5,0.7,-3.2,-3.1,-4.1,-0.3,0.5,2.0,0.2,-1.5,-4.0,-0.5,-2.8,2.2,-2.8,-0.9,-1.3,1.9,-0.7,0.7,2.8,-0.1,-5.4,-1.1,-6.2,-5.1,-1.2,-2.9,-3.4,-2.8,0.1,-1.5,-0.2,-5.0,-0.6,-12.7,-15.0,-14.2,-6.1,2.6,-5.6,-1.5,0.4,-4.8,-0.7,-2.0,-3.5,-7.3,-8.9,-12.3,-2.2,1.3,1.0,-3.2,-1.6,-5.4,-3.4,-8.0,-3.1,-7.9,-3.8,-0.1,-6.0,0.0,-3.5,1.1,1.4,-0.8,-0.1,3.7,4.6,4.6,4.7,-1.2,-0.6,4.2,2.4,2.1,3.5,2.5,2.3,1.7,1.2,0.8,0.5,-2.3,0.6,-3.1,-6.0,3.4,-1.3,0.8,-1.7,-3.5,-2.9,3.8,-8.1,1.9,-0.2,-0.9,-4.3,-3.4,-1.1,0.6,-3.3,-3.8,1.0,3.7,-1.5,-1.6,2.9,3.5,-5.5,-2.6,12.4,0.1,3.3,-4.1,-14.8,-5.6,11.0,0.6,-0.1,-12.7,-6.2,-12.4,0.9,-2.1,5.3,-4.6,10.2,-7.5,-9.3,-5.2,-4.9,-10.4,-3.8,-4.3,-7.8,-11.2,-5.4,-1.5,1.4,-8.8,-10.1,-7.7,8.8,2.9,3.7,0.7,5.0,0.1,-1.7,-2.6,-6.1,-6.1,1.2,-4.0,-3.0,-5.4,-2.0,-10.6,0.5,-7.3,-11.1,-8.6,-6.5,-2.5,-2.5,2.1,0.1,-7.9,-4.6,-9.0,-3.5,-8.7
2C7L517bIm,0,48.103937,11.631813,4442579.74,2778051.12,534.6,580.2,253,7416,2.0,0.9,0.28,32.67,348.96,-0.53,-0.103,0.842,-0.1,0.1,-0.14,0.15,0.9,0.1,-0.3,-0.8,0.4,-2.4,-0.4,0.3,-0.0,0.7,-0.1,2.7,2.2,1.6,0.1,-1.4,0.3,-1.0,-2.1,-1.7,-2.9,-2.5,-4.1,-0.9,-3.4,0.3,-1.5,-1.6,-1.6,1.7,1.8,0.8,-4.6,-0.2,-8.0,-6.5,-8.0,0.1,-4.6,-0.6,-0.2,-2.1,-1.6,0.2,1.4,-1.5,-2.2,-0.4,-1.8,0.2,-0.6,-1.7,-0.9,-0.4,-0.1,0.1,-1.3,-1.3,0.3,1.4,-0.7,1.3,0.2,0.9,-0.0,-7.5,5.5,-11.8,0.8,-0.7,-2.9,-2.9,-1.0,-0.1,-0.1,0.4,0.3,-1.0,-1.4,-1.1,-1.7,-2.7,-1.9,-1.8,-2.0,-0.8,-1.2,-0.1,-2.2,-3.7,-2.7,-2.2,-3.3,-1.9,-1.1,-2.2,-1.2,-2.6,-0.4,-0.1,0.9,-1.1,-1.5,-3.1,-0.7,-1.1,-1.0,-1.6,-0.3,-1.2,1.1,-0.6,-1.0,-2.4,-0.9,1.2,-0.4,-0.5,1.0,-1.1,-0.5,0.2,0.4,-7.5,1.7,0.6,-0.9,-0.9,-1.6,2.0,-1.8,-1.5,-4.3,-2.7,-1.0,0.7,-1.8,-1.8,-3.9,-3.5,-3.9,0.8,2.2,0.6,0.6,-0.8,-0.9,-1.2,-0.0,-0.5,0.4,0.6,0.9,-0.1,-0.5,-0.9,-0.2,-1.1,1.6,1.3,-1.0,-1.1,-0.2,-1.9,-4.4,-2.1,-3.5,-5.4,-1.6,-2.0,-3.8,1.6,-0.5,-0.1,-4.3,-3.4,0.2,-1.0,-0.7,-0.6,-0.6,-6.9,-1.9,-1.4,-0.5,-0.9,0.5,-1.4,-3.1,1.8,-2.3,-3.0,-3.6,-4.8,-1.1,-5.6,-3.0,1.2,-3.0,-5.3,-3.6,-2.0,-2.5,-3.1,-0.4,0.2,-1.4,2.0,3.7,-2.6,-4.2
2C7L517bIn,0,48.103944,11.631868,4442583.85,2778052.0,534.5,580.2,253,7417,1.8,0.92,0.26,32.67,348.96,-0.53,-0.103,0.842,-0.4,0.1,-0.26,0.14,0.6,0.1,-0.3,-0.4,-0.4,-1.3,-0.1,-1.1,0.4,-0.7,1.6,0.2,2.1,-0.7,0.5,-0.4,0.9,-0.4,-0.2,0.1,-2.1,-1.3,-3.2,-0.0,-2.3,1.0,0.2,0.2,0.2,2.8,2.1,0.9,-2.0,0.2,-6.2,-3.2,-5.4,1.3,-2.8,1.2,-0.5,0.3,-1.0,1.0,1.5,-0.2,0.1,-0.7,-0.4,-1.4,-0.5,-0.7,-0.6,0.2,1.4,1.8,0.8,0.1,1.1,0.9,0.3,0.9,-0.3,1.4,1.2,-7.1,9.5,-5.1,0.0,-0.3,-1.9,-2.6,-0.2,-0.1,-0.8,0.2,0.3,-0.7,0.6,-0.1,0.6,1.1,-0.0,0.4,-0.5,-0.5,0.3,0.5,-1.3,-1.2,0.4,-2.5,-1.0,-0.8,-1.0,-1.2,-2.3,-1.4,0.9,0.8,0.2,0.7,-0.8,-1.9,-0.5,-0.3,0.7,-0.8,-0.7,-0.4,0.9,0.2,-0.6,-1.7,0.9,-0.3,1.4,0.3,0.3,-0.9,-0.0,0.2,-0.0,-4.0,0.4,-0.2,0.4,0.5,0.2,1.2,1.5,0.4,-3.1,-1.4,-1.1,0.7,0.0,-2.9,-2.9,-1.9,-3.4,2.5,2.3,1.1,-0.9,-0.7,-0.8,0.1,0.4,-0.6,0.0,0.9,-0.2,1.3,-0.9,-1.5,-2.1,-1.5,-0.7,-0.3,-0.5,-0.4,-1.1,-1.8,-5.6,-1.6,-3.1,-4.7,-0.3,-1.3,-4.1,0.7,0.2,0.4,-2.1,-3.0,0.7,-0.6,1.0,-0.6,-0.5,-9.1,-1.9,-1.8,-1.1,-2.0,-0.9,-1.0,-2.1,-0.8,-1.1,-2.4,-4.2,-4.3,-2.1,-2.9,-1.7,-1.3,-2.4,-4.1,-4.6,-3.0,-1.8,0.0,-2.8,-1.2,3.3,2.2,-6.6,-1.3,-1.1
2C7L517bIo,0,48.10395,11.631918,4442587.55,2778052.79,534.1,579.8,253,7418,1.8,0.92,0.27,32.67,348.96,-0.53,-0.103,0.842,-0.5,0.1,-0.04,0.14,0.7,0.1,-0.3,0.1,-1.5,-0.5,-1.0,0.2,0.6,0.4,1.9,0.1,-1.0,0.1,1.2,-1.8,-0.0,-0.8,0.5,-0.2,-2.9,-1.4,-4.9,-2.4,-3.8,-0.6,-2.8,0.1,-1.8,0.8,1.8,0.7,-2.6,0.4,-6.6,-4.7,-8.1,0.6,-4.2,-0.2,-0.8,-1.3,-2.0,0.4,1.5,-1.9,-1.0,-1.7,-0.7,-1.0,-1.1,-1.4,-2.1,-1.0,1.4,0.2,-1.5,-0.5,-0.6,0.5,-0.9,-0.5,-1.6,-0.7,0.4,-8.2,8.1,2.6,-0.8,-0.8,-3.2,-4.7,-1.4,-0.7,-1.7,-2.6,-1.3,-1.6,-0.5,-1.5,-1.1,-2.4,-3.2,-1.6,-2.5,-1.4,-0.6,-0.7,-2.6,-0.8,-2.2,-4.0,-1.7,-3.3,-2.0,-2.5,-3.8,-2.7,0.2,1.4,-1.7,0.5,-1.3,-2.8,-1.1,-2.8,-0.6,-2.3,-0.9,-2.0,0.2,-1.4,-1.1,-2.9,0.7,-1.2,0.7,-0.7,-2.0,-3.4,-2.4,-3.2,-2.1,-5.2,-1.4,-2.4,-2.1,-1.0,-0.9,-0.4,-0.2,-2.2,-5.2,-3.2,-2.9,-1.6,-1.9,-4.1,-4.1,-1.5,-5.1,0.4,0.7,-0.4,-0.4,-3.0,-2.0,-0.2,0.1,-3.5,-1.2,-1.6,-1.6,-3.3,-0.9,-3.3,-3.2,-3.4,0.0,-2.3,-2.6,-1.8,-3.6,-3.3,-6.1,-4.3,-4.5,-5.8,-2.9,-3.0,-6.3,1.9,0.5,-1.2,-3.4,-4.8,-0.4,-3.1,-0.9,-2.5,-0.7,-8.5,-3.2,-3.1,-1.6,-0.6,0.5,-2.7,-4.1,-1.5,-1.4,-3.7,-5.0,-5.2,-3.2,-4.6,-3.4,-1.6,-3.3,-4.3,-5.7,-4.4,-3.0,-3.5,-4.2,-1.8,-4.1,-3.7,-1.2,-3.9,-2.8
2C7L517bKh,0,48.104858,11.638993,4443112.37,2778165.33,553.5,599.2,253,7535,3.7,0.72,0.48,32.7,348.96,-0.53,-0.103,0.842,-1.1,0.2,-0.56,0.29,0.5,0.2,-0.3,-6.8,4.2,5.8,6.6,6.0,-4.9,1.8,1.1,-2.4,-0.2,3.0,-4.0,3.5,-2.1,-1.9,3.2,3.0,0.6,0.4,-0.0,-0.0,0.4,2.2,3.2,4.1,2.6,0.8,-0.4,-2.1,-0.1,7.5,-2.8,-0.4,-2.0,1.0,1.2,1.2,0.3,4.0,2.0,3.5,0.3,4.1,7.5,0.2,1.1,-3.4,-0.8,9.0,-0.2,4.5,6.7,3.1,2.9,2.3,10.1,1.0,13.2,4.1,1.3,7.7,-2.5,15.8,1.1,0.6,-2.3,5.2,0.5,-2.7,1.7,3.3,3.0,2.5,2.6,1.6,-0.8,3.2,3.6,3.3,4.4,3.2,4.1,-0.6,3.1,3.6,3.2,3.9,2.3,1.9,0.6,0.1,0.5,0.9,3.0,2.9,3.1,5.3,8.1,7.5,4.8,4.9,-2.6,2.3,0.0,0.3,1.3,2.9,1.9,4.4,1.3,-0.1,-3.2,-0.4,1.4,-0.7,-3.0,-3.4,-9.1,3.1,-0.4,-5.6,-1.5,-1.9,-0.1,-2.0,2.6,-0.8,0.3,2.3,0.3,5.8,2.1,0.6,3.5,1.9,1.9,2.6,1.1,4.7,2.9,1.5,-1.4,-0.2,0.4,-1.2,-0.6,-0.6,-3.9,-5.5,0.7,-0.1,-1.8,3.8,1.1,-0.7,2.2,1.9,0.6,-0.3,0.3,0.5,-0.9,-2.1,-4.0,-2.8,0.3,-5.9,-1.8,1.3,-0.6,-3.9,-2.5,-2.1,-14.4,-12.1,8.4,5.0,-14.9,3.0,-11.6,0.4,-2.2,-1.5,0.4,-1.7,-1.9,-5.4,0.1,-1.8,-4.9,-7.4,-0.9,-4.9,-2.4,3.8,-0.5,2.3,-1.4,0.6,-0.9,-5.5,-2.6,-4.6,-5.8,-8.3,-15.5,6.4,6.2
2C7L517bFo,0,48.10262,11.621419,4441808.59,2777887.76,538.4,584.2,253,7232,3.4,0.74,0.48,32.59,348.92,-0.529,-0.104,0.843,-1.6,0.2,0.21,0.26,1.4,0.2,-0.3,0.6,7.7,-2.1,-0.1,2.2,-0.0,-11.1,1.4,6.9,-2.4,-1.4,-2.2,-3.1,-1.7,-3.0,-1.8,-5.1,-3.4,-3.0,-3.9,-7.7,-5.0,-5.1,-5.7,-4.9,-2.6,-5.8,-0.2,-2.8,-6.5,4.9,-8.1,-8.4,-6.9,-9.1,-6.2,-6.8,-2.6,-6.5,-4.5,-11.3,-3.8,-1.4,0.1,-3.9,8.3,-3.8,-0.2,-9.4,-0.6,4.6,-1.3,-3.4,0.3,-4.6,1.8,-3.7,-8.9,-8.3,-8.8,5.8,2.3,1.6,-3.2,-11.3,-6.6,-6.0,-6.1,-9.5,-10.8,0.8,-7.5,-4.7,-7.7,-3.7,-3.4,-4.2,-8.7,-6.3,-4.5,-6.2,-6.3,-5.3,-9.0,-12.9,-6.5,-3.5,-7.9,-1.4,-6.8,-6.8,-3.1,-4.7,-3.8,-0.2,-1.1,-3.6,-6.2,-9.8,-5.0,-2.3,-6.8,-2.9,-5.4,-5.3,-5.7,0.5,-3.8,-2.3,-4.1,-2.5,-5.3,-4.7,-5.0,-4.8,-5.2,-4.5,-5.1,-5.3,-5.9,-5.9,0.3,-2.7,-6.6,-5.5,-8.6,-6.4,-5.6,-8.1,-10.6,-2.8,-9.6,3.0,-6.9,-7.9,-10.2,-8.2,-15.0,0.6,-12.7,-7.9,-8.3,-5.7,-5.7,-3.4,-5.5,-1.1,-5.5,-10.8,-14.4,-6.5,-14.9,-9.1,-9.2,-8.1,-9.4,-7.7,-5.5,-8.3,-9.0,-9.0,-7.6,-8.6,-7.7,-8.7,-7.2,-5.8,-10.5,-0.5,-3.6,-7.8,-10.3,-8.8,-9.0,-6.6,-7.1,-5.0,-4.9,-9.9,-4.6,-8.1,-6.5,-3.3,-10.5,-6.4,-8.9,-8.6,-12.1,-10.1,-9.0,-9.8,-10.0,-16.5,-14.7,-5.1,-12.0,-11.0,-10.4,-9.9,-11.5,-8.2,-9.1,-11.7,-9.7,-8.2,-9.8,-9.9,-7.5
2C7L517bI4,0,48.103665,11.629556,4442412.31,2778017.25,544.4,590.1,253,7372,1.6,0.94,0.22,32.66,348.96,-0.53,-0.103,0.842,-0.6,0.1,0.06,0.13,0.3,0.1,-0.3,-0.2,0.2,-0.4,0.3,-1.0,-0.9,-0.2,-0.9,-0.6,-1.8,-0.8,-0.6,0.4,-0.9,0.1,-0.8,-0.7,-0.7,-1.4,-1.3,-4.2,-1.3,-1.7,1.0,1.0,1.3,-0.3,0.6,-1.3,-3.4,-3.0,-4.4,-4.3,-5.1,-1.1,-0.3,-0.9,0.6,2.2,-0.5,0.7,0.1,-1.1,-3.1,-0.8,-0.9,-1.5,-0.4,-0.2,-1.6,-1.0,0.2,0.2,-0.7,-0.9,-1.2,0.1,-0.6,-0.6,-1.2,-0.1,0.4,2.7,-0.6,-0.8,-0.8,-1.2,-0.2,-2.0,-1.0,-1.5,-0.8,-3.0,-3.2,-1.8,-2.3,-3.0,-2.5,-3.5,-1.0,-2.6,-1.5,-2.4,-2.6,-1.4,-1.7,-0.7,-2.2,-0.9,-1.4,-3.1,-2.2,-2.8,-0.7,-3.2,-1.2,-2.5,0.2,-1.3,-0.9,-2.0,-1.1,-2.5,-0.8,-1.1,-1.9,-1.6,-1.8,-1.4,-0.7,-3.3,-1.5,-1.9,-1.4,-1.6,-1.9,-3.4,-2.3,-2.6,-2.2,-1.3,-2.5,-2.9,-2.3,-2.9,-0.9,-2.2,-1.5,-2.7,-3.2,-3.1,-2.7,-2.4,-1.6,-3.1,-3.0,-3.0,-6.7,0.0,-0.6,-2.1,-3.6,-7.8,-9.9,-1.6,-2.0,0.2,-2.2,-3.2,-2.7,-2.6,-2.7,-1.0,-1.4,-2.8,-2.3,-2.8,-3.1,-2.6,-3.1,-2.9,-3.1,-2.3,-4.7,-3.9,0.2,-0.8,-1.1,0.2,-1.6,-2.1,-2.4,-5.7,-3.5,-4.0,-4.5,-5.1,-3.1,9.6,-3.2,-2.2,-3.4,-2.4,-3.6,-3.7,-2.5,-4.7,-2.7,-2.0,-6.3,-7.4,-3.3,-3.0,-1.9,-3.2,-3.2,-3.8,-4.7,-5.7,-4.4,-4.7,-4.4,-3.8,-3.1,-1.5,-4.0,-3.7,-4.3
2C7L517bKe,0,48.104824,11.638577,4443081.53,2778160.81,542.2,587.9,253,7532,4.0,0.67,0.48,32.7,348.96,-0.53,-0.103,0.842,0.1,0.2,-0.11,0.31,1.3,0.3,-0.3,5.6,0.9,-4.5,-3.6,1.8,2.4,-2.4,0.4,3.9,4.7,-6.7,6.0,10.4,0.0,-5.0,-1.7,-0.7,-1.5,-3.0,-4.8,-7.0,-2.9,1.4,-0.6,0.1,3.3,1.4,1.6,2.8,0.7,-14.6,-1.5,-1.1,-0.1,8.9,7.0,2.1,2.5,5.5,5.7,4.9,2.8,5.2,2.1,1.2,2.2,2.2,2.0,2.6,1.0,3.2,2.1,-0.9,6.6,6.6,-9.9,-0.4,0.1,0.7,7.1,4.0,-7.0,11.2,2.5,-0.1,1.3,2.8,6.5,-5.4,-1.4,-0.3,-0.1,-2.0,-4.8,-2.9,-5.7,2.4,-1.3,-2.6,-0.1,-0.6,-0.1,-0.7,0.1,-1.8,-0.1,1.3,0.2,4.5,2.4,2.3,0.9,-5.1,-1.2,-0.4,-0.5,2.8,3.0,6.6,4.1,4.0,4.9,3.7,3.8,-1.8,3.5,3.3,3.0,2.8,3.6,10.3,2.8,5.5,2.1,2.3,1.1,4.3,3.8,5.0,7.1,3.4,4.0,2.2,5.2,3.4,3.7,2.5,9.1,6.9,-0.1,2.0,5.7,4.0,5.8,-0.8,-0.3,-0.2,3.3,6.2,7.2,2.2,1.3,1.0,2.6,1.9,2.3,-2.4,3.3,4.1,3.9,3.7,-3.7,4.7,3.4,2.3,-4.0,-2.5,-2.6,-2.2,0.5,5.0,-5.1,-1.5,-2.3,-1.8,-0.2,1.3,-0.4,0.6,-1.6,-3.8,-1.5,-1.3,-2.3,-4.3,-3.6,-9.4,-0.6,13.6,-4.1,14.0,2.6,2.1,0.3,-1.2,-4.9,-2.0,0.5,-1.7,-0.3,-0.9,-1.1,-0.4,-2.7,3.0,6.4,12.9,3.8,4.5,11.8,0.8,5.5,3.3,3.9,-0.0,6.6,-2.7,15.2
2C7L517bFq,0,48.10266,11.621583,4441820.77,2777892.44,541.5,587.2,253,7234,1.6,0.91,0.28,32.59,348.92,-0.529,-0.104,0.843,-1.7,0.1,-0.58,0.14,0.9,0.1,-0.3,-1.1,0.2,-1.1,-0.6,-1.5,-2.3,-1.8,-1.3,-1.4,0.4,-1.1,-1.0,-2.0,-2.0,-2.1,-1.8,-3.0,-3.3,-2.7,-2.8,-2.5,-3.7,-3.8,-2.3,-3.7,-1.2,-1.6,-1.3,-2.1,-4.5,5.5,-7.2,-6.8,-6.9,-3.4,-5.2,-4.6,-2.6,-0.8,-2.2,-1.1,-3.0,-2.7,-2.2,-4.8,-2.1,-3.9,-3.5,-2.4,-1.6,-2.1,-3.2,-3.7,-2.8,-3.7,-2.0,-3.2,-2.9,-3.5,-3.5,-3.3,-3.9,-1.5,-4.4,-4.1,-5.1,-4.3,-5.0,-5.2,-4.3,-2.8,-3.3,-2.2,-5.3,-5.2,-4.3,-3.5,-4.4,-3.4,-4.4,-4.1,-6.0,-3.5,-7.1,-6.1,-5.1,-3.8,-7.7,-3.4,-4.9,-5.4,-6.0,-6.3,-6.9,-7.2,-4.7,-6.6,-5.6,-4.8,-6.3,-5.8,-5.6,-4.8,-5.6,-5.8,-5.7,-2.4,-5.4,-3.8,-5.4,-3.5,-3.7,-3.5,-3.4,-2.3,-3.1,-5.4,-4.5,-4.6,-3.3,-3.9,-2.4,-3.1,-5.0,-5.3,-7.4,-3.6,-5.9,-3.9,-4.8,-8.6,-4.5,-3.7,-9.0,-7.9,-9.0,-5.5,-7.7,-4.7,-6.8,-7.0,-3.8,-3.8,-5.1,-2.2,-2.3,-2.1,-2.7,-3.9,-7.9,-3.6,-7.6,-3.8,-8.4,-6.7,-4.7,-4.0,-3.5,-4.2,-3.7,-4.5,-8.0,-6.4,-5.8,-4.2,-4.3,-4.4,-7.1,-5.1,-6.2,-7.7,-7.1,-8.7,-7.0,-9.4,-6.8,-6.3,-7.4,-2.4,-7.5,-8.6,-10.1,-10.2,-9.6,-10.2,-11.1,-7.3,-11.2,-11.0,-12.4,-13.1,-11.1,-12.3,-14.0,-12.1,-11.8,-10.6,-13.0,-12.8,-13.0,-10.8,-12.0,-11.8,-10.9,-10.2,-10.3,-11.9,-10.1
2C7L517bHA,0,48.103278,11.626396,4442177.77,2777969.01,547.3,593.0,253,7316,3.8,0.69,0.46,32.64,348.96,-0.529,-0.103,0.842,-0.0,0.2,-0.04,0.29,0.5,0.3,-0.3,-0.8,-1.1,-0.2,-2.3,-2.2,-0.6,-3.2,4.3,-4.6,-2.2,0.4,-0.9,3.5,4.3,3.6,7.2,3.2,3.3,-1.4,1.5,3.1,0.2,1.1,2.3,6.4,-0.9,-2.0,4.4,-2.2,3.7,-8.5,-3.7,2.1,-0.1,-1.5,1.0,6.2,4.6,8.9,-5.1,2.7,4.4,7.5,6.2,-1.8,10.7,-1.7,2.9,-2.8,-2.1,5.1,5.2,1.2,4.3,4.8,8.2,-1.3,6.0,2.0,3.9,2.2,0.2,-2.9,-1.9,-6.1,3.0,1.7,-2.2,4.5,1.3,2.4,4.7,-1.5,3.9,-0.6,1.5,0.4,1.3,3.9,2.0,2.2,0.8,-0.6,1.7,-2.3,4.1,7.3,1.5,2.8,5.3,0.6,1.8,2.0,-1.7,-0.2,7.2,-1.7,0.4,0.7,-0.2,0.1,2.1,0.5,0.6,1.0,4.4,7.2,3.4,-2.5,11.9,-0.8,9.2,6.6,-6.3,5.5,2.0,-2.3,9.9,7.9,0.1,-12.2,0.7,-5.4,-0.3,4.7,2.5,-1.6,4.3,1.0,-3.3,9.1,7.9,1.9,-4.0,0.9,-2.9,-1.8,-2.9,3.8,11.2,-2.2,1.1,1.0,-3.6,-2.3,-3.6,-1.3,0.9,6.6,-7.9,3.6,1.6,10.6,-1.3,0.6,-0.7,-1.0,-1.2,0.6,-1.1,3.8,4.4,2.7,1.4,4.0,4.4,8.1,-1.5,6.2,4.1,-8.0,-1.8,-1.1,-2.0,1.9,-4.8,0.9,0.6,10.2,2.0,-1.0,-2.9,-1.1,-0.3,-0.3,0.6,1.7,2.7,10.8,-2.4,1.8,2.6,4.8,-3.5,-1.1,-1.9,-0.1,4.5,3.4,3.0,2.6,6.2,2.2,-1.3,-0.2,4.8,-0.6,4.0
2C7L517bHD,0,48.103279,11.626401,4442178.15,2777969.1,540.5,586.2,253,7319,2.3,0.85,0.4,32.64,348.96,-0.529,-0.103,0.842,-0.8,0.1,-0.48,0.17,1.8,0.1,-0.3,0.1,0.4,1.2,1.8,-0.4,1.5,0.3,-0.4,-2.5,0.9,-0.1,1.4,0.3,-0.6,-1.4,-1.2,-1.8,-1.9,0.1,-3.7,-4.9,-2.7,-1.1,-5.2,-1.6,-1.6,-3.2,-2.4,-3.0,-6.0,-12.8,-8.8,-5.8,-3.6,-6.7,-3.4,-2.1,-3.0,-1.5,-0.5,-2.5,-2.3,-3.5,-2.3,-3.0,-4.7,-2.4,-2.2,-1.7,-0.8,-1.1,0.8,-0.5,0.2,-1.0,-1.5,0.2,0.6,1.0,-0.5,-1.1,-1.7,-2.2,-0.3,-0.3,-0.0,-0.5,-0.8,-0.8,0.2,-0.7,-2.1,-1.1,-1.1,-0.3,-2.4,-0.8,-1.3,-1.7,-4.2,-3.5,-4.7,-3.8,-0.3,-2.3,-4.7,-2.6,-6.0,-3.0,-4.7,-4.9,-3.8,-7.1,-2.1,-3.5,-0.5,-0.8,-3.7,-4.2,-2.3,-0.7,-3.8,-1.8,-1.5,-6.0,-0.4,-2.7,-1.5,-2.6,-1.4,-0.1,-0.1,-1.2,-2.2,-0.0,-0.9,-3.3,-1.1,1.2,-0.4,-0.6,-0.8,-2.0,-1.1,-1.1,1.0,1.6,-1.3,-2.4,-3.6,-4.2,-2.3,-4.2,-2.0,-5.2,-5.5,-4.6,-12.3,-3.5,-4.6,-8.2,-5.9,-3.9,-2.9,-1.6,-0.2,-1.5,-3.6,-2.6,-1.8,-0.1,-1.0,1.9,-2.5,-1.9,-4.4,-7.7,-1.9,-7.3,-7.5,-2.0,-3.4,2.1,-1.5,-6.4,-0.3,-3.1,-8.1,-5.2,-5.7,-6.5,-9.1,5.5,-4.7,-5.3,0.5,-7.3,-1.0,-5.1,1.0,-0.8,-3.2,-13.7,-3.5,-3.3,-2.9,-6.2,-7.0,-4.6,-9.8,-8.8,-7.0,-7.9,-4.2,-1.5,-7.3,-7.2,-5.2,-7.0,-10.1,-4.2,-8.7,-6.7,-4.2,-2.6,-3.8,-5.3,-6.3
2C7L517bHI,0,48.103313,11.626667,4442197.89,2777973.34,538.7,584.4,253,7324,1.8,0.91,0.25,32.65,348.96,-0.529,-0.103,0.842,-0.6,0.1,0.6,0.14,0.4,0.1,-0.3,-0.5,-0.8,-1.8,-0.0,-1.3,-2.3,-1.2,-0.4,0.6,-1.2,0.9,-0.8,-0.4,-0.9,-0.9,-1.1,-2.4,-2.8,-2.3,-1.0,-1.0,0.7,0.3,-0.4,-0.1,1.7,2.2,0.2,-0.4,-2.1,-9.2,-4.5,-5.9,-1.5,-4.7,-5.9,-1.3,-2.5,-2.0,-3.0,0.4,0.2,-1.3,-0.9,-0.2,-1.3,-1.6,-1.4,-1.4,-1.7,0.8,-1.4,-4.0,-3.6,-4.0,-2.7,-1.7,-1.0,-3.0,-3.0,-1.9,-4.4,-2.4,-2.8,-4.1,-2.0,-2.6,-5.8,-3.9,-2.8,-3.2,-4.6,-3.0,-2.6,-3.1,-3.5,-2.8,-3.3,-2.4,-3.0,-4.3,-4.6,-3.5,-3.4,-4.8,-4.6,-2.2,-4.5,-5.8,-2.0,-5.0,-5.2,-9.9,-2.5,-13.1,-2.1,-3.7,-4.9,-5.1,-4.1,-5.6,-3.3,-3.5,-2.5,-4.7,-2.1,-4.0,-2.6,-3.8,-2.8,-4.0,-2.6,-2.7,-3.0,-2.7,-3.2,-6.1,-4.8,-4.2,-3.7,-4.4,-3.5,-4.5,-3.3,-3.6,-1.8,-2.2,-4.8,-3.7,-3.8,-3.5,-1.0,-3.6,-3.6,-3.6,-5.5,-3.7,-9.2,-2.6,0.1,-2.2,-4.0,-4.2,-3.4,-2.6,-4.2,-3.7,-4.0,-3.8,-4.0,-3.6,-5.6,-3.8,-4.0,-3.0,-4.0,-3.7,-4.0,-1.4,-1.3,-3.0,-1.9,-3.2,-6.4,-6.7,-2.2,-5.1,-5.9,-3.2,-3.3,-4.2,-6.3,-8.4,-5.5,-3.3,-5.4,-3.2,-1.8,-5.6,-4.5,-3.6,-1.4,-3.6,-4.7,-4.1,-3.1,-3.1,-0.3,-2.2,-6.5,-8.1,-3.0,-5.1,-5.6,-5.3,-5.6,-5.1,-6.5,-5.1,-6.3,-6.3,-5.5,4.3,-3.3,-3.3,-3.5,-3.2,-4.4
2C7L517bHJ,0,48.103314,11.626674,4442198.43,2777973.46,536.2,581.9,253,7325,1.2,0.96,0.11,32.65,348.96,-0.529,-0.103,0.842,-0.7,0.1,-0.05,0.09,0.6,0.1,-0.3,-0.4,-0.2,-0.8,0.1,-0.3,-0.7,-0.2,-0.1,0.4,0.4,1.2,-0.1,0.9,-0.0,0.3,-0.1,-1.0,-1.9,-1.3,-2.1,-1.7,0.0,-0.3,-1.6,0.3,0.4,1.3,-0.1,-0.4,-2.9,-8.9,-4.9,-3.9,-3.2,-4.3,-2.2,-0.3,-1.2,0.7,-0.6,0.2,-0.1,-0.2,-1.1,-1.4,-1.5,-1.9,-1.4,-1.3,-1.3,0.7,-0.9,-1.1,-0.6,-1.4,-0.7,-0.6,-0.3,-0.7,-1.2,-1.1,-1.2,0.1,-0.9,-2.4,-1.2,-1.0,-2.1,-1.1,-1.0,-0.9,-1.1,-1.7,-0.9,-0.8,-1.2,-0.6,-1.0,-0.6,-1.5,-1.2,-2.0,-1.8,-2.0,-2.3,-2.2,-0.6,-4.9,-2.2,-1.8,-3.4,-3.4,-4.3,-0.8,-4.7,0.5,-2.3,-1.2,-2.3,-1.2,-2.2,-1.6,-1.6,-0.4,-2.9,-1.2,-1.9,-1.6,-2.3,-1.8,-2.1,-1.8,-1.9,-1.9,-1.8,-1.7,-3.8,-2.7,-2.4,-1.5,-1.4,-1.3,-1.7,-2.5,-1.7,-1.0,-1.2,-2.3,-1.8,-3.2,-3.0,-1.0,-2.9,-2.3,-3.2,-3.8,-3.0,-8.1,-0.3,0.9,-2.7,-2.4,-3.1,-2.0,-1.3,-2.1,-1.3,-1.7,-2.4,-1.8,-1.7,-3.3,-2.2,-2.5,-2.1,-1.9,-2.0,-2.7,-1.7,-2.2,-3.3,-2.4,-1.8,-5.2,-4.8,-0.1,-2.8,-5.4,-2.2,-2.2,-3.4,-5.8,-6.1,-4.1,-3.6,-2.8,-2.9,-1.9,-3.1,-3.0,-2.8,-2.4,-3.1,-3.8,-3.1,-2.9,-3.5,-1.9,-3.1,-6.2,-7.1,-4.6,-4.6,-4.7,-5.0,-4.4,-4.5,-5.1,-4.7,-4.3,-3.8,-4.1,-2.5,-3.3,-2.6,-3.3,-4.2,-3.5
2C7L517bHq,0,48.103564,11.628622,4442342.98,2778004.46,540.2,585.9,253,7358,3.7,0.7,0.43,32.65,348.96,-0.53,-0.103,0.842,0.0,0.2,-0.46,0.28,2.1,0.2,-0.3,1.4,1.4,-0.9,-2.6,1.0,-1.1,0.8,-0.2,-1.0,5.8,0.3,1.1,0.9,-2.8,-2.3,-1.3,-2.6,0.7,-2.0,-8.9,-8.0,-1.6,3.4,2.6,1.8,-3.8,6.7,2.5,-8.8,-2.8,-4.1,-5.8,-7.1,-7.5,-2.2,-0.5,-7.8,-0.1,-2.8,-8.0,-0.0,-3.6,0.1,0.7,-4.4,-2.9,2.0,2.6,-2.2,1.2,0.9,0.6,4.7,2.3,0.7,2.2,1.0,1.3,1.9,1.1,0.4,0.6,-4.4,0.4,-7.1,0.5,1.3,-2.2,1.5,-0.1,1.3,-2.1,-0.5,1.4,-1.4,1.9,2.4,1.5,3.6,8.6,0.4,-3.6,-3.1,-4.1,-2.1,-12.9,-1.2,1.2,-3.9,-0.9,2.6,-5.8,5.9,-3.2,-7.3,-2.7,9.0,-2.3,-1.2,3.1,-5.5,-1.4,-11.9,-3.2,3.1,0.0,4.5,2.6,-0.8,0.4,-1.9,2.2,2.3,-0.4,0.4,4.6,1.3,-2.2,0.5,2.8,2.6,1.9,5.8,2.3,1.6,2.7,0.3,1.2,1.9,-1.0,-2.4,-1.8,-5.4,6.9,11.8,-6.3,-10.3,-11.6,2.3,1.0,-1.0,-3.9,2.8,-0.8,3.2,2.1,0.4,1.3,-0.6,2.2,-0.1,1.2,0.8,-0.9,-1.7,-1.4,-0.1,0.7,-1.2,1.0,-1.5,-1.6,-1.6,-9.3,-0.4,1.9,-4.7,-9.6,-2.1,-0.7,-1.5,-4.2,1.9,-1.7,-1.3,-0.9,2.7,3.7,8.9,2.6,2.5,1.5,3.8,2.1,-3.3,0.5,-6.3,-3.9,-4.2,-13.4,-13.1,-1.1,-2.4,11.6,-4.5,-2.5,-0.9,-3.2,-2.8,-2.5,-5.4,1.2,0.5,1.6,2.5,0.2,-0.0,3.0
2C7L517bHz,0,48.10365,11.629289,4442392.4,2778015.05,546.7,592.4,253,7367,4.3,0.65,0.47,32.66,348.96,-0.53,-0.103,0.842,-0.2,0.2,-0.42,0.33,0.6,0.3,-0.3,-12.3,1.5,-0.2,2.7,3.5,-1.2,2.2,2.7,1.0,-1.1,-0.6,2.2,-0.7,0.6,3.5,3.0,1.6,8.9,-3.6,-2.0,-5.1,-4.1,4.7,1.0,-1.6,-2.0,-9.3,2.0,1.3,-7.3,-4.2,-4.8,-7.6,-10.3,1.8,-0.0,-0.6,1.1,-1.9,-0.8,-2.9,2.3,7.9,4.6,0.9,-2.8,-2.5,-0.2,-4.1,-1.1,-0.6,-2.4,-1.7,-2.3,-2.0,0.2,1.6,1.9,2.4,2.3,0.4,2.2,5.1,10.0,2.9,0.1,-1.8,2.4,-0.1,-3.2,-2.6,-2.6,-3.8,-0.8,-4.1,-0.3,5.1,-0.7,-1.5,-1.9,-4.9,2.8,-0.4,-0.6,0.5,-5.7,-1.5,-4.6,-0.5,-13.6,-12.4,-2.5,0.9,-14.6,10.9,0.4,0.6,2.9,4.0,2.4,-4.2,-1.4,0.6,6.0,-8.4,1.5,5.0,-0.7,-4.2,-3.4,-1.7,-2.0,2.3,-5.2,-1.1,-1.9,-1.3,-7.1,-8.2,-3.2,2.9,3.2,2.3,-0.6,2.1,4.4,3.9,5.1,5.1,-6.0,-8.0,7.1,1.2,10.4,-7.3,-2.1,-0.2,6.6,0.3,-0.7,-1.1,1.9,-5.9,-1.0,-1.6,0.2,9.7,1.5,1.5,-3.3,-7.4,-1.9,-0.5,-0.5,-0.8,-4.1,0.1,-0.3,-2.7,0.6,-1.6,-0.1,-1.7,9.0,-2.8,4.1,2.3,-1.0,-0.9,10.0,-13.6,-2.4,-10.8,-0.8,1.0,2.3,-4.8,-2.7,-4.9,4.5,-6.2,-0.4,-0.6,-1.0,-2.9,0.6,1.6,7.6,11.4,-1.2,-3.1,-3.1,-1.1,-1.9,-6.3,3.0,-2.4,-4.2,-5.4,-3.2,-5.8,-3.0,-5.6,-1.8,-2.1,-1.7,-4.5,-4.2
2C7L517bIK,0,48.10377,11.630223,4442461.71,2778029.94,532.8,578.5,253,7388,4.2,0.63,0.39,32.66,348.96,-0.53,-0.103,0.842,0.5,0.2,-0.28,0.32,1.2,0.3,-0.3,-3.6,-0.9,-1.6,2.2,-2.4,-0.1,0.7,-0.7,4.3,-1.5,-1.5,-5.5,3.3,-3.7,-0.1,-0.4,-4.0,-5.3,-0.8,-6.1,1.3,-2.1,-5.8,3.5,-1.2,6.0,-0.4,2.4,3.0,0.4,1.7,-3.2,0.8,0.7,-4.4,3.0,0.2,4.4,6.6,2.5,2.8,2.0,1.2,4.0,2.5,2.3,-2.1,0.4,5.6,-1.8,4.8,2.1,0.5,-3.8,-0.5,4.2,-0.3,6.5,1.0,0.3,2.1,-2.0,-0.4,-6.8,-8.9,-1.0,-2.0,10.9,2.7,7.1,-3.2,2.2,-4.3,1.1,2.8,1.0,2.7,-0.0,1.2,-0.5,2.7,0.8,7.4,-0.0,4.7,3.2,1.3,2.4,4.5,1.2,-2.6,-10.4,-3.3,1.1,0.8,1.8,2.8,7.4,6.0,1.2,-0.2,0.5,1.9,2.5,4.4,8.6,2.9,4.3,4.7,-2.1,2.3,-0.8,-0.3,3.5,-0.7,-2.2,-6.5,-3.3,3.8,-0.4,-6.6,3.5,1.5,3.0,-0.4,4.0,0.7,0.1,-0.0,1.4,-4.5,-1.6,-0.4,-3.7,-3.5,-2.2,-5.9,-6.0,0.9,4.9,1.9,-2.0,-0.3,1.3,4.9,-5.1,8.3,6.6,9.9,1.1,4.1,4.5,4.0,4.4,7.0,14.0,0.9,1.1,14.5,5.2,-3.5,0.8,-10.0,-2.8,-3.3,0.7,1.5,-1.0,-1.4,0.7,-0.1,-2.8,-6.4,3.2,2.0,7.5,0.6,5.3,10.2,13.7,8.3,2.8,7.1,-0.4,-2.6,11.7,0.0,7.5,-0.8,-4.6,-3.4,-2.7,0.1,4.8,-1.7,-6.0,-1.5,-4.3,-8.2,-2.3,-3.5,8.8,8.9,11.2,8.7,-3.3,6.4,2.9
2C7L517bIk,0,48.103961,11.631709,4442571.95,2778053.59,534.3,580.0,253,7414,1.7,0.93,0.23,32.67,348.96,-0.53,-0.103,0.842,-0.1,0.1,-0.16,0.13,0.6,0.1,-0.3,-0.3,0.5,1.5,-1.5,0.1,0.6,0.9,0.2,1.6,1.0,1.6,1.3,-0.2,-0.1,-0.6,-0.4,0.3,-1.7,-1.8,-3.3,-1.2,-2.8,0.1,-0.7,-0.4,-0.1,1.3,1.7,1.7,-1.7,-0.9,-5.2,-4.1,-4.8,1.9,-3.5,-0.8,-0.9,-0.4,-0.7,0.5,1.2,0.1,-1.4,-0.8,-0.3,0.1,-0.2,-1.4,-0.5,0.3,0.8,1.3,1.6,1.9,1.0,2.0,0.8,2.0,-0.0,1.3,1.6,-6.4,-0.5,5.8,1.8,-0.1,-1.6,-1.1,0.4,0.6,1.7,1.1,1.2,1.0,0.7,0.6,-0.3,-0.9,-0.7,0.0,0.1,1.0,0.3,0.4,-0.7,-0.6,-0.2,-2.2,-0.7,-1.3,0.1,-1.9,-2.1,-0.5,1.9,1.4,0.7,2.7,0.3,0.8,-0.7,-0.9,0.2,0.6,0.3,0.1,1.7,2.1,0.9,-1.4,0.7,1.1,0.9,-1.2,-0.1,-3.0,-1.6,1.0,-0.7,-8.6,0.3,0.6,-0.3,1.0,0.5,2.6,1.3,-0.2,-2.6,-0.8,-0.1,2.1,0.2,-1.2,-1.9,-0.8,-3.2,1.2,3.7,1.7,-0.8,-1.6,-0.7,1.3,0.0,0.0,1.4,0.9,-0.2,0.9,0.5,-0.2,-0.2,0.7,-0.6,0.5,1.2,1.6,0.1,-1.4,-4.9,-0.8,-2.9,-3.7,-1.0,-0.4,-2.9,2.2,0.3,1.1,-1.7,-2.0,1.2,-1.4,0.5,-0.4,0.9,-7.4,-1.0,-0.3,-0.2,0.3,0.7,0.4,-0.3,0.5,1.1,-0.4,-3.0,-2.6,-0.6,-2.5,-1.5,-0.0,-2.7,-2.0,-3.3,-1.6,-1.2,-0.0,-1.4,-0.4,1.0,2.7,4.1,-0.2,-1.5
2C7L517sJs,0,48.103126,11.625068,4442079.21,2777949.95,537.5,583.2,254,7296,4.0,0.71,0.58,32.64,348.96,-0.529,-0.103,0.842,-1.7,0.2,-0.14,0.31,1.0,0.3,-0.3,6.7,-5.5,8.3,-3.3,0.3,-3.9,-1.0,0.6,10.0,-1.7,-0.2,-4.7,-4.0,-0.3,-0.5,-3.0,-10.4,-6.5,-7.3,-5.7,-3.7,-4.8,-3.3,-6.5,-2.4,-0.5,15.1,12.3,12.8,-11.8,10.8,-6.7,-7.5,-9.3,-1.7,-3.6,0.3,-2.5,-0.0,-2.6,-5.1,-7.8,13.3,-2.3,-9.6,2.4,11.5,15.8,7.0,-0.1,-1.2,-0.9,0.6,-0.9,4.1,-1.1,8.7,1.7,2.1,1.3,-1.0,-0.5,-6.4,0.7,9.4,-1.7,0.4,-6.9,1.2,-0.3,1.9,-2.6,-2.1,1.5,-0.9,1.4,-1.2,6.9,0.7,-5.7,-1.7,-6.6,0.5,-1.8,-2.8,-0.7,-1.2,-3.9,-2.8,-4.7,-1.0,-5.2,-8.1,-3.0,-6.9,-5.5,-6.1,-3.2,-4.0,-3.5,-2.6,-2.1,-3.2,-4.5,-3.9,-2.9,-0.2,1.3,-1.2,-2.5,-3.6,-10.0,-0.9,-3.0,-0.8,-0.3,-8.0,-3.1,-3.3,4.7,-3.4,-0.4,-5.1,-3.0,0.2,1.4,-0.1,-2.2,-0.7,-1.4,-2.5,-2.1,-2.6,-4.9,-4.0,-4.5,-2.5,-6.2,1.7,-1.1,-2.1,-2.0,-6.2,-5.9,-4.6,-4.2,-2.9,-5.3,-4.4,-3.7,-6.3,-5.3,-5.8,-5.9,-6.2,-5.5,-6.2,-5.9,-5.3,-5.4,-8.4,-5.1,-5.3,-9.6,-7.3,-4.3,-6.9,-9.4,-5.3,-6.2,-7.4,-8.7,-11.2,-6.7,-6.5,-4.6,-6.3,-5.7,-8.3,-5.0,-6.3,-7.4,-5.5,-8.0,-5.9,-7.2,-6.4,-7.1,-6.3,-8.7,-8.9,-8.8,-7.1,-8.3,-8.2,-7.9,-8.1,-5.0,-8.9,-6.2,-6.6,-7.8,-5.7,-4.9,-5.1,-5.7,-6.0,-4.5
2C7L517sKG,0,48.103295,11.626386,4442177.0,2777970.93,537.2,582.9,254,7320,3.7,0.63,0.5,32.64,348.96,-0.529,-0.103,0.842,-1.5,0.2,-0.81,0.28,3.3,0.2,-0.3,-1.3,0.6,1.2,2.9,0.2,3.1,2.5,1.4,-1.7,1.8,1.0,0.7,-2.4,0.1,-2.0,-1.4,-2.3,-3.2,1.0,-5.7,-0.8,-6.3,-5.0,-3.7,9.5,-3.4,-4.3,-0.6,-10.0,-12.0,-13.5,-13.3,-6.6,-11.3,-12.6,-14.8,-2.5,-0.9,-0.7,-2.6,-4.9,-1.4,-4.6,-2.3,-7.0,-6.4,-4.3,-6.2,-9.1,-2.5,-3.7,-6.7,-4.2,-4.5,-1.7,-3.8,0.5,-3.4,-0.8,0.3,-0.4,-2.5,-6.0,1.1,4.2,-0.9,-0.2,-4.6,-0.8,1.6,2.6,-5.7,1.6,0.3,0.5,-1.9,-2.0,-2.4,-1.5,-4.1,-3.9,-1.6,-4.6,-5.1,-0.7,-6.9,-6.9,-9.1,-6.9,-6.7,-10.4,-8.3,-7.5,-1.8,-6.1,-10.0,-1.6,-6.3,-8.2,-2.5,-2.1,-7.3,-3.7,-2.4,-5.6,8.0,-5.5,-0.7,-6.0,-2.3,-0.5,1.8,0.8,-3.0,0.4,-0.5,-4.4,-1.9,-2.8,-1.3,-3.3,-0.5,-2.8,-6.7,-7.2,-4.6,-0.9,-9.2,-6.0,-2.7,-8.5,-7.7,-4.1,1.5,-4.2,-12.3,-8.0,-11.5,-4.3,-5.5,-4.5,-8.7,-5.8,-3.2,-3.3,-3.4,0.6,-2.6,-3.4,-2.6,-0.6,1.8,-0.4,-2.6,-3.3,-2.6,-6.3,-2.0,-6.5,-4.4,-8.5,-9.4,-11.8,-17.0,-14.3,-3.2,-6.9,-10.7,-0.4,-15.8,-10.7,-9.4,-17.5,-2.4,-9.7,-3.8,-8.9,-6.1,-10.5,-1.6,-14.5,8.4,-15.6,5.0,-1.6,-13.4,-10.4,-13.2,-7.4,-13.6,-12.6,-11.1,-11.8,-12.8,-14.2,-10.2,-12.9,-17.2,-8.7,-10.9,-16.6,-13.0,-9.3,-6.2,-7.3,-5.1,-6.0,-6.5
2C7L517sKP,0,48.103343,11.626755,4442204.36,2777976.82,529.7,575.4,254,7329,4.0,0.64,0.46,32.65,348.96,-0.529,-0.103,0.842,-0.5,0.2,-0.57,0.31,1.7,0.3,-0.3,-2.1,-0.0,2.0,1.3,-2.2,-9.6,2.3,0.4,-4.9,6.8,-2.0,-3.7,6.9,0.1,-5.0,-2.1,1.6,11.8,-9.6,-1.2,-1.4,-5.4,6.3,-3.0,-2.7,-0.6,4.9,6.1,-3.8,-3.4,-10.2,-7.8,0.3,-3.9,-3.3,-2.5,-1.1,-1.8,2.6,-1.9,-5.3,-0.7,-1.0,-8.0,-3.7,-2.5,-1.1,-3.7,0.1,0.5,3.1,0.9,2.6,4.3,6.3,4.4,6.4,7.1,5.0,9.0,7.2,4.0,1.8,-6.8,2.9,0.0,-4.0,-6.0,-4.6,-1.3,-0.3,2.2,-9.2,3.1,0.0,-1.7,2.8,-0.7,4.3,1.6,-0.6,2.8,-1.0,2.7,-1.8,-0.3,-1.4,-7.1,0.1,-2.7,-4.1,-5.4,-1.2,-12.9,-2.9,-0.4,-1.0,2.7,-1.7,-1.4,6.3,-6.0,8.1,1.3,0.3,0.6,-3.0,-4.0,-2.9,1.7,1.7,1.5,-0.6,1.1,1.8,-0.9,3.1,10.2,1.2,5.6,7.9,0.2,-0.3,0.5,-0.8,-3.0,-0.6,-0.9,-1.8,7.3,-5.6,-0.4,-5.4,-1.7,-2.3,-3.5,-3.4,-9.4,0.8,2.4,-10.9,11.3,-1.7,-0.4,-3.2,-2.8,-2.4,2.2,-7.7,-2.3,4.6,-6.2,-2.7,-2.4,3.1,5.8,2.3,-0.8,-2.1,-4.0,-1.7,-5.7,2.1,-8.8,-3.5,-2.5,0.0,-8.5,-2.7,1.3,-0.4,-1.1,-3.7,-6.2,-0.8,3.0,-3.6,5.2,-3.9,-0.7,-0.7,-5.7,-0.0,-3.1,-4.2,0.7,-3.7,1.2,1.4,-2.5,-11.4,-2.2,-0.7,-0.1,-3.7,-1.8,-6.9,-7.3,-9.5,0.8,-0.1,1.1,-11.4,-2.9,3.8,-2.1,-5.4,0.9
2C7L517sLg,0,48.103934,11.631361,4442546.07,2778050.1,533.3,579.0,254,7408,2.8,0.8,0.34,32.67,348.96,-0.53,-0.103,0.842,-0.0,0.1,-0.18,0.21,1.7,0.2,-0.3,0.1,0.9,0.1,-3.2,3.0,0.8,0.0,0.7,2.2,2.2,1.3,2.3,0.2,2.0,-0.4,-1.0,-2.6,-4.7,-4.2,-2.3,-1.9,-2.5,-2.0,-0.7,-2.8,-1.9,0.7,1.2,-2.0,-2.0,-0.7,-6.8,-7.0,-6.1,-0.7,-3.7,-2.4,-1.1,-2.0,-1.2,-0.8,6.4,2.2,-3.0,-3.4,-3.9,0.2,1.2,-2.3,0.7,2.4,1.9,2.7,2.3,0.7,1.4,2.0,0.2,2.5,5.8,7.6,0.7,-6.9,9.5,7.1,1.0,1.7,-4.1,3.7,2.4,2.6,3.6,5.2,1.8,0.1,0.4,-0.2,-0.4,-1.1,-4.4,-1.1,2.5,-0.8,-1.9,0.5,1.9,-1.9,2.9,-6.5,-3.2,-0.5,-0.3,0.5,-3.8,-1.3,1.0,-1.6,-3.5,-0.9,-0.6,0.2,-2.6,-3.9,0.5,4.5,1.9,0.1,1.3,3.7,0.9,0.8,3.3,3.8,3.2,1.6,2.1,4.1,3.5,1.5,2.0,-12.1,1.3,2.5,-0.3,-0.2,-1.1,4.6,0.8,-1.3,-2.5,-1.3,-0.7,1.9,0.4,-4.4,-3.1,-1.0,-4.3,-0.2,4.6,1.7,3.9,-0.5,2.5,1.9,1.0,-4.8,-1.7,3.0,-2.0,2.6,-1.5,0.3,1.0,1.5,2.1,0.5,0.6,1.2,0.2,-1.7,-4.3,0.4,-3.2,-2.1,0.4,0.0,-4.3,1.2,0.6,-1.5,-3.3,-0.6,1.3,1.0,1.3,0.2,-1.7,-13.4,-1.0,0.9,-0.9,-0.5,2.6,-0.3,-2.2,-0.4,0.5,-3.2,-3.7,-4.7,-3.3,0.2,-1.3,2.4,-0.3,-1.4,-2.0,-2.0,1.8,-3.8,-4.1,2.0,6.1,6.4,6.6,2.6,3.9
2C7L517sLh,0,48.103944,11.631435,4442551.6,2778051.29,534.2,579.9,254,7409,1.9,0.92,0.28,32.67,348.96,-0.53,-0.103,0.842,-0.2,0.1,-0.2,0.15,0.2,0.1,-0.3,0.7,0.6,-0.0,-2.5,0.5,0.8,1.2,0.8,1.4,2.2,0.7,0.7,0.1,1.5,1.3,0.5,-1.0,-1.6,-0.8,-2.6,0.2,-0.2,0.8,1.5,0.1,0.8,2.4,1.4,1.6,-1.2,0.3,-4.7,-2.8,-3.8,0.7,-1.7,1.1,0.4,-0.2,-1.3,0.6,1.0,0.7,0.3,-0.6,-0.1,-1.3,-0.7,-0.1,1.9,1.7,1.6,1.9,1.7,1.2,1.1,1.5,0.9,1.5,1.5,1.4,2.7,-5.3,7.7,-4.7,1.6,1.6,-2.5,-0.3,1.4,1.0,1.8,-0.7,0.3,1.6,1.4,1.0,1.0,0.5,0.4,0.7,1.6,1.4,0.6,1.7,0.9,0.4,1.3,-1.6,-0.7,-0.6,1.5,0.7,-0.3,0.6,3.2,1.4,2.0,2.3,0.2,1.4,0.5,0.2,2.3,1.1,0.8,0.7,1.9,3.6,-0.4,-0.7,1.4,1.2,0.3,0.6,3.2,8.3,-0.8,2.0,-0.2,-10.4,-0.6,1.2,-0.3,1.2,1.0,1.1,1.1,0.7,-1.4,-0.3,0.5,0.9,0.4,-0.0,-1.4,-1.0,-3.5,1.6,3.6,1.5,-2.8,-1.4,0.5,-0.4,1.7,-1.6,-0.8,-0.2,0.5,0.7,-0.7,0.2,0.9,-0.2,0.9,0.5,1.2,1.7,1.5,-0.1,-2.0,0.5,-2.1,-1.0,0.8,1.3,-1.6,4.4,-0.1,0.3,-0.4,-1.5,0.6,-1.0,1.4,-1.7,0.6,-7.5,-0.6,-1.2,0.1,1.2,2.1,-0.9,-0.2,-1.4,0.1,-0.4,-1.8,-2.0,-0.8,0.1,-0.1,0.2,-1.5,-2.6,-2.1,-1.2,0.9,0.4,1.2,0.3,-3.0,7.5,-0.8,0.5,-0.8
2C7L517sLk,0,48.103963,11.631586,4442562.77,2778053.68,534.7,580.4,254,7412,1.7,0.93,0.28,32.67,348.96,-0.53,-0.103,0.842,-0.3,0.1,-0.14,0.13,0.4,0.1,-0.3,0.6,0.6,0.8,-0.6,-0.2,0.0,1.8,-0.2,-0.3,2.0,0.2,0.5,0.1,-0.8,0.4,0.6,0.2,-0.6,-0.0,-2.9,-1.6,-3.8,-0.4,-0.6,-0.6,-0.4,-1.8,2.2,-0.6,-1.9,-1.6,-4.6,-2.9,-3.8,0.6,-2.8,1.4,1.8,0.9,0.2,0.2,1.0,0.1,-1.0,-1.0,0.1,-0.8,-1.7,-1.2,-0.3,-0.2,-0.1,0.7,-0.0,0.2,0.0,0.5,-0.5,0.1,0.7,1.0,1.9,-6.8,0.2,-7.0,0.7,-0.4,-2.4,-1.2,0.5,-0.2,0.9,-0.4,-0.0,0.2,0.7,0.1,-0.7,-0.8,-0.2,-0.9,-0.5,-1.0,0.7,-0.2,0.4,-0.7,1.4,-0.7,-1.1,-1.4,-0.5,-1.1,-2.1,1.0,1.2,1.0,0.6,2.5,-1.2,-1.0,-1.0,0.1,1.1,-0.3,-0.0,-0.6,-0.3,0.5,0.1,-0.7,1.0,1.1,0.6,-0.5,-0.5,-2.8,-1.0,1.3,0.2,-6.8,0.2,0.3,-1.7,-1.4,-0.9,0.8,0.5,0.8,-2.2,-2.8,-0.9,1.8,-0.2,-2.2,-4.4,-1.8,-3.5,1.2,3.3,1.0,-2.6,-0.4,0.0,-0.3,-0.4,-0.6,1.1,1.2,-0.4,-1.0,2.3,-1.9,-0.4,-0.1,0.0,-0.0,-0.0,0.1,-1.6,-1.1,-2.5,-2.3,-2.5,-3.6,-0.1,-0.5,-4.2,2.3,-0.1,-0.6,-2.7,-1.7,0.6,-1.0,-0.0,-1.6,-0.4,-9.9,0.1,-0.3,-0.4,0.2,1.1,-0.9,-1.6,-1.7,-0.5,-3.0,-2.8,-4.3,-1.8,-1.7,-0.9,-0.9,-3.0,-4.0,-3.7,-2.9,-3.0,-2.5,-2.2,-2.3,-1.3,3.7,2.9,-1.5,0.4
2C7L517sLl,0,48.103974,11.63167,4442569.01,2778055.02,535.4,581.1,254,7413,1.9,0.92,0.24,32.67,348.96,-0.53,-0.103,0.842,-0.1,0.1,-0.12,0.14,0.1,0.1,-0.3,-0.5,0.6,3.3,-2.2,0.3,1.2,0.6,0.5,1.9,1.0,1.5,0.6,1.1,1.9,-0.3,1.9,1.1,0.8,-2.1,-1.9,-1.6,-3.3,0.6,-0.6,1.4,-0.1,1.1,2.3,1.5,-0.7,0.9,-4.5,-2.1,-4.1,2.8,-3.2,-0.8,0.7,-0.8,0.9,1.3,1.6,1.3,-0.2,0.3,0.0,-0.4,0.1,-0.4,-0.1,0.5,-0.5,1.7,1.1,-0.1,2.3,1.2,0.3,1.4,0.3,2.1,0.7,-6.7,2.2,4.7,-0.1,0.9,0.1,-1.2,-0.1,-0.2,2.4,0.7,2.7,1.8,1.9,0.9,0.1,1.2,3.2,0.6,1.1,2.7,-0.5,1.7,-0.1,1.5,2.1,-1.1,0.2,-1.3,-0.6,-1.4,-2.0,2.5,2.3,2.4,1.3,3.1,-1.0,-0.4,0.5,0.4,2.0,0.4,0.7,0.9,2.3,2.3,2.5,0.2,-0.1,1.8,1.5,-0.9,-0.4,-2.9,0.1,1.1,-0.7,-9.9,-0.5,1.2,-0.2,-1.0,0.5,2.5,0.6,0.6,-0.5,0.1,1.6,2.6,0.8,1.1,-1.8,0.5,-1.4,1.4,4.1,1.7,-0.8,-1.3,-0.4,0.3,0.6,0.5,0.8,1.1,-0.8,0.4,1.0,-0.4,-0.6,0.9,1.4,0.9,1.2,1.8,0.9,0.7,-2.6,-1.7,-2.0,-2.1,1.1,-1.1,-0.5,2.3,1.9,1.5,0.8,-0.7,0.8,-1.3,1.4,-0.1,0.3,-11.0,0.0,-0.6,0.3,0.1,3.0,-0.1,1.9,-0.2,3.8,0.4,-2.2,0.0,0.1,-0.4,-1.3,0.9,-1.2,0.4,-1.1,-0.8,0.7,-0.4,0.7,-2.7,-0.4,2.1,5.5,-0.7,-2.1
2C7L517sL5,0,48.103712,11.629489,4442407.17,2778022.36,544.7,590.4,254,7371,1.6,0.94,0.24,32.66,348.96,-0.53,-0.103,0.842,-0.5,0.1,-0.18,0.12,0.6,0.1,-0.3,0.4,1.1,-0.2,0.7,-0.7,1.1,0.2,0.6,0.7,-1.5,0.7,1.9,-0.0,-0.8,0.4,0.0,-0.7,-1.2,-2.4,-2.1,-4.6,-2.1,-1.6,0.6,-0.4,1.2,-0.7,1.0,-1.2,-2.8,-2.1,-6.0,-4.2,-4.7,-1.5,-0.3,-0.5,1.0,0.0,-0.3,0.6,0.6,-0.7,-0.6,-0.2,-1.3,-1.0,-0.6,0.7,0.6,0.5,0.2,-0.2,-0.2,-0.3,0.2,0.3,-0.4,-0.4,-1.3,-0.8,-0.6,8.7,-1.6,-1.8,-1.2,-1.8,-2.3,-2.0,-1.6,-1.0,-1.7,-1.0,-1.2,-0.0,-1.7,-1.5,-1.2,-1.8,-1.8,-1.7,-1.7,-1.4,-3.1,-1.1,-1.2,-1.5,-1.1,-0.6,-1.1,-1.4,-1.4,-2.7,0.0,-1.1,0.1,0.7,0.1,-0.4,-0.8,-1.3,0.4,-1.2,0.2,0.3,-0.5,-0.6,-0.9,0.1,-1.1,-0.8,-1.0,-1.3,0.7,-0.7,-0.2,0.4,-0.0,-0.2,-0.0,0.1,0.8,0.7,-1.0,-0.2,-1.0,1.0,-0.8,-2.1,-3.6,-2.7,-1.0,-0.3,-1.0,-3.1,-2.5,-1.3,-5.9,-0.6,1.9,-0.7,-1.1,-1.0,-2.3,-1.1,-0.5,-5.5,-1.2,-1.1,-0.4,0.3,-0.3,-0.6,-0.2,-1.2,-0.6,-0.2,-1.7,-1.5,-2.1,-2.4,-2.1,-0.9,-4.0,-3.1,1.0,-1.2,-1.9,0.0,-1.6,-2.0,-2.9,-4.0,-1.3,-2.2,-5.6,-2.2,-0.9,-14.1,-1.6,-2.1,-1.1,-0.9,-2.1,-2.6,-1.3,-1.7,-2.6,-3.0,-5.6,-5.0,-3.1,-2.4,-2.8,-2.7,-3.4,-2.6,-3.6,-4.0,-1.7,-2.6,-1.4,-1.7,-0.7,-1.5,-1.4,-2.2,-2.0
2C7L517sLd,0,48.103929,11.63117,4442531.92,2778049.14,534.5,580.2,254,7405,3.1,0.8,0.44,32.67,348.96,-0.53,-0.103,0.842,-0.2,0.2,-0.26,0.24,0.1,0.2,-0.3,2.5,-0.5,-2.4,-3.9,2.1,-0.8,0.5,1.6,2.9,0.9,1.9,1.4,1.1,-1.9,3.1,0.6,2.3,2.4,2.3,-0.6,-1.2,-0.5,-1.5,-0.1,-0.5,-1.8,-1.9,3.5,-2.7,-1.9,-2.4,-2.2,0.5,-6.2,3.3,-2.9,5.0,1.0,-1.9,1.0,1.6,2.6,0.8,0.4,5.1,-0.9,1.0,-1.8,8.1,2.1,1.7,-0.5,3.1,1.7,-0.3,1.7,0.1,1.0,2.9,2.7,0.1,-1.3,-9.9,4.9,-12.3,0.9,1.2,-1.5,-2.1,2.5,2.7,0.2,2.1,0.2,5.7,3.9,-1.3,1.4,2.3,7.6,4.3,4.6,-1.5,2.9,1.0,-0.9,-11.3,-0.9,-1.4,4.5,-1.5,2.9,2.1,-4.6,-4.1,3.1,-0.4,1.0,3.4,7.0,0.4,3.3,-1.8,0.8,-0.2,-3.3,4.6,2.4,6.7,0.2,-0.1,-0.3,2.4,1.0,-0.6,2.1,-2.1,-1.6,2.8,-0.3,-10.8,0.9,2.8,0.6,5.0,6.5,2.0,-1.7,0.2,-0.3,0.2,0.9,3.2,-1.2,-0.2,-3.2,0.5,-2.9,0.5,6.2,-0.4,5.0,-0.5,-1.6,3.3,1.4,0.4,2.0,2.0,0.7,-0.2,0.4,-1.8,-0.2,1.3,5.8,1.6,1.0,-0.1,-0.1,1.1,-2.0,0.1,-1.4,-1.1,1.3,2.5,-1.1,2.8,2.0,0.4,-0.7,-2.7,-2.1,-0.4,-2.1,-1.8,-0.3,-8.8,-0.7,-0.5,1.1,-0.1,1.1,1.2,-1.9,2.4,-2.8,-2.7,-1.6,-5.5,-1.8,-1.7,-0.0,7.7,3.3,-3.6,1.2,-0.5,0.7,-9.0,5.9,2.1,-8.1,5.2,4.7,-0.0,0.0
2C7L517sLe,0,48.103931,11.631193,4442533.58,2778049.5,532.8,578.5,254,7406,2.7,0.85,0.38,32.67,348.96,-0.53,-0.103,0.842,0.1,0.1,-0.08,0.2,0.3,0.2,-0.3,-2.7,1.3,1.3,1.4,-1.3,0.6,2.7,-0.9,1.2,1.2,0.3,2.0,-0.8,0.6,1.1,-0.3,4.1,4.5,5.7,-1.6,0.7,-1.7,-2.7,0.9,0.0,0.3,0.5,3.9,-0.0,-4.5,-2.2,-7.8,-2.3,-4.5,4.1,-2.6,2.1,1.1,-1.8,-2.6,1.7,-3.3,-1.0,-2.1,-4.6,-2.6,1.9,0.2,1.2,-1.2,-0.5,-2.0,1.9,1.8,0.0,-2.0,0.6,-1.2,-2.0,1.5,1.3,1.6,-10.1,5.9,14.8,0.1,-1.5,-1.5,-0.3,-2.6,-0.6,-0.2,-3.5,1.2,0.6,-0.8,2.8,-2.6,-0.9,-1.7,5.0,-1.3,-0.1,0.7,2.2,0.2,-4.9,0.7,-0.4,-2.6,0.5,2.4,0.1,-1.0,2.6,1.5,2.0,1.9,0.4,4.9,1.0,-1.7,-0.6,4.1,1.2,0.6,4.7,0.6,3.6,1.6,-3.3,1.0,1.5,-0.1,-0.0,1.8,1.2,0.1,2.0,0.0,-1.8,0.0,2.3,-0.0,-0.7,-0.8,2.5,-1.8,-0.5,-1.0,1.1,1.3,6.5,0.5,2.0,-1.1,-0.4,-1.4,5.1,5.6,2.3,-2.2,0.4,1.3,2.5,2.3,0.4,-0.1,1.9,0.5,-2.6,1.2,-1.0,-0.7,1.3,2.4,0.6,-1.1,2.4,0.5,-0.4,2.1,-1.3,-1.4,-1.2,1.4,2.0,-2.7,2.4,2.6,1.1,-1.3,-0.8,1.1,0.1,-2.4,0.0,1.3,-9.0,-0.2,1.2,0.8,1.2,1.7,2.6,0.8,-3.0,-0.9,-2.1,-3.0,-3.0,3.5,-1.3,0.1,1.9,-0.5,-2.6,1.0,-1.5,6.1,0.7,1.7,-2.6,-0.8,5.7,9.6,-0.7,2.2
2C7L517sLf,0,48.103938,11.631244,4442537.37,2778050.31,532.5,578.2,254,7407,2.6,0.84,0.48,32.67,348.96,-0.53,-0.103,0.842,-0.1,0.1,-0.33,0.2,0.7,0.2,-0.3,-1.2,1.8,0.1,2.4,0.2,-0.9,0.8,0.2,0.5,0.1,-1.0,0.1,-0.9,-2.4,-1.8,-1.0,2.1,1.0,0.9,-1.6,-3.6,-3.2,-2.3,1.9,-1.2,-0.1,2.4,3.4,-2.5,-8.1,3.3,-10.1,-8.2,-2.4,1.4,-4.3,2.8,2.1,-0.3,-3.1,-0.8,-0.1,1.9,0.2,-1.9,-3.9,1.3,1.9,-2.3,-0.5,0.3,-2.2,-0.1,-1.9,-1.1,-2.3,-0.5,-2.6,0.5,-1.6,-0.2,1.3,-8.9,3.6,-9.9,0.9,0.5,-2.1,-2.3,-3.1,-1.5,0.7,-1.5,-2.1,-2.2,-1.6,-2.6,-4.2,-2.7,-1.4,-3.8,-3.5,-3.4,0.7,1.0,-1.3,-4.0,0.9,2.8,-4.7,-4.0,3.1,1.2,-5.0,0.6,9.9,3.9,-3.5,-1.3,1.0,0.7,-8.8,-0.7,5.8,2.1,-0.2,-0.6,2.5,3.1,2.2,-3.3,-0.4,1.3,-0.4,-0.5,0.7,0.8,0.9,0.9,-0.9,-4.2,0.7,0.8,-2.4,-0.9,-1.5,2.0,-1.9,-2.2,0.0,-0.1,1.3,0.6,2.7,1.0,-0.5,2.1,-2.3,2.3,3.7,-0.1,1.1,0.7,0.7,0.2,0.2,-1.9,0.8,1.4,0.0,-1.2,-1.6,-1.2,-0.4,0.6,0.8,0.1,-3.3,-1.0,-4.3,0.6,1.0,-2.1,-1.4,-3.1,-1.8,1.5,-1.4,2.2,1.7,1.3,-1.4,-1.1,1.6,-1.3,-1.9,0.4,1.6,-7.6,-0.4,-0.5,-1.8,-0.5,0.9,1.9,-0.9,-2.7,-4.1,-3.5,-3.3,-3.3,2.5,-5.8,1.0,-0.7,-0.2,-2.7,-2.9,-3.1,-3.9,-4.5,-1.3,-3.5,-1.7,1.6,5.9,-4.8,-1.1
2C7L517sLi,0,48.103968,11.631481,4442554.99,2778054.09,533.9,579.6,254,7410,2.0,0.92,0.28,32.67,348.96,-0.53,-0.103,0.842,-0.3,0.1,-0.38,0.15,0.3,0.1,-0.3,-0.1,0.6,0.7,-1.9,0.3,0.6,1.8,-0.5,0.9,1.6,0.8,0.8,-0.6,1.0,0.5,-0.0,-0.5,-1.7,-1.4,-2.0,-0.3,-1.9,0.6,0.6,0.9,0.6,2.0,1.6,0.8,-1.8,-1.6,-5.2,-2.3,-3.9,0.4,-2.7,1.5,-0.6,0.0,-0.6,1.0,0.1,0.3,-0.3,-1.0,0.0,-0.9,-0.6,-0.5,1.1,1.4,1.2,1.4,1.3,0.6,0.6,2.2,0.4,0.9,1.3,1.8,3.5,-3.9,4.6,-8.2,2.5,0.5,-2.0,0.1,1.2,1.0,1.5,-0.2,0.8,0.2,0.5,0.5,0.2,-0.0,0.4,0.1,0.7,0.5,-0.1,0.8,0.1,-0.6,0.4,-1.0,0.7,-1.0,-0.5,-0.9,-0.9,-0.5,2.7,1.4,1.1,1.2,-0.6,-0.1,0.0,-0.0,1.0,0.4,0.1,-0.5,0.3,1.7,-0.5,-1.4,0.3,-0.7,0.6,0.2,1.1,13.1,-1.0,0.1,-1.3,-11.4,-0.6,-0.3,0.0,2.0,0.8,0.5,0.9,0.2,-1.8,-0.5,-0.4,1.6,0.8,0.2,-1.0,-0.4,-3.6,1.9,2.9,1.6,-2.2,-0.9,-1.9,-0.7,0.6,-0.9,-0.5,-0.1,0.6,0.3,0.8,0.4,-0.1,-0.1,0.8,0.8,0.2,0.4,1.0,-0.2,-2.0,-0.3,-2.8,-2.5,-0.3,-0.7,-3.2,2.6,-0.4,-0.2,-1.0,-1.3,-0.1,-0.6,1.0,-1.5,-0.0,-9.4,-0.9,-2.0,-1.1,0.1,1.0,-0.3,-0.3,-1.9,0.6,-0.1,-2.8,-2.0,-0.5,-0.3,-0.5,-0.8,-4.6,-5.4,-3.0,-1.7,0.3,-1.1,-0.2,-3.0,-1.9,-1.1,-1.5,-3.0,-0.5
2C7L517sIz,0,48.10275,11.621852,4441840.59,2777902.92,535.3,581.0,254,7241,3.3,0.76,0.45,32.6,348.92,-0.529,-0.104,0.842,-1.1,0.2,-0.14,0.26,0.7,0.2,-0.3,0.0,-0.8,-1.3,0.2,0.4,-1.1,-1.8,-1.5,-3.6,2.6,-1.2,3.2,-0.9,-0.3,0.7,-0.0,0.5,0.4,-0.1,-6.3,-0.5,2.6,-1.3,-0.4,1.9,0.8,4.6,-1.4,1.8,-2.5,4.8,-12.6,-2.1,-0.9,-1.8,-5.7,-1.4,-4.1,6.1,4.7,3.1,2.4,-1.6,1.0,0.0,2.0,4.1,4.0,3.9,1.2,1.6,-1.3,-2.3,-0.1,-5.5,-2.3,-5.8,-5.3,-4.4,3.1,-2.1,-4.4,-5.9,-7.6,-0.4,-6.5,-5.8,-8.4,-7.4,-6.6,-6.2,-1.4,-3.3,-4.5,0.6,-0.2,6.9,-3.5,-1.5,0.6,0.4,2.1,-2.2,-4.8,-5.4,-1.1,-1.5,-6.2,-1.9,-5.0,-6.7,-1.7,-3.9,-1.6,-0.0,4.3,-2.0,-4.4,-1.3,-2.7,-0.6,-4.8,5.7,3.3,5.8,-3.8,-7.6,-4.0,-2.0,-2.0,-1.2,-1.7,-2.1,-1.4,-2.9,-5.8,-6.5,-6.4,-2.8,-2.1,-2.3,-1.6,-2.1,-0.8,-4.9,-1.7,-4.4,-3.3,2.0,-0.4,2.6,0.8,4.7,-5.8,-4.2,2.4,-7.9,-5.4,3.0,-2.8,0.8,-2.9,2.9,-0.6,-3.3,-4.0,-2.8,-0.8,-1.1,-4.5,-2.8,-2.7,-0.9,-2.1,-0.8,-3.8,-6.0,-4.7,-6.2,-7.7,-1.5,-5.2,-8.7,-7.2,-4.9,-2.0,-1.8,-7.8,-3.0,-4.4,-5.4,-4.3,-5.6,-3.6,-5.8,-3.5,-5.4,-3.2,-6.2,-3.6,-2.5,-3.9,-4.3,-5.0,-5.3,-3.6,-6.2,-1.7,-4.6,-4.6,-3.5,-8.1,-13.1,2.2,-4.3,7.2,-3.0,-13.6,-12.9,-10.4,-1.9,-7.0,-2.6,-8.4,-13.4,-4.8,-5.4,-3.3
2C7L517sKH,0,48.103354,11.626557,4442189.6,2777977.77,543.0,588.7,254,7321,2.3,0.87,0.35,32.64,348.96,-0.529,-0.103,0.842,-0.6,0.1,-0.29,0.18,0.3,0.2,-0.3,-1.9,-0.5,-1.3,-0.4,-0.3,2.2,0.8,-0.0,0.9,3.4,2.6,-0.3,-1.4,0.2,2.3,1.5,-1.6,-0.3,0.1,1.1,-0.4,-0.8,-2.2,-2.7,-0.5,-0.8,6.4,-1.9,-1.6,-1.1,-7.5,-9.2,-5.5,-4.7,-4.9,-8.0,2.6,1.6,4.6,1.7,-3.4,6.0,0.8,3.1,2.0,-1.9,-0.6,-0.2,3.1,-0.1,0.1,0.1,-3.0,-2.2,-1.4,-0.3,-3.0,0.5,1.6,1.1,0.1,-2.3,-5.4,0.5,-6.6,-2.2,1.0,1.0,-0.0,-1.1,0.9,0.1,-0.7,2.4,2.5,-2.2,0.5,-3.6,-4.0,-0.9,0.4,0.5,1.4,-0.1,1.9,-0.1,-0.8,-2.7,-3.2,-1.9,-1.8,-1.1,-0.6,0.7,-0.8,1.8,1.4,-1.8,-3.3,-2.2,-0.6,-5.7,0.6,1.1,-0.6,-2.2,0.0,1.5,-0.9,-1.1,2.2,2.7,0.8,-3.8,-1.8,-3.1,-3.5,-1.2,-3.4,-2.2,-0.9,-0.4,-2.2,-3.2,-2.5,-0.9,-4.4,-3.6,-1.3,-2.7,-0.6,0.6,1.0,-2.7,-0.0,-2.2,-1.4,-6.1,1.1,0.4,-0.5,-2.8,-1.6,1.5,-0.6,-0.5,1.4,-0.6,-1.7,-0.9,-2.1,-2.2,-0.3,-1.1,-0.2,-1.7,-1.2,0.4,-0.8,-0.2,-1.9,-1.1,0.0,-3.2,-6.5,3.4,-2.6,-6.2,-0.3,-1.8,-5.0,-4.7,-5.5,-1.0,-2.5,-4.3,-3.1,-2.0,-4.2,-2.5,-2.1,-1.9,-2.2,-7.6,-0.1,-3.2,2.5,-2.0,-1.6,-2.1,-6.5,-8.0,-2.9,-3.3,-4.3,-4.5,-5.0,-4.7,-2.1,-5.4,-8.3,-4.6,-3.8,-3.0,-1.6,-1.8,-2.3,-0.9
2C7L517sKM,0,48.103374,11.626707,4442200.72,2777980.17,535.8,581.5,254,7326,1.7,0.91,0.3,32.65,348.96,-0.529,-0.103,0.842,-1.1,0.1,0.22,0.13,1.1,0.1,-0.3,-2.1,-3.4,-2.1,-1.4,-1.0,1.9,-3.3,0.9,0.5,2.0,0.2,-0.7,0.2,-2.7,-0.2,0.3,-0.3,-2.9,-2.2,-3.1,-4.0,-1.9,-1.4,0.6,-3.3,1.2,-1.3,-3.3,-2.4,-4.2,-7.5,-5.3,-5.5,-5.9,-5.3,-4.4,0.9,-2.5,-1.1,-1.3,-2.6,-3.8,-2.5,-1.4,-3.6,-2.2,-2.1,-1.1,-2.6,-0.6,-0.4,-1.2,-1.7,-2.0,-1.3,0.3,-1.8,-2.9,-2.5,-2.0,-3.3,-1.1,-2.2,-1.0,-6.6,-1.4,0.7,-4.5,-2.5,-3.0,-3.1,-2.5,-2.7,-2.7,-1.0,-1.9,-1.8,-0.8,-1.1,-1.3,-2.5,-5.4,-6.5,-5.1,-3.9,-4.1,-2.8,-7.1,-4.2,-3.6,-6.8,-6.5,-7.5,-2.0,-9.8,-3.5,-5.9,-3.7,-4.4,-3.5,-4.0,-4.8,-4.1,-3.8,-5.9,-2.5,-4.3,-3.7,-4.2,-4.9,-4.1,-4.2,-4.2,-3.3,-3.8,-6.1,-6.1,-4.3,-4.9,-4.6,-4.6,-4.3,-4.5,-5.3,-4.0,-3.5,-2.4,-4.5,-3.8,-7.2,-6.3,-4.5,-9.7,-3.4,-4.6,-6.6,-6.9,-10.9,-3.1,-0.4,-2.7,-5.6,-6.1,-4.2,-3.3,-3.7,-4.4,-4.2,-2.7,-5.4,-2.9,-3.3,-4.2,-5.0,-4.3,-4.1,-3.5,-6.1,-4.2,-4.8,-8.6,-7.9,-5.3,-8.0,-8.4,-2.8,-4.2,-6.4,-5.1,-4.5,-6.4,-8.0,-8.4,-4.7,-4.9,-6.0,-3.7,-2.4,-8.1,-6.9,-2.9,-4.3,-6.3,-7.3,-6.3,-7.7,-6.8,-4.9,-7.3,-5.7,-12.6,-9.0,-9.9,-6.9,-9.3,-7.4,-7.6,-7.4,-7.5,-7.7,-8.4,-7.3,-4.7,-5.3,-5.6,-4.8,-5.6,-6.6
2C7L517sKN,0,48.103366,11.626648,4442196.35,2777979.24,530.2,575.9,254,7327,4.0,0.66,0.51,32.65,348.96,-0.529,-0.103,0.842,0.0,0.2,-0.65,0.31,1.0,0.3,-0.3,2.8,3.1,-0.5,2.5,-1.4,-0.2,-0.8,-1.5,0.1,1.0,4.9,0.1,-0.2,-0.4,-0.1,0.5,-2.1,-2.3,6.6,-5.7,2.4,-2.1,-5.1,-5.0,4.4,-2.1,0.1,-0.6,-10.2,-5.2,-10.1,-7.4,-4.6,-7.0,-7.3,-2.4,2.3,-3.6,1.8,-2.3,1.6,-2.1,2.6,-3.1,-1.7,-2.2,-3.1,-5.2,-0.6,-2.3,1.6,-0.2,0.2,5.4,0.6,-2.3,1.0,-1.3,-8.5,-2.7,0.2,1.6,2.8,-1.4,3.3,-0.7,-1.0,-0.6,-1.3,1.9,4.2,0.5,-0.0,0.5,-0.2,1.9,-2.2,-0.3,2.2,-3.2,-0.3,-9.2,-1.9,-2.2,3.6,3.2,-0.5,-6.2,-10.1,-0.6,6.5,-4.1,-8.0,-10.3,-7.1,6.5,-7.3,-1.0,3.3,-1.7,4.2,0.9,3.0,-5.5,-7.7,-12.4,0.9,9.2,-1.1,-4.6,3.9,2.4,1.4,-0.0,0.8,0.6,-0.2,3.9,4.5,3.7,-4.7,4.9,5.9,7.7,-11.3,-0.2,0.6,0.2,1.2,1.3,9.0,1.3,-0.5,-2.1,-2.8,-1.1,9.6,-5.2,0.4,2.0,-3.2,-1.7,0.5,1.9,-6.5,-5.6,-0.7,3.5,-2.1,3.1,-2.5,-3.7,1.1,-5.3,-1.0,13.4,-3.9,-2.8,2.3,-2.5,-0.3,1.8,1.6,-3.8,5.1,6.6,-0.3,-0.6,-1.3,5.0,1.7,-9.0,-2.8,-1.2,-3.4,0.2,-2.4,0.3,1.7,2.5,4.8,-4.3,-5.7,-1.6,-0.2,3.4,8.5,-2.0,-4.7,-5.2,-1.7,-2.0,-0.3,-3.8,0.8,0.6,-13.6,4.7,-1.7,-0.5,3.0,-2.0,-8.5,-3.9,-2.9,-6.6,-3.6,-1.5
2C7L517sKX,0,48.103458,11.627361,4442249.24,2777990.57,536.8,582.5,254,7337,3.4,0.76,0.45,32.65,348.96,-0.53,-0.103,0.842,-0.4,0.2,0.19,0.26,1.6,0.2,-0.3,-2.1,2.8,2.1,-7.4,-3.0,-0.7,-3.1,-0.4,-3.5,1.7,4.9,0.2,10.0,-0.0,-1.5,-0.3,-5.8,1.0,-1.7,-1.8,-7.2,-1.4,-1.1,-5.5,-0.5,10.5,-4.3,-2.4,-2.0,-5.0,-13.7,-14.3,-7.1,-1.2,-7.5,-4.3,-1.8,-2.0,2.9,-1.0,-1.4,-6.5,-4.0,-1.0,-2.8,-0.3,-0.9,0.7,0.3,-2.2,2.3,-5.9,-5.1,-2.6,-4.2,-0.7,1.1,-0.4,-4.4,-2.1,-1.5,0.1,-1.4,-0.0,2.4,-3.6,0.0,-5.0,-3.3,-3.7,0.8,-3.5,-1.6,-3.1,-2.2,-3.0,-4.9,-3.4,-2.6,-1.0,-3.3,-2.7,-11.1,-7.8,-11.0,-1.4,-6.3,-3.8,-4.2,-6.7,-1.9,-7.8,-1.2,-6.2,-1.8,-1.4,-3.9,-1.7,-5.3,-3.4,-5.7,-1.8,-6.7,-5.5,-0.4,-0.5,-1.0,-3.1,-3.6,-0.5,-1.5,-8.6,-1.8,-3.7,-0.8,0.9,-0.7,0.0,-0.6,5.8,3.7,-0.9,-1.2,-1.7,-1.0,-2.5,1.1,-2.5,-6.7,-7.1,-4.4,-3.1,-3.3,-4.6,-9.4,-2.0,-2.4,0.3,-1.5,-2.8,-2.0,-2.5,-1.7,-4.8,-1.5,-3.5,-3.2,-2.2,-1.5,-1.8,-1.9,-5.4,-4.0,-5.5,-2.5,-5.6,-3.0,-2.2,-8.2,-4.1,0.3,-1.4,-2.5,-8.1,-6.7,-0.5,-1.2,-7.2,-6.0,-3.2,-3.8,-6.2,-9.0,-2.5,-4.1,-5.6,7.6,-5.3,-2.8,-4.7,-4.3,-4.3,-3.2,-1.1,-3.7,-4.7,-9.8,-5.2,8.8,-3.9,-4.7,-7.9,1.8,-1.8,-8.3,-9.0,-11.8,-7.5,-5.9,-5.2,-5.1,-5.0,-6.6,-6.4,0.8,8.4,5.7,-5.5
2C7L517sL3,0,48.103701,11.629256,4442389.88,2778020.73,540.4,586.1,254,7369,2.5,0.84,0.33,32.66,348.96,-0.53,-0.103,0.842,-0.3,0.1,-0.36,0.19,1.1,0.2,-0.3,-0.3,1.0,0.1,0.5,-0.5,-2.1,1.0,1.3,2.7,-0.6,0.3,-0.6,0.6,0.5,0.3,0.1,2.5,4.9,6.7,3.8,1.0,0.8,-0.0,5.1,4.7,-5.1,0.0,2.3,-1.8,-0.1,-0.3,1.5,-1.0,-3.2,-1.9,0.0,-0.1,7.0,3.9,5.8,-1.1,-1.4,0.7,1.1,2.1,-1.2,-1.5,0.4,-0.0,1.3,-0.4,0.2,0.9,0.9,0.8,-0.3,1.0,2.6,2.1,-1.2,0.4,-0.3,2.0,-1.5,-4.4,0.3,-0.1,3.2,-0.7,-1.2,-1.0,-0.9,-0.4,-0.0,-2.6,0.3,4.1,0.8,2.9,1.3,-0.7,-0.1,0.3,-2.2,-0.4,-0.6,-0.5,5.7,4.1,5.5,5.0,4.6,2.7,6.3,6.8,5.6,3.3,7.5,4.7,-0.9,-3.5,2.6,4.2,0.8,3.5,2.2,4.8,0.4,-1.1,-0.4,-3.0,0.1,-0.8,-0.3,0.0,-2.2,0.8,-4.1,-2.5,0.5,-2.2,-0.1,-2.1,-2.1,-0.5,2.7,-2.1,-1.2,-2.3,-2.4,-1.8,-0.3,-0.3,0.2,5.6,2.4,3.2,0.3,5.1,2.9,1.4,-0.7,1.2,0.5,1.7,1.5,1.5,0.3,1.2,0.3,0.8,-0.7,1.7,1.9,-0.5,0.2,0.7,-0.6,4.2,-0.9,3.7,2.6,0.7,4.8,1.6,2.5,0.6,-2.4,0.6,-1.1,-0.4,-0.3,-2.9,-3.6,-2.2,-5.6,-2.8,-0.1,8.7,3.9,-2.2,-2.2,1.3,-0.2,0.2,-0.0,3.9,3.0,1.7,-1.9,-0.1,6.4,10.0,-2.7,-3.2,0.5,-4.3,-2.4,-3.7,-2.7,-3.3,-2.3,-2.9,-1.9,1.2,-3.0,-2.9,-2.6
2C7L517sL4,0,48.103726,11.629452,4442404.39,2778023.83,545.9,591.6,254,7370,2.6,0.86,0.4,32.66,348.96,-0.53,-0.103,0.842,-0.2,0.1,-0.35,0.2,0.9,0.2,-0.3,1.2,1.4,-0.0,-0.6,-0.3,1.9,0.0,0.8,1.3,-10.8,-0.9,-1.0,-0.1,-1.4,-0.3,-0.7,-1.9,0.4,-0.9,-2.3,-6.9,-2.7,-3.2,1.3,-0.8,1.4,-2.6,1.4,-0.3,-4.5,-1.3,-4.5,-3.8,-4.5,-0.9,0.7,-0.2,2.8,0.8,2.0,0.2,2.5,-2.1,-0.8,-0.8,-0.6,-0.0,0.5,0.6,2.3,-0.7,-1.1,-1.1,0.9,0.4,-0.5,-0.5,1.3,1.6,0.1,-2.6,0.4,14.0,-0.7,4.3,0.3,-0.3,-3.9,1.0,1.2,-0.1,-1.5,-0.1,0.3,0.5,-0.5,-2.1,-1.3,-2.0,-0.4,-2.5,-1.8,-3.0,-2.8,-0.1,-0.5,-1.6,-1.0,0.9,-0.5,-1.3,-1.9,-2.2,-3.2,-0.2,0.2,-0.2,0.2,-1.7,-2.2,-0.7,-1.5,-0.9,-0.8,-0.3,-1.1,-2.1,-2.9,-2.4,-5.0,-1.8,-3.9,-3.1,1.7,-4.5,-0.5,0.9,-0.0,-1.1,-0.8,3.1,1.8,0.6,-1.1,1.4,-0.5,-1.4,-2.4,-1.0,-4.2,-3.4,-1.3,0.3,-0.1,-3.4,-2.2,0.8,-4.6,0.9,1.6,-2.8,-1.7,0.1,0.5,-3.6,0.4,-8.0,-2.2,-0.3,-1.4,11.8,1.3,3.4,3.8,4.6,2.8,3.4,0.8,2.7,0.1,0.3,0.2,-0.7,-4.2,-2.7,0.6,-2.7,-1.7,0.1,-1.4,-2.1,-3.0,-5.6,-3.7,-3.4,9.9,-1.4,-1.1,-8.6,0.2,0.1,0.8,-1.3,-0.2,0.1,0.3,-3.3,-1.0,-2.6,-6.1,-3.0,-2.2,-1.7,-3.0,-1.9,-3.8,-1.0,-3.9,-4.7,-0.7,-2.3,-0.2,-1.3,0.1,-0.2,-2.9,0.4,-6.0
2C7L517sL7,0,48.103767,11.629772,4442428.14,2778028.91,553.2,598.8,254,7373,2.9,0.85,0.39,32.66,348.96,-0.53,-0.103,0.842,-0.3,0.1,0.76,0.22,0.6,0.2,-0.3,-1.0,-1.7,-1.7,-1.6,-1.7,-1.7,-2.0,-1.8,-0.8,-5.1,-2.1,-1.2,1.3,-1.3,1.1,0.8,-0.8,0.2,-4.6,-2.4,-1.4,-1.6,-1.0,-0.9,0.7,3.3,0.4,-0.7,-3.3,-12.6,-2.9,-5.0,-5.1,-3.1,-2.6,-4.8,-0.2,0.8,0.4,0.7,-1.9,-1.5,-0.7,8.8,0.1,-2.0,-1.4,0.1,0.0,-2.9,-3.4,-0.1,-0.6,-0.3,0.3,1.3,-0.0,-1.8,-0.4,-1.3,-1.5,-0.3,-0.5,-1.0,-2.5,-0.6,-1.8,0.6,-1.9,-2.6,-1.6,-3.9,-4.9,-4.5,-5.5,-2.4,-2.5,-3.7,-3.4,-3.0,-2.6,-1.5,-4.3,-4.9,-2.2,-3.4,-1.7,-1.7,-6.2,-2.7,13.1,-4.0,-3.0,-8.7,-9.9,-1.2,-6.2,-0.1,-5.7,-2.5,-4.4,-5.6,-5.8,-2.0,-4.5,-4.3,-4.0,-4.0,-2.8,-1.1,-7.8,-2.9,-2.8,-4.2,-4.5,-5.6,-5.4,-6.7,-6.6,-5.1,-4.6,-5.6,-8.8,-6.2,-2.9,-1.0,-5.5,-2.6,-4.8,-3.9,-2.3,-8.5,-6.4,-4.5,-6.6,-3.4,-7.3,-2.2,4.2,-0.5,-2.8,-4.5,-3.0,-1.5,-1.4,-1.8,-1.4,-1.8,-2.3,-2.8,-2.1,-1.5,-1.1,-2.4,-3.9,-2.5,-2.6,-2.5,-2.0,-2.2,-4.5,-4.3,-1.4,-4.2,-2.6,-0.1,-1.8,-1.3,-0.4,-1.7,-2.0,-3.0,-5.2,-8.2,-1.6,-5.7,-0.1,-2.1,-3.5,-2.8,-3.0,-3.3,-1.5,-3.0,-4.2,-3.3,-5.7,-4.7,-4.2,-4.3,-8.5,-3.6,-4.8,-4.0,-4.0,0.4,-2.4,4.9,-5.1,-8.1,-9.1,15.5,-3.0,-2.4,-2.1,-1.8,-2.9,-1.0
2C7L517sIy,0,48.102765,11.62182,4441838.16,2777904.46,536.8,582.5,254,7240,2.1,0.89,0.37,32.59,348.92,-0.529,-0.104,0.843,-0.4,0.1,0.11,0.17,0.6,0.1,-0.3,-0.1,-0.4,-0.3,-0.1,0.5,0.7,0.1,-0.7,-1.2,2.2,-0.8,3.7,-1.1,-1.4,-2.0,-1.4,-1.0,-3.0,-0.9,-1.7,-1.8,0.8,-1.5,-0.4,-0.5,1.0,1.9,1.1,-2.1,-3.1,6.1,-5.8,-4.3,-1.9,-1.6,-4.5,3.9,-3.3,-0.9,0.6,0.0,-1.5,-1.2,-2.7,-1.6,-0.8,-3.2,-0.1,8.9,-1.1,-0.4,-1.8,-1.1,-0.8,6.1,-0.3,-0.2,-2.2,-0.7,-0.1,-2.3,-3.7,-2.2,-2.3,-0.8,-1.9,-1.1,-3.1,-3.6,-6.4,-3.0,0.7,-0.3,-0.4,1.2,-1.6,3.0,-1.4,-1.8,-1.4,-1.4,-1.1,-2.6,-3.1,-1.6,-1.3,-3.8,-9.4,-2.4,-6.3,1.2,-2.7,-2.9,-2.0,-1.1,0.8,-3.3,-1.7,-1.9,-1.9,-5.3,-6.4,3.6,-1.8,0.8,-3.7,-3.8,0.2,-4.3,-1.9,-0.7,-2.3,-2.4,-2.1,-1.9,-2.7,-3.6,-4.3,-3.7,-1.9,-2.0,-3.7,-1.5,-2.5,-1.9,-1.4,-0.0,-2.9,-1.7,0.2,1.0,2.4,3.0,1.0,1.8,0.0,6.4,-2.0,1.1,-1.2,0.2,-1.9,-1.8,-2.5,-2.2,-2.7,-3.0,-2.0,-3.0,-2.6,-1.6,-4.1,-3.5,-2.8,-3.1,-2.7,-2.1,-2.3,-0.9,-2.6,-0.5,-1.7,-0.2,-3.4,1.0,1.7,1.5,-3.7,2.2,3.7,-1.1,-3.9,-2.5,-0.9,-2.2,-3.2,-4.2,-2.9,-4.8,-3.2,-2.2,-2.2,-2.4,-1.9,-3.0,-0.2,-2.8,-1.3,-2.4,-2.6,0.4,-1.2,-1.7,-4.0,-2.4,0.2,-2.1,-4.2,-1.7,-3.7,-4.5,-4.5,-3.6,-3.5,-1.4,-1.5,-4.4,-2.4
2C7L517sJT,0,48.103006,11.623697,4441977.42,2777934.33,540.9,586.6,254,7271,4.2,0.63,0.53,32.63,348.96,-0.529,-0.103,0.842,-2.1,0.2,-0.23,0.32,1.7,0.3,-0.3,1.3,1.0,2.4,5.6,4.5,3.2,8.4,4.3,4.3,4.6,-0.6,-6.7,-12.9,-6.3,-5.3,-5.1,-7.9,-5.4,-5.5,-5.5,-4.5,-1.2,-10.3,-6.9,2.7,-3.8,-7.4,-10.2,-8.1,-11.1,4.9,-11.7,-10.4,-10.3,-10.4,-7.9,-7.5,-5.1,-7.5,-6.7,-8.9,-8.1,-4.9,-9.8,-5.0,-6.3,-10.5,-7.9,-2.5,6.8,-0.0,-3.5,-6.3,-4.5,-4.5,-6.1,-7.5,-3.2,-1.7,-2.7,-2.0,-11.0,-6.7,-1.8,-10.7,1.5,-2.3,-2.5,-3.9,-5.7,-5.2,-6.2,-4.1,-6.5,-5.5,-6.3,-3.4,-7.7,-7.3,-8.6,-6.3,-7.4,-4.6,-4.0,-0.1,-3.2,-9.9,-10.5,-7.4,-6.3,-8.1,-13.5,-5.6,-15.0,-11.2,-2.8,-7.8,-9.8,-7.0,0.1,-4.6,-8.8,-4.1,-3.5,-11.3,-5.3,-8.0,-8.2,-10.5,-8.3,-11.2,-9.4,-8.0,-6.9,-7.0,-9.6,-7.4,-7.6,-11.9,-7.6,-7.8,-7.0,-10.9,-9.7,-14.6,5.8,-9.3,-9.1,-5.7,-10.1,-8.0,-6.4,-8.7,-4.8,-11.3,-11.5,-8.6,-8.4,-5.3,-2.0,-3.0,-9.7,-10.0,-9.0,-3.6,-5.2,-14.0,-4.3,-2.9,-2.7,-5.3,2.2,-8.8,-1.7,-6.7,-6.1,-4.8,-12.9,-6.6,-11.0,-9.8,-6.5,-13.5,-10.8,-11.5,-13.7,-15.9,-7.2,-9.5,-15.5,-12.2,-19.2,-15.5,-10.8,-13.3,-5.8,4.8,-10.2,-16.8,-13.4,-16.4,-17.8,-13.3,-16.6,-17.8,-8.1,-14.1,2.2,-10.2,-16.4,-13.3,-15.5,-10.8,-10.6,-13.8,-22.3,-8.8,-13.4,-23.0,-14.8,-14.5,-13.7,-15.2,-14.6,-11.0,-12.1,-15.8,-13.9
2C7L517sKz,0,48.1037,11.629103,4442378.45,2778020.34,545.2,590.9,254,7365,2.8,0.85,0.36,32.66,348.96,-0.53,-0.103,0.842,-0.4,0.1,0.23,0.21,0.5,0.2,-0.3,1.2,-3.2,-0.5,-1.0,0.6,1.3,1.3,-1.2,0.7,-0.5,-2.1,-1.7,1.2,-1.6,1.7,0.1,3.2,-1.4,-0.1,-1.6,-3.0,0.1,-1.8,1.7,-1.6,1.0,-7.5,-13.3,12.5,-3.7,-3.7,-6.5,-2.9,-3.5,-5.2,-0.6,-0.7,-1.6,0.3,-2.5,-1.1,2.2,-1.5,-0.1,-2.9,-2.6,-3.7,-2.1,-0.1,-0.1,0.6,2.3,0.6,-2.2,0.5,-1.1,1.9,-1.6,-0.1,-1.3,-1.6,0.9,-7.9,-2.6,-0.5,0.7,-1.9,-1.1,-4.1,-2.7,0.3,-1.8,-3.0,-0.9,-1.5,-1.9,2.1,-1.4,-1.0,-0.7,-4.2,-2.7,-2.0,-4.9,-1.6,-3.4,-3.4,-4.8,-0.2,0.3,-2.8,-3.3,-1.0,-1.7,-2.9,-3.2,-1.5,0.2,0.8,-0.6,-9.7,-0.6,-0.0,2.1,-2.5,-2.7,-2.9,-1.9,-2.8,-4.2,-4.2,-1.7,-1.8,-0.2,-1.4,-1.9,-2.4,-3.7,-4.4,-3.7,-1.8,-4.1,-3.5,-2.6,-2.0,-0.1,-6.2,-2.3,-2.1,-2.7,-4.2,-2.6,-2.0,-3.0,-0.8,-5.6,-4.6,-6.7,0.2,-0.7,-1.8,-0.3,-0.3,1.7,1.5,1.6,-4.4,-6.2,-0.4,3.5,1.3,-2.3,-1.8,-2.8,-3.3,-2.9,-1.9,1.0,2.0,-3.5,-0.4,-3.4,-5.1,-4.9,-4.9,-0.5,-3.0,-3.0,1.2,1.8,-3.8,-3.6,-13.5,-2.3,-0.2,-15.4,-7.0,-4.7,3.4,-2.5,-0.8,-2.6,-3.7,-0.3,-2.1,-4.5,-3.2,-0.2,-2.8,-6.5,-8.0,-4.2,-4.7,-3.1,-4.0,-3.4,-4.8,-3.7,-2.7,0.8,0.7,0.8,-0.9,-1.7,-0.1,-1.8,-6.9,-2.1
2C7L517sNk,0,48.104936,11.638731,4443092.73,2778173.57,539.6,585.2,254,7536,1.8,0.91,0.29,32.7,348.96,-0.53,-0.103,0.842,-0.4,0.1,-0.25,0.14,0.7,0.1,-0.3,0.8,2.3,0.5,2.6,0.7,2.1,2.1,1.4,0.4,1.2,1.6,1.5,0.9,1.7,0.1,1.3,0.7,1.0,-0.4,-0.5,-1.1,-0.4,0.1,0.7,0.3,1.9,-0.0,0.7,-1.1,-2.7,5.9,-4.0,-3.2,-3.8,-1.5,-1.5,-2.1,2.2,1.4,1.7,1.4,1.9,1.3,1.1,-0.1,-0.3,-0.0,-1.9,-1.1,-0.7,0.7,0.3,-3.0,-3.2,-3.0,-3.8,-3.6,-3.6,-3.8,-3.1,-4.2,-4.2,7.2,-4.8,-0.8,-4.9,-4.9,-4.5,-4.8,2.0,1.7,2.0,1.0,1.7,0.5,1.0,1.3,0.3,-0.5,-0.4,1.0,1.3,0.9,2.3,1.5,2.5,0.5,1.4,1.6,0.1,-1.6,-0.9,-1.1,-0.8,0.4,0.6,1.8,1.2,2.3,2.6,2.0,0.4,1.2,1.2,0.3,0.1,0.4,0.9,-1.0,0.3,0.0,0.2,0.1,-0.3,-1.1,-2.3,-1.8,-2.0,-1.3,-0.7,-1.4,-0.8,-0.9,-1.3,-0.6,0.5,-0.7,-0.6,-0.3,-1.4,4.2,2.9,2.0,1.3,-3.1,-3.6,-1.1,0.7,1.2,1.0,0.2,-4.2,-1.5,-0.2,0.5,0.2,1.1,-0.1,0.9,0.3,0.6,1.0,1.1,0.7,-0.0,0.9,-0.0,0.7,0.2,1.5,-2.3,-4.6,-0.4,-0.5,-5.0,-0.9,1.8,-2.0,1.4,-3.1,-4.0,-3.3,-0.9,-2.5,-2.4,-2.4,-1.9,-1.5,-3.2,-1.5,-2.0,-1.0,-0.4,-1.6,-1.1,-0.7,-1.6,-0.5,-1.1,-0.9,-2.4,-1.2,-1.5,-1.5,1.1,0.0,-0.3,-1.8,-1.9,-2.9,-3.7,-3.5,-3.7,-4.3,-3.8,-3.8,-1.9,-1.2
2C7L517sNl,0,48.104931,11.63869,4443089.66,2778172.92,534.8,580.5,254,7537,2.9,0.81,0.41,32.7,348.96,-0.53,-0.103,0.842,-0.6,0.1,-0.21,0.22,0.3,0.2,-0.3,-0.0,1.8,0.5,1.3,-0.8,-1.1,1.5,0.3,1.9,-0.1,1.0,-0.9,-0.1,1.7,-0.1,1.0,1.1,0.8,-0.9,-2.5,-3.1,-1.0,-1.9,0.6,-4.0,0.8,0.7,-0.6,-0.8,-2.8,4.2,-2.6,-1.7,-1.5,-0.1,1.0,-2.4,0.5,2.7,-0.7,2.0,2.1,-1.7,0.3,-1.2,1.1,0.4,-1.7,0.6,-1.5,-0.6,0.4,-5.8,-6.7,-4.9,-6.6,-5.7,-8.0,-7.5,-7.9,-7.3,-9.0,9.4,-9.0,-3.6,-2.1,-11.8,-7.8,-7.8,1.5,2.1,3.0,5.4,1.3,-5.3,-1.1,-0.9,-3.3,-3.5,-0.3,-1.2,-2.7,0.6,1.6,1.8,-2.0,-1.5,-2.6,0.3,-1.9,-4.1,-3.5,-3.1,-3.4,-0.9,-0.8,-0.6,-1.2,-0.3,0.0,-0.1,-1.9,-0.4,-0.1,-2.5,-2.2,-1.4,-1.2,-2.8,-1.9,-1.9,-1.6,-1.8,-1.9,-2.0,-4.1,-4.0,-5.0,-5.5,-1.0,-2.2,-1.4,-2.6,-2.6,-3.3,-1.7,-1.1,-2.0,1.5,-4.3,2.5,2.7,3.4,0.4,-6.3,-6.8,-0.5,3.1,0.0,-1.6,-1.5,-1.0,1.1,3.5,1.3,1.7,1.2,2.6,4.4,-1.0,0.6,1.5,1.0,0.5,-1.2,0.5,-1.2,-0.3,0.0,-1.4,-4.7,-7.5,-6.0,-6.9,-11.6,-1.0,-5.9,-6.0,-0.6,-7.4,-7.0,-4.2,-3.9,-4.2,-2.9,-5.8,-2.1,-2.7,-3.2,-1.2,-2.5,-3.2,-4.4,-3.9,-1.1,-1.3,-1.8,-1.6,-5.4,-7.2,-5.1,-4.6,-4.0,-5.6,-2.8,-4.4,-2.3,-3.7,-4.9,-4.9,-5.5,-4.7,-4.4,-5.3,-4.7,-6.1,0.3,-3.4
2C7L517sLB,0,48.103823,11.62992,4442439.04,2778035.4,551.0,596.7,254,7377,3.5,0.76,0.42,32.66,348.96,-0.53,-0.103,0.842,-0.2,0.2,-0.35,0.26,0.8,0.2,-0.3,0.7,0.8,1.5,4.1,0.1,1.4,1.0,1.6,2.3,-0.5,0.2,0.2,1.3,0.9,4.1,-4.3,-3.6,-1.2,-3.4,-0.4,-1.1,-2.7,3.0,-0.1,1.7,-0.6,2.6,-9.9,2.1,-4.2,-0.8,-5.3,-3.1,1.7,1.6,1.7,3.8,3.1,1.7,3.2,2.9,6.8,4.3,0.5,-1.1,3.0,1.9,1.3,1.7,3.4,1.1,1.2,1.7,2.1,2.5,0.6,-1.6,0.8,1.8,-1.5,-1.0,1.2,-2.9,-1.6,-0.8,2.2,-0.1,-2.3,-1.9,-0.9,0.5,0.3,0.1,-1.1,3.1,-1.6,-0.4,-8.3,-5.0,-3.1,2.9,2.0,2.1,2.7,4.7,-2.8,3.8,1.1,1.4,1.2,8.0,0.0,4.5,-12.8,2.0,4.3,6.8,3.4,3.1,6.7,0.7,7.4,5.4,4.6,2.4,-0.3,2.3,1.6,3.0,1.6,-0.3,1.1,-0.6,0.8,0.4,-0.3,-2.5,1.2,0.7,-0.5,-1.8,-0.4,-0.1,2.8,2.1,-0.9,1.6,3.0,2.2,0.9,-10.3,6.9,11.9,5.9,0.7,-0.7,0.8,3.2,2.7,5.0,-0.9,-2.1,-0.1,0.9,-3.7,-1.2,-2.6,2.6,3.0,0.4,-0.5,-3.1,2.0,0.4,0.7,-2.3,6.2,0.9,8.3,2.4,-3.3,-1.1,5.8,-5.4,-4.6,6.5,2.3,-0.4,4.7,1.6,0.2,-1.0,-13.5,1.7,-1.0,-4.7,-3.0,-1.2,10.0,-1.1,-0.3,1.1,1.1,2.1,-1.8,-10.5,11.6,-0.3,-1.5,-1.9,-4.5,-6.7,-3.5,-2.7,-1.8,-1.1,-0.6,6.9,1.1,-0.0,1.3,1.8,-0.4,-1.1,-0.4,0.2,2.6,1.3
2C7L517sLn,0,48.10406,11.631761,4442575.63,2778064.73,535.4,581.1,254,7415,1.6,0.93,0.21,32.67,348.96,-0.53,-0.103,0.842,-0.3,0.1,-0.15,0.12,1.2,0.1,-0.3,-0.1,0.5,0.6,-0.4,0.1,0.5,0.6,0.4,0.9,1.4,0.4,0.1,-1.4,-0.6,-0.9,-1.4,-1.6,-1.6,-3.6,-3.5,-2.5,-4.2,-1.2,-1.7,-1.8,-1.7,-1.2,0.5,-1.4,-3.7,-1.5,-6.7,-5.1,-6.6,-1.2,-4.9,-2.0,-1.0,-2.0,-1.5,-1.2,-0.1,-1.7,-2.3,-2.1,-2.1,-0.5,-0.6,-0.7,0.3,-1.3,-0.7,0.0,-0.6,-0.1,-0.3,1.5,0.1,1.0,-0.0,0.3,0.5,-8.0,3.9,0.2,0.6,-0.6,-2.3,-1.8,-0.5,0.3,-0.8,0.5,-0.4,-2.0,-1.4,-1.7,-2.0,-2.9,-2.8,-1.9,-2.3,-1.1,-2.2,-1.5,-2.7,-3.2,-1.4,-2.5,-3.2,-2.9,-1.9,-1.9,-3.1,-1.8,-1.1,-0.2,-0.9,-0.5,-1.5,-2.1,-1.2,-1.2,-0.4,-0.7,-0.9,-0.7,0.2,0.1,-0.9,-0.2,-0.4,0.9,-0.7,-0.4,0.8,-3.8,-0.2,0.0,-0.4,-8.8,0.0,-0.0,-0.5,-0.2,-0.4,0.6,-1.8,-2.1,-3.9,-2.3,-1.4,-0.5,-2.0,-2.4,-4.7,-3.1,-5.3,-0.6,2.7,-0.5,-1.2,-2.4,-1.3,-0.1,-0.9,-0.7,-0.2,-0.2,-0.4,-0.2,-0.7,-0.6,-0.9,-1.6,-0.8,-0.4,-1.5,-1.2,-1.7,-3.1,-5.7,-1.9,-4.3,-5.2,-2.5,-1.0,-4.6,-0.1,-1.5,-0.6,-3.7,-3.5,-0.2,-2.0,-0.5,-1.1,-0.3,-8.4,-1.5,-1.4,-1.1,-1.0,-1.0,-0.9,-2.3,-0.9,-2.2,-2.9,-3.9,-5.3,-3.5,-4.8,-3.3,-1.9,-3.3,-3.4,-4.1,-2.8,-3.3,-3.6,-2.7,-1.9,-0.8,1.3,1.0,-1.6,-2.9
2C7L517sLo,0,48.10407,11.631843,4442581.65,2778066.02,535.3,581.0,254,7416,1.7,0.92,0.23,32.67,348.96,-0.53,-0.103,0.842,-0.3,0.1,-0.25,0.13,1.2,0.1,-0.3,-0.6,-0.7,-0.9,-0.1,-0.6,0.6,-0.4,0.3,0.9,2.6,0.6,0.1,-0.6,0.4,-1.0,-0.7,-1.7,-2.2,-3.0,-3.4,-2.0,-3.7,-0.5,-1.0,-1.2,-0.9,0.6,1.1,-0.7,-2.7,-0.9,-6.7,-4.4,-6.6,-0.3,-4.1,-1.1,-1.1,-1.4,-1.3,-0.7,-0.1,-2.3,-1.2,-1.7,-1.4,-1.9,-0.9,-1.5,-0.7,-0.5,0.4,0.5,0.1,-0.1,0.6,0.5,0.6,0.5,-0.3,0.7,0.9,-7.6,8.3,-7.1,0.3,-0.3,-2.1,-1.6,-0.1,-0.1,-0.9,0.2,0.4,-1.0,0.2,-0.7,-0.4,-0.8,-1.4,-1.1,-1.9,-0.7,-1.4,-0.5,-2.4,-2.0,-1.3,-3.1,-2.5,-2.9,-2.5,-2.0,-3.8,-2.1,-0.7,-0.2,-1.8,-0.8,-2.3,-2.4,-2.0,-1.3,-0.7,-1.6,-1.6,-1.3,0.2,-0.5,-1.1,-1.4,-0.2,0.6,-0.3,0.2,1.2,-2.0,-0.4,0.3,-0.1,-5.7,-0.1,-0.1,-0.3,0.2,-0.7,0.9,-0.1,-1.2,-4.2,-2.2,-1.6,0.6,-1.4,-3.3,-4.1,-3.0,-4.4,0.6,2.8,0.7,-0.8,-1.5,-1.2,0.2,0.1,-0.8,-0.1,0.2,-0.1,0.7,0.3,-0.3,-0.7,-0.9,-0.1,-0.6,-0.5,-1.0,-2.1,-3.0,-6.4,-1.9,-3.6,-4.7,-1.3,-0.9,-5.2,0.1,-1.7,-0.7,-3.4,-4.0,0.1,-0.6,0.9,-0.7,-0.4,-8.5,-1.1,-1.6,-0.8,-1.6,-1.2,-1.2,-2.4,-1.6,-2.4,-3.4,-4.9,-6.2,-3.5,-4.5,-3.2,-2.4,-3.7,-5.0,-5.5,-2.2,-2.2,-2.7,-2.9,-2.2,-2.5,3.4,1.0,-1.1,-2.0
2C7L517sLp,0,48.104078,11.631903,4442586.1,2778066.97,535.5,581.2,254,7417,1.6,0.93,0.23,32.67,348.96,-0.53,-0.103,0.842,-0.6,0.1,-0.16,0.12,1.0,0.1,-0.3,0.4,-0.7,0.1,-0.2,0.2,1.3,-0.4,0.4,-0.2,0.1,0.3,1.2,-1.4,0.5,-0.6,0.0,-2.2,-2.5,-2.9,-4.6,-3.4,-4.6,-0.5,-1.5,-1.9,-1.7,-0.2,1.7,0.3,-3.0,-0.6,-7.1,-4.4,-7.2,0.4,-4.4,-1.4,-0.7,-1.8,-1.3,-0.3,0.7,-2.2,-1.1,-1.4,-1.3,-1.7,-0.6,-1.5,-0.6,-0.2,0.8,0.2,-0.1,0.0,0.0,0.9,0.6,0.2,-0.9,-0.6,0.5,-8.0,7.7,0.7,0.3,-0.8,-3.3,-2.1,-0.7,0.2,-1.6,-2.7,-0.9,-1.6,0.0,-1.2,-0.9,-1.7,-2.6,-1.8,-2.3,-0.8,-1.7,-0.3,-2.1,-1.7,-1.5,-4.4,-3.2,-2.8,-2.2,-2.0,-3.8,-2.1,-1.0,0.2,-2.2,-0.8,-2.3,-2.5,-1.6,-1.3,-0.6,-1.4,-1.3,-2.0,0.4,-1.1,-1.3,-2.4,-0.5,-0.5,-0.6,-0.2,0.0,-4.0,-0.8,-0.6,-0.6,-2.9,-0.8,-1.5,-2.0,-1.6,-1.0,-0.1,-1.0,-1.9,-4.8,-2.4,-2.2,-1.1,-2.0,-3.6,-4.6,-3.0,-5.3,-0.4,1.3,0.3,-1.6,-2.4,-2.1,-0.1,-0.8,-2.2,-1.0,-0.9,-1.0,-3.0,-0.2,-2.2,-2.3,-2.2,-1.1,-1.6,-1.7,-1.9,-2.4,-4.0,-6.4,-3.9,-5.2,-5.1,-1.8,-2.6,-5.6,-1.0,-2.9,-2.1,-3.8,-4.5,-0.4,-1.4,-1.7,-1.4,-0.6,-9.4,-1.8,-2.6,-2.0,-1.9,-1.6,-2.6,-4.4,-1.5,-3.3,-3.9,-5.5,-6.9,-3.9,-4.4,-2.8,-1.9,-3.4,-4.5,-5.3,-2.6,-3.4,-3.3,-3.0,-3.6,-4.1,-1.8,-2.4,-2.8,-2.1
2C7L517sNj,0,48.104963,11.638796,4443097.51,2778176.65,545.7,591.4,254,7535,1.9,0.9,0.33,32.7,348.96,-0.53,-0.103,0.842,-0.7,0.1,-0.31,0.15,0.7,0.1,-0.3,-1.1,2.1,3.3,3.6,1.6,-2.1,1.4,0.7,0.5,4.9,1.8,-0.5,2.6,0.4,0.0,2.9,1.8,1.5,0.9,-0.0,-1.5,0.7,0.5,2.0,3.4,2.8,-0.1,-0.3,-2.6,0.5,6.2,-3.1,-1.3,-2.0,-0.2,0.9,-0.1,2.7,3.0,2.0,1.6,0.6,2.3,2.1,0.1,-0.8,-2.3,-1.6,-0.9,-0.6,2.3,2.6,1.4,-0.2,-0.1,-2.9,-1.2,-0.6,-0.2,-0.2,-1.5,-1.0,-4.6,-1.5,-0.0,-3.7,-0.1,-0.7,-1.0,2.4,0.9,2.3,0.3,1.4,1.1,0.9,2.7,2.1,1.8,1.8,2.5,2.6,0.9,2.1,2.1,2.3,1.8,1.4,2.1,1.4,2.1,-0.7,-1.1,0.9,2.3,1.3,3.3,2.8,6.1,3.7,2.3,1.0,2.4,3.5,1.0,2.0,1.5,1.2,2.4,1.2,2.2,0.6,0.4,0.9,-0.1,-2.3,-1.7,-2.0,-0.0,-0.4,-2.4,-0.6,-0.7,0.5,-0.3,0.5,-1.5,0.6,0.4,-2.4,2.3,2.8,-1.1,1.1,-2.1,-2.4,-0.7,0.8,2.6,1.5,-0.5,-2.9,-1.8,-1.0,-1.8,-1.0,-4.0,-1.0,-0.5,2.9,2.3,-0.7,2.8,2.2,1.1,-0.1,0.5,0.9,-1.3,0.7,-2.0,-3.6,-0.7,-2.3,-2.9,-0.5,0.3,-0.5,0.6,-2.0,-2.9,-2.4,-3.8,-6.8,-7.6,-5.4,-2.9,-1.8,3.6,-0.9,-0.4,-0.2,-2.2,-1.5,-1.4,-0.9,-2.9,-0.7,-1.8,-2.7,-8.1,0.3,-1.6,0.3,2.5,0.5,1.9,-0.9,0.1,-0.9,-3.0,-2.2,-3.4,-3.9,-1.4,-4.6,-5.4,-4.0
2C7L517sL6,0,48.103792,11.629529,4442409.97,2778031.24,544.9,590.6,254,7372,2.5,0.87,0.33,32.66,348.96,-0.53,-0.103,0.842,-0.7,0.1,-0.14,0.19,0.7,0.2,-0.3,-1.0,0.0,-0.8,0.8,-1.2,-0.2,-0.2,-0.4,-0.6,-0.5,-0.9,0.9,1.2,0.8,1.3,-0.1,-2.0,-1.0,-2.0,-1.8,-3.9,-1.6,-3.7,1.6,0.4,2.7,-2.8,0.1,-3.4,-5.4,-5.1,-3.0,-5.7,-6.7,-0.8,1.2,-2.8,-1.8,1.2,-0.3,-7.1,0.0,-3.4,-0.5,-1.4,-2.0,-0.7,0.5,1.1,-0.6,0.6,1.9,0.3,-0.6,-1.7,1.1,1.4,0.8,-0.1,0.5,2.6,1.4,6.0,0.6,1.4,-0.9,0.7,3.8,-2.1,-1.2,0.1,-2.0,-3.1,-5.4,-1.2,-3.7,-1.7,-2.0,-3.5,-0.9,-2.8,-1.3,-2.3,-4.6,-3.7,-2.2,-1.8,-3.9,-1.8,-3.2,-5.3,-2.6,-3.3,3.4,-2.8,-1.0,-2.1,2.5,0.9,-2.0,-0.3,-1.2,-0.9,-2.6,-0.1,-0.6,-2.6,-2.6,-1.6,-0.3,-1.7,-2.3,-0.7,-1.9,-0.9,-1.7,-3.6,-1.8,-2.6,-1.1,0.1,-0.9,-1.9,-2.4,-2.3,-0.5,-0.8,-2.1,-3.6,-1.3,-2.3,-1.0,-3.4,-2.6,-1.7,-2.1,-1.6,-6.0,-0.3,1.7,-0.7,-1.9,-13.1,-11.7,-0.5,-1.6,-3.3,-2.8,-5.2,1.2,-3.0,-0.9,0.4,-1.0,-3.9,-1.2,-3.4,-3.0,-6.1,-3.5,-3.2,-3.6,-0.5,-3.9,-1.3,0.0,-0.8,1.4,1.1,-1.0,-3.0,-1.3,-7.1,-2.9,-3.1,-3.2,-3.2,-0.7,-14.3,-2.0,-2.2,-1.5,-2.4,-3.6,-3.9,-3.7,-5.0,-3.2,-1.9,-4.8,-18.8,-4.0,-2.0,-3.2,1.0,-4.9,-1.7,-5.4,-6.1,-3.1,-4.7,-3.1,-2.9,-5.1,-1.0,-2.1,-5.3,-5.7
2C7L517sNo,0,48.104992,11.638878,4443103.5,2778180.02,537.1,582.7,254,7540,1.6,0.93,0.3,32.7,348.96,-0.53,-0.103,0.841,-0.5,0.1,-0.34,0.13,0.4,0.1,-0.3,0.8,1.1,0.1,-0.9,0.4,0.8,1.5,0.6,1.1,0.8,1.0,2.5,-0.2,1.1,0.8,0.1,0.8,-1.0,-0.4,-2.1,-2.2,-2.2,2.4,0.0,0.4,0.8,1.6,4.4,1.9,-2.5,2.5,-4.4,-2.5,-3.9,-1.6,-2.0,-0.5,-1.7,-0.9,-0.3,0.1,-0.8,1.6,-0.1,-2.0,-1.1,2.2,1.2,-0.3,1.6,0.8,1.2,0.9,1.5,1.3,-0.4,1.6,0.2,1.5,0.3,1.4,-0.4,-3.3,0.1,-1.3,1.2,0.1,-4.3,-0.5,0.2,0.4,0.9,0.7,0.7,-0.1,0.8,0.6,1.0,-0.1,0.6,-0.1,0.6,1.3,1.6,0.7,0.7,0.6,-0.5,-1.1,1.1,-2.2,-2.5,-2.0,-0.7,-1.2,-1.3,3.3,0.4,0.5,1.5,-0.2,-0.7,-0.1,2.7,-0.9,-0.1,-0.2,0.8,0.4,0.7,0.9,2.2,0.9,2.1,1.5,1.2,2.3,0.9,1.1,1.8,1.5,1.1,1.2,1.4,-0.3,1.3,3.7,1.0,-0.2,-0.8,-0.6,1.5,2.9,-0.3,-1.6,-4.0,-1.4,1.1,2.1,2.2,0.9,-2.8,-0.9,-1.0,-0.2,-0.1,-2.9,0.3,0.5,-1.2,-3.5,-0.0,-0.9,0.1,-0.3,-0.3,-0.3,0.1,-0.1,-0.2,-3.2,-5.2,-3.1,-4.0,-3.5,-0.0,-0.6,-1.1,0.5,-0.2,-1.8,-2.8,-0.9,-0.8,-0.3,-1.1,-1.4,-2.2,-11.5,-1.8,-1.0,-2.0,-0.9,-0.8,-2.3,-1.0,-0.7,-1.3,-1.2,-1.4,-4.6,-0.2,-5.1,-1.8,0.9,0.6,-0.9,-2.3,-1.4,-1.1,-3.5,-2.9,-2.3,-1.6,0.3,-0.7,-1.2,-1.7
2C7L517sIm,0,48.102738,11.621179,4441790.44,2777900.44,538.3,584.1,254,7228,3.0,0.77,0.39,32.59,348.92,-0.529,-0.103,0.843,-0.9,0.2,1.01,0.23,1.0,0.2,-0.3,-1.6,-7.6,-2.2,-2.7,-2.6,-3.2,0.6,-1.1,0.4,-3.9,-0.8,-1.3,-0.4,-1.3,-1.8,-1.5,-6.2,-1.8,-0.6,-2.1,-1.4,-1.8,-0.7,-1.6,-2.4,-1.6,-0.5,-0.1,-2.0,-4.1,3.9,-8.5,-4.3,-5.5,-5.3,-8.4,-5.9,-4.9,-2.0,-1.0,-0.4,-2.5,-1.3,-6.2,-1.1,-1.3,-2.6,1.3,3.1,4.8,7.0,-0.7,-1.1,1.0,2.3,1.7,-0.4,-4.9,-2.1,0.5,-3.0,-0.6,-4.0,-5.0,-9.8,-1.4,-2.0,1.2,-3.5,-2.1,-1.9,-1.2,0.9,-0.5,-1.4,-2.4,-2.1,-3.4,-3.1,-10.7,-5.7,-5.9,-5.8,-6.5,-7.2,-5.1,-3.8,-9.3,-4.0,-8.4,-10.8,-4.4,-7.6,-10.3,-6.5,-8.2,-11.5,-8.1,-5.0,-6.5,-7.0,-7.5,-3.1,-4.6,-10.4,-5.6,-8.4,-6.3,-7.7,-6.4,-5.2,-5.9,-4.7,-6.9,-5.6,-6.6,-6.3,-7.0,-5.6,-5.2,-5.3,-5.3,-3.9,-5.7,-6.3,-4.8,-3.5,-5.7,-6.9,-7.3,-8.2,-6.1,-3.2,-8.1,-7.1,-6.2,-3.8,-8.8,-4.7,-6.1,-4.0,-3.6,-6.0,-5.7,-4.4,-4.5,-8.0,-6.8,-2.1,-9.4,-4.8,-6.0,-9.5,-7.4,-6.1,-7.4,-4.0,-4.7,-2.3,-4.0,-4.0,-7.5,-4.2,-3.8,-6.3,-4.7,-1.0,-7.3,-4.5,-9.7,-1.3,-6.3,-5.6,-2.9,-3.3,-18.9,0.0,-6.2,-13.1,-4.1,-5.9,-4.7,-3.3,-4.4,-4.7,-7.5,-1.1,-11.9,-10.1,-11.2,-8.1,-9.7,-5.8,-14.2,-11.8,0.7,-2.7,-1.4,-6.7,-7.1,-8.2,-3.0,-1.9,-1.9,-0.3,-5.3,-4.7,-4.6
2C7L517sKK,0,48.103441,11.626655,4442196.74,2777987.59,539.9,585.6,254,7324,2.6,0.85,0.31,32.65,348.96,-0.529,-0.103,0.842,-0.7,0.1,0.39,0.2,1.1,0.2,-0.3,-1.2,-0.1,-1.7,-0.4,-1.4,-1.5,0.2,-0.1,1.4,-1.7,2.3,-1.2,-0.7,-0.8,-2.7,-2.4,-4.4,-2.9,-4.0,-3.0,-3.0,-1.5,-2.2,7.7,-1.4,0.9,-0.4,-0.2,-1.7,-4.0,-12.4,-7.2,-8.1,-3.4,-10.0,-5.6,-2.5,-2.8,-3.1,-7.0,-1.5,-0.3,-4.3,-0.8,0.4,-3.2,-2.8,-1.2,-2.2,-4.5,-0.2,-1.5,-3.8,-4.6,-4.9,-4.7,-3.4,-0.9,-5.1,-4.1,-2.8,-5.1,-2.5,-3.1,-4.6,-3.4,-3.4,-5.9,-3.4,-3.4,-3.7,-5.7,-4.1,-3.6,-3.3,-3.8,-3.3,-4.3,-3.3,-4.3,-5.8,-7.1,-3.8,-5.0,-8.4,-5.0,0.2,-5.0,-9.9,-4.3,-6.1,-3.9,-9.5,-6.2,-15.1,-3.6,-5.5,-9.2,-6.7,-6.5,-5.6,-6.0,-5.6,-3.8,-6.7,-1.1,-6.8,-3.8,-4.7,-4.1,-4.5,-1.6,-2.3,-1.1,-3.4,-2.8,-7.1,-3.6,-4.4,-2.7,-4.6,-3.1,-6.9,-3.6,-3.6,-2.4,-3.2,-5.8,-5.5,-5.1,-2.6,0.4,-6.3,-4.1,-4.4,-7.1,-5.7,-11.4,-5.9,-0.9,-4.1,-3.8,-4.3,-3.7,-4.5,-3.9,-4.6,-5.2,-4.4,-4.2,-1.0,-7.2,-4.0,-4.4,-5.4,-3.7,-4.7,-4.9,-5.1,-2.8,-5.0,-3.3,-3.2,-7.9,-9.1,-3.2,-5.2,-7.6,-3.8,-5.0,-5.6,-7.4,-10.5,-6.9,-6.0,-5.6,-0.3,-1.9,-3.8,-6.9,-4.6,-1.7,-4.3,-4.9,-3.9,-3.8,-5.1,1.0,-5.2,-7.2,-8.6,-2.5,-7.8,-8.0,-7.4,-9.5,-5.6,-7.5,-5.3,-7.2,-6.3,-8.0,-22.0,-3.2,-1.3,-4.0,-4.5,-3.3
2C7L517sKL,0,48.103442,11.626658,4442196.96,2777987.64,537.2,583.0,254,7325,1.4,0.94,0.14,32.65,348.96,-0.529,-0.103,0.842,-0.6,0.1,-0.04,0.11,1.2,0.1,-0.3,-1.0,-0.2,-1.3,-0.0,-0.4,-0.6,-0.4,0.1,0.9,0.5,1.5,-0.3,0.8,0.1,-0.7,-0.1,-2.0,-2.1,-2.7,-2.6,-3.0,-0.8,-1.9,-2.8,-1.8,-0.4,-0.6,-0.8,-2.3,-3.8,-10.5,-5.4,-5.0,-4.7,-7.0,-2.6,-1.8,-1.2,-1.1,-1.5,-1.0,-0.1,-2.2,-1.9,-2.6,-3.0,-2.3,-2.1,-2.1,-2.4,-0.3,-1.1,-1.9,-0.8,-1.8,-0.0,-1.6,-0.4,-1.8,-1.4,-1.9,-0.9,-0.2,-0.7,-2.7,-1.8,-1.7,-2.6,-0.6,-1.7,-0.7,-2.2,-1.9,-1.4,-1.1,-2.6,-1.4,-2.5,-0.7,-2.9,-1.7,-3.7,-2.4,-3.8,-2.8,-3.7,-1.5,-7.0,-3.4,-3.8,-4.4,-5.3,-5.0,-2.1,-5.8,-1.1,-3.4,-3.5,-3.7,-3.4,-2.5,-3.0,-2.1,-2.0,-3.7,-2.0,-2.5,-2.1,-2.5,-2.8,-2.0,-2.3,-1.6,-2.9,-2.1,-1.6,-4.4,-2.0,-2.4,-0.7,-1.4,-0.9,-2.5,-3.2,-1.7,-1.5,-1.2,-2.9,-2.8,-4.1,-3.2,-1.0,-3.7,-3.2,-4.3,-4.8,-4.2,-9.7,-1.4,0.7,-3.2,-2.9,-3.9,-2.2,-1.7,-1.4,-0.8,-1.6,-2.1,-1.4,-0.8,-3.1,-2.3,-2.2,-2.4,-2.0,-2.9,-3.1,-2.9,-2.9,-4.6,-3.4,-1.5,-5.7,-5.8,-0.7,-2.4,-5.3,-3.3,-3.7,-4.2,-6.7,-7.1,-4.8,-4.3,-3.1,-2.2,-1.6,-2.8,-3.0,-2.3,-1.9,-3.4,-4.3,-3.4,-3.3,-4.0,-2.6,-4.0,-7.2,-8.2,-5.7,-5.8,-5.7,-6.1,-5.3,-4.9,-5.7,-5.6,-4.9,-4.1,-4.8,-1.6,-3.5,-2.2,-3.9,-4.6,-3.2
2C7L517sLm,0,48.104089,11.631696,4442570.66,2778067.8,535.4,581.1,254,7414,1.7,0.92,0.18,32.67,348.96,-0.53,-0.103,0.842,-0.1,0.1,-0.17,0.13,1.1,0.1,-0.3,-0.4,0.2,0.4,-1.2,0.3,0.8,0.2,0.9,1.4,1.3,1.2,0.8,-0.3,0.3,-0.6,-0.6,-1.8,-2.0,-3.5,-4.0,-2.1,-3.7,-0.5,-1.0,-1.3,-1.2,-0.2,0.7,-0.4,-2.8,-1.7,-6.6,-4.7,-6.1,0.0,-4.0,-1.3,-0.6,-1.5,-0.7,-0.7,0.3,-1.6,-1.4,-1.6,-1.5,-0.9,-0.6,-1.1,0.5,0.1,0.8,0.7,0.8,0.6,0.6,1.5,1.0,0.9,0.2,0.8,1.7,-7.1,-0.7,4.4,1.1,-0.0,-2.3,-0.5,0.3,0.8,0.5,1.1,0.6,-0.4,-0.2,-0.6,-0.9,-1.3,-2.1,-1.0,-1.3,0.0,-1.1,-0.3,-1.8,-1.6,-1.6,-2.8,-2.2,-2.1,-1.6,-1.5,-3.0,-1.4,0.3,0.2,-0.6,0.4,-1.3,-1.1,-1.4,-0.9,-0.1,-0.4,-0.5,-0.5,0.7,0.8,0.1,-0.6,0.3,1.3,0.3,0.2,1.1,-7.1,-0.1,1.3,0.0,-8.5,0.5,0.7,-0.1,0.7,-0.2,1.5,0.1,-0.9,-2.9,-1.5,-0.9,0.9,-0.8,-2.3,-3.0,-2.2,-4.6,-0.0,2.6,0.8,-0.8,-2.2,-1.0,0.4,0.3,-0.2,0.6,0.8,0.0,0.7,0.9,0.3,0.1,0.3,0.0,0.3,0.2,-0.2,-0.8,-2.6,-5.1,-0.8,-3.2,-3.9,-0.9,0.2,-3.3,0.7,-0.8,-0.3,-1.8,-3.2,0.4,-1.3,0.4,-0.6,0.8,-8.1,-0.4,-0.7,-0.4,-0.6,-0.1,-0.3,-1.1,-0.8,-0.7,-1.6,-3.6,-4.1,-2.6,-3.2,-2.5,-1.5,-2.8,-3.1,-3.6,-1.8,-1.9,-1.6,-1.3,-1.2,-0.0,2.2,2.7,0.7,-0.9
2C7L517sLq,0,48.104125,11.631982,4442591.92,2778072.36,537.1,582.8,254,7418,3.3,0.72,0.3,32.67,348.96,-0.53,-0.103,0.842,-0.9,0.2,0.21,0.25,2.6,0.2,-0.3,2.8,-1.5,0.6,-7.7,2.2,4.7,0.2,0.7,-2.7,-3.2,-1.8,2.5,-4.1,-0.5,-3.0,-6.0,-8.1,-7.9,-10.6,-9.3,-5.9,-8.8,-2.8,-8.2,-8.8,-8.4,-3.8,8.6,-0.5,-9.9,-8.1,-13.0,-10.4,-12.3,-4.2,-10.3,-8.4,-5.8,-5.2,-7.6,-4.4,-2.0,-8.5,-7.0,-5.1,-4.7,-3.4,-1.1,-5.0,-0.8,-3.7,-2.7,-3.4,-3.2,-1.8,-4.6,3.6,-1.3,-1.7,-3.8,-7.4,-2.5,-8.8,7.2,-3.1,0.2,-2.8,-7.6,-4.6,-2.5,-2.0,-4.9,-10.8,-3.4,-7.8,-7.2,-6.3,-6.7,-9.9,-9.3,-7.2,-8.1,-5.9,-7.8,-5.6,-8.2,-9.1,-7.3,-9.9,-10.0,-9.3,-7.2,-5.5,-10.2,-6.5,-5.2,-1.8,-7.9,-8.3,-6.6,-6.6,-9.1,-5.5,-4.1,-10.3,-5.7,-5.3,-3.6,-4.8,-5.7,-6.8,-2.9,-5.3,-3.4,-2.3,-3.9,-14.6,-4.2,-3.7,-1.5,-12.9,-6.0,-5.7,-7.0,-8.2,-7.1,-1.8,-7.6,-8.4,-11.1,-8.7,-7.6,-6.6,-8.6,-9.4,-10.4,-8.1,-8.1,-2.6,-1.4,-0.6,-6.5,-5.8,-1.3,-4.6,-4.5,-8.2,-5.1,-6.3,-3.8,-8.6,-3.0,-7.1,-6.5,-6.3,5.1,-6.3,-6.1,-6.0,-10.0,-10.2,-12.4,-8.3,-13.7,-8.7,-3.7,-10.0,-10.3,-8.5,-5.8,-7.4,-11.3,-12.3,-1.6,-2.8,-9.1,-5.5,-4.6,9.6,-5.2,-8.3,-7.2,-9.1,-7.1,-7.3,-12.6,-3.9,-9.5,-11.5,-10.2,-14.5,-7.8,-16.3,-11.6,-8.1,-8.7,-10.6,-14.2,-8.7,-7.0,-8.4,-6.8,-9.8,-7.3,-5.4,-3.2,-7.7,-6.9
2C7L517sMr,0,48.104577,11.635499,4442852.77,2778128.32,535.0,580.6,254,7481,4.1,0.58,0.48,32.69,348.96,-0.53,-0.103,0.842,2.4,0.2,-2.25,0.31,0.7,0.3,-0.3,-0.6,2.3,0.4,1.0,-0.8,-0.6,-0.4,0.5,-0.1,-0.4,0.5,1.7,0.3,-0.5,1.6,2.4,0.5,-2.8,-1.4,-8.7,-3.9,-2.8,-4.4,-1.9,1.4,-3.3,-0.3,-2.2,17.2,12.6,15.5,7.4,8.9,3.9,9.6,3.9,7.4,6.0,9.1,6.0,8.6,6.2,6.8,4.3,4.6,10.3,6.5,4.8,9.4,2.0,7.2,8.1,3.8,3.7,0.7,1.0,2.2,2.1,-0.4,-3.6,-6.2,-1.7,16.7,4.8,11.4,7.1,1.8,-4.0,3.7,4.9,0.6,6.6,3.8,5.6,7.3,4.3,8.5,7.3,4.9,6.0,3.5,11.7,8.9,5.5,7.9,5.9,18.1,5.6,3.0,3.1,1.4,1.1,5.8,-1.0,13.7,8.7,7.0,3.9,6.3,8.5,4.6,7.5,9.8,13.1,9.1,9.2,9.2,8.6,9.3,11.8,11.2,11.9,13.6,15.1,15.3,5.5,12.7,2.7,4.1,1.0,0.2,13.2,10.9,17.4,22.3,13.5,0.5,14.4,11.9,11.6,10.5,13.1,15.9,13.7,14.5,12.4,14.9,12.8,15.2,15.5,9.2,12.5,13.5,13.3,13.3,14.9,17.2,14.6,15.6,15.6,22.2,19.8,16.3,15.6,12.9,12.8,14.9,13.6,14.5,12.6,11.9,7.1,9.7,6.9,7.0,11.5,12.6,10.3,8.0,12.2,12.8,12.6,9.0,10.6,7.6,12.9,12.6,11.1,16.9,10.3,12.2,11.6,10.2,11.0,13.6,11.8,10.6,13.4,10.4,12.3,12.7,11.7,10.4,12.7,11.5,7.5,9.7,9.0,11.2,13.4,10.8,8.9,9.4,11.2,7.6,10.6,10.3,11.8
2C7L517sNG,0,48.10475,11.636849,4442952.97,2778149.82,531.2,576.8,254,7506,3.5,0.75,0.47,32.69,348.96,-0.53,-0.103,0.842,-0.4,0.2,-0.57,0.27,0.8,0.2,-0.3,2.0,3.0,3.1,2.4,1.5,-1.3,-0.3,0.5,-1.1,1.5,1.4,-3.4,-4.6,-5.1,-1.6,0.8,0.5,-0.1,-2.3,-1.4,-3.8,-0.9,2.1,-1.4,-0.7,0.1,-0.3,4.9,-0.7,-0.8,5.8,-4.4,-10.0,0.1,2.6,2.7,5.2,1.6,4.2,1.2,2.0,2.0,2.5,2.6,2.5,3.1,0.6,3.3,2.4,1.2,0.7,0.3,3.2,1.7,1.2,0.9,4.2,3.0,-12.0,-6.0,3.9,-1.4,1.9,-3.8,-10.8,-4.3,0.5,-2.3,0.5,3.7,-2.4,3.6,0.1,4.0,-0.1,-0.2,0.0,2.0,2.3,0.8,0.2,1.1,2.1,4.4,3.6,8.8,4.0,-8.6,-2.3,-4.1,1.6,-6.9,-3.3,-4.7,1.2,-1.0,0.6,1.7,3.8,-0.0,-1.1,-1.1,-0.3,2.3,2.2,0.5,2.0,2.2,0.7,4.2,4.6,3.8,0.3,2.6,5.4,6.4,-11.7,-1.0,10.4,-0.7,1.9,8.3,-2.9,6.2,2.6,4.1,1.5,-1.1,1.2,-0.3,0.5,-2.7,2.0,2.1,-2.1,-3.0,0.3,0.6,1.7,4.1,2.0,-1.0,1.7,-1.0,2.9,1.1,0.5,1.9,0.7,0.6,2.1,4.7,-0.2,4.6,0.7,-1.0,3.3,7.3,1.0,4.4,-2.9,-12.3,-4.8,-3.2,-3.5,-0.2,-1.8,-2.7,-1.9,-3.8,-0.5,-5.0,-6.6,-2.5,-11.8,-2.1,-3.8,1.6,-1.8,5.7,-0.5,1.4,-1.3,0.1,0.7,-1.6,-1.4,-0.9,-2.5,-1.5,-3.5,-3.2,-4.9,-2.4,0.6,-12.8,-1.7,-4.0,-3.9,-1.0,1.7,6.6,0.1,-0.8,-0.7,0.3,-0.2,2.2
2C7L5189Lr,0,48.102796,11.621487,4441813.24,2777907.39,545.2,590.9,255,7231,2.8,0.82,0.42,32.59,348.92,-0.529,-0.103,0.843,-0.8,0.1,0.3,0.21,1.5,0.2,-0.3,-0.1,-0.9,1.1,-0.9,-0.3,-3.9,-1.3,1.2,2.8,-2.9,1.1,-0.7,0.1,-2.5,-0.1,-3.7,1.3,-0.5,-0.4,-0.3,2.9,-1.6,-1.6,-0.7,-1.5,0.6,5.3,1.9,3.1,-2.2,8.3,-3.5,-2.0,-4.4,3.2,-4.0,1.2,3.4,2.5,-3.1,1.1,0.7,-0.1,-3.7,0.3,-0.6,-4.0,2.9,-0.8,1.6,1.2,-1.2,-0.7,0.5,-0.1,-2.3,-1.7,-3.0,-2.2,-2.1,-2.4,-3.1,-3.7,-1.8,3.1,-3.1,-2.5,-5.3,-4.7,-0.9,-4.4,-3.3,-1.0,-3.6,-5.0,-2.4,-6.5,-4.3,-4.1,-1.4,-3.4,-2.2,-2.2,-1.9,-1.1,-2.5,-3.9,-5.0,-2.1,-5.9,-1.5,-1.8,-2.2,-4.7,-1.2,3.1,-0.5,-1.1,0.3,0.8,0.1,-1.2,-0.2,-2.0,-2.0,1.2,-1.0,0.3,-1.4,2.5,-1.3,0.3,0.3,-0.2,0.9,-0.3,-2.3,-3.2,-2.0,-3.6,-4.5,-1.5,-2.0,-3.0,-3.5,-5.0,-0.7,-2.5,-2.5,-0.6,-3.3,-3.5,3.3,-2.8,-3.9,-3.0,-3.1,-1.2,4.8,-3.3,2.3,-1.9,-2.7,-3.7,-0.2,-5.3,-4.8,-3.0,-5.3,-6.0,-5.6,-6.4,-6.6,-6.6,-5.4,-9.6,-8.9,-3.1,-0.4,2.6,-2.5,-3.8,0.5,-4.1,13.1,6.7,3.1,-6.3,3.9,0.8,-4.7,-6.4,-7.4,-5.4,-4.7,-3.6,-5.4,-4.0,-2.8,-6.3,-6.9,-6.0,-5.2,-2.9,-3.5,-11.8,0.3,3.9,1.9,-3.1,-6.4,-1.2,-7.0,-1.7,-5.4,-2.4,-6.2,-5.7,-3.3,-3.2,0.3,-3.8,-5.7,-4.1,-5.4,-6.8,-2.9,1.1
2C7L5189Lx,0,48.102818,11.62166,4441826.1,2777910.16,539.5,585.2,255,7237,2.4,0.85,0.39,32.59,348.92,-0.529,-0.104,0.843,-1.0,0.1,-0.39,0.18,1.0,0.2,-0.3,-2.0,1.2,2.3,2.1,3.7,2.5,5.9,-2.6,2.1,0.3,-1.3,-1.1,-1.9,-2.6,-1.7,-1.1,2.6,-3.2,-0.4,-1.0,-2.4,-1.5,-0.2,0.4,0.8,-1.8,-1.1,-1.4,-1.7,-4.9,-8.5,-6.3,-6.9,-8.3,-4.5,-4.8,-2.8,-3.8,-0.7,0.1,-1.5,-1.0,3.7,-3.7,-4.5,-6.3,-2.9,-1.7,-4.2,-3.9,-2.0,-1.2,-2.0,4.3,2.7,4.3,2.8,2.5,-3.1,3.6,-1.1,-3.4,3.5,0.2,-0.8,-0.4,0.1,-5.2,-3.9,-3.2,-3.0,-2.0,-1.5,-3.6,-2.5,-0.8,-0.7,-1.4,-2.2,-1.8,-3.0,-1.5,-0.4,-3.5,-2.5,-0.2,-1.0,-5.0,2.0,-2.0,-2.2,-2.8,-3.3,-0.7,-2.9,-1.9,-1.9,-1.2,-0.9,1.4,-1.0,-0.7,-3.0,-1.4,-1.5,-2.6,-3.1,-0.3,0.3,-1.6,-0.6,-0.1,-3.5,-0.5,-0.5,4.5,-4.3,-0.8,1.1,-4.4,5.1,-2.3,-4.4,-3.4,-3.0,-0.8,0.0,-2.3,0.4,-2.3,-1.2,-0.6,-1.4,-2.7,4.2,-2.1,-3.0,-3.7,0.8,-3.9,-2.6,-3.2,-3.0,-0.5,-0.9,-2.0,-2.8,-0.4,-1.0,-4.3,-2.8,-3.9,-6.9,-5.0,-3.3,-4.5,-8.0,-5.0,-2.3,-5.8,-5.1,-3.6,-4.6,-6.1,-6.3,-5.6,-3.5,-5.3,0.3,-3.7,-3.9,-3.8,-6.5,-6.2,-5.5,-8.3,-3.6,-0.1,-0.6,-1.3,-2.7,-7.8,-8.0,-2.8,-3.2,-4.5,-7.9,-1.2,-5.7,-4.8,-8.8,-6.8,-0.7,-6.9,-5.0,-5.1,-4.1,-6.4,-6.4,-7.6,-6.6,-8.3,-5.6,-6.2,-0.5,-5.1,-2.4,-5.4
2C7L5189M2,0,48.102841,11.62184,4441839.48,2777913.04,533.2,578.9,255,7242,4.3,0.64,0.48,32.6,348.92,-0.529,-0.104,0.842,-0.9,0.2,-0.91,0.33,0.6,0.3,-0.3,0.3,-0.1,0.6,0.7,0.0,-6.6,-4.7,-5.6,-9.5,-4.3,-2.3,-4.4,1.0,3.1,2.1,0.8,2.0,1.8,1.6,2.0,-1.3,2.2,-0.1,2.2,1.2,4.6,5.1,-1.8,-4.0,-6.3,7.6,-9.7,-2.8,-1.8,-3.3,-2.0,-2.7,-0.9,12.4,6.7,4.7,6.2,2.5,0.7,-8.3,6.2,4.2,6.7,6.1,6.3,4.2,0.5,5.1,3.9,-1.8,-2.9,15.1,-7.9,-8.5,9.3,-11.1,-6.5,-2.2,-8.0,2.0,-4.7,-6.0,-5.3,-5.1,-4.4,-2.0,-2.3,-2.5,-5.2,-2.3,-0.9,1.1,-2.0,0.3,-1.0,-0.3,-0.3,1.4,-3.7,-1.4,-2.3,-0.8,-4.2,-0.3,-6.3,-3.4,-1.0,-4.6,-1.9,-0.6,11.7,1.2,0.1,-0.9,-1.1,0.6,-0.7,-3.8,-2.3,-8.2,-2.2,-6.2,-4.7,0.7,-0.8,-1.5,0.5,-0.1,0.7,0.5,1.3,-5.0,-0.4,-0.9,1.2,-4.7,4.3,4.1,2.8,-0.1,-1.0,-0.3,6.4,2.7,-2.5,3.8,1.7,2.2,-0.5,-4.3,-3.4,0.8,1.8,3.7,0.2,0.6,3.2,5.2,4.5,2.8,3.0,2.6,2.8,5.4,3.5,1.7,1.7,2.9,1.8,0.4,-1.2,8.5,-2.2,-0.7,-5.7,-4.0,-13.4,-4.1,-3.7,0.4,-4.4,-3.3,-8.1,-2.8,-3.4,-3.7,-5.7,-7.1,-5.1,-6.1,-3.0,-6.1,-1.3,-5.7,-2.2,-2.7,-3.1,-4.5,-3.5,-4.3,-2.4,-1.4,-0.8,0.4,-1.9,-5.2,-9.6,-14.2,-11.7,-4.9,-2.2,-9.7,11.1,-6.3,-7.5,-5.0,-6.2,-3.3,-1.5,-7.5,-4.9,-2.9,-4.2
2C7L5189Mu,0,48.103245,11.624985,4442072.76,2777963.07,536.2,581.9,255,7296,3.3,0.76,0.45,32.64,348.96,-0.529,-0.103,0.842,-2.5,0.2,-0.27,0.26,1.0,0.2,-0.3,2.2,-4.8,4.4,0.1,-0.1,-1.1,6.0,3.1,1.5,-3.0,3.1,-4.0,8.5,1.8,7.4,1.9,7.9,7.9,3.5,9.7,-2.7,-6.0,-3.8,4.6,-4.9,-2.0,6.5,-2.0,1.0,-15.1,-5.2,-5.9,-15.1,-8.2,-4.1,-2.8,-2.7,-5.0,-1.0,-1.4,1.8,1.9,1.4,-4.0,4.2,2.1,-0.3,0.5,0.0,0.1,-3.5,0.7,-0.2,0.1,1.1,3.5,4.5,1.0,0.7,-0.6,-1.0,0.9,-6.8,0.3,0.2,1.5,0.0,-3.2,0.6,-1.0,2.2,-1.3,-3.7,1.0,1.6,1.3,-1.6,0.3,0.2,-1.9,-3.2,-1.7,-2.9,-0.9,-0.8,-3.9,-3.5,-4.6,-3.0,3.1,-1.4,-3.2,1.8,1.1,-3.7,4.9,2.8,-3.8,-3.5,0.8,2.9,-4.5,-0.8,-6.2,-6.8,-0.3,1.8,2.9,-0.1,1.1,-3.4,-7.5,-2.3,-0.7,0.8,-1.2,-7.6,-1.9,-0.9,1.5,-2.5,-0.3,-7.3,-2.0,-1.3,-0.3,-1.4,-3.2,-3.9,-1.6,-1.5,1.4,-2.3,2.7,-3.0,-6.4,-6.0,-5.5,-3.2,2.7,-1.9,-1.5,-8.6,-6.9,-6.2,-6.1,-6.6,-8.5,-5.4,-3.7,-8.5,-9.4,-6.4,-8.0,-7.5,-9.6,-10.9,-10.2,-8.2,-7.8,-11.5,-9.1,-7.8,-12.0,-11.1,-8.4,-9.1,-12.5,-9.3,-9.4,-9.6,-12.4,-14.9,-10.2,-10.4,-7.1,-8.6,-8.1,-12.4,-7.0,-8.1,-10.1,-10.2,-8.9,-8.4,-8.5,-7.7,-7.1,-8.8,-9.7,-9.1,-10.4,-8.1,-9.7,-9.2,-9.4,-11.4,-10.5,-11.9,-10.0,-9.8,-9.2,-9.7,-6.6,-6.5,-6.8,-7.9,-7.0
2C7L5189Nx,0,48.103708,11.628588,4442340.11,2778020.43,532.0,577.7,255,7361,3.7,0.7,0.47,32.65,348.96,-0.53,-0.103,0.842,-1.0,0.2,-0.22,0.29,2.0,0.2,-0.3,-2.1,-1.4,1.4,-3.0,0.9,-5.2,4.3,0.8,4.9,7.1,3.4,-3.6,0.4,1.3,3.2,4.2,5.2,4.2,5.1,3.3,4.8,3.2,0.2,3.1,3.1,6.3,2.6,-2.7,-3.9,0.2,0.5,-1.9,-3.3,-0.8,0.5,1.9,2.1,3.6,1.6,2.0,-3.6,-2.1,4.7,-0.8,-3.3,2.5,-1.4,2.7,-4.4,2.1,-10.0,-1.4,-1.6,1.6,3.8,-6.0,4.6,14.3,-6.9,16.1,5.5,15.3,1.3,6.5,-7.9,-5.6,11.5,6.4,4.2,7.2,4.9,1.7,7.7,5.5,5.8,4.8,5.4,5.3,2.9,3.3,3.2,5.2,3.3,-0.6,0.6,0.5,1.7,0.1,2.5,-2.6,-0.5,-7.3,-1.8,2.8,-1.7,-1.6,-1.1,1.4,-0.4,0.3,-1.6,2.5,-1.6,2.2,1.4,-0.3,-0.8,-4.0,-1.4,1.5,-1.7,-3.2,-4.9,-1.7,-4.8,-6.1,4.5,-6.1,15.2,0.2,-8.9,1.2,2.5,-0.5,1.2,-5.8,2.4,1.5,2.2,-0.6,-2.7,0.3,3.4,-1.4,-2.1,-1.2,-0.2,-5.9,2.9,-0.4,-5.2,-5.3,-2.2,0.4,-3.5,-2.6,-1.4,-5.6,-2.6,1.5,-0.4,-2.9,1.9,0.0,0.3,1.1,0.4,-0.5,-1.3,0.4,-0.2,-1.8,3.0,-5.0,-3.1,-8.2,-2.7,-2.5,-5.3,-2.8,1.8,-1.1,-3.4,-4.5,-8.0,-6.7,-4.8,-5.6,-1.8,-7.2,0.3,-4.4,-2.5,0.1,-0.8,-1.2,0.9,1.5,-1.2,-0.8,-5.1,6.2,0.2,-2.0,-3.8,-3.5,0.6,-0.1,-11.3,1.1,-4.9,-10.1,-3.3,-0.8,-4.4,-5.5,-2.5,-4.0
2C7L5189Oi,0,48.104061,11.631337,4442544.04,2778064.17,534.0,579.7,255,7408,2.2,0.83,0.26,32.67,348.96,-0.53,-0.103,0.842,0.0,0.1,-0.54,0.17,2.5,0.1,-0.3,0.1,1.0,0.6,-3.1,0.3,1.2,1.4,0.7,1.4,1.8,1.3,1.4,-0.1,0.2,-1.0,-1.1,-3.6,-3.4,-4.0,-3.4,-2.5,-3.6,-1.6,-1.5,-2.8,-2.2,-1.4,-0.3,-2.6,-4.4,-1.9,-7.9,-7.1,-7.5,-2.2,-5.3,-3.1,-1.6,-3.4,-2.7,-2.7,-0.7,-2.2,-4.4,-3.6,-2.9,-1.2,-0.4,-2.0,0.3,1.3,0.6,1.2,0.8,-0.6,0.4,2.5,-0.4,1.7,3.4,2.7,2.3,-8.0,10.2,8.4,1.2,0.5,-4.9,0.8,0.9,2.5,2.2,2.8,-0.0,-0.5,-0.6,-0.4,-1.0,-0.7,-2.4,-2.1,-1.8,-1.9,-2.7,-1.7,-1.6,-3.4,-1.6,-3.1,-3.7,-3.0,-1.7,-2.1,-4.3,-2.8,-0.3,0.2,-1.9,-1.8,-1.3,-2.3,-4.8,-3.2,-1.6,1.1,0.3,-1.8,-0.2,0.5,0.6,0.2,1.4,2.8,0.9,0.8,2.2,5.5,1.7,2.7,1.5,15.4,1.4,1.4,-0.9,0.4,-0.4,2.9,-0.7,-1.2,-3.1,-2.3,-1.1,0.7,-1.3,-3.5,-3.8,-2.6,-4.3,0.8,4.5,-0.1,1.9,1.5,1.3,2.2,1.5,-3.7,1.3,1.8,0.7,3.3,-0.2,1.4,1.0,0.7,2.3,0.3,0.3,-0.1,-1.3,-3.2,-5.5,0.6,-4.0,-3.8,0.0,0.8,-3.8,0.0,-0.8,-1.4,-3.4,-2.5,1.6,-0.8,1.8,-0.5,-0.4,-8.2,-0.5,-0.0,-1.8,-0.7,-0.5,-0.8,-2.6,-0.3,-2.6,-4.7,-3.8,-5.0,-3.1,-2.7,-3.3,-4.8,-2.7,-3.8,-3.3,-2.3,-1.8,-2.2,-2.5,-0.4,2.5,3.9,6.0,2.3,3.9
2C7L5189Oj,0,48.104073,11.631426,4442550.62,2778065.57,535.5,581.2,255,7409,1.9,0.92,0.24,32.67,348.96,-0.53,-0.103,0.842,-0.2,0.1,-0.11,0.15,0.7,0.1,-0.3,0.2,0.6,0.2,-2.1,0.2,1.0,0.9,0.8,1.1,1.8,1.2,1.3,0.4,0.8,0.3,-0.3,-1.8,-1.8,-2.7,-2.7,-1.4,-2.2,-0.6,0.0,-1.0,-0.3,0.4,0.8,-0.7,-2.5,-1.2,-5.8,-4.0,-5.3,-0.6,-3.2,-0.6,0.1,-0.9,-1.2,-1.0,-0.2,-1.1,-1.0,-1.8,-1.1,-1.7,-0.6,-1.0,0.9,1.0,1.1,0.9,0.9,0.1,0.3,2.2,0.7,0.8,0.9,0.8,2.6,-6.4,7.0,-8.0,1.7,0.8,-2.8,-0.0,0.9,1.0,0.6,0.9,0.3,0.4,0.5,0.1,-0.1,-0.2,-1.1,-0.1,-0.8,0.1,-0.7,-0.1,-1.2,-1.4,-0.3,-2.6,-1.9,-1.7,-1.0,-1.3,-1.9,-0.8,1.2,0.3,-0.2,0.2,-1.8,-1.2,-0.9,-0.5,0.1,0.1,-0.5,-0.7,0.4,0.9,-1.0,-1.0,0.4,1.0,-0.7,0.7,1.7,-12.1,-0.6,0.9,0.4,-10.1,0.0,0.2,-0.4,1.6,0.3,1.4,0.2,-0.3,-2.4,-0.6,-0.2,-0.3,-0.5,-1.2,-2.2,-1.6,-4.7,-0.0,2.4,0.7,-1.9,-2.1,-1.1,0.0,0.6,-1.9,-0.3,0.1,0.2,0.2,-0.4,0.4,0.2,0.2,0.9,-0.4,0.1,-0.2,-0.2,-2.2,-4.1,0.2,-2.8,-2.9,-0.4,-0.1,-2.8,1.9,-1.0,-0.6,-1.2,-3.0,-0.4,-1.4,0.8,-1.7,0.1,-8.1,-0.6,-0.7,-0.8,-0.5,-0.7,-0.6,-0.9,-2.0,-1.0,-2.1,-3.8,-3.8,-1.9,-2.4,-2.1,-1.5,-3.1,-3.4,-3.1,-2.3,-1.9,-1.3,-1.5,-1.5,-0.7,1.7,0.8,0.8,-0.0
2C7L5189Ol,0,48.104085,11.631524,4442557.84,2778067.13,534.7,580.4,255,7411,1.7,0.93,0.26,32.67,348.96,-0.53,-0.103,0.842,-0.3,0.1,-0.21,0.13,0.8,0.1,-0.3,0.3,0.6,0.7,-1.2,-0.7,0.1,1.5,-0.5,-0.5,1.7,-0.4,-0.1,-1.2,-1.5,-0.4,-0.4,-1.1,-1.3,-1.9,-2.8,-2.5,-3.9,-1.6,-1.7,-1.7,-2.0,-1.1,0.6,-1.8,-3.6,-2.7,-6.3,-4.2,-5.7,-1.3,-4.1,-0.6,-0.5,-1.1,-0.4,-1.4,-0.2,-1.6,-1.7,-1.7,-1.2,-1.7,-1.6,-1.4,-0.3,-0.4,-0.4,-0.0,-0.6,-0.3,-0.3,1.4,-0.3,-0.2,-0.3,0.5,1.7,-6.9,3.0,-8.2,1.2,-0.7,-2.2,-1.1,-0.6,0.2,0.1,-0.4,0.0,-1.6,-1.0,-1.4,-1.9,-2.0,-2.5,-1.7,-2.0,-0.9,-1.6,-1.0,-2.1,-2.6,-1.0,-1.8,-2.4,-2.6,-2.4,-2.4,-2.9,-1.2,-0.3,-0.4,-1.3,0.1,-2.4,-2.2,-2.1,-0.6,-0.3,-0.8,-1.0,-1.1,-0.6,-0.0,-1.5,-1.4,-0.8,-0.3,-0.8,-0.7,-0.4,-5.7,-1.3,0.2,-1.3,-9.8,-0.7,-0.4,-1.4,-1.0,-1.3,0.4,-0.8,-1.3,-3.5,-2.7,-1.7,0.6,-1.8,-2.4,-5.0,-2.4,-4.8,0.3,2.7,1.0,-2.1,-1.2,-1.4,-0.7,-0.7,0.3,-0.2,0.3,-0.5,-0.6,1.7,-0.4,-1.1,-1.3,-0.5,-0.5,-0.9,-1.0,-2.2,-2.2,-3.2,-1.8,-3.4,-3.8,-1.1,-0.4,-4.8,0.2,-1.5,-0.8,-4.0,-2.4,0.9,-0.7,0.9,-1.0,0.0,-9.8,-0.5,-0.8,-1.2,-1.3,-0.6,-0.9,-2.6,-1.6,-3.0,-3.3,-3.8,-5.1,-2.9,-2.8,-2.2,-2.0,-4.6,-5.1,-4.3,-3.0,-2.6,-4.0,-2.5,-3.0,-2.4,1.2,-0.8,-3.3,-2.0
2C7L5189Om,0,48.104094,11.631596,4442563.2,2778068.27,535.5,581.1,255,7412,1.6,0.94,0.24,32.67,348.96,-0.53,-0.103,0.842,-0.1,0.1,-0.21,0.12,0.5,0.1,-0.3,0.4,0.9,0.9,-0.5,-0.2,1.2,0.8,0.3,-0.0,2.3,0.5,0.6,-0.3,-0.5,0.2,0.5,-0.2,-0.2,-1.4,-2.8,-2.2,-3.5,-1.1,-0.9,-0.2,-1.0,-1.0,2.1,-0.9,-2.1,-1.0,-4.8,-3.0,-4.3,0.3,-2.9,0.9,1.2,-0.1,0.2,-0.4,0.5,-1.2,-0.3,-1.4,-1.2,-0.6,-0.3,-1.0,0.1,-0.5,-0.1,0.6,-0.4,0.4,0.9,1.2,0.6,0.7,0.3,0.9,1.3,-6.8,1.4,-5.3,0.9,-0.4,-2.4,-0.5,-0.2,0.3,0.4,0.4,0.4,0.0,0.9,0.1,-0.6,0.1,0.3,-0.4,-0.8,0.3,-0.3,0.2,0.5,-0.2,0.8,-0.7,-0.6,-0.7,-1.0,-1.2,-0.7,1.1,1.0,1.0,0.5,1.7,-1.3,-1.7,-0.8,0.4,0.1,0.3,-0.2,-0.0,-0.2,0.8,0.5,0.0,0.4,1.7,0.0,-0.0,0.7,-2.6,-0.1,1.1,0.7,-6.3,0.7,0.6,-0.3,-0.8,0.5,1.4,0.3,0.1,-1.7,-1.4,-0.2,1.5,-0.2,-1.3,-3.1,-1.3,-3.5,1.2,3.9,0.8,-0.4,-0.4,-0.6,0.4,0.5,-0.1,0.8,1.2,0.1,0.4,1.2,0.2,-0.0,-0.3,0.8,1.0,0.1,0.1,-1.1,-0.9,-3.6,-0.7,-2.2,-3.4,0.5,0.8,-2.4,1.5,-0.6,0.0,-1.7,-2.2,1.4,-0.1,2.0,-0.5,1.0,-8.8,0.2,-0.5,0.1,-0.2,1.2,-0.4,-0.5,-1.0,-0.1,-1.6,-3.1,-3.8,-1.5,-1.4,-0.9,-0.5,-2.3,-2.0,-2.1,-1.1,-1.6,-3.5,-0.9,-1.9,-1.8,3.2,4.3,-0.1,-1.1
2C7L5189Px,0,48.104634,11.635802,4442875.25,2778135.2,538.6,584.3,255,7485,4.1,0.68,0.5,32.69,348.96,-0.53,-0.103,0.842,-0.9,0.2,0.37,0.31,0.5,0.3,-0.3,1.6,5.7,-14.5,3.4,3.8,-14.3,3.0,-0.7,2.3,-14.8,7.4,7.8,1.0,2.7,-1.4,-1.4,1.5,-2.0,-3.7,-0.9,-10.7,-4.3,-12.7,0.3,-3.2,-2.9,-1.9,5.6,3.7,-6.7,6.4,-3.6,-1.6,-3.6,-0.8,-2.0,-0.2,1.6,1.8,1.3,2.7,5.2,1.3,4.4,-1.2,-1.6,0.9,5.3,-4.7,-3.3,-0.2,0.3,-1.2,-2.6,-3.4,-3.6,-4.6,-3.7,-1.8,-1.5,0.2,5.9,0.8,-0.6,-2.4,7.2,2.4,1.7,-2.5,0.5,3.9,-2.8,-2.1,-1.9,-1.3,-0.2,-1.8,-1.9,-5.9,-1.5,-4.8,-1.6,-3.6,-1.4,-2.7,-2.6,-3.8,-1.3,-4.6,-4.9,-5.5,-3.4,-6.9,-7.1,-5.6,-3.1,2.3,-3.6,-0.3,-4.7,-2.5,-3.9,-0.2,-5.7,-2.8,-1.0,-1.7,-6.9,-3.5,-6.6,-3.1,-2.2,-1.9,-2.3,-5.4,-2.5,-4.5,-6.1,-5.7,-11.2,-12.1,-6.9,-7.6,-2.0,-1.1,2.2,-0.9,-1.1,-3.4,-6.0,-5.7,-1.9,4.8,-3.8,-8.9,-2.1,-2.1,-5.0,-3.2,2.9,-9.7,-5.1,-6.0,-2.6,-2.8,-3.0,-0.1,-3.1,-2.6,-0.4,4.1,-0.5,-1.7,-2.0,-2.6,-2.8,-4.1,-4.2,-3.2,-7.6,-4.2,-11.0,-2.0,-4.7,-7.5,1.1,0.0,0.5,-3.7,-5.3,-11.1,-4.3,-4.7,-2.0,-1.5,-2.1,-2.8,-7.6,-3.6,-5.2,-5.9,-5.2,-9.7,-6.0,-5.9,-1.5,0.4,2.1,-5.7,-8.9,-2.8,-4.4,-13.2,-16.6,-13.9,1.5,1.8,2.9,-1.5,-1.3,-10.6,-9.2,-7.9,-5.8,4.7,-5.9,0.3,-0.6
2C7L5189Ly,0,48.102832,11.621621,4441823.14,2777911.6,534.2,579.9,255,7238,4.0,0.65,0.51,32.59,348.92,-0.529,-0.104,0.843,0.4,0.2,-1.75,0.31,1.1,0.3,-0.3,1.2,-4.0,-1.2,0.5,2.4,-12.4,3.9,2.6,-0.3,-0.9,0.6,2.3,1.5,-0.9,0.8,4.8,1.5,8.9,3.4,3.5,5.9,8.0,5.5,8.6,6.2,7.8,7.0,7.4,6.8,6.2,-11.4,2.0,-0.1,-0.1,4.0,4.1,1.8,5.1,6.4,0.3,-1.1,10.2,4.4,-0.4,7.3,-5.6,1.6,5.6,-2.2,6.3,4.5,1.0,2.7,-2.3,-1.4,1.8,-0.5,0.0,-1.0,3.8,0.7,2.4,6.6,2.8,5.9,-1.1,3.4,3.0,5.9,6.4,5.3,7.4,8.3,2.2,4.5,4.1,7.0,4.7,2.6,5.7,6.3,8.2,4.9,-0.1,4.7,3.6,14.7,-0.2,7.3,-0.9,4.9,7.6,0.5,1.8,4.4,6.1,5.6,5.2,7.5,4.8,2.9,5.7,3.4,3.8,1.8,4.1,5.6,2.5,4.6,4.2,4.6,5.2,3.9,6.3,5.8,5.2,4.6,6.8,6.2,5.3,5.5,6.9,8.1,7.6,4.9,3.6,8.7,9.1,8.4,8.4,6.7,15.7,9.5,2.5,3.5,5.5,-0.0,4.4,3.8,11.2,5.8,9.2,8.0,11.7,5.1,3.9,10.3,11.8,9.5,14.0,-10.7,-4.3,11.7,-10.7,2.3,13.9,3.8,4.3,4.1,4.7,15.0,13.8,10.9,8.0,-2.5,11.9,11.5,5.5,10.0,3.2,7.9,0.3,2.9,5.6,6.7,4.0,7.0,7.3,1.3,5.8,-1.1,-4.1,0.7,4.8,2.3,9.0,11.7,11.2,2.9,2.2,-2.4,2.9,-1.4,-3.4,-0.8,1.5,2.1,2.1,1.4,0.0,1.0,1.2,2.3,2.3,4.0,3.2,0.9,0.3
2C7L5189O7,0,48.10384,11.629469,4442405.41,2778036.47,545.5,591.2,255,7371,2.3,0.88,0.35,32.66,348.96,-0.53,-0.103,0.842,-0.4,0.1,-0.34,0.18,1.0,0.2,-0.3,0.6,1.4,0.3,1.1,-0.3,1.3,0.3,2.8,1.3,-5.0,-1.5,-1.6,-0.5,0.8,0.6,0.4,-3.4,-2.1,-3.1,-2.0,-2.2,-2.7,-1.5,-0.1,-1.5,0.6,-2.1,0.6,-2.1,-3.9,-2.8,-8.1,-6.4,-7.7,-3.3,-0.6,-1.9,0.6,-1.7,-0.6,-0.1,0.4,-1.9,0.5,0.3,-2.1,-2.0,-0.2,3.3,2.5,4.8,0.8,1.2,-0.4,0.5,3.6,2.1,1.3,-0.7,-6.1,2.7,-3.2,-16.9,-3.0,0.5,-1.4,-3.8,-2.2,-3.4,-3.7,-3.0,-4.6,1.6,-3.6,-3.0,-3.7,-2.1,-2.2,-2.7,-4.6,-1.8,-4.0,-0.9,-4.4,-1.0,-1.1,-0.3,-1.6,-0.8,-3.2,-1.6,-2.1,-1.9,1.9,-0.2,0.7,2.3,0.4,0.8,-1.8,1.6,0.3,-0.0,0.6,0.1,1.3,-1.2,-0.3,0.6,-0.1,-0.3,-1.2,-0.5,0.5,0.5,0.7,0.7,0.5,-0.3,0.5,2.8,1.8,1.0,-0.2,1.2,-1.1,1.0,-1.2,0.6,-2.0,-2.5,-1.0,1.4,-2.2,-3.2,-2.4,-1.5,-6.4,-2.8,1.0,-1.6,-1.1,-0.1,-3.3,-1.5,-1.2,-5.4,-1.2,-1.8,2.0,1.4,-0.3,-1.6,-0.4,-1.0,-1.5,1.5,-0.8,-5.7,-2.9,-2.7,-3.6,-0.6,-2.2,-1.2,2.9,-0.5,-1.2,0.3,-0.8,-2.5,-2.6,-4.4,-1.0,-0.9,-4.3,-0.7,-0.4,-9.9,-1.2,-0.5,-0.1,-0.5,-0.8,-1.2,-2.5,-2.2,-3.9,-4.7,-5.0,-5.4,-3.7,-3.7,-4.1,-2.7,-4.8,-3.7,-3.5,-2.7,-1.8,-3.4,-0.3,-1.5,-1.0,-1.9,-0.3,-3.2,-3.6
2C7L5189OB,0,48.103875,11.629742,4442425.64,2778040.81,547.7,593.4,255,7375,4.0,0.68,0.45,32.66,348.96,-0.53,-0.103,0.842,-0.8,0.2,0.23,0.31,1.4,0.3,-0.3,0.8,1.2,-0.5,9.1,0.0,-3.3,2.7,2.3,1.1,-0.5,2.2,-2.4,1.0,-0.0,4.8,9.2,-3.6,-4.0,-6.8,5.2,-8.7,-6.3,0.9,-3.8,-3.7,1.7,2.4,5.2,0.8,-3.8,-2.7,-8.7,-9.4,-8.6,-4.7,-10.0,-3.8,-3.5,3.6,-4.6,-3.1,-1.1,-1.0,-3.1,-0.7,-3.0,-7.8,-0.5,-2.9,-2.6,5.0,-0.0,1.0,2.2,0.5,1.7,-0.7,2.3,-0.8,-5.3,-3.4,-0.4,-8.3,-0.4,-4.0,-1.4,-1.1,-5.8,2.9,4.5,-0.4,3.0,1.0,1.7,1.7,-2.4,-0.1,0.6,-4.3,-5.6,-15.3,7.1,-0.8,0.1,6.5,-4.9,-1.6,-3.0,0.2,-2.1,1.9,0.7,-5.9,-1.6,0.9,-1.4,-5.7,-4.8,-0.1,-0.1,-1.3,-5.0,2.7,2.4,2.2,4.0,-0.3,4.3,4.0,0.6,2.9,3.8,-1.2,1.1,-0.7,-1.3,-1.7,-1.9,-2.1,-0.4,-0.5,0.1,-4.2,-5.4,-6.2,-3.7,0.0,5.0,-11.5,-3.1,0.6,-0.6,0.5,-4.6,-4.9,-3.4,-6.2,-10.5,-2.5,-6.5,-4.8,-4.5,-5.3,-9.1,-2.8,-1.3,-0.6,-2.2,-6.1,-8.8,-2.6,-2.5,-5.4,-4.6,-5.5,-4.2,-3.5,-4.9,-6.1,-4.2,-6.5,-3.9,-2.1,-10.5,-12.4,0.2,-7.1,-4.9,-1.1,-4.0,-3.9,-4.5,-4.6,-6.7,-2.1,-6.6,1.2,-1.1,3.8,-4.3,-5.8,0.0,-2.0,-2.2,-1.8,-1.3,-6.9,1.3,4.6,-18.6,-21.4,5.3,-3.1,-6.6,-2.7,-7.8,-5.0,-5.5,-6.6,-1.0,-2.3,0.1,-2.2,-0.7,-1.9,1.7,-1.1,-4.7
2C7L5189Oe,0,48.104044,11.63106,4442523.43,2778061.82,533.4,579.0,255,7404,3.5,0.77,0.5,32.67,348.96,-0.53,-0.103,0.842,-0.8,0.2,-0.51,0.27,0.3,0.2,-0.3,1.7,2.9,3.2,-0.3,2.7,0.6,-0.3,2.1,2.5,0.1,2.3,2.2,2.9,2.1,2.2,1.0,0.2,-0.9,-1.6,-2.4,-0.9,-1.8,-1.6,1.7,3.3,0.9,0.1,0.1,-0.5,0.4,-1.7,-3.2,0.0,1.3,2.4,2.5,6.3,2.5,3.0,0.1,1.9,-0.3,1.7,1.9,-0.3,1.6,-0.5,-2.7,-8.2,1.5,3.0,4.5,5.5,4.9,3.5,2.8,1.9,2.1,2.5,3.5,0.2,1.0,-12.3,6.3,9.8,2.1,1.7,-1.9,2.7,2.3,-0.9,0.4,0.7,2.9,4.5,2.9,3.4,4.0,4.0,4.1,4.3,5.7,-1.3,1.5,10.2,5.6,-13.6,7.9,2.1,2.7,4.9,4.5,-0.3,11.1,9.6,-4.0,-2.6,6.1,5.2,2.0,2.2,3.7,-11.6,-2.7,0.2,4.1,4.5,2.4,6.9,2.6,2.5,1.0,1.1,0.5,-0.5,1.1,3.4,-0.8,3.1,-0.5,-13.0,-2.0,0.6,2.0,1.2,2.2,2.2,3.4,2.2,1.6,0.6,2.1,3.1,2.6,-3.0,1.5,-0.5,-5.0,-1.3,1.5,-2.8,-1.3,-0.3,0.5,1.1,0.3,-1.5,-0.6,-0.5,0.8,0.1,-1.1,-2.0,-1.0,-1.1,0.9,1.8,0.8,-5.6,-2.7,-0.5,-4.8,1.1,1.4,-0.3,-2.8,-2.1,0.2,2.2,2.8,-0.7,-2.2,-4.7,-2.1,-1.7,-0.6,0.3,-0.9,-7.8,-1.1,-0.8,-2.5,-2.4,-2.0,-5.8,0.3,-1.7,8.7,-10.2,-2.8,-3.4,0.9,-1.5,-2.4,5.0,-7.2,-3.9,-2.1,4.6,4.7,-10.2,-1.2,1.0,-2.0,-1.0,-6.5,-3.4,-1.8
2C7L5189Of,0,48.104057,11.631159,4442530.72,2778063.38,535.4,581.1,255,7405,2.1,0.91,0.33,32.67,348.96,-0.53,-0.103,0.842,-0.1,0.1,-0.17,0.16,0.6,0.1,-0.3,0.6,1.4,-0.1,-1.0,0.6,0.4,0.0,0.3,0.8,0.7,1.3,1.1,0.2,-0.7,1.3,0.2,1.0,0.6,-0.5,-1.4,-2.0,-2.1,-1.0,-0.2,0.8,-0.9,-1.2,0.8,-2.2,-3.8,-1.9,-4.8,-3.8,-5.1,0.3,-3.0,0.7,0.4,-0.6,0.5,-1.1,0.6,-0.8,-0.9,-0.8,-1.5,0.6,-0.9,-0.3,-0.1,0.7,-0.2,1.1,1.1,0.2,0.5,1.1,0.3,1.0,1.4,0.4,0.8,-11.0,5.0,-13.0,1.3,-0.3,-2.1,-0.4,0.1,0.7,0.9,0.6,0.6,2.5,1.7,0.6,-0.2,1.1,1.6,1.6,-0.2,-0.8,-0.3,-1.7,-1.2,-5.5,0.1,-0.1,-0.2,-2.8,-0.1,-0.5,-5.0,-0.9,0.9,0.4,-0.3,1.7,0.8,-0.7,-0.7,-0.8,0.1,0.5,0.6,2.5,1.2,2.5,0.1,0.5,0.6,2.5,0.5,0.1,1.6,-1.4,0.0,2.3,-0.4,-8.1,0.4,1.7,-0.3,0.1,1.8,2.5,0.1,-0.3,-1.4,-1.5,0.9,1.6,-1.2,-1.5,-4.0,-1.4,-4.3,0.9,3.8,-0.1,0.8,0.3,-0.5,1.2,0.8,-1.0,1.0,1.4,0.5,0.1,0.1,-0.5,0.3,0.4,2.4,1.1,-0.1,-1.6,-1.8,-1.4,-3.8,0.5,-1.0,-2.8,1.0,2.0,-1.6,1.1,0.4,-0.4,-2.2,-2.9,-0.7,-1.1,-1.2,-1.2,0.4,-9.2,-0.6,0.1,-0.0,-0.8,0.0,0.2,-0.8,-0.6,-1.6,-3.2,-2.8,-4.1,-2.7,-2.0,-0.4,1.1,-0.8,-1.9,-1.2,-2.3,-1.1,-1.3,0.5,0.7,-0.5,3.2,2.2,0.1,-1.1
2C7L5189Og,0,48.104061,11.631193,4442533.25,2778063.92,534.3,579.9,255,7406,2.3,0.9,0.28,32.67,348.96,-0.53,-0.103,0.842,0.2,0.1,-0.08,0.17,0.9,0.1,-0.3,0.6,1.6,1.5,1.2,0.9,0.8,2.0,0.5,0.2,0.6,-0.3,1.0,-1.6,-1.1,-1.0,-0.9,-0.8,0.6,-1.0,-1.4,-1.3,-1.6,-1.5,0.5,-1.3,-0.6,0.1,2.3,-1.6,-3.3,-1.5,-6.2,-3.8,-4.9,-1.3,-3.9,0.0,0.1,-1.2,-2.2,-2.2,1.4,-1.8,-2.5,-2.0,-1.4,1.7,-0.0,0.1,0.2,-0.7,-1.4,0.3,0.6,0.0,-2.8,0.9,-1.1,0.1,0.8,1.3,1.8,-10.4,6.8,15.4,1.2,-0.9,-2.9,-0.4,-1.3,0.4,-0.2,-0.0,0.0,-0.7,-1.5,-0.7,-2.3,-0.8,-0.8,-0.1,-0.5,-0.0,-1.4,0.5,-1.7,-2.6,0.1,0.1,-0.9,-2.3,0.5,0.2,-2.0,-0.2,1.7,2.2,1.7,1.5,1.5,0.4,-0.8,0.4,1.5,2.0,1.0,1.6,0.8,2.8,1.0,-1.6,0.8,2.2,0.3,-0.1,1.6,0.9,0.2,2.3,0.2,-7.5,0.7,2.0,-0.3,-0.1,0.0,2.5,-0.3,-0.3,-1.2,0.0,0.3,3.5,-0.5,-0.3,-2.3,-1.5,-3.0,3.5,4.7,2.6,-0.3,1.1,1.4,2.0,1.8,-0.1,1.1,1.7,0.8,-0.6,2.1,-0.4,0.0,0.5,2.2,0.9,0.4,0.1,-1.1,-2.1,-3.1,-0.2,-0.3,-1.9,1.7,3.2,-1.5,1.7,1.2,0.3,-1.1,-2.2,2.3,-0.2,-1.3,-0.8,0.8,-9.4,0.7,1.0,0.9,0.9,0.4,1.1,0.1,-0.2,-0.6,-1.3,-2.1,-3.3,-0.9,-2.0,-0.6,1.8,-0.4,-1.8,-0.4,-0.8,-0.2,0.6,3.0,1.4,2.6,5.7,9.4,1.1,-0.0
2C7L5189Oh,0,48.104068,11.631246,4442537.25,2778064.78,534.1,579.8,255,7407,1.9,0.9,0.47,32.67,348.96,-0.53,-0.103,0.842,-0.1,0.1,-0.37,0.15,0.9,0.1,-0.3,0.6,1.4,0.5,0.1,-0.0,0.4,0.5,0.1,0.1,0.7,-0.5,0.6,-1.4,-1.8,-1.6,-1.3,-0.2,-0.6,-1.1,-1.1,-2.8,-3.2,-1.9,0.2,-0.6,-0.7,0.3,2.1,-1.0,-5.5,1.4,-8.5,-6.5,-6.5,-1.6,-5.1,-1.2,-1.5,-1.6,-1.1,-2.2,2.2,-0.4,-2.8,-1.8,-2.6,-0.0,0.6,-1.3,0.1,-0.2,-1.9,-1.3,-1.7,-0.5,-1.4,0.7,-1.4,0.2,-0.1,0.5,1.1,-9.4,3.7,-6.2,0.8,-0.6,-3.3,-1.5,-1.8,-0.3,-0.3,-0.2,-1.3,-2.4,-2.3,-2.6,-3.2,-3.1,-2.0,-2.6,-3.3,-1.7,-1.9,-0.6,-1.3,-3.1,-0.1,-0.8,-3.4,-3.4,1.0,0.7,-1.2,-0.4,2.5,2.6,1.2,1.7,0.9,-0.4,-4.0,0.6,1.1,2.6,0.3,-0.4,0.9,2.3,0.3,-1.0,0.2,1.8,0.0,-0.3,1.1,-0.6,0.5,2.1,0.2,-5.7,0.5,0.8,-1.8,-1.4,-2.1,1.9,-1.1,-1.8,-1.2,-1.4,0.6,1.8,-0.5,-1.3,-2.0,-1.4,-2.6,1.9,4.4,0.2,0.3,-0.0,-0.0,0.8,0.8,-0.3,0.4,1.1,0.8,-0.8,0.6,-0.9,-0.8,-0.9,0.9,-0.4,-1.3,-1.2,-2.6,-1.3,-5.6,-1.0,-1.4,-3.2,-0.6,1.9,-2.7,1.7,0.9,-0.6,-1.7,-3.1,5.1,-1.1,-0.8,-0.3,0.3,-8.2,-0.6,-1.5,-0.8,-1.1,-0.3,-0.9,-2.0,-0.5,-3.8,-2.3,-2.6,-5.0,-2.7,-4.8,-2.1,-0.2,-0.9,-2.3,-2.2,-2.3,-2.6,-2.1,-2.1,-1.7,1.4,0.9,1.1,-1.8,-4.1
2C7L5189Ok,0,48.104097,11.631468,4442553.7,2778068.3,535.0,580.7,255,7410,1.9,0.92,0.25,32.67,348.96,-0.53,-0.103,0.842,-0.3,0.1,-0.16,0.14,0.6,0.1,-0.3,0.2,0.8,0.5,-2.0,0.4,0.9,1.7,0.5,0.5,1.3,0.8,0.9,-0.5,0.6,-0.0,-0.6,-1.6,-2.1,-3.1,-2.1,-1.4,-2.6,-0.3,-0.4,-0.7,-0.4,0.2,0.9,-1.0,-2.5,-1.8,-5.7,-3.9,-5.4,-1.1,-3.2,-0.5,-0.4,-0.9,-0.9,-0.8,-0.4,-1.6,-0.9,-1.6,-0.8,-1.7,-0.8,-0.8,0.9,0.9,1.2,0.9,0.7,0.5,0.5,2.1,0.9,0.7,0.7,1.4,3.5,-4.8,5.3,-6.9,2.1,0.6,-2.6,0.3,1.0,1.0,1.1,0.1,0.9,0.0,-0.0,-0.3,-0.6,-0.7,-1.4,-0.5,-1.1,0.0,-1.0,0.1,-1.2,-1.4,-0.3,-2.1,-1.5,-2.2,-1.5,-1.9,-2.2,-0.9,0.8,0.2,-0.7,0.3,-2.5,-1.2,-0.6,0.0,0.0,0.1,-0.8,-1.0,0.2,0.8,-1.1,-1.3,-0.4,-0.8,-0.7,0.0,0.5,-12.5,-1.2,0.0,-0.7,-12.0,-0.4,-0.3,-0.4,1.7,0.4,0.8,0.1,-0.8,-2.1,-1.1,-0.8,-0.2,-0.7,-0.8,-2.1,-1.3,-4.5,-0.1,1.9,1.1,-2.0,-2.1,-2.1,-0.6,-0.6,-0.7,-0.7,-0.4,0.1,0.1,0.8,0.2,-0.5,-0.0,0.7,-0.3,-0.2,-0.6,-0.5,-2.0,-4.0,-0.9,-2.8,-3.1,-0.4,-0.7,-2.9,0.9,-1.7,-0.8,-1.4,-3.5,-0.1,-0.8,0.5,-1.6,-0.4,-9.0,-1.1,-2.3,-1.2,-1.1,-0.9,-1.2,-0.7,-2.0,-0.8,-1.1,-4.3,-3.5,-2.6,-2.1,-2.2,-1.8,-4.3,-4.6,-3.5,-1.9,-1.7,-2.0,-1.4,-2.6,-1.6,-0.4,-0.4,-1.8,-0.5
2C7L5189Ot,0,48.104162,11.631978,4442591.5,2778076.41,534.6,580.3,255,7419,2.6,0.85,0.39,32.67,348.96,-0.53,-0.103,0.842,-1.0,0.1,0.11,0.2,0.6,0.2,-0.3,-2.4,-0.7,-0.5,1.3,0.6,4.9,-0.6,0.8,-0.4,12.2,-0.3,0.9,1.5,-0.5,0.9,4.3,-1.0,-5.1,-5.7,-4.4,-5.9,-5.6,-2.2,-2.1,-0.3,-2.5,-0.9,-0.5,-0.9,-5.7,-1.1,-7.0,-4.9,-2.5,1.2,-1.6,-0.7,-0.8,-0.6,-2.6,-2.9,-0.7,-5.4,-0.5,-2.1,-1.2,-4.1,-2.7,-4.5,0.4,-2.8,-0.5,-1.9,-1.9,-1.0,-2.0,0.5,-4.4,-1.9,-1.2,0.1,3.6,-2.7,-2.6,2.6,-0.1,-0.1,-9.3,-2.9,-3.6,-3.0,-3.1,-2.3,-4.9,-1.8,-4.0,0.1,-9.0,-4.9,-4.9,-1.4,-1.7,-3.3,-4.5,-1.6,-0.8,-2.5,-0.5,-2.7,-0.8,-1.7,-3.9,-4.8,-1.7,-3.0,-2.2,-0.7,-0.9,0.6,-1.1,-3.0,2.2,-0.8,1.8,-1.5,-0.3,-2.2,-0.8,0.6,-5.3,0.4,-1.2,-4.4,-2.8,-3.3,-3.5,-5.3,-3.5,-3.3,-0.9,-6.9,-3.4,-2.3,-6.2,0.2,2.2,-4.3,-6.3,-2.4,-4.4,-3.6,-2.1,-2.3,-1.5,-2.6,-5.0,-0.7,-4.2,2.3,0.8,-1.9,-3.1,-3.8,-11.4,-1.7,-3.4,-4.7,-2.9,-4.5,-3.8,5.3,-3.8,-2.5,-5.2,-2.6,-13.2,-3.1,-4.8,-4.3,-6.8,-5.2,-6.6,-5.2,-4.1,-4.6,-4.7,-3.0,-3.8,-0.6,-0.1,-1.6,-5.0,-6.0,-3.8,-6.2,-6.8,-6.1,-5.7,-13.7,-5.2,-5.8,-7.2,-4.4,-5.4,-5.1,-4.7,-5.9,-4.1,-3.4,-5.2,-6.6,-1.0,-7.5,-3.3,-5.6,-6.3,-3.6,-5.4,-6.4,-1.0,-5.6,-4.6,-5.7,-2.1,-5.6,-5.9,-6.0,-5.3
2C7L5189Pq,0,48.104606,11.635434,4442847.88,2778131.4,540.0,585.7,255,7478,4.1,0.59,0.5,32.68,348.96,-0.53,-0.103,0.842,0.0,0.2,-0.65,0.32,2.7,0.3,-0.3,4.0,2.1,1.0,2.9,1.5,5.2,0.2,1.4,2.4,6.5,6.0,1.2,2.5,3.7,-0.3,0.6,0.5,3.5,7.7,-3.6,-4.1,-0.8,-8.4,-4.2,-6.5,5.3,-5.3,-8.8,-6.2,-5.1,-2.3,-8.8,-9.8,-12.2,-8.6,-6.3,-5.7,-7.5,-5.9,-7.9,-4.4,-3.7,-7.3,-9.9,-11.6,-8.8,-8.8,-10.4,-14.9,-4.0,-4.5,-3.9,-1.7,-4.0,-2.6,-0.4,1.1,0.5,-3.5,-11.8,9.6,-2.8,-6.6,-2.5,-5.4,-3.1,-1.1,-0.7,-1.4,0.4,-2.5,2.7,0.3,-0.7,1.3,2.5,3.4,2.6,-0.1,1.6,0.4,-0.5,-0.4,-0.5,-10.6,-2.9,-0.6,-0.7,-0.7,-0.9,-1.8,-7.5,-11.1,-6.7,-0.0,-3.8,-16.4,-2.7,3.6,-3.8,-1.2,1.3,0.8,0.9,-1.2,1.0,-14.5,-2.6,1.7,-0.5,2.1,2.1,2.3,0.4,1.0,-0.6,0.2,-2.8,2.2,0.3,-3.7,0.9,4.9,2.3,-0.1,-0.8,-1.1,1.8,0.2,-3.1,0.3,1.1,-2.3,-0.0,-4.3,-4.9,-1.4,-3.7,-1.1,2.2,0.6,-5.0,-1.2,2.1,-0.4,1.5,-4.5,0.6,0.6,2.2,-9.3,1.4,1.6,-0.1,-2.4,1.3,-2.1,-0.7,-0.9,-10.7,-2.1,-6.4,6.5,-4.4,-2.4,-2.4,-0.6,5.2,-4.5,0.2,0.1,-5.9,-10.0,-3.3,-12.4,-5.7,5.1,4.4,0.5,0.2,-2.4,-3.3,-2.8,-2.4,-1.6,-0.5,7.5,-3.9,2.5,-0.1,-15.9,4.3,-13.6,-3.7,-6.4,-0.8,-7.3,-7.3,-9.0,-5.7,-6.4,-3.4,0.7,-7.3,2.8,-1.6,-9.4,-1.2
2C7L5189Pr,0,48.104617,11.635524,4442854.58,2778132.83,541.6,587.3,255,7479,2.4,0.84,0.46,32.68,348.96,-0.53,-0.103,0.842,-0.9,0.1,0.19,0.18,1.6,0.2,-0.3,2.4,1.8,1.5,-0.1,2.3,1.0,0.2,-0.1,0.6,-3.6,1.4,-1.2,-3.1,-1.5,-0.8,-2.3,-0.2,-1.1,-5.6,-4.8,-5.7,-6.4,-4.4,-2.0,-2.0,-0.4,-2.9,-2.8,-5.2,-4.1,-1.1,-5.2,-3.6,-7.1,-4.1,-0.3,-1.8,-0.1,-2.0,-1.3,-0.3,-0.3,-0.3,1.4,0.4,-2.2,-1.9,-2.9,-1.1,-1.2,-0.4,1.1,1.1,0.3,0.9,1.1,0.9,-0.2,-0.3,-0.8,-0.8,0.0,-7.5,-3.2,-6.2,-1.8,-2.3,-2.3,-3.2,-0.6,-2.5,0.4,-1.8,-0.3,-0.7,0.2,-1.2,0.5,0.1,-0.4,-2.2,-2.6,-2.6,-3.3,-5.5,-3.0,-3.5,-1.8,-4.0,-2.5,-4.5,-6.8,-6.6,-7.0,-7.2,-3.5,-6.6,-3.1,-4.8,-3.2,-1.8,-3.7,-5.4,-2.3,-6.8,-5.2,-2.3,-1.1,-4.1,-3.7,-0.3,-1.4,-1.0,-1.3,-0.3,-3.3,-6.9,-4.4,-2.0,-1.7,-4.1,-3.0,-2.2,-1.1,-5.7,-0.1,-1.1,-1.6,-3.8,-5.6,-2.2,-3.3,-3.7,-3.9,-5.1,-5.5,-4.5,-5.3,-1.6,-0.5,-7.0,-4.4,-5.9,-1.9,-3.4,-3.3,-7.6,5.3,-1.7,-3.0,-7.2,-1.1,-1.8,-2.9,-2.0,0.5,-2.8,-4.1,-6.1,-8.0,-5.7,-10.8,-8.2,-8.3,-7.8,-6.7,-4.8,-6.5,-3.5,-4.9,-6.9,-10.1,-8.2,-5.5,-5.0,-6.2,-5.2,-0.9,-13.5,-3.3,-4.4,-0.7,-3.9,-0.5,-1.4,-1.8,-6.0,-3.2,-7.2,-6.1,-11.2,-7.7,-9.7,-2.4,-5.9,-7.3,-5.0,-5.3,-9.7,-7.2,-12.8,-5.8,-3.8,-4.5,-3.2,1.0,-1.0,1.3
2C7L5189Ls,0,48.102828,11.62145,4441810.41,2777910.93,541.2,586.9,255,7232,2.5,0.88,0.36,32.59,348.92,-0.529,-0.103,0.843,-0.8,0.1,-0.03,0.19,0.3,0.2,-0.3,-0.9,-1.9,-0.8,-1.0,-0.9,-2.9,0.5,-0.9,-0.0,1.0,-0.8,0.4,0.8,-0.6,-1.0,-0.8,0.5,-0.2,1.9,-0.5,-0.1,-1.3,0.5,-0.4,0.8,1.1,1.6,0.9,0.5,-3.5,10.5,-2.3,-1.4,-3.1,-4.4,-7.8,-2.6,-1.7,0.8,0.3,-0.2,1.1,0.4,-3.1,-0.6,-1.1,0.4,-0.2,-0.5,-1.5,-0.3,0.8,-0.4,0.0,-1.2,-0.4,-1.2,-2.2,-3.8,-2.3,-2.4,-2.9,-1.7,-2.5,3.4,-1.5,-1.3,-1.4,-3.0,-1.8,-0.9,-0.7,-1.1,-1.6,-2.1,-1.6,-0.8,-0.9,-0.7,-1.7,-2.5,-0.5,-3.3,-2.6,-2.1,-3.6,-6.1,-5.6,-5.3,-5.8,-15.5,-5.9,-5.3,-8.5,-4.4,-1.5,1.7,5.9,-2.1,0.8,-0.2,7.2,9.2,-6.8,4.3,0.1,-0.0,0.8,-1.1,0.0,-1.7,-1.4,-3.0,-0.6,-0.7,-0.9,-1.6,-2.9,-1.3,-1.3,-1.4,-1.7,-2.1,-2.2,-2.5,-0.1,-1.3,-3.7,-1.3,-0.9,-2.8,-3.1,0.8,-2.8,-1.8,-2.7,-2.8,-1.4,0.4,-1.2,-0.5,-3.0,-4.0,-2.9,-1.3,-5.0,-2.8,-2.6,-3.3,-4.2,-2.6,-4.6,-5.1,-4.5,-2.7,-3.9,-1.9,-1.8,-1.2,-1.8,-3.0,-4.8,-1.0,-3.2,-4.4,-2.3,-1.7,-7.8,-0.5,-2.1,-3.7,-5.4,-6.0,-7.0,-4.4,-3.4,-4.7,-4.5,-3.2,-2.9,-3.0,-3.1,-2.6,-2.7,-3.7,-2.0,-2.9,-1.2,-2.3,-3.4,-4.1,-3.0,-2.9,-8.3,-8.5,-4.2,-3.4,-4.2,-8.2,-5.5,-2.3,-4.3,-5.0,-4.9,-3.2,-2.3,-3.9,-3.9
2C7L5189Lz,0,48.102864,11.621731,4441831.26,2777915.41,536.7,582.4,255,7239,2.7,0.82,0.32,32.59,348.92,-0.529,-0.104,0.843,-0.3,0.1,-0.69,0.21,0.9,0.2,-0.3,2.3,2.3,0.8,1.8,1.6,0.2,0.8,0.8,0.9,1.7,2.3,3.2,0.3,1.2,0.9,0.2,-0.2,-2.3,1.2,-0.6,3.1,1.2,-0.0,2.2,0.5,5.2,3.6,1.4,2.8,-1.5,8.4,-2.4,-3.9,-3.5,-1.9,-1.5,3.8,0.1,3.2,1.9,1.3,-1.7,-1.0,-3.4,-2.9,0.5,-0.2,-1.7,5.8,-0.4,2.3,1.2,3.0,0.9,4.2,1.2,-1.0,1.4,0.5,0.9,0.3,-1.1,-2.4,-0.3,0.7,-0.9,2.9,-2.6,-1.3,-1.1,-0.2,1.9,1.7,1.2,3.0,1.5,3.0,1.9,1.8,0.5,0.3,2.2,1.6,0.5,3.8,3.6,1.2,1.3,9.5,5.2,2.5,-0.5,0.7,2.0,2.0,4.0,-0.9,9.1,7.0,7.5,-10.5,12.0,5.7,11.2,4.7,6.1,5.5,7.1,9.3,8.7,4.2,3.1,4.2,2.7,6.0,2.8,0.3,1.1,1.7,2.1,0.7,2.2,2.5,0.0,1.1,0.9,4.5,-0.6,2.6,4.4,2.1,4.4,8.8,0.9,4.4,2.5,5.1,-1.4,2.8,3.9,2.0,1.8,1.1,1.6,-0.6,0.1,-3.5,1.1,0.8,1.1,-0.2,-3.7,0.0,-2.8,-1.8,-3.1,-1.2,1.2,1.3,1.1,-1.8,-1.2,3.7,-0.6,3.1,2.0,3.1,-0.3,7.8,3.8,1.6,0.1,-0.7,4.5,-0.3,1.4,-1.9,1.3,5.5,-0.9,0.7,-0.7,-1.1,-0.4,0.6,-1.0,-0.6,-3.7,-0.5,0.5,-1.2,0.1,-3.5,-4.8,0.1,0.2,0.5,0.9,-2.7,3.9,0.5,1.2,2.5,2.0,1.4,3.0,-0.8,0.4
2C7L5189M1,0,48.102876,11.621824,4441838.2,2777916.9,535.7,581.4,255,7241,2.6,0.84,0.39,32.6,348.92,-0.529,-0.104,0.842,-0.8,0.1,-0.31,0.2,0.8,0.2,-0.3,-1.1,-1.0,-1.4,-0.3,0.5,-1.4,-1.8,-1.1,0.2,6.4,-0.1,1.9,0.4,-1.1,-0.9,-0.6,-0.9,-1.2,-2.8,-6.8,-5.1,-3.5,-2.7,-1.6,0.1,0.6,0.2,-2.6,-1.3,-5.1,2.5,-10.2,-4.0,-3.8,-5.3,-6.3,-3.7,-3.5,2.1,3.3,-0.1,-1.7,-2.4,-0.2,-3.2,0.3,-0.7,0.4,3.9,0.0,0.0,-4.0,-1.3,-1.2,-4.1,-1.3,-4.1,-3.6,-5.9,-2.0,-4.2,-3.6,-3.5,-5.6,-1.6,-5.7,-6.5,-7.7,-7.0,-6.3,-6.3,-3.5,-3.2,-5.5,-2.3,-4.5,-1.2,-3.5,-3.9,-2.7,-2.5,-4.6,-5.9,-6.8,-6.5,-5.9,-3.8,-9.7,-5.2,-6.0,-5.8,-2.3,-3.8,-2.5,-1.9,2.5,-0.9,-5.8,-4.9,-6.6,1.6,-5.6,3.7,2.3,10.7,-3.6,1.3,-0.2,-1.4,-1.1,-1.1,-3.2,-2.2,-2.5,-3.2,-4.4,-7.1,-5.5,-3.4,-2.5,-2.7,-2.1,-1.1,-1.8,-2.3,-2.0,-2.9,-3.6,-0.3,-2.5,0.5,1.9,3.6,3.7,-5.6,-4.4,-5.3,-0.8,-0.1,-2.2,-2.0,-1.8,-0.6,-1.7,-2.2,-3.4,-2.0,-2.5,-2.8,-2.5,-2.1,-2.2,-2.1,-1.8,-2.1,-4.5,-5.4,-0.7,-2.8,-4.8,-3.1,-8.3,-5.1,-4.5,-2.0,-1.4,-0.6,-8.7,-4.9,-5.2,-5.7,-5.2,-5.9,-3.7,-5.2,-4.6,-3.8,-2.5,-8.6,-2.8,-2.3,-3.6,-3.6,-3.9,-5.5,-4.8,-6.2,-4.5,-4.4,-6.5,-7.7,-8.3,-6.3,-8.4,-6.0,-4.5,-5.0,-7.9,-9.3,-6.1,-4.4,-7.0,-5.0,-6.3,-6.6,-6.8,-4.4,-3.9
2C7L5189Mk,0,48.103221,11.624505,4442037.1,2777959.56,540.1,585.8,255,7286,3.3,0.77,0.44,32.64,348.96,-0.529,-0.103,0.842,-0.3,0.2,0.21,0.25,1.3,0.2,-0.3,-1.2,2.1,-2.6,-2.9,0.6,-5.3,-1.0,4.8,1.4,13.9,7.0,-1.3,1.7,0.7,1.2,-1.0,-0.2,-0.6,-0.8,-4.3,1.9,7.3,-0.7,-3.7,2.1,-1.8,-1.4,-0.1,2.0,-4.4,-9.4,-10.2,-5.2,-3.7,-2.1,-2.7,0.3,-2.2,1.0,2.1,-0.2,-0.8,-1.5,-2.5,-1.9,-2.2,-9.2,-5.3,-4.0,-2.3,-1.8,-0.8,-1.7,-2.6,-3.5,-2.9,-3.1,-2.9,-0.4,-0.0,-3.3,-2.2,-8.6,-0.3,-10.1,-0.9,2.4,-4.8,-1.7,-0.6,-0.6,-2.6,4.6,-5.0,7.4,6.6,-0.4,-3.1,1.2,-2.0,-5.4,-2.8,11.5,4.1,-4.0,-1.3,0.1,-4.6,-3.3,-7.0,-3.9,-1.9,-1.6,-4.3,-5.4,-4.8,-1.8,-7.7,-4.6,1.7,-4.5,-3.2,-1.8,-3.0,-3.4,-5.9,-3.1,-1.1,-6.6,-4.8,-3.1,-6.5,-3.4,-2.2,-3.4,-3.5,7.5,-2.7,-1.5,1.4,4.2,-2.4,2.4,-0.4,0.1,3.0,0.1,-10.7,-2.0,-6.8,-1.4,-7.1,-3.4,-3.6,-1.1,-2.2,-2.3,-1.6,1.2,1.5,-7.8,-2.6,-0.2,-0.5,0.2,0.1,-9.8,-1.1,-1.0,-1.4,3.8,-1.1,-1.9,-1.6,-2.3,-1.1,-2.0,-1.2,2.0,2.0,-0.6,-1.0,-2.1,-3.4,-2.9,-0.1,-1.7,-5.3,0.6,-1.7,-2.8,-5.3,-3.3,-3.9,-4.7,-14.8,-4.0,-2.7,6.8,-1.8,-3.5,-4.0,-3.4,-5.4,-2.6,-1.9,-4.9,-1.1,-1.8,-2.5,-2.7,-0.2,-3.4,-6.0,-2.4,-0.9,-2.6,-2.6,-5.3,-2.8,-3.3,-3.4,-1.7,-1.0,-2.2,1.2,-3.7,-5.0
2C7L5189NO,0,48.1035,11.626675,4442198.08,2777994.09,536.1,581.8,255,7326,3.6,0.68,0.46,32.65,348.96,-0.529,-0.103,0.842,-1.0,0.2,-0.1,0.28,2.4,0.2,-0.3,-4.1,-1.5,-6.6,-0.9,0.0,3.0,-2.3,9.8,3.9,3.8,2.9,-0.0,4.1,-1.8,-2.7,0.5,-1.1,-2.8,-2.3,-1.7,-6.2,-3.0,-1.1,1.6,-4.9,5.9,-4.9,-5.3,-4.8,-10.5,-8.1,-0.3,-6.3,-7.2,-8.5,-5.4,3.6,4.0,-3.0,5.1,-14.5,-2.4,-6.4,-1.2,-0.5,-3.6,-1.3,2.6,-2.6,2.7,-4.6,0.7,2.0,-1.3,1.3,1.4,-3.2,-1.9,-2.1,1.5,-1.8,6.9,11.8,0.4,-7.1,7.9,3.7,-2.1,4.7,2.2,2.3,0.2,1.1,0.6,4.0,1.1,-1.2,0.9,2.7,1.8,-1.2,-5.4,8.1,-6.6,-1.9,0.5,-3.3,-10.7,-2.9,3.4,-5.6,-8.3,-7.9,-0.8,-11.2,-4.1,-2.7,-4.4,-1.4,-6.5,-4.5,-5.0,-1.7,-5.7,-6.5,-1.2,-1.7,-3.4,0.1,-3.6,-1.1,-1.0,-3.9,0.6,-1.1,-2.2,-4.2,-1.0,2.4,-3.1,-4.2,-8.9,-1.6,-0.5,-0.9,-0.7,0.3,-3.0,-1.6,-6.4,-4.2,-1.8,-8.5,-4.7,-6.1,-6.3,-6.5,-12.4,-3.7,3.2,-1.1,-5.2,-10.1,-1.0,-1.4,0.2,-0.8,1.7,0.4,-3.0,0.6,-1.1,-4.4,-2.5,-9.9,-5.6,-4.7,-5.4,-2.1,-3.5,-6.7,-6.6,-6.8,-12.2,-6.4,-1.9,-1.1,-4.2,-5.8,-4.3,-4.6,-5.2,-5.2,-6.1,-5.7,-15.8,-2.5,2.1,-8.8,-5.8,-0.4,-3.4,-4.4,-7.5,-4.3,-6.7,-2.1,-2.5,-8.7,-1.8,-14.1,-5.5,-6.2,-2.9,-10.2,-8.2,-7.6,-8.4,-10.3,-7.1,-5.6,-0.3,1.2,-4.5,-1.8,-0.2,-4.8,-5.5
2C7L5189O5,0,48.103823,11.629195,4442385.0,2778034.18,538.6,584.3,255,7369,2.7,0.83,0.42,32.66,348.96,-0.53,-0.103,0.842,-0.1,0.1,0.09,0.21,0.4,0.2,-0.3,0.9,-0.7,0.4,0.8,-0.0,-2.1,2.0,0.8,1.1,-3.1,1.0,-0.7,-0.2,0.8,-0.2,-1.1,-0.6,1.6,2.3,3.8,-1.8,0.6,-2.5,-0.1,4.0,-7.8,-2.0,0.9,-2.4,0.4,-0.9,-0.4,-2.1,-3.9,-6.9,-0.3,-0.6,5.3,6.1,4.8,-3.6,-3.1,-5.2,-1.7,-5.4,-2.9,-4.4,-2.8,0.1,1.2,0.2,-0.1,-0.3,-0.9,-3.0,-1.0,-0.2,-0.1,-1.3,-3.5,-0.9,-1.2,1.0,-2.4,-4.8,-3.6,-3.4,1.3,-1.8,-1.8,-4.0,-2.0,-3.1,-0.6,0.4,4.2,-0.5,-1.2,0.3,-2.6,1.2,-3.5,-2.9,-5.7,1.1,0.5,-1.7,-1.4,1.1,3.1,0.3,-1.4,-0.8,-0.2,-4.4,-4.8,-2.4,2.9,-1.7,-0.5,-2.9,-1.0,-1.8,-3.2,-2.8,-0.6,-0.1,-0.4,-2.2,-2.0,-2.1,-2.2,-6.8,0.5,-3.6,-3.8,-2.7,-5.6,1.9,-0.5,-11.7,5.5,1.4,-1.6,-1.4,-2.0,-1.9,-0.6,-4.1,-4.6,0.0,-0.2,-1.7,-3.1,-1.6,-3.9,-1.6,-4.6,1.7,3.7,-2.6,0.0,1.0,2.5,-0.5,0.3,-1.1,-0.2,2.0,3.2,0.8,0.2,1.8,3.1,0.4,1.4,0.5,-2.1,1.5,-4.3,2.0,-1.2,-1.3,-3.2,-2.1,-0.3,2.1,-3.5,-0.8,-6.0,-3.2,-2.1,-4.1,-3.5,-3.5,-4.6,-3.3,1.7,-2.6,-0.5,-4.4,-2.3,-1.7,-0.0,-0.5,-2.6,-1.0,0.3,-3.1,-4.6,-1.4,6.7,11.0,-4.1,-8.8,0.2,-0.5,-3.5,-4.1,-5.7,-3.9,-2.9,-0.4,0.9,3.3,-1.4,-7.3,-1.7
2C7L5189O6,0,48.103848,11.629388,4442399.36,2778037.25,544.6,590.3,255,7370,3.3,0.75,0.43,32.66,348.96,-0.53,-0.103,0.842,-0.3,0.2,-0.49,0.25,1.4,0.2,-0.3,0.7,-1.4,0.1,-0.7,-1.1,5.5,0.6,2.6,3.3,-12.1,-2.2,-2.0,0.0,0.0,0.0,-2.5,-3.8,1.4,-2.1,-0.2,-4.3,2.8,7.3,0.1,0.3,1.8,-3.5,-0.5,0.5,-5.7,-4.4,-5.1,-6.7,-6.4,-0.5,1.5,-6.0,5.1,-0.0,-0.7,5.3,6.1,-1.8,0.3,2.5,-3.5,2.3,1.3,1.3,6.8,-0.3,2.1,0.4,3.1,3.3,-0.1,1.7,2.1,3.2,3.5,-0.4,6.6,-9.3,-0.6,-0.2,-0.1,0.1,-2.8,6.2,4.5,2.9,-1.5,2.0,2.1,-0.2,-0.5,-2.5,-0.3,-0.9,-1.8,-3.8,-3.3,-2.8,-6.6,4.1,-0.6,-3.3,-4.8,1.0,-0.8,-0.2,-1.0,-1.9,-4.5,1.0,2.4,7.7,-1.6,-2.3,-4.0,5.8,-2.2,0.8,4.4,0.7,-1.9,0.5,4.6,-2.6,-5.4,4.4,0.4,1.3,1.5,6.7,3.4,2.2,1.1,1.9,3.2,2.8,2.8,1.3,0.7,4.1,0.2,-2.6,-2.2,1.4,-2.6,-2.8,-0.7,0.8,-2.2,-4.7,-2.1,2.6,-5.0,-3.0,4.9,-2.3,1.3,-0.3,2.6,1.9,4.0,-7.3,0.3,1.2,-0.1,10.7,1.9,1.2,2.3,4.1,1.9,3.0,0.3,-2.8,1.5,-0.5,1.9,-3.3,-4.5,-5.4,-0.0,-3.0,-2.0,0.6,-1.1,-2.2,-2.9,-7.3,-3.0,-1.6,-14.9,-0.8,1.4,-7.6,-0.2,3.5,2.3,2.3,0.9,1.7,-0.7,-8.0,0.9,-2.7,-5.5,0.9,-1.0,-3.8,-2.3,0.4,-3.6,-1.2,-4.8,-4.1,1.5,-2.8,0.4,-2.1,1.0,1.6,2.7,2.2,-2.4
2C7L5189Ll,0,48.102805,11.621128,4441786.51,2777907.86,545.5,591.2,255,7225,3.4,0.75,0.44,32.59,348.92,-0.529,-0.103,0.843,-0.7,0.2,-0.27,0.26,0.9,0.2,-0.3,-6.1,-3.3,-0.1,-2.5,-1.9,4.6,-9.4,-1.2,-2.7,5.5,-6.7,0.8,-2.7,2.5,-2.3,-2.4,1.0,-1.0,-0.7,-1.1,0.7,3.0,0.7,2.8,0.0,0.2,1.0,-5.9,1.0,-3.4,8.0,-6.9,-3.6,-3.8,-4.3,-0.8,1.2,2.7,4.8,6.5,1.5,2.2,2.7,1.1,1.8,-0.6,-0.9,-3.8,4.9,2.2,-3.2,-1.0,2.7,0.8,0.7,-0.6,1.1,-0.8,0.5,-1.9,0.5,-1.2,0.7,0.1,-0.6,-1.0,-1.3,-4.0,-1.5,-1.2,-2.5,-3.3,-3.6,-1.5,-4.0,-3.2,-1.3,-2.7,-2.9,-2.2,-3.5,-0.6,-1.6,-4.4,0.4,-1.4,-1.3,-2.8,-1.5,-2.3,-1.0,-1.5,-5.8,-5.4,0.1,2.5,-1.6,1.1,-0.9,-1.9,2.3,-4.0,1.9,-3.8,2.0,-0.4,-1.6,-2.7,-4.0,-1.0,1.0,4.4,-3.0,0.1,-1.6,-0.7,0.4,-5.9,-2.7,-2.7,2.9,-3.6,-1.9,-0.5,-4.7,-1.5,-3.5,-3.7,-0.3,-4.0,-3.1,2.1,9.2,-2.4,-13.5,-4.1,-4.1,0.7,0.5,0.2,-3.2,2.1,0.9,0.2,2.0,0.7,-1.2,-2.5,1.5,-1.0,-2.3,-5.7,-5.0,-2.1,-1.4,-5.0,-2.8,-4.5,-3.5,-3.7,-4.6,-0.3,-0.1,6.9,-1.9,1.0,-1.9,-2.7,3.5,-5.1,-8.3,-3.9,-7.0,8.3,6.9,-5.7,-9.6,-2.0,-3.5,1.0,-12.5,-3.7,-1.2,0.2,1.6,-3.2,-1.3,-7.4,-3.4,-5.2,-6.1,-2.9,-4.0,-2.5,-8.8,-4.6,-0.8,-9.3,-10.7,-11.8,-1.0,-1.5,-5.5,7.9,0.9,-2.0,-13.7,-0.7
2C7L5189M0,0,48.102891,11.621793,4441835.87,2777918.47,537.2,582.9,255,7240,2.4,0.86,0.37,32.6,348.92,-0.529,-0.104,0.842,-0.2,0.1,-0.15,0.19,0.5,0.2,-0.3,-0.2,-0.4,-0.3,-0.3,0.3,1.0,-0.3,-0.2,-0.7,4.0,0.2,3.3,-0.4,-1.2,-1.7,-1.6,-1.7,-3.7,-1.7,-2.2,-1.8,-0.9,-2.0,-1.5,-1.5,0.2,-0.8,-1.4,-3.2,-4.2,6.1,-4.8,-4.6,-4.0,-4.5,-4.8,4.2,-4.2,-1.5,0.2,-2.1,-3.2,-2.0,-3.6,-3.4,-1.6,-3.6,-2.9,6.3,-2.1,-0.5,-3.4,-1.5,-1.5,5.5,-0.1,-0.1,-1.3,-1.7,-1.0,-1.9,-3.0,-1.9,-1.9,-1.7,-1.9,-1.7,-4.2,-2.8,-4.2,-3.8,-1.4,-0.7,-2.5,-0.9,-2.1,0.4,-1.2,-1.3,-1.3,-2.0,-3.1,-1.3,-3.9,-2.5,-3.2,-3.5,-7.8,-14.0,-7.2,0.7,-3.0,-3.2,-2.0,-0.6,0.6,-3.2,-1.2,4.6,3.6,-4.5,-8.4,3.8,-3.0,1.0,-0.7,-1.4,-0.4,-3.7,-2.7,-0.7,-2.2,-2.6,-2.3,-2.8,-1.7,-3.4,-4.1,-3.6,-1.8,-0.9,-2.4,-1.2,-2.8,-1.9,-1.3,-0.1,-2.9,-2.0,-0.0,2.7,3.6,4.8,-0.6,3.4,-1.7,5.7,-1.8,0.2,-0.8,-0.2,-1.9,-2.6,-1.7,-2.1,-2.7,-3.0,-1.9,-2.5,-1.9,-1.6,-4.2,-3.1,-2.9,-2.7,-3.3,-2.9,-1.7,-1.1,-1.9,-1.3,-1.0,1.7,-2.8,5.3,3.0,2.6,-2.9,3.9,3.5,0.8,-3.6,-3.2,-0.6,-1.8,-2.1,-2.4,-1.3,-7.4,-1.9,-1.6,-2.1,-2.1,-2.4,-2.4,-1.1,-2.2,-2.6,1.1,-4.7,0.5,-2.9,-3.8,-5.5,-2.6,-2.0,-2.8,-4.1,-3.5,-3.9,-3.6,-4.2,-4.5,-4.0,-2.9,-2.8,-3.6,-2.8
2C7L5189Mh,0,48.103227,11.624409,4442029.93,2777960.08,544.0,589.7,255,7283,3.7,0.62,0.59,32.64,348.96,-0.529,-0.103,0.842,2.4,0.2,1.01,0.3,1.8,0.2,-0.3,-0.9,-2.5,-3.6,-1.0,-2.6,4.4,-3.4,-3.2,-4.0,5.1,-0.9,-12.8,-2.9,-1.8,-2.5,-2.4,-4.6,-3.8,-5.7,-5.2,-3.9,-6.4,-1.6,-6.9,-3.9,-6.0,-3.6,-13.9,-5.1,-8.4,-13.6,-10.1,-9.5,-8.2,-9.2,-8.9,-5.4,-5.8,-4.9,-6.1,-5.0,2.4,-4.0,-6.4,-4.6,-5.6,-1.9,-1.9,-5.1,-4.2,-2.9,-2.4,-4.5,-3.8,-3.7,-4.0,-0.3,-3.3,-3.4,-0.7,-8.7,-5.8,-1.9,0.5,-7.9,0.8,-1.5,-5.8,-3.7,-3.8,-1.7,-3.0,4.2,-4.7,-4.1,-5.8,-4.7,-6.0,-5.2,-7.0,-6.9,-6.5,-7.1,-6.3,-5.7,-5.4,-4.7,-9.7,-7.2,-9.5,-6.6,-7.2,-4.9,-7.2,-8.3,-2.4,-3.1,-6.3,-6.8,-6.7,-7.8,-6.2,-5.6,-5.2,-5.2,-4.5,-5.7,-4.4,-5.5,-4.4,-4.1,-4.8,-3.1,-4.1,-3.3,-3.5,-8.5,-4.4,-1.0,-2.5,-10.3,-2.7,-1.5,-5.7,-4.5,-2.6,-4.2,-5.6,-5.6,-5.3,-5.9,-5.7,-5.0,-7.1,-7.8,-8.2,-6.2,-6.4,1.6,1.8,6.6,9.4,5.3,8.3,2.2,1.0,8.9,0.5,1.0,-1.8,-7.2,3.8,-3.8,5.2,-1.3,4.0,4.4,3.8,5.8,-3.0,-10.2,-1.7,10.9,-0.3,10.6,6.9,6.8,10.9,-6.8,9.9,-4.5,-7.9,10.3,8.4,3.6,5.0,5.9,4.2,3.0,8.2,6.3,9.8,9.4,6.7,6.1,9.8,5.9,3.7,7.0,3.3,2.5,14.4,-0.0,-3.3,-1.9,-0.1,0.9,4.3,0.7,12.7,5.0,-0.7,5.6,4.0,0.4,2.1,2.5,3.9
2C7L5189Qm,0,48.105066,11.638731,4443092.36,2778187.98,541.0,586.7,255,7536,2.5,0.85,0.35,32.7,348.96,-0.53,-0.103,0.842,0.0,0.1,-0.25,0.2,0.7,0.2,-0.3,0.3,2.8,-1.0,2.4,0.2,4.4,2.1,2.4,-1.1,3.4,2.7,2.6,1.4,2.8,-0.7,2.0,-0.9,0.7,-2.1,-1.0,-2.3,-0.6,-1.2,0.6,-1.6,1.7,-0.7,0.4,-3.0,-2.4,5.6,-2.8,-3.1,-2.8,-2.7,-1.0,-2.8,2.6,2.0,2.0,1.0,2.8,0.4,1.1,-0.6,0.0,-0.2,-2.9,-3.0,-1.8,0.1,-0.1,-5.6,-4.5,-5.2,-5.8,-6.1,-5.7,-6.4,-5.0,-6.4,-4.9,-15.4,-6.7,-0.6,-7.6,-7.2,-5.6,-5.1,2.1,3.2,2.2,1.0,2.3,0.5,-0.5,1.5,0.3,0.0,-1.0,1.1,-0.9,1.0,1.2,2.4,1.4,-0.6,1.1,1.3,-0.6,-1.9,-1.7,-1.3,-1.7,1.7,0.3,1.7,0.0,2.8,2.3,2.3,-0.8,2.3,0.5,0.0,-0.4,0.8,0.6,-0.6,0.4,1.1,0.3,1.6,-0.1,-0.4,-1.5,-2.0,-1.2,-0.5,0.5,-0.3,0.7,-0.0,-0.9,0.5,0.4,-0.1,-0.4,-1.1,-2.2,5.5,4.6,3.8,-0.3,-3.0,-4.7,-2.5,2.7,0.6,1.7,1.8,-3.0,-1.3,1.4,2.9,2.3,3.7,1.2,2.2,1.7,2.6,2.0,2.9,2.7,1.9,1.6,-0.2,1.0,-0.3,1.1,-3.0,-5.1,2.9,4.8,-3.5,-1.2,4.9,0.0,0.4,-3.5,-3.4,-2.9,-0.7,-1.0,-1.8,-1.6,0.1,0.5,-2.1,0.3,0.1,0.1,-0.9,-1.1,-0.5,-0.1,-1.4,-0.9,-0.1,1.8,-3.3,-2.1,-0.0,-1.9,1.0,1.7,0.1,0.0,-0.8,-2.0,-3.4,-2.9,-1.4,0.5,-2.3,-3.4,-1.5,-1.8
2C7L5189Qn,0,48.105076,11.638808,4443098.07,2778189.2,540.7,586.4,255,7537,4.3,0.52,0.48,32.7,348.96,-0.53,-0.103,0.842,-1.1,0.2,-0.43,0.34,4.1,0.3,-0.3,-3.2,-2.4,2.7,0.3,-0.0,-1.2,0.7,3.5,4.9,-4.3,-0.5,-0.7,0.3,-0.8,-1.4,-2.1,-4.5,-2.9,-7.6,-6.1,-6.1,-5.7,-7.7,-4.7,12.4,-5.4,-5.0,-3.0,-4.7,-7.0,-1.3,-7.6,-6.1,-7.5,-1.5,-5.1,-9.5,-6.1,-2.7,2.8,-2.0,0.7,-12.8,-6.5,-2.4,2.5,-2.5,-0.4,-0.3,-1.8,1.8,-3.8,2.1,2.2,5.5,3.2,4.5,7.9,5.5,4.7,7.1,9.3,9.5,5.6,6.0,4.4,5.6,4.5,4.9,5.3,1.0,2.6,5.8,4.4,12.8,-8.9,3.9,0.1,0.5,-5.7,-3.1,-9.6,-0.7,-1.2,-0.4,-9.5,-7.2,-9.2,-6.7,-8.7,-12.0,-13.5,-8.6,-10.1,-5.9,-5.7,-13.1,-8.9,11.3,-4.1,-3.7,-9.3,-2.0,-4.1,-10.5,-5.4,-9.1,-5.3,-5.5,-2.7,-5.0,-4.6,-0.5,-9.0,-8.0,-7.7,-8.2,13.6,12.7,-0.4,-0.3,4.4,7.2,9.4,-8.7,-7.7,2.0,0.1,0.5,-9.8,-0.9,8.1,-1.7,-3.2,-9.5,-10.8,-4.8,-0.6,-1.1,-0.7,-4.8,-5.3,-2.7,-0.5,-2.9,-2.1,-1.3,-3.6,-1.9,0.8,-3.1,-0.6,-2.6,-1.2,-0.6,-3.6,-4.1,-3.1,-4.2,-4.0,-9.2,-13.2,-5.8,-9.6,-6.7,-2.8,-6.7,-7.5,-3.6,-11.5,-9.8,-8.2,-6.8,-8.5,-6.1,-8.6,-4.5,-5.4,-6.5,-5.6,-4.8,-5.7,-4.4,-7.3,-5.5,-3.8,-5.5,-8.4,-9.4,-5.9,-14.9,-13.3,-11.1,-10.6,-8.2,-6.7,-7.8,-4.4,-3.4,-2.7,-7.5,-5.6,-2.5,-0.1,-0.4,-1.8,-2.4,-0.3
2C7L5189Mj,0,48.103261,11.624533,4442039.04,2777964.1,544.7,590.4,255,7285,4.1,0.66,0.66,32.64,348.96,-0.529,-0.103,0.842,-0.0,0.2,-0.19,0.31,0.8,0.3,-0.3,6.6,-1.0,-1.4,-0.4,-7.4,-10.2,-0.6,3.9,4.0,9.7,5.2,-11.4,-4.0,-5.5,-0.4,4.2,-1.7,-2.1,-4.8,3.6,-1.3,1.0,10.6,2.1,0.3,-1.3,3.5,4.3,-0.1,-2.5,-9.6,-4.7,-5.2,-4.7,-4.7,-5.0,-1.5,-0.5,-0.6,2.0,1.2,3.3,1.1,-1.5,2.3,-2.5,1.5,5.5,-2.3,0.1,0.4,0.8,0.6,2.5,-0.5,-0.6,8.1,0.7,-1.0,4.4,5.1,-7.8,-6.8,0.8,7.9,12.2,1.5,-3.2,-0.3,-0.6,0.3,1.3,5.5,0.4,-1.1,0.3,0.1,-0.9,-0.7,-3.9,-3.4,-4.4,-0.5,-1.4,3.1,-0.8,-0.4,-4.3,0.5,-2.8,-1.3,0.3,3.5,2.3,-1.2,3.4,2.8,1.4,-1.8,0.3,0.2,0.8,1.6,0.9,-0.1,2.6,0.0,-2.4,2.1,-0.6,-0.7,2.0,2.1,-0.6,1.6,3.6,1.5,-1.4,2.5,1.6,-3.7,4.3,-0.0,-0.9,-0.3,-5.1,4.6,2.1,-2.6,-4.1,1.7,0.9,0.9,-0.2,0.1,-2.3,-1.1,-4.6,4.3,6.3,12.9,10.6,0.7,1.1,6.3,-1.4,-8.7,-6.3,-2.4,-2.9,-12.5,-1.5,-0.3,-1.3,-4.2,-2.5,7.0,5.3,1.1,-3.3,-13.0,3.1,3.1,-4.2,0.6,3.2,-1.0,-2.0,1.4,7.6,1.7,-0.6,-2.0,-5.1,-1.2,8.3,7.3,5.3,4.6,-6.7,-0.7,-8.8,-4.4,5.0,6.1,-3.0,6.4,-4.9,5.0,-5.2,-3.3,-1.1,-1.9,3.4,-0.3,-0.6,4.2,-2.0,5.2,2.5,-1.2,4.0,3.0,-6.9,-1.7,-2.6,-0.2,-1.0
2C7L5189Ml,0,48.103258,11.624505,4442037.01,2777963.68,537.9,583.6,255,7287,2.4,0.89,0.23,32.64,348.96,-0.529,-0.103,0.842,-0.4,0.1,-0.16,0.18,0.7,0.2,-0.3,-0.2,1.0,1.2,0.1,1.6,-0.7,1.4,1.4,1.0,-4.4,2.6,0.0,2.7,2.2,2.1,1.8,1.0,-0.4,1.0,0.6,2.0,2.2,1.0,1.1,3.5,2.0,2.8,0.6,2.8,-2.4,-9.3,-3.5,-1.6,1.0,-0.3,0.8,3.1,0.1,3.4,2.8,2.0,0.4,2.7,1.5,0.7,-1.3,-5.1,-2.3,-0.4,-0.9,0.7,0.6,1.8,0.0,-0.5,-0.2,3.6,0.1,0.6,0.4,0.4,-0.0,-6.6,1.8,-2.9,0.4,-0.7,-1.1,-1.0,0.3,0.3,1.1,1.3,0.2,0.7,1.2,3.3,0.6,0.6,1.0,1.2,1.0,-5.0,1.8,0.0,1.8,3.4,-0.1,2.5,0.5,-0.1,-0.3,0.4,0.8,-0.1,3.6,2.1,1.5,-0.3,1.6,-0.2,0.7,1.8,2.7,-1.1,0.3,2.1,1.2,-2.1,0.3,-1.3,-0.7,-1.9,-1.0,-1.0,-0.2,-11.9,-1.4,-1.6,0.5,11.8,1.2,0.8,-0.4,0.2,1.2,1.1,-1.0,0.6,0.7,-0.7,1.2,-0.3,1.4,1.3,0.3,2.0,-1.8,3.0,2.2,-0.1,0.2,0.3,0.1,1.0,0.1,-6.7,0.7,0.3,0.1,-11.4,-1.4,-0.5,-0.7,-0.5,0.6,0.2,-0.3,2.1,0.7,0.2,2.5,0.5,-1.9,-0.0,2.1,-0.3,-1.8,1.7,1.0,-0.5,-2.7,-2.3,-1.5,-1.8,-12.4,-1.4,-0.6,8.4,-0.6,-1.0,-0.9,-1.2,-1.2,-0.9,-0.0,-1.0,0.8,0.7,-2.5,-1.5,0.4,-0.3,-1.6,-1.2,-1.2,-0.4,-1.2,-2.5,-1.2,-2.6,-2.2,-1.7,-2.2,-1.2,-1.0,-2.5,-2.1
2C7L5189Mm,0,48.103257,11.624501,4442036.7,2777963.62,534.9,580.6,255,7288,4.3,0.66,0.46,32.64,348.96,-0.529,-0.103,0.842,-0.4,0.2,-0.1,0.33,0.8,0.3,-0.3,1.4,0.2,4.5,3.6,2.8,-0.8,0.9,2.7,-0.6,-3.7,6.4,0.0,-1.6,6.8,-0.5,1.7,-1.9,-4.1,-2.7,-0.4,1.2,-5.1,2.3,-0.5,13.1,0.1,2.3,-0.6,4.7,-7.3,-13.7,-4.9,-1.8,0.4,-4.7,-2.6,-2.7,-9.2,8.2,2.9,0.4,-1.2,-0.6,1.9,0.6,-5.8,-10.0,-2.2,-2.3,0.3,-10.5,-3.2,-0.5,-0.6,-1.4,-7.2,8.3,7.5,3.0,-0.1,-3.9,-13.8,-8.7,5.3,1.5,2.9,-2.5,-3.0,-1.8,0.8,3.6,0.1,5.5,4.7,-1.0,-5.0,-6.1,0.1,-4.0,-4.9,3.3,-0.8,-4.9,-1.1,-0.2,0.7,1.8,2.5,12.0,-3.9,-1.5,-5.4,-6.0,-1.7,-9.8,7.7,3.8,2.2,-2.0,5.8,-2.3,2.2,-4.3,-4.4,0.0,-1.3,7.4,5.2,-0.6,-0.1,-1.9,-3.0,-7.3,-3.3,-2.4,3.0,-11.9,-4.7,-10.0,-3.3,-13.6,0.9,4.8,1.7,11.5,-1.3,-3.4,-2.1,0.6,0.6,-2.4,0.5,-0.8,-0.1,0.7,-0.7,-1.3,-2.4,1.6,1.1,0.1,-1.6,-6.6,-1.0,-0.6,-2.1,-8.7,2.6,2.0,-0.1,-13.0,-3.8,-0.7,-3.0,1.7,3.3,-1.7,-4.0,0.3,1.6,-2.4,1.6,0.1,-1.4,2.3,4.4,0.0,-4.6,-0.2,1.3,0.1,-5.0,-3.1,-4.5,-0.5,-14.1,-0.0,-0.6,6.9,-0.2,-2.3,-0.8,-2.4,-1.8,-0.9,-1.9,-7.9,0.5,-0.2,-3.1,-1.9,-3.5,-0.7,-2.4,-3.3,-1.9,-0.3,2.3,-6.8,-1.7,-3.9,-6.6,-6.1,-6.2,-2.2,-1.2,-3.6,-4.6
2C7L5189Op,0,48.104186,11.63173,4442572.97,2778078.65,535.6,581.3,255,7415,1.6,0.9,0.22,32.67,348.96,-0.53,-0.103,0.842,-0.2,0.1,-0.26,0.12,1.7,0.1,-0.3,-0.4,-0.4,-0.3,-0.7,-0.1,0.9,-0.3,0.6,0.2,1.4,0.0,0.3,-1.2,-0.7,-1.4,-1.2,-2.2,-1.9,-4.8,-3.8,-4.0,-4.3,-2.5,-2.3,-2.5,-2.8,-2.3,-0.8,-3.0,-4.2,-2.7,-7.7,-6.2,-7.2,-2.6,-5.0,-3.4,-2.2,-3.2,-1.3,-3.0,-0.1,-3.1,-2.6,-3.3,-2.2,-0.9,0.0,-1.8,0.6,-2.7,-0.6,-1.1,-0.2,-0.8,-0.5,0.5,0.4,0.3,-0.1,-0.4,1.1,-8.0,4.6,-0.2,0.2,-0.3,-2.7,-1.1,-0.4,1.0,-1.5,1.4,-0.7,-2.1,-1.7,-2.8,-2.9,-2.9,-4.1,-3.0,-4.0,-2.0,-4.2,-2.3,-4.1,-4.1,-3.1,-2.7,-4.4,-3.9,-4.4,-2.3,-4.3,-2.8,-2.8,-0.9,-2.2,-1.3,-2.7,-2.6,-3.0,-0.9,-1.2,-1.2,-2.0,-1.1,-0.4,0.3,-2.4,-0.3,-1.1,0.8,-1.5,0.7,1.6,-4.2,0.2,0.3,-0.2,-8.4,0.5,0.3,-0.5,-0.4,-0.5,-0.2,-1.8,-2.5,-4.9,-3.0,-1.6,-0.8,-2.8,-3.1,-5.5,-3.2,-6.1,-0.6,2.8,-1.3,-1.9,-2.4,-0.7,0.1,-0.3,-1.0,-0.1,-0.2,0.2,0.0,-0.2,0.2,-0.2,-1.5,-0.8,-1.0,-2.2,-1.7,-1.9,-4.5,-5.8,-1.4,-4.7,-5.6,-2.9,-0.6,-4.5,-1.0,-2.5,-1.4,-3.5,-3.9,-0.2,-2.3,-0.7,-0.8,0.5,-7.9,-0.7,-0.7,-1.1,-1.7,-1.7,-0.6,-3.0,-2.5,-3.2,-3.7,-4.0,-5.8,-5.3,-5.6,-3.5,-3.4,-3.6,-4.9,-4.9,-3.1,-3.4,-4.6,-3.9,-3.1,-0.6,1.2,-0.3,-0.9,-2.6
2C7L5189Oq,0,48.104195,11.631803,4442578.37,2778079.81,535.8,581.5,255,7416,1.9,0.87,0.23,32.67,348.96,-0.53,-0.103,0.842,-0.0,0.1,-0.21,0.15,2.0,0.1,-0.3,-0.6,0.0,-0.8,-0.1,-0.3,1.0,-1.3,0.5,0.7,2.8,0.6,0.1,-1.8,0.2,-2.6,-1.5,-3.5,-2.9,-5.2,-4.5,-3.9,-5.0,-2.1,-2.2,-2.8,-2.5,-1.9,-0.0,-3.4,-3.8,-2.8,-7.8,-7.1,-8.2,-1.2,-5.5,-3.9,-2.1,-2.8,-1.9,-3.3,-1.4,-5.1,-2.5,-4.3,-2.8,-2.7,-2.5,-2.9,-0.9,-1.6,-0.2,-0.8,-0.2,-0.8,0.5,-0.4,1.0,-0.5,-0.2,0.0,0.6,-8.4,7.1,-6.7,0.1,-0.3,-3.1,-0.6,-0.3,0.3,-1.6,0.2,-0.1,-1.9,-1.9,-2.1,-2.4,-2.1,-4.2,-2.3,-4.7,-1.3,-3.8,-2.3,-5.3,-3.4,-4.2,-4.6,-4.3,-4.5,-4.0,-2.7,-6.0,-2.4,-2.3,-0.7,-5.0,-2.1,-3.5,-2.5,-4.2,-2.1,-2.5,-2.6,-3.3,-2.1,-1.2,-1.7,-2.7,-0.6,-0.9,1.7,-1.6,0.3,2.0,-2.6,0.2,0.7,0.6,-6.0,0.7,-0.2,-0.5,0.1,-1.0,1.1,-1.4,-2.8,-5.7,-2.8,-2.3,0.0,-2.8,-4.6,-5.4,-4.0,-5.5,-0.3,3.7,0.7,-0.3,-2.0,-0.5,0.4,1.1,-1.2,0.3,0.3,-0.5,0.3,1.0,0.6,-0.6,-0.8,0.7,-0.4,-0.7,-2.8,-2.2,-4.4,-7.4,-1.7,-4.1,-5.8,-1.2,-0.5,-6.4,-0.0,-2.4,-1.4,-3.7,-4.7,-0.3,-0.6,0.8,-0.9,0.1,-6.8,-0.1,-1.1,-0.3,-1.6,-1.6,-1.3,-3.2,-2.5,-3.9,-4.4,-5.5,-7.2,-4.6,-5.9,-4.7,-4.0,-4.9,-4.2,-5.7,0.5,-2.5,-4.0,-3.7,-2.3,-1.4,4.9,3.8,-0.7,-2.1
2C7L5189Or,0,48.104204,11.631874,4442583.65,2778080.94,536.4,582.1,255,7417,1.8,0.9,0.27,32.67,348.96,-0.53,-0.103,0.842,-0.5,0.1,-0.28,0.14,1.4,0.1,-0.3,0.1,0.0,-0.3,0.2,-0.0,1.9,-1.0,0.4,0.1,1.6,0.4,0.3,-1.4,0.5,-1.4,-0.1,-3.7,-2.8,-4.9,-4.6,-4.9,-5.4,-0.7,-1.5,-1.9,-1.5,-1.5,0.9,-1.2,-3.2,-2.1,-7.5,-5.7,-7.5,-0.7,-4.6,-2.7,-1.0,-2.4,-0.5,-2.1,0.5,-3.7,-0.8,-2.7,-1.5,-2.8,-0.9,-1.8,-0.8,-0.6,1.5,0.0,0.1,-0.2,0.7,0.5,1.1,-0.5,-0.7,-1.2,0.5,-8.5,8.6,-0.3,0.4,-0.6,-3.4,-0.8,-0.8,-0.3,-3.0,-0.9,-0.9,-1.7,-0.4,-1.1,-1.7,-1.3,-3.7,-1.5,-2.9,-0.4,-2.1,-1.0,-3.1,-2.0,-2.1,-4.8,-3.7,-3.3,-3.1,-1.8,-5.2,-1.5,-2.0,-0.4,-3.5,-0.5,-2.6,-2.3,-2.8,-0.5,-1.8,-1.8,-2.5,-2.2,-0.3,-0.8,-2.0,-1.6,-1.1,-0.0,-1.3,0.1,0.4,-7.8,-0.6,-0.2,-0.3,-0.3,-0.4,-0.9,-2.0,-1.0,-0.5,-0.6,-0.5,-2.5,-4.6,-1.8,-2.0,-1.2,-2.9,-4.2,-5.0,-3.8,-5.9,-1.6,2.6,0.4,-0.8,-2.2,-1.2,-0.1,-0.8,-1.3,-0.5,-0.7,-0.2,-1.3,0.5,-1.8,-1.5,-0.7,-0.2,-1.5,-1.0,-3.3,-2.7,-4.4,-7.4,-2.7,-6.4,-4.9,-2.5,-2.0,-6.1,-0.6,-3.0,-2.3,-3.7,-5.4,-0.2,-1.1,-1.9,-1.2,-0.1,-9.0,-1.0,-2.6,-1.4,-2.1,-2.8,-3.1,-4.1,-2.6,-3.5,-4.9,-5.4,-8.7,-4.8,-4.8,-2.6,-2.9,-4.1,-5.2,-4.8,-1.9,-2.2,-4.5,-2.4,-3.6,-4.2,-2.2,-2.7,-3.9,-1.1
2C7L5189Ql,0,48.105098,11.638836,4443100.11,2778191.7,549.1,594.8,255,7535,2.9,0.81,0.43,32.7,348.96,-0.53,-0.103,0.842,-0.7,0.1,-0.06,0.22,1.2,0.2,-0.3,-0.1,0.4,2.1,1.8,0.8,2.4,0.9,1.8,1.2,6.4,1.0,-1.8,2.7,1.3,3.1,3.6,3.4,2.8,2.3,2.1,-0.1,1.4,-1.2,3.8,4.8,4.1,0.5,-4.9,-3.9,2.8,9.0,0.5,-0.7,-1.4,0.4,4.5,1.0,4.6,1.9,3.9,1.7,3.7,2.9,-0.5,0.7,0.1,0.9,-0.7,-7.4,0.1,-0.5,1.8,-0.2,-1.2,-1.8,-7.3,-4.8,-2.1,-2.8,-1.0,-8.3,-0.7,1.2,-3.5,-0.6,-6.5,-0.6,0.2,0.8,2.0,0.3,1.3,-0.2,0.9,1.5,2.5,4.1,2.0,1.6,1.5,0.1,1.5,1.9,1.9,0.6,2.7,0.9,1.8,2.0,1.2,2.0,-2.7,-3.5,0.1,0.8,-0.9,0.1,4.8,5.7,3.1,2.0,2.9,3.9,4.6,2.1,2.8,1.7,3.0,1.9,1.7,3.9,0.5,1.3,0.0,-0.5,-3.3,0.9,-1.2,0.9,0.1,0.3,0.0,-0.2,0.2,0.5,0.4,-1.3,1.6,2.5,-3.6,0.6,1.4,-3.2,1.9,-2.0,-5.1,-1.9,2.2,1.7,3.6,-0.1,-3.9,-2.5,-1.3,-0.9,-1.4,-3.3,-1.3,-1.3,1.4,2.7,-0.3,2.8,1.8,1.6,-1.2,-0.2,-0.4,-1.1,0.2,-5.4,-5.5,0.2,-0.3,-4.9,-4.1,2.8,0.1,3.6,-4.0,-2.9,-4.7,-4.9,-13.8,-7.8,-15.3,-1.9,-0.5,1.3,-0.5,-0.3,0.0,-1.9,-2.5,-2.8,0.2,-4.6,-2.0,0.2,-4.3,5.4,-1.3,3.2,3.4,3.9,-0.2,0.8,-0.3,0.2,-3.0,-6.4,-4.2,-3.0,-2.1,6.0,-6.7,-7.9,-5.1
2C7L5189Qp,0,48.105119,11.638854,4443101.43,2778194.07,538.0,583.7,255,7539,1.5,0.93,0.3,32.7,348.96,-0.53,-0.103,0.842,-0.5,0.1,-0.21,0.12,1.0,0.1,-0.3,0.4,0.4,-0.4,-0.3,-0.2,1.0,0.1,0.3,0.3,0.2,0.7,1.7,-0.4,0.6,-0.5,-0.2,-1.0,-1.4,-2.0,-3.7,-3.2,-3.3,0.5,-1.0,-1.5,-0.4,0.2,1.1,-0.4,-3.2,2.5,-5.2,-4.2,-5.3,-4.1,-3.1,-2.5,-2.0,-2.6,-1.6,-1.5,-0.9,-0.9,-1.7,-2.9,-2.2,-0.2,-0.1,-1.1,-0.1,0.2,0.8,0.1,0.8,0.3,-0.6,0.9,0.3,0.1,0.3,0.6,-0.9,-5.0,-0.9,-1.5,0.2,-0.8,-4.8,-1.3,-0.6,-0.3,-0.2,-0.2,-0.5,-1.0,-0.6,-0.7,-0.6,-1.4,-1.6,-1.3,-1.6,-0.4,0.3,-0.6,-1.6,-1.2,-2.5,-2.4,-2.2,-3.9,-3.6,-4.5,-3.7,-3.6,-2.4,1.7,-2.4,-1.9,-1.4,-2.2,-2.6,-1.9,-0.3,-2.0,-1.9,-1.9,-0.5,-1.9,-0.7,-0.6,0.6,0.3,0.8,0.7,0.7,0.8,-0.2,0.4,1.0,0.6,0.5,-0.0,-0.1,-0.8,-0.1,0.9,-0.5,-1.3,-2.2,-1.7,-1.2,0.4,-2.4,-4.8,-6.2,-2.7,-1.2,0.2,0.3,-0.5,-3.7,-2.3,-2.0,-0.6,-0.1,-3.5,-0.4,-0.3,-1.2,-4.2,-0.8,-0.7,-0.5,-0.6,-0.8,-0.8,-0.3,-0.9,-1.4,-3.7,-7.9,-4.6,-5.8,-5.2,-1.4,-1.0,-1.8,-0.7,-2.6,-3.0,-3.5,-1.9,-1.8,-1.1,-1.3,-1.6,-2.6,-11.1,-1.9,-1.6,-1.9,-1.4,-1.8,-2.8,-2.3,-2.0,-2.9,-3.5,-4.1,-5.5,-3.4,-5.5,-4.1,-0.7,-1.6,-2.9,-4.1,-2.4,-3.1,-4.3,-3.4,-3.4,-2.6,-0.7,-1.6,-2.4,-2.3
2C7L5189Qq,0,48.105119,11.638858,4443101.68,2778194.13,535.4,581.1,255,7540,1.9,0.9,0.34,32.7,348.96,-0.53,-0.103,0.841,-0.3,0.1,0.32,0.14,0.9,0.1,-0.3,-1.9,-0.6,-1.1,-1.5,-0.9,1.3,-1.1,0.3,0.4,-2.2,0.5,1.0,-0.3,-0.0,-0.5,-0.4,-1.8,-2.4,-3.3,-4.8,-8.2,-4.0,2.0,-2.3,-1.5,-0.3,-3.6,1.5,-1.0,-2.4,0.0,-5.0,-5.5,-5.0,-6.2,-3.1,-2.8,-3.0,-5.3,-1.2,-3.1,-4.3,-0.8,-1.8,-4.7,-4.3,2.2,1.6,-3.1,1.5,-2.2,-0.4,-1.3,-0.5,-0.6,-1.9,0.9,-1.1,-1.6,-1.5,-0.5,-2.8,-5.8,-3.1,-1.4,0.5,-3.1,-6.2,-2.1,-1.5,-2.5,-2.2,-1.9,-1.9,-3.3,-2.2,-2.0,-2.6,-4.9,-3.1,-3.4,-4.4,-2.8,-1.5,-3.2,-3.7,-3.3,-4.4,-3.9,-3.6,-5.0,-8.1,-10.2,-5.4,-5.5,-9.3,-2.5,-3.6,-2.8,-5.5,-5.2,-3.9,-5.4,-2.2,-4.1,-4.3,-4.4,-3.1,-3.7,-1.9,-2.7,-1.8,-2.4,-1.5,-2.9,-2.4,-0.2,-3.1,-2.2,-3.7,-0.6,-2.5,-2.1,-1.5,-2.5,-2.3,-1.7,-3.1,-2.7,-3.4,0.3,-2.8,-7.3,-3.3,-4.6,-6.2,-3.3,-0.7,0.5,0.8,-1.2,-4.9,-3.5,-2.8,-2.0,-2.1,-5.2,-2.2,-1.9,-1.9,-5.8,-3.1,-2.2,-1.9,-2.4,-0.8,-2.4,-1.5,-3.4,-1.7,-4.0,-7.9,-4.9,-4.8,-5.6,-0.3,-1.7,-2.7,-0.9,-4.9,-3.6,-4.3,-2.4,-2.4,-1.6,-2.3,-2.0,-3.1,-11.1,-2.3,-2.3,-2.6,-1.8,-1.7,-3.9,-3.4,-2.8,-3.4,-2.1,-4.1,-5.8,-3.6,-5.4,-2.8,-0.5,-2.4,-3.8,-4.7,-2.8,-3.5,-5.6,-4.3,-4.4,-2.8,-1.3,-1.9,-3.1,-3.0
2C7L5189Lp,0,48.102852,11.621059,4441781.27,2777912.97,533.7,579.4,255,7229,2.7,0.84,0.37,32.59,348.92,-0.529,-0.103,0.843,-0.3,0.1,0.53,0.21,1.2,0.2,-0.3,-0.3,-3.5,-1.1,-0.2,-0.2,-0.5,-0.8,0.1,0.9,0.7,0.6,1.4,-0.1,0.2,-0.1,-0.6,-2.9,-3.3,0.9,-1.6,-2.1,0.2,-0.8,-1.4,-2.3,-1.3,2.1,1.9,0.7,-3.8,-21.1,-6.6,-5.4,-4.9,-1.0,-6.1,-12.3,-6.0,0.6,-2.8,-0.9,-1.6,-1.6,-7.6,-3.2,-2.3,-4.3,-2.3,-5.2,-4.4,-3.6,-2.2,-0.4,-1.5,-0.9,0.5,0.6,-0.3,-0.8,1.7,-0.3,-0.8,1.1,-0.9,-1.9,0.6,0.2,0.1,-2.7,-1.5,-1.1,0.1,1.7,0.2,1.0,-1.1,-0.9,-1.9,-1.1,-11.0,-3.5,-3.8,-2.0,-5.0,-4.3,-4.7,-1.0,-6.5,-1.8,-5.2,-8.3,-2.0,-4.4,-5.0,-4.9,-6.1,-4.3,-8.3,-4.4,-4.9,-7.5,-3.3,-1.4,-1.2,-5.9,-3.2,-3.2,-4.6,-4.3,-4.5,-3.5,-3.0,-3.8,-3.7,-2.4,-3.7,-5.6,-3.5,-2.8,-3.4,-3.1,-2.9,-3.8,-3.3,-5.0,-3.1,-0.8,-2.1,-3.9,-4.9,-5.8,-1.1,-0.7,-6.0,-6.6,-4.4,-3.0,-5.4,-3.6,-2.7,-4.0,-3.2,-2.7,-4.1,-4.5,-4.0,-3.8,-2.5,-3.5,-5.0,-4.3,-6.6,-6.0,-3.5,-4.0,-5.0,-3.4,-3.3,-2.5,-2.0,-3.6,-5.5,0.4,1.6,-0.6,0.1,0.4,-3.8,-1.6,-5.6,0.6,-4.7,-6.5,-4.1,-3.6,-4.7,4.0,-1.9,-7.9,-1.1,-1.5,-1.9,-3.1,-2.7,-1.6,-2.9,0.7,-9.5,-7.0,-7.9,-6.8,-6.2,-4.0,-9.3,-12.2,2.5,-0.1,-3.9,-2.7,-1.6,3.7,-4.8,-4.1,-3.3,-0.1,-2.9,-2.1,-2.8
2C7L5189Lq,0,48.102905,11.621471,4441811.81,2777919.5,548.8,594.5,255,7230,3.8,0.69,0.46,32.59,348.92,-0.529,-0.103,0.843,-0.9,0.2,1.16,0.3,1.4,0.3,-0.3,-1.2,-1.7,0.7,-2.7,0.8,-1.8,-0.7,0.5,0.3,-5.2,0.4,0.1,-0.6,-1.9,0.5,2.1,2.8,-2.1,1.5,-1.4,0.2,0.0,2.1,-1.0,4.5,2.6,-1.1,1.0,-1.2,-4.9,-17.3,-6.6,-9.7,-9.3,-6.1,-5.5,-3.6,-2.4,-2.2,-6.8,-2.3,0.9,-3.4,-1.8,-2.9,-1.0,-4.2,-2.9,-2.6,-1.8,-1.8,-1.7,-1.6,-1.5,-1.9,0.6,-0.3,-1.7,0.2,-2.0,1.8,-1.7,-4.1,-2.0,-2.6,-3.3,-3.3,2.3,-2.1,-2.2,-2.4,0.0,-2.4,-0.6,-3.3,-1.1,-1.6,0.8,-3.2,-6.4,-4.4,-1.9,-3.2,-5.9,-5.7,-3.0,-8.5,-9.5,-6.3,-9.4,-4.3,-5.4,-8.3,-8.5,-6.3,-0.7,-5.0,-3.9,-5.1,-4.2,-5.2,-4.4,-3.7,-4.7,-7.3,-4.3,-4.2,-3.7,-4.9,-1.3,-6.0,-3.3,-2.0,-2.5,-2.0,-3.7,-4.6,-4.7,-4.2,-2.4,-1.3,-0.2,-2.5,-7.0,-6.5,-3.6,-0.2,-2.8,-3.1,-3.5,-6.9,-6.2,-4.0,-5.3,-6.3,-4.5,-8.5,-6.5,-4.6,-4.1,-0.3,-6.1,-8.9,-11.7,-6.3,-7.2,-10.2,-7.0,8.2,7.0,-9.5,-8.9,-12.8,-14.7,-14.2,-11.2,-13.2,-10.5,-11.1,3.4,-10.7,-12.7,-2.2,-5.9,-22.8,-18.7,4.0,-3.3,5.2,-0.8,-3.4,-8.2,-1.1,-17.7,-11.4,-4.2,-4.5,-1.9,-0.4,-0.8,-5.9,-3.4,-10.1,-5.5,-5.5,-8.0,-1.6,-2.1,-2.2,-2.2,-9.7,-5.1,-9.5,-5.1,-7.9,-1.0,-10.1,-6.6,-2.4,-8.8,-1.0,1.1,-4.8,0.3,-1.1,-1.8,-3.6,-1.0
2C7L5189Lt,0,48.102901,11.621441,4441809.56,2777919.03,539.0,584.7,255,7233,4.1,0.68,0.47,32.59,348.92,-0.529,-0.103,0.843,-2.0,0.2,0.25,0.31,0.9,0.3,-0.3,-0.6,-4.2,-1.7,-1.0,-0.6,-2.7,-1.0,-2.4,-3.6,-1.9,-3.9,-3.5,0.1,-0.7,-1.8,-0.3,-0.4,-7.8,-11.8,0.6,-0.0,1.2,2.2,-1.0,-0.2,3.1,0.9,-0.3,1.4,0.3,7.3,-4.8,-4.4,-4.5,-5.7,-0.9,-4.5,1.5,0.9,-4.0,-8.4,7.2,-6.7,-6.1,2.4,-5.2,-1.6,5.7,-2.7,-5.0,-5.4,-1.5,-3.7,-3.1,-4.1,-2.5,-0.6,-3.5,-5.9,-3.1,-4.6,-6.2,-7.5,-6.0,11.1,-7.0,-2.3,-0.1,-4.1,-2.9,1.0,-3.2,-3.5,-2.1,-4.9,-6.2,-4.5,-3.8,-5.2,-11.1,-6.3,5.5,-3.2,-4.6,-4.0,-10.8,-11.3,-13.5,-11.1,-10.9,-13.9,-12.1,-12.1,-12.9,-10.7,-7.3,-18.0,-14.7,-8.5,-6.8,-6.3,7.4,8.2,-16.8,7.1,1.8,0.1,1.6,-2.8,-3.7,-2.5,-3.8,5.5,-3.3,-1.5,-4.1,-3.6,-5.5,-3.8,-3.8,-4.6,-5.3,-5.4,-7.2,-6.4,-5.3,-2.5,-6.6,-7.6,-4.9,-4.9,-5.8,-6.6,-6.4,-6.8,-10.8,-6.9,-9.2,-3.2,-2.1,-7.4,-6.1,-9.0,-7.1,-7.8,-11.3,-7.7,-9.0,-7.8,-8.6,-8.4,-9.9,-10.7,-10.7,-10.2,-12.5,-10.0,-8.8,-5.5,-6.5,-8.6,-14.1,-6.2,-8.1,-9.5,-11.1,-7.9,-15.3,-6.1,-9.1,-10.3,-10.1,-9.9,-11.4,-5.9,-13.3,-5.6,-6.2,-12.3,-5.3,-7.1,-7.2,-5.1,-6.2,-5.6,-7.4,-6.8,-6.1,-5.8,-7.2,-8.7,-13.8,-5.5,-13.6,-12.4,-10.7,-11.3,-9.9,-15.1,-11.6,-19.4,-13.1,-15.8,-12.6,-12.7,-6.1,-8.1,-7.4
2C7L5189Lu,0,48.10291,11.621513,4441814.92,2777920.18,539.7,585.4,255,7234,4.6,0.58,0.5,32.59,348.92,-0.529,-0.103,0.843,-1.8,0.2,1.31,0.37,1.1,0.3,-0.3,-1.9,-2.0,-0.7,-1.1,0.4,3.3,-0.1,-2.4,-1.6,-1.1,-4.8,-2.8,-1.0,-2.0,-10.9,-2.6,-13.0,-11.3,-11.2,-13.8,-4.4,0.4,1.7,-2.4,-3.1,-1.5,-0.2,-3.7,-1.3,-5.2,5.7,-11.0,-11.2,-5.9,-4.4,-2.7,-4.5,1.3,1.0,-12.8,-14.3,6.4,-13.1,-14.9,-13.8,-15.3,-8.6,-16.8,-11.1,-9.4,-7.4,-8.8,-9.8,-7.7,-6.1,-6.8,-6.3,-8.2,-9.3,-9.4,-9.9,-11.4,-14.5,-9.3,-14.7,-10.6,-9.6,-5.8,-13.7,-10.7,-6.1,11.7,-14.3,-11.3,-14.9,-13.3,-10.0,-11.7,-12.6,-11.4,-11.2,-12.9,-7.2,-11.0,-10.8,-11.5,-12.7,-16.1,-12.9,-16.0,-14.5,-14.3,-14.6,-13.7,-15.2,-11.7,-13.3,-12.2,-14.6,-15.2,-13.9,-11.4,-13.1,-2.6,-13.5,-16.4,-10.9,-11.3,7.6,-13.5,-16.8,-17.1,-16.5,-16.6,-10.0,-11.5,-6.6,-12.1,-10.3,-8.9,-12.3,-8.8,-7.2,-12.4,-11.4,-12.5,-10.8,-11.8,-14.5,-9.9,-9.0,-9.8,-10.1,-11.9,-12.4,-13.5,-10.0,-15.8,-4.5,0.5,-10.6,-7.1,-10.8,-13.5,-10.4,-14.6,-2.1,-13.8,-12.8,-12.4,-9.4,-13.5,-15.5,-13.8,-12.0,-13.8,-12.3,-13.5,-16.0,-12.9,-13.2,-17.5,-10.5,-12.3,-12.0,-15.6,-12.2,-17.7,-10.5,-14.9,-16.2,-15.7,-9.6,-11.2,-8.3,-9.0,-8.9,-8.2,-12.1,-6.2,-12.6,-9.4,-7.2,-8.4,-3.3,-13.1,0.4,-14.9,-14.7,-14.2,-15.0,-20.2,-20.8,-19.7,-17.6,-16.9,-17.1,-14.0,-19.1,-18.5,-21.7,-18.7,-20.1,-17.2,-17.4,3.3,-11.6,-12.0
2C7L5189MU,0,48.103179,11.623605,4441970.15,2777953.47,541.4,587.1,255,7270,4.1,0.54,0.47,32.63,348.96,-0.529,-0.103,0.842,-0.4,0.2,-0.08,0.31,4.1,0.3,-0.3,-0.1,-2.1,0.4,-1.3,-3.6,8.6,-0.9,-1.3,5.8,2.9,4.1,3.9,-11.5,-6.5,-6.4,-7.7,-5.4,-5.1,-3.4,-6.0,-6.8,-7.1,-9.7,-9.7,-5.2,-11.6,-8.0,-7.8,-8.2,-10.9,-20.5,-10.5,-12.0,-13.5,-6.6,-9.2,-5.9,-6.1,-4.7,-5.5,-1.7,-8.5,-6.2,-8.2,-6.9,-12.1,-8.0,-3.9,-4.3,-3.4,2.4,-1.0,0.5,-0.7,0.1,-2.7,2.5,1.2,-1.7,-0.4,-0.8,-5.6,-4.6,-1.4,-2.4,-5.5,-1.8,-4.4,0.9,4.6,6.9,-12.0,-2.1,-2.6,-11.1,-6.4,-6.7,-7.3,-7.2,-0.7,-1.5,-7.3,-9.1,-9.2,-10.7,-6.7,-10.8,-10.0,-4.1,-5.8,-10.6,-16.5,-11.6,-7.4,-6.4,6.4,-8.7,-9.4,-10.3,-7.7,0.4,-11.0,-2.6,-11.3,-6.9,-5.2,-7.6,-5.8,-8.8,-7.4,-6.1,-5.5,-3.8,2.5,-1.5,-4.7,8.6,-4.7,-7.8,-4.6,-4.8,-5.7,-1.8,6.1,-11.0,-1.4,-3.8,-10.1,-5.6,-8.7,-8.4,-5.8,-7.3,-5.8,-9.1,-7.2,-4.7,-6.4,-3.1,2.9,-2.5,-2.6,0.7,3.9,3.1,0.5,-9.3,6.7,1.6,-1.5,-1.8,-3.2,-11.2,-15.7,-8.9,-10.7,-4.2,-8.6,-5.6,-2.3,-4.7,-4.4,-8.7,-9.5,-5.6,-14.3,-11.3,-7.7,-9.4,-8.1,-10.3,-11.7,-13.7,0.3,-4.7,-4.7,-0.7,-1.8,4.0,-1.5,-2.9,4.2,-1.6,-10.1,-10.3,-7.8,-4.3,-12.8,-7.1,-12.2,-14.5,-9.6,-8.7,-11.2,-10.0,-8.6,-4.0,-8.7,-13.5,-11.4,-3.7,0.0,-3.1,-3.2,0.3,-3.2,-4.4,-2.8
2C7L5189Oo,0,48.104216,11.631676,4442568.86,2778081.91,536.2,581.9,255,7414,1.9,0.88,0.21,32.67,348.96,-0.53,-0.103,0.842,-0.0,0.1,-0.32,0.15,1.7,0.1,-0.3,-0.5,0.4,-0.9,-0.2,0.4,1.1,-0.6,1.4,0.4,1.6,0.7,0.3,-0.5,0.3,-1.3,-0.7,-4.1,-2.2,-5.1,-4.3,-3.5,-4.2,-1.7,-1.8,-3.2,-1.8,-1.9,0.7,-2.0,-4.1,-2.4,-7.9,-5.9,-6.8,-1.7,-4.4,-2.9,-1.5,-1.6,-0.5,-2.9,-0.1,-4.0,-1.3,-2.8,-1.7,-1.4,-1.0,-1.5,0.5,-0.5,1.4,-0.3,0.4,-0.3,-0.3,0.9,1.4,0.5,0.8,0.3,2.6,-8.6,-0.2,4.8,1.0,-0.1,-2.7,0.9,0.1,1.7,-0.7,1.1,-0.1,-0.8,-1.2,-0.8,-2.0,-1.4,-3.4,-1.7,-3.6,-0.3,-1.9,-0.9,-3.9,-2.4,-3.4,-3.5,-3.8,-2.3,-3.4,-1.3,-4.2,-1.5,-1.7,-0.4,-2.1,0.2,-2.6,-1.6,-2.7,-0.2,-1.5,-1.5,-1.1,-1.1,-0.1,0.9,-0.8,0.4,-0.1,2.3,0.1,1.2,2.3,-10.9,1.1,1.0,1.1,-8.4,1.7,0.9,0.6,0.6,-0.5,1.1,0.1,-0.8,-2.6,-2.2,-0.8,0.5,-1.3,-3.3,-4.5,-3.3,-5.7,-0.2,2.8,0.8,-0.4,-2.0,-1.4,0.5,1.2,1.4,-0.0,1.4,1.4,0.4,1.3,1.4,0.9,0.4,0.3,-0.1,0.1,-0.6,-1.4,-3.5,-5.6,0.6,-3.5,-3.8,-0.7,0.8,-3.5,0.2,-1.9,-0.9,-2.7,-3.9,0.6,-1.3,0.7,0.3,1.8,-7.0,1.4,0.4,-0.1,-1.1,-1.1,-0.5,-1.4,-1.0,-2.1,-3.4,-4.0,-5.3,-3.3,-4.6,-4.7,-2.1,-3.1,-4.3,-4.3,-2.3,-1.6,-1.8,-1.0,-1.5,-0.4,1.9,1.3,1.3,-0.5
2C7L5189Os,0,48.104248,11.631925,4442587.36,2778085.87,536.7,582.4,255,7418,3.0,0.74,0.39,32.67,348.96,-0.53,-0.103,0.842,-0.8,0.1,-0.14,0.23,2.8,0.2,-0.3,1.0,-0.4,0.5,-5.7,-0.3,4.1,-1.4,-0.0,-2.6,-2.8,-2.2,0.4,-3.1,-1.5,-1.8,-2.8,-6.3,-1.6,-12.7,-3.5,-5.8,-7.5,-1.4,-7.4,-12.3,-6.6,-5.0,2.7,-0.8,-8.5,-8.2,-10.5,-9.3,-11.4,-2.4,-8.4,-10.3,-3.9,-4.6,-11.3,-3.9,-0.5,-7.6,-4.1,-1.9,-3.7,-1.2,-2.4,-1.9,-0.8,-2.9,0.8,-5.0,-1.7,-2.3,-1.6,3.6,0.6,-2.0,-1.7,-6.7,1.1,-7.5,10.4,-2.9,0.6,-3.0,-7.9,-3.2,-4.2,-2.7,-4.0,-10.5,-3.4,-8.6,-6.2,-5.1,-7.1,-8.1,-9.8,-5.2,-7.2,-4.2,-6.2,-4.4,-7.0,-7.3,-6.3,-7.8,-8.1,-8.3,-3.7,-4.3,-10.0,-5.4,-4.3,-0.0,-7.4,-8.0,-3.4,-5.8,-8.4,-4.2,-3.5,-9.2,-2.8,-3.9,-3.6,-3.1,-3.4,-3.1,-3.3,-3.0,-2.6,-0.3,-1.4,-3.1,-3.2,-1.8,-2.2,4.2,-4.4,-2.4,-6.5,-6.7,-6.4,-1.7,-5.8,-5.6,-10.1,-6.1,-5.9,-5.4,-9.1,-8.6,-10.7,-5.2,-8.3,-1.7,0.5,-1.0,-3.0,-4.4,0.2,-3.3,-3.8,-6.8,-4.1,-6.8,-1.7,-7.0,-3.0,-5.0,-6.1,-5.1,0.7,-6.3,-4.9,-6.1,-5.1,-8.4,-10.6,-7.2,-11.8,-6.4,-2.9,-6.0,-8.9,-2.7,-4.5,-2.8,-10.3,-8.8,-3.3,-3.7,-7.5,-3.4,-2.4,9.4,-3.5,-7.2,-4.8,-7.1,-5.1,-6.7,-14.7,-5.1,-8.6,-7.3,-8.7,-15.0,-8.2,-12.1,-9.6,-6.2,-7.9,-8.9,-17.4,-5.4,-2.7,-6.5,-4.2,-9.7,-6.4,-4.1,-3.5,-6.4,-3.3
2C7L5189Pi,0,48.104623,11.634843,4442803.81,2778132.3,536.5,582.2,255,7470,4.5,0.61,0.42,32.68,348.96,-0.53,-0.103,0.842,0.4,0.2,-1.04,0.34,0.7,0.3,-0.3,3.5,3.1,-1.5,6.4,1.0,2.1,4.7,8.6,-3.4,6.3,5.2,4.8,-3.7,7.1,-0.5,-6.9,0.3,-3.8,-9.4,-7.8,-2.3,-2.3,4.2,0.6,2.1,6.0,-2.0,3.6,1.0,0.3,4.3,-4.0,-5.5,-5.2,-2.4,3.6,-3.3,1.5,2.8,5.9,2.9,8.0,1.6,3.5,-0.7,-2.6,6.5,4.7,-5.3,-9.3,-3.0,14.8,-7.5,-9.7,-9.4,-8.4,12.9,2.3,-9.6,-2.8,2.3,4.0,-0.2,7.2,11.1,5.6,4.0,4.6,2.2,1.3,5.5,16.8,5.3,0.8,-4.5,-5.6,2.5,-0.8,-1.6,14.4,11.9,5.7,3.1,5.7,-0.5,1.1,4.5,4.8,1.7,1.2,1.8,3.7,-3.6,-1.8,-3.0,4.5,3.1,6.2,5.7,2.2,3.0,5.2,2.8,5.6,6.3,5.8,5.1,7.6,2.1,6.7,4.1,2.9,4.4,4.4,6.9,5.8,5.3,9.5,7.0,5.9,6.7,7.4,10.0,3.9,4.5,3.6,6.7,4.8,7.6,-1.7,3.7,4.8,6.2,1.5,-1.9,-2.1,3.4,2.4,6.7,7.4,3.1,17.4,1.5,3.7,2.9,2.9,6.0,3.9,-2.0,-0.5,-4.9,1.6,4.1,0.1,0.0,1.6,8.1,1.8,-0.5,4.7,6.5,-1.8,8.2,-0.7,-2.0,4.0,2.6,4.7,4.4,5.6,-3.2,3.3,-1.2,-0.9,1.4,7.0,-3.6,6.6,12.9,1.5,7.4,-0.2,3.3,0.1,1.0,2.4,3.9,1.8,6.3,4.5,-3.0,4.4,1.8,3.7,1.9,3.7,6.4,-3.5,4.6,0.5,6.1,2.5,3.9,0.6,0.4,2.3,1.5,3.4
2C7L5189Pm,0,48.10466,11.635135,4442825.52,2778136.96,537.2,582.9,255,7474,3.6,0.75,0.47,32.68,348.96,-0.53,-0.103,0.842,-0.8,0.2,0.44,0.28,0.6,0.2,-0.3,2.5,1.2,-5.4,12.9,1.5,-13.7,0.3,2.4,-9.3,6.1,-11.9,-6.5,-4.3,-4.7,-3.6,-2.3,-1.4,-1.7,-5.9,-6.0,3.5,0.0,-1.7,4.7,-8.8,-6.0,1.8,1.2,11.2,-3.5,-1.6,-6.9,-7.4,-11.2,8.6,-6.2,-4.7,-5.4,-4.5,-1.5,0.1,1.1,0.7,-4.1,8.5,0.1,1.1,-2.2,-6.2,-4.2,2.4,9.4,-13.4,-2.1,-1.8,1.3,-2.2,-3.7,-2.2,-1.1,-2.7,0.5,-3.3,-6.9,-6.9,-3.6,-3.9,-7.7,-5.1,-1.9,-5.9,-7.5,-2.9,-3.6,-4.1,-3.7,-1.6,-3.9,-8.2,-2.0,-7.4,-0.7,0.9,-4.6,-1.0,-4.4,-3.8,-2.8,-6.1,-5.1,-5.0,-6.8,-8.1,-7.3,-7.0,-0.5,-4.0,-7.4,-4.8,-7.7,-8.2,-12.0,-6.1,-2.8,-3.4,-8.9,-3.6,-3.0,-5.4,-4.3,-4.1,-3.9,-3.7,-4.4,-2.4,-5.3,-5.9,-8.7,-6.9,-6.9,0.3,-6.0,-1.0,-4.9,-5.1,-2.4,-2.2,-3.4,-1.1,-8.3,-6.4,-7.7,0.5,-7.2,-4.8,-10.3,-6.0,-6.0,0.3,-0.4,-1.2,-8.8,-3.9,-2.4,-3.2,-4.5,-1.9,-3.3,-0.5,-4.6,-2.5,-4.1,-2.9,-2.8,-4.5,-1.7,-3.2,-3.0,-4.3,-3.9,-1.4,-10.7,-7.6,-4.4,-8.7,-6.9,-4.7,-2.5,-2.2,-1.0,-4.1,-8.3,-7.5,-2.4,-4.6,-2.4,-4.2,-4.6,-7.3,-4.5,-6.0,-6.3,-6.5,-5.7,-7.5,-7.9,-6.0,-4.3,-6.6,-4.0,-5.7,-5.4,-6.0,-8.1,-5.4,-6.1,-6.2,-8.3,-4.6,-5.0,-7.6,-5.5,-5.6,-6.1,-3.2,-6.8,-4.2,-4.2
2C7L5189Pt,0,48.104705,11.635481,4442851.16,2778142.46,535.6,581.2,255,7481,3.8,0.58,0.49,32.69,348.96,-0.53,-0.103,0.842,2.1,0.2,-2.44,0.29,1.8,0.3,-0.3,-0.8,-0.1,-0.6,-0.3,-0.2,-1.3,0.1,-0.3,0.6,-2.5,0.3,0.4,-0.5,-0.6,-0.9,-0.5,-2.6,-4.4,-5.8,-8.4,-5.2,-5.5,-5.1,-4.7,-1.7,-4.9,-2.9,-4.7,12.8,11.2,9.1,6.6,2.5,1.2,5.9,7.9,5.6,8.2,7.6,4.5,5.3,5.9,3.1,15.0,3.5,6.8,4.8,4.1,7.3,3.6,3.0,7.7,7.5,6.1,3.5,4.3,9.4,8.7,8.9,7.7,10.8,8.4,6.3,2.7,10.1,2.8,1.6,0.1,2.3,4.1,1.5,4.2,1.7,4.6,4.0,2.0,4.2,4.3,4.2,3.0,4.5,16.1,6.8,4.5,5.3,4.9,9.2,7.2,3.6,-0.3,-0.1,-0.6,3.1,-5.0,9.2,7.7,6.2,5.8,6.7,7.0,5.5,9.2,8.8,12.4,10.0,8.3,8.7,9.4,9.3,10.1,11.2,11.4,13.0,13.3,13.1,10.9,13.6,15.1,18.2,11.1,-3.3,11.7,7.1,13.8,-4.3,19.1,-4.8,12.2,9.7,12.7,13.9,14.5,13.9,13.8,12.5,13.0,13.4,9.3,11.8,12.9,5.5,11.9,11.2,11.5,11.0,12.5,12.4,12.8,13.7,16.0,18.7,19.9,15.4,14.7,12.1,11.8,12.1,13.2,12.8,10.2,9.1,5.1,7.2,5.2,5.7,9.4,11.5,12.5,8.2,11.2,10.8,10.7,7.6,9.4,6.7,9.2,14.8,12.4,14.4,11.8,12.1,12.4,10.1,10.4,12.1,11.3,8.4,12.1,9.7,8.7,10.1,8.3,8.6,9.7,10.2,6.4,10.7,7.4,8.9,12.7,8.2,7.3,8.4,8.7,8.3,9.0,10.4,9.5
2C7L518QOt,0,48.102921,11.621454,4441810.5,2777921.29,545.4,591.1,256,7231,2.2,0.89,0.32,32.59,348.92,-0.529,-0.103,0.843,-0.8,0.1,0.29,0.17,0.6,0.1,-0.3,-0.6,-0.2,0.2,-2.2,-0.9,-2.8,-1.6,0.9,3.0,-0.6,1.9,0.9,1.1,-2.4,-1.3,-2.1,-0.8,-2.1,-1.4,-1.1,-0.8,-2.3,-1.8,-0.3,-4.4,-1.8,1.3,-0.2,1.1,-3.8,6.4,-5.5,-4.4,-5.8,-3.2,-6.4,-6.0,-1.6,0.5,-5.0,-2.0,-0.2,-2.6,-3.4,-2.6,-1.2,-1.5,-0.1,-0.5,2.6,0.6,-0.6,0.0,-1.6,-0.3,-1.1,-1.4,-1.1,-1.3,-1.0,-2.4,-1.8,-1.0,-3.3,-0.6,-3.1,-2.0,-0.5,-2.3,-1.0,-3.2,-1.1,-1.2,-2.6,-4.2,-3.7,-5.2,-3.6,-5.3,-3.5,-2.9,-3.8,-2.4,-3.7,-1.7,-3.5,-6.3,-8.2,-4.6,-7.1,-3.6,-3.1,-4.5,-6.3,-3.2,1.1,-2.0,-3.4,-1.7,-1.2,-1.0,-1.6,-2.9,-3.6,-4.6,-1.3,-2.0,-0.9,-1.6,0.0,-2.7,-0.9,-1.0,-2.0,-0.5,-1.4,-2.2,-3.3,-2.1,-1.3,-2.9,-0.1,-1.2,-2.6,-3.3,-3.0,-2.8,-5.3,-3.3,-3.5,-5.2,-4.4,0.0,-4.3,-5.7,-3.9,-5.5,-3.7,-0.3,-3.1,-2.4,-2.6,-4.0,-4.0,-0.2,-5.4,-4.7,-3.5,-4.6,-6.7,-5.7,-6.5,-7.9,-7.4,-4.5,-5.8,-3.3,-3.1,-2.3,-1.1,-2.5,-3.6,1.0,-4.9,-5.7,-0.6,-0.7,-6.6,7.9,0.6,-3.2,-7.6,-6.1,-7.9,-6.7,-4.4,-7.4,-4.1,-0.9,-5.6,-5.8,-6.5,-7.4,-5.3,-4.9,-3.6,-3.6,0.3,-0.5,-6.4,-7.4,-4.2,-7.1,-4.4,-6.0,-4.6,-5.1,-4.6,-4.3,-6.6,-3.3,-3.6,-5.8,-2.2,-2.2,-6.9,-3.0,-1.4
2C7L518QOy,0,48.102945,11.621638,4441824.15,2777924.23,540.8,586.5,256,7236,2.3,0.82,0.4,32.59,348.92,-0.529,-0.103,0.843,-1.1,0.1,-0.64,0.18,2.1,0.2,-0.3,-1.6,0.8,1.6,1.0,1.6,1.8,1.9,-2.9,0.3,-1.0,-1.5,-1.5,-2.2,-2.6,-2.1,-2.3,0.1,-3.3,-3.5,-3.1,-4.5,-4.1,-4.0,-3.8,-2.3,-3.4,-3.9,-3.7,-3.1,-6.3,-0.3,-8.0,-7.2,-9.0,-7.5,-7.3,-6.0,-6.3,-2.0,-4.0,-2.2,-3.7,0.0,-6.2,-5.6,-5.7,-6.2,-2.4,-7.9,-5.4,-5.4,-4.6,-2.4,0.8,2.4,3.6,1.6,1.9,-4.3,2.3,-3.3,-4.6,2.6,0.7,-4.3,0.4,1.0,-7.0,-4.4,-4.6,-3.5,-4.5,-2.4,-4.3,-4.7,-3.6,-3.2,-3.9,-3.6,-3.4,-5.4,-5.2,-2.5,-6.6,-5.7,-4.7,-4.7,-7.6,1.2,-4.9,-4.6,-6.2,-4.6,-4.7,-5.1,-3.6,-4.2,-4.7,-3.9,-2.3,-4.0,-5.2,-5.2,-1.3,-4.4,-4.4,-4.4,0.5,0.3,-1.0,-0.1,0.9,-4.1,-0.3,-3.5,4.3,-5.8,5.7,3.3,-5.1,5.2,-2.5,-4.2,-5.4,-4.3,-3.1,-2.9,-4.9,-4.2,-4.2,-5.0,-3.6,-3.2,-4.7,2.3,-4.3,-5.6,-5.1,-1.8,-4.3,-3.4,-4.2,-4.2,-0.1,-1.5,-3.4,-3.7,0.4,-2.1,-5.6,-4.0,-2.6,-5.5,-4.8,-4.4,-4.8,-9.5,-8.0,-5.7,-7.6,-1.9,-8.2,-6.8,-6.2,-7.1,-8.1,-7.7,-7.3,-1.6,-7.1,-7.0,-2.5,-5.2,-6.1,-2.5,-7.7,-2.5,0.3,-2.8,-1.9,-3.0,-5.7,-8.5,-7.7,-6.4,-6.6,-9.7,-6.8,-12.3,-8.6,-7.8,-11.1,-6.5,-7.7,-11.2,-6.3,-8.7,-8.5,-9.7,-8.5,-9.7,-12.0,-5.0,-4.4,-6.3,-7.6,-6.1,-5.8
2C7L518QP4,0,48.102978,11.621894,4441843.17,2777928.32,537.6,583.3,256,7242,3.5,0.76,0.46,32.6,348.92,-0.529,-0.104,0.842,-0.6,0.2,-0.66,0.26,0.6,0.2,-0.3,-0.6,-1.7,0.4,0.6,2.2,-7.4,0.2,-4.1,-6.1,-1.9,-0.8,0.6,0.8,-1.3,0.4,3.2,2.1,-1.1,0.8,-4.2,-3.1,0.6,0.7,3.2,1.9,3.4,1.4,-1.8,-3.3,-5.0,7.8,-7.2,-3.6,-4.6,-3.7,-4.3,-2.6,-0.1,1.0,4.9,1.8,-0.7,1.7,0.0,-2.5,2.1,2.5,1.9,-0.3,3.0,4.4,-3.0,11.8,2.6,-1.2,-2.9,-8.8,-6.1,-7.1,-2.5,-3.8,-2.4,-2.2,-5.0,-1.3,-1.4,-5.4,-3.8,-4.0,-2.9,-4.5,-1.5,1.2,-3.2,-3.3,-2.9,0.9,-1.2,-0.4,-1.8,-3.4,-3.5,-1.3,-4.4,-2.4,-1.5,-2.0,-5.3,-2.1,-2.7,-2.2,-2.1,-2.8,-2.3,-4.6,1.5,-0.3,1.9,0.3,1.4,0.0,0.1,-2.3,-1.8,-5.6,-1.8,-2.1,-1.9,0.2,0.5,-1.5,-1.6,0.7,-0.3,0.5,12.7,-7.3,-3.6,-0.7,-4.2,1.6,5.1,4.5,4.3,2.3,-0.1,1.7,-5.8,3.5,-3.3,0.1,-0.0,-1.3,-5.3,-4.7,-4.5,-0.8,-1.0,2.3,-0.6,-0.6,1.0,9.1,-6.1,0.9,-0.0,6.6,0.6,12.4,-5.6,3.2,2.8,0.2,-0.8,-1.9,-1.2,-4.6,-5.0,-5.0,-2.2,-6.1,-7.7,-2.5,-1.9,-1.2,-0.8,-2.0,-8.0,-1.9,-2.7,-2.9,-4.5,-4.2,-3.7,-5.3,-2.4,-6.7,-1.5,-8.5,-0.6,-0.4,-1.3,-1.0,-1.7,-1.5,-1.7,-1.7,0.1,-0.3,-2.8,-5.8,-12.0,9.2,-8.7,-4.9,-5.4,-5.9,-5.9,-3.9,-4.0,-6.4,-7.7,-4.6,-3.3,-4.7,-5.8,-2.9,-3.6
2C7L518QR3,0,48.103893,11.62902,4442371.78,2778041.69,542.4,588.1,256,7365,2.2,0.87,0.36,32.66,348.96,-0.53,-0.103,0.842,-0.6,0.1,-0.07,0.17,0.8,0.1,-0.3,2.3,4.1,5.6,1.3,0.0,-1.0,3.0,4.4,0.8,-3.8,-0.6,-0.0,-3.3,-2.7,-4.2,-2.6,2.5,0.4,1.0,-3.0,-1.5,2.6,-1.5,1.2,1.4,-1.6,1.3,-1.6,0.7,-3.5,-1.2,4.3,-4.2,-0.5,0.7,-1.3,0.3,2.2,-5.1,-3.1,1.4,-0.3,0.3,4.0,1.8,-0.2,-3.9,-2.7,-1.9,-1.5,-1.4,-2.4,-1.6,-0.9,-1.4,-0.2,-1.5,-0.8,0.1,0.3,-1.2,-1.5,-3.2,-3.2,-6.4,0.1,-1.4,-1.9,-3.7,-2.6,-1.9,-3.7,-1.8,-1.9,-2.8,0.2,-1.3,-4.3,-4.8,-0.5,-5.3,0.4,2.0,2.9,-0.6,0.3,-0.8,-1.7,-0.4,1.2,1.0,-3.4,-2.1,2.3,1.3,0.9,1.9,4.7,-2.7,0.3,3.8,2.8,-0.1,-3.7,0.6,-0.9,-3.1,0.7,-2.7,0.2,-2.4,-1.6,-1.0,-1.0,-0.7,-1.7,-1.9,-1.1,-1.9,-1.1,-1.7,-1.4,-2.8,-2.1,-1.0,-1.2,-2.9,-0.1,-1.0,-2.1,-1.8,-1.2,2.1,0.9,-4.2,0.7,-0.6,-3.0,3.8,1.3,-5.6,2.5,-2.4,-1.6,-2.5,-2.1,0.3,0.4,-1.6,-2.7,-2.6,-3.1,-1.8,-1.2,-2.8,-2.5,-4.0,-3.3,1.1,1.2,-0.7,-2.5,-1.0,-2.5,-0.4,0.3,0.2,-4.0,0.7,3.1,-3.0,-3.4,-5.1,-6.8,-6.1,-5.3,-1.1,-2.7,-11.2,-4.6,-4.1,-3.3,-0.8,1.6,-1.7,-0.1,-2.7,-0.2,-3.0,-3.5,-5.9,-1.9,2.7,-5.3,-4.1,-4.3,-1.2,-2.6,-4.0,-1.3,-4.4,-2.5,-5.1,-6.8,-3.9,1.2,-5.2,-2.9
2C7L518QRk,0,48.10419,11.631326,4442542.89,2778078.41,535.2,580.9,256,7408,2.4,0.79,0.32,32.67,348.96,-0.53,-0.103,0.842,0.0,0.1,-0.31,0.18,2.7,0.2,-0.3,0.8,-0.2,1.5,-2.3,-0.9,0.5,2.2,0.5,-0.3,1.2,0.8,0.3,0.0,0.0,-0.7,-1.2,-5.7,-3.4,-6.1,-4.2,-5.0,-4.2,-1.9,-3.6,-4.2,-3.5,-4.0,-1.7,-4.5,-5.5,-5.7,-8.7,-7.6,-7.9,-4.7,-7.0,-5.7,-2.5,-4.8,-2.8,-4.8,-1.9,-5.9,-5.1,-4.2,-2.6,-2.8,0.8,-2.1,0.6,0.2,0.3,-0.3,0.4,-0.9,-0.7,2.1,-0.6,0.5,1.6,1.3,2.8,-9.5,9.1,9.4,0.6,-1.5,-6.4,0.6,-1.4,1.7,1.1,-1.5,-1.2,-1.1,-1.9,-1.0,-3.0,-2.0,-3.3,-1.7,-5.3,-1.8,-5.0,-2.3,-6.1,-3.1,-4.4,-3.5,-5.7,-4.9,-3.0,-3.8,-2.9,-3.6,-3.9,-0.9,-3.7,-1.6,-5.5,-2.9,-5.4,-2.3,-2.2,-1.6,-0.8,-1.8,0.1,-0.1,-0.2,0.8,0.5,3.8,-0.6,0.7,1.2,6.9,-1.0,2.2,-0.7,-13.0,-0.7,0.7,-1.4,0.3,-0.7,1.4,-1.7,-2.1,-3.4,-3.4,-2.6,-1.2,-3.0,-5.6,-5.9,-3.6,-4.5,-1.5,3.0,-1.2,0.2,0.7,-0.3,1.9,2.3,-5.4,0.1,-0.1,2.5,2.2,0.5,2.0,2.2,-0.4,1.3,-1.3,-0.3,-1.6,-3.4,-5.4,-7.8,-1.2,-1.6,-5.8,-0.9,-2.1,-4.4,-1.1,-2.6,-1.9,-4.3,-4.1,1.0,-1.1,1.9,-1.1,-0.5,-8.0,-0.8,-1.0,-0.8,-0.9,-3.1,-1.4,-3.5,-0.6,-5.1,-6.4,-1.8,-7.4,-5.0,-4.5,-5.1,-8.5,-3.5,-5.7,-3.6,-3.2,-3.3,-1.6,-1.9,-2.5,1.4,5.5,5.0,2.8,-0.0
2C7L518QRl,0,48.104197,11.631386,4442547.35,2778079.37,535.3,581.0,256,7409,2.0,0.9,0.27,32.67,348.96,-0.53,-0.103,0.842,-0.2,0.1,-0.37,0.16,0.9,0.1,-0.3,-0.2,1.5,-0.4,-2.7,-0.4,1.7,0.5,1.0,0.7,3.0,1.4,1.8,-0.0,1.1,-0.3,-0.9,-2.4,-2.7,-3.9,-3.4,-2.3,-2.5,-1.1,-0.9,-1.3,-1.1,-0.8,0.9,-1.6,-2.6,-2.0,-6.0,-4.7,-5.7,-2.1,-3.4,-1.9,-0.2,-1.4,-1.1,-1.9,0.4,-2.8,-1.4,-1.9,-0.7,-1.4,0.6,-0.9,1.8,0.8,0.9,0.4,1.3,0.0,1.1,3.2,0.8,1.4,1.1,0.4,3.8,-6.5,9.8,-8.1,1.6,0.7,-3.4,0.8,0.8,1.4,1.0,1.5,0.8,0.5,-0.4,0.5,-0.6,0.1,-1.7,0.5,-2.2,-0.0,-1.9,0.6,-2.8,-1.8,-1.1,-2.5,-2.6,-1.6,-1.1,-0.9,-2.2,-0.9,0.0,1.2,-1.0,0.5,-2.6,-1.5,-1.5,-0.0,-0.0,0.1,-0.4,-0.2,0.2,0.8,-1.4,-1.1,0.6,0.9,-0.9,1.0,0.6,-8.7,-0.4,1.4,0.7,-9.1,-0.0,-0.3,-0.3,2.0,0.7,2.2,0.2,-0.5,-2.0,0.0,-0.0,0.4,-0.9,-1.8,-3.0,-1.4,-4.0,-1.0,2.2,1.1,-1.7,-1.2,-2.2,-0.3,-0.2,-1.0,-0.3,0.2,2.4,0.9,-0.5,0.8,-0.5,0.3,1.8,-0.0,1.0,-0.8,-0.8,-2.7,-4.5,0.1,-1.8,-3.0,0.3,-0.3,-3.1,0.7,-0.8,-0.2,-0.7,-3.4,-0.2,-1.5,1.6,-1.1,0.9,-7.2,-1.1,-0.9,-0.4,-1.1,-1.2,-0.5,-0.5,-1.3,-1.1,-2.0,-4.3,-3.7,-0.8,-3.2,-2.3,-2.4,-2.6,-3.1,-2.1,-1.8,-1.9,-0.5,-0.9,-1.4,-1.4,2.8,-9.2,-2.4,-1.0
2C7L518QRn,0,48.104214,11.631519,4442557.23,2778081.48,536.3,582.0,256,7411,2.0,0.87,0.25,32.67,348.96,-0.53,-0.103,0.842,-0.1,0.1,-0.09,0.15,1.8,0.1,-0.3,0.1,0.6,-0.3,-0.8,-1.5,0.6,0.2,0.0,-0.6,1.7,-1.3,-0.2,-1.8,-1.7,-1.3,-0.5,-2.9,-1.2,-4.3,-2.9,-4.3,-5.4,-4.3,-3.2,-3.0,-4.3,-3.7,-0.5,-4.6,-5.0,-4.6,-8.4,-7.1,-7.5,-3.4,-4.9,-3.9,-1.7,-3.2,-1.8,-5.0,-0.9,-4.0,-2.4,-3.5,-2.3,-2.7,-1.9,-2.7,-1.6,-1.3,-0.2,-1.4,-1.2,-1.4,0.1,0.1,0.6,-1.4,-0.4,-0.4,1.6,-6.9,4.0,-6.7,1.1,-0.5,-3.3,-0.3,-1.8,1.1,-1.3,-0.4,-0.5,-2.4,-2.3,-2.8,-3.8,-2.6,-5.2,-2.6,-5.3,-1.9,-3.9,-1.7,-4.3,-4.1,-3.5,-2.6,-5.5,-4.4,-5.1,-4.0,-5.1,-2.8,-2.9,-1.6,-3.9,-1.9,-4.9,-3.9,-4.4,-1.7,-2.8,-1.8,-3.1,-2.2,-2.0,-0.9,-4.1,-1.5,-2.1,0.1,-3.4,-0.5,-0.1,-7.8,-0.6,-0.4,-1.0,-12.1,-0.5,0.6,-0.6,-0.2,-1.3,-0.5,-2.6,-2.9,-4.7,-3.6,-2.1,-1.3,-3.2,-4.4,-7.4,-5.0,-6.8,-1.6,1.7,0.6,-2.7,-3.2,-0.9,-0.5,-0.1,-0.2,-0.1,0.7,-1.8,-0.0,1.8,0.3,-1.1,-1.9,-0.7,-1.9,-2.0,-2.2,-4.7,-5.8,-7.0,-0.9,-3.4,-5.1,-1.4,0.3,-4.7,0.4,-3.3,-1.3,-5.2,-4.8,1.3,0.3,0.8,0.3,1.0,-9.2,-0.0,-1.2,-1.2,-1.9,-1.2,-0.9,-3.5,-2.8,-5.9,-5.9,-5.5,-6.8,-5.7,-4.6,-3.2,-4.6,-5.8,-6.5,-4.4,-2.3,-2.9,-4.5,-3.1,-2.8,-1.4,0.5,1.1,-0.8,-1.2
2C7L518QRo,0,48.10422,11.63156,4442560.26,2778082.14,535.5,581.2,256,7412,1.9,0.9,0.26,32.67,348.96,-0.53,-0.103,0.842,-0.0,0.1,-0.26,0.15,1.2,0.1,-0.3,0.2,0.9,-0.1,-0.2,-1.0,1.8,-0.6,0.1,-0.4,2.2,-1.1,0.2,-1.8,-0.7,-1.1,0.0,-1.2,-1.3,-2.6,-1.7,-3.6,-4.0,-2.5,-1.1,-2.3,-1.9,-3.6,1.2,-3.8,-2.7,-3.0,-5.9,-4.1,-5.0,-2.3,-2.6,-0.9,1.0,-0.9,-0.2,-3.1,-0.3,-2.6,-0.6,-2.7,-1.1,-1.3,0.2,-2.0,0.6,-1.9,-0.5,-0.4,-0.3,-1.0,0.8,0.3,0.7,-0.4,1.0,-0.2,1.5,-9.2,-7.1,5.5,1.5,-0.7,-4.1,-0.6,-1.8,1.6,-0.8,0.2,-0.7,-0.5,-0.5,-0.8,-2.4,-1.1,-1.3,-0.8,-2.9,-0.7,-2.8,-0.4,-1.6,-2.1,-0.7,-1.0,-2.8,-2.7,-2.3,-1.6,-1.7,0.3,-1.2,0.8,-1.6,-0.1,-4.0,-2.3,-2.5,-0.1,-2.7,-0.5,-1.8,-1.2,-0.9,0.7,-1.5,0.3,-1.0,2.4,-2.2,-0.3,1.8,-2.1,0.7,0.7,1.6,-8.1,1.6,0.8,0.1,0.1,0.8,0.8,-1.1,-2.2,-3.4,-1.0,-0.1,0.6,-1.8,-2.5,-4.6,-3.2,-5.7,-0.7,4.0,0.5,-0.2,-1.5,-0.5,0.5,0.5,1.4,1.0,1.8,0.3,2.3,1.3,0.7,-0.1,-1.5,0.2,-0.5,-1.2,-0.5,-2.7,-3.2,-5.9,-0.7,-2.1,-4.3,0.2,1.5,-2.8,-0.7,-1.9,0.4,-2.3,-4.2,2.1,0.2,2.9,0.4,2.6,-9.3,-0.1,-0.8,0.6,-1.1,-0.5,-0.9,-1.9,-2.4,-3.6,-2.9,-3.1,-5.2,-3.7,-2.9,-2.0,-2.5,-3.7,-2.9,-1.4,-1.0,-2.2,-4.1,-3.1,-1.0,0.7,1.9,4.5,-0.6,-3.1
2C7L518QT0,0,48.10478,11.635928,4442884.25,2778151.61,544.9,590.6,256,7486,3.9,0.68,0.52,32.69,348.96,-0.53,-0.103,0.842,-0.2,0.2,-0.06,0.3,0.5,0.3,-0.3,-1.5,0.9,-4.9,2.9,3.8,-2.5,-0.7,4.9,-0.6,2.8,1.9,-0.3,-0.7,2.4,0.7,-1.5,-0.9,-1.6,-5.0,-1.3,-8.4,-7.6,-11.0,-1.4,-2.4,-3.9,-3.0,5.2,-1.8,-6.9,2.9,-8.7,-5.7,-4.7,-1.6,-5.1,-0.0,1.5,0.9,-2.7,0.6,-10.9,-0.6,4.4,2.5,-4.1,1.2,-12.6,-4.3,-4.0,-0.1,-6.3,-1.1,-0.5,0.2,-1.5,-6.8,1.1,1.6,-1.7,-3.7,6.7,1.0,-0.9,-3.1,-0.2,-9.8,1.6,-4.9,-2.4,4.2,-2.7,-6.1,-2.5,-2.3,1.7,-2.6,-3.7,-1.8,-3.6,-4.8,-1.4,-1.5,-3.1,-6.3,-2.3,-4.3,0.2,-3.4,-5.4,-4.2,-4.8,-4.6,-8.4,-3.8,-3.9,5.8,-3.3,-2.5,-3.3,-1.1,-2.1,-1.3,0.8,-3.4,-2.7,-2.3,-2.5,-1.7,-1.6,-2.7,-3.3,-1.1,-2.7,-2.3,-3.6,-0.5,-4.9,-3.1,-4.3,-1.5,-2.5,-4.0,-3.0,-0.6,1.7,1.6,-1.7,-1.5,-8.7,-2.9,-2.7,0.2,-2.6,-6.6,-1.4,-2.6,-4.1,1.2,6.2,-12.5,-0.5,-6.8,-2.9,-1.1,-2.3,-1.5,-0.8,-2.2,-0.5,6.4,0.2,3.5,1.6,-0.6,-1.7,-9.6,-2.3,0.5,-6.5,-0.2,5.9,-5.4,-6.6,-5.7,7.8,-1.1,4.6,-1.1,-3.0,-5.5,-4.2,-15.8,6.8,6.6,-9.0,-13.2,-2.2,4.7,0.0,-3.2,0.5,-3.2,-1.9,-5.5,-3.6,-1.3,-9.0,3.2,-6.4,-4.4,-1.3,-5.2,-4.9,-4.1,1.5,8.0,5.1,1.0,-4.0,-10.6,-7.3,-6.8,-7.7,-6.8,-11.0,0.5,-0.5
2C7L518QRh,0,48.104184,11.631137,4442528.83,2778077.46,534.9,580.6,256,7405,2.0,0.9,0.28,32.67,348.96,-0.53,-0.103,0.842,0.0,0.1,-0.19,0.15,1.5,0.1,-0.3,0.1,1.1,0.1,0.7,0.2,1.2,-0.0,0.8,-0.1,0.9,-0.6,0.6,-1.5,-1.4,-1.1,-1.0,-1.2,1.8,-1.9,-2.4,-2.1,-3.0,-1.8,-0.8,-1.5,-2.8,-1.4,0.4,-3.1,-4.5,-2.4,-7.5,-6.1,-6.0,-2.1,-3.8,-2.1,-0.8,-2.1,-1.0,-3.4,-0.2,-2.7,-2.7,-3.9,-2.9,0.1,-1.4,-0.5,0.2,-0.3,-0.7,-0.2,-0.2,-0.1,-0.9,0.8,-0.3,-0.0,0.7,1.1,1.4,-10.2,5.7,14.0,0.7,-0.4,-3.1,-0.2,-0.8,0.9,-0.0,0.8,-0.3,-0.4,-1.9,-0.6,-1.3,-0.5,-1.9,-0.8,-1.8,-1.8,-2.4,-2.4,-3.2,-5.5,-1.6,0.4,-2.6,-3.0,-1.9,-1.3,-5.0,-1.6,-1.4,-0.1,-1.4,1.2,-1.9,-1.5,-2.9,-0.6,-0.9,0.1,-0.6,-0.4,-0.6,0.1,-0.5,-0.5,-0.6,2.1,-1.2,-0.4,0.5,-1.2,-0.4,2.1,-0.2,-6.7,0.6,1.6,-0.3,0.5,-0.3,1.7,-0.2,-1.1,-2.2,-2.3,-0.2,1.0,-1.5,-2.5,-4.7,-3.0,-4.9,0.3,3.1,0.8,-0.8,0.2,0.2,0.9,0.6,-0.4,1.4,2.0,0.5,0.0,1.0,1.1,0.1,0.3,1.4,0.3,-0.3,-1.4,-2.6,-2.4,-5.8,-0.7,-1.6,-2.9,1.1,2.1,-3.0,0.6,-1.3,-1.4,-2.1,-2.4,-0.9,-1.6,-1.4,-1.2,1.4,-9.0,0.8,1.1,0.8,-0.7,-0.4,-0.4,-0.8,-0.8,-1.9,-3.3,-3.4,-5.2,-2.5,-3.0,-1.5,0.5,-3.1,-3.3,-2.5,-1.5,-1.8,0.1,-0.6,-0.0,0.0,3.4,0.3,1.6,0.0
2C7L518QRj,0,48.104197,11.631241,4442536.56,2778079.12,535.3,581.0,256,7407,2.4,0.84,0.48,32.67,348.96,-0.53,-0.103,0.842,-0.0,0.1,-0.42,0.18,1.3,0.2,-0.3,1.3,1.9,0.1,1.1,-0.7,0.4,0.1,-0.1,-0.8,1.5,-0.7,0.6,-1.8,-1.1,-1.5,-0.3,-2.0,-1.0,-3.3,-1.2,-3.6,-3.2,-2.4,-0.9,-0.3,-0.6,-2.5,2.9,-2.1,-4.0,-1.5,-7.2,-7.6,-7.6,-2.4,-6.0,-3.3,-1.9,-3.7,-0.8,-3.9,3.0,-3.2,-4.8,-3.6,-3.8,0.2,0.6,-2.4,0.4,-0.9,-1.0,-2.6,-0.9,-1.0,-1.2,0.8,-1.9,-0.8,0.1,-0.5,1.5,-10.3,5.0,-8.3,0.3,-1.1,-3.5,-1.1,-2.0,0.3,-1.0,1.0,-1.0,-2.1,-2.6,-2.3,-3.1,-2.4,-3.1,-2.3,-4.1,-1.1,-2.7,-0.4,-1.8,-4.2,-3.9,-2.1,-1.9,-3.8,-0.6,-0.2,-4.3,-5.5,1.3,1.9,-0.5,4.3,-0.5,2.7,-5.1,0.2,1.7,2.5,0.3,-0.3,0.4,1.6,-1.2,0.9,0.2,2.4,-0.3,0.9,1.9,-0.3,1.2,2.3,1.1,-6.9,0.8,1.1,-1.7,-1.1,-2.4,1.7,-1.1,-0.5,-2.3,-0.9,1.1,2.7,-1.9,-4.3,-4.6,-4.2,-2.6,2.3,4.7,0.4,0.8,-0.2,0.7,1.3,0.9,2.0,0.8,1.6,1.3,0.6,1.0,0.8,-1.8,-2.5,1.6,-1.3,-1.8,-2.9,-1.3,-4.8,-7.6,-0.3,-0.8,-3.1,-2.2,3.1,-4.3,0.7,0.4,-1.3,-3.0,-4.0,2.7,-1.4,0.6,-0.9,0.9,-7.2,0.2,-1.2,-0.1,-2.6,-1.1,-1.5,-3.2,0.3,-5.8,-5.6,-2.4,-7.2,0.9,-5.8,0.6,-1.8,-2.9,-4.9,2.6,-2.5,-1.7,-4.1,-2.4,-1.5,3.8,0.8,2.9,-0.9,-8.3
2C7L518QRm,0,48.104224,11.631449,4442551.99,2778082.43,535.9,581.6,256,7410,2.1,0.88,0.27,32.67,348.96,-0.53,-0.103,0.842,-0.2,0.1,-0.48,0.16,1.4,0.1,-0.3,-0.2,2.7,-0.7,-1.3,0.2,2.2,1.2,0.9,0.4,2.2,0.4,1.7,-1.8,1.0,-1.2,-0.6,-4.7,-3.4,-6.2,-3.8,-3.3,-3.7,-2.0,-1.3,-1.4,-1.6,-1.8,0.7,-3.3,-3.5,-2.2,-6.3,-6.1,-6.5,-2.3,-4.0,-2.2,-1.2,-1.4,-1.1,-2.7,-0.1,-3.0,-1.1,-2.4,-0.3,-2.5,-1.3,-1.5,0.5,0.4,1.5,0.7,0.9,0.3,1.5,1.2,1.6,0.5,1.4,0.1,4.6,-5.8,6.0,-5.2,1.9,1.1,-3.3,1.9,1.3,1.3,0.7,0.7,0.6,0.2,-1.5,-1.2,-2.0,-0.8,-4.0,-0.7,-3.0,0.1,-1.6,0.4,-1.6,-1.7,-1.2,-3.5,-3.4,-2.4,-2.7,-2.0,-3.5,-1.5,0.3,1.2,-2.1,0.4,-3.8,-2.0,-1.6,0.5,-1.2,-0.2,-2.8,-1.0,-0.7,0.7,-2.7,-0.8,-1.4,0.4,-2.9,0.9,0.7,11.0,-0.4,0.4,0.4,-13.0,-0.5,-0.1,-0.1,2.9,0.1,0.8,-0.6,-1.0,-1.4,-1.6,-0.1,-0.0,-0.9,-1.8,-2.1,-3.2,-4.3,-0.4,1.6,1.7,-2.1,-3.7,-1.2,-0.5,0.3,0.5,-0.2,0.3,1.8,1.4,1.4,1.1,-0.5,-0.2,-0.2,-0.8,-0.6,-0.3,-2.0,-2.6,-5.4,-0.4,-1.1,-3.6,0.3,0.2,-3.7,1.7,-2.4,-1.1,-2.5,-5.8,-0.5,-0.0,0.5,-0.8,1.0,-6.6,-0.2,-2.4,-0.7,-2.1,-1.3,-1.4,-1.3,-2.1,-0.7,-3.5,-5.6,-4.6,-3.8,-3.2,-2.9,-3.1,-4.4,-4.0,-3.1,-2.0,-1.7,-3.9,-1.3,-2.0,-1.8,-1.2,-1.2,-3.7,0.4
2C7L518QSs,0,48.104726,11.635363,4442842.29,2778144.7,537.7,583.4,256,7478,2.5,0.8,0.41,32.68,348.96,-0.53,-0.103,0.842,-0.1,0.1,-0.67,0.19,2.1,0.2,-0.3,3.4,3.8,1.3,2.2,1.1,1.6,2.1,2.1,2.4,7.8,3.7,-1.6,3.2,0.5,-0.4,1.9,0.9,4.7,-1.7,-3.2,-6.9,-6.0,-2.5,-2.3,-3.2,2.2,1.0,-0.6,-4.8,-3.1,-0.6,-6.3,-7.8,-7.1,-7.9,-2.9,-4.2,-4.0,-2.7,-5.5,-3.8,-2.9,-4.3,-4.6,-7.8,-5.6,-6.0,-6.8,-5.1,-3.8,-0.9,-1.4,-2.2,-2.5,-5.1,-1.2,-2.8,-1.7,-1.5,-3.7,-1.2,0.5,-1.9,0.9,-1.6,-1.2,-0.4,-1.9,-0.9,0.6,-1.0,1.8,1.1,0.6,1.8,2.1,1.9,2.8,0.2,1.0,0.2,-1.8,-1.6,-1.1,-3.2,-2.4,1.8,-0.5,-0.1,-0.9,-1.5,-3.9,-6.6,-4.5,0.5,-2.8,-1.2,0.2,1.4,-2.2,-0.7,0.9,0.3,2.1,-0.9,-2.4,-1.1,2.4,-1.2,-1.1,2.7,2.9,1.9,1.1,1.4,1.1,2.8,0.6,1.2,0.7,0.5,3.3,3.0,1.1,1.6,1.8,2.1,1.6,-0.5,-1.9,0.9,1.8,-0.9,0.6,-1.4,-2.1,-2.5,-2.7,0.6,1.9,-2.7,-1.1,1.9,2.6,-0.9,2.6,-3.1,1.9,1.2,0.8,-4.9,1.9,2.4,1.5,0.3,2.4,-1.2,-0.5,0.5,-0.7,-1.5,-7.2,-6.0,-5.4,-3.5,-3.9,0.5,-0.9,-1.4,1.5,0.1,-4.5,-6.9,-2.1,-4.7,-3.5,1.2,2.0,-7.3,1.6,1.4,0.2,-2.0,1.2,-0.3,-0.3,-3.7,-2.7,-6.2,-3.3,-9.4,1.3,-10.0,-0.2,-2.2,-7.5,-4.2,-6.0,-4.0,-2.7,-4.9,-3.3,0.0,-3.1,2.5,1.7,0.1,-0.0
2C7L518QSt,0,48.104743,11.635495,4442852.14,2778146.8,541.4,587.1,256,7479,1.7,0.92,0.24,32.69,348.96,-0.53,-0.103,0.842,-0.9,0.1,0.23,0.13,0.6,0.1,-0.3,-0.2,-0.9,0.1,-0.1,-0.2,-0.1,0.3,0.4,0.1,-1.2,-0.1,-1.5,-0.8,-0.5,-0.1,-0.6,-1.0,-1.4,-2.9,-3.6,-4.8,-3.5,-1.3,-0.5,-0.6,0.2,-1.3,-0.5,-2.7,-0.6,2.9,-3.0,-2.2,-3.2,-1.3,1.6,0.8,1.5,1.6,1.7,1.0,1.2,2.2,1.6,1.3,-0.3,0.5,-0.0,0.8,1.8,2.4,3.4,3.1,2.2,2.1,2.0,0.9,2.0,2.0,2.1,1.5,2.4,-8.8,-0.7,-3.3,0.0,-1.2,-1.7,-1.0,0.2,-1.5,0.2,-0.1,0.1,-0.0,1.4,0.6,-0.2,-0.2,-0.2,-2.1,-1.0,-1.7,-1.7,-2.6,-1.6,-0.9,-1.1,-1.6,-1.8,-3.0,-4.7,-3.5,-4.9,-4.3,-2.8,-1.4,-0.8,-0.9,-2.4,-1.8,-2.1,-3.8,-0.8,-3.0,-2.9,-2.1,-1.8,-3.2,-2.6,-0.9,-2.0,-0.7,-0.7,-0.1,-1.3,-5.2,-2.2,-0.8,-1.8,-2.3,-1.2,-1.9,-2.4,-0.6,0.7,-1.7,-0.7,-2.1,-4.7,-2.6,-1.2,-1.6,-2.0,-2.8,-4.2,-2.6,-3.3,-0.1,0.7,-4.0,-3.1,-3.4,-3.0,-3.0,-3.1,-5.0,-3.7,-2.2,-3.8,-3.2,-2.9,-3.3,-3.3,-2.2,-0.4,-4.1,-3.1,-2.8,-5.1,-3.3,-8.7,-4.0,-6.9,-5.9,-2.3,-2.5,-2.2,-1.8,-2.5,-3.4,-7.6,-7.8,-3.6,-3.8,-5.9,-4.0,-3.1,-5.3,-2.7,-3.8,-2.1,-4.1,-1.3,-3.4,-1.2,-4.3,-2.4,-4.8,-5.8,-7.2,-5.0,-5.7,-3.0,-1.1,-3.5,-2.5,-3.3,-3.0,-3.2,-3.1,-3.6,-3.7,-2.8,-2.6,-1.0,-2.8,-2.9
2C7L518QOu,0,48.102956,11.621436,4441809.09,2777925.14,542.3,588.0,256,7232,1.8,0.92,0.31,32.59,348.92,-0.529,-0.103,0.843,-0.8,0.1,0.01,0.14,0.7,0.1,-0.3,-0.5,-1.0,-1.1,-0.5,-0.4,-1.1,-0.4,-0.3,0.2,0.3,-0.5,0.3,-0.2,-0.3,-0.7,-0.7,-1.1,-2.8,-1.3,-1.1,-1.6,-0.8,-1.3,-1.2,-1.1,-0.9,-0.1,0.6,0.8,-3.5,7.7,-4.6,-3.9,-4.5,-6.2,-8.4,-4.6,-3.2,-0.3,-1.5,-2.4,-0.1,-1.3,-2.9,-1.7,-3.1,-1.6,-1.2,-1.3,-0.8,-1.7,-1.0,-1.9,-0.8,-1.3,-1.1,-0.8,-1.4,-3.9,-2.3,-2.1,-2.4,-2.0,-2.9,-1.5,-1.8,-1.9,-2.2,-2.3,-1.9,-1.0,-1.8,-1.6,-1.5,-2.4,-2.1,-1.6,-1.4,-1.8,-3.0,-2.7,-3.9,-3.8,-3.7,-2.9,-4.1,-7.5,-7.7,-6.5,-6.4,-9.2,-6.0,-5.2,-8.6,-5.7,-2.4,-0.2,-0.6,-3.0,-0.8,-1.1,3.4,-6.4,-6.5,0.7,-1.1,-1.9,-0.6,-2.3,-1.6,-2.0,-2.4,-3.6,-2.2,-1.0,-1.2,-2.6,-3.1,-1.2,-1.2,-1.6,-1.2,-1.8,-3.0,-2.7,-0.6,-3.6,-4.3,-1.7,-2.2,-3.5,-2.6,-2.0,-4.3,-3.5,-2.8,-5.3,-2.4,-0.3,-1.8,-3.4,-2.3,-5.1,-3.0,-1.4,-5.0,-3.5,-2.1,-2.7,-2.7,-2.2,-4.6,-4.1,-3.3,-3.1,-3.2,-3.0,-3.4,-2.6,-2.9,-3.4,-6.1,-0.7,-3.2,-5.2,-3.2,-2.8,-9.3,-1.9,-3.1,-5.0,-6.5,-7.4,-8.0,-4.8,-5.5,-5.1,-4.5,-3.5,-3.4,-3.8,-3.6,-3.2,-4.2,-4.7,-3.4,-4.3,-2.6,-3.6,-5.1,-5.9,-4.3,-4.7,-8.2,-7.1,-5.3,-3.2,-5.3,-8.5,-6.2,-4.8,-4.3,-6.6,-5.2,-4.0,-4.4,-5.0,-4.3
2C7L518QPh,0,48.103291,11.624041,4442002.36,2777966.61,535.3,581.1,256,7281,3.4,0.75,0.43,32.63,348.96,-0.529,-0.103,0.842,1.1,0.2,-0.03,0.27,0.9,0.2,-0.3,-1.0,1.7,-3.5,2.1,0.5,-1.4,-1.1,3.5,1.3,-0.7,2.5,1.2,3.7,6.5,3.4,-3.7,0.1,-0.7,-1.3,-6.0,-5.5,-0.9,-0.7,-6.8,-3.6,0.7,-0.5,-2.0,-2.0,-4.5,-14.9,-8.5,-7.0,-9.2,6.9,-6.4,-1.9,-6.2,-3.7,-3.5,-4.2,-3.2,-0.5,-4.9,-8.6,-2.1,-4.4,-4.7,-5.0,-2.2,-5.2,-3.6,-3.9,-3.5,-4.7,-2.9,-2.9,-4.0,-2.7,-5.2,-2.0,-5.5,-12.4,-6.0,-3.5,-5.2,-2.9,-3.0,-4.2,-4.3,-2.5,-3.3,-3.4,-2.4,-3.4,-1.8,-2.0,-3.4,-7.1,-3.3,-5.1,-9.1,-3.9,-5.6,-4.9,-12.5,-2.8,-9.0,-5.3,-4.2,-5.5,-3.0,-3.4,0.1,-0.1,-1.6,-4.7,-1.9,-4.5,-1.2,-0.8,-2.1,1.3,-1.7,-2.3,1.6,3.4,2.1,5.5,0.8,-1.3,1.6,8.4,-2.3,16.5,1.6,-1.0,1.1,3.1,5.6,1.6,3.3,-3.3,-0.7,-0.2,0.9,0.8,-1.6,-0.1,0.5,-1.0,3.4,2.7,0.7,-1.5,-2.9,4.0,-1.0,4.6,6.2,0.9,2.0,-3.5,-0.5,-1.3,-0.6,-0.6,0.9,0.7,1.5,2.6,-0.4,1.3,-0.0,0.6,3.6,1.9,4.1,3.5,4.4,2.4,4.1,0.4,-0.6,1.9,1.3,-0.5,-1.1,1.1,1.4,-1.9,-3.9,-0.9,0.5,-2.7,15.0,-2.1,1.6,1.0,-0.2,0.7,-1.3,0.6,0.9,-1.3,6.2,-0.5,2.9,2.0,-2.4,-1.5,0.2,-1.2,0.8,-0.9,4.2,6.8,4.8,1.6,5.1,4.1,2.3,-2.3,-2.8,3.4,0.3,-1.0,3.4
2C7L518QPm,0,48.103346,11.624466,4442033.87,2777973.36,540.0,585.7,256,7286,2.2,0.89,0.3,32.64,348.96,-0.529,-0.103,0.842,-0.3,0.1,-0.36,0.17,0.4,0.1,-0.3,-0.5,0.7,-0.3,-0.4,0.3,-1.9,0.4,2.1,1.6,-5.5,3.6,-0.1,2.1,0.7,2.1,0.8,0.6,-0.0,0.2,-1.6,0.7,4.3,-0.2,-1.6,3.4,1.8,0.9,-0.6,0.6,-1.7,-8.5,-4.3,-3.5,-2.4,-2.4,-0.6,0.6,-0.8,2.7,2.1,1.0,0.2,-0.3,0.9,-1.2,-0.2,-2.3,-2.4,-1.4,-0.7,-0.0,0.8,0.4,-0.1,-0.8,0.1,-1.0,-0.5,-0.1,-0.1,-0.2,-1.6,-7.2,0.5,-5.7,-0.8,-0.0,-2.9,-1.0,0.4,-0.2,-0.4,-0.1,-1.5,2.9,2.7,1.6,-0.3,1.9,-0.6,-0.2,-1.2,0.3,2.4,-0.9,-0.5,1.2,-3.5,-0.6,-2.9,-2.0,-1.0,-1.2,-0.5,-1.7,-0.3,1.5,-0.3,-1.7,1.7,-0.7,-0.0,0.1,0.4,-1.1,-0.7,-0.1,-1.2,-2.5,-1.5,-1.2,-2.0,-0.9,-0.5,-1.2,-0.1,5.9,-1.5,-0.9,1.0,8.3,-1.3,0.7,0.4,0.5,2.8,-0.1,-3.8,-1.2,-3.9,-0.7,-2.1,-0.8,-0.6,-0.1,-1.7,0.1,-2.6,1.1,2.0,-1.2,-0.2,0.7,-0.8,1.1,0.5,-7.4,0.7,0.5,1.3,7.3,-1.0,0.0,-0.7,-1.1,0.3,-0.5,-0.3,1.8,2.0,-0.0,0.3,-0.8,-2.2,-0.9,2.7,-0.8,-2.2,0.6,0.1,-0.9,-3.2,-3.7,-1.9,-2.4,-13.8,-1.9,-1.4,7.8,-1.4,-1.5,-0.9,-1.8,-3.1,-3.5,-0.6,-2.6,-1.0,-0.9,-2.6,-2.7,-1.0,-1.4,-3.7,-1.9,-0.7,-0.7,-2.4,-4.3,-2.3,-3.5,-2.5,-1.3,-1.8,-1.9,-1.2,-3.4,-3.8
2C7L518QR2,0,48.103911,11.628869,4442360.55,2778043.43,538.4,584.1,256,7364,2.7,0.81,0.4,32.66,348.96,-0.53,-0.103,0.842,-0.9,0.1,0.05,0.2,1.7,0.2,-0.3,-1.6,1.3,0.9,2.1,-0.5,-1.0,1.1,-0.4,-0.5,-3.1,-2.9,-0.6,3.9,-0.7,0.6,-0.4,5.7,1.3,3.5,-0.7,2.1,3.3,1.2,3.4,3.6,0.9,6.9,0.4,3.8,-0.9,2.3,0.7,-0.6,0.4,5.0,2.7,3.2,3.6,6.9,4.7,4.8,0.7,1.3,3.9,3.5,3.0,-0.7,-1.5,-2.9,0.6,-0.9,-0.8,1.8,2.6,2.9,1.7,-0.8,-2.9,2.5,-0.4,-1.0,-0.7,1.3,-1.0,-0.3,-3.3,-1.1,-0.2,-4.0,-2.7,-2.8,-7.7,-2.0,-0.3,-0.5,2.0,2.3,1.4,-0.7,3.9,6.4,3.4,2.3,0.8,0.4,0.8,1.6,1.6,2.1,2.9,1.2,-2.6,-0.8,0.2,-0.8,2.0,5.6,4.0,-1.0,2.9,-1.6,-0.4,-1.1,-0.1,0.4,-0.7,1.2,2.8,-1.6,2.3,-4.1,0.2,-0.9,1.6,0.6,-4.2,-3.7,-2.3,2.2,-3.0,-2.4,-2.8,-3.4,-2.0,-2.7,1.6,2.6,0.7,1.7,0.3,0.1,0.2,3.5,0.3,-2.3,2.5,-0.7,-2.3,2.8,-3.5,-3.3,-3.9,-1.4,-5.7,-2.5,-3.2,-5.9,-4.3,-0.8,11.2,-2.3,-5.4,4.2,-2.6,-4.0,-2.2,-0.2,0.1,1.9,1.0,2.2,-0.5,-3.9,-3.1,1.0,-1.7,-6.2,-2.1,5.7,2.7,0.9,-1.0,-1.6,-4.3,-7.2,-4.2,1.9,-2.5,-10.1,-6.3,-6.5,-5.6,-0.5,-1.0,-5.8,-0.2,-2.3,-0.3,-0.2,-0.9,-7.5,0.2,4.2,-0.7,-1.5,-0.6,0.1,0.5,-1.0,1.8,-0.0,0.7,-4.2,-2.9,1.2,-2.7,-10.8,-12.7
2C7L518QRQ,0,48.104084,11.630217,4442460.51,2778064.87,538.0,583.7,256,7388,4.4,0.65,0.48,32.66,348.96,-0.53,-0.103,0.842,-0.2,0.2,0.08,0.33,1.4,0.3,-0.3,-13.6,1.5,-2.7,2.8,10.5,-2.6,0.3,-0.2,3.9,-7.4,1.4,-7.7,5.3,-1.9,7.4,5.3,1.1,3.6,2.0,-1.3,-0.1,-1.0,-1.2,-12.3,0.0,2.8,1.3,3.9,2.6,-14.6,-0.9,-2.0,2.2,0.1,1.1,0.4,1.9,-1.6,5.6,7.8,6.0,4.7,5.7,2.7,4.9,1.8,3.0,4.0,4.5,-1.8,-1.5,3.0,4.1,-1.2,3.1,-0.1,-1.1,-7.3,1.7,-1.1,-1.6,2.3,0.5,1.8,-6.0,0.2,-1.5,-0.3,-3.9,0.4,-3.3,-0.6,-0.6,1.1,-0.8,0.9,0.4,-2.0,0.5,0.7,0.7,0.1,-3.9,-5.2,0.3,4.9,5.2,3.4,2.2,-7.0,-4.8,2.1,2.4,-1.4,-2.3,2.1,1.0,5.7,6.2,-0.6,2.9,2.3,4.2,0.9,4.8,-1.2,1.3,-5.1,-0.6,1.4,-0.1,0.7,-1.5,2.6,3.3,1.3,1.5,0.2,3.4,-2.7,0.8,-10.7,-7.6,-4.2,3.4,4.3,8.4,1.5,-3.0,1.3,2.5,-0.9,-1.1,-3.6,0.7,-2.8,5.2,-3.1,2.9,4.3,7.0,-1.8,4.5,2.7,3.2,-1.6,3.4,1.2,1.1,-4.3,3.0,-2.5,1.0,-2.3,-12.9,6.8,1.0,3.6,3.5,-1.4,-3.3,-3.1,-4.3,-0.6,-1.8,-3.3,7.6,0.5,2.4,2.0,-0.6,-5.5,-7.1,5.6,-3.1,0.8,-4.6,-3.8,-0.7,-3.7,3.1,4.2,-9.1,-1.1,-3.8,6.2,-6.0,4.5,0.3,2.2,-9.8,-1.7,-0.5,8.3,14.5,-6.3,2.1,5.4,1.0,-0.1,0.6,5.7,9.8,0.3,12.6,-14.2,-11.3,-0.2
2C7L518QRc,0,48.104167,11.630858,4442508.06,2778075.08,534.8,580.5,256,7400,4.3,0.5,0.53,32.66,348.96,-0.53,-0.103,0.842,0.1,0.2,-0.33,0.33,5.0,0.3,-0.3,0.1,-1.5,0.5,-1.1,10.5,-8.8,4.4,5.3,-1.7,-12.1,-1.1,6.0,-2.5,-1.8,-4.8,-6.6,-3.1,-3.6,-2.3,-9.0,-5.4,-9.3,-1.8,-7.0,-8.1,-7.8,-2.8,-10.8,-4.5,-12.3,-23.9,-19.5,-12.0,-10.4,-5.3,-10.5,-7.8,-7.9,-4.9,-9.6,-4.4,-9.3,-7.5,-5.7,-5.9,-5.7,-6.8,-4.4,-4.8,1.4,-0.4,-0.6,-0.3,-0.4,-0.9,-2.2,0.1,-1.2,0.9,-1.2,0.6,4.0,-4.3,-6.8,-6.6,3.0,-0.7,-6.5,-2.7,-1.1,-5.3,-2.0,-8.2,-0.4,-4.0,-4.8,-3.9,-3.5,-5.7,-17.8,-4.6,-5.9,-5.6,-5.7,-6.4,-9.4,-8.0,-9.3,-5.5,-5.5,-6.1,-5.7,-8.2,-9.3,-8.9,-4.9,-1.2,-7.3,-2.1,-2.4,-5.4,-6.3,5.7,-2.6,-7.8,-2.3,-2.3,0.1,-0.4,-0.5,-0.3,1.6,1.1,1.1,2.4,1.3,5.9,1.2,3.7,1.8,11.6,2.5,2.7,0.3,-7.1,-10.6,1.7,-1.8,-5.2,-11.2,-8.7,-9.5,-6.7,-8.4,-17.7,-15.2,-17.4,-5.1,-5.2,-14.8,6.8,1.5,0.3,2.1,1.8,-1.0,-4.1,3.6,-3.0,-1.9,-6.9,5.6,-2.4,-3.8,-2.3,-0.5,-0.3,2.5,-0.1,-3.0,-17.9,-9.0,-6.1,-6.5,-8.2,3.4,-11.1,-19.2,-5.9,-6.8,-9.4,-2.1,-1.7,-0.4,1.2,0.1,-0.1,0.6,-13.1,-0.3,0.8,0.5,0.7,-1.2,-2.5,-7.4,-3.7,-9.8,-7.5,-9.6,-8.7,-10.7,-10.5,-8.6,-5.7,-9.1,-14.7,-11.6,-3.5,-6.6,9.0,-1.5,-3.7,3.6,-0.3,1.2,1.1,1.2
2C7L518QSX,0,48.104601,11.634242,4442759.09,2778128.91,543.1,588.8,256,7457,3.9,0.69,0.51,32.68,348.96,-0.53,-0.103,0.842,-0.6,0.2,-0.46,0.3,0.5,0.3,-0.3,4.2,5.2,-2.3,1.4,2.6,-2.2,1.6,13.1,4.6,1.2,-5.1,-3.7,2.3,1.5,2.1,-2.8,-1.8,-7.9,-0.8,-3.1,-3.7,0.2,2.3,2.0,2.1,2.9,4.7,0.6,-0.9,-2.5,3.5,-7.9,-5.5,-3.9,-1.5,-4.9,3.1,0.6,3.7,0.5,4.5,5.1,-1.7,1.6,4.2,-0.6,3.0,0.1,2.8,6.3,3.3,-0.3,-0.9,-2.6,-1.1,-2.6,-0.9,2.6,1.9,2.9,2.0,-1.7,4.2,1.1,-4.4,1.8,1.0,-3.4,-7.7,-3.9,-5.1,2.2,2.9,0.8,7.9,4.7,5.4,-1.3,2.2,3.7,1.1,2.0,-0.9,-4.0,4.9,1.3,2.0,-0.3,2.4,3.7,-1.5,1.5,3.3,1.8,4.8,0.4,4.3,2.5,3.0,-0.4,2.6,2.0,2.6,0.8,2.3,3.3,4.3,0.2,-4.9,11.3,0.8,1.7,-10.9,1.2,2.0,0.5,2.0,3.2,2.5,0.7,6.7,4.5,-2.2,3.4,7.5,5.6,4.6,1.9,-1.9,-2.3,-4.1,0.6,1.5,-0.7,-12.5,1.7,2.6,-1.4,1.3,1.3,4.1,-4.9,4.4,2.0,-1.9,-5.0,1.4,0.1,-3.2,-1.3,-4.2,5.7,12.1,-9.8,11.7,7.3,-9.6,-4.6,-2.0,-1.9,-2.7,-3.1,-4.1,-3.7,-4.7,1.9,5.5,1.9,2.8,-0.4,2.2,-1.6,-4.3,-1.2,-8.1,-1.2,-2.5,-4.4,-1.9,-5.4,-10.9,-4.9,-4.4,2.3,-7.4,-2.6,0.8,4.2,-4.5,-5.6,-4.4,-1.1,-2.4,-1.1,1.5,-6.5,-3.9,-2.0,-1.1,1.2,2.8,2.7,-0.8,0.3,-2.3,-3.7,1.3,2.4
2C7L518QSm,0,48.104713,11.635113,4442823.74,2778142.78,543.3,589.0,256,7472,2.3,0.86,0.38,32.68,348.96,-0.53,-0.103,0.842,-1.5,0.1,-0.4,0.18,0.8,0.2,-0.3,0.0,1.4,0.4,-0.1,-1.5,-1.6,1.0,-4.0,-1.2,-6.0,-0.4,-2.8,-4.9,-0.8,-0.9,-0.0,0.8,-0.5,-0.1,-3.4,0.3,-4.0,1.4,2.4,3.0,2.7,7.0,-1.2,-2.0,-1.9,-4.2,-4.5,-3.6,-3.8,-0.8,-0.5,-0.4,1.5,3.0,-0.2,3.8,-0.5,-1.3,-0.6,-0.4,-1.0,-0.6,0.5,3.6,-7.3,0.1,-3.0,-2.1,-0.9,0.4,-1.4,-0.9,0.2,1.7,-0.2,-1.7,1.3,1.1,-2.1,0.4,-3.8,-2.5,-1.6,-2.4,-1.3,-3.1,-1.2,0.5,0.6,-0.8,-1.2,0.1,3.1,-1.8,-6.1,-2.2,1.2,1.9,-3.4,-0.2,-2.3,-3.5,-2.5,-3.6,-4.2,-5.6,-4.4,-6.9,-6.0,-3.8,-3.9,-2.3,-0.5,-0.5,-1.5,-1.8,-3.8,-2.7,1.2,-2.8,2.0,1.7,4.2,1.6,1.9,2.0,2.1,2.8,0.6,-0.1,-3.4,2.7,-3.0,-4.9,-2.9,-5.9,-2.0,-3.0,-5.8,-5.4,-3.8,-3.3,-3.6,-4.1,-7.2,-5.3,-4.9,-2.9,-4.3,-5.0,-4.3,-3.2,-2.3,1.0,2.9,-4.2,-6.3,-3.1,-4.0,-3.4,-3.6,0.2,-3.0,-3.6,-3.2,-3.3,-7.3,-0.4,-3.5,-4.5,-4.1,-4.2,-3.3,-3.8,-3.3,-5.3,-8.6,-4.3,-5.4,-7.5,-1.4,-1.7,-3.7,-3.1,-3.8,-4.1,-8.5,-6.9,-3.1,-5.8,-5.4,-5.8,-7.3,-3.6,-8.0,-7.1,-6.7,-7.2,-6.3,-6.5,-6.0,-4.9,-4.7,-3.3,-2.6,-8.6,-6.6,-8.7,-11.6,-7.4,-5.1,-6.7,-7.6,-5.3,-7.0,-5.1,-7.3,-8.1,-6.3,-1.9,-8.5,-10.8,-8.8
2C7L518QOn,0,48.102923,11.621035,4441779.32,2777920.83,542.8,588.5,256,7225,3.0,0.79,0.36,32.59,348.92,-0.529,-0.103,0.843,-0.7,0.2,-0.0,0.23,1.1,0.2,-0.3,6.3,-1.8,-1.7,-3.5,-4.3,1.5,-8.9,-1.8,-5.4,3.1,-1.8,0.5,-2.2,-0.5,-1.7,-5.4,-1.6,-5.2,-4.7,-2.8,-0.1,0.5,-3.3,-0.4,-1.3,-2.1,-2.0,-5.5,-2.3,-6.2,4.3,-8.2,-6.2,-4.7,-6.7,-2.0,-1.7,1.1,3.0,2.7,-1.7,-1.6,-1.1,-1.9,-2.2,-2.4,-3.2,-7.1,4.6,-0.8,-6.1,-5.2,-2.3,-0.3,-2.2,-4.2,-1.2,-2.3,0.2,-0.8,-2.9,-1.2,-2.8,-2.2,-1.8,-5.0,-5.2,-7.6,-3.6,-3.9,-4.5,-4.3,-2.0,-4.2,-5.1,-5.1,-4.8,-4.9,-5.2,-4.4,-5.7,-4.2,-5.6,-8.4,-2.6,-5.2,-5.1,-5.5,-4.0,-3.1,-4.0,-3.1,-6.7,-6.6,-3.0,-0.3,-5.6,-2.4,-4.6,-3.1,0.3,-5.3,-2.1,-2.5,-2.7,-1.2,-6.2,-4.8,-6.2,-4.1,1.1,2.5,-5.3,-3.1,-5.3,-5.0,-4.7,-7.9,-6.3,-5.0,-2.8,-6.2,-5.5,-7.2,-6.5,-5.6,-6.3,-6.0,-4.6,-6.4,-5.1,-5.5,5.1,-3.0,6.3,-1.6,-5.5,-2.5,-1.1,-1.5,-2.4,0.8,-0.2,-2.5,-1.5,-3.3,-4.7,-4.1,-2.7,1.0,-5.6,0.1,-6.5,-5.6,-4.9,-6.1,-3.5,-8.0,-4.9,-6.0,-5.2,-3.3,-2.4,-1.9,-3.3,-0.6,-5.9,-7.6,-0.7,-4.0,-7.8,-5.8,-5.2,-2.9,1.4,-2.2,-3.4,1.1,-13.5,0.4,4.1,-3.8,-2.5,-3.3,-4.0,-5.3,-4.1,-6.4,-6.9,-6.7,-7.8,-3.8,-9.9,-4.9,-9.5,-2.4,1.2,-13.5,-13.8,-14.5,-4.6,-6.9,-7.4,2.9,-4.9,-4.6,-10.0,-5.0
2C7L518QP1,0,48.103013,11.62173,4441830.83,2777931.88,538.4,584.1,256,7239,4.5,0.66,0.48,32.59,348.92,-0.529,-0.104,0.843,0.3,0.2,-0.68,0.34,0.5,0.3,-0.3,3.1,3.9,0.7,1.6,1.5,4.9,-0.8,-0.2,-0.1,4.7,1.7,5.1,1.4,3.0,1.7,2.3,-0.7,-0.5,-0.5,-0.5,6.4,-15.8,1.6,-3.7,0.6,3.1,-1.6,4.7,-8.0,1.6,-16.5,0.2,-5.6,-14.1,-2.8,-2.9,-2.2,-1.6,-1.2,2.8,0.5,-8.6,-2.9,-4.1,-3.7,-2.5,2.6,-1.7,4.5,-1.5,-0.8,-5.4,0.6,0.4,6.8,2.0,0.6,4.7,-0.6,3.0,7.0,1.6,-1.8,3.0,4.0,-0.0,5.6,-1.7,1.7,-0.3,-0.6,-1.5,2.7,1.0,2.8,-1.4,2.3,1.5,3.6,0.1,2.5,1.8,2.6,-1.4,1.9,7.0,1.5,-5.5,5.5,3.6,1.8,5.5,2.8,0.4,-0.2,3.6,2.9,6.4,8.3,-4.6,-8.6,12.2,7.5,-7.2,3.8,3.6,5.1,-0.4,-15.4,-11.4,1.0,4.6,6.9,-0.5,-1.2,3.3,0.6,-0.1,-6.5,1.2,3.0,0.3,2.8,-0.1,1.7,3.3,4.6,-3.9,2.9,4.7,0.8,5.0,9.9,2.0,8.9,2.4,6.9,-1.5,1.5,2.9,5.6,3.7,6.5,5.9,3.7,2.9,-1.8,4.5,2.0,2.8,1.3,-1.5,2.2,3.2,1.1,-2.2,-0.2,0.8,-0.2,3.7,-3.6,-7.7,5.4,-2.4,5.1,3.8,9.9,2.3,12.4,4.7,0.1,2.2,-0.6,5.7,1.2,0.5,-1.3,3.5,-9.8,-0.5,1.4,1.4,0.7,-1.4,5.2,-3.3,3.3,-9.9,-1.8,-2.2,-0.2,-3.8,-2.8,8.8,1.4,3.9,0.1,4.9,2.3,-6.6,0.4,-12.4,3.1,8.1,7.0,5.0,-0.7,3.5
2C7L518QP2,0,48.103019,11.621777,4441834.31,2777932.63,537.9,583.6,256,7240,3.3,0.74,0.42,32.6,348.92,-0.529,-0.104,0.842,0.0,0.2,-0.38,0.27,1.3,0.2,-0.3,-1.1,-1.0,-1.7,-0.4,-0.4,1.5,-2.1,-0.1,-1.5,6.1,0.2,3.3,-0.3,-1.5,-2.6,-1.5,-5.4,-5.6,-4.8,-3.2,-3.9,-3.8,-3.5,-4.5,-3.1,-2.6,-6.5,-3.7,-6.2,-7.1,4.6,-5.4,-7.5,-9.6,-8.5,-8.1,-14.1,-6.9,-4.0,-3.7,-5.0,-6.8,-5.1,-6.2,-6.0,-3.1,-5.3,-4.1,5.9,-3.6,-3.7,-6.3,-3.4,-2.9,5.0,-0.6,-1.7,-1.2,-4.5,-1.5,-3.1,-2.8,-2.6,-1.8,-2.3,-3.1,-1.9,-5.3,-2.8,-4.6,-4.7,-3.1,-1.9,-5.0,-2.1,-4.0,-1.4,-2.8,-2.0,-3.4,-2.9,-6.8,-3.5,-6.3,-7.4,-11.2,-6.4,-8.3,-15.6,-6.5,-1.9,-6.1,-5.0,-5.7,-2.5,-1.4,-0.6,-12.8,-15.0,-15.5,-5.7,-11.2,3.4,-4.6,-2.9,-2.2,1.4,-2.5,-2.2,-3.6,-1.5,-1.6,-0.5,-3.0,-2.2,-1.3,-3.1,-3.9,-2.6,-1.5,-0.8,-1.8,-1.3,-3.6,-2.6,-2.5,-1.7,-4.1,-3.7,-2.1,1.2,3.7,3.3,-3.2,3.8,-4.3,7.0,-3.0,-2.7,-0.7,-1.5,-2.9,-4.2,-1.0,-1.9,-2.2,-2.7,-2.0,-2.0,-1.5,-1.3,-4.2,-3.3,-3.1,-3.0,-4.7,-5.3,-2.8,-2.7,-2.5,-3.1,-3.8,1.4,-3.4,5.7,3.6,4.6,-2.4,2.9,3.2,-0.4,-4.3,-4.3,-2.0,-1.3,-2.3,-1.3,0.2,-8.0,-1.1,-1.5,-2.6,-3.0,-4.4,-3.3,-2.7,-2.2,-12.8,0.4,-9.1,-12.4,-7.6,-6.9,5.8,-6.1,-5.2,-3.5,-3.7,-4.6,-5.1,-5.5,-7.7,-5.7,-4.7,-4.8,-3.8,-4.0,-4.5
2C7L518QPa,0,48.10327,11.623732,4441979.41,2777963.75,537.8,583.5,256,7274,4.0,0.67,0.42,32.63,348.96,-0.529,-0.103,0.842,-1.8,0.2,-0.95,0.3,0.4,0.3,-0.3,2.8,0.8,-0.9,-4.5,-3.7,12.6,-3.1,0.4,1.3,4.0,0.5,0.7,2.7,-1.7,2.5,1.5,-4.8,-6.4,5.5,-8.3,-3.8,6.2,1.1,-6.0,4.3,-5.5,3.2,5.4,-1.3,-4.8,-0.5,-9.3,-6.3,-5.0,-5.0,-4.3,1.7,-4.0,0.5,-3.8,1.9,-1.1,0.6,-2.5,-0.6,-6.7,-3.5,-2.4,0.0,-1.9,-1.8,-2.1,2.2,-2.3,-2.9,-1.9,-1.8,-1.4,-1.9,1.2,-3.5,-0.4,-0.4,-0.5,-1.7,1.0,-2.6,-2.3,0.3,-0.3,-0.1,-2.6,-2.3,-1.5,-0.5,-2.1,-0.1,-3.3,-3.4,0.1,-1.0,-8.5,-0.2,-1.5,-5.1,-1.6,1.7,-7.0,-2.0,-1.4,1.4,1.7,-1.1,-8.5,-6.1,-1.8,2.4,-1.9,-1.1,2.9,-0.6,1.6,-0.5,-0.9,-2.9,-2.4,-1.3,-0.7,-5.5,0.1,1.5,-0.6,0.4,3.1,-0.4,1.8,0.1,0.9,-0.2,0.1,-0.5,-1.1,1.6,-7.3,-3.0,-3.7,-1.4,2.0,-4.7,-14.7,-5.1,-4.0,4.0,-14.9,-3.5,-9.4,-6.8,-3.6,-3.4,-1.9,-4.6,-5.4,-2.7,-2.3,-0.8,-1.7,0.8,-3.4,-4.0,-7.0,-4.7,-2.8,-4.1,-2.8,-1.5,-17.3,0.1,-1.6,5.6,7.4,-4.3,-8.1,2.0,-14.9,-10.1,4.4,-8.6,-15.4,-1.2,-5.7,-0.7,-7.4,-5.6,-10.3,-13.6,-9.2,-9.5,-9.5,-12.0,-5.6,-7.7,-6.4,-7.8,-6.4,-1.6,-9.9,-4.7,1.7,-5.2,-8.6,-6.1,-6.3,-4.6,-5.9,-6.3,-16.6,-6.6,-4.0,-4.6,-5.6,-5.2,-9.3,-12.4,-18.2,-15.3,-17.5,-17.6,-9.6
2C7L518QR5,0,48.10396,11.629105,4442377.96,2778049.23,542.0,587.7,256,7367,3.4,0.76,0.4,32.66,348.96,-0.53,-0.103,0.842,-0.5,0.2,0.35,0.27,0.4,0.2,-0.3,-1.3,0.1,0.3,0.6,-0.8,-2.2,0.2,-1.6,1.6,-2.7,1.6,1.6,0.8,-1.4,2.8,2.3,1.4,0.6,-1.2,-3.2,1.3,-10.2,11.6,-12.5,-11.4,7.4,12.1,11.8,9.8,0.4,-0.3,-3.4,-1.5,8.1,-4.9,-3.1,3.5,4.9,4.0,7.4,4.0,5.5,6.4,2.2,5.4,1.8,1.9,1.0,1.3,2.4,1.0,0.2,0.3,0.8,2.3,1.2,1.7,2.1,2.6,1.0,0.7,3.9,3.2,0.2,0.4,-2.1,-0.9,1.2,-1.7,0.2,-1.6,0.5,-1.2,1.1,-0.6,1.0,-0.2,-0.4,-0.4,-1.5,1.5,1.8,0.2,0.7,0.6,0.1,-0.9,-1.4,-1.2,-2.2,-2.0,-4.0,-1.0,1.7,-2.9,1.5,3.3,0.5,-3.4,1.8,-4.6,3.3,-1.9,5.8,-0.3,-0.1,3.2,1.2,1.7,3.0,1.9,1.6,1.5,0.9,0.5,0.5,-0.5,-1.0,3.3,1.8,3.9,1.9,0.6,0.5,0.6,1.1,2.4,0.4,4.8,0.4,2.3,-0.8,4.1,1.3,-1.4,-0.9,0.3,-5.1,1.1,1.5,0.2,-0.4,-0.3,-1.4,-0.1,-0.6,1.2,-0.5,-2.1,-1.4,1.5,1.2,-0.3,-0.2,-0.3,-0.4,-0.2,0.9,0.5,-1.1,-5.9,-3.9,-3.5,-9.2,-6.4,1.5,-2.3,-5.1,-0.5,-8.8,-4.7,-0.1,-3.2,-3.1,-2.7,-0.2,1.0,-0.5,-5.2,-12.1,-4.2,-2.3,-0.3,-1.1,-2.6,-0.2,-4.3,5.2,5.0,-0.9,0.0,-2.5,-0.3,5.5,0.5,-8.0,-3.3,0.8,-0.6,1.6,-5.5,5.8,0.3,10.9,8.3,-2.1,5.0,2.9
2C7L518QR6,0,48.103958,11.629089,4442376.76,2778048.98,538.5,584.2,256,7368,3.0,0.81,0.44,32.66,348.96,-0.53,-0.103,0.842,-0.3,0.1,0.03,0.23,0.2,0.2,-0.3,-1.7,-0.8,-1.0,0.2,0.8,2.2,-0.3,-7.0,1.8,0.7,3.2,2.7,5.4,2.7,4.7,3.6,-0.5,-0.8,3.4,-0.2,-2.1,-1.0,1.0,3.8,0.9,1.7,5.4,2.3,-0.5,1.9,-9.3,-4.5,-1.2,0.9,1.5,-1.1,2.6,0.7,2.7,1.8,-1.6,1.7,1.1,1.4,-0.3,-1.7,-1.4,-6.2,-0.7,-2.0,-1.7,-4.7,0.2,3.6,-0.2,-2.4,-1.1,0.0,1.4,1.4,0.4,1.2,1.0,1.1,2.6,3.6,-0.3,1.0,-1.2,1.0,0.2,0.2,-0.3,2.6,-0.5,-2.3,-2.3,-2.9,0.9,0.1,-2.1,2.2,-2.6,-5.4,-4.6,-5.3,2.2,0.1,2.5,-0.8,3.2,-2.0,-0.5,2.2,3.1,1.5,-2.0,-0.1,5.1,0.5,3.2,3.0,1.0,4.1,2.1,3.1,1.5,4.3,-1.2,2.2,1.8,1.1,-0.4,-2.7,-2.3,0.1,-0.3,-3.2,1.9,2.5,-0.4,0.6,-0.2,-0.3,2.9,1.7,-0.7,0.3,0.2,-4.5,0.3,1.6,2.6,0.2,0.4,-2.4,-1.3,0.0,0.8,-4.2,9.8,4.3,-6.0,-1.0,3.4,-0.2,-1.0,1.1,-4.8,-4.7,0.7,-1.4,-0.4,-0.8,-0.2,-1.4,-3.0,-2.9,0.6,-0.6,-1.2,-0.1,-5.7,0.2,-8.8,-0.7,-1.6,-2.4,2.3,0.5,-2.8,-0.4,-11.2,-0.2,-3.7,2.2,-1.3,-6.7,-6.0,3.1,2.4,-0.8,1.6,-2.9,-3.7,-1.2,8.0,0.5,3.4,-1.3,-6.5,-1.0,-1.1,6.4,1.8,2.3,1.6,0.8,-3.1,-0.9,-12.8,1.8,-3.4,3.6,4.8,-6.7,-2.2,2.1
2C7L518QRb,0,48.104184,11.63085,4442507.4,2778077.01,538.0,583.7,256,7399,3.0,0.8,0.41,32.66,348.96,-0.53,-0.103,0.842,-0.9,0.1,-0.71,0.23,1.0,0.2,-0.3,0.8,-0.5,2.0,-3.0,-1.1,-1.4,-0.7,-1.0,-1.1,-1.8,1.3,1.5,0.2,0.7,-0.1,-1.3,-3.5,-2.7,-4.0,-1.9,-0.3,-3.6,-0.2,-1.3,-0.6,-2.2,1.1,-0.5,-0.9,-4.6,-2.7,-7.7,-6.7,-6.8,5.0,-0.6,1.3,0.5,-6.1,-2.6,1.3,0.3,-0.5,-1.3,-0.5,0.9,-0.7,-1.1,-1.1,-0.0,2.0,2.5,1.1,1.9,1.8,1.4,1.0,1.0,1.5,-0.1,2.9,6.3,-4.4,6.7,9.1,-0.3,-0.5,-3.5,2.7,3.2,1.1,2.7,1.5,3.2,0.4,-2.1,-1.8,-1.0,-2.2,-5.2,-1.0,0.4,-0.6,0.2,0.7,-2.9,-1.4,-1.4,2.3,1.6,0.6,1.2,-1.1,1.1,1.4,2.1,-0.8,-1.9,-0.3,0.8,0.5,-3.5,-2.6,0.2,-3.3,1.5,0.0,1.7,-0.9,1.0,-4.0,-2.7,-1.4,0.2,-5.3,1.6,12.1,-3.6,-2.0,-2.0,-10.3,-1.5,-2.0,-1.8,-1.6,-3.1,-3.8,4.2,-3.0,-5.2,-1.8,-5.6,-4.1,-0.7,-3.6,-4.7,-0.8,-6.8,0.0,5.5,0.3,-1.4,0.9,-2.0,1.8,-1.2,-2.2,-2.2,2.7,-5.4,-5.4,-0.1,0.4,1.4,-4.4,-6.8,-3.9,-5.6,-2.8,-0.1,-4.4,-9.3,0.7,-4.0,-2.3,-1.7,-3.7,-0.9,-0.9,-1.9,-1.0,-2.8,-4.3,-1.2,-4.4,-3.8,3.1,-1.6,7.6,3.4,-2.9,-16.1,-1.4,-4.1,-0.7,-1.9,-6.6,-2.4,-4.3,-7.9,-8.4,-0.6,-6.3,-5.0,-1.0,-5.8,-7.3,-2.1,-4.1,-0.6,-3.8,-7.4,-3.2,-3.8,-7.9,-7.9,-8.4,-6.6
2C7L518QSg,0,48.104673,11.634658,4442789.94,2778137.61,538.4,584.1,256,7466,3.9,0.66,0.71,32.68,348.96,-0.53,-0.103,0.842,-3.8,0.2,0.64,0.3,1.9,0.3,-0.3,5.3,0.7,-4.8,-1.1,-6.8,-2.8,10.3,8.0,-2.1,7.6,4.6,2.4,-7.6,-4.7,-7.1,-2.2,2.8,-9.7,-15.0,-15.7,-6.7,3.4,0.7,-5.2,-6.0,5.1,-1.3,-2.6,-2.7,3.2,-2.5,-7.8,-4.8,-9.5,-2.0,-5.6,-3.4,-9.4,-3.9,1.8,-4.0,-1.3,-10.4,-5.8,-12.9,-10.4,2.9,-16.7,-8.0,2.7,-0.5,-8.3,0.2,0.5,-4.8,0.8,0.2,1.3,-0.7,-0.1,-5.6,7.6,-0.9,0.2,-5.6,-2.3,-1.1,-5.0,-4.2,-2.6,-4.0,-0.4,-12.6,-4.2,7.9,1.7,-16.1,-9.2,-4.0,-1.4,-5.9,-9.5,-8.2,-7.2,-4.9,-5.7,-7.9,-9.7,-10.9,-8.3,-12.1,-13.9,-10.6,-15.7,-11.3,-10.7,-9.2,-10.2,-8.4,-9.6,-8.5,-10.0,-9.8,-7.5,-10.3,-8.1,-8.6,-7.2,-9.7,-8.9,-5.2,-5.9,-4.0,-5.9,-4.8,-7.5,-10.1,-7.6,-6.4,-7.4,-8.1,-6.9,-5.8,-8.1,-7.0,-5.3,-4.6,-5.8,-8.0,-10.7,-8.9,-16.4,-14.1,-13.8,-14.6,-15.6,-13.2,-16.1,-11.5,-13.3,-13.7,-16.1,-16.2,-16.4,-12.8,-14.0,-13.1,-16.0,-15.8,-18.3,-13.9,-13.9,-16.6,-14.8,-15.3,-13.8,-14.7,-14.0,-13.4,-14.6,-15.1,-18.6,-17.4,-18.9,-18.7,-13.8,-16.7,-12.3,-12.4,-14.1,-14.0,-16.5,-16.4,-16.0,-15.3,-18.1,-16.7,-17.1,-23.2,-15.0,-15.4,-16.5,-13.8,-13.7,-16.3,-15.4,-15.2,-15.4,-18.5,-19.7,-22.8,-18.0,-21.1,-18.4,-16.8,-17.3,-17.3,-16.0,-15.5,-14.7,-15.8,-16.3,-16.0,-15.4,-16.6,-17.5,-20.3,-18.7
2C7L518QTw,0,48.105222,11.638931,4443106.91,2778205.62,530.7,576.4,256,7544,3.5,0.74,0.52,32.7,348.96,-0.53,-0.103,0.841,-1.2,0.2,0.39,0.26,1.1,0.2,-0.3,2.1,1.2,0.7,-2.2,1.3,0.7,2.3,0.6,2.1,1.3,0.5,0.4,-1.3,4.2,2.4,0.2,3.8,-1.3,-0.8,10.9,-11.8,-1.4,-1.5,8.1,-2.6,-10.3,-1.0,-2.3,1.9,2.0,3.0,-3.5,-1.0,-1.3,-1.4,1.3,0.6,1.2,3.0,2.0,-10.2,-5.6,3.5,0.4,1.2,1.5,-1.6,1.6,8.4,-1.0,6.7,-1.0,-6.6,-3.3,-0.3,-3.8,-1.6,-5.7,-6.6,-2.6,-5.8,-6.4,-0.1,-7.0,0.2,-2.1,-5.7,-0.6,-5.4,-5.9,-5.2,-3.2,-3.9,-0.3,9.3,1.3,7.6,-0.0,0.8,5.6,-3.2,-3.6,-2.0,9.4,6.1,0.4,-0.9,-3.3,2.4,-1.9,-4.0,-7.2,-5.7,-1.1,-2.4,-6.3,-4.3,-4.8,-3.0,-5.2,-6.8,-4.7,-5.3,-3.9,-2.2,-6.5,-4.3,-5.1,-3.2,-5.3,-5.3,-4.2,-7.5,-7.6,-8.2,-4.6,-2.7,-2.8,-1.6,-2.2,-2.0,-3.7,-0.5,-1.2,-1.4,-0.5,-2.1,-1.1,-0.8,-2.7,0.1,0.3,-2.0,-1.9,-2.1,-3.1,-1.7,0.7,-0.2,1.0,-3.9,-5.8,-4.4,-3.6,-1.2,-4.3,1.4,-3.5,-3.1,-3.4,-6.5,-4.2,-5.3,-5.7,-7.2,-5.1,-3.4,-6.6,-7.2,-9.1,8.8,-1.7,-5.4,-9.3,-10.9,-0.6,-7.5,-8.5,-0.4,-8.5,-7.2,-8.5,-6.9,-7.8,-5.7,-6.0,-7.6,-4.9,-2.2,-4.0,-6.0,-1.7,-4.3,-4.8,-4.5,-1.5,-3.7,4.2,-4.9,-3.5,-7.6,-5.5,-9.3,-7.1,-1.6,-4.9,-6.2,-8.3,-6.5,-6.6,-7.0,-5.8,-5.6,-6.9,-5.7,-1.4,-3.5,-4.0
2C7L518QPR,0,48.103225,11.623241,4441942.9,2777957.99,539.4,585.1,256,7265,2.6,0.84,0.36,32.6,348.92,-0.529,-0.104,0.842,-1.1,0.1,0.73,0.2,0.9,0.2,-0.3,-1.7,-0.7,-1.7,-1.2,-0.7,-0.7,-1.8,0.2,-1.7,8.8,-0.2,2.6,-0.0,-0.6,-0.6,-2.6,-4.1,-5.6,-2.6,-1.9,-4.2,-2.7,-4.5,-6.2,-2.3,-5.4,-3.8,3.3,0.3,-5.9,8.1,-8.9,-5.3,-5.7,-4.4,-5.5,-2.1,-3.9,-1.5,-3.4,-1.9,-6.4,-3.4,-4.7,-2.6,-1.8,-3.8,-2.5,0.1,-1.6,-1.9,-1.7,-1.6,-2.8,-3.4,-2.2,-2.5,-2.8,-1.8,-2.0,-3.6,-4.0,-3.6,-0.4,-8.0,0.1,-3.1,-3.7,-1.5,-2.8,-2.2,-1.5,-1.5,-1.3,-3.5,-3.7,-2.5,-3.4,-4.7,-2.8,-4.0,-4.2,-2.6,-3.7,-4.9,-5.9,-6.2,-12.8,-5.4,-5.9,-5.5,-8.0,-6.5,-3.6,-6.9,-0.1,-7.0,-6.1,-7.6,-6.3,-5.7,-3.6,-3.4,-4.6,-6.7,-4.0,-2.5,0.9,-6.5,-7.2,-4.3,-6.9,-7.1,-7.6,-5.3,-5.3,-5.9,-8.3,-5.8,-6.0,-8.1,-5.3,-6.8,-5.4,-4.0,-3.4,-5.3,-4.7,-1.9,-7.4,-9.0,-5.2,-6.5,-5.4,-6.0,-6.0,-4.4,-8.7,-2.1,-4.1,-4.9,-4.2,-3.8,-2.6,-2.5,-3.3,-7.7,-6.5,-4.2,-4.8,-5.4,-7.8,-6.4,-6.3,-7.4,-5.7,-8.7,-11.9,-3.7,-2.9,-6.4,-6.2,-4.8,-7.4,-5.8,-3.7,-6.1,-9.8,-4.0,-6.6,-11.6,-8.0,-10.6,-3.9,7.1,-3.5,-7.9,-6.2,-14.8,-4.0,-7.2,-5.0,-7.9,-9.7,-8.4,-8.5,-7.5,-5.9,-6.0,-6.9,-10.8,-4.2,-10.9,-12.6,-11.4,-8.9,-4.8,-7.7,-8.6,-4.4,-6.6,-7.2,-3.9,-4.0,-4.6,-3.8,0.5,-4.1
2C7L518QPl,0,48.103387,11.624499,4442036.26,2777978.0,544.9,590.6,256,7285,3.6,0.74,0.5,32.64,348.96,-0.529,-0.103,0.842,-0.1,0.2,0.21,0.28,0.3,0.2,-0.3,4.9,-0.4,-3.7,-0.1,-4.0,-7.3,8.8,-1.6,5.6,-7.9,3.2,-5.8,13.3,-11.4,11.8,6.9,-0.2,-2.2,-6.0,2.2,-2.6,1.0,6.6,1.4,-0.2,-2.8,2.7,0.9,-1.1,-1.5,-12.7,-3.6,-7.2,0.3,-6.5,-3.4,3.5,-1.4,-0.0,2.7,1.7,-0.6,3.2,-1.5,5.9,-0.3,-2.0,-7.3,-2.5,-3.9,-0.5,-3.4,0.7,1.9,-1.5,-0.3,7.1,-0.2,-1.0,1.1,2.1,-6.7,-4.8,-2.1,10.9,-4.5,0.1,-2.2,-3.8,-1.2,-2.5,2.3,-9.6,-1.6,-1.4,-2.0,-3.0,-4.6,-3.7,-2.5,-9.5,-1.6,0.4,-3.4,2.6,2.9,2.9,-4.1,3.1,-1.3,-0.1,-0.1,1.0,3.3,-1.8,4.5,1.0,1.4,0.5,1.2,-0.2,-0.7,4.9,1.0,1.8,1.2,0.7,-3.7,1.8,-2.5,-2.3,-0.6,-0.3,-3.9,-0.8,-3.0,-1.2,-2.0,-0.1,-1.3,0.1,4.0,0.4,-1.7,-2.6,-6.1,-9.0,2.7,-5.9,-4.2,1.8,2.4,0.9,0.3,-0.9,-0.3,-0.5,-6.1,2.3,2.4,6.8,-6.3,-1.4,0.2,-2.2,-1.4,-6.7,-2.1,-1.0,-1.8,-2.5,-3.6,-2.0,-0.7,2.5,2.3,-0.3,1.4,1.0,0.5,-2.9,2.1,0.9,-3.3,-2.8,0.1,-3.2,0.2,-4.6,-0.8,-2.8,-1.5,1.2,-2.3,-0.6,-0.0,-1.7,0.6,4.0,-0.4,-2.0,-3.7,-2.7,0.4,0.1,-1.0,2.9,2.4,9.9,-1.8,-1.6,-0.5,-3.4,-2.4,-2.5,-1.0,-0.4,-1.2,-1.4,-0.6,0.3,-1.8,-0.5,-2.1,1.1,-0.6,-0.7,-2.1
2C7L518QPn,0,48.103386,11.624494,4442035.85,2777977.92,539.1,584.8,256,7287,2.2,0.91,0.17,32.64,348.96,-0.529,-0.103,0.842,-0.4,0.1,-0.44,0.17,0.3,0.1,-0.3,0.3,0.3,0.7,0.2,0.6,0.1,0.7,1.0,0.6,-4.2,1.9,0.7,1.9,0.9,1.8,1.1,0.2,-0.1,0.0,0.0,-0.2,1.0,0.2,-0.1,1.4,1.3,1.8,0.1,0.3,-2.4,-10.4,-3.6,-2.8,-1.3,-2.3,-0.9,1.4,-0.1,2.4,1.7,0.8,0.3,1.4,0.5,-0.3,-0.5,-1.5,-1.5,-0.7,-0.1,0.7,0.4,1.2,0.1,-0.5,0.3,1.3,0.5,0.2,0.2,0.2,-0.3,-6.2,0.8,-1.5,0.4,-0.7,-1.2,-0.3,-0.2,0.2,0.6,1.1,-0.4,0.7,0.4,1.6,0.1,0.1,-0.1,0.3,-0.5,-1.4,0.2,-0.2,0.9,2.2,-2.2,0.8,-1.0,-0.9,-1.4,-1.0,1.2,-1.2,2.2,-0.0,0.5,-0.8,0.7,-0.7,-0.6,0.7,0.5,-1.4,0.6,0.2,-0.1,-1.3,-0.3,-0.8,-0.6,-0.5,-0.9,-0.6,-0.2,12.7,-1.3,-0.6,0.0,13.0,-0.0,-0.1,-0.5,0.4,1.7,0.5,-1.0,-0.5,-1.4,-0.6,1.3,-0.8,-0.2,0.3,-0.9,1.0,-2.9,1.9,2.2,0.2,0.0,0.1,0.1,1.0,-0.2,-6.2,0.7,0.5,0.7,-9.5,-1.3,0.2,-0.3,-0.1,0.5,-0.1,-0.4,0.9,0.1,-0.6,1.7,1.1,-2.2,-1.0,1.4,-0.5,-1.9,0.8,-0.5,-1.4,-3.0,-3.0,-1.3,-2.0,-12.1,-0.8,-0.4,8.8,-0.8,-0.9,-0.9,-1.3,-2.1,-1.5,-0.6,-1.9,0.0,-0.1,-3.4,-2.7,-1.4,-1.6,-2.8,-2.1,-2.1,-1.0,-2.1,-3.2,-1.9,-3.1,-2.6,-2.0,-2.4,-1.6,-1.7,-2.8,-2.3
2C7L518QPo,0,48.103389,11.624515,4442037.45,2777978.27,537.4,583.1,256,7288,2.4,0.88,0.28,32.64,348.96,-0.529,-0.103,0.842,-0.5,0.1,-0.41,0.18,0.4,0.2,-0.3,-0.3,-0.4,2.4,0.7,1.1,0.5,1.0,1.6,-0.5,-2.7,1.4,1.2,0.2,1.1,0.9,0.4,-1.4,-2.1,-1.4,-1.5,-2.5,-0.3,0.4,-0.2,-4.6,1.0,1.2,0.2,0.1,-4.5,-11.1,-4.5,-2.7,-1.5,-4.2,-1.6,-0.7,-1.5,3.2,2.3,0.0,-0.9,0.9,-0.3,-0.6,-2.0,-1.4,-2.4,-1.9,-0.2,1.8,-0.7,1.8,-0.6,-0.9,-0.2,1.3,1.1,1.3,0.2,-0.4,1.5,-6.6,1.6,2.2,1.6,-1.4,-0.6,-0.4,-0.6,0.3,0.2,3.3,0.5,-0.4,-1.2,-0.2,-1.7,-3.6,-2.7,0.2,-1.4,-2.3,-1.2,-0.8,0.8,1.9,-1.3,-1.5,-2.0,-1.6,-3.2,-3.8,-0.8,-3.1,3.4,0.3,0.9,-1.5,2.3,-1.7,0.7,0.9,-0.9,-1.4,-0.3,1.9,1.5,-0.9,-0.2,-2.1,-2.0,-2.6,-4.1,-2.6,-1.3,-11.4,-2.6,-2.5,-1.2,10.5,-0.6,2.2,-1.3,0.2,0.1,-0.3,-2.8,-1.3,-1.0,-1.4,1.5,-2.5,-1.3,0.0,-1.2,0.1,-3.4,1.2,1.3,0.1,-0.9,-1.8,-0.3,0.2,-1.5,-7.5,1.3,1.0,0.4,-10.2,-0.5,0.4,0.1,-0.8,0.2,-0.1,-1.8,0.1,0.3,-2.2,1.7,0.5,-2.9,-1.6,1.8,-1.5,-3.8,-0.6,-1.0,-1.7,-3.8,-4.1,-1.8,-2.2,-12.6,-1.1,-1.4,8.6,-0.8,-2.2,-1.0,-2.0,-2.8,-1.8,-2.3,-4.1,-0.6,-0.7,-5.4,-3.6,-3.5,-2.6,-4.0,-4.4,-3.6,-1.9,-2.7,-3.9,-3.4,-3.8,-4.9,-3.4,-3.6,-2.7,-2.6,-4.0,-4.4
2C7L518QRY,0,48.104172,11.630609,4442489.49,2778075.24,534.8,580.5,256,7396,2.1,0.9,0.34,32.66,348.96,-0.53,-0.103,0.842,-0.3,0.1,-0.32,0.16,0.9,0.1,-0.3,0.3,-0.1,1.7,-2.1,-0.4,-1.3,2.7,1.9,1.2,-1.9,0.3,0.0,-0.5,0.1,-0.8,-1.8,0.2,-2.9,-0.5,-2.5,-1.7,-5.4,0.4,-0.4,-1.4,-0.7,1.2,-0.2,-0.3,-3.8,-2.6,-5.3,-5.0,-5.8,1.0,-2.2,0.6,-0.1,-0.2,-3.0,0.5,-1.0,0.5,-1.6,-0.6,-0.4,-1.8,-0.8,-0.5,0.1,1.5,0.3,0.6,-0.2,0.4,-0.0,0.2,-0.7,1.1,-0.0,1.3,2.9,-3.7,3.2,7.0,1.8,0.4,-0.6,-0.3,0.3,-0.4,0.1,1.9,0.9,-0.9,0.7,-0.4,-0.5,-1.4,-0.4,-0.5,-0.4,0.2,-0.8,0.1,-1.7,-2.2,-0.9,-1.8,-0.2,-2.2,-0.8,-2.1,-3.3,-1.5,-1.1,-1.8,-0.2,-0.0,-0.6,-1.1,1.1,-0.6,-0.6,-1.7,-0.2,0.3,0.5,-1.0,0.1,-1.6,-0.2,-0.5,0.4,-1.1,0.8,10.3,-2.0,-0.0,-0.7,-11.8,-0.9,-0.8,-0.5,-2.2,-2.2,2.4,-0.3,-0.5,-3.4,-2.3,-1.8,-0.6,-0.3,-1.7,-3.0,-4.2,-5.6,0.2,2.9,-0.2,-1.9,-0.4,1.0,1.8,1.5,-0.8,0.4,0.0,0.8,-1.9,3.2,0.5,0.2,0.6,0.6,0.5,0.7,1.5,0.3,-1.4,-4.8,-1.0,-2.5,-2.8,-0.4,-0.4,-3.0,1.2,0.1,-1.7,-2.2,-1.8,-1.2,-2.5,-2.1,-0.6,0.9,-11.4,-0.4,-0.4,-1.4,-0.7,-1.8,-3.4,-1.5,-3.4,0.7,-0.4,-3.2,-3.8,-2.1,-3.7,-1.3,-1.7,-3.3,-1.3,-2.5,-5.2,-1.8,-4.2,3.4,-2.0,1.8,-1.7,-3.6,-3.2,-0.2
2C7L518QRa,0,48.104187,11.630725,4442498.1,2778077.09,534.9,580.6,256,7398,2.3,0.87,0.33,32.66,348.96,-0.53,-0.103,0.842,-0.2,0.1,-0.11,0.18,1.0,0.2,-0.3,1.1,1.9,-0.1,-2.8,-0.9,-0.3,-1.4,-0.8,-0.6,-1.9,-0.6,0.9,-0.9,-1.5,-1.1,-2.7,-2.1,-2.9,-3.5,-3.9,-2.1,-4.1,-0.4,-3.6,-1.8,-3.7,0.0,0.0,-2.0,-6.5,-1.6,-7.9,-5.0,-7.7,-1.7,-5.8,-2.1,1.0,0.2,-2.0,0.4,-0.3,0.2,-3.2,-1.4,0.5,0.0,-1.0,0.2,-0.6,0.7,1.8,1.4,0.8,0.5,1.5,0.8,0.8,1.6,0.4,-0.8,1.6,-5.5,5.9,-10.9,-0.5,-0.4,-1.8,0.3,0.7,-1.5,0.5,-2.5,0.9,-1.8,-2.5,-2.4,-0.2,-1.5,-4.8,-1.1,-1.4,-1.2,-1.7,-1.3,-3.7,-2.8,-3.2,-0.9,1.3,-2.0,-1.4,-2.1,-2.2,-1.6,0.1,-0.3,-2.3,-0.5,-0.8,-1.3,-4.3,-3.4,1.3,-1.6,0.0,1.2,1.1,0.0,0.1,-2.0,-2.1,-1.6,-0.7,-3.4,-1.3,-8.8,-4.2,0.4,-3.5,-9.1,-0.5,-0.4,-1.2,-1.5,-4.0,0.5,0.5,-2.6,-5.2,-2.2,-3.1,-1.6,-1.4,-3.2,-3.1,-7.6,-3.8,-1.1,0.5,-2.2,-2.7,-1.2,-4.7,0.6,-0.9,-1.0,-1.1,-2.4,-1.8,-4.3,-0.8,0.8,0.0,-3.1,-1.4,-1.9,-2.1,-2.5,-2.3,-2.4,-5.4,-0.5,-1.6,-2.7,-3.1,-1.4,-0.7,2.6,1.8,-1.6,-4.3,-4.9,4.5,0.4,2.8,0.6,2.9,-6.0,3.7,2.7,2.3,3.4,0.4,-1.9,0.6,-3.3,-0.5,-2.3,-5.2,-5.2,-4.1,-3.7,-1.9,0.1,-3.5,-5.4,-3.7,-5.9,-0.0,-4.1,-1.1,-3.6,-1.8,-0.9,-3.9,-6.2,-2.4
2C7L518QRg,0,48.104218,11.630972,4442516.45,2778081.03,532.2,577.9,256,7404,2.7,0.84,0.46,32.67,348.96,-0.53,-0.103,0.842,-0.9,0.1,-0.14,0.21,0.1,0.2,-0.3,-0.0,0.4,-0.1,2.7,-1.0,-1.8,-1.2,-0.1,0.4,-3.5,-0.7,-0.3,1.8,0.5,3.1,1.8,0.7,-0.8,-0.2,-1.9,0.2,0.2,1.8,1.3,-0.3,0.4,4.1,2.6,1.3,-1.2,-0.9,-7.1,-4.2,-4.3,3.5,-2.1,1.1,1.4,-0.9,2.8,-0.6,1.1,1.6,2.2,-1.7,0.7,-0.3,-0.7,1.1,-1.2,2.4,1.7,2.0,0.9,0.1,-0.7,1.5,-0.4,0.6,0.1,2.7,2.0,-3.7,2.2,2.8,-0.7,-0.8,3.3,-2.6,-0.5,-0.9,-0.1,-0.8,0.3,3.6,1.5,3.2,1.4,1.2,0.4,1.8,1.9,1.5,-2.1,0.1,-1.3,3.6,-0.1,-0.6,-0.2,3.4,-3.6,-2.7,0.6,3.6,7.1,3.0,-2.7,2.2,-0.0,-1.2,0.1,3.3,5.5,-5.1,1.2,-1.2,-0.3,1.1,-2.9,-1.4,-1.0,-1.5,-0.5,-1.5,-1.5,0.2,-3.2,-0.7,-0.4,3.0,-2.3,-1.6,-3.7,-2.4,-5.0,-1.3,-0.6,-0.7,-4.5,-5.1,-3.0,-0.8,-2.1,-3.9,-6.1,-2.5,-7.3,3.3,-1.4,-3.6,-3.4,-4.7,-3.3,-2.3,-2.6,7.0,-2.5,-1.5,-3.6,-5.8,-3.7,-10.3,4.0,1.6,-2.6,-3.5,-2.4,-4.8,5.4,-1.6,-3.4,-6.5,-4.1,-2.7,-2.8,-1.0,-4.5,5.3,-0.6,-4.5,-5.3,-1.5,-1.0,-1.5,-3.0,-3.9,-3.0,8.7,-4.5,-7.0,-5.8,-0.0,-5.4,5.0,-0.7,-2.0,0.9,-0.6,-5.4,-10.8,-1.9,-5.3,0.2,-0.1,-5.9,-1.3,-4.1,-4.8,-3.8,-4.3,-3.4,-6.2,-0.3,-5.6,-2.6,-6.0,-3.0
2C7L518QTq,0,48.10522,11.638775,4443095.31,2778205.18,538.4,584.1,256,7538,2.9,0.78,0.51,32.7,348.96,-0.53,-0.103,0.842,-0.6,0.1,-0.67,0.22,1.8,0.2,-0.3,5.6,0.4,1.2,-0.3,-0.1,1.4,0.1,-0.2,1.1,1.9,1.2,4.9,2.8,2.0,-0.6,0.5,-1.6,-1.4,-1.9,-4.0,-13.4,-5.6,2.9,0.7,-0.9,0.4,-1.2,2.8,0.1,-4.6,-2.0,-8.9,-4.1,-4.1,-5.9,-3.6,-0.3,-3.1,-3.2,-1.1,-3.9,0.8,-0.2,-1.8,0.9,-3.1,0.6,0.7,0.5,-1.5,1.4,2.0,0.1,1.4,-0.2,1.1,1.9,1.0,2.8,2.4,1.1,0.4,-3.0,-0.4,-2.2,-0.3,-1.8,-5.3,-0.1,1.1,-0.1,0.1,0.7,0.5,-1.7,-0.1,-0.8,-0.8,-1.4,-1.4,-0.4,-3.9,-0.8,2.6,4.3,-0.7,1.5,3.9,-0.1,-6.2,-0.5,-1.4,1.3,-5.1,3.1,-1.3,6.6,-1.7,1.0,-1.8,-8.7,-2.7,-0.4,1.2,0.0,-1.4,0.4,2.1,0.2,3.1,0.5,1.3,0.9,2.3,4.2,4.3,3.8,3.0,3.4,5.7,2.2,4.7,1.0,1.1,0.7,2.7,2.2,0.8,-0.1,-0.3,1.0,-2.1,-1.7,0.2,5.4,-13.4,-7.6,-1.9,-1.8,-0.2,0.5,-4.4,-1.8,-0.7,1.5,3.4,-2.1,1.4,2.2,0.2,-3.8,-2.6,0.2,1.3,0.5,-2.6,-0.1,1.7,0.5,-4.1,-7.3,-10.2,-6.1,-4.3,-8.6,-3.0,-3.2,-2.4,-2.6,-5.5,-5.6,-6.0,3.3,-4.3,-1.0,0.1,-1.8,-3.3,-9.6,-0.9,0.2,-0.6,-0.9,-2.3,-2.4,-2.4,-1.9,-4.4,-2.6,-6.6,-4.9,-2.6,-7.2,-8.1,2.3,1.3,2.1,-5.6,-5.6,-8.0,-8.6,-2.4,-4.5,-4.8,0.6,0.3,-0.6,1.2
2C7L518QRS,0,48.104143,11.630243,4442462.32,2778071.48,535.5,581.2,256,7390,3.2,0.79,0.45,32.66,348.96,-0.53,-0.103,0.842,-0.1,0.2,0.2,0.24,0.7,0.2,-0.3,0.8,1.5,2.4,-6.3,-2.3,1.1,3.1,0.2,-3.0,-3.8,2.1,0.3,5.7,-0.7,-2.2,-7.3,11.0,-1.1,0.6,-0.2,1.1,-0.5,-2.8,-2.6,1.1,0.1,-0.3,0.7,-3.8,-4.5,0.1,3.4,-6.1,-6.3,1.1,1.0,1.2,3.6,-1.5,0.6,-1.6,5.8,0.9,0.6,-3.2,2.0,-2.8,-0.1,-0.6,0.8,2.1,-0.9,-0.5,0.4,-3.1,4.6,1.3,-0.2,-0.6,0.1,1.2,3.2,-1.0,5.3,6.0,-0.5,-0.8,-2.6,-1.8,-1.3,-1.9,4.7,0.9,-2.4,-0.3,-3.4,-3.0,0.4,-1.4,-1.8,1.5,-0.4,1.4,-0.1,-1.9,-1.6,-1.8,0.7,-7.3,-2.7,0.3,-2.2,-3.0,1.6,-0.7,-0.7,-2.4,0.2,-1.3,4.1,1.7,-1.4,-0.8,-0.2,-3.0,0.2,-2.1,2.5,-0.5,-0.1,-1.4,0.4,-3.4,-1.7,-0.4,-4.2,9.0,-4.5,1.8,-1.9,-2.1,-1.9,-0.4,-2.2,0.0,-2.2,1.2,2.7,-1.3,-5.1,-2.0,2.3,-0.7,0.3,9.9,-0.9,-3.8,1.1,3.3,9.6,2.6,1.1,-1.2,0.3,1.9,2.5,-5.9,-4.7,0.6,-8.9,-11.9,1.6,-7.2,0.3,-0.5,-1.7,-0.1,-3.6,-4.8,-2.1,-0.8,0.8,0.7,-0.6,-0.3,0.2,1.3,-3.5,4.4,-0.5,0.5,-2.2,-1.7,0.9,-1.5,-3.3,-6.3,0.5,2.2,0.8,-2.7,0.0,0.2,-2.0,-2.5,5.7,-2.0,1.5,-1.8,4.0,-0.9,1.3,0.4,3.2,3.6,-2.1,6.4,11.7,-4.0,0.1,-1.5,-2.5,-2.7,2.4,-2.6,-6.7,-2.7,-3.9
2C7L518QRU,0,48.10416,11.630373,4442471.98,2778073.56,534.4,580.1,256,7392,2.1,0.92,0.27,32.66,348.96,-0.53,-0.103,0.842,-0.2,0.1,-0.33,0.16,0.4,0.1,-0.3,0.2,0.9,-0.1,-2.5,-1.0,0.5,0.3,0.3,0.6,0.3,-0.9,0.6,-0.9,-1.6,-0.8,-1.6,0.1,-1.1,-0.6,-2.2,-1.2,-2.7,0.0,0.7,1.3,1.0,1.0,1.8,0.2,-3.1,-1.3,-5.3,-5.1,-3.6,1.7,-0.1,0.3,0.1,-0.6,-0.3,1.5,0.1,-1.1,-0.0,0.4,-0.1,0.2,-0.8,-0.5,-0.7,1.0,0.4,0.8,0.6,0.7,-0.2,1.3,-0.6,1.4,0.5,0.4,1.0,-6.4,8.0,-9.2,1.1,0.0,0.2,-0.9,-0.5,-1.6,0.4,-0.8,0.4,-0.1,-0.6,-0.2,-0.9,-0.2,1.4,0.0,0.4,-0.3,-0.5,0.8,0.8,-1.1,-0.2,0.7,0.5,0.4,1.1,0.2,-1.5,0.7,2.2,1.3,-0.4,2.0,1.5,0.2,-0.9,-0.1,1.0,0.4,1.2,-0.2,0.6,0.4,-0.1,-1.9,-0.3,-1.6,-0.4,-1.0,-0.8,-2.3,-1.2,0.5,-1.1,-10.9,-0.4,0.1,-0.4,-1.2,-1.4,1.1,0.9,-1.2,-3.7,-0.3,-0.2,0.7,0.5,-0.6,-1.3,-0.1,-1.9,3.0,4.6,1.0,-0.4,0.0,-0.8,-0.1,-1.2,-0.3,-0.4,-0.3,-1.1,-1.6,0.6,0.2,-0.6,0.2,-0.3,-0.5,0.7,1.1,-0.0,-1.6,-3.0,-1.9,-2.4,-1.3,1.1,1.2,-3.0,2.5,-0.1,-0.9,-1.6,-2.4,0.9,0.2,0.1,-0.0,0.6,14.3,0.3,-0.8,0.4,0.1,-0.2,-1.2,-2.5,-1.2,-3.1,-3.5,-2.7,-4.5,-0.2,-3.1,-2.1,-1.2,-3.2,-2.6,-5.2,-2.1,-2.9,-2.3,0.0,-2.2,-1.9,-0.3,-1.1,-1.4,-0.6
2C7L518QRW,0,48.104175,11.630488,4442480.5,2778075.38,534.5,580.2,256,7394,2.1,0.92,0.26,32.66,348.96,-0.53,-0.103,0.842,-0.5,0.1,-0.12,0.16,0.6,0.1,-0.3,1.1,0.9,1.0,-2.0,-0.3,0.9,0.8,1.0,0.4,0.6,0.3,1.2,-0.5,-0.5,-0.5,-0.2,0.7,-0.7,-0.7,-2.0,-2.2,-3.1,-0.8,1.1,-0.6,0.6,0.4,1.3,-0.7,-2.0,-1.1,-4.2,-4.1,-4.5,-0.1,-1.4,0.1,-0.1,-0.8,-1.2,-0.2,-0.3,-1.0,-1.5,-1.1,-1.9,-1.6,-1.3,-1.3,-0.9,0.2,-0.6,-0.2,-0.9,-1.3,-0.8,-0.7,-1.8,-0.2,-1.3,0.3,1.1,-5.9,7.3,14.4,-2.1,-1.3,1.9,-2.0,-0.6,-1.5,0.1,-1.1,-0.2,-1.4,0.5,-0.5,-1.0,-0.9,0.2,-1.4,-0.6,-0.5,-2.1,-1.3,-0.0,-2.1,0.5,-1.5,-0.6,-2.6,-0.9,-2.0,-3.0,-0.7,0.2,-0.3,0.3,0.9,0.6,-0.7,-0.2,-1.5,0.7,-0.6,-0.7,-0.9,1.3,0.5,0.6,-2.0,-0.5,-1.0,0.2,-1.0,-0.8,-3.7,-1.3,0.6,-0.3,-10.6,-0.2,0.3,-0.4,-2.1,0.4,1.5,0.1,-1.4,-4.3,-2.6,-1.1,-2.0,-1.8,-3.0,-4.1,-2.2,-3.9,1.2,2.5,-0.4,-1.1,-2.0,-1.3,-0.0,-1.1,-2.6,-0.5,-0.8,-0.8,-4.3,1.5,-1.2,-1.6,-1.5,0.2,0.0,-0.4,-0.6,-1.6,-2.8,-4.9,-1.9,-4.1,-3.3,-0.4,-1.2,-4.2,-0.7,-1.6,-3.4,-4.5,-2.2,0.2,-0.7,-0.4,-1.2,-1.3,-14.1,-1.1,-1.9,-1.1,-1.4,-1.4,-2.3,-3.5,-0.6,-2.1,-4.3,-3.0,-3.8,-3.4,-3.1,-3.7,-1.0,-5.1,-4.8,-4.9,-3.6,-4.3,-3.9,-1.8,-2.2,1.4,1.1,-1.1,-1.8,-1.6
2C7L518QRZ,0,48.104205,11.630726,4442498.14,2778079.16,538.0,583.7,256,7397,2.0,0.9,0.28,32.66,348.96,-0.53,-0.103,0.842,-0.8,0.1,-0.32,0.15,0.2,0.1,-0.3,-0.1,1.2,1.2,0.2,-0.2,-1.4,-0.5,-0.5,2.5,-2.5,2.0,-1.3,1.8,0.9,-0.1,-0.9,-1.2,-2.3,-2.7,-2.2,1.3,-2.7,0.7,-1.4,-0.0,-1.0,1.9,0.1,-0.7,-4.1,-2.0,-7.4,-4.5,-5.6,1.6,-3.1,0.7,1.6,1.4,0.9,2.5,0.3,1.2,-0.6,0.3,1.3,-1.7,1.2,1.7,1.9,3.3,4.3,3.2,2.4,3.0,1.7,2.7,2.8,3.5,1.0,0.3,2.9,0.2,3.7,-2.2,-1.1,1.1,0.0,2.3,3.5,-0.8,1.8,0.9,2.2,0.2,-0.1,0.4,1.8,0.9,-2.1,0.7,-0.2,1.1,1.2,1.5,-1.9,-1.7,-1.3,-1.6,2.1,-1.0,-0.9,-1.6,-1.3,-1.3,0.4,-0.3,-1.1,-0.1,-0.5,-0.4,-2.7,-2.2,0.1,-0.0,0.1,0.1,1.4,-0.8,-0.5,-1.6,-1.3,-0.8,-2.1,-1.6,-1.3,-6.0,-3.0,-1.6,-1.2,-9.7,-1.1,-1.6,-0.9,-0.7,-2.2,-0.4,-0.2,-2.5,-3.6,-0.4,-2.2,-1.2,1.1,-2.6,-0.6,-4.1,-5.3,-0.8,1.4,-0.9,-3.3,-1.6,-1.7,0.3,-0.2,-0.9,-2.7,-3.1,-0.8,-0.6,-3.0,-0.3,-2.3,-0.1,0.8,-1.8,-0.0,0.7,-0.1,-2.3,-5.0,-0.4,0.2,-2.5,-1.8,-0.4,-1.9,3.7,1.2,-1.6,-4.9,-6.5,-5.9,-6.2,-4.9,-2.5,-2.1,-4.7,-2.0,-5.0,-0.9,-3.3,-3.7,-5.2,0.2,-3.8,0.0,-0.6,-4.0,-3.7,-3.4,-4.0,-1.9,-2.4,-4.0,-3.2,-3.0,-5.3,-1.7,-5.5,-3.8,-5.4,-1.0,-2.5,-5.9,-5.4,-4.3
2C7L518QTr,0,48.105245,11.638828,4443099.21,2778208.09,538.5,584.2,256,7539,1.6,0.9,0.32,32.7,348.96,-0.53,-0.103,0.842,-0.4,0.1,-0.19,0.12,1.7,0.1,-0.3,0.4,0.3,-0.8,0.5,-0.6,1.9,-0.4,1.1,-0.1,-0.1,0.2,1.9,-0.5,0.0,-1.2,-0.1,-2.3,-0.9,-3.3,-3.3,-5.0,-4.0,-1.4,-1.6,-2.9,-1.4,-1.9,0.5,-2.4,-4.3,1.3,-6.3,-5.7,-6.2,-6.6,-4.5,-4.0,-2.1,-5.0,-2.8,-3.6,-0.9,-2.8,-2.2,-4.5,-2.8,-1.5,-0.9,-1.6,-0.7,-0.6,0.9,-0.7,0.7,-0.0,-0.2,0.5,1.3,-0.4,0.8,0.0,-0.5,-5.7,-1.1,-0.8,-0.3,-1.1,-5.5,-0.9,-1.0,0.3,-0.9,-0.3,-1.3,-1.8,-1.7,-1.5,-2.3,-2.6,-3.3,-1.8,-3.6,-1.0,-1.3,-0.4,-3.5,-1.9,-3.8,-3.8,-4.0,-4.5,-4.6,-5.2,-5.5,-5.4,-4.2,2.0,-4.4,-2.6,-3.9,-2.6,-3.8,-2.4,-2.4,-2.3,-3.5,-2.1,-1.5,-2.5,-2.0,-1.1,-0.5,0.5,-0.1,0.2,1.6,0.1,-0.7,0.7,1.0,0.3,0.9,0.7,-0.1,-0.5,0.0,-0.2,-1.1,-2.0,-2.5,-3.0,-2.5,-0.1,-3.2,-5.0,-6.9,-3.3,-2.5,-1.4,-0.2,-1.7,-3.8,-2.9,-2.6,-1.2,0.0,-4.1,-0.6,-0.8,-1.0,-4.7,-1.1,-0.3,-0.6,-0.8,-1.1,-1.8,-1.2,-2.4,-3.0,-5.2,-9.5,-5.1,-6.8,-6.0,-2.3,-2.1,-2.1,-2.0,-4.7,-3.5,-4.2,-3.0,-2.7,-1.6,-1.1,-1.3,-2.5,-11.0,-1.8,-1.8,-1.7,-1.9,-2.9,-3.1,-3.2,-2.4,-4.0,-4.0,-5.8,-7.1,-4.8,-6.9,-5.4,-2.5,-2.7,-3.3,-4.5,-3.1,-4.2,-4.4,-4.2,-3.3,-2.6,-0.8,-2.3,-2.7,-1.5
2C7L518QTs,0,48.105248,11.638852,4443100.93,2778208.46,536.9,582.5,256,7540,2.1,0.88,0.36,32.7,348.96,-0.53,-0.103,0.842,-0.4,0.1,0.04,0.16,1.4,0.1,-0.3,-0.4,0.8,-1.7,-0.3,-0.8,2.6,-1.7,-0.8,-0.6,-1.9,-0.3,0.7,-0.1,-0.3,0.2,-0.2,-3.1,-0.5,-3.9,-4.7,-8.9,-5.4,-4.5,-3.1,-2.2,-1.1,-2.0,1.8,-2.0,-3.8,2.6,-5.1,-4.1,-4.2,-5.2,-2.3,-1.5,-0.3,-7.2,-3.2,-2.9,-1.8,-4.1,-2.7,-4.8,-4.0,-1.0,-1.1,-3.6,-0.7,0.2,1.1,-1.0,0.1,0.1,-2.6,2.5,2.5,-1.6,1.9,0.6,-0.8,-5.9,-3.2,0.9,-0.1,-2.0,-7.2,-1.3,-1.5,0.7,-2.2,1.1,-2.5,-4.6,-3.3,-3.2,-3.9,-5.7,-5.0,-3.6,-5.2,-2.9,-2.1,-1.3,-3.0,-3.4,-5.6,-4.6,-2.7,-3.6,-11.9,-6.3,-6.5,-5.5,-4.4,2.1,-3.6,-2.4,-5.6,-6.0,-3.9,-4.2,-1.8,-3.1,-5.1,-3.9,0.5,-3.9,-2.5,-2.5,-2.0,-1.8,-0.5,-1.6,0.1,-0.4,-2.3,0.1,-2.1,-0.6,-0.5,-0.2,-1.2,-2.5,-1.1,-1.6,-2.9,-3.3,-3.3,3.1,-5.5,-2.2,-3.2,-3.8,-5.7,-3.2,-1.1,-0.6,1.4,-2.7,-4.1,-3.7,-2.4,-2.4,-0.9,-5.6,-0.9,-1.1,-2.1,-6.7,-1.2,-1.9,-0.7,-0.8,-1.2,-3.0,-2.6,-4.8,-3.1,-5.7,-9.7,-3.8,-6.4,-6.8,-3.0,-3.2,-2.9,0.2,-7.1,-4.1,-3.7,-3.3,-2.9,-1.7,-1.2,-1.3,-2.7,-10.7,-1.8,-2.2,-2.4,-2.1,-3.6,-2.7,-3.7,-3.1,-4.5,-2.8,-4.2,-6.8,-4.8,-5.6,-5.2,-1.5,-2.7,-4.4,-4.1,-4.0,-4.3,-5.4,-5.0,-2.8,-3.6,-1.7,-2.7,-3.7,-2.9
2C7L518QOr,0,48.102976,11.62101,4441777.31,2777926.62,533.4,579.1,256,7229,3.3,0.76,0.41,32.59,348.92,-0.529,-0.103,0.843,-0.8,0.2,0.47,0.25,1.1,0.2,-0.3,1.5,2.0,-0.1,-1.3,-1.7,-2.8,-7.5,-1.5,-2.0,-2.2,-1.0,-0.5,-2.2,0.7,0.4,0.2,-3.5,8.7,-0.7,0.9,-0.7,1.0,-3.0,-3.1,-2.2,-1.5,1.4,-0.2,0.2,-3.6,3.5,-7.0,-7.4,-4.7,-4.7,-9.5,1.2,-9.0,-0.8,-4.5,0.0,-2.4,-3.7,-6.0,-4.5,-2.5,-6.7,-4.5,-2.8,-5.2,-4.6,-1.2,-0.8,-1.6,-2.8,0.9,-0.1,-1.2,-1.4,0.6,-0.3,-1.5,-1.9,-0.9,-1.5,0.1,0.9,-0.0,0.1,0.2,2.0,5.1,2.4,1.9,0.7,-1.7,-1.4,-4.6,-2.9,-10.3,-4.6,-5.2,-0.5,-8.9,-7.8,-7.6,-3.4,-8.7,-3.7,-7.7,-8.8,-2.9,-5.0,-6.7,-6.3,-9.6,-6.0,-9.0,-8.4,-4.8,-9.1,0.7,-2.1,-5.4,-7.1,-4.9,-4.3,-5.5,-4.1,-5.2,-4.9,-4.8,-4.7,-5.3,-3.8,-5.7,-9.3,-3.9,-2.6,-4.5,-4.4,-3.5,-4.5,-5.4,-6.7,0.6,-1.2,-2.0,-2.6,-3.0,-6.9,-2.6,-2.0,-6.9,-7.0,-6.5,-5.9,-6.6,-4.6,-5.4,-5.0,-2.6,-4.1,-4.7,-6.0,-1.9,-3.6,-1.9,-5.9,-4.0,-5.6,-8.5,-5.6,-6.1,-7.5,-4.8,-6.3,-6.6,-4.5,-4.8,-5.7,-6.7,0.8,0.9,-2.7,-0.4,0.9,-5.5,-4.2,-6.8,-5.2,-7.9,-11.7,-6.9,-5.3,-4.2,-2.7,-5.8,-12.5,-1.2,-2.5,-2.9,-5.6,-4.9,-1.1,-5.1,-1.5,-5.5,-5.0,-9.5,-6.9,-9.0,-3.9,-7.6,-18.0,2.8,-2.7,-3.1,-0.4,-7.8,3.3,-3.7,-19.3,-9.4,2.5,-3.5,-10.8,-11.0
2C7L518QPW,0,48.103305,11.623569,4441967.16,2777967.33,541.7,587.4,256,7270,3.7,0.58,0.43,32.63,348.96,-0.529,-0.103,0.842,-0.5,0.2,0.41,0.28,4.2,0.2,-0.3,-1.4,-1.4,-1.3,-0.3,-3.2,0.5,-2.5,-1.4,-0.2,3.5,2.8,5.5,-8.3,-6.5,-6.1,-6.6,-6.6,-6.4,-5.0,-6.5,-6.7,-10.8,-6.1,-9.0,-6.2,-7.5,-6.3,-8.5,-4.8,-10.4,-19.9,-10.2,-12.8,-13.3,-8.9,-9.4,-6.7,-7.3,-4.5,-5.6,-3.6,-7.3,-6.4,-7.1,-5.4,-8.1,-6.3,-3.5,-1.6,-1.4,0.8,-0.3,1.0,-0.0,-1.0,-5.0,1.8,1.5,-1.1,-0.1,-1.0,-2.8,-4.6,-1.4,-1.3,-3.9,-2.8,-1.4,-0.6,1.7,4.7,-7.3,-1.1,-0.9,-10.8,-6.7,-7.5,-4.4,-7.2,-4.8,-4.6,-7.9,-8.3,-7.7,-7.9,-8.0,-8.3,-11.3,-8.1,-9.4,-11.3,-13.8,-9.4,-9.9,-7.9,-1.8,-11.4,-10.2,-11.8,-8.7,-13.0,-12.5,-10.1,-11.4,-10.2,-7.1,-6.3,-11.6,-11.1,-9.3,-7.9,-7.7,-5.8,7.1,3.2,-3.2,-2.1,-4.4,-4.3,-4.5,-6.2,-4.3,-1.9,-13.8,-9.4,-3.5,-4.2,-9.8,-7.0,-8.3,-8.6,-6.3,-8.5,-7.0,-8.6,-8.2,-6.4,-8.3,-4.7,-12.2,-2.1,-1.0,5.6,8.8,1.6,-2.0,-7.0,-3.0,-1.7,-5.9,-2.0,-4.9,-11.0,-12.2,-11.0,-10.6,-8.1,-9.4,-6.6,-1.8,-5.0,-6.7,-8.0,-8.7,-6.4,-12.0,-10.7,-10.2,-8.3,-10.4,-11.3,-10.9,-12.4,-5.2,-4.9,-4.4,-6.5,0.7,4.2,-2.8,5.1,2.7,0.7,-13.2,-10.0,-9.5,-6.7,-13.2,-9.7,-12.4,-17.9,-10.2,-9.0,-12.4,-10.7,-8.8,-4.4,-10.6,-11.2,-12.1,-5.1,-1.1,-0.6,-1.1,-3.0,-4.2,-4.8,3.8
2C7L518QPZ,0,48.10332,11.623686,4441975.87,2777969.2,539.7,585.4,256,7273,2.1,0.87,0.34,32.63,348.96,-0.529,-0.103,0.842,-0.9,0.1,-0.51,0.16,1.4,0.1,-0.3,-3.9,2.8,3.2,2.9,-1.7,0.9,0.4,-1.3,2.3,-4.0,1.0,-1.5,-1.3,-3.3,-1.3,-1.6,-1.4,-2.4,-1.0,-3.3,-3.5,-1.9,-1.7,-1.8,-0.9,-1.7,-2.1,-4.1,-0.8,-5.4,-12.3,-5.0,-4.3,-4.7,-5.8,-3.8,-3.2,-0.6,-0.3,0.9,4.1,0.4,-0.4,-0.2,2.2,-1.5,-4.9,-1.9,3.2,0.6,2.1,2.6,2.8,1.0,1.3,1.8,-0.8,0.2,-3.5,-1.7,-0.9,-1.0,-2.5,1.5,-2.0,-4.0,-1.0,-9.6,-2.5,0.9,3.0,-0.7,-1.1,-4.8,-0.5,-1.1,-1.3,-2.1,-3.8,-0.4,-1.7,-4.0,-2.0,-4.1,0.3,-0.5,-0.0,-4.2,-0.3,-2.3,-1.0,-4.0,-2.4,-0.8,-3.5,2.4,0.5,-3.9,-3.7,-2.0,2.3,-1.3,-1.8,1.1,-2.7,-0.7,-0.7,3.1,-1.7,0.1,-5.1,-1.0,-0.1,2.0,0.0,0.1,-3.2,-4.4,-2.6,-0.9,-1.0,-2.9,-1.8,-0.2,-1.2,-1.1,-1.6,-3.9,-3.7,-5.1,-1.6,-2.5,-0.7,-4.1,-4.8,-5.1,-3.6,-1.6,0.3,1.6,0.3,-1.4,-0.5,-1.9,-2.1,-1.4,-0.7,0.0,-0.6,0.7,-2.0,-1.2,-1.5,-3.1,-4.0,-1.8,-4.1,-4.6,-1.1,-2.6,-3.4,-4.0,-1.8,-5.5,-6.1,-4.2,-6.0,-5.9,-2.3,-2.4,-3.5,-5.4,-6.5,-4.0,-4.1,-1.6,-2.5,-1.2,-6.6,-2.4,-1.8,-3.2,-3.6,-3.7,-4.4,-4.1,-5.5,-3.3,-1.4,-6.2,-10.8,-5.3,-9.4,-10.2,-7.0,-7.3,-5.1,-5.3,-7.3,-5.2,-4.3,-3.5,-4.4,-3.0,-2.0,-2.0,-5.4,-3.4
2C7L518QPj,0,48.103399,11.624307,4442021.94,2777979.07,542.5,588.2,256,7283,3.5,0.71,0.43,32.63,348.96,-0.529,-0.103,0.842,-1.0,0.2,-0.72,0.26,2.0,0.2,-0.3,-3.2,-2.2,-0.4,0.5,1.0,-1.9,-2.4,4.5,0.1,-0.1,-1.3,-0.6,-0.7,-3.4,-2.6,-3.0,-3.5,-6.6,-2.7,-4.7,-0.6,-1.7,1.8,-3.1,-1.0,-2.2,1.1,-0.0,-1.7,-6.0,-10.9,-8.6,-8.5,-5.7,-3.0,-5.6,2.1,-5.4,-2.1,2.4,0.6,1.7,-0.6,-4.2,1.4,-0.9,0.5,0.4,0.5,2.6,1.4,-0.2,1.4,0.8,-0.0,2.4,3.0,2.6,3.0,-0.2,1.7,3.1,1.1,0.6,7.6,-0.3,-0.9,6.1,0.3,1.6,-0.3,-2.8,3.6,-0.4,-9.9,-3.9,-0.6,-12.1,-4.8,-3.8,-1.7,-2.9,-1.9,-1.2,0.6,-2.9,-5.6,-5.0,-4.1,-2.7,-3.7,-2.4,0.5,-0.2,-2.9,0.4,-2.2,-3.5,-1.6,-1.9,-0.7,-3.1,-3.4,-1.5,-3.9,-0.9,-1.8,2.7,-2.9,-4.1,-3.8,-2.4,-4.1,-8.1,-0.6,1.0,1.8,-0.5,-1.1,8.3,4.3,1.0,-5.1,2.4,-4.3,-5.3,5.5,0.5,-5.1,-9.8,-3.5,-5.3,-6.9,-3.0,1.6,-4.5,-1.0,-7.6,0.4,-2.8,-2.4,-8.0,-1.3,-0.1,0.4,-5.5,-9.0,-6.9,-2.9,2.1,13.0,-3.1,-2.7,-0.2,-6.0,-9.5,1.2,3.5,-9.2,-2.1,-10.6,-4.8,-4.6,-7.7,-2.3,-8.6,2.9,-8.6,4.1,-9.1,-2.8,-7.8,-7.6,-2.3,-0.8,-1.1,-6.0,-1.8,-2.3,-2.9,-3.3,-0.1,-1.2,-7.9,-4.5,-10.8,-2.2,-2.6,-2.4,-6.0,-8.2,1.0,-9.4,-9.8,-14.9,-6.3,-8.1,-6.1,-11.4,-7.0,-7.7,-11.2,2.2,-5.5,-8.6,-2.2,-5.3,-3.4
2C7L518QQ7,0,48.103552,11.625495,4442110.01,2777997.98,534.7,580.4,256,7307,3.4,0.78,0.41,32.64,348.96,-0.529,-0.103,0.842,-1.0,0.2,-0.06,0.26,0.2,0.2,-0.3,-0.5,0.8,-0.5,-1.7,-0.3,-1.6,-0.9,-1.9,-0.1,0.1,-1.0,-1.8,0.5,2.0,2.1,0.5,-0.4,-1.6,0.3,-3.8,8.1,1.9,0.8,-1.1,5.3,-1.8,3.0,3.6,-0.6,-4.3,-5.1,-15.9,-1.1,-0.3,-1.0,7.0,0.7,-5.1,3.0,0.6,2.6,-2.2,6.5,-5.2,-7.0,-4.5,0.8,3.5,2.8,-1.5,-1.3,2.6,4.0,3.0,1.1,-0.9,-2.2,-3.4,-1.8,-5.5,-2.0,-4.2,-0.6,-1.5,-2.2,-1.3,1.0,-2.5,-5.4,-5.3,-2.9,-3.6,-3.5,-1.4,-1.0,-2.6,-2.8,-2.0,-1.8,4.0,-1.8,1.0,-4.1,-1.3,-2.8,-0.2,0.6,-0.1,2.4,-0.3,1.0,-5.2,-2.1,3.4,-4.2,0.8,-1.7,-4.0,-3.2,0.4,0.4,-2.7,-3.7,0.6,-4.6,-1.1,0.4,-2.9,-2.2,-3.2,-2.9,-1.4,3.2,-3.3,-3.9,-4.6,-3.7,-3.0,-1.7,-2.8,0.4,-2.3,-2.3,-1.5,-3.8,1.5,-1.6,-2.5,-1.3,-6.5,-6.6,-1.9,-4.8,0.1,0.4,-8.8,-2.5,-8.5,0.4,1.6,1.3,-2.5,-2.1,0.4,-1.1,-4.1,0.2,0.9,-5.9,-4.3,-0.6,-4.3,-6.8,-4.3,-2.1,-2.6,0.0,-8.3,-1.8,-0.5,-2.2,2.0,10.9,-9.9,6.5,-6.1,-1.9,-6.5,-6.1,-5.0,-6.9,-3.4,-4.9,-4.8,-4.3,-4.0,-5.4,-5.3,-2.0,-6.2,-4.7,-4.7,-5.1,-7.0,-5.3,-1.8,-1.8,-1.6,0.8,-6.4,-1.9,-16.8,-10.8,-8.5,-10.0,-2.5,-0.0,-12.8,-6.2,-3.0,-1.9,-5.1,3.3,-0.0,-4.0,-3.2,-9.2,-5.0
2C7L518QRT,0,48.104164,11.63026,4442463.56,2778073.82,533.8,579.5,256,7391,2.0,0.91,0.3,32.66,348.96,-0.53,-0.103,0.842,-0.3,0.1,-0.24,0.16,0.3,0.1,-0.3,-0.1,1.4,-0.3,-3.4,1.7,1.2,1.1,0.6,2.3,0.1,0.6,3.2,0.3,-1.1,-0.3,-1.6,1.8,-0.1,-1.1,-1.7,0.6,-1.0,1.9,0.6,1.5,0.3,2.9,1.7,1.0,-2.4,-1.9,-5.6,-3.1,-2.6,1.8,-0.6,2.3,2.0,1.8,-0.6,2.8,0.7,1.2,0.2,2.3,0.8,0.9,1.4,0.4,0.5,2.0,2.2,1.9,1.9,2.1,1.5,1.8,0.7,2.7,1.5,1.4,2.3,-5.8,8.4,15.5,2.0,2.1,1.5,2.2,3.4,2.7,2.7,2.7,3.8,1.4,-1.2,0.8,0.5,0.3,-0.7,2.1,2.2,1.8,1.2,1.5,1.5,1.7,2.0,0.7,2.0,1.9,0.2,1.2,1.3,2.2,2.1,0.7,0.8,4.0,1.9,1.7,0.7,0.4,1.4,-1.0,0.3,0.8,1.1,1.9,-0.2,0.4,1.7,0.2,1.0,0.4,0.4,-1.0,-0.7,1.3,-0.1,-4.7,0.2,1.4,0.4,0.6,-0.6,3.4,1.6,1.0,-2.7,-1.2,0.5,2.2,-0.4,0.4,-0.5,0.8,-1.2,4.3,3.9,1.6,-0.1,1.4,0.1,1.6,0.2,-3.1,-0.1,0.5,-1.0,-2.0,0.1,-0.6,-0.8,-1.1,-0.4,-0.6,-1.2,0.6,0.0,-2.1,-4.4,-0.3,-0.9,0.9,3.7,1.4,-0.9,2.8,2.1,-1.4,-2.1,-0.1,1.1,0.8,0.0,0.6,0.0,-9.3,0.1,0.3,0.3,1.6,0.7,0.5,1.3,-1.2,0.9,-0.8,-1.0,-2.4,-1.6,-0.2,0.5,2.0,-1.9,-1.2,-1.4,-2.1,-2.1,-1.0,1.9,0.2,2.2,2.2,1.7,0.4,-1.7
2C7L518QSp,0,48.10479,11.635138,4442825.38,2778151.42,538.8,584.5,256,7475,4.1,0.71,0.44,32.68,348.96,-0.53,-0.103,0.842,-1.0,0.2,0.42,0.31,1.8,0.3,-0.3,5.4,4.1,-5.3,9.0,4.1,-7.0,-15.6,8.8,-9.4,8.5,-10.4,-12.5,-1.0,-0.5,-0.9,-0.2,0.4,1.4,-2.2,-2.1,1.2,-2.7,2.6,-17.3,-10.6,-0.4,3.4,3.9,2.1,-0.2,0.9,-4.9,-3.8,-6.8,-1.7,-3.4,-2.7,-0.7,-0.9,-0.4,0.4,1.4,-2.1,-4.8,-14.2,-2.6,1.1,-0.5,-5.3,0.7,-3.2,4.9,-8.7,6.6,4.2,2.2,0.5,-0.5,-0.2,0.6,-0.9,1.2,0.7,-1.8,-1.2,0.0,-1.3,-1.4,-1.3,0.7,-0.0,-1.1,-0.7,-0.9,-2.8,-1.7,0.2,-3.5,-3.3,-3.1,-4.5,-1.7,-1.5,-3.5,-2.0,-2.7,-3.2,-7.9,-6.5,-5.8,-3.4,-5.3,-5.2,-7.9,-6.0,-16.5,-2.6,-3.9,-4.8,-2.1,-0.6,-4.6,1.2,-1.2,-3.3,-5.4,-1.7,1.1,-3.6,-1.7,-4.3,-2.9,-0.9,-2.4,-1.0,-3.0,-5.0,-6.1,-2.6,-3.1,1.5,0.9,-3.5,-3.4,-2.4,-1.3,-1.6,-2.5,-2.9,-3.6,-6.3,-11.3,4.2,-6.6,-10.8,-13.0,-7.8,-14.3,-8.1,-8.1,-19.2,-8.3,-3.9,-2.6,-2.3,-2.2,-0.8,-1.6,-0.9,-3.7,-0.6,-2.1,-2.2,-2.4,-2.9,-1.0,-3.4,-2.3,-2.0,-3.8,-25.5,-4.8,-6.1,-3.2,-10.5,-2.7,-5.2,-4.9,-3.1,-1.7,-7.1,-6.1,-9.3,-5.0,-4.2,1.3,-5.3,-6.2,-6.5,-7.9,-9.1,-5.7,-5.4,-5.1,-10.1,-8.4,-7.0,-4.0,-5.1,-3.9,-6.6,-8.7,-7.8,-7.4,-5.8,-5.6,-4.2,-6.4,-3.4,-3.5,-5.5,-4.5,-4.2,-3.2,-1.6,-5.4,-2.9,-1.1
2C7L518hRv,0,48.103047,11.621418,4441807.52,2777935.15,545.4,591.1,257,7231,3.8,0.68,0.44,32.59,348.92,-0.529,-0.103,0.843,-0.5,0.2,0.3,0.29,1.9,0.3,-0.3,1.7,5.1,-3.9,-11.8,2.0,0.3,-7.1,-4.1,6.8,1.0,5.3,2.7,-4.6,0.1,-4.0,-2.4,-3.3,-2.0,-1.4,0.1,-3.8,-2.9,-2.4,-0.7,-10.0,-5.6,-12.4,0.6,1.4,-4.5,-18.6,-6.4,-7.0,-5.8,-4.9,-7.5,-8.7,-4.2,0.1,-7.2,-5.0,-6.5,-4.7,-4.0,-4.0,-1.2,1.3,-0.0,0.5,5.2,2.1,-1.2,-1.9,-4.4,-1.9,-1.6,-1.8,-0.2,-3.1,-0.7,-1.9,-0.6,1.4,-5.2,3.8,-7.4,-1.6,-3.7,-2.9,-0.8,-1.8,-2.3,-1.8,-4.9,-6.4,-7.5,-9.3,-7.0,-8.6,-5.8,-3.7,-6.5,-3.3,-5.4,-2.6,-6.5,-7.5,-15.0,-5.3,-9.4,-13.4,-3.9,-5.5,-8.9,-5.9,0.4,-3.0,-4.7,-2.2,-0.6,0.5,-1.3,-4.7,-4.7,-6.8,-2.1,-2.0,-1.6,-1.7,-2.7,-3.4,-1.9,-1.6,-2.8,0.4,-1.0,-1.6,-1.9,-1.5,1.1,1.2,1.0,-0.5,-1.5,-1.9,-1.6,-3.8,-7.6,-11.8,-4.3,-5.7,-4.2,-0.0,-5.5,-7.3,-1.8,-7.8,-5.1,-1.8,-1.5,-3.6,-1.9,-8.4,-3.8,4.6,-5.0,-5.2,-3.6,-7.3,-13.4,-7.6,-10.4,-13.5,-13.2,-3.2,-9.8,-8.7,-6.5,-3.9,-3.3,3.6,-0.9,3.4,-6.1,-3.3,-7.9,-1.0,-6.6,10.2,2.5,-0.4,-7.6,-3.6,-10.0,-8.8,0.9,-6.3,-2.5,0.6,-1.6,-5.7,-6.2,-8.0,-5.8,-4.5,-3.8,-6.0,-2.1,-1.5,-6.0,-9.1,-4.9,-7.7,-5.8,-5.8,-16.8,-4.6,-5.8,-1.4,-7.7,-4.9,-1.4,-5.2,-1.8,-1.3,-5.1,-1.7,-1.6
2C7L518hS0,0,48.103073,11.621626,4441822.97,2777938.47,542.0,587.7,257,7236,3.3,0.69,0.43,32.59,348.92,-0.529,-0.103,0.843,-1.1,0.2,-0.63,0.25,3.0,0.2,-0.3,-1.9,0.8,2.1,1.1,1.8,2.3,1.3,-3.4,-0.1,-0.2,-1.5,-1.7,-2.4,-2.5,-3.3,-3.0,-1.2,-2.1,-5.8,-3.5,-5.8,-3.6,-6.2,-4.6,-3.4,-3.2,-6.2,-4.7,-3.9,-5.4,-2.8,-5.1,-6.4,-7.8,-10.2,-8.3,-6.6,-6.7,-1.0,-5.5,-0.9,-6.4,-0.1,-6.1,-5.6,-4.8,-7.6,-1.1,-8.9,-4.6,-8.8,-5.6,2.7,-0.0,1.8,1.1,0.1,1.9,-5.5,1.7,-3.7,-3.9,1.4,2.1,-4.2,-0.4,1.5,-8.6,-4.6,-4.8,-3.8,-7.3,-2.6,-4.2,-4.1,-2.9,-2.8,-4.4,-3.4,-1.8,-5.5,-6.2,-4.2,-8.7,-7.3,-7.9,-7.5,-9.4,2.8,-4.2,-5.6,-8.9,-6.0,-1.9,-5.3,-2.0,-8.0,-5.6,-4.6,-6.2,-4.9,-8.8,-5.2,-0.2,-5.9,-4.2,-5.6,5.0,2.6,-1.5,1.8,3.8,-4.3,4.5,6.3,6.4,-4.8,7.6,4.0,-6.5,9.9,-1.7,-3.2,-5.3,-3.7,-3.6,-2.3,-6.0,-6.2,-6.7,-5.2,-4.3,-5.3,-4.7,-2.1,-5.9,-2.5,-6.3,-3.1,-5.1,-2.2,-4.7,-3.8,1.2,-1.6,-2.0,-5.4,0.1,-2.4,-5.3,-3.8,-2.7,-3.3,-3.3,-3.8,-3.5,-9.3,-9.7,-5.7,-8.3,-3.7,-9.9,-6.1,-4.1,-6.9,-8.0,-7.9,-8.2,-2.7,-9.9,-7.6,-2.4,-2.7,-13.4,2.3,0.4,-1.7,3.6,-5.1,-17.3,-6.2,-11.0,-9.0,-10.4,-7.2,-7.8,-12.8,-8.6,-12.9,-6.9,-8.5,-11.0,-10.8,-7.2,-15.8,-9.1,-10.9,-8.2,-11.3,-6.2,-11.0,4.0,-4.2,-3.0,-6.4,-6.3,-5.2,-0.6
2C7L518hU5,0,48.10403,11.629073,4442375.42,2778056.96,546.7,592.4,257,7365,1.6,0.93,0.3,32.66,348.96,-0.53,-0.103,0.842,-0.5,0.1,-0.47,0.12,0.5,0.1,-0.3,-0.1,2.5,0.5,0.6,-1.1,-1.0,1.5,1.7,0.1,-3.1,-1.0,0.5,0.8,-0.7,0.3,-0.2,1.3,1.3,0.2,-0.4,-1.1,1.0,-0.1,1.8,2.1,0.9,1.1,-0.8,-0.2,-1.1,-1.7,-0.7,-2.4,-1.2,1.8,1.0,1.7,3.4,3.1,2.3,1.1,0.3,1.7,4.0,1.5,0.9,-1.7,-0.3,0.3,1.5,0.1,-0.0,1.5,1.3,0.3,-0.0,-0.4,-0.4,1.6,-0.3,-0.5,-0.2,-2.8,-0.9,-3.7,-1.4,-1.0,-1.3,-1.8,-1.8,-1.9,-0.4,-0.9,-0.4,-1.2,1.3,-0.1,-2.0,-1.6,0.5,-1.2,0.5,1.9,-0.2,0.2,1.8,1.6,0.0,0.1,1.3,0.8,-2.1,-1.2,1.5,1.1,0.7,1.9,3.9,-1.1,0.1,1.6,4.0,2.6,0.8,2.2,1.1,1.8,0.5,0.9,0.0,1.3,0.2,0.5,0.8,1.1,0.1,0.1,0.8,0.1,0.7,1.2,1.6,-0.1,1.2,0.8,0.9,-0.3,0.8,0.9,-0.6,-1.3,1.0,1.6,1.0,-1.5,0.2,-0.1,-2.3,2.5,5.0,-3.0,-0.1,1.5,1.8,0.6,0.8,-4.2,3.0,1.0,1.4,0.3,-2.0,0.8,2.3,0.8,-1.0,-0.7,-0.4,0.7,0.2,-0.8,-0.9,1.6,-0.3,-0.3,0.7,0.9,-0.2,-3.7,0.1,-1.6,0.6,-4.2,-3.9,-3.9,-3.9,0.2,0.4,-11.6,-1.8,-1.5,-0.8,-1.2,-0.7,-0.1,0.1,-2.5,-0.5,-2.0,-3.8,-5.5,-2.9,0.1,-3.4,-1.8,-2.7,-0.6,-0.7,-0.8,-1.3,-2.7,-2.3,-1.8,-2.9,-1.8,0.1,-2.7,-1.8
2C7L518hS6,0,48.10314,11.621999,4441850.58,2777946.46,543.5,589.2,257,7242,4.3,0.65,0.45,32.6,348.92,-0.529,-0.104,0.842,-0.9,0.2,0.4,0.33,1.2,0.3,-0.3,-0.7,-1.0,-5.1,-4.2,-2.0,5.2,-3.7,-4.5,-5.6,5.7,-5.2,5.6,-5.4,-1.5,-0.9,-3.9,-1.4,-5.3,-2.2,-3.0,-0.7,-2.5,2.2,-1.9,-1.1,0.8,2.0,7.6,2.8,-6.0,-9.5,-1.2,-5.4,-3.2,-5.6,-3.6,1.4,0.4,2.8,0.6,-1.3,8.6,0.2,-0.3,-3.4,-1.4,7.6,5.4,0.2,3.7,0.1,0.7,2.9,0.3,0.0,-1.4,2.6,-3.0,0.8,-1.7,-0.9,-6.3,-11.4,-2.5,-17.2,2.6,-2.7,-6.5,-6.1,-2.4,2.1,-8.4,7.3,0.1,-3.9,-2.9,-3.1,-2.3,-1.0,-2.9,-5.2,2.0,-4.8,-0.9,-2.4,-4.3,-3.4,-12.2,-8.5,-0.3,-4.6,-19.2,-5.6,-0.7,-3.5,-3.6,-14.3,-3.5,-0.8,-2.4,-4.9,-4.5,-3.3,-3.5,-6.9,-6.0,-3.8,-0.9,-0.6,-0.2,-7.3,1.8,-2.3,-2.5,3.2,0.9,8.0,0.7,-2.1,5.1,-14.4,-1.0,0.8,2.2,-7.9,-1.0,6.6,1.2,-2.4,-8.3,-7.3,-5.7,4.2,-2.8,-3.5,-4.5,-4.4,-4.4,-1.9,-3.5,-16.6,-3.3,-1.6,-2.0,-1.4,-3.3,5.4,-3.6,-3.2,-3.3,-4.8,-6.2,-6.0,-4.9,-4.4,-4.6,-2.9,-6.8,-1.6,-5.8,-5.0,-11.9,-4.8,-9.8,-6.8,-5.5,-5.8,-10.1,-2.9,-6.7,-6.0,-0.2,-0.1,2.8,-0.0,-17.2,-3.5,-8.7,4.7,-5.2,-5.5,-7.9,-5.4,-6.6,-7.2,-7.2,-0.7,-6.0,-2.7,-5.2,-7.1,-0.2,-3.9,-7.6,-3.1,-4.1,-10.6,-8.0,2.1,-6.0,5.4,-1.5,-4.4,-8.3,-1.2,0.8,-3.4,-7.2
2C7L518hSK,0,48.103248,11.62284,4441912.98,2777959.84,547.1,592.8,257,7256,3.7,0.68,0.42,32.6,348.92,-0.529,-0.104,0.842,-0.4,0.2,-0.35,0.28,2.0,0.2,-0.3,1.3,2.2,1.1,-2.1,-1.6,1.2,0.8,-1.7,-2.1,3.5,1.7,3.2,0.2,1.6,-0.5,-4.1,-1.9,-1.4,-1.2,-1.7,0.6,-1.4,-2.1,0.1,-0.9,-1.0,-4.4,-11.0,-6.0,-6.1,-12.6,-4.1,-6.7,-6.6,-6.7,-5.0,-11.3,-1.3,3.7,0.9,-3.0,-7.4,3.3,-5.3,-0.8,-2.8,3.8,-3.9,-3.2,4.5,-7.5,0.6,-0.1,-0.1,-0.6,2.5,3.0,-0.7,-0.3,3.3,-0.6,1.1,-9.0,-0.2,-4.7,0.4,0.2,-3.0,4.3,-1.2,2.0,-1.9,-2.2,0.7,3.8,-0.3,3.9,-4.5,4.0,1.0,0.0,-0.4,-0.7,-0.0,-0.1,-3.3,-4.6,-8.4,-2.2,-4.6,1.1,-9.8,-3.5,1.0,-1.8,-4.2,-9.3,2.0,0.9,-2.2,-1.7,3.1,3.6,9.2,3.7,-1.9,-6.5,-2.5,-4.0,-2.7,-0.3,-0.9,-3.6,-2.7,2.1,2.5,7.2,2.1,0.9,0.6,-5.8,-2.9,0.2,-2.4,1.6,0.8,1.6,-3.9,-3.9,-11.5,-6.3,0.9,-7.5,3.3,-7.9,-1.8,-1.6,-0.5,2.9,-0.6,-2.5,-4.2,-2.2,-4.4,-1.9,-2.1,10.9,1.8,0.4,1.4,-11.1,2.1,-0.7,1.2,2.2,5.0,-7.5,-4.0,-3.5,-13.2,-4.7,-10.4,-5.2,-7.4,-0.4,-3.3,-0.8,-8.5,-4.6,-2.8,-2.2,-2.0,-7.1,1.6,5.2,-8.3,-2.7,3.5,-6.1,-1.3,-1.2,0.3,-3.0,2.0,-2.3,-2.3,-2.1,1.3,-1.0,-6.2,-6.8,-3.9,-2.0,1.0,-7.7,-5.5,-7.4,-3.4,-5.5,2.7,-0.8,-0.9,-0.7,-7.9,-6.5,-1.1,2.6,-6.0
2C7L518hSL,0,48.103248,11.622841,4441913.02,2777959.85,544.4,590.1,257,7257,3.9,0.7,0.48,32.6,348.92,-0.529,-0.104,0.842,-1.0,0.2,-0.65,0.3,0.4,0.3,-0.3,1.0,-1.8,0.0,-8.8,-0.5,1.4,1.6,-2.0,0.5,-0.6,1.1,0.4,-0.7,0.1,-1.5,-4.6,0.3,-2.7,0.6,-0.8,-0.9,0.2,-2.9,2.3,1.0,1.2,-1.8,2.0,-2.3,-4.2,8.7,-4.4,-3.8,-1.5,-1.8,-1.9,-7.5,1.1,1.3,0.6,3.4,-6.5,5.8,-1.4,-1.9,1.9,5.0,-8.3,3.0,-11.2,7.1,3.7,1.7,3.5,2.9,0.6,1.3,1.1,0.8,3.9,4.5,-5.4,-8.4,-1.8,0.7,-0.1,-1.1,-3.0,0.9,-2.5,0.3,-2.7,-2.7,-0.2,0.1,-1.1,1.2,1.0,1.1,0.3,-2.5,-1.2,-2.5,-8.1,4.8,1.0,-1.7,-6.7,0.5,1.5,-0.7,9.3,-13.7,1.0,-1.6,-8.2,10.1,1.5,0.1,-2.7,0.5,2.0,2.2,0.6,0.7,0.3,-2.9,-2.8,-2.0,-4.7,-2.3,-2.1,-2.9,-8.2,-1.4,-12.5,7.4,-0.1,-1.3,-0.1,-11.2,-3.4,-0.2,-3.2,-0.5,-0.4,-2.0,-5.0,-6.6,-1.7,-8.0,-0.8,-11.8,-0.5,-4.4,-1.2,-1.4,-4.4,0.3,-2.7,1.1,-2.6,-2.5,-3.0,0.2,1.9,-0.7,1.0,0.9,-0.1,10.2,1.5,-2.1,-2.9,1.5,2.7,2.7,0.9,-2.6,-0.9,-1.2,-0.8,-4.9,-0.2,2.4,-0.9,-9.1,-6.2,-3.7,-2.8,-5.6,-3.8,-9.0,-16.4,7.0,-9.4,-5.8,-2.9,-4.7,-2.6,-1.5,-0.4,4.6,-1.3,-2.4,-2.5,-9.2,-1.9,-2.9,-7.6,-6.3,-5.2,-3.2,-0.9,-9.5,-7.0,-10.9,-3.8,-9.3,-6.4,0.9,-8.0,-7.7,-5.0,-4.3,-4.5,-9.8,-8.3
2C7L518hU2,0,48.104023,11.628877,4442360.87,2778055.91,545.5,591.2,257,7362,3.2,0.8,0.41,32.66,348.96,-0.53,-0.103,0.842,-0.6,0.2,0.26,0.24,0.7,0.2,-0.3,-0.8,-0.7,-2.5,-1.6,0.7,-0.6,-2.0,1.1,1.0,-0.7,0.8,-1.1,0.2,0.3,3.3,1.1,-0.4,-2.8,-2.8,-2.8,6.7,-1.0,1.4,3.7,1.6,3.7,4.5,4.6,0.6,1.4,0.9,-4.1,-3.2,-3.7,2.4,0.7,4.7,3.0,1.0,2.3,2.0,-0.7,5.0,2.8,-0.1,1.7,-0.7,2.8,0.3,2.7,0.7,3.3,-2.9,-1.1,0.3,-0.3,0.4,-1.3,0.7,-3.6,-3.4,1.4,3.9,-0.8,-6.2,-0.6,-0.0,5.1,-2.1,2.0,-1.6,0.4,-0.8,-0.0,-1.7,-2.1,3.1,1.2,0.6,3.5,1.3,-0.1,4.7,-1.5,-2.1,-1.0,-1.6,-2.3,-2.1,1.4,-1.2,2.5,0.4,-1.3,-0.8,2.8,-1.4,4.1,0.7,2.1,-5.4,-0.9,1.6,-5.8,0.8,-1.4,-4.3,0.2,-0.4,-2.4,-4.0,-2.0,-6.5,-6.7,-2.1,-4.3,-3.5,-2.6,-4.2,-2.1,-1.2,-0.6,-2.1,-1.8,-1.4,2.1,-3.5,-4.3,8.0,-3.3,-4.0,-2.1,-1.2,0.2,-1.8,-1.3,-1.1,-2.5,-4.0,4.9,2.7,-2.4,-15.1,3.9,0.1,-5.5,-2.8,4.5,-1.7,4.4,-3.5,-4.8,0.7,-1.7,-0.5,1.2,-3.4,1.4,-0.7,-0.6,-3.7,-1.5,-3.0,-3.1,-2.8,2.7,3.3,0.7,4.8,6.8,3.0,-4.1,-5.1,-4.6,-3.0,-6.4,-2.7,-2.9,-5.8,-6.9,-2.5,-0.6,-0.1,-0.3,-0.1,1.9,-1.4,4.6,-1.4,-2.9,-2.3,-1.9,-2.3,-2.9,-7.2,-0.6,-2.9,-19.8,-7.5,-2.4,1.7,1.0,-2.8,-1.9,5.7,1.5,-2.9,2.8
2C7L518hUF,0,48.1041,11.629473,4442405.05,2778065.4,539.1,584.8,257,7375,4.2,0.66,0.46,32.66,348.96,-0.53,-0.103,0.842,-0.8,0.2,-0.01,0.32,1.4,0.3,-0.3,4.6,1.7,-1.7,3.6,-1.8,-1.6,-0.6,2.6,7.3,1.0,3.9,0.5,1.5,2.0,-1.9,1.3,-2.0,-2.4,-3.4,-6.0,-2.4,-7.5,-2.9,-3.7,0.3,1.3,0.6,-3.1,-20.0,-6.5,-8.0,-6.8,-2.8,1.4,-3.7,-1.8,-0.9,-3.5,-3.4,0.9,-1.4,-0.3,0.3,-2.8,-4.4,-12.0,-7.6,-3.9,-0.4,-5.2,2.4,6.2,-4.0,-6.1,-4.6,-11.9,0.2,-16.2,9.0,5.2,-5.4,1.3,1.0,-2.7,7.2,-5.4,-0.7,-0.2,-3.9,-0.4,-3.6,-0.3,-3.6,-2.5,-2.2,-1.5,-3.0,-2.7,-6.1,-3.8,-4.9,-7.9,0.5,-4.7,-2.3,-4.5,-6.7,-5.8,-3.5,-7.9,-6.4,-6.2,-1.2,-2.9,-4.4,-1.4,2.2,-3.0,1.9,1.5,-2.6,3.1,-0.8,0.1,3.3,-0.1,0.5,-2.8,-3.2,0.9,-3.1,-2.8,-2.7,-3.8,-0.4,-3.5,0.2,-2.0,-2.6,2.7,4.0,-1.9,-16.5,1.1,-5.2,-4.6,-9.8,5.5,-3.5,-3.7,-4.9,-1.2,-1.8,3.8,-2.1,-2.5,-3.1,-6.3,-5.7,1.9,-8.3,-4.6,-1.3,-4.8,4.9,-3.3,0.4,0.8,0.1,2.8,0.1,-15.6,-2.5,-0.2,1.1,-2.3,-0.0,-2.0,-2.2,-2.5,-4.7,-5.4,-3.6,-7.5,-8.6,0.3,2.9,-7.6,-2.8,-6.6,-7.1,-11.2,-8.7,-7.9,-5.9,-8.2,0.8,-9.4,-9.7,-6.9,-3.6,-5.0,1.3,-9.9,-8.8,-10.5,-5.2,-4.6,-5.9,-7.5,0.5,-11.2,-16.0,-6.5,-3.3,-13.3,-3.0,-4.0,-4.8,-1.3,-4.2,1.2,-2.8,-2.7,2.4,3.0,-0.8,-5.8
2C7L518hUk,0,48.104313,11.631133,4442528.17,2778091.82,535.2,580.9,257,7406,4.0,0.7,0.5,32.67,348.96,-0.53,-0.103,0.842,-0.4,0.2,0.34,0.3,0.3,0.3,-0.3,-2.7,-1.0,-1.5,-1.2,-1.8,-1.0,-3.6,1.0,-0.2,6.7,-2.9,1.0,2.6,-2.9,-4.1,-3.3,1.7,3.8,6.1,3.1,2.8,1.8,-0.6,5.5,3.3,4.3,0.3,1.2,0.8,-0.7,-0.1,4.5,2.0,-4.4,1.8,-4.7,0.8,2.0,2.4,2.4,1.4,-2.4,1.3,-3.1,-3.6,-3.2,-2.1,-2.2,-4.1,0.1,-5.0,-3.8,-2.1,-3.3,-1.0,-2.2,-0.1,-1.7,-1.6,-3.5,0.3,2.0,-6.8,-6.6,8.4,-1.5,-2.9,-5.7,-0.7,-3.6,-2.4,-2.8,-0.2,-2.6,-2.0,-5.0,-1.5,2.6,-4.1,1.4,-1.3,2.6,-8.3,-4.2,-4.7,-4.0,-2.6,-4.0,-5.7,-9.5,1.4,-6.5,0.2,-0.5,0.4,-5.2,-1.8,4.4,-0.8,-0.4,0.6,10.6,0.5,1.3,1.2,-1.3,3.1,1.2,-8.2,0.7,-2.4,-3.9,-2.5,-3.2,-3.6,-3.9,-5.7,-6.4,-1.3,-0.8,-6.8,0.2,-1.7,2.3,1.3,1.7,-0.5,-2.5,2.7,-1.2,-2.3,1.8,-0.3,-2.0,-2.6,-2.1,-0.9,4.5,1.9,-2.5,2.8,-4.0,-3.7,-2.8,-1.4,-3.2,-0.0,-0.3,0.3,-5.2,-2.3,2.8,-0.1,0.8,1.5,-1.2,-0.4,-2.1,4.7,-0.1,5.8,-9.3,-7.0,-3.1,-0.8,-2.0,-1.7,-0.2,3.4,-3.6,-2.1,-6.3,-0.6,-6.0,-3.4,-4.9,-7.8,-5.3,-8.5,-9.5,7.5,-2.0,9.9,0.6,2.4,-0.7,-6.1,-5.0,-6.6,-13.5,-7.7,0.3,-2.8,-2.1,-11.6,-6.5,-8.8,-1.9,-1.6,0.4,8.5,-7.0,6.9,2.5,15.9,-5.6,-9.3,2.7
2C7L518hUr,0,48.104368,11.631559,4442559.82,2778098.61,534.4,580.1,257,7413,3.6,0.7,0.5,32.67,348.96,-0.53,-0.103,0.842,-0.8,0.2,-0.58,0.27,1.6,0.2,-0.3,-0.5,-0.8,-0.4,-1.3,1.9,-2.9,-2.3,0.6,2.8,-2.4,3.5,2.7,-7.4,-1.2,-4.0,-1.7,1.4,-0.8,-6.0,-0.9,-6.8,-2.2,3.7,-1.8,-4.4,-1.9,-1.7,1.3,-0.5,-1.4,-4.5,-4.9,-4.1,-5.5,-6.4,-1.8,5.2,0.7,-0.7,-8.2,-1.2,1.8,5.0,-1.7,-5.8,-4.5,2.1,0.5,-0.1,10.4,-1.5,-14.5,-3.7,5.2,7.7,-1.4,5.1,-0.7,0.6,-0.0,-0.9,1.3,-10.7,10.5,0.3,4.1,-1.1,4.7,6.7,-1.8,1.5,0.4,-2.0,0.1,-0.2,-0.5,-5.2,-5.4,-8.0,-2.3,-4.2,3.8,-6.5,-7.4,-2.9,-8.3,-3.7,-5.9,-3.8,-0.7,-4.0,-3.0,-0.5,-0.7,-2.9,-4.7,0.2,-0.4,-2.4,0.4,-7.1,-1.4,-5.3,-1.1,0.1,1.2,-5.3,-1.9,1.3,-5.3,-3.9,-0.6,-3.5,-0.6,1.9,2.6,4.3,-2.3,1.6,1.2,0.2,-1.3,1.3,0.9,5.8,-3.7,3.1,-1.3,-1.7,0.6,1.8,-3.6,-2.3,-3.9,-5.0,-8.0,0.2,-8.3,-2.9,1.4,-11.4,-2.2,-3.8,-1.5,6.1,-1.0,-5.9,3.3,0.6,-3.1,1.4,-1.6,-0.1,-2.0,-11.2,2.4,-1.1,-1.2,-1.6,-2.0,-1.0,-6.7,-2.8,-1.0,-7.1,2.3,-2.2,-4.0,-6.5,-1.8,-0.8,-4.7,-9.6,-1.9,-1.0,-7.7,-1.5,-1.7,-4.0,-3.9,-2.6,-1.2,-9.8,-2.1,-2.1,-7.1,-4.8,-2.5,-3.6,-5.7,-10.8,-7.7,-2.5,-2.6,-7.0,-6.9,-7.4,-7.8,-0.3,0.3,-10.8,-1.7,-1.0,-6.8,-5.8,-0.8,-12.0,0.6
2C7L518hVl,0,48.104788,11.634829,4442802.41,2778150.64,539.3,585.0,257,7469,3.4,0.75,0.5,32.68,348.96,-0.53,-0.103,0.842,-1.4,0.2,0.64,0.26,0.3,0.2,-0.3,-1.8,-1.7,-3.0,-0.3,-3.0,-3.0,-1.3,-2.7,-0.5,1.6,-1.4,-0.7,-2.8,-0.1,1.0,0.5,2.0,0.4,-0.7,-0.4,1.6,-2.7,1.1,0.3,2.7,2.8,3.8,1.8,1.0,-1.0,3.5,-3.8,-3.7,-3.6,-0.4,-0.2,0.1,-0.1,2.3,-1.9,4.3,1.6,-5.4,-0.7,9.0,0.1,-0.6,-2.2,-0.4,0.4,0.1,2.0,1.5,2.0,1.9,0.6,1.9,0.7,-0.1,0.4,-0.2,0.1,-4.6,1.0,1.3,0.5,0.1,-2.0,-0.7,0.4,-0.7,4.2,-3.7,-3.8,6.6,-0.8,-4.2,-4.0,-6.8,-4.3,-4.3,-2.5,-4.9,-4.3,-3.4,-3.7,-3.7,-4.4,-5.9,-7.1,-5.9,4.0,-10.2,-12.2,-1.4,-10.0,-1.7,-5.8,-1.5,-4.2,-2.4,-3.1,-6.2,-3.3,-7.3,-0.5,-2.5,-4.0,-1.4,-3.5,-7.6,-5.7,-4.4,-7.0,-4.4,-3.0,-2.1,-0.5,2.0,-0.5,3.1,0.7,-1.9,-0.6,-1.4,1.1,1.7,-1.7,-2.7,-3.8,-0.8,-3.0,-1.3,-3.4,-7.5,-6.7,-2.0,-6.4,-1.0,-1.8,-2.0,-2.0,-2.7,-6.5,-5.4,-6.2,-4.6,-8.4,-6.0,-9.7,-6.3,-4.5,-5.4,-6.1,-4.5,-3.8,-5.9,-8.0,-6.3,-5.8,-5.6,-12.2,-6.0,-8.1,-10.7,-1.9,-8.6,-6.0,-5.4,-7.4,-8.0,-8.9,-10.3,0.4,1.7,-3.9,-3.8,-7.6,-15.6,-9.0,-10.2,-7.7,-6.8,-7.0,-10.6,-9.4,-7.0,-4.4,-6.5,2.2,5.4,-19.4,-12.2,-3.4,5.5,0.2,-4.3,0.5,-2.0,-5.9,-2.7,-8.8,-5.8,-2.2,-2.3,-6.8,-5.8,-5.7
2C7L518hVv,0,48.10487,11.635473,4442850.14,2778160.87,542.3,588.0,257,7479,2.6,0.86,0.39,32.69,348.96,-0.53,-0.103,0.842,-0.4,0.1,0.18,0.2,0.7,0.2,-0.3,-1.8,3.2,-0.6,1.0,0.3,0.6,-0.9,3.1,-1.6,-4.9,4.6,3.5,-1.3,1.8,-0.2,-0.5,-2.4,0.3,-1.9,-5.0,-5.7,-1.8,0.6,0.5,-1.8,-1.1,-2.4,1.5,-3.3,-2.2,1.1,-2.9,-2.5,-1.8,-3.5,1.1,-1.5,2.5,-0.5,0.7,-0.8,0.5,1.2,-1.0,0.3,-2.6,-1.1,0.1,-1.4,-0.2,-1.0,3.3,2.1,2.3,1.5,0.3,-1.4,0.7,0.6,0.4,-2.1,0.2,-12.9,-1.1,-3.0,0.2,-1.5,-1.1,0.3,-0.2,-3.3,0.1,0.0,0.5,-1.1,-0.4,0.4,-1.0,-1.3,-1.9,-1.5,-0.8,-1.6,-2.4,-2.6,-2.9,0.1,0.5,0.4,-1.0,-3.6,-5.8,-1.4,-3.8,-2.0,-2.5,-0.3,0.2,-2.2,-2.6,-2.3,-3.0,-1.4,0.1,-3.3,-2.7,-1.1,-1.6,-2.3,-0.7,-1.3,-3.3,-0.2,-1.3,-0.4,1.2,-3.9,-0.2,0.2,-0.2,-1.7,0.6,-1.3,-0.1,2.7,1.7,-1.5,-0.3,-1.5,-2.6,-3.3,2.3,0.6,-3.6,0.1,-3.3,-1.9,-1.4,-0.5,0.9,-2.2,-6.1,-2.5,-1.9,-1.3,-0.1,-4.5,-0.7,-0.0,-4.0,-0.2,-0.7,-3.7,-2.4,-1.1,-1.3,-2.6,-1.2,-0.6,-1.3,-1.7,-7.2,-2.8,-6.4,-6.2,0.1,-1.4,0.1,-3.1,-2.8,-2.4,-5.7,-7.5,-1.6,-1.8,-5.2,-5.1,1.9,-1.8,0.1,-0.8,1.1,-3.1,3.6,-4.1,-0.1,-3.0,-1.2,-10.1,-1.4,-4.5,-12.5,6.2,-7.8,0.8,10.3,-3.7,-11.5,-1.1,-5.5,-0.3,-4.2,-1.3,-3.3,0.3,-0.2,1.3,1.3
2C7L518hVw,0,48.104873,11.635491,4442851.5,2778161.16,540.5,586.2,257,7480,3.6,0.74,0.43,32.69,348.96,-0.53,-0.103,0.842,-0.1,0.2,-0.35,0.28,1.0,0.2,-0.3,-2.0,-0.8,-0.8,-0.7,-3.3,0.4,-1.0,0.0,-1.5,-12.5,-0.7,0.2,-1.3,-1.2,-5.8,-2.2,-3.4,-3.8,8.0,3.8,-0.8,-1.6,6.9,-3.5,-8.2,0.0,-8.1,-0.2,3.3,-1.5,4.8,3.0,3.5,1.8,-7.3,5.9,6.1,7.8,0.9,13.0,-0.4,2.1,10.8,11.9,2.8,-13.5,2.7,-0.2,-1.3,-1.6,-9.2,7.5,5.7,3.2,5.8,6.7,4.6,2.4,2.6,5.0,3.7,4.4,2.6,-0.3,-0.0,5.1,0.3,2.1,0.6,0.4,-1.6,-2.3,3.3,2.0,-1.3,-0.2,2.0,2.2,2.3,1.6,-0.1,1.8,-1.5,0.7,-2.1,-1.1,-0.3,0.4,-0.6,0.1,-1.1,-5.2,-1.3,-5.5,-3.8,-2.1,0.5,4.1,0.1,-4.1,-2.0,3.6,1.2,4.4,0.7,-1.6,-0.9,-3.2,0.4,-1.3,1.9,1.5,2.8,4.9,4.5,3.8,3.1,1.2,5.6,1.2,10.8,1.6,-1.0,2.3,1.5,0.0,4.4,2.4,-0.4,-1.6,-1.9,2.8,-1.7,1.2,-1.0,-1.3,-3.6,-3.0,1.5,-0.4,-5.1,-6.9,1.0,0.3,-0.0,-0.8,-0.5,-1.6,0.1,1.0,-0.5,-3.0,3.5,0.3,-1.2,1.6,-0.0,2.3,3.6,2.8,-0.0,-6.6,-0.1,-4.4,-5.6,0.9,0.5,1.8,-0.7,2.1,0.7,-2.9,-1.9,-0.3,4.5,2.5,4.9,4.5,-0.9,2.3,1.7,1.6,2.4,4.6,2.7,3.9,1.1,4.5,0.7,-2.5,-4.0,-2.6,-1.9,-0.3,-1.0,-11.2,2.6,2.0,-0.7,2.9,1.5,-2.4,0.5,-0.8,0.8,-0.8,-1.0,-0.0
2C7L518hRx,0,48.103082,11.621405,4441806.5,2777939.08,541.6,587.4,257,7233,2.3,0.87,0.34,32.59,348.92,-0.529,-0.103,0.843,-1.0,0.1,0.05,0.17,1.0,0.1,-0.3,-0.3,-1.6,-2.2,-0.7,-0.4,-0.6,-2.2,-0.1,-1.1,-0.8,-2.0,-0.3,-2.3,0.6,-0.2,-0.2,-0.8,-1.9,-2.2,-0.7,-2.5,-0.8,-2.2,-3.9,-1.0,-1.4,-0.9,-0.6,-0.6,-3.0,5.0,-4.7,-7.0,-4.0,-9.3,-8.7,-6.8,-2.5,-1.4,-2.1,-3.1,6.3,-2.9,-0.7,-2.4,-5.5,-3.1,-2.9,-1.9,-1.6,-0.3,-2.9,-3.9,-1.4,-2.3,-1.8,-1.2,-0.6,-3.7,-2.0,-1.7,-3.7,-3.4,-4.9,-12.5,-2.8,-1.8,-3.5,-1.4,-3.4,-0.6,-2.4,-3.5,-1.7,-2.6,-2.4,-3.1,-1.9,-3.1,-4.8,-4.1,-6.9,-5.3,-5.5,-4.6,-5.5,-10.2,-11.5,-9.3,-8.0,-7.7,-7.4,-5.7,-11.2,-8.4,-3.0,-5.4,-4.4,-4.2,-3.7,-2.5,-1.5,-3.1,-8.2,1.0,-1.9,-4.2,-2.8,-4.8,-3.3,-3.0,-4.5,-5.7,-4.2,-1.2,-1.5,-3.9,-4.0,-0.6,-1.8,-2.3,-1.2,-1.9,-5.2,-4.2,-1.9,-2.4,-1.5,-1.7,-3.8,-4.6,-3.5,-4.1,-6.2,-4.6,-3.2,-8.0,-3.9,-2.1,-2.2,-3.4,-1.7,-6.2,-3.4,-1.2,-3.4,-4.1,-2.3,-3.9,-3.3,-3.1,-4.0,-4.0,-2.6,-4.0,-3.5,-4.7,-5.4,-4.8,-4.7,-4.6,-9.2,-2.4,-4.0,-6.1,-4.5,-4.7,-11.3,-4.3,-5.9,-7.2,-7.5,-10.4,-9.4,-5.2,-9.9,-5.8,-5.0,-5.8,-3.2,-4.5,-4.6,-4.2,-5.8,-5.8,-5.6,-6.1,-5.1,-5.3,-6.7,-7.3,-5.5,-6.6,-9.4,-6.7,-6.4,-2.6,-6.9,-8.6,-8.8,-7.6,-4.6,-9.1,-7.1,-7.0,-7.6,-6.9,-5.0
2C7L518hSR,0,48.103287,11.623002,4441924.92,2777964.49,534.3,580.0,257,7263,2.6,0.86,0.44,32.6,348.92,-0.529,-0.104,0.842,-0.7,0.1,-0.86,0.2,0.1,0.2,-0.3,-2.2,0.9,1.1,0.2,-0.8,-0.6,1.4,-0.9,-0.0,-2.7,0.6,1.6,1.6,0.6,0.9,2.2,1.1,-1.1,2.1,-2.5,-0.1,-1.6,0.6,0.6,4.2,4.7,1.8,-0.4,4.8,-0.2,-13.6,-3.2,-2.4,-0.4,0.9,1.2,2.7,2.0,5.3,2.9,1.5,-0.7,0.6,-0.8,1.4,0.4,-1.0,-0.8,0.8,-0.5,0.2,-1.2,1.6,-0.1,1.2,1.9,1.8,2.0,1.1,0.6,2.3,0.6,0.7,4.2,-0.4,1.0,0.2,-1.3,1.5,2.0,-1.0,-0.6,2.8,1.0,-0.7,-0.2,1.1,-0.0,0.7,-0.6,0.6,-1.6,-1.4,-1.1,-2.4,-0.2,-2.3,-3.1,5.7,0.3,-0.7,-1.0,0.1,1.0,-0.7,2.6,2.6,-0.3,-1.3,0.9,-0.5,-3.0,-2.6,-3.6,-0.7,2.1,4.3,-0.6,2.2,0.5,2.3,0.1,0.1,1.8,1.2,-0.7,2.4,1.6,2.2,2.0,1.3,1.3,3.3,1.3,3.5,-0.2,-0.3,2.2,-0.0,0.8,1.4,0.2,-0.8,0.9,8.1,5.8,2.5,0.0,1.9,0.2,-1.4,1.7,0.7,0.2,-0.2,0.4,-4.7,-0.8,0.4,2.3,-4.6,-2.1,-0.8,1.0,-0.2,-1.4,-1.3,-0.7,2.4,0.8,2.1,5.1,-0.5,-3.3,0.9,-0.2,-0.8,-8.2,1.6,12.2,-4.5,-9.7,-3.5,-2.3,-3.9,3.0,-0.6,-2.0,-9.4,-3.5,-1.6,-1.3,-3.2,-5.5,-3.3,-4.2,-4.6,-1.0,-0.6,-2.9,-5.6,-5.1,-0.3,-4.4,-6.7,-1.9,-6.9,1.9,-2.1,-0.8,-3.2,-5.2,-4.1,0.9,-5.1,-3.3,-4.4,-4.3
2C7L518hSi,0,48.103425,11.624077,4442004.7,2777981.59,540.1,585.8,257,7280,4.3,0.65,0.48,32.63,348.96,-0.529,-0.103,0.842,1.8,0.2,-0.08,0.35,0.6,0.3,-0.3,0.5,-1.1,0.0,-0.0,1.6,0.2,0.7,1.8,-1.4,0.2,0.7,1.0,3.0,0.4,1.2,-2.5,-2.9,-0.9,-3.2,-6.5,-2.1,-2.2,1.7,-5.3,-2.9,-2.5,1.3,0.2,-0.3,-7.6,-14.6,-10.0,-8.7,-9.1,-8.4,-5.8,1.3,-4.2,-2.0,-3.5,0.6,0.6,1.0,-4.8,-6.3,0.6,0.1,-2.7,-2.9,-0.8,-1.1,-0.8,-1.7,-1.6,-2.7,-1.8,-1.2,-2.7,-1.9,-3.2,-1.2,-2.0,-3.6,-3.1,-3.4,-2.3,-0.9,-3.0,-2.7,-3.7,0.1,-2.3,-2.1,-0.8,-4.6,-2.5,-3.5,-3.5,-4.5,-3.8,-2.9,-5.8,-1.5,-2.5,-1.6,-6.1,0.3,-8.7,-6.1,-2.6,-2.2,0.2,-3.3,-3.0,-5.0,0.0,-2.0,-3.7,-5.7,-1.8,-2.1,-4.2,-1.6,-0.0,-3.3,0.3,0.4,0.5,-8.3,-3.2,-3.7,1.2,8.6,-1.5,-5.8,0.3,-0.7,-1.4,-0.5,-2.7,-3.1,3.3,-1.8,0.3,2.1,1.2,-0.2,-2.9,3.8,4.5,14.4,6.5,7.1,3.3,1.1,16.0,7.0,3.0,7.2,10.4,16.1,-0.4,-4.0,10.3,4.4,1.7,0.6,2.6,3.2,0.4,4.8,3.2,2.6,4.9,3.1,3.2,0.1,7.4,9.3,2.6,1.8,4.7,8.8,0.5,2.0,4.0,-5.3,12.9,-0.4,2.2,-5.0,18.5,16.3,-1.1,-7.1,-4.6,2.6,20.7,9.9,-1.1,-0.4,-0.5,-0.1,-2.1,3.5,7.6,1.3,6.9,2.2,-2.8,-1.3,2.2,-3.5,1.6,19.1,7.4,2.2,11.6,3.6,8.7,-2.0,4.5,1.7,2.0,6.8,1.0,2.8,5.3
2C7L518hUS,0,48.104206,11.630152,4442455.41,2778078.28,535.8,581.5,257,7388,3.0,0.83,0.46,32.66,348.96,-0.53,-0.103,0.842,-1.1,0.1,-0.2,0.23,0.4,0.2,-0.3,-0.3,0.2,-2.0,-0.5,-1.4,-1.7,-0.9,-2.7,-0.8,12.6,-1.3,0.7,2.1,-3.2,2.4,4.5,-0.5,0.4,-1.6,-2.7,-1.8,1.9,-2.7,4.1,3.4,3.0,2.0,0.7,-0.0,-1.0,-3.7,-2.8,1.2,0.4,0.5,-1.7,-1.5,-2.6,2.4,-0.0,1.6,0.7,2.8,0.9,0.1,-1.1,-2.0,-1.7,-0.5,-1.9,-1.5,0.5,1.5,-0.9,-0.5,-1.8,-2.1,0.4,0.1,-4.5,-3.4,-0.8,-0.8,2.0,1.2,-3.8,-3.8,-0.8,-5.2,-2.6,-3.2,-0.7,-3.6,-1.6,-4.0,0.0,2.2,-7.7,-1.2,1.2,1.2,0.8,-0.8,-5.7,-1.9,-1.0,1.2,1.0,0.6,14.2,-10.2,-0.3,-1.2,-2.1,-4.1,-4.6,-1.1,-2.8,3.9,-2.1,-0.6,-1.9,-0.0,2.6,1.1,-0.6,-0.3,-2.9,-0.9,-3.3,-0.9,0.4,-2.9,-0.1,0.3,-0.0,-0.3,-1.6,1.5,-3.4,1.0,0.6,1.6,-3.1,-0.2,-0.0,-0.8,-2.2,-5.3,-0.0,0.1,0.0,-1.6,-3.5,-0.7,-4.2,2.4,-5.6,1.6,2.8,-2.9,-2.9,1.2,-1.2,-1.3,-2.4,-1.2,-0.4,-1.9,-3.1,-0.9,-4.4,-2.2,-4.0,-2.8,-5.2,-4.8,-0.9,-0.3,-1.0,-11.1,-6.6,-3.6,-3.3,-4.6,-5.4,-0.2,-3.9,-1.0,-0.5,-6.3,-8.4,-9.5,-5.0,-4.0,-3.0,-3.4,-3.6,-1.7,-4.6,-2.8,-4.6,-8.3,-4.7,-7.5,-7.8,-6.7,2.7,-1.8,-4.6,-9.1,-9.4,-6.7,-2.0,10.8,-9.9,0.2,-2.7,-5.7,-2.0,-11.0,-1.1,-4.8,-4.9,-6.9,-3.2,-7.9,-3.6
2C7L518hUe,0,48.104294,11.630836,4442506.16,2778089.17,535.5,581.2,257,7400,3.2,0.57,0.46,32.66,348.96,-0.53,-0.103,0.842,0.1,0.2,-0.4,0.25,4.9,0.2,-0.3,1.9,0.7,0.3,-3.4,-0.9,8.5,2.6,1.2,-1.2,-8.7,-1.3,2.9,-3.0,-1.8,-5.5,-7.4,-9.6,-5.1,-5.3,-9.8,-5.7,-9.9,-3.8,-9.3,-8.6,-8.2,-3.9,-7.6,-5.6,-11.6,-9.8,-19.7,-11.4,-11.0,-6.8,-10.8,-9.2,-7.5,-4.3,-8.8,-4.4,-5.6,-8.9,-7.4,-7.0,-5.0,-6.6,-2.4,-4.3,-0.5,-2.0,-1.8,-1.7,-0.8,-1.2,-2.2,-0.1,-1.2,-0.1,-0.8,-0.7,3.9,-5.4,-5.6,-5.8,3.3,-0.2,-7.6,-1.4,-1.2,-0.1,-2.2,-3.2,-0.9,-4.9,-6.6,-6.5,-4.1,-4.3,-10.0,-4.4,-7.2,-4.5,-6.5,-4.6,-12.3,-7.6,-10.1,-7.2,-6.4,-5.9,-5.6,-7.8,-9.5,-7.2,-5.9,-3.3,-7.7,-4.1,-3.0,-5.6,-7.9,-7.7,-3.1,-7.4,-2.8,-1.9,0.4,-1.4,-1.0,-1.0,0.3,1.0,-0.2,1.1,2.3,3.2,2.0,2.7,1.9,11.6,1.8,1.5,-0.5,-5.0,-7.4,2.7,-2.8,-7.7,-12.6,-8.8,-9.6,-9.1,-8.0,-16.1,-12.7,-15.1,-7.9,-5.1,1.9,3.9,0.7,-1.0,0.4,1.5,0.3,-4.4,0.1,-0.8,-0.3,-5.7,4.9,-2.0,-1.8,-2.0,0.4,-0.6,-1.8,-4.1,-4.8,-14.3,-9.4,-4.9,-6.8,-8.4,-2.0,-7.1,-15.9,-5.8,-6.2,-8.1,-2.3,0.8,-1.6,0.1,0.4,-0.4,1.7,-12.0,0.6,-0.5,0.1,0.1,-1.8,-2.5,-5.9,-4.5,-8.5,-7.9,-8.6,-9.8,-10.9,-11.2,-8.4,-6.2,-10.0,-13.8,-11.2,4.7,-6.7,-1.0,-1.8,-3.0,0.8,0.1,0.2,0.0,0.7
2C7L518hVZ,0,48.104736,11.634286,4442762.04,2778144.03,546.4,592.1,257,7457,1.9,0.9,0.36,32.68,348.96,-0.53,-0.103,0.842,-0.8,0.1,-0.4,0.14,0.7,0.1,-0.3,-0.2,1.3,-1.7,0.6,1.1,-0.1,-0.9,1.2,1.1,-2.8,-0.8,-2.4,-0.4,-1.4,0.6,0.4,-0.2,-1.2,-0.6,-1.7,-3.2,-0.2,0.2,1.5,2.5,0.9,0.9,0.7,-0.5,0.4,2.8,-4.0,-0.1,-2.0,-1.0,-0.5,3.1,2.6,3.2,2.5,3.7,2.1,2.6,1.6,4.3,0.3,0.9,1.3,2.4,4.4,3.4,3.0,4.0,-1.1,2.4,-1.0,0.4,1.3,1.5,2.2,2.4,0.6,1.1,0.5,-2.2,1.3,1.5,-1.2,-3.4,-2.2,-1.5,2.6,0.8,1.7,2.2,2.1,3.1,-1.8,-0.2,3.0,-0.5,0.9,-1.3,-2.3,2.4,0.8,2.8,-0.3,1.1,2.3,0.4,-1.1,1.7,-2.5,2.5,2.3,3.2,3.2,1.7,0.1,2.0,1.8,-0.9,0.2,-0.8,1.2,4.6,3.9,-2.1,1.0,0.9,-0.1,-2.6,-0.7,-0.2,0.7,1.4,3.7,1.6,-0.3,-2.5,2.1,0.3,-0.1,-1.4,0.9,2.5,-0.2,-0.4,-1.1,-4.0,-5.5,-1.4,-1.6,-0.9,-2.9,1.7,-1.4,2.2,1.5,1.0,-2.1,1.3,0.1,-1.2,-3.1,-1.3,-1.4,-2.2,-2.3,-3.0,-0.4,5.6,1.2,0.6,1.4,-4.0,-1.8,-3.9,0.7,-2.9,-4.5,-2.6,-3.7,1.2,0.1,2.9,-0.6,1.7,0.5,1.4,-3.1,-4.2,-1.0,-5.4,-3.1,-1.3,-2.2,-4.9,-1.7,-3.2,-0.1,-0.6,-3.6,-3.6,-3.8,-2.8,-0.6,-5.4,-4.4,-5.2,-4.0,-3.1,-2.2,1.3,-4.3,-4.1,-3.5,-1.5,-1.0,-1.4,-1.5,-3.1,-0.7,-1.4,-3.8,-2.0,0.9
2C7L518hVo,0,48.104841,11.635097,4442822.25,2778156.95,544.6,590.3,257,7472,2.0,0.9,0.34,32.68,348.96,-0.53,-0.103,0.842,-2.5,0.1,0.2,0.15,0.6,0.1,-0.3,-1.1,-2.9,-0.6,-0.3,-0.7,-0.5,-0.8,-1.6,-1.2,2.7,-0.4,-0.6,-2.7,0.5,-0.9,-0.9,-0.6,-1.0,-2.7,-3.3,-2.9,-4.6,-0.7,-1.2,-0.7,-1.9,-1.2,1.5,-3.5,-2.7,-0.8,-8.0,-5.8,-5.9,-3.1,-2.7,-1.6,-0.1,-1.6,-0.9,-0.9,-1.4,-2.5,-4.5,-2.3,-4.3,-3.9,-3.8,-3.5,-3.6,-3.2,-1.6,-3.2,-2.0,-1.6,-3.2,-2.5,-0.8,0.1,-2.2,-4.0,-2.0,-1.0,-4.8,-5.0,-3.6,-4.5,-5.0,-3.8,-2.6,-4.8,-3.3,-1.6,-3.5,-4.3,-3.7,-2.5,-2.6,-5.0,-6.9,-6.0,-2.6,-3.2,-5.1,-5.2,-4.3,-7.5,-5.4,-7.2,-7.6,-7.6,-9.8,-7.7,-9.6,-6.4,-7.4,-7.1,-5.6,-3.5,-5.2,-4.4,-6.4,-3.5,-2.1,-4.5,-4.1,-4.6,-3.0,-5.5,-4.9,-3.4,-4.0,-3.1,-5.4,-5.1,-7.7,-7.4,-8.6,-7.3,-6.6,-7.8,-5.5,-7.8,-8.1,-5.9,-6.1,-7.3,-6.8,-6.7,-11.6,-8.2,-10.0,-8.3,-8.4,-8.2,-9.2,-7.1,-10.2,-4.3,-4.3,-6.1,-9.0,-8.0,-13.9,-7.9,-9.0,-6.0,-7.9,-8.7,-0.3,-7.4,-8.6,-0.7,-5.3,-8.0,-9.0,-7.4,-8.7,-9.4,-10.4,-11.7,-15.9,-10.4,-10.1,-14.3,-8.1,-6.0,-8.7,-8.4,-8.8,-9.0,-12.4,-7.5,-9.0,-11.2,-11.5,-11.5,-16.1,-15.0,-13.6,-13.4,-14.7,-14.1,-12.6,-11.0,-12.2,-10.4,-8.7,-10.7,-13.1,-12.1,-11.9,-14.3,-10.4,-9.3,-13.9,-12.5,-14.2,-10.7,-12.0,-10.7,-12.5,-12.3,-11.8,-11.3,-12.3,-12.5,-13.9
2C7L518hW6,0,48.104953,11.63597,4442887.0,2778170.85,537.3,583.0,257,7490,4.2,0.64,0.48,32.69,348.96,-0.53,-0.103,0.842,-2.0,0.2,0.93,0.32,1.7,0.3,-0.3,-3.3,-7.6,-2.0,-5.3,-5.6,-5.1,-9.9,-0.4,10.6,-5.3,-2.9,-2.2,0.2,-0.8,1.6,2.3,-4.2,4.4,0.9,-6.5,-9.2,-13.6,-8.6,-9.3,1.0,3.0,-10.7,-1.6,-2.8,-7.8,-3.1,-15.5,-7.4,-17.5,-11.2,-8.0,-18.6,-1.6,0.8,-0.3,-5.7,7.4,-4.8,-1.5,-6.1,-13.3,-5.6,-7.9,5.8,-1.7,-0.2,3.7,7.5,4.3,3.6,-8.3,-6.0,-6.0,-3.1,-5.7,-4.7,-3.4,-13.7,1.0,-3.5,-3.4,-7.0,-5.5,-10.7,-10.4,-8.9,-11.8,-6.7,-4.6,-8.7,-10.1,-10.1,-10.9,-11.7,-12.7,-10.5,-14.3,-13.5,-8.6,-11.3,-8.9,-10.9,-11.5,-8.9,-4.5,-11.9,-15.5,-7.9,-12.6,-7.5,-11.3,-6.7,-9.3,-7.1,-12.0,-9.8,-7.9,-10.1,-8.7,-10.9,-11.7,-9.3,-8.8,-11.3,-8.6,-9.7,-7.9,-7.3,-8.6,-7.5,-8.7,-9.8,-10.2,-6.9,-8.2,-7.7,-7.3,-11.6,-12.6,-7.5,-1.5,-8.3,-9.1,-11.0,-12.7,-10.9,-10.6,-11.3,-10.5,-12.2,-13.3,-11.0,-11.5,-7.3,-6.9,-8.4,-10.6,-8.0,-12.8,-6.8,-9.4,-7.9,-11.7,-7.7,-7.8,-7.1,-7.2,-12.6,-11.0,-11.5,-10.6,-9.2,-8.6,-9.3,-11.1,-10.3,-19.2,-10.0,-13.9,-10.9,-12.9,-11.4,-10.1,-10.9,-10.2,-18.8,-15.8,-5.9,1.5,-7.6,-10.0,-12.5,-9.9,-20.8,-11.1,-14.7,-8.7,-9.5,-9.7,-12.1,-14.3,-14.8,-13.8,-14.1,-11.9,-13.5,-9.1,-15.4,-13.1,-8.0,-3.0,-18.0,-13.1,-10.0,-22.7,-8.8,-8.5,-13.6,-14.8,-12.7,-13.0,-10.7,-11.7
2C7L518hU7,0,48.104089,11.629096,4442377.01,2778063.52,543.4,589.1,257,7367,2.5,0.87,0.35,32.66,348.96,-0.53,-0.103,0.842,-0.7,0.1,0.26,0.19,0.3,0.2,-0.3,-2.8,-1.7,-1.6,-1.3,-2.3,-1.8,-1.5,-1.5,-0.4,-0.7,0.3,1.9,-1.6,-1.7,0.5,0.3,0.3,-1.0,-2.2,-4.9,-0.7,8.7,3.5,11.5,10.5,2.2,5.5,4.8,1.3,-0.6,-2.1,-6.7,-4.1,3.2,-8.8,-4.4,2.3,4.0,1.6,2.5,1.2,1.5,3.5,1.5,3.4,-0.6,-0.2,0.4,-0.0,0.7,0.5,-0.1,-0.1,-0.7,-0.0,-0.1,0.4,-0.2,0.5,-0.3,-0.8,-0.2,0.4,-1.6,-1.1,0.9,-1.4,-0.9,-1.9,-0.4,-0.7,0.4,-2.7,-0.7,-2.0,-1.9,-1.7,-2.3,-1.4,-3.2,-1.0,0.2,-1.1,-0.2,-0.5,-2.8,-0.6,-4.6,-3.4,-3.6,-2.4,-4.3,-2.3,0.3,0.3,0.3,-0.3,-2.0,-1.8,2.1,-5.7,1.6,1.1,2.1,-1.3,1.4,0.8,-0.0,0.7,1.0,0.7,0.0,-1.0,-2.4,-0.9,0.6,-2.4,-2.9,0.1,-2.2,0.4,-0.8,-0.3,-2.1,-1.9,-3.1,0.5,-1.2,1.6,-1.7,1.6,-3.0,0.2,-1.7,-4.8,-4.6,-3.1,-4.7,4.1,0.3,-2.4,-1.4,-2.1,-2.4,-1.7,-4.1,-0.7,-1.3,-3.5,-3.0,-0.7,-1.5,-1.4,-1.6,-1.7,-1.7,-1.7,-1.1,0.0,-1.6,-4.8,-5.9,-3.6,-4.7,-7.3,-1.3,-1.1,-5.7,-2.1,1.4,-3.4,-2.6,-2.8,-2.8,-2.5,-0.1,-2.4,-2.1,-9.6,-3.5,-2.7,-3.1,-3.6,-1.9,-2.5,-1.8,-1.8,-0.0,1.9,-1.3,-4.9,-5.8,-4.8,-4.0,-0.9,3.0,-4.4,1.6,-0.7,-2.5,-5.1,-1.1,-3.8,-1.7,0.1,-2.7,-2.3,-0.5
2C7L518hU8,0,48.104081,11.629032,4442372.27,2778062.51,537.5,583.2,257,7368,2.5,0.84,0.41,32.66,348.96,-0.53,-0.103,0.842,-0.3,0.1,0.33,0.2,1.1,0.2,-0.3,0.2,-0.7,2.4,0.1,-1.4,0.9,3.8,6.5,0.5,0.9,2.3,1.7,-0.1,-0.6,1.4,1.8,3.1,0.1,2.5,-0.5,1.0,2.0,3.3,4.7,5.9,5.1,4.0,1.5,-1.5,2.6,1.3,0.3,0.2,1.5,3.7,3.9,2.9,3.9,5.8,3.0,0.4,1.1,1.5,3.1,1.6,0.7,-1.6,0.5,0.2,-3.1,-3.2,2.8,2.3,-0.4,-2.5,-1.2,0.2,-2.0,-1.6,0.2,-1.1,-0.2,2.7,0.7,2.4,4.0,2.6,3.3,-1.1,2.5,-1.9,-0.2,-0.7,4.6,5.0,14.5,1.9,-5.6,1.1,3.1,3.5,3.5,0.7,-0.4,-0.0,10.1,3.3,0.3,3.4,4.4,0.8,0.2,-2.0,2.9,3.2,0.3,-3.9,3.9,3.9,3.1,-0.8,2.2,4.2,1.3,2.5,1.5,-0.6,2.1,2.4,1.1,2.6,-0.5,1.2,-2.6,0.9,1.9,-2.2,1.6,-0.3,1.6,-0.4,-0.4,-0.1,-2.3,0.9,-0.0,2.0,1.4,2.3,2.7,2.7,4.9,3.6,-0.0,-1.9,1.6,-0.0,6.0,3.7,0.2,1.0,3.7,-5.9,-2.6,1.5,-6.6,0.7,-0.6,0.0,-2.6,-0.3,-1.4,-1.4,-2.0,-1.6,1.5,0.6,-1.8,2.0,1.7,-1.4,-0.1,2.5,-1.9,2.5,2.5,1.4,2.7,-1.3,-0.4,2.8,-1.7,1.1,-2.6,-4.9,2.1,0.5,3.0,-6.6,-1.4,-1.1,-1.2,-1.1,1.9,-3.0,3.9,-1.0,6.9,2.4,1.8,-4.5,-4.5,-1.1,3.7,8.4,2.7,1.2,0.4,-0.6,-0.4,0.2,-0.0,4.9,4.3,3.1,3.2,-1.8,4.3
2C7L518hUd,0,48.1043,11.63074,4442498.95,2778089.69,534.4,580.1,257,7399,3.0,0.8,0.36,32.66,348.96,-0.53,-0.103,0.842,-0.7,0.1,-0.55,0.23,1.4,0.2,-0.3,1.5,1.3,1.4,-1.5,0.0,0.9,0.6,0.9,-0.0,-0.8,1.2,2.5,-0.1,0.3,-0.9,-1.2,-3.0,-3.3,-3.7,-3.7,-2.2,-4.0,-1.0,-2.5,-2.5,-3.3,0.7,0.6,-1.0,-5.1,-3.5,-6.7,-7.2,-7.1,2.6,-5.0,-0.6,-1.2,-7.0,-3.0,1.1,-1.8,-2.5,-2.3,-1.3,0.6,-0.7,0.7,-0.3,0.4,1.1,1.8,0.6,0.8,1.8,1.9,0.4,1.4,1.0,-0.3,3.1,6.5,-5.1,9.6,10.4,0.1,0.1,-3.1,2.4,1.9,-0.1,2.9,-0.3,2.4,-0.3,-2.6,-1.5,-1.2,-1.9,-4.1,-1.1,-3.0,-0.3,-1.2,0.6,-4.4,-1.4,-3.1,2.0,1.3,0.8,-0.0,-0.1,0.3,1.7,2.6,-0.4,-2.8,1.6,-1.0,-0.9,-4.1,-2.5,0.4,-4.0,0.6,-0.7,1.3,-0.3,0.8,-0.8,-0.6,0.5,0.9,-0.3,-1.1,14.4,-2.1,-0.5,-0.6,-11.9,-0.8,-1.2,0.2,-0.9,-4.4,0.5,2.9,-2.0,-5.4,-3.7,-4.2,-3.5,-2.4,-5.6,-4.9,1.2,-6.6,0.4,3.3,-1.1,-4.2,-1.1,-1.9,-0.1,-1.3,-1.5,-2.9,-3.0,-1.3,-6.7,1.1,-1.2,1.4,-0.8,-4.4,-3.5,-5.0,-1.3,-1.9,-5.2,-9.8,0.3,-2.3,-3.3,-0.2,-1.6,-3.5,-1.0,-2.1,-4.0,-5.5,-1.0,0.2,-1.9,-10.1,-1.2,-1.8,-13.0,4.7,-1.3,6.8,3.5,-2.2,0.7,-0.3,-9.0,-2.5,-6.4,-4.6,-3.4,-5.6,-5.5,-3.1,0.4,-3.9,-9.6,-3.8,-5.5,-1.9,-3.4,-1.5,-3.4,-3.6,-7.0,-7.7,-5.7,-2.4
2C7L518hUx,0,48.104454,11.631942,4442588.12,2778108.81,539.0,584.7,257,7419,1.8,0.9,0.34,32.67,348.96,-0.53,-0.103,0.842,-0.8,0.1,-0.12,0.14,1.2,0.1,-0.3,-3.6,3.2,-1.2,0.8,-2.3,4.8,-1.9,0.8,-1.0,-2.8,1.1,-0.7,-0.3,0.2,-0.3,-0.8,-1.2,-3.1,0.2,-4.5,-2.0,-4.0,1.5,-2.7,-4.8,-3.2,-1.0,-1.2,-0.0,-4.5,-5.1,-7.0,-4.0,-8.7,1.3,-5.8,-2.3,0.4,-1.3,0.5,-0.4,-3.6,-0.8,-4.4,1.6,-2.4,-1.5,-1.3,-0.6,0.3,-3.0,0.4,0.7,-0.6,0.8,-0.0,0.1,-0.8,-1.0,-2.6,0.7,3.0,-1.3,-0.9,-4.3,-1.0,-1.5,-1.5,-2.1,-0.4,-2.1,-1.4,-2.5,-1.6,-1.7,-2.0,-2.0,-2.0,0.1,-3.2,-1.8,-3.4,-1.9,-3.7,-1.5,-3.3,0.5,-3.1,-4.3,-4.2,-3.1,-2.8,-2.9,-5.6,-2.7,-2.0,-1.1,-2.8,-0.4,-2.8,-2.7,-3.3,-2.0,-3.1,-0.5,-3.0,2.6,-2.9,-2.3,-1.0,-1.0,-1.7,-2.9,-1.6,-2.5,-2.9,-1.4,-1.9,0.2,-0.4,-2.8,0.1,-1.7,-4.3,-0.1,-2.1,-2.3,-2.8,-3.2,-5.8,-3.2,-3.7,-3.2,-2.4,-5.0,-5.4,-2.9,-8.1,-1.5,-2.3,-3.6,-4.2,-2.6,-0.2,-0.8,-3.3,-2.0,-2.0,-0.9,-0.6,1.7,-2.3,0.9,-6.3,-4.0,-3.8,-2.9,-4.3,-3.9,-5.1,-4.4,-8.0,-2.7,-5.9,-6.0,-2.9,-3.2,-5.2,-0.7,-5.0,-0.0,-4.4,-6.4,-2.6,-7.1,-2.7,-1.3,-3.3,-6.6,-2.4,-5.2,-4.7,0.5,-1.2,-5.8,-5.2,-6.9,-2.2,-5.1,-5.6,-8.9,-4.8,-7.1,-3.2,-2.7,-5.9,-3.7,-6.1,-3.9,-4.8,-4.1,-5.6,-4.9,-6.6,-2.3,-3.7,-4.9,-1.4
2C7L518hVi,0,48.104793,11.634584,4442784.13,2778150.86,536.5,582.2,257,7466,2.9,0.76,0.71,32.68,348.96,-0.53,-0.103,0.842,-5.1,0.2,0.34,0.25,1.1,0.2,-0.3,-1.0,0.0,-0.4,1.5,-1.6,-0.8,1.6,-2.4,0.6,5.3,1.1,-0.1,-2.1,-0.1,-0.3,1.7,1.0,-3.0,0.2,-1.8,-0.4,0.6,1.3,0.9,5.3,2.3,2.7,1.8,1.7,-1.1,2.2,-4.5,-4.3,-4.0,-1.5,-1.0,-0.1,-1.6,2.9,-3.1,0.3,-0.1,-1.1,-3.2,6.8,1.2,-4.5,-11.3,0.6,-1.7,-0.5,-3.3,-0.5,1.1,-0.5,-0.8,-0.5,-0.4,-0.9,0.3,0.8,0.4,0.4,-0.5,-4.2,-2.8,-0.8,-1.9,-0.8,-0.6,-1.7,1.4,-19.0,-0.9,-8.3,0.0,-3.8,-2.0,-2.8,-2.5,-3.6,-4.4,-2.8,-3.8,-1.5,-5.4,-1.2,-8.7,-5.7,-1.9,-4.8,-2.0,-6.5,-8.7,-6.6,-6.4,-4.0,-13.4,-6.3,-5.0,-6.5,-7.2,-8.1,-2.9,-6.1,-6.2,-5.5,-3.9,-7.0,-4.9,-3.1,-1.8,-2.1,-2.3,-3.2,-6.0,-4.4,-5.4,-3.3,-6.1,-3.3,-4.5,-4.3,-5.1,-5.9,-3.8,-3.1,-3.4,-4.0,-7.1,-6.7,-17.2,-16.4,-16.2,-17.6,-18.9,-16.1,-18.7,-14.7,-14.4,-15.7,-17.6,-18.3,-18.4,-15.9,-16.2,-14.3,-17.9,-17.7,-18.4,-15.2,-15.8,-17.3,-16.7,-17.0,-15.7,-17.1,-16.8,-16.5,-17.9,-17.8,-20.9,-18.6,-21.2,-20.6,-17.0,-17.9,-16.0,-15.9,-17.3,-17.3,-18.5,-19.9,-18.0,-18.2,-19.3,-17.8,-18.0,-24.7,-17.8,-18.0,-17.4,-17.5,-17.5,-18.4,-18.1,-18.1,-16.7,-20.0,-21.9,-23.4,-19.6,-22.6,-19.5,-18.4,-19.6,-18.9,-19.2,-18.0,-17.5,-18.0,-19.2,-19.1,-18.3,-19.3,-20.3,-20.9,-20.7
2C7L518hW5,0,48.104963,11.635905,4442882.1,2778171.88,537.1,582.8,257,7489,4.7,0.62,0.5,32.69,348.96,-0.53,-0.103,0.842,-1.3,0.2,1.09,0.36,1.2,0.3,-0.3,-3.8,-4.8,-6.1,-2.6,-4.9,-4.6,13.6,-4.0,0.1,-6.8,3.4,-3.5,-0.6,-2.5,3.8,2.2,-4.2,3.1,-2.2,-5.6,-6.9,-8.5,-3.7,-9.1,0.3,-4.1,5.4,0.4,-2.3,-2.0,-2.0,-13.0,-5.0,-12.0,-11.0,0.4,6.1,-2.3,-3.0,-8.0,1.2,-7.5,-4.9,-3.9,-4.2,-5.4,8.5,-12.1,8.5,-3.3,-5.2,-3.9,3.3,1.9,0.6,-7.9,-5.6,-4.1,-0.2,-5.6,-2.1,-7.1,-4.8,-3.0,-10.4,1.1,3.6,-11.2,5.8,6.1,-10.4,-14.0,12.6,-12.5,12.7,-11.7,-11.8,-11.1,-12.4,-7.7,-7.7,-6.3,-8.7,-8.3,-11.5,-10.4,-7.8,-13.5,-13.1,-5.4,-2.5,-12.7,-9.1,-13.7,-5.3,-11.3,-10.1,-5.0,-1.3,-14.5,-5.7,-3.5,-9.0,-1.9,-6.7,-6.4,-7.8,-8.1,-6.3,-6.4,-5.4,-5.7,-5.2,-5.9,-5.2,-7.5,-9.2,-7.9,-6.1,-6.9,12.0,-8.7,-8.5,-5.8,-3.9,-1.8,-6.9,-5.7,-5.8,-9.2,-12.4,-5.5,-11.9,-5.1,-11.2,-10.0,-8.4,-7.6,-0.0,-3.4,-6.8,-7.9,-5.8,-12.1,-8.9,-9.0,-5.6,-5.4,-8.1,-11.4,-8.9,-7.7,-7.3,-8.0,-6.2,-3.9,-11.1,-3.1,-8.3,-10.6,-7.9,-16.1,-8.4,-10.1,-11.7,-7.0,-7.2,-4.5,-9.8,-10.3,-6.4,-13.1,-9.3,-5.8,-6.7,-10.1,-10.2,-10.4,-5.2,-7.9,-6.4,-5.9,-7.0,-5.6,-8.0,-3.1,-6.6,-4.1,-15.0,-11.1,-16.4,-10.3,-1.0,-4.7,-5.9,-7.0,-6.6,-2.6,-8.3,-2.7,-7.3,-8.8,-10.3,-2.2,-7.7,-11.2,-8.6,-9.4
2C7L518hWy,0,48.105352,11.638937,4443107.04,2778220.14,532.1,577.8,257,7544,2.2,0.89,0.39,32.7,348.97,-0.53,-0.103,0.841,-0.8,0.1,0.39,0.17,0.5,0.1,-0.3,-1.1,-0.5,-1.5,0.2,0.2,0.7,-0.6,0.5,0.7,-0.4,1.1,-0.3,-1.9,1.8,-0.2,-0.5,-0.6,0.6,-0.7,-2.6,-1.5,1.3,0.8,3.2,1.7,2.7,-2.6,-1.0,0.9,0.1,3.8,-1.2,-3.5,-3.6,-2.1,1.0,-0.4,-0.4,0.1,0.2,-2.2,-4.7,-2.9,-0.7,-0.2,-1.4,-4.0,0.9,4.3,-3.6,-0.7,-1.5,-0.2,-0.7,-2.0,-1.7,-2.4,-0.4,-0.4,-1.3,-0.4,-4.1,-0.4,-3.8,-0.8,-1.5,-1.5,-0.7,-1.8,0.5,-1.1,-1.0,-3.1,-0.4,0.2,0.5,-0.5,-0.7,-1.0,-0.0,-1.6,-2.0,-3.0,0.5,0.1,-0.9,0.1,-2.4,0.7,-1.8,-3.5,-10.8,-3.1,-0.5,-3.7,-2.4,-4.0,-2.8,-0.6,-0.1,-1.3,-0.0,-3.2,-2.0,-1.6,-3.1,-3.7,-2.4,-1.9,-0.9,-0.8,-2.6,-5.9,-11.7,-8.7,-2.5,-3.0,-2.4,-2.9,-2.9,-2.9,-3.2,-2.1,-1.4,-0.8,-1.0,-3.3,-1.7,-1.3,-2.8,-1.7,-0.2,-3.1,-3.1,-5.2,-5.7,-2.7,-2.4,-0.3,-0.8,-4.4,-5.8,-4.8,-3.7,-2.2,-3.7,-1.3,-3.4,-3.1,-5.6,-5.2,-4.4,-5.7,-4.9,-3.7,-5.7,-1.8,-2.6,-0.8,-1.5,1.2,-5.7,-5.5,-7.6,-5.5,-3.9,-1.4,2.8,-0.0,10.9,-7.7,-4.1,-4.6,-6.6,-4.0,-4.8,-2.7,-3.4,-2.9,-4.5,-2.7,-1.2,-3.1,-2.8,-2.7,-1.6,-3.8,-0.9,-1.6,-3.9,-3.4,-5.4,-6.8,-5.5,-4.9,-2.9,-0.0,-4.6,-3.8,-6.3,-7.9,-7.3,-4.0,-4.6,0.1,-2.8,-3.6,-3.8
2C7L518hWz,0,48.10536,11.638997,4443111.52,2778221.1,532.3,578.0,257,7545,2.8,0.81,0.43,32.7,348.97,-0.53,-0.103,0.841,-0.6,0.1,-0.1,0.21,0.7,0.2,-0.3,1.2,-0.1,-2.2,3.4,3.3,0.6,-3.4,2.2,1.6,2.6,7.5,1.0,2.7,4.3,-1.5,2.4,-4.4,5.7,-1.6,-8.5,-2.8,-0.3,0.1,-0.5,-0.2,1.4,0.7,0.5,-8.4,2.1,3.1,-12.2,-6.0,-4.3,-4.9,3.1,0.5,-6.2,-2.3,-1.3,-2.8,-3.7,-1.7,-0.4,1.0,-0.3,-3.2,-6.3,-5.9,-5.6,0.1,-4.5,-5.4,-3.6,-1.8,-2.6,-3.8,-4.2,-4.3,-3.4,-0.2,-4.6,1.9,-1.7,-1.7,-0.3,-0.0,-1.8,-3.6,-0.8,-0.1,-4.6,-1.7,0.0,-1.1,0.3,-1.4,-0.7,-1.5,-1.7,-2.3,-2.4,-3.0,-1.4,-0.0,3.4,0.2,-1.9,1.2,-1.5,-2.3,-5.2,-7.1,-5.0,-3.6,-4.2,-4.8,-1.7,1.6,-1.1,-0.3,-0.9,-1.6,3.3,2.1,0.3,1.1,-4.0,-0.0,1.7,1.1,-0.3,-2.2,3.2,-0.4,-0.7,-1.3,-0.2,-2.3,-2.6,0.6,-0.9,1.1,-3.2,0.9,-6.8,0.2,-1.7,1.7,-1.2,-2.1,2.1,2.0,-1.4,-1.0,-4.4,-1.3,-1.3,1.0,1.2,-2.1,-6.8,-3.6,-1.1,0.3,-2.0,-0.5,-1.1,-2.3,-5.8,-2.4,-3.1,-6.5,-3.7,-5.2,-1.7,-9.8,-1.0,3.6,-0.7,-1.8,-3.2,-3.6,-7.0,-4.7,-3.5,-1.4,-3.0,-5.1,-4.0,-2.7,-3.1,-3.0,-4.8,-5.3,-5.7,3.1,-0.8,1.4,-2.0,-2.2,-1.8,-7.8,0.1,-0.5,-5.5,-5.4,-1.5,-2.6,-6.6,-7.4,-3.0,-6.4,-2.7,-1.6,-3.3,-0.2,-5.8,-7.0,-5.2,-8.4,-7.5,-3.2,-3.1,-1.0,-0.8,-0.6,-0.5
2C7L518hS5,0,48.103183,11.621899,4441843.06,2777951.06,542.8,588.5,257,7241,4.0,0.74,0.42,32.6,348.92,-0.529,-0.103,0.842,-0.8,0.2,-0.34,0.3,0.7,0.3,-0.3,0.7,-1.8,-0.4,-0.9,-0.3,-13.1,-1.1,-0.6,0.6,5.3,1.8,9.3,1.9,0.9,1.5,-0.9,-0.2,-0.5,0.8,3.0,1.0,1.0,1.2,-1.0,-0.2,2.6,3.7,7.8,0.0,-11.8,-16.3,-1.3,-7.3,5.6,0.4,-0.2,-0.5,3.9,2.7,2.8,9.5,5.8,7.2,3.7,5.8,1.6,3.0,1.9,2.0,2.8,1.7,2.8,3.2,2.9,4.2,2.8,3.9,4.8,3.7,0.3,2.1,5.4,-5.0,-0.5,-14.5,2.2,1.2,-4.2,-5.0,-1.3,3.4,-0.1,4.7,1.0,-1.4,0.9,-0.9,-0.7,-0.3,1.9,-1.6,-0.3,2.0,3.4,0.4,-1.7,-2.9,-13.6,5.5,1.4,0.1,5.4,3.2,2.5,1.1,8.8,3.3,-0.8,1.6,1.8,-4.6,0.7,0.3,0.4,0.1,2.7,1.4,3.8,2.2,2.8,-0.3,1.7,-0.5,1.1,1.5,0.2,-0.8,-1.9,-3.1,0.3,8.9,-1.1,0.9,-1.3,-1.2,2.2,3.7,2.0,1.1,0.3,2.4,-1.5,2.1,-1.9,-3.6,-2.9,-1.6,-0.5,-0.2,2.4,3.9,-2.8,-1.6,-1.1,0.8,-1.2,-4.0,-1.1,-0.2,-2.0,-0.1,-1.6,-0.6,-0.2,-0.7,-0.3,0.5,-0.5,1.6,1.3,1.2,-0.7,-1.1,0.7,0.0,4.1,-0.0,-11.4,4.5,2.0,3.2,0.5,-9.0,6.3,2.5,-16.7,-4.8,-4.2,-2.4,-2.8,-6.1,-5.4,-5.5,0.3,-2.7,-1.6,1.0,-4.6,-3.1,-2.7,-2.2,0.6,-4.0,-4.7,-5.9,-8.0,-1.5,-4.6,-4.2,-5.5,7.4,-2.6,-10.5,7.1,3.5,5.3,-1.8,-0.7
2C7L518hSU,0,48.103356,11.623246,4441942.99,2777972.5,540.2,585.9,257,7266,3.0,0.81,0.4,32.6,348.92,-0.529,-0.104,0.842,-0.6,0.1,0.15,0.23,0.5,0.2,-0.3,-1.3,0.1,0.3,1.0,-0.5,2.1,0.1,-1.3,-0.4,-2.9,3.4,2.5,-7.1,-1.0,-4.4,1.6,-1.7,-2.9,-1.7,1.2,-2.5,-1.6,4.4,3.0,0.0,0.8,0.2,10.6,-0.9,-0.1,2.6,-10.6,-4.8,-6.2,-4.5,-1.9,-0.8,1.4,1.3,0.7,-2.8,-9.3,-2.4,-2.0,-3.7,-4.2,-8.5,-0.7,-1.4,-1.1,-0.4,-1.0,-2.0,-0.1,-2.1,-1.4,-3.3,-1.2,-0.7,1.7,-0.3,-0.6,-2.5,-0.6,-7.9,-0.0,0.7,-0.6,-0.4,9.0,1.9,2.2,1.2,0.7,2.2,-3.0,-6.9,3.6,2.5,-1.4,-3.7,-3.9,-4.1,-4.3,-1.1,-1.9,-1.8,-7.2,-1.8,-1.8,-3.9,-5.8,-1.6,-1.6,-2.4,5.7,-3.4,-3.1,-5.3,-1.5,-3.6,-0.5,-0.6,-2.6,-4.5,-2.9,-1.3,-2.0,5.9,-3.2,-1.6,0.1,-2.4,-5.8,0.4,-3.9,-3.2,-4.3,-2.6,-0.3,-2.1,-0.7,-3.5,-5.7,-3.6,-3.5,-3.6,-8.6,1.2,-4.9,-4.6,-1.4,-0.8,-3.4,-3.9,-1.7,-2.1,-3.9,-0.3,-0.9,1.3,-2.0,-2.0,-1.9,-1.9,-4.8,-9.9,-1.2,-3.2,-1.7,-5.3,-2.6,-1.8,-0.5,-0.9,-3.6,-4.0,-4.0,-1.0,-1.8,-5.0,-2.5,-0.0,-4.0,-3.2,-1.7,-4.7,-4.3,1.8,-2.5,-4.3,-4.5,-10.7,5.3,-5.0,0.9,-7.6,-2.4,4.9,-2.6,-4.0,-0.9,-4.1,-3.5,-1.8,-4.1,-3.7,-5.7,-1.0,-9.6,-8.6,-1.3,-7.4,-3.0,-8.7,-8.4,-1.1,-2.4,-3.6,-0.9,-1.7,-3.6,-2.3,-1.3,-1.9,-4.9,-3.1,-4.0
2C7L518hSo,0,48.103515,11.624485,4442034.87,2777992.2,544.4,590.1,257,7286,3.6,0.66,0.51,32.64,348.96,-0.529,-0.103,0.842,-2.1,0.2,1.32,0.3,1.4,0.2,-0.3,0.6,-1.1,2.1,-0.2,2.0,-0.4,2.0,0.4,2.0,5.9,2.4,0.1,2.6,0.8,3.8,1.9,1.9,-0.4,1.4,-1.1,3.0,1.3,2.9,-0.9,2.2,3.6,4.8,1.7,1.7,-2.6,-7.9,-4.6,-0.2,-1.6,-0.4,0.1,5.5,2.6,2.9,3.2,5.1,3.4,6.3,0.2,5.1,2.7,3.3,2.6,2.5,4.6,3.1,1.3,2.0,1.8,3.1,0.5,2.7,0.9,1.2,-0.1,0.5,1.4,-1.7,0.7,1.0,1.0,0.4,0.7,0.7,1.4,-0.2,3.1,2.2,2.7,1.4,1.9,3.4,5.0,2.3,1.0,1.9,3.9,1.3,2.7,1.6,3.8,1.8,-2.6,0.0,-0.6,1.3,0.2,0.5,3.3,-1.2,6.5,0.4,1.9,-0.1,3.7,1.9,1.3,1.4,4.1,0.9,3.1,2.3,3.2,1.2,2.4,-1.4,-2.2,-7.4,-4.1,-5.1,-9.2,-8.2,-10.5,-13.4,-8.4,-9.9,-1.9,-7.4,-5.2,-8.8,-4.3,-8.2,-4.5,-6.7,-4.2,-6.2,-4.7,-5.8,1.7,-2.0,-3.9,2.4,-4.7,0.0,7.9,-10.2,-11.5,-7.2,-17.5,-12.0,-7.8,-7.8,-9.6,-12.3,-9.5,-7.3,-12.1,-16.0,-14.1,-4.9,-4.5,-11.0,-11.5,-4.5,-3.5,-9.2,0.9,-6.1,-4.9,-12.1,-4.4,-17.1,3.5,-15.5,-14.3,3.4,-5.4,-2.0,-4.6,-3.4,-4.6,-6.5,-5.2,-7.7,-5.6,-8.0,-8.5,-7.0,-6.8,-1.7,-3.0,-1.1,1.6,4.6,-4.4,-3.4,-2.6,-7.4,-6.5,-7.0,-6.4,-4.7,-5.1,-6.5,-5.7,-3.4,-5.9,-6.7,-4.5,1.6,-2.2,-4.0,-2.6
2C7L518hSp,0,48.103514,11.624478,4442034.36,2777992.1,539.8,585.5,257,7287,2.2,0.89,0.25,32.64,348.96,-0.529,-0.103,0.842,-0.2,0.1,-0.42,0.17,0.5,0.1,-0.3,0.3,0.1,-1.2,-0.1,-0.5,1.1,-1.5,0.4,-0.8,-3.5,0.7,1.3,-0.0,-0.1,0.3,-0.1,-0.8,0.1,-0.9,0.3,-2.1,0.4,-1.6,-0.9,0.3,1.2,0.3,-0.5,-2.2,-2.9,-12.2,-3.7,-3.9,-3.0,-3.7,-0.9,0.1,0.4,1.5,1.5,-0.9,0.1,0.1,0.4,-2.1,-1.0,-1.4,-1.2,-1.4,-0.5,-0.6,0.2,-0.5,-0.2,-1.4,0.4,-0.7,0.8,-0.6,0.0,-0.5,-0.1,-7.3,0.4,0.1,0.6,-0.5,-1.9,0.4,-1.8,0.9,-1.5,0.8,-1.8,-0.1,-0.6,0.1,-0.9,-0.5,-1.2,-0.3,-1.6,-1.5,-1.9,-1.7,0.1,0.7,-3.1,0.2,-2.4,-1.4,-3.7,-2.7,0.4,-2.4,0.6,-1.8,-0.7,-1.6,-0.5,-1.9,-1.5,-0.4,-1.5,-2.0,-0.4,-0.3,-0.3,-1.5,-2.6,0.2,0.0,-0.8,-1.9,0.3,0.2,-3.1,-0.4,0.2,0.6,-12.9,0.7,-1.9,-1.1,1.0,0.8,0.1,-1.0,-1.4,-3.5,-0.4,2.6,-3.3,-2.2,0.1,-1.8,1.1,-0.8,1.3,3.3,1.2,-1.2,1.7,1.5,1.3,3.2,-7.0,3.8,2.9,1.5,-6.1,-1.0,1.9,1.6,1.9,1.1,-0.3,0.6,1.1,0.2,-1.3,1.7,2.1,-3.0,-3.0,1.1,-0.8,-2.5,-0.1,-2.0,-2.5,-4.3,-3.2,0.6,-2.1,-12.0,1.0,0.9,8.5,0.0,-0.2,-0.3,-0.9,-2.5,-2.0,-1.6,-3.2,-0.8,-0.9,-4.8,-3.6,-3.2,-2.7,-4.5,-2.9,-2.9,-1.8,-3.2,-3.9,-3.0,-3.9,-3.0,-2.2,-2.0,-1.0,-1.9,-2.5,-2.4
2C7L518hSq,0,48.103513,11.62447,4442033.81,2777991.98,536.6,582.3,257,7288,3.7,0.74,0.46,32.64,348.96,-0.529,-0.103,0.842,-0.8,0.2,0.27,0.29,0.9,0.2,-0.3,-1.0,-1.9,2.8,-0.4,1.3,0.7,-1.2,-1.0,-0.5,-2.5,0.7,1.3,0.3,-0.6,0.5,-0.2,-0.4,-2.4,-0.4,-2.1,-3.3,-0.1,-2.8,-1.9,-2.0,-0.2,-1.0,-1.8,-2.7,-3.4,-13.7,-3.2,-5.8,-5.7,-6.1,-1.7,-0.3,-1.7,0.7,-0.1,-2.1,-2.2,-1.0,-2.3,-4.9,-2.5,-0.7,-1.8,-1.9,-3.4,-2.4,-1.4,-0.4,-2.3,0.9,0.5,-1.4,0.7,-1.6,1.7,-0.0,3.1,12.2,4.3,0.7,1.9,2.6,3.8,0.3,-2.0,-0.5,-2.0,6.4,-1.9,-1.4,-1.7,-1.2,-2.9,-3.4,-2.1,-3.0,-4.0,-2.2,-3.8,-2.2,-0.8,0.4,-3.1,-2.3,-2.0,-2.8,-4.6,-6.4,-1.0,-5.7,0.4,-4.9,-2.9,-2.3,-0.5,-3.7,-0.6,-1.8,-1.6,-5.4,1.8,1.2,4.3,-2.3,-3.4,-8.5,-4.2,-6.6,-10.7,2.2,-8.0,-8.5,-2.4,-0.8,2.0,-13.0,-2.9,2.5,-5.1,-1.9,-7.4,-1.2,-4.9,-4.8,-4.4,-3.6,-11.1,-7.3,-6.2,-17.2,-5.6,-4.3,-5.9,-1.4,-2.4,-1.2,-5.4,-0.5,0.6,-0.1,-11.7,10.4,-13.1,-14.1,-12.7,-5.0,1.6,3.7,3.8,-14.1,-4.7,-0.8,-6.5,-2.2,-1.1,-0.1,3.1,-0.1,-4.9,-3.6,10.6,-3.8,-4.4,-1.7,-3.2,-2.6,-6.9,-7.4,-1.7,-6.2,-10.7,-2.8,-3.1,-1.4,-2.2,-4.4,-0.9,-4.9,-6.8,-3.2,-4.6,-7.0,-0.1,-1.3,-7.6,-3.5,-6.2,-4.7,-8.1,-6.6,-6.7,-2.9,-3.8,-4.2,-4.9,-6.6,-6.1,-4.2,-3.4,1.3,-3.6,-5.1,-5.3
2C7L518hT2,0,48.103654,11.62557,4442115.41,2778009.45,557.7,603.5,257,7300,4.7,0.58,0.45,32.64,348.96,-0.529,-0.103,0.842,-1.1,0.2,0.87,0.35,1.3,0.3,-0.3,-0.3,-3.9,-5.1,-3.1,-7.6,-2.5,-4.4,0.7,-0.7,0.6,-2.9,0.8,-4.4,-2.0,-1.8,2.7,1.6,-4.1,4.9,-7.9,-4.5,3.7,6.7,-15.2,-0.6,9.3,4.8,4.5,2.7,7.0,1.6,5.7,5.9,8.6,-6.7,-8.3,-3.6,11.0,-5.6,-0.8,6.5,6.8,6.2,7.9,5.2,4.0,6.6,-3.3,2.2,-0.8,-5.8,-1.6,-1.9,-5.1,-3.2,-6.6,-5.4,-3.7,-1.8,-4.2,-7.7,-15.1,-1.9,-0.9,-1.2,-2.9,-2.3,-2.7,-4.8,-4.2,-1.3,-1.1,-3.9,1.5,3.0,1.9,-5.9,-6.0,-7.2,-11.2,-5.5,-1.7,-2.4,-3.9,-3.8,2.8,-5.6,-14.0,-4.2,-5.7,-7.1,-5.0,-2.8,-4.8,-7.2,-2.1,-4.9,-4.9,-5.0,-0.8,-1.5,-4.9,-1.7,-1.5,-1.9,-2.8,-4.3,-2.3,-4.4,-4.3,-5.4,-3.9,-6.9,-2.4,-4.5,-4.6,-7.9,-4.0,-5.2,-4.3,2.0,-6.4,0.5,-7.1,-4.6,2.3,-7.2,-3.7,-4.0,-10.9,-9.8,-6.4,-4.3,-6.9,-12.6,-5.5,-7.9,-7.1,-1.6,-3.1,0.1,-3.1,-2.2,-3.4,-3.1,-6.6,-3.7,-5.5,-7.1,-5.5,-8.4,-8.2,0.3,-6.1,1.2,0.3,-4.3,2.3,-1.1,7.2,-15.5,-13.4,1.5,0.5,-1.2,-0.2,7.9,-5.1,2.6,-2.9,4.5,-5.8,-8.2,-13.9,-16.2,-5.5,-7.6,-6.8,-17.0,-5.9,-3.0,-4.4,-4.1,-7.9,-2.9,-8.1,-5.7,-10.0,-4.9,-7.3,-7.8,-5.4,-10.1,-4.7,-1.6,-9.8,3.8,-7.6,-3.9,-18.2,-8.1,5.4,-5.3,1.2,0.1,-4.7,-4.4,-4.6
2C7L518hT4,0,48.103644,11.625493,4442109.7,2778008.24,547.6,593.3,257,7302,3.7,0.71,0.5,32.64,348.96,-0.529,-0.103,0.842,-0.3,0.2,-0.05,0.3,1.0,0.2,-0.3,-2.9,-2.2,-0.7,1.4,-0.6,2.4,0.5,-2.0,2.2,1.2,0.9,-0.2,0.0,-0.7,-0.1,0.3,6.7,7.1,0.1,4.8,-1.2,3.1,-2.7,-1.3,0.0,-1.6,-1.8,-4.5,-5.3,-8.1,-11.8,-8.6,-3.9,-2.0,-5.5,-3.5,-1.0,-0.4,-1.9,-3.1,-1.0,-2.4,0.0,-6.8,-3.9,-4.1,-3.9,-3.0,-4.4,-4.8,-2.8,-3.8,-4.6,-7.8,-3.6,-3.1,-2.8,-2.2,-3.7,-5.3,-4.8,-3.9,-4.6,-3.1,-3.5,-3.0,-3.5,-6.9,-4.8,-1.5,-3.0,-1.3,-1.2,-0.7,-1.3,-6.4,-6.4,-3.4,-5.1,-15.8,-4.2,-3.0,-1.1,-2.0,9.9,8.4,1.6,-15.9,9.2,0.0,-1.8,-4.3,-6.2,-2.1,-6.0,1.8,-3.6,-4.8,-3.0,-4.5,-3.3,-0.5,-8.3,-3.7,-2.4,-3.6,-3.2,-2.9,-4.4,-7.5,-6.7,-4.9,0.3,-8.7,-5.1,-4.8,-9.2,-6.8,1.3,-8.6,-0.7,-5.4,-3.9,-3.9,-8.6,-4.0,-12.9,-4.1,-2.3,-2.5,3.3,0.4,-0.0,-1.8,7.6,4.9,9.2,-2.8,-1.4,1.1,-15.5,1.2,-4.1,-0.6,1.4,-3.5,-2.7,2.5,-1.9,1.0,-6.7,-9.3,-1.9,-5.3,-1.8,2.5,-1.8,-2.1,-0.8,-0.8,2.0,2.9,5.1,-3.9,-0.9,1.9,-2.2,0.2,1.2,0.5,-0.9,0.6,-2.4,-1.5,-1.7,-0.9,-3.0,-0.9,1.7,-5.3,-2.2,-2.6,-14.4,-5.7,-3.5,-2.9,-6.4,-2.2,-1.5,-6.8,-5.2,-0.8,-2.5,-4.4,-5.7,-3.7,-3.4,-6.0,-7.9,-4.9,-5.7,-5.6,-8.0,-7.2,-4.9,-4.9,-6.1,-5.2
2C7L518hU4,0,48.104023,11.628437,4442328.09,2778055.14,520.3,566.0,257,7364,4.5,0.48,0.47,32.66,348.96,-0.53,-0.103,0.842,-0.9,0.2,-0.8,0.34,3.6,0.3,-0.3,-0.0,2.8,1.2,2.9,-0.8,-2.2,3.5,-3.1,2.5,2.9,0.8,-1.3,1.1,0.8,4.9,2.0,7.6,-3.2,11.6,-4.6,1.4,8.0,2.4,10.1,11.2,9.6,16.3,9.4,12.6,9.5,7.5,-8.1,3.9,8.8,13.0,18.9,13.0,0.8,2.2,5.2,6.0,7.1,10.6,1.4,4.8,4.5,5.3,0.4,3.9,-2.0,7.9,1.0,3.4,-0.4,-0.3,5.5,1.1,-0.2,1.7,0.1,3.5,-2.3,2.8,1.4,0.4,2.0,2.2,-0.0,-2.3,2.3,-0.2,5.2,-1.2,-0.8,1.7,3.2,3.5,7.2,4.7,3.1,1.7,12.0,1.2,5.1,3.3,8.9,6.4,10.8,14.3,17.8,9.1,9.6,0.5,12.4,18.5,11.5,9.0,-3.4,11.0,13.6,1.4,10.0,8.3,7.6,13.9,8.8,4.5,2.2,7.0,6.0,11.9,13.2,-1.4,5.5,-1.5,-1.1,0.4,-0.9,2.2,-1.1,-7.2,-2.4,-0.2,0.4,-3.6,10.1,0.8,5.0,4.6,12.3,2.5,-3.6,5.9,11.1,4.4,7.6,8.6,6.6,7.6,8.5,1.2,0.7,3.6,5.3,-0.9,-3.3,4.6,1.6,-0.2,-2.3,-3.6,-1.5,1.4,0.8,-3.0,-0.8,6.0,8.8,7.7,6.2,9.2,11.8,-1.1,3.5,-1.4,8.3,1.7,6.0,5.0,8.8,10.5,-8.8,-0.7,6.4,-2.8,-1.8,-2.1,-2.0,5.9,-3.9,-1.8,-4.7,0.1,4.1,-1.6,14.0,7.9,7.9,-0.0,1.3,9.5,-8.4,4.4,-0.2,-3.6,-4.6,-2.3,-3.2,-3.5,0.3,4.9,4.6,-3.2,-3.7,-1.2,3.6,1.0,-0.2
2C7L518hUa,0,48.104301,11.630604,4442488.86,2778089.59,536.4,582.1,257,7396,1.9,0.9,0.29,32.66,348.96,-0.53,-0.103,0.842,-0.3,0.1,-0.32,0.15,1.5,0.1,-0.3,0.4,0.5,1.1,-1.5,-0.4,-0.3,1.4,1.7,1.3,-2.5,0.9,1.1,-0.4,-0.4,-1.7,-1.2,-0.9,-1.5,-2.0,-3.3,-2.9,-4.4,-0.5,-0.5,-2.1,-1.9,-0.9,0.4,-3.0,-4.3,-2.7,-6.5,-6.1,-6.3,-1.7,-3.2,-2.1,-0.5,-1.2,-1.8,-1.7,-0.6,-2.0,-1.5,-1.8,-1.4,-1.9,-1.6,-1.6,-0.2,0.5,0.1,0.2,-0.4,-0.3,-0.2,1.1,-0.1,0.4,0.9,0.7,2.6,-4.0,3.4,10.0,1.5,0.3,-2.3,0.4,0.2,0.8,-0.4,1.3,0.7,-1.3,0.5,-1.1,-1.7,-1.8,-0.6,-1.3,-1.9,-0.9,-3.0,-1.0,-1.9,-2.1,-1.4,-2.1,-1.9,-3.1,-2.0,-2.6,-3.3,-1.9,-1.7,-1.7,-0.6,-1.1,-2.0,-2.2,-0.4,-1.0,-1.0,-1.6,-1.1,-0.7,0.1,-1.1,-1.2,-1.5,-0.5,-0.5,-1.1,-0.6,0.1,4.4,-1.4,0.6,-0.2,-11.9,0.5,0.3,-0.5,-1.2,-0.7,1.6,-1.1,-2.2,-3.5,-3.2,-1.7,-2.1,-3.0,-3.3,-3.6,-2.7,-5.7,-1.2,2.4,0.9,-1.2,-0.8,-0.1,0.7,0.5,-1.2,1.0,0.6,-0.4,-0.8,4.4,1.1,0.9,0.9,1.0,-0.7,-0.2,-0.2,-0.7,-2.9,-5.2,-1.6,-3.0,-3.6,-0.8,-0.7,-1.1,-0.7,-2.2,-2.4,-2.7,-4.4,-1.2,-2.3,-2.0,-2.4,0.9,-12.4,-0.9,-0.4,-0.3,-1.2,-2.8,-1.6,-2.0,-3.3,-1.7,-3.8,-5.8,-4.9,-4.5,-4.2,-2.9,-2.1,-4.4,-3.8,-3.9,-3.7,-2.7,-4.2,-0.7,-0.8,-0.6,0.6,-0.1,-1.4,0.5
2C7L518hUc,0,48.104314,11.630708,4442496.53,2778091.24,535.9,581.6,257,7398,2.3,0.85,0.31,32.66,348.96,-0.53,-0.103,0.842,-0.1,0.1,-0.18,0.18,1.6,0.2,-0.3,-0.0,-0.1,0.2,-2.9,-1.1,-0.3,-1.4,-0.6,-0.3,-0.5,-0.0,0.8,-0.2,-0.9,-1.6,-2.1,-2.0,-3.2,-4.8,-3.9,-2.6,-4.4,-1.4,-3.2,-2.4,-4.2,-1.1,-0.0,-2.9,-6.8,-2.9,-8.2,-5.3,-7.8,-1.3,-5.9,-2.3,-0.1,-1.5,-1.6,-1.0,-0.2,-2.3,-3.2,-2.0,-0.7,-1.4,-0.9,-0.4,0.2,0.9,1.7,0.6,0.5,0.8,0.9,0.5,0.8,1.2,0.7,-1.5,1.3,-5.9,6.8,-10.7,0.5,0.2,-1.5,0.1,0.3,-1.8,0.1,-1.7,-0.4,-2.5,-2.8,-2.0,-1.3,-1.6,-4.9,-1.6,-2.7,-1.2,-3.1,-1.4,-4.3,-2.9,-3.6,-1.9,-0.3,-1.9,-1.8,-0.3,-3.0,-1.9,-0.1,-0.4,-3.7,-0.3,-2.2,-1.9,-4.6,-3.3,-0.4,-2.2,-0.8,-0.1,0.6,0.4,-0.1,-0.8,0.5,-0.2,-0.3,-0.7,-1.1,-8.1,-2.3,1.6,1.0,-9.4,0.6,0.3,0.5,-0.5,-3.7,0.5,-0.6,-3.4,-5.5,-2.7,-2.5,-2.1,-3.3,-3.7,-3.7,-4.1,-5.5,-1.5,0.7,-2.2,-2.6,-1.0,-3.4,-0.6,-1.4,-0.8,-0.7,-0.6,-1.3,-3.3,-2.1,-0.7,-0.9,-1.4,-0.7,-3.2,-2.8,-2.6,-2.7,-3.8,-6.4,1.0,-1.8,-4.3,-4.1,-2.1,-1.5,1.6,-1.2,-3.0,-6.6,-5.7,3.4,3.1,5.1,0.4,4.4,-5.8,7.0,5.7,3.2,3.4,-0.2,0.7,0.3,-3.7,-2.0,-2.9,-5.7,-4.1,-5.5,-5.4,-2.5,-1.2,-3.9,-6.3,-3.7,-5.9,-1.1,-4.9,-0.3,-1.9,-1.7,-1.0,-3.5,-4.5,0.1
2C7L518hUi,0,48.104348,11.630969,4442515.94,2778095.41,533.5,579.2,257,7404,2.3,0.87,0.56,32.67,348.96,-0.53,-0.103,0.842,-0.9,0.1,0.08,0.18,0.5,0.2,-0.3,0.2,-0.3,-1.4,2.3,-0.6,0.8,-1.6,-0.4,-0.7,-5.6,-0.1,1.1,1.9,-0.2,3.0,3.1,0.8,0.1,-0.9,-1.7,-2.0,-2.0,-0.8,0.9,-1.2,0.3,0.2,1.2,-0.5,-2.9,-0.3,-5.8,-4.1,-4.9,2.3,-2.9,0.3,0.9,-1.6,1.9,-2.0,-0.2,-0.7,0.4,-4.4,-1.9,-2.1,-1.1,-1.6,-1.3,-0.1,-0.3,-0.7,-1.1,-1.6,-1.9,0.8,-1.2,-1.2,-1.2,2.3,3.6,-6.3,4.8,5.4,-1.3,-2.2,4.6,-4.6,-1.8,-1.5,-3.1,-1.4,-2.9,1.9,1.2,1.2,1.8,-0.5,-0.6,-0.2,-0.6,-1.7,-3.2,-2.0,-1.6,0.1,-0.0,-1.9,-1.4,-0.3,-6.1,-3.8,-1.2,3.1,-0.3,-0.2,-4.2,0.9,-1.8,-3.9,-1.9,1.0,1.3,-0.3,0.6,-3.8,-0.9,0.5,-3.8,-0.7,-2.3,-2.0,-2.9,-2.5,-1.6,-0.2,-3.4,-0.8,-1.5,0.5,-3.2,-3.4,-5.6,-0.3,-2.4,-1.4,-1.8,0.2,-4.5,-6.9,-5.6,-3.1,-4.1,-3.9,-4.8,-2.0,-8.3,0.9,-0.9,-1.8,-3.4,-5.4,-3.7,-2.0,-3.2,-6.6,-2.8,-2.8,-4.2,-8.3,-4.6,-1.0,-0.8,3.7,-3.8,-4.3,-4.3,-5.5,-1.0,-3.9,-6.1,-7.1,-4.1,-4.8,-3.2,-2.4,-5.6,2.5,0.0,-2.2,-3.6,-2.5,-1.9,-2.3,-4.7,-3.9,-3.3,6.8,-4.8,-7.6,-6.0,0.7,-4.2,-4.9,-1.5,-4.8,-2.3,-2.7,-6.4,-0.1,-5.7,-4.7,-3.7,-3.3,-5.4,-4.1,-4.3,-6.4,-4.8,-7.3,-4.3,-6.7,0.5,-5.6,-3.3,-5.0,-1.4
2C7L518hVj,0,48.104835,11.634765,4442797.51,2778155.79,542.2,587.9,257,7467,4.5,0.54,0.48,32.68,348.96,-0.53,-0.103,0.842,0.6,0.2,1.84,0.35,1.1,0.3,-0.3,-5.8,-4.1,-1.7,-4.5,-0.7,-5.1,-0.0,2.7,0.3,-1.5,0.7,0.3,-12.4,-6.8,-1.2,-4.6,-3.3,-4.7,-3.1,-7.8,-7.6,-5.2,-9.2,-5.5,-4.9,-5.4,-4.7,1.3,-0.2,-5.3,-1.3,-7.7,-8.7,-6.6,-6.7,-5.6,-4.7,-8.2,-2.4,-8.9,-1.3,-2.7,-6.9,-6.0,-5.2,-2.3,-12.2,-2.6,-2.3,-3.2,-5.4,-3.9,-2.7,-0.9,-1.3,0.1,-1.6,-1.0,-2.6,-2.1,-2.9,-4.0,3.1,-2.7,7.2,0.7,-0.9,-8.5,-0.7,-0.3,-10.6,-12.1,3.4,-9.0,1.1,-3.5,-13.9,-13.9,-14.2,-15.7,-14.3,-12.1,-12.2,-9.2,-11.5,-8.1,-2.5,-9.6,-10.0,-9.6,-11.9,-3.4,-10.0,-9.2,-4.1,-6.2,-7.5,-5.5,-3.5,-7.3,-5.8,-6.2,-6.0,-7.8,-7.1,-10.1,-8.2,-7.2,-9.4,-11.0,-9.3,-10.5,-8.4,-11.4,-8.5,-13.2,-10.5,-15.5,9.3,-12.5,-4.7,-12.4,-14.5,-16.1,-17.7,-13.1,-8.2,-12.1,-8.4,-15.6,-8.3,-4.3,-5.0,0.2,-2.9,-1.8,3.7,-4.8,-2.7,0.3,-4.8,-9.5,-5.5,-2.5,-6.6,-13.7,-1.2,-5.3,-5.4,-8.7,-6.9,1.2,-4.1,-1.3,-1.8,-3.7,-5.6,-0.0,-3.4,0.9,-17.4,-4.5,3.1,-6.7,-8.0,2.9,-2.1,-5.1,-4.4,-6.1,-7.6,2.3,-6.7,-5.9,-3.2,-2.4,0.2,2.4,-8.1,-2.0,3.1,2.9,5.3,0.9,-1.3,1.8,5.6,5.1,-1.4,0.9,-3.8,-3.4,-17.3,-3.9,-5.8,-6.1,-5.3,3.4,-2.6,-4.9,-4.1,-1.8,-1.9,3.3,0.4,-2.2,-2.9,-1.0
2C7L518hW2,0,48.104965,11.635775,4442872.43,2778171.87,538.7,584.4,257,7486,4.3,0.64,0.45,32.69,348.97,-0.53,-0.103,0.842,0.1,0.2,-0.48,0.32,0.9,0.3,-0.3,4.3,0.4,-1.5,1.8,4.0,-0.5,0.4,1.9,-1.5,2.7,0.9,3.2,-0.5,-0.3,1.3,0.5,1.3,0.9,-0.8,-3.5,-0.9,-3.6,1.3,-0.1,0.9,-1.2,3.2,2.1,-0.4,0.6,4.4,-3.8,-3.2,-7.2,-4.0,2.9,0.6,0.8,-1.1,-0.4,3.2,2.0,2.2,5.6,0.4,-4.9,6.3,1.4,0.6,6.6,-2.0,3.2,3.7,-10.7,-1.0,-0.8,2.3,-6.8,-4.5,-3.5,0.9,-1.7,2.0,2.6,0.8,4.3,-0.9,0.2,-1.3,-3.3,3.9,0.2,3.8,-6.5,-8.3,-1.6,-9.0,-7.4,13.3,0.4,5.7,10.2,4.4,12.5,8.5,4.9,7.8,-4.8,-1.0,7.4,4.5,1.5,0.5,5.3,5.7,6.6,-1.3,10.1,-2.9,1.6,-2.3,-0.4,8.3,3.3,-6.9,-4.1,-3.3,1.3,-2.6,-0.8,-0.3,0.3,-1.4,-0.8,1.7,0.9,-4.2,-1.3,-1.0,1.2,1.4,3.8,-4.7,-0.2,0.8,2.6,3.8,-0.1,15.5,8.1,0.6,-6.6,2.2,-7.2,-4.2,-5.8,-3.4,0.4,4.4,1.9,1.7,-1.9,-0.6,-0.7,8.1,3.9,3.5,3.5,6.2,7.9,8.3,6.8,6.1,5.4,7.0,3.9,4.2,2.3,2.3,-6.6,-1.1,3.9,-0.3,-5.5,-10.6,-8.2,7.1,2.3,4.6,-1.4,-2.6,1.3,1.0,-2.5,-1.8,4.6,0.1,-0.5,3.6,-1.7,1.4,0.7,-0.9,0.8,14.8,0.7,8.5,-0.7,-0.7,-0.9,-3.8,2.9,-7.2,-0.1,0.6,-3.3,-1.1,2.4,-0.2,0.5,-2.3,2.3,-0.2,-0.8,6.9,3.0,-3.4,-1.3
2C7L518hS4,0,48.1032,11.621887,4441842.11,2777952.92,547.0,592.7,257,7240,3.9,0.72,0.46,32.6,348.92,-0.529,-0.103,0.842,-1.2,0.2,0.01,0.29,0.6,0.3,-0.3,2.6,0.9,-4.3,-5.2,4.2,1.2,-6.4,-7.5,-5.9,-1.9,-2.8,1.6,-0.1,2.2,-0.2,-0.2,-1.8,1.5,-4.9,-1.1,1.1,1.4,-0.6,5.1,-0.2,-1.0,2.3,3.8,3.2,-5.3,6.7,-5.3,-9.0,-4.6,-4.7,-3.2,15.7,-4.9,8.1,-3.1,-1.5,5.2,-1.2,-0.8,-3.3,-1.4,-0.6,-4.6,-3.6,-5.3,7.1,13.7,2.3,-0.1,1.6,0.3,0.9,-0.7,-8.4,2.0,4.9,3.2,-6.0,1.9,3.5,9.1,-0.1,-7.0,-7.6,-0.9,-6.1,-2.1,-2.4,-0.2,-1.3,-0.1,-0.7,-0.0,0.1,-2.8,-2.1,-3.4,-2.2,-6.8,-0.8,-0.5,-3.0,-11.1,-3.8,-6.7,-3.1,-4.8,-1.3,-6.3,-5.9,-0.9,-1.2,-3.0,-0.3,-7.1,-3.6,-2.3,-0.6,-4.5,-2.2,-3.4,-2.4,-4.0,-1.7,-1.4,-3.4,-1.1,0.4,-3.6,-1.8,-6.2,-3.7,-10.0,-0.1,-0.1,-1.6,-5.4,-3.0,-5.0,-2.6,-0.5,0.0,-4.6,-3.2,-1.3,-10.0,-2.6,-6.6,1.4,2.5,1.2,2.0,-3.0,4.4,-0.8,3.0,-2.0,1.4,-6.7,-4.6,-1.1,-4.7,-4.4,0.0,-7.0,-3.2,-5.4,-4.3,-4.6,-4.6,-6.2,-6.3,-6.2,-4.1,-2.0,-5.1,10.5,-6.6,-4.7,-7.0,-3.2,2.0,-2.3,-6.9,-0.8,-5.3,-4.4,-4.9,-8.8,-9.8,-11.2,-9.2,-5.4,3.8,-6.3,-5.5,-6.1,-5.0,-6.6,-5.1,-3.7,-5.5,-1.4,-6.7,-8.4,-11.5,-1.7,-7.2,-6.7,0.8,-4.7,-5.4,-4.1,1.9,-10.4,-8.4,-2.3,-5.7,-5.7,-4.1,-6.0,-9.3,-5.2
2C7L518hT8,0,48.103661,11.625476,4442108.33,2778010.04,538.0,583.7,257,7306,3.6,0.73,0.48,32.64,348.96,-0.529,-0.103,0.842,-0.9,0.2,-0.18,0.27,1.3,0.2,-0.3,-1.2,-1.0,-5.2,1.4,-1.8,1.4,3.3,-0.8,-2.5,-1.2,-2.8,-1.2,0.0,0.0,-5.0,-0.2,1.2,-8.3,-6.0,-1.1,-2.1,-1.8,1.2,8.0,2.5,-1.6,-1.0,-1.6,-0.6,-5.7,-14.6,-6.7,-9.3,-7.8,-7.5,-8.2,-5.7,3.3,-1.2,1.3,-4.1,-0.6,-9.7,-0.4,-1.9,-0.5,-1.1,-0.6,-0.8,1.7,7.1,-12.9,5.2,-3.1,2.0,-1.9,0.3,0.4,3.8,3.8,0.4,-3.1,0.3,-0.5,-2.7,-0.7,3.3,1.6,-6.5,-2.9,-2.1,-0.3,-1.9,-14.7,-6.2,-8.7,-4.5,-7.0,-14.6,0.8,-3.2,-3.3,-6.0,-7.1,-4.4,-5.1,-1.1,-5.0,-0.1,-2.1,-1.0,-4.9,-3.9,-0.8,-3.6,-0.5,-2.9,-3.8,-6.1,-2.6,-1.4,-1.9,-5.4,-2.8,-4.1,-4.8,-1.9,-3.7,-1.4,-4.3,-7.5,-3.2,-6.0,-4.5,-2.0,-1.2,-4.0,-1.1,-4.7,0.4,-4.1,-1.8,-4.0,2.7,-4.4,-1.9,-3.5,-1.5,0.8,-5.1,-2.6,-4.2,-4.5,-10.7,0.3,-1.9,-4.7,-8.2,-4.4,0.5,-1.7,-5.1,-8.2,-13.6,-3.5,-6.9,4.3,-4.5,-4.1,-2.3,-2.4,-3.3,-2.3,-2.7,-3.7,-1.8,-3.4,-6.9,-3.5,-4.9,-4.6,-2.6,-7.2,-11.4,-9.7,-3.1,-1.5,3.5,-1.0,-6.3,-5.9,-10.2,-4.5,-4.2,-6.2,-2.6,-3.2,-5.7,-1.7,-4.1,-3.5,-3.8,-2.8,-4.3,-3.1,-7.8,-4.7,-2.8,5.4,-8.6,-10.2,-14.6,-7.1,-8.1,-12.5,-6.2,-14.2,-7.8,-5.7,-5.9,-2.5,-7.4,-8.4,-3.7,-4.5,-4.2,-8.9,-4.9
2C7L518hUU,0,48.104273,11.63024,4442461.79,2778085.86,537.1,582.8,257,7390,2.1,0.9,0.38,32.66,348.96,-0.53,-0.103,0.842,-0.2,0.1,-0.02,0.16,0.4,0.1,-0.3,2.8,1.5,3.7,-4.8,-0.1,1.4,4.3,2.2,-0.2,-2.8,1.0,1.3,1.0,-3.4,-1.6,-4.4,0.1,-1.8,-2.5,-7.1,-1.8,-2.3,-5.3,-0.7,-2.7,-0.2,1.3,1.0,-0.8,-1.1,-0.3,-0.6,-5.5,-5.8,-0.6,-2.5,-0.4,4.0,-1.7,-1.4,-0.4,0.7,-1.7,-1.5,-2.5,1.3,-2.6,1.2,-0.6,1.3,1.0,-1.2,-1.4,0.6,-2.0,-1.9,-0.2,-1.8,-3.3,-0.8,-1.1,-0.6,5.0,2.5,5.9,-1.5,-2.6,-3.7,-0.5,-2.3,-4.5,2.3,-1.5,-0.8,-0.6,4.2,-1.6,-4.4,-3.6,-2.9,-2.0,0.1,-2.0,-2.4,-0.6,-5.4,-0.9,-0.9,-3.2,-1.4,-0.2,-1.1,0.5,1.5,1.5,-0.3,-2.0,-0.4,-1.1,1.4,-1.2,-3.6,0.5,0.6,-2.1,0.3,-1.7,0.7,0.3,-0.6,-2.5,-1.8,-2.3,-2.7,-3.7,-3.8,5.2,-2.3,-0.8,-1.8,-2.2,-0.9,-0.8,-0.7,-2.2,0.5,1.1,-3.1,-2.2,-3.6,-4.9,1.4,-1.5,-0.1,1.3,-0.5,-2.7,-1.9,-0.1,3.1,1.8,-0.7,-2.0,-3.8,-1.3,-0.4,-3.3,-2.4,-1.9,-1.9,-4.8,0.5,-3.1,-2.5,-3.0,-3.0,-1.8,-2.2,-1.5,-0.9,1.6,4.2,-0.6,-1.1,-0.8,0.9,-1.2,-4.9,-0.2,-2.3,-3.1,0.1,-0.6,-2.1,-2.4,-3.1,-2.9,-0.5,3.9,0.0,-2.7,-2.4,0.8,-1.7,-2.4,-1.2,-3.4,-0.7,0.8,-1.6,-3.6,-1.2,-2.2,-0.7,0.6,-2.8,-1.2,-3.4,-3.6,-2.6,-2.3,-1.1,-1.6,-0.2,-1.8,-3.4,-3.7,-2.9
2C7L518hUW,0,48.104288,11.630356,4442470.39,2778087.71,535.0,580.7,257,7392,1.9,0.92,0.25,32.66,348.96,-0.53,-0.103,0.842,-0.2,0.1,-0.31,0.15,0.6,0.1,-0.3,0.2,0.9,0.5,-2.6,-0.8,1.2,0.5,0.4,0.4,0.1,-0.2,1.3,-0.4,-1.2,-0.8,-0.5,0.0,-0.9,-1.1,-2.0,-1.8,-3.1,-0.4,-0.3,0.7,0.6,-0.1,1.3,-0.7,-2.9,-1.0,-5.7,-5.2,-4.1,0.9,-0.9,-0.3,-0.3,-0.7,-0.6,0.7,0.1,-1.0,0.3,-0.3,-1.1,-0.9,-1.0,-0.8,-0.1,1.0,0.4,0.7,0.0,0.5,-0.1,1.2,-0.3,0.9,0.6,0.9,2.0,-6.3,8.7,-8.2,1.5,-0.1,0.3,-0.2,-0.0,-0.6,0.7,-0.1,0.4,-0.8,-0.5,-0.9,-1.4,-1.1,-0.4,-0.4,-0.6,-0.4,-1.2,0.4,0.1,-1.8,-0.7,-0.4,-0.2,-0.5,0.5,-0.4,-2.2,-0.3,1.4,0.7,-1.3,1.1,1.1,-0.0,-2.1,-0.1,0.1,-0.5,0.9,-0.1,0.5,1.0,-0.5,-0.7,0.0,0.1,0.0,-0.2,0.1,-2.0,-0.7,1.5,-0.1,-11.9,0.6,0.9,0.1,-1.0,-0.5,1.5,0.3,-1.3,-3.4,-0.3,-0.1,0.9,-0.9,-1.4,-2.6,-1.2,-2.3,2.5,4.6,0.7,0.4,0.3,-0.4,1.0,0.2,-1.0,0.5,0.6,0.0,-1.6,1.9,0.8,-0.0,0.1,0.5,-0.0,0.3,0.1,-1.0,-2.5,-4.4,-1.0,-2.4,-1.9,1.0,1.0,-2.7,1.6,-0.2,-1.5,-1.6,-1.8,0.7,0.2,0.0,0.6,1.2,-12.6,0.5,0.2,0.7,-0.2,-0.7,-1.3,-2.6,-1.0,-3.4,-3.4,-3.1,-4.7,-0.9,-3.9,-2.9,-0.8,-3.8,-2.5,-5.0,-1.6,-2.6,-1.4,-0.3,-1.6,-0.2,0.5,0.2,-0.5,0.3
2C7L518hUY,0,48.104303,11.630472,4442479.02,2778089.56,535.5,581.2,257,7394,2.0,0.91,0.24,32.66,348.96,-0.53,-0.103,0.842,-0.5,0.1,-0.26,0.15,1.1,0.1,-0.3,0.5,0.7,0.3,-2.0,-1.0,0.9,0.5,0.6,0.2,0.1,0.0,0.5,-0.8,-1.3,-1.2,-1.5,-0.2,-1.5,-1.8,-3.0,-3.0,-4.0,-1.7,0.2,-1.2,0.0,-0.3,0.6,-1.7,-2.9,-1.6,-5.4,-5.0,-5.0,-1.0,-1.8,-1.1,-0.6,-1.5,-1.6,-1.0,-0.8,-1.6,-1.2,-2.0,-2.2,-1.9,-1.4,-1.9,-1.0,-0.4,-0.7,-0.8,-1.0,-1.1,-0.9,-0.2,-1.4,-0.7,-1.3,-0.1,1.3,-6.5,7.3,13.8,-1.0,-2.0,0.4,-1.4,-1.0,-1.3,-0.4,-1.5,-0.7,-1.4,0.0,-1.0,-1.7,-2.0,-1.2,-1.7,-1.7,-1.3,-3.0,-1.6,-1.5,-2.3,-0.7,-2.2,-1.7,-3.5,-1.8,-2.7,-3.7,-1.6,-1.3,-1.3,-1.1,-0.9,-1.4,-2.1,-1.9,-1.7,-0.4,-1.3,-1.5,-1.2,-0.1,-0.1,-0.8,-1.6,-0.6,-0.6,-1.0,-0.8,-0.3,-3.7,-1.5,0.2,-0.5,-10.7,-0.1,0.1,-0.5,-1.9,-0.4,0.7,-0.9,-2.4,-4.7,-2.6,-1.5,-2.6,-2.5,-3.6,-4.6,-2.9,-4.8,0.2,2.3,-0.3,-1.1,-1.1,-1.2,0.1,-0.5,-2.5,-0.3,-0.7,-0.3,-3.6,1.8,-0.6,-1.3,-1.2,-0.0,-1.2,-1.1,-1.4,-2.2,-3.5,-6.1,-2.0,-4.7,-4.5,-0.8,-1.6,-4.8,-1.6,-2.4,-3.1,-4.2,-2.8,-0.4,-1.2,-0.6,-0.7,-0.5,-12.9,-0.9,-1.0,-0.6,-1.5,-1.5,-2.4,-3.5,-1.9,-2.8,-4.9,-4.5,-5.8,-4.3,-4.6,-4.4,-2.6,-6.1,-5.5,-6.6,-5.4,-5.4,-4.3,-1.9,-2.7,-0.8,-0.5,-1.8,-1.9,-1.7
2C7L518hUb,0,48.104329,11.63068,4442494.46,2778092.86,537.6,583.3,257,7397,2.0,0.9,0.3,32.66,348.96,-0.53,-0.103,0.842,-0.6,0.1,-0.4,0.15,0.6,0.1,-0.3,0.6,0.0,1.6,0.5,0.4,-0.8,0.1,-0.9,2.7,-2.3,2.0,-0.6,2.3,1.9,-0.0,-0.4,-1.6,-1.3,-2.2,-2.5,0.6,-2.1,0.2,-0.7,-0.3,-1.7,1.2,0.4,-1.4,-4.2,-2.3,-7.5,-4.3,-5.4,0.5,-3.3,0.5,1.7,1.1,1.4,1.1,0.8,-0.4,0.1,0.8,1.6,-2.3,0.4,1.3,3.0,3.5,4.8,2.8,2.4,3.1,1.9,4.1,3.4,3.0,2.9,0.3,-3.9,1.5,5.0,-3.6,0.7,2.9,0.7,4.6,4.2,-1.2,1.8,1.7,2.0,0.8,0.0,0.7,1.2,0.8,-1.4,0.7,-0.4,1.0,0.2,1.4,-1.1,-0.5,-0.7,-1.1,1.7,0.0,-0.6,0.8,-1.1,0.0,1.1,0.6,-0.7,0.8,-0.3,0.4,-2.0,-1.6,0.6,-0.1,0.6,0.4,2.0,-0.2,-0.4,-1.1,-1.0,0.4,-2.4,-0.8,-0.5,-6.7,-2.6,-0.4,-0.9,-10.2,1.1,0.3,0.5,0.3,-1.5,1.4,0.1,-2.0,-3.0,-1.3,-1.2,-0.8,-0.7,-2.2,-0.1,-2.3,-4.8,-0.6,1.6,0.0,-3.1,0.4,-0.3,1.9,0.9,-0.6,0.5,-0.1,-1.1,1.4,-0.9,0.3,-0.1,1.1,2.8,-1.0,-0.1,0.6,0.7,-2.4,-4.8,0.7,-0.0,-2.2,-1.7,-0.2,-1.1,1.5,-0.3,-1.4,-4.7,-5.5,-4.9,-5.4,-3.9,-3.2,-1.8,-4.2,-3.9,-4.9,-0.1,-2.9,-2.3,-0.8,-0.2,-2.7,-1.2,-0.9,-4.5,-2.4,-4.2,-3.1,-1.9,-1.4,-3.4,-3.2,-3.3,-5.0,-1.1,-4.4,-3.3,-0.6,-0.6,-1.0,-2.7,-4.1,-2.4
2C7L518hVn,0,48.104886,11.635021,4442816.42,2778161.91,544.7,590.4,257,7471,2.8,0.78,0.48,32.68,348.97,-0.53,-0.103,0.842,-0.2,0.2,-1.57,0.21,0.3,0.2,-0.3,-0.5,2.0,1.3,1.0,1.5,-0.4,2.9,0.4,0.6,-4.3,2.0,-0.9,0.3,1.0,-0.7,-1.1,-0.7,-2.7,12.6,-8.1,0.6,8.8,4.4,4.9,2.1,7.7,6.5,-0.6,3.6,4.1,8.1,4.3,1.2,4.0,1.8,10.9,3.3,-1.1,11.9,-1.9,4.5,-2.3,-2.4,4.7,-1.2,1.1,0.9,0.2,4.6,-1.0,6.1,0.5,3.0,2.5,1.8,6.7,1.1,8.3,-2.0,6.9,-0.3,-1.1,3.5,1.6,5.7,-0.2,0.7,3.9,1.1,1.4,1.5,7.3,-2.5,4.6,0.5,2.4,9.8,3.3,-2.6,5.0,5.3,10.1,7.7,5.9,5.0,4.8,5.0,2.4,2.1,3.3,4.6,3.1,8.3,2.3,5.2,3.8,4.9,7.0,5.7,6.2,3.4,4.7,6.6,7.5,5.0,6.2,5.0,6.0,4.6,5.0,5.0,4.4,6.2,4.5,7.1,4.6,2.4,3.6,4.5,5.1,3.9,5.9,5.3,4.4,8.5,8.8,6.6,5.9,4.6,2.0,6.7,4.1,5.7,5.0,5.8,3.0,4.7,2.4,5.3,5.9,2.8,4.5,4.9,2.7,6.6,5.6,6.2,5.8,5.6,1.8,5.5,9.1,4.2,5.9,5.4,2.4,3.1,4.6,6.4,5.7,3.9,-2.0,0.5,-0.6,-0.4,4.2,4.0,2.1,6.8,2.0,2.9,1.6,6.3,1.3,1.6,2.9,0.9,0.9,3.5,0.6,0.6,0.1,-0.2,1.5,-0.7,-0.4,4.1,4.4,0.6,-1.6,-3.4,-0.4,-1.9,1.1,3.6,0.5,1.2,-1.5,-0.1,0.8,2.2,0.2,0.8,1.7,1.4,0.9,2.6,1.1
2C7L518hSY,0,48.103428,11.623518,4441963.04,2777980.94,541.3,587.0,257,7270,3.8,0.56,0.46,32.63,348.96,-0.529,-0.103,0.842,-0.8,0.2,0.23,0.29,4.4,0.2,-0.3,-1.1,-2.5,-1.5,-1.2,-1.8,2.1,-2.6,-1.2,-1.4,4.5,1.3,5.6,-2.3,-3.0,-2.8,-4.9,-7.9,-6.2,-5.6,-6.9,-7.3,-11.8,-3.6,-7.9,-7.9,-7.0,-6.2,-10.7,-8.4,-10.0,-19.1,-9.2,-13.4,-14.3,-13.5,-7.9,-6.0,-2.6,-2.2,-4.8,-5.5,-4.4,-4.4,-4.8,-5.3,-6.0,-3.4,-2.8,-0.7,-0.3,0.5,1.5,2.1,0.6,-0.1,-1.8,2.3,2.1,-0.2,0.8,-0.7,0.2,12.1,-0.5,0.5,-2.7,-1.0,3.9,0.2,-0.3,3.8,-1.3,0.1,-0.2,-8.5,-6.6,-4.6,-0.5,-4.7,-4.7,-4.0,-6.2,-5.7,-5.2,-5.7,-7.9,-8.3,-11.6,-8.2,-12.2,-10.6,-8.6,-6.7,-10.2,-7.7,-3.8,-10.8,-13.5,-13.0,-9.9,-13.8,-13.7,-10.0,-11.8,-11.0,-11.5,-2.9,0.1,-13.2,-9.8,-10.4,-10.7,-7.3,10.5,3.1,-3.3,-4.0,-6.1,-3.2,-3.6,-4.8,-3.0,-0.9,-5.8,-8.9,-3.8,-2.8,-5.1,-6.1,-10.8,-4.4,-7.2,-7.0,-7.5,-9.3,-10.7,-9.1,-6.6,-5.4,-3.2,-0.1,-3.1,-5.5,-1.2,-0.4,-3.1,-3.7,-2.2,-4.4,-6.1,-3.4,-4.3,-7.5,-8.4,-8.7,-4.3,-6.5,-7.1,-4.3,-4.0,-7.1,-9.8,-5.7,-7.6,-9.8,-7.5,-9.5,-9.8,-5.9,-12.3,-12.9,-11.8,-7.5,-4.1,-1.8,-1.0,-7.4,-3.1,6.3,-1.4,-15.8,-4.1,-4.0,-13.0,-14.2,-10.5,-7.2,-13.5,-9.9,-10.9,-18.8,-9.1,-14.2,-12.9,-11.4,-4.4,-2.8,-17.1,-8.7,-11.7,-6.2,-1.2,-1.9,2.2,-3.3,-2.8,-5.6,6.2
2C7L518hT9,0,48.103677,11.625458,4442106.95,2778011.82,534.3,580.1,257,7307,2.0,0.9,0.3,32.64,348.96,-0.529,-0.103,0.842,-1.1,0.1,-0.05,0.16,0.5,0.1,-0.3,-1.2,-0.1,-0.6,0.7,-1.7,-0.2,-0.8,-1.1,-0.4,0.1,-0.2,-0.7,0.7,-0.8,1.5,-0.1,-0.8,-2.3,-1.1,-3.4,4.3,0.9,0.2,0.3,4.2,-0.3,1.3,1.0,-1.0,-3.0,-7.6,-7.0,-5.2,-2.2,-3.4,3.5,-0.0,-1.7,4.1,0.3,2.1,-0.7,6.2,-0.9,-3.9,-1.2,-0.8,-0.3,0.5,-1.0,0.8,2.1,2.3,0.8,-0.8,-1.2,-0.4,-0.7,-0.7,-2.4,-0.8,-1.7,-0.2,-1.1,-2.0,-1.7,-0.2,-2.2,-1.4,-3.3,-1.8,-2.0,-2.0,-0.5,-0.7,-1.7,-0.1,0.3,-2.2,1.3,-1.4,-0.2,-3.0,-1.4,-0.5,-1.3,0.9,-1.7,1.2,-1.8,-1.5,-2.1,-3.0,-0.8,-5.4,-1.6,-1.4,-2.8,-3.9,-1.8,-1.1,-2.0,2.2,-0.8,-3.1,-1.4,-0.2,-2.3,-1.9,-2.0,-3.9,-0.6,-0.2,-3.3,-1.5,-3.5,-4.3,-1.6,-1.5,-2.2,-1.1,-1.9,-2.4,-0.8,-1.4,-0.8,-1.3,-1.8,-1.9,-5.1,-6.1,-2.5,-2.3,-1.5,-2.6,-4.8,-2.9,-8.0,-0.8,-0.3,-0.8,-3.7,-1.7,-0.2,-1.3,-2.1,-0.1,-1.4,-4.0,-2.4,-1.4,-2.7,-3.1,-2.6,-3.9,-2.9,-3.5,-4.9,-3.5,-3.9,-3.9,1.1,-15.3,-8.5,-6.8,-6.4,-2.6,-2.9,-4.6,-4.2,-5.7,-5.1,-6.8,-4.8,-5.0,-3.6,-4.9,-4.1,-2.1,-3.6,-3.2,-3.8,-4.7,-5.8,-3.0,-2.9,-3.1,-3.6,0.6,-6.4,-6.2,-4.8,-7.0,-6.4,-6.6,-4.2,-6.5,-7.3,-7.8,-4.4,-4.3,-5.7,0.6,-2.4,-4.7,-3.8,-7.2,-4.1
2C7L518hTA,0,48.103674,11.625433,4442105.14,2778011.44,530.4,576.1,257,7308,3.9,0.68,0.45,32.64,348.96,-0.529,-0.103,0.842,-1.1,0.2,-0.68,0.3,0.8,0.3,-0.3,-1.1,7.1,4.4,0.5,0.9,-1.7,1.9,-3.6,-3.6,2.1,-1.7,1.7,1.0,1.7,-2.3,0.5,-3.3,-3.4,4.8,-6.8,9.4,-0.4,-2.5,1.9,4.6,1.4,1.7,-0.4,-4.0,-5.0,-2.4,-8.5,-6.5,-3.4,1.7,-10.1,-2.3,-8.1,3.5,10.8,-2.6,4.7,10.1,-0.5,-2.3,0.6,0.8,0.8,2.3,0.6,2.0,4.3,4.9,-2.6,-1.7,-4.4,0.7,-0.9,-0.9,-7.4,4.8,-1.0,1.0,-1.1,-3.0,-0.5,2.2,-0.8,2.8,2.0,2.9,-0.9,2.7,0.6,-1.3,0.3,4.4,-1.3,-0.7,3.9,-2.8,-3.3,-3.4,-2.3,1.6,3.7,0.3,3.2,5.1,0.8,-1.2,5.6,-4.4,-0.2,-3.6,0.0,-8.0,-3.1,-5.7,0.8,1.7,0.4,5.6,-1.7,3.4,1.2,-1.2,1.5,3.2,-11.1,0.2,-11.9,3.0,-4.0,-0.9,-4.3,-4.3,0.9,0.7,-0.8,1.6,1.2,1.6,1.3,2.3,-0.6,0.8,-3.7,0.7,-2.9,-6.0,9.9,3.2,-1.3,2.4,-6.7,-1.5,-5.6,1.3,-4.4,5.6,-5.9,0.3,0.4,-0.8,0.4,-2.7,-8.9,-4.8,1.1,0.3,-3.0,-4.6,-4.3,-1.3,-2.4,-9.7,-6.3,4.1,1.5,1.8,2.6,-12.7,-6.8,1.7,-4.7,-3.1,-8.3,-4.3,-4.5,-9.1,-3.5,-4.1,-1.7,-6.7,-1.0,-3.3,-2.2,1.7,0.5,-0.3,-2.3,-4.4,-4.2,-1.7,-1.2,-3.8,-2.2,0.6,-6.8,-2.5,-0.3,-7.8,-4.7,-6.0,-7.1,-12.5,-16.4,-9.9,-1.9,-0.9,-5.0,-15.4,-5.6,-0.0,-2.2,-7.9,-3.6
2C7L518hVq,0,48.10493,11.635213,4442830.63,2778167.03,546.3,592.0,257,7474,4.4,0.68,0.57,32.68,348.97,-0.53,-0.103,0.842,1.4,0.2,0.69,0.34,1.1,0.3,-0.3,-2.9,-2.8,3.8,-0.3,-2.9,1.3,0.8,-0.1,2.4,-3.4,2.7,1.8,0.6,1.0,1.9,3.9,-7.5,-4.1,0.7,-2.1,-5.6,3.2,-3.2,2.9,2.1,4.7,-3.5,-1.4,-2.7,-14.4,-15.8,-20.3,-1.0,1.1,-0.1,7.4,5.4,3.6,5.3,4.9,-15.3,-14.9,4.0,3.9,1.2,2.6,0.5,0.2,3.4,0.1,-0.3,-0.3,0.6,-0.8,-0.2,-0.8,-2.9,-0.4,-0.3,-3.2,-1.1,-3.1,-4.4,-2.4,-5.2,-0.4,-2.9,-7.6,-4.0,-4.3,-3.8,-2.6,-6.2,-7.1,-2.5,-1.1,-3.5,-0.4,-2.7,0.3,6.5,-9.1,-1.1,-10.7,-1.4,-3.7,6.1,0.1,0.7,2.9,-0.9,0.4,-3.6,-2.0,3.2,-0.8,2.4,1.0,0.5,-1.0,-0.9,0.3,-1.3,2.7,2.2,0.7,1.8,1.1,1.0,0.0,2.7,3.9,-0.1,1.3,0.6,2.9,6.0,0.8,-0.1,1.0,-4.2,-0.9,1.7,0.0,1.5,-0.5,4.5,1.4,2.2,-6.5,1.4,1.3,0.8,0.7,-0.7,-1.9,0.4,-1.7,0.6,2.6,-0.1,1.6,5.7,3.9,7.3,5.0,11.4,7.2,7.6,0.6,-15.0,-13.8,1.7,3.3,1.5,8.3,6.8,8.8,10.3,2.9,-2.9,-9.9,-2.8,-2.1,4.0,-1.6,5.2,4.6,4.8,0.0,0.3,7.6,2.9,2.6,1.3,-4.6,3.9,3.2,6.1,1.7,0.4,7.5,3.5,9.5,2.7,5.5,4.7,6.5,5.0,7.3,4.0,0.7,2.0,3.6,2.2,3.7,8.5,7.7,8.8,12.0,5.2,6.5,10.4,11.1,7.7,5.4,7.5,-5.7
2C7L518yW1,0,48.103684,11.62537,4442100.43,2778012.45,556.5,602.2,258,7297,3.4,0.77,0.51,32.64,348.96,-0.529,-0.103,0.842,0.1,0.2,0.47,0.26,0.8,0.2,-0.3,-5.1,-3.0,-1.1,-1.7,-1.2,3.0,0.3,-1.0,-0.8,-0.2,-0.2,4.1,2.7,-3.7,1.5,-0.6,-3.6,-10.0,-0.6,-3.2,-0.5,1.5,-1.2,-1.0,5.1,3.3,1.2,2.7,4.9,1.8,-6.9,-4.9,2.2,-4.6,-3.4,0.3,2.1,1.2,5.8,-3.6,0.7,-0.2,-2.5,1.4,4.3,2.3,3.2,1.1,0.8,-1.5,-1.6,-0.7,-0.4,-0.4,0.1,-1.8,-3.3,0.5,1.6,-1.2,-4.1,-3.8,6.8,-0.2,-7.5,-3.5,-0.2,-1.2,-0.7,-2.2,-1.3,11.1,-3.6,-4.6,-2.7,-2.5,-3.6,-3.1,-2.9,-3.7,-4.7,-3.1,0.1,-1.7,0.7,9.0,-0.8,-0.4,1.5,-1.6,-3.4,-0.6,-4.4,-1.0,-5.4,4.6,-0.3,2.2,-3.5,1.0,-3.7,1.4,-2.6,0.4,-3.6,-0.1,-0.2,0.6,-3.1,-3.9,-1.8,-2.9,-1.9,-2.7,1.5,-0.6,-4.4,-0.5,-5.0,-4.0,0.6,-1.1,-2.9,0.3,-0.5,-1.7,-2.6,-3.1,-2.5,-2.0,-0.5,-4.5,3.5,-2.5,0.1,-0.6,2.2,-0.8,5.1,0.7,-3.5,2.9,1.5,0.6,-0.3,-0.5,0.5,0.4,-2.4,-2.3,-1.4,-0.5,-1.7,-4.2,-1.9,1.6,0.9,0.0,-0.0,-0.2,-0.6,-1.2,-4.3,-1.2,3.2,-2.2,-0.9,-0.1,-1.4,1.8,-2.5,-2.1,2.5,-0.9,7.3,-2.2,-4.1,-2.5,14.3,1.7,-3.3,-0.6,-3.3,0.5,-7.7,-8.8,-1.6,2.0,-0.2,-4.2,-3.2,4.2,2.4,-5.3,-3.8,5.9,-2.8,-3.8,-0.3,10.6,-6.4,-5.1,7.0,13.7,-0.5,1.5,0.7,-0.5
2C7L518yX8,0,48.104163,11.629099,4442377.04,2778071.8,548.8,594.5,258,7366,2.6,0.85,0.4,32.66,348.96,-0.53,-0.103,0.842,0.1,0.1,-1.42,0.2,0.6,0.2,-0.3,-0.3,1.9,-0.3,1.1,-1.2,-2.2,-1.0,0.9,-1.9,-3.4,-0.7,0.7,0.7,-0.1,0.9,0.4,-1.2,0.6,-0.8,-0.2,-1.6,0.9,-0.9,3.0,2.9,2.0,-1.3,-1.4,-0.7,-0.2,-1.1,-2.4,-3.2,-0.6,2.2,1.9,3.4,4.2,3.4,2.8,3.7,-0.0,0.7,3.7,0.8,1.5,-1.3,-2.2,0.1,1.2,-0.4,0.4,2.4,4.7,1.6,2.1,-0.4,1.0,1.9,1.8,2.3,0.8,2.1,1.4,1.6,-2.1,-0.7,6.1,1.4,-1.6,-1.7,2.9,1.1,1.0,1.5,2.5,2.1,0.2,0.3,3.0,2.7,1.2,3.1,1.3,2.9,3.0,3.2,1.7,0.8,3.1,-0.1,-0.1,0.0,2.3,1.1,1.9,3.1,5.1,3.6,0.5,3.4,7.1,3.2,5.8,3.3,-0.2,5.0,0.0,5.1,-1.0,5.5,2.7,3.8,2.9,4.2,4.3,-0.1,2.3,3.6,4.4,3.0,4.5,2.2,4.8,4.5,1.8,2.4,4.4,6.3,0.9,-2.1,2.8,1.6,1.4,1.0,-0.5,3.5,-1.0,11.0,8.3,-2.8,2.2,7.8,4.8,1.0,7.3,0.2,5.3,2.9,3.0,4.6,9.6,3.2,4.2,4.6,0.4,5.8,2.9,1.8,2.5,1.4,-1.3,4.7,0.9,-1.1,0.4,3.7,3.0,22.8,1.3,1.1,3.8,-5.1,-0.3,-0.2,1.5,2.3,3.3,2.8,2.3,2.0,2.4,0.3,-3.2,3.6,4.6,-3.2,4.3,-1.0,-3.0,-4.9,-1.7,-1.5,-2.5,-1.4,-2.3,1.1,0.0,0.5,0.6,-1.8,-2.4,-0.7,-1.2,0.7,1.5,-0.8,-1.1
2C7L518yXi,0,48.104394,11.630896,4442510.39,2778100.43,534.1,579.8,258,7402,2.9,0.75,0.35,32.67,348.96,-0.53,-0.103,0.842,-0.2,0.1,0.65,0.22,2.6,0.2,-0.3,-1.6,-2.5,-3.0,-2.2,-3.6,-3.2,-3.6,-3.7,3.4,6.5,-2.1,-0.1,-4.4,-4.1,-1.5,-5.3,-2.7,-3.1,-6.0,-2.7,-4.2,-6.9,-3.4,-2.1,-3.1,-4.2,-0.7,-0.3,-6.1,-1.5,-8.1,-13.5,-5.5,-6.0,-3.0,-6.9,-19.0,-2.6,-4.1,-4.8,-4.0,-3.0,-4.0,-4.9,-6.3,-4.2,-3.2,-3.3,-4.0,-4.5,-4.8,-4.0,-3.3,-3.2,-3.2,-1.2,-2.6,-1.8,-1.5,-3.8,-0.2,2.7,-7.2,2.8,-15.8,-2.3,-3.2,-1.9,-4.4,-3.1,1.0,-2.8,-2.0,-2.7,-6.9,-2.0,-4.5,-2.6,-2.7,-6.1,-2.7,-4.9,-3.6,-7.3,-4.3,-9.4,-8.2,-8.4,-10.4,-10.8,-10.5,-7.1,-5.8,-9.9,-11.9,-13.1,-6.6,-6.3,-6.0,-4.2,-7.0,-7.1,-6.7,-6.9,-6.2,-5.1,-6.1,-6.3,-4.6,-5.2,-5.9,-4.8,-3.3,-6.9,-6.2,-2.8,-5.4,-5.1,-4.0,-2.9,-9.8,-3.1,-5.0,-2.9,-4.4,-5.9,-4.2,-4.8,-8.7,-10.3,-10.6,-9.0,-8.3,-9.2,-5.8,-11.5,-5.3,-11.0,-6.3,-2.1,-3.4,-5.6,-5.5,-3.7,-2.7,-3.9,-0.9,-3.7,-2.6,-0.9,-2.7,0.2,-2.6,-2.5,-2.5,-4.6,-5.8,-4.0,-4.7,-2.4,-3.9,-8.5,-5.0,-9.6,-7.1,-7.9,-1.7,-3.8,-5.3,-5.0,-6.5,-6.1,-5.3,-0.5,-3.5,0.3,-1.1,1.8,-11.8,-1.5,-1.2,-1.9,-0.7,-3.9,-3.3,-8.2,-5.1,-7.8,-8.7,-10.3,-12.2,-6.3,-10.6,-11.6,-3.3,-9.7,-11.0,-13.6,-2.3,-9.9,-5.5,-4.5,-2.6,0.1,4.2,-2.3,-1.6,2.5
2C7L518yV8,0,48.103265,11.621959,4441847.31,2777960.25,543.9,589.6,258,7242,3.1,0.81,0.34,32.6,348.92,-0.529,-0.103,0.842,-0.8,0.2,0.0,0.24,0.9,0.2,-0.3,-1.8,-2.3,-4.1,-2.4,-1.5,6.9,-2.9,-1.5,-1.4,4.9,0.4,5.9,-1.4,-1.9,-1.2,-2.7,-2.5,-2.5,-3.0,-2.9,-2.0,-0.9,1.5,-1.3,0.5,1.2,1.9,6.7,1.7,-3.0,-10.9,-3.4,-5.5,-5.2,-4.9,-2.2,-0.1,-0.8,1.4,-0.2,-0.9,6.3,0.6,-0.4,1.9,-0.2,4.7,2.4,0.2,2.3,0.5,-0.8,2.4,-0.7,-0.9,-0.2,2.3,-0.2,-0.4,0.1,-0.0,-6.4,-6.8,-1.2,-15.1,2.2,-1.5,-4.3,-2.9,-1.3,1.4,-1.7,6.2,-1.0,-2.9,-2.4,-1.8,-2.6,-0.8,-0.8,-2.3,-1.1,-3.0,-3.1,-2.6,-3.0,-3.0,-8.5,-2.2,-1.6,-2.3,0.1,2.3,-0.8,-4.0,-1.1,3.1,-2.6,-0.1,0.4,-3.3,-3.9,-2.1,-3.2,-2.4,-2.4,-1.8,0.6,-0.3,-0.6,-3.7,-1.9,0.1,-2.7,2.3,0.2,-2.2,-0.9,-2.1,-0.8,-15.9,-1.7,1.0,-4.5,-4.7,-5.8,6.6,-5.2,-3.3,-3.4,-2.2,-1.6,4.1,-2.0,-3.2,-2.6,-2.7,-3.5,-1.0,-1.4,9.3,-1.2,-2.3,-1.9,-0.2,-1.8,-6.0,-2.0,-2.7,-3.3,-4.1,-4.1,-4.0,-4.5,-3.6,-3.2,-2.5,-3.1,-1.8,-3.8,-3.9,-5.3,-1.5,-1.6,-4.3,1.5,-3.2,-6.8,1.4,-3.2,-3.9,-1.4,0.9,3.9,0.8,-16.2,-4.2,-2.9,-0.4,-4.4,-5.8,-4.9,-4.5,-4.2,-5.5,-5.0,-1.2,-3.6,-3.0,-4.8,-4.9,-0.2,-4.0,-6.4,-6.1,-6.3,-4.8,-5.4,-0.6,-6.5,3.9,-2.8,-5.7,-5.3,-4.9,0.7,-4.8,-6.0
2C7L518yVM,0,48.103373,11.622806,4441910.13,2777973.72,547.8,593.5,258,7256,2.8,0.81,0.41,32.6,348.92,-0.529,-0.104,0.842,-0.4,0.1,-0.45,0.21,1.8,0.2,-0.3,2.4,1.2,2.0,1.1,0.3,2.1,0.0,-1.1,-2.2,1.1,-0.1,2.5,-0.7,-0.4,-0.4,-2.2,-3.3,-2.4,-2.5,-3.2,-2.2,-2.9,-3.0,-2.8,-2.5,-2.7,-6.3,-8.9,-3.4,-7.2,-12.5,-7.5,-9.3,-9.0,-6.6,-4.8,3.3,-3.0,1.1,-0.9,-8.7,-7.2,-0.3,-4.1,-2.2,-1.7,3.5,-1.7,-1.0,1.6,-0.5,-0.5,-1.0,1.6,-1.0,0.7,1.1,-1.3,0.1,1.3,-1.6,-1.4,-9.8,0.9,-1.0,-0.3,0.2,-6.1,1.0,0.6,3.0,-2.8,-1.5,-1.4,0.7,0.7,0.4,-0.3,1.0,-2.1,-3.4,-1.4,-1.0,-0.3,-2.0,-2.7,-1.2,-5.9,-1.4,-1.7,-3.3,-7.7,-8.9,-0.3,-2.0,-3.2,-7.3,-1.1,-1.4,-1.9,-1.5,-0.9,-0.2,-2.1,-0.8,-0.7,-7.3,-2.1,-1.7,-1.7,-1.6,-1.7,-2.3,-1.8,0.4,1.0,-2.5,-1.2,0.5,-0.0,-7.3,-2.5,-0.7,0.6,-0.6,-2.9,-2.4,-1.9,-4.5,-1.8,-4.2,-1.0,-7.1,-0.6,-3.9,-3.6,-2.8,-3.5,1.1,-1.3,0.2,-3.2,-1.9,-0.5,0.1,0.4,13.8,2.0,-0.3,-0.7,-9.4,-1.6,-0.5,-1.5,-0.7,-0.6,-5.5,-2.5,-3.3,-8.6,-5.5,-4.7,-5.2,-2.3,-2.6,-1.1,-2.8,-5.5,1.9,-4.7,-4.4,-3.9,-9.5,-0.2,-1.1,-8.8,-3.9,0.9,-6.4,-0.5,-0.9,-1.3,-2.3,-2.0,-1.4,-3.4,-0.7,-1.8,-3.4,-8.8,-3.0,-4.4,-3.2,-3.7,-7.8,-4.9,-5.8,-6.4,-6.8,1.3,-2.5,-3.0,-3.2,-5.7,-7.6,-1.2,-0.6,-8.2
2C7L518yVN,0,48.10338,11.622855,4441913.79,2777974.51,547.4,593.1,258,7257,2.7,0.81,0.39,32.6,348.92,-0.529,-0.104,0.842,-0.6,0.1,-0.41,0.21,2.0,0.2,-0.3,-0.9,-0.5,-0.7,-2.3,-1.3,0.3,-0.1,-2.3,0.5,-1.5,0.4,1.3,-3.1,-1.9,-4.4,-3.9,-3.3,-3.9,-2.4,-3.8,-4.7,-3.4,-2.5,-2.4,-2.3,-2.2,-4.0,2.0,-1.3,-5.5,-18.0,-7.4,-8.1,-6.4,-5.4,-4.5,-6.4,-2.2,-1.3,-1.3,0.5,-2.4,0.5,-4.1,-3.7,-1.2,0.9,-5.1,-0.7,1.9,2.9,0.9,-1.1,0.3,-0.5,-1.2,0.6,-1.0,-1.3,0.7,1.7,-5.2,10.9,-0.8,-1.3,-1.4,-0.9,-4.9,-1.4,-2.4,1.9,-3.1,-2.8,-1.7,-2.3,-2.2,-2.1,-3.8,-1.9,-3.5,-5.5,-4.8,-2.6,-2.1,-2.0,-3.1,-3.5,-7.7,-2.6,-4.4,-5.7,5.4,-8.2,-2.8,-4.4,-6.8,-5.5,-3.4,-4.7,-5.1,-2.8,-3.5,-2.1,-4.3,-3.3,-3.1,-7.9,-4.9,-3.7,-5.3,-4.5,-3.7,-3.1,-3.4,-1.4,-0.6,-1.0,-2.3,-1.4,-1.0,-5.5,-0.9,-0.7,-1.5,-2.3,-2.9,-3.6,-6.0,-7.1,-4.1,-6.8,-2.9,-9.2,-4.2,-5.2,-4.4,-4.3,-5.0,-1.4,-0.7,-0.9,0.4,-1.7,-2.9,-0.4,-0.1,7.2,0.3,-0.5,-2.6,-6.9,-2.8,-2.3,-3.7,-2.0,-0.4,-3.2,-1.1,-4.2,-0.3,-4.6,-4.5,-6.4,-4.6,-3.0,-5.9,-2.6,-7.2,-1.0,-6.7,-7.2,-6.4,-10.8,2.1,0.2,-9.8,-3.6,-0.7,-4.5,-1.0,-1.7,-0.5,1.8,-3.3,-3.8,-4.2,-7.8,-5.3,-6.2,-10.8,-6.4,-7.8,-7.0,-7.2,-10.5,-7.9,-4.7,-7.4,-11.7,-1.3,-0.6,-2.8,-3.4,-5.9,-7.2,-3.1,-4.7,-8.9
2C7L518yX4,0,48.104142,11.628788,4442353.9,2778068.92,542.6,588.3,258,7362,1.9,0.9,0.34,32.66,348.96,-0.53,-0.103,0.842,-0.5,0.1,-0.09,0.15,0.7,0.1,-0.3,0.2,-0.4,-1.9,-0.6,-1.4,-0.8,-1.6,0.5,0.0,0.1,0.7,0.2,-0.0,-0.6,1.5,-0.8,-3.7,-3.0,-3.5,-0.0,0.8,-0.7,1.7,2.9,1.8,2.7,2.1,1.3,0.5,-0.7,-4.5,-6.4,-3.4,-4.8,0.6,0.8,3.2,2.6,-0.5,1.0,0.6,0.2,3.3,1.5,-0.5,0.4,0.7,0.8,-0.1,2.7,-0.3,1.1,0.5,-0.9,0.5,2.5,0.7,-0.6,-0.2,-2.8,-2.2,0.9,4.4,-0.7,-5.8,-0.9,0.1,3.2,-0.1,1.2,-1.7,1.2,0.2,0.2,-0.5,-0.5,1.2,0.4,-0.9,-0.9,3.4,-2.5,3.4,-2.5,-2.1,1.4,-3.8,-2.5,-2.4,-0.9,-2.3,-1.1,1.3,-2.1,-1.9,-1.4,-0.5,0.5,-1.9,-0.3,-3.0,-4.9,0.8,-1.6,-0.6,-1.6,0.3,1.5,0.6,-2.0,-2.7,-1.7,-0.2,-0.7,0.3,1.0,-0.8,-0.2,-0.7,-0.2,0.6,1.0,-0.1,-1.6,0.1,2.5,-0.9,-2.3,2.7,-1.0,-3.3,-2.3,-1.3,-1.6,-3.2,-3.9,-2.4,-5.8,-3.3,1.3,0.5,-1.4,-2.7,1.9,-0.5,-0.8,0.4,2.4,-1.3,-0.5,-1.0,-2.7,2.2,-1.6,0.4,0.5,-1.6,0.3,-5.1,-4.3,-3.4,-2.7,-2.6,-6.6,-4.3,-0.7,1.8,-0.3,-4.1,1.9,-0.6,-5.4,-6.6,-3.0,-3.3,-0.0,-0.5,-2.1,-5.5,-3.8,-1.4,-0.3,0.8,-2.0,-1.6,0.8,-2.3,-0.3,-3.4,-6.0,-2.7,-3.4,-1.6,-3.9,-3.0,-5.0,-3.6,-1.1,-5.2,-3.5,-2.6,-1.6,-1.6,-1.7,-0.2,-2.8,0.4,1.9
2C7L518yWF,0,48.103762,11.625686,4442123.73,2778021.63,534.2,579.9,258,7311,1.9,0.92,0.21,32.64,348.96,-0.529,-0.103,0.842,-0.7,0.1,-0.18,0.14,0.5,0.1,-0.3,0.2,-0.4,-1.1,-0.7,-0.2,-0.0,-0.7,-1.5,-0.3,2.7,0.1,1.4,0.1,0.1,0.1,-0.2,-0.6,-2.5,2.0,-1.2,0.7,0.6,0.2,-3.0,2.7,1.0,4.3,2.3,0.6,-3.7,-8.4,-5.5,-2.7,-1.3,-0.1,0.4,3.5,0.4,3.6,1.9,2.6,2.0,1.6,-0.3,0.1,0.5,2.3,-0.5,-0.4,0.2,1.5,-0.9,-0.6,-0.9,-0.4,-0.8,1.1,-0.9,-0.3,-2.5,-0.1,-1.0,2.6,0.1,0.2,0.4,-0.5,0.8,-3.0,-3.1,-0.8,-1.0,-1.9,-1.4,-2.5,-2.2,1.2,-0.2,-1.5,0.2,-0.7,-0.2,-1.1,-0.6,-2.2,0.2,1.1,-4.0,0.1,-0.3,-0.8,0.7,-0.6,2.5,-1.5,2.9,0.6,0.6,-1.5,1.8,-2.2,-0.7,-0.5,1.8,0.8,0.2,0.8,-0.6,-1.8,-0.8,-0.6,-1.3,-0.9,-0.5,-0.7,-0.9,-1.4,-0.7,-1.6,-1.1,-0.0,-1.4,-1.2,-3.2,-2.7,-0.8,0.3,-0.8,-0.3,-2.1,-3.2,-0.7,0.9,-0.2,-1.0,-0.0,-0.1,-6.9,2.7,0.3,-0.5,0.1,-1.0,-2.6,-0.7,-2.7,1.9,0.4,-2.0,-2.0,-2.5,-1.6,-3.1,-3.1,-1.8,-2.0,-2.6,-2.0,-1.1,-1.4,-1.0,-0.6,-1.9,-2.9,-3.3,1.2,-2.3,-6.0,0.4,-0.2,-2.8,-4.4,-2.6,-1.3,-1.4,-2.6,-4.0,-2.1,-1.6,-2.9,-3.1,-3.6,-3.6,-3.8,-2.5,-2.7,-2.8,-1.0,-0.9,-3.3,-3.9,-2.5,-1.6,-3.6,-4.1,-2.6,-3.8,-1.4,-2.9,-2.2,-1.3,-1.3,-1.8,-5.8,-9.9,-4.0,7.3,-8.7
2C7L518yWG,0,48.103765,11.625712,4442125.67,2778022.05,532.7,578.4,258,7312,3.4,0.75,0.47,32.64,348.96,-0.529,-0.103,0.842,-0.9,0.2,-0.12,0.26,1.2,0.2,-0.3,1.1,2.5,-1.2,1.7,-1.0,-0.2,-0.3,-2.5,0.7,1.1,4.4,-2.5,-0.1,3.4,1.1,3.4,4.8,-8.0,6.4,-0.3,-0.5,-5.0,3.1,-3.6,6.7,-1.4,6.7,3.7,0.6,-0.3,-6.7,-5.1,-0.8,1.8,0.2,0.7,5.7,4.4,5.9,2.7,6.0,8.6,8.5,1.5,3.1,0.8,3.0,4.1,1.8,-1.4,1.2,0.8,1.3,-0.9,-0.6,1.0,8.6,-1.0,-0.2,-5.6,-0.6,-0.7,3.4,0.2,2.4,1.7,-0.5,0.8,-2.0,0.0,-2.7,-1.0,-2.9,-2.5,-3.1,-1.3,1.4,0.2,14.4,5.5,1.2,2.4,1.2,-0.6,-1.1,-0.8,2.2,-5.1,-0.5,6.9,2.4,0.9,-2.9,4.4,0.9,8.0,4.5,4.2,-3.0,3.1,-1.9,1.2,5.4,2.4,3.5,4.2,3.1,14.4,0.0,0.4,-2.5,0.8,-0.1,5.5,-2.7,-1.5,-0.1,-0.6,0.3,-1.9,0.8,-2.5,-0.6,-1.0,-1.0,0.2,-0.4,2.4,0.5,-0.8,-6.1,-0.9,2.7,2.1,1.8,5.3,1.4,-7.7,5.2,3.5,0.9,5.0,-3.7,-4.6,1.1,-2.0,4.0,0.8,-2.0,0.3,-0.9,-4.4,-0.6,-4.2,-1.8,2.9,-1.9,-3.3,-2.4,-3.1,-4.6,1.3,-4.0,-0.5,-2.6,8.1,-6.1,-3.0,3.9,2.7,-2.2,-3.0,-5.0,-3.7,0.1,-1.7,-5.0,-5.2,-9.4,-1.3,-3.1,-4.5,-5.5,-2.1,-4.1,-6.4,-0.7,1.3,1.6,-1.0,-2.2,-1.1,0.3,-0.8,-4.4,2.6,-6.6,-2.1,-2.4,-1.6,-0.4,-1.1,-0.3,-5.5,-6.2,1.9,11.2,-0.4
2C7L518yXh,0,48.104421,11.630819,4442504.54,2778103.31,536.1,581.8,258,7401,3.4,0.54,0.48,32.66,348.97,-0.53,-0.103,0.842,0.2,0.2,-0.24,0.26,4.9,0.2,-0.3,0.6,4.0,3.7,-4.5,3.1,0.4,0.8,1.8,-1.7,-7.4,-1.7,-2.4,-2.8,-1.4,-5.0,-6.0,-10.7,-6.4,-5.8,-7.2,-5.8,-10.5,-3.2,-9.2,-8.3,-10.0,-4.8,-6.3,-5.0,-11.2,-12.4,-17.8,-11.6,-10.3,-7.0,-10.4,-10.3,-10.5,-5.1,-7.8,-4.0,-3.7,-11.7,-8.0,-7.4,-5.1,-3.8,-3.0,-4.6,-0.8,-2.7,-2.0,-2.4,-0.2,-0.6,-1.8,0.9,0.0,-0.1,0.2,1.5,3.7,-6.0,-6.0,-6.7,3.2,1.7,-3.7,-0.6,-1.1,-0.8,-2.5,-0.4,-1.0,-4.4,-7.8,-8.3,-3.7,-3.8,-4.8,-4.6,-8.2,-3.7,-6.5,-3.9,-14.3,-7.1,-11.3,-8.5,-6.9,-6.2,-6.9,-8.5,-10.3,-7.5,-6.2,-3.4,-10.6,-5.8,-2.7,-5.0,-9.6,-8.4,-3.1,-7.7,-2.6,-0.9,0.6,-2.2,-2.2,-1.4,0.4,-0.6,-0.8,1.7,3.0,5.4,1.5,2.1,2.8,-14.8,1.9,1.0,0.7,-2.6,-4.3,3.6,-3.3,-7.1,-11.8,-7.7,-10.3,-5.8,-8.4,-15.6,-11.2,-15.2,-9.1,-6.7,2.5,1.7,-1.6,-1.5,-0.8,3.0,0.8,-5.2,0.4,-0.0,2.3,-5.8,6.1,-3.3,-1.5,-1.4,2.0,-3.1,-0.2,-2.5,-5.6,-19.8,-8.7,-3.6,-6.7,-7.7,-2.4,-7.5,-15.4,-6.0,-6.6,-8.5,4.4,-1.7,-1.4,-0.7,0.3,0.5,2.2,-12.1,0.1,0.7,1.1,0.4,-1.1,-2.2,-5.1,-4.3,-8.1,-8.2,-9.2,-8.2,-10.9,-11.4,-8.8,-7.0,-11.2,-12.4,-10.0,2.0,-5.8,7.8,-2.7,-1.0,1.8,0.4,-1.7,-1.4,0.6
2C7L518yYc,0,48.104866,11.634287,4442761.82,2778158.48,546.7,592.3,258,7458,2.2,0.87,0.34,32.68,348.97,-0.53,-0.103,0.842,-1.0,0.1,-0.55,0.17,0.7,0.1,-0.3,-2.0,0.6,-2.4,1.1,-0.5,3.2,-1.5,-2.7,-1.2,-8.3,1.9,-2.1,-1.2,0.5,-0.3,1.5,-0.8,0.8,0.4,1.7,0.7,0.5,0.8,3.9,4.6,4.7,5.2,-0.4,0.7,2.2,2.0,-0.7,0.0,0.1,0.4,2.1,3.9,3.9,4.7,4.3,4.7,1.5,3.9,4.8,5.5,4.4,0.8,1.2,3.5,3.4,4.9,4.3,5.3,4.7,4.9,0.9,1.2,2.3,1.3,1.3,1.9,2.1,-0.3,1.7,6.8,-0.0,1.0,0.2,1.9,2.6,-1.2,2.6,-2.7,2.0,1.5,4.3,2.4,-0.4,-0.2,3.2,0.1,-0.7,1.1,-0.8,0.5,2.9,3.1,3.3,0.5,1.3,-0.8,-4.3,-2.3,-2.2,1.6,2.0,-0.1,3.6,2.1,0.3,1.7,1.6,2.0,3.3,1.0,1.2,6.2,4.2,0.4,3.3,0.7,-2.4,2.4,-1.7,-0.3,-0.7,1.7,1.4,0.1,-2.0,-4.8,1.0,-0.9,-1.5,-0.4,3.4,-1.0,0.4,0.4,-0.8,1.2,3.8,-1.8,0.9,2.1,-2.1,2.0,0.6,2.5,0.7,-1.1,-2.1,-0.6,0.2,0.0,-1.0,-2.5,0.4,-1.1,-0.1,-7.3,1.0,4.6,3.3,4.1,-0.1,1.0,-0.3,1.1,0.1,-0.7,-3.3,-0.7,-3.3,-0.4,-2.6,0.9,1.5,-0.9,-1.1,-0.6,-3.2,-6.4,-2.3,-0.6,-6.3,-2.0,-4.3,-7.9,-2.6,-2.3,-1.5,-1.6,-3.1,-4.8,-2.3,-5.3,-2.9,-3.6,-5.1,-3.9,-2.2,-1.3,-0.3,1.4,-5.2,-3.9,-3.7,-3.0,-2.1,-4.1,-2.8,-3.0,-1.4,-1.4,-2.2,-2.6,-1.0
2C7L518yYe,0,48.104856,11.634205,4442755.72,2778157.19,535.0,580.7,258,7460,2.6,0.8,0.42,32.68,348.97,-0.53,-0.103,0.842,-0.9,0.1,-0.75,0.21,1.3,0.2,-0.3,-0.7,-3.1,-3.2,-1.8,-1.9,-5.9,-1.2,-1.6,-0.4,-1.2,1.2,-2.6,-2.1,0.2,1.7,-0.9,-1.8,-2.8,-4.0,-7.0,-5.6,-5.2,-5.5,-2.7,-3.6,-1.9,-4.1,-3.8,-3.8,-3.1,-2.1,-6.3,-4.8,-6.4,-2.3,-1.9,-0.9,-2.1,-0.4,-2.5,1.3,1.3,-4.8,-4.0,-4.5,-2.6,-3.7,-4.7,-1.9,-1.4,0.7,-0.6,1.2,1.8,-3.1,-1.0,1.9,-1.7,-2.9,-4.0,-2.4,-3.6,-2.9,-7.4,-6.8,-4.8,-4.7,-5.7,-6.8,-5.5,-7.8,-9.2,-5.5,-6.2,-6.8,-5.2,-8.2,-3.5,-5.6,-1.6,-6.9,-4.8,-9.3,-3.8,5.6,-3.7,-2.1,-10.7,-3.1,-5.0,-9.0,-6.8,-8.3,-10.4,-5.2,-3.6,-8.4,-3.3,-2.1,-3.2,-4.8,-1.6,-6.4,-2.6,-1.6,-5.1,-5.3,-5.3,-5.2,-5.0,-3.1,0.4,5.3,1.8,4.7,-2.0,3.2,-4.3,-4.3,-4.8,-5.2,-1.9,-6.5,-0.8,-1.8,-3.5,-0.3,-4.0,-3.8,-7.4,-5.7,-4.7,-3.7,-2.3,-4.6,-7.6,-2.0,-7.3,-0.4,-0.3,-2.7,-4.5,-6.1,-2.1,-3.3,-2.6,-2.6,-1.7,-2.0,3.2,0.8,-0.4,-3.5,-0.4,-2.4,-1.6,-0.7,-2.7,-2.0,-2.8,-5.7,-9.9,-10.8,-6.2,-4.0,-5.0,-0.1,-1.6,-3.1,-4.1,-3.2,-4.3,-7.6,-1.6,-6.8,-4.7,-4.4,-2.8,-5.7,-6.6,-8.4,-4.3,-6.9,-2.4,-4.9,-5.9,-8.2,-7.7,-5.6,-8.9,-9.0,-9.2,-8.8,-6.6,-9.1,-9.8,-9.0,-7.1,-4.0,-7.2,-8.6,-5.0,-15.2,-11.0,-9.3,-9.9,-11.3,-8.4
2C7L518yYq,0,48.104952,11.634952,4442811.15,2778169.07,539.3,585.0,258,7472,3.2,0.68,0.55,32.68,348.97,-0.53,-0.103,0.842,-3.9,0.2,1.66,0.25,1.5,0.2,-0.3,2.8,-4.0,0.0,0.7,-0.9,-0.4,-3.1,-2.6,-0.5,3.0,1.4,0.4,-1.3,1.3,-1.2,-0.3,0.9,-0.4,-4.4,-3.5,-7.0,-6.4,-3.5,-2.8,-4.0,-3.0,-6.4,-0.7,-7.5,-1.0,-6.5,-13.5,-6.8,-7.6,-8.6,-5.6,-5.2,-0.2,-5.6,-4.6,-6.7,-2.7,-5.6,-10.8,-7.8,-9.7,-1.1,0.6,-11.1,-1.1,-6.2,-0.1,-1.6,-3.1,0.4,-5.7,-2.4,-1.9,-1.0,-5.6,-10.7,-1.5,-2.6,-5.7,-8.0,-2.6,-4.2,-6.9,-2.3,-2.9,-4.8,-4.3,-1.7,-10.1,-10.6,-11.1,-7.4,-9.3,-9.7,-12.1,-9.1,-7.5,-7.5,-10.3,-9.1,-10.0,-11.0,-9.9,-10.2,-12.6,-12.8,-14.5,-11.4,-14.1,-10.7,-12.4,-11.4,-13.3,-7.6,-11.5,-9.1,-13.1,-4.6,-8.1,-6.5,-13.1,-10.7,-9.3,-13.5,-11.7,-8.8,-11.0,-6.8,-11.3,-7.8,-12.1,-15.4,-11.9,-11.6,-10.5,-12.8,-7.5,-11.3,-10.4,-5.9,-4.8,-14.1,-7.8,-8.5,-18.4,-12.8,-15.8,-15.3,-12.7,-12.6,-18.9,-13.4,-20.1,-12.8,-6.7,-10.2,-14.6,-13.4,-18.9,-11.1,-13.6,-13.4,-11.5,-12.8,-20.1,-13.1,-11.2,-24.4,-23.8,-10.0,-22.6,-16.9,-22.3,-22.5,-21.4,-20.6,-24.2,-17.7,-24.3,-22.1,-19.9,-20.9,-20.3,-17.1,-17.7,-18.1,-19.6,-8.6,-21.0,-21.6,-18.4,-19.0,-20.4,-18.2,-20.7,-21.7,-23.3,-24.0,-21.3,-16.2,-20.4,-15.4,-14.9,-14.7,-17.0,-16.3,-15.1,-16.3,-15.3,-11.5,-16.6,-16.5,-20.3,-18.5,-17.9,-15.7,-17.5,-17.3,-17.4,-16.0,-15.7,-15.2,-15.3
2C7L518yYx,0,48.105004,11.63536,4442841.42,2778175.57,539.5,585.2,258,7479,3.1,0.77,0.47,32.68,348.97,-0.53,-0.103,0.842,-1.4,0.2,-0.63,0.24,0.8,0.2,-0.3,-0.9,-2.6,-0.0,2.8,4.3,2.5,0.8,-2.1,-0.7,2.8,-4.4,-5.9,-2.4,-2.8,1.3,-0.1,-2.2,-4.5,-1.9,-1.6,-2.6,10.0,1.7,3.9,1.7,-3.9,-1.3,3.6,0.0,-0.2,4.1,-5.3,1.9,-2.7,-0.8,2.0,2.1,-2.1,2.9,3.6,2.0,2.6,2.2,-1.7,1.6,2.9,3.4,0.7,0.2,3.3,0.7,-1.5,5.2,10.1,4.5,-3.2,2.5,0.8,2.2,2.3,1.1,2.5,1.3,1.7,0.8,1.7,0.7,-3.0,1.4,4.4,0.4,2.9,1.0,3.8,1.4,0.5,3.0,1.2,-1.8,0.8,1.9,3.9,-6.4,-5.8,7.5,-0.9,2.3,0.8,-3.9,3.5,1.1,-2.8,0.0,-0.6,-0.7,1.1,5.0,-1.6,1.9,-0.0,0.4,-0.8,-1.8,2.0,-1.6,1.1,-0.3,1.6,3.4,7.8,5.7,2.0,2.0,3.0,4.4,-3.2,1.9,-1.5,-0.2,2.6,1.9,2.3,1.3,3.5,-5.0,-1.3,1.2,-5.2,3.9,5.8,-5.3,-3.0,-7.2,-3.0,-10.1,-9.0,-0.1,-6.8,0.2,1.7,-3.5,-3.9,-0.1,-3.7,-11.0,-6.9,-0.9,-2.2,-2.2,-2.1,2.3,4.4,0.2,1.2,4.0,-2.1,-7.4,-1.5,4.3,-6.4,-7.1,-10.1,-0.7,-4.4,-2.7,-1.4,1.4,-3.0,-0.9,-5.9,-2.1,-2.3,-4.3,-5.0,-0.7,-4.1,-3.5,-2.4,-11.2,-3.2,-3.9,-6.6,-3.6,-6.3,-4.6,-4.4,-3.1,-3.0,-4.8,-6.9,-7.9,-6.1,-7.5,-3.8,-5.0,-5.1,-1.9,-6.5,-2.8,-3.5,-2.5,-5.2,-2.2,-2.1,-3.4,-6.5,-3.8,-4.5
2C7L518yZ2,0,48.105011,11.635411,4442845.23,2778176.4,529.4,575.1,258,7484,4.6,0.62,0.45,32.69,348.97,-0.53,-0.103,0.842,-0.4,0.2,-0.69,0.35,0.5,0.3,-0.3,1.1,1.5,1.8,2.7,-0.2,-3.3,2.0,-0.8,2.5,-1.1,1.6,-1.9,-1.5,0.6,2.5,4.0,2.1,-0.9,-1.5,-2.8,-3.1,-1.8,0.2,1.8,1.3,3.3,3.2,-1.7,-1.1,-0.2,3.6,1.5,0.2,0.7,2.4,-5.9,2.8,-0.4,3.3,1.0,2.2,0.1,2.7,3.5,5.1,0.6,0.0,2.4,13.5,-9.2,-5.8,3.5,-11.3,-5.9,1.8,-7.5,-2.2,-1.5,2.8,3.3,-3.4,-4.7,-0.3,1.8,-7.8,-2.3,3.9,-4.2,-2.0,-2.9,-4.2,0.3,-5.0,7.1,4.1,4.2,-0.0,-0.1,-1.1,1.3,-1.7,6.1,-0.6,3.7,-2.2,2.6,-0.1,5.8,1.2,1.7,1.6,-10.3,9.1,7.4,0.6,-8.5,-9.4,4.9,-0.5,-4.1,-4.2,3.6,3.5,4.8,5.6,0.2,0.3,-2.5,-1.3,-2.6,-1.3,-3.0,-7.4,-9.6,-1.0,8.3,-1.4,3.4,13.5,-1.8,-8.6,2.9,2.5,0.5,3.0,6.9,-5.0,-2.4,-6.0,15.3,5.9,4.6,-3.7,-1.9,-9.7,3.0,5.0,3.6,3.8,6.3,14.4,-2.9,4.5,-1.2,8.7,0.8,14.7,-3.0,-1.2,1.2,-0.7,-0.7,0.2,-2.8,-1.6,-2.4,-2.5,-1.6,0.9,0.7,-0.0,-7.2,-0.6,-0.3,0.6,1.9,0.0,-2.9,2.4,1.6,-0.3,-1.0,-3.4,-0.9,-4.7,-3.8,-1.3,-1.1,-10.0,-2.3,4.2,-0.9,-5.4,-0.6,2.6,-2.8,-5.9,3.4,6.9,0.7,2.9,6.7,-9.5,-3.3,-4.8,-2.0,-10.9,10.7,-12.9,-7.6,-6.2,-4.5,-4.2,-3.3,-4.0,-0.2,-4.2,4.8
2C7L518yZ8,0,48.105071,11.635877,4442879.78,2778183.8,534.5,580.2,258,7490,4.7,0.55,0.51,32.69,348.97,-0.53,-0.103,0.842,-1.4,0.2,0.61,0.35,2.4,0.3,-0.3,-2.5,-5.1,-3.9,-0.5,-3.0,-2.5,-8.7,1.4,-8.9,-0.9,-13.9,0.0,-0.1,0.0,3.2,-0.6,-0.6,4.8,-3.0,-8.1,-9.4,-11.0,-8.4,-9.2,5.7,2.7,-3.7,-0.4,-4.9,-7.4,-4.3,-14.5,-6.2,-4.5,-13.1,-5.7,-17.6,0.4,8.2,-1.5,-4.0,-2.4,-1.1,2.7,-6.3,-1.6,-2.0,-3.2,-17.1,-0.9,3.6,-1.6,-7.5,6.3,4.8,-10.0,-5.2,-1.6,-4.9,-1.8,-3.8,3.3,7.0,5.0,1.3,-2.5,-5.3,-6.7,-9.8,-7.8,-6.7,-9.3,-9.9,-6.5,-5.1,-9.3,-9.0,-10.4,-14.0,-12.8,-10.6,-12.8,-10.9,-8.5,-10.5,-12.8,-8.3,-9.3,-5.6,-3.6,-9.0,-10.0,-7.9,-9.6,-5.7,-11.7,-5.1,-16.8,-6.2,-17.2,-10.1,4.3,-8.0,-0.4,-6.3,-7.1,-8.4,-7.5,-8.5,-5.4,-8.0,-4.1,-7.7,-8.3,-5.7,-5.2,-7.1,-3.5,-3.3,-4.6,-2.7,-4.3,-6.6,-8.4,-5.5,3.1,-4.8,-6.7,-8.5,-14.4,-11.7,-10.5,-6.6,-11.6,-13.0,-14.5,-8.6,-8.5,-5.2,-2.8,-6.4,-8.0,-5.9,-10.5,-4.7,-4.1,-6.7,-6.0,-4.8,-2.5,-5.7,-3.6,-9.2,-5.2,-3.9,-7.6,-7.1,-7.5,-7.0,-9.9,-14.2,-14.5,-7.2,-8.7,-10.5,-7.0,-8.9,-3.1,-20.3,-9.3,-13.0,-15.4,-10.9,0.5,-6.2,-6.7,-8.6,-4.9,-15.0,-4.4,-6.9,-5.6,-6.4,-9.8,-11.3,-17.0,-12.1,-12.7,-13.1,-7.4,-24.2,-6.2,-19.7,-10.0,-3.0,-3.1,3.9,-15.5,-9.1,-19.3,-5.7,-6.0,-9.6,-10.7,-5.2,-8.1,-7.2,-5.1
2C7L518yV4,0,48.103275,11.621748,4441831.6,2777961.02,544.9,590.7,258,7238,4.3,0.64,0.49,32.59,348.92,-0.529,-0.103,0.843,-0.5,0.2,-1.12,0.33,0.9,0.3,-0.3,2.2,-1.5,1.1,3.7,-3.0,1.5,-0.9,-6.3,-3.7,-4.6,-3.8,5.4,-3.0,0.6,-3.9,-3.3,4.5,-2.3,2.9,5.1,0.6,0.2,-2.9,0.1,0.0,0.2,4.9,-0.7,5.2,0.6,-14.7,1.1,0.3,0.2,2.6,3.7,4.4,7.1,6.9,11.0,8.4,5.0,8.1,2.3,2.5,-0.3,-10.6,-10.8,1.8,14.3,3.6,3.9,3.1,4.9,-1.3,-2.3,6.6,1.9,2.3,-2.0,-0.4,-2.4,10.0,-2.8,-12.7,8.3,8.6,5.3,-5.5,-4.6,-0.7,-4.4,1.7,-1.4,-2.3,1.0,-0.2,1.5,-0.3,1.2,2.0,-2.4,3.2,3.1,2.8,0.7,3.1,3.4,0.7,3.1,0.7,3.5,8.0,-0.6,0.6,8.2,3.3,2.3,2.5,2.6,2.0,0.3,3.2,1.0,0.9,-0.5,-1.6,0.4,-0.7,4.3,2.9,3.7,0.5,2.8,0.8,0.5,-9.8,5.3,3.3,2.1,2.5,-0.8,2.9,-2.6,-1.2,0.1,-2.5,4.6,2.4,-1.3,-1.0,-0.7,-2.9,-1.1,-0.2,-1.9,0.0,0.5,3.5,3.6,12.0,4.6,4.7,3.9,1.4,2.9,1.7,4.4,1.9,8.4,10.7,-8.6,3.4,3.1,3.0,2.7,2.3,0.0,9.9,5.8,0.8,2.8,-1.2,3.5,4.4,2.9,4.0,0.3,5.9,2.8,-1.7,-1.5,-5.8,-14.9,9.3,5.2,-10.5,-5.3,2.3,-1.4,-5.6,-0.1,-6.5,-0.4,-2.4,7.5,0.4,-1.2,6.2,0.7,3.4,-6.6,-4.0,-7.3,-3.2,-1.9,-0.4,-4.1,-6.9,-3.4,-8.3,2.0,-3.8,-0.0,-3.2,-1.9,-2.0,-0.8
2C7L518yVO,0,48.103403,11.622744,4441905.48,2777976.88,539.8,585.5,258,7258,2.4,0.86,0.35,32.6,348.92,-0.529,-0.104,0.842,-0.8,0.1,-0.52,0.18,0.5,0.2,-0.3,-0.2,-0.2,-2.3,0.5,0.6,3.1,-1.2,1.8,-0.7,-0.2,-2.9,1.7,-2.3,-2.8,-1.8,-0.2,-2.3,-3.0,1.4,-4.9,-8.8,-1.4,0.5,-0.5,-0.3,0.2,4.4,0.4,-0.3,-4.7,8.7,-6.0,-4.5,-4.6,-3.8,-4.3,-3.3,0.0,-0.4,1.7,3.3,-0.5,-1.3,-4.7,-0.7,0.6,1.6,-7.9,-1.2,3.3,2.4,-0.5,0.6,2.0,0.0,-2.5,1.5,0.7,-0.9,0.3,0.1,-2.9,-0.5,0.0,-1.0,-1.7,-2.0,-1.4,-3.0,-3.6,-1.6,-1.8,-2.8,-1.9,-2.6,-1.3,-2.0,0.5,-2.1,-3.9,-2.2,-3.1,-2.1,1.8,-0.4,-1.0,-0.8,-5.4,0.1,-2.8,-3.9,2.0,0.4,-0.5,-3.0,5.6,-1.9,-0.3,-2.9,0.3,-3.7,-1.2,-0.2,-0.3,-2.4,-0.5,-3.4,-1.6,-0.6,-1.5,-4.9,-5.1,-1.6,-0.9,-1.6,-1.2,-1.4,-2.8,-1.5,-0.0,1.9,1.0,-1.2,-1.9,-0.6,2.3,-5.4,-5.1,-5.4,-2.3,-8.6,0.5,4.7,-2.4,-3.1,-1.5,-3.3,-1.9,0.8,-0.3,-1.0,-1.3,-3.4,-0.7,0.5,0.2,-3.1,-1.2,-1.7,-1.7,-0.8,-1.2,-3.1,-3.4,0.4,0.2,-1.7,-1.7,1.0,-0.7,-2.6,-3.1,-1.2,-3.1,-0.4,-4.5,-3.1,-7.1,-2.4,-1.7,-5.0,-4.0,-2.1,-0.4,-0.9,-6.4,0.4,-0.3,-8.3,-0.9,-2.0,-3.0,-0.8,-4.7,-3.6,-2.6,-8.4,-3.9,-3.3,-14.2,-3.1,-3.5,-3.8,-5.1,-4.3,-6.6,-2.8,-5.8,-7.6,-5.3,-0.8,-5.3,-6.0,-5.6,-4.9,-3.6,-6.0,-5.9
2C7L518yVS,0,48.103432,11.622976,4441922.68,2777980.57,537.8,583.5,258,7262,3.3,0.76,0.44,32.6,348.92,-0.529,-0.104,0.842,-0.5,0.2,0.49,0.25,1.4,0.2,-0.3,0.1,-2.0,-1.3,0.8,2.8,0.2,2.0,1.5,0.4,-7.4,0.3,-0.9,2.9,1.3,8.8,2.8,3.2,-0.3,1.6,-2.7,1.4,8.2,0.9,0.5,1.1,4.8,3.3,2.6,-0.8,-3.2,9.8,-2.7,-0.3,2.0,2.2,-0.9,1.2,6.0,4.5,2.3,4.7,1.2,4.9,3.5,2.6,1.6,1.9,-1.1,0.3,0.6,-2.9,1.4,3.1,5.1,2.3,2.5,-1.2,1.5,-1.0,-0.7,-0.4,0.4,1.4,1.6,2.0,-2.8,-5.6,-1.1,-1.0,2.8,0.1,4.1,-0.9,0.7,1.9,3.5,4.9,3.3,2.0,3.9,2.7,3.0,0.4,-0.2,1.6,5.1,7.3,-4.5,2.6,-0.3,5.0,-2.4,-0.1,0.7,1.2,6.7,2.0,1.8,2.6,4.7,-1.9,0.3,2.7,-0.2,3.0,4.0,1.3,12.4,1.7,0.1,-2.3,0.6,-2.6,-0.3,-0.2,-1.2,-5.7,-4.0,-2.4,-0.6,-2.6,-2.7,-2.1,-0.2,-0.0,-1.0,-3.9,-2.2,0.2,-5.6,-5.5,3.4,-6.5,3.4,-0.5,-1.4,1.6,-1.5,2.2,1.1,-4.3,3.6,-0.3,-4.9,-1.2,-1.0,-0.5,-3.5,-3.4,1.1,-3.8,-4.3,-2.9,-3.2,-1.1,-1.2,-0.8,-3.3,2.1,5.2,-1.1,-2.4,0.8,-2.5,2.5,0.5,-10.8,-4.1,2.2,2.9,2.1,-0.4,5.0,-13.8,3.4,-4.8,-10.1,-2.8,0.2,0.4,0.5,-1.3,7.0,2.2,1.1,7.3,3.5,0.5,3.5,1.6,10.5,9.8,2.2,0.4,-0.5,-1.0,1.9,-0.4,-4.9,-6.1,2.3,0.5,-0.9,-1.6,0.6,-7.9,-2.4,2.0
2C7L518yX9,0,48.104216,11.629075,4442375.15,2778077.61,545.7,591.4,258,7367,3.5,0.77,0.43,32.66,348.96,-0.53,-0.103,0.842,-0.4,0.2,-0.39,0.27,0.4,0.2,-0.3,-1.0,-0.0,-2.5,-0.5,-0.7,5.5,-2.0,-5.6,1.2,3.7,-0.5,-2.9,-4.0,1.2,-1.1,3.9,16.6,-5.4,-4.3,-7.9,0.0,10.0,0.7,-3.4,1.5,-5.1,6.2,5.2,-0.5,1.0,-0.2,13.2,-1.3,1.0,-2.0,-1.1,2.7,7.1,-5.9,-3.6,-0.7,3.3,6.4,-2.9,-4.8,-1.0,1.8,10.1,3.0,11.9,4.5,-1.8,1.6,1.9,3.7,2.5,2.4,1.6,2.2,2.7,3.1,1.6,0.2,-0.8,-1.0,3.6,1.9,0.7,0.3,1.8,2.0,3.1,-0.0,2.3,1.6,2.9,1.4,2.7,2.7,-1.3,3.7,0.6,1.2,1.8,2.9,2.3,2.5,-2.9,-2.6,-1.5,0.1,1.2,1.3,2.5,3.2,2.4,1.3,0.1,1.6,3.8,1.4,3.8,7.4,3.2,1.4,8.5,3.3,6.9,3.7,5.9,1.8,1.8,1.3,0.3,2.5,2.7,1.6,2.3,2.7,0.6,-3.7,-0.2,0.0,0.4,0.3,-3.1,1.0,0.9,2.1,-1.9,4.9,-3.2,-0.7,-3.5,-5.3,-2.1,-3.2,-0.2,7.9,2.0,-1.2,2.7,1.7,0.5,2.8,0.5,1.3,1.6,-0.6,0.1,7.0,3.9,2.2,3.1,1.8,2.5,1.8,1.8,2.0,1.1,-3.2,-3.1,2.3,-4.9,-4.0,-3.3,1.7,-4.0,-0.1,-1.3,-2.7,-3.0,0.7,-1.8,-1.7,0.7,-0.4,2.9,-7.2,-0.6,-2.3,-1.1,-0.9,1.1,-0.6,0.9,1.4,3.0,2.6,-0.6,-4.1,-1.9,-0.2,-1.9,3.5,2.2,-3.3,16.9,2.2,-3.2,-1.8,-0.9,-5.7,-3.4,-0.3,-0.9,2.1,3.0
2C7L518yXA,0,48.104212,11.629049,4442373.22,2778077.2,541.7,587.4,258,7368,2.0,0.9,0.31,32.66,348.96,-0.53,-0.103,0.842,-0.9,0.1,-0.32,0.16,0.6,0.1,-0.3,1.0,-0.2,2.5,1.0,-1.3,0.1,2.9,2.2,-0.6,-0.5,0.8,2.1,-1.2,-0.6,-0.4,1.7,1.0,1.0,-0.8,-0.7,-3.3,1.4,-0.5,4.9,3.6,3.7,1.1,1.0,-1.0,0.1,-2.9,0.7,0.7,1.0,4.8,1.5,2.0,5.5,3.8,3.2,-0.3,-0.1,-0.4,2.7,1.0,1.0,-1.5,0.3,0.1,0.2,-1.4,1.2,0.3,2.0,1.2,-0.5,-0.6,0.1,0.8,-0.4,-0.9,-0.4,4.4,-0.1,-0.4,2.1,0.3,1.7,0.7,1.3,1.9,2.9,-3.0,3.5,1.4,2.0,1.2,-0.1,1.9,1.7,1.3,1.9,0.3,-1.4,0.3,0.6,3.3,-0.1,2.7,0.9,0.4,-2.7,-1.5,0.1,0.8,-0.8,-2.0,1.1,0.4,0.0,-0.3,-0.7,1.5,0.0,0.8,0.8,0.7,0.9,1.5,-0.2,1.0,0.8,0.6,-1.1,-0.2,0.3,-3.2,-0.2,-1.8,-5.2,-0.6,1.0,2.8,-1.5,3.9,5.7,0.4,0.6,3.1,-1.1,1.2,3.0,1.5,0.4,-3.3,1.0,0.2,0.1,3.0,-0.1,-3.3,0.3,-2.0,-1.4,-2.0,-8.8,-1.2,-0.8,-1.4,-1.8,-1.3,-1.8,0.5,-2.6,-1.0,-2.9,-2.7,-2.7,-3.3,1.5,-1.2,-1.0,3.0,-0.0,-1.4,0.2,-0.1,1.8,-4.2,-0.8,-0.0,1.0,-2.9,-4.3,-2.1,-0.4,-0.3,-0.7,-10.9,-5.3,-3.6,-3.8,-4.7,-2.1,-1.1,-2.3,-1.8,2.3,-0.1,-1.7,-5.7,-5.1,-3.0,-4.4,0.7,-2.1,-2.0,-0.3,-2.1,-3.2,-3.6,-1.6,-2.4,-13.4,-0.4,-3.6,-1.3,-0.8
2C7L518yXf,0,48.104424,11.630696,4442495.38,2778103.42,534.1,579.8,258,7399,3.1,0.77,0.39,32.66,348.97,-0.53,-0.103,0.842,-0.5,0.2,-0.45,0.23,1.8,0.2,-0.3,0.3,1.7,0.5,-2.7,-1.0,4.4,-1.4,1.8,-0.4,0.6,0.4,0.1,-1.3,-0.1,0.2,-0.4,-3.5,-4.4,-3.9,-4.7,-4.4,-3.4,0.4,-3.3,-4.2,-3.2,-0.1,0.7,-1.5,-5.0,-2.2,-4.8,-7.5,-8.3,2.0,-6.1,-0.4,-0.9,-6.9,-3.7,0.3,-2.1,-3.0,-2.5,-1.3,0.2,-0.3,0.5,-0.6,1.0,-0.9,1.0,-1.2,0.7,0.5,2.1,0.7,1.3,0.2,-0.1,0.9,6.3,-5.1,8.0,11.3,0.8,0.6,-3.1,1.2,0.1,0.2,2.1,-1.9,1.8,-0.9,-2.8,-1.2,-1.8,-2.0,-4.8,-1.3,-4.6,-0.9,-1.8,1.4,-4.3,-1.4,-5.9,0.6,-1.2,2.3,-0.3,0.0,-1.4,2.1,3.5,0.5,-4.3,1.8,0.3,-2.5,-4.4,-3.4,-2.7,-3.2,-0.5,-0.6,0.4,0.4,-0.6,-0.3,-1.3,3.2,-0.4,1.8,-0.5,-6.0,-2.1,0.8,1.0,-10.6,-1.9,-0.9,1.2,0.9,-5.5,-0.0,1.8,-0.2,-4.3,-3.4,-2.9,-3.0,-4.7,-6.9,-5.0,1.8,-7.6,2.1,0.7,-0.8,-3.4,-1.0,-3.1,1.2,-0.8,-2.0,-3.2,-1.6,0.4,-0.4,3.0,-0.4,1.1,-0.1,-5.0,1.4,-5.0,3.7,-1.1,-7.0,-8.9,1.5,-4.3,-6.6,-0.1,-2.4,-4.8,0.9,-2.1,-6.0,-9.0,-6.7,-0.6,-4.9,11.4,1.8,0.5,-10.9,5.1,-0.5,-0.7,5.0,0.8,-1.6,0.1,-7.5,-2.1,-6.3,-6.7,-4.0,-7.5,-8.6,-3.2,0.9,-6.0,-9.6,-1.7,-7.1,-1.8,-5.2,-3.2,-7.3,-0.7,-3.0,-6.2,-0.2,4.4
2C7L518yXz,0,48.104583,11.631933,4442587.18,2778123.1,540.4,586.1,258,7419,2.9,0.8,0.44,32.67,348.97,-0.53,-0.103,0.842,-0.8,0.1,-0.29,0.22,1.6,0.2,-0.3,-0.2,4.3,-0.5,3.7,-2.3,-13.4,-1.6,2.5,0.3,-0.7,1.3,-0.2,-0.6,-0.1,0.7,0.2,-5.3,-4.0,-7.6,-6.5,-2.1,-5.1,3.5,-4.2,-6.2,-6.7,6.0,1.9,0.9,-5.9,-6.0,-6.9,-1.1,-7.4,2.6,-0.9,-1.3,0.4,1.0,-2.0,3.1,0.7,0.7,-2.7,2.2,0.5,0.5,0.1,-0.8,0.2,-3.9,0.8,-0.6,1.6,1.0,0.1,1.6,2.9,-0.9,-1.0,2.8,1.9,-1.4,-2.9,-4.8,0.6,0.3,-3.5,0.2,0.2,-1.4,-0.9,-0.4,-1.9,-3.7,-1.0,-1.1,-2.1,3.3,-3.2,-2.3,-0.9,1.4,0.6,-0.8,-2.1,-3.9,-3.8,-4.9,-5.7,-4.7,-4.7,-1.9,-5.0,-2.7,-1.0,-2.3,-1.9,2.9,0.8,-2.6,-3.6,0.7,0.1,-0.9,-1.7,4.7,-2.6,-0.7,-1.9,-2.9,1.2,-0.8,-1.1,0.2,-0.3,4.2,-1.2,1.5,1.6,-2.3,-0.2,-2.2,-3.5,-3.1,-1.3,-0.3,-0.5,-3.0,-7.8,-1.9,-2.6,-5.0,-4.7,-5.6,-6.9,-4.5,-8.1,-1.1,-0.8,-5.4,-3.4,-1.9,1.4,2.3,-1.4,4.3,0.4,-1.0,0.0,-12.9,-3.2,-1.4,-5.7,-4.2,-2.9,-1.9,-1.7,-1.5,-4.2,-4.4,-6.8,-1.4,-15.5,-4.9,-1.1,-1.9,-5.4,1.3,-0.4,2.3,-7.5,-7.3,-3.5,-4.3,-2.0,0.9,-2.8,-4.6,-0.9,-3.8,-3.0,-0.6,-2.6,-4.0,-5.8,-8.0,-2.4,-6.0,-6.2,-12.5,-7.5,-4.7,-0.4,-3.1,-4.8,-6.5,-5.9,-0.5,-1.8,-5.5,-4.3,-8.5,-4.2,-4.0,1.1,-4.9,-2.2
2C7L518yYN,0,48.104747,11.633209,4442681.81,2778143.41,536.3,582.0,258,7443,4.3,0.68,0.5,32.68,348.97,-0.53,-0.103,0.842,-0.9,0.2,0.33,0.33,0.3,0.3,-0.3,-0.4,-3.2,-2.5,-1.2,0.5,-0.5,1.9,4.7,2.8,-3.9,-3.5,0.5,1.0,3.7,6.1,-15.6,3.3,3.7,0.5,5.1,-1.6,-3.9,0.1,5.1,0.4,-2.6,-3.5,5.2,-1.3,-4.1,-20.2,-3.7,0.7,-4.4,-5.4,-1.4,2.9,-3.0,-1.4,-2.2,-1.5,3.0,-4.0,-5.4,-2.8,1.3,-3.8,-9.4,-3.0,-3.7,-4.9,-6.3,-6.6,-3.6,-3.1,-9.1,-3.5,-1.1,-1.8,3.2,-1.0,-4.9,8.6,-3.2,-11.2,-7.2,-13.4,0.3,2.4,2.6,1.5,-4.2,-15.1,-7.6,-12.7,-11.1,-6.2,-3.2,-10.8,7.2,-1.4,-2.7,-5.3,-2.4,0.6,-8.5,-2.3,-1.0,-2.0,-3.9,-0.8,-0.8,0.8,2.6,2.6,-13.2,-0.9,-4.0,-1.5,-8.4,-4.1,-1.1,-0.2,2.0,-2.7,3.0,-5.4,-1.5,-3.9,-1.3,1.0,-9.7,-2.9,-1.8,-2.8,-4.5,-3.3,-5.6,-5.9,-5.3,-2.8,-1.9,-4.3,1.4,-4.2,0.4,-4.2,-4.7,-2.4,-12.0,-6.1,-2.5,1.0,-5.9,-2.7,-5.2,-1.5,-8.5,-4.0,0.7,-0.0,-0.3,-6.4,-5.4,-6.6,-3.5,-16.1,-5.0,-6.4,-3.7,-1.7,-0.6,-5.3,-3.4,-6.4,-3.4,-1.6,-2.8,-1.9,-4.0,-3.4,-12.5,-1.1,-8.8,-11.8,-1.8,-6.4,-1.5,0.9,-0.6,-5.5,-7.0,-6.1,-2.4,0.7,-2.3,-3.1,0.1,-18.1,-2.6,-3.8,-1.6,-2.2,-2.8,-7.5,-3.7,-1.6,-6.2,-10.8,-9.5,-6.7,-20.9,-0.2,-8.1,-5.8,-4.5,-5.8,-3.1,-4.3,-6.1,-5.1,-5.7,-5.4,-6.8,-5.8,-2.4,-3.8,-4.0
2C7L518yYk,0,48.104925,11.634595,4442784.6,2778165.45,539.1,584.8,258,7466,2.7,0.76,0.31,32.68,348.97,-0.53,-0.103,0.842,2.3,0.2,0.04,0.26,0.9,0.2,-0.3,-3.4,-2.6,-2.4,-1.7,-2.8,0.1,-1.0,-3.3,-1.1,-2.6,-1.7,-2.8,-2.0,-2.9,-1.4,-1.8,-3.2,-3.4,-3.8,-5.6,-4.8,-4.2,-2.7,-1.5,-1.5,-1.3,-0.1,-1.2,-2.2,-3.5,-2.2,-6.6,-7.0,-5.3,-2.6,-2.4,-2.1,-2.4,1.2,-3.3,-1.0,-2.6,-3.5,-1.9,-3.7,-1.6,-4.6,-6.6,-2.0,-3.5,-1.7,-2.5,-0.8,-1.7,-2.9,-2.9,-3.8,-3.2,-3.0,-2.2,-2.5,-2.0,-2.0,-3.2,-3.3,-5.1,-4.0,-5.4,-3.6,-2.9,-5.0,-2.0,-1.9,-2.0,-4.1,-3.7,-3.0,-2.8,-3.3,-4.0,-3.6,-4.2,-2.2,-3.7,-2.4,-5.5,-2.1,-4.1,-3.5,-3.1,-2.8,-3.7,-5.4,-7.4,-1.0,-3.5,-5.0,-2.6,0.6,-2.5,-4.5,-4.2,-3.3,-1.1,-2.7,-4.3,-2.2,-4.0,-4.0,-4.2,-3.8,-3.9,-2.8,-2.8,-4.7,-6.5,-2.4,-5.3,-4.3,-7.7,-4.4,-4.3,-4.8,-4.1,-5.1,-4.9,-4.9,-3.5,-4.5,-8.6,-4.6,7.1,8.0,9.1,9.3,7.5,6.7,2.1,7.8,8.0,10.7,7.8,4.6,3.3,9.0,6.6,17.0,5.1,5.7,5.4,4.7,9.8,7.4,7.9,6.9,7.9,9.8,4.9,5.4,4.5,4.3,5.0,5.1,1.3,3.3,8.1,6.4,9.7,7.2,6.5,5.3,5.7,4.8,6.7,4.6,4.6,5.2,5.8,-0.4,6.4,5.7,7.3,6.1,5.2,4.6,4.7,3.6,6.5,3.6,2.0,0.8,3.3,2.1,4.1,5.4,4.0,4.5,3.3,4.7,5.9,5.0,2.8,3.0,4.8,3.2,3.5,2.7,2.8
2C7L518ya0,0,48.105485,11.63896,4443108.47,2778234.93,534.1,579.8,258,7544,3.8,0.69,0.46,32.7,348.97,-0.53,-0.103,0.841,-0.6,0.2,-0.49,0.29,1.6,0.2,-0.3,-0.4,3.2,-0.5,4.3,3.5,-0.6,-2.0,3.0,-0.4,-5.7,3.2,-0.7,-0.0,4.6,1.1,0.3,-5.7,4.7,-0.3,-3.8,-2.8,7.0,2.4,3.4,-0.3,1.4,-2.1,-0.1,7.4,4.6,-4.1,6.8,0.4,-6.1,-2.5,3.9,1.1,1.9,-5.6,4.2,-3.0,-5.5,-4.7,2.2,1.6,-3.0,-5.1,-14.3,8.1,-1.7,-0.2,-5.9,3.5,3.8,-0.4,-1.5,-3.8,-0.5,-1.7,-3.7,3.4,-2.6,-1.2,-0.3,-0.5,1.4,3.1,2.3,3.9,5.5,4.0,6.7,-2.9,0.9,0.1,7.9,0.1,-3.8,1.6,-2.3,-1.4,-3.8,-5.5,-0.6,-0.4,3.0,2.0,-1.3,2.7,-1.8,-1.7,-11.6,-5.6,-1.1,-5.1,-2.0,-6.6,0.2,3.1,2.2,1.1,7.4,3.2,5.8,3.3,-2.7,-6.1,-0.1,0.6,0.7,1.9,3.4,-0.3,6.4,1.1,2.0,-2.3,2.0,-3.2,-4.1,0.0,1.5,0.1,6.3,7.0,7.0,2.1,-0.1,2.4,1.6,1.4,2.7,1.2,-2.0,-1.7,-4.9,-2.2,-3.1,-1.1,1.9,-3.0,-4.9,-7.6,-0.9,-0.0,-3.1,0.4,-0.3,3.0,-0.4,-0.5,-2.7,-7.1,-4.4,-3.1,-3.5,7.4,-2.7,2.3,-1.5,2.3,-1.8,-2.0,-6.4,-5.8,-3.9,-2.8,7.3,-6.7,-7.9,-7.7,-2.3,-5.1,-3.0,-7.0,-0.1,-1.9,-0.8,1.3,-2.7,0.3,3.0,12.3,2.1,-1.6,-3.9,-1.2,0.8,-0.3,-2.3,-3.6,-2.9,-7.7,-0.8,-3.1,-3.9,-1.4,-3.8,-4.2,-5.5,-9.0,-10.7,-2.3,-3.2,-12.0,0.3,6.3,-3.1
2C7L518yV7,0,48.103303,11.621825,4441837.27,2777964.32,540.9,586.7,258,7241,3.2,0.81,0.32,32.6,348.92,-0.529,-0.103,0.842,-0.1,0.2,-0.28,0.25,1.0,0.2,-0.3,0.5,-1.7,-1.3,-0.6,0.1,-14.9,-1.7,0.8,-1.3,3.5,0.7,7.3,-0.9,-0.4,-0.7,-0.7,-1.3,-1.6,-1.5,-0.8,-0.5,0.2,0.3,-1.3,-0.0,1.0,1.9,6.1,2.7,-2.3,-17.7,-3.5,-4.9,-3.4,-4.0,-2.8,-1.6,-1.4,1.5,-2.4,0.9,3.8,1.8,0.4,1.8,0.5,0.9,1.5,0.5,0.8,0.7,0.7,1.4,0.2,-0.8,0.5,2.1,2.8,1.9,0.1,0.6,0.5,-4.4,0.3,-15.0,4.7,0.9,-1.8,-3.8,-0.9,0.4,-0.7,2.8,-1.8,-1.7,-1.0,-2.2,-1.6,-0.9,-1.0,-2.6,-1.8,-1.0,-0.8,-0.5,-1.6,-3.0,-6.2,-0.4,-0.1,-0.2,4.6,1.1,-0.3,-0.7,4.7,1.6,-2.6,0.1,-0.8,-3.9,-1.4,0.3,-0.8,-0.6,0.4,0.5,1.5,-0.3,1.2,-1.2,1.1,-0.5,0.8,1.3,1.6,-2.5,-2.5,-0.0,0.2,7.7,-3.9,3.1,-2.7,-2.1,-0.5,2.5,0.9,-0.8,-1.3,-0.7,-1.6,2.0,-3.0,-3.4,-3.4,-2.3,-1.1,-1.0,2.4,8.9,-1.1,-1.0,0.8,2.3,1.4,-8.9,0.7,1.1,0.3,-1.3,-2.8,-1.6,-3.3,-2.3,0.4,0.0,-0.3,-1.5,-1.1,-1.5,-3.3,-0.5,-1.0,-0.6,3.2,-0.6,-7.4,2.0,-1.0,0.9,-1.9,7.6,5.6,5.1,6.9,-1.3,-1.0,-1.4,-0.7,-3.1,-2.4,-3.7,-1.7,-2.6,-4.3,1.6,-3.4,-1.4,-1.6,-2.6,0.6,-4.0,-5.3,-6.1,-5.6,-3.1,-4.4,5.6,-7.6,5.6,-0.6,-9.6,4.6,-0.9,3.3,-1.6,2.5
2C7L518yVq,0,48.103642,11.624462,4442032.84,2778006.26,545.0,590.7,258,7286,3.8,0.71,0.43,32.64,348.96,-0.529,-0.103,0.842,-1.8,0.2,0.98,0.29,1.0,0.3,-0.3,-0.3,-1.1,0.4,-0.1,0.7,-0.0,0.7,0.4,0.4,0.2,1.5,0.7,1.8,0.3,1.3,0.9,-0.5,-0.7,-0.2,-0.9,-0.3,-0.2,0.3,-1.4,2.1,2.0,2.1,0.5,-0.5,-3.5,-10.7,-5.5,-3.0,-3.3,-2.1,-1.5,2.8,0.3,1.7,1.5,2.3,1.0,3.0,-0.5,1.6,0.2,0.6,0.4,-0.1,1.0,1.0,0.3,0.6,0.9,0.8,-0.0,1.1,-0.2,-0.2,-0.7,-0.9,-0.0,-3.0,-0.1,-1.8,0.0,-1.2,-1.6,-0.6,-0.1,-0.1,0.8,-1.2,0.6,0.1,-0.4,0.2,1.1,-0.4,-1.2,-0.7,-0.8,-1.3,-0.4,-0.5,1.1,1.2,-4.2,-1.4,-2.4,-0.1,-1.9,-1.3,0.7,-2.3,3.3,-1.0,-0.8,-1.5,1.5,0.1,-1.0,0.1,0.6,-1.4,0.8,-0.2,0.5,-1.3,0.4,-1.9,-0.8,-8.8,-3.6,-3.0,-5.5,-0.7,-11.0,-16.1,-10.4,-4.2,-1.3,-1.8,0.6,-12.0,-3.5,-12.9,-6.7,-5.9,-3.3,-9.8,-3.5,-11.1,-2.1,-4.3,-6.3,-0.6,-5.2,-3.1,9.1,-17.1,-3.6,-8.9,-18.8,-14.6,-8.5,-8.7,-9.5,-12.8,-10.5,-3.4,-12.3,-15.8,-15.7,-7.6,-5.3,-11.4,-12.8,-3.3,-2.0,-16.7,4.6,-15.4,-4.2,-12.9,-4.5,1.0,-0.6,3.6,2.1,0.9,-5.5,-2.2,-4.5,-3.2,-5.0,-6.3,-5.5,-9.1,-5.7,-8.0,-9.4,-5.4,-7.2,-2.3,-4.0,-2.9,-0.4,2.6,-6.3,-5.0,-5.2,-10.6,-8.0,-8.4,-8.4,-6.5,-7.1,-7.9,-7.3,-6.2,-8.2,-8.8,-5.8,1.0,-4.5,-7.5,-3.3
2C7L518yW4,0,48.103781,11.625547,4442113.37,2778023.51,557.8,603.5,258,7300,2.8,0.82,0.34,32.64,348.96,-0.529,-0.103,0.842,-0.9,0.1,-0.1,0.21,0.8,0.2,-0.3,0.7,-1.9,-4.5,-0.7,-4.2,0.9,-4.2,3.6,-0.6,1.8,-2.8,3.2,-5.3,-3.4,0.4,2.5,3.5,2.2,1.5,2.7,-2.3,2.9,4.0,-1.0,-2.4,1.6,0.8,4.0,0.5,2.9,9.3,4.5,-3.0,3.2,-3.6,7.5,2.0,3.0,-1.0,1.1,4.1,4.5,1.8,6.0,0.2,-0.3,2.9,2.2,-3.0,2.3,-3.5,-1.6,-2.2,0.9,2.9,-1.7,-0.8,0.3,2.0,1.6,-4.6,2.5,2.6,2.5,-0.3,2.3,1.9,1.2,-2.1,-3.1,1.5,0.2,0.3,0.4,0.3,4.1,1.2,0.5,1.7,1.4,-0.7,1.2,0.3,-2.1,-3.8,3.5,-2.3,-1.8,1.3,-3.2,-2.8,-1.6,-2.4,-1.3,-3.9,1.1,0.1,-0.0,-2.9,0.6,-0.4,1.6,1.9,2.0,0.9,-1.0,1.0,0.0,-1.5,-0.1,-2.2,-2.6,-2.7,-2.2,-2.9,-1.9,-3.1,-2.9,-3.8,-3.3,3.1,-2.1,0.6,-2.1,-2.0,2.0,-1.3,-1.1,-2.2,-2.2,-1.8,-3.0,0.2,-2.6,-4.6,-2.7,0.2,-5.5,0.7,0.5,3.4,1.3,-0.6,-1.2,-1.2,-3.1,-1.0,-3.4,-2.9,-0.4,-1.2,-0.2,1.2,-3.1,0.1,-0.9,-2.7,3.2,-1.5,-0.2,5.7,1.7,2.6,1.4,-0.8,0.2,-1.3,1.8,3.6,-1.8,4.5,-1.4,-11.1,-1.0,-14.2,-3.5,-6.1,-3.4,-2.5,-3.5,-2.8,-4.5,-2.5,-7.3,-2.6,-6.7,-4.8,-3.2,-2.1,-5.8,-6.7,-4.0,-3.7,-4.1,-1.2,6.4,0.4,-5.9,-6.0,-4.0,-6.6,0.6,-5.3,-1.7,0.5,-0.7,-4.1,-3.4
2C7L518yXc,0,48.104428,11.630579,4442486.68,2778103.62,536.9,582.6,258,7396,2.2,0.88,0.33,32.66,348.97,-0.53,-0.103,0.842,-0.1,0.1,-0.28,0.17,1.4,0.1,-0.3,0.8,0.7,0.8,-0.9,-0.2,0.8,0.3,1.9,1.1,-3.9,1.2,2.0,-0.9,0.4,-2.8,-1.4,-1.0,-1.0,-1.6,-2.3,-3.4,-2.8,-0.2,0.5,-2.4,-1.7,-1.4,-0.1,-2.8,-3.9,-4.7,-7.4,-7.0,-6.8,-2.8,-4.3,-2.7,-0.0,-2.0,-2.2,-1.3,-2.2,-0.6,-0.6,-2.2,-0.8,-6.2,-2.0,-2.0,0.4,1.1,0.3,0.2,0.6,-0.8,-0.2,0.5,0.3,-0.0,1.6,0.8,4.1,-3.9,3.5,-13.3,2.0,0.7,-2.0,1.3,0.2,2.2,-1.1,2.5,0.3,-1.4,0.1,-0.7,-2.5,-2.3,0.3,-1.2,-2.3,-1.9,-4.4,-1.4,-0.8,-2.9,-0.6,-1.2,-2.5,-3.5,-2.2,-1.5,-4.6,-0.9,-2.1,-0.6,-0.6,-1.4,-1.7,-2.1,-0.7,-1.9,-1.2,-1.5,-1.3,-0.3,-0.3,-1.4,-1.3,-1.2,-0.7,-0.1,-2.5,-1.3,-0.8,-7.1,-1.1,0.5,-0.2,-8.3,1.4,1.0,0.2,-0.9,0.5,1.4,-1.4,-2.0,-4.8,-3.3,-0.7,-2.8,-4.4,-3.5,-3.1,-0.5,-4.4,-0.8,2.3,2.3,-1.4,-1.3,-0.5,0.3,1.4,-1.7,0.9,1.3,1.8,-0.3,5.3,2.0,1.9,1.3,0.9,-0.6,-0.4,-0.0,-0.3,-2.0,-4.7,-1.2,-3.6,-4.2,-0.8,0.0,-1.6,-0.4,-3.5,-2.7,-2.0,-4.4,-2.8,-2.3,-0.4,-2.0,1.9,-13.2,-0.6,0.2,-0.3,-0.2,-0.9,-0.5,-1.4,-2.7,-0.8,-4.4,-6.0,-5.0,-3.4,-4.3,-3.5,-2.2,-3.9,-4.1,-3.8,-3.6,-3.0,-2.3,-0.7,-1.1,-1.1,0.7,0.9,-1.1,-1.5
2C7L518yXe,0,48.104444,11.630703,4442495.87,2778105.59,537.4,583.1,258,7398,3.0,0.79,0.35,32.66,348.97,-0.53,-0.103,0.842,-0.2,0.1,-0.25,0.23,1.7,0.2,-0.3,-0.2,-0.7,0.7,-2.4,-1.0,-0.3,-3.1,1.3,0.3,0.9,0.4,2.0,-0.0,0.5,-1.6,-2.1,-3.6,-1.7,-5.4,-3.2,-3.4,-4.4,-1.6,-3.8,-3.1,-4.0,-1.1,0.2,-2.8,-6.4,-3.3,-8.7,-6.3,-7.8,-1.4,-4.4,-2.6,0.0,-2.5,-0.4,-1.9,0.1,-3.4,-1.7,-2.2,-1.5,-1.7,-0.4,-0.5,1.4,0.2,3.0,-0.0,2.0,1.5,0.9,-0.1,0.6,0.3,1.8,-1.3,2.4,-4.4,5.1,-13.7,2.0,1.9,-0.8,0.4,1.5,-0.8,0.2,-0.1,-2.5,-2.0,-2.8,-1.5,-2.6,-1.0,-6.6,-1.9,-3.7,-1.5,-4.5,-0.9,-3.7,-3.1,-4.6,-0.7,-2.3,-0.3,0.6,2.1,-3.6,-2.8,0.5,-0.2,-4.5,0.3,-3.4,-2.0,-4.9,-1.9,-3.5,-2.7,-1.2,0.2,0.9,0.3,-1.0,0.4,1.6,1.2,-4.3,-1.6,-1.2,-9.8,-1.7,3.0,3.2,-7.9,2.0,0.4,1.4,0.2,-3.3,-0.1,-0.1,-2.4,-5.0,-2.8,-1.7,-2.0,-3.6,-3.8,-3.7,-5.1,-7.4,-1.5,-1.3,-1.3,-2.3,-1.6,-0.1,0.4,-1.9,-0.7,0.0,0.8,-1.5,0.8,-3.3,-1.1,1.9,-0.3,-2.3,-3.1,-3.0,-2.7,-3.5,-4.3,-6.1,2.5,-1.2,-5.7,-4.1,-5.8,-0.8,0.7,-3.0,-3.0,-6.8,-4.5,3.8,-12.0,9.4,1.2,11.5,-5.8,-13.2,12.3,0.5,5.8,0.2,3.4,-1.1,-4.6,-2.8,-3.1,-7.5,-4.3,-5.6,-6.7,-2.7,-2.0,-4.3,-5.6,-2.2,-5.9,-1.9,-5.4,-1.0,-2.5,-1.3,-3.4,-1.6,-2.9,0.1
2C7L518yXk,0,48.104476,11.630954,4442514.47,2778109.59,533.9,579.6,258,7404,3.5,0.76,0.69,32.67,348.97,-0.53,-0.103,0.842,-0.7,0.2,0.16,0.27,0.5,0.2,-0.3,0.8,0.2,-2.6,3.2,-0.1,2.4,-2.2,0.1,-1.7,-8.2,-0.1,1.8,-2.0,1.0,4.3,5.4,5.8,2.3,-0.3,-1.4,1.4,-2.0,-2.3,1.4,-3.2,1.3,-2.6,1.3,-1.8,-5.0,0.6,-5.7,-5.2,-8.1,1.9,-2.0,0.7,2.6,-2.8,4.1,-3.6,0.0,-1.4,-0.7,-7.1,-1.8,-3.3,0.7,-2.5,-0.6,-1.3,-0.2,-1.0,-2.0,-2.1,-2.0,0.8,-0.9,-2.1,-0.8,2.4,5.0,-5.9,6.5,4.9,-1.1,-2.4,10.2,-4.4,-2.5,-1.4,-5.4,-1.6,-5.1,2.6,2.4,-0.2,-0.7,-4.4,-4.9,-0.6,-0.5,-3.3,0.3,-2.3,0.2,1.4,-0.5,-5.8,-0.3,0.7,-6.2,-4.2,-1.6,3.5,-4.3,-0.2,-3.9,2.3,-2.7,-5.4,-1.8,1.8,0.9,-0.1,-0.1,-4.5,-0.9,2.1,-4.0,-1.4,-2.8,-2.7,-4.2,-2.7,-1.3,-8.2,-3.6,-0.3,-1.5,1.6,-2.8,-3.3,-7.1,2.2,-1.9,-1.1,-5.9,3.0,-2.8,14.4,-8.2,-3.9,-4.2,-2.9,-0.6,-0.8,-8.6,2.3,-0.2,-1.0,-3.3,-4.8,-3.8,-2.1,-3.1,-7.6,-2.3,-2.6,-2.9,-7.3,-4.6,-2.5,-3.0,9.3,-4.1,-5.1,-4.6,-6.1,-3.7,-5.3,-8.4,-6.0,-2.7,-14.0,-3.1,-5.6,-4.7,3.6,1.9,-1.4,-2.9,-1.2,-1.5,-2.1,-7.4,-3.3,-2.4,9.2,-4.3,-7.2,-6.4,3.6,-5.6,-7.1,-4.6,-5.5,-3.3,0.6,-5.6,0.7,-6.8,0.7,-2.2,-8.9,-3.2,-1.4,-2.4,-5.9,-0.6,-8.4,-4.2,-6.7,0.6,-4.5,-2.6,-4.1,-0.8
2C7L518yXm,0,48.104497,11.631118,4442526.64,2778112.19,537.3,583.0,258,7406,2.6,0.84,0.41,32.67,348.97,-0.53,-0.103,0.842,-0.2,0.1,-0.18,0.2,1.3,0.2,-0.3,2.3,4.9,0.7,-0.3,-0.8,-3.0,-1.4,2.3,0.1,-4.6,4.8,0.8,-4.1,0.4,0.3,1.0,-3.8,-2.3,-3.5,-2.9,-4.5,-3.4,1.5,-1.1,-2.1,-2.4,0.4,-0.4,-2.2,-2.6,-5.1,-4.1,-4.9,-4.0,-2.3,-2.1,-1.2,2.0,-0.7,-0.5,0.1,-0.0,-1.0,-0.8,0.4,-1.8,0.2,2.1,1.3,0.4,1.3,1.0,0.7,2.5,0.9,0.6,0.2,0.7,0.6,1.2,2.1,3.8,-7.1,3.2,3.2,1.3,-0.4,-0.1,-1.4,-0.5,0.9,1.4,0.9,-0.1,1.1,-0.4,-3.0,-0.1,0.6,-1.0,0.3,-1.2,-0.1,-0.1,0.7,0.9,-0.7,-1.3,-0.5,-2.3,0.2,-1.8,-0.2,-1.8,2.1,-0.2,-1.1,1.0,0.7,1.1,1.1,1.3,2.7,1.0,-0.2,0.8,3.6,2.3,0.2,0.8,-0.8,-0.8,1.2,-0.3,-1.3,0.8,-2.7,-1.6,0.7,0.2,-8.2,0.3,-2.1,-1.9,1.2,1.5,-0.8,-2.2,-0.3,-2.4,-3.0,-2.9,-0.6,-3.8,-1.5,-4.3,0.4,-4.5,3.0,1.6,0.6,-2.1,-0.6,1.2,0.8,0.1,0.9,-0.1,-1.7,-0.9,1.2,-0.1,4.1,1.1,0.3,0.8,-0.8,-1.6,0.2,-4.2,0.9,-6.6,-1.2,-5.9,-3.8,-0.7,5.4,-3.2,-8.0,2.0,0.9,-3.7,-5.6,-1.1,1.0,-4.3,-1.5,-1.6,10.7,-1.6,0.2,2.0,-1.9,2.3,1.1,-3.8,-4.2,-7.3,-5.4,-2.9,-11.2,1.4,-3.6,-0.5,9.4,-6.3,-5.3,-4.9,1.5,2.7,-3.2,-3.6,0.0,1.9,6.4,-0.8,1.8,-0.9
2C7L518yW9,0,48.103794,11.625505,4442110.22,2778024.93,543.4,589.1,258,7305,3.0,0.8,0.42,32.64,348.96,-0.529,-0.103,0.842,-1.1,0.1,-0.48,0.23,1.0,0.2,-0.3,-1.9,3.9,-5.8,0.4,1.4,3.4,2.3,-1.7,-2.5,-2.3,0.2,-0.2,-1.5,0.0,-1.7,-1.5,-2.0,-3.5,-3.8,-3.3,0.5,-0.5,3.1,-2.5,0.6,-0.0,3.5,-0.1,-0.9,-3.3,-8.8,-4.5,-4.8,-3.5,-1.6,-3.2,-0.8,-1.5,1.9,-1.5,2.3,-1.0,-3.5,2.9,0.7,1.9,0.4,0.8,1.7,2.4,8.2,2.9,5.9,4.3,-0.3,0.4,1.1,2.0,3.6,1.9,5.0,-3.3,3.9,-0.5,-0.3,-1.9,0.9,3.2,-2.4,1.2,0.7,1.9,-4.9,0.2,0.5,-1.9,-1.7,-2.6,-5.0,1.0,-1.1,-0.8,-1.9,-2.6,-3.0,-3.9,1.8,-4.1,1.2,0.8,-4.6,-1.9,-3.8,1.6,-3.8,1.8,-1.7,-0.2,-3.8,-0.1,-0.5,-0.9,-0.8,-0.3,-0.3,-0.5,-0.2,-0.5,2.5,-2.5,-5.0,0.3,-1.5,0.8,0.5,0.0,-1.1,0.8,0.3,0.2,-1.7,0.4,-2.9,0.3,-1.8,-2.8,-0.8,-4.4,-4.6,-4.4,-0.4,-0.7,0.6,-2.2,2.3,0.1,-2.2,-9.9,-0.3,-8.1,-1.5,-3.2,-4.4,-10.0,-1.9,-4.3,-6.7,-2.3,-2.2,3.0,-0.3,-2.5,1.0,0.9,1.2,-3.6,-4.0,-0.9,0.5,-2.4,-3.2,-0.4,-2.1,-3.9,-3.9,-4.2,-1.7,-2.0,-2.3,-4.0,-2.3,-5.2,-9.5,-1.3,-6.5,-2.9,-4.4,-3.7,-5.0,-4.5,-4.3,-3.7,-4.4,-6.5,-3.4,-5.7,-6.2,-4.5,0.8,-6.6,5.8,-16.8,-18.9,5.3,-12.7,-6.1,-7.6,-10.7,-5.2,-6.0,-2.8,-3.8,-2.7,-2.1,-1.6,-3.1,-1.9,-5.6
2C7L518yWa,0,48.103978,11.626933,4442216.14,2778047.66,536.5,582.2,258,7332,2.9,0.82,0.44,32.65,348.96,-0.529,-0.103,0.842,-0.6,0.1,0.39,0.22,0.8,0.2,-0.3,2.8,0.7,-2.9,-0.7,0.9,-3.1,1.5,-0.2,-5.5,-1.0,-2.7,3.4,3.0,-3.5,0.2,-0.4,-0.2,1.3,0.4,-1.3,-1.7,0.6,1.9,0.3,2.1,-0.0,5.7,-2.1,-2.0,0.5,-8.9,-2.4,-1.3,0.1,-0.1,1.0,2.2,1.0,3.6,1.0,1.1,-0.6,-0.8,-2.2,-0.8,1.5,1.4,2.2,-1.7,-0.7,2.9,5.0,4.3,-3.0,0.8,-2.7,0.7,2.7,1.5,2.2,3.6,-1.6,0.6,-12.8,5.5,-2.6,4.2,-0.6,0.2,-2.5,2.9,0.5,-6.0,-1.1,-0.9,-0.8,-1.2,-0.8,-0.2,-2.3,-1.0,1.7,0.5,-1.9,-2.2,-1.3,1.0,-3.3,-2.2,-3.1,-1.1,-1.3,-0.2,-0.3,-2.2,-0.7,1.1,0.3,-4.0,0.9,-1.9,1.5,5.3,4.7,-1.7,4.6,2.7,2.6,0.8,3.2,-0.6,5.2,0.4,0.7,-2.4,-0.7,-7.4,-0.5,-2.7,-4.0,1.0,-1.2,1.1,-5.7,-4.4,-1.4,-1.2,-3.0,-1.1,-3.3,-1.8,-1.6,-0.5,-2.4,-1.1,-2.8,-3.1,-3.0,-2.3,0.1,-0.3,-1.7,-7.0,6.5,-4.4,-5.3,-3.4,-2.2,-4.1,-2.0,-5.2,-3.1,-2.2,-16.9,-4.7,-5.6,2.9,-5.9,-1.4,-1.7,-3.5,-3.1,-4.5,-8.4,-5.5,4.9,-0.6,-1.6,-1.4,0.7,0.2,-4.1,-1.2,-4.0,-4.8,-0.4,-2.5,-0.8,-9.9,-4.0,-1.8,2.5,0.1,-2.1,7.4,-3.1,-0.5,-5.1,1.3,-2.4,-1.1,-3.4,-2.6,-4.8,-3.7,-1.1,-2.6,-5.5,-1.9,-1.0,-2.3,-0.6,0.1,-1.1,1.9,0.0,-0.9,-1.7
2C7L518yXV,0,48.104392,11.63016,4442455.55,2778099.01,537.4,583.1,258,7389,3.0,0.79,0.4,32.66,348.97,-0.53,-0.103,0.842,-1.1,0.2,-1.6,0.23,0.5,0.2,-0.3,0.4,0.1,0.7,-1.2,-1.6,-0.2,-0.1,0.5,-2.2,-1.6,0.4,3.2,1.2,-1.2,2.6,3.5,3.6,1.8,0.0,1.9,0.5,1.4,2.3,1.4,3.0,1.4,1.7,1.3,0.2,-1.2,-0.2,-3.6,-3.4,-3.5,1.3,0.1,1.2,4.4,3.9,3.2,1.3,0.9,4.1,3.2,2.8,1.1,-2.7,-0.7,1.1,0.8,0.4,8.2,3.2,2.8,6.0,3.5,-0.1,2.2,4.9,5.8,-0.1,0.4,0.5,1.2,0.8,10.3,5.7,2.1,2.8,3.3,2.9,3.7,4.1,2.5,2.2,1.7,4.1,4.9,3.8,2.8,4.5,3.3,2.9,-0.0,1.3,-0.2,1.4,1.9,0.9,1.6,0.8,1.2,0.1,1.6,2.5,0.0,-0.3,1.1,1.7,1.3,2.9,1.4,-1.1,3.3,6.4,1.7,3.0,3.8,5.1,1.7,3.9,1.8,1.7,0.1,3.4,2.3,0.6,-0.4,0.9,0.8,1.4,0.3,-0.5,-0.8,-1.0,1.7,-2.3,5.3,3.0,0.1,3.2,3.2,-0.1,2.9,0.3,-1.6,2.1,-1.4,4.4,5.9,-2.8,1.8,1.8,1.4,-1.6,-1.3,2.6,-1.9,-1.0,4.4,-0.3,-3.3,13.9,7.7,11.5,13.1,11.2,-7.7,-0.2,-1.1,-1.1,-2.7,2.5,-1.5,-1.4,-3.1,2.2,0.6,5.2,-5.9,-0.6,-2.8,-5.0,-6.0,-10.5,0.8,0.9,2.0,-7.5,-1.3,-5.8,-2.9,-4.4,-4.5,-1.1,-1.2,-6.3,-1.5,-1.1,-4.1,-10.0,-1.2,1.4,-3.1,-3.1,-3.5,0.2,-0.8,-5.4,-0.6,-7.1,-5.0,-4.7,-7.8,-6.1,-8.0,-8.8,-5.8
2C7L518yXY,0,48.104415,11.630337,4442468.66,2778101.83,535.9,581.6,258,7392,2.1,0.89,0.33,32.66,348.97,-0.53,-0.103,0.842,-0.1,0.1,-0.38,0.16,1.1,0.1,-0.3,-0.2,1.0,0.1,-1.7,-1.0,1.5,-0.5,1.1,-0.0,-0.3,-0.2,1.3,-0.8,-1.5,-1.3,0.2,-1.1,-0.9,-2.1,-1.8,-3.0,-4.1,-0.7,-2.5,0.8,1.0,-1.8,1.5,-1.5,-4.3,1.0,-6.1,-8.4,-4.4,0.8,-0.6,-1.4,-1.2,-3.0,-0.0,0.1,0.4,-6.6,1.0,-0.0,-1.9,-0.3,-1.8,-3.6,-0.8,-0.1,0.5,0.5,-0.2,0.3,0.8,1.1,0.1,0.3,0.9,0.7,2.5,-6.6,8.2,-3.8,1.7,0.3,-0.9,0.3,-0.0,0.3,0.2,0.1,0.3,-0.8,-0.8,-1.2,-2.4,-1.2,-1.6,-0.7,-2.3,-0.8,-1.5,0.6,-0.6,-2.9,-2.2,-0.1,-1.6,-1.2,0.4,-1.3,-3.1,-1.9,1.1,0.8,-5.4,-0.0,0.8,0.3,-5.1,1.2,-2.4,0.2,2.1,-0.3,0.1,1.2,-1.2,0.6,-0.7,0.9,-0.2,0.8,1.4,-1.7,0.1,2.3,1.0,-11.8,0.9,1.5,0.4,-0.5,-1.6,2.3,0.0,-1.7,-3.0,0.2,-0.3,0.9,-2.4,-2.6,-2.2,-3.0,-1.8,2.1,5.3,-0.2,1.3,0.4,-0.2,1.8,0.9,-0.5,1.1,0.9,1.3,-1.2,2.4,1.5,0.2,0.4,0.7,-0.1,0.5,-0.9,-1.7,-3.6,-5.1,-0.3,-2.4,-2.3,1.1,1.1,-1.8,1.0,-1.0,-1.1,-2.2,-2.7,0.7,0.3,0.2,1.0,1.7,-12.0,0.8,0.4,1.4,-0.5,-1.0,-1.3,-2.9,-0.8,-4.2,-4.3,-3.8,-5.6,-1.9,-4.5,-3.1,-1.4,-4.9,-2.8,-4.8,-0.4,-2.2,-1.4,-0.5,-1.5,0.8,0.8,0.8,-0.1,1.5
2C7L518yXa,0,48.104435,11.630492,4442480.15,2778104.29,537.9,583.6,258,7394,2.0,0.87,0.25,32.66,348.97,-0.53,-0.103,0.842,-0.5,0.1,-0.31,0.15,2.1,0.1,-0.3,0.1,1.1,-0.1,-1.2,-1.6,0.8,-0.3,0.9,-0.1,-0.4,0.4,0.5,-0.9,-1.5,-2.2,-1.6,-2.3,-1.9,-4.8,-3.7,-5.0,-5.1,-3.8,-2.2,-3.1,-1.4,-3.2,-1.1,-5.0,-3.7,-3.7,-6.8,-7.7,-7.1,-3.1,-3.7,-3.9,-1.6,-3.1,-1.9,-4.1,-2.5,-4.2,-1.3,-4.7,-3.1,-3.1,-1.9,-3.1,-1.5,-2.0,-1.1,-2.4,-1.2,-1.6,-1.0,-0.6,-0.8,-1.7,-0.9,-1.0,1.8,-6.9,6.2,12.2,-1.2,-2.3,-0.6,-0.3,-1.8,-0.6,-1.6,-1.3,-1.6,-1.8,-0.8,-2.6,-3.2,-3.3,-4.3,-2.8,-4.1,-2.0,-5.3,-2.4,-4.5,-3.7,-3.5,-4.1,-3.8,-4.9,-4.1,-4.7,-5.4,-2.6,-4.4,-3.5,-4.4,-3.0,-4.3,-3.3,-4.5,-3.0,-3.1,-3.4,-3.6,-2.2,-2.2,-1.5,-2.8,-1.7,-1.9,-0.2,-3.2,-1.2,0.2,-2.8,-1.7,-0.1,0.2,-10.5,0.3,-0.4,-0.5,-1.2,-0.4,-0.5,-2.4,-4.3,-5.9,-2.6,-0.6,-4.3,-4.1,-6.2,-5.5,-5.6,-7.0,-2.5,1.6,-1.0,-1.5,-2.3,-2.1,-0.4,0.1,-2.3,-1.2,-1.4,-1.0,-3.3,2.1,0.4,-0.9,-1.3,-0.8,-3.1,-2.8,-3.0,-3.9,-6.2,-7.0,-1.4,-5.5,-6.5,-2.1,-0.7,-6.7,-3.5,-5.7,-5.1,-5.2,-3.3,-1.7,-0.8,-1.2,0.1,0.3,-12.8,-0.0,-0.4,0.4,-1.3,-4.4,-2.5,-4.9,-3.3,-6.3,-6.6,-6.9,-8.4,-6.8,-6.2,-6.1,-4.8,-7.5,-6.7,-7.0,-7.4,-6.6,-4.7,-3.8,-3.2,-2.6,-1.7,-2.6,-1.9,-1.6
2C7L518yXd,0,48.104456,11.630656,4442492.3,2778106.9,538.1,583.8,258,7397,2.6,0.84,0.37,32.66,348.97,-0.53,-0.103,0.842,-0.6,0.1,-0.47,0.2,1.1,0.2,-0.3,1.0,-0.3,1.7,1.2,1.6,1.8,-1.7,-0.2,1.6,-1.3,1.6,0.4,2.1,2.9,-0.9,-0.8,-4.3,-1.0,-2.7,-2.1,0.0,-2.6,-2.6,-1.6,-1.8,-3.4,-0.5,-0.3,-2.1,-4.2,-4.5,-7.1,-5.6,-5.4,-2.2,-3.9,-0.0,1.5,0.3,1.2,0.3,0.8,-0.4,0.9,-0.0,2.2,-8.6,-0.5,-1.9,3.7,-0.2,5.9,1.4,2.2,0.9,1.9,7.4,3.5,1.4,5.1,-2.2,-2.1,2.5,3.5,-13.1,2.1,4.6,0.7,5.4,3.3,0.6,0.9,2.4,0.7,0.9,-1.1,1.2,0.1,1.3,-2.2,1.2,-1.9,0.2,1.6,1.6,-0.6,-1.1,-1.9,-1.4,0.2,0.2,-1.6,2.3,-2.1,0.4,-0.4,2.4,-1.2,-0.8,-0.7,2.8,-2.9,-1.5,-1.4,-0.2,2.2,0.4,2.2,-1.1,-0.5,0.5,-4.4,3.2,-4.0,-1.1,1.1,-9.1,0.7,-1.4,-1.8,-6.8,2.5,0.4,1.8,0.3,-1.6,2.5,-0.3,-3.1,-4.1,-2.4,-1.3,-2.2,-2.8,-5.6,-2.0,-4.9,-4.6,-2.7,-0.0,-0.4,-5.2,0.2,-0.3,3.4,2.3,-1.0,0.2,0.6,1.2,1.9,4.0,-0.5,-0.3,-1.3,-0.5,-1.5,-0.2,0.6,0.8,-0.4,-4.8,3.0,-1.1,-4.3,-2.7,-0.8,-3.3,1.4,-2.0,-1.8,-4.3,-5.6,-7.2,-5.7,1.8,-1.4,-1.1,-3.3,-2.8,-4.0,-2.5,-4.2,-1.2,-0.7,-2.3,-2.0,-3.2,-1.8,-7.4,-3.8,2.7,-4.7,-3.3,-3.7,-1.6,-2.7,-4.0,-7.5,-2.7,-3.4,-5.7,-1.3,0.4,-2.1,-2.6,-3.2,-1.4
2C7L518yYR,0,48.104805,11.633377,4442694.19,2778150.21,533.6,579.3,258,7447,4.3,0.63,0.48,32.68,348.97,-0.53,-0.103,0.842,-0.6,0.2,-0.11,0.33,0.7,0.3,-0.3,-0.2,-3.7,0.8,-0.0,-1.0,3.7,-2.0,0.6,-0.7,-10.6,1.1,-1.6,-0.4,2.1,-0.6,-1.4,1.8,-1.5,-7.5,-9.3,-9.0,1.2,-2.6,7.3,2.8,5.1,1.0,5.7,3.8,1.1,-0.6,-2.5,-4.5,4.9,-2.1,-6.4,0.4,-5.6,4.9,-3.1,1.3,-4.9,-1.3,0.6,0.2,1.7,-4.9,0.5,3.3,-0.5,7.8,-0.6,2.3,0.0,-1.4,0.9,-3.1,-1.9,-1.1,-1.7,-3.6,-4.1,5.9,-2.1,-6.0,-2.7,-2.0,8.1,-1.8,-2.2,-2.2,-4.0,-6.0,-6.0,-4.6,-5.4,-4.5,-10.0,-5.0,10.7,-7.5,3.9,4.2,-14.1,-5.6,-8.4,-13.6,-6.0,-7.9,6.3,-3.5,-5.3,-6.1,-3.5,-2.3,-8.0,-6.4,4.2,2.0,-1.2,8.5,-8.4,-0.2,-6.3,5.2,2.9,1.1,-0.7,-6.3,-3.7,-2.0,-7.8,9.0,-0.8,-5.0,-4.0,-0.5,-3.2,-2.8,-4.7,-3.7,-2.1,-2.8,-0.1,-4.1,-5.4,-3.0,8.1,8.7,-3.8,-1.0,2.6,-2.4,2.4,-3.3,1.5,-5.1,-3.0,1.0,1.5,2.0,0.0,1.2,-3.5,-4.8,-3.2,-5.7,3.1,-2.1,0.1,-8.3,-2.7,-3.7,-1.2,-0.3,-3.0,-0.2,-3.0,8.1,4.9,-4.8,1.6,-2.5,-9.6,-9.1,-1.1,3.1,-1.1,-1.2,1.0,-0.7,-3.3,-1.8,-8.4,-0.8,-5.7,-5.3,-9.3,3.5,-5.5,-13.6,-6.8,1.7,-1.3,-8.0,3.1,-3.7,3.3,1.9,-5.6,-5.3,-3.8,-8.7,0.2,-1.8,-3.8,-1.1,-2.1,-5.2,-8.9,-4.7,-3.4,-6.3,-6.1,-2.4,-5.6,-2.6,-2.7
2C7L518yYp,0,48.10501,11.634975,4442812.71,2778175.61,544.0,589.7,258,7471,2.0,0.88,0.41,32.68,348.97,-0.53,-0.103,0.842,-0.2,0.1,-1.22,0.15,0.1,0.1,-0.3,1.1,2.5,2.0,2.3,2.1,1.0,3.5,2.2,1.3,-1.9,3.6,0.8,1.4,3.1,-0.1,0.0,0.2,-1.3,-0.1,-5.0,0.7,-3.9,4.4,2.6,2.6,3.6,3.7,0.8,3.1,0.1,4.9,-0.4,-2.7,2.3,0.1,2.6,3.2,-0.4,7.7,-0.4,5.3,0.8,-0.1,4.0,0.0,2.6,1.7,0.9,3.6,2.1,4.7,0.1,1.4,1.0,0.9,4.0,1.3,3.1,1.4,3.9,3.1,0.1,2.1,0.5,2.1,0.0,1.2,2.4,0.1,1.1,0.5,2.3,1.9,3.7,2.3,3.0,6.1,5.0,7.9,3.4,6.0,3.8,5.1,5.8,4.1,1.5,3.8,2.2,1.9,2.8,4.2,2.8,14.2,-0.2,4.8,2.5,3.5,3.3,6.4,4.9,2.9,3.3,4.3,5.6,3.5,2.9,3.5,3.9,2.8,2.6,4.4,3.8,4.9,4.1,4.8,4.1,2.5,4.2,5.2,3.3,4.0,3.8,4.8,3.8,8.9,9.6,4.5,5.8,5.5,0.9,3.7,3.8,4.3,5.7,5.8,2.2,3.9,1.0,4.9,4.1,2.2,1.3,2.2,2.3,4.1,3.5,5.0,2.9,3.6,1.5,4.1,4.7,3.6,3.4,4.4,1.0,0.6,1.8,2.4,2.8,2.6,-2.8,1.2,-1.0,-0.9,2.6,3.2,2.2,4.6,1.7,2.4,0.8,-1.2,1.0,0.9,1.8,1.2,1.9,4.0,0.3,1.0,0.5,-1.3,0.8,-0.3,0.2,2.4,0.6,0.1,-0.7,-2.5,0.4,-1.5,1.0,3.6,0.7,2.3,-0.1,0.6,1.0,1.4,-0.2,-0.4,1.0,0.9,-0.1,1.2,1.7
2C7L518yUz,0,48.103272,11.621291,4441797.51,2777959.94,537.0,582.7,258,7233,3.3,0.75,0.41,32.59,348.92,-0.529,-0.103,0.843,0.2,0.2,-1.02,0.25,1.8,0.2,-0.3,-0.2,-1.6,-1.9,2.8,1.0,0.4,-0.5,1.3,-1.3,2.5,0.3,2.9,-4.1,-2.4,-2.9,-6.8,-2.5,-6.2,-3.4,-5.6,1.2,0.9,3.2,2.3,1.1,-0.5,3.7,1.7,1.9,-4.9,5.8,-7.0,-2.9,-6.3,-5.0,-3.7,-1.7,-3.0,1.1,-0.1,1.7,2.1,0.6,-2.7,-1.3,-0.6,0.4,0.4,1.4,2.1,2.8,1.0,2.9,1.5,-0.5,-0.7,1.2,2.1,0.5,3.2,1.8,0.5,1.8,3.5,-0.5,1.7,2.8,11.2,2.8,3.1,-0.0,2.4,6.9,2.0,1.1,-2.6,0.8,-0.1,0.9,-0.3,1.6,1.8,0.9,0.7,0.0,-0.8,0.1,-6.8,-6.2,-4.2,-2.8,1.2,0.3,-2.5,-2.5,0.3,0.9,-0.7,0.3,0.4,0.3,-2.4,-1.8,-0.9,-2.2,-0.3,-0.8,1.0,0.7,-0.5,-1.1,-0.6,-0.6,2.5,2.9,3.5,1.2,3.1,1.5,4.1,1.9,1.1,4.4,2.0,2.7,-0.3,1.2,1.2,1.6,4.1,-0.0,1.8,0.3,3.7,4.3,-2.0,1.8,-0.1,3.0,3.2,-0.2,2.9,1.0,1.3,0.7,2.1,0.6,4.0,3.6,3.7,6.2,3.5,7.3,6.8,5.0,3.1,3.5,1.8,4.9,5.9,4.4,-0.1,6.5,4.3,0.4,-0.9,1.9,-0.1,2.2,4.1,-6.3,5.2,-2.4,-3.2,-2.9,15.1,-0.6,0.4,-10.4,3.9,0.8,2.8,-2.6,-2.0,2.1,-5.4,-3.1,-2.9,-4.6,-2.1,-3.4,-5.9,-3.8,-7.9,-4.5,-2.9,-5.1,-11.2,-5.2,-1.9,-2.3,0.3,-1.3,2.8,16.2,4.4,7.0,4.2
2C7L518yWB,0,48.103811,11.625493,4442109.26,2778026.81,537.2,582.9,258,7307,2.7,0.85,0.4,32.64,348.96,-0.529,-0.103,0.842,-1.1,0.1,-0.13,0.2,0.7,0.2,-0.3,-3.0,-0.2,-1.4,2.0,-2.7,0.8,-2.0,-2.3,-1.8,0.7,-2.4,0.0,0.0,-1.7,-1.2,-0.3,0.3,-0.8,-1.5,-1.4,2.8,0.2,-1.4,2.5,6.9,1.6,-0.8,0.7,-5.3,-1.0,-8.4,-5.5,-7.0,-1.9,-3.4,1.4,1.2,-1.2,4.9,3.0,-3.3,-0.5,8.4,2.2,-3.9,1.3,-0.4,1.0,-0.3,-0.9,1.4,-4.4,1.0,0.1,-1.2,-0.1,0.8,0.2,-1.3,-2.7,-0.7,-0.6,1.2,-1.6,-2.8,-3.7,-1.1,-1.3,1.2,-5.8,-1.1,-2.9,-1.9,-1.4,-1.6,-2.2,0.4,-1.0,-1.7,0.6,-0.4,-2.5,-3.5,-3.8,-0.4,-2.0,2.2,-2.2,2.3,-3.0,-2.9,-2.5,-1.9,-1.5,-4.7,-6.4,-0.8,-1.7,-2.7,-1.5,-1.3,-0.2,7.5,-2.1,-3.1,-3.5,-0.5,-3.3,-1.1,-4.6,-3.5,0.6,-1.4,-3.5,-2.4,-3.5,-4.3,-0.3,-2.3,-2.2,0.1,-2.1,-3.0,-1.0,-0.9,-0.2,-1.9,-0.7,-1.5,-3.6,-6.7,-1.1,-3.9,-6.7,-3.5,-2.8,-0.7,-8.8,-3.0,-1.2,-2.0,0.5,-0.6,0.2,-1.0,-0.9,0.3,-2.7,-4.4,-2.1,-0.5,-0.7,-1.5,-3.4,-4.5,-3.5,-5.2,-4.7,-4.8,-5.7,-4.4,-2.4,-9.1,-8.3,-5.9,-5.8,-1.7,-2.0,-9.0,-4.0,-3.7,-4.4,-8.1,-4.6,-4.1,-3.3,-4.0,-3.4,-0.4,-2.2,-2.9,-3.2,-6.1,-6.7,-3.1,-6.1,-3.9,-4.2,3.1,-16.8,-5.6,-6.5,-16.0,-4.4,-5.3,2.7,-4.0,-6.9,-6.7,-6.4,-4.7,-5.5,-0.6,-2.6,-3.3,-4.8,-7.7,-3.3
2C7L518yXX,0,48.104425,11.630272,4442463.8,2778102.85,538.2,583.9,258,7391,2.1,0.89,0.29,32.66,348.97,-0.53,-0.103,0.842,-0.4,0.1,-0.59,0.16,1.6,0.1,-0.3,0.4,1.0,-0.2,-3.4,-2.0,1.1,0.3,-0.3,-1.1,-0.9,0.0,0.5,0.5,-1.9,-1.7,-1.9,-3.7,-2.0,-3.6,-2.4,-3.5,-3.1,-2.4,-3.7,-1.9,0.6,-1.2,1.4,-2.4,-4.5,-2.4,-6.6,-5.7,-5.4,-2.0,-1.7,-2.1,-0.2,-1.3,-0.0,-1.7,0.5,-2.4,-0.9,-2.6,-1.7,-2.8,-1.4,-0.8,0.1,1.4,1.1,0.0,0.4,0.4,0.4,1.1,0.1,-0.3,0.7,-0.9,2.5,16.8,4.4,8.0,0.6,0.4,-2.0,0.8,0.0,-0.7,0.8,0.0,-0.1,-1.5,-4.4,-1.9,-3.1,-0.9,-4.0,0.3,-3.3,-0.3,-2.7,0.2,-5.2,-3.1,-3.1,-1.5,-2.3,-2.0,-2.4,-1.6,-1.6,-0.6,-2.5,-0.8,-2.1,-0.7,-1.4,-0.9,-2.9,-0.3,0.2,-1.1,-0.9,-0.5,-0.4,0.5,-1.0,1.1,-0.8,0.2,-1.7,0.4,1.1,-3.0,-1.4,1.3,0.7,-4.6,0.1,0.9,-0.7,-0.3,-3.0,0.8,0.5,-1.5,-4.2,-0.5,-0.4,-2.4,-2.2,-3.3,-2.3,-6.3,-4.5,2.6,3.2,-0.5,0.6,-1.1,-0.5,2.4,0.2,-1.6,0.4,0.1,-0.4,-2.9,0.8,1.8,-0.7,-0.3,1.4,-3.7,-2.7,-3.2,-3.1,-5.1,-6.6,0.5,-2.2,-1.1,-0.8,0.3,-3.0,0.5,-3.5,-2.5,-3.7,-3.5,-0.1,-0.6,0.1,0.6,1.6,-10.8,0.3,-0.7,0.8,-0.5,-2.6,-1.8,-1.1,-4.6,-3.9,-3.4,-4.9,-6.9,-5.0,-4.4,-3.8,-2.2,-5.0,-4.7,-3.2,-4.6,-3.5,-4.0,-1.6,-2.5,-0.3,-0.4,-4.2,-3.0,-3.3
2C7L518yYr,0,48.105048,11.635126,4442823.89,2778180.08,544.8,590.5,258,7473,2.9,0.81,0.37,32.68,348.97,-0.53,-0.103,0.842,0.3,0.1,0.33,0.23,1.3,0.2,-0.3,-3.1,-2.6,2.0,1.6,-1.8,0.9,1.4,-0.4,1.1,0.9,2.7,3.4,-2.6,-0.2,-4.6,-1.5,-9.2,-5.2,-6.8,-2.1,-7.3,-12.8,-4.6,3.1,-3.1,-15.0,6.0,1.3,-2.5,-9.8,2.1,-12.7,-3.6,-2.2,-0.6,0.7,-0.4,3.9,3.5,3.4,1.4,1.0,0.7,2.6,0.1,1.0,1.9,-1.2,2.0,-0.2,-0.7,0.2,0.8,-1.2,-0.7,2.3,-1.5,1.3,-0.8,-0.5,-1.0,-0.8,-2.8,-2.6,-6.2,-0.3,-2.1,-4.8,-1.2,0.6,-5.0,-0.4,-6.0,-8.3,-0.7,-0.0,-2.9,-2.5,-4.8,-0.5,-5.5,-6.5,-4.3,-6.9,-4.1,-6.1,-1.5,-3.6,0.2,-0.2,1.4,-2.9,-3.3,-4.4,0.7,-1.0,-0.6,-2.1,-1.6,-2.0,-2.8,-2.8,-2.2,-2.0,-0.7,-3.1,-1.7,-0.2,-2.5,-2.6,-1.8,-2.6,-2.8,-3.6,-0.4,-2.4,-0.2,-1.2,-0.5,-1.5,-0.4,-2.5,-0.1,-0.8,-1.0,-1.2,-0.1,-2.0,-2.6,-4.7,-0.2,0.8,0.7,0.0,-0.5,-2.3,0.8,-2.0,-0.7,0.7,-1.4,-1.1,-3.2,-0.7,-2.0,-0.2,1.1,-1.7,-0.2,0.1,0.5,1.1,1.0,1.1,0.4,0.7,0.3,0.2,-0.5,-0.1,-0.9,-6.6,-1.7,-1.1,1.4,0.1,2.7,1.8,-1.5,-0.1,-1.2,2.2,-5.0,-1.0,0.2,-3.1,-3.8,-1.9,5.0,-2.1,0.2,0.3,-0.5,-0.1,-0.1,3.1,-1.3,1.1,-3.7,-2.1,-13.9,-1.7,-6.4,3.5,3.8,1.3,5.1,3.4,2.0,-0.2,0.0,2.3,2.2,2.7,4.6,-0.1,-2.8,-3.0
2C7L519FY4,0,48.103324,11.621556,4441817.13,2777966.21,541.8,587.5,259,7236,2.3,0.87,0.36,32.59,348.92,-0.529,-0.103,0.843,-0.6,0.1,-0.25,0.17,0.5,0.1,-0.3,-0.6,0.4,-0.4,1.7,1.6,-0.3,3.3,-0.0,-0.9,-3.3,0.5,0.5,1.6,-0.6,2.2,1.8,1.5,0.6,2.0,-0.9,-0.2,1.7,0.8,-0.5,1.8,2.0,1.1,0.3,0.3,-3.1,3.5,-5.5,-2.4,-2.7,-4.4,-4.6,-1.3,-3.3,4.7,-2.8,-6.9,2.7,3.4,-0.0,0.2,1.8,-1.3,-2.5,-0.4,0.7,1.9,0.7,-1.6,-0.6,-1.0,-0.4,-0.9,-2.1,-3.1,0.0,-1.3,0.6,-2.4,-1.2,0.9,1.1,-6.3,-2.1,-0.0,1.1,-2.4,-0.8,0.3,-1.4,0.2,2.3,2.0,2.4,0.0,-0.5,0.1,0.1,-3.1,-2.4,0.1,0.1,-0.1,-5.1,-1.8,-2.3,0.1,3.0,0.1,0.3,-1.0,1.6,2.0,2.7,0.9,-0.2,-0.9,2.1,0.2,-1.2,-0.1,-0.2,-2.4,-0.1,-3.2,0.6,-0.5,2.3,2.6,2.1,0.8,0.4,-0.9,-1.9,-3.3,-1.2,-1.1,-3.2,-2.2,-3.5,-3.1,-1.4,-4.2,-0.2,-1.9,-2.0,-4.4,3.6,-1.3,-0.6,-1.1,0.3,-0.1,-2.8,-0.1,-0.8,-1.1,-1.3,-1.2,-8.1,-2.6,-2.4,-7.4,0.7,-3.6,-0.5,-2.6,-3.0,0.2,2.7,0.9,-0.7,-3.4,2.9,2.0,1.7,2.0,-1.3,0.8,0.4,1.5,0.6,-1.1,-4.0,4.8,2.1,-0.6,-4.7,-3.5,-5.5,-5.5,-3.2,-5.4,-4.5,5.8,-1.7,-3.6,-3.7,-3.0,-5.1,-1.7,-4.1,-7.3,-2.3,-0.7,3.9,-3.6,-4.0,-2.4,-4.6,-3.9,-3.0,-1.8,-1.9,-3.7,-1.9,-2.6,-1.5,-3.8,-2.4,-3.0,-5.6,-6.6,-5.1
2C7L519FYS,0,48.103494,11.622878,4441915.2,2777987.24,540.5,586.2,259,7260,3.2,0.78,0.4,32.6,348.92,-0.529,-0.104,0.842,-0.7,0.2,-0.59,0.24,0.9,0.2,-0.3,-0.2,-0.6,-2.2,0.7,0.3,5.1,-1.0,-3.5,-0.3,5.5,-2.4,5.1,0.6,-0.4,-0.3,-1.3,-8.6,-3.5,-3.0,0.9,1.4,0.8,-3.1,-2.0,2.0,1.1,6.4,8.0,0.4,-2.8,-12.0,-5.7,-4.5,-3.9,-3.5,-0.7,0.0,0.3,1.7,1.2,1.6,3.2,1.6,-0.5,0.7,-0.2,5.2,4.6,-0.6,0.4,-0.5,-0.2,3.6,2.1,1.1,1.1,1.7,3.6,3.4,4.0,0.6,-0.1,0.4,3.0,0.0,4.1,1.2,2.4,1.8,1.8,2.4,2.3,2.7,2.8,-0.4,1.4,2.3,0.2,1.8,-1.3,-1.0,-1.5,-1.1,0.0,-0.3,2.1,-1.2,-4.1,0.1,-4.2,-3.5,-3.8,5.0,-0.3,0.9,5.5,3.2,-0.6,1.1,1.0,-0.3,-0.2,1.5,-1.2,0.3,0.2,0.9,3.6,3.2,-0.3,-0.5,0.2,-2.3,0.8,1.8,3.1,-11.9,-7.5,-1.3,0.8,2.7,0.0,0.4,0.4,0.8,-1.6,3.8,8.0,0.9,-5.0,-5.1,-0.4,4.6,-1.7,-4.7,0.1,0.3,-1.8,2.6,4.0,2.5,3.1,4.3,1.0,4.5,-0.6,14.1,2.0,1.4,1.8,1.5,-8.3,-4.5,-1.2,-3.8,-2.9,-4.6,-4.2,-1.4,1.2,-6.4,-3.8,-1.9,1.2,7.3,-9.0,-6.4,-4.7,-1.5,-0.5,-4.4,-5.8,1.0,-2.8,-1.3,-1.5,-1.3,-4.1,-9.3,-3.6,-3.6,-5.2,-1.5,-0.1,-3.8,-1.8,-0.4,-1.8,-1.0,-4.8,-1.2,-2.1,-3.4,-5.3,-2.9,-1.1,-2.8,-4.8,1.2,-1.7,-0.5,-3.9,-4.1,-2.0,1.1,2.4,-3.2,-6.4
2C7L519FZ3,0,48.103776,11.625073,4442078.09,2778022.17,545.1,590.8,259,7297,3.3,0.77,0.44,32.64,348.96,-0.529,-0.103,0.842,-0.7,0.2,-0.13,0.25,0.6,0.2,-0.3,-5.9,-7.0,-0.5,-1.3,-2.3,-0.8,0.5,1.2,-3.0,-4.8,0.6,-0.8,2.8,-0.1,1.0,-1.6,-1.1,-0.9,3.6,4.7,2.3,2.9,1.8,-3.7,8.3,-1.0,4.0,4.3,3.7,4.5,-5.9,-8.2,-2.6,-5.1,-3.0,-2.1,-1.2,1.1,1.7,2.6,0.9,-0.7,4.8,0.0,2.2,2.0,0.4,-1.1,1.2,-0.0,6.5,-0.8,1.5,1.5,-1.1,3.0,3.3,1.5,-0.4,-1.5,11.1,-4.6,6.9,-1.4,3.2,2.6,0.2,-1.7,2.7,1.0,0.3,4.5,13.6,-6.7,-3.0,-2.4,-2.1,-3.7,-3.7,-0.7,-0.6,0.5,1.1,-3.2,0.1,3.7,0.6,-3.7,-1.5,-3.1,-4.3,0.3,-3.2,-0.3,-4.4,3.4,-0.4,1.0,-3.9,-0.9,-0.3,-2.6,-2.2,0.1,-4.5,-0.6,-1.1,0.1,-2.2,1.0,-1.1,2.0,1.1,-1.4,-2.5,3.6,-10.1,6.3,-1.2,-9.8,0.1,6.2,-1.0,0.9,-1.2,-4.3,1.2,-1.8,-3.3,-1.7,-0.9,-2.1,0.5,-1.6,-1.5,-2.4,-0.2,-3.8,1.7,0.8,-4.7,1.1,-0.1,0.8,-0.6,-2.5,-1.9,2.5,-1.9,-6.0,-1.7,-3.0,-0.1,-3.9,-2.3,0.4,-1.8,-1.1,-0.3,-1.8,-3.5,-1.1,-3.4,-3.0,-2.7,-2.9,0.1,1.4,0.2,-0.8,-3.9,-3.0,-0.0,-3.8,-0.5,2.7,-2.4,-0.2,-7.9,2.8,-1.6,-4.4,-4.7,-5.5,-6.3,-0.5,-1.5,2.2,1.0,-2.8,1.8,-10.4,-14.7,-6.9,-6.9,-1.0,-4.1,-5.3,-3.4,-1.3,-6.0,-4.4,0.7,-2.9,-1.0,0.2,2.3,4.2
2C7L519FYA,0,48.103391,11.621929,4441844.78,2777974.2,544.2,589.9,259,7242,3.4,0.76,0.41,32.6,348.92,-0.529,-0.103,0.842,-0.7,0.2,0.05,0.26,1.2,0.2,-0.3,-1.9,-4.2,-5.4,-1.9,-6.3,5.6,-2.8,2.3,-1.3,5.4,-0.7,6.2,-2.5,-4.0,-2.5,-2.3,-2.6,-0.6,-4.6,-2.5,-3.9,-1.4,0.6,-1.5,-0.7,0.8,0.4,3.9,-0.3,-3.0,6.3,-4.6,-5.2,-6.1,-4.4,-1.7,-2.1,-2.0,-0.2,-4.1,-4.6,5.2,-0.6,-0.1,3.6,-0.4,2.8,1.9,0.2,1.4,-1.3,-1.0,1.5,-0.9,-0.5,-0.2,1.4,0.8,-0.7,0.9,-2.0,-7.3,-2.4,-1.4,-15.4,-0.5,-2.5,-3.8,-3.1,-1.1,1.3,-3.2,5.0,-2.0,-3.6,-2.3,-2.2,-4.4,-2.5,-1.9,-2.8,-2.6,-4.0,-5.7,-3.2,-6.5,-4.2,-10.7,-4.7,-4.1,-2.8,-1.3,2.6,-1.0,-5.5,-3.9,3.2,-4.8,-0.7,-1.2,-4.3,-5.0,-1.9,-5.5,-1.4,2.2,-1.9,-0.3,0.2,1.4,-3.8,-1.2,2.6,-2.9,2.3,1.3,3.0,-1.7,-2.4,-3.6,-16.8,-3.5,1.9,-5.4,-8.3,-9.8,3.9,-14.9,-3.2,2.1,-0.8,-0.7,4.4,-0.4,-2.9,-2.2,-2.4,-3.9,-1.3,-0.7,7.8,0.2,-2.7,-2.1,0.3,-2.1,-8.6,-2.2,-3.1,-3.4,-5.1,-6.2,-3.4,-4.5,-4.1,-2.9,-4.2,-2.0,-4.1,-4.9,-4.2,-5.9,-0.4,-2.0,-1.7,0.9,-3.4,-4.3,2.5,-3.8,-2.5,-3.4,-1.1,2.9,1.1,-17.6,-5.6,-1.1,0.6,-5.3,-5.1,-3.7,-4.7,-2.5,-4.8,-4.9,0.1,-2.1,-3.0,-5.5,-5.3,-0.6,-4.6,-6.4,-7.1,-6.0,-3.9,-4.7,-2.3,-7.8,1.4,-0.1,-6.6,-8.7,-5.9,0.5,-5.1,-5.5
2C7L519FYN,0,48.103496,11.622752,4441905.82,2777987.29,547.3,593.0,259,7255,2.9,0.81,0.4,32.6,348.92,-0.529,-0.104,0.842,-0.4,0.1,-0.39,0.22,1.2,0.2,-0.3,3.2,0.5,3.9,1.4,2.3,3.8,0.8,1.6,-0.2,-5.6,1.5,2.7,1.2,-1.0,-0.1,0.1,-3.2,-2.8,-3.1,-3.1,-0.6,-2.8,-3.9,-3.9,-3.3,-1.8,-2.4,-2.2,3.2,-5.5,-13.7,-6.6,-10.9,-10.8,-5.3,-4.5,2.5,-2.2,0.2,-0.9,3.2,-0.2,-1.1,-0.4,-1.3,2.3,-11.1,0.4,-0.3,2.8,0.2,0.4,0.8,3.0,0.3,1.5,1.3,1.0,1.7,1.6,-0.3,-0.8,-7.2,2.9,1.6,0.6,0.3,-6.3,1.7,1.8,2.0,1.0,1.8,-1.5,-1.3,0.8,-0.6,-1.0,0.2,-2.1,-2.8,-0.5,-0.4,0.7,-2.1,-1.2,-1.2,-5.3,-2.1,-2.1,-2.1,-6.3,7.7,0.5,-0.0,0.9,-4.6,-0.6,-0.4,-1.0,-1.5,-0.9,1.0,-3.9,-3.5,0.5,-4.1,-1.4,0.8,0.6,-2.4,-1.0,-1.0,-2.0,0.6,1.8,-3.9,-0.7,3.3,-0.1,-2.2,-3.0,-0.1,1.9,-3.7,-3.4,0.3,-0.8,-3.7,-0.8,1.6,-1.4,1.2,0.4,0.2,-3.0,-2.2,-4.5,1.7,1.2,3.0,3.5,-2.1,0.6,1.4,0.2,-8.5,2.6,0.7,-0.6,-8.3,-0.9,0.2,-2.6,-0.7,0.4,-4.3,-2.7,-3.2,-3.6,-3.8,-2.9,-3.8,-1.5,-2.6,-0.6,-2.0,-6.4,-0.6,-3.8,-4.2,-4.3,1.6,-2.2,-4.1,-9.8,-3.8,-2.3,-3.8,2.3,3.7,-1.4,0.2,-6.3,-1.5,-2.0,0.8,-1.3,-2.6,-9.7,-3.1,1.6,1.6,-4.9,-3.6,-6.7,-3.9,-4.1,-2.0,-1.3,-3.7,-3.6,-3.5,-1.7,-5.6,-0.5,1.6,-7.6
2C7L519FYO,0,48.103508,11.622843,4441912.62,2777988.75,548.9,594.7,259,7256,2.9,0.75,0.39,32.6,348.92,-0.529,-0.104,0.842,-0.5,0.1,-0.35,0.23,2.8,0.2,-0.3,-2.8,-1.0,-0.2,1.1,-1.1,0.1,-2.2,-2.7,-0.3,-1.0,-1.5,0.9,-1.9,-4.4,-4.7,-2.8,-6.1,-4.3,-5.2,-5.8,-7.4,-6.8,-4.0,-5.8,-5.4,-5.2,0.3,-0.2,-3.3,-7.6,-16.6,-10.1,-11.5,-10.4,-7.4,-6.6,-8.4,-3.4,-3.9,-3.7,-0.3,1.1,-2.9,-6.1,-4.9,-0.1,3.5,-2.9,-3.2,-0.6,-0.2,-0.1,-2.4,-1.6,-1.7,-3.0,0.7,-1.1,-2.5,-1.8,-2.1,-3.0,4.6,-2.4,-2.2,-2.7,-1.8,-6.7,-2.2,-2.6,1.6,-2.2,-2.0,-2.2,-3.9,-2.5,-3.7,-5.5,-3.5,-7.1,-6.1,-8.0,-2.1,-2.3,-2.6,-5.5,-4.0,-8.8,-4.6,-7.9,-10.7,-20.0,3.7,-5.7,-5.0,-5.7,-7.9,-6.2,-7.7,-6.8,-4.8,-7.2,-3.8,-7.7,-6.1,-4.5,-9.9,-9.5,-2.6,-7.1,-6.6,-4.3,-1.8,-5.2,-1.2,-0.2,-5.7,-3.0,-1.1,-1.9,-4.3,-1.0,-0.2,0.1,-3.9,-4.6,-1.9,-5.4,-7.7,-6.5,-7.7,-3.8,-5.2,-7.9,-6.1,-6.4,-6.8,-7.7,-2.7,-0.1,-1.1,0.9,-2.2,-2.6,-1.5,-0.7,9.2,0.1,0.3,-2.8,-7.8,-3.8,-0.6,-1.8,-2.7,-1.4,-7.4,-3.0,-7.2,-1.9,-8.7,-8.3,-7.0,-6.3,-5.1,-5.9,-2.9,-6.6,-1.2,-8.3,-9.1,-8.0,-1.6,-0.9,-3.3,-8.2,-4.6,-1.5,-3.3,-0.5,-1.0,-1.7,0.7,-3.3,-3.1,-4.3,-2.1,-7.2,-8.2,-14.2,-8.1,-9.4,-8.8,-8.7,-11.5,-9.8,-5.8,-8.3,-14.9,-3.3,-1.4,-4.5,-5.3,-4.9,-9.4,-3.3,-5.6,-5.4
2C7L519FZF,0,48.103869,11.625651,4442120.88,2778033.44,539.2,584.9,259,7309,3.4,0.74,0.47,32.64,348.97,-0.529,-0.103,0.842,-0.2,0.2,-0.28,0.27,1.0,0.2,-0.3,-1.0,-2.5,-3.3,-2.5,-1.0,-0.3,-0.7,-2.4,-1.7,2.1,-0.4,1.0,-0.0,-1.7,-2.3,-1.9,-2.9,-3.6,-4.4,9.6,2.6,-1.5,-1.9,-8.7,1.2,-2.2,0.5,-1.2,-2.7,-6.0,-11.2,-8.6,-9.9,-8.6,-2.2,-3.3,3.0,-3.0,0.1,-2.3,-0.3,-0.4,-2.7,-7.2,-9.7,-3.9,1.5,4.3,0.7,-5.9,2.1,-2.7,0.1,-5.0,-3.1,-3.8,-0.2,-0.2,-3.2,-3.8,-3.2,-3.2,-4.0,-2.9,-1.1,-2.6,-2.1,-3.4,-4.5,-3.5,-0.7,-3.2,-2.3,-2.7,-5.1,-5.6,1.6,-0.9,-1.8,-3.8,-2.4,-9.2,-2.9,-2.4,-2.5,-13.8,-2.8,-10.1,-5.6,-7.5,-5.9,-4.7,-5.6,-6.1,-4.0,-0.9,1.0,-8.2,4.9,-2.0,3.5,-14.4,-14.9,-2.1,-10.0,-7.6,-3.3,-8.1,-5.6,-3.6,0.4,-2.6,-3.2,-2.0,0.1,0.4,-3.8,0.4,-0.2,-1.2,0.5,-1.0,-0.8,-4.2,-4.8,-3.2,-0.6,-2.6,-4.1,-7.3,1.0,4.5,3.2,-1.2,7.5,-4.0,-1.4,-7.3,-0.1,1.6,0.1,-0.8,-3.5,-2.5,-1.2,-1.4,1.0,-0.6,-4.3,-2.5,6.9,-2.9,-1.9,-3.6,-3.4,-3.5,-4.4,-3.1,-0.1,-0.8,2.3,1.4,2.8,-4.4,-5.0,-0.6,-4.3,-6.9,-1.1,-3.2,-0.2,-2.1,-0.6,0.7,-2.6,-3.6,-4.0,-2.7,4.3,-2.2,-2.5,-5.4,-5.2,-7.0,-1.9,-5.4,-2.5,-5.8,-4.6,-6.4,-8.8,-6.3,-7.1,-8.8,-10.5,-2.8,-6.8,-6.9,-3.1,-2.0,-10.6,-1.6,-2.6,-4.1,-3.4,-2.0,-3.4,0.2
2C7L519Fbp,0,48.105065,11.634964,4442811.79,2778181.62,548.8,594.5,259,7469,2.2,0.84,0.4,32.68,348.97,-0.53,-0.103,0.842,-0.4,0.1,-1.31,0.17,1.1,0.1,-0.3,0.3,-0.1,-1.3,-0.5,-1.0,0.9,0.3,0.9,-0.8,9.4,0.8,0.7,-2.4,1.7,-3.1,-2.7,-2.1,-3.8,-3.3,-2.3,-2.7,-3.5,-0.8,-1.4,-1.5,-2.5,1.5,2.1,-0.0,-2.9,3.0,-4.6,-5.4,-3.6,-1.4,-0.3,0.0,0.7,3.3,0.8,2.0,1.7,2.5,0.9,0.8,1.3,1.9,0.4,0.6,3.1,1.6,0.4,-1.3,0.5,-1.2,1.1,-0.1,0.3,1.3,3.1,-0.4,1.0,-0.8,0.1,0.2,-0.1,0.2,-5.9,1.7,-0.2,1.8,-1.1,0.1,-3.8,2.2,1.8,-0.6,1.4,0.9,1.1,0.3,1.1,1.4,-0.2,-0.3,2.7,2.2,2.4,2.8,0.1,-1.9,-3.6,1.7,-2.0,1.2,-2.4,2.3,2.9,3.0,3.2,3.8,2.8,0.0,1.5,1.4,2.5,2.4,6.3,1.9,2.9,1.0,1.3,0.4,2.1,5.2,2.9,3.2,2.7,3.5,3.6,0.3,2.9,2.0,0.2,2.3,4.1,1.9,1.9,2.4,-2.1,-4.0,-1.3,4.5,1.2,-3.8,-4.3,0.4,1.6,8.8,4.2,-1.1,3.6,1.8,1.5,2.0,3.4,5.9,2.6,2.9,0.9,4.4,2.7,0.7,-0.2,-0.9,5.2,4.8,1.9,1.6,-0.9,-1.1,-6.5,1.2,-2.7,-4.8,0.7,0.1,1.1,-1.2,-2.0,-2.3,-2.1,-6.8,6.7,-0.2,3.3,1.5,0.7,-0.7,-0.3,-1.3,-2.4,-4.8,-3.2,-2.0,-5.7,-1.3,-1.5,-2.9,-2.8,-5.0,-2.0,-4.3,-2.0,-0.9,-2.3,-1.2,-5.2,-3.7,-2.2,-0.6,-2.8,-3.9,-1.0,-3.8,-2.9,-2.8,-2.2
2C7L519FZH,0,48.103888,11.625652,4442120.9,2778035.52,534.0,579.7,259,7311,1.7,0.93,0.18,32.64,348.97,-0.529,-0.103,0.842,-0.9,0.1,-0.55,0.13,0.2,0.1,-0.3,-0.1,-1.0,-1.4,-1.0,-1.1,1.1,-0.8,-1.2,-1.1,3.1,-0.6,0.7,0.1,-0.8,-0.2,-0.7,-0.3,-2.5,0.3,-2.0,-0.6,-0.2,-1.1,-2.4,1.1,-0.0,1.2,1.3,-0.9,-4.6,-9.3,-5.6,-3.9,-1.8,-2.2,-0.4,1.1,-0.5,1.8,0.0,0.7,1.4,-0.2,-0.9,-1.5,-0.8,0.8,-1.4,-1.7,-0.6,1.1,-1.6,-0.6,-1.5,-1.5,-0.7,0.2,-0.5,-0.8,-1.6,0.0,-0.7,1.3,-0.4,-0.2,-0.1,-0.6,1.2,-2.2,-2.6,0.8,-1.1,-1.7,-1.2,-1.7,-1.6,0.4,-0.9,-1.9,-0.9,-1.3,-1.5,-2.0,-2.3,-2.3,-1.4,0.0,-4.5,-0.7,-0.8,-2.2,-1.6,-1.3,1.3,-2.8,1.4,-0.6,-1.3,-2.4,-0.0,-2.6,-1.7,-1.7,-0.0,-1.2,-1.3,-0.8,-1.5,-2.1,-1.6,-1.9,-1.6,-1.5,-1.9,-1.7,-1.4,-2.5,-0.4,-1.9,-1.4,-0.0,-1.3,-1.6,-2.4,-2.1,-1.4,-0.6,-2.3,-1.7,-2.3,-3.4,-1.1,-0.3,-2.5,-2.4,-2.4,-1.6,-7.7,0.2,0.4,-0.7,-1.5,-2.4,-2.6,-1.8,-2.6,1.4,-0.0,-2.2,-1.5,-2.7,-2.5,-2.5,-3.4,-2.7,-2.4,-3.2,-3.1,-2.1,-2.6,-2.9,-2.3,-1.4,-3.8,-3.9,-0.1,-2.5,-4.8,-0.8,-1.8,-3.7,-5.4,-4.6,-1.8,-2.8,-2.4,-3.4,-2.2,-0.5,-3.1,-3.4,-3.4,-4.1,-4.1,-3.2,-3.8,-3.5,-2.1,-2.2,-4.6,-4.9,-3.7,-2.9,-4.2,-5.3,-4.1,-3.9,-3.9,-4.1,-3.6,-3.0,-2.4,-2.8,-5.6,-10.7,-6.3,-17.7,-10.5
2C7L519FZI,0,48.103889,11.625659,4442121.48,2778035.65,531.6,577.3,259,7312,2.1,0.9,0.39,32.64,348.97,-0.529,-0.103,0.842,-1.2,0.1,-0.21,0.16,0.5,0.1,-0.3,-0.7,-0.9,-0.4,-2.8,-3.5,1.1,-1.1,-0.0,-2.2,4.0,-0.1,-0.9,0.2,-0.4,1.9,0.3,2.1,0.7,0.2,-0.1,-2.1,0.4,-1.8,-2.4,1.2,-1.4,-1.0,0.7,0.4,-3.7,-9.3,-8.1,-2.2,-2.4,-4.4,0.8,2.2,-0.5,0.6,-1.3,-1.0,-0.3,1.3,-0.5,-0.1,-1.9,-0.1,-1.7,-3.1,-1.3,-1.4,-2.6,0.2,-2.7,-3.5,-0.6,1.3,-1.3,-0.4,-2.2,-0.1,-2.1,0.1,-1.5,-1.0,1.5,-2.1,-1.0,-3.2,-1.4,0.4,-1.3,-3.0,-2.8,-1.8,-0.5,-1.1,-0.8,0.3,-2.4,-0.7,-0.2,-2.7,-3.2,-2.9,-3.7,0.6,-6.7,-2.7,-1.2,-2.5,-3.6,-3.0,0.9,-4.9,0.7,-1.6,-3.4,-4.3,-1.1,-4.7,-1.8,-3.3,-1.7,-2.9,-3.6,-2.3,-3.0,-3.7,-4.0,-5.2,-1.1,-1.3,0.1,-3.0,-2.2,-2.8,-1.9,-0.6,-3.4,-0.6,-2.7,-4.1,-3.4,-2.3,-1.2,-0.3,-4.8,-3.2,-2.9,-5.3,-1.6,-2.4,-2.8,-5.9,-2.2,-3.0,-10.6,-1.1,0.2,-2.3,-3.2,-3.8,-4.0,-2.0,-4.2,1.0,-0.8,-3.5,-2.6,-3.0,-4.8,-4.5,-5.3,-5.1,-1.8,-3.5,-4.1,-4.1,-5.5,-6.4,-3.9,-2.2,-5.1,-6.1,-1.9,-5.2,-5.8,-2.5,-2.3,-6.5,-6.3,-7.5,-3.1,-2.2,-4.3,-6.9,-5.7,-1.1,-5.0,-4.2,-7.3,-6.5,-4.0,-6.3,-8.9,-6.2,-5.1,-5.0,-6.3,-7.6,-6.6,-7.8,-7.1,-8.0,-5.1,-7.1,-6.2,-6.6,-4.7,-4.3,-4.2,-4.3,-8.2,-14.7,-6.3,5.8,-13.4
2C7L519FaW,0,48.10446,11.630113,4442451.87,2778106.51,538.9,584.6,259,7388,3.6,0.72,0.46,32.66,348.97,-0.53,-0.103,0.842,-0.2,0.2,0.11,0.28,1.1,0.2,-0.3,-2.0,-0.5,-1.4,1.3,-1.0,-1.7,0.6,0.3,1.1,1.6,-1.5,-4.2,-2.4,-4.2,-0.6,2.7,-0.0,7.3,1.3,-2.4,-3.5,-11.5,-4.7,-0.9,-5.5,-7.1,-10.3,6.6,1.9,-6.7,-10.3,-4.9,2.4,4.5,7.1,-0.1,4.1,1.0,0.6,1.4,4.1,0.1,3.1,-0.6,1.7,-3.9,0.4,-8.8,-0.7,-2.7,-5.5,6.5,-0.4,-6.7,-4.5,-1.3,-0.8,-0.9,-3.6,0.7,-0.1,-3.4,-4.6,-0.2,-0.2,-0.9,-1.4,0.9,-4.8,-0.5,-2.4,-1.6,-2.3,0.0,-3.5,-3.2,-1.2,-2.4,-3.1,0.9,-2.1,-1.7,-2.6,-4.6,0.6,-7.7,-0.8,-14.3,-2.7,0.1,-1.8,-2.5,-1.8,-2.8,-5.5,0.8,-3.6,-3.5,0.3,0.2,-0.3,-3.0,-5.7,-1.7,3.4,-0.3,-2.8,-2.8,-1.3,0.9,-1.4,-4.2,-3.0,3.2,1.4,-0.4,-2.3,-1.8,-1.9,-1.6,0.9,1.3,0.6,-0.7,3.2,1.6,1.5,0.9,-3.0,-3.5,-0.1,-1.4,-5.5,-1.7,-1.8,-11.8,0.9,-4.3,0.7,3.8,-1.5,-2.1,-0.1,-0.9,2.6,-6.2,-0.3,2.4,0.7,0.4,4.0,-2.2,2.0,-5.8,-0.0,0.0,-4.0,-0.3,-0.3,-10.3,-7.8,-5.6,0.3,-3.6,-4.2,-1.5,2.9,3.3,0.6,9.9,-1.9,-8.0,-11.8,1.5,1.8,0.4,-2.3,-3.8,-3.0,-3.4,-4.2,-1.6,-5.8,-4.9,-4.7,-2.7,-5.1,-5.4,-0.7,-2.6,-5.7,-3.1,-9.0,4.2,-5.0,-6.9,-1.6,-1.0,3.2,2.6,-0.7,-1.1,7.8,-4.2,0.9,-10.4,7.2,-1.2
2C7L519Fbe,0,48.104995,11.63428,4442761.03,2778172.81,546.9,592.6,259,7458,3.7,0.72,0.45,32.68,348.97,-0.53,-0.103,0.842,-1.9,0.2,-0.82,0.28,0.7,0.2,-0.3,-1.5,0.4,-0.9,-5.5,-5.6,1.1,-8.3,-6.5,13.4,12.3,0.7,-6.2,-6.8,0.4,12.2,-1.5,-8.7,4.3,3.3,1.8,-1.4,1.6,-3.2,0.9,1.8,4.4,2.2,-9.8,-2.3,-0.6,-3.8,-2.8,-5.1,-5.2,-4.5,-0.3,2.1,1.0,-1.5,0.7,0.5,-7.0,-0.4,3.1,2.3,2.7,-8.0,-1.6,6.5,-1.6,-0.5,2.4,2.9,0.7,2.4,-0.5,-0.1,-1.3,-2.7,-1.0,-1.0,0.9,-3.7,-0.6,10.4,-2.8,-4.0,-2.7,0.3,-0.7,-3.9,-0.4,-8.0,1.1,-1.4,1.5,-1.9,-3.4,-3.9,-1.3,-0.8,-4.5,2.0,-6.2,-1.7,-1.4,1.0,0.2,-1.2,-1.4,-4.6,-10.2,-9.1,-6.2,-5.0,-4.2,-4.7,-0.9,-2.1,-4.6,-3.5,-2.3,-2.1,-1.3,-3.1,-3.5,4.3,-2.9,0.5,-1.9,-2.3,-2.5,1.0,-4.1,-1.0,-0.8,-2.1,-2.8,7.0,8.2,-10.3,0.1,-5.3,-2.5,-0.0,2.1,0.6,-2.6,-2.8,-5.5,-4.5,0.3,-6.4,-3.7,-1.9,-5.4,-1.2,-0.8,-3.5,-1.7,1.0,-6.6,-5.5,-3.5,-0.9,-2.9,-6.4,-2.7,-4.2,-6.5,-15.0,0.0,-1.0,-2.5,4.8,-4.9,-2.5,-3.0,-4.7,-5.9,-4.4,-7.1,-3.2,-6.9,-5.1,-10.0,-2.6,-1.1,-6.3,-6.8,-5.9,-6.9,-11.7,-7.1,-3.0,-10.6,-10.1,-7.6,-12.8,-12.0,-4.8,-4.6,-3.8,-7.6,-9.0,-7.5,-10.8,-8.3,-8.5,-9.6,-10.3,-7.7,-9.2,-6.5,-7.5,-14.4,-9.9,-8.8,-10.9,-6.4,-10.9,-9.6,-9.5,-7.1,-15.8,-9.9,-7.8,-4.1
2C7L519FYU,0,48.103563,11.622985,4441923.0,2777995.13,540.3,586.0,259,7262,2.4,0.88,0.32,32.6,348.92,-0.529,-0.104,0.842,-0.3,0.1,-0.13,0.19,0.5,0.2,-0.3,0.6,-1.2,-0.7,2.2,3.3,-0.2,2.5,0.4,-0.5,-12.1,-1.6,2.1,-0.0,1.3,6.0,-1.8,1.4,-1.2,-2.2,-4.6,0.6,3.8,-1.8,-1.6,0.4,2.9,-0.5,2.4,-3.4,-4.4,-17.4,-5.9,-4.2,-3.2,-2.9,-3.1,-1.6,-1.9,1.2,-0.8,1.4,0.4,1.2,0.2,-0.1,-0.5,0.5,-0.5,1.3,3.0,1.3,-0.4,1.4,1.9,-0.0,1.1,-0.7,1.4,-1.7,-1.2,-1.4,-1.0,1.8,-0.0,-0.4,-2.3,-1.7,-0.6,-1.2,-0.8,0.7,-0.3,-1.8,-1.4,-0.7,0.7,1.2,-0.6,-0.8,0.1,0.3,-1.1,0.6,1.6,0.9,0.3,3.1,-5.5,-0.7,-3.2,0.2,-3.3,1.3,-0.3,-1.1,4.5,1.4,-1.8,-1.5,0.7,-1.5,-2.9,1.7,-1.0,-1.3,0.4,-2.0,4.0,2.0,-0.9,-2.0,0.8,-1.2,-0.9,0.7,-2.2,1.8,-1.9,-2.6,-0.2,-0.1,-2.4,0.7,-1.0,-1.5,-1.5,-2.9,-2.0,-4.0,-4.6,-7.3,0.9,-1.5,0.1,-1.8,-3.2,-1.3,-4.0,1.2,-1.1,-0.4,1.2,-1.4,-3.2,-1.3,-2.6,2.8,-4.0,-3.7,-0.8,-2.4,-3.8,-2.6,-4.0,0.0,-0.0,0.9,-1.9,-0.6,-0.5,-2.6,-3.7,-0.5,-4.0,-0.9,0.3,-2.1,-5.7,0.4,0.7,-2.5,-2.3,-0.3,2.6,-0.7,-4.0,0.8,-1.6,0.2,0.5,1.1,-0.6,1.7,-2.4,-0.5,1.7,0.7,0.7,-0.3,-3.7,-1.7,2.4,-2.4,-2.1,-4.9,-3.3,-0.7,-1.6,-6.3,-5.2,-3.0,-2.2,-1.9,-2.5,-1.3,-2.8,-3.7,-1.8
2C7L519FYV,0,48.103568,11.623019,4441925.59,2777995.69,539.3,585.0,259,7263,3.8,0.75,0.45,32.6,348.92,-0.529,-0.104,0.842,-0.8,0.2,-0.53,0.29,0.7,0.3,-0.3,9.9,-1.5,-8.8,-0.4,-1.3,-0.7,-1.4,-1.7,-4.1,-3.1,-2.0,-1.6,2.7,1.8,4.2,2.7,-1.8,-6.1,-0.8,13.5,0.6,4.3,0.4,-4.0,-6.6,-0.1,16.8,-1.0,-4.2,-4.2,12.7,-8.7,-5.8,-12.9,-1.2,-0.7,-1.9,-0.4,0.0,-4.3,6.9,3.4,-2.2,0.8,-3.8,-1.7,0.4,-0.0,3.5,2.0,-0.4,0.9,-2.5,2.9,0.1,-0.2,-6.1,2.9,0.8,0.4,2.2,2.1,4.6,2.0,1.3,14.4,3.5,-0.4,-1.4,0.4,3.5,-3.3,-1.8,-1.9,-2.5,-1.2,-0.6,1.7,-3.1,-0.7,-2.3,-2.0,-0.8,1.2,-0.1,0.3,5.4,-4.5,-1.4,-3.8,1.3,2.0,0.6,-1.4,1.1,6.4,2.0,-1.7,-3.7,1.0,4.1,-1.2,-1.9,-7.4,-2.2,-1.1,-4.8,2.3,11.6,-2.3,-4.9,-1.5,1.7,0.1,-1.7,-3.2,-1.1,-2.0,-1.6,-0.9,-2.0,-0.1,1.6,-0.9,-1.3,0.7,-0.9,0.5,-6.0,-4.8,-0.2,-0.4,-0.5,-3.2,-2.7,1.0,-1.0,-5.1,5.5,-2.2,-0.6,-1.6,-3.8,-6.6,-2.5,-2.8,-0.6,12.8,-1.2,0.0,-3.0,-4.1,3.8,1.4,1.3,0.5,-1.6,-2.1,-2.3,-1.9,-5.0,-6.7,-2.8,-9.7,-3.7,10.3,0.0,-2.6,-2.8,-0.2,-5.3,-5.2,-2.2,-5.8,-4.3,-2.3,-1.0,-3.8,-2.1,-2.9,-1.8,-1.4,0.4,-3.9,-2.8,2.9,-4.9,-1.4,-2.3,-3.9,-6.8,-0.7,-6.7,-3.6,-6.2,-6.7,-2.1,-2.2,-7.1,-6.3,-4.9,-4.9,-3.9,-3.1,-0.9,-1.1,-7.6,-4.2
2C7L519FZG,0,48.103898,11.625591,4442116.38,2778036.62,534.1,579.8,259,7310,2.7,0.84,0.36,32.64,348.97,-0.529,-0.103,0.842,-1.1,0.1,-0.36,0.2,0.6,0.2,-0.3,1.0,-2.4,-2.3,0.9,0.3,0.5,-1.2,-0.1,-0.9,0.0,0.2,0.6,-0.3,0.3,0.8,0.7,2.2,-2.4,3.4,-1.9,-1.3,2.2,-0.8,1.6,-0.0,0.7,-0.3,-0.0,2.8,-3.5,-11.0,-3.9,-3.1,2.9,0.5,2.5,3.2,2.9,0.0,-1.6,2.4,3.8,-1.1,3.2,-0.3,-0.2,1.9,-1.5,-2.6,1.0,1.8,-3.0,-2.2,-2.3,-0.8,0.5,0.7,-0.4,-0.8,-0.7,1.2,-0.4,-1.1,1.8,-1.3,0.5,-1.4,7.3,-0.4,-4.5,0.7,-0.5,-1.9,0.6,0.1,0.3,0.5,-2.6,-3.2,1.5,-1.9,-0.0,-4.4,-2.5,-2.9,0.3,1.9,0.2,4.5,4.1,-2.7,-0.8,2.0,5.5,-1.8,4.6,-4.4,5.0,-0.7,-2.1,-4.9,1.0,-3.3,-1.9,1.6,-3.5,-1.6,-0.6,-2.3,-3.6,-2.7,-3.9,-3.1,-3.5,-2.5,-1.9,-2.4,-5.6,-3.6,-0.6,-1.4,-1.2,-1.9,-3.6,-1.4,-0.2,-1.6,-2.6,-0.1,1.0,-4.8,-0.7,0.1,-4.6,-0.9,-2.2,0.4,-9.9,-1.1,-1.4,-2.8,-3.9,-4.0,-3.6,-2.4,-2.5,0.4,-0.6,-2.3,-1.4,-0.8,-1.6,-2.7,-4.3,-2.3,-3.5,-2.2,-4.0,-3.2,-4.9,-2.4,-3.1,-0.2,-7.7,-4.7,0.9,-2.8,4.2,-1.3,-1.9,-2.8,-3.8,-5.0,-3.0,-3.0,-2.8,-2.3,-1.4,-9.0,-1.9,-3.2,0.6,-5.0,-2.1,-2.6,-4.9,-3.9,3.0,-7.4,-3.2,0.1,-3.7,-14.2,-1.4,0.2,-3.7,-3.2,-1.0,-2.0,-3.3,-0.3,-4.5,-11.3,-5.6,-9.7,-9.3,-14.5,-10.4
2C7L519FY0,0,48.103365,11.621299,4441797.88,2777970.36,541.4,587.1,259,7232,3.4,0.81,0.47,32.59,348.92,-0.529,-0.103,0.843,-0.6,0.2,-0.44,0.26,1.3,0.2,-0.3,-1.3,-2.7,0.3,0.5,-0.5,0.7,0.6,-1.0,-0.3,7.5,-0.5,1.5,-0.8,1.0,3.2,-3.3,-1.3,-2.5,-1.0,-3.2,0.2,1.4,1.1,-0.9,-0.0,-0.8,-0.8,1.0,0.6,-4.3,-14.7,-8.1,-2.7,-6.0,-4.5,-4.5,-4.4,-4.9,0.8,1.5,0.5,-3.3,-0.4,-3.0,-2.2,-0.5,-2.4,2.0,-1.1,1.4,1.1,-0.9,-0.9,-0.1,-0.9,-0.5,-0.6,-0.7,-0.8,0.3,-0.3,-3.2,-18.6,0.3,-1.4,0.9,-2.3,-3.1,-0.3,-0.9,-2.6,-0.8,1.1,0.1,0.5,1.9,-1.2,-0.5,-1.8,-1.7,-1.8,0.6,-0.0,-1.5,-1.0,-21.7,-0.8,-10.8,-5.5,-1.9,-4.4,-1.9,-2.9,-2.1,-1.7,-0.5,-2.7,-3.8,-0.5,0.1,1.1,-4.6,-0.4,-0.1,-0.2,-0.3,-1.4,-0.5,2.1,0.0,-1.1,-2.2,-2.6,-1.5,0.2,-1.1,-4.5,-1.0,-1.5,1.6,-2.1,-0.3,0.3,-2.5,0.3,-0.4,1.4,-0.3,-0.1,5.2,-3.8,1.0,-3.9,-1.7,-7.5,-8.0,-0.4,1.2,-6.1,3.5,-1.4,-1.6,1.3,0.7,0.3,0.5,-2.6,1.5,1.3,0.8,-3.4,-0.7,-2.6,0.4,1.7,-9.2,1.2,1.7,1.7,-0.3,-4.6,-8.0,1.3,-6.5,-3.1,-3.4,-3.3,-4.8,-2.6,-6.7,-7.6,-2.1,-2.5,-1.9,-4.4,-18.3,-1.6,-4.3,-1.7,-4.9,-2.6,-2.7,1.8,-0.0,-2.0,1.0,-11.5,-6.9,-7.4,0.7,-1.5,-13.6,-5.3,-11.0,-6.1,-2.6,-3.7,-6.5,-4.6,-3.0,-4.5,-2.9,-7.3,-1.4,-4.8,-2.0,-1.8,-0.3
2C7L519FY9,0,48.103439,11.621873,4441840.49,2777979.5,545.0,590.7,259,7241,4.1,0.7,0.45,32.6,348.92,-0.529,-0.103,0.842,-0.3,0.2,-0.36,0.31,0.5,0.3,-0.3,0.9,-2.7,-0.6,-0.7,1.6,-9.7,-2.7,3.1,-2.1,4.1,-0.4,6.2,-0.5,-0.9,-1.1,-1.5,-1.6,-0.2,-1.1,0.1,0.2,1.0,1.1,-1.0,-0.8,1.0,0.5,4.7,2.7,-3.0,6.9,-4.6,-5.0,-4.7,-5.2,-1.7,-1.8,-1.4,3.1,2.4,8.9,2.8,1.1,1.8,2.8,1.6,-1.1,-14.8,-2.4,-2.3,0.4,1.0,0.3,1.3,-0.7,-2.1,2.5,2.2,1.5,0.7,-5.9,-1.1,-4.6,-1.0,-15.5,3.0,-1.4,-2.1,-2.8,-1.1,-0.3,-1.9,3.3,-1.9,-0.3,-0.2,-1.6,-0.7,-0.6,-2.2,-2.7,-1.4,-1.7,-2.4,-0.3,0.3,-2.7,-3.8,-2.3,-3.5,1.2,3.5,1.7,-1.7,-0.4,10.2,0.1,-2.0,-0.2,-2.0,-2.8,-2.0,1.0,-2.6,1.0,-1.1,0.5,0.9,-2.6,1.6,-0.3,1.7,1.9,1.8,1.9,3.1,-0.7,-8.4,-1.4,-1.0,9.3,-7.1,5.0,-0.1,2.6,2.4,1.7,1.9,-0.5,-1.7,1.1,-2.0,4.0,-2.8,-3.1,-3.3,-1.5,-0.8,-0.5,0.4,10.7,1.6,0.1,2.8,7.3,-13.6,-10.3,0.9,1.9,4.2,-10.0,4.6,5.0,-6.3,-5.0,0.8,2.7,0.9,-8.0,-2.2,-0.9,-3.5,-1.1,-3.2,0.0,3.5,2.0,-3.6,3.3,-3.0,-1.3,-3.1,-17.7,5.6,4.5,8.9,2.5,-0.4,3.1,1.1,-2.9,-0.6,-1.3,-2.2,-3.5,-4.3,-1.2,-2.7,-1.6,-0.8,-3.9,0.2,-6.9,-7.1,-8.6,-8.3,-5.0,-5.2,-0.1,-8.3,5.1,0.9,-10.6,7.2,-8.1,0.0,-1.5,8.2
2C7L519FZL,0,48.103947,11.625828,4442133.87,2778042.45,533.2,578.9,259,7315,2.0,0.89,0.3,32.64,348.97,-0.529,-0.103,0.842,-0.6,0.1,-0.25,0.16,0.8,0.1,-0.3,-0.0,1.3,1.0,1.3,1.5,0.3,2.0,1.3,0.7,-0.1,0.8,2.1,2.4,0.3,0.8,-2.1,0.8,-1.0,2.6,1.1,-4.8,4.3,0.1,0.9,5.5,4.4,5.3,4.2,3.3,-1.7,-5.6,-2.9,0.2,-0.6,1.4,4.0,5.2,2.1,4.9,4.9,6.3,5.9,5.3,0.7,2.1,2.3,0.8,-0.2,1.1,3.6,1.8,-0.9,1.8,2.0,0.2,-0.8,1.0,0.1,0.5,-0.6,0.0,-0.3,7.3,-0.7,0.9,-0.4,0.7,0.8,1.1,2.0,-0.1,1.7,0.3,0.7,1.9,1.3,4.6,6.5,2.0,2.8,1.1,2.3,1.3,3.3,1.0,4.7,3.1,1.4,1.0,4.8,1.8,2.3,1.8,3.6,0.3,3.9,5.1,1.4,0.7,3.0,0.6,2.7,1.1,2.2,2.5,3.5,1.7,0.1,0.2,3.4,0.5,0.9,0.5,0.7,-0.2,-2.1,-1.9,0.0,0.0,0.4,1.1,0.5,-1.0,0.0,-0.1,2.0,1.8,1.3,1.8,1.5,0.2,-1.6,1.6,0.7,2.4,0.1,0.3,-5.5,1.4,3.8,-0.8,1.6,-0.2,0.2,2.6,1.4,-0.1,1.4,0.3,1.4,0.2,-1.0,1.2,1.5,2.1,-0.9,0.5,1.5,3.7,1.2,0.4,5.4,1.0,-2.7,-1.7,-0.9,0.2,-3.6,2.1,-0.8,-0.8,-3.1,-4.4,-8.1,-3.1,-2.4,-1.8,-1.2,-0.4,-1.9,-0.8,-1.0,1.3,-1.0,-0.0,0.2,-1.3,3.3,3.4,-2.4,-4.3,0.4,-0.1,0.8,2.9,-0.2,3.4,-2.9,-1.3,-0.4,-2.6,-0.1,-0.7,-0.1,-1.4,-0.1,-2.4,-0.4
2C7L519Fbl,0,48.105078,11.634633,4442787.12,2778182.55,544.3,589.9,259,7465,2.9,0.82,0.41,32.68,348.97,-0.53,-0.103,0.842,-0.7,0.1,0.23,0.22,0.7,0.2,-0.3,2.3,2.3,1.8,1.1,0.3,4.1,-0.0,0.2,2.8,-0.2,1.8,1.7,-0.4,-1.2,0.2,0.2,-0.9,-1.2,-3.6,-3.1,-4.7,-3.3,-1.4,-0.5,-0.6,-1.1,0.1,0.8,-2.7,-3.3,-2.2,-4.8,-5.9,-4.2,-1.0,-2.0,-1.3,-0.8,-0.3,0.1,0.6,-0.4,-1.7,0.5,-0.2,-1.6,-1.2,-1.6,-0.9,1.0,0.1,1.1,-0.2,0.1,-1.2,-0.7,-2.2,-0.1,-1.1,-0.1,-0.7,0.4,0.7,-1.9,-1.8,-1.4,-3.0,-6.5,-1.6,-0.1,-3.3,0.5,-0.5,2.4,-0.6,-0.4,0.6,-0.3,0.2,-0.3,-0.6,-1.4,-0.1,-1.4,-1.2,-2.4,-0.6,-0.9,0.7,0.4,1.3,-3.2,-2.1,-3.4,1.7,0.4,-3.1,0.4,4.1,0.2,-1.7,-1.6,1.4,1.9,0.0,-2.0,0.2,-1.7,-4.9,-3.4,-1.9,-1.8,-0.4,-0.6,-1.6,-3.2,-1.0,-1.2,-2.2,-3.6,-2.7,-0.3,0.2,-0.7,-0.3,0.6,-2.3,-0.6,-0.2,-6.7,-2.0,0.9,-2.7,-2.7,-4.6,-8.4,-2.8,-2.7,-1.5,-6.8,-1.5,-5.0,-1.5,-0.7,-1.9,-1.7,-2.1,-0.9,-3.2,3.3,0.8,-3.8,-2.0,-4.0,-1.3,-2.7,-7.2,-3.0,-3.0,-3.3,-6.3,-10.1,-4.6,-5.6,-5.4,-3.9,-2.8,-3.0,-0.4,-3.5,-3.2,-4.5,-4.6,-2.8,-6.1,4.0,5.0,-14.2,-8.6,-5.0,-2.5,-3.3,-5.2,-4.2,-2.8,0.5,0.7,8.2,-8.5,-7.6,-3.8,-2.9,-14.7,2.8,3.0,-15.7,6.5,-6.4,5.3,-7.6,-8.0,-0.9,-4.9,-1.4,-3.8,0.9,0.2,2.0
2C7L519Fbo,0,48.105112,11.634902,4442807.09,2778186.82,551.2,596.9,259,7468,2.7,0.85,0.42,32.68,348.97,-0.53,-0.103,0.842,-0.4,0.1,-0.12,0.21,0.6,0.2,-0.3,0.5,1.8,-1.7,-0.2,-3.4,9.1,-0.5,2.0,3.3,-5.6,0.5,-0.7,-1.6,0.5,-1.3,-0.9,-1.5,-1.6,-3.3,-1.9,-3.6,-1.4,-2.0,1.0,1.0,0.1,-0.2,-3.3,2.5,-0.6,0.3,-3.4,-3.4,-4.7,-1.5,1.0,1.1,2.6,-0.3,0.6,-0.2,-3.4,-0.9,-0.3,-0.5,-2.1,0.9,-1.1,-4.4,-1.1,-2.4,-1.5,-0.1,0.1,-1.2,-3.0,-1.4,-1.1,-2.8,-3.3,-6.6,-3.0,-2.7,-1.4,-3.9,0.3,-2.6,-2.8,-2.6,-4.6,-3.6,0.9,3.0,-0.3,-2.8,-1.0,-2.1,-1.0,-1.8,-2.7,-0.2,-1.5,-2.1,-0.0,-0.9,-1.0,0.8,-2.2,-0.9,-0.7,-2.3,-2.8,1.2,-5.9,-3.0,-2.8,2.2,0.6,1.1,-1.0,-0.9,-0.6,-1.4,1.2,-1.7,0.3,-1.5,-0.8,0.6,-1.9,0.2,-1.5,-3.1,-2.3,-3.9,1.3,-1.2,-1.8,3.3,1.5,5.2,1.9,3.5,-0.3,-1.0,-1.7,5.6,-0.1,-1.3,-5.3,-1.9,-3.9,-2.6,-1.1,-2.0,-3.4,-1.2,-6.0,-1.7,-3.5,1.2,-1.3,-3.5,-4.6,-0.1,-2.5,-5.2,-3.8,1.0,-0.4,2.8,0.0,-0.7,-0.3,-2.3,-0.5,-0.1,-0.4,-2.0,-3.1,-2.7,-7.8,-3.7,-6.8,-6.9,0.2,-1.0,1.2,0.2,-3.1,-1.2,-3.7,-9.1,-0.1,-1.3,5.9,0.2,-3.0,7.7,-2.8,-3.3,-2.1,-1.8,0.2,-3.4,-3.4,-3.2,-5.4,-3.8,-3.3,-4.4,-0.3,-3.5,-2.6,-1.6,-0.8,-1.7,-0.0,-12.1,2.2,1.2,-16.7,-2.1,-2.8,5.0,-1.4,-2.8,-3.4
2C7L519FYE,0,48.10347,11.621969,4441847.57,2777983.1,536.1,581.8,259,7246,3.0,0.81,0.36,32.6,348.92,-0.529,-0.103,0.842,-1.0,0.1,-0.34,0.23,1.4,0.2,-0.3,-0.9,-2.3,-1.8,-2.2,-6.2,-11.2,-0.7,4.3,-0.9,-1.8,-3.2,8.4,0.9,-7.2,0.1,-1.5,1.8,0.0,5.5,4.0,11.5,-5.9,11.0,7.5,4.4,11.4,14.5,7.7,18.2,-1.7,-7.9,-1.3,2.2,3.2,-0.6,5.1,2.8,4.9,4.6,5.3,5.0,5.1,4.9,2.9,4.0,3.3,0.8,3.1,3.6,-0.5,3.5,2.3,1.4,2.6,1.1,2.0,2.7,1.0,1.4,0.2,1.3,-0.3,1.1,0.2,-1.8,-1.3,-0.1,-0.8,1.4,1.4,-0.1,1.4,3.6,0.6,1.5,-2.9,-2.8,1.6,-0.0,2.5,0.3,0.8,0.4,7.2,2.9,1.1,1.5,-2.3,6.2,1.8,-0.4,3.2,2.5,3.7,1.9,4.4,2.5,1.5,0.3,2.2,2.3,0.9,2.1,2.0,1.3,2.7,1.8,0.4,-0.4,0.6,-0.9,1.9,1.1,0.8,1.6,1.2,-0.2,0.4,1.1,-1.2,-0.7,1.3,2.0,1.7,-0.4,0.6,4.3,-1.3,0.2,0.8,0.7,1.4,-3.0,-0.6,3.1,2.4,4.0,2.3,4.9,0.3,2.3,2.0,-3.3,-1.8,1.1,-0.6,0.5,-1.1,-1.6,-0.6,-0.3,-3.1,-5.6,-1.7,-2.0,0.5,-1.0,1.3,2.6,0.9,-1.1,0.3,-0.1,0.5,0.2,-0.4,-1.1,-2.9,1.0,-1.0,-1.6,-2.2,-1.8,-2.6,-2.2,-1.4,-2.0,-1.0,8.9,-1.8,-2.2,-1.7,-4.2,-1.2,-2.8,-1.6,-3.0,-1.5,-2.4,-3.8,-2.4,-1.1,-3.1,-3.8,-3.8,-2.4,2.3,-2.3,-1.1,-2.5,-0.6,-1.2,-2.3,-3.3,-1.1,-0.8,-2.4,-3.6
2C7L519FYF,0,48.103481,11.622052,4441853.76,2777984.42,537.4,583.1,259,7247,3.2,0.79,0.46,32.6,348.92,-0.529,-0.104,0.842,-1.2,0.2,-0.64,0.25,0.6,0.2,-0.3,-0.8,2.5,-0.4,-0.0,0.4,1.0,-0.1,-0.1,-0.1,-7.9,0.3,8.9,0.5,-0.3,-0.1,-0.1,1.9,1.1,4.6,3.7,4.4,-4.4,0.9,5.5,2.0,4.9,-1.9,3.9,-5.9,2.1,13.9,-0.4,-6.8,8.9,-4.1,-4.1,2.2,-2.7,1.0,2.3,-0.4,-6.5,2.2,-0.6,3.7,0.4,-1.2,5.5,7.2,-3.9,2.3,2.5,4.1,1.9,-0.4,-0.4,1.9,0.0,-0.6,-1.0,-1.9,0.2,-0.5,-0.0,-6.2,-1.2,0.3,-1.5,-3.3,1.6,-0.2,3.3,5.1,1.9,2.6,-1.2,-2.0,1.0,0.8,4.0,1.0,2.5,0.3,1.4,0.5,1.3,1.6,-2.0,0.6,0.9,0.2,2.4,1.1,3.8,1.8,3.9,2.0,2.5,2.6,2.3,-5.9,1.2,2.0,2.2,1.4,-0.7,2.6,-3.0,-2.3,-0.5,-1.8,3.9,0.1,-1.6,-3.9,-5.0,-2.4,-0.5,3.5,-1.1,-3.2,-0.3,-2.9,1.6,1.5,2.7,10.4,-2.1,-1.4,2.3,0.2,-0.7,-7.7,14.0,-3.3,-2.8,1.2,-7.7,3.6,-1.7,0.2,0.9,-3.8,-0.7,-0.0,-0.7,0.8,-0.1,-1.4,-1.5,-1.6,-2.2,-2.0,0.6,-2.0,-2.2,-2.0,-0.9,-4.7,-2.1,-0.2,2.0,-1.2,-0.0,-6.5,2.4,-1.6,-7.4,-1.2,-2.2,-3.3,-4.7,-1.3,-2.8,-3.2,-1.8,-1.9,-0.9,-14.2,-1.5,-3.6,-2.0,-3.6,-5.7,-4.0,-4.7,-5.0,-2.2,-4.1,-2.6,-1.6,-1.2,-5.8,-7.1,-7.0,-6.4,-6.8,-6.6,-3.7,-2.3,-1.3,0.2,-1.1,-2.4,-2.7,-1.7,-6.8,-15.5
2C7L519FYT,0,48.103593,11.622924,4441918.45,2777998.29,541.3,587.0,259,7261,3.3,0.77,0.39,32.6,348.92,-0.529,-0.104,0.842,-1.1,0.2,-0.22,0.26,1.4,0.2,-0.3,-8.9,-0.7,0.0,-0.7,2.1,-1.1,4.4,6.5,0.7,9.7,0.7,4.1,-0.8,1.4,1.1,-3.0,-0.4,-0.8,-5.0,-4.8,-3.6,-2.7,-3.7,-5.3,-2.2,-0.2,9.8,8.0,-2.7,-5.4,-16.2,-6.2,-2.3,-3.6,-8.0,-5.3,-5.0,-1.5,-1.1,-1.8,-0.4,-0.9,-0.2,-3.6,-0.5,-0.8,-0.1,0.2,-0.6,1.1,-0.4,-1.1,-0.2,1.4,-0.8,-1.7,-0.6,0.4,0.0,-0.4,-0.3,-1.6,1.0,-1.6,-1.3,0.0,-1.9,-1.9,-1.8,-0.9,-0.2,-0.1,0.9,-0.9,-2.7,0.8,-1.3,-2.8,-3.1,-2.7,-2.2,-4.0,-0.6,-0.1,-1.5,-1.4,-1.0,-4.9,-1.9,-5.7,-1.7,-2.2,-1.2,-1.7,-3.7,2.8,-1.7,-3.6,-3.6,0.3,-1.8,-2.6,-2.1,-7.2,-3.8,-4.6,-1.1,7.2,0.7,-2.8,-0.8,0.3,-0.7,-0.6,0.2,0.2,4.1,-1.6,-1.2,2.4,0.7,2.4,0.1,0.7,-1.8,-2.4,-2.9,-5.4,-6.9,-8.2,-9.2,-3.3,-0.5,-0.6,-7.4,-6.4,-4.4,-6.1,-1.3,-2.1,0.7,-0.2,5.4,-2.6,-0.7,-3.6,10.0,-2.7,-5.3,-1.0,2.1,-3.6,-6.9,-1.8,-9.4,-6.5,-5.7,-1.3,-4.5,-0.8,-5.0,-7.9,-8.4,-1.2,0.7,-7.3,-11.8,-7.0,-1.6,-1.3,-8.5,-7.5,-4.3,-0.6,-7.0,-16.1,-8.3,-6.7,-17.4,-3.6,-6.2,-5.6,-6.3,-3.3,-4.9,-2.7,-5.7,-7.0,-3.4,-6.3,-6.3,-3.2,-7.5,-4.5,-8.5,-4.5,-3.2,-4.3,-5.8,-3.5,-5.2,-4.6,-3.0,-4.8,-1.5,-1.5,-5.3,-5.6
2C7L519FYe,0,48.103658,11.623431,4441956.06,2778006.37,535.2,580.9,259,7272,2.4,0.88,0.33,32.63,348.97,-0.529,-0.103,0.842,-0.9,0.1,-0.27,0.18,0.9,0.2,-0.3,-3.3,0.4,-2.2,1.3,-1.6,0.6,-2.3,-1.4,-0.9,3.4,0.6,2.0,-1.1,-0.8,-1.2,-2.4,-2.4,4.8,-0.2,-0.3,1.9,-3.9,-0.6,6.4,1.5,-0.0,1.4,0.9,-0.2,-4.5,-17.4,-1.2,-5.8,-2.3,-4.4,-3.1,-1.4,1.8,2.1,1.6,-1.4,-0.3,1.3,-0.0,-1.8,0.1,-2.1,-1.0,2.8,0.2,0.3,-1.4,0.2,0.3,7.0,-0.9,0.5,-0.5,2.1,2.4,1.2,1.8,1.4,-0.4,-0.7,-1.4,2.6,-0.3,1.6,2.3,-0.1,-1.8,-0.3,-1.2,0.9,0.7,-1.2,0.2,-2.3,-0.2,-1.0,-3.5,-2.8,-0.7,-0.6,0.8,-0.4,-5.2,4.0,-3.3,-2.4,3.4,0.2,-2.5,-2.0,4.5,0.6,-2.2,-2.3,-0.4,-0.8,-0.9,-0.7,-0.6,-6.0,0.2,-2.3,-1.9,-2.9,0.1,-1.4,1.1,-4.9,-0.7,-2.1,-1.7,-3.8,-1.6,-1.6,-1.6,-1.1,-2.1,0.1,-0.4,-2.5,0.4,0.9,-5.5,-0.9,-2.4,-3.0,-10.9,-0.7,-1.7,-4.9,-2.7,-3.4,-1.2,-2.1,-3.0,0.1,-0.9,-1.1,-0.6,-1.2,-1.1,0.6,0.7,-3.3,-0.8,0.3,-1.2,-2.4,-0.7,-0.4,0.5,0.7,-1.1,-3.1,-5.1,-5.6,-4.1,-4.2,-6.0,-8.5,-0.1,-2.2,-7.3,-1.1,-5.3,-2.1,-4.3,-1.4,-1.5,-3.5,-2.6,-1.9,-3.7,-4.6,-4.5,-3.4,-3.1,-3.7,-1.6,-2.7,-7.6,-2.4,-1.8,-5.4,-6.2,-5.6,-4.8,-5.4,-3.8,-5.2,-3.6,-7.3,-0.0,-3.4,-4.5,-5.1,-4.1,-2.6,-2.8,-2.4,-3.3,-3.4,-3.9
2C7L519FZc,0,48.10411,11.626955,4442217.46,2778062.43,539.6,585.3,259,7332,4.2,0.65,0.45,32.65,348.97,-0.529,-0.103,0.842,-0.6,0.2,-0.31,0.32,1.8,0.3,-0.3,3.3,3.8,-2.1,1.3,0.7,4.1,1.5,-1.9,5.0,-7.3,-2.4,4.4,1.9,-2.4,0.5,-2.1,-4.0,1.8,0.9,-0.7,-3.5,0.5,-0.2,1.6,1.9,-6.0,-18.0,-1.7,-4.9,-0.5,-7.4,-5.2,0.7,5.1,-8.4,-1.8,1.3,-0.4,1.0,-0.1,-0.4,-2.1,-0.6,-2.8,5.6,-1.6,2.0,1.2,3.4,-0.7,4.3,-12.1,-14.0,-3.1,3.5,2.8,2.3,7.5,5.1,2.8,5.4,2.1,2.6,-6.1,3.4,-4.7,1.5,2.4,-0.8,-2.3,4.3,0.5,-8.1,-4.9,-1.2,-1.9,-1.9,-2.6,-1.3,-2.2,2.3,2.4,4.1,1.0,2.0,-4.6,2.2,0.5,-0.5,-7.7,-1.7,-5.3,-0.4,0.9,-9.6,1.6,2.7,0.9,-7.4,-3.0,-2.8,-3.5,5.3,-1.8,0.0,4.3,8.0,7.0,1.9,3.2,1.1,5.6,1.0,2.2,-1.1,2.6,5.5,2.4,-1.2,-0.2,-1.9,-0.8,1.3,2.4,-0.2,0.7,6.4,-2.0,1.6,-1.3,-0.5,1.5,-0.4,-0.9,0.7,-3.5,-3.7,-3.5,-3.9,0.2,1.8,-3.9,-4.9,6.1,-2.7,-3.1,-2.5,-0.7,4.7,1.6,0.2,-2.4,-0.3,4.5,-0.9,-9.3,-17.1,-7.6,-2.0,4.6,-6.5,-2.3,2.3,-9.1,-5.7,6.3,0.9,-0.6,-5.4,-17.5,-0.5,-1.2,0.2,-6.0,-6.9,-3.1,0.2,2.8,-7.5,3.0,-3.1,-3.6,-0.6,-10.4,-9.7,-8.1,2.5,-10.3,-0.9,-2.3,-0.2,-8.6,-6.2,-6.1,-5.8,-4.7,-4.6,-4.8,-2.4,3.2,-7.9,1.3,6.3,1.8,5.4,0.7,1.5,-0.7
2C7L519FZt,0,48.104248,11.62803,4442297.18,2778079.52,546.0,591.7,259,7349,3.6,0.7,0.43,32.65,348.97,-0.53,-0.103,0.842,-0.9,0.2,-0.24,0.28,1.5,0.2,-0.3,-4.6,2.3,-3.1,-0.6,-1.8,0.2,-0.5,-2.1,-4.1,2.2,-5.1,3.6,0.3,-3.2,-0.0,1.1,2.7,-1.0,-0.4,-1.6,-9.4,-0.2,-3.3,4.6,0.1,2.6,4.9,3.6,-2.4,-3.8,-1.9,-8.1,-7.4,-8.2,-2.6,-3.6,3.3,3.2,3.3,-0.9,-3.5,-1.4,0.8,-0.7,2.3,2.9,-2.0,-1.9,-4.1,-2.3,-2.0,-3.6,-3.8,-5.3,0.2,1.1,-1.0,0.3,-1.5,-3.3,-1.0,-1.2,-2.9,-5.6,4.5,-4.2,-5.0,-6.1,-6.2,-3.2,-8.5,-3.3,-8.1,-4.7,-3.6,-4.7,-3.5,-5.5,-7.4,-8.2,-2.8,-6.9,-4.7,-2.8,-2.1,-1.4,-3.7,-5.4,-4.5,-6.4,-3.5,-0.3,2.6,-0.0,1.8,-3.1,-1.6,-1.9,-1.7,2.3,-3.1,-2.2,-0.5,-0.8,-4.5,-1.0,-1.2,5.0,2.2,6.3,1.8,-2.8,0.9,-3.1,0.5,-4.0,-3.4,4.3,6.8,-2.7,-0.3,0.7,-2.4,-2.4,-6.3,-4.5,3.4,-5.0,-3.6,-0.8,-6.9,-3.9,-3.0,1.0,-0.8,-2.7,-3.3,-8.6,-1.3,4.1,0.4,-0.0,-7.3,-1.7,0.2,1.0,2.3,-1.2,-2.8,-4.3,-2.8,2.4,1.3,-1.6,-8.0,-10.6,-7.1,-4.1,-4.5,-7.1,-2.0,-3.3,8.8,-5.0,-4.8,-10.7,-6.8,-4.3,-0.6,-5.6,-6.7,-4.1,-5.6,-4.1,-2.5,-13.2,3.3,-1.2,-3.5,-18.2,3.3,-7.2,-8.1,-8.1,-2.7,-5.5,-8.1,-9.7,-3.2,-5.2,-9.1,-6.2,-6.8,-3.9,-2.6,-11.2,-12.1,-5.6,-2.6,-3.2,-1.6,1.2,2.0,-1.6,-7.1,4.6,-8.1,-12.6
2C7L519FaX,0,48.104509,11.630053,4442447.32,2778111.75,534.0,579.7,259,7389,4.2,0.61,0.5,32.66,348.97,-0.53,-0.103,0.842,-1.1,0.2,-1.97,0.32,1.0,0.3,-0.3,-0.4,1.6,0.1,2.1,-2.7,1.2,1.1,-2.7,-2.8,0.9,-0.4,-2.2,-4.0,-2.7,1.0,0.8,2.6,11.5,-2.5,2.1,0.1,2.4,0.7,10.3,9.9,-5.2,-0.0,-1.4,-1.6,-7.8,-0.1,-8.7,-8.4,-0.9,-0.7,0.7,2.2,1.0,5.7,3.9,3.4,-0.1,5.0,3.0,2.6,0.3,-4.0,-0.8,2.9,12.4,10.2,11.0,2.8,-0.0,3.9,5.5,-0.2,3.3,1.9,3.3,2.8,1.8,2.0,1.6,0.9,3.3,3.9,0.9,2.0,2.3,1.0,-0.3,0.9,-0.1,-0.4,0.8,3.4,3.6,1.7,4.2,2.9,1.4,-0.2,-4.8,-2.4,-7.8,5.6,1.0,-0.8,-0.0,0.6,-0.0,-2.0,-0.4,0.5,1.1,-1.9,1.8,5.9,0.7,2.8,4.0,4.6,6.0,7.9,2.3,3.4,6.0,3.3,-0.4,2.8,-6.0,1.5,-1.9,4.9,2.5,-2.3,0.5,5.5,-0.1,6.7,4.1,1.4,-0.2,4.0,3.3,4.1,3.7,2.5,8.0,0.2,3.5,-3.1,3.6,-1.5,1.3,3.2,3.2,0.7,7.0,-7.3,3.8,6.5,-5.5,-5.9,-3.8,4.6,4.5,-1.4,7.2,2.4,-4.6,11.0,12.3,10.5,11.9,9.6,11.8,3.0,7.2,-3.7,-5.2,0.7,-2.2,-2.0,-2.8,3.3,-4.1,-3.0,-14.1,-4.0,-5.4,-8.0,-7.9,-12.5,3.3,0.5,1.6,-10.2,-3.4,-1.2,0.8,-7.7,-4.5,1.6,-1.3,-7.9,-0.2,-7.0,-9.8,-7.8,-4.4,-3.8,-7.8,-3.6,-5.1,-0.6,-2.1,-9.6,-1.7,-8.7,-5.5,-7.2,-7.9,-5.7,-7.4,-7.7,-1.4
2C7L519FbR,0,48.104928,11.633322,4442689.81,2778163.76,537.3,583.0,259,7445,3.7,0.72,0.4,32.68,348.97,-0.53,-0.103,0.842,-0.8,0.2,-0.06,0.28,0.9,0.2,-0.3,-2.9,-0.6,-0.6,1.2,1.3,2.3,2.2,-1.2,0.7,4.8,-0.2,0.5,-1.9,-1.9,0.4,1.2,-1.3,0.7,-1.2,-1.3,-3.3,-4.8,-0.1,-1.9,-0.6,0.4,0.7,7.9,-4.4,-3.3,2.2,-3.9,-4.8,-3.5,1.5,-2.7,2.3,-1.4,2.6,2.1,0.8,-9.0,1.5,-4.1,-0.5,-1.3,3.1,-9.3,0.3,-4.7,1.3,0.4,5.1,3.7,2.5,0.5,-3.5,4.2,1.5,4.2,0.3,0.7,1.6,-0.1,0.7,1.6,-4.9,1.0,-1.7,0.1,-7.1,0.3,-13.1,-3.5,-4.3,0.0,-3.0,-0.8,-2.6,2.5,1.6,3.1,0.2,5.5,2.9,3.7,1.3,5.6,1.5,-0.2,1.5,-2.0,-2.1,-1.0,-2.8,0.8,2.6,4.3,4.5,4.2,3.9,-1.0,0.1,2.4,-0.8,-3.0,-0.9,0.8,0.4,-6.1,-3.9,-3.4,-4.2,-7.2,-5.8,-8.8,-2.4,-4.4,3.0,-8.1,-4.0,-4.3,-2.6,-0.6,-6.2,-3.1,-3.0,-2.2,-4.2,-6.7,4.9,2.3,5.3,-1.5,0.3,-2.0,-2.3,-4.8,-0.2,2.5,0.6,-8.5,-7.5,-0.4,-0.8,1.6,4.7,-5.4,-1.1,-0.5,-16.3,-1.1,-1.1,-2.0,-3.3,-0.2,-2.1,-3.7,1.9,-3.4,0.7,-6.2,-2.2,-4.2,-6.4,-12.5,-1.6,-0.0,3.3,1.4,0.4,-0.7,3.4,5.7,6.8,3.2,-18.0,-0.3,5.4,-5.2,-4.9,-3.3,-0.7,-4.1,-5.7,-0.7,-7.5,-5.5,-5.0,-5.0,-5.8,-10.1,-3.0,-0.8,1.5,-1.4,-1.2,-2.3,-3.2,-0.1,-5.6,-4.4,-0.3,-3.1,-8.7,-6.0,-4.2,-3.3
2C7L519Fbr,0,48.105135,11.634936,4442809.52,2778189.42,543.8,589.5,259,7471,2.5,0.85,0.44,32.68,348.97,-0.53,-0.103,0.842,-0.3,0.1,-0.49,0.19,0.1,0.2,-0.3,2.2,4.6,0.3,2.5,0.8,1.7,2.2,1.7,1.5,-2.7,3.8,0.9,0.0,2.9,-1.6,-0.3,0.4,-2.7,-1.6,-4.9,-2.0,-4.8,1.5,-0.1,0.4,1.9,-0.7,-0.1,1.6,-2.0,-2.1,-1.4,-4.8,-3.7,-4.6,2.3,7.4,-2.2,2.0,2.2,1.0,0.4,-3.5,1.8,-3.2,-0.8,-1.2,-0.1,-3.2,-1.6,-3.0,-2.0,-2.8,-1.7,-2.4,-0.9,-2.9,-1.5,-2.7,-0.8,-0.5,-0.7,-1.7,-1.2,-1.5,-2.4,-2.1,-3.8,-2.0,-2.5,-1.8,1.9,-0.1,-0.7,-0.8,1.1,2.5,1.9,2.8,-1.3,6.4,-2.8,2.3,2.6,-0.1,-2.3,-0.9,-2.3,-1.6,-6.5,2.7,-0.2,-10.7,-1.5,2.1,-1.6,0.0,-2.5,4.8,0.7,-3.0,-0.3,0.3,2.7,2.2,-1.7,1.2,0.7,0.6,-0.4,2.1,-0.1,1.3,1.0,1.2,-0.3,-0.7,2.0,1.5,0.9,1.0,1.3,-1.9,1.3,5.8,6.9,0.7,4.5,4.7,0.6,-2.0,3.1,1.4,4.0,5.3,4.7,2.8,-1.2,-0.4,0.5,-0.8,-1.2,-0.1,1.4,-5.2,-5.1,0.8,-1.8,-1.1,1.0,-1.3,-0.8,-4.3,1.1,0.5,-4.1,-4.6,-1.3,-1.9,-0.9,-1.3,-4.3,-0.4,-4.2,-3.2,-2.8,3.8,3.6,-0.2,-1.4,0.6,-1.5,-3.3,-2.1,-1.7,-1.2,0.2,0.3,3.5,-0.3,0.1,-1.8,-2.5,-2.1,-1.7,-1.0,-0.8,-0.9,-3.5,-3.2,-5.0,-4.5,-2.6,0.0,1.0,-1.8,0.2,-3.1,-1.5,-2.1,-2.7,-2.6,-4.7,-3.7,-1.8,-1.9,-3.0,-1.7
2C7L519Fc2,0,48.105183,11.63531,4442837.29,2778195.4,531.0,576.7,259,7482,3.3,0.74,0.53,32.69,348.97,-0.53,-0.103,0.842,-0.2,0.2,1.31,0.26,0.6,0.2,-0.3,-0.9,1.6,-0.9,1.0,0.2,0.2,1.1,0.6,0.9,2.4,1.2,1.5,-0.3,2.0,0.7,-0.2,0.1,-0.6,-1.3,-2.9,-0.9,-0.6,0.4,1.3,0.6,2.9,0.1,1.0,0.6,-0.3,-1.6,-2.7,-2.2,-2.2,-1.5,1.9,0.9,2.1,1.9,1.0,0.8,1.1,1.4,-1.0,-2.3,0.1,1.4,-1.6,-5.6,0.6,-0.7,2.4,-0.0,-7.4,1.3,9.5,-1.8,0.4,2.0,-1.4,1.6,1.9,0.1,-0.9,3.3,-3.4,-1.7,-6.0,-0.8,-2.2,-4.3,-2.0,1.0,0.1,-1.7,-1.1,-2.2,-3.6,1.9,-1.7,-1.2,0.8,1.5,3.2,-0.2,-5.6,2.6,-0.8,-0.4,-0.7,0.0,2.4,-0.5,-0.0,1.9,-0.2,2.4,0.0,0.7,0.2,-1.1,-1.6,-2.7,-0.5,-3.0,-3.3,1.2,-1.7,-3.7,-4.9,-5.5,-1.4,-2.4,-0.1,0.6,-4.4,-0.7,-4.0,-3.7,-7.8,-0.7,-4.9,-3.6,-3.5,-3.6,-3.2,0.2,-0.4,-1.6,-4.9,-2.8,0.2,-3.7,-1.1,-4.3,-8.4,-3.8,-4.5,-1.3,0.1,-0.7,-5.0,-3.8,-1.6,-2.9,-3.4,3.8,-4.5,1.2,-2.1,-4.9,-1.2,-5.2,-6.7,-1.0,-5.4,-4.8,1.7,2.2,0.7,4.8,-11.4,-6.3,2.8,-0.1,6.8,-15.5,-0.6,8.1,-1.7,0.9,-8.8,-0.6,6.8,2.2,-4.5,-5.6,-8.1,-3.9,-9.8,-6.3,-11.1,-3.0,2.7,0.4,-3.8,8.7,-1.6,5.4,7.6,-0.1,-0.4,-2.7,0.7,-0.5,-0.2,-0.9,-8.1,3.8,-0.7,2.7,4.3,6.9,7.8,8.8,6.8,0.4,-4.9
2C7L519Fc3,0,48.105199,11.635431,4442846.22,2778197.31,534.1,579.8,259,7483,2.1,0.91,0.24,32.69,348.97,-0.53,-0.103,0.842,-1.2,0.1,0.16,0.16,0.8,0.1,-0.3,0.1,1.4,-12.7,0.9,1.4,-1.3,2.6,2.1,2.9,-0.7,2.7,0.9,2.3,2.5,2.5,3.1,2.1,2.2,2.0,0.4,1.1,0.7,1.6,2.5,3.0,3.1,3.6,1.0,0.8,0.1,0.8,-3.5,-2.3,-2.5,-0.2,2.5,2.1,2.8,2.4,1.4,2.6,-0.4,2.1,0.3,1.4,1.0,1.5,-0.4,0.2,1.2,1.3,1.6,0.7,1.6,-0.2,0.3,-0.2,-0.2,-0.9,-0.4,0.3,0.3,-2.9,-0.9,-1.4,-2.4,-0.6,-2.2,-1.0,0.4,-3.3,0.1,-0.5,1.0,-1.2,0.8,0.5,1.1,-0.7,0.1,-0.2,1.3,1.2,2.6,-0.3,1.0,2.1,-0.2,-0.3,0.3,-0.2,-1.3,-1.9,-1.5,-0.3,0.3,-0.2,1.0,1.9,1.0,-0.0,-1.0,-0.7,1.7,0.3,0.2,-0.2,0.2,-0.3,0.1,-0.3,0.3,-0.1,0.4,0.3,-2.2,-1.3,-3.0,-0.2,-2.8,-0.7,-1.9,-1.7,-2.7,-1.5,0.2,-0.1,1.2,0.1,-3.8,-1.3,-1.0,-3.8,0.4,-2.5,-4.6,-2.9,-3.5,1.1,0.2,-2.6,-4.5,-3.2,-2.6,-2.4,-2.9,-4.0,-3.3,-1.6,-2.8,-4.1,-1.4,-2.6,-2.1,-2.0,-2.9,-3.2,-1.4,-0.3,-1.8,-2.7,-7.2,-3.9,-4.9,-3.4,-0.8,0.6,0.4,0.7,-0.4,-2.0,-5.0,-8.0,-6.6,-6.0,-7.8,-3.2,-5.6,-12.4,-4.6,-4.8,-5.8,-4.1,-3.3,-3.3,-0.5,-14.8,-2.3,-3.1,-5.1,-4.5,-3.2,-4.1,-0.7,0.4,-2.8,-0.5,-3.5,-2.1,-1.6,-2.8,-1.0,0.2,-1.2,-5.1,-5.8,-4.6,-4.9
2C7L519FY1,0,48.103403,11.621307,4441798.42,2777974.62,539.6,585.3,259,7233,2.0,0.88,0.34,32.59,348.92,-0.529,-0.103,0.843,-0.4,0.1,-0.84,0.16,0.9,0.1,-0.3,-0.3,-0.3,0.1,0.3,1.0,1.2,0.6,-0.8,-0.6,0.4,-0.0,2.0,-0.7,0.2,-0.8,-2.7,-1.4,-3.0,-2.5,-3.0,-1.0,0.4,1.7,-0.6,0.6,0.5,0.9,1.4,1.0,-5.0,7.3,-5.9,-5.5,-5.5,-5.9,-4.1,-3.0,-2.1,0.2,0.7,-0.1,0.6,-0.2,-1.7,-2.5,0.2,-1.4,-0.7,-0.0,1.2,1.6,0.1,1.1,0.9,-0.3,0.4,1.5,1.0,1.0,2.6,0.9,-0.2,2.2,2.1,-1.0,0.7,0.6,-0.8,2.0,0.5,-1.6,-0.2,1.0,-0.1,-0.4,-2.1,-0.9,-1.0,0.1,-3.0,-0.4,-0.6,0.1,-1.1,-0.4,-0.5,-0.9,-6.4,-4.3,-3.0,-1.7,-0.6,-1.1,-2.5,-2.4,0.4,-1.3,-2.3,-1.0,-0.9,-0.6,-2.6,-0.1,-0.8,-1.5,-0.4,-0.3,-0.3,0.7,-1.5,-1.1,-0.8,-0.6,1.2,2.6,1.4,-0.4,0.6,0.6,2.5,1.3,-0.2,2.6,0.5,0.7,0.1,-0.1,0.4,0.1,3.3,-1.1,1.4,-1.1,0.5,-2.1,-2.5,2.1,-0.2,1.5,0.4,-0.6,0.6,0.6,0.5,-0.1,1.4,-2.0,2.7,2.3,2.7,1.3,0.2,3.6,-0.3,1.1,0.1,0.8,1.5,1.9,3.6,0.8,-0.9,2.0,0.3,-0.2,-2.5,0.8,-2.4,1.6,1.6,-4.3,-1.0,-2.1,-4.6,-3.5,-12.6,-1.2,-0.8,-9.8,-1.8,-0.5,-1.8,0.6,1.2,-2.4,-3.9,-2.8,-0.4,-2.4,-1.0,-3.1,-4.5,-3.7,-7.1,-5.2,-2.6,-3.4,-7.1,-4.1,-3.3,-2.9,-3.3,-4.1,-1.1,-5.4,-2.2,-0.2,-1.0
2C7L519FYD,0,48.103491,11.621985,4441848.69,2777985.41,539.9,585.6,259,7245,2.5,0.86,0.4,32.6,348.92,-0.529,-0.103,0.842,-0.9,0.1,0.44,0.19,0.9,0.2,-0.3,-0.9,-3.7,-2.6,0.2,-0.4,2.0,-1.8,0.7,-3.2,0.8,-4.4,2.6,-4.5,3.2,-1.5,-3.6,-2.4,-4.0,-1.4,-2.7,0.3,-3.6,1.0,3.0,-3.5,-3.9,4.1,-1.3,0.3,-4.3,-16.8,-7.3,-8.8,-3.8,-6.4,-6.0,-1.4,-4.0,-0.4,0.5,-0.3,-7.4,-1.7,-11.6,0.1,-1.8,-4.7,-1.5,-0.6,-0.8,-0.1,-1.1,-1.3,-1.0,-1.3,-2.3,1.2,-1.9,-1.3,-4.1,-2.3,-3.6,-1.6,-4.6,-0.7,-4.6,-3.3,-3.6,-4.7,-5.6,-6.0,-4.7,-3.2,-6.2,-4.7,-7.5,-4.9,-3.5,-5.9,-5.6,-5.3,-12.3,-5.9,-4.4,-3.8,-3.9,-5.5,-8.7,-6.4,-6.8,-9.1,-5.2,-5.1,-3.8,-5.0,0.3,-3.1,-3.8,-5.9,-4.4,-4.4,-3.7,-2.1,-5.0,-6.8,-5.9,-1.5,-4.4,-5.1,-3.4,-5.3,-4.7,-5.0,-4.2,-3.5,-3.1,-2.7,-4.6,-5.9,-6.2,-1.4,-4.3,-3.9,-5.4,-6.3,-6.2,-5.3,-5.4,-4.2,-3.7,-6.6,-3.8,-1.5,-5.9,-3.9,-3.0,-3.2,-7.9,-2.1,-2.6,-3.5,-5.5,-6.5,-6.9,-6.0,-6.6,7.3,-3.6,-5.2,-6.9,-3.0,-8.6,-9.5,-9.0,-6.4,-4.0,-5.1,-5.1,-4.1,-4.4,-6.4,-8.3,-4.6,-5.5,-6.0,-4.3,-6.3,-9.9,-3.1,-3.6,-6.1,-9.2,-5.7,-7.3,-4.7,-8.0,-6.5,-5.5,1.5,-4.9,-4.7,-5.5,-6.2,-6.3,-6.4,-7.0,-5.5,-6.7,-8.0,-5.3,-8.2,-6.5,-7.6,-6.0,-7.3,-7.8,-3.2,-5.4,-6.4,-6.6,-4.3,-6.1,-6.9,-7.9,-6.2,-4.9,-4.9,-8.2
2C7L519Faw,0,48.10473,11.631632,4442564.39,2778138.92,540.9,586.6,259,7414,3.8,0.65,0.44,32.67,348.97,-0.53,-0.103,0.842,-0.5,0.2,-0.67,0.29,2.7,0.3,-0.3,4.5,-1.0,0.6,2.0,-0.0,-2.3,-1.9,6.1,-0.5,-4.1,-0.7,0.9,1.2,-0.1,-2.6,-2.4,-9.3,-5.2,-10.1,-7.5,-6.0,-7.6,-2.5,-9.0,-6.7,-5.4,-4.3,-1.9,-19.0,-5.1,-9.6,-13.4,-7.4,-5.2,-8.4,-8.9,-2.5,-6.3,0.4,-8.0,0.4,2.1,-10.8,-6.6,-2.8,-4.2,-3.4,-0.6,-0.1,-1.1,-2.0,-2.3,-3.8,-1.1,-0.4,-4.6,-1.8,-1.0,-2.3,-1.1,-1.5,3.6,-9.1,-4.8,-1.9,1.7,-1.4,-2.6,-2.4,-3.9,3.0,-3.3,-0.8,-2.3,-4.1,2.3,-5.1,-3.6,-2.5,-4.3,-3.0,-7.7,-2.5,-4.0,-2.1,-9.1,-11.0,-7.8,-7.8,-2.4,-10.4,-5.0,-4.6,-5.0,-1.0,-5.2,0.0,-7.7,-2.7,-13.6,-7.7,-2.7,-1.1,-6.8,-1.6,-2.6,-4.5,0.6,-1.1,-3.2,4.5,-1.8,0.7,-2.1,-3.1,-0.1,-9.1,-2.0,-1.0,-0.4,-19.5,-0.6,-0.9,-2.9,-0.3,-3.2,0.1,-5.9,-5.0,-6.7,-2.5,-5.9,-2.3,-10.3,-5.9,-10.4,-9.1,-9.2,-9.9,-1.4,1.3,-1.0,-1.6,-0.7,-1.3,2.2,0.5,-0.3,1.9,-2.7,1.9,1.1,-2.1,-21.1,4.7,1.7,3.7,-1.8,-5.4,-4.3,-10.8,-13.3,-1.3,-8.1,-7.5,0.7,0.9,-5.8,-8.4,-4.4,-3.4,-6.9,-7.4,-2.4,-4.1,-3.4,-4.2,0.9,-8.5,-2.2,-0.3,-0.6,-4.0,-3.0,-5.8,-6.1,-5.0,-3.0,-3.5,-9.8,-9.7,-12.6,-8.4,-5.9,-13.1,-14.2,-1.7,-7.6,-4.8,-8.3,-7.3,-4.4,-6.3,-15.7,-2.6,-9.7,-7.4,-2.2
2C7L519Wax,0,48.103384,11.621008,4441776.17,2777971.92,542.5,588.2,260,7227,2.0,0.92,0.27,32.59,348.92,-0.529,-0.103,0.843,-0.4,0.1,0.03,0.15,0.3,0.1,-0.3,0.2,-0.4,0.7,-0.5,-0.0,-0.0,-0.4,-0.5,-0.3,6.5,1.4,2.6,-0.5,-1.3,-1.3,-0.3,-0.6,-0.6,-0.8,-1.3,-1.0,-0.9,-1.7,-3.3,-0.4,0.9,0.9,0.1,0.9,-4.5,7.3,-5.3,-5.6,-3.2,-7.3,-5.0,-2.0,-3.1,0.9,-2.1,0.3,1.0,-0.9,-2.4,-2.7,-0.5,-1.7,0.1,-0.4,0.1,-1.9,-1.7,-1.2,-1.8,-0.5,-2.4,-1.4,-1.5,-2.0,-0.4,-2.0,-2.0,-3.3,-1.2,2.7,1.9,-1.2,-2.1,-3.4,-0.9,-0.1,-5.2,0.6,-0.2,-1.8,-2.5,-0.5,-1.2,-1.9,-2.0,-1.7,0.9,-0.6,-1.3,-2.6,-1.1,-3.3,-6.6,-3.8,-3.0,-1.2,-1.7,0.9,-0.5,-2.3,0.6,-2.4,-1.7,-2.4,-4.3,-3.0,-0.6,-0.1,-0.7,-1.7,-1.2,-2.4,-2.3,-2.5,-1.6,-5.7,-1.3,-1.9,-2.7,-0.5,-2.7,-2.1,-1.9,-1.9,-1.3,-0.9,-1.5,1.1,-2.5,-0.7,-2.9,-1.7,-1.5,-0.0,-0.8,-2.7,-0.8,-2.3,-0.5,-1.4,-1.0,-0.1,-3.2,1.6,-2.4,2.1,1.0,-3.3,-1.4,-0.7,-1.5,10.3,-2.5,-1.4,-3.7,-0.2,-4.5,-2.9,-1.9,-2.6,-3.5,-3.6,-1.2,-0.5,-2.1,-2.3,-3.4,-1.3,-3.0,-3.0,-1.2,-2.1,-5.0,-0.3,-1.9,-2.3,-4.6,-5.6,-4.2,-4.3,-1.6,-3.2,-2.2,-9.3,-1.7,-3.0,-1.7,-3.6,-3.3,-3.7,-2.5,-0.4,-0.7,-1.2,-3.5,-3.4,-0.6,-3.2,-5.0,-3.0,-2.9,-3.9,-3.0,-2.7,-2.5,-3.5,-2.9,-3.9,-1.7,-1.1,-1.1,-3.2,-2.7
2C7L519WbU,0,48.103622,11.622864,4441913.89,2778001.46,541.6,587.3,260,7260,2.2,0.87,0.28,32.6,348.92,-0.529,-0.104,0.842,-0.6,0.1,-0.42,0.17,1.3,0.1,-0.3,-0.2,0.3,-1.9,-0.3,-0.7,3.8,-1.2,-0.4,0.0,3.7,0.0,4.2,0.7,0.1,-1.4,-0.9,-6.8,-3.6,-2.5,-1.4,-0.3,-0.9,-0.2,-2.9,0.5,0.7,3.0,4.8,0.1,-3.9,-13.2,-5.1,-5.2,-1.8,-5.2,-2.4,-1.6,-0.4,0.2,0.9,0.5,2.7,0.4,-1.6,0.0,0.6,2.4,0.2,-0.2,0.8,0.5,0.2,1.4,1.2,1.3,1.1,1.4,2.5,1.5,2.7,0.8,1.2,1.6,1.4,0.3,1.7,1.1,2.7,-0.2,0.1,2.5,0.3,2.0,1.3,-0.7,0.8,0.8,0.1,-1.1,-2.3,-1.0,-1.8,-1.2,-0.2,-0.0,0.7,-0.4,-5.3,-1.0,-3.8,-2.0,-2.2,4.4,0.6,0.5,5.6,1.2,-1.9,-0.8,0.7,-0.1,-0.7,0.7,-0.5,-0.2,-0.5,-0.3,-0.1,-0.9,-0.7,-0.8,-0.8,-0.8,-0.7,1.6,1.8,0.1,-2.0,-0.0,1.9,1.6,-0.0,1.2,-0.7,0.5,-1.2,2.0,-1.7,-0.8,-4.4,-3.5,-1.2,1.8,-0.6,-4.8,-1.4,-1.5,-1.6,3.2,2.8,2.1,-0.9,-1.8,0.8,3.1,1.7,3.6,1.9,0.0,1.6,3.0,-3.2,-2.5,-3.0,-3.2,-2.8,-2.7,-2.9,-0.9,-1.5,-5.6,-4.0,-2.5,-0.7,6.6,-7.0,-4.3,-6.6,-1.7,-1.3,-4.1,-5.4,1.6,-2.3,-1.6,-1.3,-2.0,-1.8,-7.7,-1.4,-3.2,-3.3,-2.4,-1.7,-2.6,-2.0,-1.4,-2.6,-2.2,-5.1,-3.3,-3.8,-4.7,-5.4,-3.7,-2.2,-2.4,-4.2,-1.1,-2.3,-0.6,-1.9,-0.6,-1.5,2.0,1.8,-2.1,-2.3
2C7L519WbZ,0,48.103643,11.623029,4441926.1,2778004.09,535.8,581.5,260,7265,4.0,0.68,0.49,32.6,348.92,-0.529,-0.104,0.842,0.5,0.2,-0.41,0.3,1.3,0.3,-0.3,3.1,-0.2,-3.2,-4.8,4.0,4.7,-10.3,0.9,2.4,-5.2,0.9,3.1,0.7,-1.6,1.5,2.4,3.3,-9.6,-6.8,-4.9,-6.9,-1.5,3.6,2.5,0.7,-14.5,2.6,0.5,-1.2,2.4,-12.0,-1.3,-4.7,-4.3,-3.1,1.2,-4.8,1.2,6.7,2.5,-0.1,-0.6,1.3,2.5,-7.4,-0.0,1.2,1.2,0.7,-0.5,2.8,2.2,2.7,2.8,3.2,3.3,2.0,0.3,1.5,-0.7,7.2,5.5,3.2,1.2,5.1,1.9,-3.4,2.5,3.7,-3.5,-3.0,2.3,-4.4,-0.7,1.1,2.4,4.8,2.8,2.0,-5.5,-7.0,-5.7,1.4,0.8,-16.3,4.4,1.5,-2.6,-0.4,-1.7,-0.0,-5.8,-1.7,4.0,-1.0,0.9,5.0,1.0,-2.0,-1.3,9.7,0.1,0.4,-1.7,-1.3,-0.8,-1.8,0.9,3.5,2.5,-0.3,-1.3,-2.6,-4.6,-0.5,-3.5,4.2,11.7,8.5,-0.8,0.4,3.2,1.4,-2.6,1.1,1.3,1.7,-1.5,-3.1,2.2,-1.7,-4.0,2.0,4.9,-4.6,-1.7,-2.5,0.1,0.7,4.6,1.7,3.3,5.8,5.4,4.3,0.6,8.3,7.2,-0.0,0.4,-2.0,0.1,0.2,1.0,3.2,1.3,3.3,-0.9,10.7,8.5,-8.0,-0.0,1.4,0.6,1.8,-0.1,-4.0,2.4,-0.4,-2.8,-1.0,7.1,-0.9,3.8,3.2,-8.6,1.5,-3.4,-4.2,-0.4,-3.8,6.7,9.8,0.7,3.9,11.0,7.2,12.8,1.2,-1.9,-3.5,2.3,-1.7,0.6,-1.1,-1.4,2.2,-2.8,-3.3,2.6,0.7,0.3,-0.1,0.8,1.8,4.3,2.8,1.3
2C7L519Wc5,0,48.103885,11.624913,4442065.86,2778034.06,539.0,584.7,260,7297,3.1,0.77,0.45,32.64,348.97,-0.529,-0.103,0.842,-0.7,0.2,-0.46,0.24,1.6,0.2,-0.3,-1.1,-8.1,-5.0,0.9,0.6,-2.9,-1.0,2.3,-4.5,-2.7,3.9,-1.8,0.0,-0.8,-2.3,-4.1,5.1,-2.3,1.2,0.3,2.9,1.1,-0.1,-2.2,4.2,-2.9,4.1,2.2,3.5,2.7,-2.0,-6.0,-2.5,-8.4,-5.4,-1.7,9.2,-1.3,0.2,-0.3,0.8,1.8,3.2,-2.3,-1.2,-1.7,-1.9,1.6,0.4,1.1,4.6,-1.0,5.8,1.5,-0.8,4.7,4.4,-2.2,0.6,4.7,7.2,1.4,7.0,-2.8,1.6,3.8,-0.6,5.7,3.0,5.6,5.1,5.5,6.8,3.7,0.0,0.9,2.6,-1.2,-0.8,-3.1,2.3,-1.4,0.2,-3.0,0.0,-0.8,0.5,-5.8,-4.5,-1.7,-3.8,-0.7,-4.9,1.8,-3.1,1.1,-1.1,-0.4,-3.0,-0.2,-0.7,-3.2,-2.9,-1.0,-4.6,-2.8,-1.6,-0.9,-2.4,0.6,-1.4,7.2,-1.0,-3.8,-4.3,2.1,2.7,1.7,-0.4,7.2,0.6,1.8,-2.4,0.2,-0.7,5.0,-1.6,-2.2,-0.4,-7.6,-1.7,0.0,-2.4,-2.7,-2.8,-0.7,-2.9,-6.1,-1.0,-2.2,-2.7,1.3,-1.7,0.9,0.2,-2.9,2.9,1.1,-1.5,-10.6,-1.2,2.7,0.6,-2.3,-0.5,-5.0,-0.2,-2.4,-2.8,-2.8,-5.1,0.6,-3.2,-3.1,-3.7,-2.5,-0.8,-4.1,0.5,-0.2,-3.8,-3.9,-2.5,-6.8,-1.9,4.8,-5.2,-0.6,-2.7,5.7,0.5,0.8,-2.1,-1.5,1.6,0.3,-4.9,0.9,-1.5,-6.1,-5.3,-6.1,-18.3,-3.3,-6.4,-0.8,-7.1,-4.2,-4.6,-1.3,-1.3,-3.2,-1.8,-2.5,-0.1,-0.7,-5.9,0.6
2C7L519WeS,0,48.104954,11.63323,4442682.9,2778166.42,536.1,581.8,260,7444,4.1,0.65,0.51,32.68,348.97,-0.53,-0.103,0.842,-0.0,0.2,-0.5,0.31,1.7,0.3,-0.3,-0.5,-0.3,-1.8,1.5,1.5,-0.9,0.4,-0.8,1.0,-1.3,1.6,-2.7,-5.7,-3.1,-4.9,-3.9,-5.9,-2.3,-1.2,-3.1,0.5,-2.5,-2.1,-1.9,-0.4,1.9,-0.4,4.5,-4.4,-4.6,-6.5,-6.3,-5.0,-5.9,0.8,-3.3,1.1,-1.9,0.7,-1.1,-14.7,3.5,-5.2,-1.6,-1.1,-2.6,0.4,5.9,0.2,0.3,3.6,-4.1,0.9,3.3,0.7,2.8,-1.7,1.6,1.5,2.2,2.6,3.0,0.0,2.3,-10.9,0.2,-0.7,-0.2,-0.4,1.7,1.4,1.4,5.4,-0.8,-4.1,1.1,-0.5,-1.2,-0.4,-2.2,-1.5,-7.0,-0.8,2.8,5.0,9.2,-0.2,-0.3,-0.3,-3.3,-3.6,-9.5,-12.2,-3.8,-4.6,-10.4,2.1,1.0,4.4,4.1,0.2,-12.9,2.4,7.0,7.5,3.3,-1.1,8.2,1.1,-7.4,2.4,10.4,-3.8,-12.1,4.7,-14.6,2.6,3.0,3.4,3.6,3.4,8.3,-1.8,-0.3,-14.8,0.6,-0.6,4.5,-7.4,-10.1,3.4,2.5,-1.8,-10.2,-3.9,-4.9,-3.3,-4.1,-0.8,3.3,-0.8,-0.4,4.5,4.9,2.2,2.0,-5.0,6.7,3.9,2.2,3.0,3.8,-2.4,-1.4,2.6,-5.1,-2.8,3.4,1.7,-5.1,-3.9,-7.5,-3.2,-3.0,-4.7,4.4,-3.0,-2.3,1.8,-10.8,8.2,-2.8,-1.8,2.0,0.9,1.4,2.6,0.1,1.3,2.3,0.6,-2.6,-1.7,-2.6,-1.3,-2.8,-2.8,1.0,-4.1,-4.7,-5.8,1.6,-0.3,-1.5,-2.6,-0.5,3.6,-1.5,-0.8,-0.3,-1.5,-4.8,-0.8,-0.9,-2.3,-3.5,-3.3,-1.7
2C7L519Wf6,0,48.105232,11.6354,4442843.85,2778200.96,530.0,575.7,260,7484,3.8,0.73,0.46,32.69,348.97,-0.53,-0.103,0.842,-0.9,0.2,0.56,0.29,0.5,0.3,-0.3,1.1,-7.6,4.5,1.2,-1.2,1.9,0.4,0.4,-3.1,4.5,1.4,0.9,0.3,-0.1,-0.8,-2.3,-1.7,-0.7,-0.9,-4.7,-4.1,-1.8,-2.1,-3.3,-5.9,-1.0,-0.6,-1.0,-2.0,-5.6,-4.1,-4.8,-7.9,-9.3,-5.4,-4.5,0.6,5.9,-2.0,2.8,-4.1,7.2,-4.4,-5.6,-8.2,-4.4,-4.0,-5.9,-2.8,-4.9,-2.2,-4.9,-3.2,-3.1,-5.2,-1.7,-4.1,-2.8,-2.8,-2.4,-3.0,-2.4,-9.1,-5.0,-2.0,-7.1,-5.9,-4.6,-4.7,-4.0,-6.4,-3.2,-4.4,-2.1,-1.6,-4.5,-0.5,0.2,-1.4,-1.7,-1.1,-0.9,-1.3,-0.4,-2.8,-3.0,-0.9,-6.3,-5.1,0.5,-4.4,-4.2,-3.6,-5.4,-5.9,-3.4,-3.9,-3.5,-3.4,-3.0,-6.0,-3.2,-5.4,-2.3,-6.6,-0.4,-0.5,-3.4,-4.4,-3.0,-7.0,0.0,-3.5,-4.2,-2.1,-4.3,-3.8,-6.0,-5.4,-5.7,-3.6,-7.2,-5.0,-8.0,-6.7,-6.1,-3.7,1.6,-3.0,-10.2,0.1,-3.1,-8.4,0.5,-2.1,-11.0,-9.4,-7.6,1.7,-1.2,-6.7,-7.3,-4.9,-4.2,-6.6,-6.1,-7.1,-6.7,-5.8,-3.7,-7.5,-4.5,-3.9,-6.1,-3.5,-6.2,-7.8,-7.2,-5.3,-7.6,-2.9,-7.9,-8.0,-14.2,-7.5,-5.8,-2.4,-3.1,-1.7,-1.0,-1.2,-5.6,-14.3,3.6,11.6,10.1,-6.9,-6.4,0.0,-7.9,-7.0,-9.4,-8.1,-8.0,-7.5,-5.7,8.0,-7.4,-1.4,-17.0,-6.7,-6.2,-15.4,-5.7,-4.2,-13.7,-6.3,-5.8,5.9,-7.5,-13.8,0.0,-2.5,3.5,-6.5,-13.4,-0.1,-7.7
2C7L519WdD,0,48.104401,11.62878,4442352.69,2778097.66,533.4,579.1,260,7367,3.1,0.79,0.35,32.66,348.97,-0.53,-0.103,0.842,-0.8,0.2,0.4,0.24,0.8,0.2,-0.3,1.3,2.2,1.8,1.6,-0.6,3.8,-1.5,1.3,-0.9,-4.5,1.1,2.2,-1.5,-2.1,0.4,3.9,0.0,-2.4,-0.1,1.6,0.7,2.6,2.4,-0.4,2.8,0.8,-1.4,-1.6,-1.2,0.5,-0.9,-7.0,-7.2,-0.1,-4.0,0.8,2.1,2.9,1.7,-1.8,0.7,1.2,1.6,1.7,2.0,3.1,1.6,1.6,1.7,2.1,1.7,3.6,4.7,-0.5,-1.3,2.9,-3.1,0.4,2.2,1.3,-0.4,1.2,-7.5,-1.0,-2.1,-3.0,-0.9,-2.5,-0.8,-0.8,-0.3,-0.3,1.1,-0.1,5.0,-2.3,0.9,-2.5,-1.8,1.4,-0.8,-3.2,-5.4,-4.5,2.9,4.9,5.8,6.3,2.4,5.8,1.7,0.1,-1.0,-1.8,-4.5,-2.9,1.5,-5.0,-1.1,-4.2,-5.1,-1.5,-3.0,-1.4,-2.3,-1.3,0.1,-3.3,-0.4,-2.1,-2.5,-1.2,-3.3,-3.7,-3.7,0.5,0.6,-3.0,0.6,-0.5,2.7,-1.5,0.4,-1.8,-0.1,-0.2,-3.1,-1.9,0.7,0.3,-0.1,-0.2,4.7,5.7,1.3,-1.8,-7.4,-8.6,-3.8,1.8,-2.8,-4.5,-7.0,-6.0,-4.5,-13.0,-13.3,-6.7,-6.1,-7.2,-13.2,-6.4,-6.0,-8.4,-7.8,0.2,0.1,1.1,1.6,-0.4,-0.3,-1.4,-1.9,-2.9,-1.2,-0.0,-0.6,-4.4,1.4,1.0,0.2,-2.6,-4.8,0.3,-0.7,-0.8,-0.9,1.6,-2.2,-0.3,0.3,-0.2,-0.9,-1.5,-1.4,-3.1,0.4,-1.0,-0.2,-5.2,-4.5,-3.6,-2.6,-4.0,0.9,-0.7,-2.0,0.7,-5.7,-4.7,-2.7,-1.5,-2.6,-2.2,-2.6,-16.4,-2.4,-0.9
2C7L519Wes,0,48.105186,11.634896,4442806.4,2778194.96,546.6,592.3,260,7470,2.4,0.84,0.4,32.68,348.97,-0.53,-0.103,0.842,-0.3,0.1,-0.75,0.18,1.2,0.2,-0.3,-0.2,0.8,-0.7,0.2,0.3,3.2,2.6,1.5,0.1,-4.6,1.3,0.7,-0.8,1.4,-3.0,-1.4,-1.1,-0.5,-3.6,-2.7,-2.7,-3.7,-0.4,1.0,-0.4,-1.1,1.7,3.0,-0.3,-3.5,6.8,-3.5,-5.7,-2.6,-3.0,0.3,0.7,-0.1,0.4,2.7,1.9,0.7,2.5,1.1,2.0,2.6,2.6,1.6,2.9,3.8,5.0,2.3,3.5,4.0,3.1,2.3,4.3,3.7,2.8,4.0,0.6,-1.1,0.7,-0.4,1.6,1.4,0.4,-5.0,-4.8,-6.3,1.8,-1.0,0.2,0.7,3.3,5.0,1.9,2.9,2.7,2.1,2.2,1.3,0.8,0.2,-2.6,0.1,3.7,-0.4,0.8,0.3,1.5,-1.2,1.2,-1.1,1.7,-0.2,3.9,3.1,5.7,3.0,7.7,1.8,-1.0,3.5,1.9,5.6,3.9,7.9,2.9,4.4,4.0,3.2,4.2,3.5,4.6,3.1,5.0,2.0,2.7,1.7,-2.6,2.0,3.1,2.0,1.5,3.7,4.9,1.4,0.2,-2.0,-1.1,-0.7,4.3,0.8,-0.0,-2.2,-0.9,-0.5,2.6,1.3,4.8,2.6,0.1,0.0,2.7,0.8,1.0,1.0,2.8,3.2,3.9,-1.2,0.8,1.4,-0.2,0.8,0.2,-0.7,0.0,-1.7,-2.4,-7.1,-4.6,-2.5,-5.2,3.4,-0.7,11.5,-0.5,-1.2,0.5,1.2,-3.1,-2.0,-2.0,-2.4,1.5,0.2,3.4,-0.4,1.4,0.9,-0.7,1.4,0.4,-3.9,2.8,1.1,-2.1,-2.0,-1.7,0.8,1.4,2.2,1.8,1.7,-1.0,-5.4,-0.1,-1.8,3.0,0.3,-2.2,2.7,-0.1,-1.4,-1.4,-0.3
2C7L519Waz,0,48.103439,11.62115,4441786.63,2777978.29,545.9,591.6,260,7229,3.0,0.83,0.37,32.59,348.92,-0.529,-0.103,0.843,-0.5,0.1,-0.13,0.23,0.7,0.2,-0.3,-0.3,-0.3,1.1,1.1,-0.4,0.7,0.7,-6.2,-0.7,8.3,-1.9,4.8,-0.9,-3.5,-3.2,-3.8,-2.5,-2.2,3.1,-2.4,-1.9,-1.1,-2.3,-1.5,1.2,0.6,-0.3,2.0,0.4,-3.6,-17.4,-4.3,-4.4,-6.3,-6.9,-4.8,-3.3,-2.6,-5.8,-4.2,-3.1,-2.2,-0.4,5.2,-2.6,-0.9,-0.8,-0.6,4.6,0.2,0.1,1.0,0.7,-0.6,-1.1,-4.7,5.0,-1.5,-4.8,-0.6,0.6,-3.4,-11.5,-3.5,0.9,-0.8,-0.8,-16.1,6.1,-0.7,-1.2,-3.0,0.2,-1.3,0.2,-3.5,-3.1,-5.8,-8.1,0.7,-3.8,-2.2,0.2,-2.7,-6.9,-1.5,1.4,-4.2,-3.1,-2.5,-0.9,1.1,-1.6,-0.4,-1.6,5.9,-1.9,-3.1,-2.1,-5.0,-0.4,-1.5,2.1,-1.4,-4.3,-5.3,-3.9,-3.5,-2.9,2.7,1.6,-1.8,-0.6,-1.7,-3.7,-4.0,-3.0,-5.2,-5.0,-1.3,1.5,-2.6,-1.6,-3.1,-5.3,-1.6,-0.8,-0.8,-0.3,-2.3,-3.1,-2.8,-1.5,-4.1,-3.6,-3.2,-2.3,-1.6,0.1,-2.7,-0.6,-4.6,-2.4,-4.0,-0.8,-2.0,7.5,-6.4,0.8,-4.4,8.7,-3.2,-6.3,-3.4,-3.1,-4.0,-2.5,-5.2,-0.6,-2.2,-3.6,-6.2,-1.9,-2.2,-3.5,-4.6,-3.0,-3.7,-1.4,-3.4,-2.8,-5.0,-2.2,-1.5,-4.6,0.2,-3.1,-0.2,-4.4,-1.3,-2.6,-4.7,-3.5,-3.7,-2.5,-1.6,-2.5,-0.2,-5.2,-6.1,-4.8,-4.6,-5.4,-5.4,-3.7,-7.1,-4.2,-3.6,-2.0,-4.7,-2.1,-2.5,-3.0,-2.6,-1.4,-3.7,-6.3,-6.9
2C7L519WcJ,0,48.104019,11.625663,4442121.47,2778050.14,536.3,582.1,260,7311,1.8,0.92,0.21,32.64,348.97,-0.529,-0.103,0.842,-0.6,0.1,-0.36,0.14,0.8,0.1,-0.3,-0.3,-0.4,-1.6,-0.7,-1.6,3.0,-1.6,-0.2,-1.4,4.3,-0.4,0.9,0.9,-0.7,-0.3,-0.7,-1.3,-2.0,-1.3,-1.7,-2.3,-1.1,-2.5,-2.4,0.1,-0.2,-1.5,0.7,-2.1,-5.1,-11.0,-5.8,-5.7,-2.5,-3.7,-0.3,-0.7,-0.0,1.2,0.5,-0.8,1.4,-1.6,-1.5,-2.9,-1.5,0.2,-1.2,-3.0,-0.5,1.0,-1.2,-0.8,-1.4,-1.7,-0.5,-0.2,0.5,-1.1,-1.0,-0.4,-0.3,1.2,-0.5,-0.5,0.2,-0.0,1.2,-0.8,-2.0,2.3,-1.2,-1.3,-0.8,-1.5,-1.9,0.9,-0.6,-1.3,-1.3,-0.8,-3.2,-2.1,-3.0,-1.8,-2.6,-1.3,-5.4,-0.8,-1.6,-2.7,-2.0,-0.8,0.5,-2.3,0.0,-1.4,-2.6,-3.1,-1.4,-2.5,-2.7,-1.3,-1.4,-1.5,-1.7,-1.0,-1.6,-2.3,-1.4,-1.2,-1.9,-1.4,-2.8,-1.8,-1.0,-2.6,-0.0,-2.0,-0.7,0.2,-0.9,-1.8,-1.9,-1.6,-0.8,-1.2,-3.2,-2.5,-2.6,-2.3,-0.9,-0.1,-3.0,-2.5,-2.2,-2.0,-7.6,-0.8,0.6,0.2,-1.3,-2.6,-2.3,-1.5,-1.6,0.7,-0.5,-1.9,-0.3,-1.4,-1.8,-1.1,-2.7,-2.0,-1.9,-3.2,-2.9,-2.5,-3.0,-3.5,-3.1,-0.2,-3.8,-4.0,0.2,-1.4,-4.0,-1.0,-2.4,-3.9,-5.0,-4.6,-1.5,-2.0,-2.0,-2.6,-0.9,0.8,-1.9,-2.2,-2.6,-3.7,-4.3,-2.9,-3.8,-3.3,-2.9,-2.9,-5.7,-7.1,-4.2,-4.1,-4.7,-5.6,-4.3,-3.0,-4.0,-3.7,-3.3,-3.1,-2.4,-2.5,-5.1,-11.0,-6.5,6.8,-11.1
2C7L519WcK,0,48.104005,11.625558,4442113.63,2778048.47,528.5,574.2,260,7312,3.2,0.77,0.43,32.64,348.97,-0.529,-0.103,0.842,-1.1,0.2,-1.01,0.24,1.5,0.2,-0.3,-0.8,1.1,-0.2,-1.0,-3.5,3.2,0.6,0.9,-1.7,2.0,1.4,1.8,1.1,0.7,5.6,4.6,1.2,2.1,-14.7,4.4,-1.9,-3.7,-6.3,-4.1,0.9,1.5,-3.7,2.1,-0.6,-5.6,-11.6,-8.7,-7.2,-3.4,-7.3,0.4,0.2,0.8,-0.9,-0.6,-2.7,-2.3,-4.3,-3.0,-5.2,-0.2,-2.6,-3.4,-4.1,-0.1,1.2,-1.5,0.8,-1.0,-2.5,-0.6,-1.5,1.0,1.5,-1.3,-0.3,-2.1,1.1,-2.1,-0.6,-1.8,1.8,-3.7,-0.6,2.0,1.3,-1.9,-1.1,0.3,3.1,3.5,0.5,0.8,1.5,1.2,2.9,0.9,-2.7,-3.2,-1.6,-5.0,-5.9,-5.7,-4.0,-2.5,-2.2,-0.2,-4.0,3.7,-1.6,-0.7,0.2,-5.9,-5.7,-3.3,-5.5,-4.6,-3.5,-2.1,-2.2,-3.0,-2.8,-2.6,-5.7,-1.9,0.2,1.6,-0.2,3.7,-2.5,0.3,-3.7,0.8,2.2,-1.7,-0.5,3.1,-2.7,-4.1,4.2,0.1,-2.3,6.9,8.8,0.3,-4.4,-4.4,-1.2,-5.9,-6.4,-4.3,0.1,-10.1,-4.2,1.0,-2.9,-3.5,-3.4,-4.1,-4.8,-2.5,0.7,-0.3,-0.6,1.0,-0.8,-4.2,-0.2,-2.7,-3.9,-1.3,0.2,-2.1,-4.5,-6.4,-5.5,-6.8,-1.2,-5.6,-4.7,-4.1,-3.0,-4.3,-3.8,-3.3,-2.5,-3.5,-6.1,-0.6,-3.0,-4.0,-4.9,-3.9,2.3,-0.6,0.3,-6.7,-9.6,-8.8,-5.5,-4.7,-4.8,-5.7,-5.1,-5.6,-9.2,-4.5,-7.3,-8.5,-6.7,-5.3,-5.9,-7.0,-7.9,-3.7,-4.5,-3.9,-4.4,-8.1,-17.6,-12.9,4.2,-20.7
2C7L519Wcw,0,48.104313,11.627957,4442291.64,2778086.63,540.2,585.9,260,7350,3.9,0.66,0.45,32.65,348.97,-0.53,-0.103,0.842,-1.4,0.2,-0.15,0.3,1.8,0.3,-0.3,-2.9,-1.3,-2.0,-1.7,-1.8,-1.8,-0.2,1.9,-1.3,11.4,0.6,4.1,-3.5,0.6,1.7,-0.3,0.3,0.5,0.8,-1.9,-2.4,-3.0,-2.4,-1.7,-1.1,-2.9,-1.5,-4.0,-8.0,-4.9,-7.4,-6.3,-12.6,-8.8,-3.0,-13.5,-5.0,2.1,0.3,4.1,3.1,-2.7,-1.5,4.6,-2.7,0.6,-8.0,8.7,0.7,1.9,1.0,1.8,-0.7,2.9,1.9,2.3,3.3,1.0,0.2,-4.1,-1.9,-3.2,-5.8,-3.0,2.4,4.3,-8.0,-5.7,-10.7,-5.5,1.0,-2.5,0.3,-1.8,-2.8,-1.8,-4.6,-4.9,-5.3,0.2,-4.0,-6.8,-8.4,-11.4,-6.7,-4.5,-4.7,-7.3,-4.9,-5.1,-3.6,-6.0,-4.6,1.2,-8.4,-5.6,-7.1,-4.0,-4.8,-3.1,-5.5,-6.0,-5.9,-1.8,-2.0,-2.4,4.7,-0.2,-3.3,-0.8,-1.6,1.1,-1.6,-4.3,-3.3,-4.5,2.8,-0.5,6.3,-0.6,0.9,1.3,1.3,-0.5,-2.4,-1.8,-1.8,-0.2,-3.7,-2.6,-10.1,-4.6,-4.9,0.4,-3.7,-5.3,-5.0,-10.1,-2.1,-0.8,-2.8,-7.1,-1.5,-3.0,-2.3,-4.7,-4.0,-3.0,-4.9,-5.0,-6.0,-0.9,-0.1,1.1,-3.1,-1.7,5.4,7.6,-4.1,-6.5,-12.7,-11.8,-12.0,-12.7,-5.0,-17.1,-6.1,-6.6,-6.3,-4.0,-8.8,-9.1,-14.0,-11.8,-15.0,-12.9,-13.1,-10.0,-11.0,-10.0,-5.9,-6.9,-6.9,-5.1,-7.8,-7.1,-7.1,-4.0,-5.5,-12.8,-11.0,-3.3,-4.0,-11.9,0.4,-11.6,-11.3,-5.3,-0.0,-3.7,-4.1,-8.8,-5.3,-6.5,-0.9,-5.0,-7.0,-9.0
2C7L519Wcx,0,48.104323,11.628032,4442297.21,2778087.82,541.0,586.7,260,7351,3.4,0.75,0.46,32.65,348.97,-0.53,-0.103,0.842,-0.9,0.2,-0.31,0.26,0.6,0.2,-0.3,-3.6,-4.0,-2.5,-1.4,-2.0,-1.2,-3.1,3.1,-2.9,5.9,1.2,-0.1,0.0,-0.2,0.5,-2.1,-2.8,1.2,-2.6,-0.9,-3.2,-3.7,0.2,1.0,0.8,-5.1,-2.4,-0.5,-6.5,-2.1,-5.2,-4.8,-11.6,-4.7,3.2,-11.4,-3.9,4.2,0.7,4.4,0.3,-1.8,3.1,0.6,-3.7,-0.3,-0.2,1.8,-0.4,1.1,-1.4,-1.3,-1.7,1.3,-0.4,0.3,0.9,1.7,-1.0,-2.8,-1.5,-1.6,-5.6,-2.1,-1.2,2.0,-0.5,-6.6,-6.8,-2.2,-1.9,-1.7,-2.8,-4.1,-3.7,-2.8,-12.8,-5.0,-4.6,-6.4,-3.2,-2.6,-1.6,-2.9,-6.2,-3.3,-3.9,-1.4,-1.0,-6.2,-4.0,-3.6,2.4,-3.6,-6.6,-3.3,-3.4,-3.8,-5.3,-5.0,-3.2,-6.5,-5.4,-3.4,-3.8,-3.7,-1.8,-2.2,-3.8,-2.3,-3.1,-0.3,2.1,-0.7,1.2,1.2,2.3,1.2,-1.0,0.0,-1.9,-1.2,-1.7,-2.8,-3.1,-3.8,-4.0,-1.2,-6.5,-1.6,-1.9,-3.8,-5.4,-2.4,-6.0,-8.9,-5.8,-10.8,-4.0,-2.5,-3.0,-5.1,-1.2,-3.1,-1.7,-3.9,-3.9,-3.9,-3.8,-4.9,-2.7,-1.1,-1.4,0.7,-0.9,1.7,2.3,3.6,-1.2,-2.3,-4.0,-6.1,4.3,1.7,-1.5,7.3,-0.6,-3.0,-13.8,-2.8,0.0,-8.7,2.3,-0.1,-12.9,-4.4,5.1,-10.6,-14.5,-9.1,-6.2,-5.6,-6.0,-5.8,-10.1,-17.6,-7.4,-8.1,-6.8,2.2,-7.8,-1.8,-5.1,-5.9,-3.8,-2.0,-2.5,-5.4,-2.3,-4.7,-5.5,-9.4,-6.6,-6.1,-8.0,-6.0,-8.5,-7.4
2C7L519Wcz,0,48.104299,11.62784,4442282.91,2778084.78,527.7,573.4,260,7353,4.4,0.62,0.45,32.65,348.97,-0.53,-0.103,0.842,0.6,0.2,1.23,0.34,0.5,0.3,-0.3,2.0,4.4,0.9,2.6,1.4,2.9,0.8,-1.4,2.3,0.8,-0.5,1.3,1.0,-1.2,-2.2,0.5,-1.1,-2.8,-2.6,-8.3,1.0,-2.4,-0.9,1.8,-0.9,-0.6,-0.3,4.5,-10.0,-0.6,-0.6,-6.1,-8.7,-3.3,-3.5,-6.0,-2.6,-5.0,-0.8,-6.9,-0.2,-4.7,-4.0,-2.5,-2.5,-3.1,-1.9,-3.7,-0.4,-1.0,1.7,-1.5,-2.3,-3.0,-3.5,-1.4,-3.1,-4.2,-1.6,-4.4,-1.5,-5.0,4.3,-5.4,-2.2,-3.4,-3.6,-1.2,-13.4,-4.5,-4.0,-1.9,-6.7,-7.6,-0.9,-0.2,-6.1,-2.8,-1.9,-0.3,-4.2,-1.3,-3.8,-1.4,-2.6,-4.2,-1.0,-5.9,-5.1,-1.2,-1.7,-5.3,-10.6,-2.2,-5.2,-2.4,-4.1,0.8,1.8,1.3,-0.2,-2.1,-1.7,1.8,-0.2,2.6,1.5,-0.8,0.3,1.1,0.5,1.3,-3.3,0.7,-2.9,-2.5,-5.8,-2.9,0.6,-3.0,-1.7,-4.4,0.9,-0.3,-3.4,-2.3,0.2,3.7,1.1,-0.9,-3.2,-1.9,-0.9,3.3,1.6,-0.2,0.3,-1.1,2.8,5.4,-2.6,-1.4,-2.0,-11.6,-9.8,-9.7,2.2,-9.4,-4.7,-6.3,10.7,-9.3,4.0,-12.6,-7.2,-5.7,-7.6,1.3,-0.4,-1.2,-2.2,2.2,-5.2,-10.4,-12.0,11.5,-5.4,-9.3,0.6,1.4,10.4,-7.1,-2.4,0.7,2.5,10.4,-11.7,12.0,-4.5,-11.7,-11.7,14.1,10.4,3.8,1.7,3.4,0.6,3.2,2.6,-3.4,-9.8,0.1,-2.0,7.1,2.3,7.4,2.3,-6.5,4.5,3.7,-2.6,3.9,1.9,-0.8,7.7,5.3,2.8,6.5
2C7L519Wd0,0,48.104311,11.627937,4442290.13,2778086.32,529.6,575.3,260,7354,3.4,0.69,0.42,32.65,348.97,-0.53,-0.103,0.842,-0.6,0.2,0.25,0.26,3.1,0.2,-0.3,-2.2,-0.7,-0.3,-0.3,-0.8,1.8,0.6,1.3,4.4,0.3,1.2,7.0,2.9,-3.1,2.2,2.0,10.1,4.4,5.3,-0.6,2.3,4.2,4.3,7.4,7.2,5.0,4.4,4.8,21.3,2.6,3.3,-0.9,1.4,0.4,3.4,1.8,3.3,1.3,5.2,1.5,9.9,-2.6,5.6,4.6,4.2,3.9,3.9,0.9,3.5,2.6,3.3,1.8,2.7,0.8,0.4,1.6,0.6,-0.8,2.6,-1.9,1.3,-5.3,7.9,0.3,2.1,1.5,-2.8,8.6,-9.6,2.8,-3.9,3.5,-0.1,1.6,2.9,5.5,3.5,0.4,0.4,3.3,4.6,4.6,3.1,3.9,3.6,3.0,6.3,4.3,8.7,4.6,4.8,2.8,-3.4,3.0,1.9,9.6,2.5,2.1,5.6,7.7,4.7,4.2,4.0,7.8,4.4,6.0,5.1,5.0,5.1,5.5,-0.8,3.7,-1.2,4.3,-1.1,-2.2,-2.5,-0.8,-0.2,-2.9,-0.7,-4.7,0.3,0.2,-1.4,1.9,1.4,-1.2,7.0,2.6,-1.6,0.2,3.9,7.0,4.5,3.0,3.7,1.9,7.7,5.2,0.8,0.1,4.9,-6.0,-4.6,-5.8,-6.0,-3.6,-0.4,-1.3,-8.0,-2.3,2.3,-0.1,-7.2,-0.5,-0.4,2.9,6.1,4.0,0.6,4.1,4.4,4.0,-2.0,2.6,-1.1,-0.5,5.8,6.0,5.6,-1.5,0.5,1.8,0.9,-1.6,-6.0,-4.0,1.6,-5.3,-6.2,-7.0,-0.3,1.2,-0.9,2.6,6.7,5.4,0.5,-5.7,14.4,7.3,13.8,8.9,2.9,6.6,1.2,-3.3,0.2,4.1,2.6,4.4,1.6,-3.4,-4.8,-5.3,-3.9,-3.5
2C7L519WdG,0,48.104466,11.629143,4442379.59,2778105.49,542.7,588.4,260,7370,4.4,0.59,0.45,32.66,348.97,-0.53,-0.103,0.842,-2.2,0.2,-1.53,0.34,0.8,0.3,-0.3,3.8,2.0,2.7,2.9,-0.4,-6.0,-0.8,2.8,2.1,3.5,4.9,1.9,0.7,-0.8,-1.5,-4.6,-5.2,-4.1,-0.2,-1.2,2.2,-1.4,5.4,0.8,2.7,-1.6,1.1,3.3,-4.9,-1.4,-1.0,-6.3,-5.5,-2.5,-0.9,-4.4,-1.9,2.4,3.4,-3.8,5.1,-0.5,1.9,1.5,12.4,-0.1,-1.9,-0.8,-2.5,2.9,-0.6,-0.0,3.2,1.5,0.1,1.9,3.9,3.7,-0.3,-1.8,-1.9,-2.4,-8.1,-3.4,-5.2,-3.8,-0.1,-4.7,4.3,2.6,7.3,-1.3,-1.9,-2.5,-3.0,-2.4,-1.6,2.8,-1.5,-2.6,-0.9,-0.1,-2.2,1.6,-3.3,1.4,-6.6,-4.0,-2.0,-1.5,-0.2,-3.9,0.5,-3.4,-5.9,-1.2,1.4,-0.8,-0.8,2.8,4.2,0.3,-1.4,0.0,-0.3,1.1,2.0,3.0,-1.4,0.4,-2.5,-1.3,3.1,-3.1,-2.8,-1.3,10.4,-3.5,-5.2,4.1,-0.5,4.6,1.7,4.7,-4.6,6.4,-0.2,6.5,6.9,-3.3,-0.9,-2.5,-0.8,-1.0,-4.7,-2.1,-1.2,-4.8,-2.9,-1.8,-4.3,-3.9,-0.7,-7.4,-3.8,5.4,-3.3,1.1,-5.3,-3.1,-6.0,1.2,-1.8,0.1,2.9,-4.8,-7.2,-5.7,-5.6,4.1,6.0,-17.0,-4.3,4.4,-10.2,3.6,-8.0,-6.4,-12.5,-15.3,-3.6,-15.1,-11.5,-14.0,-16.9,-2.8,1.0,-3.7,-0.5,-12.1,-12.3,-10.3,-12.3,-7.9,-13.2,-7.7,-18.6,1.2,-12.3,-6.4,-1.7,-4.4,-16.6,-14.9,-7.1,-15.2,-16.7,-12.2,-3.5,-12.5,-11.3,-21.5,0.2,-14.7,-20.5,-7.0,2.4,-6.5
2C7L519We4,0,48.104819,11.631897,4442583.91,2778149.33,537.0,582.7,260,7420,1.8,0.93,0.33,32.67,348.97,-0.53,-0.103,0.842,-0.6,0.1,-0.08,0.13,0.4,0.1,-0.3,2.3,1.1,-2.5,1.5,-2.6,4.0,1.3,-0.4,-1.3,-8.7,-1.8,0.5,-1.1,1.0,-1.7,2.0,0.7,0.9,0.8,-2.4,-3.0,2.2,0.3,0.7,1.2,0.0,0.9,4.5,-0.6,0.5,-2.5,-3.9,-2.9,-1.4,0.5,-0.7,2.1,-0.9,-0.8,1.0,1.7,1.4,-0.6,1.1,-0.9,-1.6,-0.6,-1.7,-2.4,-2.1,-2.0,2.3,1.0,-2.6,0.9,1.3,-3.0,0.8,-1.2,-0.5,-0.5,-2.7,-2.1,-1.6,-7.8,-1.4,-2.0,-3.0,-3.1,-3.2,-1.7,-5.1,-1.6,-2.3,-0.8,-1.4,-0.1,-1.1,-0.6,-1.2,-1.8,-1.5,-2.6,-3.4,-0.5,-2.4,0.3,0.6,-1.4,-0.5,-0.9,-3.1,-2.4,-0.6,0.6,-0.9,-0.0,0.3,0.3,-1.0,-1.2,1.1,1.1,-1.2,1.6,-0.4,-0.8,-0.3,-2.7,-2.7,-1.4,-2.0,0.2,-0.9,-0.2,0.2,-1.9,-3.1,-1.2,-0.0,-2.1,-2.4,-1.1,-0.1,2.4,0.6,-0.8,-1.6,-1.3,-1.6,-2.1,-1.7,-0.9,-0.6,-1.8,-2.8,0.6,-5.5,-0.1,0.6,-1.9,-3.1,-1.2,-0.1,-1.4,-0.8,-1.3,-0.4,-0.4,-2.5,-2.5,-3.1,-2.3,-3.0,-2.5,-4.3,-2.9,-1.2,-1.7,3.6,-2.4,-2.9,-3.4,-2.3,-5.3,-1.6,-0.5,-1.2,-1.3,-1.3,-1.1,-2.8,-5.5,-1.5,-3.2,-1.7,-0.7,-3.0,-5.3,-2.8,-1.2,-1.9,-3.6,-0.5,-3.2,-2.7,-4.0,-0.4,-3.4,-4.6,-3.6,-5.6,-1.2,-0.4,-3.7,-6.3,-2.9,-4.2,-5.2,-3.6,-4.1,-3.5,-2.1,-6.5,-0.9,-1.0,-2.8,-2.1
2C7L519WbT,0,48.103672,11.622816,4441910.2,2778006.87,542.8,588.5,260,7259,2.8,0.83,0.4,32.6,348.92,-0.529,-0.104,0.842,0.3,0.1,0.0,0.22,1.1,0.2,-0.3,-1.1,-0.2,-1.8,0.8,-0.6,-0.2,-0.8,-1.5,-1.4,5.8,1.4,2.9,-3.8,-2.8,-3.5,-2.1,-4.4,-3.1,0.4,2.2,-1.3,0.3,0.4,0.2,3.1,3.7,1.9,5.1,0.5,-2.8,-13.0,-3.2,-4.0,-0.1,-3.0,-2.2,-0.4,1.1,-3.0,0.5,-1.8,-3.0,1.1,-1.2,1.9,0.7,3.2,-1.0,0.1,3.5,0.5,0.8,1.5,1.2,1.4,-0.6,2.6,-0.2,1.6,0.1,0.2,2.0,0.5,1.9,2.3,1.3,1.8,-0.5,1.8,2.7,-11.8,-1.1,-1.9,0.6,1.5,2.1,4.0,2.0,1.6,-0.8,0.6,0.2,-2.5,-0.4,4.0,-2.3,-1.8,-4.7,-1.6,-3.6,-3.4,-4.1,5.1,0.3,0.4,4.7,2.1,-0.6,-0.6,1.4,0.2,0.4,0.5,1.9,0.6,2.0,-1.8,0.1,-2.2,1.8,2.5,-0.7,1.1,0.3,0.3,-0.8,-2.9,-3.8,-2.9,2.6,1.7,2.7,-1.3,0.1,1.9,2.0,4.0,0.5,1.4,-0.9,-0.4,-4.7,5.6,-1.9,-4.2,2.5,-0.3,-1.4,4.5,-0.1,2.1,-0.4,-0.6,2.1,2.1,4.0,4.2,2.4,1.5,1.3,2.3,-0.1,-1.5,-2.2,1.2,0.7,-1.4,-1.3,1.8,-1.7,-5.2,-3.6,0.0,3.1,-5.5,-4.4,-0.7,-2.1,-0.1,0.9,2.5,-2.6,2.9,0.1,-0.0,2.6,2.6,2.6,-4.0,14.3,-1.0,-0.5,-1.4,0.1,14.0,-2.1,0.3,-0.8,-1.1,-0.1,-0.2,-3.7,-3.5,-2.5,0.7,2.3,1.0,-1.9,0.3,-0.2,-1.2,1.0,1.7,3.2,5.6,8.5,4.0,1.2
2C7L519WbW,0,48.103691,11.622972,4441921.73,2778009.35,542.1,587.8,260,7262,3.3,0.78,0.46,32.6,348.92,-0.529,-0.104,0.842,-0.4,0.2,-0.23,0.26,0.7,0.2,-0.3,-6.2,-0.3,-7.0,4.3,6.4,3.3,-2.0,-10.1,1.2,-9.5,-2.3,6.7,-2.5,6.6,8.9,-0.0,2.2,-0.3,-2.0,-2.3,-1.1,3.2,-0.6,2.2,0.8,5.1,-0.2,4.7,-7.9,-1.6,-14.3,-4.1,-0.4,-1.2,-0.8,-0.8,-1.1,1.3,5.8,2.5,3.0,3.2,1.6,2.0,1.7,3.2,4.4,1.8,3.0,7.2,1.1,0.4,2.6,1.8,-0.3,0.7,2.8,2.2,-0.3,1.2,-0.4,0.8,4.7,0.2,0.2,-1.8,-1.3,-0.2,1.3,-0.2,2.6,0.4,0.5,-1.8,-0.3,1.1,1.6,0.5,-0.3,0.7,0.0,5.4,2.2,3.7,3.2,1.2,3.4,-2.4,-1.0,-3.3,1.0,-0.5,2.9,4.0,0.4,6.3,1.0,1.3,3.2,2.6,0.1,0.7,2.6,-0.2,-2.1,0.5,-1.5,1.2,1.2,1.3,0.3,2.6,5.7,0.9,1.8,-0.1,0.4,1.0,-2.1,1.7,0.1,-3.4,0.5,2.4,0.6,-0.4,0.0,0.5,-5.1,-4.8,-9.1,2.0,-4.5,1.8,1.8,-4.2,-0.8,-0.9,2.0,1.3,1.1,0.9,1.3,-0.1,-1.2,-0.7,7.8,-3.8,-0.2,-4.1,-2.5,-0.2,-2.6,-8.6,-0.4,-1.0,10.3,-3.1,-4.0,-6.7,-2.0,-2.7,-2.2,-2.5,-0.9,-1.1,-1.3,-6.5,1.1,5.2,-2.7,-1.8,-0.3,1.8,-0.0,-12.9,2.1,2.1,6.9,10.3,4.9,-5.8,-0.5,0.2,0.1,-1.8,-2.0,0.3,-0.3,-3.5,-2.9,-0.2,-2.7,-2.1,-2.1,-1.8,-0.1,-1.0,-2.8,-1.8,-3.5,-1.0,1.2,0.3,0.1,-0.7,-1.9,0.1
2C7L519Wbv,0,48.103867,11.624338,4442023.07,2778031.09,539.2,584.9,260,7287,3.2,0.77,0.39,32.64,348.97,-0.529,-0.103,0.842,-0.7,0.2,-0.11,0.24,2.1,0.2,-0.3,0.2,-0.6,-0.8,0.1,-0.4,-0.0,0.3,0.8,0.1,-0.1,1.4,-0.5,-1.7,-0.8,-1.1,-3.9,-3.6,-4.8,-3.7,-1.1,-6.2,-1.6,-2.8,-5.0,-5.5,-4.8,0.6,-1.6,-3.2,-9.4,-15.1,-8.8,-14.1,-9.0,-6.1,-6.1,-6.3,-5.0,-2.6,-1.8,-0.8,-1.9,-2.1,-5.0,-4.1,-2.9,-2.2,-1.9,-2.4,-1.4,-2.2,-0.8,-1.7,-0.5,-1.3,0.1,-0.9,-0.9,-1.9,-2.3,-1.6,-3.0,-9.4,8.3,-10.4,-0.6,-1.7,-16.6,-1.3,-3.2,-0.2,-5.3,-1.4,-4.2,-3.2,-5.4,-4.3,-5.3,-5.0,-5.1,-2.5,-3.6,-2.8,-6.0,-2.1,-5.4,0.8,-10.4,-9.5,-7.9,-3.8,-7.6,-5.1,-4.5,-3.0,-1.6,-4.0,-7.8,-5.1,-1.0,-4.6,-4.6,-4.2,-1.7,-5.8,-2.2,-3.0,-1.7,-1.9,-4.7,-1.1,-1.7,-3.0,-4.4,-2.1,-5.1,0.8,-7.2,-3.4,-2.8,-6.7,-2.7,0.2,1.1,-1.7,-1.5,-1.3,-8.6,-5.9,-8.1,-6.6,-8.7,-1.9,4.8,-7.6,-1.3,-6.1,-6.9,-5.4,-0.8,-4.1,-5.0,-5.6,-3.2,-3.2,-3.9,-0.8,-1.6,-1.9,-2.5,-1.2,-0.3,-3.6,-2.4,-2.7,-0.1,-2.7,-5.4,-1.7,-8.3,-13.9,-13.7,-17.2,-7.9,-7.2,-9.6,-3.8,-9.5,-5.2,-5.2,-7.2,0.4,2.0,2.9,-5.3,-3.1,-2.3,-3.2,-18.6,-3.2,-1.0,-3.0,-4.0,-4.2,-2.1,-6.5,-5.7,-5.0,-5.9,-4.0,-7.6,-8.8,-7.6,-10.3,-2.4,-6.7,-8.0,-8.2,-8.1,-8.0,-6.0,-5.8,-5.5,-6.1,-5.0,-5.9,-5.0,-4.5
2C7L519WcI,0,48.104056,11.625808,4442132.15,2778054.47,546.4,592.1,260,7310,3.8,0.68,0.47,32.64,348.97,-0.529,-0.103,0.842,-1.0,0.2,-0.08,0.29,1.8,0.3,-0.3,1.0,-3.8,-1.3,1.4,1.5,1.9,-0.1,1.5,-1.0,-1.1,0.9,2.5,0.6,0.7,2.7,3.6,3.8,1.6,3.9,2.5,-3.0,5.6,-2.2,3.1,1.9,2.8,-3.4,-0.8,4.7,0.4,8.0,0.6,-0.6,3.4,1.3,4.9,5.5,13.1,-8.0,0.3,2.9,6.7,2.7,4.8,-0.0,-2.2,3.6,3.5,-3.7,2.5,-1.3,-1.4,-3.5,-2.9,-0.2,4.4,2.9,8.0,-2.6,-3.0,-1.0,1.1,-0.3,6.8,-3.3,2.5,-1.8,11.5,3.7,1.8,3.0,3.2,-0.9,6.1,2.5,4.8,4.6,0.6,-0.5,3.8,-0.4,2.3,-5.0,0.0,-1.5,4.8,3.8,3.0,7.2,5.1,-2.2,-8.7,8.6,5.6,1.2,3.7,-6.3,9.7,-0.8,-1.5,-3.2,11.1,-0.9,-2.4,4.4,-1.5,-0.7,3.4,-0.7,-0.5,-0.9,-2.4,-1.7,-2.7,-0.4,-2.6,-4.0,-5.3,-4.5,-1.9,-1.1,-1.9,-3.8,-2.1,0.3,3.7,-0.6,-1.5,2.0,2.3,-4.0,2.4,-2.7,-2.1,5.3,1.6,3.6,-9.7,1.7,-2.2,1.6,-3.6,-4.0,-4.8,3.2,0.4,-3.3,-4.4,-3.5,-3.4,2.7,-2.9,-2.2,-3.0,-0.8,-1.4,-2.4,-4.0,-2.3,-2.9,-0.8,-0.6,1.4,-6.0,-1.4,2.9,-0.9,5.5,-3.8,-0.0,-1.3,1.1,0.2,-4.7,-1.2,-2.1,-3.2,0.3,-7.3,1.3,-3.5,-13.5,-4.3,-1.1,-3.2,-4.1,-0.7,6.6,9.0,-9.2,6.4,1.5,9.9,7.5,1.2,-5.9,1.7,0.4,0.3,-0.6,0.8,-3.5,-9.0,-2.8,-8.3,-10.5,-13.9,-10.1
2C7L519Wb2,0,48.103482,11.621198,4441790.14,2777983.2,538.3,584.1,260,7232,4.6,0.63,0.54,32.59,348.92,-0.529,-0.103,0.843,0.0,0.2,-1.38,0.35,2.5,0.3,-0.3,-1.1,3.5,2.7,3.4,2.7,-2.0,-0.4,-5.2,-0.2,-5.2,0.1,0.2,-1.4,2.6,10.1,0.7,-0.6,-2.1,1.2,-4.0,-1.1,-0.7,2.8,-3.1,-2.7,-2.1,-4.1,-0.7,2.0,-6.4,-7.0,-4.7,-9.4,-3.0,-2.5,-0.2,-3.2,-3.8,-1.2,1.5,-2.0,-8.2,-3.1,-1.0,-4.2,1.7,-4.7,0.4,-1.4,2.1,2.1,1.8,-0.1,-3.5,1.2,3.6,-0.5,2.6,2.5,0.2,1.4,-1.2,15.0,1.3,-1.6,0.2,-4.6,11.9,9.9,0.4,-3.3,-0.9,2.9,-0.4,0.4,4.3,-0.5,0.5,1.0,3.7,1.8,-0.0,0.2,-3.0,-2.4,7.7,-0.0,-8.2,-5.6,-2.7,-2.3,-1.2,-5.7,-3.5,-3.4,-2.9,-2.3,-3.4,-2.5,-2.8,-2.6,-2.8,-0.1,-0.5,0.8,1.9,-1.1,-2.0,2.8,14.1,0.9,1.0,-2.6,1.1,1.5,-0.3,-5.6,-1.6,0.8,6.4,0.9,3.4,-3.2,0.8,5.9,1.3,8.6,1.4,0.1,5.0,-5.3,2.4,2.9,-4.0,-3.4,3.7,2.0,2.4,6.4,7.1,-3.4,-2.7,-1.1,3.4,0.1,-1.0,-0.7,3.3,6.7,7.7,-5.1,0.6,8.0,18.3,12.3,17.8,0.8,16.6,-1.5,-3.5,-3.7,-8.8,3.8,-10.8,2.4,-5.2,-6.7,-4.6,-2.9,14.1,0.9,-0.8,-1.7,-6.7,-6.0,-7.1,-3.3,-1.3,0.8,-6.8,-0.6,-3.8,12.5,-0.9,-4.1,7.2,16.6,3.2,-3.3,-6.3,1.1,-6.7,-1.8,-11.1,-5.9,0.2,-2.8,-4.7,-6.7,-0.2,-2.1,-4.2,-8.8,-0.2,-5.0,-8.9,0.5,-0.0
2C7L519WcM,0,48.104081,11.625855,4442135.6,2778057.3,539.7,585.4,260,7314,4.3,0.58,0.51,32.64,348.97,-0.529,-0.103,0.842,-0.7,0.2,-0.37,0.33,3.6,0.3,-0.3,0.3,0.5,-2.0,-3.2,-0.9,0.8,-4.0,1.1,-0.3,0.0,-0.3,-2.0,2.2,-0.1,-0.3,-2.3,-6.2,0.6,14.8,-11.3,-8.9,-10.3,2.7,13.8,16.7,6.0,2.5,6.4,1.3,8.1,-3.0,10.1,10.9,13.9,7.9,-1.9,13.8,-3.1,5.8,5.0,-1.3,17.7,8.1,5.9,8.4,5.6,2.0,3.7,1.4,-1.2,14.8,-1.0,-0.9,-2.2,-3.1,-2.1,-3.0,-1.3,-0.5,-1.3,-1.3,-0.5,14.6,-1.3,-0.9,-1.8,-2.8,-0.9,-3.4,-3.0,-2.2,-2.4,-3.2,-2.9,-3.9,-5.2,-2.7,-3.1,-3.0,-3.2,-4.0,-7.2,16.6,-1.2,2.9,18.5,8.3,5.6,8.8,5.9,5.5,4.9,4.9,6.9,7.3,9.2,5.8,2.8,5.1,9.4,8.4,6.2,5.2,3.2,5.8,7.9,6.2,10.0,8.5,2.3,2.5,-0.7,-1.3,-0.8,-0.4,-2.5,-4.1,-2.1,-0.6,-1.6,-2.2,-6.6,-0.9,-1.1,-0.5,-2.3,-2.3,0.8,-2.0,-0.4,1.3,2.1,5.8,-0.0,6.6,6.1,5.4,-1.8,9.5,6.1,3.8,2.2,1.7,1.9,0.6,-0.0,-1.2,-2.7,-0.8,2.2,0.1,0.1,-1.6,-2.5,-1.7,1.6,-3.2,-0.2,0.1,3.2,-1.2,1.8,5.2,-0.1,1.6,-2.3,1.2,0.4,4.4,2.4,1.8,3.0,0.2,-2.0,-0.3,5.8,-4.2,2.2,5.1,2.1,0.4,0.9,1.7,-1.3,1.9,2.7,-0.9,-0.4,1.2,-0.1,-0.5,-0.1,0.8,2.7,-0.3,0.9,-0.6,0.4,1.1,0.5,0.2,4.1,0.5,-0.6,-8.6,-2.2,-8.8,-2.5
2C7L519WcN,0,48.104082,11.625865,4442136.35,2778057.46,537.4,583.1,260,7315,1.8,0.86,0.37,32.64,348.97,-0.529,-0.103,0.842,-0.7,0.1,-0.29,0.14,2.2,0.1,-0.3,0.2,0.8,-0.1,0.1,1.1,-0.6,1.8,3.7,0.5,-0.4,1.2,-0.3,-0.1,0.3,0.7,-1.2,1.4,2.1,1.8,-0.3,0.5,1.7,1.5,3.1,6.8,5.9,7.6,4.0,5.6,1.6,-3.3,-0.1,2.9,5.1,2.2,4.4,7.7,5.6,8.5,5.3,5.7,6.1,6.2,5.4,5.0,5.3,1.0,0.1,1.3,0.4,0.9,-0.2,0.9,0.1,-0.7,-0.7,-1.3,-0.1,-0.2,-0.8,-2.3,-0.7,-2.2,-1.3,0.1,-1.4,-1.5,-0.4,-0.8,0.0,-1.2,-0.2,-1.3,-0.5,3.2,-2.1,1.5,-3.1,2.8,1.6,0.2,1.4,1.3,2.6,4.3,6.6,6.7,3.2,4.4,5.5,5.4,3.8,3.5,5.8,4.3,7.4,5.7,5.1,5.2,7.0,5.3,5.0,3.8,3.1,4.7,5.7,2.2,1.3,3.6,1.5,0.8,0.6,-0.4,0.8,0.9,-1.3,-2.5,-0.5,-1.0,0.4,-2.0,-0.7,-1.4,-0.5,1.1,1.2,1.5,1.5,1.1,2.2,1.1,0.3,4.3,0.8,4.0,3.0,3.9,-4.3,6.4,4.7,2.1,0.2,0.3,0.2,0.4,1.9,0.1,1.7,0.1,1.9,-0.5,-1.1,-0.1,-0.6,1.0,-2.0,-0.9,-0.3,2.2,1.3,-0.0,2.1,5.6,-0.7,-0.4,1.9,0.7,-0.8,2.0,1.0,-0.5,-2.0,-2.5,-3.4,-2.1,-1.0,-2.6,-1.0,1.4,-1.2,-1.1,-1.6,-0.3,-0.8,0.3,-0.5,-0.6,1.4,1.3,-0.8,-1.4,0.4,1.5,0.4,-1.0,0.9,0.1,-0.4,0.0,-0.4,-2.4,-1.3,-0.7,0.3,-1.7,-1.2,-2.2,-1.5
2C7L519Wdq,0,48.104749,11.631062,4442521.88,2778140.16,537.8,583.5,260,7406,4.6,0.63,0.5,32.67,348.97,-0.53,-0.103,0.842,-1.7,0.2,-0.53,0.35,0.7,0.3,-0.3,2.3,2.4,0.7,1.2,1.1,0.7,1.0,1.9,0.3,-7.2,1.4,1.1,-3.0,1.1,-0.7,4.5,3.3,2.0,3.3,0.3,0.3,4.4,1.4,3.4,1.1,7.1,1.9,1.6,1.1,2.6,-7.3,1.3,1.9,0.4,1.5,9.5,4.2,9.6,0.4,3.9,1.1,3.4,4.7,5.9,-0.6,-0.4,-0.4,2.0,-0.3,2.4,0.5,2.0,1.1,2.0,0.7,-1.5,1.4,0.7,1.4,0.4,-1.0,-8.2,-3.9,-5.8,1.5,-0.0,-0.3,6.9,-0.5,-1.7,-1.2,1.2,1.0,1.0,4.8,5.1,-1.2,-1.3,-2.2,4.9,-1.0,4.0,-4.5,-2.0,1.1,7.1,3.8,7.3,9.1,3.3,3.2,-1.2,-1.9,2.8,1.6,1.0,2.1,4.3,1.6,-1.1,2.8,4.8,-0.5,-1.6,5.1,-1.9,-0.4,0.9,-3.9,-5.0,-3.6,0.4,-1.0,0.1,-0.1,-1.8,1.6,-2.0,-0.9,0.1,1.8,0.0,-0.4,-1.9,4.9,6.9,-0.6,-5.7,2.9,3.0,-12.7,1.3,1.7,2.9,-2.0,3.6,2.7,-6.1,-3.1,2.8,1.3,-2.9,-1.5,-2.9,-0.7,-0.0,3.0,-0.5,-1.6,-2.8,1.1,-2.4,-6.6,-7.4,-4.3,-0.0,-1.1,-1.6,-1.1,-2.9,6.1,7.1,-9.0,-15.5,-17.1,1.5,-9.2,-5.3,6.2,-5.9,-18.7,-20.7,0.6,-1.7,-2.2,-9.9,-1.3,-2.7,-13.0,-0.3,-5.4,-0.7,-0.3,0.6,-8.2,-6.4,1.1,-18.2,-17.6,3.2,-0.2,-5.1,4.4,2.7,-15.0,-14.1,-18.7,-8.5,4.2,4.3,1.1,-4.3,-10.0,-9.9,-1.4,-1.6,-3.4,-11.2
2C7L519WbG,0,48.103603,11.62199,4441848.78,2777997.85,538.9,584.6,260,7246,1.7,0.93,0.3,32.6,348.92,-0.529,-0.103,0.842,-0.9,0.1,-0.18,0.13,0.1,0.1,-0.3,-0.4,-2.0,-2.2,-1.9,-0.1,-2.2,-1.3,3.1,-1.1,-1.8,-2.8,4.1,-1.0,0.5,-1.5,-1.9,-2.4,-2.4,-1.5,-3.1,6.7,-1.4,4.2,2.1,-0.2,1.2,8.6,1.0,6.3,-4.0,10.7,-2.9,-2.1,-0.2,-3.6,-1.9,-0.4,-0.8,0.4,1.3,0.5,0.4,1.3,-0.5,0.2,-0.3,-1.5,0.3,0.6,-0.1,0.8,-0.3,-0.2,0.2,-1.0,-0.7,0.2,0.2,-0.7,-0.3,-1.0,-1.0,0.0,-1.0,-2.6,-2.1,-1.2,-2.4,-0.1,-0.6,-1.4,-0.1,1.1,-0.5,-0.4,-2.2,-1.5,-0.7,-0.5,0.1,-0.7,-1.0,-0.9,-1.2,0.1,0.5,-0.5,-6.1,-1.6,-2.6,-2.6,-0.1,0.1,0.3,-1.9,1.3,-0.7,-1.7,-1.7,-1.2,-0.6,-0.9,-0.2,-0.4,-2.5,-0.9,-1.2,-0.9,-1.8,-0.5,-1.7,-1.3,-0.6,-1.2,-0.4,-1.1,-2.1,-1.5,-1.1,-1.5,-1.0,-0.9,-0.8,-1.6,-1.2,0.0,-0.6,-1.6,-2.3,-2.5,-1.5,-1.8,-2.5,-4.0,-1.9,-1.3,-1.5,-2.8,1.0,0.3,-0.3,-0.2,-2.7,-2.0,-1.4,-1.4,-0.9,-1.4,-2.5,-1.8,-1.8,-4.1,-3.6,-1.8,-2.2,-2.2,-2.5,-1.7,-1.3,-2.1,-3.2,-3.9,-1.1,-2.2,-2.9,-1.8,-2.6,-5.6,-1.2,-2.5,-3.3,-4.9,-3.3,-3.6,-2.6,-2.7,-2.7,-1.9,-0.3,-1.8,-3.1,-2.7,-3.6,-3.7,-3.5,-3.7,-3.8,-2.8,-3.1,-5.0,-5.2,-3.8,-5.1,-6.1,-5.2,-5.1,-3.9,-4.0,-3.9,-5.0,-3.3,-3.8,-4.5,-4.0,-2.9,-2.4,-4.2,-4.1
2C7L519WbH,0,48.103607,11.622026,4441851.49,2777998.43,537.9,583.6,260,7247,1.8,0.93,0.3,32.6,348.92,-0.529,-0.103,0.842,-0.8,0.1,-0.44,0.13,0.1,0.1,-0.3,0.8,0.9,-0.6,-0.6,-0.4,-0.7,-0.3,-0.1,0.9,-2.6,-0.2,3.3,0.5,0.7,0.0,0.3,0.4,1.2,2.1,1.5,4.5,-1.7,-0.4,2.5,1.6,2.4,-2.2,-0.8,-4.9,-0.0,10.5,-1.4,-4.5,1.9,-4.0,-0.9,0.1,-0.5,1.5,2.1,0.9,0.9,0.6,0.2,0.7,0.6,-1.2,1.2,3.1,-1.4,2.2,0.3,2.5,1.6,-0.5,-0.0,1.1,1.5,0.3,0.4,-1.7,1.5,0.8,0.1,-4.0,-1.1,-0.5,-1.4,-1.2,1.5,0.4,2.8,3.8,1.8,2.0,-0.5,0.6,0.7,0.3,2.6,0.9,1.1,0.6,0.2,1.7,1.5,1.4,-4.2,0.6,-1.0,0.1,1.7,1.5,3.0,-1.1,3.9,0.5,0.4,0.9,0.3,-0.5,0.3,1.0,0.4,-0.6,0.4,-0.7,-1.0,-1.7,-0.2,-1.0,-0.0,0.3,-0.8,-0.9,0.1,-0.9,-0.6,1.7,0.9,-1.5,-0.2,-1.2,1.2,1.6,1.4,-0.7,-0.1,-1.2,-0.3,-0.8,-0.5,-3.1,-2.4,-1.1,-2.4,0.7,-0.3,2.7,-0.5,0.9,1.1,-2.1,-0.1,-0.4,-0.3,1.8,0.2,-1.7,-1.3,-0.7,-2.0,-1.5,0.1,-1.5,-1.5,-1.4,-0.1,-0.1,-0.5,-0.8,-0.8,0.3,-1.3,-1.5,1.1,-0.3,-4.3,-0.2,-2.0,-2.0,-4.0,-1.6,-1.5,-1.4,-2.3,-1.5,-1.0,-11.3,-0.9,-3.4,-2.0,-3.1,-4.2,-4.6,-3.5,-3.8,-1.9,-3.7,-1.8,-2.9,-1.0,-4.6,-6.7,-4.6,-3.0,-2.5,-2.7,-3.3,-3.7,-1.8,-2.2,-2.8,-2.0,-2.3,-1.0,-3.4,-2.7
2C7L519WbV,0,48.103722,11.62292,4441917.81,2778012.65,542.8,588.5,260,7261,2.6,0.86,0.38,32.6,348.92,-0.529,-0.104,0.842,-0.7,0.1,0.08,0.2,0.4,0.2,-0.3,-4.4,1.0,0.1,0.3,0.5,12.3,-4.1,-1.4,1.6,-5.7,0.3,8.7,1.7,2.9,1.5,1.2,-0.7,-0.0,0.3,-1.4,-1.3,-0.2,-0.2,-0.8,1.8,3.2,3.6,-5.1,0.9,-3.4,-12.8,-1.3,-0.2,0.6,-1.9,-2.1,-0.7,3.1,2.8,4.1,1.5,-2.7,3.0,0.8,1.0,1.6,0.8,-0.2,-1.1,1.4,2.6,1.0,2.9,2.4,0.6,0.6,1.3,2.4,1.7,1.7,-0.5,0.5,2.9,-0.0,2.2,-1.3,-0.3,-1.7,1.1,0.4,1.3,0.1,-0.9,-1.4,1.3,1.7,0.6,0.7,-0.7,0.0,0.1,0.0,0.5,1.7,0.8,2.1,3.4,-0.7,-0.4,-1.3,2.2,3.7,2.6,4.1,0.4,7.1,-1.1,-0.8,1.9,1.8,-0.1,1.4,0.1,-3.6,-1.0,-0.9,-0.4,-3.5,1.2,-1.8,0.6,-0.2,0.9,0.5,-0.2,-2.9,-5.9,-3.6,-1.0,-3.8,-4.4,-4.6,0.8,0.7,0.5,0.1,-1.7,-0.3,-2.7,-4.2,-3.0,-0.7,-3.2,1.1,-1.4,-2.9,0.3,0.6,3.7,1.9,-0.2,-2.5,-0.6,2.4,0.0,0.2,-6.9,-1.0,-1.4,-1.7,0.5,-2.6,-1.9,-2.7,-2.1,-0.7,-1.5,-0.9,0.4,-0.8,-1.3,-2.1,-2.2,0.1,1.5,-1.4,-5.1,-3.7,-0.5,4.4,-3.4,-2.9,1.6,-1.7,-1.6,-13.9,-2.0,-2.4,-11.8,-1.2,-3.5,-1.6,-2.5,-0.8,-1.6,-1.8,-3.8,-3.5,-2.2,-5.1,-3.8,-1.4,-4.2,-1.2,-2.3,-1.3,0.3,-1.1,-2.3,0.9,-1.2,1.5,1.2,-4.1,-0.8,-0.0,-2.3,-0.5
2C7L519WcD,0,48.104069,11.625621,4442118.19,2778055.61,553.2,598.9,260,7305,4.3,0.71,0.44,32.64,348.97,-0.529,-0.103,0.842,-1.0,0.2,0.72,0.33,0.2,0.3,-0.3,-2.8,-0.4,-2.8,-2.1,-2.7,2.9,-2.7,-0.5,-1.2,-0.7,-2.9,5.0,1.1,3.4,-0.1,0.1,0.4,1.5,0.5,0.4,-3.4,1.8,1.3,-1.4,5.7,-0.9,-3.5,-2.1,-2.8,-5.3,-10.1,-10.2,-7.4,-5.3,-1.2,-6.1,-2.7,6.4,3.4,4.3,-1.5,4.6,2.1,-3.1,1.6,-2.3,0.0,-0.3,-1.6,0.3,-0.2,-1.1,-2.2,-3.0,-1.4,-0.7,-5.0,-1.7,-1.0,-1.7,-1.4,-3.1,-13.3,-0.5,-4.5,-5.0,-1.7,-21.3,0.8,1.1,4.9,-2.5,-2.0,-2.2,-1.3,-2.2,-1.8,-6.2,-1.4,-4.3,-4.0,-3.1,-4.6,-2.7,-3.7,-1.2,0.6,-5.5,-2.5,-4.7,-7.0,-4.6,-5.8,-6.0,-17.6,-2.3,-7.6,-4.7,-4.7,-5.4,-3.7,-1.1,-12.3,0.8,-1.4,-0.2,-1.0,-3.1,-5.8,-5.4,-5.3,-3.3,-7.2,-4.2,-4.2,-0.4,-6.0,-3.3,-0.6,-0.8,-8.0,-2.8,-6.4,0.2,-5.5,-2.9,-4.9,-11.3,5.9,-7.1,-2.9,-1.2,-1.9,-6.9,1.3,2.5,-4.5,-14.1,-6.3,-2.0,0.2,-3.6,-3.2,4.9,-8.6,-7.7,-19.0,-6.5,-4.1,-8.6,-18.8,-4.2,-6.0,-0.7,0.1,-4.0,-6.2,-5.0,0.8,-3.4,-21.7,-4.1,-2.2,1.1,0.3,3.6,-1.2,-6.2,-20.9,-2.8,-2.1,-6.8,-3.7,-3.5,-7.2,-3.5,-5.3,-5.4,0.2,-4.5,-3.7,-6.5,-8.8,-2.7,-3.4,-2.5,-8.6,-5.6,-8.9,-10.9,2.6,-4.7,-2.2,-2.0,-1.0,-2.5,-6.5,-7.6,-3.3,-13.4,-6.5,-6.6,-4.3,-3.3,-2.7,-6.6,-4.6,-7.0
2C7L519WcF,0,48.104092,11.625805,4442131.85,2778058.54,554.7,600.4,260,7307,2.6,0.85,0.37,32.64,348.97,-0.529,-0.103,0.842,0.0,0.1,-0.22,0.2,0.5,0.2,-0.3,-1.2,1.1,-0.8,0.3,0.4,-1.6,-0.5,1.3,-0.4,0.9,-0.3,0.1,0.5,0.5,2.4,1.0,-2.0,3.5,-0.6,3.2,-0.4,0.2,-1.1,-4.8,1.6,1.6,2.8,-0.7,-2.7,-2.7,-11.7,-5.8,-1.6,-0.4,-0.2,6.9,0.3,6.3,5.0,5.7,2.0,-1.2,2.0,11.5,1.6,0.8,-0.5,-0.9,2.3,0.6,2.4,1.9,3.0,2.2,-0.1,1.9,-1.2,0.1,-0.7,-2.1,0.8,1.2,1.5,-0.6,-3.3,-1.5,-0.5,-3.7,-1.5,-0.7,-0.9,-1.5,-1.3,-0.0,2.7,1.2,1.3,0.9,0.1,2.2,-0.6,1.1,-2.6,2.5,2.6,5.4,-0.7,1.1,4.4,-0.4,1.0,-5.0,-7.6,5.5,-3.8,0.4,-1.3,5.8,-0.2,2.6,0.0,4.2,0.3,0.9,2.0,-1.2,2.0,-0.3,0.8,1.3,0.2,-1.7,1.2,-1.4,-1.2,0.9,-2.2,-1.9,-5.3,1.4,1.0,0.9,1.8,0.7,5.5,7.5,-0.4,0.1,1.5,1.7,0.7,2.4,0.1,0.9,4.7,2.2,4.4,-5.7,1.5,3.0,0.9,0.7,-0.9,6.1,0.1,-1.1,-0.2,-0.7,1.5,2.6,0.8,-3.5,1.1,-1.8,-1.0,0.5,-0.8,-0.2,1.4,0.8,3.5,2.2,1.6,-0.3,-0.9,3.4,2.5,0.2,0.8,0.2,1.5,-0.7,3.3,-0.8,0.6,-3.0,-1.7,0.0,10.0,-0.1,-0.3,0.3,0.1,-1.4,-1.8,-2.2,-1.0,3.4,5.7,2.5,-0.1,2.2,5.0,1.0,-1.0,2.6,-1.5,-1.2,-1.3,0.5,-1.8,-1.9,-2.8,-0.4,-0.3,-0.8,-0.7,2.0
2C7L519WcO,0,48.104096,11.625831,4442133.77,2778058.99,533.3,579.0,260,7316,3.1,0.7,0.42,32.64,348.97,-0.529,-0.103,0.842,-1.1,0.2,-0.97,0.24,3.0,0.2,-0.3,4.6,0.5,-0.4,-2.3,-0.2,2.4,7.7,0.2,0.6,-5.2,0.9,0.2,3.6,1.2,-1.0,-3.6,-5.2,-8.9,-5.1,-12.3,-0.7,-4.7,-2.3,-5.5,-1.2,-2.3,2.5,-6.2,-2.1,-5.5,-12.1,-7.4,-5.7,-1.7,-5.6,-2.9,-0.9,-2.3,1.1,-1.3,-1.6,-3.2,-1.4,-2.2,-1.3,-0.0,-4.1,-2.2,-3.8,-3.1,4.2,4.5,2.2,-0.7,-0.2,-0.5,-5.5,3.6,1.8,-0.3,4.7,-10.1,-5.8,-12.6,-4.5,5.0,2.6,-7.0,0.6,1.6,0.9,-1.2,2.2,1.9,-1.1,-2.0,0.6,2.7,-1.2,-2.8,-0.6,-1.3,-3.5,-3.2,-1.6,1.0,-3.6,-7.0,-4.1,-4.2,-3.4,-5.3,-3.5,-4.9,-5.4,-1.7,-1.4,-4.1,-3.6,-2.3,-5.1,-2.9,-2.6,-3.1,-4.9,-3.5,-5.2,-3.3,-3.9,-4.8,-3.7,-2.4,9.3,0.4,-1.2,-3.1,-0.9,-0.7,1.8,2.3,1.8,2.0,9.1,2.6,-2.0,-2.9,-0.4,-1.2,-0.5,-2.8,-6.4,-6.5,-5.6,-6.9,-8.9,-8.9,-8.1,-11.3,-4.1,-1.3,-4.3,-6.0,-2.9,-0.7,1.2,0.2,-0.6,0.1,-1.1,0.6,-2.0,3.5,-1.7,-0.8,0.5,2.1,-0.8,-0.0,-1.2,-3.9,-9.3,-6.0,-0.1,-6.0,-12.0,-10.9,-7.5,-10.9,-7.8,-4.7,-7.5,-10.9,-12.9,-7.7,-5.8,-2.8,-3.0,-2.0,-4.9,-1.7,-3.8,-2.8,-2.9,-3.7,-0.4,-3.3,-3.6,-5.0,-9.5,-10.6,-10.9,-9.6,-10.8,-11.1,-11.0,-10.9,-12.0,-10.1,-8.9,-9.2,-8.7,-6.2,-5.5,-6.2,-2.9,-7.9,-4.0,-6.1
2C7L519WdB,0,48.10445,11.628583,4442337.92,2778102.79,531.4,577.1,260,7365,3.3,0.7,0.42,32.66,348.97,-0.53,-0.103,0.842,-0.7,0.2,0.41,0.25,2.2,0.2,-0.3,-1.5,-0.4,0.6,1.1,-0.7,-5.3,2.6,2.5,-0.6,0.5,-1.0,-0.6,-0.4,-4.8,5.4,-5.9,6.4,-0.6,4.4,-2.6,0.7,6.5,7.1,6.2,8.5,7.0,8.2,3.0,5.3,2.7,3.6,-0.2,1.1,3.4,6.4,3.2,5.3,5.0,0.5,3.8,2.3,6.4,12.4,1.5,1.4,1.6,7.1,-1.4,0.5,-3.3,3.8,1.2,0.5,-2.4,5.1,-0.1,-4.0,-2.8,3.4,-0.5,1.9,-4.2,-1.5,1.6,-4.0,-4.9,-0.6,3.3,-0.3,1.0,-1.9,2.2,0.6,0.6,5.5,7.8,3.0,4.0,0.6,2.5,-2.4,-4.0,-0.1,-5.0,-2.5,7.6,8.2,6.6,2.6,4.0,3.8,1.4,1.2,7.3,-10.3,2.6,-1.7,6.9,1.9,-8.7,-2.4,5.6,-0.6,3.3,5.5,6.6,-2.2,-3.6,-5.2,2.0,-5.2,0.0,-4.7,-7.4,-2.3,-2.1,-6.7,-1.8,2.0,-1.2,-6.5,-0.6,-3.3,-2.5,-2.8,4.5,4.0,3.1,2.4,1.6,-1.9,0.1,1.8,-3.5,-2.7,-0.4,1.0,-2.2,2.8,2.6,5.6,6.9,0.7,-3.1,-0.3,0.7,-2.7,0.6,-0.9,-1.5,-1.7,-4.1,-6.5,0.0,-0.9,-3.0,-1.1,-0.8,2.5,0.0,1.7,3.7,1.1,0.2,1.0,3.6,-3.3,0.5,6.1,4.4,-2.7,-3.4,-1.4,-1.8,-3.1,-6.4,-5.0,-6.4,-0.3,-7.0,-3.5,-6.5,0.8,-8.3,-4.0,-4.0,-6.0,7.8,1.2,0.5,0.4,2.0,0.2,1.5,0.9,-0.2,-1.5,-1.0,-0.9,-1.6,3.0,2.4,-0.4,0.7,-0.6,-2.3,-1.9,-2.9
2C7L519WdC,0,48.104475,11.628778,4442352.4,2778105.88,538.1,583.8,260,7366,3.2,0.78,0.41,32.66,348.97,-0.53,-0.103,0.842,-1.4,0.2,0.21,0.24,1.0,0.2,-0.3,-0.6,3.6,0.8,1.1,-2.5,-2.5,-2.4,0.3,2.9,-3.3,1.0,0.5,0.7,0.6,0.8,2.9,2.0,1.3,-1.9,0.4,-0.7,2.0,1.0,0.1,5.9,0.2,2.5,-0.9,0.3,-2.5,-4.5,-1.5,-1.2,-2.9,4.3,-0.5,2.8,1.2,1.5,-0.0,1.5,-1.9,3.5,4.9,3.8,-0.5,-2.1,-0.8,0.0,-1.8,1.0,-0.3,3.1,0.2,0.7,-0.5,1.1,-1.9,2.1,1.3,-0.9,-1.5,2.8,-2.6,-0.6,-1.2,-1.1,-6.5,-3.9,-3.4,-3.3,-2.1,0.5,-2.9,-3.0,-2.6,-2.3,-4.5,-2.9,-2.9,0.9,7.6,2.4,-2.3,-1.2,3.0,1.3,0.4,-0.2,3.2,-2.5,-3.7,-3.0,1.8,-2.6,3.1,-1.4,0.4,0.2,0.0,0.2,1.6,2.9,0.3,-2.2,-2.5,1.1,-2.1,-0.4,-4.8,-2.4,-1.7,-1.3,-0.8,-4.1,-3.1,-1.6,-1.8,-1.8,-2.4,0.6,-2.9,-4.7,-3.8,-2.3,-1.7,-2.2,-4.4,-2.0,-1.6,-0.1,0.1,-5.7,0.6,0.5,-3.9,-1.1,-2.7,-0.5,0.2,-4.2,-6.7,8.3,-12.8,-4.3,-11.5,-7.5,-12.0,-8.8,-17.6,-8.7,-3.3,-1.3,-8.2,-7.9,2.6,-10.0,1.7,-0.9,-2.7,-1.1,-3.3,-8.8,-2.8,-6.2,2.1,-1.2,7.8,-5.1,-2.9,-1.7,1.1,-6.0,-8.5,-3.4,0.1,-3.0,-4.4,-10.4,-4.1,-3.1,-3.7,-4.3,-3.2,-2.8,0.1,-3.1,-4.2,-3.6,-7.1,-13.8,-9.2,-7.5,-1.7,-2.1,-5.0,-7.5,-4.5,-5.6,-13.1,-8.9,-7.9,-6.9,-6.6,0.2,-3.7,1.5,-2.6
2C7L519WdH,0,48.104515,11.629094,4442375.87,2778110.91,538.4,584.1,260,7371,3.5,0.75,0.45,32.66,348.97,-0.53,-0.103,0.842,-0.7,0.2,-0.53,0.27,1.4,0.2,-0.3,1.4,1.4,-1.1,3.4,-1.3,-4.1,-1.5,1.2,0.2,0.9,1.5,-4.8,-1.9,-1.2,1.7,-2.5,-4.4,-3.6,-2.3,-5.5,-2.9,-3.8,-2.0,-3.0,-0.6,-2.2,3.0,-1.1,-6.4,-12.0,-2.0,-3.6,-2.4,-6.0,-0.6,-9.2,-4.6,-0.7,2.0,0.8,-5.9,1.4,4.4,7.1,2.8,-0.4,0.3,2.1,-1.4,1.7,0.1,-1.8,-1.8,-2.0,-2.0,0.2,0.4,-0.2,-0.7,0.2,-0.2,4.3,9.9,-1.6,0.5,-1.2,-0.4,-1.3,-0.4,1.3,0.8,-1.8,1.5,-1.7,-1.8,-2.2,-2.1,-0.2,-1.4,0.8,-0.3,-0.3,-0.8,-3.2,-0.1,-0.4,-2.4,-6.0,-8.8,2.1,-8.2,-4.2,-2.7,-7.4,0.7,0.5,0.8,-2.4,-8.2,2.6,0.1,4.8,-1.5,3.3,-2.0,0.2,1.9,1.5,-1.4,0.9,1.3,-2.8,-0.3,-2.9,-3.9,0.2,-0.3,-3.4,-3.8,-2.7,-1.2,-2.2,-2.8,-1.3,-1.5,0.5,-0.6,-0.0,-1.5,-5.8,-1.7,-5.3,-1.4,-1.9,-5.8,-14.9,-1.8,-2.9,1.3,-1.4,-7.0,-3.1,7.2,13.9,1.3,-1.6,-0.9,-0.5,-4.2,-2.3,-2.3,-2.5,-0.6,-2.6,0.6,-2.2,1.1,1.2,-4.4,0.0,-3.8,-10.2,-0.7,-4.5,-8.5,-0.9,0.1,1.5,-1.5,-5.1,5.1,-3.9,-7.8,11.7,-13.9,-3.2,-3.8,-5.9,-5.0,-4.6,-4.6,-0.5,-3.5,-5.1,-3.1,0.2,-1.9,-2.6,-5.6,-5.9,-6.4,-5.4,5.6,-0.8,-14.9,-10.8,-5.4,-6.6,-2.8,-4.8,-1.1,-5.5,-5.4,-4.1,-3.7,-6.8,-0.8,0.9
2C7L519We1,0,48.104854,11.63173,4442571.39,2778152.85,539.8,585.5,260,7417,3.1,0.81,0.44,32.67,348.97,-0.53,-0.103,0.842,-0.6,0.2,0.43,0.24,0.6,0.2,-0.3,1.0,-0.0,-0.1,-0.3,-2.6,-0.1,-0.1,-2.7,2.5,-3.3,-1.4,2.2,9.6,-2.2,-3.3,0.7,-0.3,1.9,-0.9,-2.0,-1.9,0.9,3.6,-0.5,-2.7,0.6,3.6,0.8,-0.1,-2.0,2.1,-2.5,-5.0,-3.0,-3.7,-1.7,0.7,1.2,-1.5,-2.3,-0.1,2.3,0.6,0.5,1.7,2.6,0.2,-1.0,-2.0,0.5,-1.6,-1.3,3.4,0.3,-2.3,3.9,-0.5,2.6,-3.6,-1.9,-0.7,4.3,-2.8,-11.3,4.8,-0.7,0.1,7.0,-0.4,0.9,-3.3,0.9,-0.5,5.7,-1.5,-1.2,2.8,0.5,4.0,-0.6,0.4,-1.1,0.4,-1.3,5.1,-0.7,-1.0,1.7,1.4,-2.6,-2.4,-4.9,-2.2,-3.7,2.8,-2.9,0.3,-1.1,-4.0,0.2,0.3,-0.2,-1.3,2.2,0.2,0.4,1.9,0.4,5.8,2.4,-0.1,2.2,0.8,-2.4,-2.8,0.6,0.1,-1.7,-3.1,-2.8,-4.9,-1.6,-0.7,-1.0,-0.8,1.5,-2.2,-7.1,-1.9,-3.2,0.5,-1.6,-1.3,-3.3,2.8,-1.9,-3.2,-8.1,-1.8,0.5,1.7,-2.8,-4.4,-3.3,-0.9,0.8,-0.5,-0.3,-0.6,-3.6,-2.7,-1.2,-14.8,-11.9,-17.2,-3.6,-3.4,-4.7,-4.9,-0.9,-2.7,-2.9,-0.9,-3.8,-3.9,-3.8,0.1,-0.1,0.7,-10.6,0.5,-2.1,-3.0,-1.7,-1.4,-0.9,-2.0,2.3,3.3,9.7,1.2,-5.0,-2.2,-1.4,-0.7,-2.8,-5.6,-0.6,-2.2,-3.4,-5.8,-3.8,-6.2,-0.6,0.7,-1.9,-1.2,-0.8,-3.9,-1.4,-4.0,-1.3,0.2,3.6,-1.2,-2.6,-2.6,6.0
2C7L519Wf4,0,48.105319,11.635353,4442840.14,2778210.51,534.5,580.2,260,7482,2.1,0.9,0.34,32.69,348.97,-0.53,-0.103,0.842,-0.6,0.1,-0.17,0.16,0.2,0.1,-0.3,-1.1,0.1,-3.1,1.7,0.4,-0.4,0.9,1.4,1.2,-0.9,2.0,0.6,1.0,2.1,-0.2,1.4,-0.5,0.7,-0.9,-1.3,-0.5,-1.0,0.4,1.5,2.8,1.4,0.8,1.2,0.2,-0.6,-0.4,-3.3,-3.4,-3.5,-1.9,3.8,0.3,2.0,0.8,2.7,1.5,3.3,0.8,-1.3,-0.9,-2.0,2.1,-0.6,-0.7,0.0,-1.4,1.3,0.2,-1.1,-0.3,-0.2,-2.1,-0.0,0.9,-1.9,-0.7,1.6,0.8,-0.0,-1.2,-0.7,-0.4,-1.6,0.8,3.9,-1.1,-1.2,1.5,0.8,0.9,3.6,2.1,-1.9,2.7,0.1,1.3,2.2,3.7,5.6,1.2,-2.8,2.2,-1.0,-2.1,0.4,-1.5,-1.3,-2.2,0.0,1.1,-1.8,1.5,0.0,1.5,-1.2,-1.5,-1.7,-0.7,0.4,0.1,-1.3,1.2,0.9,0.3,-0.5,1.0,2.3,1.2,2.2,1.2,-2.1,-1.1,-1.1,1.0,-2.2,0.1,-0.4,-1.2,-2.0,0.5,-0.2,-0.7,0.3,1.2,-3.3,-3.4,0.8,-2.2,-0.7,-4.2,-5.1,-2.6,-3.1,1.7,0.8,-0.2,-2.1,-2.7,-1.2,1.4,-0.7,-3.2,-1.7,-0.5,-0.1,-2.6,0.8,-1.4,0.6,-0.1,-0.5,-0.6,-0.6,-1.2,0.2,-4.8,-6.7,-3.3,-3.7,-2.3,2.7,3.2,1.8,0.5,-1.5,0.9,-5.3,-5.5,3.5,0.3,-4.0,-0.7,-3.1,-7.7,-3.8,-1.0,-2.4,-2.2,-1.6,-2.7,-0.8,7.0,-1.4,1.7,-3.0,-1.8,-3.3,-5.6,-3.8,-0.9,-4.6,-1.7,-6.1,5.2,-2.9,-0.8,0.5,-5.0,-2.6,-5.8,-3.3,-0.5,-3.1
2C7L519Wf5,0,48.105326,11.63541,4442844.39,2778211.42,534.6,580.3,260,7483,1.7,0.93,0.19,32.69,348.97,-0.53,-0.103,0.842,-1.1,0.1,-0.25,0.13,0.2,0.1,-0.3,-0.1,0.5,-8.7,0.8,0.5,-1.1,1.3,1.5,1.5,-1.5,2.2,0.4,1.3,1.4,1.9,2.6,1.0,2.0,0.5,-0.1,-0.1,-0.6,0.5,1.9,1.9,2.0,1.7,0.1,-0.5,-1.0,0.1,-4.0,-2.6,-2.8,-1.6,1.9,1.0,3.0,1.8,1.7,1.8,0.4,1.1,0.6,0.3,0.3,0.7,-0.5,0.2,0.7,0.8,0.1,-0.4,0.3,-0.8,0.4,-0.7,0.2,-0.6,-0.2,-0.4,0.5,-2.8,-0.8,-2.7,-1.9,-0.6,-2.4,-0.3,0.5,-2.4,-0.3,-0.1,0.7,-0.2,1.0,0.9,-0.0,-0.4,-0.5,-0.3,0.0,0.3,1.1,0.0,-0.0,1.7,-0.9,-0.9,-0.3,-1.4,-2.8,-2.8,-1.5,-0.4,-1.3,-0.7,0.3,2.1,-0.4,-0.5,-0.1,-0.2,1.5,0.5,-0.5,0.0,1.0,0.3,-0.2,0.6,-0.1,-0.5,0.3,0.6,-1.7,-1.6,-1.7,-0.3,-1.5,-0.6,-0.6,-1.7,-1.1,-0.4,0.7,-2.1,0.9,-0.4,-5.1,-2.1,-0.2,-2.9,-0.5,-3.5,-4.5,-2.7,-3.4,0.8,0.6,-3.0,-3.2,-2.7,-1.5,-2.0,-1.0,-4.1,-1.9,-1.3,-1.8,-4.3,-1.0,-1.2,-0.8,-1.5,-2.2,-2.8,-1.8,-2.0,-1.9,-4.0,-7.7,-3.7,-5.6,-4.1,-1.1,0.9,-0.3,-0.3,-1.3,-2.3,-4.4,-6.1,-4.5,-4.9,-6.2,-1.9,-3.5,-12.6,-3.3,-2.6,-4.2,-3.7,-4.4,-4.1,-2.5,-10.4,-3.0,-2.7,-5.9,-5.3,-4.1,-6.6,-3.1,-1.3,-4.5,-2.2,-4.9,-4.2,-3.0,-5.0,-4.7,-3.5,-2.6,-5.8,-6.0,-4.4,-3.3
2C7L519Wb4,0,48.103537,11.621338,4441800.43,2777989.54,542.6,588.3,260,7234,2.6,0.84,0.37,32.59,348.92,-0.529,-0.103,0.843,-0.4,0.1,-0.57,0.2,1.0,0.2,-0.3,-1.3,0.4,-0.2,0.5,2.7,0.8,0.4,-1.7,-1.9,-4.8,-0.1,0.7,0.7,0.4,0.6,0.3,0.5,-0.9,0.8,1.8,-1.3,1.6,1.2,1.6,1.5,2.4,2.0,1.5,0.7,-2.3,7.6,-4.9,-7.9,-5.0,-5.9,-4.6,-4.6,-1.2,-0.9,1.0,-1.3,1.7,-0.4,-0.7,-3.2,3.9,-4.3,-1.8,-4.5,1.8,-0.0,-0.6,-1.1,0.5,-2.4,0.7,4.6,1.0,1.7,3.6,-0.5,2.8,4.2,2.7,-1.2,-0.3,0.3,-0.6,2.7,-0.7,-2.3,-1.6,2.8,0.0,-0.1,-1.3,0.1,-1.9,0.0,-2.2,0.6,1.4,1.5,-0.6,-0.8,1.8,-1.8,-6.8,-3.2,-2.0,-0.9,-1.7,-1.1,-4.4,-5.8,-2.6,-4.4,-1.2,-2.1,-1.4,0.3,-0.9,1.2,-1.8,-0.9,-0.3,-0.5,-0.7,-0.6,-3.2,0.3,-1.0,-1.6,0.4,4.5,1.3,-0.9,-1.6,0.8,1.6,0.8,-0.0,6.7,0.1,0.0,0.5,1.3,0.1,-1.0,2.4,-0.0,1.9,-0.3,-1.9,-10.9,-0.6,3.2,0.8,0.2,-2.4,-0.6,0.8,1.5,1.1,-0.2,2.4,-3.2,4.6,2.4,2.4,-1.0,-0.6,1.0,-1.1,1.2,-0.2,-0.0,3.3,0.4,1.3,0.6,4.1,0.6,0.1,-0.2,-4.5,-2.3,-2.5,2.8,2.3,-2.1,-2.6,-1.9,-6.0,-4.4,-13.1,0.6,0.1,-8.8,-4.4,-1.5,-3.7,0.6,0.9,-4.4,-5.2,-1.0,5.2,0.2,0.9,-2.1,-2.8,-3.0,-4.4,-6.6,-0.8,-2.0,-4.1,-2.0,-3.1,-3.0,-5.7,-4.2,-2.0,-2.0,-2.3,-0.4,-3.4
2C7L519WbF,0,48.10362,11.621983,4441848.24,2777999.8,541.6,587.3,260,7245,2.0,0.92,0.35,32.6,348.92,-0.529,-0.103,0.842,-0.9,0.1,0.37,0.15,0.8,0.1,-0.3,-0.9,-2.3,-1.9,-1.5,-1.0,2.7,-1.7,1.4,-1.2,1.9,-1.9,2.3,-2.5,-0.6,-1.8,-2.2,-2.3,-3.3,-2.2,-1.8,-0.6,-3.0,-0.4,0.5,-2.6,-3.1,-1.2,-0.6,0.0,-4.9,-18.6,-7.0,-7.3,-2.5,-5.5,-6.2,-0.4,-3.6,0.3,1.7,-0.6,-4.7,-0.8,-2.2,0.4,-1.1,-4.5,-2.0,-0.5,-0.5,-0.9,-1.2,-0.7,-1.0,-1.3,-1.5,-1.1,-1.2,-2.0,-2.3,-1.3,-3.4,-2.2,-3.6,-1.9,-3.3,-3.5,-2.9,-3.4,-3.9,-4.4,-4.3,-2.6,-4.1,-4.1,-4.0,-4.3,-3.4,-3.7,-4.0,-3.6,-6.8,-4.6,-4.3,-4.6,-3.5,-3.7,-8.9,-5.7,-6.6,-7.5,-4.8,-5.4,-5.3,-5.2,-0.9,-3.6,-3.3,-4.8,-4.1,-4.6,-4.0,-2.6,-5.2,-5.9,-4.9,-3.0,-4.8,-4.9,-3.7,-4.3,-3.7,-3.4,-3.9,-3.1,-3.6,-2.5,-4.1,-4.6,-3.6,-0.9,-3.7,-3.6,-5.1,-4.1,-3.7,-4.1,-4.3,-3.8,-4.1,-5.1,-3.2,-1.9,-5.3,-3.9,-2.7,-1.9,-7.9,-1.9,-2.1,-2.1,-5.3,-5.3,-4.9,-4.7,-5.7,-10.8,-4.5,-4.9,-5.2,-2.6,-7.6,-6.3,-6.3,-5.0,-4.5,-4.7,-5.1,-4.4,-4.8,-5.6,-7.4,-3.2,-4.6,-5.4,-4.3,-5.7,-7.9,-3.4,-4.5,-5.6,-7.2,-4.9,-6.2,-4.6,-5.7,-5.6,-4.2,3.1,-4.0,-4.4,-4.5,-5.0,-5.9,-5.4,-6.0,-5.3,-5.2,-4.5,-6.0,-7.3,-6.2,-7.0,-7.3,-6.9,-7.7,-5.1,-5.4,-5.9,-6.8,-4.8,-5.3,-5.9,-6.7,-5.3,-4.6,-6.1,-6.1
2C7L519WbM,0,48.10367,11.622368,4441876.83,2778005.93,542.7,588.5,260,7252,4.5,0.59,0.48,32.6,348.92,-0.529,-0.104,0.842,-0.6,0.2,-0.37,0.35,1.8,0.3,-0.3,-0.8,-2.0,-0.5,1.3,0.1,-2.0,0.0,-1.0,-2.2,-7.5,-1.6,0.2,-5.9,1.5,3.1,0.6,3.3,0.9,4.2,-0.4,2.3,6.1,4.6,1.8,8.9,-2.1,6.6,-3.5,0.6,4.4,2.2,-6.3,3.7,-0.4,-1.1,3.9,5.3,1.2,4.2,-0.5,3.5,-7.7,1.1,-3.9,2.8,5.4,-5.7,-7.7,-0.9,-3.5,8.3,-3.3,3.3,-1.7,-2.3,-1.4,1.5,-3.3,-0.0,-4.5,0.0,-3.1,-6.8,-3.6,-7.7,-4.3,-6.0,-1.7,-10.2,-11.6,-8.3,-3.7,-2.1,-11.0,9.6,0.1,4.2,2.4,2.3,-0.5,-5.4,2.0,-6.6,-0.9,5.9,-0.7,1.1,-4.3,-5.9,2.0,1.3,-0.8,0.1,6.4,0.9,5.4,-0.4,2.2,1.7,-0.3,-0.4,3.3,1.0,1.6,2.0,1.9,0.6,-0.2,-1.4,0.3,1.2,1.7,0.6,2.2,-5.0,7.1,4.0,5.4,-8.1,-4.9,-8.3,-13.1,-5.4,7.8,-6.0,-1.9,0.3,0.9,1.4,4.3,-0.4,2.5,-0.1,3.2,-1.4,-2.9,0.3,-0.9,1.2,0.1,3.1,0.5,4.9,3.8,4.6,-15.7,-13.6,5.5,9.8,3.5,-13.9,-12.7,5.3,4.0,-6.6,-8.1,-4.5,-2.3,1.6,-0.0,-0.4,0.3,-0.6,-5.0,1.6,-2.7,-0.9,-6.3,3.0,0.9,-2.0,-4.9,0.7,1.5,0.7,6.9,-4.2,1.4,5.9,2.3,-1.7,-17.5,3.4,9.0,-3.1,-0.4,-1.8,3.7,-0.0,-3.0,-2.3,-4.1,2.4,0.8,-0.6,-1.4,-2.4,-2.6,-4.5,-6.8,-5.8,-5.9,-4.1,-5.3,-7.7,-6.9,-7.3,-10.7
2C7L519WbN,0,48.103679,11.622438,4441881.98,2778007.03,542.1,587.8,260,7253,4.0,0.7,0.47,32.6,348.92,-0.529,-0.104,0.842,-0.1,0.2,-0.08,0.31,1.0,0.3,-0.3,-0.7,-4.3,0.9,-2.3,0.4,-11.6,-1.8,3.7,-0.7,-16.2,1.7,3.5,-0.9,-2.5,-0.1,-0.8,1.2,-0.5,-0.1,-0.4,-0.1,1.7,1.4,-1.3,2.9,-3.1,5.9,5.4,-0.6,-1.0,-19.3,-6.4,-1.2,-0.2,-5.2,-0.4,-3.0,-1.6,0.8,1.6,1.3,-2.5,0.3,-3.8,2.0,-3.3,-0.7,-2.1,-1.7,-0.9,0.5,-1.5,-0.7,1.0,0.1,2.0,2.7,-2.0,-2.5,-0.2,-3.0,0.5,-3.8,-2.3,-3.1,4.6,-3.1,-2.2,-5.4,-2.3,-5.6,-3.1,-4.9,-5.2,-4.0,-2.3,-3.2,-5.2,-1.4,-0.6,-3.7,-2.7,-4.2,-3.5,-3.9,-1.6,-2.8,-9.6,-3.5,-4.2,-2.4,-2.9,4.5,-0.1,-2.8,-1.0,-2.9,-6.8,-3.5,-4.1,-3.1,-2.1,-3.8,0.5,-0.4,-1.3,-3.7,7.5,-2.4,0.5,1.7,2.0,1.5,2.8,-0.3,6.5,-5.8,3.7,-0.2,-1.6,2.0,-2.4,-2.2,-3.2,-3.1,-2.6,3.5,5.0,-0.7,-3.7,-5.7,-5.3,-10.7,-6.8,-3.5,-2.9,-1.5,-4.0,-2.4,-11.6,-11.3,3.6,-1.7,0.7,-0.7,-4.0,-0.9,2.4,-1.7,-2.1,1.4,-3.9,-3.2,-2.4,-6.5,1.3,-1.1,-0.8,-0.7,-1.8,-1.3,-6.9,-0.6,-2.3,-2.8,1.0,-6.8,-5.3,2.6,-3.6,-13.1,-5.9,1.9,-0.9,0.8,3.3,1.3,2.0,8.3,-3.9,-2.8,-1.0,4.3,5.9,1.7,-0.5,-1.6,4.1,-8.0,3.9,4.8,-4.2,6.8,-2.9,-9.7,-9.9,-0.8,-9.6,-2.6,-2.4,-10.2,-7.6,-3.2,-6.5,3.9,4.0,0.5,-15.4
2C7L519WfQ,0,48.105492,11.63656,4442929.62,2778231.77,532.6,578.3,260,7504,3.7,0.73,0.44,32.69,348.97,-0.53,-0.103,0.842,-0.7,0.2,0.52,0.29,0.5,0.2,-0.3,-0.4,1.6,1.8,6.2,-0.8,-5.8,0.5,3.5,3.0,-8.7,1.4,-0.6,-0.2,-2.2,2.1,4.2,-4.3,3.0,-3.7,-1.0,5.3,-14.2,8.8,7.9,6.1,8.1,5.5,3.3,-2.0,-4.3,-11.3,-8.9,-3.9,-5.9,-3.1,-2.4,-2.1,-3.3,2.5,-3.6,1.6,0.5,-0.1,-8.2,-0.6,-1.0,-1.6,-1.9,-3.5,-2.4,-3.6,-4.6,-2.4,1.0,-0.3,-1.8,-0.6,-1.5,-1.2,-0.2,-2.4,-1.9,-8.4,-5.5,-7.2,-0.7,-3.5,-4.0,-2.2,-2.3,-2.0,-3.3,-2.6,-1.1,-2.5,-4.7,-1.9,-2.5,4.6,-0.9,-0.2,0.4,-1.1,-1.0,-4.5,-4.0,-1.8,-4.4,0.3,3.6,-2.9,-6.8,0.5,-3.4,-0.5,-3.4,-0.2,-2.6,-2.3,-8.5,-3.7,-2.1,-3.4,-1.0,-2.6,-1.3,-1.4,-2.8,-3.3,-0.5,0.2,2.7,-6.0,-4.2,-2.5,-4.0,-14.8,-4.5,-6.0,-4.0,-17.2,-4.7,0.1,-1.6,0.9,1.8,-1.6,-0.7,0.8,-4.5,10.6,-1.5,0.8,-10.5,-6.5,-10.9,-3.0,-3.0,-2.3,-0.7,0.3,-2.3,-4.1,1.1,-3.3,-1.8,-8.6,0.2,-2.5,-1.6,-1.2,-3.2,-3.7,-3.6,-1.9,-4.1,-4.3,-3.2,-2.8,-1.6,-7.1,-6.6,-4.3,-13.1,-0.4,-1.3,0.2,1.9,2.6,-5.5,-4.7,-5.8,-6.4,-4.6,-3.0,-2.4,-7.9,-7.2,6.3,-4.0,-7.7,-6.5,-4.2,-5.2,-3.5,-7.9,-2.4,-1.7,-3.0,-7.0,-9.3,-2.3,-6.2,-2.1,-0.8,-5.6,1.8,-3.3,-0.2,-1.9,-0.8,-8.5,-4.0,-3.8,-3.4,-4.8,-5.1,-1.2
2C7L519neN,0,48.103676,11.622271,4441869.61,2778006.46,541.1,586.8,261,7251,1.7,0.92,0.25,32.6,348.92,-0.529,-0.103,0.842,-0.9,0.1,-0.08,0.14,0.9,0.1,-0.3,-0.1,-0.5,-0.4,0.5,0.5,-1.2,1.1,1.0,0.5,-1.0,1.6,2.2,1.3,0.3,0.2,-0.6,-0.8,-0.3,-0.4,-1.0,-0.4,-1.8,-0.5,-1.1,0.1,-0.1,2.8,0.2,-0.7,-3.3,8.7,-5.1,-4.2,-2.6,-4.3,-0.5,1.7,-0.3,0.9,1.3,1.6,2.1,2.1,-1.6,-0.4,-0.2,-0.3,-1.8,-1.0,-2.5,-1.6,-0.1,-0.7,-2.5,-2.2,-2.8,-0.4,-3.0,-1.3,-1.1,-1.4,-3.6,-8.8,-3.6,-5.5,-2.6,-2.0,-2.1,-2.7,-2.6,-2.7,-2.3,-1.5,-1.3,-2.5,-2.8,-1.5,-1.9,-1.0,-0.2,-2.0,-1.3,-2.0,-1.6,-1.3,-0.8,-0.3,-6.1,-1.8,-3.5,-2.3,-1.3,-1.5,2.0,-3.6,4.0,-1.3,-0.1,-1.1,-1.5,-2.1,-1.0,-1.4,-0.7,-2.5,0.5,-1.2,-1.7,-2.9,-1.9,-2.6,-2.0,-1.6,-2.4,-1.5,-1.8,-1.6,-5.3,-3.2,-1.3,-3.2,-2.5,-3.2,-2.8,-2.4,-1.8,-1.0,-1.9,-2.2,-1.3,-2.4,-2.3,-1.2,-1.4,-1.9,-2.4,-0.6,-0.9,0.4,-1.3,-1.1,-0.5,-3.1,-4.0,-2.7,-3.7,-4.8,-0.2,-3.1,-2.8,-5.7,-6.1,-2.4,-3.2,-3.4,-4.0,-1.6,-2.1,1.7,-1.8,-2.4,-2.8,-1.5,-4.0,-1.7,-1.0,-4.3,-6.4,0.2,0.5,-5.3,-5.9,-0.6,-3.7,-2.3,-8.7,-7.5,-3.9,-5.9,-1.6,-5.3,-4.7,-3.1,-4.0,-2.9,-5.6,-5.7,-2.7,-1.2,-5.0,0.5,-4.3,-1.7,-2.4,-4.4,-3.8,-3.6,-4.4,-6.7,-7.1,-5.9,-5.6,-5.9,-6.1,-6.7,-6.4,-8.1,-7.1
2C7L519neW,0,48.103742,11.62279,4441908.07,2778014.71,539.8,585.5,261,7260,1.8,0.92,0.24,32.6,348.92,-0.529,-0.104,0.842,-0.5,0.1,-0.58,0.14,0.5,0.1,-0.3,-0.1,1.1,0.0,0.1,0.1,0.5,0.1,1.4,0.4,3.2,1.5,3.3,0.2,0.5,-0.7,-0.3,-2.5,-1.5,1.0,-0.4,-0.2,-0.7,-0.1,-1.0,2.6,2.5,4.2,1.7,1.6,-1.8,-13.6,-2.6,-3.2,0.9,-4.1,-2.1,-0.8,1.8,3.0,3.1,2.3,-2.1,0.7,-0.6,0.7,1.3,-0.1,-1.1,0.9,1.1,1.7,1.2,2.3,1.7,1.8,1.6,1.7,2.9,1.9,2.3,1.6,1.5,3.7,1.4,2.0,1.1,1.4,2.5,0.8,1.6,0.7,0.1,0.8,0.0,2.0,2.3,2.6,1.7,0.1,-0.5,0.6,0.0,0.5,1.3,1.6,2.3,2.0,-3.4,0.2,-1.1,1.6,3.2,4.4,4.9,2.2,6.8,1.4,0.4,0.1,4.4,2.4,1.4,2.8,2.0,1.1,2.4,1.1,-1.0,0.9,1.6,0.8,-0.4,1.3,-0.3,1.5,-0.2,-1.3,-2.2,-0.7,1.2,0.9,0.5,0.8,-0.6,0.3,0.1,0.4,-0.1,0.4,-2.4,-0.2,0.5,0.6,0.7,-1.8,-0.8,-0.5,0.4,4.4,4.3,3.0,0.4,-1.2,0.6,0.8,-0.4,2.2,1.4,-0.1,1.6,3.1,-1.3,-0.2,-1.4,-0.2,0.4,0.3,0.1,2.7,-0.5,-1.8,-0.6,-0.3,-1.3,-0.2,-2.4,-1.5,-4.2,-0.0,-0.0,-1.7,-2.8,0.8,-1.1,-1.5,-2.2,-1.6,-0.7,-3.7,-0.6,-2.3,-0.5,-1.2,-0.9,-2.1,-1.4,-1.5,-1.7,-2.3,-5.6,-1.3,-2.3,-3.5,-3.8,-0.9,-1.3,-2.2,-3.2,-2.5,-2.1,-0.2,-0.4,0.6,-1.3,0.9,-0.2,-0.4,-2.1
2C7L519neb,0,48.103772,11.623016,4441924.87,2778018.32,536.0,581.7,261,7265,4.6,0.58,0.46,32.6,348.92,-0.529,-0.104,0.842,0.5,0.2,-0.03,0.36,1.7,0.3,-0.3,2.9,-0.3,0.7,-2.8,2.2,0.6,5.5,-1.1,-2.5,-3.3,2.7,-0.1,2.0,2.1,4.0,10.4,-3.9,-15.1,-7.2,-7.3,-3.8,-13.7,2.0,3.7,-5.0,-7.6,2.1,-1.6,-2.5,-14.4,-16.9,-12.0,-6.7,-11.9,-8.5,-5.0,-4.9,0.4,-1.5,-13.0,-7.6,-6.6,-5.2,-5.0,-6.5,-3.3,-3.2,-1.3,-2.6,-7.7,0.8,0.3,-0.0,1.2,-0.7,-3.4,-4.3,-3.9,-5.6,-6.7,-5.7,-1.3,1.1,-4.7,2.0,-1.1,-6.1,-4.4,-5.2,-6.4,-4.1,-0.5,-2.5,-2.5,2.5,-2.3,0.7,-2.3,-2.4,-6.4,-4.5,-7.6,-2.0,-1.8,-8.9,-3.1,2.0,-3.7,-5.0,-7.5,-1.8,0.3,-2.4,-2.6,-3.9,-0.8,4.2,-4.5,-7.9,-6.3,-11.5,-13.1,-4.5,-1.8,-3.7,-2.5,-7.5,1.5,-1.6,-3.1,-9.5,-2.9,-2.3,-3.7,-0.7,-1.7,-2.3,-7.4,6.6,1.7,-2.8,1.6,-1.5,-3.6,-8.2,-7.2,-5.3,-9.5,-1.4,10.4,-0.2,-9.2,-6.2,1.7,-6.6,-4.5,-3.5,-2.7,-2.4,-9.5,-2.1,-12.6,9.3,-5.4,5.6,-1.3,10.3,-0.9,-2.0,-0.7,-4.1,-1.2,2.0,2.2,1.1,-2.1,-2.7,-3.0,-5.1,10.1,-7.9,-5.9,2.7,-1.3,-0.9,-5.6,-1.7,9.0,10.0,-7.6,-3.9,-14.2,3.6,-2.8,-1.6,-0.9,0.8,0.2,6.1,1.2,1.5,3.2,2.6,-3.7,0.1,0.0,-14.7,12.3,-9.6,0.2,-6.9,-2.6,-5.1,1.1,-1.2,-3.2,-1.2,-3.3,-1.7,-2.5,-4.3,-1.7,-1.4,-1.4,-14.0,-3.1,-0.4,-1.1
2C7L519nef,0,48.103809,11.623311,4441946.77,2778023.01,540.8,586.5,261,7269,4.3,0.63,0.48,32.6,348.92,-0.529,-0.104,0.842,-0.8,0.2,-0.38,0.33,0.9,0.3,-0.3,0.4,0.5,1.0,-4.5,-2.0,-2.4,-9.3,-1.8,6.2,-3.5,3.6,8.3,-3.6,2.0,1.1,1.4,-6.5,-2.8,-1.5,-1.3,-3.1,-0.5,-5.9,-2.2,1.4,3.6,3.7,1.2,1.7,-4.3,13.4,-6.4,-2.1,0.0,-2.5,-3.8,0.7,0.6,-3.2,0.5,9.7,-4.3,5.1,0.3,0.6,-6.1,-4.2,1.4,2.0,3.2,6.5,1.4,1.1,5.4,5.7,3.7,-3.6,9.7,10.6,1.9,1.4,-0.3,8.4,5.5,2.3,3.0,3.8,-3.8,-5.1,2.4,-1.3,2.2,0.7,1.9,-3.1,-3.1,-0.9,1.4,-0.1,8.8,3.4,-1.9,0.4,3.4,7.3,-1.3,0.4,-1.0,11.4,-3.0,-3.2,-7.1,1.3,-3.7,6.0,5.8,-4.3,5.0,-3.4,0.3,3.4,2.1,2.1,-0.8,-8.4,13.2,-1.3,2.4,-1.6,2.5,-4.8,-0.7,2.1,-0.7,-0.2,-2.2,-4.1,-5.5,-2.0,0.4,0.5,0.7,-2.1,-2.5,-0.7,2.7,-4.3,-3.0,-4.1,-1.3,-7.1,0.5,5.2,-1.9,0.8,-4.8,4.3,2.3,4.2,-0.5,-3.6,-3.3,1.4,8.9,-1.7,-0.8,-5.1,2.3,-3.9,-2.1,-4.1,-6.6,-10.9,-2.8,1.4,-3.5,-0.9,-6.2,-2.0,-2.6,-1.4,-1.2,-2.4,-7.0,3.6,-3.3,3.2,-3.3,-0.9,-3.0,-9.7,7.3,7.2,3.2,-8.8,13.7,-3.3,-1.3,-2.3,-2.9,-2.6,0.8,-1.0,-1.3,-4.0,0.4,-5.5,-11.5,-0.3,-5.8,-3.4,7.2,-1.1,-6.7,-6.4,-7.7,-1.7,-6.5,-4.0,-7.2,-7.8,1.8,10.9,-7.9,-1.8,2.0,-4.3,-2.4
2C7L519nf6,0,48.104016,11.624919,4442066.01,2778048.58,542.6,588.3,261,7296,3.4,0.76,0.44,32.64,348.97,-0.529,-0.103,0.842,-0.6,0.2,0.54,0.26,0.8,0.2,-0.3,-4.0,5.6,-4.1,0.4,4.2,-13.0,-1.3,1.1,0.5,-0.2,1.5,-0.6,-2.7,-0.5,5.3,-1.4,0.4,-1.6,-0.6,9.7,1.7,1.6,2.7,-1.2,4.1,1.0,2.0,-0.3,1.9,-0.4,-2.8,-4.6,0.2,0.9,-5.9,0.6,5.3,0.5,8.7,5.2,1.0,3.3,2.9,-5.5,1.2,-5.1,-2.6,-2.8,1.9,3.3,0.2,-1.0,3.4,-8.6,1.2,1.6,0.8,-3.5,-1.9,1.8,-1.5,0.9,5.4,-10.8,-2.4,-1.7,-7.3,4.1,6.3,1.9,5.6,-0.3,-3.3,1.4,-0.4,0.5,1.9,-2.1,2.5,3.7,-1.3,2.2,1.1,-2.5,0.0,1.1,2.8,-3.6,-2.3,-1.7,-1.3,-3.0,-0.5,1.6,0.3,0.8,-1.9,1.8,-2.1,0.5,1.0,-1.2,-2.7,-3.0,-2.9,-2.0,-3.8,-2.2,-4.3,-2.9,-2.7,-3.0,-5.2,-3.7,-9.9,-6.6,-8.9,-5.3,-3.3,-2.1,-1.7,-6.7,-10.1,-2.0,-2.3,-7.4,-3.7,-5.6,-2.0,6.8,0.1,-0.7,-3.9,-4.8,2.1,0.0,-3.2,-6.1,1.3,-1.5,-6.8,1.4,-0.5,0.7,-0.7,-0.2,-14.9,-1.0,0.6,3.6,-3.4,-0.1,-4.0,-0.7,3.0,-3.3,-0.8,-1.5,-4.0,1.7,-2.1,-2.0,-4.9,-0.4,-6.0,-6.2,-2.1,-6.0,1.1,1.1,-4.8,-4.1,0.6,0.1,-2.2,1.7,-5.5,-2.0,-1.9,-3.6,-2.9,-0.0,-0.7,-3.1,-2.3,-1.7,-6.3,-2.4,0.7,-8.5,-7.4,-7.4,0.2,-0.8,-0.8,-2.5,-2.8,-0.7,-0.4,-1.7,-3.2,-2.1,-2.5,-2.0,-2.5,-0.4,-3.8,-0.6
2C7L519nf7,0,48.104021,11.624956,4442068.8,2778049.18,541.4,587.1,261,7297,4.0,0.67,0.49,32.64,348.97,-0.529,-0.103,0.842,-0.9,0.2,-0.17,0.31,1.3,0.3,-0.3,-1.2,10.0,-13.3,-2.8,-1.8,-4.5,-4.3,1.1,0.3,0.6,3.5,-5.1,-0.3,-6.5,8.5,3.5,1.8,4.4,4.3,3.7,-2.0,-1.1,-2.1,-5.4,-2.6,-7.8,-1.3,-0.7,0.6,-2.8,-8.2,-10.6,-5.5,0.7,5.1,-2.7,2.2,-0.4,5.0,2.2,4.4,-0.6,2.9,0.5,-4.0,-3.7,-6.8,-0.2,3.9,0.6,-3.7,-3.7,0.8,-1.2,-1.9,0.2,-1.4,10.0,-6.6,-0.0,4.7,-0.2,2.4,5.6,1.8,1.6,-7.6,2.4,1.3,1.7,3.1,2.3,-2.0,-2.7,-2.2,-0.1,1.6,-0.5,-1.3,1.0,-2.4,2.0,-2.6,-6.1,-1.0,-0.5,7.1,6.9,-5.8,-4.3,-9.6,-5.8,-7.9,1.8,-4.7,-5.3,-4.4,-4.5,-3.8,-0.9,-4.6,-0.7,-4.7,-3.3,-8.8,-6.2,-2.6,2.4,-4.1,0.2,-5.5,2.3,-6.4,3.6,-1.0,-2.1,-3.9,-3.9,-2.0,0.2,-2.1,-1.9,-0.0,-1.0,1.1,5.5,-3.8,-1.9,-3.8,7.3,-2.6,-2.5,-7.6,-5.8,-2.4,-2.0,-2.9,-7.4,-1.0,-8.2,-6.7,-1.1,-2.9,-2.8,-3.5,-4.3,0.1,-2.3,-2.0,3.4,-8.1,-0.9,1.7,-1.4,0.6,-10.3,-2.1,2.0,-10.4,-4.2,-7.6,-2.2,-5.8,-4.6,-4.6,0.3,-4.0,-3.8,-2.2,-1.4,0.5,-2.2,-5.0,-0.4,-2.5,-0.7,-10.1,-3.6,-4.8,0.8,-1.5,-1.7,-4.3,-6.1,-2.1,-1.7,-5.5,2.1,-5.2,-10.5,-16.5,-11.2,0.4,-4.0,2.5,-6.6,-18.6,-5.3,-6.9,-1.8,-2.1,-7.4,-3.6,-4.5,-2.6,7.4,-11.0,-2.7
2C7L519ngK,0,48.104545,11.629039,4442371.67,2778114.16,533.4,579.1,261,7372,4.5,0.59,0.46,32.66,348.97,-0.53,-0.103,0.842,-1.5,0.2,-1.21,0.34,2.3,0.3,-0.3,2.1,0.9,3.2,5.1,3.1,2.5,-8.0,0.4,1.9,-0.9,5.2,-1.3,5.0,1.3,4.7,3.7,-2.3,2.7,2.2,-3.4,-7.5,5.5,2.2,3.4,5.5,8.2,5.4,0.4,3.3,6.4,2.0,4.3,7.8,-6.7,4.3,14.7,4.1,7.4,9.0,2.9,17.1,3.0,9.8,2.9,5.7,0.8,4.6,6.2,3.5,4.2,2.2,2.5,2.6,1.6,0.5,2.5,4.1,3.2,3.9,2.1,0.2,5.9,4.0,-0.3,1.5,-0.9,2.4,-1.6,3.1,1.0,3.0,-0.4,4.7,4.1,8.0,8.6,2.2,4.7,6.0,7.1,5.6,2.3,2.2,-2.8,2.5,0.5,-2.4,16.9,17.4,4.2,13.4,4.2,-1.1,15.5,3.1,3.7,5.1,6.4,9.6,3.6,3.7,10.3,8.2,12.0,4.0,4.0,5.3,3.0,5.5,4.8,6.8,5.8,6.1,4.0,4.2,6.7,0.8,5.1,-1.6,-4.0,-0.2,-1.4,-1.4,2.3,7.6,0.3,-2.1,-0.6,3.2,1.8,0.3,1.1,5.6,5.0,3.4,7.3,3.7,1.3,3.9,5.5,10.9,-6.6,11.7,-9.6,-4.0,-3.3,1.2,-2.1,-2.5,1.6,-4.4,0.3,1.8,-3.2,-7.1,-3.0,4.7,-2.6,0.6,-1.2,2.2,10.9,6.0,6.0,1.1,-0.1,3.1,5.5,-5.1,0.9,5.7,-0.0,2.9,-1.4,-14.8,1.6,-1.6,-1.1,-4.0,-18.4,-7.6,4.3,2.0,-9.8,-0.9,9.8,-2.4,10.6,-0.9,-0.4,-3.6,-4.6,1.9,1.6,2.8,-4.9,-3.6,-4.0,-14.6,4.3,1.2,-11.3,-8.6,-10.9,-4.6,1.7,-7.2,0.5
2C7L519ni8,0,48.105362,11.635403,4442843.74,2778215.42,531.9,577.6,261,7484,2.7,0.83,0.42,32.69,348.97,-0.53,-0.103,0.842,-0.9,0.1,-0.15,0.2,1.1,0.2,-0.3,2.1,-4.0,0.8,-0.7,-2.7,-0.3,1.9,-0.0,-2.6,1.4,1.8,1.4,1.8,1.2,0.5,1.7,-0.8,1.2,-1.3,-2.2,-3.9,-1.9,-3.8,-2.5,-2.9,-0.0,-8.3,0.2,-2.7,-5.1,-1.8,-4.7,-6.2,-9.0,-4.7,-2.1,-4.3,4.2,0.5,-0.7,-5.6,6.4,-4.0,-3.3,-6.2,-6.4,-3.1,-3.1,-2.0,-4.5,-0.4,-4.6,-3.1,-1.7,-3.0,1.0,-4.0,-1.8,-0.9,1.0,-0.8,-1.0,-9.2,-1.9,-3.3,-3.1,-3.1,-1.4,-3.3,-2.8,-3.0,-1.7,-1.6,-0.8,-1.6,-2.7,-1.9,-1.1,-3.1,-1.8,-0.2,-1.6,-2.3,-0.9,-3.2,-4.1,-1.6,-5.7,-5.4,0.3,-5.6,-5.0,-3.6,-5.4,-5.1,-3.4,-3.2,-2.5,0.1,-2.3,-5.7,-0.5,-2.4,-2.3,-1.0,-1.6,-1.3,-0.8,-4.3,-2.7,-1.0,-3.1,-3.7,-1.8,-0.5,-1.7,-2.0,0.0,0.8,-0.4,-0.9,-2.1,-1.9,-4.3,-1.8,-2.1,-2.3,1.2,-3.8,-12.2,-9.6,-0.4,-6.3,2.5,-0.8,-7.9,-5.3,-8.5,0.6,-0.2,-5.8,-5.4,-3.3,-1.1,-4.4,-0.9,-5.8,-4.4,-4.5,-2.0,-1.3,-1.5,-1.9,-3.7,-3.0,-2.6,-4.8,-5.2,-3.7,-3.9,-1.0,-10.8,-5.3,-10.1,-9.9,-3.6,-1.9,-2.0,-2.4,-1.9,-2.6,-4.0,-7.7,-4.5,-6.2,-6.8,-3.9,-2.9,4.0,-4.4,-3.4,-5.0,-4.3,-5.1,-4.2,-6.7,-11.8,-1.9,-5.6,-7.6,-7.8,-5.8,-15.4,-5.2,-4.0,1.3,-5.7,-6.0,-7.3,-7.4,-11.8,-5.6,-4.5,0.5,-4.9,-7.9,-4.9,-6.0
2C7L519ne8,0,48.103565,11.621267,4441795.08,2777992.55,533.8,579.5,261,7236,3.8,0.72,0.45,32.59,348.92,-0.529,-0.103,0.843,-1.1,0.2,0.59,0.29,0.9,0.2,-0.3,-10.7,-6.2,12.5,-5.1,-7.5,4.3,-5.0,2.4,-3.2,2.4,-0.8,3.5,-1.8,-5.4,7.1,-6.8,5.8,7.0,10.4,-1.0,-2.5,5.8,-4.3,7.3,4.5,-5.5,-4.0,2.4,-2.9,-7.4,8.2,-5.2,-6.2,-15.2,3.9,0.3,4.6,-5.9,-7.4,-6.3,-5.6,-4.8,-4.8,-5.9,-7.6,-6.6,-3.4,-4.4,-6.0,-5.6,-8.9,-8.9,-5.6,-6.2,-7.1,-4.7,-7.2,-8.6,-7.3,-5.6,-5.1,-6.0,-1.9,-3.7,-6.7,-1.5,-3.3,6.1,-5.4,-5.8,-5.2,-3.8,-3.5,-4.3,-5.6,-3.6,-3.1,-4.9,-3.6,-4.9,-5.8,-8.2,-4.3,-5.5,-5.7,-6.3,-4.0,-9.2,-6.7,-7.3,-8.3,-6.2,-6.0,-7.6,-5.6,-5.1,-5.9,-5.4,-5.9,-7.4,-8.2,-10.1,-6.2,-6.0,-4.9,-6.9,-5.2,-7.1,-8.7,-6.2,-3.3,-5.8,-7.4,-4.5,-4.7,-4.2,-8.5,-7.4,-2.9,-3.6,-4.7,-2.7,-1.8,-7.0,-3.3,-7.7,-2.9,-5.8,-7.2,-3.3,-11.4,-5.4,-4.2,-10.0,-4.7,-6.8,10.9,-7.7,0.0,-4.5,-0.6,-1.2,-4.4,-7.3,-7.1,3.7,-13.7,-15.1,-4.6,-5.4,-8.3,-5.6,-5.9,-6.5,-5.3,-13.7,-2.8,-6.7,-2.1,-6.8,-4.6,-8.3,-4.9,-8.8,-12.7,-4.1,-6.0,-3.9,-4.9,-7.1,-6.8,-7.2,-4.1,-5.1,-5.5,-6.0,-9.0,-4.4,-3.9,-7.6,-8.1,-7.1,-9.9,-5.0,-5.8,-7.7,-5.8,-5.7,-5.9,-6.5,-6.3,-8.3,-5.6,-11.6,-6.4,-9.6,-11.6,-11.0,-9.2,-9.8,-8.7,-8.7,-11.8,-5.9,-5.6,-8.0,-9.3,-5.5
2C7L519neC,0,48.103622,11.621708,4441827.78,2777999.55,543.5,589.2,261,7240,3.2,0.78,0.44,32.6,348.92,-0.529,-0.103,0.842,-1.1,0.2,0.18,0.25,0.3,0.2,-0.3,-0.5,-0.8,-0.1,-2.5,-0.4,-0.9,-0.0,0.3,-0.6,0.1,1.2,1.3,-0.0,-0.7,-1.3,0.1,-0.9,0.1,-2.9,-2.2,-1.9,3.9,-1.2,-2.3,-1.4,-2.5,3.0,5.9,6.4,-5.2,-13.6,-6.8,-4.1,7.5,-7.7,-1.4,-5.7,-0.3,-0.9,-1.2,-2.8,-8.5,-2.5,-2.1,-3.8,-4.6,-3.6,-0.5,-1.0,-1.2,-3.3,-0.1,-3.6,-2.0,-4.2,0.6,-1.3,-1.1,0.0,-1.9,-4.4,-1.9,-2.7,0.1,-2.6,-4.4,-1.4,-10.3,-3.0,-4.2,-0.6,-8.6,-1.1,-5.4,-0.6,-2.7,-1.9,-8.8,-2.8,-2.4,-3.3,-2.3,-0.9,-3.5,-0.3,-4.3,-3.9,-7.7,-3.8,-5.7,-14.2,-3.7,-2.6,1.4,-3.1,1.5,-3.2,-3.4,-3.1,-0.3,-0.9,-1.7,-4.0,-3.1,-2.0,-1.4,-3.1,-1.5,-0.5,1.9,0.1,-6.0,-1.9,-4.3,-2.3,-4.2,-5.8,-5.6,-3.2,-2.4,-5.0,-2.6,-3.1,-2.9,-0.4,-2.0,-0.6,-4.2,-7.7,-6.6,-2.2,-5.1,-1.6,-3.6,-3.0,-8.1,-2.0,-8.0,-2.3,-0.1,-10.2,-3.6,-6.3,-6.0,-5.0,-7.1,-2.5,-2.5,-2.0,-10.2,-4.3,-8.2,-5.6,-9.1,-1.4,-7.1,-9.5,-1.1,-3.8,-6.0,-3.9,-5.3,-1.2,0.7,-3.8,-0.8,-0.1,-4.9,-4.8,-4.9,-9.2,-7.2,-7.2,-8.2,-7.0,-7.7,-2.3,0.7,-6.7,1.2,-5.1,-3.1,-8.6,-6.8,1.8,-5.8,-13.8,-6.6,-5.0,-3.4,-3.4,-8.1,-11.7,-12.0,-5.0,-19.6,-5.9,-6.3,-4.2,-7.1,-1.6,-5.2,-1.4,-5.9,-2.0,-4.8,-3.2,-16.2
2C7L519neF,0,48.103636,11.621814,4441835.61,2778001.23,540.9,586.6,261,7243,4.6,0.61,0.53,32.6,348.92,-0.529,-0.103,0.842,-0.8,0.2,0.96,0.36,0.8,0.3,-0.3,-1.5,-2.6,-0.8,1.1,5.1,-12.7,-0.5,-4.0,-2.0,9.1,-4.0,7.9,-4.6,-3.4,-4.9,-2.5,-0.8,2.6,-0.8,-2.7,-0.2,-0.2,0.3,0.1,0.9,2.2,3.5,-6.4,-1.6,5.6,-10.7,0.1,3.5,-17.2,-4.5,-2.2,-1.9,-3.3,0.4,2.3,-5.1,4.3,-0.5,-2.5,0.4,-1.1,-4.4,-3.7,-2.7,-3.2,-3.9,-5.1,-4.2,-7.4,-6.0,-3.1,-3.3,-2.8,-4.1,-3.7,-4.6,-4.2,-1.1,-3.9,-6.9,-3.9,-2.6,-17.3,-6.1,-5.4,-4.2,-2.6,-5.6,-5.3,-6.9,-10.1,-9.2,-5.4,-3.5,-0.5,-7.2,-3.8,-3.6,-7.2,-7.3,0.0,-3.1,-5.9,-8.8,-2.4,3.1,-3.9,-5.6,-7.1,-5.7,-1.8,-5.7,-1.6,-1.3,-3.9,1.4,-7.8,4.5,0.6,7.8,10.3,-0.9,-1.4,2.8,0.5,2.0,-7.8,-13.6,-8.6,-14.7,-6.5,-6.9,-3.5,-4.8,-6.9,-6.8,-0.7,-5.9,-4.3,-15.6,-7.5,-7.7,-5.1,-8.0,-9.0,-15.6,-9.8,-10.1,-5.7,-12.6,-4.4,-7.0,-9.0,-0.8,-9.3,-8.4,-8.2,-7.4,-8.7,-7.9,-7.1,4.9,8.6,-16.2,-16.6,-11.5,-11.6,-2.4,-3.5,6.4,-17.4,3.9,0.3,4.2,-2.2,2.2,-5.2,3.2,-2.3,-9.2,-5.2,-3.5,-6.4,-1.6,-3.1,-6.0,-7.7,-7.8,-8.0,-6.5,-7.4,-5.9,-6.5,6.8,-4.0,-4.4,-4.6,-5.9,-3.6,-2.2,-7.0,-4.7,0.6,-2.4,-9.8,-6.7,-4.3,-7.0,-6.9,-5.8,-6.9,-5.3,-7.0,-3.8,-8.2,-11.4,-4.9,-4.8,-6.3,-4.0,-5.4,-5.2,-5.9
2C7L519ngF,0,48.104532,11.628795,4442353.52,2778112.33,536.6,582.3,261,7367,4.2,0.66,0.43,32.66,348.97,-0.53,-0.103,0.842,-0.9,0.2,0.25,0.32,1.0,0.3,-0.3,2.0,2.1,3.9,3.0,1.4,-1.3,4.5,1.9,0.3,-13.9,3.2,0.7,2.7,1.1,1.5,0.2,2.2,3.5,1.6,-0.3,2.0,4.6,4.6,0.7,2.9,1.5,-11.8,-4.1,2.5,6.0,-7.9,-8.2,-11.8,1.0,-15.5,0.4,3.6,3.5,-0.3,0.5,0.2,1.8,0.9,2.3,2.3,2.4,-1.8,1.9,0.3,1.1,2.5,3.4,5.9,4.4,-5.8,1.9,9.2,2.9,-0.2,6.9,-4.2,2.2,-9.0,-1.6,-1.8,-4.2,-0.2,-1.9,-2.4,-2.1,-2.6,-1.5,0.2,0.2,1.6,0.3,3.1,-4.6,0.5,1.8,5.7,-1.4,1.6,1.1,1.3,-0.9,3.4,7.5,2.6,4.3,3.8,-5.6,-2.2,1.0,-0.8,-3.5,-8.0,5.3,-0.8,8.8,-6.5,-12.6,-9.1,-4.9,-0.1,-3.3,3.1,-2.9,0.8,-6.1,-1.8,-0.8,-1.0,-2.3,-3.2,-0.6,3.4,-2.3,-1.7,-1.0,4.5,0.1,1.0,-0.6,2.2,2.0,-4.6,-2.8,2.6,0.7,0.8,2.6,0.3,1.1,0.0,0.0,0.3,-8.1,-4.0,-1.0,-1.9,-5.2,-10.9,-7.4,-7.0,-10.4,-13.7,-9.1,-8.3,-6.7,-12.9,-8.5,-4.0,-8.1,-7.9,0.3,0.7,1.4,1.9,0.6,-4.1,-4.2,-2.3,-4.3,-2.5,1.1,-3.3,-3.8,0.1,4.5,-3.2,-6.6,-3.4,-3.6,-1.0,-3.3,3.0,5.8,-7.5,1.4,-0.7,-0.7,2.7,2.0,-2.5,-1.4,-3.9,1.2,-5.3,-4.4,-1.6,-4.0,-2.8,-2.8,0.9,-1.0,-2.7,0.1,-12.9,-2.2,-9.8,-13.4,-4.4,-4.7,-2.4,-1.2,-4.5,-1.4
2C7L519nhu,0,48.10529,11.634694,4442791.17,2778206.2,538.3,584.0,261,7470,3.9,0.6,0.67,32.68,348.97,-0.53,-0.103,0.842,-0.1,0.2,-1.11,0.31,3.2,0.3,-0.3,-2.7,-1.8,-0.3,4.6,-0.0,1.3,6.6,6.5,-2.5,-10.6,4.2,-7.9,1.7,-1.6,-4.2,-6.0,-1.8,0.4,-4.0,0.8,-8.8,-4.6,0.3,7.2,-0.7,-1.1,-7.9,5.0,-5.4,-7.4,-2.3,-1.5,-10.9,-1.7,-7.3,-0.3,-3.0,-1.9,-8.2,7.6,1.0,-4.1,-3.2,1.2,-0.7,-6.2,0.9,2.4,5.1,8.3,8.7,6.4,6.9,7.8,6.5,4.6,7.1,6.6,4.0,5.9,2.8,16.8,5.2,5.2,15.8,8.6,11.5,-2.2,-10.7,-10.0,0.8,-3.8,-0.5,0.2,3.8,5.5,4.4,4.1,3.5,3.4,2.6,1.2,2.1,-3.0,-4.5,-8.3,-4.9,-6.8,-4.2,-4.1,2.2,1.8,0.5,-1.4,1.3,4.2,3.8,2.8,5.6,4.1,6.4,0.8,1.7,4.0,4.1,5.9,4.7,6.5,3.1,4.1,4.9,3.6,3.1,4.4,4.7,4.4,4.4,2.7,3.9,2.3,16.2,3.2,5.0,3.6,2.7,1.2,5.4,2.2,0.8,-1.0,-1.1,1.3,4.0,-0.1,-2.1,-2.6,-1.2,0.3,2.2,3.9,4.1,4.2,1.7,2.4,3.4,2.1,0.5,2.9,4.1,-0.1,3.2,0.9,3.5,4.1,1.0,1.0,-0.4,-1.0,-5.2,-1.5,-6.2,-8.6,-3.7,-2.6,-7.7,2.7,-3.0,-8.1,-3.2,-4.4,0.4,-1.1,-2.8,1.2,-0.4,0.2,1.5,0.3,6.5,5.7,2.5,1.9,3.1,2.1,1.4,-1.5,2.7,2.7,-0.7,-2.8,-5.1,1.8,-10.5,4.4,0.8,6.0,-8.1,-3.1,3.6,-2.2,4.4,2.1,0.6,5.3,0.8,1.4,-1.2,1.8
2C7L519neG,0,48.103676,11.621982,4441848.04,2778005.96,545.0,590.7,261,7244,2.5,0.86,0.38,32.6,348.92,-0.529,-0.103,0.842,-0.7,0.1,0.44,0.19,0.9,0.2,-0.3,0.0,-1.4,-1.4,-2.6,0.8,3.5,0.6,0.1,-0.6,1.2,-1.4,2.1,-2.3,-1.2,-2.9,-2.8,-2.6,-2.1,-0.3,-1.8,-1.6,-2.5,-2.1,-3.4,-2.2,0.7,0.3,-0.4,-1.3,-4.0,-17.5,-6.1,-8.5,-3.0,-4.6,-5.6,-2.4,-5.0,-2.8,-3.0,-10.7,-9.8,-4.8,2.0,1.0,-2.1,-12.5,-3.6,-2.7,-2.5,-2.6,-1.9,0.9,-2.6,-3.8,-3.2,-2.5,-2.2,-2.7,-3.9,-4.5,-3.2,-4.3,-3.6,-4.4,-5.1,-5.1,-4.2,-6.1,-5.3,-6.6,-6.7,-5.8,-6.0,-4.4,-6.9,-4.9,-4.9,-3.7,-5.8,-7.2,-6.3,-4.3,-3.3,-4.2,-2.0,-3.1,-8.0,-8.0,-5.8,-8.1,-5.8,-4.5,-2.7,-4.9,-1.0,-5.3,-2.2,-2.1,-2.3,-2.5,-2.9,-7.7,-2.6,-5.1,-4.2,-4.2,-4.9,-4.5,-5.8,-5.5,-3.0,-2.5,-3.1,-3.1,-3.3,-0.3,-4.2,-3.7,-3.6,-3.1,-3.8,-3.5,-4.3,-3.6,-4.6,-4.4,-3.7,-8.1,-7.7,-5.0,-3.1,-0.1,-4.5,-4.1,-10.2,-0.3,-7.3,-1.3,-3.0,-0.8,-4.3,-5.7,-4.7,-5.4,-5.1,-9.3,-4.8,-5.9,-5.7,-4.4,-7.5,-4.8,-4.5,-5.1,-4.4,-5.1,-5.0,-4.4,-5.2,-3.9,-7.4,-5.5,-5.5,-6.3,-3.8,-6.0,-8.7,-1.9,-5.4,-5.4,-7.3,-5.6,-5.1,-4.9,-0.3,-6.8,-5.2,8.2,-4.8,-4.6,-3.3,-5.3,-7.0,-5.3,-7.6,-5.1,-3.6,-6.3,-7.5,-10.2,-7.3,-7.7,-7.6,-9.3,-8.4,-3.9,-2.9,-5.2,-6.6,-2.4,-3.8,-4.0,-5.2,-6.1,-5.9,-8.0,-4.3
2C7L519nf1,0,48.103993,11.624454,4442031.47,2778045.33,535.7,581.4,261,7291,3.3,0.75,0.46,32.64,348.97,-0.529,-0.103,0.842,-0.8,0.2,-0.83,0.25,0.7,0.2,-0.3,-2.1,-0.2,-1.4,-0.0,4.0,0.7,0.1,-1.9,0.6,5.0,-0.3,1.4,-1.4,-1.5,-0.1,0.8,-0.6,-0.2,1.8,-3.8,-3.1,6.8,-0.0,-0.9,0.4,-1.0,3.1,3.7,1.7,-7.0,-13.9,-2.9,-7.8,-0.4,-2.8,-2.6,-1.2,1.4,3.7,-0.4,1.8,-0.1,1.5,0.8,-0.3,3.3,2.9,-1.7,-1.2,5.9,-0.6,-2.2,2.3,-2.0,-2.1,-2.1,-1.0,-2.5,-2.4,-3.5,-2.0,-2.3,5.7,1.2,0.1,4.1,0.7,-6.7,0.6,-0.9,4.0,-2.7,0.3,2.2,2.3,-3.2,1.0,-4.3,-0.2,0.6,3.3,0.6,-1.7,-5.5,-3.7,-0.2,4.5,-2.7,-1.7,-2.6,1.9,0.1,2.1,3.6,-8.4,3.4,-0.7,1.8,-1.6,4.3,-3.5,2.6,6.5,-2.7,-0.3,2.1,-5.9,-7.5,-0.0,-9.3,-1.3,0.8,0.3,3.6,2.0,0.4,0.2,0.7,-0.0,3.4,5.3,3.5,-0.2,-1.3,4.4,10.0,2.1,1.2,-5.6,0.8,-6.4,-6.5,0.4,-3.9,-4.3,-8.4,-1.4,-5.9,3.0,2.9,8.9,-3.3,-4.4,-1.8,0.9,-2.0,-0.5,1.7,-2.1,0.6,1.0,-2.4,3.2,-2.1,2.4,-1.3,-0.3,-3.3,3.0,-0.3,-9.1,-1.7,2.3,-1.9,-6.2,1.3,-0.0,-3.0,-4.6,-2.9,-6.3,-5.7,3.5,0.5,1.5,-4.9,-5.7,-9.8,2.4,-3.5,-6.7,-6.0,-3.6,-8.6,-4.8,-1.9,-3.6,-1.3,0.2,-3.9,-4.1,-2.7,-5.3,-5.3,-2.2,-8.6,-4.9,-4.4,-7.3,-2.5,-6.8,-2.2,-1.3,-9.3,-2.4,-5.2,-4.9,-5.2
2C7L519ngI,0,48.104575,11.628982,4442367.31,2778117.36,536.7,582.4,261,7370,4.4,0.62,0.51,32.66,348.97,-0.53,-0.103,0.842,-2.0,0.2,-1.13,0.34,0.3,0.3,-0.3,5.2,5.1,0.0,5.2,0.5,-3.7,-0.9,2.2,2.9,5.6,5.6,0.8,-1.8,-2.8,-1.7,-2.9,-5.9,-3.4,2.8,1.0,1.3,-1.5,10.7,-0.3,1.5,0.7,1.4,2.8,-4.7,-1.3,0.9,-4.6,-6.2,-0.6,-0.1,-3.1,-1.7,2.9,-4.9,-6.0,4.5,2.3,8.9,3.0,1.1,0.3,-0.9,0.2,-1.6,2.7,1.6,1.2,2.3,-0.1,-1.3,1.6,3.9,0.2,0.1,-0.2,0.4,-1.5,-5.1,-1.0,-5.0,-0.5,2.8,-2.9,7.4,3.9,6.1,0.4,0.4,-1.3,-0.7,2.4,1.0,4.5,1.0,-1.1,1.3,1.5,1.6,2.0,-0.4,2.2,-4.1,-4.8,-1.6,-1.7,-0.1,-1.3,0.7,-2.4,-2.9,-0.2,4.1,0.1,-3.6,0.3,4.3,1.1,-1.6,1.1,-0.1,0.2,3.3,2.0,0.8,0.4,-0.8,-0.5,2.7,-0.4,-1.0,-0.3,5.2,-0.1,-5.4,2.4,1.8,5.1,0.7,2.7,-4.3,6.0,-0.4,-3.4,6.1,-3.4,0.1,-0.5,0.3,0.4,9.4,-4.0,-1.6,-3.2,-0.7,3.4,-3.9,-0.2,-16.0,-6.8,-3.9,-14.7,-3.5,-1.2,-2.3,2.1,-4.7,1.9,-6.5,-3.2,-10.2,-4.6,-5.1,-15.0,-4.2,4.6,7.4,-12.4,3.5,4.3,-6.6,3.4,-2.0,-1.2,-9.7,-5.4,-1.0,-13.5,-12.2,-11.2,-13.6,-3.0,6.0,-1.8,-0.4,-9.1,-8.2,-10.1,-11.1,-8.4,-13.1,-10.2,-14.6,5.6,-11.5,-2.3,1.5,-0.5,-12.4,-10.2,-2.4,-8.7,-15.7,-7.9,-6.0,-9.7,-9.4,-14.9,1.4,-7.7,-10.0,-4.3,-24.0,-3.1
2C7L519nhB,0,48.104971,11.632068,4442596.27,2778166.48,534.8,580.5,261,7425,3.6,0.73,0.4,32.67,348.97,-0.53,-0.103,0.842,-1.4,0.2,0.01,0.28,1.5,0.2,-0.3,7.0,1.2,1.5,0.7,-0.1,8.9,-2.5,2.5,-3.2,-6.0,0.9,5.3,-3.7,-1.4,-7.3,-6.0,-8.7,0.3,-6.6,-9.2,-6.6,-8.2,-0.8,-8.3,-7.8,-5.3,-2.2,4.4,-4.2,-8.3,-18.0,-6.9,-8.3,-7.3,-5.0,-4.0,-4.2,-5.6,-4.2,-7.9,-1.1,3.4,-5.8,-2.2,-6.0,-5.1,-3.0,3.2,-4.9,-2.3,-4.1,-2.7,-4.5,-2.3,-5.0,-2.3,-1.0,-6.4,-3.8,-1.7,-4.6,-2.3,-15.4,-8.7,-3.7,-1.7,-3.8,-6.0,-3.2,-3.9,-6.9,-3.7,-3.5,-1.7,-3.6,-2.3,-4.1,-6.4,-3.7,-5.5,-5.7,-7.8,-0.9,1.0,-4.1,-5.0,-4.0,-5.6,-6.2,-8.0,-7.1,-12.2,-9.8,-10.5,-4.5,-6.7,-6.3,-5.6,-7.0,-8.8,-5.9,-8.6,-5.2,-6.7,1.0,-9.4,-7.0,-4.3,-5.1,-4.1,-0.3,-3.7,-3.2,-3.3,-3.9,-3.5,1.3,-3.7,-6.1,-0.5,-19.7,-7.6,-5.2,-8.0,-1.1,-3.5,-4.8,-5.6,-5.2,-9.1,-12.5,-8.1,-16.8,-7.7,-6.2,-7.9,-5.8,-10.9,-7.4,-1.1,5.6,-6.3,-6.3,-6.1,-3.0,-6.6,-5.1,-6.8,-6.5,-5.3,-2.5,-4.3,-7.0,-8.8,-6.1,-11.3,-3.8,-2.8,-7.0,-2.7,-6.4,-7.8,-4.8,-10.5,-8.8,-9.2,-10.0,-8.9,-6.6,-10.2,-5.9,-8.4,-14.8,-0.9,-2.5,-10.0,-9.1,-8.5,-20.4,-5.7,-7.7,-6.2,-7.1,-8.5,-9.1,-7.8,-5.4,-4.7,-11.1,-11.7,-12.3,-12.2,-5.4,-9.7,-6.9,-10.0,-9.8,-13.8,-12.6,-8.9,-9.6,-7.8,-10.3,-11.9,-9.8,-12.8,-9.2,-8.3
2C7L519nhU,0,48.105113,11.633175,4442678.41,2778184.09,536.3,582.0,261,7444,3.9,0.64,0.49,32.68,348.97,-0.53,-0.103,0.842,-0.9,0.2,-0.54,0.31,2.8,0.3,-0.3,-0.1,0.2,1.9,0.9,0.1,2.5,1.3,0.0,1.6,-2.2,0.6,0.2,1.9,3.5,3.6,2.6,1.4,-2.4,-4.1,-5.2,-3.6,-5.9,-5.4,-4.3,-0.0,-1.6,0.2,4.0,-9.0,-15.4,-6.8,-10.5,-15.4,-5.0,1.4,-6.1,-0.9,-0.6,-1.6,-2.1,5.8,2.9,-0.5,-1.1,-0.5,3.1,4.2,5.8,3.8,1.6,3.0,3.7,3.8,3.5,4.2,2.6,4.3,7.5,4.6,0.3,5.5,4.7,0.6,1.1,5.0,1.8,0.8,2.1,2.0,4.5,1.9,2.9,3.4,6.3,4.6,1.6,1.5,1.6,1.5,-3.9,0.3,1.6,2.5,4.9,5.9,3.2,0.0,-1.5,-1.0,-5.1,-0.5,6.7,3.4,-3.1,-0.2,4.5,5.0,-2.5,-10.1,0.7,0.5,-4.7,0.6,3.0,4.5,0.2,-2.8,2.0,-4.5,-3.4,-1.5,1.8,0.2,-0.4,-0.5,-0.7,-1.8,-1.0,1.5,0.5,0.2,3.2,4.4,3.3,1.9,-0.9,-1.3,0.5,-1.2,-6.5,6.7,-2.2,-1.2,-10.6,-5.8,-10.7,-4.2,-9.2,-0.1,-4.2,-6.1,12.5,-2.7,-0.6,-1.1,-1.2,1.6,-1.4,0.4,2.0,-0.9,-3.4,3.5,-0.6,0.0,-4.0,-1.7,-7.4,-3.6,-2.6,-2.6,-10.7,-8.0,-9.3,-10.5,-7.9,-5.8,-8.8,-0.7,-1.7,-5.4,-4.1,-6.5,-1.2,-6.2,-1.9,4.7,-11.1,6.3,2.5,7.3,9.7,-7.2,-12.1,-0.9,-3.9,0.3,-0.2,-7.5,-6.3,-13.7,-4.6,-4.6,-6.0,-2.8,-1.5,8.7,-8.5,1.3,-2.8,-6.0,-5.6,-3.1,-2.6,-0.3,-3.4,-2.5,2.0
2C7L519nj4,0,48.105829,11.638752,4443092.14,2778272.84,537.0,582.7,261,7542,4.1,0.7,0.45,32.7,348.97,-0.53,-0.103,0.842,-1.1,0.2,0.14,0.31,1.4,0.3,-0.3,-0.1,-0.2,1.5,1.4,-2.5,3.1,-2.6,9.0,1.1,1.0,-3.6,2.6,-4.2,-3.0,-0.7,0.2,-2.3,-2.3,-5.4,-7.0,-8.0,-3.3,-2.5,-3.5,-4.4,-2.1,-2.6,-5.6,-6.9,-3.3,-3.7,-5.8,-7.7,-6.5,-17.8,-4.8,-4.4,-0.6,-7.3,-4.2,-5.4,-1.8,0.5,-8.4,-2.8,-0.2,-4.1,-3.7,-1.7,-0.4,-1.6,-3.0,-2.6,-0.6,-0.3,0.4,-2.6,-2.1,-3.5,-6.3,-4.1,-2.3,-8.5,-18.4,0.9,-19.3,-4.2,-8.4,3.5,0.4,-10.9,-0.7,-17.2,-0.6,-2.8,-4.1,-4.0,-5.1,-2.5,-5.0,-1.6,-5.4,-5.8,4.8,-2.9,-4.0,-3.1,-6.6,0.6,-4.4,-8.8,-9.2,-9.5,-7.5,-10.1,-6.2,-5.8,-6.5,-1.3,-6.1,-6.4,-3.3,-2.8,0.2,-2.9,-4.4,-2.9,-2.8,-0.5,-3.3,-0.4,-3.4,-2.5,-1.2,-2.1,-5.7,-5.6,-10.0,-5.5,-3.2,-5.6,-0.6,-4.1,-2.3,-4.9,-4.4,-5.8,-5.7,-2.9,-4.6,-3.7,-1.0,-6.7,-7.1,-9.3,-7.8,-6.6,-6.3,-7.8,-3.7,-7.7,-9.0,-8.7,-2.3,-7.6,4.4,-4.9,2.4,3.9,1.7,0.9,-20.7,-9.1,-0.1,-9.4,-2.7,-4.4,-4.6,-8.6,-5.9,-8.3,-12.7,-18.2,-8.2,-6.3,-4.5,1.4,-3.7,-4.5,-6.6,-6.6,-8.1,-10.5,-9.9,-20.4,-7.6,1.1,-1.1,-8.1,-0.1,-1.3,-5.4,-7.0,-9.5,-6.7,-8.6,-8.3,-8.8,-9.0,-13.0,-10.9,-10.6,-8.0,-9.1,-7.0,-5.8,-5.0,-10.0,-4.4,-3.3,-4.5,-4.1,-6.1,-6.5,-5.8,-5.3,-5.3,-19.5
2C7L519neq,0,48.103942,11.623912,4441991.2,2778038.75,539.1,584.8,261,7280,2.6,0.87,0.41,32.63,348.97,-0.529,-0.103,0.842,-0.1,0.1,0.01,0.2,0.3,0.2,-0.3,0.1,-1.0,1.0,0.8,0.9,0.7,1.3,0.9,1.8,-1.1,2.1,2.7,1.6,0.5,1.0,-1.2,-1.5,1.3,-0.1,-2.1,1.8,-0.5,1.0,-2.8,1.7,2.7,4.8,4.3,2.6,-3.1,-11.9,-0.8,-1.4,-2.3,-2.5,-4.1,-0.6,-6.1,2.9,-0.1,4.2,2.6,0.8,-0.0,-1.1,1.9,1.7,0.5,1.9,2.7,1.1,0.2,0.7,0.3,0.3,-0.4,2.0,-0.1,0.5,0.2,-1.0,1.3,-3.5,0.8,0.4,1.3,-0.2,-0.0,0.3,0.4,2.6,-0.1,1.0,0.3,2.2,2.6,1.1,1.0,0.2,-0.6,-1.8,-2.4,2.7,1.2,2.5,1.7,3.6,-2.1,1.6,-0.6,-0.5,-0.1,0.1,-0.1,-1.1,8.0,-0.7,-1.6,0.2,0.9,0.1,0.1,-0.0,4.0,-3.6,-0.6,-1.6,0.9,-1.0,-0.5,-0.1,-1.2,-1.3,0.5,-0.3,-2.6,-1.0,-1.3,0.2,0.8,1.4,1.2,0.2,0.1,1.4,2.5,1.6,1.8,-2.1,-0.5,2.8,-1.4,1.0,3.2,0.2,-1.1,-0.2,-1.5,3.9,3.2,1.4,-2.2,-1.4,-3.0,-3.0,-3.4,4.0,-2.5,-3.6,-1.9,-1.9,-5.4,-5.1,-5.7,-5.0,-2.3,-5.6,12.0,-3.0,0.0,4.6,14.0,1.5,-0.6,-2.1,2.7,-0.7,-1.0,3.3,0.5,0.3,1.7,1.8,1.0,-0.4,0.2,-1.4,-2.0,0.9,-0.8,1.5,0.3,-0.1,-0.8,-0.9,4.5,1.1,1.1,0.4,-3.1,-2.1,-3.7,-0.6,-3.5,-0.9,1.9,-1.0,1.6,-1.7,-3.8,-0.0,0.6,-1.3,-1.5,0.9,1.2,0.5,2.4
2C7L519nfU,0,48.10422,11.626072,4442151.46,2778073.14,535.2,580.9,261,7320,3.5,0.73,0.49,32.65,348.97,-0.529,-0.103,0.842,-1.3,0.2,-0.29,0.27,1.9,0.2,-0.3,0.8,-3.4,-1.3,-5.7,1.2,-2.0,1.1,-1.3,0.5,0.2,1.4,5.4,3.0,-3.6,-1.1,1.6,-0.6,-2.7,-1.3,-5.4,-2.2,-3.8,-2.5,-3.1,-0.8,-0.3,0.6,-3.8,-3.2,-9.6,-14.6,-9.9,-7.3,-9.9,-9.8,-3.5,-0.3,-3.7,1.4,-4.6,-2.7,-2.4,-5.1,-8.5,-1.4,-4.0,-3.3,-0.4,-4.1,-1.1,-1.2,1.5,1.2,10.9,-3.2,-1.0,-4.8,-2.2,0.1,11.1,-1.1,-0.0,-5.0,-12.3,0.7,3.4,0.2,-12.4,-1.3,-2.6,0.5,4.1,5.4,2.6,-8.3,-1.9,-3.1,1.9,-1.4,-1.0,-2.4,-1.6,-3.0,-3.1,-5.3,1.8,-2.3,-6.9,-10.6,-6.8,-8.5,-4.5,-6.3,-2.7,-7.5,-3.0,-7.2,-7.8,-7.1,-4.2,-6.8,-6.6,-6.4,-1.7,-6.4,-4.7,-0.8,-3.9,-10.9,-5.8,-5.3,-4.1,-6.0,-4.4,-5.4,-5.9,-3.5,-4.7,-4.6,-2.0,-4.3,-2.8,0.2,-7.1,-7.7,-9.4,-5.5,-7.2,-6.2,-2.9,-7.8,-3.5,-7.0,-6.6,-5.2,-6.2,-3.5,-9.5,-4.2,2.1,-4.9,-2.4,-4.6,-7.1,-2.7,-3.6,3.6,-5.5,-4.0,-3.0,-4.6,2.0,-6.6,-6.7,-3.6,-1.3,-1.4,-2.6,-0.5,-1.2,-8.9,-5.2,-4.9,-6.9,-5.2,-20.0,-7.0,-8.1,-3.8,-7.8,-1.1,-10.8,-7.5,-5.3,-4.1,-6.6,-6.6,-4.0,-15.7,-5.7,-5.8,-7.9,-5.8,-3.9,-4.1,-7.4,-5.3,-5.9,-6.6,-12.3,-11.1,-7.8,-7.1,-9.6,-7.6,-6.9,-17.5,-8.1,-13.0,-8.9,-8.3,-7.3,-11.1,-8.6,-7.0,-6.4,-6.8,-9.2
2C7L519nfO,0,48.104204,11.625805,4442131.6,2778070.94,537.2,582.9,261,7314,3.6,0.63,0.42,32.64,348.97,-0.529,-0.103,0.842,-0.9,0.2,0.22,0.27,3.5,0.2,-0.3,-1.0,-1.4,-2.2,-0.9,-2.4,-4.6,-4.4,4.1,-1.0,-4.7,-0.8,-4.5,-1.8,-2.8,11.2,13.2,-12.0,4.7,10.9,5.8,7.7,12.3,-0.0,9.1,7.5,9.4,6.4,3.0,1.2,5.4,-6.3,4.9,7.2,7.0,2.0,7.4,8.2,5.1,5.3,3.8,1.4,8.2,7.8,7.2,2.4,5.3,-1.2,0.4,-1.2,-2.7,-5.9,-2.5,-2.4,-2.7,-4.5,-2.9,-4.4,-2.1,-3.9,-4.1,-5.4,-2.1,-1.6,-3.6,-2.0,-5.3,-4.7,-3.7,-4.5,-6.2,-4.4,-4.1,-4.3,-4.8,-9.4,-11.6,-3.0,-5.6,0.1,-9.3,-5.3,14.9,-2.2,-0.6,1.5,6.4,7.1,5.7,5.7,2.2,3.5,1.7,1.4,10.9,3.2,5.4,4.7,6.4,4.9,4.8,3.6,3.8,3.1,1.7,5.1,3.9,2.1,-0.4,3.6,-0.7,-0.5,-2.0,-1.3,-1.8,-0.5,-2.9,-5.5,-2.4,-1.8,-0.4,-3.9,-4.8,-2.7,-1.6,0.3,-2.4,-1.4,0.5,-3.7,-2.1,-1.4,0.8,3.6,-1.1,2.3,2.0,3.3,-5.1,5.9,4.2,-0.5,-2.3,-1.4,-1.0,-1.2,-1.2,-3.2,0.6,-1.7,0.9,-3.3,-2.4,-1.6,-3.0,-1.4,-2.8,-3.6,-2.1,-0.5,-0.8,-3.2,-1.2,5.1,-1.6,0.1,2.6,3.3,-2.4,-0.6,0.6,-0.4,-2.2,-2.9,-7.7,-2.3,0.7,-6.5,-0.8,-0.8,-3.7,-0.8,-2.6,-1.5,-3.7,-0.4,-0.9,-2.3,0.2,0.8,-2.0,-2.2,-1.7,0.7,-0.1,-2.4,-0.2,-2.0,-1.8,-2.0,-1.7,-8.9,2.6,-3.4,-2.1,-6.1,-3.0,-6.7,-3.0
2C7L519ngs,0,48.104881,11.63108,4442522.89,2778154.87,540.1,585.8,261,7406,3.5,0.71,0.47,32.67,348.97,-0.53,-0.103,0.842,-0.9,0.2,-0.94,0.27,1.2,0.2,-0.3,3.3,-1.8,4.1,-0.5,-2.3,2.0,-0.8,1.0,-0.9,1.3,0.9,2.1,-6.1,-0.0,-0.4,4.8,-5.2,-2.0,-5.2,-3.3,-5.1,-2.2,-2.0,-4.3,-2.8,10.0,-2.2,0.0,-2.3,-5.6,-11.8,-5.8,-5.6,-4.8,-3.8,-7.4,-6.0,-1.7,-5.8,-2.0,-3.3,2.2,3.5,11.4,-4.1,-4.9,-0.4,3.7,-0.3,1.2,-0.7,1.6,1.2,2.9,1.0,-2.0,0.4,0.5,0.4,1.0,0.4,1.4,-9.4,5.9,0.7,0.8,-0.4,2.1,2.3,-3.6,0.2,1.4,2.5,-1.5,2.7,-1.1,-4.7,-3.9,-1.5,2.5,3.5,5.5,-5.6,-6.3,-1.0,-2.7,2.7,-2.5,2.2,2.5,-0.1,-5.1,-6.2,2.6,-5.6,-3.0,-2.7,0.7,0.4,-3.8,-3.3,1.5,-1.7,-3.2,-0.5,0.3,-4.1,3.4,-1.5,-6.1,0.1,-0.8,1.8,-0.9,-0.4,-1.6,0.5,-2.3,-0.7,0.9,3.2,0.3,-0.5,-1.5,-3.7,3.0,-1.4,-0.5,0.9,0.8,-3.8,-1.7,-0.9,0.7,-3.7,-6.9,-4.4,-8.6,-1.3,3.8,0.4,-3.2,-2.3,-2.0,-0.0,0.3,6.0,-2.2,-0.5,-2.2,-1.4,-0.0,-3.5,-1.3,-1.0,0.3,-3.7,-1.7,-6.7,-5.1,-3.1,-7.2,1.3,-5.3,-6.3,0.9,0.3,-1.3,2.8,1.8,-0.7,-1.3,-7.6,-0.9,-0.6,-11.4,-0.2,-2.0,-12.5,-0.4,-4.5,-1.7,-4.4,-2.3,-4.4,-8.7,-0.7,-13.8,-11.2,6.3,-4.7,-11.3,2.6,-2.8,-12.8,-9.3,-8.2,-6.7,-0.4,-5.6,-4.5,-3.3,-7.9,-6.1,-1.0,-4.4,-5.8,-12.2
2C7L519nhL,0,48.105081,11.632631,4442637.94,2778179.56,533.5,579.1,261,7435,2.6,0.85,0.39,32.67,348.97,-0.53,-0.103,0.842,-0.6,0.1,-0.43,0.2,0.6,0.2,-0.3,-1.1,-3.9,-0.8,-3.9,-1.4,-3.0,0.2,3.2,1.8,-0.3,2.1,-0.0,1.3,-0.0,1.8,4.0,4.9,0.2,-1.7,-2.4,-1.2,-0.4,0.2,1.0,0.2,-0.4,-0.1,-2.1,-1.8,-2.3,-3.0,-3.3,-5.5,-4.7,1.6,-0.2,4.7,-1.3,0.3,-0.9,3.0,0.8,1.5,1.8,-0.7,-0.3,0.2,-1.8,0.8,-0.1,-0.6,3.1,0.8,4.4,-0.9,1.7,-2.4,-2.4,3.6,-1.7,-1.2,-0.2,-7.9,-2.4,1.6,-1.5,-2.0,-1.3,-1.6,-0.5,-3.3,-1.7,-3.6,-1.4,-2.1,-3.1,-3.4,0.2,0.9,-9.0,-0.3,-0.6,-0.6,4.5,2.9,2.2,3.3,1.1,0.9,-0.1,-0.0,-5.3,-4.3,-2.4,-0.3,0.8,-0.5,0.0,1.4,4.0,1.3,0.0,-0.6,1.0,-0.2,1.1,-0.9,-0.3,0.5,0.1,2.8,-1.9,2.0,-1.8,0.5,-2.3,1.4,-2.2,-2.0,1.5,-1.5,-1.0,-0.3,-4.4,3.9,-2.9,-1.1,1.2,0.4,-3.3,-1.3,1.6,-2.6,-3.3,-0.6,-3.4,-3.5,-2.3,1.3,2.3,-3.5,-4.2,-2.9,11.0,9.4,-0.3,3.9,-1.1,2.9,6.3,0.7,0.2,-3.1,-3.7,-4.3,-0.9,-1.5,-1.1,-1.3,-0.6,-1.3,-2.7,0.9,-5.0,-1.8,-3.7,-1.7,-1.8,-3.6,-1.7,2.0,-3.9,-3.1,-1.6,-5.6,0.2,-0.6,-3.8,1.7,-3.4,-8.0,-3.3,-7.5,-1.8,-7.2,-1.0,-4.5,-0.2,-1.5,-4.2,-0.1,-0.6,-0.6,-0.9,-2.6,-3.2,-4.1,-4.7,-4.6,-1.0,-2.3,-3.8,-5.6,0.7,-2.1,-4.7,-3.4,-1.2
2C7L519neI,0,48.103729,11.621965,4441846.65,2778011.89,539.4,585.2,261,7246,2.0,0.91,0.34,32.6,348.92,-0.529,-0.103,0.842,-0.6,0.1,-0.42,0.15,0.6,0.1,-0.3,-1.6,-2.3,-2.7,-1.9,-0.9,-3.1,-2.3,2.1,0.5,2.7,-0.1,4.5,1.0,3.4,-0.6,-0.0,-1.7,-0.8,-2.2,-1.5,4.9,1.0,4.4,1.6,-2.2,1.4,5.8,-7.8,-8.2,-1.4,-13.6,-2.4,-0.6,0.4,-3.7,-1.2,-1.3,-0.9,2.6,1.1,-0.7,1.7,0.3,0.3,-0.2,-0.1,-1.3,-0.7,-0.7,0.3,0.8,-0.1,-0.5,0.5,-0.4,-0.5,0.6,1.1,-1.5,0.0,-0.6,-0.5,-1.0,-0.6,-1.0,-1.0,-0.7,-1.6,1.2,0.1,0.3,0.8,1.9,0.4,1.9,-1.4,-0.3,0.5,1.1,1.5,-0.3,-0.1,-0.1,-6.1,0.5,-1.1,0.7,-7.4,0.2,-4.6,-3.7,-0.6,-0.9,0.0,-2.3,0.1,-0.2,-2.5,0.1,-0.6,1.3,-0.5,1.1,0.9,-1.4,0.8,0.4,-2.1,-2.1,-0.3,0.1,-0.6,0.9,-0.7,0.1,-1.0,-2.5,-1.1,-1.7,-0.5,-1.5,-0.9,-0.7,-1.2,-0.1,0.7,-0.4,-0.7,-1.5,-3.0,-1.0,-1.5,-1.2,-2.1,-0.9,-0.1,1.1,-1.0,0.9,0.9,0.5,0.2,-2.1,-1.7,-1.6,-1.2,-0.9,0.1,-1.2,-0.3,-3.4,-3.0,-1.4,-0.7,-1.6,-2.2,-2.9,-2.1,-1.2,-1.1,-2.3,-5.7,0.9,-1.2,-2.2,-0.3,-1.0,-3.1,-0.6,-1.6,-3.0,-3.0,-1.9,-1.9,-1.2,0.0,-1.2,0.0,1.5,-0.3,-1.6,-1.1,-2.6,-3.2,-3.2,-2.4,-2.6,-1.6,-2.2,-4.1,-5.1,-4.6,-4.6,-6.8,-5.2,-4.6,-3.6,-3.5,-3.5,-4.4,-2.8,-4.1,-4.5,-3.6,-1.5,-0.7,-2.6,-2.2
2C7L519neJ,0,48.103735,11.622007,4441849.76,2778012.56,538.7,584.4,261,7247,2.1,0.9,0.33,32.6,348.92,-0.529,-0.103,0.842,-1.0,0.1,-0.08,0.16,0.4,0.1,-0.3,3.7,-0.3,-1.1,-1.6,-0.8,-0.5,-2.6,0.5,1.9,0.3,1.8,1.6,1.5,1.8,-1.0,-0.6,-0.5,-0.3,-0.3,0.3,1.2,1.6,0.4,3.4,-0.8,0.4,5.6,-4.6,-5.1,-0.1,11.6,-3.2,-2.4,0.7,-6.9,-5.4,-5.3,-2.4,2.2,0.1,-1.0,-0.3,6.9,0.9,-1.4,-2.4,-1.6,-1.3,-1.9,-1.0,-0.9,-2.6,-0.8,-1.8,-2.3,-2.2,-1.5,-1.0,-4.4,-2.3,-2.7,-0.3,-1.6,-0.6,-2.3,-1.0,-2.1,-3.1,-0.2,-1.9,-1.9,0.6,1.0,0.6,2.7,0.9,0.8,1.6,-0.6,0.3,-1.8,-1.2,-1.5,-1.0,-0.2,0.6,-0.0,-6.1,-0.4,-4.7,-3.0,-2.5,-0.5,1.7,-3.8,0.5,-1.1,-2.5,-1.7,-0.8,-1.8,-2.5,-1.4,-2.1,-3.2,0.4,-1.6,-2.8,-4.2,-1.8,-2.7,-3.9,-2.2,-3.1,-3.1,-1.9,-3.8,-1.7,-1.2,-0.3,-3.5,-1.2,-1.6,-2.4,-1.0,-0.6,-4.4,-2.4,-3.4,-5.1,-1.9,-2.6,-1.9,-1.3,-0.7,-0.6,1.1,-1.4,1.2,-1.2,-0.4,-1.6,-4.7,-4.3,-3.6,-4.3,-2.7,-2.5,-4.6,-3.6,-4.8,-6.2,-2.1,-1.4,-2.3,-4.3,-4.3,-2.7,-0.4,-0.9,-1.4,-4.3,1.7,-2.4,-2.4,-2.2,-0.5,-4.7,-0.7,-1.6,-4.5,-6.1,-3.9,-3.9,-3.3,-3.8,-4.2,-3.6,0.1,-3.8,-6.7,-4.4,-6.7,-9.7,-9.6,-3.1,-4.3,-3.8,-3.2,-2.9,-3.7,-4.4,-5.6,-10.3,-5.8,-5.9,-4.9,-4.1,-3.9,-6.7,-5.0,-6.4,-6.6,-5.9,-3.5,-3.1,-4.1,-3.5
2C7L519neX,0,48.103858,11.62297,4441921.18,2778027.86,546.7,592.4,261,7261,2.1,0.89,0.32,32.6,348.92,-0.529,-0.104,0.842,-0.6,0.1,-0.17,0.16,1.0,0.1,-0.3,-0.5,0.2,0.1,0.0,0.5,-3.0,-0.7,-0.3,1.5,-2.8,1.0,2.8,2.4,1.7,2.2,1.8,0.7,0.9,1.6,0.4,0.5,0.7,1.4,0.8,2.3,4.0,4.5,-3.4,1.8,-1.2,-12.3,0.1,-0.7,2.4,0.2,-1.4,1.0,5.6,2.7,3.6,1.8,-2.9,3.5,2.4,2.1,1.8,-1.1,0.1,-0.9,1.2,1.3,0.3,1.6,1.2,0.4,-0.6,-0.5,1.8,0.6,0.7,-1.0,0.6,-0.1,-0.2,-0.1,-1.5,-1.6,-2.1,0.9,0.8,-2.4,1.3,-1.8,-0.8,1.6,-1.0,1.0,1.5,0.4,-0.3,0.5,0.8,0.2,1.8,1.4,2.2,4.5,-1.0,-0.1,-0.8,2.4,4.7,-4.1,5.2,1.8,6.7,-2.1,0.0,3.8,2.6,0.4,2.6,1.5,0.6,0.9,2.0,1.7,-0.6,1.6,0.1,1.2,-0.3,1.1,-0.5,-0.1,-3.1,-2.7,-3.1,-2.8,-1.4,-3.6,-1.3,-1.5,-0.6,-0.2,0.8,-2.7,-0.0,-1.3,-2.9,-0.3,-0.0,-2.3,0.7,1.0,-0.1,1.9,1.9,5.3,3.4,-3.1,-0.5,-0.0,1.8,1.0,0.2,-2.2,-0.4,-1.9,-2.0,-0.2,-1.8,-0.9,-0.9,-0.3,-0.3,-2.1,0.1,1.5,-0.3,-0.5,-0.0,1.2,0.6,1.9,1.0,-3.9,-3.5,0.6,3.4,-1.3,-1.2,-1.3,0.0,-0.4,-9.3,-3.0,-2.4,1.1,-1.3,-2.5,-1.6,-1.5,-1.5,-1.9,-2.1,-5.0,-2.0,-1.0,-6.0,-3.2,-2.3,3.1,1.0,0.5,-1.2,-0.1,0.8,-2.9,3.8,-3.3,-0.7,-0.3,-3.6,-1.8,-6.9,-3.1,-0.7
2C7L519neY,0,48.103857,11.622963,4441920.73,2778027.77,543.6,589.4,261,7262,3.2,0.73,0.41,32.6,348.92,-0.529,-0.104,0.842,-0.9,0.2,-1.14,0.26,0.9,0.2,-0.3,2.5,1.7,0.7,0.4,1.7,1.9,1.1,1.5,5.9,3.4,1.4,4.7,0.3,-1.6,2.9,3.7,3.3,0.7,2.5,1.2,3.9,2.1,5.1,6.9,4.1,11.6,4.4,10.5,0.5,-4.5,-5.5,-0.1,3.9,-0.5,5.4,6.2,-0.3,2.5,14.9,1.7,7.9,-2.5,3.1,6.9,0.6,-3.7,16.9,1.1,-1.7,0.7,3.4,4.9,5.6,4.4,2.9,0.5,4.2,1.0,2.0,2.6,0.8,3.2,2.9,2.9,4.4,4.3,1.8,4.0,7.8,4.4,4.5,4.2,2.6,4.4,4.5,3.5,6.9,7.6,5.6,2.4,3.4,13.1,7.2,8.2,5.6,6.9,3.9,2.6,0.9,-2.6,6.0,5.0,8.1,13.5,7.4,9.9,3.9,6.7,11.8,10.3,6.5,8.6,11.5,8.2,4.5,9.0,3.4,4.9,6.5,7.2,6.9,6.5,6.9,4.9,5.2,3.7,4.3,2.0,3.3,3.4,0.1,3.1,4.7,2.6,4.2,4.8,6.4,8.5,-1.1,1.3,-0.4,1.3,-0.2,13.0,5.6,2.7,3.3,8.0,6.5,8.6,4.4,3.9,1.7,2.8,3.6,2.6,3.0,0.7,0.2,0.4,2.5,0.4,0.1,-1.1,-0.3,-0.8,-2.7,-0.3,1.8,0.3,0.4,0.3,1.4,0.5,5.0,2.5,-1.6,-1.1,2.8,-3.4,-4.1,-1.6,3.0,-3.3,1.8,-0.8,-1.2,-1.3,2.0,-1.0,-1.0,-2.8,-3.6,4.6,1.5,-1.1,-1.1,1.4,2.2,5.2,-4.8,0.8,0.2,1.7,9.4,2.5,1.4,2.4,0.1,-9.9,-2.0,-0.9,1.5,0.0,0.8,-0.2,0.5,0.4
2C7L519nfH,0,48.10422,11.625788,4442130.26,2778072.69,555.4,601.1,261,7307,3.5,0.76,0.43,32.64,348.97,-0.529,-0.103,0.842,-0.1,0.2,-0.46,0.27,0.4,0.2,-0.3,0.0,3.6,-2.1,0.5,3.4,-1.1,-1.3,2.4,-2.1,2.3,0.3,-1.4,-3.0,0.1,6.5,-5.8,-3.2,4.6,0.4,1.2,-0.1,-1.5,0.7,0.7,0.6,3.0,2.1,-2.4,-1.9,1.7,-13.1,-3.4,0.5,-0.3,-0.4,2.9,1.6,7.4,5.9,5.1,1.0,-2.4,0.9,8.3,0.7,3.1,-3.0,-2.6,3.6,2.4,2.9,2.2,2.9,3.8,1.9,2.6,0.7,2.3,1.8,-0.6,2.3,1.7,1.0,1.5,-5.1,-1.9,-0.6,-6.7,0.3,-0.3,-1.6,-0.4,-1.9,0.8,5.7,-3.7,-1.5,-0.8,-0.3,2.3,0.4,0.9,-4.9,4.8,6.1,5.5,13.2,3.3,3.3,1.6,3.6,-1.0,-12.2,6.2,-2.1,1.6,-2.4,4.2,1.8,4.4,5.1,5.6,4.5,2.3,-1.9,-6.4,4.5,9.0,1.2,2.0,2.4,-0.3,4.4,-0.7,0.0,1.6,-11.3,0.6,-3.2,2.1,0.5,7.8,3.7,0.8,6.3,8.0,1.2,-0.4,1.2,3.2,1.7,-0.1,-1.5,1.4,5.2,2.2,5.0,-5.0,2.3,1.3,-4.9,1.7,0.0,10.5,-0.8,-2.0,2.8,2.0,4.2,4.1,-0.9,-5.6,2.2,-1.7,-1.6,1.0,-1.5,0.7,1.3,0.0,-0.5,2.8,3.0,0.0,-0.2,5.2,-2.8,0.4,0.8,0.9,0.5,-0.8,5.3,-0.7,-0.7,-2.5,-1.0,-0.6,11.7,1.2,1.8,1.9,0.4,-2.4,-0.8,-5.1,0.1,3.6,7.0,1.8,-0.7,-0.1,5.3,-1.8,-5.8,0.5,-0.5,-0.3,-0.3,4.4,-0.6,-1.2,0.2,-2.1,1.0,-1.1,-1.8,1.6
2C7L519nh1,0,48.10495,11.631469,4442551.72,2778163.14,533.2,578.9,261,7415,2.4,0.86,0.48,32.67,348.97,-0.53,-0.103,0.842,-0.7,0.1,-0.37,0.18,0.6,0.2,-0.3,-0.7,-0.4,2.2,-2.5,0.6,1.3,-0.3,-0.6,-0.4,2.5,-1.2,1.6,0.2,0.1,3.4,1.9,-3.4,-1.1,-1.7,-1.9,-3.2,-4.8,-0.8,-1.1,3.1,3.2,-0.5,0.6,-1.3,-2.2,-1.4,-6.2,-8.7,-7.6,-0.8,0.2,-3.6,-1.5,-3.0,-3.7,0.5,3.9,-2.8,0.1,0.2,1.0,-0.6,-0.4,-1.4,-1.2,0.1,-0.2,-0.7,-0.6,-1.0,-2.0,0.8,-1.5,-1.4,-0.3,-0.8,-0.8,-7.6,-1.0,-1.2,-0.2,-1.5,-0.0,-1.8,-0.9,-0.5,0.3,-2.9,-2.4,-1.3,-4.7,2.6,-0.4,-0.8,-1.2,-1.4,-6.8,-2.3,2.5,-3.0,-5.9,2.0,-2.2,2.5,-0.6,-5.0,-3.1,-1.9,-1.7,-2.6,-6.4,3.3,-2.4,-3.3,1.3,-3.0,-1.7,3.2,-2.9,-5.5,-3.1,-1.6,-1.0,-1.7,-1.9,0.3,-1.4,0.1,-1.3,-0.4,-0.9,2.1,-1.2,-0.7,0.4,1.9,-1.0,0.3,-0.4,-0.2,-2.1,-0.5,-1.9,-0.6,-4.9,-3.2,0.1,3.0,-0.4,-6.5,-5.1,-0.3,-1.8,4.4,3.5,-0.8,-2.7,-5.2,-4.8,-3.2,-2.8,1.5,-1.2,-1.2,-1.3,-2.7,-1.7,-1.0,0.5,1.2,0.4,-2.2,-2.6,-2.8,-2.3,-3.8,-5.3,-1.3,-2.5,-4.2,-2.4,-3.0,-2.2,1.5,0.5,0.5,-3.5,-4.0,-1.7,-3.1,-5.7,-6.1,-3.7,-4.9,-5.6,-4.2,-6.3,-3.9,-3.3,-4.0,-8.3,-5.1,-5.2,-11.1,-9.6,-12.0,-3.1,0.2,-0.8,1.9,-3.8,-6.6,-4.3,-4.9,-5.1,-2.4,-4.3,-4.0,-1.3,-2.5,-1.5,-4.7,-5.1
2C7L519nh5,0,48.104984,11.631735,4442571.42,2778167.36,535.9,581.6,261,7419,3.7,0.7,0.44,32.67,348.97,-0.53,-0.103,0.842,-0.5,0.2,-0.49,0.28,1.8,0.2,-0.3,-2.0,-2.0,1.0,2.5,0.3,1.3,1.5,-0.5,-0.0,3.3,1.8,-9.9,-0.2,1.8,3.7,4.5,9.3,-1.7,3.8,-6.3,-4.1,1.2,0.3,-3.9,4.1,-9.4,-6.6,0.9,-4.9,-1.7,-11.9,-8.0,-8.3,-2.6,2.1,-4.7,-2.5,-1.5,-1.9,4.8,-0.3,-5.0,0.8,-4.7,-2.8,-0.4,-2.1,0.2,-1.3,-2.9,0.0,-1.2,3.9,-1.6,-0.1,0.0,-4.4,1.0,4.1,-1.2,0.8,1.3,-6.7,4.7,6.5,-2.8,-0.1,6.6,-3.5,-4.1,-1.2,7.2,-2.7,0.4,-4.5,-1.0,1.8,-0.6,0.6,-5.0,-3.0,-4.4,-1.4,-2.4,2.9,-3.8,-0.7,1.8,-3.9,-1.1,1.8,2.1,1.7,-3.2,1.9,-2.8,3.3,-3.4,-0.1,-3.0,-4.1,8.3,8.0,-1.8,0.9,5.3,-0.9,2.8,-2.8,1.4,3.0,-1.7,-5.0,-0.5,1.1,0.3,1.7,1.8,2.5,0.1,6.2,3.1,-0.6,-0.9,-6.6,0.2,1.7,1.7,-4.9,-1.4,-4.0,-4.9,3.1,-1.3,-0.7,-2.3,-1.1,-7.5,-3.2,-0.5,-5.6,-0.3,3.0,1.2,0.5,-2.0,1.6,3.3,1.2,0.6,4.2,0.5,-1.1,-0.1,0.5,0.8,-3.6,-0.5,-5.1,-6.6,0.8,-8.0,2.3,-1.5,-2.9,3.3,0.3,-3.6,-1.2,-1.1,-0.3,-5.5,-9.2,0.1,2.4,3.6,0.9,-0.2,-2.4,-7.2,-3.1,-6.4,-4.2,-18.3,-5.5,-5.4,-2.6,-12.0,-17.9,-9.5,-4.8,0.3,-1.7,-4.1,-1.7,-5.7,-6.5,-5.2,-1.5,-2.5,-1.2,-1.3,1.7,3.3,4.7,0.3,0.9,3.7
2C7L519ni6,0,48.105441,11.635291,4442835.21,2778223.94,533.3,579.0,261,7482,4.2,0.63,0.48,32.69,348.97,-0.53,-0.103,0.842,-0.5,0.2,-0.54,0.32,1.8,0.3,-0.3,-2.9,-1.7,-6.9,0.7,-0.6,4.1,-1.5,1.3,-0.2,-1.0,1.9,-1.9,2.1,1.2,-1.4,4.0,2.1,12.3,-4.0,0.7,0.4,-1.6,0.5,2.5,3.6,0.5,1.7,5.3,-0.5,-1.2,-2.3,-4.3,-8.4,-1.6,-4.2,4.5,-2.1,-1.7,-3.3,4.2,1.3,4.4,-0.7,-8.7,-1.1,14.3,2.3,-4.0,2.3,-0.2,-8.3,0.2,1.0,0.7,-0.3,3.2,-8.7,0.3,1.1,-2.5,-2.5,12.4,2.2,2.0,-2.5,-0.4,4.1,-1.8,7.0,7.5,-0.4,-2.7,3.9,0.3,16.8,7.1,7.5,-0.3,5.9,4.4,2.6,5.5,4.3,4.5,2.3,-8.2,1.0,-3.8,-3.0,-1.9,-3.1,-2.0,-5.2,0.3,1.7,-3.1,7.3,-1.3,-0.5,-6.7,-6.0,-5.8,-0.9,-2.6,-0.6,-4.5,3.4,-0.1,0.2,5.0,4.3,3.6,2.9,3.5,5.9,0.9,-3.0,0.2,1.7,4.7,1.6,1.7,0.6,-3.0,0.8,2.9,-0.6,0.6,4.2,0.1,-6.7,1.6,-2.7,5.6,-8.9,-8.5,-7.1,-3.1,3.3,0.4,-0.1,-1.2,-5.0,-0.3,3.2,-0.1,-1.1,-2.8,-2.7,6.7,-4.3,1.3,-2.3,5.7,-0.5,2.7,-1.9,-3.2,-4.3,-1.8,-7.8,-7.4,1.1,-1.6,-7.1,0.8,4.1,1.9,0.2,-0.9,1.1,-7.2,-8.0,1.8,0.9,1.5,1.1,4.9,-5.5,-2.2,3.2,2.0,-1.6,-0.1,9.5,3.0,1.7,-0.4,2.0,-1.3,2.7,-9.0,-8.0,-10.6,5.3,-7.6,-2.0,-6.8,6.0,-6.1,-2.7,-0.1,-7.0,-3.1,-3.6,-4.1,5.7,-9.1
2C7L519ni7,0,48.105452,11.635378,4442841.71,2778225.34,534.8,580.5,261,7483,2.1,0.89,0.29,32.69,348.97,-0.53,-0.103,0.842,-1.1,0.1,-0.31,0.16,0.4,0.1,-0.3,-1.1,0.1,-8.1,0.1,-0.0,-0.8,-1.4,1.7,-0.5,-1.4,1.7,1.3,-0.3,0.7,0.6,2.6,-0.2,3.4,-0.8,0.8,-0.5,-1.7,-0.6,1.3,1.4,0.7,0.5,0.8,-2.2,-2.4,-2.4,-4.4,-2.9,-2.6,-3.0,1.3,-1.6,3.7,0.2,2.6,1.4,-0.7,-1.1,2.0,-1.2,2.1,-0.5,-0.6,-0.4,0.5,1.0,-1.3,-1.3,-0.3,-2.2,1.2,-2.4,0.6,-0.7,-0.4,-1.6,1.0,-3.8,-0.5,-3.6,-1.9,-0.4,-2.9,0.7,-0.0,-2.8,-2.3,0.1,-1.6,-2.0,0.4,1.6,-1.1,-1.6,-1.4,-1.3,-1.8,0.1,0.7,-0.1,-1.6,2.0,-3.2,-0.4,-1.9,-3.1,-4.5,-2.8,-2.0,0.2,-3.3,-0.9,-1.4,2.1,-3.4,-2.1,-0.9,-0.9,0.0,0.3,-2.8,-0.1,1.3,0.4,-1.1,1.2,-1.8,-0.4,0.1,1.1,-1.7,-3.1,-1.2,-1.2,-0.3,-1.0,0.2,-2.8,-1.7,-0.5,2.0,-4.2,0.8,-0.3,-6.3,-4.2,0.6,-3.2,-1.2,-5.1,-6.5,-5.0,-3.9,1.5,-0.9,-4.0,-1.3,-2.9,-1.0,-1.8,1.8,-4.0,-2.7,-2.8,-1.2,-8.8,-1.5,-1.2,0.8,-2.0,-2.6,-3.5,-2.3,-3.3,-2.0,-5.8,-8.7,-3.7,-7.3,-6.8,-1.8,1.8,-1.0,-1.4,-2.9,-3.7,-5.5,-6.1,-4.1,-5.0,-4.3,0.3,-0.2,-12.3,-3.1,-0.2,-1.9,-3.5,-5.1,-3.7,-2.1,-10.6,-5.1,-2.3,-7.6,-4.6,-5.0,-9.7,-5.8,-3.2,-6.2,-3.1,-5.6,-3.7,-5.3,-8.2,-6.4,-3.5,-2.9,-6.1,-7.6,-3.6,-2.1
2C7L51A4hJ,0,48.103741,11.621912,4441842.65,2778013.1,539.9,585.6,262,7245,2.2,0.88,0.31,32.6,348.92,-0.529,-0.103,0.842,-0.7,0.1,0.24,0.18,0.7,0.1,-0.3,-1.9,-1.6,-3.0,-3.7,-2.1,-0.8,-1.6,0.5,-1.2,4.7,-1.2,1.9,-0.5,-0.2,-2.0,-1.5,-2.6,-2.3,-0.7,1.9,-2.5,-2.1,-2.1,-2.9,-4.0,-2.2,-1.6,-0.5,-2.7,-8.7,8.0,-8.9,-7.7,-3.1,-8.9,-7.0,0.1,-3.4,1.3,-1.1,-3.9,-0.7,-3.3,-4.3,-2.2,-1.8,-3.1,-3.4,-3.2,-2.5,-3.5,-1.9,-2.2,-1.4,-3.5,-5.1,-4.0,-2.9,-3.7,-4.1,-4.1,-4.9,-7.7,-3.7,-2.8,-4.9,-4.8,-3.7,-3.4,-3.7,-2.8,-6.5,-3.6,-5.8,-4.5,-4.5,-4.0,-3.3,-3.2,-3.1,-4.7,-5.3,-4.4,-4.9,-4.7,-6.0,-2.1,-17.0,-5.7,-7.3,-7.2,-5.2,-5.8,-6.3,-7.4,-3.5,-3.5,-4.5,-2.0,-3.4,-2.8,-4.6,-2.7,-4.7,-6.0,-4.6,-4.1,-5.2,-5.4,-5.5,-5.9,-4.3,-4.0,-4.1,-2.5,-3.2,-3.0,-4.1,-3.2,-2.3,-1.8,-3.7,-4.0,-4.8,-4.1,-3.2,-3.8,-3.3,-2.5,-5.1,-4.0,-1.5,-3.5,-7.0,-6.4,-0.4,0.3,-3.9,-1.6,-0.6,0.3,-3.9,-4.9,-3.6,-2.2,-4.0,-8.5,-3.0,-3.3,-3.8,-8.5,-6.8,-4.6,-3.5,-3.4,-4.0,-5.5,-5.8,-5.3,-6.3,-6.1,-9.2,-1.9,-5.0,-5.4,-3.4,-5.0,-6.9,-3.4,-4.4,-6.0,-6.6,-5.7,-5.0,-4.9,-2.3,-4.0,-3.2,4.6,-3.9,-4.1,-4.0,-5.0,-6.0,-4.2,-5.5,-5.0,-4.9,-3.8,-7.3,-6.4,-6.6,-7.2,-9.0,-7.2,-9.6,-7.0,-7.2,-7.0,-8.8,-5.6,-6.4,-6.3,-6.2,-4.5,-4.1,-6.5,-4.3
2C7L51A4hQ,0,48.103788,11.622277,4441869.78,2778018.92,537.7,583.4,262,7252,2.5,0.84,0.35,32.6,348.92,-0.529,-0.103,0.842,-0.4,0.1,-0.23,0.19,1.2,0.2,-0.3,-1.8,-1.7,0.0,0.1,-1.7,0.2,-2.3,-3.2,-2.1,-9.2,-2.4,-2.4,-3.0,-2.0,0.0,0.5,-0.8,-2.6,0.1,-1.3,-2.5,1.1,-0.2,-2.2,-0.6,-1.8,2.9,-4.2,-2.5,-3.4,6.3,-6.9,-4.2,-3.4,-8.5,-5.3,-2.0,-3.6,-1.7,-2.0,-2.0,-4.3,-1.3,-2.3,-0.7,-1.9,-5.7,-5.0,-3.5,-3.1,-1.6,-2.3,-0.8,-0.0,-2.8,0.6,-1.8,-2.0,-3.6,-3.8,-2.1,0.4,-0.6,-0.7,-0.2,-0.1,-3.8,-1.6,-5.1,-4.3,-4.4,-2.8,-4.1,-6.3,-1.8,-1.2,-2.2,-4.6,-0.4,-2.6,-4.9,-4.3,-4.0,-5.1,-3.0,-3.1,-2.9,-7.6,-5.1,-4.4,-5.2,-3.1,-4.5,2.4,-2.8,-0.6,-4.4,-5.3,-2.3,-3.3,-4.0,-2.9,-2.3,-1.3,-1.4,-2.8,-0.9,-2.9,-2.5,-1.0,-0.1,0.1,-2.0,-0.4,-0.8,-2.9,-4.5,0.4,-2.2,-3.7,-4.7,-4.8,-4.3,-3.1,-2.1,-2.8,-5.3,-2.9,-3.6,-2.3,-4.3,-3.2,-3.3,-2.9,-4.5,-4.0,-3.7,-3.8,-1.6,-2.2,-7.3,-6.8,-4.0,1.0,-1.1,-4.5,0.5,-2.3,-4.8,0.9,-0.3,-5.5,-2.9,-2.0,-3.0,-6.0,-4.3,-3.7,-1.6,-2.8,-6.3,-7.0,-2.5,-5.5,-4.5,-3.0,-3.0,-6.4,-1.5,-2.9,-4.7,-7.1,-3.0,-5.2,0.1,8.3,0.9,2.9,7.9,2.3,1.1,1.1,-2.3,-3.6,-3.1,-2.1,-2.3,2.1,-3.6,-3.4,-8.0,-5.3,-13.1,-11.9,-10.1,-9.2,-3.0,-7.1,-7.2,-6.2,-7.5,-5.1,-6.6,-5.4,-5.9,-5.4,-1.6,-4.0
2C7L51A4j4,0,48.104533,11.628075,4442299.89,2778111.18,538.2,583.9,262,7354,1.8,0.92,0.28,32.65,348.97,-0.53,-0.103,0.842,-0.4,0.1,-0.58,0.14,0.2,0.1,-0.3,0.3,-0.8,0.1,-1.5,1.5,-0.5,0.8,3.0,2.7,2.1,4.0,1.0,2.0,-0.0,1.6,0.9,1.2,-1.1,-0.3,-2.0,-2.2,1.5,1.8,1.4,3.5,1.5,4.2,1.5,0.5,-1.9,-3.7,-4.1,-2.8,-1.7,1.6,-1.5,2.0,1.0,0.4,0.2,2.4,0.5,1.0,1.1,1.7,-1.0,-1.1,-0.4,1.2,-1.5,0.5,0.2,0.3,-1.4,-0.5,-0.5,-0.5,-1.0,-0.6,-1.3,-1.4,0.5,2.7,2.3,-1.2,-0.8,1.0,1.2,-0.6,0.5,2.0,-0.0,1.6,-0.0,1.9,1.8,3.8,0.8,0.2,0.5,1.1,2.4,-1.2,2.1,0.6,2.1,0.4,-1.8,0.7,-0.6,-0.5,-0.7,-1.7,0.9,-0.2,2.1,2.0,3.0,1.7,2.6,1.3,1.0,1.7,2.6,0.3,0.7,2.5,-0.2,-0.1,-0.2,2.2,0.7,1.7,1.5,1.7,2.9,0.2,1.3,1.9,1.6,2.2,2.7,1.7,0.7,1.0,0.8,1.3,1.2,2.5,-2.3,-2.8,3.6,2.9,4.5,2.5,2.2,3.6,-2.1,4.1,3.9,-3.4,2.1,-0.8,0.5,-0.4,-1.4,-0.2,-1.7,1.0,2.5,-0.3,1.5,-0.1,1.5,5.1,-1.4,-0.2,2.5,0.8,-1.3,2.2,2.5,0.2,-1.3,-1.7,-1.7,1.2,-0.3,2.5,1.6,-0.8,-1.6,-1.6,-2.6,-0.4,-1.9,-0.6,0.9,-7.3,-1.4,-0.5,-0.7,-2.3,-3.3,-1.5,0.9,-2.2,0.9,-1.4,-5.0,0.0,-4.5,-1.6,-2.6,-1.2,1.4,-2.9,-4.1,-5.4,0.6,-1.1,-0.6,-2.3,0.9,-0.2,-0.3,1.8,-0.4
2C7L51A4jF,0,48.104585,11.628485,4442330.28,2778117.72,527.7,573.4,262,7365,3.0,0.82,0.36,32.66,348.97,-0.53,-0.103,0.842,-1.3,0.1,-0.07,0.23,0.3,0.2,-0.3,-1.1,1.0,-0.1,-1.2,2.7,-4.7,-2.9,16.5,-0.0,-3.0,0.3,1.9,-2.0,-0.9,-3.4,-1.3,0.2,3.7,4.2,-1.6,-2.9,-2.5,-1.5,-3.2,-1.6,-1.3,-0.1,-0.0,-1.7,-7.7,-6.1,-6.4,-2.3,-4.7,0.3,-3.9,-2.2,-2.4,1.8,-1.2,-1.1,-5.0,-2.6,0.9,-1.0,-0.4,-2.8,-4.3,0.8,-0.7,-1.9,-3.7,-1.5,-1.7,-4.1,0.4,-3.2,-4.9,-3.2,-3.9,-2.3,-3.3,-4.2,-9.6,-8.3,0.3,-3.7,0.7,-8.6,-4.6,-6.7,-5.3,-5.8,-3.4,-3.6,-2.3,-0.4,-2.3,-3.5,1.2,-2.6,-1.4,-7.3,-5.5,-2.5,-6.0,-5.6,-4.8,-2.3,1.4,-9.0,-4.2,-3.5,-2.7,-0.7,-2.3,0.4,-2.3,-0.6,-2.6,-4.1,-1.6,-0.4,0.4,-3.0,-3.9,-3.9,-3.4,-2.4,-1.9,-3.8,-3.9,-4.9,-3.0,-4.3,-4.0,-5.9,-4.7,-2.9,-2.9,-4.9,-1.4,-6.4,0.2,-0.1,0.8,-1.2,-0.3,-1.3,-6.3,-3.6,-3.6,-2.4,-2.4,-5.7,-4.0,-3.2,-4.4,1.4,-1.7,-7.4,-7.4,-5.4,-4.9,-2.8,-5.9,0.1,-3.4,-6.4,-0.1,-4.1,-4.3,2.8,-4.0,-7.1,-3.7,-7.5,-2.1,-2.1,-0.9,-6.5,-7.7,-7.2,-8.0,-8.9,-6.5,-3.9,-6.9,-6.7,-1.5,-3.9,-5.1,-8.9,-7.7,-8.2,-9.6,-9.8,-1.9,-11.4,-2.8,-6.9,-4.9,-4.3,-6.4,-5.2,-2.4,-10.4,-4.2,-5.0,-11.5,-10.3,-3.4,-7.8,-10.5,-9.1,-15.6,-8.5,-6.8,-11.2,-1.5,-8.3,1.2,-13.2,-6.2,-4.6,-7.3,-6.6,-4.6
2C7L51A4jw,0,48.104914,11.631042,4442520.0,2778158.4,532.1,577.7,262,7408,4.1,0.69,0.54,32.67,348.97,-0.53,-0.103,0.842,-0.7,0.2,-0.36,0.31,0.8,0.3,-0.3,-1.6,-0.2,5.2,4.6,-0.8,6.9,-10.5,0.3,-2.2,-4.1,-5.6,-2.6,0.3,-2.7,11.7,3.6,-1.7,-1.1,-1.3,-2.8,-3.8,-0.7,-1.3,-1.7,-2.9,-0.1,-0.0,0.7,-1.0,-3.8,-4.8,-3.2,-3.3,-4.4,-7.2,-0.7,-1.3,6.7,-2.2,-3.9,-2.1,-2.3,-4.4,-1.3,-4.0,-1.1,0.5,3.5,3.5,4.4,-2.1,-4.2,-2.1,3.7,-0.4,-1.0,5.7,10.3,-2.2,-2.3,1.3,3.1,13.3,-6.6,9.4,-2.0,-1.0,-0.8,-1.9,0.4,-2.5,-0.1,-0.9,-1.9,-12.9,-0.9,0.1,-0.2,4.4,-0.3,0.3,-2.9,-2.8,-5.3,-4.4,-3.9,5.0,0.0,-2.3,1.7,-4.7,-3.7,-3.3,-0.4,-1.1,0.9,-0.6,-1.1,-1.0,0.5,-2.0,2.3,2.4,-10.2,-1.1,-11.5,-11.7,-0.6,6.5,5.4,-9.8,-0.5,-5.3,2.7,-5.6,-2.3,6.9,-5.2,-2.0,-1.4,-4.8,-0.5,0.1,2.0,-1.5,-1.4,7.6,-6.5,-5.8,-4.4,-2.8,0.6,0.8,1.0,-4.0,-4.1,-2.2,-3.0,0.7,1.0,-1.8,-1.0,-1.4,-5.9,-3.5,-4.9,-3.6,-2.2,2.4,-0.2,-1.3,-6.9,-1.3,0.1,2.1,-4.6,-3.5,-2.5,-3.1,-1.7,-4.1,-2.2,-1.8,9.8,-0.7,-1.4,-0.1,-4.3,-2.0,-2.2,-4.1,-2.7,-6.8,-4.7,-4.0,-2.0,-9.5,-5.8,8.0,-4.5,-3.2,-3.7,10.1,-3.9,-4.6,-1.9,-1.9,-0.4,-3.8,-8.1,1.0,-2.8,-4.6,-2.9,-3.4,-1.6,-3.8,-16.6,-4.4,-2.3,-10.0,-8.9,-8.3,1.0,-7.4,-6.9,-8.7,8.7
2C7L51A4k0,0,48.104952,11.631341,4442542.21,2778163.16,537.1,582.8,262,7412,4.1,0.66,0.48,32.67,348.97,-0.53,-0.103,0.842,-0.0,0.2,0.8,0.31,2.0,0.3,-0.3,-2.6,3.8,-1.9,-5.9,-1.4,-5.8,1.6,-3.3,-0.8,-1.0,-3.0,-6.9,-0.5,-0.8,-0.6,0.6,0.2,-1.4,-4.2,-3.8,-5.8,-0.9,-1.0,1.3,-2.4,4.1,-1.6,-2.9,-4.8,-2.8,-3.7,-3.6,-5.1,-1.5,7.8,-0.5,-0.5,5.3,-5.6,-2.3,6.9,-0.3,3.5,1.3,-4.8,1.1,-11.4,-0.0,-0.7,2.2,-0.3,5.9,-0.4,1.2,1.3,3.1,-0.9,-2.5,-1.0,-2.0,-2.0,1.1,-4.4,4.6,-7.7,-2.3,1.6,6.8,-8.3,-7.0,-3.0,-3.8,-5.0,-13.2,-11.5,2.8,-8.3,-9.4,-17.0,-6.0,-18.1,-0.1,1.4,-3.5,0.9,-14.8,-10.5,3.7,9.2,-4.0,-8.0,-11.3,-3.9,7.6,0.0,3.5,-0.6,-2.1,-1.4,0.7,1.4,-5.6,-0.8,-1.0,-0.3,-3.2,5.0,0.2,-0.6,-3.9,-12.8,-2.3,-3.4,-4.6,-3.4,-6.4,-3.7,-7.0,-8.4,-2.6,-5.0,-4.3,-5.7,-5.9,-1.8,4.3,-2.7,-0.8,-3.4,-9.7,-1.2,-1.7,-0.8,-1.8,0.8,-5.0,-1.7,-3.2,0.8,-0.0,1.5,2.1,-1.3,-2.0,0.7,-1.8,-9.2,-2.9,-4.7,-2.4,-2.6,-3.6,-2.8,-3.5,-6.7,-6.9,-3.3,-6.4,-4.7,-5.1,-2.8,2.2,3.2,2.8,-3.6,-3.4,-3.4,8.5,10.6,-6.8,1.5,-0.8,-5.1,-1.2,-1.9,-4.2,-1.6,-1.0,-4.6,-1.4,-4.6,4.8,-3.0,-3.7,-4.5,5.1,-1.5,-6.3,2.1,-1.2,-2.6,-3.7,-3.5,-1.2,2.8,-1.1,-3.5,-2.3,6.0,-2.4,-0.8,-3.8,-1.8,2.5,2.5,-1.4,-3.8,-3.2
2C7L51A4kY,0,48.105204,11.633307,4442688.02,2778194.43,538.5,584.2,262,7446,3.2,0.76,0.42,32.68,348.97,-0.53,-0.103,0.842,0.2,0.2,0.4,0.25,1.7,0.2,-0.3,-2.5,-1.6,-1.6,-1.4,-2.8,-4.9,-2.2,-3.5,-1.3,3.1,-1.1,-2.9,-2.2,-2.2,-1.9,-2.1,-4.8,-6.6,-5.1,-7.0,-7.0,-6.9,-3.4,-6.6,-3.3,1.1,-2.3,-2.2,-2.4,-3.9,-5.4,-10.1,-7.6,-8.9,-5.8,-1.4,-1.6,-1.6,-3.1,-2.5,-1.9,-1.5,-2.5,-4.7,-5.5,1.7,-1.1,-1.7,13.3,-8.3,-0.7,-3.0,-0.8,-2.3,-2.0,-4.9,-5.7,-2.3,-3.8,-4.3,0.2,-0.0,-1.9,-4.1,-3.0,-1.1,-4.6,-7.7,-5.2,-2.5,-5.0,-3.8,-2.0,-6.0,-7.2,-7.2,-5.2,-7.6,-6.6,-7.2,-6.1,-7.4,-6.0,-6.4,-8.4,-7.6,-6.6,-7.1,-8.7,-6.0,-9.9,-8.1,-7.3,-10.6,-6.7,-8.0,-10.0,-7.9,-7.6,-5.3,-9.2,-8.3,-6.9,-5.6,-6.7,-3.8,-3.0,-2.3,-3.7,-0.1,-3.1,6.5,-4.9,-3.8,-7.2,-3.1,-8.4,-3.4,-3.6,-5.5,-5.5,-4.5,-1.0,-0.2,-2.8,-3.9,-4.9,1.3,-1.7,-4.5,-2.4,-3.7,-1.7,-0.1,-5.8,-11.0,-5.1,-6.5,1.7,-0.1,1.0,-2.9,-7.0,-3.1,0.8,-2.1,-9.9,1.3,0.7,0.7,2.1,4.5,-1.1,-0.9,-3.1,-7.8,-4.7,-4.7,-5.9,-4.9,-5.8,-9.0,11.0,-8.1,-11.0,-2.6,-2.9,-3.7,-0.8,-4.4,-4.3,-10.2,-4.6,-5.4,-2.0,0.1,-3.3,-0.2,3.8,-2.1,0.6,0.2,-3.8,4.9,-0.7,-5.3,-4.5,-2.2,-5.9,-8.5,-6.8,-5.3,-3.1,-2.8,-2.4,-3.4,-2.8,-2.6,-3.3,2.4,-2.0,-7.5,-6.4,-5.8,-0.3,-5.0,-6.0,-0.3
2C7L51A4hO,0,48.103797,11.622203,4441864.2,2778019.79,539.8,585.5,262,7250,1.6,0.94,0.21,32.6,348.92,-0.529,-0.103,0.842,-0.9,0.1,-0.1,0.12,0.1,0.1,-0.3,-0.0,0.1,-0.0,0.4,0.7,-0.5,0.8,0.7,-0.7,-6.7,0.6,1.0,1.0,0.1,-0.3,-1.2,-1.4,-0.8,0.0,-0.2,-0.4,-1.2,-0.3,-0.7,0.5,0.8,0.9,0.4,-0.4,-3.8,8.7,-5.3,-5.1,-4.3,-5.2,-1.6,-0.7,-1.4,0.1,0.4,-0.8,0.9,1.0,-1.2,-1.2,-0.3,0.5,-1.3,-0.5,0.2,-0.8,-1.0,-0.7,-2.0,-2.3,-0.9,-0.5,-1.0,-1.2,-0.3,-1.3,-2.5,-8.9,-1.9,-4.4,-1.8,-2.3,-2.5,-1.6,-1.9,-2.0,-1.9,-0.7,-1.0,-1.9,-1.0,-0.9,-2.0,-1.3,-2.6,-2.5,-1.8,-2.8,-2.4,-2.0,-1.9,-1.2,-6.6,-2.2,-3.9,-2.5,-1.3,-0.8,1.3,-2.7,1.9,-1.4,-2.6,-1.9,-2.7,-3.5,-2.1,-2.1,-1.6,-4.0,-2.0,-1.4,-2.0,-2.8,-1.6,-1.9,-1.8,-1.2,-2.3,-1.4,-2.8,-2.6,-3.2,-2.8,-1.6,-3.1,-1.9,-2.0,-2.5,-1.3,-1.1,-0.4,-2.3,-2.6,-2.0,-3.7,-2.6,-2.4,-2.3,-3.3,-2.3,-1.0,-3.6,-0.5,-1.7,-1.4,-2.5,-3.3,-2.6,-2.8,-2.5,-5.5,-0.6,-1.3,-2.7,-5.2,-4.4,-2.9,-2.9,-2.7,-4.6,-2.4,-2.5,1.2,-3.0,-3.5,-3.6,-2.8,-4.7,-2.6,-1.4,-3.9,-5.8,-0.3,-1.6,-4.0,-4.7,-3.2,-5.1,-4.2,-6.4,-4.3,-3.4,-5.4,-2.9,-4.2,-4.1,-4.0,-3.5,-3.4,-4.7,-5.3,-3.0,-3.0,-3.9,-4.1,-5.4,-3.6,-4.8,-5.5,-5.6,-4.9,-5.6,-6.5,-6.9,-6.7,-5.6,-5.6,-4.1,-5.7,-4.8,-5.3,-5.6
2C7L51A4hP,0,48.103809,11.622302,4441871.54,2778021.36,541.8,587.6,262,7251,1.8,0.92,0.29,32.6,348.92,-0.529,-0.103,0.842,-0.9,0.1,-0.17,0.14,0.4,0.1,-0.3,-0.4,-0.5,0.5,0.1,0.8,-1.0,0.4,-0.6,1.0,-5.9,1.3,-0.1,-0.5,1.5,1.0,0.0,-0.9,-1.4,2.4,0.8,0.5,0.2,0.4,-1.5,1.6,0.4,2.2,0.7,1.1,-1.6,5.9,-5.0,-3.4,-5.3,-4.1,-3.2,1.4,0.0,1.3,1.5,0.4,0.4,2.8,-1.4,0.5,-1.0,-3.5,-0.4,-0.1,-1.0,-1.6,-1.9,0.5,-2.2,-2.2,-0.9,-1.7,-1.7,-0.4,-2.5,-2.3,-2.0,-3.7,-1.2,-5.3,-3.4,-3.7,-1.8,-3.5,-3.6,-4.0,-1.7,-2.8,-2.0,-0.6,-0.4,0.5,-0.8,-1.0,-0.7,-2.1,-1.2,-2.3,-1.9,0.1,-1.0,-0.2,-5.4,-1.6,-2.5,-1.5,-2.1,-0.9,3.0,-1.7,2.0,-3.1,-1.8,-0.4,-1.1,-2.2,-0.9,-0.6,-0.7,-1.3,-0.5,-0.9,-1.6,-2.2,-0.3,-0.7,-1.2,-1.3,-1.8,-1.5,-3.4,-2.1,-2.1,-2.9,-1.8,-2.9,-1.8,-3.0,-3.6,-1.0,-1.8,-1.7,-2.4,-2.7,-0.8,-2.8,-1.9,-2.6,-0.6,-1.7,-1.3,-1.5,-3.9,-1.0,-2.5,-2.4,-5.3,-4.9,-1.4,-3.1,-2.5,-2.4,3.4,-3.0,1.7,-7.3,-5.1,-3.1,-4.0,-1.0,-4.6,-4.5,-2.7,-0.1,-0.7,-4.0,-3.3,-2.0,-4.2,-2.4,-3.5,-3.8,-7.0,-0.7,-3.0,-4.7,-7.9,-4.5,-6.2,-3.0,-6.1,-4.6,-3.1,3.4,-0.4,-3.0,-1.9,-1.9,-2.8,-3.4,-3.5,-5.2,-0.9,-1.7,-2.7,-3.9,-5.3,-3.2,-3.8,-3.9,-7.6,-3.9,-4.9,-6.6,-6.7,-8.3,-6.0,-6.0,-4.1,-6.2,-6.9,-6.8,-7.3
2C7L51A4hS,0,48.103817,11.622357,4441875.64,2778022.25,537.2,582.9,262,7254,2.5,0.85,0.37,32.6,348.92,-0.529,-0.103,0.842,-0.3,0.1,-0.72,0.2,0.7,0.2,-0.3,2.5,1.1,0.8,3.3,2.7,1.9,1.3,1.2,-0.5,4.2,1.0,-1.8,0.9,2.5,6.4,3.5,2.1,-3.0,3.2,-7.4,-1.8,-5.3,-2.3,-2.4,4.5,-0.4,0.8,-0.2,3.2,-4.8,-14.4,2.6,-1.2,-0.8,-1.7,-1.4,3.0,0.9,2.8,6.4,3.6,-0.3,1.6,0.5,0.3,0.6,1.0,1.9,1.4,2.1,3.8,1.2,2.7,3.2,1.7,1.8,1.5,2.3,3.0,2.0,2.7,1.7,1.1,2.4,-1.4,-3.0,0.1,-0.0,0.3,0.4,0.4,-1.3,2.3,-0.1,1.9,2.0,1.6,1.2,1.7,1.7,1.6,4.0,6.0,3.3,5.7,2.1,4.8,1.0,1.0,2.5,2.2,0.7,1.7,7.2,1.8,3.9,1.0,7.0,0.5,8.6,-0.3,6.0,5.4,4.7,1.9,10.4,3.6,0.5,3.1,3.6,-1.7,3.1,2.4,3.6,3.4,1.7,1.0,1.3,2.2,4.3,-0.8,3.4,3.2,2.8,2.9,3.7,0.5,4.3,-0.8,-0.6,0.1,1.8,1.4,3.2,4.9,6.2,4.5,-0.1,3.9,2.4,0.0,1.8,1.2,1.7,3.0,2.4,-3.4,1.9,2.8,2.6,1.9,1.4,1.1,2.5,3.0,-1.0,-0.9,-1.9,1.3,-0.8,-0.5,0.3,2.4,-4.8,-2.2,0.1,1.0,-4.9,2.8,0.8,3.3,-1.5,-0.9,-1.7,-4.0,-2.4,-0.6,-0.6,6.4,0.4,1.3,-0.7,1.9,-3.4,-1.2,-3.6,-1.8,-0.4,1.3,-2.4,-3.2,0.5,1.4,-4.1,0.2,2.1,-0.4,1.2,1.8,1.4,2.3,0.1,2.3,1.9,-0.5,0.2,1.5,0.0
2C7L51A4hX,0,48.103854,11.622644,4441896.93,2778026.82,536.9,582.7,262,7259,2.3,0.85,0.35,32.6,348.92,-0.529,-0.104,0.842,-0.5,0.1,-1.07,0.18,0.7,0.2,-0.3,0.3,1.9,-0.1,1.5,2.0,1.0,1.2,0.9,-0.1,2.9,1.8,2.4,-0.2,-2.2,-6.3,-0.7,0.8,-2.8,0.3,-0.5,-2.7,-4.0,-2.9,-2.8,3.2,2.3,3.9,3.0,0.6,-1.3,11.4,-3.9,-7.8,0.0,-4.6,-4.0,-0.9,3.7,7.0,3.7,8.7,-5.0,-0.6,1.4,1.7,0.8,1.8,0.9,1.8,2.5,2.4,2.3,3.0,3.2,2.2,2.6,2.0,3.3,1.9,2.4,2.5,3.8,3.5,3.0,2.4,2.5,3.2,2.2,3.9,3.6,1.1,3.6,-0.1,0.9,5.1,3.2,4.3,3.4,3.1,2.3,3.0,4.1,1.3,1.9,1.6,0.1,3.4,-4.8,0.8,0.2,1.6,1.8,2.3,4.6,2.6,3.7,2.9,-1.0,-2.0,4.4,3.0,2.3,5.2,3.1,3.6,3.8,0.4,-0.9,4.6,4.2,1.4,-0.9,2.7,-0.1,1.8,1.9,-0.1,0.3,1.2,1.6,2.9,1.5,2.9,0.9,1.0,1.7,2.7,2.5,2.1,0.4,2.8,1.7,4.6,-3.7,0.4,-0.6,1.9,2.1,4.7,4.8,2.3,1.7,-2.1,0.7,1.1,1.5,4.3,3.1,2.5,2.2,2.0,0.9,0.7,0.8,1.3,2.0,2.4,1.9,4.6,1.7,0.8,2.0,3.9,-3.2,1.8,-2.4,2.1,-3.4,-0.9,1.0,0.2,-2.5,-2.6,0.3,-0.5,-1.0,-0.4,1.1,-3.7,0.5,-0.4,0.3,-0.0,0.2,-1.8,-2.2,0.1,-1.5,-1.9,-3.7,-1.7,-2.8,-3.1,-2.6,-2.7,-1.7,-2.2,-5.6,-3.5,-2.7,-3.7,-1.9,0.7,1.5,2.1,1.6,-0.6,-1.9
2C7L51A4hY,0,48.103863,11.622715,4441902.2,2778027.95,537.6,583.3,262,7260,2.0,0.9,0.26,32.6,348.92,-0.529,-0.104,0.842,-0.8,0.1,-0.7,0.15,0.3,0.1,-0.3,-0.8,1.0,-0.2,0.7,-0.1,-0.3,0.1,0.4,-0.2,1.5,1.0,2.5,-1.5,-0.1,-1.2,-0.2,-0.9,-1.8,1.2,-1.1,-2.4,-1.0,-0.6,-0.0,1.9,2.7,3.6,-1.0,0.3,-2.5,11.0,-2.4,-3.2,0.7,-4.3,-2.6,-1.0,3.0,4.8,0.7,1.5,-4.4,-0.7,0.4,-0.8,0.3,-1.5,-1.4,0.1,-0.0,0.5,-0.0,0.7,1.3,-0.2,1.1,-0.2,2.1,0.1,1.0,1.2,1.4,3.9,1.2,1.9,-0.3,0.5,0.6,1.0,1.1,-4.0,-0.7,-1.8,-2.2,1.7,0.9,1.6,0.9,-0.6,-0.5,0.8,-0.8,-0.6,0.3,0.8,0.5,1.7,-4.1,-0.3,-1.0,1.1,3.0,2.5,5.2,1.8,5.5,-0.2,0.3,-0.1,3.4,1.8,1.4,2.5,2.0,0.7,2.0,1.4,-1.4,1.9,1.3,1.1,-1.0,0.5,-0.9,0.8,-1.7,-3.5,-2.8,-1.4,-0.6,-1.4,-0.5,-0.8,-0.9,-0.9,-1.1,-2.2,-0.2,-1.2,-2.6,-1.2,0.1,-0.6,-0.8,-1.2,-1.9,-0.4,0.1,2.9,4.4,1.4,0.6,-1.7,-1.0,-1.4,-1.8,-0.6,-0.0,-0.7,2.5,0.5,-1.9,-0.3,-0.1,0.2,0.3,0.1,0.0,2.5,-1.5,-1.8,-0.1,0.8,-2.0,-1.1,-2.4,-1.7,-4.8,-0.8,-0.5,-2.5,-3.0,-2.5,-0.6,-4.7,-4.3,-3.1,-1.3,-1.8,-1.6,-1.8,-1.4,-1.8,-1.7,-3.5,-3.0,-4.4,-2.7,-2.7,-7.1,-12.7,-1.6,-7.0,-6.2,-0.7,-1.2,-4.8,-4.1,-4.4,-3.7,-4.5,-2.7,-1.6,-3.3,-2.6,-5.7,-2.0,-2.9
2C7L51A4hh,0,48.103941,11.623327,4441947.64,2778037.68,542.8,588.5,262,7269,3.2,0.76,0.43,32.6,348.92,-0.529,-0.104,0.842,-1.2,0.2,-0.18,0.25,1.1,0.2,-0.3,1.3,1.5,-0.1,6.3,-2.6,-2.6,3.3,-4.1,-0.8,-3.2,-6.0,0.5,-2.4,-0.0,0.4,0.0,-2.3,-1.6,-5.4,0.2,-5.3,-3.8,-6.9,-3.8,-0.1,0.5,-0.1,-0.9,-2.6,-1.9,9.6,-7.6,-5.4,-3.3,-6.9,-0.2,-1.7,-1.4,2.0,-0.7,0.4,-2.8,-0.0,-0.2,-0.8,0.3,-9.1,-0.7,0.1,-1.8,2.0,2.4,3.7,3.6,1.9,1.0,9.8,2.2,4.1,1.7,1.2,4.6,3.6,1.8,-0.7,0.7,-2.1,-4.1,-4.4,-1.6,-5.2,-0.7,0.4,0.9,-1.4,1.8,-2.7,-1.9,-4.3,0.1,-0.6,0.2,-0.7,-2.0,-0.8,0.4,-0.7,-1.3,0.6,-2.7,-8.1,-4.1,-6.1,0.3,2.9,1.6,-7.0,-1.7,-5.4,-3.4,-1.7,-6.7,-1.6,-0.5,-1.4,2.9,-3.4,-3.2,-0.6,-1.1,-1.9,-1.3,-1.9,-1.3,-2.9,-7.7,-6.0,-7.9,-6.5,-2.0,-3.2,-2.6,-1.9,-2.8,-2.4,0.9,-4.9,-4.2,-3.4,-2.0,-9.9,2.6,-7.5,-5.3,-3.8,-11.9,-1.5,-3.0,0.3,1.0,-3.5,-3.3,-3.1,1.1,-4.2,-2.2,-0.3,-1.9,-2.4,-4.6,-5.2,-3.9,1.3,2.5,-2.2,-5.9,-1.9,-8.9,2.8,-5.2,-6.5,-4.3,-6.1,-4.4,-3.6,-6.4,0.5,-6.9,7.3,-9.9,-10.8,-4.0,-1.4,-3.0,-9.0,-1.7,-6.6,-7.2,-11.8,-6.6,-5.5,-5.3,-4.4,-5.8,-6.4,-3.5,-4.7,-4.9,-4.8,-9.5,-10.0,-5.8,-6.9,-9.3,-10.9,-9.5,-5.0,-7.2,-7.6,-11.3,-7.3,-1.6,4.1,-1.0,-5.8,-2.9,-5.0,-2.9
2C7L51A4i4,0,48.104097,11.62454,4442037.58,2778056.98,538.0,583.7,262,7292,3.6,0.71,0.45,32.64,348.97,-0.529,-0.103,0.842,-0.8,0.2,0.53,0.28,1.3,0.2,-0.3,9.6,0.6,-2.4,0.5,1.1,-2.6,-3.5,-1.7,-1.5,-0.5,-1.2,0.4,-1.4,-0.0,1.4,0.0,3.0,-2.0,-6.5,-3.3,-4.7,-3.5,-0.6,-11.6,-3.2,-1.3,-3.0,-5.6,-4.7,5.9,-12.3,-11.5,-10.6,-9.3,-1.2,-6.0,-7.5,-4.4,-4.2,-5.4,-2.6,1.1,-5.3,-7.1,-9.2,-6.7,-5.7,-7.7,-9.1,-3.5,8.5,-6.1,-4.2,-4.4,-8.7,-9.8,-4.3,-4.2,-9.6,-1.5,-1.6,-4.9,-2.3,-1.4,-4.7,-3.7,-11.1,-1.9,-16.1,-6.0,-4.0,-3.2,-2.7,-2.7,1.0,1.0,4.9,-5.8,-1.8,-5.6,-5.7,-6.6,-4.0,-6.3,-11.0,-5.9,-4.7,-7.7,-12.7,-10.6,-5.7,-8.5,-10.8,0.2,-8.4,-3.7,-7.7,-4.8,-6.4,-1.2,-9.4,-5.3,-8.6,0.2,-10.7,-10.0,-8.8,-10.2,-6.5,-4.5,-9.3,-7.7,-7.3,-4.6,-4.7,-6.4,-5.7,-6.5,-12.9,-3.8,0.1,-9.6,-9.5,-1.1,1.3,-2.2,-6.1,-6.4,-2.8,-6.6,-10.0,-3.3,-6.8,-10.4,-6.6,-6.6,-2.9,-8.9,-3.6,-2.2,-1.3,-7.5,-7.3,-6.3,-8.3,-5.8,3.9,-2.6,-8.1,-6.2,-2.0,-8.4,-4.1,-1.6,-4.3,-7.4,-6.4,-7.6,-3.3,-3.0,-13.8,-6.3,-6.3,-6.5,-15.8,-3.4,-9.8,-9.1,5.4,-4.2,-10.2,-4.1,-6.5,-6.4,-5.5,-4.1,-5.5,-5.9,-8.5,-6.0,-6.5,-8.7,-5.4,-6.8,-5.8,-8.6,-7.0,-8.0,-8.0,-6.1,-10.4,-9.8,-11.6,-5.5,-8.1,-7.1,-8.6,-10.5,-11.8,-7.0,-4.0,-9.0,-8.3,-10.3,-4.8,-2.1,-4.3,-7.4
2C7L51A4j1,0,48.104528,11.627898,4442286.73,2778110.43,538.5,584.2,262,7351,2.2,0.87,0.36,32.65,348.97,-0.53,-0.103,0.842,-0.7,0.1,-0.42,0.17,1.1,0.1,-0.3,-0.5,-6.3,-0.2,0.8,2.9,-0.9,-1.1,-3.0,3.6,0.4,2.3,-0.2,7.2,-4.2,-1.3,-2.0,-5.2,-4.5,-0.0,-7.2,-2.1,-0.4,-1.2,-3.0,-0.6,1.2,0.3,-1.8,-2.4,-4.7,-6.6,-6.5,-7.9,-4.7,-2.4,0.1,0.6,-0.3,4.2,-0.7,0.3,-2.1,2.3,-0.5,-0.9,-0.4,-1.9,0.8,0.3,-0.7,0.9,4.0,4.3,1.8,-0.1,-0.6,0.8,2.0,0.4,-0.6,1.0,-0.7,-0.9,0.2,-0.2,-1.7,-1.1,0.7,-5.1,-2.2,-2.3,2.3,-2.8,-2.5,-1.1,0.2,-1.5,-1.1,-1.8,0.0,-2.3,-4.4,-1.9,-4.2,-2.1,-0.9,-1.3,-3.7,-3.7,-1.9,-2.6,-3.9,-4.6,-4.8,-3.3,-2.1,-2.5,1.1,-1.3,0.3,-0.8,-0.4,1.5,-0.0,-0.3,-1.0,-2.3,0.4,-2.4,-0.0,1.1,2.0,0.2,2.4,1.5,0.9,-2.1,-1.4,0.3,-4.8,-0.5,-3.6,-2.8,2.3,-1.2,0.8,0.1,-0.4,-0.8,-4.1,-4.9,0.9,1.4,-1.7,-4.9,-4.8,-4.4,-7.0,-1.7,1.8,-5.3,-3.1,0.2,-1.0,-2.0,-1.9,0.7,-1.5,-2.3,-3.0,-2.1,-3.7,-1.7,-1.2,-0.5,-2.3,-2.3,-0.8,-3.3,-2.1,-3.1,0.7,-2.2,-3.7,-2.1,-2.0,-1.9,0.7,-0.2,-1.0,-0.4,-5.5,-4.7,-1.7,-1.6,-2.4,-2.7,-3.9,-5.3,-3.8,-6.7,-4.2,-4.1,-3.6,-3.6,-3.0,-6.1,-2.3,-1.0,-1.0,-5.5,-11.3,-3.3,-6.0,-2.5,-6.2,-6.6,-4.4,-6.4,-3.7,-3.3,-1.2,-2.3,-1.0,-2.5,-2.8,-5.5,-5.8
2C7L51A4k5,0,48.105,11.631569,4442559.06,2778168.85,534.6,580.3,262,7417,3.0,0.82,0.5,32.67,348.97,-0.53,-0.103,0.842,-0.6,0.1,-0.19,0.23,0.7,0.2,-0.3,-0.1,-1.2,-0.8,0.8,-0.1,3.0,0.7,0.3,3.3,-3.2,-0.5,1.4,0.8,-1.6,0.3,0.9,-0.7,-1.5,2.9,0.5,-2.2,0.8,2.9,0.9,-1.9,1.1,8.5,2.3,-1.0,-0.7,2.9,-1.1,-3.3,-2.0,-3.4,-4.4,-1.7,-3.8,-1.4,-2.4,-6.6,0.6,2.3,0.1,1.1,7.1,0.5,0.0,1.3,1.9,1.2,-0.4,0.8,0.1,-0.1,-0.7,1.7,-0.0,-2.2,0.1,0.6,1.3,-5.2,1.8,-1.5,0.2,-0.9,-1.7,0.3,1.2,-0.6,-2.1,-0.4,0.2,-0.8,-0.2,3.3,0.6,-1.1,1.2,2.3,-1.2,-2.5,-3.9,0.3,0.2,-0.1,1.7,3.8,2.1,-0.4,-2.1,0.4,-0.4,-5.2,-1.5,0.4,-5.6,-2.8,2.5,-0.3,-0.0,-3.3,1.2,0.9,-0.7,-0.1,1.3,-1.0,2.2,-2.5,-2.9,-0.5,-1.7,-1.6,-1.5,-2.9,-2.0,-0.2,-1.3,-1.6,-2.2,0.8,-0.2,-0.6,3.7,-1.8,3.9,0.1,0.6,-2.5,-1.4,-0.8,0.5,0.6,-1.7,-2.0,-4.7,0.1,0.3,2.3,-0.9,-0.7,-2.8,-0.2,-4.2,2.5,-2.5,-2.7,-1.5,-3.3,-1.0,-5.6,-5.7,-2.7,-1.8,-1.3,-3.5,0.2,4.4,-0.3,-1.4,-0.2,-0.9,-2.5,-2.4,4.9,1.0,6.0,5.4,-11.0,-3.2,-2.6,-2.1,0.2,-2.6,-0.0,-2.1,-16.5,-5.4,-0.1,-2.1,-1.4,-1.0,2.6,-0.2,-4.9,-2.9,-1.4,0.0,-5.4,-9.9,-2.1,3.5,7.5,1.6,3.1,4.6,-5.0,1.4,-2.9,-0.2,-4.7,-11.3,1.5,-3.9,-8.8,-15.5
2C7L51A4kB,0,48.10505,11.631959,4442588.0,2778175.05,535.1,580.8,262,7423,3.6,0.68,0.42,32.67,348.97,-0.53,-0.103,0.842,-0.9,0.2,0.46,0.28,2.4,0.2,-0.3,-1.6,0.1,-4.3,-3.1,-0.6,3.0,-1.2,-2.2,-3.4,-4.6,1.9,1.3,-4.3,-2.9,-1.0,-1.5,-3.4,-3.9,-3.6,-2.0,-0.6,-3.7,-1.3,-5.0,-4.1,-9.0,-1.1,-4.9,-0.6,-0.3,-4.1,-7.3,-6.0,-9.6,-1.0,-7.7,-2.9,-1.7,-2.3,-2.6,-2.0,-12.9,-1.6,-3.3,-4.2,-2.7,1.7,-0.4,-1.7,-0.7,-1.3,-1.5,-7.2,3.6,-2.0,0.5,4.4,1.5,0.4,2.1,-0.1,-3.8,-2.0,3.3,-9.4,1.2,0.7,7.1,1.3,1.9,2.4,-2.8,1.6,-1.8,-4.1,-6.3,-7.6,-6.4,-8.0,-8.3,-5.8,-8.2,-4.5,-4.2,-5.4,-4.6,-4.0,-4.2,-4.5,-7.4,-4.3,-6.1,-8.0,-9.4,-9.1,-3.1,2.0,-1.3,-3.2,-1.2,-5.5,-5.7,-3.9,-3.8,-6.9,-3.0,-5.7,-7.8,-9.9,-4.1,-9.5,-3.8,-6.5,-4.0,-4.2,-0.3,3.3,-7.2,-0.8,-3.0,-3.4,-1.7,-1.2,-5.7,-5.6,-4.9,5.9,-7.5,-6.8,-9.7,-10.9,-6.5,-6.5,-11.5,-6.8,-8.2,-7.9,-10.5,-7.0,-2.6,-1.1,-6.5,-3.9,-7.0,-1.3,-6.6,-1.8,5.7,3.1,-5.3,-3.9,-3.8,-2.7,-5.3,-6.5,-17.9,-10.8,-8.5,-7.7,-9.4,-9.1,-9.0,-5.3,-7.0,-8.4,-6.7,-0.1,-6.1,-10.4,-2.9,3.1,-10.0,2.6,-12.2,-12.4,-6.2,0.7,-6.2,-6.1,-1.6,-3.0,-3.7,-2.7,-6.1,-5.4,-3.3,-0.5,-6.9,-6.3,-8.0,-12.4,-2.9,-5.3,-5.3,-9.0,-7.6,-8.4,-8.2,-18.3,-1.2,-19.7,-2.3,-0.3,-0.1,-4.0,3.4,-2.2,-4.6
2C7L51A4kT,0,48.105178,11.632953,4442661.71,2778190.86,535.4,581.1,262,7441,4.5,0.59,0.5,32.68,348.97,-0.53,-0.103,0.842,1.0,0.2,1.5,0.35,1.8,0.3,-0.3,0.7,2.0,0.1,-0.5,-2.2,-2.2,3.1,-0.7,1.9,-3.4,0.4,-5.1,-0.1,3.7,5.4,3.1,-8.0,-4.5,-13.0,1.5,-5.4,-9.0,2.9,-0.9,8.2,-2.6,-1.5,-2.0,-2.7,-5.1,1.3,-3.4,-13.5,-14.3,-15.8,-5.6,6.7,-7.5,5.0,0.8,-1.1,-1.4,2.5,1.9,4.5,0.0,-2.6,-0.1,-0.1,-1.2,-2.5,2.3,0.8,0.9,1.3,-0.7,-0.4,-1.0,0.5,-0.4,-1.3,-1.9,12.1,2.2,5.0,-3.3,1.2,-7.7,0.4,-3.4,-2.6,-4.2,-2.2,-2.7,0.1,-2.4,-2.1,-0.9,-3.0,-2.9,-13.6,-0.8,0.9,-1.0,-0.6,-1.5,6.4,-3.8,0.5,-5.2,-0.7,-5.3,-1.9,-5.9,-8.6,-2.9,0.7,-2.3,3.3,-5.8,12.3,-2.6,1.7,2.6,2.8,-5.4,-3.5,4.5,3.6,-3.9,-1.1,0.1,2.9,-1.2,-0.7,-1.6,-4.6,-1.4,-0.6,-1.1,-11.2,1.3,-1.4,-2.3,-5.0,-7.5,-0.6,-13.2,-5.1,-5.1,-0.8,-2.8,1.8,-1.3,-3.6,-2.7,0.7,-0.6,4.5,1.8,1.2,-2.2,-0.4,-1.8,-1.2,-1.6,-7.8,0.3,0.8,-3.8,3.2,0.9,-2.7,-3.0,0.5,-3.0,-2.4,-0.5,1.6,3.2,11.7,-3.0,-1.3,-1.0,1.6,0.2,9.3,3.2,9.7,1.8,2.2,4.0,-2.0,-0.8,-1.0,1.8,-1.4,-1.6,5.6,-0.5,0.9,-1.1,1.4,-0.0,0.6,1.3,-2.7,5.0,-1.4,-3.8,-12.7,-2.6,6.1,0.6,-4.4,16.6,16.9,-6.4,-3.0,7.0,10.8,13.1,11.5,14.5,6.2,11.7,8.9,13.6
2C7L51A4hA,0,48.103694,11.621255,4441793.89,2778006.79,535.0,580.7,262,7236,4.3,0.66,0.58,32.59,348.92,-0.529,-0.103,0.843,-0.9,0.2,0.51,0.33,1.0,0.3,-0.3,-14.6,-4.7,-3.9,-2.7,-2.6,5.8,0.7,7.7,-11.7,10.9,3.1,7.7,-0.4,-4.6,2.8,-1.0,-4.0,9.3,13.0,0.1,-2.1,1.3,-3.8,-2.6,-2.3,-2.6,-3.7,2.2,-0.9,-4.8,8.1,-0.0,-4.9,-10.7,-5.2,1.2,-1.4,-4.4,-3.8,-3.4,-3.5,-0.4,-1.4,-2.5,-4.3,-6.4,-1.9,-3.4,-1.0,-2.9,-4.3,-7.1,-2.8,-2.5,-11.6,-1.5,4.3,-13.8,3.7,-10.2,-2.5,3.0,3.9,0.3,-9.6,3.0,1.0,7.4,-3.7,-4.3,-3.0,-0.6,-3.4,-5.9,-2.9,-2.9,-3.5,-3.4,-3.6,-3.4,-3.3,-4.7,-2.5,-5.5,-4.3,-4.0,-1.6,-8.6,-4.2,-6.9,-4.6,-5.1,-5.6,-4.1,-6.6,-3.6,-5.3,-7.3,-4.5,-5.4,-6.1,-4.8,-3.7,-1.6,-6.7,-4.8,-1.6,-4.9,-10.9,-6.6,-11.8,-6.2,-6.2,-5.0,-4.2,-3.8,-10.4,-11.3,-1.0,-2.2,-5.7,-1.5,4.5,-6.4,-5.0,-6.0,-0.1,-4.0,-4.4,-2.9,-8.4,-2.6,-1.0,-5.0,-4.5,-4.0,-4.1,-5.0,-1.0,-2.1,-4.3,-2.9,-6.2,-4.9,-17.0,-15.5,-9.1,10.1,-2.4,-2.0,-13.0,-4.3,-5.8,-3.4,-4.6,-5.8,-2.4,-3.6,-1.9,-3.4,1.0,-3.9,-1.2,-1.9,-2.4,-3.0,0.3,-0.4,-2.7,-3.5,-4.5,-6.8,-2.8,1.6,4.7,-3.0,-12.2,-6.1,2.4,-17.1,-15.1,-8.5,-5.1,-3.4,-2.2,-3.5,-3.2,-5.8,-4.1,-6.3,-9.1,-2.3,-5.0,-13.8,-5.1,-6.5,-7.0,-6.3,-6.5,-5.3,-7.2,-6.8,-8.7,-4.7,-6.1,-3.8,-8.0,-5.0
2C7L51A4hE,0,48.10374,11.621614,4441820.45,2778012.48,540.4,586.1,262,7240,3.2,0.79,0.47,32.6,348.92,-0.529,-0.103,0.842,-1.2,0.2,0.58,0.25,1.3,0.2,-0.3,1.6,-1.7,1.9,0.3,2.9,-0.1,1.4,4.2,1.7,0.7,3.1,4.6,2.9,3.8,1.8,2.8,3.2,2.1,2.3,2.8,1.2,4.3,2.6,2.1,1.6,2.4,1.8,4.7,2.4,-0.6,7.1,-3.3,-1.2,0.3,-2.5,0.6,2.2,3.0,2.4,1.0,2.2,0.8,-0.4,1.7,0.5,0.9,0.5,2.2,-3.6,0.8,-6.2,-4.5,-1.2,0.4,-3.1,-6.0,2.0,-1.4,-3.0,0.8,0.1,-0.9,-1.2,0.1,0.6,-0.6,1.2,-0.8,-3.1,-2.0,0.5,-2.6,1.6,-1.2,0.4,1.6,1.7,-1.4,0.4,1.1,0.5,0.2,-0.7,-0.7,0.9,0.4,0.3,-3.6,-0.7,-2.5,0.7,0.4,2.7,3.6,-1.5,3.2,-1.0,0.0,-0.9,1.0,2.1,1.6,-0.6,1.8,0.2,-0.2,-0.1,0.4,2.1,3.0,-1.9,-1.8,-0.4,-1.5,0.8,-6.0,-4.4,-6.4,-3.1,-0.6,-3.4,-0.4,1.3,-0.2,1.3,0.1,-1.8,-1.7,-2.3,0.1,0.4,-1.5,1.0,-2.6,-1.3,-0.5,0.7,-1.8,1.0,7.7,-1.1,9.0,-4.5,-3.8,-2.4,-5.9,-9.5,-8.8,4.3,-4.5,0.6,-6.6,-5.7,-2.4,-3.4,-4.5,-5.9,-3.9,-1.1,-2.1,-1.0,-2.4,0.8,-1.2,-2.1,-2.1,-0.8,-4.0,-4.7,-5.2,-7.1,-5.9,-5.0,-11.8,-5.0,-17.5,8.1,-16.3,-16.2,-13.1,-0.7,-4.2,-11.9,-1.2,-3.0,-6.3,-1.2,-2.1,-2.5,-1.1,1.2,-1.8,-3.9,-4.6,-1.5,-2.8,-3.7,-4.5,-0.4,-7.2,2.1,-2.4,-1.5,-3.1,5.0,1.8,3.6,-5.3
2C7L51A4hH,0,48.103761,11.621781,4441832.85,2778015.14,541.1,586.8,262,7243,3.9,0.69,0.46,32.6,348.92,-0.529,-0.103,0.842,-0.4,0.2,1.11,0.3,0.8,0.3,-0.3,-3.8,-4.9,-3.7,1.0,4.9,-8.6,0.0,-2.4,-0.4,-4.2,-1.6,-5.2,-2.6,-1.3,-1.8,-0.6,-2.1,-1.5,-1.1,-2.0,-1.6,-0.7,-0.5,-2.0,1.5,1.8,1.8,-6.1,-3.4,8.3,-9.9,0.9,9.3,-13.2,-5.9,-2.4,-2.8,-2.9,0.4,2.3,-4.5,0.2,-1.4,-1.6,-1.3,-0.8,-3.6,-4.2,-2.9,-2.4,-3.7,-5.4,-5.5,-6.1,-5.4,-5.3,-3.6,-2.0,-5.0,-4.6,-3.7,-4.0,-4.4,-4.4,-6.0,-3.5,-3.6,-9.7,-5.4,-6.1,-3.2,-4.9,-6.6,-6.2,-7.8,-10.0,-7.6,-6.4,-9.6,-3.8,-4.9,-5.8,-7.6,-7.6,-7.5,-2.4,-1.2,-5.7,-6.4,-2.7,-15.3,-5.8,-4.4,-8.4,-4.8,-1.5,-4.9,0.0,2.1,-2.7,5.1,-8.7,8.4,0.7,-11.3,-12.4,-1.1,-3.8,6.9,-14.9,-6.7,-8.8,-10.4,-8.4,-9.2,-6.0,-7.6,-3.2,-4.6,-5.7,-5.9,-2.8,-4.3,-5.7,-8.7,-6.3,-5.5,-9.3,-10.3,-9.7,-11.1,-7.7,-8.6,-9.0,-11.0,-4.7,-7.3,-5.3,0.2,-5.1,-5.6,-5.6,-5.8,-6.5,-6.2,-6.0,5.9,-7.0,-8.3,-10.2,-9.8,-6.7,-1.4,-2.8,-4.3,-8.7,-4.3,-4.6,5.6,-1.0,4.4,-3.5,0.6,-3.2,-10.0,-2.8,-2.3,-5.1,2.3,-3.8,-4.8,-6.0,-5.7,-6.6,-2.8,-4.0,-5.7,-6.8,9.3,-1.3,-2.7,-2.8,-5.1,-1.7,-4.6,-6.1,-3.3,3.0,-1.5,-9.5,-7.1,-2.5,-6.8,-6.6,-6.0,-6.4,-6.4,-8.3,6.3,-7.4,-9.9,-3.7,-5.4,-6.4,-4.8,-3.8,-3.7,-6.7
2C7L51A4hN,0,48.103805,11.622119,4441857.92,2778020.52,540.6,586.3,262,7249,1.9,0.88,0.38,32.6,348.92,-0.529,-0.103,0.842,-1.4,0.1,-1.13,0.15,0.6,0.1,-0.3,0.4,1.4,0.2,1.8,-1.5,-3.9,-0.7,3.0,1.3,-2.6,1.9,0.4,1.7,-0.1,1.6,2.1,-0.7,2.6,2.9,1.6,0.3,3.4,1.1,2.3,5.4,1.7,4.6,2.2,-0.9,1.1,8.8,-0.1,-1.2,4.9,0.1,2.3,2.5,2.7,3.2,5.0,6.6,0.4,5.1,2.3,3.2,3.1,1.1,0.6,1.8,0.3,4.0,2.5,4.4,5.4,4.2,3.0,2.6,3.3,2.6,2.2,1.9,2.4,2.1,5.3,-0.3,0.1,1.7,0.4,-0.1,4.2,0.8,2.6,0.8,3.0,1.9,2.4,7.8,4.3,4.5,4.1,2.3,2.0,2.1,4.5,3.9,2.5,5.6,-2.6,4.6,2.4,5.5,2.4,2.2,8.5,3.1,4.1,2.2,1.8,3.4,2.5,7.1,4.3,4.1,4.1,2.4,2.9,0.9,1.3,3.6,7.6,3.2,1.1,-1.5,3.4,0.2,-0.6,-1.6,0.9,0.8,3.6,-2.1,0.3,1.6,-0.8,0.5,-1.4,0.1,1.2,5.0,0.8,4.3,2.9,-0.1,2.4,-0.6,0.9,0.9,0.6,3.1,2.8,-1.0,1.9,1.2,-0.2,1.6,0.0,-0.2,1.5,1.6,0.4,-1.1,-1.4,2.2,-0.8,-1.5,-2.4,-1.7,0.6,1.8,2.2,-3.3,-0.2,-0.1,-0.4,1.1,-1.1,-3.3,-1.7,-3.0,0.4,-4.9,-1.6,-4.4,-2.3,-1.3,-0.1,-0.1,-4.1,-4.6,-3.0,-2.7,-4.6,-6.3,-2.5,-1.9,-2.3,-2.5,-0.9,-1.4,-5.5,-4.8,-4.5,-2.5,-5.7,-3.0,-2.7,-4.2,-5.9,-4.5,-3.7,-5.5,-3.1,-5.4,-3.6,-4.3,-3.9,-3.7,-2.9
2C7L51A4hr,0,48.104021,11.623799,4441982.58,2778047.26,537.6,583.3,262,7279,1.9,0.92,0.4,32.63,348.97,-0.529,-0.103,0.842,-0.2,0.1,-0.04,0.14,0.4,0.1,-0.3,-0.2,0.0,0.3,-0.2,-0.1,1.5,0.1,0.5,-0.9,1.3,1.0,2.6,-0.3,0.1,-0.3,-1.9,-3.1,-1.5,-3.0,-2.0,-1.8,-2.9,-0.6,-3.7,0.4,1.0,3.2,3.2,1.6,-2.5,-11.1,-2.1,-3.1,-4.5,-3.7,-5.0,-0.3,-1.6,3.3,2.2,2.5,3.5,0.4,-1.4,-0.6,0.9,-0.2,-1.3,0.4,0.9,0.2,-0.6,0.4,-0.6,-0.5,0.1,1.7,0.5,-0.0,-0.6,-1.0,-0.7,-2.1,-0.8,0.6,0.5,-0.7,-0.9,-0.7,-0.5,1.4,-1.4,-0.2,-0.3,1.9,-0.2,0.8,0.9,-0.2,-0.5,0.1,-0.7,-0.9,-1.2,-1.0,0.6,-0.6,-3.8,-1.7,-2.7,-1.4,0.1,0.2,0.9,-0.8,4.2,-1.7,-1.8,-0.6,0.3,-0.5,0.0,-1.1,-0.6,-3.5,-3.5,-5.1,-2.2,-3.6,-2.3,-2.8,-1.6,-0.8,-2.3,-1.6,-2.1,-1.8,-2.3,-0.9,-1.0,-1.3,-1.4,-0.3,-2.6,-0.6,0.2,-1.4,-0.2,-1.9,-0.2,-1.4,1.4,1.0,0.4,1.0,-2.6,-1.3,-2.2,2.6,2.7,2.0,0.9,-2.2,-3.1,-1.4,-3.1,-0.0,-2.5,-2.7,-2.1,-0.7,-2.9,-1.1,-2.5,-3.4,-2.3,-1.7,-2.0,-2.5,-0.7,0.2,-1.7,1.9,-2.2,-0.7,1.0,3.5,-0.7,2.0,2.8,3.1,0.2,1.9,-0.8,-0.4,-1.0,-2.4,-2.5,-1.7,-1.6,-1.6,-1.9,-1.4,-2.4,-3.2,1.5,-1.3,-0.8,-2.6,-2.3,-3.5,-2.5,1.2,-6.2,-1.3,3.5,-0.6,0.2,-1.7,-0.5,-2.2,-1.8,-2.5,-0.8,-2.3,-2.2,-4.5,-4.3
2C7L51A4jE,0,48.104629,11.628534,4442333.87,2778122.62,533.4,579.1,262,7364,3.0,0.81,0.45,32.66,348.97,-0.53,-0.103,0.842,-0.0,0.1,-0.75,0.23,1.2,0.2,-0.3,2.0,3.8,-2.1,2.5,-1.0,2.1,1.8,0.9,-0.5,3.6,2.4,3.7,-2.0,3.0,2.6,3.2,1.1,-1.3,-1.7,-1.1,9.9,3.7,-0.2,2.6,3.1,4.5,1.7,1.6,1.9,-1.0,-3.9,-1.7,-5.5,1.3,1.3,0.3,4.8,0.3,0.4,1.7,-1.6,3.5,0.3,2.5,0.2,4.0,7.1,0.2,-2.0,-0.4,1.3,4.1,-1.0,1.7,2.7,4.1,-0.3,1.0,3.1,3.7,0.3,2.2,0.0,3.1,4.5,0.3,3.5,1.8,1.1,0.3,4.3,0.5,4.8,-1.6,3.5,5.5,5.2,4.4,5.3,13.0,4.1,11.6,6.3,10.5,7.1,2.4,4.3,3.9,-0.3,3.9,1.1,-2.3,8.6,-3.4,2.7,3.8,14.3,6.9,3.5,5.2,6.1,3.0,-9.1,-3.2,1.0,-7.4,2.6,-13.4,1.6,-3.3,2.5,-0.4,2.9,4.3,3.0,4.8,0.1,2.0,2.1,1.3,2.4,1.6,3.8,2.8,3.3,-0.6,8.5,5.8,6.4,0.7,0.7,2.9,6.1,6.4,4.1,0.4,1.1,-2.8,1.9,3.5,5.2,3.2,3.0,4.0,3.5,4.3,2.3,1.9,2.5,2.4,2.6,3.1,1.8,3.5,3.5,2.8,2.7,2.1,3.8,1.9,2.4,3.6,1.3,0.0,0.8,2.2,3.6,2.6,4.4,4.2,3.3,-0.8,2.4,2.3,-1.0,-2.1,1.8,0.5,3.8,0.4,0.7,1.7,1.9,3.9,1.5,1.2,0.5,4.1,3.5,-0.6,-0.8,1.3,1.3,0.1,2.1,-0.7,-0.1,0.1,-2.6,1.9,2.5,-0.9,-0.8,1.3,3.1,1.5,0.9,-0.2
2C7L51A4h7,0,48.103711,11.621245,4441793.08,2778008.67,542.1,587.8,262,7233,3.3,0.77,0.41,32.59,348.92,-0.529,-0.103,0.843,-0.9,0.2,-0.79,0.25,1.5,0.2,-0.3,0.2,5.4,-1.9,-0.4,0.5,0.6,-3.3,1.3,-3.9,-8.0,-4.0,-6.1,-3.6,-0.8,-1.9,-1.1,-3.4,-3.5,1.7,0.6,-0.1,2.1,-3.8,-3.5,0.4,2.9,0.9,7.8,-1.3,-3.2,-2.9,-6.0,-4.8,-6.5,-7.6,-5.3,-17.2,0.7,3.0,6.5,5.1,5.0,-2.7,-2.9,-3.2,-1.8,3.1,0.0,2.0,3.9,-2.7,4.6,0.8,-1.2,2.9,4.5,1.5,3.3,2.2,-0.0,1.1,4.8,1.2,1.2,3.1,5.6,0.0,0.5,1.7,-1.7,-2.2,-1.0,2.9,1.6,-4.4,-6.8,-4.5,-6.8,-3.8,-0.9,-0.6,-0.6,0.4,-0.6,0.4,-0.7,1.6,-4.6,-0.7,-2.1,-3.0,-4.8,-3.9,-2.0,1.8,5.2,-0.9,-2.1,-3.9,0.4,0.4,-3.4,-0.1,0.8,-1.0,-2.8,-5.1,-0.1,0.1,0.1,-2.1,-0.5,-1.2,0.1,2.5,1.6,-6.0,-2.4,-3.0,0.2,-2.0,0.2,0.1,-1.3,-1.3,-2.4,1.1,-1.5,-4.5,-4.1,-3.4,1.0,-4.5,-2.7,-1.8,-0.8,1.2,-2.0,-1.3,0.5,-6.1,-1.9,0.4,1.1,-1.7,-1.0,-5.7,2.0,1.1,1.9,1.0,-3.0,-0.3,1.7,1.5,-3.3,-0.1,-1.2,0.2,-5.4,-3.6,-3.8,0.3,-0.3,-2.6,-5.8,-4.7,-5.1,3.9,0.5,-0.8,-4.1,-3.5,-8.1,-7.7,-2.8,2.4,-0.7,-1.5,-0.2,-3.4,-1.5,-1.0,-4.3,-7.3,-3.1,-3.6,-1.7,-20.2,-8.2,-6.4,-5.6,-5.9,-3.7,-16.4,-0.4,-7.5,-4.5,-7.6,-6.5,-6.7,-3.1,-5.1,-3.7,0.8,-3.1,-1.6,-2.7
2C7L51A4hB,0,48.103744,11.621504,4441812.32,2778012.8,542.4,588.1,262,7237,4.1,0.63,0.49,32.59,348.92,-0.529,-0.103,0.843,-1.1,0.2,-0.79,0.31,2.6,0.3,-0.3,-0.7,-2.3,0.8,-0.9,1.4,2.9,0.5,2.0,1.1,2.1,1.0,1.3,-0.6,1.3,0.8,0.9,4.1,4.0,3.8,4.0,4.5,2.7,5.4,2.9,5.7,6.5,4.8,0.9,0.7,-0.3,7.0,-3.4,-0.4,-0.2,-1.3,1.2,2.7,3.7,4.6,5.2,2.5,3.2,5.5,2.6,5.0,3.7,0.3,0.3,-0.6,2.2,1.0,0.4,-2.8,-1.7,1.2,-2.7,0.9,-0.6,-2.1,-3.6,-2.2,0.9,-0.1,0.2,-2.8,-7.4,-0.7,1.2,2.7,-0.4,-0.9,0.9,-2.0,-3.5,-1.2,0.9,1.9,-0.2,0.1,2.1,0.2,1.7,0.2,2.4,0.5,2.2,2.4,-1.6,2.9,-1.1,-0.9,-3.3,3.0,2.6,-1.9,4.1,-1.9,-0.4,0.9,-0.1,-0.8,0.4,1.5,0.7,-0.9,-0.1,0.1,3.0,-1.9,2.7,1.8,2.9,3.2,3.4,1.0,0.2,1.1,-0.7,-3.0,3.4,-0.4,0.6,0.1,-1.4,-0.0,2.5,-1.9,2.8,3.1,1.4,1.7,2.7,0.6,6.7,5.4,4.4,6.7,-2.0,4.9,-7.3,-8.2,-7.7,-7.7,8.8,-8.5,-12.7,-2.3,-10.5,11.7,-2.1,-7.9,-3.1,8.9,7.5,8.2,11.3,1.6,-10.9,2.2,5.5,3.0,2.6,5.9,1.9,-0.1,5.6,1.9,1.7,0.1,-1.8,-2.3,-0.9,-4.5,-10.9,-11.3,-9.1,-8.4,11.0,-9.9,-9.8,-11.8,-5.1,-6.9,-3.2,-6.5,1.6,0.5,4.1,3.2,13.7,5.5,5.1,-7.0,4.5,-8.6,-0.5,-0.7,-2.1,-2.6,-13.1,-8.1,-7.3,-5.7,-4.6,-11.9,-15.7,-16.6,-4.6
2C7L51A4i3,0,48.104116,11.624397,4442026.91,2778058.84,534.7,580.4,262,7291,2.3,0.86,0.31,32.64,348.97,-0.529,-0.103,0.842,-0.4,0.1,0.0,0.18,1.4,0.2,-0.3,-2.9,-0.4,-0.6,-0.7,-0.8,1.6,-1.2,-2.4,-1.1,4.2,0.1,-0.6,-1.6,-2.4,-0.1,-1.0,-1.2,-0.8,-1.2,-5.2,-3.9,0.9,-2.5,-3.4,-2.0,-2.8,-1.3,-1.3,-1.9,-7.1,-10.1,-5.9,-6.1,-2.9,-5.6,-4.6,-2.5,-2.1,1.7,-0.3,-1.3,0.5,0.7,0.1,0.5,-2.5,0.2,-4.2,-1.4,-0.2,-1.2,-2.9,-0.5,-1.7,-3.4,-0.6,-0.5,-2.1,-4.3,-2.9,-2.3,-2.1,-0.8,-1.9,-0.7,-0.5,-1.3,-2.0,-2.4,-2.2,0.6,-1.9,-1.9,-2.4,-3.7,-2.8,-2.7,-2.7,-2.6,-4.6,-2.4,-3.2,-4.1,-5.2,-2.8,-4.6,-1.1,-8.2,-3.6,-5.6,-3.8,-4.1,-1.2,-2.7,-7.4,0.8,-2.6,-3.1,-2.4,-0.1,-2.9,-1.7,-0.9,-1.3,-2.5,-2.1,-2.2,-5.0,-1.4,-3.8,-2.8,-2.8,-1.7,-0.9,-0.5,-0.9,-4.4,-3.9,-2.0,-2.6,-3.3,-4.8,-3.2,1.1,-1.6,-0.4,-0.3,-2.9,-4.4,-1.4,-8.2,-5.7,-2.1,-4.6,-7.0,-8.8,-2.1,-7.1,0.6,0.3,4.4,-1.8,-5.7,-2.0,-0.4,-1.4,-1.1,-1.8,-2.4,1.7,-1.3,-3.1,1.8,-3.4,2.1,-0.3,-1.6,-3.3,0.0,-1.9,-8.8,-2.0,-1.1,-4.0,-5.2,0.4,-1.1,-4.7,-4.3,-3.5,-5.7,-8.5,-1.1,-0.0,0.7,-2.5,-5.4,-5.0,0.0,-4.5,-0.9,-3.4,-2.3,-2.1,-2.2,-3.8,-3.2,-2.2,-4.3,-4.1,-8.9,-5.5,-7.1,-3.8,-4.6,-8.1,-6.9,-6.9,-8.5,-4.5,-5.8,-4.6,-3.4,-5.6,0.0,10.7,-2.3,-0.8
2C7L51A4iV,0,48.104325,11.626029,4442147.96,2778084.8,537.3,583.0,262,7319,2.6,0.83,0.39,32.64,348.97,-0.529,-0.103,0.842,-0.5,0.1,0.27,0.2,1.0,0.2,-0.3,-2.3,-1.2,0.9,-1.0,2.3,2.2,0.7,1.0,-0.6,1.3,1.1,2.7,0.2,-0.3,-3.2,-2.5,-3.5,-1.9,-1.9,0.0,-4.0,-2.3,-5.1,-5.2,-2.7,-1.6,-0.4,-4.0,-0.7,-8.4,-12.5,-11.8,-3.8,-7.6,-7.1,-5.4,-2.8,-1.7,-0.1,-1.3,-0.8,-1.2,-0.7,-1.1,-5.7,-2.1,-3.1,-2.4,-2.1,-1.6,-0.9,-2.8,1.9,1.4,-0.8,1.7,-4.6,-1.8,-2.7,-6.9,-2.8,-3.7,-2.7,-4.1,-6.5,-2.7,-2.1,-4.5,-3.4,-3.1,-2.3,-1.5,-10.8,-4.0,-3.2,-1.5,-0.2,-2.7,2.1,-1.9,-2.4,-2.0,-2.4,-0.6,-4.2,-5.1,-0.9,-6.2,-6.0,-3.7,-5.1,-3.1,-5.3,-2.8,-1.6,-4.3,-3.0,-4.8,-2.5,-0.9,-1.5,-3.8,-4.5,-5.3,-5.5,-2.2,-0.8,0.2,-5.4,-3.8,-3.0,-1.0,-2.6,0.2,-1.0,-1.5,-4.5,-2.1,-2.6,-2.7,-5.4,-5.9,-0.9,-2.0,-9.7,-9.3,-2.4,-3.5,-9.5,-2.1,-3.4,-3.1,-1.0,-3.6,-5.0,-4.3,-3.5,-9.0,-3.2,-1.3,-1.7,-3.3,-2.9,-4.1,-1.4,-7.9,-3.7,-2.8,-2.5,-2.2,-7.0,-12.5,-5.8,-6.6,-5.8,-3.4,4.9,-7.6,-3.1,-2.7,-5.6,-4.6,-3.0,-5.2,-7.1,-1.0,-1.2,-6.3,-2.5,-5.9,-2.5,-7.3,-6.3,-5.6,-3.5,-2.0,-1.0,-0.8,-3.3,-1.5,1.1,1.1,1.9,1.2,-2.8,0.2,-0.5,-5.3,-4.0,-6.8,-6.2,-7.5,-5.0,-6.8,-7.3,-5.8,-6.3,-6.1,-6.7,-5.9,-4.1,-2.8,-8.6,-5.3,-3.0,-3.7,-3.0,-4.9
2C7L51A4j3,0,48.104582,11.628026,4442296.15,2778116.58,539.4,585.1,262,7353,3.4,0.74,0.4,32.65,348.97,-0.53,-0.103,0.842,-0.5,0.2,-0.61,0.27,1.6,0.2,-0.3,4.1,-0.1,2.2,2.5,4.1,2.8,2.7,3.3,2.5,-0.7,2.9,3.1,3.5,2.9,3.1,2.6,2.4,1.3,2.2,-0.8,1.1,1.2,-0.7,5.0,4.4,4.3,2.4,22.1,22.1,1.6,7.8,1.3,0.8,2.4,6.3,5.6,3.6,8.0,6.6,3.9,3.9,3.8,5.7,3.4,3.2,2.1,2.1,2.0,3.3,5.8,4.3,6.5,2.6,2.3,2.7,3.7,3.2,4.6,1.5,0.9,2.0,6.9,-3.9,4.2,1.7,4.3,6.0,11.3,1.7,1.4,0.9,1.7,4.0,3.5,5.9,2.3,3.2,1.4,3.4,6.4,1.9,4.5,5.6,8.0,4.2,4.4,6.5,2.8,18.2,3.3,4.7,5.6,2.6,5.1,4.9,4.9,6.1,5.6,9.1,3.8,7.2,8.4,9.5,8.9,8.5,5.0,8.2,6.4,7.2,6.3,6.1,6.3,8.4,7.9,9.0,7.0,7.0,6.3,8.4,7.3,7.6,7.3,7.7,8.2,4.6,4.5,7.5,4.6,8.3,4.4,8.1,8.5,9.1,9.8,7.5,6.6,8.0,3.5,10.2,9.6,-0.2,-3.2,-2.1,-0.7,1.9,-0.0,0.3,-2.4,-2.6,-6.0,-3.6,2.4,0.0,-0.8,-1.8,-0.6,-0.0,4.4,3.3,1.1,5.0,5.2,5.1,0.5,-0.5,3.0,4.9,2.2,6.1,5.5,3.2,-0.1,-0.6,-1.4,1.2,-3.0,-0.9,0.8,-3.3,1.2,-0.9,1.1,2.2,1.6,0.6,2.2,-0.1,4.2,6.1,-2.1,11.5,4.7,8.1,5.1,5.3,5.6,-0.1,1.8,0.3,3.8,1.1,4.2,6.2,7.8,-2.1,-0.8,3.1,6.7
2C7L51A4iW,0,48.104346,11.626044,4442149.03,2778087.11,535.6,581.3,262,7320,2.1,0.84,0.34,32.65,348.97,-0.529,-0.103,0.842,-1.1,0.1,-0.36,0.16,2.3,0.1,-0.3,1.2,-2.4,-1.8,-0.8,1.4,1.3,-0.7,-1.1,0.7,1.6,0.7,3.3,0.2,-1.1,0.7,-1.7,-1.1,-1.9,-1.5,-0.3,-3.4,-2.0,-2.6,-3.7,0.3,-1.2,-1.1,-4.0,-5.1,-7.9,-14.6,-8.8,-6.3,-7.7,-9.4,-3.5,-2.8,-3.7,0.9,-2.2,-2.9,-2.6,-3.7,-5.8,-2.4,-2.5,-1.7,-2.1,-4.8,-3.9,-1.9,-1.4,-0.2,-3.6,-2.9,0.2,-1.3,-0.4,-3.2,-0.5,-2.5,-1.0,-3.5,-1.7,2.2,1.8,-0.2,-10.5,1.5,-0.7,3.1,1.8,3.9,0.8,-0.6,0.1,-2.1,0.9,-0.2,-1.2,-0.8,-1.6,-2.8,-1.6,-3.1,-0.5,-0.5,-6.5,-4.5,-6.9,-5.2,-5.4,-7.6,-3.8,-6.3,-4.0,-5.6,-7.5,-7.5,-5.5,-7.1,-6.4,-4.9,-3.0,-7.2,-6.0,-1.3,-3.6,-4.2,-3.6,-4.4,-3.4,-4.2,-2.6,-3.3,-0.4,-2.2,-2.1,-3.1,-2.9,-1.3,-2.8,-0.7,-2.8,-8.9,-4.8,-3.2,-5.5,-0.2,-5.2,-6.2,-4.4,-6.1,-6.8,-6.8,-6.7,-6.7,-8.7,-4.5,-4.0,-5.6,-4.1,-5.6,-5.2,-3.1,-2.2,-2.7,0.7,-2.2,-3.2,-2.5,0.5,-4.5,-3.8,-4.5,-1.8,-1.0,-3.4,-2.3,-3.1,-8.3,-5.0,-3.3,-6.9,-7.0,-5.4,-5.8,-7.2,-6.1,-5.2,-4.2,-9.4,-7.2,-4.5,-5.9,-5.9,-3.7,-1.4,-5.1,-2.6,-3.2,-7.6,-5.0,-5.2,-4.9,-4.8,-6.6,-5.6,-6.0,-10.0,-10.8,-9.3,-9.7,-9.7,-9.4,-7.2,-9.7,-8.1,-10.8,-9.2,-7.6,-7.8,-8.4,-8.1,-6.1,-5.4,-4.9,-7.7
2C7L51A4iX,0,48.104354,11.626103,4442153.45,2778088.06,535.7,581.4,262,7321,3.3,0.7,0.49,32.65,348.97,-0.529,-0.103,0.842,-1.3,0.2,-0.17,0.25,3.0,0.2,-0.3,3.1,-0.2,0.4,-6.2,1.4,2.5,0.0,-8.9,1.6,3.3,4.5,5.8,3.3,-0.8,-3.2,-1.8,-4.9,-1.5,-2.1,-4.4,-2.9,-5.9,-3.8,-4.6,-0.3,-0.7,-1.4,-4.1,-9.6,-9.5,-17.3,-10.5,-7.6,-6.3,-8.6,0.2,-3.1,-2.5,-0.8,-1.7,-1.6,-2.6,-5.5,-7.6,-3.6,-3.6,-0.6,0.4,-4.5,-15.8,-2.3,-0.7,-0.9,-4.1,-2.9,-0.3,-0.7,-1.1,-1.4,-1.1,1.7,0.5,-2.0,-1.8,2.3,1.4,0.8,9.1,6.3,-1.5,5.7,1.6,3.4,1.5,0.5,2.5,-6.2,3.0,-0.6,-3.4,-1.6,-0.6,-1.5,-2.2,-4.6,-2.1,-12.9,-4.0,2.8,-6.8,-14.9,-8.2,-8.9,-1.5,-8.0,-6.0,-6.0,-8.1,-9.0,-7.8,-5.2,-5.5,-7.1,-5.5,-7.5,-6.1,-0.9,-2.9,-3.8,-3.4,-3.2,-3.7,-4.8,-3.4,-3.3,-1.0,-1.7,0.0,-1.5,-4.6,2.3,-6.1,1.8,-10.0,-10.2,-5.2,-4.0,-13.6,-6.5,-3.5,-9.2,-6.8,-6.5,-6.4,-5.6,-7.9,-9.6,-8.1,-8.6,-4.2,-8.7,-2.6,-8.1,-6.5,-0.3,-1.3,-6.2,-4.9,-3.9,-3.7,-2.0,-0.0,-4.8,-6.5,-5.0,-0.8,-3.5,-3.7,-0.2,-6.9,-16.3,-8.8,-4.9,-7.7,-8.4,-5.3,-6.4,-5.1,-6.5,-7.7,-8.9,-10.5,-11.2,-2.9,-8.1,-6.8,-4.7,-2.4,-8.8,-3.3,-6.0,-4.9,-5.4,-4.3,-3.6,-4.6,-5.5,-9.0,-7.9,-7.3,-14.8,-8.3,-9.8,-8.1,-11.4,-8.1,-8.9,-7.0,-11.6,-13.5,-6.6,-8.7,-9.5,-6.6,-7.2,-4.1,-5.6,-9.2
2C7L51A4j5,0,48.104604,11.628049,4442297.78,2778119.02,535.2,580.9,262,7355,1.7,0.93,0.27,32.65,348.97,-0.53,-0.103,0.842,-0.8,0.1,-0.48,0.13,0.3,0.1,-0.3,0.5,-1.2,-0.9,-0.5,-1.8,-2.1,1.2,-0.3,1.2,-1.0,2.2,-1.9,0.4,0.3,1.2,0.9,0.6,-1.1,0.5,-0.8,-1.7,1.6,1.2,1.8,3.6,2.1,5.8,2.8,1.1,-0.5,-4.2,-2.4,-1.8,-0.3,3.1,-0.7,1.6,1.6,2.3,2.0,1.6,0.4,2.5,2.1,1.6,1.5,-1.1,-0.3,1.6,-1.0,-0.9,0.7,1.0,1.4,0.2,0.9,-0.2,0.8,2.1,0.8,1.4,-0.9,-0.6,0.6,-2.9,-1.2,-1.8,0.4,0.0,-1.6,-1.7,1.9,-1.7,-0.6,2.3,-0.5,2.3,1.0,-1.2,0.6,2.0,1.0,-1.2,1.5,-0.7,0.1,1.7,-1.0,1.5,1.5,-1.7,0.3,-1.3,1.1,0.7,0.9,2.4,2.3,1.4,1.7,-0.8,0.5,0.9,1.1,1.5,1.0,0.0,0.6,-0.2,0.6,-0.6,-0.8,-0.5,-0.2,0.9,1.3,-1.2,0.3,0.0,-1.2,-0.9,1.6,-1.8,-0.9,-1.2,-0.3,-1.3,-0.5,-0.1,-2.3,-1.4,-2.3,0.3,-1.0,-1.4,-1.4,0.0,-5.0,2.7,1.3,-2.0,-0.6,-0.7,-0.4,-0.8,-0.6,-2.1,-0.3,0.6,1.5,-0.7,0.4,-1.7,-0.7,-1.8,-1.8,-1.4,-1.0,-1.1,0.9,-0.7,0.6,-2.3,-1.6,-2.8,-0.2,1.1,2.2,-0.6,0.5,-1.2,-6.3,-3.5,-3.0,-3.0,-3.3,-2.8,-0.8,-9.8,-1.6,-2.0,-2.7,-0.4,-2.8,-3.1,0.4,-2.0,0.5,-2.3,-5.8,-4.2,-4.3,-3.0,-3.3,-4.3,-1.0,-9.7,-5.7,-5.2,-2.1,-2.6,-4.4,-4.1,-1.8,-1.4,-4.4,-1.3,-3.6
2C7L51A4k9,0,48.105097,11.631893,4442582.97,2778180.18,539.4,585.1,262,7421,2.7,0.83,0.37,32.67,348.97,-0.53,-0.103,0.842,-1.0,0.1,0.15,0.21,0.6,0.2,-0.3,2.2,0.9,1.3,-0.4,-0.3,-3.1,-6.1,0.0,-3.5,6.1,1.7,3.7,-5.0,-1.2,0.9,-0.2,-1.5,-3.7,-5.2,-3.7,-5.6,-2.5,0.0,-0.5,-1.6,-2.4,-1.0,-1.6,-5.8,-6.2,-6.8,-6.1,-5.6,-3.4,3.0,-2.2,1.0,0.5,-3.5,6.7,-0.3,0.8,-0.9,-0.1,-1.2,-2.7,0.5,-12.4,-3.3,-8.4,-1.4,-3.6,-5.3,-4.6,-3.2,-3.5,-5.8,-5.4,-1.5,-6.3,-1.8,-1.9,-3.3,-4.2,-3.5,-2.9,-7.4,-4.5,-3.1,-2.3,-2.9,-6.8,-6.5,-1.5,-2.2,-3.4,-2.7,-3.9,-2.0,-0.1,-1.8,-4.4,-5.9,-7.0,-5.7,-4.6,-3.9,-4.5,-4.0,-4.9,-2.0,-7.1,-5.1,-5.6,-2.9,-5.1,-4.1,-3.6,-4.2,-4.5,-5.0,-4.5,-5.5,-3.6,-5.6,-3.0,-1.7,-4.4,-6.3,-3.0,-2.2,-1.2,-2.0,-2.1,0.2,-3.9,4.1,-1.5,-3.5,-3.6,-4.6,-2.2,-5.2,-2.6,-3.0,-1.8,-2.1,-4.1,-4.4,-4.2,-4.7,-6.6,-3.9,-6.3,-7.0,-8.5,-5.4,-7.4,-3.8,-0.5,-3.2,-6.2,-5.8,-1.7,-2.9,-7.6,-5.6,-4.2,-0.6,-4.7,-3.8,-2.2,-5.1,-5.7,-4.7,-7.4,-6.5,-0.1,-7.0,-3.7,-7.6,-7.7,-6.5,-8.4,-9.8,4.9,-2.1,-7.0,-1.9,-6.2,-7.2,-5.8,-9.6,-10.4,-6.9,-3.6,-5.2,-3.0,-5.1,-1.4,-3.2,-4.8,-3.0,-2.5,-6.2,-11.8,-11.4,-11.2,-7.2,-4.7,-8.1,-7.0,-9.6,-5.5,-2.9,-7.2,-7.4,1.5,-8.2,-4.0,-7.8,-5.0,-10.0,-3.0,-9.5,-8.4,-9.5,-6.7
2C7L51A4i2,0,48.104158,11.624435,4442029.62,2778063.55,539.7,585.5,262,7290,4.0,0.69,0.45,32.64,348.97,-0.529,-0.103,0.842,-0.6,0.2,0.76,0.31,2.1,0.3,-0.3,-6.1,14.7,-2.7,-2.6,-4.2,-1.3,-5.2,-3.6,3.9,-1.7,8.5,0.4,11.6,-5.5,-3.2,-0.5,-2.8,3.3,0.3,-5.8,-8.3,-6.6,-2.9,-6.5,-6.2,-3.4,-0.9,-0.7,-6.6,-12.9,-14.3,-7.5,-7.5,-5.5,-8.3,-7.0,-5.6,-4.4,-4.2,-5.9,-8.1,-5.7,-1.5,-1.3,-4.0,-6.6,-2.0,-6.7,-7.1,-7.3,-7.2,-7.5,-4.5,1.3,0.9,-0.4,0.7,-2.9,-0.7,3.9,2.4,0.7,-3.4,-0.8,-2.7,-1.3,-4.4,-4.3,-2.2,-1.2,-0.4,-7.4,-3.6,-3.9,-6.0,-0.3,-1.5,-4.6,-1.9,-7.0,-5.7,-8.7,-9.5,-8.8,-7.1,-5.4,-6.0,-8.6,-6.6,-8.0,-7.6,-8.0,-0.1,-5.4,-10.1,-1.7,-3.8,-5.1,-5.2,-6.4,-4.3,-8.0,-8.0,-5.8,-7.1,-7.0,-2.0,-7.0,-7.4,-10.3,-10.2,-9.1,-5.8,-6.2,-1.9,-2.0,-4.8,-5.5,-11.6,-3.0,-11.5,-7.4,-4.3,-9.7,13.7,-11.6,-2.6,-9.9,-8.2,5.4,-7.9,-8.6,-6.7,-4.3,-7.3,-9.1,-2.1,-7.4,1.1,-1.9,-4.8,-6.2,-8.3,1.9,-8.5,-6.4,-0.1,-8.1,-6.6,-1.8,-6.4,-2.0,-3.5,-5.3,-1.9,-2.0,-5.3,-6.2,-1.6,-12.8,-7.2,-6.6,-3.3,-5.0,-5.1,-3.0,-13.8,3.2,-4.9,-8.8,-4.3,-9.2,-3.4,-0.8,-6.5,-5.7,-7.1,-6.3,-7.9,-3.8,-5.7,-6.6,-7.0,-8.5,-1.3,-8.9,-7.7,-3.7,-3.4,-11.5,-17.0,-6.3,-4.2,-13.8,-10.1,-8.6,-11.4,-6.1,-7.7,-6.5,-6.6,-2.8,-7.2,-3.6,4.9,-0.6,-2.3,8.8
2C7L51A4iQ,0,48.104347,11.625906,4442138.76,2778086.96,544.2,589.9,262,7314,3.7,0.72,0.55,32.64,348.97,-0.529,-0.103,0.842,0.6,0.2,0.46,0.29,1.2,0.2,-0.3,-0.9,-3.7,0.2,-1.9,-1.4,-0.6,-0.6,-0.2,1.0,-1.9,-0.4,1.5,1.2,-1.1,3.5,1.6,4.2,2.5,1.6,3.7,-0.2,1.3,-0.7,4.1,4.4,-1.4,1.8,2.3,-2.9,-3.1,-10.9,-8.3,1.0,0.3,-1.3,3.1,3.2,2.8,-0.6,3.5,0.1,1.7,4.9,-0.8,1.2,-1.3,0.4,0.8,-4.6,0.1,-3.1,-1.8,-1.8,-1.7,-0.2,-3.8,-0.0,-1.5,-1.4,-2.5,-5.0,-1.2,-3.0,-2.7,-0.5,-0.1,-2.9,-3.7,-2.0,-2.7,-0.2,-1.3,-3.4,-1.4,-1.1,1.8,1.2,1.4,1.4,-2.2,-3.0,0.9,-2.2,-0.8,-2.9,3.0,0.4,-0.4,-2.4,-4.0,-0.7,-4.9,-0.8,-0.1,-2.0,0.4,-1.1,-1.2,-3.2,1.7,-0.2,-4.0,0.9,-0.2,0.9,1.0,-0.6,0.1,-2.5,0.7,-2.6,-2.0,-0.7,-1.9,-0.7,-1.8,-1.2,-3.2,-4.3,-0.1,-1.4,-2.1,-1.6,-2.0,1.0,2.6,1.2,1.5,0.4,-3.9,-0.6,2.3,1.8,3.6,4.3,0.3,4.8,-2.0,5.3,7.5,-1.9,-3.7,1.6,0.1,-0.0,-2.3,-5.0,-0.2,0.5,2.7,-5.1,-1.5,4.2,-1.0,-0.8,-9.4,-0.3,-1.6,-0.9,4.7,7.0,3.7,5.8,3.8,4.6,-8.3,6.6,2.9,-1.3,8.0,1.4,-2.1,-2.3,-12.4,-7.5,1.3,13.0,4.8,14.9,6.1,4.8,0.7,0.8,-2.7,-3.6,3.3,-3.9,6.2,5.8,7.5,3.1,7.4,6.7,4.6,4.4,5.3,2.2,1.0,-7.4,0.2,14.7,3.5,-6.3,15.1,-7.4,-8.1,-5.4,-4.5
2C7L51A4j0,0,48.104602,11.627893,4442286.16,2778118.58,542.0,587.7,262,7350,2.4,0.81,0.44,32.65,348.97,-0.53,-0.103,0.842,-1.2,0.1,1.1,0.2,0.7,0.2,-0.3,3.5,1.9,-2.1,-2.0,-2.9,-3.0,-0.1,-1.5,-0.0,-3.9,-0.6,0.6,-1.4,-1.0,-1.2,0.6,-1.3,-6.8,-3.6,-6.3,-7.3,-5.4,-4.0,-0.2,0.5,-3.8,-1.3,-6.1,-6.5,-8.1,-11.4,-16.8,-6.0,-13.5,-3.6,-6.1,-3.8,-8.1,-4.1,-1.1,-3.8,-7.2,-4.0,-6.5,-8.5,-8.3,-9.1,-7.5,-7.4,-6.6,-4.9,-6.0,-5.4,-4.9,-6.5,-6.7,-1.6,-8.0,-6.4,-8.3,-3.3,-9.1,-12.6,-6.9,-6.2,-7.0,-2.0,-14.0,-10.6,-5.9,-10.0,-4.5,-7.3,-6.8,-9.6,-8.4,-10.4,-10.3,-8.7,-10.3,-8.1,-11.7,-9.9,-10.9,-8.5,-8.9,-7.6,-6.7,-8.5,-7.4,-8.6,-7.3,-8.8,-11.7,-9.2,-11.0,-7.3,-8.6,-9.3,-9.1,-8.7,-8.4,-8.8,-7.5,-9.2,-9.2,-10.0,-9.2,-10.1,-9.3,-10.1,-7.8,-8.1,-8.7,-8.6,-9.7,-11.5,-7.8,-10.0,-8.3,-9.4,-8.7,-13.1,-5.4,-8.1,-3.7,-5.8,-7.2,-10.7,-12.5,-8.2,-9.4,-9.9,-10.2,-11.0,-10.7,-12.5,-13.2,-6.7,-7.2,-6.1,-4.8,-4.9,-5.2,-6.4,-7.7,-7.4,-9.9,-7.8,-9.9,-8.4,-4.9,-7.4,-7.6,-5.8,-8.4,-10.7,-7.8,-10.6,-7.4,-8.3,-5.7,-11.2,-9.8,-10.0,-7.5,-7.0,-5.4,-8.0,-8.3,-8.7,-14.2,-11.6,-6.8,-7.6,-8.2,-7.2,-8.1,-9.0,-12.0,-11.5,-8.8,-9.0,-10.0,-8.4,-10.9,-10.0,-9.8,-12.2,-9.7,-13.2,-9.4,-8.5,-12.4,-11.2,-8.4,-10.5,-8.5,-12.5,-8.3,-11.0,-10.8,-8.6,-3.7,-6.2,-10.0,-15.4,-13.1
2C7L51A4j6,0,48.104637,11.628162,4442306.15,2778122.87,538.2,583.9,262,7356,1.9,0.92,0.27,32.65,348.97,-0.53,-0.103,0.842,-0.6,0.1,-0.02,0.15,0.2,0.1,-0.3,1.2,1.6,1.8,-0.9,-0.4,-4.3,1.9,0.0,0.9,-3.6,0.7,-2.6,0.4,-1.5,1.3,0.7,-0.4,-3.1,-1.0,-2.6,0.1,-0.4,-0.8,1.7,2.0,-1.4,3.5,-0.4,-1.5,-0.8,-3.3,-3.3,-4.7,-1.7,3.4,-1.7,3.4,3.4,1.2,1.8,2.7,-1.4,3.2,0.1,1.9,2.6,2.5,-1.7,-0.2,0.5,2.1,-1.8,0.7,-1.1,0.6,0.0,-0.1,-0.6,1.5,0.4,1.2,-2.2,-4.3,-0.8,-1.2,-3.1,1.5,0.6,-1.1,-1.3,-2.7,0.0,-0.8,-0.2,0.6,0.4,0.4,0.3,-0.8,-1.8,1.4,2.1,-0.8,-0.2,-0.8,-0.4,-0.7,-2.2,-2.5,-0.6,-0.6,-1.5,-1.7,-0.5,-1.0,-0.2,-0.1,1.9,-1.1,1.9,1.6,-0.1,2.4,1.8,0.7,0.0,0.3,-0.2,-0.1,-1.9,-2.0,-1.3,-2.6,-1.3,-0.5,-1.4,-2.5,-2.0,-1.0,-1.7,1.5,-0.1,-3.5,-1.1,-1.2,-0.9,-1.7,-0.1,-1.3,-2.9,-2.0,-1.7,-0.7,-0.2,-1.5,-2.7,-0.5,-5.2,1.0,0.1,-4.6,-1.1,-2.5,-1.6,0.0,-3.6,-6.5,-2.7,-1.5,-1.2,-0.3,-0.6,-0.4,-1.1,-0.4,-2.6,-1.8,-2.4,0.5,-0.2,-2.0,-1.1,-3.2,-5.1,-4.3,-1.4,-2.7,0.8,0.6,-1.5,-0.5,-2.0,-5.4,-4.3,-6.1,3.1,-2.8,-2.5,9.7,-2.0,-3.9,-2.6,-0.5,-3.7,-5.9,-1.6,-2.2,-0.0,-1.5,-3.0,-3.4,-2.4,-2.0,-4.6,-1.4,-3.0,-3.9,-3.2,-4.3,-3.1,-5.1,-4.3,-2.4,0.1,0.9,-2.3,-2.5,-1.0
2C7L51A4jP,0,48.104786,11.629324,4442392.31,2778141.35,542.0,587.7,262,7375,3.4,0.78,0.42,32.66,348.97,-0.53,-0.103,0.842,-0.5,0.2,-0.16,0.26,0.9,0.2,-0.3,-1.4,-0.4,-1.7,-0.9,-2.5,1.6,-0.9,-3.1,-1.2,9.1,-1.7,-8.0,0.1,-1.8,-0.2,-0.8,-2.9,-2.2,1.9,-1.3,-2.4,0.0,-0.9,-2.8,0.4,3.7,0.5,-1.1,-10.7,-4.9,-6.0,-3.7,-6.6,-9.6,-1.3,-0.8,-0.0,-0.6,1.8,3.0,-2.4,-1.1,-0.9,-1.5,-2.5,0.2,-2.2,-1.4,-2.8,-2.3,0.9,1.8,2.1,-0.3,-0.0,-1.0,-2.3,1.3,-6.1,-3.0,-0.7,-0.3,2.6,-2.4,-7.3,-3.2,-2.9,-2.6,-1.9,-1.3,-4.4,-3.1,-5.9,-2.1,-3.6,-1.1,0.7,-2.7,-2.4,-5.0,-4.4,-4.9,0.6,-4.8,-1.2,-1.1,-3.1,-1.8,-0.2,-3.0,-4.0,-0.5,-3.5,-1.3,-1.5,-1.6,-5.6,-2.1,-3.2,0.2,-0.7,0.6,0.6,0.6,0.5,-0.5,-2.7,0.4,-0.6,-0.4,-0.7,-0.5,-0.2,-1.6,-1.6,-3.2,-3.8,-4.1,-1.8,-3.8,-3.8,-4.2,-4.2,-3.3,-3.5,-2.9,13.0,-3.2,-2.2,-7.0,-5.5,-3.8,2.2,-4.0,-6.5,-6.5,-5.0,-8.4,2.9,2.3,-1.1,-3.9,-2.5,-2.8,-1.4,-1.6,-0.6,-0.1,-2.9,-2.1,1.5,-2.7,-1.4,-2.6,-8.4,0.4,-0.4,2.7,0.6,3.4,-6.2,-7.6,-0.1,-9.2,-4.6,-5.7,-2.5,-4.7,-3.5,-5.8,12.4,-8.1,-11.8,11.2,-10.5,6.3,-1.0,-0.5,-6.1,-2.0,-0.5,-2.9,0.9,-0.4,-3.5,-3.7,-6.7,-6.7,-4.2,-5.8,-5.4,-9.9,-5.2,-4.4,-1.3,-1.2,-8.0,-2.2,-2.6,-5.2,-8.9,4.2,-6.7,3.8,-8.3,-2.1,-6.0,-4.4
2C7L51A4kO,0,48.1052,11.632547,4442631.4,2778192.65,530.8,576.5,262,7436,2.6,0.84,0.39,32.67,348.97,-0.53,-0.103,0.842,-0.7,0.1,-0.56,0.2,0.3,0.2,-0.3,-1.1,0.3,2.8,-2.2,-2.3,-0.7,-0.5,2.2,2.0,0.9,2.5,-2.0,2.8,3.1,4.4,4.6,3.8,1.5,-0.0,0.1,-2.8,-1.4,-2.4,-0.9,0.9,-1.2,1.8,-3.3,-4.8,0.5,-1.1,-2.4,-4.5,1.2,-0.6,1.1,3.4,1.3,2.1,1.0,0.1,-2.6,-0.5,3.8,-0.5,0.8,-4.6,-5.1,0.8,-1.1,0.2,1.1,-0.7,2.8,-0.6,-1.2,-2.1,-1.7,1.9,-2.1,-0.4,2.0,-6.4,-2.2,2.5,-1.6,-1.2,-2.2,-0.2,-2.6,-1.9,1.7,-3.1,3.5,-0.3,6.4,8.3,-0.4,6.3,-1.1,-1.1,2.5,1.5,2.6,0.4,2.3,0.7,-0.2,1.6,0.4,-1.9,-4.5,-4.3,-4.9,1.7,1.5,0.5,1.2,4.5,0.3,1.2,-2.8,0.6,2.0,1.3,2.1,3.4,-0.1,2.0,-0.2,2.9,-0.5,2.8,-2.3,1.5,-2.6,5.6,0.4,-1.8,-3.9,-0.4,-0.3,-1.1,-1.5,4.5,-1.4,-2.3,3.5,2.0,-3.6,-0.6,0.1,-2.8,0.3,-2.6,-1.0,0.5,-1.6,1.6,3.7,-3.3,-2.0,-1.4,2.1,-0.8,-0.8,3.0,3.7,0.2,-8.5,1.3,1.9,-0.2,-2.2,-0.4,-0.7,-0.1,-0.6,2.5,0.7,-0.8,-3.0,-0.1,-4.0,-6.1,-2.5,-2.5,-0.5,0.8,-1.2,-0.8,-2.0,-6.8,-1.3,-6.0,9.4,-2.6,1.5,1.2,-5.4,-4.0,-2.9,-5.6,-3.7,-6.3,-2.4,-4.4,-0.3,-0.1,-3.2,-7.2,-2.9,0.1,-2.3,-2.0,-2.3,-2.9,-4.0,-8.9,-2.2,-3.9,-4.6,-4.9,-4.7,-4.7,1.3,-1.0,0.5
2C7L51A4hL,0,48.103861,11.621982,4441847.61,2778026.59,539.3,585.0,262,7247,3.1,0.81,0.42,32.6,348.92,-0.529,-0.103,0.842,-0.8,0.2,0.13,0.23,0.8,0.2,-0.3,0.7,2.0,-0.2,-2.6,1.8,-1.8,-3.2,-2.1,-0.7,-2.3,0.4,-1.8,2.0,0.9,-1.1,0.2,-0.5,-0.8,-1.1,-0.1,-3.8,-2.1,-3.8,0.1,-1.1,2.5,-0.5,-1.3,-3.8,-2.3,8.9,-5.3,-5.3,-1.5,-2.8,4.1,3.6,-2.2,2.1,2.3,-0.6,-0.9,2.1,2.4,-1.8,-2.1,-2.9,-4.1,-2.8,-0.9,-0.6,-0.8,0.0,-2.3,-2.1,2.3,-1.2,1.2,-2.8,-0.9,-3.0,2.3,-8.1,-2.5,-3.0,-3.4,-3.2,-6.6,-1.2,-1.3,-1.6,-0.6,-1.5,1.0,0.0,0.8,-1.5,-1.6,-2.1,0.6,-2.9,-4.9,-0.6,-4.8,-3.1,-3.1,-1.9,-4.4,2.1,-4.0,-5.3,-3.5,-1.6,1.2,-2.0,-2.9,-2.4,-2.5,-3.8,-2.7,-2.2,-2.4,-4.0,-2.3,-6.5,-2.8,-3.1,-6.7,-6.0,-4.7,-1.3,-2.9,-3.7,-4.8,-5.8,-7.4,-2.9,-2.8,-1.1,0.4,-3.5,-2.3,-0.2,-4.1,-1.0,-1.0,-0.1,0.8,-1.2,-2.4,-4.3,-1.1,-5.5,-4.3,-1.5,-1.8,-1.3,-3.7,1.1,-1.5,-4.3,-4.4,-6.8,-7.5,-5.0,-9.8,-8.9,-12.9,-10.7,10.7,-11.8,-6.6,-2.4,-1.6,-2.4,-6.6,-4.6,-5.5,-2.6,-3.7,-4.3,-3.0,0.8,-2.3,-3.6,-3.6,-3.5,-4.9,-2.0,-1.3,-3.1,-5.9,-5.7,-4.3,-5.4,0.1,-3.9,-0.2,-3.5,3.3,3.6,1.2,9.0,2.7,6.8,-3.8,-2.8,-2.6,-5.3,-5.8,-7.3,-8.8,-7.2,-5.3,-8.5,-3.4,-6.3,-7.8,-4.7,-8.6,-9.6,-8.9,-7.5,-10.9,-5.1,-4.7,-4.7,-4.5
2C7L51A4hZ,0,48.103995,11.623024,4441924.88,2778043.14,550.5,596.2,262,7261,2.9,0.83,0.43,32.6,348.92,-0.529,-0.104,0.842,-0.4,0.1,-0.08,0.22,0.7,0.2,-0.3,0.6,-1.0,-1.4,-1.9,-0.5,-0.7,0.1,1.2,1.8,-2.5,-0.2,1.9,1.8,0.3,0.5,0.6,0.1,-0.2,-0.5,0.0,-0.1,-1.9,2.8,-0.7,-0.7,-0.6,-2.0,-5.5,-1.4,-3.2,-10.0,-4.5,-6.7,-12.0,-0.9,-3.0,-1.1,2.4,-0.4,0.5,0.3,-3.4,1.6,-1.7,-0.8,6.1,-3.6,1.2,-1.3,-0.6,-1.6,1.1,0.6,0.5,0.4,-1.9,-2.3,1.0,-0.9,0.9,-2.2,3.5,-3.7,-4.1,-1.6,-2.3,-2.1,-5.7,-0.3,-2.8,-4.2,-0.8,-3.9,-0.7,-3.5,-3.3,-1.1,1.0,0.5,-1.2,2.0,-2.4,-0.2,-0.4,0.8,-0.7,1.0,-3.8,-2.9,-4.4,1.4,-2.6,-0.8,1.0,0.2,3.9,-3.5,-2.4,0.6,0.9,-0.5,-0.7,0.5,-1.1,-9.7,0.2,-1.4,0.3,0.1,1.0,-2.0,-0.7,0.4,-1.4,0.0,-1.9,-2.1,-2.8,-2.3,-0.9,-3.8,-1.3,-3.5,-5.4,-1.4,-1.2,-3.4,-5.5,-2.7,-3.6,-0.1,-3.1,-0.5,-0.0,-0.2,-1.7,-0.3,-2.8,0.8,1.1,1.8,1.4,-1.3,-0.8,0.9,0.5,-0.6,0.1,-4.6,-4.7,-1.6,-0.6,-2.5,-0.8,-1.6,-2.8,-3.7,-2.0,-0.5,-2.2,-1.2,-2.0,2.1,-1.3,-3.5,1.0,-9.5,-4.4,0.9,-1.5,-4.2,-0.4,1.2,5.5,8.0,-4.5,-5.4,-4.2,1.3,-3.1,-5.8,-4.6,-1.0,-2.3,-3.6,-3.9,-4.8,-3.6,0.6,-12.7,-1.6,-3.7,6.6,1.5,8.1,-3.0,-3.4,0.9,-3.4,-14.4,1.7,-3.7,-4.3,-2.7,-2.2,-5.4,-3.6,-1.3
2C7L51A4jC,0,48.104696,11.62848,4442329.7,2778130.0,537.3,583.0,262,7362,3.3,0.79,0.48,32.65,348.97,-0.53,-0.103,0.842,-0.4,0.2,-0.51,0.25,0.8,0.2,-0.3,0.4,-1.0,-1.6,7.0,4.4,0.9,5.4,0.8,1.4,-2.3,0.2,0.5,0.3,-0.3,3.9,2.0,0.8,0.7,-2.9,-0.2,-3.2,2.3,-3.6,-0.6,-1.8,-0.0,3.2,1.3,-2.3,-1.4,-17.0,-5.4,-8.2,-2.5,5.1,0.1,-2.4,-1.8,1.5,3.8,0.0,-0.6,0.3,-3.2,4.2,-1.9,-3.6,-3.4,-1.6,1.6,5.9,0.5,5.2,2.5,-0.2,-2.0,-1.2,-2.3,6.4,1.6,0.6,-1.0,12.8,-1.0,1.0,-0.5,-0.2,-2.6,-2.5,1.8,-1.3,3.3,-1.0,-1.1,3.3,-0.2,3.7,1.7,0.7,1.6,-0.3,1.6,0.1,-1.2,-2.9,-4.4,1.0,1.1,-3.0,-5.4,1.0,-3.7,-2.9,-0.9,1.9,6.4,3.1,-1.7,2.3,0.5,-2.3,12.7,5.6,1.4,4.1,0.9,-3.2,1.4,-7.0,2.3,1.8,-3.0,1.1,-1.5,0.6,-0.4,-1.1,-3.0,-1.2,-0.5,1.0,2.1,8.3,1.0,5.0,3.3,2.3,1.7,5.1,-3.0,-1.9,5.7,0.4,-1.4,-2.5,2.3,1.6,-2.0,0.2,-0.2,0.8,4.1,-2.0,1.8,0.3,0.2,0.5,0.5,-3.1,0.2,-0.2,1.2,-0.5,-6.4,6.2,-1.0,-3.2,-0.7,0.3,-4.3,5.9,-0.8,-2.5,-2.2,-1.4,-5.1,-0.5,0.1,-3.1,-0.9,-2.9,-1.9,-11.6,-11.6,-1.1,-0.6,-0.2,1.6,-1.3,2.6,-2.9,-3.3,-1.0,-1.3,0.5,-1.0,-4.5,0.2,0.3,-5.8,-1.1,-5.7,-3.7,1.5,-1.6,0.4,0.9,0.2,-7.0,-0.1,-0.4,-1.4,-2.2,0.3,0.6,-6.4,-2.1,0.4
2C7L51A4kA,0,48.105137,11.631915,4442584.51,2778184.65,538.2,583.9,262,7422,2.6,0.83,0.37,32.67,348.97,-0.53,-0.103,0.842,-0.9,0.1,0.68,0.2,1.2,0.2,-0.3,1.8,-1.5,-1.6,-2.0,-1.1,-0.6,-4.0,-0.4,-5.6,3.0,1.8,2.6,-2.8,-3.2,-0.6,-1.2,-2.2,-3.2,-4.8,-3.4,-3.2,-3.8,-2.1,-3.3,-1.9,0.9,-0.8,-2.8,-5.2,-5.4,-3.1,-7.3,-5.1,-4.4,-1.3,-0.9,-0.3,1.3,-1.0,3.8,-1.2,0.9,0.1,-4.6,-3.5,-3.8,-3.1,-4.4,-4.6,-1.3,-1.1,-1.3,-2.3,-5.1,-3.1,-1.8,-2.9,-1.2,0.0,-2.1,-3.5,2.1,-3.1,-2.3,-13.7,2.4,-5.2,-7.9,-4.2,-2.5,-0.5,-8.1,-5.9,-5.2,-2.6,-5.1,-4.6,-4.4,0.7,0.9,-0.4,-5.6,-6.6,-8.1,-4.7,-5.9,-4.3,-5.2,-6.3,-5.3,-4.4,-6.6,-6.7,-7.5,-4.2,-4.8,-3.6,-4.4,-3.3,-3.5,-5.7,-6.2,-6.3,-5.6,-1.8,-3.5,-4.5,-2.2,-4.7,-2.3,-4.0,-2.9,-3.4,-2.9,-2.8,-3.1,-0.1,-4.8,-0.6,-1.3,-2.7,-3.5,-3.6,-1.8,-2.6,-2.8,0.6,-4.9,-6.4,-9.3,-9.6,-7.9,-4.1,-9.1,-7.0,-9.2,-8.4,-11.9,-5.3,-3.4,-7.2,-4.7,-8.3,-3.9,-1.8,-2.0,-5.4,-2.9,-1.7,-3.3,-1.2,0.7,-9.2,-7.4,-8.7,-7.0,-9.5,-2.8,-8.0,-2.8,-17.3,-5.9,-3.9,-5.9,-3.3,-2.4,-2.0,-1.4,-0.4,-9.0,-6.8,-6.4,-5.3,-5.7,-5.3,-2.3,-9.1,-4.0,-11.9,-2.9,-3.5,-4.4,-5.4,-3.3,-5.3,-7.9,-7.8,-6.2,-5.2,-5.5,-6.8,-5.8,-8.3,-9.0,-1.5,-6.4,-8.2,-4.4,-6.1,-4.9,-5.6,-3.0,-0.9,-1.3,-3.1,-6.6,-5.3,-3.8
2C7L51ALkE,0,48.10382,11.621515,4441812.93,2778021.22,541.2,586.9,263,7238,4.5,0.62,0.51,32.59,348.92,-0.529,-0.103,0.843,0.7,0.2,-0.14,0.35,1.9,0.3,-0.3,-4.9,1.0,-0.2,-3.9,-0.5,-1.5,-1.8,-1.8,-0.5,-2.2,0.1,-9.9,-2.3,-1.9,-0.7,-1.7,-1.4,1.7,1.7,-1.4,-3.6,-0.1,-1.6,-1.0,0.3,2.0,-0.9,-3.0,-3.9,-5.4,-23.8,-6.4,-6.2,-5.9,-8.1,-4.2,-4.2,-1.7,0.8,0.2,-3.8,-3.9,-3.0,-3.2,-3.8,-2.3,-7.5,-5.4,-3.8,-0.4,-0.9,-1.2,-2.7,0.4,0.6,7.7,-1.3,1.3,-11.7,8.2,8.9,2.2,-10.6,-6.9,-7.0,-10.1,-8.0,-3.7,-0.7,-3.2,-5.7,-4.5,-6.9,-1.6,-6.1,-3.1,-9.3,5.7,1.7,-4.3,-8.0,-3.1,-6.8,-6.8,-5.4,-1.5,-1.4,-6.5,1.0,-5.1,-3.6,-9.7,0.4,-3.7,-4.2,-3.2,-12.5,-5.2,-1.6,4.6,-9.7,-6.0,-7.1,-7.5,-7.6,-3.9,-1.8,-9.9,-0.2,-7.8,-1.8,-1.7,-3.6,2.0,-0.7,-1.6,-4.2,-4.5,0.6,0.2,7.3,-0.4,-3.3,-2.5,-2.1,-5.6,-2.2,-0.0,-2.5,-4.1,-1.5,0.7,-0.6,-1.9,-0.5,2.4,1.4,-5.1,-3.0,-15.1,8.6,9.0,5.5,7.7,10.1,8.3,-9.7,4.5,2.8,5.0,4.0,9.0,3.8,2.3,1.3,-1.2,-2.7,2.3,-2.1,-2.2,-2.0,-2.2,-0.7,-0.9,-1.7,-1.1,-4.3,-2.3,10.3,-8.3,-5.7,-5.8,-5.1,-3.2,-2.0,-2.1,-0.1,2.1,11.5,2.8,0.8,1.5,8.3,-3.3,-1.0,-4.8,-0.6,2.4,-4.2,-3.1,-4.2,-4.9,-1.8,-3.8,-5.2,-1.8,0.5,-3.2,-7.2,1.6,-15.6,2.1,7.5,8.1,3.0,1.2,-1.3,-0.7
2C7L51ALkL,0,48.103856,11.621794,4441833.61,2778025.66,537.2,582.9,263,7245,4.1,0.66,0.47,32.6,348.92,-0.529,-0.103,0.842,-0.9,0.2,-0.92,0.32,1.1,0.3,-0.3,-1.5,0.2,-1.7,-1.2,-0.6,-0.5,1.7,0.7,0.0,4.1,-0.1,1.9,0.8,1.5,-0.1,0.3,-1.2,0.3,-0.1,3.4,-2.3,1.3,-0.7,-2.0,-2.6,1.2,0.5,-0.1,-1.7,-6.9,6.7,-7.7,-8.3,-2.3,-10.1,-6.4,-0.8,-1.9,-2.4,-3.9,-1.7,-1.3,-4.5,-8.1,-1.7,-0.4,-1.1,-2.6,-3.4,-3.4,-3.5,-1.5,-1.7,-0.9,-3.4,-4.9,-4.0,-2.9,-4.9,-3.7,-2.8,-4.6,-6.1,-2.7,-4.6,-5.1,-4.9,-3.8,-2.1,-0.3,-1.4,-6.7,-4.7,-6.6,-2.7,-3.7,-0.7,-1.9,-2.5,-2.3,-3.8,-1.9,-3.6,-5.1,-0.1,-2.3,1.4,5.1,-0.4,-5.8,-1.3,-3.6,-2.8,-2.9,-4.9,-1.1,-0.9,-4.6,2.2,-2.5,2.0,-1.4,-2.5,-0.4,-4.6,-4.5,-1.7,-3.4,-2.6,-5.4,-2.8,0.9,-3.0,-2.6,1.3,-1.3,0.0,-2.0,-1.3,-0.1,-3.6,-0.4,-3.0,-0.5,-1.0,-2.2,-3.3,-1.2,-0.6,-2.0,-4.1,1.6,-9.8,-4.7,-10.8,-4.0,-4.1,-1.5,0.6,4.2,3.7,1.7,-3.1,-0.8,1.8,-1.2,-3.3,-2.2,-2.4,-4.3,-8.2,-12.5,-3.3,0.9,-0.6,2.5,-3.4,-3.7,0.1,-3.2,-2.2,-7.7,0.9,7.7,0.9,-2.7,-3.9,-7.7,1.5,0.2,-2.8,-16.6,-15.7,0.7,-5.7,-17.5,-1.6,0.4,9.4,0.4,-1.1,0.4,-0.4,0.3,1.6,-2.8,-5.9,-0.8,4.4,-8.4,-3.8,-2.0,-10.3,-12.4,-9.4,-11.7,-11.0,-12.4,-12.4,-13.2,-11.8,-14.0,-18.0,-18.2,8.2,-13.4,-18.1,8.1
2C7L51ALkS,0,48.10391,11.622216,4441864.92,2778032.38,536.4,582.2,263,7252,3.2,0.77,0.45,32.6,348.92,-0.529,-0.103,0.842,-1.8,0.2,-0.76,0.25,0.8,0.2,-0.3,0.0,9.7,-7.9,4.3,2.8,-6.8,-1.3,-4.3,7.8,0.5,2.4,-3.1,0.3,2.7,2.3,4.2,4.2,2.1,4.0,-1.1,5.9,2.1,3.8,5.4,6.3,2.8,5.1,15.0,-1.2,-3.6,12.2,7.0,7.7,-2.9,-7.1,-2.3,-5.0,2.0,0.6,3.3,1.2,1.0,1.9,2.1,1.5,1.8,-1.2,-2.6,2.6,1.2,1.6,3.0,0.3,6.6,-0.6,1.2,-1.0,2.6,5.8,0.5,2.5,3.7,2.5,3.0,3.2,1.0,-0.8,5.9,0.5,0.6,0.1,1.8,1.7,1.2,3.1,2.8,2.6,8.0,2.5,6.1,0.5,0.8,-0.0,1.9,2.5,-0.3,1.0,-4.6,0.4,-3.1,0.2,3.0,-0.3,2.7,2.0,6.6,-1.3,0.8,3.4,3.1,2.1,3.7,1.6,2.6,1.7,0.6,4.0,2.8,2.0,3.8,2.3,2.8,-1.1,3.9,3.1,-0.1,-2.4,1.3,1.3,1.1,0.6,1.2,-0.1,-0.6,4.2,3.2,-0.5,2.4,1.3,3.8,2.7,1.9,3.3,2.5,-6.7,0.2,-3.3,-3.4,1.5,-0.2,-3.6,-3.5,-2.8,-3.2,-2.1,-1.6,0.8,-2.8,-2.7,-6.4,1.0,-2.2,-2.4,-1.8,0.0,-2.7,-3.1,-2.2,0.7,-3.6,-2.6,-4.0,1.4,-4.6,-2.4,-1.0,-3.6,-5.7,-0.3,-2.4,-4.1,-6.4,-4.3,-5.5,-15.5,-3.9,-8.2,1.5,-8.7,-15.4,-15.3,-5.0,-2.1,-3.6,0.9,-2.5,-2.4,-4.1,-5.3,-6.1,-5.9,-4.2,-6.2,-9.1,-6.0,-6.6,-4.9,-6.7,-8.5,-5.9,-6.3,-4.9,-4.9,-4.5,-4.4,-3.0,-2.6,-1.9
2C7L51ALlE,0,48.104264,11.624972,4442069.35,2778076.22,539.0,584.7,263,7300,4.5,0.59,0.49,32.64,348.97,-0.529,-0.103,0.842,-0.1,0.2,-1.37,0.34,1.0,0.3,-0.3,3.0,8.1,-6.2,3.5,-10.0,-6.9,0.2,15.1,-6.2,11.7,-3.2,-5.1,-3.8,-5.8,13.4,13.4,3.2,2.9,-3.4,9.4,2.1,3.1,8.6,2.4,9.3,8.9,-0.5,3.1,6.5,-3.8,-0.2,0.9,-0.3,4.9,1.1,1.1,2.6,3.6,7.8,2.7,6.0,5.3,5.7,5.5,-0.3,-8.8,3.6,6.1,-8.7,11.1,9.0,-8.2,-1.1,-2.8,3.4,6.8,-1.9,5.2,-4.4,-10.5,-4.0,-5.1,-3.3,-10.9,3.3,4.8,3.3,8.0,5.5,7.1,7.9,9.2,1.5,7.2,7.4,2.7,5.3,8.2,4.4,2.4,4.4,4.4,5.7,0.6,5.5,2.3,5.3,2.5,8.1,3.0,4.9,6.9,6.3,12.8,5.0,7.3,4.9,6.2,5.6,7.9,5.6,2.0,3.4,6.6,3.1,7.3,4.5,4.4,2.9,2.2,4.1,5.1,6.8,6.9,6.9,7.9,9.6,10.7,15.6,-9.9,-2.5,9.1,7.1,0.7,0.7,-0.6,5.8,2.0,4.3,0.7,1.1,2.6,7.1,0.5,0.0,6.3,1.5,0.4,4.9,3.4,7.2,7.9,2.6,13.0,4.9,2.5,4.8,5.2,3.3,11.9,-1.0,5.7,2.4,0.2,2.5,4.5,3.4,5.5,3.7,1.6,5.1,-0.5,3.8,3.9,7.2,5.3,3.8,-5.3,6.7,4.6,2.4,-0.0,0.6,3.5,0.8,-0.6,-3.3,0.3,-0.2,2.2,4.0,1.1,4.6,6.5,8.0,6.8,12.4,4.4,0.8,1.8,1.4,1.7,0.9,0.6,0.0,0.3,0.8,-0.0,-0.7,-1.2,-0.1,-1.7,-2.0,-1.4,1.4,-0.2,-2.0,-0.5
2C7L51ALm6,0,48.10466,11.628056,4442298.17,2778125.31,539.1,584.8,263,7354,1.2,0.96,0.18,32.65,348.97,-0.53,-0.103,0.842,-0.6,0.1,-0.53,0.09,0.3,0.1,-0.3,-0.1,-0.3,-0.2,0.9,0.2,0.0,0.8,1.3,0.7,-0.2,2.2,0.8,1.5,0.2,2.6,0.6,0.8,-0.7,-0.2,-1.5,-0.9,1.2,1.0,2.0,2.2,1.7,3.1,1.8,-0.6,-0.3,-2.5,-2.7,-2.8,-1.0,2.8,0.1,1.6,3.5,2.6,2.1,1.9,1.7,1.8,1.7,3.0,2.3,0.2,1.5,1.3,0.7,1.1,2.1,1.8,-0.1,1.3,2.0,-0.2,0.9,0.7,-0.8,-0.1,0.9,-0.3,0.8,-1.4,-0.1,0.5,1.6,-0.0,0.3,0.6,1.0,1.2,1.4,1.9,1.5,3.3,1.2,0.3,1.4,2.0,0.6,1.2,1.7,1.2,1.6,2.4,-0.1,1.8,0.7,0.9,0.5,0.7,1.6,0.7,1.4,2.0,2.1,1.6,1.8,1.3,1.9,1.9,2.3,1.7,1.4,1.7,1.1,0.9,1.1,-0.5,0.6,1.4,1.1,0.9,1.0,-0.5,0.3,0.6,0.2,1.7,1.0,0.8,0.6,0.3,1.9,2.0,1.6,1.9,-0.5,-0.1,0.5,2.5,1.7,1.2,-0.0,1.7,-2.2,3.0,3.6,-1.6,0.4,0.7,-0.2,0.1,-0.8,1.3,-0.2,-0.1,0.7,-0.7,0.1,0.2,-0.7,-0.1,-0.2,0.3,1.6,1.1,-0.7,0.2,0.8,-0.0,-1.4,-1.5,0.8,1.0,0.8,1.2,1.4,-0.2,-2.2,-3.5,-2.2,-1.4,-1.1,-0.9,-0.0,-6.8,-1.5,-1.4,-1.9,-1.1,-2.2,-1.9,-0.1,-1.9,0.4,-0.4,-3.0,-1.5,-2.2,-0.2,-2.0,-1.1,-0.1,-2.9,-2.5,-3.4,-0.8,-0.9,-0.4,-3.3,-1.2,0.4,-2.0,-1.9,-1.9
2C7L51ALmM,0,48.104741,11.628687,4442345.0,2778135.38,524.9,570.6,263,7370,3.7,0.76,0.42,32.66,348.97,-0.53,-0.103,0.842,-0.1,0.2,1.17,0.28,0.5,0.2,-0.3,0.7,1.8,-0.2,-0.8,-1.5,1.2,0.3,0.8,-0.7,-2.4,-0.3,0.1,-0.8,-0.2,-0.3,-0.7,-0.3,0.4,-3.8,-7.0,-5.4,-1.0,-0.6,-1.6,0.7,-1.5,-2.7,-2.7,4.1,-5.7,-6.1,-5.7,-4.2,-5.4,0.1,-3.5,1.3,-4.5,-0.5,0.3,-0.6,-4.0,0.6,-1.4,0.2,-4.0,-7.4,-0.9,0.9,-0.6,-3.2,-6.6,1.0,-0.4,0.7,0.3,-2.3,0.1,-3.6,-6.9,-2.2,-0.3,-9.0,-4.1,-8.4,-8.8,-5.8,-6.7,-3.1,-4.6,-2.4,-2.8,-1.4,-3.6,1.5,-5.1,-2.8,-4.2,-4.4,-0.9,-3.7,-5.6,-5.2,-7.6,-3.5,-7.2,-4.3,-1.8,-3.4,-1.1,-1.1,-6.4,-5.6,-2.3,-2.9,-5.0,-3.0,-2.9,-2.5,-1.1,-5.4,-5.5,-1.4,-4.6,-7.6,-4.4,-3.4,-5.6,-2.8,-4.5,-6.1,-3.4,-6.0,-6.5,-5.8,-6.9,-7.3,-5.8,-0.9,-8.4,-6.6,-2.9,-2.5,-1.6,-2.1,-2.7,-3.2,-2.9,-4.6,-5.2,13.7,-5.8,-0.8,-2.4,-6.8,-3.0,-4.5,-3.5,3.5,0.2,-2.6,-5.3,-1.2,0.4,-1.7,-2.9,-7.1,-1.2,-8.0,-0.6,-3.4,-4.1,0.6,-3.8,-3.6,-7.4,-1.3,-6.0,-5.2,-3.0,-5.9,-1.9,-5.9,-7.5,-12.3,-7.5,-4.8,-4.9,-2.8,-2.1,-4.3,-3.0,-10.5,-1.9,-4.6,-9.0,-8.1,13.4,13.0,-3.8,-1.2,-4.6,-4.4,-6.3,-3.7,-6.5,-5.2,-7.8,-3.6,-7.4,-7.4,-6.1,7.1,-6.5,1.4,10.0,-8.9,-8.7,1.2,1.1,-0.5,-2.1,-2.8,4.9,1.8,14.0,-5.9,-5.2
2C7L51ALmT,0,48.104813,11.629243,4442386.26,2778144.21,532.2,577.9,263,7377,3.5,0.73,0.45,32.66,348.97,-0.53,-0.103,0.842,-1.0,0.2,-0.58,0.27,1.4,0.2,-0.3,1.8,0.1,0.5,-1.6,-2.0,0.1,2.4,-1.2,0.1,1.7,0.2,2.4,-1.9,-1.3,1.9,-0.5,3.1,1.0,1.6,-4.0,1.8,4.5,4.0,3.9,5.7,4.3,5.1,2.1,0.3,-1.8,-3.0,-0.7,-3.5,-1.7,4.2,4.4,4.5,-1.2,3.5,11.3,2.9,2.4,-6.9,-3.0,12.6,-3.0,4.4,9.2,-1.0,-6.9,-1.8,-4.5,1.2,0.2,-1.5,-3.2,0.3,-0.7,-1.3,-0.5,-2.0,-3.2,-8.0,-1.6,-3.3,2.1,-7.7,-4.6,-3.7,-1.0,-2.1,-1.7,-1.6,0.2,-0.8,3.1,5.3,0.3,-1.0,-0.3,-0.4,2.1,2.8,-14.2,9.0,0.4,-0.4,5.4,3.6,1.2,3.8,-3.2,3.1,2.2,5.8,5.9,8.6,5.0,0.7,2.9,4.1,3.9,3.7,5.5,0.8,2.4,-0.3,0.9,-1.2,-1.0,-1.8,-0.7,1.8,0.6,-2.1,0.1,1.5,-0.3,-0.7,-2.5,1.0,1.0,1.0,-2.9,-3.8,-0.5,4.6,-3.3,-8.8,-0.1,-12.8,6.2,0.8,-0.6,-3.7,4.0,-0.4,-5.6,-0.6,1.3,-1.0,-1.3,3.0,-1.1,2.0,-1.3,-0.6,0.3,-0.7,0.2,-3.2,0.6,-0.4,-1.8,-0.5,7.0,1.5,1.0,2.5,0.7,5.4,-1.6,1.5,-0.2,-2.0,5.3,-0.2,-1.4,1.2,1.5,-3.2,-15.8,-5.2,0.1,1.6,-2.0,-2.1,-4.4,-2.9,-5.7,-4.3,-3.7,-7.0,-3.0,-0.1,-5.0,-4.0,-3.6,-5.9,-8.7,0.9,-1.7,1.1,1.0,0.5,-7.4,-7.5,-7.0,-6.0,-2.4,-6.2,-4.3,-4.5,-4.4,-0.0,-2.9,-4.9,-5.0
2C7L51ALob,0,48.105776,11.636745,4442942.78,2778263.58,533.2,578.9,263,7509,4.6,0.68,0.48,32.69,348.97,-0.53,-0.103,0.842,0.2,0.2,-1.32,0.36,1.0,0.3,-0.3,8.3,-3.5,-3.0,-4.9,-15.1,-12.6,8.1,5.0,5.6,6.4,7.7,5.6,3.1,5.0,1.5,2.9,-0.1,3.4,0.4,2.3,1.9,1.1,1.0,3.2,3.2,0.4,10.1,11.5,3.4,1.4,-7.3,5.5,0.3,2.0,4.3,-16.4,-0.7,9.4,8.0,8.0,3.7,-14.1,-3.4,5.5,-9.0,10.9,7.5,8.2,0.7,-1.7,4.8,8.3,8.7,9.7,2.7,9.8,7.8,8.0,4.9,4.5,7.4,7.1,10.0,2.7,7.7,9.6,8.0,1.4,6.2,6.4,10.2,7.0,5.9,6.9,5.3,7.2,5.6,4.1,3.3,3.1,5.7,4.7,4.9,11.3,3.8,0.0,10.0,8.5,7.3,2.9,3.2,0.6,4.3,5.3,4.3,4.0,5.7,2.2,7.7,-2.3,7.3,7.8,10.9,12.4,6.5,1.5,8.6,7.9,3.9,6.8,4.4,7.1,3.6,6.4,6.0,7.1,8.4,5.6,11.0,9.6,7.4,-6.7,1.0,4.6,11.0,7.6,9.2,11.0,8.9,7.7,6.1,4.3,5.8,5.3,5.5,4.9,5.8,4.8,-0.0,7.3,6.6,2.9,3.3,3.7,2.6,4.6,9.9,4.1,6.0,6.8,-1.0,5.5,10.5,2.7,2.6,5.4,5.1,10.4,4.3,4.4,3.3,-0.6,2.8,2.2,0.8,6.6,5.1,3.6,5.6,12.2,8.4,4.2,1.9,10.8,5.5,5.6,3.4,-0.4,-12.4,2.1,6.8,5.0,4.9,4.4,3.9,9.7,4.6,4.0,-5.0,-13.4,-11.5,-4.6,4.1,7.3,8.1,7.3,2.3,5.2,5.9,6.2,3.7,5.9,9.3,6.4,10.0,4.1,6.5,7.0
2C7L51ALkQ,0,48.103924,11.622182,4441862.38,2778033.89,540.6,586.3,263,7250,1.8,0.92,0.29,32.6,348.92,-0.529,-0.103,0.842,-0.9,0.1,-0.11,0.14,0.4,0.1,-0.3,-0.3,-0.4,-1.9,0.0,0.3,-0.0,-1.4,-0.6,0.1,-1.9,-1.0,0.2,0.1,-0.3,-2.5,-1.7,-2.0,0.2,-0.5,-0.7,-2.5,-1.3,0.2,-0.7,-0.7,1.7,-1.0,-0.1,-2.3,-3.1,6.8,-5.2,-5.8,-4.9,-7.2,-1.1,-2.4,-2.6,-0.8,0.6,-2.3,-0.2,0.9,-1.0,-1.9,-1.4,-1.4,-2.4,0.2,1.3,-0.5,-1.2,-0.6,-2.2,-2.1,-0.7,0.6,1.3,-2.1,-0.3,-2.0,-2.4,-11.3,-0.4,-5.3,-2.2,-3.7,-3.0,-0.5,-1.1,-0.2,-2.7,-0.9,-2.7,-2.2,2.6,-0.6,-1.5,-2.4,-2.1,-2.5,-2.4,-3.2,-3.9,-3.8,-5.1,-2.1,-7.4,-3.6,-4.9,-3.6,-4.6,-2.6,-1.0,-3.2,1.0,-3.3,-4.7,-3.9,-2.9,-4.6,-2.1,-3.4,-2.1,-3.4,-4.1,-3.1,-3.5,-2.7,-3.4,-3.0,-3.6,-3.0,-2.9,-1.6,-1.8,-2.4,-3.0,-0.8,-1.1,-3.0,-2.5,-1.4,-3.3,-1.8,-2.3,-3.2,-2.5,-4.3,-2.0,-3.3,-3.1,-2.6,-3.2,-4.8,-4.6,-2.0,-6.0,-2.4,-2.7,-1.8,-3.6,-2.8,-2.8,-3.9,-1.4,-5.0,-0.9,-0.9,-3.4,0.9,-3.4,-1.7,-3.4,-4.5,-6.4,-1.8,-3.6,2.4,-3.4,-3.4,-5.6,-4.2,-5.5,-3.8,-1.8,-4.6,-6.8,-1.1,-4.6,-5.4,-4.2,-4.5,-5.0,-3.5,-6.8,-4.4,-3.5,-8.6,-4.3,-4.1,-3.6,-4.1,-4.7,-5.2,-5.5,-6.8,-3.8,-3.6,-4.2,-4.8,-7.8,-5.0,-7.4,-7.4,-7.0,-5.4,-4.3,-6.8,-6.6,-7.0,-6.3,-6.5,-4.1,-4.1,-4.5,-6.4,-7.2
2C7L51ALkR,0,48.103927,11.622205,4441864.09,2778034.26,538.9,584.7,263,7251,3.5,0.78,0.45,32.6,348.92,-0.529,-0.103,0.842,-1.9,0.2,-0.06,0.27,0.5,0.2,-0.3,3.9,1.4,-3.8,2.0,5.6,0.4,-0.5,3.4,1.0,-3.7,0.9,0.0,-1.4,2.3,-1.1,0.2,-1.5,-0.7,3.1,-0.1,0.2,-0.1,1.2,0.4,2.0,2.1,0.1,0.8,1.1,-1.8,6.6,-2.8,-1.0,-7.1,-5.2,-2.6,4.0,1.1,3.3,2.0,-0.7,2.5,4.4,-0.6,1.1,-1.4,-1.9,1.0,2.9,0.2,0.5,-1.6,2.9,-0.8,-2.5,-0.9,0.5,0.8,0.9,0.3,-2.1,-0.1,-2.9,-1.0,-5.2,-3.0,-4.5,-3.8,-3.0,-2.1,-5.3,-1.9,-0.1,-2.3,0.8,-0.5,3.6,1.4,-1.5,2.2,0.5,-1.0,-2.8,-1.9,1.5,-2.9,0.6,-5.9,-3.4,-3.4,-3.1,-1.4,0.3,2.2,-0.9,2.9,-2.9,-5.5,-1.6,0.7,-0.1,1.0,-0.3,-0.9,-1.9,-0.2,-0.1,-0.6,-0.6,-0.2,-2.9,-2.7,-1.8,-2.4,-2.3,-3.4,-0.3,-1.4,0.4,-2.2,-1.1,-0.6,-2.6,-2.2,-0.7,-1.7,-4.0,-2.3,-1.8,1.1,5.3,-0.7,-2.8,2.5,3.4,-3.4,-11.4,-7.9,-4.4,-2.9,-5.8,-5.7,-4.6,-5.5,-5.1,-3.2,-4.2,-11.5,-2.5,-15.3,-8.8,-3.5,2.6,-6.9,-14.5,-12.6,-3.0,-5.1,-8.7,3.8,-3.3,-5.4,-0.7,-4.0,-6.5,-7.5,-4.6,-8.3,-1.9,-6.1,-5.6,-19.3,-8.8,-3.1,0.2,-3.2,0.3,1.1,-5.8,-22.5,-22.3,-1.3,-2.6,-3.4,-2.8,-5.7,-8.7,-5.4,-11.0,-4.3,-4.0,-6.9,-4.0,-5.7,-4.7,-9.5,-5.0,-5.9,-9.5,-14.0,-11.4,-8.3,-8.1,-4.3,-7.5,-4.3,-6.8,-6.4
2C7L51ALkU,0,48.103951,11.622393,4441877.98,2778037.24,541.0,586.7,263,7254,2.8,0.82,0.4,32.6,348.92,-0.529,-0.103,0.842,-0.4,0.1,-0.77,0.22,0.5,0.2,-0.3,-0.5,-0.6,0.6,2.8,0.6,-1.6,1.6,-0.0,3.2,3.2,1.2,-1.0,-2.6,1.6,1.7,2.5,-2.3,-10.2,10.8,-5.3,-5.4,-4.5,-1.1,-5.8,4.6,1.3,2.1,-2.3,0.2,-1.0,9.8,1.0,-0.2,1.5,-1.9,1.0,0.4,1.0,2.0,4.5,1.4,-3.3,2.5,-0.0,1.4,1.8,-1.9,0.3,0.4,-0.9,2.1,-2.7,1.2,0.0,-2.7,0.4,0.2,-0.2,1.6,3.6,2.8,-0.8,-0.1,2.5,-3.9,-3.9,-2.5,-3.9,-3.2,-2.2,-0.8,-4.1,-0.0,1.3,-1.3,3.4,4.1,1.7,2.5,0.2,0.8,2.9,4.0,-4.7,2.1,-11.8,4.4,0.3,-1.1,-2.0,4.2,0.6,1.4,5.6,0.7,5.8,-0.0,2.2,2.2,6.7,2.8,1.9,3.6,3.2,4.0,7.5,1.2,1.1,2.2,2.8,-2.2,1.2,-0.8,0.2,3.2,-1.1,-3.1,2.1,2.6,3.5,-1.9,1.4,-1.0,1.5,6.7,3.5,0.9,7.3,-3.3,0.2,0.1,-0.2,0.7,1.8,-0.9,2.8,-0.5,0.6,3.1,1.8,-0.3,-1.2,-0.1,1.1,3.5,2.8,-1.2,3.7,1.0,1.4,2.4,0.0,2.7,0.7,2.7,-0.5,-2.8,1.1,-0.5,1.0,-0.8,-1.6,2.2,-1.0,-0.3,-0.5,-0.4,-5.0,3.2,-0.7,0.9,-2.2,-1.4,-3.0,-3.3,-2.0,-1.4,-0.3,8.8,-0.8,1.1,1.9,-0.2,-5.4,-0.5,-2.5,-3.6,-0.2,-3.8,-2.5,-3.3,-3.8,-3.5,-3.1,-5.9,-1.4,-1.0,-1.6,-1.0,-1.4,-1.0,-3.9,-1.5,0.1,0.5,-1.8,0.5,-1.8
2C7L51ALkZ,0,48.103984,11.622651,4441897.16,2778041.36,538.5,584.2,263,7259,2.8,0.82,0.43,32.6,348.92,-0.529,-0.104,0.842,-0.8,0.1,-0.87,0.21,1.0,0.2,-0.3,-0.0,2.6,-2.0,2.7,2.6,0.5,0.2,0.0,-0.1,2.9,0.9,3.7,0.7,0.9,-4.1,0.3,-3.2,-6.0,-1.2,-3.7,-4.2,-3.4,-1.1,-1.7,-0.9,-1.5,4.0,2.2,-2.1,-2.8,11.3,-8.8,-3.4,-4.8,-5.7,-5.6,3.1,2.2,1.9,2.2,7.2,6.3,-2.9,1.3,-1.3,-9.4,1.4,4.2,-1.6,2.0,-2.2,0.2,1.8,2.3,-2.2,2.3,-1.1,3.2,-1.6,1.6,1.0,1.6,1.2,0.7,1.2,5.7,2.6,-1.1,0.8,1.7,0.7,1.3,3.1,1.2,0.8,-0.1,0.8,1.4,0.1,-0.2,2.0,-1.7,-1.0,0.1,0.0,-2.4,2.4,-5.3,-1.2,-1.6,-0.3,0.6,0.2,0.6,0.0,0.9,-0.6,-4.3,-4.2,4.2,2.5,-1.6,3.0,2.1,2.9,2.6,-1.4,-3.9,7.3,1.8,-0.7,0.8,0.0,-0.5,3.8,2.4,-0.2,-0.9,0.5,3.3,2.4,2.2,1.5,1.0,-0.1,1.0,1.1,2.0,-1.2,-1.5,-0.3,-0.5,-0.3,-6.0,-6.8,-3.2,-0.3,-2.9,2.7,2.1,0.1,-2.0,-3.7,-1.8,-3.1,-2.4,3.4,-0.3,-0.2,1.5,0.0,-1.5,-2.3,-1.5,-0.6,0.5,1.2,1.2,2.2,-4.1,-2.9,0.4,12.8,-5.1,-3.9,-2.7,-3.4,-8.2,-2.7,-2.3,-5.6,-6.0,-5.4,-2.4,-0.8,-1.2,-3.4,-1.0,-3.0,-1.1,-1.6,-0.7,-2.5,-2.3,-3.2,-4.7,-2.2,-4.8,-4.4,-4.2,-4.2,-4.8,-3.8,-4.7,-4.2,-2.5,-4.6,-5.6,-3.6,-4.9,-8.2,-3.6,-2.3,-3.5,-0.7,-4.9,-2.7,-4.5
2C7L51ALlQ,0,48.10436,11.625572,4442113.88,2778087.85,534.3,580.0,263,7312,3.9,0.67,0.49,32.64,348.97,-0.529,-0.103,0.842,-1.5,0.2,-0.58,0.3,1.8,0.3,-0.3,4.5,3.6,3.0,-0.2,-3.9,1.2,-4.7,0.3,0.7,2.7,0.4,-1.5,7.7,3.3,-4.1,7.5,5.1,3.8,-4.3,-13.5,-5.2,-8.4,-1.2,-7.6,6.6,1.5,4.0,0.5,-3.3,-7.2,-6.3,-9.6,-8.1,-8.2,-8.7,-3.9,-9.3,-10.8,-2.9,4.6,-3.4,-0.5,-10.3,-3.9,-7.7,-4.5,-6.3,-5.1,-1.7,-1.4,-2.3,-1.3,-0.4,-0.4,-4.0,0.2,-2.0,-0.5,-1.5,-0.6,-1.9,-5.0,3.1,-0.7,-4.7,-3.6,-2.0,-0.7,-1.0,-2.1,0.9,-3.6,-2.4,-1.3,-1.2,-3.3,-3.4,-4.7,-3.6,-5.6,-1.8,-3.1,-0.0,-6.6,-0.6,0.0,-1.7,-5.1,-1.9,-7.5,-5.2,-1.6,-3.6,-1.6,1.2,-3.6,0.8,-3.0,1.0,-7.0,-1.9,-5.1,1.9,-8.0,-7.9,-4.6,3.2,-0.7,-2.2,0.7,-0.8,-8.7,-4.6,-5.9,-1.5,1.1,-5.0,-4.7,-5.4,-1.0,-3.5,-3.2,-2.4,-1.9,3.1,1.7,-3.0,-1.7,1.6,-6.0,-2.5,-1.0,-3.7,-4.8,-5.6,-5.7,-2.1,-9.8,-4.8,-0.3,-7.1,-4.1,-5.0,-2.3,-4.2,-4.9,-8.3,-2.9,-3.5,3.4,-13.4,-6.2,-4.1,-4.8,-4.6,-4.6,-5.1,-5.3,-3.7,-6.5,-5.5,-4.1,-4.0,-6.0,-9.7,-4.0,-21.7,-6.5,-10.2,-8.1,-7.7,-7.4,-2.8,0.2,-2.1,4.5,-6.7,-5.9,-4.4,-6.2,-6.4,-9.2,-11.4,-9.8,-0.9,-5.4,-3.3,-3.7,-1.4,-20.3,-19.3,-0.7,-14.9,-16.8,-14.7,-7.8,-11.4,-9.2,-7.7,-12.6,-7.1,-14.3,-9.9,-6.5,-10.4,-11.5,3.5,-3.9
2C7L51ALmP,0,48.104754,11.628643,4442341.68,2778136.75,516.2,561.9,263,7373,2.9,0.79,0.51,32.66,348.97,-0.53,-0.103,0.842,-0.6,0.1,-1.03,0.22,0.7,0.2,-0.3,0.8,-1.1,0.3,1.8,0.7,-0.9,2.6,0.1,2.7,0.8,2.7,0.8,-0.9,1.3,-0.1,2.0,1.4,-0.9,0.6,-2.1,0.1,7.5,-0.8,-1.9,1.1,2.7,3.3,-0.2,1.3,-0.5,-3.1,-5.8,-4.5,-2.0,4.0,-0.1,2.4,-3.9,0.2,0.4,2.7,1.8,-3.2,2.1,0.5,0.1,0.7,-2.8,1.5,-3.2,2.8,2.1,3.5,0.2,0.7,3.6,1.3,1.7,2.7,1.8,1.2,2.2,2.2,3.8,-5.8,1.5,2.6,-1.1,0.8,0.3,0.1,2.3,0.9,-0.5,3.0,2.4,-0.3,-0.3,0.1,0.3,1.8,0.0,3.6,2.6,8.1,2.4,11.3,8.1,5.2,5.6,1.9,-1.8,2.6,9.6,4.9,3.9,-3.5,7.6,2.3,5.3,4.2,0.3,0.8,0.4,11.4,1.9,3.5,2.9,5.2,-2.2,4.5,4.6,0.1,8.7,3.9,1.5,3.5,1.0,5.8,0.3,1.7,1.2,3.2,2.7,1.2,2.3,0.6,1.2,-0.5,-1.5,-2.2,1.0,0.7,-3.8,2.5,-3.5,-3.2,-8.5,4.6,5.5,6.8,-0.3,1.0,-1.0,3.1,2.0,1.9,5.3,1.0,-0.5,-0.0,-0.3,1.4,2.4,4.2,0.6,2.6,0.2,-0.5,-1.4,-4.4,-4.2,-3.3,-3.6,1.6,-1.9,2.1,-0.8,1.9,3.5,-1.9,-5.1,-2.3,2.0,0.9,0.7,-1.4,2.3,-1.2,1.4,1.6,-1.2,-3.7,-3.3,-0.1,-1.1,0.8,-0.3,-0.4,-0.1,-5.2,-6.9,-5.0,-6.6,-8.4,-5.7,0.6,4.9,-2.2,-0.2,5.5,-1.0,-1.8,1.7,0.7,-2.9,-4.5,-4.9
2C7L51ALnD,0,48.105178,11.631948,4442586.89,2778189.3,537.6,583.2,263,7423,3.4,0.68,0.47,32.67,348.97,-0.53,-0.103,0.842,-0.3,0.2,0.69,0.26,2.3,0.2,-0.3,-0.4,-0.7,-7.2,-4.6,-3.3,-0.3,-3.0,-8.8,-2.4,2.3,5.5,-0.0,-2.0,-5.4,-3.5,-0.0,-7.9,-6.1,-4.2,-3.0,-4.3,-3.4,-5.8,-5.4,-3.3,3.4,3.2,-2.0,-2.4,-3.4,-2.0,-7.0,-5.9,-11.3,-4.4,-5.6,-3.6,-4.7,0.0,0.6,-5.0,0.6,-1.2,-4.9,-1.8,-3.3,0.4,1.3,-5.0,3.4,0.1,3.0,2.6,0.3,-1.3,1.6,1.8,1.3,-0.1,0.6,-2.3,-1.0,-2.7,0.4,-13.3,-0.1,-1.9,-2.5,-1.6,-0.1,0.3,-8.0,-1.4,-4.9,-1.5,-2.2,-9.4,-13.0,-12.6,5.3,-11.1,-4.4,-6.7,-6.7,-5.0,-3.2,-4.0,-5.5,-7.1,-8.3,-6.2,-9.0,-5.9,-7.8,-7.0,-9.3,-1.7,-4.2,-1.2,-3.6,-4.6,-6.1,-5.7,-6.6,-2.7,-5.2,-3.9,-3.9,0.8,1.3,-2.2,-1.8,-2.1,-1.5,-3.3,1.2,2.0,-4.4,1.7,2.0,1.9,-2.5,0.1,-4.0,-1.8,-3.5,1.9,-9.5,-5.3,-9.9,-13.5,-7.2,-10.6,-9.8,-5.3,-7.7,-9.5,-14.9,-5.0,-4.9,-5.7,1.8,-7.3,-5.8,-1.3,-4.3,-3.5,-1.0,-0.5,-2.9,-1.4,-2.2,-5.2,-5.7,-5.4,-4.1,-3.1,-2.3,-11.8,0.4,-9.2,-6.6,-2.6,-7.8,-14.1,0.7,-1.2,-11.6,2.3,-7.3,-3.3,-9.8,-2.0,2.2,-2.0,-1.0,-4.4,-4.2,-10.2,-0.9,-5.3,-1.3,1.6,0.5,-2.9,-2.1,-4.2,-5.2,-4.8,-6.3,-6.9,-4.9,-8.4,-9.2,1.5,-5.3,-5.5,-0.2,4.3,-3.1,0.5,-2.6,-3.1,-2.8,-1.6,-2.7,-5.1,-0.4
2C7L51ALoT,0,48.105743,11.636348,4442913.25,2778259.31,535.6,581.3,263,7501,3.3,0.78,0.42,32.69,348.97,-0.53,-0.103,0.842,-0.3,0.2,0.16,0.25,0.2,0.2,-0.3,0.3,-0.6,0.3,-1.4,-1.7,2.0,0.6,0.8,-0.4,1.2,0.5,0.7,-0.3,-2.4,-1.6,0.3,0.9,-3.4,-1.4,-0.1,-0.3,-3.0,-5.6,2.2,0.8,-0.7,2.2,2.8,1.2,-0.6,7.0,-4.4,-1.3,-1.8,-0.2,1.1,-0.5,-1.9,0.3,0.5,0.2,1.9,3.8,-6.4,-1.4,1.3,-0.6,0.9,-2.8,3.0,-0.8,3.4,-1.1,-1.4,-1.2,-0.5,-1.5,-2.6,-1.6,0.8,-3.4,-1.2,-3.7,2.0,-3.3,4.6,-0.5,1.8,2.2,-0.7,0.4,-2.2,-1.1,-2.3,-1.1,-2.8,-3.4,-1.9,-0.9,-1.4,-2.9,-1.2,0.4,1.3,-4.6,-1.9,2.3,1.0,-0.3,0.2,-4.5,-1.2,-2.9,-3.4,0.5,1.7,-0.1,2.0,1.1,-0.6,0.3,3.2,-2.0,1.0,-1.0,0.6,-1.4,-0.6,-1.5,-1.6,-1.2,-2.6,-4.1,-3.6,-3.8,4.9,-4.3,-2.7,8.1,-4.9,3.7,3.6,-2.9,-0.9,-2.6,2.7,-4.3,2.7,-0.9,-2.3,0.6,-1.3,3.1,-1.1,-1.4,-2.4,-2.7,-2.8,-1.2,4.3,-2.0,-3.5,-13.3,-4.1,-0.3,-8.9,-9.8,-0.6,1.7,-2.5,1.1,-2.0,-1.4,-6.5,-1.8,9.9,-7.0,-1.1,0.5,-0.5,-4.2,-8.2,-6.0,-4.7,-1.7,4.0,4.3,0.6,-3.2,-1.3,7.2,-3.8,-3.0,-1.5,-1.8,2.9,-0.1,0.7,8.7,-1.5,-4.3,-3.3,4.0,-0.6,-5.9,-1.8,-1.1,-5.7,-1.5,4.7,-6.8,2.3,-2.5,-0.4,1.2,-5.2,2.1,6.9,3.3,-14.4,1.7,-0.2,-5.1,2.1,-3.6,-5.0,-1.6,-6.2
2C7L51ALoX,0,48.105771,11.636565,4442929.36,2778262.77,533.9,579.6,263,7505,2.5,0.85,0.34,32.69,348.97,-0.53,-0.103,0.842,-0.9,0.1,0.49,0.2,0.5,0.2,-0.3,-5.4,-1.3,-2.4,-2.5,-3.3,3.0,-0.1,-2.7,-2.4,1.4,-1.5,-1.3,1.8,-3.5,7.9,-1.7,0.4,-1.6,-1.4,-3.3,-3.3,-4.6,4.2,-0.1,10.0,1.3,-4.4,2.6,-3.8,-8.0,0.8,-8.9,-7.8,-9.9,-4.4,-4.4,-5.8,-1.7,-3.1,-3.2,-2.6,-3.5,-1.8,-7.3,-3.5,-3.3,-1.0,-5.0,-4.8,-7.6,-4.3,-4.5,-3.8,-5.0,-4.5,-3.1,-4.3,-1.8,-2.6,-3.9,-4.1,-4.2,-9.7,-2.1,-0.2,-1.9,-4.5,-4.6,-4.4,-4.0,-2.2,-4.3,-3.6,-4.6,-5.1,-5.0,-5.1,-7.1,-6.5,-6.7,-4.6,-7.1,-6.6,-10.5,-4.9,-5.2,-8.6,-9.7,-6.0,-5.4,-10.3,-6.9,-3.2,-7.7,-8.6,-5.0,-5.0,-4.5,-3.4,-5.4,-2.9,-4.8,-1.9,-4.1,-5.3,-6.5,-2.1,-4.3,-6.4,-5.5,-3.5,-2.7,-4.7,-4.8,-4.6,-6.4,-4.3,-5.3,-4.6,-4.4,-0.2,-5.0,-3.3,-4.9,-5.3,-4.9,-3.0,-5.0,-4.6,-7.9,-4.0,-6.1,-3.7,-4.6,-6.0,-8.3,-7.0,-4.6,-1.9,-1.5,-1.9,-6.8,-4.7,-4.5,-6.8,-6.3,-6.4,-5.2,-3.0,-6.3,-5.9,-3.5,-3.4,-4.3,-3.0,-2.8,-5.3,-3.7,-4.9,-3.1,-4.5,-9.9,-6.6,-7.3,-8.1,-1.8,-2.1,-4.9,-5.1,-6.3,-4.8,-5.1,-7.5,-3.5,-2.6,-4.2,-6.1,-3.9,-16.7,-5.7,-5.0,-4.8,-7.8,-6.8,-7.6,-6.7,-5.8,-7.1,-7.9,-9.3,-10.7,-6.8,-8.3,-7.2,-3.5,-5.7,-5.7,-7.7,-3.6,-5.6,-5.8,-7.6,-8.0,-6.1,-4.9,-8.1,-6.9,-5.1
2C7L51ALkG,0,48.103868,11.621605,4441819.48,2778026.76,541.4,587.1,263,7240,2.5,0.83,0.41,32.6,348.92,-0.529,-0.103,0.842,-1.9,0.1,0.37,0.2,1.7,0.2,-0.3,0.7,-1.6,0.0,2.4,1.8,3.4,-1.5,4.7,1.8,3.8,3.1,3.6,2.6,2.7,2.4,2.3,2.5,2.7,2.8,2.8,-0.9,3.3,3.4,1.3,2.4,2.9,3.1,3.2,-0.1,-1.7,7.3,-3.9,-0.6,-0.5,-2.7,0.4,2.7,3.0,3.8,3.2,1.3,0.7,2.0,0.6,1.1,2.2,-0.5,0.7,0.1,-0.8,-3.2,-4.1,-0.7,-2.4,-3.2,-1.5,0.1,-0.8,-3.4,-0.9,-1.5,-1.4,-1.3,0.8,-1.1,-0.1,-1.6,-4.2,-2.5,-3.2,1.4,-0.7,1.5,-1.5,-0.1,2.5,0.2,-0.8,-0.0,0.5,-0.6,-0.6,-0.5,-1.6,-0.9,0.7,0.6,-4.5,-0.0,-4.1,1.1,1.8,1.6,0.2,-3.2,2.6,-4.6,-0.3,-2.0,-1.1,1.1,1.3,0.7,0.6,-0.2,-1.4,-0.3,-0.4,-0.2,1.4,-0.4,-1.3,0.1,-3.2,-1.2,-3.4,-4.5,-4.4,-1.3,-1.3,-2.1,-1.5,0.4,-1.7,0.2,-0.3,-3.1,-3.1,-0.8,-0.5,2.2,-1.6,-3.2,-2.6,-0.5,-0.5,-2.0,-1.9,-2.9,0.4,-3.1,-12.8,-7.4,-5.3,-6.7,-5.4,-5.2,-8.9,-3.9,-12.2,-19.3,-6.7,-5.6,-3.7,-4.3,-4.2,-4.4,-4.3,-2.9,-3.2,-3.7,-3.2,1.0,-4.8,-2.3,-1.0,-4.7,-6.0,-8.2,-6.7,-6.9,-5.8,-7.2,-11.5,-6.2,-15.4,-9.6,-9.6,-8.6,-9.3,-9.1,-6.9,-8.1,-8.3,-1.4,-4.4,-2.3,-7.1,-3.3,-1.1,-1.9,-3.0,-4.0,-4.4,-3.5,-3.5,-2.3,-5.9,-3.1,-16.6,1.0,-12.5,-5.9,-4.3,-8.5,-8.3,-9.8,-5.3
2C7L51ALka,0,48.104012,11.622718,4441902.11,2778044.49,539.2,584.9,263,7260,2.2,0.89,0.36,32.6,348.92,-0.529,-0.104,0.842,-0.9,0.1,-0.03,0.17,1.1,0.1,-0.3,-0.8,-0.6,-0.5,0.7,-0.7,1.3,1.0,-0.7,-1.2,-0.6,-0.7,3.1,-1.4,-0.3,-1.5,0.5,-1.0,-3.3,-0.2,-2.5,-3.9,-1.5,1.4,-1.2,-0.6,-0.4,0.6,-4.2,-2.7,-5.8,-15.4,-5.8,-5.3,-7.8,-5.6,-4.1,-2.1,-0.6,0.7,-0.6,-1.3,-2.6,-0.1,1.2,-1.2,0.0,0.5,-0.1,-0.9,0.4,-1.0,-0.8,-1.0,-0.8,-2.0,-1.7,-1.5,-0.2,-1.9,-2.6,-1.1,2.4,4.0,-0.7,1.7,3.5,-1.1,-2.7,-1.5,-1.8,-3.6,-3.0,-1.9,-1.9,-1.6,-2.5,-3.4,-0.8,-1.9,-1.9,0.4,-3.1,-4.3,-2.7,-2.2,-3.4,-1.3,-6.8,-3.1,-3.7,-2.4,-2.1,-2.8,0.6,-1.6,2.5,-3.8,-2.0,-2.5,-2.1,-4.2,-2.7,-2.1,-2.6,-2.7,-3.7,-3.2,-3.1,-3.4,-2.3,-2.7,-0.8,-1.9,-1.1,-0.9,-0.6,-4.7,-4.4,-1.1,-2.1,-1.2,-3.1,-2.8,-3.7,-4.7,-4.0,-3.7,-1.9,-3.6,-3.5,-5.9,-4.0,-0.9,-4.5,-3.5,-3.5,-1.2,-3.2,1.0,4.4,1.1,-2.9,-2.8,-2.3,-2.8,-8.3,-0.4,-3.4,-4.8,-7.6,-4.6,-4.8,-4.5,-5.8,-2.8,-5.1,-6.5,-2.8,-0.7,-4.4,-5.2,-4.7,-6.9,-6.7,-8.1,-5.4,-7.0,-8.3,-2.2,-1.8,-6.2,-5.8,-2.2,3.8,-8.2,-2.4,-5.6,-3.8,1.8,-4.7,-4.7,-3.6,-2.0,-2.0,-4.7,-4.3,-5.4,-4.5,-4.3,-5.9,-6.9,-6.7,-7.1,-7.7,-6.6,-2.4,-6.0,-5.4,-4.5,-6.0,-1.8,-4.3,-3.3,-3.3,-4.5,-7.5,-4.3,-6.4
2C7L51ALkt,0,48.10415,11.623795,4441981.95,2778061.61,540.1,585.8,263,7279,3.1,0.8,0.52,32.63,348.97,-0.529,-0.103,0.842,-0.1,0.2,0.15,0.24,0.6,0.2,-0.3,-4.2,-1.8,-2.6,-0.7,-3.0,3.0,-2.3,-0.0,-2.9,2.5,-0.4,3.0,-3.6,-1.1,-0.8,-1.4,4.2,0.5,-3.6,0.4,0.5,2.9,-2.4,-7.1,0.4,0.9,1.9,3.8,0.5,-2.2,-12.1,-2.2,-2.7,-3.7,-3.8,-1.0,0.9,5.5,5.1,3.9,-1.1,0.9,-2.1,-1.8,-2.0,-1.1,-1.5,-0.9,-2.9,0.9,-1.5,-2.1,-0.5,-1.2,-1.7,-1.0,2.0,2.0,0.6,1.6,-1.5,-1.5,-3.4,-2.1,-0.5,-0.1,-0.3,-4.0,-1.1,-3.6,1.1,-2.0,0.2,-2.2,4.3,-1.4,1.1,-0.4,-0.6,0.6,0.2,0.6,0.6,-1.6,-0.4,2.9,-3.0,-5.8,-1.7,-3.8,-0.2,-3.8,2.2,-1.8,-2.3,1.8,-5.9,-7.3,-5.3,-3.0,-10.9,-7.7,-8.6,-3.8,-9.2,-9.0,-11.9,-10.6,1.6,13.4,0.1,-1.8,0.5,-6.3,-0.6,-1.8,-2.4,-3.2,-1.0,0.9,-1.3,-0.7,-1.3,-2.0,0.3,-0.4,-1.3,-2.5,-6.3,-1.5,-3.1,-2.5,2.2,-10.2,0.5,-0.0,-1.9,-3.2,2.6,3.1,2.7,-2.7,-1.5,-2.1,0.6,0.1,1.5,-2.1,-1.5,-2.1,1.6,-0.1,0.6,-2.4,-1.5,-1.5,0.5,-1.8,-4.6,3.0,-2.4,-3.8,2.6,-0.5,1.7,-0.3,1.7,-3.7,-2.4,1.2,-7.9,-6.4,3.5,-3.7,-0.8,-1.3,-1.5,-1.6,-2.0,-0.5,-0.1,0.3,0.3,-1.8,-0.6,-0.6,-2.9,0.6,-1.2,-3.0,-5.1,-5.2,3.4,-7.2,-3.7,-2.4,2.1,-1.6,-1.7,0.7,-3.1,-0.6,-0.6,-0.8,-2.4,-2.8,-3.9,-4.6
2C7L51ALlv,0,48.104689,11.627997,4442293.71,2778128.43,567.7,613.4,263,7343,4.5,0.61,0.49,32.65,348.97,-0.53,-0.103,0.842,-0.2,0.2,0.57,0.34,0.8,0.3,-0.3,5.4,3.3,-0.8,-0.3,0.6,-2.5,-1.5,-6.8,0.9,-3.6,-4.8,-2.4,-0.2,-3.4,1.8,-1.0,-2.4,-1.0,-4.7,-2.6,-1.2,-3.2,-3.5,-3.2,2.4,-4.7,0.7,-3.6,-0.9,-9.2,4.6,-12.9,-4.7,-0.7,1.4,-7.4,-0.7,-0.7,-11.9,1.5,-9.4,0.4,1.5,-8.2,-1.8,-4.6,1.7,3.4,-2.3,-2.0,-0.1,-1.8,-2.5,-5.0,-0.7,-0.6,-2.9,2.0,-5.9,0.5,0.1,-2.5,-8.7,0.4,-5.2,-3.0,-3.2,-6.5,-0.1,-1.3,-2.7,-3.1,-4.3,-4.0,-3.1,-2.0,-2.6,-4.2,-2.9,-6.1,-3.0,-10.6,-13.3,-3.9,-3.3,4.5,-7.8,0.1,-3.7,-10.9,3.4,-1.8,-3.0,-5.1,-14.1,9.8,-5.1,-6.0,-2.6,3.5,-4.8,3.7,1.8,-4.3,-1.0,-1.3,7.9,-1.5,-11.4,-5.2,-8.3,-7.4,-6.3,-12.0,-1.7,-9.7,-9.4,7.9,-15.0,-3.6,-4.1,-12.4,-7.2,-6.5,-1.4,2.8,-6.0,-3.2,-3.3,-2.6,-6.5,-15.5,-2.9,1.1,-2.5,-2.1,-5.9,-10.5,-1.4,1.8,7.2,-7.2,1.2,1.7,-0.5,-1.8,-1.0,4.9,2.2,0.6,1.5,-6.1,-4.4,4.4,-7.0,0.5,-6.1,-0.2,-1.8,-1.3,-10.5,-4.9,-8.8,-17.6,-6.3,-2.4,-16.1,-0.6,-2.6,-5.0,-8.8,-4.2,-2.0,1.9,-2.6,-2.5,-4.9,0.6,-7.1,0.3,1.8,-4.0,-3.4,1.3,-7.6,-2.9,-3.2,-0.5,-12.5,2.2,-4.8,2.9,-1.3,1.2,-0.8,7.1,0.2,-5.0,-2.8,-2.0,-4.7,-6.4,-8.4,-10.7,-5.1,2.2,-1.6,-4.5
2C7L51ALmF,0,48.104756,11.62851,4442331.79,2778136.66,536.7,582.4,263,7363,1.6,0.94,0.33,32.66,348.97,-0.53,-0.103,0.842,-0.5,0.1,-0.13,0.12,0.6,0.1,-0.3,-0.3,0.1,-0.6,-0.4,-1.7,-0.7,-0.6,-0.9,-0.7,0.2,-0.4,0.7,-0.3,-1.1,-0.8,-0.8,-0.5,-1.8,-0.6,-4.2,-1.2,-0.9,-0.5,-0.7,0.7,-0.4,1.3,0.5,-1.0,-3.9,-4.2,-3.3,-4.0,-2.3,0.8,-1.6,1.0,0.6,-0.4,-1.3,-0.1,0.0,1.6,2.6,-0.4,-0.1,0.5,-0.4,-1.0,-1.2,-1.3,0.4,-1.1,-0.8,0.7,0.4,0.3,-0.9,-0.0,-1.1,-0.9,-1.0,-1.7,-1.8,1.4,-1.0,-1.0,0.3,-1.6,-1.1,-0.1,-0.1,-0.4,-0.1,-0.5,-0.9,-0.5,-0.8,-1.2,-0.6,-1.0,-0.4,-1.7,-2.5,-1.2,-1.5,-2.0,-4.1,-0.1,0.6,-4.2,-2.5,-2.6,-1.0,-2.3,-2.1,0.1,-0.3,-1.3,-0.4,-0.6,-2.0,-3.1,-2.3,-4.0,-2.9,0.6,-0.3,-1.3,-2.2,-4.8,-0.8,-1.5,-1.4,-0.6,0.7,-1.5,-0.5,-0.9,-0.1,-1.6,-1.0,-1.0,-0.9,-2.0,-1.2,-0.3,-0.9,-2.6,-2.8,-2.6,-4.4,-0.9,-1.0,-3.1,-3.5,-4.6,-6.8,1.9,0.4,-1.6,-3.2,-1.7,-2.5,-0.3,-2.1,-1.1,-1.3,-1.8,-1.6,-2.9,-2.2,-2.4,-2.4,-2.8,-1.0,0.4,-1.0,-0.7,0.0,-3.0,-4.4,-3.8,-5.4,-4.3,-0.3,-2.2,-1.9,1.4,-1.1,-2.2,-4.4,-3.5,-2.5,-3.1,-3.6,-3.2,-3.0,11.6,-4.0,-3.1,-2.3,-1.9,-1.6,-3.1,-3.4,-3.0,-0.4,-3.6,-4.6,-5.3,-1.5,-2.2,-4.2,-4.5,-5.7,-4.6,-5.7,-4.2,-4.0,-2.5,-2.2,-3.1,-2.8,-1.4,-2.7,-3.8,-4.0
2C7L51ALmG,0,48.104754,11.628495,4442330.62,2778136.42,533.2,578.9,263,7364,1.1,0.97,0.23,32.66,348.97,-0.53,-0.103,0.842,-0.6,0.1,-0.15,0.08,0.2,0.1,-0.3,-0.1,-0.2,-0.4,-0.0,-0.5,-0.2,0.3,-0.6,0.2,0.2,0.2,0.7,-0.1,-0.6,0.4,0.1,0.1,-1.3,-0.4,-3.3,-1.0,0.4,0.0,0.2,1.6,0.4,2.5,1.1,0.3,-2.9,-2.6,-4.2,-4.0,-1.8,2.1,-0.8,1.5,0.7,1.2,0.6,1.5,0.4,1.4,0.0,0.2,0.3,-0.4,-0.9,-0.3,0.1,0.9,0.6,0.8,0.0,0.1,0.1,-0.0,-0.7,0.7,-0.3,-0.2,-0.6,-0.2,-0.9,0.0,-0.3,-0.9,-0.7,-1.6,-0.4,-0.6,0.5,-0.2,-0.5,0.1,0.1,0.6,-0.1,-1.1,0.1,-0.9,0.1,-1.2,-1.5,-0.8,-0.4,0.1,-1.4,-1.1,-1.2,-1.2,-2.1,-2.0,-1.5,-0.9,0.2,0.2,0.4,-1.0,0.7,-0.8,-0.8,-1.4,-0.6,-0.8,-0.7,-0.1,-0.1,-1.4,-0.6,-1.6,-1.1,-1.4,-0.5,-0.2,-0.8,-2.2,-1.3,-0.2,-1.2,-0.8,-0.9,-0.5,-0.8,-0.9,0.2,0.3,-0.2,-0.3,-2.5,-3.0,-1.6,0.2,-0.8,-1.9,-1.7,-1.5,-5.0,0.7,1.1,-0.4,-1.7,-0.7,-1.2,-0.3,-1.2,-0.6,-0.8,-1.7,-1.0,-2.1,-1.1,-1.4,-1.9,-1.5,-1.7,-0.9,-0.9,-0.5,-1.1,-1.7,-2.3,-2.6,-3.7,-3.2,-1.0,-2.1,-1.2,0.2,-0.7,-1.7,-3.6,-3.1,-1.5,-2.5,-2.4,-2.4,-1.8,-9.1,-3.4,-2.9,-3.1,-2.3,-2.1,-2.6,-3.0,-2.6,-0.6,-2.3,-4.2,-4.3,-2.4,-2.5,-3.8,-2.6,-4.0,-3.5,-3.6,-4.2,-2.6,-1.5,-1.9,-3.1,-2.4,-0.7,-1.8,-2.8,-2.6
2C7L51ALmH,0,48.104753,11.628489,4442330.17,2778136.33,530.2,575.8,263,7365,1.4,0.95,0.29,32.66,348.97,-0.53,-0.103,0.842,-0.7,0.1,0.03,0.11,0.0,0.1,-0.3,0.2,-0.9,-0.3,-0.7,-0.6,-0.0,0.4,-0.5,0.1,0.7,0.4,0.0,0.6,-0.5,0.9,-0.5,-0.0,-2.2,-0.7,-3.9,-0.1,0.1,0.3,0.3,2.6,0.8,3.3,2.0,1.6,-3.1,-2.7,-4.7,-3.7,-1.7,2.4,-0.5,1.8,1.1,0.8,0.8,1.9,1.0,3.3,-0.9,-0.0,-0.7,-0.3,-1.6,-0.9,-1.3,0.3,0.5,0.8,-1.0,0.3,-1.1,0.5,-0.5,1.1,-0.2,0.2,-1.2,1.0,0.2,1.5,0.2,-0.9,-0.9,-1.2,-0.3,0.1,1.1,-0.0,0.0,-0.6,0.1,0.4,0.8,-2.1,0.3,-2.7,0.0,-1.0,1.2,-1.3,-0.1,0.9,-1.0,-1.4,-1.6,-1.8,-1.7,-1.7,-3.0,-2.6,-0.3,-0.5,0.1,-2.2,1.4,1.7,-1.4,-3.2,-1.2,-1.9,-0.7,-0.8,-0.5,-2.7,-0.7,-3.1,-2.3,-3.4,-1.8,-1.3,-0.7,-2.2,-1.3,-0.1,-1.7,-0.8,-1.1,-0.4,-1.5,-3.0,-1.5,0.3,-1.3,-1.7,-3.5,-3.4,-2.2,1.0,-0.9,-1.9,-2.1,-2.6,-6.0,-0.3,-0.0,-0.2,-2.3,-1.6,-2.3,-1.7,-1.8,-0.5,-1.0,-2.4,-1.8,-2.6,-1.1,-2.1,-3.0,-2.2,-2.7,-0.8,-1.0,-0.6,-0.6,-1.8,-2.8,-2.3,-3.5,-3.6,-0.7,-2.6,-1.3,0.5,-0.9,-2.0,-4.2,-2.8,-1.2,-2.3,-2.5,-2.4,-2.0,-10.1,-3.9,-3.8,-4.6,-3.7,-2.3,-3.3,-3.7,-2.1,-0.8,-3.1,-4.2,-3.6,-3.2,-2.3,-3.7,-2.3,-4.4,-3.7,-3.4,-4.2,-2.8,-1.1,-2.3,-3.0,-3.1,-1.1,-0.9,-2.8,-3.4
2C7L51ALmV,0,48.104853,11.629267,4442387.93,2778148.72,527.7,573.4,263,7379,4.4,0.61,0.51,32.66,348.97,-0.53,-0.103,0.842,-0.1,0.2,-1.59,0.34,0.0,0.3,-0.3,2.0,-7.1,-2.2,-7.6,6.5,2.3,-1.3,1.4,-0.8,-0.3,3.0,0.9,2.3,4.0,2.3,-3.4,0.7,-2.6,-1.2,0.4,0.2,-0.1,-2.9,0.4,7.3,4.0,8.3,0.5,5.7,-2.5,1.9,-7.7,-3.5,-7.6,3.6,-0.9,-0.3,6.6,2.4,0.5,-0.5,-2.6,2.6,-7.9,12.5,11.3,4.4,6.0,-12.4,1.4,-1.0,2.7,0.4,3.5,3.3,-10.1,-8.6,-2.4,2.3,3.1,-7.1,3.1,-10.6,-7.7,3.9,3.0,12.9,4.8,0.0,-8.0,1.5,-4.8,0.8,1.4,3.4,1.9,3.0,2.4,1.5,4.0,2.3,0.6,2.8,-0.3,1.6,8.5,-5.7,-0.5,0.0,2.4,-0.9,4.7,2.3,-2.2,2.4,2.8,6.8,2.3,10.4,3.5,2.2,0.2,0.4,4.5,3.1,2.7,3.0,6.4,6.5,5.3,2.9,-9.0,6.0,-12.1,4.4,6.6,3.4,8.6,12.1,4.6,-2.8,2.9,0.6,2.5,4.0,0.6,0.7,4.0,2.3,-0.2,2.9,5.9,7.9,0.1,1.5,1.3,4.5,3.3,3.1,7.2,2.5,-0.3,0.9,8.0,4.0,3.7,-2.0,7.2,7.3,9.5,2.4,4.4,12.5,2.3,-1.3,1.2,1.7,0.5,-1.0,0.8,1.8,-1.0,4.5,-0.1,-2.7,4.5,9.0,-3.1,4.4,0.2,0.7,-1.0,-6.6,1.0,-2.0,9.1,8.5,2.0,-1.9,4.0,9.0,2.8,1.9,0.8,0.8,2.6,-1.7,0.6,-9.9,3.5,1.8,6.8,0.7,0.6,-1.2,-2.7,-10.9,-6.4,1.7,-0.0,-0.3,-2.6,-3.0,-1.3,-2.4,-8.2,2.7,-13.1
2C7L51ALoV,0,48.105761,11.636339,4442912.51,2778261.24,529.0,574.7,263,7503,3.2,0.76,0.57,32.69,348.97,-0.53,-0.103,0.842,1.1,0.2,-0.77,0.25,0.5,0.2,-0.3,0.1,-0.4,-2.2,3.1,-9.0,-3.5,1.5,-0.2,3.5,3.8,1.5,0.4,1.3,1.7,7.2,-5.5,2.7,-0.7,1.4,8.2,-0.3,2.7,-4.2,1.9,3.1,4.4,0.6,-0.2,0.9,-1.5,4.3,0.2,-4.2,-2.0,-1.4,-0.7,-0.7,-7.4,-0.3,0.1,-1.6,-0.1,-3.9,-5.9,-7.3,0.3,-1.0,-0.1,3.3,1.0,1.4,3.2,3.2,2.2,1.0,3.6,-1.4,1.7,0.7,0.4,1.1,0.8,-1.8,2.4,-4.4,0.6,1.5,1.4,-0.8,0.4,-1.5,0.9,-0.9,-1.0,-1.8,-2.9,-1.3,-1.4,4.5,5.6,4.8,2.9,5.4,5.8,2.3,-0.2,3.3,1.2,1.5,1.7,-1.3,0.0,-2.2,-0.6,1.0,0.4,-2.1,1.2,2.5,1.6,-0.0,1.9,11.5,5.2,3.1,1.0,2.4,0.6,1.5,-1.9,-1.7,-2.4,-5.2,-3.1,4.1,2.3,1.0,4.3,7.7,6.3,4.4,6.0,3.0,7.2,1.1,5.8,7.5,7.6,4.1,2.9,6.9,9.9,2.8,4.5,2.4,2.5,4.4,3.7,7.1,9.6,0.8,4.5,3.6,3.6,2.6,4.1,7.3,6.1,4.7,4.7,3.4,2.4,5.5,2.7,3.8,3.3,0.7,4.7,4.1,4.4,1.6,-4.6,4.6,1.5,-0.9,5.9,8.5,8.3,1.0,4.1,4.2,3.3,15.8,4.7,2.6,5.6,5.3,3.2,0.3,3.0,6.0,2.2,14.5,7.1,4.4,3.7,4.4,3.6,4.2,4.2,2.4,4.6,-1.3,6.0,7.8,4.6,5.1,-0.9,2.8,1.6,1.1,9.4,14.3,-1.8,-5.5,-0.0,-1.1,1.1
2C7L51ALoa,0,48.10581,11.636724,4442941.13,2778267.37,535.5,581.1,263,7508,3.6,0.74,0.68,32.69,348.97,-0.53,-0.103,0.842,-0.8,0.2,0.58,0.28,1.3,0.2,-0.3,-2.4,0.1,0.1,4.5,-3.7,8.1,-4.0,-4.7,-5.7,10.5,-0.7,-3.1,2.0,0.7,4.6,0.2,-1.4,-10.4,-0.3,-6.1,-5.0,-6.0,1.3,-1.1,-4.2,-1.0,-4.8,-1.0,-5.3,-8.3,0.9,-5.7,-8.6,-7.8,-4.5,-2.2,-3.7,-3.8,-0.0,-4.4,-8.1,0.1,2.4,-6.5,-1.2,-2.6,-3.8,-4.6,-2.7,4.5,-7.6,-5.4,-4.8,-2.4,-2.9,-2.0,-4.2,2.7,-4.2,-4.5,-7.2,-5.0,-4.9,0.3,0.3,-4.3,-6.1,9.4,-0.7,-3.8,-0.4,-6.2,-6.3,-5.9,-5.8,-4.3,-6.0,-7.1,-5.7,-4.7,-4.7,-6.1,-4.2,-1.6,-4.4,-4.1,-0.7,-5.1,-5.7,-10.5,-6.3,-12.9,-4.6,-8.8,-6.1,-2.3,-4.1,-7.4,-1.5,-2.4,-2.0,-2.2,-0.5,-0.1,-3.8,1.0,-0.5,-2.8,-4.7,-2.2,-4.3,-6.4,-4.2,-7.9,-5.0,-2.7,-5.3,-6.1,-3.9,-4.6,-6.3,4.2,-9.5,-1.7,-1.6,-2.6,-0.8,-2.2,-1.0,-6.3,-7.0,-5.6,12.3,-8.4,-8.2,-8.4,-6.3,-7.4,1.5,-4.5,-6.6,-9.9,-5.5,-8.8,-5.7,-8.7,-5.0,-2.7,-1.8,-6.0,6.0,-7.0,-2.6,-5.3,-12.7,-6.4,-10.4,-3.5,-8.4,-7.6,-9.9,-14.7,-8.4,-10.0,-10.6,-8.8,-9.6,-7.9,-6.9,-3.4,-6.1,-3.5,-5.0,-2.4,-1.6,-1.5,-6.5,-0.1,-0.4,-4.6,-5.7,-6.5,-6.3,-5.7,-4.0,7.8,-6.6,-8.2,-1.3,-5.6,-6.1,-4.5,-6.0,-5.4,-5.0,-7.5,-3.9,-7.2,-6.8,-6.5,-8.4,-5.2,-6.2,-6.9,-5.3,-1.8,-4.6,-5.6
2C7L51ALk9,0,48.103831,11.621169,4441787.12,2778021.89,539.3,585.0,263,7233,2.4,0.87,0.45,32.59,348.92,-0.529,-0.103,0.843,-0.9,0.1,-0.17,0.18,0.4,0.2,-0.3,-0.3,-1.2,-0.4,-0.3,0.0,2.0,0.1,0.1,-0.1,-0.1,0.4,1.6,0.9,1.2,0.7,0.7,-0.7,2.0,5.6,1.3,2.0,4.0,-0.4,0.1,1.3,5.4,2.1,5.9,0.3,-0.9,3.5,-4.6,-3.4,-7.4,-6.8,-6.1,-1.4,4.6,4.7,5.4,4.9,-0.5,-1.4,-0.5,-2.6,-2.6,-0.9,-0.7,1.1,2.8,-0.2,0.4,1.3,0.9,0.2,0.1,-1.1,-0.7,2.3,1.2,0.9,-1.0,1.4,0.8,0.5,-1.7,-0.6,-0.1,-0.3,0.2,-1.1,0.9,0.4,1.4,-0.8,-2.2,1.0,0.8,2.1,1.6,0.0,-0.2,1.0,-0.0,0.9,1.8,2.4,-0.8,2.5,0.1,-1.1,-2.9,-1.4,-0.1,1.1,3.5,-1.3,-1.5,-0.2,1.0,1.9,0.6,1.8,3.4,1.5,-0.5,0.6,0.6,0.6,0.4,-0.2,0.7,2.2,2.2,4.3,-4.9,-3.1,-2.6,-1.5,-1.3,-1.3,-0.6,-0.0,-1.2,0.0,-0.4,0.9,0.8,-3.0,-1.7,-2.0,0.7,-3.1,-1.7,-1.2,-0.9,-2.2,-4.8,-1.7,-0.0,-3.1,-4.5,-2.0,-3.5,-1.1,-1.4,-3.5,-2.4,-3.4,-6.0,-2.4,-5.0,-2.4,-1.4,-0.8,-3.2,0.5,0.2,2.8,-1.7,-3.4,-4.4,0.8,0.7,-1.0,-2.0,-2.9,-5.2,4.7,3.9,-1.7,-1.5,-4.1,-4.1,-3.4,-5.0,-1.6,-2.6,-11.4,-1.6,-3.6,-1.3,-0.9,-1.7,-1.2,-1.5,-0.5,1.0,-15.9,-2.9,-2.8,-0.7,-1.0,-0.8,-1.8,-7.2,-2.4,-2.3,-5.1,-5.6,-4.6,-2.3,-2.8,-3.2,-3.6,-4.6,-2.2,-2.6
2C7L51ALkq,0,48.104145,11.62361,4441968.19,2778060.73,540.6,586.3,263,7276,4.0,0.68,0.48,32.63,348.97,-0.529,-0.103,0.842,-0.2,0.2,-0.56,0.31,0.5,0.3,-0.3,-3.8,-0.4,1.3,-2.2,1.9,1.4,2.8,13.4,-3.6,-4.3,-3.0,-2.9,6.3,-3.9,7.3,9.6,1.3,2.7,7.6,-4.7,-2.6,0.6,-1.4,2.2,-2.6,6.5,0.5,3.2,-2.7,-0.4,-4.8,-0.2,-6.1,-5.4,-4.6,0.9,1.8,1.2,9.0,2.1,-2.4,4.9,3.1,3.4,-0.6,-3.4,-2.6,-4.9,-2.8,-4.8,-1.4,-2.9,-1.1,0.1,-1.5,3.1,2.1,1.2,-1.1,-0.6,2.3,1.3,-0.6,1.8,2.6,0.5,-0.7,-2.3,-1.0,-0.7,-0.9,1.8,-3.0,-1.9,0.8,1.0,0.8,-0.3,1.9,1.1,-0.9,-1.4,-3.8,-6.3,-3.4,3.8,4.5,2.0,2.5,0.9,5.8,-3.5,-5.9,2.7,-0.3,2.4,-1.0,9.4,12.2,15.1,-1.8,0.9,1.2,5.1,1.0,3.8,3.5,-0.8,2.9,1.7,3.5,-1.8,0.9,5.2,2.6,1.5,3.9,2.1,0.5,2.1,-0.5,2.0,3.7,-0.2,-0.6,1.7,3.9,4.0,-1.6,-0.3,0.7,-3.3,1.4,0.9,-5.3,-2.7,-1.3,-7.7,7.1,5.2,4.6,-7.1,2.5,-1.9,-0.3,-6.8,-4.6,-1.8,3.7,2.3,-0.1,-3.0,7.2,9.0,5.9,-5.1,-0.2,8.3,-3.5,5.1,12.7,-1.2,2.6,-0.6,6.1,2.6,4.8,-1.5,3.2,1.4,-0.5,-1.2,-1.1,14.0,0.8,-1.9,-2.3,-5.0,-9.2,-7.4,0.4,-1.1,-5.0,-1.1,-6.9,0.9,-3.3,0.5,1.3,-5.8,4.5,1.3,1.6,-4.2,-0.8,9.9,-4.3,-0.7,2.5,-1.6,-0.8,-4.2,-0.6,-2.7,-2.8,0.8,-3.4,1.3
2C7L51ALlX,0,48.104448,11.625971,4442143.35,2778098.31,536.3,582.0,263,7319,4.2,0.64,0.49,32.64,348.97,-0.529,-0.103,0.842,-0.1,0.2,-0.15,0.32,1.8,0.3,-0.3,-3.7,2.5,2.0,-0.3,0.9,7.7,1.6,0.7,-0.7,-1.8,7.4,-15.0,2.7,-8.2,-2.7,0.1,-2.0,-2.7,-9.4,-0.5,-0.9,-7.3,-5.3,-4.2,-5.8,-1.2,-1.3,-3.1,1.4,-5.9,-6.2,-7.3,1.2,-11.5,-3.6,-2.9,0.3,-0.3,1.7,-1.2,3.5,2.1,2.3,1.9,-7.5,-4.5,1.3,-0.5,-1.1,2.2,-2.0,1.9,2.5,-12.1,1.9,6.2,-4.3,-2.5,-3.0,-2.9,1.4,2.9,-1.3,-1.1,-4.5,-2.0,-1.0,-4.0,3.5,1.3,-0.9,-1.5,-5.4,-5.8,-3.3,-1.8,6.2,-1.6,-4.4,-1.4,-4.1,1.1,-3.9,1.0,-6.1,5.2,1.5,-2.2,-0.8,-2.3,-1.6,0.9,-10.5,5.8,-2.7,1.1,-0.8,-10.9,-2.8,8.8,-0.9,-0.6,6.3,-0.4,-1.4,-0.2,-3.2,-3.3,1.4,-0.7,0.7,0.1,2.0,3.4,-3.5,1.5,7.4,5.2,1.6,2.7,-5.7,-1.8,2.0,-12.7,-6.9,-7.4,0.1,-2.4,-8.0,0.6,-12.6,-2.0,2.7,-0.4,-4.8,-2.2,-0.8,-6.1,-1.3,0.7,0.7,4.0,-6.8,-0.1,-0.4,1.0,-0.6,2.0,2.4,2.3,-2.1,3.1,0.7,-2.8,-1.7,0.1,-8.6,-4.7,-16.1,2.0,-3.2,-0.9,0.9,-2.6,-4.8,0.6,1.7,-1.5,-1.0,-0.8,-4.8,-15.6,0.4,-1.5,-3.4,-2.7,6.8,1.6,-1.7,5.1,6.4,5.5,-15.2,0.1,1.8,3.6,-5.3,-1.9,3.7,-5.6,-5.6,-4.9,-6.5,-6.6,-5.9,-3.3,-5.1,-4.2,-3.5,-1.5,-0.9,-3.4,-3.2,7.6,-5.2,4.6,4.4,-3.2
2C7L51ALm5,0,48.104704,11.627967,4442291.43,2778130.07,538.6,584.3,263,7353,2.0,0.88,0.34,32.65,348.97,-0.53,-0.103,0.842,-0.6,0.1,-0.67,0.15,0.8,0.1,-0.3,1.1,-1.0,0.3,-0.0,1.5,1.4,1.1,1.9,1.6,0.0,1.6,2.3,1.8,1.1,1.1,1.2,-0.1,-1.0,-0.2,-2.2,-0.9,-0.8,-2.3,1.7,1.7,2.4,1.7,-0.8,-3.1,-0.1,10.9,-1.2,-1.5,-0.3,4.2,-0.9,1.9,6.2,5.2,3.0,2.7,1.2,4.4,2.8,2.9,1.8,0.9,1.1,1.2,3.4,2.5,4.4,1.7,0.2,0.7,1.7,1.4,2.8,0.0,-0.4,0.7,4.0,-3.7,1.4,-3.5,2.4,4.2,5.4,-0.2,0.2,-0.8,1.7,1.9,1.6,5.2,-1.1,2.0,-1.2,-1.0,2.5,-0.4,0.9,-1.4,5.3,1.5,1.7,4.4,-0.0,-1.6,1.0,2.4,3.4,0.7,4.0,4.0,4.3,3.5,2.9,6.3,2.5,3.9,4.6,5.7,3.7,5.4,1.7,4.7,2.4,3.5,3.0,-1.0,1.1,3.7,2.3,4.6,1.1,3.5,2.2,5.8,1.8,4.3,1.7,2.4,1.3,-1.1,-0.3,2.5,0.7,3.2,-0.3,1.0,1.1,5.0,3.8,2.0,1.0,2.3,-1.4,6.2,5.2,0.5,-1.8,-2.5,-1.1,2.0,0.2,1.6,-0.4,-0.3,-2.2,-1.3,1.1,-0.4,-0.6,0.1,-0.2,-0.3,0.7,1.8,0.4,0.1,0.8,0.2,-1.7,-1.5,1.9,2.0,0.2,2.7,3.6,1.1,-4.2,-3.4,-3.3,-0.5,-3.2,-1.8,-0.6,-3.6,-0.4,-2.3,-0.8,-0.2,-0.9,-1.0,0.4,-2.6,1.1,-0.9,-3.3,-0.8,0.7,-1.6,0.6,2.8,0.8,-2.0,-0.5,-1.3,-1.0,-1.7,-0.3,-0.8,0.5,0.3,-1.6,-1.9,-3.8
2C7L51ALn5,0,48.105079,11.630885,4442507.87,2778176.55,509.4,555.1,263,7415,3.7,0.73,0.44,32.67,348.97,-0.53,-0.103,0.842,-0.8,0.2,-0.23,0.28,0.3,0.2,-0.3,-1.2,-1.1,-0.1,3.1,-2.7,-2.4,-0.3,0.5,-2.4,-1.7,-1.0,-4.2,7.4,-0.4,2.3,2.5,0.9,4.0,-0.0,-3.3,-1.1,0.4,0.5,0.3,-0.2,-1.5,-0.1,10.7,-5.2,-1.6,-6.2,-6.3,-3.5,-2.4,-2.0,-2.2,4.9,-3.8,2.2,1.5,3.6,0.7,0.5,5.4,1.2,1.7,-3.1,-7.0,-0.3,-7.8,2.9,-0.6,1.5,-3.7,0.8,-0.2,2.5,-2.2,-4.4,-2.1,1.7,0.0,-4.2,-2.0,-2.3,-2.8,-2.9,-0.7,-3.7,-1.3,-8.3,-0.4,-2.5,-2.7,-1.9,1.0,1.0,-0.8,-3.4,2.0,-5.9,-1.1,-3.5,-6.0,-1.1,0.3,-2.0,2.1,-2.8,-0.9,0.3,-3.8,-2.0,-6.2,-1.8,-0.1,1.2,0.1,-0.6,4.6,3.1,0.8,-9.7,2.5,1.5,-2.3,-6.1,-2.7,-2.2,-1.2,-3.1,-1.8,-0.0,5.4,-3.3,-5.1,-5.4,1.4,2.5,-1.2,1.6,-1.3,-0.7,2.1,0.9,-1.8,-2.6,-1.0,-2.7,-2.7,-2.1,0.5,-3.5,1.0,0.4,-3.8,-2.6,-2.2,3.1,4.4,-10.1,-3.9,-1.2,6.3,-2.0,-3.0,1.0,-1.4,0.1,-8.4,-3.7,-1.5,-0.5,-0.1,-0.5,1.3,-2.0,3.6,-1.1,-1.9,-1.0,-3.0,-1.7,-4.0,-11.3,-8.4,-1.8,-2.7,1.1,-7.6,3.1,-8.3,9.9,-2.4,-8.5,-3.0,-5.6,-2.5,-10.1,-7.2,0.1,-2.8,-2.2,-12.2,-4.9,-8.7,-8.0,-0.7,-5.9,-7.0,6.9,-1.0,-11.3,-7.4,-8.0,-4.8,-8.7,-4.9,-5.0,-7.1,-4.6,-3.9,11.8,1.9,-9.5,-3.0,-6.1,0.0
2C7L51ALlY,0,48.104472,11.626014,4442146.52,2778101.06,535.9,581.6,263,7320,3.3,0.71,0.44,32.64,348.97,-0.529,-0.103,0.842,-1.0,0.2,-0.56,0.25,2.5,0.2,-0.3,-0.4,-5.5,-4.2,3.1,-0.4,1.3,-2.5,-6.6,-0.7,2.9,-0.5,3.5,1.7,2.4,3.0,-3.4,-2.8,-0.8,-2.7,0.8,-4.1,0.4,-5.1,-4.5,0.3,-2.0,-1.9,-4.4,-5.3,-7.6,-13.6,-6.9,-5.5,-2.7,-9.0,-4.7,-2.9,-3.5,-0.4,-2.3,-7.4,-1.1,-2.6,-4.4,-3.5,1.6,1.6,-0.3,-6.6,-13.3,-5.5,-1.9,-0.7,-4.0,-3.4,0.3,2.8,-5.3,-6.7,-0.3,-0.2,1.1,-4.2,0.1,5.2,-1.7,-1.7,-8.5,0.2,-0.2,1.9,0.1,-1.6,0.1,-0.8,-0.0,4.3,0.3,-12.3,-1.2,-2.6,-1.2,-3.7,-2.8,-2.7,-2.3,-0.7,-6.7,-2.5,-7.1,-4.8,-6.0,-7.7,-2.5,-6.7,-5.1,-4.4,-8.9,-9.3,-6.3,-9.8,-4.4,3.9,-4.0,-7.7,-7.6,-5.4,-2.0,-2.2,2.3,-3.3,-2.5,-2.5,-0.5,1.4,1.0,-0.1,3.2,-1.0,-3.8,-7.3,-3.6,1.5,1.2,-13.8,6.1,-2.6,-1.1,-3.2,-5.7,-9.5,-4.4,-5.4,-6.7,-8.7,-6.3,-7.7,-5.5,-4.6,-4.0,0.0,-3.3,-2.9,-5.4,-4.0,-1.0,-5.3,5.7,0.1,1.8,-4.1,-2.9,-2.6,-4.0,0.4,-2.9,-16.8,-5.7,-0.5,-4.3,-8.7,-4.6,-2.1,-6.5,-5.7,-3.7,-6.3,-8.3,-7.4,-4.2,-3.9,-5.7,-7.4,-3.1,-7.0,-5.2,0.8,0.2,-4.7,-1.2,1.0,-6.1,-2.3,-6.8,-8.2,-3.4,-8.1,-6.5,-5.2,-10.3,-11.2,-12.3,-13.9,-9.2,-10.9,-7.2,-10.1,-9.8,-11.5,-10.1,-6.1,-8.3,-9.7,-6.9,-2.2,-2.1,-2.5,-8.0
2C7L51ALm9,0,48.104737,11.628075,4442299.43,2778133.87,531.5,577.2,263,7357,4.0,0.7,0.45,32.65,348.97,-0.53,-0.103,0.842,-0.8,0.2,-0.62,0.31,0.3,0.3,-0.3,0.1,2.9,-2.8,2.5,-1.4,-0.5,-0.7,-1.5,-2.2,-1.2,4.0,1.4,2.4,3.6,3.8,-1.3,-3.2,7.7,5.7,0.5,0.4,4.9,2.7,8.9,5.8,4.6,3.5,4.3,2.4,-3.5,1.9,-5.5,3.0,-9.5,-11.9,9.6,-7.4,4.4,5.2,7.5,4.5,3.7,4.5,3.8,0.8,-1.7,1.8,5.9,2.5,-4.3,2.0,-1.6,7.6,5.8,-5.7,-1.0,3.5,3.5,9.2,-1.7,-1.4,0.5,3.2,12.6,-13.8,1.2,3.0,7.9,-2.9,-0.2,5.4,3.0,-0.8,1.7,3.4,-4.3,2.5,1.8,4.1,5.3,2.9,6.4,5.7,3.5,4.4,2.9,4.2,7.4,3.9,3.2,3.9,-5.0,-0.9,1.3,5.3,2.3,0.7,3.1,2.5,6.0,5.2,-0.1,0.3,4.2,2.3,0.2,2.6,3.5,3.3,4.8,3.0,1.2,5.1,0.1,3.7,2.9,-0.1,2.0,2.9,1.7,-5.9,2.2,1.8,8.3,-11.5,2.8,2.0,1.8,3.0,-2.6,0.9,2.1,0.5,6.1,1.9,0.5,4.3,-5.2,0.2,4.5,-0.4,1.8,2.0,5.6,1.3,-1.5,1.0,1.3,0.4,2.4,-10.2,-2.1,0.4,-3.4,2.9,2.8,1.1,-0.4,0.6,3.0,-6.4,-2.1,-6.8,-2.8,-8.6,-1.0,0.8,1.1,-0.3,-2.1,-2.6,-1.8,2.0,-2.3,-0.1,-1.5,0.7,7.1,-15.5,-3.7,-3.0,-0.6,-2.5,0.5,3.8,0.6,-0.7,9.8,-1.2,-3.2,-2.0,0.8,2.0,-3.6,-3.7,-3.1,-9.7,-1.1,-11.3,-2.1,0.9,7.3,-1.8,-4.2,-0.5,1.8,-3.0,-2.6
2C7L51ALoU,0,48.105803,11.636382,4442915.6,2778266.03,535.3,581.0,263,7502,3.7,0.71,0.45,32.69,348.97,-0.53,-0.103,0.842,0.2,0.2,-0.41,0.29,1.8,0.2,-0.3,-1.5,-2.0,-3.4,-0.9,-4.7,-2.3,-0.9,-0.8,-0.2,9.4,0.1,5.1,-1.4,-0.2,-5.7,-6.5,-2.4,-5.2,-0.1,4.6,-3.2,1.6,3.0,-3.0,-1.3,-0.6,2.7,1.0,-4.1,-1.6,6.8,-1.8,-3.7,-2.7,-0.5,4.0,2.5,3.7,2.3,0.4,1.8,-1.3,1.1,0.3,-0.8,-3.1,3.6,-4.2,-10.8,1.5,-10.8,-5.9,-3.2,-1.8,-5.3,-1.4,-2.4,-1.3,-4.0,-4.8,-3.9,-2.7,-2.5,-0.1,-12.7,-0.1,-4.0,-3.9,-4.3,-4.4,-2.1,-3.0,-6.9,-4.3,-7.9,-4.7,-4.7,-5.8,-2.1,-5.9,-4.1,-2.6,0.6,-2.5,-2.0,-3.4,3.3,-4.0,-4.9,-4.0,0.2,-1.0,0.1,-6.4,-0.7,2.5,1.8,5.4,2.8,-2.6,-3.9,-2.5,-6.4,-0.2,0.1,3.1,8.0,10.4,11.1,16.0,-1.1,10.5,-4.1,1.8,-0.9,-2.6,-3.1,-2.7,0.1,-3.5,0.0,-0.1,2.8,2.1,-2.2,0.6,-3.1,0.3,-4.3,-7.2,-0.1,2.9,1.3,1.4,1.4,-4.8,0.5,8.6,5.4,4.8,1.1,-0.2,14.2,-0.5,-0.2,0.6,-3.0,-0.6,0.5,-1.5,-3.1,-1.4,1.3,0.5,0.4,-0.9,-3.7,2.7,1.5,0.3,-1.3,-7.1,3.3,0.0,1.7,2.3,2.2,6.4,8.8,1.8,2.1,0.7,-1.0,0.2,0.4,1.2,1.6,1.5,-6.3,-1.4,-2.9,-0.3,10.1,1.2,-1.9,2.4,-0.7,-5.2,0.5,1.1,-1.3,-1.3,-1.6,-2.7,5.1,-1.7,3.3,-5.4,-3.5,2.4,-0.1,-6.7,-3.0,-2.0,-3.3,-1.0,-2.4,-2.7
2C7L51ALoW,0,48.105821,11.636522,4442926.06,2778268.27,535.7,581.4,263,7504,2.4,0.88,0.35,32.69,348.97,-0.53,-0.103,0.842,-0.6,0.1,-0.29,0.18,0.5,0.2,-0.3,-0.9,-2.2,-0.8,2.9,-1.5,-1.5,-1.8,-1.9,-0.9,3.3,-1.3,-2.6,1.4,1.1,4.5,-1.7,0.5,0.1,-0.1,0.8,1.8,-0.1,-8.6,1.9,0.3,0.8,2.6,-0.9,-1.2,-3.4,2.7,-5.7,-4.4,-7.4,-2.3,-1.4,-5.9,-2.7,-4.3,0.0,9.0,-0.1,-1.1,4.0,-2.1,-1.5,1.4,-3.6,-0.7,1.0,0.6,0.4,-0.6,-1.5,0.3,-0.6,-1.3,0.6,-0.2,-2.7,-2.1,-0.5,-6.0,-0.5,0.5,0.4,-1.2,0.4,-1.4,-0.7,1.1,-1.1,-0.4,-1.1,-1.8,0.4,-1.0,-0.6,-0.1,0.6,0.0,-0.7,-0.1,0.4,-1.4,-0.8,-1.4,-2.0,-0.3,-2.0,-2.9,-3.6,-1.9,-4.7,-0.9,-1.1,-1.8,-0.8,-0.0,-1.5,-1.6,-0.2,-1.4,1.3,-1.3,-0.7,-1.7,-1.6,-2.9,-1.8,-1.7,-3.9,-3.4,-4.5,-0.0,-1.1,-1.7,-1.8,0.6,-2.0,-0.9,-0.5,-2.4,-1.2,-0.6,0.7,0.0,-0.1,-1.9,-2.8,-0.8,-0.8,-1.1,-1.2,-3.1,-5.4,-2.2,-1.9,1.0,2.3,-0.0,-4.0,-5.8,-3.0,-2.3,-1.7,-0.8,0.6,-1.7,-0.9,-0.8,-1.0,0.3,-2.0,-0.7,-0.8,-2.0,-1.0,-3.2,-2.4,-4.1,-8.9,-2.2,-4.3,-6.6,0.4,2.8,2.2,-1.5,-5.9,-3.5,-2.6,-6.2,-1.4,-2.8,-2.1,-1.7,-2.0,9.6,-3.1,1.7,-1.7,-8.0,-2.8,-1.5,-1.8,-1.8,-1.2,-1.3,-2.2,-6.8,-4.6,-5.8,-5.8,-2.2,-4.5,-2.5,-4.6,-2.5,-2.6,-5.8,4.5,-5.9,-5.0,-9.2,-4.9,-5.0,-4.9
2C7L51ALm2,0,48.104735,11.627917,4442287.67,2778133.39,545.0,590.7,263,7350,2.1,0.86,0.38,32.65,348.97,-0.53,-0.103,0.842,-0.9,0.1,0.5,0.17,1.4,0.1,-0.3,-0.4,-0.6,-0.1,-0.1,-0.1,-2.6,0.2,1.0,0.4,-0.3,-0.7,-0.3,-1.7,-1.5,-1.2,-0.9,-1.9,-6.2,-4.9,-6.7,-5.3,-5.6,-4.2,-3.3,-1.0,-4.5,-0.6,-3.9,-5.0,-6.0,-9.0,-10.1,-8.7,-3.2,-2.3,-6.1,-3.8,-0.3,-2.4,-0.3,-1.8,-5.1,-3.0,-5.4,-8.0,-8.7,-6.4,-6.9,-1.7,-4.2,-2.2,-4.4,-4.8,-6.2,-3.3,-1.1,-0.9,-3.3,-2.7,-3.0,-2.9,-4.0,-0.8,-5.5,-5.4,-4.4,-4.1,-2.7,-6.6,-4.3,-4.5,-3.8,-7.1,-6.6,-3.4,-5.6,-3.4,-7.6,-8.1,-10.2,-5.1,-9.3,-9.8,-10.6,-6.7,-6.8,-8.5,-6.6,-7.3,-4.6,-4.9,-10.1,-8.3,-4.7,-7.2,0.5,-6.1,-2.6,-3.8,-2.6,-5.2,-6.1,-7.7,-5.4,-8.0,-8.2,-5.4,-6.4,-6.7,-5.3,-6.8,-4.1,-6.2,-6.7,-5.2,-4.7,-8.9,-5.3,-8.3,-5.6,-4.1,-2.4,-1.2,-2.3,-4.5,-4.3,-5.4,-4.1,-8.5,-8.7,-4.7,-6.1,-10.2,-9.5,-6.4,-5.2,-6.6,-12.3,-6.1,-2.5,-5.1,-6.5,-5.8,-5.6,-3.7,-4.3,-1.7,-2.8,-4.6,-5.1,-4.4,-3.3,-4.3,-5.7,-4.3,-4.5,-7.1,-5.5,-5.3,-4.8,-5.6,-5.2,-7.2,-7.6,-8.0,-6.6,-4.6,-3.7,-4.9,-6.4,-7.8,-10.0,-9.9,-6.8,-6.9,-6.6,-5.3,-5.3,-5.9,-7.3,-8.1,-7.0,-6.0,-6.0,-5.0,-11.5,-7.7,-8.2,-12.6,-12.3,-12.6,-7.4,-8.3,-11.6,-8.0,-6.3,-7.8,-6.4,-9.1,-5.9,-6.7,-6.1,-6.6,-4.8,-4.7,-6.3,-5.2,-5.7
2C7L51ALm8,0,48.104766,11.628156,4442305.36,2778137.2,540.3,586.0,263,7356,1.5,0.94,0.21,32.65,348.97,-0.53,-0.103,0.842,-0.7,0.1,-0.21,0.11,1.2,0.1,-0.3,0.1,1.1,-0.2,0.8,-1.1,-2.2,-0.6,-0.7,-1.0,-2.2,-0.4,-1.2,-1.7,-2.2,-0.6,-1.1,-2.7,-3.7,-2.8,-3.9,-2.2,-1.9,-1.1,-1.0,-0.1,-1.9,0.7,0.1,-1.9,-3.7,-4.8,-6.4,-6.7,-4.4,0.2,-2.0,-0.1,0.8,-0.2,0.3,0.4,-1.3,-0.1,-1.1,-0.7,0.6,-0.9,-1.5,-0.7,-0.5,-0.4,-0.9,-0.4,-0.6,-0.8,0.5,-1.3,0.2,1.2,-0.3,-0.2,-1.1,-0.4,-0.9,-3.0,-0.8,-0.8,0.2,-1.2,-1.3,-2.0,-0.7,-1.3,-1.0,-0.3,-1.1,-1.2,-2.0,-2.5,-3.0,-1.7,-1.6,-1.4,-2.9,-2.8,-2.3,-1.3,-3.9,-4.0,-4.4,-2.9,-3.6,-3.4,-2.6,-2.5,-2.6,-1.5,-2.2,-2.7,-1.3,-0.7,-1.4,-1.1,-1.7,-1.1,-1.4,-1.8,-1.4,-1.0,-2.5,-1.9,-1.8,-1.4,-1.8,-1.2,-1.0,-2.5,-1.6,-0.3,-0.9,-0.5,-0.9,-2.6,-2.3,-2.5,-1.9,-2.0,-2.4,-2.7,-4.4,-4.2,-3.8,-2.5,-3.5,-3.6,-4.0,-4.1,-7.3,-0.9,-0.4,-3.0,-2.6,-1.8,-1.5,0.0,-2.0,-4.1,-1.3,-1.9,-1.6,-1.0,-1.5,-1.6,-2.3,-2.8,-2.4,-1.9,-2.0,-2.2,-1.9,-3.5,-3.2,-4.7,-4.4,-6.3,-1.5,-2.6,-2.1,-1.2,-2.2,-2.7,-4.8,-6.3,-4.5,-4.0,-0.0,-2.5,-2.3,8.3,-3.6,-5.3,-4.3,-3.5,-5.1,-4.0,-4.1,-4.6,-4.8,-2.6,-5.4,-7.6,-7.5,-5.1,-6.6,-5.3,-5.9,-7.2,-4.7,-6.3,-4.0,-5.1,-3.8,-4.2,-1.9,-1.3,-2.5,-2.8,-2.8
2C7L51ALmR,0,48.104927,11.62941,4442398.43,2778157.15,548.0,593.7,263,7375,4.2,0.65,0.48,32.66,348.97,-0.53,-0.103,0.842,-0.5,0.2,0.39,0.32,2.0,0.3,-0.3,-0.6,0.2,-3.5,0.3,-3.3,-4.6,0.5,-0.6,-1.4,8.4,-3.4,-10.2,-1.7,-3.5,-3.6,-2.1,-3.4,-2.1,-3.9,-6.5,-3.4,-5.4,-5.7,-3.0,-1.1,1.5,-0.4,-2.7,1.4,-6.5,5.9,-5.6,-7.2,-12.1,-2.2,-7.5,-3.0,-0.2,2.9,3.0,-2.5,-5.8,0.1,2.9,-1.3,1.8,-1.4,-1.5,-2.9,-0.6,2.1,-4.8,-12.0,-6.3,-4.1,-1.4,-4.9,7.5,-10.4,-6.0,-0.8,-1.5,2.7,-0.8,-7.5,-3.0,-1.8,-7.8,-2.7,-4.4,-2.9,-3.8,-4.1,-4.0,1.1,-3.1,-1.6,-4.0,-6.1,-9.7,-4.0,-5.0,-2.6,-4.6,-2.7,-1.5,-5.1,-3.6,-4.9,-3.4,-4.0,-4.2,-6.0,-4.5,-4.3,-1.7,-6.7,-4.0,-2.3,-1.3,-1.6,-0.9,1.0,-2.8,-0.4,-0.6,0.2,-0.3,0.1,-2.7,-2.2,-1.4,-2.7,-1.3,-3.4,-5.4,-5.7,-2.6,-0.1,-4.0,-4.2,-4.2,-4.2,-2.0,-4.6,-2.7,-8.2,-5.7,-5.1,-12.3,-3.5,4.7,-15.0,-4.7,-6.7,-4.4,-7.8,-16.9,-1.6,1.5,-1.5,-9.1,5.7,-0.4,-3.0,-4.7,-0.8,0.6,-2.0,-5.4,-3.2,-3.8,0.2,2.7,-1.3,-4.4,-5.7,-11.3,-15.4,-8.3,-7.4,-7.7,0.7,-8.2,-10.1,-6.5,-1.0,-5.7,-5.0,5.3,6.0,-11.4,-6.4,8.3,-17.1,3.0,-0.4,-0.0,-1.6,1.9,1.1,-3.1,-1.4,-3.4,0.2,-8.9,-11.2,-8.6,-3.8,-7.2,-11.3,-13.1,-9.5,-8.8,-6.9,-3.5,-0.4,-0.8,-5.4,-8.3,-14.4,9.0,-2.7,10.8,-1.7,-1.2,-4.2,-5.1
2C7L51ALoR,0,48.105808,11.636272,4442907.44,2778266.35,537.9,583.6,263,7499,3.2,0.79,0.42,32.69,348.97,-0.53,-0.103,0.842,-0.4,0.2,-0.03,0.24,0.6,0.2,-0.3,1.0,-1.5,-2.1,-3.5,-4.0,5.5,-3.6,-0.8,-1.6,11.0,2.2,2.5,-1.1,-2.0,-0.5,-1.2,-0.4,-3.2,-5.6,-2.0,-5.1,-0.1,-3.5,0.7,-1.6,2.5,-0.5,5.4,-9.6,-2.6,5.9,-3.6,-3.6,-3.7,-1.3,-0.3,-0.7,-1.0,3.2,1.4,-0.2,10.9,-1.0,-3.4,-0.5,-2.7,4.1,-3.7,0.1,-3.7,-1.0,-2.5,-2.4,-1.9,-2.5,-1.7,-2.5,-3.1,-1.5,0.8,0.6,-4.1,-5.0,3.4,1.0,4.7,-0.3,-7.4,-4.3,-2.4,0.7,-2.1,-2.9,-0.8,-3.7,-1.6,-3.1,-4.4,-1.8,-2.4,-4.6,-2.8,-3.1,-0.9,-3.5,0.3,1.1,-4.7,1.4,-0.6,-1.7,-8.2,-0.3,-4.3,-2.0,0.1,-1.0,0.0,0.2,-1.7,-2.0,1.3,-3.3,-0.2,-0.3,-1.4,-0.8,-3.4,-2.3,-2.3,-0.2,-0.9,0.3,-5.0,-3.5,3.2,0.3,-3.6,6.0,0.5,-0.2,-1.3,4.0,-2.5,-2.5,-4.0,4.1,-1.6,-1.5,-4.3,-0.7,0.7,7.1,-2.5,-3.0,-2.8,-2.2,-2.1,-0.7,0.4,7.9,-5.1,-4.3,-2.8,-2.3,-2.7,-3.8,2.6,-0.8,-4.3,-2.0,-3.1,-0.1,-2.9,-0.7,-1.7,-4.3,-2.1,-3.0,-5.3,2.1,-5.5,-10.2,-4.8,-2.3,-1.5,1.3,-0.1,-1.0,-3.4,-1.9,-3.0,4.7,4.5,-3.2,-0.3,-1.2,-2.2,-4.7,-2.3,-4.5,-3.1,-5.2,-3.5,-2.5,-3.6,8.2,-4.0,-10.6,-4.0,-7.6,-3.0,-4.3,-0.4,0.8,2.0,-2.6,-4.2,0.3,-5.9,-12.6,-4.6,-1.3,-4.9,1.2,2.9,-5.0,2.8
2C7L51ALkk,0,48.104166,11.623347,4441948.59,2778062.73,543.7,589.4,263,7270,3.9,0.69,0.49,32.6,348.92,-0.529,-0.104,0.842,0.6,0.2,-0.17,0.29,1.0,0.3,-0.3,-1.5,-1.3,-0.4,-4.9,-2.4,-11.2,-1.4,2.3,2.5,-12.6,2.0,7.6,1.3,-2.8,1.7,-1.6,2.6,-1.3,1.5,1.9,2.9,4.9,7.4,2.3,9.0,5.2,-1.2,-1.1,4.2,2.1,-4.4,3.9,1.7,3.0,2.6,-3.9,2.0,-2.8,0.3,-6.5,4.8,-3.0,2.2,1.1,1.2,1.8,8.0,-0.3,3.7,-2.2,3.4,-3.9,-5.0,8.8,-1.3,-10.1,-8.3,8.3,4.0,9.2,-9.6,-5.5,-2.4,-5.7,-8.1,7.1,1.2,0.1,2.7,-0.6,-0.8,1.0,-3.2,-1.4,0.3,-0.1,-5.1,0.8,4.7,2.9,-1.1,9.3,2.2,-0.1,2.1,1.9,2.0,-4.3,-4.1,-3.9,-2.9,-2.4,-4.1,6.4,-1.2,1.7,-3.8,-5.2,1.2,-0.7,-1.6,-12.3,-3.7,1.2,-2.3,1.3,3.1,0.9,-0.9,1.5,1.0,-2.0,1.0,-0.5,1.5,0.5,0.7,-0.1,0.1,0.8,1.6,0.4,3.6,6.2,3.7,-2.3,2.6,2.4,-0.3,0.1,-1.2,3.7,5.4,7.7,-3.4,-8.5,3.7,-4.3,1.5,-0.8,2.6,3.6,1.0,-2.0,-2.5,11.6,3.8,4.8,2.6,4.0,2.1,-0.4,3.3,3.3,3.9,5.2,2.4,1.3,7.2,1.7,2.9,5.6,2.5,1.0,-1.4,1.0,2.8,-1.9,-2.6,0.4,2.4,3.0,6.6,0.8,0.6,5.0,2.4,4.2,1.7,3.2,4.3,2.7,1.9,0.9,2.3,1.9,2.4,3.6,4.8,13.7,-0.1,1.6,0.9,0.6,2.3,1.4,-0.8,-4.7,-4.2,-3.1,0.7,-1.1,-1.6,-2.5,4.3,6.2,-0.9,4.9
2C7L51ALmE,0,48.104818,11.628415,4442324.55,2778143.39,535.9,581.6,263,7362,3.7,0.75,0.52,32.65,348.97,-0.53,-0.103,0.842,-0.2,0.2,-0.57,0.28,1.2,0.2,-0.3,-0.8,-0.5,-2.3,-0.4,0.7,2.1,2.4,-0.5,1.0,-5.6,4.4,1.4,-0.5,-1.6,3.5,0.9,-0.1,-0.2,-1.6,-0.6,-4.7,3.5,-2.8,1.3,-6.6,0.4,2.4,-0.3,-3.2,-3.7,-19.8,-4.0,-12.9,-1.5,3.8,1.0,-5.9,-3.6,4.7,-17.3,4.5,0.5,-2.6,-3.5,8.3,0.9,0.3,-0.6,-2.6,3.8,3.4,0.1,3.7,2.1,-1.3,-0.3,-1.8,-0.3,2.6,2.2,6.9,6.6,-14.8,-3.1,-0.5,2.0,0.8,-2.3,-2.0,0.2,0.4,1.1,-0.1,-2.6,2.0,-0.5,3.1,3.4,-0.7,1.1,-0.7,-0.1,-3.8,-5.5,-8.2,-1.4,-1.0,0.2,-3.5,-5.7,2.7,-4.0,-1.3,-3.2,0.6,4.4,3.1,-11.9,-2.9,-0.9,-3.7,6.4,7.2,-0.6,2.0,-0.9,-2.0,1.7,-3.3,0.9,1.2,-1.3,1.3,0.4,1.0,-1.6,-2.4,-7.0,3.2,-2.1,5.0,0.8,0.9,0.7,3.8,2.7,2.8,0.6,4.0,-3.0,-6.1,5.8,5.6,-2.1,5.8,1.0,0.6,-3.9,-3.3,0.2,0.2,0.9,-0.4,2.2,-0.6,1.1,0.4,1.0,-0.5,-2.0,1.4,2.6,-0.1,0.8,5.3,-4.1,-3.5,-5.5,-1.4,-5.7,1.0,-0.9,-1.2,-3.1,-2.1,-5.5,0.7,-5.5,-4.7,1.2,1.8,-2.0,4.1,0.5,-2.2,1.8,2.8,1.1,-3.8,2.0,-1.9,-5.3,-2.7,-1.2,-2.2,-1.0,-11.3,-0.7,-0.9,-4.6,-5.1,-5.4,1.0,1.1,1.8,-1.5,-1.3,-0.9,-5.3,-2.9,-1.5,-0.7,-2.3,-1.1,0.9,-6.3,-1.5,0.8
2C7L51ALmL,0,48.104894,11.629015,4442369.04,2778152.91,545.0,590.7,263,7369,4.7,0.58,0.49,32.66,348.97,-0.53,-0.103,0.842,1.0,0.2,-1.11,0.36,0.5,0.3,-0.3,-1.5,-6.5,3.0,-0.9,1.8,-3.9,-0.1,-2.0,-8.2,-3.1,0.3,-4.8,13.6,-2.1,6.0,8.6,6.8,4.7,7.6,4.8,4.2,3.0,4.0,4.9,4.1,3.6,-0.4,1.4,15.0,3.0,-8.6,-3.3,-0.1,-1.3,6.3,4.0,5.5,8.3,0.7,7.6,2.2,1.3,6.7,3.2,5.3,4.9,0.5,4.0,15.0,3.6,-4.3,-1.8,-1.8,2.7,3.9,9.6,0.7,0.0,-2.1,-2.1,-10.1,-1.1,-1.1,-1.3,1.7,1.1,4.6,4.9,2.4,4.8,1.7,3.6,-2.2,2.3,-0.3,6.0,5.4,4.7,1.3,6.4,10.9,4.0,7.3,5.1,6.2,6.6,5.6,7.5,6.2,3.5,4.7,13.4,5.4,1.6,5.6,7.9,11.0,8.6,6.7,5.9,6.1,6.3,4.4,7.7,7.3,7.7,7.8,10.0,9.0,9.1,7.5,9.7,7.8,8.6,6.0,5.2,3.9,8.4,7.4,6.3,2.3,8.2,9.0,8.0,9.4,11.1,3.4,5.1,4.1,0.8,7.5,-0.7,-1.6,5.9,5.7,6.7,6.3,6.2,9.0,13.5,6.0,5.9,6.5,13.3,4.9,2.8,2.8,0.4,4.4,9.1,2.5,1.8,8.5,5.1,6.3,5.3,3.5,0.5,4.6,4.9,1.5,3.5,20.4,14.6,3.5,4.0,12.3,5.8,7.2,8.0,-1.2,-0.4,3.8,18.3,-4.6,20.7,14.1,13.6,19.0,13.8,5.6,3.9,6.7,3.6,5.1,4.6,0.4,3.0,8.7,2.9,1.9,5.0,4.8,1.4,4.5,4.7,2.4,1.5,-0.4,2.8,2.1,-0.0,11.5,-3.6,20.1,14.0,11.8,9.7
2C7L51ALmS,0,48.104882,11.628918,4442361.85,2778151.42,521.6,567.3,263,7376,3.5,0.74,0.49,32.66,348.97,-0.53,-0.103,0.842,-0.5,0.2,0.03,0.27,1.3,0.2,-0.3,-1.4,-0.7,0.8,0.8,-2.8,-2.4,-1.1,-1.6,0.0,-0.6,-0.4,-1.9,-1.4,-1.5,-2.1,-1.6,-1.4,-0.7,-5.0,0.3,-2.4,-4.2,-2.8,-1.9,-1.5,-1.0,-0.2,0.7,2.1,-7.5,-4.2,-10.1,-6.1,-7.3,-0.5,-7.1,-5.0,-6.2,-4.3,-8.2,-0.4,-4.6,-3.9,1.2,-2.7,0.4,0.9,-7.6,-4.2,-2.0,-1.0,-3.5,0.4,-1.2,-0.8,-1.1,0.3,-1.5,-2.8,-1.1,-0.9,-1.5,-2.3,-0.2,3.7,-1.4,-1.5,-0.8,-2.8,-0.5,-0.7,-2.0,-2.4,-1.0,-0.4,-4.1,-3.4,-3.8,-2.4,-5.2,-2.1,-0.6,-7.7,-7.7,-4.7,9.6,-1.0,-10.4,-3.1,-4.0,-8.2,-1.9,-3.5,-6.7,-3.0,0.6,-7.2,-7.5,0.4,-3.3,-5.0,-5.7,-6.8,-3.6,-5.7,-4.7,-1.1,-2.7,-2.1,-6.3,-3.0,-3.9,-7.0,-4.1,-4.2,-1.7,-6.6,-5.8,-4.2,-2.2,0.5,-2.2,-4.7,-2.3,-3.8,-5.1,-0.1,-4.2,-8.7,-7.7,-14.5,-6.0,0.6,-5.1,4.0,-13.7,0.9,0.3,0.8,-6.5,4.4,-5.6,-1.2,0.5,-1.7,-4.6,0.5,-3.8,-5.5,5.9,-2.2,1.4,-4.9,-2.2,-2.7,-5.0,-2.9,-2.1,-1.9,-0.4,-6.3,-0.0,-6.2,-8.0,-6.1,-9.2,-10.1,1.7,5.2,4.6,1.4,-2.8,-1.1,-9.4,-1.5,-5.9,-2.9,-5.1,-6.9,-4.6,-1.6,-7.0,-0.9,-0.5,-6.3,-5.1,-2.1,-8.1,-9.7,-13.3,-7.0,-8.8,4.0,-6.5,-3.6,-16.0,-9.2,-11.7,-4.3,8.1,-3.2,-3.1,-5.6,-3.1,-2.6,-3.1,-3.3,-3.4
2C7L51AcnK,0,48.103967,11.621652,4441822.76,2778037.83,538.8,584.5,264,7242,2.8,0.84,0.44,32.6,348.92,-0.529,-0.103,0.842,-0.4,0.1,0.14,0.21,0.4,0.2,-0.3,0.8,-2.1,0.4,-1.6,0.1,1.8,2.8,-0.1,-1.2,-0.3,-1.0,2.5,0.6,-1.1,0.1,-2.0,-2.8,-1.6,0.6,-0.6,-0.8,0.2,-0.3,-4.9,-2.1,-0.8,-1.7,-1.9,-5.4,-4.9,-3.7,4.7,-8.3,-2.7,-6.9,-6.1,4.8,-3.2,-0.2,-0.7,-3.2,-3.7,0.0,-3.5,-3.5,-5.5,-0.1,-3.4,3.3,-0.2,5.8,-0.2,-1.1,-2.2,1.1,-2.7,2.0,-0.8,-3.8,-2.7,-3.3,-3.5,-4.0,-4.6,2.0,-3.5,-1.7,-3.1,-2.6,-2.4,-2.7,-2.2,-0.5,-2.1,-2.7,-3.6,-2.7,-0.6,0.6,-3.3,-3.1,-4.0,-1.8,-4.3,-0.7,-3.7,-2.9,-8.0,0.0,-7.6,-4.0,-3.6,-3.4,-0.1,-3.5,-1.3,-5.8,1.1,-13.8,-3.2,-4.7,-3.7,-2.3,-1.7,-3.4,-0.9,-6.9,-3.7,-1.9,-2.1,-1.4,-1.9,-0.6,-2.0,-0.9,-5.4,-3.9,-2.9,-1.5,1.5,-1.1,0.2,-1.5,-1.9,4.4,-1.8,-0.5,-1.2,-2.1,-3.9,-1.0,-3.5,-7.8,-7.0,12.5,-0.8,-2.1,-0.5,2.3,2.8,-2.3,-3.8,-4.9,-4.6,-1.8,-0.3,-1.2,-0.2,-2.3,-2.0,-2.7,-4.7,-3.7,-3.0,-2.2,-2.2,-2.2,-0.5,-0.1,-3.3,-7.3,-4.5,0.0,-2.3,-4.7,4.3,-3.1,-4.4,-0.3,2.5,-2.5,-3.2,-5.2,-3.6,-2.5,-6.7,-7.5,-5.2,-4.7,-2.2,-5.0,-5.3,-2.6,-2.4,-2.9,-5.1,-1.4,-3.6,-4.5,-3.8,-8.3,-7.8,5.9,-4.4,-4.4,-0.9,-1.7,-1.9,-2.6,-2.6,-7.2,1.2,-3.6,-2.5,-3.8,-0.9,-3.7,-3.7
2C7L51AcnL,0,48.103973,11.621698,4441826.15,2778038.55,538.3,584.0,264,7243,2.9,0.82,0.36,32.6,348.92,-0.529,-0.103,0.842,-1.1,0.1,-0.07,0.22,0.9,0.2,-0.3,1.0,-0.2,-0.3,-3.0,-1.0,-3.9,0.7,2.5,1.8,3.1,0.2,-2.1,4.6,-0.1,5.8,0.8,-0.7,-0.8,-0.1,-0.5,-1.4,-0.7,-0.0,-1.6,-0.4,1.9,2.2,-0.8,-1.1,-5.8,-16.6,-2.7,-3.2,-2.3,-6.8,-2.0,1.1,2.6,5.6,4.4,1.8,1.3,4.1,0.4,0.6,-0.3,-1.4,-2.5,0.4,1.2,1.4,-0.8,-0.4,-1.5,-3.1,-1.5,-0.7,-5.0,-1.9,-4.3,-3.1,-2.7,-6.2,-4.0,-8.6,-4.8,-3.9,-4.4,-2.3,-3.6,-3.6,-1.1,-3.1,-2.8,-1.6,1.2,-1.6,-2.1,-1.8,-2.1,-0.9,0.8,-3.0,-3.8,0.5,-4.7,-1.1,-6.0,-3.7,-0.1,-1.6,-4.1,-1.3,0.6,-5.2,-3.0,-7.3,2.3,4.6,7.7,-3.1,-2.3,1.3,-1.0,-2.1,1.9,-14.8,-1.8,1.1,-5.1,-3.8,-5.1,-2.3,-3.2,-1.3,-2.4,0.1,-3.8,-0.6,0.3,-0.4,-1.8,-2.1,-2.1,-1.1,-0.5,-6.2,-4.1,-4.0,2.1,-4.7,-1.1,4.8,-4.7,4.9,3.6,0.4,-1.2,-1.3,0.1,-3.5,0.3,0.4,-3.1,-6.9,-4.3,-5.5,0.2,-2.9,-3.2,-4.2,-4.6,-6.8,-7.0,-6.1,-4.3,-4.5,-5.5,-3.6,-3.8,-6.2,-4.8,-3.0,-3.4,-5.2,1.4,-1.6,-3.5,-0.0,-1.3,-4.9,-4.5,-7.5,-5.1,-5.5,-3.9,-4.1,-5.2,-6.3,-4.4,-5.0,-4.4,-6.7,-4.1,-5.2,-6.4,-5.6,-2.8,-3.2,-4.9,-10.3,-5.5,1.0,-10.2,-8.4,-1.5,0.2,-2.6,-4.0,-4.9,-8.0,-5.9,-6.7,-6.3,-7.5,-5.7,-7.5,-4.2
2C7L51AcnU,0,48.104035,11.622176,4441861.64,2778046.17,536.3,582.0,264,7252,4.6,0.58,0.48,32.6,348.92,-0.529,-0.103,0.842,-2.3,0.2,-0.79,0.36,1.4,0.3,-0.3,-7.5,11.9,-9.0,-8.8,13.5,-8.8,0.2,2.5,10.2,2.8,8.1,0.4,2.4,3.0,2.2,2.5,3.8,5.2,4.0,-2.9,5.1,-1.5,1.6,5.5,5.3,16.6,4.7,8.8,-2.1,-5.0,11.0,7.3,3.4,-5.1,-7.1,-1.1,-8.2,4.6,-0.9,3.8,-2.2,-2.2,13.4,1.8,-3.8,1.3,4.8,-4.1,3.3,1.2,1.5,2.8,0.5,8.6,-2.4,-1.2,-2.0,3.7,7.9,-0.2,3.7,2.4,0.2,0.8,5.5,0.1,-3.5,5.5,0.5,0.3,-0.2,0.6,0.6,2.1,1.5,0.9,4.6,9.6,1.5,10.9,13.6,1.4,-1.5,2.9,-3.7,2.8,1.1,-6.6,1.3,-3.4,-0.3,3.2,-9.4,-1.6,5.9,7.3,-4.3,1.0,3.9,3.4,-11.2,6.0,-2.6,6.5,1.5,-3.4,-5.4,6.4,0.7,5.1,3.2,2.5,-8.8,1.0,2.7,-1.6,-5.2,0.2,1.0,3.0,2.4,2.2,5.8,-5.1,5.0,11.7,-0.5,2.9,2.2,8.3,3.5,1.4,1.5,8.0,-11.9,-2.2,-9.3,-6.1,-0.6,-0.6,-5.6,-6.8,-2.8,-2.9,-3.7,-3.4,-1.9,-3.0,-3.8,-6.7,8.4,-5.2,-3.1,-5.9,-3.3,-3.2,-7.1,-5.5,-2.2,-10.5,-1.4,-5.9,-1.8,-5.7,-3.1,-8.8,-7.5,-9.9,-2.5,-5.1,-7.6,-8.7,-6.6,-10.4,-11.3,-4.7,-9.5,-3.9,-7.7,-14.5,-7.9,-5.4,-6.0,-9.2,-12.6,-4.9,-5.1,-3.1,-7.1,-9.8,-10.2,-4.6,-5.2,-18.8,-2.1,-6.3,-5.1,-6.3,-10.4,-8.5,-8.0,-7.8,-6.3,-9.4,-6.4,-4.8,-5.5,-3.0
2C7L51AcpC,0,48.104801,11.628139,4442304.01,2778141.06,532.6,578.3,264,7358,2.8,0.81,0.48,32.65,348.97,-0.53,-0.103,0.842,-0.9,0.1,-0.55,0.21,1.3,0.2,-0.3,-2.1,1.0,-2.0,-0.2,-0.3,-1.2,-1.2,-1.5,-3.7,-0.2,-0.4,0.9,-1.9,0.2,0.9,-2.1,-2.6,-1.0,-1.7,-4.7,0.3,0.9,-1.9,5.4,4.0,-0.4,0.8,1.3,2.7,-5.4,-2.6,-6.7,-6.9,-5.3,0.5,-8.8,3.4,1.5,4.4,9.5,1.4,-1.9,0.6,0.3,1.0,-0.1,-0.4,-0.3,0.2,4.0,0.7,-1.1,2.6,4.0,1.1,3.0,1.7,-0.1,2.5,0.0,0.4,-2.9,-6.4,6.4,2.7,1.3,0.6,2.4,-2.2,-2.1,-0.5,-2.1,-4.3,-3.0,-1.4,-0.5,-0.3,0.6,-1.2,1.8,-2.4,-0.2,-0.3,-2.2,-3.1,2.4,1.4,1.9,-1.0,-3.1,2.2,4.0,-4.7,-1.7,-7.8,-0.2,-0.8,-10.2,-2.5,0.5,-3.6,-0.4,-8.2,1.5,-2.2,-2.5,-0.2,-1.2,-1.0,-2.0,-0.5,-0.6,-0.3,-0.4,1.2,-1.0,-1.2,1.5,1.1,1.0,2.6,2.7,-0.3,0.5,9.1,0.3,-0.2,-1.2,-3.0,-4.0,-3.5,0.4,-0.2,1.1,0.1,-2.9,-2.0,-7.6,-2.3,-1.3,-1.8,-0.7,-0.8,0.3,-0.8,-2.0,-2.4,-0.1,1.0,-0.5,-0.5,-2.1,-1.4,-3.8,1.0,-3.7,-3.5,-3.0,-1.5,-1.1,-3.6,-2.5,-11.3,-1.7,-6.6,-3.0,-2.0,-3.0,-3.9,-3.3,-3.6,-4.8,-3.5,1.1,-2.3,-0.3,-0.2,0.7,0.7,-5.5,-4.0,-4.6,-6.0,-5.6,-2.3,-4.3,-4.8,-0.5,-3.2,-3.6,-3.6,-7.6,-9.5,-3.5,-14.9,-2.1,-10.6,-6.1,-8.6,-8.5,-3.0,-1.2,-3.1,-3.2,-0.2,0.1,-1.6,-0.5
2C7L51AcpV,0,48.104923,11.629091,4442374.61,2778156.22,526.5,572.2,264,7377,3.5,0.81,0.41,32.66,348.97,-0.53,-0.103,0.842,-1.2,0.2,-0.72,0.27,0.3,0.2,-0.3,2.3,-2.6,0.5,-2.9,0.3,1.2,1.8,0.8,-0.3,0.9,-0.3,2.5,-2.1,1.0,0.4,-3.5,1.4,-0.5,0.4,-4.7,7.5,3.1,2.2,0.5,3.2,0.8,1.4,-0.5,-2.8,-3.0,-6.8,-2.4,-4.2,-3.6,4.6,5.1,0.2,-16.4,4.1,7.6,5.3,4.1,-11.9,-4.1,6.5,-0.7,0.9,4.0,-0.6,4.6,-1.3,3.8,1.2,0.8,-1.7,-1.5,-0.8,0.6,-0.6,-1.1,-2.0,-1.9,-12.7,-0.5,-2.2,2.6,-1.8,0.7,0.2,-0.8,-0.3,-0.7,-0.9,-0.6,-0.5,0.6,3.0,-0.6,-4.0,-2.4,1.4,0.7,1.7,2.9,3.8,1.8,-0.2,0.5,-4.1,-1.2,1.4,-1.3,-0.5,2.6,3.9,1.1,2.1,1.5,-2.9,0.2,0.4,0.8,0.6,2.8,-0.2,0.4,-0.2,0.6,0.1,-0.9,-2.3,-1.7,0.4,-0.3,-2.0,-0.9,0.5,-2.0,-0.2,-0.5,-1.5,-0.4,-0.0,-2.8,-1.7,-6.8,1.8,-5.6,2.2,-2.9,-3.2,0.8,0.3,-0.9,-2.3,2.9,-0.9,-5.0,-5.2,0.5,-0.8,-0.8,-2.4,-3.6,0.4,-1.8,-2.5,-1.3,-1.6,1.0,-4.3,-0.9,-1.0,-1.9,-2.3,2.6,0.6,0.6,0.3,-0.2,1.1,-3.4,-1.3,-3.6,-4.0,4.9,-1.6,-2.3,0.8,-1.0,-3.0,-6.9,-6.4,-1.7,-1.6,-3.6,-7.4,-1.6,-1.7,-5.1,-2.9,-4.4,-9.0,-4.7,-2.1,-5.2,-4.8,-5.0,-6.8,-22.4,-23.8,0.2,-3.1,2.7,-8.0,-5.6,-6.5,-7.7,-7.9,-4.3,-3.7,-3.7,-4.7,-5.7,-0.6,-3.4,-4.5,-3.7
2C7L51Acpk,0,48.105075,11.630133,4442451.92,2778174.85,535.6,581.3,264,7392,2.7,0.81,0.45,32.66,348.97,-0.53,-0.103,0.842,-0.9,0.1,-0.07,0.21,1.5,0.2,-0.3,-2.0,1.8,-0.5,1.9,-0.0,-0.1,0.9,1.0,-1.3,1.5,-1.0,-0.5,0.4,-1.0,-1.4,-1.5,-1.6,-1.3,-4.2,-3.0,-4.0,-3.6,-1.3,-4.6,-2.3,-3.9,-1.6,-1.4,-5.5,-6.9,-8.2,-7.1,-7.0,-7.3,-0.7,-5.7,-2.9,-4.2,-0.1,-0.6,-6.6,1.7,-4.2,-11.5,2.0,1.9,-4.9,-0.2,0.5,0.1,3.8,-4.6,5.4,3.7,1.3,4.5,0.8,5.2,2.6,1.7,5.0,-0.1,2.4,-7.0,-6.8,-2.2,-1.6,3.9,1.4,-3.7,-1.6,-1.7,-6.8,-1.2,-0.9,1.0,0.6,-2.2,-1.3,-9.7,-0.2,-3.8,-1.5,-2.3,-1.8,-1.4,-3.9,0.3,-4.0,-2.5,-4.6,-4.1,-1.7,-3.8,-3.0,-5.2,-9.8,-4.1,-4.5,-1.4,-4.2,-7.1,1.7,-6.4,-7.9,-1.1,-0.2,2.1,-4.6,-2.3,-5.0,-1.8,-2.4,-0.4,-1.9,-3.3,-0.1,-2.4,-1.2,-2.8,-2.7,-2.3,-2.9,-3.9,-2.9,-5.1,-2.0,-3.4,-5.2,-9.7,-6.0,-0.7,-1.5,-2.6,-3.1,-3.5,-1.8,-8.2,-2.5,2.0,-2.2,-3.2,-5.1,-5.2,0.0,-2.9,-1.9,-4.0,-3.3,-12.0,-4.4,-1.6,0.9,-1.0,-0.4,-3.4,-2.5,-6.0,-4.6,-5.3,-3.9,-5.1,-4.3,-6.4,-6.3,-1.8,-4.8,-2.6,-3.0,-6.8,-7.1,-6.2,-7.6,-2.6,-5.9,-1.0,-3.3,-1.5,-14.2,-4.0,-4.4,-2.0,-4.2,-3.2,-5.4,-7.5,-6.1,-6.2,-4.3,-7.8,-6.8,-6.4,-4.0,-2.3,-4.2,-5.8,-4.7,-7.6,-5.3,-3.3,-6.9,-7.1,-7.5,-4.3,-5.2,-3.9,-3.4,-2.5
2C7L51AcnI,0,48.103996,11.621591,4441818.14,2778040.97,541.9,587.6,264,7240,4.7,0.65,0.44,32.6,348.92,-0.529,-0.103,0.842,-2.0,0.2,0.27,0.36,0.9,0.3,-0.3,0.4,3.3,-0.0,4.2,0.7,-0.1,-3.6,2.1,2.8,3.3,2.1,1.1,2.3,1.9,2.1,1.5,0.0,2.8,1.3,0.2,-5.5,1.0,3.5,0.3,10.8,3.8,2.8,1.0,-2.9,-4.1,-19.7,-6.2,-4.0,-7.8,-10.4,-0.8,-1.2,-0.1,3.5,2.7,-2.5,-1.0,-0.8,-0.9,0.9,-5.5,-0.9,-0.7,-0.2,-2.4,1.3,-7.6,-0.2,-1.2,-4.2,-2.0,-0.0,0.0,-3.8,0.9,-12.7,-1.0,-1.6,6.6,-2.3,-4.0,-2.9,-10.6,-1.9,-6.9,7.1,-2.4,0.3,-4.0,-0.3,-0.8,3.1,-4.1,1.0,-0.9,-0.2,-4.1,-0.8,-5.6,-6.7,-4.1,-0.2,-7.8,-2.0,-6.1,-18.8,3.3,2.1,-1.7,-7.6,0.2,-9.8,-3.8,-4.5,-5.0,-1.4,-1.2,1.1,-3.4,-2.2,-2.3,-1.7,-3.2,-3.4,-0.9,-1.7,-0.4,0.6,-4.2,-1.5,2.8,-6.2,-3.4,-2.9,-3.0,0.5,-3.4,1.3,-2.9,0.9,-3.0,-6.1,-5.6,5.4,-6.0,1.0,-2.0,-8.9,-4.7,-3.3,-2.5,-4.1,-5.5,-5.9,-0.6,-1.3,-12.4,-6.5,-22.6,-10.2,-12.3,-6.4,-14.6,-12.9,-8.9,-17.1,-8.0,-8.3,-9.8,-6.6,-5.3,-5.4,4.0,-6.6,-1.5,-5.9,-5.3,4.7,-7.7,-4.4,3.1,-5.3,-21.4,-14.4,-5.9,-9.1,-4.7,-7.0,-10.7,-7.1,-5.6,-1.7,-10.9,-5.6,-13.7,-9.9,-3.1,-10.4,-12.9,-0.8,-3.8,-22.7,-10.3,-4.5,-7.9,-2.6,-5.8,-7.7,-6.5,-7.7,-9.2,-2.2,-10.5,-3.2,-22.2,-13.3,-17.1,-6.6,-6.0,-9.1,-0.2,-7.9,-8.4
2C7L51Acnc,0,48.104137,11.622688,4441899.56,2778058.43,542.0,587.7,264,7260,2.5,0.83,0.38,32.6,348.92,-0.529,-0.104,0.842,-1.1,0.1,-0.32,0.19,1.4,0.2,-0.3,1.7,3.8,0.8,3.6,2.2,-0.1,2.9,2.5,0.7,-3.5,1.0,3.9,0.9,1.7,-1.1,-1.1,-2.7,-2.5,-0.4,-2.1,-4.6,-3.1,-1.1,-0.6,0.5,-0.5,2.0,-1.5,-2.1,-2.9,-8.1,-5.5,-4.3,-5.9,-5.2,-7.6,0.0,-1.8,-0.4,0.4,1.1,1.2,-2.1,-1.9,-2.4,-6.1,-4.7,-5.8,-11.8,0.8,-2.3,-0.9,1.4,-0.9,-2.1,-2.6,-0.5,-5.0,-1.6,-3.7,0.8,-0.5,1.8,-0.4,-0.6,-2.1,-1.8,-0.8,-1.2,0.0,-0.3,2.8,3.4,1.3,-0.1,-0.7,-1.2,-0.8,-2.4,-4.0,-1.4,-5.6,-2.7,-1.6,-2.3,-4.4,-4.7,-6.5,-1.6,-3.5,-3.6,2.0,-5.3,-1.0,-1.5,-0.1,-5.5,-4.4,-4.9,2.6,-1.9,-4.6,-1.4,-0.4,-1.2,-3.0,-1.2,-3.1,1.9,-1.1,-0.2,1.9,0.8,-0.4,-0.9,-2.0,-0.2,-1.5,1.0,1.2,1.7,1.8,0.2,-0.2,-2.8,-0.1,-2.1,-1.2,-1.4,-2.6,-2.9,-3.6,-1.9,-7.8,-6.8,-5.9,-2.6,-6.0,0.6,2.7,-1.0,-2.7,-2.8,-4.2,-3.3,-4.7,3.4,-0.8,-4.9,-4.6,-1.3,-5.2,-4.1,-4.6,-2.8,-2.6,-4.7,-3.6,-3.6,-4.7,-4.0,-8.2,-6.5,-4.7,-6.2,-6.4,-4.8,-9.6,-3.0,-6.5,-6.0,-8.2,-9.6,-5.2,-13.3,-14.5,-7.5,-2.1,0.5,-3.2,-4.2,-0.7,-4.1,-2.6,-5.9,-5.9,-6.8,-6.4,-3.6,-4.5,-5.6,-5.8,-3.8,-5.6,-5.1,-3.4,-6.4,-7.2,-7.1,-5.7,-8.8,-3.0,-5.4,-5.1,0.5,-7.0,-8.9,-7.7
2C7L51Acnd,0,48.104145,11.622749,4441904.05,2778059.4,542.1,587.8,264,7261,2.0,0.9,0.36,32.6,348.92,-0.529,-0.104,0.842,-1.1,0.1,-0.2,0.15,1.0,0.1,-0.3,-0.3,-0.8,-1.8,-0.4,-0.4,1.7,1.4,1.0,-1.7,-0.2,-1.3,3.7,-0.8,-0.4,-0.9,-1.6,-1.2,-2.4,-0.1,-2.3,-3.4,-3.4,0.4,-0.9,-0.0,-2.1,-0.8,-5.7,-3.9,-5.3,-12.7,-6.0,-5.4,-6.5,-6.4,-4.5,-1.6,-1.8,-0.3,0.4,-1.8,-5.4,0.3,-2.0,-1.5,-1.9,0.9,-1.9,-2.6,-1.4,-1.2,-2.1,-0.1,-2.2,-2.6,-1.3,-1.6,-2.4,-2.0,-2.0,-2.1,-0.6,-1.3,-2.2,2.5,-0.0,-2.4,-3.8,-2.4,-1.7,-3.3,-2.6,-0.4,-2.8,-1.2,-1.8,-2.5,-1.5,-2.2,-2.2,-1.0,-2.2,-3.8,-3.6,-3.4,-3.2,-1.8,-6.6,-3.2,-5.6,-3.1,-3.3,-4.5,0.5,-2.6,1.0,-4.9,-2.4,-2.5,-2.2,-3.8,-3.3,-1.9,-2.7,-3.8,-3.9,-3.6,-3.8,-3.7,-2.4,-2.9,-2.1,-2.3,-2.1,-3.6,-3.8,-2.5,-6.0,-2.8,-3.5,2.5,-5.5,-3.4,-5.4,-4.6,-3.4,-5.7,-2.2,-3.7,-3.0,-5.1,-4.6,-2.1,-5.1,-5.7,-3.6,-2.8,-6.1,-0.3,0.5,2.8,-4.1,-3.8,-4.5,-2.3,-5.3,-1.9,-4.3,-5.4,-6.4,-4.8,-6.3,-4.6,-5.8,-3.4,-5.7,-6.1,-5.1,-3.3,-5.8,-5.8,-7.0,-5.0,-6.8,-8.2,-6.0,-6.1,-8.5,-3.2,-3.5,-6.0,-6.1,-0.6,5.2,-6.7,0.1,-6.4,-5.7,0.0,-5.7,-6.4,-5.6,-7.4,-5.7,-6.3,-5.5,-6.4,-5.7,-5.1,-6.5,-8.6,-9.0,-7.2,-8.5,-7.4,-6.1,-6.3,-7.0,-7.9,-7.6,-11.5,-6.2,-7.2,-6.8,-5.1,-5.7,-5.3,-7.5
2C7L51Aco7,0,48.104346,11.624308,4442019.75,2778084.23,533.9,579.6,264,7291,3.2,0.77,0.48,32.64,348.97,-0.529,-0.103,0.842,-0.5,0.2,0.51,0.25,1.4,0.2,-0.3,-1.4,-0.5,-0.5,-0.8,-2.8,-1.8,-0.5,0.4,-1.6,-1.0,-1.5,1.1,-1.4,-0.5,-0.1,-2.7,-0.6,-2.0,1.1,-3.1,-0.5,-2.0,-1.7,-3.1,-0.1,-1.2,3.0,-0.1,0.0,-5.7,-13.4,-4.1,-5.5,-0.8,-4.3,-3.2,-0.3,-3.2,0.1,-0.7,0.5,1.5,-2.0,2.9,-1.1,-0.1,-0.7,-2.1,-0.7,-0.9,-2.1,4.1,9.1,-3.6,-4.0,-4.7,-3.5,-5.0,-5.5,-5.3,-5.1,-5.7,-4.8,-3.9,-4.8,-6.4,-5.5,-2.7,-5.8,-4.9,-5.2,-3.6,-6.7,-3.9,-2.9,-3.7,-4.1,-5.0,-2.0,-4.6,-4.8,-4.5,-5.3,-5.6,-3.8,-3.1,-6.8,-6.7,-4.5,-7.3,-7.1,-4.9,-7.9,-5.0,-2.9,-0.0,-3.4,-2.4,-6.3,13.9,-6.7,-0.9,4.9,-3.9,-3.3,-1.0,1.4,-3.8,-3.3,0.0,2.3,9.0,3.7,-11.5,-11.7,-8.0,-8.3,-7.2,-9.8,-5.4,-7.5,-8.3,-10.3,-13.7,-5.3,-5.6,-6.0,-1.1,3.0,-4.1,-3.5,-1.1,-1.8,-2.7,-3.7,-3.9,-2.1,-3.2,1.8,1.8,-4.0,-2.5,-2.3,-1.4,-2.2,-5.6,-0.6,-5.3,-4.8,-0.2,-6.4,-7.6,-1.8,0.7,-11.5,-4.8,-3.8,-3.6,2.8,1.5,-3.6,1.1,-2.1,-3.8,-3.7,-3.9,-1.6,-6.1,-1.2,0.4,-4.1,-5.2,-6.7,-4.4,-6.8,-4.7,-5.3,-4.7,-5.1,-5.0,-0.6,1.6,-2.0,-6.4,-3.8,-2.2,-4.7,-0.4,0.2,-5.5,-7.2,-5.9,-2.4,-4.5,-2.0,-5.2,-4.0,-1.1,-7.2,-0.1,-4.0,-4.1,-5.3,-7.6,-5.9,-7.4,-6.0,-3.4
2C7L51Acox,0,48.104816,11.627978,4442291.99,2778142.56,568.0,613.7,264,7343,4.0,0.68,0.48,32.65,348.97,-0.53,-0.103,0.842,-0.4,0.2,-0.25,0.31,0.6,0.3,-0.3,-1.3,-1.6,-0.7,-1.7,-0.7,-0.3,1.4,-7.5,4.2,-2.4,-5.1,-0.5,2.4,-6.5,1.2,-7.8,8.1,-0.3,-5.3,-0.8,-1.4,-4.7,-2.8,-5.9,3.7,-2.9,0.6,-3.8,-1.2,-9.0,4.6,-1.2,-7.5,-1.8,-0.1,-7.0,-0.8,-1.2,2.2,-3.6,0.3,-0.9,0.2,12.0,-3.5,-2.8,1.4,-0.7,2.7,-0.5,0.2,-0.3,2.8,0.5,1.6,-1.0,-5.5,3.6,-4.9,1.2,-0.4,-2.0,-7.3,3.9,-2.9,-3.2,-5.4,-8.9,1.8,-0.4,-4.4,-1.1,-1.2,1.4,-3.7,-2.6,-2.5,-5.9,-2.0,-7.6,-1.3,10.4,0.5,-5.5,-3.8,1.3,-3.2,-1.0,-2.3,-12.1,-2.8,-11.4,-6.1,-4.9,-5.6,8.8,-4.8,-2.1,-0.9,0.9,-6.6,-0.3,-0.7,-4.4,-0.5,0.0,2.9,-2.3,-3.0,-5.0,-6.4,-6.1,-5.0,-9.4,-2.8,-8.0,-10.8,10.5,-7.9,-0.1,-5.0,-3.1,-4.4,-4.0,0.1,2.4,4.6,-5.0,-0.3,-0.6,-7.3,-4.5,-3.6,1.5,-2.6,-1.0,-5.8,-4.0,-0.2,4.4,3.9,-3.1,-2.3,-1.4,1.4,-0.2,8.6,4.1,-0.4,-0.6,-4.5,6.9,0.4,7.9,-0.1,3.1,-6.7,0.4,-2.1,-1.2,-10.5,-4.8,-4.4,-3.1,-6.3,-1.0,1.2,-1.6,-5.5,-4.2,-6.9,-3.0,-3.7,-0.8,-1.9,0.6,-5.2,-0.9,-2.0,-3.9,-3.7,-3.2,-0.2,0.5,-9.0,-1.4,-2.1,3.0,-2.9,-10.9,-7.0,0.4,-2.7,-5.3,-1.0,-1.5,2.4,-3.6,-2.7,-1.4,-6.1,-6.6,-10.6,-12.5,-5.1,3.4,-3.4,-3.8
2C7L51Acp8,0,48.104823,11.628023,4442295.34,2778143.33,540.0,585.7,264,7354,1.2,0.96,0.19,32.65,348.97,-0.53,-0.103,0.842,-0.6,0.1,-0.32,0.09,0.6,0.1,-0.3,-0.7,-0.4,-0.9,-0.7,-0.4,-0.2,0.3,-0.0,0.7,-0.9,0.5,0.7,0.4,0.3,1.2,0.9,0.8,-0.4,-0.2,-1.2,-0.4,0.5,0.0,0.9,2.5,1.2,3.5,1.8,0.6,-1.7,-1.5,-4.2,-2.9,-1.3,3.0,-0.2,3.0,2.3,2.8,2.1,3.1,0.7,3.0,1.2,1.7,1.3,-0.2,0.1,0.6,1.1,1.3,0.9,1.1,-0.2,0.2,0.1,0.1,-0.7,0.4,-0.8,-0.7,-0.7,-0.6,-0.5,-2.4,-0.1,-0.2,-0.2,-1.8,-0.1,-0.4,1.0,-0.2,0.4,1.0,0.2,0.5,-0.2,-0.8,1.0,0.5,0.8,-0.8,-0.5,0.3,1.5,2.0,-0.4,-0.2,0.5,0.4,-0.1,-0.8,0.2,0.7,1.8,0.9,1.9,0.8,2.1,0.6,0.4,0.2,0.6,0.3,0.7,0.4,0.8,-0.3,0.1,-0.9,-0.2,-0.7,0.1,-0.1,-1.6,-2.6,-1.9,0.7,-1.1,0.9,-0.2,-0.7,-0.6,-1.4,-0.3,0.8,-0.2,0.4,-2.1,-1.1,-0.4,1.4,0.4,-0.5,-0.3,-0.2,-3.5,2.3,2.2,-0.3,-1.2,-1.1,-1.0,0.9,-0.6,4.4,-0.4,-0.8,-1.3,1.2,-1.7,-0.4,-1.3,-1.4,-0.8,-1.2,-0.6,-0.3,-0.6,-2.0,-0.9,-0.8,-1.7,-1.4,1.1,-0.1,0.7,1.4,1.0,-0.4,-4.0,-3.9,-1.1,-2.4,-2.4,-2.5,-2.0,-2.9,-2.7,-2.9,-2.0,-1.8,-2.0,-2.5,-2.4,-3.0,-0.6,-1.3,-2.8,-3.0,-1.9,-1.5,-2.4,-0.0,-2.0,-2.1,-1.8,-3.2,-2.1,-2.1,-1.4,-3.2,-2.9,-0.8,-2.5,-3.2,-3.9
2C7L51AcpH,0,48.10488,11.628468,4442328.35,2778150.42,536.1,581.8,264,7363,1.2,0.96,0.25,32.66,348.97,-0.53,-0.103,0.842,-0.6,0.1,-0.11,0.09,0.9,0.1,-0.3,-0.4,-0.2,-0.4,-0.1,-0.8,0.2,-0.5,-0.3,-0.4,1.2,-0.1,0.2,-0.3,-1.0,-0.6,-0.5,-1.4,-1.9,-1.9,-4.7,-2.4,-1.4,-1.2,-1.8,-0.4,-1.5,0.6,-0.3,-2.1,-4.5,-4.5,-5.8,-5.3,-3.8,0.0,-2.4,0.0,0.1,-0.7,-0.9,-0.8,-0.7,-0.5,-0.7,-1.2,-1.0,-1.8,-1.9,-1.2,-1.3,-0.6,0.2,-0.7,-0.6,0.0,0.2,-0.0,-1.0,0.1,-0.7,-0.6,-0.6,-1.3,-1.4,-2.2,-1.2,-1.3,-0.9,-1.8,-0.6,-1.0,0.0,-1.0,-0.7,-0.6,-0.9,-0.9,-1.7,-2.0,-1.8,-1.9,-2.2,-1.8,-3.1,-1.5,-2.7,-1.9,-3.5,-3.0,-3.4,-3.8,-3.9,-3.3,-2.4,-2.3,-2.2,-1.8,-2.4,-2.7,-2.5,-2.4,-2.9,-2.2,-2.2,-2.9,-2.2,-1.2,-0.9,-2.1,-1.7,-3.5,-1.8,-1.6,-1.5,-1.2,-0.4,-2.8,-0.5,-1.3,-0.5,-1.7,-1.0,-1.3,-1.3,-1.8,-1.3,-1.4,-1.6,-2.3,-4.3,-3.1,-2.9,-2.2,-2.7,-4.4,-3.7,-4.9,-6.9,-0.5,-0.2,-2.1,-2.5,-2.0,-2.5,-0.6,-1.8,-0.9,-1.1,-2.1,-0.2,-2.5,-1.9,-1.6,-2.0,-2.0,-1.1,-1.5,-1.6,-2.0,-2.1,-3.8,-4.9,-3.0,-4.8,-5.1,-1.5,-2.6,-1.7,-1.0,-2.6,-3.5,-4.7,-4.7,-2.2,-2.7,-2.9,-2.7,-1.9,-10.4,-3.5,-3.2,-2.6,-2.7,-3.1,-3.0,-4.2,-4.0,-2.6,-3.8,-6.1,-6.5,-4.5,-5.1,-4.9,-4.8,-6.1,-4.8,-5.2,-4.6,-4.0,-2.8,-3.0,-3.8,-2.7,-1.2,-2.4,-3.7,-3.4
2C7L51AcpI,0,48.104881,11.628477,4442329.02,2778150.57,533.8,579.5,264,7364,1.0,0.97,0.21,32.66,348.97,-0.53,-0.103,0.842,-0.7,0.1,-0.17,0.08,0.7,0.1,-0.3,-0.4,-0.2,-0.5,-0.2,-0.7,0.3,-0.2,-0.5,-0.1,0.5,0.0,0.5,-0.3,-0.9,-0.1,-0.3,-1.1,-1.6,-1.6,-3.8,-2.3,-0.6,-1.0,-0.9,0.4,-0.6,1.1,0.2,-1.5,-3.8,-3.9,-5.3,-5.2,-3.3,0.7,-1.6,-0.1,0.2,0.3,0.0,0.1,-0.3,-0.1,-0.8,-0.9,-0.5,-1.3,-1.5,-1.0,-0.2,0.0,0.1,0.3,-0.4,-0.5,-0.1,-0.4,-0.5,0.0,-0.6,-0.6,-0.7,-0.8,-1.4,-1.8,-0.6,-1.4,-1.0,-1.6,-0.8,-0.7,-0.0,-0.9,-1.0,-0.4,-0.6,-0.6,-1.3,-2.1,-1.2,-1.6,-1.6,-1.8,-3.0,-1.6,-1.7,-1.1,-2.8,-2.0,-2.7,-2.6,-3.4,-3.0,-2.4,-1.6,-1.1,-0.7,-1.5,-2.6,-1.0,-2.0,-2.1,-1.6,-1.7,-1.7,-1.4,-0.9,-0.8,-2.0,-1.5,-1.8,-1.8,-1.7,-1.4,-0.8,-0.9,-2.9,-1.5,-0.2,-1.0,-1.3,-1.1,-1.2,-1.3,-1.0,-0.2,-0.4,-1.2,-1.6,-3.6,-3.5,-2.0,-0.9,-2.3,-3.2,-2.7,-2.7,-6.1,-0.7,0.4,-1.3,-2.3,-1.6,-1.7,-0.8,-1.5,-1.0,-0.8,-1.9,-0.7,-2.0,-1.3,-1.3,-2.0,-1.9,-2.1,-1.8,-1.7,-1.8,-2.2,-3.0,-3.6,-2.3,-4.3,-4.2,-1.8,-2.1,-1.8,-1.2,-2.2,-2.9,-4.4,-4.3,-2.2,-2.9,-2.3,-2.5,-1.7,-7.3,-3.4,-3.1,-3.5,-3.1,-3.5,-3.4,-4.0,-3.9,-2.4,-3.6,-5.7,-6.0,-4.6,-4.1,-5.2,-4.0,-5.3,-4.4,-4.4,-4.7,-3.6,-2.5,-2.9,-3.7,-2.9,-1.4,-2.5,-3.3,-2.8
2C7L51AcpJ,0,48.104881,11.628477,4442329.01,2778150.57,531.1,576.8,264,7365,1.2,0.96,0.23,32.66,348.97,-0.53,-0.103,0.842,-0.7,0.1,-0.05,0.09,0.4,0.1,-0.3,-0.5,-0.8,-0.3,-0.7,-0.7,0.3,0.2,-0.8,0.1,0.8,0.2,0.8,0.5,-0.4,0.4,-0.7,-1.1,-1.8,-0.9,-3.7,-1.4,-0.7,-0.7,-0.9,1.2,0.3,1.5,1.3,-0.6,-4.3,-4.5,-5.3,-4.7,-3.5,1.2,-1.2,0.1,0.5,0.0,0.4,0.5,0.3,1.3,-0.7,-0.5,-0.9,-0.9,-1.5,-1.4,-0.9,-0.2,-0.2,0.3,-1.2,-0.1,-0.8,0.2,-0.6,0.3,-0.7,-0.6,-1.2,-0.3,-0.9,-1.9,-0.0,-1.7,-1.0,-1.7,-0.9,-0.5,0.2,-0.8,-0.2,-0.6,0.3,-0.2,-0.1,-3.1,-0.4,-1.6,-1.9,-1.5,-1.7,-1.7,-1.1,-0.8,-2.0,-1.8,-2.1,-3.0,-3.3,-2.9,-3.2,-2.3,-1.0,-0.9,-1.3,-3.0,-0.6,-1.4,-2.1,-1.8,-2.2,-2.0,-1.9,-1.5,-1.1,-2.7,-1.6,-3.2,-2.7,-2.9,-1.8,-1.5,-0.3,-2.3,-1.1,-0.4,-1.0,-1.5,-1.1,-1.4,-1.7,-2.0,-0.5,-0.1,-1.9,-2.2,-4.2,-3.2,-2.1,-0.3,-2.0,-3.0,-2.7,-3.1,-6.0,-1.1,-0.0,-1.1,-2.7,-1.9,-2.4,-1.7,-2.1,-0.6,-1.0,-2.2,-0.9,-2.2,-1.1,-2.4,-3.1,-2.3,-2.2,-1.9,-1.8,-1.6,-1.5,-2.9,-3.4,-1.9,-3.8,-4.5,-1.5,-2.3,-1.7,-0.9,-2.2,-3.2,-4.5,-3.8,-1.9,-2.7,-2.7,-2.7,-1.8,-7.8,-3.9,-3.5,-4.3,-4.1,-4.0,-4.3,-3.9,-2.9,-2.6,-3.2,-5.4,-4.7,-5.0,-3.7,-4.7,-3.8,-5.0,-4.1,-4.1,-4.4,-3.4,-2.4,-3.0,-3.8,-3.6,-1.6,-2.3,-3.5,-3.2
2C7L51AcpX,0,48.104903,11.628644,4442341.42,2778153.29,499.2,544.9,264,7379,4.4,0.64,0.47,32.66,348.97,-0.53,-0.103,0.842,-0.4,0.2,-0.27,0.33,0.9,0.3,-0.3,-2.3,0.3,-4.8,-4.7,2.7,3.6,0.7,-4.5,-3.3,-4.8,-3.6,-2.0,3.2,7.6,6.6,3.2,0.5,-1.9,1.1,-4.2,-2.8,0.9,-3.9,-0.6,3.4,-4.4,6.6,4.8,7.8,-4.1,-19.7,-1.5,-0.3,-12.0,3.7,-0.9,-1.4,2.3,3.4,-1.4,-0.8,-1.0,-3.1,0.2,-2.1,10.8,-3.3,-2.0,-5.7,-0.9,8.1,6.3,-9.0,5.1,4.2,0.4,2.4,4.3,7.4,5.3,-1.9,1.9,-0.4,-5.4,1.0,3.2,-9.5,0.2,-0.1,-8.0,-3.0,-1.1,-2.6,1.1,3.9,0.7,0.8,0.3,-2.1,4.3,1.9,0.5,8.1,-5.7,-1.5,4.8,-5.8,-3.8,-0.2,0.3,-5.2,-2.0,2.9,-2.6,5.9,1.3,-11.6,-2.7,-8.4,-1.4,-2.3,1.0,-2.2,9.1,2.4,-1.1,-1.8,-0.2,5.6,0.6,-5.0,-7.2,3.0,-6.0,3.7,8.8,0.7,-3.5,-2.7,1.9,-3.9,3.1,-3.4,3.5,2.4,-3.8,-2.0,-1.0,0.1,-2.4,-5.9,-5.2,-2.3,-7.0,-7.0,-6.6,-0.4,0.4,-1.6,2.4,-1.6,-2.9,-5.3,-0.9,3.1,-1.1,11.3,5.6,-3.1,-3.7,1.0,3.0,-2.1,-2.4,-3.7,2.7,-0.5,-0.8,-0.9,0.1,8.6,-4.8,3.9,1.3,-6.7,3.2,-1.7,0.3,-1.8,3.4,0.1,-2.9,-9.9,-9.8,-3.0,-7.2,-5.4,3.8,2.2,0.7,-4.2,1.2,-4.8,-2.4,-0.3,3.6,0.6,6.6,-3.6,-6.8,-2.2,-3.5,-0.2,-9.5,-6.8,-3.9,-6.5,-2.1,-2.0,-4.7,3.2,-2.5,-4.2,-1.7,1.4,-0.5,-5.2,3.0
2C7L51AcrX,0,48.105898,11.636396,4442916.43,2778276.56,534.5,580.1,264,7503,3.1,0.8,0.44,32.69,348.97,-0.53,-0.103,0.842,0.5,0.2,-0.64,0.24,0.2,0.2,-0.3,-1.3,-2.3,-1.8,1.9,-2.2,-0.2,0.4,0.5,3.0,3.2,1.7,-1.2,-1.9,-0.8,-3.8,-1.8,0.9,1.3,1.4,3.7,-0.9,1.1,-4.9,1.1,3.7,2.3,1.1,-0.7,0.7,0.7,4.6,-0.6,-1.4,-0.5,-1.5,2.6,4.7,7.5,-0.3,0.5,0.9,-0.6,2.3,4.6,-0.1,0.4,-2.2,0.9,-0.9,-1.5,-0.1,7.5,0.6,0.8,-0.5,1.5,0.8,-0.6,-1.2,1.7,0.1,2.4,-0.4,0.8,16.1,-0.2,0.5,0.9,-1.0,-0.2,0.0,0.2,1.0,-1.9,-0.4,0.0,-0.0,-0.6,2.8,1.3,2.5,2.2,2.9,5.3,2.8,2.5,1.3,1.8,1.0,2.8,0.5,1.4,-4.1,0.1,2.5,-8.1,1.9,1.9,-1.4,1.4,1.2,0.7,-1.5,4.2,2.4,2.8,5.7,4.2,3.2,-3.8,0.9,-2.5,-1.9,-6.4,2.9,3.0,-1.6,5.4,6.2,5.7,1.6,5.7,2.1,8.1,4.8,3.7,-1.9,5.9,2.1,1.1,8.5,8.5,1.3,6.1,1.7,0.5,4.7,3.6,6.9,11.1,6.1,1.8,-2.2,2.6,3.5,3.8,3.3,4.7,3.1,3.6,-0.2,3.9,2.1,1.4,1.2,5.3,-4.8,5.9,3.4,3.7,0.3,-2.2,5.8,1.3,-1.2,4.7,6.8,7.8,5.0,4.0,6.4,4.6,-9.4,-1.6,1.9,4.0,1.4,4.6,6.4,3.9,6.3,2.9,4.0,-0.9,3.9,3.7,-3.4,2.2,0.7,1.1,-1.2,-0.6,0.0,1.9,3.6,3.1,6.2,1.9,8.1,5.5,1.7,9.6,-2.2,2.4,-4.3,-2.2,1.9,0.1
2C7L51Acot,0,48.104827,11.627913,4442287.15,2778143.58,574.6,620.3,264,7339,4.3,0.68,0.48,32.65,348.97,-0.53,-0.103,0.842,-0.1,0.2,0.14,0.33,0.4,0.3,-0.3,-0.6,-2.8,3.5,2.7,0.8,-3.6,1.3,-7.0,3.8,0.2,-5.8,-5.3,-3.9,-4.1,-2.5,12.7,0.7,0.9,-3.4,-5.1,13.0,-2.9,3.0,-3.0,1.0,-4.5,-2.8,-2.1,-9.8,-3.2,-6.0,-11.7,-7.4,-3.5,-3.7,-3.5,-7.7,-2.6,-3.8,-3.0,0.3,-3.8,-9.9,-1.5,-0.4,-6.7,-6.0,-0.9,2.4,2.6,0.8,0.7,-0.2,0.4,4.1,-5.9,1.1,-2.5,-0.1,-2.8,-3.9,-2.8,-0.4,-3.0,-10.6,0.4,-6.0,1.1,-1.7,-1.7,-0.1,-4.7,-3.3,1.7,-0.8,0.4,-2.0,-7.4,-8.4,-5.1,-3.8,5.4,-3.7,-8.7,-0.9,-2.4,-3.6,-7.0,-5.2,-11.3,-5.7,-10.1,2.4,0.5,-1.6,0.5,-6.2,-4.6,-6.7,-2.3,-2.6,-1.8,-8.1,-1.0,-5.8,-3.0,-5.5,2.5,-6.4,0.5,-0.3,-1.8,-0.1,-2.8,1.3,-5.3,-9.4,-2.7,-3.3,3.4,-0.9,1.2,-3.7,-0.3,-9.5,-4.0,-0.7,0.0,-1.2,-10.2,-0.2,-1.8,-5.0,-5.6,-4.1,-4.8,-0.3,-5.6,4.3,4.7,0.8,-10.1,-2.5,-10.3,-2.6,-2.1,-0.5,-8.6,-3.7,5.9,-4.7,-1.7,-7.6,-4.7,-1.5,-0.7,-3.1,-5.0,-2.1,-1.9,-0.9,2.3,-4.0,-4.5,-3.5,12.3,0.7,-1.5,-0.2,-0.8,14.5,-7.0,-5.5,-3.4,-1.9,-6.2,-8.0,-7.2,7.3,-6.3,-7.5,-4.1,-0.9,1.4,-7.3,16.0,5.9,-2.2,-1.1,-4.9,-3.9,-0.1,-2.9,0.9,-4.0,-4.0,-3.2,-7.5,-0.8,-5.1,-5.3,-11.6,-3.9,-5.2,-4.2,-0.2,-6.3,-5.8
2C7L51Acov,0,48.104824,11.627892,4442285.54,2778143.24,570.5,616.2,264,7341,4.0,0.67,0.5,32.65,348.97,-0.53,-0.103,0.842,-0.4,0.2,0.49,0.31,0.5,0.3,-0.3,4.4,2.4,-0.8,-4.3,0.9,1.5,-3.1,4.4,-0.3,1.8,-0.8,1.9,-3.3,1.1,3.5,0.7,-2.1,0.3,-3.7,-13.1,0.2,1.6,-1.6,0.8,-2.8,-1.3,0.5,-2.5,3.8,-4.8,0.7,-5.7,-6.3,-0.8,1.1,-3.4,1.7,3.5,-5.7,6.0,0.5,-10.7,2.2,-17.5,-4.9,0.0,2.6,-1.8,-13.1,2.4,0.5,3.1,-0.8,-1.9,-0.8,-0.1,-0.0,0.0,-1.0,-2.0,-1.0,0.1,-5.0,-1.0,-7.6,0.9,0.4,-3.1,0.2,0.5,1.1,1.7,-3.4,2.4,-4.2,-6.2,-0.2,-2.8,-0.7,0.2,-0.4,-4.5,-10.9,-1.4,-6.4,1.0,-1.2,2.1,2.7,-1.8,1.6,2.4,3.3,-9.6,-4.8,-3.3,-4.7,-8.1,4.8,1.2,0.3,-7.1,-6.2,2.7,-11.6,-7.4,0.2,-4.2,-11.6,-6.8,-8.9,-7.9,-4.9,-10.0,-3.3,2.0,-1.8,-2.3,-15.0,-4.9,-2.6,-6.4,-2.7,-0.8,-2.3,0.7,1.7,-7.4,-0.4,3.0,-2.0,-5.4,-0.1,-5.6,0.7,4.5,-2.7,-7.2,-3.7,-1.4,-6.8,-2.7,-6.1,2.8,-9.4,-6.5,-6.9,0.2,3.6,1.5,-1.4,3.5,1.6,-1.5,-12.9,-2.9,-4.7,0.6,-2.7,-0.6,-5.0,-5.4,1.1,-4.9,1.6,-0.6,-2.1,-1.9,-5.1,1.5,0.4,-4.2,-6.7,-6.2,-4.7,3.6,-4.2,-2.2,-8.8,-1.3,-4.4,-2.2,0.4,-5.5,-4.6,-0.7,-3.1,-5.5,-3.5,-2.5,-12.2,1.8,-4.3,-1.6,-9.7,1.2,-7.3,-0.7,0.8,-3.8,3.6,-1.8,2.2,-6.9,-7.5,0.4,-3.8,-8.6
2C7L51Acp6,0,48.10482,11.627861,4442283.24,2778142.81,537.9,583.6,264,7352,3.4,0.79,0.48,32.65,348.97,-0.53,-0.103,0.842,-0.6,0.2,-0.52,0.26,1.6,0.2,-0.3,-1.8,-0.9,-2.6,-1.5,-2.3,-0.0,-0.4,-0.2,0.3,1.0,0.5,0.4,-0.1,0.5,0.2,-0.1,-2.0,-2.6,-3.6,-5.3,-3.9,-1.8,-3.0,-2.6,-1.0,-1.3,1.1,-3.5,-3.8,-6.5,-3.4,-7.2,-8.0,-6.6,-0.5,-6.0,-1.2,-6.6,-0.7,-3.7,-0.6,-2.3,-1.4,-1.7,-4.2,0.1,-3.0,-2.4,0.0,-2.9,-0.2,-0.3,-0.1,-2.1,-2.5,1.7,-2.0,-1.2,-2.0,-2.8,-2.5,-2.5,-2.5,-1.8,-3.6,-2.2,-3.6,-3.1,-2.4,-1.5,-3.3,-1.4,-2.9,-1.4,-0.6,-2.9,-0.6,-2.7,-3.1,-0.7,-1.1,-3.5,-5.0,-3.3,-1.8,-3.4,-1.6,-3.4,-7.9,-11.3,-5.1,11.1,-8.0,-11.0,-11.7,-3.6,-3.2,-4.5,-11.2,-2.7,-10.1,-5.3,-9.6,-6.2,-7.2,-4.6,-2.8,-2.5,-6.4,-2.3,-3.0,-3.0,-4.9,-1.6,-4.3,-4.0,-5.8,-3.6,16.9,-6.3,-4.8,-4.0,-4.1,-2.7,-4.5,-2.2,-4.1,-3.1,-2.9,-4.9,12.5,-0.1,-1.5,-1.7,-0.8,-3.7,-2.8,-1.1,1.4,4.7,-4.1,-2.7,-2.6,0.3,-0.1,-0.4,-2.1,-0.5,1.9,6.2,-4.7,-1.8,0.4,-1.5,0.2,-2.5,-3.2,-3.2,-3.6,-1.2,-5.5,-2.6,-3.0,-4.9,-4.0,-3.7,-3.4,-4.7,-2.7,0.5,-2.9,-6.7,-6.8,-4.9,-6.9,-5.6,-5.6,-1.1,-3.9,-2.3,-4.7,-4.7,-3.9,-5.4,-0.1,-8.1,-5.4,-3.4,-3.4,-13.6,-14.5,-12.4,-7.7,-12.1,-15.0,-8.7,-7.2,-10.0,-8.7,-7.2,-6.0,-3.2,-4.6,-4.4,-0.1,-0.7,-0.2,-2.4
2C7L51Acp7,0,48.104832,11.627947,4442289.63,2778144.18,539.4,585.1,264,7353,1.3,0.95,0.24,32.65,348.97,-0.53,-0.103,0.842,-0.6,0.1,-0.24,0.1,0.4,0.1,-0.3,-0.8,-0.7,-1.0,-1.1,-0.6,0.6,-0.2,1.0,0.6,0.3,0.5,1.3,0.8,0.7,1.2,1.4,0.2,-0.5,-0.8,-2.2,-0.9,0.2,-0.4,0.8,2.2,0.9,2.8,0.0,-0.3,-2.5,-6.8,-4.5,-3.4,-2.3,2.2,-0.6,2.0,2.1,2.1,1.6,2.4,0.1,3.1,1.0,1.0,1.0,-0.4,-0.0,0.4,0.4,1.2,1.4,0.6,-0.4,0.0,0.4,-0.0,-1.3,-0.3,-0.9,-1.3,-1.0,-1.7,-0.6,-2.1,-0.7,-1.3,-1.1,-1.6,-0.8,-1.4,0.6,-0.3,0.3,0.6,-0.8,0.8,-0.7,-0.8,0.3,-0.2,-0.1,-1.8,-1.4,-0.1,0.5,1.4,-1.0,-1.2,-0.2,0.2,-0.8,-1.3,-0.1,-0.3,1.3,0.9,0.8,-0.4,0.9,0.2,-0.0,-1.1,0.1,-0.2,0.2,0.3,0.5,-0.8,-0.1,-2.2,-0.8,-0.9,-0.3,-1.5,-1.4,-3.1,-1.5,-0.9,-2.1,-2.0,-1.4,-1.7,-1.3,-2.0,-0.5,-1.1,-0.4,-0.4,-2.1,-2.1,-0.2,0.5,0.7,-0.6,-0.6,-0.5,-3.4,2.6,2.9,-0.1,-1.0,-1.6,-0.6,1.4,0.2,1.8,-0.3,-0.6,0.5,-0.7,-1.3,-0.9,-1.2,-0.7,-1.1,-0.7,-0.5,-0.6,0.1,-2.3,-0.6,-1.0,-2.2,-1.9,0.6,-0.6,-0.3,1.3,0.7,-0.9,-4.3,-3.7,-3.4,-4.4,-5.5,-4.2,-2.6,-2.6,-2.3,-3.3,-1.9,-1.6,-2.5,-2.4,-2.4,-3.4,-1.5,-2.3,-3.7,-2.1,-1.7,-2.2,-2.9,0.2,-1.8,-3.2,-2.5,-3.3,-2.7,-3.5,-1.6,-3.4,-3.5,-0.8,-2.1,-3.3,-4.0
2C7L51Acq6,0,48.105207,11.630866,4442506.2,2778190.69,511.2,556.9,264,7414,3.9,0.69,0.5,32.67,348.97,-0.53,-0.103,0.842,-0.8,0.2,-0.06,0.3,1.6,0.3,-0.3,-3.4,3.1,0.7,0.3,-3.6,8.6,-1.1,1.5,-4.9,11.5,-4.4,-2.1,7.6,0.1,2.0,4.3,-1.2,-3.0,-1.5,-1.2,-3.7,-0.1,-2.4,1.8,-1.8,-9.5,-3.9,1.5,-7.9,-3.0,-3.6,-5.7,-1.4,-6.1,-1.9,-3.3,0.5,-5.3,-4.5,-3.6,-6.1,-2.2,-2.6,2.2,-4.4,-4.1,-1.5,-6.0,-2.6,-12.7,0.4,-2.3,-1.2,-4.5,-3.7,0.1,-0.5,-4.8,-3.2,-2.0,13.1,-0.1,-0.4,-1.5,-1.9,-1.6,12.9,1.7,-1.0,-5.0,-3.4,-2.8,0.3,-2.3,-6.2,-0.0,-2.5,-1.4,-2.3,2.0,-4.5,-4.4,-5.4,-8.0,-1.6,-4.9,-2.7,-1.0,-4.3,-2.1,-3.9,-6.0,-7.4,-8.4,-1.3,-2.2,-0.4,-0.5,-0.1,2.9,-2.7,-1.0,-7.5,0.7,0.1,-6.7,-0.1,-3.4,-0.9,-0.1,-3.5,-3.2,0.1,8.6,-2.5,-6.6,-3.9,-2.9,-10.1,3.6,2.1,-10.2,-5.8,7.8,4.2,-3.1,-3.8,0.5,-5.7,-5.9,-2.2,-0.8,-3.0,-1.1,-3.5,-12.6,-5.3,-9.5,-0.2,-1.3,-5.2,-4.8,-2.8,-6.9,1.0,-3.1,3.7,-4.1,-5.1,-8.6,-6.2,-4.1,2.0,-1.3,-0.1,2.7,-0.6,-2.1,-3.7,-1.5,-7.2,-7.3,-0.2,-4.0,-9.3,-4.8,-7.3,-7.8,-0.3,-7.4,-0.9,-7.7,-13.3,-8.2,-12.3,-5.1,1.1,1.4,-3.1,-12.2,0.8,1.0,-3.9,-4.7,-9.3,-7.5,-3.6,-1.1,-9.5,-13.2,8.6,-3.1,-4.8,-6.6,-3.9,-7.5,-10.7,-5.7,-4.3,-5.7,-5.2,-3.4,-2.9,-4.5,-8.5,-3.9,-6.5,-2.6
2C7L51AcrD,0,48.105782,11.635353,4442839.03,2778262.03,538.4,584.1,264,7483,3.9,0.62,0.45,32.69,348.97,-0.53,-0.103,0.842,-1.4,0.2,-1.78,0.3,2.1,0.3,-0.3,-0.9,-4.0,-7.8,7.1,-6.5,7.1,-4.3,-5.6,-2.1,6.1,-4.0,-3.7,-1.0,-1.8,-2.3,-2.6,-3.1,-3.6,-2.5,-2.2,-3.9,-5.9,2.1,-1.4,-1.9,-1.1,-3.2,-1.3,-2.3,-1.0,-6.0,-7.0,-2.6,-13.3,0.4,0.2,-5.2,1.8,1.0,-1.2,0.0,0.6,-2.1,-0.8,-2.0,-3.4,-0.8,0.1,-6.1,-4.2,-0.2,-2.0,-4.1,-3.9,-1.6,1.8,4.8,0.7,0.3,-1.0,-2.5,4.3,-0.8,-5.3,-3.9,-1.3,-1.7,-5.9,-0.9,0.0,-0.4,-3.8,-5.7,-1.8,-1.9,3.8,4.2,1.9,-1.2,1.8,-0.2,-2.3,-1.9,-1.0,-2.7,-2.1,-1.8,-2.8,-5.9,-4.8,-3.6,-15.0,-8.6,-4.3,-9.3,-4.6,-2.5,-2.0,-1.6,-8.5,-7.0,-6.4,-0.4,-0.5,2.0,-4.1,1.3,-3.8,3.6,0.5,0.1,4.0,1.6,-5.6,7.2,7.3,1.7,1.5,4.5,-0.1,-5.9,2.1,0.7,-2.8,-6.7,-8.4,-8.0,1.3,10.8,-4.5,-5.0,-4.8,-4.7,-4.9,-5.4,-7.1,-6.0,-5.0,0.6,-1.2,-9.4,-4.7,9.2,1.6,5.9,0.5,4.3,1.8,1.5,0.1,-4.9,-1.9,3.5,-0.2,-1.0,-3.5,0.7,-2.5,-3.9,-1.6,-4.8,-9.9,-5.5,-8.4,-5.1,-1.5,-2.9,-5.1,-4.7,-2.0,-7.0,-7.3,-5.5,-10.9,8.3,-6.3,-3.9,-1.3,4.7,-3.0,-12.3,-13.1,-7.1,-2.6,-7.1,-6.0,-12.4,-7.4,-16.4,-4.8,-9.5,-15.0,-8.8,-9.5,-9.1,-14.3,-4.1,-16.5,-13.2,-9.9,-6.0,-14.7,-12.3,-4.8,-14.2,-10.5,-12.5,-2.1
2C7L51AcnN,0,48.104054,11.621753,4441830.13,2778047.69,537.4,583.1,264,7245,3.6,0.76,0.42,32.6,348.92,-0.529,-0.103,0.842,-0.4,0.2,0.01,0.28,0.6,0.2,-0.3,0.6,-2.6,4.1,-0.0,-0.2,-0.9,-0.6,-1.1,-1.0,-0.5,0.8,1.2,-1.7,-0.5,-0.7,-1.7,-3.4,-3.3,5.6,-2.1,-2.5,-1.7,-3.0,-0.6,-2.5,-2.3,9.9,-0.6,0.4,-4.4,5.5,-6.9,-6.8,2.0,-2.7,-5.3,0.4,-0.7,-2.1,-1.2,-1.1,-1.6,-1.5,-1.0,-4.7,-5.6,-5.5,-5.3,-1.8,-1.4,1.4,0.2,-3.8,4.3,-3.3,0.8,-3.0,-2.6,-0.7,-1.2,0.8,-3.6,-0.2,-3.3,-1.1,-3.4,-3.3,-2.3,-3.4,-3.8,-7.5,-1.7,-1.1,-3.2,-3.0,-6.2,5.4,-5.4,-1.0,-6.2,-3.9,-3.0,-6.9,9.6,-2.2,-4.7,0.2,-2.7,-1.5,-3.2,-1.7,-10.0,-1.4,-2.0,4.1,6.3,0.1,-2.0,-1.4,12.9,-6.8,-0.9,-2.9,-1.9,-6.2,0.4,-2.8,-1.1,-6.3,-3.7,-2.4,-1.7,-3.1,-3.5,-3.2,-5.7,-2.8,-1.6,-4.4,-3.8,-1.2,-1.9,-6.6,-6.0,-5.3,-0.0,-3.9,-0.5,-7.1,-4.8,2.4,-2.0,-3.3,-1.4,9.3,5.2,-12.3,0.7,2.3,4.8,-2.5,2.5,-2.9,0.5,-2.7,-1.9,11.3,0.7,-1.8,-0.3,0.0,9.6,-5.4,-2.8,-11.3,-6.1,-4.6,-1.0,2.6,-0.7,-4.3,-3.2,-2.2,-2.2,-0.8,-1.1,-0.5,-8.2,11.1,0.7,-4.6,-7.0,-3.5,-4.7,-4.6,-1.3,-4.1,-1.5,1.0,-1.2,-5.5,-3.6,-2.7,-5.3,-2.3,-3.1,-5.1,-3.7,-2.7,-1.7,-4.0,-1.0,-2.0,-3.2,-2.9,-3.6,-3.6,-5.3,-6.8,-11.0,-3.7,3.0,0.6,0.5,-2.2,-4.4,-3.5,-2.4
2C7L51Acow,0,48.104836,11.627844,4442281.93,2778144.55,565.0,610.7,264,7342,4.0,0.68,0.49,32.65,348.97,-0.53,-0.103,0.842,-1.2,0.2,0.09,0.3,1.0,0.3,-0.3,-0.1,1.6,-2.5,-1.9,-7.3,0.7,0.0,0.1,-0.6,4.4,1.2,-0.3,-3.7,2.7,0.6,1.5,-0.4,1.8,3.1,-8.5,-6.1,-2.2,-0.3,0.3,4.2,-7.7,0.3,7.9,-3.2,-3.3,-3.1,-10.4,-4.7,-8.3,-3.9,-3.9,9.5,5.8,-0.4,-0.2,-0.2,-0.7,0.3,-1.3,1.6,0.9,0.7,3.6,2.2,-13.8,8.8,4.9,3.2,2.7,-3.4,3.9,0.6,-0.3,-0.2,4.0,0.4,-2.6,2.3,-2.1,-1.0,-2.8,3.6,2.0,-6.2,-3.7,-4.2,-4.3,-1.4,-2.7,-0.9,-1.4,-2.3,1.3,2.6,2.0,-3.8,-4.3,-1.4,-2.7,-1.3,-2.9,1.5,-3.5,-8.6,1.3,-2.7,-0.5,5.1,2.3,3.2,0.4,4.6,0.9,-7.2,-6.0,-1.6,-4.9,2.1,-2.2,7.7,-6.4,-5.6,2.6,-2.7,-2.3,-3.7,-0.9,1.1,-3.3,-5.1,-0.5,-6.4,1.2,0.4,-4.2,-2.5,-4.4,0.1,0.1,-0.9,-4.0,2.8,-11.4,-12.2,-2.2,-4.2,-3.5,8.5,-8.4,-17.3,-3.8,-0.2,-8.1,-2.4,-11.5,-6.8,-3.2,-2.9,-12.0,-3.1,5.2,0.4,-1.7,-0.8,-0.3,-2.0,-1.8,-9.3,-0.2,-3.1,-5.6,-0.2,-4.3,-2.0,-7.1,-1.2,-3.4,-2.0,-11.7,-1.7,-10.2,-4.5,-6.2,0.5,-7.4,-3.0,-5.1,-8.3,-6.2,-4.4,-4.7,-4.1,-4.0,-5.1,-2.0,-2.3,-9.0,-1.5,-5.9,-5.2,-9.0,-5.1,-4.3,-12.4,-1.9,-5.7,-4.7,-15.7,-8.9,-5.2,-2.9,-9.3,-8.4,-9.8,-7.5,3.1,-1.5,-2.4,-3.7,-1.4,-5.0,1.7,-2.5
2C7L51Acne,0,48.104207,11.622796,4441907.39,2778066.32,542.4,588.1,264,7262,2.8,0.85,0.38,32.6,348.92,-0.529,-0.104,0.842,-0.8,0.1,-0.31,0.21,0.5,0.2,-0.3,2.7,2.1,-0.7,1.6,-9.2,0.9,2.2,4.0,2.5,-8.5,1.7,0.2,0.4,2.0,1.6,1.0,0.5,0.1,3.8,-0.7,0.1,-1.4,1.5,1.5,3.8,2.5,0.2,-3.8,-0.1,-1.5,9.9,-1.6,-2.2,-2.1,-4.0,-1.8,2.4,3.7,4.1,2.6,0.5,-1.7,4.7,1.0,0.9,-1.6,-13.4,-2.5,0.5,-0.0,-0.7,-0.6,1.7,1.8,-1.6,2.0,0.0,-1.1,1.2,-1.1,-1.1,-0.4,-1.5,-0.7,1.2,-0.7,-1.7,-4.7,-2.0,-1.4,-3.4,-0.9,-2.5,-1.8,0.9,0.6,1.7,-0.1,1.4,2.3,-0.3,2.0,-0.0,-0.0,0.2,0.3,3.0,0.0,0.2,-2.9,1.3,-0.7,-0.8,3.7,0.4,3.7,-2.1,-0.5,1.6,2.2,-0.6,2.2,2.1,0.4,-1.3,-0.7,-0.4,-0.6,-0.4,2.8,-0.9,-1.1,-0.7,-1.1,0.6,-3.0,-2.5,-1.6,-5.7,-0.2,-4.6,-2.5,-3.4,-2.8,-0.5,1.0,-5.4,-2.0,-1.3,0.4,-0.1,-0.0,-1.8,-0.7,-3.3,1.2,-1.9,-3.1,1.6,2.3,10.8,0.5,0.4,-0.1,2.3,-1.5,1.5,0.1,-0.8,-2.3,-1.0,-3.2,-1.5,-1.5,0.0,-1.4,-3.3,-1.7,1.4,-1.8,-0.7,-2.1,-0.3,-2.7,-3.0,2.8,-2.5,-4.2,0.4,-0.5,-2.2,-4.0,-5.0,-14.1,-11.9,5.1,-3.0,-1.0,-1.8,-2.4,-1.8,-3.4,-2.4,-4.4,-3.6,-2.3,-3.1,-2.7,-4.6,-3.7,-3.2,-6.3,-0.5,-3.9,-4.2,-2.3,-2.8,-1.5,-6.1,-5.9,-9.6,-2.7,-5.9,-2.5,-3.1,0.7,0.4,-3.3
2C7L51AcoT,0,48.104602,11.625875,4442135.83,2778115.31,550.5,596.2,264,7313,4.5,0.6,0.51,32.64,348.97,-0.529,-0.103,0.842,-1.3,0.2,0.11,0.34,0.6,0.3,-0.3,5.8,-1.4,9.5,-0.9,-3.1,6.2,5.9,-0.2,-0.7,-4.6,1.5,3.2,7.2,1.3,-0.9,-0.1,-2.7,-6.4,-3.3,-3.9,-10.7,4.0,-4.4,-5.1,4.0,2.4,4.1,-2.5,-12.0,-9.4,7.9,-6.5,-8.6,7.3,-3.6,-6.9,6.0,-0.3,2.9,-1.3,-1.4,-4.0,0.4,-7.4,1.7,-0.8,-8.6,1.5,-4.0,-0.3,-1.2,-1.3,2.6,-0.6,-0.4,-0.7,-1.3,1.3,1.2,-2.6,-2.4,0.7,-8.4,-1.8,5.4,-1.3,-4.1,2.6,0.3,2.3,-5.9,10.4,-2.5,3.3,-4.6,-1.7,-2.0,-0.7,3.1,-2.9,0.6,1.8,-0.8,-6.3,-3.0,-1.4,4.6,-4.4,-3.6,-1.1,0.2,-6.8,-6.9,-12.9,-4.0,-2.7,-8.0,-5.7,-5.6,-1.1,-6.5,-8.8,-4.4,-0.2,-11.5,-0.4,-1.0,-2.0,-4.0,-1.0,-3.3,3.8,-6.5,-4.3,-4.7,-5.1,-4.7,-6.4,10.4,-2.1,-0.8,-9.4,-10.5,-7.4,-1.1,-2.2,-4.9,2.8,-7.4,-4.2,-4.0,-0.4,-5.9,-1.3,-4.1,0.3,-2.0,1.4,-0.7,1.0,-11.6,-7.9,-2.9,-4.5,-1.9,-0.8,-2.4,-4.1,-3.0,-9.1,-7.9,-3.6,-2.4,-3.5,-1.9,0.7,0.8,-1.4,-1.1,0.3,-4.6,-1.1,-1.2,-3.3,-4.4,8.8,-4.6,-1.2,-8.2,-0.6,-3.7,-10.0,-4.7,-16.9,-8.9,-10.5,-13.4,-12.8,-16.2,-15.4,-11.1,-12.3,-5.4,-8.6,-1.5,3.8,-13.5,1.7,-5.9,-6.0,-6.1,-6.7,-6.5,-4.9,-6.5,-3.5,-1.4,-5.6,-4.3,-12.8,-6.2,0.6,-13.8,-4.5,-1.2,-8.1,-4.8,-7.8
2C7L51AcpA,0,48.104894,11.628148,4442304.46,2778151.5,541.0,586.7,264,7356,1.7,0.87,0.24,32.65,348.97,-0.53,-0.103,0.842,-0.7,0.1,-0.34,0.13,2.3,0.1,-0.3,0.6,0.7,-0.2,0.5,-1.0,-0.8,-2.1,-1.1,-3.1,-1.1,-2.4,-0.5,-2.9,-2.3,-2.0,-3.1,-5.0,-4.4,-7.4,-5.0,-3.9,-2.1,-1.0,-4.0,-2.5,-4.5,-1.7,0.4,-3.9,-5.1,-7.2,-7.6,-8.6,-4.6,-2.6,-3.5,-1.9,-0.6,-1.6,-0.7,-1.5,-2.6,-2.0,-2.9,-0.9,-1.4,-3.4,-1.1,-3.0,-1.6,-1.9,-1.8,-0.5,-0.6,-0.8,0.8,-1.3,-0.0,0.9,0.5,-0.3,-0.9,2.1,-0.4,1.4,1.6,-0.4,-0.3,0.0,-1.9,-1.5,-1.6,1.2,-0.6,-2.2,-3.3,-3.4,-3.9,-4.3,-3.4,-4.8,-4.9,-3.1,-5.3,-4.6,-3.9,-2.4,-6.6,-7.0,-7.1,-4.3,-2.9,-1.4,-3.3,-2.8,-6.4,-0.8,-4.2,-7.2,-2.3,-2.5,-3.0,-2.1,-4.7,-3.2,-2.6,-3.3,-3.5,-3.3,-4.4,-2.8,-2.6,-1.0,-3.1,-1.6,0.7,-2.8,-1.0,0.7,-0.3,-0.0,-0.1,-2.6,-3.7,-5.4,-3.5,-4.2,-3.9,-4.7,-6.5,-5.1,-6.3,-4.7,-6.3,-4.7,-5.8,-6.8,-8.0,-2.3,-0.2,-1.2,-1.8,-1.3,0.2,1.2,-0.4,-1.3,1.6,-1.3,-1.7,-0.1,-0.7,-1.3,-3.1,-5.6,-1.7,-2.3,-3.0,-2.8,-4.0,-5.6,-5.5,-7.1,-6.7,-7.3,-1.4,-5.0,-5.8,-2.1,-4.1,-4.8,-6.9,-6.8,-3.4,-1.9,-0.2,-2.1,-3.3,-2.9,-1.3,-8.0,-5.3,-4.6,-5.6,-5.0,-8.6,-6.5,-8.8,-3.6,-7.0,-8.9,-8.4,-8.6,-8.8,-7.7,-8.8,-9.1,-5.4,-6.2,-3.3,-5.9,-4.3,-5.0,-2.0,-1.2,-3.1,-2.8,-3.4
2C7L51Acnj,0,48.104262,11.623082,4441928.58,2778072.94,541.5,587.2,264,7267,4.0,0.64,0.62,32.6,348.92,-0.529,-0.104,0.842,-1.4,0.2,0.03,0.31,1.9,0.3,-0.3,-6.4,-0.5,-3.4,-3.5,-5.1,0.1,-3.8,4.4,8.7,4.5,-0.9,3.7,4.1,7.5,4.9,4.8,6.8,-1.9,2.3,-2.7,0.2,0.2,0.9,4.3,2.6,3.4,1.5,1.4,2.0,5.1,-11.2,-1.8,1.9,-0.5,3.9,5.9,8.2,7.5,5.9,5.1,5.7,-1.3,11.1,5.1,2.2,-0.4,-0.2,-3.0,5.8,2.3,0.9,2.0,4.0,-13.2,0.8,-5.2,10.1,-5.1,-5.0,-6.1,-8.5,-4.4,-6.2,-0.6,6.4,-4.9,-5.9,-9.6,-0.3,-4.0,0.3,6.8,4.0,5.0,2.1,-4.7,2.8,2.4,0.2,0.7,2.2,6.0,-10.7,4.1,6.9,-2.5,2.7,-2.5,-0.6,-0.0,0.4,5.0,-2.5,3.9,2.4,8.9,5.5,1.3,3.6,4.9,3.0,4.8,3.2,6.5,2.6,1.8,-1.9,2.7,4.8,1.5,2.5,-7.5,-3.0,-0.7,-4.3,-2.6,-1.6,-0.8,4.7,-2.1,-11.9,-0.4,-3.5,-5.8,-7.2,-4.6,-3.4,3.4,-0.6,-0.8,-4.0,4.7,2.2,1.7,0.2,-1.8,1.1,-5.1,1.3,-0.3,-4.3,-4.1,-1.6,-5.5,-6.1,-4.0,-7.2,-5.1,-6.7,-1.1,-3.1,-2.4,-3.7,-3.3,-7.3,-7.3,-4.6,-2.7,-3.8,-2.8,-2.8,2.0,1.7,-3.6,-1.8,-2.3,-2.1,-4.4,-0.7,-1.9,-2.5,-6.2,4.1,-3.5,-5.2,4.6,-3.5,-1.8,6.7,-13.3,-6.1,0.4,0.6,-3.8,0.3,-12.0,-4.6,-0.4,-8.2,0.3,-3.5,-7.4,-0.2,-4.6,-5.9,-3.6,-2.0,-5.7,-5.5,-3.7,-8.0,-5.1,-4.8,-4.5,-7.3,-3.3,-5.8,-0.2
2C7L51AcpU,0,48.104989,11.628734,4442347.88,2778162.93,514.1,559.8,264,7376,3.8,0.72,0.49,32.66,348.97,-0.53,-0.103,0.842,-0.1,0.2,-0.35,0.29,1.4,0.2,-0.3,-1.8,0.8,1.1,0.1,-2.5,-1.8,-2.4,-1.0,-0.0,1.4,-0.4,-1.7,-0.6,-0.5,-2.1,-2.5,-3.9,-0.2,-3.3,-1.6,-3.4,-3.1,-1.9,-2.1,-3.2,-2.7,-2.8,-0.7,-0.5,-1.0,3.8,-9.6,-7.6,-4.2,-2.2,-3.1,-4.1,-6.7,-4.4,-10.0,-1.7,-5.4,-7.6,1.5,-6.0,-2.2,-2.3,-10.1,-4.5,-1.6,-1.6,-5.0,-1.6,-1.1,-1.1,1.8,-2.1,-1.8,-2.9,-0.7,-0.5,-0.2,-2.5,-1.1,8.4,-1.9,0.6,2.1,-4.7,-5.0,-2.8,-3.1,-2.7,1.5,1.2,-4.2,-1.2,-3.2,-1.0,-4.9,-0.3,-4.3,-7.4,-8.6,-3.3,-6.7,4.7,-10.5,-4.0,-3.3,-8.2,-2.9,-2.8,-5.0,-3.6,-1.3,-11.0,-6.6,1.2,-6.6,-4.6,-5.1,-6.4,-3.7,-1.4,-3.8,-7.3,-3.0,-1.9,-8.6,-3.2,-3.5,-7.1,-2.6,-3.6,-3.9,-6.6,-2.5,-2.3,-1.2,-1.2,0.4,-4.3,-0.8,-1.8,-2.4,-0.9,-3.3,-8.4,-7.5,-3.2,-0.0,4.0,-7.4,6.8,8.6,-1.4,8.8,1.7,-4.9,1.8,-2.8,2.2,-2.3,-0.8,-5.6,4.1,-3.0,0.1,15.4,-2.6,1.7,-1.6,-1.2,-1.2,-4.2,-3.5,-1.6,5.5,-7.9,-7.7,1.3,-2.3,-5.1,-6.6,-1.2,-1.1,1.5,1.8,2.1,1.5,-2.6,-1.4,-7.9,0.8,-2.4,0.9,-2.3,-4.5,-2.7,-0.2,-4.6,-4.2,-5.7,-4.6,-4.5,-2.3,-7.9,9.8,-4.3,-15.7,-4.0,-14.0,-1.8,-7.1,-11.3,-7.2,-12.5,-3.6,0.8,-3.3,-3.1,-3.5,-4.2,-2.6,-4.2,-3.4,8.5
2C7L51AtqN,0,48.104096,11.621646,4441822.0,2778052.16,539.0,584.8,265,7243,4.0,0.69,0.51,32.6,348.92,-0.529,-0.103,0.842,-0.6,0.2,-0.25,0.31,1.4,0.3,-0.3,-0.6,-3.1,0.1,-4.9,-2.9,-2.0,0.3,-1.5,-1.2,2.0,0.6,0.8,4.8,-4.2,-11.6,-2.4,-6.0,9.6,-4.9,9.6,-7.0,-4.5,0.1,-0.8,11.0,-5.4,-4.3,-5.2,1.0,-10.0,-17.4,-0.1,-14.4,-5.7,-10.6,-10.6,-8.3,-2.7,-2.2,-6.1,9.5,-4.6,1.9,-4.6,2.8,0.3,-3.4,-2.7,0.7,1.3,2.6,-0.3,0.4,-2.0,-1.9,4.1,-1.1,2.9,-3.9,-5.1,-3.2,-1.5,-12.1,-9.7,-1.1,-4.3,-2.8,-5.6,-1.6,-2.5,-2.2,0.2,-2.4,-3.6,-5.2,-5.5,-12.6,0.3,1.0,-3.5,-2.6,-11.2,-1.9,7.8,-0.8,-6.3,-4.9,-14.9,-5.2,-6.1,-5.9,-2.9,-3.7,-2.4,-5.6,-6.1,-6.8,-3.9,5.9,-5.5,-14.4,-3.9,-1.1,-0.3,-2.5,1.1,-9.6,-1.1,-3.7,-6.9,-2.7,-3.9,0.3,-3.4,-0.2,-3.7,-3.0,-2.1,-2.5,3.4,-3.0,-0.7,-3.9,-1.8,1.5,-2.3,-4.5,-2.0,-5.5,-11.7,-5.0,-3.6,-8.4,-8.9,-13.5,0.5,-3.3,-4.4,-1.2,1.6,-4.2,-1.8,0.9,-2.8,-3.5,-3.2,-2.6,-0.4,-1.8,-1.4,-0.1,-4.0,-2.3,-4.5,4.9,-3.6,-2.2,-2.6,-2.3,-1.5,-0.3,-5.1,-2.5,-2.7,-8.2,0.5,-0.7,-2.6,-4.6,-3.9,-6.3,-6.5,-9.1,-2.8,-3.6,-3.7,-5.7,-3.3,-6.4,-3.1,-2.4,-3.5,-4.4,-4.4,-3.7,-9.5,-2.9,-2.9,-6.5,-8.6,-8.7,-9.6,-4.0,-9.5,-7.6,-4.8,-7.9,-6.3,-4.8,-6.5,-8.9,-3.7,-6.2,-5.1,-5.5,-2.6,-5.4,-4.6
2C7L51AtqO,0,48.104097,11.621649,4441822.21,2778052.21,536.4,582.1,265,7244,3.1,0.81,0.4,32.6,348.92,-0.529,-0.103,0.842,-1.1,0.2,-0.05,0.24,1.2,0.2,-0.3,0.7,0.2,-1.5,-1.7,-2.7,-1.3,0.7,-1.0,0.1,1.2,0.9,-1.4,5.5,-2.5,5.7,-1.6,-3.3,-5.1,-2.2,-3.1,-4.2,-1.5,-2.2,-1.3,-4.5,-2.4,0.3,-1.7,-1.5,-8.6,-18.2,-6.6,-5.4,-2.6,-7.8,-4.8,-3.0,-2.7,-0.3,-0.1,-1.1,-1.5,-0.4,-10.0,-1.6,-2.0,-4.1,-3.9,-1.6,-0.9,0.1,-1.8,-1.9,-2.3,-4.7,-1.6,-0.7,-4.9,-2.5,-6.0,-2.9,-3.5,-10.1,-5.8,-7.5,-2.4,-2.5,-4.1,-3.9,-4.6,0.7,0.8,-1.4,-4.0,-3.2,-1.4,-1.7,-2.1,-1.3,-2.8,-4.4,-4.9,-8.8,-14.1,-1.6,-6.7,-4.2,-8.4,-3.8,-4.9,-5.6,-4.8,-4.2,-2.9,-3.8,-0.6,-4.8,-5.4,-1.8,-18.0,-7.5,-4.5,-3.7,-3.5,-4.2,-2.0,-8.2,-2.6,-6.4,-6.9,-4.5,-5.8,-2.4,-4.9,-3.2,-3.2,-2.1,-3.6,-1.6,-1.3,-4.2,-3.3,-3.6,-2.0,-2.9,-0.6,-5.8,7.9,-5.6,-17.2,-5.6,-3.0,-9.7,-5.3,-7.5,-3.5,-2.5,-5.7,-4.1,1.0,-4.8,0.5,-5.4,-4.4,-8.9,-5.3,-1.1,0.8,-3.3,-1.8,-0.8,-7.3,-8.4,-7.1,-11.7,-3.4,-0.8,-5.4,-4.9,-3.0,-8.0,-6.0,-6.4,-5.4,-7.9,-3.7,-5.4,-9.8,-4.8,-6.0,-7.5,-14.3,-6.1,-4.0,-3.8,-3.0,-2.5,-5.6,-11.1,-5.1,-7.1,-3.6,-7.6,-5.0,-5.4,-6.2,-5.1,-4.0,-6.6,-6.9,-9.7,-6.2,-5.1,-11.2,-9.8,-11.3,-8.7,-10.2,-7.9,-7.9,-7.6,-7.2,-8.0,-8.5,-9.0,-4.9,-9.1,-6.9
2C7L51Atr0,0,48.104431,11.624254,4442015.49,2778093.62,556.8,602.5,265,7282,2.8,0.81,0.39,32.64,348.97,-0.529,-0.103,0.842,-0.5,0.1,-0.39,0.21,1.1,0.2,-0.3,0.0,-1.6,-1.2,1.3,-2.3,0.5,-2.5,-0.5,-3.4,0.9,3.7,2.0,-3.1,-0.9,-4.5,-3.3,-1.9,-3.4,-1.1,-3.9,-0.9,4.8,2.7,-3.6,-0.7,4.5,1.4,5.5,1.9,-10.9,-12.2,-9.0,-6.4,-5.3,-1.2,-2.9,1.4,-0.3,3.2,1.8,4.4,4.4,1.3,0.0,1.2,-0.8,2.7,-1.4,2.1,-0.7,4.5,0.9,0.3,3.9,0.3,-0.8,0.5,0.6,3.3,0.6,0.9,-4.4,-0.5,0.6,0.8,2.4,1.5,1.5,-1.3,0.1,0.7,-3.0,3.4,-1.2,-3.2,-5.4,-0.2,-2.1,-2.1,-5.8,1.8,-3.2,-0.7,-4.2,0.6,-3.1,1.0,-7.6,-5.7,-8.0,-0.7,1.7,-3.1,-6.9,0.8,1.9,3.5,0.2,-2.5,1.4,-1.1,0.9,-1.4,2.0,0.7,-0.0,3.0,2.5,-3.4,-1.4,-4.3,0.9,-0.5,3.4,-0.6,-6.3,0.4,2.7,-0.4,-0.6,2.4,1.5,0.1,-3.9,-4.8,-3.6,0.4,-1.1,1.6,-3.1,0.7,-0.3,5.7,1.4,-4.7,-2.8,-1.9,-0.5,3.3,1.2,-0.2,0.6,1.8,0.1,-0.2,-0.8,3.1,1.2,1.2,-1.8,-1.4,-4.4,-1.7,-3.6,-2.4,-5.2,0.7,-1.4,2.9,2.1,-2.7,3.5,-2.6,1.6,0.1,-0.8,-3.2,-5.5,-2.0,-0.5,-2.2,-5.8,-0.5,0.4,0.0,-1.4,-2.1,-1.4,-8.3,-1.3,-4.8,-3.6,-4.4,-2.1,-2.9,-0.7,-1.1,-3.7,-3.2,-2.9,-7.0,-2.9,-7.3,-3.5,-3.1,-2.8,-0.2,0.1,-1.4,-3.6,-1.0,0.6,-0.5,-2.9,-0.9,-2.1,-3.6,-2.2
2C7L51AtrD,0,48.104501,11.624799,4442055.96,2778102.32,547.3,593.1,265,7295,3.3,0.77,0.42,32.64,348.97,-0.529,-0.103,0.842,-0.7,0.2,-0.43,0.25,0.5,0.2,-0.3,-2.9,0.6,0.9,-1.3,0.5,4.5,-0.4,1.0,1.1,-8.6,2.9,-1.7,-0.4,2.4,-0.6,-0.6,0.6,-2.2,-0.5,-3.0,-4.1,-1.5,-1.6,-1.2,2.8,3.9,3.4,3.7,-0.4,-5.6,-9.6,-3.9,-6.9,-0.6,-1.2,-1.4,1.2,0.6,0.2,3.1,1.7,2.1,4.7,2.3,-1.7,0.2,-0.2,-3.9,2.6,1.1,1.0,0.9,5.4,-0.2,-3.7,1.3,-3.9,-3.7,-2.5,-1.6,-1.0,-0.5,-3.2,-3.5,-1.9,-2.6,1.3,-4.3,0.6,-3.5,0.4,-2.2,-7.2,-1.7,-0.1,-1.2,-2.2,-2.0,-3.0,7.3,5.1,-1.4,-1.5,-0.1,-1.9,3.5,4.0,-4.0,0.8,-4.4,0.3,0.9,1.0,0.1,1.4,3.5,0.4,-0.1,-1.4,-9.2,0.7,-0.1,-0.1,1.4,-0.0,-1.3,2.3,-1.8,-2.0,-0.9,-2.3,-0.1,-3.7,0.3,-3.1,-1.8,-4.3,-2.3,-2.1,-1.5,-0.8,-3.2,2.0,-5.3,-1.6,-2.1,-2.8,-0.3,0.2,-3.1,-3.9,-4.7,3.6,1.0,-2.2,-2.6,-8.1,-3.7,-1.7,0.1,-3.7,1.5,0.5,-1.3,0.8,0.9,-4.8,4.4,0.5,-1.1,1.1,-15.9,2.1,0.1,-0.3,1.6,1.9,-0.3,0.1,0.7,0.6,0.3,-5.7,-0.1,-4.6,-0.7,-2.6,-3.6,3.0,-0.7,-1.0,-6.1,4.6,5.9,-1.0,-5.8,-5.1,-4.2,-10.3,0.6,0.8,-0.7,1.3,-4.1,-4.2,-3.2,-1.8,-2.2,-3.9,-16.1,-1.6,6.5,-5.4,-8.6,5.2,-9.5,-1.7,-3.5,-8.0,-2.1,-2.8,-5.4,-4.2,-4.1,-4.1,-11.1,-5.6,-3.0
2C7L51AtsB,0,48.104919,11.628049,4442297.01,2778154.04,539.5,585.2,265,7355,1.2,0.96,0.22,32.65,348.97,-0.53,-0.103,0.842,-0.6,0.1,-0.27,0.09,0.5,0.1,-0.3,-0.7,0.5,-1.3,0.1,-0.1,-0.2,-0.4,0.1,-0.5,3.2,0.0,0.9,-1.7,-0.9,-0.7,-0.5,-0.0,-1.3,-1.8,-3.0,-2.0,-0.7,0.5,0.8,1.9,0.7,2.2,1.0,-1.2,-1.3,-2.6,-4.0,-5.4,-1.8,0.3,-0.7,1.2,1.4,3.2,2.6,1.7,-0.1,-1.1,-0.8,-0.0,1.1,0.8,0.7,-1.0,1.2,0.1,1.1,0.6,0.2,-1.0,1.0,-0.8,-0.2,-0.0,-0.2,0.3,0.2,-2.9,-0.9,-0.8,0.4,-0.0,-2.0,-1.7,-1.3,-0.8,0.6,-1.4,-0.6,0.0,-1.3,0.2,-1.5,-1.1,0.5,-0.6,-1.7,-1.1,-1.0,-0.9,-0.7,1.1,-2.9,-0.6,-1.9,-0.6,-1.5,-0.7,-0.4,0.4,-0.8,0.3,0.8,-0.4,2.3,0.4,0.4,0.6,-0.3,-1.5,-0.1,-0.9,-0.8,0.8,-0.2,-0.6,-0.7,-0.1,-0.3,-0.3,0.1,-3.3,-1.2,1.3,-0.8,0.4,-0.3,-0.4,-1.5,-1.6,-1.3,1.0,-0.4,-0.4,-2.7,-1.8,-0.2,-0.5,-1.8,-1.1,-2.3,-1.2,-3.7,0.9,2.0,2.0,-1.5,-1.5,-1.9,-0.4,0.3,1.9,0.1,-1.3,-3.3,-1.7,-0.5,-3.1,-1.7,-1.6,-1.4,-1.5,-0.6,-1.2,-1.5,-1.9,-0.6,-1.0,-2.0,-2.4,-0.7,-1.5,-0.2,1.9,-1.8,-1.6,-4.6,-2.7,0.5,-3.4,-4.6,-2.3,-1.2,-3.7,-1.5,-3.4,-2.8,-2.9,-3.5,-3.2,-3.0,-3.8,-3.1,-2.2,-3.9,-3.0,-3.5,-2.7,-4.2,-3.2,-2.8,-2.9,-4.1,-3.5,-2.3,-2.5,-1.1,-3.4,-2.0,-1.0,-2.9,-1.5,-2.6
2C7L51AtsF,0,48.104956,11.628336,4442318.35,2778158.61,543.3,589.0,265,7359,3.3,0.77,0.44,32.65,348.97,-0.53,-0.103,0.842,-0.8,0.2,-0.47,0.25,1.0,0.2,-0.3,0.9,2.6,1.1,2.2,0.2,-1.5,-2.6,4.5,-5.7,0.7,-1.2,1.9,-2.6,0.7,0.4,-1.1,0.2,-5.0,-5.1,-1.7,-0.2,-5.7,-1.4,5.3,4.5,1.9,0.0,0.1,1.6,-5.4,-5.8,-8.4,-7.9,-4.6,0.6,-3.3,0.4,-1.9,1.4,-0.4,-2.0,-2.6,0.9,-0.8,2.0,-0.6,-2.1,-2.8,1.4,2.3,-0.9,-2.6,3.7,7.8,0.7,3.7,2.8,1.1,-0.9,-0.7,2.6,-4.8,-7.5,-0.2,-6.1,2.8,-1.1,2.9,0.4,0.2,0.4,-10.6,8.8,-3.4,2.2,-1.9,-0.8,0.9,-3.5,-0.9,-1.2,-2.4,-0.7,-4.3,-1.9,-17.1,1.3,0.1,-3.6,0.3,8.4,-1.2,0.7,-5.3,4.7,-3.4,5.2,0.8,-5.1,-0.8,-0.8,1.8,3.3,-0.7,-0.1,-1.5,-0.9,-2.3,-4.4,-4.6,-0.4,0.7,0.8,-0.9,1.9,-0.3,-0.1,0.0,-0.1,0.9,0.6,0.5,-1.5,2.8,7.1,4.4,0.4,-1.2,-1.9,-4.8,-0.2,-3.2,-2.8,-1.8,-2.0,-2.1,-0.1,-6.2,-3.0,5.8,0.2,-1.2,-1.8,-1.3,0.1,-1.9,-3.3,0.7,-3.3,-0.4,-1.7,-2.7,-2.6,-4.2,-7.8,-5.1,-2.9,-3.4,-2.2,-2.0,-7.0,-2.8,1.3,-3.1,-5.0,-1.8,-13.2,-3.7,-1.2,-2.7,-2.4,-1.5,-2.0,0.9,-2.7,2.2,0.0,0.8,-7.2,-3.7,-4.5,-5.1,-4.0,-10.0,-7.7,-7.2,-4.2,1.8,-4.0,-3.3,-5.6,-0.8,-2.8,-5.1,-0.2,-3.1,-9.0,-0.3,-4.3,-12.3,-2.7,-4.1,-2.2,-1.1,-0.6,-4.5,-5.8,-4.6
2C7L51AtsQ,0,48.105005,11.628716,4442346.52,2778164.68,529.8,575.5,265,7370,2.7,0.83,0.43,32.66,348.97,-0.53,-0.103,0.842,-0.7,0.1,0.19,0.2,1.4,0.2,-0.3,-0.2,-0.9,-1.2,-0.1,-2.9,1.6,-1.4,-0.2,-2.0,0.8,-0.5,1.4,-0.1,-0.4,-2.8,-1.9,-3.2,-3.2,-3.3,-3.5,-5.4,0.7,-2.0,-6.4,-3.9,-1.1,-0.7,-2.0,-4.5,0.6,-5.7,-8.1,-3.0,-8.7,-4.6,-3.1,3.7,9.2,-1.3,-11.3,-3.1,-3.5,-5.5,-2.2,-6.7,-1.9,-3.4,-1.4,-0.5,-1.4,-1.1,-0.2,-1.7,-2.3,-1.9,-1.5,4.2,-2.0,-1.5,-0.8,-4.4,-3.0,-0.3,0.2,-2.0,-0.0,-3.1,-2.0,-2.9,-3.2,-3.7,-2.1,-2.2,-0.8,-1.4,-1.6,-2.8,-3.3,-4.0,-4.1,-5.7,-3.3,-4.9,-9.2,-4.6,-12.5,-7.1,-3.7,-5.9,-2.9,-3.3,-9.1,-5.0,-3.1,-6.1,-3.9,-0.7,-2.3,-2.6,-5.6,-3.4,-3.6,-6.5,-4.5,-4.4,-6.1,-2.8,-1.4,-0.6,-2.8,-0.9,-1.3,-3.9,-3.2,-2.5,-0.5,-4.1,-6.2,-1.9,-2.2,-3.0,-1.9,-1.2,-2.1,-2.5,-0.7,-2.3,-4.9,-2.6,-5.4,-2.0,-8.8,-0.2,-5.5,-4.7,-10.1,-7.5,-8.1,-1.5,-0.5,-3.6,-2.9,-4.2,-4.3,-2.7,-2.2,-3.2,-3.3,-3.0,-0.5,-2.6,-4.1,-2.8,-5.2,-3.7,-3.5,-4.1,-4.9,-5.2,-4.3,-5.3,-1.7,-3.9,-7.8,-4.5,-3.7,-1.3,0.4,-1.9,-4.2,-3.6,-8.9,-13.3,-4.4,-9.7,-4.8,-3.2,-2.5,-7.7,-3.2,-5.0,-3.5,8.9,-4.8,-5.0,-7.4,-9.2,-7.7,-8.5,-7.2,-9.2,-12.4,-2.0,-6.0,-8.3,-6.4,-5.9,-4.6,-6.7,1.0,-3.8,-3.6,-0.5,-3.0,-5.9,-3.8,-5.5,-4.2
2C7L51AtqU,0,48.104177,11.622134,4441858.15,2778061.97,544.2,589.9,265,7250,4.5,0.59,0.5,32.6,348.92,-0.529,-0.103,0.842,-2.1,0.2,-0.45,0.35,0.9,0.3,-0.3,4.2,11.1,-13.6,10.1,1.8,3.3,-8.1,10.0,10.1,9.4,-8.3,7.5,1.5,-5.5,3.9,-1.4,-4.4,-3.2,-1.8,-5.6,-10.4,0.1,-6.1,-1.1,-1.6,-0.7,-3.1,5.6,-7.6,-7.9,-8.1,-5.3,-7.8,-4.0,-9.1,0.9,-3.2,2.0,-2.3,3.4,-8.4,-5.0,0.2,-0.6,-5.0,-6.5,-0.6,-10.3,-4.3,3.2,-2.6,-1.7,-4.1,0.7,2.2,3.4,-8.7,-14.3,-5.7,-1.4,1.2,0.7,-3.5,4.0,5.8,-8.1,-9.6,-1.6,3.7,0.8,-0.9,-3.1,0.4,-6.8,-3.4,5.1,-0.5,-1.3,-1.7,-0.3,-0.0,-5.9,5.8,-6.6,-5.5,2.5,-2.7,-5.1,0.6,-3.5,-4.1,-8.0,-13.1,-0.4,-3.5,-2.7,-5.4,-2.1,-1.3,-3.1,-7.3,2.6,-2.5,-4.2,-2.2,-7.3,-7.3,-3.6,-10.9,-6.5,-3.4,-3.2,-6.2,1.4,-1.0,-1.3,-6.0,-4.1,-7.5,2.5,-9.5,-11.6,0.4,-3.3,-3.2,-2.3,-1.7,-2.2,-5.0,-2.4,-3.9,0.1,-2.8,-4.4,-5.6,-7.4,-1.0,-8.9,-6.2,1.9,-14.1,-6.8,-11.2,2.7,-7.4,5.3,-8.1,-8.2,-11.5,-5.2,1.1,-5.4,-6.7,-3.9,-4.5,-10.6,-3.4,-4.5,-5.1,-9.6,-4.0,-7.3,-8.2,-8.6,-6.4,-1.7,-11.8,-5.7,-4.5,-5.5,-12.3,-7.7,-16.7,-7.6,-15.1,-10.8,-11.5,-20.4,-3.9,-8.4,-8.2,-8.8,-5.8,-9.7,-6.5,-9.5,-20.7,-5.6,-10.6,-11.0,-14.8,-9.9,-6.2,-9.2,-8.3,-10.1,-9.3,-10.7,-13.3,-10.7,-0.8,-13.7,-7.9,-10.1,-11.9,-16.3,-13.8,-11.6
2C7L51AtqW,0,48.104186,11.622199,4441863.0,2778063.02,540.3,586.0,265,7252,3.6,0.71,0.42,32.6,348.92,-0.529,-0.103,0.842,-1.2,0.2,-0.68,0.28,1.4,0.2,-0.3,-1.6,4.9,1.6,-0.1,0.2,-0.7,1.4,3.5,4.4,-6.4,4.5,-4.6,4.5,3.4,3.2,4.5,2.7,6.3,5.1,-1.3,0.1,4.7,0.5,2.2,5.7,7.4,2.8,0.0,0.2,-1.3,3.8,-0.0,0.5,-4.2,-2.7,1.0,6.1,6.0,7.4,9.8,-1.0,-3.8,8.1,3.5,-2.3,2.3,-1.9,-6.0,3.2,2.5,-0.2,-0.7,0.2,7.4,-2.3,-0.2,-5.5,4.5,3.8,-1.8,2.3,-0.6,1.1,2.6,0.6,0.0,-3.5,1.9,1.0,-0.4,-2.4,-0.1,-2.5,-2.1,3.9,4.0,1.5,4.4,2.6,5.6,5.5,2.4,2.0,1.6,-1.6,1.1,1.7,-2.1,3.2,-0.7,-1.8,0.2,-6.8,2.5,2.4,7.2,-4.1,-0.4,4.1,2.8,15.5,6.9,-1.9,3.4,4.4,-1.1,-1.7,0.4,3.7,-0.9,6.0,2.4,0.7,-0.3,2.3,-1.7,-4.2,1.0,-0.8,0.5,0.1,-1.1,-0.9,-1.9,7.0,9.9,-5.9,1.7,0.7,10.6,5.8,5.2,-0.3,3.3,9.2,0.8,5.5,1.0,3.9,2.4,-3.3,-3.7,0.0,0.7,-0.2,-1.2,-0.2,-3.1,-2.2,-2.8,3.9,-1.9,-1.9,-0.6,-0.7,-2.0,-6.0,-0.3,0.1,2.1,1.4,-2.7,0.8,0.6,-0.1,-4.8,-3.2,-1.8,1.9,1.7,-2.0,-3.4,-5.7,8.6,-12.9,-10.3,-9.9,-3.6,-6.2,-4.4,-4.9,-3.1,-1.8,-5.0,-2.1,-2.3,-4.3,2.3,0.5,-11.5,-0.4,-3.1,1.9,1.8,-0.5,-2.3,4.7,0.6,-5.5,3.5,-8.5,-9.2,-4.3,-7.4,-5.3,-7.0,-5.4,-1.9
2C7L51AtqY,0,48.104212,11.622401,4441877.97,2778066.22,544.6,590.3,265,7254,3.8,0.71,0.4,32.6,348.92,-0.529,-0.103,0.842,-1.9,0.2,-0.34,0.29,0.7,0.2,-0.3,-2.1,-2.7,-0.4,0.8,-2.5,-13.2,6.4,0.9,3.1,11.0,-1.9,-8.5,1.2,0.7,1.6,-0.8,-4.0,-5.6,11.7,-5.8,-2.3,-1.1,0.5,-1.4,1.3,-1.2,4.0,-8.8,-0.1,-1.7,6.7,-4.5,-2.5,-1.9,-5.0,0.2,-1.2,2.6,-2.6,6.7,0.9,-4.7,5.9,0.4,2.9,-0.8,-5.1,1.7,-0.4,0.1,-1.8,-5.2,2.9,0.5,-3.8,-2.9,-0.8,-4.4,2.8,-1.2,-0.5,-4.7,-3.7,-1.3,-4.8,-7.2,-4.8,-1.8,-0.8,-0.6,-7.5,-1.6,-0.7,1.8,-3.0,-1.7,0.8,-0.7,-0.6,-0.6,0.2,1.7,-0.8,-3.1,-1.8,-4.5,1.0,-4.7,-1.9,-5.9,2.9,-5.8,-10.1,1.1,-5.2,-3.7,-9.0,-0.4,-3.5,-0.0,-2.1,-0.6,3.5,-0.3,-5.2,-2.0,-1.5,0.9,-1.1,-1.3,-1.1,-0.6,-0.7,-2.6,-6.6,-5.2,-5.4,-5.7,-5.8,-2.3,-4.1,-1.2,-4.5,-5.6,-4.7,-7.7,-10.0,-0.4,-2.2,-3.7,-5.2,-2.3,-10.5,-2.1,-5.7,0.7,-4.1,-3.8,-2.4,-3.0,-4.9,-4.9,1.2,6.8,-3.5,-14.2,4.4,-5.5,-6.1,-4.0,-3.1,-8.6,-7.1,-8.7,-10.2,-9.9,-6.8,-5.3,-5.3,-6.1,-1.3,-3.1,1.5,-2.5,-8.4,-7.4,-4.8,-8.2,2.4,1.1,-6.3,-10.2,-9.7,-15.6,-13.9,-10.8,3.9,-2.9,3.1,-4.9,-11.1,-11.1,-7.3,-10.0,-8.6,-9.2,-12.0,-0.3,-11.4,-5.1,-10.6,-7.7,-10.0,-10.7,-9.3,-6.3,-8.1,-9.0,-7.8,-8.6,-12.8,-7.7,-9.0,-8.5,-10.6,-10.9,-10.7,-8.5
2C7L51Atqy,0,48.104435,11.624137,4442006.76,2778093.82,556.9,602.6,265,7280,4.5,0.62,0.47,32.63,348.97,-0.529,-0.103,0.842,0.4,0.2,0.76,0.34,0.9,0.3,-0.3,3.1,-2.0,-3.3,-2.6,-2.2,2.8,-3.0,4.0,-1.6,1.1,1.5,3.1,-1.5,0.8,-5.7,-3.7,-1.6,-4.3,-4.0,-1.9,-4.4,-0.2,-2.2,-3.1,-2.6,-2.9,-0.1,-4.2,-2.6,-7.0,-13.1,-6.3,-8.5,-4.8,-3.5,-2.9,-2.6,-0.3,-1.3,-0.5,0.7,2.3,0.9,-3.2,0.9,-3.5,2.9,-0.2,-1.0,-1.1,-3.9,1.0,-0.4,0.8,1.2,0.8,-0.8,0.8,1.7,-0.0,3.0,-3.5,-3.5,-2.5,0.2,1.2,1.3,5.0,-3.1,-3.6,2.2,-2.4,0.8,-2.1,-6.3,-3.4,-2.9,-3.4,-5.0,-5.5,-5.9,-2.8,-2.0,-3.8,-5.2,-2.1,-0.9,-5.7,-4.7,-5.8,-3.8,8.0,2.1,0.9,-2.6,2.1,-1.8,-1.7,-2.2,-0.4,-0.6,-3.4,-1.8,-2.4,-2.0,-1.6,-3.6,-0.9,-7.0,-2.3,-3.9,-3.8,-2.3,-3.6,-2.2,-0.2,1.5,-0.5,2.6,0.9,2.1,-1.1,-2.2,-1.6,-5.9,-2.9,2.1,-3.2,-5.3,-2.0,0.3,4.8,-12.2,-4.4,-3.2,-1.9,-4.9,-10.4,0.3,-5.0,-5.5,-5.7,-5.8,-0.5,-5.2,-5.1,-8.3,-6.8,1.4,0.9,-5.7,-9.5,-9.6,-10.4,-2.1,-4.2,-3.7,-5.1,3.2,-14.8,-12.2,1.7,7.1,-0.4,-1.9,4.3,12.5,-4.1,-3.5,0.5,-14.2,4.9,2.0,6.0,4.7,12.7,1.8,8.8,-14.0,4.5,5.1,5.2,11.7,5.8,1.7,-4.0,-1.2,-6.4,0.0,6.2,3.9,4.0,6.6,8.5,0.3,-5.3,0.7,-7.9,-7.9,-9.3,11.8,5.1,1.7,-2.6,0.3,3.6,-6.8,-7.7
2C7L51Atqz,0,48.10444,11.624179,4442009.9,2778094.5,556.2,601.9,265,7281,2.3,0.86,0.31,32.64,348.97,-0.529,-0.103,0.842,-0.4,0.1,-0.02,0.18,1.1,0.2,-0.3,0.2,-1.7,-3.0,0.7,-3.6,1.4,-1.7,1.6,-2.5,0.3,2.0,2.5,-2.3,0.3,-3.1,-2.9,-2.3,-4.4,-2.5,-3.0,-2.3,-1.8,0.0,-5.6,-1.6,-1.8,0.9,3.5,-0.3,-7.8,-12.5,-6.8,-6.4,-6.5,-4.1,-4.4,-2.3,-1.1,0.6,-0.9,1.3,3.2,-0.8,-1.3,-1.0,-2.1,2.4,-1.0,-0.0,-0.8,-0.4,-0.5,0.1,-1.1,0.2,-2.5,-0.6,-0.1,0.3,-1.2,-0.0,-1.5,-0.1,-1.2,0.1,-0.2,1.1,1.3,-2.6,-1.5,1.2,-3.1,0.6,-0.7,-4.3,-3.9,-3.0,-3.0,-5.1,-3.4,-5.2,-3.9,-3.0,-4.8,-2.5,-3.0,-3.3,-7.2,-4.3,-4.4,-5.3,0.4,-1.5,-1.5,-1.9,1.4,0.9,-3.6,-4.9,-0.9,-1.8,-4.2,-3.9,-1.7,-3.8,-1.3,-1.4,-1.2,-5.0,-2.5,-4.8,-3.1,-1.8,-0.3,-2.3,-1.4,-0.6,-0.8,-1.0,-0.7,1.3,-1.2,-1.9,-4.1,-5.2,-4.6,0.6,-4.5,-4.0,-4.4,-2.0,-1.2,1.9,-3.0,-4.0,-4.5,-5.3,-4.3,0.5,-0.9,1.6,0.5,-1.1,-1.2,-1.0,-1.9,-6.4,-1.7,-0.0,-2.9,-3.0,-6.5,-5.0,-6.0,-4.3,-3.8,-0.2,-1.9,1.8,-1.2,-5.8,1.5,-2.5,-0.6,-3.7,2.1,-3.1,-9.2,-1.5,-0.5,-6.6,-5.0,-1.1,2.0,-0.7,2.9,-1.6,-3.2,0.5,-3.2,-5.4,-0.3,-6.5,0.6,-2.9,-6.6,-0.8,-3.8,-5.4,-5.1,-5.9,-2.4,-5.4,-4.9,-4.0,-3.5,-3.3,-5.0,-2.7,-6.7,-3.8,-0.4,-2.6,-2.9,-0.3,-1.3,-3.8,-3.8
2C7L51Atqd,0,48.104269,11.622702,4441900.24,2778073.07,544.7,590.4,265,7259,2.8,0.74,0.4,32.6,348.92,-0.529,-0.103,0.842,-1.3,0.1,-0.56,0.22,3.0,0.2,-0.3,6.7,2.0,2.4,3.7,1.9,2.0,-0.7,4.8,0.1,-2.0,-1.9,6.3,-3.5,-3.7,-3.7,-3.4,-5.5,-5.7,-2.9,-3.9,-8.5,-6.4,-6.6,0.8,-1.1,-1.9,-2.4,-1.4,-3.5,-4.9,-16.1,-7.9,-9.2,-13.1,-9.4,-7.5,-4.2,-4.9,-4.9,-2.5,-3.6,-1.4,-5.1,-5.1,-5.6,-6.1,-0.5,-2.3,4.4,1.0,-3.2,-1.8,-2.1,0.2,0.1,-2.7,-0.3,2.0,0.8,0.9,0.9,0.2,2.3,1.9,-0.1,-0.0,-1.0,-1.1,1.0,0.1,-0.1,1.9,2.5,-0.3,0.5,-1.0,-2.0,-2.1,-2.8,-6.5,-4.6,-5.9,-0.3,-3.0,-6.5,-8.0,-3.8,-6.5,-3.6,-5.2,-5.2,-0.8,-3.5,2.1,-4.7,-2.9,-6.4,-5.8,-7.2,0.1,1.9,-4.5,-2.0,-1.9,-3.2,-3.4,-2.4,-1.6,-1.2,-3.7,-0.8,-2.6,-0.4,-3.8,-0.8,-0.7,-2.2,-1.3,0.6,0.6,-1.8,0.6,1.2,-0.7,-2.7,2.5,1.4,-3.0,-3.9,-5.0,-6.0,-6.3,-3.6,-9.5,-8.2,-7.1,-5.0,-9.9,-3.5,-1.4,-2.5,2.5,-7.2,-8.9,-4.7,-5.9,1.7,-2.5,-3.6,-5.1,-1.3,-5.3,-4.8,-5.2,-5.1,-5.6,-4.1,-5.2,-1.9,-7.2,-6.5,-9.8,-5.4,-7.0,-7.9,-8.4,-7.8,-11.4,-6.0,-8.8,-8.0,-9.4,-9.6,-13.4,3.2,-1.5,-3.0,-5.9,-0.9,-8.1,-5.5,-2.0,-6.1,-3.9,-11.9,-8.6,-6.4,-8.4,-5.9,-10.8,-9.8,-9.4,-10.3,-10.1,-10.6,-7.5,-7.9,-6.8,-9.5,-9.7,-9.7,-7.1,-6.9,-9.0,0.4,4.6,-9.0,-8.1
2C7L51Atqe,0,48.104277,11.622765,4441904.98,2778074.08,545.0,590.7,265,7260,2.6,0.82,0.44,32.6,348.92,-0.529,-0.103,0.842,-1.2,0.1,-0.68,0.2,1.8,0.2,-0.3,-1.5,-0.3,-11.7,2.6,0.4,4.9,0.4,4.6,-0.1,-9.6,-1.8,7.8,-3.2,-1.7,-1.2,-1.4,-1.1,-1.6,-1.6,-1.3,-5.8,-5.1,-3.0,-0.4,-0.9,-1.5,-2.3,4.3,-5.4,-5.3,-16.1,-6.9,-5.6,-7.0,-7.4,-5.6,-1.9,-0.7,-1.3,-1.1,-2.9,-4.7,-2.4,-3.6,-3.6,-2.1,2.2,-1.1,-3.3,-1.9,-2.5,-7.4,-1.8,5.4,-3.9,1.0,-5.5,1.7,0.9,-0.9,-0.4,-1.9,1.1,1.4,1.6,-1.5,-3.2,-0.1,-1.6,-2.4,-3.1,2.0,0.2,-2.8,-1.8,-2.1,-1.7,-2.8,-2.7,-4.1,-3.0,-4.9,-1.7,-6.3,-5.3,-6.9,-2.7,-6.6,-3.3,-8.7,-4.6,-0.1,-7.1,-1.7,-3.4,-1.3,-2.0,-4.4,-2.8,-3.3,-3.1,-1.4,-2.3,-1.2,-4.7,-3.5,-4.8,-3.9,-2.8,-5.5,-3.3,-3.2,-1.2,-3.8,-2.7,-3.0,-2.8,-3.3,4.5,0.0,0.7,-1.9,-0.9,-1.1,-2.4,-2.9,-8.7,-3.1,-4.0,-4.5,-6.6,-5.8,-0.6,-5.2,-6.7,-2.9,-3.7,-7.4,-2.2,-1.4,1.0,-0.7,-4.1,-4.7,-2.5,-1.4,-2.5,-4.2,-3.4,-5.5,-1.6,-5.8,-2.9,-4.1,-3.7,-6.9,-5.1,-5.7,-2.0,-5.2,-6.2,-6.2,-3.8,-5.9,-7.3,-6.1,-7.1,-9.0,-4.0,-6.8,-6.6,-5.9,-4.2,4.5,-2.4,-2.4,-4.7,-5.2,-3.0,-5.4,-4.6,-2.3,-4.5,-8.5,-6.6,-6.6,-7.5,-6.7,-6.0,-7.8,-10.6,-9.9,-11.4,-12.0,-8.8,-7.9,-8.7,-7.9,-9.1,-8.7,-13.3,-8.6,-7.7,-7.0,-4.3,-8.5,-5.3,-7.9
2C7L51Atr8,0,48.104469,11.624259,4442015.77,2778097.86,536.1,581.8,265,7290,2.5,0.87,0.48,32.64,348.97,-0.529,-0.103,0.842,-0.2,0.1,-0.51,0.19,0.5,0.2,-0.3,-1.4,-1.1,-0.5,-1.3,0.3,-0.1,-1.5,-2.5,-0.0,3.4,-3.6,2.2,-2.4,-0.2,-0.5,-0.4,0.6,14.0,5.0,-8.2,-1.3,2.3,3.2,0.4,1.6,1.3,1.4,3.6,-1.3,-3.3,-13.9,-5.1,-1.5,-5.3,-1.8,-3.4,-3.4,-2.1,2.2,1.0,0.6,2.2,1.9,4.1,-1.1,-1.1,0.1,-0.7,-1.2,-0.2,-0.1,-2.5,-7.1,-1.1,-1.5,-0.6,0.7,0.7,-0.2,-1.2,-0.6,-1.1,-0.9,-0.3,-1.4,-0.7,-0.2,0.2,-0.8,-0.9,-0.7,-0.4,-1.4,-0.8,0.7,0.1,0.3,-0.8,-1.2,-0.5,-0.4,-1.0,-2.2,-1.8,-0.4,1.1,-1.1,-0.7,-0.0,-4.8,-0.1,-1.7,-2.6,0.5,-4.6,3.3,0.1,-0.8,-3.9,-2.0,-9.5,-1.5,-1.8,3.7,-2.7,-0.6,-1.2,-0.1,-3.3,-1.3,0.0,1.8,-0.4,-1.1,-0.0,-1.3,-2.3,-0.7,-2.7,1.6,-1.1,0.1,-0.8,-1.3,-2.0,2.0,-1.0,1.9,1.0,-2.7,-0.2,3.0,1.3,0.6,-0.6,-1.6,0.7,-0.9,3.5,3.3,0.6,0.6,0.6,1.6,2.7,0.7,2.2,-2.0,-0.9,3.4,-1.3,-2.3,1.4,-0.1,2.3,-3.2,-2.4,-1.7,1.3,3.1,-1.2,3.6,0.8,0.3,-1.0,-0.7,1.9,-2.4,0.6,-1.2,-1.6,-3.5,-2.4,-2.5,-3.4,-2.3,-3.4,-1.9,-2.8,-1.7,3.6,1.3,-0.7,-1.8,-1.3,-0.3,-1.5,1.8,0.1,-3.1,-5.3,-2.8,-3.6,-4.2,-3.2,-4.3,-4.5,-5.3,-6.4,-3.6,-1.9,-2.2,-2.0,-2.2,-1.8,-3.2,-2.7,-1.2
2C7L51Atr9,0,48.104475,11.624306,4442019.27,2778098.62,535.6,581.3,265,7291,2.5,0.85,0.46,32.64,348.97,-0.529,-0.103,0.842,-0.6,0.1,0.41,0.2,0.8,0.2,-0.3,-2.1,-0.9,-1.6,-0.9,-1.4,-2.1,-2.1,-1.1,-1.3,-1.0,-1.1,-0.1,-1.5,-0.4,-1.7,-3.1,-2.2,-2.3,-1.2,-1.9,-0.6,-2.3,-1.9,-3.5,-0.7,-2.2,0.6,-1.1,-2.3,-6.4,-14.9,-6.5,-5.3,-4.4,-6.0,-4.3,-2.1,-2.6,-0.6,-1.6,-0.7,0.3,-1.7,-0.5,-1.8,-2.1,-1.7,-2.9,-1.9,-1.6,-1.7,4.4,8.1,-4.9,-4.5,-5.1,-4.1,-4.4,-5.3,-5.5,-4.7,-5.8,-4.9,-4.4,-5.9,-6.0,-5.6,-3.9,-5.8,-5.3,-5.0,-4.8,-6.0,-4.7,-4.3,-4.4,-4.0,-5.2,-4.9,-5.6,-6.2,-5.8,-6.3,-6.7,-6.2,-4.4,-6.0,-7.2,-5.4,-8.9,-5.9,-6.0,-7.0,-4.8,-5.6,-2.8,-3.8,-6.1,-7.6,-9.0,-9.6,-2.6,1.0,-3.8,-4.5,-2.1,-0.5,-3.7,-7.1,-0.7,-2.8,11.2,-7.1,-8.8,-8.8,-8.1,-7.7,-6.6,-8.9,-6.0,-6.7,-7.4,-8.7,-10.6,-5.6,-4.7,-5.9,-1.2,-2.6,-3.8,-3.8,-1.5,-3.1,-3.9,-3.8,-5.5,-4.0,-4.6,-0.2,0.6,-3.9,-3.1,-1.8,-0.7,-2.2,-4.1,-1.9,-4.5,-6.0,-0.8,-5.1,-6.7,-3.1,-2.0,-5.3,-5.0,-4.4,-4.6,-0.5,-1.9,-5.0,-0.8,-2.1,-4.0,-4.4,-3.6,-2.4,-6.9,-2.3,-2.1,-4.5,-6.5,-7.0,-5.3,-6.5,-5.1,-5.8,-4.6,-5.5,-5.1,-1.7,-3.8,-4.9,-7.1,-4.3,-4.3,-6.5,-2.8,-3.5,-7.2,-7.7,-7.5,-4.7,-5.5,-4.5,-5.8,-5.4,-5.1,-8.6,-5.1,-5.9,-5.8,-5.6,-6.8,-6.0,-6.4,-6.8,-4.7
2C7L51AtrA,0,48.104478,11.624331,4442021.14,2778099.02,534.0,579.8,265,7292,4.0,0.68,0.48,32.64,348.97,-0.529,-0.103,0.842,-0.3,0.2,-0.33,0.32,1.7,0.3,-0.3,-0.7,-1.3,-0.4,1.9,-1.6,1.6,-2.4,-5.2,-0.3,-1.8,-2.5,-1.2,-1.9,2.9,-5.6,-4.0,-2.6,-3.8,-0.4,-2.0,2.7,-2.5,-0.9,-0.1,0.7,-1.1,4.0,-3.6,0.6,-5.7,-14.9,-4.2,-2.9,-1.6,-5.1,-2.8,0.1,-0.9,-0.0,2.7,3.0,6.7,-3.7,0.3,1.4,-2.8,5.2,-5.2,2.4,-0.7,6.3,6.2,10.7,-6.7,-6.8,-2.8,-4.0,-4.0,-5.9,-5.6,-3.3,-3.6,-2.7,-3.9,-5.7,-5.3,-3.9,-2.5,-4.5,-3.0,-4.0,-4.2,-4.3,-2.0,-6.6,-1.8,-3.9,-6.7,-5.7,-5.0,-6.8,-7.2,-4.0,-10.1,-4.9,-3.7,2.6,-6.8,-6.7,-8.3,-5.3,-7.7,-7.6,13.3,0.6,2.2,3.5,-0.2,-5.0,8.6,7.7,1.8,11.5,-4.0,-2.9,-6.9,1.5,0.4,8.6,3.3,-0.7,11.6,14.1,-9.9,-6.3,-6.7,-7.3,-8.0,-6.4,-3.6,-1.0,-6.7,-6.3,2.0,-3.0,-2.5,-3.9,3.2,-5.7,-3.7,-1.4,2.2,0.2,-2.2,-1.2,-3.7,-1.6,-1.8,4.1,4.1,-4.9,-1.6,1.4,-6.1,-0.1,-2.7,0.3,0.0,-1.5,10.6,-1.4,-3.6,0.2,-0.7,-4.1,-2.4,-4.4,-1.7,0.8,-0.5,-2.8,1.3,1.7,-0.6,-0.5,-1.1,0.0,-4.1,-0.1,-0.5,-2.3,-3.4,-2.6,-4.9,-4.1,-4.2,-2.5,-1.9,-3.9,-0.3,-1.9,1.3,3.2,-3.0,-2.2,-2.4,-4.5,0.4,-0.9,-5.6,-7.0,-5.8,-2.5,-4.8,-2.0,-3.0,-0.9,7.3,-8.7,-3.7,-4.9,-4.9,-5.7,-6.0,-5.3,-5.0,-7.5,-2.3
2C7L51AtsA,0,48.104948,11.627987,4442292.31,2778157.17,539.7,585.4,265,7354,1.1,0.97,0.17,32.65,348.97,-0.53,-0.103,0.842,-0.8,0.1,-0.31,0.08,0.3,0.1,-0.3,-0.8,-0.4,-0.7,-0.8,-0.2,-0.5,-0.2,-0.2,0.5,-0.7,0.7,0.6,0.2,-0.0,0.4,0.3,-0.0,-1.1,-1.0,-2.3,-1.5,0.4,0.2,0.1,1.8,0.4,2.5,1.3,-0.4,-2.5,-3.7,-4.4,-4.1,-2.4,1.7,-0.8,1.4,1.5,2.1,1.6,1.9,0.7,1.4,0.3,0.4,0.8,-0.3,-0.1,0.3,0.8,0.9,0.8,0.7,-0.3,0.1,0.4,-0.2,-0.9,0.3,-0.7,-0.6,-0.5,0.7,-0.6,-1.1,-0.1,-0.6,-0.5,-1.4,-0.8,-1.1,0.7,-1.3,-0.5,-0.4,-0.3,-0.0,-0.7,-1.2,-0.1,-0.3,-0.2,-1.4,-1.4,-0.5,-0.2,1.3,-1.8,-0.9,-1.1,-0.5,-1.6,-1.6,-0.7,-0.6,0.3,0.4,0.3,-0.4,0.9,0.2,-0.9,-0.6,-0.4,-0.5,-0.5,-0.5,0.2,-1.2,-0.3,-1.5,-0.8,-0.7,-0.7,-1.0,-1.1,-2.3,-1.5,0.1,-1.2,0.2,-0.5,-0.8,-1.1,-1.0,-0.6,-0.4,-0.8,-0.6,-3.2,-2.1,-1.0,-0.7,-0.7,-1.8,-1.6,-1.5,-5.0,1.0,1.4,-0.9,-1.8,-1.7,-1.3,-0.7,-1.4,1.9,-0.9,-1.6,-1.2,-3.3,-1.8,-0.9,-2.3,-2.3,-2.1,-1.9,-1.6,-1.6,-1.1,-3.3,-1.7,-0.7,-2.8,-2.4,-0.6,-1.3,-0.4,-0.4,-0.3,-1.5,-4.5,-4.1,-2.2,-3.4,-4.0,-2.9,-2.1,-2.8,-3.5,-3.5,-2.7,-2.7,-2.7,-3.1,-3.4,-3.8,-2.1,-2.8,-4.6,-4.1,-3.7,-2.3,-4.0,-2.1,-3.8,-3.6,-3.5,-3.9,-3.1,-3.1,-2.9,-4.0,-3.8,-2.2,-4.4,-4.2,-4.2
2C7L51AtsJ,0,48.105006,11.628435,4442325.55,2778164.31,536.3,582.0,265,7363,1.3,0.93,0.26,32.66,348.97,-0.53,-0.103,0.842,-0.6,0.1,-0.14,0.1,1.3,0.1,-0.3,-0.7,-0.2,-0.7,-0.1,-0.4,0.8,-0.9,0.0,-0.6,1.8,0.2,0.3,-0.4,-0.9,-1.0,-0.6,-2.7,-1.9,-3.3,-5.2,-3.0,-1.7,-2.2,-3.1,-1.6,-2.8,-0.5,-1.0,-3.5,-5.6,-4.8,-7.2,-6.4,-5.0,-0.7,-3.7,-1.0,-0.0,-2.1,-1.0,-1.7,-1.0,-2.1,-1.2,-1.9,-1.7,-1.2,-2.2,-1.7,-1.8,-1.2,-0.1,-1.5,-0.4,-0.6,0.2,0.4,-1.0,-0.5,-0.7,-0.9,-0.2,-1.5,-1.6,-5.7,-2.4,-1.2,-1.9,-1.6,-0.8,-1.2,0.1,-0.8,-1.7,-0.8,-1.9,-1.6,-2.7,-2.5,-3.4,-2.0,-3.5,-1.3,-3.1,-1.1,-4.1,-2.2,-5.1,-4.1,-4.5,-3.9,-4.7,-2.6,-2.6,-2.1,-2.3,-2.1,-4.0,-2.1,-2.3,-2.7,-3.5,-1.7,-2.6,-5.0,-2.2,-1.1,-1.7,-2.1,-1.8,-3.9,-2.3,-0.8,-2.1,-1.5,-0.6,-3.6,-0.2,-1.7,-0.1,-1.5,-0.6,-1.2,-1.7,-1.9,-2.1,-2.4,-2.4,-2.5,-5.5,-2.7,-2.0,-2.2,-3.9,-5.5,-4.9,-6.7,-7.5,-0.5,-0.2,-2.2,-2.3,-2.3,-2.3,-0.5,-1.5,-0.7,-1.2,-2.1,0.6,-2.5,-1.5,-1.4,-1.6,-1.6,-1.0,-2.3,-2.1,-2.7,-3.1,-5.1,-5.9,-2.2,-4.7,-5.6,-1.8,-2.5,-1.7,-1.8,-3.5,-4.1,-5.1,-5.2,-2.0,-2.6,-2.7,-2.4,-1.4,-8.4,-3.1,-2.9,-2.3,-3.3,-3.7,-2.8,-4.4,-4.3,-4.2,-4.6,-6.7,-7.7,-5.8,-6.8,-5.9,-5.2,-6.6,-5.4,-5.4,-4.2,-4.1,-3.3,-3.3,-3.9,-2.6,-1.1,-2.0,-3.3,-3.3
2C7L51AtsK,0,48.105009,11.62846,4442327.45,2778164.72,534.8,580.5,265,7364,1.1,0.95,0.2,32.66,348.97,-0.53,-0.103,0.842,-0.6,0.1,-0.19,0.08,1.2,0.1,-0.3,-0.7,-0.1,-1.0,0.0,-0.9,0.6,-0.8,-0.2,-0.5,0.8,-0.1,0.5,-0.6,-0.8,-0.8,-0.4,-2.4,-1.7,-3.0,-4.1,-3.6,-1.3,-2.1,-1.8,-0.8,-1.3,-0.6,-0.7,-3.4,-4.6,-5.4,-6.2,-6.7,-4.4,-0.9,-2.3,-1.8,-0.1,-1.0,-0.5,-1.4,-0.8,-1.9,-1.2,-2.0,-1.3,-2.5,-2.0,-1.9,-0.7,-0.9,0.0,-0.5,-0.5,-1.3,-0.0,-1.1,-0.3,-0.7,-0.5,-1.3,-0.4,-1.4,-2.0,-2.9,-1.2,-1.6,-1.8,-1.4,-1.4,-0.6,-0.8,-0.9,-1.6,-0.7,-1.6,-1.4,-2.5,-2.6,-2.7,-2.1,-3.4,-2.3,-4.3,-2.3,-3.2,-2.0,-4.4,-3.0,-4.3,-3.5,-4.8,-3.9,-3.5,-2.1,-2.6,-1.6,-3.4,-3.6,-2.4,-2.6,-3.4,-1.8,-2.9,-2.3,-2.6,-1.3,-1.9,-2.4,-2.5,-1.6,-2.6,-1.3,-2.3,-0.8,-0.8,-3.4,-1.5,-0.4,-0.6,-1.6,-1.1,-1.4,-1.4,-0.8,-0.6,-1.1,-2.1,-2.4,-4.4,-3.6,-2.0,-1.8,-3.3,-4.2,-3.6,-3.5,-7.1,-1.7,0.2,-1.8,-2.5,-2.2,-1.9,-0.9,-1.3,-1.2,-1.0,-1.9,-0.1,-1.8,-1.0,-0.7,-1.7,-1.8,-2.2,-2.5,-2.4,-2.8,-3.0,-4.0,-4.6,-1.9,-4.7,-5.0,-2.2,-2.0,-2.0,-2.2,-3.3,-3.6,-4.8,-5.0,-2.7,-3.0,-2.2,-2.2,-1.3,-6.7,-3.1,-3.0,-3.3,-3.6,-4.4,-3.5,-4.6,-4.6,-3.4,-4.5,-6.8,-7.2,-6.3,-5.3,-6.1,-5.0,-6.1,-4.9,-4.8,-4.9,-4.2,-3.3,-3.8,-4.1,-2.9,-1.7,-2.8,-3.4,-2.7
2C7L51AtsL,0,48.105008,11.628456,4442327.12,2778164.66,531.8,577.5,265,7365,1.2,0.95,0.21,32.66,348.97,-0.53,-0.103,0.842,-0.6,0.1,-0.18,0.09,1.0,0.1,-0.3,-1.1,-0.8,-0.7,-0.3,-1.0,0.7,-0.5,-0.3,-0.3,0.8,-0.4,0.9,-0.3,-0.7,-0.5,-0.8,-2.3,-1.4,-2.0,-3.7,-2.4,-1.0,-1.6,-1.6,-0.0,-0.6,-0.4,0.3,-2.7,-5.0,-6.7,-5.8,-6.8,-5.0,-0.6,-2.0,-1.2,-0.1,-0.7,0.6,-0.6,-0.4,-0.4,-0.3,-1.6,-1.0,-1.8,-1.4,-1.9,-0.5,-0.9,-0.1,-0.4,-0.9,-1.0,-1.0,-0.1,-0.7,-0.7,-0.5,-1.4,-0.7,-0.4,-1.5,-2.6,-1.1,-2.2,-1.4,-1.4,-1.7,-0.5,-0.9,-0.9,-0.9,-0.9,-0.4,-0.6,-1.0,-3.2,-1.8,-1.8,-3.4,-2.1,-3.9,-2.4,-1.9,-1.4,-3.9,-3.1,-3.8,-3.2,-4.6,-3.9,-3.2,-3.0,-1.8,-2.2,-1.9,-3.3,-1.5,-2.4,-2.7,-0.9,-2.9,-1.4,-2.2,-1.4,-1.7,-2.7,-2.4,-2.9,-3.0,-2.1,-2.2,-1.0,0.1,-2.3,-0.7,-0.6,-0.3,-1.3,-0.5,-1.0,-1.5,-0.9,-0.5,-0.4,-2.5,-2.4,-4.3,-3.9,-1.9,-1.6,-2.6,-3.7,-2.9,-3.2,-6.1,-1.8,0.3,-1.3,-2.2,-1.9,-2.2,-1.0,-1.7,-0.0,-1.0,-2.0,0.5,-1.8,-0.4,-1.8,-3.1,-0.9,-1.5,-2.4,-2.3,-2.5,-2.2,-3.2,-3.4,-1.6,-4.0,-4.7,-1.6,-1.8,-1.8,-2.1,-3.2,-3.6,-4.6,-4.4,-2.2,-2.2,-1.9,-2.4,-0.7,-5.2,-3.5,-2.5,-3.1,-4.3,-4.5,-4.3,-4.7,-3.1,-3.5,-3.7,-6.0,-5.2,-6.4,-5.0,-4.6,-4.4,-5.1,-4.0,-4.3,-4.4,-3.8,-3.2,-4.0,-3.7,-3.7,-1.9,-2.5,-3.4,-2.6
2C7L51Atrc,0,48.104744,11.626255,4442163.82,2778131.67,548.7,594.4,265,7320,4.0,0.7,0.47,32.64,348.97,-0.529,-0.103,0.842,-1.1,0.2,-0.01,0.3,0.6,0.3,-0.3,-0.8,2.8,5.0,2.2,-2.6,-0.0,14.4,-12.1,-3.4,1.1,-3.2,-3.4,-3.2,0.1,-3.3,-2.7,-0.6,-2.7,0.2,-1.6,-1.9,-2.2,-1.2,-2.6,-5.8,-0.4,5.3,7.9,1.0,7.8,-5.7,-15.3,7.0,-11.6,-0.6,1.6,9.0,-7.5,6.1,-5.2,1.9,-1.9,-4.5,-1.4,12.9,1.5,-3.4,-0.7,1.9,-1.0,6.3,3.5,-6.1,-1.1,0.1,-1.5,-0.3,2.4,2.2,4.0,1.2,-0.6,4.1,2.7,-1.9,3.0,2.1,-2.0,2.8,1.7,0.7,2.0,3.3,5.3,-0.0,3.1,1.2,2.7,-0.1,-2.2,-1.6,-5.1,2.1,3.6,-0.5,2.4,0.3,-6.0,-8.6,5.9,-7.9,-1.3,-5.0,1.8,-0.0,2.8,-3.4,0.1,-4.0,-0.1,-3.4,2.8,-4.8,0.4,-0.8,1.1,3.4,-5.1,4.6,-2.4,1.2,-1.8,-3.0,-3.6,-3.0,-3.6,-4.1,-3.3,-7.9,-0.0,0.9,-1.0,-14.3,0.7,-2.4,-1.3,-2.3,0.0,-4.1,-1.7,-5.9,-1.7,-0.6,-5.1,-2.7,-1.7,-3.3,-8.7,0.7,-7.9,-11.9,-1.5,-4.4,-3.6,5.8,-1.3,-0.0,1.2,-2.5,-9.1,0.8,-1.5,-2.2,-4.6,-5.0,-1.1,-3.2,-3.6,-1.0,-4.3,-7.6,0.8,-6.5,-6.0,-3.9,1.1,-5.7,-2.8,-1.6,-1.9,-4.7,-6.2,-6.7,-5.3,1.5,0.2,-7.3,2.3,-8.8,-3.2,-4.4,-1.9,-3.7,-10.8,-3.1,-1.8,-3.0,-0.7,-6.6,-8.9,-6.1,-7.3,0.4,-4.1,-4.0,-4.1,-3.9,-4.1,-1.2,-4.3,-5.0,-0.8,-1.4,-3.2,-8.9,-4.5,-7.8,-0.3
2C7L51Ats0,0,48.104914,11.627579,4442262.03,2778152.74,546.9,592.6,265,7344,4.5,0.62,0.5,32.65,348.97,-0.53,-0.103,0.842,-0.2,0.2,-0.25,0.34,0.7,0.3,-0.3,0.7,0.2,-2.2,1.1,-1.9,-1.1,0.1,7.8,4.8,-0.4,0.2,1.6,-2.0,4.8,-2.2,-2.4,0.1,-7.9,-2.5,-10.7,-0.7,0.7,2.6,-11.5,3.0,-4.4,1.9,-5.7,-3.8,-13.0,-4.1,-5.1,-8.0,-1.6,0.1,0.0,5.0,1.7,1.5,-1.6,5.6,-5.1,2.4,0.3,6.9,2.5,-1.3,-0.7,3.0,-3.3,2.4,-0.3,1.3,-3.3,-3.1,-5.4,0.3,1.1,0.2,-2.9,-1.3,1.1,3.4,-0.2,0.1,-0.7,-1.4,-0.3,2.2,-1.3,-1.6,-10.5,-3.6,-4.0,-9.2,-6.5,-4.3,-8.1,8.7,9.3,1.9,-1.1,-5.5,0.4,1.0,-3.8,-12.8,-0.5,1.1,5.9,3.5,-0.1,1.9,-13.6,6.1,7.3,0.6,0.2,-4.7,-3.2,-1.5,-0.2,0.2,-1.8,-1.3,1.6,3.5,1.9,-4.4,0.6,8.4,1.1,-2.2,-0.1,-0.8,-1.1,-3.7,-0.9,-7.7,-2.2,10.9,-4.1,-5.4,-2.9,-2.7,-6.2,0.1,2.7,-6.5,-4.3,-9.5,-4.9,1.5,2.6,-3.8,-3.7,4.1,-4.7,2.6,10.1,-8.8,-3.5,-2.4,0.5,-5.3,-3.4,0.9,0.8,-5.4,13.5,-1.5,-0.0,0.5,-0.2,-5.1,-1.1,-3.0,2.5,2.2,1.5,-3.7,2.0,-1.3,-0.4,2.5,0.9,3.6,7.8,-1.1,1.3,-2.4,-5.3,-9.7,-2.4,-7.3,-2.0,2.4,-3.9,-1.4,-4.0,-1.9,-4.3,-1.1,-3.3,5.0,2.7,-3.3,2.9,-5.7,-5.5,5.0,2.1,-11.5,3.1,5.4,-10.1,-7.2,-11.1,-10.6,0.6,-7.4,-0.5,-1.0,-0.7,-0.4,-2.2,1.1,0.6
2C7L51Ats4,0,48.104964,11.627967,4442290.85,2778158.9,556.3,602.0,265,7348,4.5,0.63,0.48,32.65,348.97,-0.53,-0.103,0.842,0.1,0.2,-0.44,0.34,0.4,0.3,-0.3,-2.2,0.8,-1.0,0.4,-0.0,-5.5,-3.3,3.4,-1.2,-7.7,2.1,-0.1,-1.5,1.9,5.6,2.8,-1.7,2.9,-0.4,-0.1,-4.1,2.3,2.5,14.4,-2.3,-3.1,-1.9,7.9,8.4,-6.9,-3.0,1.1,-6.0,2.5,-7.1,0.0,8.4,5.7,-2.1,4.3,-1.1,0.3,-4.8,3.4,-7.3,6.1,-1.4,2.1,1.8,1.3,-2.7,3.8,-1.2,-0.6,0.1,-6.4,0.8,-1.3,-0.1,1.0,1.2,5.6,4.5,-1.5,-0.5,5.8,-2.1,10.7,1.5,-2.3,-1.0,0.2,-3.1,-3.3,1.5,-0.6,0.7,-1.7,4.0,-0.2,4.0,8.1,3.0,9.1,4.7,1.5,-1.7,-4.1,2.6,-0.1,8.5,4.7,-13.3,14.3,-8.0,-9.8,0.8,-5.4,-5.0,-0.4,-0.0,-4.6,0.2,11.4,-5.0,-10.9,1.3,-3.1,0.0,0.6,0.6,0.6,1.5,0.0,3.4,0.4,-0.8,-2.9,-2.9,2.4,4.4,2.6,-2.5,2.8,-7.1,4.1,-4.4,4.2,12.7,-2.8,-2.3,3.0,1.8,-4.4,3.6,4.9,1.1,3.7,3.6,2.5,16.6,3.2,11.1,7.8,-0.9,-5.0,0.9,6.3,7.3,3.5,-9.2,3.0,2.1,-2.1,3.8,4.0,2.9,1.8,-1.2,1.7,-0.9,-2.5,2.2,0.7,-7.2,-6.7,3.5,3.6,-0.8,2.0,2.1,4.4,-1.9,0.6,-1.0,0.0,-2.4,0.9,1.0,4.2,0.8,0.3,2.9,0.4,1.3,8.5,0.9,5.0,-3.9,-5.1,-1.8,0.0,-2.0,-4.5,3.9,-0.7,-5.2,-1.4,-4.2,-2.3,0.9,5.8,0.8,2.0,9.5,-2.3,5.3,-6.3
2C7L51Ats8,0,48.104957,11.627912,4442286.76,2778158.05,541.9,587.6,265,7352,1.8,0.92,0.38,32.65,348.97,-0.53,-0.103,0.842,-0.7,0.1,-0.46,0.14,0.4,0.1,-0.3,-1.9,0.3,-0.4,-0.4,-0.4,0.3,-0.9,0.1,0.1,0.6,0.9,-0.5,0.1,-0.6,0.3,0.8,-1.6,-0.9,-3.0,-2.4,-2.3,-0.9,-1.1,-0.5,2.0,0.7,2.4,-0.4,-1.7,-2.8,-6.8,-4.6,-5.6,-4.5,0.3,-1.3,1.0,0.8,0.3,0.9,0.7,-0.8,0.8,-0.7,-0.6,0.4,-1.2,-0.1,-0.1,0.6,0.4,1.0,1.1,-0.3,0.3,1.4,-0.3,-0.1,0.6,0.5,-0.7,0.4,-0.8,-0.5,-1.7,-0.3,-1.7,-1.1,-0.3,-0.1,-1.3,-0.0,-1.1,0.7,1.2,0.1,0.6,0.5,0.3,-0.4,0.6,-0.5,-2.0,-0.4,0.0,-0.7,1.2,-1.9,-3.3,-2.1,-1.3,-3.8,-2.7,-3.6,-4.2,-1.6,-1.0,-3.3,-1.7,-0.8,-2.4,-1.9,-1.5,-4.0,-2.4,-2.5,-1.5,-0.7,-2.9,-1.0,-3.9,-1.9,-1.6,-0.3,-1.0,-1.7,-3.8,-2.3,-2.4,-2.9,-1.9,-2.1,-2.3,-0.7,-1.4,0.4,-2.3,-0.9,-1.1,-1.9,-0.9,1.0,-2.8,-0.2,-1.3,-1.6,-1.5,-2.4,2.6,4.7,-1.5,-1.0,0.4,1.5,-0.1,1.2,-1.3,1.2,-1.4,8.4,-7.4,-4.1,-1.6,-1.3,-1.1,0.2,-1.8,-0.4,-1.5,-0.1,-3.8,-1.2,-0.5,-3.4,-0.9,-2.3,-0.4,-0.7,-0.3,0.6,-1.6,-5.0,-4.5,-3.3,-4.8,-6.0,-6.3,-3.7,-2.8,-3.5,-3.9,-2.1,-2.3,-4.0,-0.9,-2.8,-5.0,-3.2,-3.5,-7.1,-5.7,-4.8,-4.7,-6.9,-1.6,-5.5,-5.1,-7.0,-6.3,-4.4,-5.5,-2.1,-3.0,-2.5,-0.2,-4.5,-3.8,-3.7
2C7L51Ats9,0,48.104959,11.627929,4442287.96,2778158.31,539.9,585.6,265,7353,1.1,0.97,0.2,32.65,348.97,-0.53,-0.103,0.842,-0.8,0.1,-0.27,0.09,0.2,0.1,-0.3,-0.9,-0.1,-0.5,-0.6,-0.2,0.5,-0.6,0.4,-0.1,-0.4,0.5,0.2,0.1,-0.2,0.6,1.0,-0.5,-0.4,-1.5,-2.3,-1.6,0.2,0.0,0.3,2.0,0.9,2.2,0.5,-0.3,-2.5,-5.3,-4.1,-4.1,-2.5,1.1,-0.1,1.6,1.8,1.9,1.7,1.7,0.3,2.0,0.5,0.2,0.9,-0.1,0.4,0.6,1.1,1.0,1.2,0.9,0.1,0.7,0.8,0.2,-0.6,0.4,0.1,-0.5,0.3,0.1,-0.5,-0.6,0.0,-1.1,-0.8,-0.6,-0.7,-1.0,0.6,-0.7,0.2,0.4,-0.3,0.6,0.0,-0.3,-0.2,-0.0,0.0,-1.2,-1.1,-0.2,-0.3,1.5,-1.6,-1.1,-0.9,-0.4,-2.4,-1.9,-0.5,-1.0,-0.0,0.2,-0.2,-1.0,0.3,-0.4,-0.7,-0.3,-1.1,-0.8,-0.7,-0.8,-0.2,-1.5,-0.7,-2.4,-1.1,-0.5,-0.5,-0.6,-0.9,-2.9,-1.5,-0.6,-1.6,-0.8,-0.9,-1.3,-1.2,-1.0,-0.2,-1.0,-0.5,-0.7,-2.8,-2.1,-0.8,-1.0,-0.3,-1.8,-1.5,-1.3,-4.7,1.5,2.2,-0.7,-1.3,-1.2,-0.8,-0.3,-1.3,-0.5,-0.5,-1.8,-0.3,-4.9,-2.1,-1.6,-1.9,-1.5,-1.8,-1.7,-0.9,-1.6,-0.8,-3.1,-1.4,-0.8,-2.4,-2.1,-1.0,-0.8,0.0,0.0,-0.6,-1.3,-4.5,-3.9,-3.0,-3.9,-4.8,-4.0,-2.5,-2.7,-3.3,-3.2,-2.3,-2.5,-2.9,-2.4,-2.7,-3.9,-2.1,-2.6,-4.6,-2.9,-3.1,-2.2,-4.0,-1.2,-3.8,-3.9,-3.7,-4.2,-3.1,-3.6,-2.3,-3.4,-3.4,-2.4,-4.6,-4.1,-3.8
2C7L51AtuS,0,48.10601,11.636116,4442895.35,2778288.6,540.7,586.4,265,7496,4.2,0.69,0.44,32.69,348.97,-0.53,-0.103,0.842,-0.2,0.2,0.77,0.32,1.3,0.3,-0.3,3.7,-4.3,-2.6,-6.0,4.8,1.3,-4.0,-2.3,0.8,3.9,1.3,4.9,-2.3,-1.8,-0.3,-7.8,-9.1,-2.3,-13.3,4.6,-6.4,-3.6,-2.2,-1.4,-9.1,-12.6,-0.3,-0.2,4.1,-12.2,-21.8,-1.2,-14.7,3.9,-0.8,0.4,-10.3,5.1,-0.1,0.4,2.3,2.5,-2.5,-1.9,-1.2,0.3,1.8,-1.4,-0.2,-0.5,-2.7,0.1,-0.8,3.8,-0.8,-3.1,-1.4,1.0,-1.0,-0.8,-0.4,6.9,1.8,-13.7,-1.8,-1.1,2.6,-1.7,-18.9,-14.9,2.0,-4.4,0.1,-0.9,-11.2,-2.6,-4.0,-2.1,-3.6,1.0,-3.8,-4.9,-4.9,-3.3,-2.9,-6.7,0.0,-6.1,-9.5,-6.7,-2.8,-6.5,-5.4,-4.7,-7.7,-2.8,-3.3,-5.8,-4.4,-4.6,-3.7,-3.8,-3.4,-2.5,-1.8,-2.3,-4.0,-1.5,-4.0,-2.9,-4.1,-3.0,-4.7,-3.6,-3.6,-9.6,-3.3,-5.3,-4.8,-6.1,-1.9,-6.8,-2.5,-4.9,-3.3,-2.2,-0.1,-3.3,-0.8,-8.7,-3.4,-4.2,-1.7,-7.2,-8.2,-8.4,-2.9,-5.1,-3.8,-0.3,-0.1,-1.3,-4.4,-5.8,-7.0,-3.8,-3.3,-3.2,-1.7,-3.4,5.1,-4.1,-3.4,-7.3,-3.9,-0.4,-0.3,-5.2,-4.7,-2.4,-5.6,-12.4,-8.2,-11.2,-7.5,-0.8,-6.1,-3.8,-2.6,-3.5,-1.2,-4.3,-4.1,-1.5,-2.6,-2.1,-8.5,-4.2,6.0,-5.3,-1.9,-1.9,-0.6,-1.7,-0.7,-3.2,-1.1,1.7,-3.6,-3.1,-0.9,-2.3,-18.3,4.0,-0.4,5.2,2.2,-5.1,-0.3,-2.1,-3.4,-1.7,-2.9,-7.0,-3.2,-2.0,-3.9,-4.6
2C7L51AtqP,0,48.104188,11.621782,4441831.9,2778062.56,541.1,586.8,265,7245,1.6,0.93,0.25,32.6,348.92,-0.529,-0.103,0.842,-1.0,0.1,-0.23,0.12,0.5,0.1,-0.3,1.0,-0.8,1.2,0.8,-0.2,-1.4,-0.4,-0.2,-0.9,-3.6,0.4,-0.5,-0.7,-0.9,-0.2,-0.3,-2.0,-2.4,0.2,-1.0,-2.8,-1.4,-2.9,-1.9,-0.9,-0.8,3.0,-1.0,0.4,-4.6,5.3,-5.7,-3.6,-1.4,-5.7,-5.2,-1.9,-1.7,-1.0,0.4,-1.7,-1.4,-0.4,-3.5,-3.1,-4.4,-3.8,-3.6,-2.5,-0.4,-0.1,-0.5,-1.7,0.7,-0.9,-0.1,-1.7,-2.2,-0.2,-1.6,-0.6,-1.0,-1.0,-1.5,-1.9,-2.9,-2.0,-3.0,-2.4,-3.0,-4.1,-0.9,-0.3,-2.3,-2.2,-4.9,-1.2,-3.6,-2.3,-5.1,-4.4,-4.1,-4.3,-3.1,-3.2,-2.9,-0.4,-4.3,-2.9,-3.6,-4.1,-2.9,-3.9,-1.7,-0.5,0.9,-2.0,-3.9,-3.3,-4.7,-2.8,-4.1,-2.9,-2.2,-6.3,-2.3,-3.5,-2.7,-4.4,-2.9,-1.6,-2.5,-1.3,-4.0,-2.4,-3.4,-2.9,-2.4,-2.6,-1.6,-2.6,-2.0,-2.6,-1.7,-2.4,-2.2,-3.9,-3.1,-4.3,-4.9,-1.9,-2.1,-2.2,-3.0,-3.8,-4.0,-1.7,-5.0,-0.7,0.7,-2.6,-1.0,-3.7,-1.6,-1.8,-1.9,0.3,-1.6,-3.0,-2.8,-1.4,-1.2,-4.0,-2.2,-2.5,-5.2,-4.0,-4.0,-1.7,-3.3,-5.5,-4.9,-3.8,-4.5,-4.2,-3.3,-3.6,-7.7,-2.7,-4.4,-5.2,-7.6,-4.9,-6.6,-5.7,-4.2,-5.2,-4.7,-11.6,-3.6,-6.2,-4.3,-4.4,-6.6,-3.8,-6.0,-5.8,-3.5,-5.2,-6.1,-6.8,-5.7,-7.6,-8.1,-7.0,-7.0,-6.0,-7.2,-6.7,-7.8,-5.9,-4.3,-5.1,-6.2,-5.5,-5.7,-6.0,-6.3
2C7L51AtqQ,0,48.104197,11.621855,4441837.38,2778063.73,541.9,587.6,265,7246,3.2,0.76,0.43,32.6,348.92,-0.529,-0.103,0.842,-0.4,0.2,-0.97,0.25,1.4,0.2,-0.3,-0.4,-3.7,-0.6,-0.2,-1.6,-2.7,0.8,-0.8,-2.1,-0.6,1.1,0.0,0.2,-1.0,-2.7,-0.4,-3.1,-2.3,-0.6,2.7,-6.4,-3.6,-1.0,-4.0,-2.3,-1.7,2.7,-1.0,-5.9,-7.2,6.0,-8.3,-5.2,1.4,-6.8,-8.8,-1.0,-3.1,-3.5,-4.3,-3.8,-3.5,-1.6,-2.6,-4.9,-6.2,-3.3,-1.9,2.3,-1.3,1.4,-0.0,-1.3,1.5,0.8,0.5,-0.2,-3.4,0.2,1.3,-1.0,0.5,5.6,-4.6,-2.1,-1.9,-3.4,-1.8,-0.9,-3.2,-2.7,-5.8,-1.0,-11.1,-1.7,-4.6,1.0,-5.7,-5.0,-6.2,-5.5,-4.2,-6.6,-2.1,-1.8,-4.5,-2.0,-5.9,-3.2,-6.1,-2.2,0.9,-2.2,-0.1,0.5,2.8,-2.2,-1.7,-4.4,0.1,1.4,-3.3,-0.8,-4.3,-9.1,-2.9,-5.2,-5.4,-8.0,-3.7,-1.3,-0.8,-0.9,0.2,-2.9,-1.0,-4.7,-3.5,6.9,-11.3,-1.0,0.2,10.6,13.8,-1.9,-2.8,-5.0,0.6,-7.0,-3.9,0.3,-0.6,-1.0,-6.3,-1.8,1.2,1.7,-4.7,3.5,1.4,0.3,-0.4,-2.6,-0.6,2.7,1.0,6.4,3.5,0.3,-1.6,6.4,1.3,6.1,0.4,5.1,-2.9,-2.7,0.0,-0.2,-1.4,-4.4,-4.2,-2.4,-1.2,-2.3,-0.3,-2.6,-6.7,3.5,-2.1,-3.3,-5.6,-4.5,-3.5,-4.4,-1.6,-3.8,-0.4,0.8,-3.2,-6.1,-3.1,-2.5,-6.6,-0.6,-9.9,-3.2,-4.0,-3.9,-3.7,-5.1,-4.9,-9.5,-7.8,-7.5,-9.1,-8.7,-5.4,-3.9,-7.5,-3.6,-2.1,-4.7,-3.9,-6.2,-3.5,-4.6,-3.8
2C7L51Atqb,0,48.104313,11.62261,4441893.32,2778077.79,549.0,594.7,265,7257,4.4,0.64,0.43,32.6,348.92,-0.529,-0.103,0.842,-0.7,0.2,-0.47,0.34,2.4,0.3,-0.3,-2.6,-2.0,3.2,-10.3,1.6,0.8,4.9,3.6,7.5,1.9,3.5,4.0,6.6,3.3,6.3,4.7,1.9,5.1,1.0,2.5,-0.4,4.2,0.9,2.5,7.4,7.8,7.1,12.3,-5.1,3.4,7.6,-3.7,0.5,-2.5,-5.1,-0.4,6.6,-0.9,0.6,6.7,0.2,-5.5,7.2,-3.6,1.8,-0.0,-0.8,-2.3,-3.5,-5.2,-3.0,-1.0,0.5,1.2,2.1,-2.4,-0.9,-0.3,-0.3,3.5,1.7,5.5,-0.6,2.8,-0.2,3.6,-2.9,1.2,2.2,3.7,1.6,7.2,4.2,1.2,4.7,4.2,7.5,5.9,3.4,2.3,0.7,4.6,1.2,-0.8,1.0,4.8,0.4,-2.2,3.9,-4.0,4.7,-3.4,-0.5,7.0,2.2,9.3,-2.3,2.0,0.1,2.6,1.2,1.8,4.1,1.7,3.1,2.5,0.0,2.9,-1.0,6.6,3.8,2.0,1.7,-3.6,0.4,-5.0,-1.4,-5.2,-3.2,0.8,-1.8,-1.0,-2.3,-0.2,3.1,5.1,-1.9,1.6,-1.9,-0.1,1.0,-1.5,-1.4,4.2,0.6,4.1,4.3,-2.8,4.3,-0.9,4.7,-4.5,1.2,-0.3,0.3,-3.0,-2.8,-3.2,-2.7,-8.9,3.4,-4.6,-2.2,3.3,2.9,-1.9,17.5,18.4,-1.3,18.2,1.3,-2.0,-2.8,1.5,-0.5,-3.7,14.3,-8.6,5.0,4.3,2.1,0.6,-3.6,-3.7,-6.7,-9.2,-5.5,-4.7,-13.2,-0.5,-3.2,0.3,5.2,-0.5,-3.1,2.1,-6.9,5.4,-2.8,-8.7,11.9,12.2,-10.1,7.3,9.9,0.2,-2.4,-6.8,-3.7,0.4,-13.0,-7.0,-2.5,-4.2,-3.7,-5.0,-4.6,-3.9
2C7L51Atqf,0,48.104334,11.622772,4441905.31,2778080.37,543.3,589.0,265,7261,3.2,0.79,0.43,32.6,348.92,-0.529,-0.103,0.842,-0.5,0.2,-0.57,0.25,0.6,0.2,-0.3,-1.8,-1.4,3.5,1.4,5.1,-4.6,-0.2,1.3,1.4,-8.4,-4.3,-5.2,-0.1,0.2,3.2,0.8,-0.5,0.1,-0.3,-1.2,-2.4,-4.0,-1.5,-3.8,-0.8,3.3,-0.7,-6.1,2.3,-0.0,-18.0,-8.0,-3.5,-2.8,-6.8,-6.9,4.7,3.7,1.7,4.0,3.7,-1.5,-0.0,-1.3,-2.4,0.4,-2.7,-5.6,-1.1,-0.6,2.5,-0.4,-6.2,-2.2,-5.1,-2.8,-2.2,-0.3,-1.7,-4.3,5.8,-2.0,-11.4,-0.9,-2.6,-1.2,-4.3,-7.6,-3.1,-3.8,-5.6,0.2,-2.6,1.7,1.0,-12.7,0.7,-3.1,-0.3,-3.3,-1.6,-3.3,2.8,-3.9,0.9,-5.5,-1.6,-3.6,2.7,-5.3,-2.0,-2.3,-1.7,-2.1,-3.5,-0.3,1.1,-4.7,-0.8,-2.9,-1.2,5.8,0.2,0.6,-2.9,-3.4,-2.7,-2.7,-0.7,0.7,-1.4,-3.8,-1.6,0.2,-0.5,-0.3,-0.9,-3.5,-6.4,1.6,1.1,-2.7,-0.9,-0.2,-0.1,-0.8,-6.9,-0.9,-1.3,0.6,-5.3,-0.9,-1.3,-2.8,-6.7,0.9,-0.8,-4.8,-1.1,-0.2,7.6,-1.3,-1.3,-2.0,0.5,0.2,-1.6,-1.2,-0.8,-3.2,-0.1,-2.8,0.2,0.2,-0.9,-1.8,-4.1,-2.7,-0.2,-2.4,-1.8,-1.4,-1.5,-3.1,-3.6,1.0,-4.1,-4.4,-3.9,-4.0,-5.5,-1.6,-2.0,7.8,-7.2,1.6,-1.1,1.2,-3.5,-0.7,-1.0,0.2,0.4,-6.4,-6.4,-1.0,-5.5,-4.5,-3.6,-2.3,-4.5,-6.9,-4.6,-10.7,2.0,-3.5,-7.1,-4.4,-7.8,-5.7,-9.0,-4.0,-3.3,-2.2,-8.1,-6.5,-4.0,-4.7
2C7L51AtrV,0,48.10473,11.625856,4442134.16,2778129.44,551.1,596.8,265,7313,3.7,0.73,0.5,32.64,348.97,-0.529,-0.103,0.842,-1.3,0.2,-0.24,0.28,1.8,0.2,-0.3,3.6,-1.9,2.0,0.2,-1.4,7.6,2.2,4.1,-1.0,-12.6,1.5,12.1,2.3,0.4,-0.9,-1.4,-4.1,-2.5,-0.9,-3.4,3.6,-0.9,-4.3,-5.2,1.7,-0.1,0.8,-4.0,-0.6,-7.5,-18.2,-6.0,-7.7,-5.1,-5.8,-4.6,0.0,-2.6,-1.1,-2.9,-3.7,-4.1,-1.0,-3.7,-0.5,-0.8,-8.2,-1.7,-4.6,-0.6,-1.5,-0.7,0.7,-1.6,-1.6,-0.9,-0.9,0.6,-0.6,-3.2,-1.7,2.5,11.9,0.7,8.3,0.1,-1.2,2.8,2.5,1.3,7.4,0.7,-1.5,2.5,-1.0,-1.9,-4.0,-2.9,1.0,-3.3,0.8,-1.6,-3.4,-6.3,-3.2,-1.1,0.2,-3.1,-3.9,-5.2,-2.4,-7.1,-6.7,0.7,-4.7,-3.4,-8.1,-4.8,-5.1,-3.0,-4.6,-1.1,-4.9,-1.9,-3.2,-2.5,-1.5,-3.0,-4.9,-3.5,-2.1,1.8,-4.8,-2.1,-1.8,-4.1,-4.6,-3.5,-0.1,2.4,0.1,-6.2,0.9,-2.2,-2.5,-3.6,-4.2,-1.5,-4.0,-5.0,-5.7,-2.0,-6.4,-4.4,-5.1,-2.1,-3.9,-8.6,-3.3,-3.0,-13.1,-7.3,-4.5,-5.9,-2.4,-0.9,-12.3,2.6,-3.5,-2.3,-6.8,-4.8,-4.4,-3.7,-3.3,-0.9,-2.6,-4.1,-1.3,-1.0,-4.1,-3.2,-3.1,-5.2,-5.5,-1.8,-6.0,-4.5,-2.5,-5.7,-5.7,-9.7,-6.8,1.4,-10.2,-11.9,-17.6,-5.9,7.5,-2.1,-11.5,-11.8,-8.0,-7.6,-16.1,-2.3,-16.6,-0.9,-4.9,-6.8,-9.2,-7.2,-7.5,-6.8,-8.5,-3.9,-7.4,-5.4,-6.6,-8.1,-6.2,-4.1,-15.2,-7.0,-2.9,-5.4,-5.5,-4.3
2C7L51Atrh,0,48.104795,11.626364,4442171.84,2778137.55,540.4,586.1,265,7325,2.2,0.88,0.34,32.65,348.97,-0.529,-0.103,0.842,-1.0,0.1,-0.43,0.17,0.6,0.1,-0.3,-0.0,0.3,-0.6,0.2,-1.6,-2.0,1.2,-1.1,2.4,4.5,1.5,-0.6,0.5,1.3,2.3,1.2,1.3,0.5,1.4,0.9,1.3,-0.1,-0.8,-0.9,1.8,0.4,2.8,0.7,0.6,-3.8,-8.4,-3.7,-4.3,-0.1,-3.5,-1.1,1.0,1.6,3.3,2.4,0.4,-2.6,2.5,1.3,1.5,0.9,0.4,-1.6,-2.6,-1.5,0.3,-1.4,-0.1,-0.5,-2.2,0.4,-1.1,0.6,-0.3,-0.6,-1.2,0.8,0.7,-1.2,1.5,0.3,-0.8,1.7,0.2,1.6,0.9,-0.9,-0.7,-0.0,4.0,1.0,-3.3,1.1,-0.9,1.0,-0.8,-0.5,1.9,-0.7,1.5,0.5,-1.1,-1.6,0.1,-2.4,-3.6,-2.1,-4.3,-0.8,-2.1,-1.0,0.8,0.1,-1.8,0.7,0.7,-2.8,-2.4,0.8,-2.6,-2.6,-0.9,-2.5,-2.0,0.4,-0.1,0.4,-1.6,-0.0,1.2,-0.1,1.5,-0.5,0.2,-0.1,-2.2,-0.4,0.8,-0.9,-1.8,1.1,3.4,0.3,0.9,-1.3,-4.2,-3.5,-0.7,-2.2,-4.2,-7.4,-0.3,-5.7,-5.2,1.7,-1.4,-3.0,-2.3,-2.0,1.5,0.7,-1.7,-2.1,3.9,1.5,-1.7,-4.1,-1.0,0.9,2.3,3.2,-1.4,1.2,1.7,-1.3,-2.4,1.2,-3.3,-2.5,-2.2,-2.9,-1.1,0.1,1.5,0.7,-3.1,-5.4,-4.3,-4.9,-6.6,-8.7,-6.8,-8.4,-5.3,-7.7,-9.3,-6.2,-5.1,-5.7,-5.3,-3.8,-1.7,0.4,-4.2,-9.4,-6.6,-3.9,-4.6,-5.8,-6.4,-3.5,-3.6,-3.3,-3.7,-3.3,-3.6,-2.9,-4.5,-5.9,0.1,-3.3,-4.1,-1.8
2C7L51Ats6,0,48.104983,11.627823,4442280.07,2778160.76,542.4,588.1,265,7350,2.8,0.81,0.39,32.65,348.97,-0.53,-0.103,0.842,0.1,0.1,0.2,0.21,1.8,0.2,-0.3,-3.8,-5.4,-3.2,0.9,-1.1,-1.7,3.2,6.5,2.0,12.0,-1.0,0.0,-5.6,-2.4,-1.7,-3.6,-2.1,-4.0,-7.2,-9.6,-5.5,-6.3,-7.7,-5.5,-1.8,-3.2,0.9,1.4,-2.7,-2.7,-10.9,-7.9,-8.2,-4.9,-1.7,-0.5,0.1,4.0,1.1,1.2,0.4,-0.4,-0.9,-0.6,0.7,-3.2,-0.7,-1.7,2.5,-0.3,-1.2,-0.0,-1.7,-0.8,1.1,0.2,0.9,1.5,0.8,0.5,-1.2,1.8,1.5,-0.5,-0.2,2.3,-5.0,-5.4,-4.8,-5.3,-1.5,-2.4,-3.3,-4.2,-0.8,-2.5,-1.0,-3.5,-2.8,-4.2,-0.6,-2.3,-3.8,-3.8,0.0,-2.1,-0.8,-5.6,-3.1,-1.7,-2.3,-9.4,0.1,-2.7,-17.5,1.7,-1.7,-3.2,-2.2,-0.4,-3.8,-1.5,-2.1,0.2,-2.2,-2.8,0.8,-3.8,0.2,-0.9,-1.6,-2.2,-0.5,-0.7,2.6,0.3,-4.1,-1.2,-1.5,1.0,2.8,1.1,3.2,1.3,-1.8,-3.8,0.7,-4.0,-1.6,-5.8,-3.6,-4.1,-12.0,-3.4,-3.6,-4.0,-0.3,-8.5,-0.6,-2.2,-2.3,-5.4,-2.9,-2.8,-2.2,1.4,3.9,0.6,0.1,0.4,-0.3,-1.0,-2.2,-2.9,0.6,1.0,-2.2,-0.7,-2.7,1.1,-1.2,-0.8,-0.3,-4.4,-4.8,0.9,-0.2,-0.4,-2.8,-2.7,-3.6,-4.6,-4.6,-1.8,-1.1,-1.8,0.6,-1.8,-0.1,0.5,-0.8,-0.6,0.4,-1.4,0.1,-5.0,-2.8,-0.1,-7.1,-3.8,-3.8,-2.1,-5.1,-5.3,-1.5,-1.4,-0.3,-3.8,-0.4,-2.7,0.4,1.8,-0.5,1.7,3.2,-0.3,0.5,1.4
2C7L51AtqJ,0,48.104188,11.621491,4441810.24,2778062.05,542.6,588.3,265,7239,3.6,0.75,0.44,32.6,348.92,-0.529,-0.103,0.842,-1.8,0.2,-1.66,0.27,0.7,0.2,-0.3,3.0,-0.1,9.4,-0.0,0.9,-3.1,-0.4,0.4,-1.1,-3.7,-0.0,1.5,2.6,0.5,-0.9,-0.5,1.5,-1.6,0.9,1.3,0.5,-0.3,0.3,0.7,1.4,1.7,2.1,1.1,2.4,-0.3,5.9,0.7,-2.4,3.0,-2.1,1.8,6.2,8.0,4.0,5.0,-0.2,-3.4,6.0,4.9,2.4,3.7,-2.8,0.7,1.1,2.6,2.3,-0.3,3.2,-0.4,0.5,1.5,0.3,1.7,2.8,2.5,3.1,3.6,3.7,3.1,4.6,1.3,2.1,1.7,0.6,0.3,-0.3,1.5,2.8,-0.2,-0.0,0.5,1.0,1.0,-0.1,1.1,1.2,-3.9,18.4,-5.0,6.3,0.7,1.9,-2.8,-0.3,-0.8,2.7,-0.7,2.4,2.6,1.0,5.5,6.6,1.6,2.8,1.4,3.4,-0.9,4.1,2.3,3.6,5.7,10.9,14.9,12.5,2.2,8.5,-2.3,1.4,3.1,1.6,-0.0,-1.1,-1.0,15.9,-2.0,-1.5,-0.1,0.7,-3.6,5.1,2.5,-5.1,8.8,0.3,-3.0,0.5,3.5,-3.2,7.6,-1.1,5.0,4.6,-7.4,7.7,0.8,-0.2,18.6,-5.1,0.8,2.3,-1.1,-1.9,-1.7,-2.8,1.0,-2.0,-1.8,0.5,-0.4,-1.4,-2.3,-3.7,-2.9,-0.4,0.7,-5.5,-4.6,0.8,-5.0,-7.6,-1.5,-1.6,-8.7,-1.9,-4.7,-3.2,-6.4,-6.3,-6.4,-6.4,-6.0,-5.1,-3.2,-6.8,-6.3,-1.8,-3.0,-4.6,-6.2,-7.0,-2.6,-5.0,-12.2,-1.6,-5.1,-0.8,-3.8,-1.3,-4.8,-5.1,-4.5,-2.8,-5.9,-6.2,-11.9,-10.1,-6.7,-9.4,-8.3,-5.0,-7.6,-9.6,-5.9
2C7L51AtqM,0,48.10421,11.621663,4441823.01,2778064.79,544.2,589.9,265,7242,1.9,0.91,0.36,32.6,348.92,-0.529,-0.103,0.842,-1.2,0.1,-0.39,0.15,0.4,0.1,-0.3,-0.6,-0.9,0.3,-1.1,0.1,-1.3,-0.5,-1.0,-0.1,2.2,0.5,-1.0,0.3,0.4,2.3,0.8,1.0,1.2,2.5,-2.8,-4.8,1.0,-1.2,-1.9,-0.8,3.5,2.9,0.3,-0.0,-5.1,-8.8,-3.9,-2.0,-5.7,-6.7,-3.8,-3.6,-1.7,-1.0,1.7,-0.1,-4.4,0.7,-1.0,0.5,-0.9,-2.9,-2.7,0.5,-0.6,-0.7,-1.4,-1.7,1.1,0.3,-1.5,0.3,1.0,0.6,-0.2,-1.7,-0.9,-1.6,-2.9,-4.1,-0.5,-5.6,-3.5,-2.9,-0.0,-0.9,1.5,-0.0,-0.8,-0.6,-1.0,0.1,-3.3,-1.9,-3.3,-2.2,-0.5,-2.4,-1.7,-3.3,-2.7,-1.6,-6.1,-1.3,-4.1,-0.8,-3.3,-4.1,1.4,-1.6,-1.5,-5.0,-0.6,1.3,-3.0,-0.7,0.5,0.2,0.6,-3.0,0.5,-2.8,-1.8,-1.7,-3.2,-1.2,-2.8,-1.3,-2.6,-0.1,6.2,-7.9,-4.0,-5.1,-2.1,-0.1,-1.3,-3.9,-2.6,-2.7,-2.8,-2.4,-3.2,-3.5,-2.1,-3.2,-1.3,-1.2,-4.1,-4.0,-3.0,-3.1,-6.3,0.3,-2.7,1.5,-5.3,-2.0,-1.7,-2.0,-5.2,-2.2,-2.5,-3.6,-3.4,-2.8,-3.8,-3.4,-4.9,-3.1,-4.3,-4.9,-4.1,-2.1,-3.6,-3.5,-5.3,-2.3,-3.4,-3.7,-3.6,-3.4,-5.0,-4.7,-3.6,-6.2,-5.8,-5.8,-4.8,-1.8,-3.7,-0.8,-4.9,-9.0,-5.5,-6.1,-5.6,-5.5,-6.4,-6.9,-6.7,-8.0,-5.4,-6.8,-7.0,-6.7,-4.7,-4.7,-6.0,-6.2,-3.9,-4.5,-5.7,-8.2,-8.4,-4.7,-7.4,-7.3,-6.5,-6.9,-5.1,-7.9,-8.9
2C7L51Atql,0,48.104384,11.623022,4441923.81,2778086.42,541.3,587.0,265,7267,3.3,0.79,0.41,32.6,348.92,-0.529,-0.104,0.842,-1.2,0.2,0.2,0.25,0.9,0.2,-0.3,-1.2,-1.7,-1.2,-1.2,-3.3,0.3,-0.6,1.3,2.7,1.1,-0.2,4.3,3.1,0.6,4.4,4.0,3.3,4.4,1.5,0.4,0.2,0.2,-0.8,-0.4,2.9,1.4,2.3,-1.4,-1.7,0.3,-13.7,-4.2,0.1,-1.9,-2.6,-1.0,5.1,4.9,3.6,4.2,6.3,-0.1,7.2,0.2,0.4,0.1,-0.9,-1.7,0.4,-0.8,0.5,-0.9,-0.2,-5.2,-1.7,-0.9,0.5,-2.1,-0.3,-4.6,-5.8,-3.1,-4.5,0.2,-5.3,-2.0,-2.9,-9.6,-1.6,1.3,0.0,-0.3,1.1,0.5,2.6,-0.6,2.4,1.0,1.3,0.2,1.1,0.6,-2.2,1.5,3.1,-13.1,2.5,-4.3,-0.0,-0.8,0.0,-0.7,-5.1,4.4,-0.5,5.6,2.1,-0.1,-0.0,3.5,0.7,0.4,2.1,2.3,0.0,2.5,-1.0,1.1,3.2,2.9,0.4,-1.2,0.0,1.7,-1.2,-3.4,-1.1,0.0,-0.8,0.2,-16.7,-0.7,-2.7,-3.4,-5.8,-4.2,-16.0,0.7,-1.9,-2.0,-3.9,3.0,-0.8,-0.8,-1.0,-3.4,0.1,-5.8,-1.4,-1.8,-6.7,-4.9,-4.2,-3.4,-3.9,-4.3,-5.0,-4.6,-4.4,-6.4,-4.6,-4.0,-6.1,-3.6,-5.2,-5.8,-4.7,-2.5,-5.2,-1.0,-5.6,0.9,1.1,-2.4,-3.1,-4.2,-1.8,-6.3,-0.3,-2.2,-3.9,-6.2,-0.8,-5.5,-4.8,-9.1,-4.8,-2.7,1.6,-2.9,-3.4,-2.5,-2.3,-3.4,-1.6,-11.0,-5.9,-2.8,-5.3,-1.8,-0.1,-9.9,-4.0,-6.5,-8.2,-3.6,6.9,-10.5,-4.1,-5.0,-9.9,-6.4,-5.6,-4.5,-2.9,-1.4,-4.5,-2.6
2C7L51Atr3,0,48.10453,11.624154,4442007.83,2778104.43,545.2,590.9,265,7285,3.9,0.66,0.48,32.64,348.97,-0.529,-0.103,0.842,-1.1,0.2,-0.6,0.29,2.9,0.3,-0.3,-0.7,-1.2,-1.7,-2.4,0.7,-0.7,-0.1,0.1,-4.1,-1.7,2.4,2.2,-1.4,1.3,-3.5,-7.2,-1.1,-0.6,-0.4,-5.6,-2.8,-1.7,1.6,-2.3,0.7,-2.9,0.6,-0.6,-5.2,-9.7,-16.0,-4.8,-4.5,-10.1,-6.8,-1.6,-6.4,-7.2,-5.4,1.1,-4.4,-0.5,-4.0,-1.6,-1.4,-3.8,-13.2,-1.9,1.8,-2.2,1.1,0.8,2.9,4.9,1.8,2.1,0.2,1.3,4.5,5.2,-1.4,6.9,2.5,1.5,-2.1,11.0,3.8,-2.7,-8.5,10.5,-6.6,1.0,3.1,-4.5,-0.3,11.9,-7.9,-16.1,-6.2,-5.6,-12.7,-6.4,-1.4,-6.2,-3.1,-1.8,-3.4,-4.0,-4.3,-5.5,-4.4,-4.0,-7.1,-4.1,-4.7,-4.2,-5.9,-9.5,-3.4,-7.9,-4.9,-4.4,-5.2,-0.9,-3.4,0.1,0.5,-0.6,-10.3,-2.3,-5.8,5.7,1.9,1.5,-0.7,-1.0,-0.9,0.4,-12.4,11.4,-10.1,6.3,-0.5,7.6,-1.1,0.5,-1.6,-2.7,-3.8,-3.9,-4.5,-6.1,-3.0,-5.8,-5.3,-5.0,-7.0,-7.9,-2.5,-4.1,-12.1,-5.2,-10.7,-4.9,-0.2,0.2,-2.3,-2.9,-3.8,-4.8,8.7,-1.6,-1.9,-0.8,-11.8,-2.8,-1.6,-0.8,-4.1,-9.7,-11.1,-3.2,-4.5,-10.7,-6.1,-7.6,-4.5,-10.1,-9.8,-5.5,-8.9,-8.2,-2.7,-4.8,-0.4,-9.6,-6.4,-6.9,-3.6,-0.8,-0.2,-3.6,-4.9,-4.9,-5.1,-5.0,-2.3,-3.5,-8.2,-8.5,-7.2,-10.3,-7.1,-6.0,-9.2,-6.6,-7.7,-7.9,-6.3,-6.7,-8.7,-6.4,-7.7,-6.8,-6.6,-6.8,-6.8,-8.4
2C7L51BAtI,0,48.104184,11.621317,4441797.32,2778061.35,542.4,588.1,266,7236,3.2,0.78,0.4,32.59,348.92,-0.529,-0.103,0.843,-0.5,0.2,0.15,0.24,1.1,0.2,-0.3,-4.0,1.6,-1.0,-2.9,-0.1,-1.3,0.5,-0.2,2.6,-2.1,-0.2,0.7,0.6,4.7,4.1,2.3,2.6,-0.0,2.3,0.9,0.4,2.1,1.0,3.5,7.7,3.5,3.8,4.6,-10.0,-1.8,-3.9,-2.4,-3.4,-2.3,-4.0,0.7,1.7,2.6,4.6,3.7,2.1,2.3,3.6,2.6,1.7,1.1,3.1,2.6,2.7,9.2,0.7,-0.6,1.6,2.4,0.2,2.0,0.6,0.8,-0.2,-1.2,0.6,1.4,-0.8,1.4,-8.0,-3.1,-2.0,-4.4,-0.4,1.1,2.5,2.1,-4.8,-1.5,2.1,2.9,3.3,1.2,2.5,3.1,1.6,2.7,-0.9,-0.7,1.4,2.1,2.5,-0.9,1.0,-1.5,-1.1,-5.2,9.0,4.2,3.5,2.9,-0.9,0.0,0.1,0.5,-0.4,1.2,1.7,1.5,1.3,1.0,1.0,1.9,1.5,-3.0,3.4,0.2,3.0,3.5,-6.0,-8.8,-9.4,-0.0,-6.2,-3.1,-7.8,-5.6,-7.0,-1.7,1.1,1.1,-3.5,1.8,-4.2,-1.5,1.7,2.1,0.6,-0.3,-1.5,1.8,2.3,-1.6,2.5,-0.1,1.7,-10.9,1.4,-0.9,-0.1,-2.3,1.2,2.5,-1.4,2.4,-2.0,-0.9,1.6,0.2,-1.3,2.3,8.6,1.8,0.6,1.1,-2.4,0.0,-0.4,-2.1,-2.4,4.5,-2.0,-2.1,1.2,-0.4,-1.5,-4.3,-3.6,-2.7,-5.8,3.8,1.9,-1.1,-7.2,-3.3,-5.1,-0.9,-5.5,-4.7,-3.4,3.9,-3.0,-2.0,0.1,0.5,-1.1,1.9,-1.9,-2.9,1.2,0.1,-1.6,3.4,-4.0,-3.6,11.2,-7.2,-3.6,1.5,-1.9,1.2,-5.5,-0.6
2C7L51BAtT,0,48.104245,11.621791,4441832.48,2778068.9,536.5,582.2,266,7247,4.6,0.68,0.46,32.6,348.92,-0.529,-0.103,0.842,-0.9,0.2,0.02,0.35,0.3,0.3,-0.3,1.4,-2.8,-3.5,-1.5,-1.4,0.2,2.7,0.1,-2.5,-3.4,-0.5,3.2,-0.0,-2.4,1.3,-3.1,-7.1,-9.0,-4.9,-6.3,-0.3,14.5,1.1,11.2,-12.5,-6.9,1.9,3.8,4.6,9.8,-14.1,-11.6,-11.0,-6.7,-6.0,10.3,-12.4,-4.6,-7.7,15.7,1.0,-2.3,-11.7,-4.0,-1.1,-3.8,-4.4,-4.6,-3.8,-3.3,1.7,-1.8,-2.2,-1.0,-1.3,-1.0,-1.9,-1.4,-1.0,-2.9,-4.4,-5.2,-3.5,-10.5,-0.4,-4.1,-2.4,-3.6,-3.9,-4.7,-4.3,-0.6,0.5,1.5,-2.9,-3.7,-0.5,-8.1,-0.9,-7.0,-4.1,-10.1,-9.9,-0.8,-3.5,7.6,-3.3,8.9,-6.8,-9.7,-3.7,-6.7,-3.6,-4.7,-6.6,-6.5,-5.1,-9.6,-2.5,1.1,-2.1,-5.5,-2.1,-3.9,-0.0,0.5,-1.1,-4.6,-4.9,-4.3,-6.8,-5.7,-4.2,-4.0,-4.2,-4.7,-9.5,-10.6,-4.6,-6.4,-4.5,-6.0,-3.8,-5.9,-5.6,-6.7,-3.3,-3.4,-4.0,-2.8,-5.6,-4.2,-1.2,-1.3,-5.2,-3.5,-4.9,-10.7,2.9,-1.1,-2.4,-2.2,-4.1,-2.5,-3.6,-5.2,-0.7,-3.2,-3.2,-2.0,-4.0,-6.0,-3.0,-5.6,-5.5,-4.5,-4.6,-3.5,-4.0,-2.1,-6.8,-8.1,0.1,-5.8,-3.3,-0.2,-8.1,11.5,-3.2,-0.4,-8.8,1.6,-7.7,-6.2,-4.5,-2.6,-5.0,-3.1,-8.3,-4.0,-3.4,-6.1,-5.1,-8.9,-5.4,12.8,-5.9,-7.1,-10.5,-8.4,-1.7,-7.6,-11.3,-16.1,-11.3,-14.6,-11.1,-13.8,-8.7,-7.7,-6.3,-7.6,-1.7,-6.8,-0.3,-4.7,-6.5,-3.1
2C7L51BAu2,0,48.104554,11.624202,4442011.34,2778107.23,555.8,601.5,266,7282,2.2,0.87,0.27,32.64,348.97,-0.529,-0.103,0.842,-0.5,0.1,-0.38,0.16,1.4,0.1,-0.3,0.8,-1.2,-1.6,1.0,-3.1,1.4,-1.1,0.3,-1.7,1.3,3.8,1.5,-2.4,-0.7,-2.7,-2.8,-3.0,-4.5,-1.7,-3.2,-1.4,0.4,0.6,-5.4,-1.4,-1.2,0.4,3.1,-0.2,-9.3,-11.9,-10.3,-6.6,-6.0,-3.6,-5.1,-1.8,-0.0,0.6,-0.9,1.1,2.9,-0.9,-2.5,0.1,-1.3,1.7,-1.0,0.0,1.0,2.8,0.4,-0.5,2.2,1.0,-1.2,0.3,-0.0,0.6,-0.6,0.1,-2.2,-0.7,0.4,-0.2,1.7,0.1,1.8,-0.2,-0.1,1.3,-2.2,1.2,-0.3,-2.7,-2.7,-2.4,-1.7,-3.6,-4.7,-1.3,-6.8,-2.0,-4.8,-0.3,-5.5,-1.3,-7.3,-4.2,-5.5,-4.6,0.9,-1.9,-1.0,-1.2,1.8,1.7,-3.6,-6.2,0.1,-2.0,-3.5,-1.9,-0.1,-3.2,-1.0,0.8,1.3,-2.4,-1.0,-2.4,-0.1,-0.4,1.9,0.5,-0.9,1.1,0.6,-0.7,1.8,1.8,0.3,-1.2,-3.0,-3.0,-3.3,0.9,-2.2,-0.6,-4.6,-1.2,-1.1,2.1,-1.4,-4.6,-4.8,-3.1,-4.9,-0.2,0.8,-0.1,-0.2,-0.5,-0.7,0.1,-0.4,0.1,1.4,-1.1,-1.7,-1.0,-4.3,-3.0,-4.9,-2.7,-4.5,-1.0,-0.9,0.5,-0.7,-4.7,1.0,-1.5,-0.6,-1.1,0.5,-3.4,-6.5,-3.4,-1.6,-4.3,-6.1,-1.2,-0.3,-1.9,-1.6,-3.2,-2.1,-4.1,-2.5,-4.6,-1.8,-4.5,-3.6,-4.0,-4.0,-2.3,-5.2,-4.6,-4.5,-6.6,-2.9,-5.8,-4.1,-3.8,-3.5,-1.9,-2.7,-2.2,-2.6,-3.1,-1.4,-2.8,-2.7,-2.3,-2.3,-4.6,-3.1
2C7L51BAuF,0,48.104623,11.624738,4442051.06,2778115.77,547.3,593.0,266,7295,3.7,0.79,0.43,32.64,348.97,-0.529,-0.103,0.842,-1.3,0.2,-0.26,0.28,0.9,0.2,-0.3,-1.1,0.6,0.6,1.3,0.9,-1.6,0.8,-0.2,-1.6,5.3,0.1,-1.1,0.5,-1.3,-1.3,2.0,-0.3,-0.6,2.5,-5.1,1.8,-1.2,0.1,-1.8,4.9,-0.7,2.4,0.9,3.1,-4.0,-20.5,-5.2,-6.5,-0.1,-2.7,-2.4,1.9,2.6,1.4,2.7,-0.1,0.1,-0.9,-0.8,1.2,0.1,0.2,1.4,3.2,-2.5,0.7,0.1,2.1,0.3,-5.2,-1.8,-3.0,-3.6,-2.2,-1.7,0.5,0.9,0.9,-2.5,-1.0,0.3,0.4,-4.3,-0.6,-7.0,-2.8,0.4,-3.2,-3.4,-2.0,0.5,0.5,-2.7,-3.0,4.9,2.2,-3.2,-0.7,-0.9,-3.5,4.9,-0.1,-3.9,-3.3,-6.7,-1.2,1.3,-0.8,-3.2,-3.7,1.7,0.1,-9.8,-4.8,-10.1,0.1,-6.4,-3.4,1.1,0.0,-2.7,-0.4,0.8,-2.0,-1.5,-0.6,0.7,-2.7,2.1,-0.4,-0.0,-2.4,-0.7,-3.5,-0.3,-2.6,-2.5,-0.5,-3.6,0.9,1.6,-2.9,-0.8,1.0,-1.3,-4.2,-9.7,-1.4,-5.1,-0.6,-5.1,-5.7,-5.8,-7.8,-1.0,-1.5,-1.0,-0.3,-3.4,-0.5,-1.3,-4.8,-0.9,-0.9,-2.7,0.4,-3.1,-5.2,-6.6,-5.3,3.5,1.0,-1.2,-0.4,-0.1,-0.5,-2.5,-7.2,-11.3,-6.5,-1.5,-7.1,-9.1,-1.0,-2.7,2.0,-15.1,-27.0,-2.1,-2.3,-5.3,-7.9,-4.2,-9.6,-5.6,-3.9,-3.1,0.4,-6.9,-4.5,-6.3,-3.8,-5.9,-3.3,-13.3,-5.1,-2.8,-2.4,-9.8,-21.1,-9.3,-0.1,-5.9,-5.4,-12.3,-1.0,-2.6,-3.6,-4.9,-4.1,-4.3,-4.3,-4.2
2C7L51BAuG,0,48.104641,11.624873,4442061.14,2778117.92,551.2,596.9,266,7296,2.8,0.81,0.35,32.64,348.97,-0.529,-0.103,0.842,-1.0,0.1,-0.65,0.21,1.0,0.2,-0.3,0.2,0.7,1.8,1.0,1.6,-3.8,0.3,-0.1,-0.8,9.6,3.4,3.8,-3.6,-8.9,-2.5,1.1,-0.3,-5.5,-3.6,-2.4,-8.6,-2.3,-3.7,-3.2,2.8,-0.5,0.5,1.2,2.1,-3.5,-9.5,-5.7,-7.5,-1.8,-5.7,-0.9,0.4,0.1,-1.8,1.7,2.1,2.1,2.6,-0.3,1.2,1.2,-1.1,1.3,-0.6,3.2,0.7,1.5,1.4,-1.0,1.9,-0.2,7.6,3.5,1.8,2.2,0.8,1.8,-1.9,-0.6,4.1,4.3,3.1,-6.7,3.0,3.1,8.3,3.4,1.9,1.4,0.6,-0.6,-0.0,-0.1,0.9,-0.9,-0.2,0.9,-0.9,-3.0,-0.8,0.3,3.3,-3.5,-2.0,-4.8,-0.6,1.4,7.2,0.0,-2.0,1.9,1.7,0.5,-2.9,-4.2,1.2,0.4,-1.2,0.2,-2.8,-3.4,-2.6,-0.8,-5.1,-3.1,-4.0,-1.1,-3.5,1.0,1.9,-1.9,-2.7,-2.5,-2.4,1.0,2.1,-2.1,-0.1,-2.1,-2.5,-3.2,-1.7,-0.3,-3.0,-4.0,-3.7,-3.9,-0.3,-2.4,-1.3,-1.6,-4.7,-6.3,-2.1,2.2,-0.4,2.6,0.0,0.4,1.3,-0.2,-2.2,-0.0,-0.5,-2.1,-1.6,-1.0,-2.7,-3.2,-3.5,2.7,-3.0,0.1,1.3,0.1,-2.4,-0.8,-5.7,-2.6,-6.3,2.0,-2.0,-4.2,0.6,-0.1,-5.8,-6.8,-4.3,-1.2,-1.6,-2.5,-2.2,-3.3,-11.0,-1.0,-3.9,0.8,-6.8,-7.3,-3.7,-4.5,-1.9,-1.5,-4.4,-5.6,-4.9,-4.5,-5.9,-10.0,-2.2,-6.3,-3.3,-6.2,-9.3,-4.1,-2.4,-3.8,-2.5,-5.0,-3.6,-2.9,-5.3,-3.7
2C7L51BAvD,0,48.105041,11.627993,4442292.54,2778167.58,538.5,584.2,266,7355,1.6,0.93,0.27,32.65,348.97,-0.53,-0.103,0.842,-0.5,0.1,-0.16,0.12,0.4,0.1,-0.3,-0.8,0.6,-1.2,-0.4,-0.4,-0.3,-0.7,1.7,-0.8,3.2,-0.4,1.1,-3.4,-1.0,-1.3,1.1,1.0,2.5,-1.6,-1.9,-3.1,-1.8,-1.8,-0.7,0.4,0.6,1.8,0.9,-2.0,-2.6,-3.8,-4.1,-6.8,-1.1,0.2,-0.5,-0.2,1.6,1.9,3.3,1.3,1.8,0.5,1.0,-0.3,0.6,-0.6,2.2,-1.0,1.1,-2.0,0.6,0.9,0.5,0.4,0.4,-1.6,-0.0,-0.0,0.7,-0.7,0.4,-3.9,0.4,0.9,-1.8,0.4,-3.4,-0.5,-2.5,-1.5,0.9,-2.2,1.0,0.6,-0.7,-0.4,-1.2,-0.7,-1.2,0.3,-2.3,-1.3,-1.0,-0.1,0.7,-0.6,-2.0,-2.7,-2.9,-1.6,-2.3,-3.3,-0.0,1.4,-1.0,-1.5,-0.6,1.1,3.0,-0.9,-0.4,-0.2,-2.6,0.1,-1.7,0.3,-0.1,0.6,-1.7,-0.8,-0.4,2.2,-0.4,0.6,-0.5,-4.0,-1.0,0.6,0.3,1.5,0.7,0.6,-0.7,0.9,0.3,1.2,-1.6,0.3,-0.7,-1.4,0.5,-3.2,-1.3,-3.1,-3.1,-2.0,-4.7,0.2,-2.4,2.3,-1.9,-1.4,-1.5,0.0,-0.3,-5.5,-0.2,-0.8,-1.9,-4.5,-0.5,-2.0,-0.5,-2.8,-1.9,-3.3,1.0,-1.3,-2.8,-4.0,-2.1,-0.4,-1.7,-4.6,-1.0,-0.2,1.0,0.1,-2.1,-1.4,-4.1,-2.2,2.3,-2.6,-4.6,-2.9,-1.8,-1.2,0.2,-1.3,-0.7,-3.8,-3.2,-2.7,-2.4,-1.9,-4.9,-0.8,-2.9,-2.1,-3.2,-1.1,-4.0,-3.5,-2.5,-2.0,-3.6,-5.2,-2.3,-1.6,-1.6,-1.0,-3.4,-1.5,-2.4,-2.8,-1.0
2C7L51BAxT,0,48.106088,11.636147,4442897.44,2778297.31,546.3,592.0,266,7495,4.3,0.63,0.44,32.69,348.97,-0.53,-0.103,0.842,0.4,0.2,0.76,0.33,1.3,0.3,-0.3,1.8,-0.9,-0.5,-4.8,1.1,-0.5,-4.6,0.9,-1.1,4.7,6.1,5.4,-4.5,-0.5,-11.5,-14.7,2.9,-7.1,-6.5,1.7,-8.4,-1.4,0.6,-4.0,-6.7,-8.0,1.8,4.6,2.9,-14.3,3.1,-5.8,-11.8,-9.2,-0.3,0.9,-3.2,-13.5,-2.3,-1.9,3.6,4.3,4.0,-1.0,2.6,2.0,3.2,7.8,-1.0,9.8,0.8,-1.8,-1.0,-2.5,-1.2,-1.9,1.1,0.4,-4.3,-2.8,-2.2,-2.8,-3.3,8.0,-8.0,-2.6,2.7,-2.5,0.2,0.0,-3.9,5.9,4.1,-2.8,-8.0,-5.5,-5.1,-7.3,-6.1,-0.7,-5.2,-0.0,-0.5,0.1,-3.8,-4.3,-0.3,-8.8,-3.5,-7.9,-2.2,-2.4,-4.0,-3.9,-7.4,-0.2,4.0,-1.4,-3.0,-5.8,-5.8,-0.7,2.3,1.7,0.4,-3.0,-1.7,-0.2,-2.4,-2.3,-2.1,-1.0,-2.1,-2.6,-1.8,-5.3,-1.6,-2.3,-0.1,-2.2,10.5,-3.6,-6.3,-4.0,1.3,3.1,-0.4,-10.2,-4.4,-10.0,-3.7,-2.3,3.6,-8.0,-6.8,-12.2,0.1,-2.6,2.8,0.7,-2.3,0.3,-2.1,-5.5,-5.9,-4.1,-1.2,-1.5,-4.7,-8.1,13.2,-3.0,2.6,-6.1,-5.3,5.0,0.5,-3.1,-3.9,3.0,-1.5,-16.1,-3.6,-0.5,-7.5,2.2,-2.4,0.5,4.9,0.1,2.9,-1.4,2.8,-1.6,-1.3,-0.3,1.5,-4.9,1.7,-8.4,-0.5,3.6,6.7,3.9,-0.9,0.7,0.8,1.5,-2.5,-3.8,0.8,1.6,8.3,1.4,0.8,3.6,4.7,-2.6,2.3,0.9,1.8,1.0,2.8,1.6,-0.8,-0.5,-1.4,-2.6
2C7L51BAyE,0,48.10644,11.638889,4443100.86,2778340.94,551.8,597.5,266,7542,3.5,0.76,0.48,32.7,348.97,-0.53,-0.103,0.841,-0.7,0.2,-0.32,0.26,0.4,0.2,-0.3,-2.3,0.3,-0.1,-2.8,-0.0,4.6,-0.3,-2.3,-12.1,-11.0,-5.6,0.1,8.5,3.6,1.0,-0.2,5.8,3.0,4.6,3.3,-1.4,0.3,-1.3,1.2,-0.8,4.3,-2.8,-2.8,-3.9,3.2,-0.2,-1.8,-0.1,1.3,5.5,3.2,1.3,-2.5,-4.0,-10.7,11.4,-4.0,1.7,6.7,-8.1,-4.5,-2.1,-14.3,-0.8,-10.9,-0.5,-3.1,-0.9,1.6,0.6,-0.9,1.2,3.5,6.5,-4.4,-2.7,-2.6,-10.1,-3.5,4.1,2.7,-1.1,-0.4,-1.1,1.7,-3.5,-0.2,3.4,-3.7,-3.5,1.0,-2.2,-0.2,-6.3,-2.1,-2.4,-2.0,3.5,-4.4,0.2,-0.8,-1.5,-3.6,-0.1,-2.5,-1.4,-2.9,-1.8,-1.6,-0.6,2.9,-0.7,2.6,2.4,0.7,-0.5,-0.3,-0.1,1.9,-1.8,-1.6,3.7,-1.6,1.5,5.4,-2.5,-1.5,-1.1,-1.2,-2.0,-2.6,-4.2,-3.8,-3.8,-2.5,1.8,-7.1,-3.3,-2.0,-1.2,2.5,-3.2,-3.0,-1.6,-5.6,-2.4,0.7,-2.3,-0.0,-4.2,-5.1,-4.7,-0.2,0.6,1.6,-1.1,-4.2,-2.5,-1.2,-2.2,-2.5,-0.0,0.1,0.2,0.5,-4.4,-1.6,-1.3,-1.4,0.8,-2.3,-1.7,-0.4,0.5,-0.0,-5.1,-10.0,-5.1,-3.7,-0.6,0.2,0.6,-1.2,-1.7,-2.5,0.6,3.5,-2.3,-0.9,-3.8,2.6,-3.2,-1.5,-0.5,-2.2,-1.6,-0.7,1.9,-2.4,-7.1,0.5,-9.8,-4.1,-5.4,-6.6,-7.8,-8.3,-2.6,-2.1,-1.0,-3.6,-2.5,-2.1,0.6,-0.2,-2.6,-8.7,-2.4,-10.3,-4.4,-5.3,-6.6,-5.5
2C7L51BAtV,0,48.104291,11.622008,4441848.53,2778074.41,541.1,586.8,266,7249,2.8,0.84,0.38,32.6,348.92,-0.529,-0.103,0.842,-1.1,0.1,-0.0,0.22,0.8,0.2,-0.3,-1.8,-2.4,-1.6,-0.6,-0.6,3.7,-0.3,-1.2,-2.3,2.9,-0.9,4.5,1.1,-1.1,0.1,-1.8,-1.3,-1.8,-5.5,-1.1,-5.5,-1.5,-1.0,-1.8,-0.5,0.9,-0.8,10.2,-1.9,-4.9,-18.1,-4.0,-6.3,-4.9,-6.9,-5.6,-1.3,0.1,-0.8,-0.2,-1.3,2.1,-0.7,-3.6,-3.0,-3.2,-0.6,-4.4,-2.9,-1.6,-1.7,-2.5,-1.3,-1.2,-3.7,-1.6,-5.8,-2.1,-2.9,-1.7,-3.5,-2.2,-8.9,-3.1,4.5,2.3,-5.1,-1.3,-4.0,-0.3,3.2,-1.5,1.1,-2.3,-1.3,-0.8,-2.7,-0.3,-0.0,-2.6,-3.5,-1.9,-4.2,-4.2,-4.1,-3.7,-3.7,-6.0,-1.2,-4.5,-4.2,-8.0,-10.8,-1.1,-5.2,-1.8,-9.8,-5.4,-2.2,-3.3,-6.9,-7.4,-4.2,-3.1,-4.1,-3.3,-2.8,-3.0,-4.0,-4.2,-5.1,-3.2,-4.3,-5.9,-2.6,-6.1,-5.2,-6.0,-4.3,-2.0,-6.1,-5.1,-4.0,-2.7,-2.1,-1.8,-7.4,-2.5,-4.8,-2.4,-6.3,-3.5,-1.1,-4.3,-6.7,-4.4,-3.2,-6.5,-3.0,-3.5,5.3,-3.3,-3.5,-5.7,-4.6,-16.9,-0.5,-1.0,-3.1,-2.9,-0.6,-3.3,-3.4,-2.1,-2.1,-5.9,-3.0,-1.9,-3.9,-6.6,-6.2,-3.3,-3.9,-6.4,-4.0,-6.2,-6.3,-7.1,-3.1,-4.0,-5.7,-4.2,-8.9,-6.7,-6.7,-3.4,-1.2,-4.1,-4.4,-3.9,-5.1,-6.1,-5.3,-7.5,-3.8,-8.3,-8.4,-5.3,-6.9,-5.7,-6.8,-10.4,-16.1,-3.1,-3.9,-5.6,-6.7,-7.8,-6.0,-9.3,-4.7,-7.9,-2.9,-5.7,-7.8,-9.9,-8.5,-6.4
2C7L51BAu0,0,48.10457,11.624184,4442009.97,2778109.0,560.7,606.4,266,7280,2.8,0.81,0.43,32.63,348.97,-0.529,-0.103,0.842,-0.3,0.1,-0.17,0.21,1.5,0.2,-0.3,-0.4,-1.0,-3.9,-0.0,-4.9,2.7,-1.8,2.6,-1.0,0.1,1.1,1.7,-4.4,-0.5,-4.9,-2.7,-1.2,-3.5,-5.1,-3.4,-3.8,-2.6,-0.6,-5.5,-1.0,-0.1,0.5,2.4,0.4,-7.5,-15.3,-5.9,-6.2,-6.7,-2.8,-4.4,-2.7,1.4,-1.2,-1.4,0.9,2.4,-2.7,-1.9,-2.1,-1.6,1.2,0.6,0.6,0.0,-0.8,-0.2,-0.3,-0.4,0.8,0.0,-0.9,-0.1,0.8,1.8,0.9,-0.3,-0.2,-2.3,-1.5,-0.3,1.4,2.5,-0.8,-2.0,1.8,-4.2,1.1,-0.8,-5.7,-3.9,-2.8,-2.9,-4.8,-4.3,-8.5,-5.8,-1.6,-3.1,-1.0,-1.8,-1.8,-7.0,-0.7,-8.0,-6.4,2.5,0.0,0.2,-2.8,1.0,0.1,-3.7,-4.2,-0.7,-1.0,-6.0,-3.9,-3.1,-3.9,-2.0,-3.2,-1.1,-5.2,-2.8,-4.0,-2.8,-2.8,-2.7,-1.5,0.1,1.7,-0.4,-0.6,2.3,2.5,-1.4,-0.2,-2.1,-3.7,-3.4,2.4,-2.3,-6.3,-2.7,-0.9,-1.9,0.7,-4.5,-4.7,-4.8,-7.6,-7.8,-1.1,-2.1,-1.8,-1.5,-2.1,-3.2,-1.0,0.4,-5.1,-2.8,-0.4,-1.3,-0.1,-8.6,-7.9,-6.7,-0.5,-1.9,-1.1,-2.7,1.0,-0.6,-4.6,3.3,-5.2,-1.9,-4.0,1.6,-4.5,-6.4,-5.1,-1.1,-4.2,-2.8,0.5,0.7,-0.6,5.6,-1.0,-1.5,8.8,-1.6,-1.0,1.8,-11.3,1.7,-4.0,-6.2,-1.5,-5.3,-3.2,-5.0,-7.0,-1.1,-1.6,-3.6,-7.9,-7.9,-4.7,-4.4,-4.2,-9.0,-5.9,-0.7,-2.6,-3.9,1.5,-0.7,-3.5,-4.3
2C7L51BAu1,0,48.104569,11.624169,4442008.82,2778108.76,557.2,602.9,266,7281,2.2,0.86,0.3,32.64,348.97,-0.529,-0.103,0.842,-0.6,0.1,-0.23,0.17,1.5,0.1,-0.3,0.2,-1.6,-3.1,0.4,-3.7,1.9,-1.6,0.8,-2.3,1.5,2.4,2.2,-2.6,0.2,-2.4,-2.7,-3.0,-4.0,-3.6,-3.8,-2.7,-3.3,-1.0,-6.2,-2.1,-2.7,0.4,2.7,-0.5,-8.4,-13.4,-8.0,-7.4,-6.3,-4.4,-5.0,-2.8,-0.1,-0.2,-1.7,0.0,2.4,-2.0,-3.1,-2.3,-1.6,1.3,-0.4,-0.7,0.3,-0.7,-0.6,-0.1,-1.1,-0.4,-2.6,-0.7,-0.2,-0.7,-1.0,0.0,-0.6,-0.5,-1.4,-0.8,-0.0,0.5,0.6,-1.3,-1.2,1.1,-3.6,0.8,-1.4,-4.0,-3.6,-3.4,-3.1,-5.3,-4.5,-5.2,-5.4,-3.6,-6.0,-2.3,-3.8,-3.3,-7.5,-4.4,-5.5,-5.8,-0.4,-1.4,-2.3,-2.2,0.6,-0.1,-4.9,-4.7,-1.9,-2.8,-5.5,-4.0,-2.3,-5.2,-2.0,-1.9,-1.2,-4.6,-2.5,-4.0,-3.2,-1.2,-0.2,-1.3,-0.4,0.1,-0.7,-1.1,0.8,1.1,-1.1,-1.8,-3.8,-4.3,-4.2,0.7,-4.9,-4.5,-4.7,-2.6,-2.1,0.8,-3.6,-4.5,-6.0,-6.1,-6.3,-1.0,-0.8,1.1,-0.0,-1.5,-1.8,-0.8,-1.5,-4.8,-1.6,-1.3,-2.8,-2.7,-6.0,-4.3,-5.4,-4.8,-3.6,-1.0,-2.5,0.3,-2.1,-5.9,-0.0,-3.1,-1.6,-4.0,1.3,-3.7,-8.0,-4.2,-2.7,-6.5,-6.6,-2.0,-0.0,-2.1,4.9,-2.4,-4.1,-0.1,-3.7,-6.7,-1.9,-5.9,-2.7,-5.0,-6.9,-2.1,-6.0,-5.9,-5.8,-7.2,-4.1,-6.6,-5.1,-5.2,-5.4,-5.4,-6.1,-3.7,-7.7,-5.1,-2.4,-4.3,-4.1,-1.2,-2.1,-4.7,-4.7
2C7L51BAuh,0,48.104853,11.626381,4442172.97,2778143.99,547.5,593.2,266,7323,2.7,0.81,0.4,32.65,348.97,-0.529,-0.103,0.842,-1.1,0.1,-0.48,0.21,1.9,0.2,-0.3,-4.7,-0.2,3.3,0.4,-2.0,-5.9,-1.3,4.9,10.9,-1.0,10.0,-1.9,-8.5,1.2,-1.7,-5.6,-4.3,-4.5,-4.2,-3.7,-4.2,-2.5,-1.8,-4.2,-3.2,-2.9,-1.5,-3.6,-3.4,-5.4,-8.2,-7.0,-7.6,-6.4,-4.9,-2.9,-1.7,-1.2,-2.7,-1.6,-2.3,-2.5,-2.9,-1.9,-3.4,-4.5,-4.5,-0.7,-3.2,-0.7,-2.4,-2.6,-0.7,0.6,0.6,-0.6,4.2,-1.1,-1.1,-2.1,-2.1,9.8,4.4,-2.8,-6.1,3.1,2.2,1.4,0.2,0.8,1.8,1.2,-0.4,5.2,-0.7,-2.3,-0.2,-2.7,-0.9,-4.8,-3.5,-2.1,-3.8,-1.3,-3.2,-3.0,-1.7,-1.9,-2.7,-5.0,-4.6,-6.3,-3.8,-4.0,-5.6,-4.9,-2.4,-3.8,-4.6,-1.9,-5.0,-5.7,-3.7,-3.5,-2.4,-3.6,-2.5,0.0,-4.3,-2.3,-2.5,-3.1,0.4,-1.6,2.5,-0.5,1.6,-5.8,-4.5,-0.8,-0.1,-4.7,-10.0,-6.7,-4.4,-5.2,-1.6,-5.9,-5.7,-7.3,-6.4,-5.0,-3.4,-4.3,-5.6,-5.9,-5.1,-9.3,-2.7,1.4,0.5,-2.4,-3.2,-0.5,-3.1,1.4,2.8,-2.5,-3.1,-2.9,0.1,-0.4,-2.0,-1.5,-2.9,-13.2,-3.2,-4.2,-3.4,-1.6,-5.3,-2.9,-3.7,-7.8,-6.4,-4.6,-5.0,-7.2,-5.4,-4.8,-5.8,-7.2,-4.0,-6.9,-7.0,-3.4,-2.8,-3.9,-0.8,-7.3,-8.1,-5.6,-6.7,-7.3,-4.9,-6.1,-2.2,-5.9,-3.8,-8.5,-7.8,-5.9,-5.7,-8.4,-7.4,-6.3,-5.3,-10.2,-7.9,-7.8,-8.7,-6.4,-4.7,-6.9,-4.4,-8.6,-6.1,-7.0
2C7L51BAui,0,48.104861,11.626446,4442177.77,2778145.02,547.9,593.6,266,7324,2.4,0.85,0.31,32.65,348.97,-0.529,-0.103,0.842,-0.8,0.1,-0.42,0.19,1.1,0.2,-0.3,0.8,1.3,0.5,-0.7,0.2,-2.6,1.6,0.5,0.8,2.6,1.9,0.9,0.9,1.5,2.8,1.9,2.3,1.7,1.6,-0.1,1.1,3.0,-0.1,-0.1,2.0,0.4,0.3,0.1,-0.8,-3.6,-11.8,-3.1,-2.9,-1.7,-0.8,3.0,5.5,2.9,2.5,4.9,3.4,1.4,3.8,3.0,2.8,0.8,-1.1,0.3,-0.2,1.9,-1.1,0.8,3.2,1.5,1.5,0.2,-0.0,-1.4,-2.1,-1.9,-2.4,-2.4,-5.2,-5.1,-4.8,-1.0,-4.1,0.9,0.2,1.0,-0.0,5.0,-1.5,0.3,3.1,1.2,0.1,1.5,-0.0,0.4,2.4,0.6,1.5,-0.4,1.8,1.9,0.7,-0.1,-1.1,-1.9,-0.5,-4.6,-1.7,1.9,-1.0,1.2,3.7,0.3,0.9,1.5,0.9,0.9,1.3,4.4,1.8,2.5,2.3,0.8,1.4,2.8,0.2,-1.0,1.3,-0.0,-0.4,-2.3,-0.7,-2.9,-2.5,-2.3,-6.0,-3.2,-1.8,-1.4,0.6,1.8,-0.1,-0.9,0.5,-1.0,-0.0,-0.0,-2.0,0.5,0.7,-0.3,0.1,-2.6,2.6,2.1,-2.3,-1.2,-0.4,0.4,1.2,-2.6,1.5,-5.5,-2.2,-0.8,-1.3,2.0,0.9,0.3,0.9,0.4,0.7,1.2,1.2,-0.6,-1.8,1.5,1.0,-2.5,-0.7,1.7,-1.4,-0.6,1.5,-1.1,0.4,-0.1,-2.0,-5.8,-6.5,-11.6,-4.9,-1.4,-6.3,-7.6,-3.7,-3.7,-2.7,-4.5,-4.4,-2.0,-2.1,-2.4,-5.3,-2.5,3.6,4.8,2.4,-0.2,7.2,-5.3,-5.1,-4.3,-5.5,-3.5,-6.4,-4.0,-2.5,-4.0,-4.8,-6.1,-7.0,-5.3
2C7L51BAvJ,0,48.105119,11.628455,4442326.83,2778177.0,543.4,589.1,266,7361,3.0,0.82,0.43,32.65,348.97,-0.53,-0.103,0.842,-0.6,0.1,-0.03,0.23,1.4,0.2,-0.3,-0.8,0.6,2.5,1.2,3.7,-2.5,2.4,1.4,-1.0,3.6,1.2,2.3,-2.1,1.3,-1.5,-1.6,-4.0,-3.1,-2.0,-6.1,-3.4,-1.7,1.8,-1.1,-6.0,-5.1,10.8,0.7,-0.2,0.5,-20.8,-6.8,-8.9,-3.9,0.1,-2.8,1.7,-14.3,0.6,0.0,2.8,4.3,2.9,-0.3,-2.0,2.1,-1.1,0.2,-0.3,2.6,0.3,-0.6,2.3,-2.4,2.8,-1.7,4.0,1.5,0.1,2.4,-0.3,-4.4,-1.3,-0.5,-0.8,0.2,1.9,2.5,2.0,0.8,0.1,-1.1,6.9,0.6,-1.4,-4.6,0.1,-1.1,-4.4,-0.1,1.6,-2.8,1.3,-1.0,0.6,1.5,-2.9,-2.8,-5.6,-4.0,-4.0,-0.8,-0.1,-1.0,-1.0,-3.7,1.4,3.8,-4.2,-1.5,-0.7,1.8,0.1,-2.5,-1.8,-2.0,-4.9,2.1,-0.9,0.7,-0.2,0.8,-0.5,-1.3,-6.3,0.2,-4.2,0.3,1.1,-1.2,-1.2,-1.2,-1.8,-0.5,-0.2,1.9,0.4,-2.3,-3.7,-4.3,-3.0,-4.0,5.5,-1.4,-1.7,-1.9,-2.3,-7.0,-3.1,-1.3,0.4,0.5,-0.0,-3.6,-0.0,0.9,-3.8,0.1,-0.6,0.3,-3.7,-1.1,-4.8,-7.3,-3.6,-3.5,-3.7,-0.0,-2.8,-2.2,-2.9,-4.6,-8.0,-8.8,-3.2,0.6,-4.4,-3.6,-9.4,-3.8,-7.0,-5.0,-2.0,-3.4,-2.7,-3.0,-0.6,-0.2,-5.0,-1.9,3.8,-2.8,0.6,0.3,0.4,-3.9,-3.6,-2.9,-2.0,-5.4,-3.5,-0.3,-2.7,-4.8,-6.2,-6.7,-4.2,-2.9,-1.1,-8.7,-1.0,0.8,-2.9,-2.4,-2.5,1.9,-2.4,0.8
2C7L51BAtH,0,48.104228,11.62137,4441801.13,2778066.3,548.2,593.9,266,7235,3.3,0.77,0.4,32.59,348.92,-0.529,-0.103,0.843,-0.9,0.2,-0.23,0.25,1.4,0.2,-0.3,-0.4,0.6,3.2,0.7,3.2,6.5,-2.3,1.6,1.6,-5.4,2.0,-1.5,2.0,0.9,1.8,2.3,0.9,3.3,4.8,1.4,0.1,0.0,1.9,1.1,4.3,2.8,7.7,-1.5,1.5,-3.1,-7.0,-5.9,-2.8,-2.1,-3.6,-2.9,1.1,4.5,-0.8,4.6,1.4,-2.3,-0.5,0.6,-0.2,-0.0,-5.2,0.4,-2.0,2.8,1.7,1.2,-1.0,0.6,-1.1,-1.6,-4.0,-1.9,-0.7,-1.7,-1.4,0.3,-1.9,-1.0,-2.3,1.1,-2.8,-11.0,-3.4,1.5,-1.6,-4.1,-10.0,-5.4,0.3,1.0,1.5,1.1,2.5,-0.2,0.2,0.5,1.6,0.5,-0.3,-0.6,3.3,-3.9,3.6,0.5,-2.7,0.6,1.7,3.4,6.2,3.5,0.2,0.1,0.4,1.9,-1.5,-0.0,2.2,1.7,0.5,-0.1,-0.4,-0.6,-0.3,2.3,2.3,2.2,1.7,0.0,2.9,-1.3,3.4,-2.8,-2.7,-6.8,0.2,-14.1,4.7,-1.3,0.4,2.7,-7.9,1.4,1.7,-1.9,-1.9,-0.6,-1.1,0.3,-3.5,-0.8,-1.8,-0.0,1.9,2.3,-4.0,-0.2,0.1,-2.2,0.2,-0.4,-2.0,-0.3,-2.8,-2.5,-5.2,-1.4,-2.7,-1.7,-3.0,0.2,1.9,1.1,4.2,0.4,-0.9,-1.2,0.7,3.7,1.1,1.7,-2.6,-1.1,-0.4,-1.6,-2.7,7.3,-7.3,-0.7,-10.3,-9.8,-3.5,-2.6,-16.1,-10.4,-6.1,-7.2,-9.6,-11.2,6.6,1.8,-8.5,-3.3,1.0,-6.4,-2.1,-2.0,-3.2,-3.8,-3.4,-0.2,-0.6,-0.6,-2.0,-3.3,0.9,-2.1,-2.6,-3.0,-6.3,-7.7,-2.5,-7.6
2C7L51BAta,0,48.104347,11.6223,4441870.17,2778081.12,541.1,586.8,266,7254,3.0,0.81,0.39,32.6,348.92,-0.529,-0.103,0.842,-0.5,0.1,-0.46,0.23,1.3,0.2,-0.3,-2.1,1.5,1.0,0.1,1.0,12.1,1.5,0.9,1.7,-9.0,3.5,-8.0,-0.3,1.3,0.9,0.5,2.2,0.9,4.9,1.9,1.1,4.2,1.7,3.5,5.4,5.5,5.6,-0.1,2.8,-1.6,11.0,-1.3,0.7,2.6,-1.5,2.0,1.4,1.5,5.8,4.3,3.2,-2.8,4.1,0.5,2.4,1.5,-3.5,-2.8,-0.7,-0.5,-0.1,-0.4,0.6,1.7,1.8,-0.7,0.9,0.9,0.3,0.2,3.0,4.8,-1.9,0.4,-12.6,1.7,-4.1,-0.8,-0.8,-0.5,-1.9,0.4,-3.5,1.0,0.8,2.1,1.4,1.9,0.9,3.3,0.1,2.6,-0.5,-1.0,-0.2,1.8,1.9,-1.8,5.2,3.3,0.9,3.4,2.8,6.6,2.7,9.6,1.1,4.8,2.4,3.5,1.9,3.0,2.6,1.8,3.3,4.5,2.5,2.3,1.2,1.8,1.1,1.1,1.7,0.5,2.5,-2.2,-0.7,-1.7,-0.9,2.3,2.1,1.6,0.2,2.0,2.0,1.7,-7.0,1.7,-0.1,-1.4,0.4,2.8,5.0,2.1,1.4,1.5,3.3,1.6,3.9,3.0,-2.1,-3.9,0.6,1.5,-0.9,-1.7,-0.5,1.5,1.9,0.7,5.4,-1.6,0.2,3.3,5.6,-0.6,1.8,1.9,5.5,4.8,0.5,-1.1,1.8,2.3,2.0,-1.9,-1.9,-2.1,2.7,1.6,3.8,-0.5,1.8,-1.4,-12.7,-13.0,-0.6,-0.4,-11.4,1.4,3.1,1.4,-3.7,1.3,1.3,-1.0,0.3,1.6,1.3,-1.3,-1.4,2.1,-0.1,-2.4,-4.2,0.4,0.2,-0.8,-3.3,-3.4,-2.5,-2.1,-2.7,-1.9,0.9,-0.8,-1.9,-1.5
2C7L51BAuB,0,48.104603,11.624292,4442017.9,2778112.81,536.7,582.4,266,7291,2.9,0.8,0.44,32.64,348.97,-0.529,-0.103,0.842,-0.6,0.2,0.3,0.24,1.3,0.2,-0.3,-0.3,-0.5,-3.4,2.2,-1.8,-1.5,-4.0,-0.5,-2.2,-1.6,-0.9,-1.4,-1.3,-1.7,-2.6,-2.9,-5.2,-3.0,-4.0,-3.4,-2.2,-3.1,-3.6,-6.1,-3.0,-3.0,-2.8,-0.8,-5.8,-8.1,-16.4,-8.7,-7.3,-7.3,-9.5,-6.1,-3.6,-2.1,-2.8,-3.3,-4.1,-0.6,-4.3,-3.6,-4.5,-3.7,-3.7,-3.3,-1.8,-1.8,-2.9,5.4,6.2,-7.3,-6.1,-5.8,-5.3,-4.7,-7.0,-6.1,-5.4,-5.6,-6.8,-5.4,-7.2,-7.1,-6.8,-5.6,-6.2,-7.2,-5.6,-6.4,-6.5,-6.5,-6.0,-6.6,-5.6,-7.2,-7.1,-8.6,-7.9,-9.3,-8.4,-9.9,-8.6,-7.1,-8.0,-9.3,-8.3,-12.2,-7.9,-9.2,-8.1,-8.0,-8.6,-6.8,-4.5,-11.5,-8.6,10.9,-10.1,-4.0,2.0,-8.4,-6.1,-1.6,-0.3,-4.6,-10.9,-1.0,-5.4,9.1,-7.7,-10.7,-7.9,-8.3,-8.6,-5.3,-9.6,-7.1,-7.4,-8.2,-8.7,-10.4,-5.7,-5.4,-8.3,-1.7,-4.7,-3.4,-5.3,-3.7,-4.5,-5.6,-4.7,-7.3,-5.7,-6.8,-0.4,-1.1,-5.3,-4.4,-2.2,-0.3,-3.4,-3.8,-2.0,-4.5,-5.6,0.0,-4.2,-6.1,-3.5,-4.5,-6.6,-6.3,-6.0,-6.3,-2.1,-4.4,-7.4,-2.7,-2.3,-6.1,-6.4,-4.9,-3.6,-7.6,-4.4,-5.0,-5.8,-7.1,-8.1,-7.0,-7.2,-5.2,-6.1,-4.7,-7.3,-4.4,-2.6,-4.7,-6.0,-8.5,-6.0,-5.9,-7.8,-5.1,-6.6,-9.2,-9.8,-9.4,-6.7,-9.1,-6.4,-7.9,-7.6,-6.9,-10.3,-7.1,-8.4,-7.5,-7.6,-7.5,-7.0,-7.5,-7.0,-5.1
2C7L51BAvC,0,48.105074,11.627956,4442289.77,2778171.12,540.0,585.7,266,7354,1.3,0.94,0.19,32.65,348.97,-0.53,-0.103,0.842,-0.7,0.1,-0.31,0.1,1.3,0.1,-0.3,-0.6,-0.1,-1.3,-0.8,-0.3,0.0,-2.3,-0.1,-1.1,0.5,0.1,0.5,-1.1,-1.0,-1.5,-0.9,-2.9,-1.9,-3.9,-4.0,-3.6,-0.5,-1.2,-2.3,-1.3,-1.5,-0.5,0.3,-3.4,-4.7,-6.2,-5.8,-7.3,-4.6,-1.5,-3.0,-1.5,-0.1,0.4,0.1,-0.8,0.2,-1.3,-2.3,-2.1,-0.5,-2.3,-0.6,-1.5,0.2,-0.3,0.5,-1.0,-0.9,-0.8,-0.7,-1.0,-1.5,-0.8,-0.3,-1.1,0.2,1.4,-1.6,0.4,-1.4,-1.4,-3.0,-1.3,-2.3,-1.7,-0.7,-2.3,-1.8,-1.5,-2.0,-1.5,-1.3,-1.3,-2.4,-1.7,-3.3,-3.0,-3.6,-1.8,-3.2,-0.3,-4.7,-4.0,-4.3,-3.1,-5.0,-4.2,-2.8,-2.1,-3.3,-2.6,-2.6,-2.7,-2.0,-1.8,-3.7,-1.8,-3.8,-3.1,-3.2,-3.2,-2.1,-3.2,-2.4,-2.4,-2.5,-0.2,-2.0,-1.6,-1.0,-2.4,-1.6,-0.6,-1.0,0.7,-1.2,-1.7,-1.4,-1.6,-1.8,-2.6,-2.3,-2.4,-4.9,-3.7,-2.3,-4.3,-3.5,-4.9,-4.2,-3.3,-6.2,-1.9,-0.1,-1.0,-2.6,-3.1,-2.4,-1.4,-1.0,3.7,-0.0,-1.6,-1.7,1.1,-1.4,-1.9,-2.4,-2.8,-2.9,-2.5,-2.9,-4.8,-2.1,-5.7,-4.0,-2.2,-4.5,-4.2,-2.2,-2.4,-1.9,-3.1,-3.3,-4.5,-5.7,-5.9,-2.5,-3.6,-4.9,-3.1,-1.8,-1.0,-3.1,-3.8,-3.0,-3.9,-3.6,-4.2,-4.5,-5.8,-4.4,-4.6,-6.3,-5.7,-5.5,-5.6,-6.9,-5.0,-6.4,-6.5,-5.6,-5.8,-4.0,-4.5,-4.5,-5.3,-4.3,-1.7,-4.7,-3.8,-4.5
2C7L51BAvR,0,48.105169,11.628695,4442344.58,2778182.89,534.4,580.1,266,7369,1.2,0.96,0.23,32.66,348.97,-0.53,-0.103,0.842,-0.8,0.1,-0.33,0.09,0.6,0.1,-0.3,-1.3,0.6,-1.0,0.8,-0.3,0.1,0.1,0.6,-0.9,0.4,-1.0,1.1,-0.5,-0.7,0.3,-0.8,-1.0,-1.0,-0.8,-3.1,-0.8,-0.6,-2.8,-0.8,-0.8,0.4,1.4,2.0,-3.2,-2.3,-3.1,-4.9,-3.7,-1.9,0.3,-2.3,-1.3,1.0,0.6,1.3,0.1,-0.8,1.1,-0.4,-0.4,-0.1,-0.5,-1.5,0.1,1.0,-0.3,-0.5,0.0,-0.6,-1.5,-0.8,0.4,-2.4,-1.9,-3.2,0.4,-2.8,1.5,-1.8,-2.0,0.3,-2.4,-2.4,-2.3,-2.4,0.1,1.6,-2.1,-0.9,-1.6,-0.4,-0.3,-2.0,-2.2,-1.4,-0.1,-1.3,-2.1,-2.4,-1.4,-1.0,0.2,-2.6,-1.0,-2.0,-3.2,-2.2,-3.4,-1.7,-0.9,-0.1,0.9,-1.5,-2.8,0.4,1.4,-0.2,-1.1,0.0,-1.6,-1.6,-1.2,-0.0,-0.6,-0.2,-1.2,-0.5,-0.9,-2.2,-0.5,-0.2,-2.1,-1.1,-1.1,-1.7,0.6,-1.4,-1.3,-1.1,-1.6,-0.7,-1.2,-1.5,-1.5,-3.4,-4.2,-2.5,0.2,-1.8,-2.7,-3.4,-2.3,-4.3,-0.3,1.7,0.0,-0.3,-3.1,-2.8,-1.2,-0.7,-1.9,-0.6,-2.1,0.2,-2.1,-0.5,-3.0,-1.4,-0.9,-3.5,-2.2,-2.9,-2.5,-3.4,-3.3,-4.3,-2.9,-2.4,-4.2,-2.6,-1.6,-3.5,-2.4,-3.1,-3.6,-5.0,-3.5,-2.1,-3.7,-3.1,-2.6,-1.3,-2.9,-2.9,-2.6,-4.2,-3.6,-5.0,-4.7,-2.8,-2.9,-1.2,-5.2,-5.8,-7.3,-5.3,-3.3,-5.4,-2.8,-5.9,-6.6,-5.0,-5.5,-5.0,-6.4,-2.8,-3.6,-3.9,-3.7,-2.5,-3.1,-2.8
2C7L51BAxO,0,48.106056,11.635608,4442857.36,2778292.88,535.3,581.0,266,7490,1.7,0.93,0.22,32.69,348.97,-0.53,-0.103,0.842,-0.6,0.1,0.28,0.13,0.5,0.1,-0.3,-1.3,0.6,-0.7,-0.6,-1.7,-1.4,0.1,-1.0,-0.4,7.9,0.6,0.6,-0.1,1.9,0.9,1.4,-1.1,-0.6,-2.0,-1.3,-0.3,-1.4,-1.9,0.1,1.4,-1.8,0.2,-0.9,-1.0,-4.4,0.6,-6.7,-6.6,-6.2,-2.7,-1.8,-1.4,-2.0,-1.1,-1.1,-0.7,-2.4,-0.2,-3.3,-1.5,-2.6,-0.7,-0.9,-2.3,-2.9,-3.6,0.0,-2.5,-2.2,-0.6,-4.1,-2.7,-1.0,0.3,-1.6,-3.6,-3.2,-3.3,-0.3,-3.8,-2.0,-0.7,-3.4,-3.6,-1.5,-1.9,-1.9,-2.8,-2.1,-2.2,-0.8,-2.0,-2.6,-3.3,-2.2,-1.1,-2.8,-2.0,-0.4,-3.1,-3.0,-0.0,-2.4,-4.2,-5.8,-3.6,-5.8,-3.0,-5.2,-3.1,-1.1,-2.5,-3.0,-2.5,-3.8,-2.6,-2.3,-4.5,0.4,-2.1,-2.2,-1.4,-1.4,-3.7,0.1,-2.5,-3.1,-3.2,-2.8,-3.1,-4.2,-4.3,-2.9,-2.5,-3.3,-2.1,-3.6,-1.1,-1.4,-1.2,-1.3,-1.8,-0.2,-0.5,-5.8,-4.7,-3.6,-1.7,-2.5,-5.0,-6.0,-3.3,-5.7,-1.4,0.1,-2.5,-3.9,-3.1,-2.1,-3.2,-2.8,-4.2,-2.7,-1.0,-1.5,-3.4,-1.5,-1.8,-3.1,-2.2,-0.8,-2.1,-2.1,-1.2,-4.0,-3.3,-11.6,-5.8,-5.9,-4.6,-1.0,-2.2,-2.0,-4.1,-3.6,-5.9,-4.7,-5.7,-3.7,-3.4,-4.4,-3.4,-5.0,-7.1,-5.4,-2.7,-3.6,-2.9,-2.9,-4.0,-3.1,-4.2,-2.7,-2.8,-3.2,-6.0,-2.8,-5.0,-3.5,0.4,-4.0,-3.5,-5.4,-3.5,-1.2,-5.0,-4.5,-5.1,-3.5,-3.4,-3.5,-4.2,-6.2
2C7L51BAxR,0,48.106062,11.635652,4442860.63,2778293.59,530.4,576.1,266,7493,4.4,0.63,0.53,32.69,348.97,-0.53,-0.103,0.842,-0.7,0.2,-0.47,0.33,1.1,0.3,-0.3,2.7,0.7,-3.9,-2.2,1.0,-5.8,-5.7,0.7,2.7,0.0,2.4,0.2,0.8,1.8,-0.3,-0.1,1.1,-6.3,2.0,-14.9,2.9,3.3,-1.9,5.9,5.8,11.1,-0.9,-4.2,-2.1,-1.3,0.9,-5.2,-4.3,-8.8,-2.7,-3.6,-1.7,2.1,-4.5,-3.2,6.9,-8.5,-0.7,6.7,-0.9,-3.6,1.7,-11.5,10.0,-5.8,-2.3,0.3,0.5,0.6,-1.3,1.1,-3.3,-1.5,-3.7,-0.9,-0.3,-1.3,5.7,1.5,-3.1,0.2,-1.5,2.6,0.0,2.2,-1.6,5.1,-2.7,1.5,-4.9,1.6,-1.5,-4.0,-3.8,1.3,-0.1,5.7,-3.8,-1.5,1.9,1.6,-3.2,0.3,-1.0,1.1,-3.6,-9.1,-10.1,-6.5,-6.8,-3.2,-3.3,0.8,-1.5,-0.9,-8.6,-4.2,-3.6,-1.9,-0.8,2.0,-5.2,8.7,-1.3,-0.1,-0.5,-5.4,-1.3,-5.9,-5.2,0.6,2.0,-5.4,1.3,-8.1,8.3,-5.8,-2.7,-4.0,-0.7,1.5,-0.7,1.0,2.1,-6.3,-3.1,-5.2,-3.6,11.4,-9.1,-4.0,0.6,-9.4,-0.5,6.1,0.5,-8.0,-5.7,-0.4,-4.5,-2.4,4.5,8.1,-4.7,1.6,-1.2,2.4,-0.2,1.0,0.0,1.6,3.6,-2.6,-2.3,4.4,-2.9,-9.6,-9.1,-3.6,-5.1,-0.1,-4.1,0.2,-2.6,-0.2,-6.8,-7.2,-5.0,-8.5,-5.8,-15.9,-5.4,-1.7,7.8,6.4,-1.8,-3.2,-3.7,-2.6,-3.2,-4.8,-4.4,-2.1,-9.0,-6.4,-9.1,-2.5,-5.7,-5.4,-1.3,-14.7,3.1,-5.6,-1.7,3.7,-5.3,2.5,-1.6,-3.1,-14.8,-6.9,-11.0,-5.1
2C7L51BAtQ,0,48.104293,11.621731,4441827.88,2778074.12,542.9,588.6,266,7244,3.8,0.69,0.42,32.6,348.92,-0.529,-0.103,0.842,-0.9,0.2,0.26,0.29,2.2,0.3,-0.3,0.5,-2.2,-1.5,-1.4,-0.8,0.3,-3.5,-2.9,-2.7,3.1,-2.7,3.8,-3.2,-5.2,-6.3,-6.2,-4.9,-4.3,-5.1,-2.4,-3.7,-5.4,-6.8,-3.7,-4.4,-2.1,-6.7,1.1,-3.5,-7.8,-21.1,-9.7,-4.6,-9.7,-12.7,-3.8,-6.3,-8.5,-4.5,-4.2,-4.0,1.7,-1.0,-2.7,-2.3,-3.7,-2.3,-0.5,-2.7,-2.9,-1.7,-0.5,-2.7,-3.0,-2.8,-3.3,-0.4,-3.2,-3.7,-2.9,-4.1,-4.4,-8.0,-3.5,-0.3,1.2,-2.5,0.0,-1.1,-4.3,2.1,-1.8,-1.5,-3.5,-8.0,-4.8,-8.8,-8.7,-6.8,-3.9,-5.2,-10.5,-10.8,-12.9,-0.9,-3.6,-5.3,-7.9,-6.6,-10.3,-5.7,-2.4,-4.5,-4.2,-8.1,-10.1,-4.5,-6.7,-6.8,-12.4,-7.9,-5.6,-4.8,-9.1,-9.3,-7.0,-8.4,-5.9,-8.2,-6.7,-10.1,-9.6,-6.1,-9.4,-3.1,-5.6,-5.2,-5.1,-4.2,-3.8,-5.8,-3.8,-2.1,-3.5,-1.6,-4.0,-6.6,-8.1,-7.5,-7.3,-13.1,-7.7,-9.5,-6.0,-7.4,-8.3,-4.0,-10.5,-7.5,-9.2,-3.2,-10.2,-6.1,-7.7,-4.0,-3.5,-7.2,3.8,-4.6,1.7,5.2,-6.9,-10.4,-10.4,-7.9,-16.0,-14.6,-5.5,-5.3,-5.5,-5.6,-7.9,-4.4,-7.1,-6.1,-1.4,-5.1,-10.5,-5.4,-8.8,-8.3,-9.7,-0.3,-2.0,-1.5,-6.1,0.7,-5.4,-7.1,-5.2,-6.1,-6.8,-6.4,-4.9,-5.7,-8.4,-4.0,-7.1,-8.7,-11.4,-11.8,-12.6,-9.8,-12.8,-14.3,-14.1,-10.1,-9.8,-9.1,-9.8,3.4,-3.5,-14.4,4.0,-21.4,3.3,3.4,-22.0
2C7L51BAvA,0,48.105079,11.627851,4442281.93,2778171.51,540.7,586.4,266,7352,1.7,0.88,0.36,32.65,348.97,-0.53,-0.103,0.842,-0.4,0.1,-0.77,0.13,1.7,0.1,-0.3,0.7,1.1,0.1,0.1,0.2,0.9,-1.8,-0.3,-1.3,1.9,1.0,0.2,-0.5,-0.7,-1.3,-2.2,-4.0,-1.9,-5.9,-5.3,-4.6,-4.2,-3.3,-2.4,-1.1,-0.6,2.1,1.1,-2.7,-5.4,-8.4,-5.9,-5.6,-5.1,-3.3,-2.5,-1.5,-1.4,0.2,-1.5,-0.5,-1.3,-1.4,-2.4,-2.2,-1.1,-2.3,-0.2,-0.6,1.3,1.6,2.2,1.5,-0.6,0.9,1.2,0.5,0.3,1.0,1.7,0.5,2.1,-0.3,-0.1,-1.0,0.1,-0.5,-0.5,0.8,0.4,-2.1,-0.1,-0.3,1.6,0.1,-0.6,-2.1,0.3,0.3,-1.9,-0.2,-1.6,-1.9,-2.8,-0.6,0.2,1.1,-1.3,-3.6,-2.4,-2.1,-5.2,-3.5,-2.3,0.5,-1.8,-3.0,-1.0,-0.8,0.9,-2.2,-2.2,0.3,-3.8,-2.6,-2.8,-2.0,-0.4,-1.9,0.3,-3.0,0.2,0.5,0.9,0.7,0.3,-3.5,0.6,-0.7,0.2,0.9,0.4,-1.2,1.4,-1.3,-1.2,-2.8,-0.7,-2.5,-1.2,-1.1,-0.1,-3.9,-1.6,-1.4,-1.8,-1.0,-2.6,0.6,4.2,0.3,0.4,1.3,1.1,2.0,2.9,1.5,3.6,1.8,4.2,-5.2,1.6,0.1,0.1,-1.3,0.9,-1.5,0.4,-3.6,-0.3,-2.9,-3.6,-2.6,-2.4,-1.6,-4.0,-1.0,0.4,0.8,-0.1,-3.2,-4.8,-4.4,-2.7,-1.9,-0.4,-2.7,-1.7,-1.0,-1.9,-2.0,-1.4,-2.0,-3.3,-2.6,-4.1,-6.2,-7.0,-5.0,-5.7,-4.3,-4.1,-5.0,-5.1,-6.5,-8.7,-4.6,-4.0,-6.5,-3.0,-4.8,-1.9,-2.2,-1.0,2.3,-2.3,-0.9,-1.2
2C7L51BAvB,0,48.105085,11.627901,4442285.62,2778172.3,540.4,586.1,266,7353,1.3,0.94,0.25,32.65,348.97,-0.53,-0.103,0.842,-0.5,0.1,-0.36,0.1,1.3,0.1,-0.3,-0.7,0.1,-1.1,-0.3,-0.9,0.8,-2.0,-0.2,-1.8,1.3,-0.0,0.8,-1.1,-0.8,-1.1,-0.9,-2.9,-1.4,-4.3,-4.3,-3.7,-1.5,-2.1,-1.9,-1.2,-1.1,-0.2,0.2,-2.4,-4.3,-7.0,-5.8,-6.8,-4.3,-2.1,-2.1,-1.0,-0.4,0.4,0.2,-0.9,-0.3,-0.9,-1.5,-1.9,-0.5,-1.3,0.2,-0.7,1.0,0.7,1.6,0.3,-0.8,0.0,-0.1,0.2,-0.6,-0.3,0.3,-0.5,1.2,0.4,-0.8,-0.4,-0.6,-0.7,-2.0,0.1,-1.8,-2.2,-0.1,-0.9,0.0,-0.4,-1.5,-1.7,-0.3,-0.4,-1.9,-0.8,-2.0,-1.7,-2.9,-0.9,-1.4,0.6,-4.0,-3.9,-3.3,-2.1,-5.3,-4.3,-1.0,-1.5,-2.7,-3.0,-2.4,-2.2,-1.5,-1.5,-2.7,-0.4,-3.9,-2.9,-3.1,-3.0,-1.9,-2.9,-1.9,-3.0,-1.7,0.0,-1.8,-0.6,-0.5,-2.6,-1.5,-0.7,-0.6,0.7,-0.9,-2.0,-1.3,-1.7,-1.7,-2.1,-1.3,-2.2,-3.3,-3.2,-1.6,-3.8,-2.7,-4.1,-4.0,-3.2,-5.1,-1.2,1.2,-1.0,-1.4,-1.2,-1.2,0.1,0.1,1.8,1.4,-0.2,0.1,0.3,-0.5,-1.0,-1.5,-1.6,-1.6,-1.4,-1.2,-4.0,-1.2,-4.1,-3.7,-2.7,-2.9,-3.3,-2.4,-1.5,-0.1,-1.8,-3.1,-3.7,-4.8,-5.0,-2.6,-1.9,-2.1,-2.8,-1.3,-1.6,-2.0,-2.5,-2.8,-2.7,-3.5,-3.2,-3.4,-5.5,-4.1,-4.0,-5.2,-4.7,-4.9,-4.6,-6.2,-5.0,-6.2,-5.4,-3.6,-5.7,-2.8,-3.9,-2.7,-3.7,-3.2,-0.0,-4.1,-2.2,-3.3
2C7L51BAwi,0,48.105769,11.633227,4442680.68,2778257.05,535.7,581.4,266,7448,4.0,0.64,0.43,32.68,348.97,-0.53,-0.103,0.842,-0.4,0.2,-0.13,0.3,1.9,0.3,-0.3,1.4,-2.4,2.7,-3.5,0.4,-2.8,4.8,0.6,-2.6,0.2,3.3,-2.8,0.0,0.8,2.9,4.7,2.9,-0.5,4.6,0.0,2.8,2.5,7.1,9.0,3.5,3.9,9.7,-3.2,4.7,-1.6,-1.2,-4.1,6.4,3.8,4.6,2.5,3.8,-0.7,11.8,2.8,-0.3,4.4,5.6,2.9,3.0,5.6,-1.0,-1.3,1.5,2.3,4.4,-2.5,-1.2,-1.1,6.5,-2.4,-8.1,-1.8,7.0,-7.7,-4.8,-1.8,2.0,-6.1,-1.3,-0.9,0.0,7.5,-7.1,-3.4,-2.2,-3.3,11.0,-1.1,-4.6,-7.6,2.6,3.2,0.3,4.7,-1.7,0.7,-1.2,1.8,0.4,8.8,11.3,5.4,1.4,3.6,4.0,0.2,-6.0,3.4,-2.3,7.0,4.0,5.7,7.6,5.3,-1.1,5.4,2.5,8.2,0.7,3.5,7.1,7.2,-3.5,9.6,5.4,2.9,-0.5,-3.5,0.4,2.0,3.9,-6.4,-5.4,-7.4,1.3,-3.7,-2.3,-1.2,-0.1,2.2,5.0,3.9,2.9,-0.8,1.7,-5.4,2.9,2.3,0.4,2.8,0.7,-2.0,5.0,5.3,15.6,5.1,4.9,-2.8,2.5,-3.0,1.5,-1.1,1.7,2.2,3.4,-0.0,-0.4,1.1,1.6,-3.0,1.2,3.1,8.0,2.4,-2.9,-9.4,-0.7,3.5,0.1,-0.7,-3.0,-0.8,4.5,3.3,2.0,-5.8,0.9,-8.9,-0.9,-3.0,-1.7,-3.5,-5.0,-1.1,-1.4,-1.3,-1.2,5.1,0.3,-0.7,1.1,5.5,1.6,3.3,-1.3,-0.0,5.4,7.8,3.4,-4.5,4.6,2.2,-7.0,1.9,-9.8,10.6,2.4,-1.1,-0.5,-0.6,-3.7,-4.6
2C7L51BAxU,0,48.106143,11.636138,4442896.64,2778303.36,543.8,589.5,266,7496,3.2,0.78,0.38,32.69,348.97,-0.53,-0.103,0.842,0.1,0.2,0.73,0.25,0.5,0.2,-0.3,5.8,-2.8,1.0,-4.6,-4.9,0.1,-3.6,0.2,-0.9,10.4,2.2,1.0,1.2,-1.4,2.0,-1.8,-2.9,-0.6,-5.1,1.4,-4.4,0.3,0.1,1.5,-1.3,-5.3,2.4,3.6,3.2,-5.4,8.0,-2.9,-7.6,-8.6,1.8,2.6,-4.4,3.2,-1.6,2.2,2.2,1.8,1.9,1.2,1.1,1.1,3.3,1.4,-0.8,1.1,-0.8,3.6,0.8,3.2,1.9,-3.0,1.4,2.2,1.0,1.7,2.1,-1.6,-5.7,-5.3,-8.0,0.3,4.1,0.8,-10.0,-5.2,0.7,-1.8,2.0,1.5,-4.8,-0.3,-0.5,0.1,0.2,1.6,-0.5,0.2,-1.7,-1.1,1.2,-0.7,2.7,-2.6,-3.4,-3.1,0.4,-6.2,-1.4,-3.6,-4.7,1.1,0.8,-2.0,-0.7,0.8,-0.2,-0.3,0.4,1.0,1.7,0.9,-0.1,1.0,-0.0,0.7,1.3,0.4,0.5,-0.8,0.8,-1.0,1.2,-1.0,-0.9,-1.0,-1.1,-2.6,-1.0,-1.6,0.8,2.4,1.5,-1.7,0.7,-4.4,-0.0,-1.4,1.6,-4.1,-4.4,-7.3,0.8,-1.3,0.4,3.0,3.8,-1.2,-1.1,-2.3,-1.4,0.9,-5.4,-1.3,-0.0,-3.9,10.9,-1.4,0.6,-3.0,0.2,-8.5,1.6,-2.7,-0.6,1.6,-1.0,-9.1,-2.9,-7.1,-5.5,2.9,-2.2,0.2,0.7,0.4,0.8,0.6,-2.5,2.2,1.5,-3.6,-7.2,-0.4,-14.6,-1.2,2.2,2.3,3.1,0.9,1.2,0.5,1.9,2.5,-1.1,-0.0,4.1,0.9,5.2,5.4,1.1,8.6,5.1,-1.1,5.0,3.5,-1.4,4.7,0.1,0.0,-1.5,3.7,1.0,0.2
2C7L51BAtR,0,48.104319,11.621795,4441832.56,2778077.19,543.5,589.2,266,7245,2.3,0.85,0.41,32.6,348.93,-0.529,-0.103,0.842,-0.8,0.1,-0.02,0.19,1.3,0.2,-0.3,-1.5,1.8,-0.2,1.8,-1.2,-2.4,-0.2,2.0,1.1,-4.0,-1.2,-1.6,-1.1,-2.5,-4.0,2.8,-8.0,-1.7,-4.8,0.1,-4.6,-4.4,-8.7,-7.9,-5.5,-3.1,-3.1,-0.2,0.3,-6.1,6.2,-8.5,-1.8,-4.9,-14.7,-6.9,-6.1,-4.0,-6.0,-2.4,-4.9,-1.0,-2.1,-4.0,-8.4,-5.0,-5.2,-3.6,-3.9,-1.2,-1.3,-2.7,-3.1,-5.3,-2.9,-4.9,-2.3,-2.2,-2.1,-2.6,-4.2,-1.7,-3.8,-1.4,-5.0,-3.7,-3.1,-5.0,-1.9,-4.8,-4.5,-2.9,-1.7,-4.7,-7.8,-6.9,-7.8,-7.5,-6.1,-7.5,-6.3,-8.1,-6.8,-6.7,-5.0,-4.0,-1.8,-6.5,-5.7,-6.6,-3.7,-3.2,-3.9,-3.2,-4.3,-2.4,-2.3,-6.1,-4.7,-8.5,-2.3,-8.0,-5.0,-5.7,-11.4,-6.4,-6.9,-5.6,-5.8,-3.6,-7.8,-3.1,-3.3,-7.1,-4.7,-5.7,-3.2,-6.7,-3.1,-4.2,-3.0,-4.9,-6.2,-2.7,-3.9,-6.0,-5.4,-8.0,-6.7,-6.0,-7.4,-2.9,-5.3,-6.0,-5.2,-4.3,-3.3,-7.7,-1.8,-1.3,-3.0,-2.4,-2.5,-2.8,-1.0,-1.7,-4.2,-1.4,-2.5,-0.2,-3.1,-1.9,-1.8,-1.5,-4.1,-2.9,-4.7,-6.2,-3.9,-4.7,-6.6,-6.2,-3.0,-6.2,-5.7,-1.5,-6.7,-9.6,-3.9,-6.9,-6.3,-7.0,-4.1,-6.8,-4.3,-3.6,-5.2,-5.2,-10.6,-4.4,-6.0,-5.2,-5.5,-7.0,-4.8,-8.0,-6.5,-5.5,-7.9,-11.0,-9.0,-8.8,-9.4,-11.4,-9.3,-10.0,-7.5,-8.0,-8.5,-11.0,-5.7,-7.5,-9.1,-7.3,-2.6,-5.5,-3.7,-5.6
2C7L51BAul,0,48.104924,11.626498,4442181.51,2778152.04,545.3,591.0,266,7327,4.3,0.64,0.53,32.65,348.97,-0.529,-0.103,0.842,-1.0,0.2,0.13,0.33,1.5,0.3,-0.3,6.3,2.0,-0.8,-2.6,-2.6,-3.1,-13.8,2.8,1.9,0.4,0.7,3.2,1.5,5.2,1.6,-1.8,0.5,1.5,4.2,1.4,1.6,-1.8,-0.5,5.2,1.3,3.1,3.3,2.9,2.2,-2.3,-9.0,-4.6,-7.0,0.8,-0.3,0.9,4.1,3.8,2.6,3.4,13.3,-0.0,2.0,-0.7,-0.1,-1.7,-1.9,4.4,-0.8,2.0,3.0,-4.2,-4.9,-2.4,-1.8,-0.9,-4.5,-5.8,-7.8,-5.5,-2.4,-11.3,3.5,-8.0,-8.9,-5.1,-8.0,-10.1,-11.2,-3.5,-13.5,-7.8,-13.7,-2.7,6.4,1.2,-0.3,1.1,1.7,1.5,-0.4,3.0,3.1,-0.3,4.6,1.7,0.5,0.1,2.7,-3.1,-7.3,-0.9,-7.8,-1.2,-2.7,-0.6,-0.4,0.8,-2.9,0.4,-1.8,-1.0,-0.3,-0.1,-0.8,2.4,-1.7,2.2,-2.3,2.9,1.4,0.5,0.2,0.5,6.1,5.2,8.8,-5.6,1.2,4.8,-16.7,-5.1,-2.0,-1.7,-0.9,-2.2,1.2,-3.9,-12.9,-5.5,-2.1,-2.3,-2.8,-0.6,-5.0,-5.7,-6.2,-8.5,-0.7,1.0,4.5,2.5,-4.4,-2.9,2.5,0.0,-0.7,-1.3,-1.7,-3.0,-6.8,-3.1,-1.5,-4.8,-8.1,-5.0,-0.7,5.6,3.4,-2.8,-8.5,-0.2,-3.3,-8.2,-0.7,8.1,-3.0,-2.9,-1.2,-1.7,-4.2,-4.4,-8.9,-9.0,-8.8,-6.4,-6.3,-7.9,0.6,-6.1,-6.6,-5.9,-4.6,-6.7,-9.1,-6.0,-5.0,-2.4,-0.8,0.3,-4.8,-1.7,-5.3,-4.1,-5.2,-2.5,-0.5,-4.9,-3.2,-0.6,-3.4,-2.2,-15.6,-15.3,-7.9,-2.7,2.1,2.5
2C7L51BAtd,0,48.104413,11.622377,4441875.72,2778088.53,537.6,583.3,266,7257,2.5,0.87,0.36,32.6,348.93,-0.529,-0.103,0.842,-1.0,0.1,-0.51,0.19,0.8,0.2,-0.3,-0.8,-0.3,0.0,4.4,2.4,-1.3,1.6,2.1,3.3,0.0,1.7,2.1,2.3,1.1,0.3,-0.3,-0.4,0.0,-0.1,-0.6,-3.3,-0.1,0.5,-2.0,1.3,4.1,1.7,4.3,-2.5,-5.2,-15.4,-4.6,-4.2,-3.9,-7.7,-2.2,-0.3,-3.0,0.1,0.0,-2.0,-3.6,-0.3,-1.4,-2.3,1.2,-4.4,-2.1,-0.9,-1.4,-1.7,2.0,1.5,-1.3,0.2,-0.2,-0.5,1.4,0.6,-0.1,1.8,2.9,-0.1,0.4,-0.5,3.3,-0.3,0.2,1.2,-0.3,-0.1,1.5,2.3,0.6,0.5,1.9,1.7,1.0,-0.1,0.7,0.3,-0.4,-3.0,-2.6,0.3,-1.0,-3.3,-5.5,1.5,-4.8,-1.6,-0.6,-0.8,2.6,-1.6,6.0,-8.6,-1.6,-1.7,0.9,-0.1,1.2,1.0,1.4,0.4,0.8,1.1,-0.1,-0.3,1.2,-0.3,-1.2,-0.9,-1.0,-1.2,-5.0,-5.0,-3.9,-2.0,-0.6,-2.2,-2.0,-3.6,-1.2,0.1,-3.2,-0.7,-1.1,-2.3,-1.6,-5.2,-0.3,-2.0,-0.5,-3.1,1.1,0.9,-4.4,-1.6,1.9,-1.3,-1.9,-0.5,-2.1,-1.3,-3.6,-4.3,-1.3,-2.3,-2.5,-1.3,-0.3,2.6,0.4,-1.0,-3.0,-2.7,-2.4,-1.4,-3.0,-1.8,-4.6,-2.8,-1.2,-3.0,-0.3,-3.5,-5.6,-0.6,-3.1,-2.1,-6.9,-5.2,-3.5,-6.1,-13.5,-7.6,-2.0,-9.4,-3.7,-2.5,-2.5,-2.2,-3.9,-2.7,-2.2,-4.5,-1.1,-2.0,-6.7,-7.0,-7.6,-4.7,-11.9,-2.4,-2.2,-1.8,-6.6,-4.1,-4.6,-6.9,-4.9,-6.0,-4.4,-4.4,-5.6,-5.5,-4.1
2C7L51BAte,0,48.104419,11.622426,4441879.34,2778089.31,537.2,582.9,266,7258,4.1,0.7,0.43,32.6,348.93,-0.529,-0.103,0.842,-1.0,0.2,-0.38,0.32,0.9,0.3,-0.3,1.2,-0.8,-0.1,-8.1,2.9,0.7,-3.2,1.2,2.8,-11.4,0.2,-5.7,-0.1,8.6,-1.8,-1.5,0.1,-0.3,1.3,-0.2,-2.1,-4.3,1.3,3.3,3.6,9.4,1.4,3.7,3.4,-4.5,-16.2,-3.2,-8.4,-0.3,1.0,2.1,-2.9,-2.5,-0.1,-3.3,-2.6,-5.9,-1.2,-0.8,-8.9,0.2,-12.4,-3.5,-0.9,-6.9,-1.3,-1.9,2.4,-1.0,-0.2,3.8,-0.9,-1.1,-1.1,0.2,1.2,3.4,3.5,1.9,0.3,9.6,-1.6,-1.0,-0.8,-3.9,-1.5,0.1,1.8,4.3,-1.1,1.8,5.8,3.3,-0.1,-1.0,-2.2,-1.6,-8.4,-5.3,-2.4,-4.6,-1.2,-5.1,4.9,-3.6,-3.5,-1.4,-0.9,-2.0,-4.3,-14.2,-15.7,-5.2,-5.3,1.8,0.3,3.6,-2.7,-0.2,-2.1,-0.9,2.7,-0.8,-15.9,-0.7,-7.6,-5.0,-4.8,-2.6,1.6,7.8,-5.7,-1.2,-1.9,-1.3,-0.2,-2.8,-4.9,-3.6,-1.9,-3.9,-0.4,-5.6,-1.6,-17.7,-5.3,-5.1,-4.9,-3.0,-0.0,5.5,-2.3,-5.8,-2.7,-0.3,-5.0,0.1,-4.6,-5.7,-0.0,-0.3,-1.6,-0.0,-1.1,-1.6,-2.8,2.4,0.6,-1.2,-1.7,3.0,-6.5,-4.0,0.5,-3.4,-2.5,-3.7,-6.3,-7.5,-3.8,-0.9,5.6,-6.0,1.5,-4.0,1.5,-8.6,-3.1,0.7,-4.4,-2.1,-18.0,-5.6,-7.3,-11.3,-6.0,-4.1,-4.5,-7.0,-2.6,-3.6,-4.9,-8.1,-5.7,-9.0,-4.5,-10.4,-8.1,-8.1,-6.2,-9.1,-7.9,-7.4,-3.2,-4.4,2.1,-4.8,-3.2,-4.7,-6.0,-4.4,-7.9,-7.8
2C7L51BAuK,0,48.104728,11.624831,4442057.79,2778127.58,536.9,582.6,266,7300,3.4,0.73,0.41,32.64,348.97,-0.529,-0.103,0.842,-1.3,0.2,0.1,0.28,0.5,0.2,-0.3,1.2,1.9,2.1,3.4,1.5,-0.5,2.8,2.2,-0.4,0.4,4.3,2.1,-1.1,1.8,-0.2,0.6,4.7,1.5,5.0,5.4,0.9,4.4,1.6,5.2,6.4,3.3,3.8,1.6,3.6,1.7,-8.5,-0.4,-5.1,6.2,-0.8,1.5,5.9,3.6,3.8,5.9,3.5,1.7,3.3,4.2,3.6,2.2,0.8,1.1,3.2,3.3,0.9,-10.1,6.6,-3.2,3.1,3.8,6.4,3.8,2.9,1.3,1.3,0.9,2.0,-4.6,4.0,-0.3,3.6,2.4,-3.1,5.0,4.2,0.1,5.6,2.0,7.0,5.3,5.3,2.2,3.5,4.2,4.4,-1.6,0.2,6.8,3.7,2.6,4.4,1.8,1.5,3.7,2.8,4.5,1.1,5.1,3.1,5.6,0.6,1.6,2.5,4.0,-0.8,3.2,-1.7,1.1,-0.8,-0.8,-0.0,0.6,1.8,3.0,-4.5,-0.1,0.1,1.5,2.0,-0.1,-0.6,1.4,2.3,2.7,0.7,4.0,5.4,3.9,4.2,-1.4,-1.1,0.2,-2.4,4.5,-0.3,-0.1,-1.1,-0.3,0.2,3.4,-1.5,-4.7,3.9,0.3,4.4,0.2,-3.2,-0.5,-0.4,0.4,0.4,-2.8,-1.9,0.6,-1.9,-1.3,2.1,-0.2,-11.7,-0.8,1.2,-2.8,0.1,1.1,0.2,-9.2,-7.7,-9.6,2.6,-5.8,-10.4,-6.4,-0.2,-5.7,-6.9,-6.5,-1.3,-4.5,-2.0,-2.2,-7.6,-6.0,-13.2,-3.8,-8.9,-4.9,-8.8,0.2,-5.3,6.0,-1.7,1.0,-7.7,-10.2,-15.1,-0.1,7.2,8.6,-2.7,3.9,3.1,1.9,-5.1,2.6,-1.3,4.9,1.0,-0.1,1.4,-1.1,-1.2,-4.2
2C7L51BAuk,0,48.104926,11.626374,4442172.27,2778152.13,542.3,588.0,266,7326,1.6,0.93,0.23,32.65,348.97,-0.529,-0.103,0.842,-0.9,0.1,-0.4,0.12,0.8,0.1,-0.3,1.8,1.3,-1.8,0.2,-1.7,-3.1,-0.2,-0.7,0.6,1.8,1.7,1.9,1.3,2.5,1.3,0.5,0.3,-0.0,0.3,-0.0,-0.8,0.2,-1.9,-1.4,1.2,0.2,0.9,-0.4,-0.7,-4.2,-10.3,-4.8,-5.9,-1.4,-3.7,-1.9,1.1,0.7,0.9,1.2,0.3,-2.1,1.3,-0.2,-0.0,-0.7,-1.6,-1.7,-1.9,-1.2,0.4,-0.5,-0.6,-0.7,-2.3,-0.6,-1.5,-0.9,-1.0,-0.9,-0.9,1.6,0.8,-2.6,-1.2,-0.6,-1.7,0.7,1.1,0.2,-1.1,-2.2,-0.5,2.2,2.1,1.4,-1.4,-0.3,-1.3,-1.0,-0.0,0.8,-0.1,-2.2,-0.6,-0.9,-1.1,-1.6,-1.2,-2.9,-4.5,-3.1,-5.3,-1.0,-2.3,-1.9,-1.0,-1.5,-1.7,-0.7,-1.0,-2.0,-1.6,-0.6,-2.0,-1.6,-1.4,-1.8,-2.1,-1.1,-1.5,-0.8,-1.2,-1.0,0.2,-0.6,-0.1,-1.2,-0.6,0.3,-1.5,-0.4,-0.3,-0.8,0.0,-1.1,1.0,-0.3,-0.9,-2.5,-3.9,-2.2,-3.0,-2.7,-3.0,-4.5,-1.9,-7.8,-0.3,0.8,-0.8,-2.3,-2.9,-1.8,1.1,0.7,-0.6,0.2,0.2,-0.5,-0.7,-2.7,-1.1,-1.3,-1.0,0.6,-2.1,0.1,-0.8,-3.3,-3.5,-0.9,-3.4,-4.6,-3.1,-1.6,-1.8,-1.7,-2.1,-2.0,-4.8,-5.2,-5.2,-4.5,-5.3,-7.0,-4.4,-5.1,-2.6,-6.5,-5.3,-5.6,-4.8,-6.0,-4.9,-3.9,-4.8,-2.8,-4.3,-6.8,-3.9,-4.9,-4.4,-5.1,-6.2,-4.6,-3.6,-5.7,-4.6,-4.0,-4.3,-5.1,-4.8,-3.7,-0.4,-5.2,-3.5,-3.3
2C7L51BAtO,0,48.104345,11.621706,4441825.92,2778079.9,548.0,593.7,266,7242,3.5,0.76,0.46,32.6,348.93,-0.529,-0.103,0.842,-1.4,0.2,0.18,0.27,0.5,0.2,-0.3,4.0,-0.1,-7.0,0.6,-0.9,3.7,2.2,0.3,-8.2,7.1,-3.0,-14.2,9.3,2.2,3.0,-0.0,-0.8,-0.0,-0.4,-4.0,-3.2,0.1,10.1,-3.2,-3.0,2.3,-2.7,4.4,-2.6,-3.3,-9.1,-3.9,-5.4,-4.7,-10.5,-2.5,-1.4,-3.4,-1.9,-0.1,-2.5,-0.7,-0.1,-2.1,-3.7,0.7,0.3,-3.4,-2.2,-1.7,0.2,-3.8,-2.5,-3.7,-0.5,-3.9,0.9,-0.5,-0.1,-1.0,-7.0,-4.2,-3.2,-6.3,-7.0,-11.5,-6.8,-1.9,-0.8,-0.6,-4.5,-2.6,-3.6,-2.0,1.5,-2.7,-4.7,-3.5,-2.2,-5.3,-3.1,-2.7,1.7,-4.4,0.5,-0.8,-0.8,-6.1,1.1,-8.8,-1.6,-3.1,-6.3,-1.5,-1.4,5.1,-14.7,-0.4,0.3,-3.9,-0.1,-2.7,-1.2,-2.1,-3.3,-3.4,-6.1,-4.6,-2.2,-4.6,-6.3,-4.7,-5.0,4.0,2.6,0.6,-6.4,-3.9,-9.7,-5.3,-8.4,-8.0,-5.1,-3.3,-2.3,-0.9,-15.9,-4.2,-4.9,-2.1,-7.0,-1.8,-0.7,-5.3,-2.9,-4.8,-5.3,-8.6,-3.2,-8.1,1.6,-4.0,-0.8,-3.3,-4.6,-7.3,-2.7,-4.1,-10.1,-5.0,-0.8,-6.2,-4.0,-4.2,-4.1,-11.8,-8.3,-6.1,-3.7,-7.7,-4.2,-6.5,-3.0,-2.5,-3.6,-2.4,-3.6,-8.1,-5.3,-3.5,-3.0,-3.7,-11.6,-8.7,-7.6,-7.4,-1.8,-4.4,-9.7,-5.4,4.9,-8.9,-6.8,-7.4,-9.8,-7.4,-15.9,-8.0,-7.4,-6.1,-10.8,-5.5,-6.6,-8.5,-8.6,-5.8,-5.1,-7.8,-9.1,-8.8,-5.3,-4.4,-6.1,-5.9,-7.0,-7.9,-7.1,-8.5
2C7L51BAtc,0,48.104422,11.622306,4441870.39,2778089.46,537.2,582.9,266,7256,4.1,0.56,0.47,32.6,348.93,-0.529,-0.103,0.842,-1.5,0.2,-0.58,0.31,3.7,0.3,-0.3,-1.9,2.8,2.7,4.7,4.4,0.9,3.1,2.9,4.2,0.7,3.7,2.4,3.4,1.5,3.7,2.0,-4.4,-2.6,-7.7,-4.0,-4.3,-1.9,3.3,-3.2,1.4,1.3,1.4,1.4,-5.0,-6.4,-15.5,-9.2,-5.8,-4.7,-10.1,-6.6,-1.8,-6.8,-6.4,-4.4,-5.7,-9.7,4.8,-5.2,-5.7,-5.4,-5.2,-3.7,-3.2,-7.1,-5.4,3.0,-0.9,2.3,-0.8,-0.6,0.7,-0.1,1.9,2.1,1.2,1.2,0.2,2.7,-0.5,-0.7,1.5,-2.0,2.4,4.0,0.1,3.7,5.5,2.0,1.6,-0.4,-1.0,-6.7,-4.5,-7.0,-9.5,6.5,2.4,-2.2,1.6,-3.9,-4.6,-8.2,-1.5,-5.8,3.4,-2.5,-1.3,-0.0,-4.1,1.2,-4.5,-3.7,-4.6,-4.5,-3.0,9.0,-3.4,-5.1,-0.5,-1.0,-1.8,-3.5,-2.9,-0.4,-2.2,-1.1,-2.4,-4.0,-3.1,-3.6,-3.7,-3.9,-1.3,1.1,-0.2,0.0,-1.6,-0.9,-2.0,-5.9,-0.9,0.3,-5.0,-4.7,-5.6,0.2,-2.5,-2.3,-7.3,-4.8,-7.6,-5.8,-2.4,0.8,-1.5,-4.2,0.1,-1.3,-1.0,-1.1,-2.8,-0.5,-2.1,-4.1,-1.6,10.1,-1.8,-1.9,-3.2,-2.9,3.8,10.1,-4.1,-11.7,-13.0,-10.9,-8.1,-15.6,-12.4,-12.9,-14.2,-16.6,-13.7,-13.5,-11.0,-13.0,-11.8,-14.4,-11.0,-4.1,-3.5,-2.1,-12.3,-3.1,-5.2,-2.9,-0.1,-0.4,-0.7,-1.4,-8.9,-9.0,-8.6,-13.9,-12.1,-12.9,-4.9,-12.9,-11.0,1.4,-3.6,-16.7,-15.0,-18.5,-18.2,-8.2,-8.8,1.6,-1.4,0.7,0.2,1.7
2C7L51BAuO,0,48.104806,11.625296,4442092.21,2778137.01,550.1,595.8,266,7304,2.2,0.89,0.35,32.64,348.97,-0.529,-0.103,0.842,-0.8,0.1,-0.08,0.16,0.7,0.1,-0.3,-2.3,-1.4,2.0,-0.4,-1.1,3.1,-0.0,0.1,0.6,3.9,0.7,0.8,-0.4,-1.5,-2.9,-2.8,-2.3,-3.2,-3.1,-3.8,-4.6,-2.2,-3.9,0.4,1.5,0.2,0.5,0.2,-1.0,-4.9,-5.5,0.6,-8.7,-6.8,-2.0,-1.7,4.9,1.0,4.7,-1.0,0.4,-0.5,-1.9,-1.8,0.6,-6.8,-1.8,-4.0,-0.8,-1.7,0.8,-1.1,-0.3,1.4,0.8,-2.8,1.0,-1.6,-1.7,-1.1,-0.8,1.0,-2.8,-2.2,-2.7,0.9,-0.5,-7.3,-1.9,-1.8,0.5,-2.3,-3.0,-1.4,-1.5,-6.4,-2.4,-2.4,-2.9,-4.6,-1.7,-1.9,-4.9,-3.8,-3.8,-3.0,-3.2,-2.8,-1.7,-4.8,-2.4,-3.9,-2.3,-3.0,-0.3,-0.5,-1.5,-1.9,-0.1,-1.0,-3.4,-5.1,-0.1,-1.5,-3.9,0.8,-0.3,-3.4,-3.1,-1.4,-1.0,-2.0,-2.3,-1.4,-4.2,-1.0,-1.6,-0.9,0.2,-1.8,3.5,-1.2,-1.7,-2.7,-4.0,-2.4,-0.9,-4.1,-2.0,-2.9,-2.5,-1.4,-0.3,-3.1,-4.1,-4.2,-2.7,-3.2,-0.2,-2.3,-1.2,-1.9,-1.2,-3.8,0.6,-2.3,-1.6,-0.4,-2.0,-2.9,-2.5,-4.2,-3.1,-5.1,-2.2,-4.8,-2.8,-0.7,-2.8,-4.3,-3.0,0.5,-2.6,-2.1,-4.1,-1.5,-3.9,-5.2,-3.7,-1.7,-3.3,-4.2,-4.6,-0.3,-2.1,-6.1,-4.1,-3.3,-17.1,-3.9,-4.9,-2.4,-3.8,-3.1,-3.9,-2.2,-6.3,-5.2,-3.7,-5.8,-9.6,-3.0,-4.0,-4.2,-5.0,-2.2,-2.6,-3.0,-6.3,-4.1,-4.6,-3.2,-7.1,-2.6,0.5,-3.9,-4.6,-6.5
2C7L51BAv8,0,48.105121,11.627749,4442274.18,2778176.06,542.6,588.3,266,7350,2.8,0.71,0.39,32.65,348.97,-0.53,-0.103,0.842,-1.0,0.1,-0.5,0.22,2.9,0.2,-0.3,0.7,-0.8,-1.9,0.9,-1.7,3.7,-2.6,-1.8,-5.3,6.2,-1.4,3.5,-5.8,-2.7,-3.2,-3.1,-1.9,-5.5,-6.5,-6.0,-3.1,-2.1,-4.8,-5.5,-0.9,-3.6,0.9,-6.3,-3.7,-3.4,-8.8,-4.5,-7.4,-7.3,-2.0,-0.5,-0.7,-0.5,2.7,0.4,0.0,-1.8,0.6,-0.2,0.4,-1.0,-2.5,-3.8,0.9,1.7,0.5,6.6,3.8,3.5,5.7,4.4,2.6,2.3,2.7,3.3,2.2,4.6,3.3,1.4,5.5,3.2,2.9,-1.8,-1.3,-2.2,2.6,2.0,3.4,-4.1,2.5,-1.2,-0.4,-1.3,-1.3,-2.5,-4.5,-0.8,-4.2,-5.2,-3.8,-2.1,-2.8,-5.2,-5.4,-5.8,2.4,-4.3,-6.1,-3.9,-5.1,-1.8,-1.0,-2.0,-0.8,3.1,-1.2,-0.4,-0.4,0.7,-1.4,0.3,0.6,0.9,-4.0,1.1,-0.1,0.4,1.9,-0.3,0.9,0.7,-1.8,-1.5,2.0,0.9,7.4,0.2,-1.3,-3.5,-2.3,-0.3,-2.9,-1.7,-2.5,-4.7,-5.0,-5.6,-4.2,-3.3,-6.9,-4.6,-4.1,-10.8,0.1,-3.2,-6.4,-2.9,-2.6,0.5,2.2,2.1,6.2,1.5,-3.9,-2.0,-5.4,-2.6,-8.5,2.3,-5.9,-8.1,-2.3,-8.5,-3.8,-2.8,-3.2,-4.0,-7.2,-9.1,-7.3,-2.0,-7.2,-7.1,-4.3,-2.8,-2.5,-7.6,-8.7,-8.2,-2.8,3.1,3.1,-2.6,1.6,-5.6,-2.7,-7.7,-7.4,-7.1,-5.8,-3.0,-6.2,-4.9,-6.6,-8.9,-11.6,-7.9,-8.1,-5.4,-0.8,-7.2,-3.5,-5.2,-7.1,-1.6,-12.9,3.7,-3.2,-13.8,2.1,2.0,-2.0,0.9
2C7L51BAvF,0,48.10515,11.62797,4442290.62,2778179.6,534.0,579.7,266,7357,2.1,0.88,0.36,32.65,348.97,-0.53,-0.103,0.842,-0.5,0.1,-0.43,0.16,1.0,0.1,-0.3,-1.2,3.5,2.0,0.1,-0.2,-0.0,1.7,-0.2,1.3,-0.6,2.1,1.4,2.8,1.3,1.2,-0.5,0.5,-1.6,2.4,-2.2,-0.2,-0.4,2.6,0.3,1.9,1.9,2.8,2.6,-1.5,-6.8,-1.6,-3.6,0.7,-7.8,1.0,-1.2,-8.3,-1.5,0.2,-1.9,3.8,1.5,0.5,-0.8,-2.1,-1.3,-2.3,-1.9,-0.1,-1.1,1.2,-0.5,-1.6,-3.0,-0.6,-0.7,-0.4,0.6,-1.9,-2.0,-3.2,-1.6,0.8,-1.8,-0.5,-1.1,-3.6,3.1,1.7,4.4,1.3,3.3,0.7,1.8,2.7,0.8,0.3,1.3,2.0,0.6,1.1,-0.2,0.8,0.1,2.6,-0.1,0.9,-0.0,-2.2,-0.8,-4.4,-5.5,-4.4,-0.2,0.9,1.0,-1.2,2.1,1.8,0.8,-3.0,-0.1,-2.5,1.8,-1.5,-0.4,0.3,-0.2,-0.2,0.2,-2.5,1.7,-0.0,3.4,-0.8,-1.2,0.9,0.8,-3.5,1.1,0.1,1.7,4.1,2.0,0.9,2.3,1.8,0.0,-1.6,-1.7,0.1,-0.9,-2.5,-0.8,-5.0,0.6,-0.2,-10.8,-0.9,1.9,-1.3,-0.1,0.1,0.1,1.7,1.9,0.3,-1.6,-1.1,-1.4,3.6,0.6,-3.9,0.3,-1.6,-1.3,0.8,-0.2,3.7,3.1,-0.2,-1.8,-2.4,-3.6,-4.2,-1.6,-2.5,-2.1,-0.5,-1.7,-1.9,-3.6,-4.4,-3.8,-4.2,-2.5,-1.9,-3.6,0.8,-3.5,-1.5,-2.4,-2.2,-0.7,-3.0,0.4,-4.2,-1.1,-1.5,-4.2,-4.9,4.3,-2.1,-5.9,-1.7,-5.8,-2.7,-3.2,-3.6,-1.2,-5.6,-0.7,-2.5,-2.8,0.1,-2.7,-4.0,-2.5
2C7L51BAvM,0,48.105212,11.628455,4442326.58,2778187.31,536.4,582.1,266,7364,1.5,0.93,0.37,32.66,348.97,-0.53,-0.103,0.842,-0.8,0.1,-0.38,0.11,1.2,0.1,-0.3,-0.3,-1.6,-0.7,-0.6,-0.7,0.3,-0.3,0.8,0.8,3.1,0.7,2.7,-1.1,-3.0,-1.4,-1.9,3.2,-1.4,-2.5,-3.2,-4.5,-1.0,-1.1,-0.1,0.5,-0.1,0.7,-0.2,-1.8,-3.6,-6.2,-4.4,-6.0,-4.8,0.8,-3.7,-1.7,-0.9,-0.7,-1.2,-1.2,-0.9,-2.3,-0.5,-3.1,-0.0,-0.1,-2.1,-0.4,-1.7,-0.7,0.2,-0.6,-0.1,0.3,0.0,-0.1,-0.5,0.1,-0.2,1.2,0.4,3.8,-0.4,0.3,0.5,-0.1,1.3,-1.0,0.8,1.1,1.2,0.4,1.2,-0.9,0.1,-1.7,-2.4,-3.9,0.8,-2.9,-1.1,-2.6,-0.6,-1.8,-0.3,-2.1,-1.5,0.3,-3.0,-3.0,-6.0,-3.3,-2.5,-3.3,-1.1,0.0,-0.4,-5.8,1.8,-4.5,-0.6,-3.3,-2.7,-4.2,1.1,-2.1,-1.4,-2.1,-0.9,-2.2,-2.0,-0.4,-2.1,-1.6,-1.2,-2.6,-3.5,-2.2,-0.9,-0.2,-1.3,-1.1,-2.1,0.3,-0.7,-0.5,-2.3,-1.9,-3.6,-3.8,-3.2,-1.6,-3.3,-3.3,-1.8,-2.7,-6.5,-1.3,0.3,-1.7,-3.5,-3.0,-2.6,-1.9,-1.7,0.8,-1.0,-2.8,-0.9,-1.5,-0.0,-1.3,-0.7,-1.3,-2.3,-2.6,-2.5,-3.6,-4.6,-2.4,-2.9,-0.6,-5.9,-4.9,-3.8,-2.3,-2.2,-3.9,-4.8,-4.2,-6.2,-5.2,-3.8,-3.8,-3.7,-1.9,-2.4,-0.8,-3.5,-2.7,-3.5,-4.4,-3.2,-3.4,-3.5,-5.2,-3.4,-3.6,-8.9,-6.4,-3.6,-5.7,-7.0,-4.2,-6.5,-6.0,-6.6,-6.9,-6.3,-3.3,-4.3,-4.4,-3.9,-3.0,-3.7,-3.9,-3.8
2C7L51BAyG,0,48.10654,11.638798,4443093.82,2778351.87,541.8,587.5,266,7544,4.2,0.6,0.45,32.7,348.97,-0.53,-0.103,0.841,0.3,0.2,-0.19,0.32,2.4,0.3,-0.3,-0.2,-1.6,1.1,0.4,-4.6,9.4,-5.0,-7.6,-0.2,0.8,-1.8,9.3,0.3,-9.5,-0.3,-3.9,-5.7,5.0,0.7,-9.1,-5.5,-4.0,-3.4,-3.3,-1.5,-2.7,-0.9,-0.5,-1.4,-8.9,-4.0,-5.2,-6.6,-10.4,-2.5,-8.8,-3.1,-11.2,-6.7,-6.3,-3.7,-1.9,0.5,-4.4,-6.7,-2.1,-2.1,-7.1,-0.7,-1.2,-1.2,-1.6,-1.6,3.2,1.7,3.1,1.8,-3.3,4.7,-0.4,4.0,4.7,1.7,3.7,-1.9,2.8,1.2,-2.0,3.3,0.3,3.2,3.1,4.2,6.2,8.0,1.4,3.2,0.9,2.5,3.9,-0.1,5.1,-5.3,-2.4,-9.5,-1.1,-6.6,-9.5,-9.2,-6.8,-8.4,-7.9,-7.9,-4.9,-10.6,10.4,-5.0,-1.1,-9.1,-0.9,-7.8,-4.1,-2.6,-2.5,-2.9,-5.4,-5.5,-7.4,-4.1,-4.8,-3.1,-5.3,-3.1,-3.8,-1.8,0.8,-6.3,-5.3,5.4,-5.5,16.4,-6.5,-3.9,-8.2,-5.8,-7.6,8.2,-3.9,-4.5,-7.9,-5.4,2.4,-0.8,-0.3,-8.1,-8.6,-5.9,2.9,1.1,3.5,0.7,-4.2,-2.6,-2.2,3.8,4.2,3.4,0.8,0.7,0.1,5.5,4.0,0.6,-1.3,0.2,2.7,-0.2,-0.7,0.5,-1.8,-5.5,-10.2,-1.5,-4.1,-2.3,2.6,4.9,-1.6,2.0,-0.1,0.6,1.9,-2.5,-2.3,-1.6,-1.9,-4.6,-3.9,-1.6,1.4,-0.1,1.1,-2.2,-0.2,-1.8,-3.4,9.3,2.1,-6.4,-11.0,-5.1,-4.2,-3.4,-2.7,-1.2,-1.3,-5.0,-2.8,-2.8,2.6,7.1,6.5,0.1,-1.5,-2.5,-6.5,-5.7,-3.8
2C7L51BRx4,0,48.104681,11.624174,4442008.98,2778121.22,556.2,601.9,267,7282,2.4,0.82,0.31,32.63,348.97,-0.529,-0.103,0.842,-0.4,0.1,-0.45,0.18,2.0,0.2,-0.3,1.0,-0.4,-4.2,1.2,-4.2,3.7,-2.1,1.5,-1.4,1.9,4.8,2.3,-2.1,-0.4,-1.8,-1.6,-5.0,-4.8,-3.4,-3.9,-3.3,-4.0,-0.9,-7.4,-2.2,-3.3,-0.7,2.0,-4.4,-9.2,-12.5,-10.5,-8.1,-7.2,-4.8,-5.9,-3.7,0.3,-3.2,-1.1,-2.4,1.9,-3.1,-4.3,-2.3,-2.8,1.2,-0.2,-0.8,1.3,0.8,0.7,0.2,0.6,-1.0,-2.2,-0.2,0.3,-0.4,-0.3,0.3,-0.1,-0.4,0.1,0.1,1.5,0.3,2.4,1.3,0.5,1.4,-2.7,1.7,-0.2,-3.4,-3.4,-4.0,-2.9,-4.8,-6.7,-3.4,-8.0,-3.5,-5.0,-1.2,-5.9,-2.6,-8.8,-5.4,-6.0,-4.9,-0.1,-3.0,-1.9,-2.7,1.6,0.8,-6.3,-6.1,-1.1,-3.2,-5.5,-3.3,-3.3,-6.9,-4.3,2.0,-0.2,-3.7,-1.4,-1.3,-0.8,1.5,1.2,2.9,0.7,1.0,1.2,-1.6,2.2,2.2,-0.2,-0.7,-3.4,-2.1,-2.3,0.9,-3.0,-2.4,-4.6,-2.7,-2.7,0.5,-3.6,-3.7,-5.1,-5.1,-5.7,-1.6,1.4,0.4,-0.4,-0.4,-0.7,0.3,0.7,-6.9,1.5,-0.7,-2.3,-1.2,-4.8,-3.5,-5.6,-4.2,-4.3,-2.5,-0.5,-0.3,-2.2,-5.8,0.5,-1.6,-0.3,-3.1,0.4,-2.7,-11.5,-3.4,-2.7,-5.5,-7.3,-0.9,-0.2,-2.4,-3.3,-2.4,-2.1,-0.2,-2.9,-4.1,-1.6,-4.4,-4.8,-3.7,-4.2,-2.5,-7.0,-6.4,-10.1,-3.6,-3.1,-4.1,-4.9,-5.0,-5.0,-5.0,-5.0,-2.6,-4.9,-3.7,-3.9,-3.9,-3.1,-2.5,-1.7,-5.1,-3.2
2C7L51BRxH,0,48.104768,11.624857,4442059.6,2778132.08,552.7,598.4,267,7295,4.3,0.62,0.42,32.64,348.97,-0.529,-0.103,0.842,-0.6,0.2,-0.46,0.33,3.1,0.3,-0.3,-0.1,2.3,-3.7,0.7,0.5,2.7,1.8,0.6,-0.9,-5.3,0.3,4.1,-6.9,-0.5,-5.5,-6.0,-4.8,-6.2,-6.1,-4.4,-10.7,-8.4,-2.4,-8.0,-3.1,-5.0,-2.9,0.2,-1.9,-6.1,-16.6,-12.0,-10.9,-10.4,-11.6,-4.8,-0.1,5.2,-5.4,-2.3,2.4,2.6,-0.6,-1.5,0.2,-21.7,2.4,4.9,0.5,-0.7,1.2,-1.0,-2.2,0.1,-1.6,0.2,4.2,3.7,0.7,2.4,3.7,3.3,-0.7,-0.5,0.9,3.6,1.4,-9.9,4.8,3.2,6.2,4.3,3.1,3.9,5.0,-2.5,0.6,1.7,2.4,-6.2,1.3,-15.4,-21.3,-6.8,-2.1,-5.8,3.0,-6.6,-6.3,-12.9,-4.5,-1.3,-23.2,-5.3,-9.0,-2.0,0.8,-4.2,-5.5,-4.4,2.3,-2.0,-3.5,-2.7,-8.2,-5.6,-3.6,2.1,-8.3,-5.9,-5.5,0.8,-1.4,3.1,2.6,-1.4,-0.7,-1.6,-3.1,0.1,-0.2,-3.5,-0.4,-1.8,-4.5,-5.5,0.1,-0.6,-5.7,-8.5,-7.0,-7.6,-6.0,-5.8,-3.6,-4.3,-4.6,-11.7,-7.7,1.2,-1.6,1.1,-4.0,-3.2,-1.9,-1.1,-2.7,-1.7,0.4,4.6,-2.1,-0.7,-4.6,-4.5,-8.5,2.7,-3.5,2.4,-1.8,-0.5,-6.8,-4.3,-6.0,-10.5,-8.3,2.9,-1.8,-6.7,-0.4,-0.6,-5.7,-9.1,-11.6,-2.5,-2.0,-2.6,-3.1,-2.5,-6.7,-2.8,-5.9,-4.0,-4.7,-5.3,-5.0,-7.4,-2.2,-4.7,-6.9,-9.1,-3.0,-11.4,-7.8,-17.4,-1.5,-15.6,-4.0,-9.8,-1.2,-5.3,-0.8,-1.9,-1.5,-4.7,-2.6,-2.7,-5.2,-4.2
2C7L51BRxP,0,48.104816,11.625227,4442087.1,2778137.98,549.8,595.5,267,7303,3.6,0.73,0.47,32.64,348.97,-0.529,-0.103,0.842,-0.4,0.2,-0.02,0.27,0.5,0.2,-0.3,-1.1,0.9,2.4,0.7,6.8,-3.9,-0.4,2.9,3.8,1.9,1.9,4.9,2.3,-0.3,-3.6,-4.8,0.7,-0.2,-3.9,0.3,-1.5,0.0,0.4,3.3,4.4,3.5,4.0,-0.4,-1.6,-2.8,-4.2,2.4,-6.4,-4.8,-3.8,2.4,6.9,4.5,5.2,2.7,2.1,1.1,2.1,4.1,5.6,-0.2,-0.7,4.0,-3.2,-3.1,3.0,-4.9,3.9,-11.3,2.1,-6.0,4.7,-14.3,-2.0,5.1,-3.0,4.9,2.0,1.8,-2.8,-6.1,4.5,-4.2,1.1,8.0,4.3,3.8,-0.3,3.4,3.2,-1.7,-2.8,5.8,1.4,1.0,-0.2,1.2,-1.9,-1.6,2.5,-0.1,4.3,2.7,3.8,-4.7,-2.1,-4.1,-0.5,-3.5,0.4,1.4,0.9,-0.3,-3.4,0.0,0.8,0.4,0.4,1.9,3.3,0.9,1.6,1.4,-0.9,-1.7,0.6,-0.1,-1.3,-0.6,3.8,-0.8,0.4,-7.4,1.5,1.9,2.4,2.9,0.3,1.4,9.5,1.2,3.1,-1.9,-2.7,6.1,-2.0,-0.1,-3.3,-8.3,0.1,-2.9,0.3,0.3,1.6,-0.4,-1.4,1.4,0.6,3.6,5.3,-0.1,0.7,-8.3,-5.1,-2.9,-1.8,0.1,-2.5,4.6,6.5,-3.6,-5.8,-0.3,-3.4,-2.0,2.6,7.4,-0.9,-1.3,3.5,-1.0,2.9,-5.3,-1.0,-3.1,-4.6,0.7,-7.1,-3.9,0.5,0.1,-5.6,-2.2,-7.9,-1.4,1.3,2.9,-4.1,-5.6,2.3,-0.0,-5.2,-0.8,0.6,8.2,0.8,-5.0,1.3,-3.3,1.5,3.6,2.2,-5.2,-3.6,1.6,-1.0,-0.3,-1.5,-1.7,1.6,3.2,-1.6,-5.4
2C7L51BRyB,0,48.105145,11.62779,4442277.22,2778178.78,542.1,587.8,267,7351,1.9,0.79,0.46,32.65,348.97,-0.53,-0.103,0.842,-0.5,0.1,-0.33,0.15,3.2,0.1,-0.3,1.5,0.5,-0.9,0.6,0.0,2.3,-1.0,0.1,-2.4,3.6,0.6,3.9,-0.4,-2.4,-3.1,-2.5,-2.1,-4.5,-6.4,-7.0,-6.9,-4.1,-5.2,-5.4,-1.7,-5.2,-2.3,-5.2,-4.7,-5.9,-8.8,-7.7,-8.8,-7.0,-4.5,-3.8,-1.3,0.9,1.2,-1.3,-1.7,-2.1,-1.2,-2.7,-2.0,-2.4,-2.1,-0.3,-0.9,0.7,0.7,2.5,1.5,1.6,1.9,2.5,1.6,1.1,3.0,2.5,1.7,2.0,2.3,1.8,3.4,2.5,1.7,0.4,-1.3,0.3,1.9,1.4,1.6,2.1,1.7,-1.3,-1.2,-1.6,-2.5,-4.1,-3.0,-2.9,-2.8,-4.5,-3.9,-3.0,-2.5,-6.7,-5.6,-4.4,0.0,-4.8,-3.8,-2.0,-3.9,-1.1,-1.4,-2.6,-2.6,1.2,-3.1,-1.1,-1.3,-1.9,-1.1,-1.1,-0.1,0.5,-0.7,0.7,-0.5,1.2,0.9,0.4,1.1,0.9,-0.5,-0.2,2.7,1.4,3.9,1.0,0.7,1.0,1.4,-0.1,-2.3,-2.2,-3.1,-6.1,-5.2,-3.4,-4.3,-3.5,-6.6,-5.7,-4.6,-10.8,2.0,-2.5,-2.5,-2.3,-1.9,-0.6,2.4,2.3,1.4,-0.1,-0.5,-0.9,-1.5,-1.9,-0.1,0.1,-1.9,-1.1,-1.6,-2.7,-5.5,-1.8,-6.3,-7.0,-1.7,-8.8,-6.2,-1.6,-6.2,-5.1,-4.3,-3.9,-4.8,-6.7,-5.4,-3.5,-1.0,1.4,0.5,-2.0,-1.9,-2.4,-3.9,-5.0,-2.5,-1.5,-4.0,-3.5,-5.4,-6.5,-7.6,-6.9,-5.5,-4.2,-7.0,-7.5,-4.6,-7.4,-0.9,-2.7,-7.6,-3.0,4.5,-3.5,-2.5,-0.1,5.8,2.4,-0.6,1.4
2C7L51BRyG,0,48.105171,11.627987,4442291.84,2778181.92,538.2,583.9,267,7356,3.3,0.71,0.43,32.65,348.97,-0.53,-0.103,0.842,-0.7,0.2,-0.35,0.26,2.6,0.2,-0.3,-0.5,-1.1,-2.9,1.4,-2.1,2.6,1.1,-1.3,-2.6,11.4,1.9,-0.1,-1.8,-1.4,-3.1,-3.9,-3.2,-1.8,-6.1,-8.7,-6.5,-2.2,-5.1,-5.8,-2.9,-5.1,-0.6,-1.0,-3.1,6.9,-8.8,-6.5,-3.5,-2.7,3.0,-5.4,0.9,2.1,3.0,-2.4,0.2,-4.4,-1.9,-6.6,-2.7,1.1,1.6,0.4,-0.3,2.7,3.4,6.4,2.3,1.5,0.1,2.3,0.7,1.0,0.6,2.2,1.0,5.2,4.3,1.3,-3.4,0.5,2.5,0.3,4.2,0.6,1.6,0.5,2.5,2.2,1.8,0.7,1.2,-1.0,0.5,0.5,0.3,-1.6,-4.3,-7.8,-2.6,-4.6,2.8,-4.6,-2.2,0.0,-2.5,-8.5,-1.7,1.0,-1.6,-0.7,-3.9,-3.1,-2.7,-3.2,2.4,-3.1,1.1,-1.1,-1.3,-0.5,-0.7,-0.1,-1.7,0.1,-1.2,1.0,-4.2,-1.3,3.4,0.0,-2.1,1.0,-0.4,1.7,5.3,2.4,1.2,1.2,-1.8,-2.5,-5.7,-2.3,-4.3,-8.7,-2.8,-0.7,-5.6,-3.8,-3.6,-6.5,-10.2,0.9,-0.6,-5.1,1.5,-2.3,0.1,-1.2,-2.3,1.3,6.2,5.0,2.0,-1.8,5.0,-3.4,4.1,0.4,4.1,0.7,1.0,-8.3,-4.4,0.1,-2.3,-3.8,-9.4,-17.8,-5.6,-1.3,-5.9,-2.5,-2.4,-4.5,-3.6,-4.3,1.8,-8.8,-11.9,-6.0,-4.2,-4.4,2.3,-3.5,-2.0,-3.2,0.1,-2.0,-2.3,-7.1,-7.8,-3.7,-11.3,-6.6,-2.7,-1.5,-7.0,-3.8,-8.8,-10.6,1.8,-4.6,-10.4,-1.1,-4.0,-1.3,-0.8,-0.3,12.9,0.3,1.1,-2.5
2C7L51BS1F,0,48.106563,11.638839,4443096.82,2778354.56,551.7,597.4,267,7541,1.8,0.91,0.35,32.7,348.97,-0.53,-0.103,0.841,-0.6,0.1,-0.22,0.14,0.6,0.1,-0.3,-1.3,-1.0,-0.9,-0.5,-1.9,0.8,0.2,-0.8,-5.0,-1.5,-0.8,-0.3,-0.5,2.0,-0.0,-0.9,2.3,0.3,1.7,-0.4,-2.5,-2.6,-2.8,-0.6,-1.5,-2.3,-2.9,-4.4,-5.6,-0.7,0.1,-2.0,-2.7,0.1,-0.0,0.6,-2.2,4.6,-2.7,-2.8,4.4,0.9,-0.5,0.3,-4.5,-2.2,-1.2,-4.7,-0.4,-1.3,-0.3,-1.5,-0.8,-0.1,-0.4,-1.4,-0.1,0.5,0.8,-1.8,-1.9,-1.9,-2.1,-0.0,-2.9,1.1,-1.1,0.7,-0.5,0.6,-2.1,-1.9,0.7,-3.0,-1.5,0.1,-2.5,-1.9,-3.3,-3.3,-2.2,-4.4,-1.8,-3.0,-2.6,-3.6,-2.2,-5.5,-2.4,-3.4,-3.5,-4.7,-3.3,-2.0,-1.9,-0.2,0.2,0.8,2.0,0.2,-0.3,-1.0,-1.5,1.2,-0.3,-1.2,-1.0,-2.4,0.8,0.7,-1.6,-2.0,-2.3,-2.0,-2.6,-3.1,-3.6,-3.2,-3.5,-1.5,-1.0,-4.0,-2.0,-1.6,-0.5,-1.0,-3.6,-2.6,-1.6,-3.1,-0.9,1.4,-1.4,0.9,-5.5,-4.8,-5.2,-1.7,0.7,0.4,-1.8,-3.8,-4.3,-1.1,-1.7,-1.3,-0.7,-1.8,-1.8,1.9,-4.3,-0.9,0.4,-0.4,0.4,-2.7,-1.5,-2.0,-1.1,-0.5,-3.4,-10.6,-4.4,-4.9,-2.4,-0.2,-0.1,-2.2,-1.5,-1.6,-1.7,-2.7,-2.2,-2.6,-3.7,-1.7,-2.8,-1.5,-1.8,-1.7,-2.0,-5.2,-2.8,-4.4,-5.3,-0.8,-7.4,-4.3,-4.8,-7.0,-6.9,-5.5,-4.7,-3.1,-1.6,-4.4,-0.6,-4.0,-2.1,-0.4,-0.8,-6.9,-4.6,-4.5,-4.2,-5.7,-5.5,-4.2
2C7L51BRwX,0,48.104409,11.621913,4441841.2,2778087.33,539.8,585.5,267,7249,3.4,0.72,0.38,32.6,348.93,-0.529,-0.103,0.842,-0.1,0.2,0.69,0.27,0.9,0.2,-0.3,-0.9,-0.4,-1.8,-2.0,0.2,2.1,-0.9,-1.2,-2.0,-3.0,-0.8,1.1,-3.9,-0.0,-2.6,-4.2,-4.1,-4.1,-5.1,-5.5,-1.4,-2.4,0.4,-1.4,-2.0,-2.8,-0.3,1.0,-2.9,-5.4,-21.7,-5.8,-8.6,-6.7,-10.4,-9.5,-6.0,-4.5,-1.7,-2.0,-1.2,-5.3,-5.3,-5.9,-4.1,-6.5,-6.7,-5.1,-5.8,-6.7,-4.9,-5.5,-5.0,-4.8,-6.8,-6.1,-6.2,-5.7,-5.8,-3.4,-6.6,-5.9,-11.3,-5.9,4.9,2.6,-4.2,-8.3,-7.4,-4.7,-11.1,-8.9,-2.3,-11.4,-5.0,-9.5,-9.5,-0.9,-2.5,-6.7,-7.0,-1.7,-2.8,-3.3,-2.0,-6.7,-7.5,-5.9,-9.3,-6.8,-7.0,-10.7,-14.9,-8.4,-9.1,-1.0,-9.3,-6.9,-4.8,-0.8,-5.4,-6.4,-12.2,-2.0,-4.3,-2.1,-0.7,1.2,-3.4,-5.1,-4.1,-3.9,-3.7,-5.6,-2.4,-11.5,-9.3,-7.2,-7.2,-4.4,-6.3,-6.7,-5.1,-6.1,-4.2,-6.1,-14.8,-13.5,-8.7,-10.6,-11.9,-6.8,-0.5,-5.4,-6.7,-10.7,-6.6,-7.8,-3.1,-3.5,1.7,-4.0,-2.3,-5.0,-2.3,-2.5,-0.9,2.2,-7.4,-4.0,-4.6,-4.1,-5.8,-5.7,-2.8,-3.4,-1.5,-1.2,-5.4,-9.5,-6.2,-3.7,1.0,4.1,2.3,-0.8,-4.8,-7.1,-2.7,-5.0,-5.2,-4.7,-3.8,-5.2,-2.4,-7.1,-6.2,-2.5,-0.2,-3.3,-2.9,-3.8,-1.8,-3.4,-3.1,-9.6,-5.2,-3.7,-8.5,-7.8,-2.4,-3.3,-16.3,-5.2,-6.1,-0.9,-9.8,-10.8,-3.6,-7.0,-0.7,-8.9,-2.5,-1.9,-2.3,1.5,-10.8,-6.6
2C7L51BRx2,0,48.104689,11.624098,4442003.28,2778122.06,558.3,604.0,267,7280,4.0,0.73,0.52,32.63,348.97,-0.529,-0.103,0.842,-0.5,0.2,-0.37,0.31,1.1,0.3,-0.3,-2.7,-1.6,-4.3,-0.9,-1.2,1.5,-2.3,2.7,-0.9,-0.1,0.3,0.8,-5.3,-2.3,-4.8,-1.3,5.0,-2.6,-5.3,-17.3,-1.1,-2.2,-1.3,10.3,0.2,3.0,0.8,2.0,-1.2,-1.2,-16.1,-4.1,-3.0,-6.8,-3.5,-4.2,-1.4,3.4,-2.2,4.9,0.2,1.5,-14.0,-1.0,-7.8,-2.1,-1.6,-0.0,-0.5,1.5,-2.7,-1.0,-1.2,-3.1,0.5,5.4,-1.8,-0.7,0.1,2.1,-0.4,-0.3,3.5,-3.2,-1.3,-2.0,-0.7,-0.7,0.0,-4.1,1.2,-5.2,0.4,-2.6,-3.7,-3.9,-2.5,-2.5,-4.3,-4.4,-11.5,-9.4,-14.6,-0.4,1.8,1.5,-2.6,-8.5,2.9,-11.4,-12.5,1.7,-1.6,-0.5,-2.6,1.2,-0.7,-3.9,-2.5,1.8,-1.7,-16.1,-6.5,-1.1,-2.8,-1.8,-4.7,-2.4,-5.5,-4.4,-4.2,-3.3,-2.3,-5.6,-2.5,-0.4,0.7,-1.3,-2.2,2.2,2.6,-4.2,0.8,-4.6,-2.2,-3.5,3.1,-0.7,-4.8,-0.0,-2.3,-2.6,-4.2,-4.1,-5.5,-2.6,-7.3,-7.3,-2.5,-2.0,-0.4,-1.6,-1.0,-5.4,0.5,0.2,-3.2,-2.9,-2.0,2.5,0.5,-1.3,-1.3,0.1,-0.0,-0.1,0.3,-0.8,-1.5,-0.0,-1.3,0.1,-6.4,-2.2,-4.6,-1.2,-2.7,-5.4,2.4,-1.7,-1.6,-2.7,3.4,-1.4,-2.2,-19.4,-2.9,-3.9,3.7,-2.7,-3.1,-1.9,-15.6,-1.6,-6.0,-5.9,-1.9,-2.5,-0.7,-3.6,-5.9,-0.7,-17.1,-3.4,-8.6,-7.8,-8.1,-4.3,-3.4,-17.2,-2.9,-0.7,-4.1,-6.7,0.6,0.2,-4.1,-7.1
2C7L51BRx3,0,48.104699,11.624175,4442009.01,2778123.29,559.3,605.0,267,7281,2.4,0.81,0.36,32.63,348.97,-0.529,-0.103,0.842,-0.5,0.1,-0.4,0.18,2.2,0.2,-0.3,-0.4,-1.4,-3.8,0.8,-4.3,2.5,-2.0,1.3,-2.8,2.4,2.5,1.6,-3.6,-0.0,-3.2,-2.4,-5.3,-4.4,-5.2,-4.7,-3.5,-4.7,-2.4,-8.3,-3.8,-4.9,-1.4,1.8,-2.2,-9.1,-14.2,-8.4,-8.5,-7.9,-6.0,-6.3,-5.1,1.5,-1.8,-1.8,-1.2,1.7,-4.6,-3.3,-4.9,-1.6,0.5,0.0,-1.6,1.4,-1.3,-0.7,-0.9,-1.7,-0.9,-2.8,-1.1,0.6,-1.5,-0.1,-0.6,2.0,0.7,-1.6,-0.7,-0.5,0.5,0.2,0.0,-1.1,1.5,-4.5,1.0,-2.0,-4.3,-4.6,-4.3,-3.8,-6.2,-6.5,-5.1,-7.6,-3.9,-7.6,-3.0,-5.9,-4.0,-9.2,-5.7,-7.4,-6.8,-1.0,-2.4,-5.1,-2.1,-0.1,-0.6,-6.7,-4.4,-3.6,-3.5,-7.5,-5.4,-3.4,-6.5,-3.7,-2.0,-1.5,-4.5,-3.7,-3.5,-4.1,-0.7,-1.3,-1.0,0.3,-0.2,-0.5,-1.5,2.1,1.4,-1.1,-1.7,-2.9,-3.1,-4.6,0.8,-5.6,-4.6,-4.7,-2.6,-3.5,0.5,-4.4,-5.0,-6.5,-8.2,-7.4,-2.6,-0.8,1.7,-0.3,-1.3,-2.2,0.1,-0.5,-2.7,-1.6,-1.5,-2.9,-1.2,-5.1,-3.6,-3.9,-4.6,-1.9,-1.2,-2.2,-1.2,-2.5,-7.3,-1.1,-2.8,-1.7,-3.9,1.5,-3.6,-7.9,-6.4,-4.0,-7.3,-7.8,-1.9,-0.9,-2.4,5.6,-1.9,-3.2,0.7,-3.2,-6.6,-2.6,-5.8,-4.5,-5.6,-7.1,-2.2,-8.0,-6.9,-6.8,-7.8,-4.9,-6.9,-5.5,-7.1,-6.5,-7.3,-7.5,-4.1,-8.7,-6.0,-2.5,-3.9,-4.6,-0.6,-2.4,-5.2,-4.8
2C7L51BRxT,0,48.104856,11.625391,4442099.21,2778142.66,546.4,592.1,267,7307,3.7,0.7,0.41,32.64,348.97,-0.529,-0.103,0.842,-1.5,0.2,-1.4,0.28,0.4,0.2,-0.3,6.8,-3.2,1.1,0.5,0.5,0.9,-3.2,-3.1,-1.4,-3.0,-1.0,0.1,2.1,0.3,-1.7,2.0,2.9,5.5,2.0,6.0,2.6,5.2,3.6,4.1,7.8,2.1,3.8,2.8,-0.4,-4.0,7.7,-1.2,-3.7,-3.6,-0.3,-6.5,1.6,5.7,-1.2,8.4,2.5,-1.5,9.3,3.9,6.5,1.8,1.9,5.1,3.7,1.2,1.8,4.0,4.3,2.3,3.1,2.0,-1.2,-0.2,1.3,7.8,3.5,0.9,2.7,1.9,-2.4,5.1,2.8,1.2,-0.5,-5.1,0.7,-1.0,-1.5,-1.6,6.4,0.2,15.4,13.8,11.0,6.2,9.7,1.9,0.4,-1.7,2.6,5.2,2.1,2.6,2.7,-1.3,0.2,-2.2,-1.1,0.1,3.5,2.8,2.6,4.5,2.8,1.1,1.1,1.6,0.4,0.3,0.6,1.1,-1.8,1.8,0.6,2.7,0.8,1.4,5.2,2.5,3.6,3.1,2.4,1.0,1.2,5.3,1.5,5.6,4.9,4.4,2.9,5.1,2.2,-3.6,0.0,2.0,0.4,-0.5,-1.5,-6.7,2.7,1.5,1.1,-4.3,0.7,3.7,0.7,1.6,0.8,-0.7,5.0,3.3,2.9,0.4,0.6,-4.2,-1.0,3.4,1.9,-1.0,-0.2,1.5,4.2,4.4,0.7,1.2,-2.7,3.9,0.0,-3.1,0.4,2.3,0.8,1.6,-7.8,-5.2,-1.4,-4.0,-9.7,-2.3,-4.5,-5.4,-5.3,-2.7,-2.5,-5.1,-6.1,-3.3,-1.6,-4.2,-5.3,-5.5,-15.1,-15.1,1.6,-14.7,4.8,-0.5,1.7,-1.0,-10.5,1.3,-0.2,-4.0,-2.8,-3.8,-10.1,-16.0,-5.1,-0.4,-3.4,-8.6,-6.9,-0.7
2C7L51BRxi,0,48.104974,11.626313,4442167.6,2778157.32,550.6,596.3,267,7322,4.7,0.65,0.46,32.65,348.97,-0.529,-0.103,0.842,-0.6,0.2,0.05,0.36,2.0,0.3,-0.3,2.6,-0.6,0.7,1.7,2.3,-5.9,-2.1,-3.0,-0.0,3.7,-2.0,-1.2,0.1,-0.8,-1.6,7.9,4.6,-9.1,-4.5,-14.1,1.3,-1.7,-0.6,-4.0,-8.6,-13.0,-0.8,2.8,0.7,-2.3,-12.7,-7.1,-3.8,-1.4,-6.7,-0.1,-0.2,-17.3,7.2,-2.6,-0.4,2.5,-0.4,0.1,-1.0,0.1,2.9,3.2,2.3,4.9,-2.0,3.2,1.7,2.5,1.9,-1.3,0.2,1.0,0.4,0.9,2.1,-3.2,-2.5,3.7,-1.9,2.7,-3.2,-0.5,2.2,1.9,0.6,0.8,-1.8,1.0,0.8,-15.7,-2.0,4.9,-2.0,-3.9,-11.7,-2.7,-1.6,0.4,-1.6,-3.1,0.0,-6.4,-2.0,0.4,-3.5,5.5,-16.1,-3.2,-1.4,-0.7,-1.0,-7.1,-4.4,2.0,-2.7,-19.0,-12.6,-3.8,-3.7,-0.1,0.0,-1.3,-2.2,-2.7,-5.2,-18.1,0.9,-0.6,2.0,-1.4,-1.6,-0.4,-0.2,0.3,2.3,4.4,-3.9,-0.3,0.2,0.2,3.7,0.4,-2.4,-5.7,-4.2,-1.8,1.6,-9.5,-5.1,1.5,-12.7,-21.6,-4.5,-5.5,5.2,0.1,-0.5,2.5,-2.3,-1.6,0.9,-0.9,-7.8,-4.3,-5.2,-1.2,2.1,-3.2,-5.9,2.4,-4.9,4.9,-3.4,2.5,-15.7,-4.9,-3.7,-3.2,-12.1,2.0,1.9,-4.0,-0.2,-7.8,-2.7,-8.2,-6.9,-18.2,-4.3,-4.7,-4.1,-0.7,-2.5,-2.6,-2.7,-1.7,-1.2,-3.7,0.1,-9.1,-2.6,-1.4,0.2,-7.3,-3.4,-10.7,-7.6,-6.1,-6.8,-7.9,-9.2,-4.1,-3.7,0.7,-1.2,-4.6,-0.2,-5.9,8.3,0.5,-5.3,-5.0
2C7L51BRxk,0,48.104981,11.626371,4442171.9,2778158.25,548.5,594.2,267,7324,1.9,0.9,0.33,32.65,348.97,-0.529,-0.103,0.842,-0.6,0.1,-0.62,0.14,1.1,0.1,-0.3,-1.7,0.9,0.2,1.4,0.2,0.2,0.2,0.3,-2.9,1.9,-0.3,0.3,-2.9,-1.0,-1.5,-2.2,-4.1,-2.8,-1.7,-2.6,-2.4,-2.4,-1.5,-2.9,-1.5,-1.4,0.0,-1.1,-2.6,-6.9,-4.6,-5.5,-6.7,-3.8,-4.3,-1.4,-1.0,-0.2,-0.5,0.5,-0.1,-2.4,-1.4,-1.3,-1.2,-1.5,-3.1,-0.8,-1.1,0.8,-0.9,-0.5,0.5,0.4,-0.7,-0.2,-1.3,-2.0,-2.6,-3.2,-1.7,-6.8,10.2,-2.8,-0.8,-2.7,-2.1,0.3,-1.4,-1.1,0.6,0.4,-0.6,-1.8,-0.6,-1.9,-2.5,-2.6,-2.6,-2.8,-1.3,-1.8,-2.3,-3.6,-1.7,-1.9,-0.1,-3.2,-2.1,-4.8,-3.5,-4.6,-2.9,-1.6,-4.0,-2.1,-1.1,-2.5,-2.3,1.2,-1.8,-3.0,-1.7,-0.4,-1.4,-2.3,0.1,0.6,-2.2,-0.4,-0.3,-1.4,-1.0,-0.7,0.8,0.9,-1.3,-2.7,-1.9,-4.5,1.7,-3.2,-1.0,-2.0,-1.9,-2.3,1.5,-2.5,-2.6,-4.1,-3.8,-3.5,1.7,-2.2,-4.2,-4.6,-2.3,-8.1,-0.2,1.4,1.9,-1.9,-2.8,-0.3,-0.6,1.9,4.8,-0.3,-1.1,0.2,0.5,-0.6,-1.0,-1.4,-0.3,-3.9,-1.6,-1.4,-2.3,-1.5,-3.3,-1.1,-1.3,-5.5,-4.3,-1.7,-3.4,-4.1,-1.7,-3.3,-2.8,-5.3,-1.2,-2.7,-0.2,2.4,-3.5,-2.9,-9.2,-5.1,-4.6,-4.0,-4.2,-5.1,-4.4,-4.4,-4.6,-5.2,-4.0,-5.9,-5.8,-5.2,-3.4,-6.0,-5.6,-4.9,-3.8,-6.1,-5.6,-5.0,-5.1,-2.4,-3.1,-4.2,-2.1,-5.7,-5.7,-6.8
2C7L51BRxl,0,48.104984,11.626389,4442173.22,2778158.54,546.6,592.3,267,7325,1.5,0.95,0.22,32.65,348.97,-0.529,-0.103,0.842,-0.7,0.1,-0.26,0.12,0.3,0.1,-0.3,0.2,1.4,-0.5,0.3,-0.3,-1.0,1.2,-0.7,-0.4,1.9,0.8,0.3,-0.1,1.0,0.5,0.5,-1.0,-0.5,0.3,-1.8,-1.1,-1.3,-1.8,-2.6,0.4,-0.4,-0.2,-1.5,-0.5,-4.2,-11.6,-4.9,-5.2,-2.7,-1.8,-0.3,1.7,0.8,0.8,2.5,0.9,-0.0,1.0,0.7,-0.1,-0.7,-2.0,-1.0,-0.9,-0.6,-0.9,0.0,0.8,0.3,-0.6,-0.5,-1.5,-1.8,-2.1,-2.5,-1.8,-1.5,-3.4,-3.2,-4.2,-2.6,-2.9,-0.5,-0.7,-0.9,-1.6,-0.8,-3.0,-0.5,0.5,-0.5,-0.4,-1.4,-1.8,-1.2,0.1,-0.8,-1.5,-2.3,-0.7,-1.0,0.1,-2.5,-1.9,-3.2,-2.6,-3.6,-3.3,-0.7,-2.2,-0.7,0.8,-1.3,-1.5,1.5,-1.0,-1.5,-0.2,1.9,-0.3,-0.2,-0.4,-0.9,-1.5,0.2,-1.2,-2.1,-0.7,-1.5,-1.2,-0.9,-1.4,-1.7,-1.8,-2.6,-3.8,-3.1,-2.0,-1.3,-1.0,-0.1,-1.6,-1.6,-1.6,-2.1,-2.7,-1.9,-3.1,-1.8,-3.3,-3.6,-2.2,-5.8,0.9,1.6,-1.9,-2.2,-1.7,-1.6,-1.1,-2.4,-0.8,-1.8,-2.1,-0.9,-2.4,-0.2,-0.6,-1.8,-0.8,-1.4,-1.9,-0.9,-1.1,-1.6,-2.8,-0.8,-2.5,-4.3,-2.9,-1.2,-1.7,-2.0,-0.8,-2.2,-2.3,-4.4,-4.4,-3.6,-5.5,-2.1,-3.4,-2.7,-4.5,-5.6,-3.3,-3.7,-3.9,-4.4,-3.7,-3.2,-5.3,-3.1,-4.1,-4.7,-3.3,-2.9,-1.0,-3.4,-4.5,-4.7,-3.3,-4.7,-5.4,-3.8,-6.0,-2.5,-3.2,-3.7,-4.0,-5.1,-5.1,-4.6
2C7L51BRyM,0,48.105242,11.628397,4442322.17,2778190.49,541.7,587.4,267,7362,1.9,0.92,0.39,32.65,348.97,-0.53,-0.103,0.842,-0.5,0.1,-0.05,0.14,0.7,0.1,-0.3,-1.8,0.7,0.7,1.3,1.6,1.0,0.9,0.7,-0.7,2.4,0.7,1.6,-2.3,0.9,-1.2,0.4,-3.5,-4.0,-0.2,-5.0,-1.9,-1.2,-0.6,-1.9,-3.4,-2.5,2.0,0.6,-1.4,-0.6,-3.6,-6.5,-9.7,-4.2,-2.2,-3.4,-0.2,8.1,0.2,-1.0,0.6,1.1,1.6,0.3,-1.9,0.4,-3.3,-1.5,-0.6,-0.2,-0.7,-0.7,0.7,-0.1,0.9,-0.5,1.1,-2.5,0.1,-0.7,-1.8,-2.8,-1.5,-1.0,-1.0,0.5,0.6,-0.9,1.0,-0.2,0.9,-1.5,1.8,-0.4,-1.3,-1.9,-0.9,-1.6,-3.0,0.2,0.8,-2.8,-0.4,-3.1,-0.7,-0.5,-1.2,-3.5,-4.0,-3.6,-3.9,-2.0,-0.5,-1.4,0.4,-2.1,1.1,3.1,-3.2,-2.0,-1.3,0.8,0.4,-0.0,-1.6,-2.4,-2.0,0.8,-1.9,1.1,-0.1,0.7,-0.6,-1.6,-0.7,-0.1,-4.9,-0.8,-2.8,-2.1,-1.1,-0.5,-2.1,-0.7,-0.6,1.0,-1.1,-1.8,-1.8,-1.3,-2.9,-3.8,6.3,-2.3,-0.2,-2.9,-4.0,-7.2,-2.4,-0.2,0.7,-0.6,-1.5,-2.9,-0.5,0.0,-2.9,-0.7,-1.5,0.0,-2.9,-1.1,-2.7,-2.4,-1.8,-2.5,-1.8,-1.1,-2.6,-2.7,-2.8,-4.0,-7.2,-4.8,-1.5,-0.0,-3.0,-1.8,-0.8,-1.4,-3.7,-5.4,-2.2,-2.5,-2.4,-2.3,-1.3,-1.2,-4.4,-1.6,-0.6,-1.9,-2.7,-0.4,-2.4,-3.1,-3.8,-3.7,-1.6,-4.3,-3.2,-0.3,-2.4,-3.9,-4.9,-3.5,-4.3,-3.4,-3.4,-2.5,-1.4,-0.7,-3.2,-2.1,-1.2,-1.1,-2.7,-2.1
2C7L51BRyS,0,48.105272,11.628631,4442339.57,2778194.24,535.9,581.6,267,7368,3.1,0.8,0.44,32.66,348.97,-0.53,-0.103,0.842,-0.8,0.2,-0.7,0.24,0.4,0.2,-0.3,1.0,-0.6,-1.1,-0.6,-0.5,-0.1,4.4,-0.0,-1.6,-1.3,2.8,0.5,-3.3,-0.5,-4.3,-1.1,-4.6,-2.5,-3.1,-5.1,-1.0,-0.3,3.5,4.4,3.6,3.6,-0.7,4.2,1.5,-6.2,-5.0,-6.0,-5.0,-4.5,-0.4,-4.1,0.0,1.5,3.9,1.4,0.7,1.7,1.5,0.7,-0.1,2.5,-0.2,3.1,-2.5,-0.7,0.4,-1.8,0.3,0.5,-0.2,0.6,-0.1,-1.2,-4.4,2.7,-2.5,0.1,-1.1,-1.7,14.6,-2.6,-1.9,-4.1,0.1,-0.7,-0.2,-4.8,6.8,-4.3,-3.6,-3.6,-1.8,-3.5,-3.9,-0.1,-4.8,-5.1,-0.9,-6.6,-0.4,-2.2,-2.6,5.1,8.1,2.1,-5.4,-1.0,0.2,-2.7,0.7,-5.7,2.8,-0.3,-4.5,-0.6,0.7,-0.7,0.3,-3.3,-0.1,0.9,-0.2,0.6,-2.2,-0.4,0.3,-2.0,-3.0,-1.1,0.2,0.9,-1.8,-3.2,-1.9,-1.9,-1.3,-0.7,-1.1,-4.0,-4.0,-3.5,1.3,-0.7,-1.7,-5.2,-6.1,6.8,2.2,16.6,-6.2,1.8,2.3,0.0,4.3,3.9,-0.0,-0.6,-2.6,-4.1,-1.6,1.2,3.6,-0.7,-1.7,-0.8,-1.6,-1.6,2.3,-0.9,0.3,-1.6,-0.4,-1.4,0.1,0.1,-7.3,-0.3,-6.8,2.8,-0.3,-0.4,-5.8,-0.4,-4.1,-2.9,-4.7,-6.0,-4.7,-3.9,-5.1,-2.3,-2.5,-3.4,-0.8,-1.0,-1.1,-2.3,-2.8,-0.0,-3.5,-0.8,-4.2,-3.0,-3.5,-5.6,-6.1,-6.5,-3.0,-5.4,-5.7,-3.3,-2.5,-3.1,-3.2,-9.5,-10.4,-8.1,-5.4,-0.5,-1.6,-1.9,-3.8,-7.9
2C7L51BS0S,0,48.106168,11.63561,4442857.24,2778305.29,532.7,578.3,267,7492,2.2,0.87,0.34,32.69,348.97,-0.53,-0.103,0.842,-0.8,0.1,-0.21,0.17,1.1,0.1,-0.3,0.4,-2.3,-1.5,1.5,-2.4,-2.2,1.3,0.9,1.8,2.2,1.4,-1.5,-3.4,-2.0,-1.7,-0.2,-3.0,-1.3,-1.8,-2.6,-5.3,-2.6,-0.7,-1.2,-0.2,-0.9,-0.8,5.2,-3.0,-5.5,-1.5,-8.8,-6.7,-7.7,-2.4,-2.3,-2.8,-2.0,0.0,-2.9,0.1,2.0,-1.2,-4.1,-4.6,-3.1,-2.2,-0.6,-0.9,-0.6,-4.2,-4.2,-3.2,-4.4,-3.6,-1.1,1.5,-0.8,-0.9,-0.1,-0.9,-1.1,-0.0,0.1,1.9,-0.8,-4.4,0.1,-5.2,-1.4,-3.3,-2.3,-9.8,-4.8,-2.8,-1.7,-4.7,-0.9,-1.8,-3.6,-0.4,-3.2,-3.7,-1.0,-2.1,-2.5,-1.4,-4.2,-5.9,-5.7,-4.6,-4.1,-0.2,-6.7,-4.9,-1.6,-1.3,-5.0,-4.7,-4.7,-6.7,-3.6,-4.5,-0.9,-2.7,-2.4,-1.5,0.4,-4.8,-1.9,-2.4,-2.0,-6.4,-1.1,-3.2,-0.7,-0.9,-1.4,-3.3,-1.6,3.5,-0.8,-3.8,0.8,-1.7,-1.2,-6.5,-1.3,-4.6,-6.7,-2.6,-3.7,-1.0,-1.9,-2.2,-4.3,-5.4,-1.7,-0.8,0.2,-3.4,-4.8,-4.3,-2.5,-3.4,-4.8,1.0,-2.0,-0.4,-1.2,-1.3,-1.3,-2.3,-2.1,-2.8,-1.6,-2.2,-3.6,-4.0,-3.2,-5.9,-11.8,-4.1,-7.3,-7.1,-6.8,-1.9,0.2,-1.8,-4.8,-7.0,-5.7,-9.1,-5.7,-6.4,-0.0,-2.5,-4.7,-1.8,-1.3,-2.1,-2.9,-5.7,-3.4,-4.5,-4.3,-3.6,-5.0,-5.0,-8.1,-8.4,-7.2,-8.3,-3.5,-3.5,-5.7,-3.7,-7.1,-4.5,-2.7,-6.6,-4.5,-4.4,-4.2,-8.1,-5.2,-10.6,-3.9
2C7L51BRwK,0,48.104347,11.621291,4441794.97,2778079.48,543.7,589.4,267,7236,3.8,0.72,0.41,32.59,348.93,-0.529,-0.103,0.843,-1.2,0.2,-0.33,0.29,0.2,0.3,-0.3,1.9,1.1,-0.6,-2.3,2.5,12.5,-4.4,1.9,0.6,-8.5,1.4,-8.7,5.1,1.8,1.9,2.8,0.7,2.6,3.0,-3.7,-0.1,3.3,5.0,0.2,3.5,2.6,7.5,-6.1,3.9,-4.5,-6.5,-1.7,-3.9,-1.6,-1.5,-6.6,3.9,3.1,5.1,3.3,2.5,-3.2,-3.7,-2.3,-6.8,-0.5,-4.8,-0.1,1.0,-0.1,-1.0,-3.7,-0.1,0.3,2.4,0.1,-5.2,-1.2,-1.1,-1.3,-2.6,-0.8,-3.0,-1.2,14.5,-9.3,-1.5,3.7,1.7,-0.6,-3.9,-2.5,-8.3,-1.7,0.1,-2.1,-0.8,-1.9,1.9,-2.2,-2.2,-4.0,1.0,1.0,-3.6,-1.3,-1.8,-6.2,-5.0,-5.3,-4.4,0.1,-2.2,0.0,0.9,1.5,-3.4,-1.6,1.1,5.2,-1.7,-5.9,1.5,2.0,1.4,3.9,2.0,2.7,1.3,0.7,0.7,1.0,2.3,1.0,3.3,1.7,3.2,-1.2,-0.0,-2.9,1.3,3.4,0.9,-2.1,-1.5,-2.0,-3.9,-1.0,-3.5,-3.6,-3.1,1.0,-5.5,5.3,3.9,-8.2,2.4,-3.4,5.5,1.6,-2.6,-1.7,-1.2,-1.3,-1.4,0.5,-5.1,0.1,-2.7,-1.9,-4.3,-3.9,-6.9,-3.4,-4.0,-2.4,2.0,-3.3,-0.6,-3.8,-3.2,-2.9,2.3,-2.7,-4.4,0.5,-2.5,-8.1,-1.0,-5.0,-5.2,-9.8,-10.0,-10.2,-11.8,-12.9,-11.8,-6.7,12.0,1.6,-13.3,-7.3,-5.0,-9.9,-5.5,-4.5,-3.9,-1.3,-0.9,-1.0,-2.0,-2.7,-5.7,-4.1,-3.7,-3.8,-1.8,-1.2,-2.3,-2.7,-1.2,-8.9,-6.7,-5.2,-7.9,-4.8,-5.5,-6.5
2C7L51BRwL,0,48.104342,11.621247,4441791.74,2778078.8,538.8,584.5,267,7237,2.0,0.89,0.29,32.59,348.93,-0.529,-0.103,0.843,-1.3,0.1,-0.48,0.15,1.1,0.1,-0.3,-0.7,0.5,0.5,-0.4,1.4,-1.6,-0.6,-1.1,1.0,1.0,1.1,1.2,2.2,2.6,1.7,1.3,-4.0,-1.5,2.6,-1.9,1.6,2.1,1.4,-0.4,4.0,2.6,5.5,-2.3,2.3,-1.9,4.5,-2.0,-1.7,-0.5,-3.9,-0.8,3.7,1.9,5.2,3.4,2.1,2.3,3.6,0.6,0.4,1.1,-1.4,0.4,0.4,0.7,0.6,-1.1,1.4,1.2,1.1,-1.2,-0.2,-0.4,-0.2,-0.9,-0.4,-1.3,-0.5,-1.6,-4.3,-4.9,-0.3,0.4,-1.5,-0.2,-1.1,0.4,-4.2,0.1,2.6,0.4,0.2,-2.5,-0.8,0.6,-0.7,2.7,-1.3,-0.7,-1.0,0.3,-2.2,-4.8,-3.6,-1.8,-0.1,-1.4,-0.7,1.4,0.3,4.2,0.6,1.6,2.1,3.6,1.1,0.6,1.8,2.7,-0.1,3.0,3.2,3.0,0.9,0.6,1.4,2.0,0.7,2.9,1.7,0.2,-0.6,-5.1,-0.6,-3.3,-3.0,-1.3,0.6,-0.7,-0.5,-1.0,-2.0,1.1,-0.2,-1.9,-3.4,1.1,-1.5,0.6,-0.8,-0.8,1.0,-0.9,2.3,1.7,-1.4,-2.2,-1.3,-1.9,-1.7,-1.9,-2.7,-3.3,-3.1,-2.3,-3.2,-4.1,-3.8,-3.1,-4.2,-2.7,-2.5,-1.8,0.0,-2.5,-2.5,5.0,0.1,-2.1,-0.6,1.3,-1.1,-5.5,0.3,-1.1,-2.6,-6.7,-6.1,-4.8,-5.9,-6.4,-6.3,-2.9,-13.7,-4.5,-3.8,-3.7,-4.8,-3.8,-5.4,-1.0,-4.2,-1.4,-4.3,-2.0,-0.7,-4.3,-3.3,-6.1,-3.1,-5.7,-3.0,-1.1,-6.9,-6.6,-8.7,-4.6,-5.3,-4.8,-5.6,-5.5,-5.2,-5.5
2C7L51BRwc,0,48.10448,11.62232,4441871.32,2778095.86,544.1,589.9,267,7254,2.9,0.84,0.35,32.6,348.93,-0.529,-0.103,0.842,-0.8,0.1,-0.31,0.22,0.6,0.2,-0.3,-2.4,-1.0,-0.7,-0.6,-0.6,11.6,-0.0,0.5,-0.2,-9.1,0.6,13.4,-0.9,0.8,0.4,1.0,0.5,0.9,1.6,1.1,-0.7,1.6,0.3,1.1,3.2,3.2,2.1,-10.1,-2.1,-2.7,7.4,-3.4,-2.6,-1.2,-5.0,-0.1,-0.3,1.3,2.5,3.1,0.5,-4.4,2.6,2.0,0.3,0.1,-8.2,-4.3,-1.3,-1.0,-0.3,-1.3,-0.7,-0.1,-0.3,-0.4,-2.6,-0.9,-1.4,-1.6,-2.2,0.1,-3.9,-0.5,7.9,6.8,-3.8,-0.7,-1.8,-0.8,-4.4,-1.2,-3.1,-0.4,-0.1,0.6,-0.1,-0.0,-0.4,0.6,-0.9,0.3,-1.1,-3.1,-0.7,-0.6,-0.2,-4.2,1.8,-1.5,-1.1,-0.4,-4.4,3.2,-0.8,3.5,-3.6,-0.7,-0.6,0.2,-1.3,0.5,1.3,0.1,0.5,1.7,0.9,0.3,-0.3,-0.5,-0.4,-0.4,0.2,-0.7,-0.5,-5.0,-3.9,-2.2,-2.3,-0.1,2.1,-0.5,-2.9,-0.3,0.3,0.6,-6.2,0.2,-1.4,-1.3,-1.3,0.5,-1.5,-0.3,-0.9,-0.8,0.8,-2.3,1.4,1.2,-4.0,-4.3,-2.1,-1.6,-1.5,-2.4,-4.6,-0.7,-1.0,-1.3,3.8,-3.7,-0.7,-0.8,-0.7,-2.3,-1.5,-0.8,1.8,-0.2,-1.2,-2.1,0.5,-1.0,-0.9,-3.7,-3.1,-3.4,0.4,-1.2,-0.2,-2.5,-7.8,-9.3,-11.7,-16.4,-4.1,-2.4,9.2,-2.0,-1.4,-2.5,-4.1,-3.4,-2.9,-3.1,-6.0,-1.3,-2.5,-3.5,-3.8,-4.2,-3.0,-4.1,-4.2,-2.5,-1.6,-2.8,-4.5,-4.4,-7.2,-3.7,-4.5,-4.9,-4.0,-5.1,-4.4,-4.3
2C7L51BRwd,0,48.104479,11.622313,4441870.8,2778095.75,541.0,586.8,267,7255,3.0,0.77,0.4,32.6,348.93,-0.529,-0.103,0.842,-0.8,0.1,-0.2,0.23,2.0,0.2,-0.3,-5.3,1.9,0.2,1.4,5.1,2.1,0.1,0.2,-1.1,-4.1,-0.3,-3.6,2.1,0.3,3.2,1.7,-0.5,5.1,6.5,5.0,0.2,5.8,2.2,4.3,6.4,5.1,4.0,-0.1,-1.7,0.3,8.6,-1.8,-0.9,-1.8,-2.6,4.7,0.0,2.5,5.8,3.9,10.2,13.1,4.0,2.1,0.6,0.0,-8.4,-6.1,-3.7,-4.2,-4.9,0.1,-1.3,0.6,3.4,-1.5,-0.1,-1.1,0.0,1.3,-2.1,-0.5,-3.0,-0.6,1.4,-0.8,-3.4,1.2,-0.8,1.8,-2.7,0.9,8.4,1.4,1.2,2.2,0.5,0.8,-2.5,11.0,-0.4,4.6,0.0,-2.0,0.2,5.5,2.3,-2.3,2.5,-1.0,1.3,1.4,0.0,3.6,-0.5,5.1,-2.7,2.1,0.2,3.2,1.6,4.1,5.1,0.7,3.5,1.8,1.1,0.6,0.9,-0.1,-2.0,-1.4,0.0,-2.7,-1.7,-4.1,-0.7,-5.1,-3.3,-1.0,-1.8,-2.0,-3.5,-1.4,-2.1,-1.4,-4.9,-0.3,-1.5,-0.6,0.3,1.8,-0.5,1.1,3.3,-2.2,4.6,-3.4,2.6,3.0,-1.8,-1.7,0.2,-1.3,-0.9,-1.3,-4.0,0.7,0.3,1.4,2.6,1.8,1.7,-2.0,-5.5,-0.6,0.0,1.8,0.7,1.7,0.8,0.8,4.1,4.8,2.6,9.3,3.6,1.0,3.9,0.7,1.3,-1.4,0.7,2.3,-13.8,-8.0,-4.0,-2.4,-14.5,-2.6,-2.6,-3.1,-2.8,-3.0,-3.0,-3.6,-0.1,-1.4,-0.8,-0.8,1.9,-0.3,-1.4,-1.9,-1.2,-1.1,-1.1,0.8,-2.7,-4.1,-7.0,-3.9,-3.0,-4.1,-3.6,-2.7,-4.7,-2.0
2C7L51BRyT,0,48.105292,11.628642,4442340.33,2778196.48,533.9,579.6,267,7369,2.8,0.82,0.41,32.66,348.97,-0.53,-0.103,0.842,-1.1,0.1,-0.13,0.22,1.0,0.2,-0.3,-1.5,-0.5,-2.3,-0.5,-2.0,-0.2,0.7,-1.4,-0.6,-1.9,-0.2,0.1,-6.4,-2.2,-3.2,-3.6,-4.6,-3.4,-4.6,-7.6,-2.5,-9.4,10.8,7.2,9.8,4.0,1.8,-4.5,-6.6,-6.2,-5.0,-8.0,-5.7,-6.6,0.3,-4.1,-2.9,-0.1,-0.8,-0.3,-3.3,-0.4,1.5,-2.7,-5.7,0.6,-1.2,-1.1,-1.5,-2.5,-0.5,-0.2,-7.0,-0.6,8.9,-2.5,-2.2,-5.8,-4.8,0.3,-2.4,-1.4,-2.2,-4.6,-6.5,0.4,-2.9,-5.9,-0.9,0.8,0.3,-3.4,-2.7,-3.8,-3.5,-4.7,-5.8,-7.4,-2.4,-5.3,-4.1,-6.3,-5.0,-7.4,-0.2,-0.8,-3.1,-7.4,-6.2,-7.9,-7.9,-5.7,-5.8,-5.7,-2.7,-2.0,-1.9,-3.1,-6.1,-2.1,-1.0,-3.7,-2.0,-3.1,-2.0,-5.6,-1.6,-2.0,-4.5,-4.4,-0.7,-5.2,-3.7,-4.5,-2.7,-0.4,-2.9,-3.8,-3.5,-3.1,-2.1,-3.2,-2.8,-4.2,-5.2,-5.9,-1.5,-6.2,-1.7,-2.2,-8.1,-5.3,-1.8,-7.2,-7.4,-6.6,-3.9,-8.7,-2.5,1.7,-1.0,-0.2,-9.7,-5.0,-1.0,-3.9,0.9,-1.6,-2.5,-0.7,-4.3,-4.1,-3.6,-5.4,-2.9,-5.2,-4.1,-7.7,2.2,-3.0,-5.2,-7.3,-5.7,-7.0,-6.5,-5.2,-7.3,-2.0,-8.3,-6.9,-4.7,-6.9,-6.4,-4.0,-5.9,-6.8,-4.3,-4.7,-3.6,-3.8,-5.8,-5.3,-8.0,-7.7,-5.8,-4.8,-5.8,-5.3,-9.3,-12.0,-8.5,-8.2,-7.0,-6.3,-7.1,-9.3,-7.9,-7.4,-6.0,-9.5,-10.4,-4.8,-7.9,-5.1,-5.3,-4.8,-7.1,-6.8
2C7L51BS0Q,0,48.106184,11.635587,4442855.53,2778306.98,536.1,581.8,267,7490,1.3,0.95,0.13,32.69,348.97,-0.53,-0.103,0.842,-0.5,0.1,0.03,0.1,0.8,0.1,-0.3,-0.8,-0.3,-0.1,-0.2,-1.2,-0.9,0.3,-0.1,0.9,0.8,0.5,-0.4,0.2,0.1,0.2,1.0,-0.9,0.5,-1.7,-1.8,-1.4,-1.0,-1.5,0.8,0.6,-0.6,0.0,-0.4,-1.5,-3.5,0.5,-6.4,-5.9,-5.8,-2.2,-1.2,-1.9,-0.9,-0.8,-1.4,-0.6,-0.9,-0.4,-2.0,-1.7,-2.2,-1.1,-1.2,-1.5,-1.2,-1.7,0.1,-1.2,-0.3,-0.1,-1.7,-0.8,-1.0,-0.6,-1.5,-1.6,-1.0,-2.0,-0.3,-2.5,-1.8,-0.4,-1.9,-2.0,-0.2,-1.1,-0.8,-1.6,-0.2,-1.3,-0.4,-1.2,-1.3,-1.5,-1.8,-1.1,-2.8,-1.4,0.1,-1.8,-1.9,-0.2,-2.3,-3.0,-3.5,-3.0,-5.1,-4.3,-4.8,-3.1,-1.0,-2.1,-2.1,-1.8,-3.1,-2.3,-1.6,-2.7,-0.2,-0.9,-1.3,-0.8,-1.5,-1.7,-1.2,-1.3,-1.9,-1.6,-1.2,-1.5,-1.7,-2.5,-1.7,-0.6,-2.0,-1.6,-1.4,0.2,-0.7,-0.1,-0.6,-1.0,-0.3,-0.6,-5.0,-2.6,-1.8,-2.7,-2.1,-4.8,-5.5,-2.7,-4.9,-0.5,1.1,-3.1,-2.6,-3.0,-1.8,-2.0,-1.3,-3.7,-1.4,-0.6,-1.1,-1.4,-0.3,-0.9,-0.9,-0.8,-0.2,-1.7,-1.2,-2.0,-2.4,-2.5,-9.7,-4.1,-5.3,-4.8,-0.1,-0.6,-1.0,-3.0,-2.9,-3.2,-3.6,-5.3,-4.0,-3.3,-3.7,-2.2,-2.2,-1.6,-2.2,-1.2,-2.2,-2.3,-1.8,-2.4,-1.7,-3.0,-2.4,-3.4,-3.9,-5.5,-3.3,-5.1,-1.2,-0.3,-4.2,-2.5,-4.4,-2.6,-1.7,-4.2,-3.8,-4.1,-2.8,-2.4,-2.3,-3.2,-3.8
2C7L51BS0U,0,48.10619,11.635637,4442859.23,2778307.79,528.1,573.8,267,7494,2.7,0.83,0.41,32.69,348.97,-0.53,-0.103,0.842,-0.3,0.1,-0.16,0.21,1.3,0.2,-0.3,-1.6,-2.2,-1.2,-2.2,-1.2,4.5,-0.4,-0.3,-1.0,10.2,-1.8,2.2,-1.6,0.0,-2.9,-1.5,-5.4,0.7,-5.0,-2.7,-3.7,-1.4,-3.3,-1.7,-1.8,-1.1,-4.5,0.0,-3.9,-5.2,2.8,-5.5,-7.0,-7.0,-3.4,-2.2,-6.2,-4.4,-2.2,-5.1,-2.3,-6.1,-2.9,-0.1,-3.3,-0.6,-0.5,-2.9,-2.8,-0.8,-2.5,-1.1,-2.2,-2.1,-0.4,-0.2,-3.0,-2.0,-1.9,-0.6,-2.7,-1.6,-1.5,-1.6,-0.4,0.3,0.6,-3.8,-3.1,-0.2,-0.4,-1.3,2.1,-0.8,-3.1,-5.4,0.1,-0.8,-2.9,-0.1,-3.7,-6.3,-0.1,-1.0,-2.7,-3.6,-1.8,-5.7,-3.5,-6.4,-4.4,-5.5,-2.0,-6.9,-4.1,-5.3,-2.7,-3.9,-4.2,-3.7,-5.0,-3.3,-3.5,-2.2,-6.0,-5.6,-2.6,-2.1,-1.2,-3.0,-1.4,-3.9,-4.3,-3.4,-1.0,0.3,-9.7,-2.2,-3.3,-2.4,1.6,-3.0,1.0,-2.5,-1.4,-1.0,2.5,-1.9,-0.7,-4.6,-4.7,-1.7,2.4,-2.4,-11.6,-6.0,-3.5,-7.4,3.8,0.7,0.1,-3.6,-4.7,-6.7,-4.1,-3.4,11.9,-1.8,-0.6,-5.9,-7.3,-7.2,-2.2,-1.7,-0.7,1.4,-1.9,-2.1,-2.1,-3.2,-2.5,-8.9,-6.5,-4.1,-5.6,-3.0,-1.4,0.9,-4.0,-4.3,-4.3,-4.3,-2.6,-0.7,-1.5,-3.3,-6.3,-2.0,5.6,-2.3,1.7,-0.9,-0.0,-3.1,-3.3,-1.2,-4.8,0.5,1.3,-6.4,-5.8,1.5,-10.9,-2.4,-3.4,-5.6,-4.6,-6.4,-2.0,-3.4,-8.4,-6.2,-3.4,-5.0,-6.0,-8.6,-4.9,-7.0
2C7L51BS0V,0,48.106188,11.635623,4442858.17,2778307.57,524.6,570.3,267,7495,2.2,0.86,0.41,32.69,348.97,-0.53,-0.103,0.842,-0.5,0.1,0.03,0.17,1.6,0.1,-0.3,-0.8,-0.9,-2.1,0.0,-1.5,-0.7,0.3,-1.3,-2.0,0.9,1.2,-0.0,0.6,-1.3,-2.7,4.3,-0.3,1.2,-5.9,-1.2,-3.4,-1.3,-1.5,-0.9,2.1,-3.1,-1.5,0.6,-2.3,-4.0,1.4,-7.9,-5.5,-6.5,-4.4,-3.9,-7.8,-0.6,-1.3,-3.4,-4.3,-1.3,-0.2,-3.4,-2.9,-3.3,-0.1,-4.6,-2.1,-3.9,-1.0,-1.0,-2.5,-2.2,-3.1,-0.2,-0.6,-2.1,-3.0,-0.9,-1.8,0.4,-1.4,1.9,-3.8,-1.6,-0.4,-0.4,-2.7,-1.5,-1.4,-1.4,-1.1,-1.3,-2.4,0.1,-3.2,-2.1,-2.4,-2.3,-2.1,-2.8,-1.8,-1.9,-2.4,-0.3,-3.2,-3.2,-3.6,-5.6,-5.7,-6.7,-5.8,-7.7,-5.1,-4.7,-2.2,-4.6,-4.2,-5.6,-6.9,-6.1,-6.7,-2.5,-1.4,-4.3,-2.5,-4.4,-3.1,-3.1,-2.3,-2.1,-4.0,-2.0,-2.9,-3.0,-1.5,-1.0,1.5,-2.5,-0.2,-1.7,-1.1,-2.0,0.6,0.6,-0.4,-2.4,-4.5,-6.0,-2.4,-1.7,-1.8,-5.1,-6.2,-7.0,-2.8,-5.2,-2.3,1.7,-2.0,-3.4,-3.3,-4.2,-4.8,-3.1,-0.1,-1.2,-0.7,1.2,-7.2,-0.8,0.5,-2.1,-1.9,-1.4,-3.1,-2.1,-3.9,-1.9,-6.7,-10.0,-4.7,-6.9,-5.4,-3.9,0.2,-1.6,-4.5,-4.1,-3.6,-5.8,-4.2,-3.0,-4.1,-4.9,-0.4,-2.4,-0.7,-1.7,-1.7,-3.4,-4.4,-4.5,-5.0,-3.6,-3.4,-2.3,-2.8,0.8,-14.3,2.1,-14.6,-9.8,-10.5,-3.8,1.1,-5.9,-5.3,-4.3,-3.2,-3.5,-3.9,-4.6,-5.5,-2.2,-2.9,-1.6
2C7L51BRwR,0,48.104398,11.621538,4441813.25,2778085.49,536.3,582.0,267,7243,2.3,0.85,0.36,32.6,348.93,-0.529,-0.103,0.842,-1.2,0.1,-0.59,0.18,1.4,0.2,-0.3,1.1,0.4,0.4,2.0,1.5,-2.9,0.5,-0.9,-0.1,-4.8,0.5,-6.9,-0.8,0.7,0.4,-2.8,0.9,-1.3,1.2,-0.2,2.2,1.8,0.7,2.4,3.1,2.8,2.4,1.9,0.3,-2.4,10.5,-2.5,-1.0,-1.4,-4.8,2.0,1.3,-4.1,4.4,1.3,2.1,-0.2,5.9,4.1,1.3,-1.3,-1.3,-2.5,0.5,-0.8,0.7,1.7,1.5,2.0,1.1,0.7,2.0,1.9,0.6,0.5,0.5,-0.1,-3.9,-0.6,-2.1,-4.8,-2.2,0.3,-1.5,-1.1,-4.5,-1.1,-1.1,-1.6,-0.9,0.2,-0.3,1.0,1.7,1.7,1.5,2.3,-0.8,-1.6,-0.3,0.7,0.5,-3.9,-0.6,-0.8,0.8,1.1,-3.6,5.2,-0.9,0.7,-0.9,3.1,1.4,1.1,1.1,3.2,0.6,1.4,-4.3,2.6,-0.6,-1.4,-2.0,-0.5,-2.1,-0.7,-1.5,-0.7,-0.7,-1.8,-2.4,-3.5,-2.5,-1.8,-3.4,-0.7,-0.1,-0.4,1.4,-3.4,-3.7,-0.9,-0.8,1.2,-7.1,-1.8,-3.5,3.8,0.4,0.3,-0.6,-4.3,0.2,0.7,-1.4,-1.7,-0.2,-0.6,-0.0,-2.6,-1.4,-3.4,-3.6,-3.1,-3.4,-3.2,-2.9,-3.0,-4.2,-5.2,-4.9,-2.8,2.7,-1.6,-0.8,-2.7,6.2,3.4,4.5,1.7,1.1,2.5,1.9,-2.8,-2.8,-1.8,-1.4,-5.0,-3.5,-6.8,-5.9,-6.3,-7.2,-2.3,-3.6,-5.8,-7.4,-5.3,-5.7,-6.5,-3.7,-2.7,-2.6,-4.7,-7.3,-7.4,-7.8,-5.0,-4.0,-6.9,3.8,-4.5,-4.0,-7.7,-6.8,-5.6,-7.2,-3.9,-5.7,-6.8,-8.4,-7.4
2C7L51BRyD,0,48.1052,11.627782,4442276.45,2778184.84,536.3,582.0,267,7353,1.7,0.89,0.39,32.65,348.97,-0.53,-0.103,0.842,-0.1,0.1,-0.61,0.13,1.8,0.1,-0.3,0.0,0.7,-0.0,0.5,0.1,1.4,-1.8,-1.6,-2.9,2.7,-0.1,3.0,-0.1,-1.5,-1.6,-1.1,-1.6,-2.7,-4.2,-4.6,-3.8,-2.0,-2.6,-2.3,-0.5,-0.2,-0.8,0.1,-2.9,-5.5,-7.2,-6.6,-7.3,-4.5,-3.6,-3.9,-2.6,-3.0,0.3,-2.2,-2.3,-1.2,-3.2,-2.3,-1.8,-2.6,-0.7,0.4,0.5,0.3,1.4,2.0,-0.1,-1.5,-1.4,-0.1,-0.1,-0.5,-0.8,0.5,1.4,1.1,0.2,1.4,2.3,1.6,0.3,-1.9,0.5,0.1,-1.8,1.1,1.7,0.7,-0.2,-1.2,-4.8,-1.9,-0.8,-1.9,-1.3,-2.2,-1.2,-0.2,-0.6,0.9,1.3,-0.9,-6.1,-2.6,-2.6,-5.9,-6.8,0.5,-0.6,-1.3,-3.4,0.9,-0.8,1.8,-0.7,-0.5,0.1,-2.4,-1.4,-4.6,-3.4,-1.9,-2.5,0.6,-2.8,0.4,0.3,0.1,0.7,2.2,1.8,1.4,3.2,1.3,1.3,0.3,-1.6,-0.3,-2.3,-2.5,3.1,-1.9,-0.6,-2.3,-1.8,-1.6,-4.9,-1.5,-2.8,-1.0,-0.2,-5.1,-1.4,2.0,0.5,0.1,-0.3,-0.6,1.9,1.1,1.8,2.3,1.4,2.5,2.5,1.6,2.0,0.3,-0.4,-0.8,0.8,0.9,0.9,0.3,-1.0,-1.2,-5.4,-1.8,-4.0,-1.8,-1.3,-0.9,0.1,-2.2,-4.6,-3.3,-2.9,-1.6,0.5,2.2,0.7,1.5,-0.7,-0.5,-1.2,-2.2,-1.4,-0.6,-3.8,-2.0,-5.5,-3.7,-3.1,-4.5,-3.8,-3.6,-4.0,-4.8,-5.7,-5.2,-3.3,-2.3,-2.3,-1.4,-2.0,-1.9,-2.6,-1.6,2.1,-0.4,-0.5,-0.8
2C7L51BRyE,0,48.105199,11.627777,4442276.08,2778184.76,533.3,579.0,267,7354,1.9,0.89,0.42,32.65,348.97,-0.53,-0.103,0.842,-0.0,0.1,-0.44,0.15,1.4,0.1,-0.3,-0.6,0.8,0.2,-0.2,-0.3,-0.2,-0.3,-2.0,0.8,2.1,-0.2,1.5,1.1,-1.9,-0.6,-0.2,-1.0,0.3,-4.2,-2.4,-3.0,-1.1,-3.7,-4.1,-10.6,-0.7,-0.8,-1.0,-2.0,-6.6,-8.4,-6.3,-4.8,-3.1,-1.7,-4.5,-0.6,-2.1,1.3,-1.0,-0.1,-1.2,-2.2,-1.5,-1.9,-1.0,-1.8,-0.8,0.6,-0.9,1.0,0.4,-0.3,-1.2,-1.3,-0.0,-0.8,-1.3,-0.9,-0.1,0.4,-0.0,-0.6,0.5,2.6,-1.5,-0.7,-3.6,-0.5,-0.2,-1.5,1.1,1.2,0.6,0.1,-2.1,-4.0,-1.1,0.0,-1.7,0.4,-1.8,-1.0,-1.3,-1.6,0.6,1.8,-2.8,-7.0,-3.3,-3.0,-5.4,-7.8,1.3,-0.2,0.7,-5.1,1.2,-0.3,1.5,-1.4,2.9,0.2,-6.4,-4.0,-7.5,-2.6,-2.5,-3.1,0.2,-3.1,-0.2,-0.5,-0.3,-0.3,0.2,0.8,0.3,1.4,-0.1,0.4,-0.7,-2.1,-0.3,1.9,2.2,3.3,-1.5,-0.9,-4.0,-4.1,-2.8,-7.5,-1.6,-0.5,-1.2,-0.2,-4.8,-1.2,-0.3,0.9,-3.0,-1.2,-1.2,0.9,0.2,2.7,1.2,0.5,2.0,3.5,1.3,0.7,-0.5,-0.2,-1.7,-0.6,1.0,1.8,1.0,0.9,-0.4,-5.6,-0.8,-3.6,-2.5,-0.9,-1.2,1.8,-0.3,-2.1,-2.3,-1.0,-1.1,-0.7,0.8,-0.7,0.5,-0.5,-1.0,-1.8,-2.3,-1.6,-0.7,-3.1,-0.2,-4.4,0.3,-2.4,-3.9,-2.9,-2.4,-1.3,-4.0,-2.9,-4.7,-3.2,-2.5,-1.6,-1.9,-2.2,-2.8,-3.6,-3.2,0.3,-1.6,-1.7,-1.9
2C7L51BS0W,0,48.106264,11.63607,4442891.33,2778316.72,542.6,588.3,267,7496,3.2,0.79,0.35,32.69,348.97,-0.53,-0.103,0.842,0.1,0.2,0.14,0.24,0.2,0.2,-0.3,-2.4,-2.2,1.2,-1.1,-3.5,-1.2,-1.2,0.5,1.5,-6.5,5.4,3.0,3.6,1.3,3.6,2.7,1.9,2.4,-0.9,1.2,-2.7,2.6,0.6,3.2,2.0,-1.3,3.7,5.5,0.4,-1.7,5.8,-3.6,-5.2,-5.9,0.8,2.9,-2.3,2.6,-1.3,4.2,1.3,2.0,2.4,1.3,1.1,1.4,2.8,4.0,0.5,3.2,2.2,5.4,1.8,2.7,2.4,0.4,3.2,-0.6,2.7,1.3,2.0,2.8,-6.1,-0.8,-5.6,3.2,-0.4,3.2,-1.0,0.6,0.4,0.8,-0.9,2.1,-1.2,1.4,1.1,1.8,2.3,0.8,-0.0,1.4,1.2,1.4,2.1,1.7,0.8,-0.2,-0.2,-2.2,0.2,-3.4,2.1,-5.1,-2.4,1.3,1.4,0.6,-0.7,0.9,0.9,-0.1,-0.2,2.0,3.2,3.2,0.7,3.2,0.6,2.4,3.5,2.2,1.6,0.4,2.3,2.9,2.5,1.3,4.4,0.3,6.3,-1.4,-0.3,-0.7,3.3,4.2,1.9,0.1,1.0,-3.2,1.1,-0.2,1.0,-1.7,-3.2,-4.5,1.1,-0.1,1.3,4.1,4.0,-0.1,-0.3,-2.3,1.2,3.0,-6.4,1.3,-0.2,0.3,7.8,1.6,1.0,0.6,3.1,3.9,2.7,-0.8,2.4,2.5,1.0,-8.3,-1.4,-4.0,-4.0,3.0,0.5,1.8,0.3,1.1,-2.8,1.6,-2.4,-6.6,-2.8,-0.5,-0.8,4.1,-9.7,1.1,4.4,2.2,3.0,3.3,1.0,1.1,0.4,1.6,-2.8,0.7,7.0,8.6,7.2,8.4,3.3,11.4,4.6,1.0,4.9,4.3,-4.0,3.4,-1.1,1.6,-3.0,-5.1,-12.6,11.7
2C7L51BRwH,0,48.10435,11.621024,4441775.09,2778079.36,540.8,586.5,267,7233,4.2,0.66,0.42,32.59,348.93,-0.529,-0.103,0.843,-0.1,0.2,-0.53,0.32,1.2,0.3,-0.3,-1.2,0.9,1.9,2.2,2.4,-11.9,3.3,1.5,3.9,-7.3,4.4,-10.3,4.7,8.3,5.0,0.2,0.1,-1.3,-2.6,2.5,-1.8,4.9,1.5,-1.1,3.5,2.2,5.3,-9.1,1.0,-0.1,-3.7,-5.5,-0.9,0.5,-2.8,1.9,3.2,3.8,9.2,6.0,6.2,-6.0,8.0,2.3,5.1,7.3,-6.1,7.6,4.6,1.6,4.7,2.5,4.3,5.0,2.2,5.7,-1.8,4.7,1.7,-1.0,0.2,0.3,1.8,2.0,-8.2,-8.8,-2.0,0.4,1.1,2.1,-5.7,4.8,-3.8,1.5,5.0,3.8,3.2,4.5,5.3,3.9,3.6,3.8,1.4,4.3,2.1,3.3,12.4,-3.9,3.7,2.6,1.7,1.4,-10.9,4.4,1.9,2.9,-4.7,3.3,5.0,3.5,6.9,5.4,7.9,7.7,6.8,6.8,2.7,4.6,0.8,3.0,4.7,6.7,1.8,7.1,8.0,-7.8,-1.6,2.7,-2.7,-1.9,-11.5,-0.8,-4.3,4.1,-4.7,2.9,1.3,5.0,3.0,1.1,0.2,3.0,-4.2,0.4,1.1,1.5,4.7,1.5,4.4,4.6,-8.7,2.1,2.7,3.9,2.3,0.1,0.4,0.4,0.5,3.4,1.1,1.0,3.5,3.6,3.1,-0.5,0.2,3.5,6.0,9.3,5.6,-1.5,2.5,4.6,1.9,5.8,4.6,1.1,6.3,4.2,4.5,0.2,-7.1,5.9,-10.5,7.6,-4.8,-2.9,12.3,-2.5,-0.6,-1.4,0.4,-0.4,1.8,2.8,-8.6,3.0,1.8,3.4,3.2,-3.1,0.4,0.9,2.4,1.8,2.8,-3.9,6.7,-4.0,-3.1,-0.6,1.7,4.3,1.2,-0.2,-0.8,-0.0
2C7L51BRwI,0,48.104357,11.621073,4441778.74,2778080.15,540.4,586.1,267,7234,2.6,0.85,0.27,32.59,348.93,-0.529,-0.103,0.843,-0.7,0.1,-0.26,0.2,1.3,0.2,-0.3,0.1,2.4,2.6,2.0,1.8,-7.4,2.7,2.1,2.9,-5.9,3.8,-5.0,4.4,5.0,4.0,2.7,3.6,2.1,3.7,2.7,2.5,4.1,2.3,0.8,4.7,3.7,5.6,-1.1,1.9,-0.0,6.5,-1.9,-0.2,1.0,-3.1,0.7,2.4,2.7,6.2,4.4,2.6,-0.3,5.1,3.1,3.6,2.7,-3.6,0.3,3.3,2.6,3.9,2.1,3.0,2.4,2.4,2.1,-2.1,1.7,1.5,-0.4,-0.4,1.0,1.2,1.6,-6.5,-6.2,-1.3,1.1,1.3,1.7,-3.9,3.1,-1.5,1.5,3.3,3.3,2.7,3.4,3.8,2.7,1.8,4.2,2.7,1.9,2.0,3.0,1.9,-1.4,2.5,3.1,2.3,1.7,-5.1,4.5,3.2,4.9,-1.5,1.7,3.8,2.7,2.4,3.3,2.6,2.7,1.8,3.6,1.9,2.3,1.8,3.5,3.1,3.4,1.6,3.4,2.5,-3.3,-1.6,-1.5,-1.5,0.9,-1.2,0.6,-1.0,2.2,1.6,3.1,-2.5,3.0,2.2,3.8,0.8,1.9,-1.5,2.5,1.6,2.8,3.4,1.0,3.6,1.5,-6.3,-0.0,1.5,1.8,0.4,-0.3,-2.4,-1.0,-1.2,0.2,-0.5,-0.2,0.6,2.1,2.3,0.2,1.3,0.6,4.8,1.7,2.4,-1.8,1.6,0.4,1.6,0.5,0.0,-0.9,3.9,2.3,0.6,-1.5,-4.9,-4.4,-5.7,-13.8,-5.5,-2.3,-13.7,-1.7,-0.6,-0.6,0.1,-0.6,1.1,1.8,-4.9,3.6,1.9,1.0,1.3,-1.5,-0.4,-0.5,1.4,-0.3,0.7,-1.5,-1.4,-2.4,-3.3,-0.2,-0.1,0.0,-0.3,-3.2,-2.0,-1.7
2C7L51BRx6,0,48.104717,11.623878,4441986.78,2778124.78,537.6,583.3,267,7284,2.0,0.84,0.34,32.64,348.97,-0.529,-0.103,0.842,-0.4,0.1,1.45,0.17,0.9,0.1,-0.3,-2.9,-2.0,-1.3,-2.5,-1.6,-2.3,-1.5,-3.4,-1.5,-0.0,-2.9,-1.0,-1.5,-1.8,-2.5,-0.6,-3.2,-2.5,-5.2,-4.8,-2.3,-2.3,-3.6,-6.0,-2.8,-3.1,-1.5,-3.1,-2.2,-8.3,-19.1,-8.2,-7.5,-6.2,-8.6,-5.7,-3.4,-5.4,-3.2,-3.4,-2.8,-1.0,2.0,-3.5,-2.6,-1.2,-3.8,-4.3,-9.5,-6.2,-6.6,-7.5,-6.6,-7.8,-6.4,-9.5,-5.2,-8.0,-5.6,-6.3,-8.7,-8.9,-6.8,-7.9,-6.0,-6.8,-6.9,-5.7,-9.2,-6.9,-6.3,-6.3,-6.8,-6.8,-7.2,-6.7,-6.8,-6.5,-8.2,-7.8,-7.8,-8.8,-8.2,-8.4,-8.3,-11.3,-9.1,-9.6,-10.1,-12.6,-10.6,-11.0,-10.7,-7.8,-11.4,-5.6,-10.3,-10.4,-10.4,-9.8,-10.9,-8.9,-9.1,-7.4,-9.0,-6.9,-7.2,-9.0,-7.9,-7.8,-8.3,-7.5,-8.0,-7.5,-6.6,-7.3,-7.0,-7.9,-8.4,-6.6,-7.5,-7.7,-7.2,-7.8,-7.3,-7.2,-7.6,-7.2,-8.4,-8.7,-11.8,-6.5,-7.9,-11.6,-11.1,-10.8,-10.3,-9.1,-6.3,-6.4,-5.6,-6.9,-8.1,-5.3,-7.7,-6.7,-3.4,-5.0,-7.9,-7.9,-8.3,-9.2,-8.2,-6.2,-5.2,-3.9,-5.8,-5.5,-4.9,-6.9,-9.2,-5.4,-8.1,-7.4,-8.8,-6.1,-6.7,-8.3,-5.9,-6.2,-4.9,-6.4,-3.0,-5.8,-4.7,-5.5,-5.2,-4.6,-6.9,-5.8,-5.0,-5.4,-5.4,-6.4,-4.9,-9.1,-6.5,-5.0,-5.2,-8.9,-8.0,-7.6,-6.8,-10.5,-7.0,-4.3,-10.1,-9.9,-8.8,-9.8,-5.6,-7.1,-6.0,-5.5,-3.7,-4.5,-4.8,-6.5
2C7L51BRxG,0,48.104785,11.624406,4442025.94,2778133.18,535.9,581.6,267,7294,2.8,0.81,0.41,32.64,348.97,-0.529,-0.103,0.842,-0.6,0.1,-0.85,0.22,0.3,0.2,-0.3,2.1,1.0,2.4,1.7,0.7,-2.1,-0.2,0.9,2.0,-4.2,2.3,0.7,0.0,0.9,0.3,3.4,2.4,2.9,3.2,4.2,1.1,2.4,2.6,-2.8,7.0,2.4,5.6,1.3,3.0,-2.2,-9.6,-1.6,-1.1,2.0,-0.6,-1.3,2.0,0.8,3.3,3.0,1.2,2.5,3.0,-1.9,2.0,3.1,-0.5,0.5,0.4,-0.2,3.6,-0.8,1.7,-1.5,1.5,1.3,1.2,-0.4,0.1,-1.5,-0.5,2.3,-6.2,-0.6,4.0,-2.5,-0.2,10.2,-2.2,2.8,-8.4,0.9,2.3,3.9,-0.3,2.5,3.2,5.5,3.2,9.3,3.6,2.0,-0.5,2.4,2.7,2.3,3.8,-1.3,-1.4,-2.3,2.8,4.4,1.1,5.4,2.0,4.5,4.4,-2.2,2.9,1.3,2.7,4.0,1.8,5.7,2.9,5.4,4.5,6.2,5.9,1.8,4.5,3.2,4.6,4.3,4.8,4.8,10.8,2.5,-0.3,7.1,3.4,1.9,-1.5,5.1,3.2,3.1,4.6,1.7,0.8,-2.9,0.3,1.2,-6.5,2.0,-5.3,-0.7,1.1,0.8,3.1,2.5,-0.5,-0.4,-4.0,3.0,3.9,3.1,-4.2,2.4,4.0,2.8,5.6,1.3,-1.1,-0.3,0.9,-0.1,-2.0,4.3,3.9,-1.2,-6.1,0.0,0.2,-6.1,-0.3,0.4,-1.1,-4.6,1.5,-1.0,-1.5,-1.7,0.8,-2.7,-4.3,-2.3,-2.9,-1.4,-4.2,-1.4,-2.3,0.3,-2.4,-0.4,0.4,-2.1,-1.2,0.9,3.7,-2.6,-2.3,-2.7,0.2,0.7,-1.8,-1.1,-0.6,-3.5,-1.2,-2.1,-1.7,-1.7,-2.7,-2.9,1.3,-1.1,0.2,-3.1
2C7L51BRxJ,0,48.104836,11.624806,4442055.68,2778139.54,546.1,591.8,267,7297,4.3,0.65,0.5,32.64,348.97,-0.529,-0.103,0.842,-0.4,0.2,-0.34,0.33,0.6,0.3,-0.3,-1.3,-0.8,-1.1,-9.2,-3.3,2.5,-0.8,-5.9,-0.6,-1.0,-2.3,-2.7,2.0,3.2,13.1,2.7,-1.9,1.5,-5.9,-8.9,-0.6,1.3,0.8,5.3,-1.3,0.1,-0.9,-4.4,-3.2,-5.7,4.6,-1.8,-4.4,-6.9,-4.3,-4.8,-0.3,-3.9,-6.3,-3.8,-1.0,2.3,-5.9,4.4,-1.9,-6.9,-2.1,-2.9,-1.6,4.3,7.5,-5.2,4.8,6.0,-6.5,-5.2,7.5,1.5,1.1,-10.6,-1.3,-4.1,-0.6,1.0,-1.1,1.8,-1.0,2.3,-0.2,-3.2,1.6,-3.2,4.8,2.7,-1.9,-2.9,-10.4,-2.4,-5.6,-4.6,-0.0,-9.0,-6.4,-6.0,1.1,-0.8,-0.4,-4.3,-3.4,-8.5,0.7,-7.1,-3.2,-1.5,-3.4,1.1,-5.2,-5.4,-1.7,-0.6,-0.7,0.3,13.4,-0.9,-4.3,-7.4,-2.8,-0.6,-0.6,-5.8,-3.4,-10.2,3.5,-6.7,-4.3,-3.6,-7.3,-0.7,3.6,-4.3,-3.5,7.8,-5.2,-3.2,-4.1,0.2,6.9,0.6,-0.8,2.2,-1.2,-2.2,-2.4,-4.4,-3.8,-1.1,-6.1,-4.2,1.0,4.0,1.4,2.3,2.6,0.5,-3.4,-1.9,-1.2,-2.4,-0.9,0.3,-8.8,-3.0,-1.6,-12.4,-8.0,1.0,-1.7,11.0,-9.0,-5.5,-2.8,-1.4,12.3,6.0,-7.4,-6.1,-6.5,2.8,-3.1,0.1,-5.6,-7.8,-1.5,-2.2,2.1,1.9,-6.0,-2.6,0.5,-1.5,3.8,5.5,-4.4,-0.6,-2.2,-0.6,-2.2,-4.0,-3.5,-8.4,-6.9,-6.6,-6.7,-5.0,-5.2,-3.2,1.5,-3.5,-11.4,-5.1,-1.3,-3.8,8.8,-3.6,-9.5,-8.8,-6.3,-6.0
2C7L51BRxn,0,48.105051,11.62648,4442179.84,2778166.17,546.2,591.9,267,7327,3.7,0.63,0.48,32.65,348.97,-0.529,-0.103,0.842,-0.9,0.2,-0.29,0.28,3.0,0.2,-0.3,-10.8,-5.8,-0.4,5.9,1.3,-1.3,-3.9,-8.1,9.4,6.2,2.7,-0.1,4.9,-5.2,4.6,4.4,7.3,8.3,8.3,6.8,9.1,4.0,3.0,0.9,7.3,13.5,2.3,8.5,8.9,4.0,-1.3,1.5,-1.7,4.3,6.0,4.0,9.9,11.1,9.6,9.4,-3.9,6.6,6.9,5.5,3.5,1.2,2.7,0.2,0.6,3.6,1.8,2.6,3.4,3.5,4.2,4.2,2.1,0.9,2.0,0.4,-2.0,4.2,-1.9,0.2,-2.0,0.8,0.1,0.0,-2.0,3.3,0.3,0.4,-1.4,1.7,2.1,5.8,7.7,6.7,4.9,5.6,6.7,4.9,2.4,5.2,1.6,6.3,7.8,6.7,7.9,3.4,-0.0,6.4,-3.4,7.2,5.5,5.6,6.0,4.2,3.5,5.8,2.6,6.4,4.7,4.8,5.3,4.0,5.4,-1.0,4.4,6.2,3.8,2.1,-1.0,-1.3,0.8,-2.8,-4.7,-2.4,-8.5,-1.9,-2.8,-0.4,-3.3,1.2,3.4,4.2,1.5,-0.3,-1.2,-0.2,2.1,6.5,-1.9,4.5,0.8,1.6,1.3,-2.0,6.0,1.9,-8.0,-5.5,2.5,3.4,-0.6,-2.6,8.3,-5.9,-5.9,4.4,1.5,4.2,6.3,4.3,-0.5,1.7,5.2,0.6,8.2,2.1,0.7,5.1,5.7,0.0,1.0,-6.8,6.8,3.2,4.2,3.8,3.3,0.7,-1.9,-4.6,-5.9,-4.0,-4.4,-1.4,-11.6,-1.3,-3.0,2.5,3.4,0.1,-3.4,2.5,-5.7,5.0,5.6,8.3,-1.7,5.7,1.8,2.8,0.5,4.5,4.9,1.0,0.9,-0.0,3.6,0.9,-5.2,-5.0,-1.2,-10.6,-9.0,-9.1
2C7L51BS0m,0,48.106358,11.636657,4442934.82,2778328.15,528.7,574.4,267,7512,4.3,0.64,0.51,32.69,348.97,-0.53,-0.103,0.842,-0.7,0.2,-0.58,0.33,2.7,0.3,-0.3,-0.4,-3.6,1.3,-6.9,-7.9,3.1,-0.5,-4.0,7.9,-4.1,-3.6,0.8,14.1,-4.5,15.2,-8.6,2.1,-8.0,-4.3,-8.8,-10.6,-7.1,-6.6,6.6,-4.2,-9.1,-3.7,-1.8,-14.1,-9.6,-4.6,-11.3,-14.6,-5.4,-6.3,-1.9,-2.8,-6.1,0.5,-4.9,-4.2,-4.8,-0.7,-3.3,-4.0,-3.0,-1.8,-1.9,1.4,9.7,1.5,3.0,2.2,11.9,-1.1,-0.9,-2.4,4.6,1.0,-0.9,-2.2,-1.1,-5.4,-0.5,-1.8,-3.4,-3.1,-1.4,-1.7,0.4,-6.6,-0.7,-4.9,5.2,11.9,-4.8,8.3,-9.9,-4.8,6.6,-3.6,-4.1,-1.2,-4.7,-6.1,-5.3,-0.7,-6.7,-7.5,-6.7,-7.0,-9.6,-1.0,-9.3,-7.4,-0.4,-4.2,-4.8,-0.1,-3.7,-9.7,-8.9,4.7,-7.2,-5.4,-0.1,4.9,-0.7,-2.2,-5.2,-2.9,-0.5,1.3,-3.4,0.2,-3.5,-3.7,-7.6,-1.7,-5.4,-3.3,0.7,-2.7,-0.6,0.2,-1.0,-2.1,-2.9,-6.0,-6.4,-1.9,-3.6,2.8,-6.4,-8.4,-6.5,-8.0,-9.6,2.7,-0.7,-5.6,-5.4,-2.0,-2.8,-3.3,-1.8,-0.7,0.1,-1.6,-2.1,-0.2,-1.3,0.5,-0.8,3.7,-3.0,-3.0,-1.9,-3.8,-6.1,-4.0,-15.7,-6.4,-7.5,-10.3,0.5,-3.3,-4.2,-4.1,-5.8,-4.8,-7.3,-6.2,-6.5,6.0,-3.0,-4.2,-2.4,14.9,-3.6,-1.7,-3.7,-5.7,-6.8,-3.0,-3.2,-11.0,-5.0,-8.9,-6.0,-8.4,-10.1,-10.0,-5.0,-7.2,-6.0,-5.8,-8.4,-5.7,-9.8,-7.7,-5.2,-5.1,-3.6,-7.6,-3.9,-4.5,-2.8
2C7L51BRwf,0,48.104535,11.622318,4441871.03,2778102.02,536.5,582.2,267,7257,2.5,0.85,0.4,32.6,348.93,-0.529,-0.103,0.842,-0.4,0.1,-0.72,0.19,1.0,0.2,-0.3,-0.5,0.9,0.2,1.5,1.5,-2.2,0.2,0.4,1.6,-2.6,0.4,2.6,0.6,0.8,-2.9,1.0,-1.1,0.7,-0.5,1.6,-2.8,-1.0,0.5,-3.6,2.0,2.2,-0.7,1.2,-1.1,-4.4,-12.7,-2.1,-0.7,-2.3,-6.0,-3.3,-0.3,-0.3,-2.2,-0.8,-3.0,-2.5,1.6,-1.0,-2.7,0.8,-0.2,-0.7,6.0,2.8,-2.5,2.9,1.2,-0.9,1.6,2.2,1.7,1.2,1.9,-1.4,2.3,2.4,-0.8,1.3,-5.7,2.6,2.2,1.6,2.3,1.4,-0.6,2.5,2.8,2.6,0.1,0.7,2.8,1.4,0.6,3.7,1.9,-0.1,-6.6,-0.9,1.2,0.2,0.1,-6.3,1.4,-3.5,-4.1,-2.2,-4.0,3.9,1.2,5.4,-10.6,0.5,-1.0,1.9,1.1,1.6,2.7,-0.6,3.6,1.4,1.7,1.4,2.9,0.3,1.8,1.8,0.9,-0.2,-1.4,-2.7,-4.2,-1.2,0.6,2.3,-2.6,-0.9,-1.5,1.6,1.8,-1.9,2.3,1.9,-0.7,-0.7,-3.8,3.4,-0.9,2.6,-1.8,1.2,2.8,-2.2,0.8,4.5,1.5,-0.4,-0.5,0.7,1.9,-0.5,-4.1,0.9,0.5,1.3,-0.9,2.4,2.2,0.8,0.3,-0.8,4.3,1.6,0.8,-1.4,0.1,-5.1,-0.3,0.3,-0.2,2.4,-0.2,-3.8,-0.4,-2.5,-3.2,-6.1,-4.2,0.7,-3.9,0.3,-3.4,-1.2,7.8,-1.5,-0.6,0.2,-2.5,-0.0,-0.4,-0.7,-4.9,-0.4,-3.9,-6.8,-3.4,-6.5,-1.7,-6.7,-2.1,-2.3,0.8,-2.5,-2.9,-2.2,0.6,-1.4,-3.6,-1.2,-2.1,-3.0,-0.7,-3.0
2C7L51BRxD,0,48.104785,11.624261,4442015.17,2778132.93,536.8,582.5,267,7291,2.8,0.84,0.43,32.64,348.97,-0.529,-0.103,0.842,-1.6,0.1,-0.56,0.21,1.2,0.2,-0.3,-1.5,-0.3,-1.1,0.8,-2.5,-2.5,-0.4,-0.8,0.3,2.6,0.7,0.5,1.0,-2.4,-0.4,-2.0,-0.7,-2.9,-1.3,-2.0,-0.5,-0.5,-2.4,-3.0,0.9,0.2,-0.1,-1.6,-1.8,-6.5,-13.7,-4.7,-3.9,-2.6,-5.0,-3.1,-0.8,-0.6,-0.5,0.4,3.3,0.5,2.6,-1.3,1.3,-1.8,0.6,-2.3,-2.3,-1.8,-1.5,-2.1,-0.2,-2.6,-0.5,-2.1,-0.8,-2.6,-2.7,-3.2,-1.9,-1.3,-4.2,-2.3,-1.3,-1.8,-3.0,-2.3,-2.5,-3.8,-1.4,-4.2,-4.0,-2.1,-3.2,-4.1,-4.5,-4.3,-4.2,-2.5,-4.1,-1.5,-2.4,-4.6,-3.0,-1.5,0.1,-7.2,-2.8,-7.1,-5.3,-2.1,-4.2,1.9,-3.4,0.8,-1.5,-7.0,-3.0,-2.9,-3.2,-1.1,-2.9,-1.9,-4.4,-4.4,-0.2,-0.8,-3.6,-1.2,-2.9,-1.4,-2.9,-1.1,-0.8,-1.7,-0.2,-1.4,-1.7,0.7,0.3,-2.3,-2.9,-0.9,-2.9,-1.5,-2.6,-6.5,-3.1,-4.0,-5.3,-2.3,-2.1,-3.9,-5.6,-4.6,-3.6,-8.4,-2.2,-1.1,-2.5,-0.7,-4.1,-1.5,-4.2,-3.1,3.2,-0.9,-3.3,-5.1,-5.9,-5.4,-5.9,-5.9,-5.1,-8.0,-6.7,-6.4,-5.3,-4.7,2.8,-3.1,-2.8,-9.2,-2.3,-1.7,-7.0,-8.5,-1.9,-6.0,-6.7,-8.9,-7.4,-4.7,-3.4,-5.8,-7.2,-7.9,1.0,-6.5,-10.7,-7.7,-13.0,-9.3,-7.0,-16.0,-7.2,-19.7,1.4,-22.5,-10.0,-4.8,-9.9,-5.6,-9.6,-6.4,-8.0,-11.1,-15.1,-7.8,-3.6,-6.4,-4.7,-8.5,-7.8,-4.7,-9.2,-4.9
2C7L51BRxM,0,48.104847,11.624748,4442051.27,2778140.68,534.9,580.6,267,7300,4.1,0.68,0.5,32.64,348.97,-0.529,-0.103,0.842,-1.3,0.2,-0.24,0.31,0.6,0.3,-0.3,0.1,-0.5,4.3,2.3,-5.8,-1.2,-0.9,0.6,-0.3,0.4,0.6,1.8,-3.1,1.3,-4.5,-0.0,1.3,-2.0,1.4,-6.3,-0.1,0.1,-0.8,-1.3,5.1,1.0,0.7,-2.7,0.9,-2.7,-11.9,-4.7,-7.1,1.2,-3.6,-2.7,5.6,0.4,1.9,3.0,1.3,-0.2,-0.6,0.2,-0.3,0.3,1.1,1.3,1.9,2.3,0.4,-6.9,-1.2,-8.5,1.0,2.1,1.5,-0.8,-1.3,1.7,12.2,-4.8,-2.3,-9.0,3.1,-1.7,3.6,3.3,-6.8,-7.5,0.8,-5.1,4.4,-4.8,3.6,4.1,0.4,-13.0,0.5,1.6,-11.7,-6.3,-0.6,1.2,1.1,-4.4,3.2,-1.9,-3.9,-13.0,-0.0,2.5,1.2,3.4,-9.0,4.1,0.4,2.3,0.1,2.1,-2.5,1.1,-0.0,-7.0,-6.6,-5.3,-3.5,-4.0,-0.4,-3.6,-5.4,-4.7,-5.9,-2.7,-0.9,-5.9,-2.6,-1.0,0.7,0.5,-2.7,-2.1,6.5,2.6,0.7,-3.2,-1.0,0.4,-7.0,-10.4,-2.5,-1.9,-4.0,-6.7,-3.0,-0.8,-6.4,-7.5,-0.3,-2.3,-2.3,0.0,-6.1,-4.1,-4.9,-5.4,-1.5,-5.8,-4.5,1.9,-6.5,-6.2,10.0,0.2,9.3,-2.3,1.5,-4.8,-6.6,-3.4,-3.9,-8.3,-7.5,-12.2,5.2,-2.8,-11.1,-10.5,-5.4,-6.6,-6.7,-8.6,-6.3,-5.3,-1.8,-2.5,-7.4,-5.5,-6.3,-5.3,-8.5,-7.1,-7.8,-7.3,-3.2,-5.9,-1.9,-1.2,-7.8,-8.0,-14.3,-4.5,-13.1,-14.4,-1.8,-4.4,-0.8,0.6,-5.5,-4.9,-6.4,-0.1,-2.9,-4.8,-3.7,-5.1,-16.6,-6.9
2C7L51BRwJ,0,48.104398,11.621105,4441780.99,2778084.77,539.7,585.4,267,7235,3.2,0.82,0.33,32.59,348.93,-0.529,-0.103,0.843,-1.1,0.2,-0.25,0.24,0.9,0.2,-0.3,-2.0,1.8,2.3,1.0,-0.3,13.5,1.8,-0.2,2.1,-9.8,2.7,14.9,3.2,2.6,2.7,2.5,1.6,1.0,2.5,0.3,-0.3,1.7,-2.3,-1.4,0.9,1.9,3.5,-2.6,-2.2,-2.4,-14.6,-3.7,-2.9,-1.5,-5.3,-0.3,-0.3,0.7,4.0,1.8,0.2,-1.9,4.0,2.2,2.2,0.6,-6.4,-1.3,1.3,0.5,-0.7,-0.2,1.3,-0.4,0.2,1.1,-3.3,0.5,-1.2,-2.7,-1.1,0.1,-0.1,0.4,-11.3,-0.9,-1.1,-0.1,0.1,0.0,-5.4,1.7,-1.2,1.3,0.5,1.3,0.8,2.4,0.8,0.4,-0.2,2.4,1.2,0.2,1.0,2.4,0.6,-2.7,0.3,2.1,0.8,-0.6,-7.2,3.5,0.9,1.9,-2.1,0.8,2.5,0.9,-1.1,1.0,-0.0,0.0,1.2,0.2,-1.3,-0.1,-1.0,-0.7,0.3,0.9,-0.7,0.6,0.0,-3.9,-2.4,-3.4,-4.4,0.3,-1.4,-0.9,-3.2,0.1,0.5,1.8,-4.7,0.1,-1.3,1.9,-1.6,0.4,-5.7,1.5,-0.5,1.7,1.9,-0.3,1.3,0.5,-9.3,-2.0,-0.9,0.6,-1.6,0.2,-4.1,-1.8,-2.6,-1.6,-3.2,-2.2,-1.7,-1.2,-0.5,-1.8,-1.3,-0.9,2.1,0.3,0.6,-3.1,-0.1,-2.0,-1.4,-2.8,-4.4,-4.0,-2.2,-0.4,-2.7,-3.5,-9.1,-11.6,-12.2,-13.1,-7.5,-3.5,-15.7,-3.8,-1.3,-0.5,-0.8,-4.5,-1.5,-0.6,-8.0,2.3,-1.8,-4.2,-2.8,-1.9,-2.0,-3.2,-4.5,-2.4,-2.6,-4.0,-4.7,-3.9,-6.3,-4.7,-4.3,-3.3,-4.1,-8.4,-5.1,-3.8
2C7L51BRwN,0,48.104414,11.621228,4441790.12,2778086.74,534.3,580.0,267,7239,2.5,0.84,0.37,32.6,348.93,-0.529,-0.103,0.842,-0.6,0.1,-0.76,0.19,0.5,0.2,-0.3,-3.6,-0.5,-0.3,1.6,0.0,5.6,1.1,2.1,2.8,-1.8,2.7,1.0,3.1,2.0,0.1,-0.9,-0.4,2.5,2.8,2.0,0.2,1.3,-0.4,1.1,2.6,3.6,2.8,-7.2,-0.6,-2.1,2.9,-3.3,-1.0,-3.7,-9.1,-0.2,-1.2,3.8,3.8,5.8,0.4,-2.7,3.6,6.4,3.5,4.2,-1.8,-1.1,-0.0,0.2,2.1,1.8,2.5,1.9,2.0,3.9,-0.7,0.4,-0.1,-0.2,0.1,1.2,-0.7,2.4,0.9,-0.5,0.5,0.8,1.9,1.4,-2.1,2.5,-2.6,0.7,2.1,1.5,1.6,1.5,0.3,1.6,0.9,1.5,0.0,2.4,3.6,3.3,2.2,-2.2,5.1,4.6,0.1,0.9,-0.8,7.0,4.3,4.1,0.4,0.4,3.6,2.7,-0.7,1.1,3.7,1.0,2.2,3.7,0.1,3.8,2.6,1.1,-2.5,-0.9,2.0,0.1,-1.7,-0.0,-2.1,-0.0,-1.6,2.9,0.9,2.7,1.0,2.3,2.8,1.8,-0.4,1.0,1.0,2.6,-2.9,3.1,-0.7,0.1,1.9,2.5,3.7,1.6,5.7,-3.8,-0.3,1.7,0.0,2.1,-0.4,-1.6,-5.4,1.4,-0.6,-5.5,2.6,1.0,5.3,2.8,2.1,-0.2,0.8,0.6,2.3,-0.0,2.5,-1.5,5.7,-1.5,5.2,-1.5,-3.0,-1.5,2.8,-0.3,0.2,-0.7,-5.4,-4.8,-6.0,3.6,-0.1,4.6,-4.8,-3.7,1.7,-2.1,0.1,-2.7,-0.7,-0.6,-5.7,0.2,3.0,-3.8,1.6,-2.8,-2.7,1.8,0.6,-2.1,-1.7,-5.9,-2.7,1.5,0.6,-1.6,-2.5,-4.5,-1.6,-7.8,-3.1,-4.9
2C7L51BRxQ,0,48.104932,11.625263,4442089.5,2778150.93,549.7,595.4,267,7304,2.9,0.81,0.4,32.64,348.97,-0.529,-0.103,0.842,-0.5,0.1,-0.06,0.22,1.6,0.2,-0.3,-0.7,-2.3,0.2,0.0,-0.8,3.5,-0.5,-0.1,1.3,3.4,0.9,2.4,0.5,-1.6,-2.2,-3.9,-3.4,-3.0,-5.2,-3.8,-6.4,-2.4,-3.2,-3.9,-2.4,-3.2,-0.8,2.1,-2.5,-6.1,-2.0,-7.2,-7.3,-6.4,-4.9,-4.9,-9.0,-1.6,-7.1,-2.9,2.0,1.4,-1.8,-3.7,-2.6,-5.7,-3.9,-5.0,0.9,-2.7,0.8,-0.1,-0.3,0.6,1.2,-2.5,1.5,1.7,-1.5,-3.2,-1.6,-3.5,-4.3,-2.7,-1.2,1.1,-1.8,-2.4,2.0,-0.8,1.4,-1.2,-2.2,-1.7,-1.6,-4.0,-4.3,-2.8,-4.2,-5.5,-2.1,-3.5,-4.1,-6.9,-4.1,-4.8,-2.7,-4.9,-4.1,-5.0,0.0,-2.2,-0.0,-4.6,0.3,-2.7,-2.0,-5.0,1.3,-0.4,-1.4,-3.6,-6.1,-2.3,-5.1,3.2,-3.0,-0.8,-1.5,-0.6,-6.0,-2.1,-1.5,-1.1,-0.5,-0.2,-1.8,-3.4,0.2,-1.0,-1.3,0.8,-0.2,-5.2,-6.3,-4.4,0.4,-5.5,-3.1,-7.8,-1.7,-3.1,-2.7,-6.0,-3.3,-5.3,-6.2,-13.3,-0.8,1.2,2.3,0.9,-0.2,-3.2,2.1,-0.8,-12.3,1.0,0.3,0.8,-0.4,-2.8,-4.7,-0.0,-2.9,-1.8,-0.6,-1.9,0.1,-4.6,-5.3,-0.2,1.0,-17.6,-6.4,3.2,-3.2,-5.6,-4.3,-2.6,-3.9,-5.4,-1.1,-3.3,-2.2,-4.8,-0.5,-0.7,-12.1,-1.9,-2.7,0.1,-2.1,-1.2,-4.0,-16.0,-5.5,-6.6,-5.0,-6.3,-7.8,-7.4,-6.5,-4.1,-2.9,-1.4,-4.9,-2.7,-3.9,-4.9,-3.3,-2.4,-5.0,-2.0,2.5,-3.4,-2.0,-3.1
2C7L51BRy9,0,48.105243,11.627687,4442269.3,2778189.51,542.9,588.6,267,7349,2.5,0.85,0.36,32.65,348.97,-0.53,-0.103,0.842,-0.1,0.1,-0.58,0.19,0.9,0.2,-0.3,-1.1,-1.1,0.4,0.7,-2.1,-0.4,1.1,2.7,1.5,-5.2,-0.0,1.1,-1.2,-0.4,-0.0,1.9,-1.0,-1.7,-2.2,-6.9,-1.8,2.4,-2.2,0.3,0.7,-4.6,-0.7,-1.7,-0.8,3.6,-2.3,-0.5,-1.6,-2.1,0.7,0.5,2.0,0.0,3.7,2.1,3.1,3.2,4.7,0.1,-1.6,2.8,0.9,-0.8,-0.8,0.9,1.0,2.9,3.3,2.0,0.5,1.7,0.9,1.5,2.2,3.4,0.9,2.1,3.8,2.5,2.7,0.5,1.6,-1.2,-1.2,-1.0,3.1,1.5,0.5,0.8,2.6,-0.9,0.8,-2.5,-0.9,-0.3,-0.8,0.5,-0.4,-1.5,-0.3,2.1,5.8,2.2,6.1,-11.7,6.0,0.5,-4.0,-0.2,2.0,-0.6,-9.2,4.2,7.1,2.3,2.9,0.3,1.9,-0.5,1.1,2.8,-0.6,-0.9,-2.1,2.2,0.5,4.2,3.2,2.5,4.3,1.6,-1.2,2.2,2.9,4.0,0.5,2.0,1.4,1.4,2.6,4.7,0.2,1.6,0.5,0.2,0.1,0.1,2.0,0.2,-3.1,-0.1,-0.9,-4.1,0.5,3.4,0.1,3.8,2.1,1.3,4.2,2.9,-1.5,1.8,1.4,3.7,1.0,1.6,0.4,1.8,-1.1,0.3,1.2,-0.7,-0.4,0.1,-0.0,3.3,6.2,-1.1,-1.8,3.0,-0.2,3.0,0.8,1.0,-1.9,-0.8,-3.2,0.4,0.0,1.2,-1.9,-0.2,10.6,-0.7,-1.5,-2.9,-2.0,-5.1,-0.4,-2.5,-1.0,1.1,3.6,-4.4,-4.1,-1.5,-3.8,-0.6,2.8,-5.7,-0.3,-1.3,-1.1,1.9,1.5,1.4,2.3,-1.2,3.5,2.4,-1.8,0.9
2C7L51BRyH,0,48.105281,11.627983,4442291.25,2778194.23,536.7,582.4,267,7357,1.3,0.91,0.21,32.65,348.97,-0.53,-0.103,0.842,-0.7,0.1,-0.44,0.1,1.9,0.1,-0.3,-0.1,1.7,0.2,-0.1,-0.3,0.9,0.8,0.3,-0.4,-1.4,1.1,0.5,0.4,-0.3,-1.3,-1.6,-2.1,-1.9,-3.2,-4.6,-3.4,-2.2,-2.1,-2.0,-0.1,-1.4,-0.5,-0.2,-4.1,-6.2,-6.9,-6.5,-6.6,-6.4,-1.5,-4.4,-4.0,-1.8,-1.4,-1.7,1.0,-2.3,-2.8,-2.2,-2.5,-2.8,-4.1,-2.4,-2.2,-1.2,0.5,0.3,-1.4,-1.1,-1.0,-0.2,-0.0,0.8,-0.2,0.1,-0.8,-0.5,-0.7,-0.6,0.1,-0.9,-0.4,0.3,-0.1,-0.1,0.4,0.6,0.2,-0.1,-0.5,-1.6,-1.2,-1.8,-0.3,-2.4,-1.1,-3.6,-2.7,-3.4,-0.7,-2.5,-1.7,-2.6,-3.2,-4.6,-5.1,-5.5,-4.1,-2.0,-1.4,-1.2,-1.8,-2.2,-2.3,-2.1,-2.7,-3.3,-3.2,-1.5,-2.8,-1.7,-1.1,-0.9,-1.8,-1.1,-1.8,0.0,-0.7,-0.0,0.0,0.0,-1.6,0.9,-1.6,0.7,0.0,-0.1,-0.3,-0.3,-0.9,-0.6,-1.1,-2.1,-2.9,-4.6,-3.2,-3.2,-3.8,-4.3,-7.0,-3.6,-4.2,-9.8,-3.0,-0.6,-2.6,-2.8,-1.3,-1.2,0.9,-0.4,-2.0,0.5,-1.6,-0.7,1.7,-0.2,-2.1,-1.9,-2.5,-2.4,-1.7,-2.1,-1.5,-1.2,-3.5,-4.2,-4.4,-7.1,-6.7,-5.0,-3.3,-3.3,-3.3,-4.5,-3.6,-5.4,-6.9,-4.6,-5.5,-1.7,-2.2,-2.7,0.3,-2.9,-2.7,-2.2,-2.6,-2.9,-3.3,-3.6,-5.6,-4.9,-4.5,-7.9,-6.7,-4.6,-5.6,-8.1,-6.2,-6.1,-5.3,-4.8,-6.1,-3.2,-5.6,-2.9,-5.0,-4.1,-0.8,-3.8,-4.4,-3.7
2C7L51BRyN,0,48.105328,11.628347,4442318.24,2778200.01,537.2,582.9,267,7363,4.1,0.73,0.53,32.66,348.97,-0.53,-0.103,0.842,-0.1,0.2,-0.74,0.31,0.5,0.3,-0.3,-0.2,1.7,-0.5,3.0,2.0,2.4,-0.4,2.5,0.4,2.6,4.1,-1.3,5.5,1.3,0.9,-0.6,-2.1,-0.1,0.7,-4.1,0.7,3.0,1.5,-2.4,5.9,-0.3,0.7,3.5,-0.3,-5.2,-7.9,-0.7,10.2,-1.4,1.7,-3.6,-6.2,2.4,1.1,-0.7,1.9,1.3,4.2,5.0,2.8,-1.5,3.5,-1.0,1.0,3.7,1.6,-1.6,0.4,3.4,3.0,1.2,6.5,3.8,1.6,0.9,2.6,-3.9,1.2,-2.6,-3.0,0.3,4.0,6.0,0.9,0.1,-2.7,14.8,4.3,2.0,1.6,3.0,-3.3,2.1,1.4,3.2,4.6,4.0,4.0,-2.0,6.5,-3.5,5.1,-0.9,-3.6,2.6,10.5,-4.1,-2.3,2.0,2.5,6.0,0.2,6.3,2.0,-0.9,1.3,2.7,2.3,2.9,-2.8,5.7,2.8,-0.4,-3.2,-0.1,-2.1,1.3,1.3,3.2,-2.3,3.0,18.7,1.6,8.1,1.7,-4.7,4.3,20.1,2.4,3.3,6.3,3.4,3.0,2.8,-0.8,2.4,1.3,4.7,-3.3,-0.9,-6.1,-5.0,1.3,8.0,6.9,-0.4,0.1,3.5,3.8,1.0,14.1,7.4,-2.4,-2.0,0.2,-0.4,-1.5,0.7,4.2,3.7,6.1,3.4,-0.2,3.4,1.9,-1.6,5.6,19.5,0.6,1.8,0.1,-1.9,1.3,1.1,3.4,0.9,-8.8,-2.6,-0.6,-3.1,0.1,-1.9,-3.4,-3.5,-1.5,1.6,-3.7,-1.4,-1.2,-1.8,0.6,-0.8,11.8,-0.5,-1.9,-2.0,2.5,-1.0,-2.0,-0.4,1.2,3.1,11.8,3.6,-2.3,-0.3,0.8,1.3,1.7,3.8,1.4,-2.1,-4.3
2C7L51Bj1D,0,48.105274,11.627779,4442276.04,2778193.02,542.4,588.1,268,7351,2.0,0.82,0.54,32.65,348.97,-0.53,-0.103,0.842,-0.5,0.1,-0.17,0.16,2.7,0.1,-0.3,1.1,-0.3,-1.3,-0.4,-0.3,1.1,-0.8,0.4,0.9,2.8,0.6,2.5,-0.1,-1.8,-1.2,-2.6,-4.7,-4.7,-5.9,-6.7,-7.9,-6.1,-0.9,-6.9,1.3,-6.1,1.0,0.2,-3.6,-8.2,-5.8,-7.3,-10.6,-8.7,-10.0,-4.3,-3.8,-0.9,-1.2,-2.0,2.7,-3.1,-1.1,-4.5,-3.5,-3.3,-1.8,-0.3,-0.8,0.1,-0.3,1.3,0.2,0.6,1.1,1.7,0.5,-0.5,1.1,0.8,-0.3,0.5,1.1,0.2,0.7,0.6,-0.1,-1.1,-2.6,-0.6,-0.2,-0.0,-1.5,0.8,0.4,-2.1,-1.7,-2.1,-4.2,-3.9,-2.2,-4.2,-1.2,-6.1,-5.3,-6.1,-1.2,-7.8,-5.2,-4.9,-3.0,-5.0,-4.8,-4.2,-4.0,1.0,-2.7,-3.2,-2.6,-0.2,-5.2,-0.5,-2.0,-4.9,-3.3,-3.5,-1.5,-1.0,-2.9,-1.1,-1.3,-0.7,0.0,-1.4,-0.5,-0.9,-2.7,-1.7,-0.1,-0.5,0.8,0.3,0.2,-0.1,1.7,1.4,-0.7,-3.4,-1.6,-7.5,-6.7,-3.7,-4.5,-5.4,-7.9,-5.8,-2.8,-11.1,-1.1,0.3,-2.0,-3.1,-1.3,-1.7,0.9,1.8,0.8,-1.6,-0.9,-1.6,-0.9,1.0,-0.2,0.3,-1.9,-1.1,-2.5,-2.2,-5.0,-3.9,-8.3,-9.0,-5.0,-6.7,-7.1,-3.3,-6.7,-5.6,-3.9,-4.2,-4.7,-6.0,-5.2,-3.5,-3.4,-0.5,-1.6,-2.7,-3.3,-3.1,-4.6,-3.9,-3.7,-3.6,-4.9,-5.1,-4.3,0.6,-8.0,-9.2,-6.0,-5.8,-6.4,-5.7,-6.3,-8.0,-2.9,-2.5,-4.1,-3.8,0.2,-2.8,-2.5,-1.8,1.5,-0.8,-2.4,-0.8
2C7L51Bj1R,0,48.105361,11.628456,4442326.33,2778203.82,537.2,582.9,268,7365,3.5,0.74,0.45,32.66,348.97,-0.53,-0.103,0.842,-0.8,0.2,0.45,0.27,1.3,0.2,-0.3,-2.0,-2.1,1.1,0.4,-1.4,7.9,-5.8,-2.4,-1.8,1.1,4.8,-0.6,-6.3,2.9,-2.0,-3.1,-2.5,2.4,-3.1,-7.2,-6.4,-6.1,-5.2,-3.8,-3.1,-4.4,-1.9,-1.5,-8.9,-3.7,-9.3,-6.3,-12.5,-5.5,-3.1,-3.1,-1.9,-0.6,-0.6,-0.2,1.2,0.1,-8.0,-5.7,0.8,-2.0,-4.5,-3.2,-1.7,0.7,-3.0,-6.2,-9.2,-8.7,-5.1,-4.1,-2.4,-5.1,-3.6,-6.4,-3.7,-0.9,-1.9,-3.3,-2.9,0.5,-3.6,-3.6,-7.1,-4.8,-6.4,-1.9,-15.4,-4.7,-6.6,-3.1,-1.5,-4.1,-3.9,-5.2,-4.9,-5.5,-5.7,-8.4,-5.4,-6.1,-6.0,-9.2,-5.0,-10.9,-6.8,-5.9,-7.7,-7.7,-4.8,-1.9,-2.7,6.3,-8.4,-5.1,-2.6,-6.3,-9.9,-10.8,-5.2,-3.4,3.1,-13.6,-9.0,-8.2,-10.4,-5.6,-6.9,-7.6,-5.8,-5.4,-7.1,-2.7,-6.1,-2.1,-4.4,-0.7,-1.5,-4.9,-4.1,-1.4,-5.5,-4.3,-4.3,-8.3,-2.6,-10.3,-2.6,-8.7,-10.8,-8.3,-3.4,-8.7,-6.2,0.8,-7.2,-0.3,-7.1,-6.6,-12.2,-1.5,1.5,-2.2,-6.7,-5.7,-3.9,-0.5,-1.2,-1.6,1.6,-2.5,-2.9,-4.7,-8.0,-12.0,-7.0,-3.8,0.8,-23.4,-9.1,-5.4,-1.5,-1.6,-5.3,-5.1,-7.3,-6.1,-11.0,-10.3,-2.7,-5.5,-1.2,-5.5,-7.2,-5.7,-5.8,-7.5,-4.0,-7.9,-6.5,-10.2,-7.6,-5.9,-6.3,-11.7,-9.6,-13.2,-11.8,-6.8,-11.1,-7.3,-4.8,-3.8,-6.3,-9.7,-5.5,-6.7,-6.2,-6.4,-2.2,-6.7,-5.5,-1.9
2C7L51Bj4H,0,48.10668,11.638734,4443088.7,2778367.33,549.0,594.7,268,7541,1.9,0.9,0.32,32.7,348.97,-0.53,-0.103,0.841,-0.5,0.1,-0.03,0.15,1.0,0.1,-0.3,-1.3,-1.6,-0.6,-0.7,-1.0,-1.0,0.8,-0.7,2.5,1.8,3.8,-1.7,2.2,1.8,-1.2,-1.0,-0.6,-3.3,-7.1,-2.6,-2.6,-4.0,-4.9,-1.6,-1.8,-2.5,-0.2,-2.9,-3.5,-2.0,0.8,-4.6,-4.7,-1.8,1.7,-1.5,-5.2,3.4,0.9,-1.3,0.7,1.9,0.5,-0.9,-2.8,0.1,1.0,-2.0,-0.2,0.5,0.9,1.0,0.6,1.8,1.2,-1.1,0.7,1.0,1.0,-0.1,0.5,1.4,-0.8,3.7,-0.2,3.3,1.3,2.8,1.8,0.8,-0.9,-0.8,1.5,-1.3,-1.2,0.2,-2.1,-3.4,-3.1,-3.2,-0.6,-2.9,-2.9,2.4,-2.6,-4.0,-1.4,-6.6,-3.6,-3.9,-4.1,-4.6,-4.1,-2.0,-1.7,-1.4,-1.0,-2.9,1.2,-1.6,-1.0,-2.3,-2.4,0.0,-0.0,-0.8,-0.7,-1.2,1.1,-1.3,-1.1,-0.8,-2.6,-1.7,-2.4,-2.7,-3.5,-2.6,-1.6,-0.6,2.4,-1.4,-0.2,1.3,2.8,-1.5,-1.5,1.2,-1.5,-1.4,-0.5,1.7,-1.9,1.3,-2.9,-5.6,-4.7,-2.1,0.7,0.2,-2.1,-4.0,-4.4,-1.1,-1.4,-0.9,-2.1,-0.7,-4.7,-1.8,-1.0,0.3,-2.8,-0.4,-1.0,-3.2,-2.9,-3.3,-2.3,-1.4,-2.8,-9.8,-4.4,-5.1,-4.0,-0.4,-0.5,-1.6,-2.5,-2.3,-2.1,-4.6,-2.3,-3.5,-0.8,-0.8,-1.8,-2.5,-2.0,-1.1,-0.9,-5.7,-4.0,-4.6,-2.4,-0.6,-2.7,-4.0,-3.2,-5.3,-6.7,-3.9,-4.4,-2.1,-0.2,-2.5,1.5,-3.0,-1.2,-0.3,1.0,-1.7,-0.3,-2.2,-1.9,-3.9,-5.3,-2.6
2C7L51BizU,0,48.104503,11.621635,4441820.23,2778097.33,539.5,585.2,268,7244,3.7,0.75,0.38,32.6,348.93,-0.529,-0.103,0.842,-0.3,0.2,-0.89,0.28,1.4,0.2,-0.3,-0.2,0.7,1.1,0.1,1.1,3.4,-2.7,0.7,2.2,-1.4,3.9,0.0,-1.3,2.1,1.7,-0.2,0.7,-2.9,0.2,-6.0,1.1,3.8,-0.5,-0.3,2.8,3.4,3.8,1.2,0.5,-2.3,13.2,-3.2,-6.0,-3.0,-6.9,5.9,2.4,0.7,5.1,3.1,3.0,2.4,3.3,3.2,0.3,1.7,1.7,-1.9,0.4,-0.3,-0.4,-0.0,5.0,3.1,1.5,3.0,1.2,1.8,-1.3,1.6,1.7,-2.2,0.4,1.6,1.7,0.9,0.6,-5.5,2.8,3.0,0.5,0.1,0.9,2.3,2.2,2.2,-0.2,0.9,2.4,3.2,4.0,5.3,1.2,-0.5,3.5,2.5,2.5,-1.4,-0.8,1.7,3.3,3.6,0.7,6.3,1.9,4.6,2.0,3.7,4.1,-0.5,0.4,5.5,3.7,4.8,-2.3,5.7,3.1,5.2,3.4,2.9,3.8,5.3,4.8,6.0,4.9,0.3,-0.9,-1.4,0.4,0.3,-3.1,1.0,1.7,1.2,4.1,3.3,2.9,4.4,2.1,3.6,-5.2,-1.6,-2.0,5.9,1.8,5.2,21.6,1.4,9.8,-0.7,-0.8,-0.4,8.3,5.8,3.4,-1.9,-2.6,0.9,-0.9,2.3,-0.7,-2.4,1.7,-1.0,-3.0,-3.2,-3.2,-0.7,6.0,-0.1,1.0,-1.0,7.5,-2.7,12.0,5.5,6.4,-1.5,3.6,-1.2,-0.9,8.3,7.8,-4.7,13.0,-7.2,-6.5,-0.2,7.1,-5.3,3.9,-2.9,-3.1,-5.9,-5.7,-4.0,-1.5,-1.7,0.0,-1.1,-3.4,18.6,-3.5,-1.5,-1.9,1.2,1.6,-0.4,-0.6,-2.0,-2.5,-3.4,-2.6,0.9,-0.7,-1.0,-3.0,0.8
2C7L51Bj0V,0,48.104971,11.625276,4442090.33,2778155.26,541.6,587.3,268,7307,4.3,0.64,0.45,32.64,348.97,-0.529,-0.103,0.842,-1.1,0.2,-0.7,0.33,0.3,0.3,-0.3,3.4,2.3,2.0,-1.1,-0.5,-0.7,-3.3,-3.5,-5.6,5.2,-4.4,-2.5,-8.6,-1.1,15.2,-5.8,-1.0,0.8,0.8,0.1,-0.9,2.7,1.8,0.4,3.9,1.5,4.3,-3.9,0.6,5.0,4.9,-3.7,-10.5,-6.8,-7.3,-2.6,-8.9,-0.8,-6.2,2.8,8.0,-1.9,4.8,2.8,1.3,-2.0,4.5,5.6,4.8,-4.1,0.7,3.3,3.7,0.4,0.9,2.8,-0.8,-0.8,-4.2,1.4,1.0,2.8,2.6,-2.6,-3.8,-1.5,-2.0,-6.2,-5.2,-6.6,-4.7,-4.2,-8.2,-8.9,9.4,-6.9,9.1,11.5,9.0,7.6,10.2,8.8,-3.5,-11.4,1.2,-1.5,3.7,0.7,0.2,-1.9,-2.4,-8.3,-1.2,4.5,-3.9,1.4,-1.1,0.3,0.0,-1.9,-4.1,-1.8,-3.6,-3.6,-2.2,-0.7,-0.5,-1.4,-2.9,0.9,-2.4,1.0,3.4,0.7,3.0,-2.9,-0.9,-2.2,-0.4,4.1,-0.1,3.2,1.3,1.8,0.3,-0.7,-2.9,0.6,-2.5,-3.5,-5.9,-4.3,-5.0,-8.8,-1.3,-3.1,-1.8,-6.1,2.5,4.2,-3.2,-3.8,-2.5,-3.1,0.2,0.4,-0.3,-1.2,-0.2,-2.9,1.4,-1.0,0.2,0.6,0.4,-1.1,-0.8,1.0,-3.0,-3.2,-3.7,0.6,-2.7,-3.3,-3.5,0.7,2.2,8.3,9.1,-12.7,-4.7,-6.4,-3.0,-7.1,-7.3,-6.8,-4.4,-2.6,-1.5,-3.0,-6.5,-3.2,-1.8,-2.5,-3.6,-15.0,-2.2,1.6,-8.7,-14.6,1.1,-5.0,-1.1,-8.9,-14.1,1.2,-3.5,-4.4,-8.7,-4.0,-3.6,-7.2,-7.5,-2.9,-4.4,-3.8,-8.0,-3.0
2C7L51Bj0l,0,48.105103,11.62631,4442167.02,2778171.7,548.2,593.9,268,7323,2.6,0.85,0.36,32.65,348.97,-0.529,-0.103,0.842,-0.6,0.1,-0.47,0.2,1.0,0.2,-0.3,0.5,1.5,-0.8,0.1,-0.4,4.6,-0.7,1.4,-1.8,-5.5,0.3,4.2,-1.3,-0.5,-1.3,-0.0,-2.6,-1.5,-1.2,-1.4,-1.4,-1.2,2.1,-1.0,0.2,-1.5,0.9,1.1,-1.4,-8.1,-4.5,-3.7,-7.2,-2.4,-4.4,1.2,-1.5,1.6,-0.7,1.0,0.7,-4.1,0.6,-0.5,1.5,1.6,-1.6,-2.9,-1.8,-0.5,1.3,1.1,1.3,3.1,0.9,2.8,2.0,-1.2,2.1,-0.4,-2.2,-0.3,13.4,-1.3,1.4,0.5,-3.0,-1.6,0.1,-1.0,-2.3,3.0,-0.1,-2.6,1.0,-0.1,-1.0,-0.5,-1.1,-1.3,-1.0,0.2,-2.1,-4.1,-2.6,1.8,1.8,-1.1,0.6,-6.3,-3.6,-4.2,-0.8,-0.2,-4.3,-1.7,-1.3,-0.6,-0.8,1.3,2.1,-5.1,-1.0,1.2,0.5,-1.1,1.0,1.4,-0.9,2.2,0.9,1.0,0.4,-0.1,-0.5,-2.8,-2.3,-0.4,0.2,-1.6,-0.9,-1.9,-0.4,0.6,0.3,-0.4,5.7,-0.9,1.6,-2.0,0.9,-4.3,-8.0,-1.5,-3.0,-2.4,0.4,-6.8,1.5,1.1,-5.8,0.9,-4.0,-1.6,5.8,-1.3,10.3,2.4,0.7,2.4,1.9,-3.9,-1.8,-2.5,-1.3,-0.8,1.1,-1.6,-2.4,-1.4,-2.2,1.2,-1.2,-3.6,-3.2,-0.8,-1.7,-2.4,2.0,-2.0,-1.0,-5.4,-6.6,-3.8,-3.3,-14.6,-1.2,-2.0,-8.0,-1.7,-4.6,-1.7,-4.5,-4.7,-3.1,-3.1,-4.6,-5.1,-2.4,-4.6,-4.2,-3.0,-0.0,-3.3,-4.0,-2.3,-1.2,-4.8,-3.6,-4.7,-4.2,0.6,-0.7,-2.4,-0.3,-5.4,-1.7,-3.5
2C7L51Bj0m,0,48.10511,11.626364,4442171.03,2778172.56,548.0,593.7,268,7324,1.5,0.94,0.28,32.65,348.97,-0.529,-0.103,0.842,-0.5,0.1,-0.14,0.12,0.4,0.1,-0.3,0.4,1.3,-0.3,1.1,0.0,0.1,0.5,-1.0,-1.2,1.9,0.4,-0.1,0.3,-0.0,-0.0,0.1,-2.2,-1.1,-0.9,-2.7,-1.9,-1.6,-2.1,-1.5,0.1,-0.5,0.6,-1.9,-1.6,-4.6,-10.7,-4.8,-5.2,-1.9,-2.7,-0.4,0.7,0.6,1.0,1.8,-0.2,-1.6,1.6,0.3,-0.1,-0.3,-1.7,-0.8,-1.1,-0.3,-0.2,0.1,0.6,0.7,-0.5,0.3,-1.1,-1.7,-1.7,-2.3,-2.8,-0.5,-7.7,-2.3,-2.3,-1.7,-2.4,-1.1,-1.6,-1.9,-2.3,-1.4,-3.2,-2.2,0.1,-0.4,-0.6,-1.4,-2.3,-1.1,-0.4,-1.1,-3.0,-3.0,-1.7,-0.9,0.7,-2.7,-1.2,-3.3,-2.2,-3.3,-2.9,-0.9,-1.9,-0.8,0.0,-1.0,-1.3,1.0,-1.2,-2.2,0.1,0.4,-0.3,-0.8,-0.6,-1.7,-1.6,-0.2,-1.1,-2.0,-1.9,-0.4,-1.5,-0.7,-1.8,-0.0,-3.0,-2.3,-2.3,-3.0,-1.6,-0.9,-1.5,-0.7,0.2,-1.7,-1.4,-1.7,-3.3,-2.7,-2.8,-1.8,-3.1,-3.6,-2.3,-6.2,1.0,1.6,-1.3,-1.8,-2.1,-1.5,-1.7,-1.9,-3.7,-0.1,-1.4,-0.6,-3.0,-1.7,-1.0,-2.7,-1.6,-1.2,-1.6,-0.3,-0.6,-0.6,-2.4,0.6,-2.3,-3.9,-2.9,-1.3,-1.7,-2.3,0.6,-1.8,-1.3,-4.1,-5.8,-2.4,-2.7,-0.4,-2.3,-2.7,-5.4,-4.2,-3.2,-2.6,-3.9,-3.7,-3.4,-2.8,-4.3,-2.5,-2.7,-5.2,-3.4,-3.4,-2.2,-3.5,-4.2,-3.7,-2.4,-3.7,-4.0,-2.5,-4.6,-1.4,-2.8,-3.0,-2.0,-4.6,-4.4,-4.2
2C7L51Bj0n,0,48.105111,11.626368,4442171.34,2778172.63,545.5,591.2,268,7325,1.7,0.92,0.28,32.65,348.97,-0.529,-0.103,0.842,-0.7,0.1,-0.44,0.13,0.5,0.1,-0.3,3.1,1.5,-0.3,-0.9,-2.7,-1.5,-1.4,-0.4,-1.7,1.7,1.2,-1.2,0.8,3.4,0.8,-0.3,-1.5,-1.4,-1.6,-1.7,-2.1,-1.1,-3.0,-1.2,0.9,1.0,-0.2,-1.6,-1.0,-2.7,-8.7,-4.8,-4.6,-0.9,-2.4,-0.7,2.4,2.8,2.2,2.8,-0.6,2.5,1.5,1.9,0.5,-0.5,0.8,-0.7,-1.7,-1.6,-0.5,-1.0,-1.1,0.3,-1.0,-0.4,-2.7,-0.8,-1.9,-1.3,-1.8,0.4,-2.4,-2.1,-3.1,-1.4,-2.4,-1.8,-0.3,-0.8,-2.0,-3.1,-3.4,-0.1,0.9,0.6,1.6,-2.4,-4.8,-1.4,-0.6,-1.4,-3.2,-2.7,-1.0,-1.5,1.9,-2.5,-0.9,-2.9,-2.4,-2.7,-1.3,-0.2,-0.5,0.2,0.5,-0.7,-1.2,1.2,-0.4,-0.8,0.7,1.0,1.3,0.4,-0.4,-1.3,-1.4,2.2,-0.6,-3.0,-0.6,-3.4,-1.1,0.9,-4.8,-1.2,-3.0,-0.3,-4.7,-2.8,-2.0,-0.9,0.5,-0.5,-2.5,-0.0,-0.7,0.3,-3.7,-1.9,-1.2,-0.7,-3.1,-2.5,-1.3,-4.9,1.1,2.1,-0.7,-2.1,-2.5,-2.1,-2.3,0.1,-1.2,0.1,-0.8,-0.2,-1.2,-1.4,0.1,-1.3,-1.9,-2.3,-3.5,0.8,-0.2,-1.0,-3.0,-0.3,-2.1,-2.7,-1.4,-1.0,-0.4,-1.2,-0.5,-1.0,-2.3,-4.1,-6.0,-1.6,-3.2,-2.4,-1.6,-3.7,-2.6,-5.3,-4.3,-2.4,-5.1,-6.1,-5.2,-2.8,-6.1,-1.7,-2.0,-6.0,-3.3,-5.1,-1.1,-3.5,-3.6,-3.8,-2.3,-4.1,-4.5,-2.9,-4.3,-4.1,-4.7,-6.2,-2.9,-6.7,-6.7,-5.8
2C7L51Bj1O,0,48.105367,11.628361,4442319.2,2778204.35,541.4,587.1,268,7362,2.2,0.89,0.38,32.65,348.97,-0.53,-0.103,0.842,-0.1,0.1,-0.34,0.17,0.5,0.1,-0.3,-1.4,3.3,0.9,0.8,1.2,4.2,-0.3,2.2,0.5,3.1,2.6,4.6,0.2,2.2,0.2,0.8,-1.4,-1.3,0.0,-0.5,-2.9,1.6,0.6,-1.0,-1.8,-2.3,0.6,1.4,-2.1,-0.7,-5.7,-9.5,-13.0,-3.2,0.2,-1.5,0.8,3.7,2.0,3.1,-0.5,1.4,-0.0,-3.0,-0.6,-2.5,-1.4,0.3,0.4,-0.7,-1.4,0.5,-0.7,1.4,1.3,1.1,0.4,-1.9,1.4,1.4,-0.2,0.3,-0.4,-0.5,0.2,2.6,0.4,-0.4,2.2,0.1,2.5,0.6,1.6,-0.1,1.8,1.2,2.8,0.3,0.7,1.3,4.7,-0.0,1.8,-2.1,-1.5,1.0,4.2,-0.6,5.9,1.3,0.4,-2.9,1.0,-1.6,1.6,3.9,1.3,4.2,-0.8,-0.9,-0.2,1.3,4.1,1.3,0.2,-0.7,3.1,1.5,-1.2,5.5,1.9,1.6,0.9,-0.1,1.3,1.2,-2.6,1.1,-5.6,-1.2,1.1,2.0,0.2,1.9,2.1,1.7,0.0,1.6,2.3,0.3,-1.9,0.5,6.0,0.1,-1.3,-0.8,-2.0,-4.0,1.4,2.6,1.9,2.3,-0.1,-1.9,1.7,1.3,-0.8,0.8,-0.5,1.0,-0.8,0.4,0.7,0.8,1.2,-4.2,-0.1,1.0,0.1,-1.5,-4.3,0.3,-4.6,-0.4,0.2,-0.3,-0.3,4.2,3.6,-0.4,-0.1,-2.2,-3.1,-1.7,-0.7,0.2,0.8,0.3,-1.1,-0.1,0.9,0.8,-0.9,1.6,-3.1,1.9,-1.7,-3.8,-1.9,-1.4,-0.1,2.2,1.0,2.1,-0.0,2.9,-3.7,-2.9,-1.7,-1.2,-0.2,0.5,-0.3,-1.9,0.6,0.1,-1.3,0.5
2C7L51Bj3T,0,48.106299,11.635621,4442857.78,2778319.89,535.3,581.0,268,7491,2.6,0.72,0.4,32.69,348.97,-0.53,-0.103,0.842,-0.7,0.1,-0.29,0.2,3.4,0.2,-0.3,-1.3,-0.5,-1.4,3.0,-3.5,1.7,0.4,1.6,0.9,3.6,2.0,-0.5,-3.7,-1.0,-1.8,-0.4,-3.0,-2.8,-5.8,-6.3,-7.8,-5.6,-4.9,-2.6,-3.4,-4.2,-4.5,-2.0,-5.8,-7.9,-3.5,-11.9,-12.6,-10.3,-7.5,-2.8,-8.2,2.4,-9.1,-10.9,-10.1,3.7,-11.1,-6.1,-12.7,-2.7,-2.8,4.1,-2.8,-3.2,-5.3,-3.9,-4.1,-3.6,-2.0,-0.1,1.9,0.2,-2.3,0.2,-1.4,0.3,1.2,0.8,2.8,0.1,-3.6,1.1,-2.3,2.0,-0.4,-0.2,-0.6,-3.5,-2.9,-3.0,-5.6,-3.3,-3.2,-5.0,-4.2,-7.7,-3.6,-2.3,-3.6,-5.6,-3.4,-7.2,-8.3,-8.8,-11.0,-7.0,-1.4,-9.8,-6.8,-7.2,-5.1,-11.4,-7.2,-6.4,-9.8,-7.1,-8.2,-6.9,-4.8,-5.0,-4.0,-9.4,-5.8,-4.5,-2.4,-4.3,6.8,-3.4,-1.7,-0.1,-5.1,-0.4,-1.6,-3.0,2.0,-0.3,-2.2,0.7,-1.6,-1.2,-5.3,-2.7,-4.2,-7.9,-6.8,-5.9,-3.9,-6.7,-8.9,-4.6,-7.0,-6.9,-5.8,-2.0,-4.3,-4.9,-6.9,-3.5,-2.4,-4.7,1.2,-2.9,-2.6,-2.0,-1.9,-0.4,-2.7,-1.0,-3.0,-1.5,-2.4,-3.4,-5.4,-4.9,-7.0,-14.8,-7.0,-10.4,-11.6,-9.0,-7.9,-10.9,-4.2,-6.9,-10.4,-5.8,-10.2,-4.3,-6.8,-3.0,-4.7,-5.1,0.1,-1.6,-3.0,-4.0,-3.2,-3.3,-6.0,-6.9,-4.1,-7.0,-6.4,-9.3,-10.3,-9.7,-11.5,-6.3,-6.6,-9.9,-7.0,-8.4,-1.9,-5.0,-7.5,-8.2,-4.3,-3.7,-9.4,-10.2,-9.1,-3.7
2C7L51Bj3k,0,48.106408,11.636468,4442920.57,2778333.37,530.6,576.3,268,7508,3.8,0.71,0.45,32.69,348.97,-0.53,-0.103,0.842,-0.5,0.2,-0.04,0.29,0.7,0.3,-0.3,5.9,-6.1,-1.2,-0.2,-1.9,-1.4,2.7,1.1,1.8,-0.4,1.2,-1.6,-10.4,-7.7,3.0,3.8,7.8,1.7,7.2,-10.7,-5.1,-4.6,-4.9,1.0,7.0,2.1,-1.1,-1.6,4.2,4.8,-12.5,-4.1,-3.2,-3.3,-0.3,3.9,0.4,0.3,-0.6,1.0,2.8,0.6,1.7,-2.6,-0.5,-1.2,-5.6,-0.9,0.1,-1.7,-0.0,1.8,1.5,0.9,0.8,-3.5,-1.3,1.3,-5.1,-1.0,-1.8,-4.9,-1.5,-4.9,-2.3,-3.7,-3.8,-13.2,-5.2,1.5,-9.8,-2.4,1.1,-0.0,1.4,0.3,1.5,2.7,2.3,-0.0,0.7,-1.6,0.4,-0.6,-2.2,-0.9,1.2,0.2,-0.9,-0.5,-1.6,-6.6,-5.6,-5.2,-2.9,2.4,-4.5,-5.7,1.1,1.1,1.3,-0.2,-0.9,0.9,-4.1,-2.5,-0.9,11.1,-3.8,0.3,-2.6,8.1,1.4,-0.7,3.0,-9.3,5.1,-5.8,-4.0,-11.0,-13.4,1.2,2.0,-1.6,-2.3,-0.1,-0.1,-0.3,-1.9,-6.3,-2.0,1.8,-8.0,-0.9,-5.5,-5.5,-1.7,-0.2,0.8,0.5,3.8,4.2,0.9,0.3,-0.5,-3.9,-0.4,-1.7,-6.9,3.3,0.4,-2.2,-2.8,-0.5,-1.8,-5.2,-1.0,-1.2,-4.5,-4.7,-3.4,-11.3,3.2,-1.8,-3.1,-0.7,-0.4,2.9,0.9,-3.8,-3.5,-0.6,-5.4,-6.6,-2.5,-5.2,-6.6,-2.6,1.9,-1.8,2.8,-0.6,-0.9,-3.8,-1.6,-2.7,-2.6,-4.6,-4.9,-7.7,-5.6,-4.9,-3.8,-0.1,2.4,1.6,1.5,-3.1,-3.7,-3.2,-4.1,-3.7,-6.6,-5.1,5.7,-0.4,-16.4,-2.8
2C7L51BizM,0,48.104474,11.621267,4441792.91,2778093.53,544.0,589.7,268,7236,2.9,0.79,0.37,32.59,348.93,-0.529,-0.103,0.843,-1.8,0.1,-0.73,0.22,1.3,0.2,-0.3,1.4,1.6,1.7,0.7,3.4,-4.2,3.1,2.3,1.7,-4.7,3.5,-6.7,4.9,4.6,3.8,4.1,2.7,4.1,3.1,2.0,1.9,4.2,2.9,1.1,3.8,3.2,4.0,0.5,1.1,-0.6,1.9,-0.8,-0.6,-0.3,-3.9,-0.1,1.1,3.0,4.4,5.8,2.4,1.5,3.2,0.2,3.2,3.1,-1.7,2.0,1.4,2.0,0.9,0.8,0.9,1.5,1.6,1.5,-2.6,2.0,1.4,-0.5,0.2,2.5,-7.1,1.4,-9.9,-7.7,0.1,4.7,1.5,0.8,-3.4,1.6,1.0,2.3,0.6,-0.4,1.7,2.9,4.9,-2.3,-0.3,-2.6,0.5,0.5,-1.4,-1.8,3.0,-5.7,-3.9,-0.4,0.4,1.1,-4.9,5.5,1.3,1.7,-3.0,-1.4,1.8,1.3,0.4,-2.4,3.4,1.6,1.5,2.2,1.6,2.7,0.9,2.1,1.4,1.7,2.4,0.7,2.7,-0.2,0.9,-0.9,-0.4,1.6,-1.2,1.1,0.6,0.6,0.2,-1.4,0.3,3.0,3.6,0.2,3.6,2.9,-3.4,1.8,4.5,-0.5,2.3,-2.8,2.7,1.5,-3.9,-2.3,-1.0,-2.9,-0.6,-0.6,-5.2,-1.4,-3.0,-3.1,-5.8,-2.2,-3.4,-1.5,-2.1,-2.1,0.2,-1.6,0.3,-3.2,-5.1,-1.9,2.7,1.5,-0.4,0.5,-3.1,-7.0,-2.2,-5.0,-5.5,-8.8,-9.9,-12.4,-11.6,-12.2,-11.0,-3.8,-17.4,-3.4,-10.6,-7.0,-5.0,-8.4,-4.4,-6.6,-6.7,-3.9,-2.1,-1.2,-2.1,-5.0,-3.4,3.6,-2.6,-4.6,-1.1,-3.1,-4.0,-7.5,-10.8,-9.2,-7.2,-7.1,-9.7,-11.1,-8.8,-5.8
2C7L51BizN,0,48.10447,11.62123,4441790.18,2778092.96,539.5,585.2,268,7237,1.8,0.92,0.23,32.59,348.93,-0.529,-0.103,0.843,-1.0,0.1,-0.25,0.14,0.5,0.1,-0.3,-0.3,-0.6,-0.1,-0.1,1.1,-2.4,0.2,-0.5,0.8,-1.8,1.7,-0.7,1.5,2.3,2.1,1.8,0.2,-0.2,1.1,-1.2,1.0,1.8,1.3,-1.8,2.4,0.2,3.2,-1.9,-0.4,-2.8,5.1,-4.4,-2.6,-2.0,-5.9,-1.9,0.3,-0.0,2.5,2.1,0.1,-0.0,2.1,0.2,0.2,0.1,-2.0,-1.0,-0.8,-0.6,-0.4,-1.0,0.9,-0.1,-0.3,-1.4,-1.2,-0.4,-0.7,-1.5,-1.2,-1.2,-2.1,-1.9,-6.2,-4.7,-1.3,-0.9,-1.1,-0.3,-2.6,-0.2,-2.7,-0.6,0.1,-0.7,-0.1,-1.5,-1.0,-2.0,-1.3,-0.9,-2.4,-1.6,-0.8,-1.9,-1.5,-6.7,-4.9,-2.5,-0.4,-2.6,-3.3,2.4,0.1,1.8,-2.8,-2.3,0.4,0.2,-0.1,-1.0,0.6,0.9,-1.0,0.9,0.4,1.0,-0.7,0.1,-0.4,0.4,0.0,0.3,-0.1,-1.5,-2.2,-2.0,-1.7,-0.3,-2.7,-1.2,-1.2,-0.8,-1.5,-0.9,-2.9,-0.0,0.1,-1.1,-0.1,0.8,-2.3,-1.2,-3.5,-1.0,-0.6,-2.4,-0.0,-0.3,-3.0,-3.1,-2.2,-3.1,-2.5,-3.0,-4.1,-3.2,-3.9,-3.2,-5.0,-3.4,-3.7,-2.9,-3.5,-4.0,-3.0,-2.5,-0.7,-2.4,-3.7,-0.3,1.5,-1.3,-1.1,0.1,-1.1,-4.8,-0.7,-0.9,-2.0,-6.1,-6.5,-7.4,-7.0,-7.9,-6.7,-3.2,5.4,-4.0,-3.6,-3.6,-3.4,-4.3,-3.7,-2.1,-4.3,-2.2,-4.3,-1.1,-1.3,-4.0,-2.0,-4.8,-4.4,-4.1,-3.1,-4.0,-5.3,-5.8,-6.7,-5.2,-5.1,-4.9,-6.8,-7.3,-6.4,-6.6
2C7L51Bize,0,48.104605,11.622281,4441868.15,2778109.67,543.4,589.1,268,7254,3.3,0.78,0.43,32.6,348.93,-0.529,-0.103,0.842,-0.5,0.2,-0.63,0.25,0.4,0.2,-0.3,-5.4,-2.5,-2.2,-2.0,-1.5,14.6,1.4,-0.2,-2.1,-6.7,0.5,-10.6,0.1,0.7,2.4,3.9,0.5,1.4,2.8,3.0,-2.1,1.7,-0.7,4.2,5.5,5.7,3.1,7.8,-5.0,-0.3,8.0,-0.5,-2.4,-1.7,-4.9,0.4,0.1,3.3,3.2,3.7,1.5,3.1,2.4,4.6,0.8,1.0,-8.7,-0.9,-4.2,2.4,3.2,-4.0,-1.0,3.0,0.0,1.4,0.0,-2.0,0.3,-3.8,-8.6,-0.0,-11.8,-1.5,5.4,11.5,0.5,0.4,6.2,-0.6,0.9,-0.4,-0.4,1.6,1.9,0.7,0.5,-0.6,1.2,1.0,0.0,0.9,1.8,-3.0,0.5,0.0,0.4,-3.7,2.2,-1.9,-0.4,1.9,-6.2,3.2,0.6,2.3,-2.4,-1.6,-0.1,0.8,-1.7,1.9,1.9,1.9,2.8,0.6,3.6,4.4,2.4,-0.1,1.9,1.0,2.4,1.3,-0.1,-1.9,-4.6,0.7,-2.4,1.6,4.9,0.4,-1.9,1.5,1.6,2.4,-0.9,1.8,-0.7,2.0,-0.5,2.5,-5.0,-0.5,-2.5,-1.0,3.1,-0.7,3.1,3.6,0.3,-3.0,-1.0,1.6,0.1,0.3,-6.0,2.8,1.3,0.7,8.1,-1.3,1.2,1.0,0.2,-1.8,0.1,0.3,1.3,0.8,-0.8,-0.0,3.2,0.1,1.4,-2.3,0.2,-1.0,0.9,-0.3,0.0,-0.9,-7.0,-1.4,-11.1,11.2,-0.8,-0.4,9.8,-1.0,-2.1,-2.9,-2.3,-4.7,-2.5,-2.6,-0.0,0.2,-1.6,-1.4,-0.8,-4.7,-1.4,-2.0,-3.3,-0.8,0.1,-1.0,-2.7,-3.4,-5.7,-2.7,-2.5,-4.0,-3.8,-5.2,-1.9,-2.2
2C7L51Bizz,0,48.104781,11.623653,4441969.92,2778131.48,554.1,599.8,268,7275,2.0,0.92,0.27,32.63,348.97,-0.529,-0.103,0.842,-0.4,0.1,-0.36,0.15,0.6,0.1,-0.3,-0.4,0.7,-1.6,-0.2,-1.1,0.1,-0.7,0.4,-0.9,2.1,0.2,1.2,1.5,1.0,-0.2,-1.2,-0.8,-1.3,-0.7,-0.9,-0.9,-0.7,-0.3,-2.2,1.3,1.6,1.2,1.8,0.6,-5.5,-12.2,-5.5,-4.3,-2.6,-4.1,-2.1,0.8,-0.3,2.7,-0.3,-0.2,1.0,1.8,0.7,0.9,-2.2,0.2,-1.8,-0.0,0.1,2.2,-0.1,1.4,-1.1,1.1,-1.7,0.1,-0.9,0.6,1.0,1.0,-2.3,-0.2,-0.9,0.1,0.0,-0.8,-2.3,-0.8,1.1,-1.2,-0.7,-0.3,-0.3,0.0,-0.8,0.1,-0.9,-1.6,-0.3,-0.9,-0.4,-0.7,-0.4,-1.7,-0.4,1.2,-0.9,0.4,-1.4,-0.9,-1.1,-1.2,1.8,-0.6,3.4,-0.3,-0.7,-0.4,1.6,-0.8,-1.2,-1.4,-0.0,-1.4,5.7,-0.3,-1.0,-2.2,-0.6,-1.9,-1.2,-0.9,-0.1,-1.6,-2.1,10.9,-0.5,-0.6,0.3,0.8,-0.4,0.2,-1.9,-1.4,-2.0,0.2,-1.8,-1.8,-0.3,-2.5,-1.0,-0.1,-3.1,-1.6,-2.7,-1.9,-4.3,0.8,-0.2,0.5,-0.8,-1.3,-2.0,-1.7,-2.2,8.7,-0.2,-1.5,-2.6,-0.7,-3.6,-1.0,-1.0,-2.3,-0.8,0.1,-0.5,1.1,-2.2,-1.7,-0.3,-2.1,-2.3,-2.0,0.1,-2.1,-3.5,1.4,-1.5,-3.7,-4.7,-2.1,-1.3,-2.3,9.4,-2.0,-1.4,-2.5,-2.6,-1.4,-0.5,-1.1,-1.0,-3.0,-3.4,-2.3,-1.9,-2.1,-2.8,-3.6,-0.8,-2.9,-3.9,-4.0,-3.2,-2.4,-2.6,-2.3,-2.6,-1.8,-2.0,-2.4,-2.9,-1.5,-2.8,-1.5,-3.1
2C7L51Bj02,0,48.10476,11.623489,4441957.75,2778128.91,535.7,581.4,268,7278,3.5,0.75,0.41,32.63,348.97,-0.529,-0.103,0.842,-0.9,0.2,0.69,0.27,0.9,0.2,-0.3,-2.3,-2.5,-1.9,-1.8,-2.4,-2.1,-3.0,-2.4,-1.3,-1.2,1.0,0.5,2.4,0.2,2.8,2.8,-18.1,2.0,2.9,1.9,2.6,2.6,2.4,-5.2,-2.2,-9.0,3.6,1.1,-0.0,-5.4,-11.2,-5.1,-13.6,-9.3,-7.6,-5.6,-1.5,-5.0,0.4,1.1,-1.2,1.0,3.6,1.4,-1.7,-0.2,-3.4,-3.7,-3.6,-2.5,-3.4,-2.7,-1.6,-1.3,-18.0,-5.0,-4.4,-3.6,-3.6,-1.6,-2.2,-2.8,-2.2,6.8,-4.7,-2.6,-3.8,-4.5,-6.7,-7.9,-4.6,-6.0,-3.6,-5.8,-5.5,-4.8,-4.7,-3.3,-10.9,-3.3,-4.2,-8.1,-5.2,-4.0,-4.0,-6.3,-3.6,-10.3,-11.1,-6.7,-4.1,-11.0,-3.4,-4.5,-7.7,-0.9,-3.2,-7.5,-2.5,-3.1,-2.6,-6.2,-5.8,-1.1,-4.9,-1.8,-2.4,-4.0,-4.1,-2.5,-18.6,-2.7,-4.1,-2.9,-4.0,-5.6,-5.7,-4.6,-4.7,-4.4,-5.2,-5.3,-8.3,-5.3,-4.4,1.0,-1.6,-2.0,-2.3,-10.8,-7.3,-5.6,-2.7,-10.4,-13.1,-6.1,2.1,-4.2,-5.9,1.9,-0.8,-2.0,-5.3,-4.6,-3.0,-5.7,-5.6,-6.3,-4.9,-2.2,-5.2,-9.6,-6.4,-4.1,-5.3,-4.3,-5.3,-5.2,-3.5,-4.8,-13.0,-12.4,-3.5,-9.1,-7.7,-2.8,-7.1,-11.7,-6.6,-4.0,-12.0,-5.5,-3.7,-2.8,-4.3,-3.0,-3.7,-3.7,-5.5,-5.8,-5.0,-5.9,-5.6,-6.1,-4.8,-8.7,-6.2,-3.7,-10.4,-3.5,-4.0,-6.5,-7.4,-7.6,-13.2,-4.0,-6.7,-9.9,-8.6,-4.7,-5.2,-6.7,-5.3,-3.4,-4.5,-4.2,-2.5,-2.7
2C7L51Bj1I,0,48.105342,11.628023,4442294.12,2778201.04,542.2,587.9,268,7356,3.2,0.75,0.43,32.65,348.97,-0.53,-0.103,0.842,-1.0,0.2,-0.31,0.24,2.2,0.2,-0.3,5.7,-0.4,0.7,7.1,0.9,-2.9,1.7,2.8,-2.1,-3.5,0.4,-0.8,-3.3,-2.4,-1.7,-0.9,-5.0,-2.3,-5.0,-6.3,-4.3,-4.0,-3.4,-2.9,-1.4,-3.9,-2.1,0.1,-3.5,-8.3,-9.8,-8.2,-8.7,-6.4,-2.7,-3.4,-3.8,-1.5,-1.8,0.3,-0.5,-3.6,-1.8,-3.5,-2.2,-1.8,-3.1,-2.5,-5.2,-2.2,-1.2,9.7,0.4,-6.8,-0.7,1.7,-2.1,2.0,2.7,0.2,3.4,-0.1,-6.4,1.3,-2.7,-0.7,6.0,-0.8,-6.9,-5.0,0.5,0.5,0.0,-2.7,-2.1,-3.6,-3.2,-3.8,-4.3,-6.7,-2.6,-2.9,-4.8,-5.0,-1.7,-1.9,-1.6,-3.3,-1.8,-6.6,-5.5,-6.5,-5.1,-1.3,-3.0,-3.1,-2.9,-3.5,-4.5,-3.6,-2.6,-4.3,-1.2,-2.3,1.3,-2.3,-3.9,1.1,-2.4,-1.3,-1.2,7.2,-3.8,0.7,-0.5,1.3,-4.9,-0.1,1.6,2.4,-0.4,-3.6,2.8,0.5,-0.6,-1.1,-2.0,-3.5,-1.8,-7.5,-3.5,-5.3,-4.4,-5.7,-5.5,-7.1,-7.3,-13.9,-5.3,-3.8,-1.7,-2.2,-1.1,-4.8,0.1,-1.4,-4.7,1.3,-6.3,-17.7,-8.0,-2.2,-0.3,-3.4,-9.1,3.5,-2.1,-4.2,-5.2,0.4,-7.2,-3.4,-4.4,-8.5,-6.7,-4.9,-4.5,-5.1,-2.1,-5.2,-2.5,-6.4,-8.9,-5.5,-5.0,-18.2,-0.1,-2.2,4.8,-3.7,-7.2,-4.5,-1.8,-4.9,-3.5,-7.5,-7.3,-5.0,-7.1,-7.0,-6.7,-2.6,-6.5,-18.5,-11.8,-11.8,-5.5,-6.0,-6.7,-8.4,-6.1,-6.0,-5.4,-2.1,-5.3,-5.3,-0.1,-0.3
2C7L51Bj1K,0,48.105338,11.627993,4442291.86,2778200.57,535.2,580.9,268,7358,2.3,0.87,0.35,32.65,348.97,-0.53,-0.103,0.842,-0.7,0.1,-0.4,0.17,0.9,0.1,-0.3,-0.6,2.9,-0.3,0.6,0.7,2.9,1.5,0.3,0.6,1.8,1.9,-0.1,1.5,2.0,-0.6,-2.0,-2.3,0.5,-1.2,-2.9,-1.4,-1.6,-5.2,-3.9,1.4,-2.5,0.9,-3.5,-5.2,-6.0,-9.8,-3.3,-7.5,-8.0,1.6,-3.5,-5.3,-2.2,-2.0,0.0,4.6,-3.0,-1.9,-0.0,-2.0,-3.5,-3.6,-3.5,-5.1,-1.9,-3.5,-1.7,-2.0,-2.4,-1.4,0.2,-4.4,-1.0,-3.6,-1.4,-1.3,0.2,-5.9,-5.5,9.9,-2.9,-3.2,-8.8,-3.5,1.5,-4.1,-1.5,-2.0,-1.7,0.6,-3.6,-0.8,1.0,-2.4,-0.8,-1.9,-1.0,-1.0,-0.5,-1.7,-1.9,-1.2,-1.3,-2.2,-3.8,-5.5,-4.7,-2.9,-1.0,0.7,-1.2,-1.9,-2.4,-2.5,-0.4,-3.1,-4.2,-2.3,-1.3,-2.7,-0.8,0.1,-2.0,-2.2,-0.3,0.7,0.3,0.8,-2.2,0.3,-1.8,-4.5,-3.2,-3.4,-0.9,1.4,-0.5,0.1,-1.0,-0.9,1.2,-0.1,-0.4,-1.4,-2.4,-4.0,-3.9,-3.3,-3.6,-6.2,-2.5,-1.1,-6.5,-1.8,-0.4,-0.9,-4.1,-1.2,-1.7,2.5,-1.6,-8.2,-1.3,-2.8,0.8,-9.4,-0.0,-1.7,-2.0,-2.3,-4.7,-2.6,-2.6,-1.0,-5.5,-2.7,-3.6,-3.5,-5.4,-5.1,-4.6,-1.5,-2.3,-2.6,-3.0,-4.1,-4.2,-5.9,-6.0,-5.5,0.3,-2.1,-1.8,1.8,-4.5,-3.9,-2.5,-4.5,-3.0,-4.1,-4.5,-7.3,-4.4,-5.4,-7.6,-6.3,-4.8,-2.9,-6.2,-5.4,-4.3,-3.6,-5.0,-6.1,-4.8,-7.2,-4.6,-6.6,-6.0,-5.0,-7.3,-4.5,-4.0
2C7L51Bj3S,0,48.106313,11.635581,4442854.74,2778321.3,537.6,583.3,268,7490,1.5,0.92,0.21,32.69,348.97,-0.53,-0.103,0.842,-0.3,0.1,-0.07,0.12,1.3,0.1,-0.3,-0.8,-0.0,-0.4,-0.1,-0.4,1.7,-0.7,0.9,0.6,0.7,-1.2,-1.7,0.2,-0.9,-1.2,1.2,-1.8,0.9,-3.4,-2.3,-3.3,-1.2,-2.3,0.2,-0.9,-0.7,-1.4,-0.7,-3.5,-3.4,-1.0,-6.3,-6.2,-7.2,-3.2,-1.5,-2.6,-0.9,-1.7,-1.7,-1.6,-0.7,-2.4,-2.3,-2.9,-3.5,-3.2,-1.1,-1.9,-0.5,-2.7,0.6,-1.3,-0.3,-0.5,-1.3,-0.2,-0.9,-1.5,-1.7,-1.6,-0.2,-2.4,-0.7,-2.6,-0.3,-0.5,-0.9,-1.9,0.2,1.3,-0.4,-2.1,0.1,-1.1,-1.5,-2.6,-1.6,-1.4,-3.1,-1.6,-4.4,-1.9,0.9,-1.8,-2.8,-1.1,-2.8,-3.2,-4.3,-3.1,-4.8,-5.4,-5.5,-4.2,-1.6,-2.9,-3.6,-2.5,-3.7,-2.4,-1.8,-2.7,-1.4,2.0,-2.0,-0.6,-2.5,-1.2,-2.0,-0.5,-3.2,-0.3,-1.3,-1.7,-0.8,-2.2,-1.9,1.0,-1.5,-1.8,-0.7,0.8,0.4,1.1,-1.5,-0.9,-0.9,-1.0,-5.2,-2.0,-1.3,-4.4,-2.5,-6.2,-6.2,-3.0,-5.4,-1.8,1.0,-2.8,-1.9,-3.8,-1.9,-1.8,-0.8,-4.8,-0.8,0.2,0.8,0.4,0.2,-0.2,-0.4,-0.8,0.2,-2.9,-1.9,-4.0,-2.2,-3.3,-9.4,-2.7,-4.6,-5.5,0.2,0.5,-1.0,-3.0,-2.9,-2.8,-2.6,-5.4,-4.0,-2.4,-4.0,-2.0,-1.3,0.7,-2.0,-1.0,-2.0,-1.9,-1.9,-2.3,-1.0,-2.6,-1.8,-4.3,-4.9,-5.8,-4.5,-6.3,0.5,-1.1,-5.1,-2.2,-3.7,-2.6,-1.9,-4.0,-4.8,-3.8,-2.8,-1.2,-2.6,-3.4,-3.3
2C7L51Bj3U,0,48.106315,11.635601,4442856.24,2778321.64,531.8,577.5,268,7492,2.5,0.79,0.41,32.69,348.97,-0.53,-0.103,0.842,-0.3,0.1,-0.19,0.2,2.4,0.2,-0.3,-0.1,-0.0,0.6,0.2,-1.5,-2.8,0.1,0.8,1.2,2.9,-0.6,0.9,0.1,-1.3,1.1,-0.4,-3.1,0.9,-4.6,-4.8,-4.5,-1.1,-3.0,0.9,-1.8,-0.1,-2.2,-3.3,-6.9,-4.1,-1.9,-9.7,-7.7,-9.0,-5.4,-3.2,-4.6,6.6,-3.4,-5.1,-6.8,-9.0,-6.8,-3.7,-3.4,-3.9,-1.8,-5.3,-3.4,-4.5,-2.9,-2.3,-3.9,-1.9,-0.6,-3.5,-4.5,-3.1,-1.5,-5.2,-0.4,-0.4,-13.0,-1.7,-1.1,-3.3,-0.8,4.6,-0.6,0.5,0.6,-1.1,-0.8,0.0,-2.3,-1.0,-3.9,-2.9,-3.0,-1.6,-4.6,-4.7,-1.3,-1.7,-3.0,-5.6,-3.4,-5.0,-4.3,-7.4,-6.2,-9.8,-8.4,-8.8,-6.5,-5.3,-5.9,-5.7,-3.0,-8.8,-3.6,-5.5,-5.5,-4.2,-1.6,-5.5,-5.3,-5.1,-3.8,-5.2,-2.7,-1.7,-1.5,-4.6,-2.5,-2.9,-4.9,0.8,0.9,-0.4,-9.1,-0.8,-1.0,-3.0,0.9,1.3,-1.2,-1.0,-0.3,-2.3,-3.5,-4.4,-4.0,-5.2,-7.3,-8.2,-4.1,-5.8,-4.1,-0.4,-4.9,-4.7,-4.1,-4.8,-3.5,0.2,6.9,1.4,-2.4,0.2,0.4,-2.2,1.2,3.1,0.6,-2.0,-2.8,-0.6,-1.3,-2.3,-4.7,-11.2,-7.9,-8.1,-5.2,-3.2,-4.2,-5.3,-7.0,-4.0,-5.5,-5.5,-6.2,-6.5,-7.2,-12.8,-2.7,-1.9,8.1,-0.7,0.1,-0.1,-3.8,-1.7,-2.3,-2.0,-5.2,-3.0,-2.6,-5.9,-6.5,-5.6,-6.4,-4.3,-1.1,-8.8,-6.2,-7.5,-5.7,-4.5,-4.7,-5.8,-7.6,-4.5,-5.9,-6.7,-7.8,-4.9
2C7L51Bj3W,0,48.106322,11.635657,4442860.37,2778322.53,530.5,576.2,268,7494,2.9,0.73,0.43,32.69,348.97,-0.53,-0.103,0.842,-0.3,0.1,-0.22,0.23,2.9,0.2,-0.3,-2.0,-3.4,-2.3,-0.8,-2.7,2.6,-2.8,0.2,0.3,10.4,-0.1,3.2,-3.0,-1.8,-4.6,-1.3,-6.9,-3.5,-8.2,-7.3,-4.2,-2.4,-2.9,-4.2,-6.0,-5.6,-1.5,-2.0,-5.6,-10.6,-2.5,-10.7,-2.6,-9.0,-7.8,-7.8,-12.8,-6.9,-2.2,-12.7,-7.3,-11.2,-8.2,-6.6,-5.0,-4.5,10.4,-6.7,-5.2,-5.3,-4.1,-3.9,-4.6,-3.0,-0.1,-2.7,-6.2,-4.2,-4.3,-4.2,-6.5,-2.5,-1.4,-0.8,-2.4,2.1,-0.2,6.1,-1.2,-2.7,-0.0,-5.0,-2.3,-2.8,-4.5,-2.7,-2.6,-5.8,-6.6,-7.2,-7.8,-6.5,-6.1,-6.1,-5.9,-6.3,-3.6,-7.1,-7.0,-9.0,-7.7,-7.1,-8.1,-10.4,-10.6,-6.6,-7.6,-8.2,-6.1,-6.4,-6.4,-4.9,-9.0,-6.1,-6.5,-7.7,-5.8,-4.0,-5.4,-6.1,-4.6,-4.0,-3.6,-5.9,0.8,1.0,1.8,-3.1,-1.7,-2.8,1.5,-1.6,0.9,-6.6,-2.4,-4.3,0.8,-5.4,-3.6,-6.8,-3.6,-5.2,-9.8,-7.8,-10.8,-9.6,-10.5,-5.7,-2.2,-1.1,0.0,-6.3,-6.7,-7.0,-5.7,-5.0,5.0,-3.5,0.5,-3.5,1.8,-5.4,-5.6,-3.2,-2.2,-0.8,-5.7,-3.4,-4.6,-6.5,0.0,-9.0,-8.7,-7.9,-8.8,-7.5,-3.2,-1.8,-7.6,-5.8,-1.8,-8.2,-4.3,-2.3,1.9,-5.9,-4.9,-1.7,2.8,-4.6,-2.9,-2.2,-1.5,-4.5,-6.4,-6.5,7.7,-7.2,-8.9,-9.1,-9.9,-7.2,-7.5,-6.8,-4.9,-7.9,-9.0,-8.7,-7.5,-11.0,-7.1,-9.1,-5.2,-5.9,-7.7,-5.6,-6.6,-7.9
2C7L51Bj3X,0,48.106319,11.635626,4442858.06,2778322.04,525.9,571.6,268,7495,2.4,0.83,0.39,32.69,348.97,-0.53,-0.103,0.842,-0.4,0.1,0.0,0.18,2.0,0.2,-0.3,0.4,3.8,-0.8,4.8,-2.1,0.0,1.5,-1.2,-0.6,-0.6,0.4,1.4,-0.3,-1.0,-1.3,-0.3,-3.0,-1.6,-4.6,-3.6,-3.5,-2.4,-2.9,0.1,-1.0,-0.5,-2.0,1.6,-4.0,-5.7,-0.9,-6.1,-6.9,-6.0,-6.1,-1.6,-4.0,-6.1,-0.7,-4.7,-4.1,1.6,-0.9,-4.3,-2.5,-1.2,2.0,-4.6,-1.6,-5.7,-4.4,-2.6,-1.8,-1.2,-1.7,-0.0,-1.3,-1.3,-4.3,-1.0,-2.7,0.9,-8.2,-1.1,-5.6,-1.0,-0.3,9.2,-1.8,-1.9,1.3,-0.5,0.6,-0.6,-2.5,-0.8,-3.6,-1.4,-3.7,-3.4,-1.8,-3.5,-2.2,-3.3,-1.8,-4.7,-1.8,-4.7,-0.1,-4.9,0.3,-5.7,-5.8,-5.6,-3.1,-3.4,-3.4,-5.0,-3.8,-3.8,-5.3,-2.4,-3.6,-1.8,-2.6,-2.7,0.2,-3.7,-1.9,-1.2,-1.4,1.5,-2.1,-0.3,-1.9,1.4,2.1,-0.7,-1.4,-0.8,-0.8,0.4,1.8,1.2,2.8,-1.4,-0.3,-1.4,-6.2,-4.9,-5.1,-1.1,-1.3,-5.3,-6.4,-7.3,-5.3,-4.1,-3.4,3.6,-1.6,-5.1,-5.2,-2.5,-3.7,-4.4,-0.9,-2.6,0.1,-3.9,-1.6,1.7,-1.9,0.0,0.1,-1.2,-3.3,-1.7,-3.2,1.0,-5.0,-10.6,-2.3,-4.8,-5.3,-4.2,-3.8,-2.3,-2.4,-6.3,-5.9,-5.0,-4.1,-3.2,-2.1,-5.4,-0.8,-1.9,-0.6,0.6,-4.0,-0.7,-2.8,-4.1,-2.3,-9.1,-1.3,5.1,-3.3,-3.6,-10.9,-11.2,-10.9,-4.2,-5.2,-5.8,-8.9,-3.6,-3.1,-4.0,-1.6,0.5,-2.8,-1.5,0.6,-2.4,-1.1,1.1
2C7L51Bj4K,0,48.106708,11.63866,4443083.17,2778370.3,537.9,583.6,268,7544,3.1,0.8,0.42,32.7,348.97,-0.53,-0.103,0.841,-1.2,0.1,0.13,0.23,0.9,0.2,-0.3,-0.8,-2.9,-1.8,1.7,-0.3,-0.7,-0.1,6.0,1.2,-3.3,0.9,1.0,0.9,0.8,-0.9,0.2,-2.1,-2.3,-2.4,-2.0,-7.4,-3.9,-1.7,-3.5,-2.4,-3.6,-2.2,-1.0,-0.5,-3.5,-3.7,-3.3,-6.5,-3.3,0.5,-3.5,11.5,-1.3,2.4,-1.2,5.9,-0.6,0.9,-4.6,0.0,-2.2,-4.9,-3.5,-2.3,-4.6,-2.6,-0.8,-2.4,-0.0,-2.0,-1.1,0.6,-2.1,-0.9,1.1,-1.9,-0.6,-0.5,-0.6,7.4,-1.2,-1.9,-3.4,-1.1,-1.6,-3.2,-0.5,-1.7,0.2,-3.3,0.7,-1.9,-2.3,-4.0,-4.7,-3.4,-5.6,-4.9,-1.8,-6.3,-5.1,-4.8,1.3,-13.5,8.2,4.1,-2.2,-5.5,-2.0,-4.3,-2.5,-3.8,-5.6,-3.0,-2.2,-6.6,-4.1,-3.6,-11.8,-1.0,-3.2,-4.7,-2.6,-1.0,-4.3,-0.9,0.6,-3.1,-0.7,-1.7,-0.4,-1.3,-8.2,-2.9,-4.7,-0.4,-4.3,-2.9,-2.3,-0.2,-4.4,-3.4,-1.7,-6.4,-3.9,1.9,-1.1,-6.7,-7.0,-0.1,-11.0,-5.8,-5.1,-0.8,1.0,-2.9,-6.4,-5.5,-2.9,-0.8,-1.2,-0.4,-2.5,-1.7,-2.0,-3.6,-3.7,-3.6,-5.9,-3.3,-4.2,-5.4,-4.6,-4.4,-6.6,-10.4,-15.6,-8.0,-8.9,-10.7,0.1,-3.1,-4.1,-2.7,-9.7,-7.2,-2.3,-5.0,-8.1,-7.4,-6.2,-8.5,-6.3,-7.8,-6.7,-6.4,-5.2,-7.5,-6.0,-4.8,4.9,-7.3,-8.6,-4.7,-8.0,-6.0,-16.9,-3.9,-4.1,-3.7,-6.8,-3.3,-7.3,-5.3,-6.6,-2.1,-7.0,-7.4,-6.7,-3.6,-6.5,-4.8,-3.1
2C7L51BizT,0,48.104524,11.621506,4441810.59,2778099.41,536.5,582.2,268,7243,1.9,0.89,0.28,32.6,348.93,-0.529,-0.103,0.842,-1.1,0.1,-0.81,0.15,1.0,0.1,-0.3,-0.0,0.8,1.6,2.2,1.8,-1.0,-1.0,0.6,0.2,-4.4,0.5,-2.8,0.4,0.9,0.3,-0.2,0.9,-0.2,1.0,1.2,1.7,1.6,0.9,1.8,2.8,3.1,2.9,1.2,0.5,-3.1,9.8,-3.1,-1.5,-0.4,-5.2,-1.3,0.9,0.2,3.8,2.4,1.6,1.0,5.3,0.7,2.7,0.2,-1.2,-1.5,0.6,0.2,1.2,0.6,2.1,2.4,0.5,2.2,1.2,1.7,0.8,0.2,0.5,-0.0,-2.9,-0.6,0.8,-3.7,-1.1,-0.3,-0.4,-0.2,-2.7,-0.3,-1.1,-1.2,-0.8,1.0,0.6,1.9,2.9,2.0,1.2,2.0,-0.1,-1.2,-0.1,0.0,0.3,-3.7,2.3,-0.8,-0.5,0.9,-1.1,4.7,0.2,1.4,-0.9,2.0,2.1,0.5,0.2,2.1,1.4,2.5,-0.1,2.0,1.7,1.0,-0.8,0.1,-0.1,0.3,0.6,1.1,1.1,0.8,-0.8,-1.2,-0.9,0.2,-1.2,1.2,1.9,-0.5,0.2,0.0,-1.8,0.6,-0.4,0.7,-1.1,2.7,-0.1,3.3,1.5,0.0,-1.8,-1.6,3.7,2.4,-0.1,-0.3,-0.5,-0.3,0.5,-0.4,-1.4,-0.8,-1.9,-0.2,-1.0,-2.0,-1.7,-1.2,-3.6,-3.4,-1.1,-1.7,2.2,-1.7,-1.9,-2.0,4.5,3.6,4.4,1.3,1.5,1.6,1.9,-4.3,-4.9,-0.8,-1.3,-4.9,-3.5,-6.4,-3.7,-5.8,-9.3,-3.9,-3.1,-6.6,-5.9,-6.8,-5.8,-6.0,-4.6,-1.6,-2.4,-4.0,-6.1,-7.1,-3.7,-3.6,-3.0,-3.9,1.1,-3.4,-3.2,-7.4,-5.8,-4.6,-5.2,-3.5,-3.7,-5.4,-5.9,-4.8
2C7L51Bizm,0,48.104666,11.622611,4441892.58,2778116.99,539.4,585.1,268,7262,4.0,0.67,0.51,32.6,348.93,-0.529,-0.103,0.842,-1.7,0.2,1.06,0.3,1.0,0.3,-0.3,0.9,2.6,-5.9,-1.8,-6.1,-0.2,0.1,-0.6,-0.0,-1.6,-6.9,-4.8,0.9,-4.1,-1.3,1.3,-0.7,0.5,-0.9,-0.2,0.6,-0.7,-0.5,-1.5,3.8,3.0,4.2,4.7,7.3,-3.7,5.3,-1.1,-2.0,0.8,-2.7,-4.8,-0.2,-1.1,-1.0,-0.6,2.5,-1.4,-0.2,-2.7,-7.8,-6.5,-8.0,-0.6,2.2,2.5,7.3,-1.9,-6.7,0.7,-1.1,-6.1,-3.7,-7.0,-10.1,-5.9,-6.3,-4.5,-6.0,-5.8,-4.2,-6.1,-6.0,-9.1,-6.0,-8.2,-5.4,-6.5,-5.4,-8.4,-4.0,-2.1,-5.0,-6.1,-6.0,-4.5,-7.1,-4.7,-7.4,-1.4,-11.5,-5.0,-5.4,-8.4,-8.1,-11.4,-12.5,4.2,-7.8,-6.0,9.2,-8.8,8.3,-1.2,-1.4,-13.1,2.9,-1.6,6.9,-11.8,-2.8,-9.8,-11.5,-15.2,-15.6,-13.9,-14.9,-14.1,-13.4,-15.7,-14.9,-4.0,-1.1,-10.7,-13.7,-7.5,-1.3,-6.5,-4.9,-5.5,-4.2,-0.9,-2.5,-6.4,-6.0,-6.9,-4.0,-1.7,-6.1,-7.7,-6.9,-5.3,-4.8,-7.2,-2.5,-7.1,-10.2,-8.7,-7.4,-8.5,-9.9,-7.0,-4.4,-3.9,-5.5,-6.8,-6.7,-5.0,-3.9,-6.2,-4.8,-6.7,-5.8,-6.5,-5.3,-7.5,-9.4,-10.0,-8.9,-9.1,-9.7,-8.0,-8.6,-10.1,-6.7,-8.1,-7.6,-10.6,-6.1,-8.1,-10.5,-6.2,-8.1,-6.7,-9.7,-6.4,-6.1,-5.6,-8.5,-7.8,-7.8,-9.2,-8.9,-6.5,-8.3,-11.0,-14.0,-7.7,-14.5,1.6,-15.6,-10.2,-12.2,-9.4,-9.4,-7.3,-13.1,-7.9,-8.1,-11.4,-10.4,-3.2,-5.2,-7.4
2C7L51Bj1E,0,48.105336,11.627828,4442279.56,2778199.99,542.2,587.9,268,7352,2.0,0.83,0.3,32.65,348.97,-0.53,-0.103,0.842,-0.7,0.1,-0.35,0.15,2.6,0.1,-0.3,0.1,-1.0,-1.7,-0.8,-2.8,2.3,-4.6,-1.8,-4.1,4.6,-1.0,4.3,-1.3,-2.3,-2.9,-4.5,-3.0,-3.2,-3.8,-5.0,-4.9,-3.5,-2.7,-4.9,-1.3,-2.6,-1.2,-0.1,-4.7,-8.1,-9.8,-7.6,-9.1,-4.0,-4.9,-4.7,-3.9,-2.5,-1.1,-2.0,-2.6,-2.4,-3.7,-3.1,-2.2,-4.4,-3.1,-3.3,-0.3,-0.0,0.0,0.8,-1.0,-0.9,-1.7,-0.7,-0.4,-2.8,-2.4,-2.2,-2.3,-1.3,0.3,-1.6,5.7,-0.9,-4.5,-4.1,-1.6,-4.2,-6.4,-0.9,-4.4,-1.9,-4.2,-1.4,-4.1,-3.7,-3.2,-4.6,-3.1,-4.8,-3.8,-7.6,-1.9,-3.3,-2.0,-3.0,-7.2,-7.0,-6.3,-7.9,-6.0,-4.3,-2.8,-7.7,-3.9,-7.4,-4.0,-0.0,-4.1,-2.5,-0.1,-1.1,-2.5,-3.6,-2.2,-0.9,-2.8,-0.5,-1.8,-0.6,-0.8,-0.3,0.3,1.5,3.0,-0.8,0.1,1.6,3.3,1.6,-3.2,-2.7,-4.2,-3.1,-0.9,-4.0,-2.2,-7.1,-7.7,-8.2,-5.5,-5.9,-7.1,-5.8,-5.4,-7.9,-3.2,-0.4,-5.3,-1.6,-4.7,-4.9,-0.9,-1.2,-0.0,1.8,-1.0,0.0,3.8,-2.7,0.6,-4.2,-5.3,-1.8,-4.0,-3.3,-5.3,-4.3,-5.9,-7.7,-5.8,-5.7,-8.0,-5.8,-4.0,-5.3,-3.9,-5.3,-6.2,-6.5,-3.4,-4.0,-1.3,-1.0,-0.4,-3.0,-0.5,-5.5,-4.7,-5.2,-4.4,-6.1,-6.6,-8.0,-8.2,-7.2,-8.8,-8.2,-8.2,-7.0,-7.9,-7.1,-7.5,-9.3,-6.8,-6.6,-7.1,-4.6,-4.4,-4.9,-3.8,-2.1,1.3,-2.4,-1.7,-5.2
2C7L51Bj1F,0,48.105337,11.627838,4442280.33,2778200.16,539.9,585.6,268,7353,1.9,0.86,0.32,32.65,348.97,-0.53,-0.103,0.842,-0.4,0.1,-0.48,0.14,2.1,0.1,-0.3,-1.0,-0.6,-2.3,-1.7,-1.9,2.0,-3.2,-1.9,-3.4,4.8,-1.1,3.8,-1.8,-2.9,-2.7,-3.7,-2.7,-3.0,-4.8,-4.6,-2.3,-2.4,-2.7,-4.1,0.7,-1.3,-1.5,0.9,-3.8,-6.6,-10.9,-7.5,-7.3,-5.1,-4.3,-4.4,-3.3,-2.3,-0.3,-1.7,-1.4,-1.8,-3.9,-2.5,-3.3,-4.2,-2.8,-1.1,-0.8,-0.2,-0.5,0.6,-1.2,-0.9,-1.6,0.1,-1.3,-1.3,-1.8,-1.5,-1.2,0.1,-0.5,-1.4,3.4,-1.5,-2.7,-4.1,-1.4,-2.9,-4.7,-0.8,-1.4,-1.7,-3.2,-1.9,-4.4,-2.9,-1.0,-3.3,-1.8,-4.0,-2.2,-4.1,-2.6,-2.8,-0.4,-3.2,-7.2,-5.3,-4.3,-5.3,-6.9,-3.5,-1.9,-4.2,-2.2,-2.9,-3.3,-0.5,-3.1,-2.1,-1.1,-3.3,-2.9,-4.5,-2.8,-1.4,-3.1,-0.6,-2.5,-1.2,-0.8,-1.0,-0.3,0.9,1.6,0.3,1.0,1.1,1.6,0.0,-2.7,-0.5,-3.6,-7.7,1.8,-2.7,-2.9,-5.6,-6.8,-3.9,-5.3,-4.3,-3.8,-4.3,-2.5,-6.4,-2.3,-1.0,3.4,-1.9,-2.2,-2.7,-0.2,-0.0,3.3,1.0,-0.5,0.6,5.1,0.9,0.2,-3.4,-2.4,-2.4,-1.8,-1.8,-2.7,-3.1,-4.2,-5.9,-4.3,-3.5,-6.2,-3.5,-2.8,-3.5,-2.1,-3.9,-5.5,-5.4,0.6,-1.2,-1.6,1.3,-1.0,0.1,0.9,-3.5,-3.9,-5.8,-3.4,-2.3,-5.5,-5.8,-8.1,-7.4,-6.3,-7.5,-6.7,-6.4,-5.4,-6.6,-6.2,-6.3,-4.9,-6.3,-2.5,-3.8,-3.0,-2.6,-5.4,-2.9,0.7,-2.9,-3.1,-3.0
2C7L51Bj3P,0,48.106316,11.635463,4442845.92,2778321.47,541.3,587.0,268,7487,2.8,0.79,0.41,32.69,348.97,-0.53,-0.103,0.842,-1.0,0.1,0.0,0.22,1.9,0.2,-0.3,-0.8,-1.0,-1.2,0.9,-0.4,0.7,1.8,0.3,3.1,3.5,2.4,-0.1,-0.9,-1.4,1.2,1.5,-3.1,-4.4,-7.2,-6.2,-2.4,-4.3,-4.1,-3.0,-0.2,0.6,-3.1,-3.0,-3.0,-3.1,-1.7,-8.0,-7.1,-7.8,-5.0,-4.4,-0.2,-0.1,-1.4,-2.9,-5.0,-3.0,1.3,-5.0,-2.6,-2.6,-3.8,-4.4,-2.7,-12.2,-1.7,-1.5,-0.7,-3.4,-3.1,-0.7,5.6,-4.1,-0.6,-3.4,-0.4,-1.4,2.4,-0.5,-2.9,1.0,-5.3,-1.1,-0.4,-0.0,-3.9,-2.4,-3.4,-3.4,-1.7,-2.2,-3.5,-4.9,-2.0,-5.4,-2.2,-6.2,-4.8,-1.7,-5.9,-3.7,-1.5,-6.7,-3.9,-6.7,-6.4,-1.5,-3.3,-4.8,-5.2,-2.2,-5.4,-5.0,-5.0,-5.0,-1.0,-6.1,-3.9,-3.4,-4.2,-6.7,-4.8,-7.6,2.2,-9.4,-1.8,-7.1,-4.1,-8.6,1.2,1.5,-1.8,-2.2,2.6,-1.3,0.1,1.0,-3.2,-1.1,-1.8,-6.0,-0.2,-2.4,-3.0,-4.2,-1.7,-3.1,-6.9,-5.8,-4.9,-8.2,-6.4,-5.1,-4.8,-16.6,-7.5,-7.9,-2.4,-9.3,-3.7,-6.3,-2.3,-2.1,-2.0,-1.0,3.9,-2.6,-8.8,-2.3,-2.1,0.4,6.9,-2.0,-6.6,-5.6,-5.0,-11.8,-7.3,-7.3,-8.3,-4.0,0.9,-6.9,-6.0,-0.7,-4.4,-8.0,-9.0,-9.3,-3.0,-3.8,-6.4,-3.8,-4.5,-2.9,-14.6,-2.4,-5.5,-2.4,-5.5,-4.5,-11.3,-6.8,-7.8,-8.5,-9.8,-7.2,-11.5,-3.2,-6.0,-7.0,-5.1,-10.8,-8.9,-7.7,-5.6,-5.5,-5.6,-6.6,-4.1,-3.1,-3.8,-4.4
2C7L51BizJ,0,48.104484,11.621057,4441777.26,2778094.32,544.2,589.9,268,7233,2.7,0.84,0.27,32.59,348.93,-0.529,-0.103,0.843,-0.6,0.1,-0.33,0.2,1.0,0.2,-0.3,-0.1,1.1,1.4,1.5,1.6,-5.2,2.3,1.7,2.3,-4.9,3.4,-6.7,2.9,3.4,3.2,2.5,2.2,1.8,1.8,1.7,0.4,3.1,0.1,1.7,4.0,3.0,4.1,-3.3,0.4,-0.4,8.3,-2.7,-1.2,-0.3,-5.7,0.4,2.3,3.0,5.7,5.0,2.6,-1.0,4.6,2.4,3.5,2.9,-4.8,-1.5,2.2,1.6,2.9,2.4,2.9,2.9,1.8,2.9,-2.3,1.7,1.4,-0.1,-0.2,0.8,1.4,1.3,-7.0,-6.4,-1.0,0.2,1.1,1.9,-3.6,1.8,-1.7,1.1,2.9,2.6,3.2,2.9,3.7,2.0,2.1,2.8,1.1,1.5,-0.1,2.2,2.5,-2.5,2.1,1.0,0.8,-0.5,-4.9,3.5,1.5,3.1,-3.4,2.0,4.1,3.1,3.4,3.6,2.5,3.4,2.0,4.0,1.8,3.1,1.8,2.2,2.8,2.8,1.4,1.7,0.6,-4.6,-2.4,-2.0,-1.6,0.2,-3.8,-0.2,-1.4,1.2,1.0,1.5,-4.1,2.4,1.7,1.9,-0.8,2.2,-3.6,1.5,1.8,2.6,3.7,0.5,3.5,2.4,-9.0,-0.5,1.3,1.4,1.4,0.9,-2.5,-0.4,-1.3,1.0,-0.3,-0.1,1.4,1.6,1.7,-0.9,0.9,2.2,3.7,1.7,1.6,-0.7,2.7,1.0,1.3,-1.0,2.2,0.3,4.4,2.5,0.5,-0.9,-6.8,-7.1,-7.7,0.0,-5.5,-2.0,-14.7,-1.7,-1.0,-0.3,-0.6,-1.9,0.2,1.5,-5.6,2.4,0.5,-1.7,-0.1,-2.2,-1.8,-1.5,-1.2,-0.0,0.6,-1.5,-3.2,-1.7,-5.3,-0.5,0.8,0.6,-0.6,-3.4,-1.8,-1.9
2C7L51BizK,0,48.104485,11.621063,4441777.7,2778094.42,541.7,587.4,268,7234,2.2,0.88,0.23,32.59,348.93,-0.529,-0.103,0.843,-0.7,0.1,-0.34,0.17,0.9,0.1,-0.3,0.0,1.5,2.0,1.7,1.5,-4.9,1.9,1.9,2.0,-4.5,2.9,-3.9,3.6,3.7,3.0,2.5,2.4,2.3,2.3,1.9,1.4,2.8,0.7,0.9,3.2,3.4,3.4,-2.4,1.0,-0.6,6.1,-2.5,-1.7,-0.4,-4.3,0.3,1.6,1.9,4.6,4.0,2.0,-0.6,4.1,2.8,2.4,2.1,-3.6,-0.8,1.6,1.7,2.6,1.9,2.8,2.0,2.0,2.2,-1.6,1.7,1.0,-0.1,-0.1,0.9,0.9,1.2,-5.5,-4.7,-1.2,0.7,1.3,1.4,-3.2,2.1,-1.4,1.3,2.4,2.4,2.5,2.6,2.9,1.9,1.7,2.5,1.8,1.2,1.4,1.5,1.8,-2.4,1.8,1.2,0.8,0.2,-3.2,4.0,1.7,3.7,-2.1,1.1,2.9,1.6,2.1,2.3,2.1,2.2,1.4,2.3,1.7,2.2,1.7,1.7,2.1,2.0,1.4,1.7,1.5,-2.7,-1.3,-1.4,-1.4,0.9,-1.5,0.7,-1.9,1.1,1.9,2.5,-3.6,2.5,1.6,2.1,0.0,2.4,-3.2,1.1,0.6,1.6,2.6,-0.3,2.8,1.6,-4.9,-1.4,0.8,1.1,0.8,0.1,-2.1,-1.0,-1.5,0.0,-0.1,-0.1,0.8,0.8,1.3,-1.0,0.3,0.9,3.5,0.8,1.5,-1.3,2.0,0.2,0.6,-1.2,-0.1,-1.5,2.3,1.3,-0.3,-1.6,-6.5,-6.6,-6.1,-6.6,-5.4,-2.1,-13.6,-1.5,-1.0,-0.6,-0.5,-2.0,0.2,0.8,-5.1,2.2,0.8,-0.5,-0.1,-2.6,-1.1,-1.7,-1.1,-1.4,-0.3,-1.6,-3.2,-2.1,-3.8,-1.0,-1.0,-1.3,-1.5,-4.2,-2.3,-1.9
2C7L51Bj00,0,48.104825,11.623707,4441973.82,2778136.46,554.4,600.1,268,7276,3.7,0.77,0.47,32.63,348.97,-0.529,-0.103,0.842,-0.5,0.2,-0.64,0.28,0.9,0.2,-0.3,1.7,1.4,-1.1,1.6,-1.8,-0.8,0.1,0.6,-1.9,3.6,3.3,2.0,1.3,0.4,1.1,-1.0,-0.3,-0.2,0.1,0.7,1.8,0.8,-1.2,1.7,3.6,4.3,1.0,2.1,-0.5,-11.1,-16.9,-8.0,-2.5,-0.2,-1.9,-0.5,4.0,0.4,4.4,-1.4,1.7,3.8,5.2,2.1,4.9,-1.2,1.1,-2.2,6.8,-4.9,3.5,1.3,2.2,5.0,5.9,2.7,3.1,2.5,3.2,2.8,3.4,3.1,11.0,1.1,3.5,4.1,0.1,6.0,3.2,4.6,3.6,4.7,4.6,3.4,3.4,2.0,3.8,3.0,1.5,2.5,-1.5,0.7,1.5,0.7,-0.2,3.5,1.6,-1.6,3.7,-0.3,-0.9,1.6,-1.6,2.1,-4.3,7.5,1.5,-1.0,-2.1,2.6,-0.3,2.2,1.2,2.7,-1.7,5.4,2.6,-1.7,-0.5,0.2,-10.0,-1.8,-4.2,5.4,-2.4,0.9,-14.5,3.9,3.3,7.7,3.0,2.3,1.5,1.1,-1.6,-3.3,8.4,-2.4,0.5,1.2,3.7,0.3,0.8,-0.6,2.4,1.0,-0.2,-4.1,-1.6,-2.1,2.7,-2.7,-0.6,7.7,5.8,2.1,-16.4,0.8,1.9,-0.6,6.8,-3.6,-3.9,-1.1,0.8,4.8,2.9,1.2,5.0,-0.0,0.5,4.6,0.5,3.0,2.3,2.8,-0.8,-4.5,4.6,1.9,-1.2,-3.7,-2.3,-3.1,0.8,4.4,-1.8,-0.9,-15.0,1.6,-5.1,0.9,0.8,0.2,0.1,-0.9,0.0,-0.4,3.9,-3.2,-4.4,2.3,-5.9,2.3,-2.4,-4.8,-3.8,-1.7,-2.0,-2.2,0.5,-2.3,-3.0,-4.8,1.3,-1.8,-1.1,0.6
2C7L51Bj07,0,48.104839,11.623813,4441981.69,2778138.18,538.7,584.4,268,7283,3.1,0.72,0.48,32.64,348.97,-0.529,-0.103,0.842,-0.4,0.2,1.6,0.25,0.8,0.2,-0.3,-2.8,-2.7,-3.1,-2.7,-5.3,-2.4,-2.8,-3.3,-2.1,0.0,-4.8,-1.9,-0.6,-3.6,-1.2,0.6,-2.6,2.0,-7.1,-4.8,-1.0,-4.9,-5.9,-4.3,-2.1,-1.7,-6.2,-3.2,-2.6,-7.2,-19.8,-8.1,-8.2,-5.6,-12.4,-5.3,-4.0,-4.0,-0.7,-2.1,-3.1,-1.0,-0.4,-5.3,-2.6,-1.8,-4.2,-10.6,-8.3,-4.7,-6.9,-13.7,-9.8,-11.0,-7.2,-9.2,-7.8,-9.6,-9.4,-8.5,-8.2,-10.3,-9.1,-10.1,-7.2,-6.7,-8.9,-7.2,-8.1,-8.7,-7.5,-7.4,-6.9,-7.6,-6.8,-9.1,-6.9,-7.5,-10.9,-11.6,-7.2,-12.5,-9.6,-10.4,-9.3,-16.1,-11.6,-5.0,-2.8,-19.1,-13.4,-8.8,-18.2,-9.7,-15.9,-8.0,-14.7,-14.5,-11.8,-13.8,-14.2,-11.6,-12.4,-6.6,-10.6,-8.7,-7.5,-11.6,-10.0,-9.6,-10.2,-8.6,-8.6,-9.1,-8.4,-8.8,-8.4,-8.0,-9.7,-6.7,-7.7,-8.5,-9.5,-10.3,-8.9,-9.5,-8.5,-8.6,-9.4,-9.5,-8.4,-9.9,-10.5,-8.9,-13.9,-10.3,-12.2,-3.0,-5.5,-9.1,-5.2,-6.4,-9.2,-7.2,-7.9,-6.2,-4.5,-4.1,-9.9,-8.0,-8.9,-9.5,-5.9,-7.3,-6.7,-5.3,-7.9,-6.7,-6.2,-9.6,-12.4,-5.1,-3.0,-3.9,-8.5,-3.5,-7.6,-9.1,-8.9,-7.3,-7.4,-7.5,-4.9,-6.5,-6.5,-6.9,-7.0,-4.8,-5.5,-7.9,-6.2,-5.3,-6.4,-8.0,-5.0,-10.6,-7.9,-8.1,-8.0,-8.6,-10.9,-9.7,-2.5,-13.4,-12.0,-4.4,-16.0,-14.1,-4.1,-17.6,-8.5,2.5,-4.4,-5.5,-5.7,-7.6,-8.0,-7.4
2C7L51Bj08,0,48.10484,11.623822,4441982.31,2778138.31,536.3,582.0,268,7284,2.0,0.8,0.37,32.64,348.97,-0.529,-0.103,0.842,-0.4,0.1,1.7,0.18,1.4,0.1,-0.3,-2.4,-2.8,-2.0,-3.2,-2.4,-2.1,-3.7,-3.5,-2.4,-0.5,-1.7,-1.3,-2.1,-3.5,-3.1,-1.3,-3.0,-3.1,-6.9,-4.1,-2.9,-3.3,-4.7,-6.1,-4.5,-3.9,-3.0,-3.8,-5.2,-8.8,-19.6,-8.2,-8.9,-6.9,-10.7,-7.0,-4.8,-5.5,-3.8,-3.8,-4.5,-2.7,-1.1,-3.0,-2.6,-1.6,-4.7,-6.5,-9.5,-7.8,-8.1,-9.8,-9.0,-9.8,-8.7,-9.2,-6.7,-8.6,-8.9,-8.2,-8.9,-8.9,-7.1,-8.0,-6.9,-7.7,-8.3,-7.1,-8.9,-8.8,-7.8,-8.2,-8.0,-8.0,-8.4,-8.3,-8.1,-8.2,-9.7,-9.0,-9.0,-9.8,-9.4,-9.4,-9.8,-11.6,-12.4,-12.2,-13.5,-14.4,-13.1,-13.9,-14.2,-9.0,-13.5,-8.2,-12.7,-12.6,-11.7,-11.0,-12.8,-10.8,-11.4,-8.1,-10.6,-8.1,-8.6,-9.3,-8.9,-8.5,-9.7,-8.7,-9.1,-8.4,-7.9,-8.1,-8.2,-8.8,-8.7,-7.5,-8.4,-8.3,-8.5,-9.4,-8.6,-8.6,-8.9,-8.6,-9.8,-10.5,-14.0,-9.3,-9.6,-12.3,-13.0,-12.6,-11.3,-12.8,-8.8,-7.3,-6.9,-8.5,-9.9,-7.2,-8.7,-8.3,-3.7,-6.1,-8.7,-6.8,-9.4,-9.9,-9.8,-5.5,-4.6,-4.9,-6.0,-5.4,-4.7,-7.8,-11.5,-8.2,-7.5,-9.3,-9.3,-7.3,-7.6,-10.5,-6.0,-7.4,-6.9,-7.1,-5.2,-6.3,-5.5,-5.0,-5.4,-5.0,-6.9,-5.4,-5.5,-6.0,-6.0,-7.3,-5.7,-9.0,-7.3,-6.7,-7.2,-9.3,-10.0,-10.1,-6.8,-12.1,-9.9,-9.0,-10.6,-11.5,-9.7,-10.2,-5.3,-6.4,-5.9,-5.5,-4.3,-5.7,-5.7,-6.5
2C7L51Bj1G,0,48.105362,11.627892,4442284.28,2778203.08,540.0,585.7,268,7354,4.2,0.63,0.49,32.65,348.97,-0.53,-0.103,0.842,-0.9,0.2,-0.36,0.32,1.6,0.3,-0.3,0.1,0.4,0.0,-2.1,-2.0,1.7,0.5,-2.8,-0.9,7.9,1.1,0.4,-0.5,-3.7,-5.1,-1.2,-7.9,1.5,-7.4,-5.6,2.0,-0.2,6.9,-4.7,6.3,0.1,-6.9,-1.9,-6.1,-8.0,-11.6,-9.0,-1.5,-6.1,-3.9,-8.8,-4.1,6.9,-2.2,-2.5,-1.6,-4.0,-12.4,-3.7,-8.4,0.2,-0.4,3.2,-3.3,-9.7,-3.9,0.2,-5.4,-10.7,-2.1,0.2,-4.5,-2.5,-2.7,-2.8,-0.1,0.1,-4.1,-3.0,3.3,-7.3,-3.2,-4.1,-1.1,-1.7,3.4,-1.1,0.3,-7.6,-8.0,-6.3,-2.7,3.6,-5.8,-6.6,-1.4,-5.0,-3.2,-7.6,-6.8,-7.3,0.2,-16.4,4.8,-6.7,-2.9,-7.3,-6.1,-9.6,-5.5,-7.1,-3.4,-5.1,-4.4,-3.7,-1.6,2.9,-3.6,-3.2,-4.4,-6.8,-2.5,0.6,-2.4,0.5,-6.8,-5.5,-5.6,-2.9,-2.6,-0.8,-4.8,0.5,0.0,-0.0,-3.1,-0.8,-0.7,3.4,5.2,6.8,-3.9,5.3,-4.4,-8.1,-6.5,-4.8,-14.3,-4.5,-2.3,-2.9,-5.5,-8.6,-4.6,-4.6,2.5,-6.2,-3.8,-6.4,-1.6,-12.0,-7.2,6.6,4.5,1.3,6.5,-16.6,-2.3,-13.4,-4.2,-5.2,-3.9,-4.8,-0.6,-5.3,-2.7,-4.6,-4.4,-2.9,-7.6,-4.5,-4.6,-4.3,-8.2,-3.0,-4.9,-10.2,-3.7,-3.2,-6.5,1.4,-6.0,1.2,-0.3,-1.7,-10.5,-13.6,-11.6,2.7,-3.8,-18.8,-8.5,-9.2,-11.2,-13.4,-7.8,-6.6,-3.5,-9.8,-6.8,-6.9,-6.9,-10.6,-3.7,-8.3,-6.7,-3.3,-7.5,-8.6,-1.7,-2.5,-7.6,-9.3
2C7L51Bj2p,0,48.106056,11.633291,4442684.76,2778288.99,535.5,581.2,268,7451,3.8,0.71,0.45,32.68,348.97,-0.53,-0.103,0.842,-0.1,0.2,-0.68,0.3,0.0,0.2,-0.3,0.4,-0.8,-0.4,-1.1,1.1,-0.2,-0.2,-3.9,-3.2,-2.6,11.9,-12.5,-3.0,-2.5,-2.2,1.7,-2.2,2.6,-0.2,-1.8,-2.2,-1.1,0.3,-2.3,-0.8,3.0,0.6,1.8,1.2,-1.4,0.6,-4.8,-6.8,-1.1,4.4,-1.6,2.0,1.4,1.8,0.3,-0.5,-1.1,-2.5,1.2,-4.2,0.5,-3.5,0.1,-0.5,-2.6,-2.0,0.8,0.3,-5.1,-3.4,-6.2,-0.7,-3.1,-3.2,-5.2,-0.1,-2.9,2.2,-0.3,-0.6,-2.3,-5.2,0.3,1.3,-0.8,-5.9,-0.9,1.9,-4.1,-1.9,-1.3,-6.1,-1.0,-1.2,0.9,-4.0,-4.2,-0.5,-1.9,-1.1,-2.2,0.0,-1.6,1.4,2.4,-1.1,1.7,-0.8,1.9,-2.2,-1.2,2.0,2.2,0.0,-1.8,2.9,-3.3,-0.5,-3.0,4.1,-0.2,-0.3,-2.8,-3.0,-5.0,-4.2,-0.6,-4.0,-0.2,-4.0,-0.7,-0.9,-6.1,2.2,-4.6,-2.3,-1.5,1.7,-1.2,0.3,0.5,2.6,-4.7,-6.6,-2.9,-2.2,-1.5,4.7,-3.2,-3.7,-2.6,-0.2,-2.4,-0.1,4.9,1.8,0.9,1.1,1.3,1.0,0.4,-1.6,2.9,5.3,-1.1,1.0,0.8,5.6,4.8,5.4,8.2,-3.5,11.7,-10.1,4.8,2.2,-8.0,-3.0,-0.5,0.5,-5.1,8.3,0.4,-1.7,-2.2,0.0,-0.8,-6.8,-7.3,-4.6,1.8,-1.8,1.4,2.5,-1.0,3.2,4.4,0.2,0.7,1.9,-1.8,0.5,3.3,1.7,-0.9,-13.7,-11.8,-8.3,1.4,-13.5,-12.3,1.6,1.4,4.5,-5.3,8.3,-7.0,1.3,-3.2,3.4,-5.2,-15.1,-11.8
2C7L51Bj0c,0,48.105085,11.625586,4442113.13,2778168.44,539.5,585.2,268,7314,3.8,0.71,0.42,32.64,348.97,-0.529,-0.103,0.842,-0.5,0.2,-0.58,0.29,0.8,0.2,-0.3,2.5,-4.9,1.8,2.1,0.8,0.0,3.5,0.5,0.8,0.3,0.6,1.4,1.4,-1.1,2.8,4.2,5.7,2.7,5.1,2.7,-1.7,4.2,-0.9,3.6,7.3,8.4,4.9,-4.5,-4.5,2.3,-5.8,2.6,-1.6,2.7,1.4,3.5,3.4,3.9,8.0,4.2,13.3,2.3,4.4,8.7,3.2,-1.3,-1.2,0.9,4.6,0.6,4.1,2.2,2.0,1.8,2.1,4.2,3.7,3.9,2.0,3.8,4.7,3.6,1.4,2.5,2.4,-0.7,3.1,-0.1,0.8,0.3,1.4,1.0,0.5,0.0,3.3,6.7,7.4,0.5,6.5,5.1,-1.0,3.5,12.4,6.6,16.8,4.7,6.1,3.8,7.3,5.0,3.1,-6.5,-1.1,6.6,3.5,1.3,-1.7,5.2,3.7,7.5,1.0,5.4,3.6,3.6,3.4,4.2,1.6,-2.0,8.4,1.6,5.3,-2.2,-3.4,3.0,2.3,8.0,1.4,4.2,4.8,3.8,3.9,3.5,7.5,0.7,1.4,2.1,0.7,3.4,1.2,2.6,-0.2,4.5,2.2,5.9,1.3,2.4,4.2,-2.1,7.2,1.9,-2.2,-2.2,16.5,1.0,0.3,1.7,0.2,1.1,8.5,1.0,-2.9,-2.8,1.6,-2.4,9.5,2.9,-0.8,-9.4,2.6,6.9,1.5,8.1,0.4,2.4,2.7,-8.0,-0.7,2.3,-5.0,5.3,1.4,0.2,-3.8,-3.5,-2.6,3.7,-0.0,-0.8,6.0,-0.5,-0.6,-0.9,-2.7,-3.7,0.1,2.4,-2.9,0.9,3.5,-2.1,-6.2,14.8,9.8,10.6,1.7,3.7,3.4,4.2,5.0,-2.0,-4.1,-3.6,-3.9,-3.9,-0.3,1.3,0.3,0.8
2C7L51Bj4D,0,48.10675,11.638559,4443075.54,2778374.85,552.5,598.2,268,7537,3.5,0.75,0.46,32.7,348.97,-0.53,-0.103,0.842,-0.7,0.2,0.49,0.26,0.8,0.2,-0.3,-1.9,-3.5,3.0,3.0,-2.4,-2.6,-1.7,5.2,-1.2,-3.1,-6.5,-3.1,-1.6,-7.1,-3.5,-3.2,-1.7,-1.7,-5.6,-2.2,-2.9,0.5,-0.2,-1.0,1.6,-0.9,1.7,0.1,-6.9,-3.7,1.6,-4.7,-3.8,-2.9,-0.6,-0.5,2.7,1.0,-4.4,2.3,0.1,-0.2,0.6,-2.8,-1.9,-4.4,-2.8,-1.5,-3.7,0.9,-2.2,-1.1,-3.9,-1.3,1.7,-2.8,-1.6,-4.7,-3.0,-2.7,0.3,0.7,2.1,-6.3,-2.6,-0.7,-0.9,-2.5,-5.8,-6.7,-6.4,-1.5,-4.5,-1.9,-2.5,-1.3,2.9,-0.1,-0.1,-5.3,-6.0,-4.3,-4.8,-3.7,-5.3,-1.9,-3.3,-6.7,-4.4,-4.2,-7.0,-9.7,-6.0,-11.1,-6.3,-4.2,-5.0,-9.2,-6.5,-6.9,-3.9,-8.8,-4.1,-2.8,-5.2,-4.2,-5.4,-7.5,-3.8,-7.3,-3.6,-6.4,-6.9,-5.9,0.4,-2.9,-0.3,-3.2,-4.4,-2.3,-1.2,-3.1,-5.7,-5.4,-7.0,-0.8,-5.5,-7.3,9.4,-8.3,-3.0,-3.0,-4.4,-1.7,8.2,-5.4,-5.2,-0.0,2.2,0.0,-0.1,-2.5,-5.4,-2.3,-4.6,-8.6,-2.4,0.7,-5.0,-6.1,3.4,-4.9,-7.8,-6.8,-5.5,-10.1,3.6,-6.5,-4.6,-4.9,-10.5,-16.1,-10.1,-9.2,-6.2,-5.3,-5.8,-3.8,-5.3,-6.4,-6.6,-9.9,0.4,-5.0,-5.3,-7.7,-2.9,-1.4,1.1,2.8,-3.9,0.7,-12.9,8.9,-5.1,-5.9,-4.3,-8.7,-4.8,-10.8,-7.7,-11.7,-8.5,2.6,-1.5,-4.1,-4.4,-3.2,-2.6,-4.8,-4.1,-7.0,-7.1,-5.5,-9.3,-3.1,-1.9,-2.7
2C7L51BizL,0,48.104526,11.621092,4441779.74,2778099.0,540.8,586.5,268,7235,2.7,0.84,0.32,32.59,348.93,-0.529,-0.103,0.843,-0.8,0.1,-0.73,0.21,0.9,0.2,-0.3,0.8,1.9,4.4,1.5,3.0,-11.0,2.8,1.8,2.8,-0.8,3.5,-3.4,5.0,3.4,2.0,3.9,2.6,2.5,3.5,2.7,1.7,3.5,0.9,1.3,2.2,4.7,2.7,-1.4,1.3,0.7,-10.5,-2.1,-1.2,0.9,-2.3,2.9,2.6,2.5,4.7,5.3,3.0,-3.5,6.4,4.8,4.6,5.6,-6.3,0.8,2.1,1.4,2.7,1.8,3.4,1.4,3.7,2.9,1.7,2.7,0.4,-0.7,-0.0,1.7,2.9,1.9,-9.4,-0.3,-0.4,1.6,2.1,1.8,-3.3,3.0,1.1,3.6,3.1,3.4,3.5,4.2,3.7,2.9,2.5,3.7,3.5,1.9,2.7,2.5,3.3,-1.3,2.8,2.0,2.4,1.4,-2.1,5.3,1.8,4.2,-1.3,2.3,4.1,2.3,2.6,3.6,3.6,3.2,2.2,2.6,2.2,2.8,2.4,1.9,2.8,2.4,1.5,2.0,1.6,-1.8,0.6,-1.7,-1.9,2.0,-0.1,1.3,-2.8,1.4,2.8,4.4,-1.6,3.2,2.1,3.5,0.8,3.9,-4.0,2.0,1.5,0.9,4.3,0.8,3.4,2.3,2.1,-1.3,1.4,2.7,1.2,2.1,-1.6,-0.3,-1.1,0.9,1.3,0.7,2.0,0.3,0.7,-1.2,-0.5,1.7,3.8,1.9,2.8,-0.7,3.1,1.1,1.7,-0.9,0.0,-0.7,2.2,1.9,-0.6,-0.2,-8.3,-9.7,-7.6,-8.0,-3.7,0.1,-12.5,-1.4,0.4,-0.3,0.8,-3.1,0.8,0.9,-5.2,2.5,2.3,-1.2,-0.5,-2.8,-0.1,-1.8,-0.2,-1.8,-0.4,-0.6,-3.3,-1.9,-4.1,-2.8,-1.7,-2.7,-3.0,-5.7,-2.7,-2.3
2C7L51BizP,0,48.104544,11.621235,4441790.33,2778101.28,536.7,582.4,268,7239,2.0,0.89,0.33,32.59,348.93,-0.529,-0.103,0.843,-0.9,0.1,-0.4,0.15,0.8,0.1,-0.3,-1.4,-0.9,-0.7,1.0,0.9,0.0,1.9,1.0,1.3,-2.2,2.1,-0.6,4.4,1.4,0.8,1.5,1.2,3.3,2.3,1.4,0.7,1.5,-1.4,-0.3,1.0,2.2,2.2,-4.5,-0.5,-2.8,5.2,-2.3,-2.0,-1.1,-5.9,-1.0,-1.7,1.2,2.9,2.8,1.8,-3.8,5.0,5.3,1.4,1.9,-3.5,0.6,-0.4,1.5,1.4,1.1,0.9,1.5,0.5,0.6,-1.5,1.1,1.0,0.0,-1.5,-0.8,-3.0,1.0,0.4,-2.3,-0.7,-2.3,2.0,0.7,-0.9,1.3,0.7,0.4,3.1,0.6,2.0,0.4,1.2,0.8,1.5,1.5,0.2,1.7,0.4,2.0,1.8,-2.4,3.2,0.2,0.4,-0.3,-3.2,3.7,0.2,1.0,-1.6,-1.5,0.9,-0.7,-2.1,0.1,-0.7,-1.9,-2.0,-0.2,-1.1,-2.1,-3.6,-0.4,-1.8,-1.6,-0.9,-0.9,-1.7,-1.9,-2.2,-1.7,-2.3,-0.7,-3.1,-1.2,-0.9,-0.2,1.0,-0.6,-2.0,-0.5,-1.5,-0.2,-1.7,-0.3,-5.4,0.3,0.3,2.0,3.2,1.4,2.8,1.3,-1.9,0.6,0.6,-3.1,-0.2,-1.5,-5.6,-1.1,-1.3,-0.2,4.0,0.9,0.2,-0.4,-0.6,-3.0,0.4,-0.4,2.2,0.6,0.4,-1.1,3.9,-1.3,0.4,-1.7,-2.4,-0.4,1.3,0.3,-1.8,-4.4,-7.8,-8.0,-8.1,-2.2,-6.9,-2.1,-6.7,-3.5,-2.1,-2.1,-3.8,-3.7,-4.6,-2.4,-5.0,0.9,-1.8,-3.8,-2.8,-3.9,-2.2,-0.8,-3.5,-2.7,0.4,-4.6,-4.4,-1.0,-4.9,-4.8,-1.7,-4.9,-3.8,-6.5,-5.5,-5.3
2C7L51Bj1C,0,48.105374,11.627691,4442269.3,2778204.0,543.7,589.4,268,7350,4.2,0.62,0.45,32.65,348.97,-0.53,-0.103,0.842,-0.7,0.2,-0.55,0.32,2.2,0.3,-0.3,-3.5,-2.5,-1.3,-0.8,-3.6,-0.4,0.4,4.1,2.0,-7.5,-0.5,-0.6,-3.1,-3.9,-4.0,-2.1,-3.7,1.1,-4.6,-11.4,-3.8,-2.3,-5.3,0.8,-0.7,-4.1,1.5,-7.4,-3.5,0.9,-7.6,2.1,-0.5,-0.5,-0.9,-2.9,-0.7,-1.6,8.5,2.2,2.7,1.0,3.5,-1.0,-4.0,5.9,-4.9,-4.2,-0.2,1.8,1.6,-2.1,-0.8,1.4,-1.4,0.5,1.5,2.4,0.3,3.7,0.9,5.2,2.2,-8.4,5.3,-0.0,1.0,-1.9,0.7,-3.3,3.6,-0.3,0.7,2.6,-14.9,-7.2,-0.5,-2.2,-1.7,-3.4,-0.6,-3.0,-1.4,-5.6,-2.5,-0.6,-9.5,-14.0,-14.5,-4.7,-4.1,0.7,-4.7,-1.7,-1.8,-5.9,-10.0,7.6,-7.9,3.1,-5.5,-2.5,5.7,1.9,-1.2,3.1,1.8,3.8,0.2,1.6,-3.0,2.5,1.1,-0.3,2.5,4.0,-1.9,3.9,4.2,3.3,-3.8,3.6,-3.2,0.6,1.6,6.1,-9.6,-1.4,-1.3,-4.8,-2.6,-2.9,-1.7,4.9,-9.0,5.4,2.0,-7.1,-0.6,3.4,-1.0,-14.5,-2.7,0.9,-3.8,-0.6,-2.5,-2.7,-5.0,11.4,0.2,-0.7,-2.0,-1.6,-0.4,-1.2,-7.5,0.4,-4.2,-1.4,-13.1,1.4,-10.4,-3.2,-5.2,-4.1,-5.2,-8.3,0.8,3.4,-3.5,-15.3,-3.2,-0.9,-10.5,8.4,-2.3,1.1,-2.7,-4.6,3.1,-4.5,5.2,-3.9,-4.5,-5.9,-4.9,-11.2,0.3,-13.3,-5.1,-7.6,-6.7,-0.4,-8.6,-10.6,-2.5,-5.4,-2.1,1.4,-1.9,-1.6,-3.0,-8.6,8.9,-3.9,-5.4,-4.7
2C7L51Bj1J,0,48.10541,11.627976,4442290.46,2778208.55,538.2,583.9,268,7357,2.0,0.82,0.3,32.65,348.97,-0.53,-0.103,0.842,-0.6,0.1,-0.4,0.15,2.8,0.1,-0.3,1.5,0.4,-0.8,1.4,-0.9,1.0,0.8,1.3,-1.8,-1.2,-1.4,1.0,-0.6,-0.7,-1.7,-2.3,-5.3,-1.6,-7.4,-5.3,-5.2,-4.0,-2.8,-3.8,-2.7,-3.6,-2.1,-1.6,-6.4,-8.0,-10.5,-8.2,-10.2,-8.3,-2.2,-5.2,-5.8,-4.1,-4.0,-1.3,-0.2,-4.1,-5.6,-2.8,-3.9,-6.0,-6.9,-3.1,-3.7,-2.1,-0.6,-0.4,-3.4,0.3,-0.2,-0.9,-0.4,0.7,-0.3,1.0,-1.9,-0.3,-1.5,-2.3,0.2,-1.4,-0.9,-1.2,-1.7,-4.0,-1.3,-1.1,1.2,-2.9,-2.3,-4.7,-3.5,-5.0,-1.0,-4.0,-4.0,-6.2,-4.0,-5.1,-3.3,-4.8,-4.2,-3.1,-3.2,-7.3,-6.9,-6.4,-6.6,-5.1,-2.5,-1.8,-2.4,-4.7,-5.3,-4.4,-3.1,-4.8,-3.4,-3.2,-3.7,-2.1,-3.5,-2.0,-2.7,-1.8,-1.5,-2.5,-0.8,-0.4,1.4,0.8,-0.7,1.8,-1.9,-0.0,0.3,-0.2,-0.2,0.4,0.3,-1.3,-3.1,-4.4,-3.0,-7.0,-6.6,-3.7,-7.3,-5.9,-8.4,-6.7,-6.9,-9.9,-5.5,-1.7,-3.7,-3.7,-1.3,-1.8,0.9,-1.5,-3.1,0.7,-1.0,0.1,3.6,0.3,-0.9,-1.9,-3.0,-2.9,-3.9,-3.3,-3.0,-0.3,-6.1,-5.1,-5.1,-8.5,-8.3,-7.7,-3.7,-3.5,-4.4,-6.5,-5.6,-7.5,-12.4,-4.0,-3.4,-1.0,-1.4,-1.2,1.0,-4.8,-3.3,-3.6,-2.6,-3.7,-4.2,-6.7,-8.4,-6.9,-6.7,-10.3,-8.4,-7.9,-8.2,-8.7,-8.3,-7.4,-5.8,-4.6,-7.8,4.7,-5.9,-3.2,-7.1,-6.1,-0.8,-2.6,-5.1,-3.8
2C7L51Bj2l,0,48.106076,11.633159,4442674.92,2778291.01,540.1,585.8,268,7447,3.5,0.77,0.45,32.68,348.97,-0.53,-0.103,0.842,-1.3,0.2,-0.12,0.27,1.3,0.2,-0.3,-0.7,1.8,2.8,4.5,0.2,-7.6,3.5,0.6,0.6,-0.1,-1.4,-3.0,1.3,0.4,-0.1,-1.9,2.9,-5.3,0.5,-2.9,-0.7,-2.1,-0.4,-0.8,-3.8,2.1,4.9,-4.7,-0.5,-3.4,-7.4,-2.4,-2.8,1.6,-1.3,-5.7,2.8,2.2,-2.2,5.3,1.6,3.9,2.6,0.7,-0.5,1.6,-3.9,-4.9,-2.5,0.2,-0.5,-0.4,-0.1,2.3,0.8,0.9,-0.3,-0.1,1.0,1.7,0.9,1.4,-2.7,-0.6,-4.4,-0.6,1.1,2.1,0.2,1.0,3.4,-2.1,0.6,0.5,4.4,4.6,3.2,-0.2,4.0,1.1,0.2,-5.9,-3.1,-3.5,-1.4,0.3,-1.8,1.3,1.4,-1.5,-0.6,-4.8,-5.9,-1.3,-2.6,-3.7,0.6,3.8,-1.9,6.3,2.5,0.0,-2.5,0.1,-17.2,-1.8,-4.3,-2.1,-1.0,4.0,-0.8,1.0,0.3,2.0,-3.3,-2.2,-1.0,-3.3,-0.9,0.3,-2.4,0.4,-1.7,-2.1,-3.2,0.2,-3.2,-4.0,-0.7,-5.0,-15.6,-9.1,1.8,-0.1,-4.3,-3.3,-2.1,-6.7,-7.3,-0.8,-8.0,-6.4,-1.1,-0.3,-1.9,-3.1,0.4,0.7,1.3,-5.5,-4.0,2.4,-2.2,-1.5,-2.8,-1.4,-5.3,-0.6,-1.9,-19.1,0.7,-9.3,-16.2,-11.3,-4.3,-6.1,-18.5,-4.7,-4.0,-8.4,-6.4,-4.1,-6.9,-6.1,-7.2,-2.9,-3.2,-5.5,-1.0,-5.7,-2.9,-3.8,-2.3,-2.1,-4.1,-3.6,-0.1,2.3,0.0,-6.5,0.5,-7.7,-7.8,-4.1,-2.3,-5.0,-0.9,-8.5,-5.0,-6.4,-14.2,-6.0,-6.5,-3.7,-8.1,-3.8,-6.2,-4.7
2C7L51Bj2m,0,48.106073,11.633133,4442673.01,2778290.61,536.1,581.8,268,7448,1.7,0.92,0.24,32.68,348.97,-0.53,-0.103,0.842,-0.8,0.1,-0.14,0.13,0.2,0.1,-0.3,-0.3,1.1,0.8,1.2,-1.2,-4.6,1.6,0.9,1.1,-2.8,0.2,-2.7,-0.1,1.7,1.8,2.0,0.2,0.9,1.7,-0.9,-1.1,-1.0,1.8,1.8,2.1,1.9,3.2,-2.4,0.1,-2.4,-3.1,-3.7,-2.8,-2.6,0.0,-1.6,2.4,0.2,1.8,1.2,2.0,-0.2,1.0,0.3,0.4,1.6,0.2,-0.5,0.8,0.9,0.3,0.5,0.4,0.2,-0.3,-0.9,-1.0,-1.3,0.5,-0.2,1.0,-0.6,1.2,-0.9,-4.9,-3.4,-0.2,2.5,-1.0,0.6,-0.3,-0.5,0.4,-0.1,0.7,1.1,0.9,0.3,-0.5,-1.1,-0.6,-1.8,-1.1,0.0,-0.1,-0.6,0.4,0.8,0.4,-1.6,-0.4,-2.5,-4.8,0.3,-1.7,1.2,1.2,0.0,0.7,1.7,-0.2,0.9,-0.8,1.3,2.0,-0.1,0.6,1.3,-0.8,0.6,0.6,1.6,1.0,0.1,-0.8,-2.3,-0.5,-1.7,-1.1,-2.8,-2.2,-0.9,-1.5,-1.2,-1.1,0.7,-1.7,-0.8,-0.4,-5.1,-2.6,-3.4,-0.3,-1.7,-4.2,-2.6,-2.2,-5.3,4.0,1.1,-6.6,-2.9,-1.7,-1.1,-1.4,-2.2,0.9,-1.2,-0.0,-2.1,-1.7,-1.3,-0.8,-0.9,-1.0,0.1,-2.2,-0.6,-2.8,-0.9,-1.0,-7.2,-5.3,-5.8,-5.3,-4.2,-2.8,-0.7,-0.8,-1.6,-1.7,-4.1,-6.8,-6.7,-6.5,-3.3,-1.7,-2.9,-2.2,-3.7,-3.2,-1.8,-1.8,-1.2,-3.4,-1.7,-2.7,1.8,-1.9,-3.7,-7.6,0.0,-5.2,-3.1,-2.1,-4.4,-1.9,-3.9,-4.0,-1.6,-5.6,-2.6,-3.5,-3.3,-2.7,-2.5,-3.4,-3.9
2C7L51C036,0,48.104878,11.623686,4441972.14,2778142.33,542.2,587.9,269,7280,4.7,0.52,0.47,32.63,348.97,-0.529,-0.103,0.842,-0.9,0.2,1.42,0.36,2.9,0.3,-0.3,3.0,0.9,1.4,-0.9,0.1,5.2,1.6,3.5,2.0,8.1,4.8,4.4,8.3,3.1,4.9,5.9,5.5,5.7,3.2,1.7,2.4,2.5,2.2,3.6,5.9,10.7,4.1,5.2,3.3,0.8,15.9,2.9,-1.4,2.3,-2.9,1.0,6.9,1.9,3.8,5.3,2.2,5.5,7.1,4.2,1.9,-1.7,-7.6,6.2,-4.9,-4.2,-1.1,-2.4,-3.8,-1.1,-1.5,-4.0,-5.5,-4.0,-3.4,-6.2,-7.9,-1.7,-8.7,-3.5,-11.7,3.7,-2.7,10.8,0.8,-2.4,16.9,-2.2,-5.8,-3.1,4.0,0.0,-2.0,1.5,-0.3,-3.1,-5.5,12.6,-0.9,-7.5,17.5,7.2,6.6,11.0,6.5,12.3,7.6,-2.3,-0.7,-3.6,-4.1,2.9,-0.1,-0.5,-0.5,0.4,-0.2,-1.7,-5.4,-0.6,-1.1,2.6,-0.3,-3.6,-0.8,0.4,-2.9,-2.4,1.5,-1.9,-2.1,1.5,7.0,2.2,5.4,-8.4,-0.0,6.5,-9.7,1.7,-2.7,-4.0,4.7,-2.0,2.1,17.2,-4.6,-6.7,8.4,2.4,0.6,1.8,-2.8,-1.6,6.4,-1.3,0.9,-3.1,-5.8,-4.7,-1.8,-5.4,-4.3,-9.0,-8.8,-8.1,-4.3,4.1,-6.3,-5.3,-5.0,-3.1,-6.0,-3.8,-2.3,-3.6,-7.3,-1.7,-2.1,-1.7,-3.4,1.7,-4.4,-0.4,4.0,-6.9,5.3,-3.8,0.4,-3.5,-6.8,-9.1,-6.4,-10.8,-13.4,-5.3,-11.0,-10.3,-3.2,-3.0,-6.6,-9.5,-0.6,7.4,3.6,11.1,10.1,4.2,3.4,0.9,-5.2,1.0,1.9,4.6,1.9,2.7,1.5,0.4,5.7,-0.8,-0.7,-3.2,0.4,5.2
2C7L51C03D,0,48.104918,11.623996,4441995.13,2778147.28,536.3,582.0,269,7287,2.4,0.89,0.3,32.64,348.97,-0.529,-0.103,0.842,-0.4,0.1,-0.65,0.18,1.1,0.2,-0.3,0.1,2.4,-1.4,-0.3,2.1,-0.2,-0.2,0.3,0.4,0.2,0.5,-1.9,-1.1,0.1,0.1,-0.7,0.6,-2.0,1.0,-2.0,0.1,-1.4,1.2,-2.9,-0.9,0.5,1.9,1.3,-0.9,-3.4,-17.1,-5.7,-3.9,-1.7,-4.6,-3.9,0.6,-0.8,2.0,4.2,1.0,1.7,3.1,0.5,0.2,1.5,1.4,-1.1,1.0,-0.4,2.0,0.6,1.5,2.1,1.9,1.1,1.2,2.0,1.5,0.6,0.6,0.8,2.2,1.5,3.5,1.1,1.0,-1.4,0.2,0.9,-0.4,0.7,0.3,0.4,0.4,-0.2,0.6,-0.1,-0.6,-0.1,-0.6,0.3,0.2,-2.9,-1.6,-2.3,-0.2,-3.5,-3.1,-1.7,-1.6,0.6,-0.5,3.2,-0.6,4.3,1.3,-0.2,-0.1,2.5,-0.7,0.3,-1.0,2.6,0.6,2.9,0.3,1.1,0.8,2.0,0.4,2.0,1.2,1.0,1.3,0.7,3.9,0.8,1.5,2.0,4.4,1.2,2.2,0.8,-0.1,0.7,2.0,0.6,1.4,0.2,-3.6,0.6,-2.6,0.7,-11.8,11.9,-3.3,-5.9,2.0,0.3,-9.8,-4.5,-1.2,-1.1,-1.6,-1.6,0.9,1.2,-0.8,-0.1,1.4,-2.8,-0.5,-1.0,-1.4,0.7,0.2,0.1,2.7,0.9,-0.2,-1.2,-0.7,-1.7,4.4,-1.8,-1.6,-6.1,-2.1,-0.7,-1.6,-2.9,-2.3,-0.8,0.9,0.4,-0.5,0.3,-2.6,0.5,0.2,-1.2,0.9,-1.9,-1.1,-0.8,-2.2,-0.8,-1.0,-3.0,-3.0,-0.8,-1.3,-4.1,-3.5,-3.4,-2.4,-2.7,-5.4,-3.6,-3.0,-1.3,-2.9,-2.6,-1.2,-1.5,-2.1,-2.1
2C7L51C03W,0,48.10507,11.625186,4442083.39,2778166.2,542.5,588.2,269,7306,3.7,0.71,0.51,32.64,348.97,-0.529,-0.103,0.842,-0.1,0.2,-0.12,0.28,1.5,0.2,-0.3,7.8,-0.5,-10.8,7.5,-12.9,-4.4,-1.2,-8.2,4.2,2.3,4.4,8.2,-5.0,1.2,4.6,1.6,-1.2,0.7,-0.3,-1.4,-1.4,0.8,-1.5,0.6,1.1,1.9,3.4,0.5,-2.0,-3.0,-12.5,-5.4,0.6,-0.7,0.1,-3.1,1.0,-2.1,0.5,0.1,3.3,-0.3,-0.0,1.4,0.4,-0.6,1.7,-1.0,-3.5,-1.3,0.2,0.2,1.5,2.0,1.5,-0.6,3.6,3.5,3.1,1.6,2.1,2.4,0.6,4.9,-7.0,-6.6,2.6,0.4,-0.4,4.7,-3.9,2.2,1.8,2.8,2.8,1.0,5.2,3.9,0.2,-0.3,0.1,-3.2,-0.7,-1.3,-1.2,-0.9,0.1,-3.0,-1.6,-3.9,1.6,-5.3,-2.5,0.2,-2.8,0.7,-0.5,-2.2,-0.0,2.9,-1.6,-0.3,2.2,0.4,-1.7,-0.6,2.0,-2.7,-6.6,-1.7,0.9,1.1,2.0,0.7,2.3,1.7,-3.5,-4.9,-3.8,1.6,2.6,2.9,2.6,2.0,1.7,1.0,1.4,-2.0,-1.0,-1.9,-4.8,-2.4,-7.3,-2.0,-1.0,-2.2,-0.1,-3.4,-3.0,-1.4,5.5,-7.8,-14.4,6.6,-4.4,-3.6,-2.1,4.0,3.7,6.0,5.4,8.1,2.1,3.7,-0.2,2.9,-5.7,0.1,-1.5,-1.6,0.5,3.7,-0.2,-1.8,-7.5,-1.6,0.3,-3.5,-2.4,1.5,8.2,-6.7,-9.0,2.1,-9.2,-0.3,-4.2,2.4,2.2,-5.4,2.7,2.6,1.9,1.1,2.3,-0.1,0.2,-0.1,-3.3,-5.2,-6.0,-7.2,0.8,-0.3,-11.3,-4.7,-1.8,-0.9,-0.8,2.7,0.9,-0.7,5.4,-5.6,0.3,7.9,1.2,-1.5
2C7L51C03i,0,48.105128,11.625629,4442116.3,2778173.28,530.5,576.2,269,7318,3.8,0.71,0.49,32.64,348.97,-0.529,-0.103,0.842,-1.5,0.2,-0.54,0.29,0.5,0.3,-0.3,3.0,1.9,-0.6,1.1,1.4,0.2,1.2,0.1,1.3,3.5,3.6,3.5,1.9,0.3,-3.2,-0.6,-2.4,0.3,0.6,-6.6,-8.9,-4.0,3.4,1.2,7.1,-3.1,4.3,-1.2,1.4,-6.5,-8.2,-3.8,3.0,-9.0,-9.7,-2.3,-1.9,1.9,3.1,-0.7,3.9,-4.1,-1.7,-2.1,-7.4,-3.4,0.2,3.2,1.1,-2.2,2.4,-7.0,-4.4,-3.2,-6.7,-5.1,5.2,-3.6,4.1,4.9,-1.5,-2.5,-6.3,-5.5,0.5,-1.8,-0.6,5.8,-5.1,-1.6,0.5,-4.2,1.2,-6.4,-4.3,-2.7,-1.8,-1.1,-3.9,-3.8,-2.7,-4.8,12.8,3.0,-0.6,-1.9,-2.1,-2.9,-4.3,0.3,-3.3,3.7,-5.5,-1.7,2.7,2.0,2.0,-4.1,-5.4,3.0,-1.2,-0.8,-0.4,-6.1,-0.1,2.3,0.2,-5.3,-3.3,-3.2,-6.3,-4.1,-5.0,-2.7,-4.6,-3.1,-6.5,-2.6,-0.8,-2.1,-0.5,-1.8,-4.9,-1.4,-2.2,-4.1,-1.8,-3.1,-3.1,-10.6,-3.3,11.6,-1.5,-5.1,-6.6,-6.2,-6.7,-4.4,1.0,2.2,3.1,1.5,-4.3,-1.8,-2.8,-3.8,-4.8,-3.4,-3.4,-0.5,-4.2,-4.0,-3.0,-5.7,-5.7,-3.6,-4.9,-2.1,-4.9,-4.0,3.0,5.9,-6.6,3.1,-1.6,-3.9,-3.9,-7.4,-5.9,1.6,-4.5,-5.3,-7.5,-10.8,-8.8,-12.1,-9.3,-8.7,2.3,-8.3,-6.1,-6.6,-8.8,-4.7,-9.3,-8.8,-9.6,-5.4,-6.7,-10.6,-3.6,-14.0,-8.8,-9.3,-8.4,-4.5,-1.5,6.6,-6.4,-4.9,-1.4,-9.3,-11.2,-17.8,-7.2,-8.1,-10.3,-11.9
2C7L51C04F,0,48.1054,11.62775,4442273.62,2778207.0,542.2,587.9,269,7351,2.3,0.86,0.44,32.65,348.97,-0.53,-0.103,0.842,-0.7,0.1,-0.05,0.17,1.8,0.1,-0.3,0.0,-0.7,0.5,-0.5,-1.4,-0.8,-1.8,-1.2,-2.7,1.0,-3.0,1.2,-0.6,-1.1,0.1,1.9,-0.8,-0.6,-1.3,-5.4,-6.4,-5.4,-1.9,-3.1,0.9,-1.9,-0.6,-1.4,-4.7,-7.4,-7.5,-6.0,-9.8,-2.9,2.7,-2.7,-3.9,-2.3,0.6,0.6,-0.9,-1.8,0.9,-4.6,0.1,-1.7,-3.9,-0.8,-0.9,0.1,-1.0,0.4,-2.0,2.2,0.8,1.2,0.1,1.1,1.4,4.0,-2.0,-0.4,-1.1,-0.1,-1.0,-0.7,-1.8,-0.2,-2.7,-1.8,-2.2,-1.1,-3.7,-1.2,-1.0,-2.6,-1.5,-2.0,-3.6,-2.8,-1.9,-3.4,-17.1,-7.7,-1.9,-3.2,-0.7,-7.0,-4.4,-4.7,-5.3,-5.0,-2.0,-5.4,-0.5,-1.9,-2.8,-5.2,-4.1,0.9,-2.5,-0.7,-2.3,-0.5,-3.7,-4.2,-2.1,-0.7,0.7,-2.8,-0.2,-2.0,-0.7,0.1,-1.4,-2.3,-1.7,-1.6,-0.1,-0.2,1.8,0.4,-1.8,-3.1,2.1,-0.9,-0.8,-5.3,-2.0,-3.5,-4.2,-0.7,-0.2,-6.4,-9.8,-4.3,-4.8,-9.8,-1.7,0.8,-3.1,-1.9,0.1,-4.9,-1.2,1.2,-0.1,0.1,-1.2,-3.4,-1.4,0.3,-0.3,-0.8,-4.0,-1.5,-5.5,-0.9,-3.9,-4.4,-4.2,-8.3,-6.4,-2.7,-6.4,-1.9,-3.9,-6.0,-3.2,-4.5,-5.3,-5.2,-4.9,-3.3,-4.9,-2.5,-3.3,-5.5,-5.8,-3.9,-5.2,-6.0,-5.7,-6.8,-5.2,-6.2,-4.6,-1.3,-5.8,-6.4,-5.6,-6.5,-6.3,-6.5,-1.6,-10.1,-4.6,-4.6,-0.5,-3.1,-2.4,-3.4,-1.0,-2.3,-0.4,-1.7,-0.6,-3.9
2C7L51C03o,0,48.105234,11.626317,4442167.29,2778186.25,547.9,593.6,269,7324,1.8,0.92,0.33,32.65,348.97,-0.529,-0.103,0.842,-0.4,0.1,-0.16,0.14,0.2,0.1,-0.3,0.4,1.5,-0.4,0.7,0.5,0.6,-1.5,-0.1,-0.9,2.2,-0.2,0.6,1.8,-0.4,0.7,1.0,0.7,2.1,-0.6,-0.8,-2.0,0.3,-2.9,-0.3,1.4,0.6,1.9,-1.6,-2.7,-3.2,-9.3,-3.2,-4.0,-0.3,-2.2,1.1,1.7,0.9,1.1,1.6,-0.7,-2.6,4.1,2.0,1.3,0.5,-1.4,0.1,-1.1,0.9,0.2,0.1,0.5,1.0,0.6,1.9,-0.9,-0.9,-2.6,-0.9,-3.2,1.5,-7.6,-3.0,-1.9,1.9,-2.3,-1.8,-1.1,-1.2,-0.8,-0.5,-2.0,-4.3,1.4,1.6,1.6,1.0,0.1,0.1,0.2,-0.4,-3.3,-2.1,-1.6,1.6,0.9,-0.3,1.3,-1.9,-0.2,-2.2,-2.7,0.4,-0.7,-0.2,-0.1,0.7,-0.5,1.3,-1.2,-1.2,0.0,-0.1,1.6,0.7,1.1,-1.9,0.2,0.4,-0.4,-3.4,-0.6,0.1,-2.2,-1.2,-1.1,1.4,-1.1,-0.6,-2.7,-2.9,-0.9,0.4,1.2,0.4,2.7,-1.6,0.1,-1.6,-2.1,-1.0,-2.1,-1.5,-1.5,-1.7,-1.2,-4.9,2.3,0.6,-2.3,-0.8,-2.4,-0.2,-0.6,-0.3,-5.1,0.4,-2.4,1.4,-2.7,-1.0,0.2,-0.6,-0.3,1.1,-0.2,0.3,0.2,-0.5,-1.8,3.3,0.9,-2.1,-1.7,-0.6,-0.1,0.1,2.7,0.8,0.0,-2.5,-6.2,-2.4,-0.3,-3.0,-0.7,-0.6,-7.7,-1.9,-3.0,-0.9,-4.7,-3.3,-2.2,-1.4,-3.6,-1.4,-1.0,-4.6,-1.9,-1.3,-0.0,-1.3,-2.5,-2.3,-1.4,-2.0,-2.5,-1.5,-5.4,-1.9,-1.6,-2.0,-0.3,-4.0,-1.8,-1.9
2C7L51C03p,0,48.105242,11.62638,4442171.93,2778187.24,548.1,593.8,269,7325,2.6,0.84,0.36,32.65,348.97,-0.529,-0.103,0.842,-0.3,0.1,-0.3,0.2,0.7,0.2,-0.3,-0.6,-6.7,0.8,-2.5,-0.4,-1.5,-1.8,0.1,0.2,4.1,0.9,-0.4,4.2,2.3,4.0,0.4,-0.5,0.8,-1.7,-1.5,-2.7,-0.6,-2.9,1.0,-0.5,0.7,2.1,-0.0,-2.8,-4.3,-5.4,-5.3,-2.3,-1.1,-4.3,-1.5,4.7,2.5,2.5,2.2,0.8,-2.3,3.7,3.2,4.3,0.2,0.9,1.7,-1.6,0.1,0.9,-0.2,0.4,2.0,2.8,3.7,-1.7,-6.1,-0.2,-1.9,-4.5,5.3,-5.0,-1.2,-1.1,0.5,-2.9,-2.6,1.7,1.7,-0.5,-0.9,-4.0,-1.2,2.8,1.1,-2.7,-4.2,-4.3,-0.7,-0.8,-3.0,-3.8,0.5,1.1,-2.9,2.4,-3.2,-2.1,-1.2,0.4,-2.1,-1.0,0.6,0.7,2.2,1.2,-0.4,1.0,3.4,0.3,-1.1,2.3,1.7,3.0,1.4,0.2,-0.9,1.3,2.3,0.0,-1.8,0.1,-1.3,0.9,-4.4,-5.6,-0.1,-8.7,2.4,-5.6,-0.8,-0.0,1.7,4.4,-2.0,1.5,0.9,0.1,-5.6,0.1,-2.1,1.0,0.2,-2.1,-1.9,-0.4,-2.9,2.5,4.2,0.3,0.1,-1.6,0.5,1.1,2.4,-0.8,3.6,1.1,2.4,-2.1,1.3,2.0,2.7,-0.9,-2.0,-1.2,2.9,2.9,-2.4,-4.4,2.0,0.1,-0.4,0.7,1.5,2.4,-9.7,2.5,3.5,1.3,-1.8,-6.0,1.1,2.7,-3.8,-3.6,-3.2,-2.5,-3.5,-3.1,-0.8,-2.6,-4.3,-4.1,-1.0,-3.3,0.3,1.4,-2.9,-2.7,-1.8,2.9,-3.1,-0.1,0.1,-1.7,1.4,-3.3,-1.1,-1.1,-4.8,-2.1,0.8,2.1,-3.0,-5.4,-3.5
2C7L51C02P,0,48.104601,11.621245,4441790.95,2778107.61,543.5,589.2,269,7237,3.3,0.77,0.4,32.59,348.93,-0.529,-0.103,0.843,-1.4,0.2,-0.36,0.25,0.8,0.2,-0.3,0.1,0.9,1.3,2.4,1.7,-3.3,2.2,2.4,2.3,-2.0,4.6,-4.1,1.3,3.4,3.0,3.6,3.5,5.8,3.1,-0.2,1.7,6.5,2.9,2.3,3.7,-2.2,2.2,-2.2,-0.2,-1.1,2.5,-5.4,-1.5,-0.4,-4.3,-1.7,-0.4,0.7,4.7,4.5,2.3,0.2,2.9,2.6,2.2,-0.4,-4.4,-0.1,-2.0,0.7,2.8,-0.1,0.8,1.6,1.8,-2.6,-0.4,5.9,0.9,-0.2,0.9,3.5,-2.6,0.6,10.2,-5.0,-2.3,-3.6,0.8,0.0,-3.4,2.7,-3.4,0.8,0.8,-0.2,1.8,4.7,4.4,-3.2,0.8,-0.1,1.5,2.2,8.0,-5.0,4.3,-5.2,-6.7,2.4,1.8,1.9,-1.3,4.6,1.1,0.7,-4.1,-2.1,-0.0,0.6,1.0,-2.0,3.7,0.9,0.9,1.9,-1.5,1.4,-2.0,2.7,1.2,1.3,4.7,2.0,1.2,-0.1,-1.6,0.1,-1.6,1.1,-3.8,-0.3,-1.1,1.6,-6.0,1.0,-4.7,1.7,2.4,1.7,6.4,1.8,-3.5,-4.7,8.0,-4.3,-1.4,-3.4,-2.0,3.1,-4.0,-1.8,-3.6,-3.3,1.7,-1.6,-4.1,-2.1,-1.9,-2.0,-5.1,-1.3,-0.1,-1.3,2.1,-2.1,-0.6,-0.9,-1.1,-1.8,-4.5,-3.4,2.3,0.5,1.2,1.2,-3.5,-5.5,-8.1,-2.5,4.3,-4.5,-8.4,-10.1,-8.7,-11.0,-8.3,-4.0,-19.4,-2.6,-5.4,-1.3,-4.1,-10.4,-3.2,-5.4,-6.6,-4.8,-1.7,-2.1,-4.4,-7.2,-2.2,5.7,-4.3,-2.6,1.3,-3.2,-0.4,0.2,-11.5,-7.9,-6.8,-7.1,-5.6,-6.9,-1.5,-2.1
2C7L51C02Q,0,48.104601,11.621244,4441790.86,2778107.59,540.6,586.3,269,7238,2.5,0.87,0.4,32.59,348.93,-0.529,-0.103,0.843,-1.1,0.1,0.04,0.19,0.5,0.2,-0.3,-0.9,-1.4,-0.6,-1.1,1.0,-3.2,2.3,0.5,0.7,3.6,1.3,-2.3,-3.8,-0.9,0.1,2.6,2.4,2.2,0.6,-2.3,-6.0,1.7,1.6,-4.0,0.1,-2.7,-1.4,-3.7,-2.2,-2.6,2.9,-7.1,-1.1,0.2,-5.3,-3.1,-1.4,-1.7,-0.3,1.1,0.2,-1.4,-0.1,1.4,-3.4,-5.0,-4.5,-3.4,-4.6,-1.9,0.5,-0.5,-0.9,-1.1,-0.0,-3.8,-0.6,3.8,-0.4,-1.2,-2.4,0.7,-5.1,-3.5,0.6,-3.0,-3.3,-4.0,-1.1,-1.4,-2.9,-1.8,-1.1,-1.9,-3.6,-2.6,0.5,-4.3,-0.4,-7.6,-0.4,-1.1,-5.3,-2.5,-2.2,-3.8,-0.4,-8.4,-8.0,-1.6,-3.2,-3.9,-3.1,0.5,-1.2,-1.2,-5.9,-4.0,-3.5,-2.5,-2.1,-5.2,-2.3,-3.6,-4.5,-1.2,-4.8,-3.4,-5.5,-0.9,-2.6,-1.0,0.6,-0.2,-0.9,0.7,-1.0,0.3,-3.8,-1.5,-4.6,-2.5,-2.7,-2.2,-5.3,-1.9,-4.1,-1.7,-2.3,-3.2,0.5,-3.0,-3.6,-4.3,-4.0,-2.6,-4.1,-5.3,-3.9,-15.2,-5.4,-3.2,-5.9,-4.6,0.6,-5.1,-5.6,-3.6,-1.1,-2.2,-8.3,-6.3,-3.0,-4.9,-3.7,-4.7,-4.8,-4.4,-2.1,-3.5,-4.5,-3.1,-2.0,-3.3,-2.0,0.2,-3.7,-5.2,-8.0,-3.7,-1.1,-5.3,-9.2,-7.5,-6.4,-9.0,-10.9,-3.0,-1.5,-4.1,-6.3,-4.0,-3.8,-7.1,-4.9,-5.0,-3.3,-2.4,-5.1,-4.7,-5.4,-7.6,-4.3,-19.6,-8.6,-8.0,-2.5,-4.9,-4.9,-4.9,-7.6,-8.7,-5.7,-4.1,-6.4,-5.0,-2.9,-8.5
2C7L51C030,0,48.10491,11.623649,4441969.26,2778145.83,555.9,601.6,269,7274,2.0,0.92,0.24,32.6,348.93,-0.529,-0.104,0.842,-0.6,0.1,-0.32,0.15,0.8,0.1,-0.3,0.6,0.9,-0.9,0.1,-0.5,0.9,-0.5,0.6,-0.1,1.9,0.7,2.1,1.4,0.6,0.6,0.1,-0.9,-0.9,-1.3,-1.2,-1.2,-1.2,0.1,-3.1,0.7,0.8,0.3,1.8,-0.3,-5.3,-12.4,-5.4,-4.9,-3.9,-5.2,-2.1,0.1,-0.8,2.1,-0.0,-0.1,1.2,1.6,-0.4,0.2,-2.1,0.8,-0.0,-0.3,0.4,1.5,-0.1,1.4,-0.2,0.8,-0.6,0.9,0.1,0.2,0.0,2.1,-1.3,1.3,-0.4,0.7,0.4,-0.3,-1.7,0.4,1.1,-0.2,-0.1,-0.4,-0.9,-0.4,-0.5,-0.4,-1.3,-1.8,-1.4,-0.7,-0.8,-0.4,-1.4,-1.7,-1.4,1.5,-1.9,0.5,-2.3,-2.2,-1.2,-1.2,1.5,-1.1,2.1,-0.9,-1.0,-1.0,0.8,-1.6,-1.4,-2.1,-0.2,-1.7,5.2,-1.2,-0.6,-2.1,-1.3,-1.9,-1.4,-0.3,-0.0,-1.1,-1.3,9.9,-0.5,-0.1,1.0,0.7,-0.2,0.3,-1.3,-1.2,-1.7,1.0,-2.4,-3.1,-0.5,-2.7,-0.8,-0.1,-3.3,-1.4,-4.0,-3.1,-4.6,-0.7,0.2,0.6,-0.4,-0.8,-1.3,-1.5,-1.6,-5.7,0.5,-0.9,-1.4,-1.1,-2.6,-0.8,-1.8,-2.7,-1.4,-1.0,-1.6,-0.5,-2.9,-2.7,-0.9,-1.2,-1.9,-2.7,0.4,-2.2,-3.9,-0.1,-1.6,-3.5,-4.6,-2.5,-1.0,-2.2,-15.4,-1.6,-0.9,-2.0,-1.5,-1.3,-0.6,-2.0,-2.5,-3.2,-2.9,-2.5,-1.2,-2.1,-3.8,-5.3,-1.9,-5.1,-4.3,-4.3,-3.7,-2.2,-3.0,-3.4,-3.7,-2.5,-2.1,-2.7,-3.0,-2.1,-2.7,-2.9,-2.9
2C7L51C034,0,48.104892,11.623508,4441958.87,2778143.63,539.6,585.3,269,7278,4.1,0.69,0.47,32.63,348.97,-0.529,-0.103,0.842,-0.7,0.2,0.23,0.32,0.4,0.3,-0.3,-0.7,-2.3,-4.5,-1.7,-3.2,0.1,-4.0,-3.7,-4.4,0.6,-0.6,0.5,-0.7,-0.2,0.2,0.7,2.9,-0.5,-0.7,0.7,-1.1,0.5,0.3,-0.7,1.0,1.8,3.9,-1.8,-0.9,-5.6,-5.5,-7.4,-14.1,-6.0,-9.4,-6.2,0.5,-6.8,1.9,-0.4,1.0,0.5,8.3,1.3,-6.0,3.1,-3.5,-4.1,-1.3,-18.4,-16.0,4.1,-3.7,2.7,8.7,-8.1,-9.2,-13.6,-4.0,1.9,-3.6,-4.6,-2.4,6.5,4.9,6.6,-4.8,-5.8,-7.6,-19.0,-2.4,-9.7,-3.9,-2.3,0.3,-5.0,-3.9,-4.0,-11.2,-5.0,-3.9,-11.4,1.4,-6.7,-2.7,-9.4,-2.3,-8.3,-4.1,-8.2,-5.8,-13.0,-4.2,-7.0,-9.3,-2.7,-4.9,-6.0,-3.7,-2.7,-3.2,-4.4,-3.5,-1.7,-3.2,-1.3,-2.3,-5.4,-2.5,-0.9,-1.5,-2.9,-2.8,-3.4,-3.1,-7.2,-5.0,-5.5,-6.1,-4.1,-7.2,-6.8,-4.7,-3.6,-0.1,-0.1,-1.4,1.9,-1.0,-9.3,-13.5,-3.7,-2.5,-9.5,-4.5,-6.0,0.6,-3.6,-4.5,0.1,0.6,1.6,-5.1,-3.1,-2.9,-5.5,-6.1,-12.6,-5.7,-2.3,-5.1,-9.4,-3.4,-4.5,-3.2,-5.9,-3.8,-0.8,-0.8,-5.1,2.5,-3.9,-1.9,-1.5,-2.3,0.8,-1.4,-6.3,0.5,0.8,-16.5,-5.1,-5.8,-3.3,-4.5,-1.9,-2.9,-4.0,-5.1,-5.2,-3.5,-5.5,-6.0,-8.3,-5.6,-8.4,-5.4,-4.2,-5.8,-3.1,-9.2,-6.9,-10.7,-8.7,-6.0,-2.8,-9.7,-10.5,-10.5,-6.3,-2.5,-4.1,-6.5,-6.5,-6.7,-5.2,-4.8,-4.0
2C7L51C035,0,48.104897,11.623547,4441961.73,2778144.25,538.7,584.4,269,7279,2.6,0.84,0.41,32.63,348.97,-0.529,-0.103,0.842,-0.8,0.1,0.5,0.2,0.6,0.2,-0.3,-2.0,-1.1,-2.4,-0.8,-3.8,0.9,-2.0,-1.2,-1.2,-5.9,-0.1,0.1,1.5,-0.2,0.7,1.5,0.9,1.4,1.0,-0.2,-2.8,-2.9,0.5,1.4,0.9,-10.4,2.0,2.2,0.3,-3.1,-7.8,-14.9,-11.0,-8.3,-8.6,-5.5,-16.8,-0.2,1.8,4.4,-2.6,-0.5,4.4,-1.4,-1.3,-2.4,-5.9,-6.5,-2.8,-4.1,-2.6,-3.1,-3.6,-3.1,-3.2,-2.6,-5.3,-2.3,-4.3,-3.6,-3.8,-4.2,-3.2,-5.1,-6.6,0.9,-3.0,-5.8,-4.8,-7.0,-4.3,-5.8,-4.4,-6.5,-5.4,-6.1,-4.8,-5.9,-7.0,-5.8,-5.5,-8.7,-5.0,-7.5,-4.5,-7.5,-3.4,-8.5,-5.4,-7.5,-4.8,-3.7,-4.2,-4.1,-5.3,-0.9,-4.5,-6.1,-4.2,-3.7,-4.1,-3.2,-4.7,-3.1,-4.0,-1.2,-2.1,-4.6,-4.4,-4.6,-6.0,-3.6,-4.2,-4.7,-3.9,-4.2,-5.5,-5.1,-4.8,-4.7,-4.2,-5.0,-4.2,-5.2,-4.7,-5.4,-0.5,-5.1,-2.9,-8.8,-6.5,-5.4,-8.3,-6.4,-6.7,-5.6,-7.4,-6.3,-4.2,0.1,-0.2,-6.7,-6.0,-4.7,-4.2,-4.8,-3.8,-5.2,-6.9,-2.6,-4.3,-9.3,-3.9,-4.5,-5.3,-5.4,-4.8,-3.3,-3.4,-5.9,-7.6,-6.2,-2.7,-5.1,-5.0,-4.4,-4.4,-8.6,-5.4,-6.1,-6.4,-5.4,-1.3,-4.5,-5.9,-3.8,-4.6,-5.7,-7.5,-5.9,-5.3,-6.1,-5.2,-8.4,-5.7,-6.0,-2.9,-5.5,-1.3,-8.7,-5.6,-8.6,-9.8,-8.4,-5.5,-6.8,-4.9,-12.1,-8.7,-6.9,-7.2,-3.9,-8.0,-5.0,-5.3,-4.3,-5.0,-4.8
2C7L51C04M,0,48.105468,11.627991,4442291.37,2778214.96,536.9,582.6,269,7358,3.2,0.77,0.41,32.65,348.97,-0.53,-0.103,0.842,-0.7,0.2,-0.65,0.25,1.3,0.2,-0.3,0.6,1.3,-1.6,4.8,-0.7,1.7,0.4,0.5,0.4,3.0,0.8,-1.2,0.7,0.7,0.1,-1.2,-3.3,-0.4,-3.4,-2.6,-2.5,0.9,8.3,-3.2,-3.3,-1.1,-3.2,-8.3,-5.1,-5.7,-18.2,-3.6,-9.8,-7.6,0.6,-3.8,-8.3,-2.9,-4.4,0.5,4.7,-14.5,-1.3,-1.4,-3.7,-5.6,-3.5,-2.4,-3.9,-1.6,-2.2,-1.0,-2.6,1.1,-1.4,-0.9,-2.7,0.7,-0.3,0.0,-0.7,-0.3,-6.9,-2.6,-12.5,-4.6,-0.5,-4.2,-2.6,-1.3,-2.8,-1.9,-3.7,-3.5,-1.4,-3.3,-3.4,-1.9,-5.1,-3.3,-1.6,-3.1,-1.9,-2.5,-4.2,-2.9,-2.8,-2.0,0.4,-10.3,-6.0,-1.4,3.3,-3.9,1.5,-0.8,-0.9,-2.6,-3.8,1.6,-3.5,-6.5,-1.3,-3.0,2.0,-10.5,-5.2,-3.7,-1.4,-0.2,-5.0,-2.1,-1.1,-4.3,2.1,-3.5,0.1,-4.6,-3.6,-0.8,-0.2,1.7,0.4,-1.5,-0.9,1.4,-1.8,-3.8,-3.8,-1.3,-4.3,-2.9,-2.1,-4.9,-3.6,-7.0,-1.4,-6.8,-3.5,1.2,3.0,-4.9,-0.2,0.1,-5.0,-1.5,-8.9,-0.9,-1.8,2.1,5.3,-0.5,0.4,-1.5,-0.9,-3.3,-3.0,-1.8,-0.2,-3.6,-2.0,-3.3,-2.7,-4.9,-4.7,-3.2,-0.9,-3.0,-2.6,-3.1,-7.5,-8.1,-10.5,-7.3,-0.5,-14.7,-2.5,0.5,3.1,-4.6,-2.4,-2.4,-4.6,-0.9,-3.3,-3.7,-10.4,-4.6,-6.4,-7.8,-10.1,-4.6,-3.3,-8.4,-7.0,-4.2,-4.1,-2.2,-7.3,-17.1,-9.1,-7.9,-7.3,-6.2,-6.3,-8.3,-5.1,-2.6
2C7L51C02V,0,48.104645,11.621439,4441805.33,2778112.78,535.3,581.0,269,7243,3.2,0.8,0.44,32.6,348.93,-0.529,-0.103,0.842,-1.8,0.2,-0.76,0.24,0.5,0.2,-0.3,-7.6,1.3,2.6,1.3,-1.3,0.8,-6.1,3.8,-1.9,-7.5,17.8,11.5,2.7,1.6,-4.7,5.7,8.5,-0.0,-1.6,2.9,0.7,-1.1,-2.1,-2.4,-0.8,0.6,0.4,0.5,-3.1,-8.2,5.2,-5.6,-0.4,-2.2,-9.9,-4.6,-0.7,-4.2,-0.3,-1.9,-2.3,0.4,0.5,-2.0,1.5,-2.0,-5.7,3.1,-3.6,-2.5,2.3,-2.4,-1.1,1.4,-2.2,1.9,-0.2,1.1,-1.6,-2.7,-0.9,-2.6,-3.0,-4.1,-1.2,-6.5,2.2,-0.6,-0.9,-0.4,-1.5,-0.4,0.8,12.7,-6.0,1.3,-3.4,4.8,6.7,0.0,-0.1,0.7,-0.9,-2.1,-2.9,-5.3,-2.4,-0.6,1.1,-3.1,-3.9,-1.8,-3.3,2.0,-2.8,-3.0,-5.6,0.1,1.1,1.0,-2.0,-1.2,-0.1,-1.2,1.3,0.4,-0.9,-0.5,-3.0,-2.9,-2.0,-4.4,-1.3,-2.9,-1.8,-0.8,-3.0,-2.0,-0.9,-1.0,-2.4,2.6,3.6,-3.1,-3.6,-0.3,-2.6,-2.6,-4.6,-4.6,-3.8,-0.7,-0.1,-2.1,-0.7,-4.9,-5.2,-5.4,2.3,-1.7,-1.6,-2.1,-4.0,-3.2,-2.2,-3.2,-2.4,-2.0,-3.6,-1.6,-2.6,-4.5,-3.6,-1.7,-5.2,-4.9,-3.8,-3.8,-2.2,-5.2,-5.8,-7.2,-1.7,-5.7,-0.8,-3.3,-1.3,-6.8,-1.5,-5.2,-8.0,-4.6,-5.0,-6.9,-5.6,-7.9,-6.3,-8.2,-15.4,-5.4,-4.6,-11.2,-9.1,-11.0,-6.6,-10.4,-8.4,-5.5,-6.5,-8.1,-7.4,-9.2,-5.4,-6.5,-8.3,-7.4,-5.0,-7.5,-9.8,-11.4,-9.0,-9.1,-8.0,-7.9,-6.6,-9.6,-10.1,-6.8
2C7L51C02z,0,48.10493,11.62366,4441970.08,2778148.07,559.5,605.2,269,7273,2.6,0.83,0.39,32.6,348.93,-0.529,-0.104,0.842,-0.8,0.1,-0.63,0.2,1.6,0.2,-0.3,1.7,1.4,-2.0,0.5,0.8,-1.8,0.1,0.2,0.7,4.3,0.2,1.0,2.3,1.5,-0.2,-1.1,-1.3,-0.6,-1.7,-2.3,-6.2,-2.0,2.3,-10.7,-3.5,-12.6,0.2,3.2,-2.3,-5.8,-11.2,-5.4,-6.7,-1.1,-6.1,-2.9,-0.3,-1.4,3.3,0.8,0.0,0.5,4.1,-3.2,1.3,-3.5,2.2,0.3,1.8,-0.6,1.1,-1.3,1.5,0.8,1.4,0.6,2.2,-0.2,0.8,0.6,2.6,0.4,3.4,2.1,1.8,0.1,0.1,-1.4,1.0,3.2,0.9,0.8,-1.1,-2.2,-0.8,-0.3,1.6,-1.4,-1.0,-1.2,0.4,-0.1,0.8,-0.7,0.2,-2.8,4.0,3.7,-4.7,-2.8,0.0,-1.0,1.4,3.0,-2.0,1.6,-2.4,-0.3,-1.2,0.3,-1.2,-0.5,-1.9,-1.1,-1.3,0.3,-2.5,0.5,-1.8,-2.2,-0.2,-0.4,-0.2,0.8,0.4,1.6,2.8,0.3,1.5,2.2,1.5,1.3,0.8,0.0,-2.6,-2.6,2.0,-1.3,-3.9,-0.6,-4.5,-3.9,-2.8,-5.0,-9.0,-9.9,-6.8,-5.9,-4.7,-0.2,-0.3,-2.8,-2.7,-3.4,-0.7,0.4,-2.6,-0.5,1.0,-1.6,0.8,-1.4,-1.0,-2.0,-2.4,-0.0,-1.9,-3.6,-1.8,-4.1,-4.6,3.6,0.8,-2.9,-5.3,0.5,-2.2,-5.4,-0.8,-2.6,-1.9,-2.2,-1.9,1.2,-1.7,-13.5,0.6,-2.3,-1.3,-3.0,-4.3,-2.0,-3.2,-2.5,-5.3,-3.1,-2.0,-1.8,-4.9,-4.0,-6.8,-5.0,-9.9,0.7,-8.8,-8.0,-2.5,-7.0,-6.2,-4.3,-3.9,-3.1,-3.6,-2.3,-2.9,-2.1,-4.3,-4.4
2C7L51C03B,0,48.104973,11.623995,4441994.92,2778153.43,542.6,588.3,269,7285,3.4,0.74,0.44,32.64,348.97,-0.529,-0.103,0.842,-1.0,0.2,-0.47,0.26,1.7,0.2,-0.3,2.9,-1.5,-2.2,0.5,-1.2,-1.6,-2.8,1.4,1.8,-0.7,0.8,-0.8,2.9,1.5,-0.0,-1.4,1.5,3.2,4.5,4.9,1.5,-0.4,4.8,2.9,9.2,5.0,8.2,4.0,-0.8,-3.6,9.0,-3.1,-4.7,-4.6,5.7,1.6,2.8,4.2,6.5,7.3,2.5,9.3,5.3,1.8,3.9,2.9,0.2,4.8,0.5,1.5,1.9,1.6,3.1,4.4,0.5,3.2,0.5,0.7,0.6,-0.0,-0.1,3.0,1.0,-0.6,-2.9,-1.4,-1.6,-1.6,7.9,2.9,3.9,3.5,1.4,2.7,3.8,0.8,6.5,1.0,2.5,-0.3,2.8,-1.5,2.6,3.6,2.8,1.2,3.0,-0.7,1.4,-0.6,1.7,-1.1,0.3,4.9,1.3,3.9,0.1,5.3,6.0,2.9,5.0,2.9,4.2,4.6,2.5,4.1,4.2,4.9,2.1,2.7,5.8,2.4,4.1,5.1,6.2,1.3,1.1,2.4,-12.8,2.4,-8.6,-4.4,5.2,2.6,1.2,3.1,1.4,-1.1,0.4,1.4,1.9,3.2,2.4,3.1,-1.4,1.3,4.3,0.1,3.9,4.8,1.2,2.6,6.5,2.1,5.4,6.0,5.3,0.1,-0.0,-3.0,-0.2,-2.4,-2.5,-0.8,0.0,-7.4,-2.1,-3.2,2.9,-4.0,-5.5,4.6,2.9,1.5,-0.2,4.0,-3.4,-3.2,1.7,8.0,3.0,-5.5,0.8,-3.1,-1.0,-16.0,-6.5,-8.2,0.3,-7.7,-8.4,-1.6,-0.9,-3.7,-10.0,-2.4,-1.3,0.7,0.8,-1.0,-1.0,-11.4,4.3,1.5,-1.9,0.5,10.5,1.1,2.5,0.4,-3.1,-1.6,-0.3,-0.3,-5.7,-1.0,-1.6,-2.3
2C7L51C03C,0,48.104962,11.623905,4441988.22,2778152.01,535.4,581.1,269,7286,1.7,0.93,0.23,32.64,348.97,-0.529,-0.103,0.842,-0.5,0.1,-0.73,0.13,0.4,0.1,-0.3,0.5,0.7,0.1,-0.3,-0.3,-1.3,0.6,-0.5,1.0,-4.0,1.6,1.0,0.8,-0.1,0.8,-0.2,0.9,-0.3,1.2,-0.5,0.5,-0.9,1.3,-1.6,3.6,2.9,3.7,3.0,-0.7,-4.8,-12.7,-3.1,-2.9,-1.7,-4.3,-0.6,2.7,-0.7,2.3,1.5,2.3,2.0,3.2,0.4,0.0,-0.1,1.2,-2.1,-0.5,0.3,0.7,0.4,-0.0,0.3,0.2,0.6,1.0,0.2,0.2,-0.3,0.0,0.1,1.9,-0.1,-0.0,-0.1,0.6,-2.6,-1.0,0.4,0.1,0.4,1.0,0.0,1.5,1.2,1.6,0.7,0.4,0.7,0.4,0.8,0.6,0.3,0.6,0.8,0.5,-1.0,2.2,-0.5,-0.3,1.0,-2.7,1.9,-1.1,3.5,0.8,-1.0,0.5,1.6,-0.1,1.3,-0.5,2.2,-0.5,0.9,0.9,0.6,0.6,0.6,-1.0,0.9,-0.4,0.8,0.1,-0.8,-0.4,-0.6,0.0,1.6,-0.0,0.5,0.0,-0.3,-0.7,0.4,1.1,0.1,-0.5,0.6,-1.2,0.3,1.5,-0.9,-1.0,1.2,0.8,-0.5,2.1,4.5,3.1,5.5,0.6,2.2,5.2,3.1,2.6,1.8,1.0,0.1,-0.2,-2.7,-0.6,-1.5,-0.4,-0.3,-0.2,0.5,1.1,-0.4,-2.0,0.5,-2.0,-0.8,-1.1,2.2,-1.8,-3.5,1.2,-0.2,-1.4,-3.3,-3.3,-1.0,-1.0,-1.8,-1.2,-1.9,1.9,-2.7,-2.8,-2.9,-2.4,-3.1,-2.6,-2.8,-1.5,-1.4,-0.9,-3.5,-1.7,-2.2,-1.9,-4.2,-3.8,-2.6,-2.8,-3.6,-2.0,-2.7,-2.8,-2.6,-3.3,-3.0,-0.8,-0.9,-2.2,-2.3
2C7L51C04H,0,48.105471,11.627871,4442282.48,2778215.11,543.6,589.3,269,7353,3.2,0.78,0.42,32.65,348.97,-0.53,-0.103,0.842,-0.3,0.2,-0.17,0.25,1.1,0.2,-0.3,-2.7,-1.1,-3.2,-1.8,-0.4,4.2,-1.8,2.3,0.8,-6.7,1.7,-3.5,0.5,-0.4,-1.5,-1.0,-1.7,-0.4,-8.5,-1.6,2.5,-2.7,-2.1,-4.1,1.0,0.5,-1.7,-2.8,-3.4,-3.6,-10.2,-7.5,-5.8,-2.5,-2.3,1.5,-3.5,1.3,3.3,3.7,1.6,-0.8,-1.1,4.5,-2.8,-1.9,-2.3,-2.8,-3.0,-3.9,-3.4,1.5,-3.6,0.6,-1.0,-14.7,-2.4,-1.8,-4.8,-2.2,-1.6,-0.2,4.1,-1.4,-17.1,-4.4,-5.8,-1.2,-2.0,-3.6,-3.4,-2.1,-2.1,-4.8,-1.1,-1.4,-1.4,-2.4,-7.4,-9.4,-3.1,-3.8,-1.0,-2.4,-3.3,-3.9,-1.9,-2.1,-6.7,-6.8,-6.7,-2.8,-4.9,-3.7,0.1,-4.7,0.7,-6.6,-5.7,-1.1,-2.4,-2.4,2.4,-3.0,-2.0,-1.4,1.5,2.8,-1.7,-4.5,-0.6,-5.6,-0.7,-1.3,-2.7,-0.5,7.7,6.8,4.3,0.4,3.2,-13.4,-0.4,-1.5,-2.0,-2.1,-2.4,-3.6,-2.3,-3.2,-5.1,-2.2,-9.5,-3.6,-1.2,-2.7,-4.3,-4.2,-3.3,1.1,-4.9,-0.3,-4.5,0.2,1.0,1.4,9.4,-2.3,-3.3,0.2,-6.8,-3.2,0.3,-1.7,0.2,1.6,-1.9,-2.6,-2.0,-3.0,-5.7,-4.2,1.6,-4.2,-6.3,-0.6,-0.4,-0.8,-4.8,-2.3,-3.2,-4.9,-10.8,0.9,-5.3,-2.0,-2.3,1.6,-1.0,-2.6,-3.2,-2.4,-4.1,-3.5,0.0,-3.6,-4.2,-2.1,-7.4,-7.7,-4.9,-1.9,-1.9,-6.3,-2.7,-1.3,-2.7,-6.3,-4.5,-7.2,-6.8,-0.5,-4.5,-3.6,-0.2,-2.2,-2.7,-5.9
2C7L51C02L,0,48.104609,11.621016,4441773.86,2778108.08,543.9,589.6,269,7233,2.8,0.84,0.34,32.59,348.93,-0.529,-0.103,0.843,-0.5,0.1,-0.36,0.21,0.2,0.2,-0.3,-1.0,0.7,0.2,-0.1,0.2,-4.2,2.0,1.9,4.5,-4.3,1.9,-7.2,0.4,3.9,1.0,2.0,-0.7,1.5,-0.2,-1.5,-1.8,-0.0,-2.3,2.3,3.2,1.4,2.7,-4.2,-0.5,-6.7,8.8,-2.6,-3.2,-3.1,-12.2,-2.4,1.2,0.9,2.3,3.3,-0.3,-0.4,1.6,1.9,-0.4,0.3,-3.6,-3.5,2.5,2.5,1.2,2.6,1.7,1.8,-0.4,3.9,-2.1,1.0,1.3,0.0,-0.4,0.9,1.7,0.2,-5.4,-1.5,1.2,-1.7,2.2,2.9,2.3,-0.0,-1.9,1.9,1.9,0.7,1.6,0.1,2.7,-0.5,0.4,-0.6,0.4,-1.0,-0.5,0.0,0.8,-5.2,0.8,-2.4,-0.7,-4.3,-4.3,-1.7,1.1,1.1,-4.8,-1.2,2.2,2.9,0.8,1.3,0.7,2.4,0.5,2.3,0.8,1.8,3.4,1.2,1.3,-1.9,-1.8,-1.8,-0.6,-6.4,-2.1,-1.1,-1.2,0.1,-3.9,0.8,-1.0,-0.9,1.3,-0.8,-5.6,-1.1,-0.4,-1.7,0.2,2.1,-2.6,-2.6,0.9,1.1,2.9,0.4,2.0,2.0,-12.7,-1.6,-0.2,1.5,1.1,3.9,-1.1,-0.5,-4.1,2.1,-3.4,-0.8,2.1,0.0,0.2,-0.6,0.9,0.3,0.1,-0.3,-2.3,-1.5,0.7,-2.1,-0.1,-3.1,1.2,-1.5,3.2,-0.1,-1.4,-4.5,-6.4,-3.7,-7.4,-3.0,-6.0,-1.8,10.2,-2.5,-2.4,0.6,-3.1,0.2,0.1,0.5,-2.5,1.9,-0.5,-2.7,-3.0,-2.6,-1.2,-1.1,-3.6,-1.3,-1.3,-2.2,-4.3,-4.4,-8.7,-1.6,0.4,0.4,-2.6,-7.8,-2.4,-2.6
2C7L51C02M,0,48.104614,11.621058,4441777.02,2778108.76,543.2,588.9,269,7234,2.1,0.9,0.27,32.59,348.93,-0.529,-0.103,0.843,-0.7,0.1,-0.38,0.16,0.4,0.1,-0.3,-0.5,1.4,1.6,1.2,0.9,-3.0,0.9,2.0,1.5,-3.4,1.9,-3.4,2.9,3.2,1.7,2.2,0.7,2.2,1.2,1.0,0.6,2.1,-0.6,1.1,2.1,2.8,1.2,-3.1,-0.6,-1.8,7.8,-3.6,-3.1,-1.5,-5.6,-0.1,0.7,1.7,3.3,3.8,1.0,-1.3,3.2,2.5,1.1,1.8,-4.4,-0.6,0.2,1.4,1.1,1.5,1.7,1.3,1.4,2.6,-1.4,1.8,0.1,-0.2,-0.3,1.0,-0.1,0.7,-4.2,-4.1,-1.0,0.1,1.7,0.9,-3.4,1.4,-1.2,0.9,1.8,1.2,1.7,1.3,2.1,0.4,1.4,0.9,1.1,-0.3,0.8,0.3,1.6,-3.6,1.2,-0.5,0.0,-1.2,-2.9,3.0,1.0,2.3,-3.5,0.0,2.0,0.6,1.7,1.0,2.0,2.1,1.1,1.2,1.3,1.9,1.3,0.1,1.8,0.5,1.1,0.6,1.5,-2.0,-1.1,-1.0,-0.7,1.1,-0.6,1.2,-3.0,0.4,2.6,2.1,-4.3,2.1,1.0,1.0,-0.1,2.7,-3.6,-0.1,-0.2,0.8,1.8,-1.1,1.8,1.6,-4.7,-1.8,0.0,1.0,1.4,1.0,-2.0,-1.1,-1.8,0.7,0.2,0.3,1.3,0.4,0.3,-1.6,-0.3,0.8,2.1,-0.7,0.3,-1.6,2.1,-0.2,-0.2,-1.9,0.2,-1.5,1.7,0.6,-0.8,-2.0,-7.8,-6.3,-6.6,-4.6,-4.4,-1.3,-13.9,-1.0,-0.8,-0.3,-0.7,-2.6,0.1,0.2,-5.6,1.3,-0.0,-1.4,-1.7,-4.2,-1.4,-2.5,-2.4,-2.1,-0.6,-1.6,-3.3,-2.7,-4.1,-1.9,-1.1,-1.2,-2.1,-4.7,-2.6,-1.9
2C7L51C031,0,48.104947,11.62365,4441969.29,2778149.98,553.7,599.4,269,7275,2.4,0.88,0.33,32.63,348.97,-0.529,-0.103,0.842,-0.6,0.1,-0.56,0.18,1.2,0.2,-0.3,0.6,0.9,-1.6,0.4,-1.0,-0.4,1.0,0.0,-0.4,1.1,1.9,1.3,1.0,0.1,0.7,-1.6,-0.5,1.6,-0.5,0.3,0.1,-0.1,-1.0,-0.7,0.4,1.6,-0.1,1.6,-1.7,-5.9,-15.0,-7.2,-4.6,-2.6,-6.0,-1.7,0.9,-1.8,3.9,-1.9,-0.0,0.1,1.7,0.1,1.2,-1.6,-0.5,-1.5,-0.9,-2.2,1.1,0.3,2.0,2.4,3.1,1.1,1.7,2.0,1.7,1.2,1.7,0.7,0.7,0.6,1.3,1.8,0.6,2.3,2.4,3.0,0.1,2.8,2.7,1.2,1.5,1.1,1.7,0.2,-1.5,1.5,-1.7,-2.2,-0.1,-1.5,-1.3,-0.3,0.0,-5.1,0.9,-1.8,-3.1,-1.2,-2.5,1.3,-1.4,2.7,-0.4,-2.2,-0.8,1.3,-2.4,0.2,-1.5,0.7,-2.7,3.8,-2.1,-1.3,-2.6,-1.7,-3.0,-1.5,-1.2,1.5,-2.3,-1.5,8.4,-0.1,1.4,0.8,1.2,1.2,0.9,-0.7,-0.7,-2.8,2.6,-2.9,-1.3,-0.1,0.3,-0.3,-0.9,-1.3,-1.0,-1.7,-2.8,-3.9,-1.4,-0.9,0.0,-1.3,-0.9,3.6,0.3,-2.0,-14.2,0.0,-0.9,-1.6,3.9,-3.6,-1.2,-0.9,0.9,0.2,-0.6,-0.2,2.2,-1.9,-2.0,1.6,-0.6,-0.5,-1.2,-0.4,-0.5,-6.2,0.8,0.7,-4.1,-5.7,-4.4,-4.1,-1.8,6.5,-2.0,-1.0,-8.4,0.5,-3.1,-1.9,-0.6,-3.5,-1.2,-2.5,-1.9,-1.3,-0.1,-4.4,-5.4,-3.3,-6.5,-5.1,-3.0,-4.7,-4.2,-2.9,-3.7,-4.2,-3.7,-3.6,-3.1,-5.1,-1.5,-2.6,-1.3,-1.5
2C7L51C039,0,48.104968,11.623808,4441981.03,2778152.53,539.3,585.0,269,7283,3.8,0.61,0.56,32.64,348.97,-0.529,-0.103,0.842,-0.4,0.2,2.09,0.31,2.0,0.3,-0.3,-4.8,-4.2,-5.1,-3.4,-6.1,-3.8,-5.7,-4.2,-4.8,-2.1,-4.5,-3.8,-4.4,-4.6,-4.5,-3.9,-2.8,-4.0,-9.0,-4.6,-4.3,-5.3,-5.6,-6.4,-4.9,-4.3,-3.4,-6.5,-7.2,-6.9,-24.4,-7.5,-10.5,-5.8,-11.9,-7.5,-5.8,-6.7,-2.8,-2.8,-5.4,-4.2,-4.2,-4.7,-4.6,-4.1,-7.8,-5.9,-10.5,-9.0,-8.6,-9.8,-10.1,-11.5,-10.5,-9.7,-9.2,-8.1,-13.4,-8.5,-8.9,-7.4,-10.7,-7.2,-10.4,-10.2,-9.3,-8.7,-8.1,-10.4,-9.0,-10.3,-9.8,-9.8,-7.8,-12.2,-8.9,-11.0,-12.2,-18.6,-9.2,-16.4,-9.3,-15.8,-11.4,-23.6,-22.2,-4.2,-26.8,-0.3,-15.8,-15.7,-20.6,-15.0,-20.8,-12.5,-21.6,-20.0,-16.9,-18.5,-16.5,-17.7,-10.5,-17.3,-15.0,-13.2,-12.0,-13.0,-11.2,-14.5,-10.8,-12.7,-8.5,-12.7,-9.6,-8.6,-12.2,-9.6,-11.4,-8.3,-10.2,-9.9,-11.7,-12.3,-9.8,-11.7,-12.0,-12.3,-13.3,-14.2,-14.7,-12.6,-12.4,-19.6,-20.2,-18.7,-15.9,-23.8,-11.7,-11.8,-7.9,-9.8,-11.9,-12.3,-8.3,-8.9,-5.7,-4.6,-8.1,-7.6,-9.2,-10.3,-3.8,-7.4,-5.5,-6.5,-9.1,-8.7,-9.3,-10.2,-1.8,-7.9,-6.7,-4.7,-13.6,-8.8,-5.3,-12.2,-10.1,-12.8,-9.2,-8.7,-7.6,-8.6,-8.2,-7.6,-8.3,-5.5,-7.5,-7.3,-7.3,-7.2,-9.4,-9.8,-7.3,-11.8,-9.5,-10.5,-4.1,-5.5,-20.3,-12.8,-8.0,-15.1,-16.6,-7.7,-25.4,-16.5,-7.3,-7.4,-8.1,-7.5,-7.4,-7.3,-6.6,-8.8,-8.7,-7.3
2C7L51C03A,0,48.104973,11.623851,4441984.22,2778153.21,538.6,584.3,269,7284,2.2,0.78,0.36,32.64,348.97,-0.529,-0.103,0.842,-0.4,0.1,1.48,0.18,2.2,0.1,-0.3,-2.6,-2.7,-2.3,-3.4,-2.6,-1.1,-4.5,-1.1,-4.3,0.1,-1.0,-0.3,-4.2,-4.5,-4.6,-3.3,-3.3,-4.6,-8.3,-4.7,-4.2,-4.4,-6.3,-9.1,-6.5,-4.5,-4.3,-3.9,-6.0,-10.9,-20.9,-7.8,-9.5,-7.4,-11.5,-7.9,-4.5,-5.8,-5.7,-2.2,-4.8,-5.0,-1.9,-3.7,-2.5,-2.4,-4.6,-5.7,-7.9,-6.5,-7.8,-7.7,-5.8,-7.3,-7.8,-7.5,-6.1,-6.1,-8.4,-5.9,-7.9,-6.1,-6.6,-6.4,-6.3,-6.5,-7.1,-6.7,-7.1,-7.6,-6.2,-8.1,-6.9,-7.4,-7.4,-8.1,-8.4,-9.5,-9.1,-11.4,-8.0,-8.9,-8.6,-12.6,-11.0,-15.6,-11.3,-13.5,-11.8,-18.3,-14.0,-12.9,-12.7,-8.3,-13.4,-8.7,-11.0,-14.0,-10.9,-10.8,-12.3,-12.1,-13.2,-10.0,-11.7,-7.3,-8.1,-9.6,-8.0,-10.7,-8.8,-7.7,-8.4,-7.9,-7.2,-6.3,-7.3,-7.7,-7.2,-5.5,-7.7,-7.4,-8.1,-8.8,-6.6,-8.2,-7.8,-9.0,-10.1,-10.8,-14.3,-8.9,-10.0,-13.1,-13.8,-13.5,-11.5,-13.9,-9.1,-6.0,-7.3,-7.3,-8.9,-8.3,-8.5,-10.1,-4.4,-7.0,-8.7,-5.7,-9.6,-9.5,-9.5,-4.7,-3.5,-4.4,-6.0,-5.3,-5.6,-7.3,-10.7,-9.1,-8.2,-9.8,-10.8,-6.7,-8.9,-10.1,-7.6,-8.7,-6.8,-6.5,-4.9,-6.0,-5.0,-3.5,-4.9,-5.1,-4.2,-4.2,-5.5,-5.5,-5.8,-7.3,-6.2,-8.6,-6.9,-8.2,-9.9,-8.1,-12.4,-9.9,-9.0,-12.8,-11.7,-10.3,-9.7,-11.7,-10.0,-8.6,-4.0,-6.5,-5.2,-5.1,-3.5,-5.6,-6.9,-5.7
2C7L51C03F,0,48.104982,11.623921,4441989.37,2778154.33,530.6,576.3,269,7289,3.1,0.78,0.42,32.64,348.97,-0.529,-0.103,0.842,0.3,0.2,-0.89,0.24,0.8,0.2,-0.3,1.4,-3.6,7.8,0.8,-0.1,1.5,-2.1,0.8,0.7,-0.3,2.2,-0.3,-0.3,1.3,2.2,1.2,2.0,-0.8,1.1,-0.6,-0.8,-3.0,1.3,-3.8,11.0,1.1,1.8,-2.9,-0.8,-3.4,-11.4,-2.0,-8.0,-4.9,-2.9,-4.0,-2.9,3.5,6.4,5.4,3.0,4.4,3.6,0.3,1.3,2.1,-0.9,1.2,2.8,2.4,2.6,0.2,5.7,4.6,4.7,3.5,0.5,3.5,0.8,-1.3,2.3,-2.0,14.5,-0.1,-3.2,-6.2,2.4,3.6,1.3,2.4,-2.2,2.3,-0.7,1.7,1.5,4.0,1.6,4.8,1.6,-1.2,2.5,1.9,3.3,2.7,4.4,2.6,5.4,1.1,0.6,1.3,1.6,1.9,3.3,8.2,2.0,6.0,2.9,3.5,5.1,3.8,1.1,3.6,2.5,3.3,0.2,2.8,2.9,0.8,4.0,2.0,0.5,4.4,3.8,5.7,4.9,1.4,6.1,4.1,-4.6,2.5,-4.3,3.6,-0.5,-5.2,1.1,-1.2,-2.9,3.3,2.1,5.4,2.1,7.5,4.0,4.8,6.3,6.0,12.1,3.6,6.8,7.9,6.4,4.1,4.7,6.6,7.5,7.4,8.1,3.8,4.4,4.0,0.7,0.6,3.9,1.7,0.7,4.5,1.9,1.3,4.4,2.5,4.0,3.9,5.1,8.5,-7.7,1.5,2.7,-1.8,3.3,2.5,2.1,2.5,1.7,-1.7,1.3,0.4,1.5,3.8,-4.5,3.0,2.6,3.4,0.5,2.3,1.7,1.1,-1.0,0.5,4.4,1.2,2.8,2.8,0.3,2.4,0.2,2.0,1.7,-1.3,2.0,0.8,2.7,5.3,0.7,1.6,5.1,5.2,2.8,0.4
2C7L51C06r,0,48.106625,11.636713,4442938.35,2778357.89,531.3,577.0,269,7513,3.1,0.68,0.38,32.69,348.97,-0.53,-0.103,0.842,-0.2,0.2,-1.67,0.26,1.2,0.2,-0.3,0.8,-4.8,2.5,2.1,-1.4,4.0,1.5,1.4,3.1,0.7,1.9,-2.3,-0.1,4.6,2.5,1.2,2.9,-4.3,0.4,-2.6,-4.0,2.4,2.1,-0.1,0.4,-4.6,4.4,3.3,-5.1,-3.4,-7.0,-0.5,10.1,8.7,8.7,5.1,-7.7,12.6,8.1,8.2,10.2,13.1,10.0,7.3,6.5,8.8,5.7,7.7,11.8,11.5,9.2,9.0,7.3,11.6,10.6,8.7,7.1,9.9,8.5,9.6,7.1,11.8,10.2,6.9,-2.8,7.0,8.6,12.1,5.3,8.4,5.1,7.0,10.7,8.8,7.3,7.4,7.7,13.2,7.6,6.4,7.0,5.7,7.6,14.2,9.8,15.1,8.7,9.3,9.0,5.4,8.3,9.1,5.7,4.5,6.2,9.8,8.4,7.1,6.2,9.6,6.3,8.8,5.4,10.6,9.1,7.4,8.2,9.2,8.9,8.5,13.5,7.6,5.1,7.5,7.7,5.0,8.5,8.0,9.6,5.2,8.9,4.7,5.4,8.2,-2.8,5.2,6.8,2.7,6.7,2.0,4.4,6.7,7.1,6.3,3.8,0.8,4.4,2.9,7.3,5.7,4.5,3.9,7.5,5.4,7.8,8.5,8.8,6.5,7.0,7.5,1.6,6.8,4.9,4.8,6.6,6.4,9.9,-2.1,5.6,6.1,8.0,-2.3,1.2,1.7,3.2,5.5,6.6,7.2,5.3,3.2,2.6,3.2,2.7,8.0,4.0,2.6,5.3,2.4,3.4,3.7,2.3,2.2,5.4,3.5,3.8,3.1,5.5,5.3,-0.5,-0.2,1.3,6.1,4.2,7.5,7.0,5.5,6.5,4.3,4.0,5.2,3.9,3.9,6.3,2.6,5.5,4.0,5.8,4.4
2C7L51C03V,0,48.105138,11.624993,4442068.86,2778173.44,538.0,583.7,269,7305,4.1,0.64,0.46,32.64,348.97,-0.529,-0.103,0.842,-0.5,0.2,-0.67,0.31,1.6,0.3,-0.3,-1.1,1.3,0.2,-1.3,-1.6,2.4,1.4,-1.9,0.7,-7.7,0.3,-3.3,4.3,3.1,9.8,0.4,1.6,-3.6,-1.6,2.3,2.0,-1.6,0.4,-5.4,-0.8,1.1,-5.5,5.1,-0.1,-6.3,0.3,0.6,-12.8,-5.2,-11.1,-2.9,-13.7,-1.9,-0.7,-9.3,-2.0,5.1,-6.9,0.6,2.4,-1.7,2.3,-7.8,2.4,-2.2,-4.7,-5.8,-1.8,1.0,0.1,3.0,5.8,-1.9,-6.6,-1.2,-0.9,-4.1,7.1,0.5,4.5,3.7,2.4,-4.6,-0.0,0.1,0.6,-1.0,0.0,-1.3,-2.6,-1.9,5.7,-0.4,-8.3,-0.7,0.5,8.2,-3.4,-3.8,-2.0,-6.0,-3.9,-7.6,2.5,-6.7,-6.0,-1.2,-0.4,-2.9,-2.9,1.9,2.4,-2.3,11.0,8.0,-4.0,0.4,-7.0,4.5,-0.6,-0.2,4.4,-0.0,2.3,-0.2,-1.2,-0.5,3.0,5.2,3.5,3.6,-1.0,1.2,6.5,1.1,-1.3,2.8,3.3,1.5,7.5,6.2,-1.0,-14.2,-8.7,-9.2,-9.7,-3.4,1.2,-4.3,-2.7,-9.2,-5.4,-6.5,0.1,2.1,-6.9,0.4,-3.3,-0.9,-1.1,0.5,3.8,-0.5,-1.1,0.9,1.3,-2.1,0.1,0.4,2.0,-1.5,3.5,-0.8,6.1,-0.3,-1.9,-1.6,-5.8,-8.4,-6.0,1.6,5.9,-2.7,4.5,-2.7,-2.9,-3.1,-6.3,-5.6,-4.1,0.5,-4.1,-1.2,-12.2,-1.9,0.5,-3.3,-3.2,-3.4,-3.7,-4.0,-2.0,-2.9,-0.8,-3.8,6.3,-4.7,-11.5,-10.2,-4.6,-2.4,-2.9,0.7,-5.6,-6.6,-3.8,-6.5,-3.9,4.0,1.5,-3.5,-4.6,-5.8
2C7L51C03e,0,48.105229,11.625698,4442121.16,2778184.64,546.5,592.2,269,7314,2.9,0.82,0.47,32.64,348.97,-0.529,-0.103,0.842,-0.3,0.1,-0.5,0.22,0.8,0.2,-0.3,1.9,0.8,-0.0,0.1,0.8,-0.7,0.3,1.5,-1.7,-0.3,0.4,1.6,-0.7,-2.5,0.7,2.5,2.8,2.4,3.2,1.6,-3.7,3.5,-0.0,2.7,5.7,5.0,1.1,-0.4,0.7,-0.2,-9.9,-1.1,-3.2,0.1,-1.3,2.0,2.7,2.5,4.3,3.3,5.0,0.5,5.1,4.3,0.5,0.9,-3.3,-1.0,0.6,0.5,0.2,0.2,0.0,-0.2,-0.3,-1.3,0.9,1.8,-1.5,0.2,0.4,1.3,-0.9,0.5,-1.0,-1.7,-0.2,2.3,-1.1,-2.0,-0.5,-2.5,-2.2,-1.3,-0.1,2.7,2.5,-1.1,2.9,2.0,-3.1,-2.2,7.0,2.6,3.6,4.8,4.0,1.7,3.3,0.1,1.0,12.4,3.6,4.5,0.7,-1.9,-2.5,3.3,4.0,2.9,-3.5,3.1,2.1,1.0,2.2,2.0,-1.7,-3.3,1.9,-1.1,1.6,-4.7,-4.8,7.1,3.2,2.7,-0.9,2.1,-6.6,1.9,1.1,9.3,0.4,-2.6,0.4,1.6,-0.4,-2.2,-1.1,1.1,-0.4,1.8,1.7,2.5,-0.0,1.8,2.5,-2.5,4.0,3.0,-2.1,-1.7,11.7,-3.3,-0.5,0.8,0.1,0.5,2.3,2.7,1.4,-0.0,-1.0,-3.1,6.7,2.8,0.3,5.7,-1.2,3.5,-0.4,5.8,-0.7,-1.6,1.1,8.2,0.1,1.3,13.7,2.2,0.1,-1.2,-3.8,-2.9,-3.1,-1.5,-1.5,-3.5,3.9,-1.1,-2.0,1.6,0.3,-6.0,0.5,-1.4,-1.8,0.0,1.7,-4.5,2.0,-0.8,1.0,-1.2,-4.1,-1.1,0.9,0.9,-0.9,-2.8,1.0,-2.5,-1.4,-5.4,1.3,0.2,-0.5,-1.1
2C7L51C07G,0,48.106861,11.638412,4443064.34,2778386.95,545.9,591.6,269,7538,3.0,0.78,0.41,32.7,348.97,-0.53,-0.103,0.842,-0.9,0.1,-0.06,0.23,1.1,0.2,-0.3,-0.1,-1.3,3.3,1.0,-2.1,1.9,1.8,2.0,0.6,4.4,-6.0,-5.4,-5.4,-5.9,-0.9,-0.6,0.3,-3.8,-2.9,-1.2,-3.9,-1.1,-2.8,-0.6,-1.4,-2.7,6.4,3.0,-7.2,-7.2,0.9,-6.3,-6.7,-5.8,-5.5,0.0,0.4,1.1,-3.4,-1.9,-0.1,2.8,-2.4,-3.0,-6.3,-2.3,-0.4,-4.1,-2.7,-0.6,-3.3,-1.0,-1.9,1.8,0.9,-1.8,3.1,-2.8,0.2,-0.5,-1.4,0.0,2.4,-5.6,1.2,-3.2,-0.9,-0.4,-6.6,-7.0,-7.1,-1.2,-2.2,-2.5,-4.8,-2.7,0.3,-1.2,-4.0,-6.8,-3.6,-5.7,-3.9,-4.0,-3.3,-3.5,-8.0,-7.6,-4.0,-2.6,-4.0,3.3,-3.7,-7.9,-3.1,-10.5,-3.1,-5.0,-4.2,4.7,-5.4,-2.8,-0.0,-4.5,-0.5,-4.5,-5.4,-5.8,-0.5,-1.8,-5.1,-0.6,-5.3,2.3,2.5,0.1,0.2,-2.4,0.0,-0.3,0.7,0.6,-6.1,-2.0,-1.0,1.4,-2.0,-1.7,-2.1,-3.7,-1.8,-3.4,-4.9,-5.0,-4.7,-3.7,-4.1,1.9,2.3,-1.1,0.3,-5.0,5.7,-5.5,-4.9,-9.2,3.0,0.4,-4.4,-2.8,-1.1,-4.0,-7.4,-7.7,-8.5,-2.8,0.3,1.1,-5.9,-2.4,-5.8,-12.9,-7.9,-7.5,-4.6,-5.1,-3.1,-1.7,-4.2,-6.6,-8.5,-9.1,-4.0,-7.0,-6.2,-7.6,-4.1,-3.3,-8.0,-1.0,-3.1,-4.0,-2.3,-5.0,-3.6,-6.0,-5.2,-11.3,-6.0,-11.4,-1.8,-8.6,-4.8,0.9,1.1,-6.4,-2.8,-5.2,-4.4,-4.0,-3.9,-5.0,-9.0,-5.0,-7.1,-3.9,-5.9,-4.8
2C7L51C07I,0,48.106865,11.638443,4443066.58,2778387.45,540.0,585.7,269,7540,2.7,0.82,0.38,32.7,348.97,-0.53,-0.103,0.842,-0.6,0.1,-0.44,0.21,0.7,0.2,-0.3,-3.4,1.9,0.7,0.9,2.5,-0.3,0.4,1.2,1.4,-3.1,-0.9,1.2,0.6,-3.3,-0.6,-0.5,2.2,-0.4,0.4,-2.7,-3.9,-3.3,-2.6,-1.5,-0.6,1.0,-1.5,-0.1,-2.4,-3.8,-1.1,-8.2,-6.2,-5.8,-2.0,-2.2,1.0,-1.0,-0.6,-3.8,-2.1,-1.1,-1.1,-3.2,-2.9,-5.8,-5.3,-8.2,-0.6,-3.0,-3.1,-0.1,3.9,-5.9,-4.7,-2.4,-2.1,-2.3,-3.8,-5.2,-1.7,-2.7,-2.5,-2.9,-0.9,-4.1,-7.4,-2.2,-5.1,-3.5,-2.1,-2.3,-5.2,-3.3,-6.3,-4.2,-2.3,-5.0,-5.5,-3.7,-3.7,-7.1,-0.1,-0.9,-3.6,-1.7,-4.2,-2.6,-2.5,2.8,-3.8,-4.6,-4.5,-7.5,-3.0,-4.7,-0.8,-1.4,-1.6,1.2,-0.1,-0.6,-3.8,0.2,-3.6,-5.3,-2.6,-0.3,-1.3,-3.4,-5.7,-2.9,-2.4,0.5,4.2,-0.1,-3.1,-1.6,-1.5,5.2,2.0,2.6,-1.1,-3.7,-2.9,-0.2,3.9,-6.3,-2.6,-2.9,-1.9,0.2,-0.8,-0.7,-2.1,4.9,-1.7,-3.0,-3.1,2.5,-3.1,-4.8,-6.0,-2.3,-0.0,2.2,0.5,-1.2,1.1,-6.0,3.4,0.9,-0.8,-2.5,-2.2,-3.0,-2.2,0.2,0.3,-2.1,-0.9,-12.0,-5.7,-4.8,-3.5,-3.2,-2.5,-0.9,0.0,-2.8,-5.1,-6.5,-3.9,-2.1,0.2,-0.5,-5.0,-4.1,-4.5,-3.8,-4.7,-3.0,-6.9,-5.6,-3.7,-7.8,-5.5,-10.4,-6.5,-5.8,-1.6,-9.8,-8.0,-2.5,4.1,-5.5,-2.9,-9.4,-3.1,-2.6,-9.4,-9.8,-6.3,-0.6,-1.6,-6.9,-3.5,-3.3
2C7L51CH5P,0,48.104659,11.621117,4441781.26,2778113.81,543.8,589.5,270,7235,3.3,0.78,0.41,32.59,348.93,-0.529,-0.103,0.843,-0.7,0.2,-0.51,0.25,1.2,0.2,-0.3,1.1,-0.3,5.0,0.7,3.9,4.1,1.6,-7.2,3.1,3.3,1.9,-1.6,-0.2,-4.7,0.5,3.7,2.3,2.9,3.3,3.2,1.3,4.3,0.6,3.7,1.2,5.7,0.3,0.3,-0.5,2.7,-8.4,-3.8,-0.7,2.6,-0.9,4.7,2.9,3.8,3.6,7.9,3.5,-9.1,8.7,5.9,4.9,8.0,-7.2,3.5,0.8,0.4,2.7,1.0,1.4,1.2,5.7,3.6,3.9,3.5,-0.8,-1.3,-0.3,2.4,-12.9,1.3,-5.7,-0.7,-1.2,0.0,1.8,-1.0,-3.1,0.6,3.6,4.8,4.6,2.6,3.7,3.7,3.3,3.0,2.4,3.8,2.7,0.7,0.2,2.6,4.2,-0.5,4.9,0.4,2.5,0.8,0.6,5.2,0.8,4.1,-5.0,2.3,2.1,2.8,3.4,4.2,4.5,3.8,1.8,1.3,3.4,4.1,2.4,1.5,3.2,-1.4,1.8,-0.7,-0.2,-1.2,-0.5,-2.9,-14.1,1.2,0.1,3.0,-2.8,1.6,4.9,6.6,-0.9,4.2,3.6,4.8,2.6,5.3,-1.6,2.3,2.3,-0.4,5.4,0.1,2.9,1.2,2.5,-2.6,-0.5,0.4,-1.6,3.0,-1.7,-2.6,-2.0,1.1,2.7,1.8,3.5,-1.0,-1.2,-2.3,-2.0,1.7,3.0,0.8,1.9,-0.4,3.4,2.6,2.3,-0.7,2.0,0.9,3.8,3.0,-0.3,1.5,-10.9,-6.9,-5.2,-6.2,-1.7,3.7,-13.0,0.2,0.3,0.4,1.4,-2.2,1.6,0.6,-6.9,4.6,4.8,-2.0,-0.0,-4.7,0.4,-1.5,2.1,-1.9,0.0,0.3,-3.0,-1.2,-3.7,-3.7,-1.2,-3.0,-3.3,-4.7,-1.6,-1.6
2C7L51CH5T,0,48.104679,11.621269,4441792.59,2778116.25,540.1,585.8,270,7239,4.3,0.66,0.47,32.59,348.93,-0.529,-0.103,0.843,-1.0,0.2,-0.12,0.32,0.4,0.3,-0.3,-3.2,-3.8,-4.4,-2.2,0.8,0.5,2.2,1.3,-2.9,-3.2,2.8,-3.5,9.3,-0.5,3.3,3.1,1.1,3.9,0.4,0.4,3.1,-0.9,-5.4,-3.1,-2.3,-0.0,-1.4,-9.7,-3.8,-6.3,6.6,-3.5,-4.4,-2.6,-8.0,-4.4,-4.3,0.6,-0.5,-0.8,1.0,-8.3,7.6,6.5,-1.6,-2.0,-7.7,3.7,-1.9,2.4,-1.4,0.4,-1.8,-1.8,-1.0,-5.2,-3.0,1.2,3.0,-1.3,-5.1,-3.9,-8.3,0.5,-3.6,-4.3,-3.9,-7.2,7.2,-0.7,-2.3,-2.8,0.4,-1.3,7.2,-3.7,3.4,-3.3,2.1,-1.3,-0.6,0.8,-1.3,-1.2,-5.9,-0.6,-0.7,-4.4,-0.6,-5.6,-3.5,0.1,-4.8,-1.5,-3.0,-7.5,-0.4,-5.3,-7.6,-4.2,-13.7,0.5,-4.6,-3.5,-10.4,-0.1,-2.8,-5.8,-6.9,1.1,-3.9,0.4,-2.4,-2.3,-3.7,-3.9,-0.8,-3.5,-3.7,-6.9,-5.2,-2.9,-3.3,3.3,-11.8,-2.2,-0.9,-7.7,-2.6,-3.1,-4.2,-4.9,-8.9,-3.2,-4.2,3.0,-1.4,-1.3,-0.4,1.6,1.1,-3.2,2.0,-7.9,-2.7,-0.9,-7.1,-2.2,-2.2,0.5,2.7,8.8,-4.1,-5.6,-3.5,-3.5,0.6,0.3,-0.9,-7.3,-6.6,-6.0,3.1,-6.2,-0.9,-3.8,-14.5,-4.4,10.8,-0.8,-6.3,-10.4,-13.0,-11.3,-8.1,-8.5,7.7,-1.8,-13.8,-3.7,-1.7,-1.9,-7.1,-17.0,-5.8,-6.2,-4.9,-0.8,-5.3,-10.4,-7.7,-7.3,-6.2,2.3,-10.9,-6.5,-1.2,-4.9,-7.8,-10.8,-7.9,8.4,1.7,-7.0,-5.0,-7.9,-12.0,-9.6
2C7L51CH5j,0,48.104795,11.622176,4441859.81,2778130.67,539.2,584.9,270,7255,3.8,0.67,0.49,32.6,348.93,-0.529,-0.103,0.842,-6.0,0.2,1.03,0.31,0.8,0.3,-0.3,-1.2,1.8,-1.2,4.7,-1.2,0.8,9.1,-1.2,6.2,-3.7,2.2,2.5,-1.2,-2.6,2.7,-0.9,6.6,-2.0,-2.3,-2.1,-0.5,-1.6,-2.4,-3.4,-0.8,-2.0,0.3,-5.0,-2.9,-1.1,-4.4,-0.9,-4.6,2.4,-6.5,3.4,7.3,-4.0,-2.2,-2.4,-5.1,-9.8,-0.6,-15.9,-8.6,-1.4,-4.4,-6.8,-4.1,-7.6,-2.5,-5.3,-2.0,-6.4,-4.5,-1.3,-3.8,-0.4,-4.3,-3.2,-1.7,3.7,-5.7,-3.8,-13.9,-0.3,-6.5,-11.4,-5.7,2.0,-5.5,-3.4,-3.8,-6.0,1.6,-0.8,-3.4,-3.1,-4.3,-3.5,-7.0,-3.5,-6.4,-6.9,-7.8,-7.4,-4.6,-8.6,-8.8,-4.8,-8.0,-6.6,-7.8,-25.2,-9.2,-1.5,-13.5,2.5,-1.2,-8.7,-8.0,-3.8,-7.9,-6.1,-7.2,-9.7,-10.4,-9.6,-8.1,-15.8,-10.0,-12.1,-11.9,-11.4,-5.6,-10.8,-13.9,-9.2,-8.3,-4.8,-13.9,2.0,-16.6,-6.3,-7.4,-11.2,-22.1,-2.6,-16.6,-17.8,-17.7,-15.1,-22.0,-18.6,-22.4,-17.3,-14.8,-20.9,-14.9,-16.5,-14.2,-18.7,-20.4,-21.1,-18.3,-18.5,-21.5,-21.1,-22.3,-22.6,-30.6,-20.9,-23.6,-20.6,-21.9,-21.0,-21.2,-20.1,-18.0,-19.7,-23.2,-24.1,-20.2,-20.8,-20.2,-17.2,-25.7,-27.5,-17.6,-22.8,-23.1,-24.5,-21.0,-24.1,-25.3,-24.8,-22.2,-22.6,-30.7,-21.6,-23.7,-21.4,-20.9,-22.2,-24.0,-24.4,-24.4,-23.1,-23.3,-29.2,-21.6,-24.8,-27.2,-27.7,-25.6,-26.0,-27.4,-22.5,-21.0,-24.0,-21.5,-23.4,-23.2,-21.8,-22.4,-21.6,-24.7,-23.6
2C7L51CH8p,0,48.106197,11.63309,4442669.51,2778304.35,538.2,583.9,270,7447,1.7,0.91,0.25,32.68,348.97,-0.53,-0.103,0.842,-1.0,0.1,-0.39,0.13,0.8,0.1,-0.3,0.6,1.0,1.1,1.4,-0.3,-7.0,0.7,0.4,0.9,-2.2,0.2,-4.2,0.6,2.1,0.5,1.0,-0.3,-0.1,0.5,-1.1,-1.6,-0.6,0.2,1.9,1.3,1.8,3.2,-4.5,-0.1,-2.6,-3.6,-3.5,-3.5,-3.0,-0.2,-1.4,1.5,1.7,0.9,0.8,0.7,-1.1,1.1,-0.1,0.5,1.2,-1.5,-1.6,-0.8,1.9,0.8,2.4,0.4,2.2,1.3,2.3,0.2,1.6,2.0,0.3,1.7,1.2,1.5,1.0,-5.5,-2.2,0.4,2.5,-0.3,0.9,0.8,0.6,0.7,0.8,1.6,1.7,1.3,-0.2,0.1,-0.2,0.9,-1.9,-2.0,-1.0,-0.6,0.7,-0.4,0.2,-0.5,-1.4,-0.8,-3.6,-5.4,-1.5,-1.1,-0.6,-0.9,0.0,-1.0,1.3,1.3,0.2,0.2,1.0,0.9,-0.9,-0.4,0.9,1.0,0.8,0.2,0.5,0.8,0.2,-0.4,-1.5,-0.1,-1.7,-0.3,-0.6,-1.1,0.2,-0.8,-1.8,-0.5,0.9,-2.7,-0.8,-0.3,-4.5,-2.5,-3.0,0.5,-1.7,-4.4,-3.5,-2.5,-5.1,-0.3,2.2,-5.2,-3.5,-1.4,-1.9,-0.6,-3.0,0.8,-1.7,0.2,-2.4,-1.4,-0.1,-1.6,-0.5,-1.4,-1.4,-1.5,-1.1,-2.4,-0.9,-0.8,-7.8,-5.9,-7.4,-6.7,-6.0,-1.1,-1.3,-1.1,-3.9,-3.7,-3.3,-6.6,-7.4,-5.8,-1.3,-1.0,-3.2,-1.2,-2.4,-3.0,-2.6,-2.8,-1.9,-2.2,-3.1,-4.4,-1.1,-2.9,-5.5,-6.5,-5.2,-6.5,-2.8,-0.8,-4.1,-3.5,-6.4,-4.6,-4.7,-6.7,-4.7,-3.8,-2.3,-4.0,-3.8,-3.9,-2.3
2C7L51CH8q,0,48.106198,11.633098,4442670.05,2778304.47,535.8,581.5,270,7448,1.4,0.94,0.19,32.68,348.97,-0.53,-0.103,0.842,-0.8,0.1,-0.27,0.11,0.7,0.1,-0.3,0.1,-0.0,0.7,0.4,-1.4,-4.0,0.7,0.6,1.1,-1.6,0.7,-4.0,-0.2,1.6,1.3,1.0,-0.5,0.5,0.4,-1.1,-2.0,-1.6,0.6,1.7,1.7,0.8,2.0,-3.0,-0.6,-2.5,-2.8,-4.3,-4.0,-3.4,-0.6,-1.7,0.8,-0.1,1.2,0.2,0.8,-1.0,-0.1,-0.4,0.1,0.1,-0.4,-0.4,0.0,0.6,0.1,0.8,0.2,0.6,0.3,0.2,-1.0,-0.1,0.5,-0.7,0.2,0.2,1.5,-0.6,-4.9,-3.5,-0.4,2.1,-1.0,0.0,-0.6,-0.5,-0.5,-0.2,0.1,0.2,0.2,-0.4,-1.0,-0.7,-0.8,-2.1,-1.3,-0.9,-0.5,-0.6,-0.1,0.1,-1.0,-2.0,-1.7,-3.0,-4.9,-1.6,-1.7,-0.3,-0.5,-0.8,-0.3,-0.3,-0.7,0.1,-0.7,0.6,0.0,-0.8,0.2,0.4,-0.6,-0.3,0.2,0.6,0.8,-0.1,-0.3,-1.2,-0.5,-1.0,-0.4,-2.1,-0.8,-0.3,-1.3,-1.2,-0.5,0.2,-2.2,-0.7,-0.9,-5.0,-2.6,-1.9,-1.4,-2.4,-4.4,-3.9,-2.6,-5.0,0.9,1.9,-5.4,-3.1,-2.0,-1.5,-1.3,-1.6,0.7,-1.8,-0.1,-1.2,-0.9,-0.4,-1.0,-0.9,-1.2,-1.1,-1.8,-1.5,-3.3,-1.9,-1.8,-7.5,-4.6,-5.0,-6.3,-4.0,-0.8,-0.9,-1.7,-2.1,-2.7,-3.5,-6.7,-6.6,-6.2,-2.6,-1.8,-2.3,-2.4,-2.8,-3.0,-2.7,-2.6,-1.9,-2.6,-2.2,-3.5,-2.0,-3.4,-6.0,-7.1,-3.1,-5.9,-3.1,-2.5,-4.8,-4.0,-5.2,-4.7,-2.6,-4.8,-3.6,-3.5,-3.1,-2.5,-3.5,-3.7,-2.8
2C7L51CH98,0,48.10634,11.634204,4442752.14,2778322.07,539.8,585.5,270,7466,2.7,0.82,0.42,32.68,348.97,-0.53,-0.103,0.842,-1.3,0.1,-0.06,0.21,1.1,0.2,-0.3,-1.0,-1.1,-0.1,-1.2,-0.7,0.2,1.4,0.1,2.5,-1.7,3.7,0.1,4.9,2.5,2.6,3.3,5.9,-7.6,1.9,-2.2,-3.5,1.6,-10.0,-1.6,2.2,-2.9,-3.6,-8.2,-6.3,3.4,1.4,-3.0,-2.2,-7.8,4.0,1.4,-1.9,-8.8,-1.9,-3.0,0.1,-1.3,-3.5,-3.4,-2.6,-0.4,0.2,1.5,-0.5,-1.0,0.9,0.2,-0.4,0.8,0.2,-0.2,-1.7,-0.9,0.8,-3.9,-1.9,-1.8,-1.6,-2.5,-5.3,-3.6,-3.1,-2.2,-2.9,-0.8,-1.0,-0.7,-1.9,-1.6,-0.1,1.9,2.6,-1.0,-1.4,-0.7,-0.2,-0.9,-2.2,-5.0,-4.8,-1.4,1.8,1.9,1.0,-2.5,-3.2,-7.1,-3.9,-5.5,-5.9,-3.2,0.1,-6.6,-1.9,-0.7,-5.9,-4.4,-2.5,-0.5,-3.0,-2.8,-1.0,-4.0,-1.8,-0.4,-3.4,-2.3,-3.1,-1.5,-2.9,-1.1,-3.6,-2.9,-1.4,-1.5,-2.1,0.7,-1.5,-2.0,-1.4,1.4,-2.1,3.8,4.9,-4.4,-6.6,-7.0,-6.1,-3.8,-8.6,-3.7,-6.2,-10.3,-2.8,-0.6,-0.7,-4.5,-3.8,-2.9,-1.2,-5.2,-3.7,-3.4,-3.4,-7.7,-4.7,-3.3,-2.6,-3.1,-3.3,-5.7,-6.2,-1.0,-9.7,-4.4,-2.4,-12.7,-4.3,-9.9,-10.0,-8.5,1.7,-7.7,-5.0,-1.6,-3.8,-7.8,-6.0,-7.2,-10.2,-2.6,-6.7,-5.6,-4.0,-7.7,-4.3,-5.0,-7.2,-4.6,-3.4,-1.1,-3.9,-3.4,-7.1,-6.5,-9.5,-4.8,-8.7,-5.8,-1.7,-4.8,-13.8,-8.3,-3.6,-5.0,-6.6,-5.9,-6.9,-5.4,-8.6,-6.7,-6.2,-4.9
2C7L51CH6G,0,48.105041,11.623943,4441990.85,2778160.85,535.2,580.9,270,7288,1.7,0.91,0.32,32.64,348.97,-0.529,-0.103,0.842,-0.4,0.1,-0.7,0.14,0.8,0.1,-0.3,0.5,1.1,-1.4,-0.3,0.1,-0.6,-0.1,0.3,-0.7,-1.9,-1.1,-2.3,-1.5,-1.3,1.0,0.8,0.1,-1.2,0.1,0.3,0.0,-2.3,-1.5,-3.2,1.4,0.9,-3.1,-2.7,-6.0,-4.0,3.9,-4.8,-6.1,-2.5,-9.5,-3.8,0.9,-2.7,0.4,1.3,-1.5,-1.0,2.7,0.2,-2.4,-1.0,-1.8,-2.9,-1.2,-0.8,0.1,-1.3,-0.6,-0.4,-0.7,-0.2,0.8,0.4,0.0,-0.6,-1.0,-0.2,1.3,-0.2,1.5,0.8,-0.3,-3.6,-1.2,-2.3,-1.5,-0.4,-0.9,-2.2,-1.2,-0.7,-1.4,-0.7,-1.9,-1.5,-1.5,-2.0,-1.9,-4.0,-2.6,-3.6,-2.5,-5.2,-3.0,-4.5,-3.9,-2.0,-3.0,1.1,-3.0,1.5,-1.9,-3.1,-1.6,-1.9,-2.7,-0.7,-2.4,-0.3,-2.5,-1.4,-0.7,-1.3,-0.9,-1.1,-1.3,-0.0,-0.2,-0.5,0.5,-0.3,1.4,-0.1,0.8,2.0,2.1,0.0,0.7,-0.3,-0.3,-0.4,0.3,0.7,-0.3,0.4,-0.6,-0.0,-3.2,-1.8,1.3,2.7,1.3,-4.3,-0.5,0.8,8.9,-5.2,-1.6,-0.7,-0.3,-1.1,-0.8,1.8,-0.6,0.5,0.7,-2.6,-0.7,-1.9,-1.7,-0.3,-3.0,-2.4,-0.2,-0.3,-0.9,-1.6,-0.8,-1.0,0.9,-0.4,-2.5,-0.8,0.8,-2.1,-2.2,-4.1,-2.1,-2.5,-2.1,0.1,-1.3,-1.3,-6.5,-1.0,-2.0,-2.7,-1.9,-4.3,-2.9,-3.3,-3.4,-1.9,-1.5,-4.6,-4.1,-3.6,-2.8,-4.0,-5.3,-4.9,-3.1,-4.3,-5.2,-4.4,-5.4,-4.3,-5.2,-4.4,-2.4,-1.7,-3.3,-3.4
2C7L51CH6K,0,48.105066,11.624143,4442005.69,2778164.04,533.2,578.9,270,7292,3.5,0.74,0.41,32.64,348.97,-0.529,-0.103,0.842,-0.9,0.2,-0.28,0.27,0.9,0.2,-0.3,2.2,-1.1,-0.8,-0.8,0.6,-1.1,-1.9,-1.5,0.5,-5.6,-0.4,4.7,-0.9,-1.0,-2.2,-1.1,-0.7,-2.3,-1.7,-0.8,-1.6,-1.5,-2.5,-1.4,1.9,4.2,9.8,2.6,0.5,-1.4,-11.5,-4.1,-6.3,-2.9,-9.0,0.9,-1.3,1.0,0.7,1.9,5.1,6.1,3.1,0.7,0.6,-0.7,3.3,6.6,8.4,6.0,2.7,3.5,5.2,4.2,4.5,2.3,3.8,0.1,-0.2,-0.1,1.5,1.4,-0.5,-0.9,1.5,1.5,2.0,5.4,7.5,-1.2,1.4,-0.5,3.6,-0.4,1.4,0.2,2.3,-0.0,0.3,1.9,0.1,-0.8,-2.6,-0.8,-0.8,-0.5,2.0,-2.4,2.8,0.9,1.6,4.7,2.1,5.0,-0.8,6.7,3.0,-0.8,3.2,3.9,1.7,3.6,2.1,3.2,-0.0,3.9,2.3,2.6,-2.3,-3.1,-2.6,-5.4,-2.6,-6.9,-7.5,-2.2,-8.5,-2.7,-0.8,-0.2,-1.4,-1.2,-3.1,-1.9,-1.3,-1.9,2.7,-1.3,-3.8,-2.4,2.1,-2.8,-0.2,-6.4,0.1,-6.0,-6.0,-8.1,-2.3,0.6,-2.2,-1.4,-4.6,-1.8,-0.2,-0.6,0.1,4.5,5.4,-0.6,5.3,-2.5,-0.6,-1.3,-0.2,-3.4,-1.6,-4.8,0.7,-1.3,-4.4,-3.5,-3.5,-3.1,-2.3,-18.5,-2.9,-6.7,4.7,5.5,-2.3,-12.6,-4.8,-1.1,6.3,3.6,-0.6,-2.7,3.6,-4.8,-3.5,-3.5,-3.5,-3.3,-6.7,-5.9,-1.3,-1.5,-3.3,-7.7,-1.1,2.6,-11.0,-6.2,-8.5,-6.2,-0.7,1.8,-1.0,-1.8,0.6,-1.7,-0.7,-4.1,-1.0,0.6,-7.3,-3.1
2C7L51CH6M,0,48.105094,11.624357,4442021.62,2778167.45,537.2,582.9,270,7294,4.3,0.65,0.44,32.64,348.97,-0.529,-0.103,0.842,-0.7,0.2,-0.21,0.33,0.4,0.3,-0.3,-2.3,2.4,4.7,3.6,2.9,12.8,4.6,-1.8,-3.1,9.4,-7.4,-4.9,-1.4,-3.5,-4.1,-5.8,-6.0,-6.0,3.0,-1.8,5.0,1.1,-0.3,1.1,3.3,3.6,1.0,-5.1,-6.8,-6.1,-16.3,-4.1,-5.7,-0.8,-3.6,4.2,-2.3,0.6,1.8,1.4,0.6,-3.9,-0.3,3.0,-3.0,-2.4,-3.2,-3.4,1.5,-7.8,0.8,5.9,0.8,-0.6,0.7,1.3,1.9,-5.2,-3.4,-3.0,-6.7,1.8,-10.6,-8.0,-8.1,-9.2,-10.0,-10.0,-0.2,-4.0,3.0,-10.1,-6.4,-14.7,-3.1,-3.3,-5.4,4.3,1.0,0.9,1.9,-1.4,-1.2,-1.1,0.5,-2.2,1.9,-1.5,0.7,0.6,-2.1,-4.9,-5.6,1.4,2.4,-1.7,-8.0,-4.1,-0.9,2.0,-2.8,-2.2,-1.5,0.0,6.6,0.3,4.1,-2.5,-5.2,-2.1,-0.6,-1.9,0.8,-0.8,0.1,-1.1,3.5,-1.8,-5.7,1.5,6.4,1.1,0.9,1.9,4.0,2.0,-5.1,-0.5,-2.2,-2.5,-5.1,-1.7,-11.3,-2.6,-1.4,0.3,-1.6,1.7,-0.3,1.8,10.1,-12.0,-8.2,-0.9,-2.8,-2.1,-10.1,-6.4,-4.5,1.0,-10.7,-2.0,0.7,-2.3,-3.7,-2.2,-1.1,1.5,-0.2,-2.2,-0.7,-1.0,-4.0,-3.2,-0.7,-2.0,-3.2,-4.6,-1.7,-5.6,-3.6,-0.4,-8.6,-5.6,-11.9,3.0,-7.6,-13.5,5.5,-4.7,5.5,-0.3,-4.2,-3.1,-1.1,-0.3,-6.9,-4.3,-2.9,-4.7,-6.6,-5.9,1.4,-5.5,-2.4,-0.2,-3.6,-4.0,-6.5,-3.0,-5.1,-3.5,-3.9,-1.0,-11.8,-8.7,-5.2,-5.5
2C7L51CH6h,0,48.105262,11.625668,4442118.88,2778188.3,542.8,588.5,270,7315,4.6,0.64,0.54,32.64,348.97,-0.529,-0.103,0.842,0.2,0.2,0.11,0.35,0.5,0.3,-0.3,-4.1,-1.2,-2.0,-0.3,-2.0,-1.2,-2.4,-1.2,-1.7,4.8,-0.6,-0.3,-0.5,-2.1,0.1,1.0,2.2,2.4,0.8,0.4,1.9,2.5,-1.6,1.8,3.1,5.6,0.8,-0.0,-4.3,-3.2,-12.0,-1.4,-5.8,-0.2,-1.8,0.2,1.2,1.3,2.6,2.5,0.9,-1.9,2.9,3.9,-0.7,-0.3,-4.5,-4.3,-4.6,-4.7,-3.0,-2.3,-1.7,-1.1,-1.1,-0.1,-0.6,0.5,-3.5,-0.6,-1.6,-0.7,-0.2,7.2,-2.8,-4.5,-2.1,2.9,-1.5,-1.6,-3.4,-4.5,-5.2,-2.6,-1.6,1.2,-1.0,-3.8,-2.7,1.1,-8.8,-4.5,-2.7,-5.1,-7.7,3.9,-0.1,-0.1,3.1,-1.6,-0.4,14.0,-8.1,4.1,-1.5,-7.2,-6.8,2.1,5.0,-0.7,-6.0,2.3,1.3,0.2,1.9,-0.3,-10.2,-9.8,-0.4,-4.6,0.8,13.7,-10.6,10.9,12.2,-1.9,-7.3,1.7,-2.7,14.1,-4.5,11.7,-8.8,-10.9,-0.6,0.9,-2.1,14.9,-4.8,-1.1,-5.3,0.8,2.6,0.2,-0.7,-0.3,2.2,-5.5,3.6,0.8,-3.9,-3.8,-12.7,12.3,-6.2,1.8,0.8,-6.5,-4.5,-1.0,2.7,-1.0,-1.1,10.9,4.4,-0.4,-5.6,-7.7,-5.0,-0.0,0.0,2.3,-6.8,-4.0,-4.3,-1.1,-3.5,0.7,3.2,-1.8,-0.3,-0.2,-6.7,3.8,2.9,3.9,0.7,3.9,0.0,6.4,7.0,3.3,5.5,-3.0,0.8,-1.9,-8.1,1.3,1.6,-0.7,0.2,-2.2,1.5,-0.1,-0.2,-0.9,1.6,1.3,-3.9,-1.4,-8.0,-2.6,-3.0,13.2,2.4,-2.9,-0.7,-2.1
2C7L51CH6k,0,48.10526,11.625648,4442117.4,2778188.0,533.2,578.9,270,7318,2.6,0.82,0.35,32.64,348.97,-0.529,-0.103,0.842,-1.4,0.1,-0.56,0.2,1.4,0.2,-0.3,1.3,1.3,-0.8,-0.4,1.5,1.6,0.7,-0.0,-0.2,1.9,1.2,1.6,1.5,1.7,-6.3,-2.1,-4.4,-7.2,-4.3,-6.8,-6.8,-5.4,-2.8,-3.9,2.6,-2.7,1.4,7.7,-2.1,-10.3,-12.0,-10.0,-3.5,-8.7,-10.2,-8.8,-0.4,0.8,3.3,-0.8,1.4,-3.8,-0.8,-2.0,-3.2,-0.7,-0.6,-0.1,0.9,-0.6,1.5,-6.6,-4.1,-1.2,-3.9,-1.7,2.5,-0.3,1.4,0.1,-3.0,-2.8,-3.1,-1.3,1.6,-1.5,-1.9,4.2,-6.3,-1.6,-0.3,-4.2,-1.4,-3.2,-5.7,-3.8,-1.1,-2.8,-5.9,-3.6,-2.3,-5.5,-2.7,-0.1,-1.2,-2.2,-2.8,-5.7,-4.4,-6.4,-4.3,-4.7,-2.3,-1.4,-3.1,-0.1,0.4,-5.1,-3.6,-0.6,-3.7,-0.3,-1.3,-6.3,-1.1,-2.0,-1.1,-4.7,-2.3,-2.6,-4.7,-4.1,-2.6,-3.4,-1.5,-1.5,-3.3,-2.8,-1.9,-0.8,0.6,-2.0,-5.7,-3.2,-3.4,-4.0,-2.2,-4.4,-4.7,-4.7,-5.0,-8.0,-2.0,-7.2,-9.3,-4.8,-5.9,-7.1,-1.3,2.1,-0.3,1.0,-3.7,-2.4,-2.9,-2.4,-3.4,-2.9,-3.7,-2.2,-4.9,-3.7,-3.9,-4.2,-6.9,-3.2,-3.8,-2.6,-4.9,-3.5,-8.0,-0.0,-5.9,-0.3,-9.0,-5.7,-8.2,-10.4,-10.1,-6.7,-7.4,-7.0,-6.3,-5.8,-5.9,-7.3,-6.1,-3.3,-7.1,-5.5,-5.6,-5.0,-7.2,-8.0,-7.7,-9.9,-5.3,-6.0,-9.0,-10.2,-7.5,-10.2,-9.8,-9.8,-12.2,-7.8,-5.0,-9.4,-7.1,-7.3,-9.3,-7.5,-8.7,-7.3,-6.6,-7.3,-9.6,-7.4
2C7L51CH8f,0,48.106198,11.632953,4442659.31,2778304.19,558.6,604.3,270,7437,3.6,0.72,0.46,32.68,348.97,-0.53,-0.103,0.842,0.0,0.2,-0.33,0.28,0.3,0.2,-0.3,-1.4,-1.0,0.7,0.4,-0.6,2.6,0.2,-0.3,-1.5,-2.5,-1.7,4.4,2.9,1.9,2.9,1.9,1.5,4.9,5.5,9.6,1.0,-3.3,3.4,4.6,0.6,1.9,-4.5,1.2,1.6,-0.6,-5.7,-6.2,-4.6,-4.8,2.6,-1.7,2.2,-4.1,10.9,5.2,-4.7,4.5,0.2,2.3,9.8,3.0,1.6,2.3,7.1,6.4,8.2,2.1,-1.1,0.4,0.8,2.4,-7.5,-1.4,9.1,-3.6,11.9,1.0,0.3,0.8,1.6,1.8,1.5,0.5,2.6,-0.6,1.0,-1.6,9.8,10.6,7.4,0.3,-1.2,-2.1,4.6,0.4,-1.4,6.0,6.3,-1.2,-0.7,2.0,10.3,6.3,13.7,5.9,5.6,2.6,0.4,6.0,7.7,1.7,3.7,1.9,0.7,2.3,4.6,3.6,1.6,-5.0,4.5,5.6,2.1,1.5,-0.8,2.5,5.3,5.5,-1.0,4.5,-1.4,4.1,-2.9,0.1,8.4,2.3,3.6,0.1,0.1,0.3,2.1,3.9,4.0,0.8,3.3,-2.8,-1.0,0.2,4.4,3.3,-5.0,-2.0,3.9,-0.1,5.5,5.2,1.6,-0.3,5.9,4.0,3.5,4.6,5.1,5.1,0.5,-2.5,0.7,4.1,1.2,3.7,2.1,-8.7,-2.8,5.2,2.6,0.6,0.5,-3.9,1.8,-1.8,0.4,0.1,4.0,3.6,10.0,4.4,-0.3,1.4,-2.0,1.7,7.1,-1.8,5.6,-1.3,-9.7,2.2,-2.9,2.7,3.9,1.7,3.8,4.5,1.6,1.0,2.0,-1.4,1.4,5.3,-0.2,3.2,2.4,2.4,2.8,5.6,3.5,6.7,0.4,1.0,3.1,4.9,0.6,1.9,-3.0,2.4
2C7L51CH8r,0,48.106218,11.633106,4442670.62,2778306.67,533.7,579.4,270,7449,1.5,0.93,0.26,32.68,348.97,-0.53,-0.103,0.842,-0.9,0.1,-0.38,0.12,1.0,0.1,-0.3,0.4,0.4,0.7,-0.2,-1.1,-2.1,0.3,1.1,1.8,1.4,1.3,-2.1,1.0,1.0,1.8,1.1,-1.7,0.8,0.2,-2.2,-0.9,-1.9,-0.2,0.5,0.6,0.3,1.1,-1.4,-0.7,-2.2,-2.0,-4.2,-4.2,-3.9,0.0,-0.9,0.2,0.4,0.8,0.0,0.7,0.0,-0.5,-0.8,1.4,0.2,1.1,-0.8,0.1,0.1,0.2,1.4,1.3,1.6,0.5,0.7,-0.5,-0.0,1.2,0.3,1.0,1.0,3.1,0.2,-3.1,-1.0,1.1,3.2,-0.5,0.3,1.1,0.5,1.6,0.9,0.4,0.6,1.1,1.0,-1.0,-0.2,-0.5,-1.2,0.1,0.4,-0.2,-0.2,0.2,1.0,0.3,-0.7,-1.4,-2.0,-2.1,-0.7,-1.6,0.6,0.2,0.1,0.5,0.8,0.7,0.7,-0.4,1.4,-0.1,0.0,0.1,0.9,-0.4,-0.6,1.0,1.5,1.3,0.1,0.4,0.2,0.8,0.2,0.4,-1.7,0.2,0.1,-0.5,0.7,0.1,-0.1,-0.4,1.3,-0.2,-4.8,-1.8,-0.1,0.2,-1.6,-4.9,-3.8,-3.1,-3.8,0.0,0.2,-5.6,-1.5,-2.4,-1.8,-1.1,-2.1,1.6,-2.0,0.1,-0.1,0.1,-0.2,0.3,-0.7,-0.7,-0.5,-1.3,-0.4,-4.0,-5.9,-3.7,-9.8,-5.3,-5.3,-7.3,-3.7,-1.5,-1.3,-2.0,-2.5,-3.5,-5.1,-6.2,-6.2,-6.5,-2.1,-1.8,-0.8,-1.3,-2.2,-1.3,-2.0,-1.7,-2.0,-3.1,-2.9,-2.5,-4.8,-3.8,-7.2,-7.5,-2.4,-7.2,-3.3,-0.9,-3.6,-4.8,-3.4,-3.9,-0.6,-3.2,-2.7,-4.2,-3.1,-0.4,-2.9,-2.8,-3.4
2C7L51CH6q,0,48.105331,11.626062,4442148.0,2778196.63,538.1,583.8,270,7324,4.4,0.66,0.5,32.65,348.97,-0.529,-0.103,0.842,0.1,0.2,-0.53,0.34,0.6,0.3,-0.3,-0.0,3.3,-0.1,1.6,1.6,3.0,-1.4,1.1,0.2,14.7,-2.4,2.1,-0.0,-9.8,-0.2,2.1,4.0,3.4,4.4,2.6,-1.6,2.1,-6.2,-1.0,3.3,3.7,5.1,-2.3,-4.3,-1.6,-5.2,2.6,-4.9,2.6,2.9,5.4,-2.2,-0.2,2.2,5.8,-1.7,-1.9,2.8,5.4,0.3,2.8,-3.5,1.3,8.8,1.3,-6.1,15.0,1.8,-1.4,-0.5,-0.0,-2.7,-2.5,-5.5,-2.7,-0.3,-5.4,-1.9,-1.3,0.2,0.0,-2.1,-2.8,1.0,-0.4,0.3,1.3,1.9,11.9,3.3,5.0,3.5,2.0,5.2,1.8,1.5,0.1,0.5,-2.0,0.2,1.7,4.4,3.1,5.8,0.0,2.3,3.1,13.2,3.4,1.3,0.6,-0.9,2.9,-0.6,2.0,13.3,2.8,2.1,0.3,5.3,4.5,5.1,10.8,2.0,1.0,1.4,12.6,2.2,-11.0,-1.6,2.5,5.0,10.0,6.1,-0.4,1.3,14.9,-1.6,1.3,0.2,1.0,11.1,-0.4,2.9,-0.2,-2.4,2.4,3.0,-3.4,-0.6,-3.0,3.9,-2.4,4.3,2.6,-2.9,2.1,-4.6,1.2,7.4,1.1,-5.7,1.7,-2.1,10.8,-1.6,2.1,2.0,1.4,3.5,3.4,-1.1,-0.7,0.5,0.2,4.5,4.8,5.4,1.1,-1.3,6.2,3.2,1.7,6.9,5.7,2.5,-1.3,-13.2,0.1,3.0,2.2,-0.1,0.8,12.4,2.2,-1.4,7.1,-11.6,6.6,1.9,1.0,-1.4,0.4,2.0,-0.2,3.9,5.6,9.4,12.8,0.8,1.0,1.0,-1.6,-1.4,6.0,-0.6,4.5,4.4,-3.8,-5.8,-1.0,5.0,-9.7
2C7L51CH8m,0,48.106221,11.632987,4442661.73,2778306.81,542.3,588.0,270,7444,4.2,0.75,0.42,32.68,348.97,-0.53,-0.103,0.842,-0.3,0.2,0.29,0.32,0.7,0.3,-0.3,-1.8,-4.5,-0.7,-2.6,-3.1,16.2,-1.4,-5.1,-0.5,7.9,-3.4,0.4,-0.2,-0.1,-0.0,-3.4,-2.8,-1.1,-2.6,-3.4,-0.5,-6.3,-2.6,-2.2,-0.7,-1.3,-0.3,-5.7,-3.2,-4.7,-3.0,-7.8,-8.9,-7.4,-7.7,-8.4,-0.7,-0.7,0.8,-1.2,-2.7,-0.3,0.9,-0.5,-2.1,-2.2,-6.0,-1.4,-2.0,-0.6,-0.7,-2.2,-4.4,-2.1,-4.1,-5.5,-1.4,0.5,-0.3,0.4,3.8,13.6,-1.4,-1.1,14.4,-5.4,-5.1,-1.3,-5.3,0.7,-2.9,2.2,-5.8,-4.1,0.1,-2.5,-3.2,-3.8,-5.5,-3.6,-3.8,-4.2,-3.0,0.0,-5.6,0.5,-2.9,-3.6,-5.6,-8.6,-8.5,-6.9,-9.2,-5.0,-3.8,-8.0,0.1,-6.0,-6.4,-6.0,-7.5,-4.2,-5.5,-8.0,-3.3,-3.9,-5.0,-3.6,-2.0,-8.2,-2.6,1.0,-1.5,-3.3,-4.4,-4.7,-4.3,-6.0,-2.5,-6.2,-7.1,-2.2,-4.4,14.3,-2.6,-9.6,-0.8,-2.2,-0.1,-4.1,-2.2,-6.3,-1.7,2.0,-3.8,-1.7,4.9,-3.8,3.3,-0.5,3.6,-3.6,-3.8,-5.4,-5.8,-0.8,-3.1,0.6,-1.6,0.1,-4.7,-0.9,-3.5,-3.2,-6.8,-4.3,-3.1,-4.9,-10.7,-1.0,-1.6,-7.9,-5.6,-7.5,-7.2,15.5,3.2,0.1,0.3,-1.9,0.4,-8.9,-9.0,-2.7,-4.4,-4.2,-1.5,-3.4,-8.4,-4.8,-7.6,-5.1,-2.9,-3.7,-7.6,-2.3,-6.3,-2.2,-4.6,1.5,-5.6,1.0,12.6,1.3,-9.7,-4.2,-5.0,-8.9,-4.7,6.4,-4.3,-8.2,-4.8,-2.7,-2.6,-5.3,-5.8,-1.6
2C7L51CH8o,0,48.106221,11.632986,4442661.71,2778306.82,537.1,582.8,270,7446,4.5,0.61,0.48,32.68,348.97,-0.53,-0.103,0.842,-0.7,0.2,-0.07,0.34,2.9,0.3,-0.3,3.1,0.3,0.5,-1.1,-2.9,-4.6,1.1,4.6,1.6,7.6,-2.8,-13.0,-3.1,2.7,-1.1,0.0,0.9,-1.6,-2.5,1.9,-4.3,-7.4,0.5,-2.9,-11.1,-3.1,6.1,-6.3,-9.1,-2.2,-0.7,3.5,-9.7,-17.4,-3.5,-0.5,3.3,-7.5,-15.0,1.4,-4.8,-8.2,-1.2,-4.1,-15.6,-3.9,0.8,-3.7,0.9,1.6,1.6,-2.7,1.6,-5.0,1.8,-2.0,0.8,0.2,-1.8,2.6,2.9,-1.7,-0.6,-2.6,-6.4,-10.6,5.7,6.6,6.2,1.0,-4.4,-2.0,8.7,-2.1,1.0,4.3,-0.7,-0.8,-5.0,-7.6,-0.0,-1.5,-3.9,-1.4,5.5,-6.9,-13.1,-7.2,-0.8,-19.7,-11.8,3.7,-19.6,0.9,-3.3,2.2,3.5,-5.9,-2.8,-17.4,-17.6,0.5,-1.6,-1.2,1.7,2.6,-1.3,-0.6,-1.0,-1.4,1.0,3.7,2.3,3.0,0.2,1.3,0.9,0.8,-1.2,-0.9,1.1,3.5,1.8,3.2,0.1,-1.8,-5.1,-2.8,-1.8,-8.9,-2.1,-4.3,-8.1,-7.0,-13.3,-10.8,-6.6,-7.5,-4.6,1.3,-12.7,-3.7,-3.4,-2.2,-1.1,-4.4,-1.9,-5.0,-3.2,-3.3,2.4,1.4,-6.9,-9.4,-8.7,0.9,-2.6,-3.1,-5.2,-6.5,-2.6,-7.2,-6.0,-11.0,-5.5,-7.0,-1.6,-7.6,-6.9,-1.0,-6.9,-5.2,-2.2,-5.0,-4.1,-5.1,-5.0,-2.5,0.9,-7.0,-3.3,-1.9,1.9,-0.6,-10.6,-4.0,-5.5,-2.9,-1.4,-7.9,-6.5,-17.6,-4.1,-4.1,-5.5,-6.5,-7.3,-5.9,-5.3,-0.6,-4.6,-5.1,-2.0,0.7,-2.2,-4.6,-3.5,-3.4
2C7L51CH92,0,48.106365,11.634114,4442745.35,2778324.73,552.5,598.2,270,7460,3.5,0.76,0.42,32.68,348.97,-0.53,-0.103,0.842,-0.5,0.2,-0.58,0.27,0.3,0.2,-0.3,-1.4,-2.0,0.5,-2.5,-2.5,1.2,-0.5,-1.7,2.1,-1.6,2.1,1.1,1.3,0.3,0.9,0.8,0.2,-1.1,-3.7,4.8,-2.2,-2.5,-1.4,1.4,11.5,0.9,2.8,4.9,2.4,1.9,1.5,-6.3,-8.2,3.6,0.6,7.6,5.2,8.0,-14.8,1.7,6.5,2.2,7.8,8.2,3.1,0.2,0.8,-2.4,-0.2,0.5,-2.3,-0.3,0.8,3.0,1.4,1.1,3.9,0.4,3.2,-0.6,4.9,2.5,-2.7,-0.8,0.5,-0.8,-0.6,0.4,2.2,2.0,1.4,4.2,-2.5,1.6,0.5,0.1,1.3,0.2,-1.1,-7.6,0.4,-11.2,-7.2,0.9,2.7,-4.3,1.3,-5.0,2.6,8.0,2.6,-0.1,-1.1,1.1,6.9,2.2,1.7,4.2,7.6,2.7,-1.7,4.4,5.9,1.4,3.1,-0.4,-0.9,1.9,1.0,3.2,1.1,3.1,6.4,0.2,2.5,3.6,5.3,3.0,4.2,3.0,3.8,5.2,2.6,1.0,0.6,0.0,2.1,6.5,2.1,4.4,0.8,4.2,1.4,3.8,-1.9,-6.0,-2.9,-0.2,-1.7,2.1,-6.9,-0.1,-3.8,1.2,-6.7,-1.0,7.8,-1.3,-1.6,-6.1,0.0,3.1,-0.9,-1.5,0.2,-0.5,-0.5,-1.2,3.0,-0.4,0.6,-14.3,4.1,-3.5,2.3,-1.1,0.0,-1.6,0.6,0.2,0.4,-2.0,-2.9,-0.9,0.0,-1.3,2.8,2.0,2.1,-1.5,-2.6,1.7,3.1,-0.3,-2.3,-0.6,-1.8,1.7,0.8,-0.3,-2.9,-0.4,3.1,5.3,-0.1,-2.2,0.3,-0.9,-0.1,1.3,-1.6,-2.8,-0.5,-3.9,-3.7,-2.6,-10.2,-4.0
2C7L51CH62,0,48.105037,11.62363,4441967.54,2778159.95,556.8,602.5,270,7274,2.1,0.9,0.29,32.6,348.93,-0.529,-0.103,0.842,-0.7,0.1,-0.31,0.16,1.2,0.1,-0.3,0.1,1.1,-2.1,0.3,-0.4,1.5,-1.5,-0.3,-0.3,2.2,0.6,2.2,0.7,0.9,0.7,0.1,-1.8,0.6,-2.3,-1.7,-1.9,-2.7,-0.6,-3.1,-1.7,-0.2,-1.3,1.3,-2.0,-6.2,-14.2,-6.1,-6.7,-4.8,-6.4,-1.8,-1.7,-3.0,0.4,-1.6,-1.8,0.1,0.6,-1.3,-1.8,-3.1,0.5,-0.0,-1.4,-1.1,0.7,-0.6,0.9,-1.6,-0.2,-0.3,0.8,0.2,-0.9,-0.3,2.4,-0.4,1.2,-0.9,0.1,-0.6,-0.4,-3.3,1.2,0.7,-0.3,-0.9,-0.9,-2.3,-0.9,-0.9,-1.7,-2.9,-3.8,-2.9,-0.6,-2.6,-0.2,-4.4,-2.6,-3.7,2.2,-3.3,0.1,-3.8,-4.2,-2.6,-1.7,0.8,-2.0,0.4,-2.6,-2.8,-2.7,-1.8,-2.7,-2.7,-3.3,-0.3,-3.0,4.0,-2.1,-0.9,-3.2,-3.6,-2.6,-2.7,-0.0,-1.0,-1.4,-1.5,4.6,-1.2,-0.7,2.0,-0.0,-0.4,-0.3,-1.7,-1.2,-2.4,0.6,-3.5,-5.1,-1.1,-4.1,-1.5,-0.9,-3.8,-1.0,-6.3,-2.9,-5.7,-3.9,-0.3,0.0,-0.2,-0.7,-0.9,-1.6,-1.1,-6.9,-0.3,-1.2,-1.3,-1.9,-2.8,-1.4,-2.9,-3.7,-2.7,-2.8,-3.5,-2.3,-4.3,-4.2,-2.8,-1.0,-3.1,-4.9,-0.6,-2.0,-5.1,-2.5,-1.1,-4.2,-5.0,-4.1,-1.9,-3.4,-15.7,-1.6,-0.4,-3.4,-1.2,-1.5,-1.5,-3.4,-4.7,-3.7,-3.6,-3.8,-1.3,-3.0,-4.7,-7.9,-3.9,-8.3,-6.4,-6.2,-4.7,-2.4,-3.8,-4.6,-5.0,-4.2,-3.5,-3.5,-3.7,-3.4,-3.8,-3.8,-3.7
2C7L51CH67,0,48.105037,11.62363,4441967.55,2778159.98,543.9,589.6,270,7279,3.5,0.73,0.48,32.63,348.97,-0.529,-0.103,0.842,-1.0,0.2,0.0,0.28,1.2,0.2,-0.3,0.6,2.0,-1.9,1.2,-3.6,3.9,0.4,-0.0,-1.0,-10.2,0.6,-2.7,-8.3,2.7,-6.0,-5.5,-2.6,-6.0,1.5,0.4,-2.5,-1.5,1.6,1.1,4.4,3.5,-0.2,5.6,-0.0,0.3,-1.4,-18.2,-1.4,-3.6,-7.6,-1.3,10.4,-0.0,4.8,7.5,4.9,-2.4,1.2,0.4,2.3,-2.7,-7.1,-6.1,-2.5,-0.6,-1.1,2.0,-3.8,-1.8,-2.6,-1.7,-5.7,-1.4,-4.9,-6.5,-7.6,-5.8,-3.9,-5.0,-5.9,-16.1,0.1,-5.8,0.3,-4.0,-4.8,-4.1,-5.1,-6.6,-5.8,-6.7,-5.7,-7.3,-5.7,-6.4,-4.1,-9.0,-4.3,-4.9,-2.1,-7.1,-1.7,-7.1,-2.9,-4.6,-0.7,-0.2,-0.2,0.5,-1.8,0.5,-3.5,-3.4,-3.3,-1.8,-1.0,-0.0,1.2,-0.9,-0.9,3.6,-0.7,-1.6,-3.0,-6.3,-3.6,-6.2,-3.4,-5.0,-1.7,-6.4,-5.9,-7.0,-8.3,-3.0,-2.8,-2.8,-1.9,-5.6,-3.0,-4.4,1.6,-3.7,-0.4,-4.0,1.3,-2.7,-7.0,-3.0,-2.3,-5.7,-7.7,-7.2,-2.5,1.4,4.1,-6.2,-4.8,-2.4,-2.7,-3.9,-2.4,-4.6,-7.4,-2.3,-1.3,-6.6,-2.7,-2.6,-3.6,-4.1,-3.6,-2.6,-2.7,-4.4,-6.3,-4.0,2.8,-3.6,-3.6,0.2,-2.8,-8.1,-8.9,-5.1,-4.7,-3.3,1.5,-1.5,-5.8,-2.3,-3.4,-5.0,-8.5,-4.7,-4.9,-3.5,-2.7,-7.5,-5.6,-5.1,0.0,-6.5,-2.1,-11.4,-1.3,-9.4,-13.3,-4.9,-5.1,-14.8,2.0,-13.7,-6.1,-7.8,-13.2,-3.8,-7.7,-6.3,-3.6,-8.2,-5.3,-5.3
2C7L51CH6i,0,48.105296,11.625641,4442116.77,2778192.0,539.2,584.9,270,7316,3.3,0.75,0.49,32.64,348.97,-0.529,-0.103,0.842,-0.5,0.2,-0.61,0.25,1.7,0.2,-0.3,-1.7,-2.8,-0.9,0.3,-3.0,-2.0,-3.8,-2.6,-1.4,2.7,-1.8,-2.0,-1.4,-3.0,-1.0,0.9,1.7,0.9,-1.7,-0.3,-1.7,0.8,-1.4,0.8,1.6,4.7,0.9,-1.3,-5.6,-3.9,-16.6,-3.9,-7.3,-3.0,-4.5,-2.3,-1.2,0.7,-1.1,-0.4,0.2,-3.2,1.0,0.9,-2.4,-1.8,-4.1,-4.1,-6.8,-6.0,-2.8,-3.2,-1.6,-0.8,-0.8,-2.4,-3.1,-1.9,-4.7,-1.9,-2.2,-2.7,1.9,-0.4,-0.9,-4.9,-1.8,1.6,-2.2,-1.5,-2.8,-4.4,-3.5,-3.1,-3.5,-0.6,-2.0,-1.5,-3.8,-0.9,-1.1,-0.7,-3.8,-5.3,-3.3,-0.5,-2.3,-2.1,0.4,-1.8,-2.8,-5.5,-13.0,-2.1,-10.1,-9.8,-6.2,-1.8,-4.3,-4.9,-10.1,-1.1,-3.5,-4.9,-0.6,-2.4,-6.1,-1.3,-5.4,-3.2,-2.8,6.3,0.6,3.8,8.6,1.1,-0.6,0.7,-1.4,5.5,1.7,2.7,-3.6,1.7,-2.3,-1.6,0.4,-4.1,-4.3,-0.9,-4.9,-2.1,-6.0,-3.7,-1.3,-1.1,1.2,-5.3,-2.4,-0.1,-2.2,-4.2,-5.4,-6.6,-6.0,1.0,-2.8,0.2,-3.4,9.8,-1.3,-3.3,5.0,0.6,-0.3,-1.9,-6.5,-7.6,-4.7,-4.7,-2.9,-0.7,-3.5,-3.8,-5.5,-5.0,-4.2,-1.8,-2.2,-5.9,-2.3,-2.9,-4.9,0.5,-1.7,-1.4,-3.8,-1.2,1.5,1.0,1.6,0.3,-0.9,-2.6,-3.5,-5.6,-11.5,-1.9,-0.3,-7.7,-9.4,-8.9,-9.0,-3.4,-7.0,-3.1,-6.4,-15.3,-8.6,-3.2,-8.3,1.6,-6.0,-16.0,6.6,-8.4,2.7,-8.9
2C7L51CH5g,0,48.104848,11.622009,4441847.24,2778136.25,541.4,587.1,270,7252,3.7,0.7,0.4,32.6,348.93,-0.529,-0.103,0.842,-5.3,0.2,-0.28,0.31,1.0,0.2,-0.3,3.2,1.6,-1.5,0.3,-0.8,-2.0,0.5,-1.8,-0.5,2.4,-0.1,0.6,-1.1,-1.6,0.3,-1.5,0.8,-2.4,0.4,-3.4,-0.5,1.1,0.4,3.2,1.2,0.2,6.1,2.9,3.8,-2.2,-15.9,-2.9,-3.6,-0.3,-2.5,0.4,2.1,-0.4,3.9,0.3,2.4,1.8,1.2,2.0,0.1,0.6,-0.2,-2.9,0.2,-0.0,2.4,0.7,1.8,2.1,1.0,4.4,1.3,1.4,0.5,1.3,3.0,1.2,2.8,0.4,1.0,-0.6,-0.1,-1.5,-0.2,1.0,1.1,-0.0,0.7,-0.2,1.1,-0.7,-0.6,-0.8,-0.1,1.8,-0.8,1.7,1.5,-0.0,-0.1,-2.7,1.1,-4.4,0.7,-2.1,-0.5,1.1,-0.5,-22.7,4.0,4.6,0.3,-0.3,1.1,-0.6,1.6,1.8,-0.2,2.8,-0.9,-0.7,-0.6,-2.3,-3.1,-1.6,-3.5,-0.8,-2.5,-0.9,-1.4,-0.3,-2.6,-4.2,-0.8,-1.5,-0.7,0.0,-16.8,-26.9,-7.1,-20.5,-22.3,-10.6,-11.7,-11.4,-14.9,-13.5,-13.9,-13.6,-12.7,-11.8,-14.3,-16.9,-11.4,-13.4,-8.3,-12.9,-12.8,-12.6,-12.5,-13.3,-13.7,-13.8,-18.0,-16.9,-17.5,-14.3,-16.8,-15.9,-15.5,-13.1,-13.3,-14.5,-13.3,-13.8,-15.5,-16.7,-14.7,-15.6,-13.5,-13.1,-19.0,-18.3,-11.9,-16.9,-17.0,-18.0,-13.5,-17.8,-16.3,-19.1,-18.7,-15.9,-22.0,-15.4,-16.2,-14.2,-12.4,-15.6,-14.8,-16.6,-17.4,-16.5,-19.2,-19.9,-22.8,-22.3,-23.6,-22.1,-23.4,-19.7,-17.7,-17.7,-17.4,-17.2,-18.8,-17.3,-18.6,-17.5,-17.9,-18.7,-20.3,-20.3
2C7L51CH6E,0,48.105093,11.623916,4441988.74,2778166.61,540.2,585.9,270,7286,1.9,0.92,0.3,32.64,348.97,-0.529,-0.103,0.842,-0.4,0.1,-0.45,0.14,0.6,0.1,-0.3,0.4,-2.5,-2.3,-0.6,-2.7,-0.0,-0.7,1.2,0.0,2.2,1.2,0.3,0.7,0.6,0.8,-0.9,-0.7,0.2,-0.2,-1.6,-1.3,-0.1,-0.6,-1.3,3.1,1.3,2.3,5.1,-0.3,-2.9,-12.8,-4.7,-4.5,-2.4,-3.2,-1.4,0.8,2.7,1.6,3.1,-0.2,5.3,2.8,-0.8,0.1,-2.1,-0.5,0.4,0.4,1.3,1.3,0.5,1.1,1.6,-0.5,-1.4,-0.5,-0.2,-0.8,-1.7,0.1,1.1,2.6,-1.2,-1.0,0.1,-0.6,-1.5,0.3,-0.4,1.1,-0.8,-1.1,-1.1,0.0,0.5,-0.1,-0.2,0.1,-0.8,-0.9,-1.7,-0.4,-1.0,2.0,-0.5,-2.1,-1.1,-0.5,-0.1,-1.8,-1.9,1.8,0.3,-1.8,0.1,-0.5,-2.4,-0.5,-0.0,2.5,-0.8,-1.2,1.0,-1.0,1.6,0.2,-0.3,-1.0,-0.2,0.5,-0.1,-0.3,-0.1,-0.6,1.5,2.8,3.2,2.0,-0.0,-2.2,0.3,0.0,-2.1,-0.1,0.0,4.8,-2.1,-1.0,0.1,-2.0,2.5,-2.4,-2.6,-3.5,-1.3,2.3,-0.5,0.4,3.2,1.2,2.4,1.5,2.4,1.3,1.7,2.7,1.3,0.6,-0.8,0.2,-0.1,0.3,-1.2,-1.3,-1.1,-1.2,-0.1,-0.6,-0.9,-1.9,-0.9,0.4,2.1,-2.6,-0.3,-1.2,-1.7,-3.1,-0.7,-3.0,-4.4,-1.8,-0.2,0.3,-4.2,-1.1,1.2,-0.3,-2.9,-1.9,-2.2,-2.1,-5.1,-2.5,-4.4,-2.3,-1.8,-4.0,-4.1,-3.1,-6.1,-1.0,-1.4,2.2,-2.3,-0.5,-1.6,-1.6,-1.7,-3.9,-3.2,-1.0,-1.0,0.3,-1.4,-1.5,-0.7
2C7L51CH6F,0,48.105092,11.623907,4441988.08,2778166.47,537.0,582.7,270,7287,1.6,0.94,0.21,32.64,348.97,-0.529,-0.103,0.842,-0.5,0.1,-0.53,0.12,0.6,0.1,-0.3,0.3,-0.1,-0.8,-0.4,-1.0,-0.1,-0.5,-0.2,-0.4,-2.0,0.8,1.0,0.2,0.2,0.3,-1.0,-0.9,-0.9,-0.6,-1.6,-1.2,-1.8,0.4,-2.8,1.4,0.9,3.0,4.7,0.9,-4.9,-13.5,-4.8,-4.4,-2.5,-4.6,-2.6,0.1,-1.1,0.4,1.0,-0.3,1.5,1.7,-0.5,-1.3,-1.9,-0.5,-1.9,-1.3,0.4,0.3,-0.9,-0.7,-0.3,-1.2,-0.2,-0.2,0.5,-0.3,-0.9,-0.7,-0.7,0.6,-1.2,-0.1,0.3,-0.5,-1.7,-1.4,-1.9,-0.1,-0.6,-0.1,-1.4,0.0,-0.8,-0.6,-1.3,-0.8,-1.1,-1.2,-1.5,-1.3,-1.4,-0.6,-1.7,-0.9,-2.5,-0.7,-3.5,-1.9,-1.6,-2.4,0.6,-2.9,1.4,-0.9,-3.3,-1.5,-0.1,-1.0,-1.4,-1.9,-0.0,-2.1,-1.1,-0.9,-0.9,-1.2,-1.7,-1.5,-0.9,-1.2,-0.9,-1.1,-1.7,-1.5,-1.3,-0.2,0.6,-0.9,-0.4,-0.4,-1.5,-0.6,-1.1,2.3,-0.9,-2.1,-1.4,-2.1,-0.6,-1.2,-2.4,-2.7,-1.1,-0.8,-2.9,0.4,2.8,1.9,2.2,0.1,0.7,2.4,1.4,0.5,0.9,-0.3,0.0,-0.5,-3.0,-0.8,-2.1,-1.2,-0.8,-2.2,-1.3,-0.6,-1.6,-3.3,-1.3,-1.1,-1.1,-2.4,1.0,-1.4,-4.0,-1.2,-2.0,-3.2,-4.5,-2.8,-3.1,-1.2,-2.3,-1.3,-1.4,-5.0,-2.4,-2.8,-2.5,-3.2,-4.1,-2.9,-4.1,-2.7,-3.0,-2.7,-4.7,-4.2,-3.5,-4.1,-5.0,-5.3,-4.4,-3.2,-5.0,-3.4,-4.5,-4.7,-4.0,-4.0,-3.9,-1.1,-2.4,-2.8,-3.1
2C7L51CH91,0,48.106415,11.634218,4442753.0,2778330.5,560.9,606.6,270,7459,3.8,0.7,0.47,32.68,348.97,-0.53,-0.103,0.842,-0.4,0.2,-0.6,0.29,0.8,0.2,-0.3,2.8,0.9,0.4,-3.1,-2.0,-5.0,-2.6,-0.4,2.1,1.4,3.1,-4.4,4.6,2.2,1.0,1.6,-1.1,1.9,-0.3,1.7,-3.5,0.2,-2.1,7.8,2.3,-7.1,1.4,3.5,0.7,4.5,6.1,1.3,-0.1,5.9,1.6,3.5,-8.2,5.4,3.5,3.8,4.5,9.6,6.5,0.4,5.0,2.4,6.5,0.9,0.6,2.1,-2.6,3.0,0.0,2.6,5.0,0.7,6.9,1.5,5.6,3.0,3.2,6.0,6.9,-2.2,4.7,5.2,-0.4,5.2,4.2,0.4,4.1,1.1,1.1,-3.5,3.1,2.5,2.9,5.2,-0.1,6.5,-1.5,1.4,-0.1,2.6,4.9,6.5,1.2,-0.2,9.1,8.5,4.1,5.4,-5.2,3.9,5.4,1.1,2.6,5.3,8.0,2.3,5.7,5.5,1.2,2.7,7.4,-4.3,6.8,2.4,4.2,7.0,1.6,-1.9,3.3,-1.0,2.0,3.5,1.5,-12.4,1.1,2.3,3.5,3.7,3.0,3.2,-0.4,2.3,1.0,2.1,-0.1,-9.1,-1.1,-1.0,2.9,4.1,-2.1,-3.1,-1.9,-2.1,1.1,5.0,7.5,-0.4,0.1,2.8,1.2,1.7,5.5,-3.2,0.9,-8.1,1.6,10.0,2.8,-3.3,5.2,-0.3,0.7,1.2,3.0,1.5,-0.6,-2.2,4.7,-1.6,5.5,3.4,6.7,2.4,1.6,4.4,2.3,2.9,-1.0,-12.1,-0.0,-4.6,0.2,-1.1,-1.1,1.8,10.1,1.5,4.9,3.9,-5.2,-3.8,2.8,0.0,1.0,-9.9,9.1,-0.8,-0.2,0.4,1.5,9.8,8.6,-0.2,-3.0,4.4,-2.7,2.5,-0.4,-6.7,-4.6,-5.8,-6.5,3.4
2C7L51CH99,0,48.106414,11.634204,4442751.92,2778330.31,538.0,583.7,270,7467,4.4,0.65,0.45,32.68,348.97,-0.53,-0.103,0.842,-0.4,0.2,0.36,0.34,0.7,0.3,-0.3,-3.0,-4.8,-0.4,-1.9,0.2,-0.3,-2.7,0.4,3.8,7.0,5.1,6.4,-0.2,3.9,0.6,3.0,-1.7,0.9,2.1,4.5,0.8,9.7,4.9,2.1,-3.3,-3.6,14.7,4.5,-0.6,-11.0,0.6,2.5,5.9,-0.4,-0.8,7.2,3.6,4.5,-1.5,-0.7,6.7,-0.8,-10.9,-2.6,2.5,6.2,-0.5,2.9,3.0,1.2,0.8,2.1,1.3,0.9,2.9,1.8,-5.5,0.4,-4.9,-7.3,-2.0,-0.5,-5.2,-4.4,-5.7,-4.7,-0.6,1.0,-0.0,14.5,4.2,-3.1,4.4,2.8,0.6,6.2,0.5,3.6,2.4,5.5,0.5,4.6,7.1,6.4,5.1,2.6,2.2,11.1,-7.3,12.6,3.4,-1.9,-1.5,-4.3,-5.1,-1.2,-4.6,-2.0,0.8,3.2,-1.2,6.1,7.0,-0.2,1.3,0.3,3.7,-1.2,-5.1,1.5,-4.4,-2.4,2.0,0.9,3.8,2.3,0.9,0.2,-0.2,-1.4,-1.0,1.1,0.5,1.5,0.8,0.1,-0.9,0.7,-0.6,-3.2,0.0,0.1,0.9,-2.3,-6.3,-0.0,2.6,-11.9,3.0,5.0,3.6,0.7,0.4,-0.6,1.6,1.9,-1.0,-2.9,-1.3,0.2,-1.1,5.8,-1.2,-0.7,0.3,-7.6,-0.5,3.3,0.7,-0.5,-10.2,-9.1,-7.0,-7.4,-9.5,14.7,8.2,-5.4,-1.9,-1.2,0.5,12.3,-4.2,-2.3,-9.6,-2.9,-2.6,-0.3,1.1,-1.7,1.3,0.2,0.2,0.4,-0.8,3.6,3.7,0.9,-2.0,-4.2,-4.7,1.9,-8.5,6.4,2.8,-0.5,2.8,-0.5,2.9,-1.0,-2.5,-3.2,0.2,-1.1,12.8,1.4,1.1,-0.3
2C7L51CH9n,0,48.106689,11.636346,4442910.82,2778364.41,531.8,577.5,270,7507,3.7,0.49,0.44,32.69,348.97,-0.53,-0.103,0.842,0.9,0.2,-2.71,0.31,2.4,0.2,-0.3,-1.6,-1.3,-0.5,0.4,-2.4,-1.4,0.3,0.9,14.8,-1.3,-2.8,0.0,-2.1,-1.3,-4.9,-4.2,-3.7,-4.4,-1.7,-5.6,-1.3,-0.8,-2.3,3.1,-1.2,-1.2,0.2,0.1,-0.8,0.8,2.3,1.1,-0.5,3.7,15.5,11.8,8.3,10.7,7.6,11.3,15.3,13.3,13.2,10.3,11.2,13.0,11.9,10.6,12.0,11.0,10.0,12.2,11.9,14.5,10.8,11.9,11.9,13.9,15.4,10.5,12.4,11.2,12.7,10.9,9.9,11.7,10.8,12.9,14.2,15.1,9.5,12.7,13.5,11.5,11.4,7.9,11.6,8.5,5.4,0.2,-7.1,11.0,14.7,9.6,11.8,11.9,14.6,6.9,8.6,10.9,12.0,4.3,13.1,3.9,7.8,14.5,13.2,7.4,10.3,13.4,9.8,13.3,11.9,14.1,12.5,14.0,13.5,4.7,13.3,13.8,12.4,11.9,9.6,10.6,11.4,13.8,13.3,10.7,12.8,14.6,11.4,11.4,11.8,12.1,11.8,14.3,12.1,4.7,13.4,3.2,8.8,6.7,12.9,7.5,0.9,6.0,9.3,9.2,11.2,14.2,12.3,12.8,6.9,8.5,13.2,8.0,15.0,10.5,11.7,13.6,11.8,11.4,14.8,12.4,12.6,11.5,13.5,10.6,9.5,10.0,7.6,-3.4,5.3,3.3,2.5,16.8,5.6,10.2,12.0,9.8,11.2,4.6,8.4,10.3,9.1,9.2,7.3,10.6,19.2,13.9,9.3,6.7,9.4,11.3,9.1,7.4,10.0,10.4,6.8,1.7,0.3,9.9,10.7,10.1,9.9,11.2,9.9,6.2,8.2,11.6,9.2,8.0,9.3,8.7,10.7,8.5,11.4,9.1
2C7L51CH63,0,48.105072,11.623614,4441966.26,2778163.83,553.7,599.4,270,7275,2.9,0.82,0.41,32.6,348.93,-0.529,-0.103,0.842,-0.7,0.1,-0.21,0.22,0.9,0.2,-0.3,-0.7,0.7,-0.6,-1.1,0.4,-0.6,0.1,0.9,0.2,-2.6,1.3,0.5,1.2,-0.8,0.7,-2.6,0.9,5.9,3.6,1.0,1.3,0.4,2.2,-1.8,-2.1,0.3,-0.2,3.3,-2.6,-4.7,9.9,-7.3,-5.4,-6.6,-6.3,-2.5,-1.4,-2.2,4.4,-2.4,0.5,-0.8,2.8,-0.4,1.6,-1.3,0.8,-0.3,-2.8,-1.4,-0.5,0.2,2.2,-0.2,0.6,3.4,1.4,1.2,-1.6,0.6,1.8,0.4,-2.0,-1.0,-2.4,0.2,1.4,2.1,4.9,4.1,0.7,0.2,2.0,2.6,2.9,1.2,1.0,2.3,-2.6,0.5,-0.8,-3.4,-0.8,-1.8,-1.5,0.5,-0.5,-4.4,0.4,-2.9,-3.7,-3.9,-1.0,-1.4,0.2,2.0,-1.6,-2.8,-1.0,1.5,-1.9,-0.2,-1.9,-0.2,-2.5,2.9,-3.8,-0.1,-4.6,-2.0,-2.7,-2.5,0.2,-2.1,-1.8,-1.9,-0.4,-1.2,-1.9,1.9,0.9,1.1,0.7,-0.5,0.8,-0.4,1.5,-1.7,-1.2,-0.7,0.4,1.4,-0.9,-1.8,-1.3,-1.4,-2.9,-3.0,0.8,-2.2,-0.4,0.3,-0.3,-9.2,-1.1,-1.3,-8.3,-2.4,-3.8,7.1,-3.4,-3.8,-6.4,-3.7,-3.7,-1.8,-2.2,-1.7,-3.1,-2.7,-2.2,1.7,0.2,-0.5,-2.9,-0.4,0.4,-6.8,-1.1,2.4,-5.0,-5.9,-5.4,-3.7,-3.3,10.2,-1.8,1.7,-9.9,-0.7,-3.0,-4.8,-0.3,-4.8,-0.4,-3.6,-1.8,-1.4,-1.1,-8.5,6.5,-5.8,-7.9,-12.5,2.9,-5.3,-9.7,-3.4,-4.4,-4.4,-6.3,-4.7,-3.9,-6.2,0.6,-1.9,1.1,1.3
2C7L51CH6Z,0,48.105265,11.625115,4442077.64,2778187.74,539.9,585.6,270,7307,3.8,0.69,0.47,32.64,348.97,-0.529,-0.103,0.842,-0.9,0.2,-0.32,0.29,2.2,0.3,-0.3,4.9,-1.7,-1.3,3.2,5.0,-13.3,12.5,10.1,3.5,-0.3,5.4,-9.0,-11.7,-1.8,-1.5,-3.0,-4.4,0.1,-3.2,-5.0,-5.4,-4.9,-3.8,-6.5,-2.4,-4.2,-3.6,-6.3,-5.9,-10.3,1.1,-6.4,3.4,-3.5,-3.9,-7.4,0.2,-6.2,-5.7,-6.4,-2.1,8.8,-10.0,-3.9,-2.2,-2.9,-2.3,-7.3,-0.6,-2.8,1.3,-5.9,-2.4,-3.2,0.4,-0.4,1.4,-0.2,-1.6,0.8,-1.3,2.0,-2.7,-1.2,-4.4,-1.6,-1.0,-3.0,-1.4,0.9,-2.6,1.1,4.1,3.6,-1.8,-8.3,1.9,-4.0,-2.5,-2.5,-0.5,4.9,-3.1,-6.2,-6.3,1.2,-3.8,-7.0,-4.9,-5.6,-5.3,-0.8,-7.9,-4.0,-7.0,-2.4,-3.8,-5.5,-3.5,-5.9,-4.2,-6.2,-4.0,-3.1,-3.5,-1.1,4.0,-2.2,-2.1,-3.7,-2.2,-4.4,-0.9,-3.2,-4.1,-3.4,5.4,-4.6,7.6,0.3,-3.6,-1.6,-0.9,3.6,-3.0,-4.1,0.8,-2.0,-5.2,-10.9,-5.2,-5.4,8.8,-4.8,-3.3,-3.6,-2.3,-7.7,-2.6,0.9,-4.7,-2.6,-4.8,-3.0,-4.0,-4.2,-5.1,-2.6,-4.3,-3.8,-1.6,-5.6,-3.5,-3.2,-5.9,-5.2,-3.7,-4.4,-4.5,-7.8,-5.3,-5.0,-7.6,-6.0,-2.4,-2.4,-6.6,-18.8,-4.3,-14.0,-13.7,-6.9,-4.7,0.6,-3.4,7.4,-4.9,1.3,4.6,-3.9,-7.8,-2.5,-4.7,-3.2,-6.4,-10.4,-4.3,-6.4,-7.6,-8.0,-11.2,-2.6,-8.9,-10.3,-15.8,-4.2,-12.2,-0.9,-3.9,-3.6,-3.6,-4.0,-3.9,-4.4,-5.5,-5.4,-2.9,-9.6
2C7L51CH8t,0,48.106311,11.633259,4442681.77,2778317.33,536.9,582.6,270,7451,2.5,0.86,0.39,32.68,348.97,-0.53,-0.103,0.842,-0.1,0.1,-0.3,0.19,0.2,0.2,-0.3,-0.9,-8.5,-0.3,1.2,-0.1,1.6,-0.2,0.8,0.9,-1.4,-2.0,-5.7,-0.1,2.4,2.7,1.9,0.9,2.2,-6.9,-0.3,-2.5,-0.7,-0.9,0.8,-1.0,0.6,0.6,-2.9,-2.3,-0.7,-0.0,-3.6,-4.6,-3.1,-1.8,0.7,1.3,1.9,0.2,-1.0,-1.1,-2.7,-2.1,0.9,-1.0,-1.1,-3.0,-1.0,-1.4,-1.8,0.9,1.1,-1.0,-0.9,-0.6,-3.5,-2.1,-0.5,0.6,-0.5,-1.2,-1.2,0.8,0.7,-2.7,-5.4,-2.3,2.2,-0.2,-0.5,-2.7,-2.2,-0.2,-0.7,-3.3,-1.5,2.4,3.4,-0.4,-3.0,-3.5,-0.1,-2.2,-1.4,2.1,-4.1,-1.6,1.5,-1.0,-4.0,-1.0,-4.6,-3.5,-2.7,-2.0,-2.2,-0.8,-1.9,0.4,-0.7,-2.2,-0.5,-0.3,-0.8,-1.9,-1.7,0.4,-3.1,-0.6,-1.8,-0.4,-2.0,-0.4,-1.7,-1.8,-1.0,-3.4,-0.2,-1.4,-1.5,-2.7,-1.1,-0.2,-1.7,-0.6,-1.8,-0.6,-2.2,-1.4,-4.6,-3.5,-1.9,0.5,-1.2,-0.3,-3.0,0.6,-6.4,3.6,5.3,-0.9,-1.5,0.8,0.5,1.4,-0.8,0.4,0.7,-0.6,-4.9,0.0,5.4,1.9,2.8,2.1,-10.5,1.2,-5.3,-1.2,4.1,-0.6,-3.8,0.3,-0.2,-3.2,-2.3,1.1,10.0,0.6,1.1,-3.5,-0.4,2.0,-0.2,-2.1,0.2,-2.5,-0.4,-3.5,-2.0,-0.8,-1.0,-2.2,0.3,-1.5,-1.8,-1.0,1.4,-1.4,-1.6,7.4,0.5,-3.6,6.5,-7.2,-3.8,-1.9,1.2,-3.0,-7.8,-5.3,-1.1,-0.9,-2.5,-2.9,-5.0,-7.7,-7.4
2C7L51CH96,0,48.106434,11.634217,4442752.82,2778332.55,546.9,592.6,270,7464,3.1,0.8,0.45,32.68,348.97,-0.53,-0.103,0.842,0.3,0.2,-0.21,0.24,0.4,0.2,-0.3,-1.1,6.3,-9.0,-0.6,-4.6,1.4,-0.9,-4.1,-5.3,7.7,0.1,1.9,1.9,-7.1,-0.1,-0.4,-0.7,0.9,-3.1,-2.7,1.3,-2.6,-0.1,-0.5,1.1,-1.9,-2.4,2.4,-2.5,-2.5,1.8,-6.1,-4.6,-0.7,-0.5,-2.1,0.2,-6.9,5.5,6.4,1.0,-0.5,1.7,-0.9,0.1,-1.1,1.1,2.9,1.5,-1.3,-0.5,-2.6,-4.7,-0.1,-1.1,-2.9,-1.1,-1.8,-2.2,-2.0,-3.7,-0.2,-2.0,-4.5,-1.8,-0.7,-1.1,-0.4,-1.3,-1.3,-1.4,1.6,-0.6,0.5,0.4,0.8,2.3,-3.2,0.2,-1.1,-0.6,0.2,-2.1,-0.6,-0.1,1.8,-3.4,-0.0,-3.7,-5.5,-3.9,-2.6,-0.7,-4.0,-6.2,-0.5,-0.5,-1.8,-1.1,-2.4,-1.0,-0.4,-0.8,-0.8,-1.0,-2.5,-2.2,1.5,-3.9,-1.6,2.3,-1.6,-0.0,-0.2,-1.4,-1.2,3.0,-0.6,0.1,-1.9,-0.7,-1.3,1.3,-0.0,2.1,-2.4,-2.4,-2.7,-3.4,-0.2,-5.0,-1.8,-4.2,5.3,2.9,12.5,-3.9,1.8,3.6,7.0,7.8,1.7,-0.4,-1.3,2.0,3.8,-1.3,0.7,0.7,0.4,0.9,2.6,1.6,1.3,0.8,0.6,2.0,3.0,-1.2,2.4,0.7,-12.0,-5.6,-4.6,-2.4,1.8,1.2,0.8,1.0,2.0,1.8,1.2,-1.6,1.5,-1.4,-0.7,2.2,5.5,5.9,-9.3,0.6,0.3,1.5,-2.7,0.2,6.0,0.1,1.9,3.0,7.5,-2.1,-4.6,-0.9,-0.5,1.1,-0.4,-7.5,0.3,-4.9,0.2,0.6,0.3,-3.0,1.1,-0.4,1.1,7.9,-10.4
2C7L51CH9u,0,48.106752,11.636693,4442936.54,2778371.99,529.6,575.3,270,7514,3.4,0.58,0.41,32.69,348.97,-0.53,-0.103,0.842,0.9,0.2,-2.54,0.29,1.1,0.2,-0.3,-0.4,2.0,1.0,0.3,-0.5,-0.0,0.9,2.2,1.5,0.7,-0.4,1.5,1.0,0.0,2.9,-0.8,-1.2,-1.4,-2.2,-1.3,-4.8,2.5,-2.4,1.0,-1.8,-2.0,1.5,1.5,-2.3,11.4,-5.9,5.4,18.5,11.5,14.0,15.6,18.7,14.2,14.9,14.3,13.1,13.2,13.7,13.4,12.9,13.8,12.7,12.0,15.0,12.0,14.0,12.3,13.0,13.5,11.7,14.2,13.8,12.7,13.0,13.0,12.8,12.8,13.6,12.0,18.3,13.4,11.2,13.5,11.5,13.1,11.5,12.2,12.7,14.0,12.2,14.2,9.4,19.4,9.9,11.9,10.1,8.8,12.1,15.8,13.1,13.7,13.5,11.2,10.5,12.9,13.8,10.4,6.6,10.4,11.2,13.8,14.4,11.8,3.4,12.4,15.3,13.3,9.4,14.2,12.4,10.4,14.9,12.4,13.9,15.5,14.0,13.2,12.8,13.2,9.1,15.0,10.8,13.6,12.7,9.8,12.2,13.2,11.6,13.1,12.7,11.4,13.0,14.6,14.4,6.6,12.1,13.7,14.6,10.4,11.2,10.9,11.9,5.2,13.5,12.5,13.9,10.4,10.8,10.9,10.3,10.8,10.2,12.4,12.3,12.0,14.3,12.2,11.2,10.9,10.5,11.4,9.8,9.9,8.9,14.1,13.0,2.8,9.0,7.9,8.9,12.6,12.7,15.4,5.8,10.9,10.5,10.1,8.3,12.2,8.8,7.6,10.8,10.5,15.2,10.8,11.6,9.8,15.4,12.1,11.8,12.0,12.6,11.9,16.2,10.0,10.0,11.1,9.8,12.8,13.7,12.2,11.0,7.4,11.8,11.5,11.2,7.5,10.1,9.6,10.9,11.7,10.7,9.3
2C7L51CH5c,0,48.104856,11.621784,4441830.51,2778136.81,541.1,586.8,270,7248,4.4,0.58,0.44,32.6,348.93,-0.529,-0.103,0.842,-5.1,0.2,-0.57,0.36,0.6,0.3,-0.3,-7.2,-0.5,-2.7,1.9,4.3,0.6,-2.9,7.4,4.8,2.1,7.8,0.5,1.1,-0.1,-0.4,9.3,6.0,4.6,-9.8,-4.3,-7.8,-8.2,0.2,-3.1,-10.2,-8.2,1.6,10.3,1.2,3.2,-6.8,0.1,-2.8,2.0,10.6,-0.6,8.8,7.8,8.3,-11.1,0.7,4.6,0.7,4.4,10.2,1.7,1.1,4.1,-4.1,-5.9,-3.7,4.1,-1.0,-1.7,-1.2,1.1,2.9,0.3,0.9,0.3,3.1,1.6,-2.2,-2.9,4.8,4.2,0.6,0.0,0.0,1.1,1.8,6.6,1.0,-1.5,0.2,4.5,-7.4,-4.2,0.4,8.2,3.9,3.2,-2.9,-3.6,5.2,-12.2,3.5,4.5,2.2,-3.0,1.6,-1.6,1.0,2.8,-1.0,-0.8,2.8,-0.7,1.7,-3.9,-5.3,-1.1,-2.8,-4.4,-3.2,-0.5,-1.7,2.6,0.2,-5.2,2.7,-0.7,-3.4,-4.7,-21.0,-2.6,2.6,-2.3,2.1,1.1,-4.9,1.4,-10.2,-9.7,2.1,-17.2,-0.3,-9.6,-6.1,-9.7,-14.9,-13.6,-11.4,-9.7,-16.4,-15.6,-13.8,-15.0,-9.6,-9.8,-8.3,-10.7,-13.2,-13.3,-11.9,-11.8,-6.0,-11.4,-13.4,-15.7,-14.1,-14.9,-16.8,-14.5,-17.4,-16.4,-11.6,-14.4,-12.2,-16.8,-15.9,-17.7,-12.6,-15.2,-12.3,-10.3,-15.4,-21.0,-13.9,-13.0,-14.9,-16.8,-12.1,-14.5,-14.3,-14.6,-14.8,-11.6,-27.2,-13.5,-16.7,-15.8,-16.5,-15.4,-16.1,-14.4,-15.9,-15.9,-15.2,-17.8,-19.9,-18.7,-23.9,-21.4,-22.9,-18.9,-19.3,-17.2,-16.0,-17.7,-18.6,-16.4,-18.7,-16.8,-15.7,-18.6,-19.7,-19.9
2C7L51CH6X,0,48.105257,11.624907,4442062.14,2778186.5,536.2,581.9,270,7305,2.8,0.79,0.43,32.64,348.97,-0.529,-0.103,0.842,0.2,0.1,-0.94,0.21,2.0,0.2,-0.3,-0.9,4.1,-2.2,1.3,0.4,-6.5,-0.2,-2.5,0.2,-1.9,-1.3,-5.7,4.4,4.9,11.7,4.0,-2.4,-1.0,-2.6,4.9,-1.4,-2.5,-1.8,-6.5,0.2,-1.3,-4.2,-5.0,-3.1,-5.6,-18.0,-3.7,-7.9,-3.8,-5.7,-3.6,-2.0,-3.5,-0.9,-4.4,-2.1,1.6,-1.1,-1.1,-0.3,-1.6,-3.5,-4.9,-2.6,0.9,-2.4,-2.2,0.0,0.2,-1.0,-2.0,6.6,-2.4,-3.1,-1.3,-0.4,-0.8,4.3,2.6,5.7,3.7,3.1,-4.3,-0.6,1.3,4.6,-0.1,1.9,0.2,-1.2,-1.0,-1.0,1.7,-2.3,-3.2,-0.6,-2.0,-2.0,-2.8,-2.3,-5.2,-2.4,-6.4,-1.5,-5.3,-1.6,0.9,-0.3,-1.2,-1.8,2.7,2.1,-1.7,-0.8,3.9,-1.3,-1.8,0.4,3.2,-1.1,0.7,3.9,-0.8,0.8,0.9,0.8,2.2,-1.0,5.0,3.0,2.2,4.4,3.2,6.8,1.3,-0.1,3.6,5.0,0.5,-1.2,1.6,2.0,-2.2,-4.9,-4.2,-4.2,-0.9,2.3,-1.2,-2.8,-2.4,-3.1,-3.1,2.4,4.5,-0.3,0.2,0.3,1.2,1.6,1.6,6.1,3.1,2.0,3.2,5.0,1.2,2.6,2.5,4.0,2.4,2.3,0.8,3.0,1.3,0.2,-0.1,-1.4,-1.2,-0.9,1.2,-0.0,0.0,-0.4,-0.3,-0.6,-0.7,-4.2,-0.4,-0.8,5.8,-0.1,1.0,-9.2,0.3,1.0,0.6,-0.9,-1.9,0.4,-1.2,-0.3,0.4,-3.3,-3.6,-2.8,-1.2,-4.1,-5.4,-3.3,-2.1,-1.4,0.2,-2.5,-1.9,-2.2,-1.1,-1.9,-2.4,6.9,-0.3,-1.5,-1.9
2C7L51CH6g,0,48.105355,11.625668,4442118.65,2778198.6,546.8,592.5,270,7314,3.4,0.74,0.52,32.64,348.97,-0.529,-0.103,0.842,0.1,0.2,-0.74,0.26,0.2,0.2,-0.3,1.5,2.8,0.2,-3.6,0.9,-0.6,-0.7,1.6,-1.0,2.4,-2.7,0.7,-1.9,-9.7,0.0,2.5,2.0,1.9,2.3,0.6,1.2,3.1,0.7,2.6,2.5,4.2,-1.9,-0.8,-0.7,-0.6,-11.6,-1.4,-4.5,-0.1,-0.9,1.7,4.8,1.4,2.5,2.8,2.3,-1.3,3.6,4.8,0.8,2.0,1.0,-1.3,-0.8,0.4,2.7,-1.2,-4.0,-0.7,-2.7,-4.3,-2.3,3.5,4.5,2.5,0.4,0.4,0.5,5.2,-0.6,-1.2,-3.2,4.1,-4.0,-3.5,-2.7,-7.0,-4.7,-2.0,-0.8,0.8,0.0,0.8,0.7,1.0,4.2,10.5,10.7,6.0,0.4,9.1,4.2,2.2,2.1,-2.7,-0.4,9.2,4.9,2.7,0.6,-0.2,1.8,3.1,5.3,0.3,-7.9,3.9,0.4,0.9,2.7,1.8,-1.2,-3.5,0.4,-4.0,0.7,-0.3,-3.6,7.7,3.5,2.0,-4.1,-3.9,-10.4,2.2,0.0,8.6,-1.6,6.3,0.7,0.5,0.1,-2.0,1.7,-0.1,-1.0,0.3,4.3,0.6,-3.7,0.7,0.9,-4.3,2.5,7.0,-3.5,4.3,9.8,-1.9,3.7,1.7,3.3,2.4,4.4,9.2,2.0,5.2,2.4,2.8,5.6,3.0,1.6,4.7,-3.5,4.3,-1.2,5.3,2.4,-1.7,4.5,3.7,-0.0,-0.2,2.1,1.3,-0.6,-0.8,-0.8,-1.5,0.1,-2.0,6.3,1.9,6.6,4.4,7.7,3.5,2.4,-2.3,1.0,-2.8,-0.3,-1.4,1.6,-2.8,-1.3,-3.1,-0.7,-4.2,-3.3,-3.6,0.0,-0.5,-2.3,0.8,1.2,-1.2,-3.2,-2.7,4.1,3.8,0.3,-3.5
2C7L51CY8k,0,48.104907,11.622035,4441849.09,2778142.87,536.6,582.4,271,7254,4.0,0.63,0.54,32.6,348.93,-0.529,-0.103,0.842,1.5,0.2,0.67,0.32,0.9,0.3,-0.3,-2.9,0.8,0.6,-1.4,-2.9,-7.5,0.3,-5.2,-0.2,-7.6,0.3,-0.1,3.3,0.7,2.8,3.4,3.9,1.9,3.1,-1.8,-2.9,3.2,-4.4,1.1,0.9,3.2,0.3,-4.8,-3.1,-3.8,-15.6,-2.2,-3.1,-1.7,-7.6,-0.3,0.1,-1.3,-3.9,-0.6,1.2,-4.9,1.6,3.7,0.6,-3.3,-5.0,-8.6,-4.0,-5.0,-0.7,-4.1,-5.3,-2.2,-1.2,-0.4,-4.5,-1.5,-2.1,-2.8,-1.5,-6.5,-4.8,-2.9,-9.0,-3.9,-5.1,-13.1,-1.9,-4.4,-6.3,0.9,-4.4,2.6,0.9,0.1,-2.3,-5.3,-3.9,-0.8,-5.0,-2.5,-7.6,-9.4,-5.9,-2.8,-1.3,-5.0,3.6,-1.7,-3.1,-3.4,-5.2,2.9,-8.4,-0.7,-3.1,-0.2,-2.3,-5.9,-3.3,0.2,-5.0,-2.6,-2.2,-8.9,-7.0,-7.9,-8.5,-9.5,-11.1,-11.0,-9.5,-9.0,-11.8,-9.0,-1.2,-4.1,-5.4,-8.1,-7.0,-8.3,-10.5,15.6,0.4,-3.9,-0.8,1.6,-5.0,2.4,2.4,8.1,2.4,4.7,-0.3,2.5,5.0,-0.6,4.6,8.9,6.5,3.9,2.6,5.0,5.5,4.5,7.9,3.9,4.0,-9.7,-4.8,4.4,3.8,3.2,2.0,5.0,4.4,4.1,7.0,1.3,4.6,2.8,4.7,5.9,4.8,4.4,4.0,2.0,4.2,1.5,3.1,3.8,2.3,3.5,1.9,1.5,4.9,6.1,-4.7,3.6,2.3,3.0,1.7,1.8,1.6,1.4,-0.3,2.7,1.2,-0.8,2.9,-0.7,1.7,0.2,-6.5,1.4,0.8,2.3,-0.3,-0.2,8.7,0.9,3.5,2.5,3.0,9.7,2.3,3.7
2C7L51CY8l,0,48.104923,11.622161,4441858.42,2778144.87,540.0,585.7,271,7255,3.7,0.69,0.55,32.6,348.93,-0.529,-0.103,0.842,-6.4,0.2,0.87,0.29,0.7,0.2,-0.3,0.4,6.9,0.2,-1.5,0.5,-1.9,6.3,-5.5,3.3,-2.0,2.1,0.4,3.7,3.2,5.5,3.9,4.6,-7.1,-2.1,-4.4,-3.0,-2.2,-6.2,-4.0,-0.1,2.5,1.8,-3.1,-4.8,-2.8,-19.0,-2.3,-3.5,0.0,-9.2,2.8,4.2,-4.7,-8.4,0.0,-7.9,-3.4,0.0,-12.0,-12.1,-5.3,-6.6,-7.9,-7.5,-4.8,-2.8,-5.9,-5.9,-5.4,-4.5,-3.6,-5.2,-4.2,-5.9,-6.2,-4.9,-7.4,-6.2,-5.6,-11.2,-3.6,-7.9,-9.9,-8.0,-5.8,-6.0,-6.6,-5.3,-5.9,-1.4,-4.3,-5.4,-5.9,-4.5,-5.3,-7.3,-4.7,-6.3,-8.0,-10.5,-8.5,-6.4,-11.3,-5.8,-6.9,-9.0,-7.7,-8.1,0.8,-10.5,-4.2,-21.6,-4.5,-5.5,-11.8,-11.8,-3.9,-9.1,-7.3,-6.9,-9.8,-11.4,-11.1,-10.8,-11.8,-11.0,-12.6,-10.5,-10.7,-8.0,-9.0,-8.8,-5.1,-6.3,-3.6,-9.3,-7.5,-11.1,-6.8,-21.1,-6.2,-11.6,-21.5,-23.4,-18.8,-18.5,-17.4,-21.5,-18.0,-17.5,-15.5,-15.6,-21.4,-15.1,-14.3,-13.0,-18.9,-19.8,-20.9,-18.2,-19.4,-19.2,-20.9,-22.5,-24.2,-30.0,-24.7,-27.4,-24.6,-27.4,-30.1,-24.5,-25.4,-21.4,-26.9,-25.8,-26.5,-21.8,-22.3,-22.4,-20.8,-26.1,-28.0,-22.8,-25.4,-25.8,-26.7,-23.4,-26.5,-24.9,-25.4,-24.0,-22.6,-29.2,-23.5,-25.1,-23.0,-22.7,-23.9,-25.9,-26.6,-25.5,-25.5,-30.3,-30.0,-23.9,-28.9,-30.1,-29.4,-28.3,-28.1,-27.9,-25.9,-24.1,-26.1,-23.9,-25.5,-24.8,-25.8,-25.1,-23.9,-27.5,-26.7
2C7L51CY9X,0,48.105265,11.624825,4442056.04,2778187.26,537.4,583.1,271,7303,3.3,0.77,0.4,32.64,348.97,-0.529,-0.103,0.842,-0.7,0.2,-0.44,0.25,1.6,0.2,-0.3,0.1,-1.4,-1.8,2.6,-0.3,4.7,-0.4,0.8,0.8,6.6,3.5,0.8,-1.9,1.3,-9.1,-3.2,-0.0,-2.7,-6.1,-8.4,5.4,-2.1,-3.6,-3.3,1.3,-1.3,3.7,1.4,-2.1,-6.5,-12.7,-5.4,-3.3,-3.7,-1.5,-2.0,0.9,-0.6,1.6,2.3,-0.1,-0.2,4.3,-1.6,-1.3,0.7,-1.2,-2.2,-1.4,-0.5,-0.8,0.5,0.8,0.1,0.6,0.6,1.3,-0.3,1.4,3.2,1.3,1.1,7.0,0.5,12.7,0.2,0.4,8.7,-2.6,-2.3,-0.1,-0.3,0.5,0.6,-2.3,-2.7,0.1,0.3,-0.8,-4.4,-2.7,-5.3,0.1,-0.0,-1.0,-4.6,-3.7,-3.0,-3.1,-2.2,2.0,-1.2,-2.4,5.4,-1.5,1.4,-0.0,1.8,0.6,2.4,-0.5,-1.4,0.7,0.4,2.5,0.2,-0.3,-2.0,0.4,-0.5,-0.7,-0.7,-0.6,-1.0,-0.3,-0.9,0.0,0.0,0.7,-0.4,2.5,1.5,-0.3,-1.5,-1.4,-2.0,-1.9,-1.2,-1.9,-7.2,-1.8,-2.2,0.1,1.5,-2.5,3.3,-12.1,-4.1,1.9,2.8,-4.4,0.1,-1.6,-0.8,-1.2,-1.1,11.3,0.6,-1.3,-1.8,3.0,-2.1,0.4,-1.7,-1.5,-2.1,-0.9,-1.7,0.1,-2.3,10.7,-3.7,-2.7,-6.2,-3.4,1.9,-3.1,-10.3,-3.0,-2.9,-4.6,-5.1,-3.9,-10.2,-6.1,2.3,-4.0,-2.8,-11.0,-1.6,-0.1,-0.2,-2.9,-3.7,0.0,-4.7,-3.1,-11.8,-0.5,-4.3,-4.1,-6.5,-6.0,-7.5,-6.6,-3.9,-5.1,-4.2,-5.3,-1.5,-3.2,-1.3,-0.8,-0.6,9.3,2.6,-2.9,-3.0
2C7L51CYBj,0,48.106312,11.63298,4442661.03,2778316.99,556.8,602.5,271,7439,2.9,0.79,0.45,32.68,348.97,-0.53,-0.103,0.842,-0.6,0.2,-0.72,0.23,0.4,0.2,-0.3,-0.6,1.5,3.8,0.0,0.9,6.1,-0.5,1.4,2.8,-3.6,5.6,3.2,0.5,3.9,-1.0,-5.2,2.0,-1.3,-0.1,-4.5,-5.0,0.1,2.1,4.9,3.8,0.4,1.1,2.2,1.8,2.3,0.4,-5.7,0.4,0.5,3.3,-6.0,3.8,3.8,7.0,-1.3,4.7,3.7,-0.4,2.3,5.9,2.1,2.7,4.5,2.0,3.8,2.2,5.2,4.4,5.3,5.1,0.1,4.5,2.5,3.8,3.4,2.2,6.3,4.4,1.8,2.7,3.0,3.9,5.3,6.5,6.8,7.4,4.7,3.8,7.9,0.1,4.1,2.4,3.5,3.6,2.1,1.8,0.0,2.1,2.6,1.8,1.5,-1.2,3.9,2.2,4.8,2.8,2.7,-0.5,2.8,3.8,-2.6,7.1,4.1,1.7,5.9,2.9,4.4,5.0,5.7,6.3,5.5,4.8,2.7,5.6,2.4,2.6,-0.8,-1.0,1.9,2.8,3.9,-1.0,-1.2,2.1,0.7,-0.7,0.9,2.4,1.2,3.4,4.3,-1.2,-0.8,2.9,-1.6,2.4,2.7,1.9,1.5,4.4,-2.1,-0.1,-3.6,2.6,4.0,-1.2,0.1,1.9,-2.2,8.5,1.7,3.4,2.5,5.4,-1.0,6.0,5.1,-1.0,-2.5,0.5,5.4,-0.4,-2.8,4.9,5.5,6.3,0.3,4.9,2.3,3.1,-1.1,1.2,2.6,-2.8,-3.6,-6.3,-1.9,-7.8,-5.9,-8.3,-3.8,-1.8,-0.6,-10.8,1.6,8.0,1.9,-1.9,0.4,5.4,0.6,-0.9,2.6,0.9,-4.2,-0.7,4.8,2.1,1.5,-1.3,1.6,0.2,-0.7,-0.0,-0.3,-3.4,-3.3,-0.3,0.4,2.4,0.1,-0.3,0.2
2C7L51CYBr,0,48.106323,11.63306,4442666.94,2778318.29,538.5,584.2,271,7447,1.8,0.9,0.26,32.68,348.97,-0.53,-0.103,0.842,-0.9,0.1,-0.25,0.14,1.1,0.1,-0.3,-0.3,1.0,1.2,0.7,-0.7,-7.7,-0.6,1.4,0.4,-0.9,1.5,2.5,-0.2,1.5,0.1,1.8,-1.6,0.1,-0.8,-0.5,-2.3,-1.1,-0.8,0.7,0.6,-0.6,0.3,-3.7,-1.7,-3.0,-4.3,-5.9,-5.3,-3.3,-1.5,-2.9,-1.8,1.2,0.2,-0.5,-1.5,-4.8,-1.6,-0.6,-0.4,-0.9,-2.9,-1.3,-1.4,2.1,-0.0,2.4,-1.4,2.4,0.6,2.2,-0.6,0.9,0.2,-0.7,-0.3,0.8,1.6,0.5,-6.1,-2.6,-0.8,1.6,0.2,-0.9,-0.1,0.2,-0.2,-0.2,0.5,0.1,-0.0,-0.6,-1.4,-1.9,-0.5,-3.4,-2.2,-1.4,-1.6,-2.7,-1.1,-1.0,-1.7,-2.7,-0.9,-4.4,-4.5,-4.0,-1.9,-2.5,-1.7,-0.4,-2.1,-0.8,0.2,-0.8,-0.4,0.6,1.0,-1.3,-0.1,0.2,1.0,-1.0,0.1,-0.5,1.1,-2.2,-0.0,-1.5,0.1,-1.7,0.1,-1.1,-0.7,0.1,-2.3,-3.0,-0.3,-0.4,-3.8,-1.7,-1.8,-8.2,-1.9,-3.3,-1.3,-4.2,-4.7,-4.2,-3.2,-6.5,-0.5,-0.0,-7.2,-3.6,-1.7,-3.2,-2.9,-3.3,-0.1,-1.3,-0.6,-1.1,-0.8,-1.0,-0.9,-0.9,-1.5,-2.4,-2.2,-2.4,-3.9,-2.6,-0.5,-7.9,-2.9,-5.6,-6.3,-6.3,-2.8,-0.7,-0.5,-3.3,-4.4,-3.8,-8.7,-9.9,-7.3,-2.7,-2.3,-4.2,-0.8,-3.1,-3.1,-3.0,-3.8,-3.5,-3.3,-5.1,-4.9,-3.7,-5.4,-6.6,-8.3,-5.6,-7.2,-4.3,0.5,-3.5,-4.6,-4.6,-6.2,-4.7,-6.6,-3.7,-3.6,-1.8,-5.6,-5.3,-4.5,-0.5
2C7L51CYBs,0,48.106325,11.633079,4442668.32,2778318.59,536.7,582.3,271,7448,1.5,0.93,0.19,32.68,348.97,-0.53,-0.103,0.842,-0.8,0.1,-0.32,0.11,1.2,0.1,-0.3,0.1,0.0,0.3,0.7,-1.6,-3.0,-0.1,0.8,0.7,-1.6,0.7,-4.7,-0.6,1.4,0.7,0.9,-1.5,0.7,-0.7,-1.0,-3.0,-2.3,-0.7,1.1,0.4,-0.0,-0.1,-3.6,-2.4,-2.6,-4.0,-5.2,-5.3,-4.2,-2.2,-2.4,-0.8,-0.5,0.0,-0.3,-1.0,-1.7,-1.6,-1.2,-1.1,-0.8,-1.2,-0.4,-0.7,0.5,-0.5,0.9,-0.3,0.5,0.1,0.8,-1.7,0.4,-0.4,-0.6,-0.5,0.9,1.1,-1.0,-5.1,-4.2,-0.8,1.8,-0.7,-0.5,-0.3,-1.2,-0.8,-0.7,-0.4,-0.8,-0.5,-1.5,-1.3,-2.1,-1.1,-3.3,-1.8,-2.4,-1.2,-2.2,-0.6,-1.1,-2.0,-3.2,-2.4,-4.5,-5.1,-3.3,-2.2,-2.0,-1.4,-1.9,-1.4,-2.0,-1.0,-1.2,-0.7,-0.7,-0.8,-1.7,-0.2,-0.3,-0.9,-0.9,0.1,-0.4,1.0,-1.0,-0.2,-0.7,-0.8,-0.8,0.1,-1.9,-0.9,-0.3,-1.7,-1.5,-0.1,0.0,-2.7,-1.4,-1.6,-5.7,-3.0,-1.7,-2.1,-2.9,-4.8,-4.6,-3.6,-5.4,-0.4,1.6,-5.5,-3.4,-2.7,-1.8,-1.4,-1.0,0.7,-1.7,-0.0,-0.5,-0.5,-0.1,-0.8,-1.1,-1.7,-1.5,-2.6,-2.4,-4.7,-3.5,-2.6,-8.6,-4.2,-5.7,-6.8,-5.1,-0.5,-1.2,-2.7,-3.2,-3.0,-3.8,-7.3,-7.7,-7.2,-2.1,-1.6,-2.0,-2.0,-2.5,-2.8,-2.7,-3.1,-2.9,-3.0,-3.2,-4.5,-3.9,-4.1,-7.3,-8.1,-4.5,-6.8,-3.6,-3.7,-5.1,-4.9,-5.5,-4.8,-3.1,-5.6,-4.7,-3.9,-3.2,-3.3,-4.0,-3.9,-2.5
2C7L51CY9I,0,48.105166,11.62391,4441988.12,2778174.76,535.1,580.8,271,7288,2.5,0.83,0.35,32.64,348.97,-0.529,-0.103,0.842,-0.7,0.1,-0.16,0.2,0.6,0.2,-0.3,-1.1,-1.3,-1.8,-1.7,-0.1,-0.5,-2.5,-1.1,-1.9,-8.7,-4.7,2.0,-1.9,2.8,1.7,-1.2,-1.8,-1.2,1.5,-1.7,0.5,-5.1,1.3,-5.4,6.0,-1.8,8.3,2.6,4.1,-6.9,-9.9,-7.1,-13.0,-5.9,-2.3,-4.2,-3.5,-6.4,-3.6,-3.5,-5.7,0.6,0.9,-3.7,-6.0,-4.6,-3.4,-5.6,-3.0,-2.3,-4.0,-4.9,-5.8,-4.5,-6.0,-3.5,-2.2,-2.8,-3.8,-5.3,-4.7,-4.1,-3.3,-5.8,-0.6,1.4,-4.4,-7.0,-5.0,-7.8,-2.4,-4.5,-2.9,-6.8,-5.7,-4.5,-4.9,-4.0,-4.7,-5.7,-4.5,-5.7,-4.7,-10.2,-5.4,-9.9,-7.2,-6.8,-4.3,-9.5,-7.4,-8.0,-7.8,-3.6,-7.9,-2.1,-5.8,-7.9,-4.9,-7.7,-5.5,-2.7,-4.4,-3.0,-6.3,-6.9,-4.1,-3.5,-4.9,-4.8,-4.1,-2.9,-3.3,-4.0,-2.8,-3.3,-2.3,-3.1,-2.7,-1.0,-1.4,-1.9,-2.7,-4.3,-2.8,-3.5,-3.0,-2.2,-4.7,-3.8,-4.5,-1.9,-0.9,-3.9,-3.7,-3.4,-1.7,-6.0,-3.6,0.2,-0.3,-2.0,-3.4,-2.2,-2.5,-3.5,-4.9,-0.4,-2.2,-0.9,-2.5,-5.0,-3.2,-4.9,-4.1,-2.6,-7.7,-5.2,-2.8,-2.0,-5.8,-4.6,-2.2,-3.0,-3.9,0.7,-5.6,-4.7,-1.1,-4.4,-6.0,-7.4,-6.3,-6.9,-6.1,-3.5,-4.4,-5.5,-8.9,-2.4,-5.5,-5.7,-5.1,-6.8,-4.3,-7.0,-7.8,-6.4,-5.1,-7.3,-7.7,-6.5,-7.3,-7.7,-11.1,-11.2,-7.5,-7.7,-6.6,-8.4,-10.2,-5.9,-8.0,-8.0,-5.0,-5.7,-6.7,-6.4
2C7L51CY9m,0,48.105389,11.625646,4442116.94,2778202.4,534.9,580.6,271,7318,3.9,0.66,0.43,32.64,348.97,-0.529,-0.103,0.842,-1.2,0.2,-0.68,0.3,2.1,0.3,-0.3,0.7,2.4,0.8,-0.4,1.5,3.7,1.5,-0.6,-2.2,3.9,0.3,0.8,4.0,2.7,-9.2,-3.6,-11.4,-10.7,-13.6,-2.5,-7.6,-9.3,-2.9,-4.8,0.7,-1.6,-0.9,6.7,-4.1,-13.4,-15.1,-2.7,-5.5,-9.0,-16.9,-12.8,-3.4,0.4,4.7,-0.6,-0.1,-1.8,-3.8,-2.5,-3.8,0.9,-3.7,-2.1,1.7,-0.6,0.9,-9.2,-2.2,1.4,-0.5,-0.7,1.9,-0.9,0.9,-2.0,0.1,-5.3,-4.9,0.7,3.2,-2.6,1.0,4.3,-10.9,-6.5,1.4,-1.9,0.1,0.6,-5.0,-4.4,-0.3,-3.7,2.0,-0.4,0.1,-9.8,-2.7,-5.1,1.4,-2.5,-5.6,-9.3,-6.7,-8.1,-5.4,-6.1,0.8,1.4,-5.4,-4.7,-0.2,-2.7,0.1,-3.2,-3.4,0.7,-1.0,-15.2,-1.2,-2.3,-0.9,-6.0,0.3,0.5,-2.1,-1.9,-0.3,-1.8,0.5,-1.1,-1.6,-2.8,-2.6,-0.5,1.4,-1.3,-6.6,-6.8,-7.1,-7.7,-2.7,-5.7,-5.9,-4.0,-5.0,-9.2,-0.3,-10.9,-9.8,-2.0,-5.2,-5.4,-2.5,5.0,-2.7,-0.4,-0.4,-4.1,-2.4,-3.0,-0.5,-6.2,-3.1,-3.8,-6.7,-4.3,-2.4,-2.2,-9.7,-3.8,-3.3,-3.2,-5.0,-2.3,-6.9,-2.8,-0.2,1.8,-11.3,-4.7,-18.5,-1.4,-16.4,-7.6,-0.4,-4.4,-4.7,-5.9,-5.2,-1.7,-8.1,0.2,1.0,-3.4,-10.4,-8.4,1.4,-2.9,-11.4,-8.4,-5.5,-4.0,-10.5,-11.0,-6.9,-10.6,-11.2,-11.2,-14.6,-7.3,-4.0,-7.8,-8.3,-6.1,-9.0,-7.2,-9.7,-6.9,-3.9,-8.4,-7.7,-8.4
2C7L51CYBt,0,48.106347,11.633102,4442670.01,2778321.03,535.3,581.0,271,7449,1.5,0.92,0.27,32.68,348.97,-0.53,-0.103,0.842,-0.9,0.1,-0.47,0.11,1.3,0.1,-0.3,0.3,0.5,0.0,-0.5,-0.7,-2.2,-0.8,0.7,0.6,1.7,0.2,-1.3,0.1,1.4,0.7,1.1,-2.3,0.4,-0.6,-1.7,-2.8,-3.6,-2.1,-0.2,-1.9,-0.4,-0.8,-0.6,-3.7,-1.5,-3.7,-4.4,-5.2,-4.2,-1.3,-2.3,-0.2,-0.4,0.1,-0.8,-0.4,1.1,-1.8,-1.1,-0.3,-1.1,-0.3,-0.3,-0.2,0.0,-0.7,1.3,0.1,1.5,-0.1,0.5,-1.5,-0.0,-0.5,1.2,-0.3,2.1,2.5,0.4,-3.8,-1.7,0.9,2.8,0.5,0.5,1.6,0.2,0.5,0.8,1.2,0.3,-0.6,-1.2,-1.3,-3.0,-1.1,-3.5,-0.9,-1.3,-1.1,-2.5,-0.9,-1.4,-1.7,-3.0,-2.5,-5.2,-2.4,-2.1,-2.0,-0.4,-0.5,-0.3,-1.3,-1.2,-0.4,-0.4,-1.4,1.0,-1.7,-0.2,1.4,-0.0,0.2,-1.8,0.7,1.1,1.5,-1.3,0.4,0.5,-0.4,0.4,2.5,-1.1,-1.7,0.4,-2.0,-0.9,0.2,-0.2,-2.1,-0.1,0.2,-5.2,-0.7,-0.5,-0.8,-1.9,-4.8,-4.6,-3.1,-4.4,-0.9,-0.4,-7.0,-0.6,-4.0,-1.2,-0.9,-1.3,0.8,-1.9,-0.4,-0.1,-0.1,0.8,-1.7,-0.5,-1.5,-0.8,-3.0,-1.9,-4.6,-3.8,-5.3,-9.2,-3.5,-4.4,-7.8,-5.1,-3.1,-1.9,-1.4,-4.5,-2.9,-4.5,-6.1,-5.9,-6.3,-2.4,-1.7,-1.9,-1.1,-1.5,-1.4,-2.6,-1.9,-3.6,-3.8,-3.8,-2.4,-4.8,-5.2,-8.6,-6.3,-3.9,-5.9,-4.4,-2.8,-2.9,-5.5,-5.3,-5.3,-1.8,-4.0,-5.4,-4.7,-2.4,-2.8,-4.2,-4.5,-3.8
2C7L51CYCu,0,48.106823,11.636666,4442934.38,2778379.81,534.9,580.5,271,7512,3.3,0.69,0.42,32.69,348.97,-0.53,-0.103,0.842,0.6,0.2,-1.85,0.26,1.1,0.2,-0.3,-2.5,-0.1,2.0,1.0,0.4,1.1,0.2,-0.3,-0.1,0.5,1.5,1.6,0.3,1.9,2.1,1.9,-5.2,-0.7,4.6,-3.7,-1.2,5.7,-4.1,-1.0,-2.9,-2.7,-3.3,-1.7,-1.4,18.9,-4.8,8.8,8.1,5.1,8.9,11.4,12.5,9.7,11.6,9.6,5.9,7.0,11.8,8.0,8.1,3.1,3.8,5.7,11.0,6.0,4.3,1.7,9.8,20.8,9.7,11.8,17.5,10.9,7.2,10.1,5.0,8.8,14.4,5.1,5.2,5.3,4.5,10.4,7.6,10.8,1.0,9.0,6.6,7.0,10.0,10.4,8.4,11.5,11.5,8.4,9.8,6.9,8.4,7.4,7.9,7.6,8.7,8.8,7.4,6.1,7.7,8.0,7.2,7.5,5.5,12.1,10.4,9.0,11.4,9.4,9.5,10.5,9.9,9.6,10.9,9.5,10.6,8.7,9.1,9.5,9.4,10.5,9.8,8.0,9.0,4.3,5.8,7.1,3.9,8.3,10.5,6.9,5.2,8.4,8.8,9.8,9.8,11.8,8.6,5.9,8.8,6.9,6.7,10.7,8.7,8.1,8.1,7.7,11.8,8.7,5.0,6.0,4.9,6.6,9.0,9.3,10.3,6.4,8.7,8.3,6.4,7.0,7.2,8.2,6.5,7.8,6.7,8.2,7.8,9.6,5.6,1.6,5.5,5.6,5.4,2.4,10.6,11.6,10.0,7.9,8.7,9.0,4.8,22.0,5.8,6.5,2.0,7.9,8.6,8.9,8.5,9.1,7.1,6.5,5.3,5.2,4.9,7.6,7.0,6.1,3.8,6.7,9.5,9.6,12.6,7.7,11.9,7.4,5.5,9.1,5.6,6.3,7.1,6.4,4.9,3.5,5.5,7.6
2C7L51CYDU,0,48.107138,11.638977,4443105.71,2778418.6,547.6,593.3,271,7548,2.8,0.81,0.41,32.7,348.97,-0.53,-0.103,0.841,-0.2,0.1,-0.37,0.22,1.5,0.2,-0.3,0.3,-0.6,-0.6,-1.5,0.2,3.5,1.4,2.6,0.5,2.0,0.8,0.5,1.6,2.2,2.2,1.9,0.6,2.3,-3.5,-2.3,-0.5,1.7,-0.5,-1.0,-11.5,-5.4,-3.5,-1.8,-3.0,-0.7,-12.4,-5.9,-3.1,-2.6,0.3,4.9,-0.3,-2.7,-0.1,-0.1,-0.6,4.5,-1.2,-1.5,-0.7,-4.9,-2.3,-1.6,-0.1,-1.4,5.1,2.8,-0.4,1.1,1.8,5.4,2.6,7.1,4.1,-0.2,3.1,1.9,-0.2,-1.7,-0.1,-0.1,1.0,-3.7,0.8,-0.9,1.7,-1.5,3.1,-2.0,-2.0,-1.7,2.3,1.4,-1.0,-0.5,-2.4,-3.5,-0.7,1.1,1.1,-1.0,-0.4,-1.1,3.2,2.5,-2.0,-2.6,-2.7,-4.7,-0.5,4.8,2.7,0.9,3.1,-0.3,-1.9,0.1,-0.1,4.7,3.7,-0.4,1.6,-0.6,2.2,1.6,6.8,6.2,3.3,1.7,2.8,3.7,-4.5,3.1,1.9,2.8,2.9,2.0,3.2,-0.6,1.9,1.6,4.6,-0.7,-1.5,1.1,-0.7,0.4,2.9,0.2,-0.6,-3.5,-4.2,-4.0,1.5,3.5,-1.4,-5.5,-1.7,4.6,-0.9,-0.7,-0.3,3.2,2.1,-6.9,0.2,1.2,-3.7,1.5,-1.3,2.2,0.4,3.0,0.0,1.3,-4.1,-5.9,-3.2,-3.9,-3.2,0.9,-1.1,1.6,-0.9,-1.5,-0.5,-0.6,-2.6,-3.5,-1.1,0.6,-1.6,-0.5,-4.9,1.9,0.4,-1.2,-2.7,-2.3,-3.0,-2.2,0.8,0.1,-0.6,-1.1,-13.0,-3.4,-9.4,-3.4,6.0,0.3,0.6,-3.8,0.7,0.4,-1.8,1.1,-1.4,0.7,-1.1,4.9,4.9,3.4
2C7L51CY8i,0,48.104979,11.622021,4441847.84,2778150.87,543.7,589.4,271,7252,3.3,0.71,0.66,32.6,348.93,-0.529,-0.103,0.842,-4.7,0.2,-0.94,0.28,1.4,0.2,-0.3,0.5,0.7,0.1,0.7,0.0,0.9,-0.1,-0.7,-0.5,3.5,0.9,1.5,0.2,-0.1,-0.5,-0.8,-0.5,-1.5,-0.7,-1.8,-0.9,0.8,1.5,1.5,0.5,1.7,3.6,2.5,1.6,-2.3,-16.4,-3.2,-3.6,-2.0,-5.3,-0.9,0.4,1.1,3.2,2.0,1.6,1.9,2.3,1.8,0.1,1.0,-0.2,-1.7,1.0,0.8,2.4,1.0,2.7,1.8,0.8,3.0,1.4,1.1,0.7,1.2,1.9,1.2,1.8,0.8,2.9,-0.0,0.2,-1.3,0.6,0.4,0.4,1.1,1.3,0.2,0.5,0.5,-0.0,-0.8,0.2,1.0,0.3,-0.0,0.5,-0.2,1.6,-1.4,0.3,-3.7,0.8,-0.9,-0.4,0.5,-0.5,4.2,1.3,3.4,0.9,0.2,2.0,0.3,1.1,2.3,1.2,1.8,-0.6,0.6,0.5,-1.4,-1.5,-1.1,-1.0,-0.7,-1.2,-0.6,-0.0,-0.4,-1.5,-1.9,0.3,-0.4,0.2,-1.5,-12.4,2.7,-6.9,-21.0,1.3,-7.9,-15.7,-21.7,-12.8,-11.4,-9.9,-10.4,-18.1,-5.3,-13.7,-21.0,-8.7,-8.6,-1.8,-9.2,-10.5,-14.5,-8.9,-8.6,-14.5,-8.1,-12.3,-8.0,-17.8,-2.7,-11.0,-13.9,-12.7,-11.7,-15.2,-15.1,-13.1,-14.4,-13.8,-14.4,-13.6,-13.3,-12.9,-10.7,-16.4,-16.6,-12.0,-13.2,-15.8,-16.2,-10.7,-16.7,-14.4,-17.3,-16.2,-13.6,-19.7,-11.9,-14.7,-12.1,-10.1,-11.7,-14.3,-14.3,-16.0,-14.1,-18.0,-19.0,-19.7,-21.7,-22.5,-20.0,-23.4,-21.1,-17.2,-17.9,-16.6,-15.5,-18.4,-18.0,-16.9,-15.4,-15.8,-14.9,-18.6,-16.3
2C7L51CY8j,0,48.104963,11.621892,4441838.31,2778148.84,534.7,580.4,271,7253,3.4,0.69,0.58,32.6,348.93,-0.529,-0.103,0.842,-3.9,0.2,-0.83,0.29,1.0,0.2,-0.3,-0.3,1.6,1.0,0.8,1.0,3.0,0.1,-1.9,2.1,8.6,1.1,2.0,0.2,0.0,-0.3,2.8,2.8,6.7,0.1,1.2,-2.0,4.4,0.6,4.3,5.3,6.5,3.2,3.9,-1.5,3.5,-11.7,-0.7,-3.1,0.6,-9.6,-1.8,0.7,-0.7,2.8,4.0,-0.4,2.9,4.4,5.9,-4.2,-1.6,-0.2,-2.6,2.1,1.1,4.4,1.0,2.6,1.7,0.0,4.5,1.3,2.0,0.1,2.7,3.7,1.6,5.3,2.3,5.2,2.7,0.2,0.7,-2.1,-0.7,0.6,2.1,3.4,1.7,1.8,2.2,1.6,0.0,1.0,4.6,3.7,4.3,3.6,0.1,1.8,-1.1,1.0,-1.8,1.8,0.6,0.2,0.6,0.5,7.7,1.5,4.2,3.6,-0.1,4.6,0.9,-0.5,3.3,-0.3,1.1,0.1,0.1,3.6,-3.2,-0.5,-1.5,-0.3,1.5,-2.5,0.5,1.3,-0.5,-3.1,0.0,10.0,8.5,4.6,6.5,-8.9,-16.9,-3.7,5.3,-11.4,-7.0,2.6,-5.0,-2.5,-3.7,-7.0,-7.8,-5.9,-7.6,-6.1,-3.9,-4.5,-5.0,-13.1,-4.6,-4.8,-5.3,-3.8,-4.8,-10.7,-11.4,-9.9,-14.1,-10.3,-6.4,-9.5,-9.7,-10.0,-13.1,-9.2,-13.3,-16.6,-12.8,-10.3,-11.9,-11.5,-15.5,-15.1,-12.6,-14.7,-15.2,-3.3,-10.5,-17.6,-11.8,-8.2,-14.0,-12.5,-12.4,-11.6,-10.2,-17.0,-10.6,-11.3,-8.2,-9.9,-9.1,-9.6,-11.3,-11.1,-10.6,-13.8,-12.1,-14.2,-15.9,-17.7,-17.5,-19.9,-13.7,-15.9,-12.3,-11.0,-13.0,-15.7,-8.0,-11.6,-10.8,-14.0,-8.2,-9.0,-13.3
2C7L51CY9G,0,48.105229,11.623966,4441992.11,2778181.82,544.1,589.8,271,7286,3.8,0.7,0.47,32.64,348.97,-0.529,-0.103,0.842,-0.2,0.2,-0.28,0.29,1.4,0.3,-0.3,-0.9,-4.5,-2.9,-1.6,-4.3,-0.5,-2.1,1.9,-1.8,1.9,1.4,-0.5,0.7,-0.9,0.1,-1.6,-1.8,2.5,-2.3,-0.9,-4.4,0.0,-0.4,1.3,-14.5,2.2,0.4,6.7,-4.1,-1.7,-13.1,-9.2,-4.4,-2.2,-5.7,-2.3,1.9,3.2,-2.7,3.2,-1.3,6.5,1.6,-1.6,-2.1,-12.5,-3.1,0.3,0.1,3.9,0.0,3.0,1.9,0.7,0.8,10.3,-2.0,2.1,-0.5,-0.7,0.3,4.6,2.1,12.0,-1.6,1.1,3.5,-0.4,9.9,-9.4,2.0,-1.7,-0.6,-4.1,-2.2,-3.0,-1.2,-0.8,1.0,-2.3,-5.4,-5.7,-3.3,-3.3,0.9,-1.8,-3.8,1.4,-1.6,2.1,-4.0,-2.3,7.1,-0.7,-1.2,-3.6,-2.0,-6.9,-3.8,-2.1,-1.5,-6.0,-3.8,-0.9,-3.8,0.8,-2.0,-3.2,-5.2,-5.4,-0.8,-0.9,-0.8,-0.5,-2.8,2.4,-12.3,-7.2,2.6,-1.1,-2.5,-1.1,3.7,-1.6,0.8,-0.3,7.7,-6.2,-2.5,1.0,2.6,4.3,-8.3,-9.5,-2.2,-0.5,-13.2,-2.7,-0.7,0.9,2.9,5.7,-1.4,0.7,-0.5,0.3,1.8,0.7,-0.2,-1.3,1.5,2.7,2.8,0.0,-0.9,-0.7,-1.6,2.0,-0.6,-1.2,-0.3,-2.0,-1.9,4.0,-5.9,-2.6,-0.6,-4.0,-6.1,6.3,-7.9,-4.3,-1.4,-0.2,2.0,2.2,-0.5,0.6,-1.8,0.3,1.3,-0.7,-2.5,-7.5,-4.0,-9.0,-1.8,-1.5,-6.7,-8.0,-6.0,-11.8,-5.9,3.2,2.3,-2.6,-1.0,-6.6,2.0,3.5,-3.2,-5.8,-4.1,-0.9,0.8,-0.5,-1.7,1.1
2C7L51CY9H,0,48.105223,11.623917,4441988.53,2778181.06,538.9,584.7,271,7287,2.0,0.89,0.29,32.64,348.97,-0.529,-0.103,0.842,-0.5,0.1,-0.52,0.16,1.4,0.1,-0.3,-0.5,-1.7,-2.1,-1.2,-1.6,-0.3,-1.9,-0.7,-2.1,-1.8,0.1,0.4,-0.8,1.9,-0.2,-1.7,-2.7,-1.3,-2.1,-2.9,-3.3,-2.4,0.2,-4.4,-0.2,-1.1,0.4,4.9,-0.7,-6.6,-15.0,-6.8,-6.2,-2.8,-5.5,-3.1,-2.3,-0.5,-1.5,0.1,-3.3,1.1,0.6,-1.4,-2.0,-3.1,-2.8,-2.0,-2.2,2.1,-0.1,-0.8,-0.3,-0.0,-1.9,-0.5,-1.2,2.3,0.7,0.4,-0.8,0.2,-0.0,-1.8,2.1,1.2,0.4,-1.1,-3.1,-5.2,0.9,-2.1,0.8,-1.4,-0.4,-2.5,-1.7,-3.1,-1.2,-3.0,-2.4,-4.2,-3.2,-3.8,-1.0,-4.9,-2.3,-4.7,-3.4,-8.5,-3.9,-2.6,-4.0,-1.1,-4.0,-1.6,-1.4,-6.9,-3.9,-2.4,-2.9,-4.3,-3.1,-1.7,-3.5,-2.8,-1.9,-2.5,-2.5,-3.0,-1.6,-2.1,-2.7,-2.1,-2.3,-2.2,-3.4,-2.4,-1.1,0.2,-2.0,-0.2,-0.8,-2.8,-1.0,-2.5,5.6,-2.2,-4.2,-3.2,-3.3,-2.0,-2.9,-4.7,-4.4,-3.6,-1.8,-5.6,-1.4,2.1,1.8,2.3,-1.6,-0.7,1.0,0.6,-0.6,-0.0,-1.4,0.3,0.0,-3.6,-0.4,-2.5,-1.6,-1.4,-3.1,-2.7,-0.9,-2.6,-6.1,-2.7,-0.6,-0.2,-3.8,2.3,-1.2,-5.0,-2.3,-4.1,-5.3,-5.1,-4.6,-4.7,1.3,-1.9,-1.5,-0.9,-3.8,-1.9,-2.8,-2.2,-3.7,-5.2,-3.0,-4.9,-3.2,-5.0,-5.1,-5.8,-6.7,-5.2,-7.1,-6.0,-6.9,-5.8,-4.6,-6.6,-3.3,-5.9,-7.5,-4.8,-5.9,-4.9,-2.2,-3.4,-2.7,-3.7
2C7L51CYBX,0,48.106267,11.632048,4442591.68,2778310.42,546.3,592.0,271,7427,4.5,0.64,0.47,32.67,348.97,-0.53,-0.103,0.842,-0.5,0.2,0.54,0.35,0.2,0.3,-0.3,-1.7,-2.3,-0.2,-1.4,-0.3,0.0,0.9,1.0,0.2,-2.8,-2.3,-1.1,-1.6,-0.6,-0.2,-2.0,-1.3,-1.8,-3.3,-4.3,-0.5,1.0,-1.4,4.2,-3.0,-4.2,1.6,0.7,-4.6,-2.4,2.1,0.5,-4.2,-4.8,0.5,-2.5,0.1,-0.6,1.3,-0.4,-0.4,0.2,-1.1,-1.4,-4.6,-4.0,-0.2,-16.4,-0.6,1.4,3.1,-4.7,-4.2,-5.5,-1.6,-2.3,-2.7,-3.7,-0.7,0.8,-4.0,-3.6,-6.1,-7.1,-6.0,8.0,-5.1,3.0,-2.0,-0.6,-1.7,-3.5,-3.3,-1.3,-4.8,-1.3,-0.2,-3.5,-5.5,-3.9,-3.8,3.1,-7.9,-4.1,-10.7,-2.0,-3.0,-0.1,-3.1,-3.7,-9.6,-5.8,-0.8,-10.6,-11.5,1.3,2.3,-7.7,-3.8,-1.9,2.2,0.2,1.5,1.8,1.9,1.9,-0.6,-2.1,1.7,-6.5,0.5,-3.5,-2.2,-3.4,-4.6,-2.4,2.0,-4.7,-2.4,-5.8,-2.4,-4.0,-5.0,-3.8,-3.7,-7.2,-1.3,-5.6,-2.8,-10.9,-5.3,-3.1,7.7,-18.0,-5.8,-4.8,-7.3,-11.0,-3.5,-1.2,-5.8,-11.0,-5.8,2.2,-13.0,-12.7,5.7,-5.8,-3.6,5.4,-5.2,-7.3,6.9,-13.0,1.3,4.4,-5.9,-4.8,-5.3,-0.7,-1.2,-11.2,-5.8,-4.0,-2.7,-4.6,-2.6,1.1,-0.0,2.2,-2.8,-1.1,2.7,-6.3,-5.0,1.3,-3.8,-14.7,6.9,-2.0,-18.2,6.2,7.9,3.4,-10.0,-3.5,-7.3,-3.6,-6.5,-5.9,-1.4,0.6,-0.0,3.8,-0.5,3.3,-10.0,1.7,-3.8,-4.3,-20.0,-0.7,-5.4,-14.2,-7.0,-3.1,4.1,-4.3
2C7L51CYCn,0,48.106797,11.636176,4442897.88,2778376.13,530.3,575.9,271,7505,4.2,0.64,0.45,32.69,348.97,-0.53,-0.103,0.842,-0.9,0.2,-0.36,0.32,1.1,0.3,-0.3,-1.1,-2.0,0.1,-4.4,-3.4,-3.2,3.9,11.2,2.5,4.5,2.0,-5.3,3.2,2.7,3.6,1.8,-1.2,-6.0,2.1,-10.3,-5.0,-6.6,-3.8,4.1,-1.6,-7.9,-10.6,-1.4,-10.8,-6.5,-15.3,9.2,-5.4,-8.4,-3.5,-0.5,-3.3,-0.2,-2.3,5.6,1.5,3.6,-1.5,-0.0,-2.4,-2.7,-2.5,0.4,4.1,5.6,1.3,-0.7,3.2,0.9,5.5,2.7,6.0,4.4,-1.4,-3.6,-2.3,-4.2,-11.2,-4.1,-3.0,4.2,0.7,-2.5,-3.3,0.8,-1.0,-2.1,-8.8,-1.9,-1.5,-5.0,-5.0,-3.1,-0.2,-3.3,-5.9,0.2,-4.8,-3.1,0.7,-2.5,5.7,-4.6,2.6,-2.3,-3.5,-6.7,-5.9,-3.7,-3.6,4.0,0.9,-3.8,6.6,1.8,-1.1,-2.9,-2.1,1.4,5.8,1.5,1.7,-1.9,4.7,0.0,-0.0,-1.3,-3.8,-2.8,-3.5,-5.6,-8.2,-0.5,-13.0,-1.5,-2.0,-0.2,0.0,0.2,-1.2,-1.2,0.5,-0.4,-1.5,-5.6,-1.9,1.4,-0.9,-0.5,-8.0,-6.1,-4.2,-1.0,1.1,3.0,0.1,-3.6,-1.0,6.8,-1.9,-2.6,1.2,-1.0,-6.1,-0.7,-3.6,0.0,-4.5,4.7,-9.5,-1.8,-5.2,1.9,-3.7,0.2,-6.8,-15.1,-16.0,-8.0,-9.9,-2.1,-1.9,-2.7,-1.1,0.6,-7.5,-6.0,-4.7,-4.9,-5.9,-3.8,-3.6,-6.3,-6.6,-1.3,-8.0,-2.9,5.8,-8.8,-3.9,7.7,-4.0,3.2,-3.0,-9.2,-7.0,-2.3,-1.2,-1.6,-9.5,-5.4,0.4,-8.8,-8.0,-3.9,-3.8,-3.8,-6.4,-3.4,-8.6,-6.6,-9.6,-0.3
2C7L51CYCp,0,48.106815,11.636315,4442908.2,2778378.34,531.2,576.9,271,7507,3.2,0.67,0.44,32.69,348.97,-0.53,-0.103,0.842,0.2,0.2,-1.87,0.26,1.6,0.2,-0.3,-0.8,-0.2,-0.3,0.2,-0.4,-0.4,-1.0,1.4,0.5,2.1,1.6,1.0,-0.6,-0.4,-1.0,-0.3,-1.5,-2.7,-2.1,-1.1,-1.3,-1.6,-1.0,1.0,0.8,1.7,0.6,1.2,-0.5,-0.4,3.1,2.8,-1.5,1.1,7.1,6.6,5.3,13.6,6.0,10.7,8.7,10.5,9.7,6.9,9.2,7.3,9.1,9.4,9.8,9.1,6.6,8.7,8.6,8.2,9.0,5.6,10.8,6.7,11.3,8.9,-10.0,10.2,7.0,5.9,7.8,7.0,5.0,6.3,5.4,8.2,7.8,9.0,9.4,9.2,7.4,6.9,6.2,4.3,5.2,2.3,10.3,6.3,8.4,5.6,7.4,4.4,9.1,3.5,3.9,4.0,7.7,1.1,10.1,1.4,2.5,8.0,6.6,5.1,6.5,7.3,3.8,8.4,8.8,14.6,9.5,10.7,8.1,11.5,7.0,8.6,9.3,7.1,9.3,8.8,8.7,18.0,7.1,6.0,7.8,8.0,16.3,0.9,8.7,9.3,10.1,12.3,10.9,4.0,5.0,0.8,4.0,6.7,9.9,4.3,2.3,2.2,7.0,4.9,6.0,12.3,7.8,8.3,5.2,7.0,7.2,2.4,9.3,6.6,8.1,12.1,9.3,5.6,5.8,8.1,6.1,7.5,4.9,3.4,4.2,5.6,4.0,-3.8,4.1,1.3,1.0,-4.7,4.7,7.0,7.8,7.5,8.6,5.2,2.1,6.6,5.4,6.5,7.2,-0.5,-4.0,5.6,6.1,3.3,4.7,5.8,4.3,3.4,5.1,7.0,1.6,2.4,2.9,7.3,6.5,8.4,9.1,8.5,6.5,2.6,6.2,7.0,6.3,3.2,4.0,5.8,6.9,6.7,-5.0,6.1
2C7L51CY8S,0,48.104894,11.621216,4441788.07,2778140.11,549.8,595.5,271,7236,3.0,0.82,0.45,32.59,348.93,-0.529,-0.103,0.843,-0.6,0.1,0.42,0.23,0.6,0.2,-0.3,0.8,3.1,-0.3,-1.5,-1.1,-3.0,-1.7,1.6,-1.4,2.3,-4.5,-0.7,-1.3,-0.2,-1.2,-3.8,-3.2,-2.3,-0.0,-2.6,6.0,-2.3,-1.1,-2.8,5.4,-1.6,3.4,-0.9,1.4,-4.7,9.2,-7.2,-7.6,-7.9,-3.9,-5.1,-3.8,1.5,5.0,-0.7,1.8,1.3,-0.4,-2.1,-6.4,-2.0,0.8,-0.4,-1.5,-4.2,-0.8,-2.9,-4.3,-3.9,-2.4,-5.1,-2.0,-2.9,-2.4,-4.6,-3.9,-4.4,-6.6,-3.4,-4.7,-2.8,-4.3,-8.6,-2.3,-1.0,-4.3,-3.8,-2.7,-3.8,-4.1,-2.9,-1.2,-3.0,-3.7,-3.2,-1.7,-2.8,-1.1,-1.2,-1.4,-3.6,-2.1,-6.6,-4.9,-3.5,-3.0,-3.7,-3.3,-1.7,-2.1,0.4,-6.1,-5.9,-0.2,-4.2,-3.8,-3.3,-3.0,-2.7,-4.5,-2.2,-3.9,-2.1,-6.5,-5.0,-3.6,-4.5,-7.2,-5.0,-6.2,-4.2,-5.4,-5.6,-3.5,-5.1,14.4,-3.3,-1.6,-5.9,-5.5,-3.5,-4.6,-3.5,-9.4,-4.0,-2.9,1.8,-5.8,-3.5,-7.2,0.1,-6.2,-1.3,5.0,-1.0,-3.2,-1.6,-2.6,-2.8,-2.8,-3.5,-10.1,-3.3,-3.0,-7.3,-6.7,-3.5,-3.2,-5.9,-8.2,-4.8,-4.5,-2.9,-0.4,-0.6,0.0,-3.6,0.6,-1.1,-7.0,-0.7,-4.7,-3.8,1.6,6.6,0.8,-4.4,-1.4,-5.6,-7.0,-5.9,-4.7,-3.1,-1.7,-2.5,-5.2,-2.2,-11.0,-1.5,-2.8,-5.7,-3.7,-2.8,-4.9,-4.1,-5.8,-4.8,-4.4,-8.5,-4.9,-2.8,-7.9,-9.4,-5.8,-5.9,-6.5,0.9,-2.8,-4.5,-3.0,-3.3,-5.9,-3.9
2C7L51CY97,0,48.105169,11.623349,4441946.36,2778174.08,538.7,584.4,271,7277,2.7,0.84,0.39,32.63,348.97,-0.529,-0.103,0.842,-0.5,0.1,0.18,0.21,0.1,0.2,-0.3,-1.0,-1.4,0.1,-0.3,2.6,0.9,-0.5,2.4,1.2,-3.0,2.8,0.8,1.7,-2.1,0.8,1.3,0.9,1.8,-1.5,-3.1,-3.9,-4.3,-1.3,-3.4,-5.4,-3.0,0.6,-1.8,1.4,-5.6,7.9,-6.7,-4.9,-9.0,-5.9,-2.5,-0.1,-3.6,-2.2,-0.2,3.3,-3.6,2.0,2.9,-1.8,-2.4,-0.6,-2.3,-3.0,-0.4,1.9,-1.4,-0.7,-1.0,1.6,-2.2,0.6,-0.5,-1.4,-3.4,-1.2,-0.0,-1.1,1.0,-3.5,-0.7,-5.5,0.8,-2.7,-3.2,-1.8,-1.4,-1.5,-0.6,-0.6,-1.1,-1.8,-2.9,-1.6,-0.8,-1.1,-0.2,-3.8,-2.9,-1.1,3.0,1.5,-4.4,-6.1,-5.3,-5.5,-3.2,-4.6,-0.6,-3.1,2.4,-2.8,-7.8,-4.1,0.3,-0.4,0.4,-0.1,-0.5,-4.0,1.7,0.1,-7.1,-5.9,-9.0,-2.1,-3.0,-6.7,-4.8,-3.8,-2.4,-1.7,-3.0,-5.1,-0.9,-4.6,-2.6,-3.7,-1.5,-0.7,1.4,-1.8,-1.3,-3.8,0.1,-2.3,-0.2,-1.3,-0.7,-2.1,-6.9,-2.0,-2.7,1.0,0.5,-0.2,-0.0,-1.1,-1.7,-1.5,-3.5,-0.0,0.7,-2.6,-6.0,-3.6,-3.5,-4.4,-1.6,-1.6,-0.6,-1.8,-0.9,-1.1,-1.9,-3.4,-4.0,-3.1,-1.0,-1.7,1.7,-2.8,-4.1,-0.4,-0.2,-2.9,-2.4,-2.2,-6.1,-6.8,-4.9,-4.5,-4.3,-2.9,1.0,-1.4,-3.9,-5.0,-2.2,-5.5,-5.6,-4.9,3.6,-5.5,-7.0,-7.6,-2.8,1.3,-3.1,8.5,-4.8,-0.3,-4.7,-3.3,-13.2,0.6,0.6,-3.2,-1.7,-0.8,-3.1,-7.1,-5.7
2C7L51CY9K,0,48.105249,11.623976,4441992.86,2778184.07,532.5,578.2,271,7290,4.0,0.61,0.46,32.64,348.97,-0.529,-0.103,0.842,-0.1,0.2,-0.7,0.31,2.9,0.3,-0.3,-0.7,1.4,-4.8,2.7,0.9,-2.7,-1.4,-0.6,1.6,2.7,1.3,2.2,1.1,2.7,0.5,-2.5,-3.1,-2.2,-5.0,-2.6,-4.9,-4.8,1.2,-7.7,-2.5,-1.8,1.3,5.5,-9.4,-13.4,5.0,-6.1,-9.8,-7.3,-8.8,0.3,0.1,-6.2,-2.8,-2.5,-0.3,-2.5,1.3,6.0,-2.0,0.1,-11.1,0.6,0.6,-2.9,5.0,-0.1,-6.6,-4.3,-2.6,-0.8,-0.8,-0.4,-3.2,-3.8,-4.8,0.9,-3.8,-2.7,5.6,14.4,-11.0,-0.7,-11.0,-0.9,1.4,2.7,-10.9,3.3,-0.8,-3.5,-0.8,2.1,-1.3,3.9,0.6,0.6,-1.9,-2.6,-1.4,-3.3,-6.2,-7.1,-8.0,-11.1,-8.5,-9.0,-5.7,1.2,-5.3,0.3,-6.7,-5.5,-3.0,-6.8,-4.9,0.7,-2.1,-0.0,-0.5,-1.0,-0.4,-4.2,-0.1,1.4,1.2,-2.1,0.6,3.6,5.5,8.6,8.2,3.4,7.9,2.0,8.3,1.0,10.1,1.8,2.6,1.8,1.2,3.4,-1.0,-2.6,-4.9,-1.8,-7.7,-3.9,-4.0,-7.4,-6.1,-5.8,-0.2,2.5,-2.9,-2.0,-0.9,1.1,-2.2,2.3,-1.0,-5.3,-1.4,5.9,0.9,0.4,2.5,0.8,2.2,3.7,1.6,2.6,2.5,-2.3,-3.6,-5.7,-1.3,-4.0,-3.5,-1.8,-3.0,-8.8,-4.4,-4.7,-5.2,-6.4,-4.5,0.1,-11.5,-5.1,1.8,-5.6,9.4,-0.5,-0.2,-3.7,-3.9,14.1,3.2,-4.8,-2.9,-6.8,-4.0,-3.9,-8.9,-3.9,-8.4,-7.4,-8.0,1.8,-5.5,-0.3,-6.3,-7.9,-2.7,0.7,-0.7,-3.8,5.7,1.5,-4.9,-2.6
2C7L51CYBV,0,48.106295,11.632126,4442597.4,2778313.7,554.3,600.0,271,7425,2.7,0.84,0.41,32.67,348.97,-0.53,-0.103,0.842,-0.9,0.1,-0.11,0.21,0.5,0.2,-0.3,-0.1,-2.2,0.5,-1.4,-1.3,-11.4,1.0,4.1,2.5,-0.4,0.7,3.3,2.6,-0.7,2.2,0.3,-0.6,4.1,-0.0,2.1,-1.0,-0.7,-3.5,3.4,2.0,-0.6,-0.5,6.7,-0.8,-1.9,-1.1,-6.8,-3.0,-0.9,0.6,0.4,0.9,0.2,-2.9,-1.2,-3.1,2.7,-3.5,1.2,-3.3,-0.5,1.6,-0.3,1.4,2.6,0.1,0.3,-0.2,-2.6,-1.9,-2.9,-0.7,1.0,1.2,-0.3,-1.1,-2.4,-2.1,-1.4,-1.1,-1.3,1.8,2.7,-1.7,-0.8,1.1,-0.7,-0.8,-2.0,0.0,-2.9,-3.7,0.6,-1.7,-2.3,4.8,-2.3,-3.9,-1.9,-4.4,-1.3,-4.2,-0.3,1.0,-4.4,-4.0,-2.5,-0.2,-2.4,2.3,2.1,1.4,0.7,1.3,0.8,-0.8,-1.2,-2.7,5.5,0.3,2.0,-1.1,-0.4,4.8,3.9,-0.3,-1.8,-7.4,1.5,0.5,-1.8,-0.6,-1.4,0.5,1.0,0.1,-0.8,-0.8,-1.4,0.4,0.9,3.2,-1.3,-0.5,-2.2,-6.8,-4.1,-2.3,-1.1,-1.7,-4.4,-9.0,-2.3,0.1,0.7,0.0,-4.7,-1.7,-2.6,-1.7,-3.8,-4.1,-2.7,-1.1,-4.6,-1.1,-0.2,-3.6,-3.1,-2.1,-3.9,-2.6,-3.9,-0.9,-1.6,-6.0,-11.1,-6.1,-9.5,-1.5,1.0,-1.3,1.4,0.2,1.0,-3.9,-3.5,-7.0,-2.4,-3.5,-1.4,-2.8,-6.7,-5.6,-1.1,-2.9,0.1,-5.7,-4.1,-0.0,-0.2,-8.4,-1.0,-3.3,-6.2,-9.0,-3.1,-4.6,-4.5,-1.3,-4.8,-3.1,-6.6,-8.7,-1.9,-6.1,-4.2,-6.6,-5.0,-1.7,-2.0,9.2,-5.9
2C7L51CYC8,0,48.106562,11.634198,4442751.17,2778346.69,547.8,593.5,271,7464,2.5,0.84,0.4,32.68,348.97,-0.53,-0.103,0.842,-0.0,0.1,-0.98,0.2,0.5,0.2,-0.3,-1.8,4.4,-1.3,-0.5,-3.0,-3.0,-0.2,-8.5,-2.2,0.1,0.6,-9.4,1.2,-4.5,1.6,5.1,0.6,3.1,-0.9,-0.7,0.8,1.1,1.1,3.9,4.4,-0.5,2.5,2.1,-1.9,-4.5,2.1,-3.4,-4.0,-1.3,-1.1,-1.8,-0.7,0.5,4.0,1.3,1.2,2.4,0.8,1.2,-0.8,0.9,2.8,4.6,3.8,1.9,-1.5,-3.3,-3.5,1.8,0.9,2.1,0.3,1.1,0.2,0.8,-0.3,1.4,-1.3,-1.8,-1.0,1.0,1.0,1.3,0.0,1.1,0.6,1.8,1.2,-0.3,2.0,-0.3,2.2,-1.2,1.0,-1.3,0.3,0.1,-0.3,-0.7,-0.3,1.7,-0.7,-1.0,-1.4,-4.7,-6.0,-0.3,-1.3,-2.2,-0.9,1.6,0.6,-0.5,-0.5,-2.3,0.5,0.8,1.3,0.3,-0.6,-1.9,1.5,2.7,-0.4,-1.0,3.6,4.7,1.7,1.6,1.1,1.1,3.8,1.0,1.8,13.2,0.1,1.0,2.7,3.0,2.0,-0.7,-0.6,-0.5,-1.8,-2.1,1.6,3.4,-1.7,3.0,-0.3,3.4,-0.4,-0.7,5.2,9.9,3.2,3.4,3.4,-0.2,4.7,4.0,2.7,2.4,1.9,1.5,3.4,4.5,3.3,2.9,3.3,1.7,2.7,4.2,0.9,3.5,1.2,-5.4,-0.7,-3.3,0.1,1.3,2.7,0.4,0.4,1.2,3.9,1.9,-4.7,1.4,-0.1,0.3,-3.7,-1.0,-2.3,-0.9,-0.4,1.2,0.4,-3.1,-2.1,2.2,1.3,0.8,-0.7,7.7,-2.6,-2.7,-0.2,-0.1,3.0,-2.7,-3.7,-1.9,-3.3,0.1,0.2,-0.3,-1.6,-0.2,-2.6,0.6,-5.7,-6.6
2C7L51CYCq,0,48.106844,11.636395,4442914.12,2778381.68,532.6,578.3,271,7508,2.4,0.87,0.36,32.69,348.97,-0.53,-0.103,0.842,-0.5,0.1,0.14,0.19,0.6,0.2,-0.3,-1.0,-2.3,-0.3,-0.2,-1.5,-3.2,-1.1,-2.0,-0.3,-1.2,-0.7,-2.0,-0.4,-2.3,-0.6,0.8,-2.6,-0.5,0.1,-1.1,-0.4,0.8,-2.3,2.3,2.0,1.6,0.8,1.0,-0.5,3.3,7.6,2.4,-3.8,-6.7,2.2,1.8,-0.9,14.8,1.1,4.7,-1.2,-0.4,0.7,0.6,0.6,-0.7,-1.0,-4.6,2.9,-0.4,1.0,-1.4,-0.3,0.6,-0.5,-2.5,-0.1,1.2,0.0,-1.1,-7.5,-0.6,-0.1,-1.4,-2.1,0.3,-1.6,2.2,-1.7,-2.9,-0.1,0.9,-0.1,-3.3,-1.2,1.6,-0.6,0.7,-2.3,-3.6,-7.0,-1.1,-0.5,0.1,-1.5,-0.7,2.1,-1.2,-1.4,-4.1,-8.6,-5.1,-2.7,-5.5,-3.1,0.8,-1.0,-1.8,-0.8,-0.8,-1.6,0.1,1.6,-0.3,0.6,-2.3,1.5,-6.1,-1.4,-0.1,1.3,1.3,-0.0,-1.6,-0.6,-2.1,-2.7,-2.0,-0.6,-2.9,-3.5,-2.2,-0.4,-4.0,-3.3,-1.1,-1.6,0.9,-2.6,-4.5,-0.1,3.9,-0.5,-1.7,-2.6,-4.9,-3.1,-2.8,2.7,2.8,0.8,-1.8,-2.8,-3.3,-1.6,-1.2,0.5,-1.3,-1.7,-0.8,0.2,0.5,-2.4,-0.1,-2.0,0.9,-0.8,-0.3,0.3,-0.6,-0.5,-7.2,-4.4,-3.2,-2.9,-5.5,1.7,1.8,-2.5,-3.3,-0.2,-4.1,-3.8,1.3,-3.6,-4.2,-4.2,-4.0,-1.7,-1.6,-3.4,0.3,-1.5,-1.7,-2.5,-1.9,-4.5,1.3,-3.2,-5.2,-4.1,-5.7,-3.6,0.9,2.8,0.3,0.4,-1.4,-0.5,1.4,-3.1,-3.1,-3.9,-2.2,-3.9,-2.5,-5.4,-3.0
2C7L51CYCw,0,48.106883,11.636704,4442937.05,2778386.6,531.9,577.6,271,7514,2.9,0.74,0.33,32.69,348.97,-0.53,-0.103,0.842,-1.5,0.2,1.59,0.23,1.4,0.2,-0.3,0.6,-0.5,-0.8,2.0,-1.6,4.0,1.1,-0.8,1.0,-17.4,-1.6,5.6,3.3,0.3,3.8,4.1,1.0,2.8,0.8,3.5,-3.0,-0.9,-1.4,3.7,0.7,1.0,-0.2,2.8,-2.6,-12.9,-6.0,-17.3,-14.6,-10.6,-7.2,-8.2,-5.0,-6.6,-7.7,-7.4,-8.2,-8.2,-9.4,-9.4,-8.4,-8.0,-9.3,-9.9,-9.2,-8.6,-8.3,-8.3,-9.0,-9.2,-10.2,-9.8,-8.0,-10.6,-10.6,-9.6,-10.3,-7.2,-8.1,-9.0,-6.5,-5.9,-9.0,-9.3,-8.0,-6.5,-8.4,-8.3,-6.2,-5.9,-8.5,-5.6,-7.5,-3.6,-7.1,-8.7,-12.1,-10.2,-10.0,-6.7,-10.6,-7.2,-5.9,-8.1,-8.9,-9.1,-6.2,-10.5,-11.4,-10.3,-11.0,-7.1,-10.4,-9.7,-5.3,-5.9,-10.9,-10.4,-11.5,-5.4,-8.4,-8.9,-7.5,-8.7,-8.5,-8.7,-7.9,-10.1,-11.1,-9.6,-9.3,-9.9,-10.1,-8.7,-7.7,-11.6,-9.1,-8.4,-8.6,-8.5,-6.8,-7.4,-8.6,-9.3,-6.8,-15.4,-9.6,-8.4,-9.2,-7.8,-12.1,-7.3,-9.9,-18.2,-10.6,-10.3,-12.5,-11.3,-14.0,-12.9,-11.5,-11.4,-9.7,-8.7,-9.4,-7.9,-10.9,-9.4,-9.5,-9.3,-8.2,-8.6,-10.5,-10.4,-11.6,-8.2,-9.3,-18.3,-13.8,-13.8,-13.5,-9.8,-7.8,-7.0,-8.4,-11.8,-9.0,-10.7,-13.3,-8.2,-10.0,-12.9,-11.0,-11.3,-6.4,-9.1,-8.9,-9.7,-7.6,-11.3,-10.2,-9.0,-11.3,-8.2,-10.9,-13.6,-13.2,-11.0,-9.0,-9.2,-9.5,-10.7,-8.7,-13.1,-11.7,-10.6,-13.4,-14.6,-11.9,-11.6,-11.8,-10.9,-10.5,-10.0
2C7L51CY9Y,0,48.105384,11.624881,4442059.94,2778200.52,537.4,583.1,271,7304,3.2,0.74,0.47,32.64,348.97,-0.529,-0.103,0.842,1.1,0.2,-1.37,0.25,1.4,0.2,-0.3,2.1,-2.0,0.5,-1.1,-6.4,-0.1,0.7,-0.1,-0.5,4.1,0.6,-3.5,-9.8,2.3,1.7,0.5,-1.4,3.2,0.1,-1.6,-2.6,-1.9,-0.5,-1.4,4.2,-1.1,-1.3,1.8,-0.9,-0.6,-4.5,2.2,1.1,1.7,-1.5,-0.5,4.0,3.4,1.4,2.7,1.8,-6.4,4.4,1.8,1.8,-0.5,0.5,-1.4,-0.9,2.9,3.2,1.2,3.7,0.9,1.4,0.5,0.7,-1.7,1.3,-2.0,2.5,3.2,0.3,5.4,8.5,3.2,2.7,1.7,-8.1,-2.4,-6.1,1.9,6.2,4.3,-0.5,0.6,1.7,5.5,1.3,-1.6,3.4,0.2,0.3,2.3,0.5,-1.1,-0.7,-3.1,1.6,-1.5,6.8,6.2,3.4,0.6,4.2,0.3,6.8,2.6,0.9,5.3,11.5,3.5,5.5,2.0,0.4,5.7,4.8,0.9,1.3,0.9,-2.9,5.5,2.2,9.2,6.8,3.3,12.5,15.5,0.3,7.2,3.6,16.2,6.0,1.4,2.3,4.9,6.8,2.0,1.9,2.7,0.1,2.5,5.6,4.1,2.6,4.9,-0.3,3.4,7.0,9.8,7.4,0.9,3.1,3.5,6.4,8.1,12.1,9.3,9.8,9.0,11.3,6.8,5.9,10.9,7.2,8.7,5.4,4.2,3.9,5.2,5.5,4.0,1.5,1.1,3.9,2.6,5.6,1.7,1.6,3.6,4.2,5.1,-2.8,4.9,8.2,13.3,6.7,7.1,-1.4,5.2,6.1,7.5,5.1,1.6,5.5,4.3,-2.5,4.7,-0.4,0.6,0.3,2.1,1.3,1.6,1.9,0.1,4.5,4.7,3.4,4.1,1.4,3.1,2.6,2.2,13.4,5.6,7.1,3.1
2C7L51CpC3,0,48.105186,11.623201,4441935.28,2778175.83,548.9,594.6,272,7271,4.6,0.65,0.51,32.6,348.93,-0.529,-0.103,0.842,-0.6,0.2,0.07,0.35,1.1,0.3,-0.3,-1.3,0.9,0.4,-0.4,-1.3,2.2,-4.3,-1.2,-4.7,0.4,-1.4,2.2,-1.9,-1.5,4.1,-14.0,0.8,2.7,5.1,2.2,-3.0,-2.0,-0.4,-9.1,1.1,5.9,5.9,-6.9,1.0,-14.4,-13.6,-5.4,0.9,3.7,-4.4,-17.0,5.5,-1.2,3.0,2.4,2.7,-0.6,6.9,-1.4,4.3,5.3,-4.1,-3.8,3.8,6.9,3.7,3.0,3.7,5.7,1.1,3.4,-1.3,2.6,2.9,4.4,3.8,-10.0,6.7,0.9,4.1,-0.6,2.2,-1.6,-0.2,-4.7,0.1,-17.5,0.8,-3.6,5.8,4.6,-3.4,-2.9,-4.7,1.5,-1.7,0.1,-3.4,-4.2,1.6,-0.2,-1.9,1.8,2.3,-6.1,6.1,-5.2,-4.9,-0.3,-0.7,4.7,1.7,0.7,1.1,-11.9,1.8,2.2,-2.4,4.1,-14.8,1.3,-1.5,-0.8,2.6,-7.3,-3.0,-0.3,-5.3,2.7,-5.3,-5.3,5.7,0.6,-1.7,-4.9,-0.8,-0.9,2.4,-0.7,1.6,-0.2,-1.4,-3.4,-7.9,5.4,-4.7,-10.9,-8.0,-2.8,-0.2,-3.4,-4.1,-5.2,-3.4,2.5,-6.4,6.6,-1.5,-1.0,6.2,-1.9,-18.8,-1.6,0.0,-0.8,1.6,2.6,-1.1,-0.7,-2.7,-2.5,0.8,-1.8,-1.8,-0.7,-5.9,-0.5,-0.3,-5.7,-2.9,-13.2,-3.3,-1.4,3.1,-0.2,-7.2,-2.3,0.1,-4.0,-2.7,-8.4,-4.4,-3.9,-4.6,-1.8,-3.3,-3.2,1.1,-3.2,-3.0,0.8,-2.1,0.4,-5.4,-4.3,-6.9,-1.8,-16.8,-4.9,-5.4,3.6,0.5,-1.4,-2.5,0.7,-4.6,-3.7,5.4,2.7,-2.8,-0.3,-1.7,-5.9
2C7L51CpC8,0,48.105189,11.623218,4441936.54,2778176.13,535.6,581.3,272,7276,2.0,0.92,0.27,32.6,348.93,-0.529,-0.103,0.842,-0.5,0.1,-0.5,0.15,0.4,0.1,-0.3,-0.9,0.4,0.2,1.7,1.5,0.9,-0.0,1.5,-0.3,2.6,1.0,0.3,-0.2,0.4,-1.2,-2.4,-0.3,0.4,-0.8,-1.2,-1.0,-3.4,1.1,-3.5,-2.0,0.7,1.5,3.9,0.8,-6.2,-16.4,-5.8,-4.8,-6.0,-3.6,-4.0,-1.8,1.0,1.5,-1.0,1.8,0.9,1.4,0.7,0.4,2.9,2.0,0.2,-0.5,0.3,1.5,-0.4,-1.3,-2.0,-0.9,-0.9,-0.5,-0.3,-1.0,-1.7,0.3,-0.2,1.1,-0.1,-0.0,-0.3,-0.8,-0.9,-2.1,-2.4,-0.4,-1.4,-0.5,1.2,-1.7,-0.5,-2.3,-0.6,-1.1,-0.1,-1.1,-1.5,-0.1,-1.3,0.3,1.6,1.8,-2.1,-1.6,-2.0,-3.4,-0.5,-1.5,0.8,-1.7,4.0,0.2,-2.4,-1.0,0.8,-0.3,0.4,0.4,1.5,-1.9,-2.2,0.7,0.2,-1.3,-2.2,-3.2,-0.8,-2.1,-0.9,-1.6,-1.8,-2.1,-3.0,-0.1,1.0,-0.9,-0.6,3.9,-0.7,-1.5,-0.8,-0.1,-2.6,-2.5,0.7,-1.1,-0.7,1.0,-0.7,-1.5,-2.6,0.2,-3.6,-1.7,0.9,-0.9,1.5,0.3,-0.6,0.0,-2.1,1.3,-0.6,-0.7,0.9,-2.3,-2.3,-0.7,-3.9,-0.8,-0.3,-0.9,-0.9,-0.1,-0.3,-0.8,-3.0,-2.6,1.2,0.6,4.7,-0.6,-4.6,0.3,-1.3,-2.1,-3.8,-4.2,-5.5,-3.7,-1.8,-2.5,-2.6,-2.0,-0.1,-0.5,-2.4,-2.5,-2.5,-1.6,-3.7,-4.0,-3.7,-2.4,-3.0,-3.5,-2.6,-5.0,-4.5,-5.4,-3.0,-1.9,-3.5,-4.1,-4.1,-2.5,-1.0,-3.6,-4.8,-3.5,-4.0,-3.5,-3.6
2C7L51CpCZ,0,48.105398,11.624848,4442057.45,2778202.05,540.0,585.7,272,7303,4.0,0.69,0.46,32.64,348.97,-0.529,-0.103,0.842,-0.5,0.2,-0.09,0.31,1.7,0.3,-0.3,1.4,-2.4,-3.7,-0.8,-1.5,7.1,-0.3,0.4,-1.3,5.3,4.0,3.7,-1.2,-1.3,-8.2,-9.0,-7.0,2.4,-5.1,-8.3,0.6,0.1,1.8,-2.8,3.4,-2.7,1.0,3.8,-1.6,-2.8,-15.4,-3.8,-7.6,-2.7,-4.0,-1.6,1.9,0.7,1.9,3.8,-1.9,-2.9,4.3,-1.4,-2.9,-2.2,6.3,-3.2,-1.5,1.5,-0.9,-4.3,-3.1,-1.6,-1.0,1.5,1.1,0.5,-0.5,2.9,0.8,2.0,4.6,1.6,-15.8,-1.8,-0.2,-1.9,-2.6,-2.7,0.5,-0.7,7.0,5.0,1.8,-9.5,1.4,1.1,-0.5,-7.7,-2.3,-10.3,-2.5,2.0,-3.0,-5.0,-3.4,-2.5,-3.9,-2.3,-0.6,-3.7,-1.1,3.8,-1.5,-1.1,-0.8,-1.7,-0.8,-2.3,-1.5,-4.2,-1.3,0.1,3.1,-3.9,-1.9,-4.7,-0.5,-1.3,-0.1,-0.3,-1.8,-1.8,-3.3,-0.4,6.9,2.0,-1.6,-2.2,2.5,3.7,0.4,-0.5,-1.6,-1.6,0.2,-1.6,-4.3,-16.1,-2.3,-1.2,-2.1,-0.5,-2.6,4.8,-10.0,-8.3,-2.9,4.3,-3.5,2.2,-1.4,-4.1,-2.0,-2.0,10.9,-0.6,-1.3,-1.6,2.9,-2.7,2.3,-1.6,-0.6,-2.9,-4.4,-4.0,-5.5,-0.4,-2.6,-6.5,-3.5,-8.0,-4.3,4.3,-7.5,-10.0,-6.6,-6.5,-7.0,-7.1,-3.1,-5.6,-6.6,6.4,-4.9,-1.6,-16.0,2.1,3.0,2.6,-0.2,-1.2,-1.0,6.1,-1.9,5.3,-18.9,-2.3,-3.4,-4.8,-6.6,-6.6,-6.9,-5.9,-6.3,-6.9,-5.0,-1.0,-2.5,0.2,-2.6,-0.5,2.1,2.7,-0.8,-0.7
2C7L51CpEl,0,48.106439,11.632952,4442658.63,2778330.97,556.6,602.2,272,7439,2.5,0.86,0.34,32.68,348.97,-0.53,-0.103,0.842,-0.3,0.1,-0.01,0.19,0.8,0.2,-0.3,-1.0,1.1,3.1,1.4,0.2,3.5,0.6,1.9,1.9,-5.2,3.0,-2.2,1.6,0.9,3.8,3.6,3.3,5.6,-1.0,-1.8,-5.4,-1.5,1.2,2.4,3.4,2.0,0.8,-0.9,-0.5,2.5,-2.1,-5.7,-2.5,-2.7,1.4,0.4,1.5,1.5,2.8,1.3,3.0,-2.0,-2.0,0.8,1.7,1.1,2.4,0.9,0.5,2.8,1.8,4.4,3.9,3.2,3.6,0.7,3.0,1.3,2.3,2.2,0.4,3.9,0.2,1.3,2.0,1.7,1.4,5.4,3.5,4.3,7.1,3.1,0.5,3.0,0.7,2.3,2.4,1.0,1.0,0.5,0.2,0.2,0.2,-1.1,1.2,0.3,1.5,3.4,1.6,0.9,1.3,-0.2,-2.4,1.3,1.2,-2.1,-0.2,2.4,-0.1,2.7,1.9,3.2,5.0,3.0,2.0,2.4,1.9,0.8,2.0,0.6,0.0,0.2,0.2,-0.5,0.0,0.2,-1.3,-0.6,0.4,-0.5,-1.2,1.8,1.0,1.3,1.7,2.3,-0.4,0.6,0.8,-1.9,2.6,2.2,-1.5,-1.3,0.2,-2.3,-0.4,-3.8,1.2,2.7,-4.0,-1.9,0.3,-1.2,2.6,1.3,-1.0,1.3,1.7,1.9,6.7,4.8,-0.4,0.4,0.7,2.8,1.0,1.7,2.1,2.7,3.6,-2.9,1.3,-2.4,-1.4,0.0,1.1,1.9,-1.2,-0.7,-2.4,-2.2,-10.8,-7.3,-9.1,-5.8,-2.1,1.2,-13.8,3.3,2.0,2.2,-0.5,1.9,3.1,0.2,-0.3,0.8,1.7,-1.0,-1.5,5.2,1.9,4.1,-1.7,0.0,0.7,2.3,0.7,4.6,-1.8,-0.3,2.0,0.8,1.6,0.9,0.2,0.6
2C7L51CpEi,0,48.106392,11.632442,4442620.75,2778324.94,539.7,585.4,272,7436,3.9,0.61,0.5,32.67,348.97,-0.53,-0.103,0.842,-1.0,0.2,-0.3,0.3,3.2,0.3,-0.3,0.1,0.1,0.7,1.1,0.4,3.8,3.0,2.4,1.6,-10.2,3.6,4.5,2.8,1.3,2.9,1.2,-1.0,-1.3,-8.4,-14.8,-13.3,-12.9,-0.4,-9.5,-5.8,-6.2,-7.2,-12.0,-6.8,-0.1,-10.7,-7.6,-9.2,-6.4,-3.8,-4.2,-4.0,-2.8,-2.2,-3.6,-3.4,-1.5,-5.7,-6.5,-7.7,-5.2,-9.1,-5.3,-4.6,-5.3,-3.2,-0.9,-1.5,-1.9,-2.3,-3.9,-2.8,-0.6,-2.3,-2.0,-0.4,-2.1,-1.4,-0.1,-7.6,-9.5,-0.5,-0.6,-1.2,-0.8,-2.6,1.8,-1.4,2.7,-2.4,-1.6,-1.7,-2.4,-6.8,-2.5,-5.4,-8.5,-9.7,6.7,-0.8,-15.5,-12.0,7.4,6.0,-14.5,-4.8,-8.9,-16.5,-6.3,-9.6,-12.9,-18.3,-7.9,-13.7,0.7,-5.3,-2.7,-2.1,1.8,-6.5,-1.6,-3.8,-1.7,-5.6,-2.5,-1.5,-3.1,-2.1,-2.0,-0.6,-2.4,-2.4,-2.7,-1.0,0.1,-1.7,-0.8,-2.2,-0.6,1.2,0.5,-1.5,-4.8,-8.3,-13.5,-7.2,-2.2,-16.2,-4.7,-7.3,-4.3,-4.4,-8.2,-2.9,-3.9,-4.2,-6.2,-4.0,-3.1,-2.7,-4.0,-3.6,-3.2,-2.2,-3.9,-2.7,-3.3,-3.5,-2.4,-2.7,-2.3,-2.9,-3.0,-8.4,-0.3,-10.7,-16.5,-8.1,-9.4,-9.9,-10.0,-6.1,-8.1,-10.1,-8.2,-7.4,-11.1,-12.5,0.3,-8.4,-4.5,-3.5,-1.8,-9.7,-5.6,-4.5,-5.2,-6.4,-8.8,-5.3,-7.4,-4.8,5.0,-7.2,-7.1,-16.8,-13.1,-15.3,-12.5,-11.0,-2.0,-5.9,-10.8,-11.2,-6.4,-9.3,-8.2,-7.0,-8.3,-6.0,-5.1,-4.6,-3.8
2C7L51CpFF,0,48.106612,11.634154,4442747.76,2778352.2,532.9,578.6,272,7469,2.8,0.64,0.49,32.68,348.97,-0.53,-0.103,0.842,-0.7,0.1,-0.35,0.21,4.4,0.2,-0.3,-0.3,-0.4,-0.6,0.8,-2.9,-3.2,1.0,-0.7,0.7,-0.9,1.8,-1.1,1.0,1.5,-1.4,-1.0,-4.3,-4.0,-2.3,-5.5,-6.5,-3.1,-5.6,-6.1,-4.3,-8.8,-6.5,-5.2,-18.0,-8.8,-8.4,-11.4,-13.5,-5.9,-6.0,-2.1,-1.0,-10.3,-4.1,-2.1,-2.8,-4.8,-7.3,-7.3,-4.4,-5.4,-4.5,-4.0,-3.8,-4.4,-2.3,-1.9,-2.2,-2.1,-2.1,-1.5,-0.5,-3.4,-2.1,-2.3,-2.9,-2.2,-2.3,-2.3,-2.1,-4.1,-2.5,2.3,-1.3,-0.4,-1.3,-1.2,-1.5,-1.4,-3.8,-2.2,-1.8,-2.6,-1.8,-2.5,-0.1,-5.0,-6.1,-4.4,-2.2,-8.8,-2.0,-1.2,-10.7,-11.2,-9.9,-11.5,-13.8,-13.8,-12.4,-10.4,-0.6,-14.2,-16.2,-7.6,-12.1,-10.6,-7.1,-8.2,-6.6,-6.1,-4.4,-7.6,-9.5,-4.3,-3.4,-1.0,-1.5,-0.9,1.1,-1.0,-2.5,-1.1,0.3,-1.6,-1.9,-1.7,0.5,0.3,-1.7,-0.4,-1.0,-9.4,-3.3,-5.1,-5.3,-6.9,-8.2,-8.7,-9.3,-8.9,-9.6,-6.7,-6.0,0.5,-3.6,-7.7,-3.7,-2.5,-3.2,-1.7,0.3,-0.9,-0.5,-0.2,-1.6,2.6,0.3,0.0,-1.7,-0.5,-1.8,-0.6,-3.4,-9.7,-9.8,-13.6,-11.3,-12.5,-11.6,-11.5,-9.1,-6.4,-6.8,-8.5,-8.1,-12.0,-13.3,-9.8,-8.6,-4.0,-1.7,-2.9,0.2,-1.3,1.6,-2.4,-5.3,-3.2,-1.9,-4.1,-8.0,-15.9,-7.3,-8.0,-10.6,-10.2,-12.4,-6.5,-14.8,-8.4,-13.8,-5.7,-11.7,-9.9,-11.9,-9.3,-5.9,-3.2,-5.2,-3.3,-5.3,0.1
2C7L51CpEM,0,48.106288,11.631487,4442549.89,2778311.78,556.3,602.0,272,7414,4.2,0.65,0.53,32.67,348.97,-0.53,-0.103,0.842,-1.8,0.2,0.16,0.32,1.6,0.3,-0.3,-0.4,-0.3,-3.4,-2.1,-2.3,0.9,-2.5,-4.8,-3.0,3.1,-3.7,-0.3,-6.5,-0.2,-2.8,-4.7,-0.0,-8.4,1.1,-0.4,-4.4,-1.5,1.3,7.5,-1.6,5.2,-1.2,1.1,-2.0,-1.4,3.8,-0.5,-3.7,-9.1,-3.3,-0.6,9.1,7.8,8.0,1.4,7.0,3.4,4.8,7.5,-6.1,-7.5,1.7,-2.6,-4.3,-0.5,-2.9,-4.7,-3.1,1.0,-1.7,-1.3,-2.1,-3.5,-2.6,-4.9,-5.4,-2.9,-5.8,-5.8,-2.2,-2.7,-3.6,-4.3,-5.6,-4.6,-3.0,-4.2,-4.4,-3.8,-3.7,-6.3,-3.9,-7.4,-9.2,-11.3,-9.3,-8.6,-8.7,-4.3,-5.3,-8.8,-5.7,-5.0,-6.0,-8.6,-12.6,-2.4,-5.9,-2.9,-5.8,-4.3,0.1,-3.4,-5.6,-2.3,-0.7,1.4,3.3,1.0,2.4,-9.3,-3.0,-2.8,-1.6,-2.4,-7.3,-2.5,-1.1,-1.6,-1.5,-3.1,-2.6,-3.5,-3.1,-1.3,-3.1,-1.5,-2.1,-3.1,2.6,-4.2,-1.2,-10.2,-8.5,-19.9,-0.4,4.8,5.1,2.5,1.7,-3.2,5.8,-6.7,-5.2,-17.1,-1.7,1.2,-4.8,-13.1,-3.4,-3.8,-4.5,-7.4,-9.6,-4.6,-7.3,-4.2,-3.2,-8.1,-4.5,-7.7,-6.3,-7.6,-6.9,-6.8,-9.0,-7.8,-4.9,-9.0,-24.9,-5.2,-11.5,0.2,-4.4,-7.0,-6.2,-12.1,-5.0,-4.3,-4.4,-5.0,-4.8,-6.4,-14.8,-12.4,-13.5,-10.8,-7.3,-8.7,-5.6,-9.3,-5.8,-8.5,-12.1,-1.6,-5.9,-4.2,-17.9,-2.7,-2.5,-12.7,-17.8,-1.4,-8.2,-10.3,-14.1,-8.4,-7.0,-6.1,-3.9,-6.2,-8.0,-9.9
2C7L51CpEb,0,48.106368,11.632112,4442596.25,2778321.75,545.8,591.5,272,7429,2.4,0.87,0.38,32.67,348.97,-0.53,-0.103,0.842,-1.1,0.1,-0.29,0.18,1.0,0.2,-0.3,-0.1,1.1,-0.9,2.1,-0.6,-2.0,-0.1,-0.5,-0.8,-1.8,-0.1,-1.2,0.9,-0.8,0.6,0.0,-2.8,-3.5,-3.0,-3.7,-1.7,-1.5,-0.8,0.9,1.4,-1.0,3.9,4.2,2.1,-1.6,-2.7,-3.1,-2.2,-1.8,-2.2,-2.1,-1.6,-2.5,-0.4,-1.2,-1.4,-0.9,-1.2,-1.7,-3.2,0.7,-0.1,-1.2,-1.7,0.5,-1.6,-0.3,0.3,1.3,-0.4,-0.1,-1.7,-4.0,-0.2,-1.3,-2.5,-1.5,-2.7,-1.3,-7.0,-4.7,-2.9,0.2,-2.6,-2.1,-3.2,-2.7,-2.1,-2.7,-0.9,-1.2,-0.9,-1.4,-2.0,-3.0,-2.7,-2.7,-3.1,-3.8,-5.7,-6.7,-4.7,-4.0,-1.9,-1.2,1.2,-4.1,-2.5,-0.0,1.0,-1.0,0.9,0.2,-1.0,1.6,-2.9,0.7,0.4,1.5,-0.8,0.5,0.9,-0.7,5.1,8.7,0.6,-0.4,-0.5,-0.6,-1.3,-0.4,-2.0,-1.5,0.6,-2.0,-4.8,1.3,-7.0,-1.8,-4.1,-5.5,-2.4,-2.0,-3.2,-3.0,-4.6,-6.0,-5.2,-3.4,-3.3,-5.6,-4.2,-5.7,-0.2,1.5,-1.1,-0.8,-2.9,-4.3,11.8,-3.7,-1.5,-3.7,-2.0,-4.9,0.0,-2.7,-2.2,-1.3,1.0,-2.3,-1.6,-3.7,1.6,-3.3,-9.7,-9.3,-5.1,-5.9,-1.5,0.2,-3.4,-1.4,-4.6,-2.3,-2.8,-7.7,-6.5,-6.0,-5.8,-5.6,-5.6,-5.3,-9.4,-4.8,-7.1,-5.3,-5.2,-6.5,-7.3,-4.7,-4.7,-0.6,-7.0,-8.6,-7.4,-4.8,-4.6,-0.0,-4.3,-5.8,-4.8,-4.6,-2.4,-3.3,-5.9,-1.6,-6.5,-2.9,-4.0,-7.9,-7.3,-7.2
2C7L51CpEm,0,48.106492,11.633077,4442667.81,2778337.07,560.4,606.1,272,7440,3.7,0.71,0.39,32.68,348.97,-0.53,-0.103,0.842,0.6,0.2,0.59,0.28,0.6,0.2,-0.3,1.0,0.6,4.0,3.7,5.8,-4.1,3.2,4.5,3.6,0.9,4.8,-1.9,2.8,1.2,2.6,3.0,1.5,5.2,-0.1,-2.7,-2.5,0.1,0.0,3.6,2.8,2.3,3.7,-0.5,1.0,-1.0,0.3,-7.1,-2.9,-0.2,2.7,-1.4,3.8,4.0,3.2,6.7,5.0,-1.6,4.8,2.0,4.5,1.8,-0.4,2.3,0.1,3.4,3.3,4.0,3.3,2.7,3.7,2.2,-0.1,1.8,3.6,1.1,1.5,1.5,-1.6,-1.2,-8.0,-4.5,-1.1,2.9,0.4,2.9,1.3,3.6,-2.4,1.1,3.6,1.9,2.3,2.1,2.0,1.3,2.1,1.6,0.9,0.8,2.4,2.6,5.5,7.9,3.4,3.8,2.9,2.5,-3.3,5.5,3.5,-1.1,1.9,7.6,4.1,4.3,4.7,6.8,11.5,7.2,4.7,4.7,3.9,5.3,-2.4,2.3,3.2,2.3,2.1,0.6,2.4,0.5,1.4,0.2,1.3,2.0,2.1,5.0,3.7,1.6,3.0,5.3,8.2,3.0,0.4,0.9,4.9,5.7,-2.4,2.9,3.1,1.9,3.3,-0.7,4.5,3.5,-2.6,1.3,1.0,0.7,5.2,4.4,-1.4,2.2,3.2,2.5,3.9,3.8,-0.6,2.0,1.4,4.4,2.1,2.5,3.7,5.1,6.8,-2.2,7.8,-3.1,0.3,1.4,4.0,6.0,2.1,3.7,2.1,3.1,-4.7,-8.6,-5.3,-7.0,-4.6,-1.8,-5.8,10.8,7.2,3.4,3.5,6.6,14.5,-0.0,0.8,6.0,10.0,3.5,-1.7,14.8,-1.6,11.7,-4.5,8.4,6.3,14.3,-2.6,14.5,9.1,10.9,10.8,2.5,13.2,9.3,6.8,-0.8
2C7L51CpFv,0,48.106938,11.636552,4442925.58,2778392.41,533.5,579.2,272,7511,2.7,0.84,0.4,32.69,348.97,-0.53,-0.103,0.842,0.1,0.1,0.17,0.21,0.4,0.2,-0.3,3.9,-8.8,3.5,2.1,0.2,-5.1,5.8,2.9,0.5,0.2,-5.5,-1.4,-3.9,-1.7,-0.1,-1.8,-2.2,-1.0,0.3,-3.4,1.8,2.7,0.6,2.7,0.6,0.2,1.1,-2.3,-4.0,8.9,-10.2,8.9,2.3,-0.3,-0.0,2.3,3.0,1.0,1.9,3.8,-2.1,2.5,1.5,0.6,2.6,0.9,2.3,0.4,0.7,14.0,-2.5,-0.5,-2.2,-3.3,2.5,4.5,1.7,-2.4,0.1,5.8,-4.9,-0.8,1.9,1.4,-1.3,0.4,-2.0,1.7,1.1,2.3,0.1,-2.7,0.8,0.9,6.0,5.1,2.2,1.0,1.6,0.1,1.3,2.0,1.3,0.0,-1.7,0.5,-2.5,0.5,-0.5,-1.6,-1.2,-4.0,-2.2,-2.8,-0.4,3.7,1.9,0.0,2.9,-0.6,1.1,-0.7,0.6,3.8,2.6,1.4,1.9,0.6,0.2,2.1,-0.2,1.8,0.4,-1.6,0.8,0.4,-2.7,-1.6,2.4,3.0,2.9,-1.5,-0.7,1.5,1.2,2.2,2.8,1.4,-0.8,-3.2,0.3,-0.3,1.2,-0.7,-0.2,-2.2,0.5,1.3,4.2,3.9,1.6,-1.9,2.0,0.9,1.3,-0.4,2.6,-1.1,1.4,-0.9,0.4,-0.6,1.7,-1.1,0.2,1.2,-2.1,1.6,1.7,0.1,-2.3,-6.1,-5.3,-1.6,-4.0,3.3,3.5,2.7,0.1,3.2,-0.7,-1.7,-1.3,-1.0,3.6,0.0,0.3,2.7,1.2,-3.0,-0.1,1.2,3.5,-2.8,2.7,4.1,3.3,4.7,2.2,-0.8,-1.3,1.2,-1.2,2.5,3.5,-1.0,2.4,2.6,3.3,2.3,3.1,3.6,-2.2,-1.2,-0.2,2.3,3.7,3.5
2C7L51CpFw,0,48.106944,11.636599,4442929.09,2778393.17,533.1,578.7,272,7512,3.0,0.76,0.39,32.69,348.97,-0.53,-0.103,0.842,0.3,0.2,-1.48,0.24,0.1,0.2,-0.3,-2.5,-2.9,2.8,1.4,-1.3,2.2,-7.3,0.3,-0.9,2.2,-1.0,2.1,-2.0,-0.4,3.0,4.3,0.1,8.9,5.2,-0.2,-5.2,3.2,6.3,10.1,-5.4,-3.7,-1.5,6.1,-1.5,15.1,-5.0,10.6,4.6,5.5,6.2,7.0,14.2,6.5,2.7,10.0,3.7,5.8,6.8,6.7,6.8,6.3,4.6,4.5,6.4,4.8,6.0,4.3,8.0,6.9,7.9,8.6,5.6,6.6,7.4,7.9,4.4,7.1,4.1,5.3,5.3,5.0,4.0,9.3,7.5,8.2,2.4,8.4,8.5,10.4,10.1,12.6,8.1,9.4,7.7,7.3,6.9,7.6,6.0,5.7,5.3,6.9,8.1,5.6,5.6,5.3,6.0,2.0,5.1,3.4,6.2,12.1,5.6,6.3,8.0,5.5,8.4,7.2,8.3,8.7,6.7,7.1,9.1,8.2,8.7,6.9,6.5,7.3,6.9,5.5,8.3,4.3,3.8,7.3,5.0,6.5,7.7,7.2,5.1,7.6,6.8,5.6,5.8,6.5,4.5,0.7,8.4,6.0,4.6,4.6,4.2,4.4,7.6,7.1,9.4,9.0,0.7,3.1,6.9,6.2,7.1,6.8,8.0,5.4,8.3,5.6,5.0,8.1,6.9,7.5,6.7,8.5,6.4,7.4,5.8,5.6,1.5,-4.2,5.9,3.0,1.4,9.0,9.2,8.2,6.9,7.8,4.6,7.0,0.7,1.5,-1.8,10.0,5.0,6.1,8.0,5.3,5.3,7.4,7.7,4.2,5.6,8.8,3.9,6.5,5.5,4.5,2.5,6.1,2.6,3.4,10.9,4.4,6.7,3.5,2.8,6.3,2.2,5.5,1.6,3.2,3.0,4.6,3.5,9.4
2C7L51CpER,0,48.106296,11.631406,4442543.82,2778312.59,539.1,584.7,272,7419,3.0,0.81,0.39,32.67,348.97,-0.53,-0.103,0.842,-1.1,0.1,0.3,0.23,0.1,0.2,-0.3,-1.4,-0.7,3.4,-4.6,1.1,-0.6,3.4,2.0,1.0,-0.7,-0.5,-0.5,-0.0,1.2,-1.0,-0.2,0.9,-1.2,-1.7,-0.9,-1.6,0.1,-2.4,0.1,-0.5,0.0,1.5,0.7,-0.8,-2.2,-3.7,-4.9,-5.3,-0.4,-0.6,-1.1,-1.7,-0.8,-0.1,1.1,2.9,1.3,-0.7,-1.9,-1.3,-1.5,-1.2,-1.8,-4.5,-2.5,2.0,-2.7,-0.8,0.0,-1.2,-0.2,-0.1,0.4,-1.8,-2.6,-2.5,-2.4,-0.7,-3.0,-2.1,-2.9,-2.2,0.1,-0.9,1.9,-2.0,-2.4,-0.9,0.5,-1.8,0.1,0.3,9.6,-1.5,-2.3,-4.3,-1.8,0.6,-2.4,-2.5,3.4,1.2,-0.5,4.0,-0.7,-3.2,-1.5,-6.1,-2.6,-4.0,-3.5,-1.3,1.6,-4.8,0.8,-2.8,-1.8,-1.7,-0.6,-1.2,2.0,-2.0,2.2,-3.0,-0.2,-4.6,-10.0,-6.8,6.8,-5.6,-8.9,-2.4,-5.9,-4.8,8.9,-6.4,-5.0,1.5,-10.0,-9.2,-8.8,4.2,-7.9,-8.9,-9.4,-12.2,-9.5,1.9,-0.4,-3.1,-3.2,-5.0,-7.1,-1.2,0.3,-3.4,2.1,-4.2,-11.5,-4.9,4.6,-1.6,-4.0,-1.3,-8.6,-2.9,-6.5,-4.1,-2.4,-2.1,-1.4,-0.4,-3.7,-3.3,-4.9,-2.6,-8.0,-4.4,-6.2,-6.4,-2.6,-4.0,-0.8,-4.4,-4.7,-5.4,-9.1,-7.9,-5.9,-2.4,-3.4,-2.3,-5.3,-4.4,-3.7,-4.7,-3.4,-3.8,-3.9,-4.2,-5.9,-2.6,-3.8,-4.8,-6.8,-5.5,1.5,-2.3,-4.7,-3.9,-10.5,-3.6,-9.0,-5.9,-3.9,-7.7,-6.9,-4.2,-3.8,-3.3,-4.7,-3.0,-5.0
2C7L51CpGT,0,48.107261,11.638924,4443101.46,2778432.17,554.1,599.8,272,7545,3.1,0.81,0.43,32.7,348.97,-0.53,-0.103,0.841,-1.1,0.2,-0.4,0.24,0.7,0.2,-0.3,-0.7,-1.9,-0.7,2.0,0.1,1.7,0.3,0.3,-0.5,-0.5,1.3,1.8,-1.0,-0.1,-1.4,0.7,-1.8,-1.2,0.6,-1.4,-3.3,0.8,-1.8,-2.5,-2.2,-2.0,-0.7,2.3,2.1,-4.0,2.6,-1.5,-4.2,-5.0,3.1,0.8,-0.7,2.0,1.7,-0.3,0.2,3.0,-1.7,3.6,-1.4,-0.8,0.0,0.1,2.5,2.2,2.3,1.5,-0.8,0.7,0.1,-8.2,-1.9,-1.7,0.5,0.7,-0.9,-0.0,0.6,-1.6,-0.4,-3.8,-1.3,-2.5,-1.6,-2.0,-1.1,-2.0,-3.0,-3.0,-1.4,0.1,-3.7,-4.5,-4.5,0.6,-5.0,-0.9,-1.2,0.9,-0.5,-4.8,0.8,-5.0,1.2,2.3,-0.3,-1.7,-1.4,0.5,-3.1,1.9,0.6,0.7,-0.4,-3.5,1.3,3.4,1.6,0.4,1.9,-2.1,-3.8,-0.6,-4.0,-1.4,-0.7,-1.2,-1.5,0.1,0.2,-0.8,1.1,-2.1,0.3,3.2,-2.7,-1.1,-1.2,1.4,0.1,1.1,-4.2,-4.9,-3.4,-4.2,1.7,-0.7,3.4,-1.2,-0.5,-4.4,-7.9,1.4,-4.8,5.7,-1.1,-1.5,-5.9,-5.4,-1.5,-0.3,2.3,2.5,-0.4,2.4,-2.7,-3.5,1.1,-2.9,-4.8,-0.1,-0.5,-2.1,0.6,-1.1,-10.3,-11.3,-4.1,-5.2,-6.8,-0.6,-2.9,0.2,4.1,-3.7,1.2,-19.5,-4.9,-5.9,-5.4,0.9,-6.0,-5.3,-3.6,-6.0,-5.4,-1.7,-20.6,-2.5,-2.4,-3.7,-1.7,-14.3,-6.1,-9.5,-2.2,-6.0,-4.3,-2.2,1.8,-5.7,-2.9,-6.7,-4.6,-3.8,-1.3,-6.6,-0.8,-13.1,0.5,-4.6,-8.5,-1.1
2C7L51CpGV,0,48.107245,11.638803,4443092.51,2778430.28,542.7,588.4,272,7547,3.5,0.72,0.41,32.7,348.97,-0.53,-0.103,0.841,0.7,0.2,-0.84,0.27,1.3,0.2,-0.3,-1.8,-0.6,-0.7,-1.1,-2.0,1.3,1.9,2.9,2.0,1.2,2.5,1.2,-0.0,4.1,2.5,3.1,-0.1,2.7,-2.5,1.5,-1.0,-0.3,1.2,-0.7,-3.5,-5.3,-1.5,-1.4,-3.4,-5.8,-5.8,-5.9,-7.3,-11.2,-0.4,-6.2,-4.0,0.0,-1.2,-0.8,-2.6,-3.8,-3.6,-5.5,-2.1,-4.5,-3.6,-2.0,-0.2,-1.4,11.0,2.9,0.9,1.2,-1.3,-7.2,-0.1,0.2,-0.6,-1.1,-0.6,1.1,3.7,1.1,-7.0,-4.4,-0.5,0.2,0.5,-0.7,1.6,0.4,13.8,-0.6,-1.1,-1.2,-0.9,-1.0,-2.1,-5.0,-3.4,-1.7,-3.6,0.2,-0.6,-2.4,-0.9,0.0,4.8,-4.1,-3.3,-11.5,-6.3,-5.5,0.4,2.7,-0.6,-1.0,3.0,-2.5,-2.4,-3.3,0.9,2.8,-2.4,-3.1,8.8,-2.7,-0.4,2.0,8.0,7.7,2.5,2.0,3.7,-4.2,0.1,11.7,6.8,4.2,2.9,5.1,5.6,-4.7,4.1,2.5,5.6,3.6,2.8,1.9,8.5,7.4,3.9,7.8,-4.6,-0.4,1.4,1.3,3.5,5.3,3.5,-0.4,1.3,9.1,2.4,2.5,4.1,3.1,3.4,2.8,1.0,5.1,2.7,-6.0,1.6,3.4,3.1,5.0,1.3,5.5,1.4,-2.9,2.2,-1.8,0.3,0.1,6.9,10.7,2.3,-0.5,1.8,4.2,-1.4,-0.4,4.7,0.8,0.1,2.9,-1.3,5.1,-7.7,-1.6,-2.8,-0.8,2.8,-1.5,2.1,1.9,0.9,3.6,2.4,0.0,-1.9,1.2,-5.2,7.1,2.2,-1.7,2.1,0.8,-0.7,-1.9,-2.5,1.0,1.8,1.3,4.3,4.6
2C7L51CpBk,0,48.105088,11.621859,4441835.54,2778162.74,537.3,583.0,272,7252,2.6,0.8,0.57,32.6,348.93,-0.529,-0.103,0.842,-2.3,0.1,-1.57,0.2,0.9,0.2,-0.3,-0.5,2.0,0.1,2.4,-0.6,3.1,0.3,0.3,1.1,4.5,3.0,2.8,0.1,0.7,-1.2,-0.9,-3.7,-0.5,-2.0,-1.0,-3.5,0.8,1.3,1.5,-0.9,1.4,2.6,2.7,1.7,-2.8,11.0,-2.4,-4.0,-1.9,-7.5,-1.3,-1.6,0.1,3.2,2.2,1.1,2.8,1.1,4.3,-1.9,1.7,-1.1,-2.0,2.8,0.4,4.2,2.1,4.3,2.6,0.6,6.0,1.9,3.0,0.9,2.2,4.0,2.2,4.2,1.8,6.5,-0.1,2.2,-0.0,2.1,1.4,1.6,4.0,3.4,1.2,2.5,0.8,-0.1,0.3,0.4,2.0,2.0,-0.6,1.0,-1.8,4.2,-3.2,-0.3,-4.4,0.6,-0.2,-0.2,2.0,-1.3,4.1,0.3,2.0,3.0,-0.5,2.5,-0.3,1.0,2.9,0.8,1.3,-0.4,0.3,2.4,-2.7,0.7,-0.9,0.6,0.2,-0.3,0.6,1.1,0.5,-0.9,-0.1,3.8,-0.3,0.5,-1.8,-6.9,2.6,-6.4,3.6,1.9,10.6,4.3,3.4,0.2,2.5,-1.6,-2.1,2.7,-0.3,-0.2,-3.3,-0.6,1.6,0.6,-2.9,-3.0,-2.8,-3.8,-3.8,4.9,-4.2,-4.1,-3.2,0.8,-1.1,-3.2,-3.0,-1.6,-4.2,-3.2,-3.6,-3.1,-4.3,-4.0,-7.7,-3.7,-6.6,-5.4,-5.1,-7.8,-8.6,-3.2,-7.0,-6.3,-7.5,-7.9,-8.2,-7.1,-8.1,-7.4,-6.7,-16.5,-5.3,-6.3,-4.3,-4.6,-5.7,-4.7,-8.4,-11.5,-7.7,-8.3,-5.5,-9.7,-9.5,-14.7,-10.0,-13.4,-17.6,-13.1,-9.2,-9.3,-10.9,-5.4,-6.7,-8.2,-7.9,-7.1,-6.4,-7.5,-7.7
2C7L51CpEZ,0,48.10641,11.632155,4442599.3,2778326.53,553.9,599.5,272,7427,2.4,0.86,0.4,32.67,348.97,-0.53,-0.103,0.842,-1.2,0.1,-0.17,0.2,0.8,0.2,-0.3,-0.6,-1.3,-0.3,0.1,-1.9,-0.3,-0.0,1.1,-0.1,-2.3,-0.9,-0.9,0.2,-1.8,-0.3,-1.3,-3.5,-2.2,-2.4,-2.6,-3.1,-1.8,-2.1,1.1,-0.3,-2.3,0.5,0.5,-2.8,-2.9,-0.8,-6.2,-3.9,-6.1,-3.1,-0.0,2.0,5.3,2.5,1.6,1.5,2.6,0.7,-1.2,-1.0,-4.5,-1.8,-3.6,-3.1,-0.0,-0.8,-3.3,-2.7,-2.5,-1.7,-5.3,-3.8,-3.8,-1.4,-0.8,-2.2,-4.1,-5.6,-4.9,-3.1,-5.2,-3.9,-11.1,-3.6,-3.2,-2.7,-3.5,-3.2,-3.2,-2.4,-2.5,-2.7,-3.8,-4.7,-4.3,-3.8,-3.3,-2.1,-2.9,-1.4,-1.6,-0.8,-1.1,-1.3,-0.5,-2.5,-3.6,-2.4,-5.2,0.5,1.3,1.2,-3.0,-3.3,-3.5,-3.1,-2.1,-0.3,-2.1,-3.1,-4.9,-7.3,-3.3,-3.8,-3.9,-1.5,-3.5,-2.2,-3.4,-3.6,-3.9,-1.7,-4.4,-4.1,-4.5,-3.1,-3.6,-4.8,-4.0,-4.4,-3.2,-1.9,-4.0,-3.3,-10.5,-2.1,-3.2,-2.5,-3.7,-4.5,-7.3,-5.5,-8.4,-3.7,-2.5,-3.8,-6.8,-5.8,-2.5,-7.0,-6.8,-5.4,-4.8,-1.3,-1.1,-3.0,-3.9,-3.8,-5.4,-3.7,-5.4,-4.8,-3.6,-6.4,-4.9,-2.8,-6.6,-7.3,-7.3,-3.7,1.0,-4.7,2.9,1.2,-6.6,-6.8,-3.3,-2.2,-4.7,-3.8,-3.5,-2.2,-3.6,-4.4,-1.4,-4.2,1.4,-11.0,-3.1,-7.8,-2.5,-4.5,-5.9,-7.6,-7.0,-5.2,-2.1,-5.1,-1.9,-4.8,-9.3,-6.7,-6.1,-4.2,-6.7,-16.7,-9.2,-6.5,-10.9,-6.1,-8.1,-21.5,-11.3
2C7L51CpFr,0,48.106939,11.636271,4442904.68,2778392.08,530.8,576.5,272,7507,4.6,0.6,0.51,32.69,348.97,-0.53,-0.103,0.842,-0.0,0.2,-0.33,0.35,0.8,0.3,-0.3,-3.3,-0.9,-2.2,-0.1,-2.7,-2.4,-3.3,1.3,-0.9,0.1,1.7,0.0,-1.4,-0.2,-1.6,-0.6,-4.7,-4.8,-3.7,-3.3,-7.2,-5.4,-4.3,-3.9,-1.2,0.8,-3.6,-0.4,-3.4,-7.0,0.9,5.6,-5.0,-1.8,-0.6,4.3,3.8,9.0,1.9,7.5,4.6,9.7,3.7,-0.5,7.1,2.8,6.0,8.1,1.3,-2.7,3.6,5.4,6.0,0.5,7.5,-2.3,5.0,7.5,-7.7,-5.9,-3.5,6.7,1.4,-1.0,2.4,0.8,-0.3,1.3,-2.4,-2.5,4.2,-1.3,5.3,-3.8,2.5,2.5,1.9,-1.2,-1.8,-1.9,4.9,-13.8,4.6,0.7,1.6,-1.8,3.5,-2.3,-1.6,-4.0,3.4,-1.5,-15.6,-4.1,-6.2,-4.3,-4.9,-0.2,3.0,0.6,-1.9,-2.9,10.1,-11.1,-4.7,-5.3,-1.4,-1.9,-3.6,2.9,10.1,-4.2,-13.8,-10.0,8.2,-0.4,1.5,2.8,6.4,-2.6,-5.2,1.3,-4.8,-4.9,5.4,7.5,1.6,-2.6,-1.9,-2.2,-1.5,3.4,7.8,5.7,-3.6,-2.1,2.5,-1.1,-0.6,-6.7,1.6,4.7,-1.2,7.7,-4.7,-0.6,4.3,7.0,4.8,7.6,6.9,4.2,-5.1,-5.8,-2.5,4.1,6.9,1.5,-0.5,9.2,-0.4,-6.1,-3.1,-2.3,-2.2,4.9,1.0,3.8,-5.0,1.8,4.2,0.3,-3.6,2.1,4.6,2.5,-17.6,-1.4,-0.8,-0.7,-0.6,-0.4,1.3,2.2,-1.8,-2.0,-4.1,-0.1,-1.6,-0.0,0.2,3.5,2.9,3.9,6.7,-6.2,3.0,-2.6,-0.6,-0.6,0.5,0.2,-2.9,-6.8,5.0,-2.1,-6.9,1.6
2C7L51CpEX,0,48.106425,11.632123,4442596.93,2778328.09,556.0,601.7,272,7425,2.1,0.89,0.34,32.67,348.97,-0.53,-0.103,0.842,-0.9,0.1,-0.29,0.16,1.0,0.1,-0.3,-1.5,-1.8,-0.4,-0.9,-1.6,-0.2,0.2,-0.2,0.5,-0.2,-1.3,-0.4,0.4,-0.0,0.6,0.3,-1.1,2.2,-0.9,1.5,-3.3,-1.1,-1.8,0.6,-0.5,-1.5,-0.3,3.5,-1.6,-2.3,-2.7,-6.7,-5.9,-3.5,-1.6,-0.7,-1.7,0.2,-0.3,-0.5,-1.7,-0.2,-0.9,-1.1,-3.2,-0.2,5.5,-4.4,-0.2,1.4,-0.0,-0.3,-1.3,-2.7,-1.7,-2.9,-1.9,-2.3,-3.3,-3.2,-0.2,-1.1,-2.2,-0.4,-2.1,-1.3,1.3,0.6,-1.4,-0.0,-0.8,-0.6,-2.2,-0.2,-0.1,-3.4,-3.1,-3.0,-4.5,-2.9,-2.9,-5.5,-4.0,-2.0,-3.9,-2.7,-4.4,-2.4,-2.5,-5.0,-4.6,-4.5,-2.2,-7.0,1.0,-13.7,-0.1,0.3,0.3,-0.7,-1.4,0.9,0.9,1.9,1.3,1.8,0.6,4.5,3.2,4.1,-1.5,-0.4,1.4,1.1,0.7,-1.3,0.8,-0.9,0.1,-0.6,0.4,0.1,-0.9,-0.5,-2.2,-0.1,0.2,-2.8,-1.8,-4.5,-1.1,-3.1,-0.8,-3.2,-3.1,-5.3,-6.3,-4.8,0.1,0.9,-2.5,-4.8,-2.6,-3.0,-2.6,-3.1,-2.0,-2.0,-0.9,-3.6,-1.5,0.2,-2.9,-2.5,-2.7,-2.7,-2.6,-2.5,-1.5,-3.0,-4.4,-6.3,-4.0,-5.3,-5.1,-2.9,-2.7,0.1,-3.4,-2.7,-4.0,-5.0,-10.1,-1.8,-3.7,-0.8,-3.3,-4.2,-5.9,-4.8,-3.6,-6.6,-5.3,-5.2,-1.8,-2.4,-5.8,-4.4,-5.5,-7.1,-6.6,-4.1,-5.1,-2.8,-2.8,-6.3,-3.7,-5.4,-5.1,-3.7,-7.6,-4.7,-6.1,-4.5,-1.4,-1.4,-4.5,-2.7
2C7L51CpEd,0,48.106427,11.632137,4442597.95,2778328.34,541.0,586.7,272,7431,2.7,0.83,0.32,32.67,348.97,-0.53,-0.103,0.842,-1.3,0.1,-0.05,0.21,1.1,0.2,-0.3,-1.4,-2.4,-1.4,-2.4,-3.9,-2.2,-0.2,0.0,0.3,2.4,0.8,-1.0,0.4,-1.7,0.5,1.5,0.5,-0.5,-1.2,-2.8,-2.1,-2.4,-1.4,-0.7,0.7,0.1,-0.1,2.3,-3.6,-2.6,-4.3,-7.6,-5.5,-5.1,-2.6,-3.4,0.2,-0.4,1.6,1.5,2.4,-1.8,-3.1,-0.0,-2.2,-3.3,-3.1,-1.2,-2.6,-1.0,-2.4,2.2,-0.1,2.6,1.1,-0.9,1.5,-0.5,-1.2,-1.5,-3.1,-3.5,-0.8,-2.5,-0.7,-0.6,-2.6,-0.5,-3.6,-2.8,-1.1,-1.0,-0.5,1.9,0.2,1.6,0.1,-1.6,-1.7,-1.5,-2.7,-1.0,-1.2,0.1,-0.5,-2.1,-1.4,-2.1,-2.1,-3.9,-6.9,-5.9,-0.7,-9.2,-7.8,-10.2,3.4,-7.0,-9.2,-6.3,-7.8,-10.9,-10.4,-6.8,-5.6,-8.7,-6.6,-9.9,11.0,-11.0,-6.2,-6.6,-3.7,-4.0,-0.2,-1.0,-5.0,-3.4,-3.5,-2.1,-4.4,-3.6,-5.0,-7.1,-4.7,-3.0,0.0,-2.2,-4.5,-5.8,-5.0,-2.7,-1.7,-2.2,-2.6,-2.7,-7.6,-2.6,-2.8,-1.6,-0.7,-6.0,-2.9,-4.4,-1.9,-3.8,2.0,-3.6,-0.3,-1.5,-7.1,-7.5,-4.5,-2.3,-0.2,-0.7,-3.9,-5.4,-9.3,-4.0,-6.8,-8.5,-6.0,-8.9,-5.4,-2.5,-3.3,-4.3,-6.1,-6.0,-5.7,-7.8,-9.7,-8.4,-5.7,-7.7,-4.3,-6.4,-3.9,-3.9,-5.2,-2.9,-3.8,-2.7,-6.3,-7.6,-4.0,-7.1,-9.4,-10.8,-9.2,-5.4,-9.5,-6.0,-5.7,-8.7,-6.1,-9.1,-8.2,-8.8,-12.8,-7.6,-6.3,-7.3,-4.3,-5.7,-5.8,-7.1
2C7L51CpEe,0,48.106423,11.632105,4442595.57,2778327.84,536.3,582.0,272,7432,3.3,0.76,0.4,32.67,348.97,-0.53,-0.103,0.842,-1.2,0.2,-0.43,0.25,0.6,0.2,-0.3,2.9,1.9,-1.0,0.1,-4.7,1.3,0.8,0.6,2.3,5.8,-3.8,2.3,1.6,3.9,-1.5,-4.6,-7.0,-8.5,-2.2,-2.0,-1.0,-1.0,0.9,0.7,-0.4,-1.4,2.2,1.2,-0.7,-5.2,-0.7,-5.6,-5.3,-5.0,-3.2,-4.4,-0.6,-2.4,-0.1,-2.8,4.2,-0.3,-2.6,-1.6,-0.4,-1.0,0.8,-1.1,-0.9,0.4,0.1,3.6,3.6,0.6,1.9,0.5,0.9,0.5,1.8,0.7,0.5,-0.1,-2.0,1.3,5.9,-0.5,-2.3,1.3,-2.2,-0.4,-0.1,0.8,0.4,0.2,1.8,0.1,1.1,0.0,-0.3,0.1,0.9,-3.3,-0.4,-0.7,-0.4,-1.9,-0.3,2.5,0.8,-0.8,-0.9,-2.8,-2.0,0.5,1.6,1.7,4.0,6.0,3.0,5.1,3.4,0.3,4.1,6.4,-0.6,3.9,4.5,-14.7,-4.1,-5.8,-1.8,-2.2,-3.5,-0.4,0.9,-0.9,-5.0,-3.5,-5.3,-3.2,-5.4,-4.6,-3.7,-2.5,-1.6,-1.5,-0.9,-1.9,-2.2,-6.1,-9.1,-1.3,0.1,-2.8,-9.3,-6.2,-8.0,-12.1,-3.1,-2.3,-5.3,-3.3,-1.7,-4.2,-4.5,-3.5,-4.5,-6.4,-4.0,-3.3,-5.5,-5.2,-4.0,-5.3,-0.1,-1.7,0.4,-1.2,-3.7,-4.3,-5.8,-9.5,-9.8,-3.2,-3.0,1.0,2.6,-2.1,-3.0,-2.6,-2.3,-11.4,-7.4,-2.8,-0.3,0.4,1.4,1.9,-4.8,-5.2,2.8,0.2,2.7,1.8,0.4,-1.5,-6.9,-4.5,-5.4,-7.1,-8.3,-5.3,-9.8,-7.1,-2.2,-4.3,-4.6,-6.4,-6.9,-7.8,-12.9,-8.7,-3.7,-7.1,-12.9,-5.8,-4.4,-8.7
2C7L51CpFA,0,48.106691,11.634199,4442750.89,2778361.13,549.0,594.7,272,7464,3.1,0.78,0.42,32.68,348.97,-0.53,-0.103,0.842,-0.1,0.2,-0.45,0.24,1.0,0.2,-0.3,-4.1,1.7,1.4,0.1,-3.8,13.2,-1.7,-7.6,-1.2,-0.9,0.3,-13.1,2.1,-6.1,-0.1,7.6,0.1,3.7,-2.8,-1.1,-5.9,1.8,-4.8,1.5,3.6,-0.6,-0.2,-1.2,-5.3,-8.4,-2.3,-4.1,-8.4,-2.7,-4.5,-2.6,-3.9,1.6,-3.1,-2.3,-1.9,-2.5,-2.8,-0.6,-2.6,-5.4,-0.0,1.3,-1.0,-14.4,-5.0,-3.7,-5.1,-0.4,-1.5,-0.0,-0.6,-0.5,-0.4,0.7,-1.1,1.4,-1.4,-2.7,-2.9,0.7,-0.8,-1.1,-0.2,1.4,-0.5,1.0,1.3,-0.7,-1.7,-2.7,-2.2,-1.2,-2.9,-4.2,-2.4,-2.6,-2.0,-3.5,-3.3,-2.3,1.8,-3.8,-1.1,-3.5,-6.8,-2.5,-8.1,-3.7,-4.9,-2.0,1.5,-3.8,-4.0,-6.8,-1.8,-2.7,-0.5,-3.0,-5.3,-4.4,-0.8,-0.5,-2.6,-1.7,-0.3,1.3,-1.5,-3.0,-1.0,-1.7,0.1,-2.2,-1.0,-6.1,-3.6,-2.5,2.4,0.8,0.8,-3.0,-9.6,-1.5,0.5,-7.8,-1.4,1.7,-5.2,-3.2,-2.1,0.9,-3.3,-5.6,0.6,3.2,-2.2,-2.6,3.8,-2.6,-0.6,-0.3,1.3,4.5,5.3,1.4,2.6,-3.3,3.2,3.3,4.5,-6.7,4.3,4.0,-4.0,0.9,1.0,-5.0,-0.4,-4.5,-1.5,-1.5,1.0,-1.9,-0.6,-1.0,3.7,0.7,-8.3,-1.7,-3.4,-0.9,-6.5,-4.6,-5.7,-1.0,-0.9,1.5,1.3,-2.7,-3.7,-1.2,0.2,-3.8,-1.6,-8.5,-4.2,-1.1,-3.1,-5.1,-0.1,-4.2,-3.6,-3.4,-4.5,-2.4,-3.2,-0.8,-4.0,-1.1,-5.7,-5.0,-7.1,-4.7
2C7L51CpGU,0,48.10728,11.638785,4443091.12,2778434.11,545.2,590.8,272,7546,3.4,0.77,0.48,32.7,348.97,-0.53,-0.103,0.841,0.7,0.2,0.02,0.26,0.5,0.2,-0.3,-0.1,1.0,-0.9,1.7,-2.0,-1.3,1.1,0.7,1.0,-2.8,0.0,0.9,-2.2,0.9,-2.8,1.4,-0.9,-0.0,-0.4,-1.2,-2.3,-0.4,-1.1,-1.0,-0.7,-0.6,-0.3,1.5,-0.6,-3.3,0.1,-4.2,-5.3,-5.6,0.3,-0.4,-1.3,0.4,1.1,-1.5,-2.2,-1.7,-2.9,-1.4,-2.3,-3.5,-3.2,-1.5,0.2,0.7,3.5,-0.1,-0.2,-1.0,-0.7,-4.2,-1.3,-0.5,-1.2,0.4,-1.4,-0.3,-3.9,1.1,-2.4,-2.3,0.3,-1.1,-0.0,0.1,0.9,0.2,0.3,-0.8,-0.8,-1.2,-3.0,-3.0,-3.4,-4.3,-5.0,-2.9,-4.0,0.4,-2.5,-2.1,-0.6,-4.1,-1.5,-1.1,-3.7,-8.1,-3.2,-5.2,-4.4,1.8,-3.0,-0.3,-1.4,-3.9,-1.6,-5.9,1.7,-2.1,-3.8,-4.1,-10.0,-0.7,-8.2,-0.0,-2.7,7.4,0.6,3.6,2.0,0.7,2.1,1.0,6.4,10.2,1.6,2.8,10.2,-10.3,-2.0,-0.9,1.9,-3.6,1.6,0.1,6.5,8.7,6.5,11.5,-2.3,-1.9,1.0,6.0,1.6,6.5,1.5,3.6,5.8,-12.3,3.5,3.8,6.7,4.0,2.5,-7.5,0.3,3.8,2.5,-2.6,-5.4,2.5,2.5,3.3,3.4,1.2,0.9,-3.6,0.8,-0.3,-1.6,3.6,2.8,-2.8,3.7,-0.9,-0.6,0.6,-0.7,3.8,0.3,0.3,1.2,3.0,-2.2,0.5,-3.5,2.2,2.6,3.2,3.7,-5.3,2.4,-4.9,0.8,9.9,2.9,-0.5,0.4,1.7,1.0,14.2,2.1,-0.1,1.5,-1.4,4.2,0.1,-1.7,0.7,1.2,0.7,3.3,3.8
2C7L51CpBY,0,48.10503,11.621114,4441780.19,2778155.01,534.6,580.3,272,7240,2.8,0.83,0.37,32.6,348.93,-0.529,-0.103,0.842,-0.7,0.1,-0.37,0.22,0.5,0.2,-0.3,-1.1,0.9,-0.6,-0.2,-0.3,2.5,0.4,-1.8,-0.3,1.2,-1.8,3.1,-0.2,-2.3,-0.7,-3.7,-2.7,-8.0,3.5,-3.0,-0.3,1.6,0.6,-1.1,1.6,0.3,3.5,5.0,2.2,-6.6,-16.6,-4.4,-2.5,-1.7,-3.3,-3.7,1.7,-0.3,2.6,0.3,0.2,0.9,4.6,-0.5,-1.2,-0.6,-0.6,-4.7,0.8,-4.2,-1.8,-2.9,-0.8,-2.1,-3.3,-2.1,-0.8,-1.3,-3.3,-2.6,-0.8,-1.8,-3.1,-3.0,2.3,2.7,-0.9,-2.8,-1.3,-1.0,-1.2,-1.4,0.9,-2.2,-3.3,-3.7,0.4,-1.9,0.3,-0.1,-1.4,-4.3,-0.9,-2.8,-1.0,-4.2,-2.4,-8.2,-3.1,-1.4,0.6,0.4,-1.5,2.0,-0.7,0.2,-0.9,-3.4,1.4,-1.0,-0.9,-1.5,-0.0,1.2,-3.1,-0.3,-0.8,-2.2,-4.3,-2.4,-3.0,-2.7,-2.9,-1.0,-1.5,-2.1,-4.3,-3.0,-1.2,-1.3,0.7,-2.1,-1.3,-2.2,-3.9,-5.5,-1.9,-0.1,-2.4,-1.0,-3.8,1.4,-0.0,1.3,-5.3,4.8,-1.3,-2.8,0.6,-0.1,2.0,-3.9,-4.2,-1.3,-3.5,-2.8,0.8,-0.5,-0.4,-0.6,-0.8,-0.9,3.8,-0.3,-0.7,-3.2,-2.4,-1.8,1.0,-0.1,-4.9,-3.2,-2.2,-4.0,-4.6,-0.9,-3.9,-8.3,-0.5,1.1,-2.1,-8.5,-2.0,0.8,0.5,-2.5,-0.5,0.1,-6.0,-4.1,-7.6,-5.0,-0.9,-3.7,-3.8,1.2,-2.8,-6.0,-11.9,-7.9,-12.9,-0.9,-8.9,-9.2,-10.6,4.7,-6.1,-4.0,-6.3,-1.6,-0.7,-3.2,-3.2,-5.2,-5.7,-1.3,-0.8,-5.1
2C7L51CpEc,0,48.106469,11.63232,4442611.5,2778333.28,554.1,599.8,272,7430,4.2,0.7,0.51,32.67,348.97,-0.53,-0.103,0.842,-1.1,0.2,-0.08,0.32,0.7,0.3,-0.3,-1.3,-2.0,0.8,-1.0,-0.3,3.4,-1.1,0.7,-2.1,-4.7,-0.6,4.3,1.7,-0.4,-2.2,0.4,1.9,5.1,3.9,5.7,-2.8,3.0,0.8,2.6,1.8,1.1,1.8,4.3,0.8,3.2,-9.2,3.0,-2.2,-3.3,-3.7,1.5,3.8,7.7,3.8,6.1,-3.0,5.7,-0.9,-9.3,-3.0,1.4,1.7,2.0,-2.4,1.2,-1.1,1.2,-1.0,-0.6,0.0,-1.9,0.4,-1.0,0.7,0.9,-0.9,0.9,-1.4,0.8,4.7,1.6,-1.5,0.9,0.3,1.2,3.3,1.7,0.4,2.1,-0.5,2.0,0.7,0.1,-3.1,-12.2,3.7,-0.9,0.8,-1.8,-0.5,4.3,2.6,-16.3,-17.2,4.7,2.2,-1.2,4.6,2.1,2.0,1.5,-1.8,2.3,1.4,1.5,0.7,-1.4,1.7,-2.1,-1.8,-0.9,-1.5,-2.4,-1.8,1.1,1.8,4.2,0.1,-0.3,-2.6,-4.2,-3.9,-0.4,-8.1,-2.7,-9.3,0.8,5.0,2.3,-1.4,1.2,-2.1,-0.7,2.7,-2.0,2.1,3.5,-15.9,0.5,-0.3,-2.2,-4.2,-5.4,-4.2,-1.8,-3.6,-4.9,-0.7,-1.8,0.6,0.4,-7.5,-1.3,1.7,2.7,-1.6,2.0,-2.8,-0.8,-5.0,-1.9,-1.3,-2.7,0.4,-2.4,2.7,-2.8,-8.7,-5.9,-3.5,-9.4,-6.6,-2.6,-1.5,-2.5,-4.0,2.4,-10.4,-12.5,-18.5,-11.7,1.6,-0.3,1.7,-0.1,-7.0,2.8,-0.4,-5.4,-14.6,-10.7,2.5,-1.6,3.6,-0.5,-6.1,-4.4,0.9,-1.7,3.6,7.1,-0.0,-7.1,-4.0,-3.3,-0.2,0.2,-9.9,-4.2,-2.8,-5.3,-7.9,-19.8
2C7L51CpEu,0,48.106558,11.633011,4442662.74,2778344.31,536.1,581.7,272,7448,3.4,0.75,0.49,32.68,348.97,-0.53,-0.103,0.842,-0.5,0.2,-0.75,0.26,0.5,0.2,-0.3,0.6,1.2,1.8,4.0,0.6,-2.3,3.1,2.9,-0.2,0.3,-0.4,1.9,-0.4,0.5,1.2,1.8,0.3,1.3,-2.0,-2.4,-2.0,1.0,-1.6,3.6,4.4,4.1,1.1,-1.8,0.1,-0.9,-2.7,-1.7,-0.9,-3.4,-1.4,-10.8,0.3,2.0,3.5,0.1,0.7,0.8,1.3,2.3,-0.2,-2.9,-7.8,-2.2,-0.5,2.4,2.2,-0.3,-6.2,-2.2,-1.6,-6.6,-2.5,-2.2,-3.0,-4.8,-3.8,-7.8,0.6,-8.4,6.6,0.5,0.5,4.1,-3.7,0.6,-1.8,-2.6,-1.2,-1.3,1.4,-0.8,-0.5,-2.0,-0.7,-0.8,-3.9,-0.0,2.5,-0.8,-0.6,0.8,2.7,2.2,0.7,1.0,0.8,-1.9,-8.7,1.2,-4.0,-1.7,0.8,-3.4,-1.0,3.8,-0.8,-2.5,-1.2,1.1,-3.9,-2.3,-0.4,0.0,1.9,-3.0,4.1,1.9,0.4,3.1,0.9,3.5,0.3,7.3,1.4,10.9,1.3,4.7,2.2,0.8,1.3,0.1,4.5,-2.8,5.6,1.3,-1.4,-0.1,2.5,3.1,-3.4,2.5,-2.5,8.0,-1.1,2.6,0.1,2.3,-3.1,-3.5,2.5,3.2,-0.7,-0.5,1.4,2.8,1.3,0.1,0.1,3.8,2.8,3.9,-0.2,0.5,-2.5,-0.2,3.4,-2.5,-0.3,-4.5,-1.3,-0.7,-0.3,-1.4,-6.4,-1.5,-1.0,0.2,-4.4,-5.0,-4.9,-0.7,-2.8,3.7,-6.4,-1.3,-9.6,-5.3,-3.2,-5.1,-2.3,-3.0,-14.9,0.1,0.9,-2.5,-11.5,-5.1,-11.3,3.3,-1.1,-2.2,6.5,2.1,-6.6,-6.8,-2.5,-4.6,-6.7,-6.3,1.7,-3.3,6.8,-1.3
2C7L51CpEv,0,48.106562,11.633047,4442665.4,2778344.88,535.0,580.7,272,7449,2.4,0.87,0.33,32.68,348.97,-0.53,-0.103,0.842,-0.9,0.1,0.4,0.18,0.4,0.2,-0.3,-1.4,-2.0,-2.4,1.1,0.4,-2.9,-0.2,3.3,-1.2,0.2,-0.1,0.9,0.3,-0.7,0.9,0.2,-1.0,-1.7,-3.3,-2.5,-4.4,-0.6,-1.7,-0.2,2.8,-2.0,7.6,-3.4,-0.1,-4.3,0.3,-1.7,-6.2,-3.4,-4.7,-1.6,0.4,-0.5,2.0,0.9,1.0,-2.2,0.8,-5.7,1.9,-6.0,-2.8,-0.8,-2.0,-0.3,1.0,-0.5,-3.2,-2.1,-0.6,-2.2,-0.7,-2.2,-1.7,-1.8,-3.5,-2.9,-3.7,-3.8,9.4,-5.4,-3.5,7.4,-4.5,-3.4,-2.3,-1.4,-2.4,-0.5,-1.6,-1.7,-0.7,-3.0,-3.8,-2.8,-2.9,-5.9,-3.9,-1.7,-6.2,-2.0,-5.3,-5.1,-3.0,-0.7,2.6,-6.2,-9.6,-2.9,-7.8,-3.2,-1.9,-3.5,-3.6,-8.4,-3.6,-0.6,-3.6,-0.1,-3.6,-3.7,-1.6,-3.7,-3.3,-4.0,-4.4,-1.1,-3.2,-4.9,-1.7,-2.0,-1.5,-4.0,-0.7,-5.3,-5.0,-1.2,-1.2,-3.2,-1.1,-2.0,0.1,-2.3,-1.4,-4.8,-4.2,-3.9,-3.7,0.5,-4.1,-2.6,-7.2,-9.8,-1.7,1.0,-0.7,-4.7,-5.7,-3.5,-4.9,-8.6,-4.4,-6.9,-3.0,-3.6,-4.7,-2.8,-2.3,-4.6,-3.2,-2.4,-2.6,-1.6,-6.2,-4.0,-8.6,-11.4,-4.4,-4.8,-5.8,-3.1,-1.5,-3.2,-4.3,-4.6,-3.6,-2.9,-5.6,-3.0,-3.2,-4.5,-5.0,-3.9,-7.4,-6.0,-5.6,-3.1,-3.6,-1.8,-3.9,-5.3,-7.2,-5.3,-3.4,-5.2,-6.3,-3.5,-5.9,1.2,-3.3,-6.3,-7.8,-5.2,-4.0,-6.6,-5.8,-5.5,-2.8,-4.1,-3.4,-4.4,-5.3,-3.3
2C7L51D6EY,0,48.105062,11.621225,4441788.38,2778158.82,546.7,592.4,273,7238,4.3,0.69,0.57,32.6,348.93,-0.529,-0.103,0.842,-1.0,0.2,-0.23,0.33,0.9,0.3,-0.3,-1.4,-1.2,0.6,-0.1,0.9,2.0,2.4,-1.1,-7.5,2.9,1.9,2.7,-13.2,-0.2,-2.4,-0.4,1.3,2.0,0.1,-0.2,-2.0,-0.1,-1.3,-0.1,-5.2,0.9,0.2,2.8,0.1,-4.6,-21.2,-5.5,-6.0,-4.4,-4.2,-3.8,-2.1,-1.5,3.4,-5.3,1.3,6.1,1.0,-0.3,3.0,1.9,-1.1,-0.6,-0.5,2.6,0.2,1.6,1.8,-1.1,-0.3,-9.4,-3.8,-9.4,-3.2,-4.0,2.7,-2.2,-8.4,1.1,6.1,-1.4,0.6,-10.8,6.9,7.3,-1.7,-2.9,-0.2,-0.1,-2.4,-0.5,-3.4,-3.0,4.8,-1.5,-11.2,-0.4,-18.7,1.7,3.1,-0.3,-1.8,-6.3,-1.7,-4.1,-6.1,1.6,1.0,-0.1,-2.1,-1.2,0.6,-1.9,-7.6,-4.5,-2.9,-1.6,1.0,2.8,-3.5,-6.4,2.7,-2.2,-4.1,-3.1,-5.4,-0.3,0.3,0.8,2.1,-1.3,6.5,-0.8,-0.3,-2.3,-5.4,-3.2,2.9,-11.6,-1.5,-2.5,-1.9,-5.3,-6.3,-3.4,-13.4,-18.4,1.3,-6.9,-1.2,-0.8,0.9,-2.1,-4.4,0.2,-10.4,-5.7,-1.4,-1.9,-2.0,-2.9,-7.9,-1.0,-0.7,4.7,-1.3,1.3,-4.0,-6.5,-5.3,-3.0,-4.5,-2.3,1.4,-0.5,-1.1,-8.7,3.7,-1.3,0.7,0.4,-2.6,-4.9,-5.4,-15.0,-6.2,-4.6,-2.8,-3.3,0.8,-6.7,-2.9,-2.7,-14.9,-3.1,-8.5,-1.0,-2.7,-2.8,-2.4,-11.1,-2.1,-3.3,-4.6,-4.0,-10.5,-5.0,-6.4,-8.7,-14.2,-2.1,-3.0,-7.0,-1.3,-5.7,-4.7,-6.1,-4.4,-15.0,-2.0,-1.4,-5.7,-2.8
2C7L51D6FA,0,48.105315,11.623193,4441934.34,2778190.14,536.7,582.4,273,7276,2.5,0.85,0.39,32.6,348.93,-0.529,-0.103,0.842,-0.4,0.1,-0.53,0.19,0.6,0.2,-0.3,-0.3,-0.7,-0.4,-1.9,-1.3,4.8,-1.6,0.6,-0.5,-2.0,-1.3,0.7,0.7,-1.3,-0.2,-1.3,-1.6,-2.0,-3.9,-1.1,0.9,-3.2,6.1,1.4,0.4,0.7,5.3,4.5,1.6,-4.3,-7.6,-4.4,-3.9,-5.7,-0.8,-4.9,-3.4,3.5,2.5,-0.8,-0.1,1.5,1.5,-3.4,0.8,1.4,1.9,1.6,1.2,-0.8,-0.1,2.4,-0.6,0.1,-1.0,1.6,0.9,5.4,-0.7,4.0,5.4,3.6,2.0,-1.2,3.6,6.5,3.2,3.3,-3.0,-2.0,-4.4,-1.5,1.0,0.6,-0.6,-0.2,-1.1,-0.6,-0.7,-4.1,1.4,-1.8,6.7,-1.5,4.5,1.7,5.0,-1.8,-1.6,-3.2,0.2,2.3,-1.5,1.4,0.0,2.8,-1.3,0.2,0.7,0.5,0.8,1.8,2.4,3.1,-1.7,-1.6,1.6,-2.0,0.4,0.0,0.1,1.5,3.0,1.3,1.0,-0.3,-0.5,-0.2,-2.4,4.3,1.7,2.8,-13.3,-2.1,-0.5,0.2,-0.4,-1.9,-0.7,-1.4,3.0,-1.2,2.6,-3.8,-2.0,-1.2,-0.9,-4.1,-0.6,3.5,1.9,0.3,2.6,1.3,0.6,0.4,0.9,-1.1,-0.4,5.7,-1.3,-1.6,-2.0,-3.7,-0.9,-3.6,-0.7,-2.0,1.4,2.7,-0.3,0.6,1.4,0.1,0.2,3.4,1.2,-2.9,2.3,-0.6,0.1,-1.6,-1.5,-2.6,-2.1,-0.3,0.0,0.0,-2.6,0.9,1.5,0.3,0.7,-1.5,1.0,-2.1,-2.7,-2.5,-2.7,-0.5,-3.0,-2.4,-4.7,-5.0,-3.3,-2.8,-1.2,-2.6,-8.1,-2.0,-3.1,1.8,0.3,-1.5,-1.1,-2.2,-2.4,0.5
2C7L51D6Hh,0,48.106468,11.632168,4442600.14,2778332.95,537.1,582.8,273,7433,4.4,0.62,0.43,32.67,348.97,-0.53,-0.103,0.842,-3.8,0.2,0.4,0.34,1.2,0.3,-0.3,1.8,0.7,-0.6,1.4,1.2,-0.1,0.8,3.4,4.2,3.8,4.2,2.3,3.0,3.7,0.8,3.8,-12.5,-15.4,-10.2,-5.9,1.6,0.2,2.2,-12.1,-0.9,-7.6,0.6,3.4,3.7,-15.4,-1.6,-11.1,2.6,-10.3,-9.6,-10.4,0.8,-10.2,-4.4,-5.5,-1.8,-5.0,-7.8,-10.2,-5.2,1.3,0.6,1.8,-1.0,0.4,0.2,2.7,1.3,0.9,1.2,-1.6,-0.8,-1.4,0.4,-0.1,-1.7,-2.1,-8.1,0.3,-14.1,0.5,-0.1,4.2,-0.4,1.1,-1.6,1.3,-0.5,1.0,-2.8,-3.7,-2.0,-1.7,-4.2,-5.5,-2.6,-5.7,-3.6,-1.8,-2.6,-4.2,-3.5,-5.0,-4.0,-0.6,-2.4,-5.2,-10.4,-1.2,-19.5,-6.6,-7.6,3.2,1.5,2.8,0.1,1.8,5.0,3.6,-0.2,2.2,-18.5,-14.7,-11.6,-11.3,-5.9,-5.9,-15.6,-4.9,-2.1,-6.6,-9.1,-10.9,-13.6,-9.9,-11.7,-11.6,-10.6,-9.6,-10.7,-9.9,-9.3,-9.6,-10.7,-15.3,-14.3,-12.9,-9.5,-12.1,-14.3,-13.2,-13.1,-17.2,-10.6,-10.8,-13.4,-13.8,-13.3,-12.4,-14.3,-12.1,-9.3,-10.8,-11.2,-14.4,-11.0,-12.0,-14.2,-13.9,-14.3,-13.3,-13.1,-9.3,-11.4,-11.8,-13.4,-16.8,-17.2,-21.5,-17.8,-13.0,-10.3,-10.6,-11.9,-14.3,-15.9,-17.3,-14.4,-11.7,-16.4,-13.9,-10.8,-15.9,-12.7,-12.9,-15.0,-17.0,-21.5,-5.7,-13.7,-13.5,-12.0,-14.1,-14.8,-16.5,-19.0,-15.1,-20.1,-17.4,-18.5,-16.8,-16.4,-17.6,-16.2,-15.8,-19.4,-16.2,-15.0,-16.7,-15.8,-13.2,-15.9,-17.2
2C7L51D6Hi,0,48.106473,11.632206,4442602.95,2778333.56,536.2,581.9,273,7434,4.4,0.58,0.41,32.67,348.97,-0.53,-0.103,0.842,-3.6,0.2,1.15,0.35,1.2,0.3,-0.3,1.9,-2.3,-4.7,2.6,2.6,-4.7,-2.2,0.8,1.1,2.2,-0.6,4.7,1.3,1.9,-1.2,-2.2,7.4,5.2,-12.6,5.7,3.4,3.6,2.1,-13.7,-0.4,-7.9,-11.3,6.0,0.3,-18.1,-1.2,-12.5,5.4,-16.6,8.1,-12.7,1.1,-9.9,-4.5,-6.6,-5.3,-6.5,-9.8,-12.6,-8.4,0.2,-1.0,-1.7,-1.0,-1.8,0.1,1.2,-1.9,0.5,-0.8,-1.1,-1.2,-2.2,-1.0,-0.9,-1.8,-1.3,-12.9,-1.1,-16.2,0.2,-1.8,3.7,-1.5,1.6,-3.2,0.6,-1.3,0.8,-5.9,-1.4,-0.6,-1.3,-5.7,-2.4,-4.9,-4.0,-3.9,-2.9,-3.0,-1.1,-5.2,-12.5,-6.5,-1.8,-9.6,-3.7,-14.3,-8.4,-14.9,-12.5,-8.6,-8.0,-5.7,-2.1,-2.1,-8.5,1.9,-6.6,-2.7,-2.1,-2.6,-15.0,-13.7,-7.2,-6.2,-6.6,-4.7,-6.5,-4.8,-8.3,-9.8,-12.0,-5.7,-15.7,-17.1,-12.9,-10.7,-11.6,-11.5,-12.7,-9.0,-11.1,-11.5,-16.0,-16.4,-15.7,-11.2,-12.7,-14.3,-14.7,-14.1,-13.6,-9.5,-12.4,-9.6,-13.2,-13.3,-13.8,-13.8,-14.3,-12.6,-13.4,-12.0,-14.8,-10.5,-11.5,-14.9,-13.9,-15.3,-14.5,-11.4,-15.6,-15.6,-17.8,-11.9,-17.4,-17.4,-17.4,-15.8,-13.8,-13.3,-12.1,-12.5,-15.7,-15.8,-14.7,-15.4,-13.7,-14.9,-17.1,-14.4,-14.8,-20.8,-16.0,-17.1,-17.5,-12.8,-9.6,-18.0,-12.3,-14.0,-15.1,-18.1,-18.8,-17.4,-16.6,-19.4,-20.3,-5.5,-12.2,-19.7,-17.4,-16.6,-17.0,-7.2,-12.5,-8.7,-28.5,-10.5,-11.3,-13.4,-15.0
2C7L51D6Hn,0,48.106574,11.632995,4442661.48,2778346.07,560.4,606.1,273,7439,3.8,0.73,0.48,32.68,348.97,-0.53,-0.103,0.842,-0.1,0.2,0.15,0.29,0.5,0.3,-0.3,-0.1,1.9,1.8,1.4,0.7,1.4,-0.9,1.2,1.1,0.7,-0.5,-10.0,0.0,-2.0,2.4,-1.2,2.1,-1.6,-8.5,-7.6,-9.4,2.6,1.6,7.3,11.8,2.7,0.6,-5.7,-3.1,2.7,-7.7,-3.4,-4.1,-3.5,0.3,11.2,-3.5,-4.9,-3.7,-0.1,1.2,16.5,-4.3,-0.4,-0.2,1.4,-11.6,-3.8,5.7,2.6,0.2,4.8,3.5,3.0,5.0,0.7,6.6,0.4,-1.1,-0.4,-2.9,0.4,-1.9,-3.2,2.0,0.7,-0.2,4.6,0.4,1.7,3.2,2.1,-4.0,-0.2,0.7,-0.3,0.8,-0.3,1.9,-2.3,-1.3,-1.6,-2.7,-4.1,-0.4,1.3,0.1,2.7,2.8,4.1,-1.2,-2.7,-5.6,-1.5,-2.0,-5.8,0.3,1.4,-2.0,0.0,3.0,2.0,5.7,0.2,-2.6,-1.0,0.6,-5.5,1.0,-0.7,-3.6,-1.6,0.7,-2.3,-0.5,-3.4,-8.2,-2.3,-1.8,-1.9,0.2,1.7,-0.5,1.0,1.8,0.9,0.4,1.4,-2.5,-2.0,4.6,1.5,-8.9,-4.5,-1.5,-4.0,-1.2,-7.6,4.5,1.9,14.6,-2.1,-2.5,-3.2,-0.0,0.0,-4.2,-0.1,-1.7,1.5,5.7,4.1,0.3,1.3,-0.5,2.3,-0.7,0.9,0.1,0.3,-0.6,-4.5,-0.0,-5.4,-2.5,-5.5,0.8,0.4,0.5,-2.0,-0.7,-0.4,-7.8,3.8,-9.5,-8.2,-3.6,1.0,9.8,2.1,-3.2,-5.1,-1.3,-0.9,0.1,-3.0,-2.7,-0.7,0.1,-3.4,-5.8,1.8,-1.2,5.7,-2.5,-5.8,0.6,5.0,0.3,4.9,-1.9,-1.1,1.8,-0.3,0.3,1.3,-0.9,1.5
2C7L51D6Hq,0,48.106606,11.633099,4442669.14,2778349.79,558.3,604.0,273,7442,4.3,0.72,0.45,32.68,348.97,-0.53,-0.103,0.842,-0.5,0.2,-0.08,0.33,0.7,0.3,-0.3,-0.8,-2.5,-1.6,2.5,-3.7,-0.1,-2.7,-3.2,-1.7,16.3,-1.2,-0.1,-4.3,-1.8,-2.4,-4.3,-6.0,-5.4,-4.7,-6.1,-3.3,-5.3,0.5,1.6,1.0,-2.2,-3.6,7.7,-0.0,-5.0,1.6,-5.6,-5.6,-4.1,-5.5,-1.7,-0.3,-4.2,-0.9,0.4,1.8,-0.5,-3.2,-3.9,-3.8,-3.8,-4.3,0.2,-1.3,2.9,0.9,-0.2,-0.7,-0.6,-0.9,-2.7,-2.1,-1.4,1.0,-1.5,0.5,-0.2,0.2,-3.7,-1.6,-7.1,0.3,0.4,-5.4,-2.4,2.4,-0.1,-0.0,-2.3,-2.5,-1.9,-2.5,-4.4,-2.8,-3.8,-3.5,-5.2,-3.8,-3.6,-2.2,-1.2,-4.2,-3.1,-2.1,-6.6,-6.2,-4.1,-3.2,-3.8,-8.1,-3.2,-0.4,-2.7,-3.8,-2.5,-6.0,-4.9,-4.3,14.3,-4.1,-5.7,-4.2,-2.8,-4.9,-6.1,-4.6,-4.2,-4.3,-2.2,-2.3,-3.5,-3.0,-6.8,-6.4,-4.2,-1.4,-2.0,2.3,-4.4,-4.3,-2.1,0.7,-3.3,0.3,8.3,7.3,-3.8,-1.3,-2.2,-4.0,-8.6,-7.9,-4.1,4.9,1.3,3.1,-7.7,-3.5,-5.3,1.5,-0.8,4.5,-4.5,0.5,-4.5,-1.9,-0.4,-3.1,-3.6,-5.2,-1.1,-4.7,-7.2,-4.4,-4.1,-9.9,-9.1,-4.1,-8.7,-9.4,8.3,-2.7,4.3,-1.8,-1.2,-1.0,-5.9,-4.5,4.5,2.2,-7.0,-6.9,-7.0,12.2,-6.4,-7.7,-9.8,11.3,-9.1,-3.6,-1.8,-5.8,-6.8,-6.9,-8.4,-12.8,1.8,-5.1,-0.3,-8.6,-6.4,-2.3,-0.1,12.3,12.3,-7.5,-8.2,-4.5,-5.0,-10.1,-6.9,-12.3,-8.6
2C7L51D6IH,0,48.106738,11.634127,4442745.41,2778366.2,533.0,578.7,273,7469,3.8,0.55,0.51,32.68,348.97,-0.53,-0.103,0.842,-0.5,0.2,-0.6,0.29,4.0,0.3,-0.3,-0.3,-1.4,0.5,4.8,-0.3,3.6,1.3,1.6,2.4,1.1,3.3,0.1,2.6,3.5,0.1,0.6,-0.5,-0.4,-3.0,-6.3,-2.1,2.7,-4.7,7.4,-4.0,-11.2,-5.9,-5.5,-12.6,-8.1,-4.2,-11.9,-10.5,-6.5,-2.6,-5.9,-4.5,-13.5,-6.1,7.7,-10.9,-3.3,-8.9,-9.1,-6.4,-3.3,-6.1,-5.7,-4.1,-0.6,-0.0,0.7,0.4,2.8,2.8,0.1,0.3,-2.6,1.8,0.5,-0.0,1.5,-0.9,-0.5,-0.2,-3.6,1.0,4.3,-2.7,1.3,1.2,-0.5,1.4,0.2,-3.4,3.0,-1.3,2.1,-0.1,-0.9,-0.9,-6.4,-5.6,-0.5,5.3,-8.4,0.6,-9.3,2.2,2.7,-3.8,-10.1,-2.2,4.8,-6.6,-3.9,2.6,-13.9,-12.6,4.1,2.2,-11.3,-3.6,-9.3,-2.9,-1.3,3.0,1.7,-9.7,-13.5,-5.4,-1.3,7.9,-2.1,0.4,2.3,-0.9,0.8,2.1,1.0,-0.2,2.1,-0.8,3.2,1.3,3.1,2.1,-5.6,-2.2,3.9,-1.4,-3.9,0.2,-7.8,-5.0,-5.8,-7.7,-9.4,-2.5,0.5,-13.4,-5.1,1.0,-0.7,-3.2,-0.8,2.5,0.3,-1.0,3.1,-0.5,3.5,2.1,2.3,0.0,1.0,0.3,1.2,-3.5,-9.7,-9.1,-12.9,-7.3,-13.0,-10.2,-5.4,2.0,-13.3,-9.1,-7.7,-4.6,-10.3,1.4,-12.3,-3.4,0.4,1.2,-1.2,2.4,-0.6,-0.7,-1.3,-3.6,-3.0,-4.1,-2.6,-7.6,0.2,-7.0,-6.4,-7.7,-8.9,-6.2,-4.2,-9.0,-7.2,-10.8,-3.9,-9.4,-9.7,-9.2,-7.8,-4.5,-1.3,-3.8,-0.8,-0.1,4.4
2C7L51D6HN,0,48.106409,11.631419,4442544.49,2778325.12,557.2,602.9,273,7413,4.7,0.58,0.54,32.67,348.97,-0.53,-0.103,0.842,-1.1,0.2,-0.68,0.36,0.8,0.3,-0.3,2.3,2.1,-5.9,0.1,-2.5,4.0,-0.6,0.9,-6.8,10.1,-2.9,-0.7,0.1,-0.6,2.6,-4.5,4.4,-3.7,0.9,2.5,2.6,-2.1,3.6,-12.0,1.4,1.0,3.4,-0.3,2.9,1.9,1.6,3.8,3.1,1.7,1.7,-4.9,3.7,9.9,10.9,4.7,5.9,1.5,5.5,-4.6,-2.3,-1.2,0.2,0.0,-6.5,-0.8,-0.9,-5.5,9.9,3.4,3.2,-3.4,-1.9,-2.3,-0.8,-6.6,-4.8,1.0,-3.4,0.4,3.7,-1.6,-2.0,-5.9,-5.5,9.0,-1.1,-6.8,-4.3,0.9,1.7,-12.5,1.9,-2.6,5.6,-0.2,-5.2,-5.1,2.0,-6.7,4.1,8.2,5.4,-9.7,-5.5,-7.6,9.8,-6.0,-2.0,1.6,-3.9,1.8,2.8,2.6,-6.8,-3.2,0.2,4.0,-11.2,11.0,4.9,-4.4,1.5,-1.7,-0.5,2.3,-13.7,-1.9,2.2,0.6,2.4,0.2,6.1,0.4,-4.7,1.2,1.1,0.8,2.5,-0.3,4.9,9.0,5.3,4.0,3.9,3.3,5.5,6.7,5.1,2.0,5.9,-3.5,7.8,-4.6,-1.8,4.5,-4.1,-3.8,2.4,1.8,-1.5,-1.0,-3.2,-1.8,-1.2,-0.1,-7.3,-3.2,0.7,-4.8,3.5,-6.7,-4.4,-6.1,-4.0,-13.0,-8.6,-10.2,0.1,-11.0,-0.9,-0.3,-2.2,4.0,0.5,0.2,0.8,4.0,-5.2,-3.0,-4.9,-2.0,-3.0,-2.9,-8.6,-3.1,-4.9,-5.2,-4.0,-6.0,-2.2,-4.4,-4.4,-0.7,0.1,-6.2,-8.4,-3.8,0.7,1.8,8.1,-15.9,-18.4,-2.5,-4.4,-0.8,-9.0,-4.9,-5.9,-1.7,-2.4,-6.5,-6.0,-6.0
2C7L51D6HO,0,48.106421,11.631517,4442551.79,2778326.68,559.2,604.9,273,7414,4.1,0.65,0.48,32.67,348.97,-0.53,-0.103,0.842,-1.6,0.2,-0.37,0.31,1.9,0.3,-0.3,0.2,-0.7,-3.9,-0.6,-2.5,1.4,-2.8,-3.0,-3.1,3.2,-2.8,1.4,-4.9,-1.5,-2.5,-4.4,-0.0,-8.5,-0.6,-0.9,-2.6,-4.3,-1.2,5.1,0.6,0.3,0.4,1.0,-3.0,-1.6,-0.4,-4.7,-1.4,-4.6,-2.3,-5.7,8.9,11.1,10.5,1.7,1.2,1.1,2.2,4.2,-4.4,-2.0,0.2,-3.5,-5.5,-1.6,-3.4,-2.4,-3.1,-1.7,-2.9,-4.2,-1.8,-3.7,-3.3,-4.5,-6.6,-2.1,-5.9,-5.3,-3.3,-2.7,-4.0,-5.2,-4.9,-5.6,-2.7,-3.9,-3.8,-2.2,-8.0,-8.4,-7.6,-10.0,-10.8,-13.6,-8.4,-8.2,-9.4,-6.0,-7.1,-9.5,-5.9,-6.7,-5.8,-9.1,-15.0,-9.2,-5.2,-4.8,-6.6,-3.8,-1.5,-3.6,-4.4,-1.3,-0.3,-0.3,2.3,0.7,3.4,3.1,-2.2,-2.0,-1.2,-0.7,-8.3,1.8,0.2,-0.6,-0.2,-1.1,-2.6,-2.7,-2.6,-0.8,-1.1,-1.9,-0.3,0.5,4.3,-16.5,0.9,0.7,4.8,4.9,5.2,1.0,3.8,2.4,2.8,-2.7,6.3,-7.9,-3.2,3.8,-0.8,-2.3,-4.4,-8.7,-2.8,-3.7,-3.6,-5.3,-8.7,-5.6,-5.6,-4.2,-4.2,-7.3,-4.0,-7.7,-7.1,-8.3,-5.6,-6.6,-10.4,-9.9,-6.0,-9.5,-15.7,-2.9,-13.0,0.3,-4.0,-5.4,-4.8,-15.7,-5.2,-4.3,-5.1,-4.8,-6.1,-6.2,-11.6,-6.6,-10.5,-9.2,-5.9,-8.8,-9.9,-10.2,-5.8,-10.3,-14.4,-7.1,-6.2,-5.7,-21.2,-5.4,-5.8,-3.8,-18.5,-4.9,-6.9,-3.9,-11.9,-9.9,-6.5,-5.5,-4.3,-6.5,-7.6,-8.7
2C7L51D6HR,0,48.106404,11.631382,4442541.74,2778324.55,545.2,590.9,273,7417,2.5,0.85,0.37,32.67,348.97,-0.53,-0.103,0.842,-0.9,0.1,0.08,0.19,0.9,0.2,-0.3,-0.8,0.7,-3.1,2.9,2.3,-3.6,-1.6,-3.7,-3.1,2.5,-2.8,0.1,1.1,-2.0,-3.4,-5.5,-3.0,-2.9,-2.2,-3.0,-0.4,1.8,-0.9,-1.0,-0.5,-0.1,0.1,2.3,-0.4,-2.7,-3.5,-1.5,-4.9,-2.7,-4.6,0.5,-0.9,-0.2,0.3,2.8,1.1,0.6,-0.6,-4.0,1.1,-1.2,-2.1,-0.3,-0.4,0.1,-1.0,0.5,-0.5,2.1,-0.9,1.0,-0.5,2.1,-0.8,-2.1,-1.5,0.6,1.9,-3.0,-0.8,-2.0,-3.9,-3.6,-5.1,-2.8,-3.0,-3.0,-2.1,-1.7,-4.7,-1.3,-2.2,-3.1,-4.1,-1.2,-5.8,-3.8,-2.6,-4.7,-1.8,-0.9,-3.0,-2.4,0.6,-2.7,-0.5,-3.9,-3.6,-4.0,-2.1,-1.3,1.3,-3.3,-1.9,1.4,-2.2,-1.4,-0.5,-0.4,-2.2,-1.2,-1.0,1.3,-0.3,-1.0,4.3,-2.9,-4.4,-8.1,-3.2,0.4,3.6,7.4,-3.9,0.3,3.8,-10.9,-7.6,-13.5,-1.1,-2.3,6.4,-5.7,-9.3,-8.9,-2.8,-2.2,-13.1,-2.2,-3.5,-3.4,-3.0,-6.0,-2.2,2.6,-3.3,-2.9,-2.4,-5.0,-2.0,-4.8,-2.3,-3.1,-1.8,-2.8,-2.0,-2.4,-4.2,-5.5,-1.7,-2.1,-3.1,-2.0,-1.2,-1.6,-5.9,-8.6,-1.5,-5.4,-2.1,-4.3,-2.2,-2.8,-6.4,-5.4,-1.5,-5.4,-6.7,-3.9,-4.6,-4.1,-7.2,-3.7,-2.3,-3.7,-2.4,-1.0,-2.3,-3.4,-0.6,-5.2,-6.9,-4.6,-5.0,-7.1,-6.9,-5.2,-4.3,-3.0,-3.1,-6.1,-4.1,-3.6,-4.1,-5.6,-4.5,-3.4,-4.2,-4.5,-3.5,-4.0,-5.2,-5.3
2C7L51D6Hd,0,48.106488,11.632034,4442590.11,2778334.93,543.7,589.4,273,7429,3.2,0.79,0.39,32.67,348.97,-0.53,-0.103,0.842,-1.0,0.2,-0.16,0.25,0.7,0.2,-0.3,1.2,0.7,1.3,3.2,0.4,-1.0,-1.6,0.8,-0.4,-0.6,2.0,0.9,0.7,-0.1,-1.1,0.2,-3.7,-1.6,-2.9,-2.8,-2.7,-3.2,-0.8,-1.9,0.3,1.2,2.2,2.3,0.9,0.1,-3.7,-3.4,-3.8,-2.7,-4.2,-3.1,-4.7,-6.8,-1.9,-2.4,-3.3,-1.2,-2.2,-1.5,-4.5,2.8,-3.3,-2.1,-3.0,0.6,-1.6,2.7,-1.2,0.4,-2.4,-1.2,-2.0,-2.5,0.3,-2.0,-2.7,-1.3,-2.5,1.5,-9.8,-3.5,-2.5,1.0,-2.3,-1.1,-2.5,-2.3,-3.1,-1.2,-2.6,-1.2,-2.4,-3.9,-1.6,-3.7,-2.8,-4.8,-6.8,-6.9,-4.6,14.5,-4.2,-9.3,-4.7,-4.4,0.7,-1.5,-3.9,-0.3,0.2,-1.1,-1.6,-0.1,9.3,2.2,-0.3,0.9,1.6,-0.0,-4.5,-1.1,-0.5,-1.8,2.6,6.0,-0.2,-2.4,-1.2,-2.5,-0.5,-0.7,-2.9,-2.6,-2.7,-1.1,-3.7,-1.4,-4.6,0.8,1.0,-6.3,-4.0,-2.6,-7.6,-0.3,-7.8,-9.4,-7.8,-4.6,1.6,-6.8,-8.4,-7.3,2.7,1.9,-1.7,-0.7,-5.1,-5.4,4.4,-3.8,1.6,-4.8,-4.0,-1.8,-0.2,3.7,-0.9,0.6,-1.6,-1.5,-4.5,-5.3,-2.0,-1.0,10.5,-13.6,-5.4,-6.2,-1.1,-1.4,-2.6,-3.9,-2.6,-4.8,-8.7,-6.6,-7.6,-6.2,-7.4,-2.6,-7.3,-7.3,-8.7,-7.4,-4.2,-7.4,-3.1,-2.3,-9.3,-4.0,-6.0,-2.0,-8.0,-9.0,-7.2,-6.4,-6.0,-1.5,-3.7,-6.3,-6.0,-4.3,-2.3,2.5,-3.3,-3.6,-4.3,-1.7,-4.6,-8.6,-5.7,-6.4
2C7L51D6Hp,0,48.106626,11.63311,4442669.95,2778352.02,561.9,607.6,273,7441,3.9,0.69,0.46,32.68,348.97,-0.53,-0.103,0.842,-0.8,0.2,-0.01,0.3,0.9,0.3,-0.3,0.2,3.4,0.0,1.7,3.2,-12.5,1.2,3.9,1.8,-4.0,1.2,-5.4,-0.5,-0.6,-1.2,-0.5,-0.0,0.8,-4.2,-4.1,-6.4,-2.1,-4.6,3.7,0.3,-2.8,-0.7,-6.9,-1.1,-2.5,-6.5,-2.1,-5.0,-7.0,0.2,1.1,-1.3,1.1,2.1,2.6,3.6,2.2,1.1,1.5,1.7,-0.3,-1.7,5.2,2.6,5.9,4.8,2.3,0.7,0.8,0.3,1.9,-0.5,-1.6,-0.7,-2.8,1.0,-2.5,-14.1,-5.2,-11.5,-9.6,-7.3,-5.6,-4.5,-3.7,-3.1,-3.0,-7.1,-2.5,-4.3,-2.9,-1.8,-2.9,-3.2,-4.7,-3.1,-4.0,-4.9,-5.2,-3.7,0.1,1.0,-1.5,-1.3,-2.9,-0.4,0.8,1.1,-0.3,-1.7,-3.2,0.6,1.4,-1.0,-0.3,-4.0,-5.2,1.8,-7.3,-4.1,-4.7,-7.9,-1.9,-4.9,-3.4,-3.0,-2.2,-3.8,-3.8,-2.8,-5.0,-1.2,-8.3,-6.0,-2.5,-2.8,1.6,-1.2,-2.3,-1.9,-0.4,9.4,-3.9,-3.6,-9.1,-0.4,-2.7,-5.2,-2.9,-0.1,-2.1,-2.1,-7.4,-1.4,-6.8,-3.0,-3.8,-1.6,-5.0,-0.4,-0.8,-5.7,0.7,6.1,-1.2,-3.6,-2.0,-1.4,-2.5,-0.8,-1.4,-3.0,-2.9,-4.5,-0.5,-3.9,-7.3,5.9,-6.1,-4.1,-1.9,3.6,-0.5,0.5,-14.6,4.2,-0.2,-1.6,-14.9,-12.5,-10.8,-2.5,-4.9,-11.3,-1.3,2.4,-2.5,-6.7,-4.1,4.7,-2.7,-8.0,-11.4,6.2,-4.6,-11.4,-8.3,1.3,5.3,-5.2,-2.3,3.5,-12.5,-8.7,-5.8,-2.7,-3.7,-3.8,-3.8,-9.2,-8.2,-11.1,-5.7
2C7L51D6JT,0,48.107371,11.638917,4443100.73,2778444.42,561.5,607.2,273,7543,4.4,0.63,0.54,32.7,348.97,-0.53,-0.103,0.841,-0.2,0.2,0.62,0.34,0.7,0.3,-0.3,-1.6,1.5,-3.6,6.1,2.5,2.0,3.1,0.5,-3.4,-3.7,-1.4,-1.3,-4.9,0.0,-2.7,-1.4,-3.6,-0.1,-2.9,-3.4,-0.4,-6.3,0.1,-3.3,-0.9,-6.4,3.1,2.9,0.4,-3.8,-6.9,-7.2,-4.3,-6.8,-2.5,-6.2,0.8,0.7,0.4,4.0,4.9,2.0,-3.4,-4.9,-3.2,-1.3,-1.3,-0.2,1.6,2.7,2.8,4.2,-0.0,-3.8,2.3,-2.1,-1.1,-0.6,-1.4,-2.4,-5.5,-2.1,-7.2,-1.3,0.7,-2.9,-0.9,-4.7,0.1,2.8,-0.8,-3.6,-0.5,-2.3,-7.1,-1.2,-5.2,-5.3,-6.1,-6.5,-3.0,-1.8,-1.7,8.2,1.0,-11.3,-0.6,-4.7,-7.7,-8.2,-0.1,-2.7,-10.8,-6.8,-2.0,4.5,-0.2,-1.4,-2.0,-0.3,0.7,-2.1,-3.2,-2.0,-1.4,-2.7,-5.1,-4.4,-6.1,-13.0,-6.1,11.9,-0.3,1.9,-1.9,1.8,-13.8,3.9,0.4,4.1,-4.2,-9.0,-13.8,-5.6,7.8,-2.1,-5.1,-11.4,-6.4,5.9,-0.9,2.1,4.7,-2.2,-0.9,-6.4,-8.0,-6.8,0.5,0.8,0.7,-4.6,-3.9,-4.0,-3.2,-3.3,3.7,-2.0,-2.1,-3.1,-4.7,-3.4,-3.5,-2.3,0.8,-1.2,-3.9,11.6,3.4,-4.9,-14.0,-8.1,1.2,-5.2,5.3,-0.5,0.1,-0.1,-5.0,-11.2,-4.6,-3.7,-10.1,-1.1,-3.1,-0.9,-1.3,-5.3,-3.2,-2.7,-5.5,0.5,9.4,0.2,-5.0,-2.8,-1.3,-4.2,-14.7,1.3,-4.2,-11.2,-2.4,3.1,1.0,10.7,-7.5,-4.5,0.2,6.9,-0.7,-1.1,8.2,-3.8,-1.3,0.2,-1.3,-7.9
2C7L51D6HS,0,48.106429,11.631433,4442545.52,2778327.44,545.2,590.9,273,7418,2.7,0.82,0.42,32.67,348.97,-0.53,-0.103,0.842,-0.8,0.1,-0.04,0.2,1.5,0.2,-0.3,-0.8,1.1,-1.7,-0.6,1.5,-9.3,-2.7,-6.9,-1.9,-0.9,-0.9,2.3,-0.4,-3.4,-2.9,-6.8,3.9,-4.0,-6.5,-8.8,-4.3,2.7,-3.8,0.0,-1.0,-5.4,1.0,4.7,-2.8,-3.9,-3.9,-2.5,-4.0,-0.3,-3.1,-0.3,0.8,-2.9,3.6,5.5,-1.5,-3.8,3.3,-9.6,0.2,-0.3,0.2,-0.2,0.3,0.9,1.1,0.5,0.3,-0.3,2.0,0.3,1.4,3.4,-0.7,1.2,-0.8,-0.3,0.2,-0.0,-1.6,1.4,-1.7,-2.2,-4.8,-1.9,-4.8,-7.0,-2.8,-1.8,-1.7,-1.2,-1.6,-1.4,-4.1,-1.6,-4.9,-6.5,-3.8,-3.7,0.9,-1.1,-0.7,-1.9,0.2,-3.0,-3.0,-4.2,-5.0,-3.4,-1.7,-1.9,0.9,-1.6,-1.6,-2.1,-2.6,-0.1,0.8,1.3,-0.1,1.7,-1.3,2.8,-0.3,0.3,1.8,-1.7,-5.8,-1.0,-3.1,0.3,-0.2,-2.9,-3.9,-1.9,-1.3,-4.5,-2.8,-8.4,-7.3,-5.8,3.1,-5.9,-8.9,-10.5,-13.8,-9.4,-6.7,-10.5,-3.8,-3.3,-5.7,-7.7,-3.5,1.4,-2.5,-3.8,-0.1,-3.0,-1.7,-1.2,-1.5,0.1,-0.2,-3.1,-1.8,-2.9,-0.5,-1.9,-1.7,-0.8,-1.4,-3.1,-1.1,-1.1,-5.3,-8.3,-2.5,-6.0,-5.8,-2.3,-2.0,0.2,-2.3,-3.8,-2.9,-5.3,-4.4,-3.1,-5.2,-2.6,-0.7,-3.2,-2.8,-3.1,-2.7,-1.1,-1.9,-2.0,-2.5,-2.5,-4.6,-5.1,-3.9,-7.1,-10.0,-7.5,-6.6,-4.1,-3.4,-6.4,-3.6,-5.4,-4.2,-4.8,-6.4,-3.5,-4.6,-2.9,-1.9,-3.5,-5.7,-3.8
2C7L51D6HT,0,48.106428,11.631426,4442544.98,2778327.33,542.1,587.8,273,7419,2.0,0.9,0.31,32.67,348.97,-0.53,-0.103,0.842,-0.9,0.1,0.08,0.15,0.9,0.1,-0.3,-2.1,-0.0,-0.2,-2.2,-0.0,-2.0,-0.5,-1.3,-0.5,-1.1,-0.8,-0.5,-1.7,-0.5,-1.4,-2.0,-0.5,-0.6,-3.4,-2.7,-2.6,-1.4,-1.7,-0.5,-0.7,-1.4,-0.0,-1.7,-2.8,-3.5,-4.5,-4.2,-5.2,-2.5,-2.5,-0.4,-0.3,-0.4,0.8,0.8,-0.7,-1.4,-0.8,-2.4,-0.9,-1.7,-1.4,-2.1,-2.7,-0.9,-1.9,-0.0,-1.1,-0.3,-0.2,-0.0,-2.0,1.9,-1.4,-1.7,-2.3,-3.0,-2.4,-2.9,-3.4,-1.8,-2.3,-0.6,-0.6,-1.2,-1.2,-1.9,-1.9,-1.7,-1.5,-0.9,-1.0,-1.7,-1.8,-3.6,-4.1,-4.9,-2.6,-3.2,-1.9,-0.2,-2.1,-0.8,-2.5,-3.7,-4.5,-4.8,-6.2,-4.7,-5.4,-4.6,-2.6,-1.9,-3.6,-1.4,-2.3,-1.7,-1.1,-1.1,-0.6,-0.9,-0.8,-0.9,-1.9,-1.3,-2.2,-6.2,-5.1,3.5,-4.4,-2.7,-2.1,-4.9,-4.9,6.6,-4.8,-4.4,1.2,-8.5,-7.6,-7.6,2.3,-7.2,-6.5,-11.9,-9.3,-8.5,-0.5,-7.5,-2.6,-2.7,-4.3,-8.1,-2.2,0.7,-3.9,-5.0,-2.7,-6.0,-2.5,-1.9,-1.3,-2.1,-1.6,-3.5,-2.2,-3.2,-2.6,-3.1,-1.9,-2.5,-1.4,-3.4,-3.8,-3.3,-3.7,-8.9,-4.3,-6.9,-5.3,-3.4,-3.8,-1.1,-3.5,-5.4,-5.3,-6.4,-5.6,-5.1,-5.5,-2.8,-2.2,-3.3,-5.3,-4.4,-4.0,-3.4,-3.4,-4.2,-4.3,-4.7,-5.3,-6.6,-5.4,-7.5,-7.3,-5.5,-6.1,-4.7,-4.8,-6.7,-5.4,-5.5,-4.9,-4.4,-7.4,-4.6,-5.4,-4.5,-3.7,-5.9,-5.5,-4.9
2C7L51D6HU,0,48.106429,11.631431,4442545.36,2778327.41,539.6,585.3,273,7420,4.3,0.65,0.38,32.67,348.97,-0.53,-0.103,0.842,-0.6,0.2,0.83,0.33,1.0,0.3,-0.3,-1.0,-0.9,-0.9,-0.4,-0.7,-2.6,-0.2,1.0,-1.0,-1.5,-2.9,4.3,-2.8,-2.7,-2.3,-2.1,-0.9,-3.2,-3.2,-6.5,-6.3,-5.2,-5.6,-3.3,-4.0,-4.5,-3.1,-6.1,-7.4,-8.3,-7.2,-8.1,-9.9,-7.8,-4.8,-2.1,-4.0,-2.0,-2.1,-3.2,-4.8,-6.2,-4.7,-5.9,-6.1,-6.1,0.9,2.9,-6.2,-13.5,-4.0,-1.9,-2.7,-2.0,0.6,-5.7,6.3,3.0,-7.9,-0.1,-3.6,-1.1,-4.1,-2.6,-2.2,-1.8,-4.8,0.3,-2.4,-2.5,1.9,-2.7,-1.8,-1.7,-6.8,-5.0,-9.5,-8.7,-5.1,-6.0,-5.6,-7.1,-4.2,-10.1,-7.9,-0.1,-3.7,-9.5,-3.2,-3.0,-1.6,-5.2,-2.0,-3.6,-13.4,-9.0,-0.7,-4.8,-8.0,-1.3,-3.7,-2.5,-1.5,-4.8,-2.0,-1.2,-2.5,2.2,-3.3,0.8,-12.3,-15.4,-14.6,-16.6,-14.1,10.1,-15.7,-15.9,-16.3,-16.4,-10.9,-14.4,-16.6,-15.6,-10.8,-11.7,0.3,-8.0,-8.6,-16.1,-13.7,-12.8,9.3,-12.7,-5.7,-6.5,-7.2,-9.9,-3.0,-0.0,-3.5,-2.6,-1.1,-3.9,-0.2,-1.1,-2.2,-1.6,-2.7,-0.1,-4.3,0.3,-3.0,-2.9,-2.0,-2.6,-4.0,-1.2,-3.9,-8.4,-7.3,-8.5,-4.7,-6.7,-7.9,-1.9,-8.1,-4.7,-5.6,-7.4,-5.9,-6.8,-3.7,-3.7,-6.3,-5.1,-5.0,-3.5,-7.8,-5.4,-7.0,-3.9,-3.8,-5.3,-5.9,-10.2,-1.1,-5.9,-5.3,-12.1,-9.5,-5.1,-4.5,-3.3,-4.8,-7.7,-8.7,-7.4,-6.2,-6.6,-10.1,-4.6,-4.9,-4.4,-2.9,-7.1,-4.5,-5.8
2C7L51D6Hs,0,48.106599,11.632758,4442643.76,2778348.52,537.7,583.3,273,7444,3.4,0.68,0.46,32.68,348.97,-0.53,-0.103,0.842,-1.5,0.2,-1.99,0.26,1.3,0.2,-0.3,-1.8,-0.7,-1.3,-2.8,-3.1,-2.6,-0.5,-0.6,1.3,-2.9,-0.7,-3.9,-1.3,-0.3,0.4,-1.2,-0.7,-2.3,1.0,-3.4,-9.3,2.6,-0.6,1.4,-3.2,-3.9,7.1,-0.3,2.1,-5.0,1.6,-7.0,-8.5,-1.2,-4.3,-3.4,2.8,-3.2,3.7,-0.9,0.5,-0.4,-1.8,0.4,0.8,3.1,-0.6,-1.6,2.3,-1.2,1.4,1.5,2.3,1.0,0.9,1.7,-2.5,0.7,-0.6,-2.3,-0.7,1.4,-0.9,1.5,-2.3,-6.5,1.1,1.1,-1.0,1.0,-1.9,3.4,1.1,0.3,1.0,-0.2,-1.3,-2.2,-1.6,0.6,0.5,-0.9,-0.6,-5.2,-0.2,-0.5,0.4,1.4,-7.8,-8.3,-5.1,-2.2,-6.5,0.1,0.1,-5.5,0.9,-3.7,1.2,-3.0,1.1,3.8,-2.9,4.0,6.2,2.0,3.0,-3.2,1.0,-0.3,-0.2,1.1,0.7,-1.7,-3.1,-4.9,-6.3,-2.8,1.0,-2.0,-0.1,-0.1,0.7,0.1,-0.7,-0.5,-3.2,1.6,0.5,-4.5,11.5,1.9,2.3,-4.6,-7.8,-5.7,-5.4,-1.9,-0.1,2.6,0.2,3.2,-2.3,4.4,4.3,1.2,-4.9,-7.8,3.6,8.4,5.2,4.0,3.0,-0.2,-1.6,1.9,2.3,1.0,-4.5,-2.1,-1.3,-9.2,-0.6,-1.0,-8.6,-4.7,-3.6,-0.8,3.1,-2.8,1.0,-0.5,-4.1,-2.5,-2.9,1.0,-8.9,-3.6,-11.2,-2.5,-4.0,-7.7,-4.0,-5.0,-8.1,-4.4,-12.7,-7.0,-12.9,-16.1,-13.6,-12.3,-14.0,-8.8,-6.9,-11.5,-13.0,-10.9,-6.6,-8.3,-12.8,-9.1,-6.7,-8.6,0.0,-11.5,-2.8,-15.3
2C7L51D6JV,0,48.107384,11.638876,4443097.59,2778445.84,554.2,599.9,273,7545,4.7,0.69,0.46,32.7,348.97,-0.53,-0.103,0.841,-1.5,0.2,0.18,0.36,0.5,0.3,-0.3,-1.5,-4.1,-1.8,1.5,-1.4,2.3,4.7,3.2,-1.5,3.4,2.1,1.6,-0.1,1.2,-2.7,1.8,-2.2,-1.3,-0.6,-0.4,-5.9,-0.7,-2.4,-3.2,-3.6,-2.6,-2.4,3.1,-1.0,-3.3,-0.5,-1.0,-4.1,-6.7,-0.6,1.8,-1.6,2.2,2.2,-0.4,-1.2,2.0,-0.2,2.2,-2.5,-0.7,0.9,0.0,1.0,3.3,0.4,1.5,-8.2,-3.1,-0.9,-9.3,-2.8,0.4,-0.0,1.7,0.5,-0.3,-1.9,3.7,2.3,-17.2,-20.0,0.1,-1.6,-2.4,2.9,-0.1,5.1,-6.4,-0.3,-0.6,-3.5,-7.4,-3.3,-2.4,-5.1,-5.0,-2.8,-0.8,-4.7,3.4,-0.0,-1.1,-0.5,-0.3,-3.2,-3.3,-3.8,-1.9,-4.8,-2.1,-1.9,-1.8,-3.1,-4.4,-0.9,-1.6,-1.7,-2.5,0.5,-3.3,-6.5,-3.7,1.6,-2.7,-1.2,-2.2,-0.5,-0.6,-0.4,-2.0,-0.4,-2.4,0.1,1.2,-4.4,-2.6,-2.0,0.6,2.5,0.7,-6.0,-7.9,-4.3,-2.7,-2.5,3.1,1.1,-0.4,-24.1,-4.2,-14.6,-7.2,-7.0,-20.7,-3.4,-3.5,-4.6,-3.8,0.5,0.8,-2.1,3.4,1.9,-21.3,-3.5,-18.9,2.9,-9.8,-4.9,-0.9,-2.6,-2.7,-2.7,1.9,-10.1,-12.9,-6.0,-7.9,-9.2,-6.8,-5.0,0.8,1.9,-6.2,-1.4,-15.9,-7.9,-10.6,-8.9,0.5,-9.2,-11.0,-5.3,-6.8,-7.8,-4.9,-2.1,-8.3,-2.4,-4.9,-15.7,-21.5,1.2,-9.9,-6.3,-13.0,0.2,-4.8,-7.3,-3.0,-4.7,-8.3,-2.0,-3.1,-7.6,-10.4,-0.4,-22.0,-0.4,-1.9,-4.7,-6.7
2C7L51D6JS,0,48.107392,11.638791,4443091.28,2778446.54,558.6,604.3,273,7542,3.4,0.77,0.43,32.7,348.97,-0.53,-0.103,0.841,0.1,0.2,-0.01,0.26,0.3,0.2,-0.3,2.1,0.1,3.0,0.4,0.4,1.7,-1.0,1.9,-0.5,-3.2,-3.0,1.9,4.4,-1.5,-4.1,0.0,6.4,5.9,-3.3,1.6,1.2,-1.5,2.6,3.3,-6.0,-13.8,0.9,6.1,0.2,1.7,3.2,-2.6,-9.4,-7.5,-3.5,-16.5,-12.0,0.7,-1.0,4.7,2.9,2.3,-9.6,-3.0,-4.8,-2.8,-2.5,-2.4,-2.5,-1.7,-1.6,0.4,-1.6,0.1,-1.0,-6.0,2.7,0.5,-3.4,-2.8,-5.3,-2.1,-6.9,-0.8,-2.6,-2.7,-1.7,0.5,-2.1,-0.9,-1.9,-1.5,-1.1,-1.6,-8.5,-0.8,-2.0,-2.8,1.6,-3.3,-3.6,-1.8,-1.0,3.2,-2.3,-0.4,-0.9,2.5,-6.7,-3.1,-1.4,-3.5,0.0,-2.5,-2.2,0.9,1.1,2.1,-1.1,-1.0,-1.3,0.4,-0.4,2.9,4.5,1.2,0.2,-3.3,-0.7,1.4,1.0,0.2,-0.1,0.2,3.2,0.3,0.2,-1.3,-0.2,0.4,-7.5,-5.2,-0.3,-0.2,0.1,0.7,0.7,2.7,1.7,-1.0,-0.9,3.5,1.1,-2.3,-2.7,-7.3,-8.5,5.3,-0.7,-0.6,-2.9,-1.2,-0.9,-1.5,1.6,0.7,-0.3,-1.3,-1.8,-3.3,-0.3,-3.0,1.0,-1.6,2.2,-0.4,-4.1,-1.5,0.3,1.0,2.4,0.5,-0.5,0.2,-3.5,-1.6,1.6,6.9,2.8,4.1,2.5,-2.8,-2.4,2.2,0.5,-0.4,-1.5,0.4,-4.3,-2.8,-1.3,-2.6,0.4,-0.4,-4.0,-4.3,-1.5,-2.0,-12.0,-1.5,-2.6,1.8,-0.5,5.7,4.9,4.0,-3.9,-4.3,-0.8,-0.8,-4.6,-3.4,0.9,-1.3,-1.1,3.9,2.3,-5.7
2C7L51D6HZ,0,48.106543,11.632031,4442589.77,2778341.05,553.2,598.9,273,7425,2.4,0.86,0.37,32.67,348.97,-0.53,-0.103,0.842,-0.6,0.1,-0.22,0.19,1.1,0.2,-0.3,-1.3,-1.7,-0.0,-0.9,-2.3,-0.6,0.3,1.2,-1.1,1.2,-0.4,-1.2,-0.4,-0.5,0.6,0.9,-0.9,0.3,-3.1,0.3,-3.2,-1.3,-2.4,0.0,-1.1,-1.5,0.6,0.5,-3.3,-2.7,-5.7,-7.3,-6.3,-5.2,-2.8,-1.7,-2.1,0.1,-3.3,0.2,-2.0,-0.2,0.7,-2.0,-2.7,-5.2,-1.8,-0.8,-1.2,1.2,-1.5,-1.9,-1.9,-1.9,0.9,-3.7,-2.7,-1.8,-3.1,-3.1,8.8,-0.6,-3.8,-3.8,-5.3,-2.2,-0.2,2.8,-1.2,-1.3,-1.3,-1.2,-2.4,0.1,-1.6,-4.4,-3.5,-3.5,-5.3,-3.6,-5.7,-8.2,-5.6,-2.8,-5.7,-5.7,-5.0,-4.5,-1.8,-6.0,-4.9,-4.9,-3.1,-7.2,-5.2,10.4,-0.4,-3.2,-1.7,-0.4,-1.8,-1.1,-0.3,-0.2,-0.0,-0.9,-0.6,2.9,1.7,1.4,-3.0,-3.0,1.7,-1.5,-0.8,-1.9,-1.0,-1.8,4.0,-0.1,0.9,0.2,-0.1,-1.8,-2.3,-1.6,-0.0,-2.7,-1.9,-4.9,-2.7,-3.0,1.8,-3.4,-4.9,-8.1,-6.1,-6.6,0.2,1.0,-4.4,-4.1,-1.8,-2.5,-1.7,-2.1,-0.9,-1.9,0.6,0.7,-2.6,-0.5,-2.4,-3.4,-3.8,-0.6,-2.2,-2.5,-2.4,-2.9,-5.0,-5.0,-1.0,-7.1,-5.7,-4.5,-2.0,-0.3,-3.5,-3.6,-4.1,-5.1,-7.7,-5.4,-4.8,4.9,-1.9,-3.4,-5.6,-9.7,-5.4,-3.9,-0.7,-0.3,-3.6,-3.0,-3.4,-3.8,-5.4,-7.1,-3.2,-5.5,-6.2,-0.4,-0.9,-6.4,-3.4,-5.2,-3.4,-4.1,-7.4,-5.6,-6.1,-2.6,-3.5,-5.8,-4.3,-0.4
2C7L51D6Hf,0,48.106551,11.63209,4442594.14,2778342.02,540.1,585.8,273,7431,3.5,0.73,0.39,32.67,348.97,-0.53,-0.103,0.842,-1.6,0.2,-0.22,0.27,1.5,0.2,-0.3,-0.2,-2.9,-0.5,-3.8,-2.5,-1.9,-1.6,-1.0,0.2,4.2,1.1,0.7,-2.5,-1.9,-0.6,0.1,-2.2,-0.8,-2.0,-2.6,-4.3,-1.0,-2.9,-2.3,1.1,2.2,-0.6,1.6,-5.6,-1.7,-4.9,-5.8,-2.5,-4.6,-2.7,-3.8,-1.1,-1.1,0.8,0.5,2.7,-0.7,-4.8,0.2,-1.9,-6.4,-5.0,-1.3,-3.5,-2.7,-3.8,0.8,-1.4,3.1,1.9,-0.1,0.6,0.3,-4.7,-1.1,-3.3,-4.9,-0.5,-4.7,-0.9,-0.3,-1.7,0.6,-1.6,-2.3,-0.6,-1.8,-0.4,1.2,-1.4,1.0,-2.3,-1.9,-1.4,-8.4,-2.1,-1.5,-3.2,-2.8,-2.9,-4.8,-1.1,-4.3,-3.0,-5.7,-6.1,-8.1,-4.1,-11.8,-7.3,-1.8,3.0,-9.8,-8.9,-9.0,-8.1,-14.5,-12.5,-13.3,-10.4,-10.6,-6.0,1.1,5.5,-11.8,-9.0,-9.1,-5.4,-4.1,-2.0,-3.2,-9.1,-3.6,-2.7,-1.4,-3.6,-0.9,-5.2,-8.4,3.2,-4.2,-1.2,-6.0,-6.0,-5.8,-0.4,-3.0,-3.8,-1.9,-7.9,-12.0,-5.0,-17.1,-3.2,-1.4,-6.3,-6.6,-2.4,-4.9,-1.9,-13.1,7.5,-6.7,2.3,-2.2,-5.7,-9.7,-7.3,-3.1,-1.6,-0.1,-7.9,5.8,-11.0,0.5,-9.7,1.9,-6.7,-9.4,-5.5,-5.4,-5.0,-3.8,-7.0,-7.2,-8.5,-6.9,-9.6,-10.9,-6.6,-11.5,-6.9,-10.1,-4.9,-6.5,-7.9,-3.2,-7.1,-7.8,-8.3,-10.3,-4.4,-10.7,-11.2,-11.9,-11.0,-10.6,-10.8,-6.2,-9.9,-11.9,-7.2,-9.8,-11.0,-15.0,-14.2,-8.8,-8.6,-15.2,-4.9,-5.3,-9.5,-7.6
2C7L51D6JX,0,48.107398,11.638691,4443083.78,2778447.04,541.4,587.1,273,7547,4.3,0.66,0.5,32.7,348.97,-0.53,-0.103,0.841,0.6,0.2,-0.24,0.32,0.9,0.3,-0.3,-1.2,-0.8,-1.8,0.2,-3.1,0.8,3.7,2.5,0.6,-2.7,0.6,2.1,-3.2,2.5,-2.2,3.0,-2.2,-0.2,-0.8,-1.0,1.4,2.3,4.3,8.5,2.2,-0.3,-5.7,0.1,-4.4,-5.2,3.5,-3.4,-7.2,-4.6,13.7,-2.1,-2.9,-1.3,-0.9,-2.4,-3.1,-4.0,-5.8,-3.0,-6.0,-3.1,-3.8,-0.1,-0.3,1.0,4.9,-0.2,-0.1,-1.9,-2.1,-1.9,-1.7,-0.1,-1.9,-0.0,-0.4,0.9,-1.3,3.6,-1.8,-0.7,1.6,0.4,2.3,1.2,3.1,2.9,1.4,0.6,3.1,1.3,-0.4,-1.7,-2.0,-5.0,-4.8,-4.5,-2.9,-1.4,-3.3,-4.7,-1.9,-4.0,-4.9,-9.7,3.0,-11.4,-4.9,-2.4,-1.9,0.5,-2.2,-4.2,-0.7,-2.8,-5.5,-6.9,-5.0,-5.3,15.7,14.0,12.5,8.9,13.4,11.4,6.9,7.0,5.1,4.3,6.8,2.3,0.5,2.5,9.0,-8.2,0.1,2.8,-6.2,0.1,-2.8,-3.0,2.5,0.3,-0.3,2.1,10.7,7.7,6.6,9.0,1.8,-2.7,-0.2,2.8,6.9,4.0,-5.2,-0.1,4.9,-5.4,4.7,3.1,7.1,1.6,2.4,-3.8,1.3,2.5,2.9,1.3,2.8,3.6,2.5,4.1,3.2,1.8,-3.7,-6.3,-1.5,-2.2,-0.9,-0.5,4.6,6.6,3.5,-6.5,0.9,-1.7,-1.2,0.6,-3.1,-2.1,1.1,3.5,5.3,-2.3,-5.5,-2.0,-1.2,-0.2,2.4,9.3,3.5,-4.2,2.5,-0.3,3.7,1.5,1.6,4.4,4.0,0.3,3.2,2.6,2.4,9.0,3.4,1.4,-3.0,0.9,3.3,2.1,2.9,3.5
2C7L51D6Ea,0,48.105159,11.621106,4441779.26,2778169.31,535.6,581.3,273,7240,1.6,0.94,0.31,32.6,348.93,-0.529,-0.103,0.842,-0.7,0.1,-0.17,0.12,0.4,0.1,-0.3,-1.9,-0.3,-1.5,-0.9,0.0,0.2,-0.4,-2.1,-1.3,0.8,-2.1,1.8,-0.5,-0.5,0.6,-1.3,-1.5,2.2,0.9,-1.3,-2.2,0.4,-0.6,-1.6,1.0,0.6,2.1,2.1,-0.2,-5.8,8.5,-3.5,-3.6,-2.2,-6.7,-4.4,-1.7,-0.9,0.6,-0.8,-1.1,0.3,1.5,0.0,-2.0,-1.4,-1.0,-3.2,-0.6,-2.3,-1.3,-2.8,-0.6,-1.3,-2.2,0.2,-1.8,-0.7,-2.2,-1.7,-0.9,-1.1,-0.7,-1.2,-0.1,0.3,-1.3,-2.6,-1.0,-0.9,-1.9,-0.6,-1.3,-1.1,-1.3,-2.0,-0.7,-0.8,-0.9,-1.8,-2.1,-3.4,-1.8,-2.8,-3.4,-1.5,-2.3,-7.6,-2.5,-2.0,-3.4,-3.0,-3.8,-0.4,-2.5,0.0,-2.4,-3.3,0.3,-2.7,-2.1,-2.0,-1.8,-0.5,-3.3,0.4,-0.8,-2.1,-3.1,-1.6,-2.5,-2.2,-2.3,-1.7,-1.5,-2.0,-2.8,-3.0,-2.2,-1.1,-0.4,-2.0,-1.5,-1.2,-2.7,-1.9,-1.6,-0.4,-1.0,-1.3,-3.3,-0.4,-2.1,-2.4,-4.3,-0.2,-2.0,-3.7,0.5,-1.3,-0.5,-3.2,-4.1,-2.9,-2.8,-3.7,0.2,-1.4,-1.4,-0.6,-1.1,-0.9,-1.4,-1.1,-1.3,-3.4,-3.1,-2.4,-0.6,-2.2,-4.8,-2.4,-1.9,-5.3,-2.7,-1.3,-3.3,-5.5,-1.9,-1.4,-3.0,-6.5,-4.0,-2.5,-2.0,-3.4,-2.5,-2.1,-4.8,-3.8,-2.3,-3.8,-2.1,-4.5,-2.9,-2.2,-3.9,-2.6,-3.8,-6.2,-7.9,-4.3,-7.3,-7.4,-7.5,-1.0,-4.5,-3.6,-5.9,-2.6,-2.6,-4.6,-4.3,-4.3,-4.7,-3.0,-3.9,-5.3
2C7L51D6Hx,0,48.106687,11.633003,4442661.81,2778358.61,536.5,582.2,273,7449,2.4,0.87,0.37,32.68,348.97,-0.53,-0.103,0.842,-0.6,0.1,0.19,0.18,0.3,0.2,-0.3,-0.2,-1.6,-1.6,0.2,-2.1,-0.9,0.6,0.5,-0.4,1.1,-0.8,0.6,-0.0,0.6,1.5,0.3,-2.9,-2.6,-4.0,-1.8,-4.2,-2.9,-1.9,1.3,1.3,-2.3,4.5,-1.3,-1.7,-4.8,-1.6,0.9,-5.2,-3.9,-0.7,1.0,0.3,3.3,4.7,-0.5,-0.2,0.6,2.3,-5.2,2.1,-5.5,-6.9,-2.5,-2.4,-1.7,-0.2,-2.4,-2.5,-2.3,-1.8,-2.4,-2.6,-2.0,-2.1,-3.4,-1.7,-2.8,-2.6,-4.3,-15.3,-4.7,-3.2,-2.4,-3.6,-4.0,-2.4,-3.3,-2.1,-2.3,-1.3,-1.7,-2.4,-4.0,-4.0,-5.8,-3.5,-1.7,-4.6,-3.2,-6.1,-4.8,-4.2,-1.3,-3.2,-4.3,7.3,-6.7,-8.1,1.6,-4.9,-6.1,-0.2,-2.1,-1.8,-8.2,-2.1,-3.1,-2.4,-2.0,-4.6,-1.5,-3.0,-2.6,-4.0,-2.8,-3.0,-3.0,-1.6,-5.3,-1.8,-1.9,-2.6,-2.7,-1.3,-3.3,-2.1,-1.5,-1.6,-4.0,-1.9,-3.1,0.0,-2.0,0.0,-4.4,-0.3,-1.2,-0.7,-0.9,-4.3,-9.2,-6.0,-7.2,-3.8,1.2,0.7,-5.0,-6.8,-4.3,-7.2,-1.7,-2.3,-3.5,-1.3,-1.1,-1.3,-1.5,-2.0,-4.0,-2.0,-1.9,-2.3,-1.2,-5.0,-1.2,0.8,-3.9,-0.4,-5.2,-5.2,-1.9,-1.5,-2.1,-4.1,-3.1,-1.3,-1.6,-5.0,-2.3,-4.5,-4.5,-3.3,-2.5,-5.3,-3.8,-5.1,-5.8,-3.7,-3.6,-3.2,-5.5,-8.2,-3.8,-3.0,-6.6,-7.9,-4.7,-4.8,2.9,-2.5,-4.0,-5.5,-6.8,-5.0,-4.8,-4.9,-5.6,-4.4,-2.8,-2.9,-6.6,-7.2,-3.7
2C7L51D6Hy,0,48.10669,11.633031,4442663.89,2778359.06,535.1,580.8,273,7450,2.1,0.88,0.31,32.68,348.97,-0.53,-0.103,0.842,-0.7,0.1,0.72,0.16,0.9,0.1,-0.3,-0.5,-3.2,-0.5,0.8,-0.6,0.8,0.4,-1.0,-0.7,0.7,-0.6,0.9,-1.7,-2.0,-0.2,-1.1,-1.8,-2.2,-3.2,-1.5,-3.5,-1.3,-1.2,1.4,1.4,-0.5,-0.4,-1.9,-2.4,-4.6,-1.2,-3.1,-5.7,-5.1,-3.8,-0.1,-1.9,-2.1,-3.2,-1.5,-1.9,-0.4,-0.8,-6.0,-0.5,-3.0,-3.2,-3.0,-1.4,0.5,0.6,-2.8,-2.7,-1.7,-1.3,-1.4,-1.9,-2.0,-0.6,-2.0,-1.2,-1.8,-2.8,-2.0,-13.9,-4.7,-1.5,-3.3,-3.6,-2.4,-1.8,-1.4,-1.9,-1.5,-1.7,-0.8,-1.8,-2.7,-4.6,-4.0,-2.6,-5.6,-4.1,-2.7,-5.8,-2.8,-4.6,-5.5,-3.5,-8.7,-11.4,-8.5,-9.3,-5.6,-8.5,-5.7,-5.0,-4.7,-3.7,-5.4,-4.4,-3.2,-2.8,-2.0,-5.4,-2.7,-3.4,-3.6,-5.1,-2.0,-1.3,-0.7,-1.3,-4.7,-1.8,-2.3,-1.9,-2.4,-1.4,-3.0,-4.1,-1.3,-1.4,-2.5,-2.6,-1.5,-0.2,-0.3,-0.5,-6.7,-1.7,-3.7,-4.1,-6.2,-4.5,-9.8,-7.9,-8.4,-2.3,-0.9,-4.3,-7.4,-7.4,-4.3,-5.7,-5.1,-4.2,-6.0,-4.3,-5.6,-3.4,-3.2,-3.7,-3.8,-3.6,-3.7,-4.7,-2.6,-7.7,-2.7,-7.7,-12.6,-8.3,-6.1,-7.1,-2.8,-3.2,-2.5,-5.7,-3.2,-2.7,-3.8,-6.5,-3.0,-3.3,-5.9,-5.2,-10.1,-7.2,-6.4,-3.5,-2.8,-3.4,-0.8,-2.3,-5.4,-6.0,-2.5,-3.6,-5.2,-3.9,-3.3,-5.6,-0.8,-4.5,-6.7,-5.7,-4.3,-4.4,-4.8,-5.2,-4.9,-2.5,-1.4,-2.7,-4.8,-5.1,-0.9
2C7L51D6Hz,0,48.106683,11.632973,4442659.59,2778358.15,529.5,575.2,273,7451,3.1,0.75,0.43,32.68,348.97,-0.53,-0.103,0.842,-0.5,0.2,1.2,0.24,1.4,0.2,-0.3,0.5,1.2,3.7,1.5,-2.0,1.9,0.2,-3.7,-2.1,-0.1,-2.8,-0.7,-4.2,-3.5,-2.0,-3.3,-4.0,-4.1,-3.1,-4.5,-2.8,-2.3,-3.4,0.1,-2.8,2.5,-1.9,-3.2,-0.6,-8.4,-5.9,-4.3,-7.6,-9.4,-6.4,-7.3,-6.8,-9.9,-8.0,-3.2,-5.7,3.2,-7.7,-4.3,-4.8,-4.2,-3.4,-4.3,-7.9,-2.3,-0.0,-4.6,-4.2,-4.6,-5.2,-3.6,-6.6,-6.5,-2.1,-8.5,-4.5,-7.9,-5.3,-2.4,-4.5,-8.1,-2.6,-3.6,-5.7,-4.0,-3.6,-5.6,-4.2,-4.6,-2.7,-3.2,-2.1,-4.0,-5.6,-4.3,-2.8,-8.8,-8.1,-4.4,-5.9,-6.3,-8.1,-10.0,-11.2,-11.3,-12.9,-8.3,-10.2,-9.7,-11.3,-7.4,-5.8,-6.6,-10.5,-5.5,-7.3,-5.7,-4.1,-4.9,-6.8,-4.3,-4.9,-4.2,-7.2,-4.8,-2.6,-1.4,-2.2,-8.8,-4.8,-3.9,-5.4,-5.2,-5.4,-7.3,-11.3,-6.1,-1.1,-4.3,-3.7,-4.3,-0.4,-2.9,-2.4,-9.2,-5.0,-8.7,-7.5,-8.8,-9.9,-17.2,-8.7,-12.9,-4.0,-1.5,-6.2,-11.1,-11.2,-4.3,-6.1,-8.7,-4.5,-4.4,-8.1,-6.7,-5.0,-6.8,-15.9,-9.9,-6.4,-5.1,-8.8,-3.8,-8.5,-5.5,-12.1,-13.9,-8.7,-9.1,-10.8,-5.1,-3.3,-5.5,-8.4,-3.8,-4.8,-3.9,-8.3,-3.2,-8.4,-2.3,-9.9,-9.6,-6.3,-8.9,5.3,-2.6,7.7,-5.6,3.4,-5.9,-6.2,-1.2,-1.8,-5.2,-3.0,-3.6,-13.4,-8.4,-6.5,-8.8,-8.0,-3.1,-9.5,-0.7,-5.0,-4.2,-7.2,-7.6,-2.8,-3.2,-12.4,-8.1
2C7L51DNHY,0,48.105183,11.621151,4441782.57,2778172.06,550.1,595.8,274,7236,3.7,0.72,0.47,32.59,348.93,-0.529,-0.103,0.843,-1.1,0.2,0.2,0.28,0.5,0.2,-0.3,-0.1,-2.0,0.8,0.4,1.9,5.7,-3.3,-2.6,0.7,8.5,3.3,5.0,2.2,1.5,4.1,0.5,-4.2,-3.5,-1.0,-5.3,1.0,1.1,2.8,-8.6,0.3,-2.8,1.3,3.6,-0.6,-8.7,4.8,-10.0,-2.1,-3.4,-4.0,-7.1,2.0,5.6,1.0,3.3,-1.3,0.7,1.0,-5.7,0.5,-2.2,-1.6,0.3,-2.6,1.9,0.5,-3.7,0.5,1.4,3.1,-2.2,-0.2,-2.8,-0.8,-13.6,6.9,2.4,-4.6,4.9,9.2,0.5,1.3,-5.1,-0.7,-1.9,3.6,0.2,3.0,-1.0,1.2,-3.0,1.3,1.0,1.3,-4.7,0.6,1.5,0.2,-1.9,-1.9,-5.2,1.4,-9.2,-5.4,-0.3,-1.5,-2.3,-1.5,2.2,-3.1,0.1,-3.6,-3.8,-0.6,-1.0,-2.4,-0.9,0.8,-0.5,1.3,0.7,-6.3,0.5,-2.9,-2.1,0.8,-3.7,-1.3,-3.2,-0.2,-2.2,7.6,-5.2,-5.9,-4.5,1.4,-3.8,-1.8,-0.4,-1.4,-2.8,-0.5,-0.2,-0.3,-0.2,-1.0,0.8,1.1,1.8,-4.5,3.1,0.2,-5.2,0.0,-0.7,5.6,-8.7,-5.2,-8.6,-9.0,-10.2,-11.0,-2.2,-8.2,-0.9,-14.2,-2.8,0.4,-1.0,-0.9,-9.8,-6.7,-6.9,-3.8,-1.4,-6.2,-5.3,-6.7,-1.5,-4.6,-1.6,-8.1,-10.1,0.6,-1.7,0.3,-10.5,-0.6,-3.3,1.6,-6.1,-5.6,-9.4,3.8,-4.4,-2.1,-5.3,-1.7,-4.9,-5.6,-1.5,-1.9,-7.8,-1.8,-5.0,-3.3,-15.5,-2.0,-0.5,-6.6,-8.1,2.5,-6.6,-6.9,-4.6,-5.5,-4.2,-3.3,-3.0,-1.2,-1.2,-4.6,-2.1
2C7L51DNHZ,0,48.105172,11.621068,4441776.42,2778170.75,543.3,589.0,274,7237,4.4,0.66,0.54,32.59,348.93,-0.529,-0.103,0.843,-0.8,0.2,-0.06,0.34,0.4,0.3,-0.3,2.6,-1.8,-3.6,-0.4,0.6,4.9,0.7,-1.6,-3.2,5.7,2.1,3.9,-1.9,-1.7,-1.0,-0.7,-2.6,2.6,-1.0,-3.6,-3.2,-1.1,3.1,1.6,-3.0,-1.9,-0.7,4.5,2.7,4.6,-17.2,-11.5,-4.1,-4.7,-6.3,-6.0,-1.2,1.0,-2.0,-0.9,-2.8,7.5,-1.8,-10.7,-2.3,-4.8,3.0,-18.3,-2.9,6.1,8.8,9.5,-6.5,-3.3,-3.2,-5.3,9.2,-13.4,-8.8,-15.8,3.2,-0.7,-2.6,5.0,5.8,3.5,3.1,-9.2,-5.1,-3.0,2.4,-0.9,3.3,-6.5,0.6,-1.3,-0.5,0.3,-0.5,-1.4,-1.5,-0.5,-3.3,-2.0,-3.5,-2.5,-0.7,-9.5,-2.4,-2.8,-5.9,1.6,-0.0,1.0,-3.9,-0.8,2.5,-1.7,-3.5,-5.9,-3.3,-1.3,-1.1,-3.3,1.2,-4.6,-11.1,-3.3,-5.2,-5.9,-3.5,-6.5,-4.1,-5.1,-2.7,2.8,-14.8,-5.6,8.1,-6.5,-15.7,2.1,7.9,-3.5,-3.2,-3.0,5.0,-3.1,-4.4,-1.8,-4.7,-1.8,-0.7,-3.9,0.2,0.6,1.1,-0.8,-3.8,0.5,1.0,1.7,-2.3,-1.7,-5.5,-2.1,-7.4,-0.4,-3.3,-3.4,5.4,-2.9,-0.9,-1.3,-4.3,-5.3,-5.8,-6.9,-5.4,-7.3,-4.6,-5.9,-6.9,-4.1,-1.6,1.1,1.1,-0.7,-1.5,-6.1,-2.4,-6.5,-3.4,-4.6,3.0,-6.9,-3.8,-3.1,4.9,-4.7,-6.9,-3.2,-6.3,-6.2,-7.3,-4.1,-7.7,-5.0,-3.3,-6.2,-5.2,-15.1,-1.9,-2.9,-7.6,-5.4,-0.1,-6.1,-0.9,-5.1,-6.2,-6.1,-7.6,-5.5,-2.9,-1.4,-5.4,-3.5
2C7L51DNHb,0,48.105179,11.62112,4441780.24,2778171.58,539.3,585.0,274,7239,2.7,0.84,0.4,32.6,348.93,-0.529,-0.103,0.842,-0.4,0.1,-0.19,0.21,0.2,0.2,-0.3,-1.2,-1.2,-3.2,1.7,-0.9,4.7,1.0,-3.9,-1.6,2.9,-2.9,5.4,-1.6,-0.0,0.4,-0.6,-3.1,0.1,-0.2,-3.4,0.5,-0.8,-0.4,-1.3,-1.0,3.7,3.0,1.6,-0.1,-5.2,6.7,-2.1,-4.8,-4.4,-7.6,-3.6,-2.6,-2.1,-0.1,-1.8,-3.2,0.0,-0.2,1.2,-3.9,-3.4,-1.4,-2.3,0.3,-2.3,-2.3,-2.1,-2.5,-1.6,-0.0,0.3,-2.1,-0.3,-2.7,1.0,-0.0,-1.6,-6.8,-3.5,1.0,3.8,-0.4,-4.6,-0.6,3.6,0.1,-0.5,3.3,1.4,1.1,1.3,0.5,-0.7,-1.6,-3.8,-3.0,-3.0,-3.6,-3.3,-5.1,-2.1,-3.8,-3.9,-0.9,-2.8,-4.5,-4.6,-0.5,1.0,-3.0,-2.8,0.0,-0.0,-0.6,-3.2,-0.8,-1.1,-3.8,-1.4,-4.2,-1.4,1.6,-3.5,-4.3,-3.8,-2.7,1.4,-3.2,0.4,-1.6,-0.3,-0.3,-1.3,-4.0,-2.5,0.2,-2.4,-3.3,-3.6,-2.1,-2.2,0.5,-2.1,-2.9,-2.2,-1.8,4.1,1.4,-3.0,0.2,-1.9,-0.1,-3.6,0.3,-1.6,3.1,-0.8,-4.7,-3.9,-3.0,-2.9,1.6,0.0,0.0,-12.4,0.5,-1.0,1.2,2.3,1.1,-2.0,-1.0,1.9,-0.7,-0.5,-4.6,-3.6,-1.5,-6.0,6.2,-0.1,1.2,-2.0,-0.2,0.5,-2.6,-4.9,0.8,-1.5,1.5,-1.1,0.0,-5.9,-4.4,-4.3,-4.9,-10.3,-3.2,-2.3,2.3,-1.8,-1.7,-1.2,1.8,-7.3,-12.9,-2.4,-2.7,-7.8,4.2,-5.2,-2.3,-4.1,-3.4,-3.5,-1.7,0.1,-4.4,-3.6,-3.9,-2.2,-4.0,-7.3
2C7L51DNJc,0,48.1061,11.628295,4442312.55,2778285.75,541.9,587.6,274,7364,4.2,0.4,0.5,32.66,348.97,-0.53,-0.103,0.842,-1.1,0.2,-0.05,0.32,6.2,0.3,-0.3,-1.2,3.2,-2.3,-0.1,-1.7,2.9,-6.3,2.6,-4.3,-1.7,2.4,0.6,-4.4,-3.5,-3.2,-4.9,-4.2,-6.2,-13.2,-10.0,-12.8,-10.9,-9.5,-11.4,-5.5,-10.5,-11.9,-8.9,-26.3,-15.3,-17.2,-16.1,-16.7,-19.2,-17.2,-11.3,-12.2,-9.3,-8.3,-9.8,-12.0,-9.2,-13.4,-5.8,-9.7,-9.9,-8.8,-5.1,-8.4,-5.5,-5.6,-6.0,-4.9,-2.1,-3.3,-1.4,-3.2,1.7,-2.9,1.8,-1.9,-10.1,-4.3,0.2,1.7,-2.1,-10.2,-1.7,-1.4,-3.9,-0.2,-5.3,-4.2,-5.5,-3.5,-6.4,-14.0,-10.5,-4.8,-17.3,-4.4,-19.5,-10.3,-15.9,-10.8,-7.7,-11.1,-16.2,-11.1,-17.9,-14.2,-16.4,-19.0,-8.4,-11.2,-14.2,-14.3,-16.6,-16.8,-13.1,-14.9,-13.0,-9.6,-12.8,-15.0,-13.6,-6.6,-8.1,-2.1,-22.3,-4.9,-11.0,-4.3,-9.5,-6.0,-5.9,-11.5,-6.5,-4.8,-2.1,-6.3,-4.0,-1.7,-8.2,-3.9,-6.9,-12.1,-9.7,-9.9,-10.7,-9.9,-12.5,-4.5,-9.9,-26.1,-5.6,-11.4,-19.4,-13.0,-2.7,-9.0,-6.5,-7.8,-8.0,-5.2,-5.7,-5.4,-2.6,-4.3,6.8,0.1,-10.1,-0.6,-17.1,-1.9,-6.8,-9.2,-8.4,-14.7,-12.4,-15.0,-11.8,-27.2,-10.8,-13.7,-14.9,-5.5,-10.6,-16.6,-15.0,-14.7,-13.1,-13.5,-12.5,-3.9,-4.9,-16.8,-1.3,0.6,-2.3,-2.3,-3.3,-13.4,-15.7,-7.2,-18.0,-15.6,-16.6,-18.9,-15.0,-17.5,-22.3,-14.1,-21.3,-14.3,-31.4,-12.8,-14.0,-13.5,-15.8,-12.3,-13.7,-10.2,-9.3,-4.9,-7.6,-6.4,0.8
2C7L51DNKj,0,48.106605,11.632223,4442603.94,2778348.26,541.0,586.7,274,7433,4.6,0.56,0.47,32.67,348.97,-0.53,-0.103,0.842,-4.1,0.2,0.73,0.35,2.2,0.3,-0.3,-0.6,-2.0,0.4,0.7,-0.5,0.9,-1.4,2.4,1.5,4.0,1.9,4.1,2.4,1.4,-0.2,4.9,-12.6,-15.9,-14.8,-10.7,1.7,3.0,2.4,-18.1,-15.1,-11.2,0.0,4.8,1.1,-20.6,-1.6,-12.8,-0.8,3.0,-14.0,-12.0,3.4,-12.8,-7.5,-5.7,-4.2,-9.2,-13.4,-17.3,-10.3,-0.6,-0.1,1.9,-0.7,1.3,-0.7,0.8,-1.2,0.5,0.4,-2.7,-0.0,-2.0,-0.5,-1.1,-3.7,-4.9,-12.0,-0.6,-16.6,0.1,-1.3,2.8,-0.9,-0.7,-1.1,1.2,-1.3,0.3,-5.6,-4.5,-1.4,-2.8,-4.6,-10.5,-4.5,-8.0,-5.3,-3.4,-2.7,-8.1,-3.7,-13.2,-9.6,-2.3,-4.1,-6.1,-12.8,-8.9,-17.1,-13.7,-14.0,-5.3,-6.8,-2.8,-9.3,-7.4,-16.8,-2.8,-6.2,-0.8,-16.0,-16.3,-14.5,-13.6,-8.0,-8.8,-15.0,-9.0,-5.5,-12.4,-10.5,-13.7,-18.6,-11.5,-13.9,-14.7,-13.1,-14.8,-13.3,-14.4,-12.5,-12.7,-14.1,-19.3,-14.8,-15.2,-13.7,-16.8,-18.2,-17.1,-16.1,-21.8,-14.6,-15.8,-13.2,-15.8,-18.9,-16.6,-14.1,-13.4,-12.2,-12.8,-13.8,-17.3,-13.4,-12.7,-15.2,-15.1,-14.0,-14.4,-14.8,-13.3,-15.9,-16.3,-17.0,-19.5,-17.6,-20.4,-22.9,-15.0,-14.9,-13.0,-14.8,-18.2,-18.6,-19.7,-16.7,-16.5,-17.5,-17.2,-15.3,-15.7,-16.9,-15.0,-16.7,-15.4,-16.1,-13.8,-17.1,-16.2,-15.7,-18.5,-19.9,-21.7,-23.2,-21.4,-25.4,-24.0,-21.5,-21.5,-21.6,-20.0,-23.0,-18.0,-22.5,-18.9,-17.3,-19.3,-17.0,-17.5,-17.7,-21.5
2C7L51DNMa,0,48.10744,11.63873,4443086.59,2778451.79,539.2,584.9,274,7548,3.4,0.76,0.43,32.7,348.97,-0.53,-0.103,0.841,-1.3,0.2,0.51,0.26,1.0,0.2,-0.3,-1.0,-0.9,0.1,-0.4,-0.5,0.6,-1.3,0.1,-1.4,-0.9,-1.8,0.1,-2.7,-1.3,-2.8,-4.2,-9.2,-3.6,-4.8,-4.2,-2.2,-4.4,-6.0,-4.4,-3.4,0.1,-1.2,-1.2,-4.3,-6.0,-8.2,-8.4,4.9,-16.5,-2.1,-0.5,-5.8,-0.2,2.7,3.2,1.7,-2.6,3.3,-4.2,2.1,0.3,-3.9,-3.1,-3.9,0.8,-1.9,-5.5,-4.7,-3.6,-6.2,-3.9,-2.5,-1.2,0.8,-3.0,2.4,-4.5,-7.1,-7.2,-11.1,-10.8,-9.4,-8.6,-5.5,-4.3,-4.5,-8.5,-6.7,-4.9,-5.6,-4.9,-5.6,-7.5,-6.6,-5.8,-12.3,-5.3,2.5,-4.2,-5.0,-8.3,-11.2,-6.0,-6.9,-5.8,-4.9,-7.1,-9.7,-9.9,-10.6,-3.5,-4.6,-5.0,-2.6,-7.9,-6.9,-7.6,-7.2,-6.1,-4.2,-4.1,-6.0,-3.8,-6.2,-7.4,-4.4,-5.3,-6.0,-5.9,-5.8,-3.4,-6.0,-4.8,-3.2,-5.0,-1.9,-3.0,-1.8,-4.4,-4.7,-4.9,-4.6,-10.0,-5.7,-11.6,-6.1,-1.5,-6.0,-1.9,-18.7,-11.2,-7.1,-1.1,-2.1,-2.8,-4.4,-6.5,-10.7,-7.0,-6.0,-10.5,-7.9,-6.0,8.7,-4.6,-6.2,-6.1,-9.1,-6.7,-5.8,-5.7,-11.1,-2.4,-7.1,-7.4,-12.8,0.8,-6.4,-8.5,-13.8,-5.0,-7.3,-2.3,-6.6,-10.2,-12.4,-15.3,-8.3,-6.9,-10.5,-7.9,-5.8,-7.1,-7.3,-8.1,-6.3,-5.6,-6.4,-7.2,-8.8,-7.5,-6.8,-8.4,-12.4,-15.7,-11.8,-8.0,-13.1,-6.5,-2.7,-8.4,-5.5,-7.1,-6.0,-6.2,-9.8,-10.3,-2.1,-9.5,-10.0,-10.3,-9.2,-8.8
2C7L51DNHn,0,48.105273,11.621706,4441823.67,2778182.97,536.4,582.1,274,7251,2.9,0.8,0.47,32.6,348.93,-0.529,-0.103,0.842,0.5,0.1,-0.09,0.22,1.7,0.2,-0.3,-0.5,-1.0,-2.1,-2.1,-0.4,1.8,-2.0,0.5,-1.5,-1.0,-0.9,2.4,-0.5,0.6,0.8,0.8,0.5,0.1,0.1,-0.5,-1.4,-1.6,-1.5,-2.4,-0.8,1.1,-1.4,-0.8,-3.5,-6.3,2.5,-6.8,-4.8,-4.2,-6.1,-3.6,-1.2,-2.0,-1.1,-5.0,-2.2,-3.4,1.1,-5.0,-3.5,-2.7,-0.6,-2.0,0.2,1.1,1.4,0.5,0.9,0.2,0.1,0.1,2.2,1.3,1.0,-0.4,1.4,-0.6,-1.0,1.4,3.2,1.8,0.4,2.5,0.9,0.0,0.0,-2.1,1.5,0.0,-1.9,-1.9,-2.0,-1.3,-1.6,-3.8,-1.8,-1.3,-1.2,-1.8,-1.9,-2.6,-2.5,-5.5,-3.0,-1.9,-3.3,-0.1,-4.6,-2.6,-3.0,-2.5,-4.7,-7.2,-2.8,-1.8,-4.0,-0.7,-3.2,-1.1,-4.6,-0.4,-0.8,-0.3,-1.6,-1.3,-1.9,-0.6,0.8,0.5,3.1,2.9,0.6,2.0,0.6,7.5,0.0,-3.2,-1.4,1.5,-0.3,10.4,3.1,6.4,2.3,-0.8,-2.8,2.0,-2.3,-1.2,0.8,-1.8,0.0,-5.4,0.6,0.4,-2.8,-1.9,-3.0,-3.4,-3.1,-2.1,-3.4,-3.0,-3.3,-2.0,-3.1,2.0,-2.5,6.4,2.1,0.7,2.7,3.9,3.2,3.3,0.0,-3.0,6.8,-7.8,-4.2,1.1,-3.5,0.5,-13.2,8.8,6.1,1.1,4.9,0.9,0.1,0.5,3.5,3.1,13.2,-3.3,7.6,0.6,0.7,-0.7,-0.1,2.1,-3.2,2.4,-2.1,-1.3,3.8,-4.3,7.8,8.7,-4.7,-3.2,-3.1,-1.0,0.7,-0.2,-1.6,-3.5,-1.8,0.1,1.1,0.4,-1.4,2.5
2C7L51DNKs,0,48.106738,11.633119,4442670.36,2778364.54,560.5,606.2,274,7442,3.3,0.76,0.44,32.68,348.97,-0.53,-0.103,0.842,-0.4,0.2,-0.59,0.25,0.7,0.2,-0.3,0.3,-0.4,0.9,4.6,-1.4,2.8,-1.7,-2.0,2.6,-9.3,1.1,1.0,-2.2,1.1,-5.1,-3.7,-8.1,-4.6,-7.5,-6.6,-6.4,-3.1,1.9,2.6,7.4,-2.1,-2.2,4.7,-2.3,-3.3,2.9,-3.9,0.3,-6.0,-2.9,-1.7,0.7,-1.4,0.5,-0.4,3.5,1.9,-3.6,-0.3,-2.5,-2.3,-1.7,-5.6,1.1,4.9,1.4,1.4,-0.6,1.1,2.5,-0.4,1.3,1.1,2.4,0.3,4.7,1.2,2.2,-0.5,-4.7,-6.4,-1.8,-1.4,-0.4,-0.7,-1.6,1.1,-1.3,2.7,3.6,0.3,3.9,-2.3,-5.9,0.7,-3.4,-2.8,-4.1,0.8,2.1,0.9,-1.8,-0.1,2.1,2.0,-2.1,-4.0,1.9,-2.4,-1.9,-0.4,0.5,0.6,2.0,-0.2,-10.2,-3.0,-2.0,5.6,-4.2,-3.0,-2.1,-2.6,-2.9,0.1,-0.4,-1.0,-2.2,-0.9,-0.5,-2.1,-4.4,-4.1,-3.0,-3.4,1.0,0.3,2.2,-0.4,0.4,-5.8,-0.5,-2.5,3.0,-9.7,-1.2,-1.9,2.2,-2.0,0.1,-5.3,-3.4,-0.9,0.5,1.3,-2.1,-3.9,-0.1,-2.1,0.8,1.2,2.2,-2.2,1.6,-3.8,1.1,0.9,-0.3,-0.7,-0.7,1.8,-2.0,1.1,-0.4,0.9,-3.4,-6.0,-0.3,-5.4,-3.8,11.3,-1.5,3.2,1.3,1.1,1.6,-3.7,-4.2,11.0,9.2,-3.1,-5.4,-3.6,-9.3,-2.1,-3.4,6.5,-7.0,-5.7,-1.3,2.3,-1.9,-2.6,-4.2,-8.3,-9.8,0.4,-6.2,0.2,-5.3,-2.7,-1.0,-2.8,-5.3,-4.6,-3.7,-3.5,-2.2,-1.2,-7.3,-4.9,-6.0,-4.2
2C7L51DNKv,0,48.10675,11.633062,4442666.06,2778365.7,549.3,595.0,274,7445,2.9,0.82,0.36,32.68,348.97,-0.53,-0.103,0.842,-0.6,0.1,-0.48,0.22,0.9,0.2,-0.3,-3.5,-1.1,2.2,1.7,-3.7,-1.3,-2.7,-2.6,0.6,-0.7,-0.5,-0.3,0.3,5.3,1.8,-0.1,-2.0,-3.3,-2.6,0.1,-2.3,0.3,-0.3,2.6,2.3,-0.1,-0.9,0.7,-1.1,-1.8,1.0,-5.2,-4.3,-5.3,-3.9,-0.2,1.0,0.4,2.2,0.7,0.1,0.6,1.2,-0.3,2.7,0.8,-0.3,-0.7,0.8,0.1,-1.1,3.4,3.3,2.8,1.8,1.6,1.0,0.9,2.1,2.2,0.5,0.1,-0.2,1.1,-0.4,-2.9,-0.7,3.2,2.5,-0.3,2.1,1.5,0.7,1.1,0.7,3.4,1.6,2.7,-0.9,-2.9,-0.0,-2.2,-1.3,-1.4,0.6,-2.1,-1.5,0.9,-1.6,-2.8,-2.0,-4.9,-5.0,-2.5,-2.5,-3.8,0.5,-2.0,-4.6,0.6,-3.1,-3.1,-1.2,0.2,0.2,2.2,3.9,2.2,1.8,1.1,1.2,0.4,1.1,-0.7,1.6,-3.9,5.3,1.2,3.8,1.6,-6.2,1.8,1.6,2.3,-2.6,1.7,2.6,-0.1,-0.9,-5.2,2.0,-3.9,1.9,-0.3,-3.0,-4.5,-2.7,0.5,-4.0,3.8,-0.3,-1.0,5.9,2.0,2.0,2.3,-0.2,0.5,1.2,0.4,-18.7,0.9,7.5,-0.3,-5.7,-3.4,-1.1,2.7,-2.2,0.5,-3.5,-5.5,-8.0,-5.2,1.8,-3.5,-1.9,1.5,-2.0,-2.0,-1.5,0.1,-4.1,-16.8,-6.9,1.5,-3.6,0.5,-1.5,-0.8,0.9,-0.4,1.3,-1.6,-5.0,-3.6,-0.9,-4.6,-5.6,-1.0,-5.8,-7.9,-0.4,-0.2,4.7,-1.6,-2.8,-3.1,-3.5,0.6,-1.4,0.0,-0.8,-4.1,-3.1,-4.4,-8.0,-4.2
2C7L51DNHX,0,48.105219,11.621003,4441771.48,2778175.9,546.4,592.1,274,7235,4.5,0.65,0.49,32.59,348.93,-0.529,-0.103,0.843,-1.8,0.2,-0.43,0.34,0.6,0.3,-0.3,1.1,0.9,0.7,-1.1,-0.2,5.3,-0.9,-0.8,-3.8,17.3,-3.1,11.9,-1.4,2.8,0.2,-2.1,-4.6,-3.0,-2.3,-3.8,-9.4,-2.1,2.7,-5.8,-3.4,-2.0,12.0,3.3,-0.4,-6.7,7.5,-8.0,-3.6,-3.3,-4.7,-5.6,-0.6,-2.8,-1.0,-1.3,1.6,1.2,0.3,-2.7,-2.6,-2.9,-1.6,-1.5,-3.9,-0.5,0.9,-1.5,-1.0,-1.6,0.5,-1.3,-0.2,0.6,-1.3,-1.8,2.9,0.0,-5.8,0.7,5.4,-1.4,-0.3,-5.1,-0.4,-2.2,-1.4,-2.2,0.9,0.0,-2.1,-1.0,-0.4,-2.0,-2.3,-3.6,-3.5,-1.1,-3.9,-4.1,-3.6,-3.3,-0.6,-6.0,-2.0,-2.5,-1.9,-0.3,-1.3,1.2,-4.6,-0.4,2.0,-2.1,-1.3,-1.3,0.2,-0.7,-1.8,-2.2,-3.0,-0.8,-1.8,-0.5,-3.5,-2.3,-2.4,-2.4,-1.4,0.7,-2.8,0.3,2.4,-2.5,2.0,0.2,-0.9,1.2,1.8,-2.3,-2.0,-3.0,-1.0,-1.8,-3.2,-4.0,-3.3,-0.3,5.3,-3.6,-4.1,-3.1,-1.7,-8.4,0.1,5.6,2.4,-3.9,-12.7,-10.0,-10.9,-8.5,-8.9,-12.7,-9.2,-5.6,-2.9,-6.0,-4.1,-3.8,-5.3,-3.6,-8.0,-7.4,-4.9,-5.5,-3.9,-9.0,-5.9,-5.7,-4.0,6.9,-4.3,-6.2,-4.3,-8.7,-8.7,-5.5,-17.3,0.7,1.1,1.0,-19.7,-9.7,4.4,-4.4,-7.1,-12.0,-8.4,-14.5,-13.8,-6.4,5.4,-6.7,-4.4,-21.3,-6.3,-12.6,-6.1,-7.8,-12.3,-16.8,-7.2,-10.5,-2.7,-9.6,-19.6,2.5,-13.9,-12.5,-20.5,3.2,3.7,-0.8
2C7L51DNKT,0,48.106551,11.631373,4442540.73,2778340.9,544.7,590.4,274,7417,4.3,0.61,0.46,32.67,348.97,-0.53,-0.103,0.842,-0.9,0.2,0.01,0.33,2.5,0.3,-0.3,3.1,-3.2,-1.7,2.2,5.8,-8.6,5.9,-6.9,-10.7,-4.6,-7.2,-2.3,6.2,-10.0,-4.3,-9.6,5.8,-0.6,-5.9,-5.0,0.2,-2.4,-0.8,-5.2,-6.4,-11.7,-4.6,2.0,-7.2,-6.6,-11.5,-6.0,-6.9,-6.3,-11.3,-6.4,-2.0,-10.7,3.8,2.9,-5.3,-8.4,-2.1,-4.5,-2.9,-9.5,-1.6,-2.1,-1.6,-0.9,-2.4,-5.0,-1.2,-4.7,-2.7,-1.1,-3.5,2.5,-13.4,-6.3,-1.1,-4.1,-1.2,-3.7,-0.1,-2.3,-2.0,-4.6,-9.6,-4.4,-6.9,-9.7,-5.5,-2.3,-5.0,-4.9,-5.4,-3.3,-2.0,-3.4,-10.3,-13.2,-7.0,-9.6,0.9,-8.4,-6.4,-8.5,-6.9,-8.3,-6.6,-9.2,-6.8,-8.5,-5.4,-6.3,-2.6,-8.9,-6.9,-10.6,-5.9,-2.5,0.5,-4.1,-5.7,-2.7,-5.3,-1.3,-3.5,-2.9,0.5,1.6,-20.5,5.7,-1.6,0.0,2.8,3.3,-7.5,-4.5,-1.0,-3.5,-3.3,-20.0,-0.9,0.5,1.9,2.9,-16.1,-13.9,1.6,-23.4,-18.9,-16.6,-11.2,-9.3,-8.5,-11.8,-8.5,-0.3,-7.0,-4.9,-2.6,-4.1,-7.7,-5.1,-1.6,-3.3,-1.0,-0.3,-6.0,-5.4,-1.8,-2.6,-4.8,-2.9,-5.8,-3.3,-4.2,-4.6,-15.7,-13.4,-5.5,-7.7,-11.9,-1.8,-4.8,-3.5,-9.2,-8.2,-7.2,-7.8,-9.4,-6.8,-7.0,-2.5,0.7,-6.6,-3.4,-3.8,-5.7,-5.6,-8.0,-4.7,-3.8,-9.3,-6.2,-7.3,-7.0,-10.4,-14.8,-11.9,-10.4,-9.8,-7.1,-9.0,-8.0,-8.6,-6.6,-9.9,-11.7,-8.5,-7.6,-8.5,-3.9,-7.4,-6.6,-8.0
2C7L51DNKU,0,48.106559,11.631436,4442545.44,2778341.91,545.0,590.7,274,7418,2.1,0.88,0.39,32.67,348.97,-0.53,-0.103,0.842,-0.9,0.1,-0.36,0.16,1.2,0.1,-0.3,-1.9,-0.6,0.8,-1.4,-1.5,-1.3,-0.9,-2.2,-2.4,-1.3,-1.9,-0.0,-3.6,-2.2,-1.2,-3.2,1.1,1.1,-3.5,-5.4,-3.2,-1.9,-0.7,-1.0,-1.7,-3.7,-0.4,-5.6,-2.9,-2.3,-5.4,-4.2,-5.1,0.9,-5.0,-0.5,2.2,-3.3,1.5,2.8,-0.2,-1.0,-4.3,-2.6,-2.4,-1.6,-4.3,-3.2,-2.0,1.2,1.3,3.9,-1.8,-0.8,-1.9,2.0,-4.6,10.9,-2.5,-4.2,-2.1,-2.9,-3.0,-2.0,-4.3,-0.6,-3.0,-0.0,-1.0,1.8,1.6,-0.8,-3.0,-4.1,-3.2,-2.2,-2.3,-0.9,-1.9,-5.3,-3.4,-6.5,-2.7,-4.0,-1.0,-5.4,-2.3,-1.0,-2.8,-4.0,-4.6,-7.7,-4.7,-5.6,-5.3,-4.8,-1.8,-3.0,-3.1,-3.7,-1.8,-3.0,-0.8,-0.8,-1.0,-2.6,-1.1,-0.9,-1.4,-3.9,-0.3,0.4,-3.2,1.0,-1.5,-0.1,-0.7,-2.9,-2.9,-0.3,-3.1,-2.6,0.5,-5.4,-4.0,-2.9,-4.6,-2.4,-5.8,-7.1,-4.1,-5.2,-1.3,-5.1,-3.9,-4.6,-4.6,-8.7,-2.9,2.2,-0.9,-6.5,-0.8,-4.4,-0.8,-1.9,-2.6,-1.8,-1.9,-3.1,-1.6,-1.1,-2.1,-2.5,-2.7,-1.8,-0.9,-3.5,-3.9,-1.5,-0.5,-10.4,-4.8,-5.8,-5.7,-0.9,-1.2,-1.1,-5.5,-5.3,-5.4,-5.7,-5.6,-2.5,-3.5,-3.7,-3.8,-1.0,-3.7,-2.1,-3.9,-2.2,-2.0,-3.9,-2.8,-4.5,-5.4,-9.5,-5.6,-7.4,-7.8,-7.7,-6.0,-6.2,-5.3,-8.4,-9.0,-1.5,-4.1,-7.0,-9.8,-5.5,-6.4,-5.1,-6.0,-6.2,-4.9,-4.3
2C7L51DNKY,0,48.106625,11.631946,4442583.22,2778349.99,559.0,604.7,274,7422,4.1,0.6,0.48,32.67,348.97,-0.53,-0.103,0.842,-0.7,0.2,-0.69,0.33,2.0,0.3,-0.3,-4.6,-5.1,0.6,-4.7,-3.8,2.0,0.0,-1.9,2.7,5.1,7.7,4.5,4.7,5.6,5.8,1.3,-0.6,6.1,-4.4,9.5,-3.5,-2.3,17.7,11.4,13.0,8.7,13.6,7.4,4.6,7.1,2.7,2.9,6.1,5.2,4.1,10.0,10.6,12.5,14.3,12.2,8.8,8.7,9.0,8.5,7.4,1.8,15.4,7.5,4.3,6.5,10.7,1.4,6.1,7.9,5.8,10.0,4.6,3.9,6.7,11.8,7.1,16.8,-0.5,8.8,1.5,3.9,14.0,-0.3,-8.2,16.2,7.1,7.1,3.4,-4.1,8.9,10.2,12.0,12.8,5.3,8.3,9.0,4.9,8.1,10.2,9.1,6.8,4.1,9.5,10.3,5.1,10.0,0.8,-6.2,8.0,18.1,15.9,4.7,7.2,5.6,5.8,6.1,4.4,5.8,7.1,2.3,7.7,6.3,5.1,6.1,7.7,6.2,3.7,4.3,-1.1,5.4,1.9,1.5,10.3,6.3,6.0,1.3,5.6,6.7,3.7,6.6,7.2,6.9,8.4,5.6,3.2,6.5,9.6,5.9,7.4,8.2,8.2,8.5,0.5,7.3,2.3,1.5,2.5,3.6,2.2,5.5,5.4,1.0,3.4,4.4,3.7,-1.5,5.5,1.9,2.1,2.2,5.1,4.9,6.0,3.3,2.7,2.1,4.2,5.2,2.5,4.1,3.8,11.0,5.1,5.3,-2.2,2.5,1.1,0.9,-1.6,-0.7,-3.5,4.2,3.5,-7.4,0.1,-5.0,2.0,3.4,3.6,4.4,7.6,0.7,7.5,3.7,-1.1,-0.8,2.9,8.7,13.0,8.2,7.7,10.7,3.9,4.1,8.6,-5.4,-4.7,-1.3,2.1,5.0,5.4,3.1,7.4
2C7L51DNMU,0,48.107522,11.638791,4443090.92,2778460.96,560.4,606.1,274,7542,4.0,0.59,0.47,32.7,348.97,-0.53,-0.103,0.841,-0.6,0.2,1.34,0.33,0.9,0.3,-0.3,-0.6,-3.5,0.4,-1.2,-3.2,-2.2,-2.8,1.1,3.3,0.2,2.0,-2.9,6.5,1.6,1.8,3.9,1.1,3.1,-2.3,0.6,-4.5,-2.5,-2.7,-0.1,-17.0,1.1,-4.5,1.4,-5.9,-2.0,-4.2,-3.4,-20.5,-4.1,2.2,3.6,5.8,-10.1,-7.2,-13.2,-4.4,-5.9,0.6,-3.1,-11.3,-11.6,-13.3,-8.9,-9.8,-7.7,-10.7,-7.6,-10.5,-10.5,-9.1,-12.1,-3.8,-5.6,-8.7,-8.9,-13.7,-7.8,-15.2,-7.4,-13.8,-10.6,-9.3,-16.1,-5.3,-7.3,-9.6,-9.2,-8.0,-8.8,-9.1,-9.2,-11.4,-12.7,-14.4,-6.9,-11.5,-8.5,-8.5,-3.4,-10.3,-0.8,-5.2,-2.3,-8.2,-7.8,-8.5,-8.6,-8.5,-9.9,-10.6,-8.4,-8.6,-4.0,-11.1,-11.4,-11.9,-6.0,-10.8,-6.2,-2.1,-9.7,-13.6,-8.0,-11.6,-6.3,-6.8,-7.1,-12.0,-5.8,-2.8,-8.9,-13.5,-8.4,-5.0,-4.4,-12.9,-8.5,-8.2,-7.2,-7.3,-5.9,-6.2,-4.7,-3.7,-4.7,-9.6,-4.7,-5.3,-5.1,-8.8,-4.5,2.5,-4.0,-7.9,-8.4,-8.9,-6.7,-7.8,-7.7,-2.0,0.2,-13.8,-6.2,-8.2,-11.2,-4.7,-10.1,-3.7,-4.9,-5.4,-4.0,-12.5,-5.8,-5.4,-6.3,-2.8,-5.3,-10.0,-8.6,-14.2,-16.9,-6.4,3.3,-3.5,-2.6,0.3,-5.9,-10.1,-5.2,-7.1,-6.3,-8.8,-7.9,-12.6,-9.1,-7.4,-8.4,-5.2,-6.1,-11.7,-15.1,-8.9,-9.0,3.0,-10.4,-9.7,-7.6,-7.8,-0.8,-2.2,-3.8,-11.1,-10.9,-7.1,-9.1,-14.2,-11.4,-5.6,-7.9,-8.0,-3.5,-5.3,-14.1
2C7L51DNKc,0,48.106634,11.631727,4442566.87,2778350.66,539.6,585.3,274,7426,2.7,0.84,0.39,32.67,348.97,-0.53,-0.103,0.842,-0.5,0.1,-0.16,0.21,0.4,0.2,-0.3,-1.3,-0.5,-0.4,-0.0,-1.4,-0.2,0.8,1.4,-2.0,3.7,-0.6,-0.7,-0.8,-0.9,1.7,1.3,-0.2,-2.4,-3.2,-0.9,-1.6,0.8,-2.1,0.8,-0.5,1.6,1.8,1.6,-1.1,-2.6,-2.8,-5.3,-4.3,-4.5,-2.6,-6.0,0.8,-1.1,-2.7,-0.7,-0.4,2.0,1.1,1.7,1.4,-1.1,-1.0,-0.2,1.1,-0.1,-0.6,-2.8,-1.2,-1.3,1.0,-2.3,-1.2,0.6,-1.4,-1.0,-2.5,-0.3,-2.0,-3.6,-2.5,-2.7,0.2,3.1,0.1,1.2,-0.6,-0.1,0.0,-0.4,-1.3,-4.3,-2.4,-2.5,-1.5,-4.4,-2.5,-6.6,-4.3,-2.3,-2.7,-10.2,-3.1,0.3,6.4,-3.2,-2.7,-1.5,-4.4,-1.3,0.2,1.3,2.6,-6.2,-6.5,-1.0,-2.2,-3.9,-3.6,-0.2,-2.2,-8.2,-1.0,-2.3,-0.4,-2.7,-2.4,-3.1,-2.3,-0.8,-1.3,-1.1,-1.2,-2.2,-11.8,5.2,4.1,1.5,2.1,-6.2,0.9,-1.4,-0.3,-1.2,0.6,-3.2,-0.2,-0.9,10.0,-1.4,-4.5,8.0,-3.0,-6.8,1.9,3.0,-4.4,-2.1,-0.2,-6.0,0.1,-0.8,1.5,-0.9,3.1,0.2,-0.7,-5.0,-3.3,-3.8,-3.0,-2.1,-0.5,-1.8,-1.1,0.8,-8.3,-6.4,-2.3,-4.3,-3.2,-1.8,2.4,-1.0,-1.3,-0.5,-1.2,-4.9,-9.2,-4.6,-2.6,-6.8,-4.9,-1.1,-3.4,-4.1,-0.6,-0.8,-0.5,0.7,-3.0,-0.3,-2.1,0.4,-2.0,-4.7,-6.5,-3.4,-4.9,0.4,-4.9,-6.5,-3.3,-5.6,-2.9,-2.0,-3.4,-4.1,-5.0,-3.2,-1.4,-3.3,-3.2,-4.1
2C7L51DNMZ,0,48.107504,11.638504,4443069.6,2778458.51,534.4,580.1,274,7547,4.2,0.61,0.52,32.7,348.97,-0.53,-0.103,0.841,-1.0,0.2,0.11,0.32,2.7,0.3,-0.3,5.0,-2.6,0.6,-6.5,5.4,5.2,3.8,0.7,1.6,-8.0,7.7,5.7,0.9,-2.6,-4.1,-0.3,-7.8,-2.8,-11.4,5.5,-2.9,2.2,2.4,4.2,0.4,4.6,6.8,-0.7,10.1,13.2,7.7,0.9,4.5,-0.8,4.6,9.1,7.0,10.4,6.5,16.0,9.5,7.9,-2.7,2.4,5.5,6.2,4.3,-0.4,1.1,0.7,5.1,1.2,-4.6,1.6,9.6,-4.3,-7.0,-3.5,-0.6,-1.0,-3.4,0.0,-1.8,1.7,4.6,-1.2,0.0,-3.7,0.8,1.3,0.2,3.9,-0.8,0.3,2.8,-2.8,-1.8,-3.7,-5.7,-1.9,-9.4,-14.3,-0.4,-8.1,2.9,5.8,5.6,3.2,4.6,5.2,2.2,2.9,1.6,-0.8,-2.4,14.5,-1.4,5.5,4.8,1.5,7.2,6.3,4.4,8.1,5.1,4.5,4.7,4.2,5.1,3.0,3.4,3.7,2.1,3.4,3.2,1.2,-1.0,-1.0,-0.8,6.3,-0.7,1.3,4.3,-0.1,-0.7,5.9,5.0,-0.0,-2.2,-1.0,2.3,4.0,7.6,3.7,-0.4,-1.9,3.3,2.4,3.6,2.2,3.1,-3.4,-0.3,-6.1,-0.8,-2.5,2.5,-5.0,-3.0,-2.1,-4.5,-3.3,-2.6,-3.6,-2.4,0.4,-2.4,5.4,0.7,-0.6,-2.3,-6.3,-1.7,0.8,-4.0,4.5,1.3,5.0,1.2,3.3,0.0,-0.7,-4.4,-6.5,-7.8,-5.9,-5.2,-7.8,2.9,-13.2,-14.6,3.8,-9.1,-11.8,2.7,2.0,-1.4,1.4,1.7,-3.2,-0.1,-2.1,-1.2,2.8,4.9,1.0,1.3,-1.0,-1.4,2.9,0.1,1.7,-1.2,-2.5,1.1,0.2,0.1,2.3
2C7L51DNHc,0,48.105288,11.621099,4441778.45,2778183.63,537.1,582.8,274,7240,2.5,0.86,0.4,32.6,348.93,-0.529,-0.103,0.842,-0.6,0.1,0.08,0.19,0.8,0.2,-0.3,-3.5,-0.9,-2.0,0.4,0.1,-0.3,-1.6,-2.1,-2.6,0.4,-3.3,1.0,-3.7,-0.4,0.5,-1.6,-3.3,7.7,-1.6,-1.0,-4.9,1.1,-2.3,-1.9,0.2,1.9,0.5,-2.0,-2.2,-5.8,5.3,-4.9,-6.5,-3.1,-12.9,-6.0,-4.6,-0.9,-1.2,-3.2,-1.8,0.3,-2.1,-1.7,-4.7,-2.8,-3.0,-3.6,-1.5,-3.1,-1.8,-4.3,-2.5,-2.4,-2.4,0.5,-3.1,-0.9,-3.9,-1.9,-2.5,-1.0,-1.9,-0.9,-1.8,-0.5,-1.3,-4.8,-1.2,-1.6,-2.3,1.2,-1.3,-2.9,-1.2,-0.0,-2.5,-2.3,-1.3,-4.5,-5.0,-8.0,-13.8,-3.8,-6.9,-4.3,-2.4,-4.1,-1.2,-3.0,-6.1,-8.1,-5.8,-6.6,-4.8,0.3,-4.6,0.3,-0.0,-5.4,-3.3,-6.4,-4.7,-2.2,-5.4,-1.5,-1.3,-3.3,-6.3,-3.9,-0.4,-3.4,-4.0,-3.0,-2.5,-3.3,-2.8,-5.0,-3.6,-2.2,0.6,-3.2,-3.3,-1.8,-1.3,-3.3,-2.7,-3.0,-2.9,-2.6,-4.6,-1.9,-7.5,-5.1,-5.0,-5.2,-4.8,-6.4,-0.9,-0.2,-1.5,-2.2,-5.4,-4.7,-3.4,-6.8,-1.2,-3.9,-2.5,0.2,-2.6,-3.3,-12.5,-1.6,-0.4,-3.7,-3.7,-2.7,-0.8,-5.6,-6.4,-5.7,-1.2,-7.1,-2.8,0.7,-0.5,-2.3,-3.1,4.8,-2.5,-4.9,-6.2,-4.2,-3.8,-3.5,-2.6,-2.3,-5.2,-3.9,-2.6,-3.1,-2.9,-6.3,-2.5,-3.8,-3.4,-3.0,-3.1,-6.6,-7.0,-8.9,-8.0,-9.0,-11.2,-0.3,-5.5,-4.7,-7.7,-3.2,-3.3,-3.5,-5.4,-5.3,-6.5,-3.1,-5.3,-5.9
2C7L51DNKe,0,48.106652,11.631721,4442566.41,2778352.64,533.7,579.4,274,7428,3.6,0.72,0.45,32.67,348.97,-0.53,-0.103,0.842,-1.0,0.2,-0.06,0.28,1.0,0.2,-0.3,-1.3,0.9,4.0,0.6,-1.0,-0.7,1.1,-2.2,-0.8,0.6,-0.6,-0.9,-3.3,-1.5,-2.2,-0.8,1.2,-1.2,0.0,1.6,-0.9,0.6,2.6,-0.2,-0.7,2.6,3.0,2.5,-3.6,-4.2,-2.5,-4.5,-4.7,0.7,0.6,-4.0,-2.4,-0.9,-0.5,-4.2,3.7,1.2,-4.5,1.1,-5.9,-6.8,-5.5,-6.2,-7.3,-5.6,-0.5,-4.3,-6.7,-6.6,-6.3,-3.4,-4.5,-4.6,-5.6,-6.3,-7.9,-2.1,-3.0,-5.8,-1.0,-3.9,-1.1,-0.2,-1.5,-1.8,-2.0,-1.5,-1.1,-3.2,-3.0,-0.3,0.8,0.4,0.5,-2.6,-1.5,-0.0,-1.6,-3.4,-2.6,-1.6,-2.6,-0.9,-2.4,-6.0,-4.2,-8.3,-5.0,-3.8,-6.6,-5.4,-2.6,-3.6,-5.2,-3.7,-3.5,-4.1,-7.2,-6.1,-5.1,-5.9,-5.0,-4.3,-7.2,-1.5,-3.6,-2.7,-5.0,-6.6,-4.1,-0.8,-1.7,-1.9,-8.3,-3.8,-6.4,-0.6,-4.4,-3.6,-3.7,-1.9,-4.3,-2.7,-2.9,-5.8,-2.9,-3.8,-5.2,-3.3,-3.3,-2.9,0.4,-9.4,-0.2,0.6,-5.4,-13.9,-0.4,-10.6,-10.6,1.3,5.4,-3.6,-2.6,-1.8,-0.2,-0.2,-0.4,-6.1,-3.9,-4.2,-3.6,-4.0,-6.2,-3.8,-5.4,-5.0,-2.2,-3.8,-5.3,-6.2,-3.3,0.4,0.8,-2.5,-2.7,-4.2,-9.6,-4.2,6.3,-1.5,-10.1,-9.0,-3.9,-9.3,-7.5,-8.9,-0.3,-0.1,-9.2,-0.8,-9.5,0.0,-6.7,-15.5,-9.4,4.6,-1.6,-10.7,-4.5,-9.0,-5.8,-8.7,-5.6,-15.1,-18.3,5.5,-19.1,-13.4,4.2,-18.6,2.6,-9.3
2C7L51DNL0,0,48.10681,11.63295,4442657.6,2778372.21,532.0,577.7,274,7450,4.2,0.62,0.53,32.68,348.97,-0.53,-0.103,0.842,-0.5,0.2,0.67,0.32,2.0,0.3,-0.3,1.8,-11.1,-0.0,3.2,2.0,5.4,1.1,-1.5,-0.6,1.2,-1.7,-0.1,-4.0,-3.5,-1.5,-1.1,-2.0,-2.3,-2.7,-4.1,-1.0,2.0,-1.0,4.2,-1.3,5.9,-1.3,-0.9,-0.6,-7.1,-1.3,1.2,-14.6,-12.3,-6.8,-4.8,-7.3,-6.3,-9.6,-0.8,-5.0,6.7,-12.5,-3.8,-5.8,0.9,-1.0,-2.2,-12.6,3.3,3.8,-3.7,-5.0,-3.1,-5.3,-2.2,-6.3,-1.1,0.1,-10.1,-4.2,-1.5,-1.9,-2.2,-6.8,-4.1,0.8,-2.3,-0.9,-2.0,0.8,-0.5,-1.3,-2.8,-1.8,-1.0,-2.6,0.1,-5.3,-5.1,-0.2,-6.6,-8.8,-4.9,-8.0,-4.1,-3.6,-13.4,-16.2,-11.0,-13.0,-8.4,-9.3,-4.2,-10.3,7.9,2.6,-4.9,-11.1,-5.5,-1.8,-6.0,-0.5,-1.9,-7.0,-7.0,-3.2,-6.3,-7.5,-1.8,1.4,0.6,2.4,-6.3,-3.8,0.7,-0.0,2.1,-2.1,2.3,-1.6,-1.4,-0.1,-0.4,-4.5,-1.2,2.8,0.9,-2.7,-9.2,0.0,-5.0,-4.1,-6.5,-13.1,-13.5,-9.4,-9.5,-2.1,-3.8,-4.3,-6.2,-8.3,-2.1,-5.7,-0.7,-3.0,-4.2,-4.9,-4.0,-1.1,-2.6,-10.8,-3.2,-2.6,-4.2,-7.6,-3.5,-9.0,-2.6,-12.7,-15.3,-5.0,-7.5,-9.9,-2.2,-3.2,-5.0,-8.7,-0.1,-2.0,-5.5,-10.6,-2.3,-6.9,-6.2,-10.7,-10.1,-5.9,0.1,-1.7,7.0,-2.8,3.3,2.0,-10.2,-6.6,0.6,-2.6,-3.9,-6.0,-1.7,-19.2,1.7,-4.6,-6.2,-4.8,0.5,-6.4,2.8,-1.1,-5.2,-4.8,-8.8,-4.7,-3.1,-6.4,0.6
2C7L51DeO3,0,48.106846,11.633086,4442667.65,2778376.42,536.1,581.8,275,7451,4.6,0.57,0.52,32.68,348.97,-0.53,-0.103,0.842,-0.4,0.2,-0.54,0.35,1.0,0.3,-0.3,3.6,1.0,4.6,2.3,3.5,-0.2,-1.2,-0.7,1.2,0.3,-2.1,-1.6,-2.5,-2.5,0.6,-2.1,-2.6,-1.3,-2.9,-4.9,-1.0,2.4,0.2,2.4,-6.7,4.0,-1.8,-2.8,0.1,-2.2,1.3,-4.3,6.5,5.3,-0.5,7.8,10.5,5.6,7.8,5.3,0.5,2.3,9.8,-0.9,-2.3,-0.2,-0.5,0.6,3.8,2.6,-2.0,-4.1,6.4,-5.7,2.5,-4.7,2.7,-0.3,0.1,-12.4,3.1,-1.4,-4.2,-3.6,-2.4,-1.3,1.0,-1.8,0.2,0.6,1.0,2.6,-0.3,-1.9,-3.0,0.4,1.2,0.1,-3.4,-3.4,1.9,-7.7,-11.6,2.5,-3.7,-4.7,4.9,8.9,8.3,10.8,9.2,-6.3,-2.7,1.9,2.7,3.2,2.2,-6.0,5.3,2.2,1.4,-5.5,1.5,1.2,-3.0,4.1,-0.1,2.0,-2.4,1.7,4.5,1.9,4.4,6.2,6.3,-0.2,2.7,5.2,2.1,5.4,0.7,1.4,3.8,2.6,3.6,-0.2,2.8,1.8,-4.5,-11.6,3.4,5.9,-0.8,2.1,7.6,8.0,8.6,4.2,0.2,-1.1,-0.1,-4.8,-11.5,-2.5,0.1,4.0,4.6,-1.6,6.7,-11.0,-0.8,0.8,6.9,1.8,-4.6,-4.8,-8.5,-6.0,0.5,1.2,7.6,6.1,-2.9,-9.9,1.1,-2.0,1.7,-4.1,-11.8,6.7,-4.0,0.5,-0.2,-2.4,-10.7,-3.9,7.5,-1.6,-0.9,-1.9,3.4,6.4,3.0,2.8,2.1,0.6,1.3,-1.4,7.5,-8.3,0.9,3.1,4.2,11.2,9.2,-10.1,-5.8,1.2,-6.8,3.9,1.3,-0.5,-4.7,-10.2,-4.7,-4.5,-6.9,-7.8
2C7L51DePU,0,48.107539,11.638493,4443068.7,2778462.41,553.7,599.4,275,7540,4.2,0.64,0.49,32.7,348.97,-0.53,-0.103,0.841,-0.8,0.2,-0.54,0.32,0.4,0.3,-0.3,1.4,-0.6,9.4,5.5,4.4,1.4,-0.7,14.0,5.6,5.4,-5.4,-6.1,-1.7,-2.4,-1.5,-6.7,-4.6,-4.2,-2.8,-2.9,-5.5,1.4,3.9,3.3,12.7,-5.5,-1.6,5.9,8.3,-2.7,7.4,-7.8,0.5,3.6,0.6,-5.0,6.2,-4.0,0.7,5.0,1.5,6.1,1.6,2.7,-1.0,2.4,3.1,5.3,-4.6,3.7,-0.6,-2.7,1.8,1.6,-1.4,-1.3,2.1,0.8,2.3,0.4,-9.6,-4.2,3.5,4.9,1.7,1.6,9.9,-1.5,-2.4,6.1,7.5,-2.2,3.9,1.0,1.9,1.0,9.4,2.3,1.5,-4.3,-2.0,0.0,-0.9,-2.0,-1.4,-0.3,-3.9,-1.8,4.0,0.4,14.0,-3.3,2.6,0.5,-2.0,0.1,2.9,2.0,2.7,-0.5,-1.0,7.0,6.5,4.1,1.6,13.5,0.3,5.3,0.2,0.6,4.2,3.7,3.9,2.4,5.1,3.1,9.1,0.8,5.8,3.2,8.1,2.2,2.0,2.7,4.4,6.5,1.1,1.9,2.6,-0.5,0.8,0.3,7.9,0.9,0.6,-1.3,4.3,1.4,4.9,0.5,-1.7,-2.8,-3.0,-1.3,-2.3,-1.4,-1.7,0.0,1.4,0.2,-3.2,-0.7,-1.2,-1.2,4.6,-1.2,-4.9,-4.2,2.0,2.6,-1.4,-9.1,-0.8,-4.1,-2.0,-9.9,3.3,3.3,2.0,2.8,-2.9,-7.6,-6.8,-1.1,-2.8,-6.5,-3.2,-2.8,0.8,-2.7,0.5,-4.5,-2.5,-6.2,-4.1,-8.6,-7.2,-6.0,11.0,-2.9,1.0,-0.8,1.8,3.3,4.2,2.8,7.5,0.7,-11.3,-0.2,-4.7,0.6,-3.8,3.0,-2.7,-1.6,-0.2,-1.0
2C7L51DeKp,0,48.105394,11.621639,4441818.43,2778196.35,534.0,579.7,275,7251,3.6,0.72,0.44,32.6,348.93,-0.529,-0.103,0.842,0.0,0.2,-0.19,0.28,1.3,0.2,-0.3,-0.9,1.1,-5.3,0.8,-0.4,1.1,-2.5,0.9,1.8,-0.7,-0.6,0.6,-2.7,0.4,-0.7,-1.9,-2.1,-2.2,-1.6,-1.7,-2.1,-2.9,-4.2,-2.7,-1.9,-0.8,-1.4,0.0,-4.3,-5.6,3.0,-6.6,-8.9,-6.1,-8.7,-3.7,-4.2,-3.2,-3.7,-7.7,-2.5,3.5,-2.6,-6.4,-5.7,-3.1,-1.5,-2.7,-1.0,-0.6,0.2,-0.7,0.6,-1.2,-1.1,1.0,1.2,0.5,-2.2,-1.0,2.2,-1.8,-3.4,-0.0,-1.7,-0.3,-0.9,4.0,0.3,-3.3,-1.1,-2.6,0.3,-2.3,-4.1,-5.0,-4.6,-4.0,-3.2,-5.7,-2.0,-5.4,-3.5,-2.9,-2.5,-6.1,-4.2,-5.2,-3.7,-2.6,-8.1,-1.5,-6.0,-4.5,-3.3,-2.9,1.5,-7.5,-1.4,-2.4,-10.1,0.1,-3.5,-2.4,-4.7,-0.7,-0.3,-1.0,-1.7,-3.3,-5.3,-0.8,0.4,-1.2,1.5,1.8,-0.6,2.0,0.3,2.0,-1.5,-5.4,-5.0,-2.1,-2.8,-6.4,-3.9,8.6,2.5,-0.4,-3.5,3.7,-2.9,-2.9,0.5,-2.6,-0.9,-4.2,-1.9,1.3,-4.5,-2.1,-3.1,-6.1,-5.2,-4.9,-12.2,-5.1,-7.0,-4.5,-3.7,-2.2,-6.8,12.1,8.0,-0.7,1.5,1.6,2.6,-0.4,-3.3,-9.9,0.8,-11.1,-5.3,-0.9,-0.1,-3.6,7.0,5.4,6.8,-4.0,3.3,0.8,-3.3,-0.0,1.7,0.0,-9.6,-5.2,7.2,2.1,0.3,2.9,3.6,-2.3,-2.2,-3.0,-8.1,3.5,-1.9,-6.9,7.8,-14.8,-12.8,-4.8,-8.5,-8.5,-3.6,-0.6,-3.0,-2.4,-7.6,-0.1,-0.2,-0.4,-5.1,-0.9
2C7L51DePF,0,48.107395,11.637223,4442974.48,2778444.32,532.5,578.2,275,7525,4.4,0.59,0.67,32.7,348.97,-0.53,-0.103,0.842,1.1,0.2,0.47,0.34,2.2,0.3,-0.3,-4.4,-1.8,0.3,1.1,-2.6,1.2,1.8,-1.2,0.2,1.3,-1.6,-0.8,-3.4,-4.8,-8.8,2.8,2.1,0.7,1.1,-1.1,-0.1,1.3,-7.1,0.5,-2.7,0.9,0.0,-3.9,-11.2,1.7,-2.3,-3.3,-6.3,-5.7,-4.0,6.1,-4.4,-4.2,-5.4,-5.4,-4.8,-5.5,-2.9,0.2,-3.1,-6.1,-5.9,-6.0,-1.3,-5.9,-3.4,-2.7,-2.2,-2.3,-4.2,-1.7,-3.6,-1.8,-3.4,-3.6,-0.4,-0.6,-4.5,1.1,-3.0,-7.6,-2.2,2.5,-0.2,-0.0,-3.7,-3.3,-3.5,0.7,-2.2,3.3,-2.7,-1.9,-2.8,0.4,-2.3,-2.6,-5.3,-6.2,-5.0,-5.4,-4.0,-4.5,-3.9,-4.8,-14.0,-8.8,-7.5,-11.2,-11.4,-4.8,0.1,-4.9,1.8,-6.4,-8.5,-9.4,-3.6,-2.0,10.2,5.5,2.2,-2.2,-8.2,-9.9,-13.3,-8.8,-14.6,0.6,7.7,0.1,-8.6,-8.4,-7.0,-5.5,7.3,-3.5,6.9,6.6,9.2,7.4,-4.2,1.0,0.7,-5.6,-1.8,1.8,0.4,5.2,-2.2,-1.0,2.5,-6.4,-0.3,-1.8,-0.5,-5.4,-4.3,-0.6,-1.0,-0.4,0.6,0.7,4.8,7.5,0.2,3.2,2.6,3.4,3.4,-3.5,-3.3,-2.3,1.1,3.4,2.3,-7.9,-1.1,-7.0,-5.5,-14.5,0.3,6.1,-0.4,1.1,-3.2,3.6,1.3,2.8,0.9,4.9,0.3,-1.7,13.7,7.9,2.7,13.3,-4.4,-0.0,1.1,2.6,-0.9,4.1,0.8,-4.3,-2.7,-2.1,-2.0,0.8,2.9,-7.4,3.0,0.2,0.1,2.4,-4.3,-3.7,-7.8,-11.1,12.4,10.6,13.2,1.7
2C7L51DeNo,0,48.106786,11.63233,4442611.43,2778368.5,540.4,586.1,275,7436,4.4,0.69,0.49,32.67,348.97,-0.53,-0.103,0.842,-0.2,0.2,-0.44,0.34,0.9,0.3,-0.3,-4.0,1.1,0.3,-3.0,-15.2,2.9,2.4,3.7,-3.7,5.5,-0.5,3.1,3.1,1.2,-5.2,1.9,-0.1,2.2,1.3,-5.6,-11.5,4.2,-2.8,0.6,1.5,0.4,-2.0,-12.5,-11.3,-0.3,3.1,-23.4,-3.0,-2.1,3.2,0.5,-2.3,1.1,2.0,6.1,2.7,-1.2,-2.7,2.5,-0.7,-3.5,-17.3,0.8,-2.0,0.6,-1.3,-0.2,0.9,4.6,-0.3,1.7,-4.4,-3.2,-3.4,-4.3,-14.7,0.2,-15.4,-0.2,2.5,0.5,-4.8,-8.2,-11.9,1.1,-7.9,-2.1,-5.5,0.0,0.2,0.3,-4.2,-3.9,-6.4,-0.8,0.7,-1.7,-4.6,0.8,6.5,-2.8,-1.3,0.4,-5.6,-5.3,-5.6,-7.3,-9.4,-3.3,-3.2,-0.7,-3.1,0.3,-1.9,-1.7,-1.1,-1.8,0.1,-3.2,-4.2,-0.4,-2.5,0.1,2.4,-5.5,-0.2,5.5,0.4,1.2,2.4,2.2,2.3,1.8,-1.0,-0.5,1.0,-1.4,-2.8,-1.7,-4.6,7.5,-4.0,0.5,-0.5,-1.8,-5.1,-3.9,-0.7,-3.5,-3.7,-6.3,-4.6,-5.5,-5.2,-0.0,0.8,-7.1,1.2,-1.8,5.7,-1.5,0.9,-0.7,1.2,-3.8,0.1,-3.0,-1.1,-1.3,0.5,-1.9,-1.7,4.9,-2.3,0.6,-0.8,-6.4,-1.4,-0.2,-3.5,-0.3,1.0,-2.9,-5.7,-1.1,-6.2,1.1,-2.9,1.7,-4.1,-3.2,1.4,0.0,-8.5,2.3,1.7,1.6,2.3,0.9,-1.8,2.3,-3.9,-3.4,-6.4,0.3,-6.7,-5.1,4.9,-7.0,-21.5,-4.2,-2.9,-5.1,-5.1,1.7,-5.8,-2.3,-3.9,3.1,0.7,-9.6,-7.4,-5.7
2C7L51DeNx,0,48.106873,11.633012,4442662.01,2778379.34,548.7,594.4,275,7445,3.6,0.7,0.45,32.68,348.97,-0.53,-0.103,0.842,-0.6,0.2,-0.26,0.27,1.6,0.2,-0.3,-4.8,0.1,1.0,2.1,-3.8,4.2,-0.5,-1.1,-1.0,1.2,-1.1,-2.5,-0.8,2.1,0.7,-3.9,-2.5,-9.9,-2.9,-2.6,-4.1,-1.0,-2.7,2.0,1.8,-3.3,-0.3,-5.4,-10.4,-5.3,0.3,-8.6,-5.0,-6.7,-6.3,-2.6,-0.5,0.6,1.2,-1.0,-2.2,1.9,-1.4,-1.7,1.6,-3.3,2.4,0.9,1.0,4.4,-1.2,4.0,5.1,8.7,3.3,2.3,-1.9,3.7,4.5,4.4,-2.2,0.3,2.1,1.8,2.2,-3.0,-0.3,5.2,9.7,-6.6,-12.7,1.6,-1.0,-3.4,0.2,3.2,-0.2,-12.4,-4.1,-3.7,1.1,-2.0,-7.1,-3.5,2.3,-6.2,-4.1,0.5,2.4,-2.1,-0.6,-2.3,-5.0,-0.7,-1.6,-6.3,-2.0,-1.2,-4.2,1.8,1.1,-7.0,-6.8,-1.4,-0.7,-2.0,5.1,1.6,4.2,-0.3,-1.1,-2.7,0.0,-3.1,1.1,-4.5,6.1,0.4,2.7,0.6,-6.0,-5.2,0.4,-1.4,-3.5,1.9,0.8,-3.1,-2.2,5.4,0.8,-7.1,-0.4,-2.6,0.2,-3.2,-2.6,-10.9,-2.0,0.3,-3.0,-7.8,-2.9,1.1,-1.4,-12.1,-6.6,-3.1,-2.0,-1.8,8.9,2.4,-11.2,-1.6,-7.0,-4.3,-5.1,-0.1,-4.9,-1.3,-6.4,-7.2,-8.4,-9.4,1.5,-1.4,1.3,-0.7,-0.4,-1.9,-0.5,-1.4,-6.0,-6.2,-7.0,0.8,-2.7,3.1,-1.0,-0.5,2.1,1.3,1.1,-5.0,-5.9,-4.6,-1.0,-4.4,-7.8,-4.1,-6.0,-4.9,-2.4,0.4,0.9,-4.7,-9.5,-3.9,-6.3,-2.7,-7.3,-0.5,-3.2,-4.5,-1.0,-1.7,-5.3,-3.7
2C7L51DeNy,0,48.106911,11.633017,4442662.36,2778383.55,546.7,592.4,275,7446,3.4,0.77,0.45,32.68,348.97,-0.53,-0.103,0.842,-0.9,0.2,-0.14,0.26,0.6,0.2,-0.3,-0.1,0.6,1.4,-1.0,0.7,8.5,0.1,-3.0,1.5,1.1,1.5,-0.7,-1.0,4.3,1.9,-0.0,0.3,0.2,-1.6,-1.8,-2.6,-0.9,0.4,4.9,3.9,-0.2,0.3,-5.0,-1.2,-2.0,-2.0,-5.0,2.7,-3.7,-2.4,-1.4,0.6,1.6,1.5,-2.5,-4.4,-3.5,0.7,1.1,1.6,0.4,2.2,-1.5,2.3,4.2,2.9,6.9,6.0,1.5,5.0,2.2,-7.6,4.5,0.8,7.0,-2.1,-4.4,4.2,-2.3,1.4,-0.3,0.1,-1.5,-5.0,-5.2,-0.3,1.3,-2.5,0.0,2.8,3.9,4.0,-5.7,1.1,-1.6,-0.8,10.1,-9.9,-3.3,5.5,0.7,-2.4,0.6,5.1,0.5,-1.2,1.5,0.4,2.4,-1.6,3.0,1.1,2.0,-0.4,4.2,-0.2,1.4,-1.1,-0.5,0.3,0.6,0.3,4.1,6.5,-6.5,2.2,0.2,3.7,0.3,4.8,-3.6,6.6,7.8,-0.6,-4.1,-2.4,-2.9,1.7,-0.5,11.4,1.3,5.7,-0.3,11.8,-16.5,0.3,0.7,2.9,-0.8,-3.9,-4.1,-0.4,-7.1,-0.2,-0.4,-1.5,-4.7,-4.0,-6.1,-0.3,1.3,-0.9,-3.6,-0.7,-2.8,-2.5,-3.7,-1.7,-3.9,-4.0,-3.1,-3.5,-3.2,-4.0,-2.9,-4.1,-3.4,-4.2,-5.2,-2.6,-0.9,-0.2,-1.9,-0.0,0.0,-2.3,-5.3,-4.4,-3.5,-8.4,-2.9,-0.6,-3.3,-3.6,1.0,-0.9,3.0,-1.7,-4.6,-8.6,-4.0,-2.2,-2.7,-5.7,-6.0,-5.0,-3.6,-1.5,1.0,0.4,-0.2,-2.9,-3.5,-3.2,0.3,-5.7,-1.6,-1.1,-0.7,-0.3,0.3,0.2,-2.8
2C7L51DePR,0,48.107612,11.638333,4443056.66,2778470.18,554.9,600.6,275,7537,4.6,0.63,0.51,32.7,348.97,-0.53,-0.103,0.842,0.2,0.2,-0.24,0.35,1.4,0.3,-0.3,-4.3,-3.2,-0.6,-1.4,-3.4,-7.9,-4.0,15.4,-3.5,12.8,16.0,11.3,6.3,9.1,6.0,3.0,2.0,-0.1,2.7,-3.2,-6.9,-3.7,-6.1,6.0,18.3,4.6,-0.5,6.2,1.4,-3.8,7.4,-3.6,-0.5,-2.4,6.6,-3.3,-1.6,-3.0,2.1,0.5,2.1,-3.4,-1.1,-2.9,3.5,2.2,1.7,-2.8,-0.6,-3.9,1.6,-3.4,-2.8,-3.4,-4.1,2.8,-0.4,-2.4,0.4,2.8,-2.2,-4.5,14.1,-4.8,2.0,3.0,-0.5,4.9,-2.7,-2.9,-5.2,2.8,4.5,-1.5,2.8,4.8,1.5,1.8,7.1,5.0,3.3,4.8,-4.0,-1.4,3.0,8.1,5.4,8.7,5.8,7.0,4.7,1.7,0.9,4.4,-1.1,3.2,4.1,5.4,0.2,1.3,-3.6,3.8,0.3,-0.5,4.8,0.8,-0.2,-3.4,3.5,2.8,3.0,0.6,-1.0,6.0,-1.8,0.4,0.8,5.5,-0.6,0.1,-2.2,-2.3,-0.2,-0.6,2.0,4.1,0.5,-3.7,-3.2,1.2,20.3,6.9,4.2,5.8,-0.2,16.2,3.5,0.1,8.4,-1.0,0.8,-1.2,-3.3,-2.0,-0.3,-0.9,7.0,1.0,-0.6,-1.1,4.9,-0.1,0.6,0.1,7.1,9.6,8.5,6.5,1.7,2.1,7.4,-3.5,-2.0,-1.2,-5.5,-1.8,6.7,5.7,-1.7,4.0,4.5,2.6,-2.2,0.7,-3.6,0.4,3.6,5.1,6.6,1.4,0.9,1.8,4.2,-0.7,-1.8,1.9,-2.7,2.1,-2.0,-2.3,-4.9,2.1,-0.0,1.7,6.0,3.3,6.1,9.7,5.8,14.9,0.8,2.1,-1.5,-0.8,-0.3,-0.2,-3.5,-2.7
2C7L51DeNV,0,48.106763,11.631581,4442555.72,2778364.8,559.4,605.1,275,7417,2.7,0.81,0.37,32.67,348.97,-0.53,-0.103,0.842,-0.7,0.1,-0.11,0.21,1.5,0.2,-0.3,-0.8,2.7,-0.3,-1.3,0.4,-3.7,1.9,-0.1,3.2,-3.1,2.3,-2.2,4.5,2.6,-0.0,-3.4,-0.2,-0.9,3.4,0.7,0.1,2.5,0.8,6.9,5.0,-0.1,2.9,1.1,0.7,-0.8,-1.5,0.5,-3.0,1.8,-1.2,4.2,2.8,8.1,3.4,3.2,5.6,1.1,3.1,1.7,3.6,4.7,-1.3,1.4,0.3,2.2,0.9,1.9,2.8,-4.0,0.4,-2.8,3.5,-3.0,-0.3,3.9,-1.5,0.5,3.6,3.5,-3.3,-5.2,2.4,-8.4,2.9,0.9,0.1,5.0,-0.7,2.1,5.9,-0.3,0.6,-1.3,1.8,1.2,-0.3,2.4,2.8,1.1,2.1,1.0,3.4,6.2,3.1,-1.5,-3.0,1.2,-2.6,2.8,0.6,-0.1,0.3,5.7,4.0,-0.9,4.4,2.5,3.5,4.1,3.9,1.2,1.3,1.0,-6.5,-1.4,-1.7,-1.5,-1.7,1.8,-2.5,-2.8,2.1,-1.2,0.7,-3.8,-2.0,-1.9,-2.8,-2.9,-1.9,3.3,-1.4,-0.7,-2.2,-3.3,-0.8,0.5,1.5,0.8,0.6,-3.2,-1.0,0.2,2.8,8.2,-2.2,-0.5,0.4,-2.5,-0.5,-0.9,-0.9,-2.0,-0.4,-4.8,-2.5,-1.2,0.9,-1.9,-0.7,-0.6,2.6,-3.1,-0.0,1.1,0.0,0.4,1.2,-4.0,2.1,2.3,-0.3,2.4,3.4,1.5,-1.5,-3.1,-2.4,-3.1,-3.3,-6.2,0.0,-1.6,-12.7,-0.7,-1.3,0.4,1.7,0.0,-1.1,2.9,-3.8,1.0,-1.2,-1.3,-1.7,5.3,4.0,3.7,1.8,-1.1,1.5,-1.6,-2.0,1.9,-7.7,1.0,-1.4,-1.6,-4.7,-14.1,-5.5,-4.4
2C7L51DeON,0,48.107091,11.634132,4442744.93,2778405.43,533.4,579.1,275,7471,2.9,0.79,0.46,32.68,348.97,-0.53,-0.103,0.842,-0.3,0.1,0.06,0.22,1.4,0.2,-0.3,-0.2,-0.5,0.2,-0.9,-1.2,-2.8,2.3,1.2,0.8,-0.1,1.1,-1.8,-2.2,-2.7,0.2,-1.7,-5.2,-2.3,0.6,-3.9,-0.2,0.1,-5.5,-2.3,-1.4,-5.4,-0.6,-1.6,-2.9,-7.2,-7.3,-4.9,-5.5,-5.0,-2.8,-1.0,-4.6,0.2,1.7,-0.8,-2.0,1.9,-0.9,-1.1,-1.5,-6.3,-2.5,-1.8,-3.2,2.0,-13.4,-4.2,-7.4,-4.2,-4.8,-2.2,-5.2,-4.7,-2.6,-2.5,-2.3,-1.2,-3.7,-0.3,4.5,-2.3,-0.8,-5.5,-2.5,-0.1,-3.3,-0.6,-0.3,-3.7,-1.4,-2.2,0.3,-5.0,-5.0,-0.3,-3.8,-5.8,-5.5,-4.8,-6.4,-4.9,2.4,-3.1,-2.4,-4.5,-4.8,-12.8,-5.2,-11.5,-4.0,-0.9,-4.3,-5.0,-4.0,-6.3,-6.1,-3.6,-3.4,-3.9,-2.4,-0.9,-6.0,-2.3,-3.3,-5.6,-0.8,1.7,4.5,2.3,-1.6,-3.0,-2.6,-1.9,-1.3,-4.6,-0.4,-1.1,-1.9,-3.8,-8.9,0.1,-9.3,-1.2,4.1,-12.3,-1.4,-3.1,-0.7,0.1,-3.0,-8.4,-5.4,-5.0,-4.4,3.2,-7.3,-6.3,0.2,0.4,-0.3,-1.1,2.5,-1.1,1.1,1.9,-0.9,0.4,-1.8,-1.5,-3.4,-5.4,0.3,-6.7,0.6,1.2,-8.1,-10.9,-5.6,-5.1,-6.6,-5.8,-6.6,-2.7,-3.6,-4.8,0.3,-6.5,-7.1,-3.0,-6.2,-5.8,-3.5,-3.9,-2.4,-2.9,-2.7,5.2,-2.2,-1.0,3.6,-1.9,-12.1,-3.2,-2.7,-5.3,-6.5,-3.3,-7.0,-2.4,-1.7,-6.2,-3.7,-4.4,-6.4,-4.9,-4.0,-4.9,-1.6,-6.9,-3.6,-3.0,-3.5,-3.6
2C7L51DvR5,0,48.106962,11.632978,4442659.3,2778389.14,532.0,577.7,276,7451,3.3,0.73,0.44,32.68,348.97,-0.53,-0.103,0.842,-1.1,0.2,-0.1,0.25,2.0,0.2,-0.3,0.5,2.1,2.9,0.5,1.7,-1.9,-2.8,-2.4,7.2,0.6,-2.1,-3.3,6.6,-3.8,4.6,5.8,-10.7,0.2,2.2,9.8,4.8,8.1,-5.2,6.0,10.4,8.8,5.6,-6.8,1.7,2.4,0.0,-4.5,3.3,2.2,2.1,7.1,5.4,3.0,5.6,3.9,3.2,-1.2,5.9,4.9,5.8,-0.3,-1.8,-0.6,2.6,-0.0,0.1,-2.4,3.4,2.6,0.4,-0.3,-0.4,0.6,-1.1,-3.3,1.9,-0.5,-4.2,-1.8,4.4,-3.2,-1.1,0.1,2.1,-0.6,-2.3,3.8,-1.6,-1.7,-6.3,5.1,5.8,7.9,1.4,3.9,-2.1,-2.2,-4.4,0.4,10.5,4.6,2.7,5.1,3.6,5.0,5.1,-0.9,-0.1,4.0,1.4,-2.1,0.2,6.9,0.3,3.6,-1.2,7.8,0.6,2.1,2.6,2.2,3.4,-2.2,-1.8,-0.7,0.7,0.2,-1.5,-0.5,-1.9,-2.8,-1.9,-0.1,-0.0,-1.6,-1.7,1.2,-1.0,0.7,1.3,1.4,-1.0,3.4,3.0,4.8,1.8,2.8,-0.4,3.3,0.3,0.0,0.8,-1.3,-1.3,1.6,-4.0,-4.2,-1.5,1.1,0.2,0.1,2.7,-4.3,1.4,-13.6,-4.3,-5.2,-4.6,2.7,-8.8,-3.6,-2.1,-11.8,4.1,1.3,2.5,-2.1,-0.6,-1.3,1.0,-1.7,1.9,3.1,1.5,2.3,0.6,-1.6,-3.8,-2.2,-4.4,-3.4,-1.0,-2.4,-3.4,-4.7,-0.9,-9.7,-2.2,-2.2,-1.6,-2.0,0.6,-3.6,3.6,-6.1,-2.6,1.5,1.8,2.2,4.2,-3.4,-0.9,-1.0,-6.7,-2.1,-2.3,-1.0,-3.0,-1.7,-6.4,-4.5,-8.0,-4.8
2C7L51DvSW,0,48.107656,11.638393,4443060.97,2778475.26,548.8,594.5,276,7540,4.0,0.7,0.43,32.7,348.97,-0.53,-0.103,0.841,-0.4,0.2,-0.26,0.31,0.3,0.3,-0.3,-1.9,-2.4,8.3,1.2,-2.4,-0.9,0.3,2.1,1.2,5.8,-0.6,-1.8,2.6,1.8,-3.3,14.6,-6.0,-5.2,-2.0,-7.6,-6.2,-2.5,3.5,-2.7,10.3,-10.1,2.0,2.3,-1.2,-11.6,4.5,-9.5,-0.7,-5.1,-0.1,-2.8,2.1,-6.5,2.5,9.1,0.7,3.8,-13.1,-4.6,-1.7,-0.2,-0.4,3.8,-2.2,-0.8,-2.4,-4.2,-1.6,-0.9,-4.1,-1.1,-3.3,1.7,-3.2,-1.2,-2.9,-3.1,1.3,-0.1,-2.6,0.6,-4.7,-5.5,0.4,4.3,4.5,-1.8,-3.3,0.1,-0.0,0.9,2.7,0.3,0.6,-1.8,-0.5,-0.6,-1.9,-0.1,-0.7,-0.0,-0.2,-0.9,0.9,-0.9,-13.1,-3.9,-0.0,-2.6,-3.1,2.5,3.1,2.0,0.9,-2.0,-2.8,-1.5,2.9,1.2,-0.2,-4.0,-1.5,-3.0,-0.4,-1.2,1.6,-3.5,-2.9,-2.0,-3.3,-5.8,-2.3,-1.0,6.8,-2.8,-3.4,-0.6,-2.2,0.0,-1.0,5.3,-5.5,-0.4,1.4,-1.1,-1.3,1.3,-4.0,-1.5,-2.1,-4.3,3.1,-3.1,2.4,-0.5,-2.4,-4.4,-3.6,-3.9,-4.9,-2.6,-2.5,-1.1,0.5,2.6,-1.6,0.4,2.5,0.4,0.2,1.2,-4.2,0.3,0.8,0.5,-2.5,-8.5,-2.6,-8.3,-2.7,-6.1,4.3,7.3,1.0,2.5,1.1,-4.4,-3.7,-1.2,-4.6,-3.6,1.5,0.1,-6.4,0.7,7.5,-3.5,-1.9,-7.5,-3.5,-0.4,-7.4,-4.5,-6.9,-4.3,10.3,-0.6,-12.1,2.6,6.2,-1.8,8.9,0.5,-7.6,-4.0,-8.2,-0.8,-2.7,-12.9,-4.9,-7.4,-5.2,-3.0
2C7L51DvQy,0,48.106934,11.632618,4442632.55,2778385.46,534.7,580.4,276,7444,2.5,0.86,0.36,32.68,348.97,-0.53,-0.103,0.842,-0.7,0.1,0.01,0.19,0.0,0.2,-0.3,-0.2,0.8,2.6,1.1,-0.6,-2.8,0.5,-1.2,1.5,-3.8,0.9,-2.0,0.7,-0.4,0.1,0.9,-1.9,-1.6,-1.3,-1.6,0.9,5.4,-0.6,1.5,2.3,1.3,3.6,-0.5,2.8,-1.0,-2.9,-4.7,-1.2,-0.2,-2.4,1.3,2.5,-0.0,5.5,0.3,2.1,-1.8,0.7,3.8,0.9,0.2,-3.6,-3.7,2.5,-3.5,1.8,-0.4,1.5,2.8,-0.6,2.7,-1.4,-2.1,-1.9,-2.2,-0.4,-2.9,-1.3,-1.1,-1.4,-4.2,-0.3,0.7,-1.1,0.8,-2.3,0.2,0.7,-0.2,0.6,1.2,1.0,2.6,0.8,1.5,-0.7,-0.2,-0.0,-0.7,2.5,0.2,1.9,3.1,-2.9,-2.1,4.3,-6.6,-5.3,-1.0,-4.8,-1.6,-1.9,2.0,2.3,3.1,-0.4,1.4,-0.5,1.6,2.3,1.3,3.7,0.4,-2.3,-1.1,-2.1,-1.2,-2.7,-1.9,-2.0,-4.1,-4.1,-4.3,0.5,-5.3,-0.9,-1.8,-1.2,-1.9,-2.5,-4.2,-0.2,-0.5,0.0,-4.5,-3.9,0.9,-1.8,1.5,-0.6,0.3,-2.5,-6.6,2.3,1.1,-4.0,-2.2,-2.5,-4.3,0.7,-0.3,-3.7,0.9,1.7,-9.4,-0.4,-0.9,4.1,0.5,-0.4,-1.0,-2.7,-1.2,-2.3,-2.9,-0.9,-4.8,-4.3,-2.3,-5.6,-3.9,-1.6,1.9,0.9,0.7,-0.9,-0.9,-8.0,-1.3,-4.8,-1.5,-0.1,0.4,-9.4,-2.4,1.5,-3.6,-2.3,-1.7,-2.4,-0.6,-2.5,1.6,-4.0,-7.7,-5.0,-5.3,-6.5,-2.2,-5.4,-8.6,-5.8,-2.8,-3.4,0.4,-2.1,-5.8,-4.2,-0.1,-1.0,-1.9,0.4,2.9
2C7L51DvRu,0,48.107391,11.636038,4442886.2,2778441.93,539.6,585.3,276,7502,4.6,0.67,0.49,32.69,348.97,-0.53,-0.103,0.842,-1.2,0.2,-0.35,0.35,1.5,0.3,-0.3,15.7,-0.5,-1.6,-1.3,0.1,-3.1,-3.7,-4.9,-2.2,-4.6,-5.3,8.8,2.4,13.0,-8.8,-0.2,0.6,1.1,-2.4,-5.0,-4.2,-1.2,-6.1,-1.7,-1.0,-0.6,-0.9,2.1,-1.7,-1.6,-4.8,-7.0,-8.3,-4.8,-3.3,-5.7,-7.0,-3.8,-1.1,1.2,-2.5,-5.7,0.9,-2.1,-3.4,14.8,-3.1,-5.4,7.2,6.5,-8.3,3.1,2.4,0.2,-1.1,-5.1,0.7,-1.0,-3.7,-7.9,-5.3,3.3,-2.0,-5.2,-4.6,0.1,4.8,-11.9,-3.2,-6.7,-0.9,-10.9,-2.8,-3.2,-3.7,-6.4,-4.2,-7.5,-8.5,-8.8,10.1,-7.5,-5.5,-9.5,-6.2,-0.2,1.5,-2.8,-4.4,-1.6,-1.9,0.9,3.8,-6.5,-3.1,3.8,0.3,11.8,1.6,-2.0,0.2,0.3,-1.0,1.3,-9.2,-6.0,-3.4,12.7,-2.6,-2.6,-8.3,-0.6,1.6,-4.8,-2.6,-1.6,-2.3,-6.3,-3.7,-5.7,-2.5,-0.8,-0.0,-2.1,-2.4,-4.4,-7.0,-4.9,-6.7,-10.5,15.0,0.6,-5.3,3.3,12.5,-12.5,3.0,-0.5,3.9,-1.2,-6.4,-5.0,-3.0,14.1,-4.8,-1.8,-4.5,-6.8,-5.2,-5.7,-7.2,-5.1,-8.5,-1.0,-6.0,-3.8,-3.8,-5.0,-5.2,-6.4,-0.8,-11.7,-4.9,-6.7,-6.3,0.2,1.5,3.1,-1.7,-6.1,-6.3,-6.1,-8.2,-2.8,-2.4,-6.6,-5.3,-5.7,-7.0,-5.6,-5.7,-6.0,-5.4,-9.1,-5.4,-7.0,-1.9,-7.4,-7.1,-8.3,-5.6,-6.2,-7.3,-4.8,-8.1,-10.4,-1.9,-5.6,-5.8,-4.0,-8.2,-6.1,-7.8,-9.3,-5.3,-6.7,-5.6,-5.0
2C7L51DvRv,0,48.107388,11.636015,4442884.48,2778441.57,535.7,581.4,276,7503,3.8,0.71,0.53,32.69,348.97,-0.53,-0.103,0.842,-1.0,0.2,-0.02,0.29,0.8,0.2,-0.3,-1.8,-0.2,2.4,-0.3,-0.3,0.7,2.3,-4.1,0.4,-5.2,-3.9,5.5,-2.7,-11.8,-3.3,1.5,-1.2,-1.0,-1.2,-2.6,-0.8,-2.2,-5.6,0.6,3.6,0.2,-0.2,1.5,-2.3,-1.1,-5.9,-2.6,-6.0,3.4,-5.3,-1.6,-12.0,-6.9,-0.7,0.3,-3.8,-4.7,8.8,-5.6,-2.0,-13.3,-2.1,-4.8,5.5,13.1,-1.5,-4.4,-3.7,-4.0,-3.7,-4.6,2.0,-6.9,-6.0,-9.3,-8.0,-5.2,1.4,-4.4,-2.5,-0.9,-2.1,-2.8,-6.0,-5.8,-1.7,-0.1,0.0,-4.7,-3.1,-3.8,-5.0,0.9,-9.5,-9.8,-11.8,-4.8,-4.2,-3.9,-4.6,-2.6,-3.2,-5.0,-4.8,-3.3,-5.1,-8.8,3.9,-6.7,-5.8,0.8,-3.4,-10.2,-13.9,-5.9,-7.2,-0.5,-2.8,-1.4,0.5,-6.5,-1.9,-6.7,-2.5,-4.5,-13.5,-3.1,0.3,-1.1,-1.3,-2.6,-1.1,-1.5,0.5,-2.9,-2.3,1.2,-2.6,-1.0,0.1,-8.4,-0.6,-1.0,-3.4,-10.6,0.5,1.7,-7.0,6.7,-10.9,-9.4,0.4,-1.7,-0.8,-2.4,-7.2,-6.3,-2.9,-5.3,-3.6,2.6,1.8,-5.7,-0.1,-2.8,-3.6,-6.7,-8.3,-3.0,-4.0,-2.5,-5.2,-3.8,-5.8,-7.6,-2.6,-15.4,-7.0,-7.0,-7.3,-8.9,-4.0,0.6,-5.5,-3.6,-6.2,-2.5,-8.0,-2.6,-1.2,-6.3,-4.0,-5.7,-5.6,-6.9,-5.9,-6.6,-6.7,-6.7,-5.9,-9.6,-2.4,-5.1,-8.5,-8.5,-5.7,-3.6,-7.2,-5.8,-1.2,-15.4,-3.3,-12.3,-5.9,-9.1,-8.0,-4.7,-7.0,-7.8,-4.2,-5.0,-5.3,-5.3
2C7L51DvRt,0,48.107397,11.635941,4442878.94,2778442.45,538.5,584.2,276,7501,2.8,0.84,0.41,32.69,348.97,-0.53,-0.103,0.842,-0.9,0.1,0.14,0.21,0.3,0.2,-0.3,0.0,0.1,-0.1,0.3,1.0,0.9,1.2,3.5,1.2,0.1,-0.5,1.9,-0.6,1.6,-1.9,-0.9,-2.1,-1.6,-1.8,-3.2,-1.9,-0.7,-0.8,1.0,0.5,-3.7,-0.5,1.9,-1.6,-0.8,0.5,-3.7,-5.3,-5.6,-0.2,-1.9,1.0,1.6,2.6,0.8,0.1,-4.0,0.0,-2.8,-3.1,-1.4,-2.1,-8.2,-1.3,1.9,-7.7,-1.1,-2.3,1.9,0.5,-3.3,-1.6,-2.0,-0.0,7.5,-0.2,-4.0,-2.6,-3.5,-1.7,-1.0,-7.5,-4.4,-3.5,-6.6,-3.4,-9.6,-2.9,-7.6,-3.5,-1.1,-8.0,11.4,7.3,-2.4,0.8,-1.4,5.6,4.4,-0.3,-0.1,3.4,-1.7,-4.3,-3.4,-2.4,-5.1,-7.3,-5.3,-6.8,0.3,-5.6,0.1,-1.8,-1.7,2.2,0.6,3.3,3.2,3.0,-2.2,0.5,-1.6,-3.7,-3.8,-2.9,-1.1,-4.0,-2.2,-2.0,-0.1,-0.8,-3.1,-1.3,-5.1,0.3,-1.9,-2.7,-3.3,-2.4,-2.9,-2.4,-4.6,-2.5,-3.7,-3.7,0.3,-3.0,-2.5,-4.0,-4.1,-1.8,-5.1,2.2,-2.5,-5.3,-4.7,-4.9,-4.4,-3.0,-2.9,-2.6,-4.2,-3.1,-2.7,-4.9,-1.2,-4.2,-1.1,-3.2,-3.7,-3.1,-3.5,-4.8,-3.9,-4.6,-13.0,-6.2,-5.0,-6.0,-0.8,-2.0,2.2,-1.7,-1.0,-2.1,-2.9,-5.6,-2.1,-3.9,-4.1,-3.8,-4.1,-1.1,-3.8,-4.0,-3.4,-4.1,-5.0,-3.7,-3.9,-4.4,-6.0,-4.5,-5.1,-4.8,-3.9,-3.5,-1.2,-2.7,0.3,-1.4,-4.6,-1.7,-3.8,-4.7,-5.9,-4.7,-11.8,-3.5,-6.0,-3.8,-5.7
2C7L51DvPS,0,48.106299,11.627239,4442233.41,2778306.07,533.9,579.6,276,7350,2.9,0.82,0.39,32.65,348.97,-0.53,-0.103,0.842,-1.4,0.1,-0.02,0.22,0.3,0.2,-0.3,1.6,2.6,-0.4,0.1,0.8,-0.3,0.2,-0.4,0.2,-2.8,0.1,0.8,0.4,0.6,-0.6,0.6,0.4,-0.0,-1.1,-6.7,1.3,-1.3,-1.1,-0.3,-0.6,1.7,4.0,-0.3,2.1,-8.0,-13.5,-3.5,-7.0,-4.8,-3.5,-1.2,0.1,3.9,0.2,-1.7,-1.3,-1.2,1.6,0.7,-0.5,-2.0,-3.8,-4.0,0.0,0.0,1.6,-0.1,-2.7,-2.5,-2.5,-2.1,-1.7,-2.7,-1.3,-2.8,-0.5,-1.2,-2.3,-1.4,-1.7,-2.5,-1.7,2.9,-3.1,0.0,-0.1,-0.8,-1.2,-1.8,-1.4,-0.4,-0.8,2.5,-6.2,-3.4,-2.5,-2.1,1.9,0.1,-1.0,-0.4,1.9,-1.3,1.8,-3.8,-6.1,-4.8,-7.1,-4.3,-2.6,1.1,-2.0,2.0,-4.4,1.4,0.3,-1.4,-2.6,-3.2,-0.5,-2.1,-1.3,-3.7,-2.8,0.2,-7.9,2.6,-9.7,-4.0,-0.3,-1.0,-8.6,-3.5,-4.9,-3.0,-1.9,-2.4,-1.3,-1.9,-2.7,-4.1,-6.8,0.2,-6.8,-11.1,-8.3,-4.9,-3.8,-0.1,-1.4,-1.0,-1.3,-7.4,-2.6,-2.4,0.8,-7.4,-5.4,-4.2,-1.9,-3.9,-10.1,-3.1,-3.9,-3.2,-6.3,-2.5,-4.6,-5.2,-3.2,-2.7,-5.3,-2.8,-0.4,-6.8,-4.6,-4.1,-9.8,-8.1,-9.1,-2.8,-2.8,-7.3,-2.2,0.0,-4.2,-7.9,-3.6,-3.0,-6.9,-6.1,0.3,-0.9,-15.7,-6.2,-7.4,-6.7,-7.7,0.3,-8.3,-8.7,-13.4,-3.6,-7.4,-11.2,-7.6,0.4,-4.5,-11.8,-8.0,-4.7,-9.8,-4.1,-7.1,-2.6,-6.5,-9.3,-6.5,-5.5,-4.5,-7.9,-5.5,-6.4
2C7L51DvPV,0,48.106319,11.627399,4442245.26,2778308.61,534.0,579.7,276,7353,3.3,0.73,0.41,32.65,348.97,-0.53,-0.103,0.842,-0.2,0.2,-0.59,0.26,0.8,0.2,-0.3,-0.8,0.5,0.0,1.0,1.2,-0.5,3.4,-0.9,1.0,-1.8,-0.2,1.7,1.3,0.7,1.8,-2.2,1.1,1.8,1.9,-3.5,0.6,1.3,1.8,-3.0,5.3,8.0,5.9,3.9,3.1,2.1,-4.5,0.7,-4.2,-3.1,-0.4,-4.0,2.2,5.3,5.4,0.6,7.0,-0.6,1.7,1.1,0.1,6.1,2.7,6.7,3.7,4.9,1.9,7.1,5.0,0.5,4.2,3.7,5.6,-3.6,5.5,7.0,0.9,5.5,2.7,-0.4,1.6,4.1,2.9,5.1,-1.7,2.3,0.2,-2.7,-2.8,3.1,4.4,7.1,4.1,4.0,1.7,2.7,2.9,3.1,6.1,1.1,3.5,-0.8,4.3,1.5,4.1,-2.5,-1.8,-6.0,-2.0,-0.5,4.4,4.6,10.9,2.4,0.4,-1.4,2.8,5.4,4.1,4.3,13.0,5.2,7.1,3.7,7.1,2.9,3.2,5.2,4.2,4.3,4.6,6.8,4.6,4.4,0.3,-0.2,5.0,3.3,7.7,3.2,1.9,2.8,5.5,10.8,0.1,-3.0,0.6,4.4,6.6,-0.2,0.3,3.2,-0.9,0.4,3.8,3.6,5.3,9.0,1.8,0.5,3.0,-0.2,2.4,1.5,-0.2,1.5,1.1,3.4,0.1,-0.5,1.7,2.5,1.8,2.2,-1.2,3.4,2.0,1.7,-4.4,1.0,-2.1,2.7,0.5,3.5,6.6,4.5,6.6,-3.9,-5.3,-0.5,0.6,-4.9,-2.5,-1.7,2.5,-5.3,-4.1,-2.0,-1.1,-2.8,-5.0,3.2,5.3,1.9,3.8,-1.7,4.0,2.3,1.9,-3.0,-4.8,3.8,0.4,0.6,-2.0,-0.1,0.9,5.3,7.3,6.4,8.6,9.4,10.8,-11.7
2C7L51DvPY,0,48.106369,11.627643,4442263.32,2778314.55,538.1,583.8,276,7356,3.4,0.76,0.45,32.65,348.97,-0.53,-0.103,0.842,-0.5,0.2,-0.24,0.26,0.2,0.2,-0.3,2.0,0.2,0.3,2.0,4.7,-0.3,1.0,-3.0,1.7,-3.7,0.4,-2.8,4.1,-3.6,-0.6,-1.0,-0.8,-5.6,-3.3,-4.4,0.7,-1.9,-9.1,0.3,0.6,-0.4,-2.8,6.0,7.0,-5.3,8.2,-5.2,-4.1,-16.4,-11.0,-2.3,-0.6,-5.7,-1.0,0.3,-0.8,-2.1,1.1,-1.3,-1.5,-1.9,-1.2,-4.1,-1.8,-14.1,-3.6,-3.4,-3.9,-3.2,-0.5,-3.2,0.7,-3.4,1.2,-5.6,0.5,-3.0,-2.6,-1.4,-4.6,-1.1,-4.4,-3.3,-1.5,-3.3,-0.6,-1.6,-5.5,-4.4,-2.0,-2.4,-4.6,-2.2,-5.9,-4.2,-4.2,-3.5,-5.3,-1.2,-0.7,-5.2,-2.8,0.2,0.7,-6.3,-4.6,-0.0,-4.3,-5.5,-3.6,0.0,-2.1,2.9,-0.9,1.0,-3.4,-1.1,5.8,0.2,-0.5,-2.4,2.5,0.9,-0.1,-2.7,-5.7,-9.0,-4.2,-1.8,-6.2,-3.6,-5.7,-3.8,-0.5,0.4,-3.0,-0.6,-12.0,6.1,-2.6,-5.0,1.9,-0.7,-5.2,-10.3,-4.4,-7.2,-2.6,3.7,-1.9,-5.3,-5.8,-10.3,-0.8,2.0,-2.8,-0.9,-0.5,-2.8,1.0,2.4,-1.0,1.9,-1.8,0.8,2.1,-0.2,-3.4,-4.4,4.9,0.3,-1.2,-4.2,-1.9,2.0,-3.6,1.6,-3.2,-4.7,-4.5,-6.9,5.1,-2.4,-0.3,-2.1,-2.4,-3.8,-5.1,-3.0,-4.5,-10.5,-7.5,-3.1,-5.2,-5.8,-4.2,-2.2,-3.3,-3.9,-3.4,-5.5,0.5,-3.2,-4.8,-4.5,-3.5,-4.1,-5.1,-6.7,-3.8,-3.5,-5.5,-4.9,-4.9,-0.9,-1.5,-12.7,-7.9,-2.1,-3.4,-6.9,-5.2,-5.2
2C7L51DvQV,0,48.106862,11.631486,4442548.43,2778375.66,561.0,606.7,276,7415,3.1,0.76,0.42,32.67,348.97,-0.53,-0.103,0.842,-0.6,0.2,-0.3,0.24,1.6,0.2,-0.3,-3.1,4.5,-0.7,-1.1,-5.2,-8.0,3.7,-6.1,1.0,1.3,-1.1,3.8,0.6,-2.6,8.6,10.9,2.1,11.3,-2.5,-0.9,-0.4,0.6,0.3,0.4,3.2,3.7,1.0,-4.3,-2.6,-0.3,0.3,-3.2,-0.8,-2.6,-0.5,2.8,6.4,4.6,3.9,2.3,3.3,-4.1,3.5,1.7,4.0,-0.5,-2.4,-8.0,2.7,2.5,-0.5,-4.8,-4.5,-0.9,1.1,-0.9,-4.1,-4.1,-3.6,-1.1,-3.1,-2.2,-1.9,-1.0,-5.4,-3.0,-3.3,-3.4,-7.8,-4.1,-8.7,1.1,-5.8,-0.4,-1.6,-1.2,-0.1,-3.0,-1.8,-0.4,-2.9,-2.5,-0.9,-4.0,-3.1,-7.1,2.3,4.8,-0.8,2.9,2.3,2.2,0.9,3.2,1.5,-0.2,-1.2,0.3,1.8,-1.1,-0.1,2.2,1.5,0.6,2.1,1.0,0.9,-0.4,-0.4,1.2,1.2,0.4,-2.7,-3.1,-3.6,4.6,-1.0,4.1,0.7,-1.0,-0.4,-1.4,-0.6,-2.4,-1.4,-1.1,-1.3,1.8,-2.9,-0.8,0.3,0.6,2.2,1.3,3.4,1.9,0.0,-1.1,1.5,3.9,1.7,-5.2,1.5,2.7,0.7,-2.8,1.5,-0.0,-1.6,-2.2,4.0,-3.8,1.4,-0.9,-0.5,1.4,-1.2,-0.2,-7.0,-2.4,-0.0,-1.3,1.5,-2.4,0.6,0.1,-1.8,-0.7,-1.6,3.1,1.5,-3.7,-7.0,-0.2,-0.7,-2.7,-4.9,-7.0,-7.3,-4.1,-9.4,0.3,-2.0,-4.7,-1.8,3.4,-10.5,0.6,-4.8,-5.6,-4.1,-2.4,-4.7,4.8,2.1,-2.1,0.2,-0.4,-1.9,1.6,1.4,-4.2,-6.0,-3.2,-5.1,-10.7,-5.2,-3.8
2C7L51DvQa,0,48.106865,11.631501,4442549.52,2778375.91,548.8,594.5,276,7420,3.5,0.71,0.52,32.67,348.97,-0.53,-0.103,0.842,-0.6,0.2,0.12,0.27,3.3,0.2,-0.3,-1.1,-1.3,-0.2,0.9,2.0,2.7,-0.8,-0.2,1.3,-2.5,0.3,4.4,0.0,-2.2,0.1,-0.9,-0.3,-0.4,-0.9,1.5,-1.7,-1.7,-0.2,0.0,4.8,8.5,12.3,5.7,8.5,3.8,2.6,5.4,12.0,7.2,2.4,6.3,0.2,4.9,8.7,8.6,9.2,-1.4,7.9,9.6,6.8,9.5,0.4,-3.6,1.6,-0.3,-2.6,-3.2,21.4,0.6,-0.3,-4.7,-0.2,-2.4,-2.5,-1.7,-2.5,0.4,0.2,-0.5,1.2,1.7,-3.1,-2.0,-0.8,-0.4,-1.2,-0.7,-2.7,0.2,1.0,2.3,0.7,0.4,-3.8,-4.2,-2.6,-3.3,0.1,-0.9,4.5,0.7,3.5,4.5,7.0,2.0,-2.0,2.2,-0.1,3.1,6.7,6.0,10.0,7.5,3.0,10.2,7.6,7.4,0.6,6.0,3.5,3.0,4.5,4.6,2.3,-1.1,1.4,-2.2,-3.4,0.2,0.5,1.1,1.7,-5.3,-0.1,-0.6,0.9,0.1,-3.8,0.9,2.3,5.3,2.3,2.6,1.5,0.5,-1.5,1.5,5.6,4.6,5.2,3.9,0.4,3.1,12.4,4.9,0.7,2.1,0.0,2.5,0.4,-0.4,-1.6,0.3,-4.5,1.8,-0.4,-0.1,-2.3,-4.8,-4.4,-3.7,1.1,-1.6,-1.2,1.7,4.1,-0.9,4.5,-3.3,-2.8,0.6,0.9,3.4,4.1,2.7,4.1,1.6,-4.5,-2.3,0.3,-4.2,-2.8,-2.7,-4.0,-4.2,-5.8,-2.3,-5.2,1.2,-3.3,-0.6,1.3,6.4,-1.8,0.3,-0.5,7.1,7.8,1.7,23.2,0.9,0.8,0.1,2.0,0.5,-1.0,0.3,-2.6,3.3,0.9,-6.6,-1.2,-6.0
2C7L51DvQb,0,48.106831,11.631238,4442530.0,2778371.76,533.2,578.9,276,7421,3.4,0.6,0.45,32.67,348.97,-0.53,-0.103,0.842,-0.6,0.2,-0.3,0.26,4.1,0.2,-0.3,4.7,-3.7,0.7,-2.6,-2.2,-6.3,1.5,-5.0,-4.1,-4.3,2.3,-7.0,-0.6,-1.9,0.2,0.5,0.3,-4.1,2.2,-4.4,-11.6,-2.4,-2.3,-5.2,-2.5,-5.1,-2.2,-9.8,-3.9,-10.0,-7.2,-3.7,-9.4,-9.0,-8.1,-6.9,-3.3,-7.7,-3.8,-6.4,-4.5,-0.9,-8.6,-2.9,-5.8,-4.8,-0.0,-1.8,-9.0,0.6,4.2,-0.2,0.8,2.1,1.5,-2.3,2.2,1.7,0.9,1.7,1.7,1.4,-5.7,3.3,-2.8,-1.2,-0.1,2.4,2.6,3.0,-1.3,-4.0,-0.6,2.7,-2.3,-4.4,-0.9,-0.4,-4.1,-3.5,-2.5,-4.5,-4.5,-8.3,-8.3,-6.9,-5.1,-6.2,-9.9,-4.0,-5.7,-14.2,-9.2,-8.6,-10.6,-4.8,-5.3,-4.0,-10.6,-5.4,-7.0,-8.8,-6.5,-6.4,-6.2,-5.1,-5.4,-3.2,-4.6,-3.5,-3.3,-4.5,-10.7,-4.4,1.6,1.1,3.7,0.3,-3.0,-1.7,0.1,4.2,-0.4,2.2,-5.0,-3.3,0.1,-0.0,-4.7,-7.5,-6.3,-8.4,-8.1,-5.7,-10.1,-9.9,-6.8,-6.8,-5.4,-5.3,-3.4,-11.7,-4.4,6.7,3.5,0.1,-0.3,1.5,-0.3,-2.2,2.9,3.0,-1.7,-1.9,-3.7,1.7,-2.8,-3.1,-3.6,-1.4,-13.1,-10.4,-12.7,-16.4,-4.9,-5.4,-10.9,-20.6,-1.1,7.0,-12.0,-7.7,-8.2,-2.6,-3.6,-6.0,0.6,3.0,-12.0,-2.6,-0.6,-3.4,-5.1,-4.4,-2.3,-1.7,-7.1,-1.2,-17.4,-11.3,-10.2,-9.1,-11.6,-4.7,-1.6,-10.7,-10.5,-11.6,-10.3,-4.0,-9.3,-3.4,-2.1,-2.8,-0.8,-1.9,-3.4,-0.8
2C7L51DvQc,0,48.106858,11.631452,4442545.92,2778375.16,540.9,586.6,276,7422,1.6,0.92,0.28,32.67,348.97,-0.53,-0.103,0.842,-0.4,0.1,-0.16,0.12,1.1,0.1,-0.3,-1.9,-1.9,-0.2,-0.7,-0.7,-2.2,0.3,-0.9,0.7,0.1,-0.9,-0.3,1.7,0.3,-0.3,0.9,0.1,0.1,-1.0,-2.4,-2.5,-0.1,-1.2,-0.8,-0.8,-1.7,-0.0,-1.6,-2.3,-4.4,-3.5,-3.6,-4.8,-2.0,-3.1,-1.4,1.3,0.1,1.0,-0.6,1.5,0.1,-0.2,0.3,0.2,-1.4,-4.5,-1.2,-0.4,-0.2,1.0,1.5,-1.0,-0.6,-0.9,-0.7,0.5,0.1,0.3,1.5,0.4,1.1,-1.4,3.4,-0.0,-1.6,1.3,1.5,2.5,2.4,1.3,-0.0,0.8,3.0,0.7,0.4,0.5,-0.9,-1.1,-1.5,-2.1,-0.7,-1.1,-2.0,-1.2,-1.3,-0.6,1.0,-3.3,-3.3,-2.0,-5.0,-4.6,-3.8,-5.4,-2.0,-1.2,-2.3,-2.2,-1.4,-2.0,-3.0,-2.4,-0.8,-1.4,-1.1,-1.4,1.1,-1.1,-1.0,-1.2,-1.2,-5.1,0.2,-1.2,-1.7,-2.0,-1.5,1.9,-5.6,-3.0,-1.6,-0.1,0.3,-0.3,-0.9,-1.1,-0.8,-0.0,-5.5,-1.0,-2.7,-1.9,-2.1,-5.2,-2.6,-2.0,-2.9,0.6,2.2,-3.4,-3.7,-0.4,-2.5,-3.3,0.5,0.0,1.1,1.7,1.3,-1.6,1.9,-0.1,0.4,-0.3,-0.6,-2.0,0.9,-1.6,-2.9,-3.7,-4.0,-2.3,-4.2,-3.7,-1.8,-1.5,1.1,1.1,-0.5,-4.1,-3.8,-4.1,-3.1,-4.0,-4.6,0.5,-1.7,-2.2,-2.3,-0.1,1.1,3.5,0.5,-2.8,-2.3,-4.5,-3.3,-3.1,-4.9,-4.2,-1.3,-3.4,-2.1,-1.3,-3.9,-4.4,-5.1,-3.7,-2.8,-3.6,-1.6,-1.7,0.1,-2.6,-1.4,-3.0,-2.0
2C7L51DvQi,0,48.106885,11.631656,4442561.02,2778378.41,533.6,579.3,276,7428,2.0,0.83,0.39,32.67,348.97,-0.53,-0.103,0.842,-1.3,0.1,-1.53,0.15,1.8,0.1,-0.3,0.5,1.9,2.4,2.9,-1.1,0.8,2.4,1.4,1.7,-2.1,1.7,3.4,-2.3,0.4,-2.6,0.3,2.4,2.0,-5.3,-0.7,-2.6,-1.8,-2.6,-4.2,-2.0,-0.2,-0.1,2.6,-4.7,-4.3,-4.0,-5.7,-6.7,-2.6,-2.4,-2.0,1.8,1.0,1.2,1.4,0.1,1.8,-2.6,-3.2,2.3,2.8,-1.4,-2.4,1.8,0.3,1.6,1.5,3.6,1.3,1.1,1.9,2.4,1.3,1.7,1.9,4.9,4.2,1.5,3.9,0.1,1.2,2.0,4.7,3.5,3.5,0.5,5.6,3.4,4.9,3.0,5.8,1.7,1.4,1.0,1.5,0.1,1.4,2.3,0.6,-1.0,-1.2,-0.0,1.4,3.9,1.6,1.5,0.5,-2.1,-2.9,-0.7,2.6,2.2,1.1,0.1,-0.1,-0.3,0.8,4.1,-8.3,1.1,0.4,-0.6,2.1,0.8,1.3,1.8,2.6,1.6,-0.1,3.1,1.1,2.7,0.4,3.2,-0.5,4.4,1.9,-1.8,-3.3,2.4,-0.2,5.5,1.5,1.6,0.1,-1.3,-2.0,-2.0,-0.3,-2.7,-2.2,-0.8,-2.9,1.3,2.7,-2.6,-2.3,0.8,0.1,-1.0,0.0,3.3,2.1,-0.6,0.3,2.1,2.9,3.0,-0.2,0.8,0.2,0.7,1.5,-2.7,-3.4,-5.3,-7.0,-6.3,-5.1,-6.8,-2.9,-2.3,-1.1,-2.7,-2.3,-2.0,-5.8,-8.8,-3.6,-5.8,-2.6,-0.6,-1.5,-4.8,-3.1,-2.8,-3.6,-3.1,-4.2,-3.7,-3.8,-6.9,-5.7,-4.4,-8.3,-6.6,-6.1,-6.9,-4.8,-4.5,-7.6,-6.6,-7.5,-8.0,-7.0,-8.8,-5.7,-5.9,-5.3,-3.8,-5.2,-5.8,-4.7
2C7L51DvSO,0,48.107669,11.637771,4443014.59,2778475.68,542.8,588.5,276,7532,4.7,0.51,0.58,32.7,348.97,-0.53,-0.103,0.842,1.9,0.2,1.54,0.36,2.7,0.3,-0.3,-0.4,-2.1,-1.4,-1.0,0.1,0.1,-6.6,-3.3,-2.4,1.7,-1.0,-0.7,-1.4,0.3,0.1,0.6,-0.5,1.3,-1.9,-0.4,-0.5,-0.4,-0.6,0.8,2.2,0.2,-1.5,-0.2,-4.1,-2.4,-0.8,-2.9,-5.5,-5.7,-0.3,-0.4,-1.8,0.7,-0.7,3.5,-3.1,-0.5,-0.4,0.2,0.2,-4.3,-1.5,-0.7,-3.9,-0.8,-3.8,-1.9,-3.6,-2.0,-1.5,-2.7,1.0,-0.5,-3.3,-0.9,-0.9,1.0,-4.2,-0.1,5.1,-2.3,-2.2,-2.2,-1.7,-1.5,-0.3,-2.2,-0.5,-0.9,-2.4,-1.1,0.0,-2.1,-0.8,-1.2,-3.1,-0.9,-3.1,-0.4,-3.1,-2.8,0.5,1.4,4.0,1.9,-0.1,-3.6,2.7,2.8,-4.0,-0.5,-5.6,-13.1,-11.5,-11.3,-11.0,-7.5,-8.2,-14.1,-8.3,-6.9,-6.5,-3.5,-12.0,-6.4,-9.6,-8.3,-11.4,-10.0,-5.9,-7.1,-14.4,10.9,-11.2,-6.1,-6.7,-1.6,2.4,3.6,2.4,2.6,1.3,4.3,0.7,1.7,-3.1,-6.4,-1.2,-0.9,-0.4,-4.6,-8.9,-12.2,-1.3,-9.0,-5.1,3.8,-10.2,-7.9,-9.5,2.8,-5.5,-10.5,11.1,9.2,-11.3,14.4,10.3,7.2,13.2,7.0,9.4,6.6,8.1,3.2,-6.2,-2.6,3.7,4.3,1.8,7.9,9.6,8.6,9.7,11.3,7.2,5.8,-9.0,8.4,3.4,-12.8,7.3,7.4,8.1,8.5,5.4,13.0,14.5,13.4,1.9,4.8,13.8,3.2,3.5,2.6,0.7,6.5,8.7,6.0,1.3,3.6,11.0,2.0,7.4,0.2,1.5,3.2,2.0,0.9,-0.9,9.5,3.4,4.2
2C7L51DvPW,0,48.106377,11.627558,4442257.01,2778315.26,539.5,585.2,276,7354,2.3,0.89,0.3,32.65,348.97,-0.53,-0.103,0.842,-1.1,0.1,-0.39,0.18,0.7,0.2,-0.3,-0.2,1.6,-0.0,-0.8,0.7,-2.0,0.5,-1.0,1.3,-2.4,-1.4,-1.0,1.0,0.5,-2.0,-1.7,-0.2,-0.5,0.2,-5.5,-1.3,-2.0,-2.3,-2.1,-0.8,3.4,2.7,0.4,-0.7,-1.3,-9.2,-5.3,-5.2,-4.5,0.3,-2.8,0.3,-0.7,1.4,-1.9,2.1,-0.9,1.9,-0.3,1.5,0.5,-0.8,-2.4,0.6,1.2,1.0,2.0,3.2,-0.4,1.4,1.7,-0.9,0.4,0.6,-0.5,-0.8,-0.6,0.4,-1.5,-2.1,-2.3,-1.9,-0.0,-2.3,-0.1,-1.5,-0.4,-2.8,0.3,0.3,-1.4,1.4,0.1,-2.5,-1.5,-1.5,-3.3,-3.2,-2.0,-1.8,-2.6,-2.3,-0.5,-4.3,-3.4,0.7,-5.9,-3.8,-2.6,-1.6,-1.4,-0.7,0.9,-3.7,0.3,-0.1,0.1,0.4,8.4,12.7,-5.2,0.6,-0.5,0.6,-2.6,-3.2,-2.5,-1.3,-0.7,-1.8,0.3,-2.2,-2.0,-2.4,-3.3,-1.2,-2.5,-1.2,-0.9,-1.6,-0.8,-1.1,-1.4,-4.1,-6.3,-5.5,-3.7,-1.5,-3.9,-4.5,-0.5,-4.7,-4.9,1.4,1.0,-2.9,-5.2,-2.6,-4.3,-2.8,-2.5,-1.6,-2.1,-3.6,-3.6,-1.0,-0.9,-3.4,-3.1,-1.8,-4.1,-2.1,-3.0,-3.6,-2.8,-2.8,-2.4,-5.4,-2.4,-4.5,-2.1,-5.7,2.8,-3.2,-2.0,-2.9,-6.4,-7.0,-5.2,-6.4,-5.8,-5.4,-6.3,7.3,-7.3,-6.0,-5.9,-4.0,-4.4,-5.9,-3.6,-3.1,-0.6,-2.9,-5.7,-4.6,-7.3,-5.0,-5.8,-6.9,-6.1,-3.4,-5.8,-5.2,-5.6,-4.8,-4.4,-0.9,-4.0,-5.9,-7.8,-5.9,-10.1
2C7L51DvQX,0,48.106888,11.631542,4442552.55,2778378.61,559.0,604.7,276,7417,2.1,0.89,0.32,32.67,348.97,-0.53,-0.103,0.842,-0.8,0.1,-0.13,0.16,1.1,0.1,-0.3,1.1,2.2,1.1,0.5,0.1,-1.3,0.4,-0.2,1.6,-1.4,0.6,-0.5,1.4,1.9,1.2,-2.9,1.6,0.8,1.9,1.4,0.0,3.5,1.1,-0.3,2.6,1.3,2.0,0.1,0.2,1.0,-1.7,1.8,-2.2,3.7,-1.0,4.4,3.2,3.8,4.8,2.4,3.8,3.2,2.6,2.9,2.1,0.7,-2.4,1.0,-0.1,2.6,-0.9,2.4,1.9,-0.0,1.1,-1.2,-0.1,-1.2,0.5,2.8,-1.3,0.2,-1.8,1.5,-2.4,-4.2,0.5,0.7,-1.3,-0.1,-2.5,1.4,-0.5,0.9,4.9,0.8,1.9,0.1,0.3,0.1,-1.3,2.1,-0.8,-0.4,0.1,0.7,-0.0,4.4,3.8,-0.4,1.4,-0.4,-0.6,1.4,1.5,-1.4,1.9,4.7,2.1,0.7,3.7,3.1,4.3,3.1,4.2,2.0,0.3,0.6,-2.9,0.2,-0.8,-0.3,-0.6,0.3,-2.0,-1.3,2.6,-0.1,0.3,-1.3,-0.9,0.5,-1.0,0.7,-1.4,0.9,-0.8,0.5,0.4,-3.1,-0.6,0.4,2.8,-1.3,-0.9,-2.0,-1.8,0.3,4.5,3.2,-2.2,-1.1,0.3,-1.3,0.5,-0.3,-5.9,0.2,2.5,-4.6,-0.2,-2.0,0.4,-3.3,-3.0,-1.8,0.0,-1.7,-1.4,-0.1,-2.2,0.7,-6.6,-3.2,0.0,1.8,-0.1,3.5,1.8,0.6,-2.5,-2.7,-3.5,-3.4,-6.9,-6.3,-5.2,-4.4,-10.8,-1.9,-2.1,0.7,0.7,-0.7,-0.9,1.7,-1.6,-0.6,-2.3,-3.1,-1.7,2.3,2.9,4.6,1.2,-4.0,-0.1,-1.8,-2.1,-2.8,-5.6,-1.2,-2.0,-1.3,-2.8,-8.4,-3.1,-3.4
2C7L51DvQh,0,48.106909,11.6317,4442564.23,2778381.15,538.7,584.4,276,7427,4.4,0.6,0.51,32.67,348.97,-0.53,-0.103,0.842,-0.6,0.2,0.81,0.35,0.5,0.3,-0.3,0.7,0.8,3.2,3.0,4.0,-1.3,4.0,3.3,6.3,-3.7,4.2,0.6,-0.1,0.3,-2.0,0.6,2.4,-7.3,-5.3,-14.6,-6.8,-11.2,-6.4,5.7,-5.9,-3.8,-4.8,-2.4,-7.7,-7.3,-4.9,-9.5,-9.3,-10.8,-5.0,-4.3,-4.2,-4.0,-3.2,-0.5,-2.0,-6.2,-7.0,-5.8,-9.9,-11.3,-5.8,-6.8,-7.4,-13.4,-10.4,-4.2,-7.9,-16.0,-14.9,-14.0,-8.5,-7.6,-6.2,-11.4,-13.2,-5.2,-11.6,-15.6,-4.8,1.4,-9.5,-2.8,-11.7,-15.1,-11.6,-9.6,-9.3,-14.3,2.2,-16.4,-2.1,-3.4,-6.1,-8.4,-3.8,-8.9,-7.6,-9.3,-10.2,-5.9,-7.1,-3.2,-3.7,-4.8,-7.3,-16.2,-9.5,-8.9,-8.4,-4.8,-2.4,-4.4,-5.5,-6.0,-6.1,-5.0,-1.6,-6.5,-3.7,-4.2,-4.7,-3.7,-4.9,-3.2,-2.1,-3.3,-5.1,-4.1,-5.3,-2.5,-10.9,-16.2,6.7,-8.7,-11.6,-11.7,-12.6,-13.5,-9.3,-11.3,9.9,-10.0,-7.2,7.9,-6.2,-7.5,-5.8,-6.5,-8.5,-6.2,-5.3,-9.8,-3.0,-2.5,-3.2,-5.1,-4.6,-1.2,-2.9,-7.6,-14.2,5.5,-12.7,-0.7,-5.4,-3.6,-3.9,-7.4,-3.7,-10.0,-16.6,-0.5,-4.1,-5.2,-10.9,-10.1,-7.6,-10.2,-11.3,-6.9,-10.1,-2.2,-6.8,-8.8,-8.0,-9.1,-10.6,-5.3,-9.2,-3.7,-6.1,-5.4,-5.4,-5.8,-5.4,-6.4,-4.2,-2.9,-7.6,-5.5,-8.1,-7.1,-7.1,-8.7,-11.3,-10.8,-12.3,-7.1,-4.8,-10.5,-7.9,-9.7,-9.2,-7.0,-9.6,-6.2,-5.8,-7.2,-3.8,-8.0,-6.2,-5.6
2C7L51DvQj,0,48.106915,11.631747,4442567.72,2778381.91,535.5,581.2,276,7429,4.6,0.59,0.5,32.67,348.97,-0.53,-0.103,0.842,-2.1,0.2,-1.15,0.35,1.0,0.3,-0.3,-1.9,-9.4,-1.4,-0.7,-4.0,-4.2,-3.5,-3.9,-9.5,15.2,2.1,1.8,-8.3,-5.7,-8.7,-2.1,-5.0,-3.9,3.9,-1.5,9.3,-2.4,-0.9,11.7,-0.5,3.5,-0.8,4.9,-0.9,-7.3,4.1,1.0,-3.1,2.4,-5.7,-5.5,13.1,-1.5,4.1,2.3,-1.9,5.3,-6.9,5.2,0.1,4.3,-4.3,-0.2,-3.0,-0.9,-0.3,1.5,0.6,-6.3,-8.1,-5.0,-0.7,0.4,-0.7,-3.2,-0.1,1.7,-4.1,4.6,-3.7,2.4,-0.4,4.5,-0.2,0.6,-2.3,1.4,-2.7,2.5,-3.9,2.3,-4.4,-6.0,-2.3,-4.1,-3.2,-1.3,-0.7,0.0,-12.7,-8.4,-3.8,-7.4,-7.4,-4.7,-6.4,-0.2,-4.8,-5.5,-6.8,-2.4,-2.0,-3.0,-0.4,-4.8,-1.3,-3.9,-0.2,7.2,-3.9,1.2,-3.5,-3.4,-1.0,-1.9,1.3,1.2,-2.6,11.2,0.4,-3.9,-6.1,-9.9,11.3,2.6,0.1,-0.2,-2.2,-5.6,-0.9,-13.3,5.6,1.4,-7.8,-5.1,-9.3,-5.9,0.4,4.9,-2.6,-7.8,-14.0,-11.2,-0.1,-1.0,-7.8,-11.2,-4.7,-1.8,-4.3,-0.7,2.5,-3.0,-14.5,-3.5,2.7,0.4,0.6,-2.0,-4.8,0.9,-1.9,-1.2,-8.8,-3.0,-13.9,-9.2,-10.5,-4.4,-9.0,-2.9,-5.3,-6.3,-4.0,-0.1,-8.9,-7.3,-8.2,-2.8,-1.2,-9.2,-3.4,-4.7,-13.3,-5.7,-6.7,-7.3,-5.8,-9.2,-7.2,-4.4,-12.6,-8.2,-7.4,-9.4,-12.0,-19.0,-10.5,-12.8,-10.5,-15.6,-11.4,-10.4,-16.9,-10.4,-13.9,-10.4,-15.5,-10.0,-2.1,-10.2,-10.3,-9.4
2C7L51DvRP,0,48.10722,11.634126,4442744.23,2778419.77,534.3,580.0,276,7471,1.8,0.87,0.39,32.68,348.97,-0.53,-0.103,0.842,-0.3,0.1,-0.17,0.14,2.2,0.1,-0.3,0.2,-1.1,-0.4,-0.6,-1.2,0.8,0.5,-0.7,-0.2,2.5,1.0,-0.4,-1.4,-0.7,-1.7,-0.7,-2.3,-0.9,-1.3,-3.3,-1.6,-2.7,-5.5,-2.4,-1.6,-3.2,-0.8,-2.2,-4.5,-5.5,-6.1,-6.7,-10.0,-5.8,-2.5,-0.3,-5.2,0.3,-0.2,0.4,-1.3,-1.8,-1.2,-1.1,-3.5,-4.1,-4.0,-2.2,-3.7,2.3,1.7,-1.3,-2.0,-1.4,-1.7,-1.2,-1.7,-2.5,-1.2,-1.4,-0.7,-0.4,-0.9,-0.6,4.0,-1.8,-0.5,7.7,-1.2,-0.0,-0.2,0.7,-0.3,-0.8,-0.9,-1.5,0.6,-2.1,-2.8,-1.1,-2.0,-3.4,-2.5,-2.8,-5.1,-4.1,-0.6,-0.6,-3.5,-4.4,-4.5,-5.4,-3.7,-3.6,-3.6,-3.3,-3.0,-6.0,-4.2,-6.0,-3.6,-4.6,-4.9,-3.5,-4.0,-2.4,-4.5,-3.5,-3.5,-5.6,-2.3,0.2,1.0,-1.2,-0.1,-0.5,-3.1,-0.7,-0.2,-2.5,0.7,-0.3,1.3,-2.0,0.4,1.0,-0.8,-0.7,-0.2,-6.7,-0.1,-1.7,-0.5,-2.3,-5.0,-5.4,-4.8,-5.0,-2.8,-0.8,-4.4,-2.7,2.6,1.1,-0.8,-2.6,2.6,-1.9,0.0,-1.7,-0.6,1.6,0.4,0.1,-1.1,-2.0,-2.5,-3.0,-3.5,-2.4,-5.6,-10.9,-6.1,-5.7,-6.0,-2.8,-3.1,-2.3,-3.9,-4.9,-3.3,-4.2,-6.8,-1.1,-3.5,-3.3,-0.8,-1.7,3.2,0.2,-1.3,2.0,-0.2,-0.8,-1.4,-3.2,-2.9,-1.2,-2.6,-6.1,-6.1,-4.5,-6.6,-4.9,-2.0,-5.6,-5.3,-5.7,-5.0,-5.5,-3.1,-3.0,-1.8,-3.6,-1.2,0.2,-2.1,-2.4
2C7L51DvSR,0,48.107741,11.638183,4443045.18,2778484.29,554.9,600.6,276,7535,3.8,0.73,0.45,32.7,348.97,-0.53,-0.103,0.842,-1.1,0.2,0.88,0.3,1.1,0.2,-0.3,0.1,-4.4,-1.2,-1.6,-0.8,3.0,-3.4,0.7,0.8,1.1,1.1,2.0,-0.6,0.9,-0.0,1.6,0.1,5.1,-0.1,1.2,0.5,0.8,1.4,2.6,3.8,3.5,1.8,4.3,-0.3,1.1,1.7,0.4,-1.1,-0.9,5.4,4.1,3.6,4.6,2.9,2.2,1.5,2.2,3.3,2.0,3.4,1.8,1.8,0.9,0.6,2.8,2.6,2.7,1.1,3.0,2.6,1.1,2.9,0.4,2.0,2.4,0.8,-0.1,-1.7,1.1,-0.4,-0.2,0.8,-0.4,2.5,2.7,-0.6,1.2,0.8,-0.4,1.9,3.3,-0.1,0.8,-0.7,-0.5,-0.8,-0.7,0.1,1.7,-1.5,1.7,3.3,3.0,3.3,0.7,1.8,-1.7,-2.0,-3.4,-2.3,3.0,-0.6,3.2,2.0,-0.4,0.6,1.6,-0.5,0.1,2.9,1.3,-0.0,1.1,1.6,-1.5,2.6,1.3,2.0,1.2,-1.8,1.6,1.8,-3.2,1.1,-0.5,-3.2,-2.1,-4.5,-2.5,-1.3,0.2,-1.0,-2.2,-3.5,-3.2,-1.1,0.5,2.7,0.5,0.1,3.1,-16.1,-10.8,-1.1,-2.5,-0.0,-0.1,-5.6,-2.1,-14.9,3.9,-1.0,-1.5,-4.2,-4.3,-4.8,-8.8,-9.6,-5.2,-4.9,4.6,3.3,-9.4,-8.6,-3.9,-9.2,-22.0,-7.3,-7.6,-9.2,5.3,-3.8,-9.1,3.1,-3.5,2.3,-1.5,1.4,0.0,2.5,-2.3,3.1,-20.7,-1.2,-11.8,-9.4,-8.3,-2.2,-8.9,-5.3,-0.4,4.5,-6.7,6.4,-1.0,6.6,-5.0,-2.3,3.8,-1.6,2.4,2.8,-2.9,2.3,2.3,0.4,0.8,2.1,3.5,5.1,3.0,-15.1,-5.4
2C7L51ECTf,0,48.106906,11.631531,4442551.66,2778380.53,542.5,588.1,277,7423,2.1,0.9,0.29,32.67,348.97,-0.53,-0.103,0.842,-0.2,0.1,0.02,0.16,0.2,0.1,-0.3,-1.0,-2.2,-1.4,-1.1,-2.7,0.5,-1.9,-1.1,-2.2,1.6,-0.4,2.9,0.0,-0.3,-0.1,-1.7,-3.7,-0.9,-2.2,-2.9,-0.9,-0.0,0.2,0.2,0.7,-1.5,1.5,0.9,-2.2,-3.3,-2.7,-3.7,-2.5,2.0,0.2,-2.3,2.8,2.0,3.0,2.3,2.8,0.4,0.4,-1.7,1.0,-1.2,-2.6,0.3,-0.8,-0.3,-0.8,-1.0,-1.7,-2.0,-1.0,-1.1,1.1,0.8,1.0,0.5,-0.5,-0.4,-0.7,-1.2,-2.6,-2.7,-0.6,1.6,-0.6,2.1,-0.9,-1.8,-2.7,-0.9,-1.6,-1.9,-1.8,-3.5,-2.8,-2.5,-3.0,-2.2,-2.3,-3.1,-2.0,-0.7,0.7,1.2,-2.7,-2.9,-0.1,-3.7,-1.6,-3.9,-1.8,-1.1,1.5,0.2,0.2,-0.2,0.5,-1.1,0.5,0.8,-0.3,-1.2,-0.4,-1.1,-1.7,-1.4,-1.1,-1.2,-0.8,-2.6,-5.2,-1.8,1.4,-2.8,-0.5,-5.5,-7.1,-1.5,-2.7,-4.9,-0.1,-0.1,1.7,-1.8,-2.3,-7.1,-0.5,-1.0,-1.3,-1.1,-3.7,-2.8,-1.6,-2.5,1.6,2.6,0.9,-1.3,1.5,-3.1,-1.2,2.0,-12.8,5.3,-1.4,0.8,0.2,1.0,0.6,2.5,0.8,3.1,-1.8,-0.5,-4.3,-1.6,-4.1,-5.3,-1.5,-4.2,-2.5,-0.4,-1.9,0.1,-1.1,1.4,-3.1,-5.6,-3.4,-3.0,-4.1,-3.5,0.5,1.0,0.0,1.2,2.3,2.8,1.5,-1.0,-2.2,0.0,-1.8,-1.7,0.6,-4.2,-2.4,-0.0,-3.2,-1.1,-0.7,-2.3,-4.0,-1.3,-3.5,-2.0,-2.4,-2.3,-1.9,-2.4,-4.6,-0.6,-3.0,-4.0
2C7L51ECUg,0,48.107378,11.635211,4442824.62,2778439.07,545.5,591.2,277,7486,4.0,0.69,0.44,32.69,348.97,-0.53,-0.103,0.842,-1.3,0.2,-0.36,0.3,1.5,0.3,-0.3,1.2,-1.7,-2.7,-1.7,-4.2,0.2,0.9,-4.6,-3.9,-1.0,-6.6,-8.5,-6.0,12.2,-3.1,0.2,0.1,-4.6,-3.6,-3.3,-4.3,-4.4,-3.0,-4.1,-2.2,-5.5,-3.0,-3.7,-1.8,-5.2,-2.2,-7.7,-6.0,-7.5,-6.3,-3.5,-1.6,-2.2,-4.0,-4.4,-6.8,-0.3,-5.0,-2.7,-1.3,1.9,8.2,-5.6,-3.7,10.7,4.1,1.8,1.9,6.7,-0.1,-6.1,13.6,-6.5,-11.0,8.9,3.4,-5.8,-7.4,1.6,-1.7,-3.4,3.1,-0.2,-2.4,-3.4,-1.7,-3.9,-5.1,-3.2,-7.3,-0.1,-2.4,-6.0,-5.4,-6.4,-5.4,-6.3,-3.9,-6.0,-5.6,-5.1,-6.9,-6.5,0.0,-1.9,3.4,-9.6,-9.7,-3.9,-7.5,-0.8,-6.4,-4.2,-5.7,-3.0,-3.8,-0.9,-6.3,-6.0,-6.5,-4.8,-4.7,-6.7,-10.9,-1.3,-8.2,-8.1,-3.6,-4.8,-5.5,-6.6,-3.4,-4.0,-10.4,-12.4,-5.6,-0.4,-2.2,-4.8,-4.4,-3.7,-1.1,-6.8,-4.7,-10.4,-7.6,-7.1,-7.4,-7.1,-8.0,-10.3,-1.5,-9.5,-2.1,-5.0,-7.3,-3.4,-2.6,-3.6,-7.9,2.1,-3.7,-1.1,0.5,-2.6,-0.9,0.4,-1.0,-3.3,-0.1,1.4,0.6,-1.9,-0.9,-4.4,-4.5,-13.2,-4.8,-8.2,-6.8,-7.0,-3.0,-2.3,-6.0,-6.8,-3.9,-8.5,-9.5,-6.3,-12.5,-1.2,-6.3,-2.5,-17.2,-4.1,-8.6,-8.0,-6.7,-7.1,-5.3,-8.1,-13.4,-8.8,-7.9,-7.9,-7.7,-2.0,-14.5,-15.8,-16.7,-11.4,-7.0,-9.4,-11.4,-9.6,-8.8,-6.1,3.8,-10.4,-7.1,-10.6,-10.5,-8.5
2C7L51ECUk,0,48.107441,11.635704,4442861.19,2778446.89,558.1,603.8,277,7490,3.9,0.72,0.44,32.69,348.97,-0.53,-0.103,0.842,-1.1,0.2,-0.53,0.3,1.8,0.3,-0.3,0.6,0.6,-1.6,-0.3,0.8,-1.3,-1.3,-2.4,-0.1,-7.8,-0.3,3.3,15.0,-0.2,-8.1,-4.3,-4.8,-6.1,-5.9,-5.2,6.3,-2.1,-10.4,-6.0,-5.4,-5.8,-4.7,-6.6,-3.9,-3.7,-6.8,-8.6,-8.3,-6.7,-2.2,-5.1,0.1,-1.5,-1.6,-6.7,-2.0,-1.2,13.2,-2.3,-1.3,-4.3,-4.9,-1.6,-2.2,-0.3,-2.7,-0.3,-2.6,-1.9,-0.6,-5.7,-2.0,0.1,-0.8,-3.5,-4.2,3.0,-2.4,-0.4,-0.9,5.1,0.2,-6.7,5.3,-2.9,-3.0,-0.9,-3.0,3.6,-1.7,-0.6,-5.5,-3.2,-1.9,-5.9,-11.4,-4.8,-2.3,3.3,-1.1,-0.8,-3.7,-5.3,-5.8,-5.4,-4.3,-4.0,-13.3,-8.2,-3.6,-1.7,-4.2,-4.6,-6.6,-7.5,-3.1,-5.1,-0.7,-9.2,-5.4,-3.1,-3.2,-4.8,-6.5,-5.3,10.9,2.1,13.3,-0.0,-6.1,11.1,-12.0,4.0,-2.6,-6.5,-5.0,-5.3,-3.1,-3.8,-4.7,-3.3,-6.3,-2.7,-7.7,-4.9,-2.8,-1.1,-3.0,-2.8,-7.2,-3.7,-2.2,-6.6,0.3,-0.2,-2.8,-6.5,-1.5,-4.0,-5.4,-3.1,3.5,-3.7,-4.3,-0.4,-3.8,-3.6,-6.5,-5.0,-6.9,-4.7,-6.6,-5.6,-1.5,-5.1,-6.5,-15.9,-6.0,-8.5,-7.6,-4.2,-9.8,-1.6,-5.5,-5.6,-7.2,-7.7,9.9,-7.1,-5.8,-7.9,-5.8,-5.0,-6.6,-3.1,-2.7,0.8,-4.2,-4.1,-6.0,-8.8,-6.5,-5.7,-10.5,-11.6,-10.0,-6.6,-5.5,-8.7,-10.6,-4.6,-5.7,-0.5,-6.6,-3.6,-6.6,-10.2,-6.9,-14.6,-4.9,-10.8,-10.1,-8.1
2C7L51ECUm,0,48.107444,11.63573,4442863.14,2778447.31,555.1,600.8,277,7492,3.5,0.74,0.46,32.69,348.97,-0.53,-0.103,0.842,-0.5,0.2,-0.07,0.27,0.8,0.2,-0.3,1.0,-1.9,-1.1,-0.8,-3.3,3.0,0.8,1.9,0.4,-4.4,0.5,2.6,-0.6,-0.3,-4.0,-1.3,0.8,6.3,-4.5,0.7,0.3,-1.1,2.3,-0.2,3.5,0.9,1.3,3.0,0.5,-4.8,-5.1,-4.1,-3.4,-1.3,-2.5,-0.1,4.5,5.7,0.1,5.3,3.3,1.6,4.5,-1.2,2.2,-2.3,-0.1,2.8,-4.6,0.2,-2.6,-0.0,-1.3,-0.7,0.5,-5.6,-1.4,-3.1,-1.1,-1.7,-3.9,-1.4,-1.9,-3.8,-2.4,-0.7,-5.1,-0.3,-2.9,-1.4,-2.4,-3.2,-3.0,-0.8,-2.6,-0.1,-0.9,-0.1,-2.1,-2.9,-3.2,-2.1,-0.8,1.4,-1.2,3.2,2.3,2.0,-0.4,-0.7,1.8,-7.5,-5.6,-5.7,-4.4,2.9,-1.4,-3.8,0.4,-1.7,-1.9,-3.2,-2.4,0.2,-0.9,1.0,-1.8,-0.8,-3.9,-0.0,-1.9,-1.5,-2.6,-3.2,-5.0,0.1,1.9,-5.7,-0.1,-4.6,2.4,-1.8,-11.2,-1.9,-0.2,1.8,2.5,0.2,0.3,-5.5,1.2,-3.1,3.8,0.8,-3.9,-2.4,0.7,-2.9,3.3,-2.0,9.2,-1.1,-3.8,-5.3,1.3,1.2,0.3,0.1,-1.0,-6.8,4.9,2.3,-2.4,-0.4,-1.1,0.1,-2.8,2.1,-3.0,-3.0,0.5,-9.3,-6.7,-8.7,-6.3,-0.9,-3.3,3.2,-6.1,-0.4,-6.2,-4.2,-6.0,-5.5,0.1,-7.5,1.5,-2.7,-5.5,-0.7,-2.3,1.3,6.1,0.5,-6.0,-5.3,-3.6,-7.2,-0.3,-3.7,1.5,13.3,1.3,6.2,-2.3,3.3,4.9,-9.0,9.5,-8.7,-14.1,-9.5,-8.0,-4.0,-5.3,-6.5,-6.3,-9.4
2C7L51ECUy,0,48.107486,11.636051,4442886.95,2778452.46,536.0,581.6,277,7504,4.2,0.6,0.46,32.69,348.97,-0.53,-0.103,0.842,-0.6,0.2,-0.56,0.32,2.5,0.3,-0.3,1.4,1.1,2.1,1.9,0.6,5.3,3.6,-7.2,1.8,-7.6,1.0,10.0,0.1,-8.9,-0.3,-5.4,-1.5,-3.2,-2.8,5.0,-1.5,-6.0,-8.4,1.0,-10.5,-3.6,-0.4,5.9,-1.2,-11.3,-6.6,-1.4,-4.7,-9.9,-6.5,-4.2,-6.6,-7.3,0.5,-7.5,-4.5,-3.1,-6.0,-4.5,0.9,-6.0,1.9,-8.0,5.7,8.8,0.9,-5.4,1.2,-4.3,-0.5,0.9,5.0,-0.9,-0.6,-4.8,-6.0,0.6,0.3,-2.0,2.4,7.7,-3.1,1.4,2.9,3.3,3.1,10.8,8.0,2.6,2.0,2.3,1.9,7.6,-14.2,-1.9,-0.5,-3.3,3.6,1.0,-3.1,-2.7,0.0,2.1,-7.0,-6.8,-2.7,-5.4,-9.6,-8.3,-13.5,2.2,-3.0,-7.0,-6.2,-4.6,-5.8,-1.6,-0.3,3.2,-4.8,-9.3,-2.5,-4.9,-14.2,-1.2,-5.3,-3.9,7.7,-1.3,-3.9,-0.4,-2.9,1.0,3.7,-2.0,-0.3,3.9,1.1,2.4,2.3,-3.9,-2.5,8.8,4.9,-10.5,5.3,-3.8,-5.4,-5.7,-8.3,-6.1,4.6,-5.4,-2.9,-1.3,-2.6,-7.4,-2.7,-1.9,0.9,-8.3,2.0,3.0,-1.5,0.4,-1.6,-7.3,-3.3,-3.3,-7.5,2.0,1.6,-7.0,-1.7,-5.9,-2.6,-9.3,-6.7,-4.1,-6.1,-7.0,-1.1,-3.9,-7.4,-2.8,-1.2,7.5,-0.5,-0.4,-0.6,-0.8,-3.5,-2.5,-1.7,-3.7,-2.0,-2.4,-3.1,-3.3,-6.1,-7.1,-2.6,-3.2,-4.1,-5.1,-7.8,-4.9,-4.8,-4.6,4.9,-9.7,-4.1,-13.8,-1.8,-2.7,-5.2,-6.1,-4.6,-3.8,-5.7,-6.6,-5.8,-4.7
2C7L51ECSH,0,48.106271,11.62644,4442173.96,2778301.6,533.3,579.0,277,7337,3.3,0.77,0.43,32.65,348.97,-0.53,-0.103,0.842,-0.1,0.2,-0.31,0.26,0.3,0.2,-0.3,1.2,0.4,5.4,0.7,-1.5,0.8,-4.8,-4.9,-2.0,8.2,14.0,4.8,-5.0,-2.3,-0.4,-0.5,-1.3,-3.6,-3.4,-2.8,-4.5,-1.6,-2.0,-1.7,0.5,-1.3,3.5,0.5,-6.0,-5.0,-13.7,-0.2,-7.0,-3.0,-6.8,0.9,2.1,-3.8,0.9,-4.3,0.7,0.0,1.7,0.4,-0.5,2.1,0.3,-1.9,-2.3,-0.9,-2.4,-4.4,-0.1,-5.4,-4.6,-5.4,-4.7,-0.0,-0.5,-2.8,-1.2,-3.1,0.7,-0.7,-0.8,-2.3,-1.2,-1.4,-1.7,-1.2,-10.6,2.1,1.1,-2.0,1.9,1.9,-0.1,-0.4,-1.8,0.8,-3.4,-2.6,1.7,1.0,-6.6,1.1,-10.5,4.5,-3.8,-1.7,-1.9,-7.0,-7.9,-1.3,-0.2,6.4,1.8,0.3,-1.6,1.2,2.1,-1.7,-1.5,1.6,1.3,2.1,0.2,-0.9,-0.2,-0.9,0.2,-0.5,-3.8,0.1,-2.2,-2.5,-4.6,-2.8,-1.4,-1.4,0.4,-1.0,-1.6,-2.8,3.2,-0.2,4.4,-0.7,7.3,1.0,-1.6,-7.8,-5.9,-3.7,-6.2,1.5,-0.5,0.7,3.4,-3.5,-2.0,2.2,1.5,-1.2,-0.1,-2.4,-3.3,3.5,-4.2,-3.3,-3.1,1.9,-2.2,-4.5,3.4,2.5,1.4,2.8,-0.2,-7.0,-3.1,-5.1,2.5,-4.8,7.6,-5.6,-1.5,4.6,-2.4,8.2,2.5,-1.6,-4.7,-1.8,2.0,-4.3,-1.9,2.9,-4.8,2.9,-3.0,-3.7,-5.2,-1.4,-0.4,-1.0,-1.5,1.1,-0.5,-1.4,1.4,-0.5,-1.2,-2.3,-4.6,-5.3,-4.5,-4.8,-3.6,-1.8,-1.7,-1.3,-5.4,-4.2,-2.3,-3.4,-3.3,-0.9
2C7L51ECSJ,0,48.106306,11.626715,4442194.38,2778305.97,538.7,584.4,277,7339,4.6,0.56,0.49,32.65,348.97,-0.53,-0.103,0.842,-0.6,0.2,-0.37,0.35,2.7,0.3,-0.3,-4.7,-3.3,-0.3,-4.3,-1.8,13.9,-1.1,-4.8,-1.7,3.0,-3.1,3.3,-0.6,-2.9,0.6,2.3,-4.7,7.4,1.5,5.1,-6.3,-7.0,8.6,-1.4,3.9,10.9,10.8,7.3,4.0,15.1,12.3,6.8,4.1,1.3,14.4,0.3,4.9,11.8,13.7,4.9,3.6,2.0,5.2,0.0,0.2,-2.2,5.7,-3.2,2.9,-7.1,3.3,-1.2,-8.6,-4.9,1.0,-4.3,3.3,-6.1,-2.2,1.4,1.2,8.2,5.2,-0.7,3.4,3.9,-3.1,-2.8,-6.6,-5.0,5.1,-4.0,-6.8,-2.8,0.3,-4.1,4.1,0.2,1.6,-1.9,-3.1,3.1,1.3,-1.1,-2.6,5.1,5.3,5.9,-1.4,1.9,6.1,-1.8,1.7,1.9,1.1,5.9,4.8,6.7,8.1,2.1,4.5,4.3,1.7,0.7,2.1,-1.1,0.1,2.1,0.2,-2.8,-1.2,-4.9,-5.2,-3.6,-3.3,-3.6,-9.6,-5.2,-3.7,-1.5,13.3,-4.1,2.7,6.4,-0.6,-0.5,6.9,-0.5,6.2,1.5,2.9,2.3,4.4,5.7,2.0,3.0,19.2,-2.7,5.9,17.0,2.3,0.6,-0.3,-0.5,2.3,2.7,-10.4,-2.3,-3.7,2.3,-2.0,-0.5,-2.3,3.3,1.4,2.4,2.5,-0.1,6.3,5.0,3.3,2.8,-4.2,-7.4,1.6,0.5,2.0,-2.4,-4.8,3.4,5.4,-0.5,-0.7,-2.7,-1.4,-1.0,0.8,6.1,-3.1,0.8,-4.7,3.5,0.0,1.7,3.0,1.6,-3.1,-3.2,10.1,-0.7,-5.5,-5.2,-3.3,-5.1,4.2,6.4,1.7,0.6,10.2,-3.6,-11.0,-1.3,-7.5,-6.7,-4.7,-3.6,-4.6,-0.9
2C7L51ECSK,0,48.106302,11.626682,4442191.91,2778305.45,534.3,580.0,277,7340,2.3,0.86,0.37,32.65,348.97,-0.53,-0.103,0.842,-1.0,0.1,-0.84,0.18,0.3,0.2,-0.3,0.5,0.5,0.0,-2.9,-1.6,-3.8,-0.0,-1.9,0.3,5.1,-0.2,-0.5,2.8,-0.2,0.9,2.7,0.3,3.6,1.5,1.5,1.9,4.3,2.2,2.1,5.2,5.1,7.1,3.3,0.8,0.2,-8.2,1.0,-0.5,-1.6,-0.2,1.3,3.6,1.1,4.2,2.4,2.7,3.1,6.7,2.9,0.7,2.7,1.2,0.3,1.6,1.9,5.2,2.3,5.3,2.6,2.5,3.7,4.4,2.4,4.0,2.6,2.0,2.4,5.2,1.2,2.2,-0.4,0.4,2.3,-1.2,2.1,6.6,-2.4,-1.5,-2.4,4.3,3.9,2.9,2.6,0.7,3.2,0.5,-0.8,-0.8,-1.2,-2.7,3.2,4.0,5.5,0.0,2.5,0.3,0.6,0.8,2.1,0.4,6.3,2.6,3.9,3.4,4.8,1.8,3.0,3.0,2.2,0.7,4.2,5.6,2.8,3.1,4.0,0.4,1.9,-0.2,3.7,2.7,-1.1,-2.1,0.6,0.7,-0.4,3.1,3.2,3.3,3.0,1.8,6.4,7.4,2.5,1.0,1.4,1.6,-0.6,5.8,1.5,1.2,2.3,-9.5,-3.7,3.5,3.5,-0.2,-2.5,-0.2,0.5,-3.2,-3.3,2.9,-4.4,-0.5,1.6,-0.4,-1.0,0.4,-0.8,-0.2,-0.6,-1.8,-0.7,3.9,1.7,-0.3,1.2,-2.4,-0.8,-1.4,0.5,0.6,-1.7,1.1,1.0,0.1,-2.3,-2.6,-2.3,-2.8,-3.4,-1.1,2.4,-8.9,-2.6,-0.8,-1.5,-1.2,-4.0,-1.0,-0.3,-4.2,-0.8,0.8,-3.3,-3.9,-3.5,-1.7,-4.1,0.0,-2.5,-1.1,-3.2,-4.5,-1.7,-1.9,-2.6,-5.4,-2.8,-3.0,-1.9,-2.8,-3.1
2C7L51ECU0,0,48.107068,11.632648,4442634.48,2778400.37,538.0,583.7,277,7444,1.7,0.93,0.24,32.68,348.97,-0.53,-0.103,0.842,-0.6,0.1,-0.13,0.13,0.5,0.1,-0.3,-0.5,0.2,0.8,1.2,-1.5,-1.5,1.1,-0.4,0.9,-4.6,1.3,-1.4,-0.4,-0.0,-0.2,-0.4,-1.1,-1.3,-1.1,-1.9,-2.3,1.4,-1.1,1.9,0.9,2.2,2.7,-0.3,0.1,-1.4,-2.5,-3.6,-3.2,-1.7,-2.9,0.5,0.9,0.6,3.6,1.2,1.7,-0.9,-0.2,0.8,0.0,0.7,-2.8,-2.4,1.2,-0.6,1.1,-0.2,0.8,0.7,-0.2,0.5,-1.6,-0.2,-0.7,-1.3,-0.4,-0.7,-1.3,-1.9,-2.7,-4.1,-0.8,0.4,-1.0,0.1,-1.6,0.1,-0.4,0.2,0.2,0.4,0.3,0.2,-0.5,0.6,-0.5,-1.2,-0.6,-2.2,0.3,-1.2,0.9,0.6,-0.6,-0.4,-1.7,-2.0,-4.4,-1.1,-1.9,-1.2,-1.2,0.4,0.1,-0.1,-0.7,-0.6,-1.0,0.0,0.9,-0.4,0.3,-0.7,-0.5,-0.8,-0.5,0.4,-0.5,-0.6,-0.8,-2.1,-2.0,-1.6,-0.1,-3.3,-1.0,-1.4,-1.6,-1.4,-1.2,-0.6,-1.0,-0.2,-0.9,-4.7,-3.5,0.1,-1.3,-0.3,-2.9,-1.6,-1.5,-4.6,0.7,1.2,-3.5,-3.3,-1.5,-0.9,-0.5,-0.5,-1.3,-1.0,0.4,-4.9,0.8,-0.7,-0.0,-0.8,-0.5,-0.9,-2.3,-1.8,-3.7,-1.3,-2.1,-5.4,-1.8,-4.4,-4.1,-2.4,1.1,2.0,-1.6,0.2,-0.3,-2.9,-7.3,-2.5,-3.8,-0.3,-1.5,-1.4,-4.4,-2.0,-0.0,-1.7,-3.2,-3.7,-1.8,-1.7,-3.7,-2.8,-3.7,-1.4,-9.9,-6.4,-10.0,-5.9,-7.5,-1.1,-1.1,-3.7,-4.5,-1.3,-3.0,-2.9,-3.2,-1.5,-1.4,-1.3,0.4,1.2
2C7L51ECU1,0,48.107116,11.63303,4442662.82,2778406.41,553.8,599.5,277,7445,2.5,0.85,0.35,32.68,348.97,-0.53,-0.103,0.842,-0.2,0.1,0.2,0.19,1.2,0.2,-0.3,-0.2,-1.7,2.4,1.2,0.1,-1.6,1.8,3.4,2.5,-4.7,3.8,-1.7,2.7,1.8,3.0,2.7,2.1,1.9,0.4,1.4,0.3,2.1,1.1,3.8,3.3,2.4,1.9,2.0,1.6,0.7,-5.7,-3.3,-1.0,-0.9,-0.2,3.6,4.3,5.3,5.1,4.6,4.5,-1.7,2.6,-1.8,3.1,1.2,-2.6,0.1,0.6,2.4,-0.7,1.4,1.7,1.9,1.6,-0.6,-0.1,0.8,0.6,-0.9,-1.1,0.5,-3.7,-3.2,-6.0,-3.7,-1.3,-1.0,1.1,1.9,-0.5,1.6,-0.4,3.5,2.4,3.2,2.4,2.1,0.4,0.5,0.1,-0.3,2.0,0.9,0.4,2.0,4.2,4.2,2.5,2.8,0.7,4.8,-4.3,0.5,1.1,2.4,-1.2,3.6,2.7,1.9,1.0,1.2,2.3,-0.6,4.6,2.5,-1.2,1.2,-1.9,2.4,3.1,2.5,3.3,3.4,1.7,-1.6,-1.0,-1.6,-4.1,-1.6,-0.9,-1.4,-2.3,-1.2,-0.4,1.5,-1.8,0.4,-0.0,-3.0,2.6,-2.0,-4.6,1.3,-1.4,-0.1,0.7,1.0,4.6,3.0,2.7,-0.6,0.6,-1.0,2.1,2.3,-1.0,1.9,0.8,-1.2,2.0,2.4,2.0,2.8,1.8,1.1,2.4,1.2,-0.5,2.2,1.2,-2.5,0.3,-1.8,-0.6,2.3,0.3,3.9,2.7,2.9,1.0,-0.5,-1.6,-8.2,-3.9,-4.4,-6.8,-4.3,-10.1,-1.2,-0.2,1.1,0.3,-0.6,1.0,-1.0,-1.5,-2.5,3.7,0.1,4.2,0.5,7.4,8.1,8.8,1.6,1.3,-0.5,-0.5,2.1,-2.7,-1.1,0.2,1.7,-0.9,-3.0,0.5,1.7
2C7L51ECUc,0,48.107374,11.63504,4442811.92,2778438.41,548.2,593.9,277,7482,3.4,0.76,0.47,32.69,348.97,-0.53,-0.103,0.842,-0.2,0.2,-0.06,0.26,0.7,0.2,-0.3,-0.1,-7.5,0.5,0.2,0.4,-0.7,-1.5,-3.2,-0.1,-1.2,-2.0,1.0,-0.1,2.0,1.9,2.1,-2.6,-2.4,-1.5,1.0,-5.3,-0.6,-0.1,3.1,0.7,1.9,0.9,-0.4,3.5,-2.5,1.1,-7.7,-2.8,-1.7,-0.2,4.5,-4.0,-9.8,-5.4,-2.6,-13.6,4.3,3.2,3.8,-7.4,-7.7,-0.2,-4.2,4.3,0.3,2.7,-2.8,0.3,4.9,-3.6,-1.8,-1.2,1.2,1.0,0.3,-0.4,0.1,-3.6,-1.4,-0.9,4.1,1.5,-3.7,-3.8,-2.8,1.7,-2.4,-8.2,-1.6,-4.4,-2.9,-0.7,0.7,-2.1,-2.0,0.3,-0.7,-7.0,-1.1,-2.2,-1.1,-2.0,0.6,-2.2,0.7,-3.4,-1.0,-3.3,1.7,-2.2,2.3,0.2,0.5,-0.8,-1.9,-0.8,-0.4,-1.6,-2.0,1.8,-2.2,-3.1,-3.0,-4.3,-3.7,-3.2,-2.1,-3.7,0.7,1.0,-0.8,-1.5,-2.0,6.5,-3.4,-1.7,0.5,-0.3,0.7,-0.2,-7.8,-0.4,-1.2,-3.0,-3.8,-6.3,-7.9,12.7,-1.7,-4.1,-2.8,-1.0,-1.0,0.5,-2.0,1.5,-1.6,-2.3,-5.9,-1.0,1.9,-0.7,-1.5,-4.5,0.6,2.2,1.5,-3.2,0.6,1.8,-1.1,-5.5,-0.9,-2.4,-9.1,-5.9,-6.7,-4.1,-6.6,-0.7,-6.3,-8.5,1.1,3.4,-5.8,-0.2,-7.1,-1.6,4.9,4.1,-3.5,-0.9,0.2,-4.0,0.9,5.1,4.1,6.9,0.8,-4.2,6.7,-8.8,1.3,0.1,-2.4,-3.3,-0.8,-5.3,-0.4,-6.4,-1.7,-2.9,-1.5,-2.0,-2.0,-0.0,-1.2,4.7,-8.5,-3.9,-4.2,-6.0,-6.4
2C7L51ECUf,0,48.107409,11.635313,4442832.14,2778442.73,555.0,600.7,277,7485,4.6,0.63,0.49,32.69,348.97,-0.53,-0.103,0.842,-1.5,0.2,0.84,0.35,1.3,0.3,-0.3,-2.9,-4.3,0.5,-1.1,-0.2,-1.9,-2.1,-0.4,-2.0,-2.3,-2.1,-0.3,-2.8,-6.6,1.0,-1.6,1.6,1.2,-1.2,-0.7,0.8,7.5,1.2,-1.9,0.5,-4.6,-4.4,3.9,1.2,-4.8,4.1,-11.0,1.0,9.3,-7.1,-12.7,3.7,-1.3,2.3,0.5,1.7,-3.2,3.1,1.9,1.0,0.4,-1.9,-2.2,-1.2,-0.1,-0.0,-2.2,-2.0,0.7,-1.3,-6.1,-4.2,-5.8,-2.1,-3.7,-9.2,-5.1,-8.5,-0.8,-2.2,-0.6,-2.7,-3.1,-1.2,0.0,1.7,-1.4,-1.2,2.3,-18.0,-0.2,-7.1,-11.4,-1.9,5.2,-3.8,-4.6,-5.5,-0.7,-1.5,2.1,-3.5,-3.2,-13.6,-15.2,-4.0,1.9,-7.8,-14.7,-18.2,4.0,-0.9,10.2,9.4,-4.6,2.1,7.5,4.1,-2.5,0.2,0.1,-3.9,-2.3,0.4,-5.3,-8.2,-2.9,-6.7,-4.7,-3.2,-2.2,-4.8,-3.2,-4.1,-2.1,-7.2,-4.1,-4.2,-0.8,-0.4,-15.4,-4.7,-3.5,-10.7,-10.4,-12.5,-14.5,-2.9,-9.2,-10.3,-4.6,-11.6,-6.2,-3.0,-3.8,-6.3,-7.1,-8.5,-10.5,-5.4,-7.6,-3.6,-3.2,-7.5,-15.8,-7.1,-5.8,-17.2,4.3,-20.2,-4.9,-6.4,-6.1,-5.3,-3.5,-15.1,-18.9,-4.5,-3.2,-6.2,-9.4,-0.7,3.9,0.7,1.6,-3.0,3.8,-8.3,-5.6,-6.0,-8.2,-8.6,-8.8,-3.1,-8.0,-9.9,-7.1,-7.2,-7.8,-5.9,-3.9,-3.5,-4.0,-3.7,-8.0,-7.5,-4.5,-7.7,-8.0,-4.5,-4.2,-5.8,-4.8,-6.2,-5.2,-6.0,-8.6,-7.3,-6.8,-8.3,-7.5,-6.5,-9.5
2C7L51ECUs,0,48.107465,11.635741,4442863.92,2778449.58,537.7,583.4,277,7498,4.4,0.63,0.5,32.69,348.97,-0.53,-0.103,0.842,-0.4,0.2,0.26,0.34,0.6,0.3,-0.3,-0.8,-1.6,2.2,-3.0,0.1,0.4,-5.1,0.1,-4.1,3.0,-0.8,0.0,4.8,7.2,8.2,5.6,-17.7,8.3,4.0,4.9,4.1,-9.5,2.0,-14.9,-2.5,-7.0,-3.9,1.0,-7.0,-10.6,-0.1,4.5,-5.7,-15.4,-1.6,-5.1,0.7,-0.8,-1.1,-2.0,-3.8,-3.0,-2.4,-5.4,2.8,0.3,-0.1,1.3,-0.1,-4.6,-9.5,-6.4,-7.4,-6.7,-7.4,-9.0,-8.5,-6.5,-5.0,-6.6,-1.8,-3.6,1.8,-6.5,-0.3,-2.0,-5.6,-12.4,-6.2,-3.5,-2.7,0.4,2.4,2.5,-1.0,2.5,4.1,2.6,-1.1,-4.5,-6.2,-3.4,-0.4,-3.6,-2.0,-4.8,0.5,-6.8,-3.3,-3.7,-4.1,-3.0,-5.9,-7.3,-5.2,1.9,-1.9,-8.2,-5.9,-4.4,-8.5,-3.4,-6.2,-10.1,4.3,4.4,0.6,0.9,0.7,-0.9,-1.5,-1.6,-2.7,-3.2,-1.5,-1.1,-2.8,-6.5,-3.0,0.2,-5.4,-3.3,-4.2,-1.9,-3.4,-4.3,-7.6,-5.0,-3.5,-9.4,-15.3,-12.0,4.0,0.4,-9.4,-14.3,1.4,-7.3,-6.0,-4.7,-1.8,-6.8,-3.8,-4.2,5.2,4.3,6.4,2.1,-0.8,-1.2,0.7,0.8,-2.1,-3.1,-3.7,1.3,0.6,-1.8,0.2,-9.4,-5.5,-18.4,-3.8,-2.6,-3.6,4.3,-1.3,-0.6,-7.5,-5.9,-2.6,-7.1,-7.0,-1.8,-4.8,-4.9,-3.0,-4.6,-2.4,-3.2,-5.2,-4.5,-5.0,-9.6,-10.2,-8.6,-1.6,-4.5,-2.2,-5.1,-1.5,2.8,-1.2,-2.4,2.7,0.3,-2.6,-7.0,-5.0,-3.3,-3.3,-7.6,-7.1,-4.7,-6.6,-6.5,-5.6,-3.6
2C7L51ECR4,0,48.105765,11.622363,4441871.43,2778238.76,542.4,588.1,277,7262,4.2,0.67,0.48,32.6,348.93,-0.529,-0.103,0.842,-1.1,0.2,0.05,0.32,0.9,0.3,-0.3,1.3,-3.2,-0.1,-1.3,-3.8,2.6,-0.6,-0.8,-0.4,1.2,-0.7,2.9,3.2,-1.0,-6.5,2.0,-2.4,-0.7,-4.0,6.5,1.1,-0.2,-6.5,-3.7,7.0,5.6,0.1,0.4,0.3,3.0,6.7,6.1,-7.7,-5.3,-7.5,-3.9,-1.6,4.0,-0.7,0.8,-3.5,3.7,-1.0,5.7,-11.1,5.7,5.1,-3.9,-4.6,-6.4,-0.6,-3.6,-1.0,0.2,1.7,-5.4,4.3,1.0,-0.4,0.0,-3.4,2.9,0.3,-1.6,-2.7,-0.2,-1.5,1.1,-1.1,5.7,0.5,-1.4,0.6,1.2,0.6,-0.7,-0.5,0.4,2.8,-1.9,-3.1,-3.6,-3.6,-2.4,0.7,-4.2,1.2,-10.2,-5.2,-6.2,0.4,-15.7,-0.6,-6.8,-2.9,7.2,0.1,-5.0,-7.6,3.5,1.4,1.8,-1.3,-6.1,-3.2,-0.4,-1.7,0.8,-4.0,-6.8,-4.4,-14.3,-2.1,-1.8,-1.7,0.6,-2.1,-4.4,-4.3,3.7,0.4,-0.1,-9.9,3.7,1.2,-0.1,0.7,-2.4,-2.2,2.4,-3.6,-8.3,-3.1,-1.7,-2.1,-4.7,-0.7,1.5,-2.7,2.2,-3.5,-4.7,-10.3,1.7,1.1,-15.2,-6.3,-11.9,-0.1,-3.0,-2.7,-1.5,-7.6,-2.5,-5.0,-0.5,-2.0,-4.7,-2.5,-1.8,2.2,-4.3,-6.2,-18.9,-10.0,1.3,-5.7,-0.0,-2.4,1.2,-4.0,-10.1,-4.8,-5.5,-0.9,-3.2,-7.3,-1.8,-2.8,-3.6,-4.5,-6.6,-1.4,-3.0,-2.4,-2.3,-8.4,-1.7,2.8,-5.5,-1.3,3.8,-1.3,-15.2,-14.5,-7.4,-6.5,-6.0,-19.0,-1.2,-5.5,-10.1,-0.6,-2.0,-1.5,-3.7,-5.7,-5.5
2C7L51ECS1,0,48.106186,11.625636,4442114.23,2778290.85,537.2,582.9,277,7321,4.6,0.59,0.5,32.65,348.97,-0.529,-0.103,0.842,-0.9,0.2,-1.05,0.35,2.5,0.3,-0.3,0.9,0.4,4.0,2.5,-11.4,11.9,-1.2,-5.1,2.2,-1.0,-7.6,-10.8,-1.5,-5.6,-2.1,-1.4,-2.8,5.8,-0.2,-3.0,-7.0,-2.0,-3.5,-5.9,2.1,-0.9,-1.8,-0.4,1.1,-2.6,-17.2,-12.1,-7.5,-2.3,0.0,-0.8,0.7,-9.1,-10.6,-4.9,-8.7,-1.4,-13.0,0.0,0.3,1.1,3.6,0.2,2.7,4.6,4.0,0.6,3.5,7.0,1.7,2.9,2.1,2.4,1.0,2.3,2.4,2.4,5.1,6.3,7.3,0.1,1.8,-7.1,0.5,-0.1,-1.1,2.9,-2.8,0.6,0.2,0.1,-6.6,-0.4,0.7,-15.0,-0.3,-10.5,-16.8,-0.1,1.5,-1.8,-11.6,5.9,-0.4,-1.9,-1.1,1.4,1.6,0.7,-7.6,-1.9,-0.4,-2.5,2.8,1.1,-1.1,-5.7,-4.5,-5.6,-4.9,-5.2,-5.3,-3.9,-3.9,-5.6,-2.6,-3.9,-1.2,1.2,-1.7,-1.9,2.7,0.7,-0.5,-0.1,5.1,-1.0,0.1,5.1,9.6,4.5,-1.3,-12.4,10.4,0.4,-4.4,-4.3,-2.7,-2.6,-12.3,-7.5,-7.2,-5.1,-1.7,-1.1,-1.1,-5.0,-4.4,0.3,1.5,3.1,-6.9,1.4,-0.5,-0.3,-0.3,-1.7,-1.6,0.5,-0.9,1.6,-0.8,0.7,-0.9,-3.8,-4.9,-2.7,-17.6,-3.7,-0.5,-0.2,-3.2,-16.0,-4.5,0.7,-1.1,-3.1,-3.4,-6.3,10.3,3.0,-0.0,-5.9,-7.8,-5.3,-4.4,-11.1,-11.7,-4.7,1.5,-2.6,-1.8,-3.7,-5.3,-12.1,-12.2,-7.9,-9.7,-10.3,-11.0,-3.4,-6.5,-4.7,-5.5,-5.4,-5.9,-2.8,-6.8,-0.5,-15.1,-6.1,-1.3,-4.9
2C7L51ECSC,0,48.106261,11.626222,4442157.76,2778300.19,536.2,581.9,277,7332,3.9,0.72,0.47,32.65,348.97,-0.53,-0.103,0.842,-0.7,0.2,-0.2,0.3,0.4,0.3,-0.3,1.3,-1.1,1.2,4.0,1.5,-7.2,1.7,-1.3,-0.3,-5.1,0.3,-4.2,2.2,-0.5,-2.4,-1.1,2.6,1.1,-7.6,5.9,0.2,-0.3,5.4,16.1,4.7,0.1,3.9,8.1,-6.7,3.2,-7.6,1.3,4.3,-0.9,4.0,2.7,0.9,4.3,15.1,1.6,0.4,-0.4,6.3,11.9,1.8,-10.8,-0.8,-1.8,-1.9,-0.8,4.7,-0.5,2.3,0.8,-2.1,1.6,-1.2,0.0,0.4,0.6,-1.0,0.1,-0.5,2.2,-0.3,-6.1,-1.9,-2.4,-0.2,2.6,0.6,14.2,-0.3,-2.4,0.1,-5.2,2.1,3.9,7.2,-0.2,-1.5,-4.4,1.3,0.1,-2.3,-2.2,0.2,0.7,-5.4,-0.1,-1.5,6.0,-1.5,0.1,0.2,5.7,15.9,1.4,5.3,4.3,-0.7,4.2,-0.0,4.7,0.5,3.2,-1.4,0.4,1.1,-9.8,0.9,-2.7,-1.7,1.2,-0.8,0.7,4.4,0.6,2.5,2.6,-6.5,-2.5,2.3,1.5,0.2,2.0,-4.8,3.9,-0.5,4.1,1.7,-1.7,8.3,0.3,-6.2,-3.1,-1.6,-3.3,2.6,0.7,-1.6,-5.1,2.7,-1.4,-1.0,-0.2,-1.6,-0.1,-0.8,1.8,-1.6,2.9,-0.4,-3.9,-3.0,-2.4,-1.4,2.1,-2.2,-3.3,-2.6,-4.0,-5.3,-2.9,-1.1,0.5,-4.4,1.1,0.7,-3.7,-2.3,-2.8,-2.9,2.3,-1.8,-8.3,0.1,-7.4,5.0,9.3,-2.7,-2.9,-7.8,1.2,-2.2,3.1,5.9,1.8,-4.3,-2.3,-0.6,-4.6,-3.5,-3.1,-6.2,-3.8,-5.7,-4.8,-5.8,0.8,1.6,-3.2,-1.6,-0.3,2.0,-3.2,-3.1,-0.9
2C7L51ECTz,0,48.107086,11.632645,4442634.23,2778402.38,540.9,586.6,277,7443,2.5,0.86,0.39,32.68,348.97,-0.53,-0.103,0.842,-0.8,0.1,-0.25,0.19,1.1,0.2,-0.3,-1.5,-1.6,0.5,-0.3,-2.3,-0.8,-1.6,-2.0,-2.0,2.0,-0.6,-1.1,-2.0,-1.4,-1.4,-2.9,-2.5,-0.4,-0.5,-2.1,-2.7,0.8,-2.7,3.8,5.4,3.8,3.8,-2.2,0.0,-2.0,-1.1,-4.6,-3.8,-5.2,-3.7,-0.0,0.4,-0.6,2.8,1.7,0.4,-1.0,-1.2,0.6,0.7,0.3,-1.6,-1.7,1.4,-1.2,-1.2,-2.1,-0.1,-1.3,0.9,1.6,-0.3,-0.4,-0.8,-1.7,-1.9,-1.1,-0.6,-1.6,-1.2,-2.2,0.3,0.6,-1.5,0.2,-0.3,1.8,1.3,0.7,0.9,-1.0,-1.5,1.2,1.1,0.1,1.3,0.2,-1.3,-1.3,0.7,-3.4,-0.7,-2.1,-4.1,-6.9,-1.9,-2.2,-1.7,-1.4,-3.0,-0.7,-1.4,-0.8,0.9,0.2,-0.3,-3.9,-2.0,-1.3,0.4,-0.5,-1.4,-1.2,-1.5,-2.9,-1.9,-1.7,-1.7,-2.7,-3.0,-3.1,-3.3,-3.0,-2.1,-4.0,-1.1,-1.3,0.3,-0.0,-0.2,-1.3,-0.2,-0.2,-1.5,-7.1,-4.4,0.3,1.3,-2.2,-6.5,-3.5,-3.7,-3.0,-0.2,3.2,-3.1,-2.2,-1.0,2.2,0.2,0.2,-0.4,1.4,0.5,0.5,-3.1,-3.0,-1.0,-3.6,-1.2,-1.5,-5.2,-5.5,-5.1,-6.7,-5.1,-10.4,-1.8,-8.5,-5.8,-2.7,1.5,0.7,-3.9,-1.7,-1.5,-1.9,-8.0,-0.4,-3.6,0.1,-0.3,0.7,-7.0,-0.8,0.5,-1.0,-2.1,-3.4,0.2,-1.3,-4.9,-3.6,-4.8,-6.7,-13.7,-12.5,-16.5,-9.3,-5.1,-2.9,-2.4,-5.4,-5.2,-1.7,-2.5,-5.3,-4.5,-3.3,-3.3,1.5,-1.1,2.2
2C7L51ECUr,0,48.107539,11.636178,4442896.25,2778458.54,562.0,607.7,277,7497,4.1,0.63,0.55,32.69,348.97,-0.53,-0.103,0.842,-0.7,0.2,-1.17,0.31,1.7,0.3,-0.3,3.0,0.5,-3.6,1.9,-7.1,7.1,-1.7,-12.5,-1.3,3.3,4.5,6.0,-2.9,-8.7,-4.0,-3.9,-4.3,-3.4,-4.5,-3.4,-3.7,-2.4,1.0,-1.9,-2.8,-2.3,-1.8,1.4,-2.5,-3.5,-3.8,-6.9,-5.5,-6.9,1.0,0.1,-1.9,2.1,-3.6,2.2,0.2,0.5,0.4,-4.0,-1.0,10.6,-7.1,-0.4,5.9,5.1,-2.3,3.7,-1.5,0.1,0.9,-7.2,-1.0,1.1,-2.6,9.6,4.3,-4.3,-1.3,-2.8,0.9,1.9,0.2,-1.8,-2.9,-0.9,2.3,-7.1,-0.8,2.1,-2.5,-2.4,-0.9,-3.5,0.9,-2.7,-2.5,-1.0,-13.6,-11.5,10.9,-1.3,-2.8,-3.7,-1.6,-1.8,-4.1,-2.1,4.5,-4.2,2.1,-0.2,0.8,-0.2,-1.6,-1.8,-1.0,-1.6,1.7,-4.4,0.6,-3.1,2.4,8.9,-2.3,-13.0,1.7,4.3,10.6,2.4,6.8,2.5,4.3,0.5,1.6,4.1,3.5,5.4,1.5,2.5,-10.6,-1.1,1.0,0.1,-1.1,-1.5,2.0,-0.7,-2.6,-1.8,-0.2,-0.8,-2.2,-3.1,1.4,0.0,-5.0,-0.2,0.9,0.4,1.1,-0.2,-3.6,-5.0,-7.0,2.3,-2.1,-1.9,3.3,-2.6,2.0,-6.7,-6.1,-0.3,-2.4,-2.6,-3.1,-10.0,-0.7,-8.0,-2.4,-7.6,2.6,2.1,-0.6,-2.8,-4.6,-3.5,5.1,9.8,11.5,-8.4,-2.4,1.2,7.4,-0.7,-1.3,-13.2,-4.4,-5.8,-0.7,2.1,-3.8,-1.6,-3.3,-7.4,-9.3,-6.6,-5.9,-4.9,-3.6,0.8,0.3,-5.2,-11.2,-6.7,-9.1,-8.0,-10.0,-8.8,-1.3,-9.1,-1.8,-2.3
2C7L51ECUu,0,48.107518,11.636013,4442884.01,2778455.94,547.5,593.2,277,7500,4.2,0.67,0.47,32.69,348.97,-0.53,-0.103,0.842,-0.5,0.2,-0.13,0.32,1.9,0.3,-0.3,-3.8,-2.3,-3.3,-1.5,-3.0,-3.6,-0.1,-3.3,0.3,-2.9,0.2,-9.5,-0.3,1.4,-2.3,-0.3,-2.4,-3.1,-4.4,-2.6,3.4,1.3,-2.5,-1.1,1.5,-3.7,-0.6,-2.7,-1.5,-1.4,-2.7,-5.5,-4.0,-6.2,1.3,1.5,3.1,-0.9,1.8,2.5,5.3,4.4,5.2,2.1,6.9,1.8,1.2,-0.6,-1.4,-3.1,-1.5,-0.1,0.6,2.5,4.7,-0.7,1.7,3.3,2.7,2.2,2.1,4.2,3.8,-5.4,7.0,-7.5,1.2,-4.7,-8.1,6.5,-1.9,-15.0,-2.3,-6.7,2.5,1.5,0.3,-3.9,-2.8,-4.7,-9.1,-0.9,-14.2,-7.1,-12.3,2.1,-2.1,-18.3,-1.3,5.0,-7.4,3.1,-1.7,7.3,2.2,-16.8,6.5,5.7,2.1,-0.8,4.9,0.6,2.1,1.2,0.2,3.9,4.1,3.8,-0.1,0.9,-0.2,2.1,3.1,0.6,0.1,4.6,1.3,-2.1,-0.5,-1.8,3.3,5.6,0.4,2.5,3.2,-0.8,-1.8,-1.1,-9.2,-18.8,-2.3,-1.6,-2.6,-2.6,-5.6,-4.7,-5.1,-2.3,-1.7,2.6,-8.5,-3.0,-1.8,-0.6,-6.3,-4.6,-0.9,-2.0,0.9,-1.8,-3.0,3.8,0.4,2.7,2.6,0.9,-1.6,0.8,-0.4,-2.2,-8.1,-15.3,6.1,-4.2,-8.7,-1.9,2.9,-1.1,-0.8,-1.8,-4.4,0.7,4.2,-3.8,-2.1,-2.2,-3.2,-1.0,-1.4,0.4,-2.3,-0.9,-10.8,-1.2,-5.0,-4.7,-2.5,1.0,-0.2,-7.1,-8.2,-3.8,5.4,-1.9,-0.6,-3.1,0.5,3.2,-2.3,-1.1,-2.5,-3.0,0.7,0.2,-2.5,-4.3,-4.8,-3.2
2C7L51ECUw,0,48.107516,11.635996,4442882.78,2778455.7,539.3,585.0,277,7502,2.1,0.88,0.38,32.69,348.97,-0.53,-0.103,0.842,-0.7,0.1,-0.17,0.16,1.2,0.1,-0.3,-1.2,-0.2,0.3,0.0,0.6,2.5,1.0,0.6,0.5,-2.2,0.3,3.5,1.5,-1.0,-0.7,-1.0,-1.2,1.1,-1.1,-1.1,-2.8,-2.5,-5.5,-2.1,-1.6,-3.0,-0.8,1.9,-1.8,-1.9,-4.2,-7.3,-5.3,-6.8,-2.8,-4.5,-4.0,-1.8,-1.3,0.1,-2.5,-3.4,-1.8,-6.0,-2.2,-3.7,-1.9,-3.1,2.1,1.4,-1.7,-0.3,0.4,0.8,2.1,-0.5,1.6,0.5,0.5,-0.5,-0.7,2.2,0.7,-0.5,-2.5,1.6,-0.0,-2.1,-0.2,-0.9,0.4,-3.9,-1.5,-1.3,-1.4,-2.7,0.3,-5.5,-4.7,-5.2,-1.7,-3.6,-4.4,-2.6,-3.0,-2.8,0.2,-1.6,-1.5,-0.3,0.2,-0.5,-0.4,-3.8,-1.6,3.3,2.5,-4.1,3.5,-0.1,-1.2,-3.6,-3.3,-2.5,-4.9,-2.5,-0.9,-3.6,-1.0,-2.3,-2.5,0.7,0.7,-0.5,0.4,2.2,-0.7,-2.7,0.8,-0.0,1.2,1.7,0.9,0.2,0.1,-1.1,-2.4,-2.4,-2.6,-7.0,-5.9,0.7,-2.7,1.0,-5.8,-14.4,1.0,-6.3,-1.3,0.2,-5.1,-2.6,-4.0,-6.9,-3.5,-2.7,-0.8,-4.0,-3.0,-1.8,-2.9,-1.5,-2.1,-1.9,-2.2,-0.6,-1.6,-3.0,-3.9,-3.0,-1.2,-10.9,-4.5,-5.8,-5.5,-0.2,-2.2,0.9,-1.9,-3.2,-3.4,-3.9,-5.3,-1.5,-2.7,-4.3,-4.0,-1.9,-2.8,-2.3,-2.2,-2.4,-2.8,-4.0,-3.5,-4.1,-1.9,-2.6,-4.7,-5.9,-7.1,-4.3,-5.4,-3.3,-4.5,-6.3,-0.9,-3.4,-3.5,-2.1,-5.6,-4.2,-4.5,-4.7,-3.4,-4.0,-3.5,-3.0
2C7L51ECUx,0,48.107519,11.636021,4442884.63,2778456.1,537.8,583.4,277,7503,2.2,0.88,0.41,32.69,348.97,-0.53,-0.103,0.842,-0.8,0.1,-0.28,0.17,1.2,0.1,-0.3,-1.1,-0.9,-0.4,0.5,-0.2,2.9,-1.1,-0.6,-0.1,-0.2,-1.5,3.9,-1.3,-4.9,-1.3,-1.3,-2.9,-1.3,-2.6,-0.6,-5.0,-3.8,-7.3,0.9,2.7,-0.5,0.8,2.5,-1.2,-0.4,-3.9,-4.1,-4.7,-4.1,-3.3,-1.8,-3.9,-0.9,-0.8,1.4,-3.0,-3.1,-1.0,-4.0,0.4,-2.6,-1.4,-3.7,1.2,-4.3,0.8,-1.9,-1.2,-1.0,-0.4,-2.4,0.8,-1.6,-1.9,-1.1,-2.4,-1.4,0.3,-2.2,-0.6,0.3,-1.9,-1.5,-2.1,-1.3,-0.1,-0.9,1.3,-1.8,-0.9,-0.4,-1.2,0.8,-1.8,-4.6,-3.1,-3.4,-2.4,-2.4,-4.2,-1.7,-1.5,-1.5,-2.0,-2.3,-3.3,-6.2,-4.6,-4.2,-3.6,1.6,-0.8,-2.3,-5.3,-3.8,-5.1,-2.2,-1.7,-1.7,-0.7,-4.2,-1.3,-2.5,-0.6,-1.5,0.1,-1.3,-0.2,-0.7,-0.6,0.4,-0.4,-1.1,1.9,-1.1,0.2,0.3,-1.7,-1.7,-0.6,-2.7,-1.9,-1.1,-1.4,-7.0,-2.9,7.9,-6.4,-3.5,-9.4,-13.2,-0.7,-5.2,-0.5,-1.3,-3.7,-4.1,-3.1,-2.8,-2.8,9.9,0.1,-1.4,-4.4,-2.3,-2.4,-3.2,-3.3,-3.4,-1.2,-1.6,-3.6,-3.3,-4.5,-4.8,-3.9,-12.0,-5.3,-6.3,-7.1,-3.6,-3.0,1.7,-4.0,-1.6,-2.7,-2.7,-6.0,-2.2,-1.5,-5.0,-3.2,-3.2,-2.8,-3.9,-3.4,-4.0,-4.4,-5.9,-4.1,-6.3,-2.9,-4.1,-6.7,-7.2,-8.8,-6.0,-6.6,-5.0,-4.1,-3.2,-2.6,-5.5,-3.8,-5.3,-6.1,-4.4,-5.1,-3.9,-4.0,-3.6,-5.4,-5.0
2C7L51ECVW,0,48.107796,11.638181,4443044.84,2778490.44,546.9,592.6,277,7538,3.9,0.71,0.43,32.7,348.97,-0.53,-0.103,0.842,-1.1,0.2,0.03,0.29,0.8,0.3,-0.3,-2.9,-3.2,-0.0,-2.9,-2.4,-3.0,-0.1,-4.3,8.2,-1.7,-0.1,1.0,2.3,-2.7,-0.1,0.7,-0.4,0.0,-1.0,-2.7,-7.3,-0.4,-2.9,-3.2,-0.9,-3.5,-2.9,-3.6,3.2,-1.2,-2.6,-1.1,-4.1,-3.8,-0.2,-0.2,4.0,3.5,-0.0,0.2,0.9,2.6,6.6,-0.4,-8.7,-2.9,-3.6,-2.3,-2.9,0.2,1.8,3.0,-3.1,-4.4,-1.2,-1.6,-2.2,-1.0,-1.5,-2.4,-1.9,-1.2,-4.4,-0.8,-10.7,-7.1,-3.8,-3.6,-4.3,-4.0,-4.9,-2.4,0.5,-1.5,-4.0,-4.9,-0.8,-4.8,-3.7,-7.9,-2.0,-7.4,-1.8,-2.8,-1.8,-0.9,-14.0,-11.6,0.1,5.1,-1.8,-3.8,-6.1,-3.6,-3.2,2.3,-3.6,-0.4,-2.1,-4.9,-1.7,-3.3,-2.0,-0.6,0.8,-1.3,-2.5,-1.2,-2.1,-2.6,-0.6,-1.9,-0.5,-2.8,-3.0,-6.3,-0.6,-3.7,-0.3,-3.5,-2.6,-1.0,-8.5,-5.4,-5.9,-1.9,-7.3,-6.6,-5.4,-5.3,-1.1,-3.6,-7.2,-0.1,-5.3,-4.6,1.2,-4.8,-0.2,-1.0,-9.5,-9.3,-5.0,2.0,-6.8,-7.9,-7.3,-4.8,-2.8,2.4,5.2,-4.9,3.5,7.4,2.3,3.9,-3.5,-1.0,1.0,-4.2,-16.1,-20.5,0.7,-7.2,-10.5,-2.6,-2.3,3.8,-4.0,-9.7,-10.8,-8.1,0.9,-8.6,-7.2,-11.0,-3.6,0.1,-3.2,-6.9,-5.3,-7.8,3.6,-7.3,-7.5,-5.4,-14.6,-5.6,-5.6,-10.4,-10.4,-12.0,-12.5,-6.7,-0.7,-5.8,1.4,-6.6,-11.3,-3.3,-6.4,-6.0,-6.3,-3.9,-6.9,-6.0,-6.9,3.4
2C7L51ECU8,0,48.107157,11.633059,4442664.83,2778411.03,535.1,580.8,277,7452,4.6,0.56,0.53,32.68,348.97,-0.53,-0.103,0.842,-1.6,0.2,-0.59,0.36,1.8,0.3,-0.3,11.3,-2.7,-0.9,-0.4,-2.0,0.9,0.7,-1.2,-4.4,-3.6,-3.3,0.8,-4.8,-6.7,-5.6,-6.3,-4.9,-3.6,-6.7,-5.1,-6.8,-2.8,-5.0,-2.0,-3.4,-7.0,-2.9,-3.4,-7.2,-11.0,-4.3,-5.3,-6.9,-6.7,-9.0,-6.2,-2.2,-4.6,-2.9,3.2,-2.4,-1.0,-2.6,-2.0,-3.1,-3.7,-0.2,-4.6,-2.6,-2.3,-2.6,-1.6,-2.1,1.2,-2.9,-6.4,-1.7,3.0,-0.1,-3.2,-0.2,-1.6,-9.5,-3.9,-9.5,-1.2,-3.1,-5.2,-9.7,-4.7,-1.7,-4.6,5.3,-3.7,-6.7,-4.7,-5.0,-9.5,2.1,-17.8,-7.7,-4.2,-8.8,-9.8,-8.9,-15.2,-9.5,-5.1,-4.2,-2.6,4.3,2.2,-7.6,-18.7,-4.3,6.8,-18.1,-6.6,-9.6,-5.3,-9.0,-5.5,5.5,3.2,-14.2,6.7,5.2,-2.6,-12.6,-3.9,-4.0,-2.1,2.2,-2.1,0.3,1.6,-0.6,-1.0,1.0,-6.4,-3.3,-2.7,-2.8,-3.0,-11.8,1.7,-1.6,-4.2,-5.0,-8.5,-10.5,-10.3,-6.3,-5.3,-7.7,-4.5,-5.8,-9.0,-4.1,-0.5,-5.6,-5.5,-9.3,-10.6,-17.5,-18.2,-2.6,-9.4,-3.4,-9.5,-5.4,-2.4,-5.9,-6.5,-8.1,-13.9,-11.3,-9.4,-13.8,-6.1,0.5,-1.7,-12.3,-13.3,-6.3,-1.4,-2.2,-4.5,0.1,-9.1,-10.4,-5.1,-7.3,-17.6,-0.2,3.9,-3.5,-5.4,-3.2,-3.0,-10.0,-6.4,-4.0,-1.4,-13.2,-6.4,-7.0,-14.5,-12.6,-14.5,-10.2,-13.9,-6.2,-8.6,-0.2,-11.6,-8.1,-16.0,-21.0,-5.7,-6.6,-11.8,-7.4,-16.4,-15.6,-15.7,-16.2,-14.6
2C7L51ECUU,0,48.107375,11.634759,4442790.95,2778438.03,558.7,604.4,277,7474,3.8,0.69,0.47,32.68,348.97,-0.53,-0.103,0.842,-0.9,0.2,0.41,0.29,0.6,0.3,-0.3,8.6,-2.1,3.8,1.8,-1.5,1.0,1.7,-1.4,-2.9,0.7,-1.9,3.0,-1.8,-2.2,-1.8,-1.8,0.2,-0.3,-2.0,0.5,-0.5,-2.4,0.4,-3.1,-0.2,-0.2,-1.9,0.2,11.3,-1.3,-4.8,-4.5,-6.9,3.4,-7.3,-1.0,6.2,-1.1,8.7,2.5,4.4,-7.1,-0.2,-11.3,-1.0,-1.6,-3.1,-1.6,4.6,4.6,-3.5,4.9,4.4,3.5,3.2,4.0,-2.5,-2.3,1.6,-0.6,-0.2,-2.0,-1.5,0.8,-1.7,-1.5,-1.2,-1.6,-2.4,-3.0,-3.7,-1.7,-5.5,1.7,-3.6,1.7,-8.3,2.4,3.9,2.7,-2.5,1.8,-2.9,3.8,1.5,8.5,-2.6,4.2,-0.0,0.5,-8.3,-0.8,-6.6,-2.9,-1.0,-2.5,-2.9,-1.4,-1.4,-1.6,3.4,1.6,-0.1,-5.8,-1.8,-2.4,-4.8,-3.6,10.0,-7.6,-1.9,-0.6,-5.5,-2.8,-3.8,-1.6,-4.4,-6.4,-1.0,-3.9,-7.0,-4.3,0.7,-0.0,-1.2,5.8,-7.8,0.9,4.6,-6.2,0.0,-2.2,-0.4,1.3,-13.5,0.3,-0.2,-0.8,1.9,-6.0,2.9,-3.1,-6.9,-1.4,1.5,2.1,-0.5,-3.6,-5.5,-13.9,-5.2,-3.1,-4.7,-5.1,-7.9,-5.4,-2.3,0.0,-6.3,-1.5,-2.7,-10.6,2.2,-4.4,-7.4,-5.7,2.0,3.6,-4.4,4.5,0.9,-8.2,-2.8,1.5,-6.3,0.1,0.0,-13.9,0.3,-10.9,-8.3,-5.0,-6.5,-5.5,-3.6,-2.0,3.8,-0.3,-1.2,-4.4,-3.5,-6.9,-3.0,2.0,-0.6,-0.7,-4.2,-7.2,-5.5,-1.4,-3.9,-3.9,-3.8,-3.0,-3.7,-1.2,0.1,-0.9
2C7L51ECUZ,0,48.107379,11.634785,4442792.92,2778438.48,546.5,592.2,277,7479,3.3,0.77,0.46,32.69,348.97,-0.53,-0.103,0.842,-0.6,0.2,0.43,0.26,0.7,0.2,-0.3,-4.7,-3.4,-2.5,-1.6,-1.0,2.0,-1.0,-0.7,2.1,2.6,2.1,-2.9,0.1,-0.6,1.6,0.4,0.8,-0.7,-4.1,-3.0,-1.8,-0.8,-1.8,2.7,1.7,-2.0,3.3,1.9,-5.1,-3.1,0.3,-7.8,-5.1,-3.8,-2.0,-9.1,4.1,-0.5,2.3,1.7,-1.8,-2.6,0.3,10.8,-1.3,12.6,0.7,-8.4,-1.7,0.5,-3.0,-2.9,-3.2,-1.4,-0.8,-2.5,-1.4,-2.9,-1.6,-1.7,-3.0,1.4,-3.8,-6.2,-1.9,-1.2,-4.3,-4.5,-3.6,-2.3,-2.7,-2.9,-1.0,-3.0,-3.2,-0.8,-0.6,-2.2,-3.9,-3.6,-2.1,-1.5,-4.1,-1.3,-2.7,-2.8,-5.5,-1.5,-1.9,-1.6,-4.0,-3.0,-6.2,-5.9,-4.4,1.6,2.2,-1.4,-0.7,-1.7,-1.5,-5.9,-2.5,0.7,-1.1,-1.0,-0.4,-2.5,-1.4,-2.7,-1.8,-2.6,-1.7,-1.8,-2.4,-6.8,-3.6,-3.9,-3.1,-4.3,-2.3,-2.9,-1.3,-1.6,-5.9,4.6,-3.3,-0.9,-4.5,-3.6,-6.5,-5.8,1.2,-2.3,-4.5,-3.4,0.9,-2.3,1.7,-0.8,-3.1,-2.9,-7.7,-6.8,-2.4,-2.3,-3.4,1.5,-7.2,-6.2,-3.0,-2.8,-9.3,-8.2,0.1,-1.0,-4.0,-3.9,-1.2,-1.0,-4.8,-14.4,-6.9,-14.0,-3.4,-2.8,0.2,3.9,2.9,2.1,-0.5,-7.4,-3.4,-0.6,-1.0,-4.7,-2.9,-4.6,-3.1,-2.6,5.8,2.5,-4.3,-7.6,-8.3,-1.7,-5.4,-1.4,-10.5,-6.5,-10.6,2.8,8.1,5.4,2.4,-3.2,-9.6,-4.6,-6.2,-5.4,-3.6,-4.0,-3.6,-3.1,-4.2,-5.8,-1.3,-5.6
2C7L51ECUv,0,48.107529,11.635957,4442879.82,2778457.13,540.7,586.4,277,7501,1.5,0.94,0.26,32.69,348.97,-0.53,-0.103,0.842,-0.6,0.1,-0.02,0.12,0.5,0.1,-0.3,-0.8,-0.7,-0.1,-0.6,-0.4,2.1,-0.2,0.6,0.7,1.7,0.2,2.1,0.1,0.2,-0.8,-0.5,-1.9,-0.8,-1.1,-1.9,-2.3,-1.0,-3.6,-0.3,-1.0,-0.7,-1.8,1.1,0.6,-1.9,-3.0,-4.0,-4.9,-4.9,-1.6,-2.4,-0.2,1.1,0.7,0.9,0.6,-2.4,0.7,0.5,-1.1,-1.6,-0.6,-2.8,-0.5,1.1,-1.2,0.2,-1.5,0.5,0.3,-2.5,-0.0,-0.5,0.7,-0.5,0.0,-0.5,-1.7,-0.5,-1.9,0.7,-1.4,-2.2,-1.5,-1.8,-0.9,-0.6,0.4,-1.8,-0.8,1.2,-0.1,0.1,-1.0,-3.9,-1.4,-1.7,-0.7,0.2,-0.8,-0.4,1.6,-2.0,-2.0,-2.1,-1.0,-2.1,-5.0,-3.5,-3.5,1.7,-1.7,-1.7,-0.9,-1.2,-1.2,-0.2,-0.5,1.0,1.5,-1.1,-1.7,-1.3,-2.8,-2.4,-0.7,-0.5,-1.7,-1.5,-0.7,1.5,-0.9,-1.8,0.6,-2.0,0.2,0.0,-1.3,-0.8,-1.3,-0.6,-1.6,-1.4,-2.2,-4.3,-2.9,-0.6,-0.9,-1.2,-3.4,-3.2,-1.1,-3.8,0.9,-1.9,-4.9,-4.0,-4.7,-2.6,-2.6,-3.0,-1.4,-1.4,-2.2,-1.0,-2.5,-1.3,-2.2,-0.9,-2.4,-2.2,-2.0,-1.8,-3.2,-2.1,-3.3,-11.6,-4.5,-5.2,-5.1,-0.8,-0.2,2.9,-1.3,-1.1,-0.8,-2.5,-4.2,-2.6,-2.6,-3.5,-3.3,-1.3,-1.9,-1.2,-1.7,-1.1,-2.8,-3.2,-2.2,-2.8,-2.8,-3.5,-3.7,-5.1,-4.8,-3.0,-3.2,-0.7,-1.0,-2.1,-0.6,-2.8,-3.3,-1.5,-5.2,-4.2,-3.7,-3.1,-2.6,-3.7,-3.2,-3.7
2C7L51ECQx,0,48.105751,11.621965,4441841.84,2778236.56,541.5,587.2,277,7255,4.4,0.63,0.87,32.6,348.93,-0.529,-0.103,0.842,-0.1,0.2,-0.54,0.33,1.9,0.3,-0.3,-3.5,-7.5,2.2,-4.3,-2.7,6.7,1.2,-3.2,1.7,4.1,-0.7,3.3,-0.4,-1.6,-0.9,-2.3,-9.9,-1.0,-0.7,-11.1,5.5,-1.6,-5.9,-0.8,-3.7,0.6,0.6,-2.3,1.2,-1.4,-17.8,-9.2,-6.0,-5.8,9.1,-8.8,3.6,-12.0,7.2,3.7,1.0,6.2,0.6,3.4,-2.0,-1.9,-0.5,0.1,2.5,1.0,-0.9,2.5,-0.3,1.1,1.5,0.9,-10.0,-8.6,11.2,-2.3,-3.9,-3.4,5.1,5.1,1.0,-0.3,0.7,-1.2,4.5,-6.0,-8.4,-5.6,2.5,-6.5,-3.1,-2.1,-4.9,-6.5,-2.1,-2.1,-1.8,-1.5,1.0,-8.3,-5.0,-5.1,-4.8,-4.4,-2.4,-1.2,-2.2,7.1,-16.9,4.3,4.6,11.1,3.1,-3.0,1.5,2.4,-6.0,-2.1,-0.8,1.4,1.5,1.2,3.4,1.6,1.3,0.6,-6.8,11.9,3.5,12.6,6.3,-0.5,2.3,-2.4,-14.1,11.0,-1.0,-4.1,0.5,3.5,1.1,1.0,-1.6,1.0,-3.3,-1.0,-3.0,-12.0,1.4,-3.4,-5.9,-2.2,0.4,-2.6,0.7,3.6,5.2,4.0,0.6,-0.1,-1.1,1.1,7.1,1.6,-3.1,4.7,4.0,0.5,-0.6,-3.9,-0.3,-1.9,2.3,-3.5,5.7,0.4,-3.6,-7.0,-8.8,-0.1,-1.7,-1.4,-6.2,-2.3,0.1,1.9,0.1,-5.1,4.5,-0.4,1.1,-2.2,0.9,-2.8,-0.2,-1.9,-4.4,-7.2,-1.6,-2.4,-3.5,-4.8,2.0,-0.9,-4.0,-2.1,-1.5,1.3,-5.3,-3.8,-2.7,-0.1,-4.7,-0.7,-2.8,0.3,-0.1,-0.6,-0.4,0.2,-0.6,-0.9,-1.3,-2.3
2C7L51ECSP,0,48.106402,11.627031,4442217.65,2778317.17,539.4,585.1,277,7345,4.1,0.71,0.4,32.65,348.97,-0.53,-0.103,0.842,-1.5,0.2,0.07,0.31,0.8,0.3,-0.3,5.6,3.9,1.1,2.4,1.2,-9.1,3.2,0.1,0.7,-2.4,-1.4,-4.0,-2.9,-1.6,-0.3,-1.3,4.5,-5.5,5.9,2.1,-3.8,4.1,-2.6,2.6,2.7,2.3,15.0,16.7,6.3,-2.6,-8.5,-0.9,-5.1,-6.7,-2.1,-1.8,3.9,7.3,6.0,3.0,1.4,-5.7,1.6,-2.6,1.3,-0.5,-5.1,-5.1,-1.2,3.6,4.4,4.4,3.4,1.9,2.7,4.8,0.7,1.8,1.6,0.9,1.5,1.9,1.5,2.2,-0.7,-2.6,0.3,0.7,2.0,0.1,-2.4,-0.0,-3.9,-0.1,0.6,-1.6,2.7,1.4,-2.5,0.2,0.4,1.4,2.2,-1.4,-1.8,-1.9,2.8,1.2,4.0,0.8,1.5,-6.0,-4.4,0.7,-4.9,5.7,-4.6,-2.9,-3.3,-2.4,-2.3,-4.5,-1.9,0.5,-4.4,1.2,-2.4,0.2,-1.2,-1.4,-1.4,-1.2,-1.7,1.0,-2.2,-4.1,-0.1,-3.8,-3.1,6.4,-0.2,-0.8,-2.8,1.5,1.7,-2.2,-1.9,2.1,-0.6,-5.9,-5.0,-3.9,-1.9,-4.0,-0.8,-4.6,-3.7,-3.0,-0.2,-0.7,-7.0,-3.8,-1.2,-0.8,0.0,-1.5,-7.4,-4.8,-6.5,-8.6,-7.8,-0.9,-3.0,-2.3,-1.9,-3.5,-2.5,-6.4,-1.3,-4.7,-4.9,6.0,9.5,-14.1,-3.1,-6.8,-4.6,-5.6,-1.3,-3.2,1.0,-2.0,-14.5,-18.9,-17.3,-6.6,-5.7,-7.0,-8.1,-4.8,-5.3,-4.9,-3.8,-4.1,-5.1,-1.4,9.2,-2.3,-4.4,-6.0,-5.7,-5.2,-8.3,-1.0,-6.4,-5.2,2.4,0.9,-2.2,-0.8,3.2,-6.1,-8.2,-6.0,-0.6,-10.3,-11.6,-13.8
2C7L51ECSU,0,48.106423,11.627197,4442229.96,2778319.82,533.0,578.7,277,7350,1.9,0.91,0.39,32.65,348.97,-0.53,-0.103,0.842,-1.1,0.1,-0.28,0.15,1.0,0.1,-0.3,0.5,0.9,-0.8,1.0,-0.5,0.2,0.7,-0.3,0.3,-1.9,0.2,0.4,-0.5,0.1,-1.3,-0.9,-0.9,-0.7,-0.9,-2.9,-1.8,-0.1,-1.8,-1.1,-0.4,0.6,1.4,-1.3,-1.0,-5.0,-13.0,-4.1,-6.4,-4.7,-5.3,-3.1,-2.2,-0.9,0.9,-2.0,-0.9,-1.6,-0.5,0.2,-1.9,-0.3,-2.4,-2.9,0.6,0.3,1.6,0.4,0.0,0.1,-0.9,2.0,0.3,-0.0,-0.2,-0.8,0.4,-0.2,-1.5,-1.3,-1.7,-1.5,-0.3,1.4,-1.0,0.5,0.1,0.1,-0.5,-0.5,0.2,-0.6,-1.2,-0.5,-3.7,-1.0,-1.9,-3.3,-0.8,-3.5,-2.1,-3.0,-0.1,-1.8,-1.8,-2.6,-3.6,-4.0,-5.5,-3.2,-1.8,-1.2,-5.8,-2.2,-0.1,-1.2,-1.1,-2.7,-2.8,-3.0,-1.3,-2.5,-1.3,-1.5,-2.1,-3.4,0.7,1.1,1.1,-3.2,-0.4,-0.2,-5.0,-1.1,-2.8,-1.4,-1.1,-2.3,-1.0,-0.8,-0.9,-2.0,-3.6,-0.6,-4.6,-6.0,-5.8,-1.5,-4.3,-2.3,-2.8,-3.1,-2.9,-8.4,-2.8,-0.9,-2.9,-6.3,-6.0,-3.5,-2.3,-2.0,-5.6,-4.7,-4.0,-3.7,-7.7,-1.3,-3.0,-4.5,-3.1,-1.8,-5.2,-2.9,-2.0,-5.4,-2.9,-3.4,-2.6,-5.8,-4.7,-1.4,-1.1,-3.2,-1.9,-1.4,-2.9,-5.5,-5.5,-4.5,-5.0,-6.3,-0.4,-1.6,-13.9,-4.0,-4.0,-2.7,-5.3,-4.4,-5.8,-6.9,-3.8,-4.9,-5.0,-9.8,-7.9,-6.0,-6.2,-10.4,-8.2,-6.6,-7.6,-5.2,-6.1,-3.5,-6.3,-7.6,-6.3,-3.7,-2.9,-5.1,-3.5,-6.8
2C7L51ECSX,0,48.106453,11.627427,4442247.07,2778323.48,537.1,582.8,277,7353,1.9,0.9,0.29,32.65,348.97,-0.53,-0.103,0.842,-0.3,0.1,-0.16,0.15,1.1,0.1,-0.3,0.3,0.2,0.7,0.6,-0.0,-0.4,-0.9,-0.6,-0.0,-0.5,-0.4,1.8,-0.2,-0.1,-0.2,-1.0,-0.5,-0.2,-1.0,-2.7,-1.0,-0.9,-1.9,-0.5,3.2,2.6,1.9,0.5,-0.0,-2.8,-8.6,-2.8,-5.2,-4.1,-3.4,-4.7,0.2,1.9,1.5,-0.9,2.9,-0.9,1.4,-0.4,-0.8,0.5,-1.0,-0.6,1.0,0.9,-0.9,0.9,-0.3,-0.9,0.0,0.9,-0.2,0.6,0.3,0.1,1.0,1.2,1.0,-0.3,1.5,0.9,0.1,0.1,-0.9,-0.0,1.5,-1.6,0.0,-1.1,0.4,-0.9,-0.2,0.3,-1.9,-0.8,-0.9,0.6,-0.3,-3.0,-1.7,-1.7,-0.3,-1.1,0.8,-4.2,-3.2,-5.9,-4.9,-2.9,-3.1,2.3,0.2,0.2,-2.3,-2.7,-0.8,-0.2,-0.7,0.7,6.0,2.9,2.2,0.9,1.2,-1.2,0.7,-1.1,0.6,0.8,0.4,1.9,-2.6,1.4,0.8,0.6,1.2,0.8,1.9,0.5,0.5,-0.2,0.8,0.9,-2.6,-4.0,-1.6,-1.7,2.3,-1.9,-1.2,-0.7,-1.2,-4.9,1.9,3.6,1.4,0.9,-1.1,-0.7,-0.0,0.2,0.2,0.8,-0.2,0.5,-0.5,0.8,0.7,-1.4,0.3,-1.5,-1.1,-1.6,-2.6,-0.8,2.2,-0.2,0.2,-2.2,-3.5,-1.4,-1.1,0.5,1.3,-0.6,-0.3,-4.4,-4.3,-1.7,-2.5,-3.9,-2.1,-1.5,-2.8,-4.1,-3.4,-2.9,-3.1,-3.9,-3.2,-1.4,-1.8,-0.5,-1.8,-5.4,-3.2,0.3,-2.9,-4.1,-6.2,-3.7,-3.4,-4.6,-3.6,-2.9,-2.6,1.1,5.6,3.2,3.6,1.1,3.0,3.6
2C7L51ECTg,0,48.106971,11.631465,4442546.58,2778387.73,536.9,582.6,277,7424,2.2,0.83,0.46,32.67,348.97,-0.53,-0.103,0.842,-1.0,0.1,-0.5,0.17,2.2,0.1,-0.3,-3.2,-1.1,0.4,1.0,-0.1,-1.0,0.9,1.7,1.5,-7.7,1.1,-0.9,-0.4,1.0,0.3,0.8,-0.1,0.6,0.2,3.7,-0.8,0.6,-2.3,-2.8,-1.1,-3.5,-0.1,-3.6,-6.1,-5.8,-7.5,-6.8,-6.3,-4.5,-4.7,-6.7,-2.7,-3.0,-0.8,-1.6,-0.7,-5.5,-2.7,-7.1,-4.5,-2.9,-7.9,-4.4,-3.4,-3.0,-3.4,-1.4,-1.8,-0.5,-1.4,-1.3,-0.8,-1.0,-1.1,-1.0,-1.1,0.0,-2.1,0.0,2.1,-4.8,-3.1,-2.3,-0.5,0.7,-4.2,-0.4,-1.8,-1.0,-2.0,-2.1,-2.3,-1.9,-0.4,-3.4,-0.3,-4.6,-1.7,-2.1,-1.7,-6.3,-4.7,-5.7,-8.8,-7.9,-4.9,-6.6,-5.0,-6.0,-5.9,-3.8,-2.7,-6.3,-5.6,-3.4,-5.0,-6.3,-4.4,-4.7,-4.2,-3.6,-2.2,-3.5,-1.8,-3.9,-3.7,-1.5,-1.5,-1.0,0.7,-1.7,-0.3,-1.5,-1.6,-2.0,-1.7,-0.7,-0.2,-2.2,-2.3,-1.3,-1.4,-2.0,-3.5,-4.6,-1.8,-2.3,-3.4,-2.7,-6.8,-0.6,-3.2,-5.6,-1.4,1.1,-3.6,-3.0,-1.7,-3.4,-1.9,-0.8,-1.2,-1.5,1.0,-1.7,-0.2,-2.1,-2.7,-4.3,-4.5,-3.4,-4.5,-4.4,-6.7,-5.3,-7.4,-12.4,-6.3,-6.7,-9.4,-8.2,-6.3,-5.3,-6.9,-10.5,-9.3,-10.0,-6.9,-3.7,-4.9,-4.4,-4.5,-3.5,-7.7,-3.0,-3.1,-2.9,-1.7,-1.4,-4.3,-3.9,-7.1,-5.0,-4.5,-10.3,-7.9,-7.9,-7.8,-7.5,-7.0,-10.0,-10.8,-9.8,-8.2,-8.1,0.2,-3.5,-17.5,-14.3,-5.4,-3.4,-8.0,-1.8
2C7L51ECU6,0,48.107151,11.632862,4442650.21,2778409.97,532.2,577.9,277,7450,3.6,0.71,0.48,32.68,348.97,-0.53,-0.103,0.842,-0.1,0.2,0.52,0.28,2.1,0.2,-0.3,-0.7,-0.9,2.7,0.7,0.1,1.5,0.0,1.6,-9.3,3.2,9.2,3.9,-2.0,-6.5,-5.0,-6.2,-3.7,-5.7,-4.2,-3.0,-4.6,-3.6,-1.3,-3.8,-0.5,-11.6,2.5,-3.7,-0.2,0.8,-5.5,-17.1,-11.4,-16.5,-10.5,-8.6,-8.5,5.8,-2.5,0.5,-5.1,-4.1,-9.7,-5.1,-7.2,-9.7,0.5,-7.6,-3.0,-5.5,-2.3,-2.1,-0.1,-4.1,-1.7,-0.1,-4.1,-1.2,-3.6,3.5,0.5,0.8,7.6,6.3,4.1,-3.1,-5.1,11.5,-6.9,-2.3,2.2,-4.0,-3.1,-3.2,-8.2,-2.4,-3.6,-8.6,-4.3,-6.7,-7.5,-7.2,-5.4,-9.3,-7.4,-7.6,-2.2,-4.1,-4.2,-8.4,-11.8,-4.8,-3.4,-1.8,-10.3,-5.6,-3.7,-6.1,-3.8,-5.6,-4.1,-4.1,-0.7,-3.3,-0.4,-2.9,-1.3,-1.4,-4.3,-3.1,-1.8,-2.3,-4.4,-3.7,-3.5,-2.2,-3.4,-1.8,-1.4,-6.6,-2.8,-0.9,-3.9,-8.0,-8.5,-3.2,-4.3,-6.3,-1.7,-8.6,6.0,-13.8,-2.7,-4.0,-7.6,-4.0,-4.8,-6.2,-0.5,1.1,-4.3,-5.9,2.0,-4.1,-2.5,-2.3,-2.8,-1.9,-1.3,-6.0,-3.2,-1.2,-3.6,-2.0,-4.6,-3.6,-3.1,-1.9,-2.7,-3.5,-4.3,-5.4,-6.7,-8.1,-6.7,-3.9,1.1,-2.0,-3.5,-3.0,-4.5,-3.7,-8.8,-4.5,-5.9,-4.2,-5.2,-2.3,7.4,-4.5,-3.5,-5.0,-4.9,-6.3,-5.6,-4.5,-3.3,-3.8,-8.7,-8.7,-4.4,-4.5,-4.9,-0.8,-3.2,1.3,0.4,-2.5,-6.2,-0.9,-2.0,-0.1,0.1,-2.7,-2.8,-2.2,-1.4,-2.2
2C7L51ECUp,0,48.107531,11.635829,4442870.3,2778457.13,552.0,597.7,277,7495,3.1,0.77,0.45,32.69,348.97,-0.53,-0.103,0.842,0.7,0.2,-1.27,0.24,0.9,0.2,-0.3,1.2,2.0,3.0,1.5,1.3,-1.2,1.8,1.6,2.8,6.4,2.3,-1.2,1.1,0.6,2.2,1.9,-1.3,-2.1,0.6,-2.1,-1.7,1.5,-1.8,1.1,0.5,2.3,2.4,-2.0,-0.0,-2.4,5.3,-2.6,-4.9,-5.5,0.6,-2.0,-2.7,-4.2,4.2,0.6,-0.7,-1.3,-2.7,0.7,-3.7,-0.7,-7.0,6.2,8.1,5.0,2.8,5.0,2.5,-0.4,1.7,1.6,10.8,8.6,4.1,-1.1,-3.6,16.1,8.8,4.9,7.2,5.1,6.8,2.3,5.0,6.1,5.8,3.8,6.1,7.4,5.2,4.3,4.1,4.6,1.1,2.1,6.7,4.5,7.6,6.2,6.7,4.1,5.8,5.0,5.1,4.6,1.0,6.6,2.2,4.1,5.6,8.6,5.7,1.4,4.9,0.8,1.9,4.3,2.9,4.9,7.7,6.0,5.7,4.1,3.9,2.9,3.6,5.0,0.5,4.2,2.5,1.6,1.3,3.5,5.1,1.1,3.6,3.7,2.6,2.8,4.8,5.1,4.0,2.2,8.6,-0.3,3.7,7.4,-7.1,15.0,9.9,7.8,13.0,3.2,5.5,9.0,5.5,2.5,3.6,5.1,5.5,5.6,6.1,4.3,4.2,4.5,4.6,7.4,5.8,5.2,4.5,2.4,3.3,4.4,4.1,7.3,4.1,-5.6,3.0,1.7,2.5,5.5,5.5,8.2,2.8,3.8,4.7,4.2,1.5,7.4,4.1,4.7,6.1,5.6,7.9,5.5,6.2,8.8,2.9,10.2,5.4,6.9,5.5,2.9,4.5,0.7,1.9,5.4,0.6,6.0,6.4,4.4,5.5,2.9,5.7,6.8,2.9,3.1,3.3,3.6,2.6,-2.2,0.1,2.2
2C7L51ECVC,0,48.107663,11.636854,4442946.37,2778473.47,539.5,585.1,277,7518,4.3,0.63,0.64,32.69,348.97,-0.53,-0.103,0.842,-2.6,0.2,1.08,0.34,1.7,0.3,-0.3,0.2,-0.2,1.4,-0.7,-1.5,0.7,-0.2,-0.8,0.0,-2.7,1.1,-1.1,2.1,1.1,2.4,1.6,3.8,7.9,1.8,6.7,-1.3,2.6,-0.9,-1.2,-0.6,-1.8,0.4,3.8,-0.1,-2.3,2.2,-1.1,-1.4,-0.3,2.3,7.8,3.0,8.1,0.6,0.1,0.1,0.9,-2.4,-7.4,-4.0,-4.8,-3.7,0.5,-4.0,-0.5,-2.3,-1.8,-1.9,0.1,-1.0,-1.9,-2.1,-1.0,-1.7,-2.4,-2.2,-2.6,-0.5,-2.0,-6.2,-1.0,-2.2,-1.0,-2.7,-0.8,1.3,0.9,0.1,-0.4,0.0,-0.6,-1.2,-1.6,-2.7,-2.1,-3.2,-3.0,-1.5,0.0,-3.4,-2.8,0.3,0.4,-15.9,-0.6,-2.1,-6.5,-4.3,-5.2,-3.3,0.5,-0.2,-2.6,-4.1,-4.4,-3.0,-3.2,-3.2,-3.5,-0.0,-14.8,-19.2,-10.6,-14.1,-13.7,4.7,-1.8,-6.2,-0.1,-3.0,-8.4,-4.0,-5.2,-4.6,-4.5,-0.8,-5.6,-0.8,-4.5,-7.5,-6.4,-8.0,-5.2,-5.0,-1.5,-4.4,-10.0,-6.9,-6.9,-10.0,-8.6,-9.0,-11.8,-5.5,-9.3,-6.1,-11.2,-9.9,-10.2,-10.3,-15.3,-15.4,-9.5,-4.9,-4.1,-18.6,-7.4,-6.8,-1.0,4.3,-19.4,-7.7,-5.6,-5.5,-9.3,-9.2,-17.9,-17.5,-8.7,-19.0,-0.4,-20.1,-7.0,-9.4,-8.4,-17.8,-21.2,-23.9,-0.3,-3.9,-4.5,-21.2,-22.2,-1.8,-3.4,-14.1,-11.7,-9.2,-8.3,-1.9,-1.1,-3.6,-6.0,-6.7,-12.4,-12.2,-9.4,-15.3,-10.9,-6.4,-1.5,-10.9,-10.4,-23.0,-5.2,-5.6,-9.9,-11.6,-10.6,-8.4,-7.7,-9.6,-8.1
2C7L51ECSQ,0,48.106442,11.627197,4442229.94,2778321.87,544.6,590.3,277,7346,3.7,0.66,0.45,32.65,348.97,-0.53,-0.103,0.842,-4.2,0.2,1.1,0.29,1.0,0.2,-0.3,-1.0,-0.9,-1.0,0.8,1.4,-0.2,-1.3,2.1,-0.4,0.9,1.4,0.2,-0.3,0.7,-6.1,-5.0,-5.1,-2.1,-5.5,-6.3,-3.2,-3.4,-1.5,-1.4,-1.5,-1.6,-2.0,-0.8,-2.8,-5.8,-11.0,-7.1,-6.3,-4.9,-6.5,-7.4,1.9,-3.0,1.4,-2.7,-3.9,-0.1,1.0,-0.8,-0.6,-0.7,-0.4,0.1,-1.2,1.4,-1.0,-1.1,-0.1,-1.4,-1.3,-5.6,-1.3,-1.0,0.4,-0.1,0.0,-1.1,-2.0,-1.2,-4.9,-0.5,-2.1,-1.3,-2.2,-2.0,-1.5,-2.0,-1.8,-2.0,-3.9,-4.2,-2.4,-1.4,0.9,-3.9,-2.4,-4.7,-2.7,-1.2,-3.5,-3.4,-0.9,-3.4,-6.1,-2.9,-2.0,-3.7,-1.4,-6.5,-3.6,-8.7,-7.6,-10.5,-12.5,-7.0,-14.3,-10.9,-14.5,-10.8,-10.4,-13.0,-11.2,-13.0,-13.5,-11.0,-12.5,-13.2,-13.4,-13.8,-14.7,-7.2,-15.6,-14.2,-19.2,-13.7,-13.6,-11.0,-12.6,-13.2,-13.3,-12.7,-10.7,-13.1,-13.9,-14.7,-16.2,-17.4,-11.0,-15.1,-13.8,-13.4,-13.4,-17.9,-11.1,-13.9,-15.4,-15.0,-17.6,-18.0,-14.9,-16.9,-4.5,-25.0,-1.7,-12.4,-7.9,-16.0,-14.3,-17.1,-15.9,-15.9,-15.0,-15.2,-15.6,-17.8,-15.4,-12.9,-15.5,-15.5,-17.4,-14.9,-16.3,-13.5,-15.7,-14.0,-15.8,-18.0,-16.8,-9.1,-20.7,-8.1,-19.7,-7.2,-24.0,-20.0,-18.6,-14.9,-15.7,-15.6,-21.2,-18.2,-8.7,-16.4,-18.5,-24.0,-24.4,-29.8,-19.8,-17.6,-26.9,-20.1,-18.5,-18.3,-18.4,-15.9,-20.9,-17.2,-18.1,-16.7,-12.8,-11.1,-17.9,-14.4
2C7L51ECSW,0,48.106476,11.627467,4442249.96,2778326.17,542.1,587.8,277,7352,1.8,0.91,0.3,32.65,348.97,-0.53,-0.103,0.842,-0.6,0.1,-0.37,0.14,0.7,0.1,-0.3,-0.0,-1.0,0.4,0.1,-0.1,0.7,-0.5,0.3,0.7,-3.0,0.0,1.5,0.2,0.4,0.0,-0.7,-0.5,0.1,0.4,0.0,-1.0,2.2,-0.0,0.4,2.7,1.9,1.0,-0.4,-0.3,-3.0,-10.3,-3.5,-6.2,-4.8,-3.6,2.9,0.6,1.5,3.2,0.8,0.8,-0.1,2.6,0.5,1.4,0.8,-0.4,0.1,1.1,1.4,-1.5,1.4,0.6,-0.3,-0.7,0.5,-0.1,-0.6,-1.0,-1.7,-1.1,0.2,1.5,-0.1,0.8,1.3,-0.8,0.4,-1.0,-1.1,0.9,-1.8,-1.0,-1.5,-0.4,0.0,-0.5,0.5,-1.6,0.2,0.3,-1.3,-0.4,-2.0,-1.3,-1.0,0.3,1.4,1.6,-1.8,-0.4,-2.1,-2.6,-3.6,-2.3,1.1,0.4,2.9,-1.7,1.0,1.2,1.1,1.0,-0.2,3.5,1.9,1.1,1.8,2.3,1.7,0.9,-0.9,2.3,0.2,0.6,2.1,-1.3,0.3,-0.8,1.2,-0.4,1.1,2.1,-0.5,0.0,-0.6,0.5,0.6,-1.1,-3.2,-1.7,-4.4,-0.7,-2.5,-2.3,-1.5,-1.4,-7.7,1.1,1.1,-0.5,-2.3,-3.8,-1.9,-1.9,-1.5,2.0,1.6,0.8,1.3,-0.3,-0.5,2.1,-1.8,-0.1,-2.7,-1.3,-2.8,-2.9,-2.0,-3.2,-0.5,2.7,-3.3,-2.4,-2.4,-0.9,-2.7,-2.2,1.8,-2.7,-3.9,-1.9,-4.6,-4.0,-0.7,-3.4,-1.6,-1.5,-4.6,-3.2,-3.0,-1.8,-3.2,-4.1,-3.4,-4.9,-2.1,-2.0,-2.7,-6.0,0.6,-3.6,-5.7,0.9,-5.0,-4.0,-4.9,-5.6,-3.1,-3.6,-1.2,-1.8,-3.0,1.3,-2.1,-0.9,0.7
2C7L51ECSa,0,48.106496,11.627616,4442260.99,2778328.54,538.5,584.2,277,7356,2.3,0.87,0.36,32.65,348.97,-0.53,-0.103,0.842,-0.6,0.1,-0.29,0.18,0.7,0.2,-0.3,2.3,0.7,-1.9,-1.1,7.2,0.4,1.1,-0.4,-2.2,-0.9,2.2,0.9,3.7,-2.4,-0.3,0.2,-1.9,-1.6,-3.1,-4.2,-2.7,-3.6,-7.2,-1.6,-0.7,-0.7,-1.8,4.8,0.6,-4.9,8.6,-4.0,-3.9,-10.0,-8.5,-4.5,-1.3,-3.3,-0.4,-0.3,-1.5,-0.7,-0.1,-0.6,-1.4,-1.0,-0.0,-3.9,-1.6,-4.1,-5.0,-3.5,0.2,-1.8,-1.3,-1.4,-1.2,-2.8,-1.6,-2.9,-4.2,-2.1,0.1,0.6,-2.5,-0.7,-3.1,-2.4,-0.8,-3.1,-1.6,-1.4,-4.9,-2.8,-2.3,-2.1,-2.6,-1.0,-3.6,-2.9,-2.2,-3.5,-3.8,-2.9,-0.5,-4.4,-0.6,0.1,-0.7,-5.0,-3.8,1.7,-3.4,-4.5,-2.3,-0.4,-0.8,0.4,-0.9,0.7,0.3,-0.4,0.2,-1.2,-1.4,-3.2,0.1,-0.2,0.1,-0.7,-3.5,-2.9,-1.8,-0.8,-1.9,-0.6,-4.1,-0.7,-0.4,0.7,-0.8,1.1,-3.4,4.8,-1.3,-1.5,-1.3,0.3,-0.9,-4.4,-3.9,-6.8,0.1,1.5,-2.0,-2.8,-4.7,-8.9,0.1,2.6,-2.1,0.2,-0.8,-1.2,-3.4,-0.8,3.5,-0.5,1.3,1.6,-2.8,-1.7,-1.1,-4.5,-0.7,-3.5,-2.9,-3.5,-4.0,-6.2,-1.1,-3.1,-2.2,-4.2,-2.2,-4.8,2.5,-1.6,-2.6,-1.4,-4.7,-6.6,-5.0,-2.1,-8.9,-5.9,-4.0,-1.9,-4.0,-4.7,-1.3,-3.2,-2.4,-3.9,-3.1,-4.2,-3.1,-4.7,-3.4,-6.4,-5.4,-5.7,-4.0,-6.5,-3.4,-4.1,-3.1,-5.1,-5.1,-4.8,-3.1,-4.4,-3.6,-1.1,-1.8,-6.2,-3.3,-4.5
2C7L51ECTd,0,48.106979,11.631381,4442540.27,2778388.44,539.8,585.5,277,7421,1.7,0.87,0.29,32.67,348.97,-0.53,-0.103,0.842,-0.6,0.1,-0.46,0.13,2.2,0.1,-0.3,-1.5,-1.5,-0.5,-0.3,-1.7,-0.5,0.3,-0.2,1.2,-0.7,0.5,-0.3,2.0,-1.5,-2.5,-0.5,-2.1,-3.0,-0.2,-5.1,-4.6,-2.1,-2.9,-1.8,-2.6,-2.3,-1.5,-4.5,-4.1,-5.3,-3.4,-4.8,-5.7,-4.6,-4.3,-3.1,-1.6,-2.5,-0.7,-1.7,-1.1,-2.0,-3.6,-2.5,-1.2,-2.4,-6.7,-2.6,-2.2,-1.8,-0.5,1.8,1.4,1.4,0.8,-1.3,1.6,0.7,0.8,1.0,0.9,-1.2,-1.3,5.4,-3.8,0.4,-0.2,-0.7,0.3,0.5,-0.2,1.3,0.5,1.9,2.0,-1.0,0.6,-1.6,-1.9,-4.1,-2.5,-2.6,-2.9,-3.3,-3.4,-6.6,-3.1,-3.1,-3.8,-6.2,-2.9,-5.7,-7.4,-5.9,-5.8,-4.6,-2.9,-4.8,-3.5,-2.4,-3.8,-4.6,-3.1,-3.2,-4.0,-2.2,-3.7,-2.6,-0.9,-2.3,-1.1,-0.7,-1.8,0.2,1.7,-0.3,2.6,-1.2,0.9,0.3,-2.3,1.1,-3.1,0.7,-0.8,-2.3,0.2,-0.4,-3.0,-3.6,-1.0,-1.2,-5.1,-4.7,-6.4,-4.7,-3.4,-7.2,0.2,-0.2,-3.4,-4.6,-2.2,-2.4,-2.6,-1.4,0.0,-0.0,1.4,-0.1,3.6,0.6,-0.5,-0.5,-1.3,-1.4,-2.4,-0.8,-5.3,-6.4,-6.4,-8.1,-3.1,-6.5,-4.5,-0.9,-3.3,1.1,-0.9,-5.5,-3.3,-4.6,-5.9,-4.1,-5.4,-4.8,-3.5,-1.8,-6.9,-2.8,-1.2,-0.4,-0.9,-3.1,-3.1,-3.5,-3.5,-4.2,-5.8,-8.6,-7.4,-6.0,-6.9,-3.7,-4.7,-7.6,-5.3,-4.7,-5.5,-5.0,-7.0,-5.5,-4.5,-1.9,-1.0,-3.7,-3.2,-3.4
2C7L51ECTk,0,48.107018,11.631682,4442562.66,2778393.25,536.6,582.3,277,7428,3.1,0.67,0.45,32.67,348.97,-0.53,-0.103,0.842,-1.4,0.2,-1.6,0.24,3.2,0.2,-0.3,-2.8,-1.3,-1.1,-0.4,0.2,4.2,0.6,2.5,2.5,1.6,1.9,0.5,-0.6,-3.1,-1.6,1.8,-2.9,-2.8,-1.8,-1.6,-4.1,-2.5,-5.6,1.4,-4.6,-4.9,-12.9,2.9,-9.8,-4.3,-11.0,-3.8,-7.8,-10.1,-5.5,0.2,-4.0,-4.6,-1.6,-0.3,-5.5,-0.1,-6.5,-4.9,-1.6,-7.6,-1.3,-6.2,-0.1,-0.9,1.1,0.9,0.4,5.0,2.5,2.8,3.9,2.3,0.5,2.6,1.6,2.7,2.8,0.2,-0.6,0.9,-0.1,2.9,3.9,2.8,4.3,5.7,1.5,3.1,3.1,2.4,1.0,-2.5,-2.5,-2.0,-1.4,-3.2,-3.1,-5.1,-1.4,-1.1,0.1,-2.0,3.0,-1.5,1.8,-1.6,-7.8,-5.1,-7.5,-1.6,2.3,-2.0,-6.8,-3.8,-7.6,2.0,6.4,-5.9,7.9,-5.3,-2.2,-6.5,-8.8,0.7,1.0,-3.0,0.1,-1.8,-1.2,-0.6,0.1,1.0,1.3,-3.5,0.7,4.4,-3.8,-9.9,1.1,-3.0,0.3,1.1,-2.0,2.9,-3.4,-5.5,-9.6,-7.3,-12.2,-7.3,-3.5,-4.4,-4.4,-2.6,-1.1,-4.8,-3.4,-2.9,-1.1,-0.2,9.6,5.9,0.3,2.3,2.7,2.5,3.6,3.6,1.3,-3.4,-0.3,-1.6,-6.9,-4.7,-4.3,-9.9,-7.0,-5.9,-7.8,-4.1,-5.0,-3.2,-8.1,-3.8,-3.8,-9.4,-12.9,-4.9,-8.2,-1.4,-1.6,-2.5,-4.8,-2.8,-7.1,-4.6,-7.3,-7.1,-10.2,-8.7,-10.2,-7.8,-6.8,-11.8,-10.5,-10.4,-12.5,-13.6,-9.0,-11.7,-9.1,-10.9,-10.7,-8.9,-10.3,-10.0,-7.5,-8.5,-5.3,-6.5,-6.9,-5.1
2C7L51ECUW,0,48.107381,11.634511,4442772.48,2778438.25,539.8,585.5,277,7476,1.9,0.91,0.36,32.69,348.97,-0.53,-0.103,0.842,-0.3,0.1,-0.27,0.14,0.6,0.1,-0.3,-1.5,-0.9,0.8,0.3,-3.0,1.3,0.9,-1.5,-0.3,4.3,0.2,3.6,1.6,-1.5,1.4,-2.2,-1.9,-1.3,0.1,-4.0,-3.4,-1.1,1.2,-0.3,1.6,-1.0,0.3,-0.4,-2.0,-2.2,-0.9,-4.6,-3.0,-5.1,-3.2,-0.9,0.5,2.4,2.1,2.8,0.9,-1.9,-1.2,-0.4,-2.7,-0.9,-1.1,1.0,-0.4,-0.9,-0.8,-1.2,-0.4,-0.5,-0.6,0.5,-1.0,-1.7,-0.6,-0.3,0.1,1.4,0.6,-0.1,-0.5,-1.1,0.5,1.1,-0.6,-0.2,-2.2,-0.4,-1.5,-0.7,-0.0,2.2,3.5,1.2,-1.9,1.3,-0.9,-1.8,-3.9,-0.8,-3.3,-2.1,0.6,-1.5,-1.3,-2.1,-2.2,-2.3,-2.2,-2.9,-5.8,1.5,2.1,-1.6,-1.0,-2.8,-0.3,-0.6,-2.8,-0.9,-1.6,-0.6,-0.9,-2.3,-2.5,-0.7,-0.8,-1.2,1.0,-0.1,-1.6,-2.1,0.1,-2.8,1.1,-4.3,-0.3,-2.6,-0.7,0.0,0.6,2.7,1.0,0.1,1.0,-1.2,-0.7,-1.4,-0.5,3.9,-2.1,0.4,-1.6,-3.0,-2.9,2.1,1.8,-2.7,-1.8,-2.0,0.5,-0.4,1.0,-0.9,0.1,0.7,1.7,-0.1,-1.3,2.8,3.4,1.8,0.9,1.0,-5.0,-0.9,-0.1,-6.2,-3.4,-3.9,-4.8,-1.3,1.0,2.8,-2.4,-0.0,-0.4,-1.5,1.9,-3.0,-2.0,-3.3,-2.7,-1.4,-0.4,-3.7,-1.6,-4.3,0.5,-0.6,-1.4,0.0,-0.9,-0.2,-1.5,-1.6,-7.6,-1.0,-2.5,-1.2,3.6,-0.0,-1.3,-5.6,-3.7,-4.9,-7.1,-3.2,-4.1,-0.7,-0.3,-1.7,-1.3,-1.3
2C7L51ECSR,0,48.106468,11.627256,4442234.24,2778324.86,545.0,590.7,277,7347,3.0,0.77,0.65,32.65,348.97,-0.53,-0.103,0.842,-2.4,0.2,0.99,0.23,1.0,0.2,-0.3,0.1,-1.4,-0.2,-0.4,1.4,-1.7,-1.1,0.7,-0.5,-4.6,0.6,-1.2,0.6,-0.4,-1.1,-0.5,-1.8,-0.5,-2.4,-2.2,-2.2,-0.9,-1.6,-0.7,1.6,-1.3,-0.5,-1.9,-2.3,-5.2,-13.2,-5.9,-5.4,-4.5,-4.6,-3.2,-0.4,1.2,0.3,0.5,0.3,-1.2,0.7,-1.5,0.4,-1.5,-2.1,-0.9,-1.5,1.0,-1.6,0.2,0.1,0.2,0.4,-2.3,-0.9,-1.3,-0.4,-1.6,-2.8,-1.3,-2.1,-1.5,-2.1,-1.7,-2.4,-1.5,-3.0,-2.4,-1.8,-1.2,-1.8,-1.3,-1.1,-0.5,-0.8,-0.1,-1.4,-2.9,-1.9,-2.2,-3.0,-2.4,-2.5,-0.6,-0.9,0.4,-3.1,-2.7,-1.8,-5.2,-4.2,-3.7,-4.0,-8.2,-8.8,-9.2,-9.9,-9.8,-14.3,-7.1,-5.0,-9.9,-7.1,-4.2,-5.5,-5.7,-5.6,-6.8,-6.5,-8.5,-7.6,-7.6,-11.4,-8.5,-11.0,-10.0,-12.7,-9.3,-10.2,-7.8,-10.7,-4.8,-6.0,-11.4,-10.7,-10.7,-14.2,-16.7,-6.5,-8.2,-11.3,-1.8,-14.6,-5.2,-5.3,-5.4,-7.1,-6.8,-9.6,-7.5,-10.0,-11.0,-8.7,-7.1,-7.5,-6.6,-8.5,-8.3,-7.7,-4.4,-11.3,-7.9,-5.5,-11.3,-5.1,-18.6,-6.0,-7.3,-11.9,-13.0,-13.7,-14.8,-14.2,-13.1,-7.1,-12.3,-17.9,-7.2,-13.7,-11.4,-10.8,-12.1,-10.8,-10.4,-8.7,-6.2,-15.8,-7.3,-6.6,-8.5,-7.3,-7.2,-3.9,-1.9,-8.7,-4.2,-10.2,-11.2,-14.1,-9.5,-12.6,-9.7,-13.3,-7.7,-14.4,-13.7,-13.7,-7.7,-9.1,-9.9,-15.2,-10.1,-7.5,-10.5,-11.2,-10.7
2C7L51ECSY,0,48.106505,11.627543,4442255.59,2778329.44,540.5,586.2,277,7354,1.4,0.94,0.19,32.65,348.97,-0.53,-0.103,0.842,-1.0,0.1,-0.35,0.11,1.0,0.1,-0.3,0.2,0.5,0.2,-0.7,0.1,-1.1,-0.5,-0.1,0.2,-1.7,-0.5,-0.4,-0.0,0.2,-1.3,-0.6,-1.3,-1.5,-2.0,-5.0,-3.9,-2.4,-2.8,-1.9,-0.1,-0.6,0.8,-0.4,-2.2,-3.5,-10.3,-3.8,-5.4,-3.7,-2.8,-2.6,-1.0,0.9,0.6,-0.4,0.4,-1.1,2.3,-1.1,-0.2,-1.1,-1.0,-1.4,-0.4,0.5,-0.3,1.7,0.8,-0.2,0.2,-0.3,0.2,0.7,0.7,-0.2,-0.3,-0.0,1.1,-1.1,-1.5,-1.0,-0.8,-0.6,-1.8,-0.6,-1.4,-1.4,-1.9,-1.5,-1.0,-2.3,-0.7,-1.8,-3.3,-2.6,-1.9,-3.4,-3.3,-3.8,-3.1,-2.4,-1.8,-2.5,-3.3,-3.7,-1.4,-4.3,-4.1,-2.7,-2.0,-0.6,-1.4,-1.3,-4.1,-1.5,-1.4,-2.2,-2.2,-1.9,-0.2,-1.4,-0.4,-0.4,-2.1,-2.0,-1.1,-2.3,-0.6,-1.1,-1.1,-0.8,-3.4,-1.6,-2.3,-1.9,-1.4,-1.3,-1.8,-1.4,-0.5,-1.1,-1.9,-1.9,-4.0,-5.4,-5.6,-4.2,-1.5,-2.9,-5.0,-3.2,-4.3,-7.5,-0.6,0.7,-2.4,-3.6,-2.2,-3.2,-1.5,-0.8,-1.0,-2.6,-2.6,-1.9,-1.7,-0.7,-1.6,-2.8,-1.5,-3.2,-2.4,-3.6,-4.4,-3.4,-3.8,-3.6,-4.3,-3.8,-4.5,-3.0,-3.9,-1.7,-4.2,-2.6,-3.8,-6.8,-6.6,-4.0,-5.1,-4.7,-4.3,-3.6,-10.3,-5.7,-4.7,-3.7,-4.3,-6.1,-4.6,-4.4,-4.5,-4.2,-5.2,-7.6,-5.5,-6.0,-4.7,-5.4,-6.6,-7.0,-4.7,-6.1,-6.0,-6.0,-5.1,-4.1,-6.5,-4.4,-4.1,-5.4,-4.5,-6.2
2C7L51ECTZ,0,48.107011,11.631486,4442548.02,2778392.14,557.7,603.4,277,7417,2.5,0.85,0.39,32.67,348.97,-0.53,-0.103,0.842,-0.8,0.1,-0.36,0.19,0.3,0.2,-0.3,-3.6,1.8,1.0,1.5,0.2,1.4,-1.0,0.8,1.0,-0.3,0.1,1.0,-2.0,2.2,0.4,-2.2,3.1,1.2,-0.1,-0.2,-2.3,2.8,0.9,-1.1,-0.4,2.7,2.2,0.8,-1.4,2.9,-1.9,0.4,-3.0,7.8,-2.0,5.3,2.3,3.6,4.7,1.4,0.8,3.7,0.1,1.8,0.5,0.3,-1.5,1.8,-0.2,2.9,-0.2,2.0,1.0,1.6,2.3,0.2,0.7,0.7,2.0,-0.9,0.7,1.2,-2.4,1.5,0.7,-2.4,0.1,3.1,-0.4,1.6,-0.2,1.7,-2.2,-0.1,-0.6,1.8,2.0,0.5,1.0,-3.0,-1.0,2.0,-2.2,-0.4,-1.8,0.0,-0.1,3.6,5.8,-1.9,3.5,-3.0,1.4,-1.0,4.5,-2.1,2.3,2.9,3.0,0.4,2.5,2.6,5.6,2.9,4.4,2.7,-0.1,0.1,-0.6,0.0,-1.3,-0.3,-0.6,0.6,-1.9,-1.0,1.8,2.7,-0.4,2.1,1.9,1.8,2.5,2.3,-2.4,-0.3,0.7,-1.4,-0.8,-2.6,0.7,1.3,3.6,-0.1,-2.6,-2.1,-2.8,-0.3,-0.2,4.3,-2.1,-1.4,-1.4,-1.0,2.8,1.2,-5.3,1.5,9.9,-2.2,1.7,-2.1,1.1,-3.3,-2.9,-1.7,-0.9,-1.7,-2.7,-0.3,-6.8,-3.0,-8.0,-3.2,-3.0,1.9,-0.3,0.5,-1.8,-2.8,-3.5,-2.5,-4.0,-3.4,-8.4,-5.0,-4.6,-5.0,-7.6,-1.9,-2.4,2.6,2.7,-1.0,-1.1,0.8,0.3,-1.2,-2.7,-4.9,-7.7,6.4,3.2,-0.2,1.0,-7.1,-1.2,-1.9,-1.1,-3.4,-1.8,-0.4,-3.1,-0.3,-1.2,-6.2,-7.1,-5.0
2C7L51ECUR,0,48.107348,11.634113,4442742.94,2778433.99,535.5,581.1,277,7471,3.9,0.69,0.56,32.68,348.97,-0.53,-0.103,0.842,0.1,0.2,-0.43,0.3,1.9,0.3,-0.3,0.1,-0.5,-1.3,-0.6,-1.8,3.1,-1.4,-0.7,-1.7,4.4,0.9,1.0,-1.1,0.2,-7.8,-1.6,-3.2,0.0,-11.5,-0.1,2.3,4.7,-7.5,-2.3,1.5,-0.7,3.2,-3.2,-7.0,-2.4,-8.9,-8.3,-12.2,-3.3,0.5,2.3,-9.4,5.5,8.4,3.9,2.0,-1.9,-1.1,1.0,-2.6,0.7,-9.9,0.0,-4.7,5.9,2.7,1.6,8.5,0.8,0.2,-1.4,-0.2,-0.4,-0.4,-0.5,-1.4,0.6,2.3,-2.2,1.1,-1.1,-1.0,6.7,1.4,0.5,2.3,2.5,0.3,0.4,-0.6,-0.5,1.0,-2.1,-0.1,-3.3,3.4,-1.5,1.7,-1.9,-0.9,-2.6,1.6,1.8,-1.5,1.5,-2.8,-1.9,-1.5,-8.5,0.5,-11.8,2.3,-13.6,-4.1,4.0,1.6,6.4,-1.0,-16.5,3.8,-0.2,-3.4,-1.0,0.5,-4.2,-0.2,0.7,-1.4,-1.2,-1.0,0.0,-4.0,-1.6,-1.0,-2.6,2.5,1.1,2.6,-0.3,-0.4,0.9,-0.2,3.4,0.7,-3.9,2.1,5.1,7.9,0.8,-0.6,-5.9,-6.0,-7.7,-3.9,0.7,-4.1,0.3,3.6,3.8,2.7,-0.9,5.1,-0.6,1.5,10.6,-1.6,2.6,1.6,2.8,0.9,1.5,0.0,-4.8,-1.2,1.4,-5.6,-12.3,-6.8,-3.6,-6.7,-3.1,0.9,0.8,-3.5,7.3,-11.0,-0.7,0.2,0.8,-1.0,0.1,0.1,2.0,3.0,2.9,-0.4,3.8,1.0,1.1,-0.1,9.8,2.3,4.0,-6.3,-4.9,-4.3,-4.1,-3.8,-3.8,-0.3,-3.8,-5.9,-1.3,-1.2,-10.3,2.0,-0.3,-1.6,-1.1,1.4,1.0,-2.4,0.0
2C7L51ECUi,0,48.107518,11.635433,4442840.85,2778454.96,552.9,598.6,277,7488,3.2,0.75,0.43,32.69,348.97,-0.53,-0.103,0.842,-0.8,0.2,0.09,0.26,0.5,0.2,-0.3,0.6,-0.7,3.7,1.4,1.7,-0.4,0.6,1.3,-0.7,-1.7,-1.7,1.7,-1.7,0.9,0.1,-2.4,1.8,-3.9,-2.0,-3.1,0.7,-4.4,-4.5,0.7,1.2,-2.0,-1.2,5.2,-3.3,-5.1,-10.2,-6.5,-5.7,-6.4,-2.3,-2.5,-1.2,-3.9,-1.6,-5.1,-3.9,-2.2,-6.8,-6.1,-4.0,-2.3,-7.6,-13.0,-3.3,-6.7,-4.6,-3.8,-3.6,-5.2,-4.9,-5.5,-5.8,-4.9,-4.8,-6.4,-5.3,-5.3,-3.7,-5.2,-6.6,-6.6,-4.9,-7.0,-0.3,-3.5,-6.7,-3.9,-6.3,-4.9,-4.6,-5.4,-5.3,-6.1,-7.3,-4.4,-5.7,-4.3,-6.1,-3.4,-5.4,-6.0,-5.3,-5.7,-7.3,2.2,-9.2,-9.5,-10.0,-8.2,-6.4,-4.3,-7.5,-5.5,-3.5,-7.5,-4.0,-3.6,8.9,-1.1,-4.3,-5.0,-4.9,-2.8,-8.2,-4.7,-3.0,-4.2,-3.8,-7.9,-6.7,-8.5,-5.8,-6.7,-5.8,-7.6,-5.8,-3.3,-4.2,-2.8,-1.3,-3.3,-6.4,-4.4,-6.6,-2.7,-1.6,-2.8,-5.8,-3.7,-2.8,-1.5,0.2,-2.4,1.2,-3.5,5.6,-1.2,1.2,4.8,3.0,-0.3,-4.1,-3.3,-6.2,-2.7,-3.6,-3.3,-0.5,-1.9,-5.7,-4.8,-3.1,-4.3,-2.1,-1.3,-1.3,-10.3,-4.1,-7.6,-4.3,-3.2,-2.3,1.3,-2.7,-5.6,-5.6,-4.8,-9.7,-11.1,-9.4,-9.7,-7.1,-10.3,-9.9,-8.3,-10.4,-7.8,-8.5,-10.0,-12.9,-13.3,-11.3,-0.5,-4.8,-4.0,-4.1,-7.4,-13.4,-2.6,-1.3,-1.4,-9.4,-10.8,-6.1,-1.8,-9.1,-6.9,-4.1,-1.9,-10.0,-9.1,-7.3,-8.0
2C7L51ECVT,0,48.107861,11.638112,4443039.54,2778497.57,552.8,598.5,277,7535,2.6,0.84,0.38,32.7,348.97,-0.53,-0.103,0.842,-0.9,0.1,0.43,0.2,0.9,0.2,-0.3,-1.3,-4.6,-1.9,-1.1,-1.4,1.4,-4.1,-1.1,-1.1,-0.7,-1.2,1.8,-1.6,0.0,-0.8,-0.8,-4.0,4.1,-3.3,-0.0,-3.1,0.3,-0.1,0.3,1.2,1.4,0.1,4.4,-0.6,-2.9,7.4,-7.4,-5.3,-5.3,2.5,1.6,1.0,3.1,1.2,1.8,-0.3,2.9,0.3,-0.1,0.5,0.1,0.4,-0.0,-0.9,2.2,1.8,2.0,0.1,2.6,0.9,-0.1,0.8,-0.5,-0.2,1.9,-2.8,-0.5,-1.4,-0.1,-0.6,-1.9,-2.1,-0.1,-0.5,-1.8,-1.9,-1.5,-1.9,-2.7,0.1,0.2,-3.4,-2.6,-3.9,-3.6,-1.7,-3.8,-1.7,-1.0,-2.0,-0.2,0.8,0.7,-2.3,-2.8,-0.9,-1.8,-3.1,-6.7,-3.0,0.5,-1.5,-0.6,0.4,-2.5,-1.1,1.5,-1.6,-1.4,-1.2,-0.3,-1.1,1.7,-0.0,-1.3,0.4,-1.2,1.1,-0.2,-1.5,0.5,-0.1,-2.8,2.0,-0.4,-1.8,-3.0,-3.7,-3.3,-1.9,-0.3,-1.8,-4.0,-5.2,-6.5,-1.3,0.0,0.5,-7.4,-9.3,-13.4,-8.9,-4.8,-1.1,-3.8,-1.7,-2.3,-5.8,-2.8,-13.2,0.4,-2.1,-1.4,-2.5,-3.1,-2.7,-3.3,-4.9,-4.1,-3.6,-1.6,1.9,-2.4,-8.6,-3.9,-7.4,-6.3,-6.1,-8.1,-9.2,0.4,-2.3,-1.5,0.7,-4.4,-1.5,-5.1,-2.9,-1.4,1.3,-3.9,-2.4,0.2,-0.9,-10.9,-7.2,-6.8,-4.0,-8.6,-4.3,-1.5,0.3,-5.9,-4.6,-6.2,-6.9,-4.8,-4.4,-1.3,-1.7,-3.5,-0.4,-4.5,1.7,0.2,-6.1,-1.8,-1.4,0.7,-2.1,-1.1,-7.8,-3.8
2C7L51ETU4,0,48.10583,11.622147,4441855.25,2778245.65,537.6,583.3,278,7260,3.7,0.7,0.44,32.6,348.93,-0.529,-0.103,0.842,-0.4,0.2,-0.37,0.28,2.1,0.2,-0.3,3.5,2.2,-8.2,4.6,-1.7,8.0,-0.3,-1.9,-0.8,1.7,0.2,-3.8,1.0,-1.4,0.9,6.4,0.3,2.2,-1.9,0.6,4.8,-6.4,-2.0,-0.6,-14.9,5.9,-2.8,-4.1,0.5,-2.3,-15.8,-6.0,-9.5,-12.3,-9.8,-4.1,-2.0,-3.1,-9.5,-4.6,-5.9,0.7,-3.3,-3.1,-7.5,-5.6,-1.5,-4.0,-0.5,-2.9,-4.0,-2.5,-1.0,-1.3,-5.6,1.2,-0.4,-2.0,-0.2,-4.1,-0.9,-1.3,0.6,-0.8,-7.1,-2.8,-0.2,-1.6,-11.1,4.5,3.1,-4.6,-0.4,-3.7,-1.7,-4.0,-3.8,-10.5,0.8,-4.0,-0.6,-3.2,-2.0,0.9,-2.4,-11.8,-8.3,0.5,-0.7,-0.6,-2.9,-5.0,-7.2,0.9,-3.2,-1.6,-5.3,-13.7,-0.4,2.2,-3.4,-1.6,-2.3,1.0,-0.2,1.0,0.0,-0.9,-4.5,0.5,-3.0,-1.8,0.7,0.4,0.5,1.8,0.4,-2.2,-0.7,-0.2,0.3,-2.7,8.4,1.8,0.7,-3.2,2.9,-0.2,-2.6,-6.7,-2.0,7.3,-2.7,-4.9,-2.7,-4.9,-4.6,-7.2,-2.0,-1.4,-4.4,1.4,-1.8,-2.5,-6.1,-2.8,-0.6,0.4,-4.2,0.5,-14.5,-2.9,-3.2,-3.2,-3.7,-6.5,0.8,-3.6,-3.1,-2.8,-5.8,-3.7,-6.3,-4.2,-4.8,-0.0,-3.5,-5.8,-3.8,-4.1,-7.1,-6.3,4.8,-4.9,-4.5,0.1,-2.6,-0.2,-4.2,-1.9,0.3,0.5,-2.0,0.3,0.4,-3.5,-0.2,-3.3,-6.9,-6.6,-4.5,-12.1,-6.7,-7.2,-7.9,-8.5,-11.6,-13.8,-9.3,-7.9,2.7,-3.6,-0.6,-4.1,-1.7,-1.9,0.1,-1.8
2C7L51ETWg,0,48.107024,11.631444,4442544.86,2778393.56,540.6,586.3,278,7422,2.5,0.84,0.37,32.67,348.97,-0.53,-0.103,0.842,-0.4,0.1,-0.14,0.19,1.1,0.2,-0.3,-0.7,-1.5,-2.3,0.3,-2.5,-2.0,-1.0,1.0,1.4,-0.1,0.8,-1.3,-1.1,-0.2,-1.3,-0.5,-2.4,-2.6,-3.3,-4.2,-2.9,-1.5,-2.8,-0.7,-1.3,-1.5,-2.3,-1.8,-4.2,-3.2,-8.3,-4.7,-3.6,-3.1,-2.2,-3.2,1.0,0.1,0.7,-0.3,0.0,-0.6,-1.6,-3.7,-1.0,-2.5,-5.2,-1.9,-2.5,-1.8,-1.9,2.8,2.2,2.7,1.6,-0.7,1.6,0.4,1.8,1.0,-0.0,-0.8,-0.9,-9.0,-3.8,-2.8,-0.7,-0.4,0.3,1.4,-1.4,-2.3,-1.3,0.8,-1.3,-4.5,1.0,-7.1,-3.1,-5.7,-5.6,-1.9,-3.3,-1.2,-2.9,-5.7,-1.6,-1.1,-6.1,-3.8,-1.5,-4.9,-5.7,-4.3,-5.2,-3.5,0.2,-2.3,-1.6,-1.3,-3.1,-4.5,-1.9,-2.4,-2.8,-5.2,-2.7,-2.5,-2.6,-2.5,-1.2,-3.9,-0.6,-6.7,-5.0,-2.5,1.1,-4.1,2.2,-5.2,-10.3,-9.9,-3.3,1.5,-0.4,-1.0,3.0,-0.3,-2.1,-5.3,0.6,-1.0,-4.5,-3.6,-5.8,-2.8,-3.7,-7.2,3.3,2.1,-3.0,-4.1,0.3,-1.8,-1.0,-1.1,2.1,3.2,1.4,0.5,0.5,0.5,0.0,3.3,-1.5,-2.7,-4.0,-2.1,-8.5,-5.2,-5.2,-8.2,-2.5,-7.0,-4.2,-1.7,-4.1,0.8,-2.2,2.0,-4.9,-5.8,-6.0,-6.0,-6.4,-4.6,-6.2,-0.6,-3.1,-1.6,0.4,-0.3,-1.4,-3.6,-1.3,1.9,0.7,-0.8,-3.9,-6.9,-4.4,-2.4,-7.9,-2.6,-4.3,-5.0,-2.6,-4.9,-5.5,-4.1,-7.0,-6.0,-5.3,-3.3,-4.3,-3.3,-4.3,-2.6
2C7L51ETXR,0,48.107419,11.634521,4442773.17,2778442.49,562.3,608.0,278,7469,4.7,0.73,0.48,32.68,348.97,-0.53,-0.103,0.842,-0.9,0.2,-0.36,0.36,2.3,0.3,-0.3,-2.4,5.4,-1.2,-21.1,-3.4,1.9,2.3,1.0,0.7,3.6,0.2,2.7,3.5,3.9,0.1,0.7,-1.0,0.7,1.5,-1.5,-5.2,2.7,0.1,3.0,5.5,2.1,-2.8,-18.3,2.1,1.6,-0.5,-1.2,0.0,-1.2,-0.7,1.3,4.3,5.1,4.4,6.8,5.1,1.5,3.7,2.2,3.9,2.3,0.5,-0.2,2.0,5.5,5.6,0.8,3.3,-3.6,-1.3,6.4,1.7,-7.0,-18.1,4.0,0.9,3.8,0.1,-2.3,-0.9,1.4,-16.0,-8.2,-4.0,4.1,-9.9,-11.6,-5.0,-7.7,4.9,-1.2,-2.0,-2.7,-2.0,-20.0,-15.8,-2.4,-1.9,3.3,2.2,2.6,6.9,2.9,0.9,-3.7,2.4,2.1,0.0,1.4,-1.4,6.9,2.4,2.7,1.0,0.8,2.7,5.0,2.6,1.8,4.9,2.5,1.1,2.6,-1.6,2.3,1.0,-6.3,-0.8,0.4,0.0,-0.6,1.0,-0.1,-0.9,-0.2,0.6,-22.5,2.0,-0.5,-1.4,4.6,0.9,2.9,1.5,-1.3,3.9,-1.7,1.7,-0.3,-3.2,3.4,5.9,1.4,-5.0,8.0,1.2,-1.5,0.3,2.5,-1.0,1.1,-1.0,2.7,-3.1,-10.5,-1.4,0.2,-1.3,-3.3,-2.7,0.7,-2.1,-2.4,-5.7,-3.8,-0.0,-6.4,-3.5,-3.8,-1.8,4.7,1.5,4.7,1.7,-3.1,-2.6,-3.6,-5.7,-1.4,-4.0,-7.2,-8.7,-4.9,1.8,-2.5,-4.8,-2.9,-1.7,-5.6,-4.9,-5.5,-4.9,-4.3,-3.4,-3.8,-8.2,-1.3,-21.9,-0.1,4.1,-2.5,-4.5,-1.1,-1.7,-2.8,-0.6,-2.7,-3.6,-2.9,-0.9,-8.7,-4.5,0.1
2C7L51ETXS,0,48.107405,11.634408,4442764.78,2778440.71,552.8,598.5,278,7470,3.6,0.71,0.43,32.68,348.97,-0.53,-0.103,0.842,-1.3,0.2,-0.77,0.28,0.7,0.2,-0.3,-3.0,0.5,-2.8,-0.3,0.5,-2.7,1.4,-0.9,0.6,3.8,-0.2,-1.3,2.1,2.1,-1.0,0.7,-0.2,0.7,4.9,1.3,1.0,1.7,1.0,2.9,6.8,-0.1,2.7,1.6,-0.6,-1.0,-0.8,-4.9,-4.4,-2.8,-0.2,-1.8,2.5,4.6,4.0,-0.5,3.9,-3.1,2.5,-0.9,-8.3,5.0,4.8,2.8,7.3,6.2,0.8,0.4,6.5,10.1,0.8,3.1,-1.6,6.7,6.5,-0.6,3.7,0.5,5.6,2.6,-2.8,-1.7,3.9,6.0,-1.4,-3.4,1.9,2.3,-1.1,-0.7,-3.8,2.3,0.1,-3.0,-2.1,4.2,1.2,1.6,-1.7,1.3,-0.8,3.9,0.0,3.9,4.6,-0.8,-1.6,-0.3,-2.6,1.5,-1.2,2.6,-2.5,5.2,0.8,3.5,1.5,6.7,2.1,4.0,3.3,1.8,3.7,2.3,-1.8,-0.1,-2.3,-6.7,-0.7,-10.5,-4.7,-0.8,-3.6,-9.0,-8.4,-3.3,1.7,-0.7,-1.7,-5.1,-2.3,5.1,1.7,3.0,3.1,-3.3,4.0,3.4,-0.1,4.2,3.0,1.1,2.9,1.4,4.5,3.4,2.7,-2.3,1.8,0.9,2.6,-4.8,3.0,0.1,1.3,0.0,-0.7,2.3,-1.2,-0.3,-1.0,-1.6,7.4,-3.6,-0.9,0.8,0.9,-3.5,-11.9,-10.0,-14.0,5.8,-7.9,-3.3,0.8,0.7,2.6,-3.5,0.3,0.4,-2.6,-4.5,-12.3,-6.5,-1.1,-8.2,-4.7,-10.0,-12.1,-14.3,-3.1,-5.3,-1.1,-2.1,-3.7,-7.0,4.4,-2.2,-4.3,-3.3,-3.1,-4.5,-4.2,-5.1,-4.3,-3.9,-5.7,-5.7,-4.0,-3.8,-1.9,-5.8,-5.6,-5.1
2C7L51ETXi,0,48.10751,11.635225,4442825.37,2778453.72,547.7,593.3,278,7486,3.0,0.8,0.4,32.69,348.97,-0.53,-0.103,0.842,-0.7,0.1,-0.37,0.23,0.9,0.2,-0.3,1.0,-0.2,-0.8,0.0,0.6,1.1,0.0,-2.1,-0.2,-2.2,-1.0,-0.5,-0.7,-2.8,-0.4,1.1,1.4,-0.5,0.4,-1.9,-2.3,0.8,-0.9,1.3,0.8,1.4,0.1,-1.1,-1.2,-1.7,-0.2,-1.7,-0.8,-0.9,-2.7,2.1,2.2,1.9,2.6,1.4,-0.4,1.8,0.7,3.1,0.1,-3.2,-13.8,-4.1,-1.3,-6.9,-3.7,2.5,4.6,11.9,-4.3,-5.5,-10.6,-5.5,-5.6,-9.0,-4.1,2.4,-3.0,6.8,3.2,3.0,4.4,2.4,3.5,-0.6,2.6,-1.0,-3.1,0.0,2.1,4.9,2.8,-1.4,0.3,-1.2,-0.3,-1.4,0.5,-0.3,-1.9,-1.1,0.4,-0.9,2.3,-1.6,-0.7,-7.5,-7.6,-6.0,-6.1,-0.6,-3.5,-2.7,-1.4,-1.5,-2.4,-2.1,-4.5,-3.3,-3.4,-3.5,-2.8,-3.2,-6.0,-3.5,-3.5,-3.8,-3.4,-3.9,-3.8,-3.8,-2.2,-3.1,-4.1,-4.1,-3.3,0.4,0.2,-0.5,-1.3,-0.3,-0.7,-2.4,-3.3,-4.9,-1.8,-0.5,-2.7,0.1,-1.9,-3.3,1.0,-4.5,0.8,-0.6,-3.2,0.5,-5.3,-1.9,-5.0,3.0,-4.8,1.2,2.6,-1.4,1.8,2.4,1.5,0.2,1.3,3.3,3.9,3.1,0.3,0.3,-0.9,-8.3,-3.3,-3.9,-2.8,-1.0,-1.9,3.0,-0.6,0.9,-0.8,-2.8,-8.0,-3.3,-3.5,-3.9,-1.3,0.9,-9.0,-2.2,-3.8,-5.1,-4.7,-4.4,-4.2,-6.4,-7.5,-5.2,-4.9,-5.7,-4.1,-0.9,-12.8,-3.5,-1.2,-4.2,-3.3,-6.3,-6.5,-3.7,-5.2,-4.6,-6.0,-4.3,-3.1,-5.6,-4.9,-3.8
2C7L51ETXn,0,48.107556,11.635587,4442852.18,2778459.46,553.2,598.9,278,7491,2.1,0.89,0.31,32.69,348.97,-0.53,-0.103,0.842,-0.8,0.1,-0.04,0.16,0.7,0.1,-0.3,1.8,2.1,0.6,1.1,1.0,-0.3,0.6,1.0,1.2,-3.1,1.4,2.1,2.4,0.8,-0.1,-0.2,-4.9,-2.2,0.2,-3.9,-2.4,-1.1,-3.4,-2.6,-1.9,-2.0,-0.4,-2.2,-3.5,-2.9,-3.2,-5.7,-7.3,-5.6,-1.0,-2.4,-0.2,1.5,-0.2,-2.3,-1.7,-3.4,1.0,-2.7,-1.4,-3.9,-3.0,-1.2,-1.8,0.3,-1.6,0.2,-0.8,-0.6,0.7,-4.2,-1.5,-1.1,0.1,-1.4,-2.4,-1.0,0.8,0.2,-1.4,-1.9,-0.6,-2.2,-0.3,-1.1,-1.0,-0.6,-1.9,-0.2,-1.5,-1.9,-3.2,-2.7,-6.6,-3.1,-3.8,-2.5,-1.4,-1.0,-2.7,-3.2,-2.0,-2.2,-2.9,-3.2,-2.1,-3.4,-4.7,-5.7,-4.2,-0.4,-1.9,-1.8,-2.6,-2.2,0.5,-2.3,0.9,-3.1,-1.1,-0.2,-0.6,-1.0,-3.7,-2.2,-1.2,-1.4,-1.9,-2.5,-2.5,-3.4,-2.0,-3.1,-2.2,-2.0,-2.3,-0.9,0.4,-0.8,-0.1,0.6,-2.2,-0.6,-2.3,-3.3,-2.1,-2.6,-2.5,-1.4,-4.5,-2.4,-2.4,-5.3,0.6,2.0,-0.3,-3.6,-3.0,-1.1,-1.6,-1.2,-0.2,-1.0,-1.2,-12.5,-1.0,-0.1,-3.7,-3.5,-2.1,-1.2,-2.9,-2.3,-2.4,-3.2,-5.9,-13.5,-7.2,-7.7,-6.2,-4.0,-5.6,1.3,-3.7,-3.6,-3.2,-4.0,-11.8,-4.1,-5.2,-7.4,-4.6,-3.2,-5.2,-3.2,-4.0,-1.7,-5.4,-4.9,-4.8,-6.1,-5.1,-5.4,-7.4,-5.3,-2.3,-3.4,-0.6,-0.2,1.0,-3.0,-1.1,-5.1,-2.7,-3.0,-4.7,-7.7,-6.2,-6.3,-3.2,-6.2,-5.9,-5.0
2C7L51ETXo,0,48.107547,11.635517,4442847.02,2778458.36,547.1,592.8,278,7492,2.8,0.83,0.4,32.69,348.97,-0.53,-0.103,0.842,-0.8,0.1,-0.27,0.21,0.3,0.2,-0.3,-0.9,-1.1,0.9,-0.4,-0.1,1.7,1.5,1.4,0.8,-2.3,1.6,1.3,5.7,-0.9,-3.2,-0.6,-4.8,2.6,-4.4,-2.1,-0.4,-1.6,0.1,-2.7,0.6,-1.1,-0.0,-0.0,-3.1,-2.5,-2.5,-5.1,-5.6,-4.7,-2.8,-1.7,0.5,1.1,-0.2,2.8,-0.4,-2.1,0.3,-2.9,-1.8,-2.5,-0.3,0.4,-1.7,0.1,-1.9,0.4,-1.9,-0.9,0.4,-3.4,-0.8,-1.7,-0.4,-2.1,-2.6,-1.7,0.3,-2.2,-0.5,0.2,-3.3,-1.7,-3.4,-1.4,-2.2,-2.9,-3.2,-1.9,-2.0,-0.8,-1.7,-2.5,-4.5,-3.4,-3.9,-4.2,-2.1,-2.2,-3.8,-2.8,0.4,0.1,-2.2,-2.5,-0.8,-3.6,-2.9,-4.3,-3.0,0.8,-0.9,-1.4,-0.6,-2.9,-0.4,-1.2,1.0,-1.6,1.6,0.9,-1.9,-0.1,-3.7,-1.6,-0.4,-2.3,-1.6,-2.8,-3.8,-1.2,0.7,-4.0,-1.4,-4.3,-0.3,-0.6,-3.1,-1.3,0.5,4.2,2.2,-0.2,-1.9,-4.9,0.5,-2.8,-1.1,-0.9,-5.2,-8.4,-3.5,-5.3,-0.7,-1.7,5.1,-3.7,-3.3,-4.2,-0.9,-1.8,-0.5,0.5,-0.1,-2.9,3.2,0.4,-2.5,-1.6,-3.0,-0.2,-4.5,-1.5,-4.4,-4.1,-4.3,-13.8,-6.2,-7.2,-6.6,-2.9,-3.1,0.7,-1.3,-3.3,-4.6,-2.7,-3.6,-5.5,-3.5,-7.2,-6.0,-3.4,-8.3,-3.1,-3.7,-1.2,1.7,-3.2,-5.0,-4.4,-5.6,-6.8,-7.3,-7.1,6.6,3.3,6.1,3.3,-1.8,-3.6,-3.7,-10.6,3.3,-11.1,-13.5,-8.4,-9.4,-5.0,-2.4,-7.6,-6.8,-6.0
2C7L51ETXp,0,48.107581,11.635786,4442867.01,2778462.63,557.4,603.1,278,7493,3.6,0.71,0.5,32.69,348.97,-0.53,-0.103,0.842,1.4,0.2,0.96,0.29,0.1,0.2,-0.3,-4.6,-4.5,-0.5,-3.5,-1.4,3.3,-1.0,-0.8,0.7,9.7,-1.5,-1.5,0.9,0.3,3.9,2.8,5.2,6.0,3.5,6.0,4.9,1.5,5.2,1.6,4.1,2.2,0.4,5.2,-3.2,-0.3,-4.3,-4.7,-2.0,-4.3,-1.4,1.3,2.9,7.9,2.5,7.5,3.1,6.3,6.7,6.3,5.6,4.1,1.9,3.2,6.9,3.9,4.9,8.3,3.8,4.6,4.2,5.7,3.4,1.6,2.7,3.1,3.4,3.4,2.0,2.1,3.8,-5.6,0.6,1.7,3.4,3.7,0.8,4.9,7.0,3.1,3.8,4.9,2.0,2.8,0.7,5.7,1.4,1.6,3.3,3.2,1.8,5.1,7.1,6.1,4.8,2.5,4.3,14.7,-2.3,1.0,-0.4,5.1,1.8,3.3,3.7,1.7,1.9,1.8,2.5,2.5,4.8,4.0,2.0,4.7,1.9,3.3,3.5,1.4,2.1,-2.5,0.3,1.7,1.6,-2.9,4.2,1.0,3.0,2.5,1.3,5.4,5.9,6.3,4.2,5.2,4.1,1.7,3.7,2.5,3.3,4.5,4.0,2.2,4.6,0.6,6.0,3.4,3.0,1.6,1.6,0.5,5.7,5.1,2.4,4.9,4.0,-1.3,8.8,5.9,5.9,7.0,7.3,7.7,3.2,5.7,5.1,2.6,5.0,-4.4,0.7,-0.6,-1.1,4.2,1.7,10.1,3.4,3.3,7.3,6.7,-4.5,-0.4,9.0,13.1,10.7,3.6,-8.6,6.2,6.9,10.6,8.1,8.2,4.3,5.2,0.0,5.9,17.2,-6.6,8.1,7.2,11.8,14.1,18.0,-0.8,13.5,1.9,12.1,16.6,14.8,14.0,15.9,14.7,10.6,10.6,10.0,10.0
2C7L51ETYT,0,48.10786,11.637959,4443028.17,2778497.21,552.4,598.1,278,7533,3.8,0.66,0.45,32.7,348.97,-0.53,-0.103,0.842,0.0,0.2,-0.97,0.3,2.0,0.3,-0.3,-6.7,-0.2,2.5,0.9,0.7,-0.8,2.3,3.6,3.6,-3.6,1.1,-9.2,5.0,4.2,6.5,3.2,8.7,9.2,4.6,13.2,2.5,9.1,5.9,7.8,11.8,11.7,5.3,9.1,7.2,4.8,4.2,4.5,-1.0,3.2,5.6,6.6,7.0,9.7,5.5,9.2,-0.1,6.0,-0.1,8.6,4.0,5.6,3.4,4.6,2.7,4.2,9.4,11.2,7.7,8.3,3.2,7.9,8.0,4.9,3.9,6.2,5.3,7.1,6.5,5.6,-6.4,7.5,2.5,4.1,5.2,5.0,4.5,2.4,8.4,5.3,6.2,8.7,5.3,3.4,6.8,10.5,7.9,11.2,8.6,8.7,5.3,11.9,8.1,11.5,11.9,9.9,11.9,12.2,14.8,4.4,6.0,15.9,14.7,11.8,14.6,7.3,6.5,7.3,5.2,8.0,10.3,6.5,3.7,9.1,9.5,14.3,-11.3,5.5,4.3,5.3,6.6,4.0,2.4,0.3,10.8,3.6,-2.5,5.0,5.3,8.0,7.5,11.8,9.4,9.4,10.8,9.7,4.5,-2.5,5.8,4.0,1.2,5.7,5.2,7.1,5.3,8.7,5.9,2.9,1.2,-0.3,3.3,6.3,3.9,3.5,3.6,2.8,5.4,4.2,8.2,5.6,3.5,7.1,5.5,6.9,7.0,7.8,5.9,3.9,4.6,5.0,3.9,4.0,11.0,15.7,12.1,5.1,5.6,7.3,-0.6,1.8,3.3,-3.7,2.4,5.5,12.8,7.5,5.1,7.9,8.1,0.5,4.2,6.0,3.4,7.5,3.5,-0.4,14.3,9.4,12.6,5.4,-3.1,4.1,14.8,-4.0,7.2,5.5,4.8,5.2,1.8,2.4,1.8,2.6,4.2,5.9
2C7L51ETTt,0,48.105775,11.621571,4441812.42,2778238.53,542.1,587.8,278,7249,2.5,0.84,0.45,32.6,348.93,-0.529,-0.103,0.842,-0.8,0.1,-0.23,0.2,0.7,0.2,-0.3,1.8,-0.6,3.4,-0.9,-0.5,-2.0,-3.9,-0.2,-0.8,4.3,1.6,-1.9,-4.1,2.0,-5.9,-1.0,-0.3,-0.0,-1.4,-2.5,-0.9,-3.4,-1.6,-1.4,-5.9,-0.9,0.6,-2.3,-1.1,-8.1,2.8,-8.8,-6.9,-4.5,-7.5,-3.9,-3.8,-0.4,3.1,0.0,-0.9,-1.8,5.8,5.6,-7.9,-0.5,-0.8,-5.1,-1.2,1.0,-1.5,0.9,-2.3,-4.3,-1.3,-3.1,-0.6,-0.8,-0.3,1.0,-1.0,-0.7,-3.7,-3.7,0.9,-1.8,-2.0,-6.8,-0.7,2.9,-2.3,0.5,-3.5,1.2,-3.8,-0.9,-7.4,-2.6,-7.7,-3.9,-1.5,-2.8,2.4,-4.4,-6.5,-2.1,-0.5,-7.9,-3.0,-6.9,-4.1,-3.7,-3.2,-0.2,-6.2,-0.8,1.8,-6.1,-3.6,0.7,-1.1,-1.5,0.5,-0.9,-6.8,0.8,-2.9,-4.8,-3.9,-1.4,-0.3,-3.6,-2.5,-3.3,-0.3,-1.6,-3.2,-3.5,-1.6,1.2,-2.1,-0.3,-2.8,-2.0,-2.4,-1.0,-2.6,-3.7,-6.3,-2.9,-1.4,-5.2,-1.1,-0.0,-4.3,0.7,-1.2,-6.8,-0.2,-0.9,-3.0,-0.3,-3.0,-3.9,-0.7,-0.7,-0.2,-3.5,-3.8,-4.5,-1.9,-3.7,-2.1,-2.7,-3.3,-3.1,-0.3,-3.3,-5.6,-6.1,-2.5,-3.1,-0.9,0.2,-1.7,-0.2,-3.8,-6.8,-1.5,0.2,-2.7,-4.9,-5.2,-3.7,-4.6,-4.7,-5.3,-2.1,-12.3,-4.3,-4.0,1.0,-4.2,-6.6,-0.2,-4.7,-6.1,-10.0,-3.2,-3.3,-5.4,-9.6,-1.2,-5.5,-5.0,-4.6,-5.3,-4.3,-4.9,-6.7,-4.1,-4.3,-4.5,-5.5,-4.7,-4.5,-5.4,-7.9
2C7L51ETVC,0,48.10635,11.626051,4442144.81,2778309.84,534.0,579.7,278,7330,1.9,0.91,0.3,32.65,348.97,-0.529,-0.103,0.842,-1.1,0.1,-0.42,0.15,0.4,0.1,-0.3,-0.2,-0.8,-1.5,0.1,1.5,-0.2,-1.1,-2.3,0.7,4.8,2.0,2.2,0.6,2.7,-0.0,-0.1,1.0,2.2,-0.0,-3.8,-2.4,2.3,2.6,0.6,3.5,3.3,4.3,3.4,0.3,-3.1,-9.4,-2.8,-2.6,-0.5,-2.0,-0.6,1.3,1.1,3.9,1.4,1.9,1.4,4.2,1.8,3.7,2.7,1.0,0.5,1.9,0.1,-0.8,-1.0,-0.2,0.3,-0.3,-0.0,1.8,1.9,1.0,1.2,2.9,2.4,-4.9,1.3,7.4,-0.8,1.3,2.2,-0.3,2.8,1.4,2.3,-1.3,0.3,1.4,2.1,1.7,2.7,-0.3,1.3,0.2,0.9,-1.9,-1.1,-0.3,2.1,-0.5,-0.2,-3.2,-0.9,-2.1,-0.1,-1.9,-1.6,-1.3,2.0,2.6,-0.4,0.6,1.3,-1.1,2.3,1.7,2.0,-0.0,0.7,0.2,1.6,0.0,1.3,0.9,1.3,0.8,1.1,1.2,2.1,0.1,-0.5,1.8,2.0,0.6,0.9,1.5,0.9,1.3,3.3,4.1,1.9,-0.9,-1.3,-3.1,-0.9,-0.9,-1.8,-1.7,-4.1,-0.9,-3.6,1.7,1.3,-1.5,-3.2,-2.3,-0.9,-2.6,-3.7,-6.3,-3.5,-1.9,-1.7,-5.5,-0.4,-2.1,-2.5,-2.2,-0.6,0.2,0.1,-0.3,-2.9,-4.4,-2.2,-3.9,-3.7,-3.7,0.9,-3.1,-1.7,-2.6,-0.7,-1.8,-2.4,-1.9,-3.9,-6.0,-4.3,-3.8,-2.5,-4.2,-5.0,-2.9,-4.0,-2.5,-1.0,-3.3,-6.4,-3.6,-1.9,-2.2,-2.3,-2.8,-0.6,-5.2,-4.9,-4.3,-2.7,-1.8,-6.1,-3.2,-4.2,-3.0,-2.1,-4.8,-4.8,-2.9,-2.8,-3.0,-2.6
2C7L51ETVI,0,48.106402,11.62645,4442174.42,2778316.18,538.0,583.7,278,7336,2.7,0.83,0.37,32.65,348.97,-0.53,-0.103,0.842,0.1,0.1,-0.47,0.21,0.7,0.2,-0.3,0.6,-0.2,-0.3,1.1,-2.6,-0.1,-1.2,-1.2,-0.4,10.8,2.2,3.6,-1.6,-2.1,1.5,1.1,-0.0,-2.2,-1.7,-3.6,-5.5,-5.0,-4.2,-0.5,-0.5,3.5,1.2,-1.0,-5.7,-1.2,-5.9,-0.1,-4.8,-2.5,-2.1,0.5,1.7,0.7,2.2,0.4,-0.3,-1.2,0.2,0.2,-1.1,-0.0,-0.8,-3.1,-1.6,0.9,-0.1,0.5,-0.0,1.7,-1.1,3.1,-1.0,2.7,1.2,-0.9,1.0,2.8,4.4,4.1,-0.5,-1.1,0.2,-1.8,1.8,5.1,4.9,3.1,2.7,2.6,2.1,-0.4,-0.9,-1.5,-0.9,3.8,0.9,-1.2,-2.8,1.4,1.9,2.6,4.0,0.7,0.8,-2.0,3.0,-0.6,-5.3,-1.0,-0.8,4.6,-0.8,0.5,-0.4,2.0,0.6,3.0,4.5,5.5,4.6,4.6,4.7,5.2,3.4,-9.7,0.7,0.8,-0.8,-1.7,0.5,1.0,-3.2,-1.6,-1.1,-0.7,1.4,-1.7,-2.1,-2.2,2.5,2.9,2.7,-1.3,-2.5,1.2,-3.9,-2.0,-4.2,-0.8,-2.5,-3.9,-4.6,0.4,2.9,7.5,-0.3,-0.2,-5.3,1.0,3.2,1.5,2.3,2.2,-0.1,3.1,-2.7,3.9,2.9,2.8,1.8,2.9,4.6,2.1,-0.8,0.1,-0.6,-0.4,-1.9,3.5,-1.3,-0.1,0.7,6.4,1.4,5.0,1.8,-1.2,0.5,-0.4,-0.5,-3.1,0.1,2.1,-5.7,-0.0,1.0,3.8,1.5,3.9,3.4,2.0,-1.0,2.3,-1.9,-2.4,-1.3,-1.8,-0.7,-3.2,-3.8,-4.0,1.3,2.3,-1.3,-3.7,2.9,1.8,-0.1,-2.5,5.4,-3.0,0.3,-1.9
2C7L51ETVJ,0,48.1064,11.626439,4442173.6,2778316.01,534.7,580.4,278,7337,1.8,0.93,0.27,32.65,348.97,-0.53,-0.103,0.842,-0.4,0.1,-0.43,0.13,0.5,0.1,-0.3,1.3,-0.1,1.4,1.0,0.6,3.1,-0.6,-0.6,1.0,0.1,1.2,2.5,-1.5,-0.7,1.0,0.0,-0.3,-1.1,-3.0,-2.8,-4.5,-0.1,-0.9,-0.2,2.5,1.2,0.8,0.3,-3.1,-3.5,-14.4,-2.6,-4.9,-2.2,-3.8,-0.4,-0.2,-1.5,1.8,-1.1,1.1,0.4,1.2,0.8,-0.3,1.2,0.3,0.2,-1.0,-1.0,-0.9,-1.2,-0.3,-1.0,-1.4,-0.8,-0.2,0.0,0.5,-0.7,-0.3,-0.6,0.2,-0.7,-1.1,-0.4,-1.6,-1.5,-2.6,-1.2,-2.8,0.7,-0.2,-1.0,1.4,0.7,0.2,0.1,-1.5,0.2,-1.2,-0.7,-0.3,0.1,-2.8,0.4,-1.1,2.6,-1.1,-2.3,-0.8,-2.8,-3.5,-1.6,1.4,3.2,1.8,0.3,0.0,0.7,1.5,0.4,1.1,1.3,1.3,0.6,0.9,-0.2,-0.5,-1.4,-0.6,-0.2,-1.2,-0.1,0.1,0.5,-2.9,-0.4,0.5,-0.3,2.4,-0.1,0.1,-0.7,0.6,0.9,3.1,-0.7,-1.3,0.4,-1.1,-4.1,-2.2,-0.3,-2.4,-1.0,-1.3,0.5,2.4,2.4,-1.2,-1.4,-1.6,-0.9,-0.3,-1.2,-1.8,0.4,-1.4,-0.4,-1.8,2.0,-1.4,-2.8,-0.5,1.3,1.2,0.1,-1.1,-3.4,-2.0,-1.7,-4.0,-2.3,-1.6,0.8,-2.0,-0.4,-0.7,-1.1,1.0,0.2,-3.6,-1.1,0.8,-1.4,-0.8,0.4,-6.0,-0.4,-3.1,-1.4,-3.5,-3.1,-2.7,-3.7,-0.4,-0.7,-3.1,-2.3,-0.6,-1.1,-1.8,-2.3,-5.3,-4.1,-3.4,-3.8,-2.4,-2.2,-0.6,-2.3,-3.9,-3.2,-0.9,-2.5,-2.0,-2.0
2C7L51ETVM,0,48.106429,11.626664,4442190.28,2778319.59,537.7,583.4,278,7340,2.3,0.87,0.39,32.65,348.97,-0.53,-0.103,0.842,-1.6,0.1,-0.27,0.17,1.0,0.1,-0.3,-3.5,-3.1,-2.6,-2.9,-3.5,-2.7,-2.4,-2.0,-2.7,2.3,-2.9,-0.5,-0.6,-2.5,0.0,0.8,0.2,4.2,0.3,3.7,5.9,4.7,0.4,4.9,5.5,6.0,8.5,6.1,-0.1,2.8,-5.8,2.1,-0.1,2.4,2.4,0.1,3.9,6.3,6.2,1.7,-1.1,1.2,2.5,1.5,-1.1,1.0,2.1,4.3,1.8,2.7,2.6,-0.3,-1.7,0.1,1.0,0.1,2.1,-2.2,-0.6,1.1,-0.4,0.0,0.9,-2.2,-0.3,0.2,-3.2,0.1,-4.1,-5.1,2.9,-1.9,-2.9,-4.4,-2.1,-2.1,-1.4,-3.4,-2.1,-0.9,-0.7,-0.6,-2.0,-4.6,-2.3,1.3,2.7,2.1,-4.4,-0.9,0.3,-1.1,-2.4,0.8,-2.0,1.7,3.1,-0.9,0.9,-0.2,0.6,3.0,-0.3,-0.5,0.5,0.4,-1.5,-0.3,-1.2,-3.5,-3.6,-5.1,-4.0,-4.2,-4.8,-4.0,-1.2,-4.1,-1.4,0.1,4.9,-2.4,0.9,0.1,-1.5,0.4,4.7,-1.6,-3.5,-2.3,-2.3,-2.8,-9.8,-2.0,-1.6,-0.9,-3.4,-6.1,-0.4,-0.5,-2.8,-3.4,-2.1,-1.1,-3.3,-2.5,-2.4,-4.5,-3.4,-1.2,-2.2,-2.3,-1.8,-4.3,-3.8,-4.2,-4.0,-3.9,-2.7,-2.1,-1.9,-2.5,-6.3,-6.7,-5.2,-2.8,-2.7,-3.3,-1.9,-2.0,-4.5,-4.0,-5.4,-4.7,-4.7,-5.1,-3.3,-3.8,-6.4,-6.1,-6.6,-5.0,-5.2,-5.9,-5.5,-4.1,-6.5,-5.1,-5.1,-4.7,-7.5,-4.4,-5.6,-5.3,-3.3,-5.7,-4.5,-5.9,-7.5,-4.8,-6.7,-6.6,-8.6,-8.1,-6.0,-7.9,-7.0,-6.5
2C7L51ETVN,0,48.10643,11.626669,4442190.62,2778319.67,535.1,580.8,278,7341,2.1,0.84,0.3,32.65,348.97,-0.53,-0.103,0.842,-1.8,0.1,-1.18,0.19,0.7,0.1,-0.3,-0.2,1.0,0.3,0.8,-0.7,-3.5,0.9,0.2,1.8,4.8,1.5,-1.4,3.7,2.6,2.2,3.8,2.4,4.4,3.2,3.4,2.6,5.9,0.6,3.7,7.0,6.1,6.8,1.8,-0.0,0.4,-8.1,0.3,-1.4,-0.5,-0.7,2.1,3.4,3.1,4.9,2.4,2.4,1.4,6.1,4.4,1.9,2.4,-1.0,-0.3,1.5,0.7,4.2,3.8,5.4,5.9,4.8,6.0,6.0,5.6,6.1,4.2,3.3,4.3,8.7,2.9,1.6,-1.5,2.6,3.5,5.5,6.1,4.9,4.9,2.6,3.1,6.1,5.1,4.7,5.7,5.0,5.6,4.4,6.1,4.1,2.2,2.9,4.7,6.0,7.0,5.2,2.3,2.4,0.0,0.1,3.0,2.5,5.7,3.4,3.5,3.7,4.3,2.8,5.0,4.7,5.4,4.4,5.5,5.5,3.7,4.1,5.8,4.4,3.4,2.2,4.9,5.2,3.0,-0.4,1.7,1.2,1.8,4.5,3.1,4.0,6.6,5.8,6.3,6.0,1.1,-1.3,1.6,0.9,-1.3,-6.6,-1.7,-1.7,-2.0,-3.0,-6.7,0.6,0.9,-1.9,-1.2,-1.3,0.5,-2.6,-2.4,0.9,-4.6,-1.0,-0.4,-1.6,-0.2,-0.4,-2.1,-1.1,-2.3,-2.2,-1.5,-1.3,-1.7,-1.7,-0.4,-2.8,-2.0,-4.1,-1.4,-0.7,-2.3,-1.8,-1.1,-2.2,-3.4,-4.0,-2.9,-3.8,-4.5,-4.5,-2.9,-8.5,-4.9,-3.2,-2.8,-3.2,-4.6,-3.6,-2.7,-6.2,-2.2,-2.2,-4.9,-4.4,-3.5,-3.9,-4.3,-4.7,-4.4,-3.2,-4.6,-7.1,-4.1,-3.0,-3.5,-4.9,-4.5,-4.0,-4.2,-3.4,-4.0
2C7L51ETVP,0,48.106457,11.626878,4442206.15,2778322.99,538.5,584.2,278,7343,3.4,0.76,0.46,32.65,348.97,-0.53,-0.103,0.842,-0.1,0.2,-0.7,0.26,0.1,0.2,-0.3,-1.5,-0.8,0.3,-1.7,-0.9,-2.1,2.1,-0.5,-0.2,5.4,0.9,-0.7,2.3,2.0,-0.0,0.9,2.4,3.6,3.1,-0.5,-2.0,1.1,-0.1,0.2,3.5,4.5,3.7,-0.6,7.0,-1.5,-11.1,-3.0,-4.4,-2.3,-2.5,2.3,3.5,0.7,4.1,2.8,-1.1,2.2,5.3,-1.5,-1.6,0.3,1.0,0.8,2.2,4.6,4.4,5.7,3.6,5.4,3.1,5.7,6.9,4.2,4.5,1.0,4.1,5.9,2.5,5.3,7.9,6.7,-5.1,2.3,-0.2,3.4,-4.2,3.5,-6.0,3.5,3.7,7.8,7.1,3.6,1.7,-0.2,2.8,-0.5,0.3,3.9,3.0,2.7,4.7,4.8,7.6,2.2,1.7,3.3,1.9,4.1,2.3,5.3,3.2,-1.0,2.2,4.7,3.2,2.5,4.1,4.2,0.8,5.1,-0.1,9.0,8.1,-1.9,-0.7,0.8,1.2,0.7,-0.0,-0.5,0.5,0.3,3.0,-0.3,-2.8,-1.0,5.3,4.5,7.9,5.8,-5.6,1.4,-2.0,-7.6,1.5,7.6,0.6,3.7,-2.4,5.8,6.2,1.2,0.4,-10.2,5.9,3.4,2.5,0.7,0.6,3.5,-0.1,5.5,2.9,7.3,-13.0,7.4,0.8,3.7,8.5,4.4,2.7,5.5,3.8,1.7,2.2,3.9,1.5,2.8,0.6,0.7,3.8,1.5,2.5,5.0,1.4,1.4,5.5,1.2,6.5,1.3,-3.2,-4.7,-5.5,3.4,-0.1,1.3,2.4,0.2,-0.7,1.0,-9.5,2.4,1.8,1.9,1.9,0.4,2.7,-2.2,-0.2,2.6,3.9,3.6,0.9,-0.2,-0.6,0.1,1.1,-2.3,3.8,2.2,-0.8,0.9
2C7L51ETX2,0,48.107209,11.63274,4442640.99,2778416.25,543.9,589.6,278,7444,2.4,0.88,0.34,32.68,348.97,-0.53,-0.103,0.842,-0.6,0.1,0.05,0.19,0.5,0.2,-0.3,-0.8,-1.1,1.1,0.4,-1.0,-1.2,0.5,3.7,0.7,-3.4,2.3,-1.1,0.0,2.2,0.5,1.3,-1.9,1.9,-1.1,0.9,-2.0,0.6,-2.8,3.8,1.5,4.0,3.5,0.6,-0.3,0.7,-2.4,-3.0,-2.9,-2.1,-2.4,1.2,1.0,3.8,1.6,4.4,1.9,-0.4,1.3,-0.2,0.9,0.3,-5.3,-1.2,0.4,0.6,0.6,0.0,-0.4,1.5,-0.1,-1.9,-3.4,0.5,-1.7,-2.4,-1.8,-0.6,-2.8,-2.3,-3.1,-5.2,-2.0,-2.4,1.5,-1.9,-1.0,-1.4,-1.7,0.2,1.6,2.2,2.3,0.4,1.4,-0.3,-0.6,-1.1,-0.0,-1.4,-0.3,0.3,-0.0,1.6,1.4,1.0,-2.7,0.1,-4.1,-1.4,-0.5,-1.2,0.2,1.0,0.3,-1.0,0.5,-0.3,1.8,-0.4,1.4,-0.8,0.4,-1.0,-0.1,-0.9,1.3,0.9,2.4,-1.0,-1.1,-3.1,-2.7,-2.0,-1.0,-2.5,-1.7,-0.1,-1.9,-2.0,-0.9,4.4,-2.7,1.1,0.0,-4.1,-1.7,-0.6,-2.2,-0.2,-1.3,-0.8,-0.6,-4.7,1.1,0.8,-1.4,-3.9,-1.4,-1.8,0.9,1.0,-1.8,-3.4,-0.7,-2.3,2.4,0.6,-1.6,-1.2,-0.6,-1.4,-3.1,-3.8,-3.9,-1.2,-2.0,-4.7,0.2,-3.6,-2.9,-0.7,1.5,3.5,-2.3,0.9,0.2,-1.9,-6.8,-4.1,-4.5,-1.9,-2.4,-1.3,0.8,-2.0,-0.1,-0.9,-15.8,-5.1,-1.2,-1.1,-5.9,-3.7,-2.2,-1.8,-15.1,-2.5,-10.7,0.6,8.0,-1.2,1.5,-2.2,-3.5,-0.5,-4.2,-2.5,-1.5,-1.5,-1.0,-1.7,0.3,0.2
2C7L51ETX3,0,48.10725,11.63306,4442664.72,2778421.31,556.7,602.4,278,7445,3.7,0.73,0.41,32.68,348.97,-0.53,-0.103,0.842,-0.2,0.2,-0.22,0.28,1.3,0.2,-0.3,0.2,-3.6,2.4,1.1,-1.1,-1.4,-1.0,11.5,2.9,1.3,8.1,-2.5,1.3,5.9,5.2,5.2,2.2,3.5,0.8,0.6,0.7,0.6,1.5,3.5,3.7,4.2,1.1,2.3,2.6,1.1,-1.0,-2.9,-1.5,-1.1,-0.4,2.7,3.6,6.5,4.0,5.8,3.8,0.3,3.4,-2.6,2.9,1.6,-2.9,-1.1,0.6,3.9,1.5,3.7,2.4,6.8,1.7,2.2,-0.8,2.5,2.1,-1.2,1.8,1.3,-5.7,1.0,-4.2,-2.0,1.7,-1.9,4.0,4.8,-1.3,8.6,0.1,15.7,9.5,4.7,9.5,3.4,2.4,3.3,1.8,1.6,3.2,0.9,1.7,2.3,5.1,5.2,5.9,3.5,-0.5,1.2,-0.7,0.4,3.3,4.3,4.1,3.7,5.3,2.6,2.7,4.3,6.8,4.7,5.5,1.4,2.6,-2.1,1.7,3.1,13.3,5.2,6.5,4.7,3.5,-4.2,-2.4,0.1,-3.9,-2.7,-1.9,-0.2,-0.7,-2.2,-1.8,15.2,1.3,1.7,1.6,-2.0,-3.0,-2.9,0.2,2.0,-1.5,-0.7,-0.4,1.3,7.5,3.6,-4.4,-0.8,2.7,-4.5,-1.6,2.3,-4.6,-0.9,1.3,0.5,5.4,4.0,4.7,6.6,6.7,4.7,9.0,9.1,1.5,5.0,0.9,-1.9,6.3,3.0,-1.3,2.4,2.8,5.3,4.1,5.0,2.0,1.8,-2.9,-1.9,-3.3,-5.1,-7.7,-3.5,2.1,-5.8,-2.6,-3.9,-3.2,-4.4,-0.4,-0.9,18.4,-1.4,1.5,-0.4,0.7,5.1,4.5,4.4,4.4,1.6,3.3,0.8,0.7,2.5,-3.0,-0.5,-0.4,0.7,-0.0,-0.7,3.7,1.8
2C7L51ETXe,0,48.1075,11.635009,4442809.3,2778452.34,548.5,594.2,278,7482,2.4,0.86,0.43,32.69,348.97,-0.53,-0.103,0.842,-0.6,0.1,-0.24,0.18,1.0,0.2,-0.3,-1.5,-3.3,-0.9,0.1,-1.7,1.7,-1.0,-2.5,-1.2,-3.5,-1.1,2.0,-1.4,-0.5,-0.6,-0.2,-3.6,-4.0,-4.5,-4.0,-6.7,-2.4,-2.8,-1.0,0.0,-1.6,-2.8,-3.9,-3.4,-3.7,0.9,-5.5,-1.7,-3.3,-5.8,-0.1,-3.1,-4.0,0.2,-2.6,-0.5,-1.0,-3.7,-1.6,-4.7,-1.1,-1.9,-2.4,2.8,1.9,1.2,1.1,0.6,0.9,-0.0,-0.6,-1.7,0.7,0.3,-0.1,-0.8,-0.1,0.5,-2.0,-0.6,1.0,-0.7,-7.1,-1.7,-1.5,-1.6,-2.3,-2.4,-1.8,-3.5,-3.8,-2.2,-0.9,-3.0,-3.6,-3.2,-4.0,-3.0,-3.4,-2.7,-0.7,-0.9,-1.3,-3.0,-1.8,-3.7,-3.9,-7.2,-3.2,-3.9,-0.0,-0.7,-1.0,-0.8,-3.4,-3.1,-1.8,-1.9,-1.8,-0.7,-3.6,-3.7,-6.7,-2.4,-4.1,-2.2,-2.5,-4.4,-2.1,-3.6,-4.3,-4.8,-3.3,1.3,-5.7,-3.7,-1.7,-3.2,-0.3,-1.1,4.5,-5.0,-2.2,-4.1,-7.4,-7.8,-2.8,-9.7,-0.5,-6.7,-7.5,-3.7,-5.0,-0.8,-1.4,3.2,-4.3,-3.7,-3.8,-2.9,-3.7,-3.4,-2.4,-2.8,-1.9,-2.1,-0.7,-2.0,-0.2,-0.2,-1.2,-4.8,-2.6,-5.4,-7.0,-7.5,-7.5,-2.7,-4.7,-3.1,-1.5,0.3,-0.0,1.4,-2.5,0.9,-7.8,-4.2,-0.7,2.7,-4.6,-2.0,-2.5,-4.2,-2.4,-5.2,6.9,6.6,1.3,-6.9,-4.7,-7.8,-5.0,-4.2,-5.8,-6.7,-4.6,-7.0,-3.4,-6.0,-3.4,-3.6,-4.3,-4.5,-5.5,-4.8,-6.1,-5.0,-10.0,-6.2,-7.0,-7.0,-6.0
2C7L51ETXh,0,48.107541,11.63533,4442833.12,2778457.43,557.6,603.3,278,7485,3.7,0.74,0.44,32.69,348.97,-0.53,-0.103,0.842,-1.9,0.2,0.49,0.28,0.5,0.2,-0.3,-1.7,-4.4,-0.1,-1.6,-1.7,-2.2,-0.2,1.6,0.8,-3.1,-1.3,-0.9,-4.2,-3.4,-1.1,-1.6,1.0,1.6,-1.8,-0.5,-1.2,1.7,-1.3,-1.2,2.8,-0.9,-0.4,2.6,-1.1,-2.4,-0.0,-1.7,1.4,-2.6,-4.2,3.6,2.6,1.6,2.0,1.1,0.7,-2.4,-0.3,-0.6,0.7,-1.1,-2.3,-0.9,-2.1,-0.4,-2.0,-0.6,0.0,0.4,0.4,-5.4,-3.8,-4.9,-3.4,-4.3,-7.5,-3.6,-7.9,1.1,-1.2,0.0,-2.7,-3.7,0.4,-0.3,0.3,1.4,0.8,2.2,4.9,5.2,-5.5,-4.0,-1.6,1.7,-2.9,-2.1,-2.7,-2.3,-3.1,2.6,-2.2,0.7,-18.2,3.0,-1.2,-8.1,-7.7,-9.3,-3.8,1.2,0.1,-14.2,5.7,-2.4,0.6,-1.3,2.5,-2.0,2.3,0.9,-3.4,-3.0,-0.6,-6.7,-3.1,-3.6,-7.6,-3.5,-3.3,-1.6,-6.0,-4.4,-2.5,-2.2,-6.3,-0.9,-3.8,-4.1,-16.9,-9.5,-4.5,-6.7,-12.6,-11.9,-9.4,-15.7,-3.9,-12.2,-13.9,-12.4,-10.9,-5.4,-4.1,-5.2,-3.4,-3.4,-3.7,-7.1,-3.6,-5.3,-5.2,-5.0,-5.7,-8.9,-6.0,-4.7,-7.0,-21.1,3.7,-4.0,-6.0,-5.6,-6.4,-6.7,-11.2,-14.0,-6.4,-5.6,-6.8,-6.4,-3.0,0.6,-3.7,0.1,-2.7,-20.4,-12.7,-3.7,-8.5,-7.6,-9.4,-7.3,-1.5,-6.9,-8.6,-6.9,-7.9,-8.9,-7.2,-7.3,-4.1,-7.8,-6.9,-11.1,-12.9,-9.5,-11.9,-10.0,-9.0,-7.7,-6.0,-6.7,-5.6,-5.9,-6.4,-7.6,-8.6,-7.2,-8.7,-8.5,-8.9,-8.8
2C7L51ETU1,0,48.105847,11.621992,4441843.61,2778247.29,539.7,585.4,278,7257,2.7,0.76,0.4,32.6,348.93,-0.529,-0.103,0.842,-0.8,0.1,0.05,0.22,2.4,0.2,-0.3,-2.4,0.5,-4.4,-1.1,-0.0,0.8,-2.4,-2.2,-2.0,-2.7,1.5,1.2,-2.5,-1.1,-0.0,-1.3,-3.9,-3.8,-7.7,-5.3,-5.9,-6.4,-5.3,-1.4,-5.9,-2.8,-3.0,-3.6,-8.3,-16.2,5.1,-13.9,-9.7,-7.9,-9.9,-10.4,-11.6,-0.1,-10.3,-0.1,-5.1,-6.0,-6.2,-6.0,-6.4,-5.6,-7.7,-7.6,-4.0,-6.7,-8.1,-1.2,-3.3,-4.3,-3.4,-3.0,-4.5,-4.3,-2.6,-3.4,-6.5,-5.0,-5.4,-1.3,-2.5,-5.3,-9.9,-5.1,-6.3,-6.3,-3.2,-4.7,-4.4,-1.5,-4.3,-4.8,-4.9,-5.3,-5.9,-10.7,-6.6,-4.8,-8.7,-9.5,-5.6,-6.7,-11.4,-18.0,-7.8,-12.2,-7.7,-10.5,-11.2,-5.3,-5.5,-5.3,-7.4,-13.2,-8.0,-5.3,-6.8,-10.5,-10.3,-1.6,-9.3,-5.2,-5.7,-4.9,-2.8,-2.6,-5.2,-3.4,-3.3,-4.7,-6.6,-3.1,-6.0,-5.7,-5.2,-3.8,-5.0,-2.4,-6.4,-5.0,-5.2,-3.9,-6.4,-5.8,-12.8,-7.9,-8.1,-6.6,-6.8,-8.1,-10.7,-10.7,-5.6,-13.7,-3.3,-4.4,-2.9,-6.0,-5.9,-4.6,-5.0,-3.6,-2.8,-3.7,-1.4,-1.5,-0.7,-3.5,-2.8,-4.5,-4.9,-6.4,-4.8,-9.4,-5.7,-7.9,-10.0,-8.9,-3.6,-6.1,-6.2,-6.5,-6.2,-7.7,-2.8,-8.3,-7.9,-5.4,-3.1,-3.5,-6.1,-4.1,-6.6,-4.4,-11.1,-5.2,-3.8,-6.4,-7.0,-15.1,-7.5,-10.1,-3.7,-11.9,-12.1,-9.5,-9.5,-11.1,-12.1,-11.9,-14.1,-10.4,-8.9,-9.3,-7.9,-14.3,-11.0,-8.8,-8.3,-8.4,-2.9,-5.0,-6.3,-4.5
2C7L51ETVE,0,48.106388,11.6262,4442155.83,2778314.27,536.0,581.7,278,7332,2.3,0.88,0.33,32.65,348.97,-0.529,-0.103,0.842,-1.3,0.1,-0.17,0.17,0.5,0.1,-0.3,3.0,0.6,2.1,0.5,1.4,-8.0,1.0,-2.3,-1.0,-6.4,-0.0,-5.6,0.4,0.5,-1.8,-3.5,-1.3,5.7,0.7,0.9,-1.3,-0.9,1.9,1.9,3.6,0.9,2.2,0.3,-1.6,-0.7,-11.4,-3.9,-0.9,-0.3,-1.5,-1.9,0.2,2.5,5.0,3.6,0.7,0.5,2.6,1.9,-0.0,0.9,-5.7,-5.0,-2.2,-3.3,0.1,-2.5,-0.2,-1.1,-2.6,-0.2,-1.3,0.1,0.1,-0.5,-0.4,-2.1,-2.8,0.2,-3.3,-4.1,-1.9,-2.6,-1.4,-1.0,-2.9,1.7,-3.3,-2.4,-1.0,-2.0,-0.2,-1.3,-2.3,-4.5,-3.3,-1.2,-1.9,-2.6,-2.6,-5.1,-0.1,-1.5,-4.0,-4.6,-2.2,-2.6,-5.9,-3.0,-3.3,-0.6,-2.0,-2.2,-1.6,-0.6,-1.0,-1.1,-1.5,-0.7,-1.3,-1.0,-1.2,-1.3,-1.3,1.0,-2.1,-1.2,-2.3,-0.3,-1.5,-1.5,-4.6,-0.8,-0.2,-0.7,-5.5,-1.6,-0.8,-0.6,-0.4,-1.0,-4.5,-1.0,-2.9,-3.1,-3.4,-4.4,4.0,-3.4,-3.9,-5.0,-5.4,-8.4,-1.8,-1.4,-4.0,-5.1,-4.2,-4.6,-2.6,-0.6,-4.4,-2.7,-3.8,-1.3,-2.5,1.1,-2.8,-4.4,-3.3,-2.2,-3.9,-2.8,-4.8,-4.9,-4.6,-7.4,-5.9,-7.2,-5.2,-4.0,-4.6,-5.5,-4.0,-5.7,-6.5,-6.2,-7.2,-3.7,-5.3,-10.0,-4.5,-6.0,5.1,-5.2,-6.4,-5.8,-7.2,-7.3,-5.0,-4.2,-8.5,-5.4,-6.5,-6.8,-6.3,-6.9,-6.9,-6.3,-8.4,-7.8,-8.6,-6.6,-8.1,-4.0,-3.8,-4.5,-6.3,-4.7,-4.0,-6.6,-6.0,-4.6
2C7L51ETX1,0,48.107212,11.632618,4442631.93,2778416.38,541.0,586.7,278,7443,3.4,0.76,0.43,32.68,348.97,-0.53,-0.103,0.842,-0.6,0.2,-0.43,0.26,0.8,0.2,-0.3,-2.0,-1.7,0.2,-1.4,-1.5,0.9,-0.4,-1.2,-0.9,0.5,-1.1,2.6,-5.0,-3.8,-4.2,-5.3,-5.0,3.9,0.3,4.6,-0.9,2.3,-3.0,5.3,7.2,4.0,3.6,-0.4,0.0,-0.4,-1.4,-1.1,-3.9,-1.2,-4.8,1.1,-0.7,-0.7,0.6,1.2,-1.1,0.6,-2.8,3.5,-0.6,1.5,0.2,1.3,0.4,-1.6,-4.0,-3.7,-8.3,-3.4,1.8,0.9,0.7,1.6,-2.6,-0.4,-3.1,-2.7,-0.1,-3.6,0.2,-1.0,1.7,-0.7,-1.0,0.4,1.4,0.3,2.6,2.6,1.2,-0.9,1.8,2.4,3.5,-0.1,2.5,-0.5,0.8,-1.3,0.5,-3.2,-0.9,-2.8,-2.7,1.6,-1.4,0.7,-17.4,-2.7,-3.5,-1.2,1.2,1.6,-4.2,-13.0,7.5,-1.7,-1.5,-1.6,-2.6,-2.4,-1.8,-3.3,1.3,-2.7,2.1,6.3,6.7,5.0,5.2,1.7,-4.1,-0.2,-0.7,-1.6,2.2,1.0,2.5,-1.2,-0.1,-1.2,-0.9,0.8,-0.8,-5.6,-2.0,2.6,2.4,-2.2,-7.1,-4.6,-2.6,-1.6,-3.4,0.9,-1.7,-1.9,-3.5,4.3,4.3,5.7,8.8,4.1,6.0,-0.3,-4.7,-1.9,-6.5,-5.4,-0.5,-1.7,-5.9,-6.5,-4.9,-5.7,-6.6,-8.1,0.6,-7.4,-3.5,-1.0,3.7,0.5,-3.7,1.1,-0.4,-1.6,-6.9,-1.1,-3.5,-8.7,-1.2,0.7,-6.5,-0.9,-0.9,2.1,5.7,0.3,0.1,-0.2,-4.3,-3.0,-3.3,-5.8,-9.6,-10.2,-4.5,-1.1,-1.2,-2.3,-2.0,-2.3,-4.1,2.8,-1.2,-2.8,-1.4,-4.3,-2.9,-6.0,-7.1,-2.9
2C7L51ETX4,0,48.107275,11.633108,4442668.23,2778424.13,556.5,602.2,278,7446,3.1,0.8,0.44,32.68,348.97,-0.53,-0.103,0.842,-0.7,0.2,-0.09,0.24,0.2,0.2,-0.3,0.0,-2.1,-0.4,-1.1,-1.1,-1.7,-2.1,2.3,-0.0,-0.4,0.6,2.0,-0.0,-0.0,3.8,2.7,-0.5,1.4,-5.5,-4.2,-3.0,0.4,-0.7,-0.2,-0.2,-3.0,-4.4,-3.0,-0.9,-2.0,-2.5,-3.1,-0.9,-3.1,-0.0,-0.9,0.9,3.7,-3.6,2.7,-0.1,-0.6,-0.4,-7.0,1.9,-1.2,0.1,-1.1,-1.2,1.2,-1.2,6.0,1.1,3.6,0.3,-1.6,0.5,-0.9,3.6,-0.8,-2.9,-1.6,-5.8,-2.3,-4.8,-1.4,-1.6,0.0,-2.3,-1.7,-2.8,-1.8,-2.3,-3.9,3.9,-1.0,3.3,-0.2,-4.1,-4.2,-4.4,-6.0,-3.8,-4.0,-3.8,-6.0,-3.1,-0.6,-5.5,-6.5,-5.1,-3.4,-0.9,0.8,0.9,4.7,2.1,0.3,2.2,1.4,-4.3,1.2,4.1,0.7,4.2,2.1,-0.3,-18.7,-4.6,-2.7,-3.9,3.1,-2.6,1.4,3.3,-0.2,-3.9,-2.6,-0.5,-2.4,-0.3,-1.4,0.9,2.0,3.9,-8.7,0.7,-1.2,-5.0,-6.4,-5.0,-4.6,-0.6,-3.7,-6.3,-4.1,-5.5,-3.8,-4.9,-0.2,-8.6,-3.8,-1.8,-6.5,-2.3,-3.9,-12.1,-3.1,-1.4,-4.9,-0.3,1.5,-1.2,-1.0,0.6,-0.6,-1.4,-0.2,2.1,-0.2,1.2,-3.4,-1.7,-5.0,-0.6,-0.5,-2.0,3.9,3.5,0.0,-2.0,-2.1,-8.0,-2.8,-4.2,-3.7,-2.6,-2.6,-7.9,-8.7,-3.1,-6.4,-7.3,-1.4,-3.1,-0.0,-2.8,-3.7,-1.2,-4.8,-5.0,-2.7,-5.5,-0.8,-0.7,-0.3,-1.0,-6.6,-3.1,-4.1,-5.6,-15.4,-6.2,-4.6,-7.8,-3.3,-0.9,-3.9
2C7L51ETXy,0,48.107635,11.635916,4442876.5,2778468.85,537.2,582.9,278,7502,2.8,0.79,0.43,32.69,348.97,-0.53,-0.103,0.842,-0.5,0.1,-0.25,0.21,2.4,0.2,-0.3,-0.8,1.6,1.0,2.9,0.5,3.5,0.9,3.9,2.9,-11.1,3.4,4.5,1.9,-0.2,-1.1,-0.9,-3.3,-0.4,-3.4,-0.8,-3.5,-4.2,-5.6,-2.3,-3.8,-2.1,-3.2,2.5,-2.0,-4.0,-4.8,-8.8,-5.3,-5.1,-3.2,-3.5,-2.3,-0.5,-1.1,-2.6,-3.7,-2.6,-3.9,-1.8,-2.1,-3.8,-2.5,-4.3,-1.8,-3.2,-0.1,1.9,-0.5,2.1,2.0,1.0,0.9,1.7,4.0,1.9,1.8,2.7,2.1,2.5,-2.7,2.0,-0.6,5.7,4.5,-0.3,3.2,-2.8,-0.8,-1.2,-2.1,2.7,3.3,-0.5,-0.5,-6.4,-0.1,-3.7,-0.3,-1.5,-3.1,1.9,1.4,-1.5,2.5,-2.7,0.7,0.4,-2.9,-8.1,-1.3,-5.6,4.4,-6.3,0.5,-2.5,-3.4,-6.7,-0.5,-6.3,-0.4,0.4,-1.4,-1.8,-1.3,-3.3,-0.1,-0.8,0.5,-0.6,1.4,3.1,-2.5,0.2,4.2,2.0,1.1,2.1,2.3,1.4,2.1,4.3,-0.9,-2.5,-2.5,-8.0,-3.8,1.2,-0.4,0.9,-3.2,-20.3,-4.8,-8.6,-6.3,1.4,-9.6,-3.6,-7.7,-6.0,-4.3,-2.1,-0.9,0.7,-0.1,3.8,0.6,-1.7,-2.1,0.7,0.2,3.0,3.8,-3.2,-2.7,-0.0,-3.5,-11.3,-4.8,-7.5,-5.6,-2.5,-2.5,-0.2,-3.0,-3.5,-3.9,-2.6,-2.8,-2.7,-2.3,-2.6,-2.2,-0.4,-0.3,-1.1,-1.4,-1.0,-1.6,-2.8,-4.3,-4.1,-4.9,-4.2,-4.0,-4.5,-4.2,-3.5,-3.4,-2.1,-3.3,-6.7,-1.2,-4.3,-3.3,-0.7,-5.6,-4.8,-2.5,-2.5,-2.1,-1.3,-1.1,-1.6
2C7L51ETXz,0,48.10765,11.63603,4442885.01,2778470.67,539.7,585.4,278,7503,2.6,0.81,0.45,32.69,348.97,-0.53,-0.103,0.842,-0.8,0.1,-0.68,0.2,1.9,0.2,-0.3,-0.3,0.1,-1.5,1.6,-0.6,3.7,-1.9,1.3,0.4,2.1,-0.6,3.9,-1.5,-2.3,-2.4,-2.6,-5.0,-2.2,-4.5,2.3,-1.5,-4.2,-5.7,3.4,-12.5,1.9,1.0,2.5,-1.2,-3.5,-4.0,-9.1,-3.6,-4.9,-3.1,-0.5,-2.8,0.6,-0.9,0.8,-4.1,-1.7,-1.7,-1.7,0.2,-2.8,2.1,-6.6,-2.5,-0.2,-0.9,0.5,-0.5,0.6,0.8,-1.5,-1.3,-1.1,1.6,2.9,-1.5,-0.3,1.4,0.5,0.1,0.9,0.0,-0.4,2.2,0.6,2.0,-0.6,2.8,1.8,2.7,3.0,1.6,0.5,0.5,-4.2,-2.0,0.3,-1.1,-1.9,-1.0,-1.9,0.7,-1.0,1.8,-0.8,-3.6,-3.8,-3.8,-4.7,-3.5,1.3,-1.3,-1.0,-2.2,-4.2,-4.3,-3.3,-1.3,-3.1,-1.3,-3.2,-1.2,-1.8,-0.2,-0.0,2.7,-0.1,2.2,-0.9,0.2,1.1,1.1,-0.4,2.8,0.5,1.3,-1.0,-0.8,-0.1,1.8,-0.4,2.7,-0.2,-1.2,-5.4,-2.3,3.4,-4.2,-7.0,-8.3,-3.1,-2.7,-8.2,-2.7,1.3,-1.7,-1.9,-2.2,2.3,-4.9,-5.4,-7.7,8.7,0.7,0.8,1.7,-3.2,-4.8,-2.4,0.9,0.2,-1.3,-2.8,-4.5,-16.3,-5.5,-11.1,-3.5,-6.6,-10.0,-3.1,-2.4,3.6,-4.0,0.3,0.2,-0.5,-2.9,-1.5,-1.0,-3.7,-1.6,-0.8,-1.0,-1.0,-1.9,-3.7,-4.0,-4.9,-3.7,-3.4,-3.6,-6.2,-4.7,-4.9,-9.1,-9.4,-9.3,-3.3,-4.8,-5.0,-1.6,-6.7,-6.4,-4.2,-6.9,-4.8,-4.3,-3.1,-4.0,-3.6,-3.7,-4.5
2C7L51ETV1,0,48.106319,11.625518,4442105.14,2778305.46,540.6,586.3,278,7319,3.5,0.72,0.44,32.64,348.97,-0.529,-0.103,0.842,-0.8,0.2,-0.79,0.27,2.0,0.2,-0.3,-5.1,-0.0,4.6,0.2,-0.5,-2.4,1.0,-1.6,0.3,-3.6,3.0,1.0,2.5,2.4,3.4,2.6,5.5,3.9,7.0,3.4,3.8,4.1,2.5,3.8,7.9,4.8,7.3,3.8,1.8,1.6,15.6,1.1,-1.0,2.7,4.2,7.2,9.6,4.6,10.7,4.8,8.5,-1.3,7.3,6.4,4.9,5.3,-5.9,-2.0,3.9,4.5,0.1,0.3,4.3,-2.6,4.9,2.1,3.0,3.9,0.3,7.0,-1.2,1.0,9.5,-1.8,1.7,1.8,13.5,5.6,-2.3,3.3,10.9,5.4,3.2,3.3,4.7,4.5,4.8,5.7,3.6,6.6,4.7,5.7,2.4,1.4,3.2,9.5,17.2,6.6,3.3,3.3,3.0,0.3,-1.5,0.1,1.5,3.2,-1.5,3.9,3.3,5.7,0.5,5.6,-0.0,4.8,5.5,2.7,-2.2,4.1,2.4,4.9,0.6,2.7,3.1,2.0,3.6,-0.3,0.5,0.7,3.4,2.8,4.4,-0.2,-1.4,1.6,-0.5,-3.7,4.0,5.8,4.9,3.8,2.4,2.7,8.3,6.0,5.3,3.2,3.0,3.5,4.8,3.9,6.2,1.9,-0.5,-1.6,1.7,-0.1,1.7,0.2,2.1,-0.3,4.4,3.6,2.0,-1.7,2.5,4.1,3.5,2.8,3.1,2.5,2.5,4.7,0.7,6.8,2.4,4.6,-4.4,8.8,1.7,-5.4,15.2,-1.2,0.5,-1.6,-2.2,-2.4,-8.4,-1.5,-2.3,-3.8,-4.0,-2.7,-1.6,-2.0,-5.7,4.8,-2.4,2.5,2.3,2.9,-0.2,2.2,2.6,8.9,-3.1,4.4,15.6,-9.0,-3.8,-0.7,-3.2,-5.1,-2.5,-1.4,-0.4,-2.2,-3.2,-3.2
2C7L51ETXB,0,48.107289,11.633068,4442665.23,2778425.61,536.1,581.8,278,7453,2.6,0.81,0.39,32.68,348.97,-0.53,-0.103,0.842,-0.7,0.1,-0.11,0.2,2.0,0.2,-0.3,-1.4,-1.2,0.1,-0.8,-2.0,1.1,1.3,-1.4,-4.3,-3.2,-0.2,0.8,-4.1,-3.6,-3.6,-2.9,-2.1,-3.7,-5.8,-4.9,-5.7,-2.1,-4.5,-2.1,-1.9,-4.5,-2.1,-4.3,-9.3,-7.6,-6.9,-6.1,-8.2,-5.7,-6.1,-4.2,-2.4,-7.2,-1.9,-4.7,-1.8,-0.5,-3.7,-10.2,-3.3,-6.6,-5.4,-2.7,-2.7,-3.5,-4.4,-4.4,-2.2,2.7,-0.8,-2.0,-1.0,1.3,-1.1,-2.4,1.2,-0.4,-2.5,-3.1,-6.1,-0.5,-0.5,0.5,-2.3,-1.2,-3.5,-1.5,-5.0,0.9,-2.0,-1.3,-0.1,-1.2,-1.8,-7.2,-5.2,-4.7,-3.8,-6.9,-3.0,-15.8,-5.7,-3.9,-2.7,-7.7,-9.1,-6.6,-8.4,-7.6,-8.5,-10.1,-2.2,-7.0,-7.9,-4.7,-6.6,-5.7,-6.0,-6.5,-6.2,-7.2,-1.2,-4.4,-6.5,-3.8,-6.1,-5.7,-4.5,-3.9,-1.8,-10.4,-1.7,-3.2,0.5,-5.3,-5.1,-2.7,-4.9,-2.5,-4.5,-2.5,-0.8,-4.1,-2.8,-6.0,-7.1,-8.9,-5.7,-3.0,-5.4,-4.3,-4.6,-7.3,-1.8,-1.3,-5.6,-5.0,-5.6,-8.1,-6.5,-11.3,-3.8,-4.4,-2.6,-4.8,-3.7,-1.8,-3.6,-2.8,-4.8,-8.2,-6.9,-7.0,-5.6,-7.1,-5.1,-9.4,-5.1,-8.6,-7.5,-4.5,-3.3,-1.4,-5.8,-4.7,-5.3,-3.9,-4.7,6.9,0.3,6.7,-2.0,-4.4,-1.9,-3.1,-4.6,-3.8,-2.8,-2.9,-8.9,-5.4,-5.6,-8.1,-7.8,-11.6,-10.9,-7.4,-9.1,-8.2,-2.8,-9.6,-6.6,-7.8,-17.0,-4.1,-7.0,-8.1,-7.8,-3.5,-6.2,-9.1,-8.6,-7.1
2C7L51ETXV,0,48.107504,11.634749,4442789.92,2778452.3,560.6,606.3,278,7473,2.4,0.85,0.37,32.68,348.97,-0.53,-0.103,0.842,-0.9,0.1,0.55,0.19,0.6,0.2,-0.3,-0.8,-0.2,1.9,1.5,0.2,3.1,2.6,1.9,1.1,0.9,1.5,1.9,-1.6,-0.7,-2.0,-1.3,-0.7,-1.1,-2.6,-0.1,-1.3,-0.0,-2.0,-0.4,0.5,-1.2,-0.9,-0.1,-2.4,-1.7,-2.2,-5.2,-5.1,-3.6,-1.8,0.6,1.3,1.3,4.7,2.0,2.7,-2.7,-1.0,-2.6,0.2,-1.8,-2.3,-2.0,2.0,-0.2,-2.8,1.0,3.4,-0.4,1.9,-1.3,-4.8,-1.8,-0.2,0.3,-0.8,-2.0,-1.3,-3.4,-0.6,-2.7,-2.0,-2.9,-3.9,-4.5,-2.7,-2.3,-4.4,-1.3,-2.4,-0.8,4.3,-0.1,-0.6,-0.6,-3.5,1.6,-3.7,5.8,1.3,2.8,-1.8,4.4,2.3,-3.0,2.0,-5.5,-5.3,-3.1,-1.0,2.0,-1.5,-2.4,-0.9,-1.5,1.2,0.9,2.0,-2.1,0.2,-1.2,-2.8,-2.5,0.1,-7.2,-3.8,2.6,-7.0,-3.9,-2.9,-2.2,-2.5,-6.0,-0.3,-2.4,-4.5,-3.8,0.3,-5.4,-2.9,-1.7,-5.8,-3.9,-0.6,-6.0,0.0,-2.1,-0.6,-0.1,-8.0,-3.9,-4.8,-4.3,2.3,-2.5,1.2,-5.2,-7.7,-5.2,-7.6,-4.7,-3.3,-0.7,-3.9,-4.5,-8.2,-3.3,-5.4,-4.1,-6.5,-3.9,-4.5,-4.1,-4.7,-1.9,-2.7,-11.3,-3.9,-6.5,-7.3,-0.7,3.6,3.5,-1.2,-1.0,-2.1,-3.4,-3.9,-0.9,-5.9,-2.2,0.8,-6.9,-6.2,-4.3,-5.5,-4.4,-4.7,-6.6,-4.7,-3.7,-6.3,-2.2,-1.8,-6.5,-4.8,-5.4,-4.4,0.1,-1.6,-2.6,-3.2,-5.2,-6.1,-2.3,-4.7,-3.7,-2.4,-0.5,-2.4,-1.2,-3.5,-1.7
2C7L51ETXb,0,48.107515,11.634831,4442796.0,2778453.63,550.5,596.1,278,7479,2.1,0.9,0.32,32.69,348.97,-0.53,-0.103,0.842,-0.8,0.1,0.03,0.16,0.7,0.1,-0.3,-2.8,-2.1,-0.1,-1.8,-0.9,1.9,-0.9,-0.6,0.1,-2.0,0.6,-1.1,-0.3,-1.0,-1.1,0.4,-2.0,0.3,-3.2,-2.0,-3.8,-2.7,-3.9,-0.8,0.5,-1.0,-0.3,0.1,-4.0,-3.3,-3.4,-5.6,-4.1,-4.2,-4.5,-1.3,-0.1,-1.1,-1.2,-1.6,-0.4,-2.0,-0.1,-2.2,-1.1,1.1,-2.5,-3.7,-0.8,-2.5,-1.8,-1.2,-2.2,-1.6,-2.1,-1.6,-4.0,-2.2,-1.3,-3.3,-3.0,-3.0,-3.2,-5.1,-4.3,-1.3,-4.2,-3.3,-3.1,-1.1,-4.1,-2.8,-2.6,-1.4,-1.2,-0.7,-2.5,-3.1,-4.1,-4.2,-4.6,-4.8,-4.5,-3.6,-5.1,-5.2,-5.7,-4.1,-4.1,-4.8,-5.1,-9.4,-7.0,-4.7,-4.7,-1.2,-3.8,-2.0,-1.2,-1.5,-2.2,-6.4,-3.6,-3.0,-2.8,-2.9,-2.5,-3.0,-2.4,-2.0,-1.6,-2.6,-2.7,-2.6,-2.4,-3.1,-1.8,-3.0,-5.4,-4.5,-3.1,-2.2,-1.5,-1.6,-1.8,0.2,-2.8,-1.3,-3.5,-4.3,-4.8,-5.6,-3.5,-2.1,-5.1,-5.4,-1.7,-3.6,-0.8,1.4,-3.0,-3.3,-2.3,-4.4,-2.3,-3.8,-4.7,-1.1,-3.6,-1.3,-2.8,-2.0,-5.4,-5.1,-2.2,-2.0,-4.9,-3.7,-2.2,-4.4,-3.8,-13.9,-4.9,-11.0,-8.3,-1.6,-4.9,-0.6,-2.4,-0.7,-4.2,-5.0,-4.2,-3.1,-4.4,-6.5,-6.9,-6.2,-1.5,-4.1,-0.5,-3.9,-3.7,-5.5,-5.6,-4.5,-6.1,-5.4,-8.0,-8.6,-12.7,-6.8,4.8,-3.3,4.4,-5.0,-9.2,-6.4,-6.3,-6.5,-5.0,-6.1,-6.5,-5.3,-5.3,-6.9,-6.9,-6.4
2C7L51ETXc,0,48.107511,11.634802,4442793.84,2778453.17,546.3,592.0,278,7480,3.7,0.7,0.43,32.69,348.97,-0.53,-0.103,0.842,-0.9,0.2,-0.41,0.28,2.0,0.2,-0.3,-6.5,-2.4,-1.0,-5.9,-1.2,11.3,0.7,-4.4,-2.1,7.5,1.6,11.2,0.7,-3.7,-2.9,2.3,-5.7,-3.5,-7.7,-9.2,-5.2,-7.5,-9.8,-7.5,6.4,-6.3,-2.2,-0.0,-0.4,-10.2,-4.5,-8.4,-8.0,-7.8,-7.6,-5.4,-6.5,-6.3,-2.6,-2.9,-9.6,13.9,-5.2,13.5,-3.2,3.6,-3.8,-4.8,-1.0,-1.5,0.8,-0.8,-3.2,-1.6,-1.7,-4.4,-5.2,-0.4,1.0,1.1,1.7,3.6,-1.1,4.8,5.9,3.0,-2.1,-2.6,-0.3,-1.1,-5.1,-0.5,-0.5,-0.2,-0.5,0.6,-2.1,-2.4,-4.6,-7.3,0.7,-7.2,-7.0,-4.7,-6.0,-6.9,-4.8,-6.1,-5.4,-5.7,-8.4,-0.4,-7.3,-6.1,-6.9,2.4,-1.3,-4.4,-2.2,-1.8,-2.9,-4.7,-5.7,-3.7,-1.3,-4.4,-2.5,-1.7,-2.8,-4.8,-4.0,1.1,-2.7,-1.6,-3.0,-1.2,-0.9,3.1,4.8,-2.9,2.1,-0.2,0.3,-4.3,0.3,-0.5,-0.9,-4.4,-8.0,-6.6,-3.7,-4.0,-2.0,-6.7,-8.4,-9.9,-2.7,-2.1,3.8,4.0,-2.6,-3.7,-6.9,-7.1,-5.0,-6.5,-8.1,-2.3,0.8,-6.8,-2.5,-3.2,-4.5,-4.2,-3.1,-3.5,-3.7,-4.4,-3.0,-6.0,-5.7,-11.7,-2.1,-2.0,-4.7,-1.6,-3.6,-0.0,-6.1,-3.3,-5.8,-9.4,-9.2,-1.2,-2.4,-1.0,0.8,-2.8,-0.4,-3.6,-4.3,-3.7,-7.2,-5.8,-6.1,-7.1,-7.8,-5.8,-5.7,-9.4,-13.3,-5.1,5.5,-4.9,-5.6,-7.3,-8.6,-10.5,-7.3,-5.3,-4.2,-6.1,-5.5,-6.6,-6.0,-5.8,-5.1,-7.7
2C7L51ETXx,0,48.107659,11.635955,4442879.37,2778471.52,542.1,587.8,278,7501,1.9,0.9,0.31,32.69,348.97,-0.53,-0.103,0.842,-0.6,0.1,-0.1,0.14,1.3,0.1,-0.3,-0.2,0.2,1.1,0.7,-0.7,2.7,-2.0,1.9,0.3,0.2,-0.3,3.1,0.4,-1.2,-1.1,-0.6,-2.8,-1.4,-3.3,-0.9,-4.4,0.4,-2.2,0.4,-2.0,0.3,-3.7,-1.4,0.2,-5.1,-4.0,-5.1,-5.2,-4.9,-4.3,-3.2,-4.3,-1.1,-1.7,0.1,-3.6,-2.2,-1.2,-1.8,-1.8,-3.2,-6.4,-6.1,-4.7,2.3,0.3,3.1,-2.5,1.2,-0.9,-1.8,0.9,0.3,-0.1,-0.7,-0.9,0.6,-1.1,-1.6,-8.2,1.9,-2.4,-1.7,0.3,0.0,1.1,-2.1,0.2,-1.0,0.7,1.7,-0.8,2.0,0.4,-4.8,-1.3,-3.5,-3.2,-2.5,-1.1,-1.1,-0.1,-3.8,-3.0,-4.8,-2.1,-4.5,-6.2,-4.7,-3.3,2.2,-0.8,-2.9,-1.9,0.2,-2.8,-1.0,-2.3,-3.0,-2.5,-1.9,-3.9,-2.1,-2.1,-2.3,-0.9,-0.6,-0.7,-1.6,-0.9,2.7,-3.1,-0.2,0.2,-1.8,-1.8,-0.9,-2.1,-1.1,-0.7,-0.3,-1.6,-2.2,-4.7,-2.6,-5.3,-1.2,-2.7,-2.2,-3.9,-3.9,-2.1,-2.5,-1.9,-3.0,-5.4,-6.3,-6.6,-1.7,-4.1,-2.0,-1.9,-0.6,-2.2,-1.0,-1.3,-1.0,-0.3,-1.0,-2.2,-1.4,-0.9,-2.1,-3.5,-1.0,-5.0,-11.9,-5.0,-6.5,-6.4,-3.7,-0.8,0.1,-4.6,-2.5,-1.7,-3.0,-4.6,-2.9,-2.5,-4.6,-1.9,-0.2,-3.7,-0.5,-2.1,0.1,-2.7,-4.1,-3.3,-5.3,-4.9,-4.8,-2.8,-5.5,-5.8,-4.2,-4.5,-2.9,-2.3,-6.0,-1.6,-3.8,-3.3,-1.9,-6.3,-6.0,-4.1,-2.7,-3.9,-4.9,-3.5,-3.1
2C7L51ETYX,0,48.107901,11.637843,4443019.4,2778501.57,535.5,581.2,278,7537,2.0,0.91,0.3,32.7,348.97,-0.53,-0.103,0.842,-1.1,0.1,0.2,0.15,0.2,0.1,-0.3,-2.3,-1.1,-1.6,0.3,-0.1,-0.5,-0.8,1.3,1.7,0.5,1.4,0.6,0.2,2.5,0.6,0.4,1.2,-2.0,-2.1,-2.1,-1.1,-2.4,0.2,-0.5,1.2,-0.3,-1.0,0.3,-0.6,-2.6,-0.4,-4.9,-1.6,-3.8,2.5,-1.7,2.4,0.2,2.0,0.8,0.3,-0.1,-1.0,-0.1,-2.2,-1.2,-1.4,-2.3,0.2,-1.0,-0.2,-1.6,-2.3,-1.1,-0.6,-3.1,-1.0,-1.9,-2.4,-3.8,-3.3,-3.3,-0.3,-1.1,-6.9,-2.5,1.2,-0.0,-1.3,1.2,-2.0,1.1,-1.2,0.8,0.7,-1.5,0.3,-0.8,-0.9,-1.4,-0.9,-4.4,-1.3,-2.5,-0.8,-3.6,0.6,-2.0,-4.1,-3.1,-5.0,-5.2,-4.8,-5.8,-6.5,-0.4,-4.4,-4.4,-0.2,-4.0,-1.0,-2.7,-1.7,1.1,0.9,-1.9,2.0,-1.6,-0.3,-1.7,-2.4,-2.8,-5.1,-4.3,-4.6,-5.1,-2.3,-6.0,-4.5,-5.4,-3.8,-3.2,-1.6,-0.9,-3.0,-2.1,-1.6,-1.6,-1.7,-2.5,-2.5,-2.6,-2.8,-1.4,-3.5,-3.1,-2.2,-4.0,-0.8,-2.2,-5.6,-5.9,-6.9,-5.5,-3.1,-4.5,-2.7,-7.0,-5.3,-3.3,-4.6,-3.6,-3.9,-4.7,-4.3,-2.2,-2.4,-0.8,-4.2,-3.6,-3.0,-9.9,-9.4,-5.6,-5.8,-5.1,-5.0,-0.5,-4.6,0.5,-2.8,-4.8,-3.2,-5.4,-8.1,-2.9,-4.1,-8.1,4.3,-3.2,-6.3,-6.9,-5.3,-4.1,-4.2,-4.9,-4.1,-3.5,-5.2,-7.8,-6.0,-5.4,-4.9,-3.5,-1.3,-3.4,-4.5,-7.0,-4.4,-4.4,-9.5,-4.5,-6.4,-2.2,-7.7,-8.7,-8.0,-3.5
2C7L51ETVX,0,48.106543,11.627115,4442223.62,2778332.96,529.9,575.6,278,7351,3.1,0.8,0.59,32.65,348.97,-0.53,-0.103,0.842,0.0,0.2,0.16,0.23,0.8,0.2,-0.3,-0.0,1.1,-1.8,-0.2,-0.9,2.0,-0.3,-0.3,0.1,-3.9,-1.2,0.9,-2.3,1.2,-1.8,-0.9,-2.4,-0.8,-1.3,-3.5,-2.4,0.1,-1.0,0.4,-0.3,1.1,0.3,-1.5,-1.1,-4.7,-15.4,-3.3,-6.3,-4.0,-5.3,-3.5,-2.9,-1.6,1.7,-3.4,-1.5,2.0,-2.4,1.9,-2.3,0.1,-1.8,-1.0,1.3,0.1,2.0,1.5,1.3,0.1,-0.6,5.3,-0.7,-0.1,-0.1,-0.4,0.9,-0.6,-2.3,-1.4,-2.8,-1.7,-1.0,0.0,-1.0,0.3,-0.0,0.3,0.9,-1.7,-0.0,-2.3,-2.0,-2.3,-3.6,-0.9,-1.7,-3.8,-0.0,-4.7,-1.6,-4.8,0.2,-1.9,-2.3,-2.9,-4.6,-2.7,-5.3,-3.0,-1.8,-0.0,-11.9,-2.0,5.4,1.6,1.8,-0.3,0.7,-0.9,-2.4,-1.5,10.1,3.7,3.1,-5.3,-0.3,1.0,-1.0,-3.8,1.8,0.9,-3.2,-2.5,0.1,-1.6,-2.8,-4.6,2.0,-1.9,-2.0,-2.9,-0.9,-1.4,2.4,0.2,-3.5,-1.2,-5.2,-4.2,-4.3,-5.1,-3.3,-5.9,-1.1,0.9,5.5,0.2,-8.6,-3.1,1.3,-3.2,-3.3,-4.9,-7.4,-4.8,-8.9,-0.0,-2.3,-4.4,-3.0,6.2,-2.8,-3.6,0.3,3.0,-2.3,1.6,2.5,-4.1,1.7,4.6,2.6,-1.0,-1.3,1.1,-1.5,-1.7,-6.8,4.7,0.1,-2.2,2.3,-0.5,-3.3,-0.2,-0.3,2.4,-1.0,-0.9,7.6,0.6,-0.7,2.0,-2.6,-2.5,-3.4,-0.6,-2.9,-9.2,-3.9,-2.3,-3.3,-4.3,-0.7,-0.7,3.5,6.6,3.0,0.4,5.1,-1.9,-5.4,-9.2
2C7L51ETVZ,0,48.106589,11.627476,4442250.37,2778338.68,541.3,587.0,278,7353,2.4,0.84,0.39,32.65,348.97,-0.53,-0.103,0.842,-0.4,0.1,-0.57,0.19,1.4,0.2,-0.3,0.6,-0.5,0.6,0.9,-0.4,2.4,-1.8,1.3,0.4,-3.1,1.5,2.4,0.3,2.5,-0.2,0.7,-2.9,-0.5,1.3,-3.5,-4.1,-4.7,-6.4,-3.0,-0.3,-2.8,-1.3,-3.3,-3.0,-5.6,-10.5,-0.1,-4.6,-4.8,-4.2,-4.1,1.6,4.6,-0.4,1.1,2.0,1.4,1.3,0.7,-1.3,1.2,0.8,0.8,0.6,0.9,-3.2,0.2,0.1,-1.0,-0.8,0.6,-0.0,1.6,0.3,-0.1,0.1,0.2,1.7,0.7,0.8,0.6,0.9,0.6,0.3,-0.4,1.1,-1.3,2.3,-3.9,1.3,-6.2,-2.5,-2.7,-3.8,-1.8,8.7,0.5,-0.4,-1.9,-2.5,-2.1,-1.0,-1.0,7.1,-3.9,-3.1,-1.4,-4.3,-2.8,-3.9,2.7,-1.0,0.0,-0.2,-1.1,-1.1,-1.3,-0.8,-0.7,7.4,4.4,2.5,3.4,4.0,-1.0,2.2,-2.6,-0.2,-0.0,0.4,2.4,-3.7,1.2,0.6,0.9,-2.3,1.9,1.2,0.5,0.7,0.4,0.5,0.6,-2.6,-3.1,-1.0,-3.8,1.9,-1.7,1.2,-2.7,-3.6,-5.5,3.4,3.0,-2.8,0.0,-1.7,0.1,0.1,1.3,2.2,-0.6,2.7,2.0,0.7,0.7,2.0,-0.9,0.0,-0.8,0.2,-3.8,-2.7,-2.3,2.4,-7.7,0.1,-1.9,-1.3,-0.8,0.2,-0.4,-3.9,1.5,-0.8,-3.3,-2.1,-0.6,-3.9,-2.8,0.9,-1.5,-4.8,-2.5,-3.1,-1.5,-4.1,-4.6,-1.9,-0.9,-0.8,-0.8,-5.4,-3.0,-6.3,-1.6,-1.0,-6.7,-5.9,-4.2,-4.3,-6.3,-7.9,-2.3,-2.1,-1.0,6.2,-3.4,2.2,0.4,-1.8,1.5
2C7L51ETWc,0,48.107078,11.631286,4442532.97,2778399.28,546.5,592.2,278,7418,3.2,0.78,0.44,32.67,348.97,-0.53,-0.103,0.842,-1.1,0.2,0.36,0.24,0.8,0.2,-0.3,-2.9,-1.0,1.8,2.9,-4.3,-4.0,0.5,5.6,3.9,-7.1,2.0,-2.4,-0.7,-0.0,1.2,3.1,0.0,-2.1,1.2,-3.1,-3.0,-2.2,-2.1,0.8,-2.1,-4.8,-2.0,-1.8,0.5,-2.6,-4.5,-3.8,-5.8,-5.3,-2.4,-4.4,0.0,0.9,5.4,0.4,1.8,-2.4,-1.5,1.7,0.1,-0.1,-2.6,-0.5,1.0,-1.4,3.3,3.3,2.2,9.8,-4.6,-5.3,1.9,-3.4,3.9,-5.3,-5.7,-2.0,-5.0,-3.1,10.4,-6.6,-6.3,-3.6,-13.5,-2.7,-1.4,-5.1,-5.5,-6.6,-1.3,-1.9,-3.1,3.7,3.6,0.9,-1.0,-0.6,-2.8,-0.5,-1.0,-1.1,-0.3,-3.6,-6.5,-3.9,-1.8,-2.5,-6.5,-5.6,-8.0,-1.3,2.9,4.2,-2.7,-0.2,-2.8,-4.6,-4.1,-3.0,-3.9,-1.9,-1.4,-2.6,-5.9,-3.3,-3.8,-3.9,-1.5,-3.2,-2.9,-2.9,-2.3,-4.0,-4.7,-10.9,-1.5,-1.8,-9.4,-1.8,-3.1,-5.1,-4.4,-4.9,-0.8,-3.9,-5.3,-1.1,0.9,-2.8,-5.8,-6.6,-2.1,-5.4,-0.2,-0.2,-4.4,-0.7,-5.0,-7.3,-5.2,7.3,-6.0,-6.8,-5.8,-6.7,-4.2,-1.2,-7.2,-4.2,-5.8,-6.9,-3.6,-3.4,-1.7,-2.9,-7.9,-7.7,-6.6,-10.4,-7.6,-2.6,-2.9,-1.3,-3.9,-1.4,0.3,-6.1,-2.8,-3.2,-7.9,-6.3,-8.2,-4.5,-5.3,-5.1,-3.0,-3.4,-6.4,-4.1,-8.4,-8.3,-5.6,-5.3,-5.8,-8.6,-2.5,-4.0,-3.7,-1.1,-3.3,-6.8,-1.2,-0.8,-3.1,-0.6,-2.1,-17.7,-6.5,-5.1,-5.3,-4.6,-7.2,-6.6
2C7L51ETWi,0,48.107093,11.631403,4442541.68,2778401.17,535.9,581.6,278,7424,2.6,0.82,0.45,32.67,348.97,-0.53,-0.103,0.842,-1.0,0.1,-0.22,0.2,1.9,0.2,-0.3,-2.5,0.5,-2.6,0.2,-1.4,-0.4,0.4,0.0,1.7,-0.9,1.6,1.1,1.2,1.2,-2.0,0.2,-0.3,0.1,-4.8,1.6,-3.6,-1.3,-1.8,-1.1,-0.6,-2.2,0.3,0.5,-7.0,1.3,-9.1,-5.3,-5.2,-2.9,-5.1,-7.5,-1.8,-1.6,-1.6,-0.9,-1.2,0.1,1.0,-6.5,-6.0,-1.8,-1.9,-3.6,-1.1,-0.5,-0.7,0.3,0.0,0.2,-1.4,1.5,-1.4,-0.1,-0.8,-2.3,-1.9,0.8,-0.0,0.3,4.8,-3.6,-4.2,-4.0,-0.8,1.7,-3.9,-0.2,-2.5,-1.0,-1.3,-1.4,-2.7,-2.3,1.0,1.2,2.5,-4.3,-7.4,-3.5,-2.0,-8.1,-4.0,-5.4,-5.4,-11.5,-3.9,-6.6,-3.2,-4.5,-4.4,-3.0,-2.3,-0.1,-3.9,-3.5,-5.4,-5.2,-3.7,-5.4,-5.3,-6.6,-9.1,-2.9,-3.3,-8.0,-3.1,-2.8,-1.0,-0.3,1.9,-2.3,-1.8,1.6,-1.2,-1.3,-2.6,0.1,-2.0,0.1,0.2,1.8,-1.2,0.0,-3.1,-5.1,-2.5,-2.0,-1.5,-2.6,-8.0,-7.3,-3.8,-7.0,-1.6,2.7,-4.4,-2.6,-4.2,-4.0,-2.4,-1.4,-1.0,-1.4,3.4,-2.6,-1.1,-1.7,-1.6,-2.5,-6.5,-1.7,-6.1,-4.4,-6.5,-2.0,-6.6,-8.1,-5.0,-4.6,-9.8,-6.2,-7.9,-5.3,-7.5,-12.2,-10.1,-4.8,-8.6,-5.1,-5.5,-4.5,-4.6,-4.8,-4.1,-5.2,-6.1,-5.9,-4.7,-5.3,-3.5,-5.4,-3.9,-4.1,7.9,-10.4,-10.5,-5.7,-5.9,-8.1,-9.2,-7.7,-10.6,-8.5,-5.9,-5.0,-6.7,-1.6,-6.9,-13.3,-3.9,-0.9,-8.2,-1.7
2C7L51ETX6,0,48.107314,11.633126,4442669.52,2778428.56,551.5,597.1,278,7448,3.8,0.7,0.47,32.68,348.97,-0.53,-0.103,0.842,-0.7,0.2,-0.36,0.29,0.3,0.3,-0.3,-1.1,-1.6,1.5,-1.7,-1.7,-1.3,-1.9,0.2,0.8,10.7,-0.4,-0.3,-0.7,3.3,1.1,2.8,-1.6,1.1,-5.0,-1.1,-4.3,3.1,-1.5,0.4,4.2,-6.4,-1.2,-2.1,-7.0,-8.2,5.1,3.4,3.7,-5.5,7.2,1.8,4.6,-9.9,-1.4,7.2,6.0,0.7,6.2,-13.5,7.6,6.2,1.9,2.1,-2.3,-1.8,0.2,-0.2,2.0,-0.8,0.2,-0.7,1.5,1.1,1.2,1.9,-0.9,2.6,1.5,-0.5,-7.2,-1.3,-0.9,2.9,-0.2,-0.2,-0.2,0.6,-0.6,-1.4,-5.3,6.9,0.1,-4.1,-5.2,9.5,-4.0,1.9,0.6,2.6,-0.4,1.7,1.3,-0.3,-0.1,4.2,4.9,-6.1,-6.4,-1.8,0.5,4.8,5.4,3.7,4.6,3.0,-0.9,-6.5,-2.9,8.6,-12.6,-9.0,4.5,-0.9,4.8,-5.7,7.2,7.0,-3.1,5.6,3.4,1.4,1.9,0.8,4.1,0.1,0.1,4.2,2.9,-4.5,-2.8,-0.1,2.6,5.3,3.8,-5.2,-3.9,-7.1,2.0,-11.1,-5.1,-5.1,-0.9,-6.1,0.0,3.3,0.5,-3.9,-4.3,-8.0,-2.6,-2.8,-0.2,-1.4,-0.5,-1.9,-1.1,0.8,2.1,-1.2,-1.8,-2.0,-0.8,0.4,-4.5,0.8,1.3,-0.8,-2.4,-3.7,0.1,2.1,-4.0,6.6,-0.1,-0.9,-6.1,2.5,-8.0,0.0,-3.8,-2.9,-1.8,-3.1,-1.5,-0.8,-4.2,-3.2,-2.1,-4.1,-1.4,-4.4,-3.5,-1.8,-3.5,-5.9,-2.4,-0.6,-2.2,-1.2,-5.0,-1.4,0.6,-6.0,-0.5,1.2,-5.2,-2.0,0.8,-2.9,-2.7,-4.5,-5.7,-5.6
2C7L51ETVD,0,48.106434,11.626123,4442149.98,2778319.23,535.8,581.4,278,7331,2.4,0.88,0.35,32.65,348.97,-0.529,-0.103,0.842,-1.2,0.1,-0.58,0.19,0.6,0.2,-0.3,0.9,1.9,0.3,-0.7,-0.9,-2.9,0.3,0.5,0.0,-0.7,2.1,-0.0,2.6,0.2,0.4,1.3,0.3,1.4,0.0,0.1,0.6,0.7,1.4,0.3,4.5,2.6,1.7,-1.5,-3.4,-5.2,-16.4,-3.1,-1.7,-0.5,-1.0,-0.2,1.3,0.8,3.1,1.9,1.0,-1.1,3.0,0.1,1.5,0.1,-0.9,-1.3,-0.2,1.1,-0.4,-0.3,1.2,1.0,4.1,5.9,0.1,1.0,0.4,-2.0,-0.2,1.7,1.4,1.1,5.1,-1.6,-1.1,1.5,0.8,3.9,-0.8,1.5,-2.3,1.6,1.7,2.6,2.4,3.3,1.2,-0.0,1.4,-0.4,-0.7,-0.3,-0.3,-0.8,-2.2,0.8,-1.0,-1.5,-0.1,-0.4,-4.2,-1.8,-1.9,1.1,-0.4,-1.5,-3.0,0.8,-3.4,0.6,-0.4,-0.6,-0.2,-1.1,-0.5,-0.7,0.1,-0.1,-1.5,-2.5,0.0,0.6,1.7,0.3,-0.9,2.7,1.0,2.2,-2.1,0.7,-1.7,2.7,1.3,2.7,1.1,2.7,0.0,-3.4,-2.5,-1.9,-4.1,-2.4,-4.2,-3.7,-1.2,-3.9,0.1,0.2,-2.6,-6.2,-2.7,-0.3,-3.9,-5.5,-1.9,-2.7,-4.5,-0.3,-4.4,-0.9,-1.3,-1.4,-2.0,-0.5,-2.0,-1.1,-1.4,-4.1,-3.2,-3.5,-2.3,-4.0,-3.1,-0.9,-2.2,-1.6,-3.1,-3.6,-4.0,-3.6,-2.7,-4.6,-3.3,-9.7,-6.7,-2.5,0.4,-5.9,-4.8,-4.6,-3.7,-3.5,-3.3,-14.4,-4.5,-4.2,-4.5,-5.7,-7.0,-2.9,-5.1,2.9,-7.0,1.9,-2.4,-6.4,-6.3,-4.1,-5.0,-3.8,-4.3,-4.9,-5.6,-4.4,-1.6,-16.4
2C7L51ETVR,0,48.106551,11.627037,4442217.74,2778333.75,540.8,586.5,278,7345,3.1,0.79,0.42,32.65,348.97,-0.53,-0.103,0.842,-0.5,0.2,-0.14,0.24,0.4,0.2,-0.3,1.1,0.0,1.9,-2.6,-0.8,-5.2,1.5,-1.1,0.2,-1.9,-0.3,-4.0,1.9,1.7,2.2,1.7,3.8,5.7,3.3,-2.6,-2.7,5.3,1.0,0.2,5.3,3.9,6.3,6.1,0.6,-2.1,5.2,-7.7,-4.7,-7.3,-9.3,-2.9,-1.4,-0.3,2.0,4.2,1.6,-10.1,-0.6,1.3,-4.1,-1.2,-6.2,-6.0,-3.8,0.3,0.6,2.7,1.4,0.7,2.1,1.6,-1.1,0.7,-1.7,-2.2,-2.8,0.4,-2.1,-0.3,7.8,-2.6,-3.1,-2.8,-2.2,0.0,1.8,-0.2,-4.6,0.5,-0.9,-1.1,1.4,2.0,-0.3,-3.9,-2.1,-3.0,0.9,-3.2,1.2,-0.5,5.3,1.0,1.4,-0.6,-1.6,-8.9,-1.2,-2.0,-9.0,5.2,-4.5,-1.1,-1.1,-0.9,-3.4,-1.0,1.0,1.2,2.9,-0.3,0.7,0.7,-0.3,0.2,0.4,-1.2,0.9,2.3,-1.2,-3.5,-0.6,0.3,2.3,-3.2,-0.4,-0.7,-2.7,1.4,2.8,0.9,-1.8,0.8,-0.5,-2.0,-4.0,-2.8,-5.1,0.5,-2.1,-0.3,-0.7,-3.3,-1.2,2.0,-3.4,-4.3,-1.6,-2.3,-1.2,0.5,-6.4,-2.9,-0.0,-0.9,-2.1,1.9,-0.1,0.5,-0.5,-1.8,1.5,1.8,0.2,-3.8,0.5,0.2,3.3,-0.8,-4.0,0.8,0.2,-0.3,-1.2,-0.6,-1.3,-4.5,-5.9,-1.6,4.1,-1.3,-5.7,-3.4,-13.3,-0.1,-0.2,-0.1,-13.9,2.0,-2.1,-1.5,-3.8,-0.2,-3.2,-7.0,-6.3,-3.1,-4.7,-1.1,-1.9,-0.6,-3.9,-2.6,-4.1,-1.9,-1.9,-3.8,-1.5,-1.3,-1.4,7.0,-7.4,-4.6
2C7L51ETVV,0,48.106578,11.627248,4442233.41,2778337.11,541.8,587.5,278,7349,4.6,0.62,0.54,32.65,348.97,-0.53,-0.103,0.842,-2.4,0.2,0.41,0.35,0.3,0.3,-0.3,8.5,10.7,-7.5,-6.4,-4.7,-8.1,7.8,-2.7,10.8,-10.9,-2.0,6.9,-4.1,-5.0,0.6,-4.4,-1.1,-1.6,3.0,-1.0,-1.0,-8.5,6.2,0.1,-0.3,-0.4,-2.6,2.0,0.9,-1.9,-3.8,-9.3,-9.3,-6.5,-6.7,-5.8,2.7,-0.6,1.2,-2.5,-1.0,11.8,3.5,6.0,-5.5,-16.4,3.7,10.3,6.4,1.7,0.3,-1.2,0.2,-2.4,-2.3,-3.5,-1.8,-4.5,0.3,5.4,-15.5,3.9,5.1,8.0,9.2,4.3,-17.2,-1.9,7.0,-17.1,-10.7,8.5,5.3,1.3,-1.6,0.4,0.5,-0.0,-0.8,1.6,-0.3,-0.8,1.7,-3.1,-1.3,2.5,4.0,-0.2,-1.4,-2.3,-0.8,1.6,-2.0,-12.3,-2.5,-5.1,-5.8,-6.3,-7.1,-4.8,-5.3,-7.5,-4.7,-3.7,-4.4,-6.6,-5.3,-6.7,-6.6,-7.0,-5.7,-8.8,-5.1,-9.3,-6.2,-6.6,-11.3,-8.5,-11.2,-6.0,-8.5,-7.6,-8.5,-7.7,-6.1,-5.9,-7.3,-4.3,-7.2,-7.3,-8.9,-9.7,-12.1,-7.8,-6.8,-6.7,-7.3,-8.5,-5.2,-2.1,-1.8,-5.5,-6.8,-10.5,-7.1,-4.4,-2.0,-6.4,-7.8,-9.3,-5.7,-3.7,-8.3,-6.1,-6.9,-8.5,-8.8,-6.8,-8.7,-7.5,-9.0,-6.5,-6.0,-9.7,-11.3,-8.0,-9.5,-6.1,-6.3,-9.1,-8.3,-9.9,-10.5,-9.3,-13.5,-11.0,-7.1,-10.2,-6.8,-10.1,-10.6,-8.4,-7.5,-9.2,-8.6,-8.8,-7.5,-9.6,-10.2,-16.7,-20.3,-9.5,-0.9,-9.2,-7.5,-13.5,-9.7,-9.8,-9.9,-7.2,-9.6,-7.9,-10.6,-6.7,-10.6,-12.1,-13.0,-10.7
2C7L51ETVY,0,48.106603,11.627438,4442247.48,2778340.13,543.0,588.7,278,7352,3.5,0.77,0.52,32.65,348.97,-0.53,-0.103,0.842,-0.6,0.2,-0.45,0.26,1.0,0.2,-0.3,0.1,-1.5,-0.7,-1.0,0.3,-0.0,-2.2,0.6,0.7,-5.9,-1.1,1.5,0.4,0.2,-1.0,-0.2,-2.0,0.9,-1.4,-1.0,-1.2,-0.4,-1.2,-0.7,2.3,2.2,-0.4,-2.0,-3.1,-0.1,-11.8,-7.1,-8.7,-6.2,-4.7,-0.4,-1.1,2.3,0.3,-1.6,-0.5,1.1,1.0,0.8,1.2,-2.1,-0.1,0.8,-2.1,1.1,-2.1,1.2,0.0,0.7,-0.7,-1.1,-0.3,-1.4,-0.4,-2.7,-3.5,-0.9,-1.5,-1.8,-1.8,0.5,-1.7,1.1,-0.6,-0.6,-0.9,-1.4,-1.7,-1.1,-0.6,-0.8,-1.2,-1.3,-1.8,-3.4,-1.8,-3.5,0.7,-2.8,-1.6,-2.4,-0.4,0.8,-0.1,-3.0,-2.8,-2.0,-0.1,-1.9,0.6,4.4,-3.7,-7.7,-10.0,-6.6,7.8,-3.4,-2.9,12.2,2.2,-0.4,0.8,2.7,3.6,1.5,-0.3,-4.2,0.8,-2.3,1.1,-0.7,-0.2,-1.5,-0.1,-0.6,1.2,-0.7,-2.3,-2.9,-1.7,-2.4,-1.1,-2.3,-9.9,-10.6,2.5,-2.7,-1.6,-6.2,-3.6,-4.2,-9.2,-4.2,0.5,5.1,-13.0,-1.9,-5.0,2.5,0.4,-0.6,-0.1,2.8,-0.0,3.3,0.9,2.5,-2.6,-2.8,-0.2,-1.3,-0.9,-3.9,-0.6,-3.2,-4.2,-16.3,11.6,-7.2,4.9,2.8,0.8,-2.8,-7.1,1.4,-6.7,-4.5,-2.5,-3.5,0.3,-5.3,-3.3,0.4,-2.1,-9.7,2.4,-0.2,-0.4,-1.8,-10.2,-5.2,-5.3,-2.0,-3.1,-4.8,-4.5,-4.5,-6.1,-6.7,-1.0,-5.5,-2.3,-7.5,-7.7,-3.9,-3.1,-4.7,-3.1,-4.4,-9.7,-4.2,-7.4,8.5
2C7L51ETVc,0,48.106627,11.627625,4442261.34,2778343.1,540.4,586.1,278,7356,4.2,0.7,0.48,32.65,348.97,-0.53,-0.103,0.842,-0.7,0.2,-0.66,0.32,0.8,0.3,-0.3,-5.6,1.6,-5.3,-5.4,10.4,1.5,-1.5,1.0,-4.6,3.0,7.2,1.8,10.6,-2.4,0.5,4.4,-3.6,-0.7,-5.9,-3.3,-4.5,-6.0,-3.9,-3.5,-2.1,-3.0,1.3,2.1,-5.7,-4.1,-7.7,-4.2,11.3,8.9,-12.6,-8.1,-2.4,-5.4,-4.0,-3.4,-0.4,0.3,-2.3,-0.5,-1.0,-0.9,-2.8,-2.9,-3.1,-3.2,-7.8,-1.1,-4.6,2.7,-3.4,-2.2,-6.5,-7.3,-5.2,-2.7,-5.8,-1.5,-0.5,-0.6,0.1,-2.2,-2.4,-5.9,-0.8,-3.5,-2.2,-1.2,-2.4,-4.8,-4.7,-3.6,-3.7,-0.7,-3.0,-2.7,-1.7,-2.5,-3.5,-4.6,-0.3,-8.2,1.2,-2.0,-3.5,-5.4,-2.2,3.6,1.9,-6.0,-3.1,-3.3,-3.4,0.1,-0.2,-0.7,-2.5,-1.0,-1.9,0.3,1.3,-3.7,0.2,-1.2,0.5,0.2,-3.7,-2.9,-1.3,-1.3,-1.3,1.2,-2.6,-1.1,-0.2,8.0,2.8,1.8,1.2,2.2,-5.4,-2.5,-5.4,-4.4,-0.0,-7.5,-3.0,-7.4,-1.0,0.2,-1.2,-3.5,12.6,-8.6,1.0,3.1,-4.5,0.9,-3.4,-3.0,-4.4,-2.9,11.6,-1.0,-0.2,2.1,-3.5,-2.7,-3.3,-5.0,-0.6,-6.2,-5.7,-7.8,-7.6,11.7,-3.5,-4.4,-2.3,-7.3,-0.8,0.4,-4.8,-3.1,-2.1,12.7,-9.3,-10.2,-13.1,-14.0,-10.8,11.2,-1.8,0.4,-3.1,-0.5,-1.3,-7.9,-3.9,-5.1,-4.0,-5.0,-6.7,-5.5,-1.9,-10.2,-12.3,-5.4,-5.5,-8.4,-6.4,-5.7,-5.1,-5.8,-7.2,-6.7,-7.2,-9.8,-3.9,-0.1,-2.3,-6.8,-2.9,-5.6
2C7L51ETVt,0,48.106745,11.628545,4442329.63,2778357.76,536.3,582.0,278,7373,3.0,0.8,0.36,32.66,348.97,-0.53,-0.103,0.842,-1.2,0.2,0.57,0.23,0.7,0.2,-0.3,-0.9,0.7,-1.2,0.2,-0.0,1.0,0.1,-0.7,2.4,-3.5,-0.3,1.0,0.3,-4.2,1.2,-0.3,3.6,7.8,-1.1,-0.1,-0.8,-0.8,-1.8,-0.4,0.9,-1.9,0.4,-2.0,-2.2,-5.4,-7.9,-4.2,-4.5,-6.0,-1.6,-3.9,-0.5,-1.9,2.9,0.7,1.1,-2.7,6.9,1.3,-1.1,-0.9,-1.2,-6.1,-0.4,-1.8,-2.4,0.1,0.2,-1.2,-0.3,-1.7,-1.4,-2.9,-1.6,-2.8,-2.4,-2.7,-12.8,-3.9,-5.5,-7.1,-4.7,-9.1,-4.5,0.1,-3.8,-0.7,-4.9,-2.1,-3.6,-1.8,-4.5,-3.7,-6.0,-1.8,-4.0,-3.3,-6.5,-4.9,-5.5,-5.1,1.6,-1.9,-2.1,-2.9,-2.8,-7.2,-8.4,-4.1,-5.8,-2.1,-3.4,-1.6,-2.3,0.3,-3.4,1.4,-2.0,0.0,-2.3,-2.2,-1.4,-1.3,-1.6,-2.6,-2.4,-5.0,-7.3,-1.5,-7.6,-5.2,-2.2,-4.7,-5.8,-5.5,-8.7,-4.6,-3.6,-2.4,-1.4,-1.1,-6.1,-2.9,-2.2,-1.5,-2.1,-5.2,-4.5,1.3,-8.7,-9.6,-0.6,-8.0,-1.4,-3.4,7.3,-11.7,-7.0,-6.2,-8.5,-6.8,-15.4,-7.1,-6.5,-2.7,-13.7,-5.8,-1.8,-1.8,-4.3,-6.0,-4.5,-4.9,-5.3,-4.1,-2.6,-6.0,-5.6,-4.8,-3.9,-2.8,-4.0,0.9,-3.7,-3.5,-3.5,-3.7,-13.2,-5.1,-11.1,-14.1,-6.9,-5.1,6.3,-8.7,-5.4,-9.3,-4.8,-3.3,-6.2,-2.3,-6.4,-4.4,-6.6,-6.1,-4.4,-5.2,-6.2,-4.7,-3.9,-6.8,-7.6,-6.7,-0.0,-4.7,-8.7,-7.9,-7.0,-4.6,-5.7,-8.5,-7.4,-8.2
2C7L51ETXY,0,48.107501,11.634431,4442766.26,2778451.41,537.4,583.1,278,7476,1.4,0.94,0.22,32.69,348.97,-0.53,-0.103,0.842,-0.3,0.1,-0.29,0.11,1.0,0.1,-0.3,-2.1,-0.1,0.2,-0.7,-1.0,2.3,-0.5,-0.7,0.8,3.1,-0.4,3.1,0.3,-1.6,-0.3,-0.8,-2.8,-0.3,-1.5,-2.5,-3.7,-1.9,-1.6,-1.0,0.8,-1.7,-0.8,-0.3,-2.8,-3.3,-1.7,-4.6,-4.0,-4.5,-4.0,-1.8,0.0,-0.6,0.2,0.1,0.2,-0.7,-0.7,-1.1,-0.7,-2.0,-1.7,-0.6,-0.5,0.1,-0.8,-0.4,-0.6,-0.8,-0.4,0.1,-1.7,-0.7,-0.6,-0.4,-0.1,1.1,0.8,-0.4,-0.4,-0.2,-0.1,0.3,-0.9,-0.5,-0.7,-0.7,-1.0,-0.4,0.3,0.9,0.3,0.3,-0.5,-1.2,-1.3,-1.5,-2.7,-1.4,-2.2,-2.3,-0.7,-0.8,-2.3,-3.1,-2.3,-3.6,-4.0,-3.0,-5.2,0.7,0.2,-2.7,-1.0,-1.9,-1.3,-1.3,-1.9,-0.1,-0.7,-1.1,-1.2,0.9,-2.4,-1.3,-0.7,-0.4,0.4,-0.4,-1.2,-0.9,-0.7,-2.0,1.1,-3.0,-0.3,-1.6,-0.5,0.1,0.1,1.5,0.3,0.7,0.1,-3.7,-2.0,-2.3,-1.2,-1.2,-5.3,-2.4,-2.5,-3.7,0.4,2.2,0.2,-2.6,-2.3,-2.3,0.2,-0.1,0.5,-1.5,-0.6,-0.1,0.6,0.1,-0.2,0.9,1.3,0.5,-0.1,0.3,-3.8,-1.2,-1.4,-7.2,-3.2,-5.2,-6.1,-1.1,1.1,1.7,-2.7,-1.8,-1.4,-2.5,-4.3,-2.2,-1.4,-1.7,-2.3,-1.6,-1.6,-3.5,-1.3,-2.1,0.9,-1.1,-2.0,-0.8,-1.5,-1.3,-1.9,-2.5,-6.0,-2.5,-5.3,-1.5,0.3,-1.8,-2.5,-4.3,-4.2,-4.0,-5.9,-4.6,-5.0,-2.0,-1.2,-1.9,-1.9,-0.8
2C7L51ETYR,0,48.107943,11.63788,4443022.06,2778506.25,554.8,600.4,278,7531,4.3,0.62,0.54,32.7,348.97,-0.53,-0.103,0.842,-0.6,0.2,-0.26,0.33,1.1,0.3,-0.3,-0.3,-3.4,-1.6,0.2,-0.4,3.7,-1.8,1.9,5.2,0.4,-2.6,3.6,-1.8,0.7,-3.1,-5.8,3.8,3.6,-11.5,1.7,-4.8,-6.8,7.3,-3.2,-2.0,-3.6,-3.2,9.3,7.6,-4.5,11.9,-10.0,-7.2,-12.2,-3.6,-5.9,-7.9,-1.4,-4.1,-1.5,-2.7,8.1,-2.8,-1.5,-2.7,-4.4,6.5,-2.2,-4.1,0.7,-3.5,1.6,2.1,-2.5,2.2,-2.5,4.9,-4.0,-0.0,0.0,-4.0,1.7,7.4,-1.7,2.3,-0.5,2.4,2.4,4.1,8.0,3.7,-5.4,4.4,2.6,2.6,-1.0,-3.9,-4.4,-8.7,-4.6,-3.6,-2.4,-3.5,-0.2,-3.8,-3.7,7.5,-4.0,-5.4,-2.6,-0.9,-1.1,-0.2,-3.7,-3.9,0.2,-3.9,-6.5,1.4,-3.6,-3.7,-4.0,-0.5,-0.9,-0.4,-0.3,0.1,4.8,1.5,1.4,3.1,0.8,-0.2,-1.0,2.2,-0.3,4.6,-0.8,-1.3,0.9,3.1,-0.2,0.4,-1.0,-4.3,0.2,1.4,-2.5,-4.2,-2.9,0.7,7.2,2.3,7.9,-3.1,-0.1,-1.4,-7.8,3.9,-3.4,1.7,-3.3,-7.4,-3.0,-1.7,-1.7,0.5,-1.7,-2.1,-3.5,-0.1,-1.6,-5.3,-3.8,-4.0,-3.3,-2.2,-5.0,-2.9,-3.4,-6.4,-13.5,-10.6,-7.3,-8.3,-3.9,6.6,0.6,0.7,4.9,5.7,-5.5,-0.8,-8.8,-4.5,8.4,-2.7,-1.0,-0.1,-3.6,-0.4,-2.5,-1.7,-2.0,-6.3,-2.6,-4.5,-6.0,-8.2,-10.1,-1.4,-13.0,4.1,3.7,4.1,4.5,1.8,-2.1,2.5,-1.5,-8.5,-6.9,-7.7,-3.0,-11.4,9.3,-8.8,-1.3
2C7L51EkYV,0,48.106587,11.627172,4442227.69,2778337.95,542.6,588.3,279,7347,4.0,0.68,0.55,32.65,348.97,-0.53,-0.103,0.842,-2.2,0.2,0.23,0.31,1.9,0.3,-0.3,2.5,0.9,0.3,1.5,2.8,0.5,-2.7,1.2,-3.0,-5.4,-0.2,-3.3,-2.1,-1.4,-3.3,-1.5,-3.7,-2.0,-3.8,-3.5,-6.1,-2.7,-4.3,-2.6,0.5,-2.2,-3.1,-5.5,-5.4,-6.8,-14.6,-6.6,-7.7,-5.2,-6.3,-3.8,-3.6,-1.7,-1.2,-1.6,-2.7,-2.9,-2.6,-2.0,-1.0,-1.2,-4.3,-3.2,-1.7,0.2,-0.0,-1.4,-2.0,0.6,-1.3,-2.5,-3.4,-2.0,-1.1,-1.5,-2.6,-2.6,-2.8,-2.1,-2.8,-3.7,-3.5,-4.1,-4.1,-4.5,-2.5,-0.9,-2.1,-2.0,-0.5,-1.2,-2.4,-1.1,-2.7,-4.8,-2.4,-4.6,-4.0,-4.6,-3.6,-4.2,-2.8,-2.9,-5.2,-4.6,-4.5,-6.3,-6.4,-5.5,-4.5,-7.3,-8.5,-12.7,-10.4,-4.3,1.7,-11.0,1.1,-14.2,-8.1,-0.9,-4.7,0.7,-0.6,-4.7,-1.9,-3.0,-0.8,-2.7,-7.6,-7.6,-13.4,-7.1,4.5,-1.5,-11.4,-5.6,-9.9,-2.9,-10.0,-5.2,-12.3,-15.0,-16.5,-21.0,-5.5,-10.0,-11.7,-3.8,-19.8,-9.0,-2.0,-21.1,-8.9,-6.4,-9.8,-7.0,-9.3,-7.9,-8.3,-4.7,-7.5,-3.0,-7.8,-5.0,-2.8,-1.1,-10.2,-4.3,-4.0,-10.7,-2.1,-19.8,-6.3,-6.4,-8.0,-15.0,-15.0,-17.2,-15.4,-14.6,-11.1,-13.3,-5.8,-8.4,-11.8,-11.6,-14.1,-12.7,-9.5,-9.3,-9.5,-5.0,-23.7,-2.5,-5.1,-8.2,-2.1,-2.9,-24.9,-2.5,-6.1,0.5,-9.3,-10.8,-11.8,-9.4,-12.1,-11.5,-11.7,-8.9,-14.2,-13.6,-15.4,-16.8,-8.6,-14.9,-20.7,-10.8,-6.9,-9.6,-11.5,-11.7
2C7L51EkYc,0,48.106634,11.627538,4442254.87,2778343.79,541.4,587.1,279,7354,2.0,0.88,0.31,32.65,348.97,-0.53,-0.103,0.842,-0.7,0.1,-0.24,0.15,1.6,0.1,-0.3,-0.5,-1.9,0.5,-2.2,-1.4,-0.9,0.7,-0.2,0.2,-1.5,-0.7,-2.3,-1.4,2.3,-5.4,0.9,-2.0,-1.7,-1.2,-7.0,-6.9,-4.7,-4.6,0.6,-2.0,-0.8,-0.9,-1.3,-4.1,-5.3,-12.5,-3.4,-6.8,-3.4,-5.3,-2.1,-4.8,0.1,-3.3,1.8,-1.4,-1.8,2.3,-0.4,-2.2,-0.4,-0.2,-0.2,-0.5,0.9,0.1,2.2,-0.6,1.2,0.4,0.0,1.1,2.3,1.4,-1.0,-1.7,-0.7,0.3,-1.7,-3.0,-1.6,-0.9,-2.0,-1.3,-1.9,-2.1,-1.4,-1.6,-4.5,-1.3,-2.9,-2.5,-3.7,-5.2,-4.0,-14.2,-5.0,-3.8,-4.3,-3.4,-5.4,-2.4,-6.7,-3.4,-4.6,-1.2,-5.3,-4.5,-0.7,1.2,-1.6,-2.1,-3.0,-6.1,-2.8,-2.5,-3.8,-3.4,-4.2,-0.3,-2.4,-0.8,-2.6,-3.3,-1.2,-0.1,-0.9,-0.7,-0.6,-0.2,0.1,-0.7,-1.4,-2.1,-1.5,-2.5,-1.1,-2.9,-2.2,-1.6,0.4,-1.9,-2.8,-5.1,-4.5,-5.8,-5.3,-1.1,-3.3,-6.3,-7.3,-4.0,-8.4,-1.4,0.3,-2.6,-3.1,-2.7,-3.7,-2.2,-0.0,-1.9,-3.7,-2.7,0.5,-1.1,-0.8,-1.6,-2.0,-2.0,-2.7,-0.7,-4.6,-5.4,-2.6,-4.4,-4.6,-4.7,-5.1,-4.3,-2.4,-3.2,-4.3,-6.0,-1.5,-4.9,-8.2,-6.5,-3.6,-6.0,-3.5,-2.5,-2.1,-8.7,-4.5,-5.0,-2.0,-4.1,-4.9,-3.2,-2.3,-1.5,-5.6,-5.1,-8.0,-3.8,-7.7,-6.8,-4.7,-7.6,-5.1,-5.5,-6.5,-6.5,-4.6,-3.5,-4.2,-7.1,-1.8,-3.1,-5.4,-4.9,-4.4
2C7L51EkYt,0,48.10674,11.628359,4442315.81,2778356.87,533.0,578.7,279,7371,4.3,0.64,0.46,32.66,348.97,-0.53,-0.103,0.842,-0.4,0.2,-0.2,0.33,1.7,0.3,-0.3,1.4,3.3,-1.6,1.0,-1.7,1.0,-1.3,-1.2,-1.1,14.9,0.4,1.8,-4.2,-0.1,-1.0,-2.0,2.6,-0.2,-0.8,-0.8,-1.7,-2.8,-0.2,3.1,10.7,5.2,2.9,2.3,2.4,-1.3,-5.2,0.8,-10.4,-7.7,6.7,2.4,10.8,1.7,4.3,7.7,2.2,1.7,-6.9,5.0,8.5,4.1,0.6,-2.0,3.9,1.7,3.5,0.4,0.9,-0.2,-2.0,0.7,1.2,-0.2,0.7,-0.4,0.8,0.0,-9.0,-0.2,10.4,-0.7,0.6,-5.7,-1.0,-0.8,-3.7,-0.1,-0.8,-0.6,0.6,2.0,4.8,2.5,0.9,2.3,-1.9,-2.6,0.3,2.4,-1.4,5.0,-3.5,4.1,3.8,-7.4,8.3,-0.7,-4.1,-6.7,-1.7,4.2,3.8,8.6,7.6,3.8,2.7,7.7,7.4,5.0,4.6,4.2,4.3,-0.5,6.1,3.8,10.5,-0.4,0.2,1.0,0.9,-1.0,-2.4,0.6,0.9,-0.0,-11.5,1.5,-0.6,0.9,2.4,2.5,-1.2,13.3,12.7,-4.4,2.5,9.1,1.1,11.9,0.6,2.1,0.4,0.8,6.2,2.5,-1.2,-1.2,1.1,-0.3,-0.1,-3.3,-7.6,-0.9,0.6,0.5,-11.0,-4.2,-2.0,-4.4,-0.9,-2.0,-1.3,-1.3,-1.6,-0.9,-3.1,-10.8,1.4,2.3,2.0,10.2,0.1,2.3,8.6,3.3,6.0,-0.1,-5.8,-0.9,-2.9,14.2,-2.4,0.4,2.9,-3.9,-7.3,-0.8,0.7,-4.9,-1.3,8.7,-2.5,5.3,0.9,-1.5,-1.1,2.0,-1.8,-2.2,2.4,0.2,-3.2,3.5,0.2,12.5,-3.2,-1.6,-0.3,3.3,-7.7,-0.8,-0.8,-1.6
2C7L51EkYu,0,48.106749,11.628429,4442320.98,2778357.98,533.7,579.3,279,7372,2.3,0.9,0.2,32.66,348.97,-0.53,-0.103,0.842,-0.8,0.1,0.05,0.18,0.7,0.2,-0.3,-0.6,-0.0,-0.6,-0.7,-1.1,-1.3,-0.3,-1.0,0.3,12.8,-0.8,-0.2,0.3,-1.9,-1.1,-1.8,0.1,-0.5,-0.5,-0.6,-1.3,-0.3,-0.9,-0.4,1.7,0.6,1.6,0.2,-1.3,-4.7,-9.8,-3.7,-4.1,-4.5,-1.6,-1.7,0.7,0.4,3.2,0.9,1.0,-1.0,0.7,-0.4,-0.2,-0.3,-0.7,-2.3,-0.2,-0.8,-0.9,-0.5,-0.2,-0.9,-0.5,-0.8,-0.5,-1.7,-0.3,-2.0,-1.8,-1.7,-12.7,-1.4,3.5,-1.9,-2.3,-8.1,-3.3,-1.5,-4.4,-1.1,-3.1,-1.8,-1.7,-0.7,0.6,-0.3,-1.7,-2.1,-1.7,-2.9,-2.6,-2.7,-2.6,-0.8,-0.5,-0.7,-2.0,-2.3,-1.0,-2.8,-5.5,-3.5,-2.2,1.6,-0.2,1.2,-0.6,1.1,-0.7,0.3,-0.3,1.2,0.8,-0.4,-0.3,-0.4,-0.0,-0.1,-0.9,-1.8,-2.3,-1.4,-1.9,-2.9,-4.1,-2.7,-2.5,-2.9,-6.2,-2.1,-2.2,-1.9,-1.4,-0.6,-1.6,-0.2,-2.1,-2.7,-3.9,-2.9,-1.4,-0.5,-2.6,-1.4,-2.2,-5.5,0.9,0.2,-0.4,-3.9,-2.4,-3.0,-2.1,-3.1,-11.0,-3.0,-2.8,-2.0,-12.4,-2.6,-2.7,-3.1,-2.6,-3.1,-2.7,-3.0,-2.4,-2.8,-3.0,-2.6,-3.7,-3.3,-3.3,-1.2,-3.3,-1.3,-0.4,-1.3,-2.3,-4.2,-5.4,-2.9,-4.3,10.1,-4.6,-3.7,-7.2,-5.7,-4.9,-4.9,-4.0,-4.0,-3.6,-3.4,-4.3,-2.4,-3.6,-4.9,-3.0,-3.1,-4.7,-5.0,-3.2,-4.7,-5.7,-3.9,-4.4,-3.4,-4.2,-4.5,-4.4,-3.6,-4.0,-4.6,-5.1,-5.0
2C7L51Ekal,0,48.107644,11.635404,4442838.36,2778468.91,555.1,600.8,279,7487,4.5,0.58,0.5,32.69,348.97,-0.53,-0.103,0.842,1.3,0.2,-0.03,0.35,0.7,0.3,-0.3,-2.4,1.2,5.7,2.1,5.6,1.8,0.0,1.9,1.9,8.2,2.4,5.4,8.6,5.8,0.6,3.4,-1.5,5.0,1.4,1.9,1.5,-1.2,-5.6,-1.3,5.4,-4.7,-3.4,-9.8,-3.3,-9.2,-10.6,-9.6,-8.6,-7.8,-8.5,1.8,4.4,-8.7,-2.8,-10.6,-1.4,-1.5,-10.0,-9.8,-7.9,-3.1,-2.6,-0.6,-3.8,4.3,-2.5,1.9,0.2,2.0,0.6,-2.6,-1.5,-1.4,-2.4,-1.4,-0.6,-0.0,-4.3,-3.9,-4.1,-3.5,-3.3,-6.3,-1.1,-3.0,-4.0,5.3,-4.9,-6.3,2.2,14.0,-0.3,-1.0,9.6,0.3,0.1,-2.8,-2.1,2.0,2.5,6.2,-9.1,8.5,7.8,0.7,6.0,-7.2,-8.6,-5.7,-5.1,2.2,-1.9,1.4,0.2,2.3,1.5,1.8,4.8,-0.3,0.5,-0.7,7.8,-0.8,-2.9,2.9,-2.6,0.1,7.0,-3.2,-2.5,-1.2,4.8,-3.9,-2.3,2.9,0.9,2.6,-0.2,1.8,5.4,-0.4,-3.1,8.7,3.9,5.8,3.6,-2.3,-2.0,12.7,5.0,5.7,3.0,0.6,4.9,2.1,9.3,3.8,2.3,5.6,3.5,4.4,1.3,-0.6,-1.3,8.1,-0.6,-3.6,7.7,8.7,5.4,-3.6,-3.9,6.1,4.7,4.4,4.7,-2.9,1.4,-3.7,4.5,5.6,3.5,9.9,-0.2,5.7,5.3,6.6,-0.0,4.5,1.0,5.6,0.2,2.8,-4.2,-1.0,-0.4,-0.4,3.4,-1.5,4.7,-1.2,10.1,3.1,2.5,2.8,6.3,12.1,12.3,7.7,6.0,6.0,7.5,1.9,1.1,2.8,0.2,1.2,3.1,4.1,0.3,-7.7,4.7,13.0
2C7L51EkXs,0,48.106295,11.62475,4442048.04,2778301.51,532.3,578.0,279,7308,3.8,0.42,0.71,32.64,348.97,-0.529,-0.103,0.842,-0.5,0.2,-0.28,0.29,7.0,0.3,-0.3,-0.8,-0.7,-0.6,-1.1,-0.2,-2.7,-0.1,-2.0,-0.7,-1.7,0.0,0.2,-0.4,-0.2,0.5,-0.7,-2.5,-3.4,2.9,-3.4,-5.1,-8.1,-10.6,-16.2,-12.0,-14.5,-17.8,-15.9,-5.9,-14.4,-11.4,-15.8,-8.4,-14.9,-10.3,-25.2,-11.7,-12.7,-10.1,-17.0,-9.1,-7.8,-11.2,-9.4,-1.1,-0.5,-7.5,-4.8,-3.2,-5.9,-0.7,-2.2,-2.2,-2.2,-1.5,-1.7,-2.3,-2.8,-3.3,-3.8,-1.9,-2.0,-0.7,-1.4,-3.0,-3.5,-0.1,-0.6,-2.2,-0.8,-1.7,0.0,-0.9,-0.2,0.8,0.1,1.1,1.3,-2.2,-3.3,-0.8,-6.0,-7.2,-21.1,-7.6,-12.3,-18.8,-8.3,-13.7,-6.0,-15.5,-15.4,-25.9,-15.1,-21.1,-8.0,-15.4,-11.1,-9.4,-11.5,-12.0,-19.5,-7.9,-9.5,-8.3,-10.4,-5.0,-6.6,-4.6,-3.1,-4.4,-2.1,-3.4,-0.4,-1.9,-2.2,-2.1,-2.0,-2.0,-0.5,-0.3,-0.6,-0.3,-0.1,-1.1,-1.7,-1.8,-3.1,-4.1,-3.2,-11.1,-11.9,-4.8,-13.4,-26.1,-16.5,-18.7,-16.1,-13.2,-11.7,-14.7,-8.9,-7.7,-10.1,-1.8,-1.1,-1.9,-3.8,-1.8,-2.1,-4.2,-3.3,-2.6,-3.2,-2.2,-2.4,-0.9,-0.6,2.8,1.3,-20.8,-17.8,-14.9,-11.3,-17.7,-11.3,-15.7,-10.4,-9.6,-9.0,-9.8,-9.8,-7.0,-6.0,-5.8,-3.4,-2.9,-2.6,-3.2,-3.5,-3.1,-3.8,-3.2,-2.7,-1.9,-2.1,-6.0,-5.4,-20.2,-13.3,-23.1,-16.6,-19.7,-10.0,-15.8,-12.2,-11.3,-13.4,-12.5,-7.4,-5.5,-10.4,-8.2,-10.8,-3.7,-5.2,-3.3,-3.9
2C7L51EkY7,0,48.106413,11.625674,4442116.53,2778316.19,537.8,583.5,279,7323,3.3,0.74,0.41,32.64,348.97,-0.529,-0.103,0.842,0.3,0.2,0.58,0.25,1.8,0.2,-0.3,-0.8,0.7,0.2,0.4,-1.6,5.0,-0.1,-2.7,-0.9,0.8,-0.7,-1.5,-1.5,-2.1,-2.0,-1.7,-0.9,-3.4,-0.8,-2.4,-2.8,-3.2,-2.3,-2.8,2.9,0.0,0.5,-2.4,-4.6,-4.0,-13.0,-6.6,-5.7,-0.2,1.6,-6.2,-1.7,-4.8,3.9,0.2,3.3,8.0,1.1,-0.8,-1.2,-3.3,-4.5,-4.6,1.0,-2.3,1.9,-0.4,2.0,-1.3,-1.3,0.1,-2.1,-2.7,-4.1,-2.2,-3.0,-0.2,-6.3,-0.6,-6.0,-7.1,-3.3,-1.9,-2.2,-2.8,-5.8,-2.7,-6.4,-4.6,-2.7,-5.7,-2.9,0.9,-1.8,-1.4,-2.7,-2.2,-3.7,-4.8,-3.5,-1.3,-1.5,1.6,-0.0,1.4,1.9,-5.2,-2.7,-0.2,-0.4,2.8,-0.8,-2.9,3.0,-1.2,-0.3,0.5,1.0,4.6,2.1,2.2,0.6,0.5,1.2,-0.9,-1.0,-1.1,-0.8,-1.4,-1.5,-0.8,-1.0,-2.1,-4.5,-0.2,2.9,-0.4,-2.6,-0.3,-0.5,-2.6,-7.8,-0.8,-8.1,-5.4,-10.8,1.9,5.9,-3.8,-1.0,3.4,-1.0,-0.4,3.7,1.3,-6.2,-3.1,-3.8,-1.5,-3.8,-4.7,-4.5,-1.8,-1.3,-3.4,13.8,-2.9,-1.4,-4.2,-4.5,-3.2,-6.5,-2.9,-0.4,10.4,-4.8,1.5,-3.7,-9.4,-1.2,8.7,-0.9,-1.6,7.3,4.3,5.3,4.4,0.9,2.9,7.1,0.2,0.2,0.5,1.1,1.0,-2.6,-1.4,-7.0,2.1,-2.5,-6.1,-6.6,-3.1,-1.5,-2.3,-7.2,-0.2,-3.0,-2.5,-2.8,-0.5,-2.5,-2.0,-1.2,1.1,3.9,2.6,5.0,5.0,9.4,3.2,2.1,8.6
2C7L51EkZj,0,48.107144,11.631363,4442538.6,2778406.72,537.5,583.2,279,7423,3.6,0.74,0.46,32.67,348.97,-0.53,-0.103,0.842,-1.1,0.2,0.03,0.27,1.9,0.2,-0.3,-0.0,1.2,-3.8,0.1,-2.5,-2.6,-1.6,0.6,0.5,-2.4,0.8,-2.1,10.8,1.1,-0.4,-1.1,-3.6,-2.8,-5.0,-4.9,-2.1,-2.5,-2.3,0.4,-1.5,1.1,-2.2,-1.0,-3.8,-1.8,-12.3,-3.9,-5.3,-2.3,-5.5,-4.9,-1.4,-0.3,-0.5,-0.5,-1.9,-1.4,-0.2,-4.2,-4.9,-4.3,-5.4,-3.0,-3.8,-1.0,-1.7,1.6,1.8,3.7,1.4,0.2,-3.3,-0.7,-0.2,-1.3,-1.2,-1.4,-3.4,16.0,-4.7,-2.9,-4.5,-1.9,-2.2,2.8,-10.4,0.8,0.6,1.6,0.6,-6.0,0.3,-7.7,-0.1,-5.5,0.8,-1.4,-6.8,12.6,-3.7,-9.9,-5.6,-4.3,-9.6,-3.2,-11.8,-7.0,-5.3,-4.4,-8.7,-5.5,-2.9,-4.1,-4.6,-3.9,-4.5,-7.3,-6.5,-1.8,-6.1,-9.2,-4.5,-4.3,-6.7,-6.1,-5.2,-7.4,-2.7,-8.4,-3.5,-4.8,-2.3,-8.0,-4.2,-5.9,-6.8,-3.0,-2.1,3.8,0.1,2.2,0.0,-1.5,-1.5,-6.0,0.8,-0.7,-5.7,-7.4,-10.5,-8.0,-8.0,-9.5,-0.7,-5.1,-7.5,-7.8,-2.4,-4.6,-2.7,-3.3,-1.1,-0.1,0.9,-1.8,-1.2,-2.1,-3.3,0.9,-4.5,-2.8,-6.8,-5.6,-5.6,-7.1,-7.0,-10.2,-1.7,-7.9,-7.6,-6.2,-7.0,-4.4,-9.3,2.2,-9.2,-8.0,-8.1,-10.7,-6.8,-6.4,-8.5,-2.4,-5.9,-5.9,-1.5,-6.8,-5.6,-5.3,-3.8,-1.8,1.5,-5.4,-9.8,-8.9,-15.7,-15.7,-13.4,-4.9,-4.1,-6.5,4.4,-9.6,-7.2,-5.3,-11.9,-7.6,-7.5,-11.3,-2.8,-4.6,-9.2,-2.2
2C7L51EkaT,0,48.107541,11.634461,4442768.4,2778455.96,561.2,606.8,279,7469,2.7,0.83,0.42,32.68,348.97,-0.53,-0.103,0.842,-1.1,0.1,-0.39,0.2,0.6,0.2,-0.3,-0.0,-1.4,1.1,1.9,-0.5,0.7,0.7,-1.1,0.7,0.2,-1.7,0.9,1.6,2.7,-0.8,2.0,-0.0,1.9,-0.9,1.2,-5.6,0.1,-1.5,1.2,3.3,1.0,-6.4,5.5,-0.9,0.1,-0.0,-2.3,-2.5,-2.4,-2.4,0.0,2.8,3.6,2.6,3.6,0.8,-2.7,-0.5,1.8,-1.8,1.8,-0.3,-0.7,1.7,-1.5,3.7,1.8,2.8,-7.5,-2.0,5.6,2.4,0.1,-2.0,1.4,0.1,-1.0,-4.3,-0.7,1.4,0.9,-1.6,6.6,-2.8,-7.7,-3.4,-1.1,3.0,-6.5,4.9,0.6,-2.6,-2.8,-4.6,-2.3,-1.6,-2.8,-6.1,-0.7,-2.3,-0.4,6.9,2.0,7.5,-2.3,-0.6,-2.5,-2.0,-1.5,-0.9,4.5,1.8,1.8,-0.1,-1.7,0.7,2.5,-0.3,0.6,1.7,0.0,-0.4,-0.0,1.0,-1.6,1.3,-3.2,-0.2,-1.1,-0.4,-1.7,0.4,-1.0,-1.0,-1.6,0.8,3.3,1.2,-1.2,2.3,3.1,-0.7,0.7,-0.1,-2.2,1.5,-1.7,5.1,-3.4,-5.3,0.2,0.4,-3.2,-0.2,7.7,1.2,-0.8,-6.2,-1.0,-0.1,0.1,-0.4,-1.0,-0.3,-3.6,-1.9,-0.3,-2.7,-3.2,-3.9,0.0,-2.6,-6.1,-8.9,-4.7,-2.6,-9.1,-3.9,-4.9,-4.3,-0.6,-0.1,2.7,1.3,-5.6,-5.4,-3.2,-7.1,-4.4,-6.4,-5.4,-7.8,-4.8,-0.4,-4.7,-4.7,-3.6,-1.4,-2.2,-3.3,-4.5,-5.8,-4.5,-4.1,-4.5,-8.6,-1.8,-3.6,-3.1,-1.6,-1.6,-1.6,-3.9,-2.7,-3.2,-4.2,-2.7,-2.6,-2.5,-3.0,-7.7,-5.8,-5.6
2C7L51EkaU,0,48.107534,11.634405,4442764.24,2778455.09,553.2,598.9,279,7470,2.4,0.86,0.39,32.68,348.97,-0.53,-0.103,0.842,-0.9,0.1,-0.56,0.19,0.2,0.2,-0.3,-4.2,0.7,-2.5,-0.3,-0.4,6.0,1.7,-1.6,-0.2,2.4,-1.1,0.2,2.3,1.3,1.3,0.3,-2.9,-0.8,-1.7,-2.3,-2.7,-2.5,-2.4,-1.1,2.9,-3.3,-2.1,-1.4,-4.4,-2.7,-4.3,-7.1,-3.7,-3.0,-3.4,-2.8,2.8,0.4,2.1,0.5,-0.9,-3.1,-2.2,-3.2,-0.7,-1.6,0.0,0.5,1.7,2.9,0.9,-0.5,-1.0,-0.5,-0.4,-3.1,-2.0,-1.7,1.9,-2.7,-2.6,-0.6,-1.3,0.4,0.1,-1.4,-0.1,-0.0,-2.1,-3.6,0.9,0.2,-3.3,-1.8,-2.5,-0.0,-1.6,-2.5,-1.4,0.1,-2.1,-3.7,-3.4,-2.6,-3.7,-0.5,-2.0,0.0,-0.2,-3.5,-1.8,-4.2,-4.2,-2.3,-1.9,0.9,-2.9,1.6,-1.6,-1.7,-1.3,-1.0,-1.0,-1.6,0.2,-1.6,-2.6,-1.4,-2.7,-1.4,-2.7,1.7,-3.8,-1.0,-5.4,-1.8,-1.8,-7.3,-6.8,-2.5,-0.9,-1.0,-2.0,-1.3,-2.2,0.8,-0.5,-1.3,-0.9,-4.5,-1.0,0.5,0.9,-0.5,-0.5,-2.0,-0.9,-1.2,0.3,0.4,-2.7,-3.7,-2.4,-3.1,0.4,-3.8,-3.3,-2.3,-1.5,-0.6,-3.9,-0.9,-2.7,-2.3,-2.5,1.9,-3.0,-4.3,-1.4,-1.8,-3.6,-7.3,-12.6,-6.0,6.3,1.2,-8.4,0.9,-4.4,-3.5,-3.3,-4.2,-1.2,-3.8,-5.9,-9.6,7.9,-5.9,-3.0,-6.8,-4.4,-3.0,-0.9,-1.4,-2.3,-2.9,-2.9,-2.9,-3.9,-8.2,0.2,-5.8,0.8,-3.9,-9.1,-7.7,-5.5,-7.0,-6.7,-5.5,-5.6,-8.1,-6.6,-7.1,-6.1,-8.4,-9.4,-7.3
2C7L51Ekap,0,48.107682,11.635558,4442849.77,2778473.43,553.3,599.0,279,7491,3.2,0.78,0.41,32.69,348.97,-0.53,-0.103,0.842,-1.1,0.2,-0.37,0.24,1.1,0.2,-0.3,0.9,-0.7,1.5,0.8,-0.7,-0.2,1.4,3.5,0.2,4.9,1.6,1.2,2.5,1.3,0.8,1.0,-2.4,-2.1,0.1,-5.1,-2.0,-1.2,-3.7,-0.3,-0.1,-3.3,0.6,-3.7,-4.2,-3.2,-4.2,-6.3,-9.0,-5.9,-2.4,-2.1,-2.9,1.0,-0.2,-0.4,-3.7,-3.7,2.9,-3.2,-4.8,-2.0,-3.1,-4.3,-2.2,-1.6,-2.0,1.1,0.4,-0.4,1.4,-4.4,-1.2,0.6,-0.3,-1.5,-1.3,-0.7,-1.1,1.2,-2.1,-0.5,-1.7,-0.0,-4.9,-2.7,4.7,-0.5,9.5,-2.7,-3.2,-3.8,-2.0,-4.2,-8.1,-4.4,-4.0,-3.3,-2.1,-1.5,-6.9,-4.7,-3.0,-3.6,-5.1,-3.3,-0.9,-7.8,-4.9,-5.9,-3.4,-3.7,-1.7,-0.2,-2.4,-3.7,1.5,-1.5,2.6,1.1,-1.5,-0.1,-1.6,-0.7,-2.2,1.9,3.6,0.5,4.0,-3.5,-3.0,0.1,-4.1,-2.9,-0.8,0.3,-0.2,-0.5,0.9,-2.5,0.5,2.5,-0.2,-0.0,-2.8,-4.3,7.1,-5.2,-7.2,-1.3,-2.2,2.0,1.0,-7.6,-0.3,-1.0,5.0,-2.6,-2.6,-6.7,-4.1,-3.0,-1.8,0.2,-1.3,-4.2,-0.8,0.1,-4.2,-4.1,-3.2,-1.6,-4.5,-1.3,-3.0,-5.8,-8.8,-18.0,-7.7,-7.4,-8.5,-4.3,-5.6,2.0,-5.1,-7.0,-1.6,-5.6,-11.8,-2.7,-8.2,-10.1,-4.1,-2.5,-14.6,-6.8,-6.1,-6.8,-6.3,-8.6,-7.5,-6.4,-6.0,-9.5,-6.8,7.5,-0.9,-5.9,-0.3,-3.8,-3.1,-9.3,-4.3,-6.3,-8.7,-2.4,-4.4,-7.7,-8.3,-7.2,-3.6,-7.0,-6.0,-3.0
2C7L51Ekaq,0,48.107659,11.63538,4442836.53,2778470.62,541.9,587.6,279,7492,3.5,0.73,0.46,32.69,348.97,-0.53,-0.103,0.842,-1.0,0.2,-0.18,0.27,1.0,0.2,-0.3,-2.0,0.3,1.6,-0.9,1.3,-0.3,0.8,2.3,-0.4,-0.9,2.8,-0.7,5.0,-5.0,2.4,-1.3,-7.4,-2.4,0.9,-4.0,-2.4,-1.7,-4.8,-6.3,-6.0,-2.9,-1.6,-4.2,-5.9,-4.0,-4.5,-6.2,-7.5,-7.5,-6.0,-4.3,-2.6,-0.4,-1.8,-1.7,-4.8,-5.9,-5.0,-1.6,-7.4,-2.7,-2.4,-8.3,-1.3,-3.9,-4.1,0.2,-3.4,-2.7,-2.1,-1.3,-2.2,-4.8,-4.4,-3.2,-4.8,-3.6,0.8,-3.7,1.0,-15.2,-4.4,-3.1,-4.4,-4.0,-9.9,-4.7,-4.6,-5.0,-6.2,-4.2,-2.3,-6.1,-7.9,-3.9,-10.0,-0.5,-3.4,-8.0,-5.8,-7.3,0.9,-4.2,-4.0,0.6,-3.7,-7.2,-5.2,-5.9,-3.3,-2.3,-2.6,-8.0,-4.7,-5.9,-5.5,-4.1,3.0,-4.4,-0.6,-1.8,-1.6,-3.7,-2.0,-4.8,-1.4,-6.5,-3.4,-4.1,-4.2,-2.2,-3.4,-2.0,-6.2,-9.5,-1.6,-6.2,-5.1,-3.9,-1.8,-4.0,0.5,-2.0,-4.8,-5.6,7.7,-4.3,-8.7,-4.6,-1.4,-18.8,-6.7,-7.2,-3.2,-3.1,0.8,-5.9,-6.0,-5.4,-3.7,-6.3,-9.9,0.6,1.1,-0.0,0.9,-1.6,0.7,-1.3,-4.6,-3.0,-8.1,-4.0,-2.6,-4.7,-7.7,-17.1,-8.3,-9.8,-8.1,-4.2,-2.6,-5.8,-2.0,-7.0,-9.0,-1.1,3.8,-5.9,-8.1,-7.9,-6.5,-6.8,-12.2,-4.6,-5.2,-4.5,-5.5,-6.7,-3.5,-7.4,-5.9,-7.8,-8.9,-8.7,-16.6,-2.8,-15.6,-2.2,1.5,-6.3,-1.7,-12.2,-2.2,-10.8,-18.4,-7.7,-14.1,-8.3,2.1,-11.7,-8.5,-7.1
2C7L51EkbV,0,48.107976,11.637845,4443019.42,2778509.83,548.4,594.0,279,7533,2.2,0.88,0.33,32.7,348.97,-0.53,-0.103,0.842,-0.4,0.1,-0.88,0.17,0.2,0.1,-0.3,-0.4,-0.7,0.2,-0.4,-0.7,-0.5,0.6,1.3,1.9,-1.4,0.3,1.1,2.1,1.9,1.9,0.8,3.3,2.6,1.1,3.8,-1.1,2.7,-0.4,1.8,3.3,4.6,0.8,2.3,1.1,-0.8,0.3,1.2,-2.0,-1.3,1.9,1.2,1.9,2.8,1.1,-0.2,1.1,1.7,2.7,2.6,-0.4,0.8,-1.2,-0.6,2.6,0.7,4.5,3.3,2.9,3.5,0.9,3.2,1.9,1.0,1.1,-0.0,0.4,1.9,1.2,2.0,-6.3,0.1,-1.0,0.1,1.5,1.5,0.6,0.0,1.3,0.8,2.3,2.4,-0.2,-1.1,0.5,1.0,2.9,3.7,2.2,1.5,1.4,4.1,2.5,4.8,7.3,1.0,3.8,1.5,0.8,-1.2,-0.6,10.6,9.1,4.1,3.8,1.0,2.3,2.6,0.8,3.1,5.2,2.2,3.1,3.9,5.2,6.5,6.7,2.3,1.9,4.2,2.9,2.1,0.7,1.5,7.6,0.8,1.0,2.4,1.2,1.9,2.3,4.9,3.9,2.8,2.0,2.3,-0.3,5.0,1.4,-0.3,-1.1,0.9,1.4,1.0,0.2,4.8,0.3,-0.9,-1.9,-0.7,0.4,2.1,0.5,1.3,3.3,1.9,1.4,1.4,2.6,2.2,1.2,3.6,0.6,2.3,1.9,2.6,0.5,-2.7,-0.0,-0.2,-1.1,-1.1,5.5,8.0,3.9,0.7,-0.3,0.3,-2.4,-1.3,-0.7,-3.7,-1.1,1.5,5.1,0.5,0.3,1.6,1.2,-3.0,0.3,-0.4,-0.9,1.6,0.5,-5.5,-8.8,4.6,-1.8,0.0,0.1,-1.3,5.2,-2.9,-0.0,0.2,-1.1,-1.4,-2.5,-2.4,-2.2,-1.6,0.4,0.2
2C7L51EkWv,0,48.1059,11.621536,4441809.56,2778252.41,541.6,587.3,279,7249,2.7,0.85,0.44,32.6,348.93,-0.529,-0.103,0.842,-0.9,0.1,-0.19,0.2,0.6,0.2,-0.3,2.7,-0.3,2.3,0.7,0.7,-1.2,-3.2,-2.1,-2.2,1.2,0.8,-2.9,-2.8,1.1,-1.2,-2.4,0.3,-1.4,-0.6,1.0,-0.0,0.2,-0.9,-2.7,-2.0,-1.3,-2.2,-1.8,2.6,-6.1,5.5,-0.6,-8.1,-3.4,-9.0,3.7,0.1,1.4,0.3,0.9,-0.1,-0.2,3.4,-10.7,5.1,-3.1,-1.9,-1.3,-1.4,3.9,3.5,-2.2,-2.1,-8.2,-3.3,-1.3,-2.1,-0.4,-0.2,-0.6,-2.2,-1.9,-4.2,-4.2,1.9,-4.0,-4.9,-4.3,-1.3,-1.0,-2.9,-1.6,-2.9,-0.4,-0.4,1.6,-13.1,-1.3,-0.3,-4.2,-2.0,-2.5,-1.7,-3.0,-2.7,-3.0,-4.5,-5.4,0.6,-4.9,-2.6,-16.7,-3.9,2.7,-5.7,-1.2,2.4,-3.4,-2.6,-1.7,1.1,1.1,-1.2,-0.0,-3.3,1.4,0.3,-1.9,-2.0,-1.9,-1.9,1.2,-0.5,-1.0,-1.1,-2.4,-4.1,-2.6,-0.5,0.4,-5.0,-0.7,-2.2,-0.8,5.7,0.2,-3.5,-0.2,-2.9,-5.4,-4.5,0.7,-0.4,-2.4,-4.8,0.8,-0.7,-6.7,-1.5,-0.2,-2.9,-1.4,-1.8,-3.1,-1.3,-1.0,-3.1,-3.4,-2.8,-0.9,-4.8,-3.2,-3.3,-4.2,-3.5,-3.5,-1.6,-3.1,-3.8,-4.0,-5.7,-4.6,0.0,-0.3,-1.9,-0.7,-3.8,-4.6,-3.8,-3.6,-2.2,-4.2,-5.7,-4.8,-5.0,-3.9,-4.5,-4.4,-11.3,-5.4,-4.4,-3.7,-3.3,-6.5,-3.2,-5.8,-6.9,-4.3,-3.6,-5.1,-7.6,-5.2,-3.0,-5.5,-6.5,-3.1,-5.0,-7.0,-2.6,-5.9,-4.4,-3.9,-4.4,-3.9,-5.0,-5.0,-5.2,-6.6
2C7L51EkYD,0,48.106482,11.626063,4442145.35,2778324.44,539.1,584.8,279,7329,3.0,0.81,0.39,32.65,348.97,-0.529,-0.103,0.842,-0.9,0.2,0.11,0.23,0.8,0.2,-0.3,1.3,0.4,1.4,1.4,3.2,0.9,-0.7,-0.6,4.6,-8.4,2.9,1.2,1.9,2.9,4.1,0.9,2.6,2.1,3.0,1.9,-0.3,1.6,3.9,3.4,6.5,6.6,3.6,3.3,-0.6,-0.1,-7.7,0.5,-1.5,-0.0,0.4,-2.2,2.0,2.3,4.2,1.6,3.1,2.3,1.0,2.2,1.1,1.6,2.0,0.4,0.7,3.1,0.5,1.0,0.2,1.4,-0.3,1.0,2.7,2.2,-2.6,-0.4,1.6,2.1,-10.1,1.2,6.4,-0.5,2.1,0.2,2.0,2.5,1.6,1.9,-0.8,1.5,3.4,5.7,2.6,2.5,5.4,3.4,1.4,1.3,2.3,2.3,0.7,4.2,3.5,2.4,-1.1,0.9,1.8,-2.0,-1.0,-0.8,-2.5,1.2,2.0,2.4,1.5,1.7,2.0,0.9,3.5,1.1,-0.7,1.3,0.2,3.8,1.4,1.4,2.3,2.0,3.0,1.1,2.3,1.8,2.5,-0.7,-1.2,-0.6,8.0,1.3,0.8,4.9,-11.5,0.9,3.4,2.9,-2.7,2.9,-4.3,-0.9,4.4,-1.2,-0.5,-1.3,-0.1,-4.2,-0.8,2.4,3.0,-5.9,-3.8,-2.7,-1.2,-4.5,-9.8,0.9,-0.8,-2.3,-17.0,-0.9,0.7,-3.3,-4.3,-1.2,-1.3,-5.2,-2.9,-4.4,-5.4,2.9,8.6,-5.0,1.3,1.8,-0.6,-3.2,-0.7,-0.0,-1.6,1.0,-0.5,-2.1,-6.3,-3.6,-5.2,-2.6,-3.4,-6.3,-4.7,-4.5,-2.2,1.4,-5.8,-5.1,-0.3,6.4,-2.0,-2.3,-6.4,1.2,3.2,-1.7,-1.4,-0.8,6.1,2.1,-1.7,-2.3,0.6,-4.0,-2.5,-1.1,-0.4,-1.9,-3.9,-3.8
2C7L51EkYE,0,48.106479,11.626041,4442143.74,2778324.1,535.3,581.0,279,7330,1.6,0.93,0.26,32.65,348.97,-0.529,-0.103,0.842,-1.0,0.1,-0.46,0.12,0.5,0.1,-0.3,0.6,0.3,-0.2,0.4,0.6,-0.4,-1.5,-1.1,-0.1,1.3,1.6,1.5,0.0,1.7,0.2,1.2,0.3,1.3,0.1,-1.6,-1.0,0.9,2.1,1.1,3.7,2.7,2.8,1.9,-0.6,-3.9,-9.0,-3.0,-2.4,-0.9,-1.3,-0.2,0.9,1.6,3.1,2.2,1.7,1.5,2.2,1.4,1.4,0.2,1.3,0.6,0.9,1.0,-0.3,0.2,0.1,0.3,0.8,0.4,2.1,2.3,-0.0,0.4,1.8,1.8,-4.4,1.1,7.9,-0.8,0.8,1.7,0.1,2.4,1.4,1.5,0.4,1.1,1.6,2.0,1.7,2.5,0.3,0.8,-0.1,-0.2,-0.9,-1.3,-0.5,0.5,-0.4,0.9,-0.6,-1.5,-1.0,-1.1,-1.2,-1.7,-2.1,1.2,2.1,-0.5,0.0,0.7,-1.9,1.1,-0.0,0.3,0.0,0.6,-0.8,0.4,0.2,0.2,-0.5,-0.8,0.2,0.3,0.3,2.2,1.1,-0.4,-0.3,1.3,1.4,0.3,0.8,1.6,1.4,1.7,3.5,2.2,-1.1,-1.8,-3.2,-0.9,0.6,-1.2,-2.1,-3.3,-0.8,-3.9,1.0,1.3,-2.3,-2.1,-2.4,-1.7,-2.1,-3.3,-5.5,-1.7,-1.9,-0.9,-1.5,0.2,-0.6,-1.9,-1.5,-0.6,-0.7,-1.3,-2.1,-2.9,-4.8,-2.3,-2.8,-3.2,-3.4,0.9,-2.1,-2.5,-3.3,-2.0,-2.6,-2.8,-2.9,-2.7,-5.3,-4.0,-4.1,-2.8,-3.9,-4.7,-3.3,-3.8,-3.7,-2.3,-3.4,-6.5,-2.7,-2.6,-2.7,-3.4,-4.4,-1.2,-3.9,-5.1,-5.2,-3.7,-2.5,-5.6,-4.5,-4.3,-2.9,-3.2,-4.3,-3.8,-1.8,-3.2,-3.4,-3.0
2C7L51EkYL,0,48.106524,11.626392,4442169.79,2778329.69,534.5,580.2,279,7337,1.8,0.91,0.29,32.65,348.97,-0.53,-0.103,0.842,-0.5,0.1,-0.43,0.14,1.0,0.1,-0.3,0.8,-1.1,0.1,-0.6,0.0,2.9,-0.5,0.4,0.8,-3.8,0.9,1.6,-1.6,-0.7,-0.9,-1.5,-2.5,-2.9,-1.8,-2.6,-2.4,-0.2,-1.4,-1.1,3.1,1.2,-0.1,0.6,-5.1,-3.8,-13.5,-5.3,-5.3,-3.9,-4.9,-1.0,-1.1,-1.5,2.1,-1.8,1.3,0.1,-0.9,1.3,-0.0,-0.0,-0.3,0.5,-1.3,-2.3,-0.9,-1.5,-1.4,-0.3,-1.7,-0.4,0.8,0.6,0.2,0.5,-0.8,0.1,0.2,-2.0,-0.2,-0.1,-1.7,-2.8,-3.2,-1.7,-2.4,-1.8,-0.9,-3.0,-0.0,-2.0,-1.9,-1.0,-1.7,-0.8,-1.0,-2.1,-1.1,-1.5,-3.1,-2.4,-1.6,0.2,-2.2,-3.1,-4.3,-5.2,-4.4,-1.9,-1.1,0.4,-0.0,-2.4,-2.1,-1.8,-2.9,-1.2,0.4,0.5,2.3,-0.2,-0.5,1.6,-1.3,-1.7,-1.8,-2.4,-1.8,-1.3,-1.3,-0.6,-3.4,-0.5,-0.2,0.2,2.4,1.1,1.2,-0.3,-2.2,0.2,0.7,-2.1,-2.3,-1.6,-3.0,-4.0,-1.2,-1.5,-2.5,-3.2,-0.0,-2.7,2.1,1.9,-2.5,-0.5,-1.7,-1.9,-1.8,-1.2,-1.6,0.5,0.8,0.7,-3.2,4.0,-0.8,-2.3,-2.6,-1.3,1.0,-1.0,-2.6,-1.1,-2.7,-2.5,-4.0,-2.9,-5.1,0.6,-3.4,-3.7,-4.1,-1.3,-3.9,1.2,-4.1,-2.3,-2.2,-1.8,-1.8,1.2,-6.3,-2.4,-4.0,-2.5,-2.9,-1.9,-3.8,-4.5,-2.8,-1.8,-3.6,-5.6,-3.6,-1.8,-4.9,-5.2,-6.7,-4.7,-3.3,-5.4,-4.7,-4.8,-1.9,-3.5,-4.9,-5.1,0.5,-2.4,-0.9,-2.9
2C7L51EkYO,0,48.106564,11.626703,4442192.87,2778334.63,540.7,586.4,279,7340,4.6,0.58,0.49,32.65,348.97,-0.53,-0.103,0.842,-2.5,0.2,-0.33,0.36,1.6,0.3,-0.3,-3.3,-2.4,-3.5,-0.7,-3.8,-2.7,0.9,1.7,0.1,5.4,-4.6,-2.3,1.9,-0.3,1.3,3.1,2.7,6.1,3.1,5.1,1.7,5.3,-3.1,6.4,7.8,8.1,15.0,8.4,1.6,7.3,-3.6,2.4,-0.2,5.6,-1.6,1.4,4.6,8.1,11.3,0.3,4.3,10.9,7.3,6.4,-2.9,3.6,-12.4,3.9,0.1,3.3,4.8,1.2,-0.7,9.7,2.7,5.5,3.4,4.8,0.9,2.8,0.0,-2.5,11.5,-1.1,-0.4,-1.2,-3.1,-0.2,6.4,-2.3,6.4,3.1,-3.9,-5.4,1.3,-9.1,-2.0,1.1,3.0,3.3,4.0,6.0,1.0,-3.2,1.2,8.6,7.3,10.6,9.6,2.0,2.5,-1.4,3.7,3.0,1.5,5.4,3.0,-3.1,3.7,5.5,5.9,8.6,6.2,6.9,3.8,4.6,7.5,7.8,6.8,-14.6,5.6,-12.4,-0.5,9.2,-3.7,-9.3,-3.4,-16.7,8.7,2.4,7.8,-9.5,-12.1,-10.8,8.1,-17.3,7.5,-0.3,-2.7,-4.3,-2.9,5.0,-12.7,-3.6,-1.8,-3.6,-5.6,-11.2,-1.0,-0.2,-5.3,-5.8,-3.8,1.2,-4.9,-1.5,-2.5,-7.9,-4.0,-3.3,-1.3,-2.5,-1.9,-7.5,-6.8,-7.0,-5.4,-5.9,-5.8,-5.9,-4.1,-1.7,-6.1,-5.1,-6.3,-2.5,-3.3,-6.8,-1.9,-7.1,-7.1,-5.3,-4.4,-6.6,-8.5,-8.4,-6.0,-3.7,-4.1,-7.1,-6.4,-6.0,-7.9,-8.3,-6.1,-5.9,-9.1,-5.2,-5.6,-6.1,-9.2,-5.1,-3.5,-5.8,-7.5,-6.7,-5.7,-6.7,-9.7,-5.8,-6.2,-5.4,-8.2,-7.1,-9.4,-10.0,-9.0,-6.7
2C7L51EkYP,0,48.106556,11.626642,4442188.31,2778333.66,534.9,580.6,279,7341,3.5,0.69,0.35,32.65,348.97,-0.53,-0.103,0.842,-2.8,0.2,-1.3,0.3,1.0,0.2,-0.3,-1.5,-0.2,1.1,1.6,-0.2,-5.3,2.2,2.4,5.5,4.1,3.9,-5.1,5.0,4.8,4.3,4.9,3.6,4.3,4.1,3.2,2.3,5.7,-1.3,3.6,6.9,5.9,5.6,13.0,-1.7,0.6,-9.3,-0.6,-0.9,0.1,-0.0,0.9,2.7,4.5,4.8,2.6,3.8,1.3,4.7,5.1,2.9,1.7,-2.9,0.8,1.7,1.0,3.9,3.4,4.3,7.2,5.7,6.8,8.0,7.7,7.2,5.9,4.8,7.9,8.6,4.3,0.8,-7.3,3.9,6.5,6.6,4.9,3.1,4.0,2.5,3.7,5.8,4.2,4.6,5.0,5.7,6.4,5.5,5.4,5.3,3.4,5.5,5.8,7.1,7.1,4.8,2.4,3.5,0.3,2.8,2.3,3.2,5.8,4.0,4.8,4.1,5.7,4.9,5.5,4.8,6.3,4.7,5.4,5.8,5.0,5.2,6.3,6.2,5.3,3.8,5.5,6.2,7.2,1.6,9.3,-16.2,8.2,6.4,-13.6,10.1,7.9,7.4,7.0,6.4,0.5,-0.4,0.0,1.4,-2.5,-8.3,-4.7,-5.2,-8.3,-8.4,-12.3,-4.5,-5.1,-6.6,-3.3,-4.7,-0.5,-5.3,-3.4,0.9,-12.5,-2.0,-3.2,-4.6,-2.2,-2.5,-6.6,-5.0,-4.4,-4.6,-3.3,-5.0,-5.3,-4.1,-3.0,-4.4,-4.9,-7.0,-6.3,-3.8,-5.7,-7.3,-6.3,-6.3,-5.8,-6.1,-5.3,-4.9,-7.1,-8.0,-5.3,-8.0,-6.6,-5.1,-3.3,-6.6,-8.4,-6.4,-5.5,-10.3,-6.0,-4.8,-8.3,-7.3,-7.2,-8.2,-6.2,-8.7,-8.1,-6.2,-7.3,-10.9,-7.9,-7.0,-6.7,-8.0,-7.3,-7.2,-9.0,-6.6,-6.1
2C7L51EkYw,0,48.10683,11.628778,4442346.76,2778367.63,545.6,591.3,279,7374,3.3,0.76,0.45,32.66,348.97,-0.53,-0.103,0.842,-1.1,0.2,0.78,0.25,0.7,0.2,-0.3,-0.4,2.7,-3.7,-2.9,5.6,0.4,4.1,3.3,-1.3,2.8,1.4,6.3,4.7,-0.1,-2.2,2.8,-0.5,1.8,-0.7,3.7,2.7,2.4,-1.9,1.8,-3.2,4.2,-0.8,-2.0,-4.1,-4.5,-4.9,-2.3,-4.6,-3.5,-5.2,-2.9,-0.8,1.2,0.7,-0.5,0.2,-3.2,1.1,-1.0,0.1,-2.9,-5.5,-2.9,-2.1,-3.8,-2.3,-1.3,-4.3,-0.8,-0.7,-6.9,-2.2,-4.6,0.4,-3.9,-3.6,-2.4,-6.5,-3.9,-6.5,-2.1,-3.5,1.9,-4.2,-2.5,0.9,2.5,-1.5,-1.8,-0.8,1.4,-1.3,-4.0,-5.3,1.6,-4.8,-2.7,-3.9,-2.2,-5.1,-0.2,-3.8,1.8,0.1,-2.3,0.8,-4.8,-3.0,-3.5,-8.1,4.9,-1.1,0.7,-4.1,-8.0,7.4,3.6,-6.9,-5.9,-1.6,-5.4,-6.9,1.8,-4.2,-4.7,-5.1,-5.3,-4.5,5.0,-0.4,-2.3,-4.3,-1.1,-1.1,-0.9,-3.9,0.9,-3.9,-5.0,4.8,9.0,-0.3,-2.7,-4.5,-4.2,-15.6,-8.6,-2.6,-4.6,-4.4,-4.4,-4.8,-8.6,-3.9,-4.0,-4.2,-5.3,-5.2,-9.5,-2.9,-3.9,-14.7,-5.4,-3.4,-4.4,-17.6,-1.6,-5.2,-8.6,-6.1,-1.8,-2.3,-1.9,-0.5,-9.5,-7.0,-4.4,-7.3,-9.3,-4.9,-0.2,-4.8,-7.8,-3.7,-6.1,-3.5,0.5,-4.5,-4.6,-8.1,-6.0,-5.7,-5.4,-13.5,-6.0,-5.4,-5.4,-7.4,-7.2,-4.6,-3.7,-6.3,-0.5,-0.2,-6.9,-2.3,-3.6,-1.5,0.2,-1.0,-6.4,-3.2,-7.7,-8.2,-4.7,-6.5,-5.8,-4.3,-5.0,-2.4,-5.4,-4.2,-1.3
2C7L51Ekag,0,48.107657,11.635219,4442824.56,2778470.09,560.4,606.1,279,7482,3.6,0.73,0.47,32.69,348.97,-0.53,-0.103,0.842,-2.1,0.2,-0.67,0.28,1.3,0.2,-0.3,-2.3,-2.7,1.8,-1.0,0.7,9.9,-2.0,-1.0,-1.9,-5.0,-0.2,3.8,0.3,-1.6,-0.8,0.8,-3.4,-1.5,-6.2,-6.0,-3.5,-2.6,-3.9,-0.3,1.5,-3.6,-4.9,-4.6,-8.2,-2.2,-1.4,-5.2,-0.5,-4.9,-9.8,-0.7,-4.4,0.4,-0.2,-1.0,-0.3,-3.9,-2.4,-4.3,-4.6,-0.6,6.5,12.0,1.9,2.6,0.5,0.7,0.3,1.2,2.6,-3.3,2.1,0.7,-0.5,-1.0,-2.3,0.8,-0.1,-1.9,2.5,-8.7,-1.8,-13.5,0.4,-1.7,-0.8,-4.0,-3.5,-2.4,-5.2,-6.4,-2.7,-0.4,-2.7,-5.9,-3.5,-3.6,-2.5,-1.8,-3.6,-14.1,-2.4,-0.1,-2.6,-3.3,-2.3,-7.1,-7.7,-3.4,-4.1,0.4,-1.9,-0.7,-0.7,-3.0,-2.4,-0.4,1.6,-0.7,1.0,-1.3,-4.6,-4.0,-1.9,-3.0,-0.7,-3.3,-1.5,-4.4,-2.1,-3.9,-5.9,-3.2,-2.0,-4.0,-3.0,-1.2,-7.2,-0.3,2.7,-5.8,-6.3,-0.7,-3.7,-5.0,-4.3,-2.8,-5.9,-5.2,-6.6,-5.6,-3.4,-7.2,-1.4,-5.5,-8.2,-6.9,-5.3,-5.4,-3.1,-4.6,-3.3,-5.3,-4.0,-6.3,-4.9,-5.6,-3.0,-1.4,-1.8,1.2,-1.9,-3.8,-5.4,-6.6,-7.8,-5.1,-3.6,-21.1,-13.2,8.4,2.2,-3.9,-18.7,1.3,-1.3,-12.7,-11.0,-3.0,-11.8,-7.0,-8.0,-8.9,-14.5,-7.1,-9.7,-13.8,-17.2,-15.5,-13.3,-10.3,-6.9,-10.8,-12.9,-11.6,-14.5,-11.3,-12.3,-9.2,-12.8,-8.3,-3.8,-7.0,-7.9,-7.8,-9.7,-8.1,-8.0,-11.4,-9.1,-9.1,-12.8,-9.2
2C7L51EkbQ,0,48.107992,11.637831,4443018.33,2778511.65,559.9,605.6,279,7528,3.9,0.68,0.47,32.7,348.97,-0.53,-0.103,0.842,-0.6,0.2,-1.01,0.3,1.6,0.3,-0.3,2.8,0.6,1.8,-0.0,-0.6,1.4,0.7,1.7,1.6,-0.6,0.5,3.4,-3.0,-0.1,-7.2,-7.5,-4.7,-4.5,-9.6,-5.1,3.2,-7.8,0.5,-1.5,3.4,-2.2,3.0,2.4,1.2,-1.6,4.6,-3.1,0.3,12.6,3.4,-2.5,11.2,3.4,2.4,5.6,5.1,4.5,6.4,2.7,3.2,1.8,0.9,0.5,4.6,1.0,4.7,0.6,-0.4,1.2,0.4,1.9,0.4,4.0,-0.1,0.7,1.9,-0.8,-2.7,4.0,-7.3,-1.4,2.9,-1.9,-1.3,4.0,3.6,1.4,2.3,0.1,2.8,-0.0,1.8,0.4,0.9,-8.5,-0.7,-3.8,1.1,2.8,-0.9,0.9,-10.8,-5.3,-5.8,13.3,-9.1,4.3,-4.9,5.9,-2.7,6.8,0.9,3.0,8.6,3.0,5.9,15.5,8.9,10.9,0.4,2.9,-8.3,2.1,-7.2,2.4,12.0,12.7,1.7,5.4,4.6,2.5,-2.8,2.0,6.9,3.4,4.8,4.7,-0.1,3.5,3.0,-0.4,0.7,6.5,4.3,-0.9,3.6,4.8,-1.3,2.2,-0.8,0.9,-0.9,1.5,4.6,2.4,1.7,2.6,-0.8,-0.0,1.7,0.4,-3.0,0.8,1.2,-1.2,-3.5,0.6,-3.3,-2.3,-0.6,4.0,-1.3,1.2,-0.5,2.7,-3.2,-9.5,-1.5,-1.4,2.0,3.5,3.5,4.0,3.0,4.6,5.7,-3.5,-0.3,-2.3,-2.1,-5.8,1.5,0.1,-6.5,-2.5,4.9,-2.2,0.3,-0.9,-2.2,-0.7,-2.4,-2.0,-4.2,-0.5,0.6,-1.2,-1.5,0.2,3.2,-2.4,-7.2,-0.4,1.9,-3.8,-4.8,-5.5,-6.0,-2.1,-2.6,-0.2,-2.2,0.4
2C7L51EkYG,0,48.106518,11.626199,4442155.43,2778328.67,537.7,583.4,279,7332,2.6,0.81,0.36,32.65,348.97,-0.529,-0.103,0.842,-1.5,0.1,-0.31,0.2,1.7,0.2,-0.3,3.3,-2.5,1.8,-0.5,-0.2,-1.9,-1.6,1.6,0.2,-7.7,0.4,-1.2,-1.7,3.4,-6.0,-2.7,-5.7,-5.3,-5.4,-5.1,-4.5,-2.1,-2.5,-3.6,-0.5,-2.1,-0.4,1.1,-0.9,-4.8,-14.3,-6.1,-4.2,-0.1,-6.9,-4.7,-2.5,-0.4,-0.9,1.2,-2.7,-1.4,-1.9,-3.6,-1.0,-0.5,-9.8,-11.8,-4.2,-6.0,-5.2,-3.8,-2.5,-2.6,-4.3,-2.7,-1.3,-1.5,-4.3,-0.8,-1.3,-3.9,-6.3,-0.7,-8.2,1.3,-3.7,-2.2,-3.3,-5.0,-3.2,-1.9,-3.9,-5.4,-4.6,-4.0,-6.2,-8.8,-5.9,-6.1,-5.9,-6.2,-5.5,-7.2,-7.0,-9.5,-3.0,-5.5,-7.7,-7.1,-2.5,-7.7,-8.8,-6.6,-5.7,-4.9,-5.8,-4.3,-2.6,-1.7,-1.8,-2.8,-4.0,-1.9,-1.8,-4.0,-2.7,-3.8,-0.9,-4.3,-2.5,-4.5,-4.9,-2.7,-1.0,-3.3,-7.9,-2.3,-2.3,-3.0,-3.8,-2.7,-1.7,-2.0,-1.5,-0.6,-6.9,-3.0,-4.8,-5.3,-8.9,-4.3,-11.4,-9.9,-6.9,-7.0,-9.4,-11.8,-5.9,-5.0,-3.6,-4.9,-6.5,-3.7,-3.3,-0.4,-7.2,-4.4,-6.2,-3.3,-2.9,-0.3,-2.7,-2.2,-5.4,-4.1,-6.8,-5.0,-4.4,-8.5,-8.4,-12.5,-7.5,-10.1,-18.0,-5.3,-4.9,-10.2,-1.9,-6.4,-3.5,-8.8,-6.7,-5.2,-6.8,-6.2,-7.5,-8.3,-13.8,-5.9,-4.8,-5.6,-9.4,-10.1,-5.3,-7.0,-10.4,-11.1,-9.6,-10.2,-10.6,-13.7,-11.4,-9.8,-13.2,-12.0,-10.7,-9.1,-10.7,-11.0,-7.5,-7.9,-12.1,-5.6,-6.8,-10.3,-9.1,-7.9
2C7L51EkZv,0,48.107249,11.631893,4442577.78,2778419.28,528.7,574.4,279,7435,3.3,0.75,0.53,32.67,348.97,-0.53,-0.103,0.842,-0.8,0.2,-0.33,0.26,1.3,0.2,-0.3,1.2,-0.0,1.4,-0.4,-2.2,2.1,-0.5,0.3,1.7,-0.9,0.2,-0.2,0.5,-13.9,7.4,-7.4,-0.8,-5.0,-3.9,-9.0,-6.2,3.0,2.0,0.1,2.7,-0.4,-1.0,0.7,-8.5,-1.5,-1.8,0.8,-1.1,2.8,-2.7,-0.7,2.6,2.1,6.9,0.2,1.0,2.5,-0.5,1.4,3.8,1.6,-2.3,3.4,1.9,4.5,4.0,1.3,4.3,7.9,7.6,3.4,2.4,8.0,8.7,0.6,2.5,-1.8,-2.7,-2.8,4.9,0.4,8.1,5.0,5.2,6.3,1.3,4.1,1.7,3.1,5.1,4.6,0.4,2.0,4.1,-0.6,1.0,-2.2,-2.7,0.6,-9.5,1.8,-2.0,-2.3,4.8,-5.3,-11.7,-4.2,1.3,1.9,0.8,-0.5,1.0,-0.5,1.3,2.5,-0.3,1.0,0.9,1.8,1.9,0.6,-0.2,-0.8,2.1,-0.4,-0.1,-2.5,2.4,-4.2,-4.2,7.0,2.0,7.4,2.4,-2.1,1.1,1.8,1.3,3.9,-0.6,3.3,0.6,-3.6,0.9,-3.5,-1.5,-3.7,-0.7,-1.6,-3.7,3.2,1.8,-9.1,-3.5,-4.8,0.4,-2.8,-0.7,-7.6,-2.3,-1.1,0.1,-0.2,1.3,-4.7,-2.2,-5.7,-4.6,3.1,-11.5,-0.5,-2.6,-2.1,2.5,-0.2,-6.5,-3.9,-0.3,-3.5,-1.6,1.4,1.9,2.4,-1.6,1.1,-3.4,-2.5,-4.5,-1.9,-6.2,0.4,-2.4,0.5,2.3,-1.2,-1.6,-1.5,-3.6,-2.0,-2.2,-1.3,0.1,-3.0,-0.8,-6.6,-3.9,-0.8,-5.7,-0.8,0.9,-4.9,-1.8,-4.9,-6.2,-2.6,-2.9,-0.1,0.8,-0.1,1.5,0.2,-2.7,-3.6
2C7L51Eka6,0,48.107395,11.633032,4442662.28,2778437.35,555.8,601.5,279,7446,4.5,0.63,0.51,32.68,348.97,-0.53,-0.103,0.842,-0.6,0.2,-0.19,0.34,0.5,0.3,-0.3,1.5,-3.9,0.6,-1.7,0.7,-0.8,-2.5,3.2,-0.6,0.5,1.2,1.8,-4.3,1.7,1.8,0.4,-0.7,3.0,-4.4,-2.5,-1.3,-0.8,-1.4,0.9,0.1,-0.2,3.0,0.2,-2.1,-3.3,-2.9,-4.3,-5.5,-4.6,-4.5,-3.3,-2.1,3.0,-1.4,3.3,1.4,3.1,5.3,-2.2,-0.1,-0.4,-0.9,4.2,-1.9,1.3,-1.1,4.8,-0.2,3.8,-2.4,-1.5,0.2,-1.3,-0.6,-0.9,-3.2,-1.0,-10.4,-0.5,-2.1,0.5,-2.5,5.5,-1.4,-1.9,-2.4,-3.4,-1.6,-2.5,4.6,-3.5,8.1,-2.5,-9.0,-2.7,-7.5,-10.0,-6.9,-8.7,-3.3,-10.6,-4.0,-2.8,0.2,-3.7,-6.1,-4.7,-2.1,-7.5,-0.9,6.1,1.8,-1.8,2.4,4.6,7.8,0.6,3.3,1.1,2.0,4.9,-0.3,13.8,1.2,-5.8,-3.3,-2.1,-6.3,-1.7,1.6,-3.9,-4.3,-2.7,-1.7,-8.6,-1.0,-2.6,-0.4,1.9,-12.2,11.5,1.1,-3.1,-10.9,-0.1,14.1,-3.3,0.2,-0.4,-5.4,-5.0,-5.6,-5.3,2.2,0.4,-12.6,-2.0,-2.9,-6.7,-8.9,-2.1,10.8,-3.6,-2.4,-5.5,3.7,0.9,1.1,-1.1,3.4,4.3,7.9,5.6,2.1,-1.0,-13.2,1.6,2.4,-1.2,-6.9,9.4,-1.9,-1.5,5.3,-3.8,-6.1,-1.0,-8.6,-0.6,-2.0,-7.9,-2.5,-4.2,-4.4,-9.1,-5.8,-9.8,-11.1,-11.2,-6.4,6.1,4.4,0.5,-1.2,-4.3,-4.9,-1.6,-5.2,-1.9,-0.5,-3.0,-2.5,-1.1,2.5,-9.2,-0.9,-4.7,-12.0,0.0,-6.9,-2.2,-1.2,-3.5
2C7L51Ekab,0,48.107562,11.634331,4442758.61,2778458.07,530.7,576.4,279,7477,4.4,0.62,0.49,32.69,348.97,-0.53,-0.103,0.842,0.3,0.2,-1.25,0.34,1.6,0.3,-0.3,-2.4,3.7,-0.4,2.3,1.9,6.2,1.8,0.2,3.2,-15.3,0.8,7.5,-2.0,-2.6,-3.4,-2.6,-4.8,-4.9,-3.5,-8.8,-0.2,0.5,2.0,-8.9,2.9,-2.9,1.5,6.0,-4.7,-5.6,-0.0,-6.6,-7.9,-5.4,-5.1,-3.2,1.6,-1.0,2.5,0.8,2.5,-1.8,0.4,-0.2,-1.7,0.6,2.6,1.1,2.2,2.3,2.3,2.0,-0.6,1.8,5.5,4.5,1.1,1.1,1.2,3.5,2.0,3.8,-0.1,0.9,-0.0,5.6,-1.1,5.5,-1.9,-0.3,2.5,1.9,0.9,-0.0,-1.0,-2.9,-4.2,1.5,0.6,-0.2,-3.8,-8.5,-6.6,5.4,2.4,3.0,-3.6,-5.0,-1.4,-3.1,5.2,5.8,3.4,-0.5,-1.5,4.1,4.4,-4.3,-0.4,-2.4,0.8,0.0,3.3,2.8,3.4,4.5,-6.9,5.0,-5.0,6.1,1.9,7.7,5.5,5.9,9.1,9.5,1.2,3.3,-12.2,9.7,8.7,6.2,-6.3,3.1,0.8,2.2,5.7,11.2,5.3,1.8,2.7,-0.3,-0.0,-0.5,0.3,2.1,1.2,-3.9,-0.3,2.6,5.4,-14.5,-6.2,1.7,6.7,5.1,12.8,1.7,1.3,4.9,6.0,4.9,1.9,3.8,3.1,6.1,5.4,-1.7,4.8,4.9,3.5,-5.3,-3.3,-2.7,-5.3,9.3,5.6,4.1,0.3,-1.2,0.8,1.0,-6.1,2.9,11.8,11.2,1.8,-4.9,0.8,-12.2,1.9,1.4,2.7,1.8,2.3,1.2,7.8,7.7,-0.7,-1.1,2.8,-0.2,9.8,0.4,-15.0,-1.8,-1.1,-4.6,0.7,-0.2,-11.9,-1.4,0.6,3.4,1.7,-1.6,-0.5,0.5
2C7L51EkY5,0,48.106431,11.625381,4442094.69,2778317.73,529.9,575.6,279,7321,2.1,0.89,0.34,32.64,348.97,-0.529,-0.103,0.842,0.1,0.1,0.41,0.16,0.7,0.1,-0.3,-0.1,0.5,-1.3,-0.8,-0.8,1.1,0.2,-2.4,-0.9,3.5,-0.2,1.9,-0.8,-2.1,-2.0,-2.4,0.5,-0.4,-1.6,0.8,0.5,0.2,1.0,-3.8,1.3,0.5,2.4,1.6,2.2,-5.6,-13.5,-5.8,-8.6,-4.2,-3.7,-4.0,-1.0,-1.4,1.9,-1.5,-2.0,0.7,1.5,-1.0,-1.7,-2.0,2.3,-2.7,-1.3,-1.2,-1.3,-2.9,0.6,-0.6,-0.4,0.7,1.4,-0.7,0.0,-0.3,0.6,-0.9,5.4,0.8,2.0,1.2,-0.0,4.2,-1.1,-1.2,0.5,-0.6,0.0,-0.9,0.4,-0.5,0.7,-0.5,-1.9,0.1,0.1,-2.2,-1.7,-1.5,-2.3,1.1,-2.6,-1.9,-3.6,-3.6,-1.4,-2.6,-3.5,-2.4,-2.9,1.6,1.1,0.9,0.3,1.8,-1.0,-1.2,-3.0,-2.5,-0.7,-1.7,-1.4,-1.9,-1.3,-1.4,-1.6,-2.1,-2.1,-1.4,-1.0,-1.5,-0.9,-1.9,-0.3,-0.3,1.8,-1.7,-0.4,-10.6,-2.6,-2.3,-1.1,-1.0,-1.8,-2.7,-4.5,-3.0,2.6,-0.9,-2.2,-4.5,-3.0,-4.6,-0.6,2.0,0.2,-3.7,-3.5,-3.1,0.2,-1.3,-0.0,-0.6,-0.6,0.1,-0.7,0.5,-0.9,-3.4,-0.4,-1.4,-0.3,-0.6,0.6,-2.3,-1.4,-3.9,-4.1,-2.5,0.2,3.4,-1.2,-1.0,0.4,0.9,2.0,-1.2,-0.1,0.5,-0.8,-1.9,-0.4,0.6,-1.3,-0.6,-0.6,-0.4,0.6,1.1,-2.1,0.6,0.4,2.3,-3.3,-0.8,-0.4,0.2,0.1,-2.8,-3.2,-0.9,0.2,8.9,0.2,0.4,0.8,0.4,-1.8,2.3,0.1,0.4,-0.3,-0.8
2C7L51EkZ1,0,48.106895,11.628997,4442362.91,2778375.24,544.1,589.8,279,7379,2.6,0.83,0.33,32.66,348.97,-0.53,-0.103,0.842,-1.0,0.1,-1.08,0.2,0.9,0.2,-0.3,-10.4,-6.0,-4.0,2.5,1.8,6.7,-0.6,0.3,3.1,-9.9,0.7,6.0,1.1,-0.4,1.6,-2.2,-1.8,-0.3,5.0,-3.0,-0.7,2.4,1.0,-0.9,3.6,-4.2,1.1,2.7,1.2,-6.9,-0.5,-4.3,-0.7,-0.9,-1.0,-1.8,5.0,1.6,4.3,4.9,2.4,1.6,3.2,-0.3,2.7,2.9,1.7,3.8,2.3,3.7,1.1,1.7,2.4,2.1,3.5,3.0,3.5,2.1,2.0,0.6,3.0,2.3,5.4,1.6,-5.9,1.4,0.6,2.4,1.3,0.9,-0.3,2.8,3.2,0.9,-1.8,-1.7,1.7,0.7,0.0,-1.6,1.5,-1.1,0.1,-0.4,-1.1,-2.4,3.5,-1.4,-2.1,0.9,3.0,0.8,-2.1,-2.8,-1.0,1.6,0.7,0.1,2.5,3.1,1.5,0.6,3.8,2.7,2.5,3.5,1.9,2.5,3.7,1.6,3.1,1.8,0.7,1.2,1.1,2.5,2.0,-1.2,1.2,1.2,-0.9,0.5,0.7,2.7,1.5,0.2,2.8,2.6,1.6,2.0,0.0,-0.5,-1.6,5.0,-3.2,-4.8,-2.8,-4.2,2.5,0.5,-0.6,-1.7,-0.6,-0.6,0.5,-1.7,4.3,-0.0,0.7,0.8,1.3,1.2,1.9,0.4,0.5,0.5,-2.1,-0.2,-2.3,-1.1,-5.0,-9.9,-1.1,-2.9,-3.7,-0.4,-1.0,-2.1,-0.6,-1.6,-1.0,-8.3,-2.8,-1.0,0.1,3.0,-1.9,-1.7,-2.0,-2.4,-0.8,-5.0,-2.9,-4.6,-2.3,-0.4,-6.7,-6.2,-3.5,-7.2,-1.7,-12.3,1.2,-0.2,-2.5,-4.6,0.0,-3.8,-8.0,-0.8,-7.1,-5.7,-4.2,-2.7,-5.6,-4.8,-4.8,-3.5
2C7L51EkZ4,0,48.106902,11.629047,4442366.64,2778376.05,537.6,583.3,279,7382,4.5,0.6,0.45,32.66,348.97,-0.53,-0.103,0.842,-0.0,0.2,-0.38,0.35,1.3,0.3,-0.3,-1.1,-3.0,-10.0,2.9,-2.6,-2.5,-4.0,-0.4,-2.1,-9.4,0.3,-0.1,-2.9,1.0,3.7,-1.6,-1.6,-5.2,3.1,-0.9,10.5,-10.3,2.7,-3.2,9.3,0.5,10.1,-2.2,-3.9,1.2,-13.1,-12.7,-0.7,-0.7,-1.7,-4.7,-13.5,-4.5,-8.0,-2.9,-1.4,-2.0,-7.2,-7.3,-0.9,4.4,-5.0,-15.1,-11.1,-14.5,-0.4,-0.8,-2.7,-1.2,-3.6,-2.8,-3.2,-2.7,-3.6,-2.4,-4.2,-7.3,-1.7,-3.2,1.6,-3.3,-3.4,2.0,-3.8,-2.7,-3.0,-4.1,-3.4,-11.7,-5.2,-8.6,-7.4,-2.7,-1.8,-1.4,-2.2,-5.8,-2.8,-4.1,-2.7,-14.2,-4.0,-7.2,-7.1,-6.1,-4.5,-7.1,-13.1,-6.7,-4.1,0.8,-3.2,-13.6,-8.8,-5.8,-13.7,-5.0,-9.9,-4.4,-8.0,-7.4,-2.5,-2.0,3.1,2.0,3.5,-0.4,0.4,-1.9,1.3,1.9,-1.9,-0.3,1.6,1.1,-0.1,0.8,1.5,-2.6,0.2,0.1,-2.1,-2.5,-3.4,-0.4,6.5,-2.5,-4.1,-1.3,-10.0,-8.4,1.5,-6.5,-1.1,0.3,7.0,-5.6,-3.8,-3.7,-0.1,-4.5,-4.0,-5.9,-7.1,3.7,-1.0,-6.1,-3.8,-4.9,-3.5,12.3,-4.4,-1.3,-5.2,-3.0,-7.8,-11.0,-7.8,-0.3,-2.3,5.0,-5.6,-1.1,-1.9,-0.0,2.4,-4.8,-7.3,2.2,-0.1,1.5,-2.1,-3.3,12.1,-1.8,1.1,1.1,-5.3,-4.7,-1.8,-4.8,0.6,0.2,-1.1,-4.3,-6.3,-7.7,-5.6,-7.5,-5.8,-11.1,-11.0,-9.8,1.7,3.9,-3.0,-3.8,-6.3,-2.3,-6.9,-13.0,-6.2,-11.5
2C7L51EkaD,0,48.107411,11.633011,4442660.69,2778439.13,535.1,580.8,279,7453,3.7,0.55,0.43,32.68,348.97,-0.53,-0.103,0.842,-0.5,0.2,-0.35,0.29,4.1,0.2,-0.3,-3.5,-1.3,-1.4,-1.2,-3.7,-5.8,0.4,-3.3,-2.8,-4.2,-1.5,-2.0,-3.9,-2.4,-5.8,-2.6,4.6,-7.3,-9.7,-6.3,-9.2,-1.7,-3.4,-7.5,-5.6,-8.6,-8.5,-7.3,0.1,-10.9,-11.7,-11.2,-13.2,-8.7,-8.5,-9.7,-8.8,-12.7,-5.0,-5.5,-4.6,-7.4,-9.6,-11.8,-10.7,-19.2,-11.5,-5.9,-12.4,-5.5,-7.3,-6.2,-5.4,-1.8,-5.2,-2.5,-4.4,-1.9,-3.9,-5.8,-1.5,-3.0,-4.5,-6.4,-5.2,-2.6,-3.3,0.9,-5.6,-3.7,-6.9,-4.6,-4.1,-1.2,-5.5,-1.9,-2.2,-4.6,-6.1,-12.8,-7.5,-8.5,-5.5,-10.1,-1.4,-21.8,-13.6,-9.1,-9.0,-15.5,-19.3,-16.7,-16.4,-12.5,-15.7,-15.3,-11.6,-13.8,-13.5,-14.5,-13.9,-12.1,-11.7,-13.4,-17.4,-18.8,1.5,-7.7,-8.6,-6.4,-5.6,-5.1,-4.2,-12.1,-4.1,0.6,-5.6,-3.5,-1.5,-7.6,-2.7,-4.9,-7.1,-4.9,-4.2,-4.0,-1.9,-9.0,1.4,-9.9,-4.0,-15.7,-5.1,-5.1,-8.1,-8.2,-6.6,-11.0,-9.7,1.3,-4.7,-3.0,-2.3,-1.0,-0.2,1.8,-5.7,-1.2,0.6,-1.2,-5.3,-1.6,-3.2,-5.1,-6.8,-6.1,-2.8,-5.4,-9.4,-11.3,-10.1,-17.9,-6.6,-11.3,-10.7,-9.7,-6.2,-4.7,-16.9,-12.1,-7.3,-4.7,-5.5,2.4,-1.3,0.6,0.3,-4.2,-1.9,-6.4,-6.4,-5.9,-7.4,-7.1,-12.4,-8.6,-7.5,-13.3,-13.7,-15.9,-16.0,-11.2,-13.8,-12.2,-6.9,-12.2,-10.8,-12.7,-22.8,-13.1,-5.2,-10.1,-10.1,-7.4,-7.9,-8.9,-8.5,-6.5
2C7L51EkaX,0,48.107632,11.634737,4442788.76,2778466.54,561.8,607.5,279,7473,3.2,0.78,0.42,32.68,348.97,-0.53,-0.103,0.842,-0.4,0.2,0.93,0.24,0.2,0.2,-0.3,-3.7,1.0,0.8,2.7,1.1,3.0,1.1,3.6,2.1,0.9,1.3,-1.6,-0.3,0.5,-2.1,1.0,0.4,-0.3,-0.6,0.9,-1.7,0.2,-3.0,0.8,1.5,0.0,-1.0,1.5,-5.1,-1.6,-4.3,-5.6,-4.9,-6.0,-1.8,0.5,0.5,1.6,1.4,2.6,0.9,-3.9,-1.1,-1.0,1.5,-2.9,-1.9,-0.5,1.3,-0.8,-2.4,0.4,0.3,-0.7,1.7,-1.1,-3.0,-1.7,-0.3,-1.7,-4.2,-0.6,-2.0,-3.0,3.1,-3.2,-2.3,-2.2,-1.4,-2.5,-0.7,-2.5,-3.2,0.8,-0.6,-4.3,2.3,-0.2,-1.4,-2.9,-14.6,2.9,-0.6,4.4,-4.4,4.6,4.9,5.7,2.2,-2.6,2.3,-6.1,-5.4,-2.8,-0.3,3.3,-0.8,-3.3,-1.1,-0.7,0.6,-0.9,-0.2,-1.7,-1.8,-0.4,-5.1,-2.9,-5.2,-6.8,-3.9,-11.1,-4.2,-4.9,-5.1,-6.7,-5.3,-6.9,0.8,-1.9,-0.7,-4.4,4.3,-5.8,-1.0,-0.2,-4.8,-2.7,0.0,-5.2,1.8,0.8,-1.8,-2.1,-4.3,-3.3,-4.1,-5.7,0.8,-1.5,-2.4,-5.2,-6.5,-5.7,-7.0,-5.1,-2.9,0.9,3.9,-3.1,-13.0,-2.5,-3.2,5.0,-8.8,-5.1,-5.4,-8.3,-6.3,-0.6,-3.0,-9.1,-1.7,-7.0,-6.1,1.4,12.9,1.2,-0.5,-4.5,-1.4,-1.8,-4.0,-1.4,-5.2,-2.5,3.3,-4.1,-2.5,-1.5,-3.2,-6.5,-1.9,-6.0,-4.1,-2.8,-5.4,-1.3,1.2,-4.9,-3.2,-1.6,-2.6,0.5,-3.2,-2.3,-2.4,-4.2,-4.9,-1.7,-3.6,-1.4,-0.2,3.2,2.7,-0.2,2.0,2.3
2C7L51Ekac,0,48.107633,11.634745,4442789.33,2778466.69,548.4,594.1,279,7478,3.3,0.74,0.43,32.69,348.97,-0.53,-0.103,0.842,-1.3,0.2,-0.58,0.26,2.2,0.2,-0.3,-1.9,-1.6,-1.7,0.1,-3.2,0.8,-0.6,-1.9,-1.3,-4.5,1.5,0.1,-2.0,-1.7,-3.3,-0.3,-4.7,-1.3,-3.6,-2.2,-7.1,-9.2,-5.1,-5.8,9.3,-2.2,-3.7,-12.5,-6.2,-5.3,-7.5,-6.7,-7.6,-6.3,-8.7,-2.3,-5.4,2.2,-8.1,-7.6,-4.1,-1.6,-0.9,3.4,-5.4,4.4,-12.3,-7.1,-0.4,-6.1,-4.8,0.8,-1.3,-3.3,-3.9,0.6,-3.3,-1.3,0.8,-2.8,-2.3,-2.1,-3.9,-0.9,-13.6,-7.4,-3.5,-5.3,-2.4,-0.7,-6.3,-5.4,-3.9,-1.7,-2.6,-3.3,-4.4,-5.4,-0.3,-6.7,-5.1,-8.7,-6.9,-5.5,-7.5,-10.9,-6.4,-6.2,-7.7,-6.6,-8.8,-13.3,-10.1,-7.6,-5.6,-1.9,-7.0,-4.2,-0.1,-2.8,0.3,-13.1,-4.6,-2.0,-5.9,-5.8,-3.8,-5.5,-4.9,-4.8,-0.4,-4.4,-4.2,-6.4,-4.5,-4.3,-4.1,2.2,-5.2,-6.6,-4.9,-3.1,-3.2,-0.5,1.1,-2.9,-4.6,-3.7,-6.8,-6.2,-8.4,-4.0,-3.8,-4.3,-7.9,-7.6,-4.8,-3.9,-5.4,1.0,-6.1,-5.5,-2.1,-1.4,-5.8,-7.9,-6.7,-1.3,-4.2,3.8,-5.1,-4.7,-4.1,-3.3,-1.7,-3.9,-7.6,-5.3,-4.9,-10.1,-6.2,-21.6,-3.0,-12.5,-10.2,-10.5,-5.3,-3.2,-8.7,-5.7,-6.4,-5.4,-3.6,-4.1,-6.9,-9.6,-6.0,-6.9,0.1,-6.7,-2.8,-4.9,-8.4,-10.5,-8.5,-8.2,-8.8,-9.5,-9.9,-7.7,-10.0,-9.1,-22.0,-21.7,-19.6,-5.5,-11.3,-9.7,-8.3,-12.2,-8.3,-8.9,-7.8,-7.9,-7.3,-9.7,-8.7,-9.7
2C7L51EkbO,0,48.108015,11.637721,4443010.05,2778514.01,561.5,607.2,279,7526,3.7,0.73,0.46,32.7,348.97,-0.53,-0.103,0.842,-1.1,0.2,-0.23,0.28,0.3,0.2,-0.3,-0.5,-4.5,0.6,-0.4,0.6,-6.3,-2.6,-0.7,-1.5,-2.9,-2.0,-1.1,3.4,-0.3,0.5,4.9,1.8,-0.7,-1.8,1.8,-5.8,1.4,-1.6,1.4,5.5,2.9,1.2,4.3,-1.2,1.5,-0.2,0.3,-0.6,-1.5,1.5,2.6,4.8,5.9,-2.5,2.0,1.2,5.4,3.6,4.6,1.1,-2.5,-12.7,0.5,-3.0,-3.0,-0.1,1.4,1.7,0.6,-0.9,-3.2,-7.1,-4.6,-0.4,0.1,-2.3,-2.0,-3.9,2.0,2.1,4.0,-1.7,-8.0,-0.1,-0.1,0.5,-1.5,2.7,-1.6,2.5,0.9,-0.7,-0.6,-2.0,-1.8,-1.1,-11.2,-0.6,-1.0,-2.2,-8.3,-1.4,-12.7,5.0,-0.4,-9.4,1.8,-8.1,1.3,0.2,2.8,2.3,3.4,-1.8,2.1,0.5,-3.2,1.6,2.4,-9.8,1.8,-0.5,-0.4,-4.1,-0.3,-1.4,-0.0,-1.1,-0.5,2.2,1.0,9.9,-2.0,-1.1,-0.4,-2.7,-1.6,-3.5,-2.5,-0.9,8.4,2.3,1.3,1.2,-5.5,0.4,0.3,2.4,-4.2,-11.1,-7.4,-8.1,-1.1,-0.5,0.2,-1.4,-5.3,-3.1,4.9,-0.7,-0.2,-1.8,-7.7,-6.3,-4.2,-2.9,-7.6,-0.7,0.5,-3.4,-6.2,-0.6,-8.2,-1.7,-5.1,0.0,-7.6,-4.1,-3.3,-5.5,-12.7,-1.1,5.2,-7.8,-1.1,-5.5,-3.5,3.3,-1.1,-1.3,-5.0,-4.2,-1.8,-1.2,1.2,-0.2,-10.5,-12.1,3.5,-4.7,-4.6,-2.8,-3.4,-3.7,-10.0,-8.1,1.0,-3.6,-3.9,-2.1,-2.9,-2.5,-9.9,-4.8,-4.2,-4.4,-3.5,-5.6,-0.0,-5.2,-8.7,-6.4,-7.3
2C7L51EkbX,0,48.10802,11.637754,4443012.53,2778514.59,537.6,583.3,279,7535,4.0,0.71,0.48,32.7,348.97,-0.53,-0.103,0.842,-0.5,0.2,-0.77,0.31,0.6,0.3,-0.3,-2.8,-1.4,-1.5,-2.5,-3.0,5.3,-1.4,-1.2,1.8,-2.6,-1.4,2.0,0.1,-1.1,2.8,-0.2,0.3,1.8,0.1,-4.8,8.2,-0.5,-2.3,4.4,0.9,2.9,-1.5,3.4,-11.9,-1.5,-14.7,2.5,8.3,0.5,0.5,-2.4,4.1,3.2,0.7,-12.7,-0.1,1.5,5.3,6.0,-9.5,4.1,4.5,5.0,4.3,5.3,0.5,1.5,3.1,5.1,2.8,5.9,-0.9,2.2,1.0,7.0,0.3,4.4,2.2,5.1,-0.8,1.2,0.9,4.4,5.0,4.6,-2.9,2.4,2.3,0.9,5.0,1.6,-1.4,0.1,-0.1,1.3,3.3,-0.0,-1.1,-0.2,-3.4,0.8,5.2,1.5,1.6,-1.7,-2.2,-1.2,-14.0,0.2,-0.8,5.2,-0.3,-4.1,9.1,1.7,0.0,3.3,-0.2,-0.9,0.6,2.6,1.3,-0.8,1.1,2.4,2.3,0.8,4.2,3.3,7.4,2.5,0.3,-0.5,6.0,6.0,4.2,1.4,0.5,2.1,2.8,1.4,1.5,0.2,0.1,0.9,1.2,4.3,-0.5,-1.3,10.7,-2.4,5.1,-4.0,1.5,-0.6,-1.7,-3.1,1.5,3.0,-2.1,-0.7,0.3,-8.2,-0.6,-5.8,-4.9,2.9,2.0,0.1,2.5,-1.7,-1.1,-2.4,0.2,2.1,-3.3,-9.3,-0.4,-2.6,-2.1,-0.4,6.5,6.6,-0.9,1.7,0.3,0.3,2.1,0.2,5.2,-3.2,3.3,-6.8,4.3,-1.0,0.5,-0.4,-1.8,-3.4,-2.5,1.4,1.2,2.0,-12.3,4.7,2.3,-1.9,-6.7,2.5,9.2,1.0,3.1,3.8,-0.3,-1.9,-16.2,3.5,-2.9,1.3,2.4,-13.9,-2.3,-8.1
2C7L51EkbZ,0,48.108032,11.637851,4443019.71,2778516.13,537.4,583.1,279,7537,1.8,0.91,0.29,32.7,348.97,-0.53,-0.103,0.842,-1.3,0.1,0.35,0.13,0.8,0.1,-0.3,-0.7,-0.7,0.3,0.4,1.7,-0.7,0.1,0.8,0.9,-1.0,0.2,0.4,-1.7,1.3,-0.2,0.7,-2.5,-3.3,-3.7,-3.4,-2.8,-3.9,-3.1,-1.9,-0.0,-4.5,-2.7,-2.4,-4.2,-4.2,-1.9,-5.9,-4.1,-6.5,1.0,-3.6,-0.3,0.2,0.3,0.5,-2.6,-1.1,-4.6,-2.5,-2.9,-3.4,-2.6,-0.8,-2.3,-2.5,-1.5,-1.1,-4.3,-1.6,-0.9,-3.9,-1.9,-3.8,-3.7,-4.1,-4.7,-5.2,-1.7,-1.4,-5.3,-3.4,0.5,-1.4,-1.7,-0.8,-3.9,-1.4,-3.1,-0.7,-2.1,-4.0,-3.5,-2.1,-3.2,-5.7,-1.8,-5.2,-2.6,-5.2,-3.4,-5.3,-0.3,-3.6,-5.5,-6.3,-9.1,-7.3,-5.7,-5.9,-6.6,-3.8,-4.4,-7.1,-3.8,-5.5,-3.7,-6.1,-2.2,-3.3,-2.8,-4.4,-1.5,-3.1,-3.6,-4.7,-3.9,-5.8,-4.9,-6.1,-4.9,-5.2,-1.9,-4.3,-4.6,-4.5,-4.7,-4.2,-3.4,-2.6,-4.7,-4.2,-3.8,-4.7,-3.9,-6.6,-2.6,-4.2,-5.5,-5.0,-5.7,-8.1,-5.8,-8.0,-4.0,-2.3,-6.8,-8.1,-8.1,-6.6,-6.4,-7.0,-5.2,-6.8,-5.3,-5.1,-4.8,-5.5,-4.5,-4.7,-6.1,-4.2,-5.3,-3.2,-7.3,-5.7,-4.4,-13.1,-9.1,-7.7,-8.9,-8.7,-4.1,-2.1,-7.5,-4.6,-10.3,-7.1,-5.2,-8.3,-7.1,-4.9,-6.3,-7.9,-3.9,-4.8,-5.6,-4.9,-4.1,-6.4,-6.2,-5.8,-8.0,-6.3,-7.4,-10.2,-8.5,-6.3,-7.8,-6.1,-5.9,-4.5,-6.9,-11.9,-5.4,-7.2,-12.5,-10.0,-7.8,-5.5,-8.5,-8.9,-6.7,-6.3
2C7L51Ekba,0,48.108037,11.637886,4443022.3,2778516.69,536.3,582.0,279,7538,3.8,0.72,0.46,32.7,348.97,-0.53,-0.103,0.842,-1.1,0.2,0.06,0.29,0.9,0.2,-0.3,3.3,-1.5,0.4,-0.2,1.9,0.5,0.1,2.5,0.0,1.2,0.9,-1.1,-2.5,1.5,-0.6,-0.3,-3.8,-1.3,1.2,-2.4,-5.9,-3.3,-11.4,0.1,1.7,-7.9,-0.8,-0.8,-1.9,-14.6,-1.2,-2.8,-2.5,-4.5,2.7,-5.5,-1.8,1.1,2.7,2.2,-5.6,-1.3,-6.8,-3.7,0.2,1.3,1.4,1.7,-2.3,1.9,7.2,0.4,0.3,1.8,4.4,-6.8,0.7,-3.8,-13.5,-6.5,-9.4,-4.6,-2.4,4.0,-4.1,-3.2,-3.6,1.7,-0.2,-1.4,-7.7,-1.8,-1.4,1.1,1.6,-1.4,-3.1,-1.9,-1.5,-3.9,-0.0,-6.6,-0.9,-1.0,-6.2,-3.0,9.7,-2.5,-2.2,-6.1,1.3,-4.9,-5.2,-2.6,-13.2,-4.4,-0.8,-6.2,-1.1,-2.7,-6.7,-12.2,-2.5,-0.2,-3.0,-5.4,0.6,-1.3,-1.4,-4.5,-2.3,1.3,-1.5,-4.7,-4.5,-2.3,1.1,1.7,-1.4,-3.1,-5.1,-1.9,-3.7,-1.4,-1.1,0.1,-4.0,-1.8,-4.4,-5.8,3.4,-4.9,-4.6,2.0,-2.5,-10.5,-5.2,-3.8,-0.8,-5.1,-7.3,0.6,-11.2,-7.7,-4.4,-4.8,-4.9,-5.2,-4.2,-3.1,-3.8,-2.5,-0.6,-5.7,-4.4,-3.6,-10.7,-7.8,-5.6,-6.6,-4.8,-15.0,-5.6,-4.5,-10.1,-5.0,-2.7,0.9,-11.7,-6.2,-7.8,-9.1,-3.0,-9.9,-5.2,-3.5,-0.8,-4.6,-1.5,-2.4,6.3,-4.1,-7.4,-6.8,-5.0,-8.5,-7.8,-3.8,-7.5,-2.1,6.5,-14.2,-11.3,-6.8,-7.4,-11.9,-6.4,6.4,-6.9,-2.7,-8.6,-10.6,-10.4,-4.4,-7.4,-6.4,-6.0,-5.6
2C7L51Ekbp,0,48.108131,11.63862,4443076.78,2778528.38,530.9,576.6,279,7553,4.2,0.66,0.59,32.7,348.97,-0.53,-0.103,0.841,-1.4,0.2,-0.03,0.32,0.5,0.3,-0.3,-0.1,-1.2,0.4,1.6,-0.8,0.6,-2.4,0.7,-2.2,0.1,-2.1,0.9,-3.7,1.2,0.2,4.9,0.9,-2.9,-2.2,-2.8,0.0,-2.9,-2.6,0.4,-1.6,0.1,0.6,0.6,1.0,-4.5,-0.4,-5.2,-9.4,-4.4,0.4,-3.0,-1.1,-0.9,-1.4,-2.5,3.1,4.3,-1.1,-2.7,-1.0,-1.9,-0.3,1.7,-2.0,-0.7,0.5,-3.5,-1.5,-3.8,-6.7,-3.6,1.8,-1.4,-1.9,-0.7,0.5,-0.0,-12.4,2.4,7.9,-1.9,-1.8,2.0,-1.5,-1.4,-2.3,-5.3,-3.1,-3.4,-2.8,-3.7,-7.1,-0.2,-4.7,-0.8,-0.1,-3.0,0.7,1.6,-2.3,-3.1,-2.9,-3.0,-4.6,-1.0,-1.2,0.1,-1.9,-9.7,-1.4,2.9,1.0,-1.5,-1.7,-4.0,-0.1,3.2,-3.8,3.4,2.3,-2.2,-4.8,-2.1,-12.3,-5.4,-6.1,-10.3,-12.5,-10.8,-7.9,4.3,4.5,-3.0,-5.9,-4.3,-4.0,-5.4,3.9,-7.6,-4.0,-4.2,3.8,2.5,-2.3,-6.8,-9.6,-13.0,-2.2,-9.8,-14.9,1.4,-7.7,-0.7,-3.1,-1.8,-5.2,-4.2,-7.1,-8.1,-4.6,-0.4,5.6,-3.0,-5.3,-2.9,-1.0,2.1,-3.2,-6.7,-10.2,-3.6,4.1,-5.3,-1.7,-1.8,-5.7,-16.0,-0.5,-10.5,-7.8,-4.3,-2.1,-4.8,-1.8,-2.6,-3.8,-11.1,-5.5,-4.0,-3.5,4.1,-8.7,-5.6,-17.1,-4.6,-6.2,-7.0,-10.6,-9.3,-7.1,-11.5,-0.0,-9.5,-18.7,-5.3,-13.0,-5.3,-8.1,-0.4,-17.0,0.0,-6.6,-0.8,-19.0,-8.1,-1.4,-10.2,-5.4,-5.6,-17.3,-0.6,-2.7,-0.5
2C7L51EkXq,0,48.106351,11.624613,4442037.65,2778307.56,534.6,580.3,279,7306,3.1,0.76,0.45,32.64,348.97,-0.529,-0.103,0.842,-1.0,0.2,-0.38,0.25,1.4,0.2,-0.3,-3.6,-1.3,-2.9,-3.2,-4.4,2.0,-2.5,-4.9,-4.2,-3.1,-1.8,1.4,-0.2,0.2,1.0,1.8,0.3,2.3,5.1,1.5,1.9,4.1,3.1,2.5,5.3,4.1,5.7,3.2,2.7,1.6,-12.5,-0.2,-2.8,0.8,-0.1,0.4,5.3,0.4,6.3,2.2,5.4,2.7,4.2,2.0,0.4,-0.1,-0.5,-4.4,1.9,-2.8,0.2,-2.2,-2.3,-1.5,-3.3,-1.3,-3.3,-3.1,-2.4,-2.9,-2.6,-4.6,-8.1,-3.9,-10.3,-1.9,-1.5,-9.9,-2.9,-1.1,-1.2,-0.5,-8.2,-3.5,-0.7,-3.1,-0.2,-0.2,-2.7,-3.4,-3.6,-2.2,-2.7,-3.3,-2.8,-0.7,-3.2,6.8,2.1,-2.5,-2.0,0.2,-4.8,-1.4,-4.2,0.7,3.3,-2.3,-1.5,-7.0,4.3,-4.5,-1.6,-0.5,-4.6,3.7,-1.3,0.3,-3.9,2.1,-2.7,-2.5,-6.4,-1.3,-3.5,-0.0,-5.5,0.6,-0.3,-1.9,0.7,-0.4,0.8,-1.7,-1.6,0.6,-4.0,-0.9,-2.5,-1.6,-4.0,4.4,-2.6,-5.1,-1.4,-2.1,2.5,-5.2,-1.4,7.6,3.4,-0.9,-3.4,-3.1,-4.5,-3.0,-2.1,-3.8,-3.1,-1.1,-1.1,-4.1,-5.1,-6.7,-1.9,-3.5,-3.8,-3.8,-0.8,-4.2,-3.6,-3.8,1.5,3.9,-4.8,7.5,-0.8,-5.3,4.4,2.7,-6.2,-6.5,-6.7,-3.6,-4.5,-2.0,-1.2,-2.0,2.4,-1.7,-1.5,-0.2,-7.1,-2.5,-2.4,-7.1,1.6,-4.6,0.3,-6.5,-2.4,-2.4,-1.1,-4.8,-12.5,-8.4,-9.4,-7.7,-2.6,-8.7,-8.1,-3.0,-6.5,-4.9,-11.2,-9.0,-5.4,-8.4
2C7L51EkZd,0,48.107213,11.631327,4442535.75,2778414.36,553.7,599.4,279,7417,3.7,0.69,0.47,32.67,348.97,-0.53,-0.103,0.842,-0.9,0.2,-0.07,0.28,1.5,0.2,-0.3,-2.7,-2.6,-3.0,-2.2,-3.8,-1.4,-5.4,-5.3,0.2,-0.8,-0.4,-0.0,-8.1,-5.2,2.4,-2.6,9.9,-6.2,7.6,-2.7,-1.4,10.6,-8.1,0.3,-5.2,-5.1,-2.3,-4.5,-8.0,-7.6,-5.7,8.5,1.0,-2.1,0.8,-6.5,4.7,0.1,5.4,3.5,5.3,4.0,-1.1,7.4,0.9,-7.2,0.6,5.1,-3.2,5.1,3.1,4.5,6.9,3.7,7.3,7.4,6.2,5.4,7.3,-4.7,-6.5,-2.7,-3.0,2.3,-3.6,-4.3,-3.7,0.9,-6.2,-3.2,-7.7,-6.3,1.9,9.1,-9.1,-2.2,-2.6,-2.5,-4.4,-4.1,-3.5,-4.9,-5.8,-7.2,-5.9,0.2,-12.7,-1.0,-6.3,-2.7,-4.2,-5.7,-0.8,-4.6,-5.5,0.8,0.7,-0.7,-5.1,-1.8,0.1,-2.1,-0.5,3.3,1.7,-2.9,-3.4,-0.0,-1.7,-1.7,1.3,-2.2,-0.3,-0.1,-1.2,1.9,-3.4,-4.8,-2.7,-3.5,-3.9,-0.8,-2.3,-2.0,-0.1,-0.3,-8.3,-1.0,-2.5,-5.0,-0.5,-3.0,0.5,-1.5,-3.9,-2.3,-0.5,-1.5,2.9,1.7,-3.9,-1.7,-2.4,-6.6,-3.9,-3.3,-4.0,-1.7,2.9,-3.4,-7.3,-2.0,-4.1,-5.1,-1.5,-4.8,-1.8,-2.3,-5.9,-3.7,-2.5,-3.5,-2.7,-3.8,-3.0,-0.6,0.8,2.3,-3.7,1.9,-2.1,-3.9,-7.3,-4.9,-9.9,-5.8,-4.4,-2.3,-8.0,-5.9,-2.1,-2.6,-5.8,-3.4,-2.5,-3.0,-4.6,-2.5,-2.4,-7.4,-4.6,-2.6,-5.4,-2.6,-1.5,-3.2,-1.4,-3.0,-1.7,-1.5,-10.8,-8.7,-3.2,-7.7,-5.0,-0.7,-0.4,-11.3
2C7L51EkZe,0,48.107213,11.631326,4442535.64,2778414.35,550.9,596.5,279,7418,2.1,0.88,0.32,32.67,348.97,-0.53,-0.103,0.842,-0.8,0.1,-0.05,0.16,1.2,0.1,-0.3,-0.9,-4.1,0.9,0.8,-3.8,-0.5,1.9,-2.4,-0.0,-2.1,2.3,1.3,-0.1,0.9,2.1,-10.1,-1.0,-1.7,0.6,-4.7,-0.4,1.7,-0.2,3.5,-0.1,0.3,2.2,0.8,1.6,-2.8,-6.5,-6.0,-5.0,-2.6,-1.3,-0.6,2.2,2.9,5.5,2.5,4.0,2.1,2.6,6.1,3.4,2.3,0.1,2.9,3.2,3.9,0.1,6.0,5.2,3.2,2.8,0.4,1.1,0.8,1.4,-2.2,-3.2,-0.5,-1.5,-1.3,-7.1,-3.4,-2.8,0.9,-5.6,-0.2,0.7,-2.6,-1.0,-3.4,-1.9,-1.7,-1.9,-2.4,-2.7,-1.3,-1.1,-2.1,0.6,0.1,0.7,-0.3,0.5,0.2,-0.4,-1.1,-1.4,-1.5,-1.6,-3.2,-3.2,-1.2,2.7,1.6,-2.1,2.0,0.3,-0.1,0.4,0.4,-0.0,-0.4,-0.3,1.0,-0.8,-0.6,-0.4,-0.0,-0.1,-0.6,-0.4,0.7,-2.8,-1.0,-0.4,-3.6,-4.6,-1.1,-2.3,-3.0,-1.0,-0.6,-1.2,-0.8,0.3,-2.4,-1.8,-0.6,1.0,-1.8,-3.2,-2.1,-0.2,-2.5,2.4,2.4,-1.1,-1.4,-1.2,-2.8,-1.4,-1.4,-3.0,-1.8,-0.2,-2.3,-3.1,-1.2,-1.8,-2.2,-1.0,-1.4,-1.5,-1.3,-2.2,-1.8,-2.9,-3.0,-1.3,-5.9,-3.8,-0.3,0.2,2.9,-2.1,0.3,0.6,-3.8,-5.0,-3.5,-6.1,-5.3,-3.7,-1.8,-5.0,-1.5,-3.2,-3.0,-2.8,-1.8,-3.4,-3.9,-3.3,-3.1,-4.0,-4.6,-3.8,-2.1,-4.3,-0.1,-1.2,-4.2,0.4,-1.1,-2.4,0.9,-5.5,-3.3,-3.1,-2.7,-1.9,-2.9,-3.6,-3.1
2C7L51EkZf,0,48.107213,11.631326,4442535.65,2778414.35,548.1,593.8,279,7419,2.8,0.83,0.4,32.67,348.97,-0.53,-0.103,0.842,-0.4,0.1,-0.36,0.21,0.9,0.2,-0.3,0.7,2.7,3.4,3.6,-3.7,-1.1,2.5,4.2,-1.6,-1.2,-0.9,-1.1,-1.7,-0.5,-2.9,-15.0,-2.3,6.6,-2.8,-3.2,-4.3,-0.4,-1.8,1.1,-0.2,-0.7,1.4,1.9,-1.6,-0.1,-6.7,-4.9,-5.0,-7.5,-3.3,-3.1,1.5,0.1,5.0,2.8,0.9,-1.3,-0.5,-2.3,-0.9,1.1,-2.8,-1.4,0.8,-1.3,-1.2,0.5,-0.1,1.5,-1.2,0.8,0.3,0.7,-1.3,0.4,-0.4,0.6,-0.4,0.4,-4.0,-1.7,-3.8,-0.0,-5.2,-1.2,-2.1,0.1,0.6,1.8,-0.5,-0.5,-2.0,0.6,-3.4,-1.9,1.7,-1.1,-3.4,1.2,3.6,3.7,-3.2,0.2,-0.3,-1.2,-1.3,-1.4,0.3,-4.6,0.6,-1.7,1.4,0.6,-1.3,3.8,3.5,2.6,-2.9,1.7,2.8,3.2,2.0,0.5,-0.3,-0.7,-1.0,-0.3,-2.1,-1.2,-0.7,0.5,1.7,1.0,4.2,-3.0,-0.7,2.5,-2.4,-9.6,-3.2,-2.1,1.6,-1.8,1.8,-4.6,1.7,-3.4,-2.5,-4.8,-3.6,-5.0,-3.3,-4.7,-5.2,1.6,-3.5,-5.6,2.2,-2.6,0.9,2.7,2.0,1.6,2.2,-0.9,1.4,-1.7,1.3,-0.8,-4.1,1.6,-1.0,-2.0,3.3,-1.7,-3.2,-5.0,-2.5,-14.1,-4.0,-0.8,0.7,4.5,-1.8,-1.4,-0.2,-5.0,-4.0,-1.0,-1.0,-3.6,-3.8,-1.1,-0.7,0.6,1.2,2.4,-3.3,0.5,-2.7,-5.1,-2.3,-1.7,-5.6,-4.5,-3.8,-2.5,-6.4,0.4,-2.7,-3.0,-0.3,-2.8,0.7,0.0,-5.6,-2.3,-4.7,-3.5,-0.3,-4.1,-5.3,-1.8
2C7L51EkY0,0,48.106469,11.625385,4442094.86,2778321.89,542.2,587.9,279,7316,3.5,0.78,0.42,32.64,348.97,-0.529,-0.103,0.842,-1.1,0.2,-0.18,0.28,1.1,0.2,-0.3,2.2,1.5,3.5,0.9,-1.5,-5.8,-2.0,14.1,-0.6,-2.8,-2.3,1.2,-0.8,-2.8,-4.2,-6.0,3.0,1.9,-0.7,-0.8,-2.5,-2.6,-7.0,-5.4,-1.2,0.7,0.2,-2.7,-0.1,-6.1,3.1,-9.9,-7.1,-2.0,-4.9,-5.5,-3.2,-1.1,3.3,0.2,-0.8,-4.7,-1.7,-0.6,-3.7,-0.9,-0.4,-5.0,-2.6,-1.1,-1.7,-3.6,-4.8,-6.4,-6.0,-5.3,-2.5,-4.3,-5.0,-4.7,-7.6,-3.8,-6.8,-6.1,-6.7,-0.3,-4.0,-6.5,-5.6,-5.1,-7.5,-3.6,-3.6,-0.7,-2.0,-1.0,-0.5,-0.8,-3.3,-4.6,-3.7,-4.2,-8.9,-1.3,-2.7,-5.4,-2.4,1.0,-0.3,-4.6,1.7,-4.2,-2.1,-1.3,-3.6,0.6,-3.0,-2.0,-0.6,0.7,-4.1,1.0,3.7,-0.4,0.8,-1.2,-4.8,-3.2,-1.8,-1.7,-7.7,-5.5,-4.7,-4.8,-5.5,-6.3,-5.0,-4.7,-3.8,-3.8,-2.6,-4.9,-3.3,-6.3,-4.3,-0.9,-6.9,-8.0,-5.6,-3.7,-4.9,-4.9,-2.4,-5.4,-6.1,-7.1,-5.6,-4.7,5.2,5.7,16.4,-5.9,-1.0,-4.6,-1.8,-2.5,-6.9,-2.7,-2.4,-3.7,-0.1,-1.1,-7.5,-6.2,-2.7,-3.8,-3.1,-4.5,-1.1,-10.8,11.8,-8.9,-5.2,-5.0,-7.7,-3.0,-3.8,-3.6,-7.7,-2.1,-0.8,-3.0,-0.9,-5.9,-8.3,-3.5,-7.1,5.1,-6.0,-11.1,-8.3,-9.2,-11.0,-11.1,-9.3,-8.3,-6.2,-5.1,-3.9,-11.7,-9.2,-12.7,-6.4,-9.1,-8.9,-10.3,-4.6,-4.7,-8.8,-4.3,-7.6,-5.4,-4.8,-5.4,-7.1,-3.6,-10.7,-1.2
2C7L51EkYF,0,48.106547,11.625996,4442140.21,2778331.64,531.3,577.0,279,7331,3.5,0.75,0.45,32.65,348.97,-0.529,-0.103,0.842,-0.3,0.2,-0.45,0.27,1.5,0.2,-0.3,-0.9,7.6,1.1,2.4,-1.8,0.1,0.7,-1.9,-0.9,2.4,2.0,0.0,0.9,2.8,1.4,1.6,2.4,4.1,2.2,1.1,1.0,1.8,3.4,4.6,8.4,6.4,3.1,-1.0,-1.0,-5.8,-13.7,0.2,1.0,2.8,1.2,2.3,5.3,4.6,4.9,8.7,2.5,-0.3,3.4,3.4,-2.3,-1.1,1.4,0.8,0.3,4.2,1.5,4.4,3.6,1.8,5.5,-3.4,0.9,0.9,-0.3,-0.2,2.6,2.6,1.5,-0.4,-3.0,-2.9,0.3,3.8,1.1,6.2,1.5,0.9,-1.4,6.2,6.9,12.1,3.4,6.2,5.5,6.1,2.4,-0.0,1.2,2.0,3.8,1.7,1.6,5.1,2.7,2.6,3.6,3.5,0.9,0.3,-2.8,-3.7,1.2,1.3,-3.6,-4.0,-7.3,12.2,-4.2,0.8,-1.7,-0.8,-3.3,2.4,7.1,3.7,0.2,-2.6,4.7,1.0,-1.2,9.2,4.1,-0.4,-0.9,5.3,3.5,5.5,1.7,6.1,5.0,13.5,5.6,10.5,6.4,-0.8,-3.8,-2.2,0.8,1.9,0.1,0.4,2.8,-0.7,3.4,3.3,-6.5,-1.3,0.4,-1.6,-1.9,-2.5,-1.4,-2.2,-2.6,0.1,1.7,1.4,5.2,2.3,1.7,3.0,1.7,1.5,-0.8,0.4,-0.5,1.7,2.4,1.0,0.1,2.4,9.5,1.2,-2.3,0.4,-0.6,0.0,-2.0,-1.4,-3.4,-4.7,-1.4,1.5,-1.1,-2.8,-1.3,1.0,-4.1,0.4,-2.4,13.7,0.5,1.2,4.0,2.4,-1.1,4.7,4.1,-3.1,-2.2,-10.5,5.6,-3.4,-2.3,-1.3,-0.4,-0.4,-0.4,0.6,-1.1,0.5,2.8,-1.3
2C7L51EkYo,0,48.106829,11.628189,4442302.87,2778366.51,540.1,585.8,279,7366,4.4,0.63,0.51,32.66,348.97,-0.53,-0.103,0.842,0.8,0.2,0.22,0.33,0.9,0.3,-0.3,1.9,-8.8,-0.4,-2.6,-1.8,-4.2,-3.6,-1.2,7.2,-6.7,-0.6,-7.1,0.7,1.9,4.8,5.9,7.1,5.3,5.2,4.8,5.5,3.8,0.4,3.3,3.4,6.5,2.7,-3.9,-1.0,-2.5,-6.3,1.6,2.4,6.1,2.6,-0.6,4.2,2.9,8.3,2.2,2.2,-2.2,-0.7,-8.2,-0.9,0.6,-2.4,-1.1,-0.4,-1.1,-0.2,0.1,4.8,3.4,0.5,7.3,-4.3,-5.4,-0.6,-10.7,3.6,1.6,10.3,-9.1,-9.7,16.1,-4.1,-7.8,-1.4,-3.9,-6.3,2.1,4.1,-1.8,3.5,5.8,4.8,0.6,-1.0,3.1,1.4,-0.9,2.1,-1.1,0.8,-2.1,5.7,1.0,0.3,2.5,2.2,-3.5,-7.4,-6.5,-0.4,1.4,-0.7,2.3,0.6,1.0,0.2,-0.8,1.9,1.6,2.9,1.5,1.9,-1.7,1.7,-1.9,1.3,-3.2,-1.4,1.1,2.7,1.1,-1.0,0.6,-4.1,1.3,-0.2,0.7,-1.5,3.2,4.7,0.6,5.7,5.4,-2.3,0.7,0.9,2.6,0.5,0.2,-3.5,3.0,0.5,-3.3,5.0,6.3,6.7,12.9,1.5,-2.3,0.4,-0.7,-9.4,3.0,4.6,11.5,5.0,10.5,5.3,5.4,8.3,-3.0,2.6,1.9,3.1,2.9,1.2,1.3,8.3,4.7,7.3,-3.3,2.5,0.8,0.6,0.6,-1.1,-2.6,-4.1,2.7,1.4,5.4,5.0,3.4,-5.5,3.1,6.4,-0.6,16.5,0.9,4.2,14.2,6.8,-2.7,-0.5,-0.3,6.3,-3.2,-4.5,-3.7,6.7,2.4,-1.0,0.6,1.9,-1.4,-3.7,6.1,4.9,9.5,15.6,6.5,4.6,5.6
2C7L51EkYv,0,48.106867,11.628485,4442324.86,2778371.23,535.1,580.8,279,7373,2.3,0.89,0.28,32.66,348.97,-0.53,-0.103,0.842,-1.0,0.1,-0.03,0.18,0.5,0.2,-0.3,0.6,1.0,1.7,0.7,0.3,0.1,0.4,-0.5,2.1,-7.9,1.1,1.6,1.6,-0.7,1.0,1.2,1.7,-0.9,0.8,-0.1,-0.4,1.1,0.3,0.7,0.7,0.2,1.5,0.2,-1.6,-5.0,-9.6,-3.8,-2.1,-2.8,-0.4,-3.2,2.2,1.4,4.3,1.7,1.9,-0.7,4.6,0.7,1.7,0.8,0.6,-0.2,1.9,1.0,-0.7,0.6,1.6,0.3,0.3,0.7,1.0,0.3,0.3,-0.1,-0.5,0.1,-11.8,-0.2,8.4,-3.2,-1.8,-6.3,-1.8,0.1,-2.6,-0.1,-2.4,-1.4,-2.0,-0.8,-0.7,0.2,-2.8,-2.1,-1.2,-2.3,-1.0,-2.5,-1.8,-0.3,2.2,0.3,-0.7,-0.9,-0.5,-3.3,-4.3,-1.0,-1.3,2.2,0.2,0.6,-0.3,1.1,-0.3,0.8,0.2,1.3,0.5,-0.7,0.4,0.3,0.5,-0.2,-0.4,-0.9,-1.1,0.1,-1.1,-1.2,-1.0,-1.9,-0.9,-2.0,-4.7,-1.5,-1.8,-0.0,-0.3,-0.7,-1.4,-0.0,-1.8,-0.4,-2.7,-2.3,-2.7,-0.9,-3.3,-4.0,-2.9,-4.8,0.3,0.0,0.2,-3.4,-3.4,-2.0,-2.6,-1.5,-10.9,-2.5,-2.2,-0.6,-11.4,-0.9,0.1,-1.2,-1.8,-1.9,-1.4,-2.1,-2.0,-2.3,-1.7,-1.0,-2.6,-2.9,-3.6,-0.6,-1.4,0.6,-1.8,-1.5,-2.2,-3.9,-5.2,-4.0,-6.5,-13.2,-3.0,-2.0,-11.1,-4.9,-2.5,-3.9,-3.4,-3.5,-2.0,-1.7,-4.7,-2.4,-4.3,-4.8,-1.6,-3.8,-3.2,-3.5,-2.9,-4.5,-4.7,-4.8,-2.3,-1.9,-4.6,-4.5,-3.7,-2.3,-3.7,-4.6,-3.7,-4.6
2C7L51EkZh,0,48.107239,11.631382,4442539.79,2778417.32,544.0,589.7,279,7421,4.6,0.62,0.49,32.67,348.97,-0.53,-0.103,0.842,-0.9,0.2,-0.35,0.35,2.0,0.3,-0.3,-2.3,-1.3,-2.4,-2.2,-3.0,5.9,-0.6,0.7,2.2,3.6,-11.4,2.7,-3.1,-2.4,3.0,-2.1,1.1,-0.2,-4.2,-11.2,-7.2,1.3,-3.2,-5.4,-0.8,6.0,-4.8,-2.7,-13.4,-7.2,-13.3,-7.9,-7.8,-8.8,-9.9,-6.7,-1.6,2.6,7.9,-0.9,1.7,-9.2,-4.1,-3.9,1.4,6.9,-1.6,-2.3,-3.2,-7.2,-1.1,-4.1,-2.1,0.6,1.7,-0.2,-6.0,0.2,-1.1,-0.6,-1.5,2.0,0.3,1.3,-0.1,1.6,-0.6,1.7,0.3,-0.3,-1.3,-0.4,-0.5,0.3,-0.6,1.8,3.0,0.5,1.9,-2.3,-0.8,-6.4,-16.2,-1.7,7.2,1.5,-3.4,-16.7,-3.8,6.4,-9.2,-15.3,-1.7,-12.3,-6.0,-17.3,-1.1,-3.4,-13.7,1.3,-0.4,-6.0,-3.5,-1.3,4.7,-2.6,-0.1,-1.7,1.2,2.9,-6.7,-4.0,-2.2,-4.2,-5.6,-3.8,-3.9,-5.9,-2.9,-4.1,-2.3,-1.3,-1.8,-4.9,-4.1,-0.7,-6.3,-3.0,-2.9,-11.2,-2.7,-9.2,-12.6,-1.9,-11.7,-9.1,-8.8,3.3,-4.8,1.2,-16.6,-6.7,-4.5,-3.8,-2.8,-2.3,-1.7,-3.8,-4.0,-1.1,-0.1,-3.7,-4.6,-3.1,-4.7,0.4,-1.3,-6.0,-5.5,-0.5,-3.7,-5.0,-5.1,-21.3,-4.9,-4.2,-4.8,-2.8,-6.9,-1.5,-5.4,-6.4,-3.6,-0.8,-3.7,-6.7,-3.5,-3.8,7.3,-4.2,-4.1,-3.0,-4.1,-2.2,-4.3,-5.8,-2.6,-6.9,2.6,-0.6,-6.3,-7.4,-4.3,-17.8,0.5,-6.9,-6.0,-11.3,-8.9,-5.0,-0.2,-21.1,0.1,-7.4,-10.4,-18.3,-7.8,-6.8
2C7L51Eka7,0,48.10747,11.633183,4442673.36,2778445.93,560.5,606.2,279,7447,3.3,0.76,0.43,32.68,348.97,-0.53,-0.103,0.842,-1.1,0.2,-0.29,0.25,0.4,0.2,-0.3,-5.8,-4.9,1.1,1.3,7.2,4.6,2.2,-1.0,-4.2,3.8,1.9,1.5,-1.5,0.7,-3.4,-1.7,-6.7,-4.5,-5.4,-1.3,-4.3,4.8,1.4,-3.1,0.1,-1.7,1.4,2.1,-0.1,-6.6,-4.1,-4.4,-2.7,-1.5,4.0,0.6,6.7,6.3,-0.3,0.4,1.6,1.8,-2.1,-2.2,1.6,-2.5,0.8,2.4,-0.9,-0.8,0.7,-2.1,0.5,-3.0,-5.3,0.4,-1.6,-2.7,-1.9,2.0,-0.9,1.2,-2.4,-0.9,-0.2,-4.0,-0.6,4.0,1.5,3.6,2.4,0.8,2.4,0.3,-5.0,-0.6,-1.6,0.6,-1.8,-4.6,-2.2,1.4,-0.1,1.0,1.0,0.5,2.4,-6.8,6.8,-7.3,-6.3,0.4,-12.1,-6.5,-5.3,1.3,3.4,-3.2,-9.1,0.4,1.8,-0.4,-1.3,2.7,0.3,-0.5,-1.8,-1.9,-3.0,-2.5,-1.2,-2.3,-0.7,1.4,-4.5,-12.4,0.4,-1.1,1.7,-5.7,4.1,-4.3,5.7,-8.8,-3.7,-4.7,0.9,-2.5,-3.5,-7.7,-3.0,-3.6,0.0,-1.3,-8.3,-0.5,-4.6,-4.3,1.4,-0.1,-9.9,-2.8,-1.6,-6.4,-6.3,-1.4,-2.0,-1.8,-0.6,-4.4,4.2,-3.4,-2.1,-2.0,1.7,-3.6,3.6,0.4,-4.0,0.6,-3.5,-4.3,-4.2,-4.9,-2.6,-1.5,-4.9,-0.6,-4.5,-1.3,-5.5,-4.8,-5.6,-3.2,-5.5,-5.2,-6.3,-4.7,-1.2,-6.3,-6.2,-3.5,-5.9,-5.9,-6.3,-4.8,-2.2,-7.7,1.5,-8.7,-9.9,-7.1,-7.0,-1.8,-5.1,-6.7,-4.0,-5.4,-12.1,-10.4,1.8,-7.5,-8.7,-2.4,-1.8,-6.6,-4.9,-3.8
2C7L51Ekaa,0,48.107626,11.634397,4442763.43,2778465.3,537.5,583.2,279,7476,1.8,0.89,0.27,32.69,348.97,-0.53,-0.103,0.842,-0.4,0.1,-0.54,0.13,1.6,0.1,-0.3,-0.3,-0.9,-0.4,0.6,-0.9,4.2,-2.5,-0.9,0.1,6.5,-0.6,2.5,0.6,-0.6,0.2,-0.8,-4.7,0.7,-3.2,-3.6,-6.2,-4.0,-4.2,-4.9,1.2,-3.1,-2.4,-0.5,-4.4,-4.3,-3.2,-7.0,-5.5,-5.0,-5.4,-2.8,-1.2,-1.9,-1.3,-1.8,-0.6,-1.1,0.1,-0.3,-1.6,-2.6,-3.3,-2.0,-0.5,-0.4,-1.9,-0.6,-1.1,-0.7,1.9,1.1,-2.4,1.2,-0.6,0.1,-0.4,1.2,1.4,-1.1,-0.4,1.0,-0.9,-1.9,0.1,-1.0,0.6,-0.5,-0.2,-0.8,1.1,0.4,-1.4,-0.2,-1.0,-2.7,-3.0,-3.4,-0.4,-2.0,-1.6,-3.7,-0.6,-0.8,-1.8,-3.9,-3.0,-5.5,-3.3,-3.7,-4.1,-1.2,-0.7,-3.8,-0.1,-4.1,-3.0,-0.5,-2.3,-0.2,0.2,-2.9,-0.9,-0.7,-2.2,-2.5,-0.7,0.8,1.1,-1.0,0.3,-0.2,0.5,0.0,2.4,-2.5,-0.1,-0.2,-0.0,-0.2,0.4,1.4,-0.1,1.3,-0.0,-4.6,0.3,-3.1,-1.8,-4.4,-5.5,-4.6,-3.1,-3.6,-1.5,-0.2,-1.7,-2.4,-1.9,-3.0,-0.9,-0.5,0.6,-1.6,-0.5,-0.2,0.4,1.0,-0.0,-0.2,3.1,-0.1,0.1,-0.9,-3.9,-3.7,-1.2,-7.3,-1.6,-4.6,-6.5,0.4,1.5,1.5,-4.5,-4.0,-2.4,-2.0,-5.9,-1.3,-1.2,-1.7,-1.9,-1.3,-2.7,-3.4,-1.2,-1.4,1.0,-1.8,-2.9,-1.9,-3.6,-1.7,-2.5,-4.0,-8.2,-6.2,-6.9,-2.3,0.0,-4.3,-1.1,-5.8,-4.6,-6.2,-5.9,-4.6,-7.3,-2.7,-1.6,-2.1,-2.3,-2.1
2C7L51EkbT,0,48.108066,11.637831,4443018.13,2778519.9,553.5,599.2,279,7531,3.5,0.72,0.41,32.7,348.97,-0.53,-0.103,0.842,0.1,0.2,0.35,0.27,1.2,0.2,-0.3,-0.5,-3.2,-0.3,0.0,0.4,2.4,-1.5,-0.6,0.1,0.7,-1.1,1.1,-2.6,-1.2,-5.3,-6.3,2.8,1.9,-1.6,-3.7,-5.2,-5.8,-3.8,-6.7,-3.3,-4.7,-1.6,0.5,-0.3,-6.3,-13.5,-8.4,-8.7,-11.9,-3.5,-6.1,-5.4,-4.3,-2.7,-1.6,-1.6,3.6,-4.7,-2.5,-1.7,-1.4,4.7,-1.1,2.7,-4.2,-5.7,-1.6,-2.7,-3.4,0.4,-3.7,-1.6,-5.2,-1.5,-2.2,-4.2,-0.5,8.3,-7.4,9.1,0.4,-0.5,0.4,1.4,1.2,2.7,-3.6,2.0,-1.0,-2.6,-3.7,-7.2,-5.2,-7.7,-5.3,-6.7,-6.0,-3.7,-2.1,-3.0,-6.7,-6.6,-5.4,-6.6,-5.4,-4.4,-5.0,-0.3,-8.0,-3.7,-1.3,-6.8,-6.9,-3.1,-8.0,-5.3,-6.5,-1.0,-1.6,-3.1,-3.2,-3.2,-1.3,-2.1,-2.6,0.3,-4.0,-3.4,-5.4,-3.4,-3.7,1.3,-6.5,-5.3,-3.8,-1.5,-4.3,-1.4,-7.4,-6.0,-4.6,-1.0,-6.2,-10.3,-6.6,3.2,1.7,6.3,-3.5,-4.0,-5.9,-3.7,-5.9,3.6,-5.1,1.4,-2.3,-6.0,-1.9,-3.0,-1.3,0.2,-0.6,-2.4,-3.4,0.6,-0.3,-0.7,-2.7,1.2,-1.5,-1.5,-3.5,-1.1,-1.2,-6.3,-11.3,-4.6,-6.5,-4.7,0.5,3.0,-1.9,-2.6,5.5,-1.4,-6.6,-2.4,1.1,-3.1,7.2,-5.8,-2.5,-0.0,-2.4,-7.6,-5.1,-1.6,-3.6,-7.9,8.1,-2.3,-4.4,-5.4,-5.8,-3.7,-1.1,1.7,-0.7,1.7,2.9,1.2,0.7,2.6,-2.3,-11.6,-5.9,-5.5,-0.9,-8.9,6.6,-8.2,0.1
2C7L51F1an,0,48.10636,11.62439,4442021.03,2778308.13,536.0,581.7,280,7301,4.5,0.61,0.56,32.64,348.97,-0.529,-0.103,0.842,-0.9,0.2,0.26,0.34,0.9,0.3,-0.3,-5.4,-2.4,-2.3,-2.1,2.1,0.1,1.3,-5.0,-4.2,0.8,-1.8,-0.5,-4.5,2.5,7.2,0.6,-1.9,-0.1,-4.0,1.3,-1.3,-7.1,1.9,1.0,8.5,1.9,-1.0,2.1,-3.9,3.1,-13.4,-3.7,-8.3,-1.4,0.8,-8.5,-4.2,8.8,4.3,-0.3,0.5,5.9,6.6,8.8,4.6,-1.0,-1.0,1.6,-0.6,-8.0,-6.0,0.0,0.6,2.0,1.5,1.0,0.3,-6.8,-3.4,1.1,1.0,-1.1,-0.6,-6.4,-11.0,5.9,-0.2,-8.8,-2.2,-2.6,-4.3,0.4,0.8,-1.3,3.3,3.1,0.9,0.1,-6.5,-8.8,-0.8,-1.9,0.0,-5.1,-5.7,2.5,-1.8,-2.6,-1.1,-4.6,-6.4,-2.2,-0.3,-3.2,-0.4,-1.6,-1.4,-2.4,-0.4,-1.6,-2.2,1.9,-3.4,-1.5,-2.8,-2.3,-1.9,2.5,-2.3,-6.4,-6.6,-2.6,-5.1,-6.9,-2.4,5.2,-0.4,-2.1,0.1,-3.1,-2.4,0.5,-5.1,-0.3,-0.3,-1.5,-10.0,-10.4,-7.0,-10.6,7.2,-8.6,-3.3,7.5,3.7,-4.8,-5.5,-14.2,0.5,0.8,10.7,-9.0,-5.6,-3.8,-5.2,-1.2,-7.0,-2.6,-10.0,-3.7,-13.6,-0.6,1.0,-0.2,-3.6,-7.9,-6.6,-8.7,-7.0,-6.0,-9.0,-1.9,-1.5,-1.6,8.0,-3.0,-1.2,-9.1,2.2,-2.1,2.5,-4.0,1.4,-6.8,-4.5,4.8,-1.5,-3.9,5.8,-4.4,-5.0,-7.1,-11.4,-2.2,-1.8,-15.5,-4.7,4.9,0.2,2.5,-6.9,-3.2,-6.2,-10.6,-5.9,4.8,-5.9,-10.0,-3.6,-3.0,2.7,-4.8,-11.8,-16.9,-1.7,-2.0,-1.8,-2.1
2C7L51F1bv,0,48.106872,11.628378,4442316.85,2778371.59,535.7,581.4,280,7371,2.9,0.83,0.38,32.66,348.97,-0.53,-0.103,0.842,-0.8,0.1,-0.2,0.22,0.5,0.2,-0.3,-0.5,0.6,0.7,-0.9,-0.3,-0.5,-2.0,-0.9,-0.7,13.0,-0.4,1.0,2.6,-0.2,-0.1,-2.4,0.6,0.2,-3.1,-5.0,-1.7,-4.8,-2.3,1.9,4.4,4.1,0.3,1.7,-3.5,-2.9,-7.5,-1.5,-0.5,-6.9,-2.3,-1.9,-1.6,-0.1,1.6,5.1,-0.8,0.0,-9.6,2.0,2.2,0.5,-1.2,-2.5,-0.0,0.5,0.0,0.3,0.6,1.0,-1.4,-0.5,-0.4,0.2,0.6,-1.0,-0.3,0.2,-11.7,-1.2,4.4,-2.6,-1.2,-7.5,-0.7,0.4,-3.5,-0.6,-1.8,0.6,-0.6,1.7,-0.5,-0.8,-1.4,-1.6,-2.5,-6.0,-3.0,-0.3,-2.0,1.0,-1.5,2.1,1.9,1.4,1.9,-3.4,-4.7,-7.6,-1.5,1.2,-0.0,4.3,5.4,1.1,0.3,3.1,2.2,0.4,2.4,0.6,-0.3,-2.7,0.6,0.8,-0.6,-1.5,-1.6,-2.2,-0.5,-1.5,-4.9,-2.2,-1.3,-1.8,-3.2,-0.5,-1.7,0.2,0.6,1.9,-3.3,3.2,0.5,-4.4,-3.0,-3.4,-1.6,-0.2,-0.6,0.4,-0.8,-5.5,2.3,1.4,0.3,-3.1,-1.4,-0.5,-3.7,-4.4,-9.2,-1.8,-0.7,-1.1,-12.9,-1.9,-2.9,-3.5,-1.8,-2.9,-4.4,-3.8,-2.5,-2.5,-4.1,-5.2,-2.0,-1.7,-0.9,-2.4,-1.6,1.5,0.3,-1.5,-5.9,-4.6,-3.2,-1.0,-1.9,8.6,-3.0,-2.8,3.2,-4.9,-4.0,-5.2,-4.5,-3.1,-3.4,-0.3,-2.6,-4.3,-3.8,-3.8,-3.7,-2.8,-6.1,-3.9,-2.0,-3.4,-4.8,-0.7,-6.4,-9.1,-6.8,-6.5,-3.2,-1.1,-3.9,-3.0,-2.2,-2.9
2C7L51F1bw,0,48.106877,11.628418,4442319.81,2778372.22,534.9,580.6,280,7372,2.3,0.91,0.16,32.66,348.97,-0.53,-0.103,0.842,-0.8,0.1,-0.06,0.17,0.5,0.2,-0.3,-0.5,-0.3,-0.4,-0.4,-1.2,-1.0,-0.9,-1.2,-0.1,12.6,-0.8,0.0,-0.0,-1.4,-1.4,-1.5,-1.1,-0.8,-1.8,-1.8,-2.2,-0.5,-1.6,-0.9,0.3,0.7,0.5,-0.7,-3.1,-4.6,-10.1,-4.3,-4.8,-4.2,-2.5,-1.8,-0.3,-0.1,2.4,0.5,-0.2,-1.4,0.0,-0.7,-0.4,-0.8,-1.2,-1.9,-0.6,-0.6,-1.0,-0.5,-0.3,-0.5,-0.6,-0.2,-0.6,-0.6,-0.5,-1.6,-1.8,-1.0,-13.8,-1.4,4.4,-2.0,-2.4,-8.3,-2.3,-1.4,-3.6,-1.3,-3.3,-1.5,-1.3,-0.9,-0.2,-1.1,-2.7,-2.7,-1.9,-3.8,-2.6,-3.1,-2.7,-2.3,-0.2,-1.1,-2.2,-2.8,-2.2,-3.6,-4.8,-3.7,-2.1,0.9,-0.9,-0.2,-1.4,0.2,-1.0,-1.0,-0.5,-0.4,0.2,-1.2,-0.6,-1.2,-0.6,-1.1,-1.4,-2.1,-1.7,-1.3,-1.3,-1.8,-3.9,-2.3,-1.7,-2.3,-5.0,-1.6,-1.6,-1.6,-1.5,-0.9,-2.1,-0.8,-2.6,-2.9,-4.0,-2.7,-2.3,-2.1,-3.2,-1.3,-3.3,-6.1,-0.1,0.5,-1.5,-3.4,-2.6,-2.8,-1.9,-2.3,-11.0,-2.2,-1.8,-1.4,-12.4,-1.5,-1.5,-2.5,-1.9,-2.6,-2.3,-3.2,-3.0,-3.2,-3.6,-2.5,-3.1,-4.0,-4.2,-1.8,-2.4,-1.3,-2.0,-2.5,-3.2,-5.1,-6.2,-3.4,-4.0,9.1,-3.9,-3.2,-8.1,-5.0,-3.9,-4.4,-4.3,-4.6,-3.8,-3.5,-4.8,-3.6,-4.3,-6.2,-4.6,-4.9,-5.3,-5.1,-4.3,-5.4,-5.5,-4.7,-5.0,-3.9,-4.4,-4.7,-4.6,-3.5,-4.3,-4.7,-4.5,-4.3
2C7L51F1c8,0,48.10696,11.629064,4442367.75,2778382.5,535.5,581.2,280,7384,2.8,0.77,0.5,32.66,348.97,-0.53,-0.103,0.842,-0.4,0.1,-0.32,0.21,2.5,0.2,-0.3,-2.0,0.7,4.8,-1.8,-3.3,2.3,-2.1,-1.1,1.0,3.4,1.9,3.9,-1.1,-0.2,-1.6,-1.1,-3.6,-3.7,1.2,-4.7,2.6,-0.1,-7.5,-4.3,-2.3,-5.2,-1.4,-4.3,-5.6,-11.8,-9.9,-12.3,-10.6,-9.8,-10.8,-7.2,-6.6,-3.2,-0.4,-1.8,-3.5,-7.5,-5.3,-10.5,1.0,-3.7,1.7,-0.2,3.8,3.0,1.0,0.7,-0.1,-0.6,0.5,0.1,1.2,1.4,0.7,1.2,-1.4,1.1,-1.3,-0.9,-1.2,-2.0,-1.4,7.9,-0.8,-1.0,2.2,1.0,-0.6,1.7,-1.4,1.9,-1.9,0.3,-2.4,-3.7,-3.4,-2.7,-3.8,-5.3,1.8,-7.5,-2.1,-2.3,-6.2,-1.9,-9.6,-7.6,-6.9,-8.4,1.0,1.1,-1.2,-0.2,-6.6,-5.6,-8.0,-7.2,-5.5,-4.7,2.6,-1.9,-5.6,-9.1,-2.7,-1.9,-0.6,-3.8,-1.2,-2.7,-0.6,0.6,-3.4,-0.4,0.3,-0.0,-1.9,-1.2,0.4,-2.1,-0.8,-0.1,0.5,-1.3,-2.0,-3.5,-5.5,-4.1,0.1,-3.3,-7.5,-4.6,-3.4,-5.3,-2.3,0.9,-0.2,-2.6,-2.6,-3.1,-1.3,-1.6,0.7,-1.7,0.1,-0.4,-1.6,-1.9,-2.7,-2.8,-2.1,-3.2,-3.7,-0.5,-4.8,-4.3,-5.6,-5.9,-5.4,-5.5,-7.0,-3.1,-6.0,-5.9,-4.3,-2.1,0.5,-3.0,-5.7,-3.4,-2.2,-2.5,-2.3,-2.0,-2.7,-4.2,-3.4,-3.6,-3.7,-6.1,-6.1,-5.4,1.9,-0.5,-4.3,-0.2,-5.2,-8.9,-9.3,-6.0,-5.5,-7.3,-2.5,-10.5,5.1,-4.1,-5.3,-2.8,-4.6,-3.0,-1.8,-3.5,-4.5,-5.6
2C7L51F1at,0,48.10642,11.624716,4442045.2,2778315.39,535.2,580.9,280,7307,4.1,0.65,0.49,32.64,348.97,-0.529,-0.103,0.842,-1.2,0.2,-0.91,0.31,1.8,0.3,-0.3,0.5,1.0,1.9,0.7,1.5,-0.6,1.0,-0.8,0.2,-1.5,2.1,0.6,1.7,-0.5,-0.9,0.8,-0.9,-2.0,-0.1,-2.3,-1.6,0.2,-5.8,2.0,1.4,-1.4,4.1,-2.4,4.9,-11.0,8.2,-16.3,-4.9,-5.7,-6.7,-11.4,2.2,14.2,-9.9,-8.2,-4.3,-2.9,-5.8,13.4,-7.1,-10.3,-6.3,-1.6,-4.4,-4.1,-2.9,-1.0,-0.7,2.1,-2.0,-5.9,1.9,1.9,0.6,-2.3,0.2,2.2,2.0,1.6,-3.3,-5.2,1.3,-0.4,1.0,-0.0,-0.9,-0.0,-0.1,-0.6,3.5,-0.0,0.8,0.5,-3.1,-2.4,-1.6,-5.7,-5.5,-7.9,-5.9,-5.3,-5.7,-1.0,2.7,3.6,-4.4,-10.4,-7.4,-1.2,0.8,4.3,-3.1,-2.2,-0.9,7.2,5.4,12.0,-3.6,7.5,1.3,-6.9,-4.2,-5.2,-0.1,-2.4,-2.8,-2.6,-2.3,-1.7,-0.3,-11.4,0.5,1.8,-0.2,0.1,-0.1,0.2,0.4,0.8,-0.1,-1.4,0.1,-1.5,-2.9,-1.7,-9.8,-8.3,-6.3,-4.1,-3.6,3.8,-0.7,-4.8,0.3,-1.9,-6.4,-1.7,-3.2,-1.9,-2.7,-2.5,-1.6,-2.8,-0.6,0.2,2.4,-0.4,0.8,-2.3,-0.1,-1.1,-4.3,-3.7,-3.6,-3.6,-5.6,-4.5,5.7,-4.5,6.6,-5.9,-12.7,-9.8,-10.2,-9.2,-9.2,-11.3,-6.3,-8.1,-5.6,-3.9,-0.5,-1.3,-0.7,-2.8,-0.1,-3.3,-2.7,-3.9,-2.0,-2.3,-4.0,-6.7,-7.5,-8.7,-4.1,-14.5,-5.5,-8.7,-9.7,-11.7,-7.3,-14.1,-10.2,-5.1,-1.7,-10.8,-11.5,-10.4,-8.1,-5.6,0.2,-4.0
2C7L51F1au,0,48.106419,11.624704,4442044.3,2778315.2,531.8,577.5,280,7308,2.4,0.42,0.7,32.64,348.97,-0.529,-0.103,0.842,-0.6,0.1,-0.27,0.19,7.0,0.2,-0.3,-0.8,0.3,-0.3,-0.4,-0.1,-1.5,-0.1,-0.9,-0.2,0.2,0.7,0.4,-0.2,-0.3,-0.4,-0.8,-2.8,-3.4,-1.1,-5.2,-2.4,-7.9,-11.8,-15.8,-13.1,-9.2,-20.7,-9.7,-12.7,-12.8,-7.0,-15.3,-12.1,-13.2,-12.3,-14.5,-10.2,-11.8,-7.3,-12.5,-8.9,-8.2,-9.9,-9.2,-6.7,-10.1,-7.4,-5.5,-3.4,-5.2,-0.9,-2.0,-1.3,-1.5,-1.4,-0.3,-1.6,-0.4,-1.7,-2.2,-0.4,-1.2,0.1,-0.7,-1.8,-3.1,-0.3,-0.5,-1.6,-0.6,-1.2,-0.1,-1.0,-0.8,0.5,-0.2,0.0,0.1,-3.6,-2.5,-2.1,-6.8,-5.9,-8.7,-7.6,-11.3,-11.6,-9.4,-11.3,-9.0,-16.0,-13.0,-10.1,-15.3,-18.0,-14.5,-9.8,-10.6,-10.9,-10.7,-11.8,-12.4,-9.5,-11.0,-8.6,-8.8,-5.5,-9.3,-5.3,-5.1,-3.8,-2.6,-3.2,-1.4,-1.0,-0.7,-2.2,-0.4,-0.5,0.1,-0.7,-0.3,-0.5,-0.6,-0.3,-2.1,-1.4,-3.7,-6.7,-5.6,-13.4,-12.5,-10.4,-16.9,-20.4,-18.9,-15.9,-14.8,-14.8,-10.4,-14.4,-11.5,-6.6,-6.7,-2.1,-1.8,-1.2,-2.2,-1.2,0.0,-2.1,-1.9,-0.6,-2.1,-1.4,-1.4,-2.1,-2.8,-1.9,-1.1,-10.7,-15.5,-15.0,-13.2,-16.8,-12.9,-14.0,-13.7,-11.1,-9.9,-12.1,-14.3,-7.3,-6.5,-5.2,-1.6,-1.8,-1.5,-2.7,-2.6,-2.2,-3.2,-3.6,-4.0,-1.8,-2.5,-5.8,-6.7,-14.2,-13.7,-17.0,-15.4,-17.6,-14.4,-15.1,-14.5,-11.1,-12.3,-12.0,-8.4,-7.4,-8.3,-8.3,-9.1,-4.1,-4.3,-3.0,-3.2
2C7L51F1cd,0,48.107269,11.631326,4442535.55,2778420.52,558.1,603.8,280,7415,3.8,0.67,0.45,32.67,348.97,-0.53,-0.103,0.842,-0.3,0.2,0.25,0.3,1.3,0.3,-0.3,-5.5,5.6,-3.3,-6.4,-9.0,-3.9,-3.8,-1.7,-1.1,-2.3,0.2,-0.5,13.7,6.5,7.0,6.0,1.9,2.1,1.4,4.0,0.3,-7.3,0.7,5.4,3.7,1.1,4.3,1.0,6.6,-2.5,-4.7,-0.6,4.8,4.4,2.5,2.8,5.0,6.1,6.3,6.0,11.4,1.8,1.7,4.3,6.8,0.3,0.1,-0.3,5.8,7.1,3.2,5.1,10.4,9.3,5.2,3.2,-2.9,4.8,7.5,-2.7,1.5,-0.8,-5.8,-0.8,-3.2,-5.1,0.7,3.6,5.5,5.0,-2.3,-4.5,11.1,11.4,3.8,4.9,5.1,6.4,5.8,0.1,-0.4,1.3,5.1,1.9,7.0,10.5,6.2,3.6,3.6,3.1,0.3,-1.5,1.5,1.1,3.6,2.8,3.8,2.8,3.5,5.1,2.0,-6.3,0.9,-2.8,5.8,3.0,-0.2,2.0,-1.0,-2.3,-4.6,-4.0,-5.1,-5.0,-4.9,-7.6,-2.8,-0.5,4.2,-1.2,0.5,0.3,-4.0,-7.1,1.1,-0.0,-0.9,2.4,-3.6,-2.4,-4.3,0.2,-2.1,0.2,-0.3,1.2,4.2,-5.0,4.0,1.3,-2.4,0.3,-3.3,-3.8,-3.6,-1.2,-0.9,3.1,7.2,6.8,0.4,-2.1,-0.2,-1.5,-0.2,-0.5,-0.7,-0.5,-0.4,-2.5,-1.2,3.7,4.6,3.2,2.7,3.7,5.8,4.7,4.5,1.2,2.4,0.9,-3.9,-1.9,-2.1,-6.6,3.2,0.9,11.0,0.4,0.5,3.7,-1.2,-0.6,4.7,5.4,1.4,4.2,0.8,-0.7,0.5,0.4,-2.1,1.5,3.3,-1.9,2.3,-0.3,-0.9,2.4,-3.1,-1.1,-0.4,1.2,-0.0,-1.6,3.3,-0.1
2C7L51F1dC,0,48.107473,11.632919,4442653.7,2778445.9,538.1,583.8,280,7450,2.5,0.82,0.41,32.68,348.97,-0.53,-0.103,0.842,1.0,0.1,-1.26,0.19,0.6,0.2,-0.3,-0.8,0.6,-0.1,1.9,0.1,3.5,0.2,2.3,0.9,3.3,0.5,3.3,-2.2,0.0,-2.5,2.8,0.5,0.7,-2.0,-2.7,14.5,7.6,-2.3,2.1,-2.2,-5.1,1.8,2.1,6.5,-4.5,3.7,-6.0,0.5,-3.0,-1.0,0.5,0.5,4.0,6.8,1.9,0.9,7.3,-3.3,2.0,0.3,1.1,-1.2,-0.4,3.2,2.4,3.7,-1.1,2.3,-0.5,0.7,0.5,-1.7,1.1,1.3,-1.6,3.2,0.6,0.9,-0.0,-1.9,0.0,-0.4,1.9,0.5,0.4,-0.7,2.0,-3.4,2.0,-2.2,0.6,0.7,-2.2,-4.4,-1.1,4.5,4.8,5.3,5.6,5.1,4.7,4.3,8.3,5.3,5.6,5.1,4.4,4.2,5.9,2.5,5.1,4.2,6.0,5.3,5.0,4.3,6.1,6.0,7.2,7.7,5.6,4.7,6.6,6.5,5.4,5.5,5.3,6.0,5.9,5.2,3.4,3.3,3.5,5.3,3.2,5.7,4.8,5.5,4.4,5.6,4.9,8.7,6.1,6.2,2.6,5.1,4.8,6.0,8.3,4.3,7.5,6.9,5.3,8.4,6.6,8.8,4.1,3.3,3.9,8.1,4.4,6.6,5.5,6.3,4.2,6.3,6.7,4.4,4.9,4.8,6.4,5.7,5.9,4.5,5.9,7.7,5.2,2.3,3.7,1.5,5.2,6.3,9.7,1.6,3.4,7.6,8.0,9.6,5.4,3.5,3.4,3.4,4.7,5.7,5.5,5.5,4.9,5.1,5.5,3.9,8.0,5.5,6.2,6.7,1.4,3.4,5.4,3.5,3.8,5.3,2.0,1.6,3.1,2.5,4.7,3.6,5.5,3.0,4.7,3.7,2.3,2.4,2.6
2C7L51F1dD,0,48.107498,11.633111,4442667.96,2778448.95,544.7,590.3,280,7451,2.8,0.81,0.36,32.68,348.97,-0.53,-0.103,0.842,-0.4,0.1,-1.21,0.21,0.6,0.2,-0.3,1.3,1.7,2.5,2.2,0.0,-0.4,1.8,0.9,2.5,3.0,0.5,2.9,1.6,0.1,1.5,1.5,2.7,1.3,0.5,-0.8,-4.2,-1.7,-0.6,4.2,2.0,1.9,2.3,4.8,-2.2,0.6,-0.3,18.5,-3.2,-3.9,1.0,0.1,0.3,-2.7,1.0,2.7,1.6,-5.3,-2.3,1.6,1.4,-2.4,-0.0,-1.4,5.7,0.0,5.6,0.3,1.2,-0.7,1.2,-1.8,-0.2,0.0,1.1,0.7,-0.4,3.5,2.8,-0.6,-2.2,1.0,0.2,3.4,2.3,2.0,0.1,1.7,-2.0,1.3,1.4,4.0,2.7,0.3,0.4,-1.0,2.8,3.9,4.7,6.2,4.8,7.2,3.8,5.2,5.6,4.0,3.9,3.7,1.2,5.6,3.2,5.4,2.4,5.6,4.5,4.0,3.2,5.8,6.1,8.8,7.5,5.1,3.4,0.9,3.6,4.2,2.7,1.3,4.2,2.8,3.8,3.1,0.8,0.2,2.3,2.1,1.5,2.6,2.7,2.8,4.2,4.4,1.7,4.0,4.7,0.5,1.4,3.6,-0.6,-1.5,4.4,-6.3,1.8,6.2,9.5,2.4,0.3,-0.7,-0.3,-2.1,-5.3,-5.6,3.8,5.7,3.4,0.7,1.0,1.7,1.0,3.1,4.4,0.2,-2.6,-1.5,3.7,4.5,3.0,5.3,2.3,3.8,2.3,7.8,4.2,9.9,1.3,2.3,0.8,1.0,-1.7,1.9,-0.1,0.8,1.6,1.2,2.2,-0.2,3.3,-0.8,-1.4,4.2,0.1,0.1,-1.9,-0.3,2.3,-0.7,-4.7,-3.2,-1.9,-1.3,-1.5,-1.4,-2.7,0.9,3.0,-1.4,-5.3,-0.4,-1.5,-2.0,-0.4,-1.0,-6.6,-3.8
2C7L51F1dU,0,48.107662,11.634395,4442763.2,2778469.34,560.3,606.0,280,7468,4.4,0.62,0.51,32.68,348.97,-0.53,-0.103,0.842,-0.9,0.2,-0.17,0.34,0.6,0.3,-0.3,-2.0,-3.3,-0.4,0.9,-2.9,-0.3,-1.8,-1.2,0.3,-0.6,-4.1,0.0,1.8,3.4,-1.9,4.1,-0.5,2.9,-1.6,2.8,3.4,-2.5,-5.8,-3.5,3.8,-0.7,-12.6,1.3,0.9,-1.7,2.1,-2.3,-3.6,-1.8,-5.9,0.1,0.6,6.1,1.5,2.4,-2.0,-2.6,-2.0,3.5,-1.1,3.7,-0.5,1.1,4.8,11.0,2.2,7.7,4.8,-4.3,-4.7,5.8,3.4,0.0,-6.3,8.9,1.4,-6.1,-4.8,4.8,11.4,3.4,-0.7,7.2,0.3,10.6,-2.0,-0.9,8.3,-4.9,5.0,-1.2,-4.2,-3.8,-7.9,-3.8,1.8,-2.0,-9.9,-15.4,-7.2,0.4,4.5,-0.9,7.0,-2.9,-2.9,-1.0,-3.3,-6.6,1.8,2.4,1.7,-0.4,-0.1,1.5,0.6,0.2,-3.1,-1.1,1.5,-0.0,-3.3,-0.7,-1.7,-6.4,1.8,-5.3,0.4,1.7,-0.2,-1.3,-6.5,-2.8,-0.8,-1.2,2.0,6.0,-0.1,-2.2,1.8,1.4,-3.7,-0.9,0.6,-1.0,-0.4,-4.1,8.5,-7.3,-10.6,-1.2,-2.4,-6.3,0.3,-4.1,5.0,8.9,-8.1,-2.7,0.5,2.0,1.0,0.8,-0.4,-7.8,-1.9,-0.6,-2.7,-5.1,-5.0,1.0,-3.1,10.8,-10.7,-6.4,-5.8,-11.4,-3.5,-1.0,-4.4,-4.7,-0.4,3.0,8.5,-8.1,-0.7,-3.0,-6.5,-7.8,-10.5,-4.2,-9.2,-7.3,0.2,-6.2,-4.9,-3.6,2.5,-0.0,1.4,-1.5,-3.3,-3.7,-6.6,-4.1,-10.1,-1.5,6.7,-5.8,2.3,-3.4,3.6,7.2,-2.3,-3.3,-6.5,-0.9,-3.1,-2.4,-2.6,-14.4,-3.3,-6.8
2C7L51F1eW,0,48.108103,11.637829,4443017.92,2778524.0,550.0,595.7,280,7532,3.8,0.75,0.43,32.7,348.97,-0.53,-0.103,0.842,-0.6,0.2,-0.84,0.29,1.3,0.2,-0.3,-0.5,-0.9,-1.6,-1.1,-2.2,1.9,-0.5,1.8,-0.8,6.1,-0.6,1.3,1.1,1.7,-0.4,1.6,-8.5,-4.0,-2.2,1.0,-4.1,-1.2,-1.5,-2.0,-3.3,5.0,-5.2,-1.4,-6.1,-2.9,-1.7,-8.4,-5.9,-3.8,0.2,-0.8,-0.2,-1.9,-3.7,-1.6,-6.2,-4.2,-1.4,1.3,0.5,-2.2,-2.8,-4.2,0.5,-0.6,0.4,0.8,-0.6,-0.5,0.5,1.0,2.4,1.4,0.2,-0.1,-1.7,0.1,0.6,-1.4,-5.6,-4.4,-3.5,-0.3,0.3,-0.3,-3.2,4.0,-1.2,-0.9,-3.7,-2.9,-4.6,-4.6,-0.0,2.7,0.6,-0.2,0.7,-2.1,2.0,2.5,-0.4,-0.3,-0.2,-0.6,-2.5,-5.2,-1.1,-0.9,-10.6,-15.2,6.9,-3.9,1.7,-3.6,-0.8,-1.2,-10.1,-0.4,5.4,1.7,1.2,6.1,4.2,4.7,2.8,-1.2,1.2,2.6,3.8,3.1,-4.2,-0.7,3.7,-0.7,-2.9,1.1,-0.4,0.7,1.5,2.7,1.2,0.4,-2.2,-3.0,-0.5,3.6,-3.4,-5.9,-1.4,-2.2,1.5,-1.9,-4.1,0.9,-18.1,-1.5,0.9,0.7,4.8,0.3,-1.4,1.7,0.9,-1.7,-0.7,1.9,0.5,-0.8,4.8,-18.7,-2.3,1.6,4.8,1.8,-2.6,-23.8,-0.3,-1.5,-4.3,-7.0,0.2,2.0,-4.9,-0.0,0.0,-3.9,-2.4,-0.3,5.0,-2.0,-3.2,-0.1,-0.1,-2.3,-1.9,-2.1,0.0,-4.0,-2.2,-3.8,-1.5,-14.0,-3.5,-9.1,-6.8,-2.7,-3.3,-0.5,3.7,-4.8,1.1,-5.8,-4.8,-5.3,-7.0,-7.4,-2.7,-6.3,-6.3,-2.9,-4.3,-7.3
2C7L51F1aO,0,48.106201,11.622868,4441908.03,2778288.04,533.9,579.6,280,7276,3.8,0.7,0.55,32.6,348.93,-0.529,-0.103,0.842,-2.2,0.2,0.22,0.29,1.2,0.3,-0.3,0.9,0.1,-1.1,-0.7,-0.0,-3.6,-0.1,-9.7,-8.0,3.8,1.3,4.7,3.9,12.6,4.8,3.6,2.9,5.3,0.5,-1.4,1.5,5.6,12.9,1.7,2.8,-1.4,-2.2,-0.4,-6.9,-8.0,5.9,-1.2,-5.8,-0.5,-2.7,-1.7,1.7,-1.0,-0.9,1.7,7.7,5.6,-1.2,-2.2,-3.8,-4.5,-2.6,-6.2,-4.3,-2.1,-1.2,-1.7,-2.4,-1.3,-2.8,-1.9,-1.8,-4.0,-3.8,-3.6,-2.1,-1.6,-5.9,-7.9,-9.5,-2.4,-3.0,-2.6,-7.1,-7.6,2.2,-1.8,-2.6,0.3,-1.7,-2.1,0.5,-7.4,-3.6,-1.4,-2.8,-2.3,-3.1,5.4,2.4,-3.5,1.8,-0.7,-1.3,-2.6,-2.0,-1.2,2.4,2.5,-3.1,1.1,-2.8,-3.0,-4.6,-4.9,-4.8,-1.0,-2.0,-5.7,-10.6,-2.9,-3.9,-3.3,-3.6,-5.0,-4.7,-1.6,-4.5,-6.0,-6.3,-6.3,-11.3,-5.9,-5.8,-3.5,-6.2,-6.1,-0.3,-2.0,-4.4,0.3,-0.5,-7.7,-9.8,-6.5,-4.3,-5.7,-1.0,-1.1,-5.6,-4.8,-4.9,-3.2,-2.3,-0.3,-1.5,-5.3,-6.0,-6.4,-5.0,2.2,-6.9,3.3,-6.7,-10.7,-10.0,-6.5,-7.5,-9.6,-6.7,-10.8,-8.4,-8.4,-5.4,1.5,-8.8,-9.5,-1.2,-7.5,-7.3,-6.7,-5.5,-12.9,-2.6,-6.1,-6.4,-6.9,-10.6,-5.7,-7.8,-10.1,-11.1,-11.9,-9.5,-9.6,-9.8,-7.5,-7.3,-9.0,-9.7,-11.4,-18.6,-1.2,-15.7,-9.2,-3.8,-17.6,-11.1,-4.2,-8.6,2.9,-12.6,2.3,-20.3,-7.9,-9.6,-14.2,-6.2,-10.2,-13.9,-14.7,-5.8,-3.3
2C7L51F1ay,0,48.106475,11.624997,4442066.0,2778321.92,537.7,583.4,280,7312,4.5,0.65,0.49,32.64,348.97,-0.529,-0.103,0.842,0.7,0.2,-0.29,0.34,1.1,0.3,-0.3,3.0,1.2,3.0,0.9,1.5,-6.1,2.3,2.6,2.8,-10.9,-0.1,-7.9,2.6,4.1,2.5,3.6,4.0,4.1,7.5,2.0,3.7,3.6,2.0,4.8,7.8,5.9,4.8,-6.8,3.5,-0.4,-0.9,-2.0,-2.9,1.3,1.4,2.0,4.2,5.3,6.1,7.4,6.9,-8.2,7.5,3.3,5.5,3.0,-8.2,-0.4,3.6,2.7,3.6,4.1,3.5,3.9,3.9,4.4,-9.9,2.7,-3.5,-9.0,-2.1,-3.7,-8.9,0.0,6.7,11.1,0.8,12.1,-2.3,3.3,-6.5,4.0,7.5,2.8,4.4,8.1,6.7,8.1,7.6,5.9,5.3,5.3,5.2,1.4,4.6,5.6,6.4,5.5,5.9,4.0,2.1,0.4,-8.4,0.7,-1.7,2.8,1.4,5.6,3.9,3.6,2.1,4.0,2.6,6.6,4.1,5.9,8.1,3.4,12.4,5.4,2.1,1.1,4.6,2.8,3.8,9.1,12.3,-5.5,-2.5,0.6,-12.1,0.5,-8.7,1.0,5.0,5.7,12.8,5.9,3.0,5.7,3.2,3.6,-6.0,2.4,3.0,-0.1,4.8,4.0,3.5,3.3,14.8,-4.7,1.5,4.4,0.3,14.2,12.2,-10.5,-10.0,13.3,5.8,6.5,2.0,3.0,4.6,5.8,5.0,5.5,6.3,5.4,5.4,4.2,5.0,3.4,5.1,6.5,5.9,6.0,7.3,6.6,6.7,3.9,11.4,-1.3,7.6,-1.6,4.1,4.6,-5.6,3.8,2.4,3.3,3.2,3.9,5.2,4.5,3.4,5.4,6.2,6.2,6.1,7.7,5.3,3.4,3.7,7.4,4.9,4.0,2.5,4.7,4.2,2.7,2.5,3.9,6.3,5.0,3.1,3.2
2C7L51F1b6,0,48.106521,11.625361,4442092.95,2778327.71,532.9,578.6,280,7320,3.2,0.75,0.53,32.64,348.97,-0.529,-0.103,0.842,0.1,0.2,-0.74,0.25,2.4,0.2,-0.3,2.0,2.1,-0.2,1.2,1.3,1.6,-0.0,-0.6,-0.3,1.9,0.1,3.1,0.3,-0.8,-2.9,-2.0,-17.5,-3.1,-5.5,-4.0,-4.3,0.3,-3.6,-2.4,-0.4,0.4,-3.1,3.5,0.6,-3.6,-11.5,-9.9,-3.2,-4.6,-5.5,-4.5,-0.8,-1.2,-0.5,0.5,-4.6,5.4,0.6,-5.3,-3.2,-2.6,5.3,2.2,-0.6,-1.0,-1.6,-4.0,-3.4,-0.8,2.8,1.3,2.5,2.3,0.3,3.6,2.8,1.1,8.1,2.3,4.0,2.4,2.1,7.6,-0.5,-0.5,2.6,-0.3,2.2,-2.0,-2.2,-0.8,0.8,-0.4,-5.4,-3.3,0.8,-0.7,-2.2,-2.3,-0.2,4.0,-4.8,-1.4,-1.1,-5.1,-1.1,-1.0,-1.9,-4.2,-4.8,-1.4,-0.1,-1.9,-2.2,-3.3,-2.3,-2.1,-5.3,2.8,-3.9,-6.1,-2.6,-5.5,-1.7,-4.4,3.0,-1.2,1.3,-0.3,4.2,5.6,0.0,1.8,2.4,2.1,4.3,1.0,3.4,-0.6,-1.6,-1.0,3.8,-1.0,-1.1,-1.6,4.2,-0.0,3.0,1.2,-3.6,-4.4,-7.5,-6.2,-3.7,4.6,2.9,2.3,-0.3,0.6,3.3,2.1,-0.1,3.4,3.4,3.2,2.0,3.8,0.5,-4.8,2.4,2.7,4.5,0.3,2.3,0.0,-2.0,2.3,0.5,3.6,-7.6,6.5,-0.3,1.9,-16.7,-9.1,-8.5,0.0,-0.2,0.5,-0.5,-0.5,1.6,2.1,-0.5,0.7,0.7,0.4,1.7,-0.3,-1.6,-3.1,0.2,-0.1,1.2,-2.6,-0.4,1.8,-4.3,-5.1,-2.5,-5.8,-5.2,-11.5,-1.0,-7.9,0.5,-0.1,-1.9,1.0,0.2,0.7,0.8,-0.0
2C7L51F1bG,0,48.106606,11.626018,4442141.73,2778338.17,535.9,581.6,280,7330,2.3,0.87,0.37,32.65,348.97,-0.529,-0.103,0.842,-0.7,0.1,-0.81,0.18,1.0,0.1,-0.3,1.0,3.8,2.2,1.7,-0.6,1.0,-1.3,1.0,-6.3,-2.6,1.1,1.5,-0.5,3.2,-2.1,4.0,-0.6,3.0,1.0,-0.4,-1.3,1.0,1.7,3.5,4.4,2.9,1.0,1.1,-0.3,-4.0,-10.2,-2.4,-1.1,0.0,-1.1,1.8,1.2,2.5,3.3,4.9,1.0,0.7,1.5,3.7,-0.0,-0.7,1.6,2.3,0.2,2.6,-0.3,3.6,0.8,0.6,2.0,2.8,2.6,4.3,-1.6,1.2,2.2,2.7,-2.6,2.6,8.0,-1.1,2.1,2.4,1.5,4.4,2.4,2.4,2.6,0.8,7.8,13.8,3.4,4.3,0.8,4.1,1.3,-1.3,0.4,-0.1,1.0,-0.4,0.8,2.8,1.3,-2.6,0.7,-0.3,-0.6,-0.7,-0.5,-2.5,4.4,0.1,1.9,0.4,0.3,2.7,1.2,-0.5,4.0,2.1,-5.9,1.3,3.3,0.5,-1.1,-3.0,2.0,2.1,0.6,5.6,2.0,1.8,1.3,3.9,5.9,3.3,1.6,3.4,3.2,2.0,4.1,5.4,0.1,-1.1,-4.2,0.9,3.1,1.4,-0.1,-1.2,1.3,-3.3,2.1,2.7,-0.1,-0.0,-0.0,0.8,0.2,-0.3,-3.9,1.4,0.3,0.7,2.7,1.7,2.5,-0.0,1.7,1.3,1.3,0.2,-1.3,-0.8,-3.5,-0.2,-0.2,-1.8,-3.1,2.1,0.1,-1.3,-2.7,-1.0,-2.1,-2.0,-2.8,-1.5,-3.4,-2.0,-2.3,-1.1,-0.9,-2.7,-0.8,-1.8,-2.3,-0.7,-1.4,-5.0,-1.5,-0.1,-0.5,-1.4,-3.1,0.6,-1.4,-3.4,-4.4,-4.6,-1.1,-4.1,-2.4,-3.8,-0.3,-2.1,-2.7,-1.3,-0.0,-1.4,-1.1,-1.7
2C7L51F1cP,0,48.107121,11.630026,4442439.01,2778401.93,534.5,580.2,280,7401,4.0,0.71,0.46,32.66,348.97,-0.53,-0.103,0.842,1.1,0.2,-0.3,0.3,1.4,0.3,-0.3,-1.9,-1.3,-0.5,2.4,-0.2,4.0,1.9,0.1,-2.1,-7.7,0.7,-0.4,-1.4,2.5,-0.2,3.3,-14.1,-1.0,-0.7,0.1,-3.3,2.4,-3.1,-9.0,0.7,-0.5,0.5,0.9,-3.0,2.4,-4.0,-2.5,-8.1,-7.5,-5.4,3.2,-1.8,3.0,1.6,1.2,3.2,2.7,-14.0,5.5,3.0,-0.1,1.1,0.9,2.8,4.8,-4.8,3.0,-0.2,3.7,1.2,3.9,4.9,2.9,-0.2,2.5,7.9,13.1,4.2,2.7,13.1,0.2,-9.5,-14.6,-1.1,0.9,-1.3,4.3,2.3,0.8,-2.6,-0.8,1.2,0.9,-1.0,-0.5,-15.7,-1.6,-1.6,-1.6,1.9,5.5,0.4,2.7,1.2,-0.9,1.6,-0.3,-0.5,-0.9,-2.5,-1.1,0.4,4.9,-0.7,1.8,1.7,1.1,3.8,4.0,2.3,1.6,5.0,2.1,5.2,-0.4,7.6,1.8,3.7,4.0,4.6,8.6,-8.3,5.0,6.1,4.0,-4.4,4.9,4.1,6.0,4.5,1.3,4.5,6.3,0.9,-1.4,3.4,1.2,2.7,-2.3,-4.4,-1.5,-1.8,-1.9,1.8,5.3,7.1,0.5,-0.3,-1.8,5.9,2.3,-1.6,3.3,5.1,6.4,-5.3,7.3,3.4,4.0,5.9,2.4,4.0,5.5,1.3,1.8,8.5,0.7,0.0,0.1,-0.4,4.6,2.3,4.1,1.9,3.2,3.2,2.9,1.6,9.5,1.5,2.4,4.9,3.9,-8.0,8.1,6.8,8.5,9.4,7.5,3.4,7.0,6.7,6.1,2.9,3.0,2.0,6.4,3.3,2.6,-0.4,6.9,3.0,2.3,5.1,1.6,5.9,3.5,3.8,4.1,9.7,4.7,10.9,-8.0
2C7L51F1cv,0,48.107434,11.632328,4442609.75,2778440.58,557.8,603.5,280,7433,2.6,0.83,0.37,32.67,348.97,-0.53,-0.103,0.842,-0.4,0.1,-0.07,0.2,0.7,0.2,-0.3,-2.4,-3.2,0.6,-0.0,0.0,-0.5,0.2,0.8,1.5,-6.1,-1.0,-1.3,0.2,-4.3,-0.1,0.0,0.3,0.4,-1.4,-2.5,7.6,1.3,-1.2,0.7,0.7,-1.1,-1.2,-0.3,1.0,-3.1,-1.7,-2.3,-6.8,-6.9,-4.7,-4.9,-1.7,-4.0,3.6,1.2,2.1,1.4,1.6,-3.3,4.3,-2.8,3.2,-2.1,6.4,0.2,4.2,-2.6,-0.6,1.0,1.6,-0.6,2.7,-1.6,0.8,-3.1,0.9,-1.1,0.3,1.5,3.2,-2.7,0.3,1.6,-0.0,1.6,-1.5,-1.1,-2.2,-1.4,-5.0,0.6,1.6,0.3,-1.7,-1.5,-2.0,3.2,-5.4,-1.3,-1.9,0.2,0.7,2.8,-2.0,-0.7,-0.2,-1.1,-4.7,1.4,-3.3,-3.3,-0.5,2.6,-0.8,-1.5,-2.0,-0.5,-1.2,-0.8,0.5,-0.3,-1.2,1.1,-5.5,-1.9,-1.5,-1.9,-1.7,-0.1,-1.1,-2.9,-1.0,-2.8,-2.4,-2.0,-2.5,-1.4,2.4,1.6,-0.1,-1.3,-1.3,-2.2,-1.0,-4.7,-5.8,-1.9,-0.8,0.1,-3.2,-2.9,-1.4,-0.5,2.0,1.7,3.7,-1.7,-3.3,0.1,-3.7,-1.8,-2.0,-1.8,2.0,-0.6,0.2,-1.1,2.1,3.6,4.4,-2.5,-1.6,-1.2,-0.7,-3.1,-3.1,-6.2,-5.8,-4.6,-1.7,-0.8,-4.2,2.8,4.0,0.4,-0.2,-0.8,-5.5,1.2,-7.1,7.5,-6.0,-1.8,8.2,-7.0,-3.4,-3.8,-4.1,-5.7,-1.0,-2.3,-3.9,-4.7,-3.5,-5.8,-3.2,-2.6,-5.4,-0.4,-1.5,-2.4,-2.8,0.3,-2.2,0.7,-0.3,-1.7,2.2,-2.8,1.4,0.4,2.9,-9.4
2C7L51F1cx,0,48.107386,11.631947,4442581.52,2778434.57,533.8,579.5,280,7435,2.8,0.82,0.43,32.67,348.97,-0.53,-0.103,0.842,-1.6,0.1,-0.45,0.21,1.1,0.2,-0.3,0.7,-0.5,-0.4,1.0,-2.0,0.3,-0.6,-0.4,0.6,-4.9,-0.2,-1.3,-0.8,1.6,1.9,0.7,-0.8,-4.2,-4.0,-5.7,-6.5,-0.2,-0.4,0.4,0.2,-2.5,-2.9,-0.8,0.4,-2.8,-4.3,-2.6,-3.5,-1.7,-6.4,-2.0,-1.0,-2.6,4.1,-1.7,-0.6,0.2,-2.9,-0.6,-2.1,-1.4,-5.3,-5.2,0.5,-0.9,0.6,0.4,-0.5,2.5,1.7,6.2,2.2,4.2,4.4,-0.7,3.6,1.5,-4.9,-2.1,0.7,-1.3,-0.2,1.9,-1.0,-0.3,-1.4,-2.3,-2.1,-1.4,-1.7,-1.5,-2.3,-0.3,-3.2,-3.8,-3.0,-4.7,-3.3,-2.9,-2.9,-3.2,-2.9,-1.8,-1.5,-6.0,-4.5,-3.2,-2.4,-1.4,-1.6,-3.7,0.7,0.5,-0.9,-2.1,-3.6,-1.1,-0.9,-1.3,-0.5,-0.5,0.1,-0.1,1.0,0.8,1.3,-2.2,-0.4,-3.7,-2.1,-4.1,-0.8,0.8,-2.7,-4.3,-4.5,-2.0,-1.2,1.3,-4.4,2.4,-0.7,-2.9,-3.1,-4.3,-3.7,-2.0,-5.1,-5.3,-6.0,-4.4,-5.5,-11.4,-3.9,-2.1,-2.8,-5.9,-4.5,-9.2,-7.4,-4.1,-3.7,-3.8,-1.9,-12.4,-4.7,-6.7,0.6,0.1,-3.8,-4.0,-7.4,-5.8,-9.4,-3.9,-10.8,-6.9,1.0,-5.2,-6.8,-0.9,-0.9,1.6,-4.0,-1.8,-2.4,-5.5,-7.3,-4.7,-10.3,-5.1,-4.5,-3.4,-10.8,-4.9,-4.9,-3.9,-7.5,-6.3,-5.8,-8.2,-4.6,-6.7,-2.0,-15.6,-12.1,-8.4,-11.5,-12.9,-8.7,-10.0,-3.0,-7.0,-6.5,-6.3,-6.9,-5.2,-2.5,-4.3,-2.8,-3.3,-6.3,-21.4
2C7L51F1b3,0,48.106557,11.625351,4442092.15,2778331.67,539.1,584.8,280,7317,3.7,0.71,0.45,32.64,348.97,-0.529,-0.103,0.842,-1.1,0.2,-0.33,0.28,1.3,0.2,-0.3,-1.3,2.9,1.5,0.9,2.1,-0.9,0.9,0.6,-0.4,7.7,-0.3,2.1,-0.9,3.2,2.2,2.0,-0.4,-1.3,-1.8,0.5,-3.7,-5.7,8.0,-1.9,-2.6,-1.9,-0.7,-8.5,-4.9,-9.4,-14.4,-4.4,-7.6,-4.5,-6.2,-6.7,-4.4,0.1,0.8,-0.5,-3.9,-3.0,-1.4,-2.3,-3.7,-4.5,-4.2,-5.4,-5.3,-6.7,-5.0,-5.4,-2.8,-7.7,-8.4,-0.4,-1.9,-2.6,3.5,-4.3,-1.8,-4.6,-6.5,9.2,2.3,-5.9,-1.9,-12.3,-6.2,5.7,10.3,1.4,5.9,-2.3,-0.8,-3.1,-1.3,-2.9,-4.1,-1.8,-2.8,-3.5,-2.6,-4.8,-6.5,-8.2,-3.4,-1.9,-2.3,-6.0,0.4,-2.0,-3.1,-5.0,-2.3,2.1,-2.8,-2.6,-1.1,-0.8,-2.5,-2.8,-2.4,1.1,-1.1,-5.1,1.1,-12.5,-1.6,0.1,-0.2,-4.3,-1.1,-0.8,-7.2,4.6,-10.3,-2.2,-0.9,1.6,-6.2,-1.4,-0.2,-9.0,-2.5,-5.7,-7.7,2.3,-4.0,-8.8,-7.5,-5.9,-0.1,-8.0,-5.5,-10.9,2.0,-2.4,-1.5,0.4,-4.3,1.2,-4.7,-15.3,-4.2,-5.0,-7.2,-0.0,-10.3,0.3,-1.9,-0.9,-1.8,-4.4,-2.5,-1.4,-2.4,-5.6,-4.3,-0.0,-4.5,-2.2,-0.8,-2.6,-5.9,-2.3,-5.8,-6.7,1.1,-5.5,-5.1,-6.7,-4.9,-7.1,-9.6,-5.0,-3.9,-5.7,-8.6,-8.4,-5.7,-6.6,-7.0,-5.5,-4.4,-7.4,-3.8,-1.8,-6.3,-8.3,-10.6,-8.8,-13.8,-11.7,-12.3,-8.9,-8.3,-7.1,-15.3,-6.5,-6.5,-5.4,-7.5,-3.2,-6.5,-4.3,-3.5,-6.4
2C7L51F1b4,0,48.106568,11.625434,4442098.31,2778332.98,540.3,586.0,280,7318,2.2,0.87,0.29,32.64,348.97,-0.529,-0.103,0.842,-1.0,0.1,-0.62,0.17,0.8,0.1,-0.3,-2.6,-0.3,2.4,0.1,2.4,-2.9,3.6,1.1,0.8,-1.2,1.5,-2.8,0.8,1.3,2.2,1.1,2.2,1.2,0.9,1.2,1.2,-0.0,1.0,1.3,2.4,1.8,1.9,2.2,-2.2,-1.7,11.3,-0.9,-4.3,-1.5,-4.0,-0.8,-0.4,0.8,2.8,0.4,2.1,-2.1,1.3,0.8,-0.1,0.4,-1.0,-2.5,-1.2,0.4,0.6,-0.2,0.6,1.0,0.4,-0.1,-0.9,-0.4,0.2,-0.7,-1.5,1.0,-3.0,0.2,-4.6,-1.5,-0.6,2.0,-2.7,0.8,-0.8,1.4,-2.6,0.6,1.5,0.4,-0.5,1.2,0.7,0.6,-0.2,-0.1,-0.8,-1.9,-2.4,2.3,0.1,2.7,0.4,-1.3,0.5,-1.8,-3.2,-1.7,-0.9,2.9,-0.8,0.2,0.5,1.6,0.4,1.0,1.0,2.6,3.3,3.8,2.9,3.3,2.3,0.9,0.6,-0.0,0.0,1.1,1.1,0.7,-3.3,-1.0,-1.4,1.0,-4.3,-1.6,-1.7,-0.3,0.7,1.1,-2.1,1.9,-1.5,-0.9,-0.7,-1.0,0.7,1.0,-0.1,-1.6,0.8,-1.0,1.1,2.0,-0.3,-1.7,0.5,1.3,-0.0,-2.1,-5.5,-1.9,-1.7,-1.2,-0.2,-0.3,-0.4,-2.2,-2.0,-0.8,0.7,-3.5,-1.1,1.2,-2.5,-1.1,-2.4,-0.4,-3.1,1.2,-3.9,1.9,4.8,4.1,2.2,-1.4,-5.7,-7.7,-9.3,-10.9,-6.5,-6.7,1.8,-5.9,-4.4,-4.6,-2.1,-5.3,-5.0,0.2,-6.3,0.7,-4.3,-2.7,-1.1,-0.6,-1.0,-2.7,-4.4,-2.2,-0.2,-2.7,-6.6,-2.6,-7.5,-4.1,-7.4,-3.5,-5.4,-8.8,-4.4,-8.3
2C7L51F1b7,0,48.106564,11.625407,4442096.31,2778332.57,532.9,578.6,280,7321,1.9,0.92,0.27,32.64,348.97,-0.529,-0.103,0.842,-0.5,0.1,-0.04,0.14,1.2,0.1,-0.3,-0.6,0.4,-1.6,-0.7,-0.9,0.5,0.5,-1.5,-0.9,2.6,0.8,1.0,-0.2,-2.5,-2.5,-2.3,-2.6,-1.9,-2.9,-2.6,-3.0,-1.9,-2.7,-2.7,-0.5,-0.2,-0.0,0.2,-2.4,-6.7,-15.3,-5.8,-5.9,-3.4,-5.1,-5.5,-1.9,-1.9,0.3,-1.4,-2.0,1.0,0.5,-1.6,-1.9,-0.7,2.3,-2.5,-1.1,-2.0,-2.5,-3.3,-0.7,-1.3,0.8,-0.2,-0.0,-1.2,-1.7,0.1,-0.4,0.2,2.5,-2.3,1.1,0.8,-0.9,2.5,-1.6,-3.2,-0.8,-1.6,-0.9,-3.1,-1.3,-1.8,-0.9,-2.9,-2.3,-2.5,-2.0,-2.9,-3.3,-3.0,-3.9,-2.1,-3.7,-1.6,-3.1,-5.8,-2.4,-4.1,-4.9,-4.8,-4.8,-1.1,-2.0,-2.7,-2.2,-0.8,-1.6,-2.6,-3.0,-2.3,-2.3,-2.5,-3.2,-2.5,-1.9,-4.1,-1.9,-3.5,-4.3,-2.2,-1.7,-1.8,-3.5,-2.7,-2.0,-1.0,0.2,-2.6,-1.7,-14.0,-2.0,-2.4,-0.4,-2.7,-4.1,-3.5,-2.7,-3.0,0.2,-2.9,-4.2,-6.4,-4.4,-6.2,-0.7,1.0,-0.2,-3.3,-3.8,-3.0,-0.3,-0.4,-0.2,-2.2,-1.2,-1.0,-0.2,-1.0,-2.4,-3.8,-2.6,-2.3,-3.7,-2.9,-2.2,-3.6,-4.2,-3.3,-5.6,-4.0,-3.5,-0.1,-3.8,-3.1,-1.2,-3.1,-2.6,-4.5,-4.1,-2.1,-2.8,-2.9,-2.2,-1.8,-3.2,-3.9,-3.1,-3.4,-2.5,-4.5,-4.1,-4.0,-2.5,-2.8,-5.1,-5.0,-3.2,-4.4,-3.8,-6.6,-7.1,-3.7,-4.6,-5.6,-4.5,-3.6,-2.1,-3.7,-3.9,-3.6,-3.1,-2.7,-4.4,-2.8
2C7L51F1b8,0,48.106575,11.625491,4442102.56,2778333.91,534.2,579.9,280,7322,3.1,0.81,0.4,32.64,348.97,-0.529,-0.103,0.842,-1.4,0.2,-0.23,0.24,0.1,0.2,-0.3,-0.1,0.2,-3.2,-0.2,-2.3,-1.0,2.5,-4.5,-2.8,3.7,0.5,-0.7,-1.9,-5.2,-2.4,-3.6,-0.7,-0.8,3.3,-1.7,3.4,4.0,3.0,4.2,4.8,4.8,5.8,-2.2,4.2,-5.2,-15.1,-4.5,7.3,-0.6,-3.2,1.4,-0.5,-0.4,0.8,0.4,-0.8,-0.8,2.6,-0.4,2.6,3.7,-0.2,-1.3,-2.5,1.9,-1.8,-1.2,0.6,0.5,-0.5,2.4,0.3,-2.5,0.3,2.1,-1.4,1.4,4.3,-1.1,8.2,3.2,-1.3,1.6,-1.2,-1.8,-1.4,-3.5,-2.2,-0.2,-0.5,0.3,-1.4,-2.7,-2.1,-0.8,-1.9,-2.5,-1.7,-4.1,-6.3,-3.4,11.0,0.4,-3.9,-3.4,-0.8,-3.5,-9.3,-3.8,-2.9,0.9,-2.1,-2.1,-0.9,-0.7,1.3,-3.4,-3.0,-5.8,0.3,-3.5,-5.5,0.8,-1.9,-2.5,-5.0,-5.6,-3.3,-2.8,0.9,-3.4,-3.8,-2.9,-0.8,-2.7,1.2,-4.6,-4.6,10.5,0.3,2.6,-3.1,-5.2,-3.6,-4.3,-6.9,-2.1,0.8,-3.5,-3.3,-8.9,-2.2,-5.7,-1.2,-0.8,-2.3,-2.5,-6.3,-1.5,0.1,-0.6,-2.8,-5.5,-3.0,-2.2,-1.8,-3.1,-2.6,-5.5,-2.0,-3.5,-5.3,-3.5,-3.6,5.5,-3.8,-2.9,-3.8,-3.7,-2.9,-0.8,-1.7,-1.7,-3.9,-5.2,-0.5,-7.2,-5.7,-4.1,-5.5,-8.7,-6.6,-6.6,-12.5,-7.6,-5.6,-5.6,-4.6,-9.0,-5.5,-5.3,-5.3,-4.0,-12.2,-6.8,-5.5,-7.0,-0.4,-9.7,-10.8,-4.6,-5.7,-7.7,-0.3,-4.1,-5.4,-6.8,-8.4,-6.8,-2.1,-6.7,-6.7,-4.8
2C7L51F1c3,0,48.107023,11.62898,4442361.36,2778389.39,545.4,591.1,280,7379,2.9,0.8,0.38,32.66,348.97,-0.53,-0.103,0.842,-1.4,0.2,-1.15,0.22,0.7,0.2,-0.3,9.3,9.5,-11.2,0.7,-0.1,0.7,-6.5,-0.0,0.8,2.8,-1.5,1.8,-1.6,-1.3,2.6,-7.4,-5.2,-2.9,8.1,-4.5,-3.1,-0.5,-4.7,-2.7,-0.9,1.0,-1.7,0.6,-2.8,-7.1,-1.8,-3.2,-1.8,-3.7,-5.2,-0.3,1.7,0.7,0.8,1.6,-1.3,0.5,0.6,-2.3,1.2,0.7,1.1,3.0,-0.3,2.0,-1.7,-2.0,-0.7,-0.3,0.7,0.9,-0.5,0.7,0.1,-1.1,0.5,1.8,1.5,-1.5,-12.1,-0.3,-1.8,-0.7,-0.9,-1.4,-1.4,0.2,-1.9,-1.2,4.7,2.0,-0.6,-1.3,-1.5,-2.1,-0.4,3.5,-0.9,-3.1,-2.3,-3.0,1.0,-2.5,-4.6,-2.3,-0.2,-2.1,-3.0,-3.3,-2.2,1.5,0.2,-2.3,2.0,0.9,-0.6,-0.6,1.6,0.2,2.6,1.4,0.4,0.9,3.7,-0.1,0.8,-0.7,-1.3,-1.6,-1.3,-0.9,-1.8,-5.1,-0.9,-0.5,-3.4,-0.5,-2.6,-0.1,0.4,1.8,-0.3,0.5,-1.2,-1.7,-3.0,-4.3,-3.0,2.5,-2.1,-3.5,-6.0,-7.6,-1.6,-2.4,0.2,3.2,-0.1,-1.8,-2.1,-2.4,1.3,-2.4,-0.9,-0.9,-1.3,-0.5,-0.1,-1.1,-1.8,-1.9,-0.8,-2.2,-3.5,-3.9,-5.2,3.4,-2.1,-4.9,-8.2,2.1,-2.5,-3.9,-3.2,-5.9,-14.3,-7.3,-7.7,-3.2,-1.1,0.5,-6.0,-4.0,-3.9,-6.8,-5.2,-7.9,-6.7,-8.7,-4.2,-5.0,-8.9,-8.7,-6.4,-9.8,-6.4,-17.5,-1.2,-0.6,-8.0,-7.6,-5.7,-8.3,-12.7,-4.0,-8.2,-8.2,-7.7,-6.5,-8.5,-9.6,-7.9,-6.2
2C7L51F1eF,0,48.108052,11.636994,4442955.84,2778516.88,557.5,603.1,280,7515,4.7,0.64,0.49,32.69,348.97,-0.53,-0.103,0.842,-1.0,0.2,0.76,0.36,1.2,0.3,-0.3,-1.7,-3.9,6.7,-1.0,1.5,-0.6,-2.7,-4.9,0.7,1.6,2.2,1.9,-3.8,3.5,0.8,0.7,-4.0,-4.5,-1.8,-2.9,-11.2,-3.7,7.0,-18.1,1.2,-0.3,1.4,3.4,-1.3,0.7,1.1,-3.7,-3.2,-3.3,-4.6,0.7,2.0,-2.1,-0.9,-2.2,5.4,1.6,-0.4,-4.8,-4.1,-3.0,1.7,-0.1,2.8,2.1,0.2,1.2,-1.1,-4.7,5.3,-8.5,0.1,0.6,3.6,-6.0,-1.5,-5.1,-5.3,-0.6,-4.5,-1.6,-1.0,-3.2,-1.6,-0.2,-0.5,0.8,-0.9,-1.0,-1.6,-2.6,-3.6,-3.4,-6.3,-6.0,-4.1,-2.9,-3.8,-2.7,-11.4,-2.2,-1.1,0.1,1.0,2.0,-5.8,-13.9,-6.5,-3.5,-9.5,-8.8,2.3,6.9,-2.7,-1.4,-2.4,-2.3,-1.8,-1.8,0.7,-6.1,-2.6,0.3,-19.1,1.2,6.3,-4.4,-4.3,-1.2,-1.1,-3.6,-0.1,-4.1,-4.7,-3.1,-1.3,-4.3,-1.0,-3.9,-0.0,1.2,-1.3,-1.9,-2.2,-3.2,-3.2,2.2,-3.8,-18.0,-9.0,2.7,-4.4,-1.3,-3.1,-0.7,-0.8,1.9,-7.4,-0.3,-2.0,-4.3,-2.3,-16.4,-12.1,-4.2,-5.0,-7.0,-7.0,-1.4,-8.8,-0.4,-3.6,-13.0,2.5,-17.9,-1.9,-7.0,-6.5,-15.9,-19.4,2.0,-1.9,2.9,-6.8,-3.0,-4.3,-1.0,5.2,-8.0,-0.6,-8.2,-5.9,-4.7,-6.4,-2.7,-5.0,0.6,-20.2,-1.3,-5.5,-6.2,-9.4,-8.7,1.4,-20.6,-3.4,-1.9,2.7,2.6,-11.7,-4.5,-4.0,-4.9,4.7,0.4,-9.7,-2.3,-3.1,-4.6,0.0,4.4,-3.1,-3.7
2C7L51F1eQ,0,48.108135,11.637647,4443004.25,2778527.26,560.3,606.0,280,7526,2.7,0.85,0.38,32.7,348.97,-0.53,-0.103,0.842,-0.6,0.1,-0.01,0.21,0.6,0.2,-0.3,-1.8,-3.4,0.1,-1.0,-0.0,1.9,-2.3,-0.7,-0.1,-2.3,-1.5,4.5,1.3,-0.6,-0.5,4.1,0.8,-0.4,-2.2,-0.6,-2.8,-0.1,-2.1,-3.5,0.9,2.8,0.4,5.6,-1.5,0.1,0.2,-2.2,-2.5,-2.3,0.3,1.5,2.4,7.2,-1.1,1.6,-0.2,2.4,0.4,2.1,-0.9,-3.3,-0.6,1.2,-2.8,-0.2,-1.7,0.4,0.2,-0.6,0.5,-3.0,-0.8,-1.7,-0.5,-0.6,-2.6,-0.1,-3.8,-1.5,-1.0,-1.4,-2.2,-2.1,-0.7,0.4,-0.2,-1.3,1.2,-0.8,0.4,0.3,-1.4,-1.6,-0.5,-3.0,-1.8,-0.5,-0.9,-2.8,-2.3,-6.9,-2.0,12.2,-1.8,-2.5,-7.9,0.3,1.1,-1.0,-1.0,2.3,-0.3,1.4,0.8,-0.7,-0.0,-4.0,0.7,0.7,2.2,-0.0,-0.9,-1.7,-0.9,-0.3,-0.4,-2.2,-0.3,-3.1,-0.8,0.5,3.3,-0.5,1.7,-2.2,-2.2,-1.7,-1.1,-1.6,-4.5,-8.0,3.4,1.3,1.5,-2.8,-0.7,0.1,0.3,0.5,-13.3,-12.1,-6.6,-2.2,1.0,-1.3,3.9,-3.3,-5.3,-2.9,-1.5,-0.4,-1.8,-3.7,-3.3,-1.4,-2.3,-1.4,-0.8,-1.1,-1.5,-2.7,-0.9,-0.9,-1.3,-0.6,1.0,-6.5,-2.5,-2.6,-1.8,0.7,0.6,5.6,-3.1,1.5,-1.5,0.8,1.1,0.1,-0.1,-4.0,-3.3,-1.6,-13.8,0.7,-1.7,-3.0,-9.7,-1.5,-2.5,-4.8,-1.3,-1.5,-3.8,-5.4,-5.1,1.6,-3.8,-2.1,0.3,-1.0,-0.1,-5.8,0.5,-3.7,-3.4,-2.5,-3.9,-0.5,-2.3,-6.0,-5.1,-4.9
2C7L51F1as,0,48.106491,11.624688,4442042.93,2778323.18,538.8,584.5,280,7306,4.4,0.64,0.42,32.64,348.97,-0.529,-0.103,0.842,-2.3,0.2,0.83,0.33,0.3,0.3,-0.3,-7.6,-6.5,-4.3,-6.1,-6.4,-5.9,-5.5,-9.1,-5.7,-11.1,-2.7,-1.7,-0.7,-2.7,-0.2,-1.0,-0.9,2.2,3.1,1.0,0.5,1.1,3.4,3.0,4.0,3.4,1.2,7.2,-1.2,-2.6,-18.2,-3.4,-4.0,-1.0,-3.7,-2.6,3.1,2.4,3.7,2.1,5.3,6.2,0.9,1.6,-1.3,1.3,2.8,-8.2,1.2,-4.6,-1.8,-3.4,-0.6,-1.6,-2.6,1.4,-1.7,-5.1,-6.0,-3.8,-6.9,-5.9,-11.4,-5.8,-1.4,-0.3,-3.9,-13.8,-8.4,-5.3,-8.9,-7.4,-14.0,-6.9,-6.3,-4.4,-4.8,-6.6,-5.3,-8.1,-7.3,-7.3,-6.7,-8.8,-5.5,-9.2,-10.1,-19.5,-17.0,-10.3,-7.1,-10.6,-13.9,-7.8,-8.6,-4.0,-5.0,-5.9,-9.1,-9.3,-7.8,-7.6,-7.1,-7.4,-7.3,-7.5,-7.0,-6.8,-6.5,-4.0,-6.7,-8.1,-7.8,-7.2,-7.0,-3.9,-8.9,-11.6,-6.9,-7.3,-15.1,-4.0,-5.8,-6.2,-7.7,-8.7,-2.6,-14.4,-9.1,-7.8,-10.8,-9.4,-10.5,-9.4,-8.5,-9.4,-10.1,-12.4,-7.5,-6.1,-22.1,-10.5,-7.7,-12.9,-7.7,-9.4,-19.0,-9.6,-10.1,-7.6,2.7,-10.6,-9.7,-12.6,-10.5,-6.6,-9.4,-8.5,-9.3,-10.0,-7.2,-10.2,-8.8,-13.6,-8.1,-14.8,-12.0,-11.5,-15.7,-10.0,-11.1,-8.8,-12.7,-11.3,-8.4,-3.6,-1.9,0.9,-26.2,-4.0,-5.7,-4.0,-12.4,-2.6,-6.4,-6.2,-17.9,-10.9,-7.9,-12.4,-10.5,-8.9,-9.8,-15.1,-16.2,-12.1,-12.6,-13.6,-16.3,-11.6,-14.3,-15.6,-11.4,-13.1,-16.4,-19.7,-11.4,-14.1
2C7L51F1bX,0,48.106789,11.627013,4442215.36,2778360.17,538.3,584.0,280,7347,4.4,0.6,0.46,32.65,348.97,-0.53,-0.103,0.842,-1.5,0.2,0.18,0.34,1.9,0.3,-0.3,1.3,1.6,-1.4,2.8,0.3,0.3,0.7,0.2,1.1,-3.3,0.8,-1.2,2.7,0.3,1.5,1.2,-0.1,2.2,-0.3,4.7,-4.2,-7.4,1.3,-0.2,-0.3,-1.2,8.1,-14.0,-11.7,-7.7,-3.3,-7.0,-11.9,-3.5,-6.3,-4.0,-5.8,-4.7,-0.4,-2.1,-3.0,5.0,0.8,-4.7,0.4,-4.1,-1.6,4.8,-4.7,-4.1,-6.1,-3.0,-1.4,-1.8,-0.1,1.0,9.1,3.5,-1.8,2.8,-0.0,1.7,-6.2,2.6,-9.9,-0.6,-4.9,-1.5,-4.7,-4.9,-6.9,-5.5,-0.8,-6.4,-3.2,-2.3,-2.5,-1.2,-0.7,-2.7,-3.9,-2.3,-3.7,-5.4,-7.1,-3.3,-3.7,2.6,-8.2,0.7,0.6,-1.8,3.4,-5.1,-10.0,-7.0,-1.3,0.0,-3.7,-5.5,-8.4,-5.8,-4.4,-3.6,-7.3,-3.8,-3.2,0.6,-2.5,-0.9,-0.1,-0.9,-3.7,1.1,-3.7,-12.7,7.1,2.5,-1.6,2.1,-2.5,1.9,0.4,-4.5,4.2,-3.1,-1.7,-4.9,-4.3,-4.2,-4.3,-11.1,5.5,-9.5,-10.2,-9.7,-9.5,-6.5,-4.1,-6.1,-0.1,-5.4,-2.8,1.6,-0.2,10.2,-4.9,-5.5,-5.6,-4.6,-3.3,-0.2,-2.5,-10.5,-6.9,-5.6,-4.8,-2.1,-3.6,-7.2,-9.6,-10.0,-2.4,-2.4,-3.8,-9.0,-13.6,-12.6,-4.7,-10.3,-10.4,-13.2,-19.3,-1.5,1.9,-15.1,-8.9,-6.1,-17.3,-9.9,-7.6,-5.7,-8.5,-10.8,-10.2,-9.0,-14.7,-1.2,-15.6,-14.6,-3.3,-9.6,-5.0,-16.2,-6.0,-5.1,-2.3,-3.0,-16.8,-7.0,-10.9,2.0,-3.6,0.4,0.3,6.9,-4.1,-4.4
2C7L51F1ba,0,48.10682,11.627252,4442233.14,2778363.97,541.0,586.7,280,7350,3.2,0.78,0.38,32.65,348.97,-0.53,-0.103,0.842,-0.6,0.2,-0.04,0.24,1.1,0.2,-0.3,-0.8,-2.2,-2.5,-1.5,-1.3,3.5,-8.3,-6.7,-2.5,-4.8,-0.1,1.9,-2.6,1.8,1.8,-0.6,-3.2,1.8,0.8,-1.0,-2.0,1.3,-2.8,2.9,4.4,4.8,4.2,-0.8,-1.7,-5.9,-11.1,-5.0,-3.7,-3.5,-4.0,-8.4,0.6,-1.5,2.0,0.1,0.4,-2.5,0.1,-1.8,-2.3,-1.2,-3.1,-3.7,-0.0,-2.3,-0.2,0.1,-0.0,-0.8,-1.9,1.1,-2.6,-1.2,-1.4,-2.3,-0.9,-0.8,7.5,-0.4,-1.8,1.6,-2.2,-2.6,-0.6,-2.3,0.9,1.2,-2.6,-2.4,-2.9,-1.7,-2.3,-3.0,-4.9,-5.6,-5.8,-8.6,-2.9,-3.6,-1.9,-4.2,-3.3,4.9,-15.8,-1.4,-4.7,-5.2,-6.3,-2.8,-1.4,-0.9,-4.8,3.1,1.4,1.5,-0.3,-0.2,1.8,2.7,-8.4,-2.2,1.3,0.3,0.4,-3.5,-2.6,-2.8,-4.5,-2.4,-1.2,-12.7,-6.6,-5.1,-3.1,-0.4,-4.0,-0.7,-2.6,-0.7,-1.5,-1.2,-5.4,-4.3,1.0,0.5,-5.3,-4.0,-10.8,-6.1,-4.6,-3.8,-4.9,-5.3,-1.0,-0.2,1.0,-6.1,-2.1,0.8,-1.6,0.5,-3.3,-0.9,0.7,-1.6,1.1,-0.8,-1.1,-1.8,-0.6,-1.0,-1.1,-1.7,-1.0,-1.8,-5.6,-2.9,-6.3,-6.3,-5.1,-4.4,-2.4,0.4,-0.1,-4.6,-12.4,-3.9,-7.3,-1.2,-2.1,-6.1,-2.2,-3.0,10.3,-2.0,-1.8,1.2,-1.8,-2.7,-1.2,-5.1,-10.2,-0.9,-8.6,-6.3,-5.5,-5.9,-2.4,-3.6,-7.7,-7.4,-7.7,-8.1,-6.9,-2.2,-4.9,-4.3,-1.9,-4.0,-1.4,-3.4,-3.6,1.3
2C7L51F1cq,0,48.107436,11.632052,4442589.22,2778440.32,558.4,604.1,280,7428,4.1,0.67,0.46,32.67,348.97,-0.53,-0.103,0.842,-0.4,0.2,0.23,0.31,0.7,0.3,-0.3,2.4,4.0,3.3,-0.2,-11.1,-2.9,4.0,-0.5,4.5,1.8,9.1,4.1,5.4,-6.2,-7.7,-3.1,-2.3,1.0,-5.6,-3.1,-1.1,3.3,-5.0,-5.1,-2.0,-3.5,-1.8,-9.6,0.6,-3.0,-7.3,-3.3,-3.2,-3.8,-1.6,-2.5,1.5,-0.5,3.1,2.7,1.6,-0.9,-0.1,-5.9,-1.0,-4.2,-12.4,-4.9,-8.8,-2.0,1.5,3.2,-1.4,0.0,-4.0,2.3,-6.6,-4.9,-2.5,1.7,-3.2,-5.9,-6.4,-7.2,3.5,3.3,-0.6,-0.5,-4.7,-3.0,-4.6,-4.5,2.6,-5.8,3.8,-7.7,-4.6,-4.2,-1.0,0.5,0.1,-5.0,-3.8,0.4,-3.7,0.5,-1.7,0.6,-1.7,-4.3,0.8,-4.0,-6.1,-3.3,-4.3,-4.4,-7.5,-0.0,-2.7,-1.5,-2.8,-4.0,1.7,0.2,4.3,5.8,0.2,-2.7,-0.6,-14.6,-4.0,-3.2,-6.2,-1.4,-6.0,2.0,-2.4,-2.2,-1.1,11.8,3.2,0.6,10.7,-8.1,-5.7,-4.6,0.5,-2.7,-3.9,0.0,0.4,-0.6,-13.1,-2.9,-6.2,-8.2,-4.6,-2.4,-0.2,0.2,-3.6,-6.3,-1.0,-5.1,-9.2,-4.2,-7.8,1.3,1.4,-2.3,-10.4,-10.3,-1.1,-3.3,-0.2,-0.7,-2.5,-5.3,-5.6,-0.0,-1.0,-5.7,-5.2,-8.3,-2.6,-7.1,-2.8,-0.8,2.4,0.4,0.3,-2.2,-1.3,-2.7,-10.3,0.3,-4.3,-1.1,-9.5,5.1,2.8,3.0,-10.1,3.5,-8.1,0.0,-3.6,-5.5,-4.7,-5.5,-6.1,-1.8,-5.2,0.5,-2.3,-4.1,-6.8,-4.9,-1.6,-2.9,5.7,-5.2,-2.8,-10.9,3.8,-4.0,-5.3,-5.4
2C7L51F1ap,0,48.106489,11.624528,4442031.02,2778322.69,539.9,585.6,280,7303,4.7,0.51,0.45,32.64,348.97,-0.529,-0.103,0.842,-3.6,0.2,-1.69,0.36,1.4,0.3,-0.3,1.0,1.2,-2.0,-1.6,1.4,-3.8,3.2,-1.0,1.8,-4.3,1.6,-3.4,3.4,-0.4,4.8,4.1,2.5,-1.0,0.7,0.2,0.8,0.7,0.4,1.7,5.2,3.9,3.0,-6.3,-7.0,-1.2,1.7,-7.0,-7.7,-6.5,-9.1,-12.0,-3.9,-4.4,6.2,3.4,-3.3,1.2,-0.6,6.8,1.1,1.6,-3.7,-3.8,4.7,1.3,5.1,-1.1,4.4,2.7,0.1,11.7,-3.1,8.1,-1.7,-1.4,-8.0,-2.2,-3.8,0.6,-2.1,5.8,2.2,9.8,6.3,-4.0,-6.6,1.9,-2.6,1.2,9.8,6.0,7.9,3.6,3.2,0.4,-13.6,-7.0,6.2,-0.9,5.6,0.1,6.2,2.9,5.3,1.0,1.1,-0.0,-3.8,3.2,1.2,1.6,-2.0,-6.1,6.0,4.9,3.6,1.5,3.4,6.8,3.3,0.2,-6.0,-1.4,3.0,1.8,0.8,2.8,-1.2,3.4,-1.2,-5.4,-4.4,-0.0,2.8,5.1,-3.0,4.0,0.9,6.4,-6.6,-4.3,-4.8,-5.7,-17.6,-8.7,-10.2,-9.8,-7.7,-5.3,-7.8,-8.2,-1.0,-5.6,-5.0,-8.3,-9.0,-10.0,-2.8,-8.4,-7.4,-11.2,-4.7,-4.0,-7.2,-11.3,-20.3,-3.1,1.6,-2.8,-11.2,-9.6,-9.5,-15.6,-10.4,-6.0,-12.9,-4.2,-11.1,-12.4,-14.6,-6.7,-8.4,-8.1,-6.0,-6.1,-5.8,-9.9,-8.1,-9.5,-2.3,-5.7,-15.8,-3.8,-8.0,-9.4,-8.8,-10.4,-11.6,-7.8,-5.1,-15.7,-7.6,-25.5,-11.4,-13.3,-19.0,-15.7,-18.1,-20.0,-17.5,-17.9,-17.4,-20.5,-11.0,-6.0,-16.1,-5.1,-22.0,-16.2,-4.3,-21.1,-18.9,-16.2
2C7L51F1aq,0,48.106496,11.624589,4442035.51,2778323.66,539.8,585.5,280,7304,2.8,0.79,0.39,32.64,348.97,-0.529,-0.103,0.842,1.4,0.1,-0.8,0.23,0.2,0.2,-0.3,-2.9,-1.4,-3.5,-2.9,-2.3,0.2,-0.6,-1.7,1.7,4.3,2.1,3.8,1.3,2.9,0.3,0.6,0.8,0.4,0.3,-2.2,1.1,-0.7,-0.3,-1.6,1.3,0.0,0.9,3.0,-0.8,-6.0,-11.6,-6.9,-7.2,-4.0,-2.6,-4.2,-1.2,-0.6,2.1,0.3,3.1,-1.1,1.1,-0.7,-0.8,-0.8,1.5,-4.1,-2.1,-1.7,0.2,0.9,2.4,1.0,0.8,3.2,4.2,-0.6,-1.9,-1.9,-2.2,-1.9,9.2,-2.9,0.1,0.9,-2.0,1.8,-1.1,-0.7,0.0,0.2,-0.0,-1.0,0.7,0.2,0.8,1.4,-0.2,0.4,1.0,0.4,-0.8,0.5,-0.9,-0.8,0.6,-0.4,-1.7,-2.4,-2.5,-3.1,-2.1,-1.8,-2.7,-0.3,-2.2,-3.3,-2.0,-0.6,-1.6,-0.2,-1.9,-0.1,-1.2,-1.5,-0.8,-0.7,-1.2,-0.4,-1.1,-0.6,-0.9,-0.8,0.8,1.1,2.1,-0.9,-1.8,0.8,10.5,-1.2,-2.0,0.0,3.7,1.3,8.4,7.6,4.3,8.9,5.1,8.1,6.8,5.6,5.0,3.4,7.8,4.2,7.0,10.6,6.2,7.0,5.3,8.8,7.3,8.1,6.3,9.4,7.3,5.2,3.5,4.0,4.1,5.6,8.2,4.8,5.2,4.8,5.1,5.5,2.7,8.2,5.1,5.6,4.1,8.7,8.2,6.7,9.1,8.8,7.7,5.9,2.2,9.3,-5.4,1.4,3.9,1.2,-2.2,1.7,3.0,3.6,1.5,0.3,4.8,4.9,4.3,4.3,4.9,4.5,3.4,6.3,2.8,4.5,3.5,4.3,3.7,1.6,3.2,4.0,2.3,2.2,3.4,3.3,3.3,1.3,2.6,3.0
2C7L51F1b9,0,48.106613,11.625493,4442102.63,2778338.07,530.2,575.9,280,7323,2.7,0.85,0.37,32.64,348.97,-0.529,-0.103,0.842,-0.6,0.1,0.07,0.2,0.5,0.2,-0.3,-2.5,-1.6,-2.1,1.9,-0.3,-1.1,-0.7,0.1,1.0,2.4,-0.1,1.4,-1.6,-2.1,-1.8,-0.5,0.9,1.5,-1.6,8.2,-5.7,0.1,1.3,1.2,2.0,2.9,4.7,-0.8,-3.6,-3.0,-13.4,-5.0,-3.2,-7.1,-4.9,-2.5,0.2,-2.6,2.7,-0.5,2.4,0.4,0.1,-0.8,-2.0,-3.7,-15.8,-3.0,-0.4,0.1,0.8,-6.9,-1.4,-2.0,-1.5,-4.0,0.2,-0.5,-1.0,-2.1,-0.7,-1.0,0.6,1.5,-1.4,-2.2,3.0,-3.0,-3.2,-0.3,-0.9,-1.7,-5.6,-0.2,-1.2,-3.1,-1.3,-3.7,-2.8,-0.6,-1.0,-0.0,-1.7,-3.6,-2.7,-7.5,-2.5,-0.1,-2.1,-4.3,-3.0,-4.0,-6.3,-4.0,-2.6,0.3,0.7,2.2,3.1,4.5,-2.5,-1.8,-2.8,2.2,-2.8,-1.5,-1.8,-1.4,-3.9,-1.9,-2.9,-1.8,-5.2,-3.3,-1.2,-3.7,-4.4,-1.5,-4.5,1.2,-3.0,-3.2,-0.4,-4.2,-1.5,-1.9,-6.7,-1.6,-2.0,-4.0,-3.8,-5.9,-0.9,-1.0,-4.1,-5.4,-4.2,-6.8,-0.8,-2.3,-0.1,-4.4,-5.4,-3.8,-3.1,-1.6,-1.7,-0.1,0.1,-1.5,-0.7,0.2,-1.6,-4.2,-2.1,-2.6,-2.9,0.5,-2.6,-4.9,-5.8,2.5,-1.7,-4.6,-4.1,0.9,-2.4,-4.4,-0.9,-4.3,-5.6,-1.9,-3.3,0.5,-4.8,-4.0,0.5,-3.9,-4.8,-6.8,-2.6,-2.4,-3.6,-5.2,-1.0,-4.3,-4.4,-2.2,-4.3,-4.2,-2.3,-4.9,-6.7,-11.9,-9.9,-2.8,-2.4,-4.0,-5.3,-1.9,-3.6,-1.8,-5.5,-3.2,-2.5,-5.5,2.4,-4.5
2C7L51F1bJ,0,48.106693,11.626115,4442148.76,2778347.96,534.3,580.0,280,7333,4.6,0.6,0.47,32.65,348.97,-0.529,-0.103,0.842,-0.0,0.2,-0.54,0.36,0.9,0.3,-0.3,-2.1,0.9,-1.4,-0.1,-0.2,4.1,-0.2,-0.4,-1.0,1.0,-0.8,2.0,-2.6,-1.7,-0.3,-1.4,-2.4,-1.6,-4.3,-3.4,-4.4,-0.0,-4.6,-4.4,-0.7,5.9,8.3,7.7,4.7,-7.2,-1.5,-12.9,-7.4,-12.9,-12.9,-2.5,-5.5,-6.0,-5.9,-5.3,3.8,1.2,-9.2,-3.1,-2.7,-5.3,8.2,-17.5,0.3,3.1,0.1,-0.7,1.4,-5.1,-7.2,-5.0,2.0,1.3,-2.5,1.8,-0.9,-0.2,-0.7,-4.3,3.4,5.6,-1.3,3.7,-0.7,-4.8,2.1,-1.0,-2.3,-7.8,-8.7,-2.8,-7.2,-12.3,-4.9,-3.7,-12.4,-8.5,8.0,-8.8,-15.7,5.3,-0.1,-9.5,-5.8,4.8,-2.0,-0.7,2.0,-13.1,1.9,-3.5,-1.9,-3.9,1.3,4.7,0.1,1.6,-0.4,-1.5,-1.6,-2.3,-3.8,-0.3,4.5,-5.7,-1.3,1.2,-1.5,-0.4,1.7,-0.6,-1.6,0.6,2.2,0.6,0.7,4.9,1.2,-2.3,-1.5,0.9,-6.3,-5.2,-10.7,2.2,-3.5,-1.5,0.7,5.9,1.6,3.0,-2.6,-3.0,-2.1,-0.5,2.8,0.8,-4.3,-2.1,-3.1,-3.9,-0.9,-3.5,-3.2,0.2,-0.6,4.2,0.0,8.0,-9.9,-2.6,1.2,0.5,1.0,0.6,2.8,-2.0,0.4,-3.8,-19.4,5.4,-5.4,-0.7,1.0,0.8,0.5,-1.7,-1.7,0.4,-2.4,-3.0,-2.4,-2.5,-7.4,1.4,3.6,-1.4,0.0,-3.8,2.4,1.0,-2.4,-4.3,-0.5,-4.6,4.7,6.6,4.7,-5.4,-6.2,0.6,-4.6,-10.9,-7.5,-14.2,2.3,-9.3,-6.2,-5.2,6.2,-7.5,-4.0,-7.6
2C7L51F1bx,0,48.106992,11.628444,4442321.5,2778385.01,534.9,580.6,280,7373,2.8,0.86,0.33,32.66,348.97,-0.53,-0.103,0.842,-0.9,0.1,-0.17,0.21,0.5,0.2,-0.3,-0.8,0.1,2.1,0.6,-0.5,1.5,-0.5,0.7,-0.8,13.9,-2.2,0.3,0.5,-3.4,0.4,2.3,0.0,-0.5,-0.5,-2.5,-2.9,0.7,-1.0,-1.5,-1.4,-0.6,-1.6,-1.1,-3.8,-6.8,-13.3,-8.4,-6.1,-5.1,-3.2,-8.4,-0.6,1.3,1.9,-0.4,-0.7,-1.4,0.1,-1.8,-0.6,-0.4,-1.4,-1.8,0.6,1.8,-2.2,0.9,0.8,-1.1,-0.9,0.0,0.2,0.7,-0.9,-1.3,-3.1,-0.0,-12.9,-0.3,-0.5,-6.1,-3.8,-6.7,-4.0,-2.1,-4.1,-3.2,-3.2,-2.4,-5.5,-3.3,-1.3,0.8,-4.0,-5.4,-1.1,-4.0,-2.6,-3.6,-2.5,0.2,1.6,-0.8,-2.3,-1.5,-1.7,-5.6,-4.2,-1.5,-1.5,0.2,-1.3,0.5,-0.6,-1.2,-1.7,-1.9,-0.3,-0.3,0.2,-2.5,-0.1,-1.5,0.3,-1.3,-1.9,-1.9,-0.4,-1.0,-0.1,-1.4,-1.6,-1.8,-0.6,-1.6,7.8,-1.3,-1.6,-0.6,-1.0,-3.7,-1.6,-0.3,-4.1,-1.2,-3.6,-3.6,-4.1,-3.2,-4.9,-2.7,-4.2,-5.9,-1.1,0.4,-1.7,-2.9,-4.6,-1.5,-2.5,-0.6,-10.6,-1.6,-1.6,-0.0,-11.9,-0.8,-1.0,-2.0,-1.6,-1.4,-2.1,-2.9,-4.4,-4.5,-3.6,-2.5,-2.0,-3.2,-4.8,-2.1,-2.4,0.4,-4.8,-3.2,-4.5,-4.4,-6.0,-5.0,-7.8,-15.7,-1.9,-1.5,-11.1,-4.3,-1.9,-2.5,-4.7,-4.3,-2.0,-3.1,-5.5,-2.8,-5.4,-6.1,-3.9,-5.8,-3.8,-4.7,-4.1,-5.0,-5.0,-6.1,-3.3,-3.7,-6.2,-5.6,-4.1,-2.7,-6.0,-6.8,-4.4,-4.5
2C7L51F1cl,0,48.107426,11.631831,4442572.74,2778438.84,561.7,607.4,280,7423,4.0,0.71,0.49,32.67,348.97,-0.53,-0.103,0.842,-0.8,0.2,0.26,0.31,1.3,0.3,-0.3,0.8,-3.6,0.6,1.5,2.0,0.8,0.5,1.9,-5.0,2.2,-1.8,0.8,2.7,3.6,0.3,-1.9,1.2,2.8,-1.7,1.2,-0.7,6.8,1.1,-0.0,6.3,2.1,-1.4,2.6,5.2,7.5,3.0,4.2,-3.6,7.4,-13.7,9.2,-1.2,12.4,-2.1,3.7,2.6,1.8,9.9,6.8,4.4,0.4,0.6,3.0,-3.1,5.2,-1.9,2.9,-0.3,7.7,5.0,-3.1,2.4,1.3,3.4,2.4,0.2,3.7,4.5,4.1,0.6,-0.0,0.6,2.3,1.0,0.6,1.0,1.7,0.0,-0.1,1.8,0.5,3.9,0.1,4.3,3.5,-3.1,4.0,-0.8,0.8,-0.5,0.2,3.4,3.0,-13.0,1.5,3.5,0.7,3.4,5.0,3.1,0.5,1.4,7.8,-2.6,4.6,-0.4,5.8,3.3,3.0,11.1,-2.9,8.8,-0.9,6.5,-0.9,4.3,-17.9,-0.8,-4.1,1.3,-1.3,0.9,-6.0,-3.4,-0.1,0.7,0.9,-3.0,-2.0,0.5,3.0,0.6,-1.5,0.1,-0.7,0.4,-0.7,9.3,3.6,-0.7,-1.5,-0.2,7.8,-1.5,5.7,0.2,-2.1,6.5,-13.1,0.8,1.0,-0.0,-4.5,-7.0,5.9,2.2,1.8,-7.6,-4.1,-6.3,1.1,-3.3,-2.3,-2.7,-1.2,-2.3,-1.6,5.3,-1.7,3.8,-2.7,-0.8,-16.4,-4.3,1.6,2.2,-2.4,0.5,-4.6,-6.0,-0.3,-8.1,-6.4,-6.5,-3.6,-1.3,-0.2,3.0,1.3,-2.9,-0.8,-5.1,-6.8,0.3,-4.2,-1.3,6.8,3.9,0.8,3.3,2.3,2.7,1.1,1.1,2.3,0.9,0.2,2.0,-2.4,-1.4,-1.0,-1.8,-5.2
2C7L51F1d0,0,48.107523,11.632584,4442628.63,2778450.84,558.1,603.8,280,7438,2.0,0.89,0.31,32.67,348.97,-0.53,-0.103,0.842,-0.9,0.1,0.11,0.15,1.1,0.1,-0.3,-0.6,1.1,0.5,1.5,0.7,-1.3,1.7,2.2,1.7,-4.7,3.0,-0.1,-1.3,-0.1,-1.6,-3.3,-2.2,-3.4,-2.4,-2.6,-1.0,0.0,1.7,0.5,0.6,-1.5,2.0,0.8,1.8,-2.4,1.9,-1.9,-4.2,-0.9,0.7,1.1,1.5,3.2,3.0,1.3,0.8,-2.5,-0.4,1.3,0.4,1.8,2.7,-4.6,0.1,0.9,-0.3,-0.3,1.6,-0.3,-0.9,-1.4,-2.5,-1.6,-0.6,-0.2,-1.0,-1.6,-1.2,-2.8,-6.1,-0.0,-0.5,-1.9,-3.1,-2.3,-3.3,-2.4,-3.8,-1.3,0.1,-0.5,0.6,-0.3,-1.8,0.1,-6.0,-2.1,-3.2,-1.9,-3.9,-1.0,-1.0,-0.2,-1.4,0.4,0.3,-4.4,-1.1,-2.5,-1.7,1.7,-2.2,1.8,0.3,1.1,-0.4,-0.8,0.7,1.1,2.8,1.3,-1.0,0.1,-4.0,-1.0,-2.5,-3.8,-1.9,-2.4,-3.2,-4.4,-2.7,-2.4,-4.0,-3.9,-0.5,0.9,-3.8,-1.1,-3.7,-1.6,-0.9,-2.6,-0.9,-3.8,-1.6,-1.6,1.9,-1.9,-2.8,-1.7,-1.6,-2.2,2.8,0.1,1.7,-3.3,-1.8,-3.4,0.3,-1.4,-4.0,-2.4,-0.5,-5.2,-6.7,-1.7,-3.4,-3.5,-2.0,-0.9,0.2,-2.6,-4.5,-5.0,-3.9,-6.0,-5.6,-4.1,-3.3,2.9,-1.6,1.8,0.3,-1.7,-0.4,-6.1,-5.8,-2.8,-8.6,-5.1,-0.9,-3.5,-12.8,-4.1,-3.5,-1.7,-2.1,-2.0,-5.6,-4.2,-4.9,-3.0,-2.9,-5.3,-2.6,-3.6,-0.8,1.4,-0.5,-3.7,-1.3,-3.0,-4.1,-1.3,-4.8,-4.4,-1.0,-2.0,-6.2,-5.5,-6.3,-5.9
2C7L51F1d9,0,48.107585,11.633068,4442664.55,2778458.55,556.1,601.8,280,7447,2.6,0.84,0.39,32.68,348.97,-0.53,-0.103,0.842,-1.0,0.1,-0.49,0.2,0.3,0.2,-0.3,-5.2,-2.4,1.7,1.8,3.0,5.5,2.0,-3.2,-4.0,4.7,2.3,3.5,1.2,0.8,-0.9,2.9,-1.7,-3.6,-6.0,3.3,-4.2,4.5,0.4,-4.6,-1.4,0.2,1.0,2.6,-0.5,-1.3,-4.1,-2.7,-4.7,-0.3,1.1,0.8,2.5,1.3,2.1,0.0,-0.5,3.1,-3.8,-2.1,-2.3,-2.1,2.0,4.2,-1.0,-1.1,0.3,-0.5,-2.1,-0.9,-3.4,1.0,1.5,-3.2,-1.7,1.3,0.1,2.6,1.9,-1.7,-1.3,3.4,-1.5,4.1,1.7,2.2,2.1,0.8,1.6,0.8,-1.9,1.7,-0.2,0.0,0.2,-3.4,-1.1,-0.2,0.2,1.4,0.3,0.9,1.6,0.9,0.7,0.8,-0.1,-0.3,2.6,-0.6,-4.6,1.3,2.3,0.3,3.1,-0.8,1.2,1.2,0.6,0.6,0.6,0.1,-4.4,-0.8,-2.1,-3.0,-0.9,-3.5,-1.9,0.3,-4.0,-2.0,1.9,-1.6,1.5,-6.9,2.6,-5.6,3.1,-4.0,-3.0,-3.4,2.0,-0.1,-1.9,-4.2,-0.6,-3.3,-2.1,0.1,-1.7,-1.2,-2.2,-4.3,3.7,-0.0,10.7,-1.5,-1.1,-5.4,-6.1,0.0,-1.2,-1.0,1.2,-2.2,4.4,-2.7,-1.3,-0.2,2.6,0.0,0.4,-0.2,-5.1,-2.3,-1.7,-3.1,-3.7,-5.4,-1.9,-0.5,-2.3,2.9,-4.2,-2.5,-4.0,-4.4,-3.0,-2.1,-1.6,-1.6,-4.3,-3.3,-1.0,-5.6,-4.7,-4.1,-6.0,-5.2,-5.5,-4.1,-4.5,-7.8,-3.9,-7.6,-6.8,-5.4,-5.8,-0.6,-3.9,-8.1,-2.1,-4.3,-11.7,-2.6,0.0,-6.7,-3.6,-1.7,-0.9,-3.0,-3.0,-1.4
2C7L51F1dG,0,48.107583,11.633051,4442663.29,2778458.31,536.9,582.5,280,7454,3.7,0.72,0.5,32.68,348.97,-0.53,-0.103,0.842,-2.1,0.2,0.19,0.29,1.2,0.2,-0.3,-0.4,-2.2,-1.4,0.6,-4.2,3.9,-2.8,-3.7,-3.4,-11.2,-3.4,6.8,-2.4,4.5,-4.5,-8.0,-1.2,0.4,-13.7,-1.3,-11.4,-7.6,-1.4,-4.9,11.8,-0.5,-1.2,-2.3,4.0,-11.4,-13.4,-1.1,9.8,-4.5,-1.5,-3.5,2.6,0.0,6.8,4.3,8.4,2.4,6.2,-1.6,1.2,1.7,4.0,-0.5,0.5,2.6,5.2,7.8,4.3,0.9,2.7,5.5,3.2,5.0,3.6,3.4,1.4,2.2,1.0,2.4,2.7,1.2,2.1,6.7,2.0,0.0,4.7,-2.2,1.9,0.3,-3.9,-1.7,-13.3,-7.3,-14.8,6.8,-6.5,-4.5,-2.9,-4.1,-3.5,-4.2,-4.3,-1.6,-4.2,-6.6,-5.1,-6.2,-5.9,-4.4,-5.2,-1.7,-3.0,-3.4,-2.8,-4.1,-4.2,-3.7,-3.0,-3.4,-2.9,-3.2,-4.5,-6.9,-5.8,-6.3,-5.4,-5.9,-4.5,-3.7,-5.5,-5.4,-3.9,-5.2,-3.6,-3.7,-3.9,-2.2,-3.9,-5.8,-3.9,-2.8,-2.4,-3.4,-5.4,-5.4,-6.4,-2.7,-5.0,-4.1,-6.7,-9.6,-6.2,-8.7,-2.0,-5.4,-9.6,-7.5,-8.2,-7.4,-5.7,-6.0,-6.0,-7.2,-6.9,-6.1,-6.4,-7.0,-6.4,-7.4,-7.1,-7.3,-5.7,-7.1,-10.3,-8.4,-6.2,-9.6,-1.9,-10.2,-7.5,-5.4,-6.7,-2.2,-4.3,-4.9,-7.3,-8.3,-10.4,-7.9,-8.4,-10.5,-8.1,-6.7,-6.4,-11.5,-7.5,-6.8,-7.7,-7.3,-8.8,-8.0,-8.8,-4.1,-8.0,-9.6,-8.9,-8.5,-9.7,-6.5,-7.8,-10.9,-7.4,-7.1,-8.3,-4.0,-8.2,-6.6,-8.0,-8.3,-8.4,-9.3,-10.8,-10.2
2C7L51F1eL,0,48.108123,11.637263,4442975.67,2778525.28,556.0,601.6,280,7521,3.2,0.77,0.44,32.7,348.97,-0.53,-0.103,0.842,0.1,0.2,0.88,0.24,1.1,0.2,-0.3,-0.7,-6.2,-3.2,1.1,-2.2,0.6,-4.9,-0.9,-0.6,-2.0,1.2,0.4,-5.6,-2.4,-3.0,-0.6,-0.2,1.2,-1.7,-2.4,-1.3,-0.0,-1.0,0.1,-0.3,0.6,-1.6,2.6,2.0,-0.1,0.2,-2.8,-5.1,-2.8,-0.4,0.9,-2.1,-1.1,0.1,-0.9,1.0,2.1,-1.8,-1.3,-2.0,-2.3,-0.1,-0.9,0.8,-0.0,1.7,-1.6,-3.5,-5.9,0.3,-0.9,0.2,2.8,3.3,1.6,2.9,-3.5,-10.6,1.3,-0.7,-8.7,-0.7,-1.5,-4.1,-0.6,0.4,-10.6,1.2,-3.9,-3.6,-0.5,-3.4,-5.1,-6.0,-3.2,-3.0,-4.4,0.7,-4.5,0.6,-6.3,-0.2,-3.8,-0.1,-1.6,-3.3,-2.3,-2.9,-3.5,-6.0,1.0,-1.7,-3.8,-2.0,-3.7,-2.3,-3.8,-1.1,-1.5,-1.6,-2.9,0.7,-2.2,-4.6,-4.8,-5.4,-3.1,-1.1,0.8,-4.2,1.9,2.3,-0.1,4.1,-4.2,2.0,-0.2,-1.1,-2.5,-2.3,-14.9,-1.5,-1.8,-3.8,-2.8,-2.4,-1.3,-10.3,-2.1,-4.1,-7.3,-2.7,-2.7,-1.1,-2.5,0.3,-2.7,4.6,7.6,2.1,-12.8,3.9,-9.9,4.4,-0.8,1.7,-5.0,-2.7,-4.6,-5.3,1.5,-1.2,0.7,-7.2,-5.5,-4.9,-7.8,-3.9,-6.2,-7.3,4.1,-2.1,1.5,-0.8,-2.0,0.7,0.3,-7.5,-6.0,2.1,-0.5,-1.8,0.4,-0.4,1.3,-2.0,0.5,-7.2,5.3,-0.6,-0.5,-0.6,-0.6,-5.3,-5.9,-4.0,-2.0,0.7,-2.3,-4.9,-1.5,-0.6,-2.6,8.8,4.2,-2.3,4.1,-2.5,5.6,3.3,1.9,0.4,1.4
2C7L51FId7,0,48.106185,11.622025,4441845.3,2778284.92,544.7,590.4,281,7257,4.1,0.69,0.5,32.6,348.93,-0.529,-0.103,0.842,-0.8,0.2,0.12,0.31,1.3,0.3,-0.3,-0.9,-2.2,-0.7,-1.8,-0.3,-1.6,0.2,0.1,0.8,0.4,0.8,-3.8,1.9,-0.4,1.6,0.2,1.4,0.5,-2.1,-0.2,0.3,-0.8,-1.7,-3.1,-0.6,-1.5,2.3,7.6,0.3,-4.4,-0.9,-5.1,-6.9,-2.4,-2.7,-5.0,-2.1,1.7,2.0,1.1,2.1,2.9,2.7,-2.4,-1.0,-0.3,1.0,-2.0,-1.0,0.6,-2.4,2.3,0.8,-0.1,2.1,0.4,1.0,1.5,2.7,-0.9,-2.8,-0.7,-2.5,-1.5,1.3,-1.9,-1.0,-2.7,-1.9,-0.2,-5.1,-0.6,-3.5,-0.4,-1.3,-1.4,-0.7,-0.7,1.1,-2.0,-3.0,-3.6,-4.7,-3.0,-8.9,-0.7,-3.7,-0.2,-10.9,0.5,-7.6,2.5,-3.9,-4.0,-5.4,3.5,1.4,-1.9,-1.0,7.7,2.3,0.3,-0.8,-0.6,-2.5,-0.7,-4.6,0.2,-3.5,-2.4,-3.9,-3.5,-2.2,-3.3,-3.0,-3.7,-2.6,-4.1,-3.9,-1.0,-3.8,-0.5,-5.0,-2.1,-2.8,-1.7,-0.5,-3.8,-1.0,-4.0,-9.4,6.8,-6.0,3.2,-8.3,-2.2,-5.1,-5.9,3.8,4.1,0.3,0.1,9.8,13.0,-5.5,-6.9,-9.9,-11.7,12.7,-10.7,-8.1,-8.0,-14.6,-12.4,-3.4,-6.4,-6.6,-4.5,-2.5,4.0,1.5,-0.1,1.2,7.4,-0.9,8.1,-3.6,1.8,-0.4,2.6,2.2,-2.8,-10.0,3.6,-2.2,-13.4,-1.2,-4.5,-12.6,-6.3,-4.4,-9.0,-4.8,-8.4,-5.6,-2.1,8.6,1.8,-0.9,-0.4,-3.9,-0.6,-2.7,-4.7,-3.5,3.7,0.4,-10.5,-5.2,-10.0,-13.6,-3.6,-2.9,-5.1,-6.1,-1.7,-4.0,-2.6
2C7L51FIdB,0,48.106205,11.622174,4441856.32,2778287.29,541.1,586.8,281,7261,2.0,0.9,0.35,32.6,348.93,-0.529,-0.103,0.842,-0.6,0.1,-0.14,0.15,0.7,0.1,-0.3,2.0,-0.5,-2.5,-0.8,2.0,-4.8,-2.1,-1.1,-3.0,1.5,0.4,-1.1,-2.5,0.1,-1.7,0.8,0.4,-0.8,-2.0,-1.7,0.2,0.4,-2.4,0.6,-2.2,1.8,3.8,-1.4,1.2,-4.1,3.8,-5.5,-4.4,-2.5,-0.2,-4.1,-3.8,-0.9,2.2,-0.1,-1.1,-0.7,-0.1,-1.4,-2.3,-1.1,0.3,0.3,-0.4,0.6,1.0,0.9,0.9,-0.8,-2.4,-1.8,1.0,0.4,-0.0,-3.8,-0.3,-0.7,0.2,-1.0,-1.8,-1.6,-1.0,-2.1,-2.7,-0.5,-3.5,-0.3,-0.1,1.1,-1.7,-1.0,-0.2,-0.5,-1.8,-2.6,-1.7,-1.6,0.3,-2.2,0.1,-2.5,-2.5,-3.3,-2.8,-4.1,-4.3,-1.9,-4.8,0.6,-4.3,1.5,-2.8,-1.8,-2.0,0.5,-0.1,0.1,-1.1,1.0,-1.0,-1.6,0.0,-0.6,0.2,0.1,-0.2,1.0,-1.6,-0.3,-4.3,-0.4,-4.1,-2.9,1.2,1.0,3.5,0.2,-0.7,-3.6,-1.0,-0.6,-2.1,-1.2,-1.1,-2.5,-3.2,-1.0,-8.5,-4.4,-2.7,-3.1,-1.7,-2.6,2.3,-1.4,-1.2,-2.3,-2.4,-2.9,-1.8,-1.2,-6.0,-0.6,-3.9,-1.0,-0.8,-1.0,-2.8,-1.0,-1.1,-0.2,-3.5,0.3,-2.3,-5.3,-3.2,-5.0,-2.7,-3.0,-5.2,-2.0,-1.6,-5.1,-1.8,-2.5,-4.5,-4.3,-5.0,-5.6,-0.8,1.8,0.1,-1.4,1.8,-1.4,0.5,-4.3,-2.0,-4.2,-2.6,-2.4,-4.2,-2.6,-5.3,-5.0,-3.0,-3.1,-2.3,-6.4,-5.1,-5.6,-5.3,-7.2,-0.6,0.1,1.1,2.1,-4.0,0.1,-3.3,-3.3,-10.6,-5.4
2C7L51FIdq,0,48.106492,11.62441,4442022.24,2778322.89,537.2,582.9,281,7302,2.7,0.85,0.36,32.64,348.97,-0.529,-0.103,0.842,-1.0,0.1,0.22,0.21,0.8,0.2,-0.3,-3.6,-1.7,-0.9,-2.9,1.0,2.1,0.8,0.9,-1.8,-4.7,-1.4,-1.4,-4.0,-1.2,-0.3,-0.4,-2.0,-2.5,-0.4,-4.1,-3.7,-2.5,-3.0,-2.2,0.7,-0.2,0.4,-1.2,-3.6,-4.3,8.2,-6.4,-6.7,-3.9,-4.9,-6.0,-4.2,-3.5,1.1,-4.4,-0.7,-1.0,0.5,0.9,-2.4,-1.0,-1.8,-4.0,-0.9,-4.3,-1.3,-1.6,-1.4,1.3,-2.2,-3.6,-2.3,-2.7,-3.8,-0.7,-0.9,-1.2,1.7,-10.1,-11.8,12.7,-8.9,-7.6,-7.0,-2.6,-3.4,-1.6,-3.5,-3.6,-5.3,-1.9,-5.5,-4.1,-5.0,-4.1,-3.7,-3.7,-5.8,-2.4,-3.5,-0.5,-3.4,-2.5,-4.7,-4.4,-4.3,-4.1,-3.3,-5.1,-5.7,-3.0,-3.9,-3.9,-3.0,-2.4,-2.4,-2.2,-3.8,-2.1,-4.6,-1.9,-4.0,-1.6,-3.0,-4.9,-6.2,-2.0,-6.4,-7.6,-2.7,-6.0,-8.1,-4.5,-1.8,-2.4,-1.8,-8.2,-6.1,-2.8,-2.5,-8.4,-2.2,-3.5,-6.3,-6.1,-7.8,-5.7,-3.5,-3.5,-2.5,-7.8,-8.2,-4.6,-0.2,-1.5,-3.4,-3.8,-3.9,-3.8,-3.3,-5.3,-6.2,-2.3,-4.2,-2.9,-11.7,0.1,-5.0,-3.2,-7.4,-3.8,-6.1,-8.3,-4.3,-5.8,-7.4,-5.1,-3.6,-4.9,-7.2,-2.5,-1.5,-5.0,-2.2,-2.6,-6.1,-9.3,-2.2,-2.9,-5.5,-0.2,-5.5,-3.9,5.2,-4.3,-6.5,-5.9,-7.8,-4.9,-4.8,-8.6,-4.7,-2.2,-6.1,-8.9,-7.6,-9.0,-10.9,-11.0,-7.1,-8.8,-7.5,-8.1,-7.2,-6.5,-7.2,-3.7,-8.7,-6.3,-4.2,-5.1,-4.8,-4.8
2C7L51FIex,0,48.106996,11.628335,4442313.4,2778385.34,535.4,581.1,281,7371,4.0,0.74,0.45,32.66,348.97,-0.53,-0.103,0.842,-0.9,0.2,0.07,0.3,1.2,0.3,-0.3,-5.8,-2.9,3.0,-1.8,-1.2,-0.6,-2.8,-3.2,-1.4,15.4,-0.2,-0.1,1.3,-0.1,-0.9,-1.6,-2.7,-0.9,-4.3,9.8,0.7,3.3,-4.9,-1.4,0.2,3.8,-4.0,1.3,-10.5,-5.3,-9.3,-3.5,-3.4,-4.7,-6.1,-6.2,-4.6,-7.7,-2.9,-3.1,-5.2,-1.4,3.3,0.9,-3.0,0.7,-2.9,-1.3,-1.4,1.5,-2.7,-0.1,-0.8,0.6,-1.6,-2.0,-2.2,-0.1,1.4,-0.0,1.4,-0.3,14.5,-2.9,1.9,-5.0,-2.6,-9.7,-1.7,2.6,-4.4,-1.5,-3.3,-0.4,-1.0,0.6,-3.6,-4.2,-6.0,-1.9,-1.9,-8.0,-3.6,-1.6,-1.5,-0.1,-9.5,-0.8,-1.3,-0.3,-3.3,-7.2,-8.4,-7.4,-3.9,-3.1,-1.0,1.2,0.4,-0.1,0.9,-1.7,-1.0,-2.4,2.8,-3.7,-1.6,-4.8,-1.8,-2.3,-3.3,-4.3,-4.8,-7.5,-2.8,-3.7,-8.0,-4.2,-3.0,-3.6,-2.8,-0.5,-2.6,-2.6,-1.0,7.8,-8.0,-0.7,-2.0,-5.7,4.5,-6.5,-3.5,-2.0,-3.2,-3.6,-5.5,-8.3,2.3,-1.0,-1.5,-1.0,-3.5,-0.3,-10.8,-6.0,14.5,-4.3,-2.0,-1.0,-7.6,-2.1,-3.9,-4.7,-3.4,-4.5,-8.6,-9.2,-2.5,-2.2,-5.6,-4.3,-3.1,-5.0,-2.3,-6.9,-2.4,1.9,-12.7,-6.3,-11.2,-11.9,-0.6,-2.0,-2.4,-2.1,-3.2,-3.9,2.1,-6.5,-6.1,-4.5,-7.2,-4.7,-5.9,-8.9,-2.3,-9.4,-7.1,-3.8,-4.9,-5.3,-12.3,-8.1,-4.0,-7.8,-8.6,-4.4,-10.6,9.8,-5.5,-11.8,8.8,-4.6,-5.4,-4.4,-2.5,-2.2
2C7L51FIey,0,48.107007,11.628417,4442319.48,2778386.64,536.6,582.3,281,7372,2.4,0.9,0.17,32.66,348.97,-0.53,-0.103,0.842,-0.8,0.1,-0.16,0.18,1.1,0.2,-0.3,-0.7,-0.5,-0.6,-0.4,-1.7,-0.2,-2.0,-1.3,-1.3,12.4,-1.0,-0.1,-1.0,-1.4,-2.6,-1.9,-3.2,-1.3,-3.5,-2.3,-3.7,-1.3,-3.3,-2.2,-1.5,0.1,-1.3,-2.0,-4.9,-5.0,-11.5,-5.8,-6.8,-5.5,-4.2,-2.4,-2.2,-1.2,0.5,-0.6,-2.3,-1.7,-1.7,-1.3,-1.5,-1.8,-2.2,-2.1,-1.6,-0.9,-2.0,-0.7,-1.0,-0.5,-1.2,-0.5,-1.3,-0.1,-1.2,-1.8,-2.7,-0.6,12.8,-2.4,3.1,-2.6,-3.1,-9.2,-2.1,-2.6,-3.5,-2.1,-3.9,-2.0,-1.5,-1.9,-1.5,-2.7,-3.9,-4.3,-2.8,-5.6,-3.3,-3.8,-3.0,-3.5,-0.8,-2.1,-3.2,-4.4,-3.5,-5.9,-5.5,-4.8,-3.0,-0.6,-2.2,-2.0,-2.6,-1.3,-1.8,-2.9,-1.1,-2.3,-0.6,-2.3,-1.2,-2.4,-1.5,-2.4,-2.1,-3.5,-1.8,-2.5,-1.4,-1.4,-4.4,-2.4,-1.8,-2.1,-5.1,-1.4,-1.8,-2.5,-1.9,-2.1,-2.9,-1.6,-3.8,-3.8,-4.1,-3.1,-3.4,-3.6,-4.1,-2.2,-5.1,-7.4,-1.4,0.2,-2.3,-2.9,-3.3,-3.1,-2.1,-1.9,-11.2,-3.0,-2.0,-1.3,-11.8,-1.2,-1.2,-2.6,-1.8,-2.8,-3.0,-4.1,-4.1,-4.2,-4.7,-3.4,-2.8,-4.8,-4.7,-2.5,-2.6,-1.3,-2.8,-4.1,-4.3,-6.0,-6.8,-3.8,-3.6,8.8,-3.6,-2.9,-8.5,-4.7,-3.5,-4.0,-5.0,-5.1,-4.1,-4.4,-5.1,-4.5,-5.6,-8.1,-7.2,-7.2,-7.0,-6.3,-5.7,-6.8,-6.2,-5.4,-5.3,-4.6,-5.1,-5.7,-5.3,-3.7,-5.2,-5.5,-4.7,-4.0
2C7L51FIg8,0,48.107604,11.633072,4442664.74,2778460.64,564.5,610.2,281,7444,3.4,0.77,0.43,32.68,348.97,-0.53,-0.103,0.842,-0.7,0.2,-0.59,0.26,1.2,0.2,-0.3,1.1,0.1,1.8,-0.2,0.6,-0.4,0.1,3.3,-1.2,-3.8,0.0,-0.7,2.3,0.9,1.6,2.9,-3.4,1.8,-0.9,-0.0,-3.1,-1.8,-1.4,4.9,3.4,2.8,0.5,2.1,5.1,-1.6,11.6,-2.3,-2.8,1.6,-1.9,8.1,-1.8,2.6,6.0,4.8,2.5,1.9,0.9,4.6,-1.0,3.0,0.3,-0.8,2.0,1.4,3.4,1.8,2.3,2.0,0.7,-2.6,-2.9,-1.6,0.9,-1.3,-0.7,-0.9,5.3,-0.3,6.0,-2.8,-3.4,1.7,0.4,-1.8,-4.6,0.1,-3.8,0.3,4.8,1.6,-0.3,-3.3,-3.6,2.4,-8.9,15.5,-3.6,-0.3,5.6,0.2,4.6,-1.5,2.9,3.7,19.4,-0.8,-0.4,0.4,-6.2,0.5,-0.9,14.6,0.7,-0.4,1.9,1.6,3.9,-1.9,0.3,2.2,2.6,0.7,-1.6,-0.2,1.4,2.2,-2.3,0.9,-0.5,-1.6,-5.5,0.5,1.5,-4.8,-0.7,-2.5,0.1,3.1,1.8,4.8,1.7,-0.4,-5.5,6.3,-0.4,5.3,6.9,-0.8,-1.1,3.2,1.9,0.2,7.4,1.9,-2.9,-1.5,3.4,-1.6,-1.6,-1.7,-3.7,2.5,2.6,-2.6,1.3,-2.0,1.1,1.7,0.9,1.0,-1.9,1.2,0.8,-1.2,-1.1,-4.1,-2.0,-5.0,-2.9,3.4,-1.1,9.2,2.7,3.6,0.9,2.2,-9.0,-2.1,-2.7,-5.3,-1.9,-1.0,-6.7,-2.0,0.1,4.0,-2.7,0.7,-0.4,2.3,-3.2,3.7,1.1,-4.2,-7.0,-3.0,0.4,1.1,-1.3,-4.9,-1.5,-1.2,-0.9,-0.8,-5.1,-5.5,-2.7,-2.3,-1.8,-3.7,-6.4,-6.3
2C7L51FIgD,0,48.107592,11.632979,4442657.9,2778459.21,545.3,591.0,281,7449,3.6,0.71,0.47,32.68,348.97,-0.53,-0.103,0.842,-1.2,0.2,0.32,0.28,2.0,0.2,-0.3,-1.7,0.5,7.9,2.1,4.5,1.8,2.7,8.5,1.0,-6.5,-5.2,-1.5,0.9,-3.0,-2.5,-3.5,-6.2,-4.5,-7.5,-6.6,-6.8,-12.9,-18.4,-5.4,-3.7,-2.7,-1.4,-8.7,-3.0,-11.0,-8.2,-12.4,-14.6,-13.6,-9.7,-17.0,-14.4,-13.8,0.8,-11.9,5.1,-3.9,-11.9,-1.3,4.6,-7.3,-13.8,-11.0,-6.1,-6.1,-2.5,0.2,2.7,8.0,7.6,-4.3,-2.2,-3.2,0.6,-4.9,-2.7,-6.8,-3.9,-4.5,-12.0,-7.9,-7.8,-2.7,-6.7,-6.2,-10.0,-6.6,-8.0,-7.8,-6.4,-9.6,-10.2,-4.7,-4.2,-12.5,-8.6,-6.2,-6.9,-6.2,-7.8,-7.6,-7.6,-6.1,-7.7,-9.6,-9.0,-9.3,-11.5,-5.4,-10.5,-5.6,-7.6,-7.5,-6.4,-6.9,-5.6,-5.2,-6.4,-6.9,-4.5,-5.2,-5.9,-3.4,-3.8,-2.5,-4.2,-4.2,-3.2,-5.9,-4.2,-8.2,-5.9,-6.5,-4.6,-6.2,-6.6,-7.4,-6.8,-8.8,-6.5,-11.8,-4.0,-6.0,-4.3,-9.0,-6.3,-7.5,-4.9,-5.5,-10.1,-7.4,-5.3,-11.2,-5.0,-3.3,-7.6,-8.7,-9.4,-8.9,-8.2,-9.9,-7.0,-8.1,-8.2,-8.3,-7.5,-5.9,-6.9,-9.2,-7.8,-5.9,-7.7,-7.0,-12.0,-7.3,-5.8,-8.5,-10.9,-11.2,-9.9,-6.5,-4.7,-1.7,-6.0,-10.6,-7.0,-7.9,-8.4,-6.3,-9.8,-9.6,-8.7,-9.3,-6.3,-9.8,-8.0,-8.4,-8.0,-9.7,-10.3,-6.2,-12.5,-6.1,-9.3,-12.0,-8.9,-8.1,-12.2,-9.8,-6.2,-11.2,-7.0,-6.3,-11.6,-9.0,-15.2,-7.0,-9.7,-7.3,-10.6,-13.6,-12.1,-7.9
2C7L51FIgH,0,48.107598,11.633024,4442661.18,2778459.93,538.5,584.2,281,7453,3.2,0.79,0.44,32.68,348.97,-0.53,-0.103,0.842,-0.5,0.2,-0.63,0.24,0.7,0.2,-0.3,0.3,-0.9,0.3,-0.5,-2.6,-2.6,-0.1,-1.9,-1.8,-0.6,-2.9,-3.8,-0.7,-2.7,-0.5,2.2,4.0,5.2,0.9,6.0,-3.9,-0.4,-0.8,4.5,10.1,2.2,1.8,3.4,-3.4,2.3,0.2,6.7,-8.0,-4.7,-6.4,8.3,5.2,3.1,11.8,5.0,-6.6,17.0,9.2,8.4,-0.5,7.9,-0.7,-1.8,3.2,-1.7,2.4,-3.3,-0.6,-0.7,2.6,1.2,3.8,5.4,5.2,5.8,2.6,2.3,1.6,2.3,15.5,-3.0,-0.1,2.5,3.7,1.6,2.4,1.2,0.3,-1.5,3.4,2.6,0.5,-0.4,-8.8,7.7,1.2,2.7,-0.3,1.7,1.7,2.9,1.2,5.5,3.7,2.4,1.6,0.1,-0.6,4.3,1.6,5.6,4.8,4.8,4.7,4.8,2.9,4.5,5.9,1.1,3.9,1.9,2.6,-0.5,0.7,1.8,1.6,0.1,1.4,2.5,1.5,1.4,0.4,-0.2,2.7,-2.4,-0.7,-0.9,-0.7,-1.1,0.4,-0.1,3.2,1.8,0.4,1.1,-0.3,1.3,0.2,2.2,-1.9,-0.5,-0.2,-1.4,5.2,1.6,-3.8,-4.0,-2.2,-1.0,1.4,0.2,2.5,0.1,1.1,-0.8,1.6,0.6,2.2,0.1,2.7,1.9,2.7,0.2,3.3,3.9,0.4,-1.8,3.1,-0.4,0.7,2.4,2.9,5.2,2.4,2.1,2.5,1.9,-2.8,0.1,-1.8,-0.8,0.4,1.7,0.7,0.8,-0.1,0.7,0.0,0.3,-0.8,-1.9,-1.3,0.9,0.1,-0.5,-1.6,-1.9,-3.1,-0.8,-0.6,-2.8,-1.3,-3.1,-0.7,3.3,-4.2,1.1,1.9,1.0,-3.9,-1.6,-3.6,-2.8
2C7L51FIeX,0,48.106813,11.626764,4442196.78,2778362.4,533.7,579.4,281,7345,3.9,0.65,0.47,32.65,348.97,-0.53,-0.103,0.842,-1.4,0.2,-0.76,0.3,1.2,0.3,-0.3,-1.5,1.1,1.6,0.7,-2.0,2.8,-0.5,1.6,-1.4,-5.1,7.8,0.0,5.3,3.9,1.7,2.8,2.5,-2.9,5.8,8.0,8.8,10.9,3.5,11.3,13.9,3.9,12.2,-1.3,-0.3,9.4,-7.6,0.9,0.4,4.6,-1.7,5.4,8.9,3.8,8.5,-0.4,-2.0,1.1,6.1,4.0,1.9,4.2,-1.3,1.0,-0.0,5.5,-3.3,0.4,2.2,3.5,4.7,4.9,2.0,0.1,0.6,3.9,0.2,3.0,0.4,0.7,-2.6,-0.9,0.1,-0.9,0.1,1.4,2.2,1.6,3.9,0.0,3.3,2.5,1.1,6.9,0.9,2.6,8.7,7.3,1.7,0.4,3.9,4.4,7.1,3.0,5.4,5.4,6.0,0.3,0.5,6.0,7.2,9.1,10.7,2.6,7.7,7.9,4.1,8.9,7.8,10.8,8.2,6.3,9.0,5.5,5.7,5.5,8.2,3.8,2.6,3.7,3.2,-5.9,-1.1,4.0,3.3,5.4,2.9,3.9,3.7,6.1,4.8,6.4,1.2,2.7,2.1,-1.2,-1.6,0.5,0.2,2.3,-0.5,-1.4,0.6,-3.9,2.9,5.9,-2.8,-6.4,-5.0,-6.8,1.1,0.9,-1.7,-2.4,-1.7,-0.7,-4.0,3.5,-0.2,-1.5,-0.7,-2.2,-0.1,0.4,3.4,6.1,0.7,-2.9,-4.0,-4.7,-13.3,0.7,-0.5,0.1,4.9,-3.7,-7.6,2.6,-3.0,-4.0,-5.3,-5.3,-1.7,-0.9,9.9,-2.3,-0.8,-3.7,-3.7,-2.9,-6.5,-3.9,5.4,-9.7,2.3,-4.8,-0.3,-3.9,6.8,-1.1,-10.8,5.4,1.6,-1.9,-6.5,7.8,-2.9,-4.5,-3.8,-6.0,-4.2,-6.4,-1.1,-3.7
2C7L51FIee,0,48.106862,11.627146,4442225.14,2778368.49,531.7,577.4,281,7352,3.4,0.71,0.43,32.65,348.97,-0.53,-0.103,0.842,-1.0,0.2,-0.04,0.26,2.5,0.2,-0.3,-0.9,1.4,1.6,1.8,0.7,-1.6,1.1,1.8,4.9,-3.4,2.8,0.8,1.0,1.1,-0.7,-0.5,4.6,8.0,6.0,-7.9,6.5,-7.3,-4.8,-4.5,-4.5,-4.4,-3.6,-6.0,-8.4,-9.8,-16.8,-9.7,-8.9,-10.1,-7.9,-9.3,-6.0,-6.8,-2.9,-5.2,-3.7,-6.6,-5.2,-5.1,-8.8,-6.4,-5.1,-5.9,-5.8,5.2,-3.4,-1.6,0.2,-2.2,-0.7,-1.6,2.8,-0.7,-7.3,-3.0,-2.7,-2.3,-5.3,1.0,2.8,1.1,-0.9,-8.3,-1.9,-2.2,-1.6,-1.7,-3.5,-0.6,1.3,1.2,1.9,-0.2,-4.4,-3.5,-3.3,-6.2,1.4,-1.6,2.9,-4.7,-2.7,-5.9,-10.8,-9.0,-6.6,-5.9,-14.3,-6.5,-2.4,-3.2,-3.7,-1.6,-5.7,-1.4,-2.1,-0.6,-4.3,10.5,-2.3,-2.6,-3.5,-4.8,-4.4,-6.3,-6.7,-8.4,-6.5,-5.0,-5.1,-2.7,-6.3,-2.0,-1.4,-1.7,-4.5,-1.8,-2.5,-1.1,-1.3,-7.8,-1.9,-3.5,-8.8,-6.0,-10.0,-3.3,-8.6,-10.2,-9.5,-7.0,-4.8,-10.7,-1.8,-3.6,-2.8,-9.4,-6.8,-4.9,-6.0,-4.6,-5.4,-3.3,-4.9,-4.6,-5.6,-2.1,-1.4,-2.8,-3.9,-4.1,-2.5,-5.4,-4.1,-6.6,-7.5,-1.5,-5.9,-6.6,-5.7,-3.7,-2.9,-6.2,-7.8,-9.9,-10.0,-13.0,-1.3,-8.7,-7.0,-14.4,-7.9,-1.5,4.8,-5.8,-3.7,-1.4,-5.6,-4.9,-3.5,-6.4,-5.6,-7.4,-8.5,-9.0,-8.6,-7.5,-9.8,-7.2,-6.8,-6.4,-8.6,-11.7,-11.8,-9.2,-9.1,-10.4,-8.1,-5.0,-5.6,-6.3,-4.6,-4.9
2C7L51FIfu,0,48.107478,11.631948,4442581.32,2778444.85,548.9,594.6,281,7430,3.7,0.74,0.43,32.67,348.97,-0.53,-0.103,0.842,-1.2,0.2,-0.84,0.28,1.5,0.2,-0.3,-0.6,-1.0,2.7,1.1,-3.2,-0.2,4.7,-3.9,0.7,-12.5,-2.2,0.0,-0.8,0.3,-4.7,1.5,-0.7,-4.0,-1.3,-3.3,-1.9,0.3,-2.3,2.6,4.6,2.0,-1.3,-4.0,-2.3,-0.1,2.2,-1.0,-6.2,-0.6,-5.8,3.1,1.5,1.1,5.8,-2.1,-0.6,-5.8,-0.1,3.8,0.7,3.1,-0.5,-3.0,2.1,-0.3,1.3,-4.9,5.0,1.5,-1.2,2.1,2.2,-0.2,2.7,0.9,1.0,-3.5,-1.0,2.8,-5.2,-2.8,-1.9,3.3,-1.2,-0.5,-2.4,7.2,-1.4,-13.9,4.7,2.7,-0.0,-0.3,-4.5,-3.9,-4.3,-3.1,2.0,-2.0,-0.5,-3.2,2.0,-0.9,0.3,0.9,1.6,-14.8,-1.2,1.6,-0.9,-1.9,0.4,3.3,1.4,-1.5,0.3,2.1,-0.5,1.7,-1.1,0.8,1.7,4.5,2.7,0.4,1.5,2.3,5.2,3.1,4.8,-3.8,-0.0,0.6,1.8,-2.7,-1.5,0.8,1.3,-0.7,-1.9,-6.3,-0.4,-0.4,-1.6,-3.3,0.0,-1.5,0.6,-2.7,-5.2,-2.6,-2.2,-2.0,-0.1,-1.2,-2.6,-0.2,-3.5,-2.4,-1.7,-1.5,-3.1,-5.7,-1.6,-2.7,-4.3,-1.9,0.5,-4.0,-8.2,-4.8,-4.4,-4.9,-0.7,-2.7,-4.4,-5.4,-3.7,-5.3,-1.9,-2.1,1.9,2.9,-3.5,0.9,-0.8,-5.9,-5.3,4.5,-1.0,-2.7,-0.4,-5.1,-8.6,-2.9,-2.6,-2.4,-6.5,-4.5,-4.1,-0.9,-1.4,-1.7,-12.3,-8.3,-20.7,-19.3,-13.6,-13.4,7.1,-2.2,-0.4,-2.6,-8.1,-0.3,-2.6,-2.1,-12.4,-3.8,-5.3,-4.0,-17.2,2.1
2C7L51FIg6,0,48.107591,11.632825,4442646.37,2778458.79,557.4,603.1,281,7442,4.1,0.56,0.44,32.68,348.97,-0.53,-0.103,0.842,-1.0,0.2,-0.05,0.31,3.3,0.3,-0.3,-2.1,2.1,3.5,3.4,4.4,-0.6,3.1,-0.3,2.5,-3.3,-1.9,-1.8,2.5,-3.2,2.6,1.6,1.8,-1.5,2.3,2.3,0.6,2.5,-4.3,3.2,7.3,6.4,3.8,1.0,3.7,3.9,5.7,-1.0,1.9,5.1,7.3,7.8,6.8,5.0,8.5,5.4,4.2,2.3,-0.6,5.8,-1.2,5.1,-3.0,-4.1,-6.8,1.3,15.3,-0.1,-4.4,-2.4,-1.8,-5.1,-5.0,-7.4,-5.8,-3.9,-6.5,-2.9,-4.8,-3.3,-5.7,-4.0,-3.1,0.6,0.4,13.0,-5.0,0.9,-3.8,1.4,-0.3,0.2,0.6,-1.7,-1.6,0.2,-0.5,2.8,3.4,4.0,-0.1,1.9,-0.3,3.9,3.3,2.3,5.5,-5.0,-4.5,2.2,7.4,-2.0,-2.4,5.0,4.0,5.0,7.6,4.6,3.6,4.1,4.5,3.0,-0.2,-7.8,3.2,-1.4,5.0,3.1,6.7,4.1,-7.4,-2.8,-3.3,-2.3,1.1,-14.3,-0.8,-6.3,-3.9,-0.2,1.2,2.3,-1.9,-0.9,3.4,1.4,3.4,5.4,-1.3,2.7,1.7,1.9,-1.4,4.9,7.9,7.6,-4.0,-2.8,-6.4,-1.4,-3.7,-3.1,-5.8,-8.8,-9.9,9.3,-4.4,-1.6,-0.9,-3.4,1.8,-5.1,-5.0,0.3,-4.6,-3.5,-1.3,-3.8,9.0,-7.5,-4.2,-4.9,8.2,8.2,3.7,4.7,3.7,-5.3,-0.6,0.3,-7.8,-7.2,-5.6,-9.9,9.4,-4.1,-5.3,-4.1,-2.6,-8.0,-6.5,-1.7,-8.1,-1.9,2.2,3.6,1.7,2.8,1.3,5.0,3.6,6.7,6.4,-2.3,-8.9,3.8,-7.5,-6.7,-2.7,-9.0,-6.7,-7.7,-8.9,-12.1
2C7L51FIg9,0,48.107616,11.633023,4442661.06,2778461.94,559.6,605.3,281,7445,2.0,0.9,0.27,32.68,348.97,-0.53,-0.103,0.842,-0.5,0.1,-0.5,0.15,0.8,0.1,-0.3,1.4,-0.4,-0.4,-0.2,-0.1,-0.4,-0.6,1.0,-0.6,4.7,0.2,-1.9,-1.5,0.9,-0.5,1.1,0.9,0.7,-0.1,-0.2,-2.4,0.8,0.4,1.5,2.2,0.5,2.7,1.6,-0.6,-1.0,-2.1,-2.4,-4.7,-0.9,-0.5,1.9,0.8,2.1,3.2,3.4,1.9,3.6,1.3,1.7,0.3,-0.5,-1.0,1.0,0.7,1.6,0.5,0.9,-0.5,1.9,-2.0,1.9,-0.8,-0.9,-0.5,0.3,-1.0,0.4,2.4,0.0,-0.9,-2.6,0.8,5.3,-0.7,-0.3,-0.4,0.3,-0.5,-1.4,-1.0,-3.5,-3.5,-3.2,-2.8,-2.3,0.9,2.8,1.4,-1.2,1.2,-1.9,2.9,1.4,2.0,0.4,0.6,0.3,0.2,1.7,-1.2,4.3,4.2,3.4,2.2,3.5,3.3,1.6,2.3,3.6,2.0,1.5,3.3,0.4,2.4,1.4,0.0,0.2,3.3,1.6,0.2,-0.5,0.8,0.8,2.3,-1.6,3.3,-0.3,1.8,1.2,-1.8,-0.5,-0.5,2.1,3.2,-3.2,0.0,1.5,1.3,0.0,-4.2,-1.5,0.1,0.8,2.5,2.4,-2.3,0.2,-0.3,-1.7,-0.8,-0.8,-0.2,-1.6,-0.4,-1.4,1.8,-0.8,-0.1,-1.8,-1.3,0.4,1.5,1.6,-0.7,-0.7,1.1,-1.7,-0.0,-2.3,-0.5,2.5,1.8,9.1,1.0,-0.2,1.5,1.2,0.2,-2.5,-3.3,-3.6,-0.1,0.5,-12.7,-0.5,-1.7,-1.8,-0.6,-1.4,-3.1,-1.5,-1.2,1.0,-1.3,-3.3,-4.9,-1.0,-2.7,0.2,0.1,-2.1,1.4,-3.4,-3.5,-2.4,1.3,-3.0,-2.7,-1.0,-3.6,-1.5,-3.5,-1.4
2C7L51FIgE,0,48.107597,11.632867,4442649.51,2778459.5,537.3,583.0,281,7450,3.1,0.77,0.64,32.68,348.97,-0.53,-0.103,0.842,0.8,0.2,-0.92,0.25,0.5,0.2,-0.3,-2.0,-1.9,-5.4,-1.5,-1.5,-0.2,0.8,-2.7,1.5,12.0,3.1,6.1,-5.0,1.0,6.9,1.9,-1.0,1.8,-1.2,-6.0,2.7,13.6,-6.7,-0.1,14.3,7.8,1.0,-4.3,3.7,0.2,1.6,-5.1,0.1,-1.3,-2.7,-1.7,-1.1,-1.9,2.1,-3.5,-4.4,6.9,3.3,7.2,-6.0,-0.2,-1.5,-6.8,3.0,-5.4,2.4,5.0,-0.4,-3.3,-3.6,-4.1,-4.1,-9.1,-2.4,-1.4,1.4,-0.1,-1.0,-0.9,-5.6,-4.7,-3.2,1.0,-3.7,0.1,-4.5,-1.3,-2.7,-1.5,-2.0,-2.6,-3.1,-6.7,-6.8,-1.2,2.2,1.6,2.8,3.1,3.4,2.5,2.3,4.8,2.0,2.2,2.5,0.9,1.5,2.9,0.3,3.5,3.5,3.1,4.0,3.9,2.7,4.2,4.2,4.3,5.5,4.0,4.3,5.1,4.4,4.7,4.9,4.3,4.8,3.9,3.8,3.4,3.7,3.0,4.5,2.1,3.9,4.2,4.5,3.1,4.1,5.0,6.1,4.6,4.6,0.7,3.6,3.3,5.0,4.9,1.0,3.3,3.5,2.1,6.3,6.5,4.3,2.6,2.0,2.6,4.5,3.5,5.6,4.5,5.4,3.9,5.4,4.8,4.3,3.9,4.0,5.0,4.5,3.9,2.3,3.8,4.2,0.8,2.3,1.3,1.2,4.3,5.4,7.8,3.9,2.0,4.2,3.6,2.1,4.2,2.2,3.4,3.8,4.6,4.2,2.9,4.1,3.4,3.6,2.8,2.5,3.7,3.0,3.4,2.6,-0.1,0.4,3.1,1.0,3.0,3.0,0.3,1.9,1.2,1.6,2.1,0.6,2.5,-0.4,2.8,2.4,1.4,1.2,2.3
2C7L51FIgF,0,48.107603,11.632918,4442653.31,2778460.32,537.0,582.7,281,7451,3.0,0.76,0.45,32.68,348.97,-0.53,-0.103,0.842,1.1,0.2,-1.66,0.23,0.4,0.2,-0.3,2.5,4.5,1.6,3.5,0.4,0.1,3.2,1.1,3.1,3.1,3.2,2.7,-0.8,0.5,1.1,2.5,5.6,-2.2,0.0,-4.5,-3.7,-4.3,-5.6,2.4,19.1,1.2,1.9,1.6,1.2,-2.7,-0.8,-1.2,-6.6,-4.8,-1.4,-3.9,-1.2,-3.5,8.0,-0.3,0.0,-7.6,-0.5,1.0,-3.2,0.4,-3.1,-5.7,13.0,-5.3,4.8,1.3,0.4,0.5,0.8,1.6,-2.6,-0.2,1.7,3.0,3.9,4.3,4.8,2.7,-1.2,-0.6,1.1,4.3,1.3,0.8,0.2,0.7,-1.2,-0.4,1.9,1.1,0.7,-2.7,-0.8,1.1,4.5,3.7,6.7,6.2,6.5,4.9,5.8,9.0,5.3,4.9,6.3,4.3,1.3,6.3,4.4,4.5,5.2,6.3,7.1,7.3,2.8,8.1,9.4,7.1,8.9,6.2,7.0,11.2,6.6,6.8,7.5,6.9,7.4,6.3,6.5,6.3,4.8,5.0,6.9,5.6,6.2,6.0,6.7,5.0,5.7,5.0,8.0,6.7,7.4,4.4,8.0,6.3,8.6,8.2,3.8,8.0,4.8,5.9,10.4,9.0,1.5,3.8,4.4,5.6,9.9,7.5,7.4,7.2,7.3,5.1,5.8,4.4,5.8,5.3,6.2,8.8,7.4,5.2,5.3,5.3,6.1,4.2,5.4,5.0,6.1,8.7,7.0,11.5,3.1,5.9,8.0,4.1,3.3,5.5,5.5,5.7,6.5,5.6,5.9,4.8,6.4,7.2,7.1,5.9,3.9,6.0,6.6,4.6,5.9,1.9,1.2,4.6,2.0,3.4,4.8,2.5,2.0,3.7,5.2,5.1,4.5,6.3,1.5,7.0,2.7,4.0,2.8,3.2
2C7L51FIhI,0,48.10813,11.637023,4442957.79,2778525.59,557.1,602.8,281,7516,3.2,0.76,0.44,32.69,348.97,-0.53,-0.103,0.842,-0.3,0.2,0.13,0.25,0.9,0.2,-0.3,-2.2,-0.3,0.8,-0.2,2.0,-0.7,-1.4,4.3,-0.4,-2.3,1.3,-2.2,-2.3,1.2,-2.4,-1.5,-3.0,-1.0,0.9,-1.8,0.3,-3.3,4.6,0.5,-0.3,-4.8,2.8,0.1,0.1,-1.3,1.1,-5.5,-4.9,-5.9,4.0,0.2,-2.2,-5.2,-5.0,-1.1,3.5,-3.2,-4.8,-8.5,9.3,-5.9,3.2,-4.5,-1.8,-0.8,2.1,0.3,-0.8,0.9,1.2,-4.1,0.6,-0.6,-0.1,-1.3,-1.9,-3.1,-4.6,-0.6,-8.5,-5.6,0.2,0.7,-3.1,1.5,-2.1,-1.1,-7.3,-2.1,-4.9,-4.4,-4.0,-5.5,-6.6,-5.7,-4.9,-4.5,-6.1,-3.8,1.7,-3.0,-1.0,-2.0,-2.2,-2.8,-0.5,-1.6,-3.1,-5.2,9.9,-3.8,-5.5,1.1,0.6,-4.5,-5.5,2.1,-4.1,-3.1,2.4,3.5,6.2,-1.4,1.3,-0.9,-0.5,-0.2,2.2,-0.6,-1.8,-7.7,-4.5,-4.4,-2.8,-0.0,-5.9,-2.2,-3.0,-3.8,-2.0,-3.6,-3.0,-3.8,1.5,-3.9,-0.2,0.5,-3.0,2.2,-1.4,-0.8,-0.2,-0.0,4.3,-1.1,-6.3,-0.5,1.4,0.8,6.4,1.5,1.3,1.5,1.7,-0.8,-2.9,-3.9,-1.2,-3.9,-1.8,-4.4,-9.6,6.9,2.3,-4.2,-3.8,-9.8,-6.2,-0.7,-5.3,-0.5,-4.4,3.7,0.7,-3.6,-1.3,-0.7,1.2,-11.7,-5.6,-11.0,-3.6,-0.4,-11.1,-3.1,-2.5,-0.5,-0.1,-1.8,-6.7,-4.5,0.1,-0.6,-1.5,0.3,-2.6,-0.8,0.4,1.7,3.7,-1.2,-3.5,-4.7,-1.0,-1.2,-5.3,-5.8,-0.6,-2.4,-1.2,-3.0,-3.0,-5.7
2C7L51FId9,0,48.106233,11.622103,4441850.96,2778290.28,543.7,589.4,281,7259,2.6,0.86,0.3,32.6,348.93,-0.529,-0.103,0.842,-0.3,0.1,-0.32,0.2,0.7,0.2,-0.3,2.6,-0.7,1.7,4.4,1.9,-2.6,1.8,0.3,0.1,-4.6,0.7,1.8,2.6,1.3,3.0,0.4,3.6,1.7,0.7,-0.0,2.6,1.9,-0.8,2.7,2.0,1.9,5.4,-3.0,0.0,-3.1,-14.3,-0.8,-2.5,-1.3,-2.2,-1.9,1.8,1.5,6.3,1.4,3.4,3.2,1.9,-0.6,2.9,0.9,-1.5,1.1,0.2,-1.2,1.0,0.9,2.6,0.0,0.4,-0.7,0.3,-1.0,0.5,-0.7,1.3,1.8,-2.4,1.2,-4.1,-1.9,-1.0,-0.4,1.1,-0.1,-1.0,-0.6,0.2,2.4,5.2,1.9,2.6,3.1,3.6,1.1,0.6,1.1,4.7,1.1,0.1,3.1,2.6,1.3,0.5,-0.9,2.2,-1.8,-6.1,4.2,1.3,6.1,1.8,1.4,1.4,2.9,3.3,2.0,-0.2,0.5,-1.3,2.9,1.1,1.3,-0.5,-0.0,-1.3,2.7,-0.1,1.2,-0.7,0.7,-0.6,-0.6,-1.1,2.2,-7.6,1.2,2.9,-0.1,2.7,0.8,-0.5,0.2,1.8,0.7,0.0,3.5,-0.8,2.9,-0.6,0.6,1.6,2.4,3.0,5.3,-1.2,-0.2,0.6,1.2,0.5,0.5,-4.4,-0.3,-0.7,0.2,2.9,0.4,0.1,-1.6,-0.5,-1.3,-0.4,-0.6,3.4,2.2,3.7,-0.9,3.0,-1.2,-0.2,6.3,-0.7,1.2,6.0,-0.4,-0.7,-0.1,-0.1,6.0,-9.4,6.2,-4.7,-1.2,-13.1,-1.2,-2.9,0.5,-0.1,-2.4,-0.3,2.6,1.2,5.2,1.6,0.2,-1.1,2.5,-2.6,-1.1,0.4,-0.4,0.5,-2.6,-3.3,-1.2,-1.8,-1.3,-1.2,0.0,1.7,-1.2,-2.2,-2.0
2C7L51FIdQ,0,48.106324,11.622812,4441903.55,2778301.58,532.9,578.6,281,7276,3.7,0.74,0.46,32.6,348.93,-0.529,-0.103,0.842,-1.8,0.2,-0.55,0.28,0.6,0.2,-0.3,2.4,1.5,1.7,1.8,1.5,2.2,1.3,-5.2,-2.2,-11.3,4.1,8.2,0.7,1.6,3.1,5.6,5.4,8.8,-1.0,1.4,1.3,3.7,-11.0,3.4,4.2,3.5,0.3,2.5,1.3,-1.5,-13.3,0.3,-2.7,0.5,1.2,2.8,3.0,1.8,4.9,3.3,9.4,8.3,3.1,2.0,-2.0,0.3,2.9,0.4,1.2,1.3,4.4,1.9,2.8,1.4,-2.1,3.2,3.3,1.3,0.5,1.5,1.1,1.4,-2.0,-2.4,-3.4,1.7,0.1,-0.2,-2.9,-3.1,-1.4,-2.6,0.8,2.7,1.9,3.7,2.8,5.9,2.7,0.1,1.8,1.3,-1.0,7.6,2.4,-0.9,5.0,2.4,1.7,-0.1,1.1,2.1,3.4,2.5,0.6,1.6,2.8,-2.4,-0.7,-0.9,-0.4,1.1,0.9,-1.0,-5.2,0.9,0.5,-1.9,-1.4,1.3,-1.1,1.0,-0.6,-3.0,-3.0,-3.7,-7.7,-0.1,0.5,1.4,-2.1,-1.8,7.2,2.7,1.0,0.0,2.4,1.4,-1.9,-0.1,0.0,1.4,0.7,5.4,-2.2,-3.4,-1.6,-1.6,-0.0,3.6,2.5,-1.0,-2.2,-1.0,-4.4,-3.9,-2.9,-0.9,-2.3,-1.8,-6.2,-2.4,-3.1,-2.5,-1.8,-4.4,-4.3,-1.9,-5.0,3.7,-5.8,-3.2,1.5,-5.6,-5.4,-2.7,-6.3,-8.1,0.7,-2.7,-4.1,-3.7,-7.9,-3.8,-5.2,-6.5,-6.9,-7.3,-9.7,-6.7,-6.7,-7.4,-5.4,-7.1,-6.6,-9.5,-5.3,-3.4,-8.2,-5.9,-3.1,-10.2,-10.8,-1.1,-11.6,7.0,-13.1,2.2,-17.8,0.9,-3.0,-15.8,-1.1,-6.8,7.0,-15.7,-5.3,2.3
2C7L51FIe0,0,48.106609,11.625036,4442068.53,2778336.95,541.0,586.7,281,7312,2.3,0.88,0.39,32.64,348.97,-0.529,-0.103,0.842,-0.4,0.1,-0.17,0.17,1.0,0.1,-0.3,-0.9,-1.1,-1.5,-0.9,-1.4,9.9,-2.3,-0.7,-0.8,4.5,0.4,5.4,1.0,-1.1,-2.3,-1.0,-0.9,-0.8,-0.3,-2.4,-2.0,-1.8,-3.2,-2.4,0.9,0.9,-0.0,1.8,-3.1,-5.5,-7.2,-6.2,-7.6,-5.0,-3.8,-3.9,-0.5,-1.9,0.2,-1.0,-0.7,-12.5,-0.7,-2.0,-1.6,-1.6,-10.2,-4.9,-3.7,-4.0,-3.2,-1.1,-1.1,-2.2,-1.9,-0.2,-2.5,-1.3,-2.3,-0.6,-3.1,-2.9,2.2,-1.4,-1.8,1.5,-1.7,0.4,-4.7,-1.7,-2.6,-1.2,-1.7,-3.2,-1.2,0.3,-0.6,-0.4,-1.6,-2.5,-1.8,-1.7,-1.8,-3.6,-3.4,-1.9,-1.9,-0.3,-2.5,-3.8,-3.7,-6.2,-10.3,-4.6,-4.5,-1.6,-4.5,-0.6,-2.5,-0.6,-2.2,-1.0,-1.7,-1.7,-1.4,0.3,-0.9,-2.0,-0.7,-2.0,-3.2,-3.3,-2.1,-4.6,-2.9,-2.7,0.9,3.0,0.0,0.1,0.3,-0.8,-1.6,-2.5,-1.1,-1.9,-3.8,-1.9,-3.2,-2.5,-3.3,-1.0,-3.3,-1.7,-3.3,-2.2,-0.8,-3.7,-0.4,-0.5,6.3,-7.0,-4.8,-2.1,-4.8,1.8,-3.8,6.9,-0.6,-0.6,-3.1,-1.2,-2.8,-2.1,-1.5,-2.0,-3.4,-2.7,-1.9,-2.6,-3.0,-3.0,-2.1,-2.2,-3.3,-2.4,-3.8,-3.0,-1.3,-1.9,-2.4,-4.0,-0.5,-2.8,-2.8,-8.0,-4.1,-3.8,-1.7,-2.3,-2.9,-1.9,-2.8,-3.4,-2.9,-3.5,-4.3,-2.3,-2.2,-2.5,-4.6,-1.2,-4.5,-5.5,-5.3,-2.3,-3.4,-4.6,-5.4,-3.1,-3.1,-5.0,-4.7,-3.8,-1.4,-3.1,-4.9,-3.9
2C7L51FIe1,0,48.106598,11.624949,4442062.14,2778335.59,534.1,579.8,281,7313,2.5,0.84,0.39,32.64,348.97,-0.529,-0.103,0.842,-0.9,0.1,-0.3,0.2,1.2,0.2,-0.3,0.9,1.1,1.2,1.3,0.9,0.3,0.6,2.2,0.7,2.9,0.5,3.3,2.1,2.0,4.0,-0.2,0.8,-0.8,0.2,-3.7,-1.4,-2.3,-4.6,-1.6,2.0,-4.2,2.1,1.4,-2.1,-4.4,-14.0,-6.4,-6.7,-3.3,-2.4,-4.5,-1.7,-0.7,2.7,0.5,1.1,6.1,3.2,-7.3,-0.6,-0.1,2.1,-0.9,-1.2,-1.2,-0.7,0.6,0.8,-0.8,-2.1,4.9,0.8,7.6,1.6,1.1,0.8,1.7,1.5,1.0,-2.6,-2.1,2.8,4.3,0.5,-1.9,-0.7,2.5,1.7,3.9,-1.1,0.2,1.7,0.5,-2.5,-0.5,-0.7,-3.6,-1.0,0.3,-2.9,-0.3,-2.6,1.8,-3.1,-1.9,3.8,-2.9,-1.6,-2.0,1.4,-2.0,-1.9,0.9,-0.7,2.1,-0.7,0.3,-0.7,0.2,0.2,-0.0,-2.5,-0.7,-1.6,1.0,2.4,4.2,3.4,3.6,3.8,3.5,0.6,3.5,2.6,3.7,0.2,1.3,2.5,-2.6,1.8,-1.3,1.4,0.3,-1.4,-4.0,-4.6,-0.9,-0.4,-1.9,1.5,0.6,2.9,-1.8,-0.2,-1.1,-3.0,-10.2,-5.6,-2.6,-6.8,0.0,-1.6,-2.1,-2.7,0.2,-0.8,-2.9,-2.1,-5.0,-3.6,-4.1,-5.4,-5.1,-5.1,-4.6,-5.8,-3.0,-2.0,-3.3,-5.7,-1.9,-4.5,-3.9,-1.4,-1.7,-3.1,-4.3,-4.5,-1.2,-3.1,-9.4,-2.0,-1.3,-11.7,-4.6,-5.1,-2.9,-4.0,-3.2,-1.8,-4.7,-2.4,-1.8,-3.0,-2.3,-3.6,-0.5,-5.4,-4.2,-5.3,-2.8,-4.3,-4.3,-3.7,-3.5,-2.2,-3.6,-2.5,-1.0,0.0,-1.5,-2.8,-3.3
2C7L51FIeV,0,48.106824,11.626706,4442192.47,2778363.54,536.7,582.4,281,7343,3.2,0.77,0.46,32.65,348.97,-0.53,-0.103,0.842,-0.2,0.2,-0.76,0.25,0.5,0.2,-0.3,-2.2,0.9,2.2,-3.2,0.1,-5.3,1.9,-1.2,0.9,-10.5,-1.6,2.5,-2.6,-3.7,-2.1,-0.8,-0.5,0.9,-1.2,-0.8,-1.5,1.6,1.7,3.0,0.7,5.4,8.6,9.1,2.5,-1.6,9.2,-9.7,1.8,1.0,-1.2,-0.3,2.0,2.0,7.3,6.3,1.2,0.4,6.8,4.0,2.0,-0.8,1.4,4.3,0.1,3.8,2.7,4.0,3.5,2.8,1.9,3.7,5.1,4.3,4.7,5.2,6.2,-4.8,-2.4,-0.7,0.7,7.9,3.9,-0.2,3.5,1.4,7.3,4.1,3.6,1.8,2.7,-0.4,2.1,2.7,0.6,5.3,-1.6,-0.1,-0.9,1.9,2.3,0.5,4.9,6.9,1.6,-0.4,-1.1,-0.2,2.0,4.0,3.4,2.1,5.5,4.6,1.0,-0.4,1.1,-0.2,-0.7,2.8,3.3,3.5,1.6,0.8,0.7,2.8,1.1,-1.7,1.0,1.0,0.9,-3.6,3.7,8.9,8.9,0.3,2.5,-5.8,3.9,1.3,0.1,-1.0,2.6,2.7,2.2,-0.4,0.6,0.4,0.6,1.4,-1.6,-0.7,4.3,-2.5,1.4,2.2,4.0,4.1,1.3,4.4,6.1,9.7,-6.3,-1.8,-0.9,0.4,-12.3,-0.6,5.0,-2.3,1.4,7.4,2.6,0.3,3.7,3.0,3.2,2.8,-0.7,2.8,-0.7,7.2,3.9,4.3,1.0,4.3,4.7,1.1,0.3,1.6,-2.8,11.7,3.4,3.5,-3.6,5.8,-0.2,2.2,1.0,3.4,-1.8,0.5,0.6,1.2,-0.4,-1.9,-0.0,-2.2,0.9,-2.0,-4.2,-2.0,0.2,0.4,0.4,0.2,0.7,-3.5,-2.7,-2.8,-2.3,2.2,1.2,1.6
2C7L51FIfq,0,48.107474,11.631767,4442567.85,2778444.03,551.4,597.1,281,7426,3.1,0.79,0.39,32.67,348.97,-0.53,-0.103,0.842,-1.1,0.2,0.11,0.24,0.8,0.2,-0.3,1.2,-0.6,0.5,0.9,-2.1,-1.3,2.9,-0.3,-3.1,2.3,1.9,-5.3,1.0,0.2,0.9,-3.8,-8.0,-2.1,-2.3,-2.2,-0.1,4.5,-0.2,2.8,0.5,-0.9,-6.8,0.8,8.3,0.7,-3.4,-4.8,-6.2,-3.0,1.6,1.5,3.6,1.1,2.8,4.0,-1.5,1.4,-0.1,-3.4,8.5,-0.2,-2.3,-2.0,0.5,2.0,-1.3,-0.1,-3.7,-2.4,0.3,-3.7,1.7,-1.7,1.2,-1.4,-0.6,-0.5,-2.9,-2.1,-5.1,-0.2,-1.7,1.1,-1.8,1.3,-6.1,-2.2,-1.2,1.3,-3.6,-0.8,-0.9,2.7,2.4,0.1,-3.2,-1.1,-3.7,-1.4,-2.3,6.2,-1.7,-5.3,-3.7,5.5,-4.1,-1.8,-0.2,-2.2,-1.4,1.0,-0.3,3.4,2.0,1.0,-5.0,0.9,0.6,1.2,-2.5,1.9,2.2,-1.1,1.4,-0.7,-1.4,-1.7,-1.5,-1.5,0.3,-5.1,-2.1,-4.3,-3.3,-3.5,-3.4,-4.5,-8.2,-3.6,-3.6,-8.3,-3.7,2.2,-3.6,-4.3,-9.3,-1.6,1.3,-6.7,-7.6,-2.0,-1.1,-2.7,-2.3,1.8,5.4,-4.5,-3.3,-1.8,-2.1,-2.5,-4.3,-5.3,-1.7,-3.2,-15.2,-1.1,-2.1,-3.9,-2.9,-2.4,-2.6,-3.6,-4.2,-6.2,-5.7,-5.7,-6.8,-8.3,-5.7,-3.1,6.4,-0.3,-3.8,-1.6,-1.6,-5.9,-6.6,-2.5,-6.3,-4.8,-2.5,-2.1,-3.5,-2.5,-3.4,-2.9,4.7,1.7,-6.5,-0.9,-9.8,-5.4,-5.2,-13.8,-5.0,0.5,-6.5,3.1,-4.2,-2.4,-6.8,-6.5,-9.6,-3.5,-6.6,-4.2,-3.3,-5.3,-5.8,-0.4,-7.4,-2.3
2C7L51FIhj,0,48.108276,11.638018,4443031.56,2778543.53,533.2,578.9,281,7543,3.8,0.72,0.44,32.7,348.97,-0.53,-0.103,0.842,-0.2,0.2,0.48,0.29,0.3,0.2,-0.3,-2.8,-4.0,-1.8,1.7,-3.0,1.8,-0.4,-1.2,-0.9,2.4,-0.3,2.5,1.6,0.6,2.1,-1.0,0.4,-1.3,-4.6,1.5,-3.0,1.1,-1.0,2.2,5.6,-1.8,1.0,1.0,1.5,-1.3,0.5,-1.5,-9.6,-5.2,-16.4,-2.3,-2.2,-8.4,4.0,3.1,4.3,-5.1,-7.5,-1.7,-0.5,0.2,-0.5,2.6,1.8,-1.3,-0.5,0.3,0.3,0.3,-3.8,-1.1,2.1,-1.5,-4.0,-4.5,-0.6,-1.9,0.1,8.7,7.7,-1.8,-3.2,-4.3,-2.4,-1.5,-3.0,1.0,-3.0,-1.2,-5.4,-5.2,-3.6,0.0,-2.4,-4.5,-5.8,-4.1,-7.3,1.1,-2.6,-6.5,-4.9,2.5,-5.0,-3.5,-3.7,-6.4,-7.3,-1.5,-4.6,-1.0,-4.9,-9.0,-6.7,-8.8,-2.0,-2.4,-5.4,1.9,-0.6,2.3,-2.4,5.1,-0.2,3.7,1.1,-3.0,-3.3,-0.5,0.5,-3.1,6.0,-1.2,4.4,-2.6,-4.0,-4.7,-4.6,-6.7,-4.2,-2.3,1.4,11.0,5.3,-4.9,-0.5,0.2,1.3,2.1,-6.1,-5.1,-3.6,-3.7,0.0,0.7,-5.6,-3.9,-2.7,-3.3,-2.1,-3.2,-0.5,-2.0,-6.4,-4.7,-10.4,-1.0,-6.6,-10.7,-3.4,-0.9,3.4,0.3,-1.1,1.4,-0.7,-11.7,-1.4,-5.4,-10.4,-0.0,5.9,3.6,-3.9,-0.2,7.5,-5.1,-3.9,-2.9,-2.9,-3.7,-4.2,-1.5,-16.7,-0.5,-0.2,-0.5,-0.4,-0.5,-0.2,1.4,-2.0,0.2,-4.1,-3.1,-2.5,3.1,-4.7,3.2,1.7,0.7,-0.3,-3.3,-4.1,1.3,-0.6,-2.6,-1.3,-1.9,-2.6,-2.6,-2.6,-4.2
2C7L51FIh0,0,48.108035,11.635996,4442881.53,2778513.37,559.6,605.3,281,7498,4.5,0.6,0.67,32.69,348.97,-0.53,-0.103,0.842,-0.3,0.2,0.14,0.36,1.9,0.3,-0.3,7.1,-11.4,-5.3,-5.5,4.3,1.5,0.8,1.8,1.6,-2.4,2.4,1.7,2.3,1.9,1.7,2.9,3.6,4.1,0.2,1.0,-0.8,1.2,-0.9,3.8,2.8,1.3,0.7,-3.4,-0.1,1.6,-6.0,-0.9,-1.1,-0.8,3.4,2.6,1.7,3.6,1.1,2.8,-1.3,-0.2,1.6,0.5,-0.7,-2.0,-6.3,-4.7,-7.1,-1.1,-3.7,-1.7,-2.5,-1.4,-3.2,-4.8,-12.3,-6.4,-4.2,-5.3,-8.4,-6.1,-15.1,-7.4,-18.9,-13.2,-12.0,-7.6,-4.2,-5.6,-2.2,-2.3,-13.0,-4.2,0.7,3.0,-1.0,-3.4,-4.6,0.1,-4.5,-0.1,-3.0,-2.8,-3.9,1.8,1.2,2.2,3.6,1.4,-2.0,-6.7,-6.8,-0.5,-2.3,3.1,-7.4,1.4,-2.1,0.7,1.0,2.5,3.0,0.7,3.2,1.7,1.5,3.1,-0.8,-2.0,0.4,-2.2,-4.2,-2.7,-4.0,-11.4,3.6,-4.8,1.6,-4.2,-10.1,-2.2,-1.9,-1.8,1.3,3.1,-4.6,-0.0,-2.7,-0.8,-5.4,-2.9,-8.1,-0.6,0.6,-1.2,0.9,-8.0,-1.5,0.2,-11.0,-7.1,-2.2,2.0,-1.5,-3.8,-8.4,1.4,3.2,5.0,5.9,-0.1,-4.3,-2.0,-2.7,-0.3,0.1,0.5,-1.6,-3.2,0.8,-7.1,-0.7,-0.5,0.2,-0.2,3.0,7.1,-1.0,-3.6,-0.1,0.8,-12.1,-0.5,2.4,-6.4,3.6,-3.2,-14.8,-1.8,0.9,0.9,-0.4,-3.8,1.8,-0.7,-12.1,2.6,1.1,-1.2,-5.1,-5.2,0.1,-1.1,2.6,10.0,-1.5,-4.6,-13.2,2.0,-14.6,-7.5,-8.5,-6.5,-18.8,7.4,-17.3,5.8
2C7L51FIe6,0,48.106689,11.625368,4442093.11,2778346.36,541.1,586.8,281,7318,2.6,0.86,0.28,32.64,348.97,-0.529,-0.103,0.842,-0.5,0.1,-0.02,0.2,0.6,0.2,-0.3,-0.2,1.8,1.6,-0.5,1.6,1.3,0.8,1.4,1.9,-8.3,2.4,1.7,1.9,1.8,1.9,1.1,1.8,0.5,2.3,0.0,-0.3,-0.9,-1.0,0.3,3.7,2.7,3.5,-4.1,-1.7,-3.7,-11.6,-2.5,-3.3,-0.9,-0.5,-0.3,0.8,2.3,5.0,2.6,1.6,-1.2,2.6,2.4,0.6,0.4,-0.6,-1.2,0.2,-0.9,-0.5,-1.7,0.2,0.7,-1.5,1.3,-2.3,0.6,-0.0,-1.8,-1.1,-1.9,-2.8,-1.9,-11.5,-7.5,-1.1,-4.0,-0.6,0.3,-2.3,-0.1,-5.1,-1.2,1.3,0.7,1.2,1.3,-2.1,0.4,0.4,0.3,-0.3,-0.5,-1.7,0.2,0.7,1.3,-0.3,-0.8,0.0,-2.2,-1.9,-1.3,-0.2,2.6,0.7,1.8,0.9,1.8,1.5,0.3,1.0,2.1,1.3,1.0,1.0,-2.3,2.5,0.1,0.5,-1.1,-0.3,1.7,-1.4,-2.7,-5.1,-1.1,-0.4,1.4,-3.0,-0.5,0.1,0.9,-0.1,-1.0,-5.5,1.3,0.9,-1.5,-1.9,-1.4,-2.5,-0.7,-0.9,-1.9,0.8,-1.3,2.0,2.7,-7.4,-0.9,-0.3,-0.5,1.1,-2.6,-4.9,0.4,-3.4,-0.0,-11.6,3.7,1.2,-0.6,1.3,-1.2,-0.0,-0.5,0.1,2.0,-0.2,0.9,-0.3,-1.6,-1.9,0.4,-1.8,-0.6,2.3,-0.6,-0.5,-2.0,-5.5,-6.4,-6.1,-10.3,-3.6,-3.8,8.1,-4.6,-2.7,-3.2,-1.2,-2.8,-0.9,0.2,-3.4,1.3,-1.1,-2.0,-2.2,-0.9,-3.5,-4.2,-3.7,-2.6,-0.8,-2.2,-4.5,-0.5,-1.4,-0.4,-0.9,-4.1,0.1,-4.5,-0.4,-3.1
2C7L51FIe7,0,48.106693,11.625395,4442095.12,2778346.79,539.6,585.3,281,7319,2.2,0.88,0.24,32.64,348.97,-0.529,-0.103,0.842,-0.5,0.1,-0.19,0.17,1.2,0.1,-0.3,-0.0,1.5,0.7,0.9,0.6,-1.1,0.4,0.0,1.5,-5.7,2.2,-2.3,2.0,1.3,1.5,1.4,2.5,1.5,2.5,0.1,1.5,1.4,0.8,1.9,4.7,4.0,4.1,-2.9,0.4,-1.2,13.1,-1.5,-2.2,-0.1,-0.2,0.0,3.4,2.0,5.7,2.7,2.9,-0.2,4.3,2.0,1.7,1.7,-0.8,-1.0,2.1,0.7,0.7,0.3,1.2,1.3,0.5,1.9,-0.7,0.8,0.2,-0.6,0.5,0.1,-3.4,-0.2,-7.0,-6.0,-0.1,-0.5,-1.2,-0.3,-3.2,0.4,-2.3,0.7,2.1,2.3,2.4,1.9,0.4,2.2,1.7,0.9,1.1,0.6,0.2,2.3,2.7,3.2,2.1,0.9,1.2,-1.0,-2.7,0.4,0.7,2.4,0.5,2.8,2.6,3.1,1.9,2.5,2.3,3.2,2.6,3.1,2.3,1.0,2.4,1.2,1.8,0.6,0.3,0.8,0.7,-1.8,-2.9,-0.5,-0.9,0.8,-1.8,-0.2,-0.3,1.0,1.7,2.0,-3.1,2.3,1.2,1.3,-0.0,1.1,-2.1,1.0,1.2,-0.2,1.7,-0.7,3.6,4.5,-5.5,-0.7,0.6,0.1,0.1,-0.9,-4.8,-0.2,-1.0,0.1,-5.7,1.4,1.0,-0.3,1.0,-0.7,-1.2,0.4,1.5,1.2,1.2,2.2,0.1,0.7,-0.1,0.7,-0.3,1.2,3.5,2.2,0.9,-0.2,-3.8,-5.9,-6.1,-8.2,-3.9,-2.4,10.5,-2.9,-1.1,-1.8,-1.1,-1.8,-0.7,0.4,-3.2,2.4,0.8,-0.6,0.1,0.5,-0.4,-1.3,-1.6,-0.6,0.6,-1.3,-2.9,0.2,-3.2,-1.3,-2.4,-1.6,-0.8,-3.7,-1.6,-3.2
2C7L51FIe8,0,48.106696,11.625419,4442096.86,2778347.17,538.0,583.7,281,7320,2.2,0.9,0.36,32.64,348.97,-0.529,-0.103,0.842,-0.4,0.1,-0.25,0.17,0.1,0.1,-0.3,0.7,1.6,-0.8,-0.2,-0.8,2.6,-0.2,-1.7,0.3,0.8,0.6,-1.6,2.2,0.3,-0.4,-0.4,1.6,-0.9,0.1,-1.6,0.1,-0.1,-2.1,-0.4,3.3,2.4,2.4,-2.6,-1.0,-3.8,-15.2,-4.5,-3.3,-1.6,-2.3,-2.4,3.0,0.2,3.3,1.0,1.2,-0.3,2.4,-0.2,0.6,0.5,-0.3,-1.6,1.4,-0.8,-0.2,-1.4,-0.0,0.3,-0.5,0.8,-1.7,0.5,-1.1,-1.1,1.6,0.8,-11.4,-0.9,8.2,-6.6,-0.8,-3.7,-1.4,-1.8,-3.1,-0.8,0.8,-1.3,-2.2,0.1,0.2,-0.7,-3.6,-0.5,1.3,0.6,-0.4,-0.8,-0.8,1.1,1.3,1.8,0.9,-1.4,0.8,-0.6,-3.3,-2.2,-1.2,0.7,-0.9,-0.0,0.9,1.1,-0.5,-0.1,0.3,1.4,0.8,0.4,1.6,-0.9,1.4,-3.0,-1.0,-2.0,-1.3,-0.5,-0.5,-1.1,-5.2,-2.6,-4.0,-0.8,-1.3,-1.8,0.2,-2.5,0.6,0.4,-2.6,0.2,-1.2,0.3,-1.1,-0.5,-1.9,0.3,-0.1,-2.5,-0.2,-2.3,1.8,2.8,-5.7,-1.1,-0.8,-1.3,0.0,-1.6,-4.5,-0.4,0.7,-1.1,2.1,0.2,0.4,-1.9,-0.2,1.0,-1.7,-1.7,-0.4,-0.5,-1.0,1.0,-1.2,0.1,-1.8,0.4,-1.0,0.3,1.4,0.7,-1.1,-1.9,-2.9,-3.2,-5.4,-0.7,-3.3,-1.2,5.9,-3.9,-2.8,-1.6,-0.7,-2.9,-1.7,-2.6,-2.7,-0.2,0.2,-3.7,-2.8,-1.2,-2.6,-3.9,-3.7,-3.5,-3.5,-2.4,-4.6,-0.8,-1.6,-2.2,-3.9,-3.6,-1.2,-2.0,-2.4,-4.2
2C7L51FIe9,0,48.106704,11.625481,4442101.51,2778348.17,536.1,581.8,281,7321,2.0,0.92,0.29,32.64,348.97,-0.529,-0.103,0.842,-0.8,0.1,-0.14,0.15,0.7,0.1,-0.3,-0.1,-0.0,-1.2,-0.1,-1.1,-0.1,0.7,-0.1,-0.6,4.4,1.6,-0.7,-1.2,-2.3,-1.8,-1.3,-2.3,-2.7,-0.8,-2.7,0.8,0.3,-0.7,-0.9,1.6,2.2,2.8,-3.7,1.3,-5.9,-16.7,-5.4,-5.0,-2.9,-3.9,-2.8,-1.0,-1.5,0.4,-0.3,-1.0,-1.5,1.4,-0.8,0.7,1.2,-0.9,-1.7,-1.1,0.3,-2.1,-0.4,-0.2,-0.4,-0.9,0.6,-1.3,-0.5,-1.3,-0.7,-1.8,1.4,3.0,-2.7,-1.5,-0.7,-3.0,-0.7,-2.2,-2.7,-2.4,-1.4,-2.0,-1.6,-0.8,-1.2,-0.6,-1.7,-1.3,-1.6,-1.8,-2.9,-1.2,-2.9,-3.9,-2.4,-0.2,-0.2,-3.2,-3.9,-1.1,-4.5,-7.7,-3.9,-3.0,-0.3,-3.1,-1.4,-1.3,-1.4,-1.3,-2.4,-1.9,-1.6,-1.6,-2.4,-3.5,-0.9,-0.7,-2.0,-1.5,-3.4,-3.6,-1.8,-0.6,-3.2,-3.6,-1.7,-1.9,-1.0,-1.3,-2.6,-3.4,3.9,0.4,0.2,-4.0,-3.1,-3.1,-3.7,-5.2,-2.0,-1.8,-3.0,-3.3,-7.2,-2.5,-5.6,-0.4,0.6,-3.2,-2.6,-4.6,-1.0,0.2,1.3,-2.6,-5.2,-1.8,-1.3,-0.4,-2.3,-1.3,-3.8,-1.9,-3.0,-3.9,-2.2,-2.7,0.4,-4.5,-1.7,-0.9,-3.4,-2.5,-0.9,-3.5,-1.7,-1.6,-1.6,-1.4,-5.5,-6.2,-5.5,-4.4,-5.3,-6.5,-4.1,-3.1,-5.6,-2.9,-4.7,-2.6,-7.4,-4.5,-4.2,-5.6,-3.8,-4.4,-6.2,-4.9,-5.9,-2.6,-6.6,-7.9,-2.9,-4.5,-5.3,-3.2,-2.2,-5.4,-3.0,-4.4,-2.9,-2.2,-5.1,-5.5,-3.6
2C7L51FIeQ,0,48.106837,11.62652,4442178.56,2778364.69,539.5,585.2,281,7338,4.0,0.69,0.42,32.65,348.97,-0.53,-0.103,0.842,-1.4,0.2,0.01,0.31,0.7,0.3,-0.3,-0.4,-1.5,-0.9,-0.5,1.0,-1.0,-2.8,-0.0,0.9,-0.8,-0.6,-0.2,1.8,-0.8,-1.2,-1.7,0.8,2.1,-1.8,-1.4,-4.0,-0.7,-3.5,-3.1,1.1,1.5,3.4,2.6,-0.0,3.3,7.2,-2.8,-3.2,-6.8,0.2,-1.0,2.4,-6.4,-0.4,5.7,2.3,-7.0,0.3,-5.0,-0.8,-3.8,-2.6,-9.2,6.5,3.0,-2.8,1.0,0.7,-0.7,6.2,8.8,2.2,1.8,1.8,-1.5,-3.2,0.6,-0.3,-11.2,-1.6,-0.8,-5.0,-2.9,-0.6,-2.5,-2.3,-3.2,3.9,-1.5,-6.6,-0.4,0.5,2.7,-4.8,-9.1,-0.2,-1.3,-2.0,1.1,6.7,-1.0,-12.7,-3.0,-7.5,-2.5,-4.1,-6.5,-3.7,-10.2,0.4,0.9,-3.3,-1.8,-2.2,3.9,-3.1,-1.8,-8.6,12.5,-8.6,-8.9,-10.7,-9.8,-3.4,-2.4,0.7,-2.4,-1.1,-2.0,-2.2,-5.6,-7.4,-2.1,-2.2,-3.9,-4.3,-1.5,-1.6,-4.5,-0.1,1.7,-5.4,-1.0,-6.5,-1.1,-9.4,-9.8,-1.5,-2.9,-5.8,-12.8,-0.9,-12.0,-1.4,2.8,-2.1,-5.9,-3.9,-4.9,-1.3,-3.1,-2.9,-4.9,-4.5,-3.7,0.0,0.1,-5.4,-3.1,-2.1,-2.4,-5.3,-4.7,-8.1,-5.7,-2.8,0.5,-5.0,-5.7,-4.4,-3.6,-3.2,-4.3,-2.6,-1.8,-10.0,-4.9,-10.6,-18.6,-14.5,-4.1,-5.7,-4.6,-8.5,-6.9,-5.9,-3.2,-2.2,-4.6,-9.8,-4.0,-3.8,-3.7,-2.2,-0.7,-2.3,6.6,-3.1,6.4,-3.4,-15.1,-7.0,-13.6,-13.3,-4.0,-15.9,-7.5,-9.7,-9.9,-7.4,-7.5,-10.6,-6.5
2C7L51FIhS,0,48.108255,11.63757,4442998.21,2778540.46,558.0,603.7,281,7526,4.0,0.68,0.5,32.7,348.97,-0.53,-0.103,0.842,-0.5,0.2,0.02,0.31,0.3,0.3,-0.3,-2.9,9.0,-1.9,-3.7,-1.4,2.1,-5.6,-5.5,0.4,1.4,-8.1,0.9,0.6,-0.6,1.1,5.3,0.2,0.8,-0.0,-3.5,0.4,4.2,6.3,-10.5,-1.3,-1.0,-0.2,-4.6,3.6,-1.0,-0.7,-7.7,-12.6,-5.0,-1.8,10.6,-7.0,7.6,-4.2,1.2,-4.1,-6.6,-3.2,-3.1,-2.4,-5.4,9.1,-5.2,-5.2,0.8,-4.5,0.2,-0.5,-2.0,1.3,-5.1,-1.4,-3.0,-1.8,-4.3,-5.0,-1.4,-6.1,-4.1,-3.4,-7.4,-2.7,-5.2,-5.8,-3.0,-3.4,-2.7,-3.8,-3.1,-3.2,-1.8,-0.9,-2.8,-1.9,-6.2,-0.0,-0.8,-2.3,-4.4,-2.4,-12.3,-3.4,4.0,-8.2,-9.7,0.4,-8.8,-0.5,-3.3,-5.1,0.0,-11.5,-3.5,-1.0,-5.9,-1.9,-8.4,-1.1,1.9,-6.8,-5.4,-4.2,-6.0,1.0,-4.2,-0.4,-4.9,-0.2,-3.8,-2.0,0.2,-10.1,-3.7,-0.3,-8.0,10.1,-2.8,2.0,1.8,-0.2,-11.8,2.0,2.4,3.4,-1.4,-5.8,0.3,-1.7,-1.2,-11.4,5.1,5.8,-4.4,2.2,-2.3,1.7,-6.6,-6.9,-5.3,-1.3,-2.3,-2.4,-4.1,-4.7,-3.0,0.1,-3.0,-3.4,-2.4,-2.4,-3.8,-5.1,-1.5,-4.4,-3.8,-1.1,-7.9,-2.8,-5.2,-4.1,-2.1,-0.6,8.6,-4.1,-2.0,-0.4,2.1,-6.2,-2.1,-5.2,-13.9,-7.0,-3.5,10.0,-0.0,-2.1,-5.3,-11.0,-10.8,-2.5,-5.8,-3.5,0.6,-7.3,-4.9,-6.8,-5.6,-3.4,-3.3,0.5,-0.3,-1.0,-5.9,-3.5,-2.0,-5.3,-4.5,-6.0,-4.2,-7.9,-7.6,-8.8,-5.4
2C7L51FIdt,0,48.106617,11.624663,4442040.74,2778337.2,542.1,587.8,281,7305,3.1,0.78,0.38,32.64,348.97,-0.529,-0.103,0.842,1.2,0.2,-1.0,0.24,0.8,0.2,-0.3,2.9,5.3,-11.8,-0.3,7.7,3.3,-7.9,6.0,4.6,4.0,7.2,4.1,1.2,2.9,-2.5,-2.7,-3.5,-2.0,-0.3,-2.2,1.3,-4.7,1.8,-2.7,0.4,-1.6,-2.0,0.1,-7.4,-8.3,-15.5,-8.7,-6.2,-6.1,-2.5,-7.0,-1.8,0.4,0.5,-2.5,2.9,0.7,-0.5,-1.6,2.4,-2.0,2.3,1.7,-0.5,3.3,4.9,3.7,2.3,0.7,4.0,1.7,0.7,2.7,2.5,2.0,0.2,0.4,5.0,3.8,-2.5,-2.8,0.9,3.0,0.2,1.7,1.3,1.3,0.1,0.4,-0.0,1.5,2.5,1.8,0.2,2.4,-0.2,1.0,0.7,1.2,0.1,-0.3,1.8,0.9,0.4,-1.6,-0.5,-1.7,-3.0,-2.0,-0.9,1.8,2.3,-0.6,-0.1,1.8,0.1,2.5,1.5,2.5,1.6,0.6,1.8,2.6,0.7,2.0,1.8,2.3,3.3,2.5,3.9,4.7,4.5,2.7,2.0,3.7,0.5,2.1,1.8,0.7,5.6,4.7,4.4,5.6,4.2,8.2,6.8,7.5,5.2,5.9,5.8,5.3,5.2,4.8,6.1,7.9,-1.2,5.3,3.8,6.5,4.1,3.6,3.0,6.6,4.5,10.2,3.7,4.9,7.5,5.0,8.2,6.7,6.0,4.4,5.0,4.4,3.9,6.2,7.0,6.1,4.0,7.0,6.0,6.1,6.5,4.7,3.7,3.5,1.8,-6.3,-1.9,10.2,5.6,4.7,-2.6,-2.1,2.7,0.2,1.0,-1.1,2.8,4.0,0.8,3.9,4.7,3.6,4.8,4.1,2.6,2.7,6.6,5.3,4.6,4.2,4.0,6.1,2.7,3.7,4.5,3.9,4.1,2.0,1.0,1.9
2C7L51FIe4,0,48.106705,11.625349,4442091.66,2778348.12,544.7,590.4,281,7316,4.3,0.6,0.44,32.64,348.97,-0.529,-0.103,0.842,-0.4,0.2,-0.37,0.33,2.3,0.3,-0.3,2.6,2.8,1.5,5.2,-0.5,-3.1,1.5,2.5,-5.2,-2.6,-0.4,1.9,0.1,1.8,-2.1,4.3,5.7,3.7,8.1,5.0,4.9,2.9,12.5,3.8,10.4,5.1,7.6,-0.8,1.2,0.6,7.3,0.5,-1.5,-1.1,3.7,4.2,6.9,4.6,7.1,4.4,7.3,1.0,5.6,3.1,4.5,6.5,2.3,2.0,3.6,4.0,6.0,3.9,0.6,3.7,1.9,6.7,4.3,4.2,0.6,1.5,2.0,3.8,0.3,4.2,-3.6,-3.5,-1.0,0.9,-0.6,-0.6,-1.3,0.5,-3.2,0.0,9.0,3.0,4.1,4.5,6.0,8.0,0.8,6.2,2.7,0.6,-0.5,3.7,1.6,1.4,17.0,4.3,3.3,6.1,-1.3,6.8,1.4,14.5,1.7,3.7,9.3,12.3,4.9,8.0,0.3,7.2,4.3,1.0,-0.7,-1.3,-1.4,6.2,10.7,4.4,7.1,4.5,10.7,1.9,-0.7,4.5,5.8,12.3,-0.0,6.3,0.4,8.9,5.7,3.7,-2.6,6.8,2.9,4.0,3.5,8.6,0.5,6.2,4.8,2.9,4.3,-0.9,4.9,6.5,-6.1,0.2,-0.1,5.0,0.3,3.3,-2.1,1.0,-9.2,-7.6,-0.2,0.5,5.0,1.0,4.6,-0.1,-3.0,0.7,2.3,5.1,-1.4,4.1,7.8,6.3,-3.5,3.7,4.2,7.2,9.7,8.9,10.9,9.1,-2.4,2.4,-6.4,-8.8,-4.0,-11.2,-3.9,-1.4,-1.7,2.4,0.8,-2.4,4.5,5.5,-5.1,12.7,8.2,7.5,7.8,5.1,3.6,8.5,4.2,6.5,8.4,4.1,-1.7,2.0,-8.8,-8.4,1.6,12.6,-1.1,-14.1,9.8,-1.9
2C7L51FIec,0,48.106946,11.627221,4442230.52,2778377.91,541.2,586.9,281,7350,2.3,0.89,0.32,32.65,348.97,-0.53,-0.103,0.842,-0.4,0.1,-0.1,0.17,0.5,0.1,-0.3,-2.3,-0.6,-0.9,1.0,-0.4,0.0,-0.6,-1.2,-1.8,-6.4,-0.0,3.2,1.8,0.0,-0.1,-0.5,-2.0,-0.8,0.7,3.1,-2.2,0.9,-2.0,0.9,3.2,3.7,1.6,-1.0,-2.3,-2.9,-10.5,-4.6,-3.5,-3.3,-4.2,-0.6,0.3,-0.2,3.5,0.6,0.8,-3.6,1.2,0.1,0.8,-0.1,1.6,-0.4,2.7,0.7,0.7,-0.2,0.9,0.2,0.3,0.4,-1.3,-0.3,0.4,-1.4,-0.4,0.4,-5.1,1.1,1.5,2.2,-1.5,-0.3,-0.2,-0.9,-0.6,1.6,0.4,-0.5,-1.4,0.8,0.2,-1.0,-2.1,-1.8,-3.1,-1.0,-2.9,-4.2,-3.5,-3.1,1.2,1.6,-2.0,-1.5,-3.0,-6.4,-6.8,-2.6,-1.5,-0.4,-0.4,1.3,0.8,1.0,-0.6,1.0,1.2,1.8,-1.1,1.4,0.9,-0.1,0.7,-1.7,-1.1,-2.1,-2.9,-0.2,-0.8,-3.7,-2.8,-3.9,-3.3,-0.2,-2.6,-1.3,-0.7,-0.5,-0.4,-0.2,-2.6,-0.3,-1.1,-1.7,-1.9,-2.2,-7.9,-1.4,-1.7,-0.7,-1.3,-3.7,1.4,2.5,0.1,-4.3,-0.4,0.7,-0.4,-2.7,-0.7,-1.0,-0.3,-1.1,10.9,-0.6,0.0,-1.7,-0.8,-3.5,-0.8,-2.2,-0.0,-1.7,-1.6,-1.3,-3.4,-3.4,-2.1,-2.2,-1.4,-2.4,0.8,-2.1,-2.9,-2.9,-9.5,0.4,-4.2,-3.3,-3.0,-0.6,-10.2,0.0,-1.3,1.2,-0.6,-0.8,-0.7,-2.5,-7.7,-1.6,-3.0,-4.4,-0.7,-3.0,-1.9,-1.8,-4.2,-2.7,-1.1,-3.7,-3.7,0.1,-3.7,-1.9,-1.1,-1.3,0.1,-2.4,-2.6,-2.9
2C7L51FIfs,0,48.107563,11.63203,4442587.22,2778454.38,559.4,605.1,281,7428,2.6,0.83,0.39,32.67,348.97,-0.53,-0.103,0.842,-0.8,0.1,-0.13,0.2,1.0,0.2,-0.3,-0.6,-4.6,1.0,-2.2,-1.7,2.7,-1.3,1.3,-0.7,3.7,1.3,4.3,1.6,-1.9,-2.8,-1.5,-2.7,0.4,-5.2,-5.1,-4.2,1.6,-0.5,-3.1,-5.2,-1.8,-0.2,5.3,-1.6,-0.2,-7.1,-6.5,-5.0,-5.5,-5.3,-1.9,-0.7,-1.0,2.2,1.1,3.0,1.1,-1.7,-2.5,-0.3,-1.4,6.8,-3.3,-3.3,-0.7,-0.3,-0.2,-2.6,-2.2,-1.9,0.4,-5.6,-2.2,-2.1,-2.0,-1.8,-2.9,-5.3,-5.7,6.2,4.3,-1.2,1.5,-2.7,-2.3,-2.5,-4.1,-4.6,-4.9,-2.8,-5.2,-4.7,-4.7,-6.3,-1.5,-1.8,-5.6,-4.0,-1.9,-3.7,-4.3,-1.7,-0.8,-3.7,-5.7,-2.1,-0.8,-1.1,-2.1,-5.3,-5.2,-3.6,-0.1,-5.4,-0.9,-3.1,-2.8,0.7,-0.2,3.2,1.8,-1.2,-1.3,-1.0,-0.8,0.0,-1.8,-1.9,-0.8,-0.1,2.2,1.3,-2.1,-2.7,0.1,0.1,0.4,-3.9,-2.7,-3.3,-3.9,-2.0,-2.6,-3.6,-4.2,1.3,-4.2,9.8,-4.2,-4.0,-6.4,-3.7,-3.1,-0.3,0.9,3.0,-3.7,-1.9,-4.7,-5.2,-4.3,-9.5,-0.5,-1.6,-3.3,-6.6,-5.6,-2.0,-4.6,-1.2,-2.1,-5.3,-5.2,-7.6,-2.0,-3.6,-5.0,-2.7,-5.4,-5.3,-0.9,-2.4,-1.1,0.0,-2.0,-2.0,-5.2,-0.7,-0.7,-0.3,-1.4,-4.5,-4.6,-5.9,-5.0,-11.6,-4.2,-6.9,-3.9,-6.8,-1.4,-3.5,-5.2,-4.3,-7.3,-7.1,-3.4,-4.8,-2.9,-2.4,-4.1,-5.7,-7.4,-1.2,-4.8,-6.6,-5.9,-6.6,-6.8,0.4,-3.2,-3.6,-6.1
2C7L51FIhf,0,48.108308,11.637831,4443017.59,2778546.74,535.6,581.3,281,7539,3.8,0.71,0.46,32.7,348.97,-0.53,-0.103,0.842,-1.1,0.2,0.24,0.29,1.0,0.2,-0.3,2.0,-8.1,0.9,1.8,-2.8,0.6,1.7,0.7,0.7,1.3,0.3,-1.0,-2.9,0.4,3.9,-0.7,0.4,-0.0,-4.8,-0.1,-1.1,4.4,-2.1,2.1,1.4,4.0,0.8,5.0,12.2,-1.8,2.0,-6.7,3.7,0.8,14.1,2.5,7.9,2.1,7.6,8.1,2.6,3.6,1.5,-1.9,-4.8,0.0,1.7,1.2,2.8,0.7,2.3,-3.7,-0.6,-1.5,-1.7,1.3,-3.1,0.8,-2.8,-0.6,-4.2,-1.7,-0.4,1.9,0.1,-0.7,1.4,-3.5,3.7,3.9,1.5,2.1,1.1,2.0,3.6,2.5,1.0,11.8,2.1,2.7,-2.0,-0.9,-0.7,1.7,0.9,2.6,-0.9,1.7,1.1,-4.6,-0.4,-7.6,0.1,-0.2,-2.9,-2.0,3.8,-2.7,2.6,-0.1,-1.0,-2.7,-2.1,0.6,-1.0,1.4,3.2,-0.6,-1.9,-2.7,-0.1,-4.4,-5.0,-9.0,-4.3,0.4,-9.5,-6.0,2.9,-3.0,-13.0,-6.9,2.7,-2.3,-1.0,1.0,3.0,0.1,-5.0,-0.3,0.8,-6.2,2.5,9.1,-9.3,-3.9,-3.2,1.0,1.9,-1.2,-4.1,-5.4,3.0,11.1,3.2,-7.9,-3.0,0.8,-0.4,-3.4,-4.2,-0.5,-6.0,-1.6,-0.3,-2.7,-1.8,-1.5,-3.6,-2.9,-1.5,-3.9,-9.3,-7.6,-6.4,0.7,-6.4,0.1,-3.3,-2.3,-1.2,-5.7,-3.9,-3.9,5.7,3.1,-11.5,-3.2,-9.1,-2.8,-4.2,-6.9,-8.0,0.1,-4.4,0.6,-1.7,-2.7,-4.3,7.0,-8.5,-0.9,-5.8,-10.5,-2.1,6.9,1.0,-3.6,-2.7,-5.5,-1.5,-6.7,-7.4,-5.5,-3.4,-2.3,-0.6,-2.2
2C7L51FIhh,0,48.108316,11.637896,4443022.4,2778547.78,533.0,578.6,281,7541,3.0,0.81,0.45,32.7,348.97,-0.53,-0.103,0.842,-0.5,0.1,-0.2,0.23,0.3,0.2,-0.3,-2.1,-1.8,2.8,1.7,-1.3,-2.7,1.7,0.6,1.3,1.4,1.9,-1.5,0.5,1.1,-0.8,1.7,0.6,-0.2,-2.1,0.4,1.0,-0.9,2.9,0.4,-0.5,4.6,-0.6,-1.3,-0.6,-5.4,-2.3,-4.0,-3.0,-0.2,3.1,1.4,2.5,-1.3,-0.1,6.5,3.0,-4.4,-0.9,-4.7,-1.3,0.4,-2.3,-1.0,-8.0,-5.8,-1.5,-3.0,-2.6,-5.4,-1.2,-1.7,-0.2,0.3,-1.0,-4.1,-2.1,-1.8,-12.5,-4.8,4.4,0.7,-1.8,-3.0,-2.9,-1.0,-1.0,0.5,-1.2,-1.5,2.5,1.1,2.4,-0.4,0.2,-3.6,-4.7,-3.8,-3.4,-4.3,-7.6,0.4,-1.2,-3.2,-0.8,-1.6,-1.3,10.1,1.6,-4.5,-13.5,6.3,-0.0,-1.3,0.4,-2.2,-3.0,-0.4,3.1,0.8,2.6,-1.7,-1.5,2.9,-0.8,-2.3,0.7,-2.2,0.6,2.5,-0.9,-0.4,-1.1,1.4,0.1,-3.0,-4.8,-0.5,-2.1,1.0,-0.7,2.4,1.2,0.4,-0.0,-5.7,-2.2,0.1,0.1,-0.4,-2.2,-3.6,-1.2,-1.7,0.7,-1.5,-2.5,-3.7,-0.4,-1.3,1.7,2.8,-0.8,2.1,1.1,3.7,-3.6,3.0,1.5,-0.3,1.7,-1.2,0.2,-1.1,-7.9,-0.9,1.2,-11.9,-3.4,-9.3,-8.1,0.9,-1.7,-1.5,-3.2,-6.0,-5.6,-2.0,-1.0,-1.7,-4.1,-3.3,-1.0,1.1,-8.0,0.6,-2.6,-5.4,-0.9,-2.7,-6.9,-0.7,-4.3,-1.8,-2.6,-3.6,-3.0,-0.9,0.1,-1.7,-1.8,-1.5,-1.7,-5.2,-2.8,-1.9,-6.4,-5.8,2.3,-4.0,-5.3,-0.4,-5.5,-2.9
2C7L51FIds,0,48.106627,11.624594,4442035.58,2778338.16,541.8,587.5,281,7304,2.8,0.79,0.48,32.64,348.97,-0.529,-0.103,0.842,1.5,0.2,-0.48,0.24,0.7,0.2,-0.3,-1.8,-1.9,-1.9,-2.4,-1.6,-1.3,-1.7,-1.4,0.1,-2.5,1.2,2.6,0.9,0.6,-0.2,-0.1,-0.4,0.4,-0.8,-1.4,0.4,-0.8,-1.9,-2.2,0.9,0.7,-0.0,0.6,-3.5,-5.3,10.0,-6.0,-6.2,-4.6,-4.2,-4.9,-1.3,-0.9,1.5,-0.4,1.4,-1.6,0.8,-1.3,-0.6,-1.1,2.0,-4.3,-1.9,-0.7,-0.7,-0.3,0.6,-0.1,-0.5,-0.1,-1.1,-1.6,-2.1,-2.4,-2.7,-1.3,2.5,-2.5,-1.2,-1.5,-2.5,0.7,-2.6,-1.6,-0.9,-2.0,-2.1,-1.3,-0.3,0.2,0.4,0.6,-1.3,-0.9,-1.2,-1.3,-0.6,-0.5,-1.8,-1.7,-0.9,-0.6,-1.7,-3.4,-1.9,-3.9,-4.5,-2.5,-3.2,-1.1,-1.2,-2.4,-2.3,-0.4,-1.3,-0.1,-0.7,-0.7,-1.5,-1.0,-1.3,-0.4,-0.6,-0.1,-0.9,-0.8,-1.0,-1.2,-0.6,-0.1,0.8,-4.0,-4.1,-1.5,-9.3,-3.1,-4.6,-1.5,0.6,2.3,5.9,7.1,3.1,7.3,4.8,8.4,6.3,4.4,4.2,3.5,8.8,4.5,6.4,9.2,5.6,6.3,3.0,9.4,6.4,10.4,5.0,13.1,12.5,9.7,3.3,-2.3,5.8,-0.0,4.8,5.4,3.8,4.2,4.8,4.1,3.5,9.6,6.9,7.9,2.8,8.2,7.7,7.0,7.6,8.3,6.6,5.7,-2.7,4.4,1.6,9.0,5.5,2.7,-3.7,1.6,1.1,-0.4,1.1,-1.0,1.9,2.7,3.4,4.3,3.1,2.8,3.6,3.8,3.6,3.2,2.7,3.9,4.0,3.8,2.8,4.3,2.4,3.1,4.0,3.2,5.2,2.6,1.3,1.7
2C7L51FIeB,0,48.106741,11.625477,4442101.12,2778352.24,531.2,576.9,281,7323,1.7,0.93,0.23,32.64,348.97,-0.529,-0.103,0.842,-0.7,0.1,-0.27,0.13,0.7,0.1,-0.3,-1.3,-1.6,-1.5,-0.4,-0.6,0.3,-0.4,0.0,-0.1,2.0,0.4,1.3,-1.0,-0.8,-0.6,-0.5,-0.0,-0.2,-0.8,-2.7,-2.9,-0.2,1.3,0.4,2.3,2.3,2.5,0.5,-2.5,-4.1,-13.3,-5.0,-3.3,-4.3,-3.2,-2.8,0.1,-1.4,2.2,-0.6,0.7,-0.5,-1.1,-0.4,-2.4,-1.6,0.0,-2.7,-0.4,-0.5,1.2,-2.7,-0.5,-1.0,-1.2,-0.5,-0.4,0.1,-0.7,-1.1,-0.1,0.3,1.3,0.0,-0.4,-0.6,-0.6,-1.5,-1.5,-0.0,-1.5,-0.8,-3.7,0.4,0.2,-0.9,-0.4,-2.2,-2.6,-1.3,-0.5,0.1,-1.6,-3.3,-2.1,-2.8,-1.5,-1.2,-1.3,-4.1,-2.7,-3.6,-5.2,-2.7,-2.6,0.1,-2.2,-0.7,0.9,2.3,-2.5,-0.9,-1.9,0.6,-0.8,-0.9,-0.7,-1.3,-0.4,-1.5,-1.1,-1.3,-2.5,-2.0,-0.4,-1.6,-4.6,-1.8,-2.8,-0.5,-3.3,-2.8,-0.7,-1.9,-0.1,-0.9,-3.2,-0.9,-2.0,-2.7,-3.4,-2.0,0.2,-2.2,-4.1,-3.3,-3.0,-5.8,0.4,0.9,-0.5,-1.7,-2.1,-2.6,-1.0,-1.3,-0.3,-1.0,-0.3,-0.1,-1.9,-1.0,-1.7,-3.1,-1.2,-1.2,-2.6,-1.5,-3.4,-3.9,-2.9,-0.5,-2.0,-3.4,-4.9,-0.5,-3.6,-2.8,-1.4,-4.1,-3.9,-4.4,-4.4,-0.3,-3.7,-2.5,-0.9,-3.4,-3.5,-5.0,-3.4,-3.1,-3.8,-4.8,-2.5,-3.3,-4.5,-2.9,-4.1,-4.3,-4.1,-3.9,-7.6,-9.4,-8.5,-3.5,-4.4,-3.2,-6.2,-2.5,-3.2,-2.2,-3.0,-3.8,-1.9,-4.7,-2.2,-4.3
2C7L51FIeY,0,48.106915,11.626834,4442201.77,2778373.82,534.7,580.4,281,7346,4.1,0.67,0.52,32.65,348.97,-0.53,-0.103,0.842,-0.9,0.2,0.62,0.31,0.4,0.3,-0.3,-2.9,-2.1,0.3,-1.0,1.0,-3.3,-0.4,-2.0,9.3,-3.0,1.5,-3.1,2.6,1.6,1.6,-4.2,2.4,2.9,3.0,-6.3,6.2,-12.6,-6.1,-14.3,-4.5,0.9,0.7,3.0,7.8,7.6,-11.7,-6.2,2.3,-11.9,-9.0,9.9,-11.6,-3.4,1.7,-4.8,-4.3,-3.8,-7.8,-2.8,5.0,0.5,-3.0,-3.4,-8.7,2.8,-5.4,-9.3,-6.3,-3.5,-6.6,-9.5,-4.9,-3.5,-1.2,-2.6,-6.4,-1.4,-5.0,-4.4,-0.9,-4.7,-5.5,-5.1,-1.7,-6.5,-5.1,-5.0,-5.1,-2.9,-4.3,-0.1,6.4,2.1,-6.1,-6.0,-3.6,-4.4,-8.6,-6.0,-6.7,-12.8,0.7,-2.2,-5.8,-4.0,6.1,-9.9,-6.9,-8.6,-3.1,7.4,-4.2,-7.5,-4.0,-4.5,-2.6,-5.8,-8.2,-3.8,-3.9,-7.3,-5.1,-6.6,-3.8,-4.3,-3.2,-3.1,-5.5,-4.0,-1.6,-3.9,-8.0,-3.6,-3.3,-2.6,-8.0,-2.5,-3.4,-1.3,-1.7,-1.6,-6.5,-8.6,-6.6,-7.7,-8.8,-9.5,-6.0,-12.7,-9.7,-7.5,-2.2,-12.5,-1.9,1.8,-5.7,-4.3,-5.8,-10.1,-1.4,-2.4,-7.8,-2.1,-2.3,-1.3,-6.0,-1.6,-2.9,-5.6,-4.3,-4.8,-6.8,-6.5,-2.7,4.1,-6.5,-6.7,-6.5,-7.4,-9.6,-3.7,-4.7,3.8,-6.6,-2.5,0.3,-4.5,-6.4,-7.5,-9.6,-13.7,-3.7,-7.2,3.8,-8.0,-6.9,-9.5,-6.6,-8.2,-13.4,-4.1,-5.4,-7.7,-1.9,-8.4,-5.5,-8.1,-5.8,-8.5,-9.4,-5.9,-4.4,-8.3,-8.8,-1.2,-5.3,-7.2,-6.5,-6.1,-2.4,-2.5,-4.7,-5.9
2C7L51FIfn,0,48.107549,11.631774,4442568.21,2778452.37,561.1,606.7,281,7423,1.7,0.91,0.27,32.67,348.97,-0.53,-0.103,0.842,-0.7,0.1,-0.4,0.13,0.9,0.1,-0.3,-0.6,2.9,-1.4,2.0,0.5,0.0,-0.5,-1.4,-4.0,0.1,-3.2,-1.2,-0.0,0.5,-0.5,-2.8,-1.1,0.6,-2.0,-0.6,-2.5,3.0,-0.1,0.4,4.3,1.8,0.6,0.8,1.7,1.9,-2.2,-0.2,-2.9,2.0,0.0,3.0,0.1,4.1,3.0,2.7,3.6,0.0,4.7,4.0,4.1,2.1,-0.2,0.7,0.5,2.0,0.5,2.4,2.4,4.2,1.2,1.3,0.1,1.0,3.0,2.2,-0.2,2.5,0.4,1.6,-1.3,-1.9,-0.8,-0.2,1.3,0.3,-0.7,0.6,-0.5,1.2,-0.1,0.7,0.2,2.0,0.5,-0.4,-1.6,0.6,-1.3,-0.6,0.9,-0.9,1.4,3.9,3.1,-0.6,1.1,-2.5,0.5,2.9,0.6,-0.0,1.1,2.8,-0.0,2.9,0.9,2.3,1.3,0.8,6.1,1.9,5.3,-0.3,0.0,-0.3,4.6,3.1,0.5,-0.3,0.3,-1.2,0.1,1.2,1.0,-0.3,-0.5,1.5,-0.1,-1.2,-1.1,0.3,-2.3,-0.5,0.7,-2.3,-1.9,-0.6,2.2,1.6,-1.7,-1.4,-0.1,-0.7,0.8,1.3,-4.0,-3.1,2.2,-0.2,1.2,-0.2,1.0,-2.0,0.2,-1.8,0.2,-0.3,0.2,0.8,-0.3,0.1,-1.4,-1.7,-3.5,-0.6,-2.5,-3.5,-0.1,-3.7,-0.1,-0.8,-0.0,5.1,1.1,0.6,1.3,-2.3,-3.4,-3.9,-4.2,-2.1,-3.7,-3.6,-3.6,-2.3,-2.3,-0.7,-0.0,-0.1,-2.0,-0.4,-4.6,-2.5,-2.0,-6.9,-2.4,0.2,-0.3,-1.9,-2.0,-1.6,0.8,-1.2,-1.3,0.4,-4.0,-2.2,-1.1,-1.9,-0.8,-2.9,-3.7,-4.1
2C7L51FIg1,0,48.1076,11.632169,4442597.52,2778458.69,543.1,588.8,281,7437,2.9,0.82,0.41,32.67,348.97,-0.53,-0.103,0.842,-0.2,0.1,-0.53,0.22,0.5,0.2,-0.3,-0.5,1.7,1.4,2.1,-0.5,-3.5,1.9,-0.5,3.0,0.2,1.1,-1.6,0.8,-0.2,-0.0,0.9,1.7,-1.2,-1.9,0.9,2.3,4.0,-3.9,3.1,2.8,-2.5,2.8,-0.7,3.0,-1.2,-1.9,-1.3,-2.8,1.4,1.3,1.8,2.6,3.4,2.1,1.5,1.6,-1.5,0.3,-4.1,0.6,2.0,-0.6,1.1,1.6,-2.7,3.8,1.3,0.4,3.5,3.5,4.5,3.0,2.5,3.8,-0.9,1.5,1.8,1.0,1.7,0.5,-1.1,-0.2,6.0,-0.2,1.0,-2.6,0.5,0.3,-0.5,3.0,4.1,0.1,3.6,-4.2,2.5,2.3,1.9,-4.1,0.9,4.2,5.1,5.0,2.4,1.4,3.2,-1.0,-0.8,-0.5,2.0,0.7,0.8,1.6,2.2,0.9,4.5,2.1,-0.5,1.3,4.0,3.5,-0.3,-3.3,-3.3,2.5,-6.9,-0.5,1.4,-3.3,1.7,-0.4,0.6,-0.8,6.9,0.3,-2.4,2.4,1.6,4.1,4.2,-0.4,4.3,7.8,0.5,1.2,-2.7,7.3,0.0,5.2,1.4,-5.1,-1.9,-2.4,-0.4,4.0,0.9,3.7,-0.4,-0.5,2.8,1.1,-6.7,-3.3,1.7,-2.6,10.5,6.2,5.9,2.4,-0.6,1.6,1.6,2.7,0.9,-2.9,-2.6,0.2,0.2,0.7,-1.6,-2.2,1.5,2.5,4.8,-1.4,6.1,2.2,-1.1,-6.5,0.5,1.3,-0.7,-1.0,-0.8,-9.2,-0.8,0.5,2.5,2.7,2.8,2.6,1.7,1.0,-3.5,1.0,0.0,13.1,-0.7,-0.6,-1.7,-0.6,-2.3,-4.6,-3.9,8.0,-1.7,-0.8,2.1,-0.5,-2.6,-3.5,-0.6,-2.5,-4.8
2C7L51FIg2,0,48.107622,11.632343,4442610.45,2778461.45,548.8,594.5,281,7438,2.0,0.92,0.26,32.67,348.97,-0.53,-0.103,0.842,-0.7,0.1,-0.23,0.15,0.5,0.1,-0.3,0.5,-0.9,0.7,1.0,-0.3,-2.1,0.5,0.7,0.7,-3.5,1.2,-1.0,0.1,-0.3,-0.4,-0.8,-0.9,-1.9,-2.0,-2.3,-1.5,1.2,-0.4,1.6,1.3,0.1,2.0,-0.0,-0.5,-1.7,-0.3,-2.6,-3.3,-1.1,-1.5,0.9,0.8,2.7,2.9,2.3,1.7,1.2,0.1,1.4,0.6,1.2,1.6,0.6,0.0,1.2,1.2,0.2,0.3,0.4,0.1,-0.0,0.1,-0.2,0.6,-0.1,-1.2,-1.1,0.2,-0.8,-3.1,-0.3,-1.2,3.7,-2.3,-1.5,-1.5,-0.7,-1.5,-0.9,-1.0,0.6,0.4,1.4,-1.1,-0.4,-2.5,-1.8,-1.2,-1.2,-0.3,-0.5,-0.1,-0.4,-0.8,-1.2,-1.0,-3.2,-2.3,-1.9,-2.6,0.5,0.1,0.6,0.4,0.4,-0.2,-0.8,-0.0,1.4,1.5,0.4,0.2,0.4,-1.9,-0.7,-0.9,-1.3,-0.6,-0.7,-0.8,-2.2,-1.9,-0.7,-0.9,-3.0,-0.5,-0.2,-0.2,-0.6,-0.7,-0.6,0.8,-0.6,-0.2,-3.4,-1.1,-0.6,1.0,-0.4,-3.4,-2.2,-1.3,-2.7,2.8,2.2,1.4,-2.5,-0.7,-1.9,-0.2,-1.2,-2.7,-1.4,0.2,1.1,-0.7,-1.3,-1.2,-2.9,-0.6,-0.7,-0.1,-1.4,-2.7,-1.8,-2.2,-5.2,-1.9,-4.1,-2.6,0.7,-0.4,2.6,-1.8,0.0,-1.0,-4.2,-7.1,-2.4,-4.0,-3.9,-2.3,-2.0,-9.4,-3.2,-2.8,-1.4,-0.2,-0.9,-2.5,-2.9,-3.2,-3.0,-2.2,-7.0,-14.5,-2.8,6.4,10.2,-5.3,-4.5,-2.0,-3.0,-3.1,-1.9,-3.3,-3.0,-2.1,-2.5,-3.5,-4.2,-4.8,-4.3
2C7L51FIg3,0,48.107646,11.632534,4442624.62,2778464.48,555.3,601.0,281,7439,3.4,0.76,0.39,32.68,348.97,-0.53,-0.103,0.842,-0.4,0.2,-0.41,0.26,0.5,0.2,-0.3,3.6,-1.8,0.2,1.1,2.4,-2.6,-0.0,3.5,0.8,-5.3,3.8,1.5,0.1,5.2,0.0,-1.3,-1.8,-2.6,-3.4,-4.1,-3.9,-1.2,0.1,-1.7,1.0,-1.3,3.2,-6.3,-3.3,-3.8,2.3,-3.1,-3.8,-1.3,-1.2,0.4,0.4,1.2,4.7,0.9,2.6,12.8,-2.3,4.1,-0.9,1.9,2.6,3.6,1.5,1.6,-0.2,0.2,-0.1,-3.6,-3.8,-0.7,-12.0,0.1,-2.6,0.6,-3.5,-3.1,-3.9,-2.4,-7.7,0.4,0.2,8.4,-2.9,-3.2,5.1,-0.3,0.1,-1.6,2.1,-1.5,-1.0,-1.9,-5.2,0.1,-2.3,-2.3,3.6,0.9,12.2,-1.4,-2.5,-0.8,-2.7,-0.7,0.8,-6.4,-8.8,0.8,0.7,2.3,-3.1,1.8,0.6,0.9,-0.1,-0.7,1.3,2.3,2.6,2.8,-0.1,3.6,-4.6,0.1,-1.1,-0.1,1.9,-0.9,0.4,-4.6,-6.9,-1.7,-3.0,3.2,3.2,2.0,-5.6,-1.8,-1.0,-1.6,-1.9,-1.8,0.1,-2.6,-2.2,-0.6,2.6,0.7,-2.8,-1.4,0.1,-0.3,2.3,2.9,-2.9,1.2,1.0,-1.2,3.4,2.0,-4.5,-0.0,0.1,-2.9,10.3,0.0,-0.1,-2.9,0.0,2.9,1.7,1.9,-1.7,0.3,-0.8,-5.6,-0.5,-2.6,-3.0,6.7,-0.5,3.5,-2.8,0.3,1.2,-4.7,-5.2,-7.4,-7.6,-7.4,2.2,-3.2,2.1,-1.5,-1.7,-0.5,0.1,0.2,-1.7,-3.3,-5.3,-2.9,-3.8,5.0,0.9,-2.1,0.8,5.0,6.3,0.7,-1.4,-3.3,-9.2,-1.8,-12.2,-7.3,-1.4,-1.9,-3.3,-9.3,-0.5,-4.2
2C7L51FIgB,0,48.107693,11.632896,4442651.47,2778470.25,549.8,595.5,281,7447,3.2,0.78,0.45,32.68,348.97,-0.53,-0.103,0.842,-1.0,0.2,0.13,0.24,0.9,0.2,-0.3,-4.8,0.4,0.1,0.5,-1.1,1.6,0.7,-10.6,6.0,0.9,-4.0,1.9,-4.0,0.2,-3.9,-1.1,-2.5,0.0,-14.4,-3.4,-8.3,3.6,-3.5,2.4,-5.3,1.0,-3.1,-1.0,-4.4,-1.7,-4.4,-3.5,-9.2,-1.7,-2.9,-2.1,3.0,8.8,-3.5,-4.1,-5.5,0.4,8.8,-2.7,6.7,-2.7,-1.5,0.3,-4.3,-1.2,-0.1,-1.5,-3.1,-4.8,-6.5,0.8,-2.6,-9.0,-9.1,-1.8,-1.7,-0.5,0.6,-4.5,4.3,-1.5,-3.7,1.1,-0.6,-2.7,0.1,-2.7,-3.6,-3.8,-2.3,-1.1,-3.0,-4.4,-4.1,-5.7,-4.6,-4.4,-4.4,-2.7,-5.5,-4.6,-2.9,-3.5,-2.9,-6.2,-5.2,-5.2,-4.0,-4.5,-8.7,-0.8,-3.8,-4.7,-3.0,-1.8,-5.8,-2.0,-1.4,-3.3,-3.0,-4.6,-7.5,-4.0,-4.8,-9.0,-3.9,-6.1,-7.5,-3.4,-4.4,-1.6,-3.0,-3.5,-1.3,-9.1,-1.7,-7.2,-0.3,-5.1,-4.1,-7.5,-2.0,-4.6,-4.3,-8.0,-4.5,-2.5,-7.4,-5.3,-7.6,-7.3,-4.5,-7.0,-1.2,-1.8,1.3,-4.3,-2.2,-6.2,-8.0,-4.5,0.1,-0.6,0.7,-1.4,0.3,-1.1,-2.0,-1.3,0.3,-2.8,-2.5,-4.0,-4.8,-5.4,-4.0,-8.4,-6.1,-8.2,-5.9,-2.2,-4.6,1.9,-10.2,-7.1,-10.5,-6.5,-6.6,-3.7,-3.1,0.0,-3.6,-2.1,-3.8,-4.4,-3.3,-5.6,-15.3,-6.7,-6.8,-6.1,-8.2,-12.2,-8.3,-7.8,-7.5,-7.4,-6.6,-2.5,-3.0,-10.7,-5.7,-6.6,-6.9,-8.5,-4.5,-8.9,-7.3,-5.3,-4.1,-3.4,-4.9,-1.8
2C7L51FIgI,0,48.107706,11.632996,4442658.89,2778471.87,535.3,581.0,281,7454,4.3,0.65,0.51,32.68,348.97,-0.53,-0.103,0.842,-2.2,0.2,0.52,0.33,1.0,0.3,-0.3,-0.4,-1.8,-0.1,1.9,-5.5,0.5,-3.8,-3.1,-2.9,-10.0,-1.6,5.9,-0.5,0.6,-3.7,-6.1,-6.1,-7.1,-2.1,0.1,-4.7,-17.1,-1.0,10.7,9.6,4.1,-3.6,-2.2,1.5,-16.7,-17.4,3.4,4.3,-6.9,-11.0,2.0,0.7,4.6,5.2,5.6,7.4,-0.6,5.0,-4.3,2.1,-9.6,2.4,-6.5,3.6,2.5,2.3,4.8,-1.3,1.7,-2.2,4.5,9.1,5.0,2.0,5.5,-1.0,-1.7,-2.9,0.6,3.5,2.1,-1.0,-1.8,-0.3,-6.4,6.4,-8.2,2.4,0.5,5.9,-1.6,1.4,-7.2,1.7,2.7,-5.3,-7.3,-3.1,-7.6,-4.0,-6.6,-6.4,-2.7,-5.1,-10.2,-5.3,-6.2,-7.7,-8.6,-7.0,-4.7,-6.3,-6.4,-5.1,-6.1,-8.0,-5.4,-2.2,-6.0,-5.0,-5.1,-5.6,-6.1,-2.4,-6.2,-5.0,-9.1,-9.0,-10.2,-7.7,-7.5,-6.2,-6.6,1.4,-6.1,-9.3,-9.1,-3.6,-7.5,-4.0,-4.2,-2.0,-5.3,-6.9,-6.1,-11.3,-4.2,-7.0,-6.5,-9.9,-20.6,-6.3,-10.2,-4.1,-1.3,-8.0,-8.5,-10.6,-7.2,-5.0,-5.5,-6.4,-9.4,-8.4,-2.9,-5.8,-9.5,-7.8,-7.2,-8.2,-9.9,-7.4,-9.4,-13.2,-7.8,-8.7,-14.4,-3.5,-13.0,-10.6,-8.5,-5.9,-5.1,-6.2,-7.7,-11.4,-6.8,-10.5,-8.1,-4.3,-13.4,-10.9,-9.1,-7.0,-10.3,-8.1,-7.8,-9.0,-10.1,-13.0,-3.3,-3.2,-4.6,-10.5,-9.9,-10.7,-9.3,-10.9,-9.7,-9.5,-11.8,-8.0,-9.3,-7.0,-6.1,-11.3,-7.3,-8.4,-10.2,-9.7,-10.4,-12.4,-10.1
2C7L51FIhm,0,48.108376,11.638218,4443046.24,2778554.96,534.1,579.8,281,7546,3.8,0.73,0.53,32.7,348.97,-0.53,-0.103,0.841,-0.1,0.2,0.49,0.29,0.8,0.3,-0.3,-0.9,-2.0,1.2,-0.0,-0.7,-2.5,1.3,0.4,4.4,-2.7,0.5,-2.0,-1.8,2.1,-5.1,0.6,1.1,-2.1,-4.3,-0.2,3.6,-2.2,-0.6,-1.7,-2.1,-0.3,0.3,0.9,-1.0,-1.8,-6.6,-6.0,-4.3,-10.9,1.7,-2.5,-5.8,-12.7,-8.4,-1.9,4.2,0.0,4.6,4.8,-7.7,-7.7,-1.9,-2.7,-1.9,-4.3,-2.1,-1.4,-3.3,-1.1,-1.2,-3.9,-0.6,-4.6,-4.7,-4.1,-5.7,-3.9,-5.4,-5.0,-5.6,-4.1,-4.5,-6.2,-2.5,-1.3,-6.1,-3.5,-0.3,-3.9,-5.5,-3.8,-7.2,-3.7,-10.7,-2.1,-1.5,-2.3,0.3,-4.0,-0.2,4.0,-2.6,-19.3,-4.7,-6.1,-6.6,-6.1,2.6,-6.0,-1.2,4.2,0.9,-3.3,0.7,-0.3,-0.1,-2.5,-0.7,2.5,3.2,7.8,-5.0,-3.9,1.5,-2.1,-4.5,-2.4,-2.9,-2.8,-4.6,-3.5,0.9,-1.3,-4.1,-0.2,0.9,-1.7,3.6,-0.0,-1.9,0.3,1.2,-0.5,-2.2,-4.5,-3.5,-7.2,-7.3,1.7,-11.3,-16.3,-15.1,-4.7,-2.4,-0.9,-3.9,-4.5,-3.0,-0.6,-3.5,-2.6,-2.6,-2.3,-4.1,-4.3,-4.0,-3.6,-2.5,-0.3,-1.0,-2.5,-3.0,-3.9,0.9,-2.4,-4.4,-6.6,-4.4,-3.1,0.4,-2.5,-0.9,-0.7,1.2,-2.9,-3.3,1.4,-3.6,-0.7,-0.8,-2.1,-0.3,-1.2,2.6,-0.3,1.0,-5.1,-3.9,-7.0,-2.3,-4.4,-3.1,-6.4,6.9,-6.3,-11.5,-9.3,-8.5,-0.5,-3.6,0.5,0.7,6.8,-0.9,-4.4,-3.2,-3.4,-0.3,-2.0,-2.7,-16.8,4.7,6.6
2C7L51FZg9,0,48.106305,11.621948,4441839.27,2778298.13,542.7,588.4,282,7257,2.1,0.9,0.38,32.6,348.93,-0.529,-0.103,0.842,-0.2,0.1,0.02,0.16,1.2,0.1,-0.3,0.5,0.4,0.4,-0.2,1.6,-0.4,1.0,2.4,0.8,-0.5,2.6,-1.6,2.6,1.4,1.2,0.0,0.9,1.4,-0.9,-0.3,0.3,-0.7,-0.8,-1.3,0.3,0.6,2.3,1.3,0.2,-3.9,3.3,-4.2,-4.3,-2.0,-2.5,-2.9,-0.5,1.3,3.0,1.8,1.4,2.7,2.3,-0.4,0.6,-0.6,0.2,-1.3,0.1,0.4,-1.6,0.9,0.8,0.8,0.3,0.1,1.2,1.0,1.1,-0.5,-0.9,0.5,-3.2,0.3,-0.3,-0.9,-0.3,-1.3,0.4,0.4,-2.6,-0.2,-1.9,-0.2,0.2,0.4,1.2,0.4,1.5,-1.6,-2.2,-3.4,-2.1,-2.6,-0.1,0.4,-4.0,1.0,1.0,0.6,0.5,1.1,-0.3,3.9,0.8,3.5,1.1,0.2,0.4,3.3,2.6,1.4,-0.0,0.7,-0.3,0.7,-1.1,0.3,-1.4,-0.4,-1.3,-1.5,-1.1,-1.6,-0.1,-2.1,-2.7,-2.3,-2.9,0.7,-2.1,0.4,-1.9,-0.6,-0.0,-0.4,-0.9,-0.8,-0.6,-1.0,1.7,4.9,-3.4,1.6,0.7,-0.1,3.0,-0.1,2.0,4.1,1.9,0.5,0.2,0.9,-1.5,-1.7,-7.2,-2.5,0.8,-0.2,-5.1,-3.6,0.6,-0.4,-1.1,-1.2,1.3,0.3,0.7,2.9,3.3,1.3,3.2,4.2,2.7,5.9,1.2,0.9,3.8,2.8,0.7,-1.1,2.8,-1.7,-1.6,-4.9,-1.2,-0.8,-15.4,-2.8,-0.7,-2.1,-1.7,-5.4,-1.0,-1.3,2.2,2.3,0.2,0.5,1.0,0.1,-0.4,-0.3,0.8,2.4,1.8,0.7,-2.7,2.6,-5.0,-0.1,-1.2,-2.6,-1.2,-0.5,-3.5,-0.4
2C7L51FZgD,0,48.106333,11.62216,4441854.97,2778301.49,542.2,587.9,282,7261,1.5,0.93,0.27,32.6,348.93,-0.529,-0.103,0.842,-0.6,0.1,-0.15,0.12,1.1,0.1,-0.3,0.5,-0.9,-1.2,0.3,0.6,-1.9,-1.9,-1.7,-2.1,-2.1,1.1,-1.3,-1.6,0.6,0.1,-0.2,-0.6,-0.8,-1.5,-1.8,-0.4,-1.6,-0.4,-1.3,-0.8,0.8,1.1,-0.7,-1.3,-4.7,2.9,-5.8,-5.6,-3.8,-4.3,-5.0,-6.0,-0.8,0.3,-0.4,-0.7,-0.0,-0.4,-0.2,-1.3,-1.6,-0.7,0.1,-0.7,-0.5,-0.3,-0.2,0.2,-0.1,-0.6,-0.1,-0.3,0.4,-0.8,-2.3,-0.7,0.2,2.5,-0.8,1.3,-1.9,-1.1,-2.0,-1.3,-1.0,-1.6,-1.9,-0.0,-0.7,-1.8,-1.5,-0.8,-1.1,-1.1,-4.3,-4.2,-3.1,-1.7,-3.0,-1.3,-2.6,-2.7,-2.9,-3.3,-5.6,-3.8,-4.0,-4.5,-1.4,-4.4,0.6,-0.6,-2.9,-2.7,-0.4,-0.9,-1.0,-2.0,-0.6,-3.5,-1.8,-1.3,-0.5,-1.0,-1.3,-1.4,-0.9,-1.7,-1.2,-3.5,0.5,-4.0,-0.6,-0.3,2.1,1.1,-0.1,-1.0,-2.2,-1.1,-1.4,-1.8,-1.1,-2.8,-2.7,-4.3,-1.5,-5.3,-4.3,-4.2,-3.6,-1.8,-3.6,-0.9,-0.4,-1.6,-2.1,-3.0,-1.7,-2.2,-1.1,-5.7,-2.0,-2.2,0.8,1.0,-1.2,-1.2,-2.3,-2.0,-2.1,-2.8,-2.2,-2.7,-3.2,-2.4,-4.6,-1.7,-3.1,-5.2,-1.4,-1.7,-5.3,-1.5,-2.9,-3.9,-4.9,-5.2,-6.0,-4.4,-2.3,-2.0,-2.2,1.9,-2.4,-2.6,-5.6,-3.3,-4.0,-3.1,-3.7,-4.0,-4.1,-5.0,-5.7,-4.9,-4.5,-4.2,-6.5,-6.0,-6.1,-5.9,-6.7,-2.4,-2.9,0.0,-0.7,-2.7,1.0,-3.0,-2.9,-4.5,-6.1
2C7L51FZgE,0,48.10634,11.622215,4441859.07,2778302.37,542.1,587.8,282,7262,2.7,0.83,0.47,32.6,348.93,-0.529,-0.103,0.842,-0.4,0.1,0.11,0.21,1.0,0.2,-0.3,1.2,1.7,4.0,-0.1,0.3,-5.0,-4.2,-3.1,-4.4,-2.6,-3.6,-5.2,-0.7,6.5,-1.8,-2.8,-4.7,-2.1,-5.0,-4.0,-2.8,-2.7,-1.6,-2.5,-1.0,-1.8,3.0,0.2,-0.8,-5.8,4.4,-8.1,-7.3,-5.7,-7.1,-6.6,-0.3,-3.3,0.7,-4.2,-0.6,1.8,-0.1,-1.3,0.1,-1.6,-3.3,-3.3,-2.8,-0.0,1.2,-2.1,-3.0,0.7,0.0,-3.6,-3.5,-2.9,1.8,-2.2,-1.4,-2.7,1.3,-4.7,-3.8,-6.2,-7.3,-6.6,-5.7,-2.5,-3.5,-0.7,4.4,-4.3,-3.8,-1.0,-3.4,-3.3,-7.3,-4.4,-5.8,-2.8,-4.6,-1.3,-2.6,-5.4,-2.8,-2.8,-4.8,-5.4,-5.7,-1.4,-4.9,-2.2,-7.9,0.8,-0.5,-4.1,-4.0,-5.1,-4.6,-0.0,-4.2,-0.4,-4.4,-0.7,-3.0,-3.6,-5.3,-3.5,-3.1,-3.7,-5.4,-0.3,3.2,-0.9,-3.3,-2.7,-2.4,-0.3,8.1,-4.4,-5.1,-6.4,-3.0,-4.1,-3.6,-3.7,-5.0,-4.4,-9.5,-2.8,-3.3,-6.2,-7.2,-7.4,-1.6,-1.7,-1.4,-3.7,-2.5,-0.5,-2.5,-1.8,-3.7,-2.7,-7.9,-0.4,-1.5,-2.1,0.7,-3.2,-4.6,-5.8,-5.3,-2.0,-3.2,-1.3,-0.9,-2.2,-4.2,-5.5,-2.6,-2.6,-4.5,-2.9,-3.7,-6.2,-1.0,-2.5,-4.3,-4.4,-5.9,-3.1,-5.1,-4.4,5.5,-3.1,-5.2,-2.3,-2.2,5.7,6.8,-3.7,-5.8,-5.7,-2.5,-5.2,-4.6,-4.8,-5.1,-4.8,-5.9,-6.6,-6.7,-5.0,-5.3,-6.7,-2.1,-5.9,-4.9,-3.6,-4.3,-1.3,-7.6,-2.2,-2.7,-5.9
2C7L51FZgF,0,48.106345,11.622259,4441862.36,2778303.08,541.5,587.2,282,7263,3.2,0.76,0.4,32.6,348.93,-0.529,-0.103,0.842,-1.1,0.2,-0.51,0.25,1.4,0.2,-0.3,2.3,0.6,-0.2,0.9,1.1,-3.4,0.1,1.8,-0.9,-2.2,2.2,0.4,-1.5,3.3,-1.9,-1.6,-4.1,-0.6,-6.0,-2.4,-1.1,-3.1,-2.3,-3.8,0.2,-1.0,2.4,-2.7,-0.6,-5.3,6.4,-4.0,-5.5,-3.2,4.4,-4.7,-2.9,-0.5,3.6,3.1,1.9,2.4,-0.9,0.7,-2.8,1.8,3.2,-0.3,-8.9,0.6,3.9,-1.5,0.1,-1.2,-0.6,7.5,1.3,-0.5,1.5,-0.6,1.0,0.0,-3.7,0.4,1.4,-4.0,0.4,-3.1,-2.9,-0.5,-1.8,-0.3,3.5,-8.1,-4.3,-3.1,-0.2,-2.2,2.5,0.5,-0.3,-3.2,-7.1,-1.6,-0.7,-4.9,-0.9,-1.9,-2.7,-4.5,-2.2,-3.9,-4.4,-2.4,0.4,2.3,-1.0,-11.0,-3.2,7.9,7.5,1.5,-6.2,-0.5,-2.5,-2.1,3.7,3.0,13.3,4.1,6.0,-1.5,10.3,-0.1,2.4,-2.6,-0.8,-1.9,-3.6,-2.0,5.4,2.6,8.2,5.8,-4.3,0.1,-6.6,1.1,-1.2,-1.4,-1.1,-2.5,-4.7,-3.6,-3.6,-7.3,-1.5,-0.5,1.4,2.5,-4.7,5.6,-5.1,-4.0,-4.6,0.3,-5.7,-3.5,-1.5,-2.1,-3.9,-0.9,-8.0,-6.5,-1.4,-3.2,-0.6,-2.0,-3.5,-2.1,-4.7,-5.8,-3.7,-4.6,-3.8,-2.4,-2.3,-5.9,-0.5,-4.2,-1.8,-3.7,-3.8,-7.9,-5.1,-1.3,-1.8,-2.7,-13.0,-4.5,-4.5,-2.2,-1.6,-9.4,-6.1,-7.7,-3.4,-3.1,-2.0,-4.8,-5.4,-4.3,-7.7,-7.7,-7.8,-4.8,-5.3,-7.7,-5.7,-6.7,-5.0,-1.1,-3.6,-1.7,0.1,-2.0,-3.1,-3.6
2C7L51FZgt,0,48.106632,11.624489,4442027.79,2778338.57,539.7,585.4,282,7303,4.7,0.56,0.45,32.64,348.97,-0.529,-0.103,0.842,2.6,0.3,-1.07,0.39,0.6,0.3,-0.3,-3.0,-1.1,-3.1,-1.4,-2.7,-7.1,-3.1,-3.3,-0.4,-2.1,-1.6,6.6,0.5,-0.3,-0.2,1.1,0.5,0.7,-0.1,-2.3,0.4,-1.1,-1.4,-3.0,1.2,1.2,0.8,8.0,-1.5,-3.6,-10.0,-4.5,-6.7,0.8,-4.5,-4.3,0.0,-2.3,2.7,-3.3,-0.4,-7.6,-3.2,0.8,-3.2,-0.1,12.9,-10.3,0.3,-3.3,-0.2,-1.9,-0.2,-2.9,-2.3,3.5,15.1,-2.1,-3.4,-6.6,-1.1,-4.4,12.6,-2.2,5.7,0.4,-4.6,-0.8,-2.7,-1.2,6.9,-2.3,-9.2,-1.8,1.7,-0.3,0.2,0.4,-2.3,-0.5,1.4,-1.3,-0.6,-2.1,-1.5,-3.8,-0.5,-2.3,-0.8,-1.9,-2.4,-1.6,15.4,-0.1,-1.1,-0.3,-1.4,-0.8,-0.1,0.3,-1.3,-0.5,-1.1,1.6,-0.7,-0.6,0.3,-2.2,0.5,-2.3,-2.9,-0.0,-1.6,-0.9,-2.3,-8.3,-4.0,-5.5,-6.7,-2.8,18.2,-2.7,-5.9,-0.9,19.1,4.3,10.1,8.4,3.2,8.1,5.2,11.7,11.0,15.4,8.3,10.3,17.8,11.0,10.8,12.2,4.8,11.2,10.9,11.0,8.9,14.2,9.9,21.8,13.7,11.7,0.6,-1.5,7.5,-0.2,5.6,5.4,10.9,5.0,6.9,4.4,15.7,15.6,12.1,10.7,3.3,11.8,8.0,11.9,13.6,11.0,9.3,9.3,9.8,7.3,18.9,7.8,6.5,14.1,13.1,13.5,11.1,8.9,2.6,6.4,1.9,2.7,9.2,5.4,8.3,5.9,2.5,5.6,5.3,6.0,4.9,4.4,5.7,5.7,8.3,6.7,7.6,8.9,4.0,3.4,12.2,3.4,1.2,4.4
2C7L51FZhJ,0,48.106825,11.625989,4442139.01,2778362.42,540.6,586.3,282,7329,3.5,0.75,0.42,32.65,348.97,-0.529,-0.103,0.842,-0.7,0.2,0.27,0.27,0.5,0.2,-0.3,1.5,-0.2,2.4,2.4,0.7,-0.7,0.5,-0.4,-0.6,-3.4,0.1,-0.9,0.6,-1.9,-0.2,-0.2,-1.4,0.9,-1.6,-0.6,-4.4,0.9,-6.5,-0.0,-8.8,9.6,-1.5,2.1,-2.5,-6.9,-14.4,-3.7,2.0,-2.0,-2.7,-1.0,0.8,1.1,-2.1,0.5,-3.1,-6.1,2.8,3.1,1.3,-2.9,-5.7,-3.8,-2.4,-3.1,-1.1,-2.6,-2.4,-3.8,-2.0,-3.1,-4.5,-2.2,-3.2,-3.7,-4.1,-3.3,2.6,-4.1,-1.1,-2.4,-3.2,-4.9,-4.1,-5.5,-5.9,-4.0,-4.1,-3.9,-1.0,-2.4,-0.9,-2.2,-3.0,-3.8,-4.5,-6.3,-3.9,-7.7,-6.9,-2.2,2.6,2.7,-3.0,-5.5,-4.2,4.6,-0.2,-5.3,-12.1,3.5,-1.9,-4.7,-2.4,-2.4,-4.5,-4.4,-1.1,-6.3,-3.3,-3.4,-2.2,-3.8,-3.7,-6.4,-4.4,-9.2,-7.8,-7.9,-7.6,-5.6,-7.1,-5.0,-5.2,-4.2,-3.1,-5.7,-2.6,-3.7,-0.0,2.3,-6.9,-5.8,2.6,-0.2,-2.3,-6.3,-7.0,-2.9,-1.0,-5.5,-3.0,-5.4,-0.4,3.3,-1.4,-3.4,-2.3,-5.7,-0.4,-3.3,8.9,-1.5,-3.8,-2.8,0.2,0.7,-3.5,-5.2,-3.5,-5.7,-6.6,-2.5,-5.4,-1.7,0.0,-1.1,-4.9,-4.6,-6.5,-3.1,-4.9,-5.3,-1.4,-4.9,-10.7,-7.7,-6.6,-2.3,-7.4,-6.0,-3.9,-3.1,-1.0,-5.6,-8.1,-6.0,-4.7,-8.0,-3.3,-1.2,10.8,-3.3,3.3,-4.1,-5.7,-7.7,-4.5,-3.0,-13.0,7.8,-14.0,-13.4,-13.7,-5.5,-7.8,-10.8,-5.3,-3.2,-0.7,-4.1,-1.3,-2.5
2C7L51FZhK,0,48.106821,11.625964,4442137.19,2778362.04,536.6,582.3,282,7330,4.2,0.66,0.51,32.65,348.97,-0.529,-0.103,0.842,-1.1,0.2,-0.29,0.32,0.4,0.3,-0.3,-1.1,-2.6,-9.1,-11.0,9.5,2.7,-13.9,2.0,3.5,0.9,2.5,1.8,1.7,-4.7,0.5,4.0,-1.3,-5.0,8.2,-11.4,1.2,1.7,-1.7,4.9,-2.6,-0.9,-0.1,-1.6,-5.9,-6.7,-10.0,-0.0,1.7,-2.3,-1.1,1.8,5.4,5.3,1.6,-2.1,-0.6,1.5,0.7,2.4,-4.5,-1.7,-3.6,-2.7,-2.4,-2.7,-2.5,-2.7,0.7,0.7,-4.1,-3.7,-2.1,3.1,-0.1,-1.6,-3.2,-2.8,-3.3,-4.5,-0.3,-4.4,-5.4,-6.6,-5.0,-5.3,-4.4,5.1,-3.4,-3.7,2.5,-1.1,-1.4,-4.7,-5.8,-3.4,-3.7,-4.9,-2.1,-3.2,-7.2,-2.2,4.8,-2.2,-3.9,-2.9,-5.8,-11.0,-1.4,-5.6,-6.2,-6.7,-2.2,-5.4,1.2,-2.7,-3.6,-2.0,5.5,-4.2,-0.3,-1.2,1.4,-1.0,0.1,-4.8,-1.0,-3.1,-3.7,-4.6,-3.1,-1.3,-2.4,-2.7,-6.3,-7.1,2.2,-2.4,-2.2,-4.8,-4.6,6.5,-6.3,-8.8,0.9,-0.0,-1.8,-1.7,-5.6,-4.3,-5.4,-12.2,-4.9,-12.1,-3.1,5.8,2.3,7.7,-3.3,-1.6,-1.7,4.4,-13.5,0.9,-16.9,6.3,4.0,-17.7,2.4,-1.8,0.9,-4.8,-6.8,-2.7,-5.7,-3.4,2.7,-0.5,-1.8,-4.8,-6.3,-1.7,-5.6,-4.8,-1.5,-0.7,-10.4,-7.6,-4.5,-4.1,-4.4,-6.1,-2.2,-0.5,-0.8,-7.6,-5.3,-6.2,-7.5,-5.7,-9.8,3.3,-9.0,-4.0,-4.2,-9.5,-5.8,-10.0,-2.0,-5.4,-12.1,-3.0,-6.5,-7.6,-9.4,-2.4,-4.5,-6.8,-5.2,-6.4,-8.9,-3.1,-8.7,-14.0
2C7L51FZit,0,48.107577,11.631847,4442573.59,2778455.61,553.8,599.5,282,7427,2.8,0.82,0.42,32.67,348.97,-0.53,-0.103,0.842,-1.0,0.1,-0.19,0.21,1.2,0.2,-0.3,0.6,-3.0,-0.3,-1.6,-1.2,0.4,-0.5,1.2,0.2,0.5,0.1,1.8,1.6,-2.4,-0.9,-2.6,-0.6,0.2,-3.2,-2.4,-5.8,-0.1,-1.9,-1.2,-2.5,-1.3,0.4,1.1,0.1,-1.3,-8.9,-9.5,-8.0,-7.3,-7.2,-5.1,-3.0,-4.2,2.3,3.4,3.5,1.2,-2.6,-3.6,-0.7,-1.1,0.7,-0.4,-2.1,1.6,-1.4,-3.4,-2.5,-2.4,2.5,1.2,0.6,0.7,0.4,-3.5,-2.3,-0.6,-7.2,-5.7,12.0,1.9,-3.1,-0.1,-4.6,-0.2,-6.9,-4.5,-2.2,-0.9,-2.2,1.6,-2.3,1.1,2.3,-0.4,-2.5,-8.0,-5.1,-2.1,-4.3,2.2,-4.2,-4.4,-4.6,-4.7,-4.8,-1.0,0.5,-3.2,-3.4,-3.4,0.5,0.1,-2.9,-1.9,-8.1,-3.9,-1.4,-0.6,-0.4,2.2,0.2,-0.4,-1.4,0.2,-0.1,-2.4,0.0,-0.6,0.7,-0.6,0.9,-3.4,-3.8,-0.8,-0.5,-2.9,-1.4,-2.2,-2.1,-14.7,-1.5,-2.5,-8.2,-3.8,-4.6,-6.5,-2.6,-1.5,-3.5,-4.3,-3.8,-4.4,-0.4,-0.6,1.9,-1.0,-3.2,-4.7,-5.6,-5.5,-3.0,-4.3,-4.8,-2.7,-2.0,0.5,-4.5,-5.8,-5.1,-2.9,-4.0,-6.2,-7.3,-8.6,-5.5,-2.6,-1.5,-6.3,-9.3,-0.5,-0.4,-1.7,-6.6,-3.5,-4.7,-4.6,0.7,-1.4,2.2,-3.9,-4.5,-6.0,-2.4,-9.1,-8.3,-7.3,-5.5,-5.3,-8.9,-2.4,-3.3,-11.3,-6.2,-5.3,-6.7,-4.4,-3.8,-2.9,-3.1,-4.1,-6.8,-10.6,-1.4,-3.8,-9.8,-6.8,-4.5,-5.3,-8.4,-2.0,-5.0,-5.8
2C7L51FZhY,0,48.106942,11.626761,4442196.29,2778376.79,537.2,582.9,282,7344,3.8,0.72,0.45,32.65,348.97,-0.53,-0.103,0.842,-0.9,0.2,-0.32,0.29,0.2,0.2,-0.3,3.7,2.3,1.2,-2.6,1.1,1.6,1.7,1.9,2.5,-3.4,2.7,-1.4,1.0,2.3,1.1,2.3,2.7,2.2,2.3,0.9,0.0,2.1,3.6,2.7,6.3,3.3,6.0,-2.2,-3.0,2.9,-13.2,-4.3,-4.3,-0.7,-5.0,0.2,2.6,-0.8,0.8,-0.0,3.6,-0.2,3.3,2.4,0.6,0.2,-2.9,-6.0,4.4,1.8,-7.1,2.0,-0.6,1.8,1.1,4.3,1.3,-0.3,-1.2,-0.2,2.1,2.5,1.8,-0.2,-2.7,-2.5,1.0,5.2,0.6,1.0,-0.6,-0.4,-0.7,1.2,3.1,3.0,3.2,4.3,1.0,-0.4,2.5,0.9,3.1,-1.1,-0.3,-0.3,4.2,2.7,0.6,1.4,0.8,2.6,-0.7,-0.2,0.6,6.2,6.4,-1.1,-0.1,2.9,2.0,4.4,2.2,6.0,3.7,4.3,6.1,4.0,3.3,1.5,4.4,1.4,1.7,-0.9,1.8,4.0,-4.7,5.0,1.0,0.8,0.9,1.4,1.7,1.2,1.6,0.4,-2.6,1.0,-2.5,-1.1,-7.9,-4.0,-7.0,-1.1,-3.1,-7.3,-1.9,-0.9,1.3,7.8,0.5,3.5,5.0,-4.8,-1.9,-2.0,-2.9,-7.9,-4.7,9.4,-2.2,-0.2,-4.5,-4.4,-1.7,-6.3,-1.4,1.7,2.1,4.9,0.3,-6.9,-2.0,2.1,7.1,-1.1,-6.0,-2.5,-0.8,-1.6,-5.4,-2.7,-11.7,-10.1,-8.3,-4.3,-5.3,-4.0,6.9,-3.1,-3.1,-6.1,-5.1,-5.4,-2.1,1.0,1.2,4.7,2.6,1.6,-3.8,-13.0,-5.1,-17.2,-0.4,2.8,-0.8,-3.3,-3.7,4.4,-4.5,-2.6,6.4,8.3,-0.5,-2.9,-3.2,-10.3
2C7L51FZhZ,0,48.106951,11.626827,4442201.15,2778377.83,537.6,583.3,282,7345,2.3,0.87,0.32,32.65,348.97,-0.53,-0.103,0.842,-1.1,0.1,-0.57,0.18,0.4,0.2,-0.3,-1.0,2.7,1.4,0.2,-0.8,-0.2,1.5,2.1,3.9,-3.9,2.6,-1.5,2.8,1.7,1.1,0.7,-0.1,0.2,2.0,0.4,1.3,2.7,-1.9,0.7,2.1,1.5,3.3,-2.1,-1.0,-2.9,-11.7,-4.6,-4.0,-2.0,-4.0,2.3,3.0,0.7,3.0,-0.8,-0.7,-2.5,2.1,0.2,-0.5,-0.2,-2.0,-4.1,-0.1,0.4,-1.5,-0.6,-0.0,0.2,-0.5,0.4,-2.4,-1.9,-2.8,0.1,-0.6,0.5,2.1,1.0,-4.6,-1.5,-0.7,-2.9,-1.0,-0.3,-1.4,-0.9,-3.6,-1.7,-1.0,-1.5,0.5,0.8,-1.8,-0.4,2.4,-0.7,-2.3,-2.8,-0.7,0.9,3.1,-1.5,-0.6,0.3,1.3,-4.4,-3.9,-0.5,-0.1,6.2,2.1,-0.7,2.0,3.6,1.3,2.7,2.4,4.1,1.8,2.2,5.2,1.5,1.0,3.0,1.0,0.0,0.0,-0.4,-0.2,-3.7,-4.6,-0.5,0.2,0.1,-3.3,1.7,0.2,2.5,2.6,3.9,-1.5,0.2,-1.2,-2.6,-1.9,-1.2,-3.3,-2.6,-3.7,-2.9,-2.0,-4.3,1.6,3.6,-0.8,-4.9,-2.6,-2.4,-1.3,-0.8,-3.3,-1.1,-0.8,-1.2,-4.0,0.2,-0.8,-2.2,-1.2,-2.9,-2.3,-3.3,-1.5,-1.6,-2.1,-5.2,-5.5,-6.6,-9.0,-1.8,-4.7,-3.7,-0.3,-3.3,-4.1,-4.2,-6.3,-6.8,-6.2,-6.3,-2.8,-3.4,7.0,-4.9,-4.0,-4.1,-3.2,-4.9,-5.4,-4.5,-5.1,-5.3,-3.4,-5.6,-3.9,-5.4,-3.7,-5.2,-5.2,-3.9,-5.2,-5.5,-7.0,-2.1,-5.4,-4.9,-4.7,-5.5,-3.8,-4.5,-4.3,-4.5
2C7L51FZi4,0,48.107159,11.628448,4442321.43,2778403.64,530.3,576.0,282,7376,1.7,0.92,0.36,32.66,348.97,-0.53,-0.103,0.842,-0.8,0.1,-0.24,0.13,0.5,0.1,-0.3,0.2,-2.2,0.1,-1.8,-0.3,3.5,1.6,0.1,2.1,0.5,-0.3,2.8,0.7,-2.2,-0.5,-1.7,-0.7,-2.1,-1.1,-3.2,-2.8,6.3,1.8,-6.7,0.8,-4.7,2.2,3.2,-0.7,-4.0,-8.0,-2.7,-1.9,-2.4,-1.5,-2.8,2.3,-1.6,4.3,1.2,1.3,-0.5,0.8,0.3,-1.0,0.3,0.3,-1.1,-0.2,-0.4,-0.5,-0.0,0.4,0.8,0.4,-1.6,0.9,-0.2,0.3,1.2,0.6,1.8,-0.7,0.3,0.6,0.1,0.6,1.2,-0.1,0.1,-0.3,0.9,-0.6,0.3,-2.1,-1.5,1.2,-0.3,-0.1,-0.1,0.1,0.2,-1.4,-1.9,-2.1,-2.9,0.3,-1.2,-0.1,-0.5,-0.1,-2.3,-2.9,-4.4,-1.3,1.3,0.2,2.2,0.4,1.7,-0.6,-2.6,-0.7,1.1,-1.8,0.1,-0.1,-0.9,1.8,-0.5,0.2,-0.9,-2.1,-1.5,-1.7,-1.3,-2.8,-1.7,-0.4,-1.8,-1.1,-0.9,0.5,-1.5,-1.5,-2.0,0.1,0.5,-1.1,-0.7,-4.7,-2.8,-0.9,-1.4,-5.0,-1.9,-2.8,-3.9,1.6,-0.7,0.9,-2.0,-1.8,-3.9,-0.5,-2.8,0.8,-1.4,-2.5,-2.7,-1.9,-0.9,-4.1,-4.0,-2.9,-2.1,-1.9,-2.4,-2.4,-2.2,-4.4,-2.3,-5.3,-2.7,-5.3,0.7,-4.0,-0.3,-0.3,-0.7,-5.6,-3.3,-4.7,-1.8,-1.9,-3.0,-3.3,-2.4,-6.1,-4.4,-2.1,-3.6,-5.0,-3.4,-2.7,-2.1,-2.8,-1.5,-0.2,-5.5,-5.2,-3.5,-5.7,-5.6,-5.0,-3.8,-1.7,-3.3,-4.1,-3.7,-2.3,-2.7,-3.9,-3.3,-2.6,-2.8,-4.8,-5.2
2C7L51FZi5,0,48.107171,11.62854,4442328.25,2778405.1,532.0,577.7,282,7377,3.5,0.76,0.47,32.66,348.97,-0.53,-0.103,0.842,-0.9,0.2,-0.67,0.27,0.9,0.2,-0.3,-1.2,0.5,-1.5,1.3,-0.8,-2.1,2.0,0.0,2.3,0.9,0.6,0.1,-3.0,-2.5,-5.0,-4.8,1.2,-5.7,-4.5,-2.1,-2.5,8.1,3.0,-2.3,3.1,3.5,4.3,-1.3,4.8,-2.6,-4.3,-0.6,-0.7,0.3,-2.0,-0.7,2.7,-0.4,8.6,1.8,1.5,0.9,2.6,3.0,-0.1,1.9,-0.5,-1.8,3.0,-0.5,2.0,2.1,2.1,1.4,-0.3,-2.5,0.6,1.0,1.5,1.6,3.5,3.8,1.9,1.8,2.6,0.3,1.8,3.5,0.8,0.6,-0.3,-1.5,-1.1,1.2,-1.8,-0.6,-0.1,1.1,1.9,1.5,2.9,3.7,1.1,-1.7,-0.6,-3.1,-3.0,1.0,2.6,0.8,1.4,0.5,-2.9,-9.8,-0.1,1.1,3.3,8.7,-4.3,3.6,-0.9,-8.0,-0.8,2.0,15.4,2.0,1.1,-0.7,3.4,-1.5,3.4,1.3,-0.2,2.9,1.1,0.3,-3.0,1.3,3.9,-0.4,0.4,0.6,2.5,0.2,-2.1,-4.5,-0.7,0.6,-1.5,-1.9,-4.0,-0.3,-0.0,-0.4,-2.5,-2.0,-2.2,-1.3,2.0,0.4,-0.5,-1.1,0.7,1.1,-0.6,-0.9,-1.0,1.3,0.8,-5.0,1.0,0.1,-2.0,-0.8,-0.1,-1.5,-1.9,-1.3,-1.2,-2.7,-4.2,0.6,-6.9,-2.0,-3.8,0.2,-0.1,0.1,-1.8,9.0,-1.0,-2.4,10.4,-0.6,-3.0,-0.8,-6.6,-8.5,-10.4,-15.7,-13.6,-0.5,-3.0,-1.5,2.3,2.4,0.7,2.5,9.6,-10.7,-6.7,-2.8,-10.8,-8.5,-7.3,-5.0,5.2,-0.0,-0.4,-3.4,-1.7,-0.3,-1.8,-1.8,1.5,-6.8,-8.8,-10.5
2C7L51FZiq,0,48.107585,11.631765,4442567.49,2778456.36,558.4,604.1,282,7424,3.4,0.7,0.44,32.67,348.97,-0.53,-0.103,0.842,-0.4,0.2,-0.2,0.26,2.1,0.2,-0.3,-3.4,-10.0,0.8,8.8,-6.4,2.2,-0.6,-1.9,-1.8,8.1,-2.6,0.3,1.6,-0.9,-1.3,-1.2,-1.5,0.7,-4.4,1.1,-1.9,2.2,-1.2,2.4,5.3,0.2,-3.0,1.0,0.8,-7.3,0.7,0.1,-4.2,1.7,5.7,11.8,6.9,11.3,4.7,6.6,8.5,0.7,6.1,3.5,9.2,6.0,1.4,5.7,7.0,6.5,3.9,6.3,4.3,8.5,3.6,1.4,4.6,2.3,2.3,2.0,3.0,5.0,-1.9,6.2,-0.2,0.7,0.1,5.0,-0.0,0.7,-1.0,-0.6,1.6,1.6,-0.0,2.6,2.2,0.3,-0.2,-0.9,-3.2,3.7,1.5,4.4,2.5,-1.0,-0.9,-2.1,3.4,2.2,1.5,-0.1,1.2,3.5,3.8,3.9,0.1,6.8,7.5,4.6,5.6,1.3,6.1,5.6,9.2,6.5,6.3,5.7,2.9,1.0,6.3,11.2,-9.3,-1.8,1.0,2.0,2.3,6.2,-11.7,-3.8,-0.7,1.7,1.1,0.4,1.5,2.2,-0.9,-0.1,1.2,-1.7,3.0,3.2,7.8,2.0,-0.8,0.4,1.6,-0.3,3.2,6.1,-1.6,-0.7,6.5,-1.6,1.1,1.0,-2.4,2.4,2.2,3.9,-6.9,-0.6,-1.4,-2.7,-0.6,4.8,-3.2,1.3,2.1,-1.9,-1.5,-1.9,-0.6,4.0,7.2,3.8,6.2,7.8,1.8,2.8,2.2,1.4,1.3,-1.7,-3.7,2.0,-1.4,-2.1,-13.1,0.5,-2.5,1.8,3.8,3.1,2.2,0.8,-1.2,-6.2,3.0,-2.4,-1.8,-1.0,3.7,3.1,3.9,0.6,6.0,-2.4,-1.2,6.6,2.3,3.2,3.7,-0.7,3.7,-4.9,2.2,2.8
2C7L51FZjB,0,48.107745,11.633014,4442660.08,2778476.22,560.6,606.3,282,7445,3.3,0.75,0.42,32.68,348.97,-0.53,-0.103,0.842,-1.0,0.2,-0.43,0.25,1.6,0.2,-0.3,-2.1,-1.6,-0.2,-1.6,-1.0,-3.8,-1.7,-1.6,-2.4,2.0,-2.5,4.6,-2.1,2.5,-3.8,-3.6,6.0,-4.4,-0.8,-5.0,-5.2,-1.3,-7.8,-3.3,-1.5,0.1,1.7,-0.6,-3.1,-4.3,-0.4,-4.5,-10.8,-5.0,-5.2,-2.1,-3.7,1.1,-2.2,0.9,-0.0,-4.1,-3.4,-0.0,-3.6,-4.0,-1.2,0.6,-3.5,3.6,0.0,3.5,0.5,4.8,13.2,-0.6,-0.2,1.1,6.5,1.5,-1.1,2.8,-0.1,-5.9,-5.6,-6.8,-1.0,2.5,-0.9,-3.9,-2.1,1.1,-1.2,-4.2,-2.1,-5.6,-8.5,-5.9,-11.2,-5.5,0.8,-11.3,-3.2,-7.4,-2.8,-13.3,-0.5,-2.3,-3.4,-4.2,-5.5,-2.8,-5.8,-3.3,-2.0,-0.8,-1.8,-2.2,-0.6,5.6,6.0,-2.2,-3.2,-0.4,4.7,-1.3,-0.2,-9.4,-1.8,0.2,1.1,2.3,5.0,-0.6,3.0,0.9,-4.4,0.4,0.4,-1.1,-0.3,-1.6,-3.2,-2.1,-4.3,-3.6,-0.8,1.5,-2.0,-10.1,-5.2,-3.6,-1.7,-1.2,-7.4,-6.9,-8.6,-4.4,-0.6,0.1,-7.1,-0.9,-4.6,-2.4,-2.7,-2.9,-0.8,-4.1,-2.2,-6.1,-0.7,-1.4,-2.4,-4.9,-5.7,-3.5,-3.5,-0.1,-4.3,-3.9,-4.0,-5.7,-3.2,-6.2,-1.1,-2.4,-3.7,5.2,-1.2,-3.9,0.3,-3.1,-9.0,-8.4,-8.4,-8.6,-6.7,-6.4,-12.5,-3.3,-5.5,0.9,-2.7,-4.3,-5.5,-7.8,-3.7,-3.1,-7.6,-5.9,-6.3,-8.8,-9.3,-2.3,-10.8,-8.2,-4.1,-1.8,-8.3,-2.1,-5.6,-8.6,-8.3,-4.5,-6.7,-3.3,-6.8,-3.2
2C7L51FZkK,0,48.108258,11.637008,4442956.41,2778539.78,558.5,604.2,282,7516,3.5,0.74,0.41,32.69,348.97,-0.53,-0.103,0.842,-0.1,0.2,-0.33,0.27,0.8,0.2,-0.3,-3.2,0.3,1.5,-0.3,1.9,4.4,-2.0,0.8,-0.1,-2.4,0.8,0.2,-3.1,-0.5,-1.3,-1.4,-5.2,-2.6,-1.6,-0.5,-1.3,-0.5,3.8,-0.2,-1.6,-4.5,3.1,-3.1,0.0,-1.1,3.1,-6.8,-4.5,-5.9,4.2,-2.4,-1.5,-6.9,5.7,-0.8,0.6,-2.5,-3.1,-4.6,-0.6,-3.9,4.9,-3.0,-1.3,-0.8,-10.5,-0.6,-1.1,0.4,0.1,-2.5,-2.1,0.0,-3.0,-1.7,-0.8,-0.0,-2.0,0.9,-9.6,-3.3,0.3,4.4,3.0,0.1,-0.9,-2.5,-7.4,-0.7,-5.0,-2.9,-3.4,-1.8,-4.1,-3.3,-1.1,-3.6,-1.9,-1.9,-0.7,-7.3,3.4,-0.9,-0.3,-3.2,0.1,-13.2,-3.5,-4.3,-6.7,1.3,0.3,0.7,0.8,3.3,-3.1,2.4,-9.0,-0.5,7.3,5.0,4.2,4.2,-1.0,0.4,12.9,-0.4,-0.6,0.2,-0.4,0.4,-2.5,0.5,3.9,-0.2,-5.3,-0.2,-1.3,-0.9,-0.3,-1.0,-0.4,-1.9,1.8,-3.7,-6.2,6.0,-3.0,1.5,-2.4,-2.3,1.2,-1.2,2.3,-1.2,-6.1,-0.9,-1.7,1.4,6.7,3.9,-2.1,1.7,3.0,3.2,1.3,4.5,1.6,-3.0,3.0,0.7,-7.5,4.0,3.0,-0.5,-4.8,-10.3,-0.1,-3.7,-5.3,3.1,-2.9,5.0,0.5,-1.6,-2.0,-0.8,2.3,-11.9,-7.2,2.0,-1.3,1.0,-10.1,-1.0,-1.9,1.0,4.1,-1.1,-3.3,-4.6,-0.2,-3.1,-3.8,-2.0,-3.2,-0.7,-3.2,2.0,4.1,4.4,-7.9,-3.6,0.9,-1.2,-6.3,-3.6,-0.5,-2.2,3.1,0.6,-2.6,-4.2
2C7L51FZg2,0,48.106272,11.621401,4441798.57,2778293.55,537.2,582.9,282,7250,3.1,0.81,0.41,32.6,348.93,-0.529,-0.103,0.842,-0.8,0.2,-0.91,0.24,0.8,0.2,-0.3,2.9,1.5,-5.6,4.0,5.2,5.1,2.4,-13.4,-9.3,4.1,-0.3,3.9,-4.6,4.1,-2.7,-0.3,-0.7,0.7,-9.0,3.7,3.8,3.1,3.4,-1.2,2.2,1.9,2.5,4.3,-0.9,0.7,-16.0,-4.1,-11.2,6.8,0.5,-0.5,-1.7,0.1,1.2,4.2,1.9,3.6,1.2,1.7,-2.4,1.4,4.0,2.4,1.9,3.1,4.8,0.5,3.2,-0.9,1.6,0.8,2.8,-0.8,-0.3,-0.3,2.6,0.9,3.2,2.8,3.7,2.6,1.3,2.9,3.9,1.9,0.8,4.1,4.9,3.1,3.5,0.5,1.2,-0.4,1.2,1.4,-1.2,3.6,1.8,-1.5,1.3,-1.2,3.0,-3.7,-0.8,-2.9,1.6,-2.0,2.8,2.4,-0.8,2.9,1.1,0.1,1.5,1.2,1.6,0.7,6.0,2.9,0.9,5.0,9.0,5.7,3.3,1.2,0.6,-1.3,-5.8,1.6,-1.4,4.0,-0.0,0.1,3.3,2.5,4.7,-0.8,0.8,2.5,1.1,0.9,1.5,-1.1,1.5,-0.3,-3.8,0.3,2.1,-3.6,-1.2,5.6,0.0,0.1,-1.7,3.8,1.8,2.9,-0.7,0.3,-4.0,0.7,2.7,0.2,-0.3,0.4,0.3,3.0,-0.5,-0.9,-0.3,-4.1,0.8,-2.5,1.8,-0.3,-1.6,-6.1,-2.3,-2.0,-5.8,2.2,-1.0,-2.3,0.5,-1.7,-1.0,-5.1,2.1,-1.0,1.1,-0.9,-2.9,-0.5,-7.0,0.0,-1.7,-3.8,-0.4,-2.9,-2.0,-0.7,-1.3,-0.5,-5.7,-0.7,-2.6,-3.3,-6.5,-2.7,-5.4,-3.7,-4.5,-6.6,0.7,-2.5,1.2,-3.8,0.2,-9.8,2.1,-1.9,-1.6,-3.3
2C7L51FZg8,0,48.106322,11.62179,4441827.43,2778299.73,538.3,584.0,282,7256,3.9,0.69,0.61,32.6,348.93,-0.529,-0.103,0.842,0.2,0.2,-0.83,0.3,1.0,0.3,-0.3,1.2,5.0,-3.0,4.0,14.5,-11.4,1.3,1.6,0.5,-2.0,0.5,12.6,6.0,1.9,-0.6,-0.8,1.2,1.6,7.8,-6.1,-3.2,-1.1,-0.3,-4.3,-4.2,2.1,1.5,-7.1,0.9,-0.2,-2.6,1.5,7.3,6.8,1.8,-7.1,10.0,-3.6,4.8,-2.1,8.5,-7.4,0.2,-1.4,-0.1,-4.8,-5.6,-4.4,2.2,2.7,-4.7,-0.9,-0.2,3.1,-0.7,2.7,3.3,4.0,3.2,0.9,1.2,2.6,3.5,2.2,7.6,-1.2,0.7,-7.4,3.0,0.5,-5.8,-1.8,0.5,2.5,1.3,3.6,1.5,0.9,-0.9,0.0,-1.6,16.5,-3.2,-4.7,12.2,9.6,13.1,6.1,8.8,6.8,-3.1,6.8,1.0,-9.6,2.4,8.0,1.5,8.3,-0.7,-7.0,5.0,0.4,-1.5,-2.2,14.8,1.5,-4.0,-5.6,-1.5,-5.2,2.5,-0.7,-3.8,-1.6,1.2,2.1,3.8,-1.9,-0.6,-1.9,3.6,1.4,2.2,1.7,5.1,2.5,2.8,4.3,3.1,4.7,4.2,6.1,2.2,5.4,4.5,3.6,5.0,1.4,5.3,4.1,5.4,3.2,0.5,2.7,2.3,2.6,0.7,2.6,3.2,1.3,3.9,4.8,3.1,2.4,2.6,2.3,3.4,3.5,4.1,4.4,4.9,2.2,3.5,3.7,4.2,5.4,2.3,2.1,5.0,2.3,1.3,-1.5,0.0,0.7,2.6,0.6,0.8,1.1,-2.1,1.7,0.9,2.1,2.1,2.6,1.5,2.2,3.0,4.1,2.3,0.2,2.3,0.3,-0.7,-0.6,-0.8,1.6,1.3,0.5,-0.7,1.3,-0.8,0.9,0.7,1.1,-5.7,0.9,-2.0,-0.8
2C7L51FZgB,0,48.106359,11.622076,4441848.66,2778304.28,543.9,589.6,282,7259,1.8,0.92,0.2,32.6,348.93,-0.529,-0.103,0.842,-0.4,0.1,-0.28,0.14,0.4,0.1,-0.3,0.9,0.5,0.3,1.9,0.5,-3.2,0.2,0.9,-1.3,-4.1,0.9,-0.2,1.5,0.5,1.2,0.1,1.5,1.0,-0.8,-0.8,0.6,-0.3,-0.0,0.2,1.3,1.4,2.7,-2.5,-0.4,-4.0,7.6,-3.0,-4.9,-2.5,-2.5,-3.1,-1.1,1.3,3.7,1.6,1.0,2.1,2.7,2.5,0.2,1.2,-0.7,-0.4,-0.3,-0.3,0.4,1.1,1.2,-0.6,-0.7,0.2,0.4,-0.7,-1.1,-1.6,-0.5,-0.0,-7.7,-0.2,-1.0,-1.8,-1.3,-0.7,-0.4,-0.2,-1.4,-1.6,0.9,1.6,1.0,0.3,1.1,0.1,0.4,-0.7,-0.9,-1.1,-0.7,-1.5,-0.5,0.2,0.3,-1.3,-1.2,-1.5,0.2,-0.6,-2.5,2.2,-0.7,3.3,0.0,-0.6,-0.4,0.7,1.0,0.9,0.3,0.5,-1.8,1.4,-0.1,-0.1,-0.7,-0.8,-0.9,0.0,-0.6,-0.8,0.0,-0.5,-0.7,-1.1,-1.0,0.3,2.9,-0.4,-0.5,-0.8,1.9,-0.3,-1.2,-1.6,-0.3,-0.4,-1.9,1.2,-1.3,-0.7,-1.5,-0.2,1.6,-0.4,1.7,2.8,-3.2,-0.5,0.2,-0.2,-0.4,0.8,-7.1,-0.3,-1.4,-0.8,1.8,-0.1,-0.3,-1.5,-1.1,-2.0,-0.0,-1.5,1.1,-0.6,-0.2,-2.7,1.2,0.1,-1.2,2.2,-1.2,-0.3,3.2,-0.6,-0.9,-3.0,-1.1,-3.3,-0.8,1.7,-3.6,-0.5,-11.6,0.4,-3.0,-1.4,-0.8,-2.2,-1.8,-0.1,-0.9,0.1,-1.0,-1.4,-1.6,0.6,-1.2,-3.3,-2.7,-2.2,-1.7,-3.3,-3.2,-3.3,-4.3,-3.4,-2.3,-1.1,-0.2,-2.8,-3.4,-3.5
2C7L51FZgS,0,48.106455,11.622825,4441904.2,2778316.21,535.0,580.7,282,7276,4.1,0.67,0.46,32.6,348.93,-0.529,-0.103,0.842,-2.4,0.2,-1.19,0.32,0.1,0.3,-0.3,-2.4,-2.7,-3.2,-2.5,-1.6,0.9,-1.6,-7.4,15.4,13.2,-0.2,5.4,0.3,0.5,-0.7,1.5,0.4,-4.9,-7.3,-2.8,-8.5,-2.8,-1.2,-0.4,0.3,-1.0,-3.3,-1.2,3.3,-3.0,-15.2,-2.6,-8.5,-3.2,-2.7,1.8,-1.7,-0.1,1.3,0.2,2.1,3.2,0.1,-1.0,-4.8,-1.3,1.1,3.3,-1.6,-1.4,1.2,-2.2,-0.5,-1.4,-5.8,-1.7,6.4,-0.9,-2.3,-1.5,-2.9,-2.4,-4.8,-5.0,-5.9,-1.0,-3.8,-5.3,-6.8,-7.0,-6.0,-7.7,-3.6,-0.8,-6.2,0.1,-1.4,0.8,-0.4,-4.8,-0.7,-1.5,-5.3,-0.8,-1.2,-5.5,-4.0,-3.0,-2.2,-4.7,-4.8,-0.3,0.5,-3.3,-1.3,-0.3,-0.4,-8.8,-2.4,-4.6,-2.7,-2.3,-4.5,-3.5,-10.1,-2.7,-2.1,-8.3,-7.8,-0.0,-5.5,-3.4,-3.4,-6.0,-6.8,-8.4,-10.0,-1.6,1.0,1.1,-3.9,-3.7,4.0,-0.6,0.5,-1.9,-4.2,0.6,-1.0,-3.7,-2.0,-0.4,-3.4,3.0,-7.0,-5.4,-4.2,-6.1,-4.3,-0.1,1.1,-2.0,-5.0,-3.5,-10.4,-9.2,-5.1,-3.3,-5.5,-4.0,-8.3,-6.1,-4.8,-4.1,-4.3,-4.4,-4.9,-4.5,-10.9,-3.9,-6.5,-5.6,-2.2,-7.9,-7.4,-6.2,-14.5,-10.3,-1.4,-5.7,-8.1,-11.5,-5.1,-8.6,-8.4,-8.2,-9.3,-9.4,-13.8,-9.8,-12.1,-10.3,-7.6,-9.3,-10.4,-16.2,-4.3,-8.1,-10.7,-7.0,-9.3,-12.8,-15.7,-13.6,-19.5,-25.7,-21.2,-1.8,-18.9,-1.4,-2.7,-0.5,-5.2,-21.0,-22.4,-19.4,-11.9,-24.9
2C7L51FZh1,0,48.106746,11.625086,4442071.97,2778352.17,547.1,592.8,282,7311,3.4,0.71,0.46,32.64,348.97,-0.529,-0.103,0.842,-0.3,0.2,-0.12,0.26,2.1,0.2,-0.3,2.7,1.0,-4.2,-0.5,3.6,6.8,-3.1,-0.8,-0.8,-9.7,1.2,-2.8,1.7,-1.8,-0.6,-2.3,-3.0,-2.4,-3.9,-4.1,-5.6,-4.4,-2.1,-6.4,-2.6,-1.3,-3.8,-4.8,-6.1,-6.4,-15.0,-8.3,-6.3,-5.3,-3.8,-7.1,-3.6,-3.4,-3.5,-6.4,-5.4,6.4,-8.4,-3.8,-5.6,-1.7,-2.3,1.4,-0.5,-0.8,-2.9,-3.3,-3.6,-2.9,-2.6,-3.2,-2.4,0.6,-2.7,-3.5,-2.7,1.5,-2.1,-0.6,2.2,-2.8,-2.6,-2.0,-0.9,-1.1,-2.4,-1.0,-3.9,-0.6,-1.7,-1.4,-1.4,-1.5,-2.5,-6.8,-4.0,-5.6,-2.8,-3.2,-7.9,-6.0,-3.1,-4.1,-7.8,-7.0,-4.6,-5.4,-3.8,-4.0,-8.2,-5.2,-4.7,-4.8,-7.7,-6.0,-2.9,-3.7,-4.1,-7.4,-5.7,-3.4,-2.6,-3.5,-2.4,-5.6,-9.3,-6.5,-4.6,-4.2,-6.0,-5.3,0.4,-0.6,-2.9,0.5,-3.8,-2.1,-5.8,-4.1,-2.6,-4.2,-9.2,-5.6,-6.0,-9.6,-6.9,-3.1,-5.5,-4.0,-8.2,-4.6,-2.1,-8.3,-2.2,-2.6,4.7,-8.0,-6.6,-1.9,2.9,7.3,3.5,2.5,3.1,0.8,-3.1,0.5,1.8,0.9,3.0,0.9,4.0,-2.0,-2.6,-4.6,-3.0,-6.8,-6.7,-2.5,-7.8,6.8,-9.4,-13.7,-6.0,1.1,-5.2,-4.4,1.2,-0.4,-11.9,-10.4,-13.2,-9.0,-3.2,1.8,-3.5,-1.3,-1.6,-6.1,-2.8,-6.7,-3.2,-3.5,-10.9,-3.3,3.1,-3.9,-4.5,-4.6,-8.1,-11.6,-8.4,-5.8,-5.3,-8.5,-8.8,-12.3,-7.4,3.3,0.6,-3.9,1.0,-3.2
2C7L51FZh2,0,48.106732,11.624976,4442063.8,2778350.43,539.0,584.7,282,7312,2.7,0.81,0.42,32.64,348.97,-0.529,-0.103,0.842,-0.6,0.1,0.52,0.21,1.7,0.2,-0.3,1.3,-0.2,-3.0,-0.9,3.7,0.6,-2.6,2.4,0.1,-1.4,1.1,3.2,1.6,-0.9,3.1,-1.7,-1.9,-1.6,-3.6,-4.6,-4.1,-4.3,-9.4,-6.9,-5.2,-1.5,-2.4,-1.3,-7.9,-7.2,-8.8,-9.3,-8.5,-7.0,-6.2,-6.6,-4.7,-7.4,-2.7,-4.9,-4.2,9.7,-14.2,-4.2,-2.0,-2.6,-2.0,-2.2,-7.2,-7.4,-6.4,-2.6,-2.3,-4.1,-3.7,0.0,-6.0,1.4,-0.2,-3.7,-5.8,-0.6,-3.4,-4.0,-11.9,-4.9,-2.9,-3.3,-1.7,-5.1,-2.8,-2.7,-1.7,-4.8,-3.5,-3.4,-3.5,-4.9,-5.7,-6.4,-4.1,-7.7,-4.2,-7.3,-4.7,-6.0,-6.9,-5.1,-7.3,-8.6,-8.7,-7.5,-6.0,-7.9,-7.1,-4.8,-7.2,-6.3,-6.3,-9.5,-3.4,-5.9,-3.5,-7.6,-4.2,-1.2,-3.8,-2.1,-2.3,-4.4,-8.2,-8.5,-3.3,-6.1,-6.6,-4.5,-4.3,-2.6,-7.2,-1.0,-3.1,-3.9,-4.4,-4.6,-3.6,-4.1,-6.4,-3.8,-5.0,-5.9,-6.0,-3.4,-2.6,-5.1,-8.6,-2.0,-1.1,-7.1,-2.9,-1.6,2.2,-7.4,-8.1,-4.4,-5.4,-4.3,-3.3,-3.4,-4.5,-2.6,-5.3,-3.2,-2.5,-4.2,-2.3,-4.6,-7.0,-6.8,-7.2,-5.4,-8.6,-8.0,-5.2,-3.7,-8.8,-16.3,-8.7,-10.5,-6.1,-8.1,-7.1,-4.6,-5.0,-6.1,-5.8,-7.8,-6.7,-6.0,-5.5,-3.5,-1.9,-3.0,-2.0,-3.4,-7.2,-6.3,-6.8,-5.0,-7.8,-5.3,-7.6,-5.9,-7.3,-8.1,-6.8,-3.9,-6.3,-6.9,-6.8,-7.7,-7.3,-7.2,-9.9,3.5,0.3,-5.0,-5.0,-7.6
2C7L51FZh3,0,48.106713,11.624828,4442052.84,2778348.1,529.0,574.7,282,7313,4.3,0.61,0.5,32.64,348.97,-0.529,-0.103,0.842,-1.2,0.2,-0.35,0.33,2.9,0.3,-0.3,-1.1,2.3,0.4,3.2,1.6,0.0,-1.0,2.4,1.7,-0.4,-0.4,3.0,-1.6,1.3,1.6,-1.5,-0.2,-2.8,1.5,-7.3,-1.9,-5.0,-11.2,-3.8,-0.6,-8.6,0.8,-0.6,-3.6,-5.7,-14.4,-2.1,-7.9,-5.1,-1.6,-5.9,-3.7,-8.5,2.2,-4.4,0.3,-1.6,0.4,-0.7,-2.8,0.1,-0.2,-3.1,-1.0,-3.6,-1.8,-1.0,2.8,-6.7,-8.5,7.6,-1.6,10.1,0.7,-4.2,1.7,16.7,1.5,-1.4,5.8,11.3,9.1,5.7,3.0,14.5,-0.6,0.3,1.3,-11.3,-2.1,-2.9,3.4,5.2,1.8,1.3,1.0,-1.9,1.8,-2.5,-2.1,-5.0,-9.1,-9.0,-13.5,-4.7,-9.2,-1.9,-6.0,-5.3,6.5,-0.2,-3.7,1.9,-2.2,0.2,3.6,-4.4,-4.0,-4.2,-1.5,-2.0,-2.4,-2.3,0.4,-1.9,-4.9,3.5,1.1,3.3,-4.1,6.1,-3.1,0.1,1.6,2.3,-2.6,1.2,1.0,-2.1,-0.9,-3.8,-2.2,-2.9,-2.5,-6.5,-9.5,-10.6,0.8,-3.1,-6.2,-4.7,0.3,-1.4,0.4,4.1,-1.7,-4.6,-5.5,-4.3,-7.1,-6.5,-4.0,-0.0,-1.4,0.5,-4.4,-2.8,-1.2,-3.1,-2.7,-6.9,-5.3,-7.4,-7.6,-7.1,-10.3,-4.5,-5.2,-6.1,-18.9,-5.5,-10.4,-6.7,-4.4,3.5,-14.1,-4.8,-6.0,-5.0,-3.8,-7.8,-2.3,0.2,-9.7,-6.1,-14.5,4.7,-0.1,-3.1,-2.9,-11.2,-5.0,-6.5,-8.5,2.1,-3.9,7.9,-11.2,-10.8,-11.3,-9.0,-5.6,-11.1,-6.6,-11.2,-0.2,-7.4,-5.7,2.8,3.0,-2.8,-2.7,-7.1
2C7L51FZhH,0,48.106847,11.625878,4442130.72,2778364.78,540.7,586.4,282,7327,3.6,0.71,0.44,32.65,348.97,-0.529,-0.103,0.842,-0.1,0.2,-1.01,0.28,1.0,0.2,-0.3,-1.2,-3.2,-1.0,-3.7,-1.5,3.6,-1.1,-1.0,0.1,1.7,0.2,2.7,1.9,0.7,0.1,-0.3,-1.0,-1.9,0.1,-1.0,-2.8,1.7,-3.0,2.5,0.5,0.4,-0.4,2.6,-7.0,-2.1,-2.2,-2.2,-1.8,-4.0,-0.1,1.1,0.5,1.6,1.0,7.5,-0.7,-3.3,-4.4,-2.8,1.7,-1.6,3.3,-0.6,1.8,2.1,-4.1,-1.7,0.8,-0.1,0.8,1.4,-1.3,-2.2,-1.2,-11.2,3.7,-2.1,5.8,-0.7,4.9,0.0,3.3,-3.1,-7.2,-1.6,-8.5,-2.4,-8.2,-2.1,-3.5,0.2,0.5,0.0,-2.4,2.0,-1.0,3.2,2.7,1.8,-0.9,0.2,2.5,0.5,0.5,-0.8,2.2,-6.5,-4.6,1.1,-0.9,6.0,-3.9,1.3,0.0,3.5,-3.7,0.2,-2.7,-3.2,-0.0,1.1,-2.3,-0.7,-0.8,3.8,-1.9,9.3,-6.4,12.1,-1.6,12.4,-0.6,4.6,7.2,7.7,2.7,4.7,6.9,0.3,1.2,-1.4,-2.5,-0.7,0.5,-0.4,-4.8,-0.0,12.2,7.2,-3.5,-3.2,-1.5,-1.7,4.1,9.3,4.3,11.2,2.9,4.1,4.6,1.5,-7.2,6.5,-1.0,7.4,-0.1,3.0,3.1,2.8,3.3,2.4,0.1,-2.2,-0.4,0.9,-0.7,3.0,-2.6,-0.4,2.0,-3.4,-3.9,2.8,3.0,5.3,-1.2,-6.8,-3.5,3.1,-1.5,3.4,-0.7,-3.9,-5.8,4.7,0.3,2.3,1.0,-0.7,-4.1,-3.0,-0.4,-0.9,-4.2,-10.8,-5.7,-5.5,2.6,-6.4,-0.7,-1.1,-3.4,-3.3,-2.4,2.0,-1.4,1.1,-3.0,-1.2,-1.0,-3.1,-0.0,6.1
2C7L51FZhW,0,48.106953,11.626704,4442191.96,2778377.92,538.6,584.3,282,7342,2.9,0.82,0.41,32.65,348.97,-0.53,-0.103,0.842,-0.3,0.1,-0.54,0.22,0.4,0.2,-0.3,0.2,-1.1,1.5,-0.0,-0.5,-0.8,-0.5,-2.3,1.5,-5.1,0.4,4.5,1.3,0.7,1.4,2.4,1.1,1.4,-0.7,-1.4,-1.5,0.7,-2.1,2.0,1.2,2.8,3.2,0.6,-0.5,-3.5,-15.1,-8.5,-2.5,-1.5,-3.2,-1.5,0.9,-0.1,5.4,0.9,-0.2,-0.7,1.3,1.1,1.1,0.5,0.8,-1.5,0.1,0.9,-0.1,3.1,2.0,1.1,-0.8,2.3,2.4,0.6,-0.2,-0.1,-0.2,1.2,-0.3,-0.9,-1.6,1.4,-0.1,1.2,0.5,-0.5,-0.9,0.7,-0.4,-1.0,1.9,2.5,1.6,2.4,-1.3,2.0,-1.3,-0.7,-0.6,-2.0,0.0,-2.2,0.8,2.5,1.8,-2.2,-1.6,-3.0,-6.0,-3.1,-0.5,1.2,2.6,1.4,-1.1,-0.8,-0.7,0.6,0.3,3.5,3.1,3.0,2.0,-0.3,1.5,5.0,4.0,0.2,1.0,1.7,1.4,-2.5,0.4,-0.1,-0.3,0.3,3.0,-3.3,0.9,2.6,0.1,-2.7,0.6,4.2,2.1,-0.8,-1.0,-1.1,-0.2,-1.7,-3.5,-3.5,0.4,-4.2,0.2,2.2,-1.7,2.2,-7.0,2.8,4.7,11.1,-4.3,-5.1,-3.5,2.5,-1.4,-1.9,4.1,-4.7,-3.0,4.6,3.2,-1.1,-1.1,2.4,-0.3,2.5,-1.6,2.3,-1.5,5.6,8.4,-1.8,-1.7,1.7,2.4,-3.5,-3.1,-2.3,-2.1,-8.5,3.1,-2.5,0.3,-5.1,-0.3,-4.3,-4.4,9.3,-2.9,-0.9,0.4,0.4,-2.9,-5.1,-2.0,-5.4,7.4,-2.2,-3.9,-2.6,-2.7,-5.8,0.3,0.1,-5.8,-4.5,-2.5,-0.6,-1.7,-2.4,1.0,-1.4
2C7L51FZiM,0,48.107302,11.629418,4442393.31,2778421.13,528.2,573.9,282,7394,4.1,0.64,0.49,32.66,348.97,-0.53,-0.103,0.842,-1.2,0.2,-0.4,0.31,1.5,0.3,-0.3,-0.2,-5.3,-5.8,-5.6,-0.2,2.0,6.3,2.0,1.3,-0.5,0.0,2.2,-3.8,0.3,-3.5,1.0,0.9,-5.0,-7.7,-8.5,-8.9,9.3,-1.3,3.0,-5.5,-2.5,3.0,2.2,-1.7,-4.7,-7.3,-1.1,-3.7,-7.8,-3.4,-4.3,0.4,0.6,4.0,3.2,-1.3,-4.0,-7.8,-3.7,12.4,-10.4,-1.4,5.2,-6.2,3.8,1.8,0.4,1.7,-0.8,-0.2,1.9,8.6,-0.7,-1.0,1.8,6.9,-1.5,-4.3,-0.8,0.9,0.7,0.6,-0.2,-7.6,-2.3,-1.5,-0.5,-4.9,-0.3,-4.8,7.7,0.3,-2.5,-7.3,-5.6,-2.8,1.4,-5.0,-2.9,-3.2,-3.1,-6.7,2.4,-5.6,-1.2,-1.1,-5.2,-8.3,-5.2,-7.5,-3.4,-4.8,-0.9,-2.7,-4.4,-6.5,-0.5,-2.1,0.7,-0.3,3.2,-0.7,-1.1,1.4,3.7,-2.3,4.7,-0.2,-2.2,-2.6,-3.9,-5.1,-1.0,-0.1,2.4,1.4,-2.7,-9.7,-6.1,8.8,-0.2,0.1,-2.2,-9.7,5.4,-11.7,-3.5,0.9,-1.7,-7.7,-7.0,-5.6,-7.0,0.4,-0.3,-1.1,1.8,-0.3,-3.3,-1.5,-3.0,2.8,0.5,-2.7,2.0,1.1,0.5,-0.8,-4.8,-0.3,-0.6,-12.9,-7.1,-6.4,-2.4,-5.7,-11.9,-8.5,-3.3,-6.1,0.3,-3.4,-12.5,-4.6,-1.9,-12.2,0.1,-1.8,-1.2,0.8,-5.1,-4.9,-9.9,-10.3,-2.4,-13.3,-5.6,-11.1,-10.9,-8.7,-4.0,-7.7,-4.6,-4.2,-6.6,-6.5,-0.6,-6.0,-5.0,8.1,-4.8,-4.0,-15.2,-10.7,-8.4,-0.1,1.8,-5.0,-4.0,-8.4,-7.0,-7.8,-2.9
2C7L51FZin,0,48.107572,11.63152,4442549.26,2778454.53,554.7,600.4,282,7421,3.8,0.7,0.49,32.67,348.97,-0.53,-0.103,0.842,-0.9,0.2,0.12,0.29,0.5,0.3,-0.3,-2.2,1.1,0.8,-1.3,-2.0,9.4,-0.9,5.2,2.1,2.6,-5.6,4.2,-2.4,-8.4,-0.7,-2.0,-1.8,-2.0,-0.2,-9.2,-1.5,1.0,-3.3,3.0,1.1,6.0,3.5,6.4,-4.1,-3.5,3.6,-2.3,-1.4,-2.3,-3.3,7.6,-2.3,2.3,5.4,5.4,-10.4,8.3,2.4,1.3,1.1,3.6,-0.9,2.2,1.3,1.0,2.3,-0.4,-0.2,-2.3,-2.9,-3.8,-3.0,-1.8,0.3,-0.5,-2.1,0.7,-5.6,-3.3,11.5,1.2,-3.1,4.5,-0.7,-1.4,0.3,-1.4,-11.6,-1.3,-0.7,1.7,6.0,2.5,1.1,-2.5,-1.8,-2.0,-0.5,1.5,1.1,-3.9,1.6,-1.9,1.0,-5.2,2.2,10.4,1.5,-10.5,-1.2,-4.0,8.4,1.4,-1.8,-1.5,-2.3,2.5,1.8,4.4,3.9,1.2,1.6,-2.6,1.6,0.4,0.0,-1.1,-0.4,-1.1,0.2,-2.4,-1.0,-4.0,-2.4,-3.5,1.5,0.5,-1.2,-1.5,1.3,0.0,-4.2,-3.6,-4.2,-3.2,-4.3,-3.4,-0.5,-3.4,-8.0,7.1,-0.3,-10.8,0.7,-7.0,-3.5,4.1,-4.2,-5.8,-3.5,0.4,2.2,-9.9,-2.3,-2.1,2.4,-2.4,-2.8,-3.2,0.3,-4.2,-0.1,-5.3,-6.2,0.8,-6.5,-8.6,-8.7,-4.6,-4.1,5.7,-5.8,1.3,-1.6,-8.0,-3.6,-4.0,-3.6,-3.2,-1.0,2.4,-7.7,-2.4,0.9,-6.4,-5.1,-4.3,-7.5,1.6,-7.6,-2.3,-5.5,-2.3,1.6,-0.7,-4.2,1.7,-2.9,2.2,-12.6,-4.9,-7.1,-0.2,-2.9,-1.1,0.2,0.4,-4.0,-1.6,-10.6,-0.5,4.1,-8.8
2C7L51FZis,0,48.107608,11.6318,4442569.98,2778458.97,554.8,600.4,282,7426,1.6,0.93,0.28,32.67,348.97,-0.53,-0.103,0.842,-0.8,0.1,-0.05,0.12,0.7,0.1,-0.3,-0.9,-1.8,-0.2,0.3,-3.0,-1.6,0.8,0.4,-0.2,2.3,0.1,-1.9,-0.7,-1.4,-1.1,-2.3,-2.0,-1.9,-2.8,-2.6,-1.2,0.8,-0.8,1.4,0.7,-1.2,1.1,-1.9,-0.6,-2.6,-4.0,-5.8,-5.2,-4.4,-2.2,-0.7,0.7,-0.0,1.1,2.5,1.6,1.2,1.5,-2.4,0.9,-1.8,0.4,-1.1,-1.4,0.9,-2.2,-0.4,-1.4,-1.0,0.8,-1.3,0.0,-0.9,0.7,-1.1,-0.9,0.1,-1.6,-1.9,-4.8,-1.8,-2.3,0.4,-1.3,0.3,-3.7,-3.0,-2.3,0.0,-2.7,-2.0,-1.4,-0.3,-1.6,-0.6,-2.5,-4.6,-3.1,-3.9,-2.8,0.6,-1.8,-1.3,-2.8,-2.9,-3.6,-2.0,-3.0,-3.6,-2.5,-1.0,0.6,0.2,-2.0,-1.2,-5.4,-1.8,0.3,-0.4,-0.9,0.5,0.7,-1.8,-2.4,-1.3,-1.5,-1.8,-0.7,-2.2,-1.1,-2.5,-1.9,-3.7,-3.5,-3.6,-2.4,-3.1,-2.2,-3.1,-3.1,-4.5,-2.5,-0.5,-3.8,-4.3,-5.0,-3.0,0.4,-4.1,-5.5,-2.0,-2.7,-3.0,-1.0,1.1,-0.0,-1.4,-2.6,-3.2,-1.5,-2.4,-2.9,-2.4,-2.6,-3.4,2.4,-0.3,-2.6,-3.6,-3.2,-3.0,-2.5,-3.4,-4.5,-4.9,-3.1,-5.4,-3.1,-5.7,-3.3,-1.8,1.3,0.9,-2.8,-1.6,-2.2,-4.3,-4.7,-3.6,-7.3,-3.9,-3.3,-2.5,-1.7,-3.5,-2.6,-3.4,-5.2,-4.4,-5.1,-2.4,-6.0,-5.5,-2.8,-7.5,-7.4,-2.1,-4.3,-1.8,-2.5,-4.4,-3.9,-4.5,-6.3,-2.0,-6.4,-4.1,-2.6,-3.5,-5.0,-3.7,-5.8,-4.1
2C7L51FZk7,0,48.108136,11.635912,4442875.04,2778524.43,542.9,588.6,282,7503,4.4,0.63,0.47,32.69,348.97,-0.53,-0.103,0.842,-0.6,0.2,0.01,0.34,0.7,0.3,-0.3,8.0,3.8,0.1,6.4,-15.6,-0.5,-4.1,7.2,-15.8,-1.8,4.6,0.4,3.5,-2.2,-1.7,-6.7,-1.5,-1.0,-10.2,3.4,-1.8,-1.7,-2.3,0.8,-3.3,10.6,9.9,1.0,2.8,2.4,-0.9,-17.0,-4.3,6.4,-10.4,-1.3,-2.9,-1.1,0.2,0.1,11.1,-5.3,-4.6,-4.9,0.8,-3.2,-6.2,-8.4,-13.6,1.1,-1.0,-3.1,-4.7,-1.6,-8.6,-7.6,-10.3,-3.6,-6.3,-3.0,-1.9,-0.1,-1.2,0.9,-6.4,-5.1,-1.5,3.0,-1.0,-1.8,-5.7,-6.8,-4.9,-1.5,-5.0,-4.0,-5.0,-5.4,-6.5,-7.3,-10.6,-9.2,-7.7,-5.9,-4.1,-3.9,-11.4,-5.1,-10.3,-0.7,0.6,-9.1,-3.6,-1.8,-5.9,3.7,-2.3,-1.0,4.7,5.4,6.4,1.3,1.0,-7.9,3.2,1.7,-4.2,-1.4,-1.6,2.0,-0.3,0.4,2.8,-3.5,0.3,-5.1,-0.5,-7.3,-2.1,-4.7,-0.3,1.6,-0.6,-0.8,-0.3,3.3,-2.7,-0.9,-7.6,-3.5,-9.0,-3.1,-3.5,-1.6,-5.9,-3.3,-1.1,1.8,-1.4,-0.4,0.5,-6.4,-4.4,-3.1,-2.5,-6.1,-2.2,-3.2,-4.6,-3.4,-3.6,3.2,-2.0,4.3,-5.4,-4.2,-2.0,-4.5,-1.2,-3.0,-4.6,-10.2,-2.9,-9.1,-7.1,-2.9,-2.8,3.2,-6.0,-6.1,-4.6,0.8,-12.9,0.5,0.4,-4.7,-2.9,-6.9,2.8,-1.5,-5.0,-5.5,-6.9,-9.4,-3.5,-5.2,-8.8,-5.0,-1.7,-0.9,1.1,-11.7,-0.6,-3.7,-6.3,-1.6,-3.7,-7.7,-1.8,-6.2,-7.2,-6.6,-4.4,-5.9,-3.0,-6.5,-3.4,-3.4
2C7L51FZkk,0,48.108405,11.638009,4443030.6,2778557.81,534.9,580.5,282,7542,2.4,0.88,0.32,32.7,348.97,-0.53,-0.103,0.842,-0.6,0.1,0.33,0.18,0.4,0.2,-0.3,-3.2,-2.9,-1.5,-0.7,-1.8,0.8,-0.4,-0.8,-0.3,1.9,-0.4,-0.4,2.4,-0.2,-0.7,1.2,-0.5,0.6,-2.8,-0.8,-1.1,-2.3,-1.4,0.9,3.2,-0.2,1.3,1.1,-0.8,-2.3,-1.6,-3.5,-4.3,-4.4,2.7,-0.0,-1.1,-1.1,2.5,3.0,1.7,-0.4,-1.4,-0.3,0.8,-1.3,-1.1,-1.5,-1.0,-1.4,-0.0,-0.7,-1.1,0.5,-0.3,-1.4,0.3,-1.2,-1.9,-1.1,-1.1,-1.1,-1.7,5.2,6.9,-1.5,-1.8,-1.5,-0.7,0.0,-0.4,0.7,-2.2,0.7,-2.7,-1.0,-0.5,-0.4,-2.6,-3.9,-1.1,-5.5,-2.3,0.2,-0.8,-3.9,-4.4,-3.4,-5.6,-5.7,-3.7,-6.8,-3.7,-2.7,-3.3,0.2,-4.7,-9.1,-4.0,-3.1,-3.5,-4.8,-2.8,-0.7,-1.6,-0.9,-2.6,-3.3,-2.5,-0.6,-1.0,-2.6,-3.3,-2.7,-2.7,-1.3,-1.8,-2.9,-2.8,-2.7,2.4,-2.5,-2.2,-4.7,-3.8,-2.2,-0.0,-2.0,-3.8,-4.2,-0.2,0.2,0.3,1.6,-5.7,-4.2,-2.6,-3.0,0.3,-0.4,-2.5,-3.5,-2.6,-2.5,-2.1,-1.0,0.6,-1.2,-1.8,-3.8,-6.8,-0.6,-4.1,-3.8,-0.8,-0.1,-0.3,1.6,-1.7,0.3,1.2,-11.0,-3.4,-3.9,-8.2,-1.5,-1.7,1.4,-2.4,-3.5,-16.1,-4.7,-3.8,-3.3,-3.6,-5.0,-3.2,-1.7,-13.2,-1.6,-0.5,-2.3,-2.7,-2.9,-2.2,-1.8,-2.0,-3.2,-4.5,-4.4,-2.1,0.3,-6.0,-3.7,1.7,-1.8,0.3,-3.3,-5.6,-0.6,-1.6,-3.5,-4.1,-3.2,-4.4,-3.2,-2.7,-3.6
2C7L51FZi3,0,48.107191,11.628406,4442318.23,2778407.09,531.5,577.2,282,7375,1.8,0.91,0.34,32.66,348.97,-0.53,-0.103,0.842,-0.9,0.1,-0.05,0.14,0.8,0.1,-0.3,0.7,-5.3,0.2,-3.5,0.3,1.7,0.4,1.3,1.4,1.4,0.5,3.3,-1.0,-0.1,-3.0,-2.3,-1.2,-3.3,-1.5,-5.0,0.9,1.6,2.2,-1.3,-0.2,-3.4,2.5,3.6,0.6,-4.8,-10.0,-5.0,-3.0,-5.6,-3.0,-3.1,0.4,-2.2,2.2,0.1,2.1,0.0,-0.8,-1.3,-2.0,-1.2,-0.5,0.3,-1.1,-0.2,-1.0,-0.3,0.4,0.2,0.9,-3.0,1.7,-0.6,0.4,0.4,-1.0,-0.4,0.6,0.5,-0.0,-0.2,-0.3,1.0,-1.1,-0.9,-1.5,0.4,-1.4,0.5,-0.8,-1.4,0.9,-0.5,-0.6,-1.0,-2.3,-1.9,-3.3,-3.1,-3.7,-3.6,0.1,-1.9,-2.1,-1.4,-2.8,-4.9,-4.2,-5.6,-4.4,0.7,-1.6,-1.8,-1.9,0.1,-1.2,-2.1,-2.1,-1.2,-2.6,-1.0,-2.8,-1.9,0.5,-1.8,-2.2,-3.3,-3.2,-3.3,-2.5,-2.1,-4.3,-3.5,-2.6,-1.4,-1.6,-1.3,0.9,-2.5,-2.0,-2.8,-1.1,-0.7,-2.9,-2.4,-4.5,-4.4,-2.8,-3.2,-6.4,-4.4,-4.0,-3.1,-1.0,2.0,-0.6,-1.8,-3.3,-4.4,-0.6,-2.7,-0.3,-1.9,-3.2,-2.6,-1.7,-0.8,-4.3,-3.8,-3.7,-1.5,-3.1,-2.1,-1.2,-2.1,-4.5,-2.4,-4.4,-4.3,-5.2,-0.5,-4.2,-3.2,-3.6,-3.3,-5.1,-6.6,-7.1,-4.2,-4.1,-4.0,-3.7,1.1,-5.7,-3.9,-2.7,-4.9,-5.5,-4.6,-3.1,-4.4,-5.0,-3.1,-2.8,-7.6,-6.0,-3.7,-7.8,-8.1,-6.3,-3.0,-2.0,-4.8,-6.9,-2.3,-3.0,-3.9,-5.5,-3.9,-3.3,-1.6,-4.5,-2.6
2C7L51FZiz,0,48.107675,11.632177,4442597.94,2778467.04,554.3,600.0,282,7433,2.0,0.88,0.35,32.67,348.97,-0.53,-0.103,0.842,-0.3,0.1,-0.42,0.15,1.3,0.1,-0.3,0.5,-0.9,3.2,0.6,0.6,0.7,-0.6,0.2,1.2,-3.5,0.5,-0.7,-0.3,-2.2,-1.7,-0.5,-4.4,-4.0,-3.2,-2.3,-8.4,-0.5,-6.5,2.5,-5.1,0.4,-0.5,0.2,-3.5,-1.0,-3.5,-4.7,-5.0,-3.7,-6.5,-0.6,-1.0,4.1,0.3,1.6,-3.6,-2.3,3.6,0.0,-1.7,-0.2,-1.4,-2.8,-0.4,-2.7,-0.5,-2.5,1.1,2.3,1.3,0.3,-2.6,0.6,-0.3,-1.0,-1.7,0.6,0.9,1.9,-1.7,-2.4,-2.1,1.6,-0.4,-1.2,0.8,-1.7,-0.7,3.6,-0.2,-2.9,-3.5,-3.5,-2.7,-4.0,-4.5,-3.8,-3.4,-6.2,-2.5,-1.9,-2.3,-1.9,-2.9,-1.4,-2.8,-1.7,-2.2,-2.8,-2.0,1.2,-1.2,0.9,-0.1,-2.5,-1.1,-1.4,-1.1,0.8,2.5,2.6,0.8,-1.4,-0.8,-2.1,1.5,-0.6,2.4,-1.2,-0.7,-1.4,-0.8,-0.2,1.6,0.8,0.2,1.9,-0.1,0.2,0.2,-5.7,4.7,1.0,1.9,-3.6,-2.5,0.2,-1.1,-1.2,-6.4,-3.9,-2.1,-3.7,0.8,2.1,-3.5,0.1,-1.3,-0.7,-1.3,0.2,-2.0,-2.0,1.8,0.2,-2.3,-0.3,1.3,-1.7,0.9,-3.6,-3.4,-3.7,-4.3,-1.0,-0.7,-4.8,-0.0,-5.0,-4.2,-1.4,-1.9,2.6,2.7,-1.2,0.1,-4.1,-7.9,-2.1,-3.9,-2.6,-1.1,-0.2,-1.5,-0.7,-0.8,-1.2,0.1,0.2,-2.6,-1.8,-3.6,-4.2,-3.7,-4.6,-5.4,-2.5,-6.6,-5.2,-2.5,-4.7,-2.9,-3.6,-3.5,0.7,-1.8,-1.7,-1.1,-2.3,-1.1,-2.9,-4.1,-3.4
2C7L51FZg5,0,48.106334,11.621588,4441812.4,2778300.66,537.6,583.3,282,7253,2.1,0.87,0.3,32.6,348.93,-0.529,-0.103,0.842,-0.8,0.1,-0.33,0.16,1.8,0.1,-0.3,0.4,-0.8,0.7,0.0,0.6,1.0,0.7,1.6,1.0,-2.0,1.7,4.4,4.5,1.5,1.1,-3.3,-1.6,-1.4,3.8,1.1,1.0,1.7,0.6,0.7,1.9,2.2,5.9,3.2,1.3,-1.2,11.9,3.9,-1.2,0.2,-1.4,-0.2,2.4,2.2,4.7,3.6,3.7,2.7,1.9,1.7,0.7,1.6,0.8,-1.6,0.1,2.1,1.9,1.3,3.2,1.9,1.0,-0.2,1.1,-0.8,0.0,0.0,0.1,-1.3,-5.4,-1.5,-3.9,-7.1,-5.6,-3.0,-3.9,-4.1,-1.1,0.2,-2.1,-0.4,3.4,0.7,2.5,0.4,1.2,1.9,1.2,1.5,0.7,1.8,1.1,3.0,1.4,3.4,4.1,0.1,2.3,0.1,1.8,3.7,-0.1,3.3,0.6,2.3,0.7,2.6,2.1,2.1,1.1,1.9,1.0,2.4,1.3,0.2,-0.4,1.6,-0.4,-0.3,0.8,1.2,-0.4,0.8,0.1,0.7,1.0,1.8,1.2,-1.6,2.2,0.4,-0.5,0.7,-1.1,0.5,0.6,0.8,-0.7,1.2,-0.7,1.6,2.7,4.1,2.6,1.6,4.4,2.9,-2.4,1.8,2.0,0.5,0.1,-2.4,-5.6,-1.1,-1.9,-0.3,-2.3,-1.7,-0.4,-1.5,-1.5,-2.5,-2.4,-1.0,1.8,-1.0,2.9,-1.4,0.7,2.6,3.3,1.2,1.3,1.0,2.7,3.3,0.7,-0.9,-3.3,-2.9,-3.8,-6.8,-5.0,-3.8,-14.0,-3.1,-6.0,-2.8,-1.3,-3.8,-1.1,-0.1,-2.0,3.1,-1.8,-1.3,0.7,-4.8,-2.7,-1.5,-1.1,0.4,-1.4,-2.1,-1.4,-2.8,-3.3,-3.0,-3.0,-0.5,-3.5,-0.8,-4.2,-5.7
2C7L51FZg6,0,48.106345,11.621675,4441818.82,2778302.03,539.1,584.8,282,7254,2.1,0.88,0.27,32.6,348.93,-0.529,-0.103,0.842,0.2,0.1,0.04,0.17,1.4,0.1,-0.3,-3.8,-1.4,-1.0,-0.5,-0.3,-0.2,-0.1,0.2,-3.1,1.7,0.6,6.0,3.9,-0.4,1.6,-0.8,2.3,0.2,1.3,-0.5,1.4,1.3,-0.7,0.6,0.5,1.8,2.1,0.9,1.7,-4.0,11.6,0.9,-1.3,0.7,-1.0,-0.2,3.2,-0.3,4.0,3.1,3.1,2.8,3.6,0.2,0.4,0.4,1.1,-3.0,-1.8,0.6,-2.8,0.3,-0.8,-1.3,-1.9,-2.2,-2.9,-1.9,-0.5,-0.1,-1.5,-1.8,0.2,-0.1,-0.2,3.0,-0.7,-2.5,-1.1,-1.4,-3.0,0.3,-3.0,-4.2,2.3,0.2,1.4,-0.9,0.5,-1.4,0.9,0.7,-1.0,0.0,-1.7,2.9,0.4,2.7,2.2,2.5,1.6,-1.1,-2.3,2.7,-0.2,3.3,0.8,1.4,1.1,0.1,-0.7,1.1,0.2,0.8,-0.0,-0.1,-2.5,-1.9,-0.9,-0.5,-0.5,-2.3,-1.2,-3.4,-3.4,-3.0,-0.2,-2.3,0.0,-5.1,2.5,-3.1,1.0,0.7,0.4,0.3,-0.2,0.5,-0.8,1.5,0.3,3.0,2.6,1.0,2.4,3.8,3.7,1.6,4.1,4.2,4.9,3.2,3.2,0.5,1.7,-0.2,0.7,1.9,-0.1,-1.0,1.2,0.6,-2.7,0.2,0.5,-0.3,0.7,0.6,2.5,1.2,1.6,0.3,0.6,2.7,2.5,2.8,0.8,1.9,3.9,3.2,1.3,-1.5,0.9,0.4,-2.0,0.4,-3.9,-0.4,12.3,-2.5,-1.7,-0.7,-3.3,-3.4,0.1,3.5,3.1,10.2,2.7,1.7,0.5,3.9,0.6,1.7,0.2,1.9,3.4,1.3,-0.6,1.0,1.2,-0.1,0.1,-1.3,-0.4,-1.7,-4.6,-1.9
2C7L51FZg7,0,48.106351,11.621726,4441822.59,2778302.84,538.8,584.5,282,7255,4.6,0.59,0.62,32.6,348.93,-0.529,-0.103,0.842,0.0,0.2,0.23,0.35,1.4,0.3,-0.3,-8.0,-3.4,1.3,-1.1,2.7,7.2,3.7,4.1,-6.3,3.4,1.5,4.9,2.8,1.2,4.5,4.6,5.4,4.6,-9.2,1.6,0.9,1.8,-6.0,-0.0,-2.6,-0.9,-1.7,5.7,2.2,-9.5,9.1,-3.7,-2.4,1.0,-2.0,1.2,0.9,-3.4,3.9,4.4,0.4,3.5,4.5,0.6,-0.2,-0.1,2.0,-3.6,-2.4,0.9,-4.5,-0.7,-8.8,-5.1,-5.1,-0.4,-8.2,-1.1,0.6,2.7,-0.3,-0.7,1.3,1.1,2.7,4.4,-0.5,2.3,2.3,0.6,-12.1,2.7,2.7,-10.8,0.5,4.2,10.1,7.9,-2.1,-5.3,-0.1,-5.9,-4.8,8.8,-5.3,5.8,-2.8,3.0,1.3,3.3,3.4,-0.6,11.8,-1.1,-2.9,2.9,1.3,1.2,1.5,-5.7,-10.8,0.8,0.5,-1.0,0.1,-2.5,-6.1,-5.8,-3.6,-1.8,2.6,-2.1,-4.2,-7.0,-8.7,-8.8,-3.1,-6.2,10.6,-10.1,-0.4,-7.1,-3.2,6.3,-12.5,12.7,9.1,-1.5,-7.6,-9.1,3.3,2.6,0.7,-3.7,4.1,5.5,3.9,-1.0,1.7,3.9,6.2,4.4,2.4,-1.7,1.1,6.3,3.1,2.3,-0.2,-1.7,1.7,0.9,-6.3,-0.5,1.4,0.3,2.0,-1.5,1.8,-0.3,-0.7,0.9,-2.5,3.0,2.6,5.2,-1.6,1.8,2.9,1.8,2.7,-1.3,3.7,-0.3,-16.6,-2.3,0.4,0.2,0.8,-4.3,-5.3,1.0,-9.1,-9.1,-3.6,5.3,3.1,11.7,3.2,1.1,-1.4,2.6,0.5,1.7,-0.8,1.3,5.4,2.6,3.0,2.9,1.5,-0.2,0.8,-3.1,-3.3,-2.7,-7.3,-3.0
2C7L51FZgs,0,48.106679,11.624279,4442012.01,2778343.48,533.9,579.6,282,7302,1.9,0.92,0.32,32.64,348.97,-0.529,-0.103,0.842,-0.3,0.1,0.19,0.15,0.5,0.1,-0.3,-1.6,1.0,0.8,0.1,0.2,-0.8,-1.5,-0.3,-0.8,1.6,0.5,-0.0,0.3,-1.2,-0.3,0.5,-0.3,0.6,1.8,-3.1,-2.5,-2.2,-4.1,-1.0,2.5,-0.0,-3.4,-0.6,-1.9,-4.1,-16.0,-4.0,-4.5,-3.6,-4.3,-2.8,0.8,-2.8,3.2,-0.1,0.3,-0.9,1.7,0.6,0.8,0.6,0.2,-1.7,-2.1,-1.0,-0.6,-2.1,-0.4,-1.1,-2.2,-3.1,-1.1,-1.8,-1.7,-1.6,-1.0,-0.4,-0.9,-0.9,-4.8,-1.3,-2.7,-1.1,-4.1,-1.1,-3.5,-0.6,-5.1,-2.7,-1.2,-1.1,-0.2,0.8,-2.5,-4.9,-1.9,-2.0,-0.9,-0.7,-2.8,-0.7,-3.2,0.4,-3.1,-3.1,-1.2,-2.9,-3.7,-3.8,-5.6,-2.3,-2.1,-0.4,-1.5,-0.6,-3.0,-0.8,-0.4,-1.5,-1.6,-1.5,-1.9,-1.9,-0.9,-1.6,-2.8,-1.8,-3.4,-3.0,-2.5,-3.1,-0.6,-4.0,-2.3,-0.7,-3.1,-4.7,-1.5,-3.5,-2.7,-0.9,-2.5,-1.8,-1.2,-2.8,-6.3,-2.1,-3.7,-2.4,-0.2,-2.1,1.7,-1.6,-0.0,4.3,-2.1,-2.8,-2.0,-0.9,-2.3,-2.4,3.5,-2.5,-2.3,-2.3,0.3,-3.2,-4.6,-2.5,-3.2,-4.6,-3.3,-1.5,-1.0,-3.0,-2.2,-2.9,-0.1,-2.2,-3.3,-0.0,-1.8,-5.3,-0.1,-0.6,-3.7,-4.3,-4.2,-2.9,-2.3,-2.3,-3.0,-2.3,1.3,-5.0,-0.5,-3.0,-3.1,-3.6,-1.5,-2.4,-3.7,-0.8,1.3,-2.2,-3.2,-1.4,-5.6,-4.8,-5.6,-2.3,-1.7,-4.6,-3.3,1.3,-2.4,-3.4,-1.9,-2.9,-3.0,-0.8,-2.3,-1.9
2C7L51FZh8,0,48.106818,11.625362,4442092.37,2778360.7,541.9,587.6,282,7318,2.9,0.82,0.34,32.64,348.97,-0.529,-0.103,0.842,-0.7,0.1,-0.04,0.22,1.2,0.2,-0.3,-1.4,0.1,0.2,-0.5,0.1,7.3,-1.0,0.5,-0.0,8.7,2.6,-4.5,1.5,1.1,0.5,1.6,2.1,2.4,2.3,1.2,0.3,1.5,0.1,1.9,4.7,4.7,3.8,-4.0,-0.6,-1.1,0.7,-0.6,-2.0,0.1,0.5,1.3,3.0,3.6,5.8,4.1,2.1,-0.4,2.9,3.0,1.5,1.5,-2.2,-0.8,1.2,-0.7,0.2,-0.8,-0.2,1.7,-0.5,1.6,-2.3,0.8,-0.7,-1.2,-0.4,-0.1,-10.8,-3.2,-11.9,-8.9,0.2,-1.1,-0.5,-0.4,-3.3,-0.2,-3.2,-0.3,1.2,2.1,1.9,1.5,-0.2,1.6,2.0,-0.4,1.4,0.3,-0.8,1.3,2.5,2.5,1.3,0.9,1.0,-2.2,-2.9,0.4,0.9,1.9,1.4,3.1,2.6,3.2,1.8,2.7,2.6,2.2,3.0,3.1,2.4,1.9,2.4,0.6,2.2,0.6,0.4,0.4,0.1,-2.4,-4.0,0.3,-1.3,0.6,-2.5,-0.0,-1.1,1.8,1.7,1.3,-4.7,1.3,1.4,0.2,0.1,2.6,-4.0,0.7,0.6,-0.3,1.7,-2.8,4.0,3.0,-8.2,-0.8,0.9,0.5,1.4,-0.7,-9.6,0.9,-3.3,2.5,-13.3,4.2,3.4,1.9,2.2,-2.8,-2.1,0.8,-0.8,0.8,0.1,1.9,0.8,-1.1,-1.7,1.1,0.0,1.7,1.5,0.1,-0.7,-0.2,-5.3,-11.2,-7.9,-12.6,-6.4,-4.9,7.7,-3.9,-1.1,-1.6,-1.4,-3.0,-0.5,-0.8,-4.1,0.6,-1.0,-2.1,-2.3,0.2,-2.2,-3.6,-3.7,-1.9,0.7,-1.7,-2.5,0.6,-4.3,-1.2,-1.1,-2.3,-0.2,-5.0,-0.8,-0.9
2C7L51FZh9,0,48.106821,11.625383,4442093.92,2778361.03,540.2,585.9,282,7319,2.0,0.9,0.29,32.64,348.97,-0.529,-0.103,0.842,-0.6,0.1,-0.24,0.15,0.9,0.1,-0.3,0.2,1.3,0.7,0.7,0.7,-3.2,0.5,0.2,1.3,-4.5,2.1,-1.8,1.9,1.5,1.4,1.7,1.7,1.8,1.5,0.3,0.6,1.3,0.2,1.6,4.2,4.0,3.8,-2.1,-0.4,-1.2,12.4,-1.9,-2.6,-0.7,-0.7,-0.2,2.9,2.0,5.3,2.7,2.0,-0.1,3.2,1.6,1.2,1.2,-0.6,-1.1,1.9,0.6,0.7,0.6,1.3,1.4,0.7,2.2,0.1,0.9,0.1,-0.1,0.3,-0.1,-6.1,-0.6,-6.4,-4.0,-0.0,-0.2,-1.2,-0.3,-2.3,0.2,-0.8,0.2,1.8,2.4,2.1,1.7,0.9,1.9,1.9,-0.2,1.3,-0.0,-0.0,1.2,2.6,2.7,1.7,0.7,1.2,-1.1,-2.1,0.1,0.8,2.1,0.0,1.7,2.2,2.5,1.4,2.3,2.2,2.3,2.7,2.5,2.6,1.3,1.8,0.8,1.5,0.8,0.3,0.5,0.6,-0.4,-2.4,-0.4,-1.8,0.5,-1.1,-0.9,-0.3,0.6,1.7,1.8,-2.0,1.9,0.7,0.7,-0.1,1.6,-1.9,0.7,0.4,-0.5,1.0,-1.5,3.3,4.2,-5.3,-0.6,-0.2,0.4,-0.2,-0.4,-4.7,-0.6,-1.0,0.3,-4.8,1.1,1.0,-0.4,0.9,-0.0,-1.4,0.1,-0.0,-0.1,0.8,2.0,0.9,0.3,-0.7,0.7,0.1,1.2,1.9,1.0,-0.3,-0.7,-4.1,-6.1,-6.7,-5.4,-2.7,-1.6,9.3,-3.1,-1.1,-2.4,-1.9,-2.8,-1.0,-0.3,-2.8,1.0,0.1,-1.6,-1.3,-0.9,-1.4,-2.3,-2.4,-0.9,-0.2,-1.4,-2.7,-0.3,-3.7,-2.1,-2.3,-1.9,-0.5,-2.4,-1.8,-2.5
2C7L51FZhA,0,48.106825,11.625413,4442096.12,2778361.51,538.9,584.6,282,7320,2.0,0.91,0.34,32.64,348.97,-0.529,-0.103,0.842,-0.6,0.1,-0.44,0.15,0.5,0.1,-0.3,0.8,1.6,1.0,-0.1,0.2,-3.4,0.0,-1.7,0.2,-2.6,1.4,-2.2,2.2,2.0,1.6,2.0,1.8,1.0,1.8,0.6,1.6,1.1,0.1,1.2,4.6,3.6,4.9,-1.3,0.1,-1.3,-13.7,-2.0,-2.2,-0.6,-0.5,-0.4,3.3,1.7,5.1,2.0,2.9,-0.3,3.6,2.2,2.2,1.6,0.2,-1.1,2.2,0.8,1.2,0.9,2.1,2.1,2.0,2.1,1.0,1.8,1.0,-0.5,1.1,0.5,-4.5,0.5,-7.8,-2.9,-0.9,-0.5,-0.4,-0.4,-1.9,0.8,-0.2,0.4,0.8,2.1,1.8,1.7,-0.2,1.7,2.4,0.8,1.5,1.2,0.2,1.8,2.5,3.1,1.7,0.5,1.8,-0.5,-2.6,-0.7,0.5,2.8,0.1,1.9,2.1,2.3,0.8,1.2,1.3,1.8,2.6,2.5,1.8,0.4,1.7,0.9,-0.3,0.6,0.4,1.4,0.1,-2.2,-3.9,-1.6,-2.2,0.7,-1.8,-0.7,0.3,-0.5,-0.0,0.6,-0.7,2.0,-0.3,-0.1,-1.0,0.7,-2.1,1.2,0.3,-1.2,0.4,-1.3,3.0,3.3,-3.8,-1.4,-0.8,0.8,-0.8,-0.4,2.3,-1.1,0.4,0.8,1.8,1.3,0.9,-1.8,0.1,1.3,-0.1,-0.2,-0.1,-0.3,-0.0,2.1,0.2,-0.1,-0.5,0.4,-0.4,1.1,1.7,1.1,-0.0,-2.1,-4.2,-3.5,-6.3,-3.5,-4.0,-2.9,3.4,-3.2,-2.3,-2.5,-0.3,-2.6,-1.2,-1.7,-3.1,-1.4,0.3,-2.6,-1.4,-1.9,-1.8,-3.4,-2.4,-1.3,-1.6,-2.0,-4.3,-0.9,-1.5,-2.0,-3.0,-2.9,-2.3,-2.0,-2.4,-3.2
2C7L51FZhC,0,48.106834,11.625482,4442101.28,2778362.62,536.4,582.1,282,7322,2.0,0.91,0.31,32.64,348.97,-0.529,-0.103,0.842,-0.6,0.1,-0.3,0.16,0.9,0.1,-0.3,2.7,0.3,-1.1,0.5,1.2,-0.2,-0.4,2.1,0.3,-9.6,1.1,0.6,0.1,-1.1,0.3,0.2,-0.2,-1.3,-0.1,-1.7,1.9,2.4,-1.6,0.6,2.1,1.3,1.9,-1.2,-3.2,-4.2,-16.3,-3.5,-5.5,-3.9,-3.5,-0.8,-1.2,-1.0,2.0,-1.8,0.1,0.2,1.9,-0.0,0.6,-0.6,-0.4,-0.8,-0.7,-0.1,-1.5,-1.4,0.3,0.6,-0.7,2.8,1.0,2.0,1.0,1.4,1.1,2.7,5.5,-0.7,1.4,-0.5,-1.4,1.1,-1.0,-1.1,1.8,-0.4,0.3,-0.4,-0.8,-0.1,2.0,0.0,-0.4,0.7,1.3,-1.8,-0.2,-2.5,-2.0,-2.2,1.0,-0.9,-1.5,-2.6,-1.0,0.1,-2.5,-2.3,-1.3,-0.7,0.3,-1.5,-0.4,-0.2,-1.6,0.6,0.5,0.3,1.2,1.9,1.9,0.2,1.6,0.5,0.3,-0.9,-0.7,-1.9,-1.7,-0.2,-2.7,-0.4,-1.0,1.1,-0.8,-1.2,-0.3,-0.6,0.8,-0.8,-3.4,-1.8,-3.7,-2.5,-2.9,-0.7,-1.2,-3.9,-3.6,-5.5,-2.0,-3.3,-0.3,1.7,-0.3,-0.2,-4.5,-2.3,-3.0,-0.8,-5.6,-0.7,-1.0,-0.2,0.6,1.0,-1.0,-1.6,0.6,-1.1,-1.7,-2.4,-2.0,-0.9,-2.5,-0.3,-0.8,-4.4,-1.9,4.8,-3.8,-2.5,0.0,-0.9,-2.1,-3.6,-2.9,-6.2,-2.9,0.5,-3.7,-1.8,-0.2,-3.3,-2.1,-2.1,0.5,-5.3,-1.7,-3.8,-4.5,-2.6,-3.1,-4.7,-4.3,-3.4,-2.7,-5.3,-4.9,-4.8,-2.5,-5.0,-3.5,-1.3,-3.6,-2.2,-3.1,-2.0,-0.1,-1.0,-3.0,-0.7
2C7L51FZhT,0,48.106956,11.626431,4442171.67,2778377.72,535.8,581.5,282,7339,3.4,0.75,0.4,32.65,348.97,-0.53,-0.103,0.842,-0.3,0.2,-0.38,0.26,2.1,0.2,-0.3,-0.5,-0.9,-0.5,-0.4,0.0,-3.8,-0.2,-1.5,1.3,1.0,2.0,1.9,2.6,2.5,2.1,2.2,1.4,0.0,-4.0,-0.9,-0.3,-1.2,-3.6,-1.8,-1.7,-1.4,-1.1,-3.4,-2.5,-2.2,-17.3,-3.7,-6.9,-4.7,-6.6,-2.6,-2.4,0.9,-1.0,-5.2,1.1,-3.1,0.6,-2.6,-2.0,-2.3,-2.4,-6.7,-3.7,-2.3,-1.1,-0.2,1.3,-6.9,-8.2,-7.8,1.7,1.7,0.5,-0.7,0.8,2.0,3.2,-0.8,1.5,-4.6,-2.5,0.2,1.7,0.3,-1.7,0.0,-3.0,1.5,0.0,3.2,2.3,2.2,-0.9,-2.8,-2.0,-3.7,-3.0,-5.6,-5.1,-4.1,-4.0,0.1,-5.3,-1.6,-1.8,-5.4,-7.8,-6.1,-4.5,-1.0,-4.5,-6.6,-1.0,-3.3,-3.3,-5.9,-6.9,-3.0,-4.4,-3.8,-5.5,-6.6,-3.8,-2.3,-0.5,1.6,-1.1,1.0,-0.5,0.1,-4.2,0.8,2.4,0.2,0.0,-0.1,-2.4,3.1,3.0,1.5,-0.3,2.2,-2.8,-2.5,-5.2,11.1,10.8,-4.7,-8.8,-11.0,-2.7,-7.9,1.0,1.1,5.8,-3.1,-0.1,-1.4,0.2,-1.0,0.7,-0.7,0.6,0.5,-2.4,0.3,1.6,1.2,2.1,0.8,-1.4,-4.0,-3.6,-3.2,-4.6,-7.7,-13.5,-0.4,-3.7,-0.5,-0.3,-3.0,-0.2,-1.6,0.2,-4.5,-4.2,-9.1,-4.6,-6.0,0.2,-0.7,-3.9,-2.2,-1.5,-0.2,0.1,-1.3,-3.9,-2.4,-3.3,-4.4,2.1,-6.4,-1.1,-14.9,-5.0,-11.0,0.6,-6.1,-5.8,-8.3,-4.7,-4.6,11.8,-5.0,-4.6,-7.0,-0.2,-2.2,-3.7,-0.6
2C7L51FZhV,0,48.106978,11.626604,4442184.5,2778380.47,537.1,582.8,282,7341,3.9,0.7,0.46,32.65,348.97,-0.53,-0.103,0.842,-0.6,0.2,-0.12,0.3,0.5,0.3,-0.3,0.3,-0.9,2.3,-7.0,-4.1,4.0,-5.1,-1.2,4.2,1.0,0.6,-6.6,5.0,-0.7,7.3,5.7,-0.3,4.1,7.5,-1.2,-1.8,3.5,-1.2,2.2,3.5,4.1,-0.0,1.5,-5.4,-4.2,-7.5,-5.8,-3.3,-0.3,-3.7,-2.7,1.0,-1.1,5.7,-0.9,0.2,-2.5,2.5,3.1,0.6,1.8,2.0,-0.8,2.8,2.5,0.5,-0.1,0.5,-0.1,-0.7,-0.0,-5.6,-1.8,-2.8,-1.2,-1.1,-3.3,3.8,-4.2,7.8,-5.5,-3.5,-0.8,-3.1,-9.4,1.5,8.4,-0.3,0.1,11.3,2.8,-9.5,-3.9,-1.5,0.1,3.7,0.8,0.6,0.0,1.9,-0.7,-1.4,-4.0,-0.3,-4.0,-1.0,0.2,0.6,-2.6,-0.9,-0.4,15.4,2.1,2.3,0.5,1.4,1.3,3.3,-7.2,2.3,0.9,-9.4,-1.2,-2.0,7.7,10.6,12.4,0.7,8.0,0.6,-1.5,-1.2,-4.3,-4.5,-4.0,0.1,-6.4,0.7,-4.1,-1.3,-5.2,-0.3,0.6,-1.7,-4.6,3.1,1.1,1.0,-2.9,-4.2,-3.6,-2.0,-1.4,2.3,4.6,1.4,3.2,-6.2,3.0,-0.9,0.8,0.1,-2.4,-3.3,3.1,-0.2,-1.1,7.3,-1.7,0.7,-0.1,-1.5,-3.1,-4.6,-3.4,0.8,-0.1,-5.3,2.4,-8.9,0.9,-9.4,-3.4,-2.2,-5.1,-1.4,-5.9,-1.0,-0.1,-2.4,2.9,-9.6,-2.6,3.5,-4.3,0.2,-2.7,-0.1,-10.6,-1.7,-2.7,-0.5,2.0,-3.7,-6.4,-4.6,-5.8,-8.4,-1.6,-2.0,-0.3,-2.0,-1.1,0.6,-3.8,-0.9,-4.1,-0.3,2.2,0.6,6.2,-4.8,0.4
2C7L51FZhh,0,48.107052,11.627177,4442226.98,2778389.59,532.9,578.6,282,7353,4.3,0.57,0.52,32.65,348.97,-0.53,-0.103,0.842,-0.9,0.2,-1.92,0.33,1.6,0.3,-0.3,2.4,0.4,0.8,0.7,-0.1,-4.4,3.6,-5.7,-3.5,-9.2,3.5,-2.7,-3.0,-2.1,-3.9,-3.7,-8.1,-6.5,-6.3,-10.2,-5.7,5.9,-1.4,3.1,7.6,3.9,6.5,6.6,2.9,1.2,-11.2,0.6,3.2,-3.8,-4.3,-0.8,5.1,-1.4,4.9,5.7,1.1,-2.6,-2.0,-1.5,-3.0,1.6,-2.6,-0.1,2.9,4.5,-1.7,2.7,4.0,5.7,6.3,4.7,4.6,4.8,3.9,4.6,4.6,5.1,3.8,3.5,-0.5,2.8,4.7,-0.2,1.5,3.5,2.4,4.2,-0.0,0.5,0.5,1.4,1.8,2.3,-0.4,4.4,0.7,-1.1,-0.9,-2.1,-1.9,-1.3,1.1,1.8,-5.6,8.1,5.3,-4.6,2.3,-0.5,7.5,4.7,2.8,-4.6,5.3,-0.8,-12.9,-6.0,-5.5,1.9,1.1,8.5,5.2,8.4,8.2,8.7,1.4,2.5,5.1,5.9,5.5,6.3,0.4,5.0,4.2,-1.2,1.5,-0.8,1.1,-0.7,-2.3,-15.6,-11.6,4.5,-1.1,10.2,-5.4,-2.4,-13.2,0.9,-4.0,-0.2,10.4,0.7,1.1,5.4,11.0,1.9,4.7,1.8,2.2,5.6,-0.3,2.4,5.6,10.1,5.6,6.6,3.9,-11.7,4.3,2.2,-8.3,4.1,1.3,1.4,-2.9,-3.2,1.4,2.7,1.1,2.3,3.5,5.5,0.2,4.4,0.5,2.2,-6.3,-7.2,-5.3,-8.0,1.7,-0.5,-6.1,-3.4,-1.9,-0.3,-1.7,0.2,0.0,-2.5,-10.7,-2.8,-4.2,-4.3,-4.2,-2.6,-5.8,-4.1,-6.8,-4.4,-3.7,-5.8,-5.9,-2.6,-8.6,-4.5,-9.6,-4.4,-7.1,-5.0,-7.2,-4.2
2C7L51FZhv,0,48.107167,11.628081,4442294.02,2778403.96,538.4,584.1,282,7367,3.3,0.78,0.43,32.66,348.97,-0.53,-0.103,0.842,-0.3,0.2,-0.17,0.25,0.5,0.2,-0.3,-1.5,-0.9,3.0,-1.3,-1.5,0.5,-0.3,1.9,1.8,-1.6,0.4,0.5,-0.9,1.8,-1.3,-1.1,-2.5,-0.7,-0.1,-2.6,-2.7,1.6,-2.3,-3.0,-0.5,-0.0,0.3,-0.6,-5.2,-7.0,8.8,-8.7,-5.6,-5.2,-4.1,-4.4,-4.8,-0.2,1.2,-4.4,-1.1,-4.0,0.3,-1.9,-0.6,-6.0,2.3,0.5,-1.8,-0.6,-1.6,0.9,-1.5,2.3,1.4,4.0,1.0,2.3,0.9,2.1,1.3,1.6,-4.0,0.3,1.9,-0.8,-0.1,-2.7,-2.0,-2.4,1.9,-0.7,1.3,-0.7,-0.6,-0.5,1.9,0.1,-3.8,-0.4,-4.7,-5.0,-5.4,-4.2,-4.4,-1.6,-1.0,1.6,-2.1,-3.7,-4.9,-4.5,-1.5,-5.6,-2.1,-2.6,-5.5,-3.1,-3.5,-1.4,-0.2,-0.0,0.2,-2.2,-1.3,-1.5,0.6,0.2,-0.1,-0.0,-1.3,-0.6,2.2,-0.1,-1.0,-2.0,-8.6,-2.4,-1.2,-1.3,-4.1,-1.5,-0.8,-0.6,-3.0,-1.0,6.6,-2.1,-2.0,-1.7,5.5,5.1,-6.6,-3.7,-6.2,-1.2,-0.4,-6.7,5.7,-1.5,-1.2,0.3,-1.6,0.6,1.9,0.3,0.1,-1.7,-2.8,-1.9,12.1,-1.2,-3.0,-3.1,-2.3,-2.5,-8.6,-3.7,1.2,3.8,-4.1,4.1,-2.5,-6.1,14.4,2.8,-3.1,-0.5,0.3,1.9,-2.6,-10.5,-3.6,-0.5,-0.9,-7.6,-5.0,-3.2,1.1,-3.9,-4.7,-4.5,-3.1,-4.7,-4.8,-4.1,-2.5,-3.5,-3.8,-9.3,-7.1,4.6,-6.5,5.1,10.0,2.2,-1.3,0.7,-3.6,-5.3,-1.6,-4.4,-4.2,-0.1,-1.2,-3.8,-4.6,-3.9
2C7L51FZi9,0,48.107285,11.628998,4442362.06,2778418.54,543.9,589.6,282,7381,3.5,0.73,0.51,32.66,348.97,-0.53,-0.103,0.842,-0.2,0.2,0.8,0.27,0.7,0.2,-0.3,0.3,-0.4,2.8,-0.5,2.1,-4.9,6.1,-2.3,-1.4,-0.8,-7.2,3.8,-0.4,-3.5,0.6,-1.5,0.9,-0.4,0.9,-6.6,0.1,-0.8,0.4,2.2,0.6,2.9,1.6,2.7,-1.5,-2.3,-10.4,-3.1,-8.1,-6.8,-7.0,-5.2,-3.2,1.8,2.3,3.9,-0.6,-3.9,-2.2,-0.8,-1.0,-2.2,-5.9,-5.8,-3.6,-5.4,-4.6,-1.3,-1.6,-0.3,-0.9,-2.8,-0.7,-1.6,-2.2,-0.7,-4.4,-1.3,-3.4,-4.3,1.9,0.1,-3.2,1.5,2.5,-1.9,2.8,-2.7,-2.0,-3.6,0.5,1.8,0.2,-2.2,-0.7,-1.9,-5.0,0.8,-4.7,-4.4,-3.8,0.2,-2.4,-2.3,3.3,-8.5,-3.1,-6.9,9.1,-5.2,-7.7,-4.8,-5.9,-4.6,-5.9,-3.9,-3.5,-5.7,-6.3,-5.3,-12.7,-7.0,-4.5,-5.0,-3.6,-0.2,-0.1,-2.2,1.6,0.7,1.5,-3.3,0.7,-1.1,-4.3,-4.4,-0.3,-9.3,-3.1,-2.8,0.8,1.9,-4.4,-8.3,-5.7,-4.9,-7.2,-1.2,-5.4,-1.0,-4.6,-2.2,-3.0,-4.8,0.1,-4.2,-6.5,-2.0,-5.9,-4.2,-5.0,-4.7,-0.9,-6.4,-4.6,-5.4,0.4,-1.4,-2.7,-5.5,-2.1,-5.1,-7.0,-4.6,-5.7,0.1,-3.7,-2.7,-3.6,-5.7,-3.7,-6.0,-6.9,-2.0,-2.1,9.2,1.2,1.1,7.2,-12.6,-15.7,-1.5,1.2,3.0,-5.8,7.7,-5.7,-0.1,-4.9,0.9,-0.4,-4.8,-10.4,6.2,3.5,0.1,1.4,2.9,-0.1,-2.2,-2.1,-2.8,-0.8,-3.1,-3.4,-1.7,-4.5,-4.2,-2.3,-1.0,-0.9,-3.7,-2.9,-5.9
2C7L51FZk2,0,48.108186,11.636018,4442882.85,2778530.21,560.3,605.9,282,7498,2.4,0.87,0.33,32.69,348.97,-0.53,-0.103,0.842,-0.9,0.1,0.49,0.18,0.4,0.2,-0.3,-0.4,-0.3,2.3,-0.5,2.3,0.1,-0.1,-2.2,-1.7,1.6,0.6,-0.1,-1.0,-1.4,2.1,1.1,-3.6,-1.2,-4.5,-0.5,-3.7,-0.4,3.3,-0.4,1.5,-2.8,-0.3,-1.2,-3.3,-2.6,-0.5,-5.3,-5.6,-2.6,-2.6,-0.0,-2.8,0.3,-0.1,2.0,-0.9,-1.3,-0.4,-3.7,-0.3,-1.9,-0.6,0.6,-1.2,1.7,1.5,1.4,0.2,2.7,3.9,-3.2,1.2,-1.7,-0.5,0.7,-2.6,-0.2,-10.1,-0.2,-3.2,-3.0,-1.1,0.8,0.2,0.1,-1.7,-0.5,-1.6,0.6,-4.9,-2.7,-3.7,-1.0,-2.3,-5.0,-2.8,-5.3,-3.7,-3.0,-0.5,-3.7,-2.1,-3.3,-1.9,-2.7,-1.4,-3.2,-3.2,-3.6,-4.0,4.7,-0.7,1.4,-0.8,-0.7,-3.7,-2.0,-2.2,-4.4,-2.0,-3.8,-3.2,-3.2,-3.8,-3.4,-2.9,-1.5,-3.2,-3.4,-3.9,-6.2,1.3,-5.3,-2.1,-2.9,-0.9,-2.7,-3.2,-3.4,-2.8,-2.1,-3.7,-3.5,-1.8,-6.4,1.3,-7.2,-1.8,-2.6,-4.5,-6.0,-6.6,-1.6,1.7,-0.0,-1.1,-4.3,-2.6,-1.3,-1.8,-3.1,-10.7,-3.0,-3.2,-3.0,1.0,-1.8,-3.4,-3.7,-6.0,-3.1,-3.4,-1.4,-2.2,-2.2,-6.6,-14.0,-4.9,-5.5,-3.9,-2.8,-2.5,-2.6,-4.8,-2.1,-3.8,-6.2,-6.3,-6.6,-7.6,-13.1,-6.0,-5.2,2.1,-4.3,-4.1,-2.8,-5.8,-4.1,-4.9,-5.4,-4.9,-3.8,-6.3,-8.4,-4.7,-0.2,-3.6,1.1,-2.1,-2.0,0.3,-4.6,-1.1,-0.4,-3.8,-2.8,-4.6,-3.2,-4.0,-5.3,-4.3,-4.6
2C7L51FZke,0,48.108385,11.637563,4442997.41,2778554.84,532.4,578.1,282,7536,2.1,0.9,0.36,32.7,348.97,-0.53,-0.103,0.842,-0.8,0.1,-0.18,0.16,0.3,0.1,-0.3,-1.6,-1.0,2.4,1.6,0.0,-1.2,2.7,-0.8,0.7,-1.8,1.1,-0.4,0.6,4.5,-0.1,2.0,1.6,-1.2,0.3,0.1,1.7,-0.3,-0.9,-0.6,2.9,0.3,3.3,1.5,0.0,-1.3,0.3,-3.7,-0.1,-2.1,3.0,1.4,1.5,0.1,2.8,1.3,-0.8,-1.8,-0.5,1.1,-1.2,1.3,-2.5,-1.1,-1.7,-2.3,0.3,-0.1,1.6,1.8,0.8,-0.0,-0.4,1.0,-0.3,0.4,1.2,0.3,-9.3,0.4,-3.0,-2.8,-1.7,-0.3,-2.1,0.3,-1.0,0.3,1.3,-0.8,-1.9,1.2,1.0,-0.1,-2.6,0.2,-1.8,-3.5,-1.3,-0.6,0.7,-1.3,2.1,0.8,2.7,0.1,-0.2,-2.8,-2.4,-1.7,-2.6,4.0,-1.0,2.8,1.2,-0.7,-3.0,-1.4,-2.6,-1.1,0.0,-0.6,-1.6,-0.3,-2.9,0.9,2.6,2.4,0.2,0.1,-0.8,-1.8,7.1,-1.3,0.6,-0.8,-0.8,-0.3,0.2,1.1,1.8,1.8,0.2,0.2,-1.0,-2.6,5.3,-0.2,0.6,1.2,-4.0,-4.9,-2.7,-2.7,1.2,1.7,-2.4,-1.9,-2.8,-0.4,-0.7,0.6,-1.1,-0.4,-1.1,-1.6,-8.9,-1.4,-3.1,-0.9,-1.9,-0.9,-0.3,-0.3,0.1,1.9,-3.8,-6.7,-5.3,-3.6,-2.6,-3.0,-2.2,2.0,-1.1,-0.4,-2.0,-1.3,-2.2,-3.5,-4.0,-6.2,-4.2,-2.8,-13.6,-1.0,-2.0,-1.8,-1.5,-2.5,-3.5,-4.1,-2.4,-2.5,-3.1,-4.8,-3.3,-1.6,-3.8,-1.9,0.1,-1.2,-0.4,-2.5,-0.9,-4.3,-1.0,-2.0,-3.3,-1.9,-7.4,-4.8,-3.1,-3.4
2C7L51FZkf,0,48.108387,11.637577,4442998.42,2778555.06,530.3,576.0,282,7537,4.3,0.63,0.43,32.7,348.97,-0.53,-0.103,0.842,-0.8,0.2,-0.41,0.33,1.3,0.3,-0.3,-4.4,-2.8,1.4,6.5,0.5,-3.9,0.4,-3.0,-1.2,-3.8,3.1,-3.7,6.3,6.5,0.8,2.8,3.7,3.2,3.2,-12.0,3.6,4.9,-2.0,4.2,5.3,4.7,7.2,4.9,3.2,1.7,-1.2,0.8,0.7,4.5,3.2,1.6,0.7,-0.6,5.6,2.2,4.2,2.2,5.6,0.2,0.7,7.0,-2.4,-2.9,-2.8,-1.4,0.1,0.3,-1.1,0.4,-0.3,0.8,1.5,2.7,-0.9,1.5,-0.4,1.0,-6.3,3.4,2.0,-2.6,-3.5,0.6,-3.0,-2.6,-1.7,3.4,-1.2,-2.1,-3.3,4.7,1.8,-2.3,-5.9,1.3,-7.9,-12.7,-3.1,2.2,-1.7,-1.6,5.2,3.7,4.9,3.6,-0.3,-1.7,-3.6,-0.4,0.4,6.9,-0.7,6.9,4.3,2.9,3.7,2.5,1.2,-0.2,8.3,2.3,-0.5,0.1,3.2,-0.6,3.6,1.2,-3.6,-11.0,-4.3,-4.0,6.7,-1.9,-1.0,-2.7,6.2,-1.5,0.4,4.4,5.9,2.6,0.1,9.5,1.8,2.4,3.6,11.6,4.5,3.0,-1.6,-3.1,-0.2,-0.5,2.0,4.4,1.7,-2.1,-4.2,-3.9,-0.2,1.9,12.3,-7.2,-7.4,-4.5,-6.4,-2.9,-7.7,7.8,11.1,-3.5,0.0,-1.1,2.2,1.5,3.3,-6.9,-5.6,-1.9,-4.3,1.0,-2.1,3.1,-1.6,0.5,-1.9,1.3,-1.8,-4.1,-7.4,-9.0,-6.8,-2.1,2.5,6.5,-2.5,1.1,-1.3,-1.8,-9.8,0.5,-4.6,-3.3,-4.2,-2.4,0.9,-2.0,-1.4,0.5,2.4,-1.3,0.1,0.2,-6.2,-12.5,9.2,5.3,-4.0,0.1,10.2,-15.4,-8.4,-12.3
2C7L51FZgv,0,48.10673,11.62453,4442030.55,2778349.52,536.8,582.5,282,7305,4.2,0.65,0.57,32.64,348.97,-0.529,-0.103,0.842,-0.2,0.2,-0.53,0.32,1.5,0.3,-0.3,-0.5,1.8,-2.1,-2.7,0.4,4.2,-3.6,0.7,0.8,0.0,2.4,3.6,-1.4,-0.6,-3.7,-3.7,-4.0,-2.4,-3.6,-4.5,-2.6,-4.6,-1.5,-5.3,-2.8,-1.6,-5.4,-10.2,-8.2,-10.9,4.2,-6.3,-6.2,-6.8,-4.0,-5.1,-2.9,-2.1,0.0,-3.9,-0.5,-2.3,-4.9,-1.2,-3.2,-1.2,-2.8,-2.8,-1.6,-2.1,-0.2,-1.6,0.6,-1.6,-1.8,1.3,-3.0,1.0,-1.5,3.4,-2.2,-2.8,6.4,1.2,-2.6,-7.8,-3.7,-9.3,-4.2,-1.6,-2.3,-2.4,-4.9,-4.6,-3.2,-2.3,-2.0,-3.1,-5.5,-2.0,-4.5,-4.3,-3.9,-7.1,-4.5,-7.5,-2.6,-4.0,-3.6,-6.5,-6.4,-5.5,-10.6,-6.0,-7.0,-5.3,-2.4,-7.1,-4.0,-3.2,-4.3,-1.3,-2.4,-2.7,-2.7,-2.9,-2.4,-4.8,-2.8,-3.1,0.5,0.2,2.9,0.0,-2.9,5.0,4.0,2.6,-0.7,-3.7,-4.5,0.6,-5.9,-2.2,3.5,2.2,0.8,-1.7,-4.1,-0.7,-3.4,7.5,5.5,-2.2,-0.1,-2.5,-2.5,2.4,1.0,4.3,0.2,-1.3,-2.7,2.2,-2.3,-1.5,-3.7,0.7,-5.2,-5.3,-3.5,-0.4,3.1,-1.4,-4.6,-0.7,1.0,-3.6,-2.1,-1.0,-0.3,-8.7,-13.5,-0.5,-0.5,10.8,11.9,3.6,5.5,-0.2,-6.1,5.8,-10.3,-11.8,-7.7,-9.4,12.8,-11.6,2.0,-5.2,-4.7,-5.4,-6.7,-5.7,-6.8,-3.0,-8.4,-8.8,3.4,-12.1,-10.1,-3.2,-8.9,-6.0,-13.7,7.8,-2.6,0.2,6.2,-9.8,-13.8,-7.8,-0.1,4.3,-2.1,-9.3,-0.7,-0.9
2C7L51FZhe,0,48.107077,11.62723,4442230.86,2778392.47,543.1,588.8,282,7350,4.3,0.61,0.47,32.65,348.97,-0.53,-0.103,0.842,-0.4,0.2,1.08,0.33,1.7,0.3,-0.3,-4.1,1.2,-13.8,3.9,-2.6,-5.0,9.6,-1.8,-12.8,-10.4,9.8,-2.1,5.4,-4.3,-5.6,-4.1,-11.4,-14.8,-4.3,4.0,-7.3,-7.3,-6.7,-7.1,-2.8,0.4,-1.8,-5.9,-9.5,-2.3,-0.3,-9.8,-10.0,-11.2,-3.5,-2.1,-7.5,2.1,2.5,5.6,-5.5,-4.9,-0.0,0.7,-4.5,-3.9,5.0,4.3,4.4,1.0,-2.7,2.0,-2.1,-1.5,-1.3,-4.3,-8.7,-4.8,-8.1,-3.9,-2.9,-0.8,-9.2,-1.5,-3.6,-8.2,8.6,-8.0,-7.3,-7.8,-5.0,-5.4,-1.9,-4.2,-4.5,-3.6,-2.7,-5.1,-5.0,-6.3,-8.8,-6.6,-7.0,-9.1,-10.4,-7.5,-3.2,-4.8,-5.9,-7.7,-8.9,-15.4,-5.7,-7.0,-10.8,-10.0,-0.5,-5.9,-3.9,-6.1,-4.3,-6.3,-5.5,-5.1,-6.5,-3.2,-7.2,-9.6,-3.7,-7.4,-6.9,-9.4,-7.6,-4.1,-3.4,-5.7,-5.4,-10.1,-8.0,-5.6,-10.0,-5.5,-2.0,-5.6,-6.4,-7.9,-7.2,-6.3,-9.9,-5.7,-8.6,-15.0,-15.9,-6.0,-9.6,-3.0,-6.0,-7.6,-1.1,1.5,-1.7,-4.7,-4.9,-8.3,-5.4,-10.7,-2.9,-6.3,-14.5,7.3,-16.0,-7.7,0.3,-7.3,-10.1,-13.2,-3.0,-14.5,-3.7,-4.2,-4.4,-6.6,-8.9,-8.8,-4.3,-5.6,-2.7,-11.9,3.7,-4.0,-7.7,-2.9,3.3,1.9,-1.2,-5.0,0.9,-1.9,-4.6,-0.7,-1.3,-1.1,1.7,-1.9,-2.1,-7.3,-2.5,-6.4,-3.5,-8.6,-4.0,-7.5,-6.6,-3.5,-10.5,-7.4,-2.2,-10.9,-6.7,-6.1,-12.4,-7.2,-4.9,-3.8,-3.4,-4.0,-2.7,0.8
2C7L51FZhs,0,48.107169,11.62795,4442284.26,2778403.93,541.5,587.2,282,7364,3.5,0.72,0.47,32.66,348.97,-0.53,-0.103,0.842,-0.9,0.2,-0.53,0.27,0.6,0.2,-0.3,-1.0,-0.1,3.3,-3.3,-6.5,0.2,4.0,-2.6,7.2,4.6,-1.8,4.9,2.7,-2.4,1.7,3.4,-2.3,-1.9,-4.3,-6.1,3.1,-1.1,-1.4,-1.1,-0.6,-2.9,-4.9,3.1,-2.7,-1.8,-7.9,-7.2,-5.7,-0.4,-4.2,-3.5,-1.5,-0.5,-0.9,-2.7,-3.5,-1.2,-2.0,-1.8,-3.9,-1.2,1.0,-6.0,-8.1,-5.1,-2.5,-3.2,3.1,-1.3,1.5,-1.2,-4.0,-3.7,1.2,-1.3,-2.9,-2.2,-6.7,-1.7,3.2,-0.8,-8.4,0.6,-2.4,-10.5,-1.3,-0.5,1.6,1.4,-0.7,1.7,-6.3,0.8,2.9,1.5,1.4,-1.2,-3.4,-1.7,-1.4,-7.4,1.2,-0.3,-4.1,-4.6,-2.6,-5.0,-3.6,-1.7,-0.9,0.4,-6.4,-2.7,2.0,-1.0,-2.4,-2.4,-3.4,0.9,-2.1,-4.0,-2.9,-2.6,-1.0,-2.2,-4.5,-1.0,-3.2,1.1,0.1,-2.7,-4.1,-5.2,-3.7,-3.2,-0.2,-6.3,7.2,4.7,-3.4,-8.2,2.7,-1.4,-1.8,-1.5,-4.5,-5.8,-1.7,-4.5,-4.7,-5.3,-3.8,-4.4,-6.0,-2.1,3.1,5.8,2.8,-15.3,-1.6,-8.5,1.1,-5.8,-1.9,1.5,-1.7,2.4,0.1,3.4,0.2,-15.7,0.9,-0.8,-1.4,-1.6,-4.0,-5.0,-6.5,-7.7,-7.0,2.8,-2.6,-1.5,-3.2,-7.5,-2.5,-7.2,-3.1,4.4,-0.6,0.1,-3.3,-2.2,-13.1,-6.2,-5.7,-9.2,2.2,-10.4,-6.8,-1.5,-1.1,-8.3,-2.0,-4.2,-5.7,-5.7,-8.0,-4.1,-8.6,-5.8,-11.2,-3.0,-4.5,-4.8,-5.2,-2.8,-0.2,-5.0,-16.3,-8.2,-10.7,-8.2
2C7L51FZiu,0,48.107646,11.631664,4442559.82,2778463.03,542.5,588.2,282,7428,3.3,0.77,0.49,32.67,348.97,-0.53,-0.103,0.842,-0.4,0.2,-0.62,0.25,0.7,0.2,-0.3,-3.0,-3.5,-0.9,-1.3,-1.6,3.6,-1.7,0.3,-2.1,0.1,0.4,3.6,-0.6,1.8,1.6,2.4,-0.8,1.4,-7.3,-8.7,1.1,2.4,1.6,6.0,5.6,2.9,2.0,2.1,0.7,-1.2,1.5,-6.2,-5.4,-1.0,-1.2,3.6,1.3,10.3,4.2,-12.0,1.3,4.4,8.0,1.1,2.2,2.7,1.8,2.0,-0.2,2.9,1.9,3.4,-0.1,-0.4,4.2,3.5,0.5,3.0,3.8,-0.5,4.3,3.2,4.5,-1.6,9.0,4.1,4.1,2.6,3.8,3.0,1.6,4.2,2.5,-9.6,5.6,-4.0,4.0,0.7,3.8,-0.2,-1.6,0.2,-1.1,-0.8,-1.2,3.7,2.3,0.4,0.5,-0.1,1.4,1.8,-0.9,-0.3,-0.8,0.9,-0.5,2.1,-1.7,-1.0,0.1,-0.4,2.1,1.4,3.6,0.0,1.0,3.5,1.8,1.4,3.0,1.1,1.0,-1.6,-0.4,0.9,-0.1,0.2,0.1,-1.9,0.9,0.6,-1.0,0.8,2.3,6.5,4.6,1.8,-0.2,-1.2,1.4,-0.9,3.5,4.8,-6.8,2.5,-0.9,-0.7,0.0,4.0,0.4,0.6,-1.0,-0.1,0.7,2.4,6.3,3.4,-0.3,4.8,-14.0,-3.9,3.8,4.1,1.8,3.1,7.2,2.3,2.0,-1.4,-1.6,-2.2,-0.5,-3.3,-7.8,-1.4,1.2,-3.7,4.3,-1.7,-2.8,-6.7,-2.1,-0.5,0.5,1.8,-0.2,-1.3,0.0,0.1,8.9,-2.2,2.7,-2.2,1.1,-1.3,-2.9,-0.0,3.2,-2.9,-8.2,1.9,2.9,0.2,5.7,-2.6,-3.4,-8.7,0.7,-7.2,-7.5,-2.8,-2.9,1.5,1.5,-0.6,-0.1,0.8
2C7L51FZkj,0,48.108447,11.637905,4443022.76,2778562.34,535.5,581.2,282,7541,2.3,0.89,0.3,32.7,348.97,-0.53,-0.103,0.842,-0.6,0.1,-0.27,0.17,0.6,0.1,-0.3,-3.2,-0.7,0.1,0.2,-2.4,-1.3,-0.5,0.2,-1.7,0.5,0.2,-1.6,0.1,0.7,-1.3,1.8,-1.4,-1.1,-1.5,0.2,-1.1,-0.7,-0.9,-1.1,-0.9,0.1,-1.6,0.5,-1.2,-1.5,-3.0,-5.4,-3.5,-2.2,2.1,-1.2,0.6,-0.3,0.4,1.6,-0.0,0.8,-2.4,-2.1,-3.0,-1.9,-2.3,-1.0,-2.4,-1.2,-1.0,-2.1,-2.4,-2.6,-2.5,-0.8,-1.4,-1.2,-1.7,-2.1,-1.1,-1.2,-10.6,-6.8,5.8,-1.2,-3.3,-3.3,-2.8,-2.5,-0.8,-0.4,-1.7,-1.4,-1.6,-0.2,-2.0,-3.5,0.3,-3.4,-3.9,-4.0,-3.6,-3.6,-1.4,-2.0,-2.0,-2.7,-5.5,-2.0,-1.6,-3.7,-2.9,-5.4,-2.4,2.0,-1.2,-0.6,-0.3,-4.1,-2.0,-2.5,0.2,-1.8,-0.2,-3.3,-1.3,-1.0,-0.0,-2.4,-1.0,-2.9,-1.4,-0.3,-1.5,0.5,-2.3,0.7,2.3,0.0,-8.2,-0.0,-2.0,-1.4,-1.1,1.0,0.5,-1.7,-1.1,-5.3,-2.4,-2.2,-2.3,-1.8,-3.3,-4.7,-3.0,-4.0,1.4,-1.0,-2.1,-2.4,-5.7,-1.5,-0.9,0.6,0.0,0.3,0.1,0.9,-2.8,1.7,-1.0,-2.0,1.5,-0.5,-1.7,-0.3,-4.1,-1.9,-2.6,-16.2,-3.8,-6.5,-10.7,-1.0,-0.7,-0.7,-2.7,-3.8,-4.9,-2.9,-2.8,-2.9,-4.5,-1.3,-0.2,1.4,-11.1,2.1,-0.6,-3.3,-2.7,-4.3,-5.0,-4.0,-3.1,-5.3,-4.6,-6.3,-5.0,-6.0,-3.4,-4.0,-3.0,-4.7,-2.5,-5.6,-4.9,0.3,-4.2,-7.0,-6.2,-3.1,-5.5,-6.6,-5.4,-2.2
2C7L51FZg4,0,48.10638,11.621662,4441817.77,2778305.93,545.4,591.1,282,7252,3.8,0.7,0.54,32.6,348.93,-0.529,-0.103,0.842,-1.1,0.2,0.27,0.29,1.5,0.3,-0.3,-1.2,-2.1,1.1,-1.4,-0.1,2.6,-0.5,3.1,-3.8,-3.2,-4.0,1.9,0.2,-0.1,-0.7,-0.7,3.1,-0.5,1.7,0.1,7.6,5.1,1.1,-2.2,-12.1,-0.3,12.0,2.2,0.8,-1.2,-15.3,-3.4,-5.6,5.0,0.5,0.0,12.2,4.8,3.5,5.6,5.2,4.7,9.6,-2.0,3.4,-3.0,-4.9,-2.4,-0.0,2.7,1.0,0.6,0.1,2.0,0.9,-4.0,0.0,-7.0,-2.8,-0.3,-3.0,-3.6,1.2,-3.3,3.6,-0.6,-3.9,-3.8,-2.3,-3.9,0.9,2.4,-1.0,-9.0,-0.0,-0.2,7.6,-2.0,-3.9,-3.5,-3.3,-9.6,0.5,-1.3,-3.1,7.3,-1.9,3.6,-2.5,-9.4,-5.5,-1.8,1.5,3.9,-6.8,-8.0,-1.1,-2.5,-8.0,9.5,1.9,-4.7,-1.0,-6.0,-5.0,-1.6,-4.5,-4.6,-1.5,-3.4,-3.0,-2.9,-5.2,-2.1,-7.2,-5.5,-2.0,-8.0,-3.4,-0.4,-1.5,0.6,-2.8,-1.5,-5.8,-6.6,0.6,-4.5,-2.5,-1.2,-4.2,3.3,5.3,-0.5,-1.3,2.5,0.4,0.3,0.4,1.4,-0.1,4.1,-2.4,4.3,-0.7,-0.5,-1.0,-0.5,-1.2,-10.6,-3.9,-4.6,-4.9,-5.9,-6.4,-10.1,-3.3,-5.0,-1.4,-2.6,0.9,-5.1,-4.5,-2.5,-2.0,-1.2,-3.3,-6.2,-3.0,-4.5,-5.4,-6.7,-3.1,-10.1,-4.6,-5.9,-5.4,-4.9,-8.4,-3.6,-13.9,-5.2,-3.8,-7.6,-4.8,-3.5,-2.6,1.1,-1.5,4.7,-6.8,4.7,-2.6,4.6,-2.0,-4.0,-5.2,-2.8,-4.0,-4.8,-6.0,-4.4,-5.1,-6.4,-9.3,-8.5,-4.2,-6.6
2C7L51FZhD,0,48.106866,11.625443,4442098.28,2778366.13,531.3,577.0,282,7323,1.9,0.91,0.3,32.65,348.97,-0.529,-0.103,0.842,-0.9,0.1,-0.69,0.15,0.7,0.1,-0.3,-1.4,-1.8,-1.2,0.2,-2.4,1.5,-1.9,-0.2,-0.6,2.0,0.6,2.6,-0.2,2.1,0.4,0.6,0.1,0.1,0.8,-2.1,-0.7,0.4,1.1,1.3,4.5,2.5,2.7,3.2,0.3,-1.8,-11.9,-3.8,-3.2,-2.7,-3.0,-2.0,0.5,0.9,2.9,-0.9,1.5,-2.2,-0.7,0.3,-1.2,0.1,1.8,-1.8,-0.2,1.7,1.6,1.5,2.0,1.9,1.9,2.7,0.8,3.0,-0.3,-0.1,0.4,1.7,2.1,0.6,3.9,2.0,0.3,-0.5,1.3,1.5,-0.1,1.2,0.5,1.6,1.1,1.1,0.6,0.4,-1.3,-0.2,1.0,1.2,0.6,-0.1,-0.7,-1.6,2.2,1.0,1.4,0.1,-0.7,-2.8,-3.4,-1.6,1.2,4.0,-0.5,3.1,2.7,3.2,0.2,1.6,0.9,2.7,1.4,0.4,-1.9,-0.7,-1.5,-0.4,1.2,-0.7,0.9,-0.3,0.5,-0.5,-5.1,0.5,-0.6,-0.9,-3.6,-1.0,-0.6,0.2,0.2,-0.0,0.4,0.8,-1.5,-1.0,-1.6,1.3,1.3,-1.5,-3.3,-1.6,-0.7,-2.1,2.1,4.9,-0.1,-0.7,-0.8,1.4,0.5,-0.0,-1.8,-0.1,0.3,1.5,-1.5,0.2,-0.5,-2.0,-1.6,-0.8,-1.6,-2.0,-3.2,-2.7,-2.0,-1.6,-1.5,-3.1,-3.7,-3.1,-1.9,-2.0,-0.4,-1.1,-2.0,-4.3,-5.6,-1.3,-2.2,-1.3,-0.5,-0.1,-0.4,-2.7,-2.7,-3.6,-4.0,-4.5,-2.3,-2.8,-3.1,-1.5,-3.9,-3.8,-5.3,-3.2,-10.5,-9.9,-9.4,-4.3,-4.0,-2.7,-5.4,-2.1,-3.0,-3.0,-2.8,-3.5,-1.6,-0.3,-2.0,-3.0
2C7L51FZip,0,48.107678,11.631775,4442567.96,2778466.81,562.9,608.5,282,7423,2.7,0.83,0.39,32.67,348.97,-0.53,-0.103,0.842,-0.8,0.1,-0.46,0.2,0.6,0.2,-0.3,0.6,4.1,-3.4,1.1,2.7,2.0,-2.5,-3.9,2.3,2.4,-0.8,-1.4,-0.6,-1.4,-0.8,-2.4,-3.7,-1.4,-4.2,-6.0,-4.4,0.2,6.1,-2.5,3.6,0.6,-3.3,12.0,-4.3,1.0,-3.1,-2.3,-3.8,-0.4,-2.3,1.2,-1.6,6.0,2.4,2.7,1.5,-0.9,1.8,4.7,2.4,1.7,-0.4,-0.5,-0.1,0.4,-2.3,2.6,1.7,4.3,0.6,1.8,-0.7,2.0,2.5,2.7,-1.0,3.0,3.3,1.5,-1.0,-0.9,0.5,-0.4,1.3,2.3,-2.0,-0.7,-0.2,2.7,0.1,1.5,-0.7,6.0,4.1,-1.7,-1.2,-0.8,-3.8,-2.8,0.6,-3.3,1.9,3.7,1.6,-3.7,0.3,-3.8,-0.3,4.2,0.4,-2.1,4.3,-0.9,0.4,2.3,0.8,2.3,0.6,-1.9,5.2,2.6,4.5,-3.7,-3.7,-6.0,-2.0,1.7,4.5,-0.7,2.7,0.2,3.2,1.4,2.0,3.2,3.2,3.1,-0.5,-1.4,-2.3,0.4,-4.7,0.2,0.0,-3.5,-3.1,0.1,1.4,0.7,-2.8,-0.4,-1.3,-4.4,0.5,1.2,-6.1,-5.9,0.0,-1.4,-0.6,-1.9,0.2,-3.4,-0.5,-2.5,-1.8,-2.4,-0.9,0.4,-0.6,-1.4,-1.4,-2.2,-5.4,-1.3,-2.4,-6.3,-1.6,-6.6,-1.1,-2.5,0.8,4.6,1.3,1.0,2.0,-3.8,-4.9,-4.7,-6.9,-1.5,-3.9,-3.8,0.4,-2.9,-2.2,0.9,1.6,-0.7,-2.1,-0.9,-6.1,-5.4,-2.2,-8.8,-3.5,-1.3,-3.7,-1.6,-5.3,-2.3,2.1,-4.1,-3.2,-1.4,-6.8,-4.4,-2.3,-0.3,-2.6,-1.8,-5.9,-4.1
2C7L51FZj2,0,48.107744,11.632285,4442605.78,2778474.94,551.1,596.8,282,7436,4.4,0.63,0.49,32.67,348.97,-0.53,-0.103,0.842,-0.5,0.2,-0.38,0.34,1.6,0.3,-0.3,-2.8,-1.9,-0.7,-0.5,-2.2,-3.3,-1.6,-2.9,-1.2,-4.5,-2.7,-3.4,-1.0,-2.0,1.8,3.9,2.1,-1.8,-3.6,-0.9,-2.3,0.6,-14.4,1.0,3.3,-2.2,0.5,-2.9,-1.2,-3.1,-7.2,-7.2,-9.8,2.3,-11.6,-2.9,-8.6,5.7,-1.8,-3.0,-2.4,-1.6,-3.2,7.2,-3.0,-0.5,-1.9,5.3,0.5,3.9,1.6,1.2,-1.1,5.1,2.4,0.9,2.6,5.7,4.5,1.7,-1.4,0.5,-1.6,-10.4,-2.3,-14.2,-0.6,4.4,1.0,-2.7,-1.0,-3.8,-3.5,-6.3,-0.8,-0.2,-3.1,-1.9,-2.5,-3.6,-1.4,-4.8,-8.0,-17.0,3.2,3.4,-2.5,-4.3,0.3,1.7,-7.0,-6.0,0.5,0.5,-8.7,-2.8,0.5,-2.6,-3.3,1.7,-5.3,-3.2,-8.0,5.6,0.1,-4.1,-2.0,1.8,-5.4,3.0,2.5,1.0,4.1,-1.0,-0.7,5.8,-0.6,3.7,-2.4,-13.8,-6.7,-0.7,1.5,-1.9,-4.7,-9.4,1.4,-4.4,3.1,-11.8,7.8,-2.8,2.9,-15.4,-7.0,-13.7,-18.2,-5.2,-3.1,6.4,-9.6,-0.3,0.3,2.5,0.6,8.1,-4.0,-0.1,0.9,4.4,4.3,1.7,-4.6,1.1,0.9,2.6,0.1,0.8,-4.1,-1.9,-2.0,-1.2,-1.0,-3.7,-10.1,0.0,0.5,-3.3,-6.8,0.9,-1.1,-3.7,-13.8,-4.0,-2.5,-4.2,-2.9,1.8,-4.5,-4.0,-3.7,-12.4,-0.0,4.8,0.5,1.6,-3.8,-0.6,-4.2,-5.9,-6.7,-2.2,-7.0,-8.0,-8.1,-5.7,-3.0,-6.9,-1.5,-0.8,-3.7,-2.1,-3.3,-3.2,-0.8,-6.8,-4.2,-5.2
2C7L51FZj3,0,48.107723,11.632118,4442593.43,2778472.31,540.2,585.9,282,7437,1.5,0.94,0.19,32.67,348.97,-0.53,-0.103,0.842,-0.7,0.1,-0.51,0.11,0.7,0.1,-0.3,-1.0,-0.7,-0.1,1.1,-1.4,-1.1,-0.4,-0.9,-0.3,-1.6,-0.3,-0.4,-0.4,-1.1,0.9,1.1,0.0,-0.7,-1.2,-1.2,-3.2,1.4,0.5,1.4,1.0,1.0,1.6,1.4,-1.3,-2.1,-2.6,-3.1,-3.7,-1.2,-4.1,-0.8,-0.9,1.2,2.6,1.3,-0.4,1.1,-0.5,1.3,-0.2,0.9,-0.6,-0.5,-0.2,0.9,2.0,0.8,1.2,1.4,0.4,-0.1,0.4,0.8,0.9,0.3,-0.5,-0.2,0.1,0.3,-1.8,0.7,-0.3,3.2,-1.7,-0.5,-1.1,-0.2,0.6,-0.2,-0.3,-0.1,0.3,0.2,-1.3,-0.8,-1.1,-2.9,-0.2,-0.8,2.0,-1.9,-0.4,-0.9,-0.8,-1.6,-2.2,-3.1,-2.4,-1.7,-3.3,-1.7,0.8,-2.0,-0.6,-1.2,-1.4,-1.5,-1.0,0.8,0.0,-0.2,0.2,0.1,-1.0,-0.2,0.5,-0.1,0.9,-0.0,0.3,1.1,-0.3,1.2,0.6,-2.0,-0.5,0.6,1.8,-0.4,0.4,1.1,1.0,-0.2,0.1,-3.5,-1.5,-0.8,0.3,-1.2,-3.5,-1.2,-1.5,-2.8,1.2,4.1,-1.2,-2.2,-0.7,-0.4,-0.6,-1.0,-1.9,-0.1,1.3,-0.9,1.5,-0.4,-1.0,-1.3,0.6,-0.4,-0.3,-1.1,-3.5,-1.7,-4.0,-4.7,-0.8,-4.4,-3.5,-0.9,-0.3,2.1,-2.9,-0.8,-2.6,-4.6,-7.2,-2.7,-2.7,-2.6,-2.9,0.1,-9.2,-2.3,-2.3,-0.5,-3.0,-1.7,-0.3,-2.2,-2.4,-2.6,-2.1,-5.6,-7.7,-4.4,-6.0,-3.8,-3.3,-4.4,-4.0,-4.2,-4.1,-2.7,-2.3,-2.9,-2.4,-2.7,-1.6,-3.0,-3.9,-2.9
2C7L51FZj4,0,48.107729,11.632167,4442597.03,2778473.09,539.8,585.5,282,7438,2.6,0.81,0.35,32.68,348.97,-0.53,-0.103,0.842,-1.1,0.1,-1.14,0.2,1.2,0.2,-0.3,2.7,0.4,-1.7,2.1,-0.6,-3.9,-1.5,0.9,-0.6,-2.9,2.0,-1.1,-1.8,1.6,-0.4,-1.1,-2.7,-1.6,-4.0,-5.4,-6.3,-0.4,-1.5,0.4,1.6,1.4,1.9,5.1,-2.0,-4.0,2.5,-2.9,-2.7,-2.4,-4.3,-0.8,4.5,-1.0,3.6,0.5,1.3,7.0,-0.9,2.2,-10.0,2.8,3.3,1.3,3.4,1.3,4.1,1.2,2.0,3.0,4.4,3.8,3.6,4.6,3.4,2.4,-0.6,-2.3,-0.9,0.4,-8.5,-0.1,0.4,6.1,-1.3,0.1,1.4,1.7,2.4,0.2,0.2,2.0,1.1,0.9,-2.8,2.4,-1.2,-3.0,2.4,-2.5,7.1,-5.0,1.1,-1.2,1.0,0.3,-1.9,-2.6,3.3,-0.8,-0.1,-0.3,0.8,-0.7,-0.1,2.1,-0.7,-1.5,0.3,2.3,-0.4,3.1,-0.1,2.0,-1.8,1.2,1.0,1.2,2.0,1.6,2.3,1.7,1.8,2.6,2.0,2.1,1.9,2.5,1.7,-0.1,-0.8,2.8,2.1,0.4,0.3,-2.9,-1.7,-0.7,1.0,-1.4,-4.7,-4.0,-1.6,-2.6,0.5,2.9,1.1,-1.8,-0.3,0.2,0.2,-0.0,-1.2,-0.3,1.1,-3.2,4.8,-1.5,0.8,-2.8,-2.3,-1.0,-0.4,-1.8,-4.6,-1.5,-3.8,-6.2,-1.7,-3.3,-4.8,0.5,0.5,0.3,-5.0,-0.7,-3.0,-4.5,-9.7,-5.6,-5.4,-4.9,6.1,-0.9,-4.3,-1.4,-1.4,-1.0,-3.7,-3.2,0.6,-3.5,-2.3,-4.0,-2.7,-11.8,-10.8,-3.5,-11.5,-6.4,-6.4,-7.2,-5.5,-5.7,-2.7,-3.1,-2.9,-4.8,-2.9,-1.2,-1.8,-4.8,-11.8,-4.6
2C7L51FZk4,0,48.108219,11.635987,4442880.44,2778533.85,554.0,599.7,282,7500,2.7,0.8,0.42,32.69,348.97,-0.53,-0.103,0.842,-0.8,0.1,-0.65,0.21,1.1,0.2,-0.3,-1.8,-1.3,-0.4,-1.6,-0.1,-0.8,1.3,2.1,-1.2,-1.1,-0.2,0.4,-1.3,-1.8,0.7,-1.0,-0.8,1.3,1.1,2.7,0.5,4.1,0.7,4.0,3.6,2.2,1.6,3.4,7.5,5.8,-4.7,7.4,3.0,3.3,7.3,6.1,7.9,5.9,4.4,6.0,5.0,7.0,6.9,5.1,3.5,6.4,5.5,3.8,1.6,1.8,5.0,2.9,4.5,2.4,6.1,2.9,6.1,0.5,2.1,3.4,2.3,4.3,0.6,4.1,6.4,4.7,3.8,3.7,3.0,3.0,3.3,0.5,3.9,4.6,1.4,3.5,5.7,3.1,3.0,-0.8,1.4,2.9,2.0,7.8,2.7,4.6,2.9,5.4,1.6,0.3,-1.7,4.9,-5.6,-1.6,2.1,8.4,2.8,3.5,6.3,6.2,1.0,0.3,10.4,7.3,0.7,1.4,4.4,1.8,7.7,2.0,0.4,2.1,3.2,4.3,2.9,-2.3,2.8,-1.3,2.2,0.2,2.0,0.1,3.4,2.7,2.4,2.3,2.9,2.8,-1.2,3.6,6.3,2.4,3.2,4.1,0.3,-0.5,-1.9,2.2,4.9,-1.8,4.1,-2.5,-0.2,0.8,2.8,2.3,3.7,10.1,-1.6,0.6,-1.7,-0.8,-1.2,1.1,0.9,0.9,0.6,0.1,-0.6,2.0,2.8,9.3,1.2,0.8,1.5,3.3,3.0,3.4,-5.7,3.1,-2.4,-0.7,-1.4,0.0,0.2,-4.6,-1.3,-1.2,-9.4,-2.0,1.7,0.9,3.8,-1.2,-1.7,-3.5,-1.1,-5.1,-2.5,-1.7,-3.0,2.8,-0.6,7.6,8.6,3.8,-3.4,-1.9,2.4,-1.2,-0.9,0.5,-4.6,2.0,-0.3,0.4,-1.8,-2.8
2C7L51FqjC,0,48.106434,11.62194,4441838.37,2778312.42,543.8,589.5,283,7258,1.8,0.91,0.27,32.6,348.93,-0.529,-0.103,0.842,-0.3,0.1,-0.18,0.14,1.1,0.1,-0.3,-0.3,0.9,1.1,-0.5,1.8,-1.7,0.9,1.3,0.6,-1.1,2.1,-1.5,3.2,1.3,0.9,-0.6,0.3,1.8,0.4,1.0,1.8,2.2,0.3,1.1,2.4,4.0,2.5,-3.3,0.4,-0.6,1.4,-2.7,0.3,0.2,-2.4,-2.3,3.3,1.2,4.2,2.7,0.2,1.6,2.0,2.2,1.1,-0.2,-0.6,-0.4,0.2,0.6,0.6,-0.5,0.5,2.0,-0.0,0.2,0.9,0.6,-0.4,-1.1,-1.1,0.1,-6.2,-0.0,-4.4,-2.2,-2.6,-4.3,0.0,-0.3,-1.6,-1.6,-3.0,-1.1,1.7,1.2,1.4,0.2,1.6,1.9,-0.1,0.2,-0.0,0.9,1.7,0.4,3.9,0.8,0.0,-0.3,1.4,2.2,1.0,4.7,1.2,4.4,-0.0,-0.2,1.1,2.0,1.7,1.3,1.2,1.8,0.4,1.3,0.3,0.1,1.0,2.5,1.0,-1.3,-1.3,-1.1,1.4,-0.0,-3.7,-3.0,-2.7,0.5,-1.7,0.8,0.3,2.6,2.7,1.3,-1.2,1.0,1.7,1.5,1.1,2.8,-3.9,0.7,0.4,0.9,2.7,-1.6,2.7,3.8,-0.9,0.5,-1.6,0.2,-2.0,-0.8,-6.7,-0.1,-0.8,1.2,-6.4,2.2,1.3,0.5,1.0,-2.0,0.1,1.3,2.1,2.3,1.9,0.3,2.7,2.9,0.7,2.7,1.5,0.7,3.3,1.6,0.8,-0.5,-1.5,-5.3,-4.1,4.0,-1.9,-0.0,4.1,-3.8,0.7,-0.9,-1.7,-1.8,-1.6,-1.1,0.3,-0.2,0.2,0.0,0.3,-0.7,-0.4,-0.6,0.9,0.7,0.5,-0.6,-3.6,-0.5,-4.0,-1.5,-0.3,-0.7,-0.8,-2.0,-3.5,-1.3
2C7L51FqjG,0,48.106468,11.622204,4441857.96,2778316.62,545.2,590.9,283,7262,1.6,0.93,0.25,32.6,348.93,-0.529,-0.103,0.842,-0.5,0.1,-0.31,0.12,0.9,0.1,-0.3,2.3,-0.0,-0.2,-0.7,0.6,-1.7,-2.5,-1.8,-3.7,-2.7,0.6,-1.0,0.9,0.9,1.4,0.7,-0.1,0.9,0.1,-1.0,-1.2,-1.3,-0.3,-1.0,1.2,1.2,0.5,-0.8,-1.7,-4.3,2.5,-4.7,-5.4,-3.8,-5.1,-4.6,-10.5,-0.3,1.1,0.5,0.2,0.6,1.5,1.6,-0.4,-0.7,-0.9,-0.0,0.2,-0.2,0.5,0.8,0.3,1.5,0.1,2.0,-0.1,-0.1,0.5,-1.4,-0.3,0.6,1.8,-0.8,-0.5,-0.5,-1.2,-1.5,-0.1,-1.1,-1.5,-1.2,0.1,0.4,0.7,0.3,0.9,-0.0,-0.3,-3.3,-2.8,-0.9,-0.8,-1.6,-1.5,-2.4,-1.5,-2.2,-3.0,-4.5,-1.8,-2.0,-2.0,-0.2,-3.6,1.1,-1.0,-3.2,-1.2,-1.3,0.0,0.3,-0.4,-0.2,-1.9,-0.7,-0.6,-0.2,-0.7,-0.8,-0.1,-1.2,0.4,-0.6,0.6,0.7,-0.7,-0.1,0.2,2.4,1.3,0.1,-1.0,-0.9,-2.3,-0.6,-1.1,-0.9,-1.7,-1.6,-3.4,-0.1,-2.7,-3.2,-3.8,-3.3,-1.2,-1.4,-0.5,2.0,-1.7,-0.3,-1.8,-0.8,-0.9,-0.4,-5.4,0.7,-0.4,1.8,1.2,-0.6,-0.1,-2.4,-1.5,-1.9,-2.0,-1.3,-2.2,-2.3,-1.5,-3.6,0.8,-1.2,-3.6,0.4,-0.9,-3.6,0.7,-0.7,-1.8,-4.1,-3.4,-5.5,-3.4,-3.8,-2.5,-2.1,-1.3,-1.2,-1.8,-3.6,-1.4,-2.8,-2.8,-3.5,-2.3,-2.6,-3.5,-3.6,-4.2,-2.8,-4.8,-6.0,-5.0,-3.0,-4.4,-6.2,-3.1,-3.2,-2.1,-2.4,-1.1,1.5,-3.4,-1.0,-1.7,-1.5
2C7L51FqjH,0,48.106463,11.622166,4441855.1,2778316.02,540.6,586.3,283,7263,1.7,0.91,0.23,32.6,348.93,-0.529,-0.103,0.842,-0.8,0.1,-0.17,0.13,1.3,0.1,-0.3,1.0,0.4,1.2,2.0,-0.2,-4.9,-0.0,-2.5,-2.0,0.7,1.1,-2.1,-1.1,0.3,-1.1,-1.2,-2.0,-0.2,-1.9,-3.3,-1.3,-2.9,-2.2,-2.8,-1.6,-1.1,0.5,-2.0,-2.6,-6.6,1.9,-6.7,-6.7,-7.1,-7.5,-7.4,-2.7,-2.2,-1.1,-1.0,-0.3,0.2,-2.4,-2.1,-2.5,-1.6,-2.0,-3.0,-2.0,-0.4,-2.1,-0.0,-1.4,-0.6,-1.0,-1.0,-0.6,0.4,-0.1,-2.0,-0.8,-0.1,-2.3,-0.9,-3.0,-2.6,-1.0,-3.8,-2.1,-1.3,-2.7,0.1,1.1,-1.0,-2.8,-1.7,-0.1,-0.8,-2.1,-3.5,-2.0,-1.7,-3.6,-2.1,-2.5,-4.3,-2.4,-4.2,-4.3,-6.0,-3.4,-4.1,-3.9,-3.0,-6.7,-0.5,-2.8,-5.7,-3.7,-6.9,-3.4,-1.5,-3.4,-1.3,-3.8,-2.6,-1.7,-2.3,-2.7,-1.8,-2.1,-2.3,-2.4,-1.8,-0.3,-0.4,-1.8,-2.7,-3.6,-1.3,1.1,-2.6,-3.5,-3.1,1.8,-4.3,-4.3,-4.1,-4.3,-5.9,-4.7,-3.8,-5.5,-4.1,-5.9,-5.7,-3.1,-3.6,-1.6,0.0,-4.4,-2.2,-3.6,-1.9,-1.6,-1.6,-4.0,-2.1,-2.3,-1.5,-2.0,-3.3,-3.7,-5.4,-5.0,-3.0,-3.1,-3.0,-3.5,-2.8,-4.8,-6.0,-2.4,-3.0,-4.3,-1.3,-4.7,-6.2,-3.8,-3.4,-4.7,-5.8,-6.1,-6.3,-5.1,-3.8,-0.7,-2.1,-8.1,-3.0,-3.3,-0.7,-0.9,-5.9,-3.4,-6.1,-3.1,-5.1,-6.7,-5.4,-6.3,-5.4,-8.1,-8.0,-8.2,-6.3,-6.9,-7.8,-5.2,-6.0,-5.5,-5.8,-4.3,-3.3,-9.8,-3.4,-2.9,-3.2
2C7L51FqjI,0,48.106475,11.622256,4441861.81,2778317.45,542.2,587.9,283,7264,2.0,0.88,0.28,32.6,348.93,-0.529,-0.103,0.842,-0.9,0.1,-0.27,0.15,1.5,0.1,-0.3,0.8,1.1,-0.2,0.6,0.6,-5.4,0.4,-0.2,-0.5,0.1,1.7,-1.4,1.8,1.2,-0.8,-1.1,-2.0,-1.0,-1.8,-2.7,-0.3,-2.5,-1.7,-3.9,-1.5,-1.3,0.8,-5.3,-2.9,-6.3,0.5,-6.1,-7.3,-5.2,-4.7,-6.7,-3.4,-1.4,0.5,-0.8,0.4,-0.1,-1.3,-0.6,-2.0,0.0,-2.7,-0.9,-0.6,0.2,2.8,2.1,0.5,-0.2,-0.9,0.4,0.7,-0.2,-0.3,-1.3,-0.4,-0.8,-9.1,-0.6,-1.4,-4.7,-1.4,-1.0,-2.5,-1.0,-3.1,2.3,3.3,0.8,-1.2,-1.3,-0.1,-1.1,-1.4,-2.6,-0.8,-3.6,-1.5,-2.7,-1.7,-5.0,-2.2,-4.3,-5.0,-6.8,-4.3,-3.9,-4.4,-3.1,-4.2,-0.3,-2.1,-5.5,-2.8,-1.4,-1.6,-1.2,-2.4,1.4,-4.5,-0.6,-0.8,-0.2,-1.0,0.1,0.5,-2.2,0.0,-0.7,0.4,-0.4,0.6,-0.7,-2.3,0.7,4.2,-0.1,-1.2,-1.1,-0.6,-1.3,-3.3,-2.2,-3.5,-5.3,-5.0,-2.9,-5.9,-3.3,-5.0,-5.3,-3.0,-3.3,-1.8,0.7,-4.9,-1.7,-2.1,-1.9,0.7,-1.5,-8.4,-2.0,-1.6,-2.0,-7.2,-1.8,-3.1,-2.0,-0.7,-2.9,-3.3,-3.0,-3.8,-2.1,-5.3,-6.4,-3.1,-2.8,-6.5,-2.1,-3.7,-6.8,-2.7,-4.6,-4.4,-4.6,-5.9,-6.7,-7.2,-0.0,-2.9,-2.9,-11.9,-3.4,-5.4,-3.0,-2.0,-4.1,-3.3,-6.7,-4.6,-5.4,-6.5,-4.9,-7.5,-6.7,-7.5,-8.0,-8.2,-5.0,-7.4,-9.3,-5.0,-5.4,-5.5,-3.0,-3.5,-2.1,-0.1,-2.4,-3.6,-3.6
2C7L51FqkL,0,48.10695,11.625951,4442135.9,2778376.25,540.8,586.5,283,7329,3.9,0.71,0.44,32.65,348.97,-0.529,-0.103,0.842,-1.2,0.2,0.17,0.29,0.6,0.3,-0.3,2.9,10.3,2.7,2.8,3.7,0.7,4.2,1.0,-0.9,-8.1,-2.1,-5.2,0.5,-0.6,-0.3,-0.9,-1.0,-1.6,-4.1,-4.5,-2.4,6.0,-7.9,-0.2,0.8,-4.9,-1.6,0.3,-0.4,-2.7,7.6,-0.8,2.9,-0.3,-2.8,0.3,1.7,-0.1,1.9,0.4,-4.2,-6.3,2.3,3.4,-1.7,0.1,-4.7,-2.1,-4.7,-3.4,0.3,-2.2,-1.9,-2.7,-1.2,-0.4,-5.1,-3.1,-3.1,-3.5,-5.3,-2.4,2.3,-2.6,-2.9,-2.1,-1.9,-5.2,-2.9,-6.2,-5.3,-4.3,-4.9,-4.5,-0.0,-0.6,0.5,-3.3,-2.1,-1.0,-4.0,-6.3,-4.1,-5.0,-7.3,-3.5,3.1,2.4,-6.5,3.9,-3.4,6.3,1.2,-5.3,12.2,6.1,-1.5,-5.0,-5.0,9.0,-3.3,-4.4,-0.8,-5.6,-3.3,-3.2,-7.3,-4.3,4.0,-6.6,-7.6,-9.4,-5.7,-7.9,-5.8,-4.6,-5.3,-5.4,-3.5,-1.7,-1.7,-5.7,-2.6,-4.5,-1.9,-0.1,-5.3,9.3,4.5,2.1,-0.8,-5.2,-11.0,-3.5,-2.2,-1.5,-5.3,-7.3,-0.0,-4.2,-2.5,-2.6,-2.5,-5.1,-1.4,-2.7,-12.5,-5.6,-7.7,-2.3,2.3,-1.5,-0.5,-6.8,-1.7,-4.8,-6.0,-2.9,-6.7,-1.6,-1.0,-1.3,-3.3,-4.7,-9.2,-0.7,-4.6,-3.1,-3.6,-5.5,-8.6,-6.8,-14.1,-5.4,-5.9,-4.4,-5.5,-6.0,7.8,-4.4,-5.8,-5.6,-2.1,-6.0,-9.8,-0.1,-12.6,-1.1,1.2,-6.3,-4.3,-10.5,-5.8,-2.0,-11.9,0.7,-13.1,-8.8,-17.9,-4.9,-6.1,-7.6,-6.5,-4.0,-3.3,-4.7,-3.5,-2.3
2C7L51Fqkt,0,48.107191,11.627833,4442275.5,2778406.19,539.1,584.8,283,7363,2.8,0.82,0.3,32.66,348.97,-0.53,-0.103,0.842,-0.9,0.1,-0.5,0.21,1.2,0.2,-0.3,0.5,0.7,2.6,3.0,-0.4,-3.7,1.3,-0.3,3.3,-10.5,1.3,1.3,2.9,3.2,2.3,2.6,2.6,2.8,2.9,0.9,3.9,3.5,1.4,5.9,4.2,4.8,3.2,0.9,-0.6,-0.6,-9.0,-1.8,-0.7,1.5,2.3,3.0,2.8,3.1,5.2,2.5,2.4,-0.3,3.7,2.1,1.7,3.5,-0.9,-1.9,0.2,0.0,0.7,2.0,4.1,4.8,4.0,0.9,-1.4,-0.8,3.9,-0.6,-2.9,-0.2,-8.0,2.5,-11.1,-3.4,-3.1,2.6,0.9,1.9,-1.6,4.7,-0.4,-0.2,0.7,2.8,3.9,3.5,2.0,2.4,2.8,2.1,0.5,0.0,1.3,-0.0,4.8,3.9,1.9,2.3,1.7,-0.3,-5.3,1.3,6.1,3.8,-1.0,2.5,4.1,3.3,0.8,2.1,3.0,6.6,2.5,1.1,2.4,3.2,2.4,3.6,1.8,3.7,1.4,0.1,0.7,-3.6,-5.1,-0.8,-2.4,-1.1,-2.5,0.8,-1.4,0.8,2.5,1.0,-3.0,1.6,-0.1,-0.3,-0.1,0.7,-2.8,0.5,-0.3,1.9,0.5,0.6,3.4,5.9,-3.7,-3.5,0.6,-0.6,1.8,-2.9,-3.9,-0.5,0.4,2.6,0.3,1.1,2.5,2.4,2.1,-1.6,2.0,-0.6,1.6,-1.2,0.6,1.3,-0.1,-1.2,-1.1,-0.8,2.5,0.5,3.4,1.7,2.6,-3.1,-7.0,-6.9,-4.0,-6.3,-6.8,-4.1,-11.8,-2.1,-2.3,-2.0,-0.8,-6.0,-1.6,-0.4,-7.1,-0.9,0.8,-4.0,-1.0,-1.5,-0.7,-3.3,-4.1,-2.2,-2.5,-2.3,0.6,-1.8,-5.0,-3.2,-3.1,-2.1,3.6,-6.9,-5.2,-4.0
2C7L51FqlF,0,48.107336,11.628955,4442358.78,2778424.07,532.2,577.9,283,7385,3.2,0.77,0.46,32.66,348.97,-0.53,-0.103,0.842,-1.1,0.2,-0.71,0.24,1.2,0.2,-0.3,-2.4,-0.3,0.9,2.8,-1.6,-3.6,0.4,0.8,2.0,-7.1,0.8,-0.5,0.1,0.6,-1.7,-2.7,-1.2,-1.7,-3.7,-4.0,-4.1,1.0,-3.7,-8.6,-0.5,12.0,-6.5,-0.7,-1.6,-2.2,-8.1,-3.1,-4.5,-1.4,-4.6,-1.0,-1.0,1.0,3.2,0.8,-0.5,-4.0,2.7,-1.5,6.1,-7.2,4.2,3.3,-2.6,-1.8,1.7,2.4,1.2,2.5,1.2,3.3,1.0,3.3,1.6,1.3,1.3,2.4,-2.8,0.7,-3.3,-0.1,-1.0,0.2,2.1,0.1,-2.4,2.4,-0.3,1.6,2.4,-1.9,2.0,0.9,-1.7,-1.4,0.6,-2.1,-1.9,-3.9,-5.3,0.0,0.9,1.6,-1.5,-0.9,-2.6,-3.0,-4.4,-5.6,-5.0,0.7,-1.7,-3.0,-0.6,-0.2,-2.1,-5.3,-4.3,-2.5,-1.8,-2.1,-2.8,-1.5,-2.8,-1.2,-1.1,-1.0,-1.6,-2.2,-0.5,-0.5,-2.2,-1.0,-0.8,-2.4,-1.3,-0.4,-0.4,0.5,-1.1,-2.1,0.0,-1.4,-2.7,-4.0,-4.7,-2.9,-1.9,-2.9,-6.4,0.7,-0.1,-5.9,-1.0,-2.8,-1.5,-3.5,-3.2,-2.3,-2.0,-1.9,-1.5,0.2,0.1,1.4,-0.8,-0.3,-2.9,-0.1,-2.2,-2.1,-2.2,-4.4,-1.6,-2.6,-6.5,-5.6,-2.4,-1.7,-7.4,1.3,2.2,0.4,0.6,-8.8,-5.9,-13.8,-12.2,6.6,9.2,-9.1,4.6,-10.0,-6.0,-3.4,-6.6,-4.6,-11.3,-3.2,-5.5,-5.5,-5.2,0.6,-10.0,-10.4,-1.7,-0.3,-12.6,-12.3,-9.7,-8.4,-8.4,-8.3,-4.7,-2.0,-7.4,-4.6,-1.4,-6.6,-3.1,-4.1,-4.8,-7.6
2C7L51Fqlv,0,48.107702,11.631814,4442570.84,2778469.51,554.0,599.7,283,7427,4.0,0.68,0.5,32.67,348.97,-0.53,-0.103,0.842,-0.8,0.2,-0.04,0.3,1.4,0.3,-0.3,-1.4,-5.2,-0.2,-0.2,-5.9,2.0,-2.0,-0.0,-1.7,2.6,-2.0,1.8,-1.5,-2.8,-3.4,-4.2,-5.6,-0.6,-3.6,3.8,10.5,-0.6,-2.4,6.3,12.7,0.6,-0.1,-0.1,-8.8,-4.2,-8.5,4.0,-8.3,-5.9,-5.8,-11.1,-3.0,-5.5,-0.8,-0.4,-0.0,1.8,-4.6,-0.8,-2.7,1.1,0.7,0.1,-2.9,2.7,-0.5,-0.8,-3.0,-0.9,2.6,1.8,1.3,0.6,-0.0,-0.9,-3.2,1.5,6.8,-0.4,11.6,5.1,-5.7,-0.9,-3.5,-2.5,-2.7,-5.7,-4.6,-0.1,-9.9,0.7,-3.3,-2.7,10.2,-2.8,-4.8,-7.2,-3.6,-2.5,-5.0,-0.1,-4.3,-7.7,-3.8,-10.8,-8.5,-3.4,1.2,-4.0,-2.6,-9.3,-1.1,-4.2,-5.7,3.2,-10.3,-7.7,-4.1,-1.7,-9.4,0.2,-1.5,2.6,-1.0,3.1,4.6,-3.2,2.1,-1.5,2.1,0.2,2.1,-1.8,-2.1,-0.1,0.1,-2.9,-0.6,-2.5,-2.0,8.9,2.6,-2.0,8.8,-2.9,-6.2,-4.6,2.3,-4.0,-5.9,-6.1,-6.0,-5.1,-0.4,1.7,1.5,-1.4,-2.6,-5.6,-2.8,-3.1,-0.7,-0.1,-3.4,-2.6,-15.7,1.4,-3.7,-3.9,-6.6,-5.5,-6.2,-8.5,-12.6,-5.7,-10.9,1.0,0.9,-4.6,-11.8,-4.8,0.6,-1.8,-9.0,-4.5,-6.8,-4.8,0.3,-2.2,2.3,-3.5,-4.0,-5.2,-0.4,-2.0,-4.8,-3.1,-12.6,-9.8,-2.0,-3.3,-3.8,-4.0,-2.9,-7.3,-8.0,-2.2,-5.0,-4.7,-4.8,-4.8,-4.5,-7.5,-1.7,1.6,-5.8,-1.6,-0.5,-3.6,-3.1,-4.0,-6.1,-6.1
2C7L51Fqkb,0,48.107094,11.626936,4442208.9,2778393.97,545.3,591.0,283,7345,4.2,0.67,0.44,32.65,348.97,-0.53,-0.103,0.842,-1.4,0.2,-0.44,0.32,1.3,0.3,-0.3,-2.4,1.3,0.2,-1.0,-2.2,9.6,-0.2,-0.9,-1.3,-6.3,1.1,-4.2,0.7,-2.8,0.9,0.4,-0.8,0.6,1.3,-1.4,-2.9,-1.6,-2.8,-3.5,-1.8,5.6,-5.1,-5.5,13.5,-2.8,5.9,-10.3,-7.8,1.3,-2.9,2.1,5.2,0.9,4.3,1.7,-2.9,-5.3,0.6,4.4,-4.1,-0.1,10.1,13.0,0.2,2.1,1.6,12.0,2.3,-2.0,-0.4,-1.5,-1.9,-3.6,-3.0,-4.6,-2.7,-0.5,1.3,-2.4,-8.0,-5.1,-0.3,-1.8,-0.2,-2.4,-3.6,-6.5,-7.1,-1.7,-0.2,1.3,1.2,0.0,-2.6,2.0,-0.5,-3.3,0.7,-0.6,-4.7,-5.3,0.2,1.1,-3.9,0.7,1.7,-12.2,14.9,0.1,1.0,5.5,3.1,-3.3,-0.5,1.4,1.1,1.3,1.9,5.1,0.6,2.6,7.5,3.9,3.2,0.5,1.0,-0.8,1.5,-1.3,-2.1,-5.5,-8.1,1.9,0.9,-2.3,-9.2,0.4,-3.9,-3.6,-0.9,3.3,-5.1,-2.0,-3.2,-3.7,-4.9,-3.3,-6.8,0.1,0.9,3.1,-8.8,-8.0,3.5,1.5,-2.7,-0.4,-3.7,-5.6,-5.0,-5.5,-3.8,-1.7,-0.2,-1.0,-8.8,-0.6,0.8,2.0,-1.2,-4.4,-3.3,-4.3,-3.5,-5.0,0.6,11.3,-7.2,-5.9,-13.7,-5.3,-1.7,-5.7,-2.6,1.9,-4.2,-8.4,-13.2,11.1,-4.8,-8.0,-5.2,-8.4,4.6,-6.6,-6.7,-3.6,-2.5,-5.0,-3.2,-9.0,-10.1,-2.2,-2.9,-5.5,-9.2,-10.3,-14.7,-4.9,-8.0,-6.8,-3.9,-6.7,-1.4,-4.6,-7.5,-1.1,-3.3,-7.6,-2.4,-4.8,-3.2,-7.4
2C7L51Fql6,0,48.107288,11.628438,4442320.37,2778417.9,531.6,577.3,283,7376,2.6,0.85,0.33,32.66,348.97,-0.53,-0.103,0.842,-1.0,0.1,0.43,0.2,1.2,0.2,-0.3,3.4,-4.0,-14.1,-5.6,0.7,6.0,6.8,4.4,8.0,-0.9,3.2,7.7,4.6,10.7,-12.7,-6.6,-7.7,-5.7,-8.0,-3.2,-3.0,0.8,-2.7,-6.0,-2.1,-2.3,-2.8,0.1,-4.5,-7.5,-12.2,-8.1,-8.2,-8.0,-7.4,-5.7,-4.3,-4.0,-1.8,-3.0,-4.1,-3.9,-4.9,-4.2,-4.9,-5.2,-3.9,-4.3,-5.3,-4.2,-5.2,-4.4,-4.5,-4.5,-4.7,-4.8,-2.8,-4.2,-3.9,-2.7,-3.2,-4.0,-5.5,-4.3,-3.5,-3.4,-4.0,-3.3,-5.1,-5.1,-3.7,-5.3,-4.3,-5.3,-5.1,-4.8,-4.5,-5.8,-5.7,-5.5,-5.9,-6.7,-6.7,-7.0,-6.9,-5.9,-5.3,-5.1,-5.2,-6.7,-6.2,-6.6,-7.1,-9.0,-7.2,-2.8,-4.6,-5.3,-5.6,-4.2,-5.4,-5.6,-5.0,-5.2,-5.4,-5.3,-4.9,-4.8,-4.2,-5.3,-5.3,-5.9,-5.7,-5.2,-5.3,-4.0,-5.9,-5.1,-3.2,-5.0,-3.3,-4.5,-3.1,-5.1,-4.9,-5.3,-4.0,-5.0,-6.8,-6.6,-7.0,-6.4,-4.3,-6.4,-8.3,-6.5,-6.5,-9.0,-4.2,-3.4,-2.2,-5.3,-6.5,-7.2,-5.4,-5.8,-3.7,-3.8,-4.9,-4.7,-4.9,-4.8,-5.9,-6.5,-5.9,-5.7,-6.0,-6.1,-6.2,-6.7,-7.4,-6.1,-7.3,-7.7,-8.6,-3.7,-6.7,-6.9,-5.8,-6.0,-8.5,-9.5,-7.6,-5.8,-6.6,-6.4,-5.4,-5.4,-11.4,-7.8,-6.8,-5.9,-7.4,-6.6,-6.9,-6.0,-6.2,-5.8,-7.7,-10.3,-8.7,-9.5,-9.0,-8.9,-8.7,-9.3,-7.3,-7.9,-7.3,-6.5,-6.4,-6.9,-7.1,-6.4,-5.8,-7.0,-7.9,-7.7
2C7L51Fql7,0,48.10729,11.628459,4442321.9,2778418.23,529.8,575.5,283,7377,2.3,0.86,0.37,32.66,348.97,-0.53,-0.103,0.842,-0.5,0.1,-1.01,0.18,0.4,0.2,-0.3,0.4,0.5,0.8,0.8,-1.2,-10.1,-2.0,2.2,0.1,0.8,-1.4,-6.5,-2.6,-0.4,-1.3,-4.5,-4.1,-2.5,-2.4,11.2,-0.4,13.0,3.7,3.1,6.2,6.0,5.9,2.7,4.2,0.5,-2.7,0.2,1.2,2.3,0.6,2.2,2.9,3.6,7.0,5.1,4.1,3.4,2.1,5.5,2.4,3.9,3.2,3.0,5.0,3.5,5.0,4.1,4.4,5.0,3.6,3.7,5.0,4.6,4.6,4.6,5.0,3.7,3.8,4.9,5.2,3.9,4.3,5.2,3.5,3.2,4.5,2.3,2.8,2.9,3.9,3.7,2.5,3.5,3.1,3.5,4.1,1.7,3.4,1.8,2.3,1.8,2.6,4.0,4.1,1.9,2.1,2.7,0.5,-0.8,2.5,5.2,4.5,1.7,1.6,4.6,2.0,0.2,1.3,3.1,1.7,2.9,3.4,2.9,5.3,1.9,2.6,3.1,2.9,4.2,3.2,4.7,2.0,2.9,5.4,3.2,4.0,4.2,5.7,3.8,2.2,0.6,3.6,3.8,1.1,0.4,1.1,1.4,4.2,2.1,-0.9,0.4,0.6,-0.5,4.1,4.9,2.9,2.5,2.5,1.8,2.5,2.9,3.4,4.2,3.6,2.4,2.5,4.0,1.2,2.3,2.6,3.1,1.4,1.6,2.3,1.2,-0.1,3.0,0.7,-0.2,-0.1,3.1,2.1,2.8,0.2,2.1,2.4,-2.3,-2.0,3.2,1.5,1.2,-0.1,-1.7,-2.8,-2.3,-2.2,1.7,0.7,0.9,3.2,4.0,1.6,5.8,-4.2,-3.9,-1.3,-1.5,-2.0,-2.5,-0.4,-1.0,-3.8,0.6,0.6,2.2,0.8,1.1,1.8,2.6,2.7,0.2,-1.8,-0.8
2C7L51Fqly,0,48.107721,11.631817,4442571.03,2778471.64,546.1,591.8,283,7430,2.8,0.82,0.42,32.67,348.97,-0.53,-0.103,0.842,-0.5,0.1,0.23,0.21,1.0,0.2,-0.3,0.8,2.2,-1.3,2.7,-2.6,-2.4,-0.1,2.4,4.0,5.4,4.4,0.3,7.1,3.6,-3.0,0.6,-5.1,-3.1,-7.0,-6.4,-7.3,0.1,-6.7,-0.8,1.7,1.6,-0.2,-7.6,-5.0,-4.6,-4.5,-6.0,-6.7,-5.7,-8.1,-3.5,-2.2,-4.8,-1.5,-1.8,-3.8,-5.0,-5.2,-0.4,-5.1,-7.5,-6.3,-5.2,-12.9,-4.1,-4.4,-2.8,-0.7,-0.3,-0.4,-3.7,-2.3,-3.2,-2.9,-5.2,-6.6,-2.2,-2.3,-4.0,-4.5,-4.1,-2.2,0.5,-3.6,-3.3,-3.9,-0.6,-2.6,0.3,-1.7,-2.9,0.0,-2.7,-1.3,-1.7,-2.0,-5.6,-5.2,-2.1,-3.1,-4.5,-2.3,-1.4,-1.2,-3.3,-1.9,-10.6,-5.2,-5.0,-6.4,-7.3,-7.0,-1.2,-1.1,-2.7,-3.2,-8.3,-3.8,-1.7,-3.1,-2.6,-3.0,-3.2,-4.2,-4.1,-1.6,-1.2,-2.4,-3.9,-2.9,-1.9,-3.5,-4.7,-4.5,-4.4,-4.8,-2.2,-4.7,-2.3,-2.4,0.1,-2.6,-3.6,-3.7,-2.9,-2.7,-0.6,-0.9,-4.3,-6.8,-3.7,-5.1,-6.7,-2.3,-1.0,-4.8,-5.7,-2.7,-4.1,-3.2,-2.3,-2.4,-4.2,-2.1,-3.4,-2.3,-3.5,-6.6,-5.4,-4.5,-4.5,-3.4,-5.8,-8.3,-3.1,-2.9,-7.1,-2.4,-6.1,-3.3,-2.7,-1.7,1.0,-2.7,-3.6,-2.2,-5.8,-7.7,3.9,-6.7,-1.7,-3.4,-2.1,-4.6,-4.2,-0.5,-1.5,-12.9,-3.8,0.7,-4.3,-3.3,-0.7,-2.5,-16.4,-4.6,1.9,-11.8,-2.9,-8.1,-3.1,-3.5,-6.0,-8.3,-2.8,-7.8,-4.8,-2.4,-5.7,-5.8,-4.7,-2.4,-4.0
2C7L51Fqm8,0,48.10777,11.632198,4442599.29,2778477.72,536.9,582.6,283,7440,3.5,0.7,0.52,32.68,348.97,-0.53,-0.103,0.842,-0.9,0.2,-0.15,0.26,2.4,0.2,-0.3,5.1,-0.3,2.7,1.7,0.1,1.3,3.0,5.6,-2.0,0.7,6.4,-0.6,-1.5,0.4,0.5,-0.7,-0.3,-1.8,-4.5,-7.8,-6.3,-4.5,-2.0,-3.0,-1.1,2.4,-1.6,5.2,-9.7,-11.0,-4.5,-11.5,-9.3,-5.9,-7.1,-6.3,-5.2,-5.8,-2.8,-0.4,-8.3,-5.1,1.1,-4.2,1.5,-3.6,-4.8,-2.3,-11.9,-14.7,-2.9,-3.9,-0.7,0.3,1.6,-6.5,-1.0,-0.6,-3.3,-0.6,2.4,-2.7,-7.7,-0.1,0.1,5.5,4.9,4.7,4.7,2.1,-1.8,-0.1,0.9,1.6,1.8,-0.9,-1.0,1.1,-3.8,-3.3,-2.2,-4.4,-4.3,-0.0,-6.2,-1.5,-2.3,-5.3,-3.5,-4.5,-1.6,1.4,0.9,-0.4,-3.6,-3.2,-4.7,-3.3,-3.9,-2.0,-7.3,-3.7,-11.2,-2.9,-5.3,-5.1,-0.4,-6.3,-3.2,0.1,-1.4,1.6,3.7,-3.3,-2.0,-1.5,-1.6,-1.8,-0.5,-4.2,-2.4,-1.7,-1.5,-4.0,-3.3,-1.5,-1.2,-1.7,-1.9,-7.9,-5.7,-7.0,-6.4,-6.5,-10.8,-7.3,-7.6,-8.1,-3.1,-0.9,-3.7,-5.3,-2.9,-5.8,-5.7,-5.6,-3.4,-4.7,-3.0,-6.6,-1.8,-4.7,-2.5,-3.9,-7.1,-4.7,-1.9,-4.1,-4.1,-7.9,-6.6,5.4,-3.5,-4.7,-8.9,-3.4,1.3,-3.2,-8.6,-5.0,-8.8,-6.5,-12.1,-12.1,-3.1,-4.6,0.3,3.4,-7.8,-0.2,2.5,-2.3,-7.6,-6.6,-1.0,-6.6,-3.4,-9.4,5.8,-14.0,-12.3,-10.9,-14.2,-10.4,-6.5,-4.8,-2.7,-8.9,-8.4,-8.8,-7.4,-2.2,-5.0,-1.9,-7.5,-7.6,-2.3,-4.7
2C7L51FqjA,0,48.106438,11.621676,4441818.72,2778312.37,534.9,580.6,283,7256,2.3,0.84,0.33,32.6,348.93,-0.529,-0.103,0.842,-0.0,0.1,-0.59,0.18,1.5,0.2,-0.3,0.5,2.8,0.3,-1.0,-7.4,-4.1,2.1,0.8,1.7,0.7,2.7,-3.9,6.8,2.4,1.0,0.8,4.0,3.6,4.2,1.6,2.9,2.1,3.9,3.5,5.2,5.8,4.3,-1.7,2.8,-0.5,5.5,-0.6,0.4,4.2,1.9,0.6,4.9,3.7,7.3,1.2,4.4,1.8,2.2,1.4,1.1,-0.6,0.2,-0.0,2.6,0.5,-0.5,-0.1,1.3,2.5,-1.7,3.9,-0.1,0.1,0.3,-1.2,0.1,-0.1,6.5,-0.1,-5.6,-1.7,2.4,-0.9,3.9,1.0,-4.2,1.2,1.1,2.4,3.1,5.6,1.6,0.6,2.5,3.2,2.8,1.6,2.6,2.5,0.3,7.4,4.8,6.1,3.4,4.9,0.8,0.2,0.9,4.4,0.5,6.6,1.4,-1.7,1.5,1.7,3.1,1.9,3.3,3.4,1.2,3.1,0.8,0.4,3.1,-1.2,2.3,-1.4,-1.7,0.1,1.8,1.4,4.1,-1.6,0.2,-0.6,7.3,-0.9,3.2,0.5,4.3,2.0,1.6,5.5,2.9,6.6,3.8,7.1,3.6,5.6,3.5,3.8,6.7,-0.2,4.7,5.5,3.9,3.4,0.2,2.2,2.3,3.3,-7.1,2.2,3.2,0.7,-4.0,3.4,2.7,2.5,1.5,-2.1,2.1,3.0,4.2,4.1,4.7,2.9,5.5,4.4,4.9,3.4,5.4,3.0,6.2,2.5,1.7,-0.2,-1.3,1.2,1.3,7.0,1.4,3.3,-7.8,2.7,3.7,0.2,2.1,1.9,3.8,0.2,2.5,3.1,1.6,1.1,0.5,2.6,0.1,1.6,-0.4,3.2,0.9,-0.5,-1.0,-1.1,-1.9,-0.6,-0.5,1.0,-4.2,1.8,1.1,0.6
2C7L51FqjD,0,48.106485,11.622043,4441845.95,2778318.19,544.1,589.8,283,7259,1.5,0.94,0.18,32.6,348.93,-0.529,-0.103,0.842,-0.6,0.1,-0.31,0.11,0.5,0.1,-0.3,1.7,1.2,1.3,0.0,-0.6,-3.7,0.7,0.7,-2.0,-2.1,0.8,-0.2,1.5,0.2,1.6,0.7,1.2,1.7,-0.5,-0.4,0.6,0.2,0.1,-0.4,2.9,1.8,2.1,-1.0,0.1,-2.3,4.8,-2.8,-3.1,-1.2,-2.0,-2.4,-0.6,1.7,3.8,3.0,2.1,2.4,3.3,1.7,1.6,0.9,-1.0,-0.0,-0.7,1.0,1.1,1.2,0.9,0.3,1.1,0.4,0.5,0.6,-0.1,-0.8,-0.1,0.4,-3.3,-0.0,-2.4,-0.7,-1.4,-1.7,0.0,0.0,-1.8,-0.6,-0.1,0.2,0.5,-0.1,0.9,0.3,1.3,-0.0,0.3,1.2,-0.7,-1.0,0.1,0.8,0.3,0.6,-0.4,-0.9,0.5,-0.7,-1.2,1.9,-0.5,2.8,1.1,0.5,-0.1,1.2,1.0,1.9,1.3,0.2,-0.1,1.2,0.2,0.3,-0.4,-0.9,-0.3,0.2,0.7,-0.9,0.9,-0.2,-1.1,-0.5,0.0,1.0,0.3,0.4,-1.2,-0.9,1.0,0.3,-1.5,-1.5,-0.5,0.9,-1.1,1.8,-3.0,-0.5,-0.5,0.5,1.4,0.1,2.5,3.0,-2.0,0.1,-0.0,0.1,0.0,0.2,-5.0,-1.0,-1.0,0.9,-0.8,0.0,-0.1,-1.2,-0.4,-0.8,-0.9,-1.0,-0.1,-1.3,-0.6,-2.8,1.5,0.0,-0.6,2.0,-0.1,-0.8,2.5,0.1,0.2,-3.6,-4.1,-5.3,-2.9,-1.3,-1.7,-0.7,-11.1,-0.2,-1.8,-2.3,-1.0,-3.1,-1.3,-0.9,-2.3,-0.4,-2.3,-1.7,-1.6,-1.1,-1.8,-1.4,-2.8,-1.1,-1.3,-2.2,-2.8,-2.5,-5.6,-3.4,-2.4,-1.1,-1.6,-1.1,-2.9,-2.6
2C7L51FqjE,0,48.1065,11.622165,4441854.95,2778320.12,547.2,592.9,283,7260,4.1,0.69,0.61,32.6,348.93,-0.529,-0.103,0.842,-1.2,0.2,0.13,0.31,1.0,0.3,-0.3,6.7,2.9,1.2,3.5,8.4,7.6,1.0,4.0,-7.3,2.7,-9.8,-12.2,-2.5,-10.5,-2.2,-0.6,-0.8,-1.7,-2.0,-6.8,-0.9,-2.3,0.4,-1.7,0.3,-0.5,1.6,-1.9,-1.5,-3.7,-1.1,-5.1,-4.8,-2.8,-4.4,-3.9,-1.0,-1.6,-0.1,0.5,-0.2,0.9,0.5,-4.1,2.9,-1.3,0.9,-6.9,-1.1,1.0,1.9,3.5,0.1,-7.4,1.4,-4.2,-0.9,-6.9,-1.4,-4.4,-6.3,-2.3,-5.3,-2.8,-11.2,4.0,-9.2,11.2,-1.5,-0.5,5.3,-1.1,3.3,0.7,-2.7,-2.8,-2.9,-2.9,-0.7,-3.8,1.0,-1.3,-3.5,-3.1,-3.9,-1.2,-3.4,-2.6,-3.9,-3.8,-2.5,-6.4,-3.8,-0.7,-3.1,-0.1,0.6,-2.4,-3.5,2.3,-3.0,-0.3,-0.5,-1.0,-2.2,1.1,-3.5,-2.5,-1.9,-0.4,-1.4,-0.2,-3.3,4.5,-3.9,-6.9,-4.0,10.2,2.7,-1.6,-7.8,1.1,-7.0,-4.8,-2.2,-2.5,-8.4,-4.1,-2.9,-1.4,-3.8,-3.3,-10.6,-3.4,-3.0,-2.9,-0.7,-3.1,-1.0,-1.6,-7.2,-7.2,-2.4,-2.3,-1.5,-3.5,-6.7,-7.2,-13.1,1.7,-5.4,-5.8,-3.8,-5.8,-5.6,-6.8,-6.7,-7.7,-4.2,-5.9,-3.7,-4.9,-4.1,-3.0,-2.7,-1.1,-5.1,-3.4,-1.0,-2.1,-2.7,-6.3,-9.8,-12.4,-9.7,-10.6,9.1,7.6,-15.5,-1.7,0.4,-6.5,-6.7,-5.9,-8.1,-3.9,-10.2,-3.9,-8.8,-10.1,-4.8,-10.8,-6.7,-8.9,-8.3,-7.9,-5.5,-5.9,-7.0,-6.7,-13.3,-13.6,-8.9,1.1,9.7,-5.0,3.1,1.1
2C7L51FqkK,0,48.106986,11.625946,4442135.42,2778380.28,544.8,590.5,283,7328,3.0,0.77,0.4,32.65,348.97,-0.529,-0.103,0.842,-0.8,0.1,-0.48,0.23,1.2,0.2,-0.3,-1.0,-0.2,0.5,-1.6,0.5,1.0,-0.6,0.1,0.7,-3.1,1.1,2.5,1.0,0.0,-1.2,0.0,-1.7,1.0,0.1,-3.6,-2.8,1.4,-3.1,-0.4,1.0,2.6,-4.5,3.0,-1.1,-5.0,-7.7,-5.2,-7.1,-5.0,-2.4,-2.0,-0.4,1.3,-1.4,-3.0,-4.1,2.7,-2.4,5.0,-1.1,-1.1,2.3,-3.0,0.8,0.4,-8.4,-2.1,-2.1,-1.0,0.4,-1.5,1.3,-1.0,-2.3,4.4,0.6,-0.8,1.7,-1.2,2.1,2.4,5.3,-6.6,-6.0,-1.0,-7.7,-2.9,-7.7,-3.5,-3.6,-0.3,-3.1,-2.5,-3.1,-0.6,-1.0,-0.6,-0.1,-1.0,-0.3,0.4,1.1,-4.1,-1.8,-3.9,-1.7,-4.9,2.0,-7.6,0.3,-2.1,0.7,-0.8,4.0,-2.3,-6.0,-3.8,-3.9,-5.5,-0.9,-2.2,-2.1,0.5,-0.7,-1.7,-3.1,-2.3,-5.1,-2.9,3.4,3.8,-1.2,3.2,2.6,1.7,0.9,4.5,4.0,-0.9,-2.0,-3.7,-6.1,-3.5,-5.7,-2.8,-6.8,0.7,1.8,-1.1,-0.6,-4.1,-2.2,-3.2,-0.2,4.3,2.8,5.6,0.6,1.8,-0.2,0.5,-9.1,4.8,-1.4,3.3,1.1,-2.3,-2.3,0.4,0.0,0.8,-1.5,-5.9,0.4,1.3,-2.0,-5.3,-6.9,-3.7,-4.5,-7.0,-7.3,-4.6,-1.4,-1.0,-3.8,-5.2,-4.2,-11.1,-5.0,-7.6,-9.6,-8.0,-7.5,-0.2,-1.1,-1.2,-4.5,-5.8,-5.4,-5.7,-7.3,-3.0,-5.5,-13.5,-8.2,-11.3,-3.2,-6.5,-3.2,-4.6,-2.1,-4.7,-6.1,-3.6,-1.8,0.1,-2.9,-0.2,-2.0,-5.5,-3.7,-1.4
2C7L51FqkO,0,48.107007,11.626107,4442147.43,2778382.86,541.3,587.0,283,7332,3.6,0.73,0.47,32.65,348.97,-0.529,-0.103,0.842,-0.3,0.2,-0.62,0.27,0.7,0.2,-0.3,-6.3,3.9,4.1,2.5,6.2,-9.1,2.7,3.4,2.6,-9.8,-3.1,-10.5,-4.0,3.9,-0.0,1.6,-1.0,2.5,1.9,-0.4,2.4,2.1,10.9,4.1,4.6,3.8,2.9,13.4,-0.7,-0.3,0.1,10.3,-2.4,-3.8,-6.8,-2.3,3.4,-1.2,3.1,2.6,-0.1,9.6,1.7,0.9,-4.2,-11.5,-7.9,-3.9,2.0,-1.0,-2.3,-0.8,-0.0,0.6,1.1,2.6,0.1,4.4,1.3,0.6,-0.9,2.7,5.2,0.7,-3.2,-2.6,0.5,-2.1,0.8,-0.2,-5.6,2.8,-3.2,1.6,2.2,2.0,2.9,1.4,1.2,2.0,0.7,0.8,2.7,2.6,0.8,1.7,2.3,1.5,-0.0,-1.3,1.7,-2.6,-2.9,0.3,0.8,4.5,1.9,2.2,3.8,3.3,1.8,1.8,1.9,4.6,3.3,3.8,4.9,3.3,5.2,7.9,5.4,-0.0,0.2,-0.1,2.0,-1.7,-5.9,-0.8,-1.6,1.6,-1.2,-0.1,1.0,-0.2,1.2,0.2,-4.2,2.9,0.8,-1.8,-5.1,2.3,-3.0,-2.8,0.2,-1.0,-0.6,-3.9,2.5,3.9,-3.0,-2.1,-1.3,1.4,-1.9,-0.6,-0.8,-2.4,1.1,1.7,-1.1,4.4,3.8,1.7,5.7,-0.6,1.2,0.5,2.9,3.9,1.9,4.1,2.6,3.2,-0.6,2.3,-0.2,3.2,6.8,5.5,5.0,1.3,-9.1,-3.6,-8.1,2.3,-0.5,2.6,-3.0,-0.3,0.8,5.5,2.7,-1.2,-0.3,0.9,-0.9,3.7,0.6,-2.5,-3.8,-0.8,-1.3,-3.0,-8.0,-3.2,0.6,1.7,-5.4,2.6,-2.6,-0.5,-1.8,-6.0,-6.0,-5.9,-7.0,4.1
2C7L51FqlO,0,48.107436,11.629449,4442395.28,2778436.04,531.4,577.1,283,7394,3.6,0.7,0.47,32.66,348.97,-0.53,-0.103,0.842,-0.7,0.2,-0.83,0.27,1.6,0.2,-0.3,-2.1,-3.2,-5.4,-3.3,-2.8,3.8,-2.5,-0.4,2.1,2.8,0.4,2.2,-1.6,-2.9,-2.2,1.9,1.8,-3.5,-4.0,-6.9,-7.3,7.4,0.2,3.9,-3.4,-4.4,3.8,2.8,-0.4,-2.9,-8.8,1.6,-1.9,-7.6,-2.2,-2.5,1.7,1.7,4.8,-0.8,-2.3,-3.6,-4.5,-4.6,-14.0,-5.1,-1.2,2.7,-5.4,6.9,2.1,0.0,2.3,-0.1,-0.0,0.5,12.4,-3.0,-0.6,2.2,0.4,-0.5,-3.2,-5.6,-2.9,0.6,-0.1,2.2,-8.5,-3.3,5.8,-1.2,-2.0,1.7,-3.5,-6.1,0.7,-1.3,-0.1,-2.7,-2.4,-0.3,-5.6,-1.7,-3.1,-2.8,-4.1,1.5,-4.3,-5.2,0.5,-2.6,-6.9,-4.5,-8.0,-3.3,1.8,-3.3,-2.6,-3.5,-2.4,-1.6,-1.9,0.3,0.6,2.2,-2.2,1.2,1.0,4.0,0.0,3.4,1.0,0.1,1.9,-0.6,-3.0,0.0,3.3,4.9,6.7,-0.8,1.2,-4.4,10.7,2.2,3.9,-0.9,-6.4,4.7,-5.6,-3.5,0.3,-4.4,-5.1,-4.5,-4.0,-6.6,0.3,0.8,1.7,0.4,0.3,0.1,1.7,-1.3,4.0,3.9,7.6,-1.3,1.5,2.3,-1.9,0.7,-1.3,1.1,-6.8,-9.3,-7.5,-1.1,-7.9,-8.9,-5.1,-2.5,-3.6,1.5,1.8,-1.5,-1.4,-4.9,-9.4,-1.3,-4.6,-0.4,1.6,-1.4,-4.0,5.7,-12.7,0.8,-4.3,-3.1,-7.8,-10.0,-6.7,-1.7,-6.4,-5.9,-4.6,-5.9,-4.5,-0.4,-5.8,-1.4,-5.0,-4.6,-2.8,-2.5,-5.2,-4.4,-1.2,-0.6,-5.8,-4.4,-9.9,-5.6,-5.0,-0.7
2C7L51Fqlp,0,48.107694,11.631463,4442544.74,2778468.05,555.6,601.3,283,7421,3.9,0.68,0.46,32.67,348.97,-0.53,-0.103,0.842,-0.9,0.2,0.01,0.3,1.6,0.3,-0.3,-3.7,-1.4,2.1,-2.0,-3.2,-3.9,-1.1,9.4,-2.6,2.4,-6.3,-0.2,-3.1,-8.6,-0.3,-4.3,-4.0,-3.3,-0.5,-5.1,-2.3,0.8,-5.7,3.1,2.9,0.7,-4.6,8.5,-4.2,-3.2,-4.9,-1.4,-1.0,-0.9,-7.0,5.0,-3.3,2.7,3.4,2.8,0.2,4.5,4.5,3.3,11.4,3.6,-1.2,1.4,3.8,2.8,-2.3,-0.8,-0.1,-0.2,-0.7,-3.6,-4.4,-2.1,-1.5,-2.8,-3.6,-0.7,-0.4,-1.2,-11.1,-7.5,2.0,1.8,-3.0,-1.9,2.9,-6.3,-12.6,-3.8,2.3,-3.0,-12.0,-5.3,-0.2,-5.8,-2.0,-1.6,2.4,-2.7,-0.5,-4.3,-0.8,-0.8,-0.5,4.1,0.1,12.0,-2.2,-13.4,1.3,-3.6,9.9,0.1,-6.7,-1.2,-3.1,3.9,-0.6,1.9,-2.1,-1.8,1.3,-4.2,-0.6,-1.5,-1.8,-2.8,-2.0,-5.0,-0.9,-1.2,-0.3,2.2,0.3,-2.3,2.2,-5.2,-1.3,0.1,-4.4,-0.3,-3.5,-6.0,-5.0,-5.2,-4.5,-6.0,1.9,-2.5,-6.4,-3.0,-5.6,-12.9,2.4,-4.2,-4.3,-7.2,-3.8,-1.1,-5.3,-1.9,-2.0,-6.2,-3.1,1.5,-2.1,-3.5,-5.6,-4.7,-4.5,-4.0,-2.6,-9.4,-7.1,-4.1,-9.1,-4.4,-9.3,-1.3,-2.4,2.6,-2.0,3.8,-2.2,-4.5,-4.5,-1.4,-1.9,-2.1,1.3,1.3,-0.8,3.3,6.6,-10.6,-5.0,-2.1,-5.2,-4.9,-7.4,-6.1,-5.8,-3.0,-2.0,-2.7,-3.4,1.3,0.6,-6.6,-13.3,-4.9,-2.6,-4.7,5.7,-5.0,-0.8,1.0,-5.6,-6.2,-14.9,-5.4,-6.0,-12.6
2C7L51Fqlq,0,48.10771,11.631588,4442553.99,2778470.03,558.9,604.5,283,7422,2.6,0.85,0.43,32.67,348.97,-0.53,-0.103,0.842,-0.7,0.1,0.38,0.2,0.8,0.2,-0.3,-7.9,1.0,0.9,-2.1,-3.7,7.1,-0.3,3.1,2.8,0.9,-3.7,3.0,-4.5,2.7,-1.3,-2.2,-2.1,-2.7,-2.0,-6.1,-4.7,-0.2,-8.4,0.5,-0.7,0.5,1.4,4.5,-14.0,-5.2,-0.4,-3.4,-4.2,-4.1,-6.0,1.4,-2.5,1.8,2.0,0.4,-1.3,-1.3,-0.8,-1.2,-1.5,-0.9,-1.6,-0.9,-3.3,0.3,-0.4,-1.1,-3.5,-1.7,-1.3,-2.6,1.1,-1.1,-2.2,-3.4,-3.0,-1.5,-3.8,-4.9,-1.6,-15.2,-4.2,1.9,-3.0,-4.0,-1.4,-3.4,-1.6,-3.6,-3.7,-4.1,-2.6,-1.8,-4.2,-6.0,-3.9,-4.6,-2.5,-3.5,-2.6,-4.5,-3.0,-3.9,-3.3,-4.4,-2.2,3.2,-3.9,-2.8,-5.0,-4.5,-1.9,-2.0,-3.2,-1.9,-3.2,-1.1,-2.0,-1.8,-1.2,-2.3,-3.3,-3.3,-3.0,-3.0,-2.6,-4.3,-1.9,-5.4,-3.3,-2.6,-5.1,-4.2,-2.9,-5.1,-2.7,-3.6,-3.3,-2.0,-3.4,-2.4,-2.3,-4.7,-4.9,-5.3,-5.0,-4.1,-0.3,-4.1,-5.6,-2.0,-2.8,-9.9,-0.5,-4.5,-2.0,-1.7,-3.2,-3.6,-4.9,-2.7,0.9,-6.6,-5.3,-3.4,3.2,-2.5,-1.6,-6.1,-4.9,-5.2,-2.0,-5.7,-6.2,-4.1,-7.4,-6.8,-4.1,-5.8,-4.7,0.0,-6.6,1.5,-3.4,-2.6,-5.2,-4.3,-5.9,-4.6,-0.3,-2.2,-3.4,-3.7,-2.2,-7.9,-5.2,-4.8,-5.8,-3.1,-7.6,-5.9,-5.1,-4.8,-3.9,-8.3,-9.3,-1.9,-6.5,-2.2,-3.6,-7.1,-5.0,-3.4,-2.5,-3.8,-0.9,-1.2,-3.6,-2.8,-10.9,-4.9,-7.1,1.0
2C7L51Fqlu,0,48.107738,11.631803,4442569.93,2778473.46,557.0,602.7,283,7426,2.1,0.88,0.36,32.67,348.97,-0.53,-0.103,0.842,-0.7,0.1,0.12,0.16,1.1,0.1,-0.3,-3.5,-2.6,-0.2,-0.1,-5.0,-1.0,-2.1,0.2,-2.6,1.5,-2.1,-4.9,-0.7,0.1,1.4,1.2,-1.7,-0.8,-3.9,-4.6,-3.0,-0.6,-2.2,-1.3,-1.3,-1.7,0.4,-3.7,-3.2,-5.1,-3.7,-4.6,-7.4,-4.2,-5.6,-3.1,-2.9,-0.9,-2.9,-1.3,-0.8,0.6,-0.4,-3.2,-3.3,-3.3,0.1,0.0,-1.4,0.2,-1.5,-0.7,-1.6,-0.2,0.1,-1.8,-2.1,-2.0,-1.3,-1.7,-1.7,1.9,-0.6,-3.8,-5.2,-3.1,-4.6,-0.0,-2.8,-0.9,-3.8,-6.2,-4.6,-2.3,-4.3,-3.6,-2.1,-3.9,-4.4,-3.9,-2.8,-9.9,-5.1,-7.6,-1.4,-5.7,-2.5,-0.4,-2.5,-7.3,-5.9,-4.3,-5.4,-5.7,-3.8,-3.6,-1.0,-3.9,-7.0,-4.8,-7.6,-6.2,-2.3,-3.3,-4.1,-2.3,0.2,-6.0,-6.1,-3.5,-2.8,-3.6,-1.8,-3.5,-1.8,-2.6,-1.9,-4.0,-4.9,-3.7,-3.0,-2.7,-2.8,-4.6,-1.7,-5.3,-2.7,-2.4,-3.0,-6.6,-5.1,-3.8,-0.2,-10.9,-6.3,-7.3,-7.1,-3.2,-4.8,1.1,-3.3,-1.4,-2.3,-4.7,-2.3,-1.3,-2.5,-2.1,-3.9,-4.6,0.9,0.6,-3.8,-4.6,-3.7,-4.1,-3.6,-4.9,-6.8,-3.9,-1.2,-5.6,-3.0,-5.6,-3.7,-1.9,-2.3,0.5,-3.6,-3.5,-3.8,-5.3,-5.7,-1.7,-9.5,-4.1,-3.7,-3.8,-1.2,-2.4,-4.8,-2.9,-10.7,-11.1,-5.0,-4.1,-5.7,-4.4,-4.9,-10.1,-10.1,-5.8,-8.6,-6.8,-5.6,-6.9,-5.2,-5.4,-5.6,-2.1,-6.4,-5.0,-1.9,-1.8,-3.7,-5.3,-6.3,-5.3
2C7L51Fqnk,0,48.108503,11.637763,4443012.04,2778568.33,532.3,578.0,283,7540,3.4,0.76,0.44,32.7,348.97,-0.53,-0.103,0.842,-1.3,0.2,-0.47,0.26,0.8,0.2,-0.3,-2.0,-5.8,1.0,-2.6,-0.3,3.8,0.2,1.3,0.4,1.7,-1.3,-0.3,0.1,3.1,-5.0,5.1,1.1,-1.9,-7.8,-4.2,-1.6,-2.6,-2.4,-3.3,4.6,-7.4,2.0,5.2,0.4,-3.0,-0.6,-2.3,1.5,4.7,7.9,-0.4,8.5,1.4,6.5,5.2,1.4,1.0,-0.5,1.0,0.2,2.5,0.4,0.2,1.1,1.0,0.7,1.6,2.8,3.7,0.1,-0.4,1.0,0.5,-1.5,-2.8,-0.4,-0.2,-9.0,-0.8,9.3,0.7,-0.9,-3.0,-0.4,1.2,3.1,-0.7,2.6,-1.1,1.0,-2.3,-4.0,1.0,-0.1,1.8,-3.0,-2.3,-2.5,-0.2,-5.3,-3.0,-3.1,-3.1,-3.5,1.0,-0.3,-2.2,1.1,10.6,-3.6,4.0,-3.6,-3.3,-1.4,-3.0,-0.3,-4.5,-5.5,-2.6,-0.4,-4.8,-2.0,0.2,1.6,4.9,2.2,0.5,1.1,3.1,2.8,0.5,3.5,-0.4,1.2,0.1,2.9,1.5,0.5,0.1,-0.5,-9.3,0.6,6.6,-7.8,3.7,0.6,-0.8,-1.7,-1.2,-3.8,-2.6,0.9,2.0,2.0,3.2,-1.3,2.4,1.6,-8.1,-2.1,-1.8,0.7,-1.4,-5.0,-1.8,-2.6,-0.7,-2.9,-6.2,-9.3,-1.6,-1.3,0.1,-1.1,3.3,-7.7,-16.5,-10.4,-7.1,-1.7,-3.3,-0.1,-3.0,-4.4,-4.0,-5.0,-5.5,-2.0,-1.8,-0.1,-3.5,-5.5,-2.9,-17.0,-2.2,-5.3,-2.0,-3.1,-3.6,-2.6,-6.1,-3.6,-0.1,-4.6,-9.6,-5.6,-2.9,-5.1,-4.8,-1.0,-3.9,-1.7,-4.9,-2.4,-5.6,-12.6,-4.2,-5.6,-4.0,-4.1,-3.6,-3.1,-4.4
2C7L51Fqnm,0,48.108541,11.638061,4443034.14,2778573.06,539.5,585.1,283,7542,3.0,0.8,0.38,32.7,348.97,-0.53,-0.103,0.842,-0.5,0.1,-0.0,0.23,0.8,0.2,-0.3,-3.6,-1.4,-1.7,-0.0,-5.1,-1.7,0.1,-0.0,-0.4,3.8,2.0,1.0,1.6,0.3,-1.9,-1.6,-3.7,-0.8,-3.5,-5.5,0.4,-4.7,-0.5,-4.6,-8.6,-2.3,1.3,1.1,-2.0,-6.5,-1.6,-5.3,-1.8,-2.4,2.5,-3.4,-2.0,-2.1,0.0,2.5,-0.2,-0.8,-3.2,-2.6,-1.3,-4.0,-3.0,-4.2,-2.5,-2.3,-0.5,-1.4,-1.4,-0.7,1.1,-2.5,0.6,-1.2,-1.5,-0.8,-1.4,2.0,-1.5,5.1,1.2,-2.9,-0.5,2.5,-0.3,-0.4,1.4,0.1,-2.9,-1.1,-1.9,-4.2,0.7,1.1,-2.5,-4.5,-2.0,-8.7,-3.3,-0.1,-0.6,-5.7,-5.2,-5.6,-5.0,-8.0,-3.8,-8.5,-3.2,-7.2,-2.5,1.6,-5.1,-9.5,10.3,-0.3,-9.9,-8.6,-1.5,-8.0,-3.4,-3.2,-3.1,-3.5,-1.4,-1.0,-1.1,-2.6,-2.6,-3.3,-3.0,-1.0,-6.2,-3.1,-4.4,-4.0,0.8,-1.5,-1.1,-6.1,-6.3,-4.3,0.1,-4.8,-5.2,-4.5,0.2,1.1,-4.2,-2.0,-3.9,-5.1,-2.7,-3.0,-0.6,-2.0,-2.2,-3.0,-3.2,-2.5,-2.1,2.9,4.9,7.4,-2.8,-6.0,-10.3,-7.2,-1.5,0.4,-1.9,0.3,-1.3,-3.2,-2.8,2.4,0.9,-10.3,-3.0,-3.2,-7.8,-0.4,1.2,-1.4,-1.0,-6.6,-6.3,-3.5,-4.9,-3.4,-2.8,-2.4,-1.1,-1.1,-11.6,-1.5,-0.1,-1.6,-3.9,-2.0,-1.2,-2.5,-3.0,-3.2,-5.3,-7.1,-2.7,0.2,-10.4,-10.1,0.9,-3.4,-0.2,-3.4,-4.7,-2.3,-4.6,-4.6,-6.0,-4.5,-5.9,-5.0,-5.1,-3.0
2C7L51Fqk2,0,48.106858,11.624805,4442050.77,2778364.21,537.0,582.7,283,7310,4.1,0.69,0.46,32.64,348.97,-0.529,-0.103,0.842,-1.2,0.2,-0.35,0.31,0.2,0.3,-0.3,-6.6,-1.4,-0.3,-1.1,5.6,12.5,0.6,1.0,-0.6,-0.6,1.3,2.8,0.1,1.1,0.1,-0.6,0.6,-0.5,-0.5,-1.2,-4.6,-3.7,-4.5,-1.3,2.0,1.0,-1.3,-5.5,-0.7,-1.4,4.6,-3.5,-6.0,-3.3,-4.5,-3.5,-2.3,-5.5,1.0,-3.4,-1.5,-6.0,1.3,5.6,-0.7,-1.0,-7.4,-10.1,-1.5,-4.4,-0.2,-4.6,-3.5,-3.4,-5.9,-2.2,-6.5,-2.7,-3.3,-8.1,8.1,10.4,10.6,-10.8,10.7,10.5,-14.5,4.6,-12.7,1.3,4.2,-7.1,-8.2,-3.1,-3.8,-0.8,-3.7,-1.8,-7.3,-5.2,-2.4,-1.5,2.7,-3.2,2.3,-3.3,-0.1,1.7,-3.0,-1.4,1.5,-3.2,-5.1,-1.5,-0.9,-2.7,3.5,-1.3,-2.1,1.8,1.5,2.5,0.9,1.0,-0.8,-2.4,-1.9,-1.6,1.4,-1.7,-3.4,-1.0,-1.2,-1.5,-1.3,-1.2,2.3,-2.8,-5.8,2.0,4.9,-1.1,-3.0,-1.6,3.9,-4.7,-3.6,-2.4,-0.2,-8.5,-8.8,-2.8,-3.6,-6.2,-7.2,-3.6,-1.0,-6.2,0.7,-1.4,-6.8,-3.3,-6.0,-4.7,-3.3,-9.8,-15.8,-8.8,-7.2,-5.5,8.6,-2.4,-5.8,-7.0,-8.2,-4.2,-4.9,-3.0,-4.0,-5.1,-5.5,-3.0,-1.9,1.4,-3.4,0.4,-2.1,0.2,-0.2,4.8,-1.3,-3.6,0.1,-10.2,-9.1,-0.8,-6.6,-6.4,0.4,-7.1,-5.2,-5.4,-5.6,-7.3,-6.8,-5.3,-5.4,-3.5,-7.3,-7.5,-5.5,-7.6,-4.5,-3.8,-5.5,-5.8,-4.6,-5.3,-3.0,-5.1,-5.8,-5.8,-5.3,-6.8,-8.0,-11.7,-9.4,-14.2
2C7L51Fql5,0,48.107324,11.628436,4442320.12,2778421.98,534.8,580.4,283,7375,1.7,0.9,0.24,32.66,348.97,-0.53,-0.103,0.842,-0.9,0.1,0.24,0.14,1.5,0.1,-0.3,-0.8,-2.2,-0.6,0.0,-0.2,3.0,0.5,1.4,-0.8,2.6,0.2,5.1,-1.5,-0.4,-4.2,-5.1,-5.6,-4.4,-5.1,-6.2,-2.7,-2.8,-1.6,-4.8,-2.8,-3.5,0.5,0.5,-3.0,-7.8,-13.4,-8.3,-8.1,-8.1,-6.9,-6.1,-3.6,-4.2,-1.1,-3.2,-2.7,-2.8,-4.9,-4.6,-4.5,-3.4,-3.6,-2.6,-4.6,-2.2,-4.4,-2.5,-3.0,-3.2,-2.4,-4.5,-1.3,-2.3,-2.0,-2.4,-3.3,-3.5,-0.2,-2.9,-3.8,-2.2,-3.3,-2.9,-3.4,-4.3,-3.2,-4.2,-3.8,-3.3,-5.0,-4.5,-4.2,-5.3,-5.4,-5.9,-6.1,-6.4,-5.6,-5.7,-5.6,-7.0,-3.9,-4.8,-6.1,-6.2,-6.7,-9.0,-6.7,-8.6,-7.4,-1.6,-5.2,-5.6,-5.0,-3.9,-3.8,-5.5,-4.3,-5.4,-4.7,-4.6,-5.6,-4.3,-4.0,-5.4,-5.3,-6.8,-4.9,-5.8,-5.0,-3.2,-6.0,-5.2,-4.0,-3.4,-3.0,-3.5,-1.5,-4.1,-4.8,-4.7,-3.9,-5.3,-6.7,-7.0,-5.7,-6.7,-5.5,-6.1,-8.6,-7.4,-6.5,-9.1,-6.2,-2.3,-2.4,-5.0,-5.4,-6.1,-4.0,-3.0,-2.2,-3.5,-3.9,-3.7,-3.3,-3.6,-5.5,-5.5,-4.9,-3.4,-4.6,-4.4,-3.8,-4.8,-7.3,-6.0,-6.2,-6.5,-8.0,-2.5,-6.4,-6.5,-6.9,-8.0,-7.8,-10.4,-7.6,-6.0,-6.3,-5.0,-4.9,-2.1,-10.0,-6.9,-6.5,-5.9,-7.1,-6.9,-6.2,-6.9,-7.2,-6.7,-7.1,-9.5,-8.3,-7.6,-9.1,-9.5,-9.3,-9.0,-7.4,-8.5,-8.4,-5.3,-6.5,-7.0,-6.5,-5.9,-5.4,-5.6,-7.6,-5.1
2C7L51Fqj7,0,48.106457,11.621539,4441808.43,2778314.3,537.9,583.6,283,7253,2.5,0.87,0.32,32.6,348.93,-0.529,-0.103,0.842,-0.4,0.1,-0.5,0.19,1.0,0.2,-0.3,2.5,0.0,0.5,0.3,1.2,3.6,0.3,1.6,1.6,-1.4,1.0,4.9,4.6,2.4,1.0,-4.3,-4.0,-1.6,5.8,1.7,-0.2,2.0,-1.9,0.4,1.1,1.7,4.9,4.1,0.1,-1.6,-14.7,0.1,-2.6,-1.6,-3.0,0.1,1.7,2.2,4.6,3.8,1.6,3.0,0.5,2.2,1.1,1.8,1.4,-0.6,-1.0,2.4,2.7,2.1,3.0,2.2,0.5,-0.3,2.1,-0.2,0.6,1.6,0.7,-0.1,-8.7,-0.2,0.0,-10.3,-7.7,-3.3,-3.8,-6.1,0.6,-0.8,-2.6,-0.3,3.5,1.9,1.9,1.0,1.0,4.0,2.7,1.0,0.9,2.7,2.1,2.8,1.2,4.1,3.1,-0.2,1.7,0.7,1.8,4.9,0.1,2.9,1.3,2.8,1.7,3.0,3.7,1.9,3.1,1.9,2.4,4.1,2.3,1.3,0.6,0.5,0.7,2.1,1.0,2.0,0.2,0.5,-0.5,0.3,2.0,2.1,1.9,-0.7,3.4,-1.2,-0.4,0.1,0.3,-0.1,1.8,2.3,-0.2,2.8,0.2,1.7,2.0,2.0,1.5,0.1,2.6,3.9,-0.8,1.4,2.2,0.6,0.3,-2.2,-2.9,1.2,0.6,0.6,-0.7,0.2,1.1,0.5,0.5,-0.1,-0.4,0.9,0.4,-1.4,1.4,-1.1,2.9,2.7,3.3,1.6,2.7,0.3,2.7,1.8,-0.9,-0.1,-3.0,-2.0,-2.8,-6.4,-1.2,-2.6,-4.5,-2.3,-4.0,-1.5,-0.3,-1.9,-0.4,-0.4,1.8,6.3,-2.3,-1.4,0.5,-6.1,-2.0,-0.7,-1.6,0.3,-1.4,-1.2,0.3,-1.7,-2.6,-1.8,-2.0,0.2,-4.2,0.6,-0.8,-3.0
2C7L51Fqj8,0,48.106469,11.621633,4441815.41,2778315.79,539.7,585.4,283,7254,1.6,0.92,0.21,32.6,348.93,-0.529,-0.103,0.842,-0.5,0.1,-0.15,0.13,1.3,0.1,-0.3,-0.8,-0.8,-0.3,-0.1,0.4,3.0,0.0,0.6,-1.0,1.9,1.4,3.1,3.9,-0.1,1.2,-1.8,0.1,-0.4,1.2,0.2,0.9,1.2,-1.0,0.3,1.3,2.2,3.2,0.5,-0.2,-2.0,11.7,-0.5,-1.9,-0.1,-2.4,-0.3,1.9,0.9,3.6,2.5,1.3,2.0,2.3,0.2,0.3,0.7,-0.0,-1.6,-1.9,0.5,-0.1,0.3,1.0,0.8,-1.3,-2.4,-0.9,-1.4,-0.5,-0.2,-1.1,-1.3,-4.9,-0.5,-3.9,-0.2,-1.8,-3.3,-1.8,-1.8,-1.2,-0.8,-3.1,-1.1,2.6,0.6,1.6,-0.8,1.1,0.4,0.2,0.9,-0.2,0.0,-0.6,2.0,0.2,1.1,1.5,0.3,1.1,-1.5,-0.8,3.3,0.1,3.0,0.6,1.4,1.5,1.1,0.6,1.6,-0.1,1.0,0.9,0.8,-0.8,-0.4,-0.5,-0.4,-0.1,-0.8,-0.0,-1.8,-1.7,-1.3,-1.2,-1.3,-0.3,-2.2,0.5,-1.9,0.6,-2.1,-0.5,-0.5,-1.3,-1.0,-0.8,0.1,-0.7,2.6,0.4,0.0,0.6,2.0,2.3,0.2,2.7,1.7,0.6,1.4,1.7,0.8,0.5,-1.9,-2.5,-0.3,-0.6,-0.7,-2.4,-0.9,-0.8,-1.0,-0.8,-1.2,-1.0,-1.1,0.5,-1.1,0.4,-1.0,1.6,0.6,0.6,1.1,0.4,0.7,2.8,0.7,-0.6,-2.2,-2.4,-1.5,-2.7,-3.2,-3.5,-3.4,-12.8,-3.3,-3.4,-2.1,-2.8,-2.7,-0.9,0.3,-0.2,2.6,-1.5,-0.6,-1.4,0.2,-2.7,-1.1,-1.8,-0.8,0.2,-1.3,-1.5,-2.1,-2.4,-2.9,-2.4,-2.7,-1.5,-2.2,-4.7,-4.2
2C7L51FqjJ,0,48.106528,11.622091,4441849.4,2778323.1,530.6,576.3,283,7265,2.8,0.83,0.43,32.6,348.93,-0.529,-0.103,0.842,-0.9,0.1,0.02,0.21,0.2,0.2,-0.3,2.4,0.1,0.3,-0.1,1.8,-0.4,-2.1,0.6,-5.0,2.4,0.4,9.4,0.5,2.3,1.0,0.2,1.2,4.0,-0.9,0.9,-0.0,1.8,-1.0,0.9,-1.6,1.7,0.2,-0.5,-0.7,-7.2,-7.7,-4.7,-3.3,2.9,-5.5,-2.8,0.4,-1.2,3.7,3.6,-1.0,0.0,-7.9,-2.4,-3.2,-2.1,-2.8,-4.1,-3.2,-1.3,1.3,-1.6,2.1,-0.1,-1.6,-1.6,2.9,0.0,-0.9,-3.1,1.0,-2.9,0.0,0.6,6.8,2.6,-3.0,1.6,-4.0,-2.5,-3.3,-5.2,-4.2,4.5,-2.3,-0.8,-0.4,-1.3,-2.0,-1.7,0.1,3.3,-0.7,-1.9,-2.8,0.9,2.3,0.4,-0.7,0.4,-2.2,1.1,1.1,2.6,-3.8,3.1,0.6,-0.4,-1.1,-0.2,-0.9,0.7,-0.7,-3.5,-4.5,-1.7,-4.5,0.8,-1.4,-1.6,0.2,-1.4,1.3,-2.5,-1.8,-0.6,-0.6,1.7,0.4,0.6,-0.3,-0.5,-1.3,-3.7,-4.2,-1.5,-6.7,-5.6,-3.5,-0.1,-2.0,-5.7,-5.2,-4.6,-1.5,1.9,1.5,-5.9,-1.7,-0.3,-0.7,0.4,-3.0,-5.1,-3.6,-5.9,-7.7,-1.8,-6.9,-3.3,-6.2,-1.0,-5.4,-6.4,-3.8,-3.7,-7.4,0.2,-3.5,-3.2,-2.1,-1.8,-3.9,-4.4,-2.9,0.1,-5.1,0.0,1.4,-3.3,-2.8,-4.3,-6.2,1.4,-2.6,-10.2,-6.7,0.2,-4.9,-1.4,-3.9,-1.5,-3.9,-4.5,-2.6,-4.9,-0.0,-4.3,-5.9,-3.4,-1.5,3.9,-3.1,-6.0,-5.1,-0.6,-5.7,-2.8,-5.6,-2.5,-10.3,-6.4,-4.6,-5.8,-1.4,-14.3,-2.7,0.1
2C7L51Fqjt,0,48.106813,11.624309,4442013.96,2778358.38,539.6,585.3,283,7301,3.5,0.74,0.39,32.64,348.97,-0.529,-0.103,0.842,0.3,0.2,-0.14,0.27,0.4,0.2,-0.3,-3.2,1.9,1.2,0.4,-2.3,-5.6,-2.3,-0.9,0.0,0.6,1.2,-4.5,2.4,0.5,4.0,4.6,5.3,3.9,3.4,4.5,0.0,-0.7,-2.0,2.2,2.7,4.8,0.0,-7.9,0.3,-3.2,12.2,-3.1,-4.7,8.0,-0.5,-4.3,2.6,-2.4,4.3,-0.5,3.4,-0.6,4.1,4.9,4.2,3.2,-2.2,-0.8,0.7,1.9,0.6,3.3,1.3,3.0,-0.5,-1.1,-2.6,-2.0,-1.8,-5.7,-5.3,0.1,7.2,-4.3,-5.8,1.2,-4.6,-1.0,-2.7,1.6,-3.0,-0.3,-3.4,0.4,3.6,1.2,0.6,3.2,3.1,1.9,6.3,1.8,3.1,3.2,0.3,2.4,1.3,2.4,5.8,1.6,5.6,-0.2,-3.8,-1.1,-2.1,4.3,-0.7,-1.1,-8.6,2.1,-0.0,2.2,2.4,4.5,4.1,0.6,1.5,0.9,13.9,6.4,-3.3,6.1,-0.3,12.6,4.5,1.1,3.0,-1.0,-3.1,2.4,0.7,0.7,-0.9,2.7,-0.0,1.7,-2.3,1.1,5.1,1.3,-1.4,-0.3,-3.8,-1.1,1.8,-2.7,3.5,-1.4,5.1,5.7,-9.2,0.7,1.1,-0.2,-1.9,0.6,8.6,-0.7,7.7,4.2,-0.3,0.0,5.0,6.4,1.6,-2.0,2.1,3.2,4.8,3.8,5.7,3.3,6.2,-1.4,1.7,0.0,1.9,2.6,6.8,0.7,1.4,2.4,1.9,-4.2,-1.7,11.0,-2.7,-2.8,11.4,-2.5,1.1,-1.7,-0.4,-0.9,3.7,1.8,-0.7,2.9,1.0,-0.7,2.1,2.8,1.9,0.3,-1.5,0.2,1.2,1.5,5.2,7.1,2.2,3.4,3.0,3.6,2.4,-0.5,2.9,-0.3
2C7L51Fqju,0,48.106811,11.624295,4442012.88,2778358.15,536.1,581.9,283,7302,1.5,0.94,0.24,32.64,348.97,-0.529,-0.103,0.842,-0.6,0.1,0.02,0.12,0.1,0.1,-0.3,-1.2,-0.3,-0.0,-0.8,0.3,-0.2,-0.9,-0.7,0.1,-0.3,0.3,0.6,0.2,-0.5,-0.1,1.3,0.4,0.7,0.6,-1.1,-1.9,-0.1,-1.6,1.0,2.3,0.8,0.1,-1.5,-2.5,-4.2,9.0,-4.6,-5.1,-2.7,-3.3,-2.5,0.1,-1.4,2.1,-0.4,-0.0,-0.6,0.7,0.1,-0.5,-0.3,-2.1,-3.5,-2.3,-0.8,-2.0,-0.5,0.8,0.4,-0.1,0.3,-1.1,-0.2,-0.9,-1.4,-1.6,0.3,0.3,-2.4,-3.3,-2.8,-3.0,-0.3,-3.3,-1.7,-3.6,-0.7,-3.8,-1.3,0.3,0.1,0.1,0.9,-1.0,0.8,-1.2,-1.3,-0.9,-1.9,-3.3,-1.4,-1.0,0.2,-1.0,-1.0,-0.9,-3.7,-5.2,-2.8,-4.0,-2.7,-3.3,-1.7,-0.8,-1.7,-1.9,-0.0,0.4,-0.6,-0.8,-0.7,-1.1,-2.2,-0.1,-1.6,-1.8,-1.3,-3.2,-1.4,-1.5,-1.7,-1.4,-2.4,-3.7,-1.0,-1.3,-2.3,-1.3,-0.9,-0.4,-1.1,-2.2,-1.8,-1.1,-0.0,-4.2,-1.3,-2.5,-1.6,-1.3,-3.2,-0.5,-2.8,-0.5,1.5,-1.9,-1.7,-3.1,-1.3,-2.6,-3.9,1.7,-2.4,-0.8,-2.3,-2.1,-2.4,-1.6,-2.8,-1.6,-4.5,-3.7,-3.2,-1.7,-2.8,-2.9,-1.9,0.9,-1.7,-3.2,-2.0,-1.5,-4.1,-1.5,-0.7,-2.9,-3.7,-3.9,-3.3,-2.9,-3.7,-3.9,-2.1,-4.2,-4.6,-1.2,-2.3,-3.9,-4.0,-1.1,-1.6,-2.7,-2.3,-1.4,-2.7,-3.2,-3.8,-6.2,-5.3,-7.7,-4.0,-2.9,-2.7,-5.1,-0.5,-3.1,-3.6,-3.0,-2.0,-2.4,-3.2,-3.4,-2.8
2C7L51Fqjv,0,48.106798,11.624188,4442004.98,2778356.47,528.2,573.9,283,7303,3.4,0.74,0.46,32.64,348.97,-0.529,-0.103,0.842,-0.6,0.2,-0.16,0.26,1.0,0.2,-0.3,0.1,1.1,1.8,1.4,2.6,0.4,0.8,1.4,-0.1,2.1,4.3,5.1,1.6,-0.9,-0.0,5.0,0.8,3.4,0.7,-1.1,0.2,1.2,-0.6,3.0,2.3,-2.5,4.2,2.7,-0.8,-8.1,6.7,-8.3,-4.1,-5.6,-0.1,-4.9,1.1,1.1,-1.8,-0.7,-0.0,2.5,2.3,-10.2,-0.9,-6.1,-4.0,-4.4,-5.8,0.7,-2.7,-6.9,-1.5,-0.8,1.5,-1.2,-2.1,-5.7,-5.1,-3.1,-2.8,-1.7,5.7,-4.4,0.2,-1.6,-3.6,9.0,-3.5,-5.5,-1.5,0.3,-1.8,1.7,2.4,4.2,0.9,10.0,4.5,5.9,-1.6,-0.0,3.1,-1.0,-5.4,-1.2,0.9,-0.4,-3.6,0.3,2.1,-2.7,-5.6,10.0,3.3,0.4,-1.7,-2.6,-3.1,0.5,2.9,2.4,3.6,0.3,1.1,1.1,-3.1,2.1,0.1,-0.8,-1.0,-5.2,-11.6,-9.4,-0.1,-1.8,-4.3,-6.2,-2.7,-1.8,-0.4,-3.0,-0.0,-1.6,-1.9,-1.3,-0.4,-4.3,0.1,-10.7,-1.8,1.1,0.2,3.3,-0.0,-0.6,0.9,-1.2,-0.8,1.9,-2.2,2.4,-1.1,-0.2,-0.5,-2.1,3.5,4.5,0.9,0.2,-0.8,-2.5,0.2,-3.3,-3.8,-5.9,-2.7,-3.4,0.7,-2.6,-0.9,-0.7,1.7,0.0,0.4,-2.0,5.7,-4.8,-2.5,-10.8,-1.4,-2.3,-5.8,-1.5,-0.3,-2.4,-1.6,0.6,-9.5,-11.1,-2.5,1.8,-8.5,-1.3,-2.6,2.0,-2.6,-5.0,0.6,1.2,1.8,-1.6,-2.7,0.2,-3.4,-9.4,-3.3,-3.1,-8.8,-1.5,-2.7,-5.4,0.5,-2.2,-6.1,-2.2,-5.2,-5.7
2C7L51FqkA,0,48.106947,11.625356,4442091.6,2778375.03,541.9,587.6,283,7318,3.1,0.79,0.52,32.64,348.97,-0.529,-0.103,0.842,-0.2,0.2,-0.7,0.24,0.8,0.2,-0.3,-3.2,-2.9,-3.0,-2.6,-2.1,1.5,-3.4,-1.1,-2.5,5.7,0.0,5.7,-3.2,-0.2,-1.5,-0.2,-0.9,2.5,-0.8,0.2,-5.6,2.0,-1.1,1.7,-0.8,6.2,2.6,7.6,-1.0,-2.7,-4.4,-1.3,-2.7,-0.3,-2.3,1.0,1.8,4.1,3.7,4.5,-1.9,2.7,-2.4,-0.2,-0.9,-0.6,-1.9,-2.1,-0.9,-0.5,-0.9,-0.8,-1.2,-0.4,-2.2,1.9,2.2,0.8,-3.3,2.1,1.0,-2.6,-11.2,-10.6,6.9,-1.0,2.8,-4.2,-2.3,-1.7,-0.4,-2.0,0.4,-2.6,-1.4,1.1,0.5,-0.0,0.2,-1.8,3.3,-5.4,0.1,-2.6,-2.8,-2.1,2.7,1.2,0.6,-0.6,1.2,-1.8,-0.9,-0.2,1.5,0.9,4.8,0.5,2.1,2.7,1.9,1.8,3.2,1.0,2.3,0.8,2.3,1.0,-0.5,-1.9,0.9,-1.9,0.1,-2.1,-0.1,1.3,4.0,3.8,2.4,0.8,11.4,-1.6,-0.1,0.4,0.9,0.2,-9.1,-2.4,-0.6,-1.5,1.7,3.4,-2.1,-0.2,0.8,-0.8,0.7,-4.4,4.3,3.4,6.9,0.5,1.1,-1.0,8.2,0.6,-9.7,6.8,-3.9,1.3,12.3,1.0,-1.5,1.6,0.1,-0.7,-4.2,-1.3,-3.3,-4.9,0.0,1.4,1.4,-0.4,-2.0,0.3,2.5,5.4,-1.1,-2.5,-3.7,1.1,-1.4,4.5,-0.9,6.2,3.4,0.8,3.7,1.8,-0.5,-1.7,-2.6,-4.6,-3.0,-5.3,-1.4,-1.4,-2.8,-3.8,-5.4,-0.3,-3.7,-5.3,-5.1,-2.8,-0.1,-1.4,-1.4,-0.5,-5.8,-2.4,-3.5,-0.9,0.5,-2.1,-0.6,0.1
2C7L51FqkB,0,48.106951,11.625384,4442093.68,2778375.48,540.5,586.2,283,7319,1.5,0.94,0.32,32.64,348.97,-0.529,-0.103,0.842,-0.7,0.1,-0.54,0.11,0.5,0.1,-0.3,-0.1,0.9,0.1,0.0,-0.7,-0.4,-1.6,-1.2,-1.0,1.0,0.5,1.7,0.5,0.8,0.2,0.7,-0.3,0.6,-1.2,-1.5,-1.9,-0.2,-1.8,-0.3,2.0,2.2,1.9,-0.6,-3.3,-3.1,-11.7,-4.0,-4.4,-2.7,-3.4,-2.3,0.6,0.5,2.9,1.0,-0.0,0.9,0.3,0.4,-0.4,-0.3,-0.5,-2.2,0.1,-0.2,-0.5,0.0,0.2,0.7,0.5,1.3,1.8,0.8,-0.9,0.3,-0.8,0.1,-3.2,-0.6,2.1,-1.2,-0.3,-1.1,-1.0,-1.8,-0.7,-0.9,0.5,-0.9,0.2,0.7,0.3,0.3,-0.5,-1.2,0.8,-2.4,-0.3,-1.8,-2.2,-1.3,0.6,0.9,-0.4,-2.2,-0.6,-3.8,-2.4,-1.8,-0.5,0.5,-2.0,-0.8,0.2,0.1,-0.1,-0.3,0.3,0.1,1.0,0.7,0.1,-0.7,-0.0,-0.8,-0.5,-0.7,-0.2,-0.5,-0.4,-0.0,-3.0,-2.0,-2.1,-0.4,-0.3,-2.1,-1.2,-1.0,-0.7,-0.2,0.1,0.6,-1.8,-2.0,-1.7,0.2,-1.5,-1.3,-1.3,-3.0,-1.6,-3.6,1.0,2.2,-1.5,-1.8,-2.3,-0.2,-2.5,-1.4,-0.4,-1.7,-1.5,-0.1,0.1,0.6,-0.2,-2.1,-0.6,-0.3,-2.1,-1.7,-2.3,-2.4,-2.3,-0.1,-0.1,-2.9,-2.4,-1.1,-1.6,-1.1,-1.2,-1.6,-2.6,-4.3,-4.3,-2.8,-4.3,-1.6,-2.1,-2.2,2.9,-3.9,-3.2,-3.6,-3.2,-4.6,-2.5,-3.1,-3.0,-2.6,-2.8,-4.8,-4.9,-4.9,-3.8,-6.0,-4.6,-3.3,-3.1,-4.2,-5.6,-3.2,-4.6,-4.0,-4.5,-4.9,-3.6,-3.7,-4.0,-3.7
2C7L51FqkC,0,48.10695,11.625374,4442092.94,2778375.32,537.2,582.9,283,7320,2.8,0.8,0.42,32.64,348.97,-0.529,-0.103,0.842,-0.7,0.2,-1.27,0.22,0.5,0.2,-0.3,3.2,-2.8,-8.0,-1.2,0.6,-0.2,0.3,-1.9,-3.6,4.9,-1.6,1.2,-6.2,0.6,0.6,0.7,0.6,4.2,3.3,4.0,3.7,4.5,1.6,2.1,6.6,3.2,5.2,2.0,0.2,-0.5,-11.6,-1.6,-2.4,-1.1,1.6,0.4,2.6,3.0,6.0,4.8,6.7,4.1,3.6,5.9,3.0,2.9,2.0,3.0,3.9,5.0,1.3,4.3,5.1,8.5,10.7,12.2,6.5,9.5,5.1,4.5,6.2,3.3,5.9,7.3,7.8,2.1,3.5,3.0,2.0,-0.0,2.9,5.7,3.0,4.6,2.7,8.2,4.6,7.4,0.8,5.2,5.8,6.9,5.0,5.2,3.6,2.9,5.0,7.5,2.2,-1.0,1.9,-0.4,-1.3,1.6,2.6,4.8,2.9,2.7,1.9,1.4,2.0,-0.7,2.1,1.3,3.8,5.8,2.1,2.2,2.5,6.2,1.3,3.8,4.5,3.0,2.3,0.7,-2.5,4.4,2.0,3.5,0.8,3.5,4.6,2.5,-2.1,3.1,2.7,4.7,2.5,1.6,1.6,0.5,-1.2,3.8,2.2,-3.4,3.2,0.6,5.7,4.2,-0.8,1.1,1.2,3.7,0.7,2.3,7.0,1.4,3.1,7.9,4.3,12.0,1.7,1.0,1.2,2.2,2.2,1.5,2.2,0.4,2.4,4.1,0.4,0.8,-0.1,2.4,-0.4,1.7,6.7,0.8,2.1,-2.4,-2.3,-0.0,-2.1,-4.1,-2.6,-1.2,-2.8,0.4,-1.0,-1.7,3.1,-2.2,-1.1,-1.2,-1.1,-1.6,6.9,0.4,1.4,1.6,-3.0,-6.1,-1.8,-1.0,-0.9,-0.2,-1.5,0.1,0.1,0.9,-1.2,-1.5,-2.8,-2.3,-1.8,-0.8
2C7L51Fql2,0,48.107337,11.628393,4442316.89,2778423.35,542.1,587.8,283,7372,4.6,0.54,0.48,32.66,348.97,-0.53,-0.103,0.842,-0.0,0.2,-0.55,0.37,3.0,0.3,-0.3,-4.1,-1.7,3.0,-2.4,-0.1,-3.2,0.1,-0.3,-0.2,-3.3,-0.3,1.9,-4.8,-0.6,-13.6,-5.6,-5.1,-3.5,-5.1,-9.7,-0.8,-7.0,-1.9,-12.1,-7.2,-9.6,-9.3,-5.5,-9.7,-9.7,-21.1,-11.2,-11.5,-11.8,-13.8,-8.4,4.9,-9.7,0.2,-2.0,-1.5,-0.6,-3.1,-5.5,-1.4,-4.4,1.3,-3.7,-20.3,4.1,-3.8,-3.1,-2.3,-5.4,-13.7,-5.0,-2.4,-4.1,-4.1,-1.2,-3.6,-1.4,-7.4,-3.8,-17.3,-4.3,-2.7,-8.2,-5.6,-15.1,0.9,-11.8,-7.1,-9.3,-9.6,-7.6,-7.8,-8.8,-11.8,-9.3,-9.5,-9.1,-7.2,-10.3,-22.5,-8.6,-17.8,-22.4,-20.7,-13.2,-11.1,-3.2,-4.5,-3.8,-3.3,-1.9,-2.8,-4.4,-6.1,-5.5,-5.0,-5.8,6.1,-1.2,-10.4,-2.6,-4.3,-3.7,-6.0,-9.1,2.2,0.0,7.4,0.9,-5.3,-2.4,-5.3,-3.3,-2.6,-2.3,0.2,-2.7,-1.3,-6.8,-5.1,-6.5,0.1,-9.4,-16.1,-10.4,-2.1,-17.6,0.8,-2.5,-3.9,-3.2,-5.0,-4.9,-6.2,3.7,2.3,-3.1,-0.5,-0.1,-1.0,4.5,-8.8,4.2,2.5,0.2,6.0,0.7,-2.0,1.1,2.5,-0.7,4.4,-2.6,-3.9,-2.5,-3.8,-9.5,-7.4,-11.8,-6.2,-3.8,-7.6,-8.8,-9.6,-5.6,-7.9,-8.2,-7.2,-8.8,-7.4,0.1,-0.3,-5.4,-15.5,-4.0,-0.8,-1.0,-1.0,0.2,-7.4,-9.1,-14.4,-3.3,-5.6,-7.8,-7.1,-4.7,-5.9,-6.2,-8.2,-9.7,-5.8,-7.4,-6.5,-6.7,-8.5,-8.7,-10.5,-9.6,-6.4,-5.8,-6.5,-3.6
2C7L51Fqm0,0,48.107764,11.631715,4442563.32,2778476.22,537.6,583.3,283,7432,3.1,0.7,0.49,32.67,348.97,-0.53,-0.103,0.842,-0.9,0.2,0.23,0.24,3.0,0.2,-0.3,-3.5,-0.3,5.0,-0.4,-1.1,-2.4,-2.9,-2.3,-2.1,-3.5,-3.3,-0.2,-1.1,-1.1,1.0,1.3,2.5,0.8,-2.4,-11.4,-6.1,-4.7,-6.1,-6.8,-9.3,-7.1,-5.4,-7.5,-2.3,-9.8,-9.8,-13.4,-11.8,-9.2,-9.7,-8.9,-7.3,-6.1,-4.1,0.0,-7.2,-6.5,-5.2,-6.5,-5.7,-2.5,-15.7,-7.9,-6.6,-4.6,-4.4,-1.3,-6.8,-2.7,-2.6,-4.0,1.5,-0.3,-4.7,-3.5,-3.0,-2.3,-1.9,-3.4,6.4,-1.8,-2.2,-12.1,-1.6,-2.9,-4.3,-2.1,-5.9,-6.1,-8.3,4.5,-1.4,-4.6,1.8,-17.7,-9.3,-8.0,-9.8,-12.9,-5.4,-8.6,-7.0,-12.1,-8.6,-12.3,-7.9,-13.4,-9.5,-7.2,-12.3,-9.0,-8.3,-13.6,-8.0,-7.5,-2.7,-11.3,-4.7,-9.2,-7.8,-13.0,-8.8,-6.4,-6.7,-9.1,-5.4,-7.8,-6.5,-6.8,-4.5,-3.7,-4.2,-4.3,-3.0,-3.7,-0.5,-3.8,-1.4,-4.0,-5.5,-7.5,-2.9,-3.6,-8.3,-7.1,-9.1,-8.0,-6.9,-12.2,-11.7,-8.5,-7.6,-14.1,-6.1,-3.7,-9.9,-11.1,-6.2,-7.1,-4.0,-4.5,-2.2,-4.1,-3.7,-3.8,-2.0,-2.9,-5.7,-6.2,-7.6,-3.4,-5.2,-5.1,-9.0,-10.3,-12.8,-14.0,-9.8,-9.0,-10.5,-9.2,-6.2,-3.9,4.5,-9.0,-5.5,-10.5,-3.2,-8.2,-7.6,-5.8,-9.4,-4.5,-9.7,-6.6,-5.2,-5.5,-7.3,-8.4,-7.8,-13.2,-12.3,-9.7,-6.3,-10.8,-8.4,-8.1,-5.9,-10.5,-9.3,-12.1,-16.0,-7.5,-9.7,-13.7,-11.2,-9.5,-8.2,-8.1,-5.6,-6.3,-7.2,-6.4
2C7L51Fqn3,0,48.108307,11.63595,4442877.48,2778543.55,561.8,607.5,283,7497,3.3,0.78,0.47,32.69,348.97,-0.53,-0.103,0.842,-0.9,0.2,-0.28,0.25,0.8,0.2,-0.3,0.0,-0.6,-1.3,7.4,0.8,-3.0,-3.5,-1.9,6.7,8.9,6.2,2.6,0.5,-0.2,-0.6,1.9,-1.1,-0.6,-1.4,0.5,-4.1,-0.0,2.9,1.5,4.4,-0.3,0.6,6.4,1.7,-1.3,4.9,-2.9,-4.5,-2.2,-1.2,1.3,-2.1,2.6,2.4,4.8,-1.7,4.5,-1.5,-0.8,-3.5,-1.1,6.2,-0.7,-0.9,0.7,-5.1,1.3,-0.8,1.4,2.0,-3.1,2.5,-1.5,-0.4,-0.4,-3.1,-1.8,-5.8,0.0,2.2,0.4,-1.5,10.4,-1.8,-3.2,0.6,-0.4,-4.2,-1.1,-1.5,0.7,-0.0,-2.0,-2.1,-2.0,-1.6,-1.1,0.6,2.1,0.9,0.3,2.1,1.1,1.5,0.7,0.4,0.9,1.1,-0.1,0.7,7.1,4.0,4.0,3.9,3.6,5.8,0.8,3.2,1.1,0.8,-1.4,1.0,-0.1,0.9,0.4,0.8,1.5,-1.9,-0.5,-1.0,0.3,-12.8,-0.9,1.8,-2.9,1.4,0.7,-1.0,-0.0,-0.2,-0.1,2.9,1.1,0.5,-2.6,3.5,-2.2,1.0,2.1,-0.9,-3.3,-1.2,1.8,3.7,0.4,8.2,-0.4,-1.3,-0.3,-0.0,-0.8,-13.4,-2.0,-1.3,0.8,-5.7,0.1,-2.6,-4.4,-0.6,2.0,-2.4,4.6,-0.9,-2.9,-2.5,-10.7,-0.0,-4.1,-7.9,1.5,-1.0,1.6,-4.6,-4.7,-1.2,-3.6,-6.2,-10.2,-3.7,-10.7,-2.5,-2.3,11.5,-3.1,-0.3,-1.9,-1.3,-5.8,-2.8,-1.5,-1.2,-3.6,-2.8,-2.8,-3.3,-1.1,-5.0,0.9,-0.1,0.4,2.0,-2.0,-0.2,-5.9,1.1,-5.5,-7.8,-3.3,-8.8,-1.0,-3.9,-7.5
2C7L51Fqn4,0,48.10831,11.63597,4442878.97,2778543.88,560.0,605.7,283,7498,2.5,0.86,0.35,32.69,348.97,-0.53,-0.103,0.842,-1.2,0.1,0.32,0.19,0.5,0.2,-0.3,0.2,-0.2,2.0,3.7,1.3,2.2,2.0,-1.4,2.6,4.1,0.7,-0.4,-1.6,0.7,4.7,5.6,-6.5,-0.5,-2.3,1.4,-11.6,0.6,0.0,0.2,1.6,-0.6,-2.0,-1.4,-4.0,-1.4,-0.4,-3.0,-5.7,-1.8,-2.0,2.0,-3.3,1.5,-3.0,2.0,-3.4,-1.6,-0.8,-3.0,-3.7,-5.8,-1.3,-1.0,-3.6,-0.9,-0.4,-0.1,-1.4,1.4,1.9,-3.7,-1.0,-3.0,-2.1,-1.5,-4.3,-0.8,-7.0,-2.6,-2.5,-3.8,-3.7,-1.2,-1.4,-2.9,-2.5,-1.4,-5.8,-2.0,-3.6,-2.0,-2.4,-2.8,-2.9,-4.4,-3.5,-3.4,-2.1,-2.5,-0.7,-1.8,1.2,-0.9,-0.7,-2.7,-1.1,-3.7,-3.9,-2.3,-3.0,3.7,-2.1,2.0,-0.5,-0.2,-1.3,-0.2,-0.1,-3.1,-2.4,-3.3,-3.0,-3.6,-4.0,-3.1,-1.9,-1.3,-3.3,-2.7,-3.1,-5.5,1.9,-4.6,-2.8,-4.3,-2.2,-3.5,-4.1,-2.0,-3.1,-1.8,-2.0,-2.1,-1.8,-5.7,1.2,-3.0,-2.1,-1.0,-3.6,-2.7,-3.0,-2.9,0.2,-2.0,-2.6,-5.4,-3.9,-2.7,-3.1,-4.5,-12.4,-4.3,-4.5,-3.6,-15.2,-3.9,-4.4,-6.0,-4.7,-4.7,-4.5,-2.5,-3.5,-3.6,-5.0,-12.5,-5.1,-8.2,-3.9,-2.8,-2.9,-1.3,-4.5,-2.2,-0.7,-5.2,-8.4,-7.8,-8.4,-12.5,-6.4,-5.0,3.2,-4.8,-3.9,-4.6,-5.3,-7.1,-5.7,-5.3,-6.8,-5.1,-6.5,-8.8,-5.0,-3.2,-2.8,0.0,-4.7,-4.3,-2.3,-4.9,-3.5,-3.2,-7.4,-6.5,-9.6,-5.7,-7.8,-5.7,-6.4,-3.8
2C7L51Fqn5,0,48.108303,11.635913,4442874.67,2778542.97,554.4,600.1,283,7499,4.6,0.59,0.45,32.69,348.97,-0.53,-0.103,0.842,-1.1,0.2,0.72,0.35,1.1,0.3,-0.3,1.9,0.3,7.4,4.5,3.0,6.6,5.5,-5.6,9.9,-10.5,-10.0,-6.5,-10.2,-15.1,12.0,11.3,-11.1,-0.3,3.8,0.7,-14.8,2.9,8.4,0.5,4.0,1.3,-5.5,-3.1,-15.1,-0.5,-1.9,-1.1,-0.9,0.4,-2.0,5.5,2.7,3.8,-2.3,1.3,-3.9,-5.8,0.6,-1.5,-8.6,-6.5,-7.8,-6.8,-10.4,-13.5,-0.1,0.2,-4.5,-4.6,-0.1,-2.2,-0.1,-4.9,-6.2,-15.4,-9.6,0.6,-7.7,-0.7,7.5,-2.9,-6.5,-2.4,-5.0,-6.5,-4.5,-9.3,-7.4,-6.5,-6.5,-4.3,-7.4,-7.0,-5.0,-5.5,-4.6,-3.6,-5.3,-6.0,-7.2,-4.3,-1.6,-1.0,-2.0,-4.6,-3.0,-8.6,-11.2,-5.4,-7.7,2.1,-4.9,0.5,-3.2,-3.2,-8.0,0.0,-3.8,-4.7,2.5,-5.6,-7.8,-7.2,-11.2,-10.2,-5.5,-10.9,-5.1,-4.4,-1.6,-7.6,0.5,-5.4,-3.7,-4.9,-1.1,-6.4,-6.7,-1.5,-0.5,2.1,-5.6,-1.6,-3.3,-2.8,-4.1,-6.7,-5.0,-2.5,-1.4,-1.1,-1.4,-5.3,-2.4,-1.1,-5.2,-6.7,-5.0,-1.6,-4.5,-6.6,-8.7,-5.7,-8.1,-4.6,-13.4,-10.2,-6.0,-8.4,-5.3,-9.4,-8.2,-8.4,-7.7,-5.7,1.2,-5.7,-7.0,-8.9,-6.4,-6.3,-2.1,3.9,-4.7,-4.2,-1.6,0.5,-11.3,-9.0,-11.0,-12.8,-8.8,-7.5,0.2,-6.8,-5.2,-7.8,-8.2,-9.8,-11.3,-7.2,-9.8,1.3,-18.6,-10.8,-3.0,0.5,3.2,0.4,-5.0,-6.5,-0.9,-7.8,-6.6,-4.4,-9.2,-10.2,-12.8,-8.2,-6.4,-8.2,-8.2,-5.9
2C7L51Fqnf,0,48.108508,11.637514,4442993.43,2778568.48,534.9,580.5,283,7535,2.9,0.81,0.4,32.7,348.97,-0.53,-0.103,0.842,0.1,0.1,-0.16,0.22,0.4,0.2,-0.3,-3.7,-2.7,0.4,12.2,1.1,-1.4,2.3,0.6,2.4,1.7,2.5,1.0,2.1,2.7,3.0,3.3,2.7,2.1,0.1,0.2,0.6,-0.7,0.2,0.5,-1.6,-0.1,2.5,0.0,-1.1,-1.6,-2.1,-4.1,-2.5,-2.7,1.4,-3.0,-0.8,-4.2,-3.8,-4.6,-3.2,-4.6,-1.8,-2.7,-4.2,0.2,-4.8,1.4,-1.9,-2.8,-1.2,2.7,2.1,8.3,-4.1,-1.9,0.2,-2.8,-1.9,-1.6,-3.8,-0.4,-4.1,-5.3,-8.7,-6.9,-2.3,0.9,-0.9,-2.6,0.3,-1.1,2.5,1.7,2.1,3.7,2.7,1.9,2.5,-0.3,-2.6,-2.8,2.4,1.2,-0.9,-0.2,0.8,0.2,0.4,1.4,0.1,-1.3,-0.8,-3.0,-0.2,7.7,0.6,1.4,3.8,1.1,1.4,1.7,1.7,-1.7,1.0,2.3,-2.7,3.3,4.1,1.2,6.3,6.3,4.9,0.9,4.9,1.4,2.4,5.1,3.9,2.4,-4.3,1.8,2.7,0.4,0.9,0.6,0.5,-1.4,1.7,-2.7,1.2,0.7,-0.4,1.5,0.9,-3.7,1.9,1.1,4.3,3.2,-3.0,1.1,1.3,0.5,-0.1,0.2,2.1,2.3,0.9,-4.6,-7.5,-3.2,-5.0,4.6,-1.5,6.5,7.3,4.1,0.5,0.3,-0.8,-11.1,-3.3,-2.1,-3.2,-2.1,1.2,2.8,-1.2,-0.2,0.6,-0.5,-0.7,-3.0,0.5,-1.4,-0.4,1.2,6.2,-1.2,0.2,0.4,0.3,-3.1,0.6,1.1,-2.5,3.0,1.4,-1.1,-1.3,0.1,0.1,1.7,3.8,3.0,2.2,-1.1,0.5,1.9,-0.8,-1.1,-1.3,-0.4,-1.8,-1.0,2.7,2.2
2C7L51Fqng,0,48.108512,11.637544,4442995.69,2778568.96,533.6,579.2,283,7536,1.7,0.93,0.23,32.7,348.97,-0.53,-0.103,0.842,-0.5,0.1,-0.18,0.13,0.4,0.1,-0.3,-2.0,-0.6,1.0,1.1,0.2,-0.6,1.5,0.7,1.3,-0.3,2.2,-0.3,1.7,3.6,0.8,3.5,1.6,0.0,-0.7,-0.2,1.3,-2.0,-2.1,-1.2,0.2,0.8,-0.4,0.0,-1.6,-2.0,-1.7,-4.5,-2.1,-2.2,2.2,-2.1,0.7,-0.5,0.4,-0.4,-0.1,-1.9,-0.8,-0.5,-1.9,-1.4,-3.5,-2.1,-1.7,-2.4,-0.4,-0.2,0.5,0.9,-0.7,-0.1,-1.0,-0.9,-2.1,-0.9,-0.9,-0.4,-7.4,-0.3,-3.0,-3.3,-1.7,2.1,-0.6,-0.6,-1.0,0.0,1.3,-0.1,0.2,1.4,0.2,-0.5,-1.4,-1.7,-1.9,-3.9,-0.2,-0.4,0.3,-0.4,0.3,-0.1,-0.5,0.3,-0.0,-3.1,-2.3,-2.9,-2.7,4.0,-1.9,0.2,1.5,-1.4,-0.6,-0.4,0.2,-0.7,-0.3,-1.1,0.3,-0.5,0.7,0.6,1.8,1.8,-1.0,-0.4,-0.7,-0.7,5.1,-0.6,0.6,-0.8,0.4,-0.1,-0.0,0.8,0.8,1.4,-0.5,-0.8,-1.2,-3.6,1.3,0.2,0.3,1.0,-2.9,-3.7,-0.5,-1.8,2.8,0.9,-2.2,-1.3,-2.1,0.2,-0.9,-1.4,0.6,-0.7,-1.3,0.9,-5.0,-1.1,-0.7,-0.6,-0.8,-1.0,-0.7,0.7,-1.1,-1.6,-3.3,-8.0,-4.4,-4.5,-3.6,-2.6,0.3,1.2,-1.4,-1.0,-1.9,-1.8,-2.9,-3.4,-4.1,-4.9,-2.7,-1.8,-0.8,-1.4,-0.6,-1.5,-1.9,-3.1,-1.2,-1.1,-2.8,-1.2,-2.4,-4.5,-3.6,-3.6,-4.7,-2.9,0.3,-0.2,0.2,-2.5,-1.5,-2.2,-2.0,-3.9,-1.4,-1.0,-5.0,-4.0,0.2,-1.2
2C7L51Fqnh,0,48.10851,11.637524,4442994.23,2778568.66,529.8,575.5,283,7537,2.1,0.89,0.32,32.7,348.97,-0.53,-0.103,0.842,-0.9,0.1,-0.06,0.16,0.3,0.1,-0.3,-2.6,-1.7,-0.6,0.9,0.8,-1.7,-0.8,-1.1,2.1,0.0,1.5,-1.3,1.9,4.0,1.0,2.2,1.7,1.5,-0.5,-0.5,1.6,-0.2,-2.0,0.1,1.3,1.7,1.6,4.8,-1.5,-2.0,-1.2,-1.4,-1.4,-0.6,3.2,2.0,1.0,1.9,1.9,1.5,1.6,2.1,-0.8,2.1,-1.9,0.5,-0.4,-1.8,-4.4,-2.9,-2.2,-0.7,0.1,-0.6,-0.3,1.6,1.8,2.1,-1.5,-0.7,-0.6,1.3,0.9,2.8,2.7,-2.8,-3.2,3.3,-1.7,-1.6,0.7,1.1,0.3,0.3,-1.2,1.3,-0.6,0.0,-1.4,-1.3,-1.2,-5.5,-1.3,-0.9,-0.1,-0.4,-0.6,0.4,2.4,0.3,0.3,-3.4,-3.0,-2.3,-2.8,4.7,-2.9,0.9,1.0,-1.3,0.1,0.1,0.3,0.0,-0.8,-0.4,1.0,-0.1,1.7,0.1,1.1,0.9,-3.5,-1.7,-3.0,-3.3,5.4,-2.3,0.3,-3.8,1.9,-1.9,-0.1,0.5,-2.3,1.8,-1.5,-0.6,-3.0,-6.7,3.2,-4.7,0.5,2.5,-1.0,-2.1,-0.0,-0.2,4.2,0.1,-1.8,-1.8,-5.2,-2.3,-3.1,-3.2,1.0,-3.1,-3.6,-0.4,-5.6,-2.1,-2.0,-1.8,-1.3,-3.2,-2.8,-1.3,-1.3,-2.4,-2.7,-7.6,-5.8,-3.6,-3.4,-2.8,-0.3,0.3,-2.0,-2.0,-3.6,-2.3,-2.1,-2.5,-6.6,-6.6,-6.1,-4.4,-0.9,-2.6,-1.1,-4.0,-2.9,-5.2,-3.0,-1.8,-3.8,-3.3,-3.2,-3.0,-2.9,-2.2,-3.8,-4.0,-0.1,-0.4,-1.5,-2.9,-1.7,-2.3,0.9,-3.8,-3.1,-0.8,-8.5,-11.2,2.9,-6.7
2C7L51FqmQ,0,48.107955,11.633055,4442662.66,2778499.61,530.7,576.4,283,7458,3.7,0.71,0.45,32.68,348.97,-0.53,-0.103,0.842,-1.3,0.2,-0.85,0.28,0.7,0.2,-0.3,-4.5,-5.1,-2.5,-1.3,-4.4,-1.5,-0.8,-1.9,1.8,1.6,-1.1,-2.9,4.4,0.7,-0.5,1.2,0.2,0.2,-1.0,-1.4,-1.4,8.1,1.7,0.5,-1.9,2.8,3.2,-9.1,1.1,2.9,8.4,-3.7,3.1,-3.0,1.7,1.5,3.7,3.5,-3.3,7.2,1.3,-0.7,-0.9,12.7,-1.1,-5.0,0.6,-2.9,-0.8,0.8,1.7,1.2,0.6,1.9,2.1,4.8,-3.0,1.9,2.6,2.6,2.8,-3.0,-5.7,2.4,7.4,2.4,4.8,7.8,1.5,0.3,-0.6,-1.6,1.0,1.3,1.1,-0.5,-0.3,1.5,-2.6,-0.7,-1.5,-4.4,-10.7,-2.3,-0.7,-4.1,0.0,-0.7,-0.2,-3.4,-0.4,-1.5,-3.8,2.4,-1.8,2.5,3.3,-0.2,-0.2,-1.0,-2.1,-0.4,5.4,4.0,0.3,1.4,2.3,1.4,4.5,2.1,0.9,-1.3,5.1,0.0,-2.5,-2.4,-2.2,2.6,1.0,-5.4,0.6,-2.2,5.5,-0.7,-0.3,-6.4,-2.7,-2.0,4.0,-1.5,-0.2,0.9,-0.9,-1.2,-1.2,2.0,-0.3,-3.3,1.6,0.7,-0.2,-2.6,-2.0,-3.9,-6.5,-2.7,1.2,0.5,-0.3,0.8,-5.9,1.1,1.4,-2.1,-5.4,4.0,-2.2,2.1,-4.0,-11.1,6.5,-10.0,-6.3,-2.9,-4.9,3.0,-2.8,-2.1,-2.2,4.0,-7.1,1.3,-9.8,-1.2,-3.1,-5.5,-4.2,-2.5,1.3,-0.8,-4.4,-4.3,-2.7,-7.3,-6.4,-14.8,-2.4,2.7,-8.7,-12.4,-4.3,-3.4,-4.8,-0.4,-15.2,-8.8,0.1,-7.8,5.4,-6.4,-3.0,-4.8,-3.5,-7.8,-3.8,1.8,-17.4,-6.4
2C7L51Fqmc,0,48.108102,11.634203,4442747.79,2778517.82,553.9,599.6,283,7470,4.6,0.56,0.53,32.68,348.97,-0.53,-0.103,0.842,-3.3,0.2,-0.64,0.37,1.6,0.3,-0.3,-1.2,-2.3,-2.9,-2.7,0.3,-5.0,-1.0,-2.3,2.4,2.9,2.9,1.6,6.9,1.8,5.8,5.3,6.9,6.8,5.2,5.2,3.2,8.5,0.9,7.8,8.0,10.5,7.2,4.2,4.8,12.7,1.6,8.9,3.1,6.4,4.0,10.7,7.5,8.8,5.0,3.4,2.0,3.3,4.6,6.5,1.7,1.8,0.5,-0.7,0.2,0.6,3.1,1.9,1.7,-0.1,5.1,6.0,2.1,1.3,2.7,1.3,2.4,5.2,-0.1,1.9,-0.8,1.0,0.0,2.5,1.5,1.9,0.4,0.4,-8.0,1.2,3.5,8.8,4.0,2.3,-0.1,4.0,-0.2,4.0,1.9,-2.5,-0.6,3.2,8.6,6.2,9.7,7.1,3.1,1.5,7.4,8.0,1.1,2.9,3.2,8.7,3.9,-1.2,-4.8,12.9,0.6,2.1,11.5,2.0,0.5,-6.4,1.4,1.5,4.0,-1.5,-5.7,-1.9,-2.1,-2.3,-13.7,-2.3,-1.8,-5.6,-3.7,-3.6,-1.4,-1.0,3.8,-0.1,-1.2,-1.2,-3.7,-3.0,-3.4,-2.7,1.2,-4.2,-2.3,-3.7,-3.2,-3.4,0.4,-1.4,-3.3,-2.6,-3.8,-0.2,-4.2,-4.4,-13.8,-2.7,-1.6,2.1,-10.7,-2.1,7.8,1.3,1.8,-2.9,-0.9,-0.3,0.6,-3.6,-9.7,3.1,-4.9,-4.8,-7.6,-8.4,-1.5,-0.2,-17.7,-10.8,-15.3,-17.7,-10.3,-8.3,-13.5,-21.0,-6.7,-3.0,-16.6,-4.9,-17.0,-8.7,-11.8,-8.1,-4.1,-18.9,-8.1,7.4,-12.6,-18.2,-12.4,-15.1,-13.5,-13.3,-18.4,-15.9,-14.5,-14.5,-8.6,-15.3,-18.7,-7.7,-0.8,2.8,-0.4,-6.4,-3.2,0.7
2C7L51Fqms,0,48.108219,11.635119,4442815.74,2778532.39,553.3,598.9,283,7486,4.3,0.62,0.45,32.69,348.97,-0.53,-0.103,0.842,-0.9,0.2,-0.7,0.34,1.1,0.3,-0.3,8.4,7.2,11.0,-4.8,6.7,10.2,-0.5,1.9,-2.5,-1.5,-0.5,5.3,-0.3,-4.8,-5.8,-6.8,-7.8,-4.7,-6.2,-4.4,-3.2,-2.4,-5.5,-5.1,-7.6,-4.8,-5.6,-2.9,2.3,-2.9,5.2,-3.6,-5.8,-4.9,-12.7,1.4,-4.6,-6.6,-6.9,-9.7,-9.1,5.1,-12.0,-3.6,-13.6,-9.7,-1.5,-8.8,-6.5,-9.1,-3.3,-2.2,-0.9,-2.1,-1.6,-0.9,0.0,-3.9,-2.3,-2.2,-3.4,2.9,-3.3,-3.5,-6.5,-3.1,-2.4,1.5,-0.3,-1.4,-1.2,-0.1,-1.5,-0.5,-3.4,-0.5,0.9,-2.1,-2.9,-8.2,-6.2,-6.4,-3.7,-0.8,-4.7,-5.6,-5.1,-9.6,-4.6,-4.2,-10.9,-2.1,-7.6,-9.7,-3.1,-1.9,-6.9,-2.8,-12.5,0.0,-1.7,-12.4,-1.5,12.3,-9.9,3.3,4.3,1.3,-7.5,-2.7,-8.6,-5.1,-5.9,-7.2,-4.9,-6.0,-0.7,-7.5,-6.0,-5.6,-2.1,-3.0,-0.2,-2.3,-1.0,2.1,1.0,-1.9,-2.6,4.9,1.1,-1.5,-0.7,1.1,-1.2,3.1,2.6,-5.7,-0.5,-2.2,2.3,-1.9,-6.5,-7.0,-5.2,-5.8,2.0,-4.2,-6.9,-4.0,-1.6,8.7,-3.8,-6.2,-4.1,0.7,3.8,-5.1,-6.4,-2.5,-3.5,-10.2,-4.9,-9.5,-3.0,0.4,-4.6,-1.7,-5.0,-9.3,-9.6,-4.7,4.5,-5.0,-4.3,-14.6,-9.2,-8.6,-6.9,-10.4,-10.3,-10.6,8.1,-3.1,-10.6,-8.8,-5.5,-9.5,-8.8,-7.7,-9.5,-6.0,-6.4,-7.2,-4.8,-5.3,-14.1,-5.8,-2.7,-8.4,-9.2,-9.0,-8.7,-6.8,-13.2,-4.2,-9.9,-8.8
2C7L51Fqj6,0,48.106495,11.621546,4441808.88,2778318.53,541.5,587.2,283,7252,2.4,0.85,0.49,32.6,348.93,-0.529,-0.103,0.842,-1.1,0.1,-0.12,0.18,1.6,0.2,-0.3,-0.2,-0.4,-0.2,-1.1,-0.7,0.8,-0.7,3.5,-2.4,-0.5,-1.9,2.9,0.6,0.7,2.0,0.5,2.8,1.7,2.2,1.3,1.7,4.1,1.2,1.2,-1.7,1.4,3.8,2.4,1.1,-3.2,10.5,-0.1,-4.0,4.2,-0.5,1.8,4.3,4.7,5.9,4.7,4.8,5.4,5.0,1.1,2.2,0.5,-3.0,-0.3,-0.1,3.4,1.6,1.0,1.2,1.2,2.2,-2.9,1.4,-4.4,-1.0,0.5,-1.9,-1.9,1.0,-1.5,1.4,1.0,-0.6,-2.2,-0.0,-1.6,1.2,1.3,-0.1,-4.6,0.7,1.5,7.7,0.9,1.0,2.4,0.1,-5.7,2.3,-0.3,-0.9,2.9,1.2,3.5,1.2,0.3,-0.8,-0.2,2.9,5.7,-0.6,0.8,-0.0,0.9,0.3,0.2,1.8,0.5,0.3,-1.9,-1.0,-0.4,-2.4,-1.3,0.9,-1.3,-0.6,-0.9,-4.3,0.6,-4.6,-2.4,-2.0,-4.0,-1.6,-1.8,-0.8,-0.4,-1.1,-2.4,-4.0,-2.7,-0.4,-2.2,-0.5,1.1,-0.4,1.3,3.5,-0.3,-0.4,2.4,0.5,-0.4,0.2,3.5,0.7,1.4,0.1,-3.6,-1.3,-3.3,-0.7,-0.5,-2.8,-5.1,-1.3,-3.1,-2.2,-2.5,-2.7,-7.1,-1.8,-4.0,0.1,-2.0,1.9,-1.9,-1.0,-0.7,-0.4,1.0,-0.1,-2.4,-1.3,-2.1,-3.3,-4.3,-2.5,-8.2,-3.3,-3.3,-2.6,-3.2,-8.6,-2.6,-9.4,-3.7,-3.3,-6.0,-3.8,-2.0,-1.7,1.9,-0.7,5.7,-4.2,7.6,-3.1,-14.0,-0.5,-3.5,-2.7,-2.8,-2.8,-3.7,-4.3,-3.4,-3.6,-5.3,-8.5,-8.8,-0.7,-6.2
2C7L51Fqjw,0,48.106863,11.624409,4442021.28,2778364.1,535.4,581.1,283,7304,3.3,0.73,0.43,32.64,348.97,-0.529,-0.103,0.842,0.4,0.2,-1.49,0.26,1.4,0.2,-0.3,0.7,0.7,5.5,2.9,9.1,2.4,-4.6,0.8,1.2,-7.3,2.6,-1.2,3.8,-1.7,-4.5,9.6,4.3,-5.2,0.8,-7.5,-1.2,-0.5,0.7,-6.6,0.4,-0.8,2.0,-1.5,-1.8,3.7,-15.0,-5.1,7.9,0.2,-12.2,-14.5,-6.7,-4.8,2.3,-1.1,-1.6,0.9,1.0,-3.8,-3.1,-5.5,-10.7,1.5,-9.1,-4.6,0.3,-1.7,4.9,3.6,6.7,-0.2,6.2,1.2,2.7,-0.4,1.2,6.0,11.1,0.4,0.8,1.6,2.9,10.0,-3.0,-1.0,4.4,0.9,1.6,1.2,0.6,-1.0,0.3,-0.5,-1.8,0.6,-3.3,5.4,0.0,-1.9,2.9,-0.5,4.7,5.5,5.0,0.8,3.1,0.5,-1.3,2.7,1.2,1.0,1.3,1.5,3.8,2.2,-1.5,3.9,1.5,2.9,-0.1,0.4,4.1,1.0,-0.8,2.0,1.3,-0.9,-1.0,2.2,2.7,0.5,-0.5,1.2,1.8,4.8,1.5,2.2,3.1,-1.2,-0.1,-3.6,4.5,4.9,-0.2,7.1,4.1,4.0,3.4,4.8,4.7,7.5,3.0,-0.0,1.2,0.1,3.0,2.5,1.1,3.5,5.1,5.6,8.0,3.4,5.4,5.4,5.0,6.5,4.8,3.4,3.2,3.6,3.2,4.7,5.1,3.6,-1.1,3.2,4.0,2.2,2.5,0.5,1.1,-0.5,3.6,2.8,3.0,-1.2,-0.7,1.1,-0.4,3.4,2.1,4.1,1.9,4.9,3.2,2.5,-0.5,-0.1,-0.4,0.5,-1.9,2.9,-1.3,1.6,-1.5,-3.0,-1.6,-0.4,-0.6,1.0,-1.7,-3.6,-2.2,-0.7,-0.8,-3.1,-2.5,-1.8,-0.6,0.1,-1.3,0.0
2C7L51Fqm5,0,48.107844,11.63205,4442588.06,2778485.66,538.7,584.4,283,7437,2.6,0.83,0.37,32.67,348.97,-0.53,-0.103,0.842,-0.4,0.1,-0.38,0.2,0.8,0.2,-0.3,-1.6,7.6,-2.6,0.7,-3.5,3.0,-2.4,-5.6,-6.7,-4.5,-7.1,0.1,-0.3,-4.2,2.2,3.6,1.0,-0.0,-1.3,0.7,-6.5,3.1,6.3,-1.1,1.1,1.2,3.1,4.7,-1.4,-0.4,-4.8,-2.9,-3.4,1.5,-3.7,-1.6,8.9,1.1,1.7,0.6,-4.8,2.1,-1.2,2.9,0.5,0.9,-4.6,-2.3,0.2,1.9,3.1,1.6,0.0,2.7,-1.4,-0.1,-1.6,1.5,-0.4,-1.7,-1.2,-0.6,-2.1,0.2,-0.9,2.1,-0.1,3.5,-0.7,-1.0,0.3,-2.0,1.7,-0.8,-1.1,-4.7,0.3,-2.9,-2.1,1.3,-0.3,-5.7,2.1,-1.2,5.5,-4.8,0.8,-2.9,-3.0,-1.2,-3.3,-7.2,-1.1,-1.4,-2.8,-5.0,0.7,-3.1,-2.0,-3.1,-4.0,-1.9,-1.2,-1.3,-1.6,1.8,1.6,-0.1,-3.8,-0.1,2.9,2.5,4.4,1.6,2.7,3.0,1.7,2.1,-0.8,1.4,-0.1,2.5,3.2,-0.7,0.1,-1.9,3.3,-1.7,-0.6,-0.3,-1.8,-4.1,-2.7,-2.1,-3.5,-0.0,-2.7,-2.2,-0.1,3.0,-2.7,-2.7,-1.5,-0.2,-0.7,-1.0,-1.9,-1.3,1.6,-1.1,-0.9,0.9,-0.2,1.6,2.6,1.0,0.3,1.0,-4.5,-0.1,-3.8,-3.4,-1.2,-3.6,-3.0,-1.4,-2.5,1.2,-0.3,-2.4,-3.3,-4.9,-3.6,-4.0,1.1,-4.6,-3.3,4.2,-6.8,-0.1,-4.3,3.6,1.8,-0.6,0.2,1.5,1.1,-0.2,-1.1,-5.1,-8.1,-3.2,-3.9,-2.6,0.6,-3.0,-3.9,-3.5,-5.1,-0.9,-2.7,-2.9,-0.9,-2.7,-0.8,-3.6,-4.0,-3.2
2C7L51Fqmd,0,48.108144,11.634393,4442761.89,2778522.9,560.7,606.3,283,7471,4.6,0.59,0.45,32.68,348.97,-0.53,-0.103,0.842,-0.2,0.2,1.03,0.35,1.7,0.3,-0.3,-0.5,-2.5,-3.1,-5.4,0.0,-6.8,-3.5,-2.3,-2.3,-5.5,-0.5,-1.7,1.2,-3.3,1.6,0.5,-6.4,-5.2,0.3,-3.9,-0.1,10.7,-4.1,0.6,5.1,2.3,2.5,0.8,1.2,-13.6,-11.0,10.3,7.0,12.6,-11.9,12.3,13.3,10.5,9.5,9.8,7.1,7.0,9.6,9.6,6.5,0.6,5.2,10.0,3.0,8.7,3.9,9.7,1.8,10.9,7.7,4.1,2.4,1.0,2.7,1.7,-0.7,2.7,-6.2,0.8,-2.2,0.5,-0.6,-2.8,0.7,0.9,-1.2,0.2,-4.0,-0.8,-1.3,-0.4,-0.2,-0.1,-2.3,-4.4,-2.3,-1.6,-0.8,-2.9,-2.6,-2.4,0.4,-0.2,1.6,-2.7,-2.9,-6.2,13.0,4.6,-4.0,0.1,0.7,0.9,-0.9,-0.7,-1.9,-1.2,-0.0,-1.7,2.3,-2.6,-2.6,-4.6,-3.6,-0.1,-4.7,-0.5,7.9,-4.0,-2.3,-1.4,-0.4,-3.9,0.4,-3.9,-3.3,-1.0,-1.1,-1.3,-0.4,-0.1,0.5,4.3,1.4,-2.5,4.4,-0.9,1.9,-6.8,1.1,-5.8,-4.2,-4.2,3.9,-0.9,-3.3,-0.9,-4.0,-4.3,-2.3,-2.0,-0.5,-2.3,-2.1,-2.1,-3.6,0.6,2.4,-0.1,1.4,-1.8,-2.0,-3.1,-4.4,-1.7,-2.2,-8.9,-2.7,-4.9,-4.2,-1.2,-1.8,2.3,2.9,2.3,3.5,-3.1,-3.2,-0.5,-5.8,-0.5,-5.1,0.6,-12.3,3.6,5.0,8.8,10.1,-14.1,2.4,9.0,0.3,3.1,0.5,0.7,6.7,3.6,1.3,13.6,0.6,6.4,5.8,6.8,2.3,0.5,2.9,-1.8,4.1,1.7,0.3,-1.9,-2.3,-4.1
2C7L51FqnZ,0,48.108496,11.637129,4442964.82,2778566.48,533.3,578.9,283,7529,4.6,0.57,0.54,32.7,348.97,-0.53,-0.103,0.842,-0.8,0.2,0.5,0.35,1.3,0.3,-0.3,-0.4,-3.6,0.5,1.8,0.5,2.4,0.5,7.3,4.7,7.1,3.1,3.0,-2.5,7.8,-9.2,-9.3,0.3,1.3,1.0,-1.1,-6.3,-7.1,0.9,-10.4,-15.9,-7.3,-6.1,1.2,-7.8,0.2,-5.0,-3.5,-7.1,-2.8,1.3,0.5,0.4,-2.6,-2.7,0.6,-6.0,0.8,-2.2,-1.2,-9.1,-4.7,-13.3,-1.6,-10.6,-4.5,-7.5,-5.4,-2.0,0.1,-6.2,-0.1,-2.3,6.0,4.7,-16.3,5.9,1.1,-4.6,4.5,-3.0,5.0,-17.1,-1.8,6.3,7.3,-12.8,10.9,7.6,-13.4,0.6,-5.1,1.5,0.6,-3.4,-4.4,-4.1,-2.8,-2.3,-1.8,-3.0,0.1,-4.0,0.8,4.2,2.4,-4.1,-7.7,-5.8,5.0,-4.9,-3.7,-5.0,-2.3,-4.8,-4.1,-10.3,-2.9,-6.7,-5.3,-11.7,-13.4,-12.6,-14.2,-7.9,-9.9,-6.8,-7.2,-8.1,-6.2,-8.6,-7.0,-4.0,-7.2,-6.7,-10.0,0.9,-7.7,-6.3,-6.0,-1.6,-0.9,-6.4,-3.1,-3.6,-2.8,1.0,-6.6,-3.8,-1.9,-0.4,-6.1,-1.0,-5.8,-4.6,-1.6,-9.5,-11.0,-10.8,-7.3,-6.8,-6.2,-0.6,-6.5,-6.9,-4.1,-4.0,-4.3,-6.3,-5.8,-5.2,-6.7,-5.5,-5.3,-6.0,-6.5,-3.8,-8.7,-0.2,-4.0,-6.9,2.9,-4.7,2.1,0.1,-7.3,-2.4,-8.1,2.3,-2.3,-2.5,-8.0,-4.5,-1.0,4.7,-0.7,-3.1,-1.5,-3.2,-2.9,-0.7,-14.1,-6.6,-1.7,-12.3,-8.0,-4.8,-3.1,-6.6,-4.9,-8.0,-10.6,0.1,-6.4,-1.2,-9.4,-5.3,-6.7,-11.8,-9.2,-10.3,-7.8,-2.0,-7.4
2C7L51G7mI,0,48.106592,11.622159,4441854.3,2778330.34,543.9,589.6,284,7262,2.1,0.89,0.33,32.6,348.93,-0.529,-0.103,0.842,-0.5,0.1,-0.6,0.16,0.5,0.1,-0.3,2.8,1.0,0.3,0.0,1.2,-2.5,-1.8,-1.2,-5.1,-6.4,1.6,-1.3,0.0,1.8,1.0,2.6,1.6,3.5,1.0,0.9,-1.0,-0.7,-0.5,0.4,2.2,0.9,2.2,-2.4,0.9,-4.2,3.4,-3.5,-4.3,-3.3,-3.2,-3.0,4.6,-0.4,3.2,2.5,1.9,2.8,0.5,2.2,0.5,-0.8,-1.9,-0.4,-0.9,-0.8,3.0,2.3,-0.1,3.5,0.0,3.7,0.2,2.6,-0.2,-0.9,0.7,3.3,-4.4,0.4,-1.9,-0.2,-0.6,-0.2,1.5,-0.3,-3.2,-0.3,-0.4,-1.0,1.4,0.7,-0.6,0.7,-0.0,-1.2,0.9,1.4,-0.2,-0.9,-0.3,-5.3,-1.1,1.7,-0.1,-1.0,0.1,-2.2,-2.7,-0.5,-1.1,2.4,-1.2,0.2,0.7,-1.8,0.9,0.8,1.9,0.4,-0.8,0.7,-0.1,-2.1,0.7,0.1,1.2,-0.4,0.4,-0.1,2.6,3.2,1.0,3.5,1.8,3.0,-0.8,1.5,-0.0,1.9,11.4,2.2,-1.1,1.2,-0.9,-0.2,-1.9,1.6,-3.8,-1.0,-2.2,-0.4,-0.5,0.2,0.0,2.9,-1.4,0.5,-0.5,-0.9,0.4,1.2,-1.8,0.6,0.9,2.7,-2.4,2.1,1.5,-0.3,-0.8,0.4,-2.2,-0.5,-0.5,-1.4,-0.1,-3.4,2.2,-0.1,0.5,4.9,0.1,-1.1,1.1,-0.0,-2.0,-3.7,-2.6,-7.0,-3.8,-3.1,-0.2,-2.6,-6.7,0.8,0.1,-1.9,-1.2,-3.3,-3.2,-2.0,-1.5,-1.3,-4.0,-3.8,-0.8,-1.9,-4.4,-3.9,-4.3,-1.3,-4.2,-4.3,-2.7,-2.2,-2.3,-4.6,-1.5,1.7,-4.0,-3.7,1.3,0.1
2C7L51G7mJ,0,48.10659,11.622144,4441853.17,2778330.1,540.1,585.8,284,7263,2.2,0.87,0.31,32.6,348.93,-0.529,-0.103,0.842,-0.8,0.1,-0.17,0.17,1.4,0.1,-0.3,0.4,0.6,-1.1,1.1,0.3,-4.6,0.5,-3.1,-0.3,3.2,2.3,-3.7,-0.3,1.5,-2.0,-0.9,-2.1,-0.0,-0.9,-3.8,3.3,1.5,-0.2,-4.1,-2.1,2.9,1.2,-5.4,-0.8,-5.0,1.1,-5.4,-5.8,-3.6,-5.9,-8.3,-2.4,-3.1,0.3,-0.9,0.4,0.7,-5.3,-1.6,-1.5,-0.3,-3.1,-2.0,-1.7,1.4,-1.2,0.7,-0.7,-0.5,-1.5,-0.3,-1.0,-0.5,-1.8,-2.2,-1.4,-0.2,-0.7,-1.0,-4.8,-4.6,-1.5,-1.5,-0.7,-1.5,-4.0,0.5,0.4,-0.7,-1.6,0.6,0.1,-0.0,-2.1,-4.3,-0.7,-4.1,-2.8,-2.9,-1.8,-0.5,-2.6,-4.9,-2.7,-4.6,-3.5,-3.1,-7.3,-1.7,-3.0,-0.7,-1.5,-3.9,-0.2,-3.6,-2.9,-0.9,-1.8,0.1,-4.3,-1.4,-1.5,-1.0,-1.5,-1.1,-1.8,-1.9,1.6,-2.4,-1.1,1.6,1.1,-1.8,-1.8,1.9,2.1,-0.7,-1.3,-1.9,3.8,-3.4,-3.2,-3.3,-3.9,-7.4,-6.4,-1.8,-9.4,-2.6,-6.0,-6.4,-3.5,-4.1,-2.9,1.4,-8.0,-2.6,-3.3,-1.8,1.3,-1.9,-7.7,-2.2,-2.5,-2.6,0.4,-0.8,-2.0,-1.7,-1.5,-0.9,-2.2,-0.4,-1.4,-2.5,-2.5,-5.0,-3.6,-3.0,-7.4,-0.5,-3.8,-4.1,-4.6,-4.9,-3.4,-5.3,-7.2,-7.1,-5.6,-3.3,-4.0,-3.3,-2.6,-3.2,-3.5,-2.7,-4.0,-0.3,-1.4,-8.5,-2.8,-7.5,-7.8,-4.5,-7.3,-7.7,-7.3,-7.8,-7.4,-3.9,-6.3,-8.1,-5.0,-4.1,-5.6,-7.5,-3.0,-2.5,6.4,-4.0,-3.2,-4.2
2C7L51G7mu,0,48.106835,11.624049,4441994.49,2778360.43,530.8,576.5,284,7300,4.5,0.68,0.5,32.64,348.97,-0.529,-0.103,0.842,-0.7,0.2,-0.24,0.34,2.1,0.3,-0.3,-1.6,3.3,2.9,1.9,-0.7,1.6,0.9,-1.7,1.1,-1.0,-1.7,2.4,2.3,4.1,-0.1,-1.1,-1.3,-2.6,-18.0,7.0,0.9,-11.7,-3.3,-9.9,-0.3,-0.3,-1.7,-6.5,-0.4,3.2,-22.0,-10.0,-9.4,-13.0,-3.2,-14.0,4.1,-3.9,3.8,1.0,-0.5,-1.1,1.7,5.3,7.2,6.3,-0.3,-2.0,1.2,-1.0,-1.2,-1.9,2.1,-3.8,-2.6,0.7,1.3,0.8,0.8,-1.0,0.1,1.3,-3.1,1.0,2.7,-2.0,-3.2,2.5,-0.0,-0.9,-2.9,2.1,-1.6,-0.8,2.9,0.8,0.6,3.1,-3.8,-1.6,-5.0,2.9,-17.6,-0.3,-3.3,-1.5,2.9,-1.2,-17.3,-0.2,-1.8,-0.1,-4.8,-0.7,-4.6,3.7,0.7,-0.4,4.4,2.3,1.1,4.0,-2.7,-1.2,-2.1,0.5,-4.6,-1.4,3.9,2.8,-4.1,-1.9,-1.1,-2.4,-2.7,-2.4,1.2,-2.0,1.4,0.3,3.2,4.2,0.2,0.5,2.7,-1.5,-0.1,-5.3,-11.1,-1.1,-9.6,-12.7,-1.4,0.2,-3.1,-1.5,-4.2,3.7,-5.7,0.0,-3.6,0.2,-2.4,-3.9,-2.4,-1.7,-0.1,-3.2,-2.3,0.5,-0.7,-5.1,-1.7,-10.2,-1.6,-2.2,-5.1,-7.2,-7.8,0.3,-0.3,-1.6,-2.4,-5.2,2.2,-2.3,-2.1,-12.3,-0.8,-0.0,-1.8,-8.1,-15.6,2.3,-1.0,-1.4,-4.1,-12.6,3.6,-1.8,-1.8,-3.1,-13.3,-2.7,2.1,-5.2,-0.5,-1.5,-9.7,-4.4,-4.8,-12.3,-8.6,-19.4,-5.0,-3.5,-9.3,-5.3,1.5,-0.2,-2.5,-4.0,1.5,-2.2,4.6,-0.7,-2.6,0.7
2C7L51G7nv,0,48.107318,11.627809,4442273.46,2778420.25,539.7,585.4,284,7363,2.6,0.85,0.3,32.66,348.97,-0.53,-0.103,0.842,-1.0,0.1,-0.72,0.2,0.3,0.2,-0.3,0.7,0.8,1.2,2.8,-0.4,-4.6,0.4,0.3,2.4,-4.8,0.2,-1.4,2.5,1.6,2.6,2.6,1.7,2.9,0.3,0.4,-1.0,1.4,1.4,5.0,3.5,3.6,1.7,-2.0,-2.0,-1.5,-12.5,-1.6,-1.8,-0.1,-1.1,2.1,0.9,1.6,4.5,1.3,2.0,-2.9,3.1,2.9,0.5,2.2,-2.0,-2.2,-0.6,0.2,0.5,1.7,1.8,3.4,3.2,2.9,-0.4,-2.5,-1.0,-1.2,-1.9,0.1,-5.0,1.8,-4.1,-2.3,-2.4,1.6,1.4,2.8,-0.5,4.3,-1.2,0.2,-0.2,2.6,2.6,2.3,1.3,1.2,2.5,-0.1,-1.4,-1.3,0.8,-0.6,4.1,1.8,1.1,-0.9,0.6,-2.6,-5.8,-0.8,1.8,3.5,-0.6,2.4,2.2,3.8,1.0,0.3,1.4,2.7,2.5,0.3,2.3,0.1,3.1,3.1,1.2,2.3,0.7,-0.9,0.2,-6.3,-4.8,-2.6,-3.5,-1.3,-2.0,0.3,-1.7,-1.2,1.2,0.6,-3.5,1.9,1.8,0.1,0.5,-0.2,-3.3,-0.1,-1.6,-0.6,0.2,-1.0,3.5,4.7,-5.0,-5.3,-1.2,-0.9,-0.0,-1.3,-4.5,-0.7,0.6,1.1,-1.1,1.2,3.1,1.9,1.5,-1.3,1.0,1.3,-2.5,-2.5,-1.5,-2.9,-1.1,-1.6,-3.0,-2.8,-1.6,0.1,0.9,-0.1,-2.0,-3.6,-7.6,-6.9,-7.0,-6.4,-6.4,-4.9,12.5,-4.6,-2.9,-3.5,-4.2,-5.7,-3.7,-2.6,-7.3,-2.3,-1.9,-6.0,-5.7,-4.4,-2.9,-3.8,-5.2,-4.3,-2.0,-5.7,-5.8,-3.9,-6.0,-4.1,-4.5,-4.4,-1.9,-5.8,-6.2,-4.7
2C7L51G7oI,0,48.107471,11.628998,4442361.59,2778439.17,533.8,579.5,284,7386,3.1,0.79,0.46,32.66,348.97,-0.53,-0.103,0.842,-0.5,0.2,-0.59,0.24,0.8,0.2,-0.3,-0.2,-0.9,1.5,3.1,-0.4,1.0,1.2,0.9,0.2,-4.9,-0.1,-4.1,-0.4,2.6,0.5,2.8,-1.5,-4.8,-2.4,-3.6,-0.6,1.3,-0.0,2.2,-1.7,1.7,7.4,-6.3,-3.3,-0.3,-16.2,-5.3,-3.5,-2.0,-6.9,-2.3,0.5,-0.8,2.1,-0.5,2.3,3.0,4.1,1.8,4.6,3.5,3.1,4.2,-1.7,1.8,0.9,-0.1,1.7,2.1,5.4,2.7,3.4,5.1,3.1,0.1,1.1,2.2,0.8,-1.0,-5.7,1.4,1.7,5.3,-0.1,1.1,1.8,2.4,2.0,3.5,2.9,1.1,3.2,2.4,-1.1,1.5,2.0,0.0,2.6,-1.8,0.4,4.9,1.1,1.8,0.5,-2.4,-1.8,-3.1,-1.4,-6.1,-3.9,3.0,9.1,-5.7,-3.7,0.3,3.2,-1.7,-4.1,0.3,-1.7,-0.6,3.2,-1.0,2.6,1.6,2.4,-0.8,-0.1,-1.8,0.5,-0.8,0.4,3.0,-0.5,1.5,-3.6,0.8,-0.1,0.3,3.6,1.9,2.1,-1.8,1.0,-4.8,-4.4,-2.1,-1.3,1.8,0.5,-3.2,-1.0,-7.3,-3.8,1.1,-0.6,-0.2,0.3,-2.5,-1.8,2.2,-4.8,-1.6,-1.4,-1.5,-0.9,0.7,-0.4,0.6,4.2,3.3,-0.4,3.3,-1.8,1.4,-3.8,-0.9,3.6,-0.2,-0.3,0.8,-0.5,1.2,-11.8,1.5,5.0,1.8,-4.2,2.2,0.4,3.3,2.0,-3.2,-7.8,-4.2,-3.0,-2.5,-10.1,-7.1,-2.4,3.8,-2.1,0.2,3.9,-1.9,-2.1,-3.5,-9.0,-2.8,-3.8,-2.8,-3.5,1.8,-4.2,-2.4,-5.1,-1.0,-0.3,-1.9,-2.0,-3.7,-0.0,-4.9
2C7L51G7oP,0,48.107526,11.629426,4442393.39,2778445.98,535.0,580.7,284,7393,2.4,0.86,0.34,32.66,348.97,-0.53,-0.103,0.842,-0.7,0.1,-0.06,0.19,0.1,0.2,-0.3,0.2,2.2,1.8,0.5,1.1,-2.2,-0.0,0.7,2.1,-0.2,-1.6,-0.7,0.3,-0.4,1.9,-0.8,0.2,4.5,4.2,-1.7,-0.4,0.9,1.3,1.9,3.1,2.2,3.9,2.9,-0.7,-1.7,-6.4,-3.5,-4.9,-1.6,-0.1,0.3,5.0,2.8,2.1,2.4,2.6,-2.2,1.3,-1.9,1.2,-0.8,-1.2,-3.2,0.1,0.2,1.1,0.2,0.8,2.2,1.4,1.0,2.2,0.8,2.4,1.7,1.2,2.0,1.4,0.2,-4.4,-2.0,0.8,2.7,-1.4,0.6,-3.3,2.2,-0.3,1.7,2.3,1.3,3.6,2.2,1.3,1.3,-0.1,0.7,0.4,1.8,-0.7,8.4,-3.3,1.7,-4.4,-1.1,0.7,0.1,-2.4,-1.3,-2.5,3.1,4.4,1.6,1.6,4.7,-0.3,0.8,1.2,2.6,1.3,0.2,1.0,0.5,0.4,-0.5,0.1,2.3,1.4,0.1,0.8,7.0,-3.3,0.5,0.7,1.5,5.5,3.9,2.0,-2.0,-2.7,-2.6,5.3,1.4,1.9,-1.0,-2.5,-0.8,6.3,-1.0,-6.0,0.2,1.9,-6.7,-3.0,-1.0,1.5,-2.3,-4.2,-7.0,-2.4,-2.0,0.2,-3.1,-2.5,-2.4,-4.6,-2.4,-3.2,-3.8,-5.3,-2.1,-2.6,-4.9,-5.4,-5.4,-4.8,-1.9,-1.0,1.0,-4.7,2.1,-1.3,-3.1,0.1,5.1,-1.5,-4.2,-3.8,-1.2,-5.0,1.2,2.0,2.2,-3.5,-1.9,-1.5,-1.4,-2.0,0.7,-1.6,-1.6,-2.6,-3.2,1.5,-3.2,-4.5,1.2,-2.3,-1.0,-3.5,-0.6,2.1,-1.5,-2.9,-0.5,1.9,-4.3,-4.5,-2.0,-2.7,-2.2,-1.4,-1.7
2C7L51G7qw,0,48.108672,11.638357,4443055.84,2778588.08,533.0,578.7,284,7550,2.7,0.83,0.37,32.7,348.97,-0.53,-0.103,0.841,-0.7,0.1,0.13,0.2,1.1,0.2,-0.3,-2.8,-1.9,-1.4,1.0,-2.2,-8.5,0.6,-2.6,0.5,-10.7,-0.6,3.3,-0.5,0.5,0.9,-1.0,-0.3,-1.3,0.7,-6.2,-4.4,4.3,-3.6,-2.4,1.4,0.6,-4.4,-9.7,-1.5,0.0,5.1,-2.9,-7.2,-2.1,5.2,3.6,0.6,4.5,2.0,0.4,-1.7,-2.1,-3.8,-7.5,-1.4,1.1,-0.0,1.5,0.5,2.3,2.3,0.3,2.7,3.3,0.4,-0.5,1.3,-0.1,1.2,1.4,1.0,4.3,1.5,2.0,0.3,-4.9,-3.3,-0.2,0.7,-1.1,-0.8,4.0,-0.4,-1.4,-1.2,-1.0,-0.1,-1.2,-2.2,-6.8,0.1,-2.3,-1.4,-3.5,-1.2,-2.3,-1.5,-2.0,-6.1,-3.3,-5.3,-5.7,-1.9,-8.3,-5.8,-1.4,-0.5,-5.4,-4.6,-3.2,-3.9,-2.7,-3.6,-1.5,-1.5,-1.1,-4.3,0.1,0.4,-3.8,-2.3,-2.6,-2.8,-4.5,-4.2,-3.9,-1.0,-4.6,-0.5,-2.2,-1.0,-0.9,-0.9,-1.5,-1.5,-0.6,1.7,-2.0,-5.3,-3.2,0.8,-2.4,-2.4,-5.2,-6.5,-7.0,-5.5,-0.9,2.9,-1.3,0.2,2.3,-4.9,-2.5,-1.3,-2.9,-0.4,-4.2,-2.5,-1.3,-4.6,-3.6,-4.1,-5.8,-4.1,-1.9,-3.8,-0.9,-2.4,-2.9,-4.1,-16.2,-3.9,-5.7,-7.8,0.1,-4.4,-1.1,-1.0,-4.2,-1.7,-1.9,-4.6,0.5,-0.4,-3.1,-0.1,-0.6,-1.4,0.9,-4.5,-4.0,-4.3,-4.6,-2.4,-3.4,-2.2,-3.1,-5.9,-6.1,-2.6,-6.3,-7.1,-3.2,-3.1,-5.0,-4.1,-3.4,-0.2,-2.8,-3.8,-0.1,-3.4,-2.5,-3.8,-5.0,-1.9,-4.0
2C7L51G7n1,0,48.10691,11.624484,4442026.73,2778369.41,532.8,578.5,284,7307,4.0,0.68,0.45,32.64,348.97,-0.529,-0.103,0.842,-0.7,0.2,-0.76,0.3,1.9,0.3,-0.3,3.9,-0.7,0.5,-2.9,2.8,1.9,-3.8,2.5,2.9,2.4,3.5,6.8,1.0,-6.2,-1.0,1.0,1.3,1.8,2.5,0.7,-5.8,0.3,1.5,0.3,0.1,4.3,-0.5,-0.6,-5.4,-3.9,-14.7,-5.3,-8.1,-10.8,-4.8,-3.8,-7.0,-5.1,1.6,8.4,1.2,-3.8,-11.2,12.0,-10.6,-4.1,-1.6,-9.0,-3.9,-6.0,-2.1,-1.7,0.7,0.1,-0.2,1.0,2.9,-0.4,0.7,1.8,2.1,0.3,4.7,2.8,0.9,0.4,1.8,11.2,-1.1,-0.8,-1.8,0.9,-2.6,1.4,-0.4,0.1,2.3,1.3,-0.9,0.9,3.7,2.2,-0.1,-6.6,-3.1,-0.8,-1.1,-6.8,3.7,-4.3,-3.8,-4.2,-4.3,-4.5,-7.0,-3.7,-4.8,0.5,1.2,-1.7,-3.2,1.5,-1.1,0.5,-0.9,0.9,2.2,-1.6,0.7,0.3,2.0,0.6,-2.7,-4.1,-2.2,-3.5,-4.6,-0.1,0.2,0.7,2.2,-0.2,0.4,9.3,0.5,-1.7,0.6,3.0,0.3,-1.8,-0.7,1.4,-1.7,1.4,0.5,-1.8,2.7,-3.2,0.3,2.4,-6.3,-3.1,-2.8,0.3,-4.3,-1.6,8.8,-0.5,-0.1,4.1,-2.3,1.9,-0.6,-1.8,-0.9,-3.1,-0.7,3.4,-3.5,0.9,-0.4,-13.3,-15.3,-1.6,-3.5,-1.6,-9.0,7.6,-7.1,-3.4,-1.7,-1.8,-5.7,-4.8,-5.9,-0.4,-1.7,-4.6,4.3,-7.5,-13.7,-6.5,-4.9,-4.4,-7.7,0.6,-4.6,-1.7,10.0,1.2,-14.4,-10.8,-3.6,-11.5,-3.1,-3.5,-1.8,-6.2,-2.8,0.3,-4.8,-5.4,-5.6,-5.7,-4.1,-3.0,-6.2,-0.3
2C7L51G7o8,0,48.107419,11.628448,4442320.75,2778432.48,532.6,578.3,284,7376,2.7,0.82,0.25,32.66,348.97,-0.53,-0.103,0.842,-0.1,0.1,-1.41,0.21,0.6,0.2,-0.3,-0.4,-1.2,-0.3,-0.5,-0.9,-2.9,-1.5,-1.9,0.7,2.7,0.3,-2.4,-1.1,-1.0,-0.2,1.2,-0.7,-0.3,-1.6,-10.2,-11.1,-7.2,8.7,10.0,14.1,13.5,11.8,14.1,8.7,3.5,-3.7,1.8,2.5,2.2,2.6,4.6,4.6,6.9,8.0,6.9,6.1,5.2,5.4,6.1,5.0,6.1,4.9,6.9,6.7,5.4,6.6,6.5,6.5,5.9,5.5,5.9,6.2,6.6,6.7,5.4,6.1,6.7,5.0,7.7,6.1,6.4,5.9,6.4,5.4,5.0,7.2,4.6,5.3,5.5,5.5,5.5,5.3,4.7,4.4,4.1,5.1,3.3,5.3,4.0,4.3,4.9,5.9,6.3,5.1,3.0,4.3,3.9,2.5,1.4,4.3,7.2,6.0,5.0,5.1,6.5,3.9,5.1,6.6,5.8,7.4,6.0,6.6,7.2,7.4,6.0,4.6,4.9,5.0,5.1,6.2,5.8,4.0,6.1,6.2,5.2,5.7,6.7,5.9,5.4,4.8,6.0,5.6,6.2,3.5,4.0,4.4,4.4,5.8,5.1,2.7,4.6,3.7,2.2,5.9,7.6,6.5,2.4,3.8,3.9,4.2,4.6,7.0,5.4,6.5,7.2,5.0,7.0,4.4,4.0,5.8,6.6,4.4,4.8,5.7,4.9,3.7,5.1,4.9,4.5,3.0,5.2,5.2,5.0,3.9,5.3,3.9,1.5,2.3,3.6,3.0,2.6,2.9,2.2,-0.1,0.5,3.2,2.2,4.3,2.0,2.7,2.1,2.8,3.7,2.1,-0.0,1.7,0.1,2.4,2.1,1.9,1.5,2.9,2.6,3.2,4.7,3.3,3.2,4.2,4.1,5.3,2.6,3.4,3.0
2C7L51G7qv,0,48.108684,11.638301,4443051.68,2778589.25,535.4,581.1,284,7549,3.6,0.75,0.43,32.7,348.97,-0.53,-0.103,0.841,0.1,0.2,0.42,0.27,0.5,0.2,-0.3,-1.7,-1.7,-1.1,0.5,0.0,-1.5,-0.1,0.3,0.2,-3.5,2.4,-1.0,0.3,-0.6,-4.2,-1.1,-2.6,-5.0,7.0,-0.2,-1.3,-2.7,-1.7,-2.2,0.5,-0.0,0.6,3.2,-0.5,-4.0,-1.5,-3.7,-3.7,-2.9,3.2,3.7,-6.2,1.5,4.2,3.0,-1.6,-0.8,-1.4,-2.2,1.7,0.0,-3.2,1.1,0.1,-0.8,1.3,2.9,-1.0,4.3,-0.1,-6.0,1.4,1.9,-0.7,0.8,0.9,-11.2,-3.7,-3.7,-9.7,2.0,0.2,-3.4,-6.7,0.4,1.3,2.2,1.2,3.1,-2.0,-0.5,-2.6,0.0,-1.0,-6.5,-0.0,-6.1,0.6,-14.2,-1.3,-1.8,-2.3,-3.2,-3.1,-3.0,-2.3,-6.6,-0.8,-8.3,1.0,4.6,-0.7,-0.9,-3.5,-5.2,0.8,-3.2,-3.0,-3.3,-2.5,-7.0,4.0,0.4,-2.7,-4.1,-1.5,-5.4,-3.1,-5.3,-1.6,-1.0,-2.2,-1.8,-0.6,-2.2,-0.4,-0.1,3.0,-2.0,-0.9,-1.2,1.2,0.6,-3.2,-1.8,3.4,0.0,2.1,0.9,-11.4,-3.5,-2.6,1.3,2.0,1.7,-0.5,-8.7,-2.3,0.8,1.9,1.9,1.0,4.6,1.8,2.1,0.3,-1.2,0.6,0.5,2.0,3.5,2.5,4.3,-0.4,-1.7,-5.2,-15.8,1.4,0.6,-4.2,0.9,3.5,-6.8,1.1,-13.8,-5.5,1.0,5.1,-0.7,-0.1,-12.9,0.8,1.7,-13.7,1.2,2.1,1.3,-3.1,-0.9,-0.3,-3.2,-4.7,-1.0,-4.5,0.1,-4.2,-7.7,-2.8,1.5,1.6,4.6,2.4,-0.5,-0.5,2.3,0.9,2.6,1.7,3.0,-3.3,-0.7,0.7,1.7
2C7L51G7mC,0,48.106558,11.6216,4441812.77,2778325.59,534.5,580.2,284,7256,1.7,0.92,0.28,32.6,348.93,-0.529,-0.103,0.842,-0.4,0.1,-0.47,0.13,0.1,0.1,-0.3,-0.4,1.7,0.8,0.4,0.6,-1.2,0.4,-0.9,-0.3,-0.7,3.9,-1.5,2.5,1.0,0.7,0.2,0.2,0.1,0.5,0.3,0.9,-0.7,1.0,-0.2,0.7,2.3,0.4,-2.6,-0.4,-4.1,6.0,-4.9,-3.1,0.5,-3.7,-2.8,-1.1,1.8,1.8,-1.5,1.6,1.9,0.3,-1.1,0.9,-0.0,-1.1,-0.6,-0.5,-0.6,0.8,-0.7,0.3,0.8,-0.1,1.4,-0.2,0.1,-1.7,-1.6,-0.8,-0.8,-0.5,-1.1,-2.1,-2.8,-1.2,-2.4,-0.4,-1.5,-2.5,0.5,-0.5,0.8,0.7,-0.3,-0.3,-0.5,1.9,-0.3,0.2,-1.3,-0.4,-1.0,-0.7,1.2,1.7,2.4,-0.6,-1.9,-1.6,-1.9,-1.0,3.3,-1.2,2.5,-1.8,-5.1,-0.3,-0.0,-0.5,-0.1,-0.1,1.2,0.1,1.0,0.0,1.6,1.2,0.4,0.9,-0.8,1.4,1.0,1.9,0.5,1.5,-0.9,-0.2,1.1,0.1,-0.1,0.9,-1.1,-0.5,0.3,-1.2,-0.1,1.8,3.0,-2.7,3.0,0.2,1.0,-1.3,0.7,2.5,-1.4,1.6,2.3,-1.0,-0.6,-1.8,0.3,0.8,0.6,-1.7,-1.5,1.1,0.5,-2.4,-0.0,0.7,-0.4,-0.9,-3.5,0.3,0.7,-0.0,-0.2,1.9,-0.6,2.7,0.7,1.3,-4.5,1.5,-0.2,2.8,-0.1,-1.2,-2.8,-3.7,-4.9,-3.1,-1.3,-1.9,-1.5,-7.7,-1.1,0.5,-3.8,-0.1,-3.6,1.7,-1.7,0.0,-2.1,-3.1,-2.4,-3.6,-2.4,-3.6,-1.6,-3.6,-2.3,-1.7,-3.7,-2.6,-4.2,-4.0,-3.6,-3.1,-2.8,1.7,-2.1,-0.4,-2.2
2C7L51G7mD,0,48.10655,11.621537,4441808.07,2778324.59,528.6,574.4,284,7257,4.6,0.55,0.48,32.6,348.93,-0.529,-0.103,0.842,-0.7,0.2,-0.14,0.35,3.2,0.3,-0.3,1.9,3.1,4.1,0.6,12.5,1.0,-13.1,2.7,3.1,6.7,-11.1,0.5,9.7,2.9,1.5,-2.7,7.2,5.5,6.3,5.8,0.8,-7.5,5.5,4.2,-0.3,5.8,4.5,-1.7,6.6,3.3,9.5,-0.2,7.1,12.2,12.4,1.6,6.3,8.3,10.5,3.0,4.8,5.0,6.2,6.4,3.7,0.7,1.7,1.6,1.3,1.0,1.5,0.4,0.9,3.3,-0.5,9.0,-2.5,0.6,0.2,-0.4,0.1,-2.6,1.1,-0.5,2.7,0.7,3.2,-1.6,-2.7,-0.9,-2.5,2.1,1.6,4.8,1.1,15.8,-2.5,-2.2,6.1,7.4,4.3,1.4,14.4,6.6,-1.1,12.3,8.1,8.0,6.5,13.3,1.1,-1.3,0.9,-7.7,0.5,8.1,1.1,-7.6,-2.3,2.6,3.7,2.1,3.8,-11.2,1.5,3.1,2.0,2.5,8.0,-4.8,-8.4,-2.7,-2.4,1.3,3.4,-6.9,5.2,-0.2,-0.8,0.2,-12.6,-1.8,4.0,-8.3,13.0,0.6,0.6,11.5,3.9,13.5,6.7,10.9,2.6,7.6,6.1,6.0,10.4,-1.5,3.7,4.6,2.0,-2.9,-2.7,-0.9,0.8,-0.5,-6.3,2.1,-1.1,2.3,-4.9,-3.4,0.5,4.0,0.0,-4.2,3.0,-3.0,13.6,6.3,5.9,9.1,8.2,3.9,4.4,0.9,5.6,5.3,4.7,-1.6,0.5,-1.1,-1.3,-3.9,-2.8,-8.3,-1.1,4.5,-9.7,-3.8,-8.8,-4.8,0.8,-7.0,3.0,2.3,1.2,4.2,0.2,3.7,0.8,3.2,-0.2,1.8,0.1,10.6,2.6,-1.1,-3.7,-1.8,-1.3,-1.0,-1.8,1.8,-2.5,-5.0,1.0,-2.1
2C7L51G7mF,0,48.106618,11.62207,4441847.59,2778333.03,549.0,594.7,284,7259,3.0,0.79,0.43,32.6,348.93,-0.529,-0.103,0.842,-0.7,0.1,-0.13,0.23,0.9,0.2,-0.3,0.4,-0.3,1.8,-2.7,-2.7,-5.3,-1.5,-1.8,-5.7,10.5,0.6,-3.7,-1.1,-1.8,-3.0,0.3,-2.3,-1.6,7.2,-1.5,-1.2,-1.1,-1.9,-4.9,-1.7,-0.9,-1.1,1.8,-2.1,-4.4,-5.3,-5.8,7.3,0.6,-1.4,-6.2,1.5,1.2,3.9,4.2,-1.0,-1.5,-0.5,-1.2,0.6,-0.7,-3.3,-0.2,-3.2,0.5,-1.0,-1.6,-1.0,-2.1,-0.3,-1.6,0.7,-0.5,-2.4,-2.3,-2.3,-1.2,-9.3,-1.6,-9.0,-3.8,-1.1,1.4,-1.0,-0.6,-4.5,-1.5,-3.2,-1.9,-2.3,-3.1,-1.0,-2.3,-1.7,-3.7,1.5,-2.7,-2.6,-3.7,-2.2,3.2,-3.1,-1.3,-2.9,2.8,1.5,-1.4,-4.1,1.1,-0.2,-0.3,-0.9,-6.5,-2.0,0.0,0.1,0.1,0.1,0.4,-3.3,-1.2,-0.6,1.2,-0.8,-3.9,-0.6,0.9,1.5,-3.2,1.2,-0.1,-2.7,-0.4,-0.7,-0.3,-0.1,0.2,-0.8,-1.9,-8.0,-5.4,-7.0,-7.6,-4.3,1.2,-4.4,-0.8,-7.4,-3.6,-8.7,-8.1,0.3,-1.1,2.1,1.1,-7.9,-0.9,-2.1,-0.2,3.3,-3.8,-7.6,-4.1,-0.1,-3.0,-2.6,-5.1,0.6,0.1,-2.0,-2.8,-5.2,-8.0,-5.9,-0.2,-3.7,-5.0,-2.0,2.4,4.1,-0.1,-1.5,-0.9,2.1,0.6,-0.8,-1.9,-9.2,3.4,-4.9,-3.4,-3.0,-1.6,4.0,-3.4,-1.3,-1.4,-2.9,-6.8,-3.3,-4.5,-6.8,-1.3,-6.3,-5.4,-7.2,-3.6,-5.1,-5.1,-6.2,-2.1,-0.0,-7.1,5.0,-6.8,-13.7,-2.8,-3.7,0.6,-9.9,-3.7,-3.2,-5.2
2C7L51G7mG,0,48.106608,11.621995,4441842.04,2778331.85,542.6,588.3,284,7260,2.4,0.87,0.42,32.6,348.93,-0.529,-0.103,0.842,-0.7,0.1,-0.23,0.18,0.7,0.2,-0.3,2.0,1.7,3.4,1.1,-0.8,-9.0,0.5,1.4,-2.3,6.5,1.0,-2.9,0.4,-1.9,1.0,0.6,0.7,2.2,-2.3,-0.1,-0.9,1.4,-0.5,-2.3,2.7,1.5,-0.3,-0.7,-1.2,-0.0,6.6,-2.1,-1.9,0.5,-2.7,-1.4,1.2,3.1,4.7,4.0,0.1,1.4,2.8,1.0,1.6,1.3,-1.9,0.6,-2.7,1.8,1.3,1.9,1.2,0.5,1.9,-1.7,1.9,2.1,-0.3,-0.9,0.5,1.9,-2.7,0.2,-1.9,1.6,-0.8,-13.6,0.8,0.7,-2.2,-1.2,-3.1,-1.9,1.3,-1.4,0.5,1.0,1.1,-0.8,1.5,1.8,-0.7,-0.9,-0.1,1.1,0.4,0.8,0.6,0.2,1.1,-1.9,-1.1,1.8,1.0,2.6,0.9,0.5,-0.9,0.5,1.0,1.9,2.1,-0.3,1.3,0.3,0.0,0.0,-1.8,-1.6,-0.0,3.5,1.6,0.3,0.1,0.8,-2.1,2.8,1.4,2.0,-1.7,1.9,-0.3,-0.7,-1.5,0.7,-3.1,-1.9,-0.9,2.0,-0.4,1.5,-5.6,-0.8,1.3,1.2,1.7,-0.6,2.1,2.4,-2.3,-0.8,-2.0,-2.0,-1.2,-1.3,-2.7,-2.9,-7.0,3.1,-2.7,-0.9,0.8,-3.8,-1.3,-2.4,-2.0,-2.3,-2.3,-2.0,-0.6,-1.6,2.3,-0.3,-0.7,2.2,0.9,0.6,1.7,-0.4,-0.2,-3.0,-4.3,-6.1,-4.4,-6.8,0.5,-0.1,-9.2,-0.8,0.5,-1.6,-1.9,-4.6,-0.1,-0.2,-1.8,0.5,-4.9,-3.4,-3.8,-2.7,-0.1,-1.0,-0.8,-1.7,-0.6,-1.3,-2.4,-2.4,-7.3,-3.8,-2.9,-3.3,-4.8,9.0,-6.0,-6.2
2C7L51G7mH,0,48.106596,11.6219,4441835.03,2778330.36,534.6,580.3,284,7261,3.9,0.39,0.46,32.6,348.93,-0.529,-0.103,0.842,-0.1,0.2,-0.16,0.3,5.8,0.3,-0.3,1.0,0.9,-2.6,-0.8,-1.3,1.5,-1.1,0.7,-3.2,-0.7,2.5,2.3,6.7,1.3,7.4,5.1,8.8,9.8,7.4,5.2,6.8,12.4,4.4,10.1,10.5,14.7,10.7,-1.2,9.5,9.0,7.4,10.8,10.7,10.7,9.3,3.4,14.7,9.9,16.1,13.1,11.7,0.5,11.8,12.3,6.0,1.2,-0.2,-0.9,2.2,-1.6,0.3,0.1,3.1,5.0,2.4,-1.1,-1.3,-0.3,-0.7,-0.1,-0.6,-3.7,-6.5,-0.3,2.5,0.7,-4.4,0.0,-2.2,-2.0,-2.8,1.9,-5.2,-0.2,11.2,5.3,8.6,1.9,6.5,9.7,1.0,10.0,-6.5,7.7,-1.3,11.1,8.3,9.9,10.5,9.8,11.4,8.4,1.4,13.6,9.6,14.8,1.1,9.9,11.9,8.0,7.3,12.5,8.4,6.5,10.4,3.4,3.0,2.2,3.4,-2.7,-2.3,-7.6,3.8,-5.8,-4.0,-1.1,10.1,-4.9,2.2,-0.6,1.5,5.4,6.4,-5.2,1.1,8.5,4.0,8.7,9.8,15.0,9.3,14.6,-1.4,11.0,8.9,8.8,13.9,12.9,7.6,0.8,1.7,1.9,-1.3,0.7,1.5,0.2,6.0,1.5,6.9,4.2,3.2,2.0,-12.9,0.9,2.9,4.2,4.5,5.0,5.1,2.5,6.1,7.4,12.9,12.3,10.4,10.9,14.0,9.4,10.1,9.8,7.7,8.1,-1.5,-2.4,-1.3,-3.9,-1.6,-1.5,1.5,1.2,-1.8,-0.6,0.8,2.6,2.9,11.9,1.8,9.0,11.1,6.8,10.3,8.8,12.0,9.6,7.6,8.8,12.4,7.6,3.4,4.6,0.2,0.0,0.9,-6.7,2.0,-1.3,-4.2,-7.0
2C7L51G7oQ,0,48.107567,11.629461,4442395.87,2778450.66,534.4,580.1,284,7394,2.9,0.79,0.41,32.66,348.97,-0.53,-0.103,0.842,-0.4,0.1,-0.65,0.22,1.2,0.2,-0.3,-2.1,-1.6,-2.6,-1.4,-0.7,3.9,-2.6,-2.4,1.4,2.6,-0.2,-0.5,-1.0,-0.7,-2.2,-4.2,-0.4,1.7,-2.0,-3.4,-3.3,2.8,2.5,-0.5,-2.0,-2.7,3.7,5.1,0.2,-3.4,-7.3,-3.5,-3.9,-3.4,-0.6,-1.9,3.8,1.2,3.9,0.6,-0.1,-3.4,-0.9,-4.6,-3.2,-4.9,1.9,-3.2,-3.2,-7.7,-0.6,1.6,1.8,1.5,1.7,2.0,-0.5,-1.7,1.0,0.9,-1.4,0.4,-2.4,-4.2,-5.2,-0.6,-1.8,2.7,-4.2,-2.7,-13.5,-1.1,2.1,-1.0,-2.1,-3.4,2.5,1.1,0.3,-1.7,-1.2,-1.0,-2.6,0.1,-1.0,-1.6,-5.2,1.3,-0.7,-4.0,1.0,-1.2,-4.3,-3.3,-5.4,0.2,2.8,-1.0,-0.7,-0.5,-0.6,-1.0,-0.5,-0.0,2.4,-0.2,-0.3,1.6,0.7,1.8,0.6,0.7,2.3,1.3,4.3,4.3,1.5,2.0,5.6,5.5,5.2,3.6,4.6,-2.2,-6.7,3.8,5.7,-0.0,-3.4,-6.7,-1.9,-2.4,1.4,-2.5,-2.6,-1.9,-1.7,-8.3,-0.9,1.4,5.1,-0.6,-0.4,6.7,2.6,1.5,4.9,4.0,-6.5,-0.9,-3.6,1.0,-1.7,-3.4,-2.9,-5.4,-2.4,-5.9,-5.6,-3.4,-4.5,-4.1,-1.6,-1.5,-0.7,1.9,7.3,2.4,0.1,-1.6,-3.4,-1.0,-3.4,1.1,0.8,1.0,-2.3,2.0,-5.6,-1.2,-1.7,-1.4,-2.8,-4.0,-1.8,-1.4,-3.6,-4.8,-3.2,-4.4,-5.0,1.7,-5.0,-4.5,-3.4,-2.8,-1.3,1.9,-2.6,-2.4,-1.9,-2.8,-5.6,-2.7,-6.5,-3.3,-4.6,0.6
2C7L51G7os,0,48.107839,11.63158,4442553.04,2778484.32,558.4,604.0,284,7422,3.6,0.75,0.51,32.67,348.97,-0.53,-0.103,0.842,-1.2,0.2,0.05,0.28,0.8,0.2,-0.3,8.5,3.1,7.1,7.7,-15.2,-16.4,-0.0,7.0,0.8,5.6,-3.2,-10.1,-8.6,5.7,-5.5,-3.0,1.5,-5.1,-3.1,-4.5,-9.4,-1.2,1.6,1.1,1.7,0.5,-0.3,-6.2,1.9,-3.7,-3.7,-3.2,-5.6,-3.4,-6.0,-0.3,-2.2,-0.8,-1.6,0.4,-2.6,-4.6,-1.6,-1.2,-2.1,-3.2,-9.2,0.2,-3.6,1.7,-1.5,-1.8,-5.1,-1.2,-1.1,0.1,-2.0,0.7,-1.5,-3.0,-4.1,-4.4,-2.0,-1.2,-2.7,-8.5,-0.8,-0.4,-3.1,-4.6,-8.5,-2.5,-6.6,-3.2,-6.6,-5.4,-4.5,-3.1,-5.0,-4.4,-3.0,-5.4,-2.7,-4.5,-4.1,-4.2,-3.9,-4.5,-3.9,-2.4,-2.1,-5.5,-6.8,-1.9,-3.3,-4.5,-3.6,-2.0,-3.4,-3.7,-3.1,-3.1,-3.4,-3.4,-1.8,-2.6,-3.5,-2.4,-4.7,-3.3,-2.3,-3.9,-3.6,-3.7,-2.4,-8.9,-5.6,-5.3,-6.6,-4.5,-7.3,-3.4,-2.7,0.4,-2.5,-2.9,-4.7,-2.8,-4.0,-8.2,-4.3,-3.6,-5.6,-4.4,-6.3,-2.7,-7.1,-4.6,-4.2,-2.4,-5.9,-5.6,-1.0,-5.2,-3.7,-1.6,-9.2,-4.2,-3.9,-0.3,4.4,-7.8,-15.9,-8.3,-8.0,-5.9,-4.1,-3.6,-8.6,-5.7,-4.7,-7.1,-1.5,-4.3,-3.6,1.1,-2.5,2.2,-4.3,-3.4,-4.3,-6.0,-9.2,-4.8,-10.2,-20.6,-7.6,-3.0,-1.7,-2.3,-4.2,-6.2,-6.5,-4.0,-7.1,-4.8,-7.6,-4.1,-5.1,-9.9,-8.5,-8.0,-6.1,-8.0,-5.3,-8.0,-5.3,-8.4,1.1,-4.5,-11.1,-0.5,-2.7,-3.7,-9.6,-10.6,-15.7,-20.5
2C7L51G7pg,0,48.108178,11.634222,4442749.02,2778526.38,550.3,596.0,284,7472,4.6,0.63,0.47,32.68,348.97,-0.53,-0.103,0.842,-0.6,0.2,0.69,0.35,1.1,0.3,-0.3,-6.2,2.4,-14.7,-14.6,-3.7,9.6,8.3,-11.6,10.7,2.9,-7.0,2.7,-0.3,-1.7,4.5,-14.2,-7.1,-0.5,9.9,1.1,-7.7,4.6,-13.0,-4.9,0.3,-4.9,-9.8,-2.8,-10.7,-10.7,-18.8,7.6,4.1,-17.2,3.1,3.0,7.4,-0.1,4.4,4.3,7.3,11.2,2.2,-2.8,-1.3,-1.1,0.6,1.3,-1.9,2.1,-3.8,9.1,6.2,5.8,-1.8,-0.7,-6.1,-1.0,-2.1,-2.3,-3.4,-1.0,-7.0,-0.8,-4.0,-6.4,-4.0,-8.3,-3.9,-3.1,-3.0,-1.8,-6.2,-4.2,-3.5,-4.2,-3.2,-6.4,-7.5,-7.8,-4.9,-5.2,-7.6,-7.4,-7.5,-6.4,-1.0,-5.6,-2.8,-2.1,-6.6,-8.9,-6.0,-3.6,-7.4,-4.3,-4.2,-4.4,-5.4,-3.2,-6.1,-2.2,-7.6,-7.3,-1.4,-10.7,-5.7,-1.0,-5.9,-4.3,-7.1,-4.6,-0.3,-3.7,-4.7,-4.6,-6.5,-6.4,-2.0,-2.7,-6.2,-2.2,-3.0,2.2,-5.1,-8.0,-3.2,-1.4,-2.9,-7.1,-2.7,-8.7,-0.3,-5.9,-6.1,-6.1,-3.5,-2.9,0.4,-1.9,-2.5,-3.7,-2.8,-3.0,-4.6,-0.1,-5.5,-2.6,-3.6,-1.9,-7.8,-4.1,-1.8,-4.9,-2.0,-2.2,-7.9,-5.1,-5.5,-3.1,-3.9,-13.4,-0.4,-10.3,-6.7,-3.8,-5.8,0.2,-8.6,-1.0,-7.6,-4.0,-6.8,-3.4,-4.7,-8.6,-3.5,-0.2,-15.2,-4.5,-3.0,2.6,-4.1,-1.6,-1.2,-0.9,-6.0,-6.3,-6.4,-5.9,-6.9,-2.3,-2.0,-0.9,-0.6,-3.9,-1.6,-5.8,-5.8,-6.7,-5.5,-1.3,-2.8,-4.8,-4.6,-4.1,-6.1,-4.6
2C7L51G7qn,0,48.108651,11.637901,4443021.98,2778584.95,538.4,584.1,284,7541,3.2,0.77,0.46,32.7,348.97,-0.53,-0.103,0.842,-1.3,0.2,-0.36,0.25,1.7,0.2,-0.3,-3.1,-2.3,-3.5,-1.9,-2.4,0.9,-5.3,-4.7,-4.8,-3.7,-2.1,-0.5,5.3,0.1,0.1,-5.5,-0.7,-2.9,-9.9,-3.3,-1.8,0.9,-1.1,-4.0,0.3,-4.4,-0.6,1.6,1.1,-10.0,-5.2,-8.4,-5.7,0.4,-14.1,-1.8,9.2,-2.7,-1.2,1.2,0.1,1.7,8.4,-5.6,-2.2,2.6,1.1,1.9,-5.2,-5.0,3.1,-0.2,-1.7,-1.5,-1.9,-2.5,-1.9,-2.2,-2.0,-2.2,-3.0,-0.2,-1.8,-2.1,-3.3,-3.6,-3.2,-3.5,-2.6,-1.4,-1.4,0.0,-2.3,-2.0,-4.4,-8.4,-6.3,-3.9,-3.1,-5.2,-3.7,-6.0,-3.8,-5.2,-3.1,-7.8,-3.5,-6.5,-5.4,1.0,-5.1,-1.7,-4.5,-5.1,-4.0,1.6,1.8,-2.0,-1.7,-6.1,-3.7,-8.3,-8.5,-7.7,-1.9,-7.1,-6.8,-3.7,-1.1,-4.1,-0.8,-0.7,-1.7,-0.6,-2.4,-2.3,-4.3,-3.2,-1.8,-2.2,-3.3,-4.8,-1.4,-2.7,-6.8,-6.7,0.1,-4.5,-7.6,-11.8,-3.5,-6.0,-1.6,-5.8,-9.9,-9.8,-6.3,0.2,-2.6,-1.1,-5.2,-3.0,-0.5,7.5,-0.3,-1.3,-0.1,-1.6,-4.2,-2.6,-2.8,-3.6,-3.2,-5.5,-5.1,-6.0,-5.3,-3.5,-2.7,-3.0,-10.8,-18.5,-9.7,-10.4,-9.4,-2.4,-2.8,-2.4,-7.6,-6.1,-6.0,-9.2,-1.2,-5.1,-2.1,-7.5,-5.9,-5.3,6.3,-4.7,-6.8,-6.4,-9.1,-6.2,-5.8,-7.3,-6.4,-8.4,-10.2,-4.8,-12.7,-8.6,-13.2,-11.9,-8.9,-9.9,-6.4,-8.4,-6.9,-3.3,-7.8,-7.3,-8.4,-7.7,-4.8,-5.1,-6.7,-12.0
2C7L51G7qr,0,48.108682,11.638145,4443040.05,2778588.83,536.7,582.4,284,7545,2.0,0.9,0.31,32.7,348.97,-0.53,-0.103,0.841,-0.3,0.1,0.1,0.15,0.5,0.1,-0.3,-1.1,-1.3,-0.9,-1.1,-0.7,-0.3,0.2,-0.3,0.4,1.1,-0.2,0.7,0.2,1.3,-1.6,1.6,1.7,0.9,2.0,-2.0,-0.9,-2.2,-0.2,2.3,1.5,2.6,0.3,2.3,0.0,0.7,-2.2,3.9,0.3,-0.3,4.9,-1.4,0.7,3.6,0.8,-0.4,-0.9,1.7,0.8,-1.4,-1.4,0.7,-1.4,-0.7,1.4,0.6,0.3,0.8,0.3,0.1,-0.3,-1.3,1.0,-0.1,-0.5,-0.5,-1.9,-1.5,1.8,-0.9,0.2,-2.1,-1.7,-2.4,-1.3,-0.1,-3.7,-0.9,0.3,-0.8,0.4,1.3,0.6,-1.8,-2.4,-0.1,0.0,-0.8,0.8,0.7,0.0,2.5,-2.7,1.6,-1.6,0.4,1.0,0.0,-1.3,-3.0,-0.8,4.1,-1.3,1.0,-1.7,-1.0,-2.4,1.8,-2.7,1.9,3.0,-0.8,-2.9,-1.4,-1.7,2.4,-2.6,-1.6,-3.1,-0.5,-0.4,-1.5,0.8,0.4,0.2,-1.3,0.1,-1.3,-0.9,-0.0,-3.2,2.6,3.3,0.2,0.9,-1.7,-0.5,0.4,-1.7,-0.4,-5.2,-3.8,0.9,-0.7,4.3,-1.2,-1.3,-4.3,-1.6,-3.8,-2.4,-3.6,-0.8,-1.4,0.8,-0.3,-1.0,-1.2,-1.7,-0.3,-2.1,1.6,1.5,0.6,0.4,2.6,1.7,-11.2,-3.3,-5.3,-4.1,3.9,1.2,1.5,0.7,-2.3,2.7,1.2,-3.5,-1.0,-2.2,-3.1,-2.8,-1.6,-0.3,-0.1,-2.0,-1.2,-0.2,-0.1,0.9,-0.1,-0.3,-2.8,-3.6,-4.4,-5.5,-0.7,-0.1,3.3,3.6,1.1,-0.7,-3.4,-0.2,2.3,-1.0,-2.1,0.5,-3.4,-8.7,0.5,-2.8,-2.2
2C7L51G7qt,0,48.10868,11.638125,4443038.54,2778588.51,532.0,577.7,284,7547,2.6,0.85,0.36,32.7,348.97,-0.53,-0.103,0.841,-1.2,0.1,-0.37,0.2,1.0,0.2,-0.3,-1.0,-2.4,-0.8,-1.7,-1.5,-1.2,0.3,-1.8,1.8,-1.6,0.1,-0.4,1.9,-2.7,-0.9,1.2,3.6,0.7,-1.4,-0.9,-2.4,-0.4,-0.0,1.2,-0.6,-0.7,2.0,3.0,1.2,-1.5,1.7,-7.4,-0.2,-0.5,-1.1,1.8,-1.5,0.2,-2.2,-0.6,0.0,-1.6,-1.8,-1.4,-4.4,-2.3,-0.7,-0.6,0.5,0.5,2.0,7.0,2.9,-0.1,1.6,-0.2,0.7,0.3,1.3,1.7,1.1,-1.7,-0.3,0.2,2.0,-2.1,1.7,-1.7,-3.2,1.4,-0.5,3.2,-1.0,-0.1,0.4,1.7,0.8,-0.9,-3.6,-4.0,-0.6,-3.0,-3.4,-4.1,-0.2,2.6,-1.3,-4.3,-2.5,-1.0,-3.1,2.7,-1.8,-4.7,-5.8,7.5,-0.9,0.2,-2.6,-0.5,-3.1,-1.6,-0.7,-2.0,-5.8,-1.2,-3.0,-0.8,-2.5,-2.3,-0.7,0.0,-2.4,-1.6,-3.9,-3.0,-1.5,-2.3,-1.4,-2.5,-1.1,-3.6,-0.6,-0.4,4.7,5.7,1.1,0.2,-5.7,-5.2,-2.9,-2.9,-3.0,0.3,-8.1,-5.7,3.5,-3.4,-2.0,-2.6,-2.0,-3.6,-5.7,-2.2,-1.9,-1.4,-3.1,-2.2,-1.0,-0.8,0.1,-0.2,-0.1,2.3,-0.5,1.3,-2.7,-0.4,-5.2,-3.5,-5.3,-16.4,-11.7,-11.2,-9.8,-4.9,-4.0,-2.6,-7.0,-3.8,-4.0,-3.4,-5.3,-2.6,-4.5,-3.6,-3.6,-4.0,-3.6,-3.5,-4.2,-5.2,-2.6,-4.4,-4.7,-2.0,-1.5,-3.8,-15.4,-8.3,-6.5,-7.8,-7.6,-4.6,0.4,-4.2,-1.9,-6.9,-5.2,-4.4,-6.6,-5.5,-9.1,-4.9,-6.5,-5.2,-3.9,-4.4
2C7L51G7n2,0,48.106981,11.624754,4442046.68,2778377.81,541.8,587.5,284,7308,2.4,0.86,0.36,32.64,348.97,-0.529,-0.103,0.842,-0.9,0.1,0.03,0.19,0.7,0.2,-0.3,-1.6,1.8,1.7,1.3,1.8,-3.4,-0.7,-0.7,4.2,-6.8,2.0,-1.7,1.9,2.6,0.5,1.9,0.9,3.1,2.0,1.9,0.3,-0.8,-2.1,0.7,2.0,1.1,0.1,-3.6,-3.9,-2.4,9.8,-4.0,-4.8,-3.5,-2.0,0.9,1.7,0.8,1.9,1.2,-0.1,-3.3,2.4,-0.7,-0.8,-0.8,-0.9,-3.6,-1.1,-0.8,-1.2,-3.8,-2.0,-2.3,-0.9,-0.4,-1.7,0.9,0.8,-0.8,-1.0,-5.0,-1.2,-2.3,-7.3,-2.3,-0.7,5.3,-3.5,-0.2,-3.9,-3.7,-5.6,-6.4,0.5,2.9,3.1,2.2,1.4,0.2,0.2,0.4,-1.2,-2.0,-3.3,-1.5,0.4,3.0,-0.3,-0.4,-1.3,-6.8,-7.0,-3.3,-1.8,-1.3,-4.6,-1.1,-1.9,-0.9,-2.9,-2.4,-2.4,-2.7,-4.1,-3.2,-1.3,-2.8,-2.5,-1.6,-2.2,-1.0,-2.4,-0.7,-1.0,-4.5,-3.4,-2.8,-2.0,1.0,-5.7,-2.4,-1.1,-0.8,1.6,2.4,-3.1,0.2,-0.4,-4.1,-4.9,0.5,-4.4,-0.0,-2.7,-3.2,-0.7,-2.0,0.1,1.3,-3.4,-4.2,-4.4,-3.1,-5.0,-5.1,-1.8,-3.8,-1.3,-1.1,-4.8,-1.0,-1.4,-2.5,-0.1,-1.7,-2.0,0.7,-0.9,-1.6,-0.9,-0.2,-2.5,-3.9,-2.4,-6.4,-4.6,-0.9,-1.9,-1.6,-3.2,-2.4,-5.7,-5.8,-6.5,-9.8,-5.5,-2.7,7.8,-8.8,-4.2,-7.2,-7.8,-5.2,-6.5,-5.6,-4.8,0.9,-1.1,-4.6,-2.3,-2.0,-5.2,-4.5,-7.0,-4.1,-3.8,-3.7,-5.0,-3.2,-4.3,-4.6,-4.1,-4.8,-3.5,-7.0,-5.5,-3.3
2C7L51G7n4,0,48.106988,11.624805,4442050.43,2778378.62,539.0,584.7,284,7310,2.1,0.85,0.34,32.64,348.97,-0.529,-0.103,0.842,-0.6,0.1,-0.17,0.17,1.8,0.1,-0.3,-2.5,-2.2,0.7,-1.6,-1.1,-4.8,-0.3,1.1,0.3,-1.7,3.2,1.0,0.6,2.4,0.4,1.0,0.9,2.5,-0.7,0.1,-0.5,-0.6,-0.1,2.6,6.8,4.3,3.4,-3.6,-3.8,0.8,8.4,-0.8,-2.6,-0.5,-0.3,1.1,2.7,-2.2,4.9,1.4,0.6,-0.2,2.3,0.7,0.8,-1.1,-3.1,-4.0,-1.9,-1.3,-2.2,-1.8,-1.0,0.8,-2.5,0.5,-2.6,-0.7,-1.2,-3.1,-4.5,-4.2,1.7,-4.4,-8.6,-5.7,-6.9,-0.0,-3.2,-2.8,-6.0,-3.2,-2.5,-1.4,-1.7,1.2,-0.5,-0.6,-2.4,-1.4,-1.2,-3.4,-0.5,-1.8,-1.1,0.4,1.2,4.7,1.2,0.3,1.1,-1.5,-2.9,-1.6,-2.8,-1.2,0.5,-0.9,-0.0,1.6,0.3,1.1,2.1,2.0,0.3,-0.5,1.2,-1.2,3.7,1.5,0.8,2.0,0.6,-1.4,-1.0,-4.0,-9.4,-4.7,-2.7,-3.3,-4.3,-3.6,-2.7,-2.4,-4.1,-1.0,-2.5,1.2,-1.5,-2.8,-2.4,1.8,-0.1,-2.4,-3.7,-0.1,1.2,-1.8,2.1,3.3,-1.8,0.8,0.2,1.8,0.1,-2.1,-5.5,-2.7,-2.4,-0.9,-10.3,-0.6,-1.7,-3.0,-0.3,0.9,-3.0,0.6,-0.2,-1.2,-2.1,0.7,-0.5,0.0,-0.1,3.0,0.6,4.5,2.9,1.5,-1.1,-1.6,-2.5,-3.2,-4.6,-2.0,-3.5,-3.4,-0.6,-2.4,-1.9,-2.8,-3.3,-3.3,-3.3,-1.1,-3.3,0.4,-3.8,-2.5,-2.3,-2.9,-3.4,0.0,-1.0,-1.2,-0.8,-3.1,-6.0,-2.7,-5.0,-4.3,-5.7,-6.0,-3.7,-7.5,-6.8,-7.2
2C7L51G7ni,0,48.107267,11.626975,4442211.44,2778413.17,533.8,579.5,284,7350,3.7,0.75,0.41,32.65,348.97,-0.53,-0.103,0.842,-0.2,0.2,-0.72,0.29,0.5,0.2,-0.3,-2.8,-0.5,0.3,-0.8,-2.0,-2.8,-1.2,-2.4,0.3,1.0,0.1,1.1,-1.0,-0.8,-0.6,2.0,0.8,-4.1,2.5,-1.7,3.8,-5.6,-5.9,-1.7,2.3,-0.5,0.6,-3.5,0.2,-3.1,10.3,-5.7,-3.8,-7.4,-6.2,-2.9,5.8,-6.7,15.4,-1.3,-3.6,-0.4,-0.5,-1.9,0.0,-4.6,-0.2,-3.0,0.0,-1.1,-2.3,-0.7,-0.4,0.5,0.2,-0.9,-0.2,0.2,-0.4,-1.4,0.0,-0.8,-1.4,1.4,3.2,-2.5,-3.1,-1.0,-2.6,-1.9,-1.7,-1.6,-2.7,-2.1,-0.3,-0.5,0.4,-2.4,-1.7,2.0,0.7,1.3,-1.2,-3.5,-4.9,-2.1,-2.2,1.1,-3.2,-3.1,-1.2,-6.7,-5.0,-3.8,-3.0,6.7,4.4,-0.2,4.7,2.8,0.5,-3.7,-4.4,-1.3,-1.1,0.6,-1.5,-0.6,-2.9,-2.2,-4.9,-4.5,-4.2,1.6,-1.0,-1.7,-0.6,-1.0,3.5,2.9,3.9,3.8,4.3,5.0,-1.2,-0.1,-0.5,-0.1,-3.9,-2.0,-6.6,0.6,-7.5,0.0,-0.9,1.0,3.5,4.2,6.9,7.3,-1.4,1.7,1.2,-2.3,-0.1,-3.6,16.4,-2.9,-0.2,-3.7,0.9,-0.7,0.1,-0.5,0.2,-3.7,-1.7,-1.8,1.8,0.8,1.5,1.7,-5.0,0.0,3.5,4.5,-1.0,-3.2,10.9,7.1,-1.1,-1.9,-7.5,-0.2,3.1,10.5,-5.6,-2.5,0.1,-4.4,-3.2,-3.3,-4.7,-2.1,-1.6,-2.9,-4.3,1.2,-3.0,-4.5,-2.0,0.5,2.3,-6.4,-6.2,-4.6,17.1,-8.3,-8.0,-3.3,-6.7,-6.2,-4.0,-5.3,-0.5,-4.1,-0.4,-3.3
2C7L51G7o7,0,48.107452,11.62842,4442318.61,2778436.15,536.3,582.0,284,7375,2.2,0.86,0.35,32.66,348.97,-0.53,-0.103,0.842,-1.2,0.1,-0.44,0.17,1.7,0.1,-0.3,-4.9,-1.2,-3.1,-1.8,-0.9,4.7,0.8,1.2,1.1,5.9,-0.1,5.2,-0.5,1.3,-2.1,-3.2,-4.7,-3.0,-4.7,-7.1,-3.4,-1.6,0.2,-3.7,-2.3,-0.8,-1.0,-0.2,-2.7,-6.6,-15.0,-8.1,-5.5,-7.3,-6.6,-5.0,-1.6,-2.5,1.0,-3.0,-0.8,-3.5,-3.9,-3.7,-4.0,-1.1,-2.9,-0.8,-3.0,0.3,0.2,-2.5,-1.7,-1.1,-1.7,-2.2,-1.2,-0.1,-0.7,-1.4,-1.9,-2.6,1.6,-1.1,1.2,1.2,-4.1,2.4,-1.2,-2.7,-1.1,-3.1,-3.9,-2.1,-3.4,-3.4,-3.8,-4.1,-4.5,-3.9,-2.6,-3.7,-2.5,-5.8,-2.3,-6.3,-2.2,-3.3,-4.1,-6.3,-4.6,-10.4,-4.0,-5.9,-2.0,-1.2,-0.9,-3.8,-3.4,-1.5,-1.0,-3.8,-0.7,-6.4,-3.4,-1.4,-3.2,-0.8,0.7,-4.2,-6.5,-2.4,-4.1,-3.2,-1.9,-0.1,-4.3,-2.4,-2.8,-0.7,-2.6,-1.1,-0.7,-1.4,-3.6,-3.6,-3.3,-4.5,-4.8,-5.7,-4.4,-5.4,-4.2,-3.7,-7.5,-5.9,-4.8,-6.8,-2.4,-1.5,-0.2,-4.4,-3.3,-3.5,-3.0,0.3,-0.9,-3.4,-1.7,-0.7,-2.1,-3.0,-5.5,-3.4,-3.3,-2.4,-4.3,-5.0,-3.5,-4.1,-7.8,-4.5,-5.6,-6.5,-7.0,-3.4,-3.6,-3.3,-7.1,-7.9,-7.3,-10.4,-5.7,-4.1,-5.3,-4.1,-4.7,-1.7,-10.9,-5.0,-6.0,-8.0,-5.8,-7.4,-6.2,-8.4,-7.8,-9.0,-6.3,-10.4,-11.6,-6.9,-7.9,-9.5,-10.2,-9.6,-5.3,-8.8,-9.9,-4.7,-8.2,-7.8,-7.0,-5.6,-6.1,-5.4,-4.6,-4.8
2C7L51G7ox,0,48.107851,11.631527,4442549.12,2778485.58,544.1,589.8,284,7427,2.6,0.85,0.37,32.67,348.97,-0.53,-0.103,0.842,-0.6,0.1,-0.13,0.2,0.7,0.2,-0.3,-3.4,-2.7,-2.7,1.6,-0.2,1.5,-0.8,-1.1,-1.5,0.3,-3.6,-2.1,-4.1,-1.5,-1.2,-1.2,-3.2,-0.4,-2.6,-0.1,-3.1,1.0,0.6,5.4,2.4,-0.3,2.9,1.8,-1.8,-0.9,-4.9,-1.8,-7.0,-3.2,-9.0,3.9,0.3,1.3,4.7,4.7,-0.1,-1.8,0.9,-1.1,-0.3,-2.6,-3.3,-1.7,0.2,1.1,-0.8,-0.3,0.9,-1.5,-0.7,2.7,-1.7,-0.4,0.7,2.0,0.5,-2.7,1.6,-4.7,0.9,-2.1,13.2,-1.4,-0.9,-3.3,-4.0,-2.9,-2.5,-2.0,-6.3,-0.4,-3.3,-4.6,-3.3,-8.1,-5.7,-2.4,-4.0,-4.2,-3.0,-2.9,-2.2,-2.0,-3.4,-5.5,-5.5,-3.7,-6.8,-3.7,-4.3,-5.0,1.0,3.6,-0.0,0.4,-1.2,0.5,0.9,-0.2,0.1,-2.8,0.1,-1.6,2.5,1.5,-5.1,-0.5,-1.9,-3.0,-4.0,-1.1,-3.6,-1.9,-2.2,-4.5,-2.2,-0.8,-2.9,-1.5,-3.8,-0.2,-3.4,-4.4,-2.0,-3.1,-1.0,1.0,-0.2,-0.3,-0.6,0.5,0.3,-2.3,3.4,3.0,-1.7,-4.2,-4.5,-7.0,-2.1,-1.3,0.4,-1.6,-0.9,-0.5,-2.4,0.6,-2.0,-1.4,1.4,-2.3,-1.5,-4.5,-1.9,-0.8,-3.2,-5.5,-1.3,-3.6,-5.8,-1.2,-0.6,-1.0,-7.4,-4.0,-2.6,-7.2,-7.6,-2.2,-1.1,-1.2,-5.6,-2.1,-1.4,-3.6,-3.1,-2.3,-1.9,-1.1,-2.3,-2.6,-2.8,-4.6,-4.2,-6.0,-5.3,-2.9,-4.9,-5.4,-2.2,-4.2,-8.9,-1.8,-6.1,-5.1,-6.3,-3.8,-3.8,-0.7,-3.7,-1.9,-3.1,-1.4
2C7L51G7qo,0,48.108707,11.6382,4443044.07,2778591.73,549.5,595.1,284,7542,3.1,0.79,0.43,32.7,348.97,-0.53,-0.103,0.842,-0.5,0.2,-0.65,0.24,0.1,0.2,-0.3,-0.3,-0.7,-0.8,-0.0,2.1,0.9,-0.2,-0.8,1.2,0.5,-0.3,1.0,0.3,0.5,1.8,2.7,1.6,0.0,-1.9,-4.1,-2.9,10.8,-1.9,6.8,4.9,5.7,0.2,1.4,1.6,-0.1,-3.9,-4.0,-1.7,-0.5,-2.1,1.0,3.1,-1.0,0.8,4.2,2.7,1.1,2.6,-0.5,3.2,-0.6,-0.2,0.3,0.0,3.0,1.4,-0.8,-1.4,-2.0,-2.1,-1.4,1.8,4.0,-2.5,0.6,0.7,1.8,-1.4,1.2,-2.7,0.4,0.9,1.3,1.8,3.0,-0.2,0.7,1.3,2.2,0.5,9.8,0.3,-0.6,3.5,-6.3,-1.5,1.3,-0.9,0.6,-0.9,-2.5,3.0,12.8,-7.0,6.3,-0.1,-3.2,2.6,1.6,-2.5,2.3,0.4,5.9,1.7,0.4,0.3,0.8,1.5,1.3,4.5,2.3,0.9,1.5,-1.1,1.3,2.2,0.8,0.4,-0.7,0.3,2.1,5.3,-0.0,1.6,4.2,7.0,0.3,1.5,-0.2,-2.9,-3.8,4.0,2.1,0.4,-1.8,2.9,3.4,3.6,4.0,-1.1,0.1,0.5,-0.0,5.2,-0.0,2.2,-0.8,-2.3,0.1,1.7,2.5,-0.8,1.2,1.8,0.4,4.5,0.0,0.2,0.5,1.3,0.5,0.2,-0.1,0.8,-1.7,-3.2,10.0,-3.7,-6.5,-6.7,-3.2,-0.5,-4.9,1.0,-0.0,11.6,-9.2,0.1,-4.4,-3.0,-2.9,-2.8,-1.0,8.2,-0.7,-5.0,-1.4,-0.4,-1.9,-4.6,-7.0,-1.6,-2.6,-3.8,-3.7,-3.1,5.3,0.4,0.0,4.3,-1.9,2.8,-1.8,0.4,-10.4,0.9,-1.5,-1.6,-6.8,1.8,-1.6,-2.3,-5.1
2C7L51G7mA,0,48.106595,11.621603,4441812.84,2778329.73,540.3,586.0,284,7254,2.1,0.91,0.3,32.6,348.93,-0.529,-0.103,0.842,-0.3,0.1,-0.4,0.16,0.4,0.1,-0.3,-0.0,-1.1,-0.8,0.2,1.1,4.9,-0.1,0.0,-0.9,3.1,1.3,4.9,3.9,-0.5,0.2,-2.1,-2.0,0.2,0.1,0.5,0.3,0.8,-1.6,-0.5,0.9,1.6,2.1,0.4,-1.4,-1.7,-16.0,-2.9,-3.3,-2.0,-4.2,0.1,0.3,0.1,2.8,1.6,-1.1,0.8,1.1,0.0,-0.5,0.8,-0.1,-1.2,-2.6,1.1,1.7,1.5,1.9,2.8,-1.5,-2.2,0.5,-0.9,0.3,1.6,-0.3,0.1,-7.4,-0.1,-2.2,-3.8,-1.1,-3.6,-0.9,-0.1,0.9,-1.6,-2.6,-1.2,2.7,1.3,1.8,-1.4,0.7,0.9,0.9,-0.5,0.1,0.1,-0.1,1.3,-0.1,-0.5,0.4,-1.4,0.5,-1.9,-0.8,3.5,1.2,1.4,1.3,-0.0,1.6,0.8,0.7,2.3,-0.9,1.9,2.3,1.2,0.5,0.9,1.0,-0.5,0.9,1.3,1.4,-0.9,0.5,0.5,-1.5,-0.4,0.7,-1.2,1.3,-0.8,1.9,-2.2,-0.0,-0.4,0.9,-1.6,-0.5,0.1,0.0,3.6,0.4,-0.1,-1.0,0.7,1.9,-1.3,2.2,1.5,0.6,2.7,1.2,2.2,1.7,-0.9,-1.8,0.4,1.0,0.6,-2.6,-1.3,1.5,-2.5,0.6,0.5,-0.6,-0.5,-0.0,-1.8,-2.0,-0.8,3.6,0.5,0.8,0.7,-0.3,0.9,3.6,-0.5,-1.9,-0.4,-1.9,-0.5,-0.8,-3.2,2.0,-3.4,-11.6,-1.2,-2.2,-0.8,-0.5,0.1,-0.8,0.5,0.5,0.2,-2.2,-0.4,-1.9,-0.9,-3.5,-1.2,-2.0,-1.1,-0.2,-1.5,0.4,-2.3,-2.0,-2.4,-1.8,-2.2,0.3,0.2,-3.2,-3.1
2C7L51G7mw,0,48.106943,11.624314,4442014.01,2778372.88,539.2,584.9,284,7302,2.2,0.89,0.34,32.64,348.97,-0.529,-0.103,0.842,-0.8,0.1,-0.0,0.17,0.5,0.1,-0.3,-1.1,-0.8,-0.1,0.8,0.2,-1.6,-0.2,0.3,1.0,1.5,1.0,0.7,0.7,0.4,1.1,1.7,-0.1,2.1,0.6,0.2,-1.0,0.1,-1.0,2.1,2.5,0.1,3.0,-3.0,-0.4,-2.3,8.6,-4.0,-6.4,-2.7,-4.1,-5.5,1.0,-0.7,0.8,-2.0,-0.5,-1.0,0.2,0.6,-1.2,-0.0,-2.2,-2.8,-1.1,-0.7,-1.0,2.1,2.9,2.6,2.6,4.0,-0.4,1.9,2.8,0.9,-0.8,2.9,0.6,-1.2,-3.3,-2.1,-1.1,0.9,-1.1,-0.2,-1.6,0.6,-1.3,1.1,1.1,2.1,1.4,3.2,0.9,1.2,0.4,-0.7,-0.0,-0.7,-0.9,-1.0,0.1,0.6,0.7,0.4,-0.7,-4.6,-7.3,-2.5,-4.4,-2.5,-4.1,-1.1,-1.6,-1.4,-1.5,-0.1,1.7,-0.7,-1.1,-0.3,-0.5,-2.8,0.5,-1.6,-2.0,-1.0,-3.1,-1.8,0.1,-1.9,-4.6,-2.4,-2.7,-0.1,-13.2,0.2,-2.1,0.3,3.3,-1.0,-2.0,-2.7,-1.3,1.9,-2.5,2.1,-3.8,-2.2,-0.5,-3.1,-1.0,-4.6,0.5,2.2,-4.8,-2.5,-4.0,-2.4,-5.2,-5.7,1.8,-4.7,-4.5,-2.7,-3.3,-2.0,-1.7,-3.2,-2.2,-2.4,-2.8,-2.8,0.2,-2.2,-1.3,-1.1,1.2,-0.0,-3.9,-1.2,-0.9,-2.0,-1.1,2.2,-1.1,-1.4,-3.2,-6.1,-4.4,-6.9,-4.7,-2.4,-10.3,-2.6,-1.9,-2.6,-4.0,-2.7,-1.7,-0.7,1.1,-4.2,-2.3,-1.0,-3.6,-4.3,-7.9,-4.2,-6.3,-2.3,-5.1,-2.3,-4.3,-1.8,-4.2,-1.2,-6.5,-3.2,-4.1,-3.9,-2.6,-3.4
2C7L51G7mx,0,48.10694,11.62429,4442012.24,2778372.51,535.2,580.9,284,7303,3.6,0.72,0.45,32.64,348.97,-0.529,-0.103,0.842,-1.6,0.2,-0.74,0.27,1.2,0.2,-0.3,1.7,0.4,1.2,3.2,1.2,1.1,-0.2,5.1,1.0,4.7,4.3,9.1,1.4,1.7,1.1,0.8,0.1,3.0,-0.5,-0.3,0.7,-0.0,-0.9,3.0,3.8,-0.4,4.3,1.3,1.1,-4.7,8.7,-7.5,-8.1,-4.4,-2.6,-6.4,-1.3,-3.6,-0.2,0.7,1.9,3.5,3.2,-0.6,-2.2,-2.5,-2.6,-1.3,-1.5,-2.8,-2.9,-5.6,-0.2,-5.2,-11.0,3.1,1.2,-0.0,-1.7,-3.7,-2.6,-0.7,3.6,-4.3,2.2,2.0,-1.0,5.2,-0.8,-1.3,0.2,0.5,-1.0,3.2,2.2,2.7,1.6,-1.6,0.2,3.6,4.0,-0.4,3.1,-1.0,-2.5,-0.3,1.1,0.9,-2.2,-1.5,0.0,-2.4,-8.1,-0.4,-2.3,-1.9,-3.5,-2.4,-1.9,-1.4,-1.0,0.4,2.5,0.2,-2.3,0.9,-0.2,-1.4,1.2,0.6,-0.0,-0.7,-3.2,-1.3,0.6,-4.8,-1.9,-5.0,-2.5,-0.7,-1.7,-3.9,-1.7,0.6,2.4,1.3,1.7,-3.3,-0.5,-3.3,3.0,2.9,-0.1,2.3,0.7,0.5,-0.5,-0.8,1.8,1.5,-1.6,1.9,-3.3,-2.5,-4.6,-3.7,3.8,-4.9,-5.6,-1.5,0.4,-2.2,-2.5,-3.7,-4.9,-3.3,-2.7,-2.4,1.2,-1.7,-1.3,-0.9,1.8,0.0,-9.7,-3.4,-13.5,-3.6,-1.6,-13.0,2.9,-1.5,-5.7,-1.9,-9.9,-13.9,-9.4,-15.2,-6.2,-15.0,-2.3,-15.2,-7.0,-8.6,-5.9,0.3,-5.9,-7.0,-2.3,5.4,-2.7,-4.4,-8.0,-4.3,-7.1,-9.9,-4.5,1.2,-7.8,-1.3,3.0,-16.5,-14.3,-13.3,-6.1,-5.6,-9.7,-13.4
2C7L51G7nE,0,48.107072,11.625318,4442088.5,2778388.86,537.5,583.2,284,7320,2.7,0.81,0.36,32.64,348.97,-0.529,-0.103,0.842,-0.9,0.1,-0.95,0.21,0.9,0.2,-0.3,1.7,4.5,0.1,0.1,-2.3,-0.3,-0.2,-3.7,-5.0,-1.1,-2.5,-0.9,1.3,-2.0,-1.1,-1.3,-3.0,-0.6,-4.3,-2.1,-5.2,-0.2,-3.3,-0.5,1.2,0.8,-1.1,2.3,-8.5,-4.3,11.2,-7.5,-6.6,-5.3,-5.7,-4.2,-0.5,1.5,-0.2,-0.6,-1.3,0.8,-3.1,0.4,-2.5,-1.4,-1.4,-1.8,-0.1,-0.5,-2.2,0.7,-2.0,2.2,4.4,1.2,4.7,6.1,-10.9,5.0,1.8,4.1,-1.1,3.7,5.1,-2.2,3.1,-1.8,-0.3,-5.4,1.6,-0.8,0.4,1.5,0.1,2.0,-0.3,0.7,-5.7,-3.6,0.7,-2.3,0.0,-4.0,-2.6,-5.0,1.9,0.7,-1.4,-5.8,-3.3,-8.6,-5.3,-3.0,-0.1,-2.9,-3.2,-2.4,-0.6,-1.6,-1.3,-2.2,-0.5,0.6,-0.2,-0.3,-2.1,-3.3,-2.0,-3.7,-1.9,-0.4,0.2,-1.4,0.2,0.1,-7.6,1.9,-3.8,-3.1,-3.0,-3.6,-0.3,-1.9,-0.6,-3.6,1.3,1.8,-1.2,-2.1,-2.8,-0.9,-2.2,-2.2,-1.2,-4.1,-1.1,-2.5,2.2,1.2,-3.2,-3.2,1.8,1.1,3.1,-1.7,4.0,-2.2,-2.8,-3.6,0.8,0.1,-0.5,-1.7,-1.9,1.8,-2.6,-3.2,-4.5,-3.2,-3.7,-0.1,2.6,-3.1,1.8,1.7,-4.7,-0.8,-2.7,-4.1,-3.8,-7.3,-4.5,-4.6,-2.8,-3.5,-3.8,-1.7,2.5,-5.4,-5.4,-4.5,-7.1,-8.3,-7.3,-6.8,-2.1,-2.4,-2.9,-4.8,-6.5,-4.5,-5.1,-9.4,-6.5,-6.3,-6.9,-6.7,-6.9,-4.3,-5.9,-5.1,-6.6,-7.4,-7.7,-7.1,-7.9,-5.1
2C7L51G7nF,0,48.10708,11.625373,4442092.57,2778389.74,536.2,581.9,284,7321,4.5,0.66,0.44,32.64,348.97,-0.529,-0.103,0.842,-0.4,0.2,-0.33,0.34,1.3,0.3,-0.3,2.6,1.8,1.6,1.6,4.1,-5.9,1.8,2.2,3.8,-4.1,3.4,-3.2,4.7,4.0,2.6,3.5,2.7,2.4,2.4,1.5,7.3,2.8,1.2,1.9,5.0,4.1,2.7,-0.1,-0.7,-0.9,5.5,-1.0,-5.6,-0.5,-3.5,0.8,-1.2,-0.6,9.6,2.4,5.7,-11.4,1.1,4.5,3.9,1.7,11.1,-15.1,4.6,-7.2,-1.0,0.2,0.1,2.3,-1.2,2.4,-8.7,-1.8,-2.0,-5.7,-4.4,3.9,-10.4,-0.6,-10.1,-6.4,-9.9,-13.0,2.9,-3.0,-9.6,0.1,10.2,-0.3,4.2,-3.1,6.9,4.5,1.2,-2.7,7.3,2.8,8.0,3.6,3.4,1.4,3.9,3.0,2.7,0.8,1.0,-0.9,4.2,0.3,2.3,2.2,13.8,-1.0,2.3,1.4,-2.9,1.4,3.5,4.7,5.0,-0.2,3.6,4.9,5.8,1.8,4.4,6.4,2.9,4.9,3.4,10.2,-3.0,0.3,-1.8,3.3,7.7,-0.6,-10.3,0.9,4.7,1.5,5.6,5.2,2.3,-4.6,-2.8,3.3,-5.7,-0.2,2.7,-0.5,-0.3,-2.1,0.6,7.6,2.8,-8.5,2.5,-2.6,-0.8,-2.0,8.5,-3.3,-3.4,0.6,-6.2,1.9,1.3,2.2,4.3,-4.9,-1.6,0.5,2.5,3.6,2.1,0.7,3.4,1.7,-0.6,6.1,1.7,2.0,1.8,3.7,0.7,-0.5,-3.8,0.3,0.9,0.5,-1.1,-2.4,-16.6,-0.9,0.9,0.9,-1.6,-0.7,0.5,-1.3,-12.2,1.1,-0.7,2.7,-1.9,-3.4,0.3,-0.5,-1.6,3.0,1.3,-0.2,-15.3,0.7,7.0,1.6,2.5,-4.6,-0.3,-1.8,-0.0,0.0
2C7L51G7pm,0,48.108216,11.634222,4442748.97,2778530.54,533.3,579.0,284,7478,4.2,0.56,0.69,32.69,348.97,-0.53,-0.103,0.842,-1.7,0.2,-0.59,0.32,2.6,0.3,-0.3,-0.7,-0.5,-0.1,-0.3,-1.2,0.5,-0.1,-0.8,6.7,-2.6,2.7,5.4,2.3,1.0,2.9,3.1,-0.4,0.5,-4.6,-3.8,-6.2,-4.9,-9.7,-5.2,-9.8,-6.2,-3.4,-11.0,-7.5,-13.0,-9.2,-2.6,-15.9,-12.6,-9.1,2.3,-0.2,-2.3,-1.6,-1.3,-3.1,0.3,0.6,1.1,0.3,3.6,1.8,-11.4,-12.0,-9.6,-8.7,-8.5,-4.7,-3.1,-5.1,-8.9,-7.9,-8.1,-7.8,-7.7,-6.0,-7.9,-8.3,-5.6,-4.6,-4.3,-5.6,-6.6,-6.4,-5.9,-5.6,-5.9,-7.1,-6.5,-13.5,-3.4,-11.3,-8.4,-10.4,-5.2,-9.8,-14.6,-9.0,-8.8,-9.1,5.2,-0.8,-0.3,-5.4,-4.0,-4.5,-4.4,-6.0,-4.6,-6.7,-1.3,-1.7,-2.9,-3.5,-0.7,-4.0,-7.6,-5.5,-2.9,-5.0,-3.3,-1.5,0.5,-4.4,-1.6,-3.2,-0.3,-0.9,-1.6,-0.0,-2.3,-1.3,-2.7,1.3,-1.5,1.5,-0.5,2.8,0.6,0.5,-0.0,1.6,-1.3,-2.5,-7.6,-5.7,-5.5,-11.9,-8.4,-13.2,-14.4,-11.0,-10.8,-7.0,-5.0,-2.2,-6.3,-6.7,-6.5,-4.1,-3.2,-5.5,-3.1,-3.1,-3.1,-1.7,-2.0,-2.5,-2.0,-1.8,-3.3,-3.6,-4.8,-8.4,-14.8,-18.6,-20.8,-14.2,-17.4,-15.7,-15.0,-8.8,-4.4,-11.0,-10.8,-11.6,-15.8,-2.5,-3.6,-5.7,-9.5,-5.0,-6.6,-9.3,-6.6,-5.1,-7.6,-6.2,-10.0,-9.1,-8.7,-13.8,-12.0,-14.5,-15.2,-11.9,-14.7,-13.9,-14.3,-9.7,-6.7,-14.7,-10.9,-17.3,-10.6,-19.1,-18.1,-11.1,-6.2,-5.3,-6.4,-4.3,-5.9
2C7L51G7q6,0,48.108431,11.6359,4442873.45,2778557.19,559.0,604.7,284,7498,3.2,0.78,0.47,32.69,348.97,-0.53,-0.103,0.842,-0.6,0.2,-0.42,0.24,0.5,0.2,-0.3,0.7,1.0,4.8,11.8,1.8,3.7,-1.5,-0.6,2.5,12.9,1.7,-3.7,1.3,0.4,5.0,-8.8,-5.0,3.8,1.1,-3.5,-4.6,0.7,-5.2,1.6,2.4,1.8,-2.4,-1.0,-6.2,1.1,-9.2,1.8,-2.7,1.7,-0.8,6.0,-4.7,5.1,-1.6,3.9,-1.8,-5.3,0.2,2.0,-3.9,-3.3,-2.4,-6.5,-3.0,-2.4,-3.4,0.5,-0.0,-2.2,-1.8,0.6,0.6,1.6,-1.2,-2.5,-3.0,-3.5,0.2,-5.4,-1.1,-4.8,-3.0,5.7,-0.6,-1.6,0.6,-0.3,-3.2,-2.5,0.8,3.0,0.4,-2.0,0.2,0.4,-1.3,0.3,1.0,-1.2,-0.5,2.6,5.1,4.3,3.6,-0.1,1.6,-3.4,0.1,0.9,0.8,5.6,2.7,4.8,3.2,3.4,2.0,3.0,4.6,0.6,1.7,0.1,-1.4,-1.7,-3.4,-1.7,-0.9,-2.0,-0.5,-0.4,1.0,2.1,-5.8,-0.4,0.4,-1.0,3.0,-0.2,-0.5,1.2,1.5,0.7,4.4,0.9,-0.8,-1.4,3.4,0.9,1.2,1.1,0.1,1.2,3.2,0.3,3.2,0.5,1.3,-2.9,-2.0,-0.3,-0.6,-0.9,-10.0,-1.4,-2.2,2.2,-8.3,-1.4,-0.8,-2.1,-1.4,-2.1,-2.1,-0.8,-1.0,-0.7,-1.3,-9.0,-2.1,-5.1,-2.8,-1.3,-0.1,4.0,-1.3,1.5,1.4,-1.0,-4.4,-5.2,-4.1,-6.8,-2.7,-2.0,11.6,-1.9,-0.2,-2.0,-1.8,-5.6,-2.8,-0.5,-3.8,-2.6,-2.0,-5.2,-1.2,-3.3,-3.3,2.4,-1.1,-2.1,0.8,-1.3,-2.6,-0.9,-5.2,-5.9,-5.2,-4.7,-5.3,-1.9,-3.6,-4.8
2C7L51G7qg,0,48.108633,11.637472,4442990.02,2778582.24,536.4,582.1,284,7534,3.3,0.76,0.49,32.7,348.97,-0.53,-0.103,0.842,0.5,0.2,-0.6,0.25,0.5,0.2,-0.3,-1.7,-3.5,-0.7,-4.3,4.0,2.7,0.5,2.2,3.4,3.8,2.7,5.8,0.6,1.5,1.1,0.5,1.9,3.3,1.5,1.5,0.8,-0.1,0.1,1.5,-0.3,-0.1,1.0,3.1,1.1,-1.7,-5.0,-3.3,-3.0,-2.6,3.1,-0.0,0.5,0.1,-0.8,-0.5,1.6,0.3,-1.8,1.2,-2.7,-2.3,2.6,3.3,2.7,0.6,-3.7,-0.4,2.1,3.8,-0.2,-0.8,0.4,1.8,1.2,1.0,-4.0,-0.7,9.5,-2.7,-6.3,-0.8,-1.6,4.0,-6.7,-7.8,3.4,1.2,0.5,3.8,2.0,7.7,8.4,8.7,5.4,1.8,-4.6,-1.3,7.4,10.3,-2.8,-0.6,-0.3,-0.1,2.0,-0.1,-0.1,0.2,-0.4,-0.9,1.3,7.9,3.2,4.0,5.8,2.1,2.8,8.2,4.4,3.0,2.8,1.9,3.1,3.4,6.8,4.3,4.7,4.0,4.7,2.8,6.4,3.3,-4.2,8.1,10.0,3.5,1.3,2.8,3.7,4.3,3.3,-1.5,1.4,3.3,4.7,-0.0,4.4,3.5,-3.7,1.4,-4.1,-7.2,2.2,1.8,3.2,6.9,-2.7,3.4,5.1,1.9,2.5,1.7,2.2,5.7,4.2,1.6,-2.0,5.5,6.6,3.7,3.7,6.7,10.0,8.6,1.4,4.6,1.9,-5.4,2.1,-1.4,-2.1,-2.0,5.7,8.9,1.3,1.8,2.2,2.6,1.8,-0.5,4.0,-0.3,2.9,6.3,-10.3,5.1,4.8,4.2,4.2,4.3,0.4,-0.3,1.1,1.6,2.7,0.1,1.7,4.7,3.0,-1.2,5.3,4.5,8.5,2.0,2.3,3.4,1.6,-0.4,-1.8,-0.2,1.0,3.6,3.3,4.9
2C7L51G7qh,0,48.108641,11.637533,4442994.58,2778583.21,536.7,582.3,284,7535,2.1,0.87,0.26,32.7,348.97,-0.53,-0.103,0.842,0.2,0.1,-0.83,0.16,0.8,0.1,-0.3,-4.3,-3.1,0.5,-1.3,1.0,-0.6,1.1,2.4,2.4,1.8,2.1,1.8,1.4,2.7,2.3,1.1,2.0,1.8,-0.5,0.2,0.6,-0.1,-1.2,0.4,-1.0,0.5,0.7,0.4,-1.0,-2.0,-3.7,-4.9,-3.4,-2.7,1.8,-2.8,-2.0,-0.8,-1.4,0.1,0.5,0.1,-1.9,-0.8,-3.3,-0.7,-1.8,0.5,-1.0,-0.1,1.0,2.8,1.4,1.0,-2.5,-1.4,-0.8,-0.7,-1.8,-0.7,-2.0,0.3,-0.1,-5.0,-7.6,-4.8,-0.1,1.2,1.1,0.1,0.5,1.1,-0.6,0.3,2.1,1.1,1.8,-0.0,0.4,-1.1,-2.7,-4.1,2.2,0.9,1.2,-0.6,1.2,-1.1,-0.2,-0.0,-0.4,-1.4,-0.4,-3.9,0.0,5.2,1.1,1.0,4.1,0.3,2.7,0.9,3.2,0.6,0.4,3.2,3.6,3.6,4.1,2.2,4.7,4.3,2.3,3.2,4.3,2.5,3.4,4.6,4.7,2.4,1.6,3.1,3.8,4.9,2.5,1.7,0.4,1.0,1.0,-1.1,2.1,0.7,1.3,2.1,-0.7,0.3,1.8,2.0,2.3,3.8,-2.6,0.6,1.1,2.7,2.1,3.2,-0.4,3.4,2.7,5.2,-2.9,3.3,3.6,4.3,4.0,2.8,4.2,4.7,1.1,0.6,-0.7,-6.2,-0.4,-1.2,-2.7,-0.8,2.1,4.4,0.2,-0.3,1.0,-0.7,-0.4,-3.1,-1.7,-2.2,1.5,3.0,7.9,2.2,3.4,1.9,2.1,-1.0,1.8,0.3,-1.4,2.2,-0.5,-1.2,-1.6,-1.5,-1.0,0.6,2.1,-0.1,2.1,-2.7,-0.2,-0.4,-1.2,-2.5,-1.7,-0.9,-0.4,-0.7,1.0,-0.4
2C7L51G7qi,0,48.108635,11.637492,4442991.53,2778582.57,531.9,577.6,284,7536,2.2,0.88,0.31,32.7,348.97,-0.53,-0.103,0.842,-0.4,0.1,-0.34,0.17,0.3,0.1,-0.3,-3.0,-1.6,0.5,0.1,-0.3,-0.3,-0.6,0.7,1.0,1.6,2.5,0.2,0.6,2.2,0.1,3.1,0.9,1.3,-2.1,-0.4,1.9,-0.2,-3.7,-0.3,-0.9,1.3,-0.6,1.5,-3.0,-2.0,-2.2,-3.4,-3.9,-1.8,1.5,-1.6,0.4,0.0,-1.0,2.2,-0.0,-2.1,-1.6,0.6,-1.2,-2.0,-3.5,-2.6,-1.5,-3.3,-1.8,-1.8,-1.5,-0.7,-3.1,-0.1,-3.2,-3.0,-3.4,-4.1,-2.2,-1.4,-1.8,2.8,-0.2,-4.5,-3.8,-1.2,1.0,-1.2,0.5,-0.0,-4.7,-2.4,0.1,-0.2,-0.1,-1.1,-2.3,-2.0,-3.0,-3.7,-0.0,-0.2,-1.2,-1.9,0.4,0.1,-3.3,-1.9,-0.9,-4.1,-2.8,-4.5,-2.9,2.5,-3.3,-1.3,0.6,-2.5,1.3,-0.3,1.3,-0.1,-0.3,-0.9,2.3,-0.6,1.8,1.9,4.7,0.2,-1.1,-2.3,-0.2,-2.6,2.0,-0.8,-0.2,-2.7,4.1,-0.2,1.6,3.9,2.0,2.3,-0.4,1.1,-2.3,-3.7,0.6,0.7,-0.4,1.3,-5.4,-3.6,-1.1,-1.5,2.3,2.0,-2.4,0.2,-1.6,1.5,-1.4,-2.2,1.7,-0.5,-3.2,3.9,-3.9,-2.0,1.1,-1.2,-0.9,-2.0,-1.6,-0.3,-1.0,-2.9,-2.5,-7.9,-4.2,-3.7,-4.7,-3.0,2.6,3.0,-2.6,0.1,-1.5,-2.7,-1.7,-3.1,-4.9,-4.5,-5.8,-0.1,1.1,-0.1,0.2,0.1,-2.1,-5.2,2.0,-2.0,-3.0,-0.7,-1.5,-3.4,-2.6,-5.4,-5.2,-3.2,-0.6,-0.1,-0.3,-3.8,-1.9,-1.3,-0.3,-5.9,-3.7,-0.6,-4.3,-11.4,3.9,-6.3
2C7L51G7qj,0,48.108636,11.637496,4442991.8,2778582.63,529.3,575.0,284,7537,3.2,0.77,0.41,32.7,348.97,-0.53,-0.103,0.842,-0.7,0.2,-0.54,0.25,1.0,0.2,-0.3,-2.3,-3.0,-2.7,2.7,0.0,-0.9,-3.8,-2.2,-0.6,0.9,0.8,2.0,-0.8,-0.7,-8.1,1.3,0.1,1.5,-2.2,-1.4,-1.7,-10.7,-3.2,0.9,-0.2,2.8,-1.3,5.4,-5.4,-4.9,-13.7,-0.9,-4.2,-2.6,-0.4,3.0,-1.9,3.1,0.1,1.4,-0.7,2.8,0.9,3.7,-3.5,4.3,-4.6,5.9,-4.1,-4.3,-3.6,-2.6,3.9,0.1,-0.8,0.2,-4.6,-1.3,-0.8,-0.3,4.1,-0.5,-1.4,10.7,5.0,6.5,-8.4,-14.0,0.5,-1.8,3.1,4.1,-5.3,-1.9,-1.9,-1.4,-2.9,-0.0,-2.0,-2.8,-5.3,-5.8,-1.0,-2.8,-0.8,-4.5,-2.6,-1.8,9.7,-5.8,-1.3,-4.9,-3.6,-4.7,-6.5,-0.5,-1.9,-4.8,-4.2,-4.9,0.9,-2.6,-0.6,-1.9,-2.5,-1.4,2.2,-3.5,1.8,-1.5,1.9,-0.9,-0.6,-2.3,-0.4,-3.1,4.3,-0.4,-2.2,-4.5,2.7,-3.1,2.6,3.1,-0.8,1.8,-2.4,-0.4,-4.5,-4.5,0.9,-6.2,-0.6,-1.9,-3.7,-3.7,1.7,1.4,-0.8,1.6,-5.3,-4.9,-4.1,-1.4,-3.2,-2.4,1.3,-2.7,-3.3,0.6,-3.1,-0.4,-1.9,-0.0,-0.1,-2.0,-4.9,-2.5,-3.6,-3.8,-3.5,-10.6,-8.2,-2.4,-3.8,-2.9,-1.6,3.7,-2.7,-0.4,-2.9,-1.0,0.3,-0.4,-4.2,-5.6,-4.4,-3.2,0.3,-0.3,0.5,0.5,-4.5,-6.3,0.4,-4.6,-3.7,-3.4,-4.5,-7.6,-3.9,-2.3,-5.3,-5.3,0.8,-9.8,-4.9,-9.1,-2.8,-2.8,-3.5,-8.1,-4.3,-4.6,-8.1,-6.4,-5.4,-4.3
2C7L51G7mU,0,48.106754,11.622697,4441894.02,2778349.22,539.0,584.7,284,7274,4.0,0.65,0.39,32.6,348.93,-0.529,-0.103,0.842,-0.4,0.2,0.0,0.31,4.9,0.3,-0.3,-0.3,1.6,-1.3,1.3,1.3,-3.4,-0.6,2.1,-1.2,-7.7,2.0,-1.2,-0.6,-1.0,-6.2,-3.6,-5.6,-6.1,-4.8,-3.0,-1.3,-5.9,-2.2,-3.3,-2.6,-4.2,-0.5,-1.9,-5.6,-14.8,-29.3,-10.1,-12.8,-9.7,-6.8,-9.6,-4.7,-0.4,-2.3,-4.4,-3.9,-3.9,-2.5,-3.3,-3.3,-4.4,-4.1,-1.2,-5.4,-10.4,-6.8,-1.7,-0.8,0.1,-1.9,2.2,-2.8,-4.1,2.9,3.2,5.5,2.9,3.7,-1.2,4.1,-0.2,-1.1,3.9,-3.1,-1.2,-3.7,-3.5,0.3,-2.8,-5.3,-3.5,-4.5,-1.1,-4.6,-6.2,-4.4,-6.7,-4.8,-6.2,-2.1,-6.4,-6.0,-7.9,-11.4,-6.4,-2.6,-2.8,-6.5,-6.8,-9.5,-4.6,-4.0,-7.2,-7.9,-7.7,-26.3,-8.0,-3.0,-5.4,-8.2,-4.9,-4.7,0.0,-8.7,-0.3,-2.2,-1.8,0.4,1.5,1.7,-0.1,-0.1,-0.9,-2.2,1.4,2.1,-0.4,1.8,0.4,-4.1,-2.4,-3.0,-3.6,-1.5,-9.8,-8.1,-9.1,-6.3,-2.7,-7.4,-8.6,-6.3,-25.4,-11.5,-2.1,-2.8,-7.4,-5.2,-3.3,-3.9,2.0,2.4,1.4,-1.9,0.0,4.8,1.2,-1.9,-0.4,-4.9,-2.4,-4.2,-3.6,-7.8,-4.9,-10.3,-8.9,-5.8,-28.1,-9.2,-12.8,-7.6,-14.8,-4.8,-7.4,-6.9,-9.3,-6.8,-8.1,2.5,-0.3,-1.8,3.7,-6.4,-0.6,-1.1,1.2,-2.3,-5.7,-4.2,-5.8,-5.0,-12.7,-10.8,-6.7,-3.5,-5.6,-13.2,-18.0,-6.0,-4.5,-10.3,-23.6,-4.7,-5.8,-0.1,-4.3,0.3,1.9,-2.3,1.3,-0.2,2.9
2C7L51G7mv,0,48.106963,11.62432,4442014.36,2778375.03,542.4,588.1,284,7301,3.8,0.66,0.46,32.64,348.97,-0.529,-0.103,0.842,-0.4,0.2,0.18,0.29,2.4,0.2,-0.3,-1.0,2.8,0.8,0.8,-0.5,-1.4,0.8,0.3,1.3,-4.9,2.2,0.3,4.4,3.8,6.7,7.4,5.2,10.6,6.4,8.1,5.5,4.9,-2.0,8.0,3.5,6.3,2.8,-4.9,2.0,0.7,10.3,0.1,-2.6,2.3,-0.5,1.7,5.5,2.4,2.5,1.3,2.9,2.1,5.7,3.4,3.4,3.7,-0.2,-1.5,1.1,2.7,3.3,2.5,0.8,4.7,-0.5,5.0,-2.0,-1.0,-1.7,-3.5,-2.5,-0.0,-4.7,0.2,-1.9,-0.3,-2.8,-0.7,-0.1,0.7,-0.8,1.3,-5.0,0.6,2.8,3.4,2.2,6.8,8.1,6.4,10.1,7.8,-5.8,6.4,3.2,3.9,4.7,3.2,4.0,4.6,4.4,-1.4,-3.4,0.6,-1.6,3.4,-3.3,2.0,-1.5,4.3,2.1,7.2,-7.3,-1.4,5.7,3.3,3.3,4.3,3.4,4.0,-0.7,4.1,-0.1,-3.5,-1.9,-2.6,-0.9,-0.7,-0.4,2.2,-4.8,3.6,-3.0,1.6,2.0,6.7,-2.2,4.2,6.6,0.8,0.6,17.6,-2.4,2.4,6.5,-1.2,9.5,-3.5,6.2,14.3,-3.9,-1.4,-1.2,-1.7,-0.3,-2.4,-4.7,-1.5,-0.7,3.3,-0.8,-0.1,1.7,-3.5,-3.9,0.8,7.2,-0.7,2.1,0.1,5.2,7.0,11.5,-5.3,4.8,2.0,3.3,6.9,7.6,2.0,7.2,6.0,-8.5,-3.9,-5.6,-7.8,-4.2,-3.5,-10.2,-2.6,-3.1,-1.5,-2.0,-4.5,-2.1,2.2,-8.1,0.2,2.0,2.8,2.0,3.0,1.3,3.2,0.9,2.8,5.0,3.8,8.1,7.4,-3.1,5.7,0.7,-0.6,-3.7,-2.7,2.7,-0.8
2C7L51G7nj,0,48.107306,11.626992,4442212.56,2778417.56,532.3,578.0,284,7351,2.5,0.87,0.37,32.65,348.97,-0.53,-0.103,0.842,-0.6,0.1,-0.27,0.19,0.8,0.2,-0.3,-0.0,-0.9,0.1,-0.4,-0.5,-2.2,-1.2,-1.9,1.2,-1.1,-0.4,0.3,-1.0,1.0,2.1,2.0,-0.8,-0.7,-1.0,2.6,-0.7,0.5,-3.2,0.8,0.3,2.8,0.7,-0.3,1.5,-4.3,-13.1,0.1,-4.4,-3.9,-1.2,-2.7,-0.9,-4.0,-8.5,-2.0,0.6,6.0,0.7,-0.8,-2.5,-3.5,1.1,-1.6,-2.4,-0.6,-1.0,0.7,1.0,0.5,0.4,-0.1,0.9,-0.1,-0.1,-2.0,-0.9,-2.1,-3.5,-0.7,-0.9,-1.7,-1.1,2.4,-3.7,-1.0,-0.3,0.6,-2.7,-1.9,-2.7,-2.0,-0.7,-0.4,-1.9,-0.6,-1.1,-0.3,-2.0,-1.4,-3.7,3.1,-0.6,-1.6,-2.1,-2.8,3.3,-4.9,-3.1,-1.4,-9.8,4.2,1.3,-3.1,-8.9,-1.2,-0.3,-3.5,-3.0,0.8,-0.5,-0.5,0.8,-1.3,-0.6,-3.6,-4.1,0.2,-1.5,-1.0,-1.0,-0.9,-3.0,-4.1,-1.2,-1.8,-0.3,-2.0,-1.0,-0.7,-2.8,-3.4,-0.0,-0.1,-3.7,-5.8,-2.2,0.0,-0.2,-1.3,-4.2,-3.3,-0.9,-6.1,2.0,-0.3,-0.2,-5.9,-0.3,-1.6,-1.0,-2.2,13.6,-1.2,0.4,-1.3,2.1,3.4,1.9,1.0,0.8,-1.6,-1.4,-3.5,-2.0,-4.3,-4.3,-4.9,-6.2,-5.4,-3.2,-5.8,-3.3,-2.3,-1.1,-6.5,-3.7,-2.3,-4.4,-2.2,-3.8,-7.5,-3.9,-2.8,-2.0,-5.5,-3.1,-3.8,-2.9,-3.8,-2.0,-2.0,-3.4,-1.6,-0.6,-7.1,-2.6,-2.1,-1.5,-5.3,-3.3,-3.6,-5.1,-4.9,-3.8,-2.0,-1.9,-3.9,-3.4,-1.8,-1.7,-4.2,-6.0,-6.9
2C7L51G7nk,0,48.107334,11.62721,4442228.74,2778421.01,540.2,585.9,284,7352,3.2,0.78,0.43,32.65,348.97,-0.53,-0.103,0.842,-1.1,0.2,-0.42,0.24,0.5,0.2,-0.3,-0.6,-3.3,-0.6,-0.2,-0.5,-2.8,-3.6,-1.7,1.0,1.0,-1.5,1.2,-2.4,0.5,5.7,7.8,1.4,2.1,2.1,-5.2,-0.9,-0.8,-1.0,-4.4,2.1,-1.3,3.5,2.4,-1.5,-0.5,1.9,-3.4,-2.3,-4.2,-2.0,-7.5,-4.6,-6.6,2.1,-2.5,2.2,-0.1,-8.6,-5.9,-8.5,-4.6,1.3,-0.7,-5.8,1.1,-4.6,-0.1,1.1,-0.8,-0.6,-4.0,2.7,-1.0,-0.9,-3.4,-4.1,-1.7,-2.0,-1.5,-6.5,-1.7,-2.8,3.0,-1.7,-0.9,-0.7,-1.3,-2.2,0.4,-2.0,-2.3,0.1,0.6,-2.9,-4.6,-6.8,-0.8,-11.2,-5.3,-4.5,-2.5,-4.9,-4.7,-4.0,0.6,-0.1,-4.3,-1.0,-7.4,-5.9,0.6,-1.3,-6.4,-2.7,-3.2,0.0,-4.1,-4.3,1.9,1.2,0.5,1.9,1.9,-1.1,-4.2,-1.0,-1.0,-2.8,0.4,-1.5,-2.2,-4.9,-4.2,-1.1,-1.0,-3.2,-0.9,-2.5,-3.5,-2.1,-8.6,2.9,-0.4,-4.1,-2.2,2.2,-0.7,0.4,-1.6,-2.3,-0.3,0.9,-10.2,-3.2,-3.1,0.6,-10.8,-3.9,-7.0,-2.9,-0.5,-3.5,-3.0,-3.2,-2.0,0.1,2.1,1.2,-7.1,-1.0,-3.9,-3.6,-5.0,-6.3,-5.9,-3.2,-7.2,-7.4,2.0,-2.7,-6.5,-6.9,-3.5,-1.9,-5.7,2.6,-1.7,-2.7,-9.3,-4.1,-6.8,-7.9,-3.5,-5.7,-6.5,-4.4,-3.4,-4.4,-5.9,-6.3,3.0,-7.4,-5.0,-1.2,-5.0,0.3,-19.9,-6.4,-11.4,-10.7,-8.6,-9.9,-7.1,0.2,-2.1,-1.1,-7.5,-7.7,-6.1,-7.8,-4.6,-12.3,-8.3
2C7L51G7oO,0,48.107609,11.629352,4442387.65,2778455.11,535.4,581.1,284,7392,2.6,0.84,0.46,32.66,348.97,-0.53,-0.103,0.842,-1.0,0.1,-0.23,0.2,0.2,0.2,-0.3,1.3,5.5,4.0,2.9,-2.3,-4.1,-3.3,2.9,1.0,-1.8,-0.2,0.3,-0.5,-1.8,0.6,3.1,1.9,0.2,-1.9,-3.7,-3.6,2.9,-2.8,2.7,2.0,2.9,0.7,-1.5,-2.8,-2.6,-7.9,-2.9,-2.3,-3.1,-2.2,-1.7,-1.1,2.9,-0.8,4.1,0.7,0.4,0.1,-0.7,0.4,-1.7,-1.2,-2.3,0.5,-0.9,0.2,-1.1,-1.1,1.4,1.3,-0.1,1.6,0.0,-4.9,1.4,3.0,1.5,1.1,-1.8,0.6,-5.0,1.9,-0.3,-4.4,-1.8,-1.9,2.2,-1.4,0.5,3.1,3.2,0.4,1.8,0.1,-0.8,-2.1,-1.3,-3.1,-3.1,-0.8,-0.3,0.9,0.2,-1.6,-2.7,-1.3,-5.7,-3.1,-2.8,-4.7,1.8,-5.6,-0.1,1.6,1.7,-2.1,-0.3,-0.5,-0.2,-3.1,-2.5,-0.4,-1.8,0.8,0.7,1.9,1.0,2.1,-0.6,-1.7,-0.6,1.5,-1.3,2.9,-2.2,-1.1,2.2,1.8,-6.4,-5.2,4.0,2.6,1.1,0.9,0.6,-0.1,-0.4,-2.1,-0.1,0.6,-3.7,2.2,-3.5,-1.0,-0.1,-1.7,-0.3,-4.0,-5.5,-2.4,-0.5,-1.9,-8.7,-3.3,-1.5,-6.1,-3.1,-3.0,-2.1,-3.6,-5.1,-5.9,-6.7,-6.5,-7.9,-7.1,-4.0,-0.5,-5.8,-5.4,3.5,-0.3,-2.1,-3.5,-3.5,-1.5,-5.0,-4.6,-4.9,-5.8,-6.8,-1.7,-2.5,-8.9,-4.4,-1.0,-0.5,-5.5,-5.3,-1.3,-3.3,-2.9,-3.3,-2.5,-4.3,-7.6,-0.9,-3.3,-1.0,-3.6,-5.0,-4.7,-0.1,-3.8,-0.1,0.3,-6.7,-3.4,-1.2,-2.5,-4.5,-18.5,-5.4
2C7L51G7pS,0,48.108081,11.633029,4442660.43,2778513.62,531.2,576.9,284,7458,4.3,0.65,0.46,32.68,348.97,-0.53,-0.103,0.842,0.2,0.2,-0.99,0.33,1.3,0.3,-0.3,-0.9,0.3,1.0,2.7,-1.1,1.3,-0.5,2.4,4.1,8.3,1.5,0.0,-0.6,-1.3,0.9,0.2,2.3,5.8,1.0,-2.4,0.3,-3.5,0.7,4.8,1.0,8.1,0.8,-4.7,-13.9,-13.9,-14.4,-13.8,2.5,-3.6,-4.3,5.9,6.0,10.4,-4.9,-10.8,1.0,2.4,1.1,-6.1,-2.7,-0.1,4.4,1.6,-1.4,2.2,3.8,5.3,2.6,4.8,4.5,4.7,3.7,3.5,4.1,4.7,-0.6,1.3,-2.9,2.0,9.5,7.1,9.1,11.0,6.1,1.0,6.6,1.9,3.4,2.8,3.9,2.1,2.5,2.1,0.1,2.8,1.9,-2.3,-7.8,-1.5,3.2,2.4,1.3,3.3,2.4,-1.8,2.0,4.3,-0.3,5.0,3.2,6.1,8.6,2.0,3.2,-0.2,-1.8,0.8,4.4,5.6,3.8,6.6,5.6,6.0,6.4,6.0,3.0,1.8,7.6,3.2,0.6,3.2,1.1,7.8,4.1,-2.0,5.0,2.1,4.0,5.0,4.0,-4.5,2.7,1.5,-11.4,4.8,3.5,9.2,4.7,6.7,8.1,7.7,9.1,-1.5,1.5,3.2,0.2,-0.8,3.0,-0.1,-0.9,-0.0,1.3,5.7,6.0,4.1,-1.3,4.4,6.0,2.3,6.7,11.2,6.9,6.9,-2.1,-3.0,-6.5,-4.1,-2.5,-3.3,-0.6,5.8,6.4,1.0,5.9,4.8,4.3,5.3,0.2,1.2,1.2,0.7,-0.5,0.9,4.2,0.9,-0.0,-0.3,-0.6,-3.0,-3.6,-8.5,-0.8,6.1,-4.8,2.6,-0.5,0.9,0.2,10.8,12.0,-6.0,7.3,-1.1,1.0,0.7,3.6,-2.3,3.1,1.3,0.6,0.2,8.0,2.8
2C7L51G7m4,0,48.106567,11.621093,4441774.96,2778325.76,533.0,578.7,284,7248,4.3,0.62,0.45,32.6,348.93,-0.529,-0.103,0.842,-0.3,0.2,-0.17,0.34,1.6,0.3,-0.3,-0.0,0.4,-2.1,-4.3,-2.8,-1.5,2.4,-1.2,0.1,4.7,2.5,7.3,4.6,-0.5,3.2,1.0,1.9,-3.0,-0.2,-3.9,3.8,1.7,-4.6,7.2,10.0,4.3,-0.5,-1.3,-2.0,-11.9,8.2,-7.1,-11.2,1.0,-4.7,-6.8,-6.4,1.0,-3.3,-1.4,-3.0,-1.6,0.5,0.9,-2.8,-0.2,-2.7,-10.0,-5.5,-6.6,0.2,-2.6,-4.5,-3.3,-4.6,-4.2,-1.3,-4.5,-3.6,-2.8,2.1,3.1,-1.1,1.4,6.3,6.7,-1.2,-5.3,-2.8,-1.7,12.2,-1.5,0.2,-0.9,0.2,-2.1,-0.4,-1.4,-4.7,7.5,1.3,-3.1,0.8,-2.7,-1.1,2.0,-4.8,-4.0,-1.8,-3.7,-3.0,-1.6,-5.5,-2.2,-1.3,-1.6,-8.5,-1.1,-1.6,-3.5,-8.2,1.7,-0.3,-0.8,-9.6,-1.6,-2.3,-3.6,-1.8,-3.4,-1.7,-3.1,-4.9,-3.9,-3.0,-12.0,-11.1,-8.1,-2.3,-9.7,0.4,0.1,-10.3,-2.4,-2.4,-0.0,-3.8,-1.6,2.7,-3.2,-3.6,1.8,10.0,1.4,7.6,2.7,3.5,2.1,2.4,1.6,3.9,-4.5,-3.3,-2.7,-3.6,-6.5,0.1,-2.5,-2.2,-2.0,-3.8,-4.0,-0.6,-3.7,-2.9,-5.0,-3.2,-4.9,2.1,-5.0,-1.9,0.1,-0.9,11.5,-5.1,9.1,7.4,9.6,7.1,9.0,-0.7,-3.9,-2.1,10.8,-3.6,-6.4,-7.8,-2.6,-5.2,-3.9,-5.3,-5.4,-2.5,-4.7,-2.7,-0.3,-0.2,0.9,3.8,-9.6,-0.9,2.7,-0.3,0.5,10.9,-12.6,-5.8,-5.6,-6.0,-4.6,-5.0,-1.0,-6.0,-11.6,-7.1,-6.8,-6.9,-8.0
2C7L51G7m7,0,48.106602,11.621369,4441795.46,2778330.15,537.8,583.5,284,7251,2.7,0.81,0.38,32.6,348.93,-0.529,-0.103,0.842,-0.0,0.1,-0.53,0.21,1.5,0.2,-0.3,-1.2,0.2,-0.9,-0.9,-0.2,-3.1,-1.1,1.3,-0.6,-6.9,0.5,-2.5,-2.0,0.4,0.1,-1.9,1.8,1.2,3.3,-2.3,2.0,-3.6,-0.6,1.2,1.7,-1.3,-2.3,-7.2,-5.6,-2.2,-13.7,-6.6,-5.9,-7.1,-9.3,1.8,-4.6,-1.0,2.4,0.4,-3.5,-7.2,-0.4,-2.9,0.1,0.3,-2.9,-2.7,-0.3,-0.1,3.1,0.4,1.6,-1.3,-3.3,0.1,-0.0,-0.7,-0.4,-0.5,0.2,-0.1,2.9,0.7,1.6,-0.1,-1.0,-1.2,-0.8,1.4,1.6,-0.8,-5.6,-0.9,3.6,-0.8,1.9,-1.6,-1.4,1.2,-0.9,-4.6,-0.7,-3.2,1.0,-7.5,1.2,-6.0,-3.8,-8.4,-2.5,-8.1,-4.3,-6.3,-8.9,-3.8,-7.4,-7.5,-3.5,-4.0,-1.0,-3.1,-1.2,-1.9,2.6,0.9,-1.5,-0.6,0.0,-0.7,0.1,0.0,-0.3,0.9,-3.7,-0.7,-2.9,0.5,-1.6,-1.8,-1.4,-0.6,-0.6,0.6,0.9,0.4,1.2,-0.9,-0.2,-8.1,-4.6,3.0,-1.6,-1.9,-4.6,-3.1,-2.8,-4.6,0.3,0.6,-2.6,1.8,0.9,-1.0,-1.8,-0.5,-0.6,-1.1,-0.6,-0.4,-0.9,0.7,-0.4,-0.4,1.0,-1.0,0.5,5.6,3.0,-1.4,3.5,-0.0,1.5,-1.1,0.9,6.3,-1.1,-0.2,-5.1,-5.6,1.5,-2.8,-3.2,-2.7,-2.6,-5.5,-3.1,-1.3,9.9,-1.0,0.4,-1.5,-1.9,-5.3,0.0,-2.3,-2.5,-5.4,-3.3,-2.1,-2.3,-3.9,-4.7,-5.4,-7.1,-1.3,-2.3,-4.7,-3.1,-3.0,-1.7,-2.8,-2.8,-3.0,-2.0,-7.1,-3.2,-1.8
2C7L51G7m8,0,48.10662,11.62151,4441805.9,2778332.38,541.9,587.6,284,7252,2.8,0.84,0.46,32.6,348.93,-0.529,-0.103,0.842,-1.3,0.1,-0.6,0.21,1.0,0.2,-0.3,0.2,0.4,-0.2,-0.8,-0.1,0.5,-0.8,1.7,-0.9,-0.1,0.2,3.6,-0.1,0.5,4.6,1.7,1.5,3.2,1.9,2.3,2.4,3.0,0.1,3.1,1.8,3.3,1.5,3.3,1.6,-5.1,10.9,7.2,-3.4,-15.7,3.0,0.7,6.1,6.8,9.5,3.7,-7.3,5.5,1.0,4.2,2.1,3.3,-0.4,0.2,-0.3,2.5,2.1,1.0,3.5,0.9,4.7,-2.3,1.4,-1.5,1.0,2.2,0.1,1.4,1.5,1.2,0.9,3.0,0.7,-0.0,-0.5,0.0,3.0,0.4,2.4,1.5,3.5,0.0,4.3,1.7,0.8,3.1,2.0,-3.7,3.6,0.1,0.9,-3.3,6.3,5.1,2.7,2.7,0.9,0.6,5.0,7.6,5.1,2.6,0.9,8.9,4.9,-1.8,4.3,3.2,2.5,-0.3,2.5,0.7,-1.0,-1.4,0.2,-0.9,0.5,-1.0,-1.9,1.9,-2.4,0.7,-2.8,-2.4,0.1,-1.2,-0.0,0.6,1.0,-0.1,-0.8,-0.6,0.6,-0.8,1.1,2.5,-2.9,3.1,0.9,-1.3,-0.2,1.7,0.3,-2.1,-0.5,0.8,1.8,-0.1,1.0,-2.8,-0.9,-1.5,0.3,-0.1,-2.8,-4.1,-1.1,-1.2,-1.4,-2.1,-1.1,-3.5,-0.9,-1.8,-0.0,-2.7,-4.1,-1.2,0.4,-0.0,0.1,3.2,1.4,-1.1,-1.9,-2.8,-0.6,-2.6,-2.9,-6.0,-4.7,-2.5,-4.2,-3.4,-6.1,-2.4,-5.4,-2.6,-3.2,-5.4,-2.6,-3.5,-3.0,2.4,-8.7,-3.0,-2.4,8.9,-5.9,-7.5,-12.5,-4.3,-3.5,-2.7,-2.1,-2.8,-2.2,-3.2,-3.9,-3.7,-6.6,-7.4,-1.8,-5.9
2C7L51G7m9,0,48.10662,11.621511,4441805.99,2778332.41,539.2,584.9,284,7253,3.2,0.76,0.42,32.6,348.93,-0.529,-0.103,0.842,-0.0,0.2,-1.25,0.25,0.6,0.2,-0.3,1.7,1.7,0.8,1.0,3.5,3.6,0.1,3.1,2.5,4.8,2.3,4.4,4.9,2.5,2.7,-2.5,-2.3,0.2,5.3,2.3,-6.7,6.3,0.2,2.3,0.3,-0.8,3.3,4.4,1.2,-2.2,13.7,-1.8,-3.7,-5.7,-8.1,3.0,3.1,-1.0,3.8,5.2,-0.9,1.3,1.6,4.2,2.5,2.1,3.5,1.0,2.8,8.2,5.5,5.8,7.3,3.3,4.2,2.0,6.2,1.3,4.4,5.3,4.0,4.0,13.3,2.9,5.6,-11.0,-6.4,-1.4,-0.8,7.5,4.2,2.2,6.2,4.0,5.4,7.4,4.0,10.4,2.4,8.4,7.5,2.7,5.4,7.6,6.3,6.0,2.0,8.8,7.1,7.5,5.7,6.1,3.6,10.5,8.7,7.7,6.7,7.0,6.1,7.8,8.9,10.5,8.1,7.4,7.7,5.3,4.7,5.7,6.5,5.0,2.8,5.3,3.4,6.0,4.3,3.6,2.8,2.8,6.1,4.5,4.6,4.0,4.1,0.8,4.3,2.6,4.5,-0.4,5.2,10.1,4.6,6.3,2.8,2.5,3.3,6.3,4.8,1.5,6.1,6.9,5.3,3.2,4.2,3.6,4.0,0.7,6.5,4.4,3.0,2.8,4.5,2.5,3.2,0.9,3.8,3.9,1.8,3.3,2.0,2.9,-9.2,4.6,7.6,5.6,5.7,5.4,7.8,9.6,8.6,3.6,2.1,4.6,1.5,0.2,-0.8,-0.2,4.3,1.0,-0.7,1.6,0.3,2.9,2.0,2.3,1.1,6.9,4.5,8.3,3.6,3.7,2.3,5.3,-0.3,2.5,-0.1,0.1,1.8,2.6,8.2,2.1,-0.1,1.1,1.7,2.7,-1.3,4.7,2.3,-1.1
2C7L51G7oy,0,48.107898,11.631459,4442543.94,2778490.69,538.8,584.5,284,7428,3.0,0.81,0.4,32.67,348.97,-0.53,-0.103,0.842,-0.3,0.1,-0.47,0.23,0.4,0.2,-0.3,-2.3,-7.4,-3.6,1.9,0.1,-2.9,-1.8,0.3,0.2,0.8,0.7,3.9,-2.4,1.9,-1.6,1.6,1.4,3.1,3.8,3.5,-1.0,4.1,0.8,-8.7,6.6,4.6,4.9,6.2,2.0,4.0,-0.0,1.7,-3.5,1.3,-4.9,3.2,-8.5,2.9,16.6,6.2,-0.4,-2.3,-1.9,2.5,0.4,0.7,-1.7,1.1,0.9,1.4,-0.5,0.5,-0.9,-0.2,0.4,0.0,0.2,0.4,0.7,0.0,0.3,1.0,2.1,-0.4,-0.9,-3.1,-2.9,0.6,0.5,-0.4,-1.9,0.2,-2.5,1.7,-0.6,2.8,-0.6,0.8,2.2,-3.1,-1.6,-2.9,-0.4,-0.8,-0.7,0.4,1.8,1.5,-7.4,-2.8,-1.5,0.1,-1.5,-0.4,-4.6,0.7,2.0,7.7,-2.4,3.1,0.2,3.4,0.6,3.2,5.3,1.5,3.7,0.9,-1.0,3.7,-3.5,0.7,-1.5,-1.1,-0.3,1.9,-2.2,-0.1,-2.8,-0.2,-3.0,0.6,0.5,0.9,0.7,0.7,0.6,-0.1,2.5,-0.6,2.3,6.4,2.0,3.3,1.6,3.2,2.4,-2.9,5.4,3.3,-3.8,-3.6,-1.8,-1.1,-0.9,0.2,2.7,2.2,5.0,3.1,1.3,2.4,2.1,4.9,3.6,4.4,2.2,1.2,2.2,1.3,0.9,-3.3,0.9,-1.3,-4.3,-1.2,5.9,4.6,-1.5,1.2,-0.6,-6.0,-5.4,0.4,0.8,-5.4,2.8,1.8,-1.5,-5.9,2.4,0.9,-0.6,-1.9,-1.5,-0.4,-1.5,0.2,2.4,-1.4,-2.0,-0.8,-1.4,-6.1,1.2,-0.3,-6.5,2.5,-5.8,-1.6,-3.1,-4.6,-0.6,-1.3,-0.7,0.1,1.2,-0.2
2C7L51G7ql,0,48.108736,11.637985,4443027.99,2778594.5,548.1,593.7,284,7539,4.5,0.6,0.45,32.7,348.97,-0.53,-0.103,0.842,-0.2,0.2,-0.59,0.34,1.6,0.3,-0.3,-3.0,-3.9,0.7,2.4,0.7,-7.2,2.2,-0.4,4.1,7.6,2.9,4.9,1.7,-1.2,-8.8,-0.4,7.4,5.8,2.5,4.3,5.5,2.6,3.4,7.5,6.3,7.7,4.4,10.0,-0.0,16.0,0.2,-4.0,15.1,5.5,3.0,3.8,-3.4,13.1,0.9,7.3,0.7,-5.2,0.6,2.4,2.2,3.0,-4.8,1.2,4.3,-2.2,6.4,2.5,2.8,2.5,1.1,4.7,2.8,-8.4,-0.7,1.8,5.1,0.5,1.5,9.4,0.3,12.1,2.2,-7.1,1.3,6.6,6.3,-0.7,8.2,3.8,4.8,5.5,4.7,0.9,7.9,6.3,5.8,0.9,0.8,1.3,2.9,5.0,13.7,8.0,3.3,7.3,5.3,0.1,-1.6,8.8,1.2,7.4,4.1,11.9,5.8,4.8,10.9,6.9,4.0,4.2,7.7,7.3,4.6,2.9,8.1,3.3,6.3,-0.0,-2.1,1.1,-2.3,-11.0,-0.3,-0.5,1.2,5.7,6.0,1.3,2.9,4.2,6.9,5.3,-3.1,0.5,-1.0,4.3,9.7,6.0,9.9,-1.2,-5.3,10.1,6.4,3.8,6.5,0.8,15.3,2.2,1.3,12.1,4.3,2.6,-5.2,4.4,4.5,3.2,14.0,-6.0,-1.1,1.3,11.5,1.4,-4.1,4.4,3.2,-1.3,-3.4,3.5,-5.4,0.9,-3.3,17.0,2.6,5.8,4.9,3.8,3.5,2.1,-1.0,-4.8,2.5,-1.2,-1.2,-0.9,13.7,3.9,2.2,1.3,-1.1,3.1,0.6,1.3,4.2,-1.3,-0.7,-1.5,4.4,-0.0,3.0,5.2,3.3,4.2,10.6,6.1,7.0,5.9,-1.5,0.6,-0.9,-0.8,2.7,1.6,-0.9,-1.4
2C7L51GOpw,0,48.106972,11.624101,4441998.07,2778375.69,535.4,581.1,285,7300,2.4,0.88,0.38,32.64,348.97,-0.529,-0.103,0.842,-0.8,0.1,-0.21,0.19,1.2,0.2,-0.3,0.1,1.6,1.2,0.3,-0.6,1.6,1.5,-0.7,-2.0,-0.2,-0.6,2.1,1.3,1.7,0.9,-0.1,-0.4,-0.5,-1.0,0.3,0.2,-4.3,-4.5,-0.8,2.6,0.1,-2.2,-0.0,-3.2,2.6,-19.5,-8.0,-7.4,-7.4,-3.4,-12.2,1.9,-3.0,-0.2,-2.9,-1.6,-2.6,0.5,3.0,-1.7,1.3,1.1,-3.5,-0.1,-1.1,-3.0,-3.2,0.2,-2.5,-1.9,-0.7,0.7,0.1,-1.2,-1.1,-0.8,0.6,-3.0,1.5,2.1,1.3,-2.5,7.0,-1.2,-0.7,-2.3,0.1,-2.6,-1.6,0.5,0.1,-0.0,-0.5,-3.1,-2.8,-3.4,-0.2,-1.1,-3.6,-3.2,-2.7,0.5,-1.8,3.2,-2.5,-2.5,-2.0,-5.0,-1.5,-2.5,0.9,-2.6,-1.1,-1.4,0.7,-0.9,1.2,-1.9,-1.9,-2.4,-0.0,-3.7,-2.4,0.6,-0.1,-3.4,-1.3,-0.9,-2.1,-1.6,-2.5,-0.2,-2.6,-0.9,-0.9,0.5,-0.3,-2.2,-2.5,1.0,-0.7,-0.9,-3.5,-2.7,-2.7,-7.0,-6.8,-4.8,-2.9,-3.4,-2.4,-4.5,-2.4,-3.3,0.2,-1.7,-2.0,-2.3,-1.9,-3.5,-1.4,0.7,-2.6,-3.0,-2.2,-3.6,-3.2,-2.9,-3.3,-2.8,-1.8,-4.0,-4.5,-2.9,-1.8,-0.3,-4.6,-4.9,-5.5,-1.0,-0.3,-4.0,-11.4,0.5,-1.7,-3.1,-6.1,-5.1,-0.6,-3.7,-3.3,-5.4,-5.1,4.1,-3.7,-4.0,-4.7,-4.9,-6.0,-4.2,-4.9,-4.2,-4.4,-6.3,-6.1,-6.1,-4.6,-5.8,-1.2,-5.6,-5.7,-7.0,-4.7,-3.1,-3.6,-2.6,-4.5,-2.9,-4.3,-2.3,-3.9,-4.1,-3.5
2C7L51GOqx,0,48.107439,11.627742,4442268.14,2778433.61,537.6,583.3,285,7363,2.0,0.9,0.29,32.65,348.97,-0.53,-0.103,0.842,-0.9,0.1,-0.59,0.15,0.8,0.1,-0.3,3.8,-1.2,-1.9,0.4,-0.7,-1.8,-0.7,-0.2,0.2,-1.8,-1.7,0.2,0.9,0.4,1.0,1.2,-0.5,1.0,-1.3,-2.0,-3.3,-1.4,-0.5,3.2,2.6,1.0,-0.1,-2.4,-4.0,-2.8,-12.1,-4.7,-5.1,-3.3,-3.5,-2.2,-1.0,-0.3,1.0,-1.8,0.2,-3.0,0.6,0.5,-3.8,0.3,-3.2,-2.3,-1.9,-0.4,0.2,2.0,0.5,0.5,0.3,0.8,-0.2,-4.4,-2.0,0.9,-1.0,-0.2,-0.2,2.0,-1.9,-1.3,-2.6,-0.3,-1.1,2.1,0.5,2.0,-1.3,-0.1,-2.1,0.3,-0.3,-0.2,-0.7,-0.5,-0.2,-4.5,-2.5,-4.9,-3.5,-1.4,1.3,-1.5,-0.2,-1.9,-1.2,-4.0,-5.1,-5.1,-2.3,2.3,-1.4,0.0,-1.4,1.3,-1.0,-1.2,-0.8,-0.4,0.2,1.6,0.7,-1.6,-1.2,-0.6,-0.6,-1.6,-0.1,-2.3,-1.0,-6.2,-4.4,-3.0,-2.8,-1.4,-1.6,-1.1,-1.3,-3.5,-1.1,-1.5,-2.9,-0.1,-0.9,-3.0,-3.4,-3.6,-3.4,-1.4,-3.9,-2.8,-0.5,-2.7,1.7,3.0,-3.0,-3.9,-2.3,-2.8,-1.5,-1.9,-1.6,-1.0,-0.0,0.2,-0.7,0.8,-0.4,-0.2,-0.5,-0.6,-0.8,-0.4,-3.5,-4.9,-3.0,-4.8,-3.5,-3.7,-4.8,-3.7,-2.0,-0.2,-2.0,-1.9,-4.4,-4.3,-6.2,-6.0,-3.7,-4.4,-5.2,-4.0,7.7,-5.0,-4.1,-4.2,-5.4,-6.5,-3.7,-3.4,-7.0,-3.6,-4.9,-6.4,-8.0,-5.5,-5.6,-5.0,-6.8,-5.6,-3.6,-6.8,-7.0,-5.7,-6.8,-5.2,-5.5,-4.4,-3.8,-4.6,-5.6,-4.7
2C7L51GOrJ,0,48.107592,11.628933,4442356.51,2778452.57,534.0,579.7,285,7385,2.9,0.8,0.46,32.66,348.97,-0.53,-0.103,0.842,-0.5,0.1,0.17,0.22,1.1,0.2,-0.3,-1.4,-1.5,-3.7,-1.4,-2.2,-1.7,-2.4,-3.4,-2.1,-1.2,0.1,5.3,-2.3,-2.7,-3.9,-2.8,-0.8,5.8,-7.0,3.4,-4.3,-7.3,-2.7,2.8,4.2,-5.1,-0.4,-0.9,-4.8,-2.3,-6.0,-5.8,-5.6,-1.2,-6.8,-6.9,1.2,-8.6,-0.1,-9.4,-0.5,-0.4,-0.4,-4.5,-2.8,-1.2,-2.7,-1.5,-1.3,-3.6,-5.2,-4.1,-3.3,-5.3,-2.5,-2.7,-3.4,-1.5,-2.2,-3.0,-3.9,-1.8,-4.8,-1.6,3.5,-1.8,-4.1,5.1,-4.9,-3.3,-4.2,-0.9,-5.1,-2.8,-3.8,-3.4,-4.9,-5.0,-9.6,-5.8,-2.9,-7.9,-3.8,-5.4,-0.3,-0.7,-0.3,-7.2,-4.7,-8.0,-3.7,-7.9,-5.6,-10.3,-9.0,2.6,-0.6,0.4,-6.9,-5.1,-4.5,2.1,-7.6,-6.1,-5.5,-3.1,-2.2,-1.6,0.1,-5.8,-5.6,-5.2,-5.6,-4.6,-4.5,-4.6,-5.1,-1.6,-3.2,-2.4,-2.5,-2.7,-6.6,-2.2,-2.6,-2.2,-2.0,-7.3,-4.9,-8.3,-13.6,-7.2,-8.7,-9.0,-3.8,-2.6,-4.7,-13.1,1.2,-1.8,3.2,-5.2,-3.2,-2.5,-2.6,-3.8,1.6,-2.6,-0.3,-1.8,-3.3,1.8,-3.4,-3.2,-1.4,-3.2,-3.3,-3.6,-3.6,-2.7,-9.0,-7.1,-5.2,-4.3,-0.1,-0.5,-3.1,-4.7,-1.1,-0.7,-4.0,-6.4,-4.3,-3.1,-2.9,-2.1,-3.4,-5.5,-2.8,-4.1,-5.7,-6.1,0.2,-10.4,-2.8,-5.6,-4.3,-3.4,-2.3,-6.2,-7.2,-8.3,-3.6,-7.5,-9.4,-8.2,-8.2,-4.3,-5.7,-9.2,-3.1,-5.6,-6.1,-5.0,-4.5,-5.6,-3.3,-0.5
2C7L51GOrR,0,48.107653,11.629403,4442391.33,2778460.04,535.6,581.3,285,7393,1.7,0.92,0.27,32.66,348.97,-0.53,-0.103,0.842,-0.5,0.1,-0.24,0.13,0.5,0.1,-0.3,-0.4,0.2,0.4,0.4,-1.0,-1.6,-0.6,1.4,-0.1,1.2,-0.8,-0.3,-0.9,0.1,0.4,-0.5,-1.3,1.8,1.6,-3.0,-0.6,4.1,0.7,1.3,2.2,2.9,2.4,3.1,-1.2,-1.1,-5.5,-2.2,-3.6,-0.7,-1.0,-1.0,2.8,3.3,2.7,2.4,1.7,-0.3,0.6,-1.0,-0.4,-1.3,-1.5,-2.2,0.0,0.9,0.4,1.3,1.1,3.1,1.7,1.6,1.7,1.2,1.6,1.0,1.0,2.6,1.6,0.7,-5.6,0.3,0.1,4.4,-0.5,-0.0,-0.4,0.9,-0.4,0.7,2.0,1.4,0.3,1.1,0.7,-0.5,0.1,0.2,0.1,0.4,1.0,1.6,-1.8,1.6,-1.0,-1.3,0.5,-1.3,-3.1,-1.9,-3.0,3.6,3.1,1.4,2.2,3.3,-0.1,1.1,0.9,1.7,1.3,0.5,0.6,1.0,0.3,-0.4,-0.0,1.2,1.3,0.4,0.9,-2.8,-1.0,0.9,2.5,2.4,3.8,3.9,1.9,-1.1,1.2,0.5,5.5,1.7,1.2,-0.7,-3.2,-0.9,-1.2,-0.9,-3.5,-0.6,1.4,-5.9,-3.0,-1.7,1.0,-1.3,-2.2,-1.2,-1.0,-0.6,0.1,-0.0,-1.3,0.2,-3.2,-0.6,-0.7,-1.5,-1.9,-1.1,-1.1,-3.3,-4.0,-3.8,-2.7,-2.4,-0.4,-0.1,-3.3,2.3,-0.8,-1.7,-0.9,0.8,-0.7,-3.2,-2.7,-2.3,-1.7,0.5,0.8,2.6,-2.8,-1.1,-0.7,-0.5,-1.1,0.2,-1.2,-1.5,-1.1,-1.2,-1.0,-3.8,-4.2,-0.6,-2.5,-1.6,-3.2,-1.2,-1.5,-2.6,-2.2,-2.0,1.5,-2.5,-2.4,-0.8,-0.7,-1.2,-0.0,-1.4
2C7L51GOs2,0,48.107925,11.631523,4442548.62,2778493.77,534.8,580.4,285,7430,4.5,0.63,0.45,32.67,348.97,-0.53,-0.103,0.842,0.2,0.2,0.44,0.34,1.8,0.3,-0.3,-0.9,-1.9,0.2,0.5,-0.6,-1.0,0.6,-1.3,-0.1,0.8,-0.1,-0.8,-2.8,-0.9,-2.0,-1.3,-1.2,-4.9,-3.0,-4.8,0.1,0.9,-0.8,-2.0,0.6,-7.7,-7.6,-3.2,-5.1,-9.6,-7.8,-13.2,-10.1,-3.9,-6.4,-3.5,2.4,-0.1,-0.8,-2.9,2.8,-1.7,-2.3,-3.0,-0.0,-2.9,-6.8,-3.4,-2.1,1.0,-0.7,-2.2,-0.6,-0.3,-0.8,-1.3,-0.5,-0.4,-0.7,0.6,0.8,1.6,-2.7,0.7,5.7,-2.5,-0.4,5.9,-1.4,-1.9,-4.9,-1.4,-4.7,-0.9,-0.1,-1.0,-0.7,-3.2,-0.5,-4.9,-9.1,-6.1,-4.4,-3.0,-5.6,-4.9,-2.0,-7.1,9.4,-12.5,-3.8,-8.3,-14.0,-7.9,-9.0,-0.7,-6.1,-4.5,-4.8,-1.2,-1.7,-3.3,-2.0,-9.9,-8.5,-5.7,-4.5,2.0,-2.3,-5.8,0.2,-5.2,-2.8,-3.9,13.9,-3.9,-4.6,-2.9,-3.0,-4.3,-2.2,-2.1,1.2,1.3,1.1,-11.1,-0.2,-4.1,-6.3,-11.6,-3.6,-5.8,8.9,10.9,9.4,-11.7,-10.2,-1.3,2.1,1.8,-1.5,-2.3,-3.0,-1.8,12.1,11.1,-3.7,13.9,-6.7,-6.7,2.9,-3.3,1.2,-1.9,1.3,-0.9,-1.9,-3.5,-8.2,-1.4,-2.0,-1.9,-1.1,-2.9,1.8,1.5,-3.2,-1.0,-1.4,-3.3,-3.3,-2.3,-6.9,3.6,-4.7,-1.4,3.2,-5.1,-8.5,-4.4,-4.2,-4.5,-5.1,-7.6,-7.0,-5.3,-8.1,-7.3,-11.5,-9.8,-2.1,-2.2,10.3,4.1,2.3,4.7,-1.6,2.1,-2.0,-0.5,3.4,2.3,0.8,8.2,0.5,-5.9,9.5,-2.4
2C7L51GOtg,0,48.10869,11.637484,4442990.79,2778588.6,544.2,589.9,285,7532,4.6,0.63,0.5,32.7,348.97,-0.53,-0.103,0.842,-1.1,0.2,-0.45,0.35,2.3,0.3,-0.3,6.2,4.4,5.6,2.2,4.3,1.0,0.8,6.4,4.6,-16.4,3.2,-13.3,-1.7,0.5,4.4,4.7,2.8,-2.6,1.6,-1.4,-2.1,-15.3,-6.9,6.0,2.9,-1.2,-7.0,-7.6,-8.6,-0.1,-20.9,-11.3,-11.3,-7.6,-2.2,-0.3,-1.4,-2.6,-5.6,-0.8,-5.2,-1.9,-4.2,-3.3,-5.6,-6.5,-3.3,-4.1,-4.6,-1.1,-0.6,-2.8,-4.0,-3.1,-1.7,-4.9,2.4,-3.3,-1.9,-0.4,-1.3,2.8,-4.9,-2.3,6.5,-0.5,-2.4,1.3,-2.5,-0.8,0.4,-2.6,2.2,-0.6,-1.8,1.2,-1.5,-2.8,-1.7,-1.5,-2.0,-3.8,0.0,-0.4,1.6,-5.0,0.4,2.9,-1.4,1.1,0.5,-0.3,1.0,0.0,-1.1,-22.4,0.8,-1.0,-2.1,-0.3,3.8,-7.6,1.7,2.9,-6.5,-4.9,-6.4,-3.3,-3.7,-3.4,-3.9,-4.7,-2.3,-3.7,-3.5,-5.4,2.2,-4.4,-2.9,-2.5,0.4,-2.7,-2.8,-2.3,0.1,0.9,-1.7,-1.9,-8.9,-8.0,-0.2,-6.8,-3.7,-9.9,-0.5,-9.0,-2.4,-6.6,-5.9,-6.7,-7.1,-9.4,-9.7,-9.0,-4.6,-2.8,-12.0,-3.5,-4.2,-5.1,1.0,0.4,-4.1,-2.9,-4.1,-5.7,-4.1,-5.8,-5.1,-7.4,-6.1,-14.4,-8.6,-8.8,-7.7,-1.9,-6.8,-5.6,-8.5,-4.9,0.6,-2.1,-5.1,-5.1,-2.3,5.3,-3.5,-4.6,2.9,-2.0,-3.4,-2.9,-0.5,-0.2,-6.5,1.0,-4.3,-10.4,2.2,-15.3,-7.7,2.0,-9.4,-1.6,-4.8,-7.3,-14.1,-14.7,-18.3,-8.7,-21.6,-17.9,-10.5,-3.5,5.4,-8.4,-13.8,-1.2
2C7L51GOty,0,48.108801,11.638351,4443055.14,2778602.42,535.1,580.8,285,7550,3.3,0.73,0.43,32.7,348.97,-0.53,-0.103,0.841,-0.1,0.2,-0.18,0.25,2.3,0.2,-0.3,-5.1,-0.5,-0.9,4.2,-2.2,-5.6,-0.3,1.1,-0.9,-4.7,2.9,0.9,-1.6,-1.2,-3.3,-2.1,-2.3,-0.1,-5.1,-3.5,-4.7,-4.1,-0.2,-1.8,-1.5,-2.6,10.2,-15.5,-3.4,-2.2,-0.3,-8.7,-6.9,-10.8,-3.8,-8.4,-3.8,9.2,-10.4,2.6,-6.2,-6.6,-4.1,-7.0,-7.7,-1.8,-7.0,-0.2,-2.8,-0.1,2.4,-0.2,-0.7,2.1,0.4,-2.6,-1.6,-1.4,-1.9,2.8,1.4,4.5,3.5,3.2,0.7,-2.9,1.1,2.1,3.8,-0.7,-3.0,-2.5,0.0,-1.5,0.2,1.5,0.2,-3.7,-2.1,-3.6,-6.5,-5.8,-10.3,-6.9,-2.4,-7.2,-8.6,-5.1,-2.5,-4.9,-5.1,-8.5,-3.4,-4.8,-5.4,-0.7,-0.0,-10.3,-2.2,-4.9,-1.8,-2.8,-2.3,-3.3,-1.5,-2.1,-3.4,0.8,-1.2,-2.4,2.6,-10.6,2.2,-7.1,0.9,0.6,-0.0,-1.5,1.5,-5.1,3.8,2.0,-1.0,-0.3,-1.2,-0.2,-6.0,-0.6,-4.3,-3.0,-2.0,-1.3,-8.6,-3.7,-8.6,-5.7,-4.3,0.7,-0.0,-0.6,0.9,1.5,-5.9,-0.8,-0.5,-1.6,-0.6,-0.1,-0.8,2.1,-0.9,-1.9,-3.0,-1.1,-1.9,-0.4,-3.4,-1.2,-1.7,-1.6,-1.1,-16.5,-5.3,-5.8,-8.6,-1.5,-2.0,-0.5,-2.9,-7.1,1.6,-4.0,-5.3,-8.4,-2.5,0.2,3.6,0.9,4.2,1.7,-0.1,-3.4,-5.3,-5.4,-0.4,-3.2,-3.4,-3.7,-4.8,-5.1,-3.3,-5.9,-7.8,-2.1,-1.2,-5.0,-3.2,0.4,-0.8,-2.5,-0.5,-0.6,-8.0,-0.0,-2.8,-3.9,-6.6,-2.4
2C7L51GOp7,0,48.106619,11.62121,4441783.53,2778331.74,535.5,581.2,285,7249,2.7,0.86,0.35,32.6,348.93,-0.529,-0.103,0.842,-0.4,0.1,-0.82,0.21,0.5,0.2,-0.3,-1.8,0.4,-1.5,-0.6,-0.3,-3.6,-0.2,-2.5,0.5,0.6,-0.8,0.7,1.2,1.4,2.0,2.1,3.8,1.6,-0.0,-0.6,3.7,8.1,0.3,-4.0,-0.7,2.3,2.1,-0.0,2.1,0.7,9.0,-2.3,-0.5,-0.2,-4.1,0.7,1.2,1.1,2.8,5.4,1.8,1.7,3.6,2.1,1.8,0.5,-1.1,-0.5,0.3,2.0,1.1,0.3,-0.1,-0.0,0.1,-0.6,1.6,0.3,-1.1,-3.2,-0.6,-2.8,0.2,0.4,16.2,-2.8,-0.6,-0.0,0.9,0.5,-0.7,0.1,2.1,1.2,3.3,1.6,1.7,2.0,2.0,1.1,1.3,2.2,0.6,-0.3,0.3,3.8,-0.9,1.5,1.1,0.9,1.2,2.6,-1.4,3.9,1.3,0.6,-0.8,1.4,0.5,2.6,2.0,2.3,1.0,0.0,-0.3,0.8,0.6,-0.1,-0.0,0.8,-1.5,0.1,0.3,0.5,0.7,2.0,0.8,1.9,2.5,-2.3,6.6,-0.8,0.6,-2.2,0.7,4.6,7.5,3.7,1.5,-1.8,-1.8,5.6,-1.4,-1.9,1.6,1.5,1.1,4.5,7.2,4.3,17.5,0.9,1.9,0.1,-2.0,0.2,1.3,1.0,2.6,-0.3,4.5,-0.8,0.6,-1.5,1.9,-2.4,-1.4,-0.5,0.2,-1.0,-2.1,-2.1,-0.8,-0.6,2.4,4.5,0.4,1.0,11.6,-2.6,2.2,0.4,-4.6,0.5,-3.3,-1.0,-0.1,0.9,-1.0,-0.3,-1.6,-1.2,-3.1,-0.1,1.4,-0.4,-0.7,-1.7,-4.6,-5.2,-0.8,2.1,-0.8,-1.6,-4.1,1.9,0.8,-1.8,-5.0,-2.6,-1.7,-3.0,-3.0,-1.4,-4.9,0.8,-3.6,-1.5
2C7L51GOqj,0,48.107351,11.626911,4442206.45,2778422.45,535.0,580.7,285,7349,3.1,0.77,0.49,32.65,348.97,-0.53,-0.103,0.842,-0.4,0.2,-1.06,0.24,0.8,0.2,-0.3,-1.5,-1.3,-1.3,-2.2,-1.6,-3.1,-0.5,-0.4,-0.6,4.1,-0.3,6.8,-1.6,-2.2,-2.3,2.9,1.3,2.8,5.3,-1.7,2.3,1.7,1.6,3.1,5.3,4.6,0.7,2.3,-1.6,10.9,-8.9,-1.7,0.9,-1.9,-3.1,1.8,3.1,13.3,2.0,-2.1,4.2,-4.9,6.8,5.6,8.0,0.6,0.9,-1.9,-1.7,-1.6,-1.6,1.1,-0.0,1.3,0.5,0.9,1.6,1.3,-0.2,0.1,0.2,0.0,-2.4,-1.6,8.2,1.6,1.6,0.4,-0.8,-0.3,-1.4,-0.1,-0.5,0.6,0.3,0.1,-0.2,-2.8,-4.2,1.8,3.1,-0.4,1.7,-2.5,1.0,1.3,2.7,4.1,1.3,3.6,3.8,-0.5,-1.0,-2.1,0.6,5.0,3.1,2.9,3.5,2.7,2.3,3.5,2.8,4.1,2.3,1.6,0.4,-0.1,-1.0,-0.9,-6.6,-4.7,13.0,8.8,9.0,5.5,2.7,4.5,5.0,5.1,5.2,4.9,5.0,5.6,4.4,3.8,1.8,0.4,-2.9,1.2,4.7,2.6,3.1,-2.6,4.7,4.2,5.0,3.6,4.4,3.0,2.0,2.1,0.7,-0.8,-1.3,-3.1,-4.2,-1.9,0.4,-0.6,-3.8,-1.9,-1.8,-2.0,3.2,-1.7,1.9,2.1,1.7,-1.3,5.3,2.6,4.3,-2.1,3.8,4.8,4.3,-1.5,3.2,4.6,4.3,0.0,-0.2,2.0,4.7,2.9,0.2,1.0,-1.4,-0.0,0.4,-0.5,0.4,-0.4,-1.9,-1.0,-0.7,3.9,2.8,0.2,1.2,-0.2,2.7,-2.7,-1.9,0.2,-0.6,-10.2,1.0,1.0,-4.6,-2.2,-3.2,-4.1,-3.9,-4.2,-3.9,-5.6
2C7L51GOrA,0,48.107546,11.628428,4442318.98,2778446.59,534.0,579.7,285,7376,2.4,0.83,0.38,32.66,348.97,-0.53,-0.103,0.842,-0.2,0.1,-0.9,0.18,1.9,0.2,-0.3,0.3,-1.8,-1.4,-1.4,-1.5,0.9,-2.9,-1.6,-0.5,5.1,1.7,-0.5,-3.2,-0.9,0.8,1.7,0.5,0.5,-2.3,-5.4,-5.6,-3.7,1.8,-2.9,-7.1,-9.6,-14.2,-9.8,6.5,-2.0,-7.3,-1.5,-1.6,-2.8,-2.8,-0.3,-0.0,2.4,2.6,3.4,-0.6,1.7,1.7,-2.0,-1.6,0.5,2.6,-0.5,0.8,-0.1,0.6,2.1,2.0,1.7,1.8,2.6,3.7,3.8,1.7,0.8,2.0,0.7,2.8,0.4,3.6,3.2,2.7,3.3,-0.2,0.5,2.5,0.6,2.7,2.5,1.7,1.0,1.7,-1.3,1.7,-0.5,-1.0,-0.8,-0.0,-0.9,-2.2,-2.4,0.4,-1.3,-0.1,-1.7,-1.6,-2.3,-4.4,-4.6,-4.5,1.0,0.3,-0.7,-1.0,-1.1,0.2,0.0,1.7,-2.6,3.3,-3.0,3.1,3.5,-1.5,-4.9,-0.8,1.0,-0.4,0.2,0.8,0.4,-1.3,1.7,1.6,-1.0,3.1,0.5,3.2,2.4,0.2,-0.7,2.2,-0.8,-2.2,0.7,-1.5,-1.6,1.9,-1.7,-0.5,3.9,-1.6,-2.2,1.1,6.6,5.1,-0.0,-0.5,0.5,0.3,-0.3,3.8,2.2,3.5,8.1,2.6,-1.5,2.6,-1.2,-1.3,3.0,0.7,-0.5,-3.3,-4.2,-0.8,-2.4,-2.5,1.4,-2.8,1.1,0.3,0.3,-0.9,0.3,-0.4,-2.3,-1.0,1.4,-1.2,-0.1,1.8,2.2,0.8,-1.5,0.2,0.6,-1.1,-1.3,-0.5,-1.7,-1.3,-4.5,-3.6,-5.2,-5.0,-3.2,-9.6,-3.6,-3.2,-5.1,-4.2,-0.0,-1.8,-0.4,1.2,-4.4,-0.7,0.3,-1.6,-0.2,0.1,1.8
2C7L51GOrO,0,48.107673,11.62942,4442392.61,2778462.36,545.3,591.0,285,7390,4.0,0.7,0.43,32.66,348.97,-0.53,-0.103,0.842,-1.3,0.2,-0.65,0.3,1.0,0.3,-0.3,0.7,0.4,0.3,-0.2,0.9,2.5,0.8,2.1,1.4,2.2,2.3,1.1,4.2,0.5,1.8,-6.0,-3.9,-2.9,-1.9,0.5,-3.1,1.9,2.0,2.6,-0.4,-2.8,-2.0,-0.8,-1.6,0.2,-11.5,-8.4,-3.9,-3.8,-1.8,-4.0,-1.7,-1.2,-1.4,-4.3,-0.2,-0.4,-4.5,-5.3,-3.0,-2.7,-6.9,-4.0,-2.7,-1.9,-4.8,-4.4,-0.3,-1.9,-1.4,-3.4,3.1,-1.0,-2.1,-3.6,-2.7,-0.8,10.8,-2.2,-8.9,-2.0,-1.3,0.7,0.3,0.8,1.1,-0.5,-0.2,1.3,1.5,-3.2,0.2,-3.8,-4.5,-1.8,-4.2,-5.1,-2.7,-3.8,-5.0,-3.9,6.1,-6.0,-3.9,-1.6,-1.4,-5.5,-7.0,-8.2,-2.3,-2.6,0.1,9.0,-1.4,4.5,-1.5,-4.0,-1.8,13.8,-2.2,7.8,7.2,6.2,8.6,3.6,-1.7,-1.7,-5.0,1.2,-2.8,-2.2,-6.0,-5.0,-4.4,-3.8,-2.8,-3.6,-1.3,-1.5,-4.1,-1.9,-2.6,3.8,-5.4,-9.4,-2.3,6.2,-6.3,-5.6,-8.6,-11.9,-6.7,-1.5,1.9,-3.1,-1.3,-0.8,-4.6,-4.4,-3.9,-4.6,3.6,-9.3,-5.3,-6.6,-7.3,-5.1,-1.1,-3.1,-0.3,-1.6,3.3,-2.0,0.3,-1.3,-10.1,-9.1,-4.9,-7.1,-9.0,-2.9,1.6,-2.5,-7.8,-4.0,-10.9,-11.9,-8.1,-6.2,-7.2,10.5,-9.3,-8.2,6.3,-8.9,-6.6,-5.3,-3.1,-5.0,-4.0,-3.6,-3.9,-0.5,-0.9,-4.5,-6.1,-8.3,-6.2,-2.9,-6.6,-12.4,-11.9,-9.8,-10.3,-11.3,-12.6,-11.3,-9.0,-4.7,-2.4,-7.9,-5.0,-7.8
2C7L51GOtA,0,48.108506,11.635909,4442873.92,2778565.58,555.2,600.9,285,7500,3.1,0.71,0.4,32.69,348.97,-0.53,-0.103,0.842,0.1,0.2,-1.62,0.24,1.5,0.2,-0.3,-1.7,-0.8,-2.4,0.2,-0.3,-1.1,2.6,1.1,-4.2,-4.9,-0.4,-5.2,-0.3,2.8,15.1,4.4,8.2,5.4,5.8,5.4,3.2,6.1,3.7,4.5,7.1,2.2,7.5,1.7,4.9,5.7,17.7,2.3,4.7,6.3,8.2,5.2,9.4,1.0,9.0,8.3,6.4,8.7,11.8,16.7,6.8,6.8,9.0,12.3,7.2,10.7,6.8,8.2,7.8,9.4,7.4,6.8,7.4,4.4,7.6,6.3,5.2,6.1,9.7,2.5,7.4,8.2,6.2,2.4,6.5,7.4,7.2,7.8,7.9,7.1,11.5,11.3,6.9,8.7,8.0,7.1,6.5,7.5,5.8,8.5,6.8,9.3,11.1,8.1,10.4,13.3,8.4,1.1,2.0,10.4,7.8,9.7,9.6,11.5,9.0,8.6,8.0,9.0,7.7,8.1,10.8,8.9,7.7,4.2,9.0,8.0,8.5,8.2,7.6,7.8,5.9,6.1,8.2,6.4,7.0,3.5,3.0,7.6,7.3,9.4,14.8,12.2,2.4,9.1,10.3,13.1,9.1,8.8,11.9,13.2,12.0,9.2,12.8,6.6,9.6,7.5,4.6,4.7,3.3,6.7,6.5,2.7,7.4,6.2,7.7,7.2,10.1,5.8,7.3,6.2,6.9,3.2,4.3,5.9,7.8,8.9,11.3,0.4,5.7,4.2,5.9,1.9,7.8,1.6,11.1,10.8,9.9,9.4,3.4,5.2,3.0,7.1,7.1,4.1,5.1,2.9,6.7,1.8,6.4,-0.5,6.4,5.4,5.8,8.4,6.8,5.9,11.9,8.2,-3.6,13.7,10.9,8.6,9.5,5.2,2.6,10.6,4.0,4.9,4.9,4.2,3.3,2.2,0.9,4.0
2C7L51GOtx,0,48.108805,11.638234,4443046.35,2778602.61,533.0,578.7,285,7549,4.1,0.69,0.48,32.7,348.97,-0.53,-0.103,0.841,0.4,0.2,0.36,0.31,1.1,0.3,-0.3,0.8,-2.5,-0.6,1.3,0.7,1.6,-3.0,2.1,-1.2,3.3,1.9,2.0,0.2,-1.3,-0.0,2.2,2.8,6.6,4.7,4.9,-1.2,-0.6,-0.7,2.3,0.0,-2.6,-0.1,5.6,-2.8,-1.3,-2.2,-2.6,0.8,-3.3,2.0,0.2,-4.5,2.8,-1.7,2.3,2.2,0.2,-0.2,-1.9,3.3,0.2,-1.9,-0.3,-0.3,3.2,3.7,-14.1,0.6,3.4,1.1,-11.8,2.1,3.6,0.5,0.8,-0.9,1.3,1.8,-2.7,-0.8,1.2,-0.8,3.4,0.6,4.4,3.2,3.2,3.0,2.8,2.8,1.6,2.8,1.3,-0.3,-2.6,3.0,-1.4,3.2,-2.6,-1.4,0.6,1.6,3.0,-1.6,12.9,-1.2,-1.9,1.8,-5.3,6.9,1.7,1.2,4.8,2.8,-0.5,2.8,1.8,2.6,-0.7,-10.8,-2.9,-4.3,-0.2,-0.1,-2.0,1.4,-2.6,-0.3,-3.4,0.2,-1.4,0.1,-2.5,0.7,0.8,2.4,0.3,0.5,1.5,1.2,0.7,2.1,0.6,-2.7,-2.5,-1.0,1.7,-2.1,3.7,-5.4,-2.9,0.5,-0.1,2.5,0.1,-0.8,-4.0,-2.4,2.9,2.6,2.4,-6.2,1.8,3.8,8.7,2.6,4.5,6.8,5.4,3.9,5.4,1.4,8.8,1.4,0.2,-1.6,5.9,0.6,0.0,-7.8,2.1,2.8,-8.6,-10.1,-4.8,-5.1,4.8,-4.6,12.2,4.5,7.5,5.8,7.6,-10.6,-1.1,4.3,-8.3,-7.2,-5.6,9.6,0.4,13.7,2.0,-0.9,6.6,0.9,-3.7,-1.1,4.2,6.1,5.8,14.7,-0.8,-0.1,-0.7,4.2,2.0,11.4,1.4,6.8,3.1,-10.3,4.1
2C7L51GOpE,0,48.106689,11.62161,4441813.19,2778340.17,536.7,582.4,285,7256,2.6,0.78,0.32,32.6,348.93,-0.529,-0.103,0.842,-0.3,0.1,-0.8,0.2,2.5,0.2,-0.3,1.2,1.2,1.3,0.3,2.2,-1.9,1.4,-0.3,-2.3,-2.3,4.2,-0.6,0.6,0.9,-3.2,-0.9,-4.5,-3.1,-3.8,-4.3,-3.7,-4.0,-1.6,-2.4,-4.0,-0.9,-3.5,-5.5,-4.3,-8.4,-0.3,-9.2,-4.2,-1.9,-7.4,-6.6,-3.0,0.8,-4.8,-2.7,-3.3,-1.2,-1.8,-2.0,-1.1,-0.8,-3.1,-0.6,-0.5,0.8,0.9,-1.4,-0.3,0.4,1.1,1.3,0.6,1.3,-2.7,-0.9,1.2,0.5,2.2,0.0,-2.0,-1.7,-1.1,-3.2,1.5,0.2,-2.5,1.8,-2.0,-1.3,-3.4,-5.8,-3.3,-2.8,-1.0,-3.8,-5.7,-6.0,-5.5,-4.1,-3.9,3.2,-1.2,1.3,-1.8,-3.4,-6.7,-0.7,-4.1,5.5,-0.2,-1.8,-7.2,-7.3,-4.0,-3.6,-3.1,-5.0,-1.6,4.0,-1.7,1.5,1.7,1.9,1.8,1.2,1.8,1.4,2.4,3.6,2.2,4.1,1.7,1.8,1.1,2.9,3.2,3.0,4.1,1.4,1.0,1.1,-4.0,-8.4,-1.1,1.0,-4.0,0.8,-4.5,-2.4,-3.1,-0.7,-2.0,-2.8,-0.9,3.4,0.1,-1.1,-1.4,2.0,2.0,2.3,2.6,1.3,3.7,2.7,3.0,1.6,1.8,-0.6,1.2,-0.2,-0.5,-0.2,-6.3,-0.8,-1.6,-3.3,-16.4,-0.7,-0.1,-6.4,-1.8,-7.9,-2.1,-4.5,-5.0,-6.9,-3.1,-5.8,-4.6,1.1,-2.2,-0.9,-12.3,-0.4,0.8,-2.7,-2.4,-5.1,0.8,-2.0,-1.5,-7.0,-2.6,-3.6,-6.7,-6.3,-8.2,-5.8,-6.3,-4.3,-2.2,-6.0,-3.7,-5.5,-2.7,-0.6,-0.6,-3.4,0.2,1.9,-1.3,-0.4
2C7L51GOpP,0,48.106768,11.622223,4441858.62,2778349.92,534.8,580.5,285,7267,2.9,0.83,0.32,32.6,348.93,-0.529,-0.103,0.842,-0.9,0.1,-0.0,0.22,0.4,0.2,-0.3,-3.0,0.1,0.2,-0.3,-0.5,-3.8,-0.6,1.2,-0.6,-4.8,2.2,-0.6,-1.5,-3.3,16.6,-3.0,5.8,9.4,-3.2,-3.5,-3.5,4.0,-1.4,1.9,5.1,3.5,0.5,-4.1,-1.8,-6.6,-3.1,-7.8,-3.2,-2.9,-0.7,-5.1,1.6,1.5,8.1,-0.7,-0.8,-2.9,-0.4,-2.5,-4.6,-2.2,-5.2,-4.3,-1.0,-2.5,-0.4,-1.5,-1.5,-3.1,-2.6,-1.3,-1.7,0.4,-5.6,-5.7,-4.1,-4.3,1.9,-6.3,-4.7,-5.8,-6.9,-3.8,-6.2,-4.8,-5.3,-4.4,-3.2,-3.7,-3.1,-0.8,-3.4,-1.2,-1.2,-4.0,-3.0,2.2,-2.6,-4.5,-3.6,2.9,-4.4,1.3,-2.1,0.1,-0.5,-0.7,-4.0,2.2,-0.6,1.2,-2.2,-0.1,2.0,-0.5,-2.0,1.3,2.2,-1.1,3.6,-1.5,-0.8,-0.3,-1.2,-0.9,0.2,-2.1,-1.3,-2.8,-1.6,-1.3,-2.7,-1.3,-1.2,-1.9,-1.7,0.6,-3.9,-4.4,-3.5,-5.4,-0.8,-4.9,-5.5,-0.9,-3.8,-0.1,-3.3,-5.1,-6.6,-6.9,-5.3,-2.0,4.3,1.0,-5.5,-3.5,-3.2,-2.5,-2.9,-2.8,-3.0,-4.2,-3.2,-2.8,-2.3,-3.7,-2.7,-3.5,-3.9,-2.7,-4.3,-2.5,-3.4,-3.0,-4.3,-6.9,-1.6,-1.7,-3.4,0.1,-2.2,-4.7,-0.6,-2.6,-7.1,-5.9,-7.8,-5.4,-5.4,-2.5,-2.7,0.0,7.5,-4.1,-3.2,-3.7,-2.7,-4.7,-5.1,-6.5,-5.3,-4.8,-6.8,-5.2,-5.6,-6.5,-8.0,-8.3,-3.8,-5.9,-6.7,-6.0,-5.1,-5.5,-5.7,-4.0,-4.0,-3.0,-5.9,-4.0,-3.0,-3.3
2C7L51GOrS,0,48.107683,11.629353,4442387.56,2778463.38,530.3,576.0,285,7394,2.6,0.84,0.4,32.66,348.97,-0.53,-0.103,0.842,-0.4,0.1,-0.51,0.2,1.0,0.2,-0.3,-1.3,-0.8,-1.4,-5.1,-0.4,2.2,-0.9,-1.5,0.2,-0.6,-0.8,-1.2,-2.4,1.5,-4.8,-4.0,0.4,6.0,1.0,-1.3,-0.8,2.1,-2.0,-1.3,-0.7,-0.0,3.3,6.1,-0.9,-2.1,-3.5,-4.1,-4.7,1.1,0.4,-0.2,3.8,3.5,6.0,0.7,0.1,-0.5,1.0,-2.7,-1.6,-2.8,3.9,-2.9,-3.6,-1.3,-0.6,-8.1,0.0,1.9,4.1,4.7,0.1,-1.0,2.2,0.5,-3.1,1.6,0.2,0.3,-4.4,0.7,-0.6,4.1,-2.1,0.3,-0.5,-2.4,0.8,-2.0,-1.6,-2.6,-2.6,1.4,-1.8,-1.8,-1.9,-1.7,1.3,-1.4,-1.1,-4.2,-8.0,0.8,2.5,-2.2,0.4,-2.1,-3.9,-2.2,-3.6,2.6,-0.0,-0.5,0.4,-0.9,-0.4,0.3,-1.1,-0.3,2.5,-0.5,3.3,-0.1,0.0,-3.7,0.3,1.9,1.2,-0.9,2.0,7.5,0.8,2.0,5.7,1.9,2.7,7.6,1.2,-1.1,0.3,2.7,6.5,2.3,-1.8,-1.7,-3.3,-2.0,-3.3,-2.5,-3.5,-0.1,-1.0,-9.5,-3.8,-2.9,3.9,-3.6,-2.4,-2.0,-0.0,-0.3,3.6,-1.5,-1.0,2.3,0.9,2.6,3.8,-0.1,-1.5,-2.9,-0.5,-3.9,-3.4,-2.3,-3.5,-1.5,1.0,-0.4,-1.4,-0.1,-6.2,3.0,-1.4,-1.1,0.2,-3.2,-4.7,-0.1,-0.3,-1.2,0.4,2.2,-1.8,0.5,-1.1,-1.6,-1.4,-2.5,0.1,-2.3,-5.1,-2.2,-1.5,-2.8,-3.4,-11.1,-2.5,-3.8,-2.2,-1.5,-3.0,-0.3,-3.8,-1.4,-1.0,-5.4,-4.0,-0.3,-3.1,-3.1,-1.2,2.4
2C7L51GOru,0,48.10795,11.631429,4442541.53,2778496.36,552.2,597.9,285,7422,4.6,0.54,0.48,32.67,348.97,-0.53,-0.103,0.842,0.0,0.3,-2.25,0.36,0.6,0.3,-0.3,-3.3,-3.0,-2.3,-2.8,-2.9,-2.5,0.5,-5.1,1.4,-6.4,0.3,6.5,4.8,-5.1,3.2,7.3,4.0,3.7,5.1,6.9,0.6,9.4,-1.5,7.6,16.4,-2.7,12.3,3.4,7.0,6.8,10.0,1.9,7.8,8.6,5.3,9.8,8.1,8.8,4.6,9.8,8.0,7.0,9.2,12.5,8.4,8.8,3.6,9.1,-0.5,9.5,7.8,-0.8,-8.9,14.3,11.8,15.9,11.7,17.0,11.8,11.2,10.4,9.6,12.8,14.3,10.5,5.7,-10.9,13.0,13.2,9.4,5.3,9.7,2.1,10.6,8.2,7.6,8.1,7.4,8.8,10.6,10.7,6.0,10.0,8.0,8.2,-0.1,5.5,7.0,8.7,8.8,13.5,7.1,3.3,14.2,16.9,7.4,2.3,9.3,6.6,6.7,8.3,10.0,9.4,11.2,9.2,9.9,12.2,8.7,7.1,10.1,10.8,10.5,10.2,11.9,13.1,7.8,12.2,9.5,6.6,10.9,9.0,12.5,12.5,15.6,9.7,10.0,7.7,15.4,4.7,3.7,6.7,10.0,8.4,8.3,5.3,14.3,3.5,12.2,6.8,9.3,1.4,8.6,14.9,10.8,8.8,11.6,4.9,9.6,11.9,15.9,-5.7,10.2,5.6,7.8,8.0,5.3,9.3,16.6,0.3,5.1,4.1,6.1,8.2,6.9,7.9,-6.6,10.5,13.2,6.9,9.9,8.2,5.4,1.3,8.6,5.4,-2.0,6.4,8.4,15.7,-9.1,10.5,0.4,1.6,6.9,4.6,9.6,3.7,7.2,6.6,0.8,-0.9,5.2,8.6,8.1,7.9,2.6,5.8,3.2,18.4,7.5,4.0,9.3,10.3,8.7,3.0,1.9,-1.0,-0.5
2C7L51GOsu,0,48.108404,11.634967,4442804.03,2778552.66,555.1,600.8,285,7484,3.7,0.59,0.48,32.69,348.97,-0.53,-0.103,0.842,1.0,0.2,-2.27,0.28,2.1,0.2,-0.3,4.6,2.2,1.8,-0.5,3.7,9.2,-0.6,0.7,-5.9,-1.5,2.3,3.1,1.2,0.4,-4.2,-0.8,2.0,0.2,-6.8,3.1,-1.3,-2.7,4.6,8.0,1.9,8.0,3.7,2.9,0.1,12.9,6.4,10.0,9.3,11.1,9.3,13.7,10.8,13.2,11.3,9.6,8.2,1.3,19.5,-3.1,4.0,8.2,1.6,9.4,6.8,8.3,9.8,8.4,9.0,6.7,6.5,5.7,5.8,2.5,6.9,4.6,5.9,1.1,-6.2,4.8,10.7,2.3,5.8,1.1,6.6,5.6,5.8,5.6,3.6,6.2,11.8,12.7,6.0,5.5,6.8,6.2,6.6,17.7,3.5,5.9,8.1,9.1,11.1,6.7,16.0,12.8,11.2,-0.7,-2.7,13.2,7.8,14.8,14.0,15.7,13.6,9.0,9.7,14.6,11.9,21.6,11.4,9.4,10.6,11.5,13.8,10.3,11.9,15.0,16.8,13.1,11.5,15.7,7.5,9.9,13.2,10.1,7.0,11.3,8.4,15.5,13.9,11.5,5.3,10.0,12.4,12.8,14.7,15.8,12.6,12.5,11.7,12.2,13.3,9.7,15.0,13.0,9.6,5.8,11.4,11.4,10.0,10.0,9.0,12.1,10.3,9.1,2.6,3.4,9.3,10.8,9.7,8.2,11.1,8.4,11.6,10.7,10.9,3.5,5.4,7.1,10.1,7.4,14.1,16.6,8.5,11.7,11.4,9.7,10.5,13.2,9.4,3.9,10.6,11.5,3.1,8.7,11.2,6.9,6.5,3.1,8.6,9.1,8.1,9.2,11.4,9.3,12.2,8.4,11.5,12.6,11.0,9.2,11.2,7.0,6.9,9.9,6.7,4.2,4.4,7.2,7.0,10.0,5.1,9.1
2C7L51GOtu,0,48.108811,11.638136,4443039.05,2778603.1,537.4,583.1,285,7546,1.4,0.95,0.21,32.7,348.97,-0.53,-0.103,0.841,-0.5,0.1,0.03,0.11,0.5,0.1,-0.3,-1.2,-1.0,0.2,0.1,0.5,0.3,-0.6,0.3,0.4,0.7,0.1,-0.2,0.0,0.5,-1.1,0.7,-1.3,-0.2,-0.6,-2.0,-1.2,-2.3,-2.1,-0.3,-0.5,0.1,-1.4,1.3,-1.7,-2.5,-5.0,-4.2,-1.9,-2.4,1.7,-2.8,-1.6,-0.4,-1.0,-1.0,-0.2,-0.6,-2.7,-1.2,-1.7,-1.9,-2.0,-0.4,-1.0,-1.3,-0.3,-0.1,-0.9,-0.7,-0.3,-1.1,-0.2,-0.2,-1.5,-1.3,-1.2,-1.0,1.0,-1.4,-0.3,-2.3,-1.6,-0.7,-1.6,-0.5,-1.4,-1.3,-1.3,-1.0,-1.7,-1.1,-1.1,-1.9,-2.8,-3.8,-1.1,-4.4,-1.5,-1.0,-1.2,-1.9,-1.9,-1.2,-2.7,-1.4,-1.8,-3.1,-1.9,-4.3,-3.2,1.4,-2.8,-2.1,-2.0,-2.8,-2.0,-2.0,-1.6,-2.0,-0.2,-1.9,-2.0,-1.4,-1.0,-1.2,-0.2,-1.9,-1.8,-0.8,-1.5,-1.3,-0.3,-1.5,-1.6,-0.8,-0.4,-2.0,-0.7,-0.2,-0.3,1.3,0.6,-1.0,-1.2,-5.0,-0.4,-0.2,-1.7,-2.6,-4.7,-6.0,-1.8,-3.6,-0.8,-2.4,-4.3,-4.6,-4.4,-3.3,-1.8,-1.6,-1.0,-1.5,-0.7,-0.8,-1.7,-2.3,-2.5,-1.4,-1.8,-0.6,-1.2,0.2,-1.7,-0.9,-2.2,-11.1,-5.2,-5.8,-5.5,0.5,-2.2,0.0,-1.5,-2.8,-0.9,-1.4,-2.9,-2.7,-2.9,-3.6,-3.7,-1.3,-1.3,-2.9,-3.4,-2.8,-3.0,-3.8,-3.2,-3.6,-2.8,-4.2,-4.7,-5.3,-4.8,-3.4,-3.5,-0.5,-0.4,-1.9,-0.7,-3.6,-2.6,-0.4,-1.7,-4.8,-3.5,-3.4,-5.2,-3.4,-4.0,-2.3
2C7L51GOtv,0,48.10881,11.63813,4443038.61,2778603.02,533.7,579.4,285,7547,1.6,0.93,0.24,32.7,348.97,-0.53,-0.103,0.841,-0.9,0.1,-0.19,0.12,1.0,0.1,-0.3,-0.6,-1.1,0.0,-0.5,-0.6,0.4,-0.6,-0.1,0.8,0.1,0.0,-0.0,0.5,-0.8,-1.0,-0.5,-1.3,-1.0,-2.1,-1.3,-1.6,-1.7,0.1,0.1,-0.2,-3.1,1.0,3.4,-0.8,-3.6,-2.3,-4.8,-2.3,-2.0,0.4,-0.6,-1.4,-1.0,-1.9,-0.7,-0.5,0.1,-2.7,-2.4,-2.6,-2.7,-1.9,-0.7,-0.6,0.7,0.7,2.3,2.1,-0.5,0.2,-0.6,0.3,0.9,0.2,0.1,-0.4,-0.8,-0.5,-0.7,1.0,-1.3,-0.6,-0.6,-1.0,1.1,0.5,0.8,-1.1,0.2,-1.0,-0.9,0.2,-0.8,-1.3,-3.0,-1.0,-2.8,-2.2,-1.7,-2.7,-1.1,-1.1,-3.0,-3.9,-0.9,-1.0,-0.5,-0.5,-6.5,-4.2,2.6,-1.0,0.4,-1.1,-1.5,-1.1,-2.2,-0.3,-0.7,-1.9,-1.2,-1.4,-0.5,-1.1,-1.2,-0.3,1.1,-1.1,-0.6,-1.3,-1.7,-0.9,-1.4,-0.7,-1.4,0.0,-1.3,-1.3,-0.3,0.2,-0.8,0.3,-1.5,-2.8,-4.7,-1.2,-2.2,-2.5,-1.4,-6.9,-4.0,-5.6,-2.7,-1.4,-2.8,-3.0,-4.6,-5.3,-2.1,-2.3,-1.2,-1.4,-1.6,-2.2,-0.9,-0.1,-0.5,-0.3,-1.2,-1.0,-1.0,-2.4,-1.6,-4.2,-3.0,-5.0,-14.5,-6.7,-8.6,-7.0,-3.4,-1.5,-1.9,-4.0,-1.6,-4.0,-5.6,-3.1,-2.8,-2.7,-2.9,-2.7,-2.8,-2.2,-3.8,-3.1,-3.5,-2.2,-3.5,-3.1,-3.2,-2.8,-3.9,-5.5,-8.0,-7.4,-5.6,-6.6,-2.1,-2.7,-3.7,-2.2,-3.8,-3.8,-2.5,-3.5,-5.2,-5.9,-3.6,-5.2,-3.9,-3.2,-3.6
2C7L51GOtw,0,48.108806,11.638096,4443036.13,2778602.49,529.3,575.0,285,7548,4.0,0.73,0.56,32.7,348.97,-0.53,-0.103,0.841,-1.0,0.2,0.56,0.3,0.9,0.3,-0.3,7.7,-4.7,2.0,-5.3,-3.6,-1.6,-1.1,-2.0,2.2,-1.2,-2.2,-1.8,-0.7,-1.8,3.9,-5.0,7.4,-5.0,-3.5,-1.2,-3.2,0.4,2.4,2.1,4.0,-1.3,-3.1,-12.1,0.1,-0.1,-3.9,-19.7,-3.5,-2.0,-2.9,-1.2,-2.5,-2.9,-3.9,-2.4,-2.6,0.8,-1.1,-0.1,-5.5,-5.8,-3.3,-4.5,-2.5,-2.5,0.4,-8.1,4.0,-2.8,-0.9,-9.0,-1.3,-5.7,-2.3,-6.5,-7.1,-4.2,-4.9,-1.9,-6.7,-3.1,-5.1,-8.0,-6.5,-9.2,3.2,-12.2,-8.4,-9.0,-1.4,5.8,7.3,-18.2,-17.7,-5.3,-2.2,-1.8,-9.7,-4.5,-6.8,-0.2,-1.9,-6.2,-4.4,-3.6,-1.0,-5.1,-3.7,-19.8,-8.5,2.5,-17.7,3.0,-0.5,-0.2,-2.6,-2.9,-0.2,-0.2,-1.2,-1.1,-3.7,-1.7,-1.7,-1.1,0.5,3.4,-1.4,-0.2,-4.5,-3.1,-2.6,-2.6,-5.8,-1.7,-1.5,-2.5,-5.0,-4.8,-4.6,-3.5,-0.9,-7.4,-4.0,-6.0,-3.3,-5.4,-7.0,-1.9,-8.5,-17.1,-13.5,-8.2,-4.0,-7.0,-7.2,-7.0,-8.4,-7.7,-9.9,-6.2,-2.8,-3.7,-3.7,-3.5,-2.3,-2.9,-5.7,-5.5,-4.9,-5.8,-5.6,-4.1,-7.6,-6.0,-5.4,-16.0,-10.9,-10.1,-8.4,-5.8,-3.6,-2.3,-5.9,-2.8,-8.2,-8.5,-5.1,-4.0,-5.4,-5.4,-5.1,-5.9,-2.6,-6.9,-5.5,-6.3,-6.2,-5.8,-5.0,-6.5,-5.5,-5.6,-6.9,-8.3,-8.2,-6.5,-7.5,-6.4,-4.2,-5.3,-4.0,-7.0,-5.8,-5.9,-5.6,-6.9,-10.1,-6.5,-7.8,-5.2,-2.7,-6.1
2C7L51GOq4,0,48.107105,11.624709,4442043.04,2778391.53,543.9,589.6,285,7308,2.6,0.87,0.49,32.64,348.97,-0.529,-0.103,0.842,-0.8,0.1,-0.29,0.2,0.4,0.2,-0.3,-1.4,-0.4,0.7,-1.0,0.0,-2.1,-0.2,0.4,2.1,-2.7,2.4,-0.3,0.7,-1.3,-1.5,-0.6,-0.9,0.7,1.8,0.1,1.3,1.4,1.6,1.3,0.9,3.5,6.6,0.3,1.5,1.8,-16.2,-0.7,-2.1,-5.1,-2.4,-4.2,-15.3,5.1,4.3,3.0,3.1,2.5,2.1,1.5,1.2,1.1,0.6,-0.3,0.1,-0.0,-0.5,-1.1,1.8,-0.3,0.2,-0.7,0.2,-1.2,-0.5,-2.0,-2.6,-0.9,-0.7,-1.6,-3.9,-1.8,-2.5,-1.4,-2.0,-0.3,-2.1,-1.7,-2.8,-1.5,2.0,0.2,-0.3,-2.6,0.1,-1.3,0.3,-2.4,0.0,1.3,2.4,-6.4,-4.7,2.6,1.9,0.3,-4.2,4.3,-7.0,-0.5,1.8,-0.8,2.5,-1.2,-4.3,-4.4,0.6,-3.1,-3.0,0.5,-3.3,-3.1,-0.5,-1.7,2.6,0.3,3.2,2.2,-0.1,1.8,1.1,-1.5,-4.0,-3.5,-2.9,-1.5,-2.4,-2.3,-2.6,-2.1,-0.6,-0.7,-2.3,0.1,-4.0,-5.1,-5.9,1.3,-2.4,-4.2,1.0,-2.2,2.6,-0.2,-3.2,2.8,-1.2,-0.7,-0.1,-2.2,-2.0,-2.7,-0.4,-2.9,-2.4,-3.4,-5.3,-1.9,-1.8,-3.3,-0.6,-2.0,-1.6,1.1,3.5,1.4,0.0,0.5,-4.1,-2.6,-1.7,1.2,-3.6,-0.6,-0.2,1.3,-2.6,-3.5,-2.4,-4.1,-4.2,-8.2,-5.1,-2.7,-8.2,-3.9,-3.3,-2.9,-2.9,-4.1,-4.6,-3.2,-2.3,2.2,-2.5,-6.2,-4.9,-2.8,-4.7,-3.3,-5.5,-4.2,-5.9,-3.4,-7.5,-3.6,-3.2,-4.5,-4.7,-4.0,-3.7,-4.6,-4.8,-3.8
2C7L51GOq5,0,48.107101,11.624673,4442040.34,2778390.96,538.4,584.1,285,7309,2.2,0.9,0.29,32.64,348.97,-0.529,-0.103,0.842,-1.2,0.1,-0.12,0.17,0.6,0.1,-0.3,-0.9,0.8,0.8,0.4,-0.0,-1.0,-0.5,-0.1,0.4,1.2,1.7,-0.9,0.9,0.2,0.8,1.5,-0.5,-2.0,-1.1,-1.0,-0.6,-1.5,-1.9,2.8,1.0,0.0,0.4,-3.0,-2.1,-2.4,-17.1,-4.6,-5.6,-3.0,-3.5,-2.2,1.1,0.3,1.4,1.4,-0.5,-0.7,1.0,-0.1,-1.0,-1.5,0.9,-1.6,-0.4,-1.4,-3.3,-1.9,-1.6,-1.4,0.4,0.5,0.1,1.5,0.8,-1.3,-0.6,-0.2,-2.8,-0.7,-1.0,-1.2,0.0,5.2,-2.0,-1.4,-1.5,-4.0,-5.5,-3.9,-0.6,1.7,-0.8,0.5,-0.6,-1.5,-0.5,-2.7,-1.1,-3.4,-3.0,-1.6,-1.3,2.1,-0.9,-1.1,-1.8,-6.2,-5.7,-5.8,-4.1,-1.4,-2.8,-2.9,-2.3,-1.9,-4.0,-4.2,-3.6,-3.3,-4.7,-2.7,-0.5,-3.2,-4.4,-2.5,-2.9,-1.6,-1.9,-1.9,-1.2,-2.2,-4.9,-3.0,-2.3,-0.6,-3.3,-3.7,-2.9,-2.9,-1.0,0.4,-2.0,-0.3,-1.9,-4.2,-6.3,-1.6,-3.8,-2.2,-5.3,-4.4,-1.8,-4.4,-2.4,1.3,-2.0,-5.5,-6.0,-4.9,-4.7,-4.3,-0.3,-3.4,-3.2,-2.7,-4.5,-1.8,-0.8,-3.4,-0.2,-2.3,-2.5,-2.6,-2.4,-2.6,-6.2,-3.4,-1.9,-5.2,-6.7,-6.2,-4.7,-4.0,-3.6,-2.2,-3.7,-4.8,-4.9,-7.9,-7.2,-8.2,-7.6,-3.6,-6.6,-6.3,-6.1,-3.7,-8.1,-6.0,-6.7,-7.0,-4.6,-4.8,-17.0,-8.8,-0.6,-3.3,-7.6,-4.3,-8.8,-4.2,-4.6,-5.7,-7.2,-4.1,-5.1,-5.5,-5.2,-5.8,-5.5,-6.2,-6.3,-4.3
2C7L51GOq6,0,48.107095,11.624624,4442036.72,2778390.19,533.3,579.0,285,7310,2.2,0.91,0.33,32.64,348.97,-0.529,-0.103,0.842,-1.1,0.1,-0.53,0.17,0.8,0.1,-0.3,-1.5,-0.5,-0.2,-0.2,-0.9,-1.0,-0.1,-1.5,0.1,1.7,0.9,0.8,0.2,0.4,1.2,0.3,-1.0,-1.0,-1.5,-3.5,-1.0,-1.5,-1.4,-1.7,0.7,1.7,2.0,-0.8,-1.3,-3.7,-17.6,-4.8,-6.0,-2.6,-1.3,-7.6,1.7,-1.2,0.1,-0.2,-0.5,-0.3,0.3,-0.5,-1.0,-0.2,0.9,-0.6,1.5,-0.1,-1.4,-1.0,0.0,1.9,1.5,2.2,0.5,1.2,0.5,-0.6,0.1,0.1,1.2,-0.8,-0.2,-0.3,-1.5,0.4,-1.2,-0.7,-4.0,-1.4,0.5,-1.0,0.7,0.7,-0.9,-0.3,-1.9,-1.1,-0.4,-3.3,-1.8,-3.6,0.1,-1.5,-1.1,2.1,-1.5,-1.6,-1.7,-4.6,-4.6,-4.5,-2.5,-0.9,-1.4,-2.5,-1.1,-1.0,-1.8,-1.8,-3.9,-2.5,-2.7,-1.8,0.1,-2.6,0.3,0.6,-2.5,-1.3,-2.1,-1.3,-1.3,-2.4,-4.7,-2.7,-2.3,-1.6,-2.7,-2.2,-2.8,-1.3,-2.3,-1.5,-3.3,-2.1,-2.9,-2.9,-3.4,-3.0,-3.1,-3.6,-6.0,-5.0,-1.7,-1.1,-1.4,1.7,-1.5,-2.0,0.0,-3.7,-3.1,-2.5,0.2,-2.9,-2.8,-2.0,-3.9,-1.6,-1.2,-2.6,0.9,-0.6,-2.7,-2.5,-3.5,-2.1,-5.9,-3.1,1.7,-5.8,-5.2,-3.5,-2.9,-6.7,-2.3,-0.8,-4.3,-4.6,-2.6,-3.8,-5.4,-8.9,-7.2,-4.3,-4.5,-5.9,-5.1,-3.5,-7.2,-4.9,-4.2,-7.0,-3.3,-1.4,-5.4,-6.9,-6.6,-5.6,-6.0,-19.1,-7.8,-3.4,-4.6,-6.1,-7.0,-4.2,-4.8,-4.9,-5.8,-6.6,-5.4,-5.5,-6.3,-5.4
2C7L51GOqA,0,48.107119,11.624813,4442050.75,2778393.21,531.4,577.1,285,7314,4.1,0.67,0.46,32.64,348.97,-0.529,-0.103,0.842,-0.7,0.2,-0.1,0.31,0.7,0.3,-0.3,-0.1,-3.0,1.7,-0.5,-1.7,-4.3,-0.3,-1.0,2.9,0.1,2.7,-8.0,1.4,4.3,2.2,0.8,-7.2,-1.4,-2.8,-2.5,3.0,1.5,1.0,2.9,2.0,-1.3,0.6,-5.3,-8.4,3.9,5.5,-7.7,-8.1,-3.7,-13.3,-2.4,0.1,-3.3,2.4,1.1,4.0,1.5,3.4,6.9,-5.2,5.3,-2.0,2.9,9.0,2.4,-2.2,-4.7,1.2,2.4,0.6,-2.5,-2.9,2.2,1.2,-2.5,-8.2,1.5,-2.7,-11.1,-0.5,1.4,-1.5,1.6,-1.3,-2.2,-4.8,1.8,1.3,2.2,-0.6,-0.4,-10.2,-11.1,-2.5,-3.5,-8.5,-0.3,-0.3,-0.2,-5.0,-4.8,-3.2,1.5,-5.8,-3.1,-4.6,-4.1,1.1,4.9,-1.3,0.5,5.3,-0.1,1.8,1.1,8.1,-2.8,6.7,-4.8,3.3,3.3,-2.0,-4.4,2.0,8.2,-6.3,-3.1,-4.3,-2.2,-0.7,-2.4,-6.5,2.7,-7.5,-4.0,-6.0,-0.4,-3.8,-2.2,-1.6,-3.4,-3.7,-0.8,-2.8,-11.4,2.6,-2.4,-6.0,-3.1,-1.2,-4.5,10.9,-8.1,1.3,0.3,-11.6,-4.6,-3.8,-1.6,-5.7,2.5,-1.5,-6.0,0.6,11.8,-1.2,2.6,0.6,2.1,2.1,-4.5,-2.9,1.2,2.6,-1.3,-7.6,-10.6,-1.6,-0.1,-4.4,-0.7,0.2,-6.7,-2.7,-4.3,-0.7,-6.5,-4.4,-10.5,-3.5,-1.9,-0.1,-4.5,-7.3,-4.2,-2.2,-3.2,-4.8,-5.4,2.1,0.5,-10.8,-3.5,-4.7,-1.8,-0.6,-9.5,-7.5,-2.3,-1.2,-4.9,0.9,-8.7,-5.5,-3.5,-2.7,-6.1,-6.4,-5.8,-1.4,-2.7,-2.9,2.8
2C7L51GOqX,0,48.107297,11.626199,4442153.59,2778415.26,535.4,581.1,285,7337,1.8,0.92,0.31,32.65,348.97,-0.53,-0.103,0.842,-0.7,0.1,-0.72,0.13,0.5,0.1,-0.3,-0.4,-1.6,-1.9,-2.0,-0.3,-0.6,-1.7,-0.1,-1.2,-0.5,0.9,2.7,0.9,1.8,-0.8,-0.4,0.1,0.2,0.9,-1.2,0.1,1.4,4.0,1.2,2.7,3.4,-2.1,0.9,1.3,-1.3,-12.3,-2.4,-0.1,-2.1,-2.2,-1.5,-0.3,1.2,5.5,0.3,4.3,0.7,3.4,2.0,0.6,1.0,1.8,-1.0,1.1,-1.1,1.0,1.0,0.9,-0.4,-0.2,0.7,0.5,1.2,0.4,1.3,0.5,-1.3,1.2,0.8,-0.6,-0.2,0.3,1.7,-0.3,-0.9,-1.1,-0.6,-1.1,-1.6,0.2,0.0,-1.2,0.9,-0.9,-0.1,0.4,-0.9,0.9,0.2,-2.1,0.5,1.4,2.9,-0.5,0.6,1.2,-0.7,-0.6,-1.4,0.4,2.8,2.0,2.2,1.7,1.7,0.4,1.1,-1.1,1.5,1.6,2.6,1.7,0.4,1.4,1.5,-0.1,-0.1,0.6,1.8,0.2,-0.6,-1.9,0.0,0.3,1.5,0.1,1.0,1.0,0.6,-1.2,0.5,2.3,1.6,0.5,-1.4,-0.5,-0.7,2.9,-0.9,-0.9,-1.6,-0.1,-5.2,2.1,1.0,1.0,-0.4,-0.1,0.3,0.5,-1.8,0.4,-1.9,1.3,-1.7,1.2,-0.3,-0.3,-4.0,-0.4,-1.1,-0.8,-1.5,-2.9,-1.1,-1.9,0.4,-2.4,-0.9,-4.8,0.6,-1.2,0.7,1.6,2.1,0.6,-3.7,-1.4,-1.6,-1.5,1.3,-0.2,0.6,3.1,-2.7,-3.3,-4.7,-3.5,-2.6,-4.4,0.5,-3.5,-3.5,-3.5,-4.5,-1.8,-2.2,-1.9,-3.1,-3.9,-0.6,-3.5,-3.2,-5.0,-3.4,-2.6,-3.4,-1.4,-2.9,-3.1,-4.3,-2.5,-8.6
2C7L51GOqk,0,48.107394,11.626959,4442209.91,2778427.34,535.1,580.8,285,7350,2.0,0.89,0.3,32.65,348.97,-0.53,-0.103,0.842,-0.4,0.1,-0.86,0.15,1.0,0.1,-0.3,-0.8,-0.1,0.4,-0.5,-0.1,-2.4,-0.5,-0.9,-0.0,7.4,0.3,1.5,0.2,-0.5,-0.6,-0.8,-1.5,-0.7,-0.9,-0.7,-1.8,-1.1,-1.0,0.2,1.1,1.6,0.0,-0.3,-1.5,-3.7,-12.3,-4.7,-3.9,-4.8,-4.1,-1.0,1.4,-3.0,2.3,-1.1,-1.1,-2.7,0.3,1.1,-1.1,-2.8,-0.3,-2.5,-1.5,-0.7,-2.4,-0.8,0.0,1.0,0.2,0.4,0.5,0.8,0.4,-0.0,-0.3,0.9,3.9,0.3,8.2,-0.9,-0.9,0.2,-1.8,-1.3,-1.9,-0.4,-1.5,-0.7,-0.6,0.6,0.5,-0.8,-1.8,-0.9,-0.7,-0.9,-0.4,-2.6,-0.8,-0.8,0.3,-0.1,-1.9,-3.1,-1.8,-3.3,-4.3,-3.6,-1.1,2.6,-0.8,-0.3,1.1,0.7,-1.0,0.2,-0.4,2.7,2.0,1.0,0.0,1.4,-1.3,-0.8,-2.3,-1.8,-1.6,-1.1,-2.2,-1.6,-1.5,0.4,0.8,2.8,3.5,2.5,1.4,1.5,1.6,1.6,0.2,1.0,-1.9,-0.7,-2.2,1.1,-1.6,-1.9,1.0,-0.1,1.0,-1.9,0.9,3.6,-0.7,0.3,1.5,-0.6,-0.1,-1.7,1.7,-0.8,0.4,0.2,0.6,2.4,0.8,0.2,1.3,-2.1,-0.3,0.1,0.4,-1.6,-0.8,-0.4,-5.4,-2.0,-1.6,1.3,-2.4,1.3,-1.9,-0.5,-0.8,-2.6,-6.2,-3.4,-6.0,8.5,-3.7,-0.1,1.0,-3.2,-2.0,-2.5,-3.0,-2.2,-1.4,-1.6,-2.7,-1.9,-0.2,-3.6,-3.2,-5.2,-3.2,-4.4,-5.1,-2.6,-4.1,-6.0,-3.4,-1.7,-3.2,-3.8,-4.6,-3.9,-3.4,-3.0,-2.9,-4.8
2C7L51GOrz,0,48.107975,11.631481,4442545.4,2778499.28,543.6,589.3,285,7427,4.2,0.69,0.45,32.67,348.97,-0.53,-0.103,0.842,-0.8,0.2,0.67,0.32,0.9,0.3,-0.3,-4.2,-2.7,-7.0,1.9,-0.1,5.7,0.1,-1.3,-0.8,2.9,-6.5,-7.0,-4.3,-1.5,-2.7,-2.8,-4.8,-2.5,-4.7,-2.2,-6.0,-0.2,-3.7,6.9,-0.1,-2.5,3.3,0.4,-4.0,-4.0,-4.6,-1.5,-9.0,-4.1,-9.2,-1.1,0.5,-0.3,2.8,0.3,-7.5,-3.0,0.6,-3.6,-2.6,-4.2,-5.0,-3.2,-4.7,-4.0,-10.8,-1.8,-3.6,-2.5,-6.6,-0.3,0.5,-1.0,-0.2,2.9,-0.8,-5.6,-11.4,13.8,2.6,-7.3,12.9,-8.7,-11.6,-5.8,-6.0,-6.6,10.8,-7.8,-7.7,-3.9,-3.4,-8.1,-2.8,-9.4,-7.2,-6.5,-3.6,-9.7,-7.6,-10.7,-4.2,-5.9,-11.3,-8.3,-8.1,-7.1,-7.6,-7.2,-5.9,-7.0,-3.4,0.3,-3.8,-3.6,-3.6,-3.8,-5.2,-1.9,-1.5,-4.4,-2.9,-5.1,1.7,8.2,-8.9,-6.9,-6.4,-8.6,-8.3,-4.7,-8.5,-7.4,-9.8,-8.0,-7.9,-6.6,-3.8,-8.0,-10.6,-5.3,-7.9,-9.8,-9.1,-8.8,-3.5,4.6,4.0,-4.3,-6.1,-6.0,-3.8,-5.3,1.5,-4.4,-6.6,-10.0,-10.2,-6.7,-4.1,-3.6,-2.7,-5.1,-3.6,-2.9,-5.0,-1.4,-3.8,-3.8,-1.2,-8.3,-4.4,-10.0,-5.7,-3.2,-5.0,-8.8,-6.2,-8.5,-11.5,-6.3,-2.6,-3.5,-7.7,-3.5,-5.8,-7.6,-9.9,-3.6,-3.5,9.2,-9.9,-4.1,-4.8,-7.7,-6.9,-5.3,-4.6,-2.4,-3.6,-1.4,-5.1,-6.9,-5.6,-8.9,-9.3,-12.2,-9.0,-14.7,-4.7,-7.7,8.6,-3.2,-8.3,-8.4,-15.0,-7.6,-8.2,-2.8,-6.6,-1.7,-5.2,-1.1
2C7L51GOtq,0,48.108828,11.638131,4443038.64,2778605.07,546.6,592.3,285,7542,1.8,0.91,0.32,32.7,348.97,-0.53,-0.103,0.842,0.2,0.1,-0.35,0.14,0.7,0.1,-0.3,0.2,0.4,-0.7,0.9,0.3,0.9,-1.1,-2.1,-0.9,1.5,0.3,1.5,-1.8,-0.3,-1.2,0.4,-1.0,-1.3,-3.3,-3.8,-4.7,-1.0,-2.8,1.2,0.7,1.6,-1.4,1.2,-0.1,-2.3,-1.8,-3.8,-2.7,-2.5,0.7,-0.2,0.1,0.2,0.5,-2.3,0.7,-0.2,-1.6,-0.8,0.6,-1.8,-0.9,-0.8,-1.0,1.3,1.1,-2.1,-1.1,-3.4,-2.6,-0.3,2.2,3.5,-2.6,0.2,1.7,-1.2,-1.2,-0.1,-2.6,-1.4,0.2,2.1,-1.0,-0.3,-0.7,0.3,0.4,0.6,-0.2,-1.3,-1.1,-3.1,1.8,-1.9,-2.3,-1.9,-2.6,-2.2,-2.1,-2.6,1.0,-0.2,0.0,2.2,-5.1,-1.5,2.3,-2.5,-0.9,3.5,-0.0,1.2,0.1,0.7,-0.1,-1.2,1.3,1.0,0.7,-0.1,1.2,0.6,0.0,1.4,1.7,1.1,0.7,0.4,0.3,0.7,3.1,0.1,1.4,2.5,3.7,1.2,0.8,-2.3,-2.7,-2.3,2.4,-0.8,-2.1,-0.2,2.1,0.8,1.8,0.4,-1.5,-2.4,-0.6,0.6,4.4,0.5,0.8,-0.6,-1.7,0.1,0.7,2.1,-2.1,1.6,2.4,1.4,3.8,1.8,1.2,2.3,1.7,2.3,1.2,2.8,0.8,1.2,-1.0,-5.9,-0.2,-6.1,1.1,3.3,1.2,6.2,0.6,2.1,4.6,0.5,1.2,-1.5,-1.1,-0.9,-1.3,0.4,6.4,-0.5,-1.2,-0.4,0.1,0.4,-0.8,-4.8,0.3,0.6,-1.5,-3.8,-2.9,2.1,-0.5,-0.8,1.5,-0.3,4.0,2.9,1.4,2.7,0.3,-1.7,-0.7,1.4,-1.4,-1.6,-2.2,-1.9
2C7L51GOpL,0,48.106782,11.622043,4441845.24,2778351.18,537.0,582.8,285,7263,3.8,0.7,0.44,32.6,348.93,-0.529,-0.103,0.842,0.4,0.2,-0.4,0.3,1.3,0.2,-0.3,2.2,-0.9,1.3,0.3,1.7,-2.4,-2.0,3.4,-4.9,-15.1,-2.1,-5.7,-6.4,0.6,-2.4,-1.7,-1.4,-1.2,-2.3,1.9,0.5,-1.8,-6.3,-0.8,-3.4,-1.9,-3.0,-6.0,-3.6,-8.7,-1.5,-9.1,-7.4,-3.5,-9.5,-3.4,-5.6,-2.3,-4.3,-5.4,-3.0,-0.2,8.7,-3.6,-4.9,-1.8,-5.0,0.3,-3.7,2.6,-0.8,-3.2,-4.4,-6.1,-2.0,-2.8,0.8,8.2,7.5,-2.1,0.9,-0.7,-4.2,7.5,-13.3,-8.9,-6.3,-5.5,-4.4,-10.3,-5.1,0.8,-4.4,-1.1,-1.0,-2.4,-4.0,-4.8,-3.9,-2.5,-1.3,-0.6,-2.3,0.5,0.3,-3.6,-8.5,-2.7,-5.7,-7.1,-5.9,-4.3,-2.7,-3.0,-5.0,-5.5,-4.6,-5.2,-4.6,-1.0,-2.1,-4.8,-5.8,-3.7,-4.6,-5.4,-3.7,-5.3,-1.7,-0.5,-4.3,-2.4,-1.2,-1.7,-0.9,-2.7,-1.4,-1.7,-2.3,-1.1,-1.1,-1.5,-3.2,-4.5,-14.9,-1.0,0.2,-3.0,-2.1,1.2,-1.9,-2.9,-3.1,-1.2,8.9,-12.5,-12.7,-1.0,-1.1,0.9,4.6,5.0,-2.0,5.5,2.4,2.3,8.4,-0.9,7.8,3.2,3.0,0.3,-2.2,-3.6,-1.7,0.3,-5.5,-1.1,-0.6,-1.2,8.8,3.0,-0.7,3.8,1.2,2.1,0.3,-0.5,-10.2,-3.6,-3.0,-5.1,-1.0,-2.1,-2.4,-2.4,-0.5,1.1,10.0,2.7,1.4,3.0,-2.5,-1.1,-2.4,-0.8,0.5,1.6,-5.6,-6.1,-2.7,0.8,-3.6,-1.3,-3.2,0.6,-10.1,-10.8,-5.9,-4.7,-3.3,-3.8,-3.1,-3.1,1.5,-2.4,-0.9,-4.0
2C7L51GOpQ,0,48.106819,11.622333,4441866.72,2778355.79,537.9,583.6,285,7268,3.0,0.76,0.44,32.6,348.93,-0.529,-0.103,0.842,-0.3,0.1,-0.46,0.23,2.4,0.2,-0.3,0.2,-0.8,2.0,-0.1,1.5,-0.8,0.9,-3.3,0.6,-6.3,0.4,-1.2,0.3,-1.9,-4.6,1.2,-16.1,-6.7,-1.9,-4.4,-1.0,-1.6,0.4,-3.6,-2.3,-7.7,2.3,-4.8,-3.6,-9.2,-0.5,-7.3,-13.3,-8.5,-6.5,-9.7,-8.4,-8.3,-3.9,-5.7,1.1,-0.3,0.5,-2.0,-1.3,-2.5,-1.5,-1.2,-1.2,-1.5,-1.2,1.5,0.6,-0.4,1.1,-0.9,3.2,2.5,-1.6,-3.2,-2.1,-1.6,1.4,-3.1,0.0,-2.5,-3.4,-2.5,-3.6,-1.9,-1.4,-2.5,-4.0,-1.7,-3.8,-1.1,-3.7,-0.0,-4.1,-4.6,-3.1,-9.6,-1.9,-4.0,-4.8,-11.0,-2.2,-7.8,-5.0,-10.2,-10.8,-1.4,-1.0,1.8,-2.3,-4.1,0.2,-7.0,-17.5,-0.3,0.6,3.4,4.6,-0.9,1.9,1.3,-1.2,1.8,-0.6,1.6,-1.6,-1.6,-1.4,-2.0,0.5,-0.3,2.5,-0.6,-4.8,-4.2,-0.2,4.8,-4.6,-3.7,-1.2,-3.8,1.3,-4.4,-5.9,-10.0,-7.9,-1.9,-7.8,-0.2,-6.1,-5.8,-1.7,0.6,-3.0,0.1,-4.1,-1.2,-4.5,-2.8,0.5,-0.1,-2.2,-2.3,-2.9,-1.4,1.3,0.0,-2.9,-2.8,-3.3,-1.7,-2.3,-3.0,-3.6,-1.3,-5.5,-4.1,-3.9,-3.4,-7.6,1.5,-4.1,-7.6,-4.9,-2.8,-4.2,-5.1,-3.9,-4.7,-3.5,-1.7,0.9,3.1,-1.9,-0.5,3.8,-1.3,-4.6,-3.0,-4.7,-2.4,-3.7,-3.3,-5.4,-5.0,-6.2,-6.3,-6.8,-7.6,-10.6,-1.7,-6.4,-7.6,-4.3,-6.3,-5.8,-5.4,-2.7,-0.2,-4.2,-3.3,-3.7,-3.9
2C7L51GOpy,0,48.10706,11.624208,4442005.81,2778385.63,534.5,580.2,285,7302,4.0,0.71,0.46,32.64,348.97,-0.529,-0.103,0.842,-2.0,0.2,-1.14,0.3,1.4,0.3,-0.3,0.1,1.0,0.2,1.5,-0.6,-1.5,-0.1,5.4,1.6,5.6,1.8,11.9,-0.7,1.4,-0.7,-0.7,-2.4,0.2,-1.2,-2.3,-1.5,18.4,-4.0,1.0,0.2,-1.4,7.0,-1.1,2.7,0.4,10.5,-5.3,-9.1,-7.8,-9.2,-6.3,-3.4,-4.8,2.3,-4.2,-3.0,-0.5,-2.8,2.7,-3.5,-0.5,-3.3,-1.1,0.5,-1.8,-1.6,-2.9,3.7,-2.4,-7.9,1.6,1.0,1.5,6.1,2.5,0.2,1.8,0.0,-2.5,-1.6,1.2,0.2,3.9,2.2,3.3,-5.9,1.9,4.8,4.1,2.4,5.7,3.0,8.1,2.9,0.6,3.3,-1.8,2.1,-0.9,1.2,-3.3,1.9,0.5,-0.5,-1.3,-1.5,-4.3,-7.3,-2.7,-2.8,-4.7,-2.6,-3.0,-1.5,-1.2,-2.1,-3.2,-2.1,-0.9,-2.5,-1.7,-0.3,-5.7,0.6,0.1,-0.4,-1.3,-2.6,-1.2,0.2,-5.5,-2.1,-4.0,-1.3,-3.5,16.5,-1.1,-3.0,-1.2,13.8,-5.0,0.2,-5.1,-4.7,3.4,5.9,4.9,-3.6,-1.3,-1.9,-9.3,-2.8,-4.6,2.4,-1.3,-4.3,-2.2,-4.6,-3.8,-8.9,-5.8,-2.8,-4.0,-4.9,-3.6,-3.5,-3.8,-6.0,-5.0,-3.9,-1.2,-3.0,2.4,8.6,-8.4,-6.5,-5.4,-3.2,2.0,-5.9,-3.1,-7.2,-6.1,-3.4,0.8,-8.6,-1.4,-4.5,-4.4,-5.7,-9.8,-5.9,-6.6,-6.9,-12.1,-7.1,-6.7,-6.0,-14.2,-9.2,-9.7,-10.8,-9.5,-9.9,-14.6,-8.1,-8.2,-7.2,4.2,-6.7,-7.0,-6.4,-13.3,-12.2,-9.4,-11.9,-15.6,-9.6,-8.9,-3.6,-12.3,-7.5,-10.7
2C7L51GOr4,0,48.107558,11.628088,4442293.62,2778447.36,534.5,580.2,285,7370,4.2,0.65,0.42,32.66,348.97,-0.53,-0.103,0.842,-1.1,0.2,-0.62,0.32,1.4,0.3,-0.3,2.9,0.1,-1.6,-1.8,-9.7,-6.3,-2.0,8.8,4.8,2.4,16.5,3.4,-1.1,2.3,-1.4,1.0,13.0,-1.8,-4.4,-8.0,9.5,-0.7,-1.0,-1.7,-0.9,1.6,-2.7,-5.3,-0.6,-1.8,-10.9,-6.0,-2.6,-8.1,-7.2,-2.8,-2.4,-5.7,-0.1,4.1,-6.2,-2.8,3.3,-1.8,-10.3,6.6,4.7,0.1,0.6,-1.4,-2.0,-1.7,2.5,-3.9,3.5,-0.5,-3.5,-3.9,-1.8,-0.2,-2.1,1.0,0.1,-2.1,-5.1,-1.9,-2.0,10.7,-4.3,0.3,7.5,-0.7,0.0,0.8,8.3,2.9,3.4,2.3,0.4,4.5,1.2,2.8,-1.6,2.4,-6.4,-5.2,-1.5,2.2,-5.0,0.8,2.6,-2.6,-5.7,-2.8,-5.8,6.9,1.0,-9.0,-0.9,-9.6,-1.0,0.6,-3.1,-1.0,-2.5,3.0,0.9,3.2,2.2,-0.8,-0.3,-0.8,1.0,-2.3,-1.8,-3.0,-5.6,-1.9,-0.8,0.8,-1.2,0.6,3.2,1.1,-0.8,-0.5,-1.0,1.4,-0.2,-2.9,-4.5,-1.4,-4.1,-2.9,-6.4,-6.6,-8.1,-13.1,0.5,5.6,0.3,-2.4,-1.1,-4.1,1.3,-0.7,-10.8,-5.7,-1.1,3.8,-1.7,-4.6,2.5,-2.5,0.4,-4.6,0.4,-3.7,-2.8,-4.3,-4.1,-5.8,-2.2,-7.4,-7.4,3.5,-1.7,-2.1,2.4,-7.1,0.7,9.6,2.9,-14.6,-11.5,-12.5,-1.7,-5.6,-6.1,-0.8,-5.0,-4.7,-4.7,-7.0,-3.7,-3.6,-4.9,-7.6,-4.5,-4.5,-7.3,-3.8,-6.1,-7.4,-7.1,-4.5,-13.6,-0.1,-8.4,-8.3,-7.3,-6.6,-8.7,-1.2,-7.2,-6.0,4.3,-8.2
2C7L51GOrT,0,48.107736,11.629471,4442396.2,2778469.36,533.8,579.5,285,7395,3.7,0.68,0.45,32.66,348.97,-0.53,-0.103,0.842,-0.8,0.2,-1.05,0.29,0.4,0.2,-0.3,2.1,3.8,2.3,-3.0,-7.4,4.7,-0.6,1.4,-0.4,1.7,0.5,0.0,-0.1,3.6,-0.7,-9.4,3.3,-3.8,-3.8,-0.5,-3.4,0.6,-1.6,-4.3,1.8,-0.1,3.3,1.8,-5.3,1.0,-10.2,-4.7,-11.4,-0.7,-6.0,-0.3,4.2,2.3,-6.1,1.3,-2.2,5.2,-5.8,-3.7,-1.7,0.6,-0.5,-0.6,-6.3,-1.4,-2.1,-4.5,-4.0,-1.0,-7.3,4.5,-3.0,-4.5,-6.2,0.2,-5.5,-0.7,-5.7,0.3,3.2,-4.6,-0.7,-2.2,-5.0,-9.3,-2.3,-3.1,-1.5,-7.8,-2.4,-2.4,-2.6,7.8,-1.5,-4.8,2.1,-2.2,-2.5,-2.0,-1.8,-1.9,-1.5,-2.4,1.8,-5.0,-1.5,-2.8,-3.3,-0.1,-4.2,3.4,-1.4,-0.3,-1.4,6.5,-0.3,-11.3,-1.1,-1.2,0.8,-1.2,5.0,2.6,2.8,-0.9,0.7,-3.7,-0.6,-2.8,-4.4,-8.1,-5.1,-1.9,-0.7,0.8,2.9,-2.7,0.4,-1.4,-0.6,-5.7,2.0,0.3,-2.7,-8.4,-0.5,-2.0,0.3,-0.2,-2.2,9.2,-5.5,-4.8,-1.1,5.4,2.1,-0.9,2.4,0.8,5.8,1.0,2.9,4.3,1.6,7.5,-6.4,0.3,-12.2,-0.6,0.1,-1.0,1.5,-1.7,-0.0,-7.2,-3.4,-5.4,0.7,4.9,-6.4,0.5,-5.1,2.1,-4.2,-1.7,-4.1,-8.2,-7.7,-6.1,-7.0,-6.6,-0.1,-2.0,1.3,1.9,-3.5,-3.7,-3.7,-4.8,-7.6,-6.9,-5.4,-4.7,-3.7,-4.5,-5.9,-8.2,-4.0,-3.1,-8.3,-1.6,-5.3,-5.3,-8.4,-6.9,-5.3,-8.7,-16.3,2.9,-10.1,-2.6,-6.9,-13.8
2C7L51GOtC,0,48.108557,11.635867,4442870.7,2778571.11,548.4,594.1,285,7502,3.7,0.71,0.43,32.69,348.97,-0.53,-0.103,0.842,-0.8,0.2,-0.76,0.29,0.6,0.2,-0.3,-10.6,-8.2,-4.7,-4.7,-5.1,-0.6,-4.8,13.8,-1.7,16.1,-10.7,9.2,-4.3,-4.1,-7.2,-2.6,4.5,5.5,3.2,3.3,1.7,0.4,2.3,2.1,3.3,-2.3,5.2,-2.8,-1.0,-1.5,6.0,1.2,-0.2,-2.0,7.5,1.2,-3.1,8.2,3.9,10.9,4.2,6.6,4.4,5.0,4.7,5.9,4.4,3.9,8.0,5.6,3.2,6.1,-0.0,2.8,3.0,-2.0,5.6,0.5,1.5,1.7,2.1,-0.7,3.4,0.8,3.9,4.3,0.9,1.7,3.7,3.1,2.9,3.2,0.8,2.9,2.7,1.8,2.7,2.6,1.0,-0.3,-0.1,0.8,0.7,0.3,-0.5,2.5,3.5,-2.1,0.2,-0.9,-3.9,2.4,3.3,-3.3,1.0,-1.3,-1.2,-1.3,1.9,0.1,-1.3,5.3,1.6,6.7,-7.0,4.4,2.8,1.8,4.0,1.9,4.7,3.2,0.9,2.8,3.5,2.1,-0.1,1.1,1.2,1.6,1.7,3.4,-1.6,4.2,-1.0,0.4,8.2,2.9,-0.6,-2.5,4.3,0.6,1.0,3.8,-3.2,0.5,-2.6,0.9,5.7,2.5,3.4,1.9,-3.7,3.1,-1.8,-2.3,0.8,-3.2,-6.8,5.7,4.8,2.7,8.4,3.8,3.4,4.2,1.4,0.5,-2.3,-3.0,-3.1,-9.5,-4.9,-3.6,-3.1,-0.4,4.2,4.5,-0.5,-2.7,0.5,-1.5,-2.8,0.7,1.0,-1.8,-1.7,-1.0,1.8,3.5,-2.3,-1.0,-4.3,0.4,-1.6,-7.2,-2.5,-9.1,-1.4,-4.9,-2.0,-2.6,2.7,-2.8,2.1,7.1,1.2,-3.2,-2.6,-0.4,-0.0,-5.2,-2.2,2.9,-1.7,-2.3,-3.7,-5.1
2C7L51GOti,0,48.108765,11.637494,4442991.37,2778597.02,537.8,583.4,285,7534,2.4,0.84,0.37,32.7,348.97,-0.53,-0.103,0.842,0.2,0.1,-1.02,0.18,0.9,0.2,-0.3,-3.0,-2.9,-0.1,-0.9,0.5,-0.7,-0.3,2.0,0.6,-0.5,1.4,1.2,-0.1,0.6,1.1,0.2,0.8,0.8,0.3,-2.9,-0.6,-1.4,-1.6,-1.5,-1.4,-1.7,-1.2,0.1,-3.4,-4.1,-3.4,-5.9,-3.8,-3.4,0.2,-0.4,-2.5,0.9,-0.7,1.0,0.3,1.3,-1.4,-2.0,-4.3,-1.2,0.4,3.0,1.9,1.6,5.5,2.0,1.1,-0.3,-1.1,-0.7,-5.3,2.5,2.4,-0.9,-1.1,0.2,0.4,-4.5,-5.0,-9.4,0.4,2.1,3.6,-3.3,-3.9,0.9,-10.5,-1.7,-1.1,-0.1,-0.2,-0.3,-1.7,-2.6,-2.0,-3.4,-1.5,-0.2,2.1,-2.3,0.8,-2.8,-1.0,-0.7,0.6,0.4,-1.4,-4.0,-1.5,2.6,1.1,2.2,3.0,-2.0,3.5,-0.7,2.2,0.7,0.8,1.4,2.3,1.6,3.3,3.5,2.7,3.4,1.8,2.7,0.4,1.0,5.5,2.6,3.2,2.3,3.0,2.7,5.1,4.8,2.6,0.2,0.3,1.0,-0.1,-1.0,1.6,0.8,2.5,0.9,3.0,3.0,4.0,2.1,0.9,3.9,-0.9,-1.0,1.9,0.3,2.0,2.1,-3.0,4.7,4.1,4.2,-2.2,5.7,3.6,3.6,4.8,3.2,5.1,5.3,0.7,0.1,0.5,-6.2,-1.0,-1.5,-2.2,2.0,0.8,3.6,1.1,-1.3,0.3,0.1,-1.0,-0.6,1.1,-3.3,-1.1,1.3,10.2,2.4,1.9,1.6,-0.4,-0.9,-1.4,-3.2,-1.0,-1.2,-1.5,-2.2,-0.8,-0.1,-1.0,-2.1,0.4,-1.6,-0.4,-6.1,0.0,-0.9,-2.3,-1.7,-3.5,-2.3,-2.1,-0.3,0.2,0.0
2C7L51GOtk,0,48.108779,11.6376,4442999.21,2778598.7,537.4,583.0,285,7536,2.5,0.72,0.42,32.7,348.97,-0.53,-0.103,0.842,-0.9,0.1,0.23,0.19,3.6,0.2,-0.3,0.5,1.5,1.9,-1.3,0.4,2.6,4.9,0.1,-2.1,-2.4,2.7,-0.2,1.0,-0.2,2.8,2.1,2.3,4.2,2.3,4.6,5.3,5.9,5.3,5.7,6.3,6.8,6.1,5.7,6.8,5.4,1.1,1.7,5.9,3.8,6.5,5.8,6.2,5.3,8.2,5.4,5.5,5.9,5.6,6.7,6.2,6.9,3.0,4.9,6.9,1.6,0.2,-4.2,0.0,0.5,0.6,-0.9,-1.7,-1.3,1.9,0.7,-1.8,-0.6,-9.3,-1.3,2.5,-3.8,-2.9,1.2,-0.5,-1.2,0.0,7.3,-3.2,-1.4,0.5,0.8,3.6,2.3,0.1,-1.5,5.2,2.0,2.8,3.2,3.0,5.0,7.0,6.7,4.7,8.9,5.7,3.6,0.0,3.7,3.5,8.4,2.6,6.5,6.5,5.7,5.1,6.9,6.1,4.8,5.3,3.6,4.4,4.4,6.0,4.8,0.7,-2.0,-2.7,-3.3,-2.5,-9.3,0.1,-0.9,-0.6,-2.7,-0.5,-0.5,-3.3,4.4,4.7,4.8,0.9,3.5,1.2,1.6,5.5,4.8,2.2,5.1,5.9,0.7,3.4,3.4,6.4,6.9,2.2,-5.2,-1.6,-3.6,-1.9,-2.6,-10.0,-1.9,-3.1,-4.8,-2.6,-2.4,-2.6,-0.5,-0.2,-0.0,0.2,-0.4,-1.0,2.8,1.9,-4.5,-1.1,0.1,-0.9,2.4,4.3,6.3,2.5,3.1,4.3,-0.7,0.8,0.3,-1.9,-3.5,-0.6,-1.2,-11.9,0.8,-4.5,-7.2,-2.0,-2.7,-2.9,-2.0,-2.9,6.2,1.4,1.7,0.5,2.1,4.1,1.8,5.5,4.8,4.6,3.6,1.8,2.7,1.6,1.2,-3.2,-1.6,-7.2,-3.1,-5.0,-1.2
2C7L51GOtl,0,48.10878,11.637611,4443000.02,2778598.88,535.1,580.8,285,7537,2.1,0.9,0.31,32.7,348.97,-0.53,-0.103,0.842,-0.6,0.1,0.05,0.16,0.3,0.1,-0.3,-0.3,-0.6,0.9,1.7,1.1,-1.5,-0.3,0.8,-0.5,0.6,2.5,-1.3,0.9,-0.5,0.9,1.4,0.2,0.9,0.5,0.5,-1.2,1.1,0.8,2.4,0.8,2.1,1.6,5.7,-1.4,-1.9,-7.1,-1.2,-2.0,-0.8,3.0,2.7,1.0,1.0,1.4,0.8,3.2,1.1,3.2,-1.4,1.4,-1.8,-2.0,0.1,1.9,0.7,1.0,0.8,0.9,-1.2,1.3,-1.6,1.9,1.5,1.7,1.0,-1.0,-1.0,-4.9,-1.4,0.6,-2.0,-1.0,-4.2,-0.8,-1.4,-0.4,1.7,-0.1,1.7,1.5,0.8,0.5,0.3,-1.7,-1.5,-4.8,-1.8,-1.9,5.3,-1.0,0.8,-2.7,0.0,-2.3,1.4,1.1,-1.5,-2.7,-4.7,-0.3,3.3,-0.4,1.2,0.1,-2.0,-3.9,-1.8,-0.8,-1.6,0.1,0.3,0.9,-1.1,0.7,-0.5,0.2,0.2,0.1,-0.6,0.3,-2.9,1.4,0.4,1.1,-0.1,0.6,-1.4,2.3,1.0,-1.8,3.1,0.5,2.1,-1.5,3.4,2.8,-1.1,-0.9,1.4,-2.4,-2.5,0.5,-0.4,1.1,0.0,-3.5,-4.7,-1.9,-0.3,-0.5,-1.5,-6.0,-0.5,-0.5,-1.0,-0.8,-1.3,-2.6,-2.1,-0.2,-0.1,-0.1,-2.6,0.1,0.8,-3.3,-7.6,-5.4,-4.7,-3.7,-0.6,-1.1,0.4,-0.5,-1.5,-2.0,-3.7,-1.7,-3.1,-1.9,-3.5,-5.7,-2.2,-10.4,-1.3,-1.1,-3.2,-4.5,-3.2,-3.2,-2.6,-1.7,-1.4,-0.9,-4.2,-1.6,-3.6,-0.1,1.6,3.9,0.5,0.1,-2.2,2.5,2.5,-3.6,-3.4,-1.4,-3.3,-5.6,-2.3,-3.1,-3.2
2C7L51GOpW,0,48.106882,11.62268,4441892.41,2778363.37,539.0,584.7,285,7274,2.5,0.74,0.38,32.6,348.93,-0.529,-0.103,0.842,-0.4,0.1,0.15,0.19,3.4,0.2,-0.3,-1.4,0.3,-1.3,1.5,1.7,-2.4,-2.5,-1.6,-1.2,-7.5,1.9,-2.6,-1.4,0.4,-1.4,-3.8,-6.5,-6.3,-5.4,-3.4,-4.1,-5.6,-5.3,-4.1,-5.0,-3.0,-3.5,-3.9,-4.7,-9.9,-3.0,-8.7,-13.0,-10.1,-6.6,-11.7,-7.6,-0.6,-8.3,-3.3,-1.4,-3.4,-3.6,-4.1,-4.7,-2.9,-5.0,-0.5,2.3,3.2,1.3,0.9,0.5,-0.1,3.1,2.8,-1.1,0.8,0.6,0.3,1.8,0.7,0.7,-2.2,-0.6,-3.0,-0.9,0.5,-5.4,-2.4,-2.9,-3.6,-0.1,-2.3,-6.9,-3.7,-4.4,-2.8,-5.0,-6.3,-5.6,-7.2,-2.7,-6.9,-5.0,-5.9,-6.2,-11.1,-12.7,-8.4,-5.1,-8.2,-5.8,-9.0,-7.6,-6.5,-5.8,-9.0,-10.4,-0.7,-2.7,-7.5,-4.1,-3.9,-8.7,-2.0,-4.2,-1.9,-8.1,-3.7,-3.5,-2.1,-1.7,-1.5,-0.4,-1.5,-1.6,-0.9,-4.1,0.4,-0.8,-2.2,-2.9,-0.5,-4.3,-1.4,-2.9,-3.8,-2.0,-5.8,-8.4,-4.2,-8.1,-3.8,-6.5,-7.6,-4.0,-4.3,-3.0,-2.8,-4.3,-4.1,-2.2,-1.1,-4.7,-1.5,-0.4,-0.5,-2.9,-1.6,0.4,0.2,-1.8,-2.0,-2.9,-6.2,-5.4,-6.2,-9.8,-6.5,-11.2,-11.6,-5.8,-6.9,-11.1,-0.9,-9.6,-16.1,-5.4,-1.8,-6.9,-9.3,-6.7,-5.6,-1.5,-4.5,-3.3,-0.7,-7.1,-2.3,-2.5,-0.8,-2.2,-4.5,-2.8,-4.8,-1.8,-3.8,-7.0,-9.9,-6.1,-5.9,-15.0,0.9,-8.4,-10.7,-7.6,-0.4,-9.2,-6.9,-4.8,-2.8,-3.0,-1.6,-0.7,-0.2,-2.4,-1.1
2C7L51GOpx,0,48.107085,11.624262,4442009.79,2778388.54,540.2,585.9,285,7301,3.7,0.74,0.43,32.64,348.97,-0.529,-0.103,0.842,-0.6,0.2,-0.13,0.28,0.8,0.2,-0.3,0.4,5.8,-1.4,3.0,-0.0,0.8,0.4,-0.9,1.1,-8.0,2.9,1.1,1.1,2.1,2.3,5.0,0.2,7.7,3.6,1.5,3.7,1.7,-1.4,4.8,11.3,3.5,5.8,0.9,3.3,-0.5,10.8,-2.9,-6.0,-1.5,-2.7,-4.4,2.0,2.4,0.3,-1.0,-0.3,1.0,1.1,2.5,-0.1,2.1,1.4,-2.2,2.2,0.7,4.1,6.3,4.2,3.1,7.8,6.7,0.1,1.8,-1.9,0.0,-1.1,1.1,2.0,0.8,-1.5,1.2,4.6,-1.5,1.0,1.5,3.4,2.9,-2.0,1.8,3.1,5.5,3.3,7.1,2.8,3.8,6.2,3.3,5.0,3.3,1.7,1.8,2.5,3.2,1.6,4.5,2.0,-0.1,-2.9,-0.6,-0.6,1.7,0.2,4.2,3.3,4.5,2.2,5.6,8.3,2.8,2.4,2.9,2.0,2.8,2.3,-1.7,0.5,0.9,-0.7,-0.4,2.0,0.2,-2.5,0.9,3.7,2.6,-6.9,5.4,-5.5,3.2,0.6,1.4,-0.3,3.4,2.1,0.9,-0.8,-9.1,0.2,-3.2,5.3,14.1,4.3,-2.2,4.3,13.0,-5.3,-2.1,0.9,1.4,-2.3,-1.4,-0.6,-0.5,-0.3,-3.1,-2.3,-0.9,-0.7,-3.0,-3.5,4.4,3.8,-0.4,0.2,-0.7,4.1,4.0,-4.6,-8.5,0.2,1.2,1.3,0.5,0.3,2.5,4.5,-1.0,5.9,-4.3,1.0,-14.1,-3.3,-1.5,-11.8,-6.0,-4.5,-3.6,-5.8,13.2,-3.8,-2.8,10.9,0.4,-1.1,-0.9,-0.3,-1.9,-3.6,0.9,-0.7,3.3,-2.1,-1.4,5.8,2.1,-2.1,1.5,-3.2,-3.6,1.1,1.2,0.6,0.4
2C7L51GOqE,0,48.107201,11.625167,4442076.95,2778402.95,538.0,583.7,285,7318,3.3,0.77,0.42,32.64,348.97,-0.529,-0.103,0.842,-0.1,0.2,-0.49,0.25,1.0,0.2,-0.3,-0.6,-6.3,-0.7,-1.0,-1.4,0.9,0.5,1.8,1.2,-0.1,2.6,0.6,1.7,-2.8,-2.2,-2.0,-2.9,-0.3,-4.4,1.3,-3.7,0.9,-2.1,-3.3,2.7,1.0,-8.1,2.4,1.0,4.7,-15.8,-5.4,-7.0,-9.7,-4.5,-2.5,4.6,-0.8,7.4,3.8,0.9,2.1,6.7,3.3,1.2,0.1,-0.8,3.0,-0.3,1.4,-0.4,2.3,3.2,0.6,-0.1,-4.6,0.4,0.5,0.5,-0.2,1.6,-1.0,-3.8,1.9,1.1,-5.3,-1.1,2.0,-5.4,-0.2,-3.8,-4.5,-3.3,-2.2,-5.3,5.9,-14.8,4.7,-2.0,0.8,1.4,2.2,1.1,-5.9,0.9,-1.7,1.4,2.3,-4.6,0.9,1.9,-0.9,-4.0,-0.7,2.7,1.7,2.6,-5.8,-0.0,5.5,2.1,1.1,1.0,-1.9,0.8,0.4,2.2,6.4,0.9,-1.8,-2.8,1.3,0.5,1.6,1.9,1.0,-0.7,-0.3,-0.4,0.7,-0.1,-0.9,1.1,-1.5,-0.2,-1.7,1.8,2.1,1.3,-2.8,-4.8,1.9,-0.2,-0.5,-6.7,-3.1,-10.3,1.6,-0.2,3.0,-1.2,2.1,1.7,2.2,2.5,3.3,-0.4,1.0,1.7,5.7,-0.8,3.6,1.9,-1.3,-0.8,0.4,-0.2,-4.0,-2.2,-1.5,-0.5,6.0,-1.2,-2.8,-6.0,2.2,4.0,7.0,4.1,3.0,6.7,-3.1,-3.5,-2.1,-2.5,-5.4,0.9,-0.5,0.3,0.3,-3.4,-0.2,-3.0,2.5,3.8,0.6,-2.4,-1.9,-4.6,-4.0,2.6,-2.3,5.3,-2.8,-1.1,-2.5,-5.5,-3.5,-2.3,3.9,-0.6,-3.7,-0.8,-2.5,-0.6,-2.2,-0.6,-3.6
2C7L51GOql,0,48.107434,11.626981,4442211.46,2778431.81,533.9,579.6,285,7351,1.8,0.91,0.26,32.65,348.97,-0.53,-0.103,0.842,-0.7,0.1,-0.49,0.14,1.2,0.1,-0.3,0.8,-0.4,0.6,0.2,0.2,-1.4,-0.1,-0.7,1.1,0.0,0.7,1.1,-0.2,0.1,-0.3,-0.1,-1.2,-0.3,-0.6,-0.9,-2.8,-0.1,-2.6,-2.3,-0.2,-0.5,-0.5,0.0,-2.6,-4.1,-14.0,-4.2,-6.0,-4.9,-4.8,-3.0,-1.3,-3.2,1.2,-1.6,0.1,-1.3,-0.3,-1.5,-1.6,-2.9,-1.0,-2.7,-2.9,-1.4,-2.0,-0.2,0.1,0.4,-0.1,0.2,1.3,1.3,0.2,0.5,0.7,0.5,-0.5,-1.0,4.5,-0.4,-0.4,2.7,-1.7,-0.1,-0.6,-0.3,-2.2,-1.9,-1.2,-0.6,-0.9,-0.5,-2.3,-2.4,-2.7,-1.1,-1.8,-3.8,-3.0,-2.1,-0.1,-2.0,-2.4,-2.7,-0.8,-3.4,-4.5,-3.3,-1.4,2.2,-1.9,-1.5,-3.1,-1.3,-1.5,-1.8,-2.1,0.9,-1.3,-1.3,-0.4,-1.3,-1.6,-3.1,-2.0,-0.9,-1.9,-2.2,-1.6,-2.1,-4.4,-2.4,-1.0,-0.9,-0.5,-1.5,-0.5,-1.9,-0.8,-1.8,-0.8,-0.2,-2.8,-4.5,-2.2,-2.1,-0.6,-3.4,-5.7,-5.2,-2.7,-6.1,0.7,0.5,-0.9,-3.9,-2.5,-2.0,-2.4,-1.9,7.9,-2.4,-0.6,-1.1,2.5,1.4,0.3,-1.3,-1.1,-3.4,-2.6,-2.2,-2.9,-2.3,-3.4,-3.6,-5.8,-2.7,-4.9,-2.7,-1.5,-0.7,-1.4,-3.5,-3.2,-4.1,-5.2,-3.4,-5.5,-11.1,-4.7,-2.8,-1.7,-4.9,-3.0,-3.1,-3.2,-4.2,-3.1,-3.9,-2.7,-4.0,-1.4,-5.5,-4.5,-4.5,-6.0,-6.7,-6.4,-4.9,-5.9,-5.5,-4.5,-3.2,-3.9,-5.0,-5.0,-4.0,-4.1,-5.6,-5.0,-5.3
2C7L51GOqm,0,48.107444,11.627059,4442217.26,2778433.05,534.9,580.6,285,7352,2.3,0.87,0.37,32.65,348.97,-0.53,-0.103,0.842,-1.0,0.1,-0.41,0.18,0.8,0.2,-0.3,0.5,-1.2,0.6,0.6,-0.7,-0.8,-0.3,-0.8,0.4,0.1,-0.2,1.2,-1.0,0.2,0.7,0.8,-0.7,0.1,1.0,-0.7,-2.5,-2.4,-2.7,-4.7,0.6,-1.9,0.7,1.2,-3.1,-4.0,11.5,-7.0,-7.7,-5.8,-5.6,-7.3,-2.9,-3.2,0.9,-3.4,-0.4,-1.5,2.0,-3.7,-2.3,-3.4,-1.7,-2.5,-3.3,-2.5,-3.2,-0.9,-0.2,-0.9,-1.2,-0.2,1.4,-0.0,-1.6,-1.8,-1.3,0.4,0.7,-0.8,-0.4,-1.3,-1.9,2.9,-1.2,-0.6,-0.5,-0.2,-1.3,-0.5,-0.5,-0.9,-0.0,-0.0,-2.6,-3.1,-3.9,-1.6,-3.6,-3.6,-3.9,-3.7,-2.8,-3.1,-3.9,-0.9,-0.5,-2.6,-3.2,-4.9,-3.3,1.2,-4.1,-5.7,-2.5,0.7,-0.1,-3.2,-3.3,1.1,-1.8,-0.5,1.9,-0.6,-1.8,-5.5,-1.3,-0.8,-1.4,-0.8,-1.8,-4.6,-4.2,-3.6,1.2,-0.3,-4.4,-0.1,-1.0,-1.9,-1.1,-2.7,0.7,0.4,-2.7,-4.1,-1.8,-0.0,-0.7,-4.1,-5.6,-5.6,-5.3,-9.1,2.2,-0.6,-0.8,-7.8,-3.9,-7.2,-3.0,-1.1,3.1,-2.9,-0.2,-2.8,-1.3,2.2,-4.9,-5.0,-2.3,-4.7,-5.5,-5.0,-5.6,-5.5,-4.5,-5.1,-10.8,0.4,-3.9,-4.4,-2.9,-4.0,-0.5,-4.7,3.0,-5.1,-4.0,-4.7,-5.4,-5.0,-6.6,-3.4,-2.5,-4.7,-3.7,-2.9,-3.4,-4.7,-4.9,-6.2,-3.6,-3.4,-1.8,-2.1,-0.2,-6.2,-2.4,-7.1,-6.7,-7.9,-7.8,-8.7,-4.7,-3.6,-6.0,-8.0,-8.6,-6.8,-6.7,-5.3,-8.7,-8.1
2C7L51GOqv,0,48.107534,11.627761,4442269.37,2778444.21,543.5,589.2,285,7361,4.0,0.63,0.67,32.65,348.97,-0.53,-0.103,0.842,-1.6,0.2,-0.59,0.31,2.8,0.3,-0.3,3.8,-1.3,-0.6,0.4,1.6,-1.8,0.0,-0.8,2.1,-2.9,0.5,2.2,9.5,-5.1,-14.5,-9.5,-3.1,-3.7,-6.3,-7.4,-6.6,-9.1,-2.7,-5.2,-4.7,-4.4,-9.6,0.5,-2.0,-5.3,-13.1,-9.1,-9.6,-8.6,-10.0,-5.3,-4.2,-3.4,-4.1,-4.4,-5.1,-0.7,-4.6,-6.4,-8.5,-2.9,0.8,3.5,-0.1,-2.3,2.1,-7.4,-9.5,-6.7,-5.5,-8.2,3.7,-7.3,-8.7,11.1,0.7,1.7,10.9,4.3,1.4,-0.2,-1.2,5.5,-2.3,-4.0,0.5,-13.7,4.7,10.7,-8.4,-7.4,-6.4,-6.0,-7.0,-5.6,-10.1,-8.3,-4.5,-7.0,-3.9,-5.9,-6.4,-5.3,-7.0,-8.2,-6.9,-8.8,-9.0,-9.6,-8.1,-5.9,-4.1,-5.8,-5.4,-7.6,-6.8,-4.4,-4.0,-8.4,-5.0,-7.8,-6.6,-7.8,-7.4,-9.7,-10.4,-4.9,-12.0,-7.2,-3.9,2.0,-0.7,0.6,-0.7,-0.6,-1.4,-3.1,3.9,-3.5,-6.3,-5.8,-2.7,-6.2,-6.7,-7.4,-9.0,-8.2,0.6,-7.9,-8.6,-7.0,-6.9,-8.6,-3.8,-3.0,-3.1,-7.4,-10.6,-10.4,-15.8,6.0,-3.0,-2.8,-1.8,-3.6,0.9,-1.8,-0.3,-0.5,-15.2,-14.9,-12.8,-11.2,-7.3,-8.3,-8.0,-8.2,-7.6,-10.7,-10.2,-3.3,-9.5,-5.6,-7.2,-7.9,-9.5,-12.4,-3.7,-8.8,-8.7,-7.7,-5.0,-5.1,-10.3,-4.4,-7.3,0.1,-17.7,-14.5,-13.0,-9.8,-10.1,-8.2,-10.4,-12.8,-13.9,-11.2,-11.9,-12.6,-14.7,-11.9,-8.4,-10.1,-9.8,-9.0,-9.8,-12.6,-10.7,-10.7,-8.5,-12.2,-10.1,-13.0
2C7L51GOp5,0,48.106698,11.621104,4441775.48,2778340.36,538.4,584.1,285,7247,2.8,0.81,0.37,32.6,348.93,-0.529,-0.103,0.842,-1.2,0.1,-0.7,0.21,1.4,0.2,-0.3,-0.1,0.1,0.8,-1.2,0.3,-4.3,1.3,1.9,2.6,-10.1,0.1,2.1,6.2,2.7,-1.2,-5.7,-6.8,-1.4,-4.9,-3.5,-4.8,-0.8,-2.1,-4.6,2.0,0.4,1.1,-4.0,-3.1,-4.6,1.2,-6.2,-2.2,-6.3,-9.9,-3.3,2.3,-4.6,0.6,-2.9,-0.6,-4.0,1.6,1.7,-0.4,1.9,-4.8,-0.7,-1.3,-2.7,-0.7,0.4,3.3,0.1,1.8,-1.3,-1.1,-1.3,0.6,-1.9,-2.8,-3.4,0.3,-0.6,-2.9,-4.3,-4.2,-0.1,0.2,-0.2,-1.8,-0.5,-3.7,-3.7,-2.3,-0.9,-0.2,-2.2,-1.1,0.7,-5.9,-1.0,-2.1,-0.2,-0.8,8.5,1.1,-2.7,-3.3,-3.6,-5.1,0.7,-5.7,-4.5,-2.7,-1.6,-4.3,-5.5,-3.7,-2.5,0.2,-2.9,-2.6,0.5,-4.1,0.1,-1.5,-1.7,-0.3,-2.7,0.1,1.0,1.8,-0.5,0.7,-0.4,-1.8,-2.6,-1.5,0.2,-4.4,-3.8,-2.5,-4.2,-2.9,-0.8,-9.1,-3.3,-6.1,-4.3,-14.3,-0.0,-6.0,-2.3,-9.6,-0.8,-3.3,-4.1,-0.0,1.7,-4.0,-3.1,-3.0,0.5,-1.6,-1.5,1.0,-1.8,-4.1,-3.0,0.3,-0.7,-1.4,-0.4,1.0,-4.0,-4.4,-2.7,-6.5,-1.0,-0.8,-4.2,-4.2,-8.2,-2.7,-4.8,-7.0,-5.7,-5.0,-7.0,-4.8,-7.1,2.0,-9.2,-6.0,-5.1,-6.6,-4.1,-3.8,-3.5,-2.9,-3.5,-4.3,-3.2,-4.2,-8.0,-6.7,-7.2,-9.5,-9.4,-6.3,-7.0,-10.1,-10.6,-10.2,-9.7,-8.3,-10.7,-10.1,-16.9,-3.2,-2.2,-4.7,-3.6,-5.1,-5.8,-4.6,-6.0
2C7L51GOp6,0,48.10671,11.621196,4441782.25,2778341.81,538.8,584.5,285,7248,2.8,0.79,0.47,32.6,348.93,-0.529,-0.103,0.842,-1.3,0.1,0.26,0.21,2.0,0.2,-0.3,0.4,-3.1,-2.6,-1.4,-2.5,-0.5,-0.3,-0.5,-1.9,2.5,-0.5,-0.7,1.3,-1.7,2.9,0.4,3.2,3.2,2.5,1.8,6.4,7.9,2.7,1.5,3.6,3.9,-1.4,2.3,0.7,2.5,2.0,-2.2,3.4,1.4,4.4,-0.4,5.0,3.9,1.4,2.9,0.5,3.6,-1.2,2.7,0.8,-0.8,1.3,5.3,-2.5,1.7,-0.3,-1.1,0.4,-0.9,-0.7,-4.2,-0.7,-0.9,-0.7,-3.0,-1.7,-0.1,-0.5,-0.8,3.9,0.3,-2.4,-1.6,-2.7,-3.9,9.5,-5.4,-3.0,-0.1,1.6,0.2,0.5,1.0,1.4,3.2,0.0,-0.1,-0.3,-2.3,-3.8,1.5,-5.4,2.9,1.0,2.2,1.7,-3.6,-3.8,1.7,0.9,-2.1,-7.2,-1.0,1.3,-0.5,-0.7,-0.0,-3.0,-4.2,3.0,-3.0,-5.0,-4.2,-4.6,-3.8,-4.0,-5.4,-6.1,-4.6,-3.5,-0.3,-6.9,-6.7,-5.0,-6.7,1.3,-3.7,-3.6,-4.3,-2.5,-3.2,-2.5,0.9,0.2,-1.4,-2.2,1.1,2.0,-5.0,2.6,1.2,1.3,1.0,-1.4,-2.9,-0.5,-4.4,-4.0,-6.0,-5.7,-4.6,-4.4,-5.3,-4.6,-5.8,-3.1,-2.3,-3.9,-3.8,-2.5,-6.2,-3.4,-3.5,-0.6,-5.0,-4.2,-5.1,-4.9,-0.7,-3.0,4.3,1.3,5.3,3.6,0.7,-1.2,-1.7,-6.3,-10.6,-6.6,-6.6,-10.4,-6.1,-6.4,-4.5,-6.1,-5.5,-3.3,-5.2,-4.1,-1.5,-5.7,-3.9,-2.9,7.6,-18.0,-1.2,-1.8,-3.5,-6.6,-1.0,-3.1,-1.9,-0.4,-4.5,-6.2,-5.2,-4.8,-7.5,-7.7,-6.6,-8.3,-10.2
2C7L51GOpB,0,48.106742,11.621446,4441800.83,2778345.8,537.4,583.2,285,7253,2.7,0.79,0.41,32.6,348.93,-0.529,-0.103,0.842,-0.8,0.1,-0.83,0.21,1.4,0.2,-0.3,1.8,0.6,-0.9,1.0,3.4,-2.1,0.9,2.7,2.1,2.9,3.2,2.9,2.2,3.6,8.4,2.0,-0.2,1.4,-1.1,-7.4,5.4,6.9,3.0,3.6,1.8,9.7,5.0,1.4,0.7,-0.5,7.4,-0.7,-1.7,-0.3,5.3,2.4,5.0,-5.5,4.3,3.7,4.7,9.0,3.5,-0.7,-0.4,2.0,1.7,0.8,1.5,2.9,3.5,2.8,3.0,1.2,2.8,2.9,3.5,2.5,3.3,2.7,2.1,3.2,1.7,3.6,0.7,0.7,0.9,1.8,-0.7,0.9,-1.2,-0.8,1.3,0.7,4.5,5.2,5.7,4.9,-0.0,3.9,6.4,5.5,7.1,2.1,3.2,2.7,6.2,7.5,6.4,6.3,3.5,3.6,5.0,9.9,5.3,6.7,4.2,6.1,3.8,6.9,4.7,5.2,6.8,4.9,4.5,3.8,1.9,5.1,3.4,2.0,0.6,2.3,0.7,1.6,3.8,1.4,0.4,-0.2,3.2,1.7,-0.3,2.0,1.8,0.9,3.3,3.5,4.1,4.8,7.3,7.9,6.4,4.9,-1.7,-4.4,5.3,4.1,6.5,1.5,3.7,5.5,3.9,2.6,2.2,0.2,0.7,-2.0,0.7,-0.3,-1.2,0.9,-2.0,-2.0,-1.8,-4.1,-0.6,-1.3,-6.1,3.4,2.0,-2.1,-9.6,-3.5,4.1,-0.3,5.9,3.6,5.4,5.9,7.4,5.6,3.1,1.4,-3.6,-3.9,-2.5,-3.3,0.6,-1.9,-2.6,-2.1,-2.8,-0.0,1.0,0.4,4.0,1.8,0.5,3.0,4.2,0.9,2.4,0.1,-3.1,-0.9,-0.7,-3.2,-1.1,-0.1,-0.6,-1.0,-2.8,-2.3,-2.4,0.5,-3.1,0.0,-2.9,-3.6
2C7L51GOpR,0,48.106867,11.622421,4441873.19,2778361.31,539.9,585.6,285,7269,3.5,0.74,0.5,32.6,348.93,-0.529,-0.103,0.842,-0.7,0.2,-0.83,0.27,2.0,0.2,-0.3,-0.1,-0.4,0.8,0.5,0.3,-1.9,3.8,-4.0,0.8,-2.5,3.5,2.0,0.5,-0.2,3.6,0.2,-3.1,-0.2,-2.8,0.8,-3.1,-4.6,-3.6,-2.9,-1.7,-1.2,-0.4,-4.9,-1.5,-8.0,0.1,-6.1,-6.4,-9.9,-5.0,-8.7,-4.5,-3.4,-1.1,-4.0,2.1,-2.2,0.1,-4.7,-3.0,-3.8,-5.6,-1.8,0.4,-2.2,0.3,1.2,0.5,-0.8,-2.0,-2.3,-2.1,-0.1,-2.2,-2.9,-2.0,-0.9,-0.6,-0.7,0.1,-1.9,-0.1,-1.0,-2.1,4.5,-8.5,-0.1,10.8,-3.5,-4.5,-4.7,-3.1,-2.6,-2.4,-5.1,-3.0,-3.1,-4.0,-3.2,-7.8,-2.9,-0.6,-3.2,-5.2,-5.8,-4.5,-2.2,-0.9,-2.0,-3.9,-1.5,3.1,-3.9,-2.8,-0.9,-1.7,-1.2,-1.2,0.6,6.4,2.3,0.8,4.0,-2.5,-0.8,-4.8,-0.6,-3.0,-2.0,-1.9,-2.6,-2.4,5.8,14.1,-5.1,15.8,-7.1,4.4,-1.1,-0.5,-1.4,0.2,2.7,-1.4,-4.3,-5.5,0.3,-9.0,-3.9,-9.0,-4.1,-1.7,5.8,4.3,1.2,-2.1,-0.0,-0.9,1.6,1.8,3.0,-6.8,1.8,2.1,-0.5,0.5,-1.0,-3.2,-2.8,-4.0,-2.9,-2.3,-3.0,-4.4,0.1,-6.9,-8.3,-3.2,-5.9,-5.5,-2.7,-10.7,-10.7,-5.1,2.5,-6.8,-4.6,-4.7,-5.1,-4.7,-8.7,3.8,8.5,-9.1,-5.2,-6.2,-4.4,-3.0,-5.4,-6.1,-4.9,-4.5,0.3,-1.8,-5.5,-12.5,-3.1,-4.1,-10.8,-11.7,0.1,-2.2,-4.9,-4.2,-6.5,-9.3,-7.7,-6.2,-3.6,-5.4,-1.6,-1.6,-4.3
2C7L51GOqY,0,48.107348,11.626163,4442150.72,2778420.86,531.3,577.0,285,7338,4.1,0.67,0.47,32.65,348.97,-0.53,-0.103,0.842,-1.2,0.2,0.08,0.31,1.8,0.3,-0.3,-3.0,-2.9,1.1,0.1,-0.3,-1.0,0.9,-0.6,0.5,0.6,2.3,2.5,-0.6,0.9,1.6,1.0,13.0,-7.7,11.4,3.9,0.7,-2.2,3.5,5.8,8.8,4.0,6.7,2.5,-0.6,3.9,-9.8,0.5,3.9,1.3,-5.3,4.3,3.6,16.1,12.4,-0.9,3.8,6.5,4.1,3.4,0.0,1.6,3.1,-3.7,0.8,-1.7,-0.0,1.8,3.2,1.8,3.5,-2.3,-10.9,-2.7,-2.2,-3.5,-3.5,-4.4,-15.1,-0.3,0.8,-5.0,-4.0,5.8,5.8,1.2,-0.2,1.0,1.5,1.4,-4.6,-1.2,-8.9,6.5,0.3,0.3,-2.1,3.3,-2.9,1.5,1.3,4.1,2.7,5.9,-3.0,0.2,-0.4,1.0,0.4,3.7,0.7,4.0,4.0,3.7,2.7,9.0,-0.5,4.6,2.6,2.5,3.0,6.7,2.7,-0.9,1.4,-8.0,2.1,-1.0,3.6,1.8,1.3,1.0,3.6,-3.2,-12.6,3.8,3.8,-1.6,0.6,-3.1,-4.1,6.3,4.7,-5.5,-1.9,-5.6,-0.6,-0.4,2.5,3.9,-1.4,-1.6,-1.3,-9.4,1.5,0.4,1.4,0.5,0.8,-0.1,-5.2,-6.3,-9.9,-1.8,0.2,-0.7,2.7,7.3,-4.0,-0.7,1.0,-5.5,-7.0,-3.6,-4.1,-3.5,-6.6,0.9,-3.2,-2.8,3.5,-0.5,-1.6,-2.1,-3.8,1.1,3.8,1.1,-0.3,-3.5,-4.0,-4.9,-5.4,-4.1,-18.9,-7.5,-5.9,-4.6,-7.8,0.3,-6.7,-7.1,-3.4,3.2,-0.4,-8.5,-6.0,-10.1,-0.3,1.0,-0.5,-0.2,-0.6,0.3,-3.0,0.0,-1.2,-3.9,-2.1,-6.0,-0.2,-3.3,-0.9,-1.9
2C7L51GOr2,0,48.107592,11.628062,4442291.64,2778451.06,541.5,587.2,285,7368,4.6,0.47,0.43,32.66,348.97,-0.53,-0.103,0.842,-0.7,0.2,0.47,0.35,5.0,0.3,-0.3,1.1,-0.4,-1.8,-1.9,-1.9,-7.4,0.2,-1.6,2.3,-7.1,-0.5,-0.4,1.6,0.4,2.3,9.4,11.1,12.6,13.6,9.5,12.8,12.8,5.4,12.1,10.9,11.1,7.5,24.5,2.1,7.2,13.7,6.6,5.5,4.5,4.9,6.4,7.4,8.9,9.7,15.3,5.5,-0.7,5.9,11.2,7.1,3.7,-2.8,0.1,0.2,1.4,0.1,1.5,1.8,1.2,1.3,4.0,0.8,0.6,0.1,-0.7,-2.8,-3.1,-5.0,-3.6,-7.5,-5.6,-4.1,-1.7,-4.2,-0.3,-3.3,2.0,-4.5,-1.3,-3.3,2.2,-2.7,3.3,3.5,6.7,-1.0,6.8,4.4,2.6,2.0,6.8,6.3,12.2,9.6,8.0,7.0,1.7,22.4,1.5,4.2,9.0,1.2,6.8,8.2,7.8,2.2,5.7,4.7,4.6,8.2,3.9,7.6,3.7,6.5,6.4,5.1,2.8,-2.1,1.7,0.9,-4.4,-3.6,-4.3,-3.2,-2.0,-4.9,-3.7,-0.6,1.2,6.5,-5.2,-5.0,6.7,5.1,7.3,5.5,2.4,-1.8,16.2,12.4,19.7,12.1,9.2,9.4,6.3,-4.9,-7.1,2.0,4.4,-0.9,-2.2,6.2,-3.2,-2.7,1.4,-2.4,-3.9,3.0,0.9,2.4,-4.1,-1.2,-6.4,0.6,2.4,11.0,6.1,2.4,8.6,-3.9,1.0,0.2,-1.4,2.1,4.1,5.7,10.4,-8.0,-8.1,-7.1,10.0,-7.8,-3.3,0.5,-5.0,-2.2,-0.9,-0.2,-1.3,1.6,0.8,12.4,4.1,0.4,-1.8,2.2,2.2,7.3,4.4,1.4,1.6,9.6,2.2,18.5,0.6,-3.4,-2.0,0.2,1.5,3.7,-0.3,-2.0,0.8
2C7L51GOto,0,48.108881,11.638109,4443036.88,2778610.89,554.0,599.7,285,7540,3.9,0.69,0.46,32.7,348.97,-0.53,-0.103,0.842,-0.6,0.2,-0.51,0.3,0.4,0.3,-0.3,-3.7,-6.2,-2.3,0.2,-0.7,10.7,-0.8,-1.5,-0.2,8.1,-0.7,9.6,-5.3,-2.7,11.9,-2.3,6.3,3.1,-0.9,-3.0,5.0,1.4,-3.4,0.1,2.4,0.5,2.2,6.6,0.0,-2.8,-2.0,0.9,-4.8,-2.0,3.3,2.5,-4.3,7.1,-4.7,2.2,0.7,-3.7,-3.7,3.7,-2.7,-2.7,-4.3,-3.6,-0.2,-0.1,3.2,0.3,1.2,3.1,0.9,-0.6,3.2,7.1,-1.0,1.4,1.4,0.0,10.7,10.3,-7.5,3.5,0.4,16.5,-0.2,2.1,4.1,-3.8,3.6,-1.0,3.1,3.6,1.2,-1.8,-3.8,2.1,2.9,-2.8,1.0,-1.8,-1.0,3.3,12.1,5.7,4.1,2.3,0.4,-2.1,6.6,1.6,-0.3,6.1,1.2,6.8,5.1,6.2,3.9,4.9,-2.6,-2.6,5.4,-4.7,-0.5,0.2,5.0,-5.1,9.4,1.9,-0.7,-0.8,-1.9,-1.9,-0.1,-1.8,1.0,-0.8,-0.8,-0.8,3.1,-1.5,1.5,0.5,-6.1,-1.8,-5.0,-2.3,4.8,2.8,4.2,-1.3,5.2,4.8,3.6,1.3,6.8,-0.7,-6.2,0.3,-4.8,-3.0,-1.5,-2.1,-7.2,0.7,-1.5,-2.5,8.4,-5.3,-1.4,-1.5,-0.3,0.3,-4.2,1.4,1.2,-4.4,1.4,-4.7,-3.0,-0.7,-1.8,-6.2,1.3,8.5,4.1,2.8,2.2,1.1,-2.1,-3.4,2.3,1.1,-1.2,-2.5,11.2,-1.0,-0.1,-1.7,0.4,-1.2,-2.4,0.5,-1.3,-1.0,0.2,-5.7,-3.4,-0.8,-2.3,-0.6,0.6,-1.4,6.9,-1.1,-1.2,0.9,-4.7,-1.0,-1.2,-4.5,-8.3,-1.7,-6.1,-3.9
2C7L51Gfsv,0,48.107096,11.624056,4441994.37,2778389.37,542.0,587.7,286,7297,2.3,0.89,0.38,32.64,348.97,-0.529,-0.103,0.842,-0.4,0.1,0.47,0.17,0.7,0.2,-0.3,-1.4,-0.4,0.2,1.6,1.8,-2.3,-0.0,-1.2,0.9,0.1,1.0,-1.0,1.5,-2.8,0.6,0.8,-0.8,-1.4,-1.0,-1.7,-2.7,0.8,-2.1,0.8,0.1,0.5,-1.0,-0.2,0.4,-4.2,-17.4,-5.3,-5.9,-5.6,-3.1,-4.7,-3.0,-1.0,1.0,-1.3,1.1,1.0,1.7,-1.4,-2.2,-0.9,-0.2,-3.7,-2.2,0.4,-0.3,-0.2,0.9,1.5,1.0,-1.4,-0.9,1.2,1.5,0.1,-2.8,0.0,-3.2,-1.3,-3.0,-3.1,-1.6,-3.2,-3.7,-1.7,-3.7,0.5,-2.5,-0.6,-0.2,-0.3,-2.1,-3.1,-1.7,-0.3,-2.0,-3.1,-2.3,-4.4,-4.5,-4.5,-3.7,-1.9,-4.3,-4.2,-1.8,-2.1,-3.0,-2.2,-1.8,-3.4,-3.5,-2.3,0.5,-0.5,-5.6,0.0,-3.2,-1.9,-2.6,1.2,-1.2,-0.9,-0.6,-1.9,-3.6,-3.2,-3.4,-2.9,-2.4,-0.7,-2.9,-2.6,-2.2,-0.7,-0.6,-1.2,-1.3,-4.0,-2.5,-2.0,-2.2,-1.5,-2.1,1.6,-4.5,-1.6,-1.9,-3.1,-2.3,-1.8,-0.8,-6.2,-3.3,-1.3,0.3,-0.8,-0.6,-7.9,0.7,-2.4,-9.3,-3.0,-1.6,-1.8,-2.0,-3.3,-3.9,0.8,-12.9,-5.3,-5.1,-6.5,-4.4,-7.8,-3.2,-0.4,-4.7,-2.5,-6.7,0.0,-5.1,-6.4,-0.4,-1.3,-2.9,-4.0,-2.4,-2.2,-1.8,-3.6,-3.8,-2.0,-3.8,-3.7,-2.7,0.1,-0.1,-0.8,-0.2,1.3,-2.2,-0.2,-2.1,-8.6,-1.5,-2.8,-0.7,0.4,-5.8,-1.1,-2.7,-1.5,-4.1,-0.2,-3.4,-1.7,-2.1,-0.6,-1.6,-2.1,-3.6,-3.3
2C7L51Gfsw,0,48.10709,11.624011,4441991.03,2778388.67,537.1,582.8,286,7298,4.3,0.66,0.57,32.64,348.97,-0.529,-0.103,0.842,-0.6,0.2,-0.53,0.33,1.6,0.3,-0.3,-2.0,-1.8,-1.0,-0.4,-1.0,-3.7,-0.3,-4.5,-1.5,-5.1,-3.2,-4.3,-0.7,-0.1,-2.1,-1.5,-2.5,-1.1,-4.8,-5.6,-3.2,-1.9,1.8,-1.9,2.1,1.4,3.6,-10.8,-1.3,-3.0,-17.8,3.7,-9.2,-3.2,-6.3,-1.6,8.5,1.8,4.7,8.6,6.1,0.4,9.8,-0.2,-3.8,-1.4,0.8,4.9,5.7,3.8,1.5,-2.2,2.4,7.0,4.3,2.5,0.9,1.4,0.6,-1.2,-3.8,0.2,-0.9,-3.3,-4.0,-7.3,-3.6,-3.3,-5.3,-5.0,-7.8,1.1,-1.8,-2.6,-2.9,-1.3,-4.9,-2.0,1.5,0.0,-4.9,-4.8,-12.8,-16.2,-15.4,-5.1,-2.5,4.8,-4.1,-2.6,-1.0,-3.6,-5.2,-1.5,-1.4,-3.4,-4.2,-0.4,-2.5,2.3,11.0,-2.3,0.3,-1.2,0.8,1.0,-0.7,-1.4,0.4,-1.5,-1.8,-1.8,-5.3,-1.0,1.6,-0.1,-3.3,-2.8,-0.7,-0.4,2.6,-2.5,0.1,-4.7,-2.7,-1.7,2.3,-3.7,-11.1,3.3,-7.2,1.1,6.2,1.9,-4.1,-5.2,-2.8,-4.3,0.3,1.5,0.7,3.5,2.1,10.8,3.5,0.6,7.7,-3.1,-2.2,-1.8,-1.4,2.1,-1.1,-0.2,-16.9,-2.8,-11.6,8.0,-1.6,3.0,0.3,1.5,-5.7,-4.2,-4.7,0.1,-5.2,-6.8,-3.5,-3.1,-5.4,-7.1,-4.3,-5.6,-6.3,-10.0,-4.7,-1.9,0.2,0.1,0.1,-1.0,-2.2,-0.5,-0.5,-0.1,-4.6,-1.9,-1.2,-6.2,-0.9,7.8,-2.8,-1.2,-11.9,-9.3,1.3,-3.4,-4.0,-4.5,-6.8,-6.1,-6.1,-4.6,-5.5,-7.1,-5.8,-4.5
2C7L51Gftd,0,48.107385,11.626309,4442161.51,2778425.25,529.4,575.1,286,7341,4.0,0.67,0.41,32.65,348.97,-0.53,-0.103,0.842,0.2,0.2,-0.48,0.31,1.2,0.3,-0.3,-2.9,-1.7,1.9,4.2,1.3,-4.8,-2.3,-2.0,0.1,-11.4,1.2,1.2,1.9,5.6,4.0,2.4,3.2,0.2,1.8,10.1,1.3,4.5,5.6,0.6,3.1,5.7,6.9,-4.9,-0.9,0.7,-11.2,-2.4,-4.5,-0.0,0.9,2.2,8.2,0.8,4.4,-3.6,4.4,2.2,0.7,7.9,6.0,4.8,5.9,-0.1,1.7,1.8,-5.3,-0.0,0.5,0.0,1.7,-1.5,1.4,1.7,-0.0,0.3,0.5,2.1,-8.7,-0.7,7.7,-0.9,-1.3,0.2,-2.0,1.6,-0.8,2.7,2.2,1.4,1.8,2.3,-1.0,8.8,3.4,2.5,2.4,2.7,-1.0,-1.4,-3.1,2.9,2.9,2.3,0.6,3.9,-0.3,-1.9,3.6,-2.0,1.4,9.6,-3.4,5.9,2.8,1.9,-0.1,-4.4,5.2,8.6,6.6,8.6,7.5,2.9,4.8,2.4,2.4,1.7,2.4,4.4,3.2,-1.1,2.7,-4.6,-5.9,-0.9,-2.5,-0.2,0.9,2.8,2.2,1.7,5.7,5.4,2.8,0.4,-2.1,0.5,6.5,1.1,1.4,0.8,2.2,1.6,5.9,5.0,4.1,3.7,-7.3,7.7,0.4,5.1,13.1,13.6,-8.9,-4.9,1.2,-0.7,-0.7,0.9,6.2,6.6,5.0,5.7,2.2,2.0,3.8,3.1,8.9,-1.2,-1.8,3.0,2.9,1.7,4.4,7.4,3.9,3.6,-1.7,1.7,-0.3,0.1,5.5,10.2,1.6,-10.5,-6.5,-3.6,-4.6,0.9,2.0,4.3,1.8,3.6,6.5,1.0,-2.5,6.2,4.3,4.1,12.6,-5.9,7.0,1.9,-5.4,3.1,3.2,1.1,6.9,2.9,-1.5,3.5,-2.1,-8.8
2C7L51GfuL,0,48.107723,11.628936,4442356.44,2778467.05,535.6,581.3,286,7385,2.3,0.87,0.37,32.66,348.97,-0.53,-0.103,0.842,-0.8,0.1,0.02,0.18,0.9,0.1,-0.3,1.3,-3.5,-3.5,0.5,-3.7,4.7,-1.8,-0.1,-2.6,-3.5,-0.9,0.6,-2.1,-1.4,-0.0,-0.8,0.6,-3.6,-4.0,-3.8,-2.4,1.1,-3.1,0.5,0.6,1.2,0.1,-1.0,-5.3,-5.8,-10.5,-5.3,-4.4,-4.0,-6.0,-4.2,-0.8,2.0,1.7,-1.7,-1.1,-4.0,-0.3,-5.4,-2.3,-0.1,-5.2,-3.5,-2.3,-3.1,-1.2,-1.6,-3.3,-3.5,-2.8,-2.5,-2.9,-1.9,-1.2,0.4,-3.8,-1.5,-5.9,-1.6,4.1,-0.9,-2.9,1.7,-0.9,-4.0,-3.9,-2.5,-6.0,-3.3,-2.0,-2.2,-6.1,-5.3,-7.8,-3.1,-2.3,-2.3,-3.9,-4.3,-2.2,-5.8,1.3,-5.5,-4.0,-6.6,-4.6,-6.2,-7.6,-7.9,-7.0,0.5,-4.3,-5.0,-4.4,-4.3,-3.7,-3.0,-3.5,-2.5,-2.9,-5.0,-3.5,-3.2,-4.3,-5.8,-6.8,-5.4,-5.1,-4.5,-3.2,-2.5,-2.3,-2.2,-2.7,-1.9,-1.6,-1.8,-5.9,-2.7,-3.9,-3.6,-2.6,-3.1,-3.2,-6.6,-13.7,-6.4,-5.1,-5.2,2.7,-2.6,-4.3,-2.3,-0.7,-0.9,3.0,-2.6,-4.3,-2.7,-3.1,-2.4,-7.7,-2.7,-1.8,-6.5,-2.8,0.4,-5.2,-5.1,-3.1,-5.3,-4.5,-4.2,-5.2,-2.9,-4.3,-6.0,-4.6,-6.9,-9.2,-3.0,-4.7,-4.3,-3.5,-6.1,-5.0,-6.0,-6.5,-4.3,-3.0,-3.2,-3.5,-5.3,4.2,-5.2,-6.4,-7.0,-3.8,-6.0,-4.7,-6.1,-4.1,-5.1,-5.6,-5.8,-4.2,-7.0,-7.7,-7.5,-8.9,-7.5,-6.2,-4.1,-5.5,-8.5,-5.9,-8.4,-5.3,-6.6,-5.6,-5.3,-4.9,-7.4
2C7L51GfuT,0,48.10778,11.629382,4442389.48,2778474.13,535.8,581.5,286,7393,2.5,0.86,0.34,32.66,348.97,-0.53,-0.103,0.842,-0.4,0.1,-0.6,0.19,0.8,0.2,-0.3,-3.5,0.1,-2.0,-1.5,-1.4,0.5,-1.4,-0.0,0.5,1.5,1.0,-0.3,-2.6,1.9,-1.3,-1.9,-2.5,-8.2,3.2,-3.0,-0.6,6.1,0.5,-1.8,1.2,5.2,0.7,4.2,-1.6,0.1,-8.1,-2.5,-2.5,-0.5,-0.6,1.0,3.4,6.5,4.7,2.0,0.1,1.5,1.8,1.0,-0.4,0.6,1.1,-3.4,-2.1,2.6,0.2,0.4,1.1,3.2,2.5,3.0,-0.4,1.1,-0.1,1.3,0.2,3.5,2.7,1.5,-4.2,3.5,1.1,5.4,0.5,0.2,2.3,-1.0,0.1,-0.4,2.0,-1.0,-2.2,0.4,-1.0,-2.5,2.7,-1.2,1.4,-1.2,1.3,-2.2,-5.3,1.5,3.3,-3.4,0.7,-3.2,-2.3,-1.3,-2.5,2.3,1.9,1.3,1.5,1.2,-0.2,0.6,0.6,0.6,2.1,2.4,2.3,0.7,2.2,-0.5,1.7,1.6,2.4,0.7,4.0,-16.5,1.5,3.6,2.4,5.0,-0.8,3.1,2.2,-1.0,3.1,2.1,1.6,2.5,1.7,0.7,-2.5,0.4,-0.5,0.5,-1.0,-1.5,0.5,-5.7,-4.1,-1.8,2.1,-0.1,5.1,2.3,4.8,0.2,-1.5,2.8,-0.3,1.3,8.1,2.5,1.4,1.1,-0.0,0.5,2.2,-2.9,-0.3,-2.1,-4.7,-3.8,0.8,-0.1,-0.9,2.2,-0.8,-1.5,-3.2,-1.5,-0.0,-1.1,-2.8,-2.8,-0.8,-0.1,1.0,4.1,-2.2,-1.2,-1.2,-2.3,0.3,-1.8,-1.4,-2.6,-1.4,-0.4,-3.1,-3.7,-5.4,0.6,-3.1,-2.5,-1.7,-4.3,-3.4,-1.5,-0.6,-1.2,0.2,-1.7,-1.5,1.0,-0.5,-1.4,-0.8,-1.0
2C7L51GfvD,0,48.108132,11.632129,4442593.25,2778517.83,542.3,588.0,286,7439,4.5,0.57,0.64,32.67,348.97,-0.53,-0.103,0.842,-4.1,0.2,-2.43,0.35,3.3,0.3,-0.3,5.7,19.7,-1.5,-0.4,-3.6,-0.5,2.2,0.2,-2.6,-4.8,-4.2,3.1,-0.3,-3.9,-2.9,-5.4,-6.2,-3.7,-6.9,-7.0,-6.6,-4.7,3.3,-2.4,0.3,-2.8,-1.3,0.5,-4.7,-5.0,-6.3,-6.9,-5.2,-2.9,-1.6,-1.1,0.8,2.5,0.6,4.4,2.2,2.1,1.7,-2.0,1.4,-1.8,1.5,0.6,-2.1,1.1,-1.0,1.0,-0.4,0.7,-0.1,-1.8,-0.6,-0.9,-0.5,-0.5,-1.6,0.3,18.8,7.9,4.6,0.8,-2.6,-3.3,-1.5,-1.0,-0.3,-0.8,-0.7,1.5,-1.2,-1.1,-1.1,-1.3,-4.3,-3.4,-2.1,-2.0,-3.7,1.4,-10.5,-2.7,-2.2,-3.2,-3.8,-5.2,-4.9,-5.9,-0.4,-3.9,-6.6,-6.4,-1.1,-1.6,-4.5,-7.0,-6.1,16.1,-6.3,0.8,7.3,5.8,-3.5,-8.5,2.9,7.7,4.7,9.1,8.5,6.6,6.7,6.6,2.7,2.7,2.4,4.3,7.3,4.0,13.1,-4.9,7.5,-1.0,-9.6,-8.6,-9.1,-11.5,-6.0,-3.6,-4.5,1.3,-5.3,0.9,-2.9,-11.7,-0.2,-1.3,-4.7,-9.2,-10.0,-5.5,-4.8,-7.5,-3.0,0.3,-0.5,-0.3,8.5,8.4,-8.9,-12.3,-12.6,-15.1,-12.9,-14.7,-17.3,-15.6,-15.5,-23.5,-16.4,-16.1,-17.8,-15.9,-11.5,-12.6,-15.2,-11.9,-14.2,-16.7,-17.4,-14.0,-15.4,-14.9,-14.7,-15.0,-14.5,-17.7,-16.6,-16.0,-15.1,-15.4,-17.2,-17.2,-16.1,-17.7,-15.6,-17.3,-16.8,-15.2,-18.0,-14.5,-13.9,-16.1,-15.8,-15.7,-17.2,-15.3,-17.2,-17.2,-17.7,-15.7,-15.5,-16.3,-18.3,-17.1
2C7L51Gfwf,0,48.108796,11.637302,4442976.97,2778600.13,544.2,589.9,286,7529,4.4,0.6,0.54,32.7,348.97,-0.53,-0.103,0.842,-0.3,0.2,0.36,0.34,2.0,0.3,-0.3,-1.7,4.3,3.2,3.3,5.5,2.9,-3.7,1.0,-0.2,-6.8,-0.5,-0.8,0.2,3.9,2.2,4.4,-1.3,-0.0,0.0,-0.5,-1.5,-0.2,-3.6,1.0,1.2,-1.7,1.2,-4.5,-7.3,-3.9,-3.4,-9.4,-17.4,-4.2,-2.1,-2.4,-5.9,-0.0,-6.4,-0.9,-3.3,-4.4,-4.5,-4.2,-3.8,-9.3,-6.8,-4.6,-3.3,-7.8,-1.3,-5.7,-6.6,2.8,-3.0,-4.1,1.6,-0.6,-2.3,7.6,1.4,-3.8,-3.9,-6.4,7.4,-0.6,-5.0,-7.0,-0.1,0.5,1.9,2.2,-1.2,-0.2,-0.7,-4.8,-0.3,-1.1,-1.8,-5.1,-0.7,-1.6,-2.0,1.5,1.4,-12.6,-8.5,4.4,0.0,-11.3,-4.7,-2.0,-7.5,8.3,-0.7,1.0,-1.0,-7.8,-11.4,-14.2,-13.5,-14.3,-1.4,-3.4,-9.3,-4.7,1.2,1.5,-3.8,2.8,2.2,6.4,7.1,-2.9,5.5,1.0,-10.9,-6.8,0.5,-4.5,3.8,4.4,0.9,-0.7,-6.7,-3.3,3.7,-1.8,-7.2,-1.8,5.9,3.3,-3.1,-15.4,-18.2,6.0,-8.4,-5.1,-1.7,-2.7,-8.2,-8.6,-7.6,-2.8,-5.3,-2.0,-5.8,-1.1,-2.3,-3.5,-6.0,-1.6,-1.4,-2.7,-1.2,-0.2,-1.4,-5.0,-2.4,-2.1,-6.4,-13.0,-2.9,-1.6,-10.9,-3.3,-0.8,-1.9,-1.7,-1.2,-1.1,-5.8,-5.1,1.2,-0.8,-7.9,-12.5,-1.4,-6.2,-2.8,-2.0,0.6,0.4,-2.9,-6.6,-1.2,-11.5,7.8,-0.8,-2.6,-5.4,2.2,-4.4,-1.7,-1.5,-8.0,-4.5,-6.2,-6.8,-2.4,-5.8,5.9,-6.9,-1.8,0.5,-9.7,-0.3,-2.9
2C7L51Gfs6,0,48.106725,11.621027,4441769.65,2778343.25,537.9,583.6,286,7246,4.1,0.63,0.48,32.6,348.93,-0.529,-0.103,0.842,-1.4,0.2,-0.18,0.31,2.6,0.3,-0.3,-3.4,0.0,0.4,-3.1,-1.3,-6.5,-1.3,-1.1,-0.7,-9.5,0.8,7.1,1.4,3.3,7.8,6.5,-13.7,-2.3,-2.2,-12.8,-0.8,-6.3,-2.8,2.4,-1.5,-12.5,2.2,0.0,-1.8,-14.9,4.0,-7.1,-3.9,-15.1,-19.5,-4.8,-12.0,-12.1,-8.9,-13.1,-1.4,-2.6,-3.1,-0.4,-1.3,-0.9,-0.1,-4.7,1.1,-2.5,-2.0,0.0,-0.2,-0.8,-1.7,-1.4,0.6,-1.7,-0.1,-5.4,-2.1,-2.6,-1.6,-3.3,-7.4,-8.5,-5.0,-4.1,-4.5,-6.2,-6.4,-6.2,-7.4,-6.3,-6.3,-3.9,-4.1,-5.9,-3.6,-3.4,-5.6,-2.9,-4.3,-2.6,-3.9,-3.0,-3.4,-14.5,-14.9,-14.2,-15.2,1.1,-4.1,-10.5,-13.4,1.0,-3.2,-12.2,-10.4,0.6,-0.4,-0.7,-2.1,-1.5,-1.8,-2.7,-0.5,-2.5,-1.9,-1.9,-0.8,-0.5,-0.3,-1.5,-1.2,-0.5,-1.1,-0.9,-2.6,-1.3,-2.2,-1.3,-4.7,-7.0,-5.5,-2.7,-4.8,-2.4,-1.5,-12.3,-17.5,-2.6,-9.7,-5.0,-14.5,-12.3,-12.8,-11.2,-2.5,-0.2,-6.9,-5.0,-4.8,-6.0,-4.6,-5.1,-5.1,-6.5,-7.6,-6.4,-4.3,-4.6,-5.6,-8.5,-4.3,-6.3,-6.6,-5.7,-6.8,-4.9,-12.1,-13.7,-4.5,-12.0,-3.6,-5.5,-13.2,-12.7,-2.8,-4.0,-5.4,-9.0,-6.8,-7.2,-8.7,-4.3,-7.7,-8.4,-5.6,-6.2,-7.1,-7.9,-5.4,-6.1,-6.3,-11.9,-8.9,-13.5,-14.5,-13.5,-1.8,-4.4,-13.5,-13.8,-15.2,-14.6,-14.4,-15.4,-10.5,-7.7,-6.0,-3.9,-7.3,-6.2,-6.1,-8.2,-7.6,-7.1
2C7L51Gfs9,0,48.106753,11.621242,4441785.61,2778346.68,538.8,584.5,286,7249,1.5,0.94,0.26,32.6,348.93,-0.529,-0.103,0.842,-0.6,0.1,-0.23,0.11,0.5,0.1,-0.3,-1.1,-0.4,-0.9,-0.4,-0.3,-0.5,0.1,-0.3,-0.4,0.4,0.6,0.3,0.3,0.9,1.7,2.0,2.5,1.8,-0.5,0.3,2.1,6.4,0.9,0.2,0.5,1.5,1.8,0.8,0.6,-1.1,9.1,-2.7,-1.9,-1.3,-3.3,-0.1,1.1,1.7,2.4,2.9,1.1,2.1,0.9,1.2,0.8,-0.2,-0.5,-0.5,-1.2,0.3,0.5,0.1,0.3,0.3,-0.2,-1.6,0.1,-0.0,-0.7,-1.9,-0.3,-1.7,0.6,-0.0,3.6,1.4,-1.2,-0.7,0.6,-0.3,-1.0,-1.0,-0.3,-0.5,0.3,1.0,1.4,1.2,0.9,0.8,-0.6,1.1,-0.3,-1.0,-0.3,1.7,-1.2,0.9,-0.2,-0.2,0.0,0.4,-1.2,2.6,0.7,0.3,-1.2,0.9,-0.3,1.9,1.3,1.7,-0.6,-0.2,-0.3,0.4,-1.3,-1.0,-0.4,-0.8,-0.6,-1.4,-0.6,-1.2,-1.5,-0.2,-1.1,-0.4,-0.1,-1.3,2.0,-0.0,1.0,-1.6,0.8,0.5,2.5,2.1,0.8,-0.6,-2.6,3.0,0.2,-2.7,-0.3,0.5,1.5,1.2,-0.2,2.2,1.8,-0.1,0.1,-2.0,-2.8,-2.2,-1.2,-0.2,-0.1,-1.4,-0.9,-1.4,-1.5,-2.0,-0.2,-3.5,-2.1,-0.9,0.2,-2.5,-3.5,-3.0,-1.3,-1.1,-0.5,1.0,-1.7,0.0,3.2,-2.9,-1.0,-1.9,-5.8,-1.0,-3.3,-3.1,-2.1,-0.8,-3.0,-1.1,-1.3,-0.8,-2.0,-2.1,-1.5,-0.2,0.2,-0.4,-4.5,-0.0,-0.7,0.6,-3.0,-2.6,-6.8,-1.5,-0.9,-1.9,-2.6,-2.4,-2.2,-3.0,-3.2,-3.4,-3.3,-1.2,-4.0,-2.6
2C7L51Gfu0,0,48.107569,11.627592,4442256.65,2778447.73,529.3,575.0,286,7364,4.2,0.72,0.52,32.66,348.97,-0.53,-0.103,0.842,-1.3,0.2,-0.28,0.32,2.6,0.3,-0.3,0.5,-0.0,-1.2,-1.6,-2.8,-0.1,2.8,-3.6,1.8,1.8,1.3,0.7,0.8,1.2,1.9,3.2,0.3,2.4,11.2,2.8,3.3,5.3,3.5,3.4,20.8,2.6,5.2,1.8,3.7,0.3,19.5,18.0,2.0,2.9,1.0,2.8,8.6,2.3,7.6,3.0,3.6,1.9,3.3,7.3,5.1,4.6,0.7,2.2,7.3,5.2,4.5,5.0,5.8,4.8,3.4,1.9,2.6,2.4,2.5,1.8,3.3,3.5,1.0,1.7,1.1,0.3,1.8,5.0,-1.5,3.3,0.8,5.2,-0.5,2.5,3.4,2.1,2.5,5.2,3.7,8.0,3.8,5.4,3.3,3.2,2.6,2.1,5.5,6.7,22.8,4.6,4.2,1.5,-2.2,1.7,4.8,10.6,2.5,7.3,4.2,6.2,3.9,-1.5,-2.0,2.7,1.3,1.0,-1.0,-1.6,1.0,-4.2,-3.1,5.5,-0.5,1.4,11.8,1.1,3.1,-2.7,-0.7,-0.3,0.2,-1.7,-1.0,8.9,-1.9,5.6,1.2,3.2,0.6,0.8,2.9,7.1,2.4,6.3,5.1,6.6,3.5,4.9,10.9,25.1,-0.3,-4.8,-2.2,-4.7,-3.4,-2.9,-4.8,-3.7,-2.3,-1.0,-3.9,-5.5,-0.5,-3.6,-4.3,0.3,-5.7,-4.2,-2.7,-2.9,6.2,6.0,0.4,-0.0,3.8,2.3,0.2,1.1,1.2,0.6,-4.8,-8.5,17.5,-2.4,-5.0,-3.4,-2.0,-2.5,-3.8,-5.9,-5.8,-3.5,-6.2,2.0,-4.7,-5.5,-4.0,0.9,13.1,-1.7,0.0,-6.5,-1.2,0.3,-0.1,-0.0,0.6,0.7,-0.5,2.5,-1.4,-3.4,-2.6,1.2,1.0,-3.7,-6.4,-1.2
2C7L51GfuI,0,48.10771,11.628695,4442338.49,2778465.27,533.7,579.4,286,7382,2.9,0.79,0.4,32.66,348.97,-0.53,-0.103,0.842,-1.1,0.1,-0.84,0.22,1.1,0.2,-0.3,-1.1,1.3,1.0,0.7,-1.1,0.9,3.5,-0.2,-0.5,1.3,1.8,5.0,0.7,-0.1,-0.9,-3.0,-7.4,-4.2,1.6,-1.9,-3.1,-3.4,4.0,6.1,-0.1,2.0,5.1,-5.2,6.2,7.8,9.3,-0.9,-2.0,12.9,2.1,4.6,4.8,0.4,-3.4,0.2,3.7,1.5,-1.4,-0.9,-0.4,-0.6,-0.6,-0.1,0.4,-2.0,-3.1,-0.7,-2.6,1.9,0.6,0.3,1.5,-3.5,-1.4,-3.2,-2.7,1.9,0.4,-1.7,3.0,-3.0,-1.2,2.5,-2.7,-2.0,-1.6,-2.6,-2.2,-2.6,-1.1,0.4,0.0,0.6,1.4,1.0,0.4,2.3,1.4,-1.7,-1.7,-0.9,-0.2,0.2,2.5,-2.1,0.4,3.5,-4.5,-2.1,4.0,7.4,4.7,2.3,2.1,3.7,2.1,6.3,1.5,4.6,2.7,2.7,3.1,2.8,2.8,-0.3,-4.7,-7.8,1.0,0.4,2.5,-0.3,0.6,0.5,-0.1,0.3,-1.1,0.4,-0.1,0.3,1.9,1.3,0.7,1.7,1.2,3.8,0.3,-0.4,-0.8,-0.7,0.9,-1.2,-0.0,-2.9,4.6,4.4,-1.5,2.4,-0.9,4.3,-0.3,2.9,-4.1,0.3,-1.8,3.9,-4.8,-2.4,-2.8,-0.7,0.9,-4.5,-3.1,-5.2,-3.8,-0.9,3.0,1.5,-3.2,-2.9,-2.4,1.3,-7.9,3.9,2.6,0.3,-1.3,-3.9,-5.4,-3.9,-1.5,-7.6,-1.1,-1.9,-2.4,-5.2,-4.7,-8.0,-3.0,-1.4,-3.3,-2.4,-0.2,-12.1,-1.9,4.4,-4.4,-3.3,-10.4,-4.0,-3.8,-3.6,-0.8,-4.2,-6.3,-2.2,-8.0,-4.5,-3.6,-5.6,-3.9,-5.4,-6.0,-7.6
2C7L51GfwC,0,48.10863,11.635865,4442870.38,2778579.32,553.6,599.3,286,7500,4.0,0.7,0.5,32.69,348.97,-0.53,-0.103,0.842,-0.6,0.2,-0.21,0.3,0.7,0.3,-0.3,7.8,-16.2,8.4,5.5,5.4,7.1,7.0,0.7,-12.7,7.9,8.9,7.4,-8.5,-9.3,-0.6,-5.7,-7.5,-8.1,-6.5,-8.2,-10.3,-6.0,-3.9,-0.2,4.8,2.5,-1.2,5.5,-8.1,-4.0,7.3,-12.1,-1.3,-0.8,0.2,-2.5,2.8,7.1,-1.7,-0.0,0.4,-1.9,1.3,2.7,-2.6,-3.7,0.8,3.0,-5.0,-1.9,-3.6,-0.6,-2.0,-1.4,-3.2,-2.0,-0.6,-3.5,-3.0,-3.3,-5.9,-2.0,-1.1,-4.1,-3.3,0.6,-5.0,8.5,-4.0,-1.6,-1.7,-0.5,-1.3,-3.3,0.2,-1.1,-3.3,-1.8,-2.6,-4.4,-5.7,-1.5,-4.5,-4.2,-5.4,-5.0,-5.7,-4.1,-2.7,0.9,-1.1,-11.3,-4.8,-2.7,-2.9,0.5,0.9,0.6,-0.6,-2.1,-2.2,-1.4,-2.9,-0.6,-0.0,-1.9,-1.3,2.8,-2.3,0.7,0.3,4.2,2.4,-0.8,-0.1,0.7,1.9,2.0,0.2,-0.4,1.8,-0.6,0.0,-0.1,3.6,5.4,-0.0,-0.1,0.0,1.5,-5.1,-2.6,-0.2,0.3,0.8,-2.5,0.5,-5.6,-0.7,-4.5,-6.5,-7.0,-5.6,-2.9,-5.6,-2.6,-2.7,-2.9,-2.5,-3.9,-2.6,-2.1,-1.2,-3.0,-2.7,-13.7,-4.4,-1.5,-2.1,-0.8,1.1,-6.4,-4.8,-8.1,-6.0,7.8,-2.9,5.3,-1.8,-0.7,-3.2,-2.8,-5.2,-1.6,-5.7,-2.7,-4.2,-0.8,-8.0,-4.8,-2.1,-4.4,-4.1,-2.1,-4.2,-5.2,-4.4,-2.8,-1.1,-5.4,-0.0,-3.9,0.3,-0.4,-2.1,-2.9,-2.7,-5.9,-1.1,-1.8,0.3,-6.6,-5.6,-7.2,-5.3,-6.5,-8.0,-4.1
2C7L51GfsG,0,48.106825,11.621664,4441816.84,2778355.44,540.5,586.2,286,7256,4.5,0.63,0.5,32.6,348.93,-0.529,-0.103,0.842,-0.9,0.2,-0.36,0.34,0.7,0.3,-0.3,0.4,-0.8,-0.5,-1.3,-0.6,-4.8,0.3,-0.2,-1.1,-5.8,3.2,-2.3,-2.5,-3.7,10.3,5.5,9.6,8.4,6.6,8.6,8.3,-9.1,3.7,-5.6,14.0,-2.0,8.9,5.4,6.1,-7.0,-16.9,-3.5,-7.5,-8.0,8.1,2.0,-6.3,-2.9,1.2,-2.4,8.4,11.8,-4.4,-0.8,2.2,-4.6,-4.7,-1.9,-2.3,-0.7,0.0,0.2,-1.9,-3.3,-4.3,-3.6,-1.0,-1.7,-4.2,0.4,-2.8,0.0,-2.6,-5.1,-7.4,-4.8,-2.9,1.0,-0.3,0.3,0.2,-2.2,1.1,0.9,2.8,5.4,2.2,1.9,-5.3,-0.7,5.6,7.2,11.9,2.0,-1.3,-1.6,1.7,-1.6,-1.1,-2.0,-5.0,-2.9,-10.7,0.7,-2.0,-6.9,8.8,-4.7,0.8,5.2,-8.2,6.0,-1.6,-0.2,-1.5,-0.7,-1.6,0.2,-1.2,-1.9,-0.4,-0.9,-1.0,-1.1,-0.8,0.5,-1.2,-1.2,-1.6,0.4,1.1,-0.4,-0.2,-0.5,-0.4,-0.4,4.8,3.5,7.7,-1.7,-6.8,2.4,-13.2,-7.5,-3.9,-2.7,1.3,1.3,-2.2,2.2,-0.5,-2.0,-1.5,-1.5,1.0,-0.3,1.0,-1.8,-1.1,-1.4,1.2,2.0,-1.2,-0.2,0.3,0.7,-4.5,-1.6,4.8,-3.0,-9.9,-4.7,4.8,-3.0,-4.4,-11.6,-1.1,0.5,-11.6,6.9,-6.9,5.6,-4.7,-8.9,-5.7,-1.7,-3.4,-3.2,-1.4,-1.4,-3.6,-4.4,-4.7,-6.7,-2.6,-6.6,-3.9,-13.1,-7.4,-7.0,-9.3,-1.1,-0.5,-2.3,-7.5,-6.0,-4.9,0.8,-2.9,0.1,-5.6,-3.7,-3.4,-4.3,-1.0,-3.2,-4.3,-4.8
2C7L51GfsL,0,48.106864,11.62196,4441838.82,2778360.15,540.4,586.1,286,7261,3.8,0.81,0.38,32.6,348.93,-0.529,-0.103,0.842,-1.6,0.2,-0.94,0.29,0.8,0.3,-0.3,-2.4,-1.8,-0.1,-1.0,-0.3,-4.6,-0.4,-2.4,-1.9,-2.8,-0.7,1.9,-2.1,-1.2,2.5,0.9,4.2,2.5,0.6,0.9,3.4,1.9,-1.0,-0.7,0.3,3.2,-0.5,2.3,-0.8,-2.8,-20.2,-3.2,-4.5,-5.6,-1.0,-4.3,-3.2,-8.0,0.4,2.2,4.3,1.0,0.6,0.8,0.9,-0.2,-1.0,-1.1,0.1,0.0,-0.4,-1.6,0.6,-0.4,-0.5,-2.6,2.1,0.1,2.3,-2.3,0.9,1.7,0.2,0.1,-0.8,2.2,-3.4,-5.9,-2.3,-1.1,-0.9,-1.4,-1.4,-0.8,-0.7,0.3,-0.3,1.1,-3.2,-0.1,-4.8,-6.1,-2.7,-7.0,0.0,-6.4,-2.1,-5.0,-6.2,-4.0,-3.2,-3.0,-3.7,-3.2,-10.0,-1.6,-0.1,0.6,1.3,-0.3,1.6,-4.6,-1.3,-3.6,-5.9,3.1,-0.4,-2.1,-0.8,-1.2,-0.8,-1.8,-0.2,-2.3,-0.9,-0.2,-2.5,-2.2,-0.9,-0.2,-2.0,-3.0,-2.6,-1.6,2.9,-12.5,-3.3,-0.2,-2.0,-0.7,-4.6,1.5,-2.7,1.5,-2.8,-3.2,-1.4,-1.2,-9.6,1.0,-1.1,-2.8,-6.5,-4.5,-4.5,-4.0,-2.2,-3.2,-3.1,-3.3,-0.9,-1.0,-2.4,-3.7,-1.2,-2.1,-2.1,-5.1,-2.3,-2.3,-4.1,-3.3,0.9,-6.3,-17.7,-2.3,-3.4,-6.2,-8.8,0.9,-0.7,-2.5,-9.8,-8.0,-8.2,-8.9,-5.6,-3.1,-6.1,-3.2,-5.5,-6.4,-2.6,-2.6,-5.8,-27.0,-7.6,-8.3,-5.8,-2.6,-4.7,-7.9,-5.5,-7.5,-10.4,-8.5,-10.7,-4.3,-26.5,-12.2,-4.8,-3.8,-27.5,-7.5,-6.8,-4.3,-4.1,-6.2
2C7L51GfsR,0,48.106901,11.622251,4441860.41,2778364.79,537.9,583.6,286,7267,4.5,0.62,0.45,32.6,348.93,-0.529,-0.103,0.842,-1.2,0.2,-0.04,0.34,1.8,0.3,-0.3,-2.6,-0.1,-1.1,-0.1,0.1,-0.5,-1.7,-2.5,-11.3,-1.9,11.1,4.5,-3.9,-5.8,-8.6,-1.1,10.6,11.7,-1.7,9.5,-3.4,11.2,1.0,8.5,13.8,11.3,-0.1,16.8,-3.3,-3.9,-6.5,8.8,6.0,-9.1,6.6,-4.8,7.0,3.0,12.1,5.8,-2.2,-2.7,-0.4,-1.5,-4.8,-3.1,-3.8,-2.5,-0.3,-0.8,-0.7,2.7,-1.1,-2.7,-1.6,-3.4,-1.4,3.2,-4.8,-4.2,-2.6,-2.0,3.8,-2.8,-2.0,-2.5,-2.7,-1.6,-3.6,-2.3,-6.6,-5.4,-2.0,-2.5,-2.5,-2.1,-3.1,-3.0,-3.6,-5.5,-1.9,6.0,-1.9,-4.2,-4.7,9.2,-2.9,9.2,-0.1,3.3,7.8,1.1,-2.7,4.2,-1.4,3.3,-2.5,9.4,5.6,-0.8,0.7,16.7,7.0,-1.9,9.2,-1.2,-1.8,-1.8,-0.1,-0.9,3.2,-2.3,-12.3,-1.0,1.0,3.5,-0.8,1.5,2.8,-5.2,-0.6,4.7,-5.3,-4.7,0.6,-3.6,-2.1,-5.1,-5.8,1.2,5.9,-0.9,-4.2,-0.3,-5.1,-6.2,-5.5,0.2,3.0,2.2,-2.7,-3.8,-4.9,-1.9,-0.7,2.1,-3.5,-2.8,-0.9,-4.6,-5.4,-1.5,-3.5,-7.6,-5.6,-5.0,-7.7,-2.9,-7.6,2.9,-4.3,-5.4,2.6,0.3,7.6,-0.0,1.0,-2.9,-1.2,-3.0,-6.3,-5.5,-4.7,-3.0,-4.2,-1.9,-1.0,0.8,-9.8,-1.1,-1.5,-2.4,1.9,-4.8,-2.8,-3.5,-4.3,-7.5,-7.6,2.7,-4.3,1.7,-7.5,-4.6,-5.2,-4.8,-6.0,-4.2,-5.9,-4.6,-4.0,-2.6,-3.2,-3.2,-8.6,-5.1,-2.9,-5.5
2C7L51GftD,0,48.107261,11.625055,4442068.4,2778409.39,541.9,587.6,286,7315,3.8,0.71,0.46,32.64,348.97,-0.529,-0.103,0.842,-0.8,0.2,-0.03,0.29,1.0,0.2,-0.3,1.0,-0.3,2.5,0.4,-1.7,10.1,1.4,-1.6,0.7,-0.8,1.2,-3.4,2.8,-3.3,1.3,-2.9,3.7,4.8,1.3,0.2,-0.2,-3.8,-0.2,4.2,2.6,0.5,-1.9,4.2,-0.1,1.1,-2.2,-3.3,-5.8,-3.1,12.1,-3.7,2.0,-1.4,-6.0,0.8,-0.6,-3.2,1.9,3.2,-2.9,-4.4,-7.4,-7.2,-3.7,-2.7,-5.9,-4.2,-1.3,-0.2,-0.6,-6.0,-0.0,1.4,1.4,-5.6,-1.9,1.7,-6.0,-2.0,6.6,0.7,-1.9,-1.9,-3.5,-2.8,1.2,-1.8,11.9,-1.3,-1.3,-0.0,3.3,-1.8,-4.2,-4.2,-3.5,-2.5,-5.7,-2.2,-8.7,1.9,-3.7,4.3,5.1,-1.7,-5.4,-4.6,1.0,7.6,0.2,2.4,-0.5,-0.3,0.7,-0.1,-0.4,-0.9,10.0,-0.7,-1.3,3.4,0.2,-4.0,-0.3,-14.0,-6.6,-6.2,-7.1,-4.5,-3.4,0.5,-5.7,-0.8,-6.7,-1.9,-3.3,-1.7,-4.0,-3.1,-2.4,-1.8,-4.0,-1.2,-3.4,-4.2,-6.5,-2.4,8.7,-0.2,-1.6,2.3,6.0,-5.4,1.9,-1.3,-2.6,-3.2,-3.1,-0.6,-4.5,1.8,0.3,-1.0,-1.1,-5.7,7.4,0.4,-3.5,-6.2,-1.7,1.2,-3.0,-3.4,-1.6,-2.3,-2.8,-1.3,-3.8,-2.9,-5.7,4.4,-4.3,-3.5,3.9,-3.9,-2.8,-7.5,-11.0,-1.6,-2.3,-6.0,-3.1,-4.7,-5.1,-6.3,-4.0,-3.1,-7.7,-6.7,0.3,-0.4,-3.5,-2.3,-5.3,-8.4,-7.5,7.9,7.5,-5.5,-4.7,-2.2,2.4,-3.0,-6.2,3.2,-6.8,-10.3,-7.9,-3.1,-0.7,-9.0,-9.0,-7.6
2C7L51GfvQ,0,48.108309,11.633219,4442674.0,2778539.25,559.8,605.5,286,7452,3.4,0.8,0.38,32.68,348.97,-0.53,-0.103,0.842,-0.4,0.2,-0.19,0.26,0.9,0.2,-0.3,-0.8,-1.8,0.5,-0.2,-2.2,4.0,-1.3,-1.3,-2.6,-0.7,0.5,1.7,-1.7,1.9,2.3,-1.1,-1.6,-2.4,-2.9,-2.2,-3.1,-1.1,-4.7,2.5,2.1,-0.2,0.9,1.7,1.2,-4.8,1.9,-0.7,-4.7,-2.2,2.4,0.5,19.1,1.6,3.4,-5.6,5.1,6.4,-4.9,4.0,-1.7,2.0,-7.7,0.9,-4.4,2.4,-1.5,-3.3,0.3,1.5,0.8,1.6,1.6,0.6,-0.0,-1.7,-0.0,-0.3,-4.5,-1.5,7.0,1.1,0.0,1.6,0.8,1.5,4.2,-0.2,3.9,-0.0,-0.3,0.0,2.7,1.8,-1.3,-2.0,-3.9,-2.9,-2.3,-1.6,-0.4,-2.6,-1.0,1.2,-0.6,0.8,15.1,-0.8,1.7,1.6,-0.6,1.7,2.6,1.0,0.8,-2.8,-2.1,-2.2,-0.3,2.5,3.1,1.0,-1.3,1.9,-1.9,2.5,0.1,-0.9,-1.9,1.7,3.8,6.0,6.8,2.4,2.0,-1.7,0.1,0.2,1.0,-0.7,-1.5,0.2,2.4,-2.6,-2.5,-5.0,-3.3,-5.9,6.4,-7.3,-2.8,-4.8,-1.0,-0.4,8.1,-1.0,1.5,-2.7,-0.9,-2.6,0.7,-2.3,-3.1,-0.4,1.7,2.5,-0.3,-3.0,-0.2,-2.9,1.5,-2.0,-0.7,0.5,-3.5,-0.6,-8.4,-8.4,3.2,-1.2,-0.8,0.5,0.5,5.4,1.0,1.2,-2.8,-0.5,-2.1,1.2,-0.7,-6.9,-1.1,-2.7,15.6,-3.9,-4.2,0.1,1.8,-0.7,-3.1,-6.8,-0.4,-2.6,-2.8,-5.5,-9.2,-4.5,-2.6,-1.8,-0.9,-0.1,-0.9,-1.9,0.8,0.7,2.4,1.3,0.1,1.4,1.8,-1.0,-2.1,-3.3
2C7L51GfvX,0,48.1083,11.633142,4442668.35,2778538.09,535.8,581.5,286,7459,3.5,0.73,0.52,32.68,348.97,-0.53,-0.103,0.842,-1.6,0.2,1.15,0.27,1.6,0.2,-0.3,-3.3,1.6,-3.0,7.2,7.4,-4.3,8.2,5.4,4.8,-3.9,-3.3,-3.7,-10.4,-8.5,-10.7,-8.4,2.7,-1.3,-3.7,-5.8,-8.6,-7.7,-6.8,-7.0,-3.8,-7.1,-8.4,-1.9,-9.9,2.7,-9.5,-11.5,-12.3,-5.0,-7.1,-9.6,-5.6,-0.3,-4.1,-8.0,-4.8,-4.8,-9.7,1.1,-8.2,2.4,-8.7,-11.5,-10.6,-7.0,-7.1,-11.8,-1.4,-6.8,-8.1,-11.3,-4.9,-5.0,-6.2,-5.0,-5.8,-4.8,-8.8,-9.7,-7.6,-5.5,-9.7,-7.5,-9.1,-10.5,-9.0,-9.0,-8.6,-7.7,-6.0,-7.1,-8.7,-6.2,-5.8,-7.1,-5.6,-8.7,-11.3,-7.6,-9.7,-7.7,-8.3,-5.6,-7.8,-12.2,-9.5,-11.3,-10.5,-9.9,-12.2,-8.1,-7.7,-5.5,-7.5,-7.9,-8.4,-8.2,-8.6,-7.3,-7.4,-7.9,-6.8,-5.9,-7.4,-7.1,-8.0,-7.9,-7.7,-8.8,-8.0,-8.6,-8.4,-9.1,-8.1,-12.4,-8.4,-7.5,-8.8,-7.6,-7.1,-6.9,-7.9,-7.2,-21.2,-17.1,-14.2,-14.8,-15.5,-13.0,-10.0,-13.2,-18.2,-13.8,-10.0,-7.7,-8.7,-6.2,-9.1,-12.4,-9.1,-8.6,-3.8,-7.2,-12.0,-11.7,-7.6,-8.7,-10.2,-9.1,-9.1,-9.5,3.7,-10.1,-11.3,-24.1,-12.0,-14.7,-11.6,-11.2,-14.0,-9.6,-9.2,-8.0,-11.0,-12.0,-17.4,-14.1,-13.0,-12.2,-8.5,-11.1,-8.5,-6.7,-3.4,-9.9,-8.3,-7.0,-6.4,-9.4,-9.7,-11.0,-9.4,-4.7,-7.4,-13.4,-13.5,-12.8,-10.0,-12.0,-10.5,-11.2,-12.6,-14.6,-12.5,-21.9,-13.4,-11.8,-13.0,-12.4,-6.0,-9.8,-10.6,-10.6
2C7L51Gfww,0,48.108942,11.638148,4443039.66,2778617.72,539.8,585.5,286,7546,2.1,0.87,0.35,32.7,348.97,-0.53,-0.103,0.841,-0.4,0.1,0.07,0.16,1.4,0.1,-0.3,-2.0,-1.4,-0.6,1.0,0.7,-0.5,-1.5,1.0,-0.6,1.4,-1.4,-1.3,-0.5,0.3,-3.3,1.8,-5.8,-0.6,-2.2,-3.4,-4.5,-1.3,-4.4,-2.6,-2.7,1.4,-2.9,-0.8,-3.8,-1.5,-7.7,-4.5,-6.4,-1.8,0.9,-2.8,-2.1,-4.2,-2.7,-4.0,0.2,-1.7,-9.3,1.4,-1.5,-1.8,-3.2,-0.8,-3.7,-1.9,-0.8,-0.3,-2.4,-2.1,0.9,-1.0,-0.9,-0.5,-2.3,-1.5,-2.1,-0.2,-0.1,-1.1,-0.6,-2.4,-2.2,-0.2,-0.5,-1.3,-0.6,-3.1,-0.7,-2.3,-3.6,-3.4,-1.8,-1.0,-2.6,-5.7,-2.5,-7.1,-2.7,-1.4,-0.7,-6.2,-1.3,-2.7,-2.1,-5.6,-3.6,-5.7,-3.6,-6.7,-5.2,-1.9,-5.2,-5.1,-2.4,-4.3,-2.9,-6.1,-2.6,-6.9,-1.0,-3.2,-3.1,-3.7,-1.3,-4.1,0.5,-3.0,-1.7,-0.8,-0.7,0.5,-0.3,-2.7,-3.7,-1.1,-1.2,-2.4,-0.8,-0.4,0.7,0.5,-0.5,-2.1,-1.8,-7.7,1.0,-2.6,-1.7,-3.1,-6.3,-7.0,-2.3,-5.2,-2.1,-3.8,-6.4,-5.6,-5.4,-3.7,-3.4,-1.9,-3.0,-1.2,-0.7,0.6,0.6,-3.3,-1.6,-2.4,-2.6,-1.3,-2.0,0.1,-3.3,-4.7,-3.0,-9.9,-7.8,-8.1,-8.2,-1.9,-3.3,0.9,-2.8,-3.8,-1.7,5.5,-4.1,-2.6,-1.9,-2.6,-3.8,2.7,-2.1,-4.3,-2.7,-3.7,-4.1,2.9,-3.8,-6.4,-4.9,-6.2,-5.3,-4.1,-6.4,-6.3,-7.4,-0.7,-4.0,-3.5,0.9,-5.9,-3.7,-2.7,-1.2,-6.5,-5.0,-1.8,-1.1,-8.6,-2.5,-0.6
2C7L51Gfwx,0,48.108936,11.638101,4443036.17,2778616.99,533.8,579.5,286,7547,2.1,0.88,0.31,32.7,348.97,-0.53,-0.103,0.841,-0.7,0.1,-0.28,0.16,1.6,0.1,-0.3,-0.5,0.2,-0.4,0.4,0.2,0.7,-1.8,-0.9,-0.1,0.8,-1.5,0.2,-1.5,-0.3,-1.2,-1.8,-2.7,-1.6,-1.2,0.3,-3.7,-1.4,-0.7,-0.6,-1.6,-3.5,3.5,2.3,-2.1,-1.0,-3.6,-4.5,-2.8,-3.8,-3.1,-0.2,-1.9,-2.7,-2.1,-1.1,-3.5,1.7,-5.0,-3.1,-3.3,-2.3,-4.4,-0.7,-1.8,1.7,0.1,-2.6,0.5,-0.7,0.3,-2.4,0.2,0.8,1.0,1.0,-1.8,-2.4,-0.2,-3.0,0.0,-1.0,-2.5,0.4,-1.0,-0.1,0.7,-1.8,-1.0,-0.9,-0.2,-1.1,0.4,-4.6,0.5,-3.8,1.1,-3.5,-2.9,-1.7,-3.4,-2.2,-2.0,-3.6,-5.2,-2.3,-4.1,-2.9,-1.6,-9.1,-13.8,0.8,0.0,2.3,-0.8,-3.7,0.4,-3.1,0.7,-0.7,-2.4,-2.6,-0.9,-0.2,-1.0,-1.7,0.6,6.4,-0.7,-1.7,0.1,-1.2,-0.6,-0.5,-1.3,-0.7,0.6,-0.9,-1.0,0.3,-0.2,0.1,0.9,-1.6,-2.3,-4.1,-0.1,-1.7,-3.3,-2.3,-7.3,-3.8,-5.7,-2.8,-1.9,-3.4,-3.7,-2.9,-6.0,-2.9,-2.2,-0.4,1.3,-1.4,-0.0,0.1,1.1,-0.4,1.1,-1.0,0.4,0.4,-2.2,-4.6,-4.5,-4.0,-4.9,-17.4,-5.4,-7.6,-5.5,-2.8,0.4,-3.5,-5.5,-3.9,-5.7,-5.7,-4.1,-4.0,-2.8,-2.6,-2.3,-2.5,-1.5,-2.1,-0.8,-3.0,-1.2,-3.5,-0.2,-3.1,-3.5,-3.4,-5.5,-8.6,-7.9,-2.6,-6.7,-3.1,-4.0,-5.7,-3.6,-3.8,-4.3,-4.0,-2.5,-6.3,-5.7,-3.1,-5.4,-4.0,-1.8,-2.0
2C7L51Gft5,0,48.107218,11.624576,4442032.83,2778403.84,540.1,585.8,286,7307,2.4,0.87,0.53,32.64,348.97,-0.529,-0.103,0.842,-0.8,0.1,-1.05,0.18,0.3,0.2,-0.3,-0.1,1.4,1.5,0.7,0.8,0.0,0.6,0.4,3.0,0.4,3.4,1.7,1.6,-0.1,-0.4,-1.0,-1.7,-1.5,-0.5,-0.9,1.8,1.5,4.5,1.0,0.4,1.7,1.1,2.7,1.7,1.5,-15.2,-2.2,-4.2,-5.6,-2.8,-6.7,6.4,5.0,4.5,3.1,3.0,3.5,3.2,3.0,1.9,3.4,2.7,1.6,2.6,1.6,0.9,1.0,2.8,3.1,2.1,3.1,2.8,2.4,1.1,0.7,1.1,2.3,2.1,1.1,-0.2,0.3,0.4,0.6,0.1,1.8,0.1,1.4,0.5,0.4,4.2,2.4,2.2,-0.1,0.1,0.6,3.2,-1.7,1.9,0.4,3.3,2.6,8.0,3.2,4.1,3.2,3.4,3.9,3.2,3.5,4.0,0.5,4.5,2.8,-0.4,3.3,3.1,0.6,1.7,5.9,-1.8,3.0,2.5,5.1,5.8,1.9,3.3,4.2,3.2,3.9,2.4,0.3,-2.4,0.4,0.7,1.3,-0.2,0.9,0.9,1.2,0.8,0.2,2.5,1.7,-1.9,0.3,-0.3,3.2,1.4,-1.2,0.3,-0.5,2.7,0.3,1.9,5.9,-0.9,1.1,1.7,2.3,1.1,-0.6,0.8,0.3,0.5,1.6,-1.6,0.7,1.8,-0.0,1.4,1.2,1.2,2.4,2.7,2.2,-1.2,2.9,-7.4,-4.0,-0.2,3.1,-0.5,-1.0,1.4,0.8,-1.8,-3.0,-2.9,-1.3,-2.2,-4.1,-1.7,-0.5,-7.4,-2.0,-1.3,-1.2,-1.8,-0.4,-0.7,-3.4,0.9,1.7,-1.5,-3.6,-0.8,-3.9,-7.0,-4.1,-5.3,-6.4,-3.9,-5.9,-3.2,-2.2,-1.1,-2.8,-3.4,-2.1,-1.9,-0.2,-1.4,-0.4
2C7L51Gft7,0,48.107218,11.624572,4442032.55,2778403.79,535.6,581.3,286,7309,2.2,0.89,0.37,32.64,348.97,-0.529,-0.103,0.842,-1.4,0.1,0.03,0.17,1.1,0.1,-0.3,-0.7,0.3,0.1,-0.4,-0.7,0.5,-0.3,-1.0,-0.2,0.2,0.7,0.4,1.1,-1.1,0.1,2.5,-2.2,-4.3,-4.6,-4.6,-3.5,-0.6,-4.3,3.3,-1.9,-1.3,-1.4,-1.8,-1.9,-2.8,-17.0,-3.1,-2.9,-3.3,-5.1,-5.7,-2.8,-3.8,-0.3,1.0,-1.7,-0.9,-2.2,-1.9,-3.5,-2.4,1.5,-2.6,-2.0,-3.1,-4.8,-3.2,-3.3,-3.6,-2.4,-2.6,1.6,-1.8,-0.7,-1.6,-1.3,-0.2,-1.2,-0.4,-3.1,-1.4,-2.6,2.8,-4.2,-3.7,-1.8,-6.8,-7.2,-4.9,4.1,-0.9,-4.6,-4.3,-5.6,-5.1,-3.6,-3.3,-3.6,-4.1,-4.6,-4.5,-5.5,-2.7,-2.8,-1.1,-4.3,-6.8,-1.9,-10.1,-9.3,-5.0,-2.4,-3.2,-3.5,-3.9,-3.7,-4.2,-2.6,-3.0,-2.5,-0.6,-2.5,-6.5,-4.1,-5.5,-5.3,-2.4,-5.7,-5.3,-2.7,-1.3,-6.6,-4.3,-3.3,-2.9,-0.7,-4.7,-3.4,-6.0,-3.1,-0.9,-3.1,-1.3,-3.8,-6.6,-8.8,-4.7,-3.1,-4.7,-7.4,-8.0,-4.0,-7.6,-3.8,-0.9,-3.2,-6.1,-5.6,-5.9,-6.8,-6.0,1.4,-5.1,-5.0,-5.7,-4.4,-4.5,-4.2,-2.2,-1.9,-5.5,-7.0,-7.6,-5.2,-4.5,-7.4,-6.7,-9.1,-8.5,-9.9,-4.8,-7.7,-10.7,-3.5,-4.5,-4.9,-9.2,-8.4,-7.3,-8.0,-7.3,-7.5,-5.1,-6.2,-7.0,-7.1,-5.5,-8.0,-8.0,-7.8,-7.0,-8.2,-7.7,-11.7,-9.7,-8.9,-8.9,-11.5,-10.7,-7.7,-6.6,-6.8,-5.3,-10.4,-6.6,-6.8,-7.5,-8.4,-7.2,-7.2,-5.8,-6.7,-7.2
2C7L51Gft8,0,48.107217,11.624569,4442032.31,2778403.74,532.7,578.4,286,7310,1.8,0.91,0.26,32.64,348.97,-0.529,-0.103,0.842,-1.4,0.1,-0.53,0.14,1.3,0.1,-0.3,-0.4,0.6,0.2,0.5,-0.4,1.0,0.2,-1.0,0.4,1.4,0.9,1.1,-0.3,0.5,0.8,0.8,-2.8,-1.7,-2.1,-4.1,-1.8,-1.5,-1.1,-2.4,-0.6,-0.5,1.2,-0.0,-1.2,-4.5,-16.5,-4.5,-5.5,-4.0,-3.1,-5.7,-2.2,-2.5,-0.2,-0.6,-1.0,0.3,-0.5,-0.5,-1.8,-0.4,2.3,0.6,0.6,0.4,-2.3,-0.4,-0.3,1.0,2.8,1.7,1.8,1.7,0.6,0.9,0.5,1.0,1.7,0.8,1.8,0.6,-0.1,2.4,-0.7,-0.1,-1.6,-2.8,2.0,-0.6,1.0,1.0,-0.9,-1.0,-2.8,-2.5,-1.3,-2.5,-1.1,-3.7,-2.5,-1.6,-0.5,-0.1,-1.8,-2.3,-1.4,-4.3,-2.7,-4.4,-1.0,-2.8,-1.5,-2.7,-1.7,-1.6,-1.7,-1.2,-3.2,-2.8,-3.3,-0.7,0.2,-2.7,-0.8,-1.7,-1.5,-1.5,-2.3,-1.9,-0.9,-0.5,-3.5,-0.6,-0.3,-0.4,-0.8,-2.4,-2.5,-3.0,-1.4,-1.7,-1.1,-1.4,-2.6,-4.4,-4.9,-4.0,-2.1,-4.2,-5.5,-4.6,-2.2,-5.2,-2.4,1.1,0.0,-3.0,-4.2,-3.3,-5.6,-4.2,0.9,-2.0,-3.1,-4.3,-3.2,-2.7,-2.4,-2.0,-1.0,-1.5,-3.0,-3.7,-3.0,-1.4,-5.7,-4.5,-8.4,-6.1,-6.3,-1.4,-6.5,-7.4,-3.2,-3.1,-4.7,-7.9,-4.2,-6.3,-8.9,-6.3,-5.6,-5.9,-4.7,-5.7,-5.7,-4.9,-7.9,-6.6,-4.2,-6.5,-5.1,-5.6,-8.6,-7.7,-8.6,-7.3,-9.2,-11.7,-6.3,-3.7,-4.8,-5.4,-7.0,-6.1,-6.2,-6.7,-6.8,-5.9,-6.1,-4.7,-6.0,-5.3
2C7L51Gft9,0,48.107225,11.624628,4442036.72,2778404.69,532.8,578.5,286,7311,2.8,0.83,0.4,32.64,348.97,-0.529,-0.103,0.842,-0.9,0.1,-0.23,0.22,1.2,0.2,-0.3,-1.3,-1.2,0.4,-1.2,-1.1,0.1,-0.9,-1.9,-0.2,0.1,1.6,3.1,-0.6,1.5,0.4,-0.3,-0.3,-0.9,-0.0,-3.8,-1.6,-4.3,2.5,-4.8,0.3,-3.5,-0.8,1.6,-1.5,-5.7,-18.9,-1.7,-7.2,-3.8,-10.9,-6.8,-2.7,-4.8,-0.9,-1.8,-1.6,3.0,-7.1,-2.1,-1.8,-0.2,0.5,0.9,0.6,1.5,-1.2,0.6,3.2,3.5,1.0,0.1,4.3,3.1,3.6,-0.3,1.1,-0.9,2.8,-1.0,-0.1,0.9,-2.5,-0.9,-2.7,-1.4,-3.7,-3.5,2.1,-1.2,-1.3,1.9,1.6,-0.8,-5.7,-3.2,4.8,-14.2,-0.9,-3.4,-0.1,2.6,-1.7,-0.9,0.2,-6.6,-1.3,-1.3,2.9,-6.4,-1.0,-5.5,-2.1,-2.0,-2.9,-3.3,-1.2,-4.4,-4.5,-3.7,-4.8,-0.7,-0.3,-2.1,-1.9,1.8,1.0,-2.0,-3.2,-2.5,-3.0,-0.8,-5.6,-3.6,-4.0,-3.1,-5.7,-3.8,-4.0,-4.9,-3.7,-1.8,-4.5,-3.1,-5.8,-3.4,-2.7,-3.8,-0.0,-11.2,-7.5,-5.0,-4.9,-5.9,-3.5,1.1,-0.9,-0.9,-0.7,-4.0,-1.5,-2.6,2.0,-0.9,-3.6,-2.7,-3.3,-1.1,-3.7,-2.1,-0.9,0.4,-2.3,-3.7,-2.2,-3.7,-1.3,-3.2,-1.3,-5.2,-1.7,-3.2,-4.6,-5.7,-3.0,-3.6,-4.8,-8.6,-4.2,-3.6,-11.8,-4.0,-5.6,-1.5,-3.6,-4.8,-6.6,-4.3,-4.4,-6.9,-2.6,-7.6,-3.6,-2.2,-6.2,-5.0,-7.8,-4.9,-11.9,-10.1,-4.2,-5.6,-2.8,-7.1,-4.3,-2.4,-5.3,-3.8,-3.6,-3.8,-4.8,-4.7,-7.7,-4.8
2C7L51GftY,0,48.107423,11.626174,4442151.36,2778429.27,538.4,584.1,286,7336,2.7,0.83,0.39,32.65,348.97,-0.53,-0.103,0.842,-0.4,0.1,-0.77,0.21,0.6,0.2,-0.3,-1.4,-0.7,-1.1,-1.3,-0.0,-1.5,-1.8,-0.9,-1.0,2.7,0.3,1.6,1.1,0.9,0.8,1.7,-0.9,0.5,-0.4,0.9,0.2,4.0,3.2,0.6,1.6,8.2,-0.8,5.3,3.0,-1.7,-11.8,-3.0,-10.9,-4.8,-3.4,-3.3,3.4,3.5,8.0,1.8,3.9,4.9,1.9,3.1,2.9,4.4,4.5,0.8,1.8,0.8,1.6,-0.1,-0.4,-2.0,-0.8,0.0,-0.4,0.1,-0.5,1.2,0.0,1.1,7.3,1.4,0.0,-0.8,-1.4,1.8,-2.0,-0.2,-1.9,2.4,-1.4,-0.8,-1.9,-1.1,-1.6,-0.9,-1.5,-0.6,-0.8,-2.8,2.9,-1.5,-4.6,3.3,1.0,4.3,1.2,0.8,1.8,4.7,-0.1,1.1,-0.5,3.3,0.7,0.5,0.5,-1.8,3.9,0.8,1.9,6.9,1.6,2.2,2.0,3.4,5.7,2.5,1.6,1.6,1.9,0.9,2.9,-0.4,-5.5,-0.2,0.1,2.0,0.6,0.5,0.5,2.3,3.7,0.9,2.4,1.1,-0.8,0.1,0.4,-0.2,1.5,4.4,1.7,3.2,1.2,-3.7,4.1,7.3,-3.2,2.3,-0.4,-1.3,1.0,0.4,2.8,-0.6,1.8,1.1,-1.2,1.3,2.2,-0.8,1.3,0.8,1.1,-0.8,-3.9,9.4,0.5,2.4,-1.0,-0.8,-2.0,5.0,-2.0,-7.9,6.5,1.8,0.0,-2.4,-0.7,-1.6,-2.5,-0.4,-1.5,-0.3,-0.1,-2.3,-2.3,0.3,-0.8,0.4,-2.9,-1.0,-2.7,-3.0,-0.8,-3.9,6.8,-1.3,-2.3,-1.2,-4.3,1.8,-1.4,-1.9,-1.5,1.3,-0.6,-3.1,-4.5,-2.8,-2.2,-1.2,-5.3,-4.6
2C7L51GftZ,0,48.107425,11.626183,4442152.05,2778429.42,536.0,581.7,286,7337,1.7,0.93,0.24,32.65,348.97,-0.53,-0.103,0.842,-0.6,0.1,-0.56,0.13,0.6,0.1,-0.3,-1.2,-0.9,-1.7,-1.5,-1.7,-0.7,-1.0,-1.3,-0.6,1.2,0.4,1.5,-0.2,0.3,-0.1,-0.2,-0.3,0.6,0.9,-1.5,0.1,2.0,2.5,0.9,2.0,2.8,0.0,0.1,-0.4,-2.0,-13.8,-3.3,-2.5,-2.6,-3.5,-1.3,1.3,0.8,2.7,0.1,2.0,1.4,1.0,0.3,0.3,0.4,0.2,-1.6,1.5,-0.3,-0.5,0.0,0.7,0.1,-0.4,0.2,-1.2,1.1,-0.2,0.5,0.5,-0.2,6.3,0.4,0.5,-0.0,-1.1,0.3,-1.0,-0.4,-1.4,-0.4,-1.0,-0.2,-0.3,-0.7,-1.4,-0.2,-1.4,-1.2,-0.2,-1.2,0.1,-1.3,-2.4,-0.4,0.6,1.7,-1.3,0.1,0.7,-1.4,-1.5,-2.6,0.3,1.5,1.2,1.0,1.5,1.2,0.6,0.6,-1.1,0.2,0.6,1.3,0.9,-0.5,0.8,-0.8,-0.2,-0.7,0.1,-0.1,1.4,0.8,-1.3,0.5,0.5,0.7,1.7,0.8,1.2,-0.5,-0.6,-0.5,1.5,0.2,-1.2,-3.5,-1.5,-0.6,0.4,-1.5,-1.6,-2.1,-1.1,-4.9,2.0,2.8,1.1,1.4,-0.7,-1.2,-1.0,-1.3,3.8,-1.1,1.1,-0.3,2.1,0.3,-1.0,-3.0,-1.4,-2.9,-1.3,-2.0,-2.0,-2.2,-2.1,0.2,-2.3,-3.5,-4.6,1.2,-2.0,-0.5,1.2,0.5,-1.7,-3.5,-1.7,-1.9,-2.5,-0.7,-1.1,-0.0,3.6,-2.5,-3.1,-2.7,-2.2,-2.4,-3.8,-1.8,-2.7,-2.3,-2.4,-5.2,-5.2,-2.7,-2.0,-2.7,-4.6,-2.0,-2.0,-1.7,-3.7,-2.6,-1.3,-3.5,-4.1,-2.6,-2.2,-2.7,-3.1,-3.9
2C7L51GfwJ,0,48.108679,11.635951,4442876.62,2778584.83,539.2,584.9,286,7507,4.6,0.35,0.56,32.69,348.97,-0.53,-0.103,0.842,0.1,0.3,-2.16,0.36,5.8,0.3,-0.3,2.0,-0.4,1.3,0.1,1.1,3.0,-0.9,1.0,0.5,-3.7,2.1,3.6,-0.2,0.5,1.2,2.6,1.3,2.2,-4.4,-1.1,-1.9,-1.7,-5.2,-2.2,-2.9,-2.4,1.8,1.2,-6.2,-3.8,-7.0,-9.6,-6.9,-7.1,-1.0,-1.4,-3.3,3.4,0.8,3.2,-0.2,-2.2,0.5,-0.9,0.7,-0.9,6.6,-2.1,3.0,-9.6,3.2,7.2,9.2,6.8,5.2,6.2,11.8,6.8,6.5,7.0,8.1,7.5,17.4,11.2,8.1,8.8,5.8,12.5,8.6,10.6,7.3,9.7,5.7,11.3,8.4,6.1,3.8,4.0,5.2,2.1,1.0,-1.1,4.2,5.3,4.1,3.9,3.2,3.1,-1.6,0.0,3.8,-12.2,4.5,-1.1,-3.4,4.2,-5.4,1.7,0.6,-9.7,-1.2,-6.3,-8.9,4.5,6.6,-1.6,-5.9,-8.2,-2.0,-7.9,8.1,9.4,14.0,12.9,14.0,14.0,15.8,13.1,18.2,7.3,15.9,17.3,16.1,9.6,9.3,6.1,-1.6,13.0,5.2,-8.9,4.9,0.5,-3.2,0.9,1.4,2.5,-0.5,-4.6,-1.3,3.2,-5.8,2.3,-0.2,0.2,1.8,4.2,12.2,3.6,9.4,8.1,16.5,12.6,8.8,9.2,8.2,9.4,11.8,5.1,8.9,8.2,-3.8,-8.6,-3.8,-2.4,-3.6,-3.3,-1.8,1.3,-1.1,-1.3,-0.9,-2.9,-6.5,-11.7,-5.5,-2.2,-0.8,7.9,-4.7,10.7,5.8,4.2,12.9,-3.1,-0.4,6.0,13.1,-1.0,-3.2,-14.9,-1.1,-0.9,-4.9,-1.1,-1.3,1.7,-3.0,-1.0,-4.9,-0.8,11.0,-4.4,0.8,5.2,3.3,1.0,2.5,5.3
2C7L51Gfws,0,48.108958,11.638127,4443038.07,2778619.44,547.9,593.6,286,7542,2.7,0.82,0.41,32.7,348.97,-0.53,-0.103,0.842,0.5,0.1,-0.13,0.21,1.1,0.2,-0.3,0.9,0.9,-0.6,1.1,0.1,0.3,1.0,-3.4,-2.6,4.2,1.6,1.2,-1.3,0.4,-0.5,-0.7,-4.5,-2.3,-5.9,-5.5,-7.4,-2.1,-3.1,-1.7,-3.0,-2.7,-3.3,0.2,-2.6,-6.6,-3.8,-5.6,-3.3,-5.3,0.2,-0.7,-1.6,-0.2,0.6,-5.1,-0.5,-1.0,-4.5,-3.3,-1.9,-3.0,1.7,-0.9,-1.6,-0.5,1.8,-1.5,-0.5,-5.4,-3.7,1.3,1.6,3.8,-10.4,1.0,0.8,-10.6,5.8,-1.7,-3.6,-3.2,-0.6,-0.7,-0.3,-2.2,-1.0,-1.4,-0.7,2.7,-1.2,-3.2,-1.2,-1.5,-0.2,-3.5,-0.9,-2.0,-2.6,-3.8,-4.5,-4.9,0.1,-1.4,-1.8,0.3,-8.1,-2.2,1.7,-0.1,1.4,-13.9,8.2,-2.5,-0.8,-0.5,-0.5,-4.7,-0.8,-0.2,-3.7,-0.9,-0.6,-1.3,1.8,1.2,-0.4,-1.2,0.4,-1.5,0.8,0.0,1.2,0.1,-0.3,2.6,0.8,-0.5,2.9,1.9,-3.4,-4.0,0.2,-3.8,-6.6,1.9,1.1,-0.2,0.3,-0.9,-4.5,-4.8,-2.0,0.5,3.7,-0.7,1.1,-1.2,-2.4,-1.8,-2.3,1.6,-3.0,1.9,3.5,-0.6,3.3,2.5,1.9,1.6,1.8,2.7,2.3,3.3,-1.1,2.0,-1.5,-8.5,1.5,-0.6,1.5,2.7,2.1,5.4,1.9,1.3,4.1,-1.5,0.8,-2.9,-2.1,-1.4,3.0,-0.3,5.7,-0.7,3.1,-0.1,1.7,-0.9,1.2,0.6,-0.9,-2.2,-3.4,-6.4,-5.3,-0.7,-3.3,-2.2,-0.6,-0.7,4.0,2.3,1.7,6.0,-0.3,0.5,0.7,1.6,-0.3,0.2,-1.6,-1.4
2C7L51Gfsy,0,48.10717,11.624059,4441994.47,2778397.68,536.8,582.5,286,7300,2.2,0.89,0.38,32.64,348.97,-0.529,-0.103,0.842,-0.5,0.1,0.07,0.16,0.3,0.1,-0.3,-0.3,-0.8,0.6,-0.5,-0.4,-0.1,0.6,0.0,0.3,-0.2,0.5,0.1,-0.4,-1.2,0.8,-0.9,-1.3,1.0,-1.5,-3.1,-0.7,-2.6,-3.9,-1.9,-1.5,-0.3,2.6,-1.9,-1.1,-3.5,6.2,-5.4,-5.8,1.0,-3.9,-4.9,-3.9,-2.2,1.1,-0.3,-0.1,2.1,-0.1,-2.0,0.1,-2.1,-1.6,-3.1,-2.4,-1.3,-2.1,-0.2,0.1,-2.9,-0.9,-2.4,-2.1,-1.3,-1.7,-2.7,-2.2,-1.0,-1.4,-0.9,-2.1,-2.0,-1.9,0.8,-2.2,-2.5,-4.1,-1.5,-2.8,-0.3,-0.6,0.3,1.8,0.4,-1.2,-2.0,-1.1,-1.1,-2.6,-2.4,-2.2,-1.4,-1.3,-1.1,-2.9,-2.6,-1.2,-2.8,-4.0,-2.0,-2.6,-0.5,-2.9,-1.5,-1.6,-0.2,-2.8,-1.1,-0.2,-0.1,-0.1,0.3,0.6,-1.8,-2.1,-2.3,-2.0,-1.4,-0.3,-0.2,-0.8,-2.1,-3.2,-2.0,-1.3,-0.8,-3.1,-1.6,-2.4,-3.3,0.2,-1.4,-4.3,-4.1,-3.4,-3.5,-5.7,-3.8,-5.7,-2.2,-3.7,-3.3,0.0,-1.4,0.4,2.2,-2.4,-2.1,-3.2,-3.7,-4.8,-6.7,1.0,-2.3,-3.0,-2.4,-6.4,-2.4,-3.5,-3.9,-2.1,-0.8,-2.6,-3.4,-4.9,-5.6,-2.8,-6.2,0.2,-2.9,-2.1,-0.5,2.2,3.5,-3.7,-6.5,-7.7,-9.2,-8.8,2.4,-1.1,4.9,-2.2,-0.7,-0.0,-0.9,-0.9,1.3,-3.0,-8.0,-2.3,-0.8,4.8,0.6,-2.0,-5.6,-5.7,-5.1,-6.2,-5.0,-7.7,0.3,-4.1,-2.5,-2.4,-2.8,-4.5,-4.6,-5.2,-3.4,-3.2,-4.2,-3.8,-4.5
2C7L51GftL,0,48.107338,11.625362,4442091.13,2778418.42,536.1,581.8,286,7323,2.4,0.87,0.32,32.64,348.97,-0.529,-0.103,0.842,-0.4,0.1,-0.22,0.18,1.2,0.2,-0.3,-0.4,0.7,-0.4,0.8,1.9,0.0,1.3,0.9,0.8,-1.7,1.0,-0.9,-0.5,1.5,-1.0,-2.8,-1.8,-2.6,-2.6,-3.6,-3.0,-1.6,-3.3,-2.6,-1.7,-0.0,-1.4,0.3,-0.9,-6.5,-14.7,-5.7,-7.2,-6.9,-6.6,-3.0,-0.4,-0.6,2.9,-3.7,2.6,0.3,0.9,1.3,-0.0,2.9,1.3,0.9,-0.7,-2.8,-3.9,-0.8,-2.0,-3.4,-0.5,-0.1,1.8,1.3,0.3,0.9,-1.5,-0.2,-5.8,0.6,0.3,0.8,-1.9,0.8,-2.5,-3.3,-0.1,2.2,-1.5,-2.2,0.3,-1.8,-1.6,-3.0,-3.8,-1.7,-1.5,-3.3,-1.2,-3.0,-2.6,-4.0,0.5,-0.6,-2.9,-1.7,2.1,-1.1,-7.8,-4.7,-2.6,0.7,-0.8,-1.3,-4.2,-1.1,-1.8,-1.9,0.1,-0.8,-1.5,-1.7,-1.6,-2.3,-1.6,-0.4,-2.6,-1.3,-0.5,-0.9,-0.5,-0.3,-4.1,0.4,1.1,1.6,-6.9,0.6,0.5,-0.0,-3.1,-1.9,0.3,-0.8,-0.6,-2.9,-4.6,-2.3,-3.6,-5.0,-2.6,-4.3,-3.0,-4.7,-1.7,-0.0,-1.7,-1.7,1.2,-0.9,0.3,1.8,-7.2,-1.9,0.9,-2.5,-0.3,2.1,-1.4,-1.7,0.4,0.9,-1.0,-0.6,-2.5,-1.5,-3.5,-1.3,-6.7,-0.9,-6.7,1.1,-1.7,-1.0,0.7,-3.8,-4.6,-6.3,4.2,-3.5,-3.9,-11.0,-3.4,-3.1,9.4,-4.5,-3.6,-5.1,-1.7,-3.6,-3.3,-4.2,-3.5,-3.7,-1.3,-3.2,-3.6,-3.4,-3.4,-4.5,-7.6,-4.6,-3.4,-4.6,-4.5,-1.8,-3.3,-1.6,-2.2,-2.3,-1.6,-2.3,-1.7,-2.1
2C7L51GfuP,0,48.10784,11.629271,4442381.09,2778480.6,543.1,588.8,286,7389,2.4,0.86,0.41,32.66,348.97,-0.53,-0.103,0.842,-0.2,0.1,-0.3,0.18,0.6,0.2,-0.3,0.9,-3.0,0.3,-4.5,-0.3,-0.2,1.1,-0.2,4.0,1.5,-0.8,-1.6,-0.6,3.9,3.4,1.2,0.7,-0.4,-0.1,-1.5,0.1,0.3,0.8,-2.4,-0.4,1.3,0.4,-1.8,0.4,-2.4,-4.2,-4.6,-2.3,-2.8,-3.3,-1.5,-1.3,0.5,0.3,-0.9,1.0,0.7,2.2,-0.6,2.4,0.7,-0.7,0.3,-0.7,-0.3,-1.5,1.0,-0.4,0.4,0.6,-0.5,-0.6,-1.8,0.4,0.1,-0.5,0.1,1.9,0.0,0.5,-0.0,0.0,3.6,-0.0,1.4,0.3,1.6,0.5,1.2,0.1,0.6,0.5,1.3,-0.6,-1.4,-1.2,-0.5,-0.2,0.2,-2.5,3.1,1.6,-1.0,-2.2,-1.1,-1.8,-2.2,-4.3,-3.7,0.1,3.8,2.7,0.5,0.8,1.6,1.2,-0.6,0.9,1.4,0.9,1.1,1.5,0.0,-1.1,-3.8,-3.8,-1.8,-1.4,-3.2,-2.2,-2.9,-1.7,-3.4,-3.0,-4.0,-1.2,-4.9,0.2,-3.5,-2.2,1.1,-1.9,2.2,-0.5,2.9,1.6,-2.8,2.4,-2.0,-2.8,-7.3,-1.3,-2.3,1.7,3.0,2.3,0.1,1.1,2.6,5.0,1.3,4.1,2.9,3.4,0.4,2.1,-1.4,1.0,2.6,5.3,-5.0,5.9,0.7,6.3,0.9,-4.7,-3.0,-3.0,-7.6,-6.1,1.8,-2.2,0.2,-0.1,0.5,-0.9,-3.7,-2.9,0.8,0.5,-3.7,-3.0,-2.7,-5.9,-3.9,-2.0,0.5,0.7,1.0,3.8,1.4,-1.8,1.8,-0.9,-2.6,0.3,1.1,-0.5,-0.7,-0.8,-6.3,-1.3,-0.7,-11.7,-2.2,-2.5,0.2,-2.3,-1.1,-3.1,-0.2,-3.4,2.6
2C7L51Gfwk,0,48.108897,11.637504,4442991.79,2778611.6,540.0,585.7,286,7534,3.4,0.72,0.44,32.7,348.97,-0.53,-0.103,0.842,-0.1,0.2,-0.62,0.26,1.6,0.2,-0.3,-3.1,-2.1,0.0,-1.4,0.2,-1.0,-2.3,2.4,0.5,-0.2,2.5,-2.0,-0.3,0.1,1.7,3.6,1.5,2.4,0.6,-3.0,-6.6,-2.8,-3.2,-4.3,-4.1,-2.6,-6.5,-3.6,-6.6,-5.6,-0.3,-6.2,-5.6,-1.5,-3.4,-1.7,-2.0,0.0,-1.8,0.9,-5.3,-0.1,-4.4,-4.6,-7.0,-3.5,-2.5,3.3,0.5,-0.5,4.3,2.2,-1.3,0.5,2.4,1.6,-3.8,2.9,0.7,-1.8,1.0,-1.2,-7.7,-1.1,-7.4,-12.2,-9.6,2.4,-0.6,-3.8,-5.3,1.0,7.3,-2.8,-0.8,-1.7,-1.5,-1.8,-2.8,-4.0,-3.9,-3.3,-5.4,-0.4,-1.2,-0.2,-6.5,-7.6,-5.2,-1.9,-2.9,-1.9,-13.0,-6.6,-3.9,-1.9,-1.9,-1.0,-0.8,-9.1,-3.3,-5.7,0.0,-2.3,4.6,-2.6,0.1,-4.2,8.0,3.4,2.5,5.1,5.0,2.3,-0.6,0.8,3.4,0.3,-0.4,2.7,2.3,1.1,3.7,0.9,2.9,-1.0,-0.6,0.1,-12.5,-2.2,-0.2,2.3,-6.4,0.5,6.3,4.3,7.0,0.7,-0.0,1.7,-4.1,-5.7,0.0,-0.9,0.9,1.1,-4.9,3.9,3.6,1.3,-0.3,-1.4,4.1,1.4,0.6,3.2,7.3,4.4,-1.3,-11.8,1.6,-7.0,-5.5,0.3,-6.4,0.8,-0.3,1.5,-1.9,-2.2,-0.8,-1.0,-2.8,-4.5,-3.4,-5.9,-5.3,-2.4,6.4,-4.0,-3.4,-1.0,-3.7,-5.6,-3.3,-2.8,-6.5,-3.5,-3.1,-4.7,-5.4,-4.3,-2.9,-3.9,-1.2,-2.3,-1.7,-8.1,1.0,-2.9,-4.5,0.0,-3.7,-0.7,-1.5,-2.1,2.3,-0.6
2C7L51Gfwm,0,48.108905,11.637572,4442996.82,2778612.68,538.4,584.1,286,7536,2.0,0.89,0.32,32.7,348.97,-0.53,-0.103,0.842,-0.8,0.1,-0.01,0.16,1.6,0.1,-0.3,0.6,1.7,1.3,0.9,0.9,2.2,1.6,2.2,2.7,-3.1,1.7,-0.6,1.0,1.7,-0.5,-0.3,0.5,0.2,-1.3,1.6,1.7,1.8,1.8,2.6,2.6,2.0,3.1,1.2,2.0,1.0,-3.9,-1.9,0.8,0.4,4.0,2.5,2.8,3.9,3.4,3.3,2.6,2.0,1.3,2.3,2.6,1.0,0.4,1.3,2.8,-0.8,-0.1,0.5,1.3,3.1,2.3,0.3,0.3,0.1,0.7,1.1,-2.5,0.6,-13.2,-2.1,1.0,0.6,-0.7,0.6,-0.7,-0.0,-1.9,1.6,-0.3,1.6,0.2,-1.2,0.5,0.4,0.1,0.3,0.3,0.8,1.2,1.2,1.1,1.9,2.4,2.7,1.7,3.7,2.6,1.3,0.1,-1.0,1.2,5.2,1.4,3.7,3.1,1.7,1.6,1.6,2.5,1.8,1.3,0.8,1.5,2.0,2.3,6.4,-0.5,-0.1,-1.1,-2.3,-3.3,-0.3,1.0,-0.3,0.0,-0.3,-3.1,-1.0,-0.0,-0.4,-0.9,1.3,-0.7,0.7,-1.3,-0.0,4.6,1.8,0.8,2.9,2.3,-0.2,2.0,-0.5,3.5,1.9,-0.8,-0.5,-4.3,-3.4,-0.9,-0.8,-12.5,-2.3,-0.3,-2.0,0.6,-3.9,-2.0,-0.5,-0.8,-0.2,-1.7,-1.0,-0.7,0.0,-1.3,-6.2,-1.7,-3.1,-1.8,1.1,3.3,2.4,-0.4,0.9,2.2,-1.2,0.2,-0.5,-5.3,-3.0,-1.5,-3.0,-10.9,-2.8,-4.9,-5.7,-1.7,-4.7,-4.6,-1.6,-3.3,1.5,0.2,-1.3,-2.3,-1.1,-0.1,0.4,1.7,1.7,1.8,-0.3,-0.1,0.5,-1.8,-1.3,-2.8,-2.9,-4.3,-4.9,-2.6,-2.3
2C7L51Gfwo,0,48.108912,11.637622,4443000.56,2778613.48,536.8,582.5,286,7538,2.1,0.9,0.33,32.7,348.97,-0.53,-0.103,0.842,-0.7,0.1,0.28,0.16,0.4,0.1,-0.3,0.2,-0.7,1.0,-0.5,0.6,0.6,-0.2,0.2,-0.8,-0.4,2.0,1.0,1.7,0.7,1.4,1.9,-0.7,0.5,-0.4,0.6,0.9,-1.4,1.7,0.2,-0.3,-0.3,0.1,2.7,-1.3,-3.2,-5.9,-4.4,-2.7,-5.3,2.4,-0.5,-0.7,2.0,-0.3,0.2,3.8,1.3,-1.1,-2.0,-0.1,-1.0,0.2,-0.8,0.8,1.0,0.7,1.0,-1.2,-1.1,-0.4,-1.0,1.2,1.6,-0.3,-1.6,-3.3,-1.1,-4.4,0.0,-1.3,-1.6,-0.6,-2.5,0.4,-0.8,-0.7,0.5,0.2,-0.5,0.4,0.8,0.5,-0.4,-1.0,-1.2,-4.3,-2.6,-1.9,0.7,-2.1,-1.0,-1.1,-0.2,-3.4,1.1,-0.9,-1.0,-0.8,-6.6,-2.1,-1.9,-2.2,-1.6,-0.8,-3.9,-3.7,-2.2,1.8,1.4,-0.8,-1.8,-0.3,-0.8,0.6,-2.7,-1.5,-0.1,0.4,-1.6,0.4,-1.7,0.9,-1.3,2.1,-0.8,0.7,-4.1,3.5,0.3,-3.5,0.9,-0.4,-0.6,-0.6,-1.5,-2.0,-2.1,-2.9,0.2,-3.6,-4.9,-3.0,-2.8,0.6,-0.5,-3.9,-14.0,-1.2,-1.8,-3.3,-0.6,-4.6,-0.7,-1.5,-1.4,-3.2,-2.6,-2.8,-2.2,-0.8,-1.2,0.0,0.4,-0.6,-1.3,-1.5,-9.3,-8.9,-6.9,-7.8,-3.4,-1.1,-0.2,-1.7,-7.0,-5.3,-3.8,-3.3,-4.1,-1.8,-2.4,-7.0,-3.2,-9.4,-2.0,-4.2,-2.3,-1.6,-3.8,-4.2,-3.0,-3.3,-3.8,-2.8,-2.7,-3.9,-2.8,-0.8,-1.1,2.0,0.6,-2.6,-1.3,1.6,-0.5,-2.6,-2.1,-3.7,-1.7,-4.4,-2.5,-3.9,-3.9
2C7L51GfsM,0,48.106913,11.62191,4441834.96,2778365.55,535.3,581.0,286,7262,3.5,0.71,0.47,32.6,348.93,-0.529,-0.103,0.842,-1.3,0.2,-1.06,0.27,0.9,0.2,-0.3,0.6,0.3,-1.3,-1.1,-0.8,-6.0,-1.0,-2.4,-0.1,11.1,-0.2,-4.1,-0.8,-0.4,3.7,0.3,2.6,5.6,1.8,0.9,2.1,0.1,-0.0,6.6,-1.5,6.0,3.4,5.4,-1.2,-5.2,-1.1,-5.1,-9.6,-6.0,-2.6,-4.5,-5.7,-5.5,5.2,4.0,2.5,-1.8,-5.2,2.5,4.2,2.2,-2.1,-0.4,-0.1,-0.9,-1.3,1.4,0.8,1.4,-0.3,2.7,1.2,-1.5,0.1,-2.3,-2.0,-0.6,2.7,1.2,-3.3,-3.4,-0.6,-1.7,7.5,0.1,-1.6,-0.9,-0.4,-0.5,0.4,0.1,-0.1,-0.4,2.3,0.7,2.1,0.2,2.1,0.2,0.7,0.6,2.0,-3.0,-6.7,-3.3,2.3,-3.3,-4.4,5.6,6.0,-3.9,-2.0,4.6,2.3,4.3,2.6,4.6,4.9,3.2,1.8,1.0,-0.9,3.2,1.1,2.9,2.2,1.2,5.3,0.2,2.5,5.6,-5.2,2.8,-3.1,1.8,0.2,3.7,1.0,3.0,-1.5,4.8,-4.5,2.2,0.3,-4.9,8.0,-9.5,-6.5,0.8,-2.9,-2.9,3.1,4.3,-1.0,4.8,1.0,-0.2,-0.7,1.2,-1.6,1.3,-2.8,-2.1,-1.3,2.0,-4.3,-1.6,0.2,-1.1,-2.5,-6.6,-8.1,1.1,-0.9,-1.2,-6.7,-2.9,-10.6,-6.2,0.7,-7.0,-13.6,-10.7,-0.1,7.3,-1.4,-4.9,-3.5,-5.2,-1.7,2.2,-1.0,-3.1,-1.4,-1.3,-1.8,-2.3,-6.9,-5.8,-3.3,-14.5,-5.2,-7.4,-3.7,-1.4,-4.3,-9.4,-4.1,-3.0,-8.8,-3.8,-3.5,-2.0,-9.7,-9.1,-12.3,-3.9,-3.9,-8.0,-1.2,-3.7,-3.8,-4.1
2C7L51Gfto,0,48.107571,11.627033,4442215.01,2778447.06,537.0,582.6,286,7352,2.8,0.81,0.39,32.65,348.97,-0.53,-0.103,0.842,-0.9,0.1,-0.77,0.21,1.4,0.2,-0.3,1.9,-0.0,1.3,1.2,0.5,0.4,2.8,-0.1,0.7,0.0,1.1,1.5,-0.7,0.2,-2.8,-0.1,-2.0,0.6,3.2,-1.8,-3.5,-1.6,-2.9,-4.5,0.1,0.4,-2.1,0.8,-6.2,-4.1,-15.3,-5.8,-9.4,-7.8,-8.2,-6.1,-4.6,-4.5,-3.3,-1.9,-1.9,-3.4,-2.0,-3.1,-3.4,-5.5,-4.5,-2.9,-5.3,-2.6,-3.1,-0.3,1.3,0.8,2.7,3.8,3.9,2.0,0.4,1.9,3.6,4.4,-0.6,3.2,3.3,1.0,0.2,5.4,-0.2,-0.2,-1.1,-2.1,-1.6,-0.1,-0.6,0.3,0.6,1.5,-2.0,-1.6,-3.4,-2.2,-3.0,-4.4,-4.4,-3.0,-1.7,-1.2,-2.3,-1.1,-1.6,-2.4,-3.4,-4.9,-2.0,2.5,-3.5,-1.6,-0.4,1.3,2.1,-2.7,-2.6,0.3,-0.8,-1.9,2.8,-2.0,-0.6,-3.8,0.1,0.0,-0.6,-3.2,-2.7,-4.9,-6.7,-6.0,-1.5,-3.0,-5.3,-4.7,-2.2,-4.8,0.0,-0.8,-0.9,0.7,-1.3,-3.4,-1.6,-4.2,-3.2,-6.1,-6.0,-6.9,-3.4,13.2,1.1,0.3,0.0,-3.1,-6.1,-6.5,-1.1,-2.8,3.0,-1.7,1.1,-2.1,-2.0,0.5,-2.2,-3.0,-0.8,1.6,-4.3,-4.3,-5.4,-1.6,-3.3,-4.4,-7.1,0.7,-5.6,-4.4,-1.1,0.9,-0.7,-0.8,-0.5,-4.7,-6.4,-7.3,-8.0,-3.2,-5.3,-3.5,-3.2,-4.5,-3.7,-4.6,-3.3,-3.6,-4.0,-6.6,-0.2,-5.2,-3.8,-3.6,-6.2,-5.6,-1.3,-7.7,-8.4,-8.1,-6.4,-7.5,-6.6,-0.8,-8.8,-7.4,-7.5,-7.0,-6.5,-8.8,-5.7,-5.1
2C7L51Gfty,0,48.107643,11.627598,4442256.92,2778456.05,535.2,580.9,286,7362,3.7,0.71,0.53,32.65,348.97,-0.53,-0.103,0.842,-1.1,0.2,0.09,0.28,1.5,0.2,-0.3,6.2,-11.5,4.5,-3.7,-5.5,8.0,0.2,7.0,1.0,7.8,-0.3,9.6,0.1,0.0,1.2,1.1,6.4,0.8,3.4,-1.4,1.4,0.8,-1.2,0.7,3.1,5.3,-1.1,5.9,-3.6,0.7,-6.5,-1.4,-0.3,0.9,3.0,2.2,4.0,4.6,6.6,3.8,3.0,4.9,3.8,4.2,0.2,-1.9,3.4,-7.3,-4.1,1.9,-4.3,0.2,-0.3,0.0,-0.2,0.6,1.1,0.8,0.1,-1.5,-0.7,0.0,-0.2,-4.0,6.3,8.5,-4.1,-1.4,-4.4,-3.1,5.8,-2.0,-7.3,-0.6,0.0,2.0,1.5,2.6,1.3,2.8,-2.0,-0.1,-2.9,-0.5,-1.8,-0.2,0.9,3.4,1.0,1.1,0.8,-0.2,-3.0,-1.6,0.6,3.1,-2.6,2.6,2.6,0.9,0.1,3.8,5.6,0.2,2.2,-0.0,-2.0,-2.7,-1.3,-1.2,-1.7,-2.8,-4.6,-2.1,-3.0,-2.5,1.9,-3.3,9.0,4.0,0.8,0.4,-8.6,0.3,1.1,1.1,2.8,2.5,0.3,1.2,-2.2,0.8,6.2,1.0,-1.7,0.5,-0.3,-1.7,2.7,0.2,8.2,-3.8,-3.7,-2.0,-5.6,-6.4,-7.2,5.3,-8.1,-11.0,-13.1,6.5,-6.1,-4.6,-1.9,-3.4,-2.5,-1.6,-0.0,-2.0,-1.7,-0.2,1.0,-2.2,-2.6,-3.4,-1.5,2.9,-1.8,2.6,-1.7,-6.6,-11.0,-0.5,-16.0,-0.1,-9.1,-14.4,1.4,0.6,-4.9,-6.5,-5.0,-6.2,-3.8,-0.9,-2.3,0.6,0.9,-2.3,-0.2,1.0,3.5,-0.3,-1.1,-0.9,1.9,-1.9,-5.7,-2.2,-5.2,-5.1,-4.0,-5.6,-1.4,-5.1,-9.2,-3.4
2C7L51Gfu7,0,48.107702,11.62805,4442290.48,2778463.26,532.9,578.6,286,7371,4.4,0.62,0.46,32.66,348.97,-0.53,-0.103,0.842,-0.7,0.2,0.53,0.34,1.2,0.3,-0.3,-2.1,-5.4,-3.8,-6.4,-7.7,7.4,-5.1,2.1,-3.3,-15.1,11.0,9.5,6.8,-3.5,4.4,0.5,5.0,-8.3,-8.7,7.2,4.1,-3.9,-2.2,-6.4,-4.8,3.7,-6.9,-12.8,-10.1,-6.8,1.9,-11.9,-9.8,-8.3,-4.1,-4.4,-7.5,-0.9,4.1,-8.3,3.9,-9.2,0.5,-2.6,-0.0,-2.3,-6.8,-4.9,-6.3,-5.6,-2.5,-3.1,-1.9,-2.0,-2.6,-5.2,-4.1,-5.6,-5.4,-4.1,-5.8,-3.9,-8.3,-6.4,-3.8,7.3,-6.9,3.6,-9.9,-5.4,9.1,-4.0,-4.9,-1.6,-4.3,-6.8,-1.3,-2.7,-11.4,-2.2,-2.0,-13.7,-2.4,-6.1,-6.7,-6.6,-7.1,-2.8,-9.0,-9.7,-5.7,-7.6,-17.3,-10.5,-5.8,5.2,-8.4,1.5,-13.3,3.2,-16.1,-8.0,-2.1,-1.9,-3.6,-6.4,-0.1,-4.5,-2.1,-4.8,-1.6,-2.3,2.7,-2.8,-2.3,-6.9,0.0,-7.7,-7.6,-3.7,-6.8,-10.5,-5.5,-9.2,-8.8,-6.0,3.6,-11.1,-3.6,-5.6,-3.9,-5.2,-8.8,-2.2,-12.7,-1.3,-11.0,-9.8,-3.0,1.1,0.9,-4.6,-3.2,-5.9,-3.9,-4.6,-5.7,-7.2,-6.5,-4.9,-4.0,0.2,-3.1,-5.8,-3.1,-4.8,-9.2,-6.3,-7.1,-7.2,-6.5,-6.3,-7.0,-8.5,-8.8,-1.3,-2.6,-6.7,-3.3,-7.0,-2.8,-8.8,-0.9,1.0,1.0,-9.2,-2.2,-5.9,5.9,-7.9,-9.1,-9.6,-6.0,-5.3,-8.3,-9.5,-13.2,-5.5,-5.8,-8.7,-4.6,-8.2,-6.1,-9.3,-4.1,-5.9,-4.2,-3.6,-6.4,-8.0,-8.8,-6.0,-2.4,-4.5,-4.2,-5.3,-5.1,-5.9
2C7L51Gfu9,0,48.107748,11.628417,4442317.66,2778469.06,544.5,590.2,286,7373,4.4,0.61,0.48,32.66,348.97,-0.53,-0.103,0.842,-0.3,0.2,-1.34,0.33,0.7,0.3,-0.3,12.5,-3.0,-9.6,2.8,-8.7,1.9,1.7,11.5,-0.7,-6.1,3.9,-1.9,5.3,5.4,3.3,-0.1,-0.1,3.2,-0.7,-0.1,-2.3,8.2,-3.8,5.2,5.7,3.9,-11.0,-0.9,1.1,-3.9,-9.7,-2.3,2.7,1.2,4.2,-1.3,4.2,8.8,2.3,1.2,-9.8,-1.5,-0.4,2.3,3.0,-1.5,2.8,-3.3,4.5,-7.4,2.5,-0.0,4.5,3.0,6.6,5.0,5.3,6.6,1.7,5.1,-3.7,-0.8,-1.8,9.1,-7.7,-0.5,3.3,2.3,5.6,8.4,2.8,4.4,-1.7,5.1,7.0,8.9,-2.3,5.8,-2.5,1.9,6.5,3.2,5.0,-2.1,3.6,-0.0,2.1,0.5,4.1,-0.7,2.9,0.1,0.8,0.7,1.0,9.1,0.0,-0.9,4.5,2.7,2.0,5.3,3.4,-0.9,4.8,8.0,1.7,5.0,2.6,4.6,-0.4,-2.6,9.5,1.5,-0.5,1.5,-2.3,4.0,13.6,-6.9,7.9,-0.8,3.4,3.9,4.8,3.8,-1.8,3.5,-3.8,3.3,0.9,2.9,-1.5,12.5,0.9,3.4,1.0,1.7,1.1,-1.2,1.4,2.2,-0.1,0.5,5.2,4.0,-5.0,2.9,6.2,2.3,13.2,6.3,5.3,0.5,0.8,3.3,3.8,-0.1,2.4,3.3,2.9,-2.5,2.2,4.1,1.7,8.4,3.8,1.9,-1.4,2.4,3.1,6.1,-3.8,-7.5,-5.1,-10.0,-4.7,1.0,11.7,7.1,-2.6,-5.0,-0.5,-0.2,-3.5,-1.6,9.3,5.2,-1.4,-1.8,-4.6,-0.8,4.0,3.5,-3.0,-3.8,4.1,4.2,-12.1,0.1,-2.3,-6.0,-10.3,1.8,-5.5,3.2,-3.7,-1.3
2C7L51GfuJ,0,48.107816,11.628941,4442356.56,2778477.41,541.7,587.4,286,7383,3.8,0.69,0.47,32.66,348.97,-0.53,-0.103,0.842,-0.6,0.2,0.43,0.29,1.4,0.3,-0.3,4.4,-3.2,1.0,4.9,1.1,-0.8,-0.0,2.7,0.7,-2.0,1.6,3.1,5.1,-1.6,4.7,2.3,4.3,2.3,1.2,1.1,2.5,1.9,3.4,0.8,4.1,2.5,2.3,1.9,-0.6,-1.1,-3.6,-5.4,-2.8,-0.6,-0.5,-0.2,0.9,5.0,6.4,5.1,2.2,-0.2,3.5,1.6,3.0,2.4,-3.1,-1.9,-2.6,-7.5,-3.4,0.9,-2.9,-1.1,-1.4,-1.4,-4.6,0.9,1.0,2.0,-1.2,1.4,1.1,-1.5,3.5,1.4,-1.5,-9.8,0.8,0.4,3.5,1.4,0.5,0.1,3.0,0.8,1.3,-2.6,-1.7,-0.3,3.5,4.1,-2.7,0.0,-1.3,0.1,2.0,-1.2,-3.2,-1.7,5.7,0.3,0.4,0.0,-2.1,2.4,1.0,3.9,4.4,4.6,2.0,1.3,3.0,1.5,5.7,3.7,5.5,4.5,2.2,8.9,0.0,-4.9,-7.1,-6.9,-2.9,-4.0,-7.4,-7.3,-4.1,-12.4,-3.9,-3.3,3.5,-7.2,1.5,1.5,-2.4,-7.7,-0.9,13.8,-2.6,6.6,12.8,4.6,-0.3,3.7,-1.5,-1.7,3.2,0.8,2.1,2.4,-0.3,-8.0,-1.9,-7.2,0.5,-9.0,-5.6,8.5,-10.9,-1.9,-8.4,-1.8,-6.2,1.3,4.7,-2.6,0.8,0.5,-0.1,-0.7,-3.8,-5.6,-6.9,0.9,-4.2,-4.0,-3.4,4.3,-0.9,-3.0,-1.2,3.3,-2.7,-4.3,0.3,1.7,-2.5,-4.2,-1.2,1.5,-0.1,-3.0,-8.2,-1.4,-5.0,0.1,-0.6,6.3,8.5,5.3,-1.5,-3.3,0.5,0.0,-5.0,-2.1,-5.5,-1.7,-6.0,-4.8,2.7,-3.0,-1.3,-5.4,9.2,2.3
2C7L51Gwv9,0,48.10682,11.621043,4441770.66,2778353.83,537.2,582.9,287,7247,3.2,0.72,0.34,32.6,348.93,-0.529,-0.103,0.842,-1.2,0.2,-0.38,0.24,2.6,0.2,-0.3,-1.9,-0.1,-1.0,-2.4,-1.5,-1.2,-1.0,-0.4,-0.6,7.9,0.9,-0.4,2.0,-0.0,-6.9,-6.9,-9.4,-6.2,-6.6,-7.1,0.2,-4.4,-1.9,-2.9,-0.5,-6.3,2.6,-3.6,-2.7,-9.2,4.7,-8.5,-6.2,-10.7,-17.0,-6.8,-6.8,-7.0,-5.3,-6.6,-0.4,-1.8,-1.5,-1.8,-3.0,-1.4,3.2,-1.3,-1.8,0.2,-1.1,-1.3,-0.8,-1.0,-0.8,-3.6,-1.3,-1.8,-1.2,-4.9,-4.5,-4.1,-1.9,-1.7,-6.7,-1.1,-3.6,0.1,-1.7,-1.4,-1.9,-2.5,-0.4,-3.6,-4.2,-4.8,-3.4,-3.5,-4.5,-3.9,-4.2,-4.5,-3.9,-1.1,-2.7,-2.3,-1.9,-10.4,-10.5,-11.3,-10.3,-0.4,-1.3,-8.4,-10.2,-1.3,-3.9,-10.1,-7.7,-0.3,-0.1,-5.5,-1.6,-1.6,-5.9,-1.4,-2.9,-1.9,-1.5,-2.6,-2.2,-0.4,-0.3,-0.6,-0.2,0.3,-1.7,-1.4,-1.2,-1.2,-5.0,-3.5,-2.8,-5.8,-5.4,-4.6,-2.2,-5.4,-5.4,-8.8,-14.9,-3.2,-5.5,-6.4,-10.7,-7.9,-7.0,-8.9,-3.6,-0.8,-4.8,-4.2,-3.7,-2.2,-1.6,-2.5,-0.2,-2.9,-4.0,-3.3,-2.4,-1.0,-3.9,-5.4,-4.9,-6.8,-5.9,-5.3,-7.6,-4.1,-8.9,-12.2,-3.4,-13.0,-4.0,-5.3,-10.1,-8.0,-1.2,-2.2,-6.5,-10.3,-9.5,-3.4,-7.0,-5.4,-5.7,-4.8,-5.4,-4.1,-4.7,-5.5,-4.4,-3.5,-4.8,-11.9,-6.7,-12.1,-12.3,-12.0,-1.8,-6.6,-13.8,-13.5,-14.4,-13.6,-14.2,-14.7,-9.7,-19.1,-1.5,-2.5,-4.2,-3.9,-2.6,-3.5,-5.1,-5.6
2C7L51GwvE,0,48.106868,11.621414,4441798.18,2778359.72,539.8,585.5,287,7252,2.3,0.85,0.36,32.6,348.93,-0.529,-0.103,0.842,0.0,0.1,-0.69,0.18,1.3,0.2,-0.3,-0.7,-0.5,2.0,0.6,0.2,-1.2,0.5,0.4,-2.0,-2.1,1.8,0.8,3.9,1.0,3.0,2.1,2.6,1.8,-1.5,2.1,3.9,3.5,1.9,0.5,4.1,8.1,1.2,1.3,0.8,1.3,9.1,2.1,-2.1,6.1,-3.6,0.1,2.8,5.6,7.9,3.1,1.6,2.5,4.2,5.2,1.6,-1.5,-0.4,0.1,-0.7,0.2,1.9,0.7,0.3,0.2,0.0,-1.9,0.3,-0.9,0.2,-0.6,-2.1,0.1,0.8,-1.5,-2.5,-2.9,-2.5,0.3,-2.9,-1.4,-1.7,-0.6,-2.3,1.3,7.1,2.8,3.2,1.7,5.4,1.3,6.4,3.3,2.7,0.9,-0.0,1.5,2.8,1.6,4.0,0.9,3.1,3.4,2.1,5.1,0.7,3.8,2.7,4.9,3.5,4.7,3.1,4.3,3.2,2.6,2.4,3.8,1.0,2.3,3.2,3.4,1.9,1.6,4.5,1.5,0.6,1.1,-0.3,1.0,1.6,3.1,2.0,4.2,4.1,-0.2,2.1,2.3,2.4,2.8,1.9,0.7,2.4,6.8,3.3,4.3,5.4,3.9,3.5,5.9,5.2,4.1,6.9,1.7,-1.2,5.2,3.7,2.7,0.3,6.6,7.7,13.7,-0.5,0.8,-1.0,-2.0,3.2,-0.7,5.2,4.0,3.6,1.4,3.9,1.7,2.3,8.2,2.4,3.3,4.6,4.2,4.9,0.7,2.3,-1.8,0.0,1.9,-3.8,-3.8,0.7,2.1,-4.0,1.5,0.1,2.1,3.1,1.6,1.3,0.5,2.4,1.0,2.8,0.1,0.7,2.5,2.0,2.5,-1.5,2.6,2.7,-2.5,-1.2,-1.8,0.1,2.6,2.7,0.8,5.9,0.2,-0.3,-2.4
2C7L51Gwwd,0,48.107496,11.626305,4442160.99,2778437.55,537.5,583.2,287,7339,3.5,0.57,0.38,32.65,348.97,-0.53,-0.103,0.842,-0.8,0.2,0.12,0.26,4.7,0.2,-0.3,1.7,5.0,4.6,1.4,4.1,-0.1,4.0,1.5,-0.4,-8.8,-2.8,-3.3,-2.2,-4.8,-6.4,-8.1,-8.1,-8.3,-9.6,-14.5,-11.1,-9.0,-6.7,-8.3,-6.9,-5.9,-6.1,-8.3,-7.7,-9.2,-25.4,-12.3,-13.2,-12.4,-11.7,-10.5,-8.4,-10.0,-7.1,-8.8,-6.7,-8.9,-7.1,-9.5,-9.6,-8.9,-9.6,-6.3,-7.4,-5.6,-4.4,-2.1,-0.7,-2.9,-2.4,-2.8,-2.5,0.9,1.4,1.9,2.9,2.8,-5.9,3.9,-5.4,4.0,2.4,2.9,-2.3,-4.2,-7.0,-5.9,-6.0,-3.1,-5.7,-7.5,-8.5,-8.3,-10.6,-10.6,-10.7,-11.0,-10.5,-10.2,-9.9,-9.2,-9.4,-10.5,-9.4,-11.3,-10.0,-10.1,-10.8,-12.2,-9.7,-6.7,-10.2,-9.1,-8.9,-7.2,-7.0,-8.1,-8.8,-9.1,-8.7,-9.7,-7.6,-7.8,-6.7,-8.2,-8.9,-7.6,-7.3,-5.3,-3.5,-2.5,-14.7,-1.7,2.1,0.6,-7.4,-0.2,-3.5,-4.7,-7.2,-7.0,-9.3,-6.9,-12.7,-7.9,-10.8,-11.0,-11.7,-12.4,-3.5,-4.9,-3.0,-16.1,-7.9,-7.0,-8.6,-6.8,-6.7,-8.4,-4.2,-3.0,-8.7,0.4,1.1,-2.7,-3.0,0.2,-7.3,-7.0,-7.7,-6.7,-7.9,-6.3,-7.6,-8.9,-7.5,-4.1,-12.3,-16.5,-12.7,-11.5,-10.4,-1.0,-5.3,-3.4,-12.8,-18.2,-8.5,-10.1,-9.6,-15.6,-2.7,-5.1,3.1,-3.7,-5.8,-5.7,-6.3,-7.3,-8.9,-9.5,-15.0,-15.2,-13.6,-15.1,-12.4,-7.8,-11.1,-15.8,-17.3,-20.1,-9.1,-1.6,-12.0,-9.7,-9.3,-7.9,-4.5,-9.6,-4.3,-2.6,-2.4,-3.3
2C7L51Gwx6,0,48.107719,11.628046,4442290.1,2778465.23,541.2,586.9,287,7368,3.1,0.77,0.25,32.66,348.97,-0.53,-0.103,0.842,-0.9,0.2,-0.12,0.24,1.9,0.2,-0.3,0.0,0.8,1.1,1.4,1.1,-7.3,2.8,0.1,3.0,-8.6,1.9,-6.4,2.5,2.1,1.9,3.5,5.0,5.6,5.1,3.9,2.6,5.4,1.6,4.2,4.9,6.1,4.0,-4.1,0.5,1.9,12.2,1.1,1.2,0.9,1.2,3.9,4.4,5.4,7.3,5.9,4.6,-2.8,4.5,4.9,4.1,2.2,-4.6,-0.1,1.3,2.0,1.6,2.3,2.9,2.0,1.3,2.6,-1.2,1.7,1.3,0.2,0.1,0.4,-2.8,0.6,-8.7,-7.3,-2.7,0.3,-1.5,-0.2,-5.5,1.0,-4.9,0.6,1.1,2.8,0.7,1.8,0.4,3.3,0.8,2.5,1.7,1.5,0.8,4.0,3.9,6.0,4.3,2.4,3.2,-0.2,-6.4,-0.9,1.6,6.0,-0.9,4.3,4.2,4.1,1.7,3.2,4.2,3.0,4.8,3.6,3.0,2.7,4.1,2.8,2.0,2.3,-0.6,1.5,2.1,-4.2,-3.3,-1.1,-1.1,-0.4,-5.1,-1.4,-1.4,1.8,4.1,3.4,-6.4,2.6,0.5,1.8,1.6,1.1,-4.7,1.5,1.7,1.8,2.8,0.7,4.5,4.2,-5.7,-3.6,0.9,1.3,-0.4,-1.1,-1.3,-0.8,-0.8,0.4,-2.4,1.1,1.9,1.6,1.0,-2.0,-1.0,-0.2,0.2,-0.2,3.3,1.6,-0.2,-0.9,-0.7,0.9,0.3,3.9,0.5,2.1,2.2,-1.2,-8.8,-9.3,-10.1,-12.3,-8.5,-3.9,11.0,-4.2,-2.3,-1.8,-0.8,-2.9,-1.1,-0.8,-6.7,0.5,-1.2,-3.8,1.7,-0.1,2.3,0.5,0.1,-0.2,3.4,0.8,-2.8,-1.2,-8.8,-2.1,-0.9,-1.6,-0.8,-5.2,-2.1,-1.3
2C7L51Gwx7,0,48.107725,11.628086,4442293.09,2778465.87,540.4,586.1,287,7369,3.9,0.68,0.35,32.66,348.97,-0.53,-0.103,0.842,-0.9,0.2,-0.46,0.3,2.1,0.3,-0.3,1.6,1.6,3.3,1.5,1.7,-6.4,3.3,2.7,5.0,-6.9,5.8,-5.5,5.3,6.3,1.8,3.9,4.2,5.1,5.4,4.1,4.8,3.3,1.4,2.5,2.2,1.7,3.7,-3.9,1.0,1.6,10.8,-1.7,0.5,-0.6,0.3,2.1,5.8,3.2,7.0,5.6,4.4,-3.4,5.3,3.3,2.6,2.0,-5.2,-2.1,3.1,1.7,3.1,2.0,3.2,2.7,2.9,2.3,-0.7,1.2,2.1,-0.5,-0.2,0.6,-2.2,1.0,-7.9,-7.1,-4.3,3.1,-1.9,2.4,-8.4,2.8,-6.0,4.0,2.0,4.2,1.5,4.8,1.5,4.0,1.8,3.4,-0.7,3.3,1.1,4.7,5.2,5.0,4.9,2.0,2.9,-0.7,-7.9,2.4,-0.8,7.0,-3.5,7.1,2.8,6.6,3.0,3.1,4.0,2.8,5.3,3.3,6.0,2.2,4.8,4.4,2.0,5.1,0.8,5.4,4.4,-3.9,-3.0,-2.6,-3.0,0.8,-4.1,2.3,-0.9,4.0,3.2,4.3,-6.8,2.6,1.3,1.7,2.0,1.3,19.6,3.1,6.0,8.5,5.3,1.7,5.4,4.5,-5.7,-5.6,1.0,-0.2,-1.0,-1.4,-3.7,-2.9,-3.0,-0.8,-4.9,0.5,0.9,3.0,2.4,-2.2,-2.6,1.4,2.6,1.7,3.9,-3.2,1.6,1.0,4.2,0.2,0.7,8.2,4.9,1.6,2.9,3.5,-11.2,-10.1,-11.7,-13.8,-11.5,-2.8,11.6,-4.2,-1.0,-3.7,-1.2,-3.8,-1.3,0.2,-9.3,2.9,2.2,2.1,1.5,-0.0,1.6,-0.6,0.3,-1.0,1.3,1.8,-2.7,1.3,-13.2,1.3,-0.7,-4.6,-1.4,-10.2,-1.2,-1.6
2C7L51GwxH,0,48.107785,11.628559,4442328.17,2778473.41,534.5,580.2,287,7379,4.5,0.62,0.49,32.66,348.97,-0.53,-0.103,0.842,-0.0,0.2,-0.24,0.34,1.2,0.3,-0.3,-0.1,0.1,2.2,-4.1,-2.8,-1.6,8.4,-1.5,-0.1,0.6,-1.3,-0.8,1.3,0.1,-3.8,-1.7,-4.8,-1.7,-0.7,-4.8,-0.2,-1.1,-8.0,-4.7,-3.1,-1.8,-0.4,0.5,8.0,-6.8,-8.5,-4.5,-0.1,2.1,-2.0,0.2,1.2,0.5,4.3,0.4,5.4,-2.8,8.0,-1.9,8.2,3.8,-8.1,7.8,-15.9,1.3,-8.1,-5.0,-6.3,-3.5,-0.5,-3.8,-0.3,-2.6,-5.1,-4.0,-5.0,-4.5,-1.5,-1.0,-5.0,-3.9,-4.7,1.4,-5.4,-2.6,-1.6,-2.1,-2.1,-0.0,-3.0,-1.8,-3.2,-3.6,-2.9,-0.0,-2.2,-0.1,2.3,2.2,-6.8,-2.6,-6.8,4.2,-2.3,-6.6,2.6,-1.4,-10.6,-9.6,-14.9,5.3,-2.2,-14.1,4.1,9.4,2.4,-1.7,-3.0,0.2,-3.6,-8.9,3.2,5.8,-15.7,-12.1,10.4,4.5,7.7,3.9,6.3,0.9,1.9,0.9,3.1,2.2,-2.2,2.5,-0.1,3.5,0.2,-2.4,-2.9,-2.5,9.8,4.8,-5.9,-8.6,-2.2,-6.6,-5.7,-0.3,2.1,-10.8,-1.2,4.4,-7.2,-4.6,-4.4,-3.4,2.5,1.5,0.2,2.6,3.3,3.1,3.9,4.5,3.1,3.6,2.7,1.3,1.5,4.4,1.3,0.0,-3.8,-3.5,-2.0,-0.2,-7.6,-1.1,1.8,-7.5,-5.0,-1.5,-2.4,-3.6,-8.5,4.8,0.2,0.5,-1.0,-1.2,-2.3,-3.5,-1.6,-4.8,-2.9,-1.7,-0.3,-0.1,0.2,-3.1,-1.3,-5.7,-4.3,-5.3,-3.3,-10.8,-3.2,-6.3,-2.4,-6.8,0.9,5.9,-1.6,-0.9,-0.7,0.1,-1.2,0.5,0.8,1.4
2C7L51GwvK,0,48.106912,11.621615,4441812.99,2778364.98,534.7,580.5,287,7258,4.0,0.65,1.02,32.6,348.93,-0.529,-0.103,0.842,-0.2,0.2,-0.13,0.31,2.8,0.3,-0.3,3.2,-0.6,-0.2,0.2,2.3,-2.1,0.8,-0.4,0.9,-13.1,0.2,1.3,2.3,2.0,-1.0,-1.2,-1.5,0.3,-5.6,-2.4,-1.7,0.1,-2.5,-6.3,-4.7,-3.8,-0.1,-1.9,-3.8,-9.6,-20.0,-6.3,-9.7,-7.9,-9.1,-3.5,-7.4,-6.1,-1.9,-7.1,1.7,-0.8,-5.6,-2.4,2.4,0.8,-0.6,-2.5,1.2,-0.6,2.8,0.7,4.2,-0.4,3.1,2.3,1.7,1.1,3.3,3.3,1.8,2.9,6.1,0.8,2.9,-2.1,0.4,1.5,-0.1,-1.6,-15.9,5.0,0.1,-1.3,-3.2,1.4,6.5,-0.4,-5.0,-6.0,-5.7,3.9,-3.0,-15.2,-12.2,-9.2,-5.5,0.6,-3.2,-1.9,-8.1,-4.5,-6.1,4.0,0.2,-5.5,-6.4,-7.0,-5.8,-1.3,6.4,-4.2,-4.9,-6.3,-5.1,0.6,-0.8,4.4,1.4,-3.2,-3.4,-3.0,1.1,-1.5,0.1,-0.3,3.1,-1.0,-1.1,1.2,-2.4,0.9,-3.0,-2.5,1.1,4.5,-2.1,0.7,-4.9,4.6,-3.3,-2.2,-14.0,-7.8,-0.7,-5.3,-2.4,-3.5,-4.7,4.3,3.6,-0.9,3.6,0.7,-0.9,-0.3,-3.5,-3.2,-1.9,1.4,-0.2,2.0,2.0,-2.5,-2.7,-2.4,-16.4,-0.5,2.3,4.3,-4.5,-2.5,-2.0,-5.3,-16.2,-5.1,-5.2,-8.3,3.2,-13.9,-6.2,-4.4,-5.2,-6.7,-8.2,0.9,-2.3,-1.9,-1.0,-0.6,0.7,-0.8,1.1,0.4,-0.8,-7.2,1.7,4.9,4.8,-2.9,-12.0,-8.9,-0.4,-2.0,-1.8,-5.8,-0.7,-7.4,-3.7,-3.5,-0.6,-2.8,-3.2,0.6,-1.6,-0.4,-0.1,0.6
2C7L51Gwvw,0,48.107214,11.62397,4441987.71,2778402.44,542.1,587.8,287,7296,3.7,0.72,0.42,32.64,348.97,-0.529,-0.103,0.842,-0.5,0.2,0.22,0.28,1.7,0.2,-0.3,-2.0,0.2,2.1,2.8,2.5,-0.8,2.4,-0.7,4.8,-2.1,-1.1,-2.3,2.4,-0.3,4.8,4.1,3.8,5.0,9.4,3.9,1.8,4.9,0.6,-14.9,-0.2,8.8,3.3,4.1,-1.5,0.3,7.7,0.4,-3.6,1.2,2.4,-1.2,-5.7,0.5,6.3,2.0,3.4,3.0,6.4,0.8,2.7,0.9,2.8,-3.7,-2.3,-1.0,-4.3,-0.1,-1.8,4.0,0.1,1.6,-6.4,-4.3,0.3,-3.6,-3.8,1.8,-1.2,-0.7,-1.2,-5.8,-4.6,-1.8,-4.7,1.0,-3.8,-4.5,-2.4,-6.1,1.4,3.8,2.0,0.4,0.5,4.5,6.0,1.7,-2.0,-1.8,0.5,-6.2,0.3,4.3,8.0,-2.1,-3.8,-2.1,2.4,7.4,1.2,-2.7,-2.1,10.7,3.8,4.5,0.5,6.0,4.0,1.6,3.5,2.2,2.6,4.3,7.8,2.1,-1.5,0.9,2.2,-2.2,-1.4,-4.3,-4.9,-4.4,-2.8,-2.1,2.8,2.2,4.0,-3.8,-1.8,1.0,1.6,0.7,1.6,-2.1,-2.6,0.9,0.6,1.9,0.6,3.9,11.9,-0.3,-1.1,3.9,-1.6,2.3,-1.2,-0.5,-1.6,0.7,-3.9,0.5,-6.9,-0.2,-0.4,-0.2,-4.2,-5.1,-0.3,-1.8,-0.3,-2.3,-2.0,-3.4,-5.9,4.2,9.2,3.1,-3.1,2.2,-2.6,-1.6,1.1,1.3,-1.7,-17.8,0.8,-3.9,-4.7,2.3,-0.7,-1.1,0.9,-9.7,-8.0,0.6,0.3,-3.6,0.4,1.4,-1.3,4.7,3.0,-5.9,-4.8,2.8,7.8,1.4,-0.5,1.9,-1.3,-0.1,1.8,-1.8,-0.8,0.4,-2.4,1.7,0.9,-1.8,-5.3,-1.2
2C7L51Gwvx,0,48.107217,11.623993,4441989.44,2778402.81,540.5,586.2,287,7297,1.9,0.93,0.26,32.64,348.97,-0.529,-0.103,0.842,-0.2,0.1,0.2,0.15,0.5,0.1,-0.3,-0.9,0.6,1.2,1.9,1.5,-1.4,-0.0,-0.2,1.4,-0.7,-0.4,-2.1,0.3,-1.7,1.5,0.8,-0.4,-0.9,-0.3,-1.8,-3.0,0.2,-1.7,2.6,1.2,1.6,-0.7,0.0,-1.0,-3.5,-18.8,-4.0,-5.7,-3.3,-2.5,-3.0,-2.5,-0.6,3.4,-0.4,0.8,0.8,2.4,0.5,-0.8,-0.9,0.5,-2.6,-2.5,-0.6,-0.9,-0.4,0.5,1.6,-0.9,-2.0,-1.0,-2.5,-0.5,-1.7,-2.3,0.9,-1.5,-1.4,-2.4,-2.6,-1.5,-1.9,-3.1,-1.3,-2.5,-2.6,-2.5,-1.7,-0.5,0.0,-1.4,-1.7,-0.8,0.8,-1.1,-1.1,-3.4,-4.9,-4.3,-3.4,-1.3,-0.5,-2.3,-3.2,-0.7,-2.5,-2.6,-1.6,-1.2,-2.1,-3.0,-1.0,1.0,1.0,-3.3,1.4,-1.4,-0.2,-1.6,1.7,0.6,0.7,0.8,0.1,-1.9,-1.3,-1.4,-1.7,-1.8,-1.2,-2.5,-1.1,-0.1,0.1,-0.1,-0.2,0.6,-2.9,-1.0,-0.8,-1.2,-0.6,-1.2,1.5,-3.5,-1.4,-1.1,-2.6,-1.4,-2.6,0.3,-3.1,-1.0,1.1,-0.5,0.5,-2.0,-4.3,-2.4,-1.5,-3.6,-1.3,-0.3,-0.7,-0.7,-0.6,-3.9,-4.3,-4.1,-2.6,-3.9,-4.1,-3.0,-4.5,-1.3,-0.6,-2.8,-0.7,-3.6,2.2,-3.3,-3.7,-0.4,-0.8,-3.1,-2.9,-1.0,-2.5,-2.2,-2.4,-1.3,-1.2,-1.6,-1.6,-1.4,-0.1,-0.9,-1.6,-0.0,-0.5,-1.5,0.2,-1.6,-4.8,-2.4,-2.0,0.4,-0.9,-3.4,-0.5,-1.2,-0.3,-2.0,-1.4,-2.5,-1.2,-1.0,-0.4,-0.7,-1.7,-2.8,-1.7
2C7L51Gwvy,0,48.10721,11.623933,4441984.97,2778401.86,534.8,580.5,287,7298,2.7,0.81,0.42,32.64,348.97,-0.529,-0.103,0.842,-0.3,0.1,-0.06,0.21,1.2,0.2,-0.3,-0.6,-0.7,0.6,-0.2,-0.2,-2.5,-0.6,-2.3,-0.1,-1.7,-0.4,-5.2,-0.2,-1.2,-0.9,-1.9,-4.1,-3.9,-4.4,-5.5,-4.1,0.5,0.1,-1.2,-0.4,1.7,7.2,-6.3,0.6,-5.9,5.4,-10.3,-8.7,-5.5,-5.5,-4.7,-0.3,-2.0,2.2,-3.0,1.5,1.5,1.3,-0.6,-1.9,-4.0,1.1,3.0,6.1,1.2,-0.4,-2.8,-1.0,-0.2,0.3,-3.4,-1.4,-0.5,-0.8,-3.4,-2.8,0.3,1.9,-1.0,-1.9,-3.3,-2.2,-0.4,-2.5,-2.3,-4.4,-0.6,-2.2,-2.6,-0.7,-2.0,-4.2,-3.2,-1.2,0.7,-3.3,-3.5,-3.8,-3.1,-7.8,-4.5,-3.3,-3.0,-5.7,-3.0,-3.8,-1.7,-3.4,-3.8,-2.9,-3.1,-1.5,-4.2,-1.1,-1.4,-9.0,-1.2,-1.6,0.4,-2.0,0.9,-0.0,-1.9,-0.2,0.9,-0.9,-0.6,-3.2,-0.0,1.0,-0.4,-2.1,-1.6,-0.1,-0.1,-0.6,-1.1,-0.4,-1.3,-0.2,-2.0,-3.3,-1.7,-1.6,1.5,-6.7,-3.9,-1.0,-2.7,-1.3,-2.7,-2.1,-4.8,-2.4,-0.7,-1.5,-0.5,0.5,-4.9,0.0,-2.9,5.6,-2.5,-0.2,1.0,-0.1,0.3,-3.5,-1.2,-4.7,-5.2,-7.8,-9.4,-5.9,-2.6,-0.3,-4.5,-6.7,-2.7,-3.2,2.6,-2.6,-6.7,-3.0,-5.6,-8.0,-6.1,-1.8,-3.5,-0.5,-10.2,1.6,2.0,0.3,1.7,2.1,2.8,-1.5,1.0,2.7,2.5,-1.7,-1.6,-7.8,-4.4,0.4,-10.2,0.4,-7.5,-7.1,-4.3,4.2,-1.3,-1.2,-3.0,-4.3,-3.4,-3.4,-2.8,-3.0,-5.2,-5.3,-2.6
2C7L51Gww6,0,48.107289,11.624552,4442030.89,2778411.7,542.7,588.4,287,7306,3.5,0.8,0.39,32.64,348.97,-0.529,-0.103,0.842,-0.9,0.2,-0.81,0.27,0.2,0.2,-0.3,-1.2,2.7,3.4,1.2,3.2,-1.6,0.8,1.8,5.0,-1.9,3.7,-1.0,3.7,3.6,2.5,0.3,-14.0,12.0,-14.1,5.8,1.8,1.9,6.6,6.7,-13.6,0.2,3.2,-6.8,1.3,-1.4,-14.8,1.1,-2.1,-1.6,-1.0,-3.6,2.5,3.0,4.5,3.6,1.0,-13.0,2.4,0.1,2.1,2.8,3.4,0.2,0.6,1.1,1.5,0.2,1.4,3.3,1.8,3.4,1.7,2.2,0.6,0.5,0.9,3.1,-1.6,-0.2,-1.5,-1.3,1.5,0.2,1.3,0.6,-0.2,1.6,-0.8,-0.9,1.1,0.3,2.6,-0.6,-1.5,-2.3,2.6,-1.7,0.0,3.8,1.0,2.8,-1.4,2.8,4.3,1.9,0.7,-1.5,1.4,3.1,2.1,2.5,2.2,0.7,3.9,0.5,2.5,5.4,0.3,2.8,2.4,-0.2,-3.0,0.2,-1.1,-1.8,-3.2,-0.3,-0.2,1.9,-0.1,-2.2,-3.2,-0.9,1.4,-1.0,-3.2,-0.5,-2.2,-2.3,-1.2,-1.0,-1.1,1.3,3.6,0.9,-0.9,2.9,-1.0,4.5,-1.1,3.1,0.4,-2.0,-2.8,4.5,-3.2,-0.7,-2.3,1.7,1.4,-0.3,-2.7,0.2,1.4,1.7,-2.4,1.1,1.9,-0.4,0.7,-0.7,-1.1,-0.6,0.3,2.2,-4.8,0.7,4.2,-5.6,0.6,3.3,7.2,-0.8,1.5,-3.1,-7.3,-7.8,-6.1,-2.8,-6.0,-5.7,-1.7,-2.3,-12.6,-2.0,-2.8,-2.4,-1.5,-5.5,-1.9,-1.1,-3.0,-0.6,1.7,-3.7,-1.6,-6.6,-2.2,-0.1,-11.7,-9.6,-6.6,-2.8,-5.3,-3.0,-5.4,-3.9,-5.3,-3.0,-3.0,-4.5,-2.7,-2.3
2C7L51GwwG,0,48.107346,11.624993,4442063.61,2778418.73,537.4,583.1,287,7316,2.3,0.89,0.33,32.64,348.97,-0.529,-0.103,0.842,-0.7,0.1,-0.04,0.18,0.2,0.2,-0.3,-0.6,-0.4,2.6,-1.5,0.2,1.5,1.2,0.7,2.0,-8.5,0.8,0.4,0.6,-2.2,0.1,-0.0,-0.5,0.8,0.1,-0.9,-5.7,-1.9,-0.8,1.6,3.5,2.0,-0.2,-3.2,-0.1,-2.7,10.8,-3.0,-2.4,-1.7,-3.0,-0.9,2.0,0.2,2.5,1.2,-0.5,-3.4,1.5,-0.1,-1.2,-3.2,-2.8,-4.9,-2.0,-2.6,-3.1,-1.6,-1.4,-0.3,-0.3,-3.0,-1.8,-1.3,-3.1,-2.2,-2.5,-0.5,10.3,-0.4,4.1,-2.4,-2.2,-2.0,-0.2,0.2,-4.0,-0.9,-1.4,-2.3,-0.6,0.9,0.2,-0.3,-2.2,-2.2,-1.8,-1.7,-3.5,-4.5,-5.1,-1.5,-1.5,2.7,1.4,-0.2,0.8,-5.6,-7.5,-3.1,-3.4,-2.8,-4.1,1.2,0.5,-0.2,-2.5,0.2,0.3,0.3,-0.2,1.3,-1.0,-2.0,-0.6,-2.6,-1.9,-3.9,-3.2,-4.2,-4.2,-2.1,-4.0,-4.8,-5.0,-2.3,-1.0,-4.8,-4.1,-1.7,-0.1,0.4,-2.1,-0.6,-0.2,-1.5,-5.0,-1.3,-4.6,-1.1,0.3,-1.4,0.5,-0.8,1.3,0.5,0.2,-2.6,-0.9,-1.0,-3.8,-1.2,-3.6,-2.7,-2.2,-2.2,-0.9,-0.2,-1.4,-1.5,-2.3,-2.8,-3.1,-2.8,-1.7,-2.5,-3.3,-1.5,-3.5,-4.0,-6.0,-2.0,-7.6,-2.6,-4.1,-1.9,-3.6,-4.7,-5.1,-5.0,-3.0,1.5,-3.9,-3.3,-3.5,-3.6,-4.0,-2.0,-4.0,-3.2,-1.8,-1.8,-2.7,-3.4,-2.2,-5.4,-5.6,-2.1,5.0,-4.1,-3.8,-2.9,-1.7,-3.7,-5.6,-6.9,-5.2,-3.8,-4.8,-4.0,-2.2,-5.1,-7.8,-6.3
2C7L51GwwL,0,48.107388,11.625318,4442087.74,2778423.9,539.6,585.3,287,7321,3.2,0.77,0.44,32.64,348.97,-0.529,-0.103,0.842,-0.4,0.2,-0.12,0.25,1.3,0.2,-0.3,0.7,-1.3,-0.6,-0.9,-1.6,2.9,1.2,-0.1,0.5,2.3,-0.0,3.0,1.2,-2.0,-3.3,-2.0,-4.9,-5.3,-5.5,-3.1,-2.6,-3.7,-0.7,-2.6,-6.1,-1.0,-0.3,5.6,2.8,-7.7,-17.8,-7.9,-9.5,-7.8,-4.8,-2.9,-3.2,-4.5,-1.3,-0.3,-2.5,1.0,-0.7,-1.9,-2.5,-2.9,-13.7,-0.3,1.0,-0.5,-0.2,-2.6,-0.3,-0.4,-2.3,1.2,-0.9,0.6,-4.3,-0.8,-0.3,-0.9,-8.1,-1.8,8.2,0.7,-1.1,3.1,-3.0,-1.2,-2.6,-2.4,-1.8,-1.7,2.0,0.1,-0.9,-1.6,-5.3,-2.0,-4.0,-2.0,-2.9,-5.2,-6.0,-3.6,-6.4,1.0,-1.0,-5.1,-4.0,-8.5,-2.2,2.7,-7.3,-2.2,0.4,-4.2,-5.8,-8.5,-0.8,-6.6,-5.0,-6.7,-4.4,-5.8,-0.4,3.7,-2.4,-3.7,0.7,-3.9,-4.6,-2.8,-2.0,-0.5,-3.4,-0.8,-5.5,-6.3,-2.5,-3.1,-2.0,-3.1,-1.4,-2.3,-10.4,1.8,-2.3,-2.9,-1.1,-2.1,-5.4,-6.3,-7.6,-7.2,-7.4,-10.0,-3.8,-0.3,-4.3,-3.3,-3.3,-1.3,-1.3,-3.1,-7.3,1.5,1.1,-0.7,-2.7,4.8,-1.3,-2.7,-2.3,-0.1,-1.5,-0.7,0.9,-2.9,2.5,-1.6,-0.7,-1.6,-4.8,3.3,-1.5,-4.8,7.2,-2.4,-4.3,-6.1,-5.1,-3.4,-1.3,-9.0,-2.5,-2.8,-7.1,-3.2,-4.4,1.7,0.1,-3.1,-4.4,-3.9,-5.3,-9.9,-3.8,-6.6,-0.5,-5.6,-6.9,-7.3,-5.8,-4.3,-5.0,-6.4,-8.2,-2.0,3.8,-1.7,-1.8,-4.1,-4.1,-6.0,-6.6,-6.6
2C7L51Gwwl,0,48.107582,11.62683,4442199.9,2778447.95,540.5,586.2,287,7347,4.2,0.64,0.44,32.65,348.97,-0.53,-0.103,0.842,-0.6,0.2,0.07,0.32,1.5,0.3,-0.3,-7.1,-4.5,0.4,1.8,-7.8,5.5,-0.1,5.8,1.3,3.1,0.7,4.2,-0.2,0.7,1.5,-1.0,-1.7,0.4,-0.4,-5.0,-3.8,9.0,1.9,2.3,3.2,1.1,-1.6,-1.3,0.3,-6.1,9.7,-4.7,1.9,-3.6,-7.7,-8.2,-3.0,-5.0,-0.8,-2.7,-4.7,-2.3,-3.8,10.0,-4.5,-2.6,1.3,-5.5,-3.0,-2.8,-1.8,-2.5,-1.3,-4.3,-4.9,-4.0,-5.3,-6.4,-6.0,-4.6,-4.4,-5.1,-0.4,-8.2,-11.6,-7.9,-6.1,-8.8,-11.4,-11.7,-5.3,-7.0,7.7,-8.2,-12.0,-8.7,-10.2,-8.9,-3.3,-8.6,-13.9,-6.7,-4.3,-3.8,-1.8,-3.6,-0.1,3.4,3.3,3.9,3.9,-1.4,-6.2,-2.8,2.2,3.7,-1.5,5.8,-1.5,-2.2,-2.8,-4.7,-1.2,-1.2,-4.3,-1.5,0.6,1.4,3.2,-4.4,3.2,1.4,5.0,1.6,1.8,-9.8,-6.3,-3.0,-1.2,-4.9,-2.5,-1.1,-8.1,1.7,2.2,-0.1,-5.1,-1.2,-3.4,-3.3,-6.0,-3.8,-2.2,-2.4,-1.2,-5.4,-3.9,-10.1,1.2,5.6,7.9,11.1,-2.4,-3.4,-0.4,-1.3,1.0,-4.9,-2.5,-2.0,-1.8,-1.2,-1.9,-2.9,1.8,-12.4,1.7,-2.6,0.3,0.3,-3.0,-5.5,-4.8,-4.4,-5.3,9.4,1.4,-3.0,-0.9,-0.7,-7.3,-4.7,-7.3,-4.0,-6.1,-1.8,-11.0,-4.4,-12.6,-7.4,-4.5,-3.9,-5.3,-4.6,-4.3,-4.2,-7.2,-3.4,-3.5,-6.8,-5.5,-6.1,-4.0,-11.0,-5.7,-3.8,-2.8,-5.2,-3.0,-4.6,-5.9,-3.6,-5.5,-1.8,-1.2,-1.1,-0.9,-2.8
2C7L51Gwv8,0,48.106852,11.621,4441767.34,2778357.25,538.4,584.1,287,7246,4.0,0.58,0.74,32.6,348.93,-0.529,-0.103,0.842,-0.9,0.2,-0.59,0.31,4.1,0.3,-0.3,-1.6,-0.6,-0.6,-2.0,-1.5,-1.2,-1.1,0.0,-0.4,-1.9,2.2,0.3,-0.2,0.7,-9.3,3.7,-12.8,-2.9,-5.3,-9.8,-1.3,-9.1,-2.3,1.4,-1.2,-11.0,1.5,-1.0,-2.8,-15.2,-21.4,-9.9,-6.4,-14.8,-19.1,-6.3,-12.8,-12.5,-9.6,-12.6,-1.4,-1.1,-0.8,-0.8,-0.7,-1.5,0.7,-1.4,-2.2,-1.5,0.1,-0.6,-0.3,-0.9,-0.5,-1.5,0.7,-0.4,0.3,-2.4,-1.2,-1.8,0.1,-1.9,-6.4,-3.9,-2.5,-1.2,-2.7,-3.9,-2.9,-5.6,-1.6,-5.5,-4.7,-5.5,-3.9,-5.1,-4.1,-4.3,-2.9,-2.6,-3.9,-3.2,-3.8,-6.2,-3.8,-14.2,-14.3,-14.5,-14.1,4.3,-3.2,-10.7,-13.6,-0.2,-2.9,-12.8,-11.7,-0.5,-0.4,-2.8,-2.2,-2.2,-0.6,-2.8,-0.4,-2.6,0.7,-0.6,0.1,1.2,0.9,-0.4,0.2,3.5,0.3,0.8,2.9,0.3,5.6,-0.3,-2.3,-4.7,-4.4,-2.3,-1.1,-4.6,-3.9,-12.9,-16.7,-4.2,-6.8,-5.5,-14.7,-13.2,-13.2,-12.0,-2.3,-0.3,-3.1,-3.8,-3.6,-4.6,-3.5,-3.1,-2.0,-5.5,-6.2,-4.1,-2.2,-3.4,-4.1,-5.6,-3.7,-4.0,-5.6,-5.1,-8.3,-4.9,-12.7,-15.3,-2.8,-13.1,-2.7,-3.9,-12.3,-13.2,-1.6,-3.1,-4.7,-6.9,-6.0,-4.1,-5.4,-3.3,-3.3,-3.0,-2.9,-1.7,-3.4,-4.7,-4.6,-4.8,-3.8,-13.3,-5.6,-14.0,-14.2,-20.1,-0.8,-1.4,-13.9,-14.0,-15.5,-14.9,-14.3,-15.7,-5.6,-9.6,-5.3,-2.3,-5.2,-3.7,-2.4,-3.6,-5.2,-5.4
2C7L51GwvB,0,48.106889,11.62129,4441788.87,2778361.86,544.4,590.2,287,7249,3.9,0.78,0.51,32.6,348.93,-0.529,-0.103,0.842,-0.9,0.2,-0.42,0.29,1.1,0.3,-0.3,3.3,0.4,5.4,4.0,0.6,-16.8,2.2,4.3,-1.3,2.2,2.2,-8.8,1.6,2.5,1.4,0.4,1.8,3.6,-2.2,-1.2,5.6,7.1,3.0,-1.1,-1.3,0.5,2.9,0.8,0.5,-2.1,-18.3,-3.4,-3.0,-2.9,-2.8,1.4,0.6,2.7,3.6,4.3,1.8,4.6,-1.3,-1.6,0.7,2.1,3.0,2.4,-3.0,1.6,-1.5,1.7,2.0,2.2,-0.8,-1.7,0.9,4.0,-0.4,0.2,-1.0,2.7,4.1,0.6,5.8,7.6,-0.5,1.4,3.7,2.9,3.3,-1.7,1.0,0.0,-1.8,2.4,1.5,1.1,-2.2,0.1,0.2,-4.6,2.1,-1.4,0.6,2.7,0.5,2.6,-0.7,-5.0,-0.8,-4.3,-0.0,1.2,2.1,-1.3,1.5,-1.1,-0.1,-0.5,1.5,-2.8,0.9,-1.1,0.3,0.1,-2.7,-1.4,-2.3,-0.9,0.6,-2.9,-1.5,-5.1,-2.2,-1.1,-3.9,-3.4,-3.1,-3.5,1.6,-1.5,-2.3,-2.2,1.0,0.2,1.1,2.0,-3.8,-2.6,1.1,8.1,-1.6,-9.9,-0.2,-1.0,0.7,2.9,-3.6,0.6,-3.2,0.0,-0.6,-4.3,-6.2,-5.1,-8.4,-2.4,-1.7,-2.9,-0.1,-0.6,-1.5,-0.6,-0.5,-4.1,-1.5,-2.6,0.2,-2.5,-2.3,-2.2,1.5,-0.3,5.2,2.4,-1.1,1.0,4.4,-2.0,-3.0,0.1,-4.7,-21.1,-8.8,-7.0,2.9,-0.4,-4.8,-0.8,-1.7,-2.9,-0.7,-0.9,1.0,3.0,5.1,-0.8,-4.1,3.2,0.9,3.5,-5.7,-3.1,-6.6,-4.4,-2.2,0.9,-22.3,-12.5,-1.1,-8.3,-7.1,-7.1,-12.7,-1.7,-1.7,-3.7
2C7L51GwvC,0,48.106886,11.62127,4441787.37,2778361.54,540.7,586.4,287,7250,2.4,0.88,0.34,32.6,348.93,-0.529,-0.103,0.842,-0.4,0.1,-0.29,0.18,1.0,0.2,-0.3,-1.7,-1.3,-1.1,-0.6,-0.1,2.5,-0.1,-0.6,-0.7,2.1,1.6,3.2,-0.4,0.2,0.8,0.4,0.5,1.0,-3.3,0.2,-0.1,7.1,-0.1,-1.4,-1.5,-0.5,0.0,1.0,-1.2,-3.8,-18.1,-4.3,-8.8,-6.9,-3.5,-3.1,-3.1,0.0,2.2,2.3,-2.0,0.5,-3.2,-2.3,1.3,-2.2,-2.2,-2.1,-4.2,-2.1,-1.0,-0.2,-0.5,1.5,-1.6,-2.2,-0.5,-0.7,-1.9,-2.8,-3.0,-2.2,1.3,-1.4,4.1,3.6,-1.7,-3.9,0.1,-2.8,-1.3,-3.3,-0.1,-3.0,-2.2,-0.3,-0.3,-0.9,-1.3,-3.0,-1.0,-4.0,-0.4,-0.9,-2.0,-2.5,-4.0,-7.8,-5.9,-0.4,-2.8,-1.3,-1.6,3.0,2.8,-1.1,-2.0,-2.8,0.7,0.9,-0.3,-1.8,-1.0,-0.8,-1.6,0.6,-1.0,-0.5,-0.9,-0.1,0.3,-1.1,-0.4,-0.9,-0.8,0.5,-0.6,0.4,0.3,1.1,1.6,2.1,1.8,-0.0,2.0,0.4,0.8,2.7,-1.7,-9.9,-0.1,2.1,-0.6,-1.8,-4.5,-9.3,-3.5,-2.7,-2.9,-0.6,2.1,0.3,-0.7,-0.6,-0.4,-1.3,-3.7,-0.3,-0.0,-0.5,-1.1,-1.5,-1.4,-2.3,-1.2,-2.8,-2.5,-1.7,-2.0,-3.5,-7.5,-0.0,-1.9,0.8,-2.3,-0.9,-1.9,-2.0,0.7,-4.6,-3.7,-3.5,-4.8,-2.1,-0.1,-2.2,-3.0,-0.9,-5.9,-0.4,-0.6,-0.7,-0.6,-2.6,-3.1,-0.7,1.2,-3.3,-4.7,-4.7,-2.5,-0.7,-4.8,-2.4,-6.8,-3.6,-3.4,-4.6,-2.7,-3.5,-3.0,-3.0,-4.4,-2.5,0.3,-0.8,-3.1,-3.1
2C7L51Gwx2,0,48.107704,11.627635,4442259.55,2778462.84,533.2,578.9,287,7364,2.0,0.89,0.34,32.66,348.97,-0.53,-0.103,0.842,-1.3,0.1,-0.54,0.16,1.0,0.1,-0.3,0.3,-0.5,-1.6,0.5,-1.9,0.1,-1.3,1.2,1.3,2.5,1.8,0.4,-0.5,0.9,-0.3,0.9,2.0,1.5,3.6,4.1,2.0,5.1,3.0,4.3,5.0,8.2,3.0,1.1,0.6,0.6,-8.6,10.5,0.2,2.8,-2.5,3.9,5.4,3.9,8.3,3.4,2.4,1.2,1.6,4.0,1.9,4.6,1.3,1.0,2.8,1.0,2.1,3.2,2.6,2.3,1.6,2.7,1.5,3.1,0.4,1.8,2.3,2.6,2.7,0.7,1.8,-0.0,0.3,1.9,1.1,0.7,1.0,1.9,-0.3,0.3,0.9,1.7,2.5,3.4,3.3,6.2,1.3,-0.6,0.1,0.2,1.3,1.2,5.0,4.1,1.8,3.0,2.6,2.3,-2.2,0.1,3.1,5.6,2.2,3.3,2.6,2.9,1.6,0.9,2.0,0.8,3.6,1.6,-1.0,-0.4,0.8,0.1,0.4,0.7,-0.5,-0.8,1.2,0.6,0.1,1.9,0.4,1.5,-0.1,0.9,0.4,1.8,1.0,2.7,1.0,4.5,0.8,0.3,2.4,3.0,0.6,1.2,-0.0,0.6,0.6,-0.5,4.0,2.6,0.5,-3.5,-3.3,-2.4,-2.4,-1.5,-0.9,-1.1,-2.0,-2.3,-1.0,-0.8,-2.1,-1.6,-0.4,-2.6,-4.0,-0.5,-1.4,-3.0,0.4,2.4,0.4,-0.5,1.1,2.0,-1.7,-0.5,-1.5,-0.4,-1.4,-7.2,-3.8,-3.9,-4.9,-3.7,-3.3,-4.0,-9.3,-3.9,-3.4,-1.3,-4.1,-2.9,-2.0,-0.7,-3.4,0.4,-0.5,-4.1,-4.3,-5.2,-6.8,-5.7,-4.9,1.2,-0.4,-0.6,-4.8,0.2,-3.6,-4.4,-6.1,-3.3,-1.8,-3.4,-4.6,-3.0
2C7L51GwzF,0,48.108747,11.635764,4442862.51,2778592.13,549.5,595.2,287,7501,4.7,0.62,0.53,32.69,348.97,-0.53,-0.103,0.842,-0.1,0.2,-0.31,0.36,1.0,0.3,-0.3,7.5,-14.0,2.1,2.3,2.3,5.6,2.7,-1.2,-7.7,0.5,3.2,2.9,0.7,5.4,0.5,-4.8,14.5,3.8,9.3,9.6,-10.4,14.7,-4.6,5.8,6.2,-0.2,4.2,1.2,-5.1,-3.7,10.2,8.9,2.3,1.2,4.4,-11.0,4.8,0.5,-3.6,1.3,2.9,-2.6,3.1,-4.8,2.1,-2.8,3.2,-2.0,-2.9,-3.5,-2.8,0.8,0.3,-0.2,-0.8,0.5,12.6,-0.7,-0.2,2.1,-0.2,5.2,1.1,2.6,-2.2,-0.7,-4.0,9.6,2.5,3.6,-0.4,4.8,0.5,0.9,13.0,-2.2,0.1,-0.8,6.2,1.4,12.8,3.8,-3.0,-6.3,-4.9,15.0,13.1,-11.5,-12.0,9.2,3.1,4.0,3.7,13.8,5.1,-0.6,14.4,5.4,4.8,-2.2,-0.1,6.2,-0.3,3.0,12.6,-3.0,-3.4,4.0,-5.4,5.5,3.5,1.7,5.2,1.3,2.5,2.8,3.6,5.6,2.3,2.1,2.6,0.6,1.0,3.6,4.9,6.3,1.7,1.2,0.4,7.3,-4.7,0.8,3.3,2.7,3.6,-2.7,5.0,-2.1,2.8,-2.5,-5.5,2.3,0.1,0.3,-2.3,2.8,-1.0,2.4,2.6,-4.0,1.1,2.3,2.2,1.6,0.6,4.7,4.4,3.3,6.5,3.1,2.5,-4.9,0.5,-1.2,-5.0,9.5,-1.7,7.5,0.9,1.3,-0.1,1.3,5.0,2.4,-0.7,1.1,-3.0,4.8,-6.9,4.1,1.5,2.1,1.7,0.8,0.1,0.0,0.3,1.4,2.5,-0.0,6.1,1.9,-0.5,3.9,5.3,2.6,0.3,-3.2,3.0,-2.1,4.8,5.5,1.0,2.1,-1.9,-0.8,-1.0,1.8
2C7L51Gwwn,0,48.107617,11.626813,4442198.54,2778451.81,534.1,579.8,287,7349,3.5,0.75,0.47,32.65,348.97,-0.53,-0.103,0.842,-0.9,0.2,0.47,0.27,0.6,0.2,-0.3,-0.3,-1.1,-0.8,-2.0,-0.6,0.1,-3.3,-1.0,2.7,-5.6,-1.8,-0.2,1.4,0.2,0.2,0.7,2.4,3.4,2.8,-2.1,-1.7,2.4,-0.9,-0.3,-0.4,-0.4,0.2,0.2,-0.6,-2.4,-15.5,-1.7,-5.9,-6.6,-8.4,-2.6,1.7,1.4,6.1,1.9,-3.8,-0.3,-2.7,7.6,-0.1,-4.7,2.1,-1.5,-0.5,-4.1,-6.4,-2.5,-1.1,-2.9,-2.1,-2.7,-2.2,-1.2,-1.7,-3.8,0.2,-1.4,-2.4,-2.0,1.9,1.0,-0.9,2.5,-4.9,-0.4,-1.3,-0.6,-0.2,-4.6,-3.7,-1.4,-4.3,-3.0,-1.4,2.8,-1.0,0.1,-4.2,-5.7,1.0,-4.2,2.2,-2.1,-3.0,-5.1,-4.8,-6.4,-4.8,-8.4,-9.2,-4.1,-4.5,5.8,-3.3,-1.5,0.6,3.2,-1.0,0.3,6.5,-5.3,0.7,-17.1,-1.1,-8.2,-2.5,-4.8,-4.8,-3.4,-3.5,6.9,-8.6,-6.3,-2.9,-6.0,-14.5,-7.3,1.5,-1.9,-7.7,-0.9,-0.9,-2.8,-3.9,-9.5,-2.7,-2.9,-3.8,-3.1,-3.9,-2.9,-3.4,-4.3,-3.2,2.5,0.3,-4.0,-2.3,-0.6,-2.9,2.1,0.9,-0.4,-1.9,-5.5,-4.5,-3.8,-1.9,-6.5,-4.7,-7.7,-6.2,-10.7,-2.9,-6.0,-13.5,-4.6,-7.8,-5.4,-7.3,-1.3,-7.4,-2.0,-9.7,-5.1,-7.0,-3.8,-4.9,-3.1,-7.8,-2.2,-4.1,-7.3,-2.9,-12.9,-1.4,1.3,0.4,-4.1,-3.7,-1.8,-5.1,-3.4,-4.3,-9.0,-4.1,-7.3,-5.9,-7.0,-8.0,-5.4,0.1,-4.9,-9.5,-4.5,3.4,-7.7,-1.6,-2.9,-4.0,-5.4,-3.4,-1.6
2C7L51GwxO,0,48.107902,11.629038,4442363.54,2778487.19,541.0,586.7,287,7386,3.0,0.77,0.42,32.66,348.97,-0.53,-0.103,0.842,-0.6,0.1,0.02,0.23,1.7,0.2,-0.3,1.0,1.6,-5.0,2.3,-4.3,2.7,-1.8,-0.3,-4.0,-8.3,-1.5,0.2,-3.5,-0.0,0.2,-0.7,-4.7,-3.5,-4.4,-5.3,-0.1,-2.6,-1.8,-2.7,-2.8,-1.9,-2.3,-1.7,-5.6,-6.0,-9.8,-7.7,-5.7,-8.4,-6.4,-5.7,-3.9,-1.6,0.7,-0.2,0.0,-0.5,-0.9,-2.3,-2.0,-1.4,-2.4,-1.7,-2.4,-1.6,-0.0,1.2,-1.4,0.6,-0.4,0.9,0.5,-2.8,-1.9,-1.4,-3.7,-1.6,-4.8,-3.9,-2.7,-1.5,-1.2,-3.8,-2.9,-4.2,-1.7,-2.0,-2.0,-1.7,-3.9,-4.1,-6.1,-4.7,-6.8,-3.8,-1.3,-4.2,-3.8,-2.0,-3.3,-8.9,-3.4,-6.6,-4.9,-4.9,-9.3,-2.5,-6.8,-8.9,-8.1,0.9,-1.7,-5.1,-8.1,-6.7,-2.5,-6.0,-3.4,-1.6,-2.3,-2.8,-2.9,-0.8,-4.4,-2.9,-4.0,-3.5,-1.5,-2.8,-0.8,-3.5,-3.4,-3.2,1.3,-1.7,1.3,-4.1,-1.4,-4.1,-2.5,-0.6,-1.8,0.6,-7.2,-6.7,-8.1,-8.6,-0.9,-4.0,-5.7,-9.7,-8.8,-12.0,0.2,1.2,-1.1,-2.1,-6.9,-0.8,-0.6,-2.2,-4.8,-1.1,-1.5,-1.7,-7.2,-5.8,-4.1,-7.1,-4.6,-4.4,-2.6,-2.4,-3.8,-3.8,-5.5,-7.0,-12.5,-11.1,-6.7,2.6,-2.8,1.0,-1.5,-11.2,-4.8,-7.7,-14.4,-2.9,1.2,0.2,-2.8,-5.4,3.1,-5.1,-4.1,0.3,1.4,-3.6,-3.5,-3.2,-10.0,-6.0,-6.9,4.8,-2.4,-10.7,-8.4,-12.4,-3.9,-8.7,-5.3,-4.1,-1.2,-6.0,-4.6,-5.7,-4.2,-2.4,-6.6,-0.7,-5.1,-15.4
2C7L51GwyY,0,48.108427,11.633119,4442666.33,2778552.14,538.3,584.0,287,7458,3.3,0.75,0.45,32.68,348.97,-0.53,-0.103,0.842,-0.6,0.2,-0.21,0.25,1.7,0.2,-0.3,0.9,3.2,2.4,2.1,-2.6,2.1,-7.3,-2.9,-1.6,2.9,-0.1,0.3,-0.4,-1.4,-2.6,-1.8,-8.9,-10.1,-5.1,-11.0,-4.8,-1.2,-0.3,-0.9,3.8,-2.1,-3.5,5.9,-0.5,8.1,-7.1,-4.4,-8.0,-0.3,-3.9,-1.1,-1.4,-0.5,-2.0,-0.1,-1.3,-0.6,-4.6,-0.3,-5.3,1.7,2.2,-1.7,-2.3,0.8,-1.4,0.3,1.0,2.8,-0.4,-1.1,0.3,1.4,-0.5,2.1,1.3,2.4,0.6,-0.6,0.5,1.6,0.3,2.6,3.3,-3.1,-0.8,-2.2,-0.9,2.0,-0.1,-0.9,-0.8,-0.2,-0.1,-1.8,-0.5,-2.8,-3.7,-3.4,-4.2,-2.7,-4.7,-0.5,-1.8,-7.3,-0.6,-2.6,-3.1,-3.0,-5.7,-3.5,-1.1,0.3,-2.6,-1.5,-2.0,-2.3,-0.1,-1.7,0.2,-2.5,0.1,-0.5,-3.1,-1.0,-1.9,-1.8,-0.2,-3.6,0.4,-0.3,-1.1,0.1,-1.1,-6.5,0.6,0.6,-4.2,-0.4,3.9,5.0,0.7,0.4,-6.4,-9.9,-4.5,-12.6,-9.0,-7.1,-3.0,-3.8,9.4,-8.5,0.2,2.5,-1.4,-1.6,-3.3,-11.6,-3.9,-8.2,1.6,-1.0,2.2,-1.5,0.9,0.6,0.1,1.1,-0.2,-0.1,-1.0,-3.5,-12.0,-5.0,-3.0,-8.9,-2.9,-2.9,-6.2,-2.9,-4.0,-2.2,-5.8,-5.2,-4.2,-4.6,-4.4,-2.7,-0.1,-6.9,-4.4,2.6,4.6,-1.3,-2.4,1.6,2.2,-1.3,-4.4,-4.1,-6.6,-5.3,0.6,-6.7,-8.3,-7.4,-5.2,-4.3,-7.0,-3.6,8.3,-7.5,-4.0,-0.8,-5.2,-9.0,-6.3,-4.2,-4.9,-3.2,-2.3,0.2
2C7L51GwyZ,0,48.10842,11.63307,4442662.67,2778551.37,533.2,578.8,287,7459,2.1,0.89,0.38,32.68,348.97,-0.53,-0.103,0.842,-0.6,0.1,0.0,0.16,1.0,0.1,-0.3,0.3,0.1,-0.3,-2.4,-3.5,1.9,-3.9,-2.4,-2.0,2.8,-2.3,2.0,-2.1,-0.5,-1.6,-0.5,-1.4,1.3,-0.9,-2.9,-3.6,-4.1,-2.0,-1.4,0.9,0.5,-1.2,3.6,-3.5,-5.9,-2.5,-3.0,-5.4,-0.4,-0.5,-1.4,2.4,3.3,1.5,3.4,2.6,1.4,-1.8,1.8,-1.9,0.4,1.4,-1.2,1.1,-0.5,0.8,-1.0,1.3,0.7,-0.6,0.5,1.0,-0.6,0.0,2.3,2.0,1.8,-1.5,-0.9,0.1,2.6,-1.6,0.6,-2.1,-2.8,0.0,-1.6,-0.2,-0.9,-1.6,1.4,1.0,-0.5,-0.3,-1.2,-0.5,-2.9,-2.3,-0.0,-1.4,-1.3,-0.8,1.0,-1.2,-4.7,-3.0,-3.3,-4.2,-2.8,-5.3,-1.7,0.1,0.8,-0.3,-0.7,-1.9,-1.6,-1.7,0.4,1.1,-0.2,2.3,1.4,-0.2,0.1,0.8,-0.6,-0.2,-1.6,-1.2,0.9,-1.0,0.3,0.6,-2.5,-0.1,0.1,-1.1,0.0,0.7,0.9,-0.5,-0.8,0.5,-12.7,-3.7,-0.7,-6.6,-5.1,-2.2,-6.4,-15.1,-6.4,-0.9,0.1,-1.0,-2.2,-3.2,-4.0,-1.7,-1.7,-0.2,-0.5,-2.1,-0.4,-1.3,-2.0,-2.1,-2.8,-2.8,-3.1,3.5,-2.7,-2.0,-1.8,-4.5,-5.9,-2.7,-5.5,-4.7,-1.5,-1.0,1.6,-4.5,-2.6,-1.1,-3.8,-4.1,-0.3,-0.9,-2.2,-2.0,-0.9,-1.5,-2.7,-1.3,-0.6,-1.6,-2.6,-0.8,-1.8,-3.1,-0.7,-1.1,-4.9,-6.0,-4.0,-4.2,-3.5,-2.0,-2.6,-2.8,-4.8,-2.5,-1.5,-3.0,-2.8,-3.5,-2.3,-2.3,-1.0,-2.1,-1.5
2C7L51Gww1,0,48.107283,11.624073,4441995.19,2778410.27,535.9,581.6,287,7301,3.1,0.78,0.47,32.64,348.97,-0.529,-0.103,0.842,-0.0,0.2,-0.78,0.23,0.7,0.2,-0.3,-0.3,-5.3,-0.5,0.4,7.6,0.6,-0.6,-3.6,1.4,-1.5,4.5,-0.8,3.6,1.5,1.1,0.3,-0.4,1.9,1.0,-0.4,-0.1,-1.3,-0.3,-6.4,-8.5,6.1,2.9,2.8,-1.2,-1.4,1.3,0.6,-4.8,-3.5,-1.5,2.4,-2.7,-1.6,-6.6,0.7,-1.4,-2.3,1.9,-5.3,-1.2,4.1,1.7,-1.1,1.8,-0.2,-0.7,-2.5,1.0,-0.6,1.7,1.5,-1.6,0.9,0.7,-2.2,1.5,1.9,6.1,1.1,3.5,0.1,-1.8,-3.9,-0.6,2.7,4.0,-2.7,0.7,-2.2,2.8,0.2,2.8,-0.6,2.3,-6.2,1.4,-2.6,-3.3,-3.3,3.7,-4.1,-0.6,-3.1,-3.3,-3.7,-3.2,-2.0,-2.5,5.9,8.2,-6.7,2.8,-0.5,-1.7,0.7,0.6,0.7,1.1,3.0,1.0,3.6,4.0,1.7,-6.2,-11.6,-4.0,-2.7,3.3,1.2,2.0,4.7,-0.8,3.3,5.7,5.1,2.2,5.8,0.1,1.9,5.5,4.7,7.3,5.0,6.7,4.6,-1.8,4.6,4.7,-0.3,0.2,-1.9,0.4,-1.4,0.6,1.5,-1.1,1.0,-2.4,-4.1,4.0,0.0,2.1,3.0,0.1,4.4,1.8,3.4,0.8,1.3,1.1,0.1,1.7,4.7,0.7,0.3,0.3,-4.5,2.5,-0.2,0.2,4.2,0.1,1.9,1.7,0.3,-5.7,3.6,1.6,2.2,-0.1,0.5,-1.2,2.5,-5.0,-0.8,-1.3,-1.1,0.3,-1.8,-1.9,-12.1,3.3,0.5,2.5,-0.1,-1.4,-1.6,-2.1,-2.1,-4.7,2.7,5.6,0.9,-1.2,-1.2,-0.7,-1.5,-2.5,-2.2,-0.5,-3.0,-1.4,-2.7
2C7L51Gww8,0,48.107346,11.62456,4442031.37,2778418.02,537.7,583.4,287,7308,3.0,0.76,0.5,32.64,348.97,-0.529,-0.103,0.842,-1.1,0.1,-0.07,0.23,2.6,0.2,-0.3,-1.7,-0.4,-0.9,-1.3,-0.8,-1.2,-1.4,-1.7,-2.6,-0.1,-1.1,2.3,0.5,-5.7,-3.9,-5.0,-3.9,-5.3,-6.8,-4.6,-5.4,-1.3,-8.2,-6.7,-2.9,-3.6,-4.4,-5.2,-3.0,-7.1,-21.0,-6.3,-3.9,-5.1,-6.7,-7.1,-4.6,-7.6,-0.5,-3.5,-1.7,-3.5,-3.5,-5.3,-4.8,-4.3,-0.0,2.1,-1.6,-1.6,-5.2,-3.2,-4.4,-6.3,2.0,-3.0,5.6,0.4,-1.3,-1.0,-1.7,-1.5,1.1,0.1,-8.0,-2.3,-3.9,3.0,-3.1,-5.6,-2.6,-7.6,-10.0,-5.1,4.5,-5.2,-5.6,-6.9,-9.1,-8.5,-6.1,-4.9,-4.8,-3.2,-6.8,-6.6,-9.1,-6.1,-6.9,-3.9,-8.1,-9.2,-7.3,-14.8,-12.0,-6.6,-4.2,-3.6,-4.2,-5.0,-0.7,-5.8,-2.1,-4.5,-2.4,-1.4,-6.5,-8.6,-4.3,-6.9,-7.2,-2.0,-8.8,-7.6,-3.8,0.7,-1.9,-3.3,-3.4,-2.2,0.0,-4.2,-1.5,-7.3,-3.1,-4.3,-7.5,-3.7,-7.0,-7.0,-10.0,-4.7,-6.8,-7.6,-7.9,-9.7,-7.8,-8.7,-4.9,-2.5,-3.8,2.8,-0.3,-8.9,6.3,-5.3,3.0,-6.8,-6.3,-5.1,-2.1,-2.9,-8.8,0.3,-8.0,-9.2,-12.8,-12.0,-8.1,-8.6,-7.7,-9.0,-8.5,-9.9,-12.2,-4.5,-4.3,-12.1,-0.2,-6.1,-6.1,-9.4,-11.3,-1.1,-5.3,-7.0,-6.0,-1.4,-6.1,-5.8,-5.6,-4.1,-4.4,-10.5,-9.6,-7.2,-10.5,-7.6,-9.1,-10.7,-8.8,-9.3,-12.5,-9.1,-9.3,-9.6,-8.9,-8.5,-13.4,-3.7,-6.9,-7.5,-7.4,-7.2,-6.3,-6.1,-6.5,-7.0
2C7L51GwwA,0,48.107346,11.624557,4442031.15,2778417.98,534.8,580.5,287,7310,2.4,0.87,0.39,32.64,348.97,-0.529,-0.103,0.842,-1.6,0.1,-0.59,0.18,0.9,0.2,-0.3,0.8,0.2,-0.2,-0.4,-0.1,2.5,-0.5,-0.7,0.7,0.7,0.4,1.6,2.0,1.5,0.4,1.8,-1.1,-1.0,-4.2,-2.5,-2.5,-0.3,-0.8,-0.8,-0.4,-0.8,0.5,-0.1,-2.7,-3.9,-15.9,-3.5,-2.8,-3.6,-4.0,-4.4,-6.9,-0.6,5.2,1.8,-2.0,0.3,-1.4,-1.4,-2.4,-0.7,2.4,-1.5,-1.8,-1.8,-5.0,-1.6,-2.7,-1.5,0.8,0.1,1.7,1.5,-1.0,1.1,-0.1,0.3,1.5,0.7,1.0,-0.0,-1.5,4.1,-1.6,-1.5,-1.7,-5.1,0.9,-2.3,3.7,-1.8,0.5,-2.3,-4.0,-4.0,-1.8,-2.2,-1.9,-3.8,-4.5,-3.0,-1.0,-0.8,-1.7,-0.2,-2.2,-4.7,-0.1,-4.5,2.1,-4.1,-2.4,-2.5,-1.6,-2.7,-1.0,-2.3,-1.7,-3.3,-2.5,-0.4,-0.3,-3.3,-0.1,-5.6,1.1,-1.9,-4.6,-4.6,-2.7,0.0,-1.9,0.6,0.2,-1.6,0.9,-3.0,-3.6,-4.1,-2.5,-2.5,-1.0,-0.4,-2.4,-4.6,-5.7,-2.8,-1.2,-3.9,-4.5,-4.3,-1.8,-6.9,-0.9,0.6,9.4,-7.5,-5.8,-4.1,-6.6,-6.4,1.1,-2.6,-4.1,-4.3,-3.3,-3.1,-3.2,-1.5,-2.6,-3.5,-6.5,-4.6,-4.4,-1.9,-6.3,-5.5,-6.1,-7.4,-6.4,1.2,-7.5,-8.2,-3.6,-4.8,-4.6,-8.5,-7.6,-8.7,-10.8,-5.9,-5.2,-4.4,-4.9,-6.4,-6.8,-8.1,-7.2,-9.0,-5.3,-5.5,-7.0,-7.1,-9.3,-8.8,-8.5,-10.2,-10.2,-10.0,-5.7,-6.0,-4.9,-4.7,-7.4,-5.6,-10.7,-9.5,-9.7,-6.9,-9.4,-6.5,-5.6,-7.0
2C7L51GwwB,0,48.107342,11.624526,4442028.85,2778417.5,530.5,576.2,287,7311,3.3,0.74,0.4,32.64,348.97,-0.529,-0.103,0.842,-1.2,0.2,-0.97,0.25,1.7,0.2,-0.3,0.4,1.6,-0.5,-0.8,1.3,3.4,0.8,0.0,0.7,0.2,1.9,3.0,-2.4,1.5,0.0,-0.7,-2.6,-1.5,-1.4,-3.1,-1.7,-2.4,2.9,-3.0,-0.3,0.4,0.7,-0.5,-3.5,-4.4,-14.8,-4.1,-7.8,-4.9,-11.1,-5.2,-7.2,-5.3,-8.7,-0.8,0.2,3.6,-5.0,-1.3,-1.1,1.4,0.5,-0.7,0.8,2.1,-0.6,3.1,3.9,4.5,1.3,-9.4,4.2,5.1,0.5,2.5,-1.1,1.7,3.6,1.4,3.5,0.5,-2.2,3.5,0.3,-1.8,0.0,-2.0,4.6,0.7,-4.3,-0.4,-0.8,-2.1,-2.8,-3.3,-0.1,-0.4,5.3,-3.2,-0.6,-1.7,0.5,-0.5,-2.6,-11.6,-2.0,2.1,0.4,-2.3,4.2,0.8,-3.4,-2.3,-0.0,1.8,2.0,-3.6,-4.2,-6.4,-6.5,-1.7,0.9,-1.2,0.2,-3.0,9.6,-0.2,-0.1,-7.3,-1.0,2.8,-2.2,3.6,-0.8,-1.1,-1.1,-2.7,-3.7,-3.7,-2.3,-1.7,-0.8,-3.0,-3.9,-4.1,-4.4,-2.7,1.0,-1.7,-5.3,-5.5,1.5,-4.4,2.1,8.0,0.6,1.1,1.0,-1.2,-3.6,-5.3,4.1,0.0,-2.9,-0.9,-2.6,-0.3,-1.2,-1.0,-2.4,-0.6,-2.6,-3.8,-2.5,3.4,-4.9,-4.7,-3.3,-5.5,-3.5,3.2,-5.3,-7.3,-4.8,-5.0,-6.3,-10.5,-6.4,-10.5,-10.7,-0.9,-0.8,-3.7,-4.1,-5.7,-5.0,-7.3,-6.7,-8.0,-1.3,-6.3,-5.8,-5.7,-6.5,-6.4,-6.6,-6.5,-10.9,-10.8,-15.2,-4.8,-5.1,-8.0,-2.4,-1.0,-14.4,-9.4,-8.6,-2.5,-7.5,-5.7,-0.3,-1.0
2C7L51Gwwa,0,48.107543,11.626094,4442145.13,2778442.43,536.3,582.0,287,7336,4.7,0.56,0.54,32.65,348.97,-0.53,-0.103,0.842,-0.2,0.2,-1.04,0.35,1.0,0.3,-0.3,0.9,3.6,0.5,5.4,1.2,-0.1,-1.2,1.1,0.9,5.3,0.6,2.1,-1.6,3.1,4.1,-0.6,-0.1,2.5,-0.2,2.6,-0.1,-8.6,1.3,0.9,11.5,8.0,11.5,6.5,-4.2,4.5,8.4,-0.8,12.4,-4.4,-4.0,-1.4,4.3,4.9,11.0,-3.0,3.0,6.6,1.4,8.2,1.4,3.3,4.9,-4.5,-1.8,-5.4,2.7,-2.2,-1.8,-3.9,-0.2,0.2,-3.3,-0.1,-0.9,1.6,1.1,-1.1,-0.9,-1.8,3.2,-0.8,-3.6,2.6,-3.0,-0.2,-1.1,8.3,-1.3,-1.0,-5.6,6.1,6.5,-0.3,-2.6,6.3,-5.5,-1.4,8.3,-1.9,14.3,8.0,9.0,4.9,1.2,6.8,4.7,6.5,1.6,5.3,1.4,4.3,-5.5,5.8,12.6,-6.4,9.1,5.1,6.9,10.9,10.0,7.2,6.7,-7.6,12.4,-6.8,5.6,10.7,2.7,-0.5,14.3,2.2,-5.2,4.1,1.8,6.0,7.5,-1.0,0.4,6.8,13.8,16.8,3.1,0.8,0.8,3.8,6.0,4.9,-1.7,5.6,3.5,5.3,1.4,-5.7,5.1,12.7,-1.9,4.5,-2.1,0.6,-8.0,9.1,4.2,2.8,2.5,2.0,-1.8,2.1,7.8,11.1,6.3,2.2,4.4,2.9,4.1,-4.8,6.3,5.8,5.2,2.5,0.9,1.1,-4.7,-1.3,8.2,5.6,-1.5,0.6,-0.5,-1.4,-1.4,1.9,-2.1,3.6,1.3,0.1,0.7,5.0,-6.4,1.8,3.1,-0.0,-1.3,3.8,2.3,-2.6,-5.0,1.7,0.3,-8.9,-2.5,7.0,4.6,3.8,3.6,3.6,4.1,-1.8,-8.4,1.7,-0.5,3.3,-2.3,-0.4
2C7L51Gwwb,0,48.107551,11.626159,4442149.95,2778443.46,536.6,582.3,287,7337,2.6,0.86,0.34,32.65,348.97,-0.53,-0.103,0.842,-0.6,0.1,-0.4,0.2,0.9,0.2,-0.3,-1.8,0.7,-1.9,0.2,-1.5,0.8,-1.1,-0.5,0.2,2.1,1.2,2.4,-2.3,1.6,-0.0,-1.2,-1.7,1.2,-1.6,-1.4,0.3,0.2,-0.6,-1.3,0.2,2.6,-1.1,-1.0,-4.1,-1.2,-14.7,-4.0,-2.6,-3.7,-5.1,-1.4,1.1,1.1,1.3,-0.3,0.7,5.8,-1.5,-2.6,-0.5,1.2,0.4,-13.0,1.5,-0.2,1.2,2.0,1.1,1.0,0.1,-0.4,-3.3,-0.5,-1.4,-1.2,-0.2,1.0,8.1,0.1,1.0,-1.5,-1.9,-1.8,-1.1,1.2,-1.6,-0.4,0.2,1.4,4.4,-0.4,-1.0,1.3,-1.3,-6.2,-0.2,-3.9,-0.9,-3.6,-0.9,-2.7,1.4,1.0,-2.8,-0.7,1.3,-2.0,-1.3,-3.5,1.9,0.5,1.9,-0.5,2.2,-0.6,3.7,1.2,6.3,-0.4,-3.5,0.7,0.2,-0.9,-2.5,-2.9,0.5,0.5,-0.1,-0.6,1.9,1.5,-3.4,2.3,0.9,1.8,-11.0,0.1,1.8,2.4,-1.6,-2.5,0.3,-4.6,-2.9,-6.2,-1.6,-1.4,-2.4,-4.1,-3.2,-3.6,-2.8,-2.7,-0.0,4.9,0.8,2.1,-3.4,0.5,-2.6,-1.3,3.6,-0.7,0.8,-2.1,2.7,-0.3,-1.7,-3.0,-1.4,-2.7,-1.7,-3.4,-1.8,-2.4,-3.1,1.3,-2.5,-4.1,-5.0,-0.1,-3.8,-1.9,-0.8,-1.1,-4.8,-3.6,-2.4,-3.8,-4.1,-2.6,-2.9,1.4,2.7,-2.6,-3.8,-1.4,-0.2,-2.1,-2.0,-2.7,-3.1,-1.1,-3.2,-8.1,-10.3,-3.5,-2.9,-3.4,-5.9,-3.9,-0.8,-0.4,-2.9,-1.8,-1.2,-4.1,-7.1,-2.0,-2.4,-1.2,-2.7,-2.2
2C7L51Gwvz,0,48.107297,11.624034,4441992.31,2778411.72,537.6,583.3,287,7299,3.6,0.77,0.5,32.64,348.97,-0.529,-0.103,0.842,0.1,0.2,0.65,0.28,1.2,0.2,-0.3,-2.6,-1.9,-2.4,-3.2,-2.3,-2.3,-2.3,-1.7,-0.6,-2.9,-0.1,-1.0,-2.8,-0.8,-1.4,-3.0,-2.9,-1.6,-4.9,-4.9,-2.6,-5.0,-4.2,-5.8,-3.5,-2.8,-0.3,-4.0,-4.5,-4.7,-2.5,-7.1,0.4,-3.0,-2.9,-6.4,-7.4,-4.9,-2.0,-2.7,-2.7,-1.2,-4.5,-4.7,-3.9,-3.1,1.4,-1.3,5.1,3.2,-3.3,0.5,0.5,-3.6,-2.4,-3.5,-5.3,-0.7,-1.8,-4.8,-4.1,-2.0,-2.3,-3.3,-4.9,-5.8,-4.9,-0.4,-4.7,-4.0,-6.5,-1.2,-5.5,-2.2,-2.7,-2.8,-1.5,-3.3,-4.5,-5.6,-3.4,-5.4,-6.9,-5.4,-5.9,-3.4,-4.5,-2.4,-5.5,-5.0,-3.0,-6.3,-7.4,-5.7,-6.2,-3.9,-5.5,-7.3,-4.2,-2.0,-4.0,-3.7,-2.3,-3.0,-4.8,-2.8,-2.2,-1.2,-4.2,-1.5,-5.4,-4.2,-1.8,-2.7,-3.0,-4.0,-5.0,-5.0,-5.0,-4.1,-5.6,-6.9,-3.6,-4.9,-2.0,-4.9,-8.0,-6.9,-6.6,-7.0,-14.4,-8.1,-8.5,-7.1,-7.0,-5.4,-4.4,-0.3,-5.7,-2.2,-4.4,1.1,-12.6,-19.5,7.7,5.2,1.6,2.3,-2.1,0.1,-2.7,-1.8,-19.7,-4.9,-4.8,1.5,-6.9,2.2,5.8,-21.1,0.2,3.4,2.6,0.6,-4.5,0.3,-0.1,0.2,4.6,6.1,3.7,-6.8,-7.9,1.1,0.8,2.7,0.0,0.4,-10.6,-0.6,-0.7,1.2,-0.7,-1.9,-1.9,-0.4,1.5,-1.7,-0.5,-6.5,-6.0,-6.3,-4.4,-1.1,-10.4,-2.5,-4.2,-1.9,-3.2,-2.6,-3.9,-6.5,-3.5,-1.9,-1.5,0.3,-0.5,-3.6
2C7L51GwwN,0,48.107466,11.625351,4442090.0,2778432.67,537.0,582.7,287,7323,3.9,0.73,0.44,32.64,348.97,-0.529,-0.103,0.842,-0.9,0.2,0.12,0.29,0.9,0.3,-0.3,-4.1,0.2,-0.8,0.9,8.7,2.4,1.2,3.1,3.3,1.4,0.7,-5.5,4.4,3.4,-1.6,-3.6,-2.8,-2.0,-6.8,-6.1,-0.7,0.6,-1.8,-2.1,-2.5,0.3,-2.9,2.1,-2.4,-6.7,-17.5,-7.1,-5.7,-4.5,-6.6,-3.5,1.8,-1.9,4.3,-1.3,3.7,-3.3,9.5,-0.0,-7.2,1.4,0.9,-1.4,2.5,-3.6,-4.9,2.1,-4.4,-8.4,-2.7,-1.5,1.6,2.3,2.7,3.6,0.2,2.2,-5.9,2.4,-12.8,-0.2,0.0,1.1,-2.0,0.5,2.0,4.8,-3.6,-4.0,1.1,0.0,-0.5,-3.0,-3.8,-1.1,-0.0,-7.2,-3.4,-4.0,-3.8,-3.7,-4.0,1.7,-5.3,-5.0,3.4,-0.3,-8.6,-7.1,-2.9,-1.7,-0.6,-6.7,-5.9,-2.3,-0.4,-3.6,2.0,0.2,-2.3,-3.3,-0.5,-3.4,-3.0,-0.2,-5.6,-4.1,-4.2,-2.7,-4.3,-1.7,-4.6,-0.6,-3.1,-1.3,-12.0,-1.5,-1.5,-4.2,-5.3,-3.5,6.1,-1.1,0.5,-1.6,-4.1,-3.5,-7.4,-9.3,-3.7,-5.8,-5.0,-5.2,-3.2,-1.1,-8.7,-0.2,-3.5,-1.4,0.9,-16.5,-8.7,-4.0,-2.0,-1.9,1.7,2.7,-3.3,-0.7,2.1,2.4,-3.9,-1.3,-4.8,-2.9,-5.4,-1.3,2.9,-1.4,-9.5,3.7,-3.9,-3.3,-2.3,-0.7,-1.9,-4.7,-21.2,-4.2,-3.1,-11.1,-5.2,-2.4,-17.6,-4.7,-2.1,-3.1,-0.2,-3.9,-1.9,-7.3,-8.2,-7.2,-3.1,-4.5,-5.0,-5.6,-5.2,-6.3,-9.0,-5.9,-6.3,-5.4,-6.8,-3.8,-5.2,-4.1,-3.8,-3.5,-1.6,-2.2,-2.7,-3.6
2C7L51Gwwr,0,48.107682,11.627033,4442214.78,2778459.44,535.4,581.1,287,7353,4.4,0.61,0.51,32.65,348.97,-0.53,-0.103,0.842,-0.4,0.2,-0.44,0.34,1.2,0.3,-0.3,-1.9,-3.9,7.3,-1.1,0.8,-5.0,6.9,-1.9,4.3,-2.5,-6.4,0.4,4.1,-2.7,6.8,-0.7,4.8,4.2,4.5,1.4,0.5,9.5,4.2,3.1,-2.9,5.5,-4.4,-2.1,-8.2,-0.8,-11.5,-10.6,-5.9,-4.6,6.6,7.7,4.4,0.9,3.4,2.1,8.9,2.0,3.4,5.4,8.9,6.9,-2.1,1.6,1.8,2.5,1.6,3.4,1.6,0.3,0.2,-2.4,1.3,-4.4,-0.7,1.2,0.6,3.6,2.4,3.1,-0.2,-1.4,1.2,1.1,-5.0,0.0,-1.0,8.1,1.9,4.6,5.6,4.0,5.8,2.5,2.1,-4.9,-2.3,-1.9,-3.9,-4.9,-2.3,2.2,-6.7,0.2,-8.3,-0.8,-0.4,1.8,-2.3,-2.6,2.1,5.3,2.4,4.8,4.3,6.0,3.9,4.3,2.5,1.7,3.3,2.1,4.2,0.9,6.8,6.8,5.6,4.6,4.5,5.6,7.7,13.7,5.7,10.2,6.9,8.1,7.2,9.9,7.1,-13.6,-0.5,-0.5,-1.1,0.2,-2.6,-2.6,-1.4,0.5,-2.5,3.1,-1.2,4.4,2.1,-0.0,3.4,3.2,1.8,3.6,-1.2,14.5,1.2,2.1,1.1,1.3,-0.5,2.5,-0.9,2.9,1.1,1.9,-1.6,5.1,0.6,4.5,2.2,0.3,2.4,2.6,-0.9,0.8,-0.4,7.1,-3.5,-0.3,2.6,2.6,-2.0,-4.9,-8.3,-9.1,-10.5,-7.1,-9.4,-6.3,0.4,-7.2,-10.0,-8.5,-5.8,-1.5,-0.7,-3.6,1.2,-1.5,-2.2,-0.3,-0.6,2.1,1.4,1.5,5.0,3.4,4.6,2.6,3.7,1.6,4.5,-0.3,4.9,6.4,6.7,1.8,-3.4,-1.8
2C7L51GwxF,0,48.107857,11.628396,4442315.84,2778481.12,535.2,580.9,287,7377,4.6,0.59,0.52,32.66,348.97,-0.53,-0.103,0.842,-0.5,0.2,-0.6,0.35,2.3,0.3,-0.3,1.7,-3.4,0.2,5.3,1.1,-0.2,5.7,0.3,-2.1,-3.4,-0.7,-2.5,1.6,1.1,3.1,3.4,7.6,5.3,5.7,9.8,-5.4,-7.3,-6.8,11.5,15.0,6.5,10.4,2.4,-0.4,7.8,-2.6,7.7,-0.1,4.6,-0.5,3.3,11.6,10.4,13.3,7.0,11.7,4.1,9.7,4.2,-5.7,4.7,3.6,5.3,3.0,-0.4,2.8,3.7,1.9,1.6,3.6,-0.8,1.6,1.8,1.2,1.5,0.8,4.4,5.7,0.6,-7.2,0.5,-1.3,2.7,-0.4,0.1,0.5,1.7,1.0,0.5,1.3,3.4,5.8,0.1,0.3,17.0,12.1,-0.4,-2.2,18.6,-2.1,16.3,19.5,7.7,17.3,17.1,9.6,-5.5,0.2,5.5,1.6,9.6,-4.8,-6.9,-7.3,-5.5,-2.6,6.5,6.0,2.3,6.4,8.4,5.0,3.9,4.6,2.7,2.4,0.4,0.8,1.3,1.6,3.3,1.7,0.4,0.4,1.2,-0.4,-0.1,1.8,0.1,2.0,1.5,6.5,3.4,0.8,8.4,11.1,8.0,4.5,8.6,-3.0,4.3,5.7,2.1,6.2,5.3,2.7,-0.1,-0.7,-0.7,1.6,-0.1,6.3,2.7,2.0,3.2,2.7,5.2,1.1,0.3,0.5,1.0,2.5,1.7,2.4,2.4,6.9,2.2,4.3,4.0,0.6,8.7,0.3,5.9,0.9,-0.4,3.6,3.2,0.9,-1.9,-1.4,0.3,-0.8,1.8,9.0,-1.2,-1.4,-0.2,-0.3,-0.1,-2.2,-1.9,-1.4,14.0,-2.7,-4.1,12.1,11.2,5.5,-8.0,6.2,0.1,6.5,0.9,0.6,0.7,-0.6,-2.8,1.1,-2.2,-1.6,-0.7,-2.7,-0.8
2C7L51GwxR,0,48.107965,11.629232,4442377.88,2778494.41,542.3,588.0,287,7389,1.6,0.91,0.27,32.66,348.97,-0.53,-0.103,0.842,-0.4,0.1,-0.21,0.12,1.4,0.1,-0.3,-0.2,-0.4,1.0,-0.0,-0.9,-1.7,0.8,-0.2,2.2,-0.4,0.2,-1.7,-0.5,1.3,0.0,-0.8,-1.4,-2.2,-3.1,-2.6,-2.7,-1.3,-0.9,-2.3,-2.0,0.2,-0.3,-1.4,-1.1,-3.1,-6.7,-5.9,-3.3,-4.4,-4.6,-2.5,-2.0,-1.0,-0.9,-0.9,0.8,-0.3,-1.3,-2.5,-0.6,-0.6,-1.6,-0.7,-1.6,-1.3,-2.2,-0.0,-0.2,-0.4,0.2,-1.4,-0.7,-0.9,0.3,-0.3,-1.6,-0.1,1.8,-0.6,-1.1,-0.3,-0.9,2.9,-1.0,-0.5,-0.5,0.3,-0.8,0.3,-1.6,-0.3,-1.1,-1.0,-3.0,-3.9,-2.4,-2.7,-2.8,-2.3,-3.5,-0.7,-1.0,-2.2,-4.6,-3.2,-3.1,-5.3,-5.4,-4.8,-2.5,1.8,0.6,-2.1,-1.0,-0.5,-1.0,-2.0,-0.8,-1.2,-1.4,-1.8,-1.1,-0.4,-1.4,-3.8,-3.4,-2.7,-0.6,-2.2,-1.5,-1.3,-0.4,-1.4,0.8,-2.0,-0.1,-2.1,-0.1,-1.3,-0.4,-1.6,-1.2,-0.0,-3.0,-1.2,-0.8,-3.3,1.1,-3.9,-4.9,-5.0,-4.7,-6.0,-0.7,2.0,1.3,-0.9,-0.5,-2.4,1.2,-0.4,2.6,1.9,1.9,0.7,1.7,0.7,-0.5,0.0,0.6,-0.6,-0.0,-2.0,-1.1,-1.6,-4.6,-5.0,-3.8,-6.6,-7.9,-0.8,-3.5,-2.0,-1.7,-1.3,-3.2,-4.9,-5.3,-1.9,-2.8,-3.8,-3.3,-2.6,-6.0,-4.5,-2.6,-2.0,-1.1,-2.2,-3.5,-3.6,-3.6,-4.1,-4.9,-5.2,-3.6,-3.3,-5.6,-2.6,-3.5,-5.2,-6.1,-4.8,-5.0,-2.7,-4.3,-1.0,-1.6,-0.8,-0.8,-0.3,-1.7,1.9
2C7L51Gwzo,0,48.109034,11.637564,4442995.92,2778626.98,540.4,586.1,287,7536,2.7,0.83,0.41,32.7,348.97,-0.53,-0.103,0.842,-0.6,0.1,0.23,0.2,1.0,0.2,-0.3,1.4,3.5,1.5,4.7,2.1,0.6,0.7,0.5,2.8,-1.6,1.9,1.0,0.8,1.6,-0.2,1.0,-0.5,-0.7,-2.5,1.3,-1.3,-0.3,0.8,1.6,1.1,2.0,0.1,-0.5,-1.5,0.1,-7.8,-2.6,-0.2,-3.4,-0.1,0.7,-0.4,1.7,1.1,2.6,-1.1,-0.9,-3.1,-1.2,0.1,-1.0,-1.7,1.3,-0.2,-1.6,-0.7,0.7,0.3,5.9,0.7,-1.8,-4.5,-1.8,-1.9,2.5,-6.2,-2.9,-0.7,-0.3,1.1,3.0,2.5,1.0,0.9,-0.7,-4.2,-0.2,-2.6,-2.0,-0.6,-3.3,-1.9,-1.1,-1.6,-2.5,-0.8,-2.8,-0.5,0.6,0.3,0.4,2.6,1.4,1.6,1.8,2.0,2.0,0.8,3.7,0.3,4.2,2.1,4.7,1.9,-1.6,1.9,0.3,-1.9,-0.2,2.5,-3.1,-0.4,1.2,-0.8,4.8,3.2,-0.9,0.1,-2.9,-2.3,-2.0,-1.7,-0.8,-5.4,0.4,-0.3,0.8,0.3,-1.6,-2.7,-0.9,-1.3,-1.1,-3.6,-4.2,3.3,2.2,-0.3,-1.2,2.3,-0.5,-0.4,-2.8,-1.2,3.2,-0.3,2.3,-7.4,-6.5,-2.0,-0.9,-11.1,-2.9,-3.0,-7.9,-0.1,-5.6,-3.9,-0.3,-1.8,0.4,-2.5,-4.2,-2.8,-1.6,-2.4,-7.4,-1.9,-4.5,-2.4,4.8,3.7,2.7,-2.8,-0.1,3.3,-1.6,1.2,2.1,-2.8,-5.4,-8.3,-1.1,-3.4,-5.0,-9.3,-1.4,-1.5,-5.3,0.5,-5.3,-1.8,-1.9,-1.7,5.7,-3.3,-0.9,-1.8,0.0,-0.2,2.3,3.0,-2.4,-0.7,0.2,-3.8,-1.8,-6.3,-2.9,1.2,-10.4,6.7,-6.1
2C7L51Gwzp,0,48.109034,11.63756,4442995.63,2778626.92,537.4,583.1,287,7537,3.0,0.79,0.43,32.7,348.97,-0.53,-0.103,0.842,-1.0,0.1,0.28,0.23,0.7,0.2,-0.3,-2.8,0.8,-1.3,-1.9,1.8,3.2,-4.8,-0.7,0.4,1.1,-0.4,-0.2,-3.2,-2.5,-1.5,-1.2,-3.7,-0.3,-5.7,-2.6,-3.1,-6.0,-1.3,-2.5,-5.3,-2.3,-3.4,1.0,-2.9,-3.4,-6.5,-9.0,-8.0,-7.9,-3.4,-5.1,-4.8,-4.4,-6.9,-1.0,1.5,-4.1,-4.8,-3.6,-3.2,-4.1,-2.0,-2.2,-2.0,-2.5,-3.7,2.1,-0.9,7.0,0.7,1.2,-2.6,-1.9,-2.0,-3.5,-7.1,4.0,-5.0,-1.9,-4.9,-9.2,-1.8,-3.4,-6.8,-6.2,-8.9,-1.8,-5.9,-1.7,-5.6,-4.3,-6.3,-3.8,-3.2,-8.2,-2.8,-2.7,-3.2,-5.6,-4.9,-3.5,-3.4,-10.5,-0.8,-7.2,-7.9,-2.8,-4.7,-12.2,0.3,-3.6,-0.7,-12.2,-3.4,-7.5,-5.9,-4.5,-2.7,-2.3,-6.3,-7.9,-6.0,-1.1,-4.3,-10.0,-2.4,-5.7,-0.2,-5.7,-3.7,-2.7,-1.5,-3.1,-0.5,-3.3,-4.3,-8.0,-1.5,-4.0,-8.3,-9.8,-5.2,-5.6,-6.7,-5.7,-0.8,-6.5,-1.1,-7.8,-10.5,-9.3,-5.7,-5.3,-4.5,-2.4,-3.4,-1.3,-10.2,-7.0,-6.1,-4.2,-9.1,-5.9,-6.9,-10.6,-1.9,-8.1,-7.8,-5.8,-5.1,-2.5,-4.1,-5.2,-5.4,-7.4,-5.2,-12.3,-9.2,-4.1,-11.8,0.0,-8.3,-1.4,-1.6,-1.7,-5.9,-6.0,-2.0,-7.3,-4.1,-6.1,-9.1,-4.5,-2.0,-4.7,-9.7,-2.4,0.4,-5.8,-6.9,-5.5,-5.2,-6.2,-10.2,3.1,-9.8,-3.4,-5.5,-3.8,-3.2,-3.6,-8.3,-9.6,-4.0,-8.8,-8.3,-9.8,-10.9,-7.5,-9.9,-12.4,-11.4,-9.9
2C7L51Gwwo,0,48.107683,11.626896,4442204.55,2778459.31,536.1,581.8,287,7350,2.6,0.84,0.37,32.65,348.97,-0.53,-0.103,0.842,-0.8,0.1,0.14,0.2,1.5,0.2,-0.3,-0.4,-1.9,0.8,-1.8,4.7,0.9,-0.9,2.9,8.3,-6.3,0.2,-2.0,-0.7,-2.4,-1.2,-1.4,-2.6,-3.2,-2.7,-4.1,-4.6,-0.5,-2.9,-3.4,-0.3,-1.8,-2.7,-2.9,-5.3,-2.5,-16.9,-8.7,-6.6,-6.7,-6.8,-3.8,-1.2,-4.0,-0.0,-4.2,-4.0,-1.7,-3.1,5.9,-2.6,-3.1,-4.5,-2.5,-2.5,-2.6,3.1,-1.4,-0.0,-0.2,-2.7,-3.0,-2.7,-0.5,-1.3,-1.4,-2.8,2.7,-2.6,-2.8,-0.0,-1.5,-2.8,-4.5,-3.1,-2.8,-5.5,-3.4,-2.9,-4.6,-4.0,-3.2,-2.4,-2.1,-2.6,-4.5,-3.2,-3.9,-4.0,-5.1,-3.5,-7.0,-0.6,-6.2,-2.4,-5.4,-4.2,-5.0,-4.1,-6.1,-2.9,-8.1,-4.1,7.4,-1.8,-0.0,-1.6,1.0,-1.5,-2.7,1.1,-1.3,-2.0,-2.1,-1.5,-3.8,-2.4,-3.7,-2.8,-1.9,-2.1,-0.7,-3.7,-2.3,-2.5,-2.8,-2.9,-4.4,-2.2,-2.3,-4.6,-3.6,-4.8,-3.5,-5.1,-9.4,-5.7,-4.0,-4.7,-4.1,-7.6,-5.1,-3.4,-4.7,-1.9,-0.6,-4.3,-5.2,-14.1,-2.3,-2.0,-1.8,-0.7,-3.0,-3.9,-3.3,-2.9,-2.0,-4.9,-3.9,-4.1,-3.5,-4.0,-5.5,-3.7,-4.3,-6.2,-6.5,-5.7,-6.2,-6.1,-0.2,-6.8,-3.5,-2.5,-3.3,-5.4,-5.3,-9.3,-5.2,-6.9,-5.8,-7.3,-5.5,-2.2,-6.4,3.2,-0.1,3.4,-11.2,-5.2,-4.2,-5.2,-5.3,-5.8,-7.8,-7.2,-7.8,-7.1,-6.9,-7.4,-7.3,-7.2,-7.0,-8.0,-4.0,-5.1,0.2,-3.3,0.6,-4.4,-3.2,-6.1,-4.5
2C7L51Gwwp,0,48.107699,11.62702,4442213.73,2778461.28,539.3,585.0,287,7351,3.3,0.78,0.43,32.65,348.97,-0.53,-0.103,0.842,-0.7,0.2,-0.25,0.25,1.8,0.2,-0.3,-2.0,-0.2,2.9,0.7,15.6,-5.2,0.2,-5.3,-5.6,-2.2,0.6,-0.4,0.2,-0.9,-1.8,-2.2,-3.7,-2.6,-1.7,-2.5,-1.7,0.4,-2.2,-1.5,1.1,-0.7,-0.3,-0.3,-1.5,-8.1,-13.0,-7.9,-5.1,-3.8,-2.2,-2.9,-0.3,-4.5,1.7,0.7,0.1,2.6,-5.7,0.9,1.9,-1.8,1.0,-2.8,0.0,-0.2,2.5,-1.6,1.3,2.2,0.6,2.3,2.4,2.0,2.5,1.8,0.9,4.0,0.0,0.7,2.8,1.4,-0.8,-0.9,-0.2,-0.2,-2.8,-0.1,-2.5,-1.2,0.6,-0.1,0.5,1.6,-0.6,-3.1,-1.8,-1.6,-2.9,-0.1,-1.7,-5.0,0.8,-3.0,-2.1,-3.4,-1.9,-2.3,0.1,-7.9,-2.3,1.7,-0.6,-1.6,-0.4,2.6,1.6,-3.5,-1.2,-0.4,-0.5,1.4,0.7,3.6,-0.5,2.7,0.1,-1.1,-0.9,-0.7,-1.2,-5.5,0.8,1.6,1.1,-0.7,2.9,-2.6,1.6,-1.9,-2.7,-2.2,-2.1,-2.2,-3.8,-6.4,-3.7,-3.8,-1.6,-2.9,-8.4,-3.9,-2.6,-1.6,2.0,2.0,-0.8,-3.9,-8.5,0.1,-1.9,-3.3,-3.0,-0.2,0.6,-1.0,-1.7,2.9,-2.3,-0.3,-0.6,0.3,-1.3,-3.4,-3.0,-2.1,-4.8,-8.8,-5.1,-5.5,-4.1,5.9,-3.7,-3.0,1.1,-1.2,-2.6,-4.0,-9.8,-6.9,-4.2,-4.6,-1.9,-1.7,-6.8,-4.3,0.5,7.8,-12.5,-10.2,-2.3,-2.3,-0.7,-1.3,-5.9,-7.1,-7.3,-6.7,-7.5,-8.8,-8.9,-4.6,-7.2,-3.8,-5.3,-4.1,-4.8,12.5,-9.3,10.3,-2.9,3.9,-3.4,-2.8
2C7L51Gwws,0,48.107714,11.62714,4442222.62,2778463.19,536.8,582.5,287,7354,3.9,0.71,0.42,32.65,348.97,-0.53,-0.103,0.842,-0.9,0.2,0.08,0.3,1.1,0.3,-0.3,-5.1,-0.8,0.0,-0.6,-2.4,-3.2,-2.0,0.8,0.4,7.1,-1.3,-4.2,0.4,-1.6,2.0,2.4,3.2,2.4,1.9,3.2,-0.8,2.1,-1.9,2.0,9.1,7.1,5.2,2.4,-5.4,1.7,-14.3,-0.3,-1.5,-1.1,-3.2,1.5,7.1,8.9,8.5,5.9,1.7,-11.3,6.0,1.2,1.7,1.8,-9.1,-5.2,-3.0,-5.4,-2.9,0.0,1.9,-0.0,-1.6,0.2,-5.5,0.9,-1.0,0.3,-2.5,-1.9,-6.1,-2.9,3.0,-6.1,-2.0,-2.8,-2.6,-3.5,-11.8,-3.7,-3.8,-3.0,-0.5,1.2,-1.2,-4.0,-0.7,1.1,-1.2,0.2,2.2,-2.2,-1.5,2.4,1.2,-0.2,0.9,0.4,-0.8,-5.5,-14.5,-5.6,-3.3,-1.0,0.6,-0.8,-2.9,-4.2,-4.5,-3.1,-6.3,-3.7,-0.0,0.6,-0.2,-1.9,-1.7,-3.3,-2.2,-0.8,-2.9,-3.5,-2.5,-3.0,0.6,-2.4,-1.3,-6.1,1.3,-2.3,-4.9,-2.9,1.2,1.3,0.3,0.6,-2.1,-2.1,-0.6,-1.1,-2.7,-3.1,-1.1,-3.1,-1.6,-3.1,-0.4,1.3,8.9,-4.3,-3.9,-2.9,-9.8,-7.8,-3.9,-3.7,-1.7,-0.9,-16.2,0.7,-0.0,1.2,2.1,-1.7,-0.7,-1.8,1.1,0.2,0.4,-1.0,-2.8,-4.0,-4.3,-8.9,-1.4,-6.3,-2.1,-2.6,2.7,2.3,1.9,-4.0,-4.6,-4.6,-5.6,-3.4,-17.8,-2.3,-3.8,-2.3,-2.7,-9.2,0.5,-2.6,-14.5,0.0,-2.9,1.9,-9.0,9.8,-8.8,5.0,-10.3,-7.0,-6.6,-6.8,-4.2,-7.3,-6.2,-6.4,-6.0,-3.7,-2.1,-4.1,-6.1,-4.7
2C7L51Gwx0,0,48.107771,11.627581,4442255.35,2778470.21,537.1,582.8,287,7362,3.8,0.54,0.43,32.65,348.97,-0.53,-0.103,0.842,-0.5,0.2,-0.5,0.29,4.3,0.3,-0.3,1.4,1.2,0.6,3.7,1.0,-4.9,2.2,1.2,3.9,-4.4,5.2,-0.4,-0.3,1.8,3.1,4.6,-3.3,14.0,12.1,3.8,1.9,8.8,3.4,5.3,10.3,14.7,5.7,3.4,3.9,7.9,20.6,5.4,6.2,6.9,6.5,11.0,12.1,13.4,15.8,10.0,3.8,2.0,7.3,14.1,5.6,2.8,1.0,0.8,0.7,0.3,1.8,1.9,2.2,3.5,2.7,3.2,1.7,0.9,2.9,4.6,3.5,4.2,7.9,0.3,5.0,-4.4,-0.5,3.5,0.2,2.4,-0.3,3.6,-0.0,-0.7,1.6,10.8,7.9,7.8,9.5,10.3,2.1,4.7,3.7,7.0,3.3,9.9,7.0,11.7,10.8,8.5,5.9,5.9,-0.7,7.7,9.3,6.7,3.0,12.1,11.4,5.8,6.2,8.3,11.3,5.7,9.3,7.6,6.1,4.8,7.1,5.4,6.5,4.1,1.9,3.0,2.2,2.8,-9.7,0.5,-1.2,-5.4,10.4,2.4,2.1,0.8,11.0,14.5,-0.1,9.9,5.9,8.8,6.2,10.5,4.5,9.8,8.8,8.9,9.9,7.2,10.7,5.9,-2.1,1.3,2.5,2.9,-1.2,0.9,4.7,-4.8,-1.5,-1.3,-0.6,-4.5,2.2,1.8,6.3,2.6,4.1,3.4,6.8,4.0,8.8,8.8,11.4,6.3,7.3,3.4,6.2,13.3,1.9,6.5,7.2,4.4,1.4,0.1,-4.5,5.1,-3.3,-4.6,13.2,-4.9,-3.3,-0.6,2.4,-0.6,-9.0,8.2,-0.4,8.6,9.7,5.2,3.9,10.9,13.8,7.1,6.9,6.9,12.3,7.5,1.7,3.5,0.3,-0.1,-1.7,1.5,1.7,-2.1,-3.0,-7.1
2C7L51Gwx1,0,48.107773,11.627599,4442256.66,2778470.49,535.2,580.9,287,7363,3.5,0.7,0.45,32.65,348.97,-0.53,-0.103,0.842,-0.3,0.2,0.12,0.27,2.5,0.2,-0.3,3.7,-1.7,-5.7,-0.5,-1.9,3.7,-0.8,-0.9,0.6,7.0,0.1,-3.0,-1.2,1.1,-6.0,-6.1,-7.4,-3.1,-3.2,-0.1,-1.3,-0.3,-2.8,-2.3,-3.5,-0.9,-1.1,0.6,-2.6,-6.6,-11.6,-11.9,-9.1,-8.7,-11.6,-0.5,1.2,-3.0,2.5,-3.5,1.8,4.6,-6.4,-3.1,-5.8,-3.1,3.4,3.0,0.7,1.3,-0.1,1.9,1.0,1.8,1.6,0.9,3.0,2.4,2.4,0.9,0.3,1.9,2.3,1.1,5.2,-0.3,-1.3,4.4,1.1,-0.9,1.9,-0.3,-1.7,-1.3,-2.4,-0.6,0.6,2.3,2.1,-2.2,-2.0,-4.2,-3.6,-3.0,-1.6,-2.6,-3.3,-4.3,-4.2,-5.2,-3.7,-17.6,-1.5,-8.2,-5.1,-1.6,-3.8,-2.4,-1.6,-2.3,-3.7,-5.6,-7.8,-7.0,-4.3,-3.1,-4.8,-2.6,-2.8,-3.8,-3.3,-1.0,-2.1,0.3,1.6,2.7,1.7,0.1,-2.0,0.7,0.6,-0.0,-0.1,0.6,-1.1,0.0,1.2,0.7,-4.4,-5.9,-2.3,-5.1,-8.7,-8.1,-8.9,-9.1,-5.5,-6.2,-1.9,-0.0,4.2,5.4,-2.1,-0.7,1.5,-2.5,-0.0,-1.0,-2.4,-0.1,-0.2,0.1,-3.3,-3.0,-1.5,-1.9,8.5,-0.2,-3.9,-5.8,-7.2,-4.2,-0.8,-6.5,-6.0,4.4,-3.8,-4.5,-8.4,-7.6,-6.0,-12.6,-1.9,-3.1,-10.2,-3.5,-3.7,-1.0,3.6,-5.7,-4.6,-1.8,-4.2,-3.7,-4.5,-3.6,-1.2,-12.0,-5.3,-5.1,-0.4,-2.7,-2.1,-5.4,-1.5,1.2,-4.1,-10.0,3.8,0.7,-1.5,2.2,7.3,3.0,5.5,-5.1,-7.1,-5.1
2C7L51GwxT,0,48.107978,11.629192,4442374.86,2778495.84,535.7,581.4,287,7391,2.4,0.86,0.4,32.66,348.97,-0.53,-0.103,0.842,-1.0,0.1,0.08,0.19,1.1,0.2,-0.3,-1.1,0.5,-0.8,-0.6,-2.0,-0.4,0.7,-1.6,0.8,-1.9,1.6,-2.2,-2.0,-1.2,-0.2,2.0,-3.1,-3.6,-3.2,-2.1,-4.5,3.0,-4.5,-2.0,-0.1,-2.1,0.9,0.2,-4.1,-5.8,-7.8,-3.8,-5.7,-3.8,-3.5,-5.1,-2.9,0.8,-3.9,1.8,-1.1,0.4,-1.6,-1.8,-1.3,0.2,-3.0,-4.5,-2.7,-0.8,-1.4,-1.2,1.3,2.7,0.2,-1.5,-2.2,-1.0,-0.7,-0.3,-0.8,-8.4,-0.5,-0.8,-2.0,-1.8,0.1,3.8,1.0,0.7,-2.9,-3.0,0.9,-2.2,-0.9,-3.2,-4.0,-2.3,-3.2,-2.7,-2.8,-5.3,-5.3,-4.1,-0.5,-2.9,-1.7,-5.4,-5.4,-5.1,-5.3,-3.5,-10.1,-4.3,-3.0,-1.6,-0.6,-6.0,-3.2,-5.5,-2.4,-3.2,-0.7,1.0,-5.7,-3.1,-0.2,-4.4,1.4,-0.9,4.7,-4.1,-2.3,-3.9,-3.8,-3.4,-4.6,-4.4,-3.7,-2.7,-2.8,-2.2,-3.4,-3.3,-4.2,-3.9,-4.2,-1.9,-3.6,-4.8,-4.5,-15.8,-4.7,-4.2,-2.8,-4.2,-6.0,-3.9,0.4,-0.3,-2.7,-0.9,-4.4,-4.7,-6.8,-5.3,-1.5,-6.6,-3.4,-5.6,-7.5,-0.3,-4.4,-2.1,-3.0,-4.4,-5.9,-5.5,-6.4,-6.0,-5.2,-4.0,-3.3,-3.8,-0.2,-2.6,-2.2,-0.7,-2.7,-4.6,-4.3,-7.3,-4.5,-6.0,-4.5,-6.9,-2.4,-2.9,-7.9,-2.2,-3.5,-6.5,-10.7,-6.0,-11.1,-6.4,-7.2,-6.5,-2.6,-9.1,-5.8,-7.4,-8.0,-14.0,-9.6,-1.8,-6.0,-1.3,-11.1,0.1,-5.2,-7.1,-4.2,-3.1,-2.9,-4.7,-5.3,-5.0
2C7L51GwxU,0,48.107988,11.629266,4442380.37,2778497.03,535.6,581.3,287,7392,3.4,0.72,0.44,32.66,348.97,-0.53,-0.103,0.842,-1.5,0.2,-1.45,0.26,1.7,0.2,-0.3,-1.4,1.5,-4.1,0.0,-3.1,0.3,1.0,2.8,2.3,-10.6,0.5,0.9,2.4,-4.6,-1.9,-3.2,-2.8,-0.3,-2.6,-2.9,-2.4,0.0,2.0,-1.8,-1.8,1.5,1.4,12.1,-2.1,-6.1,-11.6,-2.7,-6.0,-6.3,-4.5,0.1,0.5,-1.9,1.2,-1.9,0.2,-3.5,0.5,-5.4,-0.9,1.5,1.3,-2.4,0.5,-0.2,0.7,5.0,3.4,0.6,2.4,3.7,2.4,4.7,4.9,4.0,3.3,-1.0,2.8,-1.0,-1.3,-0.8,2.4,-0.1,2.8,-0.4,1.8,3.3,2.2,0.2,0.2,0.3,0.8,-2.3,-1.6,-2.3,-8.4,-5.4,-0.4,-0.9,2.2,0.8,-1.2,0.2,1.4,-1.6,-1.8,-2.8,-3.3,-11.3,-5.9,3.4,6.3,-2.8,-2.1,-1.0,-0.7,-2.2,1.3,-0.2,0.0,-0.4,0.4,3.4,6.5,0.5,5.1,2.0,-5.4,1.3,0.6,-3.7,0.4,-1.6,2.7,3.6,3.7,2.5,0.3,1.5,1.2,-2.9,-0.1,-2.9,-4.9,-1.4,-5.9,-1.3,2.3,-3.6,-5.3,-3.3,-3.8,-10.6,-1.9,0.8,3.3,-1.8,-3.1,-2.4,-3.3,0.6,10.8,-2.3,1.7,-0.5,4.8,-0.0,-3.0,-7.2,-1.4,-4.4,-6.1,3.9,-7.7,-6.7,-1.0,-3.6,0.7,-5.5,-7.6,-3.6,-2.0,-2.9,-0.4,-3.6,-4.8,-4.9,-8.1,5.2,-2.5,0.5,-9.3,-8.5,-5.9,-6.4,-10.0,-3.8,-7.9,-2.5,-5.1,-8.1,-6.8,-7.1,-3.6,-8.2,-18.8,-9.4,-3.9,-6.5,-7.9,-9.2,-5.3,-10.9,-7.9,-9.4,-2.5,-5.1,-17.2,-5.0,-4.7,-3.9,-4.8,-10.4
2C7L51HDyS,0,48.107079,11.622049,4441844.98,2778384.25,540.1,585.9,288,7264,3.4,0.76,0.41,32.6,348.93,-0.529,-0.103,0.842,0.2,0.2,0.31,0.27,0.6,0.2,-0.3,-1.7,-2.1,-1.4,-2.0,-0.4,-4.0,-1.0,-1.8,-2.2,-9.6,-0.4,-2.0,-0.3,-1.9,0.3,-0.3,5.4,6.4,-0.4,13.8,-0.3,-1.9,-0.9,1.4,1.4,-1.1,-1.8,-1.5,-2.1,-8.0,7.8,-8.0,-5.2,-6.1,-6.0,-0.0,-3.9,-2.8,-0.9,-1.0,-3.2,4.9,-4.3,-2.3,-3.2,-4.7,-3.4,-0.6,-8.1,-0.0,-2.5,-3.1,-2.7,-3.3,-2.7,-2.5,-3.2,-2.9,-1.2,-4.3,-4.5,-4.0,-3.2,-2.8,-6.2,-2.9,-5.7,-3.2,-2.5,-2.2,-5.5,-2.7,-3.1,-1.4,0.4,-0.3,-1.4,-1.2,-1.0,-10.2,-4.5,-7.7,-6.5,-10.9,3.6,-5.1,-11.1,-9.1,-8.7,-4.1,-3.6,-10.9,-4.2,-4.2,-6.9,-7.6,-3.5,1.5,3.6,-1.3,-12.4,-8.1,-0.5,-2.6,-13.5,-2.2,-2.7,-2.3,-3.4,0.1,-1.4,-4.1,-2.6,-3.7,-2.6,-3.9,-5.2,-3.4,-2.7,-0.8,-4.0,-1.1,-1.3,-1.2,-0.9,-3.0,-1.7,-1.9,-2.5,-1.2,-3.7,-5.9,-3.2,0.4,-6.7,-2.1,-3.1,-6.4,2.1,1.7,-4.2,1.5,-0.6,-2.5,-1.2,0.1,-0.6,-0.0,-1.6,-0.2,1.3,0.3,-2.2,-2.6,-0.2,2.6,3.1,0.7,2.2,-0.4,2.1,-1.9,1.1,-1.6,0.5,11.4,-1.2,-5.4,-1.2,-0.1,-0.0,-4.7,-5.8,-6.6,-6.9,-5.5,-3.9,-2.3,-7.3,-1.3,-1.6,-2.0,4.5,-2.4,-2.1,-4.8,-0.3,-5.5,-5.6,1.0,3.8,-1.0,3.4,1.5,2.4,-10.3,-2.8,-2.8,-3.9,-3.5,-2.2,-2.6,-2.6,-3.0,-3.9,-4.9,-4.1,-4.8
2C7L51HDzL,0,48.107498,11.625312,4442087.03,2778436.16,546.7,592.4,288,7319,4.5,0.6,0.49,32.64,348.97,-0.529,-0.103,0.842,-0.7,0.2,-0.89,0.35,0.5,0.3,-0.3,2.8,-1.8,1.7,-0.6,4.2,-6.5,-0.9,-3.6,-1.0,-10.6,4.7,-8.6,4.7,2.7,3.6,10.1,-0.3,-1.6,-6.7,1.4,-1.9,-0.7,2.8,8.2,6.3,-0.1,0.9,-1.2,0.1,0.6,7.5,-2.3,-5.3,-4.7,-1.5,3.3,2.3,11.1,6.7,5.2,5.3,-0.8,12.7,5.5,0.0,4.0,1.5,3.0,1.8,4.0,-1.6,3.4,1.8,6.7,8.2,-0.8,5.6,3.8,1.6,0.2,-0.2,1.6,0.6,2.2,-1.3,1.2,0.4,-0.9,1.2,0.0,0.4,1.2,-1.4,1.9,2.6,4.9,5.3,2.7,3.0,3.3,1.1,-3.2,0.2,-1.6,0.3,-1.1,4.1,8.2,10.9,-0.8,0.2,5.1,-4.5,3.3,0.3,-4.0,-7.8,-0.6,0.8,2.2,1.0,2.8,4.8,-3.5,3.4,5.7,4.5,3.1,0.0,1.2,-3.3,-7.3,5.2,0.4,2.8,-0.8,0.8,-2.0,-1.9,2.0,4.0,-2.0,0.7,8.4,7.7,0.8,4.3,7.0,3.0,-0.7,-3.4,4.6,-4.1,2.7,-1.5,0.6,4.1,2.8,3.1,10.5,-1.9,5.5,9.4,0.4,0.8,-1.3,-1.0,-2.3,7.0,10.2,1.8,6.0,-8.5,-5.9,6.8,13.0,3.2,-1.5,-4.3,2.5,1.6,2.7,-4.3,8.0,-0.7,2.0,-2.8,4.8,0.2,-3.0,4.4,-0.7,-0.7,-11.8,-6.0,-11.7,10.2,-3.2,-6.5,-2.5,-4.3,2.1,0.4,-2.7,-1.3,-12.8,-1.2,-13.8,-0.6,4.5,8.9,-7.3,4.5,-3.3,-13.1,0.7,7.6,-5.5,-5.9,0.9,-0.1,-0.8,3.3,-0.1,5.0,-1.1,-6.6,-6.8
2C7L51HDzf,0,48.107625,11.626297,4442160.08,2778451.84,538.9,584.6,288,7339,3.0,0.6,0.37,32.65,348.97,-0.53,-0.103,0.842,-0.8,0.1,0.07,0.23,5.0,0.2,-0.3,0.1,4.1,2.9,0.5,2.1,1.8,1.1,0.2,-1.5,-6.9,-2.7,-2.3,-1.9,-4.2,-5.3,-6.9,-8.4,-7.8,-9.7,-11.4,-10.6,-9.8,-7.0,-8.0,-6.4,-5.8,-6.6,-7.4,-7.6,-9.1,-23.9,-12.4,-12.2,-11.7,-12.2,-10.4,-8.5,-10.0,-6.7,-8.2,-6.8,-8.2,-7.0,-8.5,-8.3,-8.0,-8.4,-6.0,-6.7,-4.2,-4.3,-1.9,-1.2,-2.2,-1.9,-2.4,-1.6,1.2,1.7,3.4,3.3,3.6,-4.2,3.9,-2.9,4.5,1.5,1.6,-1.3,-3.5,-5.2,-5.0,-5.0,-3.6,-5.8,-6.5,-6.5,-7.1,-8.5,-11.2,-10.0,-11.7,-9.7,-8.9,-9.6,-9.5,-9.1,-9.1,-10.1,-12.1,-10.8,-10.1,-10.3,-12.8,-9.7,-6.6,-9.0,-9.5,-8.2,-6.8,-6.7,-8.6,-8.7,-8.6,-8.1,-8.1,-8.0,-6.9,-7.2,-8.1,-8.9,-7.6,-6.4,-5.9,-2.6,-1.3,-13.5,-0.8,3.0,3.5,-6.8,2.1,-2.7,-5.0,-8.3,-9.3,-8.2,-7.3,-11.0,-10.1,-9.9,-11.7,-12.6,-11.3,-5.5,-9.4,-3.0,-12.3,-8.7,-7.0,-8.0,-7.3,-6.5,-7.0,-3.7,-2.1,-7.4,0.9,0.9,-2.0,-6.7,-0.4,-6.0,-6.1,-7.3,-6.5,-7.8,-6.7,-8.6,-8.4,-9.8,-7.5,-11.8,-15.3,-13.7,-10.2,-10.4,-0.9,-9.0,-10.2,-11.6,-15.1,-9.8,-10.4,-8.4,-14.2,-1.5,-4.4,7.8,-3.0,-5.2,-5.4,-5.0,-7.2,-7.2,-9.5,-14.4,-15.1,-15.0,-14.5,-13.6,-14.5,-11.7,-14.1,-17.8,-13.0,-8.7,-6.2,-9.7,-9.0,-9.2,-7.3,-4.5,-8.3,-2.8,-4.4,-2.3,-3.0
2C7L51HDzi,0,48.107624,11.626288,4442159.42,2778451.72,530.5,576.2,288,7342,3.9,0.69,0.57,32.65,348.97,-0.53,-0.103,0.842,-1.3,0.2,0.25,0.3,1.2,0.3,-0.3,-4.7,-2.3,-4.9,-2.1,-3.4,-2.6,0.4,-1.8,-0.8,-1.3,-0.1,-4.5,-4.5,-3.7,-6.0,-3.6,-1.7,-4.1,-5.8,-2.9,-2.6,-0.7,-4.5,-4.6,-3.6,-0.1,-14.9,-1.3,-3.6,-5.5,-12.2,-1.5,-3.0,-7.2,0.3,-3.7,4.0,-6.4,4.8,5.4,-1.7,-13.2,0.6,-4.5,5.5,0.0,0.2,1.1,3.1,-0.4,4.2,-3.7,-2.6,4.4,-7.2,-8.7,-3.0,-8.6,-7.4,-1.8,-1.8,-5.9,4.8,-1.8,-6.4,-6.3,-2.3,-5.1,-6.6,-5.3,-7.2,-8.4,-2.9,-8.0,-5.6,-2.5,-18.5,-3.7,-3.4,-1.5,-2.2,-5.0,-13.6,-7.8,-11.1,-6.0,-7.7,-7.7,-12.3,-8.8,-8.5,-16.0,-16.0,-15.6,-10.2,-8.7,-13.7,-3.1,-18.6,-8.9,-8.2,-10.5,-5.7,-10.7,-2.5,1.2,-2.8,-11.7,-4.3,-6.3,-5.8,-14.2,-6.6,-6.6,-7.9,-3.5,-5.1,-5.0,-3.2,-5.9,-5.7,-4.5,-3.4,-6.0,-1.1,1.5,-1.6,0.2,-5.0,-8.2,-10.7,-7.6,-4.7,-4.8,-4.4,-7.5,-7.2,-7.5,-8.4,0.6,-6.6,-12.3,3.3,-9.6,-6.9,-6.1,-6.3,-5.0,-7.0,-4.8,-6.6,-6.5,-5.0,-7.2,-4.9,-7.3,-9.8,-4.9,-3.7,-8.2,-7.7,-6.7,-3.1,-7.2,-10.4,-4.7,-5.3,-5.9,-3.5,-3.2,-7.7,-7.8,-7.7,-7.0,-11.9,-5.8,-6.9,-4.2,-5.8,-9.0,-9.2,-10.6,-14.7,-8.4,-6.4,-7.1,-12.6,-5.8,-6.2,-11.0,-9.3,-6.9,-8.9,-10.0,-12.2,-11.2,-6.2,-8.9,-15.0,-9.2,-16.7,-8.6,-10.9,-12.3,-9.9,-5.8,-5.8,-8.4
2C7L51HE01,0,48.107789,11.627579,4442255.19,2778472.24,540.0,585.7,288,7361,4.1,0.51,0.39,32.65,348.97,-0.53,-0.103,0.842,-0.7,0.2,-0.34,0.31,5.3,0.3,-0.3,0.5,1.1,1.2,1.1,-1.6,-3.5,-1.1,-1.4,2.8,0.3,1.6,0.8,3.1,2.7,5.5,7.1,-1.9,-2.4,2.5,1.2,2.2,7.6,1.9,7.1,10.7,16.3,6.0,4.7,3.5,6.8,20.7,4.5,6.0,7.6,6.8,24.6,11.7,13.6,17.9,13.5,4.4,2.7,9.0,20.0,7.7,3.9,2.4,0.8,-0.0,1.5,1.7,1.8,1.1,2.8,2.2,3.2,1.4,1.0,-0.3,0.7,-1.5,2.4,5.4,0.0,3.9,-2.6,-0.1,-0.3,-0.5,1.2,0.8,2.3,-0.7,-1.0,4.5,15.8,8.0,5.2,7.5,-3.9,1.8,5.8,-0.0,-2.2,-1.0,16.5,8.6,13.7,13.5,7.3,5.4,-0.2,0.8,6.5,9.2,8.3,2.2,17.9,5.7,6.0,0.6,6.2,8.4,6.2,11.3,7.2,6.4,3.9,7.0,6.1,6.0,4.0,3.2,0.5,0.3,-0.7,-4.9,-0.5,0.7,-1.5,-4.9,-2.1,-0.0,-0.3,4.6,-5.7,-0.6,9.2,4.7,8.5,6.4,14.0,6.5,12.0,9.1,11.7,13.8,9.2,12.1,6.0,0.5,0.2,1.4,1.2,-1.1,-1.1,5.4,-3.0,-2.6,-0.8,-1.6,-2.1,2.2,1.0,4.4,-1.1,2.6,1.4,3.3,0.8,12.4,9.8,3.7,6.1,9.7,4.2,2.1,16.6,2.2,7.9,7.5,5.9,2.6,-1.3,-3.8,6.6,-2.5,-1.4,-11.6,-3.8,-4.5,-3.3,-2.8,-2.0,-3.4,5.0,-1.6,7.7,8.6,2.6,0.2,10.3,16.4,8.0,5.3,6.5,11.7,6.5,-0.3,3.2,-1.3,-2.0,-2.7,-0.9,-1.9,-3.1,-2.8,-4.7
2C7L51HE07,0,48.107843,11.627999,4442286.3,2778478.91,542.9,588.5,288,7367,3.4,0.77,0.39,32.66,348.97,-0.53,-0.103,0.842,-0.8,0.2,-0.1,0.26,0.4,0.2,-0.3,-0.4,1.0,-0.2,1.2,4.9,-8.0,3.1,-0.9,3.7,-10.5,3.2,-6.9,0.4,1.4,1.2,3.5,4.0,5.2,3.5,2.8,0.6,2.2,-0.9,1.8,2.8,4.1,1.9,-5.7,-2.9,-0.7,10.6,-0.7,-1.2,-1.5,-1.5,1.4,1.6,5.2,4.4,4.0,3.0,-4.3,2.7,2.5,2.1,0.4,-4.8,-0.2,-0.0,1.2,-0.2,2.0,2.6,1.7,0.4,2.6,-3.4,1.2,0.7,-0.7,-0.5,0.4,-2.1,-0.0,-11.3,-8.9,-2.8,1.6,-1.4,-1.1,-6.0,-0.9,-3.9,1.1,-0.0,1.8,0.5,1.6,-0.8,0.9,0.7,-0.2,1.0,0.3,-0.4,1.5,2.0,3.0,1.8,-1.2,1.2,-2.3,-7.6,-3.6,0.3,3.9,-3.2,0.7,0.9,0.6,-0.6,0.8,2.7,0.8,2.8,2.6,2.6,3.6,2.6,2.1,1.6,2.7,2.2,2.0,1.7,-4.1,-3.5,0.8,0.2,0.1,-4.6,-0.9,-1.7,1.6,3.0,2.6,-7.5,1.1,-1.5,-0.4,-0.8,-0.5,-5.3,-1.2,-2.2,-2.1,1.2,-2.9,2.2,3.7,-10.5,-3.1,0.7,1.2,0.6,-0.1,-0.7,0.0,-1.1,0.6,-1.7,3.4,0.5,0.4,-0.7,-2.0,-0.8,-1.3,-0.5,-1.5,1.7,-0.6,-3.1,-4.3,-3.4,-1.9,-0.6,2.4,-3.0,-0.8,1.1,-2.1,-11.9,-12.0,-12.3,-11.7,-8.6,-3.9,10.6,-3.1,-1.1,0.1,0.5,-2.6,-0.7,-1.4,-5.5,-2.2,-3.8,-8.5,1.4,-4.9,0.0,0.9,-3.0,-2.7,4.9,-1.8,-5.1,-4.4,-10.4,-3.8,-2.9,2.0,-0.2,-3.1,-1.8,-1.0
2C7L51HE08,0,48.107847,11.628029,4442288.56,2778479.39,541.6,587.3,288,7368,2.9,0.82,0.19,32.66,348.97,-0.53,-0.103,0.842,-0.7,0.1,-0.22,0.22,1.1,0.2,-0.3,0.1,0.5,1.2,1.2,1.2,-7.0,1.6,0.5,2.2,-8.2,2.7,-6.3,2.4,2.6,1.2,2.3,2.4,2.7,2.2,1.5,1.7,3.0,1.2,2.2,2.9,4.3,3.7,-4.1,-0.1,0.3,10.9,-1.2,-1.1,-0.9,-0.6,2.3,3.0,3.9,5.3,4.4,3.5,-2.7,3.3,3.4,2.6,1.8,-5.0,0.5,1.7,2.2,1.7,2.8,3.2,2.4,1.5,2.8,-1.2,1.9,1.4,0.3,-0.0,0.9,-2.8,0.9,-8.2,-7.6,-1.9,1.0,-0.5,-0.0,-5.3,0.3,-4.5,1.0,1.1,2.3,1.4,2.0,0.6,1.6,1.0,0.5,0.6,0.4,0.1,2.0,3.0,3.6,2.5,0.5,1.8,-1.0,-6.7,-1.7,0.9,4.8,-1.5,2.4,2.9,2.9,1.4,1.7,3.1,2.5,3.1,2.9,2.7,2.6,3.3,2.0,1.8,2.0,1.6,1.8,2.2,-3.2,-2.1,-0.8,-1.2,0.1,-4.6,-0.0,-1.2,1.3,2.5,2.5,-6.5,1.7,-0.6,0.2,0.3,0.7,-5.5,0.5,0.2,1.2,1.6,-0.8,3.7,4.5,-4.9,-3.4,1.0,0.7,0.6,-0.1,-3.5,-0.9,-0.1,0.4,-2.5,1.4,1.1,0.8,0.6,-1.1,-0.0,0.0,0.1,0.0,1.1,0.9,0.1,-1.3,-0.9,1.5,0.6,3.6,1.9,1.4,1.4,-1.0,-8.9,-8.1,-9.7,-11.6,-6.8,-2.9,11.3,-3.5,-1.8,-1.6,-1.1,-1.8,-1.2,-0.8,-5.5,-0.3,-1.5,-2.9,0.8,-1.2,-0.3,-0.8,-1.4,-1.3,0.8,-0.2,-2.2,-1.0,-7.9,-1.5,-0.8,-1.4,-1.2,-4.8,-1.8,-1.7
2C7L51HE09,0,48.10785,11.628055,4442290.46,2778479.8,540.0,585.7,288,7369,2.8,0.8,0.23,32.66,348.97,-0.53,-0.103,0.842,-0.7,0.1,-0.36,0.21,1.8,0.2,-0.3,-0.1,0.7,1.4,1.2,0.4,-2.0,0.4,0.6,2.6,-3.8,3.3,-1.7,3.2,3.4,3.1,4.2,4.1,4.8,5.1,2.6,3.7,5.8,2.5,4.6,4.9,6.7,5.9,-2.1,2.5,2.0,-9.9,0.6,0.6,0.5,1.1,3.4,4.7,4.6,6.4,5.4,5.2,-0.4,5.5,5.3,3.9,3.5,-2.1,1.1,2.5,2.4,2.2,2.7,3.0,2.3,1.6,4.1,0.0,2.1,0.8,0.2,-0.0,0.6,-4.2,0.4,-7.6,-5.0,-2.2,1.8,0.1,1.5,0.9,0.9,-0.9,2.2,3.4,5.5,4.3,4.4,2.8,4.7,3.4,3.5,2.9,2.0,2.3,3.9,5.9,5.7,4.6,3.8,4.1,0.5,-6.0,1.9,3.2,7.4,1.2,5.4,4.7,5.6,3.6,3.1,4.7,4.0,4.5,4.1,4.3,3.7,4.6,3.3,3.7,3.3,2.9,2.3,2.7,-1.3,-1.6,-1.0,-1.9,-0.5,-2.9,0.5,-1.1,2.6,3.2,3.8,-2.3,4.9,2.2,2.2,1.6,2.7,-4.4,3.8,2.1,3.4,2.8,1.4,5.4,6.2,-2.2,-2.4,1.5,1.4,0.7,-0.8,-4.8,-1.7,-0.9,0.8,-3.7,0.4,1.0,0.4,1.6,-1.6,0.6,1.2,1.9,1.1,2.2,2.0,1.9,1.0,2.0,2.1,2.5,5.9,4.2,3.3,3.4,1.0,-6.1,-4.3,-6.5,-13.1,-8.2,-2.4,11.7,-3.9,-1.0,-2.7,-2.1,-2.0,-1.1,0.7,-4.6,2.1,1.2,-0.1,1.1,0.4,1.5,0.5,-0.1,0.7,0.7,0.7,-1.3,1.9,-4.4,0.2,-0.2,-1.5,-1.0,-4.9,-1.4,-1.0
2C7L51HE0J,0,48.107909,11.628506,4442323.96,2778487.0,534.3,580.0,288,7379,2.4,0.85,0.34,32.66,348.97,-0.53,-0.103,0.842,-0.7,0.1,-0.03,0.19,1.0,0.2,-0.3,0.0,-0.1,0.7,-0.7,-2.6,-1.0,2.2,0.4,0.9,-0.5,-0.4,-1.1,-0.1,1.8,-1.8,1.8,-3.1,-2.7,-0.4,-4.1,-2.3,-1.6,0.9,-2.4,-0.6,-0.9,1.0,-0.6,2.4,-3.8,-10.1,-3.0,-0.6,-1.3,-2.1,-1.2,1.7,-1.2,1.3,-3.8,2.5,-3.3,4.1,-0.5,3.3,1.5,0.0,0.8,7.8,-0.7,-8.9,0.7,1.4,0.3,-0.6,-1.3,-0.1,-0.7,-0.1,-3.0,-3.2,-2.1,-0.0,-0.8,-3.7,-5.3,-2.3,1.2,0.3,-1.2,-4.5,-0.5,-0.4,1.0,-2.4,0.7,-2.2,1.6,-0.2,-2.0,-1.1,-0.2,0.5,-0.9,-7.3,-3.8,-4.0,0.3,-1.3,-7.0,-0.8,-1.3,-4.8,-4.4,1.8,3.3,-3.9,-1.2,-0.5,1.6,0.7,-1.0,1.9,-1.4,-0.6,-0.1,-0.4,0.9,0.0,-1.4,1.2,2.4,1.0,1.1,1.1,1.3,-0.8,-1.6,1.2,0.5,-2.5,-1.1,0.5,1.9,-1.0,-3.6,-3.7,-0.6,-1.0,0.0,-5.3,-7.6,-2.3,-6.3,-5.5,-2.1,-1.3,-4.4,-2.8,-0.5,-4.8,-6.4,-6.3,-4.5,-0.4,-0.8,-2.8,-0.1,0.2,-1.5,-2.0,0.8,-0.3,-0.3,0.6,-1.7,-1.8,-1.0,-1.5,-3.2,-4.6,-5.8,-1.9,-2.1,-6.5,-2.1,0.5,-3.2,-6.9,-1.6,-1.9,-5.3,-7.7,-4.5,-3.5,1.8,-1.6,-3.2,-0.7,-5.6,-3.4,-5.2,-5.1,-4.6,-3.7,-1.0,-3.1,-2.8,-4.2,-8.3,-5.7,-7.1,-7.1,-11.1,3.6,-5.5,-3.0,-0.9,0.7,2.2,-2.8,-2.3,-1.0,-1.2,-2.9,-3.6,-2.4,-2.0
2C7L51HE1X,0,48.108457,11.632775,4442640.61,2778554.93,531.2,576.9,288,7455,4.6,0.61,0.42,32.68,348.97,-0.53,-0.103,0.842,-0.3,0.2,-0.44,0.36,1.9,0.3,-0.3,-8.3,-5.5,4.7,4.7,3.3,3.0,-1.3,2.5,4.1,6.1,3.6,-1.6,2.5,-3.5,3.3,3.6,2.4,-7.9,3.2,1.4,1.9,-4.0,3.2,4.1,-4.2,5.5,6.2,-6.5,2.9,1.7,0.4,1.3,-6.6,-1.9,-9.4,-3.9,2.2,-7.0,7.1,5.1,6.5,-7.0,-9.3,-3.1,4.2,4.6,3.9,-5.7,-7.8,4.6,-3.7,4.6,4.9,4.2,4.3,5.6,-6.8,4.2,4.8,4.9,5.0,4.1,6.1,4.2,3.2,3.8,3.9,6.2,3.3,4.7,-2.6,3.8,4.7,4.7,5.9,4.9,4.1,-7.6,3.5,3.2,2.5,3.5,3.5,3.5,-8.6,3.3,5.1,-3.1,-4.3,-6.7,-5.5,3.4,0.8,4.5,2.1,3.5,5.4,4.1,3.9,2.9,3.7,4.5,2.9,4.3,4.9,2.7,3.9,3.7,3.5,3.3,-6.0,4.1,3.0,4.2,3.2,2.8,1.8,-5.9,-3.4,0.6,3.5,-3.9,3.9,4.1,3.2,4.7,3.5,3.7,2.2,3.4,2.1,-8.5,4.0,5.4,2.2,3.9,-9.1,-7.9,-1.8,7.6,-12.1,-3.9,2.7,3.1,-8.0,2.8,4.8,-5.7,-1.6,5.9,3.6,3.0,3.9,3.0,-2.6,-2.9,3.5,3.5,3.0,-4.0,-5.7,6.2,-5.3,0.5,0.1,-10.1,4.4,-17.3,-9.9,0.6,-12.6,1.2,-2.8,3.0,2.9,2.9,3.5,3.5,4.4,0.3,1.4,1.5,0.4,-0.1,2.0,0.8,-0.1,2.3,-4.3,0.1,3.1,-15.2,3.7,4.3,-1.6,-8.7,2.0,0.1,2.5,1.3,-1.0,-17.9,8.2,2.9,2.8,2.8,1.9,3.3
2C7L51HDyM,0,48.107059,11.621745,4441822.37,2778381.47,541.6,587.3,288,7258,3.2,0.78,0.43,32.6,348.93,-0.529,-0.103,0.842,-0.1,0.2,-0.6,0.25,1.2,0.2,-0.3,2.6,1.2,4.4,2.9,3.2,-0.4,2.3,1.6,2.0,-9.8,1.6,0.4,4.1,3.0,0.5,-0.4,-0.4,-0.2,-0.0,0.7,-0.5,0.3,1.6,1.1,2.8,-1.4,1.7,-2.8,-0.5,-7.2,-16.2,-4.7,-8.0,-5.2,3.0,-1.4,-6.4,-2.5,-1.7,-2.5,6.0,2.8,-3.4,0.4,3.7,3.5,4.4,3.6,4.8,3.4,-1.6,5.4,4.5,2.6,3.1,-0.5,4.8,2.5,1.7,1.3,3.0,3.1,3.2,4.5,-0.2,-2.9,-0.4,-0.7,-2.7,-0.7,-7.7,2.9,1.8,5.7,0.9,4.2,5.8,1.6,-2.1,0.2,5.8,2.2,-2.2,3.1,10.0,-5.8,1.6,2.9,-0.1,1.5,-5.2,-4.9,1.8,4.4,3.1,-4.5,4.3,-4.0,-4.1,4.9,5.6,3.8,2.3,0.1,0.5,0.6,2.7,2.2,-0.0,-0.3,-0.4,-1.4,2.9,0.5,4.5,0.7,2.6,0.3,-1.4,1.9,3.3,4.4,0.5,0.8,4.5,2.6,-0.6,3.0,3.6,3.7,0.5,2.1,0.5,0.2,0.4,1.2,4.0,0.4,0.3,3.0,0.4,-3.1,1.1,0.3,0.7,0.6,-0.4,-1.8,-0.8,5.0,2.7,2.1,1.7,-0.0,5.9,4.5,0.1,0.1,0.7,-0.8,1.3,0.5,3.5,-1.2,2.3,-1.9,-3.4,-5.5,7.0,1.6,-4.6,-2.6,-9.3,-2.1,-5.3,-3.4,-1.6,-3.8,0.1,3.7,1.5,2.4,3.8,0.1,2.0,9.9,0.9,1.5,2.1,3.1,-0.4,-0.9,-1.1,-1.5,-0.7,-5.8,1.8,-0.3,-1.6,-3.5,-4.4,-0.8,0.1,-0.4,0.7,-0.1,2.3,0.2
2C7L51HDyO,0,48.107064,11.621789,4441825.63,2778382.17,539.5,585.2,288,7260,3.2,0.76,0.44,32.6,348.93,-0.529,-0.103,0.842,-0.6,0.2,-0.04,0.26,0.5,0.2,-0.3,-3.2,-3.3,-1.8,-2.3,-2.3,-2.7,-0.3,-2.7,-1.4,6.6,-1.2,-0.3,-0.0,-1.1,1.8,0.2,-0.5,1.5,-3.4,-2.8,-3.0,-7.6,-5.1,-3.4,-0.5,-0.5,-0.5,-3.4,-1.2,-1.5,3.3,-7.2,-7.6,-7.6,-7.8,-5.0,-2.1,-3.9,-1.0,-2.3,-1.7,-5.0,-3.1,-2.9,-4.7,-2.9,-5.3,-5.8,-3.9,-1.9,-2.4,-3.4,-3.5,-5.4,-5.4,-3.0,-6.4,-2.4,-3.5,-5.3,-1.8,-9.2,-11.2,-2.5,-0.0,-3.2,-6.7,-12.1,-4.3,-3.5,-4.2,-4.0,-7.8,-7.5,-6.4,-2.9,-3.6,-4.3,-2.8,-2.8,-3.3,-3.6,-5.1,-5.0,-8.7,-8.1,-1.4,-4.9,-6.1,-8.3,-9.6,-13.0,-3.1,-7.8,-5.7,-7.5,-3.6,-7.8,-6.0,-15.3,-5.4,-5.4,-6.8,-7.1,-6.6,-4.8,-5.6,-3.2,-4.5,-3.6,-3.1,-4.7,-4.8,-4.5,-12.2,0.1,-2.6,-9.5,-7.3,-5.5,-5.3,-7.9,-4.3,-7.2,8.7,7.8,-9.0,-1.6,-4.4,-5.5,-1.9,-0.7,-3.7,-3.1,-9.2,-7.4,-6.2,-5.2,-4.1,0.5,-0.4,-6.2,-3.7,-3.4,-3.3,-2.6,-1.4,-5.8,-5.6,-8.6,-5.0,-4.2,-6.2,-5.2,-5.1,-1.8,-12.2,-5.2,-4.5,-4.8,-3.3,-0.7,-1.7,-3.8,-2.2,0.7,-5.4,-4.7,-0.3,-3.0,-4.7,-8.4,-8.2,-2.9,-4.3,4.4,-7.1,-6.5,3.9,-5.5,-4.3,-3.2,-4.1,-5.4,-0.9,-7.4,-4.8,-2.5,-0.5,-3.9,-5.4,-7.1,-4.7,-4.5,-9.1,-21.1,-3.8,-8.5,-9.1,-6.6,-9.1,-9.3,-10.4,-10.0,-11.5,-10.2,-9.7,-12.3
2C7L51HDyz,0,48.107342,11.62395,4441985.96,2778416.56,541.1,586.8,288,7297,2.5,0.84,0.3,32.64,348.97,-0.529,-0.103,0.842,-0.7,0.1,-0.01,0.19,1.0,0.2,-0.3,-1.4,2.2,1.2,1.1,1.3,-2.7,-0.0,0.4,2.4,-2.8,-2.3,-4.4,-0.7,-2.7,1.1,2.6,2.1,4.0,3.2,1.2,-4.7,2.6,-1.3,7.9,2.2,3.2,-0.8,-6.0,-7.1,-3.6,5.9,-1.2,-6.2,-1.2,2.3,0.1,-5.6,1.8,6.9,1.8,0.7,-0.2,2.2,1.7,-0.0,-2.6,1.1,-3.0,-2.2,-1.5,-1.2,-1.4,-1.1,1.1,-1.9,0.7,-3.1,-1.1,-2.0,-3.3,-4.2,1.8,-0.9,-3.4,-4.2,-5.1,-3.7,-4.1,-6.2,-1.5,-2.6,-4.3,-3.7,-4.2,-0.4,-4.4,-1.7,-1.5,-1.0,2.5,0.7,-0.9,-3.9,-6.3,-3.0,-4.1,-0.1,1.3,2.0,-2.5,-0.1,-2.5,-4.5,0.5,2.7,-2.5,-4.3,1.7,2.3,1.3,-2.9,3.2,1.5,2.5,0.3,2.7,-1.1,1.5,3.7,0.8,0.4,0.1,-0.7,-1.2,-1.0,-4.3,-5.7,-3.1,-2.9,-0.1,-1.4,-1.4,1.4,-5.1,-0.9,-1.0,-1.4,-0.2,0.5,1.1,-3.8,-0.9,-3.0,-1.2,-0.3,-1.8,5.8,-1.3,-1.9,3.6,-4.4,1.5,-1.8,-2.2,-3.0,-0.3,-5.1,-0.6,-4.5,-1.1,-1.9,-1.5,-3.2,-4.4,-2.0,-2.5,-2.2,-3.7,-3.8,-5.8,1.7,2.0,-2.1,0.4,-2.3,1.5,-3.4,-1.4,-1.9,-0.7,-3.6,-2.0,-3.8,-6.7,-8.0,-2.5,-1.0,-2.4,1.3,-5.2,-6.0,-3.9,-3.5,-5.4,-2.6,-1.8,-4.3,-0.5,-1.7,-1.7,-7.8,-2.5,-3.7,-2.8,-3.4,-0.8,-0.4,-1.3,-3.6,-3.6,-6.2,-2.9,-4.0,-0.9,-3.4,-4.1,-6.7,-1.2
2C7L51HDz0,0,48.107339,11.623924,4441984.01,2778416.15,537.0,582.8,288,7298,2.9,0.8,0.42,32.64,348.97,-0.529,-0.103,0.842,-0.4,0.1,-0.26,0.22,1.8,0.2,-0.3,0.2,0.9,1.4,1.2,0.6,-2.0,-0.5,-0.4,0.2,0.7,1.1,-5.7,-0.2,-0.9,0.7,0.1,-3.6,-2.2,-4.7,-5.4,-8.0,3.0,1.4,0.8,-0.6,0.6,-3.1,-7.6,0.1,-6.1,-20.5,-9.8,-11.0,-4.8,-4.7,-3.1,-3.3,-0.0,2.0,-2.6,-2.8,-1.2,-2.1,-1.4,-3.2,-4.1,-3.7,-0.9,-13.6,-1.2,-0.0,-1.7,-1.3,-1.7,-6.5,-1.8,-4.1,-0.6,-0.3,-3.7,-1.9,-0.0,2.1,-1.3,-3.1,-3.6,-1.3,-3.0,-3.0,-1.3,-2.7,-5.5,-2.9,-3.9,2.4,-4.5,-4.1,-3.2,-2.9,-2.3,-2.8,-4.2,-9.9,-8.8,-6.3,-6.6,-3.8,-5.3,-8.0,-4.4,-2.8,-3.7,-6.3,-5.7,-2.0,-2.9,-4.7,-5.4,-1.2,-1.9,-10.2,0.1,-5.6,-3.2,-5.4,-0.0,-0.5,-1.0,0.7,1.4,-1.4,-1.0,-2.4,-0.6,0.2,-1.5,-2.1,-0.5,0.3,0.1,0.4,-1.3,0.3,-1.0,1.5,-1.9,-3.7,-1.0,-2.3,-0.2,-6.2,-2.5,-2.7,-4.5,0.8,-7.3,-1.1,-5.3,-3.3,0.4,-2.8,-1.3,-2.1,-3.7,-3.2,-1.2,6.2,-2.4,-0.6,0.2,-0.5,0.6,-2.0,-2.3,-2.2,-3.2,-3.5,-3.8,-7.1,-8.3,-0.6,-4.5,-6.6,-1.2,-4.5,2.9,-2.1,-6.1,-3.2,-5.0,-7.3,-6.3,-1.9,-8.0,-2.2,-9.0,-1.0,-2.8,0.5,-3.8,-0.8,-6.4,-6.6,-5.6,-2.5,-1.3,-2.8,-3.3,-6.8,-2.5,-5.9,-11.4,-12.8,-8.4,-4.3,-3.8,-0.3,0.2,-4.2,-4.3,-5.1,-3.8,-3.0,-3.4,-3.2,-3.9,-4.7,-2.4
2C7L51HDzI,0,48.107477,11.625003,4442064.06,2778433.31,539.0,584.7,288,7316,2.3,0.87,0.38,32.64,348.97,-0.529,-0.103,0.842,-0.7,0.1,0.07,0.17,0.9,0.2,-0.3,0.5,0.7,1.4,-3.8,2.2,1.3,2.3,-0.8,-0.4,-8.6,-0.4,0.4,-0.8,-2.3,-0.0,-0.1,-2.6,-1.8,-2.0,-3.7,-6.9,-3.4,-1.8,-2.6,0.9,-0.3,-1.6,-2.2,-0.8,-3.5,6.6,-4.0,-5.1,-3.2,-2.4,-2.4,-0.6,-0.6,0.5,-0.2,4.8,-3.2,-0.7,-1.3,-3.7,-5.3,-4.5,-3.8,0.1,-1.2,-0.4,0.2,-1.1,-0.4,-0.8,-0.7,-2.2,-1.0,-2.1,-2.1,-0.7,0.5,7.3,-2.2,5.7,-2.7,-2.4,-1.1,0.6,0.7,-1.1,-0.1,-2.1,3.8,-0.8,-0.1,-3.5,-2.3,-4.1,-3.9,-4.3,-4.6,-7.0,-6.4,-2.1,-3.0,-1.2,-3.1,-3.5,-3.3,-1.3,-2.5,-7.8,-4.6,-2.7,-1.1,-2.3,-4.4,-2.6,-1.8,-4.2,-3.1,-0.1,1.6,-1.5,-0.3,-0.6,-3.0,-1.2,-3.5,-1.6,-3.2,-1.4,-3.8,-6.6,-0.6,-4.9,-5.6,-5.9,-2.4,-2.2,-4.8,-4.1,-5.0,-2.7,-1.2,-2.5,-0.3,-3.6,-4.1,-3.3,-4.5,-6.0,-2.0,0.0,-4.1,-1.8,-2.0,-2.4,0.0,-1.0,-0.2,-1.5,-1.6,2.4,-1.7,-7.8,-2.5,-3.2,-3.4,0.5,0.3,-0.9,-1.4,-2.8,-3.4,-2.7,-5.0,-3.2,-2.7,-4.6,-2.9,-4.2,-5.6,-6.7,-3.0,-6.8,-3.6,-7.5,-5.0,-6.0,-6.0,-7.2,-10.2,-4.9,1.1,-3.4,-2.4,-5.2,-0.8,1.0,-0.3,-5.9,-3.0,-3.0,-3.3,-5.0,-5.0,-5.7,-7.0,-6.7,-4.5,-5.2,-4.6,-6.0,-5.4,-2.3,-5.2,-4.5,-0.8,-5.5,-2.8,-3.8,-4.7,-2.7,-4.1,-4.4,-4.1
2C7L51HDzh,0,48.107641,11.626276,4442158.45,2778453.57,532.9,578.6,288,7341,2.0,0.88,0.33,32.65,348.97,-0.53,-0.103,0.842,-0.8,0.1,0.08,0.16,1.0,0.1,-0.3,-1.3,-0.5,-0.9,1.0,1.2,1.9,3.7,0.8,1.0,0.4,1.2,1.3,1.1,0.0,-1.9,-4.5,-2.8,-2.6,-4.0,-4.6,-4.9,-1.1,-3.9,-1.4,-3.3,-3.6,-5.5,-1.7,-2.2,-4.9,-13.0,-5.3,-6.3,-8.3,-8.7,-8.7,-5.2,-5.6,-2.9,-4.4,-3.0,-4.2,-4.4,-3.2,-3.6,-3.4,-4.5,-3.5,-4.1,-2.7,-4.2,-2.3,-2.8,-1.4,-3.1,-4.7,-2.3,-6.2,-4.5,-4.4,-3.6,-6.2,0.4,-3.2,-1.5,-6.6,-4.9,-3.0,-5.4,-5.4,-5.3,-6.1,-5.4,-3.2,-4.0,-4.2,-1.5,-4.1,-5.7,-4.5,-5.8,-7.2,-9.5,-6.1,-7.4,-7.6,-4.5,-3.8,-2.7,-4.0,-3.9,-2.1,-6.8,-9.4,-5.5,-3.7,-3.2,-4.9,-5.0,-5.5,-5.0,-5.4,-3.7,-6.5,-4.2,-4.7,-3.8,-6.1,-2.8,-4.2,-6.6,-6.3,-5.7,-4.4,-4.4,-3.5,-4.1,-4.3,-6.1,-4.9,-0.4,-3.0,-3.6,-3.8,-3.4,-3.4,-3.4,-1.8,-4.8,-5.3,-6.7,-3.4,-4.9,-3.9,-5.8,-5.1,-4.6,-7.1,-4.4,0.6,-6.8,-5.6,-1.0,-4.5,-3.5,-2.1,-3.9,-4.0,-4.9,-3.3,-2.2,0.4,-3.5,-7.3,-4.7,-6.4,-4.7,-2.2,-2.9,-4.4,-4.0,-4.2,-4.4,-6.3,-2.5,-2.3,-4.3,-2.3,-3.4,-3.9,-5.2,-7.5,-7.9,-6.5,-7.4,-5.6,-5.2,-3.4,-12.3,-7.9,-7.5,-5.8,-6.1,-6.9,-5.6,-7.0,-8.3,-7.1,-7.3,-10.4,-8.4,-7.6,-8.9,-10.2,-9.0,-10.9,-6.3,-3.8,-8.1,-6.6,-8.0,-4.5,-6.2,-6.2,-3.9,-4.9,-4.8,-7.6
2C7L51HDzn,0,48.107703,11.626766,4442194.79,2778461.35,539.5,585.2,288,7347,3.8,0.72,0.47,32.65,348.97,-0.53,-0.103,0.842,-0.3,0.2,-0.3,0.29,0.7,0.3,-0.3,-2.4,2.1,2.6,2.5,0.0,10.7,2.0,5.1,2.8,7.3,0.9,5.5,1.9,1.6,1.9,2.1,-1.1,0.4,-1.2,-1.6,-2.6,1.6,3.0,2.2,2.3,1.8,-4.0,-1.3,-3.1,-1.9,12.6,-2.8,-3.2,-5.4,-9.5,-6.8,-3.8,-5.0,-1.8,-3.5,-4.8,-3.1,-2.8,-1.1,-4.7,-6.6,-2.3,-5.3,-1.8,-5.0,-6.1,-2.3,-4.7,-6.0,-3.3,0.3,-5.4,-6.0,-6.1,-5.6,-3.9,-6.5,-2.9,-5.9,-7.1,-5.4,-6.9,-9.6,-9.2,-8.3,-8.7,-4.7,-6.4,-2.3,14.4,-8.2,-9.7,16.3,-2.9,-0.8,13.4,0.5,-3.5,1.9,-2.2,-2.6,-0.5,2.7,2.8,0.5,1.5,-2.9,-5.0,-1.9,1.9,2.8,2.9,3.1,1.7,-3.3,-1.6,-4.4,-0.2,-0.6,0.8,-2.1,2.3,1.2,1.4,-4.4,-0.3,0.1,1.4,0.6,0.8,-2.6,-4.6,1.3,2.0,-1.8,-1.4,0.8,1.6,2.1,1.8,0.9,-2.6,1.1,-1.8,-0.4,-2.4,2.0,3.1,2.8,2.8,2.2,1.7,3.0,4.0,4.6,2.6,-5.5,-1.7,-3.5,1.3,-0.4,5.2,-1.6,-0.3,1.7,0.7,0.2,0.3,-1.9,-1.1,-2.0,2.2,-1.1,0.8,1.4,-1.4,-5.4,-2.5,-4.4,-4.2,0.4,-1.7,0.1,-0.1,0.1,-4.9,-4.9,-4.0,-4.6,-6.0,-1.2,-5.2,-2.0,-2.2,-3.8,-2.5,-3.3,-1.7,-0.4,-2.5,-2.4,-7.8,-1.2,-0.4,-4.9,-3.1,-4.1,-2.3,-3.5,-5.6,-3.0,-2.1,-4.7,-2.4,-3.2,-4.6,-2.0,-3.3,0.2,-0.6,-1.9,-0.8,-1.7
2C7L51HE0M,0,48.107944,11.62864,4442333.8,2778491.18,533.7,579.4,288,7382,3.8,0.64,0.45,32.66,348.97,-0.53,-0.103,0.842,-0.4,0.2,-1.34,0.29,2.6,0.2,-0.3,-0.6,-1.1,-1.6,-1.4,-1.4,-1.1,-1.2,-0.7,-1.2,-6.2,-1.7,8.3,-2.4,-0.9,-2.0,-1.9,-11.1,-3.1,-2.2,-5.1,-2.9,-1.1,2.6,-1.4,-3.2,0.4,0.8,-3.1,-3.3,-6.1,-12.8,-4.3,-1.1,-8.9,-6.3,-5.9,-0.8,-6.2,-1.0,-3.2,0.1,-1.0,-1.1,-1.4,2.1,5.3,3.6,2.5,3.1,4.2,3.8,2.1,3.2,-1.9,4.4,2.8,6.5,5.1,3.1,2.2,-2.7,-1.4,6.6,8.0,11.7,10.5,6.0,4.4,-1.3,-1.5,-2.5,-0.7,-0.7,-0.7,0.8,0.0,-4.7,0.5,-4.3,-3.9,-11.0,-9.3,-1.3,-1.6,-1.0,-3.4,3.1,1.4,-4.5,-4.5,-12.5,-2.1,-14.4,-3.0,2.0,1.8,-0.8,-5.7,3.4,4.6,4.3,1.1,-1.5,-11.4,6.0,4.4,3.8,3.2,2.5,0.8,2.2,2.0,2.4,0.2,1.0,1.2,-0.4,-5.0,6.2,-1.1,-0.5,2.4,1.2,2.6,1.9,3.2,3.9,5.0,-8.2,-10.9,5.3,1.0,0.1,0.6,-3.2,2.0,-1.4,-5.1,2.1,4.7,-5.1,-4.9,-1.5,-1.0,-0.8,2.1,4.9,6.3,7.1,1.5,1.3,4.5,4.1,0.4,5.2,1.5,1.6,0.2,1.7,0.8,-2.1,-6.6,-5.2,-5.1,-3.2,3.6,1.8,-11.2,0.9,-2.3,-4.5,-4.1,-0.6,-5.5,-4.6,-0.0,0.8,-1.7,3.3,-2.8,-2.6,-2.2,-3.0,-0.7,-0.0,0.1,-9.6,-5.4,-5.1,-10.3,1.4,-12.3,-0.4,-2.1,-2.5,-2.9,-9.3,-3.0,-3.7,-2.5,-5.9,-3.0,-2.2,-3.7,-2.5,-4.3,-2.3,-1.7
2C7L51HDyk,0,48.107233,11.622956,4441912.14,2778402.81,534.3,580.0,288,7282,4.3,0.66,0.49,32.61,348.93,-0.529,-0.103,0.842,-0.2,0.2,-0.51,0.33,0.9,0.3,-0.3,-0.7,-2.2,0.4,-2.1,-2.5,3.1,-1.2,-4.6,0.2,2.2,-1.3,7.3,-0.6,-3.3,-0.7,-0.4,-3.1,-5.4,-8.5,-3.0,-0.8,-2.5,-2.6,-2.1,-0.6,0.1,-3.5,-0.2,0.5,-7.0,-18.9,-10.8,-6.2,-7.7,-5.9,0.3,-5.5,-7.1,0.9,2.6,-2.0,2.8,-2.3,-0.9,-2.9,-1.7,3.1,-12.2,-0.8,7.3,-1.4,-2.8,-4.8,-5.3,-0.7,-0.4,0.1,2.5,0.6,0.6,1.3,-4.1,2.0,4.6,2.9,1.0,-0.5,2.5,-0.3,-2.8,-0.3,-4.8,-2.5,-0.9,-1.0,-1.9,-9.9,-1.2,1.3,-2.9,-11.7,-5.2,-3.5,-6.1,0.0,-4.0,-2.1,-1.3,-12.3,-8.5,-2.4,2.1,-6.4,-6.5,-4.9,-2.6,8.6,-2.3,-16.5,-11.0,4.7,-0.3,-3.0,-3.5,-3.6,-0.8,-4.9,0.5,-0.0,-1.2,-1.9,-10.7,-2.1,0.1,-3.2,-1.7,0.8,-2.6,0.6,-8.5,-17.5,-4.6,2.6,-4.6,0.4,3.3,2.6,-5.0,0.0,3.8,-1.4,-12.9,2.5,-0.8,5.8,2.2,4.5,3.9,-3.2,4.6,0.3,5.0,0.3,1.5,0.4,-5.2,3.2,-4.3,-2.7,-1.2,-13.7,2.2,-6.7,-5.7,-1.6,-6.4,-1.9,-3.5,-3.4,-1.2,-5.2,-2.8,-3.1,-1.8,-4.2,3.5,-2.9,1.2,-2.1,-1.5,-2.2,-0.4,-2.5,-1.1,0.4,-7.0,5.2,-3.5,-3.3,0.0,6.8,0.1,-0.5,4.3,-1.5,-3.2,-0.4,1.6,-2.7,-1.2,-4.1,1.1,-2.3,-6.1,-2.6,-2.4,-5.5,-2.6,-13.9,-6.7,-4.0,-6.0,-5.9,-6.0,-15.4,-5.4,-2.9,-4.0
2C7L51HE04,0,48.107825,11.627565,4442254.06,2778476.15,531.5,577.2,288,7364,2.2,0.88,0.36,32.66,348.97,-0.53,-0.103,0.842,-1.1,0.1,-0.62,0.17,0.8,0.1,-0.3,-2.1,-1.0,-2.4,0.6,-2.1,1.2,-0.2,-2.1,0.4,-1.1,-0.0,-0.9,-0.9,1.3,-1.0,-0.1,-2.3,-1.7,-1.1,3.0,-1.2,-0.9,-2.3,2.1,1.7,2.8,1.4,-0.2,-3.2,-1.8,-10.5,-7.3,-5.7,-0.3,-6.0,1.8,3.2,2.0,7.0,1.3,1.5,0.6,0.3,0.9,-0.9,-1.7,-1.2,-0.2,2.3,-0.8,1.6,3.2,2.2,0.6,0.4,2.0,1.4,3.3,-1.6,0.5,1.9,0.1,3.4,0.4,6.9,-0.2,1.0,0.9,-0.6,-1.7,-2.6,0.2,0.1,-1.8,0.0,0.4,0.4,-0.5,-0.5,-2.4,-2.2,-2.9,-2.7,-2.7,0.7,0.1,1.0,-1.5,-2.5,-0.3,-0.1,-4.1,-4.2,-3.1,0.4,2.1,-0.3,1.4,1.4,0.1,-0.8,-0.5,-1.3,-1.2,-0.2,-0.0,-1.4,-1.8,1.0,-2.1,1.1,0.3,-1.3,-0.7,0.9,-0.3,-4.2,-2.1,0.2,-0.8,-0.5,1.1,0.8,1.5,-0.7,1.2,-1.2,1.9,-2.1,-0.8,-2.0,-12.2,-1.4,-1.7,-4.7,-3.0,-2.7,-1.7,1.3,2.0,-1.1,-4.6,-2.0,-2.4,-2.2,-2.8,0.9,-1.8,-1.3,-2.8,-1.1,0.6,-3.2,-3.5,-2.8,-1.9,-3.6,-1.2,-3.0,-3.8,-4.2,-4.4,-7.7,2.3,-4.5,0.0,-3.2,-0.8,-1.2,-1.2,-1.2,-6.3,-3.5,-3.0,-5.7,-0.5,-1.8,-2.2,-8.2,-3.4,-3.7,-3.3,-3.6,-3.7,-2.3,-1.8,-4.6,-5.9,-3.4,-6.0,-4.5,-6.4,-7.4,-5.5,-8.0,-2.3,-2.1,-3.2,-6.8,-3.5,-4.5,-4.6,-5.7,-4.4,-7.3,-5.2,-5.5,-5.9
2C7L51HE20,0,48.108741,11.6347,4442783.33,2778589.65,545.4,591.1,288,7484,4.6,0.6,0.61,32.69,348.97,-0.53,-0.103,0.842,1.9,0.2,-0.24,0.35,2.0,0.3,-0.3,1.5,-3.5,3.3,0.2,4.3,4.3,2.1,4.4,2.9,5.0,5.2,5.5,6.2,5.3,5.5,3.6,4.7,4.4,3.2,3.3,2.8,0.3,0.5,1.6,4.5,-2.2,1.4,4.5,-0.8,2.6,-7.4,-0.8,-1.3,-2.1,3.7,1.9,6.2,6.4,-1.2,6.4,7.0,4.1,4.5,-4.1,4.8,-1.1,4.0,3.5,-0.7,1.8,-0.5,2.1,1.1,1.0,2.9,-2.3,2.3,0.6,2.9,0.9,-1.2,1.3,-1.1,0.2,0.6,3.9,-0.3,0.4,0.4,0.2,1.3,-0.0,0.4,1.7,-0.4,4.2,2.9,1.8,0.9,-0.8,-1.4,-0.0,-0.5,5.8,-0.2,2.3,2.7,7.0,12.1,11.1,21.5,19.1,14.9,14.8,13.8,16.8,10.1,18.2,-5.0,-1.6,12.1,2.9,5.3,18.8,2.5,-2.4,-1.1,14.9,-0.4,2.1,-7.4,7.1,-1.3,-6.9,-0.2,-6.4,5.2,1.4,6.0,6.7,9.4,6.9,9.3,7.9,7.5,11.5,9.3,9.1,9.7,6.0,8.3,11.8,12.9,2.4,7.1,8.3,9.1,4.8,12.1,17.7,12.8,9.5,6.3,8.4,9.8,9.7,-3.4,9.9,10.7,-2.1,6.2,8.8,9.0,7.4,10.4,9.1,9.5,7.7,11.7,12.3,6.7,1.2,4.2,6.1,6.0,8.9,5.9,10.1,5.1,9.2,8.7,6.6,4.6,8.8,6.9,4.7,5.0,6.7,12.4,7.5,6.7,8.6,9.4,7.8,6.1,4.2,7.7,7.9,13.8,17.0,17.5,15.0,18.1,13.3,26.5,5.4,11.4,2.6,6.4,9.0,11.5,8.1,9.0,11.9,8.6,11.2,5.7,4.8
2C7L51HE2w,0,48.109126,11.637701,4443005.95,2778637.43,530.6,576.2,288,7542,4.4,0.66,0.44,32.7,348.97,-0.53,-0.103,0.842,-0.3,0.2,0.18,0.33,0.5,0.3,-0.3,-0.5,-3.8,-4.1,1.0,-3.6,4.7,-3.6,-1.5,-0.0,10.5,2.8,2.0,-1.5,-0.6,-1.9,-1.3,1.4,-4.0,0.1,-5.7,-1.9,1.6,-1.5,-6.3,7.0,4.6,3.0,-0.6,1.9,-4.2,-5.0,-5.6,4.6,0.3,-0.2,-0.4,1.7,-2.9,-1.0,1.2,3.2,14.2,-8.1,-3.1,-5.1,-5.9,1.7,4.2,-11.9,2.2,-2.3,-4.9,-1.4,2.4,-1.4,-4.1,10.1,-2.2,-2.2,-0.6,0.7,-1.3,-4.1,-0.6,5.0,2.9,-1.4,-2.9,-2.6,-4.6,-9.1,-1.9,-4.1,0.9,-0.6,0.0,-2.1,3.8,1.4,-4.4,0.2,-7.7,-0.9,4.0,4.3,8.7,1.6,7.5,-5.2,1.1,-3.5,14.3,9.3,-7.0,11.1,-4.7,-3.3,-3.9,-3.7,-8.9,-9.6,-1.6,-8.8,-6.2,-4.3,-6.9,-6.4,1.1,-2.0,-5.6,-6.2,-2.6,-4.7,-3.4,-5.1,-2.8,-0.4,-1.5,-0.2,2.5,1.5,-0.4,-4.9,14.6,3.3,-4.1,-6.9,0.1,-5.9,-7.2,-1.3,-5.5,-2.8,-6.9,-7.5,-7.4,-5.6,3.8,3.3,-2.2,1.1,-2.6,-0.8,-1.3,-0.3,3.1,-2.2,2.9,3.2,2.2,0.3,-1.0,-0.8,1.6,-0.4,2.3,-0.8,1.3,0.7,-2.4,-3.1,-10.6,0.6,-8.4,-6.2,-4.1,0.8,-1.7,-3.0,0.4,-4.2,-2.0,0.6,2.6,1.4,-2.6,-1.6,-3.0,-2.6,-1.9,-3.0,-4.1,-3.2,-1.5,-2.9,-3.2,-3.8,-1.5,-0.4,-7.8,-3.9,-0.9,-8.0,-0.1,2.7,-1.8,-0.7,-5.9,14.0,-0.8,-5.5,-7.7,-1.0,1.9,-1.9,-1.4,-3.1,-5.5
2C7L51HE0Q,0,48.108035,11.629059,4442364.82,2778501.96,543.2,588.9,288,7386,3.4,0.72,0.39,32.66,348.97,-0.53,-0.103,0.842,-0.3,0.2,0.4,0.26,2.2,0.2,-0.3,-0.8,0.0,2.2,-0.2,-2.6,0.6,0.6,0.6,-1.4,-3.5,0.6,1.9,0.9,0.5,-0.3,-0.6,-4.6,-1.5,-6.4,-7.2,-1.2,-4.1,-1.5,-2.3,-5.9,-3.0,-8.1,1.2,-6.0,-5.8,-3.3,-8.4,-5.7,-9.4,-7.8,-7.0,-10.5,-8.4,-1.2,-2.9,-3.3,1.5,-12.0,-1.5,-3.5,-3.7,-4.4,2.4,-1.0,0.3,-1.2,1.2,-1.1,1.0,-0.6,-1.0,0.3,-1.3,-3.2,-2.4,-3.9,-2.8,-6.4,-3.9,-7.5,-1.0,-4.3,-4.5,-3.5,-2.8,-0.7,-3.6,-4.5,-1.0,-5.4,-6.6,-4.2,-5.4,-6.9,-3.7,-3.0,-5.6,-4.3,0.3,-4.9,-10.5,-1.5,-12.2,-4.6,-5.7,-11.9,-3.9,-2.3,-13.0,-8.9,3.9,-2.7,-5.9,-7.9,-9.7,-2.4,-6.0,-0.5,-0.3,-0.9,-3.1,-3.2,-0.7,-4.1,6.8,-4.3,-4.5,-1.0,-2.9,-1.1,-3.1,-6.9,-3.7,-0.3,-1.1,-3.4,-1.6,1.5,0.2,0.4,-1.2,-2.1,2.8,-8.5,-2.8,-8.2,-7.7,-3.3,-5.5,-8.3,-15.3,-6.9,-14.9,-3.5,-0.5,-1.3,-3.4,-6.1,-2.4,-2.1,-3.4,-4.3,-0.9,-1.2,0.8,-8.2,-2.8,-2.0,-16.0,-2.6,-2.9,-0.9,-2.0,-2.9,-1.8,-6.0,-6.1,-10.2,-9.5,-5.3,4.9,-4.2,-0.4,-3.2,-1.6,-5.3,-10.5,-18.7,-2.5,-0.3,-6.4,-4.6,-4.2,-3.3,-3.1,0.1,-0.7,2.3,-3.6,-3.5,-4.1,-2.1,-3.6,-8.0,-5.2,-7.5,-6.7,-7.7,-13.0,-3.8,-9.7,-4.4,-5.5,-2.0,-9.5,-2.0,-4.2,-2.1,-2.3,-1.5,0.1,-1.9,3.0
2C7L51HE1c,0,48.10855,11.633066,4442662.04,2778565.73,534.1,579.8,288,7460,3.3,0.77,0.48,32.68,348.97,-0.53,-0.103,0.842,-0.6,0.2,0.17,0.25,1.2,0.2,-0.3,0.6,-0.1,0.9,-3.3,-3.0,1.9,0.9,-2.8,-0.2,2.3,-2.2,1.7,-2.9,0.6,-0.8,-2.0,-2.9,0.8,-2.2,-3.3,-1.2,-9.2,-6.0,-11.8,-4.7,11.6,-9.1,0.6,-6.5,-0.3,-7.7,-2.5,4.3,-3.1,-1.9,-2.3,1.9,0.2,-0.3,2.9,0.1,-0.9,-3.2,1.9,-4.9,2.5,2.5,-0.4,1.4,-0.5,0.7,-1.7,-2.7,-2.0,-1.3,-0.9,-0.5,-1.0,-2.0,1.0,0.0,1.2,-3.5,0.8,-0.2,1.4,-2.0,0.8,-2.0,-2.4,1.4,-0.6,0.9,-4.0,-1.9,1.2,1.5,1.5,-1.6,-4.3,-1.0,-8.8,-2.3,1.1,-0.6,5.7,-3.8,-1.3,-2.6,6.2,-5.3,2.9,-6.8,-5.6,-10.0,-5.1,-0.1,-12.2,-2.4,-4.6,-5.4,-4.3,-4.6,-4.8,-1.3,-5.2,-0.0,-1.6,-5.2,-2.6,2.0,-4.6,-2.5,-3.8,-4.4,-0.1,-1.3,0.1,0.2,-2.2,0.1,0.5,-3.1,0.7,0.1,1.2,-1.1,-11.6,5.3,-10.4,-2.8,9.8,-10.1,-14.7,-8.6,-9.4,-4.0,-5.9,-2.1,-2.1,-0.6,-4.3,-6.8,-4.3,-2.0,-5.3,0.4,-0.9,-2.2,-0.9,-2.8,-2.2,-2.4,-4.8,-4.4,-4.5,1.6,-3.0,-4.1,-1.5,-5.2,-7.6,-5.8,-6.4,-4.0,-1.3,-1.8,5.3,-5.9,-4.1,-0.2,-4.4,-5.8,1.0,-1.6,-2.6,-2.7,-0.1,-5.1,-2.8,-2.2,-1.6,-3.6,-3.6,-2.2,-3.6,-3.3,-2.9,-1.5,-6.5,-9.1,-6.6,-7.0,-6.3,-0.7,-4.4,-5.6,-3.7,-2.8,-3.9,-3.4,-3.7,-1.4,-1.4,-4.4,-2.2,-3.4,-3.1
2C7L51HDz9,0,48.107466,11.624486,4442025.56,2778431.27,539.0,584.7,288,7307,3.4,0.63,0.34,32.64,348.97,-0.529,-0.103,0.842,-1.1,0.2,0.02,0.26,3.8,0.2,-0.3,-2.3,-1.0,-1.6,-0.0,-0.3,-1.8,-0.7,-0.6,1.2,-4.5,0.7,0.1,3.2,3.1,9.0,10.4,9.8,9.2,9.0,8.4,2.3,6.4,3.1,8.3,10.0,10.4,6.9,3.6,-1.7,8.7,17.0,4.2,4.0,7.1,5.9,6.0,6.5,8.7,12.3,8.7,2.0,4.3,10.4,11.9,6.9,1.1,1.3,-1.4,-0.7,-1.1,-0.9,0.4,0.1,2.6,-0.4,2.2,1.5,0.3,-1.6,-1.8,-1.2,1.9,-1.0,0.4,-2.9,1.0,-1.6,-3.6,-0.2,1.0,-1.7,-0.7,-1.0,0.9,3.3,9.8,5.6,5.4,4.4,6.0,3.3,5.2,-0.0,-0.2,-1.3,1.8,5.9,6.7,5.0,5.6,4.5,-1.9,0.7,4.0,3.7,3.8,-0.2,8.0,5.4,5.9,-1.3,4.8,5.3,3.9,5.6,7.0,4.8,1.9,4.2,4.6,4.5,1.4,1.5,-0.8,0.1,-2.9,-10.5,-1.8,0.7,1.2,-8.0,-0.5,0.4,1.4,5.5,9.5,-1.3,5.1,5.2,7.0,8.0,4.6,0.4,3.9,3.7,1.6,4.2,2.6,6.6,1.9,-9.0,-3.4,-2.6,-0.6,-2.0,-4.5,-1.0,-1.2,-2.7,-0.7,-3.1,-2.0,1.2,0.4,3.1,2.2,2.4,0.8,4.1,-1.4,3.1,5.0,6.0,4.6,0.6,2.7,-0.7,-0.9,-2.5,5.6,3.8,-2.0,0.5,-2.7,-6.9,-11.1,-1.5,-2.0,-13.1,-5.3,-3.4,-3.2,0.0,-3.7,-3.3,5.6,-0.1,-2.2,5.9,3.5,-4.6,10.6,2.7,9.4,3.1,6.5,3.5,2.7,-3.0,-5.5,-4.7,-6.4,-3.5,-1.9,-2.3,-3.8,-5.3,-4.4
2C7L51HDzC,0,48.107475,11.624549,4442030.26,2778432.28,535.9,581.6,288,7310,3.8,0.74,0.42,32.64,348.97,-0.529,-0.103,0.842,-1.7,0.2,-0.17,0.29,1.0,0.3,-0.3,-1.5,0.4,-1.0,-1.7,-1.8,2.4,-1.0,-1.0,-0.0,-1.0,0.3,-0.5,1.7,0.2,-1.7,0.2,-1.8,-1.2,2.5,-2.5,-1.8,-3.3,-1.6,0.4,1.7,-4.9,-0.2,-3.2,-7.1,-5.7,-15.9,-5.8,-4.5,-5.2,-4.8,-5.3,13.6,2.1,6.0,3.2,-0.7,-2.0,-2.8,2.8,-3.4,-3.0,-0.6,-4.0,-2.6,-1.0,-7.9,-0.5,0.3,1.7,-1.0,1.1,-1.5,0.8,-2.9,-1.4,-1.8,0.2,0.6,-2.7,0.5,-3.5,-2.9,2.2,-2.1,-3.0,-4.8,-3.5,-4.1,-3.4,-1.2,-7.0,-2.4,-4.1,-5.8,-5.9,-2.7,-5.5,-2.3,-5.2,-6.7,-6.4,-4.3,-5.7,-3.2,-1.1,-0.8,-5.7,-3.4,-6.1,1.4,-4.9,-5.3,-6.1,-3.7,-1.4,-1.5,-5.6,-1.2,-1.7,-4.6,-2.9,-2.5,-3.9,-2.9,-3.8,-1.1,-3.3,-4.5,-5.5,-4.5,-2.2,-1.9,0.7,-0.7,-2.7,-1.2,-4.6,-5.6,-5.1,-5.4,-4.5,-4.3,-2.3,-3.1,-5.6,-5.5,-3.3,-3.5,-3.7,-6.2,-7.4,-5.8,-7.8,-2.6,-1.1,-4.7,-6.5,-2.7,-3.2,-6.7,-6.2,0.0,-3.9,-5.5,-3.1,-5.4,-4.2,-3.4,-3.1,-3.8,1.6,-7.2,-5.7,-9.5,-1.8,-10.0,-19.8,-4.0,-10.1,-5.6,4.0,-7.2,2.4,-4.8,-5.6,-5.1,-12.1,-3.5,-19.7,-21.0,-20.4,3.6,-2.9,-7.6,-5.9,-7.5,-9.6,-8.0,-10.8,-5.2,-5.0,-7.3,-9.4,-8.1,-10.4,-11.0,-16.3,-14.0,-3.1,-3.8,-13.5,-7.9,-9.5,-9.4,-3.5,-15.2,-13.0,-12.7,0.5,-15.3,-12.4,0.2,1.5
2C7L51HDzX,0,48.107645,11.625878,4442128.82,2778453.41,541.4,587.1,288,7331,2.7,0.79,0.4,32.65,348.97,-0.529,-0.103,0.842,-0.6,0.1,-0.99,0.21,0.9,0.2,-0.3,0.6,0.0,1.6,-4.9,5.7,-1.0,0.9,-2.6,-2.6,2.8,0.1,5.5,-0.1,-1.7,-2.7,-1.2,-2.6,-5.0,-0.8,-2.6,-1.1,0.1,0.7,-0.5,5.9,3.4,3.0,10.5,-6.4,-1.4,12.0,-7.1,-2.9,-4.8,4.2,2.3,2.9,3.0,4.8,3.2,6.3,3.5,5.6,8.2,4.0,3.2,3.3,2.6,2.9,4.6,4.8,3.4,7.4,9.2,6.9,8.4,7.2,4.9,6.0,7.3,-0.2,5.2,6.4,2.6,3.7,3.7,1.8,4.8,4.5,4.2,3.4,2.6,1.6,2.9,4.2,4.5,4.3,3.6,3.9,4.0,3.1,3.3,0.7,0.4,-2.3,2.0,5.2,1.9,3.0,3.6,3.5,4.2,-3.1,2.0,4.2,5.6,-0.2,4.5,4.2,6.2,0.1,6.0,4.2,3.5,7.0,6.9,3.0,4.4,5.1,4.7,3.4,3.4,2.5,2.9,2.7,3.1,1.0,1.8,4.9,2.3,3.1,2.3,6.5,2.7,2.7,1.4,3.3,2.7,3.9,2.0,1.2,2.5,0.5,0.3,2.0,1.6,-0.9,0.4,7.7,6.4,1.4,0.6,2.2,4.0,2.5,-7.9,0.5,1.1,5.4,1.6,3.6,6.0,2.6,-1.3,2.7,1.4,-0.1,4.7,-0.1,3.9,2.2,5.8,-0.1,-0.7,-2.5,1.8,2.0,2.1,-4.3,4.1,1.0,-1.7,-0.9,-1.3,0.5,-1.1,1.3,0.4,-1.4,-2.3,1.9,-2.3,-0.9,-1.9,-1.5,0.3,-2.5,1.5,-0.5,-2.5,-1.5,-0.2,-1.2,-2.3,-3.5,1.5,-1.4,1.2,-0.6,0.4,0.5,-1.1,-1.2,2.5,4.5,1.5,2.6,3.7
2C7L51HE1U,0,48.108542,11.632867,4442647.25,2778564.6,546.2,591.9,288,7452,4.2,0.64,0.64,32.68,348.97,-0.53,-0.103,0.842,-2.0,0.2,-0.11,0.32,1.6,0.3,-0.3,-3.1,-0.9,5.8,0.7,-3.6,-8.5,0.0,-0.1,-1.8,-3.3,0.6,-5.1,1.4,-0.4,6.5,0.5,4.0,3.9,0.6,2.4,3.4,6.2,-0.1,5.1,8.6,3.0,0.9,-5.2,-4.0,4.2,-5.1,-1.5,9.7,4.2,5.4,5.8,10.2,11.2,6.9,9.8,0.8,-11.3,6.1,1.8,9.1,1.5,0.3,10.3,4.5,11.2,-0.1,2.2,1.7,3.2,5.0,0.6,1.9,1.9,5.2,-2.2,2.0,-0.0,-8.8,-0.5,-7.8,-8.4,-2.6,-4.7,1.3,-3.1,-4.3,1.7,2.0,3.6,4.9,7.2,0.3,-0.2,1.5,-1.2,0.7,-1.3,-0.4,2.0,-2.1,0.8,3.5,-4.4,8.8,10.1,-12.2,-10.4,0.6,2.2,-0.6,-2.7,-0.1,7.9,6.2,-0.3,-1.4,-5.5,-4.1,2.6,1.3,2.3,5.9,-1.4,-2.2,-2.7,-0.6,-0.3,-2.4,-2.7,-3.0,-3.9,-6.4,-13.7,-5.5,-5.3,-3.1,-4.5,-7.9,-5.0,2.9,4.7,-2.4,1.6,7.4,-4.3,-2.4,3.1,-3.1,8.7,-3.9,-8.7,0.9,-5.9,-1.4,-2.0,-7.0,-6.3,-1.2,-3.5,-6.1,-3.9,-3.3,-3.3,1.5,-3.0,-7.0,-3.2,-3.4,-2.4,-1.9,-2.2,-2.2,-3.7,-0.1,-3.4,-17.1,5.0,2.1,-9.3,-2.0,-9.8,-4.3,-3.3,-5.1,-4.1,-4.3,-5.1,-4.3,-10.6,-9.4,-5.5,-7.1,-6.7,-19.9,-3.7,-2.9,-6.1,-4.6,-4.6,-4.7,-3.8,-8.0,-6.1,-4.8,-6.7,-6.4,-6.8,-6.1,-4.1,-3.0,-4.8,-5.4,-7.5,-7.7,-4.5,-9.7,-7.7,-6.1,-6.8,-8.5,-7.5,-6.6,-7.0
2C7L51HDyV,0,48.107172,11.622053,4441845.0,2778394.63,531.7,577.4,288,7267,4.5,0.61,0.5,32.6,348.93,-0.529,-0.103,0.842,1.0,0.2,-0.92,0.35,0.6,0.3,-0.3,-2.2,11.9,-3.0,-3.1,-2.6,-2.1,-1.7,13.3,1.3,-4.1,2.9,1.4,3.8,0.3,-4.1,-5.7,6.1,-4.6,5.2,1.0,-1.8,8.1,5.2,7.0,4.2,-7.6,8.0,-4.4,-2.9,-0.6,-5.7,-5.8,-8.5,7.9,7.0,0.8,8.5,9.5,16.8,16.2,5.2,-2.8,-7.6,0.9,-0.1,0.8,14.4,-3.0,4.5,9.2,4.0,1.6,2.2,2.0,0.5,4.8,4.3,3.5,2.6,3.2,2.8,1.9,3.4,4.0,-10.5,2.5,-0.7,-4.5,2.9,2.6,6.4,3.4,1.8,-0.1,3.3,1.8,2.3,2.6,4.5,5.1,1.4,5.2,-0.6,4.0,0.1,-1.1,0.8,3.8,1.2,11.2,-2.0,0.3,0.7,14.3,-2.0,-3.6,-0.8,3.3,1.5,3.8,4.3,3.0,4.6,5.0,3.7,3.5,5.8,1.0,-11.0,2.9,4.0,4.3,9.7,6.0,8.8,6.4,-3.2,4.6,4.7,6.3,7.0,9.6,7.3,6.0,7.1,6.7,9.5,6.8,4.3,10.1,9.6,12.2,4.7,17.2,16.4,9.5,10.0,11.8,5.7,7.8,0.6,3.2,2.7,6.6,5.3,5.0,8.2,5.2,5.7,5.7,4.6,8.6,6.4,3.3,5.7,6.1,7.6,6.4,2.8,6.2,2.8,10.2,7.4,10.4,3.8,10.3,7.6,7.2,15.5,0.7,4.3,-4.6,3.1,1.8,3.6,2.4,1.9,2.8,1.0,2.0,6.7,4.4,3.2,0.2,5.1,6.3,3.8,7.1,-0.7,6.2,6.5,8.4,7.2,4.5,8.5,7.5,5.1,0.9,-2.1,2.4,4.2,7.5,4.8,7.5,11.5,9.6,5.4,5.1
2C7L51HDyq,0,48.107357,11.623488,4441951.48,2778417.44,543.6,589.3,288,7288,4.3,0.57,0.51,32.61,348.93,-0.529,-0.103,0.842,0.2,0.2,1.77,0.34,1.0,0.3,-0.3,-3.4,-1.4,1.8,-1.0,-0.1,-0.4,-6.2,1.3,1.9,10.2,1.2,-3.3,5.2,-4.0,4.5,4.1,3.8,4.7,2.6,3.5,-3.2,1.4,1.0,2.7,-0.9,1.1,0.6,-0.7,-1.7,0.2,5.7,-1.9,-6.5,-1.2,-2.2,-2.2,-2.3,0.1,2.5,2.7,-2.4,0.2,6.8,5.9,3.3,1.3,4.8,1.0,-1.9,11.1,1.4,4.1,-0.2,3.6,-0.3,-1.2,-0.6,3.6,6.1,5.7,-2.0,-4.5,4.0,-0.8,-2.4,-6.0,0.5,1.6,-1.8,0.2,-7.0,-0.1,-4.1,-3.2,4.0,4.2,2.2,0.8,1.1,2.3,-4.9,-2.9,-10.9,-7.6,-3.3,3.8,-1.8,0.8,3.5,-2.3,9.0,9.2,-1.8,1.1,2.1,5.3,7.8,2.8,0.4,4.8,-7.1,3.3,-0.9,4.5,2.9,-1.3,-8.5,-9.2,2.3,4.0,-0.5,0.5,0.7,2.3,6.1,-7.0,-6.9,2.9,-4.2,0.6,-0.8,-0.4,-1.3,-0.2,4.7,2.4,-4.1,2.8,1.0,-1.4,-4.4,-12.7,-6.0,2.3,3.4,-4.5,-3.6,-4.4,3.8,3.4,-1.9,4.8,-2.4,-3.5,4.5,1.0,-0.6,-2.1,-4.1,-4.6,-3.0,-3.4,-5.4,-5.8,-4.9,0.6,-2.4,-4.7,4.0,2.2,0.1,5.0,-2.2,-8.4,-0.7,5.0,-5.7,-1.3,3.7,2.2,1.0,-3.7,-8.0,-0.6,-3.8,-3.0,0.7,-1.2,-11.6,0.3,-0.7,-0.6,-2.0,-0.0,-3.7,-4.6,-3.9,1.9,-3.0,-3.1,3.0,-0.4,11.5,6.5,0.7,9.5,-3.0,-11.7,12.3,14.9,9.6,7.8,14.6,9.6,11.4,14.1,3.7,13.0
2C7L51HDzY,0,48.107664,11.625883,4442129.14,2778455.56,539.1,584.8,288,7332,4.4,0.6,0.49,32.65,348.97,-0.529,-0.103,0.842,0.3,0.2,-1.38,0.33,2.2,0.3,-0.3,-6.0,15.3,-6.8,-2.4,12.4,12.5,-1.9,1.1,-1.9,2.1,2.8,2.1,-3.4,-6.1,-2.5,-3.3,-3.9,16.7,-8.3,-10.1,-10.2,-4.5,-6.4,2.6,-0.6,-4.0,-10.1,12.6,-12.1,-7.7,8.3,-10.7,-6.7,-10.5,-10.3,-1.2,-1.7,-4.1,4.7,2.2,-6.7,-5.2,9.9,12.6,-3.4,1.5,-0.4,-0.4,5.5,5.5,-0.0,1.5,6.5,11.3,4.9,6.9,9.5,5.0,7.5,8.8,5.4,9.6,2.2,6.3,4.8,4.5,4.7,3.0,3.8,5.5,1.2,5.3,1.6,6.7,7.8,15.2,1.5,1.1,3.0,2.8,3.0,2.8,1.3,-0.1,-2.6,6.9,-3.9,-1.0,4.8,1.3,4.4,-1.0,-4.8,2.1,4.0,5.4,-0.3,-2.1,5.8,10.3,-7.3,6.6,4.7,3.0,6.3,0.5,3.6,3.2,3.9,3.7,-0.3,0.4,0.7,4.9,4.5,2.7,1.6,3.7,7.6,4.3,3.3,4.0,4.5,6.6,4.5,9.1,1.2,-1.0,8.6,2.0,1.7,5.1,0.6,-0.7,3.3,3.7,5.0,1.0,7.4,5.2,-0.0,0.7,1.6,3.4,0.9,-0.5,5.6,5.8,7.3,6.2,4.4,6.4,4.2,2.7,4.8,-0.7,3.1,4.4,2.1,4.4,3.0,8.5,-0.4,1.5,3.2,0.2,2.0,4.2,8.7,1.5,2.3,3.6,0.3,-0.3,1.9,0.7,1.7,2.3,-0.0,0.3,3.7,1.5,0.1,1.8,1.3,2.1,-1.1,2.8,0.7,-2.1,0.2,0.0,0.9,-0.4,-1.6,1.3,-0.4,5.1,-0.9,5.0,1.5,4.0,1.7,3.0,3.7,2.2,2.8,3.5
2C7L51HDzt,0,48.107797,11.626916,4442205.8,2778472.02,530.9,576.6,288,7353,3.8,0.72,0.42,32.65,348.97,-0.53,-0.103,0.842,-0.6,0.2,-0.8,0.29,0.9,0.2,-0.3,3.4,3.5,2.7,3.4,1.0,-5.0,1.5,-0.8,3.1,-1.4,5.0,-1.9,0.9,-1.6,0.9,-1.0,1.3,-0.1,2.4,-2.4,-1.5,2.6,-0.7,-3.1,-1.0,-1.7,-1.2,-4.4,-3.9,-6.2,-15.3,-4.7,-3.2,-0.5,-2.0,5.2,0.7,-0.5,3.1,-0.1,1.4,-2.2,0.8,1.1,1.1,2.9,-2.2,-3.0,0.2,0.2,-0.5,2.0,2.2,0.8,-0.5,4.5,1.2,-2.4,-1.9,0.2,2.0,3.4,0.7,1.8,0.5,0.2,1.0,-1.4,-0.0,-1.4,1.2,-0.1,-0.4,-2.2,0.1,2.1,2.8,-0.7,-0.9,4.1,-1.6,0.4,-2.8,-0.9,-4.8,-0.2,3.2,1.3,6.0,-0.7,-1.6,-2.1,-5.3,-4.4,2.4,1.3,-2.1,1.0,1.9,1.3,1.5,2.5,-2.0,-0.2,3.3,1.8,2.6,0.9,3.4,5.2,1.8,-1.7,3.6,1.8,1.8,8.2,-2.2,6.4,4.9,3.1,3.4,4.9,0.6,1.1,0.3,-1.9,-4.7,-0.8,-3.8,-4.0,-2.4,-1.0,-3.1,-2.3,-2.2,1.0,0.5,-1.2,0.5,5.2,-2.6,0.0,-3.8,-0.6,-2.0,1.4,-1.4,0.4,-1.0,4.2,-2.0,3.3,-4.6,-0.3,0.1,0.5,8.9,11.0,-1.6,-3.6,5.3,-3.1,-0.1,-6.0,-0.7,10.1,-3.8,-1.4,-3.0,-0.5,-5.2,-1.6,-7.3,-9.4,-9.0,-8.6,-11.1,-9.3,-0.0,-5.2,11.0,1.6,9.3,-0.9,0.2,-7.2,-13.7,-1.5,-2.7,-5.8,-2.9,-0.5,-1.7,-3.3,3.8,9.4,-4.5,-5.8,3.0,-5.8,-12.4,-9.0,-6.0,-5.9,0.5,-0.1,0.8,-2.6
2C7L51HE0T,0,48.108088,11.629181,4442373.81,2778508.03,541.0,586.7,288,7389,2.6,0.79,0.38,32.66,348.97,-0.53,-0.103,0.842,-0.4,0.1,-0.45,0.2,2.5,0.2,-0.3,-1.7,1.1,0.9,0.4,-3.2,-3.1,3.4,-1.8,2.3,-0.8,1.5,-2.5,-3.0,0.2,-4.7,-3.2,-3.6,-4.6,-4.6,-3.6,-6.3,-2.8,-3.8,-2.4,-3.6,0.1,-3.1,-2.5,-1.0,-2.6,-9.2,-6.7,-6.9,-7.2,-5.7,-3.2,-3.9,-2.1,-3.0,-0.9,0.6,-0.5,-4.7,-5.0,-7.1,-0.6,-2.9,-0.2,-3.2,-0.3,-3.8,-0.8,0.0,-0.0,-2.0,-1.5,-1.7,1.6,0.1,1.9,-1.4,0.8,2.8,1.0,-0.5,-2.6,0.4,4.9,-1.1,-3.2,0.0,-2.0,-1.5,-1.1,-5.4,-0.8,-3.2,-4.5,-4.4,-7.1,-4.5,-4.7,-3.1,-4.9,-3.8,-3.7,-3.3,-3.8,-7.7,-5.4,-3.8,-7.2,-6.4,-7.1,-1.6,0.8,-0.1,-5.4,-2.9,-2.7,-3.4,-3.3,-1.2,-3.6,-4.1,-6.9,-2.5,-0.2,1.2,-5.6,-4.2,-5.7,0.6,-2.5,-2.7,-2.6,-0.2,0.3,6.6,-1.9,1.6,-0.9,0.0,0.4,-0.4,-3.3,-2.9,-1.1,-4.7,-2.5,-1.9,-2.8,1.6,-5.5,-6.3,-5.2,-6.4,-6.9,-1.9,2.3,-0.1,-1.4,0.3,-3.1,0.4,-0.1,9.0,1.3,0.3,1.6,1.9,3.1,-0.9,-5.6,-1.2,-1.5,-0.5,-3.0,-5.3,-3.6,-4.9,-6.1,0.4,-7.4,-10.4,-0.7,-4.8,-3.4,-3.0,-2.7,-6.5,-4.5,-7.2,-2.5,-2.3,-1.9,-2.3,-2.1,-5.9,-4.2,1.0,-3.0,-1.3,-3.1,-4.0,-4.1,-6.5,-7.3,-8.7,-6.6,-5.9,-6.1,-13.7,-4.8,-7.1,-5.7,-8.3,-7.4,-5.0,-5.2,-6.1,-6.1,1.4,7.4,-2.5,0.9,-9.9,5.2
2C7L51HE0a,0,48.108119,11.629419,4442391.45,2778511.83,533.5,579.2,288,7396,3.4,0.76,0.47,32.66,348.97,-0.53,-0.103,0.842,-0.7,0.2,0.53,0.26,0.3,0.2,-0.3,0.9,-0.6,0.8,1.3,-0.2,6.8,2.7,0.4,-1.7,-8.6,0.0,3.7,-0.2,1.0,-10.6,-1.5,-2.0,-1.1,0.9,-2.5,2.2,-1.8,3.5,-11.6,-1.9,-0.2,0.8,1.1,0.3,-2.1,-1.5,-6.1,-3.6,-5.2,-0.8,2.5,0.6,3.6,3.5,-0.4,1.1,5.0,-0.2,-2.3,-1.5,0.8,5.1,-0.1,-4.6,0.6,-1.1,-0.3,-0.1,-11.5,-4.2,-2.5,-2.8,-2.8,-4.7,2.2,-5.4,-4.6,-2.8,-0.1,-7.8,-1.9,0.4,1.3,1.7,-0.1,8.4,0.1,-1.2,1.6,1.7,-0.5,-1.0,-1.4,-4.8,-2.8,0.1,-2.6,-8.8,-1.8,3.0,1.0,-1.3,-1.4,-4.8,-1.8,-2.0,-3.1,-5.6,-6.2,-2.5,4.3,-1.2,-3.2,-3.8,-2.5,-0.8,-2.1,-2.6,-2.0,-6.5,-7.7,-1.9,2.9,-12.3,-1.4,-6.3,-0.4,-1.2,-4.4,-3.6,-6.0,-5.4,-2.7,-3.9,-4.7,-6.2,0.1,-3.1,-0.1,-4.9,-3.8,-2.1,-0.9,-3.8,-3.2,-0.2,-1.4,-4.4,-6.8,-0.8,-6.7,-3.1,-4.9,-1.6,-1.0,9.1,-3.3,-4.2,-4.6,-0.7,-3.5,1.6,1.9,1.5,-3.2,-6.6,-1.2,-5.5,-5.0,-2.1,-4.3,0.1,-1.7,-6.9,-3.2,-9.4,-6.4,-3.1,-6.3,-9.5,-8.3,-2.9,-3.9,-2.7,-0.3,-5.8,-6.2,-9.3,0.4,-0.5,-13.5,-2.2,-1.6,0.1,-7.8,-3.0,1.6,0.6,-4.0,-2.5,-7.1,1.1,-4.5,-2.2,0.4,-1.8,-1.8,-9.8,-6.6,-3.1,-3.0,-1.5,-3.8,-3.0,0.5,-10.5,-1.6,-2.2,0.1,-0.6,-1.5,-3.9,-4.6
2C7L51HDzr,0,48.107831,11.627038,4442214.74,2778475.98,541.6,587.3,288,7351,3.2,0.75,0.41,32.65,348.97,-0.53,-0.103,0.842,-0.2,0.2,0.54,0.24,2.6,0.2,-0.3,-5.2,-0.3,7.6,0.4,13.3,-6.2,-0.5,-5.0,-5.1,-3.7,-0.3,-1.7,-4.2,-1.7,-4.6,-3.7,-5.2,-2.6,-4.4,-2.4,-3.7,-3.1,-2.2,-4.1,-1.9,-3.4,-2.4,-2.3,-5.5,-5.0,-17.6,-9.6,-6.2,-6.4,-5.2,-5.0,-1.5,-2.5,-1.4,-2.5,-2.1,-0.1,-1.3,12.1,-3.1,-4.4,-3.5,-3.5,-3.7,-1.4,-4.8,-2.8,-2.4,1.7,-1.5,3.9,-0.7,-0.0,-1.3,0.1,-1.9,-0.3,-0.7,-2.0,-1.3,-1.0,-0.8,-3.9,-1.4,-0.6,-1.8,0.4,-1.5,-1.7,-1.6,-2.0,-2.4,-4.9,-4.3,-5.5,-3.7,-3.9,-3.6,-5.4,-5.4,-9.1,-4.3,-6.2,-6.9,-5.4,-3.3,-6.3,-6.0,-8.7,-4.2,-1.3,-4.2,-3.0,-3.1,-0.8,-1.1,-6.4,-3.5,-2.4,-1.2,-2.6,-1.4,-1.4,-0.6,0.8,-4.2,-2.6,-2.5,-1.8,-2.1,-3.8,-0.6,-0.9,-2.7,-0.7,4.3,-3.7,-2.0,-1.7,-4.1,-5.1,-2.6,-2.9,-4.6,-5.9,-5.0,-6.2,-4.8,-4.1,-11.2,-4.0,-8.1,-4.3,-0.1,0.2,2.5,-2.8,-4.9,-3.9,-6.5,-5.9,-5.3,-1.4,-1.3,-3.6,-0.9,-3.1,-5.0,-2.2,-1.9,-1.7,-6.1,-5.4,-6.7,-3.8,-5.5,-8.2,-7.3,-6.6,-7.1,0.7,-5.4,-8.2,-4.9,-5.5,-3.1,0.6,-12.2,-4.9,3.3,3.6,-0.0,0.3,1.4,0.2,3.8,4.3,-13.4,-10.1,-3.6,-6.4,2.1,6.3,-7.4,-8.4,-8.6,-8.0,-8.2,-9.2,-3.0,-3.4,-6.7,-6.0,-3.4,-3.9,0.6,2.1,3.8,7.5,1.8,-0.5,1.3,-1.2
2C7L51HDzu,0,48.107842,11.627121,4442220.96,2778477.32,537.4,583.1,288,7354,3.0,0.82,0.4,32.65,348.97,-0.53,-0.103,0.842,-0.7,0.1,-0.22,0.22,0.4,0.2,-0.3,-0.2,1.3,-0.0,0.5,-0.8,-0.8,-0.5,1.0,1.2,7.4,1.4,0.3,0.5,-0.6,-2.1,0.4,-2.5,-0.6,0.0,-3.5,-0.1,-0.5,0.4,3.4,4.1,6.3,1.4,4.8,-1.9,-0.6,-11.9,-2.3,-5.1,-3.9,-7.3,-1.0,-2.4,-5.7,-2.7,10.6,-1.9,-2.6,-1.7,0.1,-2.8,-0.7,0.5,-3.2,-1.2,-1.4,0.3,4.0,1.0,-1.5,-0.6,-0.7,-5.8,5.3,2.8,-1.9,-1.2,-3.6,-8.9,-1.0,0.4,-1.3,-1.4,1.6,-3.3,-2.4,-3.8,-3.5,-2.5,-1.6,-3.2,0.6,1.1,-1.2,0.5,0.1,0.8,-2.8,1.0,-3.6,-2.5,1.2,0.8,1.5,-0.7,-1.3,-0.8,-0.4,7.9,-5.1,-3.4,-1.4,2.4,-2.3,1.6,1.0,-0.3,1.7,-4.1,2.6,-0.5,2.3,1.0,-0.9,0.5,0.0,-2.6,0.7,-2.0,-1.1,-1.1,-1.6,-10.1,-2.8,-2.2,-2.4,1.0,-0.5,0.8,1.1,4.6,-1.1,2.7,0.3,-1.1,-2.2,-2.3,-0.1,-0.6,-3.8,-7.8,-1.5,-2.9,-2.9,-2.6,3.6,-11.9,-2.1,-0.7,-0.8,-2.7,-2.8,0.3,-2.4,-1.0,0.1,-7.3,-0.7,-0.7,0.2,-0.5,-1.3,-3.3,-1.7,-0.9,0.5,-3.7,5.4,-1.2,-2.9,-5.0,-3.3,-2.6,-5.0,-0.7,-0.2,0.2,-3.3,-0.3,-1.1,-2.7,-1.8,-0.9,-0.1,-14.3,-2.2,-2.2,-1.5,-2.3,-1.6,-3.4,-1.8,-3.8,-2.3,-4.1,-5.8,-5.5,-5.0,-7.3,-6.6,-8.0,-4.5,-6.0,-5.6,-3.3,-2.2,-5.0,-3.9,-3.9,-2.5,1.2,-1.2,-2.2,-0.5
2C7L51HE0B,0,48.107957,11.628015,4442287.24,2778491.54,535.0,580.7,288,7371,4.2,0.64,0.49,32.66,348.97,-0.53,-0.103,0.842,-1.1,0.2,-1.22,0.32,0.6,0.3,-0.3,-6.5,-3.7,-3.2,-5.1,-4.7,12.8,-1.3,0.3,-0.3,6.4,-3.0,11.9,2.5,0.6,-0.2,-0.3,0.2,1.7,-0.9,11.1,-3.5,4.4,4.0,1.1,4.7,7.3,3.3,8.1,-2.2,-2.0,-3.0,2.9,-1.1,-2.2,0.3,-4.2,-4.3,-5.5,2.8,-0.8,1.4,-4.0,0.2,-1.1,-1.8,-8.1,-11.3,-13.1,-0.0,-3.3,-5.6,-5.1,-4.6,-1.7,-1.1,2.9,1.9,3.4,0.8,-0.3,2.1,0.0,-3.6,1.0,7.6,7.9,-9.5,-5.2,-0.7,-2.7,-11.5,-1.5,8.9,0.7,3.6,3.7,5.5,-4.9,1.5,1.6,1.5,2.0,0.8,-0.3,0.0,0.9,1.0,-1.0,-1.5,-1.0,-0.9,-2.1,6.7,-3.0,0.5,2.6,0.2,1.0,-0.0,3.2,-0.3,1.1,1.3,1.6,0.9,1.8,1.2,0.9,2.9,-0.2,1.4,1.0,0.6,-1.7,1.3,8.7,7.8,2.5,5.3,-0.9,-9.8,0.3,4.3,1.5,0.5,0.1,7.9,2.2,-1.7,-0.6,-2.9,-1.9,-5.5,-3.6,-4.5,4.5,-1.4,-1.5,1.5,4.6,7.9,-14.2,-2.9,-3.4,-0.5,-1.9,-4.7,1.5,2.1,-0.1,1.4,1.0,0.2,-3.6,-3.8,-3.8,-2.1,-3.2,-3.4,-4.8,-6.1,-2.6,-6.2,0.7,0.8,-3.0,-2.1,-3.4,-4.1,-2.1,-1.3,-5.0,3.0,6.6,1.1,7.5,-8.8,9.3,-10.7,-3.2,-3.3,-4.7,-3.1,-5.3,-5.2,-5.2,-3.2,-5.7,-5.2,-8.5,-6.4,-7.2,0.5,-7.4,-3.7,-5.6,-2.7,-4.5,-9.7,-3.0,-13.4,-5.2,-5.8,-5.4,-4.7,-12.9,-7.4,-8.4
2C7L51HV1d,0,48.107285,11.622644,4441888.81,2778408.14,545.0,590.7,289,7273,3.1,0.77,0.38,32.6,348.93,-0.529,-0.103,0.842,-1.0,0.2,-0.13,0.24,1.8,0.2,-0.3,-0.9,-1.1,1.7,-0.9,2.5,2.6,-0.6,2.7,-1.6,-2.2,0.8,4.5,-4.7,-1.2,-2.1,-4.6,-7.2,-2.5,-5.6,-9.2,-4.4,-4.5,-1.5,-0.3,-1.4,-2.2,-1.4,-2.7,0.8,-5.2,0.6,-14.8,-7.3,-4.7,-7.9,-8.7,-6.2,-0.2,-2.2,-0.7,-3.5,-2.6,-2.2,-4.9,-5.6,0.5,-0.7,1.2,-0.8,0.9,-3.7,-2.2,-0.1,-0.5,-0.5,-2.6,1.9,1.9,-0.1,-0.1,-0.7,-0.8,-3.9,0.1,-4.0,-1.7,-0.9,-1.3,-1.7,-1.5,-0.1,-0.7,-2.9,1.6,-2.1,-1.6,-3.5,-3.6,-1.5,-9.7,-0.7,-6.5,-16.5,-5.8,-4.4,-7.0,-1.3,-2.0,-2.5,-4.3,-3.4,-2.1,-5.4,-2.7,-4.7,-6.1,-5.3,-1.9,-2.8,-2.2,-1.7,-0.8,-2.9,-2.5,-3.2,-0.0,-0.3,-1.2,1.7,4.6,2.0,-1.7,-0.1,-0.9,-4.0,0.8,3.8,0.7,1.9,-14.4,-0.7,-13.3,-1.7,-3.4,-5.0,-8.0,-9.8,-5.9,-3.9,-8.3,-9.0,-6.4,1.8,-9.2,-3.9,-1.3,-2.3,-2.1,-5.8,1.1,-6.0,-0.3,0.3,-1.5,-1.1,-6.4,-8.0,1.4,-3.4,-3.3,-1.2,-3.4,-3.4,-5.5,-6.7,-1.1,-3.7,-1.5,-1.8,-2.7,-6.2,-4.3,-6.2,-2.9,-12.4,-1.1,-7.0,-7.9,-3.7,-5.3,-6.3,-10.6,-8.0,-1.9,-1.6,-7.2,-6.5,-5.5,-9.2,-6.1,-5.5,-5.6,-4.0,-4.8,-5.0,-6.4,-4.2,-5.8,-4.4,-6.4,-7.3,-7.4,-11.1,-4.6,-8.0,-9.0,-7.4,-3.8,-3.6,-4.7,3.9,-8.1,-5.6,-2.9,-4.2,-4.4,-5.6,-10.8
2C7L51HV2h,0,48.107746,11.626229,4442154.71,2778465.19,537.4,583.1,289,7339,2.6,0.72,0.4,32.65,348.97,-0.53,-0.103,0.842,-0.2,0.1,-0.55,0.2,4.2,0.2,-0.3,-0.6,0.7,-0.3,-3.5,1.0,-7.1,0.3,-0.3,-0.2,-2.7,-0.6,1.0,0.4,-0.6,-2.0,-2.9,-5.2,-4.2,-6.8,-7.6,-6.1,-5.7,-4.2,-3.8,-2.7,-3.3,-4.5,-2.3,-5.3,-7.9,-22.0,-9.4,-8.8,-7.1,-9.6,-6.1,-6.1,-7.6,-3.1,-5.2,-4.8,-5.1,-4.6,-4.0,-4.8,-4.1,-5.5,-3.2,-3.4,-1.2,-2.2,1.1,1.8,0.4,0.9,0.8,0.8,3.7,2.9,9.7,3.0,4.3,-1.3,1.3,0.4,2.7,3.6,0.3,1.7,-0.4,-0.6,-0.9,-0.8,-0.4,-1.7,-2.1,-1.3,-2.1,-4.0,-7.1,-6.1,-8.3,-4.2,-4.0,-5.3,-6.7,-5.0,-6.3,-6.1,-9.8,-5.7,-6.7,-7.3,-8.9,-5.5,-3.4,-5.5,-7.3,-4.4,-4.7,-3.2,-3.9,-4.5,-4.5,-2.9,-2.8,-3.5,-2.7,-2.7,-4.0,-3.6,-3.7,-2.3,-2.1,1.2,1.9,-6.5,1.1,7.0,2.7,-3.5,4.4,0.4,-2.1,-4.3,-5.5,-1.7,-0.7,-5.2,-5.2,-5.1,-8.0,-8.4,-7.5,-6.1,-6.1,1.8,-6.1,-2.4,-0.6,-4.0,-2.9,-1.8,-2.3,-0.9,1.0,-3.3,2.3,3.5,2.0,-1.9,3.1,-0.8,-1.2,-2.8,-2.7,-4.0,-2.3,-6.0,-3.2,-7.7,-3.4,-4.8,-9.3,-8.4,-3.4,-4.5,-0.7,-5.0,-4.1,-4.9,-8.0,-6.6,-5.3,-4.0,-6.8,4.0,-1.2,11.6,0.7,-1.0,-1.1,-2.0,-3.6,-2.5,-4.0,-7.0,-9.0,-9.1,-7.8,-7.8,-11.1,-4.6,-8.0,-15.9,-8.1,-6.7,-5.9,-5.5,-6.1,-4.8,-3.8,-1.8,-2.5,1.1,-1.7,1.6,-0.5
2C7L51HV33,0,48.107911,11.627518,4442250.32,2778485.69,539.1,584.8,289,7361,3.7,0.56,0.39,32.65,348.97,-0.53,-0.103,0.842,-0.5,0.2,-0.49,0.28,4.5,0.2,-0.3,-1.1,-0.2,0.2,-1.0,-2.2,-3.7,-0.4,-1.6,3.8,1.8,3.0,0.2,5.0,4.4,6.1,8.6,8.0,4.7,5.3,4.7,3.3,8.3,2.5,8.2,9.3,9.4,6.4,4.3,4.2,5.2,21.4,5.1,4.1,4.0,6.1,3.8,7.9,10.1,12.8,9.2,4.6,3.5,8.1,7.7,6.6,4.6,2.0,0.5,0.9,0.9,-0.8,1.5,1.3,3.0,2.8,5.0,2.0,1.4,-0.8,-1.7,-1.2,5.3,4.2,-0.6,-1.3,-4.3,-2.2,-1.0,-0.5,2.4,1.2,3.7,-0.0,0.5,6.9,9.4,8.4,6.3,6.9,5.0,3.8,6.5,2.5,0.2,1.3,4.2,9.2,9.8,10.3,5.9,5.7,1.4,1.1,2.5,6.9,8.5,3.5,7.2,7.0,6.3,3.3,6.7,7.1,6.5,9.1,7.4,7.3,4.1,7.3,6.2,5.1,5.5,4.3,1.3,1.7,-2.4,-5.6,-0.6,7.0,-2.4,-2.4,-3.1,-0.8,1.5,7.0,2.5,1.0,9.5,6.2,7.5,5.6,11.4,4.2,8.9,8.5,10.8,12.8,9.1,12.3,6.7,22.1,1.1,0.8,2.5,-2.3,-2.9,6.5,-7.4,-5.6,-5.3,-6.1,-3.2,5.1,3.0,6.9,-0.7,3.6,3.5,4.4,2.4,7.0,7.7,7.7,5.9,7.5,5.9,5.3,12.9,2.7,9.0,8.6,6.6,2.6,-1.7,-6.0,11.3,-9.2,-7.1,11.1,-10.7,-9.1,-4.8,-3.0,-0.4,-0.8,3.7,0.6,7.4,6.6,4.7,3.3,8.6,8.2,8.0,5.4,7.8,9.4,5.8,1.7,4.6,-2.2,-3.6,-2.9,1.2,-0.2,-2.5,-3.8,-3.5
2C7L51HV39,0,48.107964,11.627926,4442280.62,2778492.19,540.5,586.2,289,7367,2.3,0.88,0.24,32.66,348.97,-0.53,-0.103,0.842,0.2,0.1,-0.55,0.18,0.7,0.1,-0.3,-0.9,-0.7,-0.3,-0.2,-0.4,-2.8,-0.2,-1.6,0.7,-2.8,1.0,-0.8,0.6,-0.2,-1.7,0.2,-0.3,-0.4,-1.2,-0.5,-0.7,-2.0,-2.2,-1.2,-1.5,1.2,-0.6,-2.3,-3.8,-3.1,-16.0,-3.8,-4.5,-3.9,-3.8,-0.9,-0.5,2.3,2.3,1.1,1.2,-2.7,2.3,1.4,0.5,0.3,-2.9,-0.3,-0.7,0.7,-1.7,1.5,2.3,2.0,0.5,2.9,-0.3,1.1,-0.2,-0.2,-1.3,0.2,-1.2,-0.7,-7.3,-4.6,-3.5,-0.5,-2.0,-2.2,-2.6,-2.0,-2.8,0.0,0.9,1.0,-0.2,-0.5,-2.1,-2.4,-0.6,-2.2,0.8,-2.1,-2.4,-1.2,-0.6,-0.0,-0.2,-3.9,-0.7,-2.4,-6.8,-5.9,1.9,2.8,-2.6,-1.0,0.2,-1.3,-1.7,-0.3,0.8,1.1,1.4,0.3,2.4,0.7,1.5,0.9,1.4,1.5,2.3,1.5,1.4,-2.0,-2.1,-1.2,-0.7,-0.1,-2.7,-1.4,-1.1,0.9,0.4,0.1,-1.8,-0.3,-2.6,-0.9,-0.4,0.9,-3.4,-0.3,-2.2,-1.4,-0.7,-1.4,2.7,5.6,0.3,-1.4,2.0,2.9,3.0,3.1,1.1,1.7,2.1,2.4,1.2,3.2,3.1,2.6,3.1,2.3,1.7,0.7,1.1,2.1,0.9,2.1,1.7,0.3,0.3,4.4,2.0,4.7,2.5,1.3,1.5,-0.3,-5.0,-2.9,-4.3,-4.0,-2.6,-1.3,11.8,-1.2,-0.2,0.6,-1.4,-0.2,0.5,-1.9,-1.3,0.4,0.3,-3.9,-0.2,-0.6,-1.1,-0.8,-2.5,-1.8,1.3,-0.0,-2.7,-2.4,-3.1,-1.7,-0.5,0.9,-0.8,-2.5,-1.6,-0.3
2C7L51HV3A,0,48.107974,11.628005,4442286.43,2778493.43,541.5,587.2,289,7368,2.4,0.88,0.23,32.66,348.97,-0.53,-0.103,0.842,-0.6,0.1,-0.31,0.18,0.7,0.2,-0.3,-0.9,0.4,0.5,1.0,-0.0,-3.7,0.6,0.2,1.7,-3.1,1.9,-2.2,2.1,3.0,2.3,2.9,1.5,2.2,1.5,1.2,0.4,3.3,1.6,3.0,2.8,4.4,2.9,-1.4,0.0,0.4,-10.7,-1.3,-1.7,-1.1,-1.4,1.9,2.4,3.4,4.4,3.5,2.2,-1.5,2.2,3.1,1.9,2.2,-3.2,0.8,1.0,2.0,1.2,2.1,2.5,2.4,1.0,3.3,-0.6,1.6,0.3,0.2,-0.5,0.9,-3.6,0.5,-7.0,-5.3,-2.0,0.6,-0.0,0.4,-1.2,-0.2,-2.7,0.2,2.2,3.5,2.7,2.4,1.4,1.8,1.9,0.5,1.4,-0.5,0.6,1.2,3.4,2.7,2.1,0.5,1.4,-1.0,-5.9,-1.4,1.1,4.2,-0.0,1.5,2.8,2.3,0.8,1.2,2.6,2.1,2.8,2.1,2.5,1.7,3.3,1.5,2.3,1.4,1.9,1.1,1.7,-2.2,-2.9,-1.1,-1.3,-0.2,-3.2,0.0,-0.8,1.5,2.3,2.3,-3.4,2.4,0.1,-0.0,0.0,0.9,-3.3,0.2,-0.3,0.4,0.8,-0.8,3.0,4.4,-2.9,-2.7,0.8,0.6,0.3,-0.1,-3.9,-1.5,-0.4,0.6,-3.0,0.4,1.0,0.2,0.9,-1.0,-0.1,0.0,-0.3,0.1,0.2,0.7,1.2,-0.8,-0.8,2.2,0.9,3.3,1.5,1.4,1.2,-0.7,-5.6,-4.8,-6.7,-10.9,-4.0,-2.0,11.4,-3.3,-1.5,-1.9,-2.2,-2.4,-1.2,-0.5,-4.7,0.4,-0.5,-2.5,-0.5,-1.1,-1.1,-1.4,-1.9,-1.5,0.0,-0.4,-1.9,-0.6,-5.1,-1.6,-1.1,-1.5,-1.1,-4.3,-1.9,-1.7
2C7L51HV3B,0,48.107978,11.628039,4442288.96,2778493.98,540.4,586.1,289,7369,2.4,0.84,0.27,32.66,348.97,-0.53,-0.103,0.842,-1.0,0.1,-0.17,0.18,1.8,0.2,-0.3,-2.2,0.2,1.3,0.8,0.6,-1.0,0.2,0.9,3.2,-2.0,2.9,2.9,2.8,3.6,3.0,4.2,3.8,4.3,3.6,3.5,3.3,5.0,3.5,4.8,4.5,6.7,4.8,0.8,2.2,2.5,-8.3,1.3,0.4,0.8,1.1,2.8,3.3,3.9,5.9,5.0,4.3,1.0,4.3,5.2,2.7,3.9,-0.5,1.7,1.5,2.4,0.9,2.4,2.5,2.3,1.2,4.4,0.8,1.6,1.0,0.9,-1.0,0.1,-3.6,0.4,-5.4,-2.4,-1.7,1.6,-0.6,0.2,1.4,-0.4,0.5,2.2,3.8,5.6,3.8,3.2,3.6,4.1,4.1,2.5,3.7,1.6,3.3,2.6,5.5,5.0,3.1,1.4,2.7,-0.4,-5.4,0.4,3.6,5.4,1.0,3.0,3.4,4.1,3.0,2.5,3.9,3.5,4.4,3.6,3.6,3.2,4.5,2.1,3.0,2.5,2.4,1.1,2.3,-1.8,-1.8,-1.7,-3.2,-0.6,-1.4,-0.2,-1.0,1.4,2.5,3.6,-2.0,4.4,2.2,1.4,1.1,1.3,-3.0,1.2,0.2,1.9,1.9,0.9,4.4,5.6,-3.1,-0.4,1.3,1.0,-0.6,-0.9,-4.8,-2.5,-1.2,1.2,-3.8,-1.0,-0.6,-1.1,1.0,-2.3,-0.5,0.5,0.3,0.5,0.9,0.7,1.3,0.7,0.2,2.2,2.9,4.8,3.6,2.4,1.8,1.3,-6.4,-4.9,-7.0,-13.1,-8.0,-5.0,-13.9,-3.4,-1.6,-1.8,-3.0,-1.4,-0.2,0.5,-3.3,0.9,0.7,-0.8,-0.0,-0.3,1.5,0.7,-0.5,0.9,1.0,0.1,-1.5,1.3,-3.8,-0.7,-1.2,-1.4,-1.3,-4.3,-3.0,-1.9
2C7L51HV3I,0,48.108025,11.6284,4442315.74,2778499.72,539.2,584.9,289,7376,4.2,0.61,0.42,32.66,348.97,-0.53,-0.103,0.842,-0.9,0.2,-0.06,0.33,2.4,0.3,-0.3,1.6,2.0,1.4,-0.5,-2.7,0.0,-2.9,-1.0,-3.0,2.2,6.3,2.9,-11.0,-3.9,-7.3,-7.5,-4.3,-1.2,-6.8,-0.5,6.8,3.7,2.3,0.8,-1.4,2.6,1.7,-8.4,1.6,-3.0,-12.1,-6.2,-12.6,-4.8,-7.0,0.4,-0.4,2.8,1.1,0.3,1.1,-0.8,-0.2,-0.8,2.4,5.0,2.5,2.8,1.3,2.0,2.5,5.9,4.3,4.4,10.3,4.7,3.6,4.4,3.4,7.1,4.8,2.9,2.2,3.2,5.7,4.8,1.7,-4.3,1.7,1.2,4.7,2.9,5.1,4.2,0.7,2.4,-0.0,2.1,-1.1,-0.1,-2.9,-3.8,2.4,-2.1,-0.2,-2.2,0.7,0.6,1.7,0.6,-2.3,-1.9,-5.0,-1.5,-0.4,2.8,1.7,1.3,1.3,2.9,2.9,-1.4,-0.8,-1.0,-4.1,-2.9,-0.5,-1.0,2.6,0.3,-7.2,2.1,10.6,2.7,6.2,2.8,1.1,0.0,-1.1,-3.1,1.0,-0.5,-0.6,-1.3,-5.2,-1.1,-0.3,-1.5,-5.5,-5.9,-3.3,-2.4,-3.6,0.0,-2.2,-11.1,-1.9,-7.9,-2.0,4.4,0.3,3.0,-1.7,-3.3,7.4,0.5,-7.1,-3.5,3.5,-11.6,9.9,-4.5,-2.6,-8.8,-5.8,-12.2,-7.3,-7.4,-8.9,-5.3,-4.6,-2.7,-2.5,-7.4,-4.8,-4.3,-0.1,-1.8,2.1,-1.9,-3.3,-4.3,1.3,-2.8,-4.3,3.2,-4.8,-11.8,-1.2,12.3,10.7,-11.8,-16.3,-14.5,8.9,5.0,-1.8,-4.1,-3.6,-4.0,-4.7,-9.0,-7.7,-6.1,-3.3,-4.5,-1.7,-1.2,-7.3,-1.6,2.0,-1.7,-4.3,0.8,-0.3,4.8,7.0,1.5
2C7L51HV1Q,0,48.107191,11.621761,4441823.25,2778396.16,539.3,585.0,289,7260,2.4,0.86,0.34,32.6,348.93,-0.529,-0.103,0.842,-0.7,0.1,-0.2,0.2,0.2,0.2,-0.3,-2.9,-0.7,-0.5,-0.9,-1.2,-2.1,0.6,-0.8,1.8,-15.9,1.3,-0.1,1.9,-0.4,0.7,-0.4,0.2,0.2,-1.4,-1.3,-4.3,-5.0,-4.8,-2.1,0.8,2.8,-0.3,-2.6,-1.6,-2.8,4.9,-4.4,-5.7,-4.4,-5.4,-3.6,-3.1,-0.4,2.4,0.7,-1.7,-3.6,-1.2,-0.1,-4.1,-1.2,-5.2,-3.1,-1.1,-1.1,-1.3,-2.1,-1.7,-3.1,-3.8,-4.2,-3.8,-1.9,-2.2,-5.8,-3.0,-1.8,-6.2,-2.4,0.7,-3.4,-4.8,-8.9,-3.2,-3.7,-4.6,-1.9,-2.5,-4.4,-1.8,-1.7,-3.9,-5.3,-2.3,-2.2,-1.9,-3.2,-4.5,-4.8,-6.2,-4.5,-1.3,-3.0,-4.1,-4.6,-4.5,-9.5,-0.4,-5.2,-3.7,-6.7,-7.8,-5.0,-3.3,-5.7,-2.1,-2.1,-2.9,-4.9,-2.8,-2.6,-3.8,-1.9,-2.3,-1.7,-2.0,-2.2,-2.7,-2.1,-4.7,-0.9,-1.9,-4.6,-5.1,-3.1,-2.9,-4.1,-2.9,-2.8,-4.5,-3.4,-8.7,-2.1,-2.7,-1.6,-3.8,-0.5,-2.4,-2.9,-5.1,-5.0,-6.1,-2.9,-3.1,-1.3,0.2,-4.2,-2.9,-2.8,-2.8,-3.1,-0.1,-3.1,-3.8,-1.0,-2.4,-1.3,-1.9,-4.6,-3.6,-2.8,-11.8,-3.5,-3.5,-5.1,-2.0,0.5,0.8,-2.1,-4.0,0.4,-3.3,-2.9,-3.2,-4.4,-3.3,-4.4,-7.7,-1.8,-4.6,-1.3,-6.0,-4.8,5.1,-4.2,-3.0,-2.8,-3.0,-2.6,-2.2,-5.3,-2.6,-2.3,-2.2,-3.2,-4.1,-6.3,-3.7,-6.5,-9.8,-17.1,-4.1,-7.4,-7.6,-6.4,-6.4,-5.7,-6.6,-6.3,-7.9,-8.8,-7.0,-9.2
2C7L51HV1a,0,48.107251,11.622235,4441858.36,2778403.7,534.9,580.6,289,7270,4.5,0.64,0.4,32.6,348.93,-0.529,-0.103,0.842,-0.3,0.2,0.49,0.35,1.4,0.3,-0.3,-4.3,1.8,-1.7,-1.4,-0.5,-4.2,-0.6,-7.0,-1.9,-7.1,13.1,0.9,-1.3,1.2,1.0,-0.1,1.1,1.7,0.0,1.3,0.3,1.9,-13.1,0.7,0.6,-0.3,5.0,3.1,6.5,-2.1,11.3,-2.6,-3.4,-3.1,-1.9,-4.6,1.1,2.6,1.2,3.0,0.8,3.7,4.2,1.7,1.7,0.6,-12.8,2.2,2.6,0.8,1.2,2.6,0.4,-0.4,1.3,0.1,9.2,-5.9,1.4,4.6,-1.1,4.7,-3.5,-2.7,-12.8,-10.9,6.2,-8.0,-1.6,-1.3,4.0,-0.9,-12.1,0.4,2.6,1.1,0.2,-1.3,-0.5,1.0,-1.9,-1.6,-1.3,0.3,-2.6,-3.4,2.7,-1.7,-2.2,-2.2,0.1,-4.1,-4.6,-2.9,1.3,2.1,-2.7,1.2,-1.7,0.2,2.1,0.8,0.4,1.9,0.6,1.1,1.6,0.4,-0.3,-1.2,-1.9,0.5,-2.8,1.3,-1.8,-10.3,-5.8,-1.0,-13.1,-6.6,-9.4,2.3,-13.1,-3.0,-4.0,-3.2,-3.8,-0.9,1.2,-0.7,-4.6,2.9,0.7,-6.0,-2.6,-3.3,-2.8,3.2,2.9,13.2,-2.2,2.7,0.5,-1.7,11.7,-0.5,0.2,1.3,-13.0,-2.2,6.2,-12.3,-5.2,-4.4,-4.9,-4.6,-2.6,6.8,2.9,1.7,-1.3,-1.6,0.9,2.3,-1.1,13.7,-1.8,-1.8,1.6,-1.5,-1.4,-2.7,-2.8,-5.5,-7.1,-14.6,-1.0,-1.0,11.5,0.2,-4.2,-0.8,-2.5,-0.3,1.3,-2.9,-7.4,0.5,-1.7,-3.9,-4.1,-2.0,-3.7,-4.1,-4.8,6.0,-4.3,-6.0,1.9,-3.7,2.1,3.2,0.8,-5.8,-7.8,8.4,0.8,5.0
2C7L51HV2g,0,48.107758,11.626178,4442150.88,2778466.44,537.9,583.6,289,7338,3.9,0.63,0.44,32.65,348.97,-0.53,-0.103,0.842,-0.2,0.2,-1.02,0.31,1.7,0.3,-0.3,-1.9,-0.1,-1.1,1.4,1.7,-2.1,-4.4,-0.3,1.8,-5.7,3.2,-3.3,-1.1,2.2,-1.5,-0.9,-5.5,-6.6,0.9,-3.7,4.5,5.0,1.9,-0.8,3.3,0.9,-3.1,-1.2,-4.8,-6.8,0.3,-6.4,-7.1,-8.6,-6.8,-6.0,-5.2,-6.0,-0.2,-3.4,-5.7,-6.3,-5.5,-1.6,-6.6,-3.6,-5.4,-2.3,-3.8,-1.3,-4.7,-5.7,-4.8,-5.5,-5.0,-1.9,-3.5,-0.7,-4.4,-4.7,-3.7,-3.6,-3.7,-5.0,-3.7,3.8,-4.8,0.5,-3.3,-1.2,4.9,-0.5,-1.7,-3.8,-1.1,0.2,-0.3,-0.5,-2.6,-3.8,-3.2,-12.6,1.8,-4.7,-2.3,-5.6,-1.4,-3.5,-5.0,-7.4,-5.3,-2.8,-4.5,-8.7,-5.3,-2.5,-5.0,-4.0,-0.6,-5.3,-4.1,-3.1,-1.6,-1.6,-0.0,-4.9,0.1,-5.4,1.4,-1.7,2.6,0.1,-3.2,-3.1,7.5,5.7,-0.4,0.5,8.7,-8.9,-2.1,-9.0,0.9,-3.5,-5.4,-7.1,5.5,5.9,-7.2,-2.7,-8.6,-4.0,-3.2,10.3,6.4,9.3,-0.7,-0.1,2.3,2.5,-2.1,0.4,4.2,4.3,3.5,5.0,-2.8,4.7,7.6,3.0,7.3,6.7,2.3,-4.3,-2.0,-3.9,-8.2,-7.5,-5.8,-4.1,-6.1,-5.3,5.6,3.9,-0.4,-1.4,-3.5,-8.6,-7.7,1.1,-3.0,-4.6,-0.1,-6.4,-3.4,-1.0,-6.8,-4.6,8.1,-3.0,0.3,5.4,-1.2,-0.7,-1.9,-3.8,-10.0,-8.0,-9.2,-8.0,-7.9,-7.0,0.4,-8.2,-14.4,-11.7,-4.7,-8.1,-8.7,-8.1,-4.5,-3.4,-2.9,-2.6,1.8,-2.0,-2.3,-2.6
2C7L51HV2j,0,48.107772,11.62629,4442159.17,2778468.22,535.6,581.3,289,7341,3.7,0.67,0.45,32.65,348.97,-0.53,-0.103,0.842,-1.3,0.2,0.29,0.29,2.5,0.2,-0.3,-1.9,-1.2,-0.4,-3.8,-0.8,-1.1,2.7,-2.6,-1.0,-4.6,1.1,-0.5,0.7,0.2,-7.6,0.1,-0.8,-4.8,-3.3,-1.1,-12.3,-7.2,-5.5,1.6,-12.1,-3.9,-0.4,-4.3,-6.1,-4.3,-19.1,-12.5,-9.9,-20.7,-12.2,-13.5,-13.6,-9.6,-11.8,-9.4,-8.4,-4.9,-6.8,-1.4,-10.2,-9.4,-5.7,-6.7,-9.5,-6.9,-8.8,-6.4,-5.6,-3.6,-3.1,-2.7,-5.2,-4.8,-5.4,-7.3,-7.7,-7.1,-8.1,-6.4,-6.6,-8.3,-8.0,-7.5,-8.2,-6.4,-8.9,-10.0,-11.2,-7.6,-8.6,-7.0,-5.3,-8.5,-10.1,-12.7,-11.7,-14.1,-14.3,-13.0,-14.5,-8.9,-10.3,-17.8,-2.0,-5.0,-1.6,-4.3,-16.2,-24.1,-22.2,-12.0,-6.2,-10.1,-9.3,-8.4,-6.7,-10.4,-9.8,-15.6,-12.3,-12.1,-9.2,-6.6,-5.2,-7.8,-6.2,-8.5,-7.0,-7.3,-4.2,-8.4,-7.1,-5.2,-6.8,-7.3,-6.4,-6.3,-6.2,-5.4,-4.5,-6.3,-8.7,-5.9,-10.0,-11.6,-15.3,-5.1,-23.1,-5.4,-9.6,-12.7,-24.6,-9.2,-11.1,-8.3,-9.8,-13.5,-8.1,-9.5,-7.9,-7.6,-10.1,-8.9,-6.4,-6.0,-9.4,-3.5,-7.2,-7.1,-5.0,-7.3,-6.7,-7.6,-1.2,-1.8,-7.7,-9.0,-10.1,-14.0,-10.8,-7.1,-6.9,-6.5,-7.0,-9.2,-6.3,-12.2,-13.6,-12.8,-11.3,-7.8,-10.1,-7.7,-4.9,-10.7,-11.0,-11.4,-11.8,-9.4,-8.6,-10.1,-13.8,-13.3,-16.5,-19.5,-17.2,-15.8,-12.8,-14.8,-11.5,-12.0,-14.2,-19.5,-15.2,-14.5,-15.2,-11.9,-13.3,-11.0,-10.9,-10.5,-9.7,-12.3
2C7L51HV34,0,48.107933,11.627542,4442252.1,2778488.15,537.8,583.5,289,7362,2.8,0.81,0.44,32.65,348.97,-0.53,-0.103,0.842,-0.7,0.1,-0.93,0.22,1.4,0.2,-0.3,2.8,-11.0,0.7,1.7,1.5,-2.2,-1.3,-1.6,1.2,2.5,5.6,2.7,1.6,2.6,2.9,4.4,3.8,2.0,1.9,0.6,0.3,5.0,1.3,3.5,5.7,5.4,3.8,1.7,3.0,3.3,-9.2,2.8,0.3,0.8,-1.0,1.8,4.0,5.3,8.9,5.8,1.3,1.9,4.7,4.9,3.8,2.2,1.6,0.5,-0.2,-0.1,-1.2,2.2,0.6,3.2,1.9,3.9,2.0,2.7,-0.2,2.7,-3.8,4.3,4.7,-0.2,0.2,-0.9,3.5,3.1,-0.3,1.8,2.9,2.6,1.8,1.4,3.6,5.1,4.9,3.6,4.3,2.0,1.6,2.6,0.2,-0.6,0.9,2.1,5.8,5.4,4.4,3.0,2.9,-1.2,-3.1,0.5,3.8,5.1,1.0,5.0,4.2,4.3,1.0,4.2,4.0,4.1,5.4,4.7,4.6,2.1,4.2,2.2,3.5,2.9,2.4,-0.4,1.1,-1.8,-3.1,0.1,3.1,-2.5,4.2,5.0,4.2,3.4,2.8,5.2,2.6,5.8,3.6,2.8,1.1,3.0,2.0,4.1,1.0,2.9,3.9,3.5,4.0,3.2,1.0,-0.5,-0.5,0.5,-1.9,-1.5,2.4,0.7,-2.8,5.6,-3.5,-1.0,2.3,1.2,3.9,-2.3,1.0,1.1,3.1,-0.0,3.1,2.4,1.2,1.5,-0.0,2.2,2.8,5.8,0.5,2.9,4.1,3.9,-0.8,-2.3,-6.8,6.8,-1.6,-9.7,9.3,-1.0,-11.9,-3.8,-3.0,-2.1,-2.6,0.4,-1.8,2.3,2.8,0.5,1.5,1.5,2.0,3.0,1.1,2.8,4.3,0.0,-1.8,1.8,-2.2,-4.1,-2.9,-0.2,-2.5,-3.9,-7.8,-14.0
2C7L51HV63,0,48.109312,11.638285,4443048.99,2778659.05,547.6,593.2,289,7547,4.4,0.63,0.57,32.7,348.97,-0.53,-0.103,0.841,0.3,0.2,0.52,0.34,1.0,0.3,-0.3,-2.6,-0.9,4.5,3.1,5.8,-1.9,6.6,-2.9,3.7,3.4,3.9,-3.8,-15.2,5.5,-3.1,2.2,-0.5,1.9,0.5,1.0,-5.1,-2.6,-5.8,-2.4,-4.4,-2.9,-0.1,-0.7,-0.9,-2.0,1.5,-6.8,-0.4,-3.6,6.2,0.5,0.3,1.0,8.1,1.6,3.2,7.5,-2.7,-1.3,1.2,-1.9,2.0,1.3,-1.1,-3.3,1.8,-5.2,5.9,2.3,4.5,0.9,5.0,0.9,2.6,1.5,0.7,4.1,-0.7,0.1,-0.2,1.0,0.9,-2.2,2.2,2.3,1.8,3.4,2.1,0.6,-2.5,1.6,11.4,-0.5,-0.1,-3.7,2.6,-2.1,3.5,1.1,5.5,0.9,-0.7,-0.5,0.7,1.5,1.9,-1.6,0.4,-2.0,2.6,3.0,-3.8,0.1,-0.3,-4.8,4.2,-0.8,3.1,-0.3,-1.3,2.9,2.8,-0.2,-0.0,10.4,0.8,-1.0,-1.2,1.1,0.9,2.4,7.2,0.4,3.6,5.2,-3.9,0.8,5.8,3.2,1.6,2.3,5.4,-0.7,-5.5,-4.5,0.6,2.3,0.2,-1.0,-2.7,-5.4,-3.5,-1.9,1.9,-3.4,8.3,-4.7,-0.9,0.7,0.2,4.8,-5.1,2.5,1.8,6.5,-6.0,-6.1,11.3,0.7,-10.5,-0.1,-2.2,-2.2,2.6,10.6,-1.0,-15.6,6.4,-8.7,-12.4,-2.3,8.7,-7.3,11.0,8.2,-9.6,-3.0,-2.8,3.5,-4.5,5.6,-2.1,2.0,-9.2,1.2,2.1,3.7,7.5,-0.2,4.4,9.5,2.8,0.8,2.3,-1.5,-6.8,-0.2,0.2,-7.8,10.3,7.3,5.6,12.6,1.4,9.8,3.1,7.7,11.0,2.4,3.0,3.1,0.1,2.6
2C7L51HV1C,0,48.107113,11.621017,4441768.02,2778386.38,541.5,587.2,289,7246,3.3,0.74,0.46,32.6,348.93,-0.529,-0.103,0.842,-1.0,0.2,-0.46,0.26,0.8,0.2,-0.3,-0.5,2.3,1.2,-4.1,-1.2,-4.0,-1.3,-0.4,-0.5,-4.7,1.6,-0.4,2.8,-0.3,1.8,2.0,1.5,1.1,-0.3,2.3,2.2,1.8,-0.8,3.4,5.5,5.8,2.7,-1.5,-4.0,1.2,-9.8,-2.8,-2.1,1.5,-10.5,-2.6,-0.6,1.3,2.0,2.8,-2.1,-3.8,-0.6,5.7,3.6,1.2,0.1,-1.4,-3.4,-1.0,-0.9,-2.1,-8.7,-1.7,-7.0,-11.1,-3.2,-4.3,-5.0,-4.6,-2.8,-1.0,-3.9,-3.1,-2.8,-3.2,-5.1,-3.5,-0.2,-3.4,-6.2,-1.7,-5.2,-3.3,-5.3,-1.9,-0.7,-0.8,-1.2,-0.6,-6.2,-3.1,2.3,-0.3,-5.7,-2.2,-9.4,-2.7,0.4,-2.3,0.4,-6.8,-8.0,-1.2,-4.6,-4.4,-4.9,-2.1,-2.1,-4.3,-3.7,-1.1,5.3,-5.1,1.1,2.0,8.4,-1.5,-1.0,-1.3,2.4,-1.1,-2.2,-1.2,-0.3,-1.0,-3.1,-4.7,-3.5,-1.7,-2.8,-0.3,-4.6,-2.6,-0.3,-0.3,-4.3,-0.6,0.3,5.8,-6.6,-1.0,-6.2,-4.1,-2.8,-1.2,-0.1,-2.2,3.3,9.5,-6.4,-5.6,-3.4,-4.2,-5.3,-3.3,-2.4,-4.6,-2.4,0.7,-1.7,-0.6,6.5,-1.9,-3.3,-4.7,-0.7,-2.7,-4.3,-2.0,-0.4,-2.7,0.6,-5.1,-6.2,-2.7,-0.3,-0.4,-3.8,3.2,-2.0,-3.0,-7.1,-8.7,-8.8,-6.5,-4.7,-4.7,-13.5,-3.8,-3.3,-3.2,-3.2,-7.4,-1.6,2.6,-6.7,3.2,-3.0,-11.7,2.7,-11.1,-1.4,-3.4,-4.1,-3.0,-5.0,-4.2,-9.6,-3.1,-10.1,-6.8,-13.9,-8.0,-6.5,-9.3,-8.9,-10.1
2C7L51HV1m,0,48.107356,11.622901,4441907.74,2778416.36,533.3,579.0,289,7282,3.3,0.74,0.44,32.61,348.93,-0.529,-0.103,0.842,-0.2,0.2,-0.41,0.25,1.7,0.2,-0.3,0.4,-1.3,-1.8,-1.7,-0.0,4.1,-0.1,-3.4,-1.6,4.9,0.1,5.2,-2.0,-2.8,-2.8,-1.2,-2.5,-2.9,-3.4,-5.3,-1.9,-3.4,-2.2,-2.1,-1.2,-3.1,-2.4,1.1,-1.3,-8.1,-16.5,-7.0,-8.2,-6.4,-7.1,-2.3,-4.1,-4.5,-0.2,-2.4,0.3,4.3,-1.4,-1.7,-5.6,-2.8,2.0,1.4,1.2,2.0,-1.2,-1.4,-2.4,-3.8,-2.4,-3.8,4.0,-0.9,-3.0,2.2,1.2,-2.3,1.4,5.5,4.4,2.5,0.6,6.6,-0.2,-2.9,1.5,-2.6,1.5,-2.1,-2.8,-3.2,-3.8,-2.8,-3.6,-2.7,-5.8,-5.6,-2.7,-5.8,-5.9,-5.7,-2.5,-3.1,-8.4,-6.0,-4.5,2.1,3.9,-6.3,-4.3,-7.6,4.5,-3.0,-7.0,-4.1,-1.4,-1.3,-2.8,-2.0,-1.6,-2.0,-3.6,-0.3,-0.2,-4.2,-2.6,-3.6,-2.6,-4.1,-3.4,3.3,1.0,0.1,-1.5,-2.2,1.4,-2.1,5.7,-7.1,-1.8,2.5,4.2,-3.1,-2.8,0.6,-1.6,-5.5,4.2,-4.7,0.7,-6.9,2.4,-0.8,-1.2,3.6,1.0,4.5,0.2,-3.0,-0.1,-5.0,4.2,-0.3,1.3,-1.2,-4.5,1.7,-2.9,-1.5,-1.8,-3.4,2.5,-1.7,-2.9,-1.9,-4.2,-2.5,1.3,-0.4,-6.4,4.3,1.0,-8.4,-0.9,-0.2,-1.5,-1.3,-2.3,0.9,-0.6,-2.2,4.9,-1.7,-8.0,-1.4,-15.8,-2.4,-7.8,2.7,-2.2,-3.1,1.0,1.1,-9.4,-4.7,-4.5,-1.3,-4.4,-6.0,-4.5,-4.5,-4.7,1.7,-8.0,-8.2,-1.5,-4.3,-2.6,-2.6,4.0,1.7,-1.8,-1.9
2C7L51HV2O,0,48.107632,11.625052,4442067.34,2778450.6,533.0,578.7,289,7320,4.1,0.69,0.5,32.64,348.97,-0.529,-0.103,0.842,-0.5,0.2,-0.07,0.31,0.1,0.3,-0.3,-7.0,-12.9,10.1,6.0,11.6,-11.6,4.9,0.1,2.8,2.4,-0.3,4.8,-2.7,-5.4,-0.1,1.0,1.1,-1.0,2.5,0.8,4.7,-0.5,4.7,2.3,4.6,6.1,-2.3,-10.6,-3.0,-0.9,-11.4,-3.1,-4.0,-0.9,-4.0,-0.7,-3.6,-2.0,4.3,-0.5,1.2,10.2,-3.0,3.6,0.5,0.1,3.1,1.6,-3.7,-4.4,-11.2,-2.8,-4.7,0.2,-4.8,0.9,-2.2,4.2,-0.0,-5.9,-3.3,9.6,-3.3,-2.6,-1.6,-1.9,-7.2,-4.4,-4.5,-1.6,2.3,-6.5,-4.8,-3.1,1.0,-0.5,-2.3,-1.4,-1.1,-3.0,-2.5,3.0,-2.3,-2.7,-4.6,-3.3,-0.2,2.2,-0.6,-1.3,-4.3,-13.9,-4.4,0.4,1.4,1.9,-14.6,0.7,1.0,-1.3,-1.1,0.2,0.5,-2.3,0.0,-1.0,0.7,7.7,4.6,-1.1,-1.6,0.3,1.2,1.7,-1.5,-3.8,-0.7,-4.9,-2.2,0.3,-0.2,3.2,1.1,1.9,2.5,-0.9,1.5,-0.8,-2.9,-0.9,-1.8,1.5,2.4,-0.1,-2.5,-2.1,1.3,-3.3,-0.3,3.0,-0.4,1.6,0.7,1.9,-1.2,-0.5,-3.8,-3.5,-2.4,-1.7,-5.6,1.1,-1.4,-2.5,-2.0,-0.5,-5.4,-5.1,-3.0,-2.5,-1.1,-0.7,-1.2,-1.7,-3.1,3.6,-4.8,-4.5,1.2,-0.8,-2.3,-4.3,-4.8,-0.4,-14.2,-0.3,4.3,-5.4,-16.2,-10.7,-4.4,-0.9,0.5,-6.9,3.3,-3.3,-0.0,-4.3,-0.2,-3.0,-0.5,-1.1,-0.0,-2.7,-4.0,-1.7,-0.0,-4.6,-11.5,-7.4,-7.3,-5.6,0.7,2.6,0.6,1.1,-7.1,0.7
2C7L51HV2x,0,48.107897,11.627118,4442220.57,2778483.46,535.2,580.9,289,7355,1.9,0.87,0.29,32.65,348.97,-0.53,-0.103,0.842,-0.5,0.1,-0.2,0.15,2.0,0.1,-0.3,0.9,0.7,-0.2,-1.2,0.5,0.4,-1.5,0.8,0.7,-4.2,-0.6,0.2,-1.0,-0.7,-3.0,-2.2,-3.0,-2.3,-4.0,-4.3,-2.8,-2.7,-0.8,-3.8,0.5,0.3,-0.5,0.7,-2.9,-5.5,-13.2,-5.7,-6.7,-5.4,-5.0,-4.6,-1.8,-3.3,0.3,-1.3,-0.3,-0.2,-3.2,-3.7,-1.2,-1.5,-1.9,-0.1,-0.4,1.6,1.8,1.5,0.8,4.3,1.0,-2.4,1.9,3.3,2.0,0.2,0.8,-1.0,-9.2,-1.6,-1.3,1.8,1.0,3.3,-0.5,-0.1,-0.6,-3.4,-0.2,-1.0,-2.5,-1.0,-1.0,-2.0,-2.9,-2.8,-2.3,-4.9,-2.2,-2.3,-3.9,-3.8,-2.6,-2.3,-5.1,-4.7,-4.1,-3.8,-3.2,-7.9,-2.5,0.8,-3.2,-4.4,-3.3,-1.2,-0.3,-3.4,-3.0,-2.3,-2.1,-1.6,-1.3,-0.8,-1.7,-2.7,-3.4,-1.8,-1.3,-1.3,-0.2,0.7,-0.5,0.0,1.2,1.0,2.8,0.2,-0.0,-2.2,-1.4,-0.4,-0.3,-1.6,-3.0,-4.9,-4.8,-2.8,-4.4,-3.1,-6.0,-4.9,-5.0,-5.2,-1.3,-0.2,0.8,-1.0,-2.0,-0.6,1.2,-0.1,-2.1,-0.2,1.5,-1.4,-4.1,-0.1,-2.9,-4.6,-2.6,-0.6,-2.1,-2.1,-3.5,-3.9,-5.5,-3.9,-4.2,-4.8,-5.9,0.8,-4.4,-4.8,-3.4,-3.2,-5.9,-5.6,-3.6,-0.4,-2.7,-2.3,-0.3,-1.5,-9.3,-3.9,-3.9,-1.7,-4.1,-3.3,-3.8,-5.0,-3.4,-4.3,-4.1,-5.2,-3.9,-4.4,-8.7,-6.1,-7.7,-3.2,-6.7,-5.6,-4.6,-3.5,-4.2,-3.3,-2.4,1.6,-0.1,0.1,-0.4,-1.1
2C7L51HV36,0,48.107957,11.627584,4442255.12,2778490.87,534.5,580.2,289,7364,2.8,0.84,0.42,32.66,348.97,-0.53,-0.103,0.842,-0.7,0.1,-0.19,0.21,0.2,0.2,-0.3,-1.2,-1.9,-1.0,-1.0,-2.9,5.0,0.8,0.6,1.8,-1.3,0.8,-0.8,0.2,2.9,1.6,3.7,-2.0,0.5,0.6,1.0,-0.2,1.1,0.4,-1.2,0.2,1.4,0.4,1.7,-2.5,0.3,-8.8,-3.8,-4.5,-2.5,-5.8,-3.1,-0.6,-0.2,2.7,1.5,-2.0,3.6,0.6,-2.3,0.3,0.7,-0.3,1.5,1.8,3.1,-0.6,2.3,4.4,-0.4,1.3,0.8,-1.4,1.7,-1.8,-1.2,-1.8,-0.5,-0.4,-5.2,-1.6,2.8,1.4,-5.3,-1.8,-3.0,-2.8,-1.4,0.4,-2.3,-1.1,2.4,2.7,1.0,0.2,-0.1,0.7,-0.2,1.3,-1.7,-0.7,1.0,2.2,-1.4,-2.5,-2.2,0.3,-3.7,-5.8,-3.6,-0.1,-0.6,-1.6,-0.0,0.3,2.3,0.8,0.2,1.9,-0.2,-0.7,0.4,-0.7,0.3,4.8,1.4,-0.7,3.3,-0.5,-0.4,-2.5,-0.5,-5.4,-1.9,-3.6,2.1,-2.1,-7.4,-3.5,-3.0,-0.6,0.6,-1.4,2.1,-3.0,-1.4,-0.8,-4.2,-0.3,-3.6,-4.0,-3.7,-3.5,-3.8,1.6,5.0,0.9,-2.4,-3.8,0.4,-3.8,-1.6,-1.1,-2.5,-0.6,-4.7,1.4,-0.3,1.0,-2.0,-0.2,1.2,-0.6,2.4,-1.6,-0.1,-4.5,-4.0,2.5,-15.4,-6.1,2.0,-0.5,4.3,-1.4,-1.7,-0.7,-7.1,-5.6,-2.5,-4.3,2.2,-10.5,-5.1,-6.2,-4.1,-4.2,-4.4,-1.8,-2.0,-1.4,0.5,-4.6,-5.8,-0.0,-4.4,-2.1,-4.9,0.4,-3.1,-6.2,-1.0,9.0,-0.0,-1.8,-2.8,-4.5,-1.8,-7.8,-6.3,-5.5,-5.5,-5.2,-3.8
2C7L51HV52,0,48.108836,11.63443,4442763.0,2778599.81,533.7,579.4,289,7484,3.8,0.69,0.65,32.69,348.97,-0.53,-0.103,0.842,2.3,0.2,-0.57,0.3,1.2,0.2,-0.3,-0.7,-1.9,-0.1,-0.3,0.3,3.1,0.1,-0.7,-0.9,1.5,-0.0,3.0,-1.2,-0.1,-1.3,-1.5,-2.0,-1.8,-2.6,-3.4,-3.0,-2.6,-3.2,-2.0,-1.8,-2.5,-1.2,1.4,-3.5,-4.3,-6.0,-3.8,-6.7,-4.5,-2.5,-1.9,-1.3,-0.7,-1.6,-1.1,-1.1,-0.5,-2.1,-4.8,-2.6,-2.1,0.0,-1.4,-0.8,-1.8,-0.6,-0.5,-0.8,-1.2,-0.8,-0.8,-1.0,-0.5,-0.6,-0.1,-0.3,-0.5,-0.7,-0.3,-0.1,0.7,-0.2,-2.1,-0.9,-1.3,-1.4,-1.2,-1.9,-1.5,-2.7,-1.8,-2.0,-2.8,-3.1,-3.5,-3.9,-4.4,-3.7,0.8,-1.5,-5.8,-3.6,0.0,-9.4,-2.3,-7.7,-3.5,10.4,-10.5,12.1,-11.5,8.1,-9.1,-0.2,10.1,10.0,-4.4,14.8,15.4,-7.1,-3.5,-0.1,1.8,-5.4,-0.2,-4.2,1.4,-0.6,-5.1,-4.7,-7.0,4.0,5.4,6.6,4.0,6.5,5.9,7.7,6.5,6.5,7.4,6.3,6.7,6.7,3.6,4.9,8.1,7.5,6.1,6.0,7.5,7.0,4.6,7.0,7.6,6.1,5.1,4.3,7.4,6.0,7.8,5.6,9.1,9.7,7.8,9.4,7.4,8.4,6.4,9.1,8.0,5.0,4.4,5.3,7.0,3.0,1.1,5.0,2.2,3.2,6.2,7.2,8.5,2.8,6.9,7.0,4.6,1.8,6.5,6.3,6.4,7.7,6.8,15.2,7.7,5.1,6.5,6.1,3.5,6.4,3.9,2.2,6.5,10.9,6.2,3.5,-3.5,-2.9,12.0,1.7,10.8,10.0,-0.7,6.3,5.0,8.5,6.7,5.4,7.6,10.8,8.8,7.8,7.4
2C7L51HV5E,0,48.108946,11.635289,4442826.69,2778613.45,543.2,588.9,289,7496,4.0,0.63,0.44,32.69,348.97,-0.53,-0.103,0.842,1.7,0.2,-0.67,0.3,2.4,0.3,-0.3,0.2,-2.2,-2.4,-1.4,-1.0,-0.2,-3.2,0.3,-1.7,4.7,1.1,2.4,-0.3,3.5,-2.5,-2.1,-4.0,-9.4,-3.4,-3.0,-1.7,-1.1,-2.2,-1.8,2.1,0.2,-2.4,3.2,-3.1,-1.2,-1.7,-6.4,-5.4,-2.2,2.7,-3.0,-2.7,-9.5,3.4,-0.4,-0.8,6.3,1.3,-0.7,-6.2,-4.1,-0.8,-2.5,3.4,-2.3,1.7,7.9,-6.5,-1.4,-1.6,-1.3,0.4,-0.3,2.5,-3.3,-3.1,-3.5,1.6,-2.3,-3.8,-4.1,-3.9,12.4,10.7,2.6,-3.0,1.1,-1.9,-0.7,-2.0,1.1,0.2,1.8,-2.5,-2.8,-1.8,-4.0,-2.6,-5.8,-8.7,-0.5,-6.9,-14.2,1.2,-3.7,-4.2,-3.6,0.9,0.3,-2.2,4.5,-2.9,-10.3,-7.4,0.1,-3.4,-3.9,7.8,3.0,7.0,7.4,5.5,5.4,5.5,11.2,8.4,7.4,7.9,3.5,8.0,9.2,7.3,4.8,8.0,2.8,3.8,8.9,8.1,6.9,4.0,4.1,9.1,9.1,3.7,0.0,6.3,9.3,-1.8,8.0,-1.6,-2.3,8.1,-4.3,2.0,-6.9,12.2,0.6,4.6,3.2,7.4,6.0,6.2,4.9,5.0,5.6,6.7,5.7,6.6,6.9,6.8,6.3,6.4,7.2,3.3,2.9,2.1,-3.8,4.3,-4.1,-0.2,5.1,5.0,2.5,0.7,1.1,2.1,7.2,2.3,5.5,4.2,5.7,5.2,8.7,5.0,14.8,8.0,5.4,6.2,4.2,7.1,2.0,6.3,-1.3,0.8,6.4,5.1,9.0,-4.6,8.3,10.9,4.6,-1.3,1.9,5.7,7.0,0.2,7.3,6.0,4.5,4.5,4.7,7.5,15.1
2C7L51HV5G,0,48.10895,11.635322,4442829.1,2778613.97,539.2,584.9,289,7498,4.3,0.5,0.53,32.69,348.97,-0.53,-0.103,0.842,-0.6,0.2,1.86,0.36,2.9,0.3,-0.3,-4.2,-2.9,-3.2,-4.5,-3.6,-4.9,-4.3,-7.5,-4.3,-3.4,-5.5,-7.5,-6.0,-4.6,-5.5,-5.1,-11.6,-8.3,-8.3,-7.6,-5.7,-8.3,-9.2,-7.0,-8.9,-13.1,-11.9,-5.7,-8.5,-12.0,-9.9,-11.9,-15.7,-6.5,-6.5,-9.6,-2.6,-21.8,-2.0,-4.8,-8.7,-3.9,-19.2,-1.9,-10.5,-9.7,-9.1,-9.2,-9.5,-10.0,-11.6,-9.6,-0.6,-5.2,-10.8,-11.7,-7.4,-9.6,-8.7,-7.3,-9.0,-10.6,-3.3,-5.5,-3.3,-5.0,-12.0,-19.8,-12.8,-14.3,-15.5,-19.4,-13.8,-13.3,-14.1,-16.4,-18.6,-16.5,-13.9,-18.4,-16.0,-18.2,-18.3,-20.1,-24.4,-22.1,-8.1,-22.6,-19.7,-25.3,-19.8,-22.2,-18.6,-23.7,-26.7,-27.6,-18.8,-23.0,-19.4,-17.6,-21.7,1.9,-24.2,2.2,-17.7,-15.7,-16.4,-15.1,-19.8,-10.7,-12.1,-15.7,-13.4,-8.3,-15.9,-8.2,-7.0,-11.5,-6.1,-11.7,-8.9,-8.7,-7.4,-8.6,-11.4,-13.6,-6.3,-8.8,-17.5,-18.7,-13.1,-14.9,-6.4,-18.2,-14.8,-7.9,-15.1,-11.6,-9.6,-8.6,-7.5,-12.9,-14.7,-12.7,-8.5,-7.4,-9.7,-8.2,-16.4,-14.8,-8.8,-9.9,-10.1,-8.6,-10.1,-8.2,-10.0,-8.0,-6.6,-8.1,-13.1,-17.1,-13.2,-16.2,-15.3,-8.7,-8.7,-7.9,-8.6,-8.2,-9.8,-12.9,-12.0,-11.9,-9.9,-9.8,-12.7,-9.2,-8.8,-10.5,-11.9,-12.0,-12.9,-11.6,-9.5,-7.4,-8.8,-14.4,-12.8,-13.5,-15.8,-15.1,-23.2,-8.5,-20.5,-12.3,-15.5,-13.0,-9.9,-8.6,-11.7,-9.1,-9.3,-9.8,-14.1,-8.4,-11.0,-9.2
2C7L51HV5H,0,48.108945,11.63528,4442826.0,2778613.32,534.4,580.1,289,7499,3.9,0.66,0.55,32.69,348.97,-0.53,-0.103,0.842,-1.0,0.2,1.19,0.3,1.0,0.3,-0.3,-5.6,-4.5,-2.9,-1.0,-0.3,-0.7,-3.9,-2.6,-2.8,0.1,-2.2,-0.6,0.5,1.9,-1.6,-5.4,-6.2,-3.1,-2.6,-4.8,-4.3,-6.0,-6.5,-4.1,0.0,-5.9,-7.2,-0.2,-7.9,-6.5,-2.4,-6.2,9.2,-12.1,1.0,-3.3,-0.1,7.9,0.8,1.9,-1.3,-1.2,-3.0,-2.2,-1.8,-5.3,-3.4,-6.1,-1.8,-4.1,-2.9,-2.0,-1.2,-1.0,-1.1,-3.5,-1.7,-2.3,-1.3,-3.6,-2.5,-2.2,-2.7,-2.4,-2.1,-2.0,-4.6,-2.7,-5.3,-6.4,-5.5,-6.8,-6.1,-7.2,-7.7,-5.7,-6.8,-6.9,-6.8,-8.2,-8.4,-7.9,-8.6,-8.4,-9.4,-7.2,-7.1,-6.8,-9.2,-11.8,-9.2,-12.9,-10.8,-13.7,-13.8,-9.1,-6.7,-9.6,-9.7,-9.4,-8.7,-8.7,-9.6,-5.4,-8.1,-5.4,-5.5,-5.5,-9.8,-5.2,-6.4,-5.3,-4.5,-1.8,-4.3,-3.9,-4.6,-9.3,-4.8,-10.4,-7.6,0.2,-3.2,-10.5,-6.6,-7.3,-10.3,-6.6,-10.5,-14.0,2.0,-3.6,-7.8,-8.4,-8.6,-1.6,-5.8,-3.8,0.2,-3.8,2.9,-10.1,-14.9,-9.4,-7.8,2.3,-11.3,-7.5,-11.8,-13.8,-7.4,2.2,-8.4,-8.8,-8.0,-0.4,-6.8,-10.5,-6.0,-5.7,-9.3,-12.9,-9.4,-10.9,-6.3,-7.7,-1.8,-10.8,-11.7,-5.7,-11.1,-10.7,-4.2,-2.3,-7.4,-13.9,-5.9,-7.0,-5.1,-10.4,-9.6,-8.8,-17.0,7.1,-14.4,-6.0,-6.4,-3.4,0.2,-5.0,-15.3,-2.3,-9.2,1.4,-8.9,-0.5,-4.3,-4.9,0.3,-3.7,-6.5,-4.0,-9.4,-6.6,-17.3,-6.1,-13.2,-9.7
2C7L51HV5y,0,48.10926,11.637731,4443007.86,2778652.33,534.4,580.1,289,7542,4.5,0.65,0.47,32.7,348.97,-0.53,-0.103,0.842,-0.6,0.2,-0.58,0.34,1.5,0.3,-0.3,-1.1,-3.2,4.8,-0.6,-4.7,4.4,-4.1,-5.2,-0.5,3.6,6.1,2.9,-3.2,-0.2,-1.6,-1.0,0.2,-4.4,2.0,-0.8,-5.0,2.0,0.9,5.7,3.3,-4.5,0.0,-0.9,1.6,-4.7,-7.0,-5.3,-0.3,-2.0,-0.6,-1.0,0.4,-1.0,-1.0,-0.5,0.8,-3.4,-9.6,-3.8,-3.1,-6.2,-2.0,5.6,0.4,-0.5,-2.5,-1.6,-1.3,1.3,3.7,2.7,1.0,0.3,1.7,1.1,1.4,1.0,-3.8,-0.0,1.8,1.3,-0.2,-4.1,-4.3,17.4,4.0,-4.3,1.4,1.6,-2.8,-0.3,-2.6,2.8,16.8,-3.7,-5.7,-6.7,1.4,3.5,8.0,-2.4,-2.8,-0.6,-1.0,-1.5,-4.4,3.9,4.5,-7.1,10.3,-6.3,-0.9,-2.6,-5.7,-11.8,11.3,-4.7,15.2,-9.3,-6.6,-11.0,-8.3,5.5,-3.3,11.2,-8.5,-4.4,-3.4,-0.2,-2.2,-2.0,1.2,-0.2,0.6,1.5,0.9,3.6,-2.6,12.2,-2.0,2.0,2.5,-2.6,-9.6,-9.3,-0.1,1.0,0.0,-4.8,-7.3,-13.6,-8.2,0.8,3.5,3.5,-3.9,-2.1,-2.2,-2.8,1.6,1.4,1.1,3.6,3.3,1.1,-0.8,2.3,1.1,-0.2,-3.4,2.0,-0.5,2.1,-1.1,-0.5,-3.4,-10.6,-2.4,-5.7,-4.5,0.0,-3.2,-0.1,-1.3,-2.5,-1.8,-2.3,-0.2,0.5,1.0,-2.7,0.3,-2.4,-4.0,-1.5,-3.6,-0.8,-3.7,-1.6,-2.6,-4.2,0.9,-1.1,-4.7,-12.1,-7.4,10.9,-11.5,-6.0,1.8,-3.3,-3.9,-6.1,-8.6,-0.1,-2.2,-9.3,2.4,-0.2,-4.9,-3.0,-4.4,-6.8
2C7L51HV2P,0,48.107677,11.625263,4442082.95,2778456.0,540.7,586.4,289,7321,3.7,0.75,0.47,32.64,348.97,-0.529,-0.103,0.842,-1.2,0.2,0.03,0.29,1.0,0.2,-0.3,-2.1,-4.3,-0.7,1.0,1.8,-3.0,2.9,3.5,3.5,4.5,3.2,4.3,2.0,1.9,1.2,5.9,-11.2,-1.0,1.9,1.5,-1.7,1.0,-1.3,5.3,8.6,7.1,0.9,1.8,0.1,4.1,-9.6,2.3,4.0,2.0,5.8,3.9,3.8,3.7,4.8,6.2,3.4,8.3,6.7,6.7,7.5,0.4,4.4,7.0,0.4,2.8,13.6,3.0,1.8,4.5,3.6,2.8,3.4,2.3,2.5,1.3,0.5,2.7,2.0,2.2,0.9,3.7,0.4,3.3,1.4,3.2,1.9,0.3,0.9,1.7,0.6,5.5,5.6,3.7,6.3,-1.1,-0.3,1.9,0.1,0.2,-0.5,-1.3,1.7,6.6,2.6,-1.4,2.0,-2.7,0.1,-2.1,1.8,2.4,-1.1,3.4,1.1,4.3,1.2,4.8,5.0,3.0,5.1,5.3,0.9,-0.5,3.1,2.1,1.1,0.4,0.7,0.1,0.4,-1.9,-1.5,-2.5,-1.4,-0.2,0.1,0.4,1.4,3.5,2.8,4.7,1.6,2.9,3.6,5.3,2.8,2.1,3.0,-0.4,-0.5,-2.6,0.7,-3.5,0.3,2.9,5.7,8.0,1.0,-14.6,-8.5,2.3,0.6,-2.4,0.4,-16.8,-6.2,0.4,-1.1,-1.3,1.9,-0.4,-0.5,2.3,-5.5,-2.4,0.9,0.5,-0.4,2.2,0.0,-1.6,0.6,-4.5,-3.3,-2.7,-1.3,-1.7,-4.7,-18.7,-10.2,1.3,-7.9,-6.1,-5.3,-2.8,-2.0,-3.6,1.5,-0.9,-4.3,0.1,-16.1,-0.1,-2.8,-3.6,-6.6,-1.4,7.4,3.6,-1.9,-1.5,2.1,-0.8,-3.4,5.4,0.5,0.4,0.7,7.1,-3.5,-2.3,-3.6,-3.8
2C7L51HV38,0,48.107999,11.627768,4442268.75,2778495.86,536.3,582.0,289,7366,2.1,0.88,0.38,32.66,348.97,-0.53,-0.103,0.842,-0.3,0.1,0.1,0.16,1.4,0.1,-0.3,-0.6,-1.8,-0.7,-2.6,-3.1,3.1,-0.6,0.6,-0.0,0.7,-0.7,1.7,-1.9,-1.7,-3.2,-1.7,-1.8,-2.2,-3.2,-3.8,-2.3,-2.4,-1.4,-1.5,-1.5,-1.9,-1.3,0.9,-3.1,-3.3,-13.6,-6.5,-5.9,-5.7,-6.2,-3.3,-4.6,2.6,1.6,-3.0,-0.8,-0.7,3.6,-0.5,0.0,-0.4,-0.4,-1.0,-0.5,-1.3,-2.2,0.5,0.1,-0.5,-0.3,-0.7,-0.5,-0.7,-1.5,-3.0,-1.8,-1.2,-0.4,-2.5,-6.1,-0.2,-4.1,-0.7,-3.0,-2.3,-1.4,-3.2,-2.1,-1.1,-1.5,-2.1,-2.5,-2.0,-4.0,-3.9,-4.5,-4.4,-3.4,-3.4,-2.6,-2.9,-1.5,-3.5,-2.7,-2.4,-5.8,-3.4,-4.1,-7.1,-11.3,0.9,-3.7,-2.3,-1.4,-0.2,-1.5,-0.3,-1.7,-2.2,-0.4,-1.8,-0.7,0.5,1.0,-0.6,-1.5,-0.5,-0.6,-1.8,1.6,0.2,-0.6,-1.7,-3.4,-1.2,0.8,-2.0,-3.0,-1.6,-1.8,-2.0,0.0,-3.3,-6.4,-3.0,-5.6,-4.5,-9.9,-4.0,-5.3,-4.9,-3.2,-5.2,1.5,-0.1,-6.7,-3.8,0.7,-1.3,0.5,1.1,-3.9,-1.7,-1.5,-1.3,-0.4,-0.6,-2.0,-3.2,-3.0,-4.0,-1.9,-2.2,1.0,-0.6,-4.1,-5.5,-5.4,-8.9,-9.0,-0.7,-0.7,-4.4,-4.0,0.6,-2.6,-5.5,-4.3,-2.2,-4.5,0.1,-1.7,-1.8,-1.0,-5.1,-2.6,-0.1,-2.0,-3.5,-3.8,-3.5,-1.0,-1.4,-0.1,-5.0,-1.4,-3.2,-4.3,-3.5,-6.7,-4.1,-0.9,-2.7,-2.1,-5.3,-6.0,-3.9,-0.8,-1.6,-2.3,-0.5,-2.8,-2.2
2C7L51HV5F,0,48.108959,11.635242,4442823.14,2778614.77,538.4,584.1,289,7497,3.4,0.76,0.42,32.69,348.97,-0.53,-0.103,0.842,-0.7,0.2,-0.73,0.27,0.9,0.2,-0.3,1.5,2.1,2.9,-0.6,2.4,2.2,2.7,2.1,0.0,3.1,2.1,2.9,1.4,3.7,1.8,-1.4,-1.6,1.8,2.0,1.5,1.8,0.5,-1.9,1.7,1.1,-1.6,2.0,1.2,3.6,-1.4,-4.6,-3.3,-3.2,0.4,3.5,-0.9,5.9,-6.9,1.6,-0.9,-0.1,5.0,-2.0,2.7,-1.5,0.6,2.7,1.5,1.9,-0.6,3.6,3.5,6.0,5.6,1.3,0.7,1.9,-1.2,1.5,-1.7,-1.9,-0.1,3.1,4.8,-3.8,6.0,-14.4,11.1,3.3,3.4,9.5,9.2,2.4,3.2,4.3,9.6,10.6,7.3,6.6,7.3,5.9,6.5,5.3,9.1,9.4,-14.7,8.5,11.1,5.9,6.3,3.4,-0.7,-5.0,-0.4,1.0,4.6,-3.6,3.5,2.8,2.8,1.5,7.2,6.6,7.5,6.0,5.1,4.8,3.2,5.0,11.3,1.9,0.1,0.2,1.7,0.6,2.6,3.3,1.6,4.9,0.7,1.6,-0.4,4.7,0.6,2.1,0.5,3.9,3.4,0.9,-3.9,-2.9,0.5,-2.6,0.1,-5.2,-0.3,1.0,-2.3,-0.8,4.0,1.0,-3.5,-2.9,-0.0,2.0,2.1,1.9,2.3,-1.8,4.4,1.7,0.7,1.8,-0.3,-1.3,-2.6,-0.3,1.3,0.9,0.5,-1.7,-5.5,-3.2,-5.6,-3.6,3.0,2.8,1.2,-1.8,-0.4,-0.2,-0.6,-1.9,0.2,0.1,1.4,0.2,0.3,0.9,-0.4,0.1,-0.6,-4.6,-3.0,-1.1,-2.7,0.6,-2.9,-2.7,0.8,-1.9,-0.4,-5.3,-1.3,-3.0,-1.4,-2.8,-1.8,-1.5,2.4,0.0,1.5,1.2,-2.5,0.4,2.2,-0.1,-1.0
2C7L51HV2Z,0,48.107768,11.625822,4442124.36,2778466.95,540.7,586.4,289,7331,2.0,0.86,0.31,32.65,348.97,-0.529,-0.103,0.842,-0.7,0.1,-0.89,0.15,1.7,0.1,-0.3,0.5,0.5,2.3,0.3,0.5,2.2,0.8,1.2,-1.3,1.5,-0.7,2.6,-0.8,1.0,-5.7,-3.6,-5.4,-2.8,-4.0,-4.7,-3.5,-4.8,-1.2,-3.0,-2.1,-2.2,-0.4,1.4,-6.4,-4.5,10.3,-9.1,-7.6,-5.6,0.2,-0.2,0.2,0.4,3.3,0.8,2.2,1.3,1.5,2.7,2.0,2.9,2.4,1.4,1.9,1.2,1.4,3.5,4.8,5.3,3.2,4.3,3.5,3.9,4.2,4.0,0.3,3.8,4.9,3.3,2.7,0.9,0.2,1.6,3.4,2.0,1.0,1.9,0.3,1.5,2.9,1.9,2.1,2.0,1.3,0.3,0.4,-0.6,-1.8,-1.2,-2.9,-0.5,1.7,0.3,-0.4,-0.5,-0.0,-1.7,-4.4,-2.0,0.9,2.9,-2.4,0.7,1.3,3.5,-0.7,1.6,1.2,1.7,3.2,3.7,0.6,1.8,2.5,2.5,1.8,1.4,0.5,1.8,1.6,2.5,-1.1,1.0,2.5,1.9,1.8,1.7,3.1,1.8,1.2,1.6,0.8,0.7,-0.8,-1.1,-1.7,0.3,-1.8,-0.8,-1.8,-1.1,-2.1,-1.8,3.7,3.9,-0.3,-1.0,-0.6,0.6,-0.0,-0.5,-1.3,0.0,1.7,0.3,-0.1,2.4,1.5,-0.1,1.0,0.2,-1.7,-0.7,-2.4,-0.9,-0.9,-0.0,-2.3,-3.2,-4.1,0.2,-2.5,-0.5,1.0,0.0,-2.1,-3.7,-3.7,-2.0,-4.0,-1.6,-0.4,-0.8,-1.7,-2.2,-0.4,-3.1,-4.4,-3.7,-2.9,-1.7,-2.8,-1.6,-2.4,-4.6,-3.6,-4.2,-3.7,-5.4,-5.8,-1.6,-3.7,-1.5,-3.2,-2.7,-2.0,-1.7,-2.2,-0.0,0.4,0.3,-1.0,-1.1
2C7L51HV2b,0,48.10779,11.625999,4442137.45,2778469.76,542.5,588.2,289,7333,2.7,0.8,0.4,32.65,348.97,-0.53,-0.103,0.842,-0.7,0.1,-1.15,0.21,1.9,0.2,-0.3,-1.3,-0.4,0.0,1.6,0.5,-0.8,1.3,2.6,1.5,-5.7,1.1,0.7,2.5,0.6,0.1,-1.0,-1.1,0.7,-1.7,-6.5,-0.5,-1.2,-2.1,4.5,-1.3,-3.1,-0.6,-3.5,-3.8,-5.9,-17.3,-5.7,-3.5,-3.6,-4.0,-5.7,-2.4,-2.5,0.3,-1.2,-1.6,-0.3,-3.9,-4.1,-1.3,-1.5,-0.8,-0.3,-0.5,1.9,-2.1,1.1,1.3,1.2,0.2,0.5,-0.6,0.5,1.2,-0.4,-1.1,-0.7,-0.3,0.1,0.3,-0.5,1.7,4.3,1.4,2.3,0.2,0.3,0.0,0.2,-0.7,-4.4,-2.0,-1.2,-5.9,-4.1,-2.7,-5.7,-1.1,-3.7,-1.3,-5.5,5.8,-1.2,-0.8,-4.1,-0.7,0.5,0.1,-3.9,1.1,1.5,-5.1,-2.6,0.7,1.2,-1.5,2.0,2.6,1.5,4.0,2.2,1.4,2.3,2.4,1.2,1.4,-0.2,1.2,-0.3,2.8,6.8,1.1,-0.1,1.8,0.0,-1.2,-2.5,0.6,2.3,-1.0,-2.4,-2.2,-2.1,0.5,-6.1,-3.9,-3.8,-2.2,-5.0,-4.4,-3.2,-3.1,-5.1,0.8,2.5,-0.7,-0.8,-0.8,0.4,1.1,-3.6,-4.8,1.8,-0.1,0.6,-0.7,1.4,4.9,5.3,9.3,4.0,4.5,-1.6,-2.8,-0.6,-7.6,-2.8,-4.7,-0.9,-5.9,-2.5,-1.7,-8.0,-1.1,-1.5,-2.3,-8.6,-5.4,-4.4,-4.4,-4.9,0.8,-2.5,-2.1,-4.7,-4.5,-3.4,-1.4,-3.9,0.5,-5.0,-4.0,-2.5,-5.7,-5.6,-7.8,-3.7,-8.8,-4.1,-8.9,-5.7,-12.3,-5.5,-4.4,-9.1,-8.2,-1.7,-6.0,-5.6,1.1,-1.6,-3.6,-4.5
2C7L51HV3Y,0,48.108198,11.629175,4442373.04,2778520.3,534.5,580.2,289,7392,4.1,0.68,0.51,32.66,348.97,-0.53,-0.103,0.842,0.6,0.2,-0.02,0.31,0.6,0.3,-0.3,-3.0,-4.1,-0.5,-2.2,-0.0,-3.1,-0.8,-2.8,-0.9,-3.6,-3.5,-1.3,1.3,2.5,4.3,3.6,1.3,3.2,2.6,5.0,4.7,2.8,-4.6,2.5,-1.4,0.7,-2.7,-0.6,-1.4,-0.2,-6.9,-1.4,-3.0,-0.8,-4.6,2.7,1.2,2.9,4.3,2.9,-0.9,0.8,-3.6,-0.3,-0.9,-2.3,-2.6,-2.1,4.5,0.0,-3.7,-3.2,-1.3,-0.1,-2.5,-1.4,-0.5,-1.0,-2.8,-0.8,0.1,2.3,-2.9,-1.2,-12.5,0.7,-0.4,-0.1,-1.1,-0.0,-1.1,-0.9,-9.4,-1.9,1.6,4.2,-2.9,4.2,5.2,3.4,1.4,1.9,-14.1,-4.8,-3.7,-4.1,2.9,3.6,-7.0,0.5,1.5,1.9,-8.4,-1.8,2.5,-1.4,-5.6,1.7,4.2,8.3,5.2,3.0,-2.7,7.2,9.5,3.6,1.0,-0.9,-0.0,-1.2,3.0,0.2,4.8,6.9,-0.4,-1.0,-1.2,5.1,0.7,0.7,-12.5,-3.5,-4.2,-2.9,0.1,1.6,-5.7,2.3,1.2,-3.2,3.9,13.8,-10.1,-2.4,0.7,1.4,1.0,-0.7,2.1,6.1,-3.2,0.1,1.0,2.5,2.6,-1.6,10.8,-4.6,0.9,11.6,-11.6,6.5,7.6,1.2,-1.2,-4.2,2.2,-3.2,6.5,2.2,0.5,1.5,7.0,-3.6,2.2,-10.2,7.3,7.8,6.7,-3.1,5.2,3.0,2.0,1.8,4.4,0.5,4.4,5.7,0.1,5.4,3.9,-0.4,1.4,1.4,3.7,3.1,3.6,4.7,-0.9,-2.6,-1.1,-2.0,-1.9,4.8,-3.0,1.4,-1.1,-1.2,6.3,0.4,14.2,-2.4,-2.7,-0.2,1.9,0.4,5.0,2.5
2C7L51HV59,0,48.108978,11.635247,4442823.48,2778616.88,554.2,599.9,289,7491,4.4,0.64,0.47,32.69,348.97,-0.53,-0.103,0.842,-1.3,0.2,-0.75,0.33,0.4,0.3,-0.3,4.3,2.8,1.4,3.3,4.2,6.8,5.1,0.3,-1.6,6.7,2.3,8.8,-11.1,2.4,-1.2,-2.1,-3.4,-3.9,10.1,-7.6,-12.3,-2.1,-0.2,-5.9,13.3,-1.0,2.3,-5.3,7.2,-10.0,4.5,-6.1,-0.3,-2.4,4.6,-1.7,11.1,-0.8,5.5,11.6,1.3,7.2,1.9,2.0,-7.3,-0.0,-13.3,-6.8,1.2,10.4,0.6,0.6,2.0,1.0,3.7,-0.8,6.3,4.7,3.4,3.1,2.5,2.4,1.1,4.3,4.4,5.0,5.0,-0.9,3.8,2.1,-1.6,2.4,2.1,-5.5,-12.0,-9.5,7.9,6.7,9.9,-10.5,7.4,6.3,7.5,9.7,-0.8,3.3,8.5,8.2,5.3,5.2,2.4,5.2,1.4,2.7,-0.8,3.9,2.1,4.7,7.4,4.9,3.6,0.4,5.2,6.5,0.4,3.4,3.1,-1.1,1.0,3.1,-1.3,4.0,-0.9,2.0,1.2,3.5,1.8,1.4,0.5,-2.6,-2.8,1.0,-0.5,0.1,-0.9,-0.3,-0.6,-0.4,-3.3,-4.1,5.8,-0.6,-0.8,-0.5,3.8,1.0,8.0,-0.7,0.6,-2.7,-2.1,-0.6,-1.5,-2.9,-0.9,1.1,1.1,-8.8,1.6,-0.2,1.5,2.7,-0.4,-2.0,-1.9,-1.3,5.6,-3.8,-4.3,-5.0,-8.1,2.0,-5.5,-5.3,-6.0,3.0,-3.4,-7.4,-0.9,-5.8,-1.5,3.2,-2.1,-1.1,-3.3,-5.7,-2.4,-4.0,-6.5,-4.7,-4.5,-4.3,-1.6,-4.3,-5.4,-5.5,-1.3,-5.7,-1.9,-7.3,-3.0,2.2,2.8,0.9,-9.4,-2.8,-4.5,-5.4,-3.3,-1.1,-3.7,-3.9,-5.7,-4.0,-5.6,-1.9,-3.2,0.5
2C7L51HV1G,0,48.107208,11.621321,4441790.43,2778397.39,545.9,591.7,289,7250,3.2,0.75,0.43,32.6,348.93,-0.529,-0.103,0.842,-1.0,0.2,-1.13,0.24,1.3,0.2,-0.3,5.2,-5.9,3.8,1.8,-0.0,6.9,-1.4,0.2,0.2,0.7,-6.1,12.2,-4.4,-7.5,4.7,0.4,-0.6,2.3,-7.6,-1.0,-4.3,-6.4,0.4,-6.0,-8.5,-4.7,0.7,-3.1,-0.5,-6.7,2.5,-6.4,-4.0,2.4,-7.6,3.0,-6.3,-2.7,2.9,0.7,-6.4,-2.4,-4.0,10.0,-2.2,-5.8,-1.2,-3.4,2.2,4.7,-3.6,0.5,-0.2,-0.2,3.8,-3.1,-1.4,-2.3,-2.7,1.0,-0.3,1.4,-2.5,1.5,2.7,1.7,-1.4,2.5,1.2,0.1,1.0,-0.4,-2.4,2.2,0.1,-1.6,-2.9,-1.2,1.1,-2.4,-1.8,-6.9,-7.3,-3.1,5.6,0.7,-5.0,-2.3,-1.7,-0.9,-1.1,-3.0,0.7,2.3,-1.5,-5.2,0.9,-1.6,-1.0,-0.4,-2.9,0.5,-1.5,-2.0,-3.7,-4.4,-2.3,-1.1,-3.8,-2.5,0.8,1.2,0.8,1.8,0.5,4.4,1.2,0.3,-1.6,5.8,2.0,2.5,6.5,-0.3,-1.9,3.5,-2.0,-0.4,-2.2,-2.1,-1.8,-4.8,-0.9,-3.0,-1.6,-4.4,-2.0,1.8,-1.1,-2.0,-5.5,-0.7,-3.4,-0.5,2.4,2.4,3.1,1.0,-0.5,-4.0,3.1,-2.4,-2.3,-1.4,-1.4,-2.8,-1.0,-2.7,-3.1,-0.7,-1.0,-3.3,-1.5,-4.1,-5.7,-2.8,-6.3,-0.7,-3.4,-6.4,-2.6,-7.6,-6.8,-9.8,-3.5,6.5,-0.8,-7.6,-9.9,-5.8,-5.3,-5.3,-6.0,-2.3,-0.6,-0.1,-1.6,-2.8,-4.9,-5.1,-4.3,-3.6,-5.8,0.5,-10.1,-3.5,-5.6,-6.9,-4.4,-5.7,-11.2,-5.8,-9.1,-6.7,-8.6,-8.8,-6.9,-7.9
2C7L51HV1Y,0,48.107309,11.622103,4441848.42,2778409.85,534.7,580.4,289,7268,3.9,0.72,0.5,32.6,348.93,-0.529,-0.103,0.842,-0.2,0.2,-0.17,0.3,1.2,0.3,-0.3,9.8,4.2,7.4,7.1,-14.8,7.7,-12.0,9.2,8.1,8.9,-12.3,-1.5,-6.4,1.0,-14.2,-14.5,-1.7,-5.0,-5.4,-3.0,0.8,-2.3,3.0,-2.1,-0.6,8.0,-4.4,-15.2,-9.6,-8.6,-0.3,-11.6,-13.3,-2.8,-2.2,-5.0,-3.4,2.5,1.7,0.2,-1.1,-1.7,0.3,-3.2,-1.2,0.2,2.0,-1.8,-3.3,4.2,-2.1,-4.7,-3.7,-3.9,-4.1,-0.2,1.1,-1.2,-4.2,-3.0,-0.3,-4.7,-0.1,-3.1,9.6,-1.6,-6.5,-12.2,-3.5,-4.6,2.8,1.4,1.7,-1.8,-3.4,-3.3,-3.8,-3.3,-1.9,-3.8,-3.0,-7.0,-3.8,-1.4,-1.4,-6.7,-3.3,-4.9,-5.3,-4.5,-4.6,-5.7,-0.7,-2.1,-4.9,-4.7,-0.2,-5.8,-5.9,1.2,1.2,-3.8,-2.5,-7.2,-1.9,-2.0,-5.8,-7.0,5.0,-3.7,-2.5,-2.0,-2.3,-1.5,0.2,0.8,-1.0,-2.0,-0.6,-0.3,-0.6,-0.7,0.8,-1.9,-0.0,-1.6,-0.7,-3.2,0.3,3.0,-0.2,-1.1,1.7,-2.2,-4.8,-3.4,-1.6,-0.5,-2.3,-1.7,-2.4,-2.1,-4.4,-1.1,-1.4,-2.0,5.1,-2.2,-1.6,-1.6,0.4,4.4,-1.2,-3.2,-2.2,-0.2,-1.3,-1.9,-4.0,-1.7,-3.1,-2.0,-1.2,-2.5,-2.4,0.1,-3.7,-3.5,0.8,-4.4,-2.5,-5.6,-4.6,-2.5,-0.9,-2.3,-4.1,-5.0,-5.6,-3.4,-3.2,-3.7,-2.9,-5.5,-3.8,-1.1,-2.2,-0.8,-6.1,-3.6,-4.4,-1.3,-4.6,-3.4,-4.8,-2.0,-2.6,-3.9,-4.5,-2.0,-4.0,-2.4,-3.8,-2.1,-0.7,-0.9,-3.2,-2.1
2C7L51HV1t,0,48.107484,11.623472,4441949.96,2778431.61,543.7,589.4,289,7289,3.5,0.77,0.39,32.61,348.93,-0.529,-0.103,0.842,-0.5,0.2,0.15,0.26,0.7,0.2,-0.3,-0.8,-0.4,2.0,-0.7,1.0,-2.1,-1.3,1.2,-0.8,-4.6,2.6,-2.4,0.8,-1.8,1.7,0.7,0.1,-0.3,-1.5,-1.9,-3.6,-2.2,-0.4,0.8,-0.7,-0.8,-2.2,-1.5,-0.9,-4.7,7.4,-5.6,-6.4,-4.2,-3.9,-3.2,-2.1,0.4,2.1,0.5,0.4,0.9,2.6,-0.5,0.5,-0.3,4.0,1.6,-0.7,1.7,-0.6,1.9,0.2,0.5,1.6,-1.9,1.1,-0.5,1.4,0.9,-2.4,-2.3,0.2,0.1,-1.7,-1.9,0.0,-7.1,0.9,1.8,-2.1,-2.5,-5.0,-3.9,-1.4,1.2,-0.7,-1.5,0.2,-1.6,-5.1,-2.1,-7.7,-5.4,-4.5,0.5,-3.4,-0.1,-2.2,-3.6,-3.6,5.7,-4.7,-1.0,-4.7,-1.0,-3.8,-1.2,-1.3,-2.4,-3.5,-0.2,-1.0,-2.3,-1.6,-1.7,-4.8,-1.9,-3.0,-0.8,-2.1,-2.5,-1.1,-1.3,-2.2,-2.3,-4.2,2.8,-2.7,-0.0,0.1,-0.3,-5.4,-2.0,2.5,2.3,-3.1,-0.4,-0.5,-1.4,-6.2,-6.1,-3.1,-0.9,-0.8,-2.5,-0.7,-5.1,2.4,2.6,-0.7,-1.5,-1.1,-1.3,-0.7,0.3,-2.5,-1.4,-1.3,-3.6,-1.2,-0.7,-5.9,-4.6,-3.6,-0.5,-2.3,-2.3,-1.7,-2.9,-0.4,-1.1,-3.3,-3.9,-5.1,4.7,-5.2,-3.8,1.6,-2.9,-2.6,-6.4,-5.8,-5.1,-5.1,-5.9,-0.9,-2.0,-9.7,-1.1,-4.5,-2.3,-2.3,-2.9,-3.9,-4.0,-4.6,-2.2,-8.4,-6.7,5.0,2.4,7.4,5.8,4.9,9.6,4.5,-14.4,11.7,-14.0,5.2,7.4,-10.3,-6.4,-6.5,-10.5,-7.8,-12.3
2C7L51HV22,0,48.10751,11.62367,4441964.66,2778434.79,528.7,574.4,289,7298,3.4,0.64,0.54,32.64,348.97,-0.529,-0.103,0.842,0.1,0.2,-0.79,0.26,3.6,0.2,-0.3,-2.1,-0.2,1.2,0.3,-0.4,3.6,2.2,-2.3,-4.1,2.4,3.9,3.2,-11.0,0.3,-1.6,-5.7,-8.1,-9.0,-7.9,-3.6,-6.5,-5.2,-3.8,-3.9,1.3,-3.0,-1.9,0.6,-3.4,-5.2,-17.3,-7.0,-9.4,-9.2,-11.7,-9.4,-3.9,-9.2,-3.8,-3.5,-3.1,2.2,-1.7,-1.9,-2.6,-3.4,-0.1,-2.7,-1.3,-1.6,-0.6,-1.3,-0.9,1.5,0.5,-0.5,-0.2,-1.2,-0.7,0.1,1.1,-1.1,-1.3,1.2,3.7,1.8,1.0,2.4,0.7,0.3,0.1,0.7,-0.1,0.6,-1.8,-2.4,-2.5,-3.6,-3.7,-5.1,-4.7,-3.6,-2.2,-5.0,-4.1,-7.5,-0.1,-9.0,-5.4,-8.8,-7.0,0.2,0.2,-8.9,-6.1,-5.5,-2.3,-7.6,-5.1,-5.3,-2.7,-4.2,-6.4,-4.6,-3.9,0.1,6.3,-0.4,2.5,-2.3,-3.3,-2.4,-0.6,-1.0,-0.7,1.9,-1.3,-0.3,3.9,-0.9,0.8,2.6,2.8,8.8,-2.5,1.6,2.7,-1.5,-3.3,-0.8,5.8,-5.7,0.2,-10.1,-6.5,-11.7,-8.2,-2.7,-2.5,0.7,1.4,3.0,-0.9,1.2,0.5,-1.8,2.6,2.9,2.7,3.7,1.0,1.9,2.6,1.5,1.8,0.9,-7.1,4.0,-0.1,0.0,-13.0,-8.8,-2.3,-5.7,-9.6,-1.0,-0.1,-3.8,0.3,0.6,6.9,-13.1,-3.5,1.1,-2.1,-0.1,-3.0,0.8,-5.6,1.6,1.5,2.0,-0.2,-0.8,-0.5,-1.4,-2.1,-6.4,-7.8,-6.1,-12.5,-1.7,-9.3,-9.8,-8.5,-11.3,-10.6,-9.7,-2.6,5.7,1.2,1.2,2.2,-2.1,2.7,-0.7,-3.0,-1.1
2C7L51HV23,0,48.107544,11.623939,4441984.6,2778439.05,536.8,582.5,289,7299,3.5,0.82,0.46,32.64,348.97,-0.529,-0.103,0.842,-0.5,0.2,-0.35,0.26,1.0,0.2,-0.3,-0.7,0.6,0.9,-2.3,-1.3,-1.0,0.9,-0.1,-2.4,2.2,0.7,-0.2,-0.4,-1.3,0.3,0.5,0.3,-0.8,-1.3,-1.7,-0.8,-2.4,-1.3,-0.3,1.8,-2.6,-1.4,-1.1,-3.5,5.0,-18.5,-5.9,-0.5,0.1,-2.9,-2.7,1.8,-1.3,2.8,3.7,1.7,0.5,1.7,-0.8,1.0,-0.6,2.2,-0.5,-1.2,-1.8,-2.4,-0.0,-0.8,-1.6,0.6,0.6,-1.2,-2.1,-0.9,-1.9,-2.1,-0.1,0.2,-1.7,-3.6,-2.2,-2.2,2.5,-2.9,-3.3,-3.4,-3.9,-2.5,1.3,-1.5,0.2,0.1,-0.1,0.5,-1.2,0.6,-17.5,-4.0,-4.0,-5.0,-1.3,-0.5,5.2,3.9,4.2,5.7,-3.7,-0.3,-0.4,0.3,2.1,-0.7,0.4,2.4,3.4,3.4,4.6,4.8,3.5,-0.7,0.6,-1.6,1.4,1.0,0.3,0.0,-1.9,-1.6,-0.4,-1.1,-5.6,-2.1,-3.3,-1.3,-1.8,-1.4,-4.1,-2.9,-5.3,-1.8,-1.4,-1.1,-0.2,-0.5,-0.2,-11.7,-2.0,-2.4,-2.0,-2.5,-0.3,0.1,-0.2,-2.7,-0.4,-1.9,-2.3,5.7,0.5,0.1,1.2,1.5,-0.4,-0.5,-1.0,1.5,1.2,-1.4,-2.0,-0.2,-0.6,-2.6,0.0,-0.4,1.7,-1.6,-2.5,-4.0,-3.7,-4.6,2.0,4.1,-2.2,1.7,-0.1,-1.9,-2.4,-1.7,-4.5,-6.0,-2.9,-5.3,-1.0,-3.1,1.1,1.0,-2.9,0.5,-2.9,-1.5,2.5,-3.5,-2.6,-3.7,-5.9,-19.1,-6.7,1.2,-20.1,-8.4,-4.0,-1.7,-0.9,-3.8,0.3,-0.5,-0.7,1.5,-0.1,-12.8,7.1,-0.1,-0.3
2C7L51HV2X,0,48.107785,11.625809,4442123.31,2778468.79,544.9,590.6,289,7329,2.5,0.84,0.4,32.65,348.97,-0.529,-0.103,0.842,-1.3,0.1,-0.14,0.19,2.0,0.2,-0.3,0.7,0.3,0.5,0.8,1.8,-2.6,1.1,2.2,0.9,-7.8,0.4,-1.4,2.3,0.4,-1.9,-0.4,-3.1,-2.0,-3.5,-3.2,-3.4,-2.7,-2.7,-1.7,1.2,-2.0,-1.5,-2.4,-4.2,-3.1,-20.0,-6.5,-4.7,-4.1,-4.5,-5.6,-3.3,-3.0,-3.3,-2.6,-2.0,-2.6,-1.8,-4.2,-2.4,-4.3,-6.2,-1.9,-2.4,-2.9,-0.8,-0.2,-0.0,0.1,0.7,-0.6,-1.0,-1.7,-1.6,-1.0,-5.5,-0.8,0.6,-3.3,-2.5,1.9,-1.2,-2.9,-1.2,-0.8,4.1,-4.3,-2.0,-1.0,-5.0,-3.2,-1.4,-3.4,-3.1,-5.9,-5.9,-7.1,-7.1,-6.6,-6.8,-5.3,-3.5,-2.6,-5.8,-5.4,-5.4,-5.5,-7.4,-8.1,-3.1,0.8,-4.7,-3.0,-3.5,-2.4,-3.1,-4.5,-5.1,-4.6,-4.9,-4.7,-0.4,-4.1,-2.9,-1.9,-4.0,-3.2,-0.8,-1.6,-0.3,1.1,-5.0,-0.2,2.5,-0.9,-2.6,-0.2,3.3,-2.8,-11.8,-1.7,-5.7,-2.1,-3.2,-4.6,-7.1,-1.5,-10.8,-5.6,-6.0,-7.2,-6.8,-11.3,-5.3,0.0,-4.1,-5.6,-3.1,-3.3,-3.5,-4.2,-4.5,-3.1,-3.4,-3.0,-4.2,-3.7,-2.8,-6.5,-7.2,-4.1,-6.1,-6.3,-6.0,-7.0,-1.3,-7.1,-6.2,-6.5,-11.5,-7.8,-3.2,-11.2,-4.9,-3.1,-8.3,-8.6,-7.6,-11.5,-8.9,-6.7,-7.9,-4.1,-7.5,-4.0,-9.7,-3.4,-7.4,-6.5,-5.0,-4.1,-9.3,-8.3,-3.7,-7.3,-12.3,-4.6,-14.4,-8.2,-8.8,-11.0,-10.5,-7.9,-8.5,-6.0,-8.5,-8.3,-6.5,-5.5,-4.0,-3.2,-4.5,-7.3
2C7L51HV3c,0,48.108244,11.629387,4442388.79,2778525.75,534.4,580.1,289,7396,3.0,0.83,0.39,32.66,348.97,-0.53,-0.103,0.842,-0.4,0.1,0.23,0.23,0.3,0.2,-0.3,3.9,-0.2,0.1,3.1,0.8,13.4,-0.1,3.6,-1.2,-7.6,-2.0,-10.3,-0.7,-0.8,-0.1,0.7,0.2,0.1,2.0,-1.1,1.8,0.3,4.6,0.9,-0.9,2.6,0.2,1.9,-2.0,-2.1,-15.2,-5.2,-1.7,-0.4,-2.3,1.0,0.4,1.8,3.1,-1.0,3.0,1.9,-0.6,0.4,-1.1,1.5,2.7,0.0,-3.4,-1.2,0.2,1.7,2.6,-4.3,-1.7,-3.6,-4.0,-5.1,-5.9,6.5,-4.0,-1.6,-2.7,-5.4,-4.4,-1.3,-5.8,3.6,1.1,0.8,8.9,1.1,2.4,2.6,-0.2,0.7,0.1,0.0,-1.7,-1.3,-1.0,-2.7,-4.1,-2.3,0.3,0.3,0.7,0.1,-1.5,-2.6,-0.9,-0.5,-6.0,-3.7,-1.0,-3.8,1.5,-0.8,-1.9,-3.7,-0.8,-0.9,-1.7,-1.4,-2.4,0.8,1.8,3.5,0.1,-0.1,1.6,0.8,1.8,-1.4,-1.1,-1.9,-3.7,-1.6,0.4,-3.0,-5.1,-0.2,2.2,-0.4,-1.4,-1.7,-0.4,-0.4,-1.5,-0.6,1.1,0.3,-1.2,-2.8,-1.3,-4.2,-1.2,-1.4,0.4,3.0,-4.3,-2.5,-2.6,-1.1,0.3,-2.5,3.2,-0.7,-0.5,0.5,-5.6,0.5,-3.0,-2.6,-1.0,-1.4,0.8,-0.8,-4.0,-1.7,-5.8,-2.0,-1.7,-5.6,-6.1,0.7,-3.9,-1.2,-1.2,-0.1,-2.5,-4.2,-8.9,-2.6,-1.9,-8.4,-3.2,-5.9,-1.7,-10.1,0.1,-3.5,0.9,-1.3,-1.3,0.7,2.3,0.3,-0.8,-1.3,-1.0,-2.1,-4.7,-3.3,-1.3,-2.6,-2.6,-2.4,-4.3,2.8,-6.2,-0.2,-1.0,-0.5,3.2,-0.8,-3.5,0.5
2C7L51HV3S,0,48.108194,11.628848,4442348.7,2778519.23,535.4,581.1,289,7386,2.2,0.88,0.36,32.66,348.97,-0.53,-0.103,0.842,-0.5,0.1,0.13,0.17,0.8,0.1,-0.3,-0.9,-0.5,-0.5,0.6,-0.0,0.5,1.7,0.7,1.2,0.4,1.1,0.9,1.6,-1.3,3.6,0.9,0.8,-1.4,-1.3,-3.0,0.5,3.7,0.7,3.4,1.8,5.5,1.4,4.4,3.2,3.0,-5.9,-2.9,1.2,0.0,-2.4,-2.9,4.0,2.2,3.3,1.1,1.7,0.7,3.6,-3.1,0.0,-0.7,-0.8,1.3,-0.4,0.8,1.2,-1.1,2.2,0.8,1.5,1.5,-0.6,-0.3,0.7,2.2,2.1,-1.7,3.2,1.4,-2.9,1.4,-0.7,1.1,-0.4,0.4,0.3,0.3,-2.0,1.9,1.2,0.4,-0.1,1.4,-1.1,0.7,-1.4,0.6,-2.8,3.1,-1.2,0.4,3.6,-1.1,0.4,-1.9,4.0,0.2,-5.4,-5.8,-4.3,6.3,0.9,-0.2,0.0,2.8,9.2,5.9,-1.0,-0.5,2.8,1.1,-0.9,1.2,2.0,-0.5,-2.9,-2.4,-3.6,-2.0,-3.1,-1.6,-2.9,-5.0,-2.8,-4.4,-0.4,-1.1,-0.3,1.2,-1.5,-1.1,-0.6,0.3,1.8,3.7,0.0,-0.5,1.5,1.8,-0.6,4.0,0.6,3.3,0.9,0.4,0.3,-2.6,-2.8,-1.9,-1.2,-0.9,-2.7,0.6,-0.6,-1.5,-2.6,-1.9,-1.5,-3.3,-0.6,-0.8,0.1,0.7,-0.4,-1.3,1.8,1.1,-4.4,0.2,-1.9,3.5,0.7,0.5,0.3,1.7,0.9,-1.8,-2.9,-2.5,-0.3,-1.6,-4.3,-4.2,-2.5,-7.3,-1.8,-2.6,-1.3,-2.4,0.7,-1.3,2.0,1.1,-1.7,-1.7,-2.6,-0.6,-4.8,2.1,0.0,1.3,-0.9,-1.1,-3.6,0.9,-5.6,-2.1,-3.0,-4.0,1.0,2.4,3.6,-0.6
2C7L51HV5A,0,48.109014,11.635243,4442823.09,2778620.95,551.8,597.5,289,7492,3.9,0.7,0.43,32.69,348.97,-0.53,-0.103,0.842,-0.2,0.2,-0.82,0.3,1.4,0.3,-0.3,2.2,0.2,-2.0,3.0,-11.9,5.0,3.1,-1.8,0.2,9.4,-4.6,5.2,12.0,6.9,1.6,-0.1,1.3,-6.7,-5.1,-8.8,5.9,-6.2,-1.3,-2.9,4.2,-3.1,-0.3,0.3,1.5,-5.0,-18.3,-7.2,-4.3,-4.6,1.4,-2.1,4.5,-2.6,-1.0,0.5,-0.6,1.2,-9.4,1.3,-7.7,-0.5,12.3,-14.5,4.8,7.4,-0.2,1.3,1.0,-0.1,3.4,-0.2,5.9,3.4,1.6,0.1,1.7,1.0,8.2,-1.3,3.6,10.3,1.6,-5.5,0.6,-2.2,-7.6,0.7,-0.4,-3.6,-1.7,-1.6,-0.2,-1.3,-0.8,-1.7,0.3,-0.1,-0.4,-0.7,-2.3,-3.9,2.2,2.6,-0.1,-1.6,1.1,-2.3,-4.6,-1.0,-2.7,3.4,-1.0,2.3,2.0,-0.4,-0.2,4.4,4.4,5.1,10.0,6.5,4.1,8.6,5.4,3.0,3.7,2.8,3.3,3.4,3.9,4.5,4.7,2.8,2.4,-2.6,-1.6,2.2,3.1,4.9,2.9,4.8,5.5,4.0,2.3,-3.1,7.1,-0.4,-2.4,-0.4,-0.7,0.0,3.1,-2.1,1.0,0.7,6.9,2.2,-0.5,-2.0,3.1,2.1,2.3,-2.0,-0.0,0.2,4.5,2.3,1.6,-0.7,0.4,1.8,3.4,1.0,1.0,-1.3,-7.5,-9.1,-2.9,-3.8,-3.3,0.1,-0.4,0.8,1.5,0.1,1.6,-0.6,-1.2,-0.8,-2.5,-4.4,-3.6,-0.5,-3.3,-1.1,-0.5,-1.8,0.4,-1.9,-1.2,-1.2,-1.2,-1.6,-4.1,-2.3,4.0,1.1,1.7,1.3,7.7,-1.7,-2.5,-2.2,-0.9,0.9,-0.8,0.9,-1.6,-1.3,-3.4,-0.8,-0.8,1.4
2C7L51Hm4K,0,48.107248,11.621343,4441791.95,2778401.87,541.4,587.1,290,7252,3.8,0.68,0.45,32.6,348.93,-0.529,-0.103,0.842,0.1,0.2,-1.11,0.29,1.8,0.2,-0.3,-2.1,-0.1,1.4,0.5,0.6,-1.0,-3.2,-3.2,0.7,13.3,0.8,4.7,1.4,2.4,-0.1,-8.0,-2.3,-0.7,-4.1,-4.4,-2.2,-4.3,-2.2,-2.9,-0.2,-4.2,1.7,-3.5,-0.5,-3.2,6.1,-12.9,-9.8,-9.2,-7.1,-4.2,-7.9,0.6,-0.3,-0.4,-0.4,-0.6,1.7,-0.9,1.4,-0.0,0.0,-3.1,8.0,0.2,2.7,5.0,1.4,4.1,4.5,6.8,-1.7,7.1,4.8,10.0,-0.1,3.6,-1.8,-6.7,4.4,4.0,0.2,-6.3,3.5,1.0,-3.3,1.6,-8.9,7.5,2.3,8.8,1.7,4.4,0.5,-3.0,2.4,-3.0,-3.0,0.7,1.3,-4.2,1.7,-1.6,-1.8,-3.2,2.3,-1.8,0.9,2.0,0.1,-0.8,-2.2,-2.7,-0.1,1.4,0.9,2.8,1.4,-0.5,0.8,1.4,1.2,-4.4,4.1,2.9,0.7,1.9,1.3,4.7,2.8,2.6,3.6,4.0,3.7,5.2,1.5,2.7,1.4,0.4,2.3,0.3,4.4,0.7,1.8,1.4,-6.8,0.1,-2.8,2.7,11.7,4.6,1.2,4.3,2.3,11.3,8.3,3.4,3.7,0.5,6.8,4.1,-4.6,4.2,3.5,4.6,-8.2,-9.3,8.5,4.5,4.8,6.4,2.3,3.8,1.6,0.7,-1.5,-1.5,-0.5,0.4,-4.5,-0.9,-4.9,-1.0,-1.9,-1.3,-3.6,-2.1,-4.6,1.4,15.2,-2.7,0.6,-0.5,-8.4,2.5,3.1,1.0,0.7,-2.4,-0.2,2.1,-0.3,-0.1,-4.0,-4.4,1.6,-0.8,-3.9,-4.1,-3.2,-3.1,0.2,-0.5,0.5,2.0,2.0,0.4,0.8,1.7,-0.4,-1.3,-1.4,-0.1
2C7L51Hm4f,0,48.107412,11.622622,4441886.82,2778422.21,545.3,591.0,290,7273,1.6,0.88,0.23,32.6,348.93,-0.529,-0.103,0.842,-0.9,0.1,-0.14,0.12,2.1,0.1,-0.3,-0.8,0.2,0.7,-1.0,1.2,0.0,-0.6,2.2,0.1,-1.9,1.2,1.3,-3.9,-0.0,-0.6,-3.8,-2.7,-2.9,-5.0,-6.3,-3.5,-4.2,-4.0,-2.8,-3.0,-3.2,-2.0,-3.3,-3.6,-6.8,3.2,-7.7,-9.1,-7.7,-8.7,-7.3,-6.5,-2.7,-3.1,-1.9,-2.0,-2.8,-3.6,-4.9,-4.5,-1.8,-2.4,-2.4,-1.7,-1.7,-3.2,-1.6,-0.7,-0.0,-0.9,-2.3,0.1,0.4,0.0,-0.4,-1.8,-0.3,-2.1,-0.3,-2.6,-1.5,-1.8,-1.2,-2.0,-1.7,-1.8,-2.3,-1.9,-0.7,-2.8,-2.0,-3.0,-3.1,-3.5,-5.2,-3.3,-6.9,-5.3,-4.4,-5.5,-6.4,-4.9,-4.7,-5.7,-6.0,-5.5,-5.8,-5.7,-4.4,-5.9,-4.2,-6.3,-4.5,-5.0,-3.9,-1.2,-3.2,-5.9,-3.8,-4.6,-3.3,-3.2,-1.8,-1.1,0.4,-2.1,-2.3,-0.7,-2.0,-2.6,-1.6,-1.1,-1.5,-2.7,-1.1,-1.2,-0.8,-1.6,-4.3,-4.7,-6.5,-3.2,-4.8,-4.9,-3.5,-7.1,-5.6,-4.2,-6.9,-7.0,-5.3,-5.8,-5.0,-4.9,-0.6,-4.5,-4.2,-3.3,-2.2,-2.9,-3.4,-6.7,-2.2,-3.0,-3.1,-0.1,-2.0,-3.5,-4.8,-2.0,-2.2,-4.0,-5.5,-4.1,-6.8,-6.9,-6.4,-5.9,-4.5,-11.3,-3.2,-7.9,-7.6,-3.6,-6.7,-7.1,-7.9,-8.9,-3.0,-4.0,-4.6,-5.8,-4.3,-9.7,-4.6,-4.9,-4.2,-5.2,-4.4,-4.1,-6.6,-5.2,-6.5,-6.5,-7.7,-7.6,-7.8,-11.4,-7.2,-10.4,-9.4,-6.7,-7.7,-6.1,-4.6,-3.4,-7.6,-5.5,-4.5,-4.7,-3.6,-4.9,-7.3
2C7L51Hm6C,0,48.108099,11.627971,4442283.66,2778507.33,542.0,587.7,290,7368,2.4,0.88,0.36,32.66,348.97,-0.53,-0.103,0.842,-1.0,0.1,-0.36,0.18,0.8,0.2,-0.3,1.4,0.4,1.9,-1.1,1.1,-5.5,-0.0,1.5,0.3,-3.3,0.0,-2.4,-0.2,0.6,0.3,0.7,-1.3,1.0,0.5,-0.8,-2.0,2.5,-0.1,0.9,-0.0,1.5,-1.6,-3.3,-4.0,-2.5,-13.8,-4.2,-4.1,-4.2,-1.6,-0.8,0.2,-0.0,1.5,0.7,-3.1,-3.1,-3.1,0.2,-2.0,0.6,-4.8,-1.2,-1.5,-0.3,1.0,0.5,3.6,2.1,0.3,0.5,-0.6,1.3,1.4,1.2,-1.0,0.4,2.7,1.9,7.0,-7.8,2.0,0.2,0.5,-0.6,-2.2,2.0,-0.6,-1.9,-1.2,0.6,0.7,-0.5,-0.3,1.4,-0.1,-3.2,-1.1,-2.9,-1.5,-1.1,0.1,0.1,-0.9,-0.7,-1.8,-4.1,-7.3,-5.0,-0.9,0.4,-3.3,-2.3,-1.4,-1.5,-3.4,-1.1,-1.2,-3.2,-0.6,-2.9,-0.5,-2.9,-1.0,-3.0,-0.2,-3.7,-2.1,0.1,-0.6,-6.9,-9.4,-1.1,-1.4,-1.3,-3.4,-0.0,-0.9,-1.3,0.2,-2.0,-10.1,0.7,-3.5,-2.7,-3.8,-1.9,-2.1,-3.8,-4.4,-3.6,-1.4,-5.7,-0.8,0.1,-4.9,-3.4,-1.6,-2.4,-0.5,-0.6,-3.9,-1.2,-1.2,-2.3,-0.6,-0.1,-2.1,-2.0,-1.4,-3.0,-3.1,-1.9,-2.3,-1.8,-2.8,-2.9,-2.5,-4.8,-5.5,-0.8,-4.2,-0.7,-1.4,-1.7,-3.1,-3.1,-6.4,-7.8,-7.6,-2.3,-3.0,-2.0,-15.2,-4.2,-3.6,-2.1,-3.2,-5.4,-3.6,-2.5,-7.7,-2.8,-5.2,-6.9,-6.4,-5.4,-8.3,-8.3,-6.0,-4.7,-4.0,-3.6,-4.5,-4.4,-7.5,-5.2,-4.6,-4.9,-4.2,-6.9,-5.9,-4.7
2C7L51Hm6D,0,48.108103,11.628001,4442285.83,2778507.8,540.6,586.3,290,7369,3.7,0.73,0.47,32.66,348.97,-0.53,-0.103,0.842,-0.7,0.2,-0.41,0.28,1.1,0.2,-0.3,-2.0,0.9,-1.7,-2.0,5.5,-3.1,3.4,1.5,3.1,-4.6,2.1,1.9,1.0,2.9,3.6,3.8,-7.3,2.1,9.4,3.2,3.6,-0.2,7.7,4.4,3.3,6.0,5.3,-0.8,1.5,-0.9,-11.4,9.2,-3.4,-0.8,2.2,-0.8,1.0,2.8,5.4,5.0,-0.9,3.7,3.0,3.4,-0.7,4.1,-2.3,8.2,-0.4,1.8,0.5,1.2,3.2,3.9,2.3,-1.3,2.4,0.2,1.7,3.1,-3.3,-0.3,4.7,5.2,-2.1,0.5,-3.2,1.3,-0.1,-0.1,0.8,1.0,1.9,1.4,0.6,2.7,1.6,-0.8,6.3,6.8,4.1,2.8,2.8,0.5,1.6,1.9,3.2,4.0,0.7,0.1,0.0,4.6,12.1,-2.1,3.5,2.0,3.2,-2.4,1.1,0.3,1.6,-1.5,2.1,0.5,5.1,2.7,1.9,1.8,3.8,2.7,2.3,-0.1,0.3,1.2,1.9,-5.2,-2.9,-0.3,-4.5,-0.2,-2.2,0.3,-2.0,-0.5,2.4,2.2,6.8,0.9,2.5,2.2,-1.2,-0.3,0.6,-2.9,-1.1,3.7,2.0,-2.2,2.5,3.4,5.4,0.1,0.9,-0.7,-2.6,1.8,-7.0,12.0,11.9,12.2,-5.8,-3.5,-5.9,0.2,6.8,-1.0,-1.1,3.0,-2.2,0.7,-0.6,-4.7,3.2,10.1,-6.7,1.5,2.0,2.0,0.4,2.8,-1.3,0.4,-5.7,-6.0,-12.8,0.3,-14.2,-2.9,-11.6,-5.0,-3.9,0.9,4.9,6.5,-1.8,-1.6,3.7,-1.8,-1.7,-2.5,1.8,-0.8,-0.5,2.5,-1.2,0.8,-4.1,2.2,-2.0,-0.2,-2.0,-1.6,1.5,-4.2,0.1,-5.4,-4.2,-2.1
2C7L51Hm6f,0,48.108284,11.629408,4442390.19,2778530.2,533.1,578.8,290,7397,2.9,0.81,0.38,32.66,348.97,-0.53,-0.103,0.842,-1.3,0.1,-0.59,0.22,0.5,0.2,-0.3,2.1,0.3,3.0,3.4,1.5,-0.1,2.0,2.4,2.5,1.1,0.7,1.4,3.6,2.3,4.1,3.1,4.0,4.1,-2.5,0.3,1.0,2.0,-1.0,1.1,1.7,4.4,3.0,2.9,-0.6,-5.0,-7.8,-3.1,-3.4,0.1,-2.2,2.3,3.2,3.8,3.8,3.6,1.3,2.3,0.1,3.5,2.2,1.9,-1.3,-2.6,-2.4,-0.8,-3.1,-0.6,3.6,-1.6,0.4,-3.2,-0.7,-2.3,-2.1,-1.0,-0.2,-1.2,-1.1,-1.5,-2.6,0.0,-3.5,3.1,-0.0,-1.7,-2.8,-0.5,0.8,1.5,5.4,7.6,3.6,3.8,3.5,5.0,1.6,0.8,-0.2,0.4,1.5,3.3,1.8,4.8,-2.3,0.6,0.6,1.2,-3.7,-0.0,-0.0,1.1,1.8,1.8,1.7,3.6,0.9,1.1,2.3,2.7,2.7,3.1,3.4,2.6,2.0,1.9,3.7,0.1,3.3,1.3,2.3,1.2,-0.1,0.7,0.4,-0.4,-1.1,0.7,-0.1,2.6,1.5,0.2,-0.3,0.8,0.1,1.9,5.2,2.5,4.9,1.9,3.4,1.5,0.3,-0.8,3.3,2.7,-2.7,-3.6,-3.0,-3.3,-1.4,-4.2,1.1,-1.0,-2.6,-3.8,-2.3,2.2,-1.5,-0.8,-0.8,-3.5,-3.6,-6.6,-3.7,-0.3,-4.2,-2.1,-2.3,-7.1,-3.6,-2.1,-2.9,-1.0,-3.5,-1.8,-2.6,-4.4,-4.4,-0.5,-1.7,-3.3,-4.2,-4.4,-5.2,-6.3,-6.4,-5.0,-13.4,-2.8,2.6,-11.8,-8.8,-8.3,-1.6,-8.1,8.0,-5.8,-4.8,2.5,-3.2,-4.2,-9.9,-4.7,-6.6,9.6,-3.8,-3.7,-1.1,-3.5,-8.1,-3.4,-4.1,-3.8
2C7L51Hm80,0,48.108927,11.634419,4442761.91,2778609.9,545.5,591.2,290,7480,3.6,0.74,0.43,32.69,348.97,-0.53,-0.103,0.842,-1.3,0.2,0.77,0.27,0.6,0.2,-0.3,-0.7,-5.7,-2.3,-0.4,-0.7,-3.0,-2.2,-1.8,-3.9,-2.9,-2.3,-2.9,-2.0,-1.8,-1.9,-3.0,-7.7,-3.4,-0.9,-3.7,-4.0,-5.2,-0.7,3.0,0.9,-2.4,2.0,0.1,-3.6,-2.8,-0.6,-6.1,-4.9,-1.9,1.5,-3.5,0.5,0.1,-1.1,0.3,2.2,-2.4,-6.8,-2.2,0.3,-1.2,-1.4,-3.1,-2.3,-4.3,-5.3,-1.6,-1.0,-0.8,0.6,-0.7,-1.2,-0.9,0.2,-5.3,-0.8,-4.0,2.0,-4.6,-8.7,-5.3,-4.6,0.5,-3.9,-5.0,-3.0,-4.0,-4.5,-2.9,-5.7,-3.3,-4.9,-4.0,-5.0,-3.8,-5.5,-18.6,-5.5,-1.3,-2.7,-1.9,-2.1,-2.9,-4.9,-8.3,-7.6,-12.4,-16.0,-10.8,-11.8,-5.9,-11.9,-7.7,-11.2,-8.9,-7.2,-6.2,-6.8,-5.4,-3.9,-4.2,-7.5,-9.1,-6.5,2.1,-2.7,-6.5,-6.2,-9.6,-10.3,-12.2,-11.9,-5.9,-6.3,4.8,-6.5,-5.6,-5.6,-4.6,-6.3,-10.8,-6.3,-17.1,-4.4,-6.3,-15.4,1.7,-3.1,-11.5,-4.8,-0.3,0.7,-5.7,-4.4,-15.3,-5.6,-5.4,-13.5,-5.3,-3.9,-3.7,-1.8,-4.7,-5.0,-4.0,-4.6,-5.9,-16.8,-6.6,-2.9,-7.4,-3.5,-6.8,-8.6,-8.3,-9.9,-12.1,-7.3,-8.4,2.0,-4.2,1.9,-0.1,-12.1,-5.2,-6.0,-6.9,-9.7,-6.9,-6.9,-7.7,-4.6,-18.6,-5.9,-7.4,-8.8,-8.0,-5.2,-7.0,-9.0,-7.2,-4.3,-6.1,-7.6,-10.0,-9.7,-10.0,-8.8,-6.7,-8.7,-5.4,-7.0,-7.6,-8.1,-6.9,-9.5,-7.8,-7.8,-5.4,-7.3,-9.7,-12.4,-6.9
2C7L51Hm4S,0,48.107324,11.621792,4441825.22,2778411.08,541.3,587.0,290,7260,2.9,0.81,0.57,32.6,348.93,-0.529,-0.103,0.842,-0.5,0.1,0.05,0.22,0.6,0.2,-0.3,-2.5,2.0,2.2,1.0,0.5,-2.1,1.7,0.8,4.6,-12.7,2.6,-1.9,3.4,-1.0,-5.8,-2.2,-0.9,0.4,0.3,-1.3,-4.3,-3.2,-2.5,-1.8,0.4,1.5,1.0,-3.0,-0.7,-5.5,1.4,-4.1,-6.8,-6.0,-5.6,-3.3,-5.6,0.0,1.0,0.6,0.5,-3.2,-1.1,-0.1,-3.2,-1.4,-7.6,-4.9,-0.3,-8.3,-5.6,-1.5,1.7,-2.2,-7.3,-6.2,-2.1,-3.7,0.2,-3.2,-1.8,1.4,-5.2,-1.3,-10.6,-1.9,-2.2,-4.4,-2.6,-2.1,-3.7,3.4,2.2,1.0,-3.3,-3.5,-5.1,-7.4,-4.6,-2.4,-3.2,-3.8,-4.6,-4.3,-3.5,-2.2,-2.3,-1.9,-2.9,-3.6,-3.6,-5.7,-0.1,-3.1,-3.4,-2.6,-4.9,-3.1,-2.7,-2.7,-0.9,-3.3,-3.0,-4.2,-2.6,-2.6,-2.6,-1.1,-2.1,-2.5,-2.9,-2.5,-3.0,-4.7,-4.8,-1.0,-5.5,-5.1,-6.9,-2.3,-2.8,-2.7,-0.6,-1.3,-5.0,-3.2,-7.6,-3.6,-2.1,-1.9,-4.1,-1.2,-2.8,-3.0,-3.1,-3.0,0.1,-0.7,-2.3,-1.3,-12.1,-3.1,-1.7,-1.9,-5.0,-1.4,-1.9,-2.6,-0.5,0.5,1.0,2.4,0.5,-2.9,-3.4,-0.6,-11.1,-0.7,-4.6,-5.8,-2.3,-2.3,-2.0,-3.1,-3.8,-0.4,-2.4,-2.9,-7.0,-5.1,-4.0,-4.0,-9.7,-6.5,-0.4,-1.4,-6.3,-3.1,4.0,-2.6,-2.0,-1.5,-1.6,-0.9,-4.1,-6.3,-3.7,-4.3,-5.6,-6.1,-5.3,-7.0,-4.3,-9.1,-11.3,-7.3,-4.4,-8.7,-5.7,-8.7,-2.6,2.4,1.5,0.7,-8.1,-10.2,3.6,-8.5
2C7L51Hm4Y,0,48.107358,11.622055,4441844.71,2778415.26,537.1,582.8,290,7266,3.6,0.73,0.43,32.6,348.93,-0.529,-0.103,0.842,-1.2,0.2,-0.14,0.28,1.7,0.2,-0.3,1.1,4.1,-4.3,-3.1,1.6,-0.2,2.0,-2.8,4.8,-1.2,-0.7,1.9,-3.4,-3.1,-3.7,-5.5,-4.4,-2.6,-1.5,-7.0,-5.5,-10.6,-1.2,-4.7,-10.6,-5.6,-3.8,4.4,-5.6,0.4,-18.7,-7.8,-8.3,-6.6,-12.0,-9.1,-0.1,-2.5,-3.4,-0.1,-1.7,-2.8,-5.0,-3.0,-7.2,0.3,-5.9,-1.3,-2.6,-4.2,-4.6,-5.5,-4.8,-4.1,-5.4,-4.3,-6.6,-4.2,-4.4,-4.7,-3.6,-4.7,-3.5,-3.9,-2.9,-3.5,-5.3,-5.7,-5.1,-1.8,-4.9,-3.2,-5.4,-4.8,-3.9,-5.2,-3.9,-1.1,-4.7,-4.6,-3.7,-5.9,-5.3,-6.9,-5.3,-7.9,-5.9,-7.7,-7.1,-8.3,-1.6,-3.5,-4.8,-5.2,-6.3,-4.6,-3.9,-6.2,-4.6,-8.2,-8.5,-6.4,-6.8,-3.4,-1.4,-2.1,-3.4,-1.3,-3.6,-10.5,-9.6,-8.2,-7.8,-7.4,-7.1,-5.5,-7.1,-4.7,-2.3,-5.0,-6.5,-6.6,-3.5,-5.2,-5.1,-9.0,-2.5,-5.4,-6.6,-3.6,-14.8,-6.2,-5.4,-7.8,-10.6,-10.1,-17.5,-8.0,-2.8,-4.4,3.5,-4.0,-3.7,2.4,10.6,4.9,-12.3,-3.3,-5.3,-4.0,-5.6,-3.5,-3.5,-7.4,-6.0,-8.2,-9.2,-7.2,-9.2,-3.8,-8.6,-13.6,-6.6,-10.0,-10.7,0.1,-8.7,4.6,-12.2,-1.0,-1.8,-14.6,-6.1,-6.8,-10.1,-7.6,-7.4,-5.5,-8.2,-3.9,-2.2,-5.3,-6.1,-7.1,-8.0,-8.0,-6.1,-6.7,-11.3,-13.4,-13.5,-8.8,-18.1,-13.6,2.5,-14.9,-15.2,-10.4,-13.4,-12.5,-9.5,-8.9,-9.1,-9.8,-7.6,-8.0,-6.3,-5.5
2C7L51Hm4b,0,48.107379,11.622214,4441856.51,2778417.79,538.1,583.8,290,7269,3.1,0.81,0.4,32.6,348.93,-0.529,-0.103,0.842,-0.3,0.2,-0.19,0.24,0.9,0.2,-0.3,-3.4,2.7,-1.4,-0.1,0.9,-0.3,0.9,-5.0,-1.5,-8.5,-2.3,-0.0,-2.5,4.2,-0.6,0.3,-0.4,-0.4,-0.7,-0.7,0.8,-3.0,7.7,-1.0,-0.3,1.6,5.1,2.3,1.6,-4.3,-19.0,-5.7,-7.5,-4.3,-1.6,-4.0,-3.6,-2.7,1.8,0.8,2.0,1.4,2.0,-0.6,1.8,2.6,-1.8,2.7,1.3,-0.2,-6.9,2.2,1.5,0.5,1.6,0.9,4.3,-6.1,1.2,2.3,-2.8,-6.4,0.5,-3.5,-12.4,-10.5,-9.9,-3.3,-0.1,-0.3,4.9,0.9,-8.0,0.9,-0.9,-1.3,-3.5,-2.7,-2.1,-3.5,-3.1,-3.0,-2.7,0.4,-1.1,-2.2,-2.2,-3.8,-3.5,-2.9,-4.0,-4.5,-3.0,-1.0,-1.4,-0.1,-0.7,-1.0,-2.5,-0.6,2.1,0.4,-2.2,5.3,-2.0,-1.4,11.3,-2.0,-1.6,-2.0,-3.1,-0.7,-1.4,-1.4,-0.6,-4.4,-4.3,-0.6,-4.2,-0.2,-2.4,-1.4,-4.6,-1.8,-0.2,-1.0,-3.3,-3.6,-1.6,-1.7,-4.4,0.9,1.3,-2.9,-1.6,-2.6,-2.5,0.8,-0.9,-1.9,3.1,0.8,1.1,0.6,1.7,-0.2,5.2,0.6,-2.9,-0.3,3.0,8.1,-1.1,-2.3,-2.5,-2.7,-4.7,-0.1,-0.3,-0.9,-2.3,-3.5,-0.7,-1.1,-2.4,3.0,-0.3,-3.0,-0.7,-2.6,-2.0,-4.3,-1.0,-2.7,-3.8,-2.5,-2.3,-1.6,-6.5,-1.0,-3.6,-1.5,-3.8,-3.3,-1.5,-2.7,-4.0,1.3,-3.0,-3.3,-4.6,-2.3,-5.2,-3.2,-5.3,-1.9,-1.6,-2.4,-0.8,-2.6,-0.5,0.3,-0.9,-4.1,-4.6,-4.5,-1.7,-1.2
2C7L51Hm4c,0,48.107382,11.62224,4441858.43,2778418.21,536.6,582.3,290,7270,3.4,0.75,0.35,32.6,348.93,-0.529,-0.103,0.842,-0.4,0.2,-0.31,0.27,0.4,0.2,-0.3,-5.2,4.0,-2.4,-0.1,1.1,-4.8,-0.0,-6.1,-3.2,-7.8,8.1,-0.8,-1.7,1.9,-0.4,-1.4,-1.1,-0.2,-1.0,-1.9,-0.2,-2.0,-0.3,-1.6,-0.3,-0.6,2.2,-2.0,2.8,-4.5,6.7,-5.2,-5.5,-4.9,-5.1,-4.9,-3.6,-1.6,0.1,0.3,0.0,-2.4,-0.2,-0.9,-2.2,-1.6,-4.1,-1.1,-0.1,-6.7,-9.3,0.2,-1.4,-1.2,-1.8,-2.2,4.0,-8.4,-0.7,1.9,-2.9,0.7,-3.9,-3.6,-7.1,-10.1,5.5,-9.5,-1.7,-2.9,-1.4,-3.1,-8.8,-2.3,-1.2,-1.8,-1.9,-3.2,-2.7,-1.7,-3.9,-2.3,-2.7,-2.6,-2.8,-3.3,-2.3,-3.0,-4.0,-3.6,-3.3,-7.4,-7.4,-2.9,-0.9,0.1,-4.5,-1.7,-3.5,-2.2,0.5,-1.8,-3.3,-2.3,-2.9,-1.6,1.0,-0.7,-2.3,-3.2,-2.9,-0.7,-1.4,-0.7,-0.6,-8.6,-5.2,-1.6,-10.2,2.1,-8.7,0.4,-11.7,-3.5,-1.7,-2.9,-4.1,-2.9,-2.2,-1.7,-4.1,-0.1,-2.0,-5.5,-4.0,-4.1,-2.6,-0.8,-0.1,4.3,-1.4,-0.8,-0.4,-0.6,3.1,-0.2,1.8,-0.2,11.0,-0.6,5.8,7.3,-3.8,-3.9,-3.7,-4.4,-1.0,3.0,1.2,-2.3,-3.1,-4.5,-0.0,-0.5,-2.9,5.3,-1.2,-2.9,-1.9,-3.1,-3.9,-4.9,-3.8,-8.5,-10.2,-11.5,-2.0,-1.6,11.2,-0.4,-3.9,-1.2,-4.6,-3.3,-1.6,-3.6,-10.1,-1.5,-5.1,-4.0,-6.2,-4.8,-6.5,-6.9,-6.6,-1.9,-5.4,-7.2,-8.9,-5.8,-2.3,0.6,-3.0,-6.0,-9.1,-9.6,-1.1,2.0
2C7L51Hm4d,0,48.107391,11.622312,4441863.8,2778419.36,537.3,583.0,290,7271,2.9,0.79,0.44,32.6,348.93,-0.529,-0.103,0.842,-0.4,0.1,-0.49,0.22,1.2,0.2,-0.3,3.2,2.3,1.8,2.3,1.8,-7.3,1.6,0.8,0.0,-2.4,4.5,1.2,1.1,2.9,2.5,2.5,2.6,0.6,-1.3,-0.5,1.3,-1.4,-2.7,-3.2,0.6,1.4,1.4,-6.0,-1.7,-6.2,9.2,-8.8,-6.0,-6.0,-5.9,-5.3,-4.1,-2.2,0.0,-0.2,-2.6,-3.4,-0.9,0.7,-1.1,-1.5,-5.0,-2.6,-3.5,-7.0,-4.3,-3.0,-3.3,-6.8,-6.3,2.4,1.4,3.1,-5.9,-1.4,-3.0,-1.4,-0.4,0.6,-7.1,-9.7,-2.7,5.6,-2.3,0.6,-3.7,-3.0,1.4,-0.9,3.4,-0.4,-0.5,-0.9,-0.3,-1.2,-4.2,4.6,2.9,1.5,2.6,-0.7,-1.5,-1.3,-4.2,-2.9,-3.6,-0.3,-5.1,-0.1,-1.4,-0.3,-4.7,1.8,0.7,-0.1,0.0,-2.2,2.0,-6.5,-1.7,0.1,-0.1,-2.2,-0.2,-4.6,-3.0,0.2,-1.5,-0.6,-1.2,-7.8,-1.0,1.2,2.7,2.7,4.0,2.1,1.6,2.0,-0.2,-2.4,-1.1,-4.9,-1.8,2.3,-3.9,0.3,-2.9,-3.2,-3.2,-4.3,-1.4,-0.6,1.1,2.2,-1.8,-1.4,-3.0,-0.7,1.7,0.2,4.6,-3.8,0.4,-1.4,1.8,2.7,1.2,0.8,3.2,-2.4,0.3,0.5,-0.4,-2.3,-2.5,-3.8,-0.9,-1.6,-4.4,-1.2,-2.8,-1.8,1.6,-1.0,-1.6,-5.8,-4.3,-6.1,-9.3,-5.5,-5.0,-2.7,7.4,-1.6,-2.9,-1.8,-3.4,-2.5,-3.4,-4.2,-7.9,0.6,-3.8,-4.6,-5.1,-2.6,-4.8,-11.9,-8.8,-2.7,-6.4,-3.8,-2.6,-1.9,-4.3,-1.8,-4.0,-3.7,-2.3,-3.5,-2.7,1.8
2C7L51Hm4w,0,48.107535,11.623435,4441947.12,2778437.22,539.9,585.6,290,7290,3.1,0.78,0.39,32.61,348.93,-0.529,-0.103,0.842,-1.4,0.2,-0.27,0.23,1.1,0.2,-0.3,-2.2,1.7,1.6,1.8,3.5,-6.0,0.2,0.0,-3.1,-4.8,3.9,-4.0,0.4,1.1,0.8,1.2,-3.5,-4.6,-2.4,-4.0,-3.4,-3.1,0.2,-0.3,-0.5,0.2,0.4,-8.5,-5.5,-9.0,3.8,-5.3,-7.3,-5.7,-1.2,-4.2,-2.2,0.9,-0.4,-2.9,1.8,-1.5,0.7,-0.9,-2.0,0.4,-5.8,-0.2,1.4,-0.7,-1.1,1.8,1.0,1.6,0.7,0.4,-1.5,-0.6,-0.2,-4.1,-3.3,-0.2,-7.4,-9.7,-10.0,-3.7,-1.7,-7.8,-0.0,0.7,-4.9,-0.8,-5.2,-2.0,-0.4,0.6,-3.3,0.6,-3.3,1.2,-5.1,-1.9,-7.6,-6.2,-7.5,-2.2,-1.8,-3.3,-7.0,-3.2,-1.9,-11.4,-9.2,0.2,-2.9,-0.9,-7.0,2.0,-1.3,-2.0,-4.7,-0.0,-1.6,-1.0,-3.1,-2.1,-1.7,-0.7,-2.9,-8.4,-4.0,-2.3,-2.5,-2.2,-0.1,-2.3,-1.3,-2.8,-3.7,-0.2,-6.5,-1.7,-6.7,-1.1,1.6,1.2,-5.9,-1.3,-1.6,-2.8,-8.6,-3.9,-6.3,-3.9,-5.6,-3.1,-3.4,-5.9,-3.2,-0.1,-8.8,-3.0,-2.1,-1.8,-5.4,-3.5,-9.6,-3.9,-0.8,-0.7,-6.2,-2.5,-5.0,-5.0,-4.3,-4.0,-5.8,-8.9,-4.5,-5.2,-7.2,-5.1,-3.7,-6.3,-9.1,-7.5,-6.6,-6.4,-2.3,-5.4,-5.7,-9.7,-9.0,-6.4,-9.9,-10.6,-3.0,-6.4,2.6,-6.5,-3.3,-5.6,-4.8,-6.7,-5.9,-7.0,-9.8,-11.4,-7.0,-10.4,-3.6,-20.9,-9.6,-4.5,-10.2,-15.7,0.3,-11.9,-11.5,-10.8,-4.4,-6.3,-6.1,-6.0,-1.8,-5.5,-6.2,-9.3
2C7L51Hm66,0,48.108058,11.627504,4442248.92,2778501.96,537.7,583.4,290,7362,3.2,0.73,0.42,32.65,348.97,-0.53,-0.103,0.842,-0.5,0.2,-0.65,0.24,2.3,0.2,-0.3,-0.0,-4.2,1.5,0.1,-1.4,-2.2,-1.6,1.5,0.2,3.1,2.7,1.9,2.3,4.5,3.4,5.2,6.9,4.3,4.5,2.5,2.3,6.1,2.5,5.6,6.9,7.6,4.8,1.2,4.3,5.4,15.8,5.7,2.6,3.3,-1.8,5.3,6.1,7.1,9.4,7.8,1.8,3.9,5.7,8.4,5.1,4.0,3.8,1.6,1.3,2.2,-0.4,3.0,2.4,4.4,4.3,5.0,4.1,2.5,2.8,2.6,-0.8,5.4,4.7,3.8,-1.3,-0.7,0.9,4.4,2.2,2.3,4.2,2.7,2.4,2.3,5.2,6.2,6.5,5.0,6.1,2.9,3.9,4.2,2.0,1.4,2.2,4.0,8.1,8.0,8.3,4.9,5.4,-0.8,-3.5,3.6,5.9,6.1,3.5,7.7,7.3,5.0,3.6,8.1,5.9,5.1,6.3,6.3,6.4,2.7,4.7,3.6,5.1,3.8,3.5,1.4,3.3,2.0,0.8,1.2,3.8,-0.5,4.0,4.3,7.4,6.7,4.7,10.6,4.4,9.1,6.9,5.0,0.9,-3.3,1.3,6.7,4.2,6.5,6.6,5.9,6.1,2.1,4.9,1.4,0.5,1.9,0.8,3.2,0.6,1.3,1.1,-5.7,-0.5,0.6,6.7,4.1,6.3,-5.7,2.7,4.8,7.1,1.1,6.5,5.7,-4.0,-3.0,3.5,2.5,8.5,10.0,1.2,-0.1,0.5,5.5,-2.2,-1.5,-4.9,7.1,4.2,-5.2,-8.6,-4.8,-5.7,-1.5,0.5,-0.2,-0.9,2.3,-0.3,5.1,6.5,5.3,6.2,3.0,9.6,10.7,8.5,4.8,8.8,4.4,2.2,4.4,-1.0,-2.2,0.3,2.5,0.0,-1.9,-5.3,-12.4
2C7L51Hm6Q,0,48.108203,11.628636,4442332.88,2778519.97,537.0,582.7,290,7382,2.9,0.8,0.43,32.66,348.97,-0.53,-0.103,0.842,-0.8,0.1,-0.16,0.22,1.2,0.2,-0.3,2.3,1.9,-1.1,-0.4,-0.2,0.2,2.5,1.4,1.7,-4.4,2.1,0.5,-2.3,0.3,-0.2,-0.2,-0.2,0.6,-4.2,-2.4,-4.5,0.1,-3.1,-1.4,0.4,0.6,-2.4,0.2,-3.7,-4.1,-10.6,-3.8,-4.7,-1.6,-1.9,3.0,1.6,1.9,4.5,0.7,1.3,1.2,0.2,1.2,-4.9,0.0,-0.3,-0.6,0.3,4.5,2.0,0.1,4.5,-0.1,3.6,1.7,0.8,2.5,0.5,1.1,-4.0,-1.6,-3.7,0.7,-4.8,-1.0,1.0,-2.1,-0.0,-1.3,-6.0,-5.0,-1.1,1.5,-2.2,-2.1,-3.5,-2.2,-0.5,-4.7,3.3,0.3,-2.8,1.4,-0.9,-1.2,-1.6,-0.4,-6.3,0.9,-3.0,0.5,-2.9,-2.9,-4.3,2.6,0.1,-0.2,-1.9,2.9,-0.5,-0.7,2.2,1.0,-0.3,-1.3,-0.7,-0.9,-1.9,-1.9,-0.9,-2.0,-0.7,0.9,1.7,0.2,-1.5,0.4,0.1,1.2,-0.1,2.2,-0.6,-0.7,-1.3,2.2,0.0,0.2,-2.2,-2.7,-0.5,-3.1,-2.7,-0.8,-1.4,-2.2,-5.0,-5.6,1.4,6.1,-1.6,-0.1,1.7,-11.6,2.8,-0.6,-2.2,2.1,0.7,-0.7,1.4,1.1,-1.5,-1.4,3.8,4.6,-5.7,-4.6,-4.6,-5.2,-5.5,-5.9,-5.2,-12.2,-7.8,1.5,2.9,-12.9,-0.1,-1.4,-4.2,-6.3,-7.3,-7.8,-4.5,-4.2,-2.2,-3.7,-11.1,-5.0,-2.5,-5.3,-3.3,-4.1,-1.1,-4.9,-2.5,-4.5,2.7,-6.0,-5.8,-1.9,-9.1,-8.6,-7.8,-3.9,-0.8,-4.0,-6.1,-0.1,-4.0,-1.8,-2.3,-1.4,2.9,0.5,0.8,-0.2
2C7L51Hm6T,0,48.10824,11.628919,4442353.94,2778524.48,542.2,587.9,290,7385,2.0,0.9,0.33,32.66,348.97,-0.53,-0.103,0.842,-0.6,0.1,-0.29,0.15,0.7,0.1,-0.3,-0.4,1.2,0.1,1.3,-0.7,-1.6,2.7,-0.3,1.1,-1.1,2.8,-1.4,3.3,0.5,2.8,1.7,0.9,1.0,1.0,0.6,-0.8,3.5,1.4,2.6,4.1,4.5,3.4,0.1,2.4,-1.6,-7.4,0.2,-0.7,-0.1,-1.4,0.5,3.4,4.5,7.5,1.9,0.3,-1.1,3.1,2.6,3.0,1.2,-3.5,0.3,-1.4,0.1,-2.1,-1.3,3.5,0.9,0.7,0.9,-0.2,0.9,2.8,0.4,4.3,-0.2,-1.3,1.3,-2.2,-1.4,-1.1,-0.3,-1.3,-0.3,-0.6,2.5,-1.6,0.8,4.9,2.2,2.6,2.9,1.8,2.4,-0.6,2.3,-0.3,-0.5,1.4,2.6,6.6,1.6,1.5,0.5,1.1,-2.0,-5.3,-2.3,-1.0,2.7,-0.6,1.0,0.9,0.6,1.6,3.8,-0.9,1.3,3.5,3.5,2.1,0.2,2.4,1.1,0.7,1.0,-0.6,0.4,-0.6,-1.2,-1.9,1.1,-2.3,-0.9,-1.8,-0.4,0.6,1.0,1.0,1.8,-0.8,3.8,2.7,2.1,0.5,2.7,1.0,1.6,-0.6,0.6,-1.1,-3.0,2.7,-1.2,-3.7,-3.6,-1.1,-1.1,0.7,-1.2,-5.7,1.0,0.1,0.2,-0.7,-1.2,1.4,1.0,0.0,-0.6,-1.8,-3.6,-1.3,1.0,1.5,0.9,0.2,-0.5,0.1,0.8,0.4,1.6,1.4,0.4,-0.7,-3.0,-3.7,-3.8,-4.3,-6.0,-4.0,-1.5,1.1,-3.0,-0.5,-0.6,0.4,-1.7,-1.8,0.3,-1.9,1.4,0.4,-0.6,0.2,-2.2,-4.6,-1.5,-0.5,-1.9,-4.4,-1.4,-3.0,0.7,-3.9,-3.7,-2.0,-3.0,-2.1,-3.7,-1.5,-0.9
2C7L51Hm7w,0,48.108933,11.634323,4442754.76,2778610.43,551.8,597.5,290,7476,4.2,0.62,0.49,32.68,348.97,-0.53,-0.103,0.842,1.7,0.2,-1.2,0.32,1.3,0.3,-0.3,-4.3,-3.0,-1.8,-1.0,2.0,1.5,-1.3,0.6,0.9,-0.2,2.7,1.2,-0.7,2.5,3.9,-1.1,-3.9,-2.4,-7.0,16.5,4.8,7.1,3.2,9.0,-1.5,2.3,4.2,4.1,4.4,-3.3,2.8,-1.8,-2.0,-3.4,6.0,4.3,15.6,1.8,9.3,-0.3,6.2,1.2,4.3,2.2,0.8,4.6,1.4,0.7,2.9,5.4,2.0,5.5,3.4,1.5,1.8,2.0,2.0,-0.1,-0.3,-1.1,2.0,-0.4,-0.5,1.4,12.6,2.5,3.7,0.3,-1.7,2.2,3.2,2.4,4.4,3.4,4.9,5.2,5.1,5.1,5.2,5.6,4.7,4.8,4.9,8.8,1.1,12.0,4.2,4.0,4.7,1.7,2.9,2.1,-3.4,-2.5,-3.5,4.4,2.7,0.2,0.5,-6.0,-0.1,0.9,2.8,-3.8,2.2,-2.4,-3.6,13.4,-2.7,18.5,-0.3,-6.9,2.7,-4.9,-5.8,3.1,8.6,9.2,4.8,4.1,11.3,-4.3,10.8,11.2,13.6,10.1,9.1,6.5,6.7,10.1,15.6,16.4,12.2,10.2,4.8,4.0,10.3,8.9,11.5,10.4,6.5,8.6,14.8,11.6,10.8,7.8,6.0,11.1,15.7,15.6,5.5,10.6,9.4,12.8,16.8,9.7,10.7,7.7,11.7,11.4,9.2,3.3,6.2,5.4,8.9,9.3,10.1,10.7,5.1,10.1,5.4,7.4,7.0,7.2,5.8,5.4,10.0,3.7,-1.6,5.3,3.8,6.4,6.5,6.1,6.8,4.7,5.8,8.1,9.2,10.1,8.2,8.2,9.8,9.3,13.6,8.9,4.6,8.7,7.0,7.1,6.8,6.4,6.5,3.0,7.3,6.4,5.9,3.7
2C7L51Hm7y,0,48.108949,11.634446,4442763.92,2778612.39,552.9,598.6,290,7478,4.6,0.57,0.59,32.69,348.97,-0.53,-0.103,0.842,0.6,0.2,0.32,0.35,2.4,0.3,-0.3,-1.1,5.6,5.9,5.3,1.8,1.4,-2.2,-2.6,-0.6,6.4,0.7,-8.8,-12.6,1.5,5.1,-4.8,-15.6,-6.6,-4.0,0.7,-3.1,-10.2,-9.3,-5.2,-14.0,-1.4,-13.8,2.7,-11.2,-2.3,-16.5,-8.8,-6.0,-7.7,-14.3,-2.0,-0.9,-0.7,0.9,-6.0,-9.1,-4.4,-11.9,-5.8,5.1,-10.2,7.8,-0.6,-4.9,-6.8,-1.9,2.6,2.8,8.2,5.0,-4.2,-2.1,-1.4,-0.5,-0.9,4.3,-14.0,8.9,1.5,4.7,1.4,-5.0,7.2,7.2,4.1,2.4,-7.7,-6.3,3.7,-3.6,1.2,2.9,9.3,-12.5,-17.2,-6.2,-4.9,-2.0,-17.5,-3.8,-16.6,1.4,3.4,-2.1,-3.5,-4.0,-8.2,-10.1,-4.6,-7.5,-3.1,-5.3,-3.3,-4.7,-6.5,-4.5,-6.3,-3.8,-5.0,-1.9,-5.1,-6.0,-6.5,-8.2,-9.9,-7.0,-6.5,-6.4,-9.9,-10.0,-1.5,4.1,0.5,2.0,-1.9,-2.0,-1.3,-0.6,-0.5,0.6,1.2,-0.2,-2.1,-0.1,-1.8,-5.6,-1.7,-6.6,-1.2,-0.8,-4.4,-2.7,-1.9,-2.4,1.7,-2.1,-3.8,-4.1,-2.7,-4.7,-1.5,-10.3,-1.1,0.8,-1.5,3.8,-0.1,-0.6,-0.6,-1.3,-0.7,-3.6,-1.1,-1.3,-0.7,-1.8,-5.6,-3.4,-5.7,-4.1,-2.4,0.1,5.2,-0.1,-1.9,0.9,-0.7,3.7,-0.5,-1.2,-1.8,-0.4,-1.7,2.7,0.6,-1.7,0.7,0.6,1.6,-0.2,-1.9,-1.5,-0.1,3.5,-2.8,-2.4,-5.1,1.5,-1.0,0.5,0.0,-0.0,-3.6,-0.1,1.1,-2.7,-1.1,-0.1,-1.0,-2.3,-1.7,-1.5,-0.7
2C7L51Hm4p,0,48.107487,11.622915,4441908.51,2778431.02,533.7,579.4,290,7283,3.0,0.78,0.43,32.61,348.93,-0.529,-0.103,0.842,-0.2,0.1,0.08,0.23,2.1,0.2,-0.3,-0.4,-1.9,-0.7,-7.4,2.4,5.5,0.6,2.7,-5.4,2.9,-0.6,5.0,-2.7,-6.1,-3.1,-1.2,-2.4,-5.2,-4.2,-4.5,-3.7,-4.0,-2.0,-0.5,-5.6,-1.6,-2.9,-0.3,-3.1,-7.3,-19.0,-5.9,-5.2,-6.3,-8.8,-3.6,-7.0,-2.4,-3.2,1.5,-0.8,-0.0,-2.2,-2.9,-6.7,-3.8,-1.4,-1.9,-4.6,-0.7,-0.9,0.4,-1.7,0.7,-5.2,-2.9,-0.0,-1.8,-2.7,0.4,-1.0,-1.8,3.7,-1.3,1.5,2.0,-1.1,6.9,-1.6,-3.8,-0.8,-3.8,-1.1,-2.8,-2.7,-2.8,-1.0,-1.5,-2.3,-2.8,-7.1,-5.8,-1.4,-5.9,-7.5,-7.3,-4.9,-4.3,-5.8,-5.8,-6.6,-3.2,-2.5,-3.6,-4.5,-5.3,-0.6,-3.8,-1.8,-2.9,-1.5,-2.1,-3.7,-3.5,-6.7,-5.1,-0.4,0.3,-0.8,-5.7,-2.3,-5.3,-1.6,-6.9,-3.2,-1.2,1.9,-4.9,-0.7,-4.0,-3.9,-3.4,-1.0,-3.9,-5.6,-3.8,0.2,-1.4,-6.3,-3.5,-4.8,-5.5,5.6,-3.6,-12.8,-8.0,1.8,-6.1,-2.8,-1.1,-0.5,-7.6,-5.1,-5.7,-3.6,-5.0,0.1,-4.3,-1.6,-1.0,-3.4,-4.1,-1.4,-5.5,-3.9,-6.0,-2.4,-6.2,-2.4,-1.7,-6.7,-4.9,-4.2,-7.3,-7.1,3.5,-4.8,-9.3,0.4,-3.8,-4.3,-3.2,-0.7,-0.9,1.1,0.0,4.3,-6.7,7.2,-0.2,-2.4,2.1,1.1,1.9,-2.8,-2.7,-2.4,-1.6,-7.1,-4.3,-5.7,-4.2,-7.6,-4.9,-7.5,-5.9,-7.7,-7.0,-6.1,-10.9,-5.7,-4.3,-3.7,-4.5,-3.8,-1.7,0.6,2.6
2C7L51Hm5A,0,48.107661,11.624268,4442008.87,2778452.53,540.6,586.3,290,7304,3.6,0.73,0.45,32.64,348.97,-0.529,-0.103,0.842,-0.3,0.2,-0.16,0.28,1.2,0.2,-0.3,-3.5,-1.7,0.2,0.7,-0.8,-8.6,3.2,-2.7,-1.0,2.9,-5.0,5.0,1.6,1.8,2.1,2.4,0.6,-1.1,-1.4,-2.1,-4.2,-2.0,1.3,2.1,5.2,2.7,-8.1,-9.7,-11.7,-2.0,-15.3,-4.6,-9.7,-4.1,-4.4,-4.4,-1.3,-1.3,-1.2,-1.5,-7.6,-3.7,-0.8,-0.5,-4.0,-7.3,-10.2,-5.7,-2.9,0.2,-1.7,-4.2,-1.2,1.1,-0.6,-0.0,-3.8,-0.4,-1.0,-3.9,0.6,-3.8,-2.7,-4.0,-3.3,-11.3,-2.1,-2.8,-3.6,-2.8,-4.7,-2.5,-2.5,-0.7,-0.0,0.2,0.9,-2.0,-3.7,-3.7,-2.9,-4.4,-4.3,-6.0,-6.4,-1.9,-2.0,-1.1,-3.2,-4.4,-2.2,-6.0,1.1,-1.6,0.4,-12.7,-7.7,-5.7,-0.5,-1.6,-10.6,-1.6,-1.4,-1.9,-5.0,-2.1,-4.4,-5.3,-3.3,-1.5,-1.8,-2.7,-2.5,-5.2,-5.6,-6.4,-0.6,-3.4,-4.9,-4.6,9.4,-2.7,-9.0,-2.6,-1.0,-1.4,-10.6,-2.2,-3.5,-1.9,-4.9,-1.1,-2.6,-4.2,-3.9,-8.9,-6.2,0.1,-2.3,4.9,0.3,-2.6,-1.8,-6.7,5.2,4.1,8.6,0.3,1.5,-5.1,-0.0,-10.2,1.3,-3.4,-1.5,3.4,-2.8,-2.8,-1.1,1.0,-2.3,-2.5,-5.9,-3.3,-2.5,1.0,-3.7,-3.5,-2.4,-4.6,-1.5,-2.7,-4.8,-5.4,-1.6,0.8,-1.7,-1.9,-4.2,0.5,1.0,-8.5,-4.4,-7.2,-10.7,-4.2,-2.5,-5.7,-2.6,-18.2,-4.8,-1.6,-4.6,-4.2,-3.9,-10.4,-4.7,-6.0,-1.9,-7.7,-5.7,-10.6,-2.9,-3.0,7.4,-1.2,-4.3,-3.5
2C7L51Hm60,0,48.10803,11.627142,4442222.07,2778498.27,537.6,583.3,290,7356,2.8,0.72,0.43,32.65,348.97,-0.53,-0.103,0.842,-0.7,0.1,-0.62,0.21,3.3,0.2,-0.3,0.0,0.9,0.2,0.1,-0.3,0.7,0.8,0.9,0.2,-7.7,-0.5,-1.2,0.6,1.4,-4.5,-5.4,-6.7,-5.0,-8.1,-7.7,-4.0,-5.8,-1.7,-5.4,-0.0,-3.9,-2.7,-1.1,-4.7,-7.4,-16.3,-9.3,-10.1,-11.2,-7.0,-6.8,-5.3,-5.8,-2.1,-1.3,-1.0,0.5,-4.3,-6.0,-3.5,-1.3,-3.3,0.9,1.3,0.7,1.5,5.0,4.0,4.2,2.6,1.9,1.7,3.2,3.0,0.3,3.6,6.6,-12.3,2.0,-3.8,0.4,1.1,3.2,0.4,-4.4,-1.0,2.0,6.0,2.1,-3.8,-4.0,-1.1,-0.5,-0.9,-7.4,-3.4,-9.3,-3.1,-0.0,-8.6,-6.7,-1.0,-5.8,-8.2,-0.9,-5.0,-4.1,-5.7,-10.6,-3.6,-0.0,-4.2,-9.7,-5.9,-0.9,-1.8,-3.2,-3.1,-2.5,-1.4,-1.6,-3.7,1.6,0.0,-3.6,1.3,0.6,1.6,-0.2,-1.0,-0.1,-1.9,0.8,0.4,0.2,0.5,-0.3,-2.5,-7.9,-3.1,-2.8,-1.9,-3.8,-4.4,-6.6,-3.7,-5.0,-4.6,-4.5,-8.5,-6.7,-6.4,-7.8,-2.4,-1.3,-0.7,-2.4,-2.2,-1.8,-1.4,0.9,-7.0,2.1,0.7,-1.9,-5.0,1.3,-1.7,-2.2,-1.8,0.1,-2.3,-0.6,-3.0,-4.2,-8.2,-7.3,-5.4,-6.9,-8.4,-1.5,-3.4,-8.0,-5.6,-5.9,-6.1,-9.1,-6.7,-3.6,-2.9,2.3,-0.3,-1.7,-3.9,-2.5,-4.3,-1.0,-4.1,-6.7,-7.2,-6.7,-4.9,-8.0,-8.3,-8.5,-7.9,-7.2,-8.9,-11.7,-8.9,-5.5,-8.2,-6.6,-5.3,-5.7,-5.6,-8.7,-1.0,-2.2,-2.1,-1.9,-3.6,-2.3
2C7L51Hm68,0,48.108084,11.627563,4442253.31,2778504.97,534.7,580.4,290,7364,4.1,0.66,0.44,32.66,348.97,-0.53,-0.103,0.842,-1.0,0.2,-0.77,0.31,0.6,0.3,-0.3,4.8,-7.7,0.4,-0.7,0.4,-0.8,0.3,4.1,1.6,-5.1,5.4,1.1,-0.1,1.7,-1.7,3.2,3.2,0.9,4.0,-0.6,0.7,5.0,2.1,1.4,2.0,-4.1,-1.7,2.4,-2.3,-4.1,-9.4,-6.8,-4.6,1.3,-3.5,-4.6,-1.4,-0.5,2.5,-1.7,-5.1,1.0,-3.5,-5.4,0.9,-4.9,-0.8,-3.4,-0.6,-2.2,-1.5,2.2,2.7,-3.3,0.5,0.4,-0.8,-1.4,-5.1,-2.2,-0.9,0.8,0.4,-1.3,-3.1,0.3,1.4,1.0,-4.1,-3.7,-8.1,-4.8,4.3,-5.0,-2.4,-0.3,3.3,-0.7,-1.2,-1.6,-0.9,-2.5,-2.1,-3.5,-5.4,-4.2,0.5,-2.6,-2.4,-4.2,-2.1,-10.4,11.3,-7.2,-6.0,-3.1,-5.4,-2.5,-3.6,4.3,2.7,-1.2,4.5,1.2,-4.9,-3.2,-4.4,-2.8,0.7,0.9,-1.2,-2.1,-1.3,-4.1,-4.5,-2.9,-4.2,-5.4,13.4,10.7,7.1,12.1,1.1,1.7,-1.7,-3.3,-6.4,4.1,-0.3,-2.7,-4.3,0.2,3.9,-4.2,-4.1,-3.6,-0.8,-0.5,1.0,5.4,-2.7,-0.7,-5.3,1.4,-3.3,-1.9,1.5,1.8,-8.3,-7.8,3.3,-1.2,-1.7,-0.8,-0.6,-0.3,-13.0,5.0,2.0,1.5,-3.7,0.6,-1.0,-2.3,-0.1,-2.9,-6.3,-0.1,-4.4,1.4,-4.4,-8.7,-7.2,-3.9,-4.9,-9.1,-14.2,-6.7,1.5,-8.7,-6.6,-6.5,-5.1,-5.5,-4.3,5.2,-10.3,-7.2,-9.2,4.5,0.0,-4.2,-4.3,-6.0,-1.7,-2.0,-12.3,-9.9,-7.0,0.5,-11.3,3.2,-9.8,-8.3,-3.3,2.9,-15.3,-11.9
2C7L51Hm6Y,0,48.10827,11.629013,4442360.86,2778528.05,533.5,579.2,290,7390,2.2,0.87,0.31,32.66,348.97,-0.53,-0.103,0.842,-0.6,0.1,-0.27,0.17,1.1,0.1,-0.3,-2.0,1.2,-0.1,-2.7,-3.1,1.3,-1.6,-3.2,0.8,0.3,-1.5,-1.5,-2.6,-1.3,3.1,-0.4,-1.8,-3.3,-3.1,-2.1,-3.4,1.6,-1.2,-4.8,-2.6,-1.7,-1.1,4.2,1.1,-4.1,-4.8,-5.1,-3.5,-1.2,-6.1,-6.8,1.0,0.6,0.9,-1.0,0.5,0.5,-0.3,-0.8,-1.9,-2.7,-0.7,1.2,-0.1,1.4,0.2,-1.2,-2.9,-1.4,-3.3,-3.1,-2.0,-4.6,-2.5,-0.4,-2.9,-2.3,2.9,2.6,-8.9,3.9,-2.4,1.0,-3.8,-7.6,-1.4,-1.2,-0.5,0.1,-2.3,-1.8,-2.9,-0.9,-2.8,-4.5,-2.8,-3.3,-3.5,-4.4,-4.6,-3.0,-0.1,-2.7,-3.5,-3.9,-5.1,0.0,-2.3,-5.7,-6.3,-0.1,-0.3,-3.0,-1.7,-1.3,-1.0,-2.7,-3.0,-2.4,-3.6,-2.8,-3.1,-3.5,-1.3,-2.7,-1.9,-0.8,-2.5,-2.5,-0.2,-0.9,-3.3,-2.1,1.9,-3.2,-0.5,-3.6,1.6,0.4,-1.9,-1.8,2.1,-2.0,-5.4,-5.4,-5.4,-3.6,-0.4,-3.3,-5.2,-5.4,-3.9,-3.9,-2.0,0.8,-2.7,-2.1,-3.2,-6.0,-1.4,-3.1,5.1,-2.2,-1.1,-2.6,-0.4,6.5,1.2,-3.7,-4.1,0.6,-1.7,-4.9,-2.8,-2.1,-5.6,-4.1,-4.9,-6.5,-5.0,0.3,-3.1,-3.3,-3.2,-4.2,-2.6,-7.6,-4.5,-0.6,0.3,-2.2,-3.9,-1.3,-2.9,-0.6,-0.9,1.3,-2.6,-1.0,-6.7,-3.3,-3.3,-3.1,-3.8,-7.5,-6.0,-4.9,-6.5,-4.9,-6.4,-5.6,-6.6,-4.4,-5.5,-5.4,-6.6,-4.0,-7.2,-6.4,-5.8,-2.1,-4.1,1.4
2C7L51Hm4t,0,48.107558,11.623325,4441938.86,2778439.59,542.4,588.1,290,7287,4.2,0.66,0.41,32.61,348.93,-0.529,-0.103,0.842,0.3,0.2,0.1,0.32,0.7,0.3,-0.3,-1.2,2.0,2.4,1.4,-1.8,-0.7,0.1,1.9,1.1,4.2,1.9,-1.1,3.8,-0.1,4.3,3.1,2.3,3.4,2.7,4.2,3.3,1.5,-1.9,5.3,5.3,3.7,1.0,-7.3,-3.9,1.8,3.0,-0.5,0.0,-1.3,-1.6,0.7,1.5,2.7,3.7,2.6,1.6,-2.8,6.6,4.0,1.2,-2.2,-2.0,-1.5,-0.3,-3.2,0.9,0.2,-2.3,-1.1,-2.8,1.4,-4.4,-4.3,-1.7,-2.0,-1.7,1.4,-2.5,7.1,13.1,-3.1,-3.5,-4.7,-3.0,-1.1,-1.0,-1.3,-3.8,2.0,5.7,-1.5,2.4,1.1,-10.0,2.7,-2.2,3.1,-0.0,-0.8,-1.0,5.7,-0.8,6.5,4.4,1.1,2.6,-6.4,-5.6,3.1,3.6,3.3,-2.7,6.1,3.2,2.4,3.7,5.9,4.9,2.0,4.6,6.3,2.7,3.7,3.0,2.3,1.8,-0.2,-0.8,-3.6,-1.7,-2.7,-2.4,-7.2,-0.2,0.1,0.0,1.6,-3.6,4.3,5.9,5.3,-0.1,6.3,6.0,4.2,2.3,6.1,-2.0,6.3,5.5,5.2,3.7,2.5,4.7,10.7,12.9,-2.8,3.1,4.3,2.8,2.6,1.3,-2.7,-3.2,1.3,9.5,3.2,-0.6,0.5,3.6,2.2,-5.5,-1.2,2.2,2.8,2.6,3.2,2.6,3.6,5.2,-0.1,3.8,3.2,6.5,7.5,5.8,-1.0,-3.0,-6.0,-4.5,-1.0,-1.2,2.1,-9.8,4.8,2.7,3.0,0.3,-1.2,3.0,-1.3,-1.2,-5.2,-3.3,1.1,1.5,-0.4,0.8,6.1,-1.7,13.6,-5.4,4.7,-9.5,-4.6,-10.6,-1.0,10.0,8.1,9.1,12.1,11.7,13.6
2C7L51Hm5R,0,48.107792,11.62514,4442073.51,2778468.48,537.1,582.8,290,7321,3.7,0.72,0.44,32.64,348.97,-0.529,-0.103,0.842,-1.1,0.2,-0.52,0.29,0.3,0.2,-0.3,-2.0,0.4,2.6,1.9,0.1,-1.6,1.7,0.3,0.5,3.0,-1.1,0.4,-1.1,-2.4,-3.5,-0.8,0.7,-0.8,1.3,-1.5,-7.4,0.6,-7.0,4.7,0.6,4.8,-2.4,-4.0,4.2,-2.2,-12.7,-0.4,-0.6,-1.9,-0.0,-0.2,-1.4,-2.3,1.7,0.8,0.4,-5.7,3.4,2.9,-1.7,-9.0,-11.3,-7.8,-0.9,-4.7,8.9,-3.0,0.2,2.8,-0.1,-1.0,0.2,1.0,-0.8,-8.9,-7.0,-1.9,-3.9,-1.0,-1.1,-2.8,-6.9,-0.6,-0.5,-0.2,0.8,-4.2,-0.0,-4.7,2.2,4.4,0.8,-2.3,0.3,-1.8,-3.0,-2.0,-2.7,-6.2,-6.9,-1.2,-2.4,0.2,-3.9,-1.4,-2.1,-6.3,-7.2,-4.0,0.5,-0.5,-5.6,0.8,2.3,-1.6,-3.3,1.0,0.6,-3.4,0.9,-1.5,-3.2,-8.1,1.5,-3.5,-3.0,-3.6,-2.7,-4.1,-2.0,-4.4,-6.1,-3.4,-3.2,-0.8,-3.8,-4.0,0.1,0.1,3.4,0.5,-8.0,-0.2,-1.6,1.1,-2.7,0.1,-3.5,-4.9,-6.3,-4.4,-0.4,-7.3,-0.5,-10.3,4.0,6.1,3.0,8.9,-0.9,0.3,-2.2,-5.0,-2.3,-5.4,-3.3,-3.6,-0.2,-3.4,-0.6,-5.6,-6.5,-2.9,-3.4,-2.9,-0.8,-5.2,-1.6,-0.3,-5.0,11.4,-5.1,-7.0,3.4,-2.5,-4.5,-5.1,-13.7,7.6,-10.1,-12.9,-9.1,-6.5,-3.5,-7.6,-6.1,-8.3,1.0,-6.3,-9.8,-0.2,-15.9,-4.3,-2.8,-5.7,-5.7,-6.4,-11.1,0.1,-6.5,-4.3,-3.6,-7.8,-7.4,-3.4,-8.4,-0.2,-7.2,-7.7,-8.0,-10.4,-9.7,-7.8
2C7L51Hm4G,0,48.107283,11.621037,4441769.07,2778405.25,539.2,584.9,290,7248,3.4,0.73,0.4,32.6,348.93,-0.529,-0.103,0.842,-0.8,0.2,1.01,0.26,1.2,0.2,-0.3,-3.5,-1.2,-0.4,-0.6,1.5,-4.2,6.6,1.2,-0.6,-0.0,0.4,-0.1,1.1,4.2,-10.8,6.6,1.5,3.6,0.9,1.7,1.5,-0.9,0.7,3.7,-0.1,0.9,4.4,-1.3,1.3,-0.9,4.4,-3.7,-3.7,1.1,-2.5,1.0,-0.4,1.7,4.4,1.9,1.4,-2.2,-0.0,-7.4,-1.0,-5.2,-3.6,0.0,-3.7,-3.7,-3.0,-0.8,-6.0,-13.7,-1.7,-4.1,-1.5,-1.1,1.1,-1.2,-4.2,1.4,-7.1,6.6,-2.4,-0.9,-2.2,-0.2,-12.1,-3.9,-2.6,-3.5,-1.3,-4.9,4.8,-4.1,-0.6,-3.2,-2.1,-2.6,-2.6,-2.5,-2.1,-2.7,-2.5,-3.6,-1.1,-9.3,-7.4,-5.8,-1.2,-1.3,-5.4,-5.8,2.2,-2.7,-5.3,-6.5,-5.1,-1.4,-1.1,-1.7,-0.7,-2.7,-3.3,-1.6,-1.4,-0.4,-2.3,-2.5,-2.4,-5.2,-2.0,-3.9,-0.8,-6.6,-2.2,-4.9,-5.7,-1.1,-0.6,-3.5,-5.6,-4.6,-2.8,-3.6,-3.1,-0.1,-3.4,-1.6,-8.2,-7.8,-3.4,-3.4,-4.9,2.8,-0.9,-3.6,-1.6,-8.3,-4.4,-17.7,-13.3,-3.3,-0.4,-1.9,-12.1,-3.5,-5.1,-1.0,-0.6,-1.3,-6.6,-7.5,-13.0,-1.0,-6.7,-4.3,-4.0,-4.8,-0.9,-1.6,-4.6,-2.8,-2.2,-1.9,-5.6,-4.2,2.9,-1.5,-2.6,-5.1,-7.6,-8.6,-6.6,-5.6,-10.5,-9.8,2.8,-6.4,-6.2,-7.9,-3.7,-5.3,-12.2,-0.5,-1.4,3.6,5.6,3.5,-5.0,-1.8,2.1,-2.0,-7.4,-2.6,1.1,-2.6,0.1,-2.8,-3.3,-2.4,-5.0,-6.4,-9.7,-10.2,-2.1,-7.1
2C7L51Hm4P,0,48.107355,11.621595,4441810.44,2778414.12,540.8,586.5,290,7257,3.4,0.75,0.44,32.6,348.93,-0.529,-0.103,0.842,-0.4,0.2,-0.97,0.26,1.0,0.2,-0.3,-4.6,-1.3,2.2,0.9,0.3,-2.5,0.1,-0.0,1.0,-11.6,-2.2,-0.8,1.5,0.4,0.4,1.3,-1.5,-2.0,0.7,-0.9,-2.7,-0.5,-1.0,-1.0,1.0,0.7,2.6,-1.0,0.8,-3.5,-16.9,-2.8,-4.6,-3.2,-5.9,-3.5,-3.6,-0.7,2.6,-0.3,-0.4,2.6,1.0,2.7,4.5,0.7,-1.1,1.3,4.0,1.8,-2.6,1.1,2.0,2.3,4.1,-0.7,3.5,9.0,-9.9,-2.1,-7.8,-6.5,-0.8,-6.6,-2.1,0.2,-3.9,-0.7,-1.9,-3.1,-5.4,-1.5,-3.3,-2.8,2.6,4.4,3.2,1.0,-0.0,-2.4,-1.5,-2.4,-2.0,-0.5,-0.1,-1.9,1.8,-1.7,-1.1,-2.5,-0.7,1.9,1.9,1.9,0.3,-2.1,0.9,-2.5,-1.2,0.4,-0.8,0.0,3.3,-0.6,1.0,0.5,-0.4,1.1,0.8,-0.2,0.2,-0.6,-0.5,-0.1,-7.2,9.5,-3.7,6.8,4.2,6.1,4.4,-3.5,-2.6,0.2,-3.0,-2.9,3.1,-3.8,-2.7,-2.6,-4.4,-0.8,-4.8,-3.8,-4.5,-5.1,0.9,1.4,0.3,2.8,3.8,2.8,2.2,2.6,4.4,8.3,-13.1,4.3,1.2,-4.1,0.6,0.2,-0.9,-2.1,-1.0,1.5,3.7,6.4,0.3,-4.1,-3.9,-3.9,-0.4,-1.9,-3.6,1.1,-4.0,-2.7,1.3,-0.0,-1.3,-3.8,-5.2,-3.6,-1.3,0.5,2.3,-2.0,8.8,6.2,0.5,1.3,-2.5,-5.0,2.2,-2.3,-1.9,-3.1,-3.6,-5.6,-1.6,-2.9,0.4,-4.9,-7.8,-4.9,-4.8,-4.9,-3.9,-4.7,-3.6,-3.2,-5.7,-6.9,-0.1,-4.2,-4.6,-8.2
2C7L51Hm4V,0,48.107389,11.621864,4441830.46,2778418.42,537.6,583.3,290,7263,4.6,0.61,0.46,32.6,348.93,-0.529,-0.103,0.842,-0.2,0.2,-0.47,0.35,1.7,0.3,-0.3,2.2,1.2,2.8,-0.1,4.0,2.5,-0.1,5.4,-15.0,5.6,3.6,2.7,-10.0,-1.1,-2.0,-4.8,-1.2,0.8,0.7,3.8,-0.1,0.7,-0.3,-6.8,0.7,-3.2,5.2,-3.9,4.8,-6.1,-19.9,-7.3,0.9,-12.7,-7.1,-2.9,-3.4,-1.2,1.7,-3.8,3.8,-0.8,-4.4,-4.0,-9.6,10.1,2.7,0.7,4.7,0.4,1.1,2.0,1.8,-2.7,-1.7,-8.6,3.2,3.3,-3.0,0.6,-0.7,-0.7,10.8,0.8,-1.1,-2.4,1.8,4.4,2.0,-0.4,-1.2,-9.6,-2.8,3.0,-6.8,0.1,-0.7,3.7,1.6,0.9,-2.7,1.7,-1.0,0.8,3.3,1.8,5.7,-0.7,-4.7,-0.4,-4.3,0.2,6.5,4.0,-0.3,5.3,-0.1,0.9,3.9,0.5,4.1,1.5,3.9,7.3,-0.6,1.9,5.7,3.8,6.7,4.2,-12.8,0.6,1.9,3.7,2.2,1.9,0.0,-2.4,0.0,1.1,0.2,-1.6,-3.2,-7.2,-4.0,2.8,-0.2,0.3,-12.6,0.1,-6.0,-0.1,-3.6,-6.4,-2.0,-1.7,-2.5,-2.5,-1.3,3.9,-0.1,1.7,4.4,7.1,2.4,4.2,7.3,1.9,3.0,4.6,6.3,-4.2,-7.3,7.9,-11.4,5.1,2.2,-2.2,-2.0,0.7,-11.8,-0.3,-1.9,-0.8,0.1,1.9,-13.6,-1.7,4.9,-10.2,-8.0,-3.7,2.6,0.4,-1.8,2.4,-0.8,0.6,-9.7,1.5,0.2,2.5,4.3,-3.1,5.2,-1.5,-8.6,-4.1,-2.7,-2.7,6.0,0.0,-3.6,-3.5,-9.7,-6.4,-8.2,-8.7,2.9,8.5,-2.2,-1.1,0.8,0.7,2.6,-1.1,3.8,0.6
2C7L51Hm5b,0,48.107889,11.625751,4442118.8,2778480.26,539.7,585.4,290,7331,2.3,0.86,0.37,32.65,348.97,-0.529,-0.103,0.842,-0.6,0.1,-0.7,0.17,1.3,0.1,-0.3,-1.3,-0.8,1.1,0.1,-2.5,2.5,-0.2,-0.2,-0.2,8.0,-1.3,2.6,-0.5,-0.4,-5.6,-5.6,-6.5,-4.5,-5.1,-3.9,-2.3,-6.7,-1.6,-1.4,1.0,-0.8,-0.7,12.8,0.4,-1.1,-9.2,-4.3,-8.6,-6.1,-1.7,-0.1,0.3,-0.1,1.8,-0.2,0.7,2.9,0.4,-0.4,-0.2,1.6,1.1,-1.1,0.7,-2.1,-0.4,3.4,3.1,1.9,0.7,2.3,1.7,2.8,2.7,3.9,-0.5,1.9,2.6,1.4,1.1,-2.0,-1.2,-0.2,1.3,0.0,-2.2,0.5,-1.6,0.6,0.9,0.1,1.5,-0.0,-0.8,-2.6,-0.8,-3.8,-2.0,-2.6,-2.9,0.7,-0.0,-0.0,-0.0,-2.5,-0.3,-0.4,-2.5,-4.4,-0.2,1.7,-3.0,-1.7,0.3,2.0,0.9,1.2,2.6,0.4,1.1,1.3,0.4,-0.3,0.1,-0.5,0.9,-1.2,-0.1,0.2,-0.8,2.6,-4.2,-1.3,0.4,1.3,0.9,1.6,-2.5,2.0,-0.8,-1.6,0.1,-0.3,-3.9,-2.4,-2.5,1.5,-2.5,-1.7,-2.1,-2.7,-3.2,-2.3,2.6,3.9,-1.2,-0.5,-1.3,-0.7,-1.7,-0.4,-2.7,-0.2,1.6,0.5,-0.2,1.9,0.9,-0.0,1.1,-0.2,-1.8,-2.4,-1.5,-1.1,0.3,-1.6,-2.8,-3.5,-5.1,0.1,-4.2,-2.4,-0.2,-1.8,-4.3,-5.0,-4.4,-1.4,-2.7,-0.8,-1.2,0.7,-1.3,-1.7,-0.8,1.2,-3.7,-3.5,-2.9,-2.5,-2.4,-2.6,-3.2,-6.1,-3.7,-5.3,-4.7,-7.4,-8.8,-2.1,-4.3,-1.2,-4.9,-3.2,-3.8,-3.0,-3.8,-0.9,-4.0,-0.3,-2.9,-2.3
2C7L51Hm8t,0,48.109372,11.637303,4442975.71,2778664.07,534.6,580.3,290,7535,3.2,0.81,0.51,32.7,348.97,-0.53,-0.103,0.842,-0.8,0.2,0.2,0.24,1.2,0.2,-0.3,-1.0,-1.4,-2.8,-2.3,-3.0,-0.9,-1.7,-2.6,-3.1,-2.3,0.2,0.5,-3.2,-1.6,-0.2,-0.7,0.7,-2.2,-3.4,-3.8,-3.0,-2.1,0.2,-3.8,-1.5,3.1,-1.7,0.2,0.3,1.5,-7.9,-10.9,-4.5,-3.7,0.3,-5.8,-2.5,-1.1,-5.0,-3.3,-2.1,0.6,-5.9,-6.7,0.2,-6.0,-1.8,-3.9,-4.1,-5.2,0.3,-2.9,-4.7,-3.4,-2.6,0.2,-1.2,-2.6,-4.9,-3.1,-0.5,-2.9,-0.5,-1.8,1.6,-1.0,-2.3,-5.4,-2.8,-1.4,-2.2,-1.0,-1.7,-2.0,-4.5,-0.8,-0.8,-1.4,-1.7,-6.5,-3.4,-11.2,-9.2,-5.5,-8.8,-7.3,-21.1,-5.1,-9.4,-4.6,-5.1,-1.7,-2.7,-6.1,-3.4,-0.2,-2.0,-9.9,-4.2,-4.6,-4.9,-5.8,-1.4,-0.6,-4.5,-3.7,-4.4,-4.5,-2.1,0.2,-3.1,-4.2,2.0,-3.1,-6.4,-3.7,-1.4,-6.4,-0.8,-0.3,-0.3,-2.7,-1.2,-0.9,-2.0,-4.3,-0.4,-5.3,-6.5,-6.1,-7.3,-0.2,-1.9,-4.5,-14.7,-21.6,-5.3,-7.2,-6.8,-2.9,-1.9,-2.5,-3.3,-6.2,-2.5,-3.5,-6.7,-4.1,-4.5,-11.0,-1.6,-1.3,-3.2,-7.7,-3.3,-2.1,-5.3,-1.0,-12.0,-10.8,-3.7,-16.2,-5.6,-6.3,-3.3,-3.2,-3.3,4.6,-0.7,-3.2,-7.6,-5.4,-5.3,-1.7,-4.5,-5.4,-4.7,-3.4,-0.1,-3.2,-3.0,-1.6,-5.5,-4.6,-3.5,-3.7,-6.3,-5.5,-5.1,-5.9,-6.9,-6.6,-6.1,-6.9,0.9,-7.2,-3.8,-5.8,-6.5,-6.2,-9.8,-4.2,-8.2,-10.2,-6.4,-4.3,-11.4,-6.0
2C7L51Hm4J,0,48.107321,11.621188,4441780.26,2778409.72,539.4,585.1,290,7251,3.4,0.74,0.45,32.6,348.93,-0.529,-0.103,0.842,-0.8,0.2,-0.57,0.26,0.6,0.2,-0.3,7.9,0.6,8.1,-0.4,-0.6,4.2,-2.5,-1.5,-3.6,3.2,-4.7,-10.7,-6.6,-3.5,-0.1,1.7,2.2,3.2,-7.2,5.3,-7.1,-1.1,-1.9,-6.8,7.5,1.9,3.2,1.6,-5.4,-3.6,0.9,-6.4,-2.6,-3.4,-4.4,0.9,-4.2,2.7,3.9,1.9,-2.0,-2.6,-0.3,2.3,-2.1,-2.6,-3.6,-0.6,-3.5,3.6,-2.4,3.0,-0.1,0.9,1.9,-0.6,3.1,1.3,5.1,3.2,-2.9,1.9,-3.0,-1.1,5.2,1.5,-3.1,5.2,-0.9,-1.5,3.0,0.9,0.5,1.0,-1.6,1.0,0.3,1.5,0.3,0.3,-1.4,-1.3,-4.7,-3.3,-4.3,-0.5,-1.5,-4.9,0.6,3.0,1.7,-9.9,-6.0,-0.8,-1.7,-5.4,-5.1,2.3,1.2,0.4,-3.4,1.6,0.8,0.1,-0.1,-3.4,1.8,3.1,-0.9,-0.8,-0.8,0.1,0.1,5.4,-0.5,-3.3,4.3,-3.0,-5.1,0.4,2.6,0.4,-1.6,0.0,-1.1,-10.4,3.3,0.6,-1.0,-0.1,-3.5,0.6,-3.3,-2.4,2.2,-3.2,0.4,1.1,0.7,-4.5,-2.1,-3.0,-5.8,-3.0,3.4,3.1,0.9,-7.0,-0.8,-1.0,2.3,-4.6,0.5,2.7,-0.5,-2.2,-4.9,-4.9,-1.4,-1.2,10.9,0.0,-1.1,-2.8,-3.5,-4.2,-5.8,-0.7,-2.5,-4.8,-4.0,-4.0,-7.4,-9.0,-0.5,7.3,-1.9,-7.7,-11.7,-4.5,-3.0,-3.6,-5.5,-8.3,-2.5,-3.3,-0.9,-2.4,-4.9,-5.0,-6.0,0.8,-4.1,3.2,-5.9,-3.7,-2.8,-1.6,-6.3,-3.5,-10.9,-6.8,-7.8,-1.8,-3.3,-5.1,-1.7,-3.3
2C7L51Hm4a,0,48.107436,11.622083,4441846.65,2778423.96,535.5,581.2,290,7268,4.1,0.67,0.48,32.6,348.93,-0.529,-0.103,0.842,-0.2,0.2,-0.65,0.32,2.1,0.3,-0.3,4.2,2.9,-2.0,0.8,-3.7,-5.7,4.1,-3.3,3.7,-11.3,-1.7,-5.7,-0.4,-0.1,7.3,-10.5,-0.6,-1.7,-5.8,-5.1,1.8,-4.0,-0.7,-3.7,-1.8,-17.4,-7.7,4.5,-6.5,-6.9,-22.4,-10.4,-11.7,-7.3,-7.6,-8.2,-7.7,-6.4,-2.7,-6.8,-1.2,-0.4,-3.4,-3.0,-4.3,-2.6,1.7,-1.5,-3.7,1.0,-5.0,-3.6,-4.4,-4.9,-3.3,-5.4,1.5,-3.0,-5.9,-8.0,-6.7,-6.4,3.5,-5.5,-17.3,-0.8,-4.5,-12.0,-3.0,-4.3,2.5,-4.4,1.9,-5.4,-4.9,-4.2,-5.9,-2.4,-3.6,-6.4,-5.0,-7.2,0.1,-0.9,-0.5,-8.2,-6.1,-6.1,-5.4,-6.8,-6.9,-13.7,-20.8,-3.8,-2.2,-3.2,0.1,-8.0,-7.0,0.3,-2.0,-4.5,-3.5,-7.3,-4.7,-5.8,-11.5,-10.6,-3.0,-2.2,-4.0,-1.4,-2.2,-3.4,-2.3,-1.1,-1.2,-2.1,-1.9,-2.7,-1.9,-4.1,-1.8,-4.9,-2.2,-4.5,-0.7,-8.0,0.4,-4.1,-17.7,-4.4,3.5,-1.6,-5.8,-6.1,-2.3,-2.3,-4.3,-1.6,-0.8,-0.1,-5.4,-2.4,0.1,-2.5,7.8,-2.0,-0.8,-1.1,2.3,5.5,-2.6,-1.5,-5.3,-1.7,-3.6,-5.6,-3.5,-4.1,-2.4,-6.4,-2.4,-1.9,-3.5,0.1,-10.4,-5.9,-0.7,-6.5,-7.0,-7.2,-0.9,2.2,3.0,2.4,-3.0,-3.4,-3.6,-2.0,-3.0,-2.8,-2.8,-3.5,-5.1,0.5,-2.1,-6.3,-6.2,-6.2,-6.0,-7.6,-6.9,-5.1,-7.8,-6.2,-20.0,-20.1,-0.9,-12.5,-11.7,-5.9,-7.8,-4.9,-2.6,-5.6,-4.5,-4.7
2C7L51Hm56,0,48.107666,11.623871,4441979.25,2778452.41,534.7,580.4,290,7300,1.8,0.91,0.28,32.64,348.97,-0.529,-0.103,0.842,0.4,0.1,0.29,0.14,1.0,0.1,-0.3,-0.9,0.7,-0.2,-1.5,-1.3,-0.1,-1.6,-1.5,-2.6,-0.7,-0.4,-1.0,0.1,-0.4,-0.7,0.1,-1.1,-0.6,-0.9,-2.7,-1.0,-3.2,-2.3,0.2,1.4,-0.3,-1.0,-3.0,-3.7,-2.5,6.1,-3.9,-5.0,-5.7,-4.0,-4.7,-1.9,-2.0,2.0,-1.0,0.6,0.1,0.4,-2.0,-0.9,-1.4,0.9,-2.5,-1.3,-1.9,-2.1,-1.8,-0.5,-0.2,-0.3,-0.4,-1.7,-1.0,-2.1,-2.2,-0.5,1.5,0.6,1.5,-3.0,-1.4,-1.7,4.4,-2.0,-2.3,-2.7,-1.4,-2.5,-0.4,0.5,-0.8,-0.1,-0.8,-0.4,-2.1,-0.7,-4.5,-4.8,-4.0,-4.6,-2.3,-1.2,0.9,-1.9,-1.1,-0.6,-4.0,-3.4,-2.1,-0.8,0.2,-2.5,-0.9,-0.5,-0.9,-0.3,-1.2,0.2,-2.8,-2.7,-0.5,-1.2,0.8,1.4,-1.0,-1.2,-1.4,-1.2,-0.2,-1.1,-4.2,-3.5,-3.6,-2.9,-1.1,5.0,-1.7,-2.5,-2.3,-0.7,-1.1,-2.7,-0.6,-1.1,-1.4,-2.4,-0.2,-2.2,-1.2,-1.9,-3.1,0.2,-1.1,0.2,2.4,-2.1,-2.4,0.8,1.2,-1.5,1.6,2.0,-0.4,-0.2,1.8,2.5,2.7,0.9,0.2,0.3,0.3,-2.1,-0.3,-0.8,0.3,-2.4,-2.5,-0.7,-3.1,-5.2,2.0,-2.0,-1.7,0.5,-0.2,1.5,-0.4,-1.5,-1.5,2.6,2.1,0.9,4.7,1.8,3.6,3.4,-0.6,2.2,-0.9,0.0,2.5,-1.0,-1.1,-2.2,-0.1,2.6,-3.7,-2.5,2.7,-6.8,0.1,-2.2,-0.7,-2.8,2.3,1.7,-0.2,2.1,2.7,4.8,2.9,2.5,1.6
2C7L51Hm57,0,48.107666,11.623869,4441979.15,2778452.39,531.9,577.6,290,7301,3.1,0.8,0.43,32.64,348.97,-0.529,-0.103,0.842,0.7,0.2,-0.02,0.24,0.5,0.2,-0.3,-2.1,-0.2,-1.9,-1.2,-0.9,-2.3,-0.5,-2.4,-0.6,-5.8,0.4,-1.1,1.2,0.3,-0.3,-0.7,0.1,0.1,0.5,0.6,-0.8,0.6,-0.4,2.8,2.3,-1.0,0.2,0.1,-1.3,-0.6,5.2,-5.1,-3.0,-6.1,-2.2,-1.1,1.4,-3.2,3.7,-0.6,1.4,0.4,1.9,-2.7,-1.6,0.8,2.8,-3.1,-1.6,-0.4,-1.0,-3.7,0.7,1.4,0.6,1.8,-2.8,0.6,0.6,-2.3,-4.0,0.3,1.9,-1.5,0.4,1.0,-2.1,0.1,-2.5,-3.4,-5.2,0.9,-3.1,1.0,0.8,0.3,-1.4,-0.8,-1.4,-11.6,-1.2,-4.1,-1.4,-4.2,-0.0,-0.9,0.1,-0.9,-4.2,0.4,-1.3,-3.2,-3.8,-3.5,-1.0,-2.2,-4.5,10.1,-2.1,-0.4,-1.6,0.3,3.6,-1.2,-4.3,1.6,0.8,3.4,4.2,-0.1,-0.8,-1.8,1.1,-1.0,-3.6,-3.9,1.2,-6.6,-2.1,0.8,3.5,-1.9,-0.3,1.5,1.1,3.5,-0.1,-0.0,-1.9,0.3,2.0,2.6,-1.3,2.4,3.3,-0.3,3.3,2.5,2.9,6.6,1.6,3.0,1.6,4.0,1.7,0.7,2.8,6.5,4.4,3.6,6.2,4.1,2.1,6.0,1.7,0.7,0.2,3.1,0.3,1.8,-1.4,3.2,2.1,-2.0,-5.9,5.4,3.4,1.0,3.1,-3.9,1.3,-0.4,0.0,2.4,2.9,0.8,-3.6,2.4,11.2,-2.2,0.7,-3.4,2.7,-0.0,-0.2,0.1,2.4,1.3,2.8,6.8,10.2,-6.2,-6.5,0.6,10.8,-3.1,-8.0,4.2,-6.5,8.2,5.8,6.2,0.9,1.8,4.4,1.1,0.9,5.1
2C7L51Hm5D,0,48.107741,11.624462,4442023.09,2778461.79,542.5,588.2,290,7307,4.1,0.66,0.44,32.64,348.97,-0.529,-0.103,0.842,-0.9,0.2,0.17,0.32,1.4,0.3,-0.3,1.8,-0.4,3.6,1.2,2.1,1.4,-2.8,-5.1,-2.2,-6.3,4.1,-0.2,9.6,0.9,4.0,-3.9,1.3,-8.1,2.4,-4.2,-6.8,-7.7,-7.1,-8.1,-1.4,2.8,-8.9,-3.0,-7.5,-8.5,-6.6,-2.9,-8.2,-4.8,-5.0,-1.3,-2.6,-1.8,3.7,-2.3,-2.6,-3.2,-6.0,-3.8,-3.9,-5.3,-10.6,-6.9,-6.4,-4.1,6.2,-10.4,-4.5,10.0,-14.6,-4.6,1.9,-3.5,-1.6,-3.3,-2.9,5.8,-1.7,-4.6,-12.9,-11.1,-5.9,-5.8,-3.0,-2.9,-3.8,-2.3,-5.1,0.6,6.5,-3.8,2.6,-3.1,0.8,-3.8,-4.3,-8.3,-7.1,-6.4,-3.4,-3.9,-6.1,-6.5,-5.2,-8.3,-6.3,-12.9,-13.7,-1.9,-2.8,-5.9,-15.5,-4.6,-4.2,-6.5,-4.5,-5.4,-5.5,-6.9,-5.5,-5.2,-8.9,-5.4,-6.1,-5.9,-4.1,-5.4,-6.8,-4.7,-3.3,-4.7,-6.2,-5.0,-8.1,-4.7,-10.2,-3.5,-2.4,-0.1,-5.0,-4.4,-8.1,-4.4,-12.7,-4.1,-8.9,-4.6,-5.9,-5.1,-3.1,-5.4,-0.6,-4.7,-2.2,2.8,-5.2,-4.1,-6.4,-3.7,-8.2,-6.4,-13.5,-7.4,-3.2,-2.3,9.5,0.1,0.3,-1.0,-2.2,-0.3,8.5,-3.2,-8.1,3.7,-4.8,-2.9,-5.1,-4.6,-4.9,-14.6,-6.5,-3.1,-11.3,-3.7,-6.3,-13.7,-10.2,-2.8,-14.5,-4.6,-2.1,-7.4,-5.2,-13.8,-9.8,-4.8,-6.0,-7.1,-6.5,-4.7,-5.4,-5.3,-7.6,-8.9,-11.7,-9.9,-9.0,-7.4,-9.9,-10.6,-6.0,-4.5,-10.8,-5.4,-18.7,-5.0,-3.5,-6.2,-1.9,-6.5,-5.8,-5.6
2C7L51Hm5c,0,48.107895,11.625655,4442111.62,2778480.8,530.4,576.1,290,7332,3.3,0.75,0.48,32.65,348.97,-0.53,-0.103,0.842,-0.9,0.2,-0.81,0.26,1.2,0.2,-0.3,1.8,3.5,1.9,2.1,0.2,1.9,0.7,1.0,-0.1,-10.8,2.0,0.7,0.4,0.8,-1.7,-1.3,-2.5,-1.6,-2.7,-5.9,-5.2,-3.2,-3.7,-4.4,-1.5,-0.9,-0.8,0.3,-5.3,-5.1,-11.5,-4.0,-8.0,-5.3,-5.1,-7.3,-4.3,-2.3,2.0,-4.3,-2.1,12.5,-2.5,2.0,-2.9,0.8,-0.9,-1.3,-1.2,-4.3,-2.7,-5.0,-6.7,-6.6,-6.0,-4.1,-9.9,-7.4,-6.9,-0.6,-7.0,-3.0,-4.5,-3.5,-2.6,4.4,-3.6,-6.6,-3.3,-3.9,2.0,-0.7,-0.2,0.2,0.0,-1.2,-1.8,-0.2,-2.8,-1.7,-2.9,-3.4,-2.5,-4.5,-4.9,-6.2,-1.4,0.1,0.4,-7.8,-2.3,-4.9,-4.5,-9.7,-6.9,-1.6,-3.0,-0.7,-1.7,-2.8,-2.6,-1.7,-2.0,-0.3,-1.5,-1.2,0.3,-2.3,2.9,-2.4,-1.7,1.0,0.2,-0.8,-7.5,-6.5,-12.7,-8.5,-1.7,1.4,2.6,0.6,0.9,-0.7,-0.9,-1.9,3.7,1.0,-2.9,-4.0,-8.8,-2.1,-1.9,-2.6,-5.4,-5.5,-1.2,-4.6,-0.8,2.0,-4.1,-6.9,-0.5,-0.9,-6.0,-3.6,-2.6,-3.9,-6.6,-2.4,0.1,2.2,-3.5,-3.7,-1.6,-1.6,-2.6,-3.1,-5.2,-4.6,-1.9,-2.4,-8.5,-8.0,-8.1,-3.9,-4.9,-4.5,-1.6,-1.9,-2.6,-3.7,-8.1,-4.9,-4.5,3.0,-2.2,-3.8,10.0,-4.0,-2.0,-3.3,-3.6,-4.6,-3.9,-6.2,-10.4,-7.0,-8.2,-8.0,-6.0,-8.2,-3.9,-13.9,-15.4,-6.6,-4.4,-7.4,-12.5,-6.0,-16.3,-8.7,-10.3,-8.8,-5.9,-6.8,-5.9,-3.9
2C7L51Hm6V,0,48.108308,11.62887,4442350.12,2778531.95,535.3,581.0,290,7387,3.6,0.73,0.49,32.66,348.97,-0.53,-0.103,0.842,-1.3,0.2,-0.38,0.27,1.2,0.2,-0.3,1.6,-1.2,1.1,4.2,2.5,2.2,2.8,0.5,-0.7,-1.0,-2.8,2.9,1.4,-3.9,-2.7,-2.2,-5.9,-0.8,-4.2,-3.1,-4.4,-1.3,-5.1,-2.6,-1.0,3.0,-2.1,0.1,-1.1,-9.1,-9.4,-11.4,-4.6,0.5,-14.4,-3.0,-0.2,12.3,1.8,-0.0,-2.6,-4.9,-3.4,-4.1,-4.7,-7.6,-2.7,-3.5,-5.7,-0.5,-5.9,-7.9,-3.5,3.7,-0.1,-3.4,-0.4,2.2,-0.2,4.9,2.3,-1.5,7.4,1.8,0.6,0.2,-1.3,4.9,4.8,-2.8,2.4,-12.9,-0.4,0.0,8.8,-6.3,-3.9,-2.2,-5.7,0.3,-4.7,-2.5,-5.6,4.1,2.8,-1.7,-0.3,-5.6,-5.7,-2.0,-1.0,5.1,-7.8,-10.0,-6.7,-5.2,3.5,-4.4,-4.4,-5.9,-1.6,-0.5,-3.4,-5.0,-4.0,-5.9,-5.7,-5.4,-4.9,-6.4,-5.1,-3.5,-5.0,-6.0,-4.7,-1.0,-0.6,-8.6,-1.8,-6.3,1.9,-1.7,-2.5,-2.4,5.1,-5.5,-1.2,-2.9,-1.5,-4.9,-4.3,-4.9,-1.0,-8.1,-5.0,-4.7,-2.1,-1.4,-0.7,-0.9,-0.0,-0.7,-6.4,-5.8,-4.9,-5.5,-2.2,-0.7,-4.1,-4.5,-1.9,-13.5,-6.0,-3.7,-3.7,-5.8,-6.1,-6.0,-7.7,-7.5,-0.8,-7.1,-7.2,-4.0,-6.3,0.8,-4.4,-3.2,-4.1,-3.4,-11.2,-6.0,-3.2,-3.8,-1.0,-1.5,-6.1,-4.3,-4.6,-8.2,-3.7,-6.8,-0.9,-10.4,-9.8,-8.0,2.1,-5.2,-7.3,-8.3,-6.3,-7.3,-8.9,-8.1,-8.4,-13.2,-8.5,-10.6,-4.9,-9.2,-6.9,-4.1,-6.2,-5.6,-8.5,-9.7,-8.3,-7.5
2C7L51Hm6d,0,48.108367,11.629333,4442384.47,2778539.32,534.4,580.1,290,7395,3.9,0.69,0.44,32.66,348.97,-0.53,-0.103,0.842,-0.4,0.2,-0.59,0.3,1.6,0.3,-0.3,-4.9,-2.6,2.7,5.0,1.6,-6.7,2.8,-0.9,1.9,-7.8,-0.7,-1.5,3.5,2.1,5.1,5.6,4.7,3.5,4.9,3.4,5.2,5.8,5.4,6.5,4.5,6.3,3.2,3.7,3.6,3.0,-8.2,1.1,3.9,5.2,0.1,6.6,4.7,4.7,8.5,2.9,8.7,4.3,5.3,9.2,5.5,7.0,7.6,4.3,10.0,-3.2,5.4,-9.3,-3.0,2.6,3.9,-0.8,-0.8,-2.7,-4.4,-6.1,-0.8,0.7,2.9,-0.0,4.7,4.1,-4.4,-12.9,2.1,1.3,13.9,1.5,-4.8,4.4,2.4,4.7,3.7,5.0,5.4,3.1,3.0,1.3,3.9,2.8,3.2,6.0,6.2,5.9,6.0,4.3,4.0,3.9,-2.8,-0.2,0.9,3.0,-4.9,5.6,4.2,1.8,5.0,2.3,3.5,4.4,4.0,6.4,7.1,5.2,5.4,5.7,8.5,4.7,4.7,1.5,2.5,2.3,-6.7,2.6,8.2,1.2,1.4,4.1,5.3,2.0,3.2,2.8,1.7,2.9,3.3,3.4,3.4,4.6,2.0,2.0,1.5,3.7,2.9,6.4,5.0,8.9,0.2,1.9,2.2,4.4,3.8,2.4,7.9,0.3,3.3,2.9,1.0,5.5,2.6,1.7,3.2,5.1,3.7,4.6,3.0,2.5,1.2,1.4,3.6,0.5,-0.2,7.9,2.2,4.9,0.9,3.2,1.7,0.9,-6.7,1.8,0.7,-4.6,-11.8,-4.2,-2.5,0.3,2.0,-0.0,-6.4,-1.6,-5.4,9.1,-5.1,2.2,0.9,-3.9,3.1,0.4,4.9,3.7,2.6,-3.4,2.3,4.7,-1.8,11.0,-5.8,-0.1,10.4,6.5,8.5,1.7,1.1,-12.8
2C7L51Hm6U,0,48.108323,11.628844,4442348.11,2778533.59,537.0,582.7,290,7386,1.6,0.94,0.28,32.66,348.97,-0.53,-0.103,0.842,-0.6,0.1,0.1,0.12,0.3,0.1,-0.3,0.1,0.4,0.3,-0.6,-0.1,0.7,1.2,0.0,-0.5,-0.1,0.2,-0.3,-0.3,-1.2,0.4,-0.4,-1.3,-1.3,-2.4,-0.7,-2.4,-0.8,-1.2,-0.0,0.4,2.4,-1.0,1.1,1.2,-1.2,-8.2,-5.0,-0.9,0.1,-2.1,-1.3,0.3,3.0,4.3,1.1,0.7,-0.5,1.0,-2.8,-1.4,-0.4,-1.8,-0.1,-0.7,0.3,-1.4,-2.1,-0.8,0.2,0.1,0.0,-0.3,-1.2,-1.0,1.4,1.1,-0.1,6.0,1.3,1.1,0.6,-0.9,1.4,-0.2,-2.0,-1.2,-0.3,-1.1,0.8,0.3,-1.1,-2.5,-0.9,-1.7,-0.7,-1.1,-2.7,-2.7,0.1,-1.1,0.8,1.0,-0.4,-0.8,-1.1,1.2,-2.6,-6.3,-6.9,-3.5,1.2,1.6,-2.5,-1.7,1.1,0.3,0.5,0.0,-0.8,0.3,-0.7,-2.1,0.7,-0.0,-1.6,-1.0,-3.7,-2.3,-3.9,-2.7,-2.1,-2.4,-4.9,-2.2,-2.5,-2.0,-2.4,-0.6,-1.8,-1.1,-1.3,-1.7,-0.8,-2.2,-1.5,-1.9,-2.6,-0.8,-3.6,-3.1,-1.0,-2.3,-3.0,1.2,-0.0,-0.2,-3.0,-2.2,-3.1,-1.2,-0.7,-1.3,-1.2,-1.4,-1.5,-1.5,-1.6,-1.7,-2.1,-1.4,-3.0,-1.6,-4.6,-3.1,-3.9,-0.8,-2.4,-1.7,-3.6,-2.3,1.5,-2.6,0.1,-0.5,-0.3,-1.0,-4.0,-3.9,-2.7,-3.5,-2.9,-3.4,-2.9,-4.7,-5.2,-3.2,-3.7,-5.0,-3.6,-2.6,-2.9,-1.4,-1.3,-4.3,-4.1,-0.5,-4.4,-4.8,-3.0,-1.4,-1.8,-4.5,-0.8,-2.5,0.6,-4.1,-2.0,-3.4,-2.2,-2.2,-2.2,-1.7,-2.8
2C7L51Hm8r,0,48.109379,11.637074,4442958.57,2778664.54,531.6,577.3,290,7533,2.9,0.82,0.4,32.7,348.97,-0.53,-0.103,0.842,0.1,0.1,-0.24,0.22,0.9,0.2,-0.3,-0.2,2.3,-1.5,0.4,6.2,1.9,-0.0,-1.7,-4.0,3.1,-5.4,0.9,-2.6,2.5,0.5,6.4,2.1,-2.5,-3.7,-9.8,-16.0,-7.4,5.7,1.5,0.8,-1.7,0.1,1.3,-2.5,4.2,-2.6,-3.4,-3.3,-0.0,3.4,1.1,-3.5,0.9,0.9,-0.4,2.0,1.1,-2.1,2.2,1.8,-1.4,3.5,-0.3,-0.6,1.0,-4.2,-3.0,-2.6,-1.7,2.2,0.2,3.2,-1.2,-0.5,-1.1,3.1,2.3,1.2,-3.0,3.0,1.8,1.1,2.2,-0.7,-1.4,1.9,-1.7,1.6,-1.4,-0.2,3.0,-1.8,2.1,1.2,0.3,-0.6,-1.1,0.7,-9.7,-4.5,3.7,0.1,-0.9,-7.5,-5.4,0.5,3.2,1.4,-0.7,0.5,2.2,2.5,3.0,0.4,0.8,2.8,3.1,5.7,-0.9,7.3,-0.5,1.9,-0.1,3.6,0.3,6.8,2.7,1.9,2.3,2.9,-2.0,1.9,3.5,2.1,0.4,1.7,-0.8,1.5,-2.1,-2.1,1.8,1.7,-4.2,-1.4,-4.4,-2.8,6.1,0.7,3.4,-3.3,-2.2,0.4,1.8,0.7,3.1,1.2,-1.2,-7.2,-4.0,2.8,0.4,2.6,1.1,0.6,1.6,1.5,0.6,1.3,-0.1,0.4,3.1,0.4,1.3,-0.6,-0.2,5.2,0.4,-2.8,-10.1,-4.6,1.5,0.2,2.1,-1.4,-1.0,1.2,-0.5,-3.0,2.1,0.8,1.0,-0.2,3.2,4.7,2.1,-0.0,1.3,1.1,0.3,1.1,0.5,4.7,0.3,0.9,-1.5,0.1,2.3,-1.7,-1.5,1.5,0.4,0.0,0.4,2.3,0.6,0.6,-1.2,0.2,-0.2,2.1,0.6,-0.7,0.5
2C7L51I37h,0,48.107533,11.622548,4441881.02,2778435.46,544.1,589.8,291,7273,2.7,0.82,0.41,32.6,348.93,-0.529,-0.103,0.842,-0.9,0.1,-0.06,0.21,1.8,0.2,-0.3,-2.1,1.1,-0.3,-0.4,0.2,-2.0,0.0,0.6,-1.1,-0.4,-0.0,-2.3,11.9,-0.7,2.5,-1.1,-5.4,-3.0,-8.1,-10.0,-1.0,-3.9,-3.5,-3.4,-3.0,-4.2,-2.3,-4.9,-3.8,-8.9,4.8,-7.1,-10.0,-7.8,-4.6,-7.3,-8.4,-0.2,-5.0,-2.8,-4.4,-3.7,-4.0,-6.7,-1.1,-3.9,-3.8,-4.4,-1.4,-3.1,-4.5,-1.8,-2.2,-1.2,-0.1,-3.1,-2.3,-0.5,-1.2,-2.3,-3.7,-1.1,-1.5,-1.9,-3.1,-2.8,-5.4,-2.6,-4.3,-2.3,-3.3,-3.3,-2.1,-2.3,-1.9,-2.1,-3.8,-4.9,-4.2,-6.0,-3.7,-5.6,-3.9,-6.3,-7.4,-16.5,-6.6,-6.0,-6.8,-7.2,-5.3,-4.7,-5.3,-3.0,-4.3,-3.1,-6.1,-5.0,-4.4,-2.4,-0.2,-4.8,-0.0,-2.3,-14.6,-7.9,-2.4,-0.4,-3.1,-0.9,0.2,-2.3,-0.8,-2.4,-1.4,-3.4,-3.4,-1.8,-3.8,-1.3,-2.4,-2.0,-2.1,-3.9,-5.8,-8.0,-1.5,-3.9,-5.3,-3.2,-0.1,-4.3,-7.0,-5.0,-4.3,-2.3,-4.6,-4.2,-0.6,-2.0,-7.5,-7.5,-4.0,-3.2,-4.7,-3.4,-2.7,-2.9,-1.8,-3.0,-0.8,-1.1,-4.2,-4.5,-2.8,-2.4,-4.5,-12.5,-4.7,-15.2,-6.6,-7.2,-3.4,-4.2,-4.2,-6.3,-7.6,-7.2,-1.1,-7.5,-10.3,-8.0,-9.6,-3.4,-4.6,-4.5,-6.7,-4.3,-7.7,-3.3,-4.1,-1.8,-6.4,-4.2,-3.1,-9.3,-3.3,-8.9,-6.4,-7.1,-2.5,-9.7,-11.9,-8.0,-11.6,-9.4,-6.0,-10.1,-8.7,-4.4,-4.2,-3.3,-5.6,-6.9,-5.5,-6.7,-5.5,-4.4
2C7L51I397,0,48.108168,11.627494,4442247.96,2778514.17,542.1,587.8,291,7361,3.6,0.7,0.45,32.65,348.97,-0.53,-0.103,0.842,-2.2,0.2,-0.16,0.29,1.9,0.2,-0.3,0.3,-0.0,0.8,0.8,0.2,0.2,0.8,1.1,0.8,4.0,1.1,0.5,1.1,-0.2,-1.4,0.2,-1.1,-2.3,-2.8,-5.1,0.9,3.1,-5.7,-6.3,-0.2,-2.8,-0.7,-7.0,-1.7,4.8,-14.9,-5.6,-5.8,0.2,-4.1,-4.3,2.6,-0.3,1.1,7.2,-2.7,-1.4,0.7,-3.0,1.3,-0.1,2.5,0.8,-2.3,-0.7,-2.8,1.2,1.5,2.3,1.7,1.0,-1.6,0.5,-1.3,-0.7,0.2,-1.0,0.5,-2.9,-3.9,-2.1,-2.1,1.3,-2.5,1.9,1.1,0.7,-0.8,-0.6,-1.8,0.4,-6.2,-4.0,2.0,-2.5,1.8,-2.7,-1.4,-2.6,-1.0,-2.3,0.6,-1.3,-6.7,-5.3,1.0,-6.9,1.8,-7.9,-1.6,2.8,0.7,-1.9,-0.5,1.9,5.8,2.1,3.7,-0.4,-20.0,1.0,0.8,-1.2,2.3,1.2,0.1,1.2,2.1,0.7,-3.5,-1.3,-2.5,-2.9,0.2,-1.6,-1.0,0.0,-1.5,-0.0,2.1,-6.0,1.6,-8.4,0.7,-2.5,-17.0,-8.7,-0.3,-11.2,-13.7,-9.1,-8.2,-12.1,-7.5,-2.2,-11.9,-4.1,-11.2,-7.9,-3.4,-5.7,2.0,-4.2,-4.0,-2.2,-5.4,-0.8,-4.8,-5.3,-0.6,-7.3,-11.8,-11.7,-10.2,-7.6,-12.3,-10.6,-6.7,-8.7,-11.4,-5.6,-9.4,-9.9,-12.4,-9.4,-12.4,-4.7,-9.9,-3.6,-11.0,-7.9,-4.9,-5.1,-22.8,-4.5,-4.7,-4.4,-17.3,-3.9,-5.3,-5.5,-5.8,-6.8,-10.8,-13.2,-7.2,-10.7,-13.8,-13.3,-12.3,-11.2,-11.1,-13.1,-8.3,-4.2,-6.0,-3.6,-11.7,-4.8,-3.1,-3.7,-4.8,-7.0
2C7L51I39c,0,48.108377,11.629122,4442368.72,2778540.08,535.1,580.8,291,7392,2.3,0.87,0.42,32.66,348.97,-0.53,-0.103,0.842,-0.8,0.1,-0.33,0.17,0.9,0.1,-0.3,1.0,3.1,1.6,0.4,2.0,0.3,3.1,-1.7,1.8,-5.1,1.1,1.1,2.3,-1.0,-1.7,-2.3,-9.7,2.7,1.8,-1.5,0.2,0.1,-1.0,-0.8,-5.8,4.9,0.6,1.6,-1.2,-5.5,-7.5,-7.5,-5.4,-3.1,-5.4,-4.2,2.8,-0.4,-1.5,-0.9,2.5,-2.0,0.2,-0.8,-2.1,-2.1,-3.0,-0.5,-1.8,-0.1,-3.1,-1.7,0.9,-0.5,0.6,0.5,-0.2,-0.1,0.4,-0.3,-0.4,0.4,-5.4,-0.4,-5.0,0.6,-1.8,-1.9,-1.7,1.5,-1.7,-1.3,-2.2,3.5,5.1,1.4,-1.6,-1.2,-1.3,0.6,-1.6,-4.1,0.2,-0.9,-2.7,-0.8,-1.3,1.2,-2.2,-1.5,-2.1,-2.7,-6.2,-5.0,-2.9,1.3,0.5,0.4,1.0,-0.6,0.9,-1.5,-0.3,-2.9,-0.8,-0.5,1.4,-1.7,-2.8,-2.0,-0.9,-0.7,-3.7,-1.2,-1.5,-1.4,-3.2,-1.3,-0.1,-1.6,-2.5,-1.0,1.5,-1.7,-2.0,-1.6,-0.6,0.2,-4.3,-4.2,-1.6,-1.3,-2.3,-0.9,-4.7,-2.3,-6.2,-4.7,-3.1,1.0,-2.3,-4.7,-2.7,-1.4,-1.3,-1.6,-2.1,1.2,-0.3,1.4,-3.1,3.1,-0.8,-6.0,-2.9,-2.5,0.2,-2.8,-2.9,-2.9,-1.2,0.5,-2.4,-3.0,-6.5,-0.7,-3.2,-0.1,-2.1,-2.8,-4.7,-7.2,-5.6,-4.3,-2.9,-2.8,-3.1,-1.1,-12.2,-1.3,-4.3,-3.5,-0.6,-0.7,-3.4,-2.5,-3.0,-4.2,-4.7,-8.0,-7.4,-5.4,-2.2,-5.8,-5.8,-7.7,-5.1,-6.0,-6.7,-4.5,-3.4,-5.7,-3.5,-5.5,-1.5,-2.5,-1.4,-2.9
2C7L51I39g,0,48.108411,11.629387,4442388.39,2778544.3,534.8,580.5,291,7396,3.0,0.79,0.41,32.66,348.97,-0.53,-0.103,0.842,-0.7,0.1,-0.25,0.23,1.5,0.2,-0.3,0.1,0.3,2.2,2.3,-0.3,1.0,2.3,2.3,1.5,-0.2,1.4,2.3,2.6,0.6,3.8,4.7,4.4,4.1,0.5,1.2,1.5,0.7,-1.0,4.1,2.2,1.3,2.6,3.5,0.9,-0.7,-8.8,-0.0,3.7,4.9,0.0,3.5,5.1,3.7,4.2,2.9,2.1,3.4,-0.6,6.5,3.6,1.7,-1.7,-2.1,-1.9,-1.0,-1.9,-5.2,-2.3,-0.8,-0.3,-3.0,-0.7,-2.3,-3.6,-3.3,-2.1,-1.6,-1.3,-3.8,-0.1,1.1,-4.4,1.6,-2.0,-5.3,-0.4,-3.0,-1.7,-2.1,0.5,2.9,1.9,3.0,5.9,1.8,2.6,1.1,1.6,1.7,2.6,7.0,2.3,4.2,1.6,-2.7,0.9,0.7,-3.3,0.2,-0.8,2.3,1.0,1.7,3.4,3.5,2.1,1.3,3.9,4.0,4.7,3.1,3.7,2.7,4.3,2.8,5.5,1.2,2.2,0.4,1.1,1.8,-2.9,0.4,2.0,-0.0,-0.2,-0.2,-0.2,1.4,2.6,-0.6,2.1,4.8,2.1,3.4,2.3,0.8,2.7,2.2,2.2,0.8,1.0,-2.4,3.5,2.3,-0.8,-1.5,-3.0,-2.6,-1.0,-2.8,-0.6,-2.1,-2.3,-2.6,-4.1,2.3,1.9,0.1,2.1,-4.1,-4.5,-5.8,-1.8,1.7,-0.7,1.0,1.7,-5.3,-2.7,-1.6,-2.7,1.8,-0.8,2.8,0.7,-2.5,-4.7,-0.1,-0.0,-3.8,-2.0,-2.9,-5.0,-4.5,-2.2,-1.8,-8.1,-1.1,-1.5,10.9,-7.6,-3.6,2.1,-10.6,7.9,2.0,3.4,8.1,-5.8,-5.6,14.0,-2.7,-3.7,-0.3,-5.0,-2.1,-2.3,-1.1,-8.0,-2.9,-3.9,-6.2
2C7L51I3Ad,0,48.10885,11.632809,4442642.22,2778598.74,537.9,583.6,291,7455,2.8,0.81,0.44,32.68,348.97,-0.53,-0.103,0.842,-1.1,0.1,-0.43,0.21,0.9,0.2,-0.3,-3.6,-2.0,-1.0,-1.5,-1.5,-7.6,1.5,0.5,4.5,-4.3,4.1,-0.1,1.2,1.7,3.1,3.5,2.2,2.1,0.0,0.5,0.2,0.8,-2.2,0.9,0.6,0.4,1.6,0.9,-1.4,-2.6,-6.5,-0.9,-2.4,-3.2,1.1,-0.7,-0.5,1.5,1.7,2.4,0.8,0.6,0.2,1.4,2.6,0.8,-0.7,0.7,-0.4,2.7,0.9,0.2,0.2,1.4,2.5,0.9,3.3,5.2,-2.1,0.7,-0.2,1.8,3.1,8.5,8.6,3.8,0.1,4.8,-1.9,-3.2,-7.4,-9.5,9.3,-7.9,8.1,0.7,-0.2,-0.6,3.2,4.9,-0.8,-0.4,1.8,-0.5,-1.1,-2.4,1.5,1.6,-1.4,-0.7,1.1,-1.5,-7.0,-0.3,-2.1,-0.6,-8.5,-1.0,-1.0,1.5,-0.2,2.2,0.3,3.4,2.3,-1.1,-2.5,2.1,0.6,-1.5,0.3,-3.5,-1.0,2.8,0.9,3.3,4.2,2.6,0.4,-2.0,3.2,-0.8,2.6,1.6,0.5,0.9,1.2,0.0,0.6,-2.0,-3.4,-2.7,-4.3,-5.4,-3.5,-5.5,-2.5,-2.6,0.5,0.2,-5.3,-5.4,-6.6,-3.0,-2.2,-3.0,2.3,-1.3,2.1,-4.6,-1.9,-2.2,-2.6,-1.0,-0.6,-0.8,1.4,-2.6,-0.9,0.5,-3.8,-8.2,-5.7,-6.1,-6.5,-2.8,-1.4,0.2,0.4,-0.6,-3.1,1.3,-5.1,-2.6,-6.8,-1.4,-5.0,-3.9,-2.2,-5.2,-5.5,-3.1,-5.3,-4.9,-2.4,-2.4,-6.5,-7.0,-3.1,-3.0,-5.8,-2.0,-8.0,-7.3,0.3,-0.6,-6.3,-2.6,-2.6,-7.0,-4.9,-3.5,-2.4,-2.3,-3.4,-2.5,-3.8,-2.6
2C7L51I37V,0,48.107467,11.621895,4441832.52,2778427.12,546.8,592.5,291,7261,3.9,0.67,0.56,32.6,348.93,-0.529,-0.103,0.842,-0.3,0.2,0.25,0.3,2.2,0.3,-0.3,-1.1,0.1,2.2,-3.8,0.1,-1.6,0.3,1.0,-0.8,-7.6,-2.4,-6.7,-3.3,-5.4,-8.4,-5.4,-5.5,-1.6,-4.4,-4.9,-3.5,-7.5,-2.4,-5.5,-2.9,-3.3,-3.6,-6.1,-5.9,-8.8,-0.8,-8.4,-9.7,-10.4,-9.7,-7.5,-6.4,-3.0,-3.4,-3.0,-4.0,-5.4,-4.0,-4.2,-4.7,-4.7,-5.9,-6.3,-6.3,-10.7,-17.3,-4.7,1.7,2.6,-3.6,5.7,-1.1,-2.1,-1.8,-9.9,-8.2,-2.5,-7.7,-2.7,-12.1,-9.2,-9.7,-6.7,1.4,-3.1,-6.1,-2.6,-8.4,-3.7,-10.1,-6.2,-7.0,-6.2,-7.4,-7.3,-7.5,-8.4,-5.0,-5.7,-4.9,-5.8,-7.0,-5.9,-5.7,-7.8,-6.9,-8.3,-7.3,-6.8,-6.1,-5.7,-7.8,-8.0,-7.1,-4.4,-5.2,-8.2,-6.7,-4.7,-7.3,-6.9,-8.7,-4.8,-6.9,-5.9,-7.6,-8.4,-7.3,-11.0,-8.0,-11.0,-10.8,-14.7,7.4,-9.4,-12.4,-7.2,-5.8,-8.9,-8.5,-6.0,-8.6,-6.9,-7.1,-7.5,-6.5,-5.9,-6.8,-6.2,-5.2,-6.5,-4.7,-5.2,-4.9,-4.5,3.3,-8.2,8.7,5.3,-0.8,-1.4,-6.7,8.5,-2.5,-3.6,-3.6,1.4,5.2,-0.2,-9.3,-8.4,-10.7,-9.1,-9.9,-5.7,-6.4,-6.8,-5.4,-8.0,-7.9,-5.9,-5.0,-5.9,-7.9,-7.8,-7.9,-8.9,-9.3,-12.9,7.0,-3.3,6.7,-0.8,-0.7,-0.1,-3.4,-1.9,-1.3,-7.1,-5.0,-9.9,-5.4,-7.6,-10.3,-12.2,-11.9,-11.6,-12.3,-14.6,-14.4,-11.2,-9.2,-11.1,-8.0,-6.4,-13.5,-2.2,3.4,-3.9,-8.3,-2.0,-0.2,-5.8
2C7L51I37d,0,48.107506,11.622194,4441854.74,2778431.91,538.3,584.0,291,7269,3.6,0.74,0.44,32.6,348.93,-0.529,-0.103,0.842,-0.2,0.2,-0.31,0.28,0.4,0.2,-0.3,-0.2,2.6,1.2,1.3,2.3,0.1,1.3,-1.5,-0.8,-7.4,1.8,-2.1,-1.3,2.6,-0.6,-0.4,-3.1,-2.3,-1.6,-4.2,1.1,-0.4,-8.1,-2.0,-0.2,4.2,7.6,0.4,-4.2,-1.9,4.3,-3.5,-6.2,-4.0,-2.8,-3.5,-5.0,-1.3,2.9,0.9,2.4,0.4,0.2,-2.6,-0.7,0.9,-8.8,3.4,0.7,-2.2,-7.9,2.4,0.4,2.3,0.2,-4.3,-4.8,-2.4,-0.7,-2.6,-2.5,-0.8,-3.4,-3.0,-10.6,-8.8,-2.9,-2.7,1.0,0.8,1.1,-0.8,-1.4,-1.5,-2.3,-1.9,-4.5,-2.8,-3.1,-4.8,-2.7,-1.5,0.4,-0.2,-0.5,-0.8,1.1,-6.7,0.5,-1.1,-4.8,-0.7,-4.2,-0.9,0.7,-0.1,0.0,-1.3,-1.3,-3.0,1.3,0.4,-3.2,-1.1,-3.2,-4.2,9.2,-7.2,-2.8,-3.3,-4.7,-0.7,0.4,-3.9,-2.6,-2.3,-4.6,0.2,-4.2,-0.6,0.4,-0.9,-3.2,-1.5,-0.0,-2.2,-2.7,-2.9,-2.5,1.2,-1.7,3.8,1.4,1.2,0.2,-1.4,1.5,-1.8,-1.4,0.8,5.0,1.4,3.2,1.1,4.4,2.0,0.7,2.1,6.3,2.7,7.1,-15.4,1.1,0.9,-0.5,0.5,-9.4,-1.1,-1.8,0.3,-2.0,-0.6,2.3,4.1,-1.5,7.9,4.0,2.8,-0.5,-11.0,-2.7,-3.6,0.3,-2.1,-9.2,-8.0,-0.8,2.4,-10.8,1.3,0.2,2.2,-1.4,0.2,-0.0,-0.1,-6.6,1.6,-4.0,-2.2,-5.3,-4.4,-3.7,-3.7,-4.0,-3.9,-0.3,5.9,-17.8,-3.9,-0.8,1.1,-1.9,-5.4,-4.9,-5.6,-0.4,3.1
2C7L51I37e,0,48.107506,11.622198,4441855.01,2778431.97,535.7,581.4,291,7270,3.8,0.71,0.44,32.6,348.93,-0.529,-0.103,0.842,-0.4,0.2,-0.5,0.29,0.6,0.3,-0.3,-1.6,4.9,-0.2,1.5,2.4,-5.5,1.9,-4.1,-3.1,-3.7,3.5,9.4,1.0,2.4,-0.2,-1.7,-0.9,0.9,-2.5,-2.1,0.0,-0.2,3.0,-0.6,0.8,1.0,1.7,-6.0,0.3,-4.4,0.4,-6.1,-5.7,-5.0,-6.3,-4.6,-3.5,0.1,4.7,1.2,-0.9,7.0,-0.9,-0.2,-2.9,1.5,-1.0,0.3,1.9,-6.8,-12.1,-0.3,-2.5,-2.6,-2.9,-7.3,2.2,-11.8,-3.7,0.5,-1.8,0.9,-2.4,-4.2,-4.7,-7.5,-1.4,12.9,-0.6,-4.3,-0.1,-1.3,-6.3,-1.6,1.4,-1.8,-0.7,-3.6,-0.9,-1.4,-4.2,-2.1,10.8,-3.3,3.3,-1.8,-1.0,-0.2,-1.5,-3.1,-3.3,-0.8,-5.3,-2.2,0.3,0.2,-3.2,-2.0,-4.4,-2.3,0.2,-3.2,-4.2,-5.5,-2.9,-1.3,4.7,1.2,-3.3,-2.6,-0.9,1.2,0.8,0.6,0.2,-4.6,2.7,0.5,-10.9,2.0,0.7,-0.5,-3.2,-1.2,-0.8,-1.9,-2.5,-0.6,-2.0,-0.2,-2.7,0.1,-2.8,-3.6,-4.5,-5.6,-1.8,0.3,0.3,6.4,0.8,-0.9,0.3,0.0,2.9,2.4,1.6,1.8,6.5,5.2,5.9,9.0,3.1,-1.4,0.7,-1.5,2.9,1.9,-0.7,-3.8,-3.0,-2.7,0.3,0.7,-2.5,3.9,0.8,-0.7,-1.1,-2.7,-3.4,-4.5,-5.9,-9.9,-10.9,-10.7,-0.4,1.0,-14.8,0.5,0.1,0.2,-3.0,-3.1,0.8,-2.0,-13.4,-1.3,-3.9,-3.0,-5.9,-4.4,-5.3,-7.3,-5.3,-3.5,-2.7,-5.3,7.7,-5.9,-6.0,-0.3,-3.6,-2.5,-8.9,-7.4,1.5,3.1
2C7L51I37z,0,48.107666,11.623295,4441936.38,2778451.5,532.7,578.4,291,7291,1.9,0.93,0.34,32.61,348.93,-0.529,-0.103,0.842,-0.9,0.1,-0.28,0.15,0.3,0.1,-0.3,-1.3,0.1,-1.2,-1.2,1.4,1.7,0.1,-0.7,0.5,0.9,0.0,-1.2,0.7,1.4,0.7,-0.6,-0.5,1.6,0.7,-1.0,0.6,1.0,1.1,-0.0,4.4,3.6,4.2,4.5,2.2,-2.5,-15.9,-3.4,-2.2,-1.3,-2.9,0.3,-0.4,-1.9,4.5,2.6,2.9,2.4,4.4,1.5,-0.7,0.0,1.2,-1.7,1.0,-2.0,0.8,-0.8,0.0,2.8,1.5,0.7,-0.4,-0.1,1.0,-1.3,0.2,-0.6,2.2,1.1,0.2,0.6,-1.6,2.0,-1.6,-0.0,-0.5,1.2,-0.7,0.2,2.1,1.7,3.8,1.4,1.9,1.1,-1.3,-0.5,-1.4,-0.1,-2.0,-1.5,-0.2,1.6,-0.3,0.6,-0.0,0.0,-1.7,-0.4,0.8,-0.3,1.2,1.3,0.8,1.4,1.6,1.4,-0.6,0.2,-0.2,1.1,1.3,-0.1,0.2,1.8,-0.8,0.1,-0.9,0.4,-0.5,-1.3,-1.8,-1.5,-1.1,-1.2,-1.1,-0.5,-0.3,0.6,0.2,2.4,-0.1,-0.2,-1.9,-1.1,-3.8,-5.0,-2.5,-5.9,-2.5,0.2,0.7,-0.7,-0.3,1.4,-1.6,-1.2,-0.4,-0.9,0.1,-2.0,-0.7,-1.3,-1.4,-2.1,-1.3,-1.1,-4.0,-1.1,-3.1,-0.7,-3.7,-1.0,-0.8,-2.7,-1.8,-5.6,-1.6,-1.1,-4.3,-1.6,-3.6,-4.0,-1.5,-2.6,-2.6,-4.9,-4.2,-4.4,-5.0,-2.7,-2.0,-1.3,-2.6,-2.3,-2.6,-3.3,-3.0,-2.1,-2.0,0.7,-3.7,-0.1,-5.7,-2.2,-3.3,-2.8,-3.7,-4.9,-6.6,-5.2,-3.7,-3.9,-4.8,2.3,-3.7,-4.5,-3.0,-2.5,-2.9,-3.0,-1.9,-3.2
2C7L51I39I,0,48.108249,11.627835,4442273.17,2778523.75,526.3,572.0,291,7372,3.4,0.75,0.47,32.66,348.97,-0.53,-0.103,0.842,-0.9,0.2,-0.47,0.27,0.1,0.2,-0.3,-0.4,1.4,-0.4,-0.5,-0.7,1.3,0.1,-2.0,1.5,-0.7,1.1,0.7,-1.8,0.8,-1.7,0.1,0.6,-3.3,2.7,-4.4,-2.0,2.7,-1.8,-0.1,-1.2,5.2,2.6,-2.7,-1.7,-5.9,-5.6,-1.1,-1.0,-1.7,-2.7,0.0,3.9,-1.1,3.0,-1.3,1.3,-0.3,-1.5,8.0,-0.4,8.9,-10.1,-15.0,-10.7,-9.3,-5.5,-4.7,-3.6,-4.2,-2.7,-0.7,-7.8,-0.5,-0.9,-2.6,-1.4,-1.9,-1.1,-3.1,3.9,-4.3,-4.6,-7.0,-3.1,1.0,-3.6,1.6,-5.9,-3.1,1.3,1.2,2.1,-2.3,-3.6,2.5,-1.1,0.7,-0.6,-2.8,-0.0,-4.5,-4.5,0.7,0.3,5.0,-2.5,-5.2,-7.5,-5.3,-4.8,7.5,-1.6,-3.0,3.4,-9.0,-1.7,0.7,-2.3,2.6,0.8,-1.4,0.0,-1.4,4.3,-0.1,-0.2,0.5,-2.1,1.2,-0.8,-3.0,-3.4,1.2,-2.1,-0.7,-2.1,0.6,-3.7,-1.6,-4.1,-2.8,-0.0,0.0,-1.7,-1.9,-3.0,-2.8,-5.6,-3.7,-6.4,-5.6,-2.8,-0.5,-2.7,-4.0,-4.7,-9.4,-4.9,-1.6,-4.1,-2.1,0.2,-4.9,-0.3,-14.8,3.8,0.9,-3.9,-3.9,-2.7,-2.8,-1.0,-1.3,-9.7,-0.8,-3.7,-1.0,-0.4,-3.1,-1.4,-1.1,-2.7,2.4,-2.1,3.9,2.1,-3.6,-6.2,0.9,-0.6,1.0,-2.0,-3.6,-7.8,-3.6,-2.0,-6.2,-3.4,-5.3,-5.2,3.2,-2.9,-0.3,-6.8,-16.8,-6.7,-7.3,-9.2,-6.9,-9.9,-9.1,-8.2,-6.2,-7.6,-3.8,-4.5,-6.2,-7.5,-3.4,-3.7,-7.1,-7.0,-5.5
2C7L51I39a,0,48.108394,11.628966,4442357.06,2778541.73,532.7,578.4,291,7390,2.0,0.91,0.33,32.66,348.97,-0.53,-0.103,0.842,-0.6,0.1,-0.16,0.15,0.9,0.1,-0.3,-2.1,1.0,-1.3,-1.4,-2.3,-2.2,0.6,-0.1,1.0,1.3,-0.2,-0.7,-1.4,-1.3,-1.6,2.9,-2.5,-2.0,-3.1,-3.0,-4.8,0.5,-2.5,-2.4,-2.9,-0.1,-1.1,1.6,1.5,-5.1,-4.9,-2.9,-3.7,-2.3,-6.5,-0.4,2.5,2.1,0.9,0.7,0.1,-1.6,-2.5,-0.1,-1.4,-2.1,-2.1,-0.9,-0.7,0.2,0.5,-0.8,-2.9,-1.3,-2.0,-3.6,-2.1,-3.0,-2.0,-1.7,-2.1,-1.5,3.3,-2.8,-7.0,2.2,-3.9,-1.3,-2.8,-3.0,-0.6,-0.6,-1.4,-1.4,-1.4,-0.9,-2.1,-1.4,-1.6,-2.7,-1.8,-2.9,-2.3,-3.8,-3.6,-3.7,-1.4,-2.5,-3.0,-3.5,-3.0,-0.6,-4.7,-6.5,-4.5,0.7,-2.0,-3.1,-1.4,-0.9,-1.9,-3.3,-2.8,-2.0,-2.4,-1.7,-2.6,-1.5,-2.3,-3.3,-2.6,-2.1,-1.9,-1.4,-1.7,-1.0,-2.5,-2.6,0.2,-2.7,-0.5,-2.1,-1.1,0.3,-0.6,-2.4,-0.3,-2.5,-4.1,-4.1,-4.8,-3.8,-2.1,-3.9,-4.0,-3.9,-4.0,-4.7,-1.7,1.7,-3.8,-3.6,-2.6,-4.9,-2.8,-2.2,-7.6,-1.3,-1.2,-1.4,-1.8,9.9,-0.5,-1.3,-2.4,-3.0,-2.3,-4.0,-2.9,-2.7,-4.8,-4.0,-3.9,-6.9,-7.2,-1.5,-3.8,-2.6,-2.5,-3.6,-3.0,-6.2,-4.4,-2.7,-3.3,-1.6,-3.4,-3.3,-6.7,5.9,0.7,3.5,-2.0,-1.0,-3.6,-3.2,-3.2,-3.6,-4.3,-6.1,-4.7,-5.5,-5.8,-5.7,-5.3,-5.8,-5.8,-5.6,-6.2,-5.6,-4.3,-3.6,-4.8,-5.8,-3.7,-4.4,-4.7,-3.5
2C7L51I398,0,48.108206,11.627354,4442237.44,2778518.14,533.3,579.0,291,7362,2.6,0.86,0.34,32.65,348.97,-0.53,-0.103,0.842,-0.7,0.1,-0.57,0.2,0.7,0.2,-0.3,-0.4,-0.4,0.8,0.7,-0.6,-2.3,0.1,1.4,2.7,2.0,1.1,-0.5,1.3,1.7,1.2,-0.0,0.7,-1.4,2.0,-2.3,-0.9,1.7,-0.6,-3.3,2.0,0.4,3.1,-1.4,0.6,-3.7,-14.9,-3.8,-3.4,-0.1,-3.4,-0.8,3.0,0.0,2.6,2.6,-0.8,0.4,2.1,2.2,0.4,0.7,-0.0,-0.9,-0.1,0.1,-0.6,1.3,2.7,1.8,2.9,5.5,1.8,1.1,1.7,1.0,1.6,2.3,-3.6,2.3,-3.5,-1.1,-0.5,2.4,1.2,3.3,2.4,3.1,1.8,0.3,2.4,2.0,1.9,2.1,0.9,1.5,1.5,0.5,-1.4,-2.8,-1.6,-2.3,0.1,2.2,1.1,0.2,0.2,-2.9,-5.8,-3.0,2.0,1.4,-0.5,2.9,1.3,2.3,0.0,3.5,1.8,1.5,2.8,0.6,2.3,-1.6,3.2,0.8,1.7,2.3,0.1,1.8,0.2,0.9,-3.9,0.9,0.4,-1.8,-1.7,0.3,3.6,2.0,0.1,0.4,0.6,0.1,-0.2,-0.7,-3.3,-3.5,0.0,2.2,-1.2,-6.2,-0.7,2.6,2.0,2.2,1.3,-0.9,-0.1,-0.9,-0.2,-1.0,-1.9,-0.8,0.0,2.4,-5.4,1.4,1.2,1.8,1.0,-3.8,-0.3,-1.0,0.4,-0.4,1.2,1.1,-2.8,-5.1,-5.2,-1.2,-2.2,6.3,-0.4,-1.2,-2.4,-3.3,-6.6,-2.7,-4.0,-1.5,2.5,-2.2,-12.8,-3.8,-1.1,-2.0,-1.1,-2.1,-2.0,-0.2,-2.9,1.5,0.8,-7.1,3.6,-5.3,-15.2,-7.6,-4.0,-1.5,-4.6,-1.3,-0.7,0.1,-2.4,-2.7,-1.5,-1.4,-0.0,-0.8,-1.5,-2.1
2C7L51I37I,0,48.107414,11.621047,4441769.49,2778419.83,540.5,586.2,291,7248,4.1,0.72,0.51,32.6,348.93,-0.529,-0.103,0.842,-1.8,0.2,0.69,0.31,1.1,0.3,-0.3,-1.9,-0.9,-0.4,-2.0,-0.2,-1.6,0.8,-1.3,-2.0,0.2,-1.2,-0.1,-0.6,-0.9,-0.0,-1.4,-0.9,-1.0,-1.6,-2.8,-9.1,-10.0,-1.5,-0.8,-0.7,0.3,0.9,1.4,-0.1,-4.5,-5.9,-5.7,-10.8,-5.5,-5.8,-10.1,-2.6,-8.1,-5.6,-2.6,-0.3,-3.6,-7.9,-1.4,-2.7,-10.7,-3.3,-3.0,-2.5,-2.5,-0.6,-1.0,-0.9,-1.2,-1.4,-3.5,-3.0,-2.5,-1.3,-3.9,-2.4,-3.0,2.2,-0.5,1.1,-2.9,-5.1,-0.1,-4.6,-5.9,-12.0,-6.7,-8.9,-7.4,-4.9,-6.8,-4.5,-5.2,-6.1,-8.4,-7.3,-5.8,-7.5,-4.9,-6.5,-10.7,-9.8,-8.7,-8.4,-8.4,-7.3,-10.6,-22.3,-7.6,-7.9,-9.1,-13.6,-8.2,-8.5,-7.4,-6.1,-7.1,-7.2,-6.9,-7.3,-7.1,-7.0,-6.6,-5.9,-7.6,-7.1,-8.3,-7.0,-5.7,-5.9,-20.2,-4.8,-7.4,-8.5,-4.5,-7.1,-7.8,-15.7,-6.8,-6.9,-10.8,3.9,-6.9,-7.0,-7.7,-10.3,-7.9,1.7,-7.7,-10.6,-9.2,-7.1,-7.1,-7.4,-9.1,-22.1,-19.7,-3.3,-4.7,-4.9,-6.8,-2.4,-7.7,-6.9,-5.4,-4.2,-8.0,-6.7,-8.5,-3.1,-6.9,-6.5,-6.3,-7.3,-8.0,-6.1,-7.7,-7.8,-8.3,-9.1,-10.5,-7.6,-9.2,-4.2,-10.1,-7.2,-11.1,-26.2,-25.6,-23.1,2.1,-18.2,-15.3,-2.3,-10.0,-11.1,-10.4,-10.8,-10.4,-11.1,-7.5,-3.6,-6.5,-9.0,-8.2,-11.0,-8.3,-9.2,-10.8,-14.8,-15.2,-8.8,-11.2,-11.0,-9.4,-5.6,-9.5,-10.7,-10.8,-13.5,-24.0,-9.1,-9.1
2C7L51I37J,0,48.107426,11.621136,4441776.15,2778421.25,542.1,587.8,291,7249,4.5,0.63,0.54,32.6,348.93,-0.529,-0.103,0.842,-0.6,0.2,1.02,0.35,1.0,0.3,-0.3,-4.1,-1.5,0.4,-4.1,-2.0,-1.2,-2.5,-2.7,-3.8,-6.7,-2.5,-1.8,-0.7,-2.3,-1.5,-1.2,0.0,0.2,1.2,0.0,-3.3,-3.3,-2.5,-0.3,1.9,1.7,1.7,2.9,0.3,-2.6,0.6,-5.6,-7.2,-4.6,-4.4,-4.1,-0.7,-2.2,-1.8,2.5,1.3,-1.7,4.2,-4.0,0.8,-4.5,-2.7,-4.7,-0.7,1.1,0.1,-0.3,1.3,-3.0,-17.1,-9.7,-13.1,-6.4,-8.6,-7.6,-8.3,0.9,0.4,-3.6,-5.5,-3.0,-0.9,-2.2,2.8,1.1,-17.5,-5.0,4.6,-15.9,-5.4,-5.5,-2.3,-3.7,-4.0,-4.3,-5.3,-3.7,-4.3,-5.9,-5.8,-4.9,-2.7,-5.4,-5.3,-4.4,-3.9,-7.8,3.6,-3.8,-5.5,-7.6,-8.9,-5.0,-4.5,-4.0,-0.6,-5.0,-4.2,-3.0,-4.3,-1.7,-2.2,-5.1,-3.3,-7.6,-4.9,-5.0,-1.0,-19.7,7.6,-19.6,-13.9,-12.0,-17.8,-10.8,-7.2,-10.0,-15.3,-8.1,-10.1,-6.8,2.6,-5.0,-10.3,-8.8,-4.4,-3.1,-6.5,-12.9,-5.8,-2.3,-3.7,-5.8,-5.2,-8.6,7.3,-17.5,4.5,3.0,-1.7,-8.6,-4.2,-18.9,2.7,0.3,1.2,-1.1,-8.7,-3.8,1.2,-2.6,-7.8,-8.2,-6.7,-2.4,-2.7,-4.9,-2.6,-2.9,-4.9,-9.4,-5.2,-2.9,3.5,-5.4,-3.3,-2.7,-7.7,-0.7,1.8,1.7,-2.6,1.3,-14.1,-0.7,1.0,1.5,-6.1,-10.9,-11.6,-4.5,-1.7,-4.8,0.7,-6.0,-8.3,-4.7,-6.3,-8.2,-10.4,-4.5,-7.1,-4.4,-6.3,-8.3,-0.1,-5.2,-6.3,-5.1,-7.4,-3.3,-5.8,-5.2
2C7L51I39M,0,48.108336,11.628227,4442302.17,2778534.09,535.7,581.4,291,7376,3.9,0.71,0.44,32.66,348.97,-0.53,-0.103,0.842,0.2,0.2,-0.18,0.3,1.9,0.3,-0.3,-3.1,-3.2,-3.0,-2.5,-3.1,2.5,-2.4,-5.2,-2.2,-1.9,0.4,-1.4,-1.9,-0.8,-4.7,-3.1,-2.3,-1.3,-1.6,-3.6,-3.4,-12.1,-2.2,-7.5,0.8,-2.0,-0.3,2.7,-1.8,-2.5,11.1,-6.7,-6.4,-10.8,-3.7,-2.4,-9.3,-1.7,-2.6,-0.5,-5.1,1.4,-5.5,-6.9,-5.3,-4.2,-2.8,-4.3,0.1,-1.3,-2.1,-2.8,-2.1,-3.0,-3.1,-0.8,-0.5,0.0,-1.6,-0.2,0.6,1.6,-2.8,-1.6,1.1,-0.0,-4.2,-1.4,-4.6,-3.7,-1.9,-3.1,-2.2,-2.9,-1.2,-5.0,-4.1,-4.8,-2.7,-6.0,-5.1,-3.5,-3.7,-4.8,-6.4,-3.2,-4.1,-5.0,-3.4,-5.4,-3.5,-4.2,-9.2,-6.8,-5.9,-3.1,-2.5,-5.5,-0.9,-5.1,-4.7,-6.7,-4.6,-4.8,-7.0,-2.4,-2.5,-3.1,-2.5,-4.6,-2.6,-2.7,-2.5,-5.2,-2.9,-1.0,-2.3,-1.4,-1.5,-2.3,-0.7,-4.1,-1.2,-2.9,-0.5,-0.0,2.0,-2.8,-2.6,-3.8,-5.9,-3.2,-8.0,-4.8,-6.6,-2.6,-1.3,-4.3,2.3,3.7,-1.3,2.1,-3.2,15.2,-1.0,-1.7,-7.4,0.6,-1.9,-9.1,2.3,1.4,-0.6,-2.3,-2.4,-1.2,-2.7,-2.6,-3.5,-10.5,-5.0,-6.7,8.9,-5.0,-6.4,-8.4,-2.8,-1.3,-7.7,-3.7,-4.7,-4.8,-9.0,-9.1,10.4,2.9,9.8,10.2,0.3,7.7,12.0,7.3,-0.4,0.9,-2.4,-5.9,-4.7,-7.0,-6.6,-0.5,-0.0,-6.1,-2.9,-4.0,-4.5,-8.5,-5.3,-3.5,-6.6,0.3,-3.4,-9.3,-12.1,-13.1,9.0,7.5,-10.5,-3.3
2C7L51I39U,0,48.108388,11.62863,4442332.04,2778540.5,534.7,580.4,291,7384,3.3,0.76,0.43,32.66,348.97,-0.53,-0.103,0.842,-0.3,0.2,-0.46,0.25,1.0,0.2,-0.3,-1.5,-3.3,-0.8,-1.0,-1.1,0.3,-1.1,0.2,-2.6,3.6,-0.5,0.2,-4.8,-3.9,-3.3,-2.3,-0.6,0.2,-1.4,0.8,7.4,2.1,-3.5,-0.7,0.8,0.6,1.1,2.1,-4.9,-2.9,-3.2,-4.4,-1.1,-2.7,-0.2,-1.1,-0.7,-0.5,2.0,-2.1,2.2,-2.8,0.0,-2.4,-0.6,-1.8,-4.0,-1.2,-1.1,-0.9,-1.8,-2.7,-1.8,-1.5,-2.4,-1.5,-0.7,-2.9,-3.8,-7.2,-2.5,-1.1,1.8,-3.4,0.3,-2.5,-1.2,8.6,-0.9,-6.0,-3.0,-2.4,-3.6,-2.5,-2.7,-6.3,-8.4,-5.0,-2.6,-1.5,-1.4,-0.7,-4.4,-3.2,-0.2,-6.0,0.1,-6.2,-2.9,-5.9,-2.6,3.0,-5.5,-3.8,-5.4,-5.2,-3.3,1.3,8.1,-2.8,-3.8,-8.4,-7.8,-5.8,-3.6,-1.2,0.5,3.2,-1.7,4.4,4.8,-0.4,0.1,1.3,0.7,-2.1,-1.6,-1.0,-4.2,1.0,-4.1,1.9,0.6,0.8,1.3,-1.7,-0.8,0.0,-1.6,3.6,-0.2,0.5,-2.1,1.5,-2.5,1.2,-2.8,-3.6,3.6,3.6,-4.5,0.2,2.4,0.7,9.2,5.2,4.7,-1.0,-2.6,1.6,-6.3,0.8,-1.1,1.4,-1.5,-1.5,0.0,1.7,-1.2,-1.2,-3.0,-2.5,-0.4,-5.0,-5.2,-2.0,-1.6,-3.4,-6.1,-0.2,-5.2,-5.9,-6.3,-3.3,-6.7,-4.6,-2.3,0.4,8.4,-0.7,0.7,3.9,0.8,-5.2,-2.2,-1.7,-1.0,-1.3,-12.1,-3.1,-6.7,-5.4,-8.5,2.4,-7.1,-5.3,-5.0,-13.1,-8.6,0.8,1.4,-7.7,-7.7,-2.6,-2.0,-3.4,5.7,4.4
2C7L51I387,0,48.107794,11.623858,4441978.02,2778466.63,536.8,582.5,291,7299,3.2,0.76,0.42,32.64,348.97,-0.529,-0.103,0.842,1.0,0.2,0.46,0.24,1.4,0.2,-0.3,-0.1,0.6,-1.2,-1.6,-3.7,-2.0,-2.0,-1.8,-2.6,-0.2,-3.2,1.1,0.4,2.3,-0.5,2.4,-1.3,-2.4,-3.5,-3.0,0.3,-6.4,-4.6,-0.9,2.2,-2.0,-3.0,-3.8,-5.1,-1.9,1.8,-4.3,-7.9,-8.8,-9.9,-7.3,-4.6,-1.0,-0.7,-5.8,2.5,-12.3,-0.4,-4.1,3.3,0.8,1.5,-2.9,-0.9,-0.5,-1.5,-1.9,0.5,0.4,0.1,-1.2,-0.5,0.6,-0.7,-3.1,0.2,0.1,2.4,3.5,3.4,-0.8,0.1,4.0,-1.9,-2.4,-1.3,-0.9,-4.2,0.5,1.2,-1.5,-0.4,1.7,-2.1,-2.0,-0.1,-3.6,-4.9,-1.4,-5.6,-3.3,-2.4,-3.4,-2.7,-7.1,-1.3,-4.9,-2.2,-2.2,-2.8,0.5,-4.9,8.4,2.8,-8.5,-1.7,-6.2,-2.7,-8.0,-3.6,-0.8,-2.4,0.9,-0.4,-1.4,-5.6,-2.1,0.4,-0.4,-0.3,-5.0,-6.6,-2.1,-5.9,-1.0,5.2,-1.3,-4.2,-3.5,-1.4,-2.2,-4.3,-0.3,-1.8,-4.6,3.4,-4.5,-4.4,-3.0,-11.3,-5.2,-1.5,-1.1,1.6,4.3,8.1,-3.1,-1.1,1.4,-2.6,-0.5,0.5,-0.9,-1.0,6.3,3.8,3.7,1.1,1.5,2.2,0.5,-0.4,-0.3,-0.2,3.1,-4.8,-0.4,3.8,-2.3,-3.2,8.1,-7.0,0.4,4.4,-4.9,2.3,0.7,5.8,3.3,5.4,3.7,2.8,5.2,-5.4,6.5,5.5,0.2,3.1,0.6,2.2,2.7,2.0,2.3,-7.3,2.0,7.2,1.8,-0.7,7.9,-5.4,5.4,-2.6,-0.3,-1.0,3.1,2.5,0.6,4.0,4.9,2.7,2.4,1.6,1.6
2C7L51I388,0,48.107786,11.623794,4441973.22,2778465.61,530.9,576.6,291,7300,4.0,0.71,0.46,32.64,348.97,-0.529,-0.103,0.842,0.8,0.2,0.21,0.3,1.4,0.3,-0.3,-0.8,0.5,-1.7,-1.4,-0.3,-0.4,-1.9,-3.5,-1.7,-2.0,-1.0,0.5,1.0,0.7,0.0,-0.5,0.4,-0.5,0.2,-1.7,-2.4,-1.5,-2.1,-0.2,0.4,-0.3,-1.0,-4.0,-3.3,-1.8,-21.3,-4.0,-5.9,-5.3,-4.5,-2.6,-0.7,-0.9,2.2,-4.4,0.7,1.6,-0.4,-4.4,-3.3,-2.1,-0.9,-7.0,-1.6,-2.3,0.4,-5.7,-1.0,1.7,-2.7,1.2,-2.8,-2.1,-1.7,-1.3,-1.4,1.4,2.7,1.7,-0.1,1.1,0.1,4.7,-3.0,-2.2,-2.7,0.7,-1.9,-1.3,2.6,-0.2,0.2,-2.6,-1.5,-0.4,-1.9,-4.6,-5.3,-3.4,-4.7,-2.6,-3.8,-1.8,-1.1,0.2,0.7,-3.6,-3.5,-3.5,-3.7,-1.1,-5.0,-16.5,-3.1,-3.7,-2.2,-0.7,-5.2,-3.0,-5.8,-2.2,-2.5,0.1,-0.6,-3.0,-5.5,-2.2,-4.0,-1.6,-2.9,-4.3,-3.0,-3.9,-2.1,-1.8,5.1,-2.9,-2.5,-2.3,-1.2,-1.6,-3.7,-1.9,-2.1,-1.9,8.9,4.1,-2.9,-3.6,5.8,-4.7,0.8,-0.9,-1.5,8.0,-5.3,-5.8,-0.2,0.7,-6.0,0.0,2.8,0.0,2.3,8.2,5.9,3.9,3.8,2.1,1.4,-0.5,-2.5,0.6,2.2,4.5,0.5,2.7,6.3,-4.0,-5.1,9.3,1.5,1.3,-13.4,10.4,5.9,0.7,-2.8,6.2,7.0,10.8,-3.4,7.0,-13.1,-3.4,5.6,-0.8,2.9,-6.0,1.6,2.5,4.0,1.8,-2.7,-3.7,-10.7,1.8,-1.7,-9.9,-7.6,3.0,-4.4,-1.3,-5.8,5.7,3.8,10.7,1.6,0.3,4.6,0.3,4.0,10.6
2C7L51I38G,0,48.10787,11.624449,4442021.83,2778476.02,541.8,587.5,291,7308,3.0,0.8,0.44,32.64,348.97,-0.529,-0.103,0.842,-0.7,0.1,-0.37,0.23,1.0,0.2,-0.3,1.9,1.4,0.9,5.0,3.2,-7.5,4.0,4.8,1.1,-0.8,-6.0,-2.5,-2.0,4.5,-3.7,1.1,0.9,-0.5,-0.8,3.8,4.5,1.4,0.2,4.1,4.8,5.0,5.0,-0.8,3.8,-0.8,8.2,0.2,0.4,1.3,-1.8,-0.4,4.1,3.3,5.2,5.0,5.8,2.2,3.7,3.9,3.6,2.2,-1.5,1.8,1.2,2.9,-6.8,-0.3,4.4,0.1,1.1,1.8,-0.0,0.7,3.0,3.9,2.9,-3.8,2.3,-3.3,-5.0,-3.6,4.3,2.5,8.7,9.1,-0.8,8.5,-1.1,4.5,-7.6,3.0,3.8,3.4,9.6,1.0,1.8,-0.2,2.8,-0.2,1.3,1.7,0.9,2.3,3.3,-0.3,1.8,4.0,-2.2,0.5,1.9,1.8,-1.3,1.9,0.7,1.6,0.3,1.7,2.1,4.5,1.6,2.3,0.9,3.0,1.4,1.8,2.0,2.1,1.7,1.1,4.6,-1.5,1.4,-2.8,-3.7,-1.7,-0.6,0.8,10.0,2.3,-0.3,0.3,-3.4,0.8,-2.8,1.6,-3.7,2.5,0.2,1.6,3.2,0.7,5.8,3.0,1.7,3.9,0.5,1.7,3.0,-1.4,-0.3,-1.7,-2.5,0.3,3.4,1.3,-8.2,-2.3,1.1,-1.2,1.8,5.3,-1.7,1.3,1.6,2.6,1.8,3.6,2.9,0.3,0.3,1.3,-2.4,3.6,0.3,1.5,1.6,-6.4,-2.6,-7.6,-6.7,-3.3,-3.3,-1.4,-10.6,-4.2,-1.7,-0.7,-0.8,-0.6,-1.4,-0.1,-3.0,3.3,-0.6,-1.3,1.0,-1.1,1.4,-0.0,-4.6,-1.7,0.6,-1.2,-0.3,0.4,-4.8,2.7,-2.0,-2.9,0.8,-3.9,-0.5,-2.9
2C7L51I38e,0,48.108032,11.625713,4442115.6,2778496.14,536.8,582.5,291,7332,3.7,0.7,0.44,32.65,348.97,-0.529,-0.103,0.842,-0.8,0.2,-1.0,0.28,1.0,0.2,-0.3,0.5,-0.2,3.6,1.5,0.3,2.1,1.6,2.2,1.5,-0.4,1.8,2.9,2.3,1.7,2.4,2.7,-1.6,2.6,-0.8,-1.8,-1.4,1.2,-6.4,-2.9,-0.8,-3.2,-7.4,-1.9,-4.4,-5.5,-2.5,-3.2,-4.7,-1.2,-5.6,-3.6,-0.9,1.2,5.5,0.0,0.7,-5.6,-2.8,5.9,-4.2,-5.1,-1.6,13.0,1.7,-4.5,0.2,-3.2,-1.8,-3.3,-3.9,-2.2,-1.5,-5.2,-11.4,-5.7,-4.8,-4.0,1.1,-5.8,0.4,8.2,-10.3,0.9,-1.8,1.0,4.4,9.2,5.5,-0.0,2.6,2.9,1.4,2.3,-1.0,-1.3,-2.7,-3.3,-1.7,0.4,-1.5,-4.6,2.7,1.2,-0.8,-2.6,0.3,-3.8,0.2,-2.3,-3.3,1.9,-5.1,-0.1,-0.3,-1.7,-1.7,-1.1,-0.5,-0.7,2.5,1.8,0.1,-0.2,3.6,-1.5,-1.2,2.0,-1.6,0.2,0.3,6.4,-6.0,-0.3,-0.6,4.0,7.7,6.7,3.8,-1.3,2.7,-0.4,-0.3,-0.1,2.2,-2.4,-3.0,-0.4,4.4,-0.7,-2.4,-0.1,-0.2,-1.5,0.9,2.4,5.0,-2.5,-1.6,-6.8,0.5,-0.2,-1.6,-5.0,-6.2,-2.1,-0.0,-0.2,-1.4,-0.6,2.3,1.7,-1.6,-2.1,-3.4,-2.8,0.9,-8.4,-10.8,-5.1,3.6,-4.3,-0.7,-1.8,0.6,-2.5,0.2,-3.9,-5.9,-2.7,-8.9,-0.4,-1.1,-2.8,4.9,-4.0,-4.4,-1.9,0.3,-3.8,-3.4,-2.6,-9.4,-4.5,-12.8,-9.0,-8.0,-5.1,6.8,-8.2,4.8,-14.0,-3.9,-0.9,-12.4,-6.9,-15.1,-1.7,-10.1,-6.1,-1.3,-1.1,-5.5,-1.8
2C7L51I38y,0,48.108171,11.626794,4442195.76,2778513.34,533.3,579.0,291,7352,2.3,0.87,0.33,32.65,348.97,-0.53,-0.103,0.842,-0.8,0.1,-0.03,0.17,1.0,0.2,-0.3,-0.8,0.5,-0.1,-0.5,-1.6,0.1,2.2,-2.1,-1.2,-1.9,-1.3,1.5,-0.0,-0.4,2.0,0.0,1.7,-3.4,1.0,-1.6,2.0,5.6,3.8,3.7,3.7,5.8,6.7,3.2,1.5,-1.1,-9.3,-2.0,-0.0,-0.8,-4.0,3.0,4.0,1.0,5.0,3.9,2.8,3.4,6.4,-3.8,2.8,-5.7,-1.6,-0.5,-1.2,-0.7,-3.1,-0.8,-2.2,-1.2,-0.3,-2.6,-1.9,-1.1,-1.0,-0.7,-0.2,-1.1,-0.6,-2.1,-1.7,-1.5,-0.2,0.5,0.1,0.9,2.4,1.9,0.3,-0.7,2.1,1.7,1.5,1.2,0.4,-1.6,-1.3,2.6,1.9,1.1,-3.3,-1.1,1.9,1.5,0.0,2.0,0.5,-3.9,-4.8,-3.0,-2.9,2.5,-1.1,0.2,-1.6,1.0,-1.6,-1.1,-3.1,-2.6,-1.1,-2.7,0.6,-1.8,0.5,-1.2,-2.9,-5.8,-4.4,-4.1,-4.4,0.5,-4.7,-4.4,-3.1,-2.6,0.3,-0.3,2.6,-0.5,-1.9,2.3,1.6,2.5,-4.7,-0.3,-3.2,-5.6,6.6,-1.1,-2.9,-1.2,-3.8,-1.2,-0.7,1.0,-2.2,-2.6,-1.6,-0.1,-2.0,-0.4,-0.9,-2.9,-3.0,-2.3,-3.5,-3.3,-2.1,-4.1,-1.5,-6.0,-4.9,-2.3,-1.1,0.4,-1.0,-0.1,-2.1,-2.1,0.1,1.7,-2.3,0.3,0.1,0.1,-1.8,-6.1,-0.7,-1.0,-1.8,-0.8,-2.7,-1.6,-3.1,-5.8,-3.6,-4.0,-3.4,-3.3,-4.1,-1.5,-4.4,1.8,-1.0,-2.1,-1.3,-1.9,-0.4,-1.0,-4.9,-6.1,-3.9,-3.1,-6.3,-2.4,-3.6,-4.6,-4.5,-4.7,-1.8,-1.8,-9.1,-5.7
2C7L51I399,0,48.108264,11.627522,4442249.82,2778524.92,539.2,584.9,291,7363,4.4,0.69,0.47,32.65,348.97,-0.53,-0.103,0.842,-1.1,0.2,1.05,0.34,1.3,0.3,-0.3,-0.6,-4.6,2.4,12.3,8.5,10.7,13.3,3.9,-6.3,-3.7,-6.0,-10.7,-4.8,1.0,-5.5,-4.7,-6.9,-5.6,-5.3,-8.0,-6.8,-7.8,-2.1,-9.7,-7.7,-8.3,-10.3,-2.9,1.3,-11.2,7.1,-13.3,-11.7,-12.1,-12.6,-11.4,-7.8,-6.0,-6.7,-5.9,-7.5,-5.3,-4.0,-7.6,-5.5,-9.2,-4.3,-4.5,-7.7,-4.0,-5.4,-1.5,-3.8,-7.3,-5.2,-8.9,-4.0,-5.5,-5.8,-9.0,-9.8,-8.5,-4.4,-7.3,11.4,-13.4,-11.0,-4.1,-11.7,-9.5,-4.8,-7.0,-6.3,-5.9,-8.8,-7.1,-6.4,-5.3,-7.9,-9.7,-9.5,-8.9,-9.6,-12.5,-12.5,-8.7,-8.0,-3.8,-6.9,-8.5,-8.6,-10.6,-14.1,-12.8,-8.1,-3.9,-7.9,-7.2,-6.4,-5.0,-6.1,-7.9,-5.7,-6.7,-5.6,-5.2,-8.1,-5.2,-7.3,-8.0,-7.1,-7.6,-8.0,-8.8,-7.1,-9.7,-9.4,-10.0,-11.1,-8.4,-8.1,-8.1,-4.2,-7.7,-7.8,-5.4,-4.7,-4.8,-5.1,-7.8,-10.3,-9.7,-8.5,-8.0,-9.6,-8.9,-7.2,-7.7,-1.2,-7.5,-5.2,-2.6,-8.7,-9.2,-5.2,-9.0,-10.1,-7.7,-8.6,-11.9,-8.5,-1.1,-7.8,-7.0,-9.0,-10.3,-8.0,-9.5,-9.8,-7.0,-11.4,-13.7,-12.3,-15.2,6.8,-11.5,-15.3,-16.6,-11.8,-10.3,-14.1,-14.7,-14.4,1.1,-12.2,-6.4,1.2,-17.0,4.4,-14.3,-12.4,-11.2,-8.6,-10.1,-10.0,-8.3,-10.0,-6.7,-14.6,-9.8,-11.5,-11.3,-5.6,-2.7,-7.0,-6.3,-3.5,-5.1,-2.5,-15.9,2.9,-12.9,-13.7,-8.4,-7.2,-11.1,-12.8,-12.7
2C7L51I39A,0,48.108261,11.627498,4442248.0,2778524.54,534.6,580.3,291,7364,2.7,0.76,0.37,32.66,348.97,-0.53,-0.103,0.842,-1.1,0.1,0.13,0.21,2.7,0.2,-0.3,-1.2,-3.9,-2.6,-3.4,-2.8,-0.5,-1.4,-2.5,-3.7,-2.6,-1.7,-0.6,-2.9,-1.0,-5.4,-3.3,-5.2,-5.8,-6.2,-6.0,-5.4,-4.1,-2.6,-3.3,-0.3,-2.3,-0.2,-1.5,-2.5,-7.6,-13.2,-10.3,-11.0,-9.0,-6.9,-7.3,-6.3,-4.8,-2.1,-6.5,0.4,-1.4,-2.4,-2.4,-1.8,-2.8,-3.8,-1.8,-3.1,-1.4,-3.4,-1.5,1.1,-1.0,2.7,-1.1,0.2,0.4,-0.3,-2.2,-2.8,-1.8,0.2,0.3,1.1,-2.3,-0.0,-1.2,-5.1,-7.2,-2.3,-2.2,-2.4,-1.0,-9.5,-4.9,-7.0,-5.4,-7.8,-9.1,-6.2,-10.8,-7.1,-2.8,-5.2,-8.9,-6.4,-6.8,-8.6,-9.0,-9.9,-2.5,-7.1,-12.1,-4.1,-2.0,-3.8,-9.7,-8.2,-3.8,-3.0,-9.6,-6.6,-3.9,-7.0,-3.9,-4.5,-3.4,-5.4,-8.5,-6.8,-5.8,-6.4,-4.8,-5.7,-6.5,-4.6,-5.3,-2.9,-6.3,-4.7,-5.0,-2.2,-6.0,-7.5,-4.6,-4.6,-5.4,-9.0,-9.6,-7.4,-7.7,-4.3,-7.6,-12.4,-9.4,-6.1,-10.5,-3.4,-1.5,-2.5,-2.0,-1.8,-3.8,-4.2,-4.0,-3.1,-2.8,-2.8,-6.3,-4.5,-4.1,-4.9,-5.9,-8.3,-3.0,-6.7,-6.5,-7.9,-7.2,-12.0,-15.2,-14.3,-15.4,-12.2,-1.8,-4.4,1.8,0.4,-7.1,-8.6,-8.6,-5.9,-1.7,-7.2,-3.4,-1.3,-1.4,-3.9,-6.7,-8.3,-8.1,-6.7,-12.1,-7.3,-8.4,-10.2,-12.7,-13.3,-8.3,-10.0,-11.8,-10.8,-12.0,-13.8,-10.0,-8.9,-11.4,-4.4,-9.9,-5.2,-4.0,-2.1,-3.9,-9.5,-5.5,-5.6,-8.0
2C7L51I39G,0,48.108333,11.628057,4442289.49,2778533.42,544.6,590.3,291,7370,3.1,0.78,0.45,32.66,348.97,-0.53,-0.103,0.842,-1.1,0.2,0.18,0.24,2.0,0.2,-0.3,-1.6,-2.5,-1.1,-1.9,-3.3,-1.7,-4.3,-1.6,-1.1,-2.3,0.4,1.5,1.0,-1.6,-1.2,-1.1,-1.5,-14.0,-10.9,-18.0,-14.4,-1.6,-0.8,-4.3,5.3,-4.3,-1.7,-3.4,-1.8,-2.5,-13.0,-6.9,-13.4,-3.9,-2.9,-5.0,-2.7,-2.5,-0.7,-2.7,2.6,-1.9,2.8,0.1,-0.1,-1.0,1.4,2.0,0.5,-1.6,-1.5,-1.0,-1.0,-2.8,-4.2,-5.4,-4.0,-5.6,-2.7,-3.5,-0.2,-2.4,-3.8,-5.7,-2.0,-1.0,-3.3,-6.9,-3.1,-2.7,-5.3,-3.9,-8.0,-0.9,-9.2,-5.2,-8.8,-6.7,-6.1,-8.3,-8.6,-9.2,-7.7,-7.6,-8.9,-7.0,-5.9,-8.0,-7.7,-6.8,-0.6,-6.1,-8.9,-9.9,-7.9,-5.1,-5.4,-5.8,-3.8,-6.3,-5.9,-6.2,-3.6,-7.1,-4.9,-4.9,-5.5,-4.1,-3.7,-4.1,-4.6,-3.1,-4.7,-4.8,-4.6,-3.1,-4.2,-5.2,-4.3,-4.3,-6.0,-5.1,-3.0,-5.3,-6.8,-6.2,-5.5,-5.8,-9.2,-6.5,-6.5,-6.7,-7.1,-6.9,-8.1,-12.6,-10.3,-6.9,-4.3,-2.0,-7.3,-5.9,-1.6,-3.9,-4.2,-3.9,-6.6,-3.1,-4.1,-4.0,-6.4,-1.6,-2.9,-2.9,-3.8,-3.3,-2.0,-3.3,-10.1,-4.8,-10.5,-7.5,-8.2,-9.7,-11.0,-2.4,-9.3,-6.2,-5.7,-4.6,-8.5,-9.5,-9.5,-8.0,-9.3,-7.8,-6.1,-4.7,5.8,-6.0,-7.3,-2.9,-2.1,-2.6,-6.2,-4.9,-6.4,-22.8,-6.3,-9.5,-10.0,-7.9,-10.2,-9.7,-10.9,-12.3,-10.2,-8.5,-8.7,-11.6,-6.7,-5.9,-6.3,-7.1,-8.3,-6.3,-4.8,-5.2
2C7L51I3Bm,0,48.109493,11.637092,4442959.7,2778677.16,551.9,597.6,291,7526,4.6,0.59,0.45,32.7,348.97,-0.53,-0.103,0.842,0.1,0.2,0.32,0.35,1.8,0.3,-0.3,-1.7,-1.1,5.4,0.5,2.3,4.4,0.7,2.4,-1.2,-1.3,-11.2,2.5,-16.2,6.8,-10.1,8.5,-2.5,-2.0,0.9,5.9,-17.7,6.3,-17.0,8.3,1.7,-3.6,-13.7,-8.2,-1.5,2.7,-14.1,-11.6,-6.2,-8.4,-0.6,-10.3,-5.0,-3.9,-1.9,-15.6,-2.6,-4.1,-2.0,-9.5,-5.7,-2.1,-2.8,-0.6,-1.0,-2.5,0.3,-3.3,-2.0,-3.3,0.5,-5.5,-0.8,-4.9,-1.3,-0.7,2.7,3.3,-12.5,-1.9,1.2,-4.2,-1.9,-0.5,-6.5,-10.0,-6.7,-3.2,-4.6,0.7,-2.1,-9.3,-7.2,-14.1,-8.7,-13.5,-5.8,-5.8,-3.4,-4.2,3.5,-14.7,-6.0,-11.1,-1.1,-0.9,-6.8,-4.9,-8.1,-0.0,-6.1,-6.7,-4.8,3.1,-5.0,-6.6,-3.9,-0.3,-1.0,-3.7,1.1,-7.1,-4.3,-3.5,-1.7,-11.2,-1.2,-5.4,-4.5,-3.1,-1.4,-1.9,6.3,-4.0,-2.3,-1.0,3.1,-0.6,-0.9,0.0,-1.7,-5.5,-2.8,-0.5,-5.3,-8.3,1.7,-1.5,1.6,-3.3,-5.4,-0.7,-4.9,0.1,-1.7,-0.7,3.9,0.2,-2.3,-3.9,-4.1,-4.6,-4.9,-3.4,-1.5,-5.2,-6.1,-2.0,-6.5,-1.9,-5.9,-2.8,-1.6,1.5,0.6,-1.5,-5.2,-12.4,-6.1,-6.1,-5.7,-1.4,-4.3,-5.9,-7.8,-1.4,-13.7,-2.4,-7.1,-0.5,-0.1,-6.5,-1.2,-2.4,7.7,-1.4,7.5,-3.4,2.5,-2.3,-5.2,-13.1,-4.0,0.1,-6.1,-4.8,-3.2,-5.7,-15.6,-7.8,3.0,0.5,-2.7,0.7,-3.0,-4.3,-1.9,-1.6,-2.9,-1.4,-4.2,-0.6,1.1,-3.3
2C7L51I3CC,0,48.109667,11.638454,4443060.66,2778698.83,546.5,592.2,291,7552,3.0,0.78,0.41,32.7,348.97,-0.53,-0.103,0.841,-0.2,0.2,1.46,0.23,0.5,0.2,-0.3,1.0,2.9,-0.8,-5.6,0.6,0.8,1.5,0.6,-1.6,-16.8,-0.4,2.6,-0.8,1.0,1.1,1.7,-0.5,-1.2,-1.0,-0.7,1.4,1.3,-4.9,2.6,2.0,3.1,0.1,-4.0,-5.2,-1.8,-6.8,-2.3,-0.1,-1.7,1.9,0.4,2.1,4.3,0.2,2.2,-3.3,-3.5,-2.0,-2.6,-3.6,-0.6,2.8,-2.6,-1.2,-6.3,-1.5,-0.4,0.3,-0.7,-1.0,1.7,-5.9,-6.1,-5.3,-3.2,-4.3,-7.2,-13.9,-8.5,-3.9,-9.2,-6.9,-13.8,-2.7,-4.4,-9.7,-3.9,-2.6,-3.1,-1.9,-1.2,-2.4,-3.4,-3.9,-2.0,-3.6,-6.8,-3.1,-4.7,-4.2,-3.0,-2.6,-1.7,-3.3,-1.9,-4.9,-5.8,-7.0,-2.6,-7.0,-3.7,-8.5,-1.0,-3.2,-3.9,-2.8,-2.0,-3.0,-4.2,-3.5,-4.6,-6.8,-4.7,-2.8,-6.3,-5.1,-7.3,-7.9,-7.5,-3.0,-6.1,-4.8,-6.3,-4.8,-4.7,3.4,-5.8,-7.1,-0.3,-3.0,-0.4,-0.3,-3.8,-2.6,-3.4,-1.4,-0.7,-6.0,-3.1,-4.4,-7.4,-0.8,-4.7,-3.0,-4.3,-1.1,-5.4,-7.5,-5.1,-4.8,-6.8,-12.9,-6.6,-4.4,-6.0,-6.5,-2.4,-3.2,-3.5,-2.8,-3.4,-6.6,-6.0,-3.0,-4.4,-3.9,-9.6,-7.4,-8.9,-10.2,-6.7,-2.0,0.8,-1.8,-1.2,-2.1,-3.5,-1.5,-2.4,-3.5,-1.5,-0.2,-0.7,-9.8,0.6,-0.7,0.1,-0.6,0.0,-0.8,-1.6,-1.0,0.3,-2.0,-5.0,-4.6,-3.5,-4.3,-4.8,1.4,-1.7,-4.3,-3.0,-4.6,-1.0,-1.7,-4.3,-0.9,-0.1,-1.7,-0.9,1.2,-2.2
2C7L51I37t,0,48.107724,11.62317,4441926.95,2778457.74,542.7,588.4,291,7285,4.6,0.59,0.46,32.61,348.93,-0.529,-0.103,0.842,-0.8,0.2,0.4,0.35,1.7,0.3,-0.3,0.8,4.8,8.6,2.1,-3.2,-4.7,3.7,-3.6,-12.1,3.5,-4.7,4.5,3.4,-5.6,3.8,3.5,6.4,6.3,0.7,4.3,-2.4,-1.2,0.0,4.2,5.1,7.8,1.8,9.4,-0.4,3.3,-1.9,0.7,-2.5,-0.4,-1.9,2.6,2.3,4.8,0.6,-0.1,0.0,2.4,3.6,5.3,0.5,0.6,-1.6,-2.8,1.0,-1.6,-0.1,0.4,1.0,-0.2,-1.0,1.9,-1.1,-2.3,-1.4,0.5,-0.2,0.2,-2.2,-4.4,-11.9,-10.9,-3.4,-10.3,-1.7,-3.0,-2.4,-3.5,-0.1,-2.5,7.9,8.1,8.8,1.6,-0.3,-10.3,3.8,-10.1,-2.1,-3.7,-4.7,2.5,0.9,4.0,5.0,2.5,0.4,-2.6,-2.7,1.9,-0.5,-4.5,-1.3,1.5,2.9,-0.6,-3.1,8.6,-3.1,0.6,5.5,-0.5,-0.6,-4.0,2.1,-1.4,-0.3,-1.7,-0.9,-4.0,-0.3,-5.4,-7.9,-5.7,-4.6,-5.3,-6.5,-6.0,2.1,-0.1,9.4,1.1,-3.1,-3.7,-0.9,1.4,-3.4,-3.2,2.5,1.4,4.9,-0.7,7.6,0.2,0.8,-0.7,0.0,-4.9,-3.6,-5.8,-2.4,-6.3,-6.9,-3.8,-2.3,-2.7,-2.7,-5.6,-3.3,-2.7,1.8,9.3,-7.1,-11.4,10.5,-5.4,2.0,-8.0,-2.0,-6.0,-10.4,6.7,-5.2,9.0,-6.9,-7.2,-9.6,3.8,-16.7,0.1,0.8,-12.8,-2.6,0.6,-15.5,1.1,-0.2,3.2,1.4,-7.2,-0.2,10.4,1.3,5.2,-0.7,-5.0,-3.0,1.8,0.2,4.8,-8.3,-5.1,-1.6,-1.8,-7.5,-3.9,-5.3,-16.4,-5.2,-4.7,-3.1,0.8,-1.2,0.8
2C7L51I38J,0,48.107901,11.624549,4442029.24,2778479.69,538.9,584.6,291,7311,3.8,0.59,0.51,32.64,348.97,-0.529,-0.103,0.842,-3.1,0.2,-2.71,0.3,1.1,0.3,-0.3,7.4,6.2,-2.8,-0.1,0.2,4.5,1.7,-0.1,1.5,-4.5,-0.9,-3.9,-0.5,2.4,-0.9,-3.7,-5.4,-3.6,-5.9,-5.5,-3.9,-3.9,-5.4,-5.4,-0.1,1.3,-4.8,-6.1,-6.6,-6.5,3.6,-6.3,-5.6,-5.2,-4.4,-6.0,-5.2,-1.8,-0.8,-2.6,-5.0,-0.2,0.6,-4.2,3.4,-0.8,0.5,-0.3,-3.4,0.6,-5.5,-3.3,0.1,-0.3,0.5,2.8,6.8,3.9,-0.9,-2.0,-3.1,-2.4,-1.8,0.8,-1.0,-1.2,-2.4,1.1,-0.4,-1.0,0.4,-1.1,-2.5,1.1,0.4,-1.5,-1.1,-1.9,-4.5,-7.3,-1.7,-2.0,-4.6,-2.2,-7.5,-8.2,-2.2,-0.7,-4.0,-5.0,-3.0,-2.9,-1.4,-2.5,-2.6,-6.8,-0.4,-5.3,-4.2,-0.1,-0.4,-1.7,-0.5,-2.9,-6.4,-2.8,-0.5,-0.1,-2.0,-1.6,-6.7,0.5,-4.3,1.0,3.1,2.3,-0.2,0.9,-1.1,2.8,2.5,-2.1,9.5,-5.9,-3.5,-4.4,-1.1,-2.7,-6.6,-7.8,-6.9,-6.6,-5.2,-4.0,-3.2,-0.3,-6.1,-4.8,-4.4,-1.4,-2.6,-7.7,-6.5,-3.9,-7.0,-7.1,-2.1,-2.7,-3.1,-9.1,4.0,-4.0,-1.6,-4.2,-5.1,-5.6,-2.6,-1.2,-3.0,-4.0,-6.9,-8.4,-10.4,-6.4,-7.3,-2.6,-7.1,-7.3,-6.0,-12.3,-15.0,-4.0,-11.6,-0.7,-23.4,2.2,-19.1,-13.3,-22.4,-21.5,-7.1,-9.1,-16.3,-16.2,-7.8,-19.6,-16.7,1.4,-12.5,-9.8,-8.6,-13.1,-12.1,-12.4,-9.1,-19.0,-14.5,-27.2,-20.8,-17.7,-21.8,-18.0,-17.5,-22.4,-21.8,-23.9,-23.6,-23.3
2C7L51I38q,0,48.108129,11.626319,4442160.52,2778507.85,533.6,579.3,291,7344,4.4,0.65,0.54,32.65,348.97,-0.53,-0.103,0.842,-0.9,0.2,-0.78,0.33,0.3,0.3,-0.3,5.8,-0.3,3.2,0.9,1.5,1.7,2.8,-7.7,0.9,0.3,-10.9,-9.8,-0.5,-4.6,-12.1,-1.3,-6.9,9.5,2.8,5.2,1.0,0.5,2.0,0.6,4.0,3.7,4.8,8.1,1.9,3.7,-10.1,-2.9,-2.9,0.5,-0.2,-3.4,-0.8,-0.4,1.9,2.5,5.9,3.6,5.4,-3.7,2.9,4.6,3.4,3.9,-14.1,1.7,1.7,6.2,5.3,6.6,-2.7,3.1,5.4,2.8,3.1,1.6,5.7,4.1,10.0,5.0,7.2,1.7,7.3,4.9,-12.4,4.8,-4.1,5.7,4.4,2.4,7.2,2.6,3.2,4.4,1.1,2.1,-0.2,-4.0,-2.4,1.0,2.6,3.2,6.2,5.2,1.5,3.1,9.3,1.6,-0.8,-5.4,1.4,3.5,2.9,0.1,1.6,-0.3,-2.7,0.9,-3.2,-0.5,0.3,0.7,0.7,-0.7,-0.1,-0.2,1.1,0.1,0.0,-3.1,-1.6,-1.5,-2.3,-3.7,-3.8,-2.8,-1.0,-2.4,1.2,-2.1,4.8,3.2,-1.2,0.2,6.7,-2.6,0.4,-3.7,-0.3,-2.7,-10.7,3.3,0.3,-2.4,-1.7,0.2,5.3,3.4,-4.4,-2.2,9.3,-3.0,-1.1,-0.7,-0.8,-1.8,-2.2,-0.8,3.6,-1.4,-1.8,0.2,-3.3,-6.6,4.4,2.0,-7.4,-4.8,6.5,6.3,-4.3,0.8,-4.3,-1.3,6.0,1.8,-1.7,-3.4,-0.8,-1.8,2.0,-4.0,3.2,-3.3,-0.2,-5.6,-0.1,-1.7,0.5,0.4,-3.6,-2.8,-6.9,-3.8,0.4,-8.4,2.2,5.3,-13.6,5.0,-16.0,-6.2,-4.8,-12.3,-10.4,1.9,-1.8,-7.1,6.0,-6.0,0.2,-1.8,-5.5,-2.9
2C7L51I39O,0,48.108392,11.628373,4442312.91,2778540.53,536.8,582.5,291,7378,2.0,0.91,0.33,32.66,348.97,-0.53,-0.103,0.842,-0.6,0.1,-0.02,0.15,0.0,0.1,-0.3,0.6,-0.5,1.6,0.5,0.3,-1.9,0.4,-0.8,-1.0,-1.4,1.1,0.6,1.6,1.3,1.2,0.9,-1.9,-0.1,1.7,-2.0,-5.0,-0.1,1.1,1.5,1.3,3.7,3.0,1.3,1.3,-1.8,-11.0,-4.8,-4.8,-0.9,-1.0,-2.4,-0.9,-2.0,3.1,2.4,2.2,-0.1,2.4,-0.9,-0.2,-1.2,-2.1,-1.9,-1.0,0.1,-0.0,0.5,1.0,0.9,0.9,-1.5,1.5,-0.4,0.5,0.4,-2.5,-1.6,-0.7,-1.1,-1.6,-0.3,-1.2,-1.9,-4.0,-1.7,-2.6,-1.3,-2.8,-0.5,0.5,0.8,1.6,0.3,-0.3,-0.4,-0.9,-0.1,-0.7,-0.6,1.5,-2.0,0.8,3.9,-1.0,-0.0,-1.1,-0.0,-3.6,-6.0,-2.0,1.0,2.3,-1.0,0.3,0.4,0.7,1.1,0.9,-0.5,1.5,-0.0,-0.4,0.4,0.1,-1.4,-1.0,-3.9,-1.8,0.0,-0.5,-2.1,-4.0,-2.9,-2.3,-0.7,-0.5,-1.8,-2.3,1.0,-1.1,-2.1,-0.7,0.9,-3.0,-2.5,-4.8,-3.0,-4.0,-2.8,-4.6,-0.7,-1.0,-2.3,0.6,-1.5,-3.1,0.5,-1.6,-1.9,-2.4,-4.0,-6.0,-1.9,-1.2,-1.9,-2.1,0.1,0.1,0.5,-2.1,-3.3,-1.8,-1.9,-3.1,-1.0,-2.7,1.1,-3.5,-2.7,-6.7,-2.4,1.4,3.3,-1.6,-2.9,-1.0,-2.4,-2.0,-6.4,-4.2,-1.0,-3.4,-3.5,2.0,-3.1,-3.4,-2.2,-3.4,-0.9,-2.3,-1.1,-4.5,0.4,-2.5,-4.7,-4.9,-1.2,1.7,-4.4,-2.4,-4.2,-6.7,-3.0,-3.9,-4.8,-3.4,-2.4,-3.6,0.1,-0.3,-4.3,-1.8,-4.6
2C7L51I39P,0,48.108399,11.628428,4442316.95,2778541.4,536.7,582.4,291,7379,3.9,0.69,0.47,32.66,348.97,-0.53,-0.103,0.842,-0.4,0.2,0.01,0.3,0.7,0.3,-0.3,-0.1,-0.3,3.4,2.8,1.6,-7.5,-1.0,-3.0,2.3,2.1,0.3,0.9,4.4,-0.1,5.4,1.5,-3.7,-2.9,2.6,-2.5,-8.3,-4.7,1.2,0.9,5.6,3.6,2.8,-5.4,4.1,-4.5,-9.7,-0.2,-13.8,-5.4,-0.9,-6.9,-4.3,-3.2,4.2,3.1,7.3,-9.8,-0.1,-3.9,-1.8,2.3,-7.8,-0.0,0.1,3.2,-11.6,-7.8,-5.6,4.0,7.3,-1.9,5.8,-0.6,2.5,-0.6,-0.8,-1.6,0.7,-0.7,-10.6,-6.2,-5.3,0.7,-9.5,-4.0,-4.0,-3.2,-3.4,-4.4,-4.9,-0.5,1.5,0.8,-0.7,1.4,-1.7,-1.2,-1.7,-0.7,3.4,-1.9,-1.5,-2.6,-5.1,-0.5,-3.3,1.7,10.1,-6.7,-2.2,3.2,1.8,-0.6,2.3,1.9,-1.0,-5.3,-0.9,-0.6,-1.6,0.5,0.6,0.1,3.1,-1.0,0.7,-0.5,3.2,4.7,3.0,-5.4,-2.7,-3.3,-1.8,-0.2,-0.1,-10.3,-4.2,2.7,-3.8,-5.9,-2.3,1.0,-4.6,-3.1,-4.5,-3.6,-4.9,-3.1,-6.1,-3.5,-2.8,-2.1,1.6,1.9,-11.4,-2.1,-0.4,-2.6,-0.8,-1.9,-3.8,-0.4,-2.0,-0.2,2.0,-1.0,1.3,-0.5,1.5,-0.4,-0.6,-3.4,-3.8,-2.4,-0.7,2.3,-3.9,-4.8,-5.0,-6.6,-1.6,-2.7,-3.7,-2.7,-11.1,-9.2,-4.7,10.7,-13.1,-1.5,-3.7,-3.2,3.1,1.2,-2.6,1.6,2.2,-1.0,4.2,-1.2,-1.8,-1.1,0.3,-9.7,-3.8,-3.5,-1.3,-3.7,-5.7,-6.7,-3.9,-3.9,-0.5,-12.5,-0.1,-2.2,-1.2,0.5,0.4,-5.5,-1.5,-3.0
2C7L51I39W,0,48.108451,11.628834,4442347.09,2778547.86,537.7,583.4,291,7386,3.5,0.74,0.48,32.66,348.97,-0.53,-0.103,0.842,-0.7,0.2,0.63,0.27,0.6,0.2,-0.3,2.0,4.1,4.3,1.0,-0.2,-0.2,4.7,1.5,7.2,0.2,-12.6,-2.2,-2.6,-5.8,-2.4,-1.8,-1.2,1.5,-4.3,-1.0,-5.3,-5.0,-5.0,10.5,6.0,2.4,-6.4,-2.9,1.5,-1.4,-11.8,-3.8,1.9,1.3,1.2,-1.2,2.0,5.1,6.3,0.7,1.9,-1.0,2.4,-4.1,-3.0,3.6,-4.7,1.0,1.4,0.2,-8.1,-3.9,-6.5,-5.1,-3.8,5.5,-3.5,-5.3,0.1,0.4,2.3,1.5,8.2,3.1,1.3,0.5,-1.4,2.5,-0.6,-6.2,-2.2,7.0,-1.3,5.6,1.5,3.9,8.8,-1.2,-1.6,-0.3,-1.5,-6.1,-2.6,2.1,-2.2,1.4,2.9,-0.6,3.1,-2.6,-0.4,-6.8,-9.3,-14.5,-3.6,-0.5,-0.7,-6.2,-1.6,-0.7,-1.2,-1.4,2.2,-4.1,-0.4,-2.5,-6.7,-2.9,-5.9,0.1,-2.2,-7.0,-4.5,-8.0,-4.2,-4.2,-4.0,-7.8,1.1,-4.4,-3.0,-1.0,-1.6,-3.1,1.0,-3.7,-2.4,-0.1,-1.0,-3.4,-2.4,-4.5,-5.7,-6.3,-5.8,-2.3,-2.5,-8.6,-0.8,-3.5,-0.5,-5.4,-0.3,-3.2,-1.0,-1.4,0.6,-1.0,-2.6,-2.8,-1.4,-3.7,-3.0,-1.7,-1.3,-5.6,-3.5,-7.3,-5.3,-9.5,0.1,-5.1,-1.1,-6.0,-2.9,-0.5,-4.2,-0.3,-3.2,-1.5,-4.7,-7.0,-3.7,-3.7,-3.7,-3.9,-5.1,-4.3,-7.4,-8.6,-3.2,-3.7,-5.0,0.4,-4.0,-1.8,-0.7,-2.1,-1.4,3.5,-0.2,-7.7,-2.1,-4.8,-0.9,-4.8,-6.0,-0.7,-2.2,2.1,-4.9,-0.8,-1.1,-3.0,-3.3,-3.4,-2.4,-0.8
2C7L51I3Br,0,48.109492,11.636938,4442948.21,2778676.81,529.9,575.6,291,7531,3.4,0.76,0.43,32.7,348.97,-0.53,-0.103,0.842,-0.1,0.2,0.26,0.26,0.5,0.2,-0.3,0.7,-0.3,-2.7,0.3,-0.3,-1.9,-0.7,-3.7,-0.7,3.0,-1.1,-2.0,-1.4,-1.6,-0.6,3.9,-5.9,5.9,-8.0,3.5,1.6,-1.0,-4.1,4.1,-0.6,0.3,3.4,-0.0,1.5,0.2,-7.1,-3.9,-4.1,-0.9,-0.4,-0.7,2.7,0.9,6.3,-1.0,-1.8,1.7,-5.6,0.3,-0.2,0.7,-2.2,-5.3,-4.0,-1.1,3.3,1.0,-0.5,-1.2,0.4,0.9,-0.1,3.0,1.9,0.4,0.3,0.4,-2.2,2.0,1.0,-5.1,-0.9,-1.1,-3.0,-3.8,-5.3,5.1,-0.6,0.5,-1.7,3.1,2.2,1.7,-1.1,2.4,-4.1,-1.7,-2.0,-1.1,-4.1,-1.7,-1.4,-1.7,2.6,-1.2,-3.9,-3.9,-1.8,-2.2,-9.3,2.6,-3.0,-1.0,0.7,1.9,4.1,0.9,-2.1,4.3,-2.0,2.2,7.5,4.1,1.4,-0.3,0.4,-0.4,-4.4,-2.7,-3.6,1.5,-3.8,-1.1,0.6,-3.0,1.1,-0.2,2.4,-0.4,-0.0,-1.2,-0.1,2.1,-7.4,-5.5,1.0,3.0,-5.7,-2.3,-4.5,-6.9,-4.9,-0.0,-0.6,3.2,-4.9,-3.7,-0.3,-14.5,1.8,4.6,0.6,-7.4,-2.8,-3.5,-1.6,-2.8,-1.8,1.6,1.0,-3.3,-4.0,-3.2,6.2,8.4,-7.0,-2.0,-12.7,-3.7,-6.6,-6.3,-1.2,3.3,-2.1,-1.0,1.8,6.9,7.0,6.7,-1.2,4.1,-10.6,-3.3,-3.0,3.2,2.9,3.1,-0.3,1.8,-1.5,0.1,-1.1,0.2,2.7,-6.6,-0.8,0.7,-2.2,-1.1,2.5,1.3,-1.0,-2.3,-3.9,-2.5,-0.3,-2.8,-1.3,3.0,-2.2,0.5,-1.5,-0.1
2C7L51I3C8,0,48.109652,11.638188,4443040.96,2778696.68,543.7,589.3,291,7548,3.2,0.79,0.45,32.7,348.97,-0.53,-0.103,0.841,-0.4,0.2,-0.1,0.24,0.5,0.2,-0.3,-0.6,3.4,2.8,-0.1,-1.1,0.9,2.8,-1.1,3.3,2.3,2.6,1.7,1.7,0.2,-1.1,3.2,1.7,-6.9,-4.2,0.1,-1.1,-0.9,-4.0,-0.9,-1.0,0.1,-0.3,1.7,-4.0,-1.3,-7.6,-4.0,-3.1,-0.8,3.6,-4.0,-2.0,1.9,1.3,-5.5,0.8,-2.1,-3.7,0.1,-0.2,-0.6,-2.7,-0.8,-0.8,-4.3,0.4,-2.0,0.8,0.3,2.1,2.9,2.0,0.9,-0.4,-1.2,0.5,1.4,-12.6,-0.5,8.1,4.6,-0.7,-10.6,1.9,0.2,-1.2,3.2,0.4,1.9,-0.3,0.7,1.0,2.1,1.6,-2.3,-0.6,-3.0,-1.3,0.1,0.9,3.0,2.1,1.2,-1.8,1.2,-0.1,-4.4,-0.9,-1.6,-1.0,0.7,-0.7,1.3,2.5,-0.4,-2.1,0.7,3.6,1.1,0.2,-1.2,-0.7,0.7,-1.1,1.5,0.4,-1.7,1.0,-0.1,-2.2,-4.3,1.3,-2.6,-1.1,1.0,1.1,0.7,-0.8,1.8,-0.1,1.2,-2.7,-0.7,0.2,-2.1,0.9,-1.7,-6.9,-1.4,-1.9,-6.6,-4.9,-0.7,0.3,-1.2,1.0,-2.2,-2.1,0.1,-7.0,-5.2,-10.2,-2.0,-0.1,-0.5,8.0,5.6,1.7,4.0,-3.6,1.6,-1.1,0.7,1.9,-3.2,0.5,-6.8,-4.3,-6.5,-5.8,9.9,1.5,2.3,-2.1,-1.3,-1.1,-0.1,-3.4,-1.8,-1.8,-2.4,-6.0,-6.8,4.2,-4.7,-3.9,-0.8,-0.7,-0.4,-4.3,-5.2,-13.6,-1.5,-0.9,-5.6,-5.1,-3.5,-0.2,-3.7,0.0,-0.8,6.9,-1.9,4.0,-0.4,-2.6,3.0,-4.2,-3.8,-1.7,1.6,-0.5,-7.4
2C7L51IKAj,0,48.107641,11.62238,4441868.25,2778447.23,537.7,583.4,292,7273,3.1,0.81,0.46,32.6,348.93,-0.529,-0.103,0.842,-0.6,0.2,-0.65,0.23,0.7,0.2,-0.3,-4.1,3.9,3.7,1.2,1.6,-2.1,1.7,0.4,0.4,-0.4,-0.6,-2.3,8.4,0.8,4.8,1.9,-4.7,-2.7,-2.3,-1.4,1.1,-0.3,-1.7,2.5,-0.8,-2.0,5.0,-5.9,-0.4,-5.6,-11.2,-4.0,-7.3,-2.1,-3.6,-7.1,-3.9,2.0,2.1,-3.3,10.1,-3.5,-2.5,-13.7,1.3,2.4,-5.3,-4.6,1.9,-4.1,-3.2,-0.2,-0.3,1.4,0.2,-1.0,-3.9,1.4,-0.0,0.3,-3.4,2.2,0.0,1.7,-2.7,9.9,-6.0,3.6,1.8,0.7,-0.7,0.5,-0.7,-1.0,4.4,2.2,0.1,-2.7,-1.4,-12.0,-0.1,-1.9,0.7,-2.2,0.8,-0.1,2.5,-4.4,-0.2,1.5,-2.4,-2.1,-2.5,0.2,0.4,-1.1,-5.9,-1.5,2.6,-2.3,-0.3,-4.1,-0.0,3.3,5.0,-0.5,2.6,-2.1,2.5,1.2,4.1,1.3,-0.2,0.4,1.7,-2.9,-2.5,-1.2,-1.8,0.6,-3.4,-1.9,-1.0,-1.2,-3.3,-2.7,-0.0,-0.5,-1.6,-0.1,-0.5,1.5,-1.2,-3.7,-1.7,-1.7,-1.1,2.6,0.3,1.4,-4.1,-2.0,-1.2,1.3,-3.3,-2.8,-1.5,-0.7,-2.4,-2.5,-2.9,-0.7,-0.6,-1.7,-0.2,-1.8,-1.5,2.8,0.0,2.5,-2.7,-0.8,2.0,-1.3,-1.5,-1.0,-1.9,-0.0,0.2,-0.4,-0.3,-3.1,-5.2,-1.8,-3.1,-4.0,-5.1,-2.3,-6.7,-1.6,-1.5,-1.6,-1.9,-4.1,-1.7,-1.4,-2.7,-3.9,-1.8,-2.7,-4.4,-2.8,-16.2,-9.7,-7.6,-2.0,-2.2,-4.5,-4.9,-4.4,-2.1,-2.1,-3.6,-3.7,-3.6,-5.3,-3.9,-1.7
2C7L51IKAm,0,48.107654,11.622477,4441875.49,2778448.79,535.7,581.4,292,7276,2.3,0.89,0.38,32.6,348.93,-0.529,-0.103,0.842,-0.6,0.1,0.0,0.17,0.3,0.1,-0.3,0.6,0.5,1.5,-1.1,0.8,-0.4,0.4,-0.3,-0.2,-3.3,2.8,0.3,1.8,-0.1,-0.3,-1.8,-2.9,2.4,-1.0,-3.8,-0.6,-2.2,1.2,1.0,3.5,0.0,1.5,-0.1,7.1,1.2,-16.0,-1.7,-1.6,0.1,-7.2,-3.3,-0.0,-1.5,-0.6,0.6,-1.1,0.4,-1.9,-0.5,-1.4,-0.6,-2.6,-0.7,-1.9,-0.5,-0.3,-1.6,-1.3,-2.0,-3.3,-1.9,-1.7,-1.8,-2.5,-3.1,-2.4,-1.4,2.4,-1.0,-4.5,-3.0,-1.6,-2.0,-1.6,-0.5,-2.6,0.4,-3.0,-0.9,-2.2,-0.9,-0.4,-1.3,-2.8,-2.9,0.2,-2.8,-0.1,-2.0,0.1,-0.1,-3.6,-1.7,-0.1,-1.2,0.8,0.5,-1.0,-1.2,1.0,-1.1,-1.1,1.1,2.6,2.6,-2.0,-3.5,-6.6,-4.0,-6.7,-3.7,-0.8,-2.2,-3.3,0.0,-4.0,0.3,-7.0,-3.8,-2.7,-3.4,-0.4,-2.1,-3.1,-0.1,-3.8,0.2,-5.6,-6.5,-0.5,-7.2,-0.7,0.5,1.0,-0.4,-5.4,-4.8,-4.4,-4.4,-0.7,1.3,-3.0,-0.9,-4.5,-0.1,-4.3,-3.1,-1.3,-4.0,-0.4,-1.3,-4.1,-2.5,-0.3,-1.2,-2.5,-2.3,-1.9,-2.0,-2.0,-0.9,-1.9,-0.6,-0.2,-1.1,-0.7,-1.8,-2.1,-2.9,-4.5,-0.1,-2.3,-0.6,-1.3,-3.2,-4.7,-4.6,-0.5,-4.2,-5.6,-3.5,-4.0,-1.6,0.6,-2.1,-2.8,-1.7,-1.5,-2.5,-2.2,-1.7,-2.9,-1.4,-5.5,-5.1,-4.1,-3.9,-4.5,-3.9,-7.9,-9.6,-4.1,-3.6,-4.5,3.2,-2.8,-7.0,-5.9,-4.8,-3.4,-3.9,-3.6,-4.4
2C7L51IKBE,0,48.107865,11.624127,4441997.84,2778475.02,538.0,583.7,292,7304,4.3,0.63,0.47,32.64,348.97,-0.529,-0.103,0.842,0.6,0.2,0.01,0.33,1.7,0.3,-0.3,-1.0,-2.6,2.0,-1.5,-0.8,-1.5,-7.0,0.7,-0.2,-7.7,8.1,4.2,10.6,7.5,7.9,11.9,3.0,3.3,-1.3,0.5,7.5,0.2,3.6,6.8,8.7,7.0,3.4,1.6,6.0,2.2,9.5,3.7,-3.1,1.4,1.0,1.7,2.9,3.5,4.6,4.3,4.3,2.3,8.1,2.3,2.0,0.3,-2.9,-1.0,1.8,-3.5,18.8,-2.1,1.0,3.5,1.4,-6.5,0.8,-3.1,1.9,-0.8,-1.8,0.9,1.6,-0.6,-4.5,-3.3,0.8,0.2,-1.9,7.0,1.5,7.0,3.6,6.5,6.2,5.4,4.8,5.1,2.2,0.9,6.5,-4.4,2.6,3.6,3.6,7.0,3.9,4.5,2.6,5.3,5.5,2.8,3.0,3.2,5.1,6.9,2.1,6.9,7.8,3.9,6.0,8.6,4.3,3.4,2.5,5.9,9.4,4.3,8.1,3.1,6.4,4.0,4.6,7.4,6.9,-0.6,1.0,2.7,2.4,0.4,-1.9,2.7,4.9,3.1,10.1,2.6,-4.6,1.9,-4.0,0.0,-6.8,8.3,-0.5,-0.5,8.1,9.0,10.8,7.9,9.6,15.2,2.6,4.3,5.9,11.1,4.5,9.3,4.9,2.3,13.6,3.7,-1.8,-5.5,19.4,-6.2,6.6,10.3,1.6,6.1,5.5,5.9,6.6,5.7,3.0,3.8,2.5,3.0,1.4,3.7,2.8,5.4,3.6,-0.8,0.9,-3.2,-1.4,-2.1,-0.2,2.0,1.5,-3.3,3.5,1.7,6.3,1.3,1.7,2.7,1.2,3.9,14.2,9.8,7.8,5.1,6.6,4.8,6.1,20.8,2.7,9.7,3.7,10.0,15.3,9.6,1.7,-1.0,7.2,1.9,7.0,3.5
2C7L51IKBq,0,48.108139,11.626258,4442155.92,2778508.94,535.5,581.2,292,7342,4.5,0.65,0.52,32.65,348.97,-0.53,-0.103,0.842,-0.5,0.2,0.1,0.34,0.9,0.3,-0.3,1.6,-3.8,3.6,-2.5,-4.2,7.9,-0.5,0.4,-1.3,-1.5,-1.0,-3.1,0.6,-3.7,-1.3,1.3,0.8,-1.2,1.3,5.4,3.8,5.1,-1.8,-2.8,0.5,3.1,2.2,-0.5,3.8,4.6,-16.1,7.3,-3.5,-0.9,-3.5,4.2,3.7,1.3,-9.1,-6.2,11.5,3.6,4.4,-1.0,-1.7,0.3,2.2,3.9,1.8,4.5,-6.2,4.2,0.2,-10.2,4.0,6.9,-5.9,2.3,2.5,1.1,-0.6,1.1,7.2,1.5,-0.8,-0.8,4.6,0.8,-0.2,-0.6,-11.6,-12.4,4.1,-2.7,6.6,5.8,14.7,3.5,3.1,2.2,-0.4,2.1,1.0,3.3,-2.3,2.1,-0.3,-5.4,12.8,12.1,2.0,-1.7,-13.9,-2.5,-1.2,-1.2,-11.4,-2.2,-2.5,-0.3,0.2,-0.7,0.9,3.4,-0.0,-0.2,0.4,0.9,3.9,-5.8,-2.8,0.0,-1.2,-0.2,-6.4,-0.7,-2.7,-0.1,-1.8,-5.5,0.3,-8.5,1.9,-1.4,-1.7,5.7,7.2,-0.0,-3.3,-2.7,-4.9,-4.7,-1.0,-1.7,-6.6,-5.6,-2.6,-5.0,-0.5,-3.5,-1.9,-3.4,-2.1,-3.9,-1.0,3.0,-2.4,-2.8,0.4,0.6,-4.7,-1.6,-2.3,0.0,-0.4,4.0,3.4,-2.5,3.3,1.8,1.7,-7.5,-2.9,0.9,-7.5,0.9,4.3,-3.7,0.1,-2.0,-4.1,-3.2,-7.4,-16.7,8.4,1.2,2.6,-6.8,9.1,-3.2,4.3,-3.8,-0.4,-1.4,-4.2,1.1,3.1,0.8,1.4,-4.4,2.9,-2.3,-2.2,-5.8,-8.0,-7.4,-4.7,-4.3,-0.4,8.5,0.6,-0.9,-0.2,-3.9,-4.7,-0.4,-4.9,-1.3
2C7L51IKBz,0,48.108209,11.626805,4442196.54,2778517.65,537.2,582.9,292,7351,3.2,0.75,0.43,32.65,348.97,-0.53,-0.103,0.842,-0.5,0.2,-0.02,0.25,1.0,0.2,-0.3,1.4,0.6,-0.6,-2.2,-1.9,-4.1,0.7,-2.9,-1.0,-6.0,-1.1,0.5,2.6,1.2,5.7,3.0,2.9,-1.4,1.8,-4.8,-2.0,5.2,3.0,3.4,3.9,3.6,3.9,-8.2,-3.7,-3.2,-9.8,-4.6,-1.3,-0.2,-3.8,7.4,5.7,-3.5,7.3,0.9,-0.7,0.3,2.9,-4.2,0.3,-6.6,-2.7,-5.9,-3.9,-2.2,-2.9,-0.6,-2.9,-4.4,-6.5,-8.7,-7.3,-4.2,-4.4,-4.3,-5.2,-2.2,0.9,-2.5,-2.1,-5.9,-2.5,-1.6,-3.2,-2.1,-6.5,-0.7,-2.1,-3.0,-0.9,0.0,0.2,1.6,-14.7,0.7,-4.2,-1.7,-0.4,0.0,-3.7,-0.9,-0.8,0.3,-2.3,1.2,-3.8,-3.3,-7.9,-2.1,-1.8,3.3,-0.7,2.9,3.1,0.5,-1.6,-0.6,-1.7,-1.3,2.5,-3.1,1.2,-5.9,-2.0,-1.3,-3.1,-3.7,-7.6,-4.2,-7.3,-6.3,-6.1,-3.7,-4.0,-3.4,-3.5,-4.6,-8.6,-1.2,-4.1,-1.9,-4.6,4.0,-4.6,-1.7,-2.6,-7.0,-4.1,-5.0,0.1,-5.1,-3.7,1.6,-1.5,3.2,-0.1,-0.8,-0.2,4.4,5.3,2.6,-1.5,-2.9,0.3,-0.1,-5.4,0.3,-0.0,-1.1,1.2,-4.0,-3.1,-3.6,-3.7,-3.9,1.4,0.8,3.0,-0.3,-0.8,-3.6,0.0,5.2,-3.2,0.6,-4.6,-7.6,1.0,-5.6,-6.6,-4.4,-3.1,-0.7,-3.0,-5.1,-1.6,-3.4,-2.1,-1.6,-4.0,-0.1,-6.9,0.9,-0.1,-5.8,-10.1,-1.0,-2.2,-2.0,-5.3,-5.0,-4.9,-4.9,-6.7,-5.6,-5.3,-5.8,-4.8,-3.6,-1.1,-2.2,-9.7,-4.3
2C7L51IKCe,0,48.108505,11.629107,4442367.24,2778554.26,535.8,581.5,292,7392,2.0,0.91,0.28,32.66,348.97,-0.53,-0.103,0.842,-0.7,0.1,-0.0,0.15,1.0,0.1,-0.3,-0.0,0.1,1.9,0.3,-0.1,-2.0,1.2,-0.5,0.2,-7.2,-0.3,-1.8,1.5,0.5,0.2,0.7,3.0,1.1,-0.5,-1.9,-2.1,-0.0,-1.0,0.3,0.4,2.4,-0.7,-2.4,-3.3,-3.6,-10.1,-5.3,-3.5,-2.3,-5.9,-2.9,0.5,-0.2,-1.4,-1.1,-0.5,-3.3,-0.5,-1.5,-2.5,-2.5,-4.9,-3.2,-1.6,-2.1,-3.5,-0.8,-0.6,-0.7,-0.5,-0.9,-2.1,-0.8,-1.1,-1.7,-2.2,-0.7,-8.1,-1.1,-4.6,-2.1,-3.0,-3.2,-0.5,-1.3,-3.7,-1.9,-4.4,0.1,0.1,0.2,0.4,-1.1,-1.1,-1.1,-1.9,-3.5,-3.0,-3.0,-2.7,-1.6,-3.1,-1.4,-3.6,-3.1,-4.0,-5.2,-9.2,-4.9,-5.2,-0.6,-2.6,-2.4,-2.3,-2.7,-3.2,-3.4,-2.4,-4.2,-3.0,-1.6,-1.2,-1.7,-2.8,-1.4,-0.2,-2.3,-2.1,-2.6,-2.0,-2.2,-3.7,-1.3,-1.1,-1.3,-5.0,-0.6,-1.5,-1.0,-1.6,-3.1,-2.4,-1.8,-3.2,-2.7,-3.6,-2.7,-5.1,-3.1,-5.3,-2.7,-3.6,-5.5,-1.9,-2.0,-5.0,-5.8,-4.3,-2.6,-1.9,-0.9,-6.5,-1.2,-0.6,-1.2,-5.1,0.3,-1.2,-2.4,-0.1,-3.9,-1.7,-2.1,-3.8,-3.9,-2.7,-0.9,-3.3,-5.3,-6.3,-4.3,-4.2,-1.3,-2.3,-4.8,-5.3,-7.9,-8.6,-7.1,-6.2,-5.3,-4.2,-2.7,10.3,-3.2,-3.1,-2.9,-4.4,-2.7,-4.8,-3.0,-6.0,-5.7,-4.9,-7.0,-5.7,-5.4,-4.6,-5.2,-5.5,-7.4,-5.9,-6.1,-7.4,-3.8,-5.7,-5.5,-4.7,-3.4,-4.3,-5.0,-1.8,-3.2
2C7L51IKCj,0,48.108543,11.629405,4442389.41,2778559.02,535.9,581.6,292,7397,3.7,0.8,0.4,32.66,348.97,-0.53,-0.103,0.842,-1.1,0.2,-1.09,0.28,0.3,0.2,-0.3,-2.1,-1.4,0.0,-0.3,0.5,-2.1,0.7,1.2,5.0,-3.0,0.8,0.0,-1.0,1.8,1.1,4.2,-0.5,0.6,-2.0,-1.4,-3.6,2.4,-0.8,-2.7,1.0,4.0,3.8,3.0,-0.4,6.5,-5.7,-7.0,-2.4,-3.0,-2.0,-1.9,-2.6,0.8,3.4,-0.5,5.7,3.2,0.3,-1.4,0.9,-3.8,2.3,0.7,-0.9,3.6,-1.5,1.2,2.3,2.6,-0.0,0.5,0.5,1.9,1.8,2.2,2.0,1.0,-1.9,0.4,0.2,0.3,0.4,2.2,0.1,0.7,-2.3,0.7,0.6,1.0,3.8,-1.3,3.9,0.0,-1.4,-1.8,-4.9,-5.6,1.5,-1.1,-1.4,0.7,0.4,-2.3,-1.2,3.2,1.2,-3.6,17.8,-3.5,-1.4,-1.7,-2.8,20.1,-1.8,-1.7,-0.2,0.4,0.7,-0.9,1.2,2.2,-0.1,2.7,1.2,1.6,0.2,-1.7,-3.3,-3.0,-0.7,1.5,0.5,-0.9,-0.8,-0.6,-0.9,-1.4,1.0,-0.0,1.2,2.9,-2.7,0.0,0.9,-1.7,-3.4,-0.9,-1.4,-0.8,-2.6,7.8,2.1,1.7,6.8,-3.7,-5.4,-5.0,-2.0,-4.3,-2.1,-0.9,2.1,-2.0,-5.1,-1.4,2.3,0.4,-1.1,-1.7,-0.9,2.8,1.5,-0.9,-2.4,0.6,-8.1,-4.2,-2.4,-7.4,-3.5,1.3,18.0,-2.6,-4.2,-2.2,-1.7,15.4,-4.3,-5.7,-5.5,-4.7,-5.2,-3.9,0.6,-3.7,0.7,-4.6,-7.0,-4.0,-3.5,2.1,-4.4,-5.1,1.5,-2.2,-2.5,-5.0,-3.2,-3.4,-2.6,-0.1,-2.3,-1.6,-9.2,-11.2,-10.5,-11.5,-10.1,-9.7,-9.6,-11.4,-3.7,-1.3
2C7L51IKDf,0,48.10898,11.632806,4442641.64,2778613.11,540.4,586.1,292,7455,3.4,0.74,0.5,32.68,348.97,-0.53,-0.103,0.842,-1.0,0.2,-1.16,0.26,1.2,0.2,-0.3,-4.9,-1.3,-0.8,-0.0,-1.6,-9.0,-1.6,-1.3,-0.6,10.3,2.7,-2.5,0.7,1.1,2.4,3.4,1.2,-1.5,0.8,1.0,-1.7,-1.0,-2.9,0.8,-1.8,1.0,-0.4,-3.2,-3.1,-0.2,-4.8,-0.6,-2.4,-3.0,-6.2,-2.5,-0.6,-1.2,2.2,5.5,0.1,-3.0,0.3,2.9,7.6,-2.7,-0.8,-0.3,-1.8,0.5,-0.5,0.8,-1.8,-2.3,-3.1,-4.6,-3.7,5.5,-4.3,-5.7,0.7,10.4,7.6,-2.0,8.9,-11.6,-2.4,12.7,-2.4,-0.4,-1.3,-3.5,-2.7,0.3,-1.4,1.8,-2.2,-3.5,-3.4,0.5,-2.3,-0.5,1.7,-2.1,-1.8,-0.8,2.3,-1.8,0.8,1.1,-8.2,-4.6,-8.2,-1.0,-0.7,-3.7,-1.7,-0.1,1.9,1.1,2.1,1.8,0.4,3.6,0.5,-1.2,1.3,-1.7,1.5,-0.5,0.2,-2.4,-0.9,2.0,-1.6,-3.6,7.2,-4.4,3.0,-2.2,9.3,-1.3,2.9,0.0,-0.9,0.7,-0.6,0.7,0.2,-1.9,-2.6,2.2,-0.1,-3.2,-3.8,-2.8,-2.7,-3.2,0.7,3.1,-2.9,-4.3,-0.5,1.1,4.6,1.0,7.6,6.1,4.0,-4.3,6.1,4.2,-2.6,-1.7,-2.2,-1.2,3.3,-2.4,0.7,-2.0,-5.6,-11.4,-4.0,-5.5,-3.3,-4.4,-2.8,-0.3,-7.3,-4.1,-3.1,-4.6,-10.7,-3.2,-7.8,9.6,-5.6,-2.8,-2.1,-2.4,-5.9,-3.7,-5.5,-6.4,-2.6,-6.1,-7.0,-7.2,-7.6,-3.4,-5.6,-4.0,-8.2,-5.9,-3.7,-3.3,-5.8,-3.7,-6.4,-7.4,-6.9,-8.1,-5.2,-3.6,-5.8,-6.2,-6.5,-3.2
2C7L51IKAy,0,48.107769,11.623234,4441931.54,2778462.87,539.5,585.2,292,7288,2.9,0.78,0.45,32.61,348.93,-0.529,-0.103,0.842,-0.2,0.1,-1.08,0.22,1.1,0.2,-0.3,-0.9,-1.4,-4.1,-0.9,0.2,2.9,-4.4,1.6,-2.6,-0.9,-1.4,3.2,-2.6,-8.1,-2.1,-2.1,-2.0,-1.2,-1.5,-1.4,0.2,-2.3,0.0,-0.3,0.6,0.8,1.7,7.6,2.6,-3.5,-0.6,-3.6,-8.3,-6.5,-3.6,-3.7,-6.8,-1.0,-3.5,-3.1,-0.5,6.6,-1.0,1.1,7.2,1.7,1.9,0.5,1.8,-0.4,1.9,2.6,-0.7,0.3,3.0,3.3,2.5,2.2,0.8,1.9,1.1,-3.9,3.7,5.2,2.9,-5.0,1.1,8.4,-3.7,0.8,4.3,-6.7,1.5,-1.7,-1.5,-2.7,-2.6,-3.1,-3.2,-2.8,-4.0,-4.1,0.2,-11.5,1.9,-4.8,-3.6,-2.1,-0.4,-1.7,-0.8,-1.3,3.1,-1.8,-0.6,-3.4,3.4,-0.7,0.2,-2.8,5.9,-0.0,-4.8,-2.0,-2.3,-0.5,4.0,2.6,1.3,3.4,-3.0,3.2,3.2,1.4,2.5,0.9,-0.3,0.2,0.1,1.9,-0.8,0.5,5.2,0.2,0.9,-0.3,3.0,1.5,-1.1,-0.2,-3.1,-1.0,1.2,2.3,-2.1,1.5,2.3,3.2,3.9,7.3,2.3,1.9,1.1,2.9,1.9,1.4,0.7,0.4,2.1,2.6,1.7,4.8,0.3,0.1,-0.5,1.0,3.0,1.0,1.3,0.4,-1.8,-2.2,0.4,-0.5,-6.2,5.1,-0.7,-1.3,0.2,-1.4,-3.7,-4.1,-6.1,-2.8,0.8,-4.0,-0.6,0.4,1.9,-0.8,-1.9,0.0,-1.1,2.3,-3.2,-4.2,2.7,2.0,-1.9,-5.4,-2.7,-1.1,-1.4,-5.7,-3.4,-1.7,-3.5,-2.7,-0.8,-4.8,-1.2,2.0,-4.1,-3.6,-6.1,2.4,-4.5,-10.5
2C7L51IKBM,0,48.107942,11.624577,4442031.23,2778484.26,535.9,581.6,292,7312,3.8,0.76,0.45,32.64,348.97,-0.529,-0.103,0.842,-1.3,0.2,-0.62,0.29,0.3,0.3,-0.3,-1.5,0.8,1.0,0.7,-1.4,-2.6,-0.2,-0.3,0.9,-1.4,2.5,2.9,1.5,-0.3,1.0,1.4,-0.1,-3.1,2.0,-6.5,0.6,-0.6,-4.7,-5.8,-1.2,-0.8,-0.9,-1.2,-4.1,-6.3,14.4,2.0,-4.6,-7.5,13.7,-4.4,-6.2,-1.1,2.5,0.7,-0.5,4.7,-2.7,2.7,2.1,-0.4,2.0,-4.4,-2.3,-3.9,0.6,0.3,-2.9,0.1,-0.9,-2.8,-1.0,0.2,-0.5,-3.8,-4.6,-4.7,16.6,-3.2,-4.9,-5.5,-4.5,-3.7,-3.3,-3.1,-1.1,-2.3,-4.4,-0.8,-0.1,-0.6,-2.9,3.5,-2.0,-3.9,0.7,-9.0,-2.2,-1.0,-1.6,0.7,-2.0,-0.7,-2.3,-5.0,0.6,-1.9,-2.6,-4.8,-3.0,0.3,-0.1,-2.8,-0.3,-3.4,-3.6,-3.1,-1.2,-0.7,-1.0,-4.7,-3.0,-3.8,-5.2,-1.6,-3.2,-2.6,-1.9,-4.5,-1.1,-2.0,3.9,-2.2,0.5,-2.7,-4.6,-2.3,-1.8,-3.0,-3.0,0.3,1.7,1.1,-4.5,-4.6,-4.8,-5.3,-3.9,15.9,7.4,-5.2,0.3,-10.6,4.4,2.3,0.1,-4.1,-3.1,1.3,1.4,-1.4,-3.1,-2.7,0.4,0.1,-8.3,3.8,0.4,0.1,1.0,1.0,-1.7,-1.7,-4.0,-1.8,-5.6,-6.8,-6.3,-1.4,-11.1,-2.3,-4.6,-7.3,0.2,-6.7,-8.3,-13.7,-10.7,-10.2,-4.3,-8.9,-8.7,-4.9,8.8,-5.4,-5.2,-6.3,-6.0,-9.6,-6.6,-5.7,-7.4,-5.7,-11.9,-8.0,-4.4,-5.9,-8.6,-10.8,-6.0,-4.0,-4.3,-10.9,-6.9,-3.9,-9.8,-7.4,-5.1,-3.9,-6.8,-3.5,-6.3,-8.1
2C7L51IKBP,0,48.107958,11.624703,4442040.51,2778486.25,535.2,580.9,292,7315,3.6,0.79,0.42,32.64,348.97,-0.529,-0.103,0.842,0.4,0.2,0.03,0.28,1.0,0.2,-0.3,-0.6,-0.5,0.5,-1.0,2.0,1.0,0.9,-0.6,0.7,-0.5,-0.3,0.2,0.0,-0.8,1.0,-0.7,0.8,0.8,-0.8,1.0,0.3,-0.1,-1.2,0.0,1.6,1.0,3.2,0.1,-0.5,-3.6,-17.8,0.9,-3.8,-3.0,-8.8,3.3,-15.9,-3.8,0.8,-3.5,8.9,3.8,7.6,-0.3,3.9,2.6,-6.7,-1.6,-1.0,-1.8,-0.9,-1.8,0.5,0.8,-3.3,-3.1,-0.9,0.0,-1.3,-2.4,-3.9,-1.6,-4.1,-15.6,-1.9,4.3,-1.4,-7.7,-1.5,-1.9,-2.0,-2.4,-8.3,-2.4,-1.4,-1.2,-0.4,1.2,-2.4,-1.6,-1.6,3.0,0.6,-3.3,1.1,-1.3,-3.1,-0.6,1.7,0.6,0.1,-4.7,-3.2,-0.8,-1.1,1.5,-1.0,0.7,2.9,0.3,0.6,-1.8,1.5,2.1,0.4,0.9,-2.2,-0.2,0.0,0.3,-1.0,-0.5,-0.5,-1.8,-0.4,-3.7,-5.4,-2.1,-0.8,-0.1,1.6,-1.2,0.6,-1.2,-0.1,0.5,2.2,0.7,0.4,-0.4,-1.3,-0.8,3.7,-0.5,1.2,-3.5,4.4,-0.3,0.3,3.7,5.1,1.0,0.7,-1.1,-1.7,-0.5,6.4,1.1,1.5,-1.4,7.3,-2.0,-0.4,2.3,-0.5,1.5,-0.2,0.3,1.1,-0.0,-0.7,1.3,1.8,0.2,-1.5,0.8,3.9,2.0,5.4,3.8,1.7,3.4,2.1,3.8,6.9,1.3,0.6,-9.1,-5.2,-1.6,-1.6,-4.1,-1.6,-2.6,-1.5,1.1,-14.6,-2.2,-0.6,3.5,5.6,3.6,1.0,4.0,-3.4,2.4,-6.9,4.6,4.9,3.5,5.0,9.5,-2.0,-14.9,4.8,1.3,1.3,-0.1
2C7L51IKBp,0,48.10814,11.626122,4442145.84,2778508.85,531.9,577.6,292,7341,3.2,0.76,0.36,32.65,348.97,-0.53,-0.103,0.842,-0.6,0.2,-0.52,0.25,1.0,0.2,-0.3,-1.8,0.8,0.4,-0.7,-1.5,-4.9,1.5,2.1,2.1,2.2,2.0,1.7,3.2,1.6,2.5,1.3,1.2,0.3,0.7,-2.3,-0.4,2.5,1.3,1.3,6.0,3.0,4.2,4.2,5.2,-4.0,-13.1,-7.8,-6.5,-3.4,-2.9,-6.9,1.9,1.6,-0.6,0.8,-1.8,1.5,4.5,4.0,-2.6,-2.0,-0.6,1.0,2.4,6.6,2.8,4.0,-0.6,-4.9,-5.1,-4.7,-3.2,-2.2,-0.8,-0.5,0.7,0.3,-0.1,-5.5,-4.9,-1.4,0.4,0.6,-2.1,0.1,0.5,-1.1,-1.3,0.8,0.8,2.5,5.7,1.8,4.0,4.9,3.2,2.0,1.7,0.2,0.1,-3.6,2.5,-3.6,-4.2,-6.9,2.6,-1.6,-1.5,-3.3,0.6,3.1,-1.7,-2.4,-3.5,-0.9,-3.9,-0.0,-0.5,1.5,0.1,1.2,-1.5,2.5,0.5,-1.4,0.9,4.5,-1.6,-1.3,-3.4,-3.5,-0.2,3.5,1.1,-5.8,1.4,-1.2,2.6,1.3,2.9,2.2,4.0,1.4,-1.6,1.7,-4.7,-4.1,2.9,-6.8,-6.3,-5.3,-1.1,-4.5,2.4,3.1,1.7,-6.3,1.6,-1.3,-1.7,11.9,-0.8,-1.7,4.1,1.0,-2.0,-1.1,-0.6,0.3,-0.3,6.5,3.4,0.3,-0.9,2.7,1.7,-6.5,-0.2,-5.5,-3.5,2.7,-0.7,-3.1,-4.6,-0.2,-1.6,-3.4,-3.6,-5.6,-7.5,0.2,-3.8,-2.6,-11.0,-4.1,-5.6,-2.3,-0.3,0.9,-2.3,5.1,-1.2,3.5,-3.3,-4.8,1.4,1.6,-4.6,-6.5,-4.4,-1.6,-3.7,-3.3,-1.3,-2.1,-0.5,-3.5,-10.2,-5.9,-4.2,-4.3,-6.7,-0.0
2C7L51IKCf,0,48.108527,11.62913,4442368.94,2778556.7,534.5,580.1,292,7393,2.6,0.84,0.34,32.66,348.97,-0.53,-0.103,0.842,-0.8,0.1,-0.7,0.2,0.5,0.2,-0.3,0.6,2.0,1.0,1.5,-0.6,-5.5,0.7,-0.0,0.8,-7.6,0.8,-3.7,0.1,0.8,2.1,0.5,0.1,1.4,0.4,0.2,-1.3,3.2,4.5,3.5,1.4,5.5,2.3,0.9,0.5,-0.6,-8.0,-4.0,0.0,0.8,-0.9,2.3,2.6,2.2,3.0,-1.5,1.1,-1.8,0.5,1.1,1.1,-0.4,-1.8,-0.8,2.3,2.1,2.3,0.1,3.2,1.4,0.6,-0.2,-1.9,0.5,1.8,-0.9,-3.9,0.4,5.6,-0.6,-1.8,-4.5,-1.9,-1.4,2.1,-1.2,-2.0,0.7,-3.2,1.7,2.8,1.9,2.5,0.3,-0.6,0.5,-0.2,-0.6,-0.1,-1.6,1.6,1.1,1.7,0.1,-0.4,1.6,-1.2,-2.9,-5.1,-1.7,-3.0,2.8,1.1,1.5,2.0,0.9,-3.5,-1.7,-2.1,1.4,-0.1,1.5,3.0,4.7,3.1,1.4,1.8,0.3,1.7,0.2,2.8,0.4,-1.0,0.7,0.6,0.8,-2.9,1.8,1.7,3.5,-0.2,1.2,1.4,3.2,1.7,0.4,-1.7,0.6,-2.0,0.1,-0.9,-0.6,0.3,2.2,2.7,3.0,-4.7,-3.0,2.0,0.2,1.6,1.1,2.3,0.6,2.2,2.0,-0.5,2.5,0.9,2.5,1.0,-3.5,0.9,-2.7,-0.2,-1.5,-1.5,-0.6,-1.2,-1.2,-1.3,0.3,-0.3,3.2,0.7,-0.3,-0.8,-4.2,-5.7,-7.6,-6.3,-3.6,-4.3,-3.5,8.0,-3.9,-6.3,-0.8,-11.6,2.5,-7.8,-7.2,-9.6,-8.0,-3.2,-5.5,-6.4,-5.0,-3.9,-4.3,-5.6,-3.4,0.1,-0.6,-2.1,1.8,-5.3,-1.8,-1.6,0.1,-4.1,-4.0,-0.1,0.9
2C7L51IKCg,0,48.108531,11.629162,4442371.35,2778557.21,533.3,579.0,292,7394,3.6,0.76,0.44,32.66,348.97,-0.53,-0.103,0.842,-0.4,0.2,-0.67,0.27,0.6,0.2,-0.3,-2.5,-0.2,-2.2,-4.2,-3.6,15.0,-5.2,-0.1,1.0,-8.2,1.2,3.2,-0.8,3.2,1.9,0.0,-0.8,-2.0,-1.5,1.3,-2.8,2.5,3.6,1.3,-1.5,3.1,0.1,-5.3,-0.7,-1.7,-11.2,-2.9,-2.2,-2.6,-0.2,0.7,0.7,3.7,1.2,-4.0,-1.9,4.0,-1.3,-0.6,1.3,1.1,0.3,1.9,0.2,1.7,0.4,-1.1,2.1,2.2,-1.9,-1.4,-3.6,0.6,1.3,0.7,-4.1,-3.3,-0.5,-0.2,0.5,7.7,3.5,-2.3,0.3,-2.4,6.6,3.8,2.5,2.1,2.2,1.3,1.2,-0.4,-3.7,2.5,1.5,2.4,-2.4,-1.7,1.9,-1.4,1.7,-1.5,-3.4,-0.2,-1.4,-1.6,-2.6,0.7,0.3,2.9,2.5,-0.0,1.5,4.1,-3.1,0.6,-2.5,3.8,-1.9,0.7,3.4,2.5,2.2,0.1,3.0,0.3,0.0,0.5,0.5,-1.2,-2.0,-0.6,0.6,-1.9,-3.6,-2.3,0.4,-0.8,-2.4,-0.3,4.3,0.8,0.4,-2.1,-1.8,1.2,1.1,-4.3,-3.3,-2.3,-2.6,1.4,2.9,4.0,-4.3,-0.0,1.6,1.6,3.5,0.4,2.6,3.6,1.1,6.2,1.1,2.3,5.7,2.1,1.5,-2.5,0.3,-4.2,-0.7,-2.8,-3.3,-1.6,-1.0,-1.6,-2.3,-0.8,-2.5,3.4,-1.7,-1.9,-1.3,-5.0,-6.2,12.5,10.1,-3.9,0.3,8.9,-9.3,-5.7,-11.4,0.9,-8.0,-1.4,0.5,-8.8,3.9,1.6,1.2,-1.7,12.0,-3.2,-8.0,-14.3,-3.7,-0.8,0.7,-1.8,-3.3,-0.3,-3.7,-3.6,-4.2,-0.6,1.2,-0.4,1.9,-8.8
2C7L51IKEE,0,48.109234,11.634641,4442777.74,2778644.38,533.0,578.7,292,7490,4.3,0.69,0.45,32.69,348.97,-0.53,-0.103,0.842,-1.6,0.2,-0.18,0.34,1.2,0.3,-0.3,-1.7,1.6,1.7,3.9,3.3,1.1,2.0,1.8,0.4,6.4,1.6,3.2,0.1,2.7,-0.6,0.2,-2.9,-0.1,-0.5,0.5,-3.6,-4.0,-6.8,-6.0,9.8,-5.5,-15.1,2.8,2.8,2.9,-2.8,0.2,-0.4,0.2,3.7,-8.6,-0.5,-6.9,4.8,2.7,3.3,-1.1,-0.7,-0.9,-3.4,1.2,4.6,3.0,0.5,-0.4,4.1,1.9,2.3,2.7,1.7,1.3,-0.3,-1.6,0.2,1.5,3.9,0.1,0.6,3.0,1.5,0.2,1.8,-1.1,-0.0,1.6,2.4,0.0,4.6,3.6,1.7,0.8,5.7,4.8,2.4,1.1,-0.8,-1.6,-0.9,-2.7,-4.5,-3.1,-0.5,5.1,-2.5,1.2,1.4,-2.7,-3.5,-5.7,-2.4,0.2,1.1,3.0,6.6,-2.3,0.6,0.7,2.4,-1.2,-0.1,1.2,0.9,6.6,6.3,-16.9,4.4,0.8,-0.3,4.4,9.0,1.4,0.3,0.6,4.3,-2.7,-0.1,-1.1,3.0,1.7,0.8,3.1,2.4,2.3,4.2,-7.6,-0.1,-10.8,-19.3,1.1,-19.8,0.7,-2.9,-0.8,-3.5,-3.9,-3.8,-8.0,-9.7,-3.5,-12.5,-13.5,-4.6,0.3,-0.5,-18.5,-0.6,-6.5,-6.3,1.2,-0.1,-3.8,-1.6,-1.8,-0.5,-2.5,-7.5,-13.4,-7.9,-8.8,-0.7,-0.5,-6.7,1.0,-10.1,-2.7,-3.3,-5.4,-17.3,-4.0,-6.5,-3.1,-8.6,-4.2,-5.3,-3.2,-4.1,-12.7,-3.8,0.1,-5.9,-5.3,-1.1,-1.0,-3.9,-7.1,-5.3,-14.5,-7.5,-4.2,1.3,-2.7,-3.6,-4.6,-6.7,-5.6,2.0,-6.3,-7.2,-4.8,-7.1,-6.5,-5.4,-5.1
2C7L51IKF7,0,48.109659,11.637954,4443023.46,2778697.07,541.4,587.0,292,7545,4.1,0.67,0.44,32.7,348.97,-0.53,-0.103,0.841,-0.8,0.2,0.36,0.32,1.2,0.3,-0.3,0.5,-6.5,0.6,4.5,-0.3,3.3,-0.3,-2.6,1.0,-1.4,5.7,2.9,1.8,0.3,2.1,9.4,3.6,5.4,-13.7,-4.3,3.8,9.2,-9.1,8.3,2.9,-13.6,-1.6,-0.2,-15.6,-16.9,-14.5,-16.4,-10.2,-4.9,-2.3,-2.0,-2.6,-1.2,-7.2,-5.2,-10.2,-2.4,-5.2,-2.7,-4.2,-6.0,-5.1,-6.0,-1.0,-3.5,-5.5,0.2,-5.7,-7.5,-6.0,-5.1,-5.9,-7.1,-8.1,-6.2,-3.1,-5.6,-10.6,-6.0,-2.7,-10.9,-3.6,-11.2,-3.5,-2.5,3.6,-2.2,-3.1,-6.5,-5.0,-3.2,-5.3,-6.7,-5.2,-7.8,-9.1,-4.6,-3.8,-4.1,-4.1,-4.0,-4.0,-4.7,-4.2,-8.9,-6.8,-2.8,0.4,-6.5,-8.4,-2.7,-3.4,-0.3,-7.0,-5.9,-1.3,-5.3,-2.9,-2.7,-5.3,-6.4,-3.4,-4.0,-2.6,-4.1,-3.7,1.6,-3.1,-3.7,-4.5,-1.9,-3.4,-3.8,-5.1,-2.8,-14.0,-2.9,-6.1,-2.2,-0.1,-1.7,-7.1,1.0,-2.0,-3.5,-4.8,-3.8,-3.7,-2.5,-6.4,-7.5,-6.0,-8.3,-3.8,-2.9,-9.0,-7.5,-4.0,-5.9,-6.1,-5.9,-11.3,-3.7,-3.4,-0.9,-16.1,-3.3,-1.2,-4.4,-4.4,-4.9,-7.4,-5.4,-6.4,-4.9,-7.5,-16.7,-6.5,-9.3,-12.2,-5.1,-4.3,-5.2,-5.7,-7.9,-6.5,-6.1,-3.7,0.6,-1.3,-5.7,-5.0,-7.9,1.4,-2.3,-4.4,-4.2,-7.4,-11.1,-5.4,-4.3,-7.7,-6.1,-1.0,-15.2,-6.7,-8.7,-4.6,-7.0,-7.2,-7.7,-8.0,-7.6,-8.6,-10.5,-5.9,-9.9,-9.1,-13.5,-11.4,3.1,-10.1,3.0
2C7L51IKAw,0,48.107778,11.623158,4441925.87,2778463.73,539.7,585.4,292,7286,4.2,0.74,0.44,32.61,348.93,-0.529,-0.103,0.842,-0.7,0.2,-0.57,0.32,0.9,0.3,-0.3,-1.2,0.3,4.9,0.7,2.2,-0.9,-2.4,-3.7,-5.7,-0.6,11.4,-0.1,0.8,2.7,-0.6,-3.8,-3.4,-2.6,-2.8,-6.3,-6.3,-7.4,-3.9,-3.1,-2.4,-0.4,-1.8,-0.8,-4.1,-6.7,13.2,-5.7,-8.6,-6.9,-7.1,-4.6,-2.7,-3.5,-0.9,-2.9,-2.8,-3.8,-2.0,-1.3,-2.4,-3.4,-7.2,-10.1,-5.2,-2.1,-3.6,-9.4,-4.7,14.2,15.8,15.7,0.7,14.1,0.8,-0.5,-6.9,-6.5,-8.6,1.2,-4.0,-4.1,-3.8,11.4,-7.6,-8.1,-6.5,-2.6,-1.6,-2.0,-4.3,-2.0,17.4,-2.8,-2.0,-4.0,-2.3,-1.6,-6.6,-3.8,-2.0,-3.4,-3.2,-0.4,-2.2,-3.0,-2.0,-2.0,-4.5,-3.4,-3.1,-0.9,-2.4,-5.3,-4.6,-7.3,7.8,-2.0,-1.0,-1.8,-3.5,3.6,2.0,1.1,-0.5,2.6,-5.6,-2.3,-0.7,1.3,1.5,-8.2,-4.5,-4.3,-6.8,-0.8,-5.2,-1.1,-4.7,-5.4,-7.8,-7.6,0.3,1.7,-1.9,-4.0,-4.3,-6.0,-1.6,-4.8,-2.9,-3.5,-1.0,2.0,5.4,3.1,-5.4,-1.3,-0.6,0.3,-3.7,-2.0,-2.2,-2.0,-1.8,-0.9,-0.1,-0.8,0.1,-0.6,-0.9,-4.2,-5.0,-2.4,-1.8,-2.0,-3.8,-3.4,-3.3,-1.4,2.4,-0.5,-0.6,-1.2,-2.1,1.1,-1.4,-5.1,-9.4,-3.9,-6.8,-5.3,-5.2,-4.1,0.0,-3.8,-2.7,-3.6,-4.1,-4.7,-3.4,-0.4,-3.5,-3.2,-6.7,-6.2,-6.1,-4.0,-6.2,-4.5,-2.6,-5.7,-7.4,-7.7,-8.1,-5.7,-6.6,-6.5,-6.4,-5.5,-6.4,-4.9,-6.0,-4.0
2C7L51IKB1,0,48.107795,11.623291,4441935.77,2778465.86,534.2,579.9,292,7291,1.2,0.96,0.23,32.61,348.93,-0.529,-0.103,0.842,-0.8,0.1,-0.15,0.1,0.7,0.1,-0.3,-0.9,-0.0,-0.5,-0.9,-0.2,0.4,-0.3,-0.7,-0.1,0.4,0.4,0.1,-0.0,-0.5,-0.5,-0.8,-1.1,0.4,-0.2,-2.2,-1.3,-1.8,-0.5,-0.2,1.0,0.9,0.6,-0.2,-1.5,-4.4,7.2,-3.8,-4.7,-3.7,-4.7,-2.6,-2.7,-1.2,1.1,0.2,0.2,-0.0,1.4,0.1,-1.1,-1.1,-1.8,-1.5,0.0,-1.2,-1.0,-1.2,-0.3,0.8,0.4,0.0,-0.3,-0.4,-0.6,-1.2,0.0,-1.1,1.0,-0.2,-1.3,-0.9,-0.9,0.2,-1.1,-0.1,-0.0,-1.0,-1.3,-0.2,0.8,-0.0,0.9,-0.5,-1.0,-0.6,-1.6,-2.2,-2.2,-2.5,-3.2,-2.2,-2.8,-0.1,-2.0,-2.7,-2.6,-2.7,-3.5,-2.2,-1.3,-2.8,-2.4,-1.2,-1.0,-1.3,-0.9,0.1,-2.0,-0.8,-1.7,-0.9,-1.6,-0.7,-0.3,-1.1,-1.2,-0.6,-1.5,-1.0,-1.0,-1.6,-2.4,-1.8,-2.1,-1.5,-2.0,-1.2,-1.6,-0.5,0.2,0.0,-1.9,-0.8,-2.1,-2.5,-4.9,-3.1,-3.6,-3.7,-3.0,-2.8,-1.4,-2.5,-2.2,0.9,-2.2,-2.1,-2.0,-1.0,-1.1,-2.7,-1.3,-1.8,-1.6,-2.0,-1.9,-1.1,-2.6,-2.7,-2.2,-1.7,-3.5,-3.6,-2.7,-3.9,-4.8,-4.7,-3.0,-3.9,-5.2,-1.0,-4.1,-4.5,-1.4,-3.1,-3.7,-5.9,-4.9,-5.2,-5.0,-3.8,-3.3,-2.0,-3.5,-2.6,-3.5,-3.4,-3.0,-3.4,-2.1,-1.7,-3.5,-2.4,-6.5,-4.0,-4.7,-4.4,-5.5,-5.6,-8.0,-5.9,-4.5,-5.4,-4.3,-2.8,-4.0,-5.5,-3.3,-4.2,-2.7,-3.1,-1.9,-2.8
2C7L51IKBB,0,48.107873,11.623892,4441980.38,2778475.43,533.9,579.6,292,7301,2.4,0.87,0.38,32.64,348.97,-0.529,-0.103,0.842,0.3,0.1,-0.15,0.19,0.9,0.2,-0.3,-0.1,0.1,-0.3,-1.0,0.2,-1.5,-1.7,-0.2,-0.6,-8.0,-1.4,-2.2,-1.1,-0.6,-2.1,0.2,-1.4,-1.5,-0.8,-1.9,-5.1,-2.6,-2.9,-1.5,-0.1,-1.0,-0.2,-1.5,-2.6,-5.0,6.3,-3.7,-6.6,-4.7,-7.0,-2.9,-2.1,-0.5,2.4,0.9,0.4,1.9,-1.2,-2.3,-2.4,-1.3,-2.1,0.1,-1.3,-1.6,-0.3,1.5,-1.4,0.6,-1.6,0.8,-1.5,-0.1,-1.5,0.8,-0.9,-2.0,-0.1,-0.8,1.0,-0.5,-1.1,-1.0,-2.7,-1.0,-2.6,-2.6,-0.4,-2.0,1.2,0.0,-1.0,-2.3,-1.9,-0.5,-2.3,-2.3,-0.9,-2.8,-3.5,-2.0,-1.6,-3.3,-2.3,-3.4,0.1,-4.0,-6.9,-2.1,-4.0,-4.0,-2.8,2.4,-0.4,-0.3,-2.8,-1.5,-1.2,-1.5,-4.5,0.1,-3.6,-3.5,1.3,-1.7,-0.6,-2.4,-3.6,-1.7,-2.5,-2.4,-1.1,-1.9,-1.6,-1.6,-2.5,-4.6,-2.3,-3.2,-2.0,0.1,-3.6,1.0,-3.3,-2.5,2.9,-1.6,-1.7,-2.5,2.1,-0.4,-1.7,2.0,0.7,5.0,-5.2,1.7,2.3,0.3,0.7,1.1,3.5,2.0,4.8,4.6,1.4,2.8,1.9,-0.8,-0.5,1.8,-1.9,-0.2,-0.6,-1.6,-2.4,-0.6,2.3,-1.2,-6.7,4.7,-1.0,-1.4,3.4,2.6,1.0,0.2,-4.7,3.3,0.0,1.6,-6.3,-1.3,11.1,-4.5,-0.8,-0.4,1.9,1.0,-1.3,-1.4,0.7,1.2,-2.8,-1.7,-1.0,0.8,-3.9,-14.0,-2.0,0.8,-3.5,-3.3,-1.1,0.3,-1.1,1.2,-1.4,-0.6,3.6,-1.6,-0.2,2.1
2C7L51IKC1,0,48.10824,11.626749,4442192.31,2778520.89,529.1,574.8,292,7353,3.4,0.71,0.52,32.65,348.97,-0.53,-0.103,0.842,-0.6,0.2,0.59,0.26,2.2,0.2,-0.3,-7.6,2.2,-1.9,-1.8,12.7,-4.1,5.2,1.6,-0.3,1.7,5.5,5.3,3.4,5.6,3.2,3.2,3.4,2.8,-9.3,3.0,2.1,5.2,5.5,-1.5,4.7,5.0,3.7,4.0,5.3,-0.6,-8.3,1.4,0.5,1.6,-4.0,-2.7,0.2,3.7,3.9,7.3,3.9,6.7,5.8,3.1,-1.7,0.8,5.3,0.7,-2.1,-0.7,-0.5,-3.7,-2.2,-0.9,-1.1,-4.7,-1.9,-1.3,-0.9,-3.4,-1.5,-2.7,-6.6,-5.1,-7.8,7.5,0.2,3.2,1.6,2.1,1.2,3.3,1.0,0.9,2.5,2.2,5.6,0.1,0.4,3.4,-0.4,1.2,0.2,-0.2,0.3,-3.1,-1.3,2.6,2.6,0.6,1.7,4.2,-2.5,-5.0,-3.8,-6.9,-4.0,-0.8,-4.7,1.0,-3.5,-4.3,1.1,4.5,-0.4,0.2,-4.4,0.2,2.6,-6.4,-3.5,0.8,-6.3,-4.4,-3.9,-6.2,-1.7,-2.0,-2.0,-5.0,-2.7,-4.2,-0.6,3.8,3.3,3.8,3.6,4.4,2.4,3.8,-1.5,15.5,1.1,2.5,-7.2,-1.5,4.2,-2.9,2.2,4.5,-6.1,-6.0,-5.3,-2.2,-6.2,-9.3,-2.9,-8.9,-7.8,-7.6,-1.0,-6.6,-2.0,3.4,-1.0,2.3,-0.5,-0.2,3.6,1.8,-0.5,1.3,-0.9,-0.7,-1.0,2.2,0.5,-1.7,-0.6,1.0,-2.0,-8.6,-5.2,-4.5,-4.0,-0.0,-0.5,-4.2,-2.5,-7.6,-3.2,-4.9,-2.3,-1.7,-2.0,-0.3,0.9,0.8,1.1,-1.5,1.0,1.1,-1.4,-1.7,-1.0,1.2,-0.4,-1.8,-0.8,-1.8,0.4,-3.2,-2.7,-1.0,-3.0,-1.9,-6.9,2.5
2C7L51IKCc,0,48.108531,11.629023,4442360.92,2778557.04,537.8,583.5,292,7390,3.4,0.76,0.43,32.66,348.97,-0.53,-0.103,0.842,-0.5,0.2,-0.59,0.26,0.0,0.2,-0.3,0.2,-4.4,0.2,1.1,0.1,0.4,4.2,1.9,0.5,6.6,0.9,1.8,1.8,2.4,-0.2,-1.5,-0.6,3.3,0.5,-1.9,-11.3,2.9,-1.6,1.1,1.7,4.5,3.9,3.3,-2.6,-1.3,3.2,-0.2,7.2,1.4,-2.2,4.4,2.6,7.3,3.0,6.2,3.1,0.0,0.8,4.3,3.0,-1.3,-0.6,1.2,-6.6,2.9,2.2,3.1,-0.9,0.4,0.2,-1.5,-0.2,0.2,0.6,-1.0,-0.5,-1.1,-1.7,-2.8,-5.8,6.7,-0.8,2.1,1.3,-0.5,-1.7,-2.0,1.9,2.2,2.4,4.9,3.0,3.5,2.5,1.3,3.9,1.6,1.3,-0.4,0.7,1.8,1.9,3.8,3.3,0.7,2.2,3.4,-8.1,-1.4,-1.3,4.5,-0.3,-3.0,1.4,1.8,2.3,-0.6,3.0,0.9,3.2,4.8,-0.5,2.6,0.6,-0.1,1.6,1.1,4.0,0.5,4.8,2.1,-1.4,2.5,5.6,3.0,5.7,1.8,1.4,4.3,6.6,4.2,2.1,3.6,-0.7,1.7,2.4,1.1,-0.9,1.1,4.5,2.7,1.7,-1.1,3.3,6.3,3.7,2.9,-1.1,-2.2,-6.6,10.0,-7.3,5.4,1.8,7.2,1.3,-9.4,7.3,0.5,-0.4,2.7,0.7,1.3,1.4,2.2,-0.3,1.2,0.4,-2.2,-4.7,-0.3,-2.2,3.4,2.4,-0.4,3.8,-1.6,-2.2,-1.7,-1.2,2.8,0.9,-10.1,1.0,-11.3,11.1,-11.8,-5.4,-3.9,-0.9,2.2,-1.7,1.1,-1.5,-4.0,-4.5,-2.6,-2.4,-3.2,-1.1,-0.0,-2.5,-2.5,-2.6,-3.2,-0.5,2.5,-7.6,6.9,1.7,3.2,0.6,4.9
2C7L51IKCd,0,48.108535,11.629051,4442363.05,2778557.5,536.4,582.1,292,7391,2.5,0.85,0.37,32.66,348.97,-0.53,-0.103,0.842,-0.1,0.1,-0.34,0.19,1.0,0.2,-0.3,-0.6,-0.1,-0.2,-1.1,1.7,-0.1,2.0,-0.0,-0.9,-2.3,-0.1,0.8,3.1,1.2,1.7,5.9,0.3,0.6,-0.4,1.0,-4.4,1.0,-0.8,1.2,0.2,4.4,0.8,2.1,-3.0,-3.8,-11.3,-0.6,-9.4,-3.9,-6.2,-4.7,-0.8,0.4,-0.1,-3.3,-0.0,-4.1,-1.0,-0.6,-5.0,-2.0,-3.7,-3.7,-3.0,-3.7,-1.5,1.9,0.7,-0.3,-1.1,-1.9,-3.0,-0.7,1.5,-0.7,1.2,-3.3,-8.8,-2.1,0.3,5.6,-1.4,-7.9,1.1,-0.7,-3.4,-0.7,-3.6,-0.5,1.4,3.3,2.8,-0.5,0.3,-0.1,-1.9,-1.9,-2.1,-1.7,-0.2,0.2,-0.5,-0.5,-3.0,-2.5,-3.1,-3.8,-11.7,-5.7,-2.8,1.9,-0.6,-2.5,0.7,0.8,-1.6,-2.5,-1.0,-1.4,0.8,0.2,0.4,-0.9,0.0,0.5,0.8,-1.2,-0.4,0.1,0.5,0.4,-4.5,-0.4,-0.0,2.0,-6.2,1.7,-1.1,0.4,0.5,6.6,-1.2,2.2,2.0,-0.9,2.0,-0.5,-1.4,-1.6,-3.9,0.4,-1.8,-2.2,-0.2,-0.6,-0.3,1.2,0.0,-1.3,-0.8,0.3,-6.8,3.0,3.0,2.2,-3.9,1.7,3.3,0.6,0.8,-0.3,-0.3,0.7,-0.0,-1.1,-3.1,-1.8,-2.4,-5.3,-3.9,-1.5,0.9,1.5,-1.1,-2.0,-0.6,-2.3,0.2,-3.1,-3.0,-0.3,-0.2,-0.9,2.5,-4.0,-0.7,-6.6,-4.8,-1.6,-2.3,2.1,-4.1,0.1,-0.2,-3.3,-3.4,-2.0,-3.9,-3.0,-1.8,-2.6,-2.4,-3.4,-2.8,1.0,-3.6,-3.5,-3.3,-4.3,-0.1,-3.0,-1.0,-0.5
2C7L51IKF6,0,48.109678,11.63796,4443023.89,2778699.23,545.9,591.6,292,7544,4.4,0.6,0.5,32.7,348.97,-0.53,-0.103,0.841,-0.0,0.2,0.01,0.36,0.5,0.3,-0.3,-0.8,-3.6,2.6,-0.4,-7.9,-12.3,-1.3,-0.3,-2.9,4.3,-2.4,12.7,8.5,2.7,0.2,2.6,2.6,-1.8,-1.4,-1.9,-4.6,-8.4,-2.6,-5.7,-4.1,-3.1,-2.4,-4.8,-3.8,-0.8,-11.1,-7.5,-6.9,-1.7,-4.9,-1.9,-1.2,-0.3,-7.3,2.5,-6.0,-5.8,1.5,-2.5,-5.3,-8.3,-6.9,-6.7,-8.7,-11.6,-6.3,-5.1,-4.0,-3.3,-5.5,-7.1,-1.8,-4.7,-3.1,-6.5,-7.5,-3.3,-12.4,-9.8,-6.2,-11.4,-6.0,-11.4,-5.8,-4.9,-6.9,-5.8,-9.7,-4.9,-6.7,-8.3,2.8,-1.4,-1.4,-2.2,-3.3,-9.4,-8.0,-1.9,-10.8,1.6,-7.9,-5.8,-0.6,-7.1,-6.2,-10.3,-7.7,-3.2,-6.3,-5.0,-9.0,-1.4,-5.4,-3.2,-8.1,-9.3,-8.0,2.1,5.6,-1.9,-4.2,-5.1,-10.2,-5.2,-0.6,-10.5,-5.4,-9.0,-3.1,-5.8,3.0,-2.6,-2.0,-6.4,-13.2,-7.9,-3.0,-0.7,-10.9,4.2,-6.7,-4.8,-11.1,12.0,-4.8,-10.2,-8.0,-1.0,-1.8,-14.8,11.4,-6.9,0.4,-1.1,-11.2,-10.0,6.0,-2.8,-0.6,-2.3,-9.0,-1.2,0.8,0.6,9.1,-2.2,3.1,3.2,3.6,-2.6,-4.7,-2.1,-1.1,-2.6,-3.9,-3.8,-7.8,-6.3,-6.6,-3.8,-1.2,2.3,-0.1,-2.0,-0.4,0.7,-5.3,-6.4,-8.1,4.8,-6.8,-5.3,8.5,-4.2,-0.6,-3.7,-6.8,-7.5,-3.6,-2.8,-6.6,0.2,1.5,-8.4,0.0,-3.2,-3.0,-6.0,-4.2,-9.0,-4.0,-3.5,-10.4,-10.8,-8.1,-8.8,-8.5,-6.4,-13.0,-6.1,-3.4,-4.9
2C7L51IKFB,0,48.109714,11.63824,4443044.66,2778703.69,544.2,589.9,292,7549,3.1,0.8,0.39,32.7,348.97,-0.53,-0.103,0.841,-0.4,0.2,0.18,0.24,1.1,0.2,-0.3,-3.2,2.1,4.7,-0.9,1.7,-0.1,0.9,-0.9,2.2,-2.9,4.2,-0.7,4.1,0.7,5.0,5.3,3.7,4.6,0.0,2.6,0.5,3.2,0.6,3.7,4.8,3.4,0.5,-1.1,-4.1,0.3,-10.6,0.0,-0.0,-0.1,3.8,3.8,3.1,4.6,0.7,3.6,-0.5,-3.0,-1.1,1.2,-0.4,1.2,-4.8,-3.4,-4.1,-5.6,4.1,0.2,-1.1,-1.5,-0.4,-0.6,0.4,-3.2,-2.5,-2.1,-2.0,-0.4,-3.7,-0.5,-8.7,4.8,-0.2,-3.4,1.9,0.6,4.3,3.8,-1.1,0.6,1.7,1.5,2.3,1.0,1.8,0.8,1.1,3.3,-0.2,-1.0,-1.0,3.6,2.6,0.6,1.0,0.8,0.3,11.6,1.4,0.8,-1.9,-0.3,-2.5,2.5,3.8,1.4,0.9,1.4,4.2,2.6,3.0,1.3,-0.2,0.7,-2.3,2.0,2.5,-0.6,2.9,-0.4,1.6,4.3,-3.9,-5.9,-5.8,-0.2,-1.6,-5.0,-2.5,2.6,1.5,1.0,-3.0,0.8,-1.9,-1.8,2.0,2.6,3.7,0.9,-1.3,-4.9,-1.5,-0.9,0.4,0.3,0.5,-2.0,0.3,-1.7,0.2,-3.0,-5.0,-1.7,-0.3,3.4,-5.2,-13.3,5.2,3.0,5.3,-0.1,-0.9,0.4,-0.4,-1.8,0.6,-4.9,-4.5,-5.9,-5.1,0.2,0.3,4.0,1.5,2.3,0.6,1.4,-1.5,0.7,-1.1,-3.8,-1.5,0.7,-16.0,0.7,1.2,1.1,0.4,-0.3,0.5,2.4,0.8,1.1,2.2,-2.4,9.2,-3.0,-0.4,-4.8,-1.6,2.0,4.2,0.1,0.2,-0.5,-1.0,-1.1,0.7,-1.5,-4.1,-3.0,-1.2,-4.0
2C7L51IKB0,0,48.10781,11.623262,4441933.53,2778467.44,535.8,581.5,292,7290,2.4,0.84,0.39,32.61,348.93,-0.529,-0.103,0.842,-0.4,0.1,0.14,0.18,1.6,0.2,-0.3,-0.5,0.8,-0.6,0.2,0.1,0.1,-2.2,-1.8,-1.8,0.9,-0.8,4.1,-1.8,-0.3,-2.9,-1.9,-2.8,-2.6,-2.1,-3.8,-1.7,-3.7,-1.7,-0.7,-0.5,0.6,1.3,3.8,3.1,-5.7,-15.5,-5.1,-7.6,-6.3,-4.4,-4.4,-5.1,-2.1,-1.0,-2.0,2.4,1.2,-2.4,-1.8,-0.8,-1.1,-0.9,0.0,-2.0,3.8,-1.8,-3.9,-3.4,-0.8,-0.3,-1.6,0.2,-1.7,-1.9,-1.3,0.2,-3.3,2.2,-1.1,-0.9,-0.1,-1.7,2.3,-1.8,-1.8,2.2,-0.8,0.2,-0.4,-2.1,-2.8,0.3,-1.5,-2.6,-3.5,-3.3,-4.4,-4.8,-1.7,-7.5,-5.6,-4.5,-2.9,-3.3,-4.7,-4.5,-4.6,-2.1,-2.6,-2.1,-3.6,3.1,-2.6,-1.3,-2.0,-0.6,0.0,-2.2,-2.0,-3.8,-2.2,-3.3,1.1,-0.3,-3.2,-2.4,-2.1,-3.1,-2.7,-2.1,-2.1,-2.9,-2.7,-2.2,-1.8,-1.5,-2.4,-1.6,-1.5,-1.5,-2.4,-0.6,-2.2,-3.4,-2.6,-6.3,-2.9,-5.5,-7.2,-5.9,-5.9,-0.5,-5.7,-0.2,3.3,-0.0,2.3,-0.8,2.4,3.9,-4.3,-1.1,0.1,-0.2,-0.6,-4.8,-0.8,-1.3,-2.8,-0.4,3.6,-1.9,-1.9,-3.8,-2.3,-5.1,-4.4,-5.4,-9.1,-6.9,3.2,-4.9,-5.3,-2.2,-4.4,-5.5,-7.3,-1.5,-3.5,-0.6,-3.7,-4.2,-2.8,-3.2,-2.4,-4.3,-2.5,-3.6,-3.0,-3.8,-0.7,-2.7,-4.7,-8.3,-3.4,-5.1,-4.6,-5.7,-5.7,-8.3,-6.0,-5.4,-2.2,-0.0,-8.3,-0.3,3.1,-2.8,0.6,3.1,0.3,1.4,-0.2
2C7L51IKCA,0,48.108351,11.627474,4442245.99,2778534.45,540.9,586.6,292,7362,2.1,0.89,0.3,32.65,348.97,-0.53,-0.103,0.842,-0.4,0.1,-0.32,0.16,1.1,0.1,-0.3,-0.0,-1.8,-0.5,0.2,-0.3,-3.4,-3.0,0.3,1.6,3.8,4.5,0.2,2.2,1.2,2.1,0.5,0.7,0.7,-0.8,-3.1,-4.0,-0.8,-1.9,-4.4,1.3,0.8,0.3,-0.2,-2.1,-4.6,-7.7,-5.9,-5.6,-5.7,-5.4,-3.9,-0.3,-0.8,1.9,-0.9,-3.5,-1.5,-0.6,-0.1,-1.1,-0.0,-1.8,-0.4,-2.1,-1.6,-3.1,-1.4,-0.8,0.5,1.5,4.4,-0.1,-1.0,-2.3,-0.4,-1.7,1.1,-5.0,-1.2,-5.1,0.4,-2.0,2.4,1.7,1.5,1.1,0.6,1.9,-0.3,1.2,1.0,0.3,0.5,0.1,-1.3,-0.3,-1.1,-2.8,-4.9,-3.4,-4.1,-1.9,-0.4,-1.2,-0.5,-2.3,-3.4,-7.1,-5.3,-1.0,-0.6,-2.2,-2.4,-0.0,-0.1,-1.5,-0.8,0.6,-0.7,0.1,-1.1,-0.0,-2.0,1.2,-0.1,0.4,0.6,0.4,-0.1,-1.6,-1.2,-6.0,-0.6,0.4,-3.6,-3.1,-1.0,3.1,0.7,1.8,0.2,0.4,-0.7,-2.0,-2.1,-2.9,-3.6,-0.9,-0.8,-3.2,-3.7,-2.2,-2.1,-0.3,0.0,-0.6,-3.1,-1.7,-3.4,-0.4,-2.4,-2.0,-1.9,-2.6,-1.1,-7.5,1.0,1.3,0.5,-0.4,-1.4,-0.6,-2.1,-2.6,-1.5,-1.5,-1.8,-2.6,-3.9,-5.4,-1.4,-1.4,-1.2,-2.5,-1.0,-0.1,-5.4,-6.8,0.1,-0.6,-0.1,-2.5,-4.2,9.5,-4.9,-1.8,-2.1,-0.8,-2.6,-3.3,-1.0,-3.9,-0.9,-2.5,-4.8,-3.5,-5.3,-2.8,-3.6,-5.8,-4.1,-5.4,-3.2,-3.3,-2.2,-4.7,-4.3,-1.8,-2.8,-1.5,-2.9,-3.9,-3.6
2C7L51IKCX,0,48.108519,11.628785,4442343.24,2778555.31,540.0,585.7,292,7385,2.7,0.81,0.37,32.66,348.97,-0.53,-0.103,0.842,-0.8,0.1,-0.72,0.2,2.0,0.2,-0.3,-0.6,-3.2,-1.2,-4.1,-3.1,3.2,-0.4,-1.6,-1.5,-0.4,-0.4,2.3,-1.9,-2.2,-0.9,-0.8,-2.1,-1.6,-5.2,-3.6,-7.5,0.6,-3.0,-3.4,-2.2,-0.4,-1.1,1.4,-2.5,-2.6,0.1,-7.7,-5.1,-5.5,-3.7,-4.3,-2.3,-2.3,-2.7,-2.3,-0.3,-0.8,-2.1,-0.9,-1.7,0.1,2.3,1.9,-0.3,2.2,1.0,1.7,0.9,1.6,0.5,-0.5,4.0,2.7,-0.7,2.8,0.6,0.8,-2.4,-0.8,-0.1,1.1,-0.2,-2.3,1.3,1.2,1.0,2.0,1.0,-3.5,-2.9,-2.6,-1.7,-2.3,-1.2,-6.5,-1.8,-1.3,-2.6,-1.7,0.1,-3.8,-5.4,-5.3,-3.5,-2.6,-0.3,0.4,-4.2,-4.8,-3.8,-2.0,-3.4,-4.9,-2.9,-2.2,-3.7,-5.8,-1.7,-1.4,-1.7,-0.7,0.4,-0.0,-0.3,-2.4,-0.7,-0.4,-2.2,-0.7,-2.0,-3.1,-0.3,0.2,-1.1,2.2,-2.1,-0.8,1.1,-1.4,-1.6,-0.3,0.6,0.8,-3.4,-1.7,-2.3,-3.2,-5.7,-1.8,-3.2,-5.0,-6.3,-5.1,0.8,1.8,-0.2,-0.7,-5.7,-5.0,-0.7,-1.1,1.3,-0.1,-0.6,-1.9,-0.4,1.9,-1.2,-4.1,-2.0,-2.0,-2.7,-2.4,-2.7,-4.3,-6.2,-3.9,-5.2,-5.4,-5.1,-1.3,-4.4,-2.7,-2.9,-3.1,-4.1,-5.1,-6.2,-5.9,-4.7,-5.3,-2.2,4.8,-12.4,5.9,9.9,12.3,-11.7,-7.6,-3.9,-2.9,-5.2,-8.3,-9.9,-11.5,-10.2,-8.4,-9.2,-7.8,-6.8,-6.5,-6.7,-5.0,-9.3,-6.4,-5.5,-5.7,-4.7,-0.5,-10.0,-0.1,-1.9,-2.3
2C7L51IKAL,0,48.107545,11.621053,4441769.69,2778434.36,542.3,588.0,292,7249,2.8,0.77,0.47,32.6,348.93,-0.529,-0.103,0.842,-1.0,0.1,0.31,0.22,2.3,0.2,-0.3,-2.9,-2.2,-1.9,-2.9,-1.8,-1.2,-1.8,-2.8,-3.3,-0.2,-2.4,-2.2,-2.0,-2.7,-2.2,-2.9,-3.0,-2.3,-3.5,-4.0,-11.3,-11.9,-3.6,-3.1,-2.7,-1.4,-1.8,-1.5,-3.5,-6.0,-9.0,-7.7,-12.8,-7.7,-8.0,-12.9,-4.3,-9.9,-8.2,-3.2,-2.9,-4.1,-10.2,-3.4,-4.2,-12.0,-4.2,-3.7,-3.7,-2.8,-2.5,-2.2,-2.6,-3.1,-3.3,-4.2,-3.7,-2.8,-3.3,-5.1,-4.4,-4.0,-3.0,-4.2,0.5,-5.1,-5.8,-2.0,-4.9,-6.5,-10.7,-7.2,-9.1,-7.5,-6.7,-7.4,-5.9,-6.3,-6.9,-10.0,-7.8,-7.3,-7.7,-5.7,-7.2,-12.6,-11.8,-8.8,-9.1,-8.9,-8.6,-10.6,-2.4,-8.4,-9.6,-9.6,-10.5,-9.2,-9.4,-7.4,-6.9,-8.2,-8.4,-7.6,-8.3,-8.0,-8.1,-7.1,-6.4,-9.4,-7.8,-8.1,-6.7,-6.0,-5.7,1.8,-5.3,-6.0,-5.1,-6.1,-10.1,-5.3,-6.4,-7.1,-8.0,-12.2,-0.1,-8.4,-7.5,-8.7,-11.1,-8.0,0.6,-9.3,-11.2,-10.6,-8.6,-8.8,-9.3,-8.2,1.9,3.3,-6.4,-5.6,-6.5,-5.4,-5.6,-5.9,-5.2,-7.1,-5.4,-7.4,-7.3,-8.5,-5.4,-7.6,-8.6,-7.3,-9.5,-7.1,-7.7,-9.6,-8.4,-9.5,-11.1,-11.8,-8.7,-10.3,-6.8,-13.3,-8.4,-13.0,-1.5,-0.8,0.9,0.4,3.3,-7.4,-3.2,-6.9,-8.3,-8.5,-8.5,-9.8,-7.5,-8.3,-2.9,-8.2,-10.8,-10.2,-9.6,-9.4,-11.4,-12.5,-17.6,-17.3,-10.6,-12.4,-11.0,-10.7,-4.7,-9.8,-11.0,-10.2,-8.7,-3.6,-8.4,-8.2
2C7L51IKAM,0,48.107546,11.621064,4441770.45,2778434.53,540.0,585.8,292,7250,4.2,0.66,0.48,32.6,348.93,-0.529,-0.103,0.842,-0.2,0.2,-0.1,0.33,0.4,0.3,-0.3,-4.1,-1.5,2.1,-2.2,-1.0,-0.6,-2.0,-2.4,-4.4,-4.0,-1.8,-5.0,-1.6,-2.4,-1.2,-0.3,0.9,1.7,1.0,1.2,-1.5,-2.2,-2.4,-0.5,0.8,1.4,1.0,1.0,-2.4,-2.9,2.5,-5.1,-6.3,-3.9,-6.2,-4.1,0.6,0.4,0.8,3.7,-0.3,-0.8,2.7,-3.6,-0.5,-1.1,-2.2,-12.2,-0.4,-0.2,1.8,-1.3,-0.8,-1.7,-12.6,-8.8,-10.0,-1.8,-5.8,-6.7,-0.2,-1.2,1.0,-3.7,-9.5,-3.6,-3.3,-1.3,1.5,-0.9,9.6,-3.2,-4.2,2.2,1.2,-3.0,-0.4,-0.2,-1.2,-3.2,-4.0,-2.6,-3.4,-3.8,-3.9,-6.0,-2.7,-5.7,-3.1,-2.6,-1.6,-3.9,1.2,-2.9,-4.3,-6.8,-3.9,-4.6,-3.8,-3.2,-1.4,-4.5,-3.8,-1.4,-2.9,-2.3,-2.4,-0.9,0.7,-6.7,-4.3,-0.7,1.1,1.9,3.8,7.8,-13.8,-6.8,12.4,-5.2,-9.3,-7.4,12.5,-6.0,-9.6,-6.9,-9.5,-3.7,-10.1,-8.5,-4.4,-0.7,6.0,-6.0,-2.4,-3.3,-4.3,8.4,1.4,-4.8,5.8,11.1,-5.2,3.8,-3.3,-7.1,-2.6,-13.3,5.4,6.3,1.0,-11.0,-8.4,-2.8,2.5,-2.1,-6.0,-3.8,-5.3,-1.0,-1.2,-4.2,-1.1,-1.3,-2.4,-2.9,-3.1,-1.7,0.9,-2.5,-2.1,-5.0,-5.2,-0.4,4.7,1.5,-2.3,1.9,7.2,1.0,1.2,3.3,0.1,3.0,2.6,-3.2,-0.3,-2.8,9.2,-5.2,-7.4,-3.7,-5.7,-8.1,-10.7,0.1,-7.1,-4.8,-5.6,-6.0,-1.7,-6.1,-5.0,-3.8,-5.9,-2.3,-5.9,-4.9
2C7L51IKB2,0,48.107832,11.623291,4441935.66,2778469.98,532.0,577.7,292,7292,2.0,0.91,0.32,32.61,348.93,-0.529,-0.103,0.842,-0.8,0.1,-0.42,0.15,1.1,0.1,-0.3,-0.8,-1.3,0.8,-0.8,1.0,0.4,-0.4,-0.5,1.2,-0.2,1.6,0.1,0.8,1.2,-1.5,1.4,1.5,-0.9,1.6,-4.4,0.3,-3.9,0.3,-2.9,-2.9,-1.4,-2.0,-3.1,-0.8,-3.4,-17.2,-6.2,-4.2,-4.6,-3.8,-3.1,-2.7,1.1,3.2,0.6,-0.9,1.6,1.1,-1.3,-0.9,-0.5,0.8,-1.6,1.2,-0.7,-1.1,-0.3,0.5,1.7,1.8,1.8,1.3,-1.8,0.1,-1.3,1.0,-0.6,1.5,-0.5,-2.3,1.4,-1.0,-0.4,-1.0,0.5,0.2,0.3,-1.3,0.4,1.5,2.1,3.3,2.0,1.9,0.7,-1.2,-2.2,-3.2,-2.8,-4.2,-3.1,-2.9,-0.5,-2.9,-3.5,-3.4,-2.8,-0.1,-1.5,-3.1,-1.6,-0.6,-2.3,-3.4,-1.8,-0.7,-1.4,-2.5,-1.7,-2.8,-2.7,-2.5,1.2,-1.0,-1.5,-1.6,-0.5,-0.9,0.0,-1.8,-2.2,-2.0,-2.0,-4.3,-2.0,-1.5,-1.5,-3.0,-1.4,-1.0,-1.4,-1.3,-2.7,-1.4,-2.9,-4.8,-1.4,-4.3,-1.0,-3.4,-0.5,-3.1,-1.6,-1.9,1.9,-2.7,-2.1,-2.8,-0.5,0.8,-3.2,-0.1,-0.8,-1.3,-1.6,-1.3,-0.0,-2.1,-1.6,-0.5,-2.5,-1.3,-3.8,-3.5,2.3,-3.7,-2.9,-4.4,-7.1,-5.5,-0.7,-3.7,-6.7,-0.8,-0.3,-4.6,-5.5,-4.8,-3.6,-6.9,-4.6,-2.2,-2.9,-4.4,-3.6,-3.8,-4.9,-5.4,-2.9,-1.5,-1.7,-4.8,-3.2,-7.8,-7.0,-2.2,-4.9,-4.7,-8.0,-5.9,-5.9,-1.8,-5.5,-6.9,-0.3,-3.9,-7.9,-4.9,-5.3,-4.4,-3.8,-3.4,-3.6
2C7L51IKC9,0,48.108361,11.627407,4442241.02,2778535.46,540.7,586.4,292,7361,3.6,0.76,0.43,32.65,348.97,-0.53,-0.103,0.842,-0.7,0.2,-0.42,0.27,1.1,0.2,-0.3,-0.2,-1.8,-2.9,-0.5,-0.7,-9.7,1.5,1.5,2.3,0.1,4.1,-4.3,1.7,-0.7,3.0,0.7,1.2,1.1,1.3,-2.9,-2.8,1.0,-1.6,3.9,3.9,1.3,0.4,1.0,-2.9,-3.0,-9.3,-6.2,-4.6,-5.7,-3.1,-4.4,-1.8,-1.3,1.0,-0.4,-2.2,-4.5,-1.3,1.2,-1.8,-0.1,-1.9,-2.6,-4.0,-2.8,-2.7,-0.7,-1.2,1.5,0.6,3.0,-2.2,-2.8,1.8,-0.2,1.6,2.6,-0.6,-0.8,-13.1,4.7,2.5,0.8,-0.3,1.2,-0.4,0.3,0.6,-1.4,0.0,2.5,-0.0,-0.6,0.3,-1.9,-2.9,-1.6,-2.9,-5.5,-4.1,-5.7,-1.0,-1.1,-2.4,0.6,-0.5,-4.8,-7.8,-5.7,0.4,1.6,-6.0,-3.8,-1.8,-0.8,0.2,-1.3,1.3,-0.0,0.7,-1.5,-0.3,-5.6,0.0,-1.7,-3.7,-0.7,0.8,-3.3,-4.7,7.1,-14.8,4.7,1.2,10.2,2.6,-2.0,0.8,-1.2,0.9,-0.3,-7.1,-1.9,-4.5,-4.1,-3.9,-15.6,0.1,0.7,-0.9,-1.8,-3.0,-3.8,-3.0,0.1,7.2,-4.8,0.2,2.6,1.5,0.5,2.5,-2.6,-1.4,-1.3,-12.0,-1.2,0.6,-0.8,-1.6,-1.7,-1.2,-1.0,-2.2,-1.5,-0.3,-3.9,-5.3,-5.6,-6.6,-3.7,-1.1,1.5,-2.5,-2.6,-0.4,-3.5,-5.6,-19.4,7.4,-4.4,-8.9,-3.2,5.4,-6.7,-2.9,-5.3,2.1,-5.2,-9.5,-2.0,-5.2,-1.3,-3.7,-8.2,-3.4,-3.6,-2.7,-1.5,-7.6,-6.3,-7.1,-4.9,-5.1,-4.7,-5.0,-6.4,0.8,-3.6,-3.2,-3.9,-9.1,-0.4
2C7L51IKCO,0,48.108469,11.628247,4442303.31,2778548.83,538.1,583.8,292,7376,2.6,0.83,0.4,32.66,348.97,-0.53,-0.103,0.842,-1.0,0.1,-0.69,0.2,1.4,0.2,-0.3,-0.1,-1.8,0.7,0.2,0.9,3.1,2.0,0.6,1.8,-1.3,2.4,1.8,5.1,0.6,2.6,2.1,0.7,4.0,2.8,3.7,3.2,5.1,3.6,3.0,3.3,5.0,3.9,3.2,1.6,0.2,-8.5,-0.8,0.6,-0.3,2.6,1.3,4.8,2.9,2.7,4.1,2.5,2.9,-1.2,4.0,3.7,-1.2,2.7,0.2,0.2,2.1,0.6,1.9,2.1,0.4,0.3,0.1,-4.4,1.6,-0.9,0.4,1.1,4.8,0.6,2.7,3.1,2.2,-0.1,-1.1,0.4,0.1,-0.7,0.2,-0.8,1.0,3.0,1.2,2.0,2.0,0.7,2.8,0.3,2.3,1.4,2.1,-1.3,3.0,2.2,3.3,-0.0,2.0,3.1,1.2,-0.4,-1.8,0.1,4.6,4.3,1.5,3.1,2.5,1.6,-0.8,2.1,1.4,0.7,2.3,0.5,0.6,0.9,0.9,0.2,0.8,0.7,-2.0,1.1,1.2,4.2,3.9,1.4,1.3,-1.0,-0.7,1.4,-1.1,2.6,5.6,5.2,3.0,2.7,0.8,-1.0,1.1,-0.5,2.8,1.6,1.3,2.0,1.3,6.2,6.1,2.7,-3.6,-2.2,-4.1,2.1,2.2,1.0,2.8,-1.1,-2.1,4.5,2.6,0.6,-1.1,-0.9,-0.2,0.1,0.5,0.2,-0.0,-0.1,-2.7,-1.4,-2.0,-1.2,2.7,-2.7,1.9,-4.6,-1.3,-2.3,-3.5,-5.4,-8.9,-9.8,-1.1,-9.7,-11.1,-0.3,-11.9,-7.1,-4.5,-1.1,0.3,0.7,-0.1,2.9,1.3,3.5,0.6,2.6,1.5,1.1,0.8,1.0,-0.8,1.8,0.1,-3.6,-4.1,-0.7,-4.8,-11.5,-11.4,-2.6,-8.6,-8.9,-1.3
2C7L51IKCW,0,48.108518,11.628629,4442331.68,2778554.92,535.5,581.2,292,7384,2.7,0.83,0.39,32.66,348.97,-0.53,-0.103,0.842,-0.8,0.1,-0.44,0.21,0.9,0.2,-0.3,-1.2,-3.0,-2.7,-2.7,-2.7,2.2,-1.6,-0.4,-2.1,0.3,-2.4,2.7,-4.4,-4.7,-3.6,-1.2,-1.4,-0.8,-3.0,-2.0,-1.2,3.0,-0.5,-0.3,0.5,1.2,1.5,3.2,-2.5,-2.5,-3.0,-3.5,-1.8,-2.4,-1.0,-1.5,0.6,-1.1,0.3,1.5,1.1,1.7,0.4,-0.4,0.3,-2.1,0.2,1.2,-0.5,2.7,-0.1,-0.9,-1.0,0.5,-0.3,-1.1,1.0,-0.3,-4.1,-3.5,-2.8,-1.4,1.7,-2.5,2.7,1.3,-0.8,-3.4,-0.4,-2.2,1.1,-1.2,-1.3,-1.0,-3.0,-5.7,-6.3,-5.1,-2.4,-1.9,0.5,-0.7,-2.9,-0.7,1.2,-2.8,0.6,-3.1,-3.0,-4.4,-1.0,-1.5,-4.8,-5.2,-4.3,-3.8,0.5,-0.3,-0.9,-0.2,-4.7,-7.3,-4.3,-4.1,-4.7,-1.1,-0.9,-0.8,-1.3,0.1,-3.3,-1.5,3.1,-0.6,-2.1,-0.5,1.2,-1.9,-1.5,1.1,0.9,-2.1,0.9,-3.6,-0.7,-1.7,0.7,-1.4,-3.8,-4.2,-1.3,-3.7,-1.8,-1.1,-4.0,-4.2,-3.4,-4.1,1.9,2.1,-1.0,0.8,2.7,-1.6,-3.6,6.5,6.3,-2.1,-1.6,-2.4,-3.0,-1.1,-3.5,-3.9,-2.7,-3.7,-4.8,-4.4,-5.7,-4.8,-6.2,-3.7,-4.6,-4.5,-4.4,-1.7,-3.4,-2.1,-6.0,0.6,-5.0,-7.0,-3.8,-3.3,-5.8,-2.4,1.0,0.1,7.8,-6.1,-9.7,-9.9,3.3,-1.2,-3.5,-1.2,-0.1,-3.5,-7.6,-5.7,-4.9,-1.7,-9.0,-3.3,-7.0,-5.3,-3.7,-7.7,-10.7,-6.4,8.7,-10.0,-10.5,-1.4,-7.0,-6.0,1.2,-8.6
2C7L51IKE4,0,48.109254,11.634364,4442757.06,2778646.13,548.0,593.7,292,7480,4.4,0.62,0.49,32.69,348.97,-0.53,-0.103,0.842,-1.0,0.2,0.03,0.34,1.4,0.3,-0.3,-0.9,-3.4,0.2,-2.4,-0.5,3.0,-0.4,-0.7,-1.9,1.3,-2.9,-7.8,-1.3,-4.0,-7.0,-2.0,2.1,5.0,-3.0,-0.1,-10.6,-6.5,-3.8,3.9,1.9,4.2,4.7,3.1,-15.2,-6.1,-5.1,-4.0,-3.9,3.2,-2.3,6.2,-1.6,9.2,3.7,4.7,3.9,3.3,7.2,1.4,2.6,6.5,4.8,9.7,-0.4,1.2,-0.7,3.0,-0.1,1.1,2.8,-3.5,-1.0,-1.2,-0.2,-3.1,-2.0,-3.2,-0.4,-4.7,-6.3,-2.8,-1.8,0.2,1.8,-0.6,-1.9,1.0,-5.8,-0.5,-4.0,-0.3,2.6,-4.2,-2.6,-4.6,-16.3,6.1,-11.1,-6.3,6.8,4.3,-2.6,-3.6,-2.0,-4.1,-4.3,3.2,2.5,3.9,-0.3,-2.1,2.4,-0.5,-0.9,0.2,-1.8,0.4,2.9,-4.8,-2.3,-8.5,2.4,5.8,-1.3,0.1,-0.8,-12.7,-0.7,-3.9,1.1,-0.1,-2.0,-5.0,0.6,0.6,-0.2,0.5,-2.1,-1.3,3.9,-9.9,-6.2,-1.8,-1.2,-0.4,-5.5,-2.8,-1.9,0.0,-3.5,-1.1,-3.8,-3.6,-0.2,-1.3,-7.6,-13.7,-8.4,-1.7,-0.7,-2.4,5.8,0.3,-0.5,-4.9,-1.1,-6.5,-2.1,-3.1,-0.8,-8.2,2.3,-6.6,-3.1,-6.6,-8.1,5.0,-3.9,-18.9,-9.8,-3.4,5.3,1.6,1.4,1.1,3.6,-5.6,-12.0,3.3,-2.5,-7.6,-1.7,5.3,-0.6,-7.8,-8.9,-5.7,-4.9,-1.9,2.5,-5.7,-3.8,-3.7,-10.5,-3.0,-6.6,-3.9,-7.2,-6.9,-17.3,0.7,1.4,-3.3,-3.7,-5.7,6.5,-10.2,-7.0,1.5,-3.3,-6.3,-2.9,-0.6
2C7L51IKEw,0,48.109606,11.637106,4442960.43,2778689.78,533.2,578.8,292,7534,4.6,0.6,0.4,32.7,348.97,-0.53,-0.103,0.842,0.5,0.2,-1.03,0.35,1.8,0.3,-0.3,-1.8,-2.5,-0.8,-0.1,1.0,6.2,-4.8,0.0,-0.4,10.2,3.1,11.4,-3.8,6.0,-15.4,-15.8,0.4,1.5,4.0,0.2,1.2,2.8,-3.3,-4.4,-1.3,-2.4,-3.9,-6.0,-2.5,-3.3,-8.3,-6.7,0.1,1.7,3.1,-1.5,-0.1,0.9,-0.1,-0.2,-7.7,-3.8,2.9,-1.8,1.0,-1.5,0.2,-2.6,-2.3,-2.6,-1.3,-2.5,-2.2,-0.0,0.3,-1.0,1.9,-2.0,1.9,-6.6,-2.4,-0.1,-3.3,-0.2,-1.0,-9.5,-2.5,2.6,-1.0,-2.7,-0.3,1.8,-0.6,3.3,1.5,2.8,1.5,1.9,1.7,1.8,2.8,-0.3,0.5,-0.4,-1.1,3.3,-1.9,0.2,-1.0,-9.9,-6.3,8.6,-13.0,-12.5,-4.3,3.4,9.3,-11.3,-12.3,-0.9,2.3,8.1,6.0,-7.0,9.9,-10.8,-3.3,-0.2,-3.8,9.6,10.2,6.2,2.8,7.7,4.4,6.6,3.4,7.0,6.9,7.9,10.7,12.5,9.6,4.2,6.4,3.1,5.6,5.1,-2.6,4.1,4.6,1.9,1.8,4.3,0.4,-8.8,-4.3,1.3,1.2,4.4,0.7,-2.3,-2.2,0.7,2.5,3.7,2.7,2.1,2.0,2.4,4.5,2.5,0.2,0.5,-0.4,4.2,3.2,0.2,-1.2,-1.1,-6.0,0.9,-14.3,1.6,1.5,3.1,4.7,5.8,-1.2,3.9,6.7,3.0,2.0,4.0,2.5,5.7,2.5,2.4,-3.4,3.1,1.5,2.3,-2.4,-0.5,1.4,4.6,-0.3,4.4,-0.0,-3.8,-1.1,6.9,-3.0,-13.4,-0.7,-1.7,9.6,-2.6,-0.1,-0.7,2.1,-0.6,-1.7,3.6,4.2,-1.4,-3.0,-2.2
2C7L51IKBI,0,48.108,11.624453,4442021.82,2778490.51,543.7,589.5,292,7308,1.8,0.9,0.35,32.64,348.97,-0.529,-0.103,0.842,-0.7,0.1,-0.14,0.14,1.2,0.1,-0.3,-0.5,0.9,1.4,0.3,-0.4,-2.8,0.4,1.1,1.3,-3.4,1.8,-1.1,0.6,0.8,-1.3,1.6,1.2,1.5,-1.0,0.7,3.3,-0.4,0.9,2.5,2.9,2.6,2.3,-0.9,1.2,-1.0,8.5,-1.9,-0.5,-0.9,-2.1,-0.9,2.7,3.4,4.4,2.3,0.8,1.5,3.3,2.1,1.0,-0.2,-1.0,-1.0,-0.1,-1.3,-1.8,-1.0,1.7,0.1,0.5,0.4,0.1,1.2,2.0,0.5,-0.8,0.2,1.7,-0.5,-4.1,-2.5,1.0,0.2,-4.3,-0.4,-2.1,-2.2,-0.4,-0.9,-1.5,-0.6,1.1,0.8,-1.0,-0.6,-0.0,-0.2,2.0,-1.2,0.7,0.9,2.0,2.0,2.7,-0.3,0.4,-1.1,-0.7,1.0,1.3,1.2,0.9,1.5,2.2,2.5,-0.1,1.4,3.9,3.8,1.3,3.3,3.0,2.0,2.8,1.3,1.0,1.7,3.8,0.7,0.8,-1.7,-4.2,-2.4,-2.5,-3.2,0.2,-2.7,-6.2,-2.2,-0.6,-2.0,-1.9,-1.1,-0.9,-0.7,-3.2,1.2,-1.0,0.7,1.1,0.3,2.5,-0.0,0.7,4.2,-2.3,0.7,-3.0,-1.0,1.3,-1.1,-1.1,-1.2,-1.0,1.3,-4.5,-0.4,0.0,-1.0,-0.2,0.2,-1.0,-3.1,-0.0,1.8,1.8,2.6,1.3,-1.7,-1.7,3.1,-0.6,1.1,-1.0,0.6,0.3,-4.1,-2.2,-5.5,-4.5,-3.2,-2.1,-1.9,-8.3,-3.7,-1.0,-1.5,-4.7,-2.5,-3.5,-2.9,-2.4,-2.9,-1.3,-2.1,-1.5,-1.8,0.9,-1.0,-5.4,-1.9,-2.4,-1.9,-1.4,0.4,-3.0,-3.4,-0.6,-1.3,0.1,-3.4,-0.2,-3.3
2C7L51IKBt,0,48.108233,11.626262,4442155.99,2778519.32,528.3,574.0,292,7345,2.7,0.83,0.42,32.65,348.97,-0.53,-0.103,0.842,-0.7,0.1,-0.64,0.21,1.5,0.2,-0.3,1.0,3.7,1.1,2.4,2.5,-0.2,1.7,-3.0,1.5,3.9,2.3,2.2,0.7,5.5,-1.8,-1.8,-3.3,-2.8,-1.9,-3.8,-2.5,1.6,-7.0,2.5,1.0,0.9,-0.4,3.4,-7.3,-1.3,-18.6,-1.0,-5.0,-4.0,-6.5,-1.8,-2.9,-2.1,1.8,-3.8,-0.8,-4.2,-4.8,-2.6,-2.8,-1.2,-4.2,-4.0,0.7,-2.7,-1.0,-1.2,0.3,-1.4,-2.0,-0.2,0.1,1.2,0.5,-1.2,-0.4,0.6,0.5,-3.8,-3.5,-0.4,-1.6,-2.6,-2.9,-0.7,0.6,-0.5,-1.3,-0.8,-1.5,1.6,2.7,2.6,0.9,-9.3,-0.1,-3.7,1.2,-6.9,-0.1,-0.8,2.9,-2.2,3.2,-0.7,-0.7,-0.6,-3.7,-3.1,-1.0,4.8,-0.9,-1.6,1.9,0.1,-1.2,0.9,-0.9,4.0,2.2,1.4,1.5,-0.2,1.8,0.0,0.8,-0.9,0.3,-0.5,-3.1,1.2,3.4,-2.8,-0.4,-1.4,1.2,3.6,2.3,3.7,1.1,1.5,0.5,1.2,-0.8,-1.3,-1.0,-2.2,-3.2,-6.0,-7.5,-0.9,-2.6,-3.6,-1.0,1.7,-2.5,-1.3,-2.3,-2.0,-3.9,-0.8,0.2,-1.8,0.6,0.7,-1.7,-0.3,-1.1,-0.1,-1.5,1.2,-9.3,-3.5,-5.4,-1.2,-2.6,-0.9,-8.4,-2.4,-8.1,-4.2,-9.3,-5.7,-2.5,-1.3,-3.5,-7.4,-2.3,-1.7,-0.1,0.3,-0.6,-6.2,-7.6,1.8,-1.5,1.7,-0.3,-1.5,-1.9,-4.6,-2.1,-3.5,-5.0,-7.4,-4.4,-2.2,-5.4,-6.2,-7.9,-6.4,-6.9,-3.0,-4.7,-1.7,-3.2,-4.2,-5.0,-1.8,-6.2,-3.0,-3.1,-3.7
2C7L51IKC0,0,48.108299,11.626776,4442194.17,2778527.5,533.9,579.6,292,7352,1.7,0.93,0.23,32.65,348.97,-0.53,-0.103,0.842,-0.9,0.1,-0.08,0.13,0.5,0.1,-0.3,-0.8,0.7,-0.8,-0.2,-1.4,0.4,0.5,-1.0,-0.4,0.6,-0.5,1.5,-0.6,-0.0,-0.5,-0.7,1.5,-2.8,1.5,0.5,1.9,5.6,2.4,3.1,3.7,3.4,4.5,2.8,-1.3,-0.6,-11.2,-0.3,-2.0,-1.4,-4.5,0.9,1.9,-0.7,4.0,4.1,1.5,2.3,2.4,-2.8,1.2,-2.4,-2.0,-0.5,-1.0,-0.2,-1.9,-0.4,-0.8,-0.9,-1.4,-1.8,-1.6,-0.3,-1.2,-1.0,-1.8,-1.2,0.4,-1.1,-1.7,-1.0,-0.8,-0.4,-1.0,0.2,1.0,0.5,-0.6,-0.3,0.1,0.9,2.3,0.4,0.9,1.7,-1.6,-0.3,0.1,0.2,-2.2,-1.0,1.1,0.8,-1.2,0.6,-0.2,0.1,-5.6,-3.9,-2.6,0.7,-2.0,-0.4,-1.2,-1.2,-0.2,-0.1,-0.2,-0.4,-0.2,-2.3,-1.6,-0.8,-1.4,-2.2,-1.7,-1.2,-2.8,-3.5,-1.1,-0.9,-3.6,-1.2,-2.5,-2.0,-0.3,-1.0,-1.5,-0.8,-0.6,-0.2,0.6,0.4,-2.5,-0.5,-4.0,-4.3,-2.0,-3.0,-4.6,-3.9,-2.0,-2.3,-0.3,2.5,-3.5,-2.9,-2.7,-1.3,-2.7,-2.5,-1.0,-3.3,-2.5,-1.2,-1.8,-1.7,-1.1,-3.4,-1.9,-4.7,-4.5,-2.3,-2.6,-0.3,-2.2,-2.0,-1.3,-3.1,-2.4,1.0,-1.3,-1.2,-1.7,-1.6,-3.8,-6.7,-4.8,-4.4,-3.6,-2.4,-3.7,-3.6,-5.4,-3.9,-2.4,-3.2,-2.9,-3.5,-3.1,-1.8,-3.8,-0.7,-3.0,-3.7,-2.6,-3.2,-5.0,-4.2,-5.9,-6.0,-4.8,-3.3,-5.0,-2.7,-4.0,-4.1,-3.9,-3.4,-3.0,-4.6,-6.5,-4.7
2C7L51IKDh,0,48.109084,11.632892,4442647.79,2778624.78,541.5,587.2,292,7457,3.7,0.7,0.45,32.68,348.97,-0.53,-0.103,0.842,-0.9,0.2,-1.09,0.29,1.1,0.2,-0.3,1.0,3.6,5.2,5.4,1.8,-4.5,3.3,1.1,2.3,-3.7,4.1,5.4,3.7,2.6,3.3,3.9,2.8,4.0,1.5,0.2,0.1,0.5,-1.5,1.5,1.2,0.3,5.5,2.3,-5.2,0.2,-1.2,-2.0,0.4,6.4,5.2,3.1,4.3,4.5,4.5,3.1,1.9,-4.7,1.7,0.8,1.3,-2.3,-2.2,-4.6,2.7,-0.8,3.1,0.6,0.8,3.2,3.0,3.8,-1.1,0.1,2.3,-0.5,3.8,0.2,1.7,0.1,4.0,-6.6,-1.5,-4.2,3.9,1.7,3.1,4.0,-0.5,6.6,4.6,3.9,4.0,6.2,4.0,3.4,3.1,3.0,4.4,5.2,5.5,4.4,2.6,2.8,2.3,2.4,3.6,-2.1,-9.2,0.8,1.9,3.0,0.4,2.5,2.2,3.8,2.4,4.7,6.1,6.9,7.5,4.7,4.2,5.7,5.0,3.6,4.3,3.7,5.0,3.9,6.1,11.2,8.5,15.7,7.5,13.6,10.6,0.7,9.2,5.2,9.3,14.2,0.3,5.7,5.6,3.1,-2.0,0.1,3.4,-0.2,3.8,0.9,2.4,-3.5,2.3,-0.9,-10.6,-8.3,4.9,2.4,3.6,-0.8,-1.6,-3.0,-3.8,0.5,5.5,-3.1,1.4,-1.2,3.1,-4.7,-1.1,4.6,-0.9,0.9,-1.9,-5.1,-5.0,-9.6,-8.3,-4.5,1.6,3.6,-3.2,-0.1,0.3,1.6,-7.9,-2.1,-10.6,-7.2,-1.2,-1.9,8.1,-3.3,-0.4,-1.6,-0.2,-4.1,4.7,3.2,-2.5,-1.2,2.3,-1.7,-0.6,-1.3,-2.2,1.1,0.4,0.7,-0.8,-0.5,0.5,0.2,-2.5,-1.9,-0.9,-4.7,-5.3,-3.4,-1.8,-2.4
2C7L51IKEn,0,48.109632,11.637169,4442965.05,2778692.79,559.5,605.2,292,7525,4.7,0.63,0.54,32.7,348.97,-0.53,-0.103,0.842,-0.3,0.2,0.21,0.36,1.5,0.3,-0.3,2.3,0.2,2.4,1.7,-1.4,-3.2,-0.1,-1.5,-2.7,-4.4,-2.6,-3.3,-1.2,-1.5,-2.5,6.7,-14.7,-15.9,4.1,-10.7,-2.3,0.6,-5.0,3.3,0.7,6.0,1.2,0.3,5.2,6.1,-2.8,2.6,-3.5,-4.5,-1.0,5.6,-3.3,-6.4,13.1,0.2,-0.5,-0.3,-2.1,7.2,-1.9,-0.1,-0.3,3.2,1.9,2.2,-0.2,2.1,-0.1,1.7,-1.9,-2.2,-0.8,-1.5,0.5,-0.5,-2.8,-1.0,-1.8,-0.3,-3.9,-17.3,1.5,2.3,-1.7,-2.1,2.9,-1.1,1.0,1.8,1.0,-15.7,-0.8,-1.1,-1.9,-2.3,-1.0,2.0,1.2,-2.8,0.1,-10.8,-0.4,-7.5,10.4,-2.3,-3.2,-4.2,-1.3,1.7,-3.5,1.5,-3.0,3.7,-0.7,-1.5,0.7,1.1,-2.0,-1.3,-13.8,-0.9,-0.1,8.8,1.5,-1.6,2.8,-0.6,-0.9,-2.6,-3.2,7.0,-4.9,-3.1,0.6,0.1,-5.9,-3.1,-4.7,-2.8,-3.5,-0.4,-7.0,4.6,-6.6,-7.4,-7.2,0.6,6.8,5.4,-3.4,-0.8,-14.8,-2.3,-0.1,-0.1,-2.4,3.4,-2.3,-0.6,1.4,-0.5,-2.9,2.1,-1.4,-5.2,-0.5,-4.1,-1.9,-2.8,-2.8,-16.8,-6.5,-11.6,9.1,-14.1,4.1,6.5,-4.8,-6.3,-4.2,3.2,-0.9,11.1,-6.8,7.6,2.1,4.5,-9.2,2.5,-0.4,-2.3,-0.1,0.8,-4.9,0.3,1.6,-2.0,1.1,-1.8,-1.8,-3.8,0.8,2.3,0.5,-4.7,-2.7,-5.4,-2.4,-2.1,-0.6,9.1,3.2,1.1,-9.5,-3.2,3.1,-11.0,-6.5,-3.8,-4.9,-3.1,1.4,-1.2
2C7L51IKF9,0,48.109746,11.638053,4443030.61,2778706.89,541.3,587.0,292,7547,4.3,0.73,0.47,32.7,348.97,-0.53,-0.103,0.841,-0.2,0.2,-0.63,0.33,0.4,0.3,-0.3,-1.0,-2.9,0.0,-0.4,0.2,0.7,2.8,2.6,-2.0,-3.5,3.0,2.9,1.6,4.7,0.8,3.0,1.2,-3.1,-15.3,-2.7,4.4,3.6,-7.3,7.1,2.5,0.3,4.5,2.1,-15.1,-1.5,-4.7,7.0,2.8,4.2,0.8,-14.3,2.0,4.9,-0.8,6.9,1.3,2.4,0.8,4.1,-0.0,-2.9,0.9,4.5,4.9,2.7,1.7,2.6,3.7,0.1,0.1,4.0,4.8,1.5,0.9,1.8,-6.7,3.8,8.2,3.7,-3.8,1.7,3.1,3.9,0.9,1.2,2.9,2.5,3.9,1.4,2.5,1.6,0.6,-0.0,0.6,-0.4,-1.7,-2.1,1.1,3.6,1.6,-1.9,3.2,4.6,-2.6,3.7,2.5,7.5,4.8,-2.5,2.1,1.8,-14.2,2.1,4.0,0.5,0.0,2.4,3.2,3.2,0.5,-1.2,-7.5,3.0,-0.1,1.1,0.7,1.9,2.7,4.6,4.9,3.3,-18.3,4.1,4.8,6.2,1.6,5.7,7.5,4.4,2.7,4.7,4.0,5.0,3.6,-5.4,1.8,-3.5,6.4,-1.9,1.0,6.4,5.6,-0.8,-2.0,5.6,6.1,1.8,-0.2,2.9,3.6,-6.2,-7.1,-9.4,-0.3,4.4,-0.6,1.6,-1.4,0.5,-0.7,1.4,2.2,1.7,4.8,-3.5,0.5,-7.8,0.5,-3.5,-3.5,-9.6,-7.2,-0.0,2.3,5.3,1.1,1.4,4.3,-0.6,4.6,-0.7,2.4,1.7,7.6,1.0,-0.2,0.2,0.0,0.0,0.7,1.8,1.8,-0.2,5.1,-0.9,-1.8,-3.3,4.8,-0.6,1.8,1.3,3.6,0.1,2.9,3.4,-0.2,-1.9,-2.1,-3.4,-18.1,2.8,0.8,-4.3
2C7L51IKAa,0,48.107692,11.62191,4441833.13,2778452.11,542.9,588.6,292,7264,3.4,0.77,0.41,32.6,348.93,-0.529,-0.103,0.842,-0.5,0.2,0.42,0.26,0.3,0.2,-0.3,0.7,-0.1,1.8,0.1,-1.7,-1.2,-0.0,0.0,1.4,4.7,1.6,0.6,4.2,4.1,1.5,3.8,2.8,7.6,-1.8,-6.7,-3.6,-3.0,-0.2,0.6,-3.3,-1.1,-0.9,11.5,-3.5,0.3,-10.0,-9.1,-8.4,-14.5,-4.9,-5.4,-3.2,-2.4,-1.3,1.2,1.9,-4.5,5.4,-1.0,3.6,-3.6,-6.0,2.0,-0.2,2.7,-1.0,0.4,0.8,2.1,-0.9,-4.3,-0.7,0.0,3.8,-3.1,0.0,-0.0,4.4,0.5,-1.1,-3.9,-1.4,2.2,0.6,-2.0,-1.0,-3.5,-2.0,-3.6,2.1,-3.7,0.1,-2.0,-3.6,-4.3,6.2,1.2,0.2,-7.6,-2.1,-6.4,-0.4,9.4,-4.0,-11.5,-0.2,-2.2,-4.7,0.6,1.5,-2.5,-2.5,4.8,3.5,5.1,0.2,0.1,0.3,-1.1,-0.4,0.3,-1.2,-0.2,-0.5,-7.0,-2.7,-0.6,0.1,0.6,-2.9,-4.2,-3.6,1.4,-3.0,-2.8,1.4,-4.9,1.7,-0.1,-0.9,-1.9,-1.9,-4.6,-4.5,-6.5,-0.2,-2.4,-0.4,0.0,-2.2,-4.0,0.2,1.7,2.0,2.0,-3.9,-3.0,-2.4,-3.5,-4.6,-2.9,0.5,-6.8,-5.0,-1.4,-3.3,-2.9,-3.4,-8.6,-4.1,-1.9,-5.9,-2.6,-2.9,-3.4,-2.4,-4.5,-3.1,2.3,-1.8,0.3,-0.6,-3.4,-3.8,-3.2,-5.7,-10.9,-0.9,-3.3,-7.6,-0.5,-2.3,-2.0,-6.2,-0.5,-5.9,-4.3,-1.0,-2.9,-1.3,-0.0,2.3,2.0,-3.6,-2.9,-1.8,5.3,-5.0,-1.2,-7.4,-2.6,0.3,1.4,-1.4,-0.0,-4.0,-1.9,0.4,-1.5,-3.6,-0.4,0.1,-4.8
2C7L51IKBr,0,48.108243,11.626201,4442151.43,2778520.4,529.9,575.6,292,7343,3.6,0.72,0.5,32.65,348.97,-0.53,-0.103,0.842,-1.7,0.2,-0.54,0.27,2.1,0.2,-0.3,1.3,-0.6,-1.4,0.4,-4.1,-2.1,0.0,-7.4,-2.1,-0.0,-5.8,-0.4,-1.7,-2.6,-3.0,-1.8,-6.2,0.2,-3.9,2.6,-5.3,-2.7,-4.6,-2.9,-1.0,2.1,3.0,3.2,-4.0,1.0,-13.0,-1.8,-5.3,-3.2,-7.6,1.5,-7.4,-8.5,-1.3,-4.1,-4.2,0.1,-1.6,-6.1,-3.3,0.3,-0.3,-0.0,-0.9,-2.8,-0.6,2.8,1.2,0.2,-4.4,1.4,1.0,0.4,-2.4,2.4,5.3,2.3,7.4,1.6,5.2,0.7,3.5,5.0,-1.2,-0.2,-1.7,0.8,0.4,-1.6,-1.8,-0.0,-2.0,-2.4,-3.6,-1.8,-2.8,-6.4,-5.5,-5.6,-1.7,-2.0,2.3,-1.0,-3.6,-2.0,0.1,-2.7,-7.8,-7.6,-1.8,-0.4,-4.2,-6.5,-3.8,-6.2,-8.1,-3.9,-6.3,-6.0,-4.9,-4.9,-2.5,-5.0,-4.0,-6.0,-3.7,-4.3,-4.7,-5.1,-5.1,-4.7,-6.8,-4.7,-5.3,-6.7,-3.2,-5.2,-2.2,-4.9,-3.2,-5.5,-5.3,-4.3,-5.6,-8.2,-6.0,-5.1,-4.0,-3.9,-11.2,-5.5,-7.3,-8.1,-5.6,-3.0,-1.1,-2.4,-7.1,-6.6,-13.1,-6.0,-2.9,-4.9,-3.1,0.1,-5.5,-3.1,1.3,-3.9,-4.2,-7.3,-8.1,-8.4,-1.1,-3.5,-18.2,-9.0,-3.8,-9.3,-6.9,-5.0,-4.9,-3.9,-4.8,-5.6,-7.1,-7.9,-5.8,-2.9,-1.8,-3.3,-0.6,-4.3,-3.0,-5.8,-1.7,-5.1,-5.8,-5.4,-4.2,-2.4,-8.7,-8.9,-19.4,-15.8,-23.4,2.5,-22.2,-21.4,-15.6,-9.6,-7.4,-13.3,-12.9,-6.3,-7.0,-11.3,-13.3,-9.4,-4.1,-6.4,-7.4,-4.8
2C7L51IKCQ,0,48.108499,11.628194,4442299.31,2778552.12,532.1,577.8,292,7378,2.4,0.86,0.38,32.66,348.97,-0.53,-0.103,0.842,-0.6,0.1,-0.59,0.19,0.3,0.2,-0.3,-1.0,-0.9,-0.5,-0.8,-1.3,-1.5,0.9,-0.4,-0.4,0.4,1.9,0.1,0.6,2.5,2.1,3.6,1.5,-1.1,0.5,-2.8,-4.1,0.8,0.8,0.0,-2.4,1.4,0.4,-1.3,0.8,-2.7,-10.9,-5.9,-5.2,-1.8,-4.4,-4.2,-0.5,-2.9,0.4,-0.6,3.1,1.8,0.7,2.0,-1.4,1.5,-2.9,-2.6,-0.8,-1.1,-2.2,-2.2,-1.4,-0.6,-1.1,0.6,-0.8,-0.5,-0.8,-1.2,-0.6,-0.5,0.8,-3.2,-0.8,-1.4,-0.3,-2.8,-2.1,-2.1,-2.2,-2.6,-3.3,-0.7,1.8,-1.0,0.7,0.1,-1.2,-1.6,0.4,-0.6,-2.1,-1.9,0.4,-1.5,-0.8,3.7,-2.5,0.5,1.3,0.4,-5.7,-4.3,0.9,5.1,1.0,-2.9,1.8,-1.5,2.2,1.2,3.5,-0.2,2.8,-0.4,1.1,-1.1,0.4,-1.9,-1.4,-3.1,-1.9,1.1,-1.5,-0.8,-2.8,-0.4,-2.3,-2.1,-1.1,-1.3,-1.8,0.1,-1.8,0.7,0.3,0.1,-2.1,-2.7,-5.7,-5.4,-2.7,-4.2,-6.3,-1.8,-0.8,0.5,0.3,-0.3,-4.1,-1.0,-2.7,-1.2,-1.1,-2.1,-1.6,-0.5,1.8,1.8,-0.6,0.4,-1.2,0.5,-0.9,-3.2,-2.5,-0.6,-1.9,-1.2,-3.0,-1.8,4.9,1.1,-6.3,-0.6,7.1,6.2,2.7,-1.3,1.0,-4.0,-5.5,-3.3,-2.6,-3.2,-2.3,-1.3,-3.6,-3.6,-3.2,-3.9,-3.4,-3.4,-3.2,-0.8,-3.6,1.5,-3.5,-9.5,-4.8,2.3,-14.3,-5.7,-10.2,-1.8,-4.6,-3.8,-5.1,-2.2,-2.9,-2.8,-4.9,-3.2,-5.1,-4.9,-3.7,-5.3
2C7L51IKCR,0,48.108522,11.62837,4442312.32,2778554.9,537.8,583.5,292,7379,1.5,0.95,0.23,32.66,348.97,-0.53,-0.103,0.842,-0.7,0.1,-0.16,0.11,0.6,0.1,-0.3,0.5,-0.6,0.8,0.4,-0.3,-0.2,-0.4,-0.3,-0.5,-0.7,1.0,0.7,1.0,-0.1,-0.4,-0.4,-3.1,-1.3,-0.4,-1.8,-3.8,-0.4,-0.7,-0.3,-0.7,1.9,0.4,0.5,-2.3,-3.0,-12.0,-4.3,-3.8,-1.3,-2.8,-2.9,-0.5,-0.8,1.9,0.6,-0.2,-0.3,0.7,-2.1,-2.0,-2.4,-1.7,-1.8,-2.3,-0.8,-2.2,-0.7,-0.4,-0.4,0.2,-0.9,0.8,0.1,-0.1,-0.2,-2.1,-1.0,-0.2,-1.1,-1.2,-1.2,-1.9,-1.9,-3.9,-2.3,-2.0,-1.9,-3.4,-0.7,-2.1,-1.3,-0.7,-1.5,-1.7,-2.8,-3.3,-1.8,-3.2,-1.9,-0.8,-2.4,-0.1,1.3,-1.8,-2.1,-2.0,-1.2,-3.8,-5.8,-4.0,-0.1,-0.3,-1.2,0.4,-0.7,-1.0,-2.1,-0.3,-1.5,-0.2,-1.9,-1.4,-1.4,-0.6,-1.7,-1.1,-3.3,-1.1,0.9,-0.8,-1.5,-2.8,-2.5,-1.5,-0.9,-0.1,-3.4,-2.3,-0.3,-1.3,-2.6,-1.7,-1.8,-4.0,-3.7,-4.4,-2.4,-3.8,-3.6,-5.1,-2.4,-1.4,-2.8,-1.0,0.2,-1.9,-1.7,-2.5,-3.0,-1.6,-3.5,-3.5,-1.2,-0.8,-1.7,-1.3,-0.7,-2.0,-1.2,-2.2,-3.5,-3.0,-3.3,-3.7,-2.3,-2.3,-2.5,-3.3,-4.8,-6.4,-1.5,-0.8,-2.2,-3.4,-3.6,-4.2,-5.8,-4.6,-5.6,-3.9,-4.2,-4.3,-3.0,0.7,-4.3,-3.1,-3.1,-3.5,-2.6,-3.6,-2.4,-4.3,-2.7,-3.9,-5.5,-6.5,-2.1,-3.1,-5.3,-4.3,-4.5,-5.5,-5.2,-4.4,-4.5,-5.3,-4.6,-4.2,-2.7,-3.5,-5.9,-3.8,-4.5
2C7L51IKCS,0,48.108533,11.628455,4442318.64,2778556.25,539.2,584.9,292,7380,2.9,0.8,0.42,32.66,348.97,-0.53,-0.103,0.842,-0.6,0.1,-0.14,0.22,1.9,0.2,-0.3,-0.4,-2.7,0.4,-0.4,-1.2,0.8,-2.4,-3.2,1.0,-1.3,0.3,-2.8,4.1,-5.5,-2.4,-2.3,-6.8,-4.6,-1.5,-3.5,-8.7,-5.6,-1.1,-2.7,3.3,1.5,-4.1,-5.9,-15.1,-6.6,-10.5,-3.5,-4.9,-4.0,-2.5,-7.0,-5.0,7.1,2.2,-0.3,-0.1,-7.3,-1.8,-4.3,-3.9,-2.7,-3.3,-0.8,-2.0,-8.3,7.9,-2.3,-1.0,2.1,5.3,-1.6,1.2,0.4,0.8,-0.5,-0.1,-1.4,0.2,1.0,-14.0,-6.0,0.9,-2.6,-7.0,-4.4,-4.5,-4.0,-6.0,-3.6,-6.7,-3.9,-1.7,-1.1,-2.1,-3.7,-3.3,-6.3,-5.8,-3.7,-3.9,-5.6,-3.2,-6.0,-7.4,-5.7,-6.2,-1.7,-17.1,-9.8,-4.4,-0.5,-2.4,-4.7,1.1,-1.4,-2.9,-7.8,-2.1,-3.2,-3.8,-1.3,-1.6,-2.3,0.0,-2.5,-1.3,-2.0,0.5,-0.2,-0.2,-1.6,-1.7,-1.1,-2.0,-1.0,-0.9,-2.8,-3.6,0.7,-2.2,-5.4,-3.4,-3.4,-4.0,-5.1,-4.3,-4.3,-5.5,-4.7,-6.8,-5.6,-4.9,-4.2,-1.6,0.1,-1.5,-3.7,-3.2,-4.2,-1.5,-3.0,-3.8,-0.7,-2.1,-2.3,-0.7,-1.7,-1.6,-3.0,-1.1,-3.1,-4.7,-5.7,-4.5,-4.0,-2.8,-4.2,-4.7,-6.2,-6.6,-4.5,-3.4,-6.4,-5.5,-3.9,-7.3,-10.1,-6.7,-8.2,9.4,-5.0,-4.5,-3.5,1.3,-4.2,-2.6,-1.8,-2.8,-3.6,-5.6,-3.3,-5.4,-4.4,-4.5,-8.2,-7.5,-5.8,-5.1,-6.1,-8.5,-7.0,-5.5,-5.9,-2.3,-3.1,-2.0,-6.3,-4.7,-3.7,-4.3,-7.3,-4.8,-4.6
2C7L51IKEu,0,48.109638,11.637064,4442957.27,2778693.23,537.2,582.9,292,7532,3.2,0.8,0.48,32.7,348.97,-0.53,-0.103,0.842,-0.0,0.2,-0.21,0.24,0.7,0.2,-0.3,1.9,1.6,-2.2,1.0,-0.2,2.6,0.6,0.6,8.2,3.5,-0.9,0.9,1.9,1.7,-0.2,4.9,-4.3,-13.9,-6.4,5.4,0.1,-2.2,-2.2,-3.1,0.3,0.5,-1.4,2.6,4.1,-1.1,-8.0,-0.5,-1.8,-2.2,-0.4,-0.3,2.2,4.2,-2.8,2.6,-0.7,1.7,-0.9,1.1,1.6,-0.9,-0.1,-0.6,-1.0,2.1,3.1,2.5,0.9,-5.4,-0.8,3.0,1.4,5.4,3.1,3.8,-3.4,0.7,1.7,2.4,0.4,-1.0,-0.4,4.1,0.3,-0.7,-0.2,2.5,2.0,2.2,2.4,6.0,5.2,4.0,0.9,3.4,0.4,-1.6,-0.0,2.6,1.2,1.6,2.3,3.7,3.9,0.0,-0.7,3.6,0.6,-0.7,-3.9,1.2,-0.7,0.2,2.7,0.7,3.8,2.7,2.6,4.0,2.7,6.8,3.6,4.4,3.2,1.1,3.2,2.5,-1.1,0.7,-1.1,3.1,5.1,2.1,3.7,-1.9,4.1,2.1,3.1,-2.5,-3.5,3.4,2.9,7.5,-8.9,-7.2,3.9,4.6,-2.0,-0.4,4.0,-5.9,-5.6,2.4,-0.2,3.5,-0.8,2.1,-0.7,-14.2,9.0,4.9,5.0,1.8,0.8,-4.0,0.4,0.4,-0.1,0.9,0.2,0.6,-2.7,0.3,2.4,-0.5,-6.1,6.3,-5.9,-5.1,-3.9,-1.0,4.0,3.5,0.7,-0.8,1.3,3.3,4.2,0.8,0.4,1.7,-6.2,-1.0,2.1,0.4,1.9,2.5,-3.4,0.5,-0.4,0.4,2.3,0.7,4.3,2.6,1.0,1.4,-2.5,-1.9,1.0,1.6,1.4,1.5,1.6,1.3,3.0,0.2,0.9,2.1,-0.8,2.2,0.1,1.7
2C7L51IKFA,0,48.10977,11.638091,4443033.45,2778709.57,540.7,586.4,292,7548,2.4,0.85,0.4,32.7,348.97,-0.53,-0.103,0.841,-0.2,0.1,-0.34,0.18,1.4,0.2,-0.3,0.6,-2.2,2.5,1.2,-0.5,-1.6,0.3,-2.0,1.7,-2.1,2.1,-0.5,-0.0,1.3,-0.2,3.3,2.3,-2.3,-0.7,0.3,-0.2,0.4,-2.7,0.5,-1.1,-0.1,-0.4,0.6,-3.5,-2.1,-5.8,-4.7,-2.7,-0.3,-0.2,-3.2,-11.2,1.4,-0.6,-1.1,-1.9,-4.1,-6.6,-0.9,-1.4,-1.5,-1.7,-0.4,-1.3,-5.3,-0.7,1.8,2.7,-1.0,0.3,2.9,1.9,1.6,1.1,0.2,2.7,2.6,4.9,1.2,5.8,4.4,1.6,0.1,2.6,0.6,-0.1,3.6,1.1,0.6,0.4,0.4,0.3,1.3,0.3,-3.6,-3.8,-4.3,-2.3,1.5,-1.5,-0.3,0.2,-0.9,-2.6,-0.3,-0.6,-2.6,0.5,-2.4,-1.3,-1.1,-5.1,0.4,2.9,0.7,2.3,0.3,4.3,2.4,-1.5,-2.2,-0.8,1.4,-2.3,2.4,0.9,-1.9,-0.1,1.0,-1.9,1.1,3.2,-0.5,0.6,1.4,-0.3,1.1,1.0,3.4,0.5,3.8,0.3,1.5,-2.4,-2.6,-0.1,-2.0,1.5,-1.8,-0.1,-6.5,-2.7,-0.7,-0.4,1.5,2.6,1.7,-0.8,-0.4,-4.2,-3.0,3.8,-1.2,-2.1,1.2,2.5,-0.1,-2.0,1.9,-3.4,2.0,-1.3,2.2,1.7,-1.2,-0.7,-10.2,-4.6,-5.8,-6.6,0.2,2.9,0.3,-1.4,0.7,-1.9,0.6,2.4,-2.8,0.3,-4.3,-0.2,2.2,5.3,-0.8,-3.4,-1.2,-2.8,-2.3,-2.5,-1.2,-1.3,-2.1,0.7,-5.7,-6.1,-2.2,6.0,-4.9,0.2,2.1,-5.8,-1.4,1.9,-0.2,-1.0,3.6,-1.9,-3.6,-1.3,1.8,-0.2,-3.8
2C7L51IbDs,0,48.10782,11.622764,4441896.42,2778467.77,537.9,583.6,293,7280,4.4,0.66,0.48,32.61,348.93,-0.529,-0.103,0.842,-0.7,0.2,-0.15,0.34,2.0,0.3,-0.3,-0.6,0.7,-1.0,0.7,-0.9,3.3,0.2,-5.2,0.0,-7.6,2.7,9.7,-2.5,-2.9,-3.3,-1.5,-1.7,0.1,-1.0,0.5,-2.7,-5.0,-3.2,1.9,-14.9,3.8,-0.2,4.5,5.1,-3.6,-21.1,-15.7,-5.3,-1.0,-7.0,-7.9,-0.1,-2.0,5.7,1.7,-3.1,10.2,2.3,0.8,-1.4,-0.0,0.9,1.0,0.5,0.0,-0.1,-0.8,1.8,5.6,2.1,-0.2,1.8,1.0,0.1,2.6,3.9,0.2,0.6,-1.5,-2.3,2.8,0.2,-7.1,-4.7,-6.1,-3.6,-4.1,-5.7,-7.0,-4.0,-2.0,2.3,8.2,-0.0,1.2,0.0,-2.7,-2.3,-1.9,-2.4,-2.1,2.7,3.0,-1.3,-1.1,-8.0,-3.1,-5.0,7.1,-7.2,-3.9,-3.6,-5.2,-3.0,-4.1,0.2,1.5,-1.8,-1.1,-3.3,-0.5,-0.9,-3.4,-1.4,-3.4,-0.0,0.8,0.5,-0.4,0.8,0.6,2.7,1.0,-5.2,1.5,1.3,-1.7,-2.2,-0.5,-0.2,-1.0,-0.5,1.2,-2.9,-2.7,-1.3,-5.7,-2.4,2.8,-1.5,-1.0,3.3,-16.5,-2.8,-10.6,-1.9,-0.6,-3.9,3.5,3.1,0.7,0.3,0.1,-3.2,0.7,0.7,-2.1,-3.0,-3.6,-1.0,5.0,-3.7,2.5,-11.5,4.8,-5.7,-16.4,-19.0,-6.1,-13.3,0.8,-1.8,-9.1,-6.8,-12.4,-0.7,-14.4,0.1,-0.4,0.4,1.0,-0.4,2.7,-11.4,1.3,-7.1,-2.7,-4.7,-7.3,1.4,2.0,-4.0,-3.4,-5.8,-6.6,-5.3,-18.8,-9.4,-5.6,-7.4,-3.0,-5.5,6.7,0.7,-1.3,-5.1,-1.0,2.9,-1.8,0.2,-2.7,-4.0,-2.6
2C7L51IbEF,0,48.10799,11.624088,4441994.66,2778488.83,540.1,585.8,293,7303,3.8,0.67,0.42,32.64,348.97,-0.529,-0.103,0.842,0.1,0.2,-0.72,0.29,2.1,0.3,-0.3,-3.9,-2.8,3.5,-5.2,-5.3,-5.7,0.1,2.0,6.0,14.3,7.5,4.4,6.0,7.5,1.8,6.9,5.3,6.8,13.3,1.6,1.0,8.4,0.9,3.7,3.2,6.1,12.6,3.2,4.1,3.4,2.9,1.4,-0.1,18.1,-0.7,-0.1,5.2,3.2,9.3,1.7,6.4,4.3,4.8,6.1,4.2,-1.0,-2.3,4.0,5.2,4.8,6.8,0.0,-0.1,2.5,1.8,3.9,-0.6,2.9,0.8,-0.6,-0.8,2.8,2.7,2.7,-5.5,-1.1,1.1,1.7,5.3,3.7,2.5,4.9,0.6,3.5,6.0,6.1,5.7,5.3,1.9,4.2,6.6,10.0,7.9,4.7,5.9,4.4,8.9,8.0,3.2,6.2,4.4,2.9,1.7,4.1,10.9,9.7,0.7,10.1,6.0,11.0,3.0,8.3,5.2,3.3,5.9,8.0,7.5,1.9,9.7,9.5,9.2,6.5,2.4,5.8,4.8,4.9,-2.4,2.1,-0.2,2.2,-0.8,1.9,3.0,2.3,7.0,8.6,-6.4,15.0,15.9,8.4,8.0,9.4,-0.2,5.6,6.0,5.3,9.3,6.3,8.0,14.2,-1.3,6.8,4.3,7.9,6.0,6.2,0.9,4.0,4.9,6.6,-5.3,11.2,9.8,5.5,6.7,5.7,4.5,5.4,4.3,2.3,5.9,3.7,3.8,4.3,4.2,1.9,6.0,5.8,3.2,7.5,8.0,1.9,-2.5,-5.4,2.4,-5.9,-1.5,0.1,-4.3,4.6,3.3,4.3,1.9,2.0,3.5,4.7,5.4,6.9,5.2,8.3,6.4,2.9,5.0,5.0,2.3,11.5,4.9,5.4,1.9,7.8,4.3,4.9,4.8,7.7,6.2,-8.3,3.6,1.3
2C7L51IbEG,0,48.107999,11.624157,4441999.82,2778489.94,540.7,586.4,293,7304,3.4,0.76,0.43,32.64,348.97,-0.529,-0.103,0.842,-0.0,0.2,0.12,0.26,1.3,0.2,-0.3,-1.1,-0.6,3.9,-1.3,-0.5,-2.8,0.7,2.0,2.0,-5.2,3.4,0.0,2.4,-2.4,1.1,5.7,2.3,2.0,0.3,0.0,-1.0,-3.9,-1.5,3.1,3.5,2.6,0.4,1.1,0.7,-1.4,5.5,-0.6,-2.7,-2.3,-0.4,-0.8,3.9,2.8,1.5,1.6,-0.9,0.2,4.7,0.4,3.0,-1.2,-2.0,-0.8,1.9,3.4,11.2,-0.8,1.6,1.1,1.7,-0.1,-2.5,-2.1,-1.5,0.9,-1.1,2.2,-2.2,0.6,-7.5,-4.5,-4.2,0.6,-1.0,-2.9,-1.6,-1.3,-0.5,1.1,2.7,1.9,3.0,5.1,-1.5,-0.3,-1.0,-10.0,-0.4,-2.2,3.8,3.7,-9.4,1.8,0.0,3.9,1.7,-1.1,-1.4,0.8,2.3,5.4,-1.2,1.3,4.5,-1.0,3.1,7.2,2.1,1.2,1.9,2.8,4.7,0.8,2.2,13.3,7.7,2.0,1.8,4.9,2.3,2.6,-3.6,0.3,-0.1,-1.2,-2.7,1.3,1.3,1.0,8.4,-1.5,-4.3,1.1,-7.3,-2.0,-13.4,4.9,-2.3,0.4,4.5,3.7,7.2,3.2,2.7,14.3,-0.8,-3.2,0.9,7.2,-3.2,0.9,-0.7,1.4,2.9,4.6,-2.3,-1.0,-7.5,0.5,1.6,-0.6,-1.3,1.6,1.8,2.0,1.9,0.5,1.8,0.5,-2.1,0.9,1.5,0.3,-0.2,0.2,-0.8,-1.1,-5.2,-6.4,-5.1,-4.7,-2.5,-0.7,-2.5,-2.7,2.6,0.1,1.2,-1.0,-0.1,0.2,-5.3,2.2,4.5,6.3,1.2,-0.4,1.6,1.8,-1.0,4.5,3.7,8.5,1.1,8.1,4.1,4.1,2.0,-1.7,2.3,-1.8,-1.3,-1.2
2C7L51IbEs,0,48.10826,11.62619,4442150.58,2778522.29,533.9,579.6,293,7342,3.7,0.73,0.48,32.65,348.97,-0.53,-0.103,0.842,-0.7,0.2,-0.26,0.28,1.6,0.2,-0.3,-1.2,-1.8,1.6,-2.5,-4.0,8.2,-1.2,-0.4,-1.4,1.0,-0.1,1.0,0.3,-2.3,0.1,-1.3,-1.9,-2.8,-1.9,-2.7,-5.8,10.7,-2.4,-4.4,0.9,0.8,0.5,2.3,2.0,1.9,-12.2,-11.8,-8.3,-4.1,-6.0,-2.5,-0.9,1.5,-3.7,0.5,-11.6,5.7,1.9,-3.2,-7.2,-1.5,1.5,4.3,8.4,5.7,-3.8,2.5,-1.6,-6.6,-6.8,-3.0,-3.6,1.5,-1.7,0.9,0.8,0.7,2.0,-1.5,6.0,-1.6,-3.0,-0.3,-0.5,-1.6,-3.1,-6.3,6.0,0.1,-1.5,1.8,1.5,2.4,3.8,0.0,1.3,0.2,0.5,-1.0,-2.2,-1.5,-0.4,-3.9,-3.9,-6.1,1.9,-4.2,-5.4,-4.9,-2.6,-0.1,-5.7,-4.4,-3.0,-3.6,-2.8,-2.1,-2.4,1.8,-2.4,1.3,-4.0,0.8,0.1,-4.0,-1.9,-3.4,-3.0,-1.6,-4.4,-3.9,-3.1,0.1,-0.6,-5.6,0.5,-3.0,1.3,-1.1,-1.8,-3.2,1.8,-1.0,-3.6,-3.0,-5.4,-3.6,-1.3,-5.4,-7.6,-7.6,-4.7,-7.1,-1.3,-0.6,0.6,-3.3,-1.6,-2.7,-3.7,3.3,-1.5,-3.3,1.5,1.1,-3.4,-0.7,-0.6,-0.8,-1.0,-0.7,-1.2,-2.0,-1.8,-2.1,-2.9,-8.8,-1.8,-4.1,-6.8,-1.1,-10.3,-6.6,-0.9,-1.3,-2.6,-7.5,-7.2,-12.2,-15.6,9.6,8.8,-4.4,11.0,-4.0,-5.1,-3.7,-1.7,-4.2,-2.8,-0.9,4.9,-1.4,-5.8,-8.3,-7.2,-1.1,-3.3,-6.5,-7.7,-8.0,-6.2,-4.4,-0.4,-8.2,-1.0,-2.0,-3.1,-8.3,-5.6,-5.8,-7.2,-2.8
2C7L51IbF1,0,48.108334,11.626763,4442193.09,2778531.4,536.6,582.3,293,7351,1.9,0.92,0.34,32.65,348.97,-0.53,-0.103,0.842,-0.8,0.1,-0.13,0.15,0.3,0.1,-0.3,0.7,0.9,0.2,-0.2,-1.4,-1.0,0.6,-0.3,-0.1,-2.5,0.2,-0.7,1.1,1.5,2.0,2.9,2.3,-0.1,-0.5,-2.1,-0.9,11.9,0.4,0.3,4.7,3.1,1.6,-2.7,-2.3,-2.4,-10.6,-4.6,-1.5,-0.6,-4.5,-0.1,-0.1,-1.4,1.2,2.0,-2.3,0.3,-0.2,-1.9,-2.6,-1.8,-1.1,-0.9,-0.9,0.7,0.3,0.8,0.2,-0.9,-1.4,-3.4,-2.6,-0.3,-1.2,-1.3,-2.1,-1.0,3.3,-0.7,-0.2,-2.7,-1.3,-1.1,-1.8,-1.8,-2.2,-1.0,-1.8,-1.1,0.7,-0.2,1.8,-1.2,-4.1,-1.7,-1.9,-1.0,-1.2,-1.7,-2.0,1.8,0.2,2.6,-1.4,-0.0,0.3,-1.8,-3.5,-0.9,-0.5,2.8,-0.0,2.3,-2.1,-0.3,0.1,0.9,0.5,-1.7,-0.5,-1.7,-0.3,-1.2,-0.8,-1.6,-2.3,-1.6,-2.7,-2.7,-2.4,-2.4,-2.5,-1.0,-1.9,-1.4,-1.1,-0.7,-1.8,-0.9,-0.5,0.1,-1.1,-0.4,-2.2,-3.2,-1.6,-3.8,-1.5,-2.8,-2.4,-3.9,-1.8,-4.9,-0.5,2.2,-0.6,-3.1,-2.1,-4.4,-4.5,-2.2,-1.5,-3.3,-1.0,-0.6,-2.8,-0.6,-0.2,-1.4,-1.6,-3.1,-2.9,-2.7,-3.2,-1.1,1.0,1.8,-6.7,-1.2,-2.8,1.3,-0.5,-1.9,-2.4,-1.7,-4.9,-4.8,-2.8,-4.0,-4.1,-4.8,-2.1,-2.5,-2.4,-4.4,-1.7,-1.8,-3.5,-4.4,-5.4,-1.2,-4.5,-0.3,-0.9,-3.2,-6.9,-3.9,-2.5,-3.4,-4.2,-2.7,-5.8,-6.0,-2.7,-4.1,-3.6,-2.8,-4.0,-4.0,-3.6,-4.8,-5.0,-4.6
2C7L51IbFg,0,48.108632,11.629087,4442365.5,2778568.38,536.7,582.3,293,7392,2.7,0.84,0.31,32.66,348.97,-0.53,-0.103,0.842,-0.7,0.1,-0.06,0.21,0.7,0.2,-0.3,0.9,0.8,3.0,1.7,0.9,-2.5,1.2,1.3,-0.3,-9.6,1.5,-3.5,1.2,1.1,0.2,3.8,0.9,1.4,-0.6,1.4,-1.6,0.4,0.0,0.4,0.2,2.3,-0.0,-3.8,-3.7,-1.9,-9.9,-3.8,-1.7,-1.0,-6.7,-0.1,1.6,3.2,-3.0,1.9,-0.2,-2.4,-0.2,0.6,-0.8,-2.2,-4.9,-3.5,-2.7,-1.9,-3.4,2.0,-0.7,0.5,-0.5,0.5,-3.6,0.0,-0.6,-1.6,-2.5,0.3,-13.3,-0.9,-6.5,-2.8,-2.5,-3.8,1.0,-2.1,-2.5,-0.5,-3.8,1.7,5.6,1.0,2.8,-1.6,-1.0,-1.8,2.0,-5.4,-2.4,-2.8,-2.9,-0.8,-2.6,-3.1,-3.3,-1.7,-0.9,-4.8,-12.0,-2.7,-2.5,-1.3,-3.5,-2.6,-2.1,-3.0,-3.7,-3.5,-0.8,-3.5,-0.4,-0.7,0.7,-0.3,-1.4,-0.9,1.3,-1.8,0.2,-1.0,-0.2,-1.6,-3.2,-1.0,-1.0,-0.4,-4.8,0.4,-2.2,-2.2,0.2,-1.2,-2.9,-2.4,-0.5,-1.9,-2.6,-0.8,-4.6,-1.7,-3.5,-1.0,-2.0,-3.7,-2.6,-2.0,-5.6,-4.4,-5.7,-0.7,-0.5,0.1,-2.5,-1.9,-0.3,1.8,-3.6,0.5,1.9,0.6,2.8,-2.7,-1.5,-2.6,-6.1,-4.2,-3.1,-2.4,-0.0,-3.4,-5.2,-4.8,-0.8,2.0,0.3,-4.0,-5.9,-6.5,-11.6,-7.1,-6.1,-4.3,-3.2,-0.9,-15.4,-3.4,-1.9,1.0,-6.6,-1.7,-4.7,1.7,-7.1,-7.1,-5.4,-6.7,-4.1,-5.2,-3.5,-6.3,-5.2,-7.0,-3.1,-4.3,-5.9,-2.4,-5.6,-4.3,-3.7,-1.7,-3.3,-5.1,-1.1,1.0
2C7L51IbDz,0,48.107895,11.623204,4441929.02,2778476.82,540.1,585.8,293,7287,4.0,0.7,0.5,32.61,348.93,-0.529,-0.103,0.842,-0.0,0.2,-0.17,0.3,1.1,0.3,-0.3,0.7,0.5,-5.2,2.8,-0.0,0.8,-6.2,-0.1,-4.3,-5.6,-3.7,2.2,-3.9,1.8,-4.9,-4.0,-1.5,-0.3,-2.8,-1.6,-2.2,-2.1,-2.3,0.6,-1.7,1.9,-2.1,8.5,1.0,-3.5,-15.3,-1.5,-6.1,-6.4,1.0,-0.2,10.9,10.8,7.3,-3.3,6.6,4.4,-1.3,1.2,3.0,2.0,0.3,-0.3,1.8,2.4,0.4,2.5,-11.8,0.1,6.4,-2.5,2.9,2.1,0.7,-1.1,-2.1,-0.7,5.5,-0.2,1.7,-2.2,-1.8,12.1,-0.6,-0.1,-0.4,-2.5,-1.8,-0.6,-2.6,-0.7,-0.4,-1.6,0.8,-3.6,-6.3,-6.3,-3.2,-4.4,-4.8,-7.4,-3.1,2.6,-0.3,-6.3,-5.9,-6.0,-3.5,-6.5,-8.2,-10.7,-8.2,-4.1,-2.5,-5.0,-5.3,-2.3,-5.7,-6.6,-2.3,15.4,4.4,0.1,-1.1,1.4,0.1,2.9,-0.3,-1.8,-0.1,-0.6,-2.7,-0.1,-1.0,1.4,0.9,-0.5,-0.5,0.3,0.7,-0.2,-0.0,2.7,-0.1,-0.8,-3.7,-1.3,2.7,6.1,-3.2,5.1,4.2,-0.7,3.2,3.4,1.5,-0.3,-0.1,0.6,2.0,1.3,3.6,0.2,1.5,1.2,0.6,4.5,0.6,-0.1,-0.3,0.7,0.1,0.6,0.7,1.2,0.1,0.7,-0.7,0.0,-5.7,3.4,-7.6,-2.7,-4.4,-6.5,-8.3,-3.9,-12.1,-10.9,-1.0,2.9,1.5,1.5,-6.0,0.4,-1.2,1.0,2.1,2.3,-0.9,0.8,2.1,1.1,-5.1,-2.2,0.3,-0.8,-1.1,5.3,-7.5,-2.1,-2.6,-1.2,-2.1,-3.4,1.0,0.5,-2.1,1.2,-1.8,-0.0,-3.6,5.6
2C7L51IbEC,0,48.107977,11.623842,4441976.38,2778486.99,535.8,581.5,293,7300,3.5,0.72,0.4,32.64,348.97,-0.529,-0.103,0.842,-2.4,0.2,0.12,0.27,1.7,0.2,-0.3,-0.8,-0.9,-0.6,-0.8,-1.8,0.7,1.0,2.1,1.7,-3.5,1.1,-0.4,3.4,-1.4,-1.2,-1.9,-2.2,0.2,-1.9,-3.9,-4.1,4.3,-0.8,-2.7,-2.2,-5.2,-4.0,2.1,-6.6,1.5,5.3,-8.0,-14.6,-7.5,-5.8,-14.0,5.5,7.5,1.7,-6.8,2.3,2.2,-1.5,-7.2,-7.7,-3.0,1.0,-3.9,-1.7,-2.4,-1.8,-4.9,-1.3,0.9,-1.3,1.0,-2.0,-1.0,-0.5,-3.9,-3.5,-1.5,0.9,0.3,1.9,3.3,4.7,0.6,1.1,-2.5,-2.4,0.7,-0.6,-1.4,0.5,-1.6,-1.4,-3.6,-2.3,-4.3,-2.5,-5.2,-4.0,-2.1,-4.1,-3.1,-7.8,-4.9,-7.6,-5.2,-1.1,-6.4,0.9,-11.8,-5.8,2.7,-4.9,-16.3,-8.7,-4.4,-0.9,-1.7,-2.2,-2.5,-0.0,-4.0,-2.8,-3.9,-0.0,-3.0,-5.8,-1.9,-0.7,-1.5,-0.3,-2.1,-1.6,-0.8,-1.6,-0.1,1.1,-3.3,-1.4,-3.9,1.7,-1.3,-7.1,-8.8,-4.4,-4.0,-15.2,-13.9,-8.7,-12.3,-14.9,-10.8,-8.6,-6.2,-6.8,-1.2,-8.1,-7.0,-11.3,-5.5,-6.1,-5.5,-3.5,-12.3,-11.0,-12.3,-14.4,-7.9,-17.6,-11.1,-10.7,-9.7,-7.4,-12.3,-3.5,-21.2,-7.5,-13.2,-9.7,-6.6,-9.5,-5.6,-11.6,-12.2,-10.1,-8.0,-10.4,-12.4,-9.9,-8.0,-9.2,-10.2,-4.4,-6.6,-5.3,-6.7,-9.0,-6.0,-10.4,-9.1,-6.4,-7.2,-12.7,-12.1,-9.8,-10.2,-11.8,-8.5,-6.5,-9.5,-13.9,-10.7,-7.3,-14.0,-7.9,-9.7,-11.4,-12.2,-10.7,-9.9,-10.1,-10.3,-10.8,-11.8
2C7L51IbEr,0,48.108266,11.626091,4442143.17,2778522.77,532.1,577.8,293,7341,2.9,0.8,0.3,32.65,348.97,-0.53,-0.103,0.842,-0.8,0.1,-0.26,0.22,1.0,0.2,-0.3,-0.8,2.1,-1.5,-0.4,-2.2,-2.0,2.0,0.7,1.8,1.2,1.6,1.1,3.4,2.1,2.6,1.4,0.3,1.3,0.5,-1.7,-2.4,1.2,0.4,0.7,4.7,2.1,4.1,5.7,1.9,-2.0,-13.3,-5.6,-7.7,-5.5,-3.8,-6.4,-1.1,0.1,-0.9,2.0,-0.1,4.1,2.1,2.5,1.7,-1.7,-1.3,1.3,-2.0,-5.1,-1.6,1.5,1.0,-3.8,-4.6,-2.1,-4.0,-3.4,-3.6,-0.3,1.3,0.2,0.8,-4.8,-6.3,-3.3,-0.1,-0.4,-0.4,0.2,-0.3,-0.5,0.0,1.2,1.9,3.3,3.9,1.4,0.2,2.3,2.8,0.5,0.7,-1.4,-0.2,-4.6,2.2,-3.1,0.3,-8.3,-2.4,-3.1,-2.9,-6.3,-0.2,3.4,0.4,-4.2,-4.0,-3.7,-4.7,1.0,-0.1,0.2,0.1,1.3,-3.3,0.7,0.2,-2.8,-0.5,-4.5,-4.6,-2.8,-3.6,-4.8,-1.3,0.4,0.1,-6.3,0.5,-0.4,2.0,0.8,1.6,1.6,1.7,1.1,-1.8,0.2,-5.7,-4.2,2.7,-6.5,-7.1,-6.6,-3.1,-5.1,0.7,4.0,-0.0,-4.7,2.7,-1.4,-3.0,-8.6,-1.7,-3.6,-4.3,-2.4,-3.2,-1.3,0.9,-0.1,-0.2,2.1,0.6,-0.4,-1.8,0.6,-5.0,-7.3,-1.3,-7.4,-4.3,1.3,-1.0,-4.4,-5.8,-0.1,-0.4,-4.0,-4.9,-5.4,-7.5,0.6,-3.6,-2.4,-8.8,-5.0,-4.6,-1.7,-2.3,-2.4,-1.5,-0.3,-2.3,0.5,-7.4,-10.5,-1.6,-0.9,-6.8,-8.0,-4.7,-2.1,-5.1,-4.0,-1.8,-2.9,-1.9,-4.5,-10.3,-7.4,-5.4,-6.3,-7.1,-1.2
2C7L51IbFh,0,48.108656,11.629126,4442368.33,2778571.06,536.0,581.7,293,7393,3.1,0.79,0.4,32.66,348.97,-0.53,-0.103,0.842,-0.2,0.2,-0.42,0.24,0.2,0.2,-0.3,1.8,3.0,1.0,1.5,-0.6,-5.6,0.1,2.4,0.3,-3.9,2.6,-5.4,-0.1,1.6,3.1,2.4,-2.3,1.6,0.5,1.2,-1.7,2.6,0.1,1.3,-1.7,2.9,-1.3,0.8,-0.4,-1.3,-8.0,-7.7,-2.9,-0.9,-0.2,0.7,0.1,5.4,0.5,0.5,0.3,-0.4,-1.0,1.2,3.5,-3.3,-2.4,-5.1,-0.7,2.7,-0.7,0.2,2.6,2.2,1.2,0.1,-3.5,1.9,1.4,0.5,-3.8,1.7,5.0,0.3,-2.7,-4.5,-2.2,-2.2,3.1,-2.2,-3.6,0.9,-5.9,1.0,3.9,4.1,3.8,-0.5,-1.9,-1.8,1.2,-3.9,-1.3,-2.9,-0.7,0.4,2.1,-0.2,0.0,-0.3,-0.3,-2.1,-8.0,-1.7,0.1,0.6,1.1,-0.2,1.9,0.7,-3.7,-2.5,0.5,1.2,1.2,1.6,2.5,4.1,1.2,-0.4,0.7,-2.6,0.5,-3.7,1.3,0.1,-1.7,1.8,-1.1,-0.5,-2.2,1.5,0.4,1.4,2.7,2.7,-7.0,3.6,7.9,1.0,1.2,3.4,4.2,1.3,-1.2,-0.5,-0.2,2.6,2.1,0.6,-4.3,-3.7,2.3,0.9,0.5,-0.4,-1.5,-1.8,0.1,7.0,0.0,-0.1,4.4,0.4,2.2,-0.7,4.2,-4.1,-0.9,-2.3,-3.0,-3.1,-0.3,-1.1,0.3,11.7,2.6,5.6,-0.4,2.2,0.7,-4.1,-5.6,-7.2,-6.5,-2.5,-4.0,-0.7,11.5,-2.0,0.5,0.2,-7.9,-1.7,-0.6,-7.3,9.9,-8.8,0.9,-1.3,-3.1,-4.6,-2.5,-3.0,-3.9,-0.5,1.0,-1.9,-2.7,1.5,-3.7,-0.9,0.4,-0.4,-2.7,-3.5,-0.2,2.6
2C7L51IbFi,0,48.108663,11.629184,4442372.65,2778571.98,536.1,581.8,293,7394,3.8,0.69,0.45,32.66,348.97,-0.53,-0.103,0.842,-0.8,0.2,-1.07,0.3,0.5,0.3,-0.3,-0.1,1.8,2.0,-7.4,-2.1,-4.9,-1.0,1.5,-3.6,-3.8,3.9,14.8,3.0,6.4,6.1,4.5,-0.1,4.1,-0.9,4.0,-1.9,2.4,7.5,5.8,-0.7,6.9,2.6,-1.2,4.6,2.9,-5.1,-4.7,3.1,-0.6,2.1,1.9,2.1,7.2,2.5,1.7,0.8,7.3,2.8,3.9,6.7,3.7,5.2,7.6,1.9,7.0,4.7,0.8,7.0,4.9,2.0,-2.7,6.4,4.9,3.4,4.9,2.5,1.3,1.1,4.3,0.1,4.1,5.8,-2.0,-1.8,0.9,8.9,7.7,9.2,2.7,3.8,5.0,4.3,0.8,-1.9,8.0,6.9,6.4,-2.4,1.9,3.8,1.2,3.8,1.1,1.9,2.0,1.8,-0.2,-1.0,3.3,2.8,1.7,2.4,4.0,3.5,7.8,-1.9,6.0,3.4,8.0,2.4,2.1,4.9,6.7,3.1,-0.3,5.5,-1.7,2.9,5.0,3.1,2.9,0.2,3.3,1.2,1.3,-0.7,7.5,-0.1,4.5,2.7,2.2,16.0,2.3,9.9,-0.8,2.3,6.7,4.6,-1.4,0.7,4.6,3.2,4.0,2.7,1.8,-3.3,-2.7,3.7,2.5,6.3,3.4,3.0,3.9,4.1,8.3,5.1,5.2,9.6,5.3,5.5,1.2,3.8,-3.9,1.2,-0.3,-3.0,0.3,-0.1,2.5,2.2,7.3,-2.4,7.9,1.1,2.7,0.4,-3.7,-4.9,-12.6,-7.6,-5.1,3.6,-1.8,-13.4,-0.4,-6.5,-2.7,-3.6,-1.4,0.1,-0.8,1.4,0.8,0.2,-2.1,9.5,3.0,-6.4,-12.3,-6.5,0.1,-0.2,-3.4,-2.6,3.8,2.7,-2.2,-1.1,-0.9,6.6,-0.6,3.7,1.6
2C7L51IbHC,0,48.109352,11.634551,4442770.72,2778657.35,540.9,586.5,293,7486,4.3,0.79,0.46,32.69,348.97,-0.53,-0.103,0.842,-0.1,0.2,-0.4,0.33,0.2,0.3,-0.3,-0.2,-1.0,1.3,0.8,-0.3,-2.6,-0.3,-1.8,0.7,-0.6,1.7,-1.0,1.4,-0.0,-2.4,1.3,0.0,0.2,-1.7,-0.6,-2.4,-5.3,-1.0,-4.5,1.9,-1.2,-0.2,19.3,1.5,-3.6,2.4,-2.1,-4.1,-1.1,-1.6,-2.3,-5.4,-2.3,2.1,-2.9,-4.1,-1.3,-6.1,-1.6,1.4,-1.3,-5.7,-4.4,17.1,-1.3,-0.7,0.4,0.2,-0.3,-1.0,-0.8,-3.8,-1.2,-2.4,-3.4,-2.6,-0.1,-2.7,-1.3,-1.3,-2.4,-0.7,0.9,-1.3,0.4,-0.7,-1.4,-2.0,-1.3,1.6,-0.2,0.1,1.1,-1.9,-1.7,-0.8,-2.9,-0.1,1.7,-2.4,-3.5,2.5,0.5,-4.7,-3.1,-2.8,-1.5,-0.0,-9.4,-0.7,1.7,-1.2,0.5,0.2,-0.1,-6.7,3.7,4.9,-1.2,-0.8,-0.7,4.5,1.4,-0.2,0.8,1.6,1.3,2.6,-0.9,4.2,1.5,1.8,2.6,-0.2,-4.0,1.7,-1.4,-0.8,-4.7,-4.0,-1.1,20.4,-2.7,-1.4,-3.1,1.2,-1.0,-3.6,-3.7,17.5,0.7,-3.3,-1.6,8.0,0.3,-4.5,-0.3,-1.6,1.2,0.1,-2.5,-1.3,1.8,1.9,-1.7,-3.3,-4.4,0.2,-2.0,0.1,0.4,2.1,-1.9,0.4,-1.4,-4.2,-10.1,-5.3,-5.7,-7.3,6.7,-2.2,2.6,0.4,1.0,-1.1,-7.7,-2.4,2.6,1.9,-0.7,-5.3,18.9,7.4,-6.2,-3.7,-1.2,-4.1,-4.1,16.5,4.5,5.6,0.1,-3.7,-1.4,-3.6,-0.1,-3.7,-0.2,0.0,-1.1,-3.0,11.5,-2.0,-2.1,-3.6,-6.2,-2.9,-3.9,-6.3,-2.8,-6.3,-4.6
2C7L51IbHG,0,48.109354,11.634562,4442771.57,2778657.56,531.3,577.0,293,7490,4.3,0.67,0.47,32.69,348.97,-0.53,-0.103,0.842,-1.0,0.2,0.17,0.33,1.8,0.3,-0.3,-0.4,-0.5,-0.7,3.5,-1.6,-0.5,3.3,2.3,-0.7,-0.8,0.6,-3.7,0.7,-3.4,-1.7,-2.8,-4.6,0.2,-3.8,-1.4,-5.9,-0.1,-1.3,-2.7,3.9,-9.1,5.4,2.4,0.9,-17.2,-3.6,-4.3,0.1,-8.2,-7.4,8.2,2.0,7.1,2.9,3.9,4.2,1.6,-5.0,-3.0,-1.8,1.0,-16.5,-5.4,-0.7,-8.7,3.1,-2.7,-1.0,-1.9,-1.1,-1.6,-4.1,1.2,-1.3,-0.4,4.7,1.0,1.3,1.0,-1.3,-1.8,-1.8,-2.6,-0.1,-0.7,-1.9,0.5,0.5,2.5,2.1,-3.3,6.3,4.9,-17.2,-3.4,-6.6,-3.0,-2.0,0.2,-5.8,-8.9,-1.6,-0.5,0.1,-1.3,-0.6,-1.5,-3.0,-13.0,-7.2,-1.2,-3.9,-0.6,4.8,-1.2,-0.7,-2.8,1.9,0.3,-1.2,4.0,-1.0,-17.2,8.3,-2.4,-0.5,-0.3,-1.6,1.5,1.2,-0.1,-1.5,-2.1,4.6,-6.9,-3.5,-1.7,1.3,-0.7,1.5,-1.8,-1.6,-1.5,-10.7,-0.1,-4.3,-12.8,-13.4,-0.7,-4.5,-6.7,-2.8,-3.2,-4.4,1.9,-1.7,-5.7,-5.8,-6.1,2.4,-2.9,-5.7,-0.7,-0.9,-3.1,2.6,-4.7,-6.9,2.2,-0.7,-4.5,-4.2,-4.1,-6.0,-3.0,-6.3,-17.9,-6.8,-11.6,-21.5,-1.1,-6.2,-11.9,-12.2,-4.2,-11.0,-8.0,-3.1,-5.8,-6.0,-3.7,0.4,2.2,-0.7,-2.9,3.9,-2.0,1.1,-6.9,-10.8,-5.9,-2.9,-5.9,-5.8,-5.2,-4.5,-11.3,-8.1,-0.4,-2.1,-4.3,-2.5,-5.0,-3.1,-4.0,0.4,-4.6,-2.2,-6.7,-5.8,-2.4,-2.3,-4.1
2C7L51IbDy,0,48.10791,11.623175,4441926.81,2778478.42,541.7,587.4,293,7286,2.4,0.86,0.35,32.61,348.93,-0.529,-0.103,0.842,-0.4,0.1,0.03,0.19,0.7,0.2,-0.3,-0.5,-1.7,2.0,1.3,0.1,-1.1,0.7,-1.0,-1.4,2.2,5.9,1.0,5.1,1.7,2.0,-0.3,-1.6,-1.3,-0.1,-2.8,-4.4,-5.7,-5.1,-1.3,-1.1,0.2,-2.4,-0.4,-1.7,-7.2,11.8,-5.4,-9.0,-5.9,-6.3,-4.7,-1.8,-1.8,0.4,-0.2,-2.0,-1.7,-0.8,-2.0,-3.1,-3.0,-2.5,-5.6,-3.3,-1.5,-3.4,-5.7,-1.4,-4.2,-2.9,-4.8,-3.9,-1.6,-1.7,-4.4,-7.3,-4.6,-4.0,-4.1,-5.1,-4.7,-5.1,3.8,-4.7,-5.6,-6.3,-2.4,-5.3,-3.1,-4.0,-1.8,-3.1,-2.0,-2.6,-3.0,-1.7,-2.6,-1.4,-3.6,-3.7,-1.7,-3.2,-1.5,-0.9,-1.5,-3.1,0.1,-4.6,-3.2,-0.4,-0.8,-0.2,-2.5,-3.1,1.2,4.6,-0.9,-0.2,-0.4,-2.5,-0.2,1.2,1.2,-1.8,1.0,-3.3,-0.0,-2.1,1.1,-1.5,-3.9,-4.7,-3.1,-4.0,-4.5,-4.1,-4.5,-5.4,-4.3,-5.5,-5.1,-6.2,-0.6,-3.4,-2.4,0.2,-3.3,-2.2,-1.0,-2.3,-2.2,0.3,0.7,5.4,2.1,-3.9,-1.8,-0.9,-2.3,-3.1,-3.1,-2.8,-3.8,-2.6,-1.2,-1.4,-1.3,-1.6,-1.0,-2.1,-4.6,-6.2,-4.2,-2.7,-2.7,-3.5,-3.3,-3.9,-1.2,-2.7,0.6,-0.7,-1.8,-0.7,0.2,0.2,-3.7,-3.0,-1.7,-6.5,-4.0,-4.4,-3.2,5.2,-3.6,-3.6,-4.2,-3.1,-4.5,-4.5,-1.0,-3.3,-2.9,-3.8,-4.2,-1.9,-3.0,-4.1,-1.9,-5.5,-3.5,-4.1,-5.3,-6.4,-3.1,-3.5,-4.4,-5.1,-4.3,-4.1,-3.6,-5.4,-2.7
2C7L51IbE3,0,48.107922,11.623265,4441933.54,2778479.88,534.7,580.5,293,7291,1.3,0.94,0.24,32.61,348.93,-0.529,-0.103,0.842,-0.7,0.1,-0.15,0.1,1.3,0.1,-0.3,-0.9,0.3,-0.5,-0.3,0.2,0.2,-0.7,-0.1,0.4,-0.3,1.2,0.4,-0.6,-1.3,-1.5,-0.4,-2.2,-0.4,-1.0,-2.1,-2.8,-3.9,-1.9,-1.2,-0.6,-0.6,-1.5,-2.7,-3.6,-5.0,4.2,-3.5,-5.8,-5.6,-6.1,-4.0,-4.0,-1.2,-0.7,-0.0,-1.7,-1.0,-0.3,-0.2,-2.6,-2.7,-3.5,-2.3,-1.1,-0.6,-2.6,-1.5,-0.9,-0.9,-0.6,0.3,-1.2,-0.4,-2.2,-1.2,-0.4,-0.7,1.0,-0.6,-1.5,-1.8,-1.6,-1.2,-0.7,-0.8,0.5,-1.7,-1.8,-1.5,0.4,-0.8,-0.1,-1.3,-1.6,-2.8,-1.8,-4.4,-2.5,-4.6,-3.8,-3.6,-4.9,-2.3,-3.7,-4.8,-4.8,-5.1,-5.4,-3.1,-1.9,-4.4,-2.9,-2.3,-1.7,-2.8,-2.2,-1.0,-2.7,-1.4,-1.9,-1.8,-1.2,-1.5,-1.7,-2.6,-0.4,-1.3,-1.3,-1.6,-1.3,-1.5,-3.3,-1.6,-1.9,-1.1,-1.7,-1.1,-1.9,-0.4,0.5,-0.1,-2.3,-0.9,-2.8,-2.8,-5.1,-2.1,-4.1,-4.0,-4.9,-4.7,-1.7,-3.2,-1.2,1.6,-2.1,-2.8,-2.9,-1.2,-0.9,-2.3,-1.3,-2.1,-1.8,-2.0,-2.1,-1.6,-2.0,-2.9,-1.6,-1.6,-3.8,-3.4,-3.7,-5.0,-6.5,-4.7,-3.3,-4.4,-5.8,-0.2,-3.8,-4.6,-2.3,-3.7,-4.8,-6.1,-5.7,-6.0,-5.1,-3.7,-3.7,-1.4,-2.9,-1.9,-3.3,-2.8,-3.3,-4.9,-2.5,-1.7,-3.5,-2.6,-6.4,-4.5,-5.6,-5.3,-5.6,-6.1,-9.3,-5.9,-4.6,-4.9,-4.2,-4.3,-3.1,-5.4,-3.8,-4.0,-2.3,-3.4,-3.0,-3.2
2C7L51IbEE,0,48.108003,11.623895,4441980.26,2778489.89,534.9,580.6,293,7302,3.5,0.74,0.44,32.64,348.97,-0.529,-0.103,0.842,-0.0,0.2,-0.12,0.27,2.2,0.2,-0.3,4.3,1.0,0.1,0.7,-4.3,-3.6,0.8,2.1,0.6,-11.1,5.2,-1.9,-0.3,-2.3,-2.7,-0.5,-1.6,-2.3,-4.2,-2.0,-6.2,-1.7,-0.9,0.3,-0.1,-3.5,2.5,-18.2,-1.6,-6.4,-22.9,-5.8,-8.2,-4.4,-8.1,-7.2,-3.5,0.1,3.4,1.3,-2.7,2.4,0.2,-6.3,-0.4,-1.1,-2.7,0.9,-2.4,-0.5,-1.9,0.7,-0.7,-0.5,-1.3,-1.4,-0.7,2.3,0.5,0.3,-0.4,1.2,0.3,0.6,1.9,0.3,-3.0,-0.2,-1.3,-2.2,-4.8,-0.0,-2.0,-1.2,-4.2,-6.6,-3.1,-0.2,-1.6,-10.7,-4.9,-4.9,-2.2,-5.9,-3.8,-7.2,-4.1,-5.8,-3.2,-8.1,-2.0,-4.1,-5.8,-0.8,1.5,-5.6,-2.2,-1.6,2.5,-1.4,-1.7,-8.4,-5.8,0.6,-3.5,1.6,-2.1,-3.7,4.1,-5.1,0.6,-0.2,3.0,-1.4,-3.2,3.2,0.1,1.5,1.0,1.6,0.9,2.8,-1.8,-0.6,-0.2,2.2,-4.7,-2.8,-7.5,-1.4,0.3,-3.8,-8.0,-5.0,-2.6,-3.8,-8.9,-11.3,-3.4,2.4,0.6,-1.4,-1.3,-4.7,-3.6,0.8,-2.7,0.1,8.6,-0.0,5.4,2.7,-0.1,-3.7,-2.5,-1.8,-4.0,-2.5,-4.4,-7.3,2.6,-0.9,-0.3,-0.2,-9.4,1.6,-9.6,-4.0,0.8,-2.7,-3.8,2.2,-9.8,-0.2,-9.2,-0.4,0.4,-6.3,2.4,-5.0,-0.9,-3.6,1.3,-6.1,-4.8,-2.8,2.8,-0.4,-2.1,0.1,-1.8,0.3,-11.9,-7.9,-3.4,0.8,-3.6,-4.1,0.3,-0.6,1.1,1.3,-1.9,-0.1,0.4,-3.7,-7.0,-0.6
2C7L51IbER,0,48.108097,11.624628,4442034.65,2778501.56,533.0,578.7,293,7315,3.6,0.75,0.43,32.64,348.97,-0.529,-0.103,0.842,0.1,0.2,0.75,0.28,1.2,0.2,-0.3,-2.1,-0.9,-2.9,-2.8,-5.3,1.5,-3.2,-1.4,-0.8,-2.1,-1.7,-2.4,-2.5,-0.2,1.7,-2.2,0.7,0.7,-1.6,-0.0,-4.4,-4.1,-5.3,-1.8,0.8,-4.3,-1.2,-6.4,-4.4,-11.2,-22.9,-2.8,-4.8,-4.1,-2.7,0.5,6.1,-7.8,1.7,-8.8,0.9,2.0,2.6,-1.9,-1.8,-1.1,2.5,4.5,-1.3,-5.6,-3.8,-3.6,0.6,-1.6,4.3,-0.4,3.0,-2.9,-1.0,-1.1,-1.0,1.1,3.0,3.4,-7.1,-1.5,-3.3,-1.6,-2.2,-3.2,1.0,-1.3,1.2,-0.9,1.8,-1.4,-6.2,-1.9,-4.2,-5.5,-12.8,-3.6,-2.1,-5.9,-4.9,-7.1,-13.7,-2.7,-2.3,-4.4,-3.4,-5.1,-12.5,-3.3,-5.0,-3.1,-5.2,-5.2,-3.4,-7.4,-5.5,-7.2,-3.6,-4.2,-5.0,-1.5,-3.7,-5.7,-2.8,-3.9,-3.6,-5.7,-4.7,-4.8,-4.4,-6.6,-7.0,-4.9,-4.3,-3.4,-5.8,-3.5,-5.7,-5.5,-3.0,-5.9,-5.9,-1.2,-6.6,-5.1,-5.5,-4.9,-0.2,-7.7,-1.1,-1.9,0.6,-5.8,-4.3,0.6,-6.5,-0.5,-3.7,-2.5,4.4,-3.9,2.9,1.2,-1.2,0.3,2.3,-0.9,0.1,-5.0,-0.8,-3.7,3.9,-4.1,-4.7,1.0,-3.6,-3.8,-0.9,-5.5,-6.3,-4.2,1.1,0.1,-0.2,3.1,-0.5,-4.9,-1.1,-2.7,1.2,-1.9,-1.6,-4.2,-11.8,-2.5,-5.7,-12.6,5.2,-18.8,-4.1,-1.9,-0.7,2.0,-4.6,-3.5,0.4,-0.3,-4.2,-1.4,-5.0,-2.0,-3.8,4.2,-0.2,3.1,-1.3,3.9,-1.9,-0.3,0.3,-1.4,-1.3,-3.5
2C7L51IbEi,0,48.108231,11.625676,4442112.34,2778518.22,535.6,581.3,293,7332,4.2,0.65,0.46,32.65,348.97,-0.53,-0.103,0.842,-0.4,0.2,-0.96,0.32,1.5,0.3,-0.3,-3.5,-1.3,3.7,-0.7,-1.1,3.1,6.7,1.4,-0.6,4.3,2.9,-0.6,5.3,5.1,5.2,2.4,2.2,-3.8,0.6,0.2,3.8,4.4,3.0,10.0,3.5,10.5,5.8,-0.4,4.0,0.8,17.6,-0.9,-1.4,0.4,-2.5,0.5,-3.9,-3.0,7.2,7.2,3.9,0.5,2.4,3.4,2.4,8.4,-1.1,1.5,3.0,0.7,2.6,3.8,6.4,5.4,4.0,1.3,-0.3,-0.5,3.4,4.0,3.9,-3.9,1.3,7.0,-4.7,-1.2,2.6,-1.7,1.3,3.4,-2.8,7.0,3.0,-0.4,3.3,6.4,5.5,6.1,8.7,2.9,4.6,1.0,2.4,3.5,4.9,1.7,2.6,2.9,10.6,6.5,6.1,8.6,1.1,1.4,3.4,5.6,4.0,5.6,-1.5,6.2,4.2,2.2,18.2,0.2,0.6,8.0,5.9,3.8,6.1,6.2,-3.1,4.5,6.2,2.1,-0.1,-2.3,-2.8,-4.6,6.5,2.4,4.7,-2.0,-0.5,4.0,17.0,16.9,-2.1,20.4,4.3,-3.4,8.5,3.0,1.5,-3.3,-1.4,-1.0,1.0,1.4,8.2,5.5,2.7,-0.6,2.6,3.1,3.9,-1.2,-1.1,1.9,4.8,9.0,-0.7,-1.3,-3.5,8.5,11.3,2.6,1.4,3.6,2.6,9.8,1.4,2.5,6.1,4.3,3.2,5.6,6.3,1.6,1.8,7.7,-4.9,-3.4,2.8,3.6,-8.0,-3.4,4.1,-2.9,-8.3,10.5,-6.7,-4.1,-5.6,-1.9,5.9,-3.2,8.8,4.5,4.5,4.6,-0.6,1.3,1.5,-1.7,1.6,5.5,0.6,-2.0,-1.8,4.3,-4.4,-0.8,2.5,3.2,-1.6,-0.4,-3.3,-2.6
2C7L51IbEm,0,48.108247,11.625799,4442121.5,2778520.19,531.8,577.4,293,7336,2.2,0.87,0.3,32.65,348.97,-0.53,-0.103,0.842,-0.7,0.1,-0.34,0.17,1.5,0.1,-0.3,1.1,-0.8,-1.1,0.4,-0.8,1.9,-0.8,-0.4,-0.1,0.7,-0.4,2.1,-0.9,0.5,-2.4,-2.1,-0.9,-2.1,-1.5,-4.9,-5.2,-3.2,-1.6,-2.5,-1.1,-3.8,-3.3,0.5,-2.5,-4.4,-16.7,-5.4,-6.4,-4.4,-8.4,-5.3,-3.0,-1.4,-0.3,-0.9,-1.6,-2.1,-1.2,-2.8,-1.4,-1.4,-2.8,-4.9,-1.9,-1.7,-1.1,-1.1,-0.5,-0.5,-3.1,1.4,-0.6,-1.2,-0.4,1.0,-0.4,0.6,0.0,-0.4,1.7,0.5,-1.4,-0.1,-3.4,-2.7,-0.1,-3.2,-0.5,-1.4,-3.3,-0.4,-2.1,-1.9,-4.1,-0.0,-4.5,-2.6,-4.7,-2.4,-4.6,-3.6,-4.3,-3.2,-1.4,-2.4,-6.5,-2.0,-1.7,-7.3,-3.5,-2.8,-4.7,-6.0,-2.5,-3.6,-3.5,-2.0,-3.3,-2.5,-4.2,-2.8,-1.8,-4.4,-1.9,-5.4,-1.3,-1.8,-2.5,-0.7,-0.9,-3.5,-5.3,-0.7,-1.5,-1.6,-0.7,-1.5,-0.7,-4.6,-2.4,-1.9,-0.8,-1.5,-0.9,-3.0,-5.4,-1.2,-0.6,-3.8,-8.2,-7.8,2.2,-7.6,-2.5,-0.6,1.7,-1.2,-1.2,-1.4,-0.1,-4.6,0.4,-1.8,-1.8,0.1,-2.1,-1.5,-3.5,-6.0,-4.0,-3.3,-3.7,-4.4,-5.3,-3.1,-1.9,-5.9,-4.8,-4.8,-0.7,-2.0,-2.9,-6.6,-1.2,-0.5,-5.7,-7.6,-5.4,-4.3,-0.5,-5.6,-3.8,-4.6,-4.6,-5.6,-3.1,-2.1,-5.0,-3.5,-5.3,-8.5,-1.6,-5.3,-9.2,-6.5,-4.1,-8.2,-9.3,-11.0,-9.7,-5.4,-7.6,-7.2,-4.2,2.2,-0.2,-3.5,-5.7,-5.5,-4.9,-7.4,-2.9,-4.4
2C7L51IbEq,0,48.108282,11.626069,4442141.52,2778524.48,534.1,579.8,293,7340,4.5,0.61,0.43,32.65,348.97,-0.53,-0.103,0.842,-0.9,0.2,-0.38,0.34,0.6,0.3,-0.3,-2.2,1.8,-1.4,-0.9,-1.3,-1.3,1.9,1.2,1.3,0.7,0.9,3.0,2.7,2.9,-1.6,1.1,-1.2,0.1,-1.0,-3.8,-6.2,-6.8,3.1,0.3,6.1,-0.7,4.5,7.2,4.4,-7.1,-15.9,-6.4,-8.4,-7.7,-4.5,-7.5,-2.9,0.7,-2.2,5.4,0.1,4.6,2.2,3.0,2.5,3.9,-1.0,-0.7,0.0,-1.7,-2.2,-0.5,2.8,-3.3,-4.4,-0.9,-7.9,-3.0,-4.5,-1.4,-1.5,0.4,-0.4,-7.2,1.6,-4.6,-1.9,-4.2,-0.5,-1.8,0.8,-0.2,-0.2,1.5,1.3,2.6,2.4,2.7,-0.6,-3.2,3.6,-2.3,-3.0,-4.6,-1.7,-9.1,-5.3,-5.3,-3.4,-12.2,-11.6,-4.9,-3.4,-11.0,0.7,0.3,-1.7,-10.9,-11.7,-11.1,-8.9,-13.1,4.7,6.2,11.3,4.7,-7.0,2.8,7.7,-3.9,-0.6,-4.1,-5.3,-4.2,-3.9,-5.5,-1.9,-1.4,0.9,-4.9,-1.1,1.7,2.4,1.2,3.4,3.3,-2.1,-0.2,-0.0,-0.6,-9.2,10.8,2.4,9.0,-6.6,3.9,-3.3,-2.8,-0.2,4.6,-2.5,-1.3,1.7,-3.9,-5.3,-9.7,-10.6,3.0,5.4,-5.3,1.5,-8.4,-4.6,-4.7,-2.9,-4.2,-2.5,-5.8,-4.2,3.8,-10.9,-8.0,0.6,-5.5,-4.4,0.8,-0.6,-11.1,-7.1,-1.7,-2.5,-5.9,-8.1,-7.8,-8.7,0.3,-1.7,-5.9,-14.6,-3.2,-6.4,-3.2,-3.9,-2.8,-5.1,2.4,-1.2,0.7,-6.6,-8.4,-0.9,-3.8,-7.3,-7.0,-10.2,-4.9,-2.6,-6.0,-0.9,-2.0,-1.5,-5.3,-13.7,-8.3,-6.7,-6.5,-9.4,-4.5
2C7L51IbEy,0,48.108339,11.626513,4442174.45,2778531.55,532.9,578.6,293,7348,3.6,0.74,0.45,32.65,348.97,-0.53,-0.103,0.842,-0.3,0.2,0.44,0.27,0.5,0.2,-0.3,-2.6,-3.2,-1.0,-2.5,-2.3,-2.4,1.7,2.4,4.4,-1.5,-0.6,2.1,-1.5,-4.0,1.3,1.6,1.4,-5.8,-3.1,-10.5,-4.8,-2.3,-4.5,0.2,-4.5,3.0,0.6,-4.3,-8.0,-3.3,-10.2,-4.7,0.3,-1.8,-8.7,-3.0,0.9,-3.3,4.3,-0.8,-2.3,3.3,-2.1,1.4,-0.0,-0.1,-7.0,-2.1,2.6,-1.2,-1.7,-1.4,-0.3,-2.4,-1.9,0.5,-3.4,0.2,-3.2,-2.9,-4.1,0.2,-1.0,-3.5,-8.5,-6.2,-2.9,2.9,-7.0,-5.0,-0.2,-4.5,0.5,-2.7,-1.6,-2.7,-4.4,-1.3,2.9,-2.6,-0.7,-3.8,-4.9,0.9,-4.9,-2.7,-3.3,-3.3,2.0,-9.1,-6.6,-5.5,-1.6,-10.4,-1.2,-1.3,-8.8,-0.6,-5.1,-4.0,-3.5,-4.4,-9.2,-3.7,-10.5,-8.7,-8.8,-4.9,1.7,-4.6,-2.2,-3.9,-5.9,-1.5,-3.5,-8.3,-6.0,-3.0,-3.6,-1.6,-0.3,-2.8,-3.6,-1.0,-2.6,-4.9,-2.8,-4.0,4.1,-3.6,-20.1,-1.3,-2.8,-1.2,-2.2,-1.7,-4.5,-7.2,-4.2,-3.6,-14.0,-10.3,-6.9,-0.2,-4.4,-13.9,-0.9,4.2,-5.8,1.0,-2.1,0.5,-12.3,-3.7,-0.1,-0.9,-3.3,-1.8,-0.7,-1.7,1.3,-3.7,-5.8,-6.1,-7.1,7.7,-0.6,-5.6,2.6,-4.5,-1.3,-3.5,0.6,4.2,1.3,-4.3,-4.8,-4.2,-2.0,-0.1,-4.0,-0.8,-2.4,1.7,-3.0,-2.2,-4.1,-8.3,-9.4,-2.6,-8.5,-0.9,-7.1,-5.1,-3.7,-1.1,-3.8,-7.0,-3.2,-3.0,1.1,-3.8,-3.0,-2.9,-6.0,-8.5,-5.8,-4.0
2C7L51IbGq,0,48.109209,11.633287,4442676.96,2778639.31,542.4,588.1,293,7464,4.1,0.67,0.44,32.68,348.97,-0.53,-0.103,0.842,-1.6,0.2,0.29,0.31,1.0,0.3,-0.3,-2.4,-3.2,0.2,1.9,1.9,0.1,1.0,4.3,1.3,-0.8,2.6,-1.1,-1.9,-0.1,3.0,1.3,1.2,0.4,-7.5,-4.3,-3.7,-1.7,-5.0,-7.0,-1.2,-1.7,-13.1,3.6,4.9,-5.0,-10.6,-5.7,-5.9,0.9,-3.2,-6.6,-0.6,-5.1,-0.4,-2.8,-3.6,-4.0,-0.4,-6.3,-1.0,-3.5,2.3,1.0,-10.2,-5.5,-2.8,-3.0,-4.6,-6.8,-7.3,-5.3,-7.6,-3.2,-5.2,-2.6,-4.6,-1.3,-13.3,-4.8,-12.8,-3.5,-2.1,-3.5,-6.1,-5.1,0.6,-7.2,-3.1,-5.7,-5.8,-8.7,3.7,-4.8,-3.5,-6.4,-2.1,-4.7,-3.7,-6.0,-5.6,-9.7,-0.9,-8.1,-9.4,-3.6,-4.9,-7.2,-6.7,-5.6,-6.4,-4.0,-0.5,-3.4,-4.2,-3.5,-3.2,-5.2,-4.5,-3.5,-1.7,-3.5,-5.0,-8.0,-4.4,-3.0,-2.9,0.5,2.6,-3.9,-0.6,0.0,4.5,0.5,0.8,2.0,1.3,2.8,-5.8,-5.4,-9.2,-2.7,-13.9,-4.3,-5.9,-6.9,-6.3,-5.3,1.1,-7.1,-8.3,-9.1,-8.1,-9.0,-6.0,-0.8,-3.4,-13.9,-9.0,-10.1,-6.4,-8.5,-19.8,-4.5,-3.7,-4.3,-8.0,-6.7,-6.4,-5.4,-5.5,-9.6,-8.2,-12.5,-7.5,-9.2,-9.5,-11.4,-3.2,-7.2,-12.6,-12.8,-4.5,-4.9,-11.3,-4.6,-7.9,-10.1,-3.2,-2.4,-3.3,-7.7,-3.4,-1.7,-21.7,-3.1,-12.3,0.1,-9.7,-13.2,-12.8,-9.5,-10.0,-8.1,-6.6,-10.4,-8.7,-10.1,-9.2,-4.8,-11.4,-13.4,-9.5,-8.1,-4.1,-8.4,-6.7,-5.5,-0.9,-24.1,-1.7,-0.7,-2.5,-22.8
2C7L51IbH2,0,48.109296,11.633967,4442727.41,2778650.14,541.6,587.3,293,7476,3.3,0.76,0.47,32.68,348.97,-0.53,-0.103,0.842,-0.4,0.2,0.07,0.25,1.5,0.2,-0.3,-1.0,-1.0,-1.2,2.4,-0.4,1.3,0.9,-2.3,-3.6,-12.4,-1.7,0.5,-1.0,-0.3,1.8,0.4,0.4,2.0,2.8,-0.3,-2.2,6.3,-0.3,2.0,6.0,3.7,3.6,3.9,2.9,5.7,-1.1,2.0,4.7,0.2,1.7,3.8,2.5,2.1,3.6,2.3,4.0,2.9,-0.9,1.8,-1.5,-2.5,-2.6,1.6,-0.6,-1.1,1.5,-1.3,-4.7,-4.6,-4.6,-7.8,-3.2,-3.3,-2.9,-4.8,-2.3,-1.8,-4.8,-2.8,-3.4,-2.4,-6.5,0.9,-4.5,-6.3,-4.7,-1.9,-6.8,-3.2,-5.5,-4.1,-4.1,-3.5,-4.1,1.1,-3.4,5.8,-1.6,-1.3,2.4,2.3,1.7,1.7,1.0,0.4,-0.5,-1.3,-6.4,0.1,-3.4,11.8,-0.6,-0.2,1.5,-0.7,-2.5,-0.4,-2.2,1.1,-3.2,-3.0,1.1,-0.5,-1.1,-0.4,-2.6,-1.4,-0.8,-0.4,2.4,-3.2,3.5,-0.9,4.4,-2.0,-8.4,1.7,-0.4,-1.4,0.1,5.4,-1.8,-3.9,2.1,0.2,0.8,-6.4,5.1,-3.8,0.2,-2.6,1.1,3.4,2.2,2.1,-4.4,-0.8,2.9,0.4,2.6,2.4,1.2,1.9,1.0,-1.5,1.1,1.8,0.2,1.4,-1.2,-0.3,0.9,-2.8,-3.0,0.5,-3.7,-10.2,-5.7,-1.1,-3.3,-2.6,6.0,3.5,-1.2,1.8,0.2,-2.5,-8.8,3.6,1.1,-4.0,1.7,-0.2,-12.8,-2.5,-2.5,-2.2,-2.0,-2.9,-3.6,-4.9,1.1,-2.5,-2.5,-3.0,-4.2,-2.4,-3.3,0.6,-10.2,4.1,2.3,0.4,-4.6,9.4,-4.9,-0.8,-0.7,-2.5,-3.1,-3.1,-2.8,-0.4
2C7L51IbDd,0,48.107764,11.62189,4441831.47,2778460.05,538.3,584.0,293,7265,4.4,0.64,0.51,32.6,348.93,-0.529,-0.103,0.842,-1.2,0.2,-0.65,0.34,1.1,0.3,-0.3,-7.4,-0.5,4.1,-1.8,-0.5,-5.9,-1.5,-0.2,1.3,6.9,7.0,0.4,1.2,5.1,4.1,-0.3,-1.1,1.0,2.7,-0.7,6.2,-1.0,3.4,5.0,1.5,4.0,2.5,-2.3,-1.0,-0.7,2.3,-2.1,2.7,-6.6,-10.3,-8.0,-0.7,-3.2,-0.5,-0.4,3.9,-2.8,0.9,5.5,2.0,2.8,0.7,-4.5,1.2,-0.4,-0.9,1.2,-1.1,0.9,-3.0,-1.9,-1.6,-1.3,-4.5,-3.3,-2.6,0.1,14.2,-3.6,3.9,-3.6,-5.2,-9.3,9.9,-0.7,3.2,2.4,-1.3,3.0,4.9,2.7,3.3,0.9,2.7,-3.8,1.5,1.1,-4.2,-3.2,10.4,-3.2,-2.0,2.6,-6.0,4.4,-0.9,-0.7,-6.2,-1.6,-4.2,-4.9,-7.3,-6.3,-8.5,-2.9,-6.3,-0.2,-0.8,1.8,0.8,0.5,-0.7,-8.0,14.5,0.5,0.3,-1.5,-3.0,-2.6,-4.8,-10.8,13.1,16.0,-1.5,-3.9,-1.5,-0.4,-1.9,-1.9,-0.6,-0.6,-6.9,-0.3,0.2,4.3,-2.4,-3.9,-5.5,-1.9,2.8,-1.0,1.3,2.7,3.7,6.7,-3.9,0.1,0.0,-0.3,-4.1,-3.5,-12.6,-5.9,2.2,5.1,-8.5,1.7,-6.6,-4.8,-3.4,-0.8,-4.1,-1.0,2.8,-4.5,-1.5,1.3,-1.8,2.2,-0.1,-8.3,-3.0,-2.6,-1.8,-3.7,-0.7,-4.7,-14.9,-6.8,-9.0,-8.1,-5.9,-8.0,-7.5,3.3,6.3,0.7,-9.7,-6.6,-3.2,2.0,-5.6,-1.0,7.4,-7.2,-6.3,-6.2,-3.0,-10.3,-3.8,-6.3,-9.2,-2.2,-4.7,-2.8,-8.9,-6.8,-12.7,-11.9,-6.4,-0.8,-9.7,-4.5
2C7L51IbE2,0,48.107931,11.623189,4441927.83,2778480.72,534.1,579.8,293,7290,3.2,0.76,0.44,32.61,348.93,-0.529,-0.103,0.842,-0.0,0.2,0.14,0.24,1.6,0.2,-0.3,0.6,0.8,3.8,0.3,-0.9,-0.6,-1.9,1.3,-1.1,-0.2,3.4,4.3,-1.4,-1.3,-2.9,-1.9,-3.8,-3.6,-4.1,-3.2,-3.5,-6.3,-0.1,-1.5,-3.0,0.4,-1.0,0.6,-5.7,-5.3,1.8,-4.9,-10.2,-8.5,-5.3,-4.7,-6.1,-4.9,-1.6,0.9,-0.4,-1.5,-4.6,-1.6,-15.1,-9.2,0.3,-4.8,-3.9,4.9,-6.7,-5.2,-3.8,-4.9,-3.2,-1.1,-1.5,-2.7,-2.9,-1.8,-1.4,-3.3,2.4,-1.2,-1.5,-1.1,-3.5,0.0,-3.2,-2.9,3.1,-1.9,1.3,-4.0,-2.2,-3.2,-1.5,-2.8,-2.8,-5.6,-2.7,-5.4,-4.7,-0.4,-7.8,-8.2,-4.3,-6.3,-2.5,-5.3,-4.8,-2.2,-4.2,-3.1,-2.0,-3.8,0.7,-3.6,-1.2,-5.1,-0.5,-1.4,-3.9,-2.5,-2.2,-1.2,-1.3,5.4,-0.2,-3.4,-3.0,0.2,-2.2,-2.3,-1.1,-1.7,-3.7,-2.0,-0.8,-0.2,-1.9,-0.9,-0.3,-1.2,-1.7,-3.5,-0.0,-2.6,-5.1,-1.8,-7.1,-3.3,-2.5,-7.9,-8.1,-8.8,-2.5,-7.0,-0.2,0.1,-2.0,-0.9,-4.7,2.4,4.1,-5.1,-0.9,1.4,3.4,2.0,-3.6,-0.9,-1.1,-1.5,-0.3,1.8,-0.7,0.0,-7.4,-5.5,-4.8,-6.4,-3.2,-4.3,-6.4,3.4,-4.2,-5.1,-3.0,-6.1,-5.9,-8.0,-0.6,-3.5,3.6,-2.8,-3.5,-6.4,-5.1,-0.4,-4.1,1.8,-0.5,0.7,-7.4,6.1,3.9,-5.7,-9.6,-3.0,-5.1,-2.7,-3.6,-2.1,-6.5,-2.0,-7.5,4.0,1.0,-13.2,3.4,4.4,-2.2,-3.3,2.7,1.5,-13.5,-0.0
2C7L51IbEh,0,48.10824,11.625597,4442106.45,2778519.03,536.3,582.0,293,7331,4.4,0.4,0.51,32.65,348.97,-0.529,-0.103,0.842,-1.2,0.2,1.74,0.36,4.9,0.3,-0.3,-4.2,-16.7,-3.4,0.8,-0.9,-13.3,-14.3,7.1,0.1,-10.0,8.9,0.4,0.4,9.2,11.7,11.1,9.6,4.4,3.1,5.0,-4.0,2.6,1.6,9.1,4.1,10.7,5.3,-1.1,4.1,7.9,12.3,3.6,0.1,2.4,1.0,4.3,5.7,1.0,8.5,2.8,2.6,4.4,3.9,2.9,-0.4,-1.3,-2.2,-4.1,-4.8,-11.6,-9.2,-8.2,-6.6,-7.8,-10.3,-6.4,-10.1,-7.9,-7.4,-9.4,-8.7,-10.4,-3.9,-10.2,-13.0,-6.5,-8.2,-11.9,-9.0,-11.7,-10.3,-9.5,-10.4,-8.4,-1.8,-6.5,-3.1,-5.4,-8.6,-2.2,-2.2,-5.2,-7.2,-7.7,-8.0,-5.3,-1.3,-1.8,-1.8,-1.5,-3.6,-2.7,-7.8,-4.4,-3.5,-3.7,-4.2,-1.7,-2.9,-3.7,-5.5,-3.6,-6.5,-5.8,-0.2,-4.1,-3.8,-3.0,-2.2,-10.7,-14.1,-13.0,-16.5,-12.4,-13.6,-10.9,3.8,-11.2,-11.9,-14.1,-13.3,-11.3,-12.6,-5.1,-5.7,-2.2,-5.5,-1.4,-1.3,-0.6,-1.6,0.2,-10.0,-2.2,-1.3,-0.4,0.1,-0.1,0.8,1.0,-5.3,-3.2,-1.2,-1.8,-13.8,-16.2,-19.2,-12.8,-10.1,-8.3,-10.9,-5.1,0.2,-16.8,-5.4,-10.2,0.3,11.0,-3.8,-3.0,-1.0,-5.6,-5.5,-7.4,-8.6,-3.8,-2.5,-4.1,-2.8,-2.8,-2.3,-5.6,-4.5,-2.6,-1.8,-8.7,-6.4,-8.1,-6.5,-6.5,-5.0,-5.9,-7.5,-7.2,-5.3,-4.5,-5.1,-1.1,-3.5,-3.2,-1.6,-2.1,-5.2,-4.4,-4.8,-2.7,-5.6,-1.9,0.0,-1.8,0.5,-1.4,-2.5,-18.0,-12.4,-11.9,-20.8,-16.5
2C7L51IbFC,0,48.108486,11.627515,4442248.77,2778549.54,544.0,589.7,293,7362,3.1,0.71,0.47,32.65,348.97,-0.53,-0.103,0.842,-0.6,0.2,-0.76,0.24,3.2,0.2,-0.3,3.7,0.5,-2.3,0.7,-3.4,-6.6,-7.4,5.2,-2.8,3.5,5.4,-0.9,0.7,0.1,1.1,-0.1,-0.7,0.5,-2.5,-5.4,-6.4,-3.7,-1.3,-5.4,-0.9,-0.6,-0.7,0.8,-4.7,-4.9,-9.4,-5.2,-9.2,-11.5,-16.7,-10.1,-3.7,-2.8,-0.1,-5.3,-0.8,-2.5,-6.4,-2.3,-3.7,-0.5,-1.6,-0.1,0.8,-1.8,6.5,-4.9,4.0,-0.0,0.8,3.3,-1.9,0.3,-10.1,2.5,0.2,2.6,2.4,0.7,-1.8,-0.1,1.7,8.0,3.9,-0.4,-0.7,-1.7,1.8,3.8,-0.9,-4.3,-4.1,-3.4,-3.5,-4.2,0.8,-1.2,-5.6,-13.4,-5.0,-6.0,-5.5,-1.4,-2.4,-0.2,-4.6,-4.7,-9.2,-7.8,-4.4,-2.8,-1.7,-3.7,-1.1,-3.2,-2.6,-4.8,-2.5,-1.7,-3.8,-3.3,-0.5,1.6,0.7,-0.8,7.4,0.3,-1.1,2.4,-2.0,5.4,-1.2,-1.2,0.5,-3.5,1.9,-1.1,1.8,-0.5,3.6,-2.1,2.3,-2.2,-4.0,-4.2,-6.1,-6.3,-3.6,-3.5,-4.8,-4.2,-4.5,-2.5,-2.4,-3.0,1.1,-5.3,-3.5,-4.8,-4.4,0.3,3.5,-0.3,-1.1,-1.2,0.4,3.2,3.3,2.7,-0.9,-1.9,-3.7,-3.8,-3.4,-3.0,-4.7,-3.7,-4.6,-6.6,-8.1,-4.4,-4.7,-6.6,-7.8,-2.8,-14.8,-10.7,-8.8,0.3,-1.0,-1.0,-2.6,-3.2,-8.8,-4.0,2.8,0.1,4.9,-0.5,-2.9,1.6,-3.2,-3.2,-4.5,-8.4,-6.2,-10.5,-9.5,-9.2,-9.8,-8.1,-8.6,-6.7,-5.8,-5.0,-4.0,-5.4,-3.8,-2.5,-2.8,-6.3,-2.6,-2.8
2C7L51IbFK,0,48.108535,11.627894,4442276.88,2778555.58,538.8,584.5,293,7370,2.4,0.86,0.39,32.66,348.97,-0.53,-0.103,0.842,-0.5,0.1,-0.36,0.18,0.6,0.2,-0.3,1.6,0.7,-3.0,-0.3,-2.8,6.1,-0.8,0.8,0.1,0.4,0.4,1.6,-0.6,-1.3,0.3,0.8,-0.9,-0.1,1.2,2.8,1.4,1.9,-1.3,-0.1,1.7,3.3,-0.3,2.5,0.6,-2.1,-8.7,-4.8,-3.6,-4.4,-2.5,-2.3,1.3,2.0,2.7,0.9,-0.8,4.2,-0.0,0.8,-0.4,-0.1,1.3,2.3,-1.7,-0.4,1.3,0.7,3.6,0.7,-3.4,-2.2,3.0,1.9,1.6,1.0,1.6,1.8,1.2,0.2,1.2,0.8,-0.3,1.6,1.1,-0.3,1.3,0.6,0.3,-0.2,-2.6,2.9,1.3,2.5,0.0,-0.5,-2.1,0.5,-0.9,-0.3,-0.3,-0.8,1.4,-2.5,2.9,-0.5,2.1,3.1,-3.8,-5.3,-0.9,8.8,-0.1,-0.3,0.4,0.3,0.9,1.7,2.8,3.1,3.3,2.3,0.2,2.7,0.5,1.9,2.2,1.7,1.1,3.3,3.1,4.4,0.2,-1.2,1.9,-1.8,0.6,-0.2,1.5,0.1,0.0,1.6,3.0,0.7,-0.7,-0.2,-0.0,-2.0,-1.8,-0.6,-5.9,0.4,-1.6,-2.4,-0.7,-0.4,1.7,1.4,0.9,-1.2,-0.0,0.7,-2.3,1.0,1.4,-0.3,0.0,1.4,0.8,-0.3,2.1,3.8,1.3,-0.9,0.6,-3.9,-7.8,-4.1,-6.7,2.4,-1.6,1.8,-2.1,-2.1,-2.4,-2.3,-3.3,-5.7,-3.4,1.2,1.2,-0.0,0.6,-1.1,-10.1,-3.7,-2.3,-1.0,-2.1,-0.3,-2.8,-2.8,-1.9,6.4,-3.3,-6.3,-2.5,-3.2,4.5,0.1,4.0,-2.8,-4.3,-5.7,0.3,3.3,-1.1,-3.2,1.2,-2.6,-0.3,-1.1,-0.1,-2.9
2C7L51IbGo,0,48.109223,11.633253,4442674.38,2778640.83,545.6,591.3,293,7462,4.5,0.64,0.47,32.68,348.97,-0.53,-0.103,0.842,-0.3,0.2,-1.23,0.35,1.8,0.3,-0.3,-1.1,4.0,-1.6,0.6,0.6,-3.2,6.1,1.0,-0.7,-7.1,0.8,-2.6,19.9,2.2,-2.1,0.5,-1.1,-0.1,-1.9,-1.4,1.4,-4.1,-4.5,-1.2,-2.7,-1.9,2.3,-0.4,-5.3,-4.6,-7.1,-6.7,-5.2,-0.7,1.7,-0.9,0.1,-3.2,7.1,-0.2,4.1,-2.0,-2.2,17.6,3.0,3.2,1.3,-2.3,-2.2,2.0,5.2,2.5,3.6,4.6,-1.5,6.5,19.6,11.9,12.9,5.7,4.8,8.7,2.0,12.3,4.5,-1.3,4.4,4.3,5.9,6.4,-0.3,7.1,0.6,6.7,0.8,3.2,4.2,7.0,6.7,5.3,5.9,0.8,3.4,6.4,4.6,4.4,8.9,1.8,2.8,-1.1,3.2,-0.1,0.2,-0.3,0.1,0.0,3.8,1.4,2.5,4.7,3.2,0.4,3.1,7.5,0.6,2.9,1.6,0.2,2.7,5.4,4.4,4.2,2.8,0.9,1.4,3.5,2.3,3.2,1.5,0.9,2.6,18.2,7.8,4.7,0.3,-1.9,-0.6,6.4,12.1,-0.3,5.3,2.7,-1.7,-6.2,-0.7,-0.2,4.6,-1.7,8.1,0.7,14.7,0.7,3.7,1.6,5.0,1.1,13.6,1.0,-1.0,2.4,-6.2,1.3,-0.4,-0.7,3.3,1.1,0.6,0.5,3.1,2.6,-0.7,-8.8,0.4,1.4,-0.6,3.1,-0.1,0.4,19.4,5.3,4.2,-0.9,-1.0,-1.3,-1.9,-7.4,4.0,-1.3,13.5,-2.0,-3.5,0.8,-3.8,-1.1,4.2,3.5,-4.9,-2.0,-7.7,-1.5,0.3,-3.6,2.1,-3.6,3.6,-0.4,1.0,-3.0,2.4,-2.7,-2.7,-4.3,10.3,-0.4,5.0,1.9,11.3,-4.2
2C7L51IbDN,0,48.107673,11.621041,4441768.42,2778448.58,542.8,588.5,293,7249,2.1,0.86,0.39,32.6,348.93,-0.529,-0.103,0.842,-0.7,0.1,0.15,0.16,1.7,0.1,-0.3,-2.0,-1.4,-0.8,-1.5,-1.0,-0.3,-1.0,-2.0,-1.8,-2.7,-1.0,-1.5,-0.9,-1.3,-1.4,-1.0,-2.4,-0.5,-2.2,-1.8,-6.8,-7.7,-2.4,-1.7,-1.8,0.5,-0.9,-0.6,-3.5,-4.5,-7.4,-6.5,-10.1,-6.0,-7.3,-8.5,-3.0,-4.2,-4.4,-0.5,-1.5,-0.7,-7.7,-1.9,-2.2,-6.9,-2.8,-0.7,-2.2,0.0,-0.6,-0.1,-0.9,-1.0,-2.0,-2.2,-1.2,-0.8,-1.9,-3.6,-3.6,-2.5,-2.2,-3.8,-2.0,-3.7,-4.2,-0.9,-2.3,-4.4,-5.6,-5.2,-5.8,-5.2,-4.1,-4.5,-3.6,-3.9,-4.4,-6.8,-4.7,-5.4,-4.4,-2.6,-4.4,-9.2,-5.9,-5.2,-5.2,-5.3,-5.9,-3.0,-3.3,-5.3,-4.6,-5.0,-3.8,-5.9,-4.8,-3.5,-3.3,-4.8,-4.3,-3.6,-4.8,-4.5,-4.2,-3.1,-2.7,-4.8,-2.3,-3.7,-2.6,-2.8,-2.3,1.7,-2.5,-2.8,-2.6,-4.3,-5.8,-3.2,-4.4,-4.4,-4.8,-9.3,-2.5,-5.1,-4.3,-5.4,-7.8,-4.3,2.4,-6.7,-7.8,-7.3,-5.5,-5.1,-6.3,-1.8,2.8,3.1,-4.0,-3.3,-4.3,-1.5,-1.7,-5.3,-4.1,-4.8,-2.6,-5.0,-4.3,-6.2,-3.3,-5.0,-6.1,-5.7,-7.8,-3.7,-5.5,-8.1,-4.9,-4.7,-8.5,-7.6,-5.2,-6.0,-6.0,-11.0,-5.3,-9.8,-2.8,-1.8,-0.7,1.5,-0.6,-3.0,1.2,-3.3,-3.8,-4.0,-4.2,-5.5,-5.0,-5.5,-1.0,-6.5,-6.6,-6.3,-6.9,-6.5,-8.4,-8.3,-12.6,-11.4,-6.2,-7.3,-6.4,-7.1,-2.7,-6.0,-6.4,-5.2,-1.9,-2.4,-3.9,-4.6
2C7L51IbFM,0,48.108563,11.627973,4442282.68,2778558.89,538.3,583.9,293,7372,4.0,0.7,0.49,32.66,348.97,-0.53,-0.103,0.842,-0.4,0.2,-0.35,0.31,1.1,0.3,-0.3,2.7,1.5,-4.5,0.5,2.3,5.8,-14.2,8.8,0.8,1.7,-0.9,5.5,-0.1,-5.0,0.4,-2.1,-5.1,0.7,-0.5,-2.4,-2.2,-3.5,-2.6,0.4,-3.6,-2.4,1.6,1.9,0.8,-2.3,-14.7,-8.1,-4.2,-5.8,-2.2,-0.1,-3.4,-2.3,-0.8,-1.0,-1.2,0.1,-1.2,-1.7,-1.9,-2.8,-3.5,-0.8,-2.9,-0.5,-0.3,-2.6,-0.8,0.0,-0.7,-2.5,-4.1,3.0,-5.2,-0.9,0.2,-10.2,6.4,7.0,4.6,6.8,6.8,-4.3,4.1,-9.5,-13.9,-3.8,-15.5,-7.7,-6.4,-0.2,-0.7,1.2,-2.3,-2.3,-2.5,-2.3,-3.6,-5.0,-3.0,-2.9,-0.7,-2.2,-0.5,-3.6,-2.1,-3.2,-3.7,-6.1,-5.1,2.6,0.8,0.1,0.2,1.9,-0.2,0.6,1.2,-3.0,0.9,1.8,-1.3,2.2,0.0,-2.7,-3.1,-3.3,-1.7,-3.2,-1.3,-1.7,-0.3,-2.9,1.6,0.7,-1.8,0.6,-5.0,3.8,8.5,1.6,0.9,-3.5,-4.6,-5.6,0.3,-1.7,-4.6,-0.7,-3.1,-1.7,-3.3,10.6,-0.3,4.7,0.7,1.9,-2.8,-7.1,-3.5,-3.0,3.3,-1.7,-1.4,-2.2,1.0,-1.1,5.3,-3.5,0.4,2.2,-1.1,-2.1,-3.2,-2.7,-3.1,-2.6,-4.9,-5.9,-6.4,1.0,-3.0,-4.1,2.4,-0.0,-4.1,-7.1,-14.8,0.6,-3.9,-1.2,-2.4,8.9,9.9,-13.1,-7.6,-8.4,-5.9,0.1,-4.7,-1.6,-2.7,-2.5,-4.3,-5.7,0.3,0.6,-5.6,-2.6,-5.4,-10.5,-7.0,-3.5,-5.2,1.0,-3.2,-1.3,-3.1,-3.9,-3.9,-1.3,-5.9,6.0
2C7L51IbFQ,0,48.108603,11.628278,4442305.33,2778563.75,541.1,586.8,293,7376,3.4,0.77,0.45,32.66,348.97,-0.53,-0.103,0.842,-0.7,0.2,0.03,0.26,0.6,0.2,-0.3,-8.3,-1.4,-2.2,1.5,-0.6,5.3,-0.7,-0.2,-0.5,-4.1,0.3,0.3,3.4,1.9,1.7,1.3,-1.1,2.6,-1.4,1.9,1.1,2.1,1.2,2.6,-0.5,3.7,0.9,7.4,10.6,-1.2,-11.6,-1.8,-4.4,-2.7,-2.2,-1.5,-1.1,1.4,1.0,3.5,-9.7,0.0,-5.4,1.7,0.0,-0.1,1.4,-0.5,5.3,0.9,-3.1,-0.5,0.6,-2.8,-4.0,-0.7,6.1,4.0,5.3,-2.2,0.1,3.8,-3.8,-0.2,2.6,2.7,-2.1,-3.1,0.5,-2.4,-1.0,-2.6,-3.9,-2.7,0.4,0.2,-0.6,0.3,-0.5,-0.9,-2.7,-4.0,-1.4,-2.0,-1.1,-0.1,-1.0,0.0,-2.5,-3.1,-0.8,-3.6,-2.2,-3.3,-1.8,1.4,1.4,-2.8,-0.4,-1.4,0.7,-1.7,0.7,-3.6,-1.9,-0.4,-3.0,1.2,-2.1,-1.8,-2.7,-0.0,0.2,1.1,-0.3,0.7,1.9,4.6,0.4,1.3,-3.4,4.2,-1.3,2.7,1.8,2.9,1.0,0.8,-1.0,-2.4,-3.7,-1.3,-2.4,-2.2,-2.7,-3.9,-3.1,-2.7,1.0,3.4,2.0,-5.4,-1.2,-4.9,2.2,4.3,-2.4,-0.6,-1.4,-7.6,2.7,2.6,-1.5,-1.5,-2.2,-2.0,-1.8,-3.3,-3.1,-2.1,-2.5,-4.2,-4.4,-5.4,-5.6,1.4,-1.6,-1.2,-9.8,-3.7,-4.3,-2.4,-5.1,-1.0,3.0,-6.4,7.1,-11.9,-14.7,5.4,-12.3,-4.0,-2.4,-10.7,-0.2,-2.9,-1.1,-2.0,1.3,-3.7,-3.2,-1.7,-5.8,-4.3,-4.4,-3.1,-2.3,-0.3,-1.6,0.9,-2.1,-1.6,-1.4,7.7,-6.6,-11.1,7.8,-1.5
2C7L51IbH6,0,48.109379,11.634325,4442753.88,2778659.94,548.2,593.9,293,7480,2.5,0.87,0.39,32.69,348.97,-0.53,-0.103,0.842,-0.9,0.1,0.21,0.19,0.6,0.2,-0.3,-0.8,-2.6,0.2,-1.4,0.2,1.9,-0.4,-0.9,0.2,3.7,-1.3,-11.6,-2.4,-0.5,0.3,0.4,1.1,1.5,-0.9,0.7,0.6,-1.8,-0.9,1.8,3.0,2.5,2.8,2.2,-1.3,-3.5,-7.4,-4.8,-4.5,1.2,0.7,0.1,0.2,4.5,1.9,4.4,3.1,1.3,3.4,-0.8,1.3,3.4,2.9,0.9,-1.2,2.0,-0.0,2.2,-0.4,0.1,1.0,-3.8,-0.9,-0.3,-1.8,-1.0,-1.1,-0.4,-1.2,-1.7,-3.0,-1.8,-0.3,1.2,-0.5,-0.8,-0.2,0.0,-1.6,1.7,-0.7,1.5,0.7,0.7,0.1,-2.1,-1.9,0.8,-2.3,-4.4,-1.7,2.0,-2.2,-0.6,-2.4,-3.7,-1.3,-1.3,0.6,-4.9,-2.5,-1.4,1.1,-2.2,-2.6,-2.7,-1.1,-0.5,-0.4,-1.3,-2.6,-1.2,-0.2,3.2,-2.7,-0.6,0.4,2.4,-0.1,-1.2,-1.2,-1.8,-6.1,-2.6,-1.6,-0.5,-0.0,-1.5,-1.9,-2.3,-0.4,-10.2,-3.5,2.0,0.6,-1.0,-2.5,-5.9,-2.9,-2.2,-1.9,-1.3,-3.9,-3.2,-0.7,-1.9,-2.6,-4.5,-2.1,-2.0,-2.4,-1.1,1.0,-1.0,-0.7,-2.2,-0.7,-0.1,-4.1,-2.8,-2.6,-3.2,-0.8,-4.6,-4.0,-5.3,-6.0,-15.3,-5.6,-5.1,-5.1,-3.7,-3.5,-0.0,-1.1,-4.2,-5.4,-2.2,-5.4,-1.9,-2.0,-5.6,3.3,-7.3,-5.2,-5.6,-5.1,-5.0,-4.5,-6.0,-3.7,-4.7,-1.4,-4.1,-0.5,-5.8,-4.6,-4.6,-6.9,-1.7,7.5,-0.0,0.5,-5.0,-2.4,-3.8,-0.0,-3.3,-5.2,-3.1,-3.3,-3.8,-5.8,-2.9
2C7L51IbEK,0,48.108137,11.62451,4442025.71,2778505.83,548.0,593.7,293,7308,3.9,0.72,0.48,32.64,348.97,-0.529,-0.103,0.842,-1.1,0.2,-0.28,0.3,0.2,0.3,-0.3,-3.6,0.0,3.4,-1.5,-2.1,-1.0,-0.3,-0.5,1.7,-3.7,3.8,-1.2,2.4,3.0,-1.3,1.6,-11.4,4.7,-2.1,-1.5,10.1,0.1,-1.2,-5.6,-1.1,0.3,-1.8,-0.9,9.1,1.6,7.9,-5.7,0.5,-4.3,-3.9,-2.0,-0.1,-2.3,4.6,0.3,-4.0,1.1,-0.8,-2.1,-0.0,-3.1,-0.8,-3.0,-5.7,-0.3,-3.8,-4.7,-2.5,-0.3,0.2,-5.7,-0.7,2.4,3.4,0.1,-2.4,1.9,0.0,0.8,-6.3,-3.0,0.8,3.8,-4.0,2.5,-2.1,-0.2,-1.0,-2.1,0.8,-0.6,2.6,-1.7,0.1,-3.3,-2.1,-3.6,1.6,-1.8,-2.0,0.7,2.2,-1.6,1.9,-2.9,-5.9,-7.4,-0.8,1.6,-2.6,-1.0,4.5,-2.6,1.0,-5.2,-1.3,-6.0,-3.7,-2.4,-1.1,0.3,6.1,1.1,4.8,-1.8,1.3,-3.5,0.1,-3.3,-0.5,-3.4,-4.8,-3.7,-4.4,-2.1,-1.9,-3.2,-3.4,-2.9,-2.1,-0.9,-3.5,-3.2,-2.5,-1.5,-4.8,2.7,-0.6,-7.4,0.4,-3.6,-6.0,-7.0,-1.1,3.2,-1.6,1.3,-7.0,10.6,-14.7,-10.3,-2.1,-0.3,2.1,3.3,-2.1,-1.9,1.9,6.9,0.4,0.7,-1.0,-5.7,-0.7,-15.3,1.0,-18.4,1.0,-5.8,-3.3,3.8,3.2,2.3,-3.5,-2.8,-0.3,-5.9,-1.3,-5.8,-3.4,-1.5,-4.8,-5.1,-8.0,-4.7,-12.1,-4.9,-4.3,-6.3,-3.3,-2.8,-16.1,-6.8,-2.7,-7.6,-9.5,-6.7,-4.5,-2.7,-6.1,-7.4,-7.3,-3.6,-1.4,-6.9,-2.9,-4.8,5.2,-15.7,-0.1,-3.3,-4.0,-4.9
2C7L51IbF0,0,48.108411,11.626639,4442183.64,2778539.73,534.9,580.5,293,7350,3.2,0.79,0.4,32.65,348.97,-0.53,-0.103,0.842,0.3,0.2,-0.46,0.25,0.3,0.2,-0.3,1.2,-0.7,-1.8,-1.2,-0.4,0.9,0.9,-1.1,0.4,-1.5,0.4,0.1,-2.6,-1.0,-1.0,4.9,0.9,3.4,0.7,-1.2,5.8,1.0,0.5,-6.0,2.8,4.9,-3.3,-4.5,0.1,0.2,-15.5,-2.3,-0.4,-12.1,9.1,7.0,6.0,8.7,2.2,9.3,-3.9,-3.5,-5.7,1.6,-1.6,-3.8,0.2,-5.2,-0.1,0.2,3.2,1.5,1.2,2.3,0.6,-0.8,0.2,0.3,-2.1,-3.7,-0.8,0.7,0.9,1.1,5.0,1.0,0.0,-2.6,-1.8,1.0,-2.6,2.5,-0.7,-1.0,3.6,-1.4,-0.1,-2.1,-0.5,-2.4,-0.1,0.3,1.8,-2.9,-3.2,-5.6,1.7,8.4,2.1,1.3,2.3,-1.1,-8.6,-0.2,1.1,-3.8,1.0,13.8,-6.0,-3.8,-3.5,1.0,-3.0,-1.1,-0.3,1.7,0.2,0.3,1.3,0.4,0.4,-0.2,-0.3,0.5,-0.1,-3.3,-1.9,-1.3,0.4,0.0,-0.2,1.4,3.2,2.7,2.2,2.5,1.1,3.6,0.1,2.9,1.6,0.2,5.2,2.3,-1.9,2.3,4.0,2.5,3.0,6.9,5.2,-0.4,-0.1,1.4,2.0,2.3,-3.6,1.6,2.5,3.5,-3.6,3.0,2.7,1.5,2.6,2.3,-0.8,-0.0,-1.9,1.3,0.8,5.7,7.1,-0.6,3.3,8.3,1.8,4.0,-0.9,-1.0,-1.0,0.8,-0.9,-4.5,0.3,-1.0,0.4,0.8,3.7,1.8,4.6,1.8,1.2,-1.1,1.1,1.0,0.8,4.9,3.9,-0.2,2.6,-2.9,-0.1,-0.8,-3.2,0.4,-1.5,-2.5,0.8,-1.0,5.4,0.8,-2.0,-0.8,-2.6,-0.6,-0.7,-2.3
2C7L51IbF2,0,48.10843,11.626785,4442194.53,2778542.07,535.5,581.2,293,7352,2.1,0.89,0.33,32.65,348.97,-0.53,-0.103,0.842,-0.8,0.1,-0.23,0.16,0.7,0.1,-0.3,-1.7,-1.3,-2.5,-0.0,-2.7,1.2,-0.9,0.4,-0.2,0.2,-0.1,2.3,-1.1,1.0,-2.9,0.5,0.6,-1.6,-0.7,-4.5,0.4,5.2,-0.2,2.0,1.2,1.4,-1.1,1.7,-4.2,-1.0,-13.6,-0.6,-4.1,-1.6,-5.7,-1.9,0.8,-1.9,2.4,2.2,-1.2,1.7,0.5,-2.0,-1.0,-1.4,-1.6,0.5,-1.3,0.8,-1.0,-0.2,0.3,-0.9,-0.2,-2.4,-1.9,0.8,-1.6,-0.4,-2.2,-1.5,0.6,-2.0,-6.9,-0.2,-2.6,-1.4,-1.9,-0.9,0.7,-0.1,-0.8,-0.3,-0.7,-0.9,1.5,-1.5,-0.6,0.2,-2.1,-2.5,-1.5,-1.0,-2.2,-2.9,-0.9,-1.1,-3.2,-2.3,-1.8,-0.4,-6.6,-6.0,-3.5,-0.3,-3.4,-1.4,-2.4,-3.6,1.2,-1.0,1.2,-0.6,-0.8,-3.0,-4.0,-0.4,-3.6,-5.5,-0.8,-1.4,-1.6,-2.7,-0.1,-2.5,-3.4,-0.4,-2.4,-0.8,0.6,-1.5,-2.6,-0.8,-1.1,-2.5,-2.4,-1.6,-3.1,-0.6,-4.1,-3.7,-3.2,-5.0,-7.8,-7.4,-2.7,-3.2,-1.4,2.6,-5.5,-0.0,-2.8,-0.2,-1.4,-1.8,0.5,-0.7,-0.8,-0.1,-0.4,0.1,5.6,-1.4,-0.6,-3.2,-4.4,-2.8,-3.3,-0.6,-5.3,-5.5,-4.2,-5.1,-4.6,0.3,-2.2,-2.6,-2.7,-4.0,-5.6,-8.2,-6.2,-5.4,-4.0,-4.6,-6.1,-4.1,-6.3,-3.3,-1.4,-1.8,-2.3,-3.5,-2.6,-3.1,-6.7,-2.9,-3.8,-5.9,-3.9,-5.3,-7.7,-6.1,-7.1,-5.0,-5.3,-4.8,-2.9,-3.0,-4.2,-3.5,-2.0,-2.9,-1.6,-9.5,-6.9,-4.9
2C7L51IbGj,0,48.109215,11.632902,4442648.28,2778639.37,542.9,588.6,293,7457,3.8,0.72,0.47,32.68,348.97,-0.53,-0.103,0.842,-1.4,0.2,-0.31,0.3,0.8,0.3,-0.3,3.7,3.4,5.0,4.3,1.8,-11.5,4.3,2.8,3.1,-0.5,3.9,2.7,4.3,2.4,1.1,2.1,3.4,-0.0,0.3,-0.7,-0.2,-0.2,-2.9,1.1,0.8,0.9,3.4,0.9,-5.1,-2.4,-3.2,-3.8,-1.7,3.0,2.7,1.5,3.7,3.7,4.8,3.2,2.5,0.0,1.1,-0.5,0.3,-0.3,-2.3,-2.7,0.6,-1.4,2.2,0.4,-0.3,1.6,1.6,0.9,-2.4,-0.0,0.3,0.0,1.1,0.3,-6.5,-1.9,-10.7,-1.3,-1.0,-2.5,2.1,1.8,1.9,1.7,2.8,3.8,2.5,0.0,2.2,3.4,0.8,0.2,1.6,0.6,3.1,0.7,2.6,-1.5,0.8,-2.3,-1.8,0.2,1.0,-6.2,-8.1,-1.1,-0.7,1.3,-6.1,0.1,0.9,2.4,0.4,2.6,2.0,4.0,3.2,1.3,1.7,4.7,2.5,1.3,2.3,0.3,0.9,-0.0,-2.1,5.0,6.1,3.8,5.7,11.9,11.0,12.0,10.4,6.1,9.2,9.6,-0.7,0.9,-0.1,-0.1,-11.9,-1.5,5.0,-2.9,1.5,-2.5,-3.4,-10.1,-0.9,7.6,-10.1,-5.2,-8.0,-4.1,0.8,-0.8,-6.1,-8.1,-6.5,-4.1,-7.4,-7.6,-2.1,-3.8,-3.7,-4.9,-13.5,0.3,-4.7,-2.5,-4.7,-4.1,-5.9,-13.5,-8.2,-5.1,-2.6,-1.0,-3.2,-1.4,-2.4,-3.7,-3.1,-6.9,-7.8,-10.6,-3.5,-3.0,-15.5,-4.5,-3.4,-3.1,-3.7,-5.4,-1.4,0.9,-5.5,-2.4,-0.0,-4.2,-2.2,-4.8,-4.2,-1.5,-3.9,-6.6,-2.6,-1.7,-3.2,-1.9,-7.2,-1.8,-1.8,-4.1,-3.2,-4.1,-2.1,-5.2
2C7L51IbGl,0,48.109235,11.633063,4442660.16,2778641.92,544.8,590.5,293,7459,4.2,0.65,0.48,32.68,348.97,-0.53,-0.103,0.842,-0.0,0.2,-0.58,0.32,1.4,0.3,-0.3,-5.7,-4.6,0.6,-6.3,-10.1,11.1,2.1,-0.4,4.4,9.1,-0.5,-0.3,3.0,0.4,5.1,4.0,-0.7,-2.5,-0.6,-0.0,-5.7,-4.5,1.5,0.2,3.1,-2.2,2.3,5.6,-0.7,-3.2,-4.6,-5.7,-4.0,1.4,-4.1,-2.0,4.7,-1.4,-0.3,3.4,-2.9,-9.6,-0.6,-9.2,-4.3,-2.3,-3.0,-3.9,-3.2,-1.5,3.6,-5.3,-1.2,-2.0,-0.8,1.1,1.2,-1.1,1.5,2.2,-0.7,1.5,16.5,2.1,6.7,2.9,1.2,-2.5,0.3,1.3,1.4,-0.4,0.4,0.5,0.7,0.6,2.0,0.5,1.0,-1.2,-1.0,-6.6,-2.7,-3.0,-4.0,-5.0,-3.9,-4.6,-5.1,0.7,1.1,-2.7,0.4,1.4,-3.4,1.3,-1.8,-3.5,-0.6,-0.8,-0.3,-3.2,0.1,0.5,-0.1,-0.4,-0.9,-1.7,-1.4,-1.9,-2.8,-3.5,-4.0,-3.1,-3.1,-0.0,6.8,-1.3,-2.7,11.7,9.7,-6.3,3.5,0.2,-4.9,-2.7,3.9,5.1,5.7,3.3,-1.7,4.7,11.9,3.4,1.7,4.0,-4.7,-1.9,4.5,2.4,5.3,-2.0,-1.8,-1.9,0.1,-1.7,0.2,-2.4,-4.7,7.8,-4.5,-1.8,7.6,8.2,-0.1,8.2,0.2,-2.5,-6.6,-5.2,-4.9,-12.1,-6.3,9.6,-7.1,2.5,8.4,5.6,-0.5,-0.6,-3.8,-6.1,-6.0,-5.0,3.9,8.3,0.7,-0.7,11.0,-0.2,0.8,1.7,-3.1,-7.2,-1.2,0.4,-8.0,2.1,0.4,-3.4,-10.1,-2.3,-1.7,-4.6,-3.5,-0.2,-1.0,-3.0,-2.3,1.8,-3.2,-0.9,-7.3,1.7,-0.4,-0.3,0.4,1.9
2C7L51IbHp,0,48.109766,11.637202,4442967.19,2778707.74,562.6,608.3,293,7525,3.4,0.76,0.4,32.7,348.97,-0.53,-0.103,0.842,-1.1,0.2,0.85,0.26,0.1,0.2,-0.3,1.7,-2.5,1.6,-0.9,-2.9,-3.6,-2.0,-2.8,-3.9,-5.5,-3.4,-4.2,-1.9,-2.2,-4.6,7.0,10.1,10.6,1.8,9.1,-4.9,-1.1,-5.4,-0.3,1.3,5.5,-1.5,-2.8,1.1,3.7,-6.3,-0.5,-2.4,3.3,-3.8,0.7,-3.9,-3.9,-6.9,-0.1,-4.7,-5.5,-4.4,2.7,-2.5,-4.6,-5.3,-2.9,-4.0,-3.3,-4.6,-2.2,-5.3,-2.1,-3.9,-5.1,-3.7,-4.1,-4.0,-4.0,-5.6,-2.2,-4.5,-4.2,-5.9,-11.1,-4.7,-6.9,-4.6,-4.9,-7.5,-3.6,-2.4,-4.9,-2.6,-4.5,-1.6,-2.8,-3.1,-8.3,-4.3,-2.3,-3.7,-3.6,-4.9,-4.0,-2.6,-5.6,-10.5,-3.0,-1.7,-9.3,-5.6,-0.5,-6.1,-0.2,-6.3,-1.0,-3.2,-3.9,-6.6,-2.3,-2.4,-4.6,-4.9,-1.9,-2.8,-1.3,-2.3,-2.0,0.3,-4.2,-4.5,-5.8,-5.3,-6.7,-4.4,-5.5,-4.8,-3.2,-6.0,-6.2,-7.5,-4.9,-3.8,-2.7,-7.7,-3.0,-6.0,-9.0,-4.6,-4.3,4.2,2.7,-8.6,-3.6,-7.5,-6.4,-3.2,-4.4,-5.5,-8.1,-8.9,-4.3,-6.7,-6.0,-5.9,-7.4,-7.0,-6.3,-2.7,-7.4,-3.7,-5.1,-5.3,-7.5,-7.6,-6.8,-7.5,-8.4,-7.9,-19.4,-6.3,-13.5,-10.9,-9.2,-5.7,-12.2,-16.1,-2.2,2.1,3.8,-6.2,-3.3,-4.7,-7.0,-2.5,-1.0,-0.6,-0.3,1.1,-5.5,-2.8,-5.4,-6.6,-4.3,-6.8,-1.8,-3.8,-10.4,-7.3,-6.9,-3.5,-3.9,-7.1,-7.8,1.5,-4.2,-8.6,-6.4,-10.0,-10.9,-8.6,-6.3,-9.5,-6.8,-5.0,-3.2
2C7L51IbEP,0,48.108168,11.624608,4442032.99,2778509.48,537.6,583.3,293,7313,3.4,0.72,0.48,32.64,348.97,-0.529,-0.103,0.842,-0.6,0.2,-0.6,0.27,1.2,0.2,-0.3,1.6,1.6,-0.4,-3.3,-0.2,-4.0,-6.4,0.2,0.3,-0.7,-0.9,0.0,0.2,1.1,0.7,1.9,-0.7,-7.2,2.8,3.5,0.0,-6.0,0.1,1.1,1.3,3.4,-5.0,0.9,-6.0,-3.6,5.0,-8.9,-3.6,3.6,-1.1,-1.4,-1.9,-2.8,2.7,-0.6,4.1,8.7,5.9,-4.0,-0.6,4.1,-3.0,-7.5,7.5,-5.1,4.8,-5.3,-2.1,-7.4,0.2,-5.7,0.7,-0.9,-3.9,-11.0,-0.8,-3.2,-1.4,-9.2,1.0,-2.7,-5.3,1.8,-8.6,-7.8,1.3,-3.3,-4.4,-11.2,-7.9,5.2,-5.0,-8.4,-2.6,5.1,-3.1,-2.9,-3.8,-2.6,1.8,0.6,-0.2,0.3,-0.4,0.8,-0.3,-0.3,3.8,-2.6,0.4,-3.2,1.0,0.8,-2.8,0.9,-0.6,0.8,0.2,-3.0,-3.2,-1.7,-2.5,-0.8,-0.8,-0.7,-3.3,-4.2,-1.9,-2.3,-2.9,0.5,0.8,-6.0,-1.9,-7.2,-0.2,5.2,-3.0,-3.1,-4.9,-2.9,0.1,-4.9,-2.8,3.2,-4.6,-1.5,1.2,-1.5,-4.3,-1.4,0.7,1.3,2.2,4.5,2.6,4.3,1.5,-0.5,3.4,-1.5,-1.6,2.8,5.0,-2.7,2.2,0.5,-3.9,-4.6,-3.8,-3.3,-7.5,0.5,-1.4,-1.8,0.0,7.0,1.5,-6.1,-5.9,2.8,-4.5,-0.9,4.4,-2.7,-1.2,-7.4,-2.1,-1.5,0.5,-7.3,0.1,-5.0,3.9,-5.7,-2.4,-5.8,-3.7,-5.8,-4.1,-1.5,3.9,-9.9,-4.4,-6.0,-6.2,0.7,-2.3,-4.8,-5.7,-5.4,-5.1,-6.1,-4.5,-4.7,-8.5,-5.6,-6.3,-5.5,-6.0,-4.6,-5.6,-6.1
2C7L51IbFS,0,48.10862,11.628125,4442293.84,2778565.44,530.5,576.1,293,7378,3.8,0.71,0.46,32.66,348.97,-0.53,-0.103,0.842,-0.3,0.2,-0.61,0.29,1.5,0.2,-0.3,-0.8,-0.7,-2.1,-4.9,-0.5,-1.7,-0.4,-0.2,1.4,2.6,4.3,0.9,0.6,2.2,0.3,0.9,0.2,-2.2,-3.9,-5.4,-7.9,-2.5,-0.8,0.9,-5.9,-0.2,-2.7,-3.9,-2.8,-4.4,-12.2,-9.4,-6.6,-3.2,-9.0,-6.1,-0.3,-1.2,3.3,-5.6,2.8,1.9,-3.8,-2.4,-4.3,-3.0,-5.6,-1.2,-0.2,-0.3,-3.8,-4.5,-2.8,-2.9,0.2,0.2,-3.9,2.7,-1.9,-1.9,1.1,1.9,3.0,-1.7,0.7,-0.8,5.6,-3.8,-3.9,-3.2,-3.1,-4.9,-4.0,0.6,-5.0,-3.6,-2.5,-1.6,-4.7,-1.5,-0.3,-1.2,-3.5,-3.5,0.2,-3.6,-2.3,-2.2,0.1,-2.8,-2.7,3.0,-7.5,-4.8,-1.2,5.0,1.1,-5.7,-17.9,-5.7,2.1,-4.4,4.3,-2.1,2.7,-9.7,-2.7,-1.2,1.9,-2.2,-0.6,-5.4,-4.8,3.6,-2.6,1.5,-0.2,-1.0,-4.9,-3.5,-0.8,-1.2,-2.9,-1.0,-0.6,-2.5,2.0,-3.7,-2.6,-3.0,-8.0,1.6,-3.1,-7.0,-5.9,-2.8,-3.0,0.3,-4.0,6.1,-3.6,-1.1,0.6,0.6,2.3,-1.4,0.2,2.3,4.7,3.3,-2.6,2.7,1.7,-0.4,-1.0,-1.3,-3.5,0.3,-1.4,-0.9,-3.9,-4.0,6.8,0.6,-5.6,3.5,-10.4,3.8,-17.7,-1.7,-1.1,-2.5,-6.2,1.7,2.2,-3.7,-6.4,4.7,-1.5,6.4,-5.5,-15.0,-0.3,-5.5,-0.9,-1.6,-0.3,0.1,-7.0,-12.3,-5.4,5.8,-5.9,-9.5,-15.3,-7.0,-1.1,-3.0,-5.6,-0.9,-4.3,-4.5,3.4,-7.1,-3.7,-6.6,-2.4,-5.2
2C7L51IbFT,0,48.108651,11.628365,4442311.67,2778569.25,539.4,585.1,293,7379,2.0,0.9,0.31,32.66,348.97,-0.53,-0.103,0.842,-0.4,0.1,-0.41,0.15,1.0,0.1,-0.3,-0.1,-0.2,0.1,0.5,0.2,0.3,0.1,0.6,-0.3,-1.4,2.6,1.0,0.6,0.5,-0.5,-1.1,-4.1,-0.8,-4.3,-1.9,-4.8,-1.4,-2.4,-3.3,-2.9,-1.4,-4.4,2.6,-7.0,-3.7,-14.1,-4.5,-4.8,0.1,-6.8,-4.3,-0.9,-0.3,1.2,-1.2,-0.2,0.5,0.1,-2.0,-3.8,-4.5,-1.0,-2.9,-2.6,-0.7,-4.4,0.0,-1.5,-2.6,0.5,0.3,-0.6,2.4,0.5,0.6,-1.0,0.7,0.9,-1.3,-0.3,-0.8,-3.1,-2.8,-3.6,-3.2,-2.0,-2.8,-5.9,-0.3,-1.9,-1.9,-2.2,-2.1,-2.9,-4.2,-3.6,-1.1,-5.1,-3.3,-1.2,-2.4,0.8,1.9,0.2,-2.1,-0.5,0.5,-2.1,-5.5,-4.8,-0.4,-0.9,-1.9,-0.4,-2.1,-1.5,-4.5,-0.9,-3.0,-1.6,-3.1,-2.3,-2.0,-0.7,-1.2,-0.9,-3.6,-0.5,0.6,-0.6,-0.3,-1.8,-1.2,-0.5,-2.0,1.9,-3.2,-2.8,-0.8,-0.3,-1.9,-2.8,-3.1,-4.3,-4.8,-3.8,-0.3,-3.1,-4.3,-4.9,-1.3,-1.7,-2.1,-2.4,3.0,-0.6,-1.4,-1.1,-1.4,0.7,-2.6,-0.0,0.6,0.9,0.4,-0.2,0.8,-2.2,-0.9,-2.3,-5.1,-3.8,-2.6,-4.3,-2.0,-0.0,-1.7,-1.5,-4.0,-5.5,0.8,1.7,-0.6,-2.4,-3.5,-2.4,-3.2,-4.4,-2.9,-3.6,-3.7,-5.2,-2.1,-1.2,-1.8,-2.3,-2.9,-2.0,-1.2,-2.8,-1.9,-3.6,-4.2,-3.6,-3.8,-9.5,-2.0,-3.3,-5.5,-3.3,-4.5,-5.2,-4.3,-4.1,-4.2,-5.5,-6.5,-4.3,-5.1,-4.0,-7.6,-2.4,0.7
2C7L51IbFU,0,48.108659,11.628426,4442316.19,2778570.22,539.5,585.2,293,7380,3.0,0.76,0.45,32.66,348.97,-0.53,-0.103,0.842,-0.1,0.1,-0.48,0.23,2.2,0.2,-0.3,2.5,0.9,1.5,1.8,1.9,2.9,-5.0,-8.2,2.0,-3.5,5.7,-2.2,-3.5,-3.1,-1.3,-2.6,-5.8,4.0,-14.2,-0.1,-6.2,-2.9,-2.8,-4.6,-2.9,-4.1,-6.3,-10.7,-7.9,-4.4,-9.2,-6.2,-2.6,0.2,-4.5,-5.3,-2.3,-1.5,3.1,-2.6,0.3,2.7,-2.5,-2.5,-5.7,-7.1,-1.5,-1.0,0.0,-2.4,-4.4,2.1,4.0,-6.6,6.4,2.5,1.8,5.3,3.2,2.6,1.7,1.3,1.8,3.7,-2.6,-0.5,-6.0,-3.9,-2.4,-1.4,-2.6,-3.2,-6.2,-1.1,-4.2,-2.7,-3.3,1.1,-1.5,-2.2,-2.7,-5.4,-9.4,-2.3,-0.6,-1.8,0.3,-2.3,-7.0,-6.5,-5.4,1.5,-12.7,-7.8,-4.3,-0.9,-1.4,-1.2,1.4,-1.7,-1.7,-6.5,-1.4,-3.9,-3.5,-1.7,-1.5,-3.6,-0.2,-3.2,-0.9,-1.9,-0.5,-0.7,1.4,0.6,0.0,2.2,0.2,-3.3,3.5,-0.2,-1.3,2.9,1.2,-1.1,-2.4,-2.1,-2.2,-4.8,-2.9,-0.7,-4.8,-3.3,-4.7,-3.0,-4.2,-3.0,-1.0,3.1,1.4,-0.2,0.6,0.1,1.3,2.1,0.5,1.8,1.6,0.9,1.1,4.6,0.2,-0.6,0.2,-3.0,-5.9,-1.9,-2.5,-1.3,-1.1,-2.3,-1.5,-2.6,-3.4,-1.4,-0.4,-5.2,0.3,-1.3,-6.3,-6.8,-4.1,-2.3,-15.4,-2.6,-3.2,-0.9,2.7,-1.8,-0.9,-1.8,-1.4,1.2,-1.4,-0.6,-3.5,-3.2,-3.0,-7.0,-7.9,-4.6,-3.2,-5.3,-6.7,-4.3,-4.9,-4.0,0.8,-1.7,6.6,-7.6,-3.9,-2.9,-1.6,-1.6,-4.7,0.5
2C7L51IbHv,0,48.109774,11.637113,4442960.53,2778708.42,541.9,587.6,293,7531,3.2,0.77,0.42,32.7,348.97,-0.53,-0.103,0.842,-0.1,0.2,-0.2,0.26,1.2,0.2,-0.3,4.8,0.2,-1.0,-0.1,0.6,6.6,-3.0,4.4,-10.3,6.2,0.8,3.0,6.3,2.9,-4.9,-2.5,-1.7,-6.2,-4.1,-1.8,0.8,-3.3,0.9,0.3,1.0,-3.0,1.0,3.9,1.8,-0.6,-7.0,0.6,-0.7,-1.2,0.6,0.2,0.4,2.8,-1.4,4.1,-0.3,0.7,-0.2,0.2,3.3,-1.8,0.9,1.4,1.1,5.8,3.4,3.8,2.3,1.8,2.1,1.4,1.2,2.7,3.1,2.8,-3.3,-0.6,4.1,0.8,1.9,2.0,2.5,5.8,1.6,1.5,1.5,1.5,3.3,1.8,4.7,6.8,5.5,3.9,3.5,1.0,3.0,-1.0,-0.4,2.0,1.5,1.8,4.9,4.3,4.9,3.2,1.1,1.7,2.0,1.0,-2.6,0.9,0.3,0.2,5.7,1.0,3.5,2.1,4.4,3.8,-0.5,1.8,3.9,2.4,4.2,2.6,2.5,3.8,-0.1,2.8,-3.6,5.6,7.9,8.2,11.8,0.6,7.0,-6.1,-1.6,-0.4,-0.7,9.5,4.9,-0.6,-4.5,-0.8,4.4,-0.6,1.6,0.4,-16.0,-9.3,-8.0,1.4,-0.1,0.2,0.9,4.6,-0.9,-3.5,1.6,-0.0,6.1,2.5,1.2,1.1,1.2,1.8,0.4,1.5,1.4,1.7,-0.5,1.1,1.9,0.7,-2.2,-11.0,-2.2,-6.1,-3.5,0.1,2.5,3.0,-0.7,-1.2,1.5,0.8,5.1,0.5,2.3,1.8,-2.6,-1.6,4.6,1.5,-3.7,1.2,-3.4,-4.8,-0.8,1.0,6.2,1.5,5.4,-0.0,1.8,1.1,-4.5,-2.3,1.4,1.4,2.6,1.6,5.7,2.7,3.5,4.2,2.3,3.2,-0.8,0.9,0.8,3.2
2C7L51IbHx,0,48.109766,11.637053,4442956.09,2778707.48,533.8,579.5,293,7533,3.6,0.73,0.47,32.7,348.97,-0.53,-0.103,0.842,-0.9,0.2,-0.16,0.27,0.4,0.2,-0.3,4.1,-2.5,2.8,4.8,0.3,-4.6,0.8,-1.4,-3.7,-0.8,-0.8,0.6,-1.7,-1.3,-3.6,-4.9,-5.5,-9.3,0.8,-3.6,-4.8,0.8,2.1,5.0,7.0,6.1,3.4,-0.1,1.8,2.2,-3.1,8.9,-12.2,4.4,4.3,5.2,1.6,4.1,-1.2,4.3,1.8,-3.9,2.6,4.1,0.7,1.7,1.8,2.7,0.1,0.2,1.0,-1.0,1.6,-7.5,0.3,2.0,5.0,4.1,0.0,-1.1,0.5,1.2,3.6,-0.6,4.5,-1.0,-1.3,4.7,2.0,-1.3,-2.1,4.5,-0.1,0.8,12.5,-2.5,1.2,2.3,2.6,0.3,-4.2,-3.4,-4.5,0.0,1.4,-3.2,-0.4,-1.5,-5.6,-2.5,-2.3,-4.2,-2.7,-3.6,-4.4,-3.1,-5.7,-3.9,-3.6,1.5,-1.3,-7.5,-1.1,-0.1,-2.1,-0.2,-1.4,-0.5,-4.0,-1.3,-4.4,-1.8,-2.8,-3.0,-3.3,-4.4,6.8,-3.2,-0.5,-3.8,-1.3,-2.3,0.2,-3.5,-2.9,2.1,3.1,2.1,5.4,-2.4,2.4,-2.8,1.6,0.4,-0.8,-1.2,-1.0,0.5,3.5,2.0,1.0,-1.2,-0.1,-2.4,-2.9,-2.1,-5.2,-0.2,-0.8,-0.5,-1.1,-3.9,-1.9,-1.6,-1.6,1.0,-0.9,4.6,3.9,4.2,1.4,-9.0,-4.2,-7.8,-7.5,0.1,-0.5,-2.7,-1.7,-5.0,-4.5,-9.8,-5.1,-4.3,0.6,-5.6,-7.4,-6.3,4.0,-5.6,-3.4,-3.6,-1.3,-3.5,-2.7,-3.9,-0.6,-7.3,-7.5,-4.4,-4.5,-5.4,-13.7,-3.5,-2.5,2.1,-3.6,-2.5,-1.4,-3.5,-3.7,0.5,-12.0,-12.1,-0.1,1.0,4.8,1.2
2C7L51IsGY,0,48.107764,11.621312,4441788.41,2778459.1,532.5,578.2,294,7258,3.5,0.79,0.45,32.6,348.93,-0.529,-0.103,0.842,-0.6,0.2,-0.2,0.27,0.9,0.2,-0.3,-2.1,-1.3,-0.8,-2.7,-0.2,2.5,2.2,0.2,-0.8,3.7,2.8,-16.9,-0.7,-0.3,1.2,-3.2,3.0,1.6,0.4,-4.9,-3.6,-1.8,-1.5,0.5,-1.8,1.7,3.0,-9.8,-3.5,-4.2,1.0,-5.0,-6.7,-6.8,-6.7,6.4,-2.9,-1.1,4.9,-0.7,2.2,-1.5,-2.2,1.6,1.4,-1.5,-1.7,-3.4,-1.7,3.5,1.7,-4.3,-2.0,3.1,-1.3,2.1,0.4,-0.5,0.8,1.2,0.1,0.6,1.1,-0.5,-1.7,-0.2,0.4,0.3,-1.4,0.9,-6.0,-1.1,-0.3,-0.7,1.9,3.7,-1.7,-1.1,0.1,0.4,-0.7,-5.5,-6.6,-2.4,-9.7,-19.0,2.3,0.1,-2.5,-1.3,-1.5,1.7,-0.9,0.5,-2.1,-3.8,-0.4,-0.1,-0.8,-3.0,-0.3,-1.3,1.7,2.4,4.8,-2.3,-6.8,-13.6,-18.5,-1.8,-4.6,3.1,0.1,2.1,1.0,-6.9,-2.7,0.5,-1.1,-2.9,-2.6,-2.0,-1.2,-3.9,-2.3,7.1,-0.8,-3.9,-3.3,-2.0,-4.5,-2.4,3.4,-2.9,-0.4,-1.7,-1.5,1.7,-4.0,-0.1,-5.3,-0.8,-1.3,0.6,-1.8,5.3,-2.5,-6.6,-2.2,-1.3,-2.4,-2.4,-2.7,-2.4,-5.1,-5.4,-1.3,-4.4,-3.1,-4.5,-1.8,-6.7,-2.9,-2.5,-6.2,-6.7,-2.4,-3.7,-2.2,-1.9,-0.8,-3.3,-4.3,-3.4,0.9,-3.4,-0.1,-2.0,-4.8,1.9,-4.1,-0.2,-0.2,-5.2,-2.3,-0.7,1.1,-3.5,-0.5,-3.8,-9.5,-0.4,-6.0,-4.9,-7.2,-5.0,-6.8,-6.6,-6.9,-6.8,-2.2,-3.2,-1.1,-2.5,-0.5,-2.8,-2.1,-9.9
2C7L51IsI3,0,48.108455,11.626696,4442187.85,2778544.77,535.4,581.1,294,7351,1.5,0.94,0.25,32.65,348.97,-0.53,-0.103,0.842,-0.6,0.1,-0.49,0.12,0.8,0.1,-0.3,0.6,1.2,-0.6,-0.8,-0.5,1.9,-0.1,0.0,-0.0,1.1,0.3,-0.1,-1.3,-0.1,-1.3,-0.3,-1.5,-0.4,-1.5,-2.6,-3.0,-2.2,-0.6,-2.8,-0.7,-1.5,-0.5,-2.6,-1.6,-1.7,-12.5,-5.0,-4.3,-1.6,-4.1,-0.9,-0.7,-0.4,0.8,0.9,-1.8,-1.2,-0.9,0.1,-2.4,-1.5,-1.9,-2.7,-0.4,-0.5,0.1,0.4,1.1,0.2,-0.4,-0.9,-0.3,0.4,-1.1,0.5,-1.0,-1.4,-0.8,-0.5,1.5,0.2,-1.6,-3.3,-1.7,-1.9,-1.0,-2.7,-1.1,-1.8,0.3,-1.2,-0.9,-1.0,-2.9,-3.0,-1.0,-2.6,-1.7,-2.1,-2.1,2.8,-0.8,-0.7,-3.8,-0.9,-0.4,-1.6,-2.9,-3.0,-0.9,1.0,0.3,-0.6,-2.9,-1.3,-2.3,-0.7,-2.1,-0.8,-1.0,-1.0,-0.2,-0.9,0.0,-2.9,-3.0,-1.2,-1.5,-1.6,-1.2,-1.3,-1.9,-1.2,-0.4,-1.5,-0.3,0.2,0.5,-0.5,-0.5,-1.7,-0.9,-1.5,-2.1,-2.3,-2.7,-1.7,-0.0,-3.4,-3.0,-3.0,-1.7,-1.9,-0.3,2.6,0.6,-1.8,-2.5,-1.9,-2.0,-1.3,-0.9,-1.3,-0.2,0.0,-2.8,-0.5,-0.9,-1.6,-1.5,-1.8,-3.7,-1.9,-1.7,-0.9,-5.1,-3.0,-2.7,-5.2,-4.9,3.5,-0.9,-2.2,-1.5,-2.3,-4.0,-5.5,-3.1,-2.8,-2.5,-3.3,-2.7,-1.7,3.7,-2.7,-3.6,-0.9,-2.5,-3.2,-3.2,-1.3,-3.6,-3.8,-3.4,-4.3,-4.0,-4.7,-5.9,-4.9,-6.6,-5.2,-5.3,-5.0,-3.6,-2.9,-2.6,-4.8,-6.0,-4.7,-3.6,-3.6,-4.2,-5.3
2C7L51IsIm,0,48.108785,11.629266,4442378.48,2778585.66,536.1,581.8,294,7396,2.8,0.79,0.39,32.66,348.97,-0.53,-0.103,0.842,-1.3,0.1,-0.6,0.21,2.4,0.2,-0.3,0.2,-2.3,-1.4,-1.5,-2.7,3.2,0.7,0.8,1.2,2.6,1.2,2.7,-1.8,0.2,-2.2,-1.4,-3.2,-3.9,-3.6,-4.3,-4.3,-1.2,-1.9,-1.7,-3.8,-2.4,-1.2,-2.4,-3.7,-9.3,-15.3,-9.1,-7.5,-10.8,-5.6,-7.0,-4.1,-0.2,-1.6,-4.0,-1.5,-3.1,-5.0,-4.5,-4.5,-2.2,-2.0,-2.7,0.1,-0.6,-1.1,1.4,1.5,-1.2,1.8,1.7,-1.5,-0.3,2.0,3.2,-1.0,0.7,1.1,-0.7,1.0,4.7,1.1,-3.6,0.1,0.7,-0.8,-1.3,0.9,0.4,-3.4,-2.5,-3.4,-1.1,-2.0,-3.9,-3.1,-5.0,-4.9,-4.9,-2.5,-4.0,-4.1,-5.4,-7.0,-5.5,-4.5,-16.5,-3.9,-7.9,-8.1,-0.3,-2.9,-4.6,-4.4,-0.4,-4.5,-6.4,-4.0,-2.1,-4.6,-5.3,-0.8,-1.5,-2.7,-2.7,-3.9,-2.9,-2.5,-3.0,-1.4,-0.9,-4.1,-2.7,-0.3,-3.1,-1.9,-2.2,2.7,-0.6,-2.0,-2.2,-3.5,-2.4,-1.5,-5.6,-8.0,-5.9,4.5,-4.9,-8.4,-11.3,-6.2,-4.9,-6.2,-2.5,-11.3,-6.4,-3.6,-3.7,-3.9,-3.7,-4.5,-3.2,-4.6,-3.9,-0.7,-3.7,-5.3,-3.9,-3.2,-3.4,0.8,-5.4,-5.4,-5.6,-8.7,-10.0,-11.5,-5.8,-9.5,2.3,1.1,-3.7,-9.4,-3.2,-7.7,-6.6,-6.8,-2.4,-8.6,-18.9,-4.9,-5.5,-2.7,-6.4,-3.9,-3.8,0.2,-1.7,-7.6,-8.3,-8.2,-8.5,-7.8,-8.8,-7.3,-8.3,-11.5,-9.3,-8.2,-10.6,-8.2,-8.8,-5.6,-12.3,-8.6,-7.4,-7.5,-10.4,-8.3,-7.9,-6.9,-9.9
2C7L51IsJm,0,48.109248,11.632875,4442646.16,2778643.07,539.0,584.7,294,7458,3.9,0.69,0.45,32.68,348.97,-0.53,-0.103,0.842,-1.3,0.2,0.48,0.3,0.5,0.3,-0.3,-6.5,-3.5,1.5,-2.0,-3.6,14.0,-1.0,2.9,1.7,1.9,0.8,3.8,-0.1,3.8,-0.1,5.8,-2.2,-3.5,-0.1,-1.9,0.5,0.4,-0.6,0.2,-0.3,-3.6,0.1,-2.7,-3.1,-3.7,-1.4,-6.3,-4.3,-0.5,-2.5,-0.6,2.0,-1.1,2.9,0.6,-2.1,-4.5,-0.0,-4.7,-2.3,-1.8,-5.5,-4.2,-1.0,-0.5,-3.2,-3.0,-0.9,-1.7,-1.9,-0.8,-3.4,-3.4,-1.1,-4.2,-10.6,-1.2,13.5,-6.4,-9.2,-2.1,-3.9,-2.6,0.7,1.0,2.5,-2.8,-0.9,-0.1,-0.5,-13.9,-3.5,-2.5,-1.5,-3.5,0.8,-10.2,-6.5,-4.9,-7.7,-12.0,-2.2,-8.2,-5.3,-1.1,-1.1,-5.4,-3.0,-0.1,-3.6,2.0,-0.7,-8.6,-1.4,-1.6,0.9,3.1,1.4,0.2,0.3,-2.2,0.7,1.3,-0.8,-4.7,-6.1,-5.8,-7.6,-8.4,-6.2,-0.2,5.9,2.5,4.6,3.4,4.9,-2.2,-0.7,0.7,-6.6,-0.5,1.0,0.5,0.1,-5.5,-9.7,0.1,1.2,-3.5,-13.3,-5.7,-8.5,-6.8,-0.2,1.7,4.0,-2.8,-5.6,-4.6,-2.7,-4.8,-7.5,-8.3,-5.0,-7.5,-12.2,-4.9,-4.1,-7.2,-3.8,-1.1,-9.7,-8.4,-9.0,-8.8,-6.0,-14.6,-8.8,-13.1,-11.2,-4.4,0.7,-0.1,-4.4,-3.9,-3.7,-11.1,-6.3,-6.1,-6.0,-12.4,-5.5,-6.3,-12.4,-5.8,-3.3,-7.0,-8.5,-9.7,-6.3,-3.5,-8.8,-9.8,-1.2,-3.1,-1.0,-0.6,-4.0,-1.6,-3.8,-5.6,-6.1,-8.2,-6.5,1.2,-9.1,-4.2,-6.4,-3.4,-4.2,-3.5,-10.7,0.1
2C7L51IsLK,0,48.109954,11.638376,4443054.22,2778730.59,542.2,587.8,294,7554,2.9,0.8,0.4,32.7,348.97,-0.53,-0.103,0.841,-0.6,0.1,0.67,0.22,0.5,0.2,-0.3,-1.7,-3.6,0.8,-1.7,2.8,-9.0,0.6,3.5,4.5,-6.0,1.0,-3.6,1.8,-1.6,-0.1,4.2,1.8,1.2,2.7,-2.7,-2.2,0.3,1.9,2.7,3.4,3.9,0.1,6.1,3.1,0.3,-6.6,-4.9,0.9,-1.2,-0.2,1.6,1.6,2.4,0.8,-0.6,-2.0,1.7,-1.4,-1.6,1.3,0.6,0.1,-0.4,1.0,1.2,0.3,1.0,-0.2,0.6,1.7,-0.8,2.0,-3.8,-0.8,-0.3,-2.5,-0.2,7.0,0.1,0.5,-3.1,-0.4,-9.8,-2.2,0.2,-2.6,2.3,-0.5,-0.8,1.4,1.7,0.2,-1.2,-2.2,-1.4,-3.1,-3.7,-1.9,-1.0,-2.8,-0.5,0.2,1.3,-3.4,1.9,-2.1,-3.3,-4.7,-3.3,-2.0,-4.0,-2.5,0.8,1.3,-1.0,0.5,-1.8,3.2,0.9,-0.4,2.0,-2.3,-0.6,-1.5,3.4,1.6,-1.5,-9.0,-3.9,-5.9,-4.4,1.3,-5.7,-2.7,-4.2,5.3,-4.5,-6.9,-2.2,-0.8,-0.8,-2.2,-2.1,-4.8,-3.1,-2.4,-2.1,-5.4,-3.2,-2.1,-7.2,1.5,-8.7,-0.8,-3.2,-12.3,-4.5,-5.8,-4.9,-5.7,-5.9,-14.5,-0.4,-0.5,-2.1,1.9,-3.6,-0.3,-1.4,0.5,-0.7,-1.2,-2.5,3.8,-1.2,-2.0,-5.6,-2.6,-9.1,-4.9,-1.5,1.4,1.1,0.6,-3.5,-3.5,-2.4,-1.2,-4.4,-2.6,3.3,-4.3,-4.5,-7.4,-3.9,-3.2,-1.9,-2.8,-3.6,-0.4,-2.0,1.2,-0.4,-1.7,-2.8,-2.2,-4.7,-2.9,-2.2,0.2,3.9,-2.0,-0.4,0.2,-1.9,-1.0,-0.8,-1.7,-3.8,-10.9,-0.4,-4.5,-0.7
2C7L51IsH2,0,48.108011,11.623092,4441920.42,2778489.49,535.5,581.2,294,7288,3.5,0.73,0.45,32.61,348.93,-0.529,-0.103,0.842,-0.6,0.2,0.27,0.27,1.5,0.2,-0.3,-2.0,-1.6,1.2,-2.3,-2.7,-2.2,1.1,-4.1,-6.2,0.4,-5.3,0.7,-3.0,-2.5,-5.9,-5.6,-4.4,-0.3,-0.3,-5.8,-2.6,-4.1,-3.9,-1.8,-2.0,0.7,-6.4,8.9,0.3,-6.3,-18.5,-3.8,-9.2,-7.0,-4.2,-2.0,-4.3,2.0,8.5,0.2,1.8,-0.6,-0.2,-4.1,-5.0,0.3,-1.0,-4.4,-12.4,-0.6,-3.5,0.8,4.6,-1.0,3.3,-6.5,-0.7,0.5,-2.2,-4.5,-4.7,-2.4,6.0,-2.0,0.1,-2.3,-5.3,2.8,-4.6,-4.6,-4.9,-4.1,-5.7,-4.4,-4.6,-5.6,-3.4,-6.1,0.3,-5.7,-6.2,-6.5,-11.0,-9.3,-7.0,-7.2,-5.7,-4.4,-5.1,-11.0,-7.1,-12.1,-7.9,-11.0,-12.3,-10.8,7.9,-4.7,-5.4,-6.5,-7.7,-6.0,-9.6,-6.9,-5.4,3.2,1.1,-6.4,-6.8,-2.5,-3.1,1.1,-3.5,-7.2,-4.9,-5.8,-4.9,-7.1,-4.1,-1.9,-1.5,-3.6,-5.4,-2.9,-1.5,-3.5,-3.3,-4.0,-0.9,-7.7,-13.8,-10.9,4.8,5.7,-8.9,-4.0,-1.8,-5.2,-3.8,-0.8,-4.1,-6.8,-4.6,-3.4,-2.0,-3.2,2.8,-3.0,-0.9,-3.1,-3.5,-0.1,-2.1,-4.0,-4.2,-3.4,-4.5,-4.4,-3.7,-4.3,-6.2,-6.6,-4.8,-6.1,-8.3,-4.1,-9.1,-6.8,-7.4,-9.0,-8.6,-5.4,-7.6,-7.0,-4.0,-1.2,-0.6,-1.5,-7.1,-0.5,-4.6,-3.1,-4.1,-3.4,-3.6,-3.2,-2.2,-4.7,-9.9,-6.2,-4.9,-3.5,-5.6,-4.3,-9.0,-6.9,-6.1,-7.0,-6.1,-4.6,-4.8,-5.4,-6.3,-5.3,-3.7,-4.2,-5.6,-5.3
2C7L51IsHt,0,48.108391,11.626052,4442140.03,2778536.6,532.0,577.7,294,7341,4.0,0.66,0.45,32.65,348.97,-0.53,-0.103,0.842,-1.0,0.2,-0.15,0.31,1.2,0.3,-0.3,-0.5,3.1,-3.3,0.1,-6.0,-1.0,0.6,-0.4,0.7,-1.4,0.2,-0.0,2.9,1.7,4.3,3.5,-1.2,0.9,-1.7,-3.5,-5.4,-0.2,-1.5,1.2,3.9,1.5,2.1,5.2,-2.3,3.2,-16.1,-7.5,-9.9,-7.7,-5.5,-8.5,-7.0,-2.4,-2.4,1.6,-1.8,6.2,-0.9,0.3,2.6,-1.2,-3.7,0.3,-4.2,-6.4,-4.4,-0.6,-0.6,-4.5,-6.7,-2.9,-7.5,-6.5,-6.5,-6.6,0.4,-0.0,9.5,-7.3,-9.6,-5.3,-1.0,-2.9,0.5,-1.6,-0.7,-2.8,-0.2,0.4,0.9,1.9,3.0,0.1,-2.7,0.2,2.4,0.5,-1.7,-9.5,-1.0,-7.9,-0.6,-5.5,0.6,-15.4,-5.6,-5.1,-6.6,-9.6,-1.3,2.5,-0.8,-7.0,-6.3,-6.7,-7.5,0.0,0.4,-5.7,0.5,-0.7,-5.8,-2.3,-3.6,-5.3,-2.1,-7.1,-7.0,-6.9,-5.6,-8.3,-4.0,-1.5,0.1,-8.2,-5.3,0.7,3.0,0.5,1.9,2.5,2.5,1.6,-2.0,-3.3,-6.8,-10.2,2.0,-10.8,-8.9,-7.9,-5.7,-6.0,-2.2,3.8,-2.0,-0.1,2.6,0.5,-4.9,-14.6,-2.7,-4.9,-4.9,-6.2,-4.8,-1.0,0.9,-0.8,-1.5,-1.3,-3.5,-3.4,-2.1,-2.5,-10.4,-8.7,-4.1,-10.6,-6.8,-0.0,-2.1,-6.8,-10.3,1.1,4.8,-4.9,-9.8,-8.8,-6.5,4.7,-4.8,-0.6,-10.1,-5.1,-5.3,-2.5,-5.1,-6.6,-3.4,-4.9,-4.1,-3.4,-11.6,-16.0,-4.4,-7.4,-9.0,-11.4,-7.1,-3.3,-6.5,-4.0,-3.8,-5.1,-2.0,-8.4,-11.9,-9.7,-7.4,-8.3,-8.7,-1.5
2C7L51IsIj,0,48.108793,11.629181,4442372.11,2778586.36,538.6,584.3,294,7393,4.0,0.69,0.41,32.66,348.97,-0.53,-0.103,0.842,-0.9,0.2,-0.47,0.3,0.2,0.3,-0.3,-0.4,0.7,-0.8,-0.1,1.1,-7.9,-1.9,-1.4,2.3,-5.7,0.9,12.8,0.2,2.9,3.8,4.2,-0.4,3.5,0.8,2.0,-1.8,2.6,5.1,1.8,-6.9,5.6,-0.6,-4.0,0.6,4.5,-9.0,-8.2,-3.9,8.7,-5.1,-0.1,0.3,5.0,0.4,1.5,0.9,-0.1,-2.7,-3.9,0.5,2.2,2.4,-6.2,-2.4,2.3,-0.2,1.0,2.5,4.0,2.2,2.6,2.2,1.5,0.5,0.6,-1.1,-0.5,-0.6,0.2,-3.6,-6.0,-3.7,-4.1,-1.9,1.0,-9.9,2.7,-12.5,-1.6,-8.7,2.9,0.6,-0.7,-0.3,3.6,0.6,2.5,-5.8,-8.7,-5.1,-0.3,1.6,-1.3,10.2,6.0,4.7,-1.2,-9.9,0.3,-2.0,-2.5,-0.0,4.5,2.5,4.7,-8.3,1.3,3.5,4.4,1.5,0.4,-1.1,2.8,-2.2,-2.8,3.8,-2.8,-1.3,1.6,-1.2,2.2,-3.9,0.4,-3.3,-2.0,-3.3,3.5,-3.1,2.7,3.2,0.8,-10.5,1.9,4.7,2.2,-0.8,5.9,-1.7,-1.6,-1.1,-1.6,3.9,-0.0,1.6,-1.5,-7.0,-6.9,-1.5,-2.4,-1.7,-0.1,-7.7,-3.9,1.5,1.7,12.5,1.4,-2.0,1.5,-0.3,-1.9,0.6,-5.8,-1.3,-1.9,-6.8,-2.7,-8.7,-3.0,-1.5,7.1,-1.5,0.8,-0.8,2.0,-1.3,-3.4,-8.2,-11.1,-7.0,-10.0,-10.4,-7.1,9.1,-3.5,-2.5,-4.7,-2.4,-5.1,-3.3,-2.5,-4.5,-2.4,-2.7,-5.9,-3.7,-4.9,-4.3,-3.7,-7.6,-3.4,-4.3,-7.1,-6.7,-1.1,-0.4,-4.5,-4.0,-4.5,-2.9,-5.5,-4.2,-2.2
2C7L51IsKK,0,48.109503,11.634717,4442782.71,2778674.44,535.6,581.3,294,7492,3.8,0.7,0.48,32.69,348.97,-0.53,-0.103,0.842,-0.7,0.2,0.07,0.29,1.7,0.2,-0.3,0.3,5.7,-5.1,-6.3,9.0,2.6,10.3,0.9,1.3,-10.8,-1.5,-9.0,-0.0,-1.1,1.6,-0.1,-1.6,-3.3,-0.1,-3.0,-1.8,-6.0,-5.9,-3.9,-3.0,-3.4,-5.4,-6.0,-2.9,-6.8,-5.5,-7.4,-7.4,-5.4,-2.5,-4.4,-2.5,-0.6,-0.8,-2.1,-1.6,-3.9,-4.4,-3.1,-4.6,-4.1,-5.0,-3.9,-3.2,-9.8,-3.5,-2.8,-2.1,1.0,0.0,3.2,1.4,2.0,1.1,3.2,-1.8,3.3,-9.5,-1.1,-3.1,-6.1,-0.8,-0.8,-1.6,-2.5,-1.6,-6.5,-3.1,-3.8,-3.1,-3.1,-0.8,-2.1,-3.8,-3.2,-5.7,-6.7,-5.1,-11.0,-4.6,-2.4,-3.0,-4.4,-7.8,-1.9,-4.3,-8.9,-2.7,-5.7,-4.7,-3.3,-7.3,-4.2,-3.3,-3.9,-4.2,-3.2,-5.6,-5.1,-2.4,-5.1,-4.5,-4.2,-1.2,-1.9,-2.5,-6.3,0.2,2.2,0.9,3.0,1.0,2.6,-8.6,-1.3,-2.3,4.8,-1.2,0.0,-1.0,0.8,-4.4,0.1,-0.1,-2.3,-15.1,-7.8,-2.8,-6.1,-5.8,-3.9,6.1,-5.7,0.3,-1.0,-4.0,-3.5,-2.7,-3.8,0.8,0.1,-3.4,-8.9,-4.7,-8.1,-7.1,-3.5,-6.1,-6.7,-4.6,-3.1,2.5,-4.2,-1.9,-5.6,-6.1,-9.7,-8.4,-9.7,-10.6,-7.0,-8.9,0.7,-3.4,-8.8,-5.8,-3.8,-7.6,-2.7,-1.1,1.9,-6.0,-11.1,-10.3,-3.8,-9.4,-4.5,9.0,-4.1,-6.9,-3.9,0.7,-5.1,-8.1,-12.6,-9.5,-7.7,-10.2,-5.7,6.2,8.3,-5.1,-11.7,-1.1,3.6,-8.2,-1.6,-5.9,-6.9,-4.1,-8.9,-5.0,-7.8
2C7L51IsKo,0,48.109732,11.636499,4442914.92,2778702.79,538.1,583.8,294,7522,4.6,0.65,0.58,32.7,348.97,-0.53,-0.103,0.842,-2.0,0.2,-0.87,0.35,0.9,0.3,-0.3,-6.0,0.2,-7.0,8.9,7.0,-4.7,1.1,2.2,-3.4,1.6,4.3,-1.8,-1.8,4.9,-2.7,-2.1,-2.4,-2.4,-2.8,-4.0,1.8,-1.5,12.7,-3.5,-0.9,-2.5,-0.8,1.6,-2.7,-6.6,-12.4,-9.9,-6.7,-5.0,-3.1,-3.6,0.6,0.3,-3.5,-1.4,18.2,-6.1,-1.4,-5.3,-3.2,3.3,-6.9,-4.2,-0.9,-2.7,1.9,-0.5,1.8,-0.7,2.1,-3.0,-4.3,-2.0,0.6,1.6,-2.2,-7.1,0.2,-1.9,-5.1,-5.7,-0.9,-1.4,1.3,-1.7,-4.9,0.7,-4.5,3.1,-4.4,-2.7,-6.5,-4.4,-3.1,-6.0,1.8,-3.3,3.0,3.1,1.8,-4.0,1.9,-4.0,-4.5,-9.2,0.6,6.6,-10.3,-8.6,-3.1,-0.7,-7.5,-5.9,-2.4,-5.8,0.4,-4.3,3.7,0.5,-4.9,4.8,0.8,5.8,-1.8,-3.9,-5.1,3.7,3.6,-1.4,2.2,-3.4,-6.7,-3.0,-4.6,2.5,2.2,-2.3,-0.4,-10.6,-3.0,-3.8,-1.0,-4.1,-4.1,-2.7,-6.9,-7.0,-6.6,-5.5,-5.8,-5.7,-2.4,-7.8,3.1,3.0,-8.9,-8.5,-7.5,-7.1,-7.0,-4.9,11.7,-7.2,-6.9,-6.9,0.8,-8.7,13.6,-4.3,-4.8,-8.6,-2.1,-6.7,-5.9,-8.3,-8.1,-10.6,-8.3,-12.5,-7.0,-4.5,-14.6,-4.0,6.6,-1.5,-9.8,-8.6,-10.5,-14.1,-8.1,-6.3,-12.0,-8.8,-0.6,-6.9,-6.2,-5.5,-15.4,-12.4,-8.7,-10.5,-5.6,-6.9,-6.4,-7.1,-3.2,-13.5,-13.4,-12.9,-7.2,-16.1,-7.3,-11.1,-7.2,4.9,-16.4,-12.6,-11.9,-17.1,-5.9,-13.5,-10.3,-11.1
2C7L51IsGp,0,48.107938,11.622379,4441867.48,2778480.19,537.4,583.1,294,7275,4.6,0.61,0.45,32.6,348.93,-0.529,-0.103,0.842,-0.4,0.2,0.31,0.35,0.8,0.3,-0.3,0.5,0.9,1.4,0.0,1.8,-1.2,1.0,-0.8,2.8,-2.1,0.7,1.0,3.1,-0.5,0.3,1.3,-3.6,1.2,4.0,3.9,-4.3,3.5,-10.0,7.4,-11.7,8.9,-5.1,2.0,-13.5,-2.3,9.0,8.1,-4.8,-8.7,-3.3,-5.0,-2.1,2.2,-2.4,3.2,-5.4,-2.7,-1.9,12.7,-0.2,-3.4,-0.1,-4.5,-1.7,-1.5,-0.4,-3.2,-3.2,-2.6,0.1,3.3,1.6,-0.6,-0.1,-3.5,-4.1,-1.3,2.0,-2.6,-3.7,0.1,-1.9,0.1,-2.7,-1.7,-2.6,-4.2,-4.1,-6.0,-4.6,3.1,1.7,-3.3,3.3,-1.3,-5.1,-1.6,-9.2,-7.6,-4.1,3.5,-4.5,6.4,12.2,-1.8,-3.5,1.6,-3.8,12.3,-7.2,-6.9,-8.1,10.5,-9.6,-3.1,-4.7,6.6,-0.6,-2.9,2.1,-1.6,-3.5,-7.8,6.2,-0.9,0.5,-1.5,-1.6,-1.0,-2.7,-2.1,-0.6,-0.6,-6.1,-6.7,-6.0,-6.3,-5.2,-0.9,5.4,2.7,-3.3,-0.5,0.2,1.5,-3.3,-3.8,-5.8,0.7,-2.7,-2.1,-0.4,0.5,1.7,-2.1,-2.6,-3.0,-0.8,-1.1,1.1,1.6,2.4,-1.7,-3.0,-2.8,-3.9,-3.7,3.8,-2.0,1.7,1.8,-2.3,-15.0,0.6,-4.9,2.0,4.1,-6.2,2.4,3.7,6.2,-5.3,1.9,-2.5,0.5,0.8,2.3,-4.4,-1.9,1.0,-6.2,-6.3,-5.4,-8.1,-7.0,-8.1,-7.1,-4.3,-8.9,-2.6,-3.3,-1.9,0.6,4.5,-3.6,-11.1,11.1,9.6,-15.5,-1.3,2.7,1.9,-0.5,-2.5,-6.2,-6.6,-0.8,3.3,2.3,1.0,-9.5,-9.0,8.2
2C7L51IsHT,0,48.108228,11.624641,4442035.3,2778516.19,536.6,582.3,294,7315,3.3,0.72,0.46,32.64,348.97,-0.529,-0.103,0.842,-0.1,0.2,-0.67,0.27,1.8,0.2,-0.3,-0.0,-2.0,-2.2,-2.3,-3.6,2.5,2.0,-1.1,-2.4,-4.5,-2.0,-4.0,-4.1,-3.1,-4.8,-4.8,-2.6,-1.0,-5.0,-4.6,-5.3,-6.6,-5.0,-3.8,-0.9,-3.1,-2.5,-5.2,-5.2,-8.2,-18.0,-6.4,-6.8,-6.2,-7.3,-7.0,0.3,-4.9,-3.5,-8.4,-2.5,-1.5,-2.4,-6.7,-3.9,-3.0,-1.0,7.6,2.3,-10.6,-3.8,-5.0,-2.8,-5.3,-1.3,-2.7,-0.1,9.1,0.1,1.6,-0.8,0.4,0.9,-0.7,-5.1,0.2,-2.0,-1.2,0.2,-2.7,-2.1,-4.1,-3.4,0.4,-0.4,-3.0,-5.6,-5.3,-9.0,-4.0,-10.4,-7.3,-5.4,-5.8,-8.8,-3.5,-5.5,-5.4,-5.5,-5.1,-5.5,-3.8,0.8,-5.9,-6.9,-7.0,-0.6,-4.9,-6.0,-5.9,-6.4,-4.9,-4.4,-5.9,-7.3,-4.5,-6.6,-7.8,-4.8,-6.0,-6.1,-8.4,-7.4,-5.2,-5.9,-6.1,-6.2,-2.9,-6.0,-5.9,-5.1,-3.4,-7.8,-4.8,-2.9,-5.5,5.6,-3.6,-8.4,-5.6,-7.0,-5.0,-2.8,-2.4,-3.8,-4.5,2.6,-3.4,-0.9,2.9,7.5,-1.8,-3.5,4.5,4.6,2.1,0.1,0.5,1.9,1.1,-0.3,-1.1,2.7,-7.4,-1.4,3.6,3.4,-5.0,-1.2,1.0,-4.3,-4.9,-4.1,-8.3,-4.0,-0.4,3.0,-0.1,-2.9,-2.2,-4.3,-12.0,-2.0,-2.2,-0.6,-4.5,-1.9,-0.6,8.8,-2.6,-5.0,3.3,-1.9,-4.8,0.5,-3.0,-4.1,-6.2,-6.1,-7.0,-2.5,-7.2,-10.2,-5.7,-7.5,-5.9,-8.8,-12.5,-5.1,-5.6,-5.9,-6.9,-6.6,-1.9,-6.4,-5.9,-8.3,-10.3
2C7L51IsHb,0,48.108289,11.625116,4442070.52,2778523.75,536.3,582.0,294,7323,3.4,0.8,0.41,32.64,348.97,-0.529,-0.103,0.842,-1.1,0.2,-0.02,0.26,0.9,0.2,-0.3,-0.8,2.7,-1.0,0.8,-0.2,1.7,1.0,-2.0,1.8,3.2,1.1,-4.8,1.1,-1.6,-0.4,1.9,5.8,1.2,3.5,-4.4,-0.4,-0.7,-4.2,0.9,5.5,1.9,1.5,1.0,-2.3,-3.0,-19.0,-2.2,-2.2,-18.3,-1.4,-1.7,0.6,1.0,5.6,7.4,-3.3,1.1,0.5,0.9,-2.3,-0.4,-4.2,-4.1,-0.1,-2.3,0.8,0.4,3.0,1.9,0.2,1.5,0.1,-5.0,-0.8,-0.4,-1.6,-0.6,2.0,-0.5,-4.1,-0.2,1.5,1.0,0.8,0.1,0.6,1.1,1.3,2.6,3.1,2.2,1.5,2.0,-1.0,-0.4,-0.8,-0.2,-1.4,-1.1,-3.9,-2.3,1.7,-0.6,-2.4,-1.5,-1.2,-2.6,0.2,-2.7,-0.5,-0.3,-7.5,1.3,0.4,-0.4,-1.6,0.1,-1.3,-0.4,2.8,3.4,-0.8,-0.7,-0.4,0.7,-1.3,-2.7,-0.6,-1.5,0.6,0.5,-3.1,-1.0,-1.5,-0.5,2.8,-1.4,-0.1,-2.0,-7.8,-3.6,-4.3,3.4,-3.1,-3.6,-5.2,-1.2,-5.6,-6.6,-7.3,-8.1,-5.6,-4.0,-4.0,-2.2,-4.0,-6.7,-0.6,-2.3,-4.1,-4.7,-1.2,-4.6,-6.5,-4.0,-6.5,-1.1,-3.0,-3.6,1.0,-3.6,-6.8,-3.5,1.4,1.9,-4.3,4.2,-2.8,-4.6,-3.8,-1.7,-1.7,-4.7,-1.9,-1.5,-10.1,-10.6,-3.2,1.8,-4.0,-4.1,1.4,-4.2,-4.8,-7.4,-7.8,-7.9,-6.2,-5.6,-5.0,-2.9,0.5,-1.3,-7.3,-9.5,-7.8,-1.1,-4.0,-16.6,-12.7,-1.0,-6.1,-10.2,-2.4,1.2,-0.2,-2.8,-6.0,0.8,-1.5,-7.5,-3.4,1.5
2C7L51IsHk,0,48.108359,11.625655,4442110.54,2778532.33,537.0,582.7,294,7332,2.6,0.84,0.36,32.65,348.97,-0.53,-0.103,0.842,-0.2,0.1,-0.83,0.2,0.9,0.2,-0.3,-4.2,-0.5,2.3,1.8,-1.9,-3.3,4.1,2.3,4.4,0.9,4.5,-2.5,4.1,1.9,3.7,2.8,0.6,3.6,4.7,0.3,3.1,4.0,-4.6,2.1,2.8,4.7,5.0,-2.9,-0.4,-0.5,-14.1,-0.8,-2.7,-0.8,-4.0,1.0,3.0,0.7,5.3,2.4,3.5,0.7,0.1,2.0,4.0,3.4,-2.3,1.5,1.3,-0.1,3.4,1.2,3.6,3.4,1.0,-0.2,-1.0,-0.7,1.7,3.3,1.3,-1.6,0.6,3.2,-1.4,-0.3,-0.7,-3.3,1.3,-0.0,-2.7,1.9,0.0,1.0,1.9,2.4,4.1,3.1,1.6,1.1,1.0,0.3,0.9,1.9,1.8,2.3,3.9,5.0,6.4,4.2,4.5,1.6,0.7,2.0,4.3,5.4,1.6,5.1,4.0,5.5,6.6,2.5,4.5,1.1,2.3,5.4,5.0,3.5,6.4,3.5,1.5,1.7,0.1,1.9,-0.5,-2.5,-4.5,-3.9,1.2,-0.9,-1.8,-1.4,-0.6,2.0,2.0,9.5,-1.3,2.2,1.0,3.5,6.4,3.7,-1.0,1.5,3.1,0.7,2.6,2.2,3.5,4.3,-0.6,0.5,2.6,5.1,0.8,-0.1,-1.1,2.4,2.1,4.3,2.1,4.7,4.4,3.2,1.6,1.2,0.3,-0.5,2.8,5.9,3.5,1.6,3.5,2.2,2.0,3.7,6.3,1.8,2.0,3.4,1.9,-2.6,-2.0,0.7,-0.7,-1.6,-0.7,-0.3,3.4,-1.0,-1.4,-0.3,0.7,0.1,2.1,0.9,0.8,3.4,3.8,2.6,1.5,0.9,-2.0,-1.5,-0.0,2.5,1.5,1.1,-0.7,5.0,-5.8,-2.0,-0.0,-3.4,-2.7,-1.7,-4.2,-3.4
2C7L51IsHo,0,48.108381,11.625832,4442123.67,2778535.15,534.5,580.2,294,7336,3.0,0.79,0.4,32.65,348.97,-0.53,-0.103,0.842,-0.4,0.1,-0.24,0.23,1.9,0.2,-0.3,2.7,-1.8,0.2,-0.1,0.2,3.3,-1.4,-0.8,-0.0,-0.6,-2.0,2.3,-2.1,-1.0,-6.8,-4.4,-2.0,-1.4,-2.1,-8.8,-6.8,-2.7,-0.9,-4.2,0.0,-3.3,-4.6,-3.0,-1.7,-6.3,-19.5,-7.4,-5.6,-3.3,-10.0,-3.6,-0.8,-1.8,4.1,-1.8,-3.1,-4.8,-3.7,-4.8,-1.1,-2.5,-4.4,-2.8,-5.1,-4.7,-0.8,-1.6,0.8,-1.3,-2.0,0.5,-2.1,-0.0,-0.1,2.2,1.1,4.2,1.1,0.8,2.5,-1.8,-0.5,0.1,-1.7,-0.8,-0.1,-2.7,-1.2,-1.0,-1.4,-2.8,-5.3,-3.0,-5.8,-3.5,-6.0,-3.5,-5.4,0.2,-3.5,-4.2,-3.9,-0.6,-2.5,2.6,-9.9,-0.9,-4.9,-7.9,-4.4,-5.6,-4.0,-4.0,-1.7,-3.5,-5.9,-3.3,-6.2,-2.3,-6.2,-4.4,-2.1,-5.9,-2.7,-5.8,1.1,-2.6,-4.2,-3.4,-1.2,-3.6,-6.5,-2.9,-1.4,-2.1,-2.8,-2.3,-0.1,-4.5,-1.7,-4.6,-2.2,-3.2,-5.6,-5.6,-6.4,-3.0,-0.7,-6.0,-5.8,-9.8,0.9,-0.9,-2.8,6.6,1.3,-1.1,-0.1,2.1,-0.8,-1.5,-1.3,-5.0,-0.6,-1.7,-0.7,0.7,-2.2,-4.0,0.9,-1.0,-2.4,-3.2,-12.4,-2.1,-2.3,-7.8,3.1,-4.0,-8.1,-4.7,-3.5,-7.2,-3.5,-5.9,-2.7,-8.4,-5.5,-2.6,-1.1,-1.7,-1.5,-1.3,-5.4,-1.9,-3.2,-3.6,3.2,-4.6,-2.9,-2.3,-1.4,-4.1,-15.5,-13.3,-2.3,-7.0,5.8,-7.9,-12.6,-3.9,-6.0,-6.5,-3.1,-5.2,-0.8,-3.0,-3.8,-2.6,-4.2,-5.9,-4.5,-4.4
2C7L51IsI0,0,48.108463,11.626472,4442171.07,2778545.32,532.7,578.4,294,7348,2.8,0.84,0.37,32.65,348.97,-0.53,-0.103,0.842,-0.1,0.1,0.37,0.21,0.9,0.2,-0.3,-1.9,-2.3,-0.5,-2.1,-1.4,-3.0,2.0,-0.0,0.9,-1.6,-0.8,0.4,-2.9,-2.3,-1.1,-1.1,-3.6,-5.2,-3.1,-7.4,-5.8,-3.8,-3.5,-1.6,-3.3,0.2,-3.1,-3.1,-4.3,-3.5,-10.9,-2.4,-1.9,-1.9,-7.0,-2.0,-1.1,-3.3,4.3,0.0,-2.8,-0.3,0.1,-1.4,-0.8,-1.1,-3.3,-1.7,0.4,-1.2,0.0,-1.3,0.8,-1.3,-2.6,0.9,-1.2,-0.8,-2.4,-5.4,-4.8,-2.9,0.3,-2.4,-5.3,-5.3,-2.9,0.6,-4.5,-4.0,-2.1,-1.8,-0.9,-3.7,-0.7,-3.6,-4.3,-2.1,-4.0,-3.7,-2.7,-2.6,-4.8,0.4,-2.6,-4.0,-2.3,-1.7,1.2,-0.8,-1.2,-3.7,-5.1,-5.9,-9.3,-2.6,-7.6,-1.6,-1.4,-1.5,-2.9,-4.6,-5.6,-2.7,-7.3,-9.6,-5.9,-4.7,-6.6,-3.5,-3.8,-5.1,-3.6,-2.2,-2.5,-7.6,-3.1,-3.9,-1.3,-4.1,-1.9,-3.6,-2.0,0.1,-3.5,-9.1,-0.1,-4.2,-5.2,-3.9,-19.9,-6.9,0.3,-1.6,-2.5,-3.6,-2.4,-4.0,-3.5,2.1,-9.0,-6.0,-2.0,-0.5,-3.1,-5.4,-1.5,-3.7,-2.2,-0.3,-1.5,-1.1,-1.5,-2.9,-2.1,-3.5,-3.0,-4.4,-0.6,-0.8,-0.9,-3.7,-2.4,-4.4,-7.3,0.5,0.2,-3.8,3.9,-0.2,1.4,-4.7,3.6,1.6,3.9,-2.9,-5.5,-1.8,0.8,-0.8,-1.6,-1.9,-1.4,0.2,-0.2,-1.4,-2.4,-6.4,-8.3,-2.1,-7.4,-4.4,-5.3,-4.6,-13.1,-0.3,-7.8,-6.0,3.1,-2.3,-1.7,-3.9,-2.5,-1.7,-1.9,-3.7,-2.9,-2.2
2C7L51IsHi,0,48.108367,11.625573,4442104.39,2778533.08,538.8,584.5,294,7330,4.0,0.69,0.46,32.65,348.97,-0.529,-0.103,0.842,0.5,0.2,0.44,0.32,0.6,0.3,-0.3,-2.2,-1.8,1.4,-1.4,-0.7,-2.4,-3.2,2.9,0.1,-9.3,9.9,-1.4,7.9,-0.3,12.3,-13.9,11.3,-1.2,3.1,-2.0,-4.8,4.0,-4.4,-10.8,-1.6,-0.9,-1.4,-3.1,-5.3,-13.8,-17.9,1.1,-3.6,-2.2,-4.6,8.5,-12.7,-6.8,10.3,2.8,-2.5,0.5,-0.7,-1.1,-6.3,-2.3,-4.3,-5.6,-2.2,-5.9,-6.4,-4.7,-1.9,-4.2,-7.1,-4.0,-5.8,-2.8,-4.2,-5.2,-4.7,-6.4,-1.1,-5.8,-7.8,-5.1,-4.4,-8.7,-3.8,-7.0,-8.2,-8.0,-8.8,-6.3,-3.6,-4.1,-3.5,-4.6,-5.7,-4.6,-3.6,-4.3,-4.1,-4.2,-4.1,-5.1,-2.7,-2.1,-1.4,-2.1,-2.4,-1.2,-6.9,-5.1,-3.2,-2.6,-4.4,-1.6,-1.8,-4.0,-2.8,-2.6,-2.2,-6.0,0.4,-4.6,-4.5,-1.2,-3.0,-6.3,-3.5,-6.4,-8.0,-4.9,-7.6,-4.8,-2.7,-4.9,-5.3,-7.7,-6.6,-7.8,-2.8,-1.9,0.8,-0.3,-4.1,0.0,-0.4,2.2,-1.2,-0.6,-5.0,-3.4,-0.7,-1.9,1.6,-1.6,1.1,1.5,-4.9,-2.8,-1.2,-1.9,1.5,-7.6,4.4,-0.8,-1.1,-9.5,-10.6,4.4,9.2,11.4,7.7,2.7,1.3,-3.2,8.6,0.6,-0.3,-4.0,-2.6,-3.5,-4.2,-0.9,-0.0,3.4,-3.3,-1.1,-2.7,-2.3,-3.2,-2.3,-0.7,-6.6,-1.9,3.4,-2.0,1.0,3.7,-1.5,-1.2,-2.5,-2.3,2.2,-0.6,3.5,-0.5,-2.2,0.4,-1.1,-4.8,-4.1,-5.7,-1.6,-3.7,-0.2,-2.3,-4.9,2.7,-3.6,-1.4,2.0,-3.0,-1.6,0.2,-9.8
2C7L51IsHj,0,48.108372,11.625613,4442107.34,2778533.71,538.0,583.6,294,7331,3.7,0.68,0.45,32.65,348.97,-0.53,-0.103,0.842,-0.1,0.2,-0.13,0.28,2.5,0.2,-0.3,1.3,-1.2,3.8,2.7,3.0,-3.6,1.2,13.1,5.0,-8.2,-0.8,5.0,7.1,-3.4,-0.9,-5.0,-6.4,-11.1,7.7,-9.6,2.4,5.6,-1.6,-2.6,4.4,0.7,1.5,-0.3,-1.8,-4.7,-12.4,8.7,3.5,8.5,0.6,10.0,10.5,8.0,10.1,7.6,6.1,2.8,6.0,9.7,6.3,1.8,2.5,2.1,1.8,-1.0,1.3,-0.5,2.3,2.1,-0.2,1.4,-0.2,1.6,1.9,0.9,1.4,0.7,1.6,1.6,0.3,0.1,0.4,-1.3,1.3,-0.1,-1.0,0.1,-0.4,2.3,2.6,0.8,1.8,2.2,-0.5,1.1,2.8,0.2,0.2,0.3,0.6,2.1,6.2,5.5,5.9,4.8,4.6,2.8,-0.8,3.2,4.1,4.8,2.7,5.1,6.3,5.0,4.6,4.9,4.2,1.0,8.1,2.5,5.2,6.2,5.3,-1.4,-0.4,-1.5,-2.9,-1.7,-3.4,-1.4,-6.5,-1.2,-0.7,-3.6,-1.5,-1.4,-0.7,1.2,1.0,5.0,-0.6,5.7,6.4,8.1,7.2,5.6,-1.7,4.3,8.2,5.4,8.9,5.9,7.1,3.7,0.0,0.9,2.5,3.9,-3.7,-3.4,-6.9,-2.0,-0.8,1.0,0.0,4.6,3.1,-3.1,-3.2,-1.7,-0.7,-3.6,2.7,3.7,5.7,3.1,3.5,1.4,1.1,3.0,6.1,3.0,3.3,3.5,4.5,-0.3,1.1,0.2,0.3,-0.5,1.9,0.4,5.6,-0.4,0.9,0.9,-0.5,-0.2,2.1,0.1,-1.7,4.3,5.0,2.8,3.3,4.6,-2.0,-1.6,0.6,4.0,3.6,8.4,7.9,1.5,16.1,5.0,2.6,-7.5,-1.9,-2.4,-4.0,-5.1
2C7L51IsJq,0,48.109355,11.633271,4442675.37,2778655.53,547.6,593.3,294,7462,3.3,0.74,0.45,32.68,348.97,-0.53,-0.103,0.842,-0.1,0.2,-1.4,0.25,1.4,0.2,-0.3,0.3,6.1,18.1,0.0,4.6,-6.5,4.5,4.4,-1.1,-5.2,2.1,-1.2,-0.8,3.3,-0.9,0.4,-0.7,-1.2,-4.7,-0.6,0.8,-5.5,2.1,-0.1,-5.4,-2.5,1.5,-2.4,2.9,-3.8,-6.8,-6.2,-6.4,-3.6,-0.8,-2.8,-2.7,-0.8,2.5,0.4,1.0,-4.3,-4.7,-8.9,-1.5,7.6,-0.2,-3.7,-2.0,-0.4,1.4,3.8,2.3,3.1,3.5,6.2,-7.1,6.5,9.6,3.3,6.0,6.4,-2.2,-5.0,0.6,-1.1,3.3,0.9,4.9,6.4,0.5,6.7,-0.3,6.6,1.7,3.3,4.5,5.2,5.7,2.3,4.0,3.9,1.6,5.4,2.6,4.4,3.7,1.8,1.2,0.3,1.5,-0.8,-1.5,-0.9,-1.6,0.9,3.6,0.8,1.0,1.5,1.9,-0.9,2.7,3.8,0.2,3.1,1.3,-1.4,3.8,2.5,2.8,1.1,0.4,1.7,5.2,3.5,-0.2,2.3,2.8,0.7,1.0,5.3,6.2,7.7,1.6,1.5,-1.2,6.8,10.3,2.4,7.5,3.0,0.0,0.9,0.6,0.9,2.5,1.4,6.8,3.1,13.7,1.8,3.2,2.0,4.8,4.6,0.3,3.4,1.9,4.3,-3.2,3.0,1.2,0.9,3.9,2.0,3.2,-0.2,2.0,2.2,-0.3,-4.5,-0.4,1.3,0.4,-2.6,3.1,3.2,-1.2,4.6,0.9,-1.2,-2.5,-0.4,-3.3,-3.6,-3.8,-0.6,12.6,1.1,0.9,-0.4,0.2,-1.0,2.7,1.4,-1.7,-2.5,-3.7,-1.0,0.3,-4.2,-1.9,-3.7,2.8,0.2,-0.2,-1.4,-0.8,0.7,-1.9,-2.5,-0.8,-3.1,2.1,-2.0,-2.5,-1.0
2C7L51IsKj,0,48.109748,11.636333,4442902.53,2778704.26,545.9,591.6,294,7517,2.6,0.84,0.41,32.69,348.97,-0.53,-0.103,0.842,-0.9,0.1,0.22,0.2,0.3,0.2,-0.3,-1.9,-0.8,-0.3,-1.2,0.3,-3.1,0.8,1.7,-2.1,-1.3,1.6,-4.9,5.4,-0.9,4.4,2.3,1.9,0.3,-3.3,2.5,0.1,-0.4,-0.5,-0.9,1.1,1.2,0.5,4.5,1.0,-2.5,-4.0,-3.5,-2.8,-4.2,0.9,-1.3,3.0,3.0,0.8,4.3,-0.5,2.5,2.1,-1.4,3.8,-0.9,-2.3,-0.3,-0.4,1.9,2.0,-3.3,-1.7,-2.8,-4.6,0.3,1.5,-5.0,1.3,-4.0,-7.0,-4.9,2.3,-9.4,-2.2,-2.9,5.8,-2.1,-9.7,-2.1,-1.0,-2.7,0.2,2.7,1.2,-2.8,0.7,4.3,-1.2,-4.9,-0.2,-3.7,-1.6,-2.7,-3.5,-4.7,-0.9,0.6,-2.1,-2.5,-1.9,-2.5,-5.1,-5.2,-4.7,-3.2,-3.1,0.2,-1.7,-0.2,-0.6,-1.8,-3.4,-3.4,-3.0,-0.5,-3.1,-4.2,-0.5,-0.2,-0.7,-0.6,-1.9,-1.3,1.3,-4.3,-0.3,-2.3,-1.4,-0.8,-0.7,-1.4,0.4,-1.6,-4.4,-5.7,-0.9,-1.9,-3.3,-5.4,1.3,-1.8,0.6,0.6,-3.5,-2.7,-1.9,-0.2,4.2,1.4,-2.9,-2.8,-1.1,-4.9,-3.3,-2.8,-10.7,-3.1,-3.2,0.2,-0.7,-2.9,-0.7,-1.7,-3.9,-0.8,-2.2,0.0,0.5,-2.4,-3.5,-10.0,-6.2,-8.0,-7.9,-1.9,-2.9,0.5,-4.4,1.1,-0.4,-6.1,-7.5,-6.0,-6.9,-6.2,-5.2,-3.8,0.6,-4.2,-6.0,-5.8,-2.5,-6.2,-5.7,-0.9,-2.7,-4.6,-4.4,-4.1,-2.5,-4.7,-4.6,-2.4,-0.7,-0.9,-3.7,-2.3,-7.1,-3.9,-5.6,-2.4,-4.5,-4.2,-7.0,-2.3,-3.8,0.2
2C7L51IsHe,0,48.108362,11.625397,4442091.28,2778532.33,541.2,586.9,294,7326,3.8,0.72,0.47,32.65,348.97,-0.529,-0.103,0.842,-1.2,0.2,-0.9,0.29,1.6,0.3,-0.3,-2.0,-3.2,-1.0,3.3,-4.1,-5.8,-2.1,-1.3,-0.6,-7.2,-6.3,-2.2,8.5,4.1,4.7,3.6,4.2,1.8,3.4,1.3,5.4,0.3,2.4,1.3,3.5,2.5,2.7,3.1,-1.0,-0.5,14.3,0.0,0.7,1.9,-0.8,2.6,4.9,0.9,3.1,1.6,4.6,-2.9,1.3,1.3,5.2,-1.2,4.7,8.0,1.0,-0.6,0.5,0.9,1.1,5.1,-0.3,0.1,2.7,-4.1,1.1,-1.8,-2.7,-1.3,-4.2,-4.4,-0.4,1.6,0.5,5.4,-1.8,-0.4,0.1,2.3,-1.3,-0.0,1.2,0.0,1.2,2.1,-0.3,0.6,0.6,1.0,-0.7,0.6,-3.4,3.7,4.9,-0.9,0.6,1.2,1.9,-3.6,-0.8,-1.3,0.5,2.0,-5.3,1.0,0.9,-0.5,-1.4,1.1,-2.9,-1.1,-0.9,3.5,3.0,5.0,-2.4,2.2,0.4,-1.3,0.2,-5.1,1.7,2.1,-2.5,-5.1,-3.8,-3.5,5.8,3.2,-1.1,2.0,0.6,0.3,-0.8,-1.3,1.4,0.1,-0.1,-2.8,1.3,0.7,-1.0,0.5,1.2,2.1,4.8,15.2,1.2,0.2,-1.4,2.9,-0.6,-1.2,-3.2,-2.6,-1.6,-0.6,2.0,3.8,-2.1,-0.6,2.7,-5.7,-0.9,-0.6,-4.2,6.0,-0.8,11.5,1.8,1.0,-3.3,-2.3,-6.9,1.7,-4.0,15.2,-2.8,-2.4,-15.1,11.4,-5.3,-4.7,-6.2,-5.2,-12.6,-3.9,-4.0,-5.7,-6.7,-6.5,-7.5,-13.1,-4.3,-0.6,-6.2,-9.4,-5.1,-4.9,0.9,-7.7,4.0,-3.5,1.0,11.7,-5.5,-9.8,-3.9,-5.2,-7.8,-6.5,-7.5,-6.1,-8.3,-9.9
2C7L51IsHn,0,48.108395,11.625647,4442109.79,2778536.32,530.3,576.0,294,7335,2.7,0.81,0.41,32.65,348.97,-0.53,-0.103,0.842,-0.7,0.1,-1.08,0.21,0.4,0.2,-0.3,2.8,3.9,-0.5,-1.4,-5.3,2.9,-4.7,-0.5,0.2,2.9,0.8,3.0,-1.0,-0.3,7.0,0.7,2.5,0.3,-0.7,-2.0,0.6,-0.7,14.0,2.1,2.8,0.7,-1.6,4.2,4.8,-5.3,10.7,-6.3,-5.7,-4.2,-1.9,-0.2,-2.4,-0.6,1.9,-0.8,0.0,1.2,4.9,-2.8,-2.9,0.5,-0.1,0.3,-0.1,1.8,1.2,-0.9,0.6,-0.0,-0.1,-0.0,2.1,-0.2,3.0,-0.1,-1.0,-2.9,-1.4,-2.1,2.6,2.9,-4.6,4.3,-2.9,-1.3,-3.9,0.6,-1.4,1.6,1.7,3.5,2.5,-0.6,0.6,-1.1,1.4,0.6,1.1,-0.9,3.2,0.6,0.1,-0.1,0.7,-2.3,0.1,3.5,-0.1,-3.2,2.5,4.5,5.5,3.7,2.5,3.4,3.0,4.7,1.5,2.7,3.9,4.3,6.5,4.1,5.0,3.4,2.6,4.1,2.6,5.8,2.8,3.0,1.5,1.6,3.2,0.6,-1.8,2.8,0.5,2.0,2.7,1.3,2.6,4.7,7.4,-0.4,-2.1,8.0,-0.2,0.8,1.6,-0.6,4.3,4.9,5.1,6.1,0.3,1.0,3.1,2.3,0.0,3.9,2.5,-0.5,0.0,0.7,-1.7,1.7,1.6,-2.4,-1.2,-0.2,-1.9,-2.4,-2.1,-4.0,0.5,-0.6,-2.2,-2.5,-4.6,1.3,-0.7,-2.2,-4.0,-1.5,-2.6,-6.0,-1.5,1.9,0.0,0.2,-0.8,-0.2,-0.6,1.1,0.1,-2.7,-3.6,-3.2,-1.4,-1.6,-1.2,0.2,-1.8,-2.4,-4.4,-1.3,-5.6,-4.4,-5.9,-1.2,-3.0,-4.0,-5.2,-1.4,-1.6,-5.5,-5.4,-2.4,-0.8,-1.0,1.4,-1.1
2C7L51IsIn,0,48.108869,11.629344,4442384.08,2778595.14,536.6,582.2,294,7397,2.6,0.84,0.4,32.66,348.97,-0.53,-0.103,0.842,-0.3,0.1,-0.09,0.2,0.8,0.2,-0.3,0.9,2.2,-5.5,-2.6,0.0,3.1,-0.5,-2.0,-0.4,-4.5,0.0,5.3,-1.0,-2.5,0.9,0.4,-0.6,2.7,-3.5,-0.9,2.2,1.6,0.5,-2.1,-0.3,0.7,0.0,-1.4,0.6,-0.6,-8.0,6.3,4.0,0.2,-1.7,0.3,3.9,2.0,3.3,1.8,-0.2,0.5,-2.5,-1.7,2.8,-1.3,-4.3,-3.3,-4.9,-2.6,-1.6,0.1,-1.5,-0.9,-0.6,0.1,-0.9,-0.8,0.2,0.6,-0.8,-0.1,-1.3,-1.3,7.4,-6.9,-4.6,-2.8,-3.7,-4.5,-7.3,-2.3,-3.1,0.5,-0.3,1.4,1.1,1.2,-0.7,-2.3,-2.6,-2.2,-0.6,0.2,-0.6,-2.0,2.2,-11.1,2.4,-5.2,-0.7,0.1,-7.1,-2.5,1.6,2.0,5.0,5.0,3.8,3.4,4.9,-0.2,-0.6,0.7,2.6,2.1,3.4,0.7,-2.0,-1.2,-4.6,-2.1,-1.1,-0.1,-2.3,-6.1,-8.8,-3.2,0.1,1.5,-4.6,-4.6,-0.5,-1.0,-2.8,-2.2,-0.4,1.3,0.4,-1.7,-2.7,-6.7,-2.0,1.3,0.4,-2.7,-1.7,-2.3,0.4,4.8,0.1,0.4,-4.4,-1.4,-3.0,-4.5,-1.1,2.9,0.7,0.2,0.7,0.2,0.4,0.4,0.8,1.4,0.1,-1.3,0.2,1.8,3.3,1.1,0.4,-0.1,-3.5,1.9,0.7,1.8,1.9,2.3,1.5,-2.6,-7.7,0.7,-4.3,-1.1,-1.6,-1.9,-1.1,-0.4,-1.6,-0.7,-1.8,-2.1,-2.3,-1.2,-1.6,-0.1,-4.5,-4.0,-3.5,-1.6,-3.2,-2.4,-2.6,-2.1,-2.6,-1.3,-0.6,-0.9,-1.9,-1.8,-1.9,-1.1,-1.7,-2.4,-4.0,-3.4
2C7L51IsKh,0,48.109783,11.636465,4442912.3,2778708.4,556.9,602.6,294,7515,2.6,0.83,0.44,32.69,348.97,-0.53,-0.103,0.842,-0.8,0.1,-0.06,0.2,1.4,0.2,-0.3,-1.6,-1.8,1.4,-1.0,0.5,-1.6,-0.1,-0.4,-2.9,-6.0,-1.0,0.3,0.0,-0.2,-0.9,-2.0,-3.4,-1.9,-2.3,-2.0,-0.1,-0.6,0.1,-0.2,-0.9,-2.0,1.9,0.1,-2.0,-2.8,-1.9,-5.3,-2.8,-1.0,2.8,-3.3,2.8,2.6,-1.1,3.2,2.7,2.5,1.4,-3.5,3.0,4.0,-0.0,-0.1,2.1,0.7,-0.7,-0.4,-6.7,1.9,3.4,9.0,-1.4,4.1,3.3,-1.8,1.5,-4.1,1.1,3.6,2.6,-1.2,-3.1,0.0,-4.7,-3.9,3.3,-2.0,-0.2,-0.5,-4.6,-2.0,1.8,-3.2,-3.1,-7.1,-13.9,-9.1,-3.3,-0.5,-0.0,-3.7,-4.3,-1.3,-3.8,-2.0,-0.7,-0.1,-1.8,-1.7,-1.9,0.8,2.3,0.7,1.8,1.1,0.8,-0.6,2.1,1.2,0.5,0.9,-0.9,1.6,-0.1,0.8,-0.3,1.9,-3.8,-3.9,-2.5,-0.1,-4.1,-8.3,-0.3,-2.0,-2.2,-0.5,-3.0,-0.1,-0.7,-2.3,-1.1,-2.6,-2.5,-2.3,1.1,-0.0,0.4,-0.3,-4.3,-2.4,-3.2,-2.7,2.4,1.7,-2.3,-0.9,-7.2,0.4,-0.5,-1.4,-1.7,-4.2,-2.3,5.1,-3.7,-5.9,-6.5,-5.4,-5.5,-0.5,-4.4,-3.2,-2.9,-3.2,-3.5,-8.6,-3.7,-4.6,-6.0,0.4,-3.2,0.1,-1.4,-1.0,1.7,-3.7,-1.0,-5.7,-1.4,-5.0,-2.2,-0.8,-3.6,-5.7,-6.4,-3.3,-1.6,-4.4,-5.5,-5.9,-3.4,-2.5,-1.8,-3.6,-0.5,-6.6,-3.3,0.4,-1.7,-0.8,-3.3,-4.3,-2.8,-3.4,-1.9,-5.0,-8.2,2.2,0.3,-2.6,-2.8,-12.5
2C7L51IsHV,0,48.108289,11.624679,4442037.99,2778522.99,533.1,578.8,294,7317,2.3,0.87,0.31,32.64,348.97,-0.529,-0.103,0.842,-1.2,0.1,-0.31,0.18,0.7,0.1,-0.3,-1.0,-0.8,0.3,0.9,-2.3,-1.4,-1.1,1.9,1.4,-1.7,-1.5,-1.0,1.3,-3.0,-1.0,-0.7,0.8,-1.3,5.0,-1.6,-1.5,-4.2,0.3,-6.2,1.3,3.0,0.2,-1.8,-2.4,-5.0,6.3,-6.5,-8.3,-5.9,-6.1,-4.6,-4.5,-3.6,-1.1,-2.7,-2.5,-1.8,-2.4,-2.0,-3.8,-2.9,-2.7,-3.6,-2.3,-3.8,-2.8,-3.8,-5.5,-2.7,-1.9,-2.1,-2.1,-2.0,-3.6,-3.2,-2.0,-0.7,-1.4,-0.6,-3.8,-6.4,-1.7,-2.5,-2.1,-3.4,-3.6,-1.9,-3.4,-2.3,-0.6,-0.9,0.3,-1.1,-3.9,-2.7,-3.6,-5.4,-2.4,-5.0,-3.6,-3.6,-0.4,-2.7,-5.6,-8.8,-4.8,-2.2,-8.7,-6.9,-3.0,-2.7,-4.2,-3.2,-1.5,-1.5,-2.3,-1.7,-4.0,-3.4,-3.3,-3.2,-3.0,-3.5,0.5,0.3,-3.6,-3.1,-5.7,-3.3,-6.9,-8.0,-2.0,-3.4,-1.1,-1.8,-5.2,0.9,-4.4,-4.4,-2.7,-1.8,-3.0,-2.5,-9.8,-6.6,-7.4,-4.5,-2.6,-4.7,-5.9,-2.2,-4.3,-4.6,-3.6,1.9,-3.4,-2.1,-2.7,-3.1,-2.3,-2.5,-0.8,-3.9,-1.6,-13.0,-0.3,-1.3,0.3,-2.0,-2.5,-3.4,-4.1,-4.5,-4.2,-1.6,-4.4,-6.6,-3.2,-5.0,-6.0,-3.7,-5.3,-5.7,-3.5,-5.5,-6.6,-6.6,-4.7,-4.5,-9.5,-6.6,-5.1,-4.7,-4.6,-4.2,-8.3,-2.8,-8.8,-11.7,-5.0,-4.1,-9.6,-6.9,-5.4,-10.2,-8.8,-9.6,-10.6,-7.9,-9.0,-7.0,-6.1,-11.5,-6.9,-10.5,-3.3,-7.8,-8.1,-7.4,-9.6,-5.4,-5.8,-6.9
2C7L51IsKl,0,48.109762,11.636151,4442888.91,2778705.5,532.3,578.0,294,7519,3.8,0.76,0.44,32.69,348.97,-0.53,-0.103,0.842,-0.6,0.2,0.49,0.29,1.2,0.3,-0.3,-0.0,-1.3,1.5,1.1,0.8,3.4,0.8,1.3,2.2,3.9,-0.7,4.7,-0.9,1.2,-1.8,0.3,-0.7,-0.1,0.4,-1.7,-0.1,-1.5,-1.9,1.8,0.5,-0.3,-0.4,-4.0,-3.3,-3.5,-3.1,-3.1,-4.6,-1.1,-0.8,-2.9,-1.6,5.7,0.6,4.3,0.2,-2.1,-4.0,-0.3,-2.1,-1.2,-2.2,-6.5,-3.9,-6.1,-0.3,-1.5,-1.0,-0.1,0.9,-0.0,-0.7,-2.9,-3.2,-3.3,-1.8,-4.2,-0.8,-2.0,-0.7,3.6,2.0,1.5,-5.8,-3.1,5.4,-4.5,-2.8,-3.0,-1.0,-18.8,4.3,1.0,-4.3,-0.6,-2.8,-4.2,-2.9,0.8,-3.6,2.4,-1.2,0.7,1.3,-5.8,-7.2,-1.8,-12.5,-2.1,-3.3,-3.5,-6.5,-0.8,-1.4,-1.0,-5.9,-2.9,-0.9,-1.7,-5.2,-5.0,-3.6,-6.2,-2.9,-0.9,-3.3,-0.8,-2.9,-2.2,-3.4,-5.3,-3.6,-1.5,1.5,-2.5,-0.7,3.1,-0.4,0.9,3.7,4.3,1.5,1.4,-3.4,-4.9,4.1,-2.9,3.9,-8.5,2.5,-3.1,-1.8,-2.0,-4.9,0.8,-19.1,-5.4,-3.6,-3.9,-8.8,-0.8,-3.7,1.1,0.2,-1.3,4.3,-1.0,-1.7,-4.3,-3.5,-5.4,-7.3,-4.9,-4.9,-8.6,1.4,-7.3,-1.7,-5.3,-0.3,-3.6,1.0,1.1,-15.9,-21.1,-1.8,-1.8,-22.0,-5.4,-2.0,-5.2,-4.5,-4.4,4.8,-1.8,-4.5,-1.2,-1.7,-3.7,-4.1,-1.7,-9.4,-0.7,-0.2,-2.5,-0.9,-3.6,-1.7,-2.6,-0.5,-1.3,-4.4,1.5,4.8,-0.9,2.2,-6.6,-6.6,-4.0,-6.5,-7.8,-2.2,-4.4
2C7L51IsKn,0,48.109795,11.636408,4442908.03,2778709.59,537.5,583.1,294,7521,3.4,0.77,0.53,32.7,348.97,-0.53,-0.103,0.842,-0.8,0.2,-0.06,0.26,1.4,0.2,-0.3,2.2,3.2,-4.2,-3.5,3.3,0.1,-0.1,2.1,-4.9,1.0,-2.8,2.6,-4.7,2.4,-3.7,-2.3,-3.3,-1.8,-1.9,-3.9,0.6,-2.6,-2.6,-2.5,-2.6,-4.5,-5.1,2.3,-4.3,-4.6,-11.1,-7.9,-7.1,-8.4,-6.2,-3.3,-4.2,0.1,-5.5,-1.6,0.2,-3.2,-2.5,-4.1,-5.7,5.0,-6.1,-4.2,-3.1,-3.5,-5.5,-0.6,-1.6,-4.6,-3.9,-5.2,-2.6,-0.6,-1.7,-3.2,-0.8,-3.5,1.6,1.0,-4.0,-4.0,-3.6,-1.4,-3.7,-6.8,-3.5,-1.8,-3.8,1.5,-3.3,-1.6,-7.8,-6.7,-5.6,-4.6,-6.6,-5.2,-4.5,-3.9,-5.4,-4.9,-6.5,-4.3,-3.5,-8.9,-12.0,-19.8,-1.4,-5.5,-0.2,1.6,-3.8,-5.6,2.5,-7.1,1.2,-6.0,-19.6,-19.0,-3.9,-3.4,-1.0,-5.9,-2.6,-5.2,-4.6,-6.3,-0.2,-8.7,-5.1,-4.0,-2.8,-3.4,-1.4,-0.6,0.1,-0.7,-1.4,-3.5,-3.2,-3.1,-0.3,-3.5,-6.3,-3.6,2.8,-6.0,-3.5,-4.3,-5.6,-6.1,-4.0,0.1,-6.3,-2.1,-3.7,-4.8,-6.2,-3.5,-3.2,-1.0,-7.2,-2.1,-1.2,-1.3,-4.4,-2.0,-5.7,-1.8,-0.6,-5.2,-1.8,-1.8,-2.7,-4.8,-5.8,-9.6,-6.3,-9.4,-6.7,-1.5,-3.5,-1.8,-9.5,-2.6,-7.6,-6.5,-7.0,-7.2,-9.5,-7.6,-6.0,-4.9,-0.1,-4.5,-4.2,-3.8,-5.3,-8.6,-6.0,-8.5,-4.8,-7.1,-7.8,-6.4,-4.4,-17.7,-13.4,-9.4,-2.8,-1.1,-2.3,-6.4,-5.5,-8.9,-5.3,-6.1,-8.2,-13.2,0.3,-12.2,-6.5,-4.0
2C7L51IsHR,0,48.108304,11.62465,4442035.79,2778524.57,543.6,589.3,294,7313,4.6,0.6,0.54,32.64,348.97,-0.529,-0.103,0.842,-0.9,0.2,-0.7,0.35,1.7,0.3,-0.3,-2.1,7.9,-8.2,-0.3,-2.8,-1.7,-4.8,-1.2,-3.6,-1.5,-5.4,1.6,-4.3,0.6,2.2,1.0,-0.4,0.2,2.2,5.7,-7.0,-5.6,-9.3,0.3,0.9,0.6,-7.5,8.2,-8.4,-11.4,10.8,-11.8,12.6,6.1,6.6,-0.7,-6.8,14.7,13.3,-0.4,-5.8,5.4,4.5,3.5,2.4,4.4,-9.7,14.9,-3.7,3.8,2.9,4.3,4.4,18.4,4.5,2.7,2.2,4.6,-2.7,-4.6,-1.8,0.7,-1.6,-3.1,0.1,2.6,-6.0,-2.3,-4.0,-2.7,-0.9,-0.8,-6.9,1.1,-5.7,-1.4,-1.9,-3.4,-0.4,3.0,-0.2,2.4,-6.4,-0.9,3.0,4.5,-2.3,-0.5,-1.5,1.9,5.3,-1.1,3.0,-3.8,2.8,-1.2,-1.2,0.9,-0.9,3.0,1.8,1.3,3.4,-3.5,-2.5,-0.7,-0.5,3.2,0.6,0.5,-0.2,0.3,0.8,-0.0,0.0,4.0,7.0,4.1,5.6,3.4,2.1,3.2,-0.7,-0.5,-2.9,-2.5,4.0,-7.1,-2.3,0.8,-3.8,-0.9,-0.5,0.5,-4.4,5.9,4.3,0.5,5.6,5.7,-1.1,0.4,2.5,0.1,1.7,0.6,2.1,-0.2,3.5,0.4,1.1,1.1,-5.0,-3.1,-1.6,1.3,-3.6,0.2,-0.1,-3.1,-2.1,-9.4,-8.0,-8.9,-12.3,-6.7,0.3,-9.0,7.9,-9.3,-7.4,13.7,0.0,-2.6,-11.6,-5.0,4.8,-4.8,2.9,-6.9,-0.9,-3.9,-2.3,-4.9,-5.6,0.7,1.9,-9.1,-3.1,-4.8,0.4,-0.4,3.9,-2.4,-10.5,-4.5,-1.4,-2.9,2.0,-2.8,-5.7,-3.1,-1.7,-1.5,-3.9,-3.7,-3.5,-5.8
2C7L51IsHS,0,48.108299,11.624618,4442033.38,2778524.06,539.3,585.0,294,7314,1.9,0.9,0.31,32.64,348.97,-0.529,-0.103,0.842,-0.4,0.1,-0.39,0.16,0.8,0.1,-0.3,-0.6,2.1,-1.3,-1.2,-1.2,-3.1,-3.0,-0.0,0.3,-2.4,0.2,-1.5,0.5,1.5,1.4,1.2,-0.8,-0.4,0.2,0.4,-0.6,-1.9,-1.6,0.6,2.4,2.1,1.7,-0.7,-4.1,-3.5,9.2,-4.3,-4.7,1.1,-3.5,-3.1,-1.5,-1.8,2.6,-0.1,3.6,1.6,2.0,-1.0,-0.7,1.0,-3.1,-2.4,-1.1,-2.5,2.1,-1.5,-0.3,-3.0,0.4,-2.0,0.9,-1.4,-1.5,-4.6,-1.7,-0.9,-2.7,-3.7,0.9,-2.0,-2.5,0.2,-4.2,-1.7,-3.1,-2.2,-2.9,-4.0,-3.3,0.1,-1.7,-2.7,-2.4,0.6,-1.4,-3.7,-1.8,-1.6,0.6,0.2,1.4,0.2,0.8,-0.1,1.4,0.1,-0.5,-1.8,0.2,-0.8,-1.3,0.9,1.0,1.8,0.9,1.8,0.9,0.3,-0.8,0.3,-0.1,-0.3,0.0,-1.5,-1.7,-1.5,-2.3,-2.7,-2.2,0.3,-1.1,-4.8,-1.8,-4.1,-0.3,-3.3,-2.6,-3.5,-3.2,-0.9,-2.4,-1.6,-2.0,-0.5,-1.7,-0.1,1.0,-0.3,-1.2,-0.4,1.5,1.8,2.8,3.9,0.5,0.4,0.9,-0.1,-0.5,-0.7,-2.5,2.4,3.2,-0.3,0.6,1.9,-1.7,-2.0,-0.7,-0.9,-3.2,-0.9,-0.7,-1.3,-0.2,-4.1,-0.2,-4.8,-3.3,4.2,-0.1,1.0,1.8,-0.2,-0.0,-4.3,-1.4,-2.2,-2.8,-2.5,0.1,-2.6,8.7,-2.5,-1.1,-3.4,-1.7,-3.4,-2.8,-0.9,1.7,-3.1,-2.5,-3.6,-3.9,-1.9,-2.3,-3.4,-3.7,-2.5,-2.8,-4.2,-3.0,-2.8,-3.8,-3.5,-4.0,-4.6,-3.2,-3.3,-3.9,-4.3
2C7L51IsIN,0,48.108706,11.627785,4442268.36,2778574.47,533.0,578.6,294,7371,4.2,0.66,0.49,32.66,348.97,-0.53,-0.103,0.842,-0.6,0.2,0.23,0.33,0.8,0.3,-0.3,-2.5,0.5,-3.4,-1.5,-2.1,5.3,0.2,-7.5,0.1,1.0,0.0,-3.7,-1.8,-1.6,0.4,3.2,-1.7,0.3,-2.3,-3.3,-2.4,-1.8,-1.1,-4.3,-4.1,1.4,-0.7,-0.2,0.1,-6.0,-12.0,-9.1,-4.4,-11.6,-2.2,-0.4,-5.2,-3.5,-0.1,-2.4,-3.2,1.0,-1.7,-1.2,-1.6,-4.5,-4.8,-4.2,-2.3,-2.6,2.1,-4.7,-3.0,-2.7,-11.3,-9.8,9.5,-2.2,-8.9,-4.6,-6.3,0.7,-8.2,-5.5,-3.8,2.7,-5.0,-1.6,9.0,-0.1,-1.9,1.6,-3.4,-4.4,-1.3,-1.8,-5.6,-2.2,-3.1,-1.7,-4.4,-7.6,-4.7,-8.2,-4.1,-5.2,-3.2,-5.7,-4.3,-3.7,-5.1,-3.6,-4.5,-8.0,-6.2,-2.5,-1.3,-3.7,-1.9,-0.7,-1.8,-1.4,-1.4,-5.1,-3.0,-9.5,6.9,8.7,-5.4,-2.3,-6.2,-5.5,-7.7,5.5,-5.6,-4.1,0.1,-7.1,-15.1,-9.3,-0.2,-9.2,-8.2,-10.8,-5.3,-11.1,9.5,-8.4,-3.8,-8.0,-9.7,-3.4,-3.5,2.4,-8.2,-2.6,-2.0,-5.0,-2.4,2.7,-16.6,-1.0,-0.2,-8.8,-5.1,-0.4,5.3,-4.6,-0.7,1.2,1.7,-6.1,-8.3,-17.8,1.1,0.2,-3.2,-3.3,-17.6,-1.7,-5.2,-1.3,-4.9,-2.7,-4.0,0.0,-4.0,-8.6,-0.3,7.6,-1.4,-5.2,-4.0,4.3,-0.9,-0.9,3.2,-9.0,-6.8,-8.4,-4.6,-7.1,-4.9,-4.0,-3.2,-1.3,-1.6,-4.1,-5.6,-5.7,-9.1,-8.8,-3.4,-8.0,-5.0,-9.3,-6.6,-4.4,-8.1,-3.3,-1.8,-3.2,-5.2,-2.3,-3.2,-3.8,-3.7,-13.9
2C7L51IsL0,0,48.109895,11.637048,4442955.4,2778721.83,534.1,579.7,294,7534,2.4,0.85,0.46,32.7,348.97,-0.53,-0.103,0.842,-0.6,0.1,-0.77,0.18,0.6,0.2,-0.3,-0.7,-2.5,-1.0,-2.6,-0.8,3.5,0.5,1.1,-0.9,-0.8,0.7,2.5,0.8,0.2,0.6,-2.0,-1.5,-2.8,3.4,1.8,-2.4,0.1,-0.7,-0.3,2.5,4.8,0.4,-1.8,-0.8,-2.2,-1.4,10.2,-2.6,-4.2,3.3,2.8,2.1,3.6,3.5,2.9,1.9,-4.8,-0.0,-0.5,-2.1,0.7,2.5,3.7,1.8,3.4,-0.5,-0.6,0.2,-2.5,-0.4,2.5,2.4,1.0,-0.6,-2.2,2.2,2.7,5.7,-1.6,0.8,-1.9,-1.3,0.3,2.3,-2.1,-1.8,-1.8,-0.4,1.5,2.4,1.6,2.4,1.1,2.2,1.1,-3.0,-7.4,1.4,-5.6,1.1,0.1,-0.8,-1.6,1.9,-0.5,-0.8,-0.6,0.2,-2.8,-1.5,-1.4,0.1,-3.9,1.8,3.9,1.2,9.6,0.2,7.3,-0.1,5.3,2.5,3.7,5.1,5.1,-2.4,2.4,1.5,2.0,2.2,3.6,6.2,3.7,1.4,1.3,-1.1,1.8,0.2,1.5,-0.8,3.4,2.3,4.9,4.0,-0.1,4.4,1.1,1.8,0.5,-1.5,-1.4,0.7,1.4,2.4,1.8,1.9,-1.0,-0.9,-1.0,-0.9,1.5,-0.2,0.1,0.0,0.7,-0.5,-1.8,-0.5,-0.1,-0.8,0.3,1.3,1.5,1.0,-1.9,0.4,-9.1,-1.6,-5.9,-5.1,0.6,-0.3,-0.3,-1.1,-1.3,-2.7,1.2,-1.3,-1.2,0.0,-1.8,-2.0,1.0,-0.3,-1.5,-2.1,-3.7,-2.5,-3.3,-0.3,-3.7,-0.3,-2.5,-2.3,-3.3,-0.4,-3.3,-4.1,-3.1,-1.7,0.8,0.5,-0.9,-1.4,-6.6,0.1,-2.7,-5.7,-4.1,-1.3,-1.4,-1.2,-2.1
2C7L51J9Ja,0,48.107896,11.621329,4441789.4,2778473.81,535.1,580.8,295,7258,1.9,0.91,0.29,32.6,348.93,-0.529,-0.103,0.842,-0.7,0.1,-0.21,0.15,0.6,0.1,-0.3,0.3,0.9,-0.1,0.9,-0.2,0.7,1.2,-1.9,0.5,1.4,0.6,-3.0,-1.3,-1.4,0.1,-2.3,-2.5,1.0,0.8,-2.7,-3.6,-2.0,-1.1,0.4,-0.7,2.3,1.2,2.3,-1.5,-2.3,3.2,-7.6,-3.3,-8.5,-6.0,0.3,-2.2,2.3,3.1,1.5,0.4,-0.4,-1.3,2.0,-1.4,-2.6,-1.9,-2.0,-2.3,-1.3,-0.8,-1.3,-2.0,-0.4,-1.0,-0.4,-0.7,-0.3,-0.5,0.1,-0.6,0.4,2.3,-1.9,-1.6,-0.1,-1.5,-0.3,-1.3,-0.9,-1.0,-2.7,-2.6,-1.0,-0.8,-1.5,-4.3,-2.1,-0.2,-0.2,-0.8,-2.9,-2.9,-2.3,-3.8,3.1,-2.4,0.5,-0.7,-0.3,0.3,-0.0,-1.8,-1.5,-1.3,-3.6,-2.9,-0.1,-0.6,0.8,0.2,-0.6,-1.9,-0.5,-1.4,-1.2,-3.6,-4.8,-2.5,-4.0,-2.3,-1.3,0.5,0.1,-0.8,1.3,-2.6,0.2,-0.5,-2.7,-0.8,-0.4,-1.0,-0.9,3.9,2.1,-1.8,-0.9,-0.2,-1.2,-12.4,-2.9,0.5,-1.9,-0.5,-0.7,-1.5,-0.8,-3.9,-0.4,-2.6,-1.1,-1.3,0.4,-1.6,-2.1,-0.3,-1.1,-1.3,-1.0,-3.3,-0.7,-0.9,-3.5,-2.8,-5.1,-2.0,-4.8,-2.6,-2.9,-2.0,-3.8,-6.5,-3.6,-5.2,-4.5,-1.3,1.1,0.2,-2.1,-1.3,-3.2,-3.8,-3.6,-0.7,-2.3,-5.5,-2.1,-3.6,-2.6,-2.7,-4.5,-3.3,-4.8,-4.7,0.1,-1.1,-3.5,-1.8,-5.7,-4.5,-2.6,-7.4,-4.2,-7.4,-5.8,-3.5,-2.7,-5.4,-4.1,-2.7,-3.1,-3.2,-1.6,-2.1,-3.5,-3.1,-4.4
2C7L51J9KK,0,48.108247,11.624067,4441992.5,2778517.36,540.7,586.4,295,7304,3.9,0.65,0.49,32.64,348.97,-0.529,-0.103,0.842,-1.0,0.2,-0.57,0.3,2.4,0.3,-0.3,-2.8,1.5,1.5,-2.1,4.7,-3.7,3.1,1.1,3.3,-6.3,3.0,0.3,4.6,0.8,1.4,4.3,-0.9,3.1,3.8,13.0,0.6,0.8,1.2,3.6,7.2,5.5,0.8,1.2,0.3,2.0,6.2,3.2,-0.8,6.6,12.0,18.4,5.8,0.1,2.8,-0.2,4.6,2.7,7.7,2.2,2.4,0.0,-1.0,1.8,1.2,5.7,1.7,2.6,-0.7,1.0,1.2,3.6,0.2,-2.0,-0.2,-4.0,-1.3,2.0,5.7,-0.5,-0.8,-0.7,-1.3,0.5,-0.4,4.1,-0.7,1.2,-1.1,-0.2,7.4,3.0,2.8,1.2,5.3,9.6,9.6,2.5,3.9,-3.8,5.4,0.5,3.6,7.0,-0.2,4.0,-1.2,-3.5,-2.1,-0.6,4.2,-0.7,14.9,5.0,7.7,1.7,2.4,9.4,3.0,-3.6,4.3,6.7,6.8,-2.7,3.0,2.5,-0.7,-0.5,0.7,1.0,1.1,0.0,-0.6,-0.6,-0.7,-2.1,-3.6,-0.1,2.2,3.5,1.8,5.2,-6.6,2.2,3.0,8.0,6.7,7.4,10.6,0.4,0.5,2.6,8.6,9.8,7.7,3.7,-2.9,-2.5,-4.3,7.9,10.9,-0.2,-6.3,-2.1,-0.6,-2.7,-2.2,-0.4,-3.8,-1.8,3.6,0.8,-0.9,-1.6,-2.0,-3.1,-4.9,0.2,3.5,-1.1,-0.7,6.0,0.3,10.5,2.9,6.4,5.1,-5.9,-6.8,-3.6,-8.0,10.7,-7.6,-2.3,-12.6,-6.5,-6.8,-4.1,-1.4,-4.3,2.3,-3.6,-7.5,5.3,8.1,5.3,-3.6,2.7,-5.2,-0.5,-4.2,-0.8,-1.4,0.6,-1.8,7.0,-4.5,-4.6,-3.5,-4.0,-1.0,-3.0,-4.4,-5.0
2C7L51J9Kz,0,48.108544,11.62638,4442164.04,2778554.15,539.3,585.0,295,7345,3.4,0.72,0.46,32.65,348.97,-0.53,-0.103,0.842,-0.4,0.2,-1.21,0.26,1.4,0.2,-0.3,1.5,0.4,-0.4,-0.9,-0.1,1.5,-10.4,-0.6,9.3,2.2,1.6,3.1,6.0,-0.6,-4.1,1.5,-0.7,1.0,-2.8,0.1,0.8,-1.0,-0.2,0.9,2.9,2.7,3.4,-0.5,-2.1,-0.1,-8.2,-6.5,-2.5,-2.2,-7.1,10.8,-6.9,3.2,14.3,4.5,5.9,9.3,4.0,4.9,5.2,2.1,-1.2,0.7,4.1,2.3,4.1,3.0,3.5,4.8,3.6,6.2,2.0,2.9,2.7,4.1,2.1,3.0,4.4,0.4,4.5,0.8,0.4,-1.0,-2.7,-0.2,-1.7,3.2,-2.4,-2.6,2.0,2.5,4.8,7.0,6.2,3.4,1.9,-0.6,1.8,2.3,-0.4,-0.1,4.6,6.9,8.2,5.8,3.4,1.6,2.2,6.4,6.9,5.5,1.1,11.5,8.8,9.3,8.7,8.8,5.3,6.2,7.3,6.7,9.4,1.0,7.1,10.1,11.7,3.9,1.9,3.5,4.3,0.6,-2.6,0.6,-0.6,-0.0,1.5,1.2,0.9,0.9,-11.8,-2.1,0.9,6.7,7.1,3.4,4.0,2.9,2.3,1.6,1.7,2.2,0.6,3.5,5.8,7.4,-1.4,-1.1,3.7,4.2,2.9,0.9,1.9,1.0,3.2,3.0,1.8,2.3,2.5,2.8,3.8,2.4,0.5,0.4,0.8,2.0,1.1,-3.2,2.4,-0.4,0.3,1.5,3.0,5.2,7.1,6.3,5.2,-0.8,4.4,0.2,-2.5,3.0,-0.8,3.1,-4.7,1.7,4.3,3.6,2.8,-1.4,0.6,4.4,-1.3,3.4,-1.2,-1.8,-4.4,1.0,-6.7,5.0,-3.8,1.6,-0.4,0.1,-2.2,2.3,-1.5,-1.8,-2.5,-1.4,-0.5,-0.2,0.2,2.2
2C7L51J9L5,0,48.108592,11.626748,4442191.34,2778560.01,539.4,585.0,295,7351,2.2,0.89,0.32,32.65,348.97,-0.53,-0.103,0.842,-0.4,0.1,-0.35,0.17,1.1,0.1,-0.3,0.7,2.3,-0.7,-1.7,-1.8,-0.4,-0.3,0.7,1.4,3.1,-0.5,-1.4,0.2,-0.6,-1.7,-2.1,-6.4,-4.2,-5.4,-1.1,-3.9,-0.6,-3.5,-2.6,-2.9,-2.5,-0.2,-2.5,-1.7,-0.0,-15.8,-6.7,-3.9,-2.6,-4.4,-0.2,-1.5,0.5,2.2,1.0,-1.6,-1.6,3.5,0.7,-1.5,-0.6,-3.7,-0.9,-1.7,-0.8,-4.4,-1.7,0.8,1.4,-1.1,-0.1,0.8,-0.1,-1.3,-2.3,-2.1,-1.2,-0.6,-1.4,0.6,1.1,-0.1,-1.3,-3.3,-3.6,-2.4,-3.6,-2.4,-2.9,-1.2,-2.4,-0.3,-3.8,-2.7,-2.8,0.4,-5.5,-2.6,-0.7,-2.6,2.1,-1.7,-4.0,-7.5,-6.3,-4.9,-3.6,-6.1,-3.8,-2.2,-1.7,0.1,-1.5,-1.5,-1.2,-1.4,-1.4,-1.4,-0.6,-2.5,-1.5,0.0,-2.9,0.1,-3.8,-2.7,-1.8,-2.0,0.3,-2.9,-0.5,-4.4,-1.2,1.0,-1.4,-0.2,-0.9,2.0,-0.5,0.9,-1.1,-1.4,-1.4,-2.3,-3.3,-4.5,-0.5,-1.7,-2.5,-4.1,-1.8,-2.7,-0.7,0.3,1.2,3.1,-1.5,-2.4,-3.0,-0.1,-3.0,-3.1,-1.3,-0.3,-1.0,-1.0,1.0,-0.1,-1.8,-0.4,-2.6,-3.3,-1.7,-1.2,-2.6,-4.8,-4.9,1.5,-5.6,-3.7,-0.1,-1.9,-3.3,-1.0,-2.8,-3.0,-5.6,-7.4,-4.7,-4.7,-1.8,-2.8,-0.6,10.4,-1.7,-3.1,-1.6,-2.4,-1.1,-2.1,-0.9,-2.2,-3.6,-2.3,-3.6,-4.3,-5.3,-5.1,-5.4,-4.3,-4.6,-3.5,-2.7,-3.7,-4.8,-3.1,-4.9,-4.7,-2.9,-3.8,-4.4,-4.3,-2.9
2C7L51J9LR,0,48.108736,11.627874,4442274.9,2778577.94,534.1,579.8,295,7373,3.4,0.75,0.44,32.66,348.97,-0.53,-0.103,0.842,-0.5,0.2,-0.71,0.26,1.7,0.2,-0.3,-0.7,-0.2,-2.9,-1.9,-2.9,2.6,0.7,4.5,1.7,-1.0,0.1,2.4,0.4,3.3,0.9,-0.2,10.3,0.6,0.6,-5.7,-15.4,1.8,-5.3,-1.9,-3.8,1.7,2.4,9.7,-0.8,-4.8,-5.0,-6.1,-5.2,-5.7,-2.8,-2.2,3.8,0.7,-5.7,-10.3,-4.7,-1.6,2.2,-4.1,-0.9,-2.5,-10.9,-5.8,-3.5,-3.5,-0.4,-2.2,-1.6,0.5,1.3,-2.2,-3.5,2.2,4.2,-1.2,-1.0,5.8,1.3,0.4,-2.1,2.3,1.3,0.7,1.2,2.7,-2.0,-0.0,-1.6,-0.1,2.4,0.2,0.8,-0.5,-0.7,-2.8,-3.6,-0.9,-2.7,-0.2,-1.4,-4.8,-1.1,0.6,-1.0,-0.2,-7.2,-4.1,-3.4,-18.0,-5.1,-3.4,2.4,-1.9,-1.3,-2.4,-2.5,0.6,-4.4,7.5,-0.8,-0.7,0.4,0.2,2.2,-5.4,-5.9,0.9,-5.1,-1.6,-2.9,-3.9,-1.0,-1.5,-0.8,0.5,8.5,1.0,0.4,0.7,2.2,2.4,1.2,3.6,-4.6,-6.7,4.5,-1.8,4.2,-1.2,-4.2,-4.4,-1.5,0.9,-2.4,-1.1,4.2,-2.4,2.1,3.0,-1.8,-0.8,-1.1,1.7,0.4,-2.5,-2.2,2.2,0.5,-1.3,-1.6,-0.8,-1.4,-2.0,-1.2,-8.1,-2.2,-4.3,-7.6,-6.8,6.4,-0.9,-4.5,-5.9,-4.4,-0.7,-5.7,-4.9,-4.6,-0.5,-0.8,-3.5,-1.5,-0.8,-0.9,-1.6,-6.6,-5.0,-1.6,0.3,-1.2,-1.6,-0.1,0.3,2.5,-7.0,-6.3,0.7,-8.8,-6.6,-4.5,-3.1,-4.2,-11.8,-0.9,-6.6,-1.2,-5.1,-6.8,-3.5,-4.4,-5.0,-7.5,-2.1
2C7L51J9Lo,0,48.108918,11.629286,4442379.65,2778600.4,539.4,585.1,295,7396,3.1,0.8,0.45,32.66,348.97,-0.53,-0.103,0.842,-1.2,0.2,0.1,0.24,0.4,0.2,-0.3,-1.7,-7.2,-2.1,-3.1,-0.5,4.7,-1.2,5.5,3.2,3.1,2.1,2.9,-1.8,-1.5,-1.3,2.2,0.9,-0.6,-4.6,-1.9,-1.9,-0.6,3.3,2.7,0.4,-0.7,2.0,-3.0,-3.0,-4.7,-11.3,-7.8,-8.9,-6.9,-5.0,-4.2,-1.0,4.4,1.7,-5.7,1.8,-3.3,-1.0,-1.3,-0.4,2.6,0.2,-2.8,1.6,0.2,-1.2,1.5,1.7,-2.1,1.5,1.9,-2.8,2.1,1.8,-3.6,-0.3,-1.7,-14.0,-13.9,-0.7,-13.1,-7.9,-5.7,-0.3,-0.1,-2.5,-1.3,-3.6,0.4,-1.7,-2.5,-1.3,-1.1,0.2,0.3,-1.1,-2.2,-2.2,-0.2,-1.2,-3.6,-2.0,-1.4,-3.0,-5.5,-5.8,0.6,-3.9,-4.7,-6.1,0.6,-1.4,-2.2,-2.1,-3.1,-3.7,-1.9,0.5,-2.9,-1.6,-0.8,-1.8,-0.3,-4.2,-5.1,-3.6,-3.2,0.5,-2.9,-0.8,-3.0,-2.9,-4.4,-5.2,-4.2,-7.5,-3.4,4.7,-2.1,-1.1,-2.2,-10.3,-1.3,-3.9,-3.6,-8.7,-4.8,-8.4,-2.7,-7.9,-2.0,-6.1,-5.7,-1.1,0.4,-8.1,-2.0,-3.4,-6.9,-4.5,-1.7,-3.9,-1.1,-2.7,-2.8,-10.1,-2.6,-4.0,-3.1,-3.3,-1.2,-1.8,-2.4,-4.9,-6.2,-5.9,-6.8,-8.4,-7.3,-7.6,-1.7,-2.4,-2.1,-4.9,0.7,-4.5,-5.8,-6.6,-11.5,-3.5,-11.1,-7.7,-5.5,-1.9,-6.3,-5.0,-3.1,-0.1,-8.5,-10.1,-7.8,-3.6,-7.6,-4.2,-5.8,-7.4,-6.9,-8.2,-7.8,-6.1,-5.9,-5.6,-5.0,-4.5,-6.3,-4.0,-4.3,-7.6,-8.4,-6.9,-5.9,-4.2,-6.7
2C7L51J9Ny,0,48.109892,11.636876,4442942.65,2778721.16,537.1,582.7,295,7530,4.4,0.6,0.5,32.7,348.97,-0.53,-0.103,0.842,-0.9,0.2,-0.36,0.34,2.2,0.3,-0.3,-2.7,-0.5,-2.2,0.2,-2.9,1.1,-3.8,-3.0,-9.7,-6.3,-0.9,-1.9,-2.6,-1.1,0.3,0.1,-2.3,-3.6,-1.0,-6.0,-6.6,-7.0,-3.3,-4.4,-2.7,-10.0,-1.9,-1.3,-4.4,0.0,0.8,-16.6,5.3,-16.9,-1.9,-11.4,1.6,3.1,1.1,1.8,-1.3,-0.7,0.4,-10.6,2.4,-13.6,-4.1,-3.1,0.4,-2.6,-0.6,-5.9,0.4,-2.2,-2.4,6.0,-2.4,-8.3,-2.6,-2.3,2.5,5.4,-1.1,-6.3,-3.4,-5.6,-3.1,-4.2,-0.7,-6.0,-4.1,-4.1,-1.6,-2.8,-0.9,-0.3,4.6,1.3,-4.1,-2.8,-4.2,-9.2,-3.5,-4.7,-2.8,-0.4,-10.2,-9.4,-10.6,-10.4,-12.1,-4.9,-12.4,-10.9,-7.5,-9.2,-7.6,-10.2,-7.0,-7.4,-4.4,-6.6,-6.0,-4.1,-8.6,-5.4,-3.9,-4.4,-2.9,-6.4,-5.3,-2.9,-4.1,10.9,-3.5,0.3,1.8,0.5,1.4,-1.2,-6.2,-1.6,-3.5,-7.1,-5.3,-0.3,-2.2,-5.7,-11.7,-11.9,9.2,-8.4,-16.2,-5.5,-7.8,-9.2,-7.3,0.4,-2.2,0.2,-7.0,-6.2,-3.4,-2.5,-4.0,-4.7,-4.3,2.0,2.1,-9.4,-2.6,-4.4,-1.8,-0.7,0.9,-1.9,-6.5,-4.7,-2.0,-2.5,-8.5,-13.7,-0.7,-6.8,-5.7,-3.5,-1.5,-4.1,-7.1,1.7,-5.6,-6.3,-3.9,-1.7,7.9,-2.8,-11.8,2.0,-11.4,-5.5,-9.9,-4.2,-4.4,-6.5,-7.5,-12.5,-19.4,-13.6,-7.1,-7.6,-10.2,-5.7,-12.9,-4.5,-7.4,-11.5,-3.6,-18.8,-15.6,-1.6,-7.5,1.5,-14.0,-4.5,-9.4,-1.8,-2.0,-6.6
2C7L51J9K4,0,48.108138,11.62307,4441918.48,2778503.56,535.3,581.0,295,7288,2.3,0.85,0.34,32.61,348.93,-0.529,-0.103,0.842,-0.6,0.1,-0.44,0.18,1.9,0.2,-0.3,-0.9,-0.4,2.1,0.2,-2.1,-0.9,0.5,-0.3,-2.9,0.6,-0.2,1.7,-1.9,-0.8,-2.7,-4.5,-5.5,-1.1,-2.2,-6.0,-2.6,-4.4,-2.4,-0.9,-2.1,-2.2,-2.6,-1.9,-1.4,-6.0,-18.7,-6.4,-7.6,-8.6,-8.3,-5.1,-6.1,-2.4,-6.8,-1.9,-1.1,-0.3,-1.9,-3.4,-4.9,-1.9,-1.4,-4.3,-5.5,-0.6,-2.6,-1.2,0.6,-0.6,-0.2,-2.5,-2.4,-0.5,-1.3,-3.8,-1.5,-1.0,3.0,0.2,-0.4,-0.1,-3.3,0.0,-3.0,-3.1,-2.7,-1.6,-2.0,-1.8,-2.0,-11.4,-2.9,-5.3,-1.9,-5.6,-3.9,-3.5,-9.5,-5.8,-3.2,-6.5,-2.6,-6.8,-5.9,-8.0,-2.0,-6.6,-3.8,-7.4,-5.7,-5.3,-1.3,-4.7,-2.9,-5.0,-4.2,-5.2,-3.3,-1.5,-3.4,-1.9,0.6,-2.5,0.2,-2.2,-3.5,-2.6,-2.0,-3.9,-0.5,-3.5,-2.9,-5.1,-3.3,-2.2,-4.0,-3.2,-4.4,-2.0,1.5,-0.3,-2.1,-3.4,-1.5,-8.8,-8.3,-8.5,-2.8,4.2,-8.1,-6.4,-1.5,-1.3,-5.1,-0.3,-3.3,-6.0,-3.5,-2.5,-0.1,-3.4,4.4,-1.8,-0.7,-2.7,-0.0,0.2,-0.9,-2.7,-3.2,-2.9,-2.9,-4.4,-3.1,-2.2,-6.3,-7.5,-2.8,-4.6,-7.5,-4.0,-4.5,-6.6,-2.3,-1.9,-3.7,-5.9,-7.2,-5.6,-3.7,-3.5,-5.1,-4.5,-1.5,-4.4,-5.3,-3.3,-6.6,-5.9,-3.6,-2.9,-3.6,-6.3,-10.3,-8.0,-6.6,-6.0,-8.4,-6.0,-8.7,-6.5,-5.0,-7.4,-4.8,-5.5,-6.4,-7.7,-6.7,-7.6,-4.4,-6.0,-4.1,-6.8
2C7L51J9KL,0,48.108271,11.624108,4441995.49,2778520.07,540.2,585.9,295,7305,2.2,0.88,0.31,32.64,348.97,-0.529,-0.103,0.842,-0.9,0.1,-0.43,0.17,0.6,0.1,-0.3,-0.1,0.4,-0.3,0.9,0.3,-2.5,0.9,-0.4,2.0,-1.2,1.5,1.3,1.8,-0.1,1.3,1.7,3.1,0.8,2.1,4.0,-0.5,-0.6,0.5,2.7,4.6,1.4,1.7,-0.4,-4.8,-3.3,6.0,-2.5,-3.6,-1.0,-0.8,-0.5,2.0,0.1,3.1,1.1,5.0,1.9,3.6,2.5,-1.0,-3.0,-2.2,-1.9,-1.9,-0.6,-0.0,1.3,0.0,1.0,0.2,-0.0,-1.6,0.3,0.8,-0.2,-0.6,0.2,1.8,1.6,-3.4,-2.4,-2.6,-0.5,-0.9,0.8,-1.2,0.7,1.3,-1.5,1.5,1.5,2.1,1.8,3.9,1.3,2.7,0.1,0.1,0.7,0.6,0.3,1.3,1.8,2.1,0.1,-0.5,-5.3,-3.1,-1.9,1.4,-0.8,0.4,0.6,3.4,2.6,-0.3,2.9,1.4,2.5,2.4,2.6,3.0,0.9,4.0,2.1,-2.8,-0.4,-0.6,-2.3,-1.2,-2.3,-2.7,-1.5,-2.3,-2.0,-2.7,-0.5,0.6,-0.2,0.8,2.4,1.9,1.1,-0.3,1.0,0.6,4.3,-5.8,-1.9,-1.1,-1.1,2.2,2.1,4.5,4.2,-2.8,0.7,2.8,2.0,3.1,-2.8,4.2,-3.0,-1.2,-3.5,-4.4,-2.1,-1.0,-1.5,-1.7,-2.8,-3.3,-2.5,-4.2,-4.1,-2.2,-3.0,0.7,-1.6,-2.7,1.7,-0.4,0.4,4.2,1.0,1.1,-3.4,-7.2,-1.2,-7.8,-4.0,-1.8,-1.0,-6.5,-2.9,-3.1,-3.7,-4.1,-7.3,-1.1,-0.9,-3.5,-1.4,-2.6,-2.3,-2.3,-2.2,-1.1,-2.8,-6.1,-2.8,-1.2,-2.1,-3.6,-1.3,-7.1,-4.3,-2.8,-4.4,-0.9,-3.8,0.3,-6.4
2C7L51J9KN,0,48.108267,11.624075,4441993.02,2778519.56,532.5,578.2,295,7307,4.3,0.57,0.47,32.64,348.97,-0.529,-0.103,0.842,-0.2,0.2,-1.27,0.33,2.3,0.3,-0.3,-1.4,0.8,-1.0,-0.9,-3.9,0.3,-0.8,-9.5,-6.3,-1.9,-2.2,-0.9,-3.8,-3.6,1.4,-0.8,2.0,-1.3,0.5,1.6,-1.6,1.0,-0.3,2.8,2.6,7.9,7.2,6.5,3.7,-1.0,-9.2,-7.9,-2.3,-3.4,-2.8,1.7,1.9,7.9,6.8,-2.7,11.5,-0.3,1.1,6.5,-0.6,4.3,14.9,3.5,5.5,11.3,8.8,8.2,3.1,3.6,1.7,-0.2,0.3,0.0,-2.2,-4.8,0.3,-1.2,-0.9,-2.7,-5.7,-5.2,-0.8,-1.1,-4.9,-3.0,-8.8,-2.1,-3.9,-1.7,-2.6,2.9,1.2,-0.4,1.1,2.0,2.1,-1.7,-3.0,14.3,3.6,-1.1,4.5,2.4,-6.0,6.5,4.9,5.0,2.3,2.5,4.2,3.6,3.3,3.1,4.7,4.5,4.6,6.4,6.0,9.5,6.0,7.8,6.0,5.6,7.7,4.4,-1.4,-1.2,-3.4,-0.4,-2.3,10.7,12.7,2.4,8.7,4.1,10.0,8.5,6.2,5.3,-2.2,-4.1,3.5,8.1,2.9,-4.8,1.1,0.1,0.6,1.1,-0.7,-3.1,1.5,6.0,8.3,10.1,1.2,-1.3,3.8,6.1,5.4,1.4,8.3,-1.0,5.6,2.4,7.2,-0.2,-2.5,-1.8,-3.0,-11.5,5.2,4.7,5.4,-0.4,-3.5,-4.6,-3.8,-0.5,-0.5,0.7,6.0,0.5,2.1,0.3,2.5,4.1,-1.4,3.5,3.7,7.3,8.9,4.3,1.8,0.5,4.3,3.6,2.8,2.6,6.4,0.2,-3.6,-8.4,-2.2,-7.4,-5.6,-7.1,-7.0,0.4,-0.8,-1.2,-4.5,0.1,-3.1,-2.2,1.8,18.4,-4.1,2.0,-3.5,-1.1,0.5,0.1
2C7L51J9KO,0,48.108292,11.624274,4442007.8,2778522.71,539.4,585.1,295,7308,4.1,0.66,0.48,32.64,348.97,-0.529,-0.103,0.842,-1.0,0.2,0.3,0.32,1.7,0.3,-0.3,5.7,5.7,-14.1,9.0,-11.5,9.4,-6.8,0.4,8.2,-0.7,-3.9,7.2,-4.8,-6.7,-6.8,-8.5,-6.3,-9.1,-4.4,-7.3,-9.9,-7.9,-4.7,-3.4,-3.6,-2.9,-2.8,-1.8,-7.1,-10.5,4.7,-1.4,-11.1,-10.8,-9.0,-8.2,-7.6,-1.7,-3.2,-2.9,-3.7,-7.4,-5.2,-4.6,-4.4,-5.0,-3.2,-0.3,-4.0,-1.2,-1.9,-1.6,-2.9,-2.8,-3.3,-1.8,-2.6,-4.5,-4.3,-3.8,-6.5,-4.4,-3.4,-13.1,-2.1,0.2,-10.6,-8.8,-3.8,-10.7,7.9,-9.6,6.9,-5.7,-8.5,-4.1,-7.6,-7.2,-6.0,-6.0,-6.2,-7.7,-7.5,-12.3,-6.3,-7.3,-4.0,-5.4,-11.9,-3.0,-3.9,-4.4,-6.9,-5.9,-4.3,-3.5,-4.2,-4.5,-3.6,-3.5,-3.4,-3.0,-2.7,-2.6,-3.6,-1.9,-5.1,-2.6,-3.8,-5.7,-6.0,-5.5,-10.2,-8.4,-8.9,2.2,-2.9,-8.9,-2.2,-5.4,-18.3,-3.7,-8.8,-8.2,-8.6,-13.5,-17.2,-4.5,-5.2,-7.5,-5.4,-9.3,-8.5,-5.6,-6.9,-4.8,-2.5,-4.3,-2.7,-3.1,-1.9,-7.2,-6.8,-6.2,-5.8,-4.9,-4.8,-8.1,-5.4,-7.1,-3.4,-2.2,-10.0,-10.0,-8.2,-8.4,-8.5,-5.8,-8.8,-8.3,-8.9,-10.2,-7.2,-7.0,-9.2,-2.8,-6.4,-7.6,-5.0,-6.9,-7.6,-8.3,-10.6,-4.7,-3.1,-4.0,4.6,-2.4,-7.1,-0.7,-2.7,1.2,-0.7,-5.5,-4.7,-9.5,-8.7,-5.4,-10.5,-15.8,-6.7,-1.2,-16.6,-13.4,-14.0,-9.7,-9.1,-8.7,-9.3,-6.5,-8.0,-13.1,-11.0,-5.9,-10.7,-13.1,-11.9,5.1
2C7L51J9Ki,0,48.108417,11.625242,4442079.62,2778538.13,531.7,577.4,295,7328,2.2,0.9,0.27,32.65,348.97,-0.529,-0.103,0.842,-1.0,0.1,-0.12,0.17,0.2,0.1,-0.3,-0.9,-0.1,-1.1,-1.0,-1.6,-1.6,-0.2,-1.2,-0.6,1.3,-0.4,-1.3,-0.9,7.7,4.8,6.3,8.1,7.0,-11.0,5.5,6.1,-0.3,-0.3,0.4,1.2,3.9,1.1,1.0,1.2,-2.1,-15.2,-3.7,-3.9,-3.1,-5.6,-3.8,1.1,-1.3,0.7,1.4,0.9,-0.3,0.4,1.2,-0.9,-1.0,-1.0,-0.1,0.8,0.4,1.9,0.6,0.2,-0.9,-0.6,-0.6,-0.6,-0.6,0.1,-1.0,-1.4,-0.9,-0.9,1.1,-0.7,-2.9,-1.0,-1.9,-1.7,-0.3,-1.3,-0.3,-1.2,-0.6,-0.1,0.5,1.7,0.1,0.1,0.7,-0.5,0.4,-1.7,-0.1,-2.7,-2.2,-1.8,-1.1,-1.6,-1.3,-2.3,-0.8,-2.2,-1.9,0.4,0.7,-1.2,1.5,2.1,1.2,-0.1,-0.2,-2.0,0.5,-0.5,0.7,1.7,0.8,0.1,-0.9,-0.7,-0.0,-1.1,0.0,-0.5,-1.5,-3.5,-2.1,-1.3,-1.2,-3.3,-0.5,-0.3,-0.3,-1.2,-0.7,0.2,-0.9,-0.2,-1.4,-5.3,-1.3,-1.5,-1.9,-4.0,-2.1,-2.3,-3.2,0.5,-0.2,-2.0,-2.4,-2.0,-2.7,-4.2,-5.2,-1.1,-2.8,-3.2,-3.4,-2.2,-3.2,-3.0,-5.0,-4.8,-4.6,-3.1,-0.3,-3.4,-2.9,-3.3,-3.4,-1.9,-5.1,-6.9,-2.1,-2.7,-3.9,-1.2,-2.7,-2.3,-6.5,-5.9,-4.7,-4.6,-4.6,-3.9,-3.3,-5.6,-3.5,-3.2,-3.7,-3.2,-2.8,-3.0,-3.2,-2.7,-2.7,-3.6,-4.4,-3.3,-2.8,-4.8,-4.2,-6.7,-3.8,-3.7,-5.1,-4.9,-2.0,-2.3,-3.1,-4.5,-4.2,-6.1,-5.6,-3.6,-6.7
2C7L51J9LN,0,48.108728,11.627667,4442259.52,2778576.71,533.6,579.3,295,7369,2.0,0.91,0.31,32.66,348.97,-0.53,-0.103,0.842,-0.5,0.1,-0.41,0.15,0.4,0.1,-0.3,-1.3,0.3,-0.6,-0.5,0.0,0.1,-1.0,0.0,0.1,-0.3,0.7,0.6,-1.0,1.3,-0.1,-1.1,-0.1,-1.2,-2.9,-4.1,-1.0,0.0,-1.5,0.2,5.4,-1.5,0.5,0.2,-0.7,-0.2,-6.8,-3.8,-3.3,-0.8,1.3,2.2,-0.6,1.8,5.0,-3.7,2.9,-0.1,-0.4,0.0,1.8,-3.3,-2.5,-5.0,-4.3,-1.6,-0.3,-2.0,-1.6,-1.9,-0.8,0.5,-0.8,-0.7,-1.3,-0.6,-0.5,-1.2,-1.4,0.1,-3.0,0.1,-0.5,-0.7,-3.0,-1.9,-1.0,-1.1,-1.7,-1.7,-0.6,-0.4,-0.7,-1.2,-0.2,-1.8,-0.6,-0.7,-4.7,-4.9,-2.2,0.1,1.9,0.7,-1.5,-1.4,-3.6,-5.6,-1.9,-5.1,0.9,-0.5,-11.2,1.9,-0.7,-1.1,1.3,0.4,0.9,2.5,-0.4,-0.7,0.4,-0.8,1.7,0.2,-0.1,-1.8,-2.2,0.7,-1.4,-1.2,0.8,-0.1,1.0,-1.5,-1.4,-0.8,0.7,-1.0,-3.0,-0.6,1.2,1.8,-1.4,-0.3,-2.9,-1.0,0.6,-0.5,-0.1,-2.9,0.6,-1.0,1.3,1.2,-1.0,-0.1,-0.3,-0.9,-1.4,-1.9,0.2,-0.1,0.9,0.6,-0.9,-1.0,0.7,-2.8,-1.8,-2.3,-0.5,-0.9,0.3,-2.5,-2.7,-2.4,-5.5,-5.4,-4.5,-1.2,-3.3,-1.3,-2.0,0.5,-1.9,-3.9,-3.9,-3.2,-4.0,-0.8,-3.3,-3.5,5.0,-3.0,-0.9,-2.9,-3.3,-3.4,-2.5,-0.6,-1.3,-1.9,-4.0,-3.2,-0.6,-2.4,-12.1,-4.3,-1.5,-4.1,-1.0,-2.5,-2.7,-3.3,-4.4,-2.5,-5.8,-5.4,-3.4,-3.5,-3.0,-3.1
2C7L51J9Lb,0,48.108842,11.628554,4442325.29,2778590.81,539.4,585.1,295,7383,3.4,0.73,0.42,32.66,348.97,-0.53,-0.103,0.842,-0.6,0.2,-0.31,0.27,0.9,0.2,-0.3,2.8,5.3,4.2,1.7,-0.6,4.2,7.5,3.8,3.2,-0.7,6.3,2.7,0.6,5.3,3.2,1.6,-0.2,0.9,-1.6,-1.1,3.0,-6.9,2.2,-3.6,-1.2,-3.3,-3.0,3.5,0.6,10.2,-2.3,-1.0,2.6,2.1,-6.0,0.1,6.5,8.1,7.1,1.3,0.4,4.7,4.0,4.5,4.6,2.4,4.6,-2.2,2.3,2.9,2.3,1.9,3.7,2.5,2.8,3.8,3.4,4.6,2.7,1.6,0.2,5.9,-0.9,-0.7,5.2,1.5,2.5,3.2,0.9,0.4,2.9,3.0,-0.5,1.1,2.6,6.2,9.9,7.3,6.0,3.1,4.6,4.7,-2.6,2.0,0.5,2.5,6.2,6.0,3.5,7.4,5.5,1.1,-0.6,4.4,5.8,9.1,4.6,8.7,5.6,1.6,2.9,4.5,5.9,2.4,2.5,4.7,2.5,3.7,2.8,3.7,5.1,-0.2,2.9,0.3,1.6,-1.0,3.0,-3.5,0.5,-0.2,10.0,1.6,5.0,5.7,5.3,4.0,3.9,1.5,4.8,3.5,7.5,-2.7,1.7,-0.4,-0.6,6.3,-0.9,5.2,5.4,6.8,-0.4,2.5,0.0,-1.2,2.7,-2.5,1.0,-3.5,-0.5,-3.9,-8.2,1.0,-0.3,4.6,2.4,2.0,2.6,-0.6,-1.5,0.3,2.1,0.5,8.7,-2.4,4.9,6.5,3.1,-1.6,0.8,7.8,0.8,0.5,-2.6,1.4,0.6,-7.3,0.5,-4.1,-7.4,-7.8,-11.2,-2.9,-4.4,-2.4,-4.1,-8.2,7.9,9.6,6.9,2.1,-1.6,5.0,-0.6,5.2,0.9,0.9,-5.1,2.5,1.8,1.7,1.0,0.3,3.5,-0.6,2.1,0.2,6.8,3.9
2C7L51J9Ll,0,48.108917,11.629134,4442368.31,2778600.04,538.1,583.8,295,7393,3.6,0.74,0.44,32.66,348.97,-0.53,-0.103,0.842,-0.7,0.2,-0.77,0.28,1.5,0.2,-0.3,-0.6,0.3,-1.3,-0.0,-0.8,2.0,16.3,-2.7,0.9,-4.9,-0.3,12.6,-0.3,-1.1,0.3,1.4,-0.8,0.3,0.8,2.7,1.1,-1.0,-0.2,-2.7,-7.2,-3.6,-1.1,-3.5,-2.9,1.5,-10.7,-5.5,-6.8,-3.0,-7.3,-1.9,-1.1,2.4,-0.5,1.2,-3.7,-3.1,-4.8,-5.6,-2.3,-2.5,-7.3,-6.0,-1.8,-2.6,-1.6,1.6,-0.1,-0.3,0.9,1.2,-2.2,1.4,0.3,-2.4,-1.6,-0.8,-1.2,-0.7,11.2,15.4,-1.9,1.9,-0.7,0.2,-1.8,-0.8,-3.1,0.0,-4.0,1.0,-1.2,-1.6,-0.8,-7.8,-2.2,-2.7,-8.8,-11.4,-5.0,-3.2,3.6,1.8,2.7,5.4,0.9,-2.6,-9.3,-1.6,-3.8,-1.8,3.7,-0.5,0.9,3.0,-1.5,-0.9,1.5,1.6,1.6,0.2,-0.8,2.0,-1.5,0.2,3.4,-0.0,-2.2,-0.7,-1.7,-3.4,-4.4,-0.8,-2.6,-1.3,1.5,3.6,-1.1,4.1,4.0,2.2,-1.7,2.0,0.9,4.2,-0.2,4.6,-6.1,-0.1,-1.4,-1.3,-1.9,-0.8,2.6,1.4,-10.7,-4.3,-0.0,-1.9,-1.2,1.9,-8.8,-0.4,3.1,-0.4,9.5,1.9,-1.5,0.9,-1.8,-1.0,0.8,-1.0,-1.5,-2.1,-4.3,-4.5,-3.1,-3.0,-3.8,-8.9,-4.4,-1.4,-4.4,1.3,-1.3,-3.3,-8.5,-5.8,-6.2,-4.3,-9.0,-6.7,10.3,-5.2,-3.9,-5.7,1.7,-3.7,-2.5,-3.7,-4.6,-1.6,-1.4,-6.5,-3.6,-5.6,-2.9,-3.9,-2.7,-1.6,-5.4,-5.8,-10.4,-2.8,-4.9,-3.7,-5.8,-4.9,-4.1,-8.0,-2.9,-1.1
2C7L51J9NM,0,48.109626,11.634656,4442777.92,2778687.9,533.9,579.5,295,7492,1.8,0.9,0.32,32.69,348.97,-0.53,-0.103,0.842,-0.7,0.1,-0.15,0.14,1.3,0.1,-0.3,1.2,2.2,-1.0,-2.3,-0.5,0.1,0.2,1.4,1.9,-5.4,0.3,-3.0,-0.3,0.3,-1.3,-0.5,0.1,-1.1,-2.2,-2.3,-2.7,-3.8,-3.9,-3.4,-1.4,-0.7,-2.3,-3.3,-1.2,-4.6,-4.6,-5.2,-3.3,-2.5,-0.3,-1.9,-1.9,1.1,0.1,-0.2,-0.7,-2.2,-3.8,-2.4,-3.2,-2.3,-1.2,-2.0,-0.4,-3.5,-0.9,-0.4,-0.4,1.3,0.3,3.2,-0.6,1.0,1.1,1.4,0.8,1.7,-0.7,-1.5,-0.6,-1.6,0.7,0.6,-1.2,-1.4,-1.2,-2.9,-2.0,-1.3,-1.4,-1.0,0.8,-0.2,-2.4,-3.6,-3.5,-4.1,-4.6,-3.1,-2.7,-2.6,-1.3,-2.4,-2.8,-4.1,-2.8,-4.5,-5.4,-5.0,-4.1,-3.2,-5.0,-2.8,-2.9,-2.1,-2.5,-1.8,-2.5,-3.0,-0.7,-4.3,-2.9,-3.2,-1.8,0.3,-0.5,-3.0,-0.3,1.7,0.5,-2.9,-1.1,1.7,-0.7,-0.7,-1.1,-1.7,-1.2,0.3,-0.5,1.3,-2.2,0.3,1.3,1.7,-5.4,-4.6,-0.6,-4.9,-6.4,-2.9,-3.8,-3.5,-0.5,3.0,-1.2,-3.5,-1.2,-2.3,1.3,1.7,-2.3,-5.0,-2.5,-3.0,-4.3,-0.5,-4.1,-4.3,-3.6,-2.3,-1.7,-3.0,-1.6,-3.3,-6.0,-8.8,-4.7,-6.3,-6.1,-5.1,-2.6,0.4,-3.0,-5.8,-4.0,-4.4,-6.9,-3.1,0.2,0.3,-5.1,-6.0,-2.0,-3.8,-4.2,-2.2,-6.6,-5.7,-3.3,-4.4,-2.9,-2.3,-5.2,-8.8,-6.2,-7.6,-6.5,-4.5,-3.5,0.2,-2.1,-3.6,-0.7,-1.8,-5.7,-3.0,-5.0,-4.7,-2.1,-4.9,-1.2,-4.2
2C7L51J9Nq,0,48.109855,11.636448,4442910.83,2778716.41,537.4,583.1,295,7522,3.8,0.71,0.63,32.7,348.97,-0.53,-0.103,0.842,-1.4,0.2,-0.68,0.29,1.2,0.3,-0.3,-2.6,-5.2,-1.8,-6.4,-1.5,-0.5,3.1,1.8,-1.7,5.1,2.2,-2.4,-1.4,4.8,-0.1,1.2,0.5,1.4,-0.0,0.3,3.9,-0.3,-3.0,0.0,1.9,0.5,-3.4,2.7,-1.3,-2.7,-9.3,-4.7,-3.6,-2.4,-1.6,0.1,1.4,2.6,-0.4,1.5,-1.2,-1.8,-0.1,-1.2,-1.8,4.0,-2.5,-1.1,-0.9,-0.4,-0.7,0.4,2.8,1.3,2.1,-1.7,-0.9,0.0,-0.7,0.1,-1.0,-2.4,7.0,1.8,0.1,-1.9,1.0,1.5,2.6,-2.8,-1.3,-0.4,-1.3,4.6,-0.8,0.9,-3.8,-2.9,-1.6,-2.2,-4.3,-2.5,6.0,1.9,-3.1,-2.1,-3.3,-1.3,-1.7,-8.1,-4.6,-13.7,-9.0,-6.1,-0.6,1.6,-6.4,-3.8,3.2,-6.6,5.6,-3.3,-14.8,7.0,-3.8,-10.9,-14.4,9.4,-5.2,-2.8,-2.6,8.7,7.2,-2.1,-4.0,-1.0,-1.6,-1.6,-2.2,2.1,5.0,0.1,-2.5,-4.1,0.6,1.1,0.6,-0.5,-0.7,-3.5,6.7,-2.2,-3.0,-1.8,-2.1,-2.9,-0.9,-1.5,-0.7,5.6,-5.2,-3.8,-4.4,-3.6,-3.2,-1.3,-13.5,-3.8,-2.5,0.2,0.8,-3.6,-6.4,-4.4,-3.2,-5.3,-3.6,-4.5,-3.6,-6.8,-3.6,-7.4,-8.2,-8.1,-3.4,-3.0,-4.8,1.0,-11.4,-18.0,-5.3,-3.7,-5.3,-4.6,-4.8,-5.1,-5.1,-3.6,3.3,-2.9,-5.4,-3.7,-5.6,-9.2,-6.3,-4.7,-3.4,-3.1,-2.4,-1.4,1.7,-15.5,-8.0,-8.0,-3.3,-16.9,-5.4,-8.3,-5.8,-17.6,-4.8,-7.6,-7.0,-11.6,-3.1,-7.6,-5.7,-9.3
2C7L51J9L2,0,48.108587,11.626424,4442167.21,2778558.99,532.1,577.8,295,7348,4.4,0.61,0.45,32.65,348.97,-0.53,-0.103,0.842,0.5,0.2,1.11,0.34,0.7,0.3,-0.3,-1.3,-3.0,-1.3,-0.7,-0.9,-0.8,4.8,0.1,-0.2,-1.0,-2.4,0.1,-4.7,-5.2,-0.3,2.1,-5.4,-5.5,-4.5,-5.9,-8.2,-2.2,-2.8,0.7,1.6,1.3,-7.3,-5.7,-6.5,-4.0,-12.7,-1.1,-4.6,2.9,-13.2,-1.7,-0.7,-3.7,-17.1,2.2,-4.1,2.0,1.1,0.7,-1.3,-2.3,-4.6,-2.6,0.8,-3.1,-0.8,-1.6,-2.9,-0.9,-4.8,1.7,-2.0,0.3,-3.6,-5.8,-4.3,-2.1,6.2,-1.2,-6.0,-8.4,-3.1,0.0,-2.1,-2.0,-1.0,-1.9,-1.5,-6.6,-0.3,-4.6,-5.8,-2.0,-8.9,-6.4,-0.9,7.6,-12.2,-0.6,-4.7,-6.3,-1.1,-1.9,0.8,-3.9,-0.9,-3.3,-4.6,-4.7,-13.1,-4.3,-7.6,-3.6,-1.9,-2.0,-6.0,-7.4,-5.8,-3.8,-10.4,-10.1,-7.0,-13.6,-8.1,-8.7,-6.4,-11.3,-4.6,-3.6,-4.9,-9.8,1.8,-6.4,-15.3,-9.6,-2.6,-6.2,-1.5,-7.2,-5.8,-4.2,0.2,-13.6,0.7,-3.3,-17.0,-5.5,-0.2,0.1,0.5,-2.4,1.1,-3.8,-3.0,3.8,-9.8,-12.3,-13.1,0.8,-4.0,-0.9,0.3,-0.2,-0.8,2.8,-2.4,1.3,-0.9,-2.3,-2.9,-4.1,-0.7,-3.7,-2.0,-1.9,2.9,-1.2,0.4,-2.3,-7.1,1.6,-2.5,-0.3,4.2,1.7,1.8,-7.7,3.5,5.2,4.7,0.7,-14.4,1.5,2.3,1.7,3.4,1.3,-0.6,0.3,1.2,-4.1,-6.3,-9.3,7.2,6.3,-5.7,-10.3,-7.4,-5.4,-14.6,1.5,4.3,1.5,4.4,-2.1,-11.0,0.4,0.4,4.6,1.9,-2.6,3.3,2.2
2C7L51J9NF,0,48.109608,11.634378,4442757.25,2778685.53,540.3,585.9,295,7485,3.6,0.72,0.41,32.69,348.97,-0.53,-0.103,0.842,0.1,0.2,0.13,0.28,0.9,0.2,-0.3,-2.0,-3.3,-2.9,-3.6,-2.6,5.4,0.0,-1.8,2.0,1.1,0.8,-2.6,3.6,1.4,-0.7,1.0,-2.6,-3.3,-4.7,-5.2,-5.1,-4.5,-3.3,-0.7,0.2,-5.5,-3.8,2.0,-6.2,-4.2,-13.1,-10.1,-4.9,-3.0,-0.4,-5.0,-2.8,0.5,-1.5,1.6,-2.3,-6.8,-2.0,-4.5,-2.5,-4.0,-2.3,-4.5,-3.7,-4.7,-0.4,-1.0,-1.9,0.1,-2.1,-4.5,-4.6,-3.0,-5.1,-7.3,-4.7,-2.1,-9.3,-4.4,0.2,-7.4,-6.2,-4.7,-4.4,-4.4,-9.2,-4.6,-4.6,-5.5,-1.4,-2.0,-1.8,-1.9,-3.3,-3.9,-5.7,-6.7,-5.7,-7.4,-6.3,-7.5,-2.7,-2.7,-3.0,-4.9,-4.6,-5.5,-5.5,-4.1,-1.7,-4.3,-5.6,-2.9,-3.8,-2.4,-3.9,1.3,-0.9,-1.4,0.2,0.7,-3.1,-2.2,-2.9,-0.5,-0.5,-6.5,-3.7,-4.8,-4.0,-4.2,-5.9,-6.5,-10.0,-5.3,-4.1,-3.9,-5.1,-4.9,-6.4,-5.6,-7.0,-2.7,-3.0,0.1,-3.4,-7.0,-5.4,-3.0,-6.1,-1.9,-0.5,-3.1,-3.3,2.8,-4.2,-7.8,-2.7,-10.0,-0.9,-5.1,-2.0,-5.6,0.2,5.1,-2.2,2.5,7.3,2.8,7.5,4.5,8.1,0.6,0.5,-5.8,-5.2,-10.0,-6.3,-5.8,-3.9,-4.9,5.5,1.3,-10.7,-18.2,-1.7,0.6,-6.8,3.9,-0.1,-11.1,7.7,-0.9,4.1,-1.5,1.9,2.4,-7.3,3.2,-0.0,-1.1,-1.9,-0.2,-2.4,-5.6,-6.1,-2.1,-9.3,-3.7,-4.9,-14.9,-0.0,-7.4,-0.7,-5.0,-5.7,-3.7,-0.6,-4.1,-9.4,-1.3,-4.4,-2.1
2C7L51J9Kl,0,48.108495,11.625562,4442103.22,2778547.32,537.2,582.9,295,7331,2.6,0.84,0.42,32.65,348.97,-0.53,-0.103,0.842,-0.4,0.1,-0.84,0.2,0.7,0.2,-0.3,0.2,0.0,1.2,1.9,1.1,-1.4,0.0,3.7,3.7,-2.8,0.4,1.6,4.0,2.8,1.5,-1.7,-3.9,-3.3,-2.2,-5.7,-1.7,0.6,-2.3,-0.5,0.5,0.0,-0.0,-2.4,-1.2,-2.8,-13.5,0.2,-2.5,-2.9,-3.8,-0.6,1.3,3.0,0.4,0.2,1.9,0.1,1.0,4.2,2.2,0.2,-1.0,0.0,0.8,0.2,1.7,-0.0,2.8,1.9,0.6,1.9,-0.4,2.0,1.5,1.2,1.4,1.4,1.5,1.5,-0.5,-1.3,0.8,0.5,1.1,0.1,-1.0,0.6,-1.3,0.9,0.3,-1.0,-1.1,0.1,-1.5,-1.5,-0.8,-1.8,-1.0,-4.3,0.2,-1.2,3.3,1.8,3.7,-2.4,2.2,1.0,-2.1,0.3,2.3,4.6,2.3,2.9,5.7,4.9,5.8,4.7,4.9,-2.5,6.6,-1.2,5.9,7.8,1.9,-0.4,1.5,1.5,-1.0,-1.9,-2.3,0.8,-4.2,-0.2,0.5,-2.5,-1.4,-0.0,-0.2,0.3,1.9,-0.1,-1.8,1.1,0.8,-0.4,2.7,2.7,-1.4,0.3,2.7,-1.1,1.5,-0.5,3.9,2.5,-1.2,-0.9,0.0,2.6,-0.3,1.8,-7.8,-0.9,-0.2,0.6,0.4,3.9,3.5,-1.8,-5.8,-1.1,-0.9,-6.4,1.9,-1.1,2.2,4.1,1.7,2.2,0.8,1.0,1.9,1.6,1.2,-0.2,2.5,-4.2,-2.4,-3.1,-2.6,-1.2,1.8,-0.4,2.5,-1.4,-1.3,0.8,-2.9,-0.8,0.4,-2.1,-4.6,0.9,6.9,-0.4,-6.4,-0.5,-4.9,-3.3,-4.3,-5.5,-2.0,4.2,-6.4,-2.0,-4.0,-3.6,-3.0,-6.9,-1.6,-2.3,-1.7,-4.3
2C7L51J9LK,0,48.108752,11.627562,4442251.58,2778579.15,537.2,582.9,295,7366,3.4,0.73,0.46,32.66,348.97,-0.53,-0.103,0.842,-0.7,0.2,-0.38,0.26,1.4,0.2,-0.3,2.7,1.9,1.1,2.4,2.2,-1.4,3.0,-1.0,-2.8,1.2,-1.1,4.6,1.1,2.7,-1.3,0.5,1.1,0.5,2.1,-1.6,3.2,2.5,3.6,-4.9,-2.6,2.5,3.6,3.3,7.0,2.6,-2.4,0.2,5.3,1.9,3.5,3.7,-4.1,4.3,6.6,3.6,4.0,-2.0,2.3,5.2,1.3,-1.1,0.5,1.4,-2.7,-4.8,-1.0,0.9,1.4,1.6,1.4,-3.3,0.0,1.7,0.4,-0.8,-2.1,-0.1,-0.8,1.5,-0.5,-3.6,0.1,4.4,5.8,8.3,1.6,-2.9,1.7,4.3,1.8,0.2,-1.6,2.4,0.1,5.4,8.6,13.3,-1.0,-2.4,-1.4,0.5,5.5,4.5,-0.7,1.5,0.3,4.3,-0.9,-3.1,-0.8,2.0,0.2,2.4,3.3,3.6,-3.1,2.6,3.0,4.6,5.1,5.0,1.9,3.0,4.4,4.2,-6.0,-6.9,-7.0,-3.4,-1.9,-0.7,2.0,-2.1,-1.9,-6.6,-6.9,-0.3,1.7,-2.5,-4.1,-0.7,5.7,2.6,5.3,-1.5,1.4,-1.3,4.4,7.4,-1.8,0.1,-0.5,-0.4,0.4,3.1,1.2,-1.0,-0.1,3.7,3.1,3.7,-8.5,-1.4,-2.8,-2.6,-2.3,0.3,1.4,1.6,-3.2,1.7,1.0,2.8,0.5,-11.7,3.5,-2.4,1.5,-1.5,0.3,1.5,-0.8,2.5,3.1,5.4,0.9,-0.4,0.4,-9.6,-0.6,-10.3,-1.3,-1.3,-5.9,-1.4,-3.7,-0.6,-1.7,-2.2,1.5,5.4,2.0,6.1,-2.0,-5.8,1.0,1.7,1.5,-4.3,-1.0,2.3,0.6,-3.3,1.3,-11.8,-10.8,-5.3,3.7,-14.0,-2.0,-1.7,-4.3,-1.2
2C7L51J9LZ,0,48.10886,11.628407,4442314.28,2778592.59,538.0,583.7,295,7381,4.1,0.67,0.53,32.66,348.97,-0.53,-0.103,0.842,-0.9,0.2,0.11,0.31,1.8,0.3,-0.3,-0.0,-2.9,-2.1,-5.4,-5.1,4.4,-0.0,-3.6,2.3,-3.3,3.5,-0.4,-2.0,3.4,-8.5,-12.7,4.9,2.0,-1.9,-3.4,-3.6,-1.8,1.5,-3.1,-2.3,-1.0,-4.0,2.7,-7.7,-3.9,-6.4,-7.3,-5.6,0.4,-2.1,-1.7,-0.8,-2.5,2.2,3.5,-4.2,-5.0,-2.8,-4.1,-2.5,-5.6,-12.2,0.3,-4.3,-7.2,-6.2,6.7,1.3,-1.6,-6.2,-2.1,-0.8,4.9,1.3,1.5,-1.1,-0.1,-3.1,-0.1,-11.2,0.0,-0.4,-17.2,-3.3,-4.3,-0.3,-3.9,-4.0,-1.9,-4.8,-8.5,-15.9,-7.5,-5.3,-3.5,-5.3,-5.1,-5.6,-4.2,-5.0,-3.8,-2.7,-2.4,-1.4,-0.8,-6.4,-3.0,0.0,-5.7,-4.3,-1.9,-8.1,-2.1,-3.9,-2.4,-6.3,-4.8,-3.6,-4.1,-3.2,-2.4,-2.7,-3.2,-2.4,-4.6,-3.3,-5.9,-3.9,-4.1,0.1,0.0,9.1,3.4,-13.2,-2.6,-3.2,-4.1,-2.7,-1.5,2.5,-2.3,-3.1,-3.5,-6.9,-8.8,-9.7,-1.6,-5.3,-5.7,-7.0,-6.3,-7.0,-8.2,-2.9,-3.3,4.6,3.0,2.4,1.3,5.4,-0.7,-3.7,1.8,-1.8,-2.0,-5.1,-5.7,-1.3,-3.1,-18.4,1.1,-17.9,4.5,-5.3,-8.9,-3.9,-5.8,-8.9,-8.6,-5.1,-6.8,-11.2,-3.4,-5.0,-7.3,-7.7,-6.2,-11.1,-7.4,7.1,-5.7,-4.6,-5.2,-4.1,-6.4,-5.7,-3.1,-10.4,-0.6,-10.8,-15.3,-2.7,-3.7,-8.8,-8.0,-4.9,-5.4,-8.1,-9.9,-11.9,-10.1,-8.1,-6.9,-5.2,-9.6,0.4,0.1,2.9,-1.5,-1.0,-4.6,-4.5,-7.0
2C7L51J9Mt,0,48.109482,11.633249,4442673.46,2778669.61,547.1,592.8,295,7463,3.6,0.72,0.45,32.68,348.97,-0.53,-0.103,0.842,-0.7,0.2,-0.57,0.27,1.5,0.2,-0.3,-2.2,0.9,6.9,0.1,-0.2,3.9,-3.6,2.1,3.7,1.8,1.0,-2.8,-4.9,-1.6,-2.2,1.2,-2.9,-9.1,-6.8,-4.6,1.0,-5.0,-0.6,-1.6,-2.2,10.1,-1.7,-4.2,-0.5,-6.3,-9.2,-9.1,3.2,-6.5,-9.5,-10.1,-5.0,-7.0,-3.9,-3.0,-3.6,-10.3,-12.2,10.4,-6.6,3.4,0.9,-16.1,-0.5,6.1,4.6,3.3,-0.4,-2.3,0.5,1.5,1.8,1.6,3.4,-2.7,0.2,-0.6,-12.5,-3.5,-5.5,-2.5,-1.9,-5.0,-2.3,-3.5,-2.8,-7.1,-3.4,-4.4,-2.6,-1.2,-1.3,-2.4,-3.0,-3.8,-4.7,-1.9,-4.2,-2.5,-5.0,-2.9,-0.7,-2.5,-3.2,-2.9,-2.4,-4.2,-5.8,-1.7,-8.3,-0.4,-2.4,-2.9,-2.6,-4.9,-4.1,-4.3,-4.5,-5.3,-4.0,-3.2,-2.0,5.0,-0.5,-5.2,-1.5,-3.9,-4.2,-1.9,2.1,-1.0,-8.1,-1.4,0.9,1.7,1.6,2.0,0.3,-5.2,-4.9,-0.1,4.3,0.1,-0.8,-1.0,2.2,-0.4,-1.3,-1.8,-4.9,-5.0,-2.0,-4.6,-1.6,0.9,6.4,-1.4,-2.5,-1.9,3.0,-0.7,-5.4,1.0,-1.2,3.4,-12.4,-1.0,-1.4,-2.5,-2.2,-2.9,-2.7,-8.6,-2.0,-2.9,-3.6,-7.8,-5.8,-5.9,-9.1,-6.1,-4.3,-1.0,-4.6,-4.4,-4.1,-5.0,-5.9,-5.7,-8.7,-5.2,-4.1,-5.0,4.9,-2.5,-3.3,-6.8,-4.4,-1.2,-8.0,-4.4,-3.6,-4.1,-6.0,-7.0,-7.2,-10.3,-5.7,-9.4,-7.8,-5.9,-5.5,-5.3,-3.9,-4.0,-2.4,-7.6,-7.6,-6.5,-4.2,-7.2,-6.5,-2.8
2C7L51J9Nl,0,48.109865,11.636235,4442894.91,2778717.12,541.9,587.6,295,7517,1.7,0.93,0.32,32.69,348.97,-0.53,-0.103,0.842,-0.5,0.1,0.01,0.13,0.3,0.1,-0.3,-0.8,-1.4,0.7,-0.7,0.1,-1.6,-1.3,0.1,-0.2,0.5,-0.8,-0.2,1.4,0.8,2.8,1.3,-0.1,1.5,-2.6,-1.3,-1.7,-1.1,-2.4,-2.3,0.6,0.8,0.1,0.9,-0.5,-2.0,-4.2,-5.0,-2.8,-3.7,0.1,-0.7,0.3,1.1,-0.8,1.0,-0.8,-1.2,-0.8,-1.3,0.9,-3.0,-2.5,-1.0,-2.1,1.1,0.3,-1.0,-2.3,-1.7,-1.0,-1.1,-0.0,-2.8,-1.0,-1.4,-4.3,-3.8,2.3,-3.3,-2.0,-0.6,-1.7,0.9,0.4,-2.5,-1.0,-2.0,-2.1,-2.0,-1.6,-0.7,-2.1,-1.2,-4.4,-4.7,-4.7,-6.7,-3.1,-3.0,-1.6,-2.8,-0.9,-1.0,-2.6,-3.4,-1.7,-2.5,-1.7,-4.2,-3.0,-3.7,-1.1,-0.4,-3.1,-3.1,-1.5,0.1,-1.7,-0.1,-1.4,-2.1,-2.7,-2.0,-1.8,-1.4,-1.2,-1.2,-2.0,-1.2,-1.1,-2.1,-0.4,-0.9,-0.5,-1.3,-0.6,-1.6,-1.1,-1.8,-0.9,0.7,-0.2,-1.7,-3.1,-4.5,0.7,-0.3,0.0,1.2,-2.0,-2.9,-0.7,-0.5,2.8,2.7,-0.8,-2.0,-1.0,-2.9,-0.9,0.3,-5.8,-1.6,-1.3,-0.4,-1.1,-3.0,-3.2,-1.8,-1.6,-1.4,-2.2,-1.1,-2.3,-2.7,-3.0,-10.4,-5.3,-6.6,-6.9,0.0,-0.6,0.6,-3.2,-1.2,-2.7,-4.5,-4.7,-4.1,-4.4,-3.2,-4.6,-3.5,-0.7,-4.1,-3.6,-3.8,-2.8,-3.8,-3.9,1.0,-6.1,-2.6,-3.4,-2.0,-1.1,-3.0,-3.2,-1.8,-0.5,-1.0,-2.0,-2.3,-2.1,-6.5,-5.4,-2.3,-4.4,-3.4,-5.1,-2.2,-2.6,-4.0
2C7L51J9KR,0,48.108371,11.62445,4442020.74,2778531.7,539.1,584.8,295,7311,3.5,0.75,0.42,32.64,348.97,-0.529,-0.103,0.842,-0.7,0.2,-0.45,0.27,0.7,0.2,-0.3,1.3,1.5,2.3,0.3,2.4,0.4,2.9,2.0,2.6,-4.9,2.4,-2.3,2.1,2.4,2.0,3.1,0.3,1.0,-0.2,-1.9,0.0,-1.5,0.3,1.9,2.4,1.3,0.2,8.5,-4.2,4.3,-10.9,3.8,0.5,-2.9,-1.8,-1.4,2.5,4.3,-0.3,2.9,-1.0,1.8,-1.4,4.0,-3.5,-2.9,3.6,-7.2,-6.0,-3.3,0.6,0.5,-0.0,1.0,1.3,0.1,-1.4,0.7,0.0,0.8,1.5,3.0,-6.3,-0.3,-1.3,-1.0,-0.1,-0.2,0.9,2.1,1.3,-1.0,-2.0,2.5,2.8,5.0,3.2,3.1,7.7,10.8,-3.1,-0.7,5.3,5.5,2.7,5.2,2.1,1.5,-1.3,-0.4,-1.2,7.4,-1.0,-1.4,-3.1,-2.3,10.2,0.3,-1.1,1.1,1.6,0.5,2.2,0.5,2.3,3.0,1.5,0.0,-2.4,-3.1,-3.1,-2.8,-2.3,-1.1,-2.6,-1.2,-4.9,0.0,-4.1,-0.5,10.4,3.2,-6.3,-5.9,-5.7,2.6,1.2,-3.5,-4.6,-3.0,-2.6,-2.1,0.9,2.6,-1.1,0.8,0.7,-2.2,3.9,3.6,1.8,3.9,-2.7,5.8,2.0,-0.2,-3.4,-6.1,1.6,-2.0,-0.1,3.8,3.6,1.5,1.8,0.4,2.8,-1.8,-1.7,-0.0,-0.4,-4.4,-1.1,-2.2,-2.0,0.9,-1.3,-3.1,-1.0,-4.7,-2.8,-7.7,-4.8,-7.3,-6.7,-4.0,-0.2,-1.8,11.6,-1.1,-5.3,-2.1,-1.3,-1.5,-0.5,-4.4,-4.2,-1.8,-9.2,-0.0,4.9,-10.0,8.7,-10.4,-3.0,-12.1,-4.6,0.9,-4.6,1.5,0.6,-0.7,-2.8,-0.8,-5.7,-2.3,-5.6,-3.7
2C7L51J9Kh,0,48.108469,11.625214,4442077.37,2778543.86,533.8,579.5,295,7327,2.9,0.84,0.37,32.65,348.97,-0.529,-0.103,0.842,-0.9,0.1,0.06,0.22,1.0,0.2,-0.3,-1.2,-1.0,-1.7,-2.6,-3.5,-2.0,-1.9,-0.6,-1.3,-2.2,-0.5,-2.3,-3.6,13.7,9.4,11.3,9.6,9.9,9.2,7.2,10.9,-3.4,-1.7,-3.5,2.7,-1.6,0.7,-0.9,-2.5,0.6,-13.8,-7.0,-7.0,-3.7,-6.0,-6.0,-3.0,-4.8,-0.7,-0.7,-1.5,-1.6,-0.6,-2.4,-4.2,-2.3,-2.7,-3.7,-1.3,0.6,-1.9,-2.3,-2.3,-3.0,-1.4,-0.4,-0.5,0.0,-1.5,-0.9,-1.2,0.6,-1.1,-0.6,-5.2,-1.5,-0.9,-2.3,-1.0,-2.2,-2.3,-1.2,-2.6,-1.9,-0.2,-1.6,-0.9,-1.2,-0.9,-1.3,-1.6,0.6,-3.2,-2.0,-3.4,-1.4,-4.2,-3.0,-2.3,-1.1,-2.2,0.8,-0.2,-1.5,-2.1,-3.0,-1.9,2.5,2.5,-1.9,-2.2,0.0,-3.3,-0.5,0.1,0.3,-0.2,3.3,0.9,-3.3,-1.6,-2.0,-0.8,-1.6,0.3,1.1,-5.5,-3.4,-2.3,-0.8,-4.4,-2.6,0.2,-0.9,-0.1,-0.8,-0.9,0.0,-1.6,-1.7,-5.9,-1.7,-1.0,-3.7,-4.0,-3.4,-5.3,-3.8,0.8,-5.5,-3.7,-5.5,-4.2,-4.4,-2.1,-3.0,-3.8,-2.0,3.6,-2.8,-2.1,-7.2,-0.9,-3.4,-5.7,-1.2,-3.2,-0.1,-3.4,-3.8,-2.9,-5.5,-1.1,-4.8,-7.4,0.4,-3.9,-4.6,-3.5,-5.0,-4.9,-7.9,-5.7,-5.6,-3.5,-4.0,-4.7,-2.4,-6.2,-3.1,-2.8,-3.9,-4.4,-2.6,-5.2,-4.1,-3.7,-4.3,-5.0,-5.6,-1.5,-4.0,-5.7,-3.3,-7.5,-3.6,-4.5,-5.7,-6.9,-3.7,-1.6,-4.2,-5.0,-5.1,-2.7,-4.2,-3.9,-3.5
2C7L51J9Lp,0,48.108999,11.62934,4442383.43,2778609.5,537.8,583.5,295,7397,2.1,0.89,0.27,32.66,348.97,-0.53,-0.103,0.842,-0.6,0.1,-0.13,0.16,1.1,0.1,-0.3,-0.7,-0.5,0.1,-0.3,-0.4,-1.2,1.0,-0.1,1.4,-4.0,0.9,-2.0,0.1,1.3,2.3,2.3,1.2,2.9,0.1,1.4,2.7,2.6,2.2,3.4,2.0,3.7,3.4,-0.1,1.4,-0.0,-9.0,-1.8,0.2,0.3,-1.5,0.3,4.3,2.2,3.9,3.0,1.0,0.4,0.3,1.1,3.0,1.0,-2.5,0.9,0.5,3.4,0.7,1.8,1.9,1.7,1.4,0.7,-1.0,0.4,0.7,0.4,-0.3,-0.5,-0.4,-0.9,10.2,-10.4,-2.0,-3.5,-2.6,-2.0,-5.5,-0.7,-2.3,0.5,0.5,1.7,0.9,1.2,-0.1,-0.7,-1.4,0.4,0.1,-0.0,0.9,1.3,3.1,3.1,1.6,0.6,0.7,2.8,-5.8,-0.9,-0.4,3.1,3.9,2.3,2.0,2.0,0.2,-0.8,0.5,1.6,2.9,1.9,2.9,1.1,0.5,0.5,-1.0,-0.2,0.1,0.6,-0.2,-2.4,-5.4,-3.5,-2.3,-2.5,-3.3,-2.0,-0.5,-0.4,-0.4,0.1,-2.6,2.9,1.3,0.7,-1.6,-0.0,-1.3,-0.4,-0.4,-0.1,0.2,2.9,3.7,5.7,-1.5,-0.1,1.0,-0.2,0.5,-1.1,-3.2,-2.2,-1.0,-1.1,-0.9,-0.6,0.2,-0.8,-1.4,-0.6,-0.1,-0.2,0.2,1.4,1.4,-0.6,1.7,-0.8,-3.0,1.1,0.6,1.9,0.7,2.1,0.7,-2.0,-5.2,-4.2,-1.9,-3.5,-5.1,-2.5,-2.5,-3.5,-3.8,-2.3,-2.2,-1.2,-2.9,-2.5,-3.3,-0.2,-1.5,-0.9,-3.0,-0.8,-1.9,-3.2,-0.8,-0.1,-0.6,-2.3,-0.5,-1.3,-0.4,-1.7,-1.8,-1.1,-2.3,-3.2,-1.8,-2.3
2C7L51J9Lq,0,48.109008,11.629415,4442389.0,2778610.69,538.7,584.4,295,7398,3.5,0.74,0.42,32.66,348.97,-0.53,-0.103,0.842,-0.3,0.2,-0.26,0.27,1.2,0.2,-0.3,-1.0,0.7,2.6,1.7,0.5,-2.9,2.7,0.4,2.5,-3.9,1.0,-4.1,1.4,-0.7,3.1,2.9,-2.9,-0.2,-2.6,0.1,-4.4,-7.5,13.2,2.4,4.9,5.5,8.6,-3.2,5.5,1.7,-6.5,4.9,9.0,2.2,-0.5,2.9,4.5,1.5,-0.8,3.7,2.2,-2.6,0.6,1.9,4.4,5.2,-1.2,3.0,2.0,3.7,2.0,2.6,4.0,3.5,0.2,0.9,1.4,3.5,2.6,3.5,1.6,2.8,-5.2,1.2,11.9,-2.6,-0.3,0.4,0.2,-0.6,-3.1,3.7,-1.2,3.3,3.2,2.6,1.6,4.7,-0.5,-1.0,1.9,2.8,-12.0,3.9,-7.4,4.3,7.5,2.8,5.5,2.1,3.1,6.9,-2.1,4.0,5.2,6.1,4.2,-10.2,-9.1,2.5,3.8,7.4,6.5,-2.1,6.4,5.9,4.3,5.8,6.7,3.2,2.0,2.9,2.0,2.4,-1.4,-3.3,-1.1,-3.6,-3.8,-1.6,-0.9,-1.2,1.8,2.7,1.7,4.7,-0.9,8.9,6.5,3.8,-1.2,5.7,1.2,-0.3,-0.7,1.9,-4.8,4.0,4.4,6.7,-2.3,-3.1,0.2,2.7,2.3,1.6,-1.4,-0.7,0.8,2.1,0.6,1.8,2.0,1.2,0.6,-0.0,2.0,-0.9,-0.4,3.4,2.5,3.0,1.4,-2.3,1.9,-0.5,1.0,8.3,6.8,4.7,3.3,3.8,-1.4,-3.8,0.3,-2.3,-1.3,-1.4,-9.5,-2.6,-2.6,0.3,1.2,1.0,-2.1,-0.3,-6.3,2.4,-1.2,2.2,-0.1,6.9,-0.5,0.9,3.0,6.2,2.0,2.4,3.1,-0.2,-0.1,2.6,-0.7,-0.6,-0.1,-1.0,1.1,-1.4
2C7L51J9NC,0,48.109644,11.63437,4442756.54,2778689.51,547.1,592.8,295,7482,3.5,0.74,0.45,32.69,348.97,-0.53,-0.103,0.842,-0.5,0.2,-0.36,0.26,1.1,0.2,-0.3,1.3,2.8,1.3,1.4,-0.1,-2.2,2.4,2.5,0.5,-6.2,3.7,-4.4,-0.7,0.4,0.5,3.8,0.2,-0.1,1.1,-1.7,3.9,0.3,2.1,4.9,5.5,1.2,2.0,-5.6,6.5,0.6,12.8,-2.4,0.7,2.4,0.1,1.4,2.0,5.4,6.3,2.4,8.5,-2.4,2.7,-0.8,1.2,-1.2,-3.4,-3.6,3.6,1.2,2.9,2.8,3.3,2.5,2.2,2.4,-2.5,-0.9,0.4,-0.2,0.9,3.3,-1.5,1.9,-4.6,-5.9,-1.0,-2.0,0.1,-0.5,-5.0,9.2,-2.5,1.1,-2.8,0.1,3.2,1.3,1.9,-2.5,1.3,-1.2,1.9,3.9,4.9,-1.5,2.0,2.9,0.9,3.2,2.7,3.9,0.8,-2.6,3.5,-3.7,-1.2,2.9,2.7,4.2,4.6,3.1,4.1,1.7,4.1,4.4,4.3,5.1,4.2,3.6,3.9,7.4,2.3,2.7,0.9,-0.9,-4.5,-1.1,7.2,0.1,-10.4,4.4,-4.5,-0.4,0.5,-0.2,-2.7,4.6,9.7,5.0,5.6,2.5,0.1,1.9,2.2,3.2,0.7,-1.3,6.4,4.8,0.5,-3.7,-4.3,0.6,0.2,5.2,-4.1,-2.1,5.3,-1.9,-3.8,5.1,-3.0,-1.8,-1.3,2.8,0.4,-10.2,-1.2,2.6,3.3,-3.2,-2.0,-6.9,-2.6,1.0,2.2,5.1,-2.9,0.3,-2.5,-1.5,1.4,-12.0,-4.2,-5.9,-0.5,1.6,3.3,1.7,1.5,4.8,0.9,-3.2,2.8,1.9,2.1,-0.5,0.7,-3.5,-1.8,-1.8,10.6,-1.4,0.2,4.7,-3.1,1.4,-2.0,2.7,-9.5,1.5,-2.6,-2.8,-5.4,-2.7,-2.1,-2.9
2C7L51J9Nk,0,48.109911,11.63645,4442910.88,2778722.59,555.5,601.1,295,7516,3.4,0.73,0.4,32.69,348.97,-0.53,-0.103,0.842,-0.6,0.2,-0.37,0.26,1.6,0.2,-0.3,-2.8,-2.2,-0.3,0.7,-2.4,-6.3,1.6,-1.1,0.5,-2.3,-0.0,-9.7,5.7,-0.3,-2.0,-2.3,-2.8,-1.5,-2.8,-2.5,1.1,-2.2,-1.7,-4.2,-0.5,0.8,1.1,-4.0,-0.1,-6.0,-9.4,-7.1,-5.8,-3.6,0.6,-1.9,-1.9,3.6,-0.5,2.9,0.8,-0.2,0.6,-5.8,-1.5,-1.9,-9.6,-3.0,-2.7,2.3,2.6,3.0,-2.2,1.0,-1.9,-0.8,-0.2,0.1,6.1,3.1,0.9,-5.7,0.6,-9.3,-5.0,-7.9,8.2,-6.4,-11.9,-5.1,-3.2,-3.2,-2.8,-9.4,11.5,-7.8,7.5,-5.8,-9.0,-6.7,-0.5,-7.5,-5.9,-3.0,-3.6,-11.8,-1.2,-6.1,-5.3,-5.9,-2.9,-4.3,-7.3,-5.8,-4.3,-2.7,-2.2,-2.1,-1.1,-3.8,-1.7,0.2,-0.3,-1.7,-0.7,-1.9,0.2,-4.2,-6.1,-0.8,-2.8,2.3,-5.4,0.4,1.4,4.9,-7.2,-2.1,2.5,4.3,-3.0,0.0,-2.7,-2.5,-2.0,-3.1,-3.5,-1.5,-3.0,-4.4,-2.6,-2.5,-0.2,0.2,0.8,-2.5,-0.9,-0.9,1.8,1.8,-5.6,-2.3,-0.1,-0.2,0.1,6.0,-6.9,1.1,2.0,0.2,-1.5,-2.6,-0.3,-4.4,-1.0,0.5,-6.4,-1.5,-1.4,-6.9,-4.8,-9.5,-2.7,-6.5,-6.0,2.1,-0.0,-0.2,-3.3,-1.4,-1.3,-2.2,-7.6,-7.6,-4.6,-3.1,-3.7,-3.1,-3.9,-3.6,-2.5,-5.4,-7.9,-8.5,-6.1,-2.6,-5.0,-5.3,-7.0,-7.5,-6.5,-7.5,-11.3,-8.1,-7.6,-4.8,-5.2,-1.1,-6.2,-2.6,-2.9,-2.4,-4.1,-2.6,-2.0,-4.8,-4.3,0.6
2C7L51J9No,0,48.109879,11.636196,4442892.0,2778718.59,532.9,578.6,295,7520,2.8,0.8,0.44,32.69,348.97,-0.53,-0.103,0.842,-0.8,0.1,-0.16,0.21,1.3,0.2,-0.3,-0.1,-4.8,-2.9,-2.5,-2.0,2.8,-2.3,-0.5,-2.8,-4.8,-1.3,4.1,-2.3,-5.1,-3.2,-1.8,-2.8,-0.4,0.6,0.6,-5.3,-0.5,0.6,3.2,3.1,1.3,-2.7,3.8,1.6,-1.7,-1.0,-2.1,-2.3,-2.2,0.2,-1.0,-1.3,1.3,-0.3,1.5,1.6,3.6,-3.9,0.2,-2.0,-5.5,2.6,0.5,0.4,1.8,2.9,-0.9,-5.8,-2.3,-1.8,-2.9,1.6,-1.7,-0.5,1.1,1.0,-2.2,4.8,-0.5,1.6,-0.4,3.6,1.0,-1.4,0.4,3.5,-1.6,3.9,-4.0,-3.7,-0.9,-3.1,-2.5,-3.3,-0.8,-4.4,-5.0,-4.0,-1.3,-6.0,-5.3,-5.5,-2.5,2.1,-5.8,-5.1,0.2,-1.1,-3.3,-6.1,-1.2,-0.0,-2.2,-5.8,-1.7,-2.4,-2.0,-4.6,-4.7,-6.0,-6.6,-3.7,-0.9,-1.1,-3.1,-3.2,-3.5,-3.7,-2.6,-2.3,1.4,0.3,-1.2,0.7,-1.2,0.9,0.8,0.6,-2.1,-0.3,-1.4,4.9,-0.2,-4.2,-6.9,-4.9,-2.9,2.6,-0.9,-4.7,-3.5,-4.2,-7.5,-4.0,1.5,-3.0,-2.4,-4.1,-0.2,-0.9,0.5,-0.4,-0.6,0.0,4.2,0.3,-0.9,0.8,-7.2,-6.7,-2.8,-4.3,-2.4,-4.5,-0.8,-3.3,-5.6,-9.5,-6.0,-8.7,3.1,-4.8,3.3,-8.7,-9.6,-0.9,-1.0,-5.2,-5.7,-1.7,1.2,-1.6,-0.5,-7.5,-4.1,-1.8,-3.0,-3.8,-2.6,-6.4,-2.8,-1.2,0.0,-1.9,-10.2,-8.6,-8.4,-4.6,-4.8,-11.0,-7.9,-10.4,-6.4,-4.2,-7.3,-3.2,-4.8,-1.9,-3.8,-2.5,-0.3,1.2,0.1
2C7L51J9Jd,0,48.108012,11.621513,4441802.8,2778487.03,537.0,582.7,295,7261,3.1,0.74,0.43,32.6,348.93,-0.529,-0.103,0.842,-0.4,0.2,-0.21,0.24,2.2,0.2,-0.3,-3.4,1.4,1.7,2.0,1.8,2.8,2.5,0.7,0.8,5.0,2.8,4.6,2.3,0.2,5.2,6.7,8.0,7.2,3.3,4.9,4.5,2.4,0.5,2.4,5.2,4.9,1.4,3.9,-0.4,2.6,13.3,6.1,1.8,1.2,-0.2,1.6,1.0,3.4,8.5,1.1,0.6,1.2,5.9,3.1,2.3,5.3,2.6,0.2,3.3,-4.8,0.5,-8.0,-0.9,-2.7,-0.3,-2.2,2.6,-0.5,-0.1,-2.5,1.3,-1.3,4.0,-4.3,1.7,2.5,0.9,1.2,-2.2,1.2,2.4,2.7,1.1,1.6,3.3,3.7,5.6,5.2,6.4,7.1,3.8,6.8,-0.4,-0.1,1.4,7.8,6.4,6.7,3.6,9.2,12.1,2.9,3.1,3.7,4.1,1.8,-1.1,3.2,7.0,0.5,3.0,8.3,0.5,3.1,1.0,10.5,4.8,-1.1,2.7,-2.1,7.0,0.3,1.8,2.7,3.6,0.3,-0.4,0.9,-1.9,-1.0,2.4,1.9,4.0,5.7,7.6,7.0,5.0,7.4,5.9,5.8,2.8,-0.9,1.4,0.2,2.0,1.4,2.9,4.2,6.0,3.7,6.5,-6.1,-0.6,0.5,-0.0,-3.4,1.2,0.5,-0.1,-4.7,2.2,-1.4,1.0,0.2,4.0,-2.7,0.6,0.5,1.6,1.6,-0.2,0.8,6.1,3.2,4.4,-0.0,-0.3,3.6,3.6,5.4,4.6,0.9,0.9,0.3,-2.8,-2.8,-2.8,-1.5,2.0,-1.8,-5.8,-3.8,-1.3,1.5,3.8,5.1,2.7,5.1,5.0,3.5,-2.5,5.7,5.4,7.0,1.5,-2.8,10.9,3.7,-5.9,-6.2,2.2,-1.3,11.9,-4.7,0.8,-0.3,-1.6,-4.3
2C7L51J9Lh,0,48.108956,11.628867,4442348.33,2778604.03,539.1,584.7,295,7389,3.6,0.73,0.48,32.66,348.97,-0.53,-0.103,0.842,-0.3,0.2,-0.44,0.28,1.3,0.2,-0.3,1.3,0.4,1.3,0.8,0.8,1.5,1.2,0.0,1.4,5.4,2.2,2.2,2.7,2.0,9.0,9.5,12.9,-0.5,-0.6,0.1,2.7,4.0,1.5,14.9,-2.1,2.4,1.8,2.2,-1.0,-3.6,-1.4,-8.5,1.1,-0.6,6.1,-3.3,0.2,4.7,2.6,2.2,0.2,-0.2,-0.2,-2.5,3.8,-0.1,0.5,0.5,-0.7,1.7,1.9,3.1,3.1,3.5,1.9,5.1,3.0,2.0,1.0,2.0,1.7,2.0,7.9,-0.2,-6.9,2.3,-0.7,-3.8,0.2,4.3,-1.1,0.7,1.3,2.7,4.8,8.8,6.5,9.4,10.5,-1.4,6.8,15.6,0.3,2.9,1.7,7.4,7.3,6.6,4.7,4.2,2.0,2.6,0.4,-0.6,-1.3,5.9,4.2,12.8,3.2,3.6,-0.2,-2.0,4.2,6.2,15.5,-7.2,6.0,5.1,6.8,4.4,8.1,3.0,4.1,2.7,3.3,0.1,-1.1,-2.1,-0.2,-1.0,-0.1,-1.0,-0.0,2.9,4.4,9.1,1.3,0.4,-1.7,8.2,3.2,3.0,5.5,1.6,-2.2,2.6,3.2,-6.9,3.5,4.8,-0.1,0.1,1.4,-0.1,-0.1,-2.0,5.7,-0.5,-0.5,0.3,0.0,-0.2,3.6,1.4,3.4,4.1,6.6,1.3,3.4,-0.0,3.6,-1.5,-2.6,1.5,-6.7,2.9,0.1,-1.7,-2.0,2.7,12.8,-4.7,1.2,-1.9,-0.0,-1.2,-3.0,0.1,0.4,-1.9,-0.6,-1.0,-1.2,0.5,-0.6,6.8,1.2,4.4,6.6,3.8,1.0,2.1,3.2,4.5,5.0,4.3,3.4,3.9,-0.0,-1.6,-1.8,-1.6,-1.9,-0.2,-0.3,-1.7,-1.4,-0.4
2C7L51J9Nf,0,48.109906,11.636267,4442897.21,2778721.72,561.5,607.2,295,7511,4.2,0.64,0.46,32.69,348.97,-0.53,-0.103,0.842,-1.4,0.2,0.63,0.32,1.1,0.3,-0.3,-0.5,-0.9,-1.0,2.6,0.1,3.5,-2.1,-1.8,-1.8,1.9,-4.2,0.5,-1.8,2.2,-3.4,-10.1,-1.8,-2.4,-1.8,-1.7,-3.8,0.7,-0.6,5.0,3.8,-1.0,1.2,-2.6,0.5,0.1,-9.5,-6.0,2.1,1.5,-0.3,0.1,2.5,3.1,-1.2,3.9,-0.4,-5.6,4.1,-0.9,3.9,1.8,-4.4,2.5,-3.7,-6.2,-4.3,-5.0,-2.3,1.6,-0.8,-2.0,-1.2,-4.8,-3.9,1.6,-5.9,-0.8,-1.2,2.2,-4.7,-1.5,0.8,-16.2,-0.4,1.3,-9.7,-4.5,5.9,-8.3,-2.2,-0.3,5.1,3.6,5.7,-4.6,-5.7,6.0,-11.4,-2.9,-9.3,-3.4,4.0,-2.5,-3.6,-1.6,-12.0,2.8,-6.3,2.7,-2.3,-12.7,6.4,6.7,-6.4,-2.6,-5.0,-2.8,-3.0,-1.9,-5.6,-0.9,0.8,-2.6,5.0,-5.7,-5.3,0.7,-2.1,-6.2,1.5,-3.0,3.4,-1.6,-13.8,-1.5,5.5,-6.0,2.4,-7.6,-9.5,-3.9,-16.0,-9.6,-6.0,-6.2,-4.9,-5.7,-5.6,-2.7,-9.5,-3.6,-13.2,-2.4,-3.5,-4.8,-5.2,-8.8,-6.3,-2.7,-4.5,-0.5,-14.0,-7.3,-8.7,-4.9,-10.6,-2.4,-11.0,-9.7,-8.2,-6.0,-9.7,-3.4,-5.3,-7.6,2.1,-15.6,-5.4,-8.8,-12.8,-3.7,-2.5,3.6,5.2,0.4,-2.7,-5.8,-4.0,-3.4,-9.0,-9.9,-3.1,-6.5,2.7,-8.6,-9.2,-7.1,-5.0,-4.3,-8.0,-11.9,-5.0,-7.1,-3.2,-7.8,-10.1,-1.0,-3.0,-3.7,-4.6,-3.3,-2.8,-2.4,-7.8,-4.8,-8.0,-7.8,-6.2,-3.9,-8.4,-7.6,-9.2,-7.0
2C7L51J9Nn,0,48.10989,11.636141,4442887.87,2778719.77,533.3,579.0,295,7519,2.4,0.88,0.35,32.69,348.97,-0.53,-0.103,0.842,-0.5,0.1,0.37,0.18,0.3,0.2,-0.3,-1.9,-2.8,-0.8,-1.8,-1.9,3.8,-1.1,-1.5,-0.5,1.6,-0.9,5.5,-1.1,-1.3,-3.5,0.4,-2.0,0.9,-0.8,1.5,0.7,-0.1,-1.8,-0.6,1.5,0.9,-1.2,0.7,-3.2,-2.9,-2.6,-2.4,-3.4,-2.0,-0.8,-1.8,-0.5,2.0,1.7,2.7,0.1,-1.3,-3.4,-0.9,-1.8,-2.1,-1.3,-4.4,-3.1,-2.9,-1.3,-2.0,-3.2,-1.0,-0.4,-1.8,-1.2,-3.6,-1.9,-1.8,-2.9,-2.8,-1.8,-3.2,-1.6,0.8,0.1,-0.1,-4.9,-1.6,1.9,-1.7,-0.5,-2.5,0.5,2.0,1.4,-0.9,-3.3,-1.9,-2.6,-5.0,-2.0,-2.4,-4.1,-4.0,-2.6,-0.7,0.6,-4.8,-3.6,-2.8,-18.9,-3.1,-4.3,-2.9,-5.9,-1.6,-2.2,-1.1,-4.1,-2.9,-3.0,-2.7,-3.7,-3.6,-4.4,-3.6,-4.1,-2.4,-3.6,-2.4,-3.9,-2.9,-2.3,-2.4,-1.9,-2.0,-0.1,-3.2,-1.2,0.7,-1.1,0.5,-0.1,-0.2,-4.8,0.2,-3.9,-6.4,-3.0,-1.7,3.1,0.6,-2.1,-3.7,-3.2,-2.6,-2.2,-0.8,4.4,-6.9,-4.9,-2.8,-6.7,-3.4,-0.9,0.5,-1.1,-1.8,-2.8,-2.8,-2.1,-2.8,-4.3,-4.3,-4.8,-2.7,-2.6,-6.0,-1.6,-8.1,-1.0,-5.8,-3.9,-5.6,-0.5,-0.2,-2.9,0.8,-2.1,-2.9,3.0,-5.3,-3.8,-6.5,-4.8,-3.1,-6.5,-3.2,-1.7,-2.5,-3.6,-2.9,-5.4,-3.9,-2.9,-2.5,-1.8,-5.0,-3.9,-5.4,-4.4,-2.0,1.7,-4.1,-6.3,-2.3,-3.7,-5.2,1.2,-2.1,-0.9,-2.6,-9.5,5.4,-5.2,-4.4
2C7L51JQMj,0,48.108061,11.62175,4441820.37,2778492.87,536.5,582.2,296,7265,3.7,0.72,0.43,32.6,348.93,-0.529,-0.103,0.842,-0.1,0.2,-0.2,0.28,0.8,0.2,-0.3,1.2,1.8,-0.1,-2.2,-0.2,2.2,-4.2,-3.9,-2.2,-1.3,2.1,6.3,-1.2,5.1,-0.6,4.2,-3.7,5.0,3.9,5.1,2.5,1.6,0.2,4.2,2.6,2.7,6.1,0.6,2.7,1.7,9.1,-3.4,-1.9,-4.0,-2.7,-2.4,-7.6,-1.9,-3.2,1.2,1.7,3.2,-5.1,-12.5,0.6,4.2,3.0,4.4,2.8,5.6,2.7,-0.9,-0.0,-4.8,-3.8,3.5,4.1,-9.7,-13.0,-12.8,0.7,-2.8,-5.8,1.1,1.8,7.2,4.1,5.8,-7.4,-5.4,0.9,-3.0,2.8,-5.2,6.4,5.9,8.8,1.7,-0.3,6.7,-2.3,-3.0,4.1,5.8,1.8,2.3,0.0,4.2,-0.4,-1.2,-2.5,-1.8,3.5,-0.7,1.9,-0.9,3.2,3.5,0.4,-0.5,2.1,-11.8,0.4,-1.4,-1.5,-0.6,1.2,-0.2,1.2,-0.1,-0.4,-0.6,0.3,-0.4,-2.1,0.0,-2.7,0.2,-1.8,-3.9,-2.1,1.2,-5.5,-0.4,2.4,4.4,1.1,-8.2,2.8,-0.3,4.9,2.5,2.6,1.0,-1.5,-0.6,3.5,2.6,0.4,4.7,7.0,6.5,1.4,6.2,2.7,2.9,-2.4,1.9,3.4,1.2,1.6,-0.1,-1.7,-1.9,-0.9,0.8,2.2,1.8,-0.4,1.9,-1.1,-0.6,3.3,4.1,0.8,0.5,0.7,0.8,-0.6,-1.6,0.7,-2.8,-2.4,4.1,1.3,1.2,-0.7,4.4,-10.5,0.9,2.2,0.9,-1.3,-6.7,-0.3,-3.9,2.5,-0.7,-2.6,-1.1,2.1,-1.9,1.2,0.8,-5.1,-1.9,0.5,-1.2,-3.3,0.4,-2.4,8.4,-2.8,-2.6,3.1,5.6,-1.1,-4.3
2C7L51JQN2,0,48.108218,11.622973,4441911.09,2778512.32,542.0,587.7,296,7284,2.3,0.83,0.32,32.61,348.93,-0.529,-0.103,0.842,-0.4,0.1,-0.41,0.18,2.3,0.2,-0.3,-0.6,-2.9,-2.6,-0.1,-1.3,2.7,-1.0,-1.9,-3.1,7.7,-2.9,4.4,-1.2,-3.9,-2.9,-4.0,-2.2,-2.7,-2.8,-3.2,-3.2,-4.2,-1.4,-2.4,-1.7,-3.9,-2.5,1.2,-0.5,-7.6,-16.6,-8.0,-7.3,-8.9,-4.8,-5.7,-3.1,-1.7,-0.7,-2.7,2.3,2.5,-1.1,-2.5,-3.1,-0.4,2.3,-0.7,-0.6,1.2,1.3,0.8,0.4,0.9,0.7,-2.1,2.6,1.6,1.6,2.7,0.4,2.8,-3.0,1.6,2.9,1.7,0.8,2.0,-2.6,-3.3,-0.1,-2.1,-1.7,0.1,-2.7,-1.8,-2.2,-1.0,-0.7,-2.6,-4.2,-3.2,-3.6,-2.3,-3.0,-3.0,-3.7,-2.8,-3.8,-4.9,-3.8,-1.2,-1.6,-4.7,-2.3,-3.4,3.0,-2.3,-2.3,-4.0,-1.8,-1.1,-1.2,0.5,-3.0,-1.3,-3.6,-1.1,-0.3,0.3,-5.6,-2.6,-1.4,-2.5,-0.4,3.6,2.6,-2.9,-1.4,-2.1,1.7,2.4,3.4,-2.1,-5.9,-4.9,1.9,-2.0,-3.3,-3.4,-8.4,-5.2,1.7,-5.4,-3.3,-6.8,-2.6,-0.8,-3.7,-2.6,1.3,0.8,0.6,2.0,-0.7,-1.5,-3.8,0.5,-0.4,0.3,1.7,-0.7,-4.2,-3.3,-0.8,-0.3,-3.5,-4.9,-1.8,-2.0,-6.3,-7.1,-6.1,-6.4,-5.8,-0.1,-5.0,-6.6,-1.5,-3.8,-4.4,-7.4,-2.0,-1.9,-0.2,1.2,-1.9,-0.6,2.0,-0.6,-4.2,-0.8,-1.9,-1.3,-2.6,-0.7,-3.0,-4.0,-6.8,-4.1,-5.1,-5.0,-5.4,-6.2,-8.9,-5.8,-5.3,-4.6,-5.0,-3.3,-2.2,-2.2,-2.9,-4.3,1.4,-2.7,-1.4,-3.7
2C7L51JQNB,0,48.108262,11.623312,4441936.22,2778517.72,536.0,581.7,296,7293,1.8,0.92,0.36,32.61,348.93,-0.529,-0.103,0.842,-0.8,0.1,0.14,0.14,0.1,0.1,-0.3,0.4,0.6,1.2,1.1,-0.7,0.9,0.9,0.7,0.6,2.8,1.1,1.7,0.7,-2.4,-0.8,-0.5,-1.7,-0.6,-1.3,-0.3,-0.4,-5.4,-2.6,0.6,1.5,1.9,1.9,-1.2,-0.3,-5.2,6.0,-0.5,1.2,-3.0,-5.5,-2.7,2.6,3.0,1.0,1.4,0.3,1.0,1.7,-0.1,-5.1,-1.7,0.3,-2.8,-1.3,-0.3,-0.5,-1.6,-3.2,-0.5,-1.0,-0.8,-0.8,-1.2,0.0,-0.4,-0.1,-0.6,0.3,-1.5,0.6,-0.6,-0.2,8.3,-2.4,-0.5,-1.0,-0.4,-2.5,-0.3,-3.3,-0.7,-0.8,0.6,-1.6,-0.1,-0.9,-0.1,0.6,1.2,-2.5,1.4,-2.5,-1.1,-0.7,-1.8,-0.9,-2.0,1.1,-4.3,-1.8,-1.0,-1.1,-0.2,-0.5,-1.8,-0.2,-1.4,-0.8,-1.6,-1.5,2.7,-0.6,-1.4,1.4,-1.1,-2.3,-2.1,-0.8,-1.8,-2.8,-2.1,-0.7,-2.9,-2.4,-2.6,-1.1,-2.3,-2.7,-3.1,-2.7,-2.6,-2.3,0.0,-1.4,0.5,-3.2,-2.9,-3.6,-1.9,-3.2,-1.1,1.1,-0.9,0.2,1.0,-1.2,-3.3,-1.9,-1.4,-0.3,-2.4,-2.7,-3.8,-3.4,-3.4,0.7,1.8,-2.0,-3.0,-2.3,-1.9,-2.3,-4.5,-0.9,-1.4,-4.3,-6.6,-2.2,-3.8,-4.3,-0.2,-2.0,-2.8,-1.5,-5.0,-2.4,-4.8,-1.8,-4.6,-6.4,-5.3,-4.9,-4.2,-3.6,-3.0,-4.3,-5.0,-3.6,-5.0,-2.1,-2.9,-4.4,-2.0,-4.7,-2.8,1.2,-6.1,-2.2,-7.6,-1.5,-3.3,-2.7,-2.8,-0.4,-0.1,-2.5,-4.4,-1.5,-5.0,-1.6,-2.4,-2.8,-1.9
2C7L51JQNV,0,48.108429,11.624612,4442032.63,2778538.39,541.3,587.0,296,7313,2.1,0.88,0.33,32.64,348.97,-0.529,-0.103,0.842,-0.3,0.1,-0.55,0.16,1.1,0.1,-0.3,-1.3,-0.7,-2.1,-0.3,-1.5,1.1,-2.7,-0.9,-1.9,0.3,-1.4,0.0,-0.8,1.8,1.1,-1.3,-0.4,0.4,-0.3,-1.7,0.5,-0.8,-2.1,2.5,1.6,1.6,5.2,2.1,-1.5,-0.6,12.5,-0.9,-4.2,0.2,0.5,-1.2,1.3,0.8,8.0,3.5,6.3,5.1,3.1,4.4,2.2,5.1,1.1,3.0,1.9,2.8,4.6,4.2,0.2,0.4,1.8,2.2,-0.7,0.7,0.7,-0.5,-0.2,3.3,-0.0,-0.0,3.7,-2.9,-0.5,1.4,1.0,1.6,-0.3,0.5,-1.5,1.0,0.1,0.4,1.0,0.2,1.9,0.7,2.5,-1.2,0.4,-0.9,3.8,2.8,1.6,0.9,3.3,-0.2,4.2,2.6,-3.3,-0.6,1.4,1.7,-0.1,2.2,5.5,4.2,3.8,4.0,3.9,3.1,1.4,2.4,2.9,2.5,1.0,-0.4,1.2,2.3,0.2,-1.8,1.0,-3.5,-3.4,-1.8,-0.9,0.7,0.4,0.0,-0.3,-0.9,-0.7,1.5,0.7,1.2,0.8,2.0,1.0,2.9,2.7,2.1,1.1,1.4,4.4,2.9,5.9,5.1,1.6,2.5,3.2,4.1,1.5,0.8,-1.4,4.2,5.0,4.2,2.8,2.5,-1.9,0.4,1.2,2.4,-1.3,1.0,1.9,1.0,1.0,-1.5,-1.6,-2.0,-0.8,2.2,1.2,2.4,2.1,3.2,1.1,-0.4,1.9,-0.7,0.1,1.0,3.0,0.3,-10.8,1.5,2.4,-0.2,1.6,-0.7,-1.9,1.8,2.0,-1.6,-1.6,-1.8,-1.2,-1.1,-1.2,1.1,-2.0,0.9,1.2,-0.6,0.8,0.3,-1.5,0.2,-0.0,0.2,-0.8,-1.1,0.2,-0.7
2C7L51JQOR,0,48.108834,11.627765,4442266.52,2778588.57,534.6,580.3,296,7371,3.0,0.8,0.41,32.66,348.97,-0.53,-0.103,0.842,-0.5,0.1,0.15,0.23,1.1,0.2,-0.3,-2.5,-2.4,-2.7,-3.1,-2.0,0.9,-2.3,-4.2,-0.5,0.3,-0.2,-0.8,-2.4,-1.0,-2.7,-1.3,-1.0,-1.4,-1.3,-3.0,-3.5,-2.3,-2.1,-6.3,-1.0,1.0,-1.5,1.5,-0.4,-6.0,-12.1,-6.3,-2.9,-8.6,-1.2,-1.1,-4.0,-7.0,1.1,-2.1,-3.5,-0.7,0.3,-2.6,-2.3,-4.0,-2.9,-6.1,-2.2,-3.7,-0.6,-3.8,-2.7,-3.1,-3.1,-5.4,1.5,-2.5,-4.3,-2.7,-4.0,-1.8,-6.1,-2.9,-4.1,1.4,-1.7,-1.6,-2.6,-1.4,-5.3,-2.3,-4.0,-2.8,-2.2,-0.6,-4.5,-3.1,-5.8,-2.4,-3.3,-4.0,-4.8,-6.8,-4.9,-5.3,-5.8,-5.5,-5.2,-3.8,-11.4,-5.0,-5.4,-8.1,-12.1,-5.5,-2.3,-4.3,-0.6,-2.9,-2.6,-1.3,-0.5,-3.5,-4.7,-9.0,-8.6,8.9,-5.1,-0.6,-8.6,-2.2,-8.2,-1.7,-6.0,-5.0,-6.3,-7.0,-6.7,-7.1,-4.0,-6.2,-4.8,-8.5,-5.3,-7.8,-5.5,-3.3,-2.9,-6.3,-6.1,-3.5,-1.7,-7.5,-8.4,-8.8,-4.1,-6.1,-3.2,-2.2,-4.3,-3.5,-0.1,-4.1,-2.0,-0.5,7.8,-3.0,2.5,2.7,3.1,-3.1,0.6,5.7,-2.9,-0.3,0.7,-3.5,-17.2,-2.2,-6.0,-6.4,-5.2,-6.5,-4.2,0.8,-2.6,-4.1,-1.3,6.7,-3.3,-6.0,-6.4,-3.2,-6.3,-4.9,-4.7,-5.6,-5.0,-6.4,-4.2,-4.7,-3.4,-5.5,-3.1,-3.9,-5.5,-7.2,-7.7,-6.9,-9.0,-6.5,-3.7,-10.1,-4.1,-7.9,-7.8,-3.2,-6.0,-4.1,-2.5,-4.0,-6.5,-3.8,-4.4,-4.1,-4.3,-4.1
2C7L51JQOX,0,48.108879,11.62812,4442292.87,2778594.21,536.8,582.5,296,7377,3.0,0.77,0.42,32.66,348.97,-0.53,-0.103,0.842,-0.6,0.1,0.13,0.23,1.5,0.2,-0.3,-5.1,-3.2,1.8,-0.9,-1.4,-2.6,-0.9,-0.6,5.0,-2.9,-0.4,1.2,10.7,-3.1,1.5,-1.6,0.3,-1.9,-2.8,-7.3,-3.6,-3.3,-3.0,-4.0,-4.2,-0.6,-1.1,1.7,-0.1,-7.0,-5.5,-9.4,-6.1,-7.7,-6.2,-4.6,-1.8,-2.9,-3.3,-3.9,-3.3,-2.2,-5.3,-7.6,-1.7,-4.0,-2.8,-6.2,-5.3,-5.0,-5.1,-2.4,-3.9,1.8,-0.3,-3.6,-13.5,-0.5,-4.1,-4.5,-5.7,-1.1,-1.4,-7.7,-3.7,-3.8,-3.0,-4.2,-3.4,-1.8,-0.9,-1.6,-0.6,-1.4,1.3,1.0,0.4,-1.2,-6.2,-4.7,-4.4,-3.4,-6.9,-7.1,-5.8,-7.7,-4.7,-5.5,-6.0,-6.5,-10.2,-8.0,-9.4,-13.3,-11.1,1.7,-4.0,-6.1,-6.1,1.6,-0.9,-3.1,-3.2,-3.8,-2.0,-0.9,-5.6,-7.1,-4.9,-3.2,-3.8,-5.0,-3.7,-4.1,-3.8,-5.7,-4.0,-4.4,-4.8,-5.0,-4.8,-5.1,-2.3,0.1,0.4,-7.8,1.9,2.0,-1.8,-12.6,-4.1,-7.3,-3.6,-10.3,-13.0,-9.2,-8.8,-4.1,-4.6,-1.2,-5.4,-1.7,-3.8,-4.2,-4.3,-3.4,-0.1,-5.6,-3.5,-2.7,-2.2,-2.8,-3.5,-1.5,-1.4,-3.2,-3.1,-3.8,-5.9,-2.3,-6.1,-4.6,-5.0,-8.0,-7.3,-7.1,-3.1,-3.4,-2.1,-4.1,-4.6,-9.8,-3.7,-5.1,-6.4,-3.9,-8.1,-2.0,3.8,-3.8,-0.1,-1.5,-4.5,-3.8,-5.5,-6.5,-6.0,-6.1,-7.5,-2.7,-0.6,1.8,-10.9,-12.2,-7.2,-7.4,-9.4,-5.9,-8.9,-2.5,-5.3,-6.7,-6.5,-0.6,-15.4,-7.1,-5.8,-7.5
2C7L51JQMc,0,48.108026,11.621333,4441789.35,2778488.29,536.7,582.4,296,7258,4.0,0.7,0.45,32.6,348.93,-0.529,-0.103,0.842,-0.2,0.2,-0.26,0.3,2.3,0.3,-0.3,1.6,-0.1,9.9,4.0,-0.8,-0.5,2.7,-2.1,2.1,-11.8,1.1,-1.6,-0.0,-0.0,-0.2,0.2,-5.3,-6.0,-2.3,-2.3,-4.7,-4.9,-2.6,-3.7,-3.0,0.4,0.9,-12.4,-3.4,-4.7,-24.1,-10.0,-3.7,-10.7,-7.2,-6.0,-2.5,3.4,2.3,-12.8,0.1,-0.4,-4.6,-3.0,-4.5,-4.6,-2.7,-5.4,-8.0,-4.1,-1.4,0.4,-2.6,-1.9,-1.8,-1.5,-1.9,6.3,-4.5,-4.2,-3.1,0.3,1.7,-3.3,-2.7,-6.2,-2.1,1.8,-0.9,-3.4,-4.2,-7.6,-3.9,-1.6,-5.5,-4.6,-5.0,-3.4,-2.9,-4.4,-1.9,-5.5,-2.3,-3.5,-3.4,-18.9,-5.3,-1.9,-2.9,-3.5,3.3,-1.8,-5.3,-0.2,0.5,-3.2,-4.0,-1.4,-0.5,0.3,-1.5,-2.0,-2.8,-1.6,-2.8,-0.8,-6.0,-4.3,-4.2,-5.5,-3.7,-7.2,-1.2,-5.3,-3.1,2.1,-2.6,8.0,1.1,-3.2,4.2,6.5,0.0,8.3,-15.7,9.8,-0.9,0.9,0.2,-4.3,-13.9,-4.3,-7.2,-3.0,-2.3,-1.5,-3.5,-2.1,-3.9,-1.5,-1.0,-0.6,-0.7,-0.7,-1.0,-3.7,3.6,-0.8,0.1,0.0,-1.6,2.1,-1.3,-4.7,-1.0,-12.0,-2.3,-7.9,0.8,-3.5,-2.0,-5.0,-7.8,-4.5,-5.0,-3.2,0.6,-4.2,0.1,-2.7,-5.5,-7.3,-2.0,-5.1,4.4,-3.5,-8.8,-1.8,1.5,-1.2,0.1,-2.9,-3.7,-6.9,-4.2,-7.4,-10.3,-3.7,-4.9,-10.8,-4.7,-5.6,-8.6,-8.8,-8.8,-5.0,-7.1,-7.5,-4.7,-1.9,-1.9,-0.2,0.6,-0.5,6.6,-4.0,0.7,-3.5
2C7L51JQNA,0,48.108273,11.623257,4441932.12,2778518.91,536.4,582.1,296,7292,3.0,0.8,0.43,32.61,348.93,-0.529,-0.103,0.842,-1.2,0.1,-0.29,0.23,0.7,0.2,-0.3,-3.9,-1.0,-1.3,-0.3,-1.6,-0.2,-0.3,-0.2,3.4,-1.4,0.9,-0.3,2.1,0.4,-1.1,0.1,-1.7,4.0,2.8,5.3,2.5,4.8,-0.1,5.4,4.7,1.4,2.8,2.0,0.5,-6.8,6.7,-3.0,0.5,-3.7,-6.7,-0.9,3.8,5.3,3.9,-3.9,5.1,6.5,5.0,0.8,7.8,4.8,0.6,1.0,-0.3,-0.5,-0.3,0.3,1.6,1.7,-1.3,-0.5,-2.3,-0.5,-0.6,-0.4,0.1,1.9,-2.1,0.3,0.4,0.7,-0.0,4.6,-2.8,-1.3,-2.5,-1.3,-4.1,-0.8,-3.6,-0.6,-0.1,0.1,-4.9,-0.2,-1.0,1.9,0.8,2.2,-1.8,4.1,1.8,2.7,0.3,-1.3,-0.4,1.8,-0.5,-7.7,10.7,-4.9,-2.2,-1.8,1.8,1.9,2.0,-1.4,4.5,4.3,5.2,1.4,1.3,1.0,2.0,-0.1,-1.5,-1.9,-2.3,0.2,0.7,-3.5,-1.7,-3.3,-2.8,-2.8,-0.6,-1.0,-0.4,-0.7,-4.8,-3.8,1.0,3.0,-0.8,2.2,-0.4,0.6,-7.3,-3.0,-0.7,-1.5,-0.9,-3.2,0.8,1.1,-6.5,-6.4,0.2,-0.6,0.0,-3.0,-2.0,-2.7,-1.8,-2.0,-3.0,2.0,-0.5,-3.1,-1.4,1.2,-0.4,-4.9,8.9,3.8,-2.7,-7.3,-1.1,-4.3,-5.3,-3.2,-1.9,-2.7,0.6,-7.9,-2.5,-6.0,-7.1,-2.6,-10.7,-3.8,-5.1,-5.8,7.4,-3.6,-5.7,-5.3,-7.5,-10.0,-3.4,-4.9,-7.7,-4.3,0.0,-4.4,-2.5,-0.9,-3.0,-5.6,-4.1,-5.5,-0.7,-0.3,-4.9,-2.3,-7.3,-7.4,-2.0,-6.5,-3.2,-5.0,-5.7,-5.0
2C7L51JQNm,0,48.108529,11.62525,4442079.92,2778550.62,528.0,573.7,296,7330,4.5,0.6,0.48,32.65,348.97,-0.529,-0.103,0.842,-0.2,0.2,-1.05,0.34,0.8,0.3,-0.3,-1.1,-4.4,-0.5,-3.7,-2.1,-1.9,1.8,-5.6,0.2,-3.9,0.6,2.4,3.6,2.8,-2.4,-1.7,5.9,7.3,2.6,-0.4,3.9,4.7,-10.3,5.0,3.5,8.9,7.8,1.8,3.3,2.4,13.3,-2.9,2.0,3.8,0.6,4.3,4.4,-0.5,6.7,-1.0,5.6,6.9,7.1,8.0,5.0,2.0,6.4,2.7,7.3,3.9,4.8,9.7,4.6,0.2,1.8,-0.1,3.7,0.3,-2.3,1.9,5.4,-1.7,-6.8,5.2,1.5,4.1,5.3,-2.1,-2.0,6.8,2.8,4.7,10.4,4.2,4.7,6.3,3.3,8.0,5.1,7.7,6.6,5.1,0.1,0.6,0.1,-1.8,5.9,9.0,10.2,4.1,2.4,3.9,0.8,0.4,6.0,6.7,6.4,1.8,2.7,4.5,15.0,5.3,6.3,4.3,5.1,3.6,6.7,0.0,2.8,12.6,4.3,-2.4,-5.9,-1.6,-3.2,-10.2,5.3,9.2,1.7,-10.6,8.3,9.1,-0.8,0.8,7.6,-0.5,2.7,1.0,-1.7,2.7,-0.9,-0.5,2.6,0.4,-2.1,-1.9,0.2,4.8,4.6,10.5,7.7,2.3,4.5,8.0,4.4,14.1,-0.1,2.7,7.1,12.7,6.3,6.2,9.3,5.9,4.6,3.8,-0.1,0.5,4.6,1.0,4.6,0.1,6.8,1.8,-0.7,2.0,6.9,6.2,2.0,6.5,2.5,-4.8,-5.8,6.5,-11.4,0.8,7.0,4.0,3.1,-0.9,6.4,2.8,-0.0,-0.6,-1.0,-0.5,-2.6,2.3,1.7,3.1,-5.0,-0.6,10.6,10.2,-4.5,5.8,1.1,-2.3,-3.9,3.0,2.3,-3.8,7.7,4.8,12.8,-12.1,-4.2,-3.8
2C7L51JQO0,0,48.108668,11.626332,4442160.16,2778567.81,539.4,585.1,296,7344,3.1,0.78,0.43,32.65,348.97,-0.53,-0.103,0.842,-0.6,0.2,-0.77,0.24,0.4,0.2,-0.3,0.6,1.2,-0.4,-1.1,0.7,0.6,4.3,3.0,4.9,3.4,2.1,1.4,3.5,2.7,4.4,0.8,-4.4,-8.0,1.4,-2.4,-4.2,-4.6,-2.5,-8.2,-1.0,-7.5,0.7,-1.7,-0.7,3.5,-11.7,-7.3,6.4,-1.8,-11.9,5.2,3.7,1.5,6.2,3.7,0.2,3.0,-0.2,-0.6,-2.5,-3.0,-7.8,-5.6,-0.7,0.9,-0.8,2.2,2.8,2.6,2.3,2.4,-0.9,1.3,0.1,0.7,0.5,2.2,-0.9,-1.5,2.3,-2.0,-3.4,-6.2,-2.5,-1.5,-2.5,0.4,-0.6,-0.2,1.0,0.9,1.9,1.1,1.5,0.1,-0.2,0.1,-1.1,1.4,-3.7,-0.6,1.5,2.8,5.6,0.5,-1.2,2.1,0.1,1.4,3.5,1.6,-1.9,6.1,4.8,4.4,4.6,5.9,1.5,1.1,4.1,1.5,3.6,0.4,2.1,1.3,-0.8,0.0,-1.2,-2.1,0.7,-0.3,-0.5,-0.3,-2.7,-0.4,-1.1,-1.3,0.0,2.6,6.2,-4.5,-1.9,1.2,2.0,2.6,-0.2,1.0,-2.0,-2.0,-0.8,-2.2,-3.4,-2.1,2.2,2.4,-2.8,-2.5,-0.5,0.0,-1.5,-3.4,-1.0,-1.7,0.4,1.9,0.3,0.2,-0.9,-0.8,-0.8,-1.9,-0.8,-2.0,-0.9,-1.5,-2.5,-8.0,-0.1,-3.7,-2.7,3.4,0.9,2.3,3.3,2.6,0.0,-3.8,-0.2,-1.4,-4.1,-0.6,-1.5,0.6,-11.0,0.3,1.6,0.4,0.4,1.1,-1.6,3.1,-5.9,-0.3,-5.7,-5.9,-9.9,-1.7,5.0,-0.3,-8.1,-4.2,-4.2,-4.5,-5.0,-2.3,-5.5,-6.3,-5.7,-1.7,-2.3,-4.1,-2.9,-1.9
2C7L51JQOT,0,48.108861,11.627833,4442271.56,2778591.72,533.9,579.6,296,7373,2.0,0.89,0.32,32.66,348.97,-0.53,-0.103,0.842,-0.6,0.1,-0.52,0.15,1.2,0.1,-0.3,0.1,-0.1,-1.2,-1.8,-2.3,2.2,-0.5,0.3,0.1,-0.4,-1.2,2.4,-1.6,0.4,-1.0,-0.0,5.4,0.0,0.3,-4.6,-3.2,-2.2,-2.0,-3.5,-1.2,0.9,1.4,6.4,0.2,-3.7,-9.6,-5.7,-8.6,-2.4,-2.3,-2.6,1.1,-1.3,0.6,1.5,-2.2,-1.2,-1.7,-2.9,-1.0,-2.0,-1.8,-1.7,-2.0,-1.5,-2.4,-2.4,-1.9,-1.4,-1.3,-2.7,-2.4,-0.8,0.6,-1.2,-1.0,-0.2,1.4,-0.5,1.4,1.0,-0.3,-0.8,0.6,1.1,-1.7,-0.5,0.3,-0.2,0.1,0.9,-0.8,0.2,-2.1,-2.2,-2.3,-0.8,-1.8,-1.5,-1.9,-4.7,-1.2,0.3,-1.2,-0.8,-6.8,-2.0,-4.1,0.2,-4.1,-2.4,3.2,-1.1,-2.8,-1.6,-3.9,-1.0,-3.8,-1.1,-3.5,-3.5,-2.3,-2.8,0.3,-5.2,-1.6,-1.3,-4.7,-2.3,-3.4,-4.3,-4.8,-2.9,1.4,0.4,-2.6,-0.8,-0.1,-0.1,0.3,0.1,0.4,1.8,-1.6,-4.5,0.5,-0.8,-1.7,-3.4,-0.8,-4.0,-3.4,-4.3,-4.2,-0.2,2.8,-2.2,-1.0,-1.9,-1.5,-1.8,0.6,1.3,0.6,-1.0,-0.1,0.2,-0.9,-1.5,-1.5,0.2,-3.5,-2.6,-2.0,-4.1,-0.7,-5.2,-5.9,-6.4,-5.8,0.5,-3.6,-4.0,-3.4,-0.9,-2.3,-4.9,-4.0,-0.5,-1.2,-1.1,-1.2,-1.4,-1.3,-1.8,-4.9,-3.3,-0.8,0.2,-1.3,-1.7,-1.9,-3.5,-1.8,-6.8,-6.2,-3.6,-8.1,-5.1,-6.3,-5.1,-6.2,-11.2,-3.6,-7.8,-3.7,-5.9,-4.9,-5.0,-4.3,-5.0,-5.0,-2.4
2C7L51JQN6,0,48.10827,11.623087,4441919.42,2778518.25,538.5,584.2,296,7288,3.4,0.74,0.42,32.61,348.93,-0.529,-0.103,0.842,-0.6,0.2,-0.71,0.27,1.7,0.2,-0.3,0.5,0.3,4.5,3.0,1.3,-0.3,-0.4,-0.6,-2.8,0.5,-0.4,1.5,-3.9,-0.0,-3.4,-5.3,-7.3,-4.7,-7.1,-7.6,0.1,-8.9,-3.0,6.5,-2.1,-3.6,1.9,-3.2,-1.8,-5.0,-17.3,-7.1,-6.6,-8.9,-10.9,-7.2,-7.3,-3.5,-7.6,-5.9,0.2,0.9,-3.7,-2.2,-1.8,-2.5,-2.8,-2.6,-3.2,-0.6,-1.5,-0.5,-0.2,-0.0,-0.8,-1.5,-0.9,-0.5,-0.1,-3.5,-2.5,-2.3,-1.7,-1.1,-0.2,0.3,-1.1,-0.1,-1.9,-2.8,-3.3,-1.7,-0.7,-0.1,-3.5,-13.4,-4.2,-4.5,-2.6,-13.5,0.8,-10.9,2.7,-0.5,-1.2,-16.8,-0.7,5.3,-6.7,-9.1,-1.0,-5.4,-3.8,-3.1,-1.4,-4.3,-0.8,-4.7,-0.1,-3.4,-0.5,-2.8,-2.4,3.4,-0.7,-1.8,0.7,-3.3,-0.6,-2.5,-2.8,-2.8,-2.3,-1.7,-0.4,-2.8,-1.5,-2.9,-3.3,-1.6,-5.2,0.5,-3.7,-3.4,-11.7,-5.7,-3.0,-6.1,-2.1,-6.0,-6.5,-4.4,-3.1,5.2,-1.8,-2.7,2.0,1.1,-2.9,0.7,-5.5,-6.4,-2.2,-2.0,-1.8,-4.0,-8.5,-2.1,-0.3,-3.2,6.2,-0.3,6.8,-1.6,-0.6,-2.0,-1.5,-4.2,-3.8,-2.4,-4.9,-5.8,0.5,-2.1,-4.1,-1.9,-2.6,-5.6,0.7,-2.0,-4.1,-5.1,-10.7,-7.3,-2.6,-2.9,-4.3,-2.5,3.3,-4.6,-3.9,-2.5,-3.4,-6.4,-3.2,-2.3,-4.3,-6.3,-12.3,-9.9,-12.4,-11.9,-12.7,-5.4,-8.9,-6.6,-4.5,-7.3,-0.5,-6.4,-8.4,-6.0,-6.4,-7.3,-3.7,-5.4,-1.9,-8.5
2C7L51JQNN,0,48.10841,11.624183,4442000.72,2778535.68,545.6,591.3,296,7305,3.7,0.7,0.46,32.64,348.97,-0.529,-0.103,0.842,-0.9,0.2,-0.7,0.28,1.3,0.2,-0.3,2.3,-0.2,0.2,-0.3,3.0,-1.3,-1.9,-0.8,0.7,-1.1,-2.2,2.0,0.9,1.9,5.9,5.1,5.5,7.1,3.4,6.0,-0.6,4.8,2.5,3.1,5.2,5.6,2.7,0.2,-5.4,-0.3,-8.5,2.7,-2.3,-1.3,-3.7,3.3,2.8,3.3,-1.0,2.2,0.9,-5.8,4.6,6.4,0.2,-4.1,-0.9,-0.9,-3.1,-1.2,-5.0,-0.4,0.1,0.3,0.0,-1.0,-1.3,0.7,0.8,0.4,-2.4,-0.2,0.6,-0.9,-3.1,-2.2,-0.2,1.0,1.1,0.8,-0.6,2.1,1.6,-4.2,1.0,0.2,3.5,2.1,1.3,0.3,-0.5,-1.8,-1.7,1.5,0.9,-2.8,4.7,3.8,4.4,4.9,5.2,-5.4,-1.4,0.2,5.2,-1.6,6.3,-0.5,9.3,-1.9,-0.0,2.8,6.7,6.9,3.7,3.7,3.4,-1.5,1.6,0.7,-0.6,-1.1,0.8,-1.3,2.2,0.7,-1.4,-1.8,-4.4,-1.0,-3.1,-3.3,-0.9,0.8,1.6,1.5,-2.7,0.7,0.4,4.6,3.2,3.5,9.8,-1.9,3.5,-0.9,12.5,3.9,4.9,1.9,-0.7,3.5,2.8,0.7,12.8,0.4,5.2,-5.1,-5.5,-8.1,-4.0,-2.9,-0.3,-1.3,-0.4,-3.8,-2.9,-6.4,-1.1,-2.2,6.4,-5.9,1.7,0.4,-1.8,3.3,-0.1,5.1,11.1,1.2,4.8,-6.5,-10.8,0.6,-9.4,-0.9,-3.7,3.8,-7.6,-5.1,-2.9,-3.6,-3.7,-7.5,-5.1,-4.8,-4.3,-0.1,-5.6,-7.2,-5.2,-1.3,0.3,-2.5,-8.3,-1.9,0.0,-2.8,-2.8,5.8,-8.8,-12.3,-9.8,-5.7,0.3,8.9,-1.1,-4.3
2C7L51JQNO,0,48.108405,11.624139,4441997.51,2778535.0,538.9,584.6,296,7306,3.7,0.72,0.44,32.64,348.97,-0.529,-0.103,0.842,0.4,0.2,0.13,0.28,1.2,0.2,-0.3,0.3,1.2,1.7,0.9,1.6,2.0,1.9,2.9,0.2,-1.3,2.3,1.9,-1.5,4.5,-2.4,2.5,3.2,-2.8,0.8,4.4,3.8,-1.9,3.9,1.8,0.4,11.1,-0.3,-0.2,2.2,-0.7,-16.0,-3.7,-2.5,-0.6,-3.3,1.2,2.0,5.5,3.6,6.6,7.4,6.3,8.0,4.3,0.5,3.9,4.3,3.5,6.5,8.9,3.2,4.6,-1.5,0.9,-0.9,-1.3,-0.3,-1.6,-2.5,-2.4,-1.8,-1.9,-3.0,-1.3,-8.3,-4.6,-1.5,-3.4,-1.6,0.7,1.0,0.0,0.6,2.8,0.1,1.7,2.6,-1.7,-1.4,-2.3,-4.4,4.2,5.4,4.8,4.0,6.0,5.4,4.7,7.4,5.1,1.9,0.3,-0.0,-0.1,0.0,1.7,1.2,0.4,1.2,1.0,4.5,6.3,5.3,6.7,8.0,6.1,4.6,9.3,4.1,4.4,1.6,-1.3,0.7,-1.7,-1.7,-1.5,2.2,0.8,1.0,2.0,3.9,4.4,4.6,4.2,4.6,4.5,2.1,5.4,7.6,5.8,0.1,0.7,0.4,0.8,3.5,-0.1,-7.7,1.3,4.2,6.6,1.1,1.6,1.3,1.0,2.9,1.2,4.3,-0.8,2.0,1.0,2.9,5.9,2.0,0.3,1.8,2.6,3.8,1.0,4.2,2.3,-1.2,5.5,3.8,0.0,-2.3,2.6,1.3,0.6,-2.7,1.1,7.4,0.1,-2.1,-1.6,2.0,3.7,2.8,2.0,-5.4,1.0,0.1,2.8,-2.6,-0.4,1.3,-0.8,-4.3,9.8,1.4,8.5,11.7,6.9,6.0,10.7,-5.7,15.6,12.2,7.1,5.0,-5.7,2.9,11.6,2.0,3.2,4.4,-0.4,0.1,-0.8
2C7L51JQNP,0,48.108398,11.624085,4441993.44,2778534.14,533.5,579.2,296,7307,4.5,0.55,0.44,32.64,348.97,-0.529,-0.103,0.842,-0.3,0.2,-1.46,0.35,1.7,0.3,-0.3,-1.4,-0.7,-1.1,-0.7,-4.1,1.2,-1.7,-5.5,-3.4,-3.0,-2.3,-0.7,-3.1,-1.9,-1.7,-0.8,-1.1,-1.6,-2.5,2.0,-3.6,-1.0,-0.8,3.7,3.5,11.6,11.4,18.5,4.8,-1.0,-11.9,1.1,-1.8,-1.9,-0.8,-0.4,1.1,5.0,9.7,5.3,10.6,4.4,3.0,5.7,4.6,5.7,8.7,2.8,-1.9,6.9,5.6,10.5,1.2,3.8,3.5,4.4,5.0,3.2,15.7,-3.3,0.3,0.0,0.5,-2.5,-4.0,2.1,-1.1,-6.5,-3.4,-0.6,-9.7,-2.9,-4.9,-3.1,1.4,3.7,2.1,0.2,1.1,6.1,3.2,2.6,3.4,12.8,3.6,0.4,6.9,4.1,2.7,7.3,5.6,5.8,-2.9,4.6,6.2,5.1,-0.4,1.6,7.1,4.9,6.8,8.2,5.9,6.9,5.6,5.9,9.0,9.3,7.5,5.8,4.2,0.5,-1.1,-0.2,-0.7,-6.9,-3.3,0.2,-2.6,0.8,-2.0,4.3,3.0,4.5,0.9,-3.6,-0.8,5.4,2.2,4.0,-0.2,3.0,0.8,4.9,2.7,-0.2,7.6,6.8,6.7,10.6,4.5,3.2,5.4,0.3,5.5,3.6,-11.2,-6.7,-6.8,7.1,8.7,9.9,1.9,-4.2,2.1,1.0,3.2,2.4,2.5,1.2,1.2,1.0,3.9,2.0,1.3,4.1,5.8,2.8,2.0,4.8,7.3,3.1,-0.3,-5.6,4.9,10.3,5.5,7.6,7.0,8.7,10.7,11.8,5.9,4.5,10.3,2.0,-3.6,-4.4,-3.4,5.5,-0.0,-5.5,-0.2,-0.6,-1.1,-1.1,0.3,-4.8,-5.8,-5.2,-2.6,-8.4,-7.6,-5.6,-8.8,-0.2,0.1,0.6
2C7L51JQNk,0,48.108543,11.625216,4442077.4,2778552.15,532.2,577.9,296,7328,2.5,0.89,0.22,32.65,348.97,-0.529,-0.103,0.842,-1.0,0.1,0.1,0.19,0.9,0.2,-0.3,-2.2,-1.9,-2.3,-2.3,-3.1,-2.2,-2.4,-2.8,-1.5,-1.7,-1.7,-1.6,-1.9,6.5,8.3,9.7,8.8,8.0,11.8,6.2,5.9,-4.1,-3.0,-2.4,-1.4,-1.3,-1.9,-1.5,-4.0,-4.5,-17.4,-5.9,-6.7,-6.1,-7.4,-5.6,-1.9,-3.6,-1.4,-1.8,-1.9,-2.0,-2.7,-1.9,-3.4,-3.1,-2.9,-2.7,-2.6,-1.6,-2.6,-1.8,-1.9,-2.2,-2.1,-1.9,-1.5,-2.7,-2.4,-2.1,-2.8,-2.5,-1.2,-1.1,-2.4,-3.4,-3.3,-2.6,-3.6,-2.9,-2.8,-3.4,-2.6,-2.5,-1.8,-2.2,-1.3,-1.8,-2.7,-2.8,-3.2,-3.8,-4.0,-3.3,-4.2,-3.8,-3.9,-3.0,-3.8,-4.2,-4.5,-3.5,-4.7,-5.0,-2.0,-1.7,-3.3,-1.5,-1.0,-1.1,-2.0,-2.2,-3.6,-2.3,-2.8,-1.9,-0.9,-1.3,-1.5,-3.3,-2.8,-2.0,-2.5,-1.8,-2.4,-1.9,-4.6,-2.5,-2.0,-2.8,-4.2,-2.0,-2.2,-2.6,-2.6,-3.3,-2.4,-2.2,-3.4,-4.4,-6.3,-3.3,-3.5,-5.7,-6.8,-5.9,-5.4,-6.3,-2.4,-0.7,-4.2,-4.3,-4.4,-3.8,-4.4,-4.8,-1.7,-4.0,-3.5,-3.7,-2.9,-2.8,-3.3,-5.2,-4.7,-3.8,-5.5,-4.2,-5.0,-4.1,-5.2,-5.5,-3.7,-5.9,-10.0,-3.7,-4.2,-5.0,-3.3,-4.6,-4.2,-7.8,-7.1,-5.4,-5.7,-5.7,-5.2,-4.1,-5.5,-4.5,-4.9,-4.8,-5.3,-5.3,-4.6,-4.8,-4.6,-5.5,-5.9,-6.8,-6.2,-6.2,-6.5,-5.7,-8.6,-5.6,-6.1,-7.5,-7.1,-5.4,-5.1,-6.1,-5.7,-5.2,-5.7,-5.9,-5.9,-6.6
2C7L51JQOO,0,48.108843,11.627552,4442250.65,2778589.31,532.2,577.9,296,7368,4.6,0.52,0.51,32.66,348.97,-0.53,-0.103,0.842,-1.0,0.2,-1.95,0.35,2.0,0.3,-0.3,-1.3,0.9,-2.7,-1.5,-2.9,-0.5,-0.5,1.2,0.8,3.0,0.5,1.8,-0.4,1.1,-0.1,-0.5,-3.2,-2.5,-2.1,-1.5,2.3,2.6,-6.0,3.2,2.9,10.8,-1.2,1.3,2.6,0.8,-4.9,-1.0,-3.4,-1.4,-2.1,-6.6,1.9,1.0,2.3,-2.3,0.4,2.0,-1.2,1.2,-1.2,-1.4,-0.5,-3.1,-3.0,-1.9,3.4,-2.4,0.6,4.1,4.6,3.5,1.9,2.7,4.4,5.6,4.0,5.1,3.2,4.9,2.5,4.5,6.6,3.9,-3.6,1.4,0.7,2.5,-1.4,0.3,1.9,2.2,1.4,1.0,-0.3,-1.2,-11.2,3.8,-6.2,-5.4,-10.0,1.5,6.0,9.1,2.9,7.6,9.2,-6.4,-12.9,-0.9,10.7,3.2,13.9,5.4,6.9,1.1,9.9,9.9,9.2,11.5,10.7,10.3,13.4,8.7,10.5,8.9,10.7,10.4,9.8,8.4,4.5,3.7,4.2,3.9,5.3,1.1,2.2,2.6,2.5,-0.2,0.9,-0.6,0.1,-1.1,-7.8,-14.4,-2.0,-2.7,1.8,0.4,11.7,-0.1,-0.6,3.6,2.2,5.6,-0.9,1.6,2.0,0.5,-0.3,-1.1,0.2,2.2,9.1,4.4,3.1,0.1,-1.6,-0.5,0.1,-1.9,-0.1,2.1,1.7,0.7,0.1,-1.0,-3.6,-2.0,-2.3,6.6,-8.0,2.2,4.0,9.3,7.2,-11.1,-10.9,-2.7,-7.2,8.0,-9.2,10.6,-6.7,-1.5,3.1,4.3,-0.2,-0.9,-3.8,-2.1,-4.8,-4.0,-4.6,-3.2,-7.5,-4.6,-9.4,-9.1,-7.0,-6.6,-13.6,-2.7,6.2,-7.5,-5.9,-6.3,-5.6,-8.2,-2.0,5.2,-0.5,0.5
2C7L51JQOP,0,48.108856,11.627654,4442258.2,2778590.92,534.4,580.1,296,7369,1.2,0.95,0.22,32.66,348.97,-0.53,-0.103,0.842,-0.5,0.1,-0.41,0.09,0.9,0.1,-0.3,-0.3,0.1,-0.6,-0.1,-0.6,0.2,-0.8,-0.1,0.6,0.1,0.3,0.8,-0.4,0.5,-0.9,-0.3,-1.4,-1.3,-2.7,-2.7,-1.6,-1.1,-1.6,-1.9,0.2,-0.4,-0.6,0.5,-1.4,-2.6,-8.3,-3.8,-3.0,-2.3,-1.7,-0.4,-2.3,-0.9,0.4,-1.5,-1.1,-0.3,-1.2,-1.0,-0.2,-2.7,-1.5,-3.1,-2.8,-1.8,-0.7,-1.4,-0.3,-0.6,0.2,-0.1,-0.3,-0.0,-0.6,-0.2,-0.4,-0.7,-0.9,-0.2,-1.3,-0.1,-0.1,-1.0,-2.1,-1.5,-0.5,-1.1,-1.8,-0.9,-0.7,-0.3,-0.3,-0.6,-0.8,-0.6,-1.8,-0.9,-3.7,-2.9,-2.6,-1.8,-0.5,-0.2,-2.6,-1.8,-3.3,-4.0,-5.2,-4.8,-2.2,-1.2,-2.8,-1.5,-1.3,-1.3,0.3,-0.2,-0.2,0.2,-1.4,-0.4,-0.4,-1.1,0.9,-0.4,-0.3,-1.5,-1.3,-1.2,-1.0,-1.0,-0.5,-0.8,0.7,-1.2,-2.7,-0.4,0.4,-1.0,-0.6,-0.6,0.1,-0.6,-1.9,-1.8,-3.3,-0.9,-0.9,-1.7,-1.6,-2.5,-1.2,-1.1,0.1,1.5,-1.5,-1.2,-0.3,-1.4,-1.4,-1.1,-1.5,-0.6,0.6,0.1,-0.5,0.2,-0.2,-1.9,-2.0,-2.4,-1.3,-2.7,-0.9,-2.0,-3.2,-2.8,-5.2,-5.6,-4.6,0.2,-2.6,-0.8,-2.7,-0.8,-2.7,-4.7,-5.0,-3.8,-4.5,-0.6,-1.8,-1.3,3.9,-1.7,-0.7,-2.2,-2.4,-2.7,-3.6,-1.9,-3.2,-3.7,-4.9,-4.5,-4.0,-2.4,-7.1,-5.7,-3.0,-4.9,-4.0,-3.4,-3.4,-3.2,-3.8,-2.7,-4.2,-4.1,-3.8,-2.6,-2.7,-2.4
2C7L51JQQ2,0,48.109585,11.633329,4442679.14,2778681.21,533.2,578.9,296,7470,2.6,0.84,0.4,32.68,348.97,-0.53,-0.103,0.842,-1.0,0.1,-0.22,0.2,0.6,0.2,-0.3,-0.5,-0.7,0.7,-3.1,0.5,-5.8,2.8,1.1,-2.2,6.9,1.8,2.8,0.8,1.2,-1.0,-0.1,0.5,-1.3,-3.5,-1.8,-3.2,-2.4,-0.9,-1.0,0.6,0.1,2.3,1.6,-4.4,-2.2,-12.2,-1.8,1.0,5.6,-5.3,0.5,5.3,-0.2,0.9,3.6,0.5,3.2,2.7,-0.5,-3.1,-1.1,-0.6,4.0,0.7,5.2,-1.3,-0.7,0.4,1.2,-0.9,-1.1,-1.9,-0.9,0.3,-0.3,1.3,5.0,3.7,1.3,9.2,6.3,1.2,-0.5,-0.9,-0.8,-3.6,1.0,0.9,1.7,2.8,2.0,0.2,2.2,-1.4,-2.6,-0.2,0.0,-2.5,-1.7,-0.9,-0.8,2.4,0.1,0.9,2.1,1.0,1.3,0.1,-0.5,-1.2,0.4,-1.7,1.0,-0.9,-1.6,0.2,-2.4,-1.0,1.3,1.6,-1.1,-4.0,1.3,-1.5,-2.7,0.0,-1.8,-0.6,-0.2,1.3,-1.4,-2.7,-1.8,-0.8,-1.7,-2.1,-1.5,0.8,-0.8,-2.0,0.1,0.6,-0.2,-0.8,-2.1,-3.1,-2.2,-3.8,-5.2,-2.6,-3.9,-0.5,-1.7,3.8,3.8,0.3,-1.7,-3.5,-5.5,-3.0,-3.1,-3.7,-1.7,0.8,-3.8,-2.4,-4.7,-3.7,-2.3,-2.9,-2.5,-1.6,-1.7,-3.8,-1.1,-3.7,-5.3,-9.0,-5.7,-4.7,-2.3,-2.6,2.1,0.5,-0.2,-2.9,-2.7,-4.6,-0.9,-2.7,-6.2,-4.0,-3.1,4.5,-2.5,-4.2,-4.7,-2.7,-4.3,-3.9,-2.3,-7.1,-4.3,-4.4,-7.6,-1.7,-10.0,-12.6,-3.0,-6.9,2.6,0.1,1.5,-1.3,-1.0,-3.2,-8.6,-4.5,-3.4,-2.2,-1.6,-2.1,-5.1
2C7L51JQQO,0,48.109754,11.634647,4442776.9,2778702.18,534.5,580.2,296,7492,2.7,0.81,0.4,32.69,348.97,-0.53,-0.103,0.842,-0.5,0.1,-0.19,0.21,1.1,0.2,-0.3,2.8,-2.4,-0.5,-0.2,-3.7,-3.3,-1.9,1.7,-1.8,-3.8,2.7,-0.4,0.2,0.7,-2.6,0.1,-3.2,0.6,-5.2,-0.7,-4.5,-2.6,-9.6,-4.4,0.7,2.9,-2.1,-1.7,0.4,-6.0,-3.5,-7.5,-1.3,0.5,1.7,-3.6,-3.0,3.1,-1.3,2.1,-1.0,-3.4,-7.0,-1.5,-5.2,-1.8,4.2,-1.3,0.5,-1.2,-2.4,4.6,0.4,-0.7,0.0,2.2,-1.4,-1.2,0.5,0.9,-1.1,-0.9,-0.5,-3.7,-1.3,-0.6,-2.7,1.3,-1.8,-3.0,-1.7,-3.6,-3.2,-3.4,-3.1,-2.6,-0.4,-1.3,-1.8,-6.7,-3.8,-6.2,-3.9,-1.5,2.4,-3.8,0.1,-1.4,-1.0,-6.7,-2.2,-7.6,-6.2,-4.8,-7.3,-7.6,-3.6,-2.3,-2.6,0.6,-2.9,-4.3,-1.5,-4.3,-0.3,-4.4,-0.7,-6.3,-1.8,-3.8,0.8,1.2,0.9,-0.4,2.0,-0.9,-2.0,-2.8,-1.1,-2.8,-6.1,-3.3,-5.1,1.2,1.5,1.3,-3.8,-0.3,1.7,5.1,-7.9,-4.1,-0.4,-4.0,-5.1,-4.0,-4.0,-3.6,-0.6,-1.0,0.7,-3.8,-3.6,-2.6,5.0,1.2,-2.2,-2.0,0.0,0.2,-1.7,-2.7,-2.2,-3.7,-3.3,0.9,-1.0,-8.7,1.6,-4.7,-5.5,-5.2,-1.9,-7.5,-4.1,-5.0,-1.9,2.5,-2.0,-7.9,-9.8,-5.7,-6.7,-7.5,-1.1,-0.2,-0.7,-0.9,4.3,-2.3,-1.5,-0.4,-3.5,-3.3,-4.0,-4.3,-6.2,-2.5,-5.3,-2.5,-6.4,-8.2,-4.8,-3.4,-2.9,0.1,-1.0,-6.2,0.5,-0.5,-10.7,-2.8,-8.2,-5.7,-3.4,-9.6,-1.8,-1.5
2C7L51JQQs,0,48.109979,11.636401,4442907.03,2778730.09,536.5,582.2,296,7522,3.9,0.71,0.53,32.7,348.97,-0.53,-0.103,0.842,-0.8,0.2,-0.34,0.29,0.6,0.3,-0.3,-2.0,-1.1,-0.5,-11.1,-2.4,-0.2,0.7,-1.8,-1.4,6.6,1.5,-3.8,-2.5,2.9,-0.6,2.4,0.0,2.9,-0.4,1.5,-1.4,-0.7,-3.3,0.4,1.8,1.3,-2.7,-0.6,-2.9,-1.7,-9.2,-2.4,-3.2,-1.4,-1.3,1.2,-1.1,1.7,-1.6,1.2,-3.4,0.8,-2.0,0.7,-3.6,-0.3,-0.8,-1.1,-1.9,-1.0,-0.4,-1.0,-0.4,-0.5,-0.3,-0.0,-0.2,-1.8,-0.2,-1.8,-0.7,0.7,-13.1,2.7,2.5,0.3,1.2,2.2,1.1,-2.4,-0.6,-0.6,1.0,2.1,-0.1,1.3,-3.8,-3.8,-0.4,-2.2,0.0,-3.7,-0.8,-4.1,-3.7,-2.8,-6.6,-1.7,-0.9,-8.9,-7.1,-12.4,-8.1,-7.0,-6.1,1.3,-5.2,-4.1,11.8,-7.1,7.0,-2.7,-12.8,-2.9,-4.7,-11.6,-8.7,-2.6,-2.8,-2.2,-0.2,-0.7,-0.9,-1.0,2.4,2.0,-1.0,-1.3,-0.2,-0.0,5.7,-2.6,-3.8,-3.1,2.0,2.3,-0.1,0.2,0.5,-4.6,4.5,-0.1,-0.6,-1.7,-1.0,-3.2,-0.5,0.2,0.0,5.5,-7.0,-2.3,-4.7,-3.8,-0.7,-2.0,-13.7,-5.8,-1.8,2.3,5.1,-5.0,-2.0,-5.4,-3.1,-5.4,-4.5,-9.5,-3.1,-10.7,-2.8,-7.4,-5.5,-7.1,-2.7,-4.8,8.5,2.5,-0.6,-15.4,-2.6,-2.7,-5.0,-0.2,-5.1,-4.3,-1.8,-1.8,2.9,-0.2,-4.3,-5.5,-4.4,-7.5,-5.9,-2.6,-4.3,-0.4,-2.4,1.7,-8.9,-13.4,-7.2,-6.8,-3.1,-0.4,-3.7,-1.1,-7.2,6.7,-2.9,-6.9,-7.0,-7.8,-5.3,-8.0,-8.8,-13.1
2C7L51JQMg,0,48.108077,11.621442,4441797.36,2778494.16,531.8,577.5,296,7262,3.0,0.79,0.44,32.6,348.93,-0.529,-0.103,0.842,-0.5,0.2,-0.81,0.23,0.3,0.2,-0.3,7.7,2.7,1.1,-0.2,-1.6,-0.7,0.0,-2.3,-2.1,-4.1,-0.0,-2.0,-0.0,-0.8,-0.4,0.4,1.5,0.3,1.7,1.6,-1.2,0.5,-2.0,0.7,3.1,0.6,2.1,-2.5,-3.2,-3.9,8.9,-1.6,-3.3,-3.9,-7.0,-3.4,-3.0,0.1,3.3,-0.7,-0.1,-1.8,0.8,1.2,-1.5,0.9,-2.0,-3.4,-2.1,-4.2,-0.6,1.3,-1.3,-2.4,1.1,3.6,0.9,3.4,-0.9,0.5,2.0,-1.1,0.2,-3.1,-4.5,-2.1,-1.1,-0.1,-3.3,-1.7,-2.7,-1.1,-3.1,-2.7,-0.5,1.4,2.4,0.6,1.9,2.8,2.0,-2.1,0.6,-0.3,0.4,0.7,-0.4,2.6,-11.5,5.2,5.1,-1.6,-0.7,1.6,5.4,-3.8,-3.7,1.0,1.8,-1.3,-1.9,2.7,-0.7,1.4,0.3,4.1,3.9,2.3,1.1,3.5,3.3,-0.2,1.9,2.1,0.8,-2.6,-2.0,-1.9,-8.3,0.4,-2.7,0.6,0.3,3.7,5.6,3.3,-1.0,0.8,2.5,2.2,-2.9,-3.0,-4.2,0.2,-2.2,-2.9,0.7,1.6,3.8,1.8,0.0,0.1,6.5,-5.6,6.5,-7.2,-1.9,7.6,5.5,0.2,-1.8,-9.7,-3.2,-1.9,2.7,-3.3,-4.0,-1.3,-1.1,0.9,0.5,-0.5,5.0,1.9,-0.3,5.3,2.4,1.0,-1.0,0.3,1.5,-2.7,-0.4,-5.4,0.9,-2.4,-2.0,1.8,-5.1,-0.2,-1.2,-2.6,-2.1,-3.5,-0.7,-2.3,-1.5,-0.7,-2.8,1.5,2.6,0.2,-3.0,-10.5,-10.8,-5.7,-3.3,-3.3,-2.0,-4.2,-3.5,-3.9,-3.1,-5.7,-0.1,-3.2,-7.1,-3.0
2C7L51JQNS,0,48.108444,11.624294,4442008.96,2778539.54,535.6,581.3,296,7310,3.7,0.73,0.45,32.64,348.97,-0.529,-0.103,0.842,-0.5,0.2,-0.95,0.28,0.6,0.2,-0.3,3.5,2.1,3.2,0.8,3.2,1.1,4.4,3.0,4.0,-3.5,3.2,1.8,0.6,3.3,-2.5,-1.5,3.3,1.9,0.8,0.4,2.8,0.6,1.6,6.0,4.7,3.6,4.7,16.0,0.7,-0.7,15.0,3.6,-1.7,2.4,-1.2,5.6,-7.2,-6.6,-1.2,5.1,-1.9,-4.4,1.2,-1.4,-1.3,2.4,-1.5,-1.3,-2.6,-0.4,-3.0,-0.4,3.9,0.9,2.8,1.2,1.7,2.8,0.3,2.6,8.6,0.7,4.4,1.5,2.0,1.0,2.7,1.7,2.6,5.9,-0.1,2.3,1.0,2.7,6.0,5.6,0.5,3.1,-4.7,7.0,5.6,4.9,3.6,4.8,2.4,5.8,5.4,5.0,2.5,4.8,-8.8,17.2,-4.0,7.8,-1.4,2.6,11.0,4.8,5.9,5.9,6.3,7.4,4.8,6.2,4.7,4.5,5.5,3.5,2.7,3.9,2.7,4.8,3.1,4.2,3.2,3.3,1.9,4.6,3.6,2.3,-0.3,0.6,0.9,2.8,8.1,4.9,0.3,2.7,3.9,2.8,-0.0,2.9,2.3,3.5,2.3,4.0,6.4,5.4,6.5,6.1,-0.4,4.2,1.5,6.2,5.2,0.6,3.1,-1.2,1.7,3.0,-0.4,-1.5,7.7,-1.9,2.2,2.1,3.2,3.2,2.4,0.9,3.9,-1.7,3.1,-0.4,-5.2,5.7,-6.8,6.3,-0.8,4.9,3.1,-1.5,-2.8,-3.5,-3.2,-2.0,0.9,-2.0,-7.2,0.7,-0.6,-0.3,-0.8,-0.1,1.5,-2.5,-1.9,-0.1,-3.3,-3.2,6.8,15.9,-8.7,8.4,-3.3,-2.9,0.7,-6.0,0.3,3.0,1.8,0.4,-1.1,-0.4,-0.1,0.2,2.5,-2.3
2C7L51JQOK,0,48.108865,11.627575,4442252.29,2778591.71,545.8,591.5,296,7364,3.4,0.78,0.48,32.66,348.97,-0.53,-0.103,0.842,-0.5,0.2,0.18,0.26,0.7,0.2,-0.3,2.9,4.4,0.5,-1.3,1.6,4.6,-2.0,3.6,0.9,-6.3,1.4,-13.4,-2.8,1.2,-2.2,-0.9,0.3,1.1,-0.8,1.8,1.6,3.1,3.9,1.1,1.3,2.6,4.2,8.3,2.0,-3.2,-7.2,-1.2,1.8,-1.7,-5.8,4.6,-4.2,3.6,4.1,3.0,0.8,13.6,-2.3,0.8,2.3,3.3,0.2,0.1,-0.6,2.1,0.4,0.6,0.5,-0.9,-0.7,0.2,-1.5,-2.5,-2.4,-1.2,-0.4,0.6,1.4,-1.1,4.8,-3.5,-0.6,-1.9,-2.7,-1.8,-5.6,-4.0,1.2,2.6,-0.3,1.3,3.4,-2.1,-1.7,-1.4,-2.4,-1.3,-2.5,-3.5,-2.0,0.4,1.2,0.0,-2.9,1.6,3.6,0.9,-4.5,-2.1,-5.6,2.8,0.3,-0.7,0.2,1.2,1.0,-7.3,-1.5,-2.6,-3.8,-1.7,-4.9,-3.8,1.6,-1.5,0.7,-0.1,3.2,-0.3,1.4,2.6,1.2,-0.8,2.0,1.3,5.5,0.5,-0.9,0.3,2.5,0.7,3.9,0.5,-0.8,3.8,-4.7,6.4,-0.1,12.4,-3.2,0.1,-2.5,-14.0,0.3,1.3,0.4,3.6,1.3,0.8,0.0,-1.9,-15.5,-2.0,-1.7,-5.5,-1.1,1.3,-1.8,-3.7,-3.9,-0.5,-4.2,-2.7,-0.9,-0.0,3.1,0.5,-5.8,-3.9,0.1,2.6,-0.5,1.0,1.6,1.5,-0.8,-4.8,-2.5,-5.5,-1.4,-7.0,-2.8,-3.6,-6.9,-2.0,-3.0,-1.6,-1.5,-2.9,-0.3,-0.5,-7.8,1.1,3.9,-2.0,-0.9,-2.9,2.7,-1.7,-1.1,-1.8,-0.1,4.2,-2.7,2.4,3.0,-0.1,-5.6,-0.4,-2.0,-6.6,0.3,-2.4
2C7L51JQOL,0,48.108847,11.627437,4442242.04,2778589.53,536.4,582.1,296,7365,4.5,0.72,0.48,32.66,348.97,-0.53,-0.103,0.842,-0.3,0.2,-0.61,0.34,0.5,0.3,-0.3,1.7,2.8,2.2,2.0,1.9,1.0,2.1,2.3,3.9,13.4,0.9,5.2,3.7,0.5,3.7,-0.3,-0.3,-2.9,-0.4,-2.8,-1.2,-0.3,-0.8,-1.3,-1.3,0.6,0.9,5.5,1.5,-1.8,-5.8,-2.8,-0.5,-0.4,-0.2,-0.2,3.4,0.4,2.2,0.7,1.3,1.9,1.5,1.4,0.6,1.1,-0.6,-3.1,-1.0,1.4,-0.2,3.2,4.6,2.0,-0.2,-2.0,1.3,-1.5,-1.2,-2.2,-0.1,-3.5,-0.5,2.3,2.5,1.3,1.4,-3.3,7.7,7.2,8.3,14.1,3.8,17.9,-3.1,-2.4,11.4,15.6,0.3,1.3,2.3,1.1,1.1,1.2,-2.4,0.8,1.1,2.9,20.8,2.1,-0.2,2.5,-0.6,2.7,1.3,3.7,4.0,3.2,5.2,2.3,0.8,3.4,2.4,-0.3,6.3,4.1,-1.0,3.5,1.5,1.0,-0.0,1.4,-0.8,-1.7,0.4,2.3,1.2,0.8,1.3,1.0,2.8,2.2,3.6,1.2,-0.9,-2.1,3.9,1.0,-2.1,-2.1,-3.7,4.9,4.9,5.0,-0.5,7.8,5.8,4.1,9.5,5.9,6.4,-1.1,3.5,3.7,-1.0,-6.2,8.1,16.3,-2.8,1.6,-3.0,0.6,0.4,-1.1,-1.5,3.2,16.0,1.7,-0.3,19.4,2.0,0.0,-0.8,-8.0,1.6,2.5,-3.1,-2.6,-1.5,0.6,-1.8,-2.0,-4.7,-6.2,-3.0,19.2,-2.9,-4.1,-7.0,-4.4,-2.3,-1.9,-4.4,-1.0,0.4,-1.7,5.2,-3.3,0.2,-5.7,-0.9,-1.3,1.7,-0.8,-1.7,-4.6,-1.6,-2.6,3.9,-1.1,8.6,8.1,4.2,3.0,2.6,2.1,2.9,-1.9
2C7L51JQQ1,0,48.10959,11.633218,4442670.93,2778681.53,530.8,576.5,296,7469,3.2,0.8,0.43,32.68,348.97,-0.53,-0.103,0.842,-0.9,0.2,-0.52,0.25,0.8,0.2,-0.3,-0.9,-3.0,2.5,-1.3,0.2,-10.2,2.2,-1.5,0.0,2.2,1.4,10.6,0.3,0.4,-0.2,0.6,0.6,-0.8,-0.1,-3.0,0.1,-2.1,-2.1,-0.7,4.5,0.8,4.9,15.4,0.9,0.9,-15.7,-1.5,2.5,2.8,3.0,-4.8,1.8,3.4,6.8,1.5,6.5,2.7,0.4,-1.1,-0.7,0.7,-2.2,-5.1,0.6,0.1,-0.9,0.4,1.0,1.0,-0.1,0.4,1.7,1.6,2.9,0.5,1.5,1.5,3.8,2.1,6.0,2.9,2.0,2.4,0.9,0.0,-3.9,2.1,2.6,1.2,1.4,3.2,2.0,2.4,0.8,1.8,-0.2,2.3,-0.1,2.8,1.7,0.5,5.8,1.7,2.4,0.4,1.5,7.1,4.5,-3.0,-1.5,-1.2,-5.6,-1.1,-1.6,-4.0,-0.8,-1.2,-2.6,2.8,-2.1,-0.5,-0.8,0.6,-3.3,-3.2,-2.1,-2.3,0.4,0.1,1.9,-1.8,-2.0,-1.7,-0.5,-0.1,-0.4,-0.3,0.4,1.7,-0.4,-0.0,1.2,1.8,1.2,-1.0,-0.6,-1.1,-3.3,-2.6,-3.4,-2.7,0.6,-1.5,1.4,-1.2,6.8,-10.0,0.9,-5.0,-2.5,-11.7,0.7,-1.5,-0.2,-1.5,-0.9,0.7,-0.9,0.1,-0.1,-1.3,0.6,4.1,1.4,0.1,-1.5,-4.0,4.5,-1.8,-1.1,-2.8,-0.2,0.5,2.9,3.2,0.7,1.2,-6.6,0.9,-4.1,-5.9,-4.3,-3.1,0.6,-0.1,-0.7,-0.8,1.1,0.7,-0.4,3.6,-5.7,-2.8,-7.6,-8.5,-7.2,-8.3,-11.5,-8.3,-2.5,-5.8,-4.5,-5.2,-1.5,-3.5,-1.7,-5.4,-3.4,-2.8,-2.2,-1.8,-2.2,-0.9
2C7L51JQN1,0,48.108279,11.622871,4441903.34,2778518.94,540.8,586.5,296,7283,3.6,0.66,0.41,32.61,348.93,-0.529,-0.103,0.842,-0.0,0.2,-1.01,0.27,3.0,0.2,-0.3,0.0,-1.1,-1.4,-2.6,-0.6,4.9,-0.0,-0.4,-0.3,-12.4,-0.1,3.6,-1.0,0.1,-0.3,-0.9,-1.3,-2.0,-2.5,-3.8,-1.6,-2.7,-2.4,-3.3,0.8,-0.2,0.3,3.0,2.3,-4.1,-12.0,-6.0,-6.5,-9.8,-5.2,-5.8,-2.6,-1.1,-0.8,-2.0,0.2,4.0,-2.7,-1.0,-2.3,1.2,2.1,-2.2,-0.3,-0.2,3.0,1.7,0.7,1.9,0.3,-3.2,4.0,2.9,0.9,4.0,2.2,-0.7,-5.0,3.8,5.4,5.5,4.9,3.9,0.6,-1.4,6.1,-0.9,0.9,-1.4,0.1,0.0,-1.0,-1.0,-0.3,-0.2,-0.5,-1.3,-0.6,-0.3,-0.9,-3.1,-1.7,-2.3,-2.3,-3.8,1.0,4.3,-0.4,-1.0,1.5,-1.7,2.5,-1.2,-1.9,-2.3,-0.6,-1.5,-3.9,-7.4,-4.2,2.2,-4.7,0.2,-7.6,1.7,-4.9,1.0,0.5,-7.3,6.4,7.5,5.4,4.8,7.3,3.0,4.0,2.9,4.8,3.9,-5.4,-5.3,3.6,1.6,-0.8,-0.1,-5.3,-5.6,1.1,-2.4,-3.1,-5.0,-1.4,5.3,-3.5,0.1,2.4,-5.7,0.3,-5.1,0.1,4.7,10.6,5.9,8.0,7.3,9.8,8.2,5.3,3.2,8.7,-0.4,-4.3,-1.8,7.0,1.8,-3.8,-3.3,-2.3,-4.5,-5.5,-0.1,-0.3,-5.7,-7.8,-1.0,-2.6,-8.1,0.6,1.0,1.8,6.7,1.7,1.8,2.5,-0.1,-2.2,-1.2,-3.6,-6.6,-1.3,-4.9,-1.0,-5.4,-7.0,1.4,5.4,-17.9,-3.5,-5.9,-10.3,-5.2,-5.1,-9.0,-3.1,-0.8,0.7,1.8,-1.9,-1.3,6.2,3.1,5.8,1.1
2C7L51JQNZ,0,48.108531,11.624835,4442049.05,2778550.19,543.4,589.1,296,7317,4.6,0.59,0.49,32.64,348.97,-0.529,-0.103,0.842,-2.4,0.2,0.74,0.35,3.1,0.3,-0.3,-7.4,9.7,6.8,1.9,-6.6,-6.6,2.5,5.7,-1.6,2.1,-0.5,-4.3,4.1,-12.7,-13.3,7.1,-8.5,-2.5,-3.2,-20.0,-4.7,-3.8,2.9,-14.1,0.4,-20.5,-2.3,-3.9,-10.3,-6.3,-25.1,-10.4,-10.9,-6.2,-12.5,-7.3,-9.4,-7.2,-8.9,-8.7,-6.6,0.8,-8.8,-10.8,-7.6,-9.1,-7.8,-8.4,-9.0,-9.8,-6.3,-3.9,-9.3,-9.1,-7.0,-8.8,7.6,-8.4,-6.3,-1.8,-6.2,-8.6,-5.2,-4.7,1.7,-3.8,-5.9,-3.8,-6.4,-8.3,-2.5,-9.2,-5.5,-4.7,-8.9,-8.4,-8.2,-9.6,-11.0,-10.2,-13.3,-10.9,-11.3,-11.0,-9.2,-10.4,-6.0,-10.9,-17.8,-13.2,-17.6,-15.4,-9.6,-14.9,-10.8,-10.3,-8.8,-7.9,-8.0,-7.9,-7.7,-13.0,-15.3,-8.6,-11.8,-8.7,-11.2,-8.1,-9.5,-11.6,-11.1,-10.7,-9.0,-11.7,-8.6,-9.2,-8.0,-7.1,-6.2,-6.9,-10.1,-9.5,-8.5,-13.9,-13.6,-13.7,-8.7,-5.6,-9.8,-12.4,-20.1,-14.0,-10.1,-14.5,-14.2,-26.7,-16.4,-14.1,-11.3,-10.8,-10.2,-16.5,-6.0,-12.7,3.1,-6.8,-4.9,-7.5,-7.7,-8.9,-1.9,-12.6,-16.2,-17.1,-15.5,-12.5,-14.4,-13.0,-11.5,-9.0,-16.1,-19.3,-17.8,-16.2,-12.5,-12.7,-16.2,-16.9,-12.5,-18.7,-2.8,-21.5,-29.0,-13.1,-10.1,-10.7,-13.9,-12.0,-14.4,-12.4,-15.8,-17.3,-14.7,-16.9,-6.6,-10.6,-13.2,-25.2,-13.4,-16.7,-18.1,-12.8,-21.5,-20.7,-17.6,-13.2,-15.2,-15.2,-31.6,-15.5,-12.3,-12.2,-10.4,-15.2,-13.6,-10.6,-9.4,-16.3
2C7L51JQNo,0,48.108609,11.625435,4442093.55,2778559.75,532.3,577.9,296,7332,4.3,0.61,0.49,32.65,348.97,-0.53,-0.103,0.842,-0.9,0.2,-1.84,0.33,1.7,0.3,-0.3,-2.3,3.2,-1.7,1.9,-0.6,-1.0,-0.8,2.5,0.8,-1.3,-0.2,-0.6,2.9,4.0,1.6,0.6,-2.2,-2.1,-3.9,-5.0,-1.7,-0.4,0.4,-0.5,-1.2,-1.1,-1.1,-5.6,0.1,0.2,12.3,-3.0,-2.7,-2.8,-7.2,-2.0,1.4,-1.2,1.3,-2.0,0.6,-4.9,-2.2,1.1,-0.5,0.2,-2.2,-1.4,3.6,0.0,1.8,0.8,1.8,1.1,0.5,4.9,-1.7,2.2,0.4,-1.0,1.7,1.3,1.6,0.8,-0.8,-2.6,1.8,0.6,2.0,2.1,1.2,1.6,-2.3,-0.7,6.0,5.6,-3.2,0.4,0.0,-0.8,0.6,-3.5,-2.3,-9.2,2.6,3.6,2.8,-3.4,3.8,-5.0,-1.1,0.7,-4.8,-2.3,3.6,7.2,1.0,5.2,3.8,7.5,7.1,4.8,7.9,14.4,3.3,8.1,11.6,3.5,11.2,0.7,-1.1,5.5,1.4,-7.0,-5.1,1.1,16.4,12.7,4.8,-3.2,-1.8,4.1,5.5,0.6,2.4,-3.4,-2.0,1.0,-2.5,-0.3,2.6,-0.5,0.7,0.0,-3.4,-3.2,-0.4,7.4,4.9,5.0,-3.8,-4.4,1.4,3.6,2.3,4.8,13.6,1.6,13.7,-11.1,0.2,3.0,13.4,10.3,-10.8,1.8,-2.5,-8.8,3.3,-5.4,-4.0,9.4,-1.6,6.8,-9.6,-2.3,-7.3,-0.1,-0.8,-3.2,2.9,-6.1,-6.5,-3.1,-4.0,-3.2,0.1,-2.9,-0.0,-1.5,-0.8,2.6,-5.5,-2.6,-4.1,-3.6,-5.3,-10.4,-13.5,3.5,-7.1,-8.7,-5.7,-4.7,-10.5,-9.9,-6.3,-0.7,-9.9,-3.2,-2.3,2.2,-3.7,-8.6,-1.8,-2.7,-0.8,-5.0
2C7L51JQOM,0,48.108874,11.627501,4442246.76,2778592.61,536.0,581.7,296,7366,2.5,0.87,0.38,32.66,348.97,-0.53,-0.103,0.842,-0.5,0.1,0.16,0.19,0.4,0.2,-0.3,1.7,-0.2,1.1,1.6,1.1,-1.3,-0.7,-2.1,-4.8,0.7,-2.1,7.5,-1.0,0.9,-0.8,-0.2,0.7,0.2,-0.3,-1.6,1.0,0.4,0.4,-4.1,1.1,1.8,1.4,0.3,0.7,-1.5,-5.5,-2.2,-0.4,-2.0,-0.5,0.9,0.6,2.9,4.1,2.6,1.5,-2.2,-0.3,-0.7,-1.5,-1.6,-0.1,-1.2,-2.4,-0.4,-0.5,0.8,1.2,0.7,0.4,-3.7,-1.1,-1.0,-1.5,-2.8,-2.4,-2.8,-0.4,-1.0,0.1,-2.3,-2.6,2.4,-5.0,-7.5,0.1,-4.2,-0.8,-4.9,-1.1,-1.7,-2.2,-2.2,-3.2,3.6,6.6,-1.3,-1.1,-2.4,-1.0,-1.2,0.6,0.0,-1.0,-1.4,-1.5,-1.1,-3.9,-4.8,-2.1,0.5,-0.6,0.7,0.6,1.1,-0.7,0.4,1.2,2.3,2.0,1.9,0.5,1.0,2.1,1.1,-2.7,-4.3,-2.4,-2.1,-2.2,-2.0,-0.8,-2.9,-1.8,-5.2,-5.7,-2.0,0.4,-1.8,-2.7,-0.5,2.4,0.7,1.5,-2.0,-3.5,-2.6,-0.7,-3.2,-3.4,-5.7,-3.3,-2.5,-1.7,1.4,-0.4,-0.3,-1.9,-0.5,-0.3,1.6,-2.9,-3.3,-3.7,-3.3,-5.6,-1.6,-0.2,-1.5,-1.8,0.8,-0.7,0.5,-1.3,-10.5,1.6,-4.7,-1.9,-3.0,-3.9,-1.3,-0.1,1.7,-0.1,0.7,0.1,-1.2,-1.6,-4.7,-4.2,-6.3,-1.5,0.3,-6.3,-5.0,-4.8,-3.0,-3.8,-4.0,-0.5,2.6,0.3,0.3,-2.3,-5.9,-0.7,0.7,-3.2,-4.8,-0.7,0.4,-2.7,-3.0,-1.6,-18.0,-5.6,-3.6,1.8,1.0,-0.6,-1.9,-0.9,-0.9
2C7L51JQQB,0,48.109713,11.634036,4442731.5,2778696.57,540.7,586.4,296,7479,3.2,0.79,0.4,32.68,348.97,-0.53,-0.103,0.842,-0.4,0.2,0.48,0.25,0.6,0.2,-0.3,3.3,-1.2,3.7,2.1,1.5,2.0,3.5,-0.1,-4.2,-14.2,0.7,2.7,-1.2,0.4,-2.0,0.5,-1.5,-2.4,-1.3,-2.3,-2.0,-6.9,-4.1,-0.8,-2.1,-1.4,3.1,-0.3,-2.1,-4.0,-2.4,-3.3,-4.7,-0.7,0.3,-1.4,-4.9,2.0,0.7,-0.7,0.6,2.1,1.5,-2.1,-4.9,-9.7,6.0,-0.5,0.7,-2.5,-0.9,-6.5,-1.2,-3.8,-3.0,-1.4,-1.3,-3.5,-5.4,-2.6,0.3,-0.1,-6.7,-6.5,-3.3,2.3,-3.0,-14.1,-5.1,-1.1,4.2,-6.0,3.3,-4.0,-0.0,-3.2,-0.7,0.7,-0.7,-3.9,-2.9,-1.2,-2.8,-4.6,-1.2,-2.7,-1.8,-1.7,-5.3,-4.5,-3.1,-1.3,-2.8,-6.3,-0.8,-1.3,-1.6,-2.2,-1.7,-0.8,-2.4,-4.9,-2.1,-0.2,-2.9,-0.7,0.5,0.1,-1.5,-2.7,-0.1,-3.1,-0.4,-4.4,-4.9,-5.0,-9.0,-4.4,-1.0,-7.0,1.6,-1.1,-2.0,-1.5,-2.5,-0.3,-5.9,-3.1,-2.3,-2.9,-3.8,-3.5,2.0,-5.8,-2.0,-4.9,-1.7,-1.5,-0.6,1.1,6.8,0.3,-5.5,-1.4,-0.5,-5.2,-13.4,-0.0,-4.1,1.4,-6.2,-13.5,0.4,1.9,-3.4,-0.6,-0.6,-2.2,-2.1,-3.1,-5.9,-6.9,-3.4,-4.2,-5.9,-4.0,-5.5,-0.2,-4.4,-4.4,-3.5,-4.6,3.4,-0.5,1.8,-3.7,-0.4,-5.5,9.3,-4.6,-6.8,-6.7,-3.7,-3.8,-0.6,-5.6,-0.3,-7.4,-3.4,-2.5,-7.1,-4.8,-3.6,-2.4,-7.1,-3.3,-5.8,-4.7,-3.0,-1.7,-1.0,-5.8,-3.5,-0.4,7.5,-0.5,-2.0,-0.1
2C7L51JQQn,0,48.109983,11.636143,4442887.83,2778730.1,538.7,584.3,296,7517,2.2,0.88,0.35,32.69,348.97,-0.53,-0.103,0.842,-0.6,0.1,-0.26,0.17,1.0,0.1,-0.3,-0.6,-1.5,0.2,-0.2,-1.0,-1.8,-2.3,-0.3,0.8,0.1,-1.6,0.7,-0.8,2.6,1.7,-0.2,-1.5,-0.4,-2.5,-3.0,-4.1,-2.7,-3.4,-2.2,-1.2,-2.1,-0.9,-2.0,0.5,-4.9,-5.9,-5.8,-4.4,-4.9,-2.8,-2.2,-3.6,-0.7,-1.3,-1.3,-2.2,-4.1,-3.7,-2.2,-2.5,-3.2,-2.6,-2.8,-2.8,-2.3,-2.8,-1.0,-2.4,-2.1,0.1,-0.3,-0.8,-2.1,-1.7,-0.9,-3.0,-2.8,1.8,-1.4,-1.0,-1.8,-2.8,1.5,0.5,-2.9,-0.6,-2.5,-4.0,-2.9,-0.8,0.0,-0.8,-0.3,-4.1,-4.1,-7.1,-6.9,-4.1,-4.1,-3.5,-3.3,-0.7,-4.8,-3.6,-5.4,-1.0,-3.0,-3.1,-5.6,-3.0,-7.5,0.2,-3.0,-8.2,-3.6,-1.5,0.6,-0.1,-0.4,-1.9,-2.1,-2.8,-2.0,-2.7,-3.1,-1.4,-1.3,-1.3,-1.3,-0.7,-0.7,-0.7,-0.6,-0.3,-2.3,-2.0,-2.1,-0.6,-2.4,-1.1,-2.2,-1.8,-1.5,-3.8,-5.6,-1.6,-1.0,-2.3,1.7,-2.4,-4.2,-1.0,-2.5,-1.1,2.5,-0.7,-3.0,1.5,-1.2,-0.3,-0.1,-5.5,-1.1,-0.8,-3.9,-0.6,-3.2,-1.6,-2.1,-0.7,-4.4,-4.7,-7.0,-6.1,-4.4,-5.0,-12.8,-6.6,-9.1,-7.1,-0.7,1.4,0.0,-4.7,-3.2,-3.1,-5.3,-4.6,-3.2,2.5,-0.0,-4.3,-3.1,-3.1,-3.6,-2.6,-2.9,-3.2,-3.9,-4.1,-0.4,-5.8,-1.4,-5.5,-4.2,-7.8,-2.1,-4.1,-5.6,-1.5,-1.2,-1.0,-4.0,2.6,-7.7,-1.3,-3.8,-5.0,-5.8,-9.1,-13.8,-4.5,-6.1
2C7L51JQMe,0,48.108119,11.621483,4441800.3,2778498.91,539.8,585.5,296,7260,4.7,0.6,0.49,32.6,348.93,-0.529,-0.103,0.842,-1.1,0.2,-0.51,0.36,0.7,0.3,-0.3,0.4,0.9,-0.4,4.1,1.1,3.1,-1.1,-1.2,2.7,4.5,-1.7,2.6,1.2,-1.6,-3.3,7.5,5.4,14.0,12.3,3.3,-6.9,-10.2,-7.1,-1.0,5.9,13.4,2.7,-4.0,-0.8,-5.5,7.7,6.8,3.3,0.5,3.6,-2.6,8.6,6.0,8.5,-6.5,-8.1,2.0,-9.8,4.0,1.1,-9.8,-1.8,-2.0,6.9,4.5,1.4,5.3,4.3,-1.0,2.6,-0.5,1.2,14.8,2.0,-0.5,4.4,3.5,5.5,1.6,1.5,2.5,0.2,4.3,-1.0,9.2,1.0,1.8,2.1,4.9,2.7,2.9,4.5,3.2,3.2,9.5,0.1,-2.3,-2.8,-4.6,-5.2,13.2,10.1,12.1,1.4,3.3,-4.5,1.8,0.4,-1.3,2.9,-2.7,-4.6,8.6,4.0,-1.6,0.6,2.8,-0.3,-0.6,1.4,-1.8,0.1,0.6,-0.3,0.0,1.6,1.1,0.9,2.2,2.6,1.4,1.1,-0.9,-1.9,0.9,1.5,1.7,0.8,-1.0,5.7,6.7,1.8,-0.0,1.1,6.0,2.3,13.0,0.6,-4.8,3.6,-8.3,10.0,5.8,2.4,-1.3,2.9,-1.7,-0.1,-0.8,-2.7,-2.4,3.7,0.7,0.2,-8.8,1.6,-0.7,-0.7,-2.5,2.0,-4.7,-3.4,-2.7,-2.5,-1.1,-8.1,-3.1,-1.5,2.6,-2.1,-2.6,-5.1,7.0,3.9,-4.3,-9.5,-4.2,-3.0,-1.7,-0.8,-1.2,-4.8,-4.1,-4.7,-2.9,-7.3,-1.7,-1.6,-6.1,-14.3,3.5,-2.9,5.0,-8.2,-4.5,-7.5,12.1,2.4,-0.0,-2.6,8.4,6.5,1.4,-13.9,-5.0,-4.6,-4.4,-8.7,-1.0,-4.1,-0.3,1.5,-4.4
2C7L51JQNR,0,48.108454,11.624084,4441993.23,2778540.32,528.7,574.4,296,7309,3.5,0.76,0.42,32.64,348.97,-0.529,-0.103,0.842,0.1,0.2,-0.89,0.27,0.5,0.2,-0.3,2.9,4.0,1.9,0.3,1.0,4.0,2.7,2.3,2.3,-0.4,1.6,2.8,0.1,2.5,-0.3,1.1,-0.3,0.2,0.0,-2.4,-0.2,-3.7,0.4,2.2,0.9,2.2,2.1,-11.9,1.9,-1.1,-15.8,-5.6,-5.2,2.8,-0.9,6.4,-1.8,6.9,0.2,-2.3,-5.8,-11.7,-5.4,0.5,-9.9,10.3,-11.3,7.9,-12.5,1.1,-2.5,-4.4,-1.2,-2.8,-3.0,-1.2,-2.3,-1.9,-2.8,-2.9,-1.1,-1.1,3.8,-2.1,1.1,-3.9,-2.9,-1.2,-1.2,-2.3,-5.3,-2.5,-2.4,-1.3,1.3,3.3,-4.9,4.4,1.5,2.1,4.1,2.8,1.7,1.3,0.1,2.6,1.6,1.3,-0.6,1.5,2.6,-6.5,-2.6,2.7,1.6,3.0,6.5,-1.6,1.6,0.6,-0.9,1.9,-0.4,3.9,1.1,0.8,0.3,1.5,2.8,1.6,2.6,-0.4,2.0,0.9,2.0,4.4,0.6,1.7,1.3,-0.7,5.7,2.5,-0.9,3.0,4.0,2.5,3.7,1.2,3.2,3.4,-1.5,2.7,0.1,-0.9,-0.4,-0.7,4.5,3.5,2.9,6.3,-1.6,1.9,0.7,4.6,1.8,0.8,1.6,-1.6,1.9,5.1,0.7,1.0,2.3,-0.7,3.7,-0.4,3.1,3.9,4.2,4.0,1.3,-0.9,-0.4,1.0,-7.7,13.7,-0.2,1.0,1.6,2.5,2.7,-2.0,-5.0,-1.0,-1.3,1.6,3.3,1.7,-2.7,0.4,0.9,-0.0,-1.9,-2.6,0.2,-0.7,0.5,2.1,-5.7,-6.7,-4.9,-2.4,0.6,-1.5,-4.2,-0.3,0.6,-1.3,-3.3,-1.8,1.9,-1.6,0.6,-0.9,-0.1,-2.0,1.4,-1.6
2C7L51JQNj,0,48.108603,11.625245,4442079.41,2778558.78,537.1,582.8,296,7327,2.5,0.86,0.31,32.65,348.97,-0.529,-0.103,0.842,-0.1,0.1,-1.09,0.2,1.2,0.2,-0.3,2.9,2.3,2.2,1.7,1.4,2.4,1.8,2.5,3.6,2.3,3.7,3.4,2.9,-5.6,13.5,-7.2,-6.4,-6.9,-12.2,-7.1,-5.5,0.5,1.6,-0.1,2.3,2.2,3.2,1.2,0.6,-3.1,-16.1,-3.0,-3.6,-1.0,-3.0,-1.3,0.7,-0.6,2.6,2.8,1.2,3.2,2.5,1.0,0.8,1.5,1.9,2.8,1.3,3.5,-0.2,0.3,2.3,2.3,2.0,2.6,4.9,3.2,2.2,2.4,2.1,3.1,2.7,3.3,3.7,2.3,-0.0,2.8,2.8,2.0,2.7,2.6,3.5,4.0,4.4,2.9,3.6,3.0,3.0,1.5,2.5,1.7,0.2,1.3,-0.8,2.8,2.3,1.8,1.4,2.1,1.1,5.1,5.0,1.2,2.1,0.6,4.5,5.3,4.0,2.9,1.3,3.7,1.8,2.7,3.8,4.5,5.1,6.7,5.0,2.6,3.1,4.2,4.0,4.0,4.8,6.4,0.9,2.3,3.6,3.6,2.4,3.3,4.8,3.4,3.4,3.0,3.2,4.2,2.4,1.7,-1.3,3.3,3.6,-1.0,-0.1,0.4,-0.7,0.6,4.2,3.4,2.1,2.6,1.5,2.0,3.9,2.1,1.0,2.6,3.2,1.5,0.4,0.6,3.5,2.4,2.3,4.5,0.9,2.5,0.4,1.0,0.6,0.7,4.0,0.5,-2.9,4.2,0.8,1.9,3.2,0.4,0.4,-1.9,-0.5,-0.6,0.9,0.9,-0.2,1.2,1.1,0.9,1.9,1.6,1.7,1.7,-1.6,-0.6,1.3,-1.1,-0.8,-2.4,1.8,-0.8,-0.3,0.5,-3.5,-0.6,1.3,-0.7,-0.3,1.7,1.5,1.6,-0.0,1.2,1.5,0.4,1.4,1.9
2C7L51JQOs,0,48.109128,11.629338,4442382.98,2778623.89,538.9,584.5,296,7398,1.8,0.92,0.19,32.66,348.97,-0.53,-0.103,0.842,-0.7,0.1,-0.34,0.13,0.7,0.1,-0.3,0.2,1.0,0.9,1.5,-0.1,-3.5,1.3,0.1,2.2,-4.6,1.2,-3.7,0.2,1.4,1.9,1.8,1.1,1.1,0.1,1.2,0.7,1.6,2.3,2.8,1.7,2.9,3.4,-0.5,1.5,-0.9,-7.2,-3.4,-1.4,-0.7,-1.8,-0.0,2.9,2.4,3.3,2.0,1.1,0.1,-0.1,1.1,0.7,1.3,-1.2,0.5,1.2,3.0,0.4,2.3,1.5,1.9,1.0,1.4,-0.8,0.7,-0.3,0.2,-0.8,-0.7,-0.0,-2.0,-5.2,-5.2,-1.6,-3.6,-1.5,-0.7,-4.6,-0.5,-1.9,-0.5,-0.1,1.4,0.5,1.3,-0.7,0.3,-0.2,0.5,0.7,-0.1,1.1,1.3,2.6,2.1,1.1,0.2,-0.1,1.3,-5.5,-1.6,-1.6,0.9,1.3,1.0,1.3,2.1,0.7,-0.7,1.0,2.1,2.0,2.0,2.2,1.7,1.0,1.0,0.5,0.7,1.0,0.7,0.3,-2.1,-4.7,-1.9,-2.1,-1.7,-3.2,-0.5,-0.4,0.4,1.6,0.7,-3.0,1.6,0.2,0.4,-1.0,1.4,-1.1,-1.2,-1.8,-0.8,-1.1,0.8,2.4,4.4,-2.4,-1.9,-0.3,-0.2,1.4,0.0,-1.5,-1.6,-0.4,-0.6,-1.6,-0.8,0.6,-0.4,-0.8,-0.4,-0.2,-0.3,-0.5,0.0,-0.3,-1.8,0.4,-2.1,-3.4,-0.7,-0.4,1.1,-0.7,0.7,-0.3,-3.0,-6.6,-4.5,-5.9,-4.7,-4.7,-1.9,-5.7,-3.1,-3.3,-1.9,-2.6,-1.9,-2.2,-3.0,-4.0,-0.9,-1.4,-2.5,-3.1,-2.6,-3.8,-5.2,-2.2,-1.9,-2.6,-3.2,-0.8,-1.9,-2.8,-2.7,-2.3,-2.4,-2.4,-4.0,-3.5,-3.6
2C7L51JQOt,0,48.109132,11.629368,4442385.23,2778624.38,537.6,583.3,296,7399,3.0,0.77,0.38,32.66,348.97,-0.53,-0.103,0.842,-0.6,0.2,-0.9,0.23,0.9,0.2,-0.3,1.8,4.3,3.7,2.9,2.1,-3.1,3.7,1.5,4.6,-2.3,4.1,-3.2,1.7,1.8,3.6,-0.2,4.6,-0.9,-3.1,2.2,0.7,0.7,8.7,2.2,4.2,5.0,7.2,0.9,4.9,0.1,-6.9,-0.5,4.4,2.3,1.1,2.0,6.0,4.4,7.1,3.9,4.1,-0.6,7.6,3.2,5.5,5.2,2.1,3.3,4.0,3.7,4.6,3.2,5.5,2.8,2.3,4.0,0.8,3.2,2.5,1.9,3.2,4.7,-2.1,1.4,-3.3,-2.3,1.6,1.6,1.8,2.6,-4.3,5.1,-0.5,4.2,6.4,6.8,6.8,7.7,3.6,1.3,7.6,7.9,6.5,7.1,12.0,8.3,7.5,9.8,6.0,6.5,4.5,5.4,-1.9,4.6,3.9,7.1,5.3,6.4,8.5,4.6,3.7,5.0,4.4,9.7,5.1,4.8,5.0,6.8,7.2,6.7,5.4,8.5,5.4,5.5,5.9,-4.3,-1.9,0.7,1.0,3.4,-1.8,6.4,3.2,3.2,6.9,5.7,-1.5,7.3,5.2,3.7,2.8,5.2,-0.9,5.8,-0.1,2.8,-3.4,4.2,4.8,5.7,-1.2,-2.1,1.6,4.7,4.9,2.2,0.7,-1.1,1.5,6.0,-0.1,1.9,4.0,2.5,3.1,0.8,2.4,0.9,1.6,3.6,3.0,2.9,4.3,-0.7,-0.4,0.5,4.3,8.1,6.7,4.2,3.8,4.8,-4.8,-2.8,-6.7,1.8,1.6,2.3,-8.6,0.7,0.2,2.6,2.1,2.0,-0.4,-1.3,-4.9,5.6,-1.0,-0.9,-0.4,2.9,-1.9,-0.5,2.1,1.8,-1.2,0.2,2.7,0.8,1.0,3.2,-0.8,-0.1,2.4,-0.5,3.8,1.6
2C7L51JQQF,0,48.109755,11.634223,4442745.35,2778701.61,541.1,586.8,296,7483,4.1,0.67,0.45,32.69,348.97,-0.53,-0.103,0.842,-0.5,0.2,0.05,0.32,0.4,0.3,-0.3,-0.9,1.5,2.1,-2.1,-1.1,-4.1,-0.3,6.0,2.5,-8.9,-1.1,0.3,-1.8,-0.7,-2.2,0.4,-3.6,-3.4,-0.8,-6.5,0.1,-4.6,-3.1,-0.5,2.4,1.7,1.0,-0.9,1.4,-2.3,-16.2,-6.5,-4.7,-2.7,0.2,-4.7,-1.1,1.1,13.3,-3.7,6.0,9.5,-0.2,-5.8,-4.0,-2.3,-1.1,-10.8,-2.0,-4.1,-2.5,-1.3,0.6,-1.5,-3.3,-0.5,-6.1,-5.0,-4.4,-4.5,-2.4,2.0,-3.3,-3.1,-6.6,-7.8,-5.2,-4.5,-4.5,-2.8,-6.7,3.2,-4.0,-1.2,-10.6,-3.6,-0.2,-2.2,-3.5,-3.0,-2.4,-6.1,-10.2,-3.8,-5.4,-4.9,-5.6,-1.5,-2.2,-6.3,-0.4,3.7,-4.4,-9.3,-6.6,-2.0,-7.6,0.5,-5.0,0.4,-0.9,-1.9,-1.5,-2.7,-1.9,-2.5,-1.8,1.4,-0.3,-2.2,-3.4,-1.8,2.7,-0.4,-0.5,-2.2,-2.7,-2.8,-7.2,-4.5,-9.0,-3.4,-1.4,-3.5,-0.6,-1.7,-8.5,0.9,1.5,1.8,1.4,0.4,-3.6,-2.5,-5.6,-3.7,-2.0,-0.7,0.6,-0.6,-5.0,-8.9,-5.8,-3.8,0.6,2.0,-1.6,-7.3,-12.7,1.5,-2.6,-13.9,-2.1,-0.4,-0.0,0.9,-1.4,-2.3,-0.7,-2.3,-3.6,-10.6,-1.0,-11.2,-7.5,6.0,0.8,5.2,-2.4,-1.1,-5.8,-8.2,-11.1,-7.2,-9.1,1.5,1.4,2.8,1.7,5.8,2.2,6.1,0.8,-15.3,1.6,-4.8,-6.5,-2.6,0.8,-2.2,-6.6,-9.7,-11.9,-4.2,-0.7,2.9,-3.1,-3.9,-5.0,-1.9,-13.2,-4.1,-6.2,-6.6,-5.3,-9.3,-5.4,-3.0
2C7L51JQMa,0,48.108119,11.621333,4441789.13,2778498.58,542.6,588.3,296,7256,4.3,0.66,0.43,32.6,348.93,-0.529,-0.103,0.842,-0.4,0.2,0.18,0.34,0.9,0.3,-0.3,-2.7,-2.3,0.3,-3.0,0.2,-0.5,1.3,5.9,0.0,-0.5,-4.6,-2.6,-2.0,-4.1,-4.1,-3.8,-1.7,0.4,-3.3,2.7,3.6,4.8,-0.3,-12.1,-1.6,-1.5,7.2,13.1,3.4,-14.5,-4.0,-7.2,-5.6,-8.7,-13.5,-11.5,-8.1,-0.2,1.7,-0.2,-1.3,3.9,-4.4,0.6,-3.5,3.1,-10.4,-10.9,9.7,-6.1,-4.4,-6.0,-6.8,-6.4,-4.2,-4.4,-5.7,-5.5,-6.6,-5.6,-6.6,-3.6,-4.0,-4.8,-12.0,-8.2,-6.3,-8.0,-9.0,-7.1,-7.7,-5.7,-11.0,-7.1,-6.7,-6.7,-6.9,-10.4,-4.8,-6.3,-12.5,-9.0,-5.0,-12.1,-8.9,-2.6,-10.5,-7.3,-10.3,-5.5,-7.2,-5.8,-2.7,-8.0,-3.9,-2.3,2.1,-8.6,-4.1,-4.5,4.2,10.3,-3.7,-0.1,3.1,-1.1,-4.8,-3.3,-2.1,-4.3,-8.0,-6.2,-4.2,-3.6,-3.0,-3.6,-2.2,-2.0,-2.0,1.3,0.9,-0.7,3.8,3.1,-0.8,-3.8,-3.1,-1.5,-5.4,-3.2,-2.6,0.8,-6.1,-9.3,-3.7,-3.1,-0.5,-2.2,2.6,-1.6,13.8,-2.1,-4.8,-3.4,-4.6,-6.0,-5.2,-3.2,-2.8,-5.1,-6.9,-7.8,-3.7,-3.8,-6.4,-5.1,-13.1,-6.3,0.1,-1.2,-2.3,-4.3,-6.9,-4.8,-8.1,-0.9,-5.9,-3.9,-0.7,-2.6,-3.3,-2.2,-5.5,-7.8,-4.8,-4.5,-7.4,-6.6,6.6,-5.3,-4.3,-6.8,-2.7,-4.7,-2.2,-4.4,-5.6,-7.3,8.2,2.9,-4.5,-5.1,-9.0,-4.4,-9.3,-4.4,-6.4,-4.7,-7.5,-6.4,-9.7,-4.3,-6.5,-6.1,-3.6,-5.4,-5.8,-6.7
2C7L51JQMf,0,48.108136,11.621465,4441798.92,2778500.69,536.4,582.1,296,7261,3.4,0.77,0.47,32.6,348.93,-0.529,-0.103,0.842,-0.7,0.2,0.0,0.26,0.8,0.2,-0.3,-0.1,0.2,0.3,0.9,-0.3,1.3,-0.2,-1.3,-1.5,6.0,0.1,2.3,2.2,-2.1,2.2,4.9,6.3,6.1,1.5,2.9,0.7,1.4,-2.2,-0.2,3.2,3.1,0.7,-0.2,-3.4,1.0,9.1,-0.8,-1.1,-3.6,-3.4,-3.5,-3.5,1.3,2.8,-0.7,-2.8,-0.4,1.2,0.7,-0.0,2.7,-0.8,-2.5,0.1,-3.7,-0.5,1.8,-2.6,-3.6,0.6,-1.5,1.3,-1.2,-0.5,-2.0,-1.2,-3.4,0.8,-3.2,0.2,-0.1,-2.6,-4.1,-3.6,-0.4,0.7,-0.9,-1.3,-1.8,-0.1,1.4,3.1,0.9,1.8,6.9,-1.5,2.0,-4.0,-4.6,-2.7,7.4,8.7,7.9,-0.9,2.8,10.5,-0.9,-2.0,1.7,4.6,-4.8,-5.5,11.9,-0.2,-3.2,-3.2,3.0,-0.8,-0.7,-0.2,1.7,-0.3,-3.0,0.0,0.2,2.4,-2.2,-0.2,0.6,0.8,-1.0,-2.8,-1.8,-3.2,-1.7,-0.5,-0.4,0.1,-0.7,4.3,5.1,0.2,-0.4,-3.2,5.0,-0.2,-8.0,-0.1,-5.0,-7.4,-7.7,-9.9,3.3,3.7,2.4,1.1,-4.7,-4.0,-3.3,-3.2,-4.8,-0.1,-2.7,-1.1,-1.4,-0.0,-3.9,-0.9,-2.5,-0.5,-5.8,-2.8,-3.9,-2.6,-3.2,14.7,-10.4,-2.4,0.7,0.1,-1.1,-2.9,4.6,3.0,-2.1,3.4,-3.4,-2.6,-2.1,-3.7,-3.0,-3.5,-0.3,-2.4,-2.0,-3.8,-9.1,-3.7,1.2,1.4,0.6,-1.0,2.6,-4.1,-7.2,-6.3,-1.2,0.1,0.8,-4.5,-5.1,2.4,0.3,-2.1,-9.0,-3.4,-5.3,-3.1,1.5,-2.1,-2.3,-2.5,-4.4
2C7L51JQOi,0,48.109075,11.628783,4442341.75,2778617.12,538.9,584.6,296,7388,3.6,0.71,0.41,32.66,348.97,-0.53,-0.103,0.842,-1.0,0.2,-0.15,0.27,2.6,0.2,-0.3,0.3,-2.1,0.8,0.6,-1.7,0.8,-2.2,-1.1,0.5,3.4,-0.1,1.1,-0.7,-1.3,6.7,5.6,7.4,20.7,10.4,7.5,17.6,3.0,1.2,7.6,7.9,5.7,4.7,2.7,-1.2,7.2,-5.7,4.1,4.9,2.8,4.8,2.0,-0.8,3.5,2.8,1.5,-0.1,-0.0,4.1,1.1,1.1,-1.8,-0.9,-4.3,-3.2,0.3,-0.0,1.1,-0.4,0.2,-0.8,-0.5,-0.0,1.2,2.2,-0.2,-1.1,1.2,2.2,-2.7,-3.4,-1.3,-1.9,-0.2,-1.5,-0.3,3.3,2.0,1.0,2.1,1.1,4.4,4.4,4.8,5.6,4.1,2.5,6.0,2.2,2.9,4.4,4.2,4.1,2.0,2.3,2.2,-1.0,-2.2,-4.9,-3.5,-3.2,3.5,-0.4,4.0,7.7,4.2,-5.2,6.7,3.2,4.5,6.9,8.6,1.0,3.1,2.6,4.9,3.3,1.7,2.3,1.4,1.0,-1.7,-0.9,-3.9,-0.9,-3.1,2.0,-5.8,1.8,0.7,1.9,3.2,0.9,1.2,3.7,4.0,2.4,-1.0,1.8,4.0,3.7,1.2,3.0,4.0,7.2,0.9,-8.4,-3.2,-0.3,-4.6,-7.7,-6.8,5.6,-6.5,-3.4,-1.4,-0.8,-3.0,-0.3,-4.6,0.8,1.1,2.4,16.2,2.6,1.1,-0.2,-2.9,10.8,-5.2,-5.3,1.2,-4.0,-5.2,-4.4,-1.1,2.4,-2.4,-3.2,-2.8,-2.6,-3.9,-6.3,-2.2,-8.0,-3.3,-4.8,-3.2,-4.3,-2.2,-2.5,3.5,-2.8,0.2,3.1,-4.1,2.8,1.7,-1.8,4.8,6.1,2.8,2.2,3.1,-3.0,-4.1,-2.6,-2.0,-5.9,-4.6,-4.8,-5.5,-5.1,-8.2
2C7L51JQOk,0,48.10909,11.628896,4442350.16,2778618.92,538.8,584.5,296,7390,3.8,0.45,0.42,32.66,348.97,-0.53,-0.103,0.842,-1.1,0.2,0.04,0.29,5.3,0.2,-0.3,-1.0,0.3,0.9,-0.7,-1.0,-3.8,0.2,0.2,2.7,11.9,3.4,1.7,4.2,5.5,7.8,3.2,8.2,16.6,9.3,13.2,-0.1,9.3,0.3,10.4,11.0,16.4,2.1,2.8,4.2,10.3,0.9,9.2,9.0,10.3,10.8,13.2,4.0,17.3,14.4,15.7,3.1,5.2,10.1,12.3,10.7,5.1,-6.2,-0.7,-0.2,-0.4,-2.0,0.2,0.5,0.4,2.0,1.9,0.7,0.5,-0.8,-1.4,1.2,2.3,3.2,-3.2,1.2,-1.1,-2.2,-3.9,-0.6,0.7,-0.4,2.2,0.9,1.5,-0.8,8.6,8.5,8.8,10.0,11.2,-2.0,9.7,1.2,-1.6,4.7,12.4,12.0,10.5,13.3,11.5,9.9,2.6,1.2,7.5,9.3,5.5,2.2,9.7,10.3,7.9,3.2,8.0,10.8,5.0,8.4,7.9,3.4,-0.4,2.7,3.1,3.7,-1.6,3.1,5.0,-2.5,-2.9,-2.8,-0.9,-1.4,-2.7,-6.9,-2.9,-1.0,0.4,6.1,7.3,-1.3,6.8,7.9,7.4,5.9,7.5,1.7,10.4,7.2,8.2,10.6,9.4,8.8,4.2,-3.5,-2.4,2.4,-1.8,-1.0,-0.5,-0.3,-3.2,-2.7,-1.8,0.3,-1.3,-1.7,-3.3,2.5,1.5,2.8,-0.8,2.8,3.0,7.8,5.5,5.6,6.4,5.6,0.4,2.8,9.6,-0.4,8.1,6.7,5.3,-4.9,-2.2,-1.8,-13.1,-6.7,-4.7,-12.1,-4.4,-3.5,-2.3,-3.2,-3.0,-0.9,4.6,-3.6,4.8,9.2,7.1,2.8,8.8,5.6,6.6,7.6,9.9,10.3,3.6,-5.4,-5.3,0.9,-1.0,-1.5,-3.0,-4.3,-2.4,-4.5,-2.3
2C7L51JhPq,0,48.108219,11.62197,4441836.36,2778510.8,535.7,581.4,297,7270,4.0,0.71,0.48,32.6,348.93,-0.529,-0.103,0.842,-1.1,0.2,-0.66,0.3,0.5,0.3,-0.3,0.8,1.4,1.2,-1.6,-0.6,-2.5,-1.1,-1.4,-1.4,1.7,3.4,3.4,2.8,2.9,3.1,3.1,3.3,6.6,1.9,4.1,-2.2,-3.1,0.0,2.8,3.7,1.9,4.4,0.1,-0.1,2.4,-15.9,-5.9,2.1,-3.9,0.0,-2.5,0.7,2.2,2.6,0.8,2.7,5.7,3.0,0.2,0.0,-1.1,0.1,-2.6,-1.6,-0.5,-1.1,-1.5,0.3,0.7,1.5,1.6,2.0,0.3,0.7,0.2,1.2,2.2,1.9,1.3,-0.6,0.4,1.1,1.6,0.3,-2.3,0.1,0.8,-1.0,-0.1,-3.4,-1.6,5.9,0.8,3.6,-2.1,1.1,0.4,0.9,1.9,-1.1,-5.2,5.1,4.0,3.7,2.7,7.0,4.6,-1.3,8.0,3.9,4.1,-7.9,10.1,-0.3,-0.6,0.6,-1.8,-1.0,-0.8,-1.4,1.8,-1.8,-1.7,2.0,2.6,7.5,2.1,4.0,2.4,-1.4,-2.7,-7.7,1.2,-1.3,2.6,0.5,3.1,1.2,-0.8,1.4,-11.4,-0.2,7.3,9.6,8.6,-6.8,-4.7,7.2,-3.4,-3.2,-14.0,-14.0,5.8,-0.2,-2.0,0.8,-1.3,-2.2,1.4,-0.1,-4.1,-0.1,-1.3,-1.5,-0.5,-2.5,-1.3,2.9,-1.4,-0.6,-1.3,-5.4,-0.8,0.6,-2.7,-1.7,1.6,2.8,6.2,-11.1,-0.8,-1.7,-1.7,-13.2,8.7,-1.0,-10.0,0.1,-5.2,-1.2,-2.9,-6.9,-3.5,-0.5,-0.2,-5.7,-2.8,1.8,-8.8,-2.3,-9.1,0.3,-6.9,-0.7,-11.1,-1.6,2.7,-7.9,-9.1,0.3,-2.5,-17.7,0.4,-1.7,-1.8,-3.0,-3.4,-6.9,-3.8,-2.8,-4.6,-2.2,-5.4
2C7L51JhQ4,0,48.108344,11.622944,4441908.6,2778526.28,542.4,588.1,297,7284,2.0,0.85,0.28,32.61,348.93,-0.529,-0.103,0.842,-0.6,0.1,-0.47,0.15,2.4,0.1,-0.3,-0.1,-2.6,-1.6,-2.5,-2.4,3.6,-1.1,-1.9,-2.0,5.6,-1.0,3.8,-1.8,-3.4,-3.0,-2.8,-3.3,-2.8,-3.7,-3.5,-4.4,-4.4,-2.5,-2.9,-2.3,-2.9,-1.9,0.7,-2.6,-7.0,-16.8,-7.5,-7.5,-8.3,-6.1,-5.6,-4.4,-2.3,-1.2,-2.4,-0.9,0.4,-1.9,-3.0,-3.4,-2.9,0.8,-1.3,-1.7,-0.7,-0.6,-0.3,-0.5,-0.4,-0.4,-1.9,1.4,0.6,0.2,0.2,-0.4,0.6,-7.2,-0.1,4.3,1.8,1.3,1.5,-1.3,-2.0,0.3,-2.3,-0.8,-1.0,-2.4,-2.9,-2.6,-1.7,-2.5,-3.6,-3.5,-4.0,-3.7,-4.4,-4.0,-3.4,-4.2,-2.9,-4.3,-5.5,-4.6,-2.9,-2.2,-6.3,-3.6,-5.0,-0.9,-3.6,-3.2,-4.5,-4.1,-2.7,-3.7,-0.8,-3.0,-2.3,-3.2,-0.7,0.6,0.6,-4.9,-2.7,-4.1,-1.5,-0.7,2.5,0.9,-3.2,-2.4,-1.8,1.6,-0.1,1.8,-2.4,-4.8,-4.7,1.0,-3.2,-4.6,-4.3,-7.4,-6.3,-1.4,-6.5,-5.3,-7.3,-3.7,-2.8,-4.4,-1.1,1.4,-2.6,-1.7,-1.5,-1.7,-1.5,-3.1,-0.9,-0.8,-1.1,0.7,0.1,-2.9,-3.9,-1.9,-1.9,-4.4,-4.7,-3.5,-3.5,-6.3,-7.5,-4.8,-5.9,-7.3,-2.6,-6.1,-5.9,-3.7,-5.0,-5.4,-8.4,-3.4,-1.9,-0.3,3.7,-1.2,-0.8,0.6,-1.7,-3.5,-2.5,-2.7,-4.2,-3.5,-3.4,-3.6,-5.4,-8.1,-6.2,-7.0,-6.8,-7.1,-6.8,-10.3,-7.3,-6.5,-6.9,-6.0,-5.8,-4.1,-4.8,-5.1,-4.7,-2.4,-3.9,-3.0,-3.7
2C7L51JhQ5,0,48.108342,11.622927,4441907.37,2778526.02,538.8,584.5,297,7285,3.1,0.8,0.43,32.61,348.93,-0.529,-0.103,0.842,-1.5,0.2,0.1,0.23,0.9,0.2,-0.3,0.1,-2.5,-0.6,-1.7,1.3,3.3,-1.6,-1.9,-0.2,-0.9,-2.1,2.7,-1.8,-3.4,-3.3,-2.0,-2.9,-4.1,-2.6,-1.8,-1.9,-2.9,-4.6,-1.7,-2.1,-8.1,-2.7,-0.4,-2.8,-6.1,9.1,-2.4,-4.4,-5.4,-1.1,-3.2,-1.8,-0.6,3.3,-3.6,-0.5,2.0,-0.9,-1.6,1.0,-0.4,1.4,0.7,-0.0,2.6,1.2,3.4,3.0,1.9,-1.5,-3.3,1.9,3.3,1.8,1.0,-10.9,-14.5,-4.5,-3.3,3.7,-1.2,3.2,-1.0,-5.7,-4.4,-3.3,-3.1,-2.8,-4.9,-4.0,-2.4,-4.3,-1.1,-1.6,-2.7,-5.2,-4.1,-2.8,-3.4,-3.1,-1.0,-2.7,0.2,-2.3,-3.6,-2.0,-0.1,-4.3,-6.7,-5.2,-4.7,1.5,-3.1,-2.8,-12.6,5.2,-7.0,-4.4,-0.8,-3.5,-4.6,0.4,-0.7,-1.0,-2.4,-4.8,-7.2,-7.8,4.6,-4.6,-4.4,-0.0,-14.0,-12.7,-10.5,3.0,-7.0,-9.6,-2.6,-5.1,-3.5,-5.5,-2.5,-5.6,-5.2,-9.4,-4.9,-3.8,-5.5,-5.5,-8.7,-2.5,-3.6,-0.6,-5.1,-1.9,-2.5,-3.8,1.7,-2.5,-4.4,-8.1,-4.9,-4.4,-0.3,0.0,-1.9,-3.7,-5.9,-3.9,-5.2,-6.5,-5.9,-4.9,-5.0,-5.6,-8.9,-5.9,-5.5,-8.2,-5.1,-7.8,-6.6,-4.3,-6.8,-7.8,-10.4,-3.9,-4.6,-5.5,-13.5,-7.9,-5.9,0.5,-6.6,-8.0,-6.3,-6.0,-7.7,-5.8,-4.8,-5.3,-6.4,-10.6,-7.5,-8.0,-6.0,-8.4,-6.8,-11.3,-7.3,-6.9,-8.4,-8.6,-5.3,-7.0,-6.2,-7.8,-5.9,-7.0,-7.8,-6.7,-6.3
2C7L51JhQD,0,48.108385,11.623261,4441932.12,2778531.34,535.0,580.7,297,7293,2.4,0.89,0.38,32.61,348.93,-0.529,-0.103,0.842,-1.0,0.1,-0.18,0.19,0.6,0.2,-0.3,-1.2,-1.3,-0.4,-0.5,-2.5,0.0,0.7,0.4,-0.2,1.4,2.0,1.4,0.6,-2.0,-2.9,-1.1,0.6,-10.3,0.1,3.6,2.8,0.9,3.0,1.6,2.8,1.7,-0.1,-0.7,0.2,-3.4,-17.6,-5.0,-13.7,-5.0,-8.4,-3.0,5.2,0.4,1.5,0.4,4.6,2.8,4.8,-1.2,5.7,0.4,1.1,-1.3,-1.4,-1.5,-0.6,-1.0,-1.3,0.5,0.9,-0.7,-0.5,-1.6,1.3,-0.5,0.6,0.9,2.6,0.2,2.4,0.9,0.9,5.7,-1.3,0.2,-0.0,-0.4,-3.3,-0.7,-1.0,0.3,0.9,-0.3,-0.2,-0.9,1.2,-3.7,-0.6,-3.9,-2.9,-2.7,-2.6,-2.4,-4.0,-3.3,-0.4,-1.9,0.3,-2.5,-2.1,0.1,-2.0,-0.5,-1.4,-2.6,-2.2,-2.0,1.0,-1.3,-2.2,0.8,-1.0,-0.2,1.3,-1.1,-2.8,-1.6,-1.9,-0.3,-1.8,-1.1,-1.6,-2.0,-2.4,-2.1,-1.7,-1.4,-2.3,-1.9,-2.7,-3.5,-1.7,-2.8,-2.7,-3.0,-4.3,-2.5,-2.8,-3.8,-6.8,-0.0,-2.6,-2.7,-3.8,-1.0,-3.2,-5.9,-2.9,-2.3,-3.5,-3.9,-6.2,-3.8,-3.6,-3.8,-2.1,-0.8,-2.1,-3.3,-3.2,-1.6,-3.0,-3.2,-4.3,-0.8,-2.4,-5.4,-1.3,-3.2,-5.4,-2.3,-3.2,-3.7,-0.2,-1.4,-0.8,-4.8,-4.9,-6.4,-5.7,-3.6,-3.9,-3.3,-1.8,-3.6,-3.5,-4.1,-4.5,-4.8,-4.4,-3.3,-4.4,-4.9,-4.8,-4.5,-6.1,-5.1,-3.2,-7.4,-4.8,-5.2,-4.5,-5.3,-1.2,-5.7,-5.4,-5.4,-4.4,-6.1,-5.0,-4.9,-4.2,-4.7
2C7L51JhRT,0,48.10896,11.627741,4442264.47,2778602.62,536.8,582.5,297,7371,4.2,0.6,0.51,32.66,348.97,-0.53,-0.103,0.842,-0.3,0.2,-0.28,0.32,2.5,0.3,-0.3,-0.3,-2.0,-2.6,0.2,-0.2,2.2,-6.0,-0.3,1.0,1.5,-0.5,-0.2,3.5,-1.1,-6.8,-0.4,1.6,-6.0,-2.9,-3.9,-6.8,-4.3,-9.3,-1.5,-6.4,-11.9,-4.3,0.9,-1.8,-10.6,-16.9,-6.6,-6.2,-15.6,-5.1,1.7,-8.8,-14.4,-1.7,-6.7,-10.7,-1.6,0.2,-4.3,6.0,-8.1,-2.8,-8.8,-2.3,-6.9,2.7,-2.5,-2.7,-0.6,-1.0,-3.0,0.1,-1.4,-3.5,-0.5,-0.3,-1.5,1.5,-3.4,2.4,-0.5,-1.1,-1.8,-1.7,-3.2,-8.8,-4.8,-4.1,-2.7,-3.0,0.2,-2.8,-1.4,-1.0,-0.6,-3.3,-0.7,-6.7,-7.1,-6.0,-20.3,-9.0,-11.4,-8.0,-7.9,-6.1,-9.6,-8.4,-7.4,-2.9,-11.6,-8.9,-10.0,-3.1,-5.9,3.1,-2.9,-1.6,-3.9,-6.2,-2.2,2.4,2.5,3.0,2.7,-16.9,-3.3,0.2,-2.2,-8.0,3.4,-15.5,-4.3,4.5,-1.9,-9.5,-9.7,-1.5,-12.0,-6.4,-12.0,3.8,-3.9,-2.1,-5.7,-2.1,1.9,-5.3,-7.0,-3.4,-12.9,3.8,-12.0,-6.1,-7.4,-7.6,-8.5,1.3,-0.0,1.3,2.4,-3.9,2.2,2.4,1.2,4.3,3.9,3.1,0.4,-2.3,0.8,0.5,-5.4,2.0,-2.1,-5.7,-5.2,-6.4,-13.8,-7.7,-0.3,-1.5,-2.8,-6.9,-1.4,-6.1,-6.7,-5.5,-3.7,-10.9,-5.6,-2.6,-5.7,1.8,-5.4,-3.0,-5.5,-4.6,-7.6,-2.9,-3.8,-6.4,-11.3,-7.8,-5.0,-10.6,-5.5,-5.8,-2.0,-2.6,-7.6,-9.7,-4.0,-8.1,-6.1,-2.8,-4.5,-6.5,-6.1,-6.3,-4.7,-4.6,-3.8
2C7L51JhQC,0,48.108398,11.62322,4441929.05,2778532.75,536.1,581.8,297,7292,2.1,0.9,0.43,32.61,348.93,-0.529,-0.103,0.842,-1.1,0.1,-0.0,0.16,0.6,0.1,-0.3,-3.7,-2.3,-0.6,-1.1,-2.1,-1.6,-0.1,-0.1,1.1,-0.8,1.4,0.1,1.6,-2.6,-2.9,-0.2,-1.0,4.7,1.2,2.3,1.7,1.2,2.3,1.9,4.2,1.0,3.8,-1.3,0.3,-2.3,9.7,-3.1,1.2,-4.1,-1.2,-2.6,1.5,-0.3,1.1,-1.9,2.2,1.5,3.4,-0.5,3.7,1.1,-0.2,-2.0,-2.1,-2.9,-2.0,0.2,0.4,1.9,0.6,-1.3,-1.9,-1.4,-0.2,-1.6,-1.2,-0.4,1.8,-0.1,0.3,-0.3,0.1,2.7,-0.7,-1.6,-1.9,-2.1,-5.1,-2.5,-1.9,-0.8,1.1,-0.8,-1.9,-0.5,-0.3,-2.1,0.5,1.7,-1.5,-2.2,0.0,-2.0,-2.7,-1.5,-0.0,-0.5,-1.2,-2.9,-0.6,-0.9,-2.7,-1.6,0.3,0.4,-2.7,-0.1,1.8,2.0,-0.1,0.6,-1.0,1.2,0.4,-1.7,-3.0,-1.2,-3.0,-1.3,-2.1,-3.9,-3.1,-3.9,-4.0,-4.0,-3.5,-2.2,-1.8,-2.8,-4.2,-3.8,-1.8,-2.7,-3.6,-4.1,-0.6,-1.7,0.8,-1.8,-2.9,-1.5,-3.6,-3.4,0.8,0.2,-5.6,-3.1,-1.0,-2.3,-3.4,-5.2,-6.6,-4.1,-3.0,-2.7,-4.4,-1.8,-1.1,-3.1,-1.0,-2.1,-2.0,-4.2,4.8,-0.4,-3.2,-4.6,-1.0,-2.5,-7.5,-4.3,-3.1,-3.5,-1.3,0.9,-0.8,-5.4,-6.9,-5.3,-5.9,-2.7,-3.6,-1.4,2.0,-6.1,-1.1,0.9,-7.7,-7.6,-6.0,-4.0,-7.1,-7.2,-5.0,-5.6,-4.8,-3.4,-4.0,-4.5,-6.0,-6.1,-2.6,-3.0,-2.7,-3.1,-5.8,-2.3,-3.6,-7.7,-6.4,-5.5,-4.9,-3.7
2C7L51JhQE,0,48.108409,11.623304,4441935.29,2778534.09,534.6,580.3,297,7294,2.0,0.89,0.31,32.61,348.93,-0.529,-0.103,0.842,-1.2,0.1,-0.0,0.15,1.3,0.1,-0.3,1.0,2.1,2.4,1.1,0.3,-2.4,2.0,1.6,-0.9,-1.6,0.6,-1.7,-0.3,-1.9,-3.1,-1.6,-2.1,-4.2,-4.1,-1.2,-0.4,-1.7,-2.4,-1.1,0.1,2.0,-0.2,-3.1,-2.8,-5.3,3.7,-11.8,-10.9,-9.2,-8.6,-6.5,-2.6,-4.9,-3.4,-4.7,-1.7,-5.3,-2.2,-6.4,-1.2,-2.6,-3.8,-6.0,-3.6,-3.8,-3.7,-3.9,-0.6,-0.5,2.0,2.1,-1.5,-0.8,-1.3,-2.7,-2.1,-1.6,-3.0,-2.1,-3.9,-4.0,-2.7,0.5,-2.1,-2.4,-2.4,-2.1,-4.3,-2.6,-2.8,-2.8,-0.5,-1.2,-1.9,-4.5,-3.6,-6.1,-4.1,-5.4,-4.2,-5.0,-5.6,-5.0,-5.3,-6.3,-6.2,-8.6,-9.5,-6.5,-4.9,-3.6,-5.4,-3.8,-1.4,-3.0,-2.4,-2.6,-4.8,-2.3,-4.9,-4.6,-4.4,-3.4,2.4,-2.2,-3.7,-3.4,-4.8,-3.1,-2.6,-1.3,-0.9,-3.0,-3.4,-3.2,-2.7,-3.5,-4.1,-4.6,-1.2,-4.5,-4.3,-3.5,-4.8,-3.5,-6.7,-6.9,-7.5,-6.2,-6.2,-6.9,-5.4,-2.9,-3.9,-2.3,-5.1,-7.3,-5.4,-5.7,-4.7,-5.3,-7.5,-4.7,-4.7,-5.3,-4.4,-4.9,-6.4,-6.9,-6.6,-4.5,-4.3,-5.4,-4.1,-3.8,-7.7,-8.6,-4.3,-6.3,-6.4,-3.8,-5.0,-6.5,-5.0,-4.8,-6.6,-9.1,-6.9,-8.9,-8.0,-6.7,-8.5,-6.9,-4.7,-6.1,-7.7,-6.2,-4.1,-6.4,-4.7,-4.0,-6.8,-5.0,-5.6,-7.8,-5.8,-9.4,-8.2,-7.9,-9.5,-10.7,-7.1,-9.2,-10.1,-8.9,-9.8,-7.5,-7.0,-7.5,-5.3,-8.3,-6.3,-8.3
2C7L51JhQV,0,48.108539,11.624312,4442010.04,2778550.12,535.0,580.7,297,7311,2.7,0.83,0.41,32.64,348.97,-0.529,-0.103,0.842,-0.8,0.1,-0.15,0.21,0.1,0.2,-0.3,-0.0,1.8,0.4,1.8,-0.3,1.3,1.4,-0.1,1.8,5.1,3.0,6.5,2.7,-0.1,2.0,0.3,1.0,0.5,-2.1,-2.0,-2.5,-2.4,-2.0,0.8,1.4,1.2,3.5,4.8,-5.4,-2.6,-12.3,-1.2,-4.9,-4.0,-3.0,-3.9,-0.6,0.8,0.2,-0.4,0.7,-2.9,-2.4,1.2,-0.4,-3.5,3.8,-3.9,-5.0,1.0,-2.1,-2.8,-2.2,-0.7,0.0,-0.1,-2.7,-2.7,-2.6,-2.1,-1.8,0.2,-1.6,-2.1,0.1,-5.1,-1.5,-3.2,-1.6,-0.1,-2.4,-1.2,-5.2,0.0,1.6,2.2,0.3,2.1,1.0,4.0,-0.6,0.2,-2.5,6.7,0.1,4.4,-0.8,2.1,-3.3,-2.1,-1.4,5.1,-4.5,-3.9,-4.0,2.0,4.1,-0.5,-0.7,0.2,-0.6,-0.0,0.7,1.0,0.8,0.8,2.6,-1.8,-0.3,1.8,1.8,-2.1,-1.4,0.4,-1.8,-1.5,-5.9,3.6,3.1,-5.5,3.4,-6.7,-6.8,-2.3,1.6,-0.4,0.3,-3.0,0.8,-2.1,-2.5,-1.6,-0.1,-2.3,-2.0,-4.9,-0.9,-3.2,-0.6,-0.1,3.9,-0.9,0.7,-3.1,1.0,-1.2,-2.1,-8.6,-1.6,-1.9,-3.2,0.1,-1.5,-2.8,-1.6,-1.8,0.0,-6.7,-2.0,-2.7,-3.7,-5.0,-1.2,-4.5,-5.3,-0.1,-1.6,-1.4,-0.4,-0.2,-1.2,-4.5,-7.1,3.7,2.6,-5.8,-7.3,-5.6,-2.4,-6.8,-5.9,-6.5,-5.0,-5.2,-3.4,-3.0,-1.9,-0.5,-6.8,-4.3,-0.1,-6.5,-3.7,-4.0,-5.5,-4.2,-2.6,-3.5,-3.7,-0.2,-1.3,-1.9,-2.8,-2.4,-4.7,-7.0,-5.8,2.1
2C7L51JhQZ,0,48.10857,11.624561,4442028.49,2778554.07,537.8,583.5,297,7315,3.6,0.78,0.45,32.64,348.97,-0.529,-0.103,0.842,-0.6,0.2,0.47,0.27,1.3,0.2,-0.3,-1.4,-3.1,-2.2,-2.1,-1.2,-0.9,-0.4,-1.1,-1.5,2.1,-0.4,0.9,-2.0,-1.5,-2.7,-1.8,-4.0,-2.2,-3.1,-4.2,-0.6,-2.7,1.4,2.8,2.7,-1.7,2.1,0.6,-0.8,-6.3,1.5,-11.4,-4.8,-0.8,-0.6,-4.0,-0.0,1.9,3.4,6.0,3.5,-7.2,-0.2,-3.8,5.6,11.8,5.7,-2.9,-0.8,-0.8,-4.0,-5.8,-4.6,1.3,0.3,-1.0,1.9,-1.8,0.2,1.8,-2.3,-1.5,-3.4,-1.9,1.9,-0.8,-3.3,-0.3,-2.9,-1.6,-0.2,-1.2,-0.5,-0.4,-4.1,0.7,1.7,-0.7,-0.1,0.3,-2.1,-1.9,-2.6,-3.8,-4.8,-3.0,-4.8,-3.4,-5.1,-4.6,-3.1,-5.5,-7.4,-4.4,-3.2,-0.6,-3.4,-0.9,-2.7,-2.3,-1.7,-1.7,-4.7,-1.1,-2.8,0.8,-0.8,0.0,-1.1,-1.2,-2.6,-2.7,-2.0,-3.6,0.3,-0.3,-0.6,-2.0,-2.9,-1.4,-2.1,-3.6,-2.7,-4.4,-3.8,-4.0,-3.3,-5.4,-2.2,-6.0,-3.0,-3.3,-0.1,-5.0,-8.4,-7.8,-3.0,-1.8,4.7,-1.6,-5.4,-2.2,-4.1,-4.4,-1.9,-5.8,-3.8,-4.3,-5.6,-4.7,-5.9,2.1,-4.7,-3.4,-2.9,-1.8,-4.4,-1.5,-3.1,-2.3,-2.2,-4.8,-3.7,-8.8,13.0,0.8,-4.2,1.7,-9.5,13.5,-0.2,-1.5,7.1,8.4,-1.3,-5.8,-7.6,-3.9,-3.0,-8.1,-7.4,-8.7,-8.7,-8.7,-8.2,-4.5,-2.6,-2.5,-9.2,-6.1,-2.9,-0.6,-3.2,-2.8,8.4,-8.0,-5.7,13.0,-3.2,-4.9,-0.6,-6.3,-3.3,-0.4,-4.8,-3.0,-2.8,0.0
2C7L51JhQj,0,48.108658,11.625242,4442079.06,2778564.91,542.9,588.6,297,7325,3.0,0.81,0.43,32.65,348.97,-0.529,-0.103,0.842,-1.8,0.1,-0.76,0.23,0.3,0.2,-0.3,-2.4,6.5,-0.9,0.0,-1.0,-0.6,2.0,-3.5,0.2,1.4,-1.3,1.0,0.6,-0.2,0.8,-0.6,3.8,1.3,1.4,-0.4,0.4,-0.0,-0.9,2.2,6.2,1.2,1.2,-0.1,-1.7,-1.1,9.4,-3.5,-4.8,-4.0,-5.0,-0.3,-0.2,1.5,1.9,1.0,-0.8,-2.3,0.7,1.0,-0.8,-0.9,-1.3,-1.2,-1.0,-2.0,-1.2,-1.1,3.3,0.0,1.6,2.3,4.2,0.8,-0.8,-0.3,0.8,4.5,-0.6,-3.4,-0.2,-1.2,-0.9,-2.2,1.8,-1.2,1.7,-0.8,3.6,2.7,1.2,3.6,0.0,-0.3,0.0,0.2,1.2,0.8,-0.6,-0.8,-1.3,-0.5,-1.2,1.4,1.0,-1.0,-0.4,0.5,-0.1,-1.3,-2.5,-0.6,2.5,-0.3,0.1,0.1,-2.3,-0.7,-1.6,-0.9,0.2,0.4,-0.3,-1.1,0.4,1.0,-1.2,-0.8,-1.1,-1.9,-0.4,-0.7,5.2,-4.9,1.0,-3.7,0.2,-2.6,0.6,-1.0,-0.5,1.4,-2.1,0.1,-2.0,-3.2,-2.7,-4.7,-2.7,-1.4,-1.2,-2.0,0.6,-4.8,0.6,-0.0,-2.1,-6.2,-3.9,-2.9,-3.5,-5.5,-3.6,-5.3,-1.7,-3.6,-3.3,-1.6,-2.3,-2.8,-2.7,-3.4,-7.2,-7.0,-6.2,-4.2,-3.9,-6.7,-7.8,-8.8,-7.0,-1.1,-6.3,-1.2,-4.9,-6.0,-4.3,-4.6,-1.0,-2.0,-5.2,-7.9,-11.8,-9.4,8.2,-8.9,-6.9,-7.3,-6.6,-10.2,-7.3,-6.8,-2.9,-1.6,-3.8,-12.1,-3.6,-2.5,-3.7,-6.2,-7.5,-2.3,-3.0,-4.0,1.6,-0.6,4.3,-18.1,-10.9,-11.2,-17.5,-16.5,-16.0,-9.2
2C7L51JhR0,0,48.108776,11.626163,4442147.36,2778579.56,540.6,586.3,297,7342,4.2,0.59,0.45,32.65,348.97,-0.53,-0.103,0.842,-0.8,0.2,-2.0,0.32,1.6,0.3,-0.3,0.8,1.4,1.3,-0.3,1.4,-7.7,-0.2,1.6,2.4,-1.3,-0.0,-2.7,1.9,-1.6,0.9,-0.7,-2.4,1.5,-1.8,-1.5,2.8,-1.1,-0.5,0.3,6.2,2.9,1.3,0.9,1.5,3.5,-13.1,-1.8,-2.9,-3.0,-2.6,3.8,0.1,0.5,4.4,-2.9,-0.2,-2.6,-1.3,0.8,-1.2,-1.0,0.9,4.7,2.3,6.0,2.3,6.4,7.7,2.4,4.2,5.8,3.3,7.4,4.4,4.5,4.4,7.0,3.1,6.2,-2.8,-1.0,3.1,-0.8,2.9,7.2,3.6,6.6,2.8,6.3,6.7,7.8,6.0,5.2,4.0,4.8,2.6,-0.1,-0.2,1.6,0.8,3.8,-2.0,0.4,1.7,2.1,4.8,-0.9,-4.0,6.4,9.9,9.6,6.6,6.6,11.5,4.4,6.5,11.4,5.1,4.6,6.3,10.4,3.8,5.1,11.1,13.9,2.0,8.5,12.0,5.0,6.1,1.9,5.5,5.1,4.6,1.8,-0.9,3.7,11.6,-13.5,-10.4,0.6,0.1,2.5,3.1,0.5,-1.5,-1.1,0.2,-1.2,1.2,4.5,2.9,1.1,2.1,11.9,-4.1,-2.6,4.4,15.5,2.6,-8.9,-9.1,0.3,1.1,10.9,4.7,3.1,4.4,6.7,4.7,5.9,-1.8,4.6,0.7,3.0,-2.4,-0.1,-4.9,-1.5,-1.9,1.0,0.6,6.7,3.7,5.2,2.3,0.2,0.3,1.4,2.7,5.3,-1.2,10.5,-9.5,-4.4,1.6,2.0,2.8,1.6,2.7,-8.1,-0.0,-7.2,-7.5,-2.2,-4.1,-8.6,-3.0,-1.2,-2.7,-4.4,-5.8,-5.2,-4.7,2.7,1.1,9.8,0.1,-0.4,-7.6,-8.0,-7.7,-2.2
2C7L51JhRU,0,48.108984,11.627783,4442267.54,2778605.35,533.9,579.6,297,7372,3.2,0.75,0.44,32.66,348.97,-0.53,-0.103,0.842,-0.5,0.2,-0.81,0.25,2.0,0.2,-0.3,-5.9,1.0,-1.6,0.9,-2.0,3.2,-0.5,0.4,-1.0,-1.2,-1.4,1.1,-2.0,-1.2,-2.4,0.2,7.2,-1.7,-1.5,-5.3,-3.2,-4.0,-2.3,-4.3,-0.8,2.1,1.4,-15.4,-0.6,-4.6,-11.5,-4.3,-12.0,-1.8,-0.6,-3.6,0.8,-3.3,0.2,-3.6,-3.2,-3.2,-3.1,-1.0,0.3,-3.0,-5.0,-4.7,-1.9,-3.9,-3.0,-1.8,-1.8,-1.8,-3.1,-0.5,-3.8,-0.3,-3.9,-0.3,0.5,-1.3,5.5,-1.1,3.0,1.8,0.4,1.5,2.7,3.0,-0.6,-0.5,0.6,-0.1,-1.8,-2.7,-2.8,-1.5,-2.6,-3.4,-2.4,-2.4,-5.3,-13.4,-3.7,-3.4,-4.2,-0.1,-4.9,2.5,-9.4,-1.8,-7.6,1.8,-1.8,-3.2,2.3,-2.2,-3.8,0.4,-4.4,-1.1,-4.9,-9.7,-5.8,-9.5,-4.4,-5.7,-1.1,-7.6,2.5,-2.4,-2.4,-3.0,-4.3,-8.1,-7.9,-3.3,2.3,-3.1,-5.4,-1.9,0.5,0.7,2.0,-1.9,-4.9,3.0,2.1,1.2,-1.7,0.0,-2.8,-4.4,6.8,-4.8,-7.7,-3.6,-3.0,2.5,-5.8,-1.3,-2.0,-1.8,-4.0,-2.4,5.1,1.5,1.2,0.7,2.0,1.4,1.2,0.8,-1.2,-0.3,-3.8,-3.3,-1.9,-2.9,0.9,-6.6,-3.9,-4.1,-8.2,-3.0,-2.2,-3.2,-4.9,0.2,-2.6,-4.5,-1.0,-4.3,-0.2,2.7,-1.3,1.5,0.6,-1.1,-5.5,-2.1,-2.5,-0.7,-3.5,-4.0,-3.3,-5.6,-3.1,-9.8,-18.7,-5.8,-8.2,-14.5,-5.4,-10.8,-8.9,-5.7,-4.6,-5.8,-5.0,-7.4,-4.9,-7.8,-6.4,-3.5,-1.8,-2.7
2C7L51JhRo,0,48.109126,11.628888,4442349.49,2778622.93,534.4,580.1,297,7392,3.7,0.72,0.48,32.66,348.97,-0.53,-0.103,0.842,-1.5,0.2,0.73,0.29,1.2,0.2,-0.3,0.4,-4.8,1.1,-3.3,-0.5,-0.5,-3.0,-2.1,-4.6,-0.0,-1.5,1.6,1.8,-9.1,-3.8,-3.7,-2.0,-3.6,-7.6,-2.9,-3.0,-3.8,0.8,-1.1,0.7,-1.8,-4.1,-14.5,0.3,-9.3,-17.7,-8.1,-4.7,-6.6,-6.8,-4.9,-7.1,-3.5,-0.5,11.1,8.6,-1.2,-6.7,-4.6,-9.8,-9.1,-4.0,-7.8,0.7,-0.6,-5.4,-6.1,-5.4,-7.6,-3.5,-5.5,-3.2,-7.0,-9.9,-7.3,8.9,-7.3,4.4,-6.3,1.6,-4.0,-3.8,-5.4,-9.3,-9.6,-11.1,-12.2,-8.0,-15.3,-9.9,-11.1,-5.4,-6.6,-8.1,-6.3,-8.1,-6.9,-12.4,-9.9,-8.9,-0.6,-8.7,-4.0,-7.0,-4.6,-12.5,-7.3,-13.8,-13.5,-11.5,-7.1,-7.4,-5.5,-6.3,-2.1,-10.7,-6.4,-6.9,-5.3,-4.9,-5.3,-7.4,-5.2,-5.7,-7.4,-7.9,-9.4,-8.9,-8.6,-8.8,-10.6,-10.3,-12.8,6.7,-16.1,-14.7,-7.2,-5.7,-7.1,-6.0,-8.1,-5.3,-7.4,-11.4,-9.0,-10.1,-9.2,-8.3,-6.1,-12.7,-8.1,-8.7,-10.2,-3.9,-5.9,-4.8,-9.5,-8.0,-8.7,-4.4,-13.5,-5.5,-4.1,-6.7,-2.7,0.8,-7.4,-8.8,-10.2,-9.4,-7.4,-5.5,-10.1,-8.3,-8.8,-7.2,-6.8,-10.3,-12.7,-9.9,-9.2,-10.0,-3.2,-10.3,-15.1,-11.3,-7.3,-10.2,-11.8,-5.2,-4.8,-8.2,-9.6,-9.1,-7.2,-9.6,-13.3,-9.1,-9.3,-9.6,-9.6,-9.8,-6.8,-8.4,-10.6,-12.5,-12.4,-13.8,-15.6,-12.5,-10.0,-14.2,-11.6,-8.5,-7.3,-8.5,-10.4,-11.4,-9.2,-9.0,-8.1,-11.1,-9.8
2C7L51JhQm,0,48.108665,11.625151,4442072.23,2778565.54,530.8,576.5,297,7328,3.3,0.79,0.34,32.65,348.97,-0.529,-0.103,0.842,-1.0,0.2,0.05,0.25,1.8,0.2,-0.3,-2.9,-2.8,-2.6,-3.5,-4.2,-0.5,-3.4,-2.6,-2.6,-1.1,-2.5,-1.3,-3.0,10.6,9.1,11.6,9.4,11.7,9.2,7.4,7.6,-6.3,-4.2,-4.6,-3.6,-2.4,-3.4,-1.8,-6.9,-4.9,-17.7,-7.6,-8.0,-9.2,-8.4,-8.1,-3.8,-6.3,-4.4,-3.9,-4.1,-2.5,-5.7,-4.6,-5.1,-3.6,-3.3,-3.3,-5.8,-2.6,-7.7,-2.5,-4.2,-2.0,-2.7,-6.4,0.5,-13.3,-4.2,1.3,-10.1,-3.2,2.1,0.5,-1.4,-1.7,-1.5,-0.6,-2.0,-3.3,-1.6,-6.1,-1.9,-3.4,-1.7,-5.2,-2.7,-2.4,-3.5,-5.6,-4.9,-7.0,-4.4,-4.8,-5.7,-6.5,-5.6,-6.2,-5.7,-7.2,-4.9,-7.5,-3.7,-7.6,-2.9,-0.8,-3.6,-2.9,-1.9,-2.1,-2.9,-3.5,-4.1,-3.8,-4.1,-2.5,-0.1,-1.7,-1.9,-3.8,-2.5,-2.5,-2.2,-1.6,-2.2,-0.5,-5.2,-1.2,-1.2,-1.9,-3.8,-1.1,-1.4,-1.0,-3.3,-5.5,-2.7,-4.2,-3.8,-6.4,-6.9,-2.3,-2.6,-8.1,-10.6,-9.1,-7.4,-7.8,-4.1,-0.3,-4.4,-4.7,-4.3,-3.3,-3.5,-3.4,0.2,-4.4,-3.8,-3.7,-2.5,-2.5,-1.0,-4.5,-4.8,-4.2,-6.8,-3.9,-7.0,-4.1,-8.8,-7.4,-4.7,-8.3,-12.5,-3.7,-3.6,-8.2,-6.0,-6.2,-6.4,-9.5,-8.6,-5.3,-5.7,-4.0,-4.5,-3.0,-5.2,-4.3,-4.3,-5.5,-7.4,-7.4,-4.6,-5.5,-5.0,-7.8,-6.9,-7.3,-6.3,-7.8,-7.2,-7.0,-8.6,-7.2,-6.9,-8.2,-8.8,-6.6,-4.9,-6.7,-6.5,-4.6,-6.6,-5.0,-5.7,-7.9
2C7L51JhQr,0,48.108741,11.625745,4442116.26,2778574.96,543.6,589.3,297,7333,4.3,0.68,0.46,32.65,348.97,-0.53,-0.103,0.842,-0.9,0.2,-0.52,0.33,1.2,0.3,-0.3,1.2,0.5,1.1,0.1,-0.5,0.6,-1.7,0.3,0.3,-1.0,1.2,2.0,-0.7,-2.6,-3.4,-1.9,-1.2,-3.8,-4.7,-3.1,0.3,-5.0,-2.4,-4.5,2.7,0.5,0.0,4.0,2.7,-5.0,-12.3,-5.7,-5.6,-6.9,-5.9,-3.9,1.9,6.2,0.4,-2.9,-1.2,-3.5,-0.2,-4.0,-2.4,-2.1,-2.3,2.2,-1.1,1.4,0.5,-0.7,0.3,-0.0,-1.7,-0.4,-0.4,-0.3,-2.2,-1.9,-1.6,1.1,-8.9,0.1,-1.7,-0.4,-0.5,-17.0,0.6,-0.8,-4.2,-0.5,-2.6,-1.3,-0.2,-3.0,2.7,-1.8,-2.0,-6.5,0.8,-10.1,-0.3,1.0,1.1,-7.2,1.8,-11.9,-14.9,-17.7,-18.8,3.3,4.8,-2.1,6.3,3.2,2.4,0.3,4.0,2.9,5.1,4.7,3.8,1.8,-1.6,4.4,1.7,3.1,3.4,-2.5,-2.1,-2.5,-1.3,-1.3,0.7,0.3,1.6,-0.9,3.4,2.2,5.6,0.9,4.6,2.7,-3.9,-2.5,-4.2,-8.6,-10.9,-9.2,3.1,-7.1,-8.1,-1.2,-9.7,-4.6,-1.4,-2.4,-4.6,-0.8,-6.7,1.0,-2.8,-2.2,0.4,-5.5,-0.2,-4.1,-2.7,-4.6,-1.3,0.2,0.9,-2.2,-13.2,1.3,-0.7,-2.9,-5.5,-1.1,0.3,-20.1,3.6,3.9,-7.5,6.3,1.2,5.9,-3.7,-2.3,-4.3,-8.0,-4.4,-7.3,-7.3,-6.5,-4.2,-5.9,-10.2,-3.7,-3.0,-4.3,-1.0,-3.9,-3.8,-1.7,-2.1,-1.3,-4.5,-4.4,-3.3,-5.0,-7.3,-6.7,-8.4,-2.0,-5.4,-2.1,-4.1,-4.4,-5.1,-1.8,-6.5,-11.0,-9.6,-3.7,-8.2,-5.1
2C7L51JhRS,0,48.10899,11.627685,4442260.19,2778605.84,537.3,583.0,297,7370,1.8,0.89,0.28,32.66,348.97,-0.53,-0.103,0.842,-0.2,0.1,-0.22,0.14,1.9,0.1,-0.3,-0.6,-0.1,-1.7,0.4,0.3,1.8,-3.1,0.5,0.3,0.5,-0.3,0.6,0.4,-0.3,-2.2,0.4,-2.6,-0.8,-5.0,-3.0,-4.7,-3.2,-5.3,-3.8,-6.2,-1.9,-2.1,-1.2,-4.4,-5.6,-12.0,-3.9,-4.0,-5.6,-5.1,-2.7,-5.8,-4.9,-3.1,-1.8,-4.4,-3.0,-3.2,-3.7,-3.3,-5.7,-2.4,-4.5,-5.0,-4.7,-2.1,-1.7,-0.9,-1.3,0.4,-0.7,-0.8,2.0,-1.4,0.0,-1.7,-0.4,-1.5,-1.5,-2.3,-1.9,-1.0,-3.5,-1.5,-4.2,-1.4,-3.9,-3.8,-2.0,-1.5,-2.3,-1.2,-2.6,-2.7,-2.6,-2.8,-3.0,-4.6,-3.9,-2.8,-3.3,-3.3,-3.7,-4.2,-4.4,-4.4,-6.6,-7.2,-6.3,-4.0,-3.4,-4.0,-5.7,-3.1,-3.7,-0.5,-2.5,-1.8,-3.5,-3.1,-3.0,-1.4,-3.5,-0.0,-1.6,0.5,-3.1,0.1,-4.0,-2.8,-1.4,-3.8,-3.2,-0.3,-2.8,-5.9,-2.0,0.1,-1.8,0.5,-2.1,-0.9,-2.5,-2.8,-3.6,-4.4,-0.8,-2.9,-4.9,-2.9,-3.5,-3.7,-3.7,-1.7,0.8,-3.5,-1.1,-1.4,-2.4,-1.0,-0.8,-3.5,-1.2,-0.4,3.6,-0.2,2.1,0.4,-0.8,-1.6,-3.3,-3.0,-4.3,-2.3,-4.5,-3.8,-5.3,-4.7,-6.5,-6.7,0.1,-2.7,-0.1,-3.6,-2.4,-4.4,-5.4,-6.0,-4.1,-4.0,-1.8,-1.4,0.6,9.9,-0.6,-0.8,-1.1,-2.4,-2.9,-3.0,-5.0,-4.9,-5.5,-5.0,-6.3,-6.6,-5.7,-4.7,-6.7,-2.5,-8.1,-6.5,-3.7,-3.5,-2.7,-4.1,-2.4,-2.1,-3.0,-3.9,-3.7,-2.0,-2.7
2C7L51JhT4,0,48.109707,11.633268,4442674.31,2778694.67,532.0,577.7,297,7470,2.5,0.85,0.41,32.68,348.97,-0.53,-0.103,0.842,-0.7,0.1,-0.48,0.19,0.5,0.2,-0.3,0.5,-2.7,3.5,-2.1,0.8,-6.0,1.7,-0.1,0.9,3.5,1.4,-5.6,1.2,0.4,0.7,0.7,-0.2,-1.0,-3.1,-1.0,-2.1,0.4,-1.6,-1.2,2.5,1.9,4.5,3.6,1.0,-1.5,0.2,-2.7,-1.4,3.8,-6.2,0.0,4.4,3.0,1.6,6.5,4.0,4.3,3.3,1.3,0.8,1.7,-0.4,-2.3,-1.3,-8.5,0.5,1.3,2.4,1.4,1.9,-0.0,0.6,0.1,1.7,1.0,1.7,0.7,1.1,2.7,9.9,9.6,2.4,0.4,1.9,0.3,-2.1,1.0,0.4,2.5,4.4,2.1,2.2,3.2,1.2,-0.0,-0.7,-0.4,-1.4,-1.2,-5.1,0.8,3.2,0.5,0.2,1.7,3.5,0.8,0.4,-0.0,2.5,1.3,0.9,2.7,0.4,-2.3,-0.7,-2.1,-0.1,2.6,1.8,0.6,-3.7,1.2,-0.6,-0.4,-0.7,-0.0,1.1,0.0,2.4,-2.3,-0.3,-0.7,-0.2,1.1,4.0,0.6,2.7,1.3,0.6,1.7,0.2,0.8,-1.5,-0.2,-1.4,-2.3,-3.0,-5.1,-2.0,-1.7,-0.5,-3.1,3.4,5.5,5.3,-3.1,-1.1,-2.3,1.3,-0.2,-2.8,1.2,3.2,1.9,0.3,0.7,-1.2,0.1,-1.3,-0.1,-1.8,-0.8,-1.1,-0.7,-3.6,-4.5,-6.6,-3.8,-3.9,-3.2,0.1,1.1,0.3,-2.4,-2.9,-2.8,-5.3,2.4,-2.9,-5.5,-1.9,0.2,3.1,-1.9,-2.3,-1.9,-2.1,-3.3,-0.5,0.1,-4.8,-2.5,0.9,-6.0,2.5,-5.7,-4.0,-0.7,-8.1,4.3,-1.7,-0.1,-0.4,0.4,-3.9,-6.2,-3.1,-1.3,-1.6,-2.6,-2.7,-4.0
2C7L51JhPe,0,48.108199,11.621381,4441792.51,2778507.6,540.7,586.4,297,7258,2.5,0.86,0.38,32.6,348.93,-0.529,-0.103,0.842,-0.8,0.1,-0.44,0.19,0.2,0.2,-0.3,-1.1,-2.6,1.5,2.7,0.1,-1.9,1.6,-2.5,-2.9,0.6,1.9,-5.6,-0.3,-2.6,2.4,2.0,-1.5,0.9,-0.5,-1.4,-0.4,-2.2,0.0,1.7,2.9,2.9,6.0,-0.0,0.6,-0.9,10.5,-2.3,-0.9,-5.1,-4.3,-3.7,0.9,-1.7,5.6,-1.0,-0.4,-0.3,0.6,-0.9,1.1,-3.6,-1.9,-2.3,-3.3,-2.2,-2.2,-1.5,1.1,0.5,1.7,-2.0,1.4,4.0,1.3,-0.4,-2.7,-0.0,1.6,-0.3,-0.9,-1.0,-2.8,1.4,-1.9,-0.9,-0.8,-0.1,-2.5,-2.1,-1.5,1.9,1.8,-0.4,0.2,0.4,0.1,-0.7,0.4,-3.1,-1.8,-5.5,-2.8,-1.7,-2.9,-3.5,-2.4,-1.0,4.1,-5.5,2.2,-1.1,3.0,-1.3,-0.4,-0.2,-1.3,-1.1,-0.2,1.9,-0.7,-0.7,-1.8,0.8,-2.0,-0.6,-1.3,0.0,-0.1,-2.4,1.7,-0.3,3.3,-4.9,-6.2,-0.4,2.5,-3.9,0.6,-1.1,0.6,-2.1,2.3,-1.1,-1.9,0.9,-4.1,-1.8,-2.7,-2.8,-1.4,-4.3,1.3,3.7,1.8,-1.8,-7.7,-2.4,-0.4,0.1,2.6,-2.9,0.3,1.9,0.1,4.1,3.5,-9.5,-0.9,-2.2,0.3,-3.8,-3.1,-6.6,-0.4,0.0,-4.2,-2.1,-0.8,-1.7,-3.4,-2.9,-3.9,0.2,-0.4,-0.9,-2.5,-2.5,-4.9,-4.8,-4.0,-3.4,-5.9,-2.1,-12.4,-2.4,-0.4,-0.4,-2.0,-0.9,-0.8,-1.6,-3.4,-2.2,-4.8,-3.2,-5.1,-4.8,-5.3,-6.6,-6.3,-2.0,-5.2,-4.0,-3.9,-3.4,-6.2,-4.0,-9.5,-3.8,-1.5,-4.6,-1.6,-5.2
2C7L51JhQ9,0,48.108432,11.623191,4441926.81,2778536.4,541.6,587.3,297,7289,3.7,0.72,0.46,32.61,348.93,-0.529,-0.103,0.842,-0.8,0.2,0.04,0.28,1.4,0.2,-0.3,0.8,0.3,0.1,-1.7,0.3,-2.1,0.3,-2.0,0.4,-0.6,-0.1,-3.0,-2.3,-0.4,8.2,5.8,5.0,6.7,4.0,1.9,-1.3,0.3,-0.9,4.6,1.1,5.4,4.1,0.8,-1.5,0.9,13.3,-1.1,-0.3,-1.6,-1.9,-1.3,0.2,0.7,2.5,4.9,2.9,6.4,3.6,3.9,0.7,-1.4,-2.0,-3.0,-2.8,-2.2,-4.2,-3.4,-1.8,-3.7,-0.8,-5.9,-2.5,-2.4,1.6,-1.0,1.0,2.5,0.8,-0.5,-2.7,-6.2,-2.2,12.2,2.8,1.1,-0.5,-0.5,-2.1,-1.1,-1.1,-0.4,-0.8,0.0,-1.1,-0.5,-0.9,-0.3,-4.2,2.1,2.3,-0.6,-1.6,1.3,2.5,6.8,6.8,5.8,-10.0,-5.9,3.3,-3.6,5.5,-3.9,-0.0,6.4,-4.0,1.2,-0.0,-2.4,-2.7,-1.5,-12.3,2.0,-1.8,-9.2,-3.9,-2.6,0.3,-1.0,4.1,1.3,-2.8,-3.3,0.4,-1.8,-3.0,-2.8,-2.1,-3.3,-0.9,-2.2,-0.2,-1.3,1.3,4.0,6.1,-0.3,7.5,4.3,-2.7,-3.6,-1.8,-1.1,3.0,0.6,-1.4,-2.3,3.1,-1.6,7.1,2.0,-0.5,-1.4,-0.7,-4.7,-3.9,-3.7,1.1,-3.6,-2.9,-4.8,-7.0,-9.3,-1.2,1.8,-0.8,-0.1,-2.9,-1.3,-6.1,-0.0,-4.3,-3.6,-3.6,-4.3,-8.8,-2.0,-3.2,-0.7,-4.1,-0.4,-3.3,-6.1,-6.2,1.0,2.7,0.6,-3.8,-6.3,-3.6,-9.3,-1.3,-0.9,2.6,-1.4,2.3,-7.6,7.1,11.9,-1.3,0.5,-14.4,-3.7,-1.3,0.6,-4.1,-2.7,-1.4,-1.2,-4.5,-6.7,-9.9,-8.2
2C7L51JhQU,0,48.10857,11.62427,4442006.86,2778553.58,536.2,581.9,297,7310,1.8,0.92,0.25,32.64,348.97,-0.529,-0.103,0.842,-0.3,0.1,-0.49,0.14,0.2,0.1,-0.3,2.3,1.9,1.7,0.2,0.9,-0.6,1.4,0.8,1.5,-2.1,2.3,-0.1,1.1,1.2,0.8,0.7,1.2,1.4,0.7,0.2,0.6,-1.0,-0.1,3.0,2.2,2.6,1.7,-4.6,-2.4,-3.0,7.4,-2.5,-5.1,-2.1,-3.0,-0.1,-0.4,-0.0,0.8,1.9,-0.9,-4.3,1.8,1.0,-0.9,0.1,-1.7,-1.8,-1.5,-0.5,-1.9,-2.1,1.1,-1.3,-0.3,0.5,-0.8,0.4,-0.7,-2.1,-0.5,-0.9,0.8,-0.5,-1.7,-3.3,-1.0,-1.2,0.3,-1.3,-3.2,-0.7,-2.4,0.4,1.3,1.1,0.6,1.2,-0.3,1.8,1.0,0.7,0.1,-1.4,-0.6,2.2,1.4,1.6,0.9,0.2,-0.1,-2.1,-4.4,-0.5,0.4,1.0,0.7,2.2,3.7,3.1,2.8,3.8,2.2,3.4,3.1,2.5,2.8,1.2,1.6,1.9,1.8,1.7,0.8,0.6,1.3,0.5,-1.9,1.7,1.4,-0.6,-0.0,0.6,0.5,1.8,1.6,2.7,-1.0,2.5,1.9,0.4,-0.9,1.4,-1.5,-0.5,0.1,-1.6,1.5,0.9,2.8,2.4,-2.0,0.2,-0.2,1.2,-0.0,-1.1,0.2,-1.4,0.6,1.8,-0.7,0.2,1.4,-0.0,1.9,0.2,1.0,-0.4,0.7,0.9,0.3,-0.1,2.5,-0.2,-1.7,2.9,1.7,1.5,1.8,1.6,1.9,-2.2,-2.7,-4.0,-3.7,-2.4,-1.4,-0.6,-5.4,-3.1,-1.1,-1.4,-1.5,-1.2,-1.0,-1.4,-2.9,-0.5,-3.3,-3.0,2.3,-4.0,-2.8,1.3,-4.2,-1.3,-0.3,-2.3,-2.2,0.4,-0.2,-2.5,-1.3,-1.2,-1.2,-1.2,0.8,-2.5
2C7L51JhRM,0,48.108992,11.627556,4442250.61,2778605.84,545.8,591.5,297,7364,4.3,0.64,0.48,32.66,348.97,-0.53,-0.103,0.842,-0.5,0.2,-0.02,0.33,1.1,0.3,-0.3,6.6,4.2,-2.1,0.5,1.1,4.4,1.4,2.4,7.7,-11.0,-1.8,7.9,-11.4,-0.3,-6.5,1.9,-4.6,0.1,-4.3,-2.6,4.9,-0.9,0.7,-2.0,-2.1,-2.2,-2.1,5.9,-0.8,-5.3,-10.6,-5.0,-2.1,-3.8,-8.5,0.9,-1.8,-0.5,-1.7,-0.3,-1.9,3.8,-6.0,0.4,-0.9,-0.2,-3.2,0.4,-2.4,-0.1,-3.9,5.8,4.2,-3.9,-4.3,-4.3,-5.3,-4.6,-1.2,-3.1,-2.9,-2.0,-1.5,5.0,3.3,-8.9,1.6,-5.0,-0.2,2.1,-6.0,-7.7,4.1,4.5,8.3,-0.6,11.2,-15.3,-0.9,-2.9,-3.7,-7.7,-3.5,-9.8,-4.5,-3.1,-2.5,-3.8,-10.3,-0.9,1.2,-2.9,-9.1,-4.9,-5.7,0.0,-0.6,-3.4,3.7,0.5,-2.5,13.2,-3.4,-0.9,-1.5,-5.5,-1.4,-6.6,-0.0,-1.8,-0.5,-1.7,2.1,-2.3,-1.2,0.7,1.2,0.8,-0.7,-1.9,2.9,0.0,0.4,0.3,-1.0,-1.9,-0.1,5.3,-4.9,-0.1,1.1,6.7,3.8,4.1,-2.8,-2.5,-6.2,6.8,1.5,3.1,11.9,0.4,1.1,-8.7,-1.6,-7.3,9.6,1.3,-5.1,-5.5,0.1,-4.3,-1.5,-5.8,-3.9,-2.5,-9.4,-5.0,-3.5,-2.6,1.2,-2.0,-6.7,-6.0,-11.7,-0.7,-2.5,3.4,-1.5,-0.9,-4.7,-1.7,-4.6,-3.4,-1.7,-12.9,-1.8,-2.7,-8.5,-2.1,-3.6,-5.3,-5.6,-7.0,1.0,-5.8,-6.7,-2.5,-0.3,-5.9,-4.5,-7.0,-2.9,-6.7,-5.0,-6.6,-4.3,-0.1,2.0,-2.2,-1.4,-0.8,1.0,-0.7,2.4,5.5,-1.3,-2.1
2C7L51JhT3,0,48.109712,11.633165,4442666.64,2778695.1,530.0,575.7,297,7469,3.2,0.8,0.43,32.68,348.97,-0.53,-0.103,0.842,-0.7,0.2,-0.04,0.25,1.3,0.2,-0.3,-0.9,-2.7,3.2,-1.8,-1.7,-9.5,3.0,-0.8,1.2,2.3,-0.0,10.9,0.1,-0.4,1.2,-0.0,0.7,-1.8,-2.2,-2.1,-1.7,-1.1,-3.2,-1.2,3.4,4.3,4.1,-11.8,-16.8,-2.1,-3.3,-2.1,-0.4,-3.3,1.0,-2.5,1.5,2.8,4.2,3.1,2.6,6.3,4.9,-1.6,-1.0,1.0,-2.6,-4.1,0.7,-4.5,0.8,0.1,1.7,1.4,1.0,-0.4,1.9,2.2,2.6,0.4,0.6,-0.0,4.0,2.4,6.1,3.4,1.6,1.7,-0.5,-1.6,-3.8,0.5,-2.6,-0.5,-0.8,-0.2,-0.6,-0.3,-1.3,-0.4,-0.3,0.1,0.0,-0.2,1.9,-1.9,4.6,0.3,-3.0,-1.2,-0.1,0.2,6.0,-3.6,3.9,-2.0,-4.3,-1.4,-1.9,-6.9,-4.2,-1.6,-4.5,2.1,-4.2,-1.9,-3.9,0.8,-5.6,-3.0,-2.1,-2.3,1.0,-1.0,-0.9,-1.6,-2.4,-1.7,-0.3,-0.9,0.2,-0.6,0.5,-1.1,-2.5,-0.9,-1.2,-0.5,-0.9,0.8,-5.0,-1.0,-4.2,-4.4,-4.9,-4.7,-1.5,-4.6,-3.0,-0.1,-19.1,-10.6,-8.1,-3.2,-2.2,-9.8,0.8,-0.9,0.9,0.8,-0.1,1.3,-0.3,0.5,-0.2,-1.5,-0.8,0.2,-0.0,-1.0,-2.1,-6.9,-7.1,-1.7,-3.8,-3.5,1.9,-0.4,-0.5,1.0,-1.5,-3.3,-8.0,-3.2,-4.0,-4.3,-4.3,-1.1,-0.5,-1.4,0.1,1.7,-1.3,-1.4,1.3,0.7,-7.0,-2.9,-1.6,-6.5,-4.7,-11.5,-9.3,-6.1,-2.1,-3.4,-4.9,-5.9,-0.8,-3.3,-3.2,-5.3,-3.5,-3.1,-2.9,-1.3,-2.0,-1.0
2C7L51JhPn,0,48.108281,11.621879,4441829.4,2778517.58,539.9,585.6,297,7267,3.4,0.75,0.46,32.6,348.93,-0.529,-0.103,0.842,-1.1,0.2,-0.08,0.26,1.1,0.2,-0.3,0.6,-1.6,0.8,-1.1,0.4,0.8,-0.3,-1.3,1.1,-2.0,-1.8,-1.0,0.3,-2.0,-2.4,-3.3,0.6,-1.2,-1.9,-2.5,-3.0,-1.5,-2.2,-0.3,-2.9,0.9,-0.5,3.1,0.3,-4.4,-9.2,-2.7,-8.6,-6.9,-2.0,-4.2,4.4,0.3,2.4,-0.4,1.7,1.2,6.4,1.4,2.0,-0.4,-0.5,-0.3,1.3,-0.5,6.9,2.1,-2.4,0.8,0.8,0.5,1.0,1.5,-3.4,-2.5,-1.7,7.8,1.0,-0.2,0.7,5.0,1.6,1.7,4.2,3.7,2.5,0.2,0.4,-1.3,-3.8,-1.3,-0.3,-1.6,0.6,-1.6,-3.3,-4.9,-5.1,-4.5,-3.5,-0.2,-6.2,-3.0,-2.6,-1.7,-2.8,-0.8,-2.1,-6.2,-2.8,-1.7,-0.3,-2.9,-3.6,-3.0,-5.6,-1.7,0.4,-3.8,-3.9,-3.3,-6.2,7.2,-5.6,-7.9,-0.6,2.3,-11.9,-6.4,5.5,-4.5,4.7,3.7,3.5,7.8,-8.9,9.5,3.4,-1.9,-7.7,0.3,-12.9,-1.0,-2.3,-1.2,-1.9,-2.3,0.7,-2.7,-4.6,-4.2,-1.7,3.7,-0.5,-0.6,0.1,-2.2,-3.3,0.6,-2.5,-3.5,0.2,-3.1,-6.0,-8.3,-3.5,-2.3,-4.9,-4.5,-5.2,-6.2,-4.7,-4.8,-4.5,-5.0,-4.1,-6.6,-0.1,0.7,-4.2,-8.3,-4.2,-3.9,-3.6,-4.7,-1.8,-7.2,-5.9,-2.7,8.3,-4.4,-9.3,-5.5,-16.9,-2.1,-2.7,-7.5,-4.6,-5.7,-8.7,-5.9,-0.0,-7.3,-6.7,-1.7,-4.0,-4.0,-3.7,-5.4,-4.3,-2.7,-5.8,1.9,-2.4,-5.6,-1.5,-1.9,-6.4,-0.9,-1.3,-4.5,-7.3,-6.9
2C7L51JhQ3,0,48.108411,11.622885,4441904.06,2778533.58,543.3,589.0,297,7283,3.9,0.66,0.43,32.61,348.93,-0.529,-0.103,0.842,0.1,0.2,-0.37,0.3,2.5,0.3,-0.3,-1.2,-0.9,0.4,-1.4,-1.2,5.6,-1.4,-0.2,-2.7,-12.9,0.2,4.7,-0.3,-0.8,-1.3,-1.9,-2.7,-1.7,-3.3,0.3,-3.9,-4.5,1.5,-7.6,3.6,1.5,1.4,4.0,1.2,-7.0,-14.2,-5.8,-5.9,-7.2,-5.1,-5.5,-2.4,0.2,-0.2,0.5,-0.8,2.2,2.1,-0.5,-0.8,-1.7,1.3,-0.0,-0.9,0.1,0.3,0.6,-0.2,-1.6,-0.3,-4.5,3.0,-1.9,1.0,-0.7,0.9,2.5,-3.3,0.0,9.7,6.6,6.2,5.6,-0.0,3.0,6.7,-0.2,3.5,0.6,-0.0,0.4,0.9,-1.8,-3.0,-1.4,1.2,-2.7,2.3,-0.5,-0.7,-0.4,-1.6,-0.6,-1.7,-3.6,-1.2,6.4,-1.6,-13.3,3.6,-3.5,-6.4,-4.3,-6.1,-5.6,-7.0,-0.8,-5.1,-4.9,-5.2,3.8,-6.3,5.6,-7.6,0.5,-4.5,-7.5,9.3,0.1,7.2,1.5,-1.2,2.2,9.2,-2.2,7.3,1.8,6.9,1.9,-1.7,0.1,-13.9,2.3,-2.6,4.4,-13.1,-3.9,-3.1,-3.5,-1.7,-4.4,-1.0,-3.1,-1.9,1.9,0.4,-3.5,-0.6,-2.6,-0.5,-2.3,-12.5,-12.2,12.7,8.7,-2.0,10.2,4.2,2.7,5.2,1.8,-0.9,0.3,0.0,-0.8,-0.2,-2.1,-1.1,-1.4,-3.8,1.8,0.2,-3.0,1.1,0.0,-1.1,-3.9,0.5,1.6,2.8,6.7,2.9,2.3,1.4,1.6,0.3,0.6,-1.0,-3.4,0.2,-2.4,-0.3,-1.8,-7.9,-1.6,-4.3,-3.1,-6.2,-3.7,-8.3,-2.9,-2.0,-6.9,-2.0,-1.6,0.1,-0.6,-1.9,-0.1,5.7,2.4,3.7,4.0
2C7L51JhQX,0,48.10862,11.624515,4442024.98,2778559.53,540.1,585.8,297,7313,3.6,0.68,0.49,32.64,348.97,-0.529,-0.103,0.842,-0.7,0.2,0.26,0.27,2.7,0.2,-0.3,-1.1,-2.6,-1.8,-4.7,0.7,4.5,0.1,9.8,-2.5,2.6,-10.7,4.3,3.6,-1.1,-3.9,-3.2,-2.4,0.5,-5.6,-6.2,-2.2,-3.3,-4.0,-7.1,-4.5,-4.4,-3.6,4.3,-5.0,-10.1,-15.1,-9.1,-8.7,-8.8,-8.0,-11.2,-6.3,-6.5,-4.6,-4.6,-1.6,4.4,-4.3,-4.8,-6.2,-5.4,1.9,-4.7,-5.7,-4.8,-3.2,-0.4,-0.9,-5.4,-4.7,-3.6,4.0,-2.3,-0.9,-14.5,-3.2,-3.8,-0.7,-3.1,2.9,2.4,1.4,-6.4,-3.7,-3.1,0.6,-2.2,4.0,-2.8,-2.1,-4.3,-4.2,-4.6,-3.6,-7.3,-5.2,-6.7,-6.2,-8.4,-7.4,-7.5,-5.3,-7.4,-8.4,-9.4,-7.2,-6.7,1.3,-11.1,-7.0,-3.3,-4.4,-3.9,-3.2,-2.4,-3.9,-3.5,-4.6,-5.1,-4.6,-4.1,-3.6,-4.6,-2.7,-3.7,-4.9,-3.8,-6.2,-3.6,-4.4,7.4,8.7,-8.2,-4.1,-5.1,5.8,-4.8,1.2,-6.8,-8.0,-5.9,1.7,-2.6,-7.5,-4.8,-8.7,-5.4,-2.2,-10.0,-12.0,-11.0,-6.7,-6.9,-4.6,-3.9,5.0,-5.6,-7.2,-3.0,-1.7,-2.5,-6.0,-3.9,-1.8,-4.4,6.0,-4.3,-5.4,-7.6,-6.3,-5.2,-10.7,-10.1,-8.0,-7.9,-9.2,-9.1,-7.2,-8.9,-10.1,-6.9,-6.2,-5.5,-3.3,-4.1,-4.8,-9.4,-3.2,-3.1,-2.5,-12.8,-2.7,-9.2,6.5,-5.1,-4.4,-4.8,-2.6,-7.8,-7.5,-6.4,-2.0,-12.3,-5.0,-7.6,-6.9,-10.0,-9.8,-6.3,-8.3,-8.6,-7.6,-7.9,-11.0,-7.9,5.0,-7.7,-0.8,-1.7,-5.6,1.6,-4.5,-5.4
2C7L51JhQb,0,48.108658,11.624808,4442046.69,2778564.17,543.2,588.9,297,7317,3.1,0.73,0.42,32.64,348.97,-0.529,-0.103,0.842,-2.3,0.2,0.28,0.24,2.9,0.2,-0.3,-2.2,12.3,6.4,0.4,-5.2,-4.4,1.6,-1.3,-1.5,-4.9,-0.3,-4.2,3.5,-7.4,-12.1,-11.8,-17.8,-1.2,-6.5,-11.4,-3.5,-4.5,-3.5,-13.4,0.8,2.9,-4.5,-2.3,-13.3,-4.0,2.6,-7.7,-8.7,-7.4,-18.6,-5.5,-8.4,-7.5,-6.6,-8.0,1.4,0.5,-12.3,-9.5,-9.6,-9.5,-3.2,-6.3,-4.4,-6.5,-4.3,-3.5,-6.9,-6.2,-4.4,-4.8,-4.2,-4.9,-3.8,-0.6,-2.6,-3.9,-3.7,-3.5,1.3,-1.9,-2.8,0.3,-3.4,-5.5,-3.5,-6.5,-4.4,-2.7,-6.1,-6.1,-6.4,-8.6,-9.9,-9.8,-9.3,-8.3,-9.4,-9.0,-7.7,-8.6,-7.8,-8.4,-7.7,-13.9,-13.4,-11.1,-8.6,-14.4,-10.3,-7.2,-9.7,-9.3,-8.4,-8.7,-7.8,-9.9,-10.0,-8.9,-11.1,-8.2,-11.1,-7.1,-8.6,-10.0,-7.8,-9.3,-5.2,-9.0,-6.4,-4.2,-4.2,-5.9,-4.7,-4.7,-6.7,-7.2,-8.8,-12.3,-11.0,-11.9,-6.2,-9.6,-11.4,-13.0,-12.0,-11.9,-9.4,-13.2,-12.7,-10.0,-11.7,-13.0,-8.6,-6.8,-8.8,-4.9,-8.0,-9.2,-5.7,-5.6,-4.6,-5.0,-7.8,-9.9,-3.0,-5.7,-13.8,-12.9,-11.7,-10.6,-13.7,-14.3,-13.0,-11.4,-14.5,-14.8,-14.3,-15.3,-14.9,-10.3,-13.4,-12.5,-12.1,-13.8,-11.0,-16.2,-8.7,-11.9,-10.8,-12.0,-10.4,-9.4,-8.9,-9.9,-14.4,-12.1,-13.2,-14.3,-12.3,-11.1,-11.7,-14.1,-16.1,-16.5,-18.7,-16.7,-19.1,-17.0,-18.0,-16.3,-15.4,-13.6,-16.7,-14.3,-12.4,-13.4,-10.3,-10.6,-12.8,-11.1,-9.4,-13.6
2C7L51JhRP,0,48.109,11.62747,4442244.15,2778606.54,535.4,581.1,297,7367,1.6,0.94,0.25,32.66,348.97,-0.53,-0.103,0.842,-0.5,0.1,0.05,0.12,0.5,0.1,-0.3,1.0,-1.0,-1.8,-0.4,-0.5,-0.9,-2.6,-1.7,-3.1,3.1,-1.5,1.9,-1.3,0.6,-0.1,1.2,-0.1,1.5,-1.7,0.2,-0.4,-1.2,-0.0,-3.0,1.1,1.2,0.4,0.3,-2.3,-2.8,-8.5,-4.2,-2.2,-2.9,-3.7,-2.3,-0.4,2.6,2.8,2.4,-0.2,0.2,-0.5,-0.8,-1.7,-1.9,0.1,-0.6,-1.5,1.4,-0.0,1.3,1.4,0.4,0.7,-2.3,0.2,-0.8,-1.4,-0.7,-1.3,-1.6,-1.3,-1.6,0.6,0.7,-3.1,2.2,-4.6,-4.8,-0.9,-2.1,-1.3,-2.8,-2.3,-0.1,-1.2,-1.8,-4.7,-0.4,-2.1,-3.4,-0.5,-2.2,-1.0,-2.0,-1.0,-0.9,-0.9,-1.6,-1.5,-2.8,-5.3,-4.5,-2.3,-0.4,-1.0,-1.9,-1.2,0.1,-0.2,-1.4,0.0,-0.5,-1.4,-0.9,0.6,-0.8,0.5,-1.6,-0.8,-2.0,-0.9,-1.4,-1.0,-0.8,-0.2,-1.7,-0.5,-2.8,-2.3,-1.7,-0.9,-1.3,-1.8,-0.6,-0.1,-0.1,-1.3,0.0,-3.7,-1.2,-2.7,-4.1,-3.3,-6.0,-3.9,-3.0,-1.9,1.9,-1.3,-0.6,-1.8,-3.4,-1.7,-0.8,0.5,-1.0,-1.7,-3.5,-3.4,-1.4,-2.1,-2.3,-2.4,-1.3,-2.2,-3.5,-2.0,-4.0,-0.4,-5.6,-4.1,-2.7,-6.0,-0.3,-1.3,0.6,-1.7,-1.1,-1.9,-1.8,-2.8,-3.5,-2.7,-3.5,-2.0,-0.4,-3.9,-5.5,-3.5,-1.2,-3.3,-3.4,-2.0,-1.0,-2.2,-1.7,-1.9,-4.7,-1.4,-2.0,-5.9,-4.8,-2.3,-1.5,-3.2,-4.0,-3.0,-1.9,-3.8,-3.7,-4.7,-2.6,-1.2,-2.8,-2.0,-1.0
2C7L51JhRQ,0,48.109006,11.627521,4442247.98,2778607.36,535.1,580.8,297,7368,2.9,0.8,0.39,32.66,348.97,-0.53,-0.103,0.842,-0.8,0.1,0.27,0.22,1.4,0.2,-0.3,0.4,-1.5,-3.0,-2.0,-1.8,-2.8,-3.3,-1.7,-0.9,7.3,-1.6,-1.5,-2.7,-1.8,-6.0,-3.4,-4.8,-7.0,-3.6,-2.8,-2.5,-6.1,-3.8,-4.5,8.5,-4.7,-2.3,-0.8,-1.0,-5.0,-14.7,-5.9,-4.6,-6.3,3.7,-4.4,-0.6,3.1,3.8,-1.7,0.8,-1.4,1.6,-1.7,-5.8,-3.2,0.7,-0.5,0.9,-0.5,-1.2,1.2,1.7,-1.4,1.6,-2.8,-1.7,-0.2,-2.7,-0.7,-5.3,-3.6,-2.6,-2.7,-6.6,-3.0,-3.5,-13.0,-3.8,-5.1,-4.6,-1.4,-2.1,-0.9,-0.8,-0.3,-3.3,-2.7,-5.8,-7.2,-6.8,-5.3,-4.3,-5.3,-4.2,-6.6,-5.9,-6.1,-4.8,-5.6,-6.8,-3.4,-6.7,-8.5,-4.7,-3.1,-4.4,-6.4,-3.5,-2.6,-6.5,-6.4,-5.1,-4.2,-4.9,-5.7,-2.6,-2.4,-1.3,-3.1,-4.0,-4.2,-5.1,-2.9,-1.8,-2.3,-4.6,-2.1,-3.6,-4.0,-5.9,-2.4,-1.8,-1.6,-3.2,-5.6,-3.7,-4.1,-4.9,-8.2,-6.1,-3.0,-4.8,-5.3,-7.0,-6.5,-5.8,-2.9,-0.6,3.0,-3.1,0.5,-0.5,-2.5,-0.6,-4.8,-4.6,-2.8,-2.8,-6.7,-15.0,-2.0,-4.6,-3.1,-3.3,-3.1,-4.8,-4.6,-3.5,-3.1,-12.6,-4.5,-5.0,-6.7,-8.0,-7.3,-4.9,-9.7,-10.6,-7.9,-7.1,-9.7,6.5,-8.1,-4.8,-2.9,-4.1,-0.7,-3.3,-3.5,-2.9,0.1,-2.5,0.8,-2.5,-4.0,-5.6,-6.3,-4.7,-7.3,-3.4,-5.3,-7.8,-8.9,-10.8,-7.4,-6.8,-9.0,-12.2,-7.2,-3.9,-6.4,-7.1,-5.6,-1.4,-3.4,-2.2,-2.7
2C7L51JhRj,0,48.109135,11.62852,4442322.07,2778623.26,530.8,576.5,297,7387,3.0,0.77,0.45,32.66,348.97,-0.53,-0.103,0.842,-1.2,0.1,-0.02,0.23,2.2,0.2,-0.3,-0.1,-0.8,-1.1,-0.1,0.8,-0.9,-0.2,-2.0,0.2,-0.3,-0.8,-1.0,-1.0,4.2,-0.7,0.2,-3.1,0.5,-0.6,-5.6,-2.5,-3.7,-3.1,1.0,-4.0,-13.0,-2.1,-2.8,3.1,2.4,-11.2,-6.4,-4.6,-5.6,-5.4,-5.2,-2.9,-3.1,-2.2,-10.5,-3.4,-1.3,-3.1,-5.4,-3.0,-0.5,-3.5,1.7,-2.4,-0.6,1.0,-1.2,-0.7,-0.4,-2.5,-3.2,-2.8,-2.3,-3.3,-2.5,-3.8,-3.4,-0.4,-2.0,-0.4,-2.6,-2.1,-3.7,-3.8,-2.4,-5.2,3.6,-1.4,-1.4,-0.9,-1.7,-5.0,-5.5,-4.5,-15.4,-4.0,-0.7,-1.8,-3.7,-1.9,-1.6,-1.7,-5.4,-6.5,-13.1,-3.2,-3.4,-10.9,-12.3,-9.3,-7.5,-3.0,-4.4,-0.9,-2.7,-4.1,-0.1,-2.2,-2.5,-0.9,-3.4,-1.7,-2.2,-2.5,-1.6,-1.2,0.7,-2.4,-2.5,-3.3,-3.3,-6.1,-6.1,-3.7,-4.6,-3.6,-2.6,-2.6,-1.4,-2.4,-5.6,-2.8,-4.4,-2.2,-4.4,-7.8,-8.2,-6.7,2.7,-14.0,-5.0,-6.5,-1.9,-4.3,-1.7,-5.4,-3.3,-3.9,-0.8,-2.4,-3.2,-3.7,-2.4,-0.1,0.8,-1.6,-1.9,-2.2,-1.6,-0.7,-1.8,-3.2,-3.3,-3.9,-8.6,-6.0,-6.6,-12.0,-17.9,-7.1,-9.7,-19.2,-12.7,-10.6,-9.2,-5.5,-9.4,-8.9,-6.5,-7.0,-6.4,-5.9,-5.7,-12.0,-4.7,-0.3,-4.1,-3.9,-6.2,-3.4,-8.4,-10.1,-11.3,-6.1,-6.4,-5.4,-7.5,-10.6,-13.3,-13.7,-7.4,-5.1,-7.4,-9.6,-7.6,-0.7,-4.7,-5.3,-3.6,-4.2,-3.9,-5.2,-7.5
2C7L51JhPr,0,48.108325,11.622073,4441843.8,2778522.74,537.3,583.0,297,7271,3.6,0.62,0.46,32.6,348.93,-0.529,-0.103,0.842,-1.1,0.2,-0.63,0.28,4.3,0.2,-0.3,-0.9,0.6,1.4,1.3,-2.0,1.3,-3.2,-3.2,-2.1,0.3,3.3,-2.0,4.4,3.3,-0.9,-1.2,-2.2,-4.4,-2.4,-5.0,-6.8,-6.2,-8.6,-5.8,-7.9,-6.1,-11.2,-4.3,-6.0,-12.9,-24.9,-10.8,-12.2,-13.0,-13.0,-4.4,-8.5,-5.4,-6.2,-5.4,1.0,-1.4,-7.7,-8.0,-1.3,-5.1,-5.0,-2.3,-9.2,-2.5,-4.6,-0.3,-1.2,1.7,-2.0,-4.4,-1.3,-1.4,-1.8,1.6,0.4,-0.2,-6.7,-1.1,0.5,-3.9,0.1,-3.3,-5.5,-0.8,-1.3,-0.1,-0.7,-3.8,-1.7,-4.0,-6.4,-3.1,-4.7,-2.5,-0.2,-4.6,-1.9,-11.3,-5.8,-5.7,-8.9,-8.9,-9.2,-7.8,-3.5,-11.1,-5.1,-7.9,-9.2,-9.2,-7.1,-6.1,-7.8,-7.9,-3.4,-4.6,-7.1,-7.3,-8.8,-5.7,-4.5,-7.4,-3.4,-5.7,-6.0,-6.3,-3.0,-1.5,-6.3,-1.7,-0.2,1.9,-3.6,-2.3,-2.9,-1.7,-1.3,-4.0,0.3,-3.2,-1.6,-7.6,-2.8,-7.5,-8.8,-11.7,-8.7,-10.0,-8.2,-7.2,-3.0,0.8,-6.4,-18.7,-4.7,-0.7,-3.7,2.9,-4.5,-1.2,2.5,0.6,-2.7,-4.1,-1.8,0.4,-4.5,-6.6,-5.8,-4.3,-8.3,-8.7,-4.6,0.1,-9.8,-13.5,-8.0,-10.7,-10.0,-11.5,-10.2,-9.7,-10.3,-14.0,-11.7,-12.1,-22.5,-5.7,-4.6,-8.5,-5.1,9.4,-0.4,-6.0,7.2,3.7,-11.8,-8.5,-6.6,-9.1,-1.4,-11.5,-13.3,-14.6,-20.8,-11.0,-11.5,-16.0,-12.5,-13.1,-10.5,-13.8,-13.4,-8.5,-6.5,-4.4,-4.1,-8.1,-12.8,-10.0,-5.1,-2.3
2C7L51JhQk,0,48.108736,11.625271,4442081.0,2778573.61,541.0,586.7,297,7326,2.3,0.84,0.38,32.65,348.97,-0.529,-0.103,0.842,0.1,0.1,-1.09,0.18,1.2,0.2,-0.3,2.4,1.0,0.0,1.4,-0.3,1.1,1.3,2.4,2.7,0.6,1.3,2.8,1.4,2.3,2.4,1.4,-0.7,-5.0,1.7,-4.5,-5.5,-0.4,-1.3,-3.4,-0.2,1.7,-1.6,-4.2,1.3,-5.1,2.5,-5.1,-4.2,-3.4,-6.3,-2.4,-1.5,-4.1,0.9,-1.6,-4.9,-0.8,1.0,-0.7,-3.9,1.2,-3.3,0.6,-0.3,0.7,0.4,-0.9,-0.5,1.3,-0.2,1.5,3.3,2.0,7.8,2.5,2.5,3.3,-1.6,1.9,6.3,0.8,-0.0,-10.0,1.2,1.1,1.1,1.6,3.0,3.1,3.1,2.6,1.3,0.2,0.8,-2.6,1.3,-0.1,-3.3,-1.4,-4.6,3.0,2.5,2.9,1.0,0.3,-0.3,4.1,5.1,-0.8,0.2,-0.7,2.9,3.5,2.0,2.2,-0.4,3.1,0.0,-0.8,2.3,1.9,2.5,5.0,1.3,2.9,1.0,2.1,2.5,3.1,3.0,3.3,8.8,3.3,3.2,2.3,4.8,3.2,3.7,2.2,3.1,1.6,4.6,1.7,1.4,1.6,-0.6,1.4,4.5,1.1,0.1,2.2,4.3,2.1,3.2,5.9,6.1,3.0,2.8,2.2,4.1,3.5,0.3,3.4,3.4,1.8,0.3,1.3,2.6,1.7,1.6,2.7,0.7,-0.1,-2.1,-0.3,3.0,-0.4,0.4,-1.5,-3.6,4.6,-0.5,5.2,1.7,0.6,3.5,0.9,-5.4,-1.1,0.5,-0.6,0.1,1.1,1.8,-0.1,-0.1,1.3,0.1,0.8,-1.8,-2.0,0.7,7.4,1.8,-0.9,0.2,0.4,-0.2,-1.4,-4.7,-2.6,-0.2,-3.1,-0.8,2.1,0.6,0.8,-0.4,0.3,-0.9,-0.4,0.5,-0.3
2C7L51JhRt,0,48.109236,11.629166,4442369.91,2778635.59,533.8,579.5,297,7397,4.6,0.61,0.57,32.66,348.97,-0.53,-0.103,0.842,-0.7,0.2,-0.26,0.35,2.0,0.3,-0.3,2.3,1.8,2.5,0.9,-4.3,1.2,-1.2,0.3,0.7,4.0,1.7,8.9,-4.9,-2.0,-3.1,-1.4,-4.9,-4.3,-5.0,-6.5,-7.0,-1.2,1.6,-3.1,-2.8,-0.8,-1.4,-8.2,-5.3,-3.6,-2.5,-8.7,-9.1,-7.2,-12.6,-4.8,-3.4,-4.8,1.5,-3.7,-3.4,-0.3,-11.2,-1.0,-17.1,-0.7,-4.7,-2.0,-2.1,-0.4,-2.2,-0.3,-3.3,-0.9,-1.5,1.5,-3.0,3.9,3.4,-0.9,-5.4,-6.7,-1.1,-7.5,-12.8,-7.5,-3.7,-11.3,1.3,1.0,3.0,3.0,2.2,6.3,3.1,4.6,-5.1,-15.5,-1.1,-2.6,-1.3,-15.7,-0.1,-7.4,-3.9,-10.6,-1.3,-13.8,-0.0,-2.3,-10.7,-6.5,-13.5,-20.0,-2.6,-2.9,-1.5,0.9,-0.2,-3.0,-2.7,-0.1,1.4,2.6,-7.2,-4.6,0.9,-18.8,2.2,1.4,-1.6,-1.0,2.6,1.6,-0.8,-10.1,-12.8,-8.0,-5.4,-3.9,-9.8,-1.1,1.0,0.7,1.9,10.5,-5.5,5.5,-3.1,-6.5,-4.5,-0.3,-3.0,-1.8,-6.4,-6.9,-5.6,-4.8,-4.9,-0.3,-9.3,-10.4,-8.1,-3.0,-2.5,-1.5,-0.5,-3.4,-0.3,-0.2,-4.1,-6.0,-0.8,-2.2,-4.6,-3.9,-0.9,-0.9,-0.1,0.3,-19.2,-15.4,-4.9,-6.5,-5.1,-11.5,-4.5,-0.5,-7.6,-0.4,-5.0,-9.1,-4.9,-2.8,-10.6,-7.3,-6.0,-1.7,-4.2,-1.1,2.0,2.4,2.4,-2.2,-2.3,-11.8,-4.9,-2.6,-4.5,-6.1,-3.5,-7.1,-7.7,-9.2,-6.2,-5.2,-7.6,-9.5,-5.2,-6.8,-6.7,-9.2,-7.0,-8.8,-6.7,-7.8,-7.0,-6.9
2C7L51JhRu,0,48.109256,11.629322,4442381.48,2778638.06,538.6,584.3,297,7398,2.2,0.87,0.27,32.66,348.97,-0.53,-0.103,0.842,-0.8,0.1,-0.85,0.17,0.4,0.1,-0.3,1.7,3.4,0.8,2.4,-0.1,-3.9,2.2,1.1,5.0,-3.1,2.2,-4.2,0.4,2.5,1.8,1.7,0.1,0.8,-0.3,1.9,1.9,2.4,4.1,2.4,0.7,3.1,4.3,-1.5,2.1,-1.0,-7.8,-3.3,-0.8,-0.2,1.0,0.9,2.3,3.0,3.9,2.7,2.6,0.3,-0.3,2.3,1.6,3.4,-1.4,1.6,2.2,3.3,2.3,3.5,2.6,3.3,1.9,3.6,0.3,2.6,-0.4,0.7,0.2,0.8,-0.7,-0.6,-5.3,-3.0,0.3,-1.8,0.4,2.4,-5.9,1.5,-0.9,0.8,4.0,3.5,3.9,4.9,2.5,2.1,4.2,3.1,3.8,3.1,3.9,4.8,6.1,6.6,5.3,3.2,1.7,2.2,-4.0,0.5,0.7,1.9,3.2,3.4,3.6,3.7,3.6,1.5,3.2,3.0,2.5,2.6,2.9,3.2,3.0,3.2,2.1,3.0,3.7,3.3,3.1,-1.8,-2.5,0.8,0.9,-0.4,-2.8,1.0,0.9,1.8,3.2,2.1,-2.7,3.0,1.4,0.9,0.0,1.2,-1.3,0.6,-1.0,-0.0,-2.4,0.2,1.9,3.8,-1.8,-1.8,-0.2,1.5,2.2,1.1,0.2,0.9,1.9,1.8,-0.2,-0.4,2.1,1.4,1.8,0.7,1.1,-0.1,0.7,0.6,0.2,-0.8,0.6,-0.4,-2.0,0.8,0.9,2.6,1.2,2.5,-0.0,-2.2,-6.2,-2.8,-6.3,-3.5,-2.5,0.3,-8.5,-1.0,-0.5,0.4,-1.0,-0.8,0.1,-1.2,-3.7,0.3,-1.7,-3.7,-2.2,-2.7,-4.5,-4.5,-1.2,-2.5,-3.5,-3.7,-0.5,-0.8,-2.9,-2.4,-2.7,-3.0,-2.0,-3.9,-2.8,-2.4
2C7L51JhRv,0,48.109267,11.629406,4442387.73,2778639.4,539.9,585.6,297,7399,3.5,0.72,0.46,32.66,348.97,-0.53,-0.103,0.842,-1.5,0.2,-0.03,0.27,1.7,0.2,-0.3,-1.4,0.2,0.2,4.4,3.8,-10.1,4.0,-2.3,1.6,-5.3,2.7,-8.0,2.0,2.5,4.5,2.8,3.9,-0.7,13.1,4.6,4.2,6.1,5.9,0.0,-0.6,1.2,5.1,-6.6,-1.0,-4.9,12.6,-4.6,1.2,-2.4,2.6,0.7,-0.1,3.7,4.2,6.6,10.3,-4.3,4.0,6.5,3.5,2.3,-4.5,-0.9,-0.3,2.0,3.8,3.3,3.5,3.3,2.6,3.1,-3.3,2.7,2.7,-3.0,0.2,2.3,-4.5,-1.8,-9.7,-8.4,-2.3,-2.9,-2.4,-0.3,-5.2,1.4,-1.2,2.0,1.9,2.6,2.4,3.2,1.7,1.7,4.6,3.5,2.3,3.4,5.4,5.5,5.0,6.3,3.1,2.9,0.8,-1.3,-7.5,0.1,-0.6,3.8,1.3,3.4,4.8,1.6,1.9,1.9,2.9,2.6,2.2,0.5,3.1,1.2,2.7,2.1,-0.1,3.5,0.9,0.5,2.0,-11.2,-4.5,-2.4,-1.6,-0.1,-7.3,-4.3,-4.5,-4.3,-2.6,-1.4,-8.2,2.1,-1.6,0.4,-1.3,2.6,-5.9,1.3,-2.0,0.5,-2.9,-1.3,1.4,-1.5,-6.4,-6.4,4.4,3.7,0.1,-1.9,-3.8,-4.2,-3.5,-5.6,-7.2,-2.3,-1.6,-3.0,-0.6,-4.7,-3.6,-4.5,-3.9,-0.3,-1.0,-2.7,0.6,-5.0,-6.7,-1.1,5.8,1.2,0.3,0.3,-0.0,-1.9,-8.2,-6.1,-7.2,-1.1,-4.8,-3.9,-18.3,-4.3,-4.4,-3.4,-2.6,-2.8,-3.9,-4.6,-7.6,-2.8,-8.0,-5.0,0.8,-4.9,-4.4,-6.1,-3.8,-4.9,-3.2,-3.9,-1.7,-2.0,-4.0,-2.6,-7.7,-4.7,-1.2,-5.7,-1.5,-4.3
2C7L51JhSl,0,48.109623,11.632177,4442593.28,2778683.51,530.1,575.8,297,7451,3.3,0.74,0.61,32.68,348.97,-0.53,-0.103,0.842,-0.4,0.2,-0.75,0.25,1.0,0.2,-0.3,0.3,6.8,0.3,2.3,-2.0,-1.4,-0.1,-0.3,4.6,-5.5,2.5,-4.6,0.4,0.2,3.9,1.7,0.1,-0.9,2.9,4.0,-1.6,1.5,4.6,1.7,3.4,2.0,-2.0,-1.0,6.9,1.1,-4.8,0.0,-2.4,7.4,0.3,1.8,0.9,-0.4,2.8,-1.7,-0.7,0.6,-3.9,-3.4,-5.5,-1.6,-2.5,-5.1,-4.4,-5.2,-1.2,-1.3,-3.1,-1.0,-1.2,-0.4,-1.5,-1.3,-1.2,0.4,1.7,1.3,2.1,1.1,8.6,-0.1,-1.0,-0.9,-2.7,-8.8,-6.4,0.2,2.5,-0.5,3.4,3.4,1.9,1.6,-0.9,1.9,1.6,5.4,10.2,-5.6,3.2,4.7,6.1,4.9,2.7,-2.8,-2.4,2.8,-5.3,0.7,2.7,-3.6,0.4,-1.3,6.2,0.6,3.1,3.1,0.5,2.6,4.3,4.6,5.0,-2.3,-2.8,-2.8,0.6,3.7,-0.1,12.2,-3.5,0.2,-4.0,0.0,1.5,-0.6,1.4,3.0,7.7,3.9,1.3,1.8,-0.9,1.5,1.6,-0.8,-0.7,0.9,-0.7,-2.7,7.1,0.3,-3.8,-4.6,1.0,2.5,-1.5,-4.9,-3.0,-2.4,2.6,0.7,0.4,-3.2,-0.7,-6.9,-5.2,-0.4,1.2,2.0,0.8,3.5,1.8,-0.0,-0.2,-0.6,-1.6,-4.4,-1.5,-2.2,-4.6,-0.2,-2.3,1.5,-2.4,-0.8,-1.2,-2.0,-5.4,10.4,-1.3,1.2,5.2,4.3,-1.4,5.1,4.0,3.0,0.1,3.4,-0.4,3.0,4.5,-2.1,-4.5,-5.5,-10.6,0.3,2.7,-0.7,-4.8,1.2,-2.2,-5.5,-4.0,-3.9,-4.7,-5.0,-6.0,-6.8,-5.2,-3.3,-3.7,-3.3
2C7L51JhSm,0,48.109629,11.632223,4442596.72,2778684.25,529.6,575.3,297,7452,3.9,0.67,0.48,32.68,348.97,-0.53,-0.103,0.842,0.2,0.2,1.15,0.3,2.0,0.3,-0.3,-3.8,8.7,1.2,-13.7,-0.7,-3.1,4.4,0.7,4.7,-0.8,0.2,-2.7,-2.0,-0.2,1.0,0.8,0.5,-4.3,-1.6,-2.1,-1.5,-0.0,0.6,1.8,3.9,0.2,0.9,-2.3,-3.2,-2.1,-5.9,-3.9,-4.0,3.5,0.4,-0.4,0.5,-5.2,-0.8,0.6,-2.7,1.1,-1.3,-3.8,-4.7,-2.1,-4.4,-5.2,-3.6,-5.4,-3.4,-3.5,-2.7,-3.6,-3.9,-3.1,-2.1,-1.0,-1.9,-1.2,-0.9,-1.3,-2.2,0.3,-1.5,-0.4,-1.0,2.8,-4.6,-2.4,-0.4,0.9,-0.4,0.2,-0.0,1.0,-0.0,-2.9,-3.6,-3.9,-4.5,-4.3,-7.6,-3.8,-3.2,-4.2,-3.5,5.2,-2.0,-5.4,-5.1,-5.1,-7.8,-3.5,4.1,-6.1,-0.5,-3.0,1.8,-1.5,-8.8,-0.6,-0.8,-0.1,1.6,-5.4,-1.9,-5.1,-4.9,-3.4,-5.3,-1.3,-3.3,-3.3,-1.9,-0.6,-4.6,-1.3,0.5,-2.2,2.1,-1.2,4.9,2.1,-0.3,-1.9,-1.7,-5.0,-1.5,-3.1,-3.8,-1.1,-0.9,-5.5,-10.0,-3.3,-6.7,-5.4,-0.7,-2.1,-6.7,-6.1,-6.6,-4.1,-3.3,-4.0,-3.8,-3.2,-1.2,0.7,-3.0,-3.5,-1.3,-1.9,-2.9,-2.2,-4.9,-5.2,-3.9,-5.9,-5.7,-8.8,-10.7,-9.3,-7.6,-9.4,-6.4,-2.2,-2.2,0.3,-1.8,-5.3,-15.6,-15.4,3.6,-5.1,9.4,11.5,-2.4,10.9,10.4,10.0,6.4,8.5,-11.4,11.5,8.4,-4.8,-4.8,-7.0,-11.4,-4.7,-0.4,-3.6,-4.1,4.7,-1.4,-6.4,-0.8,-0.8,6.1,6.7,4.8,1.7,2.7,0.3,0.9,-1.1
2C7L51JhQS,0,48.10861,11.624145,4441997.42,2778557.77,536.4,582.1,297,7308,4.1,0.65,0.48,32.64,348.97,-0.529,-0.103,0.842,-0.5,0.2,1.28,0.31,1.1,0.3,-0.3,-7.6,-3.1,-5.8,-4.2,-4.3,3.7,-1.0,-1.6,-3.3,6.2,0.2,-2.6,-1.2,-4.6,-2.3,-3.0,-0.8,0.9,-1.2,-0.8,-0.6,-3.3,-3.4,-0.2,-0.5,2.4,-2.8,-5.4,-6.4,-5.1,-11.5,-7.4,-5.1,-4.1,-7.2,-6.5,3.0,6.2,-5.1,-10.3,-3.4,-10.1,-3.8,-3.9,-7.8,-8.1,-4.7,-10.5,-5.2,-7.2,-3.9,-7.3,-5.7,-4.9,-7.0,-6.8,-9.8,-8.5,-4.6,-8.3,-7.3,-4.8,9.7,-6.3,-3.5,-9.1,-9.4,-4.3,-5.9,-8.0,-10.3,-7.8,-7.8,-6.4,-7.2,-7.8,-1.7,-8.1,-13.5,-11.8,-11.8,0.2,-1.8,-3.9,-8.4,-8.8,-10.5,-10.9,-7.1,10.0,-13.9,-5.4,-6.7,-12.6,-15.0,-9.0,1.7,-2.5,-9.6,-11.1,-6.4,-7.0,-9.8,-7.5,-9.5,-7.7,-7.1,-6.7,-5.2,-9.8,-7.3,-5.6,-4.6,-6.8,-5.9,-8.7,-4.8,-7.8,-7.6,-7.3,-15.4,-9.2,-4.0,-10.4,-8.3,-8.6,-6.1,-4.8,-8.4,-11.8,-14.2,-7.7,6.2,-13.4,-5.8,-8.4,-5.4,-3.9,-0.7,-2.4,-2.2,-2.3,-4.1,-2.5,-4.2,-5.2,-6.3,-4.7,-3.7,-4.7,-1.8,-3.9,-7.0,-6.6,-9.9,-1.3,-10.9,-14.1,-12.8,-12.8,-5.4,-7.7,-15.1,-12.8,-8.5,-0.7,-0.2,-9.5,-2.9,7.2,-14.4,-4.3,3.3,-3.2,-7.5,0.2,-5.2,-3.7,-5.0,-2.7,-8.3,-8.2,-7.7,-3.3,-6.9,-9.3,-3.7,-9.6,-9.8,-10.8,-9.6,-9.8,-9.6,-8.8,-12.5,-3.8,-3.1,-3.7,-3.3,-6.4,-4.4,-4.3,-7.0,-4.6,-0.8,-2.9,-2.5,-6.9
2C7L51JhRk,0,48.10922,11.628897,4442349.93,2778633.36,545.0,590.7,297,7388,4.1,0.73,0.5,32.66,348.97,-0.53,-0.103,0.842,-0.6,0.2,-0.49,0.31,1.5,0.3,-0.3,-0.4,-1.7,-0.7,-1.2,-0.4,-0.2,-3.4,-0.7,-1.0,0.5,-1.5,1.4,0.4,3.1,3.3,6.5,4.9,19.9,15.2,3.2,2.8,6.1,0.2,5.3,3.7,-1.1,1.3,2.4,-2.0,4.5,-5.8,2.1,-1.1,-1.6,-0.9,-2.5,-4.0,-0.8,16.5,-0.8,0.9,-2.2,2.5,-6.5,-3.7,-6.1,-1.7,-1.7,-2.6,1.9,-1.2,1.3,0.8,-1.1,-0.8,1.0,0.2,-0.3,0.2,-0.2,-0.6,0.8,3.8,-3.8,-3.3,0.3,-2.3,0.5,-2.2,-0.6,-0.3,-1.2,-2.4,0.5,-1.1,1.3,2.4,2.9,3.6,0.9,0.2,2.1,-0.1,-1.1,2.1,2.8,-0.5,-1.5,-5.0,-1.1,-6.2,-3.8,-2.6,9.8,-1.6,3.5,-0.6,2.4,8.0,4.3,10.5,3.8,-1.6,1.7,4.9,5.7,3.2,1.8,0.1,3.5,2.2,-1.1,1.6,-1.7,0.3,-0.4,-1.6,-3.2,-1.8,-1.4,2.4,-1.6,-1.3,-0.5,3.7,3.0,-0.8,0.5,3.9,1.1,1.1,2.5,0.7,3.9,-6.4,-6.4,-1.7,3.4,7.6,-2.9,0.1,0.5,0.3,-1.5,0.7,-0.5,3.1,0.5,-2.2,-0.3,-1.3,-3.3,-0.1,-2.0,0.5,-1.8,1.7,5.7,5.6,4.1,-3.1,-0.5,-0.3,15.7,-8.4,0.3,-4.8,18.2,-2.5,-7.1,7.2,-2.9,-3.3,-3.7,-4.3,-6.4,-6.5,-4.6,-9.7,-2.7,-5.4,-1.9,-1.9,-2.5,-2.1,3.6,-2.5,1.3,-0.9,-3.1,-2.7,8.8,10.5,-3.4,0.9,-3.5,-7.6,1.9,-6.2,-0.7,-4.1,-3.7,-4.8,-3.5,-5.9,-6.1,-6.1,-3.6
2C7L51JhRl,0,48.109218,11.628879,4442348.56,2778633.07,541.3,587.0,297,7389,3.8,0.76,0.48,32.66,348.97,-0.53,-0.103,0.842,-0.5,0.2,-0.47,0.29,1.4,0.3,-0.3,-1.2,-0.8,0.1,-0.7,-0.3,-1.8,-0.3,-0.0,0.3,13.4,0.0,0.3,1.6,0.8,3.6,3.5,1.9,-4.7,0.8,-6.1,-2.7,4.1,-2.8,3.4,3.4,16.9,0.7,1.6,-0.0,8.7,-3.3,2.6,-3.2,0.9,2.5,4.0,0.3,-5.9,0.3,-4.7,-1.1,1.2,3.3,12.1,3.6,-1.9,-2.1,-1.9,-1.4,-0.6,-1.7,-0.6,-0.2,-0.6,-0.2,0.1,-0.9,-0.3,-1.2,-0.7,-1.4,0.8,2.5,-2.5,-1.8,-1.2,-2.9,-3.4,-2.2,-1.3,-1.5,-1.6,-2.1,-0.0,1.4,3.9,3.9,2.4,2.9,0.6,-2.8,1.1,-2.9,-2.7,0.5,9.6,10.3,1.8,16.7,2.8,0.4,-3.1,-3.0,4.3,1.4,0.8,-0.7,7.3,2.7,2.5,-1.6,3.9,11.1,1.6,5.6,5.3,1.9,-1.4,1.0,0.4,2.5,-2.4,-0.6,-1.6,-1.9,-3.0,-3.9,-2.9,-1.5,-2.9,-2.8,-2.9,-1.2,-0.5,3.0,3.7,-2.7,1.9,1.9,1.7,0.9,2.3,0.4,2.6,-1.4,0.1,-2.5,5.1,6.6,1.1,-1.5,-2.3,-1.0,-2.0,-1.1,-2.4,-1.6,-1.5,-1.5,-1.8,1.1,-1.4,-0.3,-2.1,1.5,-1.0,1.2,-1.6,1.4,1.0,-0.7,2.1,-5.4,0.6,-4.1,-1.6,-2.0,15.4,-2.3,5.9,4.7,4.4,-4.1,-4.8,-3.2,14.5,-4.7,-3.5,14.5,-3.9,-4.0,-3.0,-2.9,-2.8,-1.6,2.1,-5.1,1.7,-0.4,-3.0,-2.4,5.5,0.1,-1.8,0.5,-2.9,-6.4,-0.8,-6.3,-4.0,-1.7,-3.2,-3.4,-3.4,-5.1,-3.3,-4.9,-1.4
2C7L51JhRm,0,48.109224,11.628925,4442352.0,2778633.81,540.8,586.5,297,7390,3.1,0.83,0.37,32.66,348.97,-0.53,-0.103,0.842,-0.7,0.2,-0.1,0.24,0.3,0.2,-0.3,-2.5,-0.9,0.9,-1.0,-1.2,-2.5,-1.4,0.6,0.6,9.8,1.9,1.6,3.0,-2.1,-1.1,-2.4,-3.8,-3.3,-1.3,-2.7,-1.6,-2.7,-1.9,-0.6,0.8,-0.8,-1.4,2.7,-2.6,-5.6,-4.0,-7.5,-2.5,-6.0,-3.2,-4.3,-0.8,-1.5,0.7,-0.2,-1.5,1.6,0.9,-1.3,1.2,-2.6,-4.2,-2.9,-2.7,-2.3,-5.4,-1.5,-1.0,-2.5,-0.5,-3.3,-2.8,-0.7,-2.8,-1.4,-1.7,-1.1,-3.1,-4.4,-0.0,-3.9,-4.4,-4.8,-2.0,-0.5,-3.3,-1.9,-2.6,-0.3,-1.5,-11.0,1.1,-1.6,-5.0,-3.3,-7.5,-2.9,-7.3,-4.5,-2.7,13.8,-5.9,0.9,-5.5,-2.7,-1.6,-4.4,-3.4,-2.5,-3.5,-2.4,-2.5,0.9,3.2,1.1,-2.1,-1.5,-0.2,-0.5,0.6,0.4,-2.5,-2.1,-1.2,-0.8,-2.9,-3.7,-5.5,-2.4,-3.5,-3.5,-8.6,-2.1,-1.3,-2.8,-10.1,-4.0,-2.2,-2.4,-5.5,-3.7,-3.4,-2.3,-1.5,0.4,-2.9,-3.9,-1.5,-0.1,-4.3,-2.4,-4.4,-2.5,2.8,-1.8,-4.3,-4.2,-1.2,-2.8,-2.4,-2.6,-8.0,-2.9,-4.0,-3.5,5.0,-1.9,-2.7,-4.5,1.0,-0.1,-0.9,-6.2,-0.6,-3.7,-4.6,-2.7,-6.3,-9.6,-6.9,-1.5,-4.4,-0.2,-4.8,-0.6,-3.9,-5.1,-5.2,-5.9,-4.3,10.9,-6.9,-7.1,11.1,-6.5,-6.1,-4.2,-4.0,-4.9,-4.9,-5.1,-6.2,-1.4,-6.2,-6.1,-4.3,5.4,-6.3,-9.4,-5.4,-5.7,-9.1,-5.2,-5.8,-5.6,-2.7,-4.1,-5.4,-6.1,-7.3,-4.6,-6.3,-5.5
2C7L51JySZ,0,48.108227,11.621024,4441765.86,2778510.15,544.7,590.4,298,7251,3.1,0.76,0.4,32.6,348.93,-0.529,-0.103,0.842,-1.0,0.2,-0.35,0.23,1.6,0.2,-0.3,1.6,2.5,1.7,0.0,1.6,-0.3,-1.7,-1.8,0.1,-4.1,-0.4,-0.3,-0.0,-1.4,-0.4,7.3,-1.7,-4.4,3.8,-2.2,-3.2,-5.8,-4.4,-0.5,-3.0,-1.7,-2.8,-6.2,-6.4,-5.1,4.0,-4.6,-7.6,-5.7,-7.7,-5.4,-4.6,-3.2,-5.8,-2.0,-1.0,-0.3,-1.4,-0.8,-0.3,-0.3,-0.8,-2.8,-1.5,-1.8,2.0,7.9,3.7,-3.0,0.2,4.0,-4.8,0.6,2.0,-1.8,2.2,0.2,-1.7,2.7,-0.8,-1.2,2.7,-0.4,2.3,0.5,-0.7,1.0,-6.3,0.3,3.7,-3.0,0.5,-2.6,-1.9,-0.6,-1.4,-2.6,-4.3,-2.1,-2.3,-5.8,-3.3,-1.5,-3.1,-0.5,-4.4,-8.9,-5.8,-1.2,1.2,-5.9,-4.3,-1.5,-6.4,-2.7,1.1,-1.3,-0.1,2.4,2.7,4.7,0.8,-0.0,-2.9,-0.5,1.1,-0.6,-3.2,-4.6,-4.3,2.6,-1.8,2.6,2.9,-1.9,-8.3,-1.2,-4.5,-2.2,-7.2,-3.6,-4.5,-4.6,-2.3,6.1,-6.0,-6.2,-0.4,-2.4,-2.2,-4.5,-2.1,-0.4,-2.4,0.6,-3.1,-3.1,-1.4,-0.1,-3.7,-3.4,-7.6,3.2,-0.9,-3.1,1.7,-1.1,-2.4,-6.3,-14.8,-5.4,2.7,-1.5,-3.4,-6.7,-9.3,-5.7,-2.6,-2.5,-5.7,-2.3,-2.9,-4.1,-5.3,-3.5,-9.5,-3.5,-6.2,-3.0,-8.9,-6.1,-4.3,-7.7,-10.9,0.8,-0.9,-1.3,-8.7,-5.4,1.1,-5.2,-4.1,-2.4,-0.2,-6.2,-13.9,-5.2,-12.5,-9.7,-8.1,-4.7,-8.5,-8.7,-8.1,-1.4,-2.5,-2.2,-4.0,-2.7,-6.7,-2.6,-2.3,-3.8
2C7L51JyT6,0,48.108468,11.622894,4441904.56,2778539.91,541.7,587.4,298,7284,2.7,0.79,0.33,32.61,348.93,-0.529,-0.103,0.842,-0.6,0.1,-0.75,0.2,2.6,0.2,-0.3,0.2,-1.9,-2.0,-4.1,-2.2,6.1,-0.6,-0.2,-2.3,5.9,-0.5,5.9,-1.9,-2.5,-1.9,-1.6,-2.9,-1.6,-3.8,-1.2,-5.8,-4.6,-3.5,-1.9,-1.3,-1.9,-1.3,1.9,-3.2,-6.2,-17.0,-7.0,-7.1,-7.3,-6.4,-5.1,-4.5,-1.6,-1.4,-1.5,-2.0,-0.0,-2.1,-2.1,-2.9,-3.1,-0.3,-1.4,-2.3,-1.3,-1.4,-1.1,-1.6,-1.6,-1.2,-2.6,0.6,0.3,-1.2,-1.1,-0.4,1.2,-6.2,-0.3,6.5,1.5,6.0,3.4,1.5,-0.2,2.1,-1.0,1.0,-0.8,-0.6,-3.7,-2.9,-2.0,-3.1,-4.1,-0.7,-4.8,-2.2,-4.8,-4.1,-3.8,-4.2,-2.6,-4.0,-5.5,-4.0,-3.4,-2.5,-7.1,-2.8,-4.1,-2.9,-4.1,-2.5,-2.7,-2.8,-3.9,-3.7,-0.2,-2.7,-3.0,-0.6,-0.0,4.0,1.5,-3.4,-2.3,6.9,5.7,1.7,2.7,-0.4,-6.3,-5.6,-2.8,5.5,1.1,3.1,-0.3,-2.3,-2.1,2.2,-3.1,-4.0,-3.6,-8.5,-1.9,-6.3,-6.4,-5.5,-6.5,-3.0,-2.7,-4.6,2.0,3.3,-2.4,-1.0,-1.7,-2.0,-1.5,-2.3,-0.5,-0.2,1.7,0.0,5.2,0.1,-2.4,-0.9,-1.1,-3.2,-3.1,-3.2,-2.7,-5.1,-6.4,-2.6,-4.0,-6.8,-2.8,-5.6,-5.0,-2.9,-4.4,-4.4,-7.3,-3.7,0.0,0.6,-18.7,0.8,-0.7,-0.5,-0.6,-1.1,-1.7,-1.7,-4.3,-2.7,-3.1,-3.1,-4.8,-8.0,-5.8,-7.0,-7.4,-7.6,-5.8,-9.7,-7.2,-6.0,-6.9,-6.0,-6.2,-5.0,-5.0,-5.0,-4.4,-3.1,-3.2,-1.5,-3.5
2C7L51JyUD,0,48.108942,11.626583,4442178.22,2778598.63,530.0,575.6,298,7353,4.4,0.64,0.57,32.65,348.97,-0.53,-0.103,0.842,-0.0,0.2,-0.42,0.34,1.0,0.3,-0.3,-11.3,-3.3,-7.3,-10.9,8.6,-6.6,4.5,8.0,-10.4,7.5,7.6,0.7,4.3,10.4,1.2,1.0,4.1,2.6,2.3,2.7,0.0,2.9,-14.2,1.9,2.0,5.7,2.9,-2.3,-6.3,-3.7,-12.5,-0.6,1.3,2.8,-0.0,2.1,2.4,4.8,4.0,2.7,8.3,6.3,6.6,5.2,5.9,13.8,12.1,10.9,-1.4,-0.8,1.8,2.8,9.1,5.9,6.1,1.9,9.0,7.2,4.1,1.1,1.6,0.6,3.2,1.9,5.8,9.1,2.3,-8.8,-3.2,5.2,4.7,9.6,3.8,4.1,9.3,2.3,-1.0,7.3,2.3,5.1,4.5,4.0,6.6,7.6,0.3,1.6,4.2,1.1,2.3,1.5,-0.4,0.2,0.9,0.7,-0.5,0.2,2.1,-0.5,4.4,3.4,9.1,2.4,1.9,3.8,2.1,1.4,3.4,-0.5,5.0,4.9,7.9,3.8,5.4,14.6,8.9,-3.1,5.4,3.7,-4.9,0.8,-6.9,-5.4,10.2,-0.1,0.3,2.0,2.6,0.5,3.4,2.5,0.0,1.9,1.6,0.7,0.5,-0.1,2.5,6.9,2.1,8.9,9.4,2.5,5.4,5.0,6.7,5.5,-4.7,3.0,-2.8,-1.7,-2.3,-1.3,1.5,-3.8,0.1,6.3,1.3,5.0,5.0,7.2,0.6,0.3,2.4,1.7,0.3,4.9,0.0,4.3,4.2,2.2,2.3,1.2,-0.9,3.6,1.5,-0.1,3.9,2.9,-1.1,1.1,-1.5,0.2,2.1,2.0,0.9,0.8,5.3,3.3,3.3,-0.1,-10.0,4.0,1.2,8.2,1.8,-0.3,10.5,4.6,1.4,8.3,4.3,5.4,1.1,9.1,8.5,6.5,-10.9,-1.1
2C7L51JyTG,0,48.108534,11.623265,4441932.07,2778547.89,534.5,580.2,298,7294,2.4,0.87,0.36,32.61,348.93,-0.529,-0.103,0.842,-1.0,0.1,-0.05,0.18,1.7,0.2,-0.3,0.2,0.5,1.5,0.2,-0.9,0.5,0.3,-0.8,-0.3,-1.8,0.7,1.0,1.0,-0.2,-1.1,-1.2,-1.3,-4.8,-5.6,-5.6,-1.1,0.9,-5.8,-0.0,-1.0,0.5,3.8,-2.4,-3.2,-4.6,-20.2,-4.8,-6.1,-7.6,-4.4,-4.2,-1.8,-1.2,0.3,-0.5,0.1,-1.6,1.5,-0.5,1.5,1.2,-2.0,-1.4,-1.9,-0.6,-0.4,0.9,0.7,3.1,3.3,0.5,-0.5,1.7,1.4,-1.6,-0.6,-0.3,-2.5,0.6,1.5,0.1,0.3,0.0,-0.5,-1.5,0.1,1.1,-6.3,-1.5,2.7,-0.5,-0.4,-1.4,-0.8,-2.9,-0.9,-3.5,-4.3,-6.1,-3.1,-2.6,-3.0,-3.1,-4.3,-3.1,-3.0,-5.5,-6.8,-4.8,-3.4,-0.9,-3.1,-3.4,-1.7,-3.4,0.7,-3.6,-0.9,-11.0,-2.6,5.1,-0.3,-1.9,2.8,-1.2,-1.9,-1.5,-2.5,-1.6,-2.6,-1.1,3.1,-1.3,-0.8,-1.7,-0.3,-1.1,-0.8,-2.1,-2.9,-2.5,-2.9,-3.7,-2.9,-4.0,-4.8,-3.6,-6.2,-8.5,-6.1,-7.5,-5.9,-3.6,-7.9,-1.9,-6.7,-7.5,-5.1,-3.1,-3.3,-3.2,-3.1,-1.3,-2.5,-4.8,-6.8,-3.1,-4.5,-4.2,-2.7,-4.0,-3.3,-2.9,-4.0,-1.3,-4.7,-5.8,-3.1,-4.8,-4.8,-2.2,-5.5,-5.0,-2.5,-4.5,-5.4,-6.9,-4.9,-6.2,-5.1,-8.7,-4.4,-1.2,-9.3,-3.1,-4.7,-4.5,-3.7,-7.6,-4.9,-1.6,-2.0,-6.8,-4.2,-3.4,-4.9,-8.9,-8.0,-8.1,-8.8,-7.0,-6.7,-8.1,-5.3,-6.3,-6.2,-4.3,-1.6,-1.5,-3.7,-4.1,-3.5,-4.6
2C7L51JyTM,0,48.108585,11.62366,4441961.38,2778554.18,535.2,580.9,298,7300,4.6,0.58,0.52,32.64,348.97,-0.529,-0.103,0.842,-0.6,0.2,0.43,0.35,2.0,0.3,-0.3,-8.7,-3.8,-1.9,-2.9,3.8,5.2,-9.1,0.8,-1.4,11.1,0.5,2.1,0.7,-0.1,0.1,1.2,1.3,8.1,-1.9,6.6,-4.0,-9.2,-6.3,2.4,0.5,6.7,2.1,-3.2,-11.5,-2.7,-14.8,3.1,-2.9,-0.9,2.8,-0.7,1.0,6.7,8.0,-3.0,-11.6,-14.7,-9.7,-0.8,-8.9,-3.7,-5.2,-16.1,0.2,-2.3,0.2,5.8,-0.2,4.1,3.2,2.5,-4.6,-2.4,-2.5,-5.3,-4.3,0.6,5.1,3.4,-5.4,-0.3,0.5,-10.2,1.8,0.8,-0.8,-4.1,-3.0,-1.1,-0.2,0.2,1.8,1.4,0.9,0.3,-1.1,1.7,-5.6,-0.4,-5.1,1.7,-0.4,-0.6,2.5,-2.1,-5.1,-10.7,-8.4,-2.4,-3.9,-11.1,-12.3,-16.3,4.2,-0.2,-3.1,-17.2,-2.5,-5.5,5.2,0.9,-2.7,-4.7,1.6,-2.4,2.8,5.7,-2.2,-3.6,-1.5,-6.2,3.4,9.0,-3.7,8.7,0.7,-8.8,-3.3,-1.6,-2.8,-3.1,-2.7,-1.7,-3.6,-9.2,-9.2,-2.3,-2.6,-5.8,-5.3,-6.7,-4.1,-4.2,-3.3,0.4,-2.3,-5.4,-3.8,-4.2,-6.1,-7.4,5.8,-1.8,-6.6,-2.2,6.7,-4.1,-2.4,-5.3,-3.7,-4.2,-4.3,2.3,-11.6,-5.2,-0.6,-3.4,-6.0,-7.7,-6.7,-4.7,-9.4,-6.7,-1.8,-6.4,-7.4,-4.0,-10.4,-1.2,-7.2,-3.1,-0.6,-2.7,0.3,0.9,-3.2,3.3,-5.0,2.9,-9.2,-1.5,-12.7,-0.8,-5.5,-11.2,-1.6,0.8,-0.9,-6.0,-10.3,-9.0,-4.4,-6.7,-3.2,-1.0,3.3,-3.4,0.3,1.9,-1.7,-3.7,1.3,-3.1
2C7L51JyTb,0,48.108691,11.624488,4442022.79,2778567.35,535.4,581.1,298,7315,4.5,0.61,0.52,32.64,348.97,-0.529,-0.103,0.842,-1.2,0.2,0.32,0.34,2.5,0.3,-0.3,-2.0,-1.3,-3.7,-3.4,-1.4,-4.8,-2.3,-3.9,-2.0,0.5,-1.9,-0.1,-4.8,-4.8,-4.6,-5.6,-4.5,-2.6,-5.5,-6.4,-3.7,-5.3,-3.8,0.5,-3.6,-3.9,-2.9,7.1,5.0,-7.2,-14.4,-5.4,-8.6,-6.8,-8.2,-9.6,-5.4,-2.3,-1.4,0.8,-2.1,-4.7,1.0,-1.4,-3.9,-2.6,-3.2,-6.6,-4.0,-4.3,-8.8,-2.1,-1.1,-1.7,-2.1,-2.3,-2.8,-3.3,-2.6,-3.3,-3.0,-1.9,3.6,-2.1,0.2,-3.0,-3.1,-3.1,-3.7,-5.5,-3.2,-2.6,-2.9,-1.9,-5.8,-3.9,-2.1,-2.5,-3.7,-2.5,-5.6,-3.5,-3.8,-9.3,-9.8,-4.5,-10.4,-8.8,-9.5,-11.3,-7.8,-11.8,-11.5,-8.7,-6.8,-4.9,-4.8,-5.7,-7.0,-2.3,0.4,1.4,-2.2,-7.3,-7.0,-2.6,-3.2,-3.1,-3.0,-3.5,-4.7,-7.0,-4.4,-5.5,-4.1,-4.0,-5.0,-4.6,-6.1,-5.2,-8.1,-4.9,-2.9,-9.5,-7.5,-9.6,-9.3,-12.1,-9.6,-10.9,-9.7,-2.5,-2.5,-10.2,-12.4,-12.5,-7.7,-8.9,-2.1,-11.0,8.7,-1.0,4.7,2.2,-4.0,-4.8,-11.2,-11.3,-10.7,-2.7,-18.5,-2.2,-8.1,-7.7,-5.8,-5.0,-5.6,-5.0,-7.3,-17.0,-6.1,-7.0,-7.6,-16.8,-14.9,-5.3,-16.5,1.3,8.7,6.6,-0.6,-2.3,4.4,2.4,-7.6,-4.9,-1.2,-2.0,-3.0,-13.2,-15.5,5.0,-15.6,-19.1,-15.0,-11.9,-3.8,-7.7,-11.6,-13.8,-19.9,-3.7,-7.8,-4.5,-23.0,-11.5,-9.0,-9.5,-7.9,-9.8,-8.2,-10.7,-1.5,5.8,-5.5,-10.9,-5.2,-2.3
2C7L51JyTc,0,48.108682,11.624415,4442017.37,2778566.2,529.1,574.8,298,7316,3.8,0.68,0.44,32.64,348.97,-0.529,-0.103,0.842,0.7,0.2,0.04,0.3,0.7,0.3,-0.3,-0.3,3.7,-0.5,1.8,2.1,2.6,0.9,-1.6,2.0,0.1,-1.0,0.8,-1.1,0.8,0.7,0.4,0.1,-4.7,-5.5,-4.7,-1.7,-5.8,-1.7,1.1,1.9,1.2,-1.7,2.1,0.4,-4.5,-15.6,-7.2,-4.7,-5.1,-3.9,-8.5,-6.9,0.4,-1.2,-1.1,-1.7,-4.7,0.2,-1.4,-3.4,-4.5,-4.2,-7.9,-2.8,-6.0,-0.5,-2.0,-1.6,-0.6,-2.6,0.1,-5.2,-4.1,-3.6,-4.6,-0.3,-3.2,1.8,-0.7,-4.7,-5.0,-4.6,-3.5,-2.8,-5.3,-6.7,-1.6,-4.8,-2.6,-4.2,-9.0,-4.9,-2.6,-5.0,-2.7,-1.7,-0.5,1.2,1.2,1.7,-3.0,0.2,-10.5,-0.2,-5.1,-6.0,0.3,-9.3,-4.0,-10.8,-6.1,-5.2,-6.2,-1.4,-1.9,-3.8,0.0,-3.2,-2.7,-5.6,-5.1,-3.6,-4.9,-0.2,-2.8,-4.9,-5.5,-3.9,-3.4,-5.0,-7.1,-8.4,-3.3,-5.0,-4.6,-6.6,-2.9,2.4,7.9,9.6,1.8,12.6,6.2,11.2,3.3,-2.7,-1.7,0.8,4.1,5.1,-0.3,-0.4,-0.2,-1.7,5.2,3.7,-4.4,1.5,2.4,-4.6,-2.1,1.9,0.0,3.6,5.2,-5.2,2.1,2.3,4.2,2.9,-1.7,-1.4,-2.4,-13.3,-3.0,1.6,-0.0,3.3,-0.5,2.2,8.3,3.9,-0.0,0.9,3.1,-0.7,-2.7,-6.7,-0.0,2.8,-0.4,-1.8,-2.2,3.1,-6.7,3.1,1.8,3.8,0.2,3.9,3.0,-7.0,2.9,-10.5,-1.2,-8.3,-7.1,-1.0,1.2,-1.9,-0.2,-6.7,-3.4,4.0,6.8,5.2,-2.6,1.8,2.7,-1.3,-2.7,-3.0,1.1
2C7L51JyTk,0,48.108772,11.625117,4442069.48,2778577.35,540.2,585.9,298,7324,2.9,0.8,0.46,32.65,348.97,-0.529,-0.103,0.842,-1.5,0.1,-0.59,0.22,0.7,0.2,-0.3,-0.2,0.1,-0.2,1.4,-1.5,2.0,0.1,-4.6,0.2,1.1,1.1,-0.2,2.2,-0.7,0.8,0.1,-0.7,0.3,0.8,-1.0,-0.7,-1.4,-1.0,0.6,-1.0,-0.7,-1.8,10.2,-4.7,-2.9,6.9,-4.2,-5.4,-5.8,-7.9,-3.0,-1.8,-1.0,-0.9,0.3,-3.4,-2.6,-2.4,-4.1,-2.6,-3.8,-0.4,0.1,-1.7,1.1,-0.8,1.3,1.0,2.2,2.1,3.3,5.3,2.9,2.2,2.4,1.2,3.4,-0.1,-1.6,-1.7,-2.4,1.5,-3.0,3.7,0.6,-2.0,-2.2,3.1,4.1,3.6,2.1,2.4,0.7,-0.6,-0.1,0.8,0.6,-2.3,-3.0,-3.3,-0.8,-0.6,0.3,-0.8,-3.2,-3.0,-6.7,-2.8,-3.2,-3.5,-4.3,-3.4,-0.9,0.7,-1.4,-3.1,-2.2,-2.8,-2.1,-0.8,-1.8,-2.0,-3.2,0.4,-2.8,-2.1,-3.8,-3.4,-5.7,-2.7,-2.3,4.9,-5.3,-4.7,-6.4,2.5,-3.9,2.1,-0.3,0.4,-0.6,-3.8,0.0,-1.6,-2.4,-3.9,-3.5,-1.4,-3.8,-1.5,-4.1,-1.0,-4.2,-0.4,0.1,1.7,-4.1,-1.6,-1.5,-5.9,-5.9,-6.2,-7.5,-4.8,-1.9,-4.1,-2.1,-0.4,-1.4,-0.8,0.6,-5.1,-10.9,-4.5,-4.2,-4.9,-5.6,-7.9,-8.4,-8.9,-9.4,-3.9,-0.0,-4.1,-4.3,-3.7,-2.5,-4.5,-4.4,-2.4,-7.7,-8.9,-7.3,2.5,-7.8,-5.4,-11.6,-7.1,-6.2,-6.1,-2.1,1.0,-2.1,-6.6,-10.0,-2.4,-6.2,-1.3,-5.3,-7.8,-9.9,-4.7,-6.2,-0.2,-3.1,1.2,-11.1,-8.9,-10.1,-16.2,-14.3,-11.9,-8.8
2C7L51JyTl,0,48.108781,11.62519,4442074.85,2778578.51,540.9,586.6,298,7325,2.0,0.9,0.34,32.65,348.97,-0.529,-0.103,0.842,-0.9,0.1,-0.57,0.15,0.7,0.1,-0.3,-1.1,0.8,-2.3,-0.5,-1.7,-0.0,-1.4,-1.3,-0.4,1.5,1.4,0.6,-0.8,-0.1,-1.6,-1.9,-1.0,-1.0,-0.2,-1.8,-0.4,-2.9,-0.8,-0.1,2.9,0.1,1.1,3.7,-2.2,-4.2,9.7,-6.0,-5.7,-5.2,-5.5,-1.8,-1.6,0.4,1.7,1.5,1.0,-0.4,-0.0,-0.4,-0.7,-0.8,-0.4,-1.2,-1.1,-0.3,-1.3,0.4,2.3,-1.1,2.5,0.6,3.9,0.8,0.7,1.0,1.6,1.2,-1.9,-1.3,7.4,-4.4,-2.2,0.1,1.4,0.0,2.1,-1.2,3.4,0.4,1.3,1.9,-1.3,-0.2,-1.3,-0.0,2.0,0.2,-1.5,-1.8,-1.2,-2.3,-1.9,0.1,-1.6,-1.9,-1.3,-2.4,0.2,-3.1,-4.0,0.4,1.4,-0.8,1.0,0.1,0.2,0.5,-1.8,0.2,-0.6,-0.2,0.7,0.6,-0.1,-0.5,-1.5,-1.5,-1.6,-1.9,-1.6,-0.9,2.4,-1.9,-1.1,-1.1,-1.0,-2.0,-0.5,-1.0,-0.7,-0.8,0.8,-1.2,-2.4,-4.5,-3.1,-3.5,0.4,-3.1,-1.3,-3.0,-0.4,-2.3,1.1,2.6,1.1,-2.1,-0.4,-0.3,1.1,-1.0,-3.0,0.7,1.4,-0.4,-3.8,0.3,-0.7,-2.3,-2.0,-0.2,-4.1,-4.0,-2.8,-2.2,-2.4,-5.5,-3.9,-5.0,-6.6,0.8,-3.6,-0.6,-2.0,-1.8,-4.1,-4.5,-1.4,-0.7,-1.6,-4.8,-4.6,-3.4,7.4,-3.5,-4.0,-3.4,-5.1,-3.3,-3.9,-4.8,-2.3,-3.8,-5.7,-5.3,-3.6,-4.4,-5.4,-5.5,-5.6,-4.3,-3.9,-4.6,-2.9,-2.7,-0.3,-3.9,-5.5,-5.8,-5.4,-5.2,-3.3,-5.2
2C7L51JyU9,0,48.108946,11.626473,4442170.05,2778598.93,535.6,581.3,298,7349,3.7,0.68,0.45,32.65,348.97,-0.53,-0.103,0.842,-1.9,0.2,-0.82,0.29,0.4,0.2,-0.3,-4.1,1.7,0.7,-0.4,0.6,-5.8,3.0,0.8,-2.2,-2.3,2.5,7.6,1.3,-0.4,2.2,4.1,3.9,3.2,1.0,0.6,0.8,4.5,2.9,5.5,7.7,7.3,3.2,2.5,-1.7,-4.5,-7.7,-0.3,0.8,-1.6,-2.2,2.3,0.4,5.4,9.7,7.2,4.7,-0.1,5.3,7.5,6.5,4.8,-2.4,1.5,2.4,3.6,3.4,4.1,2.9,5.1,2.4,5.0,1.6,7.8,-9.7,4.5,4.8,4.7,4.9,6.3,-7.4,-8.9,-10.2,3.8,4.9,10.3,-8.7,10.1,-1.7,5.5,10.0,3.2,5.8,0.4,2.1,-3.8,0.5,-0.6,4.0,-1.8,7.8,5.1,2.1,10.5,6.8,6.2,4.4,3.8,-1.2,5.1,5.3,5.5,-2.3,3.3,4.3,4.6,3.5,4.8,4.3,2.0,2.2,-0.3,1.9,1.6,4.3,4.5,3.4,0.2,0.9,-0.7,2.4,-1.2,1.6,-3.1,-2.5,-3.0,-5.0,3.0,-2.9,5.7,0.2,9.6,-10.8,3.8,4.0,6.0,-0.6,-5.3,1.1,-3.0,-5.4,-5.9,-6.9,-5.1,0.5,0.0,-4.3,-6.2,-1.5,-1.5,-1.4,-3.2,-1.4,-0.2,-1.9,-0.5,-0.7,-1.3,-1.0,-2.6,-4.3,-3.3,-4.0,-3.3,-3.8,-3.2,-5.2,-7.5,-2.6,-2.8,-4.3,-0.9,3.0,1.4,-2.1,0.7,-4.6,-8.9,-6.9,-8.0,-8.5,-7.0,-2.4,-2.6,3.6,-5.4,-5.5,-2.8,-3.3,-3.8,-3.7,-2.0,-8.3,-6.9,-6.0,-7.2,-2.8,-7.0,-6.1,-7.2,-8.4,-7.1,-5.7,-10.4,-2.4,-2.8,-3.7,-2.7,-5.8,-5.3,-6.2,-7.7,-5.2,-5.5
2C7L51JyUq,0,48.109249,11.628833,4442345.11,2778636.49,532.5,578.2,298,7392,2.3,0.81,0.38,32.66,348.97,-0.53,-0.103,0.842,-0.9,0.1,0.55,0.18,2.3,0.2,-0.3,-1.5,0.1,1.8,-1.1,1.9,-1.0,-1.4,-1.6,-4.8,0.8,1.6,0.3,-1.1,-6.9,-3.9,-2.9,-5.8,-4.6,-5.5,-2.8,-5.8,-2.8,-4.0,-1.8,-1.2,-1.3,-4.9,-15.2,-0.6,-9.2,-13.5,-8.6,-6.5,-7.1,-6.4,-7.7,-5.6,-3.1,-2.4,-4.2,-5.5,-1.9,-5.0,-3.7,-7.0,-7.0,-2.9,-4.6,-3.8,-0.1,-3.8,-1.4,-2.5,-6.1,-0.9,-5.2,-0.5,-3.4,-1.7,-4.1,-4.4,-3.6,-0.7,-1.9,0.2,-3.1,-4.7,-4.7,-6.0,-4.8,-7.5,-9.3,-9.4,1.8,-7.9,-6.5,-5.3,-5.8,-6.6,-7.6,-9.8,-7.7,-11.1,-9.7,-7.9,-6.2,-6.9,-5.7,-8.1,-5.2,-7.7,-7.4,-10.7,-10.5,-8.9,-4.5,-5.1,-4.3,-4.1,-3.4,-3.9,-4.9,-4.2,-4.9,-2.7,-4.5,-5.1,-5.6,-5.7,-6.5,-5.2,-6.9,-5.8,-4.1,-4.3,-4.4,-3.8,-4.5,-5.0,-5.6,-7.5,-4.3,-2.3,-4.8,-5.2,-7.6,-5.3,-5.7,-7.4,-8.9,-10.0,-5.8,-6.9,-5.3,-10.7,-7.3,-7.9,-8.2,-4.7,-1.5,-4.1,-5.1,-5.5,-4.2,0.7,-2.9,-4.6,-2.5,-3.5,-6.2,1.6,-4.3,-7.4,-8.7,-6.5,-6.3,-6.0,-9.7,-9.5,-8.2,-9.7,-10.1,-9.5,-10.7,-10.3,-7.5,-9.0,-5.9,-9.7,-8.2,-10.1,-11.0,-10.5,-8.4,-3.2,-4.3,-3.5,-4.3,-3.8,-5.9,-7.4,-5.5,-6.0,-8.1,-8.0,-8.1,-8.3,-7.3,-6.8,-8.9,-8.5,-6.6,-15.7,-12.4,-9.6,-6.0,-10.6,-10.4,-4.3,-6.8,-3.3,-2.7,-4.9,-5.8,-4.2,-3.8,-5.3,-6.2
2C7L51JyTD,0,48.10854,11.623165,4441924.64,2778548.36,537.9,583.6,298,7291,3.9,0.7,0.75,32.61,348.93,-0.529,-0.103,0.842,-0.9,0.2,-0.75,0.3,1.3,0.3,-0.3,1.5,0.7,-0.2,0.3,0.4,3.0,3.4,1.4,2.0,2.8,1.0,6.3,4.1,5.8,-4.3,-3.5,-2.9,-2.6,-2.8,-1.6,-3.7,-1.5,0.8,0.3,0.3,-0.4,-0.2,1.8,1.1,-3.1,-14.1,-7.4,-0.4,-6.6,-2.5,-6.3,-2.9,-0.7,3.0,0.4,0.6,0.9,-0.8,1.5,2.1,0.6,-1.8,-1.4,1.8,0.4,2.7,1.0,1.9,4.1,1.3,1.9,0.0,1.4,2.3,2.3,2.3,0.8,5.1,4.4,0.9,2.2,0.2,-1.1,1.7,1.1,-0.6,0.5,-1.4,0.7,0.6,-0.7,-1.2,-5.6,6.9,-13.5,-10.2,8.3,6.8,7.9,5.9,9.7,5.4,9.4,6.7,5.9,7.5,3.8,2.5,-10.5,-4.0,-4.7,0.3,-8.6,-2.7,-1.2,-11.2,11.6,12.1,7.3,6.6,12.6,11.5,-9.8,-1.4,9.7,-4.6,-0.7,2.5,-1.2,-1.2,-1.7,-1.1,-1.2,0.6,-2.1,0.1,2.0,1.7,1.1,0.7,0.8,1.3,-0.3,-0.8,-0.4,-4.0,-2.0,-1.0,-2.7,-4.5,-4.3,0.5,-1.7,0.6,3.5,-0.8,-2.1,-0.8,1.0,-2.1,-0.6,4.2,2.1,1.9,-0.9,1.0,-0.3,-0.4,-2.3,0.3,-1.2,-3.3,-2.0,-2.7,0.3,-4.8,-8.7,-5.4,-2.5,-11.0,0.4,1.1,-4.6,-4.2,-4.5,-4.9,-5.8,-5.7,-1.5,-3.0,-0.9,-1.7,0.1,-2.9,0.8,0.8,-2.1,-2.6,-3.8,-0.7,-2.4,-3.5,-2.8,-4.0,-4.2,-2.6,-4.4,-3.3,-4.7,-8.3,-5.6,-2.5,-3.7,-4.8,-3.6,-7.0,-2.0,-2.2,-1.9,-0.8,-1.7,-1.4,-0.7
2C7L51JyTW,0,48.108695,11.624233,4442003.81,2778567.42,535.6,581.3,298,7310,1.8,0.92,0.24,32.64,348.97,-0.529,-0.103,0.842,-0.6,0.1,-0.27,0.14,0.2,0.1,-0.3,-0.3,1.6,1.3,0.1,-0.9,-1.5,0.2,-0.4,1.2,1.2,2.2,-1.4,1.7,1.7,1.6,1.4,0.5,0.9,0.5,-0.0,-0.1,-1.3,-0.9,1.4,1.6,2.2,1.4,-3.5,-3.7,-4.5,5.9,-3.6,-5.1,-3.0,-3.7,-2.2,-0.8,0.5,1.3,1.3,-0.7,-3.3,1.0,2.8,-0.8,-0.8,-2.1,-3.2,-0.8,-1.3,-1.1,-0.8,0.5,-0.3,-0.7,0.1,-1.7,-0.7,-0.8,-2.4,-0.8,-0.2,-0.6,-0.6,-2.3,-3.8,-2.2,-3.2,-0.6,-0.4,-3.3,-1.5,-2.6,0.1,1.9,2.0,1.6,1.6,0.5,0.2,0.7,0.3,-0.9,-3.2,-2.5,0.5,-0.6,0.5,-0.5,-0.7,-1.4,-2.4,-6.1,-2.4,0.5,-0.0,-2.8,0.0,1.6,0.3,0.1,1.1,0.3,0.9,1.5,1.3,0.4,-0.2,0.7,-0.2,0.3,0.1,-1.4,-1.4,-0.8,-2.8,-3.6,-1.7,-1.7,-2.9,-2.8,-2.5,-2.2,1.0,1.2,1.1,-2.1,1.5,-0.2,-0.4,-2.6,-0.8,-5.2,-2.2,-1.2,-2.5,-0.1,-1.6,0.7,0.3,-2.3,-2.4,-2.3,0.1,-1.7,-2.1,-1.5,-1.4,-0.5,0.2,-2.2,1.0,1.4,0.4,2.3,-3.2,-1.2,-3.2,-0.3,0.9,-2.6,-1.6,-0.4,-3.0,-2.3,1.0,1.2,-0.4,-0.1,-1.7,-0.3,-4.1,-3.6,-4.2,-4.7,-3.9,-5.3,-3.1,-5.5,-5.5,-2.6,-4.0,-1.8,-2.3,-1.9,-1.1,-3.7,-2.1,-4.5,-3.9,1.6,-6.6,-2.0,-2.0,-5.9,-3.5,-1.8,-3.5,-3.8,1.0,-0.0,-4.0,-1.6,-4.0,-5.4,-6.5,-3.5,-5.1
2C7L51JyUe,0,48.109213,11.628264,4442302.81,2778631.54,538.0,583.7,298,7380,3.5,0.74,0.44,32.66,348.97,-0.53,-0.103,0.842,-1.0,0.2,-0.31,0.26,1.6,0.2,-0.3,-1.5,0.2,-0.1,-0.2,3.8,-0.2,3.7,-4.5,3.3,-7.8,5.0,-5.6,-0.8,-2.5,-4.1,-9.4,-1.5,-4.1,-5.6,-2.5,-4.5,-5.4,-3.9,-2.6,-3.0,-0.9,-1.0,-6.4,-1.5,-7.8,-10.5,-3.1,-8.9,-5.4,-2.8,-3.3,1.7,1.6,1.7,2.1,5.8,-5.3,-4.3,-8.2,-2.1,-3.7,-1.7,1.7,-1.2,0.3,0.5,3.1,-0.6,2.1,9.5,-0.0,11.2,-2.0,-1.8,-0.9,0.8,0.7,11.5,-8.4,-2.1,6.4,-1.1,-4.5,-2.3,-1.8,-4.4,-7.3,-3.4,-0.4,-2.8,-4.6,-2.8,-2.2,-6.7,-6.0,-3.2,-2.5,-7.0,-1.0,-1.6,-3.1,0.0,-2.6,-4.1,-4.3,-3.7,-0.5,-13.2,-7.6,-4.2,-2.3,-3.5,-2.3,-0.5,-2.7,-1.7,-3.1,-1.5,-0.4,-2.4,-0.9,-2.0,0.5,-2.6,0.0,-4.1,-2.1,-4.1,-3.9,-3.6,-13.0,-0.2,-3.8,-5.2,-0.5,-11.9,-0.1,-1.6,-1.1,3.1,-8.1,-4.1,-2.9,-5.1,-3.0,-7.1,-4.1,-3.6,-5.5,-4.5,-6.8,-3.1,-0.5,-1.7,-2.4,-11.3,-4.5,-1.1,-1.7,-0.1,-1.7,3.5,2.5,-2.7,-4.3,9.3,1.7,-2.0,1.6,-7.3,-2.2,-1.5,-4.1,-5.6,-3.0,-5.5,-6.3,-7.4,-5.7,-10.2,-5.4,-4.2,-1.3,-5.4,-7.2,-5.1,-6.5,-3.0,-8.0,-8.3,-4.5,-4.1,-3.3,-8.0,-14.0,-3.1,-5.3,-2.5,-1.9,-2.0,-3.5,-8.4,-9.8,-6.6,-4.3,-7.4,-4.5,-8.0,-4.9,-5.4,-4.0,-5.1,-4.0,-6.0,-6.0,-5.1,-4.4,-5.6,-6.6,-7.0,-10.4,-5.9,-3.3
2C7L51JySp,0,48.108403,11.621813,4441824.2,2778530.96,538.5,584.2,298,7267,2.6,0.84,0.39,32.6,348.93,-0.529,-0.103,0.842,-0.6,0.1,-0.45,0.2,1.5,0.2,-0.3,1.4,-1.1,0.5,-0.9,0.7,0.2,0.1,-1.0,2.1,-0.1,0.4,1.4,0.5,0.3,-3.3,-2.8,-1.1,-1.0,-3.2,-3.4,-4.7,-2.6,-2.9,-1.2,-3.6,1.3,-1.7,2.4,0.1,-5.1,-15.8,-3.5,-6.8,-6.2,-5.6,-4.4,3.5,-1.1,3.0,-0.6,-1.1,-0.2,1.7,0.4,-0.2,-1.1,-1.8,-1.1,1.0,0.9,2.6,1.3,-1.6,-0.2,0.7,0.7,0.1,1.7,1.1,-1.1,-0.5,-0.1,0.7,-0.3,-2.2,1.2,1.4,0.7,0.7,0.6,0.2,-1.2,-0.7,0.7,-4.0,-0.2,-1.3,-1.9,-0.9,-2.8,-1.7,-1.6,-3.1,-2.8,-3.0,0.1,-4.2,-2.4,-3.0,-1.7,-2.0,0.4,-1.8,-6.3,-1.7,-2.3,-0.3,-5.8,-2.2,-1.2,-1.6,-2.5,-2.0,-9.5,1.3,-3.0,-5.4,6.5,-1.7,1.9,-2.1,-1.0,10.8,-7.8,6.2,2.4,2.2,2.7,2.5,4.0,3.5,5.1,2.2,-4.2,-7.3,-1.2,-0.6,-2.3,-2.4,-1.9,-3.0,-2.9,-1.7,-4.6,-4.6,-4.5,-1.7,1.8,-0.9,0.8,0.5,0.8,-1.3,1.1,0.6,-1.2,2.4,-0.7,-2.0,-4.1,-1.4,-1.3,-1.5,-1.3,-2.7,-2.0,-1.8,-3.5,-2.1,-4.1,-4.9,-6.8,1.3,1.2,-3.6,-3.4,-5.4,-4.6,-3.3,-4.2,-2.9,-6.9,-3.8,-1.3,0.5,-3.3,-4.0,-4.5,-12.7,-2.3,-1.8,-5.7,-2.7,-4.6,-7.9,-3.7,-1.7,-4.0,-3.7,-1.7,-3.4,-1.2,-3.3,-3.9,-5.9,-3.7,-5.5,-2.1,-1.0,-2.4,-2.7,-3.8,-3.3,-1.1,-1.6,-2.9,-2.7,-6.3
2C7L51JyTo,0,48.108851,11.625298,4442082.73,2778586.41,539.3,585.0,298,7328,3.2,0.77,0.44,32.65,348.97,-0.529,-0.103,0.842,-0.2,0.2,0.74,0.25,0.8,0.2,-0.3,-1.8,-0.1,-0.4,0.2,-0.3,-1.2,-2.8,-2.6,0.7,1.2,-1.6,-1.2,0.1,2.4,1.6,2.2,-0.4,4.3,-0.9,0.4,-2.3,1.4,1.9,-0.1,-1.1,1.0,1.1,-3.9,-1.5,-3.9,5.0,0.6,-5.6,-0.3,-6.4,0.9,3.7,2.4,2.7,3.5,1.7,-0.1,8.6,3.3,1.6,-0.5,-3.6,0.9,-2.1,2.6,-1.3,-0.1,1.2,-4.1,-1.2,-1.8,-0.1,-0.9,-1.1,-0.5,-2.0,-1.5,-4.9,-1.1,-7.0,-3.4,-2.7,-5.6,-4.7,-4.5,-4.7,-2.3,-0.3,0.7,0.2,4.5,3.3,-1.3,-1.5,0.5,-0.6,-1.1,-3.9,-5.4,-1.2,1.0,0.5,1.2,6.4,0.7,-2.5,-4.1,-7.3,0.3,-1.2,0.2,-1.1,-9.0,1.7,-6.2,-4.8,-2.1,-3.4,-2.0,-1.3,-12.4,-5.1,-2.3,-1.8,-1.6,-2.1,-2.0,-2.1,-1.3,-0.5,-0.6,-3.6,-5.6,5.4,-5.3,-4.4,-5.2,-6.0,-6.2,2.0,3.2,-1.3,3.7,-5.5,-4.6,-3.3,-3.5,-8.8,-4.3,2.0,2.9,-0.3,4.7,-1.4,2.9,-7.5,-13.9,-13.6,-3.5,-4.7,-2.3,-1.2,-2.3,-1.0,-2.5,0.3,0.9,-1.3,-2.7,-0.4,3.5,0.8,-4.6,1.4,2.4,1.1,-1.9,1.8,0.3,-1.9,-1.5,0.3,2.0,-0.5,3.4,2.4,-2.2,-5.7,-4.7,-3.9,-8.3,0.5,-2.2,3.4,-0.9,-4.3,2.9,0.0,1.3,-10.2,-0.1,-2.6,1.5,-2.0,1.7,1.7,-4.2,-3.7,0.4,-3.9,-1.2,-0.8,-4.5,0.4,-3.5,-6.3,-2.1,-1.6,-2.3,-1.1,3.2,1.6,3.8
2C7L51JyUR,0,48.109126,11.627438,4442241.5,2778620.48,534.4,580.1,298,7367,2.4,0.87,0.37,32.66,348.97,-0.53,-0.103,0.842,-0.3,0.1,-0.08,0.19,0.7,0.2,-0.3,1.6,-3.9,-2.7,-0.4,-2.1,1.7,-3.5,-0.2,-2.3,4.8,-0.9,2.9,-2.2,-1.7,-3.2,-2.2,-3.0,-3.4,-3.9,2.5,-1.0,-3.7,-0.8,-1.0,6.0,0.1,1.5,1.8,-3.2,-2.6,-9.6,-6.7,-1.5,-7.1,-3.2,-3.9,1.1,4.6,4.6,1.1,0.8,3.3,3.5,-0.3,-0.6,-1.1,3.0,0.2,-2.7,1.8,-1.7,4.9,-1.1,-1.5,-1.2,-0.4,1.4,2.0,-0.6,2.4,-1.1,-0.6,-0.2,-1.2,1.4,2.8,-1.3,-13.4,-1.8,-4.3,1.3,-1.5,-0.0,-0.0,-1.3,0.3,-0.4,-1.3,-2.8,-1.5,-0.6,-0.6,-3.3,-3.5,-2.4,-3.9,0.3,1.2,-2.0,0.1,-0.1,0.4,-4.1,-4.4,-0.4,1.2,-1.9,-4.4,-1.0,-0.5,0.8,-2.1,-1.7,-3.0,-0.5,-0.8,2.3,0.5,1.8,-1.5,-1.1,-0.5,0.1,-0.4,0.2,-1.0,-1.2,-3.2,-0.8,-3.8,-2.2,-1.1,-1.8,-2.7,-2.4,-3.2,-0.3,-3.3,-2.0,-1.4,-0.6,-0.2,-0.2,-2.1,-3.9,-11.2,-3.8,-2.2,-0.7,2.8,-1.1,-0.3,-2.2,-1.5,-1.0,-3.9,2.5,-4.1,-0.9,0.1,0.5,-1.2,2.3,-4.4,-2.9,0.1,2.6,-3.2,-0.4,-2.1,-0.6,-3.2,-1.9,-4.4,0.4,3.7,0.1,-0.2,-3.0,0.9,-0.7,-3.0,-2.9,-2.3,-0.5,1.3,-0.7,4.0,-1.7,-5.1,-1.8,-2.0,-2.3,-2.8,-3.8,-1.9,-2.7,-2.7,-2.9,0.3,-1.5,-2.8,-6.1,-3.3,-5.3,-2.4,-1.9,-0.8,-1.6,-1.5,-2.5,-3.4,-3.2,-1.2,-0.9,-3.0,-2.9,-1.2
2C7L51JyUS,0,48.109137,11.627528,4442248.16,2778621.9,536.0,581.7,298,7368,3.6,0.69,0.42,32.66,348.97,-0.53,-0.103,0.842,-0.9,0.2,0.64,0.28,1.9,0.2,-0.3,2.0,-0.1,2.3,-0.4,0.4,-1.0,-0.7,4.4,-0.2,3.6,-2.4,5.1,1.1,2.0,12.1,1.2,-6.1,-4.4,-4.8,-4.0,-4.1,-2.9,-1.7,-2.6,-5.0,-2.5,-2.7,0.8,-1.1,-6.2,-14.9,-9.8,-5.4,-5.1,-8.7,-2.7,-3.6,1.6,-7.5,1.2,4.7,1.7,-0.9,-1.4,-3.7,0.7,-0.1,2.4,-3.2,1.6,0.6,2.7,1.7,-0.9,-4.2,-2.3,-1.8,-0.6,0.7,-2.8,-2.9,-1.0,1.8,-4.9,0.3,-0.6,-2.1,-6.6,-1.4,-1.9,-1.1,1.9,-0.3,1.3,2.4,1.6,1.4,0.1,-1.8,-3.7,-0.8,-1.6,-1.0,-3.6,-0.7,-3.3,-2.6,-3.1,-3.0,-5.2,-2.9,2.4,-0.5,-8.0,-7.9,-1.7,-2.8,-4.7,-10.4,-2.8,-1.0,-6.6,-5.7,-4.8,-7.5,-6.6,-4.6,-1.7,3.5,-0.7,-1.1,-0.7,0.9,0.9,-0.3,-3.3,-1.6,-2.0,-5.2,-4.2,-2.9,-2.3,-0.0,-1.4,-0.5,-6.4,-2.1,-0.1,-4.0,-5.4,-12.7,-3.1,-4.2,-2.2,-6.5,-8.1,-5.8,-6.2,-1.1,-2.8,-3.4,-1.3,-0.0,-7.3,0.9,-5.1,-1.6,-5.4,-2.5,-0.6,-7.4,-8.1,-2.7,-4.6,-1.9,0.2,-5.7,-3.2,-3.8,0.4,-10.7,-2.7,-7.1,-9.1,-8.2,-10.6,-13.2,-9.1,-6.9,-6.5,-8.5,-9.2,-10.7,-9.8,-6.8,-14.0,-11.5,7.6,1.0,-3.3,-6.3,-0.2,-11.4,-2.6,-8.0,-6.3,-5.1,-13.9,-0.6,-10.7,0.6,-0.9,-10.4,-13.7,-11.9,-3.8,-5.8,0.1,1.3,1.8,2.6,-0.3,-0.5,0.5,-3.0,-0.3,-1.5,-2.3
2C7L51JyVm,0,48.109722,11.632083,4442586.06,2778694.38,531.7,577.4,298,7450,1.9,0.92,0.29,32.68,348.97,-0.53,-0.103,0.842,-0.6,0.1,0.07,0.14,0.8,0.1,-0.3,-1.9,-1.5,-1.3,-1.5,-2.6,0.4,0.4,-0.9,-0.5,0.9,-1.0,0.9,-0.0,-0.1,0.4,-0.4,-0.1,-0.8,-1.0,-1.0,0.5,-1.0,-1.0,0.2,2.4,4.4,3.7,2.0,-0.0,-0.1,-3.2,-3.2,-2.0,1.3,-0.8,0.7,3.2,3.6,2.6,2.1,1.2,1.0,1.1,0.0,-0.2,-1.1,-0.5,-0.4,-0.8,-0.1,-0.2,-0.4,0.4,-0.3,-0.3,-0.2,-1.0,-3.0,-1.1,-0.1,-1.1,-1.2,-2.4,-1.6,-0.5,0.3,-0.0,1.6,-1.4,-0.9,0.3,-0.0,-1.7,-2.5,-2.3,-1.1,-1.0,-3.5,-3.8,-2.1,-4.2,-1.9,-3.1,-1.4,-4.2,0.0,-1.9,0.2,-0.6,-2.4,0.1,-2.9,-4.0,-0.1,-3.0,-1.9,0.9,1.6,2.0,-0.1,-1.0,-1.3,0.2,1.6,1.6,1.0,1.1,0.8,-1.1,0.7,-0.4,-0.9,0.0,-2.0,0.6,-2.5,-1.5,-2.0,-1.1,-5.4,-1.7,-2.8,-2.0,-3.2,-1.4,-0.7,0.6,1.2,1.2,-0.6,-0.3,-1.3,-0.3,0.2,-3.5,-1.2,-1.3,-1.1,0.2,-0.6,-0.0,-4.0,0.8,1.2,-1.6,-4.3,0.7,-2.5,-2.4,-3.5,-1.8,-2.7,-1.2,-4.8,-2.9,-1.4,-1.3,-1.9,-2.8,-2.7,-2.7,-6.2,-3.3,-4.6,-5.2,-1.3,-0.3,1.5,-0.9,0.5,-0.4,-2.4,-4.1,-0.4,-1.9,-3.4,-2.3,-2.2,-3.3,-1.9,-3.1,-2.6,-4.4,-4.6,-3.7,-2.9,-2.2,-0.7,-0.6,-0.5,-4.3,0.8,4.0,-15.7,-1.0,-0.3,-0.0,-3.3,-0.4,-3.6,-4.5,1.6,-2.7,-2.2,-3.7,-4.9,-6.0,-0.4
2C7L51JySu,0,48.108449,11.622025,4441839.87,2778536.4,536.4,582.1,298,7272,4.1,0.77,0.38,32.6,348.93,-0.529,-0.103,0.842,-1.4,0.2,-0.61,0.32,3.1,0.3,-0.3,0.8,1.9,1.7,3.6,-0.7,1.6,0.1,-3.0,0.6,0.8,3.0,0.9,0.8,0.8,1.2,-0.3,-0.4,2.0,1.8,-2.6,-4.0,-3.8,-0.9,-2.1,-5.4,-2.5,-3.2,-1.3,-2.9,-4.9,-25.6,-10.2,-9.6,-6.7,-12.5,-0.7,-1.5,-0.3,1.5,-2.3,-22.0,-0.5,1.6,-1.3,0.4,1.8,-1.2,0.9,-2.0,-1.0,0.9,2.0,4.0,0.7,3.4,1.0,1.4,-0.8,1.5,-0.0,1.4,1.3,2.3,3.2,2.6,-0.3,2.4,2.2,-0.1,2.5,0.9,4.1,3.2,0.6,2.9,1.1,-0.1,1.4,-3.0,0.4,3.5,-0.2,1.3,-4.4,1.6,-0.9,-2.7,-6.4,-5.1,-4.8,-1.7,-2.6,-1.5,-4.2,-5.2,-5.4,-2.7,-1.7,-4.4,-3.3,-1.1,-3.0,-2.4,-6.0,-4.4,-3.9,-2.8,-4.5,-1.6,-3.1,-3.5,-4.3,-3.1,-1.4,-5.5,0.5,-4.6,6.0,-1.5,-2.2,-0.5,-1.6,1.5,-0.9,1.0,-0.9,0.6,-0.1,1.5,-3.2,-4.8,-8.0,-5.8,-8.6,-3.4,0.4,-0.1,1.0,-9.8,-2.6,-0.6,-23.9,-1.1,0.8,-2.0,0.7,-19.7,3.1,1.2,1.6,-1.7,-0.4,-2.4,-1.4,-0.0,1.6,-2.9,-5.0,-2.1,-25.2,-7.7,-10.2,-4.8,-4.8,-6.2,-25.9,-4.9,-2.3,-6.3,-7.1,-6.0,-5.6,-6.7,-3.6,-3.6,-2.9,-4.2,-9.8,-6.7,-3.5,-4.9,-1.5,-8.3,-8.0,-3.1,-4.6,-2.9,-7.5,-7.6,-14.0,-7.3,-9.8,-10.8,-11.9,-7.1,-9.2,-7.7,-11.2,-11.7,-6.3,-5.5,-1.8,-6.6,-4.3,-6.6,-6.9,-4.1,-1.6
2C7L51JyTm,0,48.108863,11.625254,4442079.44,2778587.77,541.4,587.1,298,7326,3.7,0.73,0.41,32.65,348.97,-0.529,-0.103,0.842,-1.8,0.2,-0.44,0.28,1.3,0.2,-0.3,3.2,-1.7,-4.1,1.0,-1.1,-0.5,-2.8,-1.8,-1.2,1.8,-0.7,-1.0,-5.1,-3.1,-3.0,-2.6,-3.0,8.7,-5.3,0.5,1.1,-5.8,2.4,3.8,-6.3,-1.6,-14.4,5.0,-3.3,-3.8,-15.2,-6.6,-4.9,-6.9,-6.0,-2.7,-4.6,2.2,1.5,7.5,2.4,2.7,0.4,1.4,10.7,1.6,6.5,7.8,-3.4,-4.7,1.5,-2.9,-1.4,-0.7,2.0,-0.8,-2.5,0.0,0.8,0.3,-0.2,-1.2,2.5,0.9,0.4,0.4,0.5,2.5,-1.9,-1.1,-1.3,-3.5,-4.2,-1.4,-1.9,1.0,-3.0,-5.6,-4.4,6.3,0.8,2.1,3.5,-2.6,-2.1,-0.5,-1.9,-0.8,-4.5,-3.2,-6.4,0.7,-2.3,-3.6,-5.1,-3.6,-13.8,-1.7,-4.7,-4.3,-4.3,-3.9,-6.5,-9.2,-4.2,-7.2,-8.3,-4.7,-6.9,-2.2,-5.4,-6.7,-4.6,-6.4,-5.7,-4.5,5.6,-3.2,-3.9,-3.7,0.8,-2.0,-3.9,-4.3,-1.9,-2.4,-2.5,-5.6,-5.6,-4.9,-4.0,-5.4,-4.2,-7.5,-5.6,-3.6,-2.3,-5.6,-4.4,-1.4,2.8,-1.9,-3.4,-4.6,-3.2,-3.0,-2.6,-2.3,-2.2,-4.1,-4.0,-5.6,-2.8,-6.4,-4.8,-3.1,-6.1,-8.7,-2.2,-4.5,-1.3,-8.4,-10.9,-12.6,-12.8,-1.0,-8.3,-4.2,-7.4,-7.0,-6.5,-3.3,-23.1,-1.2,0.0,-8.6,-3.0,-3.6,-0.4,-9.7,-8.3,-10.5,-14.2,-11.4,-8.6,-8.2,-7.9,-2.6,-6.6,-10.2,-9.1,-8.7,-9.2,-10.2,-16.4,-12.4,-10.7,-11.5,-13.1,-6.5,-6.9,-6.7,-7.2,-5.9,-9.5,-8.1,-5.8,-6.9
2C7L51JyUI,0,48.109082,11.626955,4442205.59,2778614.84,536.4,582.1,298,7358,2.8,0.76,0.38,32.65,348.97,-0.53,-0.103,0.842,-0.7,0.1,-0.27,0.21,2.4,0.2,-0.3,0.6,0.5,0.5,-0.6,0.3,0.3,0.2,-0.4,-0.4,0.4,-0.2,2.9,0.5,0.9,-2.9,-4.2,-3.4,-4.2,-4.6,-5.9,-0.4,-4.9,-1.5,-3.2,-1.2,-1.5,-1.1,3.1,-1.0,-7.6,-9.9,-8.0,-5.6,-9.8,-6.5,-7.8,-4.1,-6.1,-4.5,-6.4,1.3,5.1,-2.3,-7.8,-2.4,0.7,-1.1,-2.4,-3.1,-4.7,-3.5,-0.8,-0.7,-1.3,0.4,-1.5,-1.1,-3.2,-3.2,-1.8,-4.8,-1.0,-0.3,0.2,5.7,2.4,-0.7,-3.6,-3.2,1.1,-0.3,1.4,-0.2,0.0,-1.3,-7.0,-2.8,-2.6,-4.6,-2.4,-1.5,0.4,-2.6,-3.3,-3.4,-8.8,-4.4,-4.6,-5.7,-6.7,-6.4,0.1,-1.8,-7.5,-4.8,0.3,1.7,-4.7,0.3,1.4,-2.1,-7.1,-7.4,0.2,-8.5,-1.1,2.0,0.3,2.9,1.0,-0.9,-0.5,1.2,-3.1,-0.1,1.4,-2.4,-3.7,-1.2,-2.9,-3.6,-2.0,-1.5,-1.9,-2.5,-3.6,1.3,-2.4,-2.4,-3.3,-5.8,-7.0,-7.5,-7.7,-9.0,-9.5,-6.4,-8.2,-6.5,0.6,0.5,-1.8,-3.8,-2.7,-0.2,0.2,-0.3,-1.8,-0.6,-1.7,-0.4,-2.5,-3.5,-3.6,-2.8,-0.1,-3.8,-2.1,-4.0,-0.8,-6.4,-6.9,-7.6,-11.7,-10.3,-3.4,-2.0,-8.4,-3.0,-4.3,-2.0,-9.6,-17.7,-4.3,-0.3,-1.2,-3.7,-2.5,-3.0,-3.3,-1.7,-1.2,0.1,-1.9,-1.6,-4.6,-1.3,-2.1,-8.1,-7.8,-9.3,-9.3,-9.0,-11.0,-9.7,-8.2,-9.3,-8.7,-0.6,-3.6,-3.2,-3.3,-5.1,-1.5,-0.7,-4.6,-6.0,-4.0
2C7L51JyUT,0,48.109159,11.627557,4442250.28,2778624.42,534.3,580.0,298,7369,3.0,0.75,0.42,32.66,348.97,-0.53,-0.103,0.842,-1.4,0.2,-0.65,0.23,2.1,0.2,-0.3,-1.3,-2.2,1.9,-0.4,-2.0,-3.4,0.3,1.9,0.6,1.7,-2.2,3.9,1.6,-8.9,-9.8,-2.3,-8.4,0.4,-1.3,0.3,-0.5,-0.1,-2.7,0.7,3.0,-1.5,-1.2,-3.6,2.1,-5.7,-9.8,-9.0,-5.0,-2.5,-3.2,0.9,-0.0,-0.2,-1.8,1.9,-1.9,1.9,2.2,3.1,0.6,-0.1,2.6,2.2,1.2,-0.7,-1.2,-0.0,-0.6,-0.9,-2.5,0.7,1.1,-0.3,-2.1,1.8,-0.1,0.5,-0.2,-0.9,5.4,2.2,0.1,1.3,1.3,1.6,1.3,0.3,0.2,-0.2,3.7,1.5,0.8,2.6,0.8,0.1,-5.8,-2.0,-3.0,-7.5,-8.7,1.5,1.1,4.5,3.9,-7.0,-7.0,-6.6,-14.1,-7.3,-9.4,-2.5,-2.7,-2.8,-4.7,-0.9,-1.5,-5.3,-2.7,-2.2,-4.1,-1.8,-2.7,-1.0,-0.7,-2.5,-1.9,-2.1,-4.3,-2.9,1.0,2.0,1.4,1.1,3.5,0.6,1.6,1.6,0.5,-1.0,0.2,0.5,-3.3,-3.9,-8.5,-11.5,-7.7,-2.0,-8.5,-2.0,-13.3,-4.7,-2.9,-1.1,-2.0,0.0,-2.4,-5.4,-9.2,-1.5,-0.0,-2.7,1.6,-1.5,0.9,2.1,-2.4,-0.2,0.4,-3.4,-3.5,-1.4,-0.9,-6.1,-7.7,3.0,-10.6,-2.9,-5.8,-6.3,-7.5,-8.6,-8.4,-5.7,-8.0,-8.7,-6.3,-9.7,-7.9,-9.6,-7.0,-7.4,-5.6,-4.8,-1.6,-5.8,-1.8,-5.4,-4.3,-5.6,-8.3,-5.9,-9.9,-8.2,-7.6,-7.7,-11.4,-6.0,-9.1,-12.6,-9.1,-4.0,-1.4,-8.1,-6.4,-10.2,-5.5,-7.4,-6.8,-7.5,-6.6,-2.7,-6.9,-6.0
2C7L51JyUw,0,48.109362,11.629135,4442367.28,2778649.52,532.2,577.9,298,7398,3.8,0.69,0.54,32.66,348.97,-0.53,-0.103,0.842,-1.8,0.2,-1.1,0.29,0.7,0.3,-0.3,3.6,2.8,4.5,-11.0,-14.7,-0.9,5.9,2.6,3.7,-0.4,4.6,5.2,-5.5,4.5,-3.7,-4.5,-7.8,-1.7,-5.0,-3.6,-0.7,2.5,0.1,-0.1,2.2,-0.9,-1.8,-13.3,-0.7,-3.8,-0.1,2.5,4.3,-11.1,3.9,-5.8,-1.4,6.7,8.1,3.8,2.5,-5.1,8.4,-0.2,8.7,1.5,7.8,3.2,4.9,6.5,3.9,3.8,-1.1,-0.2,0.0,0.3,-0.8,2.2,3.0,-1.3,-0.8,-0.7,-5.1,-3.7,8.9,-6.4,3.7,-5.4,2.3,3.2,4.9,2.2,1.7,4.1,3.4,-1.0,2.7,4.7,1.7,1.8,-0.1,-0.4,-0.0,-2.2,-0.1,0.1,0.8,4.1,1.3,-1.0,-1.0,-1.3,-7.6,-1.6,-3.6,-0.3,-1.9,-1.4,-1.3,-4.0,-2.4,-1.9,-2.2,-2.1,3.1,4.8,1.4,4.0,3.8,0.8,-1.4,-0.9,0.2,2.0,0.4,-8.8,-8.7,-1.6,-4.3,-5.4,-3.4,-2.5,-1.4,-2.0,-1.0,-1.3,-1.2,4.4,0.8,-3.0,-5.5,-2.2,-4.7,-4.4,-8.8,-6.5,0.2,-5.0,-5.8,-2.4,-10.8,-8.1,-0.6,-0.3,-0.2,-1.3,0.1,-1.9,1.3,1.5,-2.5,-1.1,-0.6,-1.8,-1.5,-3.8,-1.5,-2.0,-1.9,1.3,-5.2,0.3,-5.9,-5.3,-6.3,-6.3,-9.0,0.1,-0.6,-1.5,-3.7,-11.8,-9.0,-2.8,-12.0,-8.9,-6.3,-0.7,-8.8,-3.0,-1.2,-2.7,-2.5,-3.5,-3.8,-2.5,-7.9,-3.3,-6.5,-12.6,-4.6,-10.6,-8.9,-10.3,-5.9,-8.7,-11.6,-12.7,-9.2,-7.2,-7.6,-10.6,-9.6,-10.4,-8.2,-10.5,-8.3,-7.2
2C7L51JyUx,0,48.109393,11.629377,4442385.28,2778653.37,541.2,586.9,298,7399,3.1,0.81,0.35,32.66,348.97,-0.53,-0.103,0.842,-1.4,0.2,-0.31,0.24,0.4,0.2,-0.3,-0.2,0.3,2.0,1.0,0.7,-6.2,0.8,0.2,2.7,-3.8,1.4,-4.8,2.8,3.2,5.4,5.3,1.1,1.1,-9.0,6.7,5.0,4.8,7.1,0.8,-2.1,5.3,7.9,-5.7,2.1,-0.4,-13.9,-1.5,6.0,-0.7,2.9,4.1,-9.0,-10.0,-9.6,-10.8,-10.1,-2.9,1.9,5.7,3.0,3.1,-3.5,1.8,2.7,3.6,2.2,3.4,2.7,3.2,3.2,3.3,0.2,3.8,3.4,1.5,2.0,1.9,-1.6,0.8,-4.5,-3.0,0.9,-2.1,0.8,1.8,-1.8,1.1,-0.4,1.2,0.6,1.1,1.6,1.9,0.3,0.9,3.5,1.1,3.4,0.6,2.3,4.1,4.8,5.7,3.2,1.3,0.9,-1.1,-6.3,-0.3,-0.8,0.9,1.2,1.0,1.3,0.6,0.9,0.3,1.3,-0.8,-0.8,-0.6,1.0,-3.3,-0.9,0.1,-1.0,-1.5,-1.6,-1.8,-1.4,-3.3,-3.3,-1.8,-2.8,-3.9,-3.7,-4.3,-3.3,-1.8,-2.9,-2.3,-5.3,0.1,-4.6,-3.5,-2.4,-1.8,-3.7,-2.2,-3.3,-0.6,-2.3,-3.4,-0.6,-1.6,-3.4,-2.8,-3.1,-3.2,-1.1,-1.3,-1.8,-2.7,-1.9,-2.8,-2.8,-2.2,-1.5,-1.9,-0.1,-1.9,-1.3,-3.7,-4.4,-2.9,-3.1,-3.9,-1.6,-2.8,-6.9,0.4,-4.8,-0.7,-2.9,-0.8,-1.9,-3.7,-6.1,-5.9,-5.3,-4.9,-4.8,-4.0,-13.5,-4.1,-3.2,-2.4,-2.2,-3.3,-3.6,-3.7,-5.2,-4.9,-6.0,-7.1,-6.2,-4.4,-8.2,-7.7,-5.1,-5.6,-5.5,-4.7,-4.2,-2.5,-4.6,-5.4,-6.2,-5.1,-4.6,-5.5,-3.6,-4.8
2C7L51JyUz,0,48.10938,11.629278,4442377.91,2778651.81,530.6,576.3,298,7401,4.4,0.64,0.46,32.66,348.97,-0.53,-0.103,0.842,-0.2,0.2,-0.05,0.34,0.4,0.3,-0.3,10.8,-12.7,-13.2,-13.9,9.2,5.9,-2.3,2.5,5.7,4.0,5.6,5.8,0.4,-8.5,11.9,9.5,-13.6,-1.3,-7.8,-2.0,1.8,1.1,1.9,0.3,-3.4,-1.0,-3.5,1.8,-0.3,-2.8,-0.8,-3.1,-4.6,-0.6,-3.4,1.9,10.2,9.8,7.7,-2.9,-2.4,-1.1,1.3,-3.0,-3.5,-1.5,6.7,4.9,0.5,-12.8,8.5,1.7,2.6,7.6,-2.4,-2.2,-4.3,-5.9,-5.8,-8.2,-4.2,-5.5,-2.0,-0.9,-7.8,6.4,-2.5,-8.5,-5.9,-2.5,2.8,-0.9,-0.6,-6.1,-3.9,-2.6,-5.5,-1.0,1.6,0.0,0.0,-6.8,-5.1,-2.3,8.2,1.4,6.7,6.7,4.6,1.3,1.6,-2.1,-6.2,0.1,1.9,3.6,4.2,4.1,2.4,2.7,1.1,1.3,2.0,-0.1,2.9,-2.2,2.5,-3.2,-1.1,-2.2,-0.1,-1.1,-3.0,-0.1,-0.8,0.2,0.1,1.0,1.8,-0.7,-1.1,-0.9,2.3,-1.7,-2.3,-4.7,0.6,-1.3,-0.4,-0.1,-4.2,-0.8,-1.9,-1.5,-3.3,-2.1,-9.2,1.2,2.0,-0.9,2.7,-2.1,-6.2,1.9,0.5,0.3,3.5,-1.3,0.9,0.4,1.8,0.5,3.0,1.0,-1.0,1.8,1.4,-0.4,-3.3,3.4,-3.3,-7.3,-0.8,-0.4,-5.6,0.7,-0.8,0.3,-1.2,-0.7,-1.7,8.5,-6.3,-3.1,0.3,-0.7,0.3,0.6,-3.4,1.0,5.2,1.2,-0.4,0.3,2.7,0.1,-1.8,-0.9,-4.7,3.1,-4.8,-5.0,-4.3,-6.8,-10.5,-1.1,-1.0,3.5,6.4,0.1,-3.1,-1.6,-3.3,-4.2,-5.6,3.5,1.6,1.9
2C7L51JyVn,0,48.109741,11.632084,4442586.05,2778696.45,529.2,574.9,298,7451,1.4,0.94,0.26,32.68,348.97,-0.53,-0.103,0.842,-0.6,0.1,-0.03,0.11,0.7,0.1,-0.3,-0.9,-1.9,-0.9,-1.1,-1.3,-0.7,0.5,-1.6,-0.5,1.1,-0.7,-1.0,-0.3,0.1,0.5,0.0,0.6,-0.4,0.2,-1.1,0.5,-1.1,0.3,0.4,2.6,2.4,3.1,1.2,0.1,-0.8,-4.0,-2.7,-1.4,1.1,-0.5,0.5,3.4,3.2,3.3,1.8,2.2,0.2,0.9,-0.6,0.0,-0.0,0.7,0.2,-0.1,0.7,1.1,1.7,1.4,1.4,1.0,-0.1,-1.0,-1.3,-0.0,-0.7,-0.6,-1.6,-0.0,-1.9,-1.7,-0.9,-0.5,0.0,-1.6,-1.7,-3.1,-0.9,-1.5,-0.7,-1.2,-0.4,0.2,-0.1,-1.0,0.2,-0.5,-1.1,-3.5,-2.2,-4.4,2.3,-1.7,2.8,0.7,-1.1,-0.6,0.5,-3.5,0.2,-2.6,-1.9,1.3,0.8,1.1,0.7,0.8,0.4,0.7,1.2,0.2,-0.0,-1.0,0.3,-1.6,-0.6,-1.5,-2.1,-0.6,-2.7,-1.8,-2.4,-1.2,-2.3,-1.3,-5.5,-1.5,-3.1,-3.4,-2.5,-1.9,-0.0,0.1,0.2,0.3,-0.5,-0.3,-1.1,-0.3,-2.0,-4.0,-1.7,-1.3,-0.2,2.1,0.8,1.1,-3.3,1.4,2.5,-1.9,-2.4,1.6,-2.1,-1.2,-2.1,-1.5,-1.9,-1.1,-4.3,-1.8,-0.6,-0.1,0.5,-0.5,-0.3,-1.6,-5.7,-2.3,-3.6,-3.7,-0.4,-0.2,1.6,0.2,0.8,-0.3,-2.7,-3.2,-2.4,-2.0,-2.2,-3.0,-2.6,-2.9,-3.7,-2.8,-2.1,-2.3,-1.8,-1.3,-0.8,-1.8,-0.8,-0.4,-2.3,-2.5,-0.8,-2.4,-2.7,-2.2,-1.4,-2.0,-4.0,-2.6,-2.4,-2.4,-2.3,-3.2,-3.1,-4.2,-3.1,-2.7,-2.5
2C7L51JyVo,0,48.109747,11.632134,4442589.78,2778697.25,528.9,574.6,298,7452,2.1,0.9,0.32,32.68,348.97,-0.53,-0.103,0.842,-0.6,0.1,-0.48,0.16,0.2,0.1,-0.3,0.6,-1.7,1.2,-1.2,-0.8,-0.5,1.7,-0.8,0.3,-0.4,-0.5,-1.5,0.2,0.3,0.3,1.1,0.3,-1.2,0.5,0.8,0.1,-0.7,0.6,0.3,2.7,2.6,2.7,0.6,-2.4,-2.4,-4.7,-2.6,-1.7,1.3,-0.9,0.7,2.5,1.8,3.6,0.5,1.8,0.7,-0.1,-1.8,-0.8,1.1,-1.0,-1.2,0.7,-0.9,0.8,-0.3,0.8,0.1,-0.1,1.7,0.2,0.9,0.7,1.0,1.9,0.4,1.8,0.9,-2.6,-0.6,0.6,-0.3,-0.6,0.0,-2.0,0.2,0.7,0.4,1.8,1.0,1.5,0.4,-0.2,0.6,0.5,-2.3,-2.1,-3.1,-2.3,0.4,0.2,3.3,0.1,-2.1,-1.3,1.0,-2.6,-0.9,-5.0,-2.9,2.1,-1.2,-1.3,-0.2,1.3,3.1,1.1,1.4,1.0,-1.1,-1.0,-1.8,-1.9,-1.0,-1.3,-1.2,-0.9,-1.3,-1.4,0.6,-1.0,1.4,3.1,-3.1,0.9,-1.3,-2.1,0.7,0.7,0.6,0.8,-0.2,0.5,0.9,-1.5,-0.7,0.9,-2.2,-6.5,-2.1,-2.6,-1.2,0.9,3.4,0.2,-1.1,0.2,0.9,-0.9,0.6,1.7,-0.5,0.4,1.3,-0.4,1.5,2.3,-0.0,1.8,1.3,1.1,0.8,0.8,0.7,-0.7,-5.3,-4.1,-4.1,-3.3,-0.9,-1.5,1.2,0.9,2.5,1.5,-1.1,-3.3,-8.5,-2.6,-3.6,-8.6,-5.2,-3.5,-6.7,-7.9,-5.8,0.4,2.4,-1.9,-7.1,7.7,-1.6,-1.0,-4.9,-5.0,-2.1,-4.4,-3.7,-3.3,-1.7,-1.6,-5.2,-2.5,-2.5,-2.1,-3.0,-5.1,-4.6,-4.7,-2.6,-2.0,-1.2
2C7L51JyTH,0,48.108634,11.623325,4441936.33,2778559.16,534.1,579.8,298,7295,3.3,0.75,0.46,32.61,348.93,-0.529,-0.103,0.842,-0.5,0.2,-1.0,0.25,0.3,0.2,-0.3,-2.5,-1.3,1.4,-1.3,-1.2,-1.4,-0.5,2.8,-0.3,-2.6,3.1,-0.9,2.8,4.9,5.3,2.3,0.5,0.1,-0.5,3.5,-0.7,2.1,-5.5,0.3,3.0,4.4,4.7,-0.3,-4.1,-5.1,4.0,-6.8,-6.6,-6.9,-3.5,0.1,4.4,1.6,4.0,4.7,-3.2,3.2,8.6,6.4,-0.6,-2.9,2.4,3.4,-2.8,1.4,-0.3,-0.6,1.6,3.9,1.5,5.2,1.8,3.4,9.3,-1.5,6.1,-0.1,-4.4,4.5,-7.3,2.8,-0.4,-8.5,0.9,2.4,0.3,2.5,-1.3,-0.4,0.2,-0.9,1.7,-0.5,2.8,-0.0,1.3,1.1,3.4,1.3,2.3,2.6,2.1,1.4,0.6,3.3,1.8,3.1,1.7,3.8,6.2,0.0,-14.2,6.5,5.1,3.0,0.0,-3.2,-3.9,3.7,-1.0,-0.2,3.6,2.3,8.6,0.3,1.3,5.5,2.3,4.6,6.2,1.2,7.5,5.6,4.3,2.8,0.1,4.3,-1.1,1.6,2.3,4.5,2.1,1.5,0.9,1.1,1.5,-0.7,-1.8,1.1,-1.3,-0.3,1.9,1.4,-0.1,3.3,0.1,-4.0,2.6,-2.9,-2.7,3.6,0.1,-0.4,-1.9,2.4,8.4,0.1,-2.7,-2.0,-0.1,2.3,0.3,2.1,-2.9,2.4,4.0,0.9,2.7,4.3,0.8,2.7,-0.3,-1.2,3.7,-0.5,1.6,-1.4,0.2,-1.5,1.4,2.9,3.0,-2.7,-10.3,-4.0,-2.4,-0.5,-5.4,-4.6,-4.8,-0.3,-1.1,1.8,-5.2,2.8,-2.0,-1.6,-2.4,2.9,-2.7,-1.1,-9.2,-1.7,0.3,1.8,0.8,1.9,-2.9,-10.1,-7.5,-5.6,-0.1,0.4
2C7L51JyTU,0,48.108736,11.624119,4441995.18,2778571.78,538.5,584.2,298,7308,2.7,0.82,0.42,32.64,348.97,-0.529,-0.103,0.842,-1.0,0.1,0.15,0.21,1.7,0.2,-0.3,-3.4,-1.6,-4.0,-1.6,-2.2,5.1,-2.0,-3.2,-1.4,8.8,0.9,-3.0,-1.4,-5.0,0.2,0.2,-2.0,-0.3,-3.0,-2.3,-3.1,-4.5,-2.1,-2.1,-1.5,0.1,-2.4,-5.4,-7.6,-8.1,-10.7,-6.5,-20.0,-8.0,-5.5,-3.8,-1.7,-3.5,-0.9,-1.5,-3.8,-3.7,-2.8,-2.4,-5.1,-2.9,-0.7,-5.0,-2.7,-2.5,-1.2,-4.6,-3.6,-1.6,-2.0,-2.3,0.7,-3.6,-4.1,-3.8,-4.1,-1.7,1.0,-4.1,-1.0,0.7,-5.9,-1.7,-3.7,-4.6,-10.8,-3.5,-1.2,-3.5,-4.0,-2.7,1.1,-3.3,-6.5,-5.0,-5.4,-3.7,-4.3,-4.6,-7.8,-10.1,-8.2,-2.3,-9.5,-0.7,-9.3,2.9,-8.6,-10.1,0.5,-8.0,-10.9,-8.0,1.1,-3.4,-7.4,-6.9,-8.4,-5.6,-8.0,-5.1,-4.4,-4.3,3.4,-6.6,-5.0,-5.3,-0.4,-6.4,-2.4,-0.8,-4.5,-4.6,-4.1,-6.7,-7.0,-6.3,-4.6,-6.4,-5.2,-6.5,-3.5,-4.4,-5.8,-8.1,-5.9,-6.6,-7.4,-2.8,-6.8,-8.1,-6.3,-8.4,-3.4,-2.7,-0.2,-1.4,-5.3,-3.6,-4.9,-5.4,-6.6,-3.1,-3.1,-3.4,-3.7,-4.0,-5.3,-5.4,-4.6,-4.3,-5.6,-7.9,-8.1,-8.2,-7.5,-7.8,-8.4,-5.2,-7.3,-1.9,-8.0,-5.6,-3.8,-3.9,-5.7,-8.3,-5.4,-8.7,-7.9,-1.4,-5.3,-3.0,-7.2,-4.8,-4.7,-5.9,-6.1,-4.5,-5.7,-7.1,-7.2,-7.1,-11.0,-9.6,-10.8,-9.8,-11.0,-10.3,-11.9,-8.9,-8.4,-8.1,-7.3,-7.3,-7.6,-7.1,-8.1,-7.3,-5.1,-4.5,-3.7,-5.2
2C7L51JyTV,0,48.108731,11.624077,4441992.08,2778571.12,533.7,579.4,298,7309,4.1,0.65,0.56,32.64,348.97,-0.529,-0.103,0.842,-0.3,0.2,0.95,0.31,1.3,0.3,-0.3,-7.1,-6.0,-6.5,-4.1,-0.3,-0.5,6.4,-3.9,-3.4,-13.7,3.9,-3.0,10.0,-3.6,3.5,-0.2,3.0,6.6,1.2,6.3,7.4,0.1,-1.1,1.3,0.9,0.3,-2.4,-5.8,-8.2,-8.3,-0.7,-4.8,-14.9,-3.8,-3.5,-7.6,-11.4,-13.4,-7.2,-11.1,-0.5,-1.4,0.5,-2.3,-6.7,-7.8,-4.3,-11.4,-5.7,-6.7,-1.4,-6.2,-4.6,-5.7,-6.5,-5.9,-6.6,-6.7,-7.6,-7.4,-7.6,-4.9,-12.5,-5.9,-2.2,-7.6,-8.5,-2.1,-3.2,-6.2,-8.9,-8.0,-7.7,-5.7,-6.3,-5.7,-10.9,-6.1,-10.3,-9.6,-8.5,-0.3,-14.7,-8.3,-9.5,-4.6,-5.7,-5.0,-8.9,-5.7,-7.1,-8.1,-6.2,-7.9,-18.7,-5.4,-5.9,-3.2,-1.0,-5.3,-3.5,-3.8,-6.3,-5.7,-6.6,-5.9,-4.8,-4.7,-0.8,-6.8,-3.4,-2.2,-1.4,-5.2,-4.2,-7.8,-6.7,-4.3,-4.9,-6.1,-5.7,-5.6,-5.8,-6.2,-5.0,-5.9,-6.9,-4.0,-6.0,-7.0,-5.7,-5.1,-5.1,-7.0,-5.8,-6.8,-2.8,-4.5,-2.7,-1.3,1.7,1.4,0.5,-0.4,-5.9,1.2,-2.3,-5.2,-1.2,0.4,0.9,-1.9,-2.8,-5.3,-9.9,-12.8,-6.7,-11.9,-6.8,-9.3,-1.0,-7.0,-9.5,-14.6,-8.1,-5.0,-7.3,-6.8,-5.8,-8.7,-2.3,-7.4,-16.8,-12.6,-7.9,3.9,-0.3,-2.4,-1.5,-4.0,-2.2,1.4,-1.5,-8.0,-6.5,-4.5,-3.5,-4.6,-7.8,-8.9,-7.1,-8.8,-7.4,-6.3,-10.5,-6.9,-8.7,-9.4,-7.5,-8.4,-2.6,-5.2,-4.7,-5.9,4.9,1.8,4.4,-3.9
2C7L51JyUn,0,48.109353,11.628922,4442351.44,2778648.17,546.4,592.1,298,7389,3.7,0.73,0.48,32.66,348.97,-0.53,-0.103,0.842,-0.7,0.2,-0.17,0.28,0.8,0.2,-0.3,-1.3,-0.1,-0.7,-0.6,2.7,1.9,0.2,2.3,0.1,-10.1,-0.9,0.5,2.0,2.7,2.4,8.3,-2.5,-0.7,-3.1,-2.8,-2.4,-3.8,-3.7,0.9,0.0,11.9,-1.8,1.9,-4.7,8.4,-2.8,9.0,-5.1,-2.4,-4.1,-9.0,-1.7,-0.8,-4.2,-1.9,-2.3,-1.4,1.2,-15.1,-0.2,-2.7,-2.6,-0.5,-2.0,2.0,-2.9,1.7,0.9,1.3,0.1,2.2,-0.9,3.7,-0.5,2.5,-3.9,3.6,1.6,-1.2,-0.7,1.1,-1.1,0.3,1.2,-0.1,1.9,-0.1,-1.7,-0.4,5.3,-8.4,-2.0,0.6,-2.2,-4.4,-3.3,-2.2,-4.1,-4.2,-2.6,-0.2,-8.3,-0.5,-6.3,-6.8,-3.5,-6.0,-4.6,8.6,-5.0,0.1,-1.4,0.3,1.3,2.7,1.3,-0.8,-1.8,-2.4,-0.8,0.5,1.5,-0.8,0.2,-0.5,2.9,-1.9,1.9,-1.1,-1.2,-1.7,-6.4,-1.1,-2.7,-3.4,3.0,-2.9,-1.6,0.8,9.5,1.9,-3.7,-2.6,-0.1,0.9,-1.7,5.5,-0.4,-5.6,-4.8,-2.1,-5.2,-3.5,-0.0,-4.5,-1.0,-0.7,1.3,0.1,-0.6,-3.7,-6.1,-0.2,-3.6,5.8,-12.6,-0.3,4.4,0.1,7.2,-4.6,-0.0,-4.4,-2.0,-3.9,-5.9,-3.4,-5.2,-8.8,-6.5,-4.8,-0.7,-8.2,-4.3,-6.7,9.1,-0.0,-3.5,-5.1,-1.8,-13.5,-4.3,-0.9,-11.3,-5.5,-2.5,-1.4,-0.5,-2.1,-1.1,-0.7,-4.3,-2.7,-3.0,-5.6,-4.7,5.2,1.9,-6.1,-3.4,-7.0,-1.5,-2.4,-4.7,-0.9,-4.0,-3.3,-2.1,-1.8,-7.4,-3.8,-4.2,-4.6
2C7L51JyUo,0,48.10935,11.628896,4442349.52,2778647.77,542.4,588.1,298,7390,2.4,0.87,0.32,32.66,348.97,-0.53,-0.103,0.842,-0.6,0.1,-0.14,0.19,1.3,0.2,-0.3,-0.3,0.3,-0.1,1.7,0.5,2.5,0.7,2.3,0.5,-11.7,-0.5,4.7,1.1,-2.5,-0.6,-2.5,-4.1,-1.9,-2.7,-5.3,-5.8,-4.8,-4.4,-1.3,-0.4,-0.9,-3.1,1.4,-4.2,-6.6,-3.7,-8.0,-4.2,-6.1,-3.7,-3.6,-0.8,-1.4,-0.1,-3.3,-1.5,-1.7,-0.4,-3.4,0.9,-2.4,-3.4,-2.9,-2.5,-3.7,-3.1,-0.7,-1.6,-1.2,-1.9,-1.5,-1.8,1.6,-2.1,1.0,-1.7,-1.5,-2.7,-2.8,-0.9,-1.3,-4.0,-3.9,-3.2,-2.2,-0.1,-3.4,-2.2,-2.2,-0.9,-6.3,-1.0,-1.8,-4.0,-2.6,-5.9,-2.9,-6.3,-3.8,-3.7,-3.8,-2.1,-2.0,-4.5,-4.7,-3.2,-6.9,-6.6,-5.1,-4.7,-2.6,-3.4,-2.3,-0.6,-1.7,-2.3,-4.3,-2.6,-3.3,-0.5,-1.7,-2.0,-2.6,-1.1,-1.7,-2.3,-3.0,-2.3,-2.6,-2.0,-3.1,-8.2,-1.4,1.0,-2.0,-5.2,-3.5,-0.1,-0.4,-6.0,-3.4,-1.9,-2.6,-2.3,-4.3,-3.5,-3.7,-3.4,-3.3,-6.3,-3.7,-4.4,-3.6,-0.3,-0.8,-0.6,-5.2,-5.3,-3.4,-2.3,-4.4,-7.1,0.3,-1.8,0.3,7.5,1.2,-1.2,-3.4,1.4,-2.8,-0.6,-5.3,-1.2,-4.3,-6.1,-5.7,-6.3,-7.2,-7.7,-2.6,-2.8,-4.6,-4.7,-3.7,-3.4,-7.6,-5.5,-5.8,-2.9,-15.2,-1.9,-4.5,11.7,-5.3,-4.1,-3.6,-2.6,-3.6,-3.6,-3.4,-6.5,-3.7,-5.2,-5.0,-4.5,-6.5,-6.9,-8.1,-5.9,-6.0,-6.3,-5.8,-6.0,-4.3,-5.0,-4.8,-6.2,-4.6,-6.0,-1.7,-4.6,-3.7
2C7L51JyUp,0,48.109345,11.628859,4442346.83,2778647.2,537.8,583.5,298,7391,3.4,0.76,0.47,32.66,348.97,-0.53,-0.103,0.842,-1.2,0.2,0.72,0.26,1.2,0.2,-0.3,0.6,1.8,-1.2,0.4,-0.6,-0.1,-1.8,0.4,0.4,1.2,0.1,2.6,2.6,-5.1,-2.9,-3.4,-5.6,-4.6,-5.7,-6.7,-9.0,-6.3,-3.7,-3.4,-3.1,-4.1,-7.1,8.3,-6.1,-8.5,-6.8,-10.2,-7.9,-10.9,-7.0,-7.8,-3.4,-4.4,-3.8,-5.8,-2.6,-2.8,-4.0,-6.2,-4.0,-5.8,-3.3,-4.7,-4.7,-6.1,-6.8,-3.0,-4.0,-3.9,-4.2,-6.2,-1.7,-2.2,-3.5,-0.7,-1.4,-5.8,-4.8,-5.7,-15.5,-15.5,-7.3,-7.8,-2.9,2.5,-4.9,-5.6,-16.8,-5.8,-9.3,-9.8,-5.4,-7.3,-8.1,-4.2,-10.2,-7.0,-10.8,-8.6,-5.7,-7.3,-5.6,-5.8,-9.4,-7.2,-8.1,-11.7,-8.9,-8.7,-7.7,-6.4,-6.3,-6.9,-3.2,-5.5,-4.1,-5.9,-4.7,-6.3,-3.9,-5.2,-5.7,-6.0,-5.1,-5.2,-6.4,-6.9,-7.1,-4.8,-5.2,-0.5,-18.3,0.2,-13.8,-5.5,-5.0,-6.0,-3.2,-8.2,-7.1,-5.9,-6.8,-5.9,-9.3,-10.3,-9.2,-7.4,-7.2,-6.4,-11.1,-8.0,-9.4,-8.1,-4.8,-7.2,-5.1,-8.0,-10.0,-7.9,-4.6,-2.1,-9.0,-18.7,-7.9,-12.9,7.4,-6.3,-8.8,-9.5,-4.5,-5.8,-5.3,-10.3,-5.7,-8.9,-9.5,-9.5,-8.5,-13.1,-12.7,-5.8,-7.5,-7.4,-8.3,-9.1,-9.8,-11.4,-12.7,-9.3,-4.2,4.6,-4.9,-9.6,-20.1,-8.0,-7.9,-5.2,-7.1,-7.6,-8.6,-9.1,-6.6,-8.8,-7.2,-8.7,-5.2,-11.0,-12.0,-13.0,-9.1,-9.2,-11.2,-11.8,-8.1,-7.9,-10.8,-9.9,-10.1,-8.9,-7.8,-7.3,-9.9,-7.7
2C7L51JyVl,0,48.109774,11.632199,4442594.59,2778700.34,540.6,586.3,298,7449,3.3,0.79,0.34,32.68,348.97,-0.53,-0.103,0.842,-0.3,0.2,0.24,0.25,0.1,0.2,-0.3,-1.1,-0.9,2.0,-4.3,-1.8,-0.3,0.8,2.1,-0.9,0.6,-0.1,1.1,1.2,0.0,0.5,1.7,1.4,1.3,-1.3,-0.0,-0.8,-1.9,-0.1,0.8,2.4,7.1,-2.4,1.4,-2.8,-0.8,-6.0,-3.4,-4.4,-2.0,-6.2,-1.1,3.0,3.8,-0.2,2.2,-0.4,0.1,2.0,-2.8,2.0,-1.7,1.2,1.7,-2.1,0.9,-2.7,-0.2,-1.5,-1.2,-0.5,-2.6,-0.3,-3.1,-0.9,-1.0,-3.3,-0.8,-5.4,-2.6,-0.5,1.2,-2.1,2.7,-0.8,-1.3,0.3,-1.9,0.4,-0.4,-2.4,0.4,-0.0,-1.6,-1.7,-4.8,-4.2,-1.7,-1.4,-0.3,-2.9,1.2,-2.7,-1.1,-1.7,-3.8,1.4,-3.4,-3.3,-1.8,-5.4,-4.0,-2.3,-0.6,-2.2,-1.5,-1.5,-3.1,-0.0,-1.3,0.0,0.4,-1.5,1.0,-1.4,0.7,0.4,-1.6,1.9,-1.6,0.5,0.4,-0.8,-3.0,-0.8,-3.3,-1.3,-1.8,-0.8,-2.5,-1.1,1.4,0.9,-0.1,-0.4,-0.1,0.5,-2.7,0.2,-0.3,-3.3,0.1,-2.6,-2.6,0.9,-2.6,2.5,-2.0,-2.1,-3.0,1.5,0.1,0.1,-1.3,-2.8,-5.2,-2.1,2.7,-1.9,-1.4,-2.0,-0.5,1.2,0.1,-1.1,-1.1,-2.7,-6.3,-5.4,-6.3,-5.0,-1.0,-2.0,1.6,-1.0,-1.7,-0.8,-2.1,-3.0,-7.6,3.2,-6.9,-1.8,-2.9,-4.9,2.8,-3.0,-0.8,-2.8,-4.5,-7.1,-3.1,-3.5,-2.7,2.9,4.9,6.1,1.8,6.5,-15.4,-2.8,-0.7,4.9,-8.8,6.3,-11.2,-4.6,10.4,10.5,-14.7,4.4,-10.0,-12.1,8.3
2C7L51KFWG,0,48.108634,11.62318,4441925.51,2778558.91,535.6,581.3,299,7292,4.5,0.64,0.49,32.61,348.93,-0.529,-0.103,0.842,-1.1,0.2,-0.8,0.35,1.8,0.3,-0.3,2.5,0.1,0.0,-1.4,-0.5,8.3,0.5,2.3,4.0,4.7,2.7,8.3,2.6,2.2,2.9,3.8,1.5,-5.3,-6.3,-7.2,1.5,0.2,-4.8,-0.8,-1.2,-0.8,0.0,1.0,-1.1,0.4,-5.4,-13.3,-5.4,-5.9,-7.0,-4.9,-12.2,-18.3,-16.0,5.6,-12.5,7.8,0.2,-6.1,-7.3,8.3,-2.6,4.8,0.9,4.5,5.1,1.6,-0.5,3.2,1.2,2.1,3.3,2.3,5.3,4.2,3.4,-1.0,-5.7,0.4,-11.8,6.1,7.3,-1.0,-0.5,6.9,-15.2,6.9,-0.1,1.5,5.3,3.6,2.4,-0.7,6.4,1.9,6.9,-1.3,0.9,-8.9,0.4,-0.8,-0.6,0.3,-0.1,-0.3,-13.1,0.6,-1.1,0.6,1.9,4.0,0.6,1.2,1.2,0.2,3.0,3.8,5.7,0.8,1.1,2.2,0.6,2.0,0.7,1.5,-1.5,-0.6,1.9,2.0,0.1,7.1,5.0,3.1,3.4,1.8,-5.0,3.8,6.2,-1.1,-1.0,0.1,1.7,-1.2,1.2,-1.4,-2.8,-3.7,-8.0,-4.0,-8.1,-10.6,-5.1,-3.3,-5.0,-1.0,-5.1,-5.1,-4.0,-1.8,0.7,0.2,-5.1,0.1,-0.2,-1.9,-2.2,-1.0,-1.6,-1.7,-2.6,-2.2,-0.8,-1.0,-1.6,1.0,-2.5,-5.8,-3.2,-4.2,-7.2,1.4,-3.7,-6.3,-1.3,0.5,-1.7,-2.8,-1.8,-5.9,-3.8,-9.8,-7.5,-7.9,-17.1,-3.8,-9.3,-8.2,-2.2,-1.7,-3.3,0.4,2.3,-4.2,-11.5,0.2,-3.8,-5.1,-3.5,-6.2,-8.2,-5.7,-7.2,-4.7,-4.5,-3.4,-5.0,-2.1,-3.8,1.6,0.7,-0.5,-3.1,-19.6
2C7L51KFWl,0,48.108881,11.625099,4442067.84,2778589.41,545.1,590.8,299,7323,3.8,0.73,0.48,32.64,348.97,-0.529,-0.103,0.842,-0.9,0.2,0.76,0.29,0.4,0.2,-0.3,-0.9,-2.5,-2.0,-1.0,-0.7,3.2,1.0,-0.5,-0.4,-9.4,-2.8,3.5,-0.1,0.0,-2.0,-1.5,1.4,0.8,-1.2,0.4,1.0,1.8,-0.3,2.3,1.5,-1.1,-0.6,4.4,-9.1,-4.3,0.5,-4.9,-0.0,-3.6,-0.8,-1.2,4.2,-17.2,3.4,4.9,2.8,-2.0,5.8,-1.1,2.1,0.1,-3.4,0.2,-2.2,-2.4,1.6,-1.4,-3.2,-2.4,-3.2,-3.5,-0.1,-3.1,0.8,-2.3,-4.5,-2.3,-4.4,-3.4,-1.4,0.7,-4.6,-1.6,-3.3,-3.3,-3.5,-2.9,-5.7,-2.1,-3.4,-2.6,1.1,-0.5,-0.8,-3.0,-3.1,-0.5,-3.9,-1.5,-6.1,1.6,-3.8,-0.2,-2.0,-3.3,-3.3,-6.2,-5.2,-6.1,-5.8,-2.6,-8.1,-1.4,-2.1,-1.6,-1.6,-3.6,-2.0,-4.1,-2.3,-3.4,-6.7,-3.8,-4.7,-0.8,0.1,-2.5,-3.2,-4.4,-2.7,-3.6,-2.5,-5.5,-4.0,-2.6,-4.7,-4.5,-3.8,-6.0,-1.3,-0.9,-3.3,-3.2,-3.2,-2.9,-2.4,-9.1,-4.6,-5.3,-5.6,-5.2,-1.2,-6.9,-3.4,-3.8,-1.2,-8.0,-1.5,-5.1,1.4,-1.3,-6.1,-3.8,-4.5,-8.3,3.3,-4.4,-8.2,-7.1,-5.4,-3.3,-11.7,-2.1,-2.5,-0.0,-0.8,-6.9,-7.9,-6.2,-2.5,4.0,-7.8,-8.2,1.5,-4.0,-4.7,-7.5,-16.8,-7.0,-0.3,-1.6,-2.5,-2.5,-6.5,-8.6,-8.3,-5.5,-2.7,-9.8,-2.4,-0.3,-3.2,-0.8,-9.0,-6.9,-18.2,5.5,-11.8,-13.4,-21.1,-2.2,-2.5,0.1,1.8,-6.9,1.1,-2.7,-4.2,4.9,3.3,5.1,0.6,-13.8
2C7L51KFWz,0,48.108953,11.625659,4442109.39,2778598.35,532.0,577.7,299,7337,3.5,0.71,0.44,32.65,348.97,-0.53,-0.103,0.842,-0.4,0.2,-0.65,0.27,1.8,0.2,-0.3,4.7,-0.0,-3.8,-1.2,-3.9,-0.5,-1.4,-2.6,-1.7,4.5,0.1,4.5,-0.5,-1.2,0.6,11.8,15.8,3.0,-1.9,1.3,-1.3,-1.2,2.1,0.8,4.0,5.3,3.8,1.2,2.1,2.1,14.0,6.7,-2.0,4.0,-2.6,3.7,4.1,5.1,3.4,3.3,2.9,4.4,1.8,6.4,-0.2,0.3,1.1,1.7,5.0,5.1,0.4,1.4,3.9,6.0,3.9,3.4,2.8,3.0,2.6,3.3,2.7,3.6,4.6,1.6,-7.2,-0.6,2.6,-1.4,3.6,6.6,8.5,3.5,5.2,2.3,-2.7,7.3,1.9,6.9,5.4,7.8,1.6,1.8,2.6,0.5,3.1,9.2,3.8,10.1,9.6,7.3,7.8,3.6,-2.1,3.2,3.3,4.6,3.5,4.3,6.2,5.8,4.4,8.8,3.5,5.3,7.3,2.9,4.9,3.8,4.3,1.2,0.7,4.4,3.8,2.6,4.8,3.3,-4.2,2.1,-0.1,0.2,-2.7,1.3,3.2,0.6,5.0,4.9,5.4,2.2,0.6,1.5,0.4,1.8,4.7,5.7,5.2,4.2,4.6,6.7,5.9,8.8,6.0,1.1,4.7,2.8,5.6,2.3,1.6,3.1,4.1,-4.3,-4.0,-2.6,0.5,-0.1,1.4,1.0,-12.3,2.7,2.2,-0.7,7.4,0.3,3.1,5.7,0.1,10.8,3.7,6.9,6.6,9.3,2.0,2.3,-2.7,-0.6,12.3,3.6,-7.2,-3.8,3.4,-7.4,-1.8,6.5,-1.8,2.6,3.1,-0.1,-7.1,0.7,-1.3,0.8,6.8,0.2,-2.6,-2.1,5.0,3.4,1.2,-3.0,4.5,1.6,4.3,11.7,2.1,-0.3,-4.2,2.5,-3.1,1.5
2C7L51KFYr,0,48.109801,11.632268,4442599.63,2778703.5,533.1,578.8,299,7453,2.2,0.85,0.34,32.68,348.97,-0.53,-0.103,0.842,-0.2,0.1,0.96,0.18,0.9,0.1,-0.3,0.9,-2.6,1.9,-3.3,0.2,-0.9,3.4,1.6,1.1,0.1,0.4,-1.7,1.0,1.7,0.2,2.4,-1.9,-0.7,-1.4,-1.3,0.3,-0.4,-0.5,1.3,2.4,1.7,2.9,1.0,-2.6,-2.9,-5.9,-6.8,-2.6,0.2,-2.9,-1.1,0.7,1.8,-2.0,-1.1,0.0,-0.9,-0.7,-2.5,-1.7,-0.2,-0.3,0.3,-1.3,0.3,-0.7,-0.4,-0.1,-1.0,-0.6,-0.4,1.4,-0.1,-0.3,0.0,0.1,0.7,-1.6,-0.7,-2.2,-0.0,-0.7,0.6,-1.2,0.2,-0.3,-0.1,-0.1,0.0,1.1,-0.4,0.1,-0.2,-1.4,-3.1,-2.1,-2.6,-2.7,-2.2,-3.8,-3.0,-1.7,-1.4,-1.0,-4.4,-3.3,-3.2,-3.4,-3.7,-9.1,-6.2,-1.2,-3.5,-1.8,-2.0,-2.5,-3.9,-1.3,-1.6,-0.5,-2.8,-2.8,-0.8,-3.3,-1.3,-2.0,-0.3,-0.1,-2.1,0.5,0.0,-1.1,0.9,2.6,1.4,0.2,-2.2,0.8,-1.4,-1.1,-0.6,-0.7,0.2,-0.5,-0.7,-2.6,-2.3,-0.6,-2.0,-6.3,-3.6,-3.4,-3.4,1.2,-0.8,-1.8,-2.6,-2.8,-3.9,-0.6,-0.6,1.6,-1.7,-0.5,0.7,-1.3,-1.3,-1.3,-1.6,-1.8,0.4,-0.4,-1.9,-2.0,-1.3,-3.7,-6.8,-7.1,-7.5,-5.6,-3.4,-4.0,-1.9,-2.4,-0.3,-0.9,-4.2,-3.4,-6.2,-3.6,-5.1,-8.9,-6.7,2.9,-6.8,-7.9,-7.8,-1.6,-1.4,-5.4,-5.7,-4.0,0.7,-4.8,-2.2,4.7,0.6,-3.5,-2.1,-4.5,4.4,1.5,3.6,3.6,3.1,6.6,3.1,0.9,5.1,3.9,3.4,2.0,2.0
2C7L51KFYs,0,48.109793,11.632205,4442594.96,2778702.51,527.3,573.0,299,7454,3.2,0.74,0.39,32.68,348.97,-0.53,-0.103,0.842,0.6,0.2,1.34,0.25,0.6,0.2,-0.3,-1.2,-3.3,0.9,-2.9,1.3,1.1,-0.4,1.1,0.4,2.2,2.0,1.5,2.4,1.3,2.0,4.5,1.8,1.0,1.3,-2.5,-0.1,1.0,-1.7,1.1,2.9,5.0,3.4,2.0,-3.6,-3.5,-5.1,-7.1,-7.9,-6.8,-1.2,-7.7,9.3,10.9,-4.8,9.2,0.0,-7.5,3.8,-7.1,2.2,-6.7,6.1,5.5,0.3,5.2,0.9,1.0,0.8,-0.5,-0.1,1.2,3.3,3.4,2.2,1.6,-1.0,-3.1,-3.3,-3.0,1.4,2.1,-1.6,1.8,-3.4,-0.1,0.1,-0.5,0.8,2.1,2.5,-1.0,2.6,3.0,2.6,-1.4,-1.3,2.1,-1.7,-0.3,-4.7,2.8,2.2,0.5,-3.7,-1.2,-2.4,-0.4,-2.8,-4.4,-6.4,0.9,-4.0,-2.6,-3.3,0.1,1.8,-2.5,1.6,-2.2,-1.3,-1.7,-5.1,1.0,-3.4,1.9,-2.1,0.1,0.4,-2.8,3.4,-1.7,-0.1,-2.0,0.0,-5.6,1.6,-2.8,-1.3,-3.6,-3.5,-3.6,0.7,3.5,3.1,1.8,-1.2,0.8,-1.8,-0.2,-6.4,-2.5,-3.1,-0.7,3.2,2.2,-0.8,-0.2,-0.9,-2.0,2.6,1.4,3.0,3.3,3.9,-2.7,-1.6,1.8,-2.6,3.4,-0.3,0.3,0.5,-0.8,0.8,2.5,-1.5,-2.4,-4.0,-5.3,0.9,-3.0,-5.1,-0.2,-0.7,-1.0,-0.1,-3.0,-3.8,-1.0,-3.2,-1.8,-3.1,0.9,-2.9,0.7,0.2,0.1,-0.4,-1.4,0.1,1.7,0.2,7.4,13.0,11.9,9.7,5.5,6.0,3.8,1.0,3.5,4.5,3.9,6.0,2.9,10.3,4.9,3.9,5.7,4.7,8.1,5.5,2.0
2C7L51KFVc,0,48.108376,11.621026,4441765.65,2778526.68,541.9,587.6,299,7252,4.5,0.64,0.54,32.6,348.93,-0.529,-0.103,0.842,-0.5,0.2,0.21,0.35,0.5,0.3,-0.3,-12.3,-2.6,4.6,0.8,-0.5,4.9,1.5,-3.6,-0.4,4.4,1.8,4.5,4.2,3.3,-2.7,-2.6,0.9,0.1,0.6,-2.0,0.7,1.3,-0.9,2.6,5.2,1.1,2.5,4.0,-3.2,-2.7,3.2,-4.0,-5.0,-6.0,-3.6,-2.1,-1.7,1.1,-1.5,2.7,-0.0,-1.5,-0.2,0.6,-1.5,-2.0,-11.9,-15.0,8.5,-15.7,-0.1,-1.5,-0.4,0.3,1.4,-2.0,-1.5,-4.4,-3.5,-1.6,-1.0,-0.5,-4.1,-1.3,-6.5,-1.6,-4.1,4.3,0.3,0.1,0.5,-0.8,0.3,-3.6,-1.8,-2.4,-0.7,2.9,2.6,-1.1,-2.9,-1.9,-4.5,4.6,-1.5,-0.5,-1.5,1.6,-0.8,-4.4,3.5,-4.8,-3.1,-4.1,0.3,-2.1,-1.3,-1.9,-1.5,2.6,2.0,0.5,3.9,-14.9,1.3,2.2,-4.9,6.4,0.9,-15.7,-1.9,2.4,-5.9,-2.9,-3.3,5.8,-5.0,-2.9,-8.8,5.1,2.8,-5.3,2.8,-0.4,-0.8,-9.6,-1.9,-4.0,1.1,-0.9,-2.0,-7.8,1.6,-2.9,-0.7,-5.0,4.8,-12.6,-0.9,2.6,-8.2,-0.1,4.9,10.3,-7.5,-9.1,-1.5,-2.8,-6.2,-1.6,3.5,-7.5,-3.0,-5.4,-5.2,-9.6,-2.7,-6.3,1.5,-1.7,-3.9,-3.4,0.5,5.8,-7.6,-8.7,-7.1,-7.8,-8.1,-0.6,-0.7,-0.8,-3.7,0.7,-3.0,1.9,7.8,-2.5,-0.3,1.3,-1.2,-3.9,-0.5,2.5,-6.1,1.7,-15.7,-0.7,0.6,1.7,1.8,-9.4,-2.2,-2.8,-1.2,-3.2,-8.6,-6.2,-4.9,1.9,7.8,2.2,-1.6,-12.1,-17.9,1.1,-1.0,-3.7
2C7L51KFWH,0,48.108658,11.623221,4441928.49,2778561.62,535.0,580.7,299,7293,2.9,0.83,0.39,32.61,348.93,-0.529,-0.103,0.842,-1.3,0.1,0.35,0.22,0.2,0.2,-0.3,0.3,-1.3,-0.1,-0.4,-0.2,4.9,-1.6,-0.7,0.2,-2.8,0.1,4.4,0.1,-0.1,1.0,0.9,-0.4,-0.5,-1.6,-3.0,-1.3,-1.9,-1.0,0.3,-1.6,0.6,1.9,-1.5,-2.3,-3.5,-16.5,-3.6,-4.3,-7.5,-7.6,-4.2,-4.5,-0.5,4.4,0.2,-0.1,-0.6,-1.0,-2.6,-4.7,-4.2,-5.6,-2.2,-4.0,-1.1,-2.9,-2.3,-2.4,0.2,-1.2,-1.5,-0.1,-2.6,-0.9,-2.6,-2.4,-3.3,-5.4,-1.9,-1.2,1.8,-4.6,-1.7,-5.1,-6.6,-9.0,2.6,-6.9,-2.6,5.6,-0.3,-2.1,-4.2,-2.8,-2.8,-4.5,-4.6,-4.6,-9.2,-2.6,-2.2,-3.3,-2.1,-3.9,-3.2,-4.4,-3.5,-6.8,-3.8,0.8,-2.0,-4.6,-3.4,-2.1,-6.1,-1.3,-2.7,-6.3,-3.3,-4.1,-3.0,-2.3,-2.4,-3.7,-3.2,0.7,-3.5,-8.4,-2.9,-7.8,5.6,-15.6,-2.5,-2.6,-6.9,-13.1,-7.1,-7.7,-9.1,-10.3,-4.4,-2.7,-3.1,-3.3,-5.5,-4.1,-4.5,-6.4,-6.9,-3.2,-4.5,-0.7,-3.2,-4.8,-1.1,-7.8,-5.8,-3.9,-3.0,-2.5,-3.1,-6.3,-4.1,-3.9,-4.2,-6.5,-2.9,-4.6,-3.8,-5.3,-6.0,-4.6,-4.0,-3.8,-2.7,-3.8,-5.5,-5.7,-4.5,-7.7,-2.3,-4.3,-7.2,-4.0,-4.6,-4.8,-6.5,-7.5,-7.2,-5.7,-11.2,-9.5,-8.1,-14.8,-5.7,-9.3,-7.6,-5.7,-7.1,-6.0,-3.6,-3.3,-6.5,-9.7,-4.7,-8.5,-9.6,-9.8,-10.1,-11.5,-6.7,-6.7,-7.5,-6.8,-5.7,-7.3,-4.1,-4.3,-4.4,-5.1,-7.4,-3.4,-9.3
2C7L51KFWI,0,48.10866,11.623236,4441929.59,2778561.86,533.0,578.7,299,7294,2.2,0.87,0.39,32.61,348.93,-0.529,-0.103,0.842,-1.5,0.1,0.5,0.17,1.0,0.1,-0.3,-0.3,-0.7,-1.7,-0.8,-1.6,-0.2,-1.5,-2.7,-1.4,1.4,0.4,1.9,-2.0,0.2,-2.6,1.3,1.6,-0.1,-0.2,-1.1,0.7,1.6,1.4,1.4,-0.1,1.8,5.6,-1.8,-1.5,-3.1,9.2,-4.8,-3.4,-7.0,-7.3,-4.2,-3.5,-2.4,-1.3,-2.1,-0.6,-2.0,-0.3,-2.6,-4.3,-3.0,-5.3,-5.3,-4.3,-3.4,-3.4,-3.1,-3.0,-3.0,-3.2,-4.3,-4.6,-6.3,-3.4,-4.5,-3.8,-3.6,-1.3,-3.3,-5.3,-6.2,-4.2,-2.3,-4.5,-5.9,-7.4,-4.0,-6.8,-6.1,-5.9,-3.1,-3.1,-4.0,-0.9,-4.7,-4.4,-4.3,-6.0,-4.6,-0.4,-1.4,-2.1,-1.7,-3.6,-5.9,-5.7,-3.6,-4.7,-5.0,-0.9,-2.9,-4.6,-5.3,-3.5,-6.3,-5.2,-3.9,-6.2,-3.5,-4.8,-1.5,-1.8,-3.2,-1.6,-0.5,-2.2,-5.0,-5.1,-7.8,-2.8,-8.9,-12.8,-8.2,-8.3,-8.2,-11.9,-11.3,-10.0,-5.9,-10.1,-4.3,-4.1,-2.1,-4.2,-5.8,-5.0,-6.5,-4.1,-5.3,-4.8,-4.1,-3.8,-2.0,0.0,-0.8,-5.3,-4.8,-3.9,-3.6,-4.1,-5.5,-0.6,-6.7,-5.0,-4.4,-9.0,-3.6,-6.9,-6.8,-6.7,-7.7,-9.9,-5.8,-4.0,-3.3,-6.9,-5.6,-5.2,-5.4,-6.7,-2.5,-4.9,-7.7,-3.9,-5.3,-6.6,-9.7,-6.6,-7.2,-5.2,-8.2,-8.6,-6.3,-9.0,-9.0,-8.9,-7.2,-7.0,-8.4,-7.6,-5.5,-6.1,-5.9,-7.6,-7.6,-6.6,-5.2,-9.6,-9.6,-8.9,-7.1,-7.8,-11.1,-7.9,-7.7,-6.9,-6.7,-9.9,-6.1,-6.7,-9.6,-9.4,-12.0
2C7L51KFWn,0,48.108906,11.625153,4442071.83,2778592.35,540.0,585.7,299,7325,2.2,0.88,0.3,32.65,348.97,-0.529,-0.103,0.842,-0.6,0.1,-0.57,0.17,1.5,0.1,-0.3,0.6,0.8,-0.3,-0.2,-2.6,2.5,-2.7,-1.2,-0.3,-0.7,0.9,-0.5,-3.0,-2.0,-2.2,-2.6,-3.3,-1.1,-1.8,-2.2,-1.9,-4.0,-0.8,-0.4,-0.7,-0.8,1.5,3.0,-1.9,-4.7,-17.1,-5.3,-5.5,-5.9,-4.9,-2.3,-2.2,-0.8,0.7,3.8,-0.3,1.3,-1.5,-0.1,-2.0,-1.5,-1.9,-0.9,-3.8,-0.6,-1.6,-0.6,0.4,0.3,0.8,2.1,2.7,1.2,-0.6,0.5,0.9,0.5,-1.6,0.3,5.8,-4.3,-0.7,0.7,0.6,0.1,0.1,-1.9,2.1,-0.8,1.8,1.5,2.1,0.0,-0.1,-2.1,1.4,-0.8,-0.4,-0.1,-1.1,-6.5,-2.0,-1.3,-4.4,-3.5,-2.9,-2.9,-0.4,-3.9,-3.7,0.4,-2.7,-1.4,-1.1,-0.7,-0.3,-1.9,-4.2,-2.8,-2.6,-3.0,-1.0,-0.8,-2.7,-1.2,-1.3,-3.0,-1.8,-2.8,-1.1,-1.6,1.2,-1.0,-1.5,-1.4,-0.5,-1.0,-0.5,-2.7,-0.6,-1.7,0.0,-3.1,-3.4,-6.0,-2.4,-3.5,-2.3,-6.3,-2.7,-4.3,-1.0,-2.3,0.1,3.5,0.8,0.1,0.3,0.3,1.9,-0.4,-2.8,0.0,1.4,-0.4,-4.5,1.2,-0.9,-1.8,-0.5,0.0,-4.6,-3.8,-2.5,-2.3,-3.3,-5.0,-1.1,-5.8,-6.4,1.1,-4.5,-2.1,-1.3,-3.3,-3.3,-5.3,-2.0,-1.2,0.2,-4.9,-2.3,-2.1,8.2,-2.1,-1.9,-2.2,-0.1,-3.6,-3.6,-3.3,-3.5,-5.7,-6.9,-6.1,-4.9,-5.9,-5.6,-5.0,-5.5,-3.8,-7.8,-6.1,-4.7,-4.2,-1.7,-4.6,-4.7,-3.6,-4.6,-3.9,-2.4,-3.0
2C7L51KFWP,0,48.108753,11.623817,4441972.63,2778573.14,542.7,588.4,299,7301,2.7,0.82,0.37,32.64,348.97,-0.529,-0.103,0.842,-0.3,0.1,-0.37,0.21,1.2,0.2,-0.3,2.7,2.5,2.8,1.3,-0.4,-5.1,1.4,2.0,5.4,1.3,2.3,-2.7,1.9,3.2,0.1,2.6,3.6,2.3,3.3,-0.7,0.8,0.6,2.6,3.9,4.5,3.7,4.1,-1.1,-1.3,-0.5,9.8,-3.6,-3.1,-1.2,-1.5,0.4,-1.0,-1.2,2.3,3.0,1.0,-0.0,2.5,0.3,0.8,-1.7,-0.6,0.2,1.0,0.6,1.6,-2.3,0.3,-1.9,-1.2,1.7,-0.7,0.0,-0.4,0.5,1.0,-0.1,-2.9,-2.3,-4.1,-2.9,-0.7,-2.1,-2.5,3.1,-2.8,1.0,-1.4,-1.2,-0.2,-1.1,-2.0,-2.4,-0.7,4.1,2.7,2.0,2.0,-0.2,-1.6,3.6,1.5,2.8,0.9,2.9,4.7,1.1,-2.3,-1.0,3.8,0.9,-0.5,2.9,2.3,7.3,4.3,0.8,3.3,-0.0,3.7,6.5,4.0,3.1,4.9,3.9,1.2,-3.3,-0.9,0.7,0.7,1.3,-2.2,0.3,-1.7,-0.2,-2.7,0.3,-1.4,1.2,1.8,-0.3,-3.8,6.7,4.2,1.7,1.2,4.0,4.2,2.8,3.5,2.9,4.4,2.1,5.5,5.5,-5.4,0.6,0.6,2.8,1.1,0.3,-1.0,2.8,-0.1,3.5,-1.3,0.7,-0.8,1.9,6.3,1.4,-1.0,-0.6,0.3,3.7,4.3,2.6,1.3,-1.3,1.9,3.3,0.1,4.2,5.1,2.6,0.9,-2.4,-1.8,-12.2,-4.2,-8.8,-3.0,-0.4,-9.3,-2.5,-0.4,-1.5,-0.6,-3.2,1.3,0.1,-1.7,0.7,-1.4,-2.1,-0.3,0.9,-1.1,-0.6,-3.4,-1.5,3.7,1.9,2.1,1.5,1.2,-0.6,-10.1,-6.2,2.3,0.7,2.4,0.4
2C7L51KFWf,0,48.108864,11.62468,4442036.71,2778586.89,539.4,585.1,299,7317,2.1,0.88,0.31,32.64,348.97,-0.529,-0.103,0.842,-0.8,0.1,-0.36,0.17,0.7,0.1,-0.3,1.1,-0.4,-0.4,-0.8,-0.2,-2.8,-3.4,-1.3,0.1,-1.0,2.9,-2.0,-0.6,-1.7,-1.0,-2.9,3.1,-2.8,-1.4,-0.2,0.1,0.3,-1.8,5.3,-1.0,6.7,-0.7,-3.3,-2.7,-3.7,9.4,-5.0,-3.4,-3.2,-4.4,-0.3,0.9,0.5,2.8,1.2,2.5,2.4,2.5,-0.2,-0.5,1.4,-4.6,-0.5,1.0,-5.3,0.8,0.3,2.2,2.2,1.3,4.6,-0.7,0.2,1.5,3.5,3.5,4.9,2.6,0.7,-1.5,-0.7,-0.6,1.7,4.0,1.8,1.6,-2.9,1.1,0.8,-2.0,2.3,0.6,0.6,1.7,2.0,-0.6,-0.5,0.0,-0.7,-1.4,-1.0,-0.5,-0.4,1.1,-2.8,0.4,-1.4,-2.0,-3.7,-0.9,0.8,-0.5,-0.9,-0.2,2.3,2.0,1.3,1.6,-1.1,1.9,-2.1,-0.6,-1.2,3.6,1.4,3.2,-1.2,0.2,-3.2,0.6,-0.9,-2.9,-2.8,0.4,-2.7,-2.2,-4.1,-1.8,-3.6,-1.4,-3.7,1.5,-2.0,-0.1,-4.1,-1.6,-0.5,-1.7,-3.9,-3.6,-1.7,-1.9,-0.6,1.9,2.2,-2.9,0.0,-0.9,0.1,-0.3,-2.0,-0.1,1.2,1.2,0.4,-4.8,-0.4,-0.3,-2.7,-1.6,-0.9,-3.8,-1.3,-1.0,-0.2,-3.0,-6.3,-3.0,-2.2,-4.6,0.8,-1.0,-1.1,-2.1,-1.7,-0.4,-4.1,-3.8,-4.2,-2.6,-3.9,-2.4,-0.7,-2.2,0.4,-0.3,-2.6,-1.8,-1.4,-2.5,-2.7,-1.5,-3.1,-4.8,-5.0,-4.6,-4.5,-5.6,-4.1,-10.3,-5.2,-2.5,-3.0,-3.6,-5.1,-3.4,-1.9,-0.4,1.6,-3.6,-4.0,-1.0,-2.3
2C7L51KFYi,0,48.109763,11.631683,4442556.16,2778698.33,528.0,573.7,299,7444,3.4,0.74,0.66,32.68,348.97,-0.53,-0.103,0.842,-1.8,0.2,-1.61,0.26,0.9,0.2,-0.3,0.3,-0.2,-0.7,-1.2,0.3,0.2,0.6,-1.7,0.6,3.0,-1.2,1.1,-1.4,-0.2,-3.4,1.9,0.1,-1.9,-2.7,-2.8,-6.8,-1.3,-8.7,-3.6,1.5,-1.7,0.4,-0.6,-0.5,-0.8,-2.0,-3.3,-3.2,1.0,-2.6,-0.9,-0.1,0.0,1.8,-0.7,0.2,-0.3,-2.1,-0.6,-2.0,-0.5,-0.2,-0.6,0.4,-1.6,-1.1,-0.6,-0.1,-1.1,0.3,0.6,1.1,-1.3,0.1,0.2,0.8,-1.0,2.5,0.2,-0.3,1.6,0.5,0.7,-0.6,-0.9,0.5,-2.6,2.6,-0.6,-2.3,-0.6,-1.8,-1.0,-1.1,-1.2,0.0,-1.7,-1.5,-2.4,-1.4,-2.6,-1.1,-2.2,0.6,-3.6,-3.2,2.4,-3.9,-1.5,-3.9,-3.9,-0.2,-2.8,0.3,-1.4,-2.3,-3.2,-1.6,-1.2,-1.9,-2.5,0.3,-2.5,-0.5,-2.0,-0.4,-2.2,-1.9,-1.3,-2.1,-0.1,-0.5,-0.8,1.3,-2.6,-1.2,-1.0,1.8,-1.8,-2.6,-3.2,0.5,-2.5,-3.4,-2.2,-4.4,-0.2,0.8,-3.2,-6.4,-4.7,-3.8,-2.8,-2.7,-1.4,-1.9,-2.6,-1.3,-0.7,-2.9,-3.1,-2.6,0.5,0.6,2.0,-0.6,-1.2,-1.5,-1.1,-1.1,-1.9,-3.2,-3.8,-4.7,-4.4,-5.9,-7.4,-6.1,-4.8,-6.4,-0.7,1.6,1.4,-3.2,-1.4,0.0,-3.8,-2.8,-20.3,-16.1,-8.9,-2.6,-2.0,6.4,-10.9,-2.7,-12.6,-9.8,-11.8,-1.1,-3.4,-10.7,-7.8,-3.4,-6.7,-10.9,-8.9,-1.0,2.0,-17.6,-18.2,-21.7,0.4,-22.5,-11.2,-15.9,-17.6,-16.1,-17.8,-2.4,-12.0,-14.8,2.5
2C7L51KFWU,0,48.108799,11.624026,4441988.13,2778578.54,539.6,585.3,299,7306,3.9,0.7,0.47,32.64,348.97,-0.529,-0.103,0.842,-0.4,0.2,-0.24,0.3,1.3,0.3,-0.3,-0.6,-0.8,0.1,-0.4,-1.9,-2.2,0.4,0.8,2.1,-4.3,-0.6,-3.9,-0.1,1.5,-1.0,-2.1,1.8,0.5,1.7,-0.6,-1.5,-3.9,1.1,-0.3,2.4,1.5,-13.2,-7.7,-0.8,-2.6,6.4,-4.5,0.1,1.5,-2.4,0.9,1.1,4.2,1.5,10.9,0.5,-0.0,1.8,0.8,-0.6,0.2,-3.8,1.2,1.6,-3.3,-0.3,-1.1,-1.1,1.4,0.6,1.9,-0.3,-0.6,-1.3,-2.7,-2.7,1.9,1.2,1.0,3.8,-1.3,-1.5,0.7,-0.4,0.0,-2.1,-0.6,0.1,0.6,-2.7,-1.1,0.0,-1.7,-3.2,-4.2,-5.4,-2.8,-5.1,-3.1,-3.3,-1.8,1.3,3.6,-0.8,2.6,3.5,4.7,-5.5,4.7,2.7,2.9,-3.8,8.6,7.8,4.9,-0.4,7.1,1.9,4.5,8.4,4.4,3.4,3.3,3.6,3.7,1.9,4.5,7.9,4.9,3.9,-3.9,1.1,5.6,7.9,5.7,6.3,5.3,-5.5,-9.6,-13.2,-4.5,-15.0,-4.4,0.0,-0.8,-4.2,-3.8,-1.2,0.1,-14.0,5.1,-15.0,-5.8,-1.1,1.3,-1.0,-2.7,1.7,2.0,0.2,0.1,-9.7,1.0,2.8,4.2,-5.3,0.4,2.3,-1.9,1.4,3.3,1.1,-1.8,2.1,-2.0,-4.8,-2.2,-4.7,-4.4,-8.1,-8.1,-9.8,-6.0,-7.8,3.2,-3.0,2.0,-2.6,-3.6,-3.1,4.4,3.8,-1.5,3.9,-1.3,-0.7,-0.2,3.3,1.6,2.7,-1.3,-0.5,1.3,-2.3,1.5,-1.9,0.3,-0.4,0.3,-3.2,-1.7,-2.1,-1.6,-3.1,-3.0,-0.9,-1.4,-4.4,-0.1,-0.5,-0.1,-4.0,-2.8
2C7L51KFWY,0,48.108821,11.624198,4442000.87,2778581.28,535.6,581.3,299,7310,2.0,0.9,0.3,32.64,348.97,-0.529,-0.103,0.842,-0.8,0.1,-0.04,0.15,0.2,0.1,-0.3,-1.9,1.1,1.7,0.3,-1.2,1.7,-0.9,-1.1,0.5,2.2,1.3,0.2,1.5,0.9,0.6,1.5,-0.4,0.4,-0.6,0.2,-2.7,-2.8,-2.7,0.6,0.4,2.4,0.0,-3.7,-3.2,-5.7,7.0,-4.6,-4.7,-3.5,-4.7,-4.1,-1.2,0.6,1.1,1.7,-0.4,-2.8,2.4,2.9,-1.1,-2.0,-2.4,-2.9,0.5,-1.0,-0.2,0.3,0.7,-0.0,-0.7,0.1,-3.4,-1.3,-1.3,-1.4,-0.5,0.5,-0.6,-1.4,-1.6,-3.8,-3.0,-3.6,-2.3,-0.4,-1.8,-2.1,-2.3,-2.0,1.0,1.6,1.5,1.8,0.6,-0.2,1.7,0.9,-1.7,-1.5,-2.1,0.6,-1.3,0.0,-1.5,-2.4,-2.5,-2.5,-7.3,-4.5,-0.5,-0.5,-6.2,-1.3,0.6,-1.8,-1.3,-0.2,-0.4,-0.3,1.2,1.1,-1.3,-0.5,0.9,-0.7,0.6,-0.4,-1.2,-2.0,-1.7,-3.8,-3.5,-2.2,-1.5,-2.8,-4.5,-3.0,-3.0,0.1,1.0,0.1,-3.0,0.2,-1.1,-0.5,-3.7,-2.3,-5.9,-4.3,-1.9,-3.4,-1.4,-1.9,0.5,1.2,-0.6,-2.9,-2.3,0.3,-1.7,-2.8,-1.3,-1.7,-0.4,-1.0,-4.3,0.4,-0.2,-1.8,-1.2,-3.6,-4.4,-4.7,-1.9,-0.9,-5.6,-3.2,-4.6,-5.6,-4.0,0.0,-1.1,-1.7,-1.3,-3.4,-1.4,-5.3,-4.0,-5.2,-5.5,-3.4,-6.0,-4.3,-4.3,-5.2,-5.0,-5.2,-4.6,-4.0,-2.9,-2.0,-3.6,-2.9,-5.6,-3.2,-2.1,-8.2,-3.0,-2.3,-6.1,-3.8,-2.5,-5.2,-1.1,2.8,1.1,-3.4,-2.7,-6.0,-4.2,-5.7,-4.5,-4.6
2C7L51KFXb,0,48.109314,11.628041,4442285.93,2778642.41,543.7,589.4,299,7375,3.9,0.55,0.5,32.66,348.97,-0.53,-0.103,0.842,-1.6,0.2,-0.51,0.3,4.1,0.3,-0.3,-1.4,-2.6,-1.0,-1.8,-1.4,-1.2,-2.5,-0.3,4.4,-2.0,-3.8,1.4,-8.7,-5.3,-5.6,-7.5,-7.9,-7.8,-8.7,-9.4,-8.4,-9.6,-5.0,-7.6,-9.0,-7.6,-3.8,-1.0,-5.7,-13.0,-9.8,-11.8,-12.4,-11.0,-9.5,-9.1,-15.2,-4.7,-9.0,-8.0,-3.6,-1.2,-8.1,-8.8,-7.6,-11.5,-1.8,2.5,-4.5,0.9,-3.4,-1.4,2.0,6.7,-6.0,-1.1,-6.0,2.4,-2.9,-0.1,-3.4,-2.9,8.6,-0.5,-3.7,-2.2,-3.3,-10.4,-1.4,3.9,2.1,-13.4,-4.7,-1.9,-10.8,-8.9,-9.3,-6.3,-10.9,-10.1,-15.7,-10.5,-10.7,-8.8,-6.7,-8.2,-7.6,-9.1,-9.3,-9.2,-10.9,-6.4,-11.1,-13.7,-11.3,-6.3,-10.2,-8.9,-8.2,-7.5,-7.6,-9.1,-5.0,-5.1,-7.3,-7.1,-6.6,-1.6,-6.7,-6.1,-6.3,-4.3,-0.8,0.8,1.0,-4.9,-2.7,-4.3,-4.1,-4.4,-5.1,-2.8,-1.8,-9.0,-8.1,-8.0,-4.2,-9.0,-10.4,-10.7,-12.6,-12.3,-10.6,-10.0,-10.5,-12.9,-11.1,-11.0,-8.4,4.9,-2.7,2.6,1.5,6.5,-1.8,-5.3,-19.3,-5.1,-2.6,-3.2,-4.2,-0.8,-20.3,-17.1,-13.4,-4.8,-11.5,-13.7,-7.2,-12.2,-10.9,-9.9,-12.2,-12.0,-14.0,-8.7,-12.0,-9.7,-3.9,-11.0,-11.8,-11.0,-8.6,-4.7,-5.9,-9.4,-6.3,-4.7,-13.5,-7.4,-5.2,-0.0,-4.4,-12.4,-13.9,-10.9,-11.1,-14.6,-13.5,-14.3,-18.7,-14.3,-15.2,-16.2,-14.4,-16.0,-14.0,-11.5,-11.7,-6.0,-3.8,-6.7,-20.9,-14.1,-16.8,-0.8,-7.5,-17.0
2C7L51KFXc,0,48.109314,11.628041,4442285.96,2778642.42,540.9,586.6,299,7376,4.2,0.66,0.49,32.66,348.97,-0.53,-0.103,0.842,-0.8,0.2,-0.44,0.32,1.4,0.3,-0.3,-1.3,0.3,-0.9,0.7,2.0,0.8,0.8,2.6,2.0,-0.2,-0.5,2.1,-2.7,-1.5,-1.5,-2.6,-3.1,-5.6,-5.1,-3.2,-1.2,-5.1,0.1,-4.0,-2.6,-4.2,1.9,1.4,-0.4,-10.8,-11.7,-8.6,1.4,0.7,-7.5,-8.4,5.5,10.7,11.2,-7.9,-0.6,1.6,7.9,-5.2,-1.5,0.2,2.1,-1.4,-0.8,3.2,0.6,2.5,5.0,4.5,-3.2,-2.6,-0.8,-1.8,-1.1,-1.6,-2.3,0.1,7.1,1.1,-6.0,0.2,-1.3,-2.4,1.1,2.0,0.4,5.0,-1.9,0.8,1.3,-5.0,-8.4,2.4,-6.3,-8.1,-0.2,7.0,-2.7,-0.7,-2.1,8.3,2.5,5.0,-16.5,5.8,1.7,-2.4,-4.1,5.1,-1.5,2.1,2.4,-2.9,0.2,4.4,2.1,-0.4,-1.5,-1.2,1.1,0.4,0.0,1.1,-3.3,-0.5,-3.4,0.8,3.1,1.0,-0.9,-4.7,1.1,-3.7,0.3,-4.4,-7.1,-0.2,-0.4,-13.3,-2.9,-3.4,-2.6,0.7,-1.6,3.3,-2.5,-7.7,-3.5,-0.3,-5.7,-13.2,-9.6,11.2,-0.5,2.2,-0.3,1.3,5.3,2.7,0.0,-2.3,1.6,0.9,2.2,1.5,-6.1,4.0,6.9,3.7,-14.8,-0.3,-2.0,-3.3,-3.4,0.7,-11.9,-2.9,-4.1,-16.0,-4.3,-4.3,-5.8,1.2,1.1,0.7,2.7,-0.9,-1.8,-3.8,-4.2,-7.0,-4.5,-2.2,-15.5,-3.0,-0.5,-0.0,-0.4,-1.6,-3.6,-0.6,-4.6,-7.8,-2.3,-4.0,-4.0,-6.1,-3.5,-8.3,-3.9,-4.6,-5.7,-2.6,-5.2,-2.0,-2.9,-3.2,0.6,-4.8,-4.4,-3.5,-3.9,-1.7
2C7L51KFXg,0,48.109341,11.628246,4442301.18,2778645.69,540.1,585.8,299,7380,3.7,0.71,0.45,32.66,348.97,-0.53,-0.103,0.842,-1.1,0.2,-0.11,0.28,1.5,0.2,-0.3,-1.8,0.6,0.8,-3.6,4.0,-1.8,-1.5,1.5,3.8,-4.1,1.0,-6.1,0.2,-5.3,0.7,1.1,-0.3,-2.8,-7.4,-1.3,-4.3,-6.2,-2.4,-1.3,-5.4,-3.8,-0.6,-3.9,-3.8,-10.1,-11.0,-6.2,-6.9,-3.2,-2.9,-3.0,2.7,2.3,4.6,1.1,-13.4,-4.3,0.6,-7.4,-0.5,-3.1,-1.0,0.4,-5.0,2.2,-0.7,1.0,2.7,0.7,8.2,0.2,4.7,-0.3,-1.5,2.3,-1.9,2.1,-5.1,-1.4,2.7,7.9,-1.3,-4.9,-0.7,0.8,0.8,-3.4,-3.6,-1.5,-1.4,1.6,-0.2,-1.5,-7.0,-8.6,-2.5,-3.8,-8.8,-3.4,-2.9,-4.5,1.3,-5.3,-1.4,-4.7,-6.4,-3.0,-9.5,-7.4,-3.2,-1.0,-3.5,0.9,2.8,-3.5,-3.0,-4.3,7.5,-2.2,-2.8,-5.1,-5.1,-4.7,-3.2,0.2,0.2,-2.7,-4.6,-6.2,-5.2,-10.0,-2.6,-3.6,-4.7,3.8,-13.3,-2.9,1.0,-1.5,-13.4,-5.6,-9.7,-2.9,-8.0,-3.8,-6.6,-4.2,-1.3,-4.3,-5.8,-6.0,-3.2,-3.8,0.1,-2.4,-12.7,-2.3,9.9,-0.8,-4.3,-2.1,3.2,2.0,-4.4,-2.5,-4.4,-1.5,3.5,-2.0,-4.5,-7.7,-6.7,-9.7,-5.3,-3.6,-0.9,-2.7,-8.9,-1.5,-9.0,-6.1,-6.9,-2.4,-4.0,-7.3,-6.9,-6.9,-6.5,-4.0,-7.1,-5.1,-4.1,-6.9,-8.0,-12.9,-4.4,-5.0,2.4,-6.1,-5.6,-6.9,-8.4,-6.7,-7.4,-10.3,-7.5,-9.8,-10.3,6.9,-3.6,-3.2,-5.1,-3.3,-9.1,-4.4,-3.1,-5.8,-5.6,-7.5,-5.2,-11.9,-3.8,-6.5
2C7L51KFVh,0,48.108456,11.621215,4441779.52,2778535.87,538.3,584.0,299,7257,4.1,0.68,0.5,32.6,348.93,-0.529,-0.103,0.842,-0.7,0.2,0.81,0.31,1.2,0.3,-0.3,1.5,-0.9,2.9,3.1,0.1,1.7,-0.1,-2.4,0.3,3.9,-0.5,1.5,-2.4,0.8,-2.8,-0.4,-2.1,-4.5,-5.0,-3.9,-4.2,-5.3,-1.2,-8.4,-6.0,-1.1,2.6,-2.1,-2.5,-6.2,4.1,-6.6,-8.6,-9.7,-8.8,-10.4,-12.2,-4.7,-1.9,-3.8,-4.5,-0.1,-7.5,-3.6,-6.5,-8.4,-1.3,-4.0,-5.4,-2.6,-5.1,-0.5,-2.5,-4.6,-3.9,-5.4,-2.0,-3.8,-4.0,-4.3,-5.4,-5.3,-3.4,-5.7,-3.1,-3.2,-5.0,-5.6,-5.4,-3.4,-4.4,-0.3,-6.6,-3.7,-3.9,-3.5,-5.7,-9.1,-5.8,-8.6,-10.1,-7.3,-8.6,-2.4,-15.3,-4.7,-7.6,6.5,-3.3,-8.3,-8.5,-8.9,-3.4,-1.8,-2.2,6.7,-0.2,-4.9,-6.4,-8.0,-5.4,-5.2,-7.1,-9.1,-5.9,-4.3,-5.5,-4.5,-5.4,-6.5,-5.6,-15.8,-3.0,-5.6,-6.8,-4.1,-1.7,-5.0,-5.1,-4.7,-3.8,-6.1,-0.5,-3.0,-3.8,-7.4,-0.1,-6.8,-7.8,-4.0,-6.9,-4.0,-4.7,-9.3,-2.4,-5.8,3.7,-1.6,-3.3,-5.8,1.5,-8.4,-7.2,-5.8,-2.2,-5.9,-1.9,-4.6,-2.5,-7.3,-0.3,-6.2,-5.4,-6.1,-6.2,-6.3,-10.9,-10.3,-10.1,-14.0,-4.4,-5.9,-17.6,-5.4,-7.7,1.1,-6.8,-4.0,-4.6,-9.4,-6.8,-8.2,-11.7,-3.9,-3.9,6.5,-11.8,-9.1,6.5,-8.1,-9.7,-7.5,-7.8,-11.7,-0.4,-7.0,6.9,-4.3,-9.2,-7.1,-3.3,-5.7,-6.3,-5.0,-9.7,-9.4,-8.8,-10.8,-19.5,-6.0,-17.4,1.7,-0.0,5.9,5.8,-3.2,-1.0,-8.4
2C7L51KFVr,0,48.108529,11.621784,4441821.77,2778544.93,539.2,584.9,299,7267,3.2,0.79,0.4,32.6,348.93,-0.529,-0.103,0.842,-0.0,0.2,-0.2,0.25,1.2,0.2,-0.3,0.8,-0.2,0.5,-0.7,1.1,1.9,1.1,-0.2,0.8,1.8,2.3,3.1,0.9,2.0,-4.4,-1.2,-3.8,-1.6,-5.9,-3.1,-7.0,-2.3,-4.4,-2.9,-3.6,-0.1,-3.4,1.7,-1.1,-6.3,-17.8,-6.0,-6.7,-7.3,-8.5,-3.5,3.3,0.7,1.9,0.1,-1.7,-1.7,1.9,-0.3,-3.1,-3.9,-3.2,-1.7,-1.1,1.0,-2.5,-1.4,-2.6,-2.3,0.3,-1.9,-1.6,0.2,-0.3,-1.1,-1.8,-2.0,1.1,-0.6,-2.6,-2.8,-1.1,-1.1,0.4,-2.3,-1.8,-3.7,-1.6,-0.7,-4.3,-0.1,-1.9,-2.6,-1.0,-3.7,-0.1,-2.8,0.2,-1.0,-1.0,0.8,-3.8,-1.4,-3.7,-2.4,-1.1,-1.1,-2.7,-5.2,-4.2,-2.4,4.2,-14.3,-1.3,-1.4,3.2,-5.4,-7.5,9.3,1.7,-5.4,-6.9,7.4,-0.9,-0.7,-4.7,-5.1,-15.5,-11.6,-8.6,4.0,0.9,2.6,2.4,5.1,3.2,1.3,1.6,-4.5,-2.7,-1.4,-4.4,-1.6,-3.5,-2.1,-2.8,-3.8,-4.1,-5.1,-4.3,-1.9,-2.3,-0.6,-2.7,-0.2,1.1,1.2,-0.2,1.8,1.3,1.3,5.5,1.3,0.0,-2.7,0.3,-1.0,1.8,1.1,0.8,1.1,-1.4,-0.3,1.5,1.5,-5.1,-4.9,4.1,1.3,-3.1,2.0,-4.0,-3.1,-4.7,-7.7,-3.1,-5.7,-0.2,-1.0,-1.2,-0.5,-1.4,-2.7,-5.1,-3.1,-2.1,-2.7,-2.5,-3.7,-6.9,-2.4,-0.6,-2.4,-1.3,-2.6,-2.1,-1.8,-3.4,-3.7,-6.9,-3.0,-4.4,-0.3,0.6,0.4,-1.4,-2.1,-1.2,-0.7,0.1,-2.1,-2.3,-5.2
2C7L51KFWb,0,48.108863,11.624384,4442014.65,2778586.31,536.9,582.6,299,7313,4.4,0.61,0.51,32.64,348.97,-0.529,-0.103,0.842,-0.7,0.2,-0.74,0.33,1.7,0.3,-0.3,1.7,-1.4,1.5,-1.7,-0.9,3.0,2.8,2.5,-1.1,-0.5,1.7,1.6,2.1,8.8,-5.9,-2.6,2.6,1.0,0.6,0.6,1.0,2.0,-4.3,-12.3,-7.1,-9.3,-2.2,5.0,-0.2,-9.1,4.4,-7.1,-10.1,-6.6,-5.7,12.1,-6.3,1.5,-9.8,4.5,-0.1,-7.7,-8.7,-11.4,-6.6,2.6,1.1,-0.5,9.5,7.2,3.2,7.3,2.0,1.6,1.6,3.8,5.2,2.9,-2.9,3.9,0.1,2.0,-0.9,1.7,2.2,0.4,1.7,0.6,1.5,2.2,2.7,-1.9,2.2,3.5,1.5,3.0,0.1,4.5,2.9,0.6,3.9,2.1,0.4,-2.4,-4.1,-4.8,-3.7,-7.7,-8.4,-5.5,-3.2,7.2,7.4,2.7,-1.8,-4.5,-7.2,0.0,0.9,1.1,3.5,3.4,-1.1,-3.6,2.3,-1.3,-0.4,0.7,3.1,0.4,-1.7,1.4,2.0,-3.8,-1.4,-0.8,-5.1,9.7,0.1,0.2,9.7,-5.2,2.1,9.6,-8.6,-3.7,4.4,4.9,1.9,4.2,-2.4,-1.1,1.3,-1.8,0.8,-0.5,-2.4,-4.9,1.7,4.0,-0.2,-1.4,-3.7,-4.6,1.9,-1.4,-2.4,-4.2,1.5,-2.3,-1.3,-2.0,-2.6,-1.5,-0.2,0.1,-2.1,-5.2,-2.8,-1.2,-1.2,-3.2,-7.6,-2.9,-4.7,3.4,-5.7,1.9,1.3,4.1,-1.5,-8.1,-14.5,10.1,-4.3,-1.7,-1.5,0.2,-11.7,2.5,-3.2,0.7,-2.4,-3.2,2.4,-2.2,-7.0,-3.9,-4.4,-3.0,-5.6,-15.6,7.1,-0.6,-12.5,-7.2,-9.3,-3.7,-4.8,-4.4,4.8,-1.5,1.8,-9.5,0.5,-3.0,-1.6,0.2
2C7L51KFXa,0,48.109302,11.6278,4442268.04,2778640.66,535.0,580.7,299,7374,4.6,0.55,0.49,32.66,348.97,-0.53,-0.103,0.842,-0.0,0.2,-0.5,0.35,2.9,0.3,-0.3,-0.6,0.6,4.8,-6.1,-0.5,-3.3,2.5,0.1,4.3,-7.4,4.6,-1.8,8.7,0.2,7.9,-0.4,7.5,9.6,9.9,8.9,4.5,9.3,6.4,8.4,9.7,12.0,10.7,10.9,6.6,6.3,0.2,6.4,6.0,7.4,5.9,8.1,3.8,11.8,10.9,9.1,-4.7,2.3,7.4,12.4,10.2,7.4,10.9,5.2,4.5,5.9,-4.0,3.0,3.2,3.1,4.7,5.9,3.5,2.9,3.7,1.3,5.6,6.5,10.0,3.0,-2.0,4.0,4.8,6.5,2.6,4.1,3.7,5.5,3.0,3.5,3.1,8.0,8.9,13.5,9.5,11.0,0.8,5.2,5.9,8.1,5.8,5.5,7.2,9.9,13.4,9.4,7.0,6.6,5.4,9.0,10.3,11.9,6.0,10.7,13.4,10.3,12.8,9.7,11.7,6.4,10.9,11.1,-1.3,-7.1,16.3,10.9,-7.3,2.8,4.8,-0.7,-0.3,10.1,12.9,-4.4,-3.5,-2.1,-1.9,-6.3,-3.8,10.0,9.5,9.1,-0.4,9.3,7.4,8.4,1.1,3.4,9.7,6.4,6.2,4.4,9.9,2.8,7.2,6.4,6.4,4.8,4.7,7.8,2.4,10.5,9.1,9.7,-2.1,6.3,14.7,11.2,7.0,4.0,7.3,4.4,7.5,4.6,7.7,6.9,13.7,9.0,8.2,6.2,3.7,8.6,9.3,11.3,3.9,5.1,8.5,8.4,2.3,-5.4,-12.5,-7.1,-8.2,1.7,10.1,2.2,-2.1,2.5,2.0,3.3,3.4,7.2,2.1,5.0,3.9,-1.1,8.2,12.8,13.4,10.1,13.6,8.8,8.9,3.6,-0.8,0.8,-7.1,6.7,5.0,10.1,4.9,4.4,7.6,10.3
2C7L51KFYo,0,48.109852,11.632084,4442585.82,2778708.82,533.5,579.2,299,7450,1.3,0.95,0.23,32.68,348.97,-0.53,-0.103,0.842,-0.6,0.1,0.11,0.1,0.6,0.1,-0.3,-0.4,-0.5,0.5,-1.7,-1.3,1.3,-1.5,-1.3,-0.7,0.7,-0.7,1.2,0.0,0.4,0.4,0.3,0.2,0.1,-0.7,-0.5,0.3,-0.8,0.3,0.7,2.5,3.5,1.4,2.5,0.3,0.1,-3.2,-1.6,-2.9,1.4,-1.7,0.2,2.3,3.9,2.1,2.1,0.3,0.5,0.9,0.3,1.0,0.7,1.6,0.7,0.2,2.7,1.8,2.8,1.8,1.1,0.8,-0.1,-0.7,-1.1,-0.7,-0.1,-1.3,-0.3,-2.8,-1.6,-1.2,1.1,-1.6,1.1,-0.1,-0.3,0.5,0.2,-0.3,-0.3,-0.7,0.1,-0.6,-0.4,-0.8,-2.0,-1.5,-0.5,-2.8,-0.3,-3.0,-0.9,-0.1,0.7,-0.2,0.2,1.5,-1.5,-1.7,1.0,-0.9,-2.3,-0.8,0.5,0.8,-0.6,-0.8,-0.9,1.9,2.0,1.7,1.5,0.9,0.4,-0.6,1.0,0.7,-0.9,-0.4,-2.1,-0.5,-1.1,-0.5,-0.8,-0.8,-3.2,-1.3,-0.4,-1.4,1.1,0.3,-0.4,0.9,0.7,0.6,-0.3,0.3,-0.5,0.9,-0.8,-3.8,-1.8,-2.7,-1.0,1.2,-0.2,0.9,-3.4,-2.0,-1.7,-0.3,-1.1,1.4,-0.7,-0.6,-2.1,-0.4,-1.1,-1.5,-2.4,-1.8,-0.5,-0.8,-1.5,-2.3,-2.9,-2.4,-5.2,-2.6,-3.0,-4.2,-1.0,-1.1,2.0,-1.1,-0.4,-0.7,-2.1,-3.1,-0.6,-2.3,-2.9,-2.8,-2.0,-3.3,-4.0,-4.1,-2.2,-3.9,-4.8,-4.8,-4.0,-2.9,-2.6,-3.0,-1.7,-3.3,-1.1,-0.4,-0.6,-2.1,-0.8,0.8,-1.2,0.1,0.3,-1.0,-0.4,-1.2,-0.3,-1.1,-1.6,-1.8,-0.0
2C7L51KFXK,0,48.109204,11.626895,4442200.86,2778628.32,535.5,581.2,299,7358,2.6,0.79,0.33,32.65,348.97,-0.53,-0.103,0.842,-0.4,0.1,-0.2,0.2,2.4,0.2,-0.3,-0.9,-0.7,-0.3,-0.7,0.1,0.5,0.3,-0.9,-1.1,-0.0,-1.8,1.7,-2.3,-0.1,-4.5,-3.9,-3.7,-4.1,-4.8,-5.0,-2.7,-4.5,0.1,-3.5,-3.3,-3.0,-1.2,3.6,-0.0,-5.6,-10.4,-9.1,-5.7,-8.6,-4.9,-7.1,-3.6,-6.2,-3.1,-5.1,-0.3,4.5,-4.5,-6.0,-3.3,1.0,-1.9,-2.2,-3.2,-4.1,-2.2,-2.1,-1.1,-1.4,-0.4,-1.0,0.5,-2.1,-2.8,-1.3,-1.3,1.2,-2.6,-0.4,4.3,2.5,-0.1,-2.9,-0.9,-0.2,1.1,2.1,-0.8,-0.3,-2.7,-4.4,-3.2,-2.6,-3.6,-2.5,-0.6,-2.2,-2.6,-3.8,-3.7,-7.4,-3.9,-5.2,-5.3,-7.4,-8.4,-2.5,-2.3,-10.0,-4.9,0.9,0.2,-4.8,-17.6,2.3,-2.1,-9.8,-7.1,-0.3,-8.5,-2.8,0.6,0.8,2.3,-0.5,-0.0,-1.1,-0.1,-3.2,-1.1,0.2,-5.7,-3.7,0.2,-3.3,-4.1,-3.0,-1.6,-1.9,-3.2,-5.2,0.9,-0.2,0.8,-2.3,-6.9,-3.8,-4.6,-8.5,-10.1,-11.9,-6.2,-7.0,-7.2,1.7,1.9,-2.1,-1.9,-1.3,-0.9,-0.2,-1.3,-0.3,-0.8,-0.9,1.1,-1.7,-2.0,-2.7,-2.7,1.6,-1.6,-2.4,-2.5,-2.9,-6.8,-8.0,-6.1,-6.6,-9.8,-0.8,-3.0,-6.7,-3.0,-2.7,-2.6,-10.6,0.6,-2.7,-2.2,-1.6,-2.8,-3.2,-1.7,-3.5,-2.1,-2.4,-0.2,-3.6,-2.8,-5.7,-3.1,-4.2,-6.2,-6.8,-5.9,-7.8,-9.6,-8.1,-7.8,-6.3,-8.8,-8.0,-1.5,-2.6,-3.7,-3.6,-4.2,-1.2,-2.0,-3.9,-3.5,-1.7
2C7L51KFXz,0,48.109523,11.629377,4442384.94,2778667.79,542.1,587.8,299,7399,3.7,0.7,0.4,32.66,348.97,-0.53,-0.103,0.842,-1.1,0.2,-0.72,0.29,2.0,0.2,-0.3,-2.1,-0.1,3.2,0.3,1.3,-3.1,1.4,-1.6,2.4,-3.3,0.7,-2.9,4.7,4.2,8.8,12.8,-6.1,-3.3,-6.5,-6.4,8.7,-4.6,-8.1,-2.8,-2.2,-5.6,13.6,-5.1,4.1,-11.3,-11.6,-8.4,-14.7,-3.3,-7.3,-10.1,-8.5,-5.7,-6.6,-6.9,-5.0,-1.9,-9.1,7.9,3.4,3.4,1.1,4.3,-0.6,1.9,-7.4,3.3,2.9,6.0,5.4,5.6,4.3,8.5,7.3,8.3,6.6,1.9,2.1,5.9,1.0,3.9,13.7,-0.3,-0.7,2.1,2.4,1.7,3.9,1.9,1.9,3.0,3.5,2.8,1.1,2.9,1.5,2.1,-5.2,-2.3,-2.3,-1.2,1.4,0.1,-1.2,-2.3,1.1,-3.5,-5.8,0.3,-0.8,-0.6,3.1,0.3,2.6,0.4,-0.1,-0.2,1.9,-0.5,0.5,0.7,0.8,-1.1,-2.3,-0.6,-0.1,-2.9,-1.0,-5.0,-2.4,-2.1,-2.6,-1.7,-1.1,-3.3,-1.5,-4.4,-4.2,-1.0,-1.1,0.0,-3.6,-0.2,-6.0,-2.8,-2.4,-3.6,-1.3,-1.3,-4.4,-3.1,-2.2,-2.2,0.1,-1.7,-1.9,-3.9,-4.1,-4.4,-1.0,-3.2,-1.1,-1.8,-3.0,-3.8,0.1,-3.0,-1.9,-3.9,-4.1,-3.0,-3.6,-4.5,-5.2,-4.0,-2.5,-3.0,-1.0,-6.0,-7.5,0.8,-2.6,-1.6,-2.4,-0.4,-2.4,-3.6,-2.6,-5.8,-0.2,0.3,-1.3,-3.1,-8.5,-4.0,-2.0,-3.5,-4.1,-4.1,-6.5,-5.4,-4.9,-5.6,-5.2,-6.3,-6.9,-4.9,-8.9,-8.7,-6.3,-5.0,-4.9,-4.3,-6.0,-3.1,-4.0,-6.2,-7.1,-5.5,-6.6,-0.7,-1.7,-5.7
2C7L51KFYp,0,48.10987,11.632084,4442585.76,2778710.88,531.0,576.7,299,7451,1.1,0.97,0.15,32.68,348.97,-0.53,-0.103,0.842,-0.5,0.1,-0.09,0.08,0.3,0.1,-0.3,-0.7,-0.7,-0.6,-1.0,-0.8,0.9,-0.6,-0.9,-0.3,1.5,-0.7,0.2,-0.9,-0.4,-0.1,0.2,-0.4,-0.2,-0.5,-0.7,-0.1,-1.1,0.4,0.1,2.3,2.2,0.9,1.3,-0.9,-1.4,-4.9,-2.9,-2.6,0.6,-1.3,0.1,2.1,3.0,2.2,1.4,0.6,-0.4,0.1,-0.2,-0.3,0.1,0.1,-0.2,-0.2,0.7,0.7,1.3,1.1,0.8,0.4,-0.2,-0.7,-0.5,-0.4,-0.4,-0.7,-0.7,0.1,-1.1,-0.8,-0.2,-1.1,-0.3,-0.8,-0.9,-1.4,-0.5,-0.5,-0.3,-0.4,0.0,-0.9,-0.4,-1.0,-1.7,-1.2,-1.3,-1.8,-0.8,-2.7,-0.2,0.1,0.8,-0.3,-1.4,-0.5,-0.3,-3.1,-0.2,-2.3,-2.5,-0.1,0.1,0.3,0.4,-0.3,-0.9,1.2,0.4,0.2,0.5,0.0,-0.4,-1.4,-0.3,-0.4,-1.5,-0.6,-2.0,-1.3,-1.4,-0.8,-1.0,-0.1,-3.7,-0.3,-1.5,-1.5,-0.5,-0.2,-0.3,0.0,0.0,-0.8,-0.7,-0.3,-0.1,-0.1,-1.5,-3.3,-1.7,-2.0,-0.6,1.1,0.2,0.2,-2.8,-1.8,-1.9,-0.6,-1.0,0.4,-0.5,0.4,-0.6,-0.1,-1.2,-1.3,-1.5,-1.2,-0.3,-0.7,-0.9,-1.1,-1.5,-2.1,-5.0,-2.9,-3.7,-4.2,-1.3,-0.2,1.5,-1.3,-0.7,-0.6,-2.4,-3.0,-2.1,-2.9,-2.7,-2.9,-2.1,-2.3,-3.2,-2.9,-1.8,-2.7,-2.8,-2.8,-3.4,-2.7,-2.0,-2.1,-2.7,-3.5,-1.8,-3.0,-2.9,-2.3,-1.1,-0.9,-2.5,-1.8,-1.0,-2.1,-1.8,-2.3,-1.8,-3.2,-2.6,-2.1,-1.9
2C7L51KFYq,0,48.109879,11.632147,4442590.44,2778711.88,531.3,577.0,299,7452,1.2,0.96,0.14,32.68,348.97,-0.53,-0.103,0.842,-0.7,0.1,-0.3,0.09,0.4,0.1,-0.3,-1.1,-0.6,-0.3,-0.5,-0.5,-0.2,0.0,-1.0,0.2,-1.1,-0.4,-1.5,0.0,0.4,-0.3,0.2,-0.5,-1.5,-1.1,-1.4,-1.0,-1.7,-0.3,-0.7,1.5,1.0,1.4,-1.0,-2.6,-2.3,-6.2,-3.7,-2.6,-0.6,-2.4,-0.4,1.4,1.6,2.6,1.0,0.8,-0.1,-0.7,-1.7,-1.2,0.3,-1.1,-0.6,0.3,-0.6,0.2,0.6,0.8,-0.1,-0.5,0.2,0.0,-0.5,-0.3,-0.6,0.0,-0.4,0.6,-0.7,-1.6,-1.1,-0.8,-0.8,-0.5,-0.1,-2.0,-0.6,0.4,-0.2,-0.2,-0.1,-0.4,-0.4,-1.0,-2.0,-1.6,-1.4,-1.9,-1.4,-2.6,-1.5,-1.0,0.3,-1.2,-2.9,-2.2,-0.2,-4.0,-1.8,-4.3,-3.4,-0.7,-1.5,-1.4,-0.7,-0.9,-1.9,-0.1,-0.2,-0.7,-1.1,-1.3,-2.1,-2.7,-1.8,-1.6,-1.9,-0.7,-1.2,-1.5,-0.9,-0.7,-1.4,0.3,-3.6,-0.7,-1.8,-1.0,-1.1,-0.8,-1.1,-1.0,-0.5,-1.2,-0.6,-2.3,-0.9,-0.7,-1.9,-4.6,-2.0,-2.0,-1.6,-0.0,-0.6,-1.3,-2.0,-1.9,-2.0,-1.3,-1.7,-0.8,-1.4,-0.5,0.6,-0.2,-1.0,-1.0,-2.0,-1.2,-1.2,-0.7,-0.7,-0.7,-0.9,-1.6,-6.0,-3.9,-5.5,-5.0,-2.1,-0.5,1.3,-2.0,-1.1,-0.5,-2.7,-4.9,-4.5,-4.4,-3.1,-2.9,-1.8,-3.9,-1.4,-2.7,-1.5,-2.5,-2.5,-2.3,-3.3,-3.0,-3.0,-2.5,-4.8,-5.4,-3.5,-4.9,-5.7,-4.3,-3.0,-2.6,-5.5,-3.0,-2.4,-3.5,-3.0,-4.4,-4.1,-4.7,-4.2,-3.7,-3.3
2C7L51KFW9,0,48.108691,11.622755,4441893.73,2778564.51,536.4,582.1,299,7285,3.7,0.72,0.63,32.61,348.93,-0.529,-0.103,0.842,0.6,0.2,0.34,0.28,1.4,0.2,-0.3,-3.1,7.8,-1.6,1.6,1.6,6.8,0.8,-4.4,1.5,3.3,-1.5,1.3,0.6,-0.5,-0.1,-1.4,-0.9,-0.1,-2.5,-13.5,5.4,3.9,1.7,2.6,-3.1,5.4,8.8,3.2,2.6,4.1,-10.1,-1.6,-2.0,-3.7,-3.3,-4.3,-0.9,0.8,3.2,1.4,2.4,2.3,4.4,-0.4,3.3,1.5,2.2,-0.7,-0.4,-0.0,1.0,2.2,1.7,2.6,3.0,1.7,3.1,2.7,2.1,1.7,3.3,3.0,1.0,1.8,7.6,4.6,-14.7,3.0,6.3,2.3,1.8,2.7,2.0,1.6,6.0,1.5,-8.1,3.8,10.0,-2.7,8.8,3.0,7.6,1.1,0.3,3.2,-0.0,1.5,-1.3,-1.1,-1.8,0.6,0.3,-3.5,-1.1,-4.6,-2.1,-2.3,-1.3,0.5,1.4,-3.2,-3.7,-2.2,-3.0,-6.4,-3.1,-4.7,0.4,-3.3,-2.0,-5.0,5.4,5.0,3.2,2.8,-1.9,-1.1,-2.3,-2.0,-2.9,2.0,4.1,3.5,12.7,7.8,5.4,7.4,3.9,5.5,0.0,3.1,6.1,2.8,1.9,10.3,-2.9,-2.8,-1.7,2.9,-0.9,-3.6,-1.9,2.1,1.8,-5.0,-11.6,2.6,3.1,-1.1,-1.2,0.3,6.7,-0.8,0.3,1.1,3.8,3.3,3.7,6.3,-2.6,-2.0,-1.0,-0.1,-3.0,10.0,1.1,2.0,3.4,0.7,2.2,1.8,3.3,2.0,2.1,-1.3,4.6,3.9,-8.6,5.7,5.9,5.6,4.5,4.5,4.8,5.5,3.4,3.7,1.3,3.9,4.5,4.0,2.7,1.8,0.2,2.2,2.9,2.8,3.0,3.6,3.2,4.6,3.3,4.3,3.2,3.1,4.1,3.0
2C7L51KFWW,0,48.108863,11.624093,4441992.96,2778585.79,539.3,585.0,299,7308,2.9,0.82,0.41,32.64,348.97,-0.529,-0.103,0.842,-1.0,0.1,-0.46,0.22,1.4,0.2,-0.3,0.2,1.4,-1.5,-1.6,-8.3,4.0,0.5,-2.1,-0.6,16.9,-2.3,2.7,-0.9,-2.5,1.4,0.6,-3.5,-2.5,-4.3,-2.8,-3.1,-2.8,0.2,-2.3,0.1,0.1,-0.8,0.7,-2.1,-8.0,-14.6,-11.8,9.7,-8.8,1.0,-4.8,-6.5,-4.4,-0.3,-1.2,0.9,0.5,0.7,-0.2,-3.0,-3.6,3.1,-3.6,-2.8,-0.4,-1.2,-1.9,-2.8,-3.5,-3.7,-1.3,1.9,-3.1,-3.8,-1.3,-2.4,-4.8,-0.1,-1.5,3.5,6.2,1.9,1.2,-1.2,-0.2,-5.6,-0.5,0.9,-1.0,-0.8,1.1,1.9,-0.6,-2.0,-1.5,-3.4,-1.7,-1.8,0.9,0.3,-3.9,-5.2,-1.8,-5.8,-5.4,-5.8,-3.6,-4.6,-4.7,-1.9,-3.7,-8.3,-5.1,-1.8,0.5,-3.8,-4.0,-3.3,-2.1,-2.7,-1.6,-1.2,-2.0,-3.7,-4.2,-2.9,-3.4,-0.1,-2.8,-0.9,1.8,-2.1,-3.3,-1.1,-3.3,-3.8,-2.8,-2.2,-3.4,-2.8,-2.5,0.7,-1.3,-3.6,-3.0,-2.1,-1.2,-2.8,-1.6,-5.2,-4.7,-2.3,-3.9,1.0,-1.2,-7.1,2.9,-3.8,-1.1,-3.8,-5.7,-2.0,-3.8,-1.6,-0.4,0.7,-0.7,-1.7,-1.5,-1.2,-0.5,-2.5,-3.3,-6.2,-3.7,-5.9,-6.9,-6.9,-5.5,-4.0,-0.8,-4.9,-3.1,-2.8,-1.6,-3.4,-7.2,-8.0,-7.3,-10.0,3.9,-4.2,-3.5,-5.1,-4.8,-2.5,-6.1,-2.8,-3.1,-4.0,-3.7,-9.5,-5.1,-7.4,-5.6,-5.1,-4.1,-7.6,-7.1,-8.5,-8.7,-6.0,-5.7,-8.9,-6.0,-10.5,-10.2,-5.3,-5.3,-5.8,-6.3,-4.5,-1.4
2C7L51KFWX,0,48.108868,11.62413,4441995.72,2778586.39,538.3,584.0,299,7309,2.8,0.82,0.44,32.64,348.97,-0.529,-0.103,0.842,-0.6,0.1,-0.29,0.21,0.8,0.2,-0.3,-1.6,-1.5,-0.6,-0.4,-0.3,5.4,2.8,-0.1,0.7,-6.4,2.7,2.3,1.2,-0.0,0.1,2.0,2.3,-0.8,-1.5,-3.8,-0.8,-2.6,0.9,3.1,2.7,2.0,0.6,-3.7,-5.0,-3.0,6.0,-3.8,-10.4,-4.8,-1.1,-4.0,-8.8,-6.1,-3.1,-5.8,4.4,-0.5,4.3,0.7,-2.4,-3.1,-4.9,-5.7,-1.8,-2.0,-4.6,-2.2,-1.7,-2.1,-2.2,-2.2,-1.9,-2.7,-2.7,-3.2,-3.3,-3.5,4.9,-1.4,-1.3,-3.5,-4.0,2.3,1.5,-1.1,-4.1,-3.2,-3.1,-1.4,-1.6,-3.0,-7.1,-2.0,-4.0,-2.8,-1.4,-0.3,-4.7,-4.5,-3.7,0.6,-1.0,0.1,-4.4,-0.8,-2.4,-4.3,-2.2,-4.1,1.4,-1.2,-4.0,-0.1,2.1,2.0,1.6,-0.2,-0.0,-1.6,-1.7,-0.6,-0.4,-0.0,2.0,-1.7,3.2,1.9,0.1,-1.0,2.6,3.8,0.7,1.0,-0.4,0.9,-0.7,1.3,-1.8,-1.1,-1.2,-2.3,-4.5,-1.2,-2.5,-2.7,-0.5,-2.6,-0.5,-1.5,-0.2,-2.2,-1.3,-2.2,0.5,-0.1,-10.5,-1.0,1.5,-0.9,-5.7,-8.1,-1.7,-7.9,-3.1,2.1,1.7,2.5,0.0,-3.5,-4.9,-1.1,-4.7,-6.6,-1.7,-2.3,-1.4,-3.4,-0.7,-6.2,-3.8,-1.5,-4.5,-1.9,-2.4,-2.8,-1.7,-4.7,-4.3,-7.1,-7.4,11.0,-5.4,-1.9,-0.8,-1.7,1.7,-4.4,-2.5,-4.0,-3.9,-0.3,-3.4,-1.0,-4.0,-6.5,-5.2,-7.2,-6.3,-3.5,-6.3,-5.8,-3.0,-3.9,-4.6,-4.2,-4.7,-6.6,-4.8,-5.3,-2.7,-3.4,-0.0,-0.7
2C7L51KFWm,0,48.108974,11.624959,4442057.18,2778599.57,537.1,582.8,299,7324,3.6,0.74,0.47,32.64,348.97,-0.529,-0.103,0.842,-1.4,0.2,-0.42,0.28,1.2,0.2,-0.3,-0.2,0.5,0.4,0.6,-0.3,-3.0,0.7,0.4,1.5,-3.7,-0.4,2.0,0.5,-2.3,-0.3,-0.2,-0.6,1.1,-0.1,1.2,-2.2,-1.1,-1.8,1.5,1.6,4.8,2.1,-0.0,5.9,-0.8,-10.2,0.4,-3.5,-3.7,-2.5,-1.4,-3.2,-0.5,0.3,3.5,4.1,-10.6,-5.2,-3.0,-2.3,-8.6,-9.8,9.3,-4.8,-7.3,3.3,11.3,-4.5,-4.7,-2.6,4.5,6.7,5.2,7.4,-1.2,12.8,-12.1,8.1,-14.0,9.3,10.6,8.2,-7.2,0.3,-1.3,-2.7,-3.5,-2.2,0.8,1.9,0.8,4.5,1.4,1.0,1.4,-0.3,1.6,-1.4,-0.8,-2.5,-0.3,-2.2,-2.3,-3.3,-2.2,-6.0,-5.0,-3.0,-3.3,0.6,-1.7,1.1,-2.1,-0.8,0.5,-0.1,-1.1,-4.5,-0.6,-1.6,0.1,-1.1,0.5,-1.2,-1.3,-0.5,-0.9,0.0,-1.3,-2.1,0.1,-1.0,-2.6,-1.2,-1.1,-1.1,-1.6,-3.5,-2.6,-4.8,-3.2,-2.0,-2.5,-1.7,-3.3,-4.0,-4.7,-1.6,-4.9,-7.8,-7.7,-5.2,-5.4,-2.2,1.2,-1.8,-3.5,-2.4,-6.6,-4.6,-1.1,-1.9,-2.1,-1.8,-2.1,-4.1,-3.6,-0.1,-1.6,-0.1,1.2,-1.1,-4.0,-3.4,-2.5,-0.2,-8.2,-5.1,-7.9,-4.5,1.2,-6.7,-7.4,-4.3,-5.5,-4.1,-8.7,-5.2,-5.6,-3.4,-9.2,-5.9,-5.5,-4.3,-7.6,-7.1,-5.7,-7.3,-8.5,-1.1,-4.4,-4.4,-8.5,-4.6,-7.5,-11.9,-9.7,-10.3,-6.9,-11.7,-6.1,-6.5,-7.1,-4.1,-6.3,-1.4,-6.6,-6.5,-9.0,6.9,-7.6,-4.8,-7.2
2C7L51KFX9,0,48.109162,11.626422,4442165.69,2778622.83,541.7,587.4,299,7347,4.1,0.59,0.5,32.65,348.97,-0.53,-0.103,0.842,-0.5,0.2,-0.76,0.32,2.9,0.3,-0.3,1.9,1.3,2.4,0.3,1.5,2.1,3.7,-1.1,2.3,-1.3,-0.2,-1.0,-1.8,-5.6,-9.5,9.9,-7.6,-4.5,-5.2,-8.1,-5.2,0.6,-8.0,-8.2,-7.0,-5.0,-1.9,3.9,-2.3,-10.5,-9.9,-8.1,-7.6,-5.5,-10.9,-7.0,-8.0,-6.1,-7.1,-4.5,-8.8,0.5,0.7,-1.8,-1.2,-1.7,-1.5,5.8,-2.6,-8.8,-0.1,-4.2,-1.5,-0.7,3.3,1.6,10.7,9.0,1.1,0.7,-1.0,-2.5,-3.4,3.5,10.7,-1.5,-0.4,-8.2,-2.3,-2.9,12.1,0.6,-2.8,1.4,-0.4,0.2,-4.6,-3.0,-5.0,-8.2,-6.9,-8.4,-3.7,5.5,-1.8,-3.3,-8.8,4.1,2.7,-1.9,-4.4,-10.9,-16.9,-8.9,-5.1,-1.2,-3.7,-3.6,-3.8,-8.3,0.0,-0.4,-3.3,-1.9,-2.0,-6.0,-5.7,-7.8,-2.2,-7.5,1.0,1.4,-4.2,-2.9,-5.2,2.0,2.4,3.4,-0.7,-2.2,11.1,3.0,-1.3,-1.3,-2.4,2.7,0.7,-7.4,-0.2,-3.8,-1.7,-2.5,6.9,-5.9,1.9,0.9,-5.9,-7.0,-2.2,-2.5,-1.0,-4.1,0.4,5.9,-6.2,-4.4,-0.8,-1.1,-0.3,-2.2,-9.5,-0.1,-1.4,-3.4,2.5,-3.6,3.6,-9.3,-1.7,-2.7,-4.6,-6.4,-5.2,-6.0,-7.5,-9.4,-4.5,-12.0,-6.8,-4.3,-5.4,6.6,-0.9,0.0,-2.2,-12.9,-2.5,2.2,-3.1,-1.2,-2.5,-4.8,-3.2,1.8,-1.1,-1.8,-11.4,-0.7,-2.4,-1.8,-12.4,-5.0,-6.4,-10.2,-5.8,-8.9,-8.8,-8.6,-9.0,-12.2,1.5,1.5,-2.7,-5.0,-4.7,-6.1,-4.2,-5.1
2C7L51KFXA,0,48.109168,11.626467,4442169.09,2778623.56,541.2,586.8,299,7348,2.2,0.79,0.37,32.65,348.97,-0.53,-0.103,0.842,-0.8,0.1,-0.48,0.17,2.9,0.1,-0.3,1.3,-0.2,0.3,-2.0,0.5,0.9,1.0,0.2,1.6,-2.2,0.6,1.2,0.6,1.1,0.9,-1.2,-5.6,-4.9,-5.8,-5.8,-6.1,-5.4,-5.2,-7.8,-5.2,-5.8,-2.8,0.1,-1.3,-11.1,-10.0,-10.2,-8.9,-8.7,-9.6,-5.6,-5.4,-4.8,-4.4,-4.6,0.3,-1.0,-3.9,-4.3,-3.9,-2.1,-1.5,-1.3,-1.2,-0.3,-0.6,-1.2,0.8,-0.7,0.2,-0.8,-0.7,-0.3,1.0,0.5,-1.1,-2.1,-0.7,0.8,1.0,0.1,0.4,-6.1,-1.7,-1.4,-2.3,-0.2,-0.4,0.6,0.9,0.8,-0.4,-1.1,-5.2,-6.9,-5.2,-8.2,-4.2,1.0,-1.4,-5.6,-5.4,-4.4,-4.5,-4.4,-6.6,-0.0,-3.6,-8.6,-7.2,-2.7,-1.9,-6.8,-5.7,-5.2,-1.3,-2.8,-5.9,-3.7,-3.4,-7.5,-6.1,-0.3,-0.2,-3.0,-2.5,-0.4,-2.2,-1.5,-1.3,-1.0,-1.1,-1.6,0.4,-2.5,-1.7,-0.5,0.0,-2.2,-2.2,-2.5,-2.0,-5.6,-7.2,-6.3,-8.1,-6.5,-0.5,-6.8,-7.9,-5.9,-7.6,-5.3,-4.0,-1.0,-1.1,-2.5,-2.7,-1.3,-1.4,-3.1,-3.8,-1.8,0.2,-2.0,-5.7,-0.1,-1.7,-1.7,-0.0,-2.0,-2.0,-7.7,-3.7,-1.5,-6.8,-6.8,-7.6,-8.6,-11.6,-2.8,-6.7,-7.3,-3.6,-5.7,-7.7,-8.3,-9.1,-2.2,-3.2,-6.1,-3.6,-2.9,-4.4,-2.4,-3.8,-3.2,-2.9,-0.8,-1.7,-2.7,-4.2,-5.8,-6.9,-8.8,-8.0,-11.7,-10.7,-10.0,-10.1,-10.1,-7.5,-10.6,-8.3,-7.2,-1.8,-2.9,-4.9,-4.4,-5.1,-3.7,-4.2,-7.0
2C7L51KFXH,0,48.109197,11.626693,4442185.84,2778627.17,534.6,580.3,299,7355,2.1,0.88,0.33,32.65,348.97,-0.53,-0.103,0.842,-0.7,0.1,-0.21,0.16,1.2,0.1,-0.3,0.8,0.6,0.6,0.5,0.0,-0.6,2.7,0.1,0.8,-0.4,3.4,1.6,1.2,3.0,1.3,-1.0,0.0,-0.9,-2.6,-4.0,-0.4,-4.6,-4.9,-3.9,-3.0,-3.0,-2.5,-9.5,-4.1,-8.6,0.5,-6.1,-3.3,-2.8,-4.7,-5.3,-0.4,-0.8,-3.5,-3.0,3.3,0.1,1.4,-4.1,-2.1,-0.9,-2.6,-3.8,-2.1,-0.3,-1.4,-1.4,-1.3,0.9,-1.2,0.7,0.4,-1.3,-1.1,-2.7,-1.6,1.1,-8.4,-2.1,-5.6,-1.8,-1.3,-4.2,-0.7,-0.7,-2.9,-1.2,-1.6,-0.2,-0.6,-0.3,1.5,-0.2,-1.9,-2.2,-2.4,-1.8,-1.7,-2.9,-2.0,-1.9,-3.1,-1.0,-5.0,-3.9,-2.1,-3.0,-3.7,-5.9,-4.8,0.3,-3.1,-0.5,-0.6,-1.9,0.4,-0.4,-0.8,-1.6,-0.2,-0.6,-3.4,-2.2,-2.0,-1.5,0.1,-0.3,-0.3,0.7,1.6,-2.0,-0.6,-1.3,2.8,-2.7,2.0,-2.4,-0.9,-3.5,-2.3,-1.0,-0.0,-0.9,-1.7,-3.1,-5.9,-5.3,-0.7,-3.3,-5.4,-5.4,-3.4,-3.2,-2.0,4.2,-3.9,-5.6,-2.8,0.4,-2.0,-2.2,-6.1,-2.2,-2.0,-0.2,-2.1,-0.2,-1.3,-2.1,-2.8,-2.0,-4.0,-1.5,-2.1,-2.9,-4.7,-3.7,-7.1,-6.6,-7.6,-3.9,-3.4,-3.5,-1.5,-2.6,-2.1,-5.0,-6.5,-3.7,-5.4,-12.1,-3.0,-4.3,3.0,-1.9,-2.6,-3.1,-4.1,-2.5,-2.6,-3.9,-3.9,-3.8,-2.7,-4.3,-4.9,-4.9,-5.1,-5.0,-3.5,-5.4,-8.4,-7.0,-4.8,-2.4,-4.4,-3.8,-5.5,-2.2,-3.7,-2.7,-5.0,-2.8
2C7L51KFXI,0,48.109203,11.626745,4442189.66,2778627.99,534.3,580.0,299,7356,1.7,0.91,0.24,32.65,348.97,-0.53,-0.103,0.842,-0.8,0.1,0.05,0.13,1.4,0.1,-0.3,0.5,0.1,0.2,0.7,-0.3,-1.4,1.7,0.7,1.3,-3.5,1.1,1.0,1.5,1.4,1.8,1.1,-0.4,-0.4,-1.8,-2.9,-1.9,-3.2,-2.5,-3.8,-2.7,-1.3,-1.9,-2.0,-3.2,-6.3,-12.1,-6.7,-4.3,-4.4,-5.8,-4.9,-0.8,-2.6,-2.7,-1.7,-2.3,-3.8,-1.2,-4.2,-3.4,-1.3,-2.3,-2.7,-2.2,-1.4,-1.6,-1.4,0.0,-1.0,-0.8,-0.3,-0.7,-1.0,-1.1,-1.7,-1.3,0.3,-5.6,-1.3,-8.2,-2.2,-1.5,-4.2,-2.0,-1.8,-3.0,-1.1,-2.7,-0.9,-0.7,-0.9,-1.1,-1.1,-1.9,-2.4,-2.6,-2.0,-3.2,-3.3,-3.6,-2.4,-3.8,-2.8,-5.0,-3.8,-4.7,-2.8,-5.9,-6.8,-6.3,-2.7,-2.1,-2.7,-1.4,-2.5,-2.2,-2.1,-1.7,-2.0,-2.4,-1.6,-2.6,-2.8,-1.6,-1.5,-2.3,-2.5,-2.4,-2.1,-2.2,-1.9,-2.8,-2.2,-0.7,-2.6,-3.4,-1.4,-1.5,-1.7,-2.1,-2.2,-3.1,-1.9,-3.2,-3.9,-5.6,-5.7,-5.0,-5.7,-6.1,-7.0,-5.0,-4.5,-2.8,0.7,-4.6,-4.5,-2.9,-1.6,-2.6,-2.7,-6.8,-2.0,-1.3,-2.2,-3.9,-1.5,-2.8,-1.7,-3.3,-2.7,-3.5,-4.3,-1.8,-3.0,-4.8,-5.3,-6.6,-6.9,-8.4,-4.5,-4.9,-4.6,-3.6,-4.4,-3.9,-8.1,-7.1,-4.8,-5.8,-10.9,-4.4,-4.6,2.7,-3.7,-3.1,-3.7,-3.3,-3.3,-3.2,-3.9,-4.5,-4.1,-3.9,-5.3,-5.0,-5.0,-8.0,-6.6,-8.0,-6.8,-6.9,-5.0,-5.9,-2.9,-5.0,-4.8,-5.2,-3.9,-4.2,-4.6,-4.0,-3.6
2C7L51KFXJ,0,48.109206,11.626767,4442191.34,2778628.35,532.7,578.4,299,7357,3.3,0.72,0.41,32.65,348.97,-0.53,-0.103,0.842,-1.1,0.2,0.76,0.25,2.2,0.2,-0.3,-0.3,-2.5,2.9,-1.3,0.1,-5.0,0.9,-0.3,5.2,-6.9,-0.4,-1.5,3.9,-0.6,3.3,3.2,7.6,0.5,9.8,-4.9,0.4,-9.3,-3.7,-9.5,-10.6,-9.7,-7.1,-4.6,-4.6,-9.7,-15.4,-15.3,-15.3,-12.0,-9.5,-11.7,-7.5,-7.0,-6.6,-3.3,-6.3,-5.7,-4.3,-9.8,-16.0,-5.5,-2.8,-6.0,-7.6,-5.1,-5.7,-3.0,-1.7,-5.5,-2.9,-2.6,-2.7,-2.3,-2.2,-4.3,-4.1,0.3,-9.0,-3.6,-11.4,-4.2,-2.0,-9.5,-4.3,-2.9,-4.3,-2.5,-5.2,-3.9,-4.3,-8.1,-6.9,-11.4,2.4,-8.9,-7.7,-7.2,-7.2,-4.3,-7.5,-2.5,-10.8,-4.7,-11.1,-7.8,-11.1,-4.9,-8.1,-15.6,-12.5,-6.1,-6.2,-6.1,-3.8,-1.7,-4.9,-5.7,-14.7,-8.6,-9.1,-11.3,-6.0,-5.9,-6.3,-6.8,-10.8,-9.2,-8.6,-8.4,-7.6,-6.7,-3.8,-7.1,-6.3,-9.1,-4.0,-7.3,-5.3,-6.6,-9.7,-13.9,-8.1,-4.2,-5.5,-9.6,-10.7,-10.2,-10.5,-10.4,-9.3,-8.7,-9.9,-13.0,-5.3,-1.1,-8.4,-7.2,-5.5,-4.0,-5.2,-4.9,-11.8,-6.2,-5.8,-5.4,-4.5,-7.0,-7.6,-4.9,-7.9,-4.2,-5.5,-7.4,-4.2,-6.4,-10.1,-9.3,-11.7,-10.4,-13.3,-8.4,-8.5,-10.3,-6.6,-7.6,-7.5,-12.4,-9.5,-8.2,-8.4,-12.2,-8.4,-8.7,-3.8,-9.7,-8.6,-9.5,-6.2,-7.0,-8.7,-12.7,-6.3,-9.9,-8.7,-10.2,-9.6,-13.3,-12.5,-10.2,-11.7,-10.8,-11.3,-8.6,-9.0,-7.7,-8.0,-9.1,-9.1,-6.7,-7.1,-7.9,-7.2,-6.6
2C7L51KFYn,0,48.109877,11.631987,4442578.55,2778711.4,532.4,578.1,299,7449,2.7,0.79,0.4,32.68,348.97,-0.53,-0.103,0.842,-1.3,0.1,-0.55,0.22,1.7,0.2,-0.3,-1.3,-1.7,-1.4,-1.5,-3.3,2.4,-2.8,-2.1,-3.5,-0.9,-2.9,-2.1,-5.0,-0.7,-5.4,1.5,0.0,-2.9,-4.3,-3.2,-6.2,-4.6,-1.6,-2.8,-2.1,2.3,-8.0,-3.6,-6.7,-4.8,-12.1,-8.0,-10.0,-7.7,-11.7,-4.8,-0.5,-2.4,-2.5,-4.2,-3.7,-3.0,-3.8,-2.7,-3.5,-0.9,-2.1,-2.4,-6.4,-2.3,-3.5,-1.4,-1.9,-1.8,-3.9,-1.0,-4.2,-4.3,-2.9,-2.1,-4.2,-2.7,-7.0,-7.3,-1.4,-1.1,-3.6,-1.0,-3.2,-2.9,-1.0,-5.5,-2.2,-4.1,-5.9,-5.7,-5.1,-6.6,-6.6,-9.3,-8.9,-7.7,-7.2,-5.7,-8.0,-8.7,-7.2,-6.3,-6.3,-8.7,-8.3,-3.8,-8.6,-5.6,-7.8,-11.0,-6.6,-5.7,-6.6,-7.7,-7.2,-9.8,-7.4,-5.9,-6.3,-4.8,-3.1,-5.0,-1.5,-4.4,-2.1,-1.8,-2.7,-2.6,-2.7,-1.3,-6.4,-2.7,-0.2,-4.9,-4.8,-4.1,-3.6,-4.7,-6.4,-6.6,-3.8,-6.6,-5.5,-5.0,-6.5,-1.8,-1.5,-6.1,-9.6,-8.0,-8.2,-3.1,-3.7,-4.0,-7.7,-7.4,-5.4,-5.6,-4.9,-4.6,-2.9,-4.9,-5.5,-3.4,-5.8,-2.5,-3.3,-5.1,-2.5,-4.2,-3.9,-1.0,-5.2,-3.2,-4.3,-10.3,-8.3,-7.2,-7.7,-5.6,-2.7,-6.6,-8.3,-6.1,-4.8,-6.6,-9.8,-1.9,0.3,-4.2,-4.6,-6.3,-7.7,-1.6,-9.9,-8.9,-9.6,-10.8,-9.9,-8.6,-7.4,-10.7,-19.0,-20.4,-18.9,0.9,-16.8,-5.1,-8.9,-6.6,-5.6,-9.7,-7.0,-10.8,-11.7,-12.9,-12.0,-9.8,-11.2,-8.2,-9.5,-14.5
2C7L51KWZn,0,48.108977,11.624841,4442048.39,2778599.76,534.3,580.0,300,7323,2.7,0.85,0.47,32.64,348.97,-0.529,-0.103,0.842,-0.9,0.1,0.26,0.21,0.9,0.2,-0.3,0.6,-1.8,-3.2,-3.2,-2.8,2.1,-1.6,-1.6,-1.7,-11.4,-1.8,1.5,-1.8,0.1,-3.5,-2.0,-1.5,-2.5,-4.0,-2.4,-1.5,-1.3,-2.7,-1.0,-2.0,-0.6,-0.5,-0.2,0.0,-5.5,-17.9,-4.7,-3.1,-4.2,-5.8,-3.8,-1.6,0.3,-0.9,-0.6,-1.8,-1.5,-0.7,-2.0,-3.4,-1.8,-7.6,-3.5,-3.0,-3.4,-1.0,-2.5,-1.6,-1.7,-6.7,-2.4,-2.0,-3.3,-2.2,-1.6,-3.3,-3.4,-2.6,-3.6,-0.2,-0.8,-3.8,-4.0,-4.0,-3.9,-5.5,-4.2,-5.9,-4.8,-3.7,-4.3,-3.1,-4.6,-3.8,-3.5,-4.2,-3.7,-4.5,-6.4,-7.0,-4.4,-4.8,-3.4,-5.1,-3.9,-5.5,-6.8,-8.5,-8.0,-6.6,-6.8,-7.3,-5.5,-4.3,-5.4,-4.0,-5.1,-5.8,-5.2,-5.3,-5.3,-5.3,-5.3,-5.0,-5.0,-3.4,-4.4,-5.7,-5.6,-5.3,-5.1,-8.1,-5.1,-3.8,-6.1,-7.6,-5.9,-5.3,-6.4,-4.3,-6.2,-6.8,-6.5,-6.1,-4.9,-6.9,-8.9,-7.3,-8.3,-8.5,-8.5,-5.3,-7.7,-6.0,-1.6,-6.6,-7.5,-2.6,-1.0,-1.7,-3.6,-4.0,-2.9,-3.2,-2.7,-2.6,-4.7,-3.9,-5.2,-3.1,2.1,-6.0,-5.1,-4.2,-4.5,-5.4,-10.7,-6.1,-8.7,-6.3,0.2,-4.0,-9.3,-3.4,-8.3,-6.2,-8.8,-3.4,-9.1,-1.1,-1.9,-2.1,-1.7,-7.7,-4.3,-6.1,-5.2,-5.2,-9.6,-3.2,-4.4,-6.5,-4.5,-7.3,-6.7,-6.6,-10.8,-9.3,-6.7,-19.3,-5.8,-6.5,-6.5,-2.1,-8.5,-2.7,-5.7,-9.4,-21.7,0.8,-7.4,-5.5,-10.1
2C7L51KWbb,0,48.109821,11.63141,4442535.7,2778704.27,540.9,586.6,300,7435,4.7,0.57,0.42,32.67,348.97,-0.53,-0.103,0.842,2.2,0.2,1.48,0.36,1.4,0.3,-0.3,-1.9,-5.1,-0.1,-4.9,-5.7,0.1,-1.0,1.2,1.0,1.5,-0.3,3.5,0.2,-0.0,0.4,1.1,-0.1,-0.5,-2.4,-1.2,-4.4,-1.6,-0.7,-1.5,1.5,1.0,-0.8,1.4,-17.6,-2.2,-5.1,-3.0,-3.5,2.5,-1.3,-1.2,2.6,1.4,3.2,0.2,-2.8,-0.7,0.5,-2.1,0.8,-3.8,0.7,-3.7,-1.0,-2.0,-5.1,-3.9,-0.6,-3.4,-1.5,-5.6,-3.6,-6.2,-5.4,-7.2,8.0,-0.7,6.4,-2.1,-16.4,2.4,-8.5,0.7,-5.3,-5.2,0.4,1.2,-6.6,-1.0,-5.4,-0.7,-3.6,-3.9,-4.9,-0.1,-2.9,-0.4,-2.9,-3.2,-4.4,0.9,-1.9,0.7,2.7,1.1,2.3,-8.6,-8.3,-1.1,-3.9,2.0,2.4,2.3,-0.2,0.3,-2.0,1.2,1.2,-1.1,-2.1,-3.7,-2.9,-1.7,-0.4,-2.1,-0.6,-2.4,0.9,-3.6,-6.0,-15.5,2.5,1.2,3.9,-1.0,3.4,-0.5,5.0,-3.1,-2.3,-0.5,11.5,-3.5,-0.1,-0.2,-2.6,0.2,0.5,-0.3,-3.4,1.8,-1.0,1.6,0.7,1.1,4.9,8.6,8.5,3.7,14.2,5.1,-0.5,11.2,9.8,-0.0,2.0,-0.7,3.7,-1.9,1.1,-8.0,-2.1,-0.6,1.6,-0.2,-0.1,-5.8,-0.6,-4.1,-6.5,-2.3,-1.0,6.0,-0.8,-0.5,0.1,-2.5,-0.7,-1.0,12.2,13.7,10.6,14.3,7.9,7.4,4.9,15.6,13.5,13.8,11.3,9.4,12.0,7.0,6.1,4.5,11.4,-9.9,-10.7,12.2,6.3,2.8,14.4,7.7,3.9,2.5,4.8,13.4,-3.1,16.5,15.1,13.2,16.4,16.6
2C7L51KWbt,0,48.109925,11.632219,4442595.69,2778717.16,531.3,577.0,300,7453,2.4,0.84,0.33,32.68,348.97,-0.53,-0.103,0.842,-0.2,0.1,1.08,0.2,0.8,0.2,-0.3,0.9,0.1,0.4,0.6,0.4,1.1,1.3,0.7,1.2,1.0,0.8,1.3,0.7,1.4,0.3,0.8,0.1,-0.1,-0.6,-0.9,-0.3,-1.3,0.6,-0.0,2.2,1.7,2.4,2.2,-0.2,-1.6,-3.3,-2.6,-1.5,1.1,-0.8,-0.3,1.7,2.8,1.7,1.0,1.3,1.5,0.9,-0.6,-0.7,0.9,1.9,1.4,1.2,1.6,0.9,1.2,1.1,0.5,1.1,0.3,1.6,1.2,1.2,1.2,1.2,0.7,-2.9,-0.7,-2.0,1.1,0.4,0.3,-0.5,0.0,0.6,0.1,1.2,0.6,0.5,0.6,-0.1,-0.3,-1.1,-1.0,-1.2,-0.9,-1.3,-0.6,-1.9,-0.8,-0.4,-0.2,0.1,-2.1,-1.2,1.1,-2.5,-1.0,-3.4,-2.4,0.7,-0.7,-0.1,0.1,0.2,-1.6,-0.1,0.6,-0.1,0.2,0.9,0.4,-0.7,0.4,-0.1,0.5,0.7,0.2,0.1,0.0,-1.8,0.0,0.6,-1.1,-2.1,0.2,0.8,-0.9,-0.6,-0.3,1.1,0.5,-0.1,0.1,-1.3,-1.1,0.3,-1.7,-3.8,-2.3,-1.3,0.1,1.4,1.3,0.5,-1.6,-0.9,-1.4,0.7,-0.2,0.1,0.3,0.6,-0.7,-0.9,-0.0,-0.7,-0.3,-1.5,0.3,0.6,-0.3,-0.5,-0.7,-2.8,-5.9,-4.6,-4.1,-3.9,-2.1,-1.5,-0.5,-2.7,-0.8,-1.3,-2.9,-4.3,-4.3,-4.0,-6.2,-6.1,-4.5,-12.3,-4.8,-7.9,-4.4,-2.5,-4.1,-4.7,-5.4,-2.5,0.3,-13.9,-1.1,-2.5,0.5,-5.1,5.1,-6.1,7.4,7.8,7.3,6.5,9.6,8.5,8.1,6.2,6.1,5.3,5.7,4.6,5.9
2C7L51KWYi,0,48.108527,11.621191,4441777.61,2778543.74,540.9,586.6,300,7256,2.6,0.83,0.42,32.6,348.93,-0.529,-0.103,0.842,-1.1,0.1,-0.64,0.21,1.0,0.2,-0.3,0.3,-0.6,1.7,-2.5,-0.4,1.4,-1.0,-0.8,-1.9,-14.4,-1.0,2.7,-2.0,-3.4,-2.9,-0.9,-1.3,-0.9,-0.3,-1.6,-1.1,-1.4,2.6,2.0,0.5,3.4,0.4,0.7,-3.2,-6.1,5.7,-4.1,-3.0,-7.7,-5.1,-2.4,-2.7,-2.3,0.5,1.5,-1.4,-0.2,-3.5,-2.3,-3.0,-3.8,1.0,-2.1,-4.9,-0.8,-4.1,-5.1,-3.4,-0.7,1.4,-1.9,-2.1,-2.6,-3.3,-2.9,-3.7,-1.2,1.6,-3.5,-1.9,0.2,-1.7,-4.8,-3.2,-3.8,-2.0,-2.6,-2.5,-1.5,-2.0,-1.5,-3.2,-5.2,-4.9,-3.5,-4.8,-5.1,-4.3,1.1,-5.9,1.4,-5.1,-1.4,-1.5,-4.2,-3.3,-2.7,-1.1,-2.9,-3.0,-0.6,-2.9,-1.8,-1.8,-3.2,0.4,-2.5,-1.4,-2.6,-2.0,-2.4,-3.8,-3.9,-2.8,-3.2,-3.2,-3.2,-1.6,-2.6,-2.4,-3.0,-0.3,-2.6,-1.8,-3.6,-3.0,-4.7,-4.4,-4.4,-2.0,-1.4,-0.5,-3.6,-3.4,-1.8,-7.8,-6.4,-3.5,-4.0,-2.3,2.1,6.8,-3.2,-1.1,-0.2,1.6,0.8,-3.8,-3.8,-0.6,-2.1,-2.0,-2.5,-2.7,-4.4,-3.6,-2.2,-4.6,-4.7,-4.3,-5.2,-5.5,-6.1,-6.6,-7.1,-2.7,-2.3,-0.4,0.9,-2.8,0.2,-2.7,-2.6,-3.2,-6.8,-4.1,-3.4,-0.1,2.2,1.2,4.8,-4.9,-4.5,3.1,-3.6,-6.1,-12.6,-7.8,-12.7,-12.1,-8.0,-11.5,-10.9,-5.0,-5.9,0.0,-4.3,-5.4,-6.6,-9.4,-8.1,-6.6,-8.1,-11.4,-8.7,-8.0,-7.7,-5.6,-12.6,-6.1,-7.6,-7.4,-6.6
2C7L51KWYq,0,48.108585,11.621642,4441811.06,2778550.91,542.2,587.9,300,7264,4.0,0.7,0.44,32.6,348.93,-0.529,-0.103,0.842,-0.2,0.2,-0.41,0.31,0.8,0.3,-0.3,7.0,10.7,-8.2,-0.4,-8.6,9.6,1.1,2.2,-3.4,1.5,1.3,8.6,1.6,1.5,4.8,-0.4,-0.6,-1.1,-1.7,-0.2,-3.3,-4.4,-2.5,0.4,-1.1,-3.0,-0.0,-12.7,-5.3,-2.7,-14.3,-5.4,-11.5,-8.9,-8.9,-6.0,-7.5,-0.5,-1.7,-1.8,10.9,-2.8,0.7,-2.9,-5.8,-5.5,1.8,-6.4,-10.5,-8.1,-6.0,-0.7,-0.2,-0.7,-2.4,-0.9,0.7,-2.7,-2.9,-2.9,-2.9,-3.5,-2.0,-3.3,-1.5,-0.8,-4.5,6.6,1.2,4.7,-0.1,-1.3,-5.0,-1.9,-1.9,-2.4,1.4,-2.2,-4.2,-7.3,-2.0,0.2,-0.9,-1.4,-0.3,1.6,-1.1,-0.8,-1.0,-5.4,-1.8,-7.4,-4.5,7.6,1.1,-1.2,-0.8,0.9,-1.9,-0.8,-4.3,-1.7,-2.3,1.4,-1.7,-1.4,-0.2,0.6,-2.2,-0.9,-2.2,-4.9,-1.0,-4.0,-0.9,-2.7,-5.8,-2.4,-2.8,-1.9,-2.4,-5.9,-4.0,-1.8,-1.6,-2.6,8.1,0.9,-4.5,-1.0,-3.3,-3.8,8.1,-2.5,-0.2,-2.7,0.0,2.2,-0.5,1.2,2.2,-0.8,0.9,2.8,4.2,8.8,6.0,-4.4,-1.6,-1.9,2.5,1.3,-1.3,-2.9,-1.8,-1.6,-1.1,-0.4,-2.7,-3.8,-2.4,2.0,-1.3,-2.7,-5.5,1.7,0.2,-9.8,-0.9,-3.7,-1.7,-3.1,-15.1,-2.5,5.2,9.1,-6.7,-3.1,-14.4,0.2,0.2,-5.1,-4.0,-3.6,-4.1,-2.1,-1.5,-4.7,-0.7,-3.4,-4.7,-5.4,-3.1,-2.8,-2.2,1.5,-2.8,-2.2,-2.1,-5.2,-1.8,-2.5,-1.9,-1.8,-0.8,-3.6,2.5,-12.9
2C7L51KWZJ,0,48.108783,11.623179,4441925.08,2778575.38,536.9,582.6,300,7293,4.3,0.66,0.52,32.61,348.93,-0.529,-0.103,0.842,-1.1,0.2,0.26,0.34,0.8,0.3,-0.3,0.4,-0.5,-1.0,-1.6,0.1,4.1,-0.7,-0.3,2.8,-0.7,0.4,4.7,-0.6,4.0,1.5,4.8,-3.1,3.5,-2.0,-1.9,-1.7,-3.5,-1.5,-1.6,0.8,2.7,1.0,-0.4,-2.5,-2.9,-12.0,-16.9,-4.4,-18.0,-9.8,-7.2,-9.7,-3.0,6.9,-9.4,-8.1,0.9,-4.3,-5.7,-7.7,-6.1,-4.5,-2.8,-4.3,-3.2,-4.8,-2.3,-3.5,0.8,-3.0,-2.7,-1.7,-3.5,-2.4,-2.5,-4.9,-4.4,-4.5,-4.0,-5.6,0.5,-4.9,-3.9,-9.6,-8.2,-6.6,3.2,-2.7,-4.5,-1.9,-2.4,-0.7,-14.2,-8.4,-3.5,-5.1,-6.1,-0.6,5.7,-0.4,-5.1,-3.3,6.8,-4.9,-5.3,-5.8,-1.7,-4.3,0.1,2.5,-4.6,-4.4,-2.2,-0.5,-2.7,0.6,1.9,-4.3,-2.5,-4.3,-5.2,-1.2,-0.3,-0.4,-3.3,-2.9,-7.0,-11.6,-14.5,-14.3,-21.1,-17.3,-16.2,-10.9,-10.8,-15.1,-12.8,-17.3,-12.8,-14.6,-3.7,-2.1,-1.0,-3.2,-4.7,-2.3,-6.5,-8.5,-3.8,-2.1,-3.1,1.1,-4.7,-5.6,0.8,-1.4,-1.4,-3.0,-1.8,-1.1,-1.8,-8.3,-1.9,-2.7,-2.9,-0.4,-2.1,-2.0,-3.1,-9.7,-5.3,-2.9,-4.2,-3.0,-3.8,-2.9,1.3,-0.8,-4.6,-10.0,-7.6,-2.1,-9.4,-8.4,-4.6,-6.0,-7.3,-6.7,-6.5,-5.6,-9.3,-6.8,-6.6,-1.1,-6.0,-7.0,-6.2,-5.0,-7.3,-8.2,-3.5,-4.1,-6.4,-8.3,-6.0,-10.7,-7.6,-10.3,-7.1,-10.6,-7.6,-9.8,-7.3,-8.3,-6.9,-6.4,-5.5,-5.9,-11.6,-5.5,-16.3,-8.5,-12.8
2C7L51KWZK,0,48.108784,11.623194,4441926.19,2778575.62,534.9,580.6,300,7294,4.2,0.62,0.46,32.61,348.93,-0.529,-0.103,0.842,-1.1,0.2,0.71,0.34,0.2,0.3,-0.3,-2.1,-2.1,-1.7,-1.8,-0.4,3.8,-2.7,-2.0,-0.8,0.2,-1.1,3.8,-3.6,-1.2,-0.7,0.3,-0.8,3.7,-1.2,-7.1,-1.6,-4.6,0.2,-4.3,-6.3,5.8,0.2,-0.5,-2.0,-5.0,-16.8,-9.1,-5.8,-16.1,-14.1,-8.6,-9.8,-2.9,8.8,-12.1,-2.6,-4.3,-5.0,-8.2,-10.2,-10.0,-10.1,-6.7,-7.6,-7.2,-6.4,-5.3,-5.2,-4.7,-5.4,-6.4,-4.5,-5.7,-4.3,-5.3,-6.0,-6.2,-5.1,-4.7,-3.2,-1.6,-8.2,-4.9,-8.9,-10.9,-9.5,-8.9,-8.1,-8.6,-11.2,-3.5,-7.4,-11.8,-6.3,-8.3,-9.0,-9.5,-10.4,-11.1,-9.6,-5.1,-6.4,-4.3,-7.0,-8.5,-8.3,-5.0,-8.1,-5.4,1.5,-5.3,-8.0,-6.7,-6.8,-13.5,-10.7,-5.5,-10.3,-3.9,-7.1,-4.5,-2.5,-3.6,-16.0,1.2,6.0,-8.8,-12.5,-16.3,-18.0,-19.5,-16.0,-13.8,-12.4,-12.7,-15.4,-12.2,-15.1,-13.6,-14.8,-6.8,-5.6,-1.9,-5.8,-3.1,-6.3,-6.6,-7.8,-7.5,-3.7,-5.0,-0.2,-3.5,-4.9,-0.3,-7.2,-3.3,-2.5,-2.3,-2.5,-3.2,-6.9,-4.8,-4.0,-2.6,-8.5,-2.9,-4.0,-3.3,-10.7,-8.4,-5.1,-5.0,-4.5,-4.6,-19.8,-12.3,-10.5,-5.9,-10.4,-7.1,2.6,-10.4,-10.1,-8.5,-7.7,-9.7,-9.4,-9.2,-7.5,-7.7,-8.3,-5.9,-19.3,-6.3,-7.7,-7.3,-6.7,-8.4,-6.8,-7.2,-7.8,-8.1,-10.9,-9.5,-12.1,-7.7,-12.5,-15.4,-16.3,-10.4,-8.2,-14.2,-11.1,-10.4,-9.3,-7.5,-8.8,-9.0,-8.0,-11.7,-4.8,-12.2
2C7L51KWZy,0,48.109082,11.625513,4442098.2,2778612.51,534.6,580.3,300,7334,4.6,0.58,0.5,32.65,348.97,-0.53,-0.103,0.842,-1.2,0.2,-0.62,0.36,1.2,0.3,-0.3,-4.1,5.8,3.2,3.5,2.3,4.2,-3.1,-0.5,0.3,2.0,-2.4,4.3,1.3,2.7,3.3,2.1,-4.0,10.3,-0.5,-6.8,-3.2,-2.6,6.4,-2.1,5.2,-5.7,9.5,-5.9,-3.6,-4.1,8.6,-2.1,-12.6,-4.7,-6.5,-10.6,11.9,4.2,-2.7,-1.5,11.9,1.2,-0.2,-1.2,4.4,-2.5,-11.2,1.9,10.7,-0.1,1.2,-8.5,2.7,0.5,-0.8,-0.2,-0.9,1.6,0.3,2.2,1.8,1.6,4.4,2.5,2.1,-1.8,4.5,3.5,1.2,2.0,-2.4,1.8,2.6,-0.3,3.2,-0.3,5.1,3.5,0.3,-7.3,4.9,-0.3,-0.6,0.0,1.0,2.5,-1.4,10.0,-10.5,-3.4,7.1,-4.3,-5.5,-6.3,-1.4,1.5,-2.5,-2.0,2.5,-0.9,3.0,-0.4,-2.8,0.4,0.4,1.0,-0.5,-1.0,0.2,1.0,4.3,1.0,4.6,-2.3,5.6,-1.4,-1.2,-0.6,3.1,1.3,0.1,-1.2,0.6,2.7,-1.1,-4.2,2.4,3.7,4.1,7.0,-3.9,-1.5,1.9,10.9,-9.4,-0.7,-2.1,-2.0,1.7,2.3,-2.4,0.6,-5.4,0.4,-3.3,0.1,-3.7,-1.6,-0.3,0.4,3.9,-6.9,0.4,-1.8,-4.3,-5.0,-10.8,-5.2,-4.8,-1.7,5.7,6.8,0.6,-0.5,-2.1,-13.3,-4.9,-11.6,-3.4,-3.9,-7.5,-10.9,-12.6,-5.4,-7.8,-2.1,-2.4,-4.3,-0.8,-2.3,-4.0,-6.7,-4.7,-4.5,-1.2,1.5,-10.8,8.9,-8.8,-2.0,-11.2,-14.7,-9.1,-8.5,6.9,-3.6,-2.9,5.3,-14.4,-12.0,-3.6,-12.4,3.2,-4.5,-4.7,0.6,-1.6,-1.2
2C7L51KWaE,0,48.109206,11.626477,4442169.72,2778627.84,539.1,584.7,300,7350,3.6,0.65,0.45,32.65,348.97,-0.53,-0.103,0.842,-0.9,0.2,-0.26,0.27,3.2,0.2,-0.3,2.3,-2.0,-1.2,-1.5,-2.0,-1.0,-0.1,-1.6,3.1,-1.2,4.1,-0.0,3.6,1.2,5.9,4.2,-3.2,-7.2,-6.5,-6.2,-6.1,-6.0,-9.5,-10.4,-6.1,-5.3,-6.4,-5.9,-2.7,-7.5,-18.8,-12.7,-13.2,-11.5,-8.5,-8.7,-5.3,-7.2,-5.3,-7.6,-4.6,-6.4,-4.2,-3.9,-4.4,-3.5,-10.0,-3.1,-1.3,-4.0,-2.0,0.9,1.6,1.7,-0.6,-3.1,-1.5,-0.7,-1.2,1.8,-0.7,-4.2,2.4,-0.1,-5.6,-1.8,-0.0,4.3,-4.2,-5.8,-4.3,-3.9,-1.9,-3.5,2.6,2.4,-0.1,-12.7,0.5,-5.4,-1.8,-6.5,-5.1,-0.3,-0.9,-9.9,-9.5,-4.5,-6.2,-7.8,-5.3,-5.7,-5.8,-13.4,-6.4,-5.6,2.2,-8.9,-3.3,-2.0,-0.1,-12.7,-12.0,-9.2,-3.8,-5.8,-2.9,0.4,-1.3,-3.4,-3.8,-2.4,-0.0,4.6,-3.5,-2.4,-4.1,-3.6,-3.7,-4.4,-6.9,-3.7,-1.5,-5.3,-6.8,-8.0,-5.3,-16.6,-2.9,-6.2,-9.5,-10.3,-4.4,-10.6,-8.1,-10.0,-6.9,-7.1,-5.9,-3.1,-6.3,-3.2,-7.1,-5.0,-0.7,-6.3,-3.6,-1.7,-2.7,-3.3,-1.0,0.8,-2.7,-1.5,-2.8,-1.9,-5.5,-8.1,-5.8,-2.7,-6.7,-9.3,-6.1,-8.8,-15.6,-6.8,-10.4,-9.7,1.6,-5.4,-7.9,-7.6,-9.4,0.3,-4.8,-8.2,-7.8,-4.4,-7.5,-6.6,-5.5,-5.1,-3.3,-1.3,-5.4,0.4,-4.2,-21.2,3.1,-11.7,-5.9,-13.8,-10.1,-9.3,-7.9,-12.2,-10.6,-18.6,-8.3,-6.3,-6.1,-6.3,-8.9,-1.0,-7.4,-3.8,-6.8,-9.3
2C7L51KWar,0,48.109485,11.628647,4442330.68,2778662.37,536.0,581.6,300,7389,1.8,0.91,0.3,32.66,348.97,-0.53,-0.103,0.842,-0.7,0.1,-0.02,0.13,1.2,0.1,-0.3,0.4,0.2,-0.1,0.8,-0.4,-1.1,-0.2,-0.4,-0.7,0.0,0.3,1.1,-1.5,-1.1,2.3,-1.4,-3.2,-0.4,-3.1,-1.4,-3.7,-4.3,-1.4,-0.3,-1.5,-2.2,-0.7,2.7,-4.0,-7.1,-10.6,-7.6,-3.8,-3.6,-1.4,-4.5,-1.1,1.8,-0.2,-1.7,-2.1,-1.1,-0.2,-3.6,-3.1,-2.6,-2.6,-2.9,-1.7,-0.3,-2.6,-0.7,-2.0,-1.4,-0.5,0.1,-0.7,-2.7,-2.3,-2.1,-1.2,-2.1,-1.3,-0.5,-0.9,1.7,-1.0,-2.0,-3.0,0.7,-2.6,0.6,-3.1,-1.0,-2.6,-2.8,-2.8,-2.8,-3.6,-5.9,-3.9,-4.6,-3.0,-2.5,-3.0,-3.2,-2.3,-0.4,-2.8,-4.2,-4.6,-3.2,-5.3,-5.9,-7.3,-2.1,-0.3,-0.6,0.0,-2.5,-4.6,-4.0,-2.1,-1.2,-0.2,-0.5,-2.9,-1.8,-3.0,-2.6,-1.6,-2.0,0.2,-3.0,-2.5,-0.9,-4.6,-3.2,-1.1,-3.4,-3.0,-3.1,-0.9,-1.6,-3.5,-0.6,-2.5,-1.8,-4.4,-6.4,-4.4,-4.8,-1.6,-4.9,-5.4,-4.3,-4.7,-2.4,-2.4,-0.0,-1.6,-2.5,-4.4,-2.0,-1.6,-3.2,1.9,-1.2,-0.4,-2.6,-0.7,-0.9,-0.5,-3.3,-3.4,-1.1,-2.6,-4.1,-4.4,-3.2,-6.8,-5.4,-5.3,-5.7,-5.1,-3.8,-4.8,-3.6,-5.7,-3.8,-5.3,-7.0,-5.8,-3.0,-5.0,-3.8,-4.7,-5.0,-0.6,-5.5,-4.3,-5.5,-5.4,-5.7,-3.2,-2.3,-4.4,-4.7,-6.9,-2.3,-6.1,-6.9,-8.9,-1.8,-4.9,-6.8,-9.2,-3.1,-1.4,-6.6,-6.7,-3.6,-6.4,-1.4,-1.4,-3.9,-2.9,-3.4
2C7L51KWbu,0,48.109951,11.632275,4442599.76,2778720.1,531.5,577.2,300,7454,2.7,0.78,0.38,32.68,348.97,-0.53,-0.103,0.842,-0.4,0.2,1.52,0.22,0.7,0.2,-0.3,-0.6,-2.0,-0.5,1.2,0.8,0.6,0.9,-1.7,-0.6,-1.3,0.6,0.2,-0.0,1.0,1.6,-0.6,0.7,1.2,-0.1,-1.9,-2.1,-2.0,-4.7,-1.6,2.3,2.5,1.5,1.7,2.2,-2.0,-2.5,-0.5,-1.6,0.8,-3.8,0.3,2.5,2.6,2.2,3.3,2.0,-0.7,2.0,-1.1,-1.3,-2.8,2.6,1.8,-0.0,1.6,-0.9,-1.0,-0.6,-0.9,1.3,-3.0,1.6,0.3,1.1,0.2,0.1,-1.3,-8.3,-1.4,-6.8,-0.3,-1.7,-1.4,-2.9,-1.5,-1.2,-0.9,-0.3,0.1,-0.9,-0.7,-1.9,-2.2,-2.9,-3.4,-4.1,-2.4,-2.9,-1.9,-4.1,-1.8,-2.5,-1.6,-4.2,-5.1,-3.8,0.1,-3.9,-2.9,-4.8,-2.9,-1.6,-2.7,-3.6,-3.7,-1.0,-5.8,-0.9,1.0,-2.5,-2.0,-0.0,-2.4,-4.1,0.1,-1.5,-2.0,-1.8,-2.9,-1.7,-1.9,-2.0,-3.4,-2.4,-6.0,-5.4,-2.7,-2.4,-4.3,-5.0,-5.8,1.4,-1.2,-0.8,-1.4,-3.4,-3.6,-2.6,-3.2,-8.5,-3.6,-3.3,-2.2,0.2,-0.1,-0.8,-3.6,-2.1,-3.2,-0.0,-0.8,-1.3,-1.2,-1.4,-3.6,-2.1,-1.4,-3.3,-0.6,-3.6,-1.5,-0.7,-2.4,-2.6,-2.9,-6.7,-9.0,-7.2,-7.0,-4.6,-4.0,-5.0,-1.9,-5.7,-3.5,-4.8,-2.9,-8.7,-10.9,-3.3,1.2,-5.6,-5.3,-10.7,-11.5,-11.3,-5.7,-5.5,-7.2,-7.5,-8.9,4.3,6.1,2.1,0.6,-11.9,-1.1,-6.9,-4.8,-1.9,1.7,3.8,5.6,4.6,5.4,4.9,4.4,4.0,4.4,4.1,3.2,3.2,3.1
2C7L51KWZQ,0,48.108873,11.623738,4441966.46,2778586.31,543.7,589.4,300,7300,3.2,0.8,0.41,32.64,348.97,-0.529,-0.103,0.842,-0.4,0.2,-0.33,0.24,0.8,0.2,-0.3,-0.0,0.1,-0.3,-0.1,-0.5,-4.4,2.3,0.3,0.6,1.1,-0.7,-2.0,1.8,4.3,0.7,2.6,4.4,5.2,1.4,-0.8,2.4,-4.7,2.0,3.6,3.3,3.5,2.5,1.4,-3.5,-1.3,7.3,-0.7,-3.5,-2.3,0.7,1.4,1.9,5.2,3.5,5.3,-0.1,-1.2,4.1,0.6,2.9,-0.5,-2.4,0.3,-1.6,-0.4,0.4,2.6,0.3,0.2,0.8,0.4,-3.4,-1.0,0.4,-5.0,-0.9,-0.8,-3.1,1.9,-7.8,-4.0,-2.0,1.1,-0.4,-2.1,-2.4,-1.0,-2.3,1.8,2.0,1.5,2.1,-1.1,-1.6,2.0,1.8,-2.2,-1.4,-3.0,-1.5,0.9,2.3,1.6,1.4,1.5,2.9,4.2,-3.7,2.3,3.7,-1.2,-1.1,1.0,2.0,4.3,2.8,5.9,1.6,2.8,1.0,0.0,0.6,3.9,4.1,-0.9,2.2,-0.4,1.2,1.0,0.7,-1.9,-0.9,0.7,-3.7,-2.0,-0.6,-3.6,-3.5,0.6,3.2,3.7,-4.6,3.6,2.2,1.8,0.1,4.2,-3.4,-0.2,1.8,-0.4,3.9,2.4,1.5,4.6,-10.2,-2.8,2.6,2.9,-0.7,-5.1,0.5,9.8,8.7,2.6,0.1,-8.0,-0.6,-0.0,2.2,1.0,6.5,1.8,0.5,0.3,-1.1,-2.7,3.2,-1.1,1.7,0.9,-0.8,2.3,1.6,1.7,-2.4,-1.2,-12.1,-16.6,-2.9,-5.0,-1.5,1.3,10.6,-0.3,-1.5,1.0,-3.0,-5.4,2.5,4.0,-7.7,0.8,-2.9,-1.3,-3.3,-0.5,-3.1,-3.2,-4.8,-0.7,0.0,0.2,-1.9,-1.4,1.5,-2.6,-0.1,-2.9,-3.2,-2.5,0.1,-1.1
2C7L51KWZR,0,48.108876,11.623763,4441968.33,2778586.72,542.1,587.8,300,7301,2.1,0.87,0.3,32.64,348.97,-0.529,-0.103,0.842,-0.4,0.1,-0.02,0.16,1.3,0.1,-0.3,1.6,1.4,1.5,0.9,-2.4,-2.5,0.8,0.6,2.9,0.2,1.8,-0.4,1.3,3.8,0.5,1.6,1.9,1.9,1.1,1.1,-0.3,-0.3,-0.1,3.5,2.2,4.5,2.3,-2.2,-1.4,-1.0,7.0,-1.2,-3.0,-0.9,-0.7,2.1,1.4,2.5,2.9,3.1,3.5,2.0,3.7,1.2,0.6,-1.4,-2.2,0.6,1.6,0.9,1.2,-1.5,-1.4,-1.6,1.3,2.3,-1.7,-0.0,0.6,-1.9,-0.7,-0.4,-2.2,-0.3,-6.0,-4.3,-0.9,-2.4,-1.8,-2.1,-3.9,-1.1,-2.6,-1.4,0.5,-0.0,0.7,-2.5,0.9,2.3,1.4,0.0,1.3,-1.3,-1.3,2.0,2.2,1.3,2.1,1.3,4.2,0.6,-4.5,-0.2,4.1,0.6,-1.2,3.4,3.1,5.0,2.4,3.3,2.1,0.6,3.0,2.5,2.5,2.4,3.0,0.3,2.3,0.7,0.5,0.1,1.0,-1.9,-0.5,-2.6,-1.6,-0.3,-2.7,0.8,-0.7,-1.0,-0.7,0.2,-3.9,3.3,2.7,1.6,-0.2,2.7,-1.6,1.6,1.9,0.6,3.0,0.9,2.8,4.4,-3.0,-1.9,0.5,3.0,0.6,-3.4,-0.5,0.5,-0.9,-0.4,-1.0,-0.6,-0.8,-0.3,-1.0,-0.1,5.3,0.5,-0.3,1.0,0.2,-0.4,4.2,-0.4,0.9,2.5,1.3,3.1,2.2,2.6,1.3,-0.0,-3.7,-8.4,-3.4,-7.1,-2.0,0.5,-8.7,-1.1,-3.2,-1.7,-2.7,-3.9,1.6,1.3,-3.0,1.0,-1.3,-1.4,0.8,-0.0,-0.8,-0.6,-2.4,-2.2,4.2,-2.6,3.1,0.4,-1.8,-2.0,2.3,-1.8,1.5,-3.5,2.3,-0.8
2C7L51KWZh,0,48.108992,11.624669,4442035.55,2778601.14,540.6,586.3,300,7317,1.8,0.91,0.24,32.64,348.97,-0.529,-0.103,0.842,-0.6,0.1,-0.63,0.13,0.5,0.1,-0.3,2.0,1.0,0.9,0.2,-0.0,-1.3,0.7,-1.0,0.2,-1.6,2.9,-0.5,0.6,0.2,-1.0,-1.2,1.3,-1.8,-1.1,-0.9,-0.2,-0.6,-0.9,0.0,0.1,4.6,1.7,-2.2,-2.5,-4.2,8.0,-2.6,-5.5,-3.8,-4.0,-1.2,-0.1,0.1,1.9,0.3,0.7,-0.5,1.3,-0.1,-0.1,0.2,-2.4,-0.6,0.0,-1.2,0.9,-0.3,2.3,2.5,1.5,2.8,0.4,1.5,0.9,1.7,1.6,1.2,0.9,0.6,-1.6,-2.5,-2.2,1.5,0.9,-0.3,-2.3,-1.7,-1.6,0.0,-0.1,1.7,0.2,0.8,1.0,0.3,-0.6,-0.9,-0.8,-1.3,-2.3,-0.1,0.3,-0.8,3.3,-0.3,1.6,-0.7,-1.6,-1.1,0.1,2.6,1.0,1.8,3.4,3.2,2.2,1.7,1.9,1.6,1.8,2.7,3.0,1.4,2.2,2.2,1.9,0.7,0.5,-1.9,0.9,-0.4,-2.7,-1.0,-0.3,0.0,-1.9,-0.2,-1.6,-0.4,-1.0,-1.6,0.3,2.3,0.2,0.3,-0.5,2.1,-0.7,-1.4,-2.0,-1.9,-0.7,-0.8,3.1,4.1,-1.6,0.4,1.6,2.1,0.7,-0.0,-1.4,0.3,2.9,1.0,-4.0,-0.3,2.1,-0.3,1.4,-0.3,-1.7,0.3,0.8,0.2,-2.6,-2.9,-0.9,-2.1,-4.1,2.5,0.1,-0.2,0.8,-0.3,-1.9,-2.3,-2.8,-5.8,-2.9,-1.7,-1.4,-2.2,-5.1,-1.1,-1.7,-1.3,0.0,-0.9,-0.7,-2.0,-0.9,-2.8,-4.3,-2.2,-4.9,-5.3,-2.9,-2.3,-5.0,-3.5,-0.7,-2.6,-4.5,-2.0,-2.9,-1.6,-1.0,-1.4,-1.9,-4.9,-1.7,-1.8
2C7L51KWa6,0,48.109142,11.625836,4442122.09,2778619.72,529.1,574.8,300,7342,2.9,0.81,0.41,32.65,348.97,-0.53,-0.103,0.842,-0.5,0.1,-0.6,0.23,0.2,0.2,-0.3,-1.2,-0.3,-1.7,-0.8,1.1,3.2,0.2,-1.2,-0.8,-3.3,-2.1,-0.3,-1.5,0.2,0.8,0.8,0.8,1.9,0.5,-1.3,-1.7,-2.2,2.3,4.7,1.6,5.0,-0.6,6.2,1.7,4.0,-11.7,-1.4,3.5,-4.3,-7.3,-4.8,1.6,2.4,-0.6,-1.0,2.2,5.2,4.0,-1.4,-0.7,0.1,-2.4,9.2,-2.2,-7.8,-6.9,-5.3,-2.8,-0.1,-3.6,-0.4,-3.0,-1.6,-0.9,-0.9,-4.1,-0.3,0.4,-3.2,1.4,1.1,-1.8,-1.1,-1.1,-0.6,-4.2,-6.7,2.3,-7.3,-1.5,0.2,0.2,-3.7,-5.6,-1.8,-2.5,-2.4,6.1,-0.4,1.1,-0.1,5.3,0.9,-1.1,-1.2,10.0,1.0,-8.5,-1.7,0.0,3.3,-1.1,-5.0,-0.9,0.6,-0.0,-0.7,-3.4,0.3,0.3,-2.9,0.2,-1.4,1.6,-2.0,-0.8,-3.2,-2.1,-0.7,-1.2,-0.7,-0.6,0.2,-2.5,-3.1,-0.4,-1.1,-2.2,-2.0,-2.4,2.3,0.3,0.6,1.0,-0.4,-3.8,1.2,-1.5,-0.5,-2.6,-3.7,-0.2,-0.8,2.9,3.4,-1.4,2.1,5.5,4.8,3.0,9.8,-4.5,-3.6,5.3,1.8,2.0,-0.5,0.2,0.2,2.1,1.7,-0.4,1.3,-0.8,1.4,-1.6,-1.9,-3.8,-3.5,-4.3,1.9,-0.6,-1.1,0.5,-2.5,-1.3,-4.0,-1.5,-2.4,-2.2,0.6,-2.6,-2.4,-9.0,-3.5,-1.5,-3.6,-0.4,0.5,-0.9,-3.4,-1.8,-0.0,-1.4,-1.0,-1.1,-4.0,-5.0,-6.7,-5.2,-3.7,-6.1,-5.2,-4.3,-2.3,-5.8,-4.6,-4.5,-4.0,-2.4,-3.9,-1.7,-1.7
2C7L51KWYs,0,48.108603,11.621496,4441800.11,2778552.73,530.4,576.1,300,7266,3.6,0.7,0.45,32.6,348.93,-0.529,-0.103,0.842,-0.4,0.2,-1.37,0.27,0.7,0.2,-0.3,1.3,1.9,0.6,3.4,-1.9,2.1,0.8,-1.2,-3.2,-0.7,1.3,2.0,-2.7,3.2,-5.8,-5.0,0.5,2.6,3.1,-1.4,3.2,-7.5,1.5,6.3,-1.0,-0.3,2.3,2.8,3.0,-1.0,9.0,-2.4,0.5,1.7,-3.9,-1.0,-3.5,-0.9,-1.6,-7.2,3.9,-0.4,2.6,8.9,3.0,6.5,-0.8,-0.2,10.6,2.0,0.1,6.5,2.9,1.1,-2.3,-1.0,-2.5,-2.2,-1.1,0.0,-1.3,-3.6,-7.4,1.7,-4.2,-3.2,1.2,1.2,0.5,-0.5,1.9,4.4,-0.3,-1.4,-0.4,-1.9,0.9,1.5,0.9,-0.7,7.7,5.2,1.7,1.8,1.2,-1.0,3.8,2.8,5.3,3.8,0.7,1.8,0.3,-0.3,14.5,3.8,4.2,6.5,3.8,4.4,4.2,10.7,6.0,6.0,6.0,4.2,-0.5,2.4,-2.8,5.0,5.8,1.9,2.7,6.6,6.5,1.8,-4.7,2.2,-0.3,2.4,0.2,-0.3,3.7,2.7,5.6,4.0,0.3,4.4,9.6,-1.1,-0.7,-1.1,2.2,-1.9,-1.0,-2.8,-8.3,2.7,4.8,0.6,-1.1,2.7,5.1,4.6,2.6,3.8,2.6,3.0,5.2,3.3,5.3,4.6,3.6,2.4,5.5,2.0,0.3,-0.0,4.5,4.2,-0.1,2.7,4.4,-5.8,7.5,1.7,-0.7,5.1,1.4,5.2,11.6,-3.8,-3.1,-2.1,-1.0,4.1,2.1,-0.5,-8.6,4.0,4.8,1.8,-0.9,-0.1,1.3,-2.1,-0.7,-5.4,-13.0,-4.2,-0.9,-2.9,-1.7,-6.2,-8.4,2.3,-5.2,0.8,-3.0,-0.7,-2.1,-3.7,-0.2,-1.5,-2.4,0.4,1.7,-0.3
2C7L51KWZW,0,48.108926,11.624009,4441986.56,2778592.7,539.6,585.3,300,7306,2.0,0.9,0.35,32.64,348.97,-0.529,-0.103,0.842,-0.3,0.1,-0.62,0.15,0.8,0.1,-0.3,-0.2,-0.6,-0.3,-0.6,-1.3,0.9,0.7,1.2,2.3,-4.7,1.0,-0.8,0.2,1.8,-1.5,-1.5,0.2,-0.1,0.4,-2.3,-0.9,0.7,-0.4,1.6,3.2,3.2,1.9,-1.9,0.9,-3.4,5.3,-5.4,-3.3,-3.9,-4.9,-4.0,-2.4,1.4,1.0,-0.5,0.9,-1.1,2.3,0.2,-1.7,-1.2,-4.9,0.8,0.2,-0.3,-0.1,0.2,0.5,0.6,1.0,0.4,-1.0,0.4,-0.8,-1.1,-1.1,0.2,1.2,-0.8,0.6,0.9,-0.7,-0.2,0.1,1.0,-0.3,-0.9,-1.3,-0.5,0.2,1.0,-0.0,-0.2,-0.9,-2.3,-0.9,-2.6,-4.4,-0.9,-2.9,-2.8,0.8,2.3,0.3,0.3,-0.2,-2.6,-5.0,-0.1,0.7,-1.5,-2.3,-1.0,2.1,1.9,0.1,2.4,-0.5,-0.4,1.3,1.4,1.8,0.6,1.3,0.4,0.8,1.3,-0.5,2.2,2.9,-2.3,0.4,2.3,1.7,-0.5,3.2,0.9,-1.1,-2.4,1.7,-0.2,11.5,0.6,-0.4,0.2,0.8,0.2,-3.2,-1.3,-1.2,-0.2,0.7,0.7,1.4,3.0,-4.2,-5.9,-0.4,0.6,1.5,0.1,-2.6,-0.2,1.9,2.5,1.1,1.2,1.4,-0.9,2.3,1.9,0.4,2.1,1.4,0.3,-5.5,-1.0,-0.7,0.5,-0.5,-1.8,-2.7,-1.6,1.3,1.1,0.5,-2.5,-3.9,-1.8,-6.2,-0.1,1.5,0.5,2.1,0.1,0.1,-0.6,-4.4,-1.8,1.8,-0.1,-1.9,-0.1,-2.6,-1.6,-4.3,-2.3,-3.8,-2.6,-5.0,-3.8,-2.2,-5.3,-5.5,-1.6,-1.8,-3.1,-0.8,-0.3,-0.6,-0.7,-1.8,-1.7
2C7L51KWZb,0,48.108949,11.624183,4441999.46,2778595.47,536.4,582.1,300,7311,3.3,0.77,0.4,32.64,348.97,-0.529,-0.103,0.842,-0.6,0.2,-0.03,0.26,0.6,0.2,-0.3,-0.1,-2.4,0.4,1.1,-0.9,-11.3,-1.9,0.1,2.1,9.9,2.1,1.8,3.3,1.0,0.6,1.2,-0.5,2.4,0.0,0.3,-2.9,-1.3,0.3,-1.7,4.2,4.7,2.1,-0.6,1.4,-1.5,-13.3,-7.6,-2.8,-0.9,-2.8,-1.4,2.8,4.3,4.3,6.0,4.2,2.6,7.8,5.0,4.4,4.8,2.0,4.8,3.6,3.5,3.6,3.1,3.8,3.9,4.4,4.3,-1.2,3.1,3.6,4.0,4.7,5.1,3.0,-0.1,3.1,-0.5,1.3,1.3,2.1,2.7,1.7,1.0,-0.5,0.4,1.5,0.7,3.0,2.4,4.1,2.6,3.8,3.2,1.1,4.4,3.0,5.0,1.8,2.8,0.0,-0.6,-0.6,-0.9,-7.3,-0.2,-1.2,0.6,-5.0,-0.4,2.1,1.5,-3.3,-0.4,4.9,-2.0,3.4,3.4,0.5,1.0,2.8,-1.1,-0.5,0.7,1.9,-1.1,-0.7,-2.4,-0.7,0.3,0.8,1.7,-1.4,1.4,0.5,1.0,1.7,3.1,-1.5,1.6,2.4,-0.4,-0.7,-0.6,3.3,-1.4,2.1,-0.6,0.3,1.2,4.0,3.1,3.0,-1.4,2.3,-0.2,-1.4,-0.5,2.4,-1.4,-0.4,-0.4,0.4,2.1,-0.2,-0.8,-2.4,0.2,-1.9,-1.4,-0.8,-2.2,-4.8,-6.1,-1.9,-4.5,-1.5,3.3,-2.8,-4.6,0.8,-2.8,-2.3,-5.8,-2.4,-7.9,-5.9,3.0,-1.7,0.6,2.7,-0.5,-5.4,-4.2,-6.2,-6.4,-3.6,-3.5,-4.8,-3.0,-4.0,4.1,6.5,-6.9,-1.1,1.8,-0.3,4.7,-10.9,11.8,7.9,7.9,10.2,0.9,0.1,-4.8,-0.7,-3.7,-2.9,-1.4
2C7L51KWaU,0,48.10936,11.627387,4442237.12,2778646.44,539.2,584.9,300,7366,2.7,0.82,0.44,32.66,348.97,-0.53,-0.103,0.842,-0.7,0.1,0.32,0.2,1.1,0.2,-0.3,-2.6,-1.2,-1.4,-2.1,-4.3,-0.7,-0.5,-0.3,-1.6,-4.5,-1.5,1.6,1.0,1.3,4.3,4.5,-1.6,-0.6,-1.6,-2.7,-6.6,-4.0,-0.7,5.4,-3.1,1.7,3.3,-1.2,-1.4,-0.0,-9.3,-4.7,-0.4,-11.6,-7.5,0.7,1.1,-1.1,1.1,-1.7,-6.6,-2.5,7.1,-3.6,-9.4,-1.9,-4.7,-2.8,-4.4,-2.8,-1.6,-1.3,-0.6,0.1,-1.7,-1.3,-0.0,-0.8,-1.8,-1.4,-2.2,-1.7,-8.9,-1.0,-1.3,-1.6,-3.9,-5.6,-2.2,-2.4,-3.4,-1.2,-2.8,-2.8,-1.1,-1.4,-1.5,-1.7,-3.4,-4.8,-7.2,-9.2,-4.4,-4.5,-2.7,-3.1,-2.2,-2.2,-4.1,-4.0,-5.0,-5.5,-3.0,-6.7,-8.6,-2.2,-1.3,-7.2,-1.8,-4.7,-3.0,-4.3,0.6,-3.3,-0.3,0.8,1.1,-4.0,-2.7,-2.4,-2.3,-5.9,-2.7,-3.2,-1.4,-2.5,-4.2,-1.5,-3.0,-2.9,-3.0,-3.1,-1.9,-3.5,0.6,0.1,-5.6,-0.1,-6.4,-4.5,-7.7,-8.4,-4.9,-5.6,-5.1,-8.0,-13.0,-10.7,-2.6,-1.9,-3.5,-1.5,-4.4,-3.2,-2.3,-1.5,-4.0,-1.8,-0.0,0.2,-2.2,-1.7,-0.8,-2.2,1.2,-3.8,-1.0,-4.6,-1.9,-5.4,-8.4,-5.1,-8.0,-8.3,-6.5,-2.1,-3.1,-1.2,-4.5,-2.9,-5.0,-9.6,-7.2,-3.0,-5.9,-8.0,-4.5,-3.6,4.5,-5.6,-4.9,-5.7,-5.1,-5.8,-3.9,-1.2,-7.1,-0.8,-3.2,-5.7,-8.1,-4.4,-5.8,-5.1,-8.4,-6.9,-6.2,-5.3,-4.0,-3.9,-4.7,-2.9,-3.9,-2.9,-5.2,-2.5,-1.4,-5.1
2C7L51KWad,0,48.109447,11.628063,4442287.3,2778657.19,546.5,592.2,300,7375,4.2,0.57,0.47,32.66,348.97,-0.53,-0.103,0.842,-1.8,0.2,0.26,0.32,3.5,0.3,-0.3,-2.1,-1.2,-1.4,-0.5,-1.0,-1.1,-2.8,-0.9,3.0,-1.9,-0.5,-2.3,-2.6,-3.4,-0.9,-4.4,-10.0,-4.2,-7.3,-6.2,-5.6,-9.1,-1.3,-6.0,-9.6,-6.1,-1.8,-4.1,-6.0,-12.5,-2.6,-6.1,-5.8,-4.7,-10.2,-6.1,-17.1,0.3,2.8,-8.4,-4.5,-2.1,3.4,-6.1,-3.7,-2.2,-0.6,-0.3,-3.5,0.4,-4.5,0.6,1.2,1.3,-4.6,3.7,-2.8,4.3,-3.1,-2.1,-4.9,2.1,7.2,-1.3,-3.3,-2.7,-3.5,-4.6,4.8,2.7,-1.0,-19.5,-5.6,-1.8,-6.9,-6.3,-9.1,-0.9,-5.1,-10.2,-2.3,-3.4,-4.9,-6.9,-3.6,-6.7,-1.5,-6.2,-7.5,-8.4,-8.1,-7.5,-8.6,-13.3,-7.9,-6.3,-15.9,-10.4,-7.6,-9.0,-4.9,-7.2,-2.8,-5.0,-7.5,-5.6,-5.0,-1.5,-5.3,-4.0,-1.5,-1.9,-0.8,-0.9,-2.2,-3.9,-1.9,-4.5,-3.1,-3.3,-5.4,-2.2,-2.2,-7.1,-5.3,-6.8,-4.1,0.8,-4.8,-23.0,-4.2,-10.0,-12.4,-12.2,-9.4,-12.6,-10.6,-11.3,-9.7,-11.9,-2.3,0.3,1.4,-20.6,-2.1,-5.7,-19.8,-4.8,-0.8,-1.7,-5.6,-0.1,-21.7,-22.3,-14.3,-6.1,-11.1,-12.4,-10.1,-8.2,-10.7,-10.0,-10.4,-13.7,-14.2,-8.5,-13.1,-10.1,-6.2,-4.5,-9.9,-12.2,-8.0,-4.5,-8.0,-6.4,-4.9,-3.5,-8.5,-5.4,-3.4,0.5,-7.1,-14.2,-18.3,-13.3,-11.9,-16.2,-14.4,-10.5,-12.5,-17.2,-15.9,-14.8,-13.9,-19.1,-15.7,-12.3,-10.3,-3.0,-5.6,-5.0,-0.1,-13.1,-16.2,-2.9,-4.7,-0.3
2C7L51KWae,0,48.109441,11.628017,4442283.85,2778656.46,541.5,587.2,300,7376,2.0,0.89,0.39,32.66,348.97,-0.53,-0.103,0.842,-0.7,0.1,-0.29,0.15,1.1,0.1,-0.3,-2.3,-0.8,0.2,-0.8,1.0,-0.8,0.1,1.8,2.2,-1.6,0.5,0.4,-1.7,-1.9,-1.7,-3.0,-1.3,-2.8,-3.1,-3.4,-2.8,-3.0,-1.2,-2.9,-2.1,-2.3,-0.4,-1.4,-1.8,-3.3,-8.7,-3.7,-1.9,-2.7,-4.0,-2.2,0.5,2.1,3.1,-2.0,-1.6,-1.2,0.5,-4.5,-2.0,-3.2,-1.3,-3.1,-3.2,0.9,-1.7,1.0,2.2,1.6,1.8,-1.3,-0.3,0.1,-2.4,-1.3,-2.9,0.2,1.9,-1.4,-4.4,-1.2,-2.8,-3.7,0.3,-0.0,-0.1,0.5,-2.6,0.4,-2.6,-2.8,0.9,-0.1,-2.9,-5.3,-2.1,-1.1,-3.1,-2.7,-3.4,-0.7,-1.7,-0.1,-4.1,-0.3,-1.3,-3.7,-7.0,-4.2,-3.5,-1.5,-0.1,-2.8,-0.9,0.6,-0.8,-3.7,-2.6,-2.8,-1.6,-1.1,-1.3,-0.9,-4.1,-3.4,-4.1,-1.8,0.8,-2.0,-2.1,-4.0,-1.4,-3.2,-0.3,-3.7,-5.6,-1.6,-0.7,-1.4,-2.7,-4.4,-5.3,-0.6,-2.3,-2.9,-3.7,-3.3,-4.9,-3.4,-5.6,-2.3,-4.6,-1.3,-1.7,2.0,-4.4,0.2,1.3,1.3,-0.8,-4.1,-1.5,-0.5,0.1,0.9,-5.6,0.8,3.4,-0.2,2.0,-1.4,-5.6,-6.3,-4.6,-2.8,-6.4,-5.7,-4.0,-5.7,-3.2,-6.3,-5.4,-0.4,-3.3,-2.2,-2.1,-4.7,-5.6,-4.3,-6.0,-8.3,-5.0,-3.4,5.8,-4.6,-1.8,-0.4,-2.9,-3.1,-1.5,-1.3,-6.2,-4.6,-5.0,-5.6,-6.0,-6.5,-5.6,-8.1,-5.1,-6.0,-6.0,-4.2,-6.8,-5.2,-4.3,-3.5,-1.3,-4.5,-5.4,-5.0,-5.4,-3.0
2C7L51KWav,0,48.109552,11.628879,4442347.81,2778670.19,537.0,582.7,300,7393,4.2,0.71,0.46,32.66,348.97,-0.53,-0.103,0.842,-1.5,0.2,0.08,0.32,0.6,0.3,-0.3,4.9,5.4,6.0,5.7,5.9,-14.1,-3.4,-2.2,-2.3,3.9,1.6,1.3,1.4,0.7,1.5,1.1,3.6,2.5,-1.8,-2.3,0.9,-4.4,-4.0,-4.7,-0.7,1.5,-2.7,-4.4,-1.3,0.8,-3.9,-6.4,-0.4,-1.3,-8.5,-4.3,-0.1,0.6,-1.9,-5.3,-0.7,-1.2,0.9,-2.6,-2.2,-1.6,0.6,-1.3,1.4,0.5,-3.6,0.5,-0.9,0.2,-1.3,-2.6,-1.5,-2.2,-0.3,-1.8,-1.5,1.2,1.1,-1.3,-9.2,-6.8,-4.4,4.0,-3.7,-2.5,-4.6,-1.2,-1.7,0.8,0.0,0.6,-0.7,2.7,-1.0,-2.7,-1.6,-1.4,-6.2,-1.5,-3.6,-2.1,-0.6,2.0,-1.6,-7.2,-5.8,-3.6,-0.3,-4.4,-5.1,2.4,-2.6,-7.4,-4.8,-1.5,-1.7,-0.8,0.6,-0.8,-1.9,1.1,-2.7,-1.1,-1.4,-0.8,2.1,-1.4,1.6,-1.3,1.2,-2.8,-3.3,-3.8,-3.9,-2.6,-2.7,-3.7,-1.8,-1.8,-5.0,-0.5,1.7,1.8,-2.0,-2.4,-21.4,-0.5,6.1,6.5,-3.7,-1.9,2.0,-17.7,-5.8,-0.1,1.3,-2.4,-2.0,-0.8,-4.7,-0.3,-4.1,-3.6,3.0,-2.9,-8.3,-1.7,-19.0,-9.6,-2.8,-1.8,-1.0,-1.7,-13.8,-1.2,-4.7,-18.9,-2.0,-5.1,-18.7,-16.7,2.6,-3.3,-2.2,-2.0,-10.5,-3.6,-8.8,-10.4,-11.8,-11.7,-18.2,-12.2,1.5,-7.2,-8.3,-5.4,-7.5,-5.7,-4.7,-3.1,-4.8,-5.2,-20.1,-6.6,-6.4,-6.8,-4.4,-6.2,-4.9,0.3,-5.1,-3.6,-5.3,-4.0,-3.1,-4.9,-5.3,-5.6,-6.3,-8.2,-6.8,-4.4
2C7L51KWZM,0,48.108842,11.623206,4441926.92,2778582.0,530.7,576.4,300,7296,3.4,0.79,0.42,32.61,348.93,-0.529,-0.103,0.842,-0.8,0.2,-0.73,0.26,0.8,0.2,-0.3,4.7,0.6,-0.4,-1.5,-3.2,0.2,-1.0,-0.5,0.1,2.9,2.3,-0.8,3.6,-1.4,-1.1,1.0,1.7,-10.5,3.6,-7.9,-10.0,-7.2,10.5,3.8,11.4,2.4,2.2,12.9,2.7,6.2,-8.4,-15.6,-0.1,-14.6,-9.7,-8.7,-5.2,-0.2,1.5,-2.2,2.9,1.0,-0.1,-2.1,-0.7,-1.7,0.0,-0.3,-1.4,-0.7,-1.4,1.2,0.4,0.9,0.4,0.6,0.9,0.1,0.4,0.3,1.0,-1.1,4.5,-0.3,0.5,-1.3,0.1,-2.4,-0.2,0.4,-2.9,-4.1,-3.5,-1.6,-3.1,-1.3,-0.6,-2.3,-4.6,-2.1,-1.7,-2.0,-3.3,-3.1,-3.1,0.7,-1.6,-0.1,1.9,1.3,-0.1,0.4,-0.6,0.2,0.7,-0.5,2.4,1.5,-0.5,0.2,-2.3,4.2,2.0,1.8,1.6,2.2,2.7,3.3,0.2,-0.9,-2.1,-0.3,-3.1,-2.0,-1.4,2.0,2.6,0.2,0.8,-0.5,-0.7,0.2,-1.2,-2.3,-4.1,0.1,6.4,3.5,2.9,-1.4,-4.5,-2.1,-0.4,-1.6,-1.7,-1.6,-1.1,-2.2,0.8,5.7,1.5,0.4,-2.1,1.7,0.6,-1.2,0.1,0.6,1.4,1.8,-3.4,-0.9,1.0,-3.1,-1.3,-3.7,-4.5,-5.8,0.1,-0.6,-0.2,-3.1,0.1,-2.7,-2.5,-0.9,-2.4,-3.3,-5.6,-4.8,-7.7,-6.1,-4.9,-1.8,-0.9,-2.1,-2.5,-1.1,-4.5,-3.1,-2.9,-2.2,-1.3,-1.2,-2.3,-2.4,-2.9,-1.1,-5.2,-4.9,-5.6,-8.1,-13.5,-2.9,-4.6,-2.9,-1.8,-8.1,-4.0,-4.3,-3.1,-2.2,-3.7,-3.5,-2.2,-3.4,-3.6,-3.5
2C7L51KWaY,0,48.109388,11.627463,4442242.7,2778649.73,531.4,577.1,300,7370,3.0,0.72,0.45,32.66,348.97,-0.53,-0.103,0.842,0.5,0.1,-0.65,0.23,2.9,0.2,-0.3,-0.3,-1.2,-0.1,-0.9,0.2,-3.3,-2.5,1.3,-0.9,-3.8,-1.0,2.0,0.8,3.3,-5.9,-1.7,-2.5,-0.9,-5.8,-5.9,-5.8,-2.8,-6.2,-5.5,-0.5,0.2,-3.4,-4.9,-3.8,-6.9,-12.6,-9.1,-5.5,-8.5,-6.5,-5.1,-5.0,-6.8,1.0,-3.2,-1.3,1.4,0.7,1.8,-1.0,-2.3,1.1,-0.4,-2.2,-1.0,1.4,-0.3,2.3,1.0,1.2,-1.1,2.7,3.4,3.2,1.5,1.2,1.1,-0.8,4.3,1.4,3.4,2.0,-3.4,-0.4,-0.9,-1.2,1.7,-1.3,1.7,-1.3,0.5,-1.1,1.6,-3.3,-3.3,-4.1,-8.3,-3.3,-7.4,-0.6,-6.0,-5.2,-3.6,-6.2,-7.2,-2.6,-6.0,3.2,-5.0,-5.8,-2.3,-6.4,-7.8,6.7,-1.7,-2.5,0.4,-1.7,-4.1,2.3,0.1,3.2,-4.2,-4.0,8.0,-2.8,1.2,0.8,1.6,3.1,-1.5,9.8,1.0,3.5,0.6,5.1,3.4,2.5,0.7,2.5,-4.1,2.5,5.9,0.3,-2.2,-4.3,-3.1,-5.4,-4.4,-6.6,-5.8,-6.0,-4.7,-3.1,1.4,-12.9,-3.2,-0.2,2.7,3.2,2.0,0.4,4.8,5.8,0.0,3.6,3.9,-1.0,0.3,1.3,2.1,1.8,-0.8,4.6,0.9,-5.0,-3.2,-2.2,-0.1,-0.6,3.8,1.7,3.1,-0.9,0.2,2.1,0.4,-7.9,3.6,1.1,-1.6,-1.2,-2.2,2.6,1.7,2.4,2.1,1.8,4.0,1.6,1.2,-0.3,5.5,-3.0,3.5,4.0,-3.1,-5.9,-4.5,-10.8,-5.0,-1.9,-5.0,-1.9,-0.7,0.5,-1.0,-2.9,1.1,1.4,-0.9,-1.4,1.9
2C7L51KWak,0,48.109476,11.628141,4442293.02,2778660.52,531.2,576.9,300,7382,4.3,0.64,0.53,32.66,348.97,-0.53,-0.103,0.842,-1.4,0.2,-0.94,0.33,1.6,0.3,-0.3,8.1,-2.3,5.3,-9.8,3.0,-5.9,-2.6,1.8,4.2,1.5,-2.5,-2.1,-2.0,-2.6,0.2,-0.3,-1.9,-1.8,-4.6,-2.7,0.8,-0.8,-4.2,-11.2,12.9,-13.6,-9.8,5.8,-0.7,-17.5,-2.1,-8.2,-1.6,-6.1,-3.4,-7.8,-1.8,1.9,3.9,-2.4,-4.3,3.8,-1.4,-9.8,-13.5,-1.8,-5.5,0.1,-1.9,-3.1,-2.6,-1.3,-3.1,-2.7,-0.5,-4.0,-0.7,-1.5,-0.6,10.1,-3.2,-2.8,-7.0,-1.6,12.8,5.6,-4.1,-4.7,-0.6,-5.0,3.7,-2.2,-7.7,-1.8,1.2,2.6,-0.3,-2.8,-2.5,-2.2,-2.1,-4.2,1.4,-4.0,-5.5,1.7,-2.0,-1.6,-0.1,-1.5,-1.0,-17.9,-3.2,-3.1,-0.1,1.5,-4.2,-6.4,-4.8,1.4,1.1,0.3,-2.4,-4.3,-3.0,-3.7,-1.3,-2.7,-0.2,-1.9,-2.2,-2.3,-0.0,-0.1,-2.7,-3.4,-1.8,3.7,-3.6,-3.8,-2.2,-4.5,-0.8,-6.2,-13.2,-3.5,-3.9,-1.6,-3.7,-2.6,-4.8,-9.9,-3.3,-6.6,-6.7,-8.6,-2.1,-4.3,-1.5,-2.4,2.7,-6.0,-1.4,-7.9,2.3,1.0,6.3,-1.1,-0.1,-0.5,-6.5,5.8,3.1,1.4,-6.7,-12.8,-7.5,-6.6,-8.7,-5.2,-13.1,-7.2,-3.9,-5.7,-9.9,-3.5,-3.5,-5.1,-5.0,-2.0,-5.9,-5.5,-13.2,-11.3,-13.3,-1.8,-0.8,-3.6,-2.5,-1.4,-5.2,-0.1,-3.1,-5.9,-1.6,-10.1,-10.7,-3.7,-12.4,-9.4,-6.0,-13.2,0.4,-8.8,-6.1,-5.7,-11.6,-7.8,-8.0,-9.5,-3.2,-10.2,-16.5,-11.5,-6.4,-10.8,-6.9,-16.9
2C7L51KWbn,0,48.109944,11.631787,4442563.45,2778718.53,528.2,573.9,300,7447,4.6,0.58,0.75,32.68,348.97,-0.53,-0.103,0.842,0.2,0.2,1.06,0.35,1.1,0.3,-0.3,0.5,-2.4,-1.3,0.3,-3.3,9.2,-2.8,-2.7,-3.1,3.7,-3.2,-0.2,-4.5,-0.5,-2.2,-2.6,-1.7,-1.7,-2.0,-2.8,-2.5,-2.4,-0.1,-0.4,-0.4,2.6,0.2,1.9,-2.8,-1.7,-1.3,-2.8,-3.6,0.0,-3.5,0.2,0.7,0.7,2.5,-0.3,-0.3,2.3,-2.0,-0.3,-1.4,-0.5,1.9,-3.4,-7.8,-1.0,6.1,-3.0,-8.4,-3.8,-0.5,-10.8,4.9,-12.8,-5.0,-14.6,-8.3,-4.1,5.7,-4.4,4.2,3.7,9.9,2.1,8.7,4.5,2.6,-0.3,-1.9,-1.1,-7.3,-2.3,-5.6,-4.6,-5.4,-5.8,-6.5,-5.6,-6.0,-6.1,-8.1,-4.2,-3.9,-2.6,-4.9,-3.6,-5.0,-11.3,-4.7,-2.0,-7.8,-5.9,-4.5,-2.7,-2.9,-1.8,-1.3,-1.7,-1.5,-0.6,-1.9,-2.4,-0.2,-2.9,-2.8,-2.5,-0.9,-2.9,-1.4,-2.8,-1.1,-0.9,-1.7,-7.7,-13.0,-4.4,-1.8,3.4,0.4,-3.6,-0.4,-2.3,3.4,1.4,-2.4,0.7,-2.5,1.0,-0.2,-2.9,-3.5,-3.3,-4.8,-5.7,-0.8,1.8,-0.7,-0.5,-0.0,8.3,-0.3,-1.1,-4.7,-2.4,2.8,4.6,2.1,-2.7,-6.7,-10.7,-13.4,-4.2,-4.2,-4.0,-4.6,-5.5,-4.7,-8.3,-9.8,-9.8,-9.0,-10.8,-9.6,-2.4,-4.5,-1.6,8.3,-1.4,2.9,-3.0,-4.6,-0.6,-3.9,4.5,-12.3,6.3,-13.1,8.4,4.7,7.6,5.1,6.7,2.4,2.9,5.8,9.4,-12.7,-1.6,5.8,3.9,2.5,-1.4,-3.1,-7.7,-11.0,-6.0,0.4,-4.6,4.6,-6.9,-2.3,2.1,8.1,14.6
2C7L51KWbq,0,48.109983,11.63209,4442585.96,2778723.34,535.9,581.6,300,7450,2.6,0.82,0.39,32.68,348.97,-0.53,-0.103,0.842,-0.7,0.1,-0.02,0.21,1.0,0.2,-0.3,2.0,5.8,2.3,-0.7,-2.1,1.5,-3.6,-6.6,-4.0,-1.3,-3.2,3.9,0.1,-0.3,1.6,1.6,-0.2,1.0,-0.9,0.7,0.9,0.9,1.5,2.4,3.3,4.0,-1.0,3.9,1.6,2.4,-0.8,1.1,-1.0,2.3,0.5,2.8,3.0,8.5,1.6,4.8,1.1,1.4,3.7,3.9,3.5,3.8,5.2,3.9,8.2,7.0,5.1,6.1,3.1,3.5,3.3,2.1,0.5,1.4,-0.7,-0.6,-1.2,2.2,-4.4,-1.3,-2.1,-0.8,-2.6,2.0,3.7,1.7,2.3,1.9,2.1,1.8,2.9,3.7,1.7,1.7,2.2,1.5,1.9,1.9,-5.0,0.8,-3.1,1.8,4.0,1.5,1.1,3.2,3.3,-5.2,0.8,3.5,2.1,-2.8,-2.5,-0.4,-0.8,-0.0,0.3,-2.6,3.6,3.1,3.7,2.5,2.1,2.0,1.3,2.7,2.4,0.6,0.8,-1.0,1.7,2.6,2.5,3.1,0.6,-0.6,-0.1,4.4,-1.3,4.1,2.6,2.4,1.8,2.1,1.4,1.1,2.6,0.9,4.8,-0.8,-1.7,-2.0,-1.9,0.3,3.2,1.1,3.6,-4.3,-4.0,-2.6,0.9,0.9,3.0,-0.1,0.0,-1.5,1.1,1.1,-0.1,-2.2,-2.2,0.5,-0.3,-0.6,2.8,-4.2,0.0,-1.0,10.5,-1.3,-2.1,-1.1,-1.7,3.1,-1.2,-0.6,-0.1,0.3,-3.0,-1.8,-1.6,-2.0,-2.6,-2.0,-3.1,-9.0,-10.9,-4.4,-4.1,-5.1,-7.9,-5.5,-2.4,-4.4,-3.4,2.1,4.7,0.5,-6.8,0.6,-1.0,2.1,3.4,1.3,4.0,2.9,0.5,2.9,0.6,1.5,3.0,0.8,-1.0,1.7
2C7L51KWaH,0,48.109294,11.626587,4442177.7,2778637.85,536.5,582.2,300,7353,2.3,0.87,0.39,32.65,348.97,-0.53,-0.103,0.842,-0.7,0.1,0.05,0.18,0.7,0.2,-0.3,0.1,-0.6,0.0,-1.1,-1.2,1.8,1.6,-2.2,-2.0,-2.1,0.1,-1.8,0.1,-0.1,0.4,-0.1,-3.1,-1.0,-1.3,-1.6,-1.0,-4.0,-3.7,-4.5,0.5,-0.6,0.3,-3.1,-2.0,-4.2,-8.6,-5.7,-3.7,-4.8,-5.7,-4.3,0.1,1.0,-1.2,-0.3,2.1,0.4,-1.8,-4.3,-2.3,-0.2,-5.0,-1.0,2.8,4.0,2.9,-2.8,-0.3,-1.6,-2.2,-2.2,1.1,-3.2,-3.7,-2.2,-3.1,-1.3,-3.5,-1.3,-6.3,-4.1,-2.8,-8.7,-2.7,-4.4,-2.4,-1.7,-4.2,-1.1,-1.5,-1.0,-3.0,-0.3,-7.1,-1.0,-4.0,-4.5,-2.9,-3.7,-3.9,-3.8,-5.4,-1.1,-2.9,-3.4,-8.8,-2.5,-1.6,-4.3,-3.9,-0.2,0.9,-1.6,-1.7,-0.8,-1.1,-3.7,-3.9,-3.6,-1.9,-3.3,-1.6,-1.4,-0.4,-12.4,-3.3,-3.6,-1.9,-2.0,-3.5,-2.5,-4.7,-3.7,-1.8,-4.5,-4.3,-3.3,-1.3,-0.3,-1.6,-0.2,-0.2,-1.8,-3.5,-3.6,-4.6,-3.0,-9.8,-3.8,1.2,-2.4,-2.7,-5.9,-1.0,-0.9,-8.8,-4.2,-3.9,-0.9,-2.0,-2.4,-7.3,0.3,-3.5,-1.9,-6.7,-3.8,-0.8,-3.4,-1.5,-2.2,-2.2,-3.0,-1.8,-4.9,-2.8,-5.6,-4.9,-6.3,-5.5,-4.2,-2.5,-4.2,-1.7,-3.5,-2.3,-6.9,-2.1,-5.0,-3.1,-6.9,1.5,-5.3,3.5,-5.4,-2.8,-3.7,-5.3,-6.1,-4.1,-3.1,-3.8,-6.0,-5.0,-7.9,-10.6,-3.7,-11.5,-4.5,-6.2,-0.0,-6.1,-6.6,-4.2,-2.4,-3.1,-2.3,-7.5,-5.7,-6.8,-2.5,-3.5,-7.1
2C7L51KWaM,0,48.109322,11.626797,4442193.28,2778641.2,532.6,578.3,300,7358,4.1,0.67,0.46,32.65,348.97,-0.53,-0.103,0.842,0.2,0.2,-0.43,0.31,1.7,0.3,-0.3,-2.2,-0.8,-4.5,1.1,-0.2,2.2,-0.6,0.3,-1.8,-0.1,-3.6,5.9,-5.9,-0.2,-6.8,-7.2,-1.3,-3.3,-4.0,-1.5,-2.4,-3.6,3.3,-0.8,-6.0,-3.6,0.7,3.4,1.0,2.9,-10.2,-8.6,-5.9,3.0,0.2,3.0,3.4,-17.3,1.1,5.9,-0.4,4.6,4.7,-5.7,-2.1,1.0,0.0,-0.3,-1.1,-0.7,-0.7,-3.8,-3.2,-2.1,-2.1,-0.8,2.4,-0.1,-2.2,-1.7,1.7,5.4,-3.7,-5.0,7.2,6.0,-12.7,-3.2,1.6,-1.0,2.5,7.1,-1.2,3.5,-0.2,-3.8,-4.1,-3.6,-6.5,-1.3,2.7,0.4,-0.2,-3.0,-4.4,-10.3,-2.5,6.2,-2.4,-16.2,-11.7,-2.3,-1.3,-5.1,-2.7,4.3,0.6,1.3,8.2,3.9,1.5,-9.5,-7.5,1.1,-6.1,-2.1,-1.3,3.9,3.0,1.0,4.8,2.1,2.6,-1.0,1.3,2.8,-8.8,-1.4,4.3,0.6,-2.6,1.7,-0.0,1.6,-0.7,-5.8,1.6,2.6,2.8,3.7,-4.8,2.5,-1.9,0.3,-11.4,-17.7,-1.5,-2.5,-2.5,5.3,4.9,-0.5,7.8,2.8,2.3,2.7,0.7,3.3,2.7,2.5,5.0,2.9,2.2,1.3,-0.7,4.1,3.6,-0.4,0.7,-1.7,3.1,-10.6,-2.5,-2.7,-8.8,3.1,0.0,-3.4,0.1,-0.1,1.6,-3.2,0.4,-1.0,0.1,-4.7,2.0,1.3,1.2,-1.2,2.7,-0.4,2.8,-3.1,-0.8,2.3,-0.7,-3.8,-0.9,-2.2,-2.4,-5.7,-7.1,-3.3,-4.0,-0.2,-5.1,-4.3,0.7,1.2,-4.6,0.5,-2.2,3.0,1.2,-1.1,3.6,2.7
2C7L51KWb1,0,48.109653,11.629383,4442385.1,2778682.32,543.2,588.9,300,7399,4.5,0.59,0.59,32.66,348.97,-0.53,-0.103,0.842,-2.4,0.2,-1.25,0.35,1.0,0.3,-0.3,1.3,2.6,4.6,2.2,3.1,-1.2,3.9,1.9,3.6,-1.2,2.7,-1.1,4.7,4.5,7.1,4.0,2.3,2.7,1.4,-1.6,5.5,-1.1,1.2,1.4,1.6,5.8,3.4,1.1,1.5,1.2,-8.6,-2.1,12.6,-0.5,2.1,3.0,-5.3,4.6,0.2,3.7,-1.0,0.6,-6.4,5.6,5.6,3.8,2.7,1.8,2.7,3.5,-6.3,1.8,0.5,8.7,0.4,5.8,-6.2,2.4,5.3,-0.7,1.6,3.4,3.9,4.3,1.8,-8.8,-5.5,1.9,2.3,5.3,11.9,2.3,-5.8,4.5,4.7,6.9,6.3,3.8,6.8,7.9,3.4,8.7,1.5,-4.0,-1.5,-5.8,3.9,-3.7,-5.0,1.5,14.8,13.5,-8.4,0.3,4.1,2.7,6.6,-0.8,10.1,4.2,3.7,4.3,7.5,3.9,6.5,4.0,4.2,3.1,7.1,4.6,5.1,0.8,3.8,-3.2,-0.5,-7.2,-5.6,-2.4,3.6,-2.0,-2.5,-2.3,-2.0,4.7,5.2,8.3,-9.1,3.1,-5.5,11.8,1.9,10.8,0.8,4.5,-2.7,-1.1,2.0,-10.4,0.9,2.1,-5.6,-4.6,-2.9,-7.5,-2.7,-4.1,-3.4,-2.4,-3.2,-3.1,1.2,-1.6,-3.5,-4.1,-2.1,-0.1,-4.5,-3.2,-5.5,-2.7,2.6,-14.7,-0.8,-5.2,-5.3,-4.4,1.8,-7.2,-9.0,8.1,3.8,1.9,-19.4,-10.9,-19.1,-11.2,-9.4,-5.5,0.2,-6.1,-8.6,-8.3,-9.3,-6.2,-10.2,-6.1,-4.3,-3.8,-2.9,-5.5,-4.1,-5.8,-7.6,-9.5,-5.9,-5.2,-8.8,-8.7,-5.7,-5.9,-4.4,-5.1,-6.4,-8.6,-7.6,-16.4,-12.6,-9.8
2C7L51KWbe,0,48.109898,11.631288,4442526.37,2778712.64,530.3,576.0,300,7438,3.8,0.71,0.55,32.67,348.97,-0.53,-0.103,0.842,-0.6,0.2,0.44,0.3,0.8,0.3,-0.3,-1.2,-0.2,0.7,0.8,0.6,2.2,2.5,-0.5,0.1,2.3,-0.5,1.0,-0.5,0.1,0.7,0.0,-2.0,-2.8,-3.7,-0.4,-5.9,-2.6,-5.6,-0.7,-1.7,2.9,-3.1,-4.1,-7.4,2.3,0.5,1.2,0.0,5.9,5.9,1.8,4.4,2.3,4.8,4.2,5.1,6.2,3.7,3.2,-1.4,1.0,-6.1,0.3,2.4,0.7,-0.1,0.6,-0.1,1.3,-0.9,1.0,0.8,-0.2,0.1,1.0,1.1,0.3,-5.9,-4.5,-0.5,-0.0,0.5,-5.7,-0.7,0.8,1.1,1.9,-1.0,-0.5,0.6,-1.6,-1.4,-0.3,-1.8,-1.7,-2.6,-1.5,-2.1,-2.4,-2.0,-1.6,3.0,2.5,1.8,-1.1,-2.5,-1.4,8.9,-3.8,-2.8,-3.7,-0.6,-2.3,-2.4,-2.6,-6.8,-7.4,-1.3,-0.7,-3.1,-1.3,-0.6,0.1,2.2,0.7,1.1,0.6,-0.6,-1.4,-2.0,0.6,-0.9,-0.4,1.7,-1.6,-0.4,-0.5,1.4,-0.5,-1.8,0.2,0.9,-1.0,1.1,2.1,1.7,0.6,0.9,-0.0,-4.1,-4.4,-0.7,1.2,1.4,-1.6,-6.6,-7.1,-2.5,-5.6,-2.9,-1.8,-3.5,-0.5,-0.3,-1.8,0.9,0.9,-2.8,-3.4,-2.6,-2.4,-3.5,-3.6,-2.0,-6.8,-2.2,-4.1,-7.0,-8.3,-9.8,-9.4,-0.2,-0.7,-4.1,-5.5,-6.2,1.3,-4.5,-3.7,-3.1,-4.5,-3.0,-3.9,-13.9,2.3,5.3,7.5,-0.3,0.7,-2.4,-3.0,10.7,-8.8,-6.6,-4.5,2.1,-7.1,-17.0,-1.6,-5.4,4.1,7.3,-16.3,8.8,-11.6,-13.3,-5.8,5.0,8.1,-3.4,3.1,4.5,10.1
2C7L51KWbf,0,48.109912,11.631398,4442534.54,2778714.39,532.9,578.6,300,7439,3.1,0.81,0.46,32.67,348.97,-0.53,-0.103,0.842,-1.3,0.2,-0.83,0.23,0.7,0.2,-0.3,-2.1,-1.0,-0.6,-0.5,0.6,1.2,1.1,0.6,0.4,0.3,0.4,1.9,1.1,0.6,1.6,0.8,-1.6,-0.2,-2.9,1.0,0.4,-0.5,-2.9,-3.5,-0.1,-0.8,-0.9,-0.5,-2.6,-3.6,-1.5,-0.1,-3.9,-2.3,-7.6,-1.3,0.7,3.1,0.7,0.8,-0.2,0.0,0.7,-3.1,-0.4,-2.3,-2.2,-0.8,-1.8,1.3,-1.6,0.2,0.2,-0.5,0.6,-1.6,1.1,-0.7,1.2,0.3,0.6,1.3,-0.3,-2.7,-1.0,1.6,-0.3,-2.1,-1.0,0.1,1.8,0.7,0.3,0.4,-1.0,-0.8,-0.7,-0.2,-1.2,-2.7,-2.3,-0.7,-1.3,-0.7,-2.3,0.2,-2.4,0.3,-1.6,-3.2,-1.9,-2.7,-5.0,-3.0,-4.1,-3.1,-0.8,-2.0,-1.8,-0.8,-1.5,-4.8,0.2,-0.7,-1.0,0.1,-1.4,0.2,-1.2,0.4,-1.0,-0.0,0.5,-1.2,-0.2,0.4,-0.0,-1.0,1.0,-0.9,-0.1,0.3,1.3,-0.7,-1.6,0.5,1.7,0.2,1.2,-0.0,0.1,-2.5,0.5,-0.6,-4.0,-2.5,-2.2,0.1,1.5,-2.3,-0.4,-4.5,-2.2,-4.0,-0.9,-1.4,-1.5,-1.8,-2.0,-2.8,0.2,-0.4,-3.4,-3.6,-3.3,-1.7,-1.4,-2.3,-2.5,-2.7,-3.2,-6.1,-6.2,-6.8,-7.0,-3.5,-3.3,-0.9,-2.6,-3.4,-4.1,-4.3,-1.7,-2.4,-3.6,-5.7,-4.4,-3.0,-13.2,8.8,-11.1,-14.7,-8.8,-8.4,-10.8,-12.5,-12.6,-6.3,-6.6,-8.2,-4.7,6.5,-10.2,0.1,-8.6,-13.3,-11.0,-4.6,8.6,-10.3,-11.2,2.5,7.4,-12.8,-13.3,-4.2,-13.0,-6.4
2C7L51KWbg,0,48.109923,11.631486,4442541.06,2778715.79,534.4,580.1,300,7440,3.6,0.72,0.53,32.67,348.97,-0.53,-0.103,0.842,-1.4,0.2,-1.43,0.28,0.7,0.2,-0.3,-0.9,-1.2,-0.3,1.3,2.2,3.2,0.7,0.6,-0.9,1.6,2.9,5.3,1.0,2.5,0.4,1.7,-0.8,0.3,-8.1,-5.4,11.0,-6.3,-11.6,-4.7,3.4,1.0,3.4,4.3,0.5,-3.3,-1.6,-6.1,-2.5,-0.3,-2.9,-2.8,1.8,4.2,3.7,3.3,3.1,2.1,2.1,-0.9,2.5,0.3,2.5,3.0,0.9,3.0,0.4,3.0,3.6,1.6,3.1,-1.8,3.0,1.0,2.2,-1.5,-2.5,-2.9,4.3,-1.0,-0.1,4.5,-1.0,1.0,-1.8,0.9,2.1,0.8,1.1,2.2,-0.9,1.4,1.0,3.0,0.0,-1.7,0.9,1.5,1.0,3.2,-0.7,2.4,0.6,2.9,0.8,-0.6,1.1,0.0,-1.4,-0.4,-1.5,-0.9,1.3,1.2,0.8,1.9,2.8,-1.4,2.0,2.2,1.7,2.6,1.2,3.5,0.6,2.2,0.5,2.5,2.9,2.3,2.4,2.5,2.2,0.1,2.2,0.3,1.4,2.1,0.4,-1.9,0.8,2.4,4.0,1.9,1.9,1.4,1.7,-1.3,3.0,-2.2,-2.3,-0.4,-0.2,2.0,2.2,-0.9,3.4,-0.8,-0.1,-1.0,2.0,0.4,0.2,0.2,-0.1,-3.2,1.0,1.0,-2.4,-1.9,-1.2,2.0,1.8,1.0,0.4,0.5,-1.3,-3.3,-4.9,-3.8,-3.4,0.5,-2.4,0.9,-0.2,-1.1,-2.9,-3.4,1.5,0.4,-0.2,-9.3,-4.1,-1.5,-15.2,-13.7,-6.9,-7.0,-8.0,-7.1,-7.8,-8.3,-9.4,2.5,1.9,-17.4,-3.3,-16.8,-9.8,3.7,-8.9,-10.5,-4.2,5.9,6.2,-15.5,-13.8,-9.4,-14.5,-8.9,4.6,-2.6,-8.0,3.3
2C7L51KWZB,0,48.108828,11.622809,4441897.4,2778579.78,541.4,587.1,300,7285,3.7,0.73,0.47,32.61,348.93,-0.529,-0.103,0.842,0.1,0.2,0.23,0.28,2.4,0.2,-0.3,1.8,2.8,2.2,-0.0,2.2,4.9,0.2,-0.7,-2.1,1.2,-0.9,4.2,-0.3,-1.2,-0.1,-4.1,-5.4,-4.6,-6.5,-6.2,-1.7,0.3,1.1,-4.2,-5.5,-1.7,2.4,4.6,0.1,-1.7,-14.9,-3.4,-4.7,-6.1,-6.5,-9.6,3.0,-0.1,2.4,-0.4,-1.2,0.8,-13.9,-5.8,-21.1,-0.6,-0.0,-2.6,-2.6,4.3,-0.7,1.2,3.6,2.9,3.1,2.9,1.4,3.4,2.7,2.6,1.5,5.7,0.7,2.9,4.5,3.0,3.2,-1.5,5.1,1.2,1.1,1.8,0.1,-0.2,7.4,-2.7,-2.2,4.1,6.3,-4.2,4.8,-6.2,2.5,-1.1,-0.0,-1.1,-2.7,-1.8,-5.4,-5.0,-3.9,0.8,0.5,-6.9,-5.4,-1.5,-3.0,-3.8,-5.4,-4.4,-1.4,-5.2,-6.0,-3.3,-7.1,-5.3,-5.3,-3.2,0.5,-4.3,-0.9,-6.1,0.7,0.6,0.5,-0.3,-0.9,-1.9,-2.0,-0.8,-4.2,-0.5,1.0,-2.4,1.6,-2.7,-0.7,2.3,4.7,-2.8,-4.4,-3.5,0.9,-1.9,-3.4,-1.6,-3.6,-5.5,-4.8,0.6,-1.8,-4.6,-2.6,-2.4,0.5,-1.8,-16.1,-1.9,1.2,1.4,-0.6,1.4,2.9,-0.2,1.7,3.4,-0.6,0.3,2.0,2.2,-3.7,-5.5,-2.1,-19.6,-6.6,3.7,0.7,-2.6,-2.8,-2.6,1.6,-1.6,0.2,-1.4,0.9,-4.3,0.1,0.8,-10.4,2.1,2.1,3.0,3.5,2.9,1.1,0.9,0.5,1.6,-3.1,0.1,-1.8,-3.4,-4.3,-5.7,-5.9,-2.5,-1.5,1.3,1.3,0.6,-0.5,0.4,1.4,2.3,-0.2,0.3,-1.0,-1.6
2C7L51KWZC,0,48.108815,11.622707,4441889.8,2778578.17,533.7,579.4,300,7286,2.5,0.83,0.38,32.61,348.93,-0.529,-0.103,0.842,-0.1,0.1,-0.51,0.2,1.3,0.2,-0.3,1.2,1.0,1.5,4.4,-0.4,1.0,1.2,0.9,1.4,0.9,1.7,0.9,2.2,0.5,-0.1,-1.2,-0.4,-1.8,-5.7,-5.8,-1.6,7.3,3.8,5.6,0.4,5.2,5.4,6.4,4.1,3.9,-11.0,1.6,1.8,1.5,-1.0,-0.5,2.9,5.6,8.5,4.6,4.8,6.1,11.6,5.3,5.2,6.9,6.3,2.1,3.3,3.9,4.5,5.4,1.1,5.4,4.2,4.6,4.8,5.1,1.2,4.7,2.9,2.9,5.0,1.9,6.6,7.2,-2.1,3.1,1.8,3.5,3.2,2.9,2.2,2.8,1.6,1.1,1.1,4.4,4.4,-0.0,10.7,3.3,4.3,4.1,4.8,7.2,2.9,8.0,5.7,4.2,4.8,4.9,4.1,3.3,4.8,2.3,3.7,4.3,4.2,5.3,5.1,5.3,3.4,6.0,3.9,4.8,4.7,5.7,4.2,2.4,0.6,-2.6,3.8,2.3,1.8,1.9,0.2,3.0,2.7,0.0,1.3,2.8,1.3,1.4,-2.7,2.9,3.0,5.4,9.3,6.9,2.0,1.5,4.8,6.2,6.0,10.9,10.2,0.2,5.4,6.3,3.4,-3.8,4.3,3.5,3.7,3.7,0.2,3.0,2.6,-2.4,1.0,2.2,5.1,2.1,1.7,2.3,1.4,3.9,1.9,5.4,0.7,4.7,5.2,5.0,0.6,4.9,1.6,5.3,5.0,2.8,2.8,4.6,2.8,3.7,0.1,-3.6,-1.5,1.0,-1.0,-1.0,0.7,0.5,1.4,0.9,2.3,2.3,1.8,3.2,2.3,2.0,3.3,2.2,2.1,4.2,4.5,4.9,3.5,4.7,3.9,2.7,3.9,1.7,3.2,3.9,3.1,2.3,2.9,2.5
2C7L51KWZZ,0,48.108993,11.624095,4441992.76,2778600.24,538.4,584.1,300,7309,3.9,0.7,0.49,32.64,348.97,-0.529,-0.103,0.842,-0.9,0.2,-1.01,0.29,0.6,0.3,-0.3,2.5,2.7,1.4,2.5,-0.5,5.0,6.0,1.4,2.9,-1.6,2.8,3.6,3.3,1.6,1.4,2.7,2.3,1.4,0.3,0.6,-0.2,-2.9,-0.0,3.4,3.1,2.5,3.8,2.3,1.0,2.2,-13.3,-7.1,-8.6,-9.9,-10.8,2.8,-9.6,-6.1,1.1,-1.2,6.2,2.5,1.0,-7.0,-4.7,-3.0,-6.1,-2.4,-1.4,0.5,-2.6,-1.0,0.4,1.6,-1.2,0.4,0.8,1.5,0.8,-1.1,-1.2,-2.9,8.7,1.7,-0.5,0.1,2.7,7.2,0.8,0.6,-1.9,-1.2,0.0,2.1,1.7,-1.2,-4.4,1.3,0.3,3.0,0.2,-1.4,-1.1,-3.1,-0.2,3.2,2.8,3.8,5.2,0.6,2.8,1.7,4.9,14.9,1.3,-2.2,-0.5,3.6,4.4,5.5,5.9,4.0,4.2,4.4,7.0,3.8,5.2,3.0,3.6,2.5,10.5,-4.3,-3.9,-6.4,-7.7,10.8,11.1,1.8,-3.1,4.1,0.1,3.4,-0.0,-0.2,-0.4,-2.8,-3.3,0.1,-2.1,-2.4,-4.9,-7.8,5.7,3.1,0.8,-2.1,-1.0,1.7,3.3,0.1,-1.2,0.1,3.2,3.2,0.1,-3.2,-2.2,-2.9,-0.4,-3.9,-3.7,8.3,0.7,2.8,0.0,2.8,-1.7,-5.2,0.1,0.9,-2.1,-3.7,3.8,-2.6,-2.3,-1.2,-2.5,1.0,-2.0,-0.7,-0.4,-3.9,-2.3,-7.0,-6.7,-7.4,-2.5,-1.7,-3.2,-2.1,-7.3,-4.8,-4.1,-4.5,-5.1,1.1,-3.8,-0.0,-1.5,-6.3,5.2,-10.3,-5.3,-2.8,-4.5,-11.6,-0.2,-4.2,-7.0,-1.9,-4.7,-6.1,-4.6,-3.0,-2.4,-3.6,-0.3,-1.5
2C7L51KWZw,0,48.109148,11.625303,4442082.39,2778619.48,532.5,578.2,300,7332,2.9,0.8,0.39,32.65,348.97,-0.53,-0.103,0.842,-1.4,0.2,0.92,0.23,0.7,0.2,-0.3,3.8,4.0,2.7,0.9,2.0,5.0,1.2,0.4,1.6,4.1,2.1,1.5,2.1,0.8,0.6,-1.4,-1.5,0.0,-13.4,-2.5,0.1,-4.6,-4.9,-8.7,1.2,-5.9,-4.9,-6.5,-6.7,-12.2,-21.2,-6.3,-9.9,-9.1,-9.6,-6.7,-6.6,-5.3,-6.6,-6.1,-4.6,-5.0,-6.4,-4.5,-5.6,-3.9,-7.2,-7.3,-6.1,-6.6,-6.9,-7.3,-5.4,-4.4,-5.8,-5.9,-6.8,-6.5,-6.3,-7.0,-6.1,-4.9,-4.6,-6.4,-12.5,-7.0,-7.0,-5.2,-7.9,-6.9,-7.0,-5.4,-7.4,-6.8,-5.9,-4.6,-4.3,-5.5,-4.8,-5.6,-4.7,-5.5,-5.2,-7.7,-7.3,-5.4,-4.4,-3.9,-5.8,-6.4,-6.9,-7.1,-8.9,-10.0,-6.2,-6.9,-7.8,-6.3,-4.5,-6.1,-5.9,-5.9,-6.3,-7.7,-6.3,-5.6,-6.1,-3.9,-6.2,-5.7,-8.4,-6.8,-7.5,-6.1,-6.0,-6.8,-8.5,-5.9,-6.1,-7.7,-7.0,-6.1,-7.7,-6.8,-5.9,-5.9,-7.5,-5.9,-7.1,-7.1,-10.7,-5.7,-3.7,-8.1,-9.9,-10.0,-7.3,-8.3,-5.8,-2.7,-3.4,-7.8,-6.6,-6.4,-7.6,-9.7,-9.0,-10.8,-7.8,-8.0,-8.3,-6.1,-11.0,-13.9,-8.2,-10.8,-8.8,-7.8,-7.4,-6.4,-7.4,-10.3,-9.1,-10.4,-9.1,-8.7,-7.2,-4.7,-6.4,-2.8,-5.7,-7.9,-4.0,-12.1,-6.9,-11.7,-12.5,-11.7,-18.2,-12.2,-9.6,-12.1,-9.8,-11.4,-12.3,-7.0,-8.6,-8.5,-9.0,-10.3,-7.7,-10.6,-7.2,-9.6,-11.8,-10.3,-11.6,-13.7,-11.8,-8.6,-7.5,-9.4,-2.1,-3.7,-5.7,-5.4,-13.0,-8.7
2C7L51KWZx,0,48.109163,11.625421,4442091.19,2778621.36,535.5,581.2,300,7333,3.9,0.64,0.44,32.65,348.97,-0.53,-0.103,0.842,-0.7,0.2,1.1,0.3,1.7,0.3,-0.3,0.9,-1.6,-0.4,-0.6,2.7,-2.9,-0.1,-0.5,-0.2,-0.4,1.8,-1.5,1.0,-0.6,2.6,0.7,-0.0,-0.1,-1.2,-3.0,-1.3,3.2,-7.6,-12.6,-2.0,-4.9,-4.7,-4.4,-2.1,-2.4,-20.7,-9.0,-9.7,-7.8,-12.8,-8.5,-9.4,-8.6,-11.4,-8.3,-8.2,-5.5,-8.1,-6.8,-5.8,-5.2,-7.1,-6.0,-6.0,-5.5,-6.9,-6.3,-3.3,-3.3,-3.8,-5.2,-4.7,-7.1,-5.6,-7.5,-8.3,-5.9,-5.8,-4.9,-2.0,-9.1,-5.6,-5.6,-7.0,-6.5,-6.6,-5.1,-6.3,-2.7,-4.1,-6.1,-6.1,-6.2,-6.0,-9.0,-7.8,-4.8,-8.7,-8.8,-7.0,-3.8,-5.6,-4.1,-7.2,-7.1,-6.7,-9.8,-11.4,-8.9,-5.9,-7.6,-14.9,-8.4,-6.6,-7.0,-5.6,-6.3,-7.1,-4.9,-5.5,-3.8,-5.2,-3.4,-3.5,-2.1,-10.1,-8.0,-7.4,-9.4,-7.9,-13.3,-13.1,-9.3,-12.6,-10.9,-12.6,-8.9,-11.2,-9.7,-6.3,-8.7,-11.8,-5.4,-5.7,-5.3,-4.6,-3.3,-6.5,-7.5,-12.4,-15.3,-9.9,-10.4,-7.1,-4.1,-9.5,-15.0,-8.1,-8.1,-13.1,-6.2,-3.6,-7.3,-2.6,-12.0,-15.0,-3.7,-2.4,-0.7,-5.4,-5.8,-5.9,-9.1,-9.0,-4.6,-9.0,-10.3,-9.4,-9.5,-11.4,-10.0,-6.1,-4.7,-4.5,-2.7,-4.5,-8.0,-9.1,-14.0,-8.9,-10.1,3.9,-19.4,3.5,-0.1,-2.5,1.1,-7.5,5.1,-0.2,-3.9,-9.0,-8.9,-9.7,-6.8,-14.8,-6.4,-13.3,-7.7,-3.9,-9.4,-18.8,-15.2,-17.8,-13.3,-12.9,-8.8,-1.6,-2.1,1.4,0.4,-4.5,-20.1
2C7L51KWaC,0,48.109289,11.6264,4442163.81,2778636.92,542.1,587.8,300,7348,2.4,0.75,0.41,32.65,348.97,-0.53,-0.103,0.842,-0.7,0.1,-0.66,0.18,3.1,0.2,-0.3,1.4,-0.2,1.2,0.6,-0.0,0.1,2.3,-0.6,-0.0,-1.6,-0.7,2.5,-0.6,1.2,0.2,-3.4,-4.9,-2.8,-5.7,-6.4,-7.2,-7.0,-7.6,-7.4,-6.7,-5.6,-5.7,0.9,-0.3,-11.0,-10.4,-12.0,-8.5,-8.6,-11.8,-9.9,-7.8,-6.6,-5.8,-4.0,-2.1,-2.3,-3.0,-4.8,-3.7,-3.6,-3.2,-4.1,-0.4,-1.0,-1.5,-2.5,-0.2,-0.4,1.3,0.1,0.6,-0.5,0.8,0.8,-1.5,-1.6,-2.8,0.8,1.6,0.9,-0.1,-7.6,-1.6,-1.7,-1.0,-0.6,-1.7,-0.1,-1.1,-4.1,-5.4,-4.2,-6.0,-7.3,-5.0,-7.9,-4.0,0.6,-3.2,-5.4,-7.9,-4.7,-5.3,-4.7,-5.2,-7.5,0.5,-8.7,-10.2,-6.9,-2.1,-6.4,-4.5,-9.1,-0.8,-3.1,-3.8,-2.8,-4.0,-3.9,-4.1,-3.5,-1.7,-1.7,-0.6,-1.6,-1.7,-0.9,-1.5,-0.3,-0.7,0.7,0.8,-0.2,-4.0,2.4,0.2,-0.7,0.2,-5.3,-3.3,-5.9,-4.3,-6.2,-5.1,-4.7,1.3,-7.5,-8.3,0.6,-7.5,-6.1,-5.1,-1.2,-2.9,-4.9,-1.7,-2.2,-2.7,-1.8,-7.8,-1.8,-0.1,-0.7,-9.1,-0.6,-1.8,-2.0,1.0,-0.7,0.1,-5.2,-6.1,-3.3,-9.3,-8.7,-7.2,-8.2,-8.5,-4.6,-6.1,-7.2,-6.2,-6.2,-5.7,-7.3,-2.5,-2.1,-2.0,-7.6,-3.0,-0.7,-5.7,-2.1,-2.9,-4.3,-4.2,-2.7,-0.5,-3.9,-5.8,-3.7,-5.5,-4.8,-14.0,-8.1,-9.8,-10.7,-10.3,-9.8,-8.9,-11.5,-9.8,-11.4,-1.5,-5.3,-5.3,-5.1,-6.0,-4.1,-4.7,-6.1
2C7L51KWaD,0,48.109293,11.626433,4442166.22,2778637.44,540.9,586.6,300,7349,2.0,0.78,0.32,32.65,348.97,-0.53,-0.103,0.842,-0.7,0.1,-0.56,0.15,3.3,0.1,-0.3,0.7,-0.1,-0.2,-1.7,-0.3,0.1,0.8,-0.1,0.3,-2.1,0.3,1.0,1.0,0.9,0.7,-2.1,-5.6,-5.3,-6.3,-6.2,-6.5,-7.0,-4.5,-7.5,-5.8,-5.4,-3.6,-1.4,-1.8,-9.7,-12.1,-10.5,-10.0,-9.7,-10.2,-7.6,-5.9,-5.3,-4.1,-5.3,-0.8,-2.0,-5.4,-6.2,-5.5,-3.1,-2.4,-2.6,-1.9,-1.1,-1.3,-1.3,-0.1,-0.7,-0.5,-1.2,-0.9,-0.9,0.2,0.5,0.2,-2.2,0.0,0.0,-0.1,0.2,0.2,-5.9,-1.0,-0.9,-1.0,-0.6,-0.8,-0.1,0.5,-0.2,-1.6,-2.4,-5.0,-7.7,-5.0,-7.3,-3.5,-1.7,-1.6,-8.2,-7.4,-5.2,-6.5,-7.0,-7.2,-3.2,-4.8,-9.7,-7.8,-5.5,-2.1,-7.6,-6.3,-5.3,-2.0,-3.6,-6.1,-4.0,-4.5,-6.0,-5.1,-0.8,-0.8,-1.4,-2.4,-1.0,-0.7,-1.6,-1.4,-1.4,-1.5,-1.4,0.1,-1.7,-3.0,0.0,-0.4,-1.3,-0.1,-4.8,-2.5,-5.7,-7.3,-6.2,-7.7,-6.8,-4.0,-7.7,-8.7,-8.0,-7.5,-7.6,-5.5,-0.5,-1.7,-3.0,-2.4,-2.2,-1.1,-1.9,-4.6,-1.3,0.0,-0.7,-3.9,-0.8,-0.9,-1.8,0.9,-2.2,-1.3,-4.7,-4.9,-2.7,-8.6,-9.2,-7.3,-8.9,-11.4,-3.7,-6.1,-7.2,-3.1,-6.6,-6.9,-8.5,-6.7,-3.5,-4.1,-6.3,-3.4,-2.4,-3.9,-2.7,-2.9,-2.8,-3.1,-2.3,-1.9,-2.3,-5.7,-6.3,-9.2,-10.0,-7.4,-11.8,-11.1,-10.1,-11.4,-10.2,-8.5,-10.6,-8.9,-5.7,-3.7,-4.2,-5.4,-4.6,-5.8,-4.8,-4.1,-6.8
2C7L51KWaF,0,48.109299,11.626479,4442169.66,2778638.19,535.5,581.2,300,7351,3.5,0.73,0.42,32.65,348.97,-0.53,-0.103,0.842,-1.2,0.2,-0.52,0.27,2.1,0.2,-0.3,0.5,1.8,-0.7,-1.1,-0.1,-4.3,-1.5,-0.6,-0.7,-8.8,0.8,0.1,-2.9,-0.1,-1.1,-1.2,-6.2,-6.5,-3.9,-4.9,-7.0,-2.9,-4.2,-3.6,-1.9,-4.3,5.0,-4.9,-6.6,-4.3,-17.8,-7.7,-11.4,-0.5,-5.5,-3.6,0.4,-1.4,0.6,4.4,-0.3,-3.9,0.4,-7.0,11.1,10.5,0.2,-1.4,-0.7,-2.4,-4.4,-0.5,-0.9,1.9,12.4,0.2,-1.8,0.7,3.1,0.6,0.1,-1.5,7.6,-1.0,-1.0,-1.8,-1.2,-3.3,-2.4,-0.8,0.4,0.9,-2.3,1.5,-0.0,-0.3,0.1,-1.3,-1.0,-2.8,-4.4,-3.5,-7.9,-4.3,-5.8,-6.8,-3.5,-2.8,-4.8,-7.2,-1.9,-2.6,-10.7,-11.1,-6.1,-5.4,-10.8,-6.8,-4.0,-6.0,-7.9,-5.7,-0.1,-6.5,-2.2,-4.5,-2.9,2.2,-3.4,-3.7,-1.0,-1.7,-4.5,-5.6,-2.1,-0.5,-2.8,-2.2,-1.1,-3.1,1.0,-3.4,-2.3,-0.2,-1.4,-7.7,-2.6,-4.7,-5.9,-4.8,-5.0,-5.2,-6.3,-3.6,-1.9,-2.7,-6.7,-3.9,-0.6,-2.6,1.3,-2.6,-3.0,-1.1,-3.6,-2.0,-6.7,-1.4,-0.7,-0.7,-5.8,1.3,-0.8,-1.9,0.5,-7.9,-5.0,-2.0,-2.4,-3.5,-6.0,-5.4,-6.9,-7.6,-10.8,4.9,-9.2,-0.3,-9.2,-5.6,-7.0,-7.8,-13.3,-9.5,-0.2,-5.2,-6.2,-6.8,1.1,-4.2,-6.4,-1.9,-7.5,-8.1,-6.3,-12.5,-6.7,-7.4,-5.3,-8.7,-6.4,-10.8,-6.2,-5.8,-5.6,-11.4,-8.5,-9.4,-10.5,5.8,-11.3,-8.7,-8.9,-4.5,-6.7,-5.1,-7.5,-6.1
2C7L51KWaJ,0,48.109327,11.626693,4442185.55,2778641.6,536.7,582.4,300,7355,1.7,0.9,0.26,32.65,348.97,-0.53,-0.103,0.842,-0.9,0.1,-0.03,0.13,1.6,0.1,-0.3,0.0,-0.7,-0.4,-0.2,-0.7,0.5,1.1,-0.5,0.9,0.6,2.2,1.3,-0.1,1.3,-0.2,-0.5,-1.9,-1.8,-3.4,-4.2,-0.6,-5.4,-6.8,-4.4,-3.9,-3.5,-1.1,-4.0,-2.8,-7.4,-8.8,-6.4,-4.8,-3.7,-4.0,-4.9,-0.8,-0.8,-2.1,-2.2,-0.9,0.3,0.6,-3.7,-2.5,-2.4,-2.1,-2.7,-1.8,0.3,-1.5,-1.1,-1.5,-1.1,-1.8,-0.8,0.3,-0.3,-1.0,-1.9,-1.7,-0.7,-7.4,-1.0,-4.1,-2.7,-0.1,-2.0,-1.3,-1.3,-2.7,-2.3,-2.5,-0.6,-1.9,-1.1,-1.6,-2.8,-3.8,-4.2,-2.9,-4.2,-1.5,-0.7,-1.0,-1.3,-4.0,-1.5,-5.2,-3.5,-3.6,-2.9,-5.5,-8.5,-5.3,0.2,-2.8,-3.4,-4.0,-3.5,-0.4,-3.2,-4.2,-4.7,-3.4,-2.6,-2.3,-2.9,-1.8,-3.5,-2.3,-1.6,-1.1,-2.0,-1.8,-1.8,-1.9,-2.5,-1.7,-4.5,-1.1,-2.9,-1.9,-3.2,-2.6,-2.6,-3.1,-3.2,-4.6,-4.0,-6.3,-6.9,-4.6,-4.3,-5.8,-6.5,-6.4,-6.0,-3.6,-2.0,-6.3,-3.5,-2.7,-0.5,-1.9,-2.1,-6.3,-3.4,-2.1,0.2,-5.5,-1.9,-1.8,-2.7,-3.1,-2.3,-4.1,-3.1,-1.9,-3.8,-5.3,-5.7,-7.2,-7.4,-7.9,-4.8,-4.4,-5.2,-2.6,-4.5,-4.0,-6.8,-9.2,-4.1,-4.1,-9.8,-3.4,-3.0,2.5,-4.0,-5.7,-3.6,-4.6,-4.6,-3.8,-3.5,-5.0,-5.9,-5.4,-7.2,-5.8,-7.2,-8.3,-6.7,-10.3,-7.3,-7.6,-9.1,-6.4,-5.2,-5.4,-4.8,-5.5,-2.5,-2.8,-3.4,-5.2,-3.0
2C7L51KWaK,0,48.10933,11.62672,4442187.53,2778642.03,535.2,580.9,300,7356,1.6,0.91,0.21,32.65,348.97,-0.53,-0.103,0.842,-0.7,0.1,0.05,0.12,1.6,0.1,-0.3,0.3,-0.0,0.3,0.4,-0.4,-0.7,0.8,0.3,1.2,-4.4,0.8,0.9,0.9,0.9,1.3,1.3,-1.1,-0.8,-2.1,-2.8,-2.1,-3.7,-3.1,-3.5,-2.7,-1.9,-2.2,-2.9,-3.3,-6.2,-11.8,-6.7,-4.9,-5.6,-6.6,-5.0,-1.6,-2.3,-1.7,-1.6,-2.5,-3.2,-1.5,-4.2,-3.0,-2.3,-3.2,-2.5,-2.4,-1.6,-2.2,-1.3,-0.4,-0.9,-1.2,-0.5,-0.3,-0.3,-1.0,-1.3,-1.4,0.0,-5.3,-1.3,-6.8,-2.1,-1.7,-4.5,-2.4,-2.0,-3.2,-1.6,-3.0,-1.3,-1.8,-0.7,-1.8,-1.7,-2.3,-3.7,-2.9,-3.4,-3.6,-3.2,-3.1,-3.3,-3.3,-3.4,-5.2,-4.5,-4.8,-3.9,-6.5,-8.1,-5.6,-2.3,-2.5,-4.1,-2.8,-2.6,-2.8,-3.0,-2.5,-2.8,-2.7,-2.0,-2.1,-2.4,-1.0,-2.0,-2.0,-2.0,-1.9,-2.6,-1.9,-2.3,-3.3,-2.5,-1.6,-3.1,-3.2,-1.7,-1.7,-1.7,-1.7,-2.2,-3.5,-2.2,-3.9,-4.0,-6.1,-5.6,-4.8,-5.9,-6.8,-6.7,-6.0,-4.7,-3.3,-0.2,-4.6,-3.9,-3.3,-2.1,-2.5,-2.5,-6.7,-2.3,-1.3,-1.2,-5.3,-1.8,-2.0,-2.2,-2.6,-2.7,-3.4,-4.0,-1.8,-3.3,-5.2,-5.8,-5.8,-7.2,-7.9,-3.7,-4.8,-4.9,-4.3,-5.1,-4.3,-7.7,-7.6,-5.2,-5.7,-10.6,-3.9,-4.0,4.1,-4.1,-3.8,-3.4,-3.9,-4.1,-3.0,-3.1,-4.9,-4.4,-4.5,-5.8,-5.5,-6.4,-9.0,-7.2,-7.1,-7.0,-7.0,-6.4,-6.6,-3.8,-5.1,-5.1,-4.9,-3.5,-3.8,-4.2,-4.0,-2.8
2C7L51KWaL,0,48.109333,11.626741,4442189.06,2778642.36,533.5,579.2,300,7357,2.0,0.83,0.31,32.65,348.97,-0.53,-0.103,0.842,-1.0,0.1,0.41,0.15,2.4,0.1,-0.3,0.3,-1.0,1.0,-1.0,-0.1,-2.9,0.6,-0.4,1.2,-6.2,-0.1,-0.4,2.0,0.4,1.4,1.5,-0.6,-1.4,-1.4,-3.1,-1.9,-6.0,-3.1,-6.2,-5.0,-5.2,-8.0,-5.4,-5.6,-8.0,-12.4,-9.4,-9.4,-8.9,-9.0,-8.4,-4.4,-4.9,-5.3,-3.1,-5.6,-5.7,-3.6,-9.3,-6.1,-4.2,-4.6,-3.1,-4.5,-3.1,-3.0,-1.9,-0.8,-2.5,-1.7,-0.6,-1.0,-0.2,-1.1,-2.3,-2.0,1.1,-8.0,-0.2,-8.7,-2.7,-0.5,-8.6,-2.8,-2.2,-4.3,-1.9,-3.8,-5.0,-3.5,-1.7,-6.1,-11.3,-2.1,-7.5,-5.7,-5.9,-6.4,-5.2,-4.3,-4.7,-7.7,-5.2,-7.9,-6.1,-6.2,-5.4,-8.9,-14.2,-9.6,-7.0,-4.8,-7.8,-7.4,-5.6,-5.7,-5.7,-6.7,-6.7,-7.5,-7.1,-5.2,-5.3,-4.1,-5.0,-4.9,-5.7,-5.3,-5.8,-4.7,-4.4,-4.7,-5.4,-4.0,-6.0,-3.7,-3.8,-3.7,-4.1,-6.0,-7.8,-6.7,-4.6,-6.6,-7.3,-9.2,-7.9,-8.8,-9.4,-9.4,-8.8,-8.9,-8.2,-5.7,-2.1,-7.5,-6.1,-4.7,-4.1,-4.9,-4.7,-9.0,-4.4,-3.6,-3.9,-3.7,-3.7,-5.0,-4.3,-4.8,-3.6,-5.3,-6.2,-4.3,-6.3,-8.0,-8.1,-10.0,-10.1,-11.1,-6.7,-7.5,-8.2,-6.7,-8.1,-7.6,-10.5,-10.0,-7.7,-8.0,-14.2,-6.7,-6.3,-2.5,-6.5,-6.0,-5.2,-6.5,-6.2,-5.3,-5.2,-6.5,-6.8,-7.4,-9.0,-8.3,-11.8,-12.7,-11.1,-12.3,-10.1,-10.8,-9.9,-8.6,-6.1,-7.3,-7.6,-7.4,-5.1,-5.9,-6.3,-5.8,-4.6
2C7L51KWan,0,48.109529,11.628271,4442302.58,2778666.71,530.6,576.3,300,7385,2.8,0.79,0.46,32.66,348.97,-0.53,-0.103,0.842,-1.5,0.1,-0.73,0.21,2.0,0.2,-0.3,-1.0,1.2,-1.5,-0.8,0.9,0.9,2.8,0.3,3.5,3.4,1.0,-1.3,-0.2,2.0,0.6,-0.9,-5.6,-4.9,-5.5,-4.7,-0.4,-6.5,-1.8,-7.7,-4.6,-3.1,-6.0,-7.1,-0.6,-5.5,-9.2,-8.1,-3.0,-3.9,-4.3,-3.8,-2.4,-2.0,0.9,-1.3,-4.3,-4.5,-1.9,1.1,-0.0,1.4,-1.2,-1.7,-2.4,-0.7,-1.5,-2.1,0.0,-1.7,0.1,1.0,-1.6,-1.6,-2.9,-2.6,-1.8,-0.7,-0.3,1.9,-3.7,-1.7,-1.7,-6.0,-3.5,-2.3,-2.1,-1.0,-3.1,-2.7,-0.9,-2.8,-3.2,-4.3,-2.1,-6.7,-4.6,-0.9,-2.8,-4.2,5.0,1.3,0.9,2.3,-1.7,1.3,-2.1,-3.8,-9.8,-5.4,-8.1,-5.2,-5.1,-3.3,-1.5,-3.8,-2.8,-6.2,-2.0,-2.3,-2.0,-4.4,-4.3,-4.6,0.5,-3.3,3.6,0.0,-0.9,-1.0,-1.8,-2.6,-4.5,-0.7,-1.2,-1.1,-3.7,-2.8,-0.2,3.7,-3.6,3.7,-3.1,-1.7,-5.5,-4.0,-5.1,-5.3,-5.4,-11.7,-8.1,-2.4,-3.8,-6.8,-4.2,0.3,-2.9,-6.9,-9.5,-10.0,-3.4,-5.3,-0.3,-3.3,-2.1,1.8,-3.8,-1.2,-0.0,-2.1,-0.6,-6.2,-5.2,-4.8,-6.7,-7.3,-6.8,-6.2,-8.7,-10.7,-12.6,-7.3,-5.3,-4.6,-6.6,-3.8,-4.2,-10.5,-8.0,-6.0,-4.8,-4.6,-6.4,-4.9,-8.6,-5.4,-5.1,-3.3,-3.0,-5.2,-6.1,-5.8,-5.8,-6.8,-10.9,-8.7,-10.0,-11.2,-7.8,-20.8,-20.1,-10.5,-11.4,-4.0,-10.8,-6.1,-5.3,-5.8,-8.3,-8.0,-1.2,-10.0,-10.2,-9.2
2C7L51Knbo,0,48.108661,11.621369,4441790.51,2778558.93,541.2,586.9,301,7260,3.2,0.78,0.39,32.6,348.93,-0.529,-0.103,0.842,-0.3,0.2,0.21,0.24,0.7,0.2,-0.3,0.2,0.3,0.2,0.4,-0.3,5.5,0.9,2.3,0.8,13.9,3.1,6.7,3.4,1.5,3.6,3.1,0.6,1.7,4.4,-0.1,0.5,-2.2,-1.0,-2.0,-0.7,3.5,2.9,1.6,7.7,-1.4,-6.9,-1.9,-0.4,-3.6,-3.1,-1.4,1.9,3.5,1.6,-1.1,2.4,-2.0,3.7,1.7,0.6,-2.3,1.3,-1.3,-1.9,-1.6,0.0,-1.1,-0.8,0.2,2.9,0.2,1.1,-2.8,-0.5,-0.6,-2.4,-0.3,-0.3,-0.7,-3.7,-3.5,-2.2,0.4,0.4,-0.1,-1.8,-2.4,-3.4,-0.7,1.2,2.0,2.3,2.9,0.7,-1.3,2.4,2.8,0.2,1.7,-0.2,2.5,3.6,0.3,-0.2,-1.2,1.5,-5.3,-4.2,-2.1,8.0,-3.0,2.9,0.2,-2.0,3.0,2.5,3.3,1.9,1.7,1.6,-0.5,2.3,0.6,3.4,5.2,1.5,4.4,4.9,2.4,1.9,0.8,1.2,1.4,-0.9,3.5,2.7,3.5,7.4,3.8,1.1,3.8,2.2,4.6,3.5,0.6,-4.8,1.2,1.7,1.3,3.1,0.5,4.9,5.1,3.8,2.2,0.5,-4.1,0.5,-1.1,1.0,-2.1,-3.3,-2.4,-4.1,-10.5,-3.1,-3.1,7.7,-5.5,-1.5,-4.0,-0.8,-2.7,0.6,-1.2,-1.7,-1.4,-1.6,-1.1,-1.8,-0.9,-6.5,1.9,-0.2,-2.7,-5.1,-3.7,-2.6,-4.7,-5.1,1.6,-5.0,-5.8,-5.2,-3.4,-6.3,-3.8,1.9,-2.1,3.9,1.9,-3.1,-1.8,6.6,10.3,4.2,1.6,7.6,1.1,2.9,0.4,5.0,4.3,-2.5,-1.9,-3.8,-2.2,2.5,1.4,2.1,-0.0,-0.5,-5.0
2C7L51Knbp,0,48.108661,11.621367,4441790.39,2778558.91,538.4,584.1,301,7261,2.0,0.92,0.29,32.6,348.93,-0.529,-0.103,0.842,-0.4,0.1,-0.11,0.16,0.8,0.1,-0.3,0.9,-0.3,0.3,-0.1,-0.3,0.6,0.5,-0.4,1.7,3.3,2.5,3.0,2.0,0.9,0.8,0.0,2.0,1.0,0.3,-0.4,-1.3,-3.1,-0.8,0.9,-0.9,0.9,2.0,0.2,0.5,-3.8,-17.0,-3.7,-2.0,-4.2,-4.2,-3.7,-1.7,0.5,-0.4,-0.1,1.1,-0.6,0.9,-1.8,-1.1,-2.7,-1.6,-1.3,-0.4,-0.3,1.1,-0.1,0.3,1.9,1.9,-0.5,1.7,0.1,0.1,-1.3,1.5,-1.4,-0.2,1.0,0.8,-4.0,2.6,-2.4,-0.1,1.4,-1.0,-0.3,-0.3,1.2,1.1,1.5,0.9,1.2,0.4,-1.4,-0.8,-1.2,-0.7,-0.7,-1.9,-1.1,-3.3,-1.3,-3.2,-2.7,-1.5,-2.3,-2.0,-2.4,-0.6,-1.2,-1.2,-1.7,-2.9,-0.3,-0.2,2.4,-2.8,-0.9,-0.4,-0.3,-2.0,0.3,-2.1,-0.0,-1.5,1.2,1.8,1.9,0.0,2.5,0.9,0.6,0.4,2.0,0.9,2.1,3.4,1.0,3.3,1.9,-0.5,2.5,-0.3,0.5,-6.4,-1.5,-1.3,-0.2,1.1,-0.8,1.7,2.2,1.3,1.9,0.7,-0.5,-0.6,-1.1,0.5,-1.9,-5.6,-4.0,-2.8,-5.9,-2.5,-2.5,-2.6,-2.8,-2.6,-2.6,-0.4,-2.2,-0.7,-2.8,-3.3,-2.6,-2.8,-2.1,-4.3,-1.9,-2.4,-2.1,-1.2,-0.8,-1.4,-5.9,-3.4,-1.8,-3.3,-1.3,-3.8,-1.6,-5.2,-1.6,-1.8,-3.2,-0.2,-1.7,-1.5,-0.9,-2.9,-0.9,-3.4,0.6,-0.4,-1.5,1.0,-3.1,-1.7,-2.1,-1.3,-1.8,-3.8,-1.7,-0.3,0.1,-1.8,-0.5,-2.3,0.3,-2.7,-4.0
2C7L51Kncp,0,48.109105,11.624822,4442046.67,2778613.89,535.2,580.9,301,7323,3.8,0.79,0.52,32.64,348.97,-0.529,-0.103,0.842,-0.5,0.2,-0.13,0.29,0.9,0.3,-0.3,-20.7,2.1,-1.9,-2.0,0.3,3.9,-1.9,-1.7,-0.3,-8.7,0.2,-0.4,2.2,1.7,2.2,3.9,0.1,0.4,-2.3,-0.5,4.0,1.8,-1.6,-0.4,-0.8,1.1,2.3,0.7,2.5,-3.8,-18.0,-1.4,-1.6,-3.4,-8.4,-2.7,-3.3,0.1,-0.7,-0.2,-2.9,3.9,0.4,0.7,-3.7,0.8,-5.3,0.4,-2.6,-1.3,-3.1,-6.4,-1.6,-2.1,-4.2,-0.7,-0.9,-1.8,-1.6,0.9,-2.2,0.1,1.5,-2.5,4.1,3.2,-0.8,-1.6,-1.0,-3.0,-3.7,-2.3,-2.5,-3.3,-1.1,-2.2,-0.9,-3.4,-0.4,-1.2,-1.3,-1.7,-2.0,-5.2,-3.3,-3.7,-2.5,-1.5,-4.7,-0.4,-3.6,-4.6,-6.4,-6.4,-4.7,-6.7,-4.4,-5.3,-2.2,-4.2,-0.8,-2.2,-1.8,-3.1,-2.5,-1.4,-2.1,-1.6,-2.3,-3.2,-1.6,-2.1,-1.8,-3.8,-2.8,-1.5,-5.9,-1.8,-1.3,-4.1,-5.1,-2.8,-3.2,-2.6,-0.8,-2.5,-4.9,-3.4,-3.1,-2.6,-3.0,-6.8,-5.4,-4.3,-3.7,-6.1,-3.4,-5.1,-8.0,0.5,-3.6,-4.6,-0.3,1.9,1.9,-1.2,1.1,1.4,0.3,1.9,2.9,-0.7,2.6,-2.2,-16.2,-19.6,1.0,-0.1,2.1,0.3,-2.9,-8.7,-1.3,-7.1,-2.6,3.2,0.3,-3.6,-0.6,-16.3,-4.2,-3.7,-0.2,-7.5,1.6,-0.1,0.5,1.2,-4.1,-1.0,-3.5,-0.3,-0.2,-1.2,-0.8,-2.3,-4.1,-2.2,-4.4,-5.2,-1.2,-6.9,-6.4,-4.0,-2.1,-6.9,-4.3,-5.2,1.0,-4.7,-0.7,-1.9,-24.5,-12.6,2.0,-5.5,-4.1,-6.7
2C7L51Knee,0,48.109897,11.630992,4442504.35,2778712.08,520.8,566.5,301,7436,3.7,0.68,0.4,32.67,348.97,-0.53,-0.103,0.842,-1.7,0.2,-1.46,0.29,1.6,0.2,-0.3,-0.7,0.5,-2.3,-0.5,-3.9,0.3,-0.6,-5.3,-1.1,12.3,-2.3,2.7,-4.5,-1.1,-3.5,-4.0,-2.6,-6.1,-2.9,-5.7,-6.1,-2.6,-0.1,-3.7,-2.8,1.8,1.6,1.2,1.1,-4.0,-0.7,-2.7,-5.1,0.2,-5.6,-2.8,-0.8,-3.4,3.5,-5.5,0.3,0.6,-4.7,0.6,-5.9,0.5,-2.2,-4.5,3.9,-2.8,3.4,-0.5,-0.1,-1.8,-3.5,3.9,0.1,-1.2,-2.2,-2.7,1.0,-2.4,-2.3,-1.7,3.6,1.5,0.2,-0.6,-3.6,-2.3,-1.6,-1.5,-0.8,-1.4,-1.0,-3.9,-3.8,-3.3,-4.6,0.4,-0.9,-2.3,-1.1,-3.9,-0.7,-5.3,-0.5,-1.0,-0.0,0.1,-3.0,5.4,-2.5,-0.3,-2.2,-2.2,5.4,-0.2,0.8,-1.3,-2.3,-2.1,-4.3,1.0,-2.1,-3.3,2.1,-2.4,0.4,-3.8,-2.0,-0.4,-3.0,0.6,-4.4,-2.3,-5.6,-0.1,2.6,-6.3,-0.9,-2.7,-0.0,-1.4,-4.9,-7.9,-1.3,-2.1,-3.1,-1.1,-6.6,0.5,1.2,-5.1,-7.7,-6.3,-4.4,2.3,-1.9,2.9,-3.5,-3.2,-1.4,0.5,-4.5,-3.8,4.0,0.4,1.6,7.2,-3.6,-3.4,0.4,-2.4,-1.5,-3.3,-4.5,-4.5,-2.7,-4.3,-6.0,-7.7,-4.0,-3.1,-6.2,-5.1,2.9,-1.9,-4.9,0.0,-2.2,-4.4,-7.9,1.7,-4.5,-5.4,0.2,-1.4,-1.8,-10.4,-17.5,1.4,-7.1,-12.4,-7.9,-9.3,-14.7,-14.0,-12.0,-12.6,-2.5,-22.7,-21.6,-18.2,-10.1,-16.1,-4.8,-16.5,0.7,-4.2,-17.0,-11.9,1.4,-5.8,2.0,-10.4,-14.6,-6.4
2C7L51KncC,0,48.10885,11.622691,4441888.56,2778582.03,539.9,585.6,301,7284,3.9,0.65,0.44,32.61,348.93,-0.529,-0.103,0.842,-1.2,0.2,-0.97,0.3,2.9,0.3,-0.3,2.7,0.8,1.9,2.2,0.5,1.8,1.8,4.7,3.9,1.9,3.0,2.1,1.8,-0.0,2.2,0.4,1.2,-1.4,-5.3,-4.7,-2.1,-2.7,-4.5,-3.9,-5.4,-2.3,-0.5,-7.8,-7.4,-5.1,-13.9,-6.2,-7.9,-6.7,-5.5,-8.3,-9.8,-14.0,9.8,-5.3,-10.1,0.8,3.8,-2.6,-0.2,-1.8,-0.5,0.3,-1.6,-0.5,-0.6,0.9,1.0,-0.6,1.6,0.6,0.1,2.8,2.8,-0.4,1.7,3.5,-0.4,12.8,-1.0,2.1,5.2,3.5,2.4,2.6,2.1,-0.0,1.2,5.5,4.6,12.1,9.3,5.5,0.1,-4.5,1.3,3.0,1.4,0.3,-0.4,0.9,-4.9,-2.5,-2.4,-1.1,-1.5,-3.2,-1.0,-7.1,-6.3,0.7,0.1,-1.6,-1.4,4.0,1.9,0.7,-13.1,-0.4,-14.8,0.8,-2.8,1.0,3.4,-6.3,-6.6,-3.6,0.7,0.1,-0.9,-0.5,0.0,0.1,2.7,4.0,-2.0,1.6,-0.7,-1.6,-1.3,0.8,-2.4,1.3,-5.2,-4.4,-5.3,-6.4,-9.1,-8.3,-6.6,-8.8,-3.7,-6.0,-1.1,-0.7,3.3,-8.4,-1.6,-3.0,-2.7,1.2,12.9,-2.2,-2.9,-0.7,2.1,2.8,-1.2,-3.2,0.3,9.5,-4.9,-1.2,-1.8,-5.2,-5.3,-5.9,-2.7,-2.7,-7.5,1.3,-5.2,-6.7,-2.0,-7.4,-7.5,-5.0,-4.6,-6.2,-12.3,-7.4,-5.9,-7.7,-0.9,-9.4,-8.3,-8.0,-4.3,-5.6,-5.9,-2.1,-0.9,-9.2,-11.7,-3.4,-11.4,-8.3,-1.8,-6.3,-12.7,-2.3,-2.0,-5.2,-4.8,-2.5,-5.7,-9.2,-9.2,-4.6,-4.6,-7.2,-1.5,-9.9
2C7L51Knci,0,48.109086,11.624533,4442025.21,2778611.34,539.6,585.3,301,7316,2.3,0.88,0.37,32.64,348.97,-0.529,-0.103,0.842,-0.7,0.1,-0.44,0.17,0.2,0.2,-0.3,-0.2,0.3,1.3,-0.2,0.2,0.1,0.4,-1.9,-0.7,-4.6,-0.2,3.9,-0.0,-2.4,-1.2,0.8,-0.6,-0.7,-0.7,-1.5,-1.5,0.8,3.4,2.5,2.4,2.4,0.1,-3.4,1.6,-1.8,-12.4,-1.0,-3.4,-1.1,-2.0,-1.2,-1.1,1.2,4.5,4.9,0.4,1.0,-0.7,1.3,1.1,0.7,-1.2,-1.3,1.0,-0.2,-0.1,3.0,2.4,2.9,1.0,1.8,2.4,-2.0,1.9,-3.5,-2.7,3.4,3.1,-1.7,0.1,-1.0,-3.3,-3.7,-3.1,-1.6,-3.2,-1.2,-2.2,-1.6,-2.2,0.5,1.0,0.5,-2.6,1.2,-2.3,0.9,3.7,-3.7,-4.2,-0.2,0.2,0.1,-0.2,-0.1,-2.2,0.9,-4.2,-0.9,-0.2,-1.5,-3.5,-1.3,2.4,2.1,-1.1,0.4,-1.5,-0.2,0.3,1.2,-0.4,-0.6,-0.1,0.4,-1.7,-0.4,-1.7,-1.2,0.8,2.1,-1.6,0.4,0.8,-0.8,0.7,-0.9,-1.7,0.4,0.1,3.3,-1.6,0.9,0.5,0.9,-0.2,-1.0,-1.6,-0.4,-2.3,-2.2,-1.4,-0.4,2.2,3.0,-6.1,-4.2,0.1,-0.7,0.2,-0.8,-2.1,-0.7,2.6,-2.9,-4.3,-1.6,-3.5,-4.5,-4.5,-1.1,-1.6,3.4,-0.1,1.3,1.0,-3.1,1.0,-2.3,0.3,3.0,-1.5,-2.5,-1.8,3.1,0.3,-5.4,-5.3,-3.6,-3.3,-5.9,-0.1,-0.8,-6.3,-0.6,-0.9,-3.5,-0.4,-3.6,-2.5,0.7,-0.1,-2.1,-6.3,-6.1,-3.4,-3.3,0.2,-4.1,-4.8,-6.5,-9.1,-3.3,-8.9,-3.8,-3.7,-3.7,-5.2,-1.3,-0.8,-2.4,-0.3,-1.7
2C7L51Kncv,0,48.109179,11.625252,4442078.51,2778622.78,538.5,584.2,301,7329,2.3,0.88,0.4,32.65,348.97,-0.529,-0.103,0.842,-1.1,0.1,-0.32,0.18,0.4,0.2,-0.3,1.4,-0.1,0.6,0.2,-0.8,-0.7,0.1,-1.1,0.1,-4.2,0.8,0.9,1.4,0.6,0.8,0.9,0.2,0.9,-0.1,0.8,-0.1,1.3,-1.7,1.2,-1.8,1.1,0.0,-0.9,-0.8,-1.9,-13.5,-0.4,-3.9,-1.1,-4.1,0.2,2.2,2.3,3.8,1.3,0.4,0.8,0.5,0.7,2.0,0.2,-1.3,-0.3,-0.2,1.1,-1.8,-0.3,-1.0,1.3,2.9,-0.7,-2.5,0.5,1.1,1.3,-1.8,-1.6,-0.2,-0.9,-3.6,0.8,-1.7,-2.3,-1.2,0.1,-1.7,1.8,1.0,1.0,1.7,1.0,1.5,2.3,0.8,-0.6,0.0,-0.5,-2.8,-1.5,-2.4,0.7,3.3,0.1,-0.0,-2.4,-1.6,-3.5,-3.8,-4.5,-1.7,-2.5,-3.2,0.5,3.1,-1.6,-3.4,0.1,-0.3,-0.2,0.5,-1.6,0.8,-1.2,1.6,0.1,0.3,0.3,-0.7,-0.7,-2.5,1.7,-0.2,0.4,0.3,-2.1,1.2,-2.7,-0.3,-1.8,-0.1,3.8,-2.0,0.7,-1.6,-2.8,-3.6,-2.8,-1.6,-5.8,-5.6,-1.4,-5.0,-2.9,-0.3,0.1,8.6,-1.4,-0.1,-0.7,-6.0,-6.4,-0.1,-3.8,-5.0,-3.1,-5.7,-2.4,-3.4,-2.4,-0.9,-9.3,-5.1,-3.0,-0.1,-1.8,-4.2,-5.7,-5.1,-4.6,-6.5,-2.0,-4.8,-3.4,-2.5,-2.4,-2.9,-8.6,-7.2,-3.0,-1.3,3.2,-5.9,-6.5,-4.7,-2.7,-3.5,-3.4,-3.8,-2.6,-2.5,-1.8,-4.3,-3.9,-4.4,-4.7,-2.7,-6.5,-1.4,-2.7,-7.6,-5.5,-3.4,-5.1,-10.4,-3.2,3.1,-7.6,-4.4,-2.6,-5.8,-3.9,-8.6,-6.2
2C7L51Knd5,0,48.109253,11.62583,4442121.4,2778631.98,537.7,583.4,301,7339,3.0,0.79,0.47,32.65,348.97,-0.53,-0.103,0.842,-0.7,0.1,0.27,0.23,0.9,0.2,-0.3,2.4,8.8,-9.7,-1.8,-1.3,1.7,-4.3,6.7,7.0,-4.0,-1.1,0.9,0.2,0.4,-1.6,-2.9,-1.4,-3.9,0.9,-4.3,-1.5,0.6,1.0,-2.0,-1.4,-4.0,-3.5,-2.0,0.7,-3.4,-12.5,-5.2,-6.0,-1.2,-6.5,-5.6,-2.3,-3.0,-3.4,-5.0,-3.0,-1.8,-4.5,-3.5,-3.5,-2.6,-6.7,-3.9,-5.4,-2.8,-2.2,1.1,-2.1,-1.6,-4.9,1.0,0.5,-2.7,0.2,-2.8,-3.9,-4.1,-2.6,1.6,-3.2,0.7,4.9,-8.1,-4.2,-1.3,-4.6,-3.7,-3.7,1.2,-3.1,-1.3,-1.5,-3.5,3.5,-5.5,-3.6,0.4,-4.9,-9.6,2.0,-5.5,-0.6,-3.0,-6.0,-0.8,-1.0,-2.2,-1.6,-7.1,-5.9,3.9,-4.8,-8.4,-4.5,-3.6,-2.7,-3.4,-5.0,-3.9,-5.7,-4.8,-3.6,-2.2,-4.6,-6.6,-6.7,-4.0,-4.3,-3.2,-1.7,-5.2,-4.6,-10.2,-5.4,-4.4,-4.8,-0.1,-2.8,-3.8,-0.3,-2.6,-1.2,-3.8,-3.3,-2.5,-4.9,-4.9,-3.1,-5.0,-5.9,-5.1,-4.0,-3.7,0.6,-0.5,1.4,-5.5,-5.6,0.5,-2.6,-4.2,-2.8,1.0,-6.0,-3.9,-12.1,-3.0,-3.4,-7.0,-5.4,-3.6,-5.1,-3.7,-1.1,0.8,-4.1,-10.0,-5.8,-5.1,-5.2,-4.0,-1.6,-5.1,-3.4,-3.4,-4.4,-8.5,-7.3,-5.5,-1.3,-3.5,-10.0,-3.2,3.8,3.3,-1.5,-1.1,-2.7,-7.5,-5.9,-3.4,-8.2,-7.3,-7.3,-10.1,-9.1,-4.9,-8.1,-5.9,-8.1,-4.1,-5.2,-5.0,-8.0,-5.8,1.2,-1.8,-1.6,-0.1,-3.1,-8.8,-3.8,-8.2
2C7L51KndG,0,48.109334,11.626464,4442168.43,2778642.06,540.2,585.9,301,7350,2.9,0.73,0.38,32.65,348.97,-0.53,-0.103,0.842,-0.7,0.1,-0.5,0.22,3.0,0.2,-0.3,1.2,-2.1,-0.0,-1.5,-2.1,-1.1,-0.3,-0.9,1.2,-1.6,1.1,0.4,3.9,1.2,1.7,-0.8,-1.8,-6.1,-6.2,-4.8,-6.0,-6.1,-4.6,-8.4,-5.3,-4.6,-5.0,-0.7,-1.2,-7.2,-14.8,-8.6,-9.8,-9.6,-9.0,-6.9,-4.7,-5.3,-4.5,-5.9,-3.4,-5.7,1.1,-3.9,-3.3,-2.6,-5.7,-1.8,-2.9,-2.6,-2.3,-1.3,0.2,-1.6,-1.1,-1.9,-1.7,-1.5,-1.9,2.5,0.1,-4.5,-0.1,-1.0,-2.1,0.4,-0.4,-5.9,-2.7,-3.5,-2.5,-3.9,-1.0,-1.6,4.1,7.2,2.3,-1.5,-2.0,-6.1,-0.7,-5.1,-3.4,1.9,-1.2,-9.3,-8.4,-3.8,-6.4,-7.8,-6.5,-4.2,-8.2,-12.1,-6.3,-5.0,0.6,-7.0,-3.9,-3.6,-2.1,2.3,-5.2,-4.5,-1.6,-5.4,-1.8,-0.3,0.7,-0.9,-1.9,-1.2,0.4,0.1,-2.6,-2.7,-2.4,-1.6,-2.0,-2.7,-6.2,-1.0,-0.8,-3.6,-4.0,-5.7,-4.3,-8.4,-4.7,-5.5,-6.8,-7.8,-4.6,-7.7,-9.8,-10.2,-6.8,-6.8,-5.1,-0.1,-2.9,-3.5,-2.8,-2.2,-2.2,-3.7,-5.6,-0.8,0.3,-0.0,1.4,0.0,-0.2,-0.9,0.8,-4.8,-2.8,-9.3,-3.3,-0.9,-8.0,-9.6,-5.9,-7.6,-12.1,-6.5,-4.1,-8.0,1.5,-4.4,-5.8,-8.2,-11.2,-1.9,-5.1,-3.4,-1.4,-1.2,5.1,-1.7,-1.5,-2.5,-1.5,-1.5,-2.7,-4.7,-4.4,4.4,-16.4,-11.9,-4.5,-14.7,-9.6,-9.3,-9.2,-8.4,-8.8,-8.7,-7.7,-5.3,-4.5,-6.1,-6.6,-5.2,-7.3,-5.0,-4.7,-6.2
2C7L51Kndt,0,48.109612,11.62863,4442329.08,2778676.52,536.9,582.6,301,7389,3.0,0.79,0.41,32.66,348.97,-0.53,-0.103,0.842,-0.8,0.2,-0.75,0.23,1.2,0.2,-0.3,0.5,2.0,-1.7,-1.0,1.2,-1.2,-0.7,-0.6,-2.8,1.8,1.0,1.9,-0.6,-2.0,0.5,1.3,-2.5,1.3,-1.3,0.7,0.9,-3.5,-0.7,-0.6,-1.0,-0.3,-1.2,3.6,-3.4,-5.7,-10.9,-7.1,-4.7,-0.9,-3.4,-2.4,0.4,0.9,-0.6,-0.7,-3.2,-0.6,-1.9,-1.9,-2.1,0.5,-5.4,-1.7,-0.6,-0.3,-4.6,-1.8,-2.3,-2.0,0.6,1.4,-1.5,-0.4,-2.6,-1.1,0.1,-2.0,0.1,-5.6,-4.7,0.3,-0.4,-2.7,3.0,-1.1,-0.1,1.1,-1.2,1.3,0.2,-0.1,-0.2,-0.6,-0.5,-4.2,-4.1,-2.1,-0.4,-1.0,0.2,-2.8,-2.6,0.3,-0.6,-1.9,-3.4,-2.6,-1.7,-5.5,-7.0,1.5,4.2,0.5,-4.0,-0.6,-0.3,-3.7,0.8,-0.2,1.7,-0.5,-0.4,1.5,9.3,1.9,0.1,-2.2,3.1,-0.8,0.3,2.8,-2.9,1.3,3.4,-2.0,2.1,-4.8,0.5,-4.8,-2.6,0.6,1.3,-0.8,-0.7,-4.5,-2.3,-4.6,-1.1,-7.4,-6.8,-3.6,-5.2,-5.7,-0.4,2.5,0.4,-1.7,-2.2,0.5,0.5,1.3,4.9,0.7,-0.1,0.2,1.5,4.4,4.7,0.6,-0.4,-5.0,-1.5,-2.4,-2.7,-3.4,-4.4,-2.3,-3.2,-2.5,-1.5,-1.8,-1.3,0.4,-3.8,-1.0,-3.7,-1.4,-5.0,1.3,-3.0,-4.2,6.2,-6.5,-16.6,-7.0,-3.0,-5.2,-7.5,-10.8,-8.9,-14.1,-9.1,-4.9,-7.0,-3.4,-12.1,-4.5,-6.3,-1.6,-2.9,-4.7,-6.7,-1.3,0.5,-7.0,-2.6,-10.1,-5.5,5.6,-0.0,-9.8,-4.0,-1.5
2C7L51KncS,0,48.109001,11.623729,4441965.49,2778600.6,544.1,589.8,301,7300,4.3,0.62,0.49,32.64,348.97,-0.529,-0.103,0.842,-0.4,0.2,-0.46,0.32,1.4,0.3,-0.3,0.2,1.6,0.3,0.8,-3.3,-2.0,5.1,5.1,-0.9,4.1,-2.4,1.3,1.7,6.8,2.5,4.7,5.7,6.5,1.8,-0.2,3.1,-6.1,-3.3,2.4,-0.5,5.1,-0.0,6.0,-1.5,-0.3,6.8,4.3,-5.1,1.8,-0.8,2.9,2.5,5.7,6.4,4.6,-1.3,1.7,4.9,1.0,1.4,0.3,-1.9,4.5,-1.1,-3.0,2.9,3.5,-0.4,-0.9,0.5,0.3,-7.3,2.8,5.4,-6.7,13.4,1.4,-3.5,-0.4,-7.0,-5.7,-0.4,1.3,1.2,-4.3,2.7,-0.1,-1.3,9.7,6.8,5.8,2.4,-1.9,-0.7,0.9,3.1,-0.4,-1.5,-4.7,-1.2,-1.5,2.7,0.2,3.3,0.5,6.2,2.9,6.5,3.5,6.4,-0.1,-0.2,1.4,3.8,5.8,1.8,1.6,0.3,2.7,6.4,-0.5,2.5,1.9,3.9,-3.0,4.0,4.8,1.6,0.8,-1.2,-1.7,0.4,-4.5,-1.1,-0.6,-2.6,5.3,-0.2,-1.3,-3.0,5.0,-2.2,7.9,6.6,7.3,13.5,8.5,-2.9,4.5,3.8,8.1,5.4,2.5,3.6,12.1,-2.4,-7.1,2.3,6.4,2.1,-9.7,12.0,9.5,-12.7,2.4,-0.6,-8.3,2.2,0.2,3.9,4.1,12.5,3.4,-5.2,-2.1,-6.2,-2.8,7.0,1.7,4.6,3.6,3.8,4.1,-0.7,2.2,1.9,0.2,-7.9,-5.3,-4.6,-1.5,-4.5,3.2,-9.5,4.4,-3.8,3.7,-5.2,-6.9,3.7,10.7,-5.9,-3.7,0.6,1.8,0.6,-0.9,-0.5,-2.2,-3.8,0.4,4.5,4.2,4.1,-1.5,-8.8,-3.1,6.5,-0.3,0.8,-4.8,2.9,-1.1
2C7L51KncT,0,48.10901,11.623796,4441970.51,2778601.67,544.6,590.3,301,7301,4.7,0.62,0.51,32.64,348.97,-0.529,-0.103,0.842,-0.6,0.2,-1.0,0.35,2.4,0.3,-0.3,-1.6,3.0,-0.8,-4.0,-0.2,-12.3,3.2,2.8,3.7,-1.6,3.6,6.6,4.9,-17.0,0.9,3.7,3.7,8.9,4.2,6.7,2.4,3.6,1.9,7.8,5.8,10.6,5.2,-4.0,3.6,3.1,8.0,3.5,2.8,4.6,3.5,5.6,7.0,8.5,5.7,7.7,7.0,-13.2,9.6,5.4,5.2,0.0,-0.9,0.1,-0.3,1.6,7.0,1.2,1.6,2.4,5.5,9.1,0.9,4.8,-6.4,3.9,-7.3,4.6,2.0,2.6,-3.3,-1.0,-0.6,2.3,0.5,-0.3,-2.6,1.7,-2.7,0.0,5.9,4.7,6.3,0.8,-17.2,5.3,7.3,0.3,4.8,2.1,3.0,7.1,7.3,3.3,7.2,6.7,11.1,5.1,-5.6,5.4,12.1,2.8,-5.6,8.2,8.2,9.8,8.0,9.3,6.9,4.4,8.8,3.8,8.4,6.6,7.7,3.6,9.7,-12.1,5.1,4.5,5.1,2.9,4.7,0.4,2.3,-0.0,0.7,-3.4,4.0,3.2,0.4,4.8,-2.4,-1.8,5.9,5.1,7.0,6.0,0.9,5.3,6.7,1.8,5.9,4.1,0.7,6.2,2.3,2.4,4.1,10.1,4.5,0.4,-2.1,1.2,1.9,1.6,3.4,3.1,3.5,4.2,0.4,2.4,-9.7,6.5,3.2,1.3,0.4,3.9,9.1,6.9,4.3,6.7,6.8,9.3,3.7,7.7,4.9,8.1,2.3,-5.5,-10.3,-4.5,-6.2,4.3,-2.7,4.5,-0.5,1.4,-0.3,-0.9,-3.3,-7.9,-6.9,-1.0,2.7,0.9,5.1,2.7,3.5,2.2,-0.8,-2.8,6.8,0.5,-12.3,5.0,-7.3,2.1,-13.7,1.6,7.0,-0.1,5.4,-1.5
2C7L51KncU,0,48.108998,11.623701,4441963.43,2778600.17,537.2,582.9,301,7302,4.0,0.69,0.5,32.64,348.97,-0.529,-0.103,0.842,-0.5,0.2,-0.27,0.31,0.6,0.3,-0.3,0.2,2.0,-6.5,-2.3,2.5,-6.2,5.0,5.3,-4.3,-2.6,-1.2,-1.3,-3.5,-0.6,-2.6,-0.3,-3.7,-10.5,-2.6,4.2,1.3,1.3,1.0,6.9,7.1,4.3,5.9,-0.7,4.0,-2.9,-15.6,-1.1,1.9,3.0,1.3,3.9,3.3,6.1,7.4,4.0,7.6,-9.0,6.7,3.4,2.1,-0.5,-1.6,0.2,-1.9,0.1,-3.5,2.8,4.1,5.6,3.3,-3.2,-0.5,-1.4,-2.0,-0.0,-4.6,-1.0,-0.1,0.6,-0.9,-1.7,-1.8,-1.8,-0.1,-0.7,-2.0,-1.9,-2.6,-1.3,3.0,-2.2,0.0,-0.3,-2.7,-3.6,-15.3,-0.9,-2.9,-2.8,-5.0,11.8,-0.8,2.4,-2.4,2.6,-2.4,-1.1,-4.5,-0.1,-4.8,-3.0,-3.4,-2.5,0.6,-10.5,-2.1,-13.8,-6.7,2.8,-5.2,-0.2,-9.0,0.2,6.4,0.6,-0.9,-3.1,0.9,2.3,-4.9,-0.6,-3.9,-0.3,-0.3,-1.3,-0.4,-0.8,-0.2,2.6,0.3,1.6,-2.2,0.3,0.5,1.8,3.7,4.4,7.9,4.9,4.8,1.4,7.7,4.2,0.7,4.9,-1.6,7.9,1.5,-3.5,0.9,0.4,-2.0,0.7,2.7,0.5,1.7,-0.4,0.8,2.9,-2.1,-0.4,-5.1,-3.3,1.7,-7.4,-4.5,2.6,3.2,-6.3,-4.2,4.3,-2.7,-4.4,2.9,-2.4,-7.3,-12.1,2.0,-4.5,-5.3,-3.1,-3.1,-0.4,-1.9,-1.5,-0.9,-1.6,-1.5,-3.2,-1.4,-3.7,-4.2,-6.2,-2.8,-6.0,-1.4,-5.5,5.0,2.1,-3.2,-2.6,-3.5,-3.5,-4.9,1.5,-3.2,2.4,-7.3,-1.2,2.2,-2.0,-3.2,-3.5
2C7L51Knck,0,48.109123,11.624674,4442035.58,2778615.64,541.7,587.4,301,7318,2.7,0.8,0.39,32.64,348.97,-0.529,-0.103,0.842,-0.6,0.1,-1.24,0.2,0.8,0.2,-0.3,2.9,1.7,2.5,-0.4,-1.3,-0.0,2.4,-2.2,-3.4,-1.1,4.3,2.6,-1.3,1.4,-0.8,-0.7,0.1,-3.2,1.4,1.0,-1.9,-2.6,-1.8,0.3,0.6,5.9,2.5,-4.4,-4.1,-2.0,1.2,-1.0,-7.4,-2.9,-3.4,-1.5,-0.3,2.3,1.2,-0.0,0.0,-0.0,-0.4,-0.2,-0.1,0.3,-4.1,0.8,-1.8,2.2,-0.2,-0.1,2.5,3.6,2.8,1.9,0.6,2.4,2.9,1.4,2.8,3.2,-0.5,1.1,-1.9,-3.6,-2.6,1.7,-0.2,0.5,-1.3,1.6,0.5,1.7,0.6,3.1,1.4,1.1,0.8,-0.5,-1.0,-2.5,-2.0,-2.5,-3.3,3.8,1.3,-0.9,4.1,3.1,-2.7,-0.3,-2.2,-1.5,-0.1,-2.0,1.8,6.0,4.6,2.3,2.7,1.3,1.2,0.1,1.7,6.0,3.5,2.3,2.0,3.0,2.5,1.0,1.7,-0.7,-0.2,0.2,-0.6,0.8,1.6,2.4,1.5,2.2,0.9,0.8,-1.6,0.2,6.0,8.3,-1.8,4.3,-0.2,6.2,-1.3,1.0,2.4,-3.7,-2.4,-2.3,2.8,6.1,2.5,0.5,4.1,4.9,3.1,5.1,-4.8,5.2,7.1,5.0,-6.3,-0.8,3.8,2.6,4.3,0.4,-1.0,-0.5,1.2,-0.3,-5.6,-5.9,0.6,-2.9,-5.0,3.5,-2.5,0.2,-1.0,0.1,-3.1,-3.8,-3.2,-5.2,-3.6,-1.5,-1.0,-4.2,-1.6,-3.1,-4.3,-1.2,0.2,-0.9,-2.0,-3.0,0.6,-7.6,-6.4,4.5,-9.0,-10.8,-0.6,-1.3,-2.6,-3.1,2.9,-5.7,-5.5,-0.9,-4.0,-1.9,-3.1,-3.2,-0.9,-5.5,-3.8,-5.1
2C7L51Kncw,0,48.109206,11.625317,4442083.33,2778625.88,538.5,584.2,301,7330,2.4,0.89,0.38,32.65,348.97,-0.529,-0.103,0.842,-0.8,0.1,-0.43,0.19,0.2,0.2,-0.3,0.6,-0.1,-0.4,0.2,-0.1,-1.4,-1.8,-0.1,3.1,-8.5,2.3,-0.5,1.7,1.7,2.2,2.7,2.9,3.0,-0.1,1.0,-0.4,2.8,0.7,1.0,1.3,7.5,7.3,2.1,0.4,-0.2,-17.5,-0.7,1.9,-0.1,-2.7,1.1,2.9,2.1,2.6,3.0,2.7,-0.5,4.5,3.1,0.6,0.1,2.0,1.7,-0.4,2.0,3.1,-0.6,0.9,0.4,2.3,2.5,0.1,4.3,0.1,0.5,0.9,2.0,1.8,5.8,-5.6,1.3,-0.5,-1.2,0.8,2.8,2.0,0.2,2.1,4.9,1.8,2.8,3.1,1.2,0.9,3.1,1.4,1.9,-2.9,0.3,-2.1,-0.7,1.5,3.7,-0.2,2.2,3.2,1.4,-1.5,-1.3,4.7,0.4,1.3,2.8,-1.4,3.9,-0.8,2.6,3.0,2.0,0.3,1.2,0.8,1.2,1.4,2.1,0.6,1.2,1.3,0.1,-2.8,1.2,-2.7,2.8,-0.5,-3.1,-2.6,2.6,0.7,-0.6,2.0,1.6,0.7,0.3,2.1,2.8,-2.2,-2.0,-1.7,-1.4,-1.1,0.3,-1.7,-0.1,-1.0,4.1,-5.4,-4.3,-4.6,-4.1,-2.0,-0.4,-1.6,0.3,0.9,0.5,-1.5,0.1,-0.7,-2.5,-0.8,0.3,-2.0,-2.3,-2.1,-1.1,0.8,0.4,-3.4,-2.1,-1.6,2.3,1.7,0.6,0.3,0.7,0.8,-1.2,-3.7,-3.0,-4.2,-1.0,-0.1,-0.7,-5.6,-1.0,-3.0,-0.9,-1.8,-0.0,-1.4,-0.5,-0.2,-2.3,-3.3,-3.7,-5.9,-2.0,-1.7,-1.1,-5.0,-3.6,-2.9,-4.2,-1.2,-2.5,-2.9,-7.3,-5.0,-0.4,-6.1,-1.3,0.7,0.2
2C7L51Knd8,0,48.109275,11.62586,4442123.58,2778634.53,532.0,577.7,301,7342,1.9,0.92,0.28,32.65,348.97,-0.53,-0.103,0.842,-0.9,0.1,-0.42,0.15,0.3,0.1,-0.3,-0.9,-0.3,-0.5,-0.2,-0.7,0.1,-0.3,-0.4,-0.3,-2.1,-0.0,0.1,-1.0,0.2,0.9,0.3,0.1,1.2,1.4,0.8,2.2,0.2,0.9,2.1,1.9,3.1,1.7,-1.2,-0.9,-1.7,12.5,-3.6,-1.3,-2.0,-4.2,-1.8,1.2,3.0,-0.6,0.6,1.1,-0.6,1.6,-0.7,-1.0,-0.7,-2.5,-4.8,1.4,-8.6,-0.8,-0.6,-0.0,1.3,0.9,0.2,-1.3,1.1,-0.6,0.8,-0.1,0.2,-0.3,-0.5,1.4,0.9,-2.0,-0.6,0.2,0.2,-1.8,-2.7,0.5,-0.3,-0.5,0.9,1.6,-0.4,-0.4,-1.2,-2.4,-1.8,0.1,-0.7,-0.8,-0.2,0.3,0.8,-1.4,0.3,-0.1,-2.0,-3.1,-2.0,0.2,0.2,0.6,-0.5,1.6,0.8,1.3,-0.7,-1.4,-0.9,0.1,-1.2,-0.5,-1.4,-0.1,-1.7,-1.3,-2.6,-1.4,-2.1,-1.2,-0.5,-2.3,-1.0,-2.3,-2.9,-1.8,-1.0,-1.1,-1.5,-0.1,-0.8,-2.3,-1.9,0.4,-0.9,-2.3,-0.1,-1.2,-1.5,-1.6,-2.4,-0.9,-3.2,2.6,3.1,-2.6,-2.9,-0.2,2.9,1.5,1.0,-5.0,-0.4,0.5,0.0,1.5,-1.8,-1.7,-1.8,0.3,0.0,-2.0,-1.9,-1.5,-0.6,-1.0,-3.1,-3.0,-3.0,-5.3,-0.3,-1.5,-2.7,-1.8,-1.0,-1.6,-5.5,-3.3,-4.8,-4.2,-1.5,-3.7,-2.8,-11.8,-2.8,-2.0,-1.9,-2.4,-2.9,-1.4,-2.1,-1.7,-1.6,-4.4,-3.3,-4.7,-5.2,-5.4,-6.0,-8.0,-3.8,-5.6,-7.1,-4.6,-2.2,-6.3,-5.8,-4.8,-2.9,-2.5,-3.9,-3.0,-2.5
2C7L51Knd9,0,48.109288,11.625959,4442130.93,2778636.1,534.0,579.7,301,7343,4.2,0.62,0.43,32.65,348.97,-0.53,-0.103,0.842,-1.3,0.2,-1.36,0.32,1.6,0.3,-0.3,0.2,6.0,2.9,3.4,2.4,3.3,0.3,0.2,-4.1,0.6,-0.8,2.4,-7.1,11.5,7.0,0.6,-0.3,1.5,1.8,-5.5,1.2,2.4,2.0,-2.5,-8.3,1.1,2.4,2.6,-2.0,2.1,-11.1,-1.9,-2.2,-3.6,-6.3,-0.8,3.0,0.4,2.6,0.0,2.4,0.7,-5.4,-0.0,-2.3,-1.3,0.1,11.5,-1.4,-1.6,-3.6,-1.9,-1.1,2.8,0.6,2.1,0.5,1.5,-0.1,4.1,2.0,3.0,0.0,3.7,4.0,4.2,2.3,3.5,3.0,1.2,-1.4,-3.9,3.4,2.9,5.2,2.5,4.9,0.9,1.0,4.0,-0.0,2.4,-9.2,-0.0,-0.2,4.5,1.0,5.4,1.7,1.1,7.5,2.2,-0.9,1.0,2.4,4.3,5.4,3.5,-0.2,-4.1,2.7,1.7,-9.2,-2.4,6.2,-5.7,-11.2,3.2,-0.1,-6.4,3.0,-5.5,2.5,4.3,2.5,-2.9,-0.3,2.2,1.1,-3.4,-0.4,2.2,2.9,2.3,2.5,14.3,-4.7,4.1,-1.3,3.7,7.0,1.9,-1.0,4.0,1.8,0.1,-2.1,-0.6,-0.5,0.5,-1.6,-4.8,-8.4,-3.1,-7.7,-7.4,-4.7,-1.7,3.5,-1.1,3.5,-2.0,1.1,4.0,2.2,-2.6,-3.7,-3.5,-2.4,-0.2,1.8,-13.4,-1.5,-2.5,-8.2,8.7,4.1,1.8,3.4,-2.8,-6.7,-9.6,-11.1,-7.7,-7.1,0.7,-3.3,-1.1,-5.1,2.0,5.4,-0.8,-1.3,-1.1,2.2,-2.8,-5.1,-1.2,-3.6,-4.3,-9.8,-8.8,-15.2,-4.4,-15.2,0.8,-8.9,-10.3,-9.4,8.1,-7.0,-9.0,-12.1,-11.1,-11.2,-2.3,-8.4,-5.9
2C7L51KndY,0,48.109496,11.627579,4442251.07,2778661.85,544.2,589.9,301,7368,3.6,0.54,0.47,32.66,348.97,-0.53,-0.103,0.842,-1.3,0.2,-0.78,0.28,4.7,0.2,-0.3,-2.0,-0.3,-3.7,-2.8,-2.6,-1.1,2.4,-1.5,1.7,-7.7,2.3,2.9,2.5,1.4,-13.9,7.3,1.1,0.5,-5.7,-9.0,-8.1,-5.5,-0.5,-14.1,-7.6,-1.9,-10.9,-5.2,-3.6,-12.6,-17.9,-10.6,-12.5,-5.7,-5.7,-8.9,-7.5,-2.1,-3.7,-2.9,-3.5,-5.2,-6.4,-7.7,-5.2,-2.5,-11.5,-5.2,-2.5,-1.2,-2.3,-1.7,-3.1,0.3,0.7,0.9,-2.0,-0.3,1.5,0.0,-1.6,0.7,-0.8,-0.1,-1.7,-0.7,-1.2,-2.3,-0.1,-0.9,0.5,0.1,-1.5,-0.1,4.0,7.6,-5.5,-2.9,-5.0,-6.0,-8.5,-8.5,-9.7,-8.3,-7.0,-9.9,-5.8,-7.1,-3.7,-7.8,-4.2,-2.9,-10.1,-17.9,-6.9,-4.3,-4.9,-7.9,-3.3,-2.2,-6.9,-6.6,-12.1,-3.6,-6.4,-9.1,-4.4,-2.9,-5.8,-9.0,-5.2,-4.0,-3.9,-4.2,-4.6,-3.8,-1.0,-2.0,-0.5,-0.6,-8.3,-0.6,-0.7,3.9,1.2,-5.5,-6.3,-10.3,-4.9,-10.1,-8.8,-5.1,-6.3,-10.9,-7.8,-8.9,-6.5,-6.6,-9.4,-9.1,-6.9,-12.1,4.9,2.0,-2.5,0.5,5.1,-1.7,1.1,0.0,-7.2,-1.2,-0.0,0.3,-2.8,-9.9,-10.1,-3.1,-9.7,-12.1,-13.9,-10.9,-15.5,-14.0,-9.3,-9.2,-9.0,-7.2,-9.9,-10.8,-11.0,-11.2,-11.8,-8.5,-8.7,-3.1,-3.9,-2.7,-1.7,-2.4,-2.7,0.0,-2.0,-8.0,-3.7,-4.3,-10.6,-12.1,-11.2,-17.4,-22.1,-18.5,-18.9,-16.0,-15.1,-12.5,-8.5,-13.8,-13.3,-13.9,-15.2,-15.4,-3.5,-12.9,-1.6,-3.2,-0.5,-2.4
2C7L51Knbt,0,48.108736,11.621516,4441801.32,2778567.48,534.7,580.4,301,7265,2.3,0.87,0.38,32.6,348.93,-0.529,-0.103,0.842,-0.4,0.1,-0.7,0.18,0.9,0.1,-0.3,1.0,-1.0,-2.1,-1.1,-2.2,0.8,0.1,-0.6,-1.9,-4.1,0.3,1.1,-1.5,-0.8,-1.9,-3.6,-0.3,1.6,-0.5,-1.4,0.7,-3.7,0.2,1.9,-0.8,0.6,0.8,0.3,-1.8,-4.9,8.4,-3.4,-4.3,-6.6,-6.0,-4.7,-3.5,-1.7,-0.7,-4.0,1.4,-5.2,-0.9,-1.4,-2.0,0.1,-2.3,-2.2,-0.8,1.4,0.2,-0.9,-1.1,-1.3,-2.1,-1.2,-1.4,-0.9,-0.4,-2.6,-2.1,-3.8,-8.7,0.1,0.5,-2.0,-1.9,-1.5,-0.7,-2.2,1.1,-1.5,-3.8,-4.5,-1.2,-1.9,-0.5,-2.0,-1.6,-0.1,-2.2,-3.3,-1.9,-0.8,-0.8,-3.9,-0.9,-3.1,-0.0,-5.2,-5.7,-2.0,-3.2,-6.1,-5.6,-3.1,0.9,-0.5,-0.1,-1.8,1.2,2.0,1.0,-0.1,1.0,0.4,1.9,-0.2,-0.3,0.7,-1.1,0.3,-1.2,0.7,-0.9,0.4,-0.7,-2.2,-0.9,-0.4,-1.5,-2.2,0.9,-2.2,0.2,-0.9,-1.1,1.9,1.1,-6.4,-0.2,-2.9,-3.3,-4.8,-0.6,-3.0,-1.3,0.7,1.9,0.6,-1.6,1.1,1.2,0.8,0.5,2.0,-4.4,1.3,1.8,0.0,1.5,0.2,1.4,-0.7,1.4,-0.2,-4.1,-1.9,-1.6,0.3,-3.3,-4.9,0.3,-4.1,-3.9,1.2,-1.5,-1.0,-1.8,-3.2,-1.7,-4.9,-7.3,-4.6,-2.1,-1.1,-2.3,-1.9,12.1,1.0,-2.1,-0.7,-2.5,-4.2,-1.8,-2.0,-2.9,-6.6,-8.2,-4.4,-3.7,-3.5,-4.0,-6.7,-9.1,-3.2,-4.9,-4.2,-4.3,-5.6,-4.0,-5.8,-4.5,-3.8,-2.5,-4.1,-1.4,-4.8
2C7L51KncY,0,48.109054,11.623993,4441985.01,2778606.86,540.6,586.3,301,7306,2.8,0.81,0.37,32.64,348.97,-0.529,-0.103,0.842,-0.4,0.1,-0.56,0.21,1.6,0.2,-0.3,-4.0,-3.5,-2.6,1.0,-2.7,-1.7,0.1,0.7,0.4,-2.6,2.6,-0.5,1.2,1.5,-2.2,-1.4,-1.4,-0.9,-1.3,-4.6,-1.3,0.3,-3.3,4.0,3.7,2.6,-0.0,-3.9,4.3,-5.1,-18.8,-6.5,-2.4,-0.4,-8.0,-9.6,-3.9,-1.4,0.8,-2.1,0.6,-1.0,2.5,-0.1,-3.6,-3.2,-0.5,-1.0,-2.0,-0.5,0.0,1.2,0.0,2.8,1.7,2.8,-4.1,2.9,-0.1,1.5,-2.1,-0.5,-0.5,-2.0,2.2,3.9,-0.3,-1.6,0.1,-0.2,-1.0,-3.2,-2.1,-0.9,-0.5,-0.9,-2.4,-1.3,0.1,-3.6,-3.4,-4.7,-2.8,-5.7,-6.1,-3.0,-2.0,-0.8,1.5,-2.3,-1.5,-6.1,-7.1,-4.4,-1.1,-4.8,-3.4,-4.4,-1.2,-2.4,-1.9,1.1,-3.0,-5.5,-4.7,-2.8,-2.0,-1.5,-3.7,-2.2,-2.1,-2.0,-1.4,-2.5,1.5,-1.0,-3.2,0.9,1.1,2.5,-2.0,-2.5,-3.3,-3.6,-3.5,-1.6,4.1,-1.6,-2.6,-0.5,-5.5,0.0,-3.6,-2.5,-4.9,-4.4,-0.8,-1.8,-0.8,1.7,-6.4,-8.2,-6.7,-4.4,1.3,-0.2,-3.9,-1.2,0.7,3.3,1.3,1.6,2.0,-0.9,3.9,3.0,9.5,5.1,-0.4,-3.7,-6.3,-2.9,-0.5,-2.2,-2.0,-1.4,-2.9,-2.0,-0.4,-2.8,-2.0,-5.8,-4.5,-4.2,-6.3,-3.5,-0.4,-0.9,0.7,-0.2,-1.3,0.8,-5.6,-4.5,-0.9,-3.1,-2.7,-1.4,-5.2,-6.5,-7.8,-4.3,-8.6,-6.3,-6.8,-7.7,-3.4,-9.7,-7.8,-6.1,-2.1,-7.8,-4.1,-2.4,-0.8,-2.1,-2.6,-2.8
2C7L51Knd4,0,48.109283,11.625778,4442117.5,2778635.28,540.0,585.7,301,7338,3.9,0.71,0.58,32.65,348.97,-0.53,-0.103,0.842,-2.4,0.2,-0.1,0.3,1.1,0.3,-0.3,3.6,-0.7,0.6,0.5,-2.1,7.1,-0.7,-3.7,0.1,-3.9,-1.8,10.7,-0.3,-3.4,0.3,-0.9,-1.8,1.8,0.4,-0.3,-15.3,-1.1,-1.5,2.4,1.8,0.4,1.5,4.1,-4.2,-6.5,-14.5,-2.5,-3.7,-1.0,-4.9,0.4,-1.9,4.1,0.8,1.4,-2.7,8.4,1.7,-4.4,-4.4,-7.9,-6.1,-11.0,-5.7,-7.8,0.5,-15.8,10.1,-2.2,4.4,-4.6,9.3,-0.6,6.6,5.5,3.2,0.3,-2.6,-6.8,7.3,4.7,-5.7,-4.9,-4.3,0.2,1.6,-4.3,1.3,2.4,-2.1,-10.8,6.1,5.4,-0.6,-1.8,-0.5,-3.6,0.4,-1.9,-2.9,-2.3,-5.6,-4.5,-1.9,-3.2,-3.9,-6.3,-2.3,-9.6,-2.8,-2.0,-5.3,-5.3,-6.0,-5.2,-4.6,-5.8,-2.4,2.7,-3.5,-2.0,-3.9,-4.6,-2.8,-2.7,-4.8,-3.1,-4.2,-5.8,-4.9,-3.1,-9.1,-6.4,-2.8,-3.2,-8.2,-4.3,-3.9,-4.4,-2.5,-6.3,0.5,-3.4,-4.6,-8.6,0.0,-3.4,-8.3,-3.7,-11.7,-14.0,-12.2,-15.3,-6.9,-4.6,-11.7,-11.3,-2.4,-1.8,-5.3,-5.4,-16.7,-6.0,-6.5,-6.6,-4.7,-4.8,-7.2,-8.3,-8.4,-6.4,-6.5,-9.0,-4.8,-4.9,-7.3,-8.9,-2.6,-6.3,-11.7,-9.0,-4.7,-5.9,-6.4,-5.0,-7.8,-11.4,-12.4,-11.3,-11.1,-10.8,-9.0,-6.2,-4.0,-11.6,-12.4,-10.1,-9.3,-10.0,-10.3,-10.0,-11.1,-10.3,-11.4,-9.7,-11.9,-8.6,-14.0,-12.0,-12.4,-12.9,-10.3,-10.6,-10.7,-8.7,-11.0,-11.2,-10.6,-8.6,-10.3,-12.2,-10.8,-10.0
2C7L51Kndg,0,48.109574,11.628042,4442285.41,2778671.29,543.9,589.6,301,7376,2.9,0.78,0.51,32.66,348.97,-0.53,-0.103,0.842,-0.6,0.1,-0.3,0.22,2.2,0.2,-0.3,-2.8,-1.7,0.9,-0.8,1.3,-0.7,-0.1,1.1,1.7,-2.4,-0.6,0.1,0.7,-1.5,1.1,-3.8,-1.5,-1.5,-5.0,-2.3,-6.5,-6.0,-1.1,-4.9,-10.6,-0.7,-1.8,-0.2,-4.0,-1.9,-10.6,-4.8,-8.2,-6.8,-9.9,-1.4,-4.2,-6.5,-17.6,-4.6,-2.7,2.9,-4.9,-3.6,-6.4,-3.5,-0.1,-2.3,-4.0,2.6,-1.3,1.5,2.4,0.0,3.8,-4.9,1.4,-0.4,-1.6,-0.6,-3.0,0.5,0.4,-3.1,-11.5,-1.1,-3.6,-4.3,-0.3,-2.8,0.7,-4.7,-2.0,1.0,-2.2,-1.5,-4.0,-2.7,-7.3,-6.0,-1.5,-5.0,-1.6,-3.8,-4.2,-3.7,-4.4,-5.6,-5.6,-3.9,-4.6,-1.9,-11.7,-5.6,-3.9,-2.5,0.4,-6.3,-2.6,-2.4,0.0,-4.1,-1.4,-3.8,-2.9,-2.2,-1.6,1.0,-3.5,-3.9,-3.8,-1.3,-0.0,-0.7,-1.0,-2.3,0.3,-2.3,-1.4,-3.1,-4.7,-2.5,1.4,-3.4,-4.1,-2.8,-6.2,-1.6,-3.7,-5.2,-2.8,-3.7,-7.9,-9.2,-6.3,-9.1,-7.3,-5.0,-6.0,3.0,-3.8,2.0,2.6,1.3,-0.3,-4.7,1.4,-0.6,-0.9,0.7,-3.9,-0.7,-1.6,-3.2,-7.1,1.8,-8.1,-6.6,-3.6,-4.4,-7.6,-6.3,-7.9,-3.3,0.0,-18.2,-4.2,-2.4,-3.7,-4.0,-2.5,-9.7,-6.2,-3.4,-5.8,-8.6,-4.5,-3.2,3.7,-5.5,-0.7,-0.3,-4.6,-6.5,-1.6,-0.2,-4.6,-7.0,-6.4,-7.8,-9.4,-8.9,-8.7,-8.1,-6.9,-5.3,-7.0,-4.2,-5.9,-6.1,-2.8,-2.9,-6.8,-2.1,-6.0,-6.0,-7.2,-2.7
2C7L51Kndx,0,48.109682,11.628884,4442347.85,2778684.69,536.8,582.5,301,7393,3.6,0.73,0.43,32.66,348.97,-0.53,-0.103,0.842,-0.9,0.2,-0.36,0.27,1.3,0.2,-0.3,4.7,2.4,4.2,11.7,2.7,-0.0,-2.5,-2.7,-2.7,2.7,-3.0,-1.7,2.5,-0.6,3.0,4.6,4.4,3.9,4.3,2.1,2.3,2.0,-0.3,-0.2,3.0,5.6,1.9,-1.3,0.0,2.2,-7.1,1.0,0.3,3.1,-4.1,-0.5,2.9,3.6,1.7,1.8,0.3,-1.7,3.2,-0.9,0.3,-0.9,1.6,1.2,2.1,0.4,-1.5,3.4,-0.8,-0.6,0.6,2.3,-1.5,0.9,-1.0,1.7,1.2,3.6,4.1,-1.8,2.2,-0.3,-3.0,1.9,-0.2,8.2,-4.1,0.8,-2.1,1.2,1.1,3.5,3.5,2.7,0.9,-0.1,1.2,-0.5,-2.1,-0.2,1.0,1.9,3.2,6.3,5.4,1.1,0.7,0.2,-1.8,4.1,2.3,2.3,-0.3,0.5,-0.1,1.3,1.7,0.3,4.8,0.2,3.5,2.7,0.8,-1.3,-1.7,1.2,6.2,1.3,0.4,-0.9,2.5,9.9,-6.6,-2.5,-1.2,-2.6,-3.6,-3.4,-1.8,1.5,4.1,2.6,11.2,1.6,2.1,0.8,-0.8,1.1,4.5,5.6,-5.5,1.7,5.2,10.4,2.0,-2.6,-0.1,1.6,-1.5,-0.7,2.2,6.8,-1.7,-1.2,-3.6,-3.4,-5.0,-1.7,2.3,-2.2,-2.6,-1.0,-1.5,-3.9,-2.4,0.6,1.9,5.8,-2.2,-10.7,7.4,4.3,3.3,1.6,-0.4,-5.0,7.7,-3.7,-9.8,-9.6,-7.2,-6.3,-15.9,-6.4,-1.9,-8.0,-7.3,-2.8,-5.2,-2.4,-3.9,-0.1,-3.2,-4.2,5.5,-1.7,1.2,-3.4,-1.8,-4.5,3.3,2.3,5.0,7.8,-6.4,4.5,-0.7,-3.9,-1.6,-2.0,-8.8,-8.8,-4.9,-2.6
2C7L51KncN,0,48.108976,11.623238,4441928.98,2778596.93,534.6,580.3,301,7295,3.7,0.68,0.48,32.61,348.93,-0.529,-0.103,0.842,-1.0,0.2,-2.1,0.28,1.7,0.2,-0.3,0.4,-1.3,-1.8,2.4,-5.2,0.4,-2.5,-2.7,15.9,4.3,-0.6,1.1,5.4,-2.0,-1.7,3.1,0.3,-2.9,-0.4,-4.8,-6.9,-9.0,-1.3,-0.6,14.0,1.2,1.5,-6.1,0.1,1.9,-10.2,7.8,-7.9,13.6,-10.5,-11.8,-5.0,-0.9,0.4,-3.5,-0.6,-0.6,1.3,0.7,-1.4,-0.8,-0.8,-2.5,-3.3,-2.0,-3.0,0.2,0.3,-1.4,-0.3,0.9,4.0,2.6,2.2,2.2,2.6,3.4,1.4,1.3,0.3,2.2,1.4,-4.0,0.5,-0.4,1.8,-0.3,-0.7,2.5,-0.2,-0.6,-1.5,0.9,0.4,2.4,-0.0,-2.3,-3.1,-6.5,-4.9,0.1,-2.5,-2.2,1.0,-0.0,0.1,-1.3,-1.2,3.1,0.8,-0.9,5.1,-1.7,-0.2,-3.2,16.1,3.9,3.3,1.3,4.8,1.1,2.3,2.5,2.3,16.9,4.9,4.8,3.5,2.9,0.1,3.9,3.7,2.5,2.1,4.7,2.3,3.9,2.8,0.1,3.5,3.0,8.6,4.8,3.8,-1.4,-1.5,-0.3,0.4,-2.1,-2.4,-1.3,-1.5,-0.3,4.7,7.4,1.8,2.1,0.8,2.1,1.0,2.5,1.2,4.4,4.9,3.9,1.3,6.9,6.1,6.6,2.2,2.7,-1.5,-2.8,1.4,0.2,0.2,-3.1,0.1,-4.5,-3.3,-0.1,-2.3,-3.5,-1.4,-4.5,-2.1,-2.0,-6.3,-3.6,-2.8,-4.2,-5.6,-4.6,-4.9,-4.5,-5.8,-2.7,-3.3,-2.0,-2.1,-2.9,-5.0,-2.4,-8.0,-7.7,-8.7,-10.4,-13.4,-5.9,-7.0,-4.4,-4.1,-7.1,-4.8,-6.2,-8.4,-6.2,-5.0,-4.5,-3.0,-4.6,-4.5,-3.6
2C7L51Kncr,0,48.109216,11.625111,4442067.95,2778626.71,543.5,589.2,301,7325,3.3,0.77,0.39,32.65,348.97,-0.529,-0.103,0.842,-1.3,0.2,0.45,0.26,0.5,0.2,-0.3,1.5,2.7,-1.4,4.4,-0.9,-1.2,2.5,-1.8,1.2,-4.7,-3.9,-1.5,-1.8,-2.0,-1.5,-1.3,1.1,0.9,-0.9,-1.4,-2.1,-4.2,-0.6,-3.0,-0.2,-1.2,1.0,-2.6,1.9,-5.1,6.1,-9.5,-7.2,-7.1,-8.8,-7.1,-5.9,-0.9,-1.7,-0.6,-1.0,-3.5,-2.7,-4.8,-5.1,-6.7,-5.4,1.9,-3.7,-2.8,-4.8,-4.5,-1.8,-2.3,-3.0,-4.5,-4.5,-1.1,-2.2,-2.4,-3.9,-5.4,-4.0,-3.1,-10.8,-5.5,-7.6,-5.5,-4.2,-5.2,-5.3,-2.9,-5.9,-2.2,6.1,-3.5,-2.9,-3.4,-1.0,-2.9,-4.0,-4.6,-4.9,-5.8,-6.3,-4.0,-6.7,-8.3,-6.4,-2.5,-7.5,-0.7,-5.5,-5.9,0.5,-3.8,-2.8,-3.4,1.1,-6.8,-3.5,-6.6,-4.8,-5.0,-5.3,-12.0,-0.5,0.6,-3.6,-2.5,-9.4,12.2,-11.4,-6.3,-8.4,-9.2,-4.7,-6.8,-6.7,-6.2,-12.1,-5.6,-10.3,-2.2,-6.8,-4.3,-3.0,-8.9,-6.0,-1.7,-2.0,-2.9,-8.9,-8.6,-7.7,-7.2,-7.1,-4.3,1.5,-3.5,-0.6,-4.1,-3.8,-2.0,-4.3,-2.8,-6.5,-5.2,-5.8,-8.7,-4.5,-5.1,-6.7,-10.5,-6.3,-5.6,-8.4,-8.0,-5.4,-5.1,-5.3,-11.2,-4.8,-6.8,-9.3,-3.2,-8.8,-8.0,-5.3,-7.3,1.0,-12.1,-6.9,4.7,-9.1,-8.9,-6.9,-5.8,-13.6,-6.2,-5.9,-4.9,-9.0,-8.6,-4.2,-1.9,-4.8,-15.1,-14.4,-9.7,-7.9,-5.7,-8.3,-8.3,-9.4,-7.0,-3.4,2.2,-7.6,-3.2,-6.4,-8.9,-12.1,-7.8,-11.7,-11.6,-8.6,-5.4
2C7L51Knda,0,48.109527,11.62753,4442247.34,2778665.2,537.1,582.8,301,7370,1.9,0.91,0.26,32.66,348.97,-0.53,-0.103,0.842,-0.7,0.1,-0.54,0.15,0.9,0.1,-0.3,0.9,-0.9,0.5,0.7,-0.1,-1.2,1.2,0.3,1.4,-8.6,0.2,-0.3,1.5,2.8,3.3,2.3,2.3,1.8,2.7,2.9,2.4,1.9,1.3,0.5,3.4,3.5,3.9,-0.0,1.7,-0.8,-5.4,-0.2,1.4,1.4,1.4,0.1,4.4,3.8,4.6,4.3,3.7,0.8,5.6,2.7,2.3,0.3,-0.6,0.1,2.9,2.0,2.1,2.8,3.5,2.8,1.8,1.8,0.8,0.3,2.8,0.6,0.7,1.8,-0.4,2.2,5.7,2.2,0.7,-1.3,-1.0,0.5,-0.6,1.0,-0.2,1.9,1.8,2.7,1.2,1.0,2.8,2.5,-0.1,3.6,1.3,2.8,0.9,0.8,1.7,2.2,3.1,4.5,1.3,2.5,-1.4,1.1,0.4,4.6,2.9,3.5,4.0,3.3,3.1,2.5,2.4,2.6,2.8,3.9,3.4,1.9,2.6,3.0,1.5,1.9,0.7,0.5,0.6,-1.8,1.6,-1.0,0.2,-1.9,1.0,0.9,-2.3,0.6,1.2,1.3,-0.1,1.9,0.9,1.0,-1.0,4.3,1.9,-0.1,-1.0,0.7,3.1,4.0,5.1,5.1,6.9,-1.8,1.6,3.0,1.9,0.0,-3.1,0.7,2.4,0.5,-0.1,0.6,0.7,-0.1,-0.0,-1.3,0.8,0.0,0.7,0.3,-0.7,-0.9,-0.1,-0.2,0.2,0.4,0.8,1.9,1.9,2.4,1.2,-1.9,-3.2,-2.4,-1.9,-4.3,-2.8,-1.9,-13.5,-1.5,-0.9,-1.2,-1.3,-0.4,-0.5,0.3,-2.0,1.5,1.2,0.8,0.7,-2.4,-4.2,-2.0,-0.3,0.8,-1.4,-2.6,-3.0,0.5,-0.6,0.2,-1.7,-1.8,-0.5,-1.8,-1.3,-1.2
2C7L51Kndb,0,48.109528,11.627542,4442248.27,2778665.41,534.9,580.6,301,7371,3.6,0.73,0.47,32.66,348.97,-0.53,-0.103,0.842,-1.2,0.2,-0.36,0.28,1.6,0.2,-0.3,0.5,-4.5,-1.2,-2.8,-2.0,13.7,-1.5,-3.7,-1.4,14.9,3.3,-10.8,-1.7,0.9,2.1,-2.0,-1.0,16.2,0.3,3.1,-2.2,2.3,3.1,1.0,5.3,0.4,2.5,8.1,8.6,-0.4,-2.6,-0.7,-0.0,-5.7,0.6,-3.1,1.0,0.8,-1.4,-0.9,-2.9,-3.6,5.6,0.1,-2.2,-6.1,-1.8,-3.5,7.6,-2.7,1.8,-1.2,-1.7,-2.1,-2.9,2.7,-2.5,-0.1,0.9,0.7,1.1,-0.0,1.2,1.4,1.9,-2.8,-0.9,2.6,-5.1,-3.2,-0.7,-1.6,-7.0,-1.2,-0.8,0.4,-0.4,-2.0,-1.9,1.1,-2.3,2.3,-1.4,2.8,0.8,3.5,0.7,3.5,1.5,4.3,0.5,2.3,-0.1,0.7,-2.9,6.9,0.9,2.9,0.9,-0.3,-5.6,-0.7,1.3,-1.6,1.3,0.7,-0.7,-4.3,-3.6,-0.4,-0.3,-1.8,-1.5,-3.0,-5.7,-3.8,-3.8,-2.8,-3.6,-4.6,-2.9,-2.0,-4.8,-1.9,-2.1,-0.8,-2.9,-1.5,-2.5,-2.9,5.8,4.1,-3.9,7.8,-2.5,0.8,1.9,0.9,4.3,-3.7,5.6,12.7,2.9,0.9,-3.0,-5.4,-7.1,-1.4,-1.1,-3.9,-5.1,-6.8,-1.9,-2.9,-3.6,-4.6,-2.0,-5.0,0.8,-0.1,-2.2,-2.4,-1.3,-1.3,-3.9,-3.8,-2.0,0.4,-0.9,-0.8,0.7,-3.3,-4.3,-5.1,0.5,-7.9,-9.7,-8.3,-8.8,-6.0,-4.0,-4.0,-4.1,0.6,-1.7,-4.9,-3.2,-2.3,0.0,-2.3,-7.0,7.7,-11.7,-4.6,-1.3,-2.5,-8.2,-4.9,-10.0,-0.6,-4.0,-2.8,-2.6,-1.9,-6.7,-9.0,-14.9,-7.8
2C7L51Kndi,0,48.109593,11.628046,4442285.65,2778673.42,539.1,584.8,301,7378,3.9,0.65,0.53,32.66,348.97,-0.53,-0.103,0.842,-0.5,0.2,-0.57,0.3,3.2,0.3,-0.3,1.7,0.7,-0.5,1.7,2.4,-0.9,-0.3,1.0,1.5,2.2,1.8,0.4,1.1,-0.1,1.1,2.9,-2.1,-3.0,-1.8,-9.2,-15.8,-15.1,2.5,-7.4,-7.8,-2.2,2.5,-0.2,1.9,-4.1,-6.6,-10.2,-15.7,-6.9,-6.5,-0.5,-1.8,-11.4,-17.7,-3.2,3.1,1.3,-2.6,-6.2,-7.1,-5.6,0.1,3.6,1.1,4.9,2.3,4.5,1.1,1.2,3.4,1.8,1.6,1.9,1.3,0.9,2.2,2.6,1.8,2.7,0.4,0.9,-0.6,-4.2,2.1,0.7,0.1,4.4,-0.2,2.5,1.8,0.8,4.7,2.4,3.0,-5.6,-5.7,-4.6,-1.3,4.7,0.2,2.3,-0.5,-3.4,-4.8,6.0,0.6,-3.6,-4.5,-6.1,-6.6,1.4,-5.0,-5.8,-6.1,6.0,-17.6,-6.2,-0.7,-2.0,-3.8,-6.4,-3.5,2.7,2.3,0.5,-2.0,-0.5,1.1,-1.2,-0.2,-0.1,1.2,1.0,1.1,0.7,0.0,1.1,0.3,-0.8,-1.2,0.7,-2.0,0.6,-0.9,1.2,-16.0,-12.0,1.6,-9.4,-9.0,-11.2,-10.3,-7.7,-4.1,-5.2,-3.0,-0.5,-4.3,-6.4,-2.3,-2.0,-2.5,-0.4,0.2,-1.8,-1.4,3.2,1.1,1.1,-1.0,2.0,-1.0,-0.8,-1.6,-4.0,-7.1,-1.7,-6.8,3.9,-13.1,1.1,4.9,-0.0,-13.5,-1.3,-5.1,-7.8,-3.6,-4.3,-3.3,-5.8,-1.5,-3.7,9.1,-2.2,-0.7,0.5,1.7,-0.2,-1.9,-2.9,-2.9,-3.5,-1.6,-7.1,-4.8,-4.7,-4.7,-8.8,-6.1,-9.0,-6.7,-1.5,-3.8,-6.7,-5.4,-5.4,-8.4,-3.5,-3.0,-3.9,-4.2,-2.1
2C7L51Kndy,0,48.109689,11.62879,4442340.87,2778685.28,529.8,575.5,301,7394,4.0,0.65,0.39,32.66,348.97,-0.53,-0.103,0.842,-0.1,0.2,0.3,0.31,1.4,0.3,-0.3,0.1,3.3,6.5,4.5,0.1,-0.4,-3.5,-13.3,-6.6,-1.8,9.1,1.4,-2.5,-2.1,-0.1,5.3,2.3,-2.4,-0.7,-3.3,-3.7,-4.2,-3.0,-2.6,1.5,3.9,-3.8,0.2,-1.7,-6.0,-10.9,-4.5,-5.5,-1.2,-5.4,-2.4,0.8,-3.8,1.4,-6.1,-5.9,-9.2,-7.7,-5.3,-6.9,-7.1,-2.5,-2.1,-6.2,-6.0,-2.2,-1.3,-5.9,-2.0,-3.8,4.8,5.0,8.0,4.2,-1.0,-0.6,-0.1,3.5,-3.9,-0.9,1.0,-7.6,-7.1,-0.5,3.8,6.0,-6.5,-5.4,-2.3,-2.2,4.0,-3.9,-2.9,-2.2,-0.6,-2.8,-5.3,-3.7,-6.4,-1.8,-6.3,-3.9,4.7,-0.1,0.2,-3.3,-4.1,-9.8,-3.3,-1.2,-4.8,-4.2,-7.0,-4.2,-3.7,-5.2,-7.2,-4.2,-1.9,-2.6,-5.6,-4.8,-17.9,-0.0,-3.1,-1.9,0.3,0.3,-0.2,-4.2,2.6,-3.3,-2.2,0.8,-5.8,-1.5,-5.0,0.2,0.6,1.6,-2.4,3.7,-1.4,-0.1,-3.3,-8.6,0.4,-6.9,-6.2,-9.6,-3.6,-10.6,-11.8,-5.4,-9.7,-5.6,-3.6,-5.9,-7.1,0.9,4.7,6.7,-3.1,-4.6,-5.2,9.4,-6.7,-6.1,-3.2,-2.2,-5.5,-0.4,6.8,4.7,4.1,-2.1,0.9,-6.2,1.0,2.8,0.2,-3.9,1.0,-0.9,1.3,0.9,-2.2,-7.0,-0.0,-5.5,-4.4,2.5,-1.9,-2.3,-9.4,-6.7,-5.5,-9.4,1.0,-4.7,-1.5,-0.0,-2.3,-4.2,-3.9,-0.2,1.4,-7.2,-8.9,-1.7,-0.8,-3.7,-3.4,-3.3,1.2,-4.7,-1.9,0.2,2.9,4.9,-4.6,-5.8,-8.8
2C7L51Knbq,0,48.108763,11.62144,4441795.62,2778570.38,540.4,586.1,301,7262,4.2,0.68,0.5,32.6,348.93,-0.529,-0.103,0.842,-1.0,0.2,-0.45,0.32,1.3,0.3,-0.3,-0.7,12.4,12.7,9.3,-7.6,-3.8,-3.1,-6.3,4.5,6.0,2.8,2.1,0.1,0.2,-5.8,-5.1,0.0,-1.3,-1.0,4.6,1.4,-4.0,0.4,1.4,-0.8,1.7,-8.5,-5.5,0.1,-3.9,-17.4,-3.2,0.9,0.1,-5.1,-4.7,-3.2,2.0,-2.2,-0.4,-1.9,-6.2,-1.2,-5.2,-2.4,-5.0,-5.5,-2.3,-3.3,-2.5,-0.6,-1.4,-2.0,0.9,0.3,-2.8,0.2,-1.6,-1.7,-4.7,-1.5,-4.4,-6.6,-1.0,-2.7,-9.7,3.3,-5.2,-2.6,-3.1,-11.0,3.1,-2.5,-0.3,0.2,2.9,-0.7,-1.2,-0.1,-9.5,-2.0,-2.3,-1.3,-1.5,0.5,-2.2,-4.9,-2.6,-1.8,-1.8,-2.3,-3.6,-2.4,-2.0,0.8,-2.0,-3.1,-2.4,-3.6,-2.9,1.2,-1.7,-3.1,-2.4,-7.8,-5.7,-2.0,-2.5,-3.6,-2.4,-4.6,3.8,8.4,7.7,1.1,8.8,3.6,1.1,8.5,4.9,8.1,3.8,10.6,4.0,2.7,0.9,-2.5,4.5,-1.9,-0.1,-9.1,6.8,-5.4,-3.4,-3.4,-0.3,-0.3,-2.9,-0.0,-0.2,-0.1,-1.1,-1.4,-1.2,2.0,-10.5,-12.3,-6.0,-6.2,-9.6,-5.6,-4.3,-3.7,-4.0,-4.7,-3.3,-2.1,-4.5,-1.8,-4.2,-4.4,-5.8,-2.3,-2.9,-6.1,-3.5,-6.4,-1.5,-2.4,-6.3,-5.7,-7.7,-5.6,-6.7,-6.9,-3.2,-4.9,-6.4,10.1,-6.7,-6.4,-4.4,-7.2,-10.5,-4.5,-7.2,-8.8,-7.1,-7.8,-4.9,-7.7,-9.1,-2.8,-12.0,-4.6,-7.0,-2.6,-3.2,-3.2,-5.8,-1.9,-3.7,-5.1,-4.6,-7.9,7.8,-4.8,-4.9
2C7L51KndJ,0,48.109418,11.626534,4442173.45,2778651.43,535.7,581.4,301,7353,2.0,0.9,0.33,32.65,348.97,-0.53,-0.103,0.842,-0.7,0.1,-0.27,0.15,0.5,0.1,-0.3,0.7,2.2,-2.5,-0.5,-1.4,2.9,1.5,-2.9,-0.8,-3.1,-2.3,3.1,-1.1,1.1,-0.5,-1.3,-2.4,-0.4,-0.5,-1.7,-1.4,-1.1,-2.3,-1.0,0.1,1.1,0.3,0.3,-1.4,-7.0,-8.6,-6.8,-2.4,-3.2,-5.4,-2.1,-1.5,1.1,1.7,1.1,0.0,-0.9,0.9,-1.0,-2.0,-1.4,-1.1,-1.3,-1.0,0.3,1.5,-2.6,-2.2,-0.5,-0.7,-1.7,0.4,-0.9,-1.7,-1.0,-2.4,-1.4,-3.6,-0.5,-3.5,-2.6,-1.0,-7.2,-3.7,-2.4,-3.8,-0.3,-1.6,-1.0,-1.5,1.0,-0.7,-1.4,-3.6,-1.2,-1.3,-3.7,-2.1,-3.7,-3.0,-1.9,-2.2,-0.8,-1.0,-3.1,-5.6,-4.5,-1.5,-6.0,-2.8,-1.7,1.7,-2.4,0.4,-2.7,-0.5,-2.1,-2.6,-1.3,-0.5,-1.3,-2.0,-1.9,-0.4,3.4,-2.7,-3.3,0.6,-1.8,-2.6,-1.2,-5.0,-4.4,0.1,-5.4,-2.6,-1.8,-3.4,1.0,0.3,-0.9,-1.9,-2.7,-1.8,-2.7,-4.6,-1.3,1.2,-3.3,-2.3,-2.9,-1.8,-2.1,0.5,0.5,-2.4,-2.0,-1.6,1.6,-0.3,-2.1,-7.2,-0.9,-1.6,-0.1,-3.2,-3.6,0.3,-1.6,-2.1,-1.7,-1.4,-4.5,-2.4,-2.7,-2.6,-4.0,-0.4,-3.0,-5.4,-1.6,-2.7,-2.6,-1.7,-3.0,-3.4,-6.2,-3.3,-5.3,-2.8,-4.8,-2.0,-3.1,6.6,-6.2,-3.8,-3.4,-3.9,-5.5,-2.8,-1.6,-4.4,-2.8,-2.2,-6.4,-7.1,-5.3,-8.8,-5.1,-6.8,-2.3,-4.5,-5.6,-5.4,-2.0,-5.2,-7.9,-7.4,-3.7,-3.0,-0.5,-4.8,-3.9
2C7L51KndS,0,48.109473,11.626968,4442205.65,2778658.34,532.2,577.9,301,7362,3.6,0.72,0.48,32.65,348.97,-0.53,-0.103,0.842,-0.7,0.2,0.26,0.28,0.8,0.2,-0.3,1.8,1.6,-0.2,-1.4,0.1,3.5,-1.8,-2.4,-0.2,-3.9,-2.1,5.5,1.1,-4.4,-0.2,2.0,-0.5,-3.1,-1.9,-1.6,-9.1,6.5,-10.5,5.0,7.8,2.6,6.2,2.1,6.1,-3.1,-5.7,-2.8,1.6,4.0,0.4,-1.8,-0.5,1.5,1.2,3.9,2.8,1.9,3.6,1.9,2.3,2.1,0.9,3.7,-3.9,0.5,4.2,3.7,2.8,3.1,3.0,2.3,3.8,2.6,3.1,3.3,2.7,3.6,2.1,3.4,10.1,1.9,2.4,2.7,1.9,2.1,0.7,2.6,-8.0,0.0,1.0,2.7,2.7,1.4,0.1,0.4,-2.7,4.3,12.9,1.3,-3.0,-0.1,-0.3,3.2,-3.2,-0.5,1.0,2.8,-7.5,-3.6,-1.2,-8.1,7.9,0.1,-0.1,-1.7,-1.9,-1.8,-2.1,-0.3,1.4,-1.5,0.5,0.6,-1.5,-0.6,0.2,1.0,0.8,1.4,2.0,0.4,3.6,3.5,5.3,-1.2,3.6,2.7,1.1,0.4,1.0,-0.4,0.2,-1.4,8.8,-5.3,-2.9,-5.9,-8.5,2.9,8.8,-2.5,-1.2,2.2,3.6,0.8,-6.4,-9.8,-6.5,-8.0,-3.2,-3.4,-4.8,-2.9,-2.6,-4.2,-3.7,-1.0,-2.6,-3.2,-2.3,-5.1,-4.0,-9.1,-7.8,-8.7,13.3,-0.9,-7.5,-1.1,-9.4,0.9,-3.1,-5.2,-1.6,-2.3,-4.0,-4.6,-7.3,-0.4,0.3,1.3,-4.2,-0.1,4.8,2.0,-3.2,1.8,1.1,2.1,-0.1,-0.5,-4.6,0.2,-1.7,-3.7,-0.1,-2.4,-3.7,-1.6,-2.5,-2.4,-1.1,-3.1,-0.8,3.2,0.4,2.4,-0.7,0.1,1.7,-3.0,1.5,-1.5
2C7L51KncE,0,48.108939,11.62266,4441886.07,2778591.87,532.9,578.6,301,7286,3.0,0.8,0.44,32.61,348.93,-0.529,-0.103,0.842,-0.5,0.2,-0.37,0.24,1.0,0.2,-0.3,1.2,2.2,1.4,6.5,-1.6,1.5,1.2,1.3,1.0,-0.9,0.4,1.0,-0.3,-0.4,-1.2,-2.0,-0.9,-0.3,-5.1,-2.0,-0.7,8.3,2.4,2.7,-2.8,3.6,2.5,3.4,0.2,1.8,15.4,1.0,0.0,-0.8,-8.9,-0.3,0.9,3.4,5.2,2.8,2.9,4.0,8.9,6.3,3.3,5.0,5.3,2.2,2.6,1.8,2.6,2.9,0.3,0.9,-0.4,3.7,2.2,1.8,-0.7,0.1,1.6,1.8,6.6,-1.0,15.1,-2.4,-2.5,5.2,2.5,3.1,2.7,-0.0,1.6,1.8,-1.2,0.2,0.7,3.9,4.3,2.3,6.2,1.3,-1.9,0.5,2.5,0.8,-1.8,6.5,-1.8,2.5,7.1,1.8,3.9,3.5,4.1,1.8,4.8,3.2,5.5,5.1,6.1,4.9,2.9,5.3,2.6,3.9,5.3,4.9,-1.2,0.5,-0.7,-2.9,1.4,0.2,-1.6,3.1,-0.9,3.9,4.0,1.6,1.5,2.3,2.6,2.4,1.2,0.6,1.4,3.3,-1.5,5.2,1.8,3.5,2.6,-0.9,5.2,12.7,15.3,2.4,7.2,6.0,3.6,-2.0,-2.7,1.8,-0.7,-2.4,-2.9,1.0,-0.1,-1.7,-5.5,-1.7,-1.3,0.8,0.2,-0.9,-1.4,-4.3,-1.3,-1.3,-1.1,1.9,1.5,-2.3,-4.0,1.9,1.7,3.5,2.9,1.3,0.3,-4.4,-0.9,0.6,-2.6,-4.2,-0.8,1.8,2.0,0.3,0.6,-0.9,-0.4,-1.7,1.1,0.9,-1.0,-0.3,1.2,0.3,2.1,-0.2,-0.2,-6.8,-6.1,2.0,-0.6,1.8,1.6,0.6,2.2,1.1,2.5,1.2,1.6,2.6,2.1,0.4
2C7L51Kncg,0,48.109155,11.624342,4442010.82,2778618.62,536.2,581.9,301,7314,2.7,0.83,0.34,32.64,348.97,-0.529,-0.103,0.842,-0.7,0.1,-1.13,0.2,1.2,0.2,-0.3,0.9,1.3,2.5,2.6,-0.9,-1.6,0.9,-0.1,2.7,-3.4,4.0,-1.1,0.6,4.8,5.1,3.7,4.8,21.0,3.6,-1.7,-0.9,0.7,2.5,0.4,4.3,5.6,3.8,-0.3,-0.0,-7.2,14.8,0.7,-0.8,0.2,-1.7,2.0,3.1,2.8,5.3,4.6,3.9,0.4,4.1,4.4,0.0,0.7,1.1,0.4,0.1,1.2,-0.4,0.3,1.2,1.9,1.2,0.6,0.9,0.3,0.9,1.0,-1.7,-0.3,3.9,-0.1,2.2,3.7,2.2,-1.0,0.1,1.7,-1.7,-0.1,-0.8,0.6,5.8,8.8,8.0,6.6,5.3,4.9,5.2,3.6,2.5,0.7,2.5,4.0,2.7,3.6,3.2,4.6,5.4,3.1,-2.1,2.9,2.7,2.9,2.7,4.9,3.9,4.1,4.2,6.2,2.9,1.9,3.6,4.3,3.7,1.6,4.9,2.4,4.7,3.7,2.1,2.8,2.7,2.4,1.6,4.2,0.0,2.9,1.5,2.9,4.3,3.9,5.4,4.4,1.0,5.4,4.4,3.2,2.3,7.0,1.7,2.5,6.6,5.3,3.8,4.7,7.4,0.8,-2.1,-4.4,-1.2,-0.8,-1.3,-2.0,0.1,1.7,0.1,4.7,3.0,2.3,3.1,6.1,4.1,4.7,3.5,3.0,2.9,2.9,1.7,-1.0,1.1,-1.2,-0.6,-2.1,1.4,3.3,3.3,-0.6,-2.5,-3.3,-3.5,-3.1,-2.9,-2.1,-1.5,-0.4,1.2,0.3,0.3,-2.2,-0.8,-2.9,1.0,1.5,-0.8,0.1,-1.2,-0.0,-0.0,-1.3,0.9,-0.0,-1.7,-5.4,-1.4,-1.7,-4.9,-2.5,-1.7,-0.5,-1.2,-3.2,-1.2,-5.3,-1.5,-1.3
2C7L51KndE,0,48.109417,11.626386,4442162.46,2778651.13,543.2,588.9,301,7348,3.6,0.59,0.48,32.65,348.97,-0.53,-0.103,0.842,-0.7,0.2,-1.05,0.28,3.6,0.2,-0.3,1.7,-1.4,-0.5,1.7,-1.4,0.5,1.6,-0.1,-2.7,1.2,-0.6,7.1,-2.3,0.3,-2.6,-6.6,-5.0,-3.7,-3.5,-6.6,-8.9,-13.2,-10.7,-6.9,-7.6,-7.7,-10.0,-5.2,-0.5,-10.3,2.1,-15.9,-8.4,-11.6,-13.4,-13.3,-9.6,-7.2,-6.3,-4.8,-3.6,-7.7,-4.1,-7.5,-9.4,-4.0,-8.7,-12.2,-8.2,-5.4,-7.9,-3.5,-1.4,0.4,1.4,0.8,-1.9,-1.9,-0.6,2.6,0.0,-2.2,-4.0,1.2,2.0,2.3,-0.9,-7.4,-1.8,-1.5,-1.1,-3.7,-0.1,-3.2,-2.9,-6.9,-5.7,-6.3,-8.4,-7.9,-9.1,-10.5,-5.5,-3.9,-3.9,-19.2,-6.4,-6.3,-6.7,-2.1,-4.3,-9.6,-17.4,-8.0,-17.4,-11.3,-0.9,-8.8,-4.0,-10.8,-1.0,-4.6,-3.7,-3.8,-6.1,-5.0,-4.2,-3.4,-2.0,2.4,-0.8,-3.5,-1.6,-1.9,-1.7,-1.0,-7.6,0.4,1.6,-0.1,-7.7,2.0,-0.6,-0.6,2.0,-5.1,-2.3,-6.7,-5.0,-6.0,-5.8,-5.1,-2.0,-6.7,-6.4,-3.3,-9.4,-6.6,-5.1,-0.2,-8.6,-7.6,-4.0,-3.6,-1.3,1.5,-9.6,-2.0,-0.6,0.1,-11.2,-0.0,-1.3,-1.5,1.5,3.9,-0.4,-8.3,-5.3,-6.7,-11.9,-7.6,-7.0,-9.9,-7.6,-3.6,-5.7,-5.7,-3.7,-8.2,-4.8,-6.9,-2.8,-5.8,-0.3,-14.7,-1.2,4.2,-10.9,-1.6,0.5,-6.9,-5.9,-6.9,0.7,-8.0,-1.6,-6.9,-7.8,-5.9,-17.9,-7.7,-10.6,-13.0,-12.9,-11.2,-13.5,-9.7,-9.5,-10.3,-9.9,-16.3,-7.3,-4.9,-14.8,-6.0,-8.4,-9.1
2C7L51KndF,0,48.10942,11.626409,4442164.1,2778651.48,541.5,587.2,301,7349,2.1,0.72,0.32,32.65,348.97,-0.53,-0.103,0.842,-0.6,0.1,-0.64,0.16,3.9,0.1,-0.3,-0.0,-0.2,-1.2,-1.3,-1.3,0.3,0.5,0.3,-0.9,-0.5,-1.0,1.6,0.2,0.3,-0.4,-4.2,-7.1,-6.2,-7.4,-6.6,-6.9,-8.2,-4.7,-7.7,-7.2,-6.1,-5.1,-2.3,-2.0,-10.6,-13.2,-11.7,-11.9,-11.1,-11.6,-9.6,-6.9,-6.4,-5.4,-6.2,-4.1,-3.6,-6.7,-7.7,-6.5,-4.7,-4.0,-4.2,-3.7,-2.9,-2.5,-2.4,-0.9,-0.2,-0.8,-1.2,-1.5,-1.3,-1.1,1.1,1.2,-3.4,-1.8,-0.8,-1.4,0.2,0.2,-6.1,-1.1,-2.3,-0.2,-1.9,-0.5,-1.8,0.4,-3.1,-2.6,-5.6,-6.7,-9.2,-7.8,-9.1,-4.2,-4.4,-2.3,-10.1,-10.0,-7.0,-7.6,-9.3,-8.3,-6.4,-7.4,-11.2,-9.3,-7.6,-2.3,-9.3,-7.1,-6.8,-3.3,-4.7,-6.2,-4.9,-6.5,-6.9,-5.0,-2.6,-2.3,-1.7,-2.9,-1.9,-0.5,-2.7,-1.8,-1.6,-4.6,-0.9,-0.3,-1.6,-3.1,0.3,-0.8,-0.9,1.8,-5.8,-2.5,-5.5,-7.8,-6.8,-7.5,-7.0,-5.4,-8.7,-9.9,-8.9,-8.7,-8.8,-6.6,-1.3,-3.0,-3.2,-3.0,-2.4,-0.9,-1.6,-5.8,-1.0,0.0,0.6,-3.6,-0.6,-0.8,-1.8,1.7,-0.6,-0.6,-5.3,-6.7,-4.8,-9.9,-10.6,-7.0,-10.1,-11.7,-2.8,-5.7,-7.7,-3.3,-8.6,-6.3,-8.7,-6.2,-4.2,-4.1,-5.8,-3.3,-1.2,-6.7,-2.5,-1.8,-2.7,-2.8,-3.1,-1.5,-2.3,-7.3,-7.2,-11.2,-10.6,-7.2,-13.0,-12.8,-11.4,-12.5,-11.0,-10.6,-10.6,-7.3,-6.3,-6.1,-5.7,-6.8,-5.1,-7.4,-5.8,-4.3,-8.7
2C7L51KndL,0,48.109456,11.626687,4442184.74,2778655.92,538.1,583.8,301,7355,2.7,0.81,0.36,32.65,348.97,-0.53,-0.103,0.842,-0.8,0.1,-0.18,0.21,2.3,0.2,-0.3,-1.1,-0.5,-1.8,0.4,-2.0,0.6,-0.4,0.5,-0.1,4.7,3.5,1.2,-1.3,2.2,-0.8,-2.0,-4.4,-4.1,-5.7,-3.7,-0.2,-7.1,-10.1,-0.2,-16.2,-3.0,-2.4,-4.2,-4.8,-6.7,-20.6,-3.8,-6.6,-2.0,-5.3,-2.1,-5.8,-0.6,-4.9,-3.4,-7.4,1.1,-1.5,-4.9,-2.6,-2.9,-2.9,-1.5,-0.4,0.7,-1.7,-0.4,-3.7,-3.8,-2.8,1.3,0.7,2.8,-1.8,-1.0,-0.3,0.3,-0.3,-0.1,-1.8,-4.3,-0.2,-1.5,-0.4,-1.9,0.6,-3.5,-2.7,-2.3,-5.9,-3.2,-7.2,-5.6,-5.4,-7.5,-4.1,-9.2,-2.2,-0.8,-1.7,3.8,-3.3,-2.0,-3.2,-4.2,-4.5,-5.1,-7.0,-11.2,-5.9,-1.0,-4.3,-6.4,-5.7,-6.2,-1.4,-4.5,-5.1,-5.2,-3.7,-6.3,-3.5,-5.8,-1.8,-5.8,-2.9,-2.3,-0.5,-3.2,-3.2,-1.3,-2.5,-1.8,-0.5,-3.1,-1.7,-2.0,-2.7,-3.1,-2.0,-1.6,-4.4,-3.9,-5.4,-5.4,-6.5,-9.3,-3.2,-7.9,-4.6,-8.8,-4.5,-9.6,-6.0,-3.2,-10.6,1.6,-1.5,-1.6,-2.3,-2.1,-5.3,-2.7,-3.2,0.4,-4.0,-1.8,-2.0,-2.9,-3.1,-3.8,-2.8,-4.5,-2.1,-5.8,-3.9,-3.9,-4.3,-4.9,-9.1,-3.5,-5.2,-5.6,-2.6,-5.4,-4.4,-7.0,-12.2,-5.8,-3.4,-12.3,-4.4,-3.7,0.7,-1.7,-4.6,-2.0,-4.7,-5.6,-3.7,-6.9,-7.0,-9.5,-8.4,-10.3,-8.5,-8.7,-6.1,-6.7,-13.2,-9.2,-8.5,-11.6,-7.8,-6.0,-4.5,-4.8,-3.0,-2.0,-2.3,-4.2,-7.8,-3.6
2C7L51KndM,0,48.109458,11.626706,4442186.18,2778656.23,536.3,582.0,301,7356,1.7,0.9,0.23,32.65,348.97,-0.53,-0.103,0.842,-0.6,0.1,0.06,0.13,1.8,0.1,-0.3,0.3,0.2,-0.4,1.1,-0.8,0.0,-0.1,0.6,0.8,-4.4,0.3,0.8,0.2,1.3,0.7,1.4,-2.4,-1.1,-3.3,-2.8,-3.3,-4.6,-4.6,-4.2,-3.9,-1.3,-3.2,-3.0,-5.0,-6.5,-13.9,-6.6,-5.3,-6.1,-7.5,-3.6,-2.8,-1.5,-2.2,-1.5,-3.1,-2.1,-2.8,-4.0,-3.3,-2.7,-3.8,-2.2,-2.3,-1.8,-3.0,-1.0,-0.9,-1.3,-1.4,-0.4,-0.1,1.0,-1.4,-1.0,-1.6,0.2,-4.6,-1.1,-6.1,-2.3,-1.4,-4.2,-2.1,-2.3,-2.8,-2.6,-2.4,-2.0,-2.5,-1.6,-2.8,-2.4,-2.3,-4.8,-3.0,-4.8,-4.2,-4.2,-3.1,-5.3,-3.0,-3.9,-5.6,-5.8,-5.4,-4.7,-6.6,-9.0,-4.7,-2.6,-2.6,-5.6,-2.9,-2.8,-3.0,-3.5,-2.2,-3.3,-2.8,-3.0,-3.0,-2.9,-1.7,-3.5,-2.2,-2.8,-2.2,-3.5,-1.9,-2.5,-3.7,-2.6,-2.0,-2.8,-2.7,-1.4,-1.9,-1.5,-1.0,-2.0,-4.0,-2.0,-3.8,-4.2,-5.4,-5.6,-4.5,-6.3,-7.3,-6.4,-5.9,-5.1,-3.8,-0.1,-5.5,-3.4,-3.6,-2.2,-2.3,-2.3,-6.2,-2.4,-1.5,-0.7,-5.0,-1.7,-1.4,-2.2,-2.3,-2.5,-3.6,-4.2,-2.3,-4.3,-5.1,-6.3,-4.3,-6.8,-8.1,-3.5,-4.5,-5.4,-4.7,-5.1,-3.7,-7.7,-8.1,-6.5,-5.1,-9.5,-3.2,-3.4,5.4,-3.9,-3.5,-2.9,-4.0,-5.1,-2.8,-2.8,-5.3,-5.2,-5.0,-6.1,-6.7,-7.3,-8.9,-7.7,-7.5,-6.5,-6.6,-6.3,-7.0,-3.8,-4.2,-4.6,-4.3,-2.6,-3.3,-4.4,-4.4,-2.3
2C7L51KndN,0,48.109459,11.626715,4442186.83,2778656.37,534.0,579.7,301,7357,2.0,0.85,0.35,32.65,348.97,-0.53,-0.103,0.842,-0.8,0.1,0.07,0.15,2.3,0.1,-0.3,1.3,1.1,-0.3,-0.8,-0.4,-1.4,-0.5,1.5,-0.8,-4.1,0.6,1.2,3.1,2.6,3.0,3.6,-0.2,0.6,-1.3,-1.3,-1.9,-4.1,-1.1,-3.5,-2.9,-2.6,-11.5,-4.6,-6.9,-6.4,-11.3,-6.6,-6.7,-7.2,-7.5,-4.0,-3.0,-4.2,-3.5,-2.4,-4.8,-3.3,-3.2,-7.7,-2.0,-2.3,-3.9,-1.5,-2.4,-1.5,-2.7,-0.5,-0.9,-2.1,-0.3,1.4,0.3,1.9,-0.1,-0.6,-0.7,2.7,-4.8,1.7,-4.6,-2.1,0.4,-4.7,0.8,-0.4,-2.7,-0.9,-1.1,-4.8,-0.8,1.3,-2.7,0.3,-0.2,-4.0,-2.7,-3.5,-4.0,-3.0,-1.9,-3.9,-3.8,-4.1,-5.7,-3.1,0.3,-3.4,-6.0,-9.7,-4.3,-5.4,-3.0,-8.6,-4.7,-2.1,-4.6,-4.4,-2.3,-3.0,-4.7,-2.4,-2.5,-2.4,-1.4,-4.8,-3.1,-3.9,-3.9,-3.6,-3.0,-2.5,-3.8,-3.0,-2.6,-3.2,-2.1,-1.3,-2.6,-1.9,-2.0,-4.3,-4.4,-1.2,-4.5,-3.9,-5.7,-4.7,-6.2,-7.8,-8.1,-6.4,-6.2,-4.6,-3.9,-0.1,-6.1,-3.6,-4.3,-2.8,-3.2,-2.6,-6.5,-2.5,-2.1,-0.9,-2.9,-1.9,-2.2,-3.2,-2.7,-1.1,-3.8,-4.3,-2.9,-6.0,-5.4,-7.2,-7.8,-8.1,-8.2,-3.4,-5.6,-7.1,-5.4,-6.1,-5.1,-8.3,-7.7,-6.0,-6.1,-12.1,-3.4,-2.5,-0.1,-2.5,-4.0,-2.4,-4.5,-5.5,-3.1,-4.6,-4.7,-5.6,-5.2,-6.3,-6.5,-7.9,-9.6,-9.0,-10.0,-6.8,-7.4,-8.8,-6.3,-5.0,-4.4,-4.7,-4.7,-2.7,-3.9,-4.2,-3.7,-1.9
2C7L51Kne5,0,48.109795,11.629333,4442381.06,2778698.02,538.5,584.2,301,7401,3.0,0.77,0.38,32.66,348.97,-0.53,-0.103,0.842,0.1,0.1,-0.26,0.23,2.0,0.2,-0.3,1.2,2.2,4.0,3.5,3.1,1.2,2.2,2.5,2.4,-2.8,0.1,-0.2,2.0,0.6,-6.2,-4.6,-3.0,-4.6,-0.6,-6.8,-3.0,-3.9,-3.1,-4.9,-3.8,-2.6,-1.3,-1.7,-1.5,-6.3,-10.8,-8.8,-8.5,-6.5,-9.2,-4.7,2.5,-4.0,12.2,-9.3,2.3,-2.2,-8.9,-5.1,3.3,-0.6,-0.3,-2.1,-1.2,-2.5,-1.1,-1.1,1.7,-5.1,-3.5,-5.4,-2.4,-5.2,4.0,3.6,1.8,-2.0,-1.2,1.5,0.8,1.4,0.3,-0.1,1.1,-0.5,-0.8,0.3,2.5,2.0,1.9,-2.7,-0.4,1.9,0.0,-2.1,-2.3,-3.3,-1.7,-0.4,-3.1,-1.7,-0.6,-0.8,-1.8,-1.6,-2.5,-5.8,-5.6,-3.8,-3.3,-1.2,-1.4,-0.9,-0.7,0.1,1.4,-0.9,-1.1,1.6,0.4,2.5,-1.1,1.3,-0.6,-1.8,-3.3,-0.9,-6.0,4.3,5.0,-0.1,-2.5,-1.2,1.6,0.9,1.0,-0.3,-3.5,0.1,-2.7,-1.9,-0.2,-1.0,1.8,-1.2,-1.6,-2.4,-4.1,-2.5,-4.9,-4.6,-1.9,-4.8,1.8,-1.3,2.4,-1.9,-0.0,-2.3,1.2,2.8,-2.9,0.1,4.6,5.5,3.6,4.9,2.9,0.6,2.2,-0.5,0.3,-2.0,1.9,1.1,-3.0,-1.5,-2.6,-4.7,-4.5,-1.8,-2.3,-2.7,-3.2,-3.1,-2.0,-6.8,10.8,-1.1,-3.5,-4.4,-3.5,-2.7,5.7,-0.3,-2.8,-5.6,-4.4,-4.5,-2.0,-0.2,-1.3,0.2,-3.8,-4.1,-1.9,-5.2,-3.9,-4.3,-2.0,-4.6,-4.7,-1.8,-4.0,-1.9,1.6,10.5,-0.8,3.0,-0.3,2.1,1.8,0.0
2C7L51L4eq,0,48.108787,11.621335,4441787.72,2778572.83,541.7,587.4,302,7260,2.6,0.85,0.38,32.6,348.93,-0.529,-0.103,0.842,-0.4,0.1,-0.18,0.2,0.4,0.2,-0.3,-0.9,-0.6,-2.1,-0.4,-2.2,5.5,0.8,-0.0,0.3,7.8,2.2,11.6,1.6,-0.1,4.3,2.5,2.9,2.0,2.0,2.1,1.3,-0.3,0.3,0.7,0.3,3.8,1.9,7.8,3.4,-2.0,-10.8,-2.5,-1.8,-3.1,-2.1,-1.1,-0.3,1.0,3.3,1.8,4.4,-1.6,4.7,0.1,-1.5,-1.2,3.1,-1.3,-2.3,-0.9,0.4,0.8,1.1,2.3,3.0,-0.1,0.2,-1.1,-0.2,-1.2,-2.2,0.2,-2.0,-1.8,3.7,-0.3,-2.8,-2.3,-2.5,-2.5,-1.5,-3.2,-1.6,-0.7,-0.3,2.9,1.3,1.1,0.0,0.6,1.8,0.7,2.5,1.8,2.9,0.8,2.3,-1.1,-0.9,0.5,1.5,8.6,1.7,0.2,5.1,4.9,5.1,-0.3,2.3,3.1,4.3,1.1,2.0,2.8,1.3,2.0,2.2,3.3,3.4,3.8,1.1,3.3,4.0,2.7,3.5,2.7,-0.2,1.7,0.4,3.3,2.0,2.7,6.4,3.7,1.8,3.5,4.4,3.0,3.2,1.8,-3.5,-0.5,-0.4,-1.1,-0.3,-0.3,2.5,3.0,2.3,1.6,-1.4,1.9,3.7,-1.3,1.3,-0.9,-2.9,-0.2,-1.6,-4.3,-3.6,-2.7,1.0,-1.4,-2.3,-3.6,-1.7,-3.2,0.5,-0.3,-2.2,-1.8,0.6,1.4,-2.3,2.3,-3.4,1.6,0.6,-1.1,-2.0,-0.4,-2.2,-1.9,-1.5,-0.0,-0.9,-2.1,-9.7,-1.6,-2.4,-2.3,1.8,-1.7,1.2,1.3,-2.9,-1.1,-1.4,2.3,1.0,-0.7,1.5,-1.4,-1.4,0.0,2.6,2.1,-1.9,-2.0,2.9,-1.1,1.5,0.6,2.3,-0.5,-0.2,-3.3
2C7L51L4er,0,48.108791,11.621365,4441789.9,2778573.3,540.3,586.0,302,7261,2.0,0.92,0.27,32.6,348.93,-0.529,-0.103,0.842,-0.3,0.1,-0.18,0.15,0.8,0.1,-0.3,0.6,-0.7,-0.7,0.6,-1.3,0.8,0.4,0.9,1.6,4.1,2.5,3.2,1.8,0.6,0.4,-0.0,1.9,1.2,-1.1,-1.0,-1.4,-3.3,-1.6,0.5,-1.4,0.8,0.6,0.4,-1.1,-3.6,-16.5,-4.1,-3.8,-3.1,-4.3,-3.6,-2.1,0.6,0.0,0.0,0.6,-1.1,1.2,-0.7,-1.7,-2.2,-0.4,-0.9,-1.0,-0.5,-0.1,-0.9,-0.4,2.0,1.8,-0.5,1.7,-0.4,-0.4,-1.7,-0.2,-1.5,-1.5,-0.0,-3.0,-2.6,1.0,-2.5,-0.7,0.3,0.3,-0.2,-0.8,0.4,-0.1,1.7,0.0,0.3,0.5,-2.0,-0.4,-1.1,-0.2,-2.1,-2.5,-2.0,-3.4,-2.5,-3.5,-3.5,-2.0,-1.2,-1.8,-2.8,0.3,-1.5,-0.1,-1.4,-1.6,0.1,0.9,0.6,-1.5,-0.7,-1.0,-1.1,-0.7,-1.2,-1.8,-1.1,-1.3,1.1,1.6,2.2,1.2,2.7,-0.0,0.7,0.6,2.8,1.0,2.1,5.1,1.8,3.1,2.4,1.1,2.0,0.3,0.1,-6.5,-1.6,-0.4,-1.2,-0.2,-1.1,1.1,1.2,0.9,2.0,0.1,-1.0,-1.2,-0.6,1.0,-1.9,-4.4,-3.0,-2.3,-3.5,-2.2,-2.4,-1.7,-2.5,-2.4,-2.2,-1.2,-2.3,-1.6,-1.6,-3.7,-2.4,-1.0,-0.5,-3.5,-0.4,-2.0,0.0,-0.1,-0.4,-1.4,-3.4,-2.9,-1.7,-1.9,-2.6,-2.4,-1.8,-7.5,-1.1,-1.4,-2.0,-0.5,-3.1,-1.7,0.2,-2.5,-1.6,-3.7,-0.3,-0.3,-1.3,-1.3,-2.6,-2.6,-1.9,-2.0,-1.4,-2.2,-2.3,-1.4,-0.5,-0.7,-0.8,-0.7,-0.3,-1.2,-3.5
2C7L51L4fI,0,48.108965,11.622719,4441890.38,2778594.87,531.4,577.1,302,7288,4.0,0.68,0.48,32.61,348.93,-0.529,-0.103,0.842,-0.3,0.2,-0.44,0.31,1.4,0.3,-0.3,-3.3,-1.8,-2.3,-0.5,-1.3,-1.5,0.3,-2.1,-0.6,-1.9,1.7,1.1,0.6,-0.0,-0.3,-0.6,1.2,-0.4,-0.3,-1.4,-2.1,2.4,2.5,6.5,1.6,8.8,2.5,-2.5,-4.6,3.6,-16.1,2.6,-2.3,1.4,-0.3,2.5,-1.9,1.6,3.8,0.4,-0.7,-1.9,0.4,2.4,-1.6,-2.4,-1.3,-2.6,-0.5,-1.1,-1.6,-2.3,-3.1,-1.6,-3.0,-1.8,-1.7,-3.2,-4.4,-3.4,-3.2,-3.9,-0.7,-4.4,-2.5,-3.4,-2.0,-8.2,-5.3,-4.7,-1.2,-3.4,-5.0,-2.2,0.3,-0.6,1.9,0.4,2.1,-0.6,-4.1,-2.3,0.3,-2.1,-0.6,1.0,-8.6,-6.6,-14.0,-8.5,11.5,-1.5,1.1,-8.4,7.4,1.0,1.6,3.2,4.6,2.1,0.7,2.4,2.1,3.1,0.9,4.5,-0.6,0.6,1.5,-1.8,-1.0,-1.2,-6.3,-3.3,-4.1,1.6,-5.6,3.7,-4.8,-3.5,-10.6,-4.3,-1.1,1.4,-9.8,-4.8,5.3,-8.7,-2.1,7.0,9.4,-12.2,8.7,-0.5,-0.2,-7.6,-0.3,9.5,0.5,1.8,0.2,-4.0,-2.3,-0.7,-1.2,-1.4,0.2,-1.3,-1.3,-0.5,-1.0,-0.1,0.4,-3.3,-1.7,-2.3,-5.3,-1.0,-0.4,-0.1,0.3,2.7,8.3,8.3,3.7,-10.4,1.6,10.5,1.5,1.3,2.6,-3.0,0.4,-2.0,2.3,0.6,2.4,-7.3,2.1,-0.6,2.6,1.2,1.6,-2.0,-5.5,-3.6,4.3,0.1,-1.7,-1.0,-13.4,2.5,-2.2,2.2,-5.1,-1.7,-2.0,-6.5,-4.3,-6.6,-16.2,-4.7,-5.0,-2.9,-3.0,-6.3,-4.2,-3.7
2C7L51L4ep,0,48.1088,11.621295,4441784.66,2778574.24,543.0,588.7,302,7259,2.2,0.87,0.32,32.6,348.93,-0.529,-0.103,0.842,-0.5,0.1,-0.18,0.17,0.9,0.1,-0.3,1.6,0.7,0.5,0.6,-0.3,0.2,-0.6,-2.2,-1.7,-0.4,1.1,0.8,0.7,0.3,2.8,1.4,2.5,-1.0,3.2,-2.5,0.6,-3.2,1.7,-1.9,-3.2,-1.0,2.1,0.9,0.5,-2.6,11.1,-1.8,-1.9,-2.6,-1.3,-3.2,-2.8,3.1,3.3,1.8,2.7,0.9,4.4,-2.0,1.9,1.4,0.9,-0.1,1.9,1.0,-0.3,-1.4,1.7,-1.8,-2.2,-5.2,-2.6,-4.4,-2.4,-3.9,-4.3,-1.9,-2.8,-3.4,-1.5,-0.3,-4.2,-1.9,-3.5,-0.5,0.7,-1.4,-2.1,-0.2,1.1,0.2,2.2,0.9,-1.1,1.8,0.1,-1.9,-2.3,-1.7,-2.6,-1.9,-3.1,-2.6,-3.7,-0.2,-0.1,2.0,-1.1,-0.5,0.6,-0.0,1.4,-3.8,-1.9,-0.8,-0.9,3.4,-1.1,2.7,3.1,1.8,2.3,3.1,3.9,2.7,0.9,2.5,2.2,2.8,4.0,0.4,-2.0,0.1,1.5,2.4,1.1,1.7,2.1,1.0,1.9,-0.9,1.8,0.1,0.6,-0.5,-4.5,-4.0,-0.0,0.2,-1.4,-2.3,0.9,0.9,3.2,2.7,2.4,2.5,1.5,-0.4,0.4,-0.7,2.8,-0.6,-1.5,-5.5,-1.0,-0.6,-3.2,-4.0,-3.1,-1.3,-2.2,-2.4,-2.4,-1.5,-4.2,-2.5,-3.2,-2.8,-2.2,3.2,-0.5,0.8,0.6,-0.3,0.6,-3.0,-6.9,-3.3,-0.9,-2.8,-5.2,-5.6,-0.7,-4.7,-6.2,-4.8,-2.9,-3.4,-0.7,-2.8,-4.0,-5.8,0.4,1.5,0.0,-1.3,-1.3,-1.4,-4.5,-1.6,0.6,-4.0,0.7,-1.3,0.6,-1.6,-1.1,-1.1,-0.4,-2.3,-0.7,-3.8
2C7L51L4fM,0,48.109037,11.623142,4441921.73,2778603.65,539.3,585.0,302,7292,3.2,0.79,0.45,32.61,348.93,-0.529,-0.103,0.842,-0.4,0.2,-0.41,0.25,0.4,0.2,-0.3,-2.2,-0.5,-1.2,-0.4,-1.6,1.7,-0.4,-1.1,-0.4,4.2,1.2,2.1,1.0,0.3,-0.1,-1.9,-0.8,-0.8,-3.3,-2.6,0.4,-1.6,0.6,-0.4,1.0,2.8,1.8,1.7,1.6,-4.7,-12.4,-3.7,-2.7,-1.2,0.4,-1.8,-2.6,3.0,1.0,0.3,1.7,0.3,2.1,2.9,0.3,-0.8,-2.4,-0.8,-2.4,-1.6,-1.4,1.1,-0.2,-0.9,-2.3,-4.1,-4.2,-1.6,-2.7,-1.9,-1.6,-1.8,-4.3,-1.5,-3.0,0.4,-2.2,-3.9,-3.7,-0.5,0.7,-2.3,4.3,-2.3,-1.6,-1.3,-1.1,-1.7,-1.6,-2.3,-0.5,-4.1,-0.5,-1.0,-0.4,-2.3,-2.0,0.2,-4.3,-2.3,-0.9,-1.4,0.6,-4.7,-0.6,-0.6,9.1,1.1,4.0,-0.1,2.2,4.7,0.0,-0.8,0.7,-1.3,1.2,2.1,1.1,-2.7,-2.2,-1.1,-2.1,-1.0,-0.2,2.1,0.7,-3.0,-0.5,-2.0,-1.9,-1.9,-2.1,-0.7,-0.0,-1.3,0.7,1.5,1.3,-1.9,-6.8,-5.4,-9.2,0.4,-2.4,-1.9,0.9,-0.0,1.7,4.0,-2.1,-1.2,-3.0,-0.0,-0.8,-1.6,11.1,-2.3,1.7,3.5,4.3,-2.4,-4.7,-2.8,-2.9,-3.5,-4.3,3.2,3.0,5.8,-1.2,-6.8,-0.7,-4.0,-5.8,-11.0,-4.3,-0.1,0.2,-0.1,-0.2,-5.5,5.0,-3.5,7.1,7.0,-14.6,-12.4,6.1,-5.6,-2.3,-10.8,3.7,-1.0,-3.0,0.1,1.5,-0.0,-2.6,-1.2,-4.6,2.3,-2.7,-2.5,-1.9,-1.0,-1.6,-5.4,-4.3,1.2,-3.6,0.2,-3.9,-6.0,-8.1,-7.2,-6.5,-3.0
2C7L51L4fN,0,48.109043,11.623182,4441924.69,2778604.28,538.4,584.1,302,7293,1.9,0.91,0.32,32.61,348.93,-0.529,-0.103,0.842,-0.6,0.1,-0.47,0.15,0.5,0.1,-0.3,-1.1,-1.1,-0.2,-2.2,-1.5,1.7,0.0,-0.3,2.8,2.1,0.3,3.7,-1.9,-0.3,-1.3,-0.9,0.2,-1.9,-0.4,-3.0,-1.7,-2.0,0.1,-0.9,-1.4,0.4,0.5,-0.4,0.8,-4.3,-15.1,-2.9,-5.0,-2.7,-2.4,-2.4,-2.1,1.3,2.4,0.0,0.7,0.4,-1.3,-0.9,-0.4,0.3,1.1,-2.6,-0.3,-1.3,-0.1,-0.7,-0.7,-0.9,-2.3,-0.7,-2.0,-2.2,-1.3,-3.3,-4.6,-3.6,-1.9,-1.9,0.1,1.2,-4.3,-3.1,-3.7,-2.9,4.2,-2.2,-1.9,-2.1,-0.4,-1.2,-1.4,-1.5,-1.3,-3.5,-0.5,-2.3,-1.2,-2.5,-3.1,-1.4,-2.9,-0.7,-5.6,-3.0,-3.9,-0.2,-0.3,-3.9,-0.2,-1.1,0.2,-0.0,1.0,1.6,1.8,2.1,0.1,-0.3,-1.7,-0.7,0.5,0.1,-0.2,-1.1,-1.0,-1.1,-2.6,-1.8,-1.6,2.0,-0.4,-5.0,-0.3,-2.9,-1.1,-2.8,-3.6,1.8,-0.8,-0.6,-0.8,0.4,-1.1,-1.0,-4.4,-4.1,-0.7,-1.4,-3.2,-1.4,-1.4,-0.1,0.3,1.5,-0.6,0.7,-0.4,0.7,-1.5,-3.2,-0.4,-2.5,-1.8,-3.2,0.7,-0.9,-1.4,-1.9,0.7,-3.2,-2.6,-2.5,-0.9,-0.0,-1.9,-4.2,-3.1,-3.2,-5.9,-1.2,-2.5,-2.1,-2.2,-2.0,-3.6,-5.2,-2.1,-1.8,-1.3,1.8,-1.4,-1.3,2.1,-4.0,-3.9,-4.7,-2.8,-4.2,-5.5,-0.8,-0.7,-3.2,-3.8,-4.8,-5.6,-3.0,-3.7,-4.2,-5.3,-3.4,-2.7,-3.2,-4.7,-2.5,-6.9,-4.0,-5.0,-4.0,-4.4,-5.5,-5.2,-5.5
2C7L51L4fk,0,48.109209,11.624474,4442020.53,2778624.84,537.8,583.5,302,7316,1.9,0.92,0.31,32.64,348.97,-0.529,-0.103,0.842,-0.6,0.1,-0.23,0.15,0.6,0.1,-0.3,1.5,0.5,0.5,0.6,-0.3,0.6,0.7,-1.3,-0.1,-1.4,-0.1,1.8,0.3,-1.2,-0.7,1.5,2.1,0.4,-0.9,-1.3,-2.2,-1.3,0.3,-0.1,1.3,0.9,-1.2,-2.7,-1.4,-3.4,-15.6,-2.2,-3.9,-2.6,-3.6,-1.9,-2.7,0.8,1.3,0.9,-1.8,-0.4,-0.7,-2.0,-3.3,-4.4,-2.9,-4.2,1.5,-2.0,-1.1,-1.9,-0.1,-0.4,-0.6,-0.2,-1.2,-1.5,-0.7,-1.5,-2.6,-1.6,2.5,-2.2,-0.3,-0.4,-3.1,-2.6,-2.5,-1.3,-5.1,-3.3,-3.9,-2.0,-2.1,-1.3,2.3,0.8,-1.9,-2.1,-2.4,-0.5,1.1,-3.3,-3.9,-1.6,-1.8,-1.4,-2.8,-1.1,-2.8,-3.5,-3.7,-2.5,0.6,-2.6,-3.5,-0.9,1.2,-0.1,-1.6,-0.3,-1.8,-1.7,-0.4,-0.2,-0.7,-0.8,-1.1,-2.2,-1.6,-1.5,-1.9,-2.9,-1.7,0.3,-3.5,-0.6,-0.4,-0.8,0.4,-1.6,-2.4,-0.9,-1.1,0.2,-1.9,0.3,-0.3,0.6,-1.0,-1.3,-0.9,-2.7,-2.7,-2.9,-0.5,-0.8,1.4,2.6,-6.1,-2.7,-0.8,-0.8,-0.7,-1.5,-2.0,-2.1,0.4,-3.1,-2.1,-0.9,-1.9,-5.0,-2.7,-2.3,-2.2,-3.5,-1.6,-2.9,-3.4,-5.2,-1.4,-5.5,-3.8,1.5,-1.5,-2.1,-1.0,-0.9,-2.1,-6.1,-6.3,-4.6,-5.0,2.8,-3.0,-0.6,-6.7,-0.9,-1.2,-3.7,-2.3,-4.0,-1.6,-1.3,-1.9,-3.6,-6.7,-5.6,-3.4,-4.1,-6.7,-3.2,-6.9,-6.7,-6.8,-4.8,-5.6,-2.7,-1.4,-4.1,-3.3,-2.6,-2.9,-2.6,-1.5,-1.7
2C7L51L4gI,0,48.109456,11.626403,4442163.62,2778655.53,539.0,584.7,302,7350,3.3,0.7,0.42,32.65,348.97,-0.53,-0.103,0.842,-0.5,0.2,0.06,0.25,2.9,0.2,-0.3,-1.3,-2.7,-0.3,-1.8,-2.7,-0.3,-0.8,0.2,1.0,-2.8,-2.4,-0.6,4.9,-1.3,0.6,-0.1,-0.8,-7.1,-7.6,-5.6,-2.6,-4.5,-1.8,-11.0,-8.9,-7.8,-4.6,1.5,-2.7,-10.7,-12.2,-9.0,-12.0,-10.8,-12.6,-7.6,-6.4,-6.1,-6.2,-6.0,-7.9,-7.9,-4.3,-3.8,-4.7,-4.1,-4.7,-3.5,-3.5,-4.2,-4.1,-3.5,-1.1,-1.7,-3.1,-2.7,-4.2,-4.0,-3.7,2.4,-1.3,-6.3,-2.2,-5.7,-3.9,-0.7,-2.8,-9.3,-4.3,-7.2,-5.0,-8.9,-4.3,-4.0,-2.4,6.3,-3.5,-5.9,-3.1,-9.3,-2.3,-6.4,-6.0,-21.9,-5.7,-11.9,-11.1,-7.8,-7.1,-9.5,-8.3,-5.2,-8.1,-14.5,-7.1,-6.6,-1.3,-8.6,-4.2,-8.0,-4.2,-3.0,-4.6,-5.3,-4.7,-7.5,-2.0,-2.2,-0.1,-3.6,-2.5,-3.6,-4.7,-4.0,-4.3,1.7,-8.3,-0.8,-3.4,-4.8,-5.1,-4.4,-2.1,-4.4,-8.5,-5.7,4.2,-3.6,-6.6,-6.6,-5.6,-9.3,-2.9,-7.8,-14.3,-11.0,-12.7,-8.4,-9.2,-4.8,-4.2,-6.6,-5.2,-3.2,-4.6,-6.7,-10.4,-3.4,-0.5,0.7,-0.3,-5.6,-2.2,-3.5,-0.4,-5.8,-1.3,-10.4,-5.6,-1.4,-9.5,-11.5,-8.2,-8.9,-12.2,-9.3,-6.2,-9.7,-0.5,-6.7,-5.1,-10.6,-1.8,-2.6,-7.2,-4.5,-4.9,-3.8,4.8,-4.1,-1.6,-3.6,1.5,-4.7,-2.1,-4.0,-5.9,0.8,-15.0,-11.3,-3.7,-18.8,-8.1,-10.9,-10.0,-5.5,-8.8,-7.0,-7.6,-4.0,-6.4,-8.5,-7.3,-7.7,-10.1,-5.8,-4.8,-7.4
2C7L51L4gs,0,48.109714,11.628407,4442312.23,2778687.41,536.7,582.4,302,7386,4.1,0.66,0.5,32.66,348.97,-0.53,-0.103,0.842,-1.5,0.2,-0.37,0.32,1.0,0.3,-0.3,3.6,3.1,1.9,3.0,-0.1,3.5,3.7,-2.0,-2.5,2.8,0.5,-3.6,-4.8,-3.0,-3.1,-3.7,-2.3,-1.1,1.4,1.8,2.5,-3.8,-0.6,-5.9,-4.5,-3.7,-1.4,4.0,-1.0,-6.4,-5.0,-5.0,-5.9,-0.7,-2.2,-1.7,0.1,-1.9,-0.8,0.4,-1.0,-3.1,1.3,-1.5,-1.3,0.3,-2.6,-2.0,0.7,2.1,-7.1,-3.5,-0.8,-5.5,-1.6,-1.9,-2.7,-5.6,-4.9,-5.8,-3.8,-1.7,-2.9,-2.0,-4.3,1.4,-3.7,-2.2,-0.1,-1.2,-2.1,-0.1,-1.2,-2.0,-3.5,-7.4,-2.3,3.5,-2.2,1.0,0.2,-1.4,-6.5,-4.6,-2.9,-2.6,9.1,-2.4,-11.0,-5.3,-5.3,-2.5,-9.4,-11.0,-4.1,-0.4,-1.1,-3.8,-2.5,-3.7,6.7,-8.5,-5.1,-10.7,-6.5,-1.1,-5.9,-3.0,-4.7,-5.4,1.0,-3.7,-3.9,-5.7,-3.7,-4.3,-8.0,-4.5,-2.0,-8.4,-4.4,-10.1,-8.7,-4.2,-8.4,-1.6,-3.8,-6.3,-7.4,-7.3,7.3,-3.1,-0.6,-2.5,-4.5,4.1,9.2,-0.7,-2.8,-2.8,-3.1,-1.9,-2.5,-0.4,-2.0,-6.3,1.1,-1.5,-2.4,-2.7,-3.8,-2.3,-0.3,-3.8,-0.2,-5.5,-2.1,-1.3,-13.9,-3.5,-3.4,-2.9,-5.6,-6.5,-2.4,1.2,-0.0,-1.6,-6.4,1.7,6.8,-19.1,-6.1,-13.9,-10.1,-7.5,-13.1,-11.3,-9.9,-11.3,-19.0,-8.5,-5.5,-8.4,-4.0,4.2,-20.2,-3.2,-3.0,-14.3,-10.0,-7.6,-5.7,-10.6,3.2,-0.5,0.4,-4.4,-3.4,-5.7,-12.4,-11.9,-12.6,-13.7,-5.4,-18.2,-11.3,-11.4
2C7L51L4gy,0,48.109765,11.628805,4442341.78,2778693.74,538.9,584.6,302,7392,3.9,0.69,0.46,32.66,348.97,-0.53,-0.103,0.842,-0.6,0.2,-0.28,0.3,1.2,0.3,-0.3,-3.1,-5.3,-0.7,-3.8,-0.8,5.7,-2.5,-2.3,-1.0,3.7,0.8,4.4,-3.5,2.8,-0.1,-5.7,-7.6,1.1,-2.7,-4.3,-4.1,2.2,1.6,-1.7,-3.4,-0.9,-2.7,5.4,-5.3,-9.0,-0.7,-8.3,-7.8,-3.8,-5.0,-1.1,-0.9,-4.5,0.5,0.6,-0.8,14.0,3.3,0.1,0.8,-0.4,3.9,13.5,-3.2,0.7,-1.7,-1.8,0.6,-0.2,-0.5,-2.2,2.4,-2.9,0.5,-2.0,-3.2,0.2,2.3,-0.1,3.6,5.1,0.5,0.4,-1.0,-3.3,8.2,-0.2,-1.4,1.3,1.4,-0.9,-0.3,-0.2,-2.9,-2.8,-1.6,-5.9,-2.0,-4.8,-1.5,-4.1,1.3,-4.8,-3.5,-2.2,-1.0,-2.1,4.0,2.1,-1.7,0.0,4.8,-2.1,-1.7,-0.1,-0.5,1.2,6.4,5.9,2.2,0.9,1.1,3.0,0.3,-4.1,-4.0,-3.8,-3.7,2.2,-6.4,1.4,2.4,-4.6,-3.6,-0.9,-2.0,-7.5,-10.7,-5.2,-3.1,-1.9,-2.0,-1.2,5.1,-1.6,-2.8,-2.1,-0.4,-5.6,-8.4,-4.4,-4.9,-3.6,2.9,-0.7,3.8,0.9,-2.6,-3.9,-1.8,-2.5,7.6,-1.7,-3.1,-2.7,-1.1,-1.4,-2.4,-3.6,0.1,-3.8,6.2,-3.8,0.8,-5.3,-6.0,-4.9,-3.0,-6.4,-12.7,-7.8,-2.9,-0.1,-3.8,-2.1,-1.6,-5.3,5.6,-1.1,6.5,8.0,-3.8,4.9,6.7,-3.3,-4.3,-3.3,-6.5,-6.6,-6.6,-2.0,8.9,-3.4,-4.6,-2.5,-5.0,-4.6,-7.8,4.1,-1.8,-7.5,-3.4,-2.5,2.4,-1.3,-6.5,-5.5,-3.5,-9.2,-12.9,4.1,0.5,-2.9
2C7L51L4f4,0,48.108913,11.622031,4441839.24,2778588.03,536.9,582.6,302,7274,2.9,0.84,0.4,32.6,348.93,-0.529,-0.103,0.842,-0.9,0.1,-0.46,0.22,0.3,0.2,-0.3,4.5,0.1,-0.9,5.7,-0.5,-2.6,0.6,1.5,0.5,2.9,2.5,1.8,0.5,1.9,-1.2,-0.3,3.2,2.7,0.5,-0.4,-1.4,-1.3,0.1,2.1,0.9,3.6,2.8,1.8,0.9,0.1,-16.5,-1.6,-2.7,-3.8,-2.6,-1.9,-0.5,2.4,-0.3,-1.1,-0.3,-1.8,0.9,-0.1,-1.2,0.8,0.3,-2.5,-2.8,-3.2,0.6,-1.6,0.3,0.6,1.4,0.9,-1.5,0.8,0.6,-0.2,1.6,1.6,2.8,3.1,-0.5,2.1,-0.9,1.3,-1.1,-1.2,-0.5,-0.7,-2.7,2.7,-0.9,-0.1,0.4,0.8,2.6,2.3,3.5,-2.2,2.0,0.6,0.2,-3.1,-1.5,0.6,0.6,0.7,0.9,-1.3,-1.1,-2.1,-0.5,-2.9,0.6,0.4,1.6,3.9,2.9,6.3,-0.1,3.7,0.4,3.7,3.5,-1.8,2.5,-0.7,0.1,0.1,0.9,-0.4,1.0,0.1,-1.2,0.7,-1.1,0.3,0.1,5.2,1.7,-1.3,-2.6,1.3,-1.0,2.3,4.6,-0.1,-6.4,-0.5,-4.2,1.0,0.9,0.6,0.6,0.4,0.9,-0.9,-8.5,-5.7,-3.8,-1.2,-1.8,-3.9,2.8,-0.2,3.4,-3.0,3.1,-10.6,-3.1,-2.1,-3.4,-1.4,-3.0,-3.9,-1.2,0.2,-0.2,-1.4,1.5,-1.6,-1.4,-3.2,0.8,2.4,-0.6,-0.4,-2.3,-2.5,-5.1,-4.4,-3.9,-4.6,-3.4,-12.8,-9.2,4.9,-6.2,-0.7,-1.3,-2.1,-5.5,-0.4,0.8,-0.8,-15.1,-0.9,-2.4,-3.4,-2.8,-4.6,-6.7,-1.9,-2.0,-1.7,-4.9,-3.1,-2.5,-0.8,-8.2,-3.9,-0.1,-3.5,1.6,-6.9
2C7L51L4fm,0,48.10925,11.624654,4442033.85,2778629.76,541.3,587.0,302,7318,4.1,0.63,0.45,32.64,348.97,-0.529,-0.103,0.842,-1.3,0.2,-0.63,0.32,1.3,0.3,-0.3,0.7,-1.2,-0.2,-11.5,-5.1,-1.2,-0.3,-5.0,-1.6,-3.1,0.5,1.3,9.1,1.0,5.6,2.6,-0.1,9.0,-2.0,-1.2,-10.5,-5.5,-8.1,-2.3,-4.1,3.8,-0.6,0.2,1.0,-5.9,-5.2,-7.4,-4.3,-6.0,-8.0,-8.8,3.1,-0.7,-4.8,-5.1,-3.5,-6.0,0.2,-5.1,-6.4,-4.1,-8.9,-1.3,-7.4,3.3,-5.1,-4.6,-0.6,2.2,-1.1,-0.8,-8.0,-1.1,-2.8,-0.7,-1.0,1.3,-4.9,0.6,-5.6,-6.1,-8.2,-2.4,-4.0,-0.9,-4.2,-1.7,-1.5,-1.8,-1.3,-2.0,-4.1,-2.3,-5.1,-6.3,-1.2,-14.9,-7.3,-10.2,-8.6,0.5,-6.7,-0.9,-3.3,-3.5,-8.4,-7.2,-8.8,-9.5,-7.9,-13.3,-10.8,-2.2,-2.7,-7.8,-7.4,-6.4,-7.5,-6.1,-5.4,-0.2,-1.5,-4.6,-2.1,-2.3,-3.4,-5.1,-4.7,-5.2,-1.3,-2.1,-6.1,-2.6,-0.2,-2.8,0.7,-2.6,-3.7,-0.8,-14.4,-7.0,4.8,7.4,-8.8,0.6,-2.6,2.6,-9.5,-5.8,-1.8,-10.6,-12.2,-5.1,-2.5,0.1,-3.7,-2.9,-0.0,1.3,0.4,2.8,-9.9,0.8,1.6,1.7,0.3,-14.8,-6.5,-1.7,6.2,-8.0,-8.4,-6.7,-5.5,0.7,6.8,-16.2,-12.9,-6.9,-11.0,-3.6,-8.2,-1.8,-3.3,-4.3,-6.3,-9.8,-10.1,-8.3,-8.9,-8.6,-6.1,-8.6,-8.5,-9.9,-11.4,-5.7,-9.0,-5.2,-8.1,-8.3,-5.5,-2.5,-9.7,-6.0,-12.4,-13.4,-9.8,-8.1,-11.2,-9.0,-7.8,-14.1,-11.2,-7.8,-5.8,-7.8,-12.4,-10.3,-4.8,-10.9,-9.0,-15.4
2C7L51L4fy,0,48.109333,11.625298,4442081.59,2778640.0,540.0,585.7,302,7330,2.9,0.84,0.4,32.65,348.97,-0.529,-0.103,0.842,-0.2,0.1,-0.57,0.22,0.8,0.2,-0.3,2.2,-1.4,-0.2,0.9,0.2,-1.4,-1.0,2.1,-0.7,-5.9,1.3,-1.7,2.0,2.4,2.4,1.9,-1.4,0.3,-2.9,1.3,-2.2,-3.7,-1.3,-1.1,-2.9,2.1,-3.9,3.7,-2.0,-0.4,-16.4,-18.3,-0.6,-5.1,-3.4,-0.5,1.6,2.8,2.2,1.4,1.8,3.0,1.9,2.2,0.5,-0.4,2.6,5.2,5.5,5.3,5.8,5.0,1.4,-0.4,3.4,-1.0,-2.0,-1.3,-2.1,-3.0,-0.7,2.9,3.7,-7.0,-9.0,-0.4,-1.8,-2.1,-5.2,-3.3,-3.9,-2.0,-0.8,0.5,0.2,-1.0,0.3,-0.9,0.4,-0.1,-0.2,-0.7,-0.8,-1.5,-2.2,0.2,-5.5,-0.7,-0.1,-4.0,-2.6,0.7,-0.8,-3.9,3.5,0.8,0.3,-2.0,-0.0,0.5,0.5,-1.3,1.4,-2.5,-0.2,-0.5,0.4,0.1,0.9,-1.0,0.7,0.9,2.2,-0.1,1.6,3.2,2.9,2.0,1.5,1.7,-1.2,-1.3,1.6,-1.0,3.9,1.7,2.3,0.7,-0.9,-0.0,0.1,4.0,-0.4,-0.7,-2.1,4.7,4.7,-1.0,-0.4,2.9,-0.9,-1.8,-3.7,-0.7,0.5,1.2,3.1,2.0,4.0,0.8,0.0,2.0,2.4,-1.4,-0.5,2.3,1.2,-0.4,-0.1,-0.4,-0.8,1.7,0.8,-2.7,-2.1,2.4,-0.3,0.3,-0.6,-1.3,-0.2,-3.1,-0.8,-4.6,-0.4,-3.2,-0.6,-0.3,-3.2,-2.3,-3.1,-1.5,-3.8,-1.1,-0.7,-1.4,-3.1,-1.8,-0.3,0.1,-5.4,1.2,0.4,-1.5,-1.9,-1.3,-3.5,-1.8,-1.2,-2.9,-3.4,-9.6,-1.4,1.7,-3.0,6.2,-4.4,2.5
2C7L51L4gA,0,48.109407,11.625875,4442124.38,2778649.19,534.5,580.2,302,7342,2.5,0.87,0.43,32.65,348.97,-0.53,-0.103,0.842,-1.2,0.1,-0.33,0.2,0.4,0.2,-0.3,0.8,0.6,2.1,-1.2,-1.4,0.4,-0.3,1.0,-0.1,-0.7,0.5,0.1,1.7,0.6,1.7,1.7,0.5,3.4,2.7,1.5,2.3,-0.0,1.8,1.2,3.0,2.4,-0.1,1.1,-3.5,-3.4,-12.8,-0.2,-1.5,-0.6,-3.0,-2.4,1.4,1.7,-0.3,2.6,1.4,0.0,1.3,1.0,-0.9,-1.2,-0.6,-2.1,0.7,-3.7,-1.0,3.0,2.0,2.5,4.1,1.1,0.1,1.1,0.3,1.5,0.3,0.4,2.0,0.4,6.7,1.5,-1.2,0.9,-0.3,0.8,0.5,-0.6,1.6,2.0,-0.9,3.2,2.9,0.9,0.8,-0.2,-1.6,-1.6,-0.1,-1.3,-1.0,-0.9,-0.2,2.1,-3.1,2.9,0.9,-3.1,-1.4,-3.6,-1.1,-1.8,0.9,-0.9,1.2,0.5,0.9,-0.7,-4.8,-1.2,-2.2,-1.8,0.2,-0.8,1.8,-0.9,2.2,-2.2,1.3,-0.8,0.2,0.3,-2.1,-3.1,-1.7,-4.4,-1.6,-0.9,-0.1,0.3,0.6,0.8,-1.8,-2.0,-1.0,-0.2,-0.9,-0.6,1.3,-0.8,-2.0,-2.6,-0.8,-3.6,1.3,2.7,0.2,-2.6,-3.7,0.7,-1.0,-0.9,-3.3,-0.6,-4.6,-3.2,-5.5,-5.5,-3.7,-1.7,-1.4,1.4,-2.7,-3.6,1.8,-1.9,0.1,-1.7,-2.9,-3.8,-5.2,-5.8,-4.3,-1.3,-5.3,-3.2,-2.5,-7.5,-5.1,-6.3,-4.9,0.3,-0.2,-4.1,-11.1,-15.4,-0.5,-4.0,-0.3,-15.8,-2.6,-2.7,-3.0,-4.2,-4.3,-5.2,-4.2,-3.7,-8.2,-7.1,-9.5,-1.4,-2.9,-6.1,3.2,-2.5,-4.4,-11.1,-6.5,-4.1,-2.0,-2.2,-4.0,0.2
2C7L51L4ga,0,48.109623,11.627554,4442248.94,2778675.88,545.0,590.7,302,7368,4.1,0.6,0.45,32.66,348.97,-0.53,-0.103,0.842,-0.9,0.2,-0.35,0.31,2.9,0.3,-0.3,-0.4,0.9,-2.8,-2.2,-1.4,-7.4,-5.1,-1.5,0.1,-6.0,1.7,5.1,1.3,3.1,-2.3,5.6,-1.9,4.3,-3.2,-5.8,-9.2,-1.1,2.4,-11.1,-6.5,-0.9,-10.1,1.8,-2.5,-7.7,-14.4,-8.0,-5.4,-3.1,-3.5,-6.8,-2.1,-0.2,-1.9,-0.6,-1.0,-2.8,-4.7,-5.5,-4.2,-8.5,-9.6,-1.7,-2.3,1.2,-1.0,-0.6,-2.1,2.6,1.1,1.2,-5.5,-6.5,1.8,-0.1,-0.3,2.1,-1.1,-1.7,-2.3,-2.9,-1.1,-4.0,-0.2,0.1,3.6,3.3,2.1,-0.8,8.8,-13.6,4.6,3.8,-4.4,-1.1,-7.8,-3.3,-7.4,-7.5,-6.2,-5.4,-2.8,-5.7,0.7,-5.2,-3.1,-0.0,-8.0,-13.3,-4.2,-2.9,-0.6,1.3,-20.2,2.2,-0.9,-8.0,-10.5,-8.7,-2.9,-5.9,-5.9,1.5,-4.8,-7.8,-2.1,-3.3,-1.7,-1.4,-1.9,-3.9,0.6,-1.4,2.4,-0.3,-7.5,2.0,-0.5,-17.4,-12.7,-0.8,-1.4,-6.9,-2.4,-7.6,-3.9,-1.9,-2.2,-7.2,-4.9,-7.4,-2.8,-5.0,-6.9,-4.2,-3.2,-8.0,-0.7,5.5,2.6,2.8,-9.3,0.8,5.5,4.2,-6.6,-0.8,4.7,-8.6,-5.7,-6.6,-7.1,-2.7,-7.6,-6.9,-10.2,-9.8,-11.1,-11.3,-7.8,-4.5,-5.6,-5.8,-3.0,-8.8,-9.1,-8.2,-7.8,-5.5,-5.7,-3.6,-3.7,-1.0,3.6,-0.3,-0.4,-0.8,-0.1,-3.1,-0.7,0.1,-6.3,-4.6,-6.1,-9.4,-13.8,-14.0,-14.1,-8.9,-12.5,-13.0,-6.4,-9.6,-9.8,-7.5,-9.4,-5.6,-5.2,-9.3,-1.1,-5.1,-0.7,-1.7
2C7L51L4h9,0,48.109857,11.629381,4442384.46,2778704.97,535.8,581.4,302,7403,4.3,0.63,0.5,32.67,348.97,-0.53,-0.103,0.842,-1.1,0.2,-0.63,0.33,2.3,0.3,-0.3,2.9,-2.6,-2.9,-1.7,2.0,-1.3,1.8,-3.1,2.4,1.2,0.9,-1.2,-1.3,-1.5,1.0,-5.3,-4.4,-3.1,-3.3,-3.7,-6.5,-4.5,-0.9,-10.1,-6.0,-1.5,-4.5,-3.2,-1.0,-5.4,-8.0,-9.8,2.6,-9.3,-8.6,-10.3,0.6,8.2,-7.6,9.5,-7.6,-15.6,-13.5,-4.9,-3.0,-11.6,-5.4,-1.4,-2.3,3.2,-0.2,2.7,8.6,7.2,3.4,7.7,9.2,-13.7,-4.0,7.6,6.7,1.6,-1.9,1.4,0.5,0.9,0.1,0.3,-3.2,-2.7,3.2,-4.8,-3.0,7.7,-1.1,-3.5,-4.7,-2.1,-1.9,-3.5,-1.1,-3.3,-4.9,-8.3,-10.5,-0.6,-1.9,-8.8,-1.6,-19.8,-1.7,-4.6,-4.7,-0.5,-5.1,-5.4,-15.4,-2.4,-2.4,-3.5,-2.0,-5.0,-11.8,1.1,1.2,10.2,3.1,0.4,-2.9,5.9,-1.1,-4.6,-0.8,-0.4,4.3,0.5,-0.9,-1.6,-6.4,-6.3,-6.9,-6.7,-2.8,6.9,-8.3,-9.9,-10.8,-4.9,-12.1,3.3,-9.9,-6.0,-5.0,-7.0,-5.7,-2.9,-5.6,-6.3,-3.5,-4.1,-2.5,-3.0,-1.3,-2.5,-0.1,-1.1,-0.9,-1.5,2.8,-0.5,-2.5,-0.3,-3.0,-2.9,-3.0,-2.4,1.1,-4.7,-0.4,-1.9,-3.9,-4.4,-6.5,-5.3,-3.9,-4.0,-5.5,-4.7,-4.8,-6.6,-3.1,-8.2,-4.1,-8.3,-12.7,-12.8,-7.7,-5.7,-8.4,-6.3,-6.7,-4.9,-5.7,-5.4,-5.8,-6.0,-3.5,-4.2,-4.2,-7.9,-7.9,-9.2,-7.9,-7.3,-8.9,-6.8,-8.2,-6.9,-6.8,-8.1,-7.8,-9.8,-8.1,-5.9,-3.3,-5.3,-4.0,-9.8
2C7L51L4et,0,48.108844,11.621344,4441788.28,2778579.18,532.7,578.4,302,7263,3.6,0.7,0.45,32.6,348.93,-0.529,-0.103,0.842,-0.3,0.2,-0.36,0.28,2.0,0.2,-0.3,3.3,2.7,2.1,2.1,1.0,-2.5,1.3,-2.4,-1.7,-1.8,1.2,-1.0,0.5,0.6,-1.6,-1.7,-3.1,-2.6,-1.6,-5.2,-0.6,-7.7,-4.8,-1.2,-3.8,-3.9,-1.2,-0.9,-3.0,-6.3,-15.8,-7.9,-9.5,-11.4,-5.7,-5.0,-4.9,-1.0,-4.4,-10.3,-5.8,-5.7,-2.4,-3.6,-6.9,-4.4,-5.4,-10.1,-0.9,-0.4,-0.9,-0.1,2.4,1.9,-2.7,1.6,1.5,0.9,0.9,2.5,1.3,-0.7,2.2,-1.6,-2.4,-1.5,0.6,-0.8,-4.4,-0.8,-4.8,-2.5,-4.4,-8.3,3.2,-4.1,-5.7,-1.8,-2.7,-2.4,-4.1,-5.7,-4.9,-5.9,-6.1,3.0,-8.5,-5.1,-6.5,-5.4,-0.4,-3.3,1.6,-5.0,-4.4,-6.7,-5.6,-8.9,-6.3,-6.5,-2.9,-7.3,-4.7,-4.6,-5.2,-6.3,-1.9,-2.8,-0.4,-2.8,-4.2,-1.4,0.3,0.7,-2.7,-1.5,-2.0,-2.3,4.2,-0.8,-1.6,-0.8,-2.0,-1.2,-1.6,-2.7,-2.2,-3.1,-2.0,-3.5,-6.7,-5.6,-4.4,-3.3,-7.6,3.1,-1.8,5.1,0.1,3.9,-5.8,5.6,-2.7,0.1,0.5,0.2,-1.4,1.3,0.7,-0.9,-0.0,-2.1,-2.8,-4.0,-1.3,-14.5,-3.9,-4.5,0.5,-2.0,-5.9,-3.6,0.7,3.3,-6.4,-9.6,-1.1,-3.4,-3.8,-1.5,-4.5,-0.8,-3.8,-6.7,-12.7,-2.7,-5.5,-4.0,-5.7,-5.5,-5.2,-6.6,-2.7,0.9,-2.4,-2.7,-15.7,3.9,-6.9,8.5,8.4,-2.5,-16.8,-9.6,-7.4,-5.9,-2.0,-7.5,-6.4,-8.7,-8.5,-8.3,-7.5,-5.2,1.3,1.2,-0.7,-3.3
2C7L51L4ev,0,48.108861,11.621479,4441798.23,2778581.31,534.6,580.3,302,7265,3.3,0.75,0.43,32.6,348.93,-0.529,-0.103,0.842,0.1,0.2,-0.96,0.25,2.5,0.2,-0.3,1.4,-1.4,-2.7,-2.8,-1.8,0.7,-1.7,0.4,0.2,-0.8,-0.0,0.4,-1.3,-0.9,-0.3,-2.2,-3.6,-4.0,0.3,-1.1,2.7,-3.7,-0.5,0.9,-2.0,-2.2,-1.4,0.0,-0.9,-6.0,-16.1,-3.9,-4.2,-9.4,-9.6,-7.4,-5.6,-5.2,-1.4,-5.9,-4.6,-8.2,-2.6,-1.6,-3.2,-0.8,-4.3,-2.1,-1.7,3.0,-1.0,-4.2,1.6,4.6,4.1,0.1,2.7,1.5,-1.3,2.3,-0.9,-0.5,2.8,-0.7,2.5,0.5,1.0,4.3,1.1,-1.3,3.1,0.7,-2.7,-1.6,0.1,-0.6,-1.8,-2.8,-3.6,1.7,3.2,-3.5,1.6,-2.7,-0.6,-6.8,-2.3,-20.4,3.3,-6.5,-7.4,-2.0,-1.0,-4.3,-5.1,-5.9,-16.9,-3.1,-1.6,-0.0,-1.8,0.6,1.1,0.5,1.2,0.9,-17.6,-1.8,-1.7,-0.6,1.5,1.0,-0.4,0.1,-0.1,3.2,0.2,-0.3,0.1,-1.0,2.1,-0.9,3.1,-3.8,-1.2,-2.9,1.7,0.6,5.2,5.7,-1.8,-3.6,-2.0,-6.3,-0.9,-0.9,-0.7,1.0,-3.5,-1.7,-0.8,0.6,1.3,0.4,0.7,1.7,1.4,2.7,1.9,2.2,3.1,-0.0,4.6,3.7,4.6,0.4,0.5,-1.2,-1.8,0.8,-3.6,1.7,5.3,-0.9,-5.4,5.1,0.7,-4.7,-1.3,-4.0,-2.0,-6.4,-4.1,8.3,-2.8,-0.2,1.0,0.9,-8.9,3.3,1.8,1.2,3.0,0.3,-2.3,-1.3,-3.4,-4.1,-8.7,-2.8,-3.8,-4.3,-5.9,-5.8,-8.7,-6.0,-3.8,-4.0,-3.7,-2.8,-5.5,-6.6,-1.2,-1.1,-1.7,-2.6,1.4,-2.2
2C7L51L4fZ,0,48.109179,11.623956,4441981.97,2778620.7,544.2,589.9,302,7305,4.6,0.58,0.45,32.64,348.97,-0.529,-0.103,0.842,-2.0,0.2,1.27,0.36,1.3,0.3,-0.3,4.1,3.4,6.5,2.6,6.8,-9.0,5.5,-18.5,7.3,3.8,8.1,2.2,-17.7,5.3,7.2,-9.2,-17.3,-7.8,-3.5,-6.3,-18.5,1.1,0.1,-15.2,-18.0,2.4,5.1,-5.4,-5.7,-3.6,-15.3,-8.3,-8.2,-4.8,-14.8,-7.3,-14.3,-14.5,-20.0,-8.8,-11.7,-5.9,-5.6,-11.3,-6.4,0.5,-4.1,-2.7,-3.7,-7.2,-13.0,-14.3,2.2,3.4,-3.4,-5.4,-8.3,-14.5,-10.7,-8.1,-11.4,-13.8,-4.6,-8.1,-8.9,-7.7,-8.2,-8.2,-6.5,-6.9,-7.6,-7.6,-7.4,-0.4,-10.5,-7.3,-10.7,-4.5,-6.3,-11.7,-13.3,-14.4,-17.8,-9.6,-10.8,-7.9,-13.8,-10.3,-15.8,-7.0,-10.2,-6.2,-13.6,-7.9,-7.9,-9.8,-13.0,-11.7,-11.8,-7.7,-7.2,-7.0,-5.4,-10.4,-9.7,-9.1,-11.4,-8.3,-8.9,-6.1,-8.8,-10.9,-11.0,-9.3,-10.1,-9.3,-9.1,-15.9,-14.8,-11.5,-11.1,-13.3,-9.0,-12.2,-8.1,-6.9,-11.2,-8.9,-11.0,-13.8,-13.9,-13.2,-13.5,-15.7,-9.3,-9.6,-12.8,-11.8,-10.9,-7.1,-4.0,-7.6,-9.0,-13.5,-13.8,-14.9,-15.5,-15.0,-7.6,-12.4,-7.1,-10.0,-16.9,-16.2,-9.6,-10.9,-9.4,-10.3,-11.0,-12.5,-11.2,-14.5,-9.7,-11.1,-13.3,-10.5,-14.0,-10.7,-9.6,-10.1,-10.9,-13.6,-9.2,-11.6,-10.1,-11.5,-13.1,-12.5,-16.7,-15.1,-16.9,-12.9,-12.9,-15.2,-13.2,-9.9,-16.3,-17.4,-21.3,-5.4,-13.8,-18.7,-13.3,-17.2,-19.3,-14.0,-9.6,-12.3,-14.1,-9.9,-12.4,-12.4,-10.9,-10.9,-10.7,-13.9,-12.9,-13.4
2C7L51L4g3,0,48.10937,11.625439,4442091.99,2778644.32,533.6,579.3,302,7335,3.9,0.68,0.46,32.65,348.97,-0.53,-0.103,0.842,-1.4,0.2,-0.14,0.3,1.8,0.3,-0.3,-1.3,-3.4,-2.7,-1.1,-2.7,2.3,-4.8,-3.2,-2.3,-3.0,-2.0,2.5,-5.4,-3.8,-8.9,-2.0,-1.1,-4.4,-2.0,-3.4,-0.4,-9.1,-5.3,0.8,-1.4,-1.7,-7.1,-4.5,-4.0,-12.3,3.7,-8.8,-11.5,-6.8,-3.9,-4.3,-1.5,-7.5,-2.8,-3.8,-0.8,-6.1,-3.0,-9.7,-4.2,-5.2,-4.6,-4.9,-4.9,-6.3,-4.0,-1.4,-2.1,-5.2,-4.8,-4.5,-3.3,-1.7,-3.4,-6.3,-3.1,-5.0,-0.9,-5.5,-7.9,-5.0,-3.7,-3.1,-3.8,-2.5,-5.6,-3.1,-8.8,-5.5,-3.8,-4.8,-5.3,-6.8,-5.6,-1.7,-1.5,-10.4,-18.6,-8.5,-7.0,-9.4,-9.5,-7.8,-8.4,-12.3,-10.8,-10.4,-12.0,-7.8,-11.9,-4.1,-10.1,-6.4,-7.5,4.9,-4.1,-9.2,-9.0,-4.1,-8.4,-7.3,-7.5,-6.3,-2.4,-5.6,-7.0,-2.9,9.7,-5.2,-8.2,-4.3,-16.1,-11.8,-4.3,-14.2,-5.7,-15.1,-1.2,-4.9,-10.2,-5.5,-8.3,-11.8,-5.1,-4.8,-8.3,-9.6,-13.7,-2.2,-9.0,-9.2,-6.3,-4.1,-4.3,-1.8,-14.8,-11.8,-2.2,-4.8,-4.2,2.3,-3.9,-7.2,-14.6,3.9,-5.0,5.4,-9.3,-10.8,5.5,-4.1,-7.4,-7.1,-6.9,-5.7,-11.2,-20.6,-5.5,-6.3,-8.4,-5.0,-7.4,-14.6,-4.9,-6.6,-11.0,-11.4,-7.4,-7.3,-7.3,-5.3,-4.3,-7.2,-7.0,-7.9,-3.9,-6.9,-9.2,-7.8,-6.3,-4.3,-7.1,-9.3,-15.2,-8.8,-14.3,-17.4,-22.1,-15.5,-15.0,-10.1,-14.1,-13.4,-12.8,-12.0,-11.7,-8.1,-11.0,-10.6,-9.8,-18.2,-2.6,-9.2
2C7L51L4g5,0,48.10941,11.625751,4442115.16,2778649.27,542.0,587.7,302,7337,3.6,0.76,0.43,32.65,348.97,-0.53,-0.103,0.842,-1.4,0.2,0.05,0.27,0.3,0.2,-0.3,-2.1,-2.0,2.2,1.9,-1.1,-4.3,-0.1,-0.7,1.0,-2.2,0.9,10.8,2.5,0.1,1.9,2.5,-0.0,1.7,-1.2,-0.3,-6.4,-0.2,-2.0,-3.5,-0.9,-2.3,2.1,1.0,-4.0,-6.1,-17.4,-3.3,-2.5,-1.8,-2.6,4.7,-0.1,0.4,1.2,12.0,1.5,-9.5,4.1,1.0,2.3,-0.0,-5.1,-4.5,-3.1,-2.3,0.0,-5.0,-4.8,-1.7,-1.4,-0.4,-4.3,-1.8,-7.5,-3.6,-4.9,-2.5,3.4,-5.4,-3.4,-8.2,-2.5,-2.4,-7.2,-1.0,9.0,-2.0,-9.9,-3.5,2.7,-6.9,-3.3,-6.1,0.7,-4.1,-2.6,-3.3,-1.4,-5.1,-3.1,-1.0,-3.2,-3.5,0.7,-0.2,0.0,-3.9,-8.2,-6.3,-4.4,2.6,4.3,-2.0,0.4,-6.8,-4.7,-2.8,-3.1,-4.7,-2.1,-5.0,-3.8,-4.0,0.6,-3.8,2.7,-3.3,-3.3,-3.4,-4.1,-6.2,-5.5,-2.9,-4.1,-3.5,-5.5,-2.1,-6.9,0.3,-0.2,-1.3,-0.5,-1.4,-3.8,-6.0,-14.2,-4.4,-5.8,-0.0,-2.8,-5.1,-2.6,-1.4,-2.1,1.8,-5.9,-9.3,2.6,-3.6,-6.1,1.2,-8.6,-1.6,-4.1,-2.0,-1.2,-2.4,-3.8,-3.5,-4.4,-2.0,-5.0,-9.4,-5.2,-2.7,-4.9,-4.8,-11.1,-5.2,-7.4,-15.7,-7.3,2.1,-5.4,-13.5,-6.0,-6.0,-9.9,-11.3,-13.5,-9.6,-6.6,-7.5,1.5,-5.2,-5.7,-3.1,-5.9,-6.1,-6.8,-5.4,-9.1,-5.3,-8.6,-9.1,-5.7,-2.8,-9.2,-7.6,-11.7,-9.0,-6.2,-6.9,-8.5,-4.5,-6.4,-7.4,-7.1,-4.7,-5.8,-9.4,-6.6,-5.6
2C7L51L4gb,0,48.109641,11.62755,4442248.56,2778677.88,542.3,588.0,302,7369,2.7,0.84,0.37,32.66,348.97,-0.53,-0.103,0.842,-1.0,0.1,-0.34,0.21,1.2,0.2,-0.3,-2.5,-1.6,1.0,0.8,-1.3,3.5,1.7,0.3,-0.2,16.9,-0.5,-1.7,-0.8,0.7,2.3,0.6,1.4,0.9,0.4,5.9,3.1,0.3,0.1,1.3,2.9,0.1,4.3,-1.8,-0.1,-1.9,-1.4,-1.8,1.5,-0.5,-1.1,1.6,-2.4,2.4,2.7,8.4,2.2,0.0,5.9,-1.0,2.8,0.6,-1.9,-1.9,0.7,-0.2,-1.7,0.2,-0.3,-0.2,0.8,0.7,-2.7,-0.6,0.2,-2.4,-2.4,-1.1,-4.5,0.7,6.6,3.4,-2.8,0.1,-1.3,-2.0,-0.8,0.9,-1.8,1.3,1.3,2.1,0.7,-0.9,1.2,-0.5,0.0,1.8,-0.8,2.5,-1.4,0.3,-2.4,0.5,-0.0,1.8,-0.4,-1.5,-3.1,-2.0,0.9,1.9,-0.2,-0.4,1.2,-1.2,2.5,0.8,2.1,0.8,1.6,3.6,1.1,-1.2,2.3,2.3,-1.1,0.2,-0.9,-0.5,-1.2,-2.5,0.3,-2.6,-1.4,-2.3,-0.4,-0.3,-4.0,0.3,-0.2,0.5,-1.7,2.2,-0.2,2.4,-0.8,9.1,-5.1,2.8,0.2,4.2,2.3,1.9,4.1,5.5,-10.1,-0.5,-0.3,1.3,-1.9,-2.4,-4.3,-3.3,-1.6,-0.5,-0.1,-0.7,-1.1,-1.9,-0.9,-1.5,0.4,-1.7,0.5,0.0,1.1,-1.3,-3.7,0.2,-0.4,-1.6,-1.8,-3.1,-1.8,4.1,-0.1,-8.4,-3.8,-7.4,-6.7,-8.2,-5.2,-4.5,-13.6,-4.1,-4.6,-1.7,-2.8,-5.4,-4.0,-0.2,-4.5,-2.5,0.3,-0.4,3.6,-2.3,2.5,-5.5,-0.7,-1.4,-2.7,-5.7,-1.6,2.3,-3.7,-5.3,-3.2,-5.6,-4.0,-9.5,-4.2,-6.9
2C7L51L4gz,0,48.109818,11.62893,4442350.95,2778699.84,541.7,587.4,302,7393,4.7,0.57,0.5,32.66,348.97,-0.53,-0.103,0.842,-1.0,0.2,0.14,0.36,1.5,0.3,-0.3,9.5,1.4,0.2,12.0,2.2,13.6,0.9,-1.4,-11.3,5.0,-10.7,-1.3,1.1,-6.2,-10.4,5.5,2.8,3.4,6.8,3.0,-0.4,5.0,-1.1,-0.4,6.7,5.4,1.0,7.8,-3.1,1.7,0.5,-0.6,9.1,7.2,-6.2,-1.7,1.4,3.9,3.4,3.5,-2.8,-2.5,1.8,-0.9,2.6,-2.6,0.0,-4.3,3.0,-2.1,-6.0,1.8,0.4,-7.8,-1.2,-4.2,-1.0,11.0,7.5,-0.2,-1.4,3.6,1.0,-1.6,2.6,1.9,-2.7,9.7,3.2,5.4,-1.8,1.5,-0.3,1.6,0.4,4.8,4.6,3.0,0.0,-0.4,0.1,-2.5,-2.7,-2.1,-0.5,1.2,1.5,6.8,8.3,-1.3,1.6,-0.8,-2.8,1.9,0.2,1.3,-1.8,4.5,2.3,0.5,-0.1,0.9,10.8,2.3,3.1,4.3,1.6,-2.9,-2.0,0.8,5.5,-4.1,-2.3,-4.9,7.5,-10.3,-8.8,-1.1,-5.5,-0.6,-8.2,-4.0,-5.5,-0.6,7.0,1.1,-3.2,-1.6,0.3,0.6,0.8,-0.3,8.4,10.4,-8.2,-6.1,4.8,3.4,4.2,-2.8,-3.8,-3.6,-5.1,-1.1,-0.8,-6.1,1.9,-2.9,-6.8,-5.3,-2.9,-1.6,3.0,-3.1,-0.5,-0.8,-0.9,-4.9,-1.2,-2.4,-1.3,3.1,-1.2,8.4,4.2,-1.6,-3.9,-10.5,-3.1,-2.4,7.8,-9.5,-10.1,-14.8,-16.4,-2.8,6.0,-4.7,3.7,6.0,-11.4,-8.4,-6.1,-3.0,-6.6,-5.7,-4.8,-2.2,0.5,-0.8,-1.3,-2.1,0.1,2.0,1.1,1.8,5.4,7.4,-5.2,-1.4,7.1,-7.3,-6.8,-4.2,-4.2,-10.4,-1.5,-6.4
2C7L51L4gc,0,48.109659,11.627548,4442248.37,2778679.91,539.7,585.4,302,7370,1.8,0.93,0.24,32.66,348.97,-0.53,-0.103,0.842,-0.8,0.1,-0.23,0.14,0.5,0.1,-0.3,0.2,-1.9,-1.0,-1.1,-2.4,0.9,0.4,-1.5,-0.7,7.5,-0.8,1.6,-1.6,-0.3,0.4,0.3,-0.5,-0.0,-0.8,0.5,-2.0,-1.4,-1.8,-1.0,0.7,-0.3,-0.1,-3.1,-1.2,-2.5,-6.5,-4.4,-2.4,-3.3,-2.7,-3.2,-0.6,0.6,2.0,2.2,-0.1,-1.2,2.0,-0.8,-0.2,-1.9,-2.8,-1.1,-0.0,0.6,-0.5,0.1,0.6,0.0,-0.3,-0.0,-0.8,-1.6,-0.1,-1.3,-1.7,-0.8,-1.5,-0.9,2.5,1.4,-1.2,-2.6,-2.0,-2.2,-1.7,-0.8,-2.3,-0.4,-0.4,0.1,-1.5,-2.1,-0.2,-1.2,-2.4,-0.8,-1.3,-1.4,-2.2,-1.4,-1.6,-1.7,-0.1,0.1,-1.9,-1.9,-5.7,-3.3,-2.9,0.3,-1.7,-1.0,0.0,-0.3,0.1,-1.0,-0.1,-0.4,0.5,0.4,-0.3,-1.6,-1.0,-1.5,-1.0,-1.7,-1.3,-3.1,-2.9,-2.5,-1.7,-2.0,-2.5,-2.8,-1.6,-1.6,-4.5,-1.0,-1.0,-0.5,-4.8,-2.7,-2.4,-2.2,-3.0,-0.1,-3.2,-2.1,-3.9,-2.4,-0.7,0.2,2.3,2.6,3.4,-2.8,-0.6,-0.1,-1.8,-2.3,-6.0,-1.6,-0.8,-1.5,-2.1,-1.1,-0.7,-1.2,-2.3,-4.8,-3.2,-2.3,-3.7,-3.0,-3.3,-4.0,-2.5,-3.6,-3.9,-4.0,-1.6,-1.6,-2.3,-1.5,-3.0,-5.8,-6.6,-7.0,-2.5,-5.1,-4.6,-4.1,8.7,-4.5,-4.2,-4.2,-5.0,-3.9,-3.5,-3.1,-6.0,-2.6,-2.1,-4.3,-4.9,-4.8,-6.8,-5.0,-6.0,-4.0,-4.6,-5.5,-5.4,-2.8,-4.7,-3.6,-3.8,-4.6,-4.1,-2.4,-2.6,-3.8
2C7L51L4gd,0,48.109659,11.627547,4442248.33,2778679.91,536.9,582.6,302,7371,3.8,0.74,0.43,32.66,348.97,-0.53,-0.103,0.842,-1.0,0.2,-0.04,0.29,0.3,0.2,-0.3,0.0,-4.6,-2.0,-3.1,-3.4,0.4,1.5,-1.6,-1.0,8.3,3.2,4.4,1.3,0.4,0.7,-3.9,-1.5,5.9,-0.3,6.6,-5.4,1.7,2.0,1.8,4.1,-0.6,-0.1,7.7,2.0,-2.1,-3.3,-2.6,-4.9,-9.7,-1.6,-8.8,6.2,-0.2,3.5,-1.8,0.6,0.6,3.0,-3.8,-6.5,-9.2,3.9,0.1,1.6,1.0,2.0,1.8,0.7,-0.4,2.4,1.4,5.0,-0.6,0.8,-0.2,-0.1,-0.1,-0.1,0.5,3.3,5.4,-0.6,1.8,-2.6,-2.3,0.3,0.2,3.4,-0.5,-1.3,-0.9,-3.8,-4.5,-2.0,-0.6,-3.8,-0.7,-1.6,-0.3,0.4,0.4,-0.3,0.2,2.7,0.9,-1.3,0.1,-1.1,-2.6,-4.3,3.7,-2.5,-1.2,1.0,-2.6,15.6,0.3,1.4,0.2,4.0,0.4,-1.3,-3.0,-5.8,-4.7,-0.7,-1.5,-2.4,-4.8,-5.3,-3.2,-5.5,-2.0,-3.7,-3.4,-0.0,-3.7,-3.6,-2.5,-2.8,0.8,-9.9,-6.8,-7.2,-5.2,-0.8,-0.4,12.4,5.4,-5.8,-0.3,0.6,2.7,2.7,2.1,4.2,4.1,0.2,0.1,-3.0,-4.2,-11.4,-0.2,-1.7,-2.3,-1.6,-0.1,-1.2,-1.4,-3.7,-5.0,-3.3,0.4,-5.8,-1.1,-0.5,-6.4,-4.5,-3.4,-4.1,-9.6,-2.3,-1.4,-4.6,-3.1,-2.4,-5.7,-8.5,-8.6,2.4,-4.6,-8.9,-6.2,10.5,-6.6,-6.1,-5.9,-5.9,-1.4,-0.4,-6.5,-5.4,-4.5,-3.4,-7.0,-8.0,-1.8,-9.8,-6.8,-5.6,-5.1,-9.5,-7.8,10.4,-2.7,-2.2,-2.3,-3.9,-2.4,-3.2,-0.1,-2.2,-3.2
2C7L51L4gu,0,48.109774,11.628441,4442314.65,2778694.14,532.4,578.1,302,7388,2.8,0.82,0.44,32.66,348.97,-0.53,-0.103,0.842,-1.0,0.1,0.11,0.22,1.1,0.2,-0.3,-2.6,1.1,1.0,0.1,0.0,0.7,0.9,0.2,1.3,1.2,-0.4,1.1,1.2,0.3,3.3,1.9,-5.2,-4.5,-3.8,-2.4,-3.3,-3.2,-2.1,-3.2,-2.1,-0.7,-1.5,-1.1,-4.9,-5.9,-8.6,-7.0,-7.1,-5.2,-3.9,-2.5,-3.9,-1.5,-0.7,-2.0,-2.5,-2.7,-2.1,-3.2,-5.0,-5.6,-4.7,-5.5,-3.5,-3.2,-5.0,-4.7,-3.6,-5.0,-4.1,-6.1,-4.6,-4.3,-3.7,-2.2,-4.7,-4.7,-3.0,-5.5,-2.9,-2.2,-4.3,-4.2,-4.5,-4.4,-3.4,-3.3,-2.4,-4.0,-4.0,-3.9,-3.7,-3.2,-3.5,-6.7,-7.0,-3.2,-4.5,-2.0,-5.0,-3.5,-4.5,-6.1,-3.4,-4.5,-6.0,-4.6,-2.8,-6.8,-3.7,-5.6,-3.8,-2.1,-5.9,-4.2,-5.2,-2.8,3.6,-2.5,-3.4,-4.2,-4.8,-4.7,-8.0,-7.7,-3.9,-7.4,-8.3,-12.6,-3.8,-4.2,-3.1,-4.8,-2.0,-5.2,-3.7,-4.8,1.1,-4.6,-3.7,-3.3,-0.6,-3.5,-3.6,-5.0,-4.8,-4.5,-4.0,-6.0,-17.1,-11.0,-6.6,-7.3,-4.3,1.2,3.4,-3.1,-2.1,-2.5,-3.4,-7.2,-1.6,0.4,3.2,-2.5,-4.3,-5.4,-2.2,-5.4,-6.5,-1.6,-6.5,-6.6,2.5,-2.5,-12.0,-7.6,-4.2,-8.3,-0.3,-6.0,-6.5,-7.1,-8.8,-8.7,-7.6,-9.8,-5.2,-2.4,-7.6,-3.5,-8.6,-7.2,-8.1,-5.3,-6.0,-5.8,-9.1,-4.3,-7.3,-8.5,-7.9,-5.4,-6.5,-8.8,-4.6,-3.3,-8.0,-11.3,-19.4,-11.2,-8.6,-11.7,-5.7,-5.9,-0.4,-7.8,-9.1,-9.4,-6.3,-8.2,3.9,-7.4
2C7L51L4h0,0,48.109834,11.628913,4442349.66,2778701.64,538.4,584.1,302,7394,3.1,0.79,0.4,32.66,348.97,-0.53,-0.103,0.842,-0.9,0.2,-0.27,0.23,0.4,0.2,-0.3,2.5,0.3,0.9,2.7,0.6,1.3,0.4,-4.8,-2.9,-0.5,-4.1,-0.8,1.4,-1.2,4.7,5.2,4.2,3.7,2.3,-0.0,-0.3,-0.2,-1.4,1.1,2.8,4.3,0.3,1.7,-1.8,-0.8,-6.7,-1.9,-2.3,-2.1,-3.9,-0.2,0.5,1.3,2.2,1.2,-3.8,-4.7,1.1,-1.2,-2.1,-2.5,0.6,7.4,-5.3,-2.1,-4.5,1.7,-2.1,0.2,-0.7,2.3,0.9,2.9,1.5,0.9,-0.2,2.0,3.2,-1.5,0.3,1.4,-3.6,-3.9,0.8,4.0,-0.7,-0.9,-1.6,-0.0,-0.5,4.6,1.4,1.3,0.8,-0.8,-0.1,-3.2,-2.7,-4.4,0.7,-1.1,-1.6,5.1,2.9,-0.2,0.3,-2.3,-3.2,-1.2,-0.7,-0.5,-2.8,-0.0,1.2,-0.1,0.1,-0.5,4.4,1.0,1.1,2.3,0.4,-7.1,0.1,-0.3,1.1,0.0,1.0,-3.0,-1.9,8.2,-4.9,-1.1,-0.0,-1.8,-2.5,-2.3,0.9,1.0,3.7,3.1,6.3,-1.0,0.2,-0.1,-2.1,0.5,-7.2,-1.6,-5.3,1.6,-3.6,-6.1,0.1,-3.6,-3.0,-1.8,-5.2,-4.3,0.7,-11.3,2.2,-1.0,-2.6,-6.1,-5.6,-2.9,-3.1,-0.9,-1.3,-1.7,-3.2,-9.2,-1.5,-2.2,0.2,-0.0,-4.4,-5.6,-5.6,-2.0,-2.5,1.1,-3.3,-1.8,-0.7,-2.3,-10.0,3.5,-2.8,-3.5,1.2,-1.9,0.4,-3.5,-5.4,-3.8,-4.3,-0.3,-4.5,-0.3,-8.3,-1.4,0.2,-3.1,-2.7,-0.9,-4.6,-4.1,-0.3,3.6,2.5,-0.1,1.1,-0.1,-2.2,-9.6,-15.0,-6.8,-15.9,-1.7,-3.4,-7.5
2C7L51L4es,0,48.108875,11.621301,4441784.97,2778582.61,533.9,579.6,302,7262,2.2,0.89,0.34,32.6,348.93,-0.529,-0.103,0.842,-0.7,0.1,-0.57,0.17,0.4,0.1,-0.3,0.6,-3.4,-5.7,-3.2,-1.6,-2.8,0.1,-0.2,0.5,6.6,3.5,-0.2,2.3,1.8,-0.6,-0.6,3.2,1.0,1.6,10.4,6.8,-1.5,0.2,5.4,2.4,0.2,-2.5,-1.3,-0.6,-0.6,-13.4,-0.9,-3.2,-3.5,-1.0,-1.4,-1.3,1.3,0.1,0.7,-0.7,-2.4,-2.7,-1.3,-3.4,-1.2,-1.4,-3.3,-1.1,-1.2,0.8,3.2,-4.4,0.7,1.5,1.4,1.1,-1.4,-1.1,-0.6,-0.5,1.0,-0.6,-0.8,3.1,1.0,-1.7,1.5,0.2,-0.5,-1.5,-1.8,-1.4,-0.8,-0.0,-0.7,0.3,-1.0,-0.6,-0.7,-0.7,-0.2,0.4,1.2,0.7,0.1,-3.3,0.4,1.0,-0.8,-3.1,-0.7,-0.7,-0.3,-1.0,-1.8,-0.1,-1.8,0.2,-1.8,0.7,0.3,0.2,0.8,-1.0,0.0,2.8,-1.2,1.1,-1.3,0.3,-1.3,-1.2,-0.9,-0.2,-0.2,-1.0,-2.1,-2.7,0.1,-1.8,-0.5,-0.3,1.6,1.6,-0.5,-2.7,0.7,0.9,1.7,-6.0,-5.5,0.7,-2.5,-2.4,-3.8,1.2,-1.1,1.5,1.6,0.5,-0.2,0.7,1.2,1.2,-0.8,1.3,-0.4,-1.1,-1.7,0.4,0.6,-1.3,-0.2,-0.1,-2.1,-0.2,-0.8,-1.3,-3.0,-1.0,-4.1,3.9,-5.0,-1.5,-1.9,-1.6,2.2,-0.1,-4.1,-0.7,-5.6,-5.4,-1.1,-2.2,-3.3,-2.6,-1.9,-9.7,-0.9,-2.4,-1.0,-3.9,-4.2,-4.3,-0.9,-4.6,-4.1,-2.1,-5.4,-4.1,-2.9,-4.1,-2.1,-4.2,-5.1,-3.7,-4.1,-2.6,-3.1,-2.7,-4.0,-3.2,-4.2,-5.3,-7.9,-3.5,-2.3
2C7L51L4fc,0,48.109217,11.623962,4441982.32,2778624.93,537.0,582.7,302,7308,2.0,0.9,0.36,32.64,348.97,-0.529,-0.103,0.842,-0.3,0.1,-0.36,0.15,0.7,0.1,-0.3,-0.4,0.2,-0.1,0.4,-2.4,0.2,0.5,-0.3,1.1,0.2,1.0,1.6,2.4,-0.8,-0.4,-0.0,0.6,-1.3,-1.3,-1.6,-2.9,-2.9,-1.3,0.1,-0.4,0.4,-0.6,-1.6,-2.5,-4.3,10.3,-4.0,-5.6,-3.7,-5.1,-2.5,-2.6,0.1,1.1,0.1,-0.2,0.6,0.4,-1.8,-1.4,-0.2,0.5,-1.2,0.2,1.0,-0.2,-0.4,0.4,-0.6,-0.0,-0.6,0.0,0.2,-0.0,-0.1,-1.0,-0.0,2.2,0.4,2.0,2.6,-0.9,-1.1,-2.5,-0.4,-0.5,-0.9,1.0,0.7,-0.3,0.1,0.3,0.1,-0.6,-1.6,1.2,-2.0,0.2,-2.5,-1.9,-1.3,-2.1,-2.1,-2.2,-1.1,-3.5,0.2,-1.6,-2.0,0.3,-0.7,0.2,-0.7,2.1,0.5,0.2,0.9,-0.9,-0.1,-1.1,1.2,0.0,-0.4,0.7,-1.5,-1.9,-1.3,-1.0,-0.8,-1.1,-1.7,-0.7,-0.4,-0.9,0.0,3.3,-1.5,0.8,-0.1,-0.6,-0.5,-0.3,-0.2,1.4,0.4,-2.3,-0.7,3.0,0.2,-1.9,0.1,-0.0,-1.0,2.4,4.3,3.5,1.6,0.5,-0.5,-0.4,0.9,4.3,2.4,0.9,-2.0,4.5,-1.2,0.3,0.2,0.9,1.3,0.6,-5.2,-5.2,0.5,0.2,-5.5,-3.1,-3.9,-3.6,-0.4,1.6,-0.6,-0.2,-1.0,-2.6,-5.2,-1.0,-0.6,0.4,2.1,-5.9,0.1,-6.6,-2.7,-2.0,-2.5,-2.6,-0.9,1.7,-4.8,1.7,-1.1,-3.2,-1.3,-8.6,5.1,-1.8,-3.0,-5.8,-5.2,-1.2,-2.0,-2.9,-2.7,0.5,-0.5,-2.5,0.4,-1.1,1.2,1.2,-1.9
2C7L51L4gL,0,48.109546,11.626522,4442172.27,2778665.67,536.3,582.0,302,7353,2.7,0.83,0.38,32.65,348.97,-0.53,-0.103,0.842,-0.7,0.1,-0.54,0.21,1.0,0.2,-0.3,2.3,5.7,-3.7,1.0,-1.7,1.2,-2.3,-0.6,-2.4,-3.3,-1.9,3.9,-1.8,1.6,-1.8,-0.3,-4.2,-1.2,-3.9,-2.8,2.0,-1.9,-2.6,-2.7,-3.6,-1.4,2.4,0.1,-3.7,-7.2,5.8,-8.3,-7.1,-4.9,-6.7,-4.3,-4.2,-1.3,-0.2,-0.4,-0.8,-0.6,-1.2,-4.9,-5.3,-3.1,-1.8,-2.0,-4.1,-1.9,-2.5,-3.0,-4.6,-1.6,-2.6,-2.3,-1.4,-0.0,-1.6,-1.3,-2.5,-1.3,-4.6,-3.4,-2.7,-2.5,-2.2,-7.8,-3.4,-1.4,-4.3,-0.4,-2.3,-2.9,-2.3,0.0,-1.7,-1.5,-1.3,-2.0,1.5,-4.5,-2.1,-4.1,-3.4,-2.7,-2.6,-2.2,-2.5,-7.3,-7.4,-5.2,-1.1,-6.8,-3.6,-1.2,1.8,-4.1,-0.4,-3.4,-0.5,-2.8,-3.1,-1.5,-0.3,-3.0,-3.8,-3.3,-1.7,-2.8,-2.7,-3.5,-3.2,-4.0,-0.9,-2.3,-4.2,-2.7,-1.3,-8.1,-0.8,4.0,-4.6,3.3,0.2,0.1,-0.6,-2.1,-2.0,-5.2,-3.7,-5.6,-0.4,-5.3,-2.9,-2.6,-2.5,-1.1,4.2,2.8,-2.0,-2.0,-0.5,1.4,-1.0,-1.7,-5.2,-1.3,1.1,-3.8,-0.6,-3.4,-0.1,-0.2,-2.6,-1.8,-0.6,-3.9,-2.0,-4.8,-1.9,-7.9,-1.0,-6.8,-8.6,-2.6,-6.3,-4.1,-4.8,-6.1,-5.2,-6.4,11.0,-5.6,-5.7,-5.0,-1.6,-5.3,8.4,-7.1,-4.1,-5.4,-2.5,-6.8,-4.8,-3.7,-7.7,-3.7,-4.2,-7.7,-8.0,-9.0,-10.5,-7.8,-9.1,-4.9,-5.0,-6.6,-8.2,-3.4,-6.0,-9.6,-9.1,-3.5,-3.8,-2.7,-5.2,-3.9
2C7L51L4gT,0,48.109603,11.626968,4442205.31,2778672.76,534.5,580.2,302,7361,1.7,0.9,0.34,32.65,348.97,-0.53,-0.103,0.842,-0.8,0.1,-0.12,0.13,1.7,0.1,-0.3,0.6,-0.8,-1.0,-0.8,-1.8,2.1,-0.6,-1.3,0.0,-0.8,0.9,2.6,0.6,-0.8,-1.2,-0.7,-1.1,-3.3,-4.5,-4.5,-3.1,-3.9,-2.5,-4.7,-2.0,-1.5,0.0,-0.3,-2.4,-4.5,-10.4,-7.1,-2.6,-3.3,-5.8,-3.6,-1.5,-2.5,0.0,0.6,-0.5,-1.0,-1.0,-1.9,-1.1,-1.1,-2.1,-1.3,-1.9,-1.5,0.8,0.5,0.8,-0.4,0.2,-2.2,-0.2,0.0,-0.6,-0.3,-0.9,-0.4,0.3,0.3,2.6,0.6,-0.1,-1.1,-1.4,-1.5,-1.9,-0.7,-1.9,0.4,-1.3,-1.3,-0.4,-2.0,-3.1,-4.1,-4.6,-3.6,-3.8,-3.4,-3.5,-3.7,-3.0,-2.8,-5.0,-4.3,-4.4,-3.1,-7.6,-7.0,-4.1,-3.9,-1.1,-3.6,-3.1,-3.8,-1.8,-3.9,-4.8,-3.5,-2.4,-3.5,-2.4,-2.6,-2.2,-1.9,-3.8,-1.6,-1.9,-2.7,-1.9,-1.6,-1.2,-0.3,0.8,-1.1,-0.8,0.3,-0.3,-1.8,-2.1,-1.1,-1.3,-3.1,-3.2,-4.9,-4.1,-4.3,-1.6,-2.6,-5.8,-4.8,-4.3,-1.6,0.1,1.2,-1.2,-0.4,-0.1,-6.1,0.1,-0.6,-2.5,-0.2,-1.3,-4.1,-2.7,-0.8,-3.0,-3.6,-2.8,-5.2,-5.2,-4.6,-3.9,-7.5,-5.6,-4.4,-7.7,-7.7,-9.7,-3.7,-4.8,-6.1,-4.7,-5.6,-5.2,-8.6,-12.0,-3.9,-1.8,-2.4,-5.3,-3.3,-5.4,-3.9,-5.2,-2.3,-3.0,-3.5,-3.8,-2.3,-6.0,-4.6,-5.1,-5.9,-5.6,-5.5,-7.5,-4.8,-6.5,-6.6,-4.8,-5.2,-4.4,-2.4,-3.1,-4.7,-3.3,-3.3,-3.3,-5.0,-4.6,-5.4
2C7L51L4fj,0,48.10928,11.624311,4442008.22,2778632.56,535.8,581.5,302,7315,2.0,0.89,0.28,32.64,348.97,-0.529,-0.103,0.842,-0.6,0.1,-1.0,0.15,0.7,0.1,-0.3,-0.2,1.0,2.1,1.8,1.4,-1.2,1.3,0.4,1.6,-2.3,3.4,1.4,0.8,3.0,1.0,2.7,2.0,1.1,4.0,2.4,-0.9,-1.6,1.1,2.0,3.0,6.0,-0.7,1.0,-0.2,-2.4,13.6,-2.1,-0.9,-0.4,-2.3,0.5,1.6,2.0,5.7,1.8,0.8,0.7,2.0,2.4,-0.8,1.0,-0.9,-0.8,0.4,0.7,-1.5,0.5,-0.9,1.7,2.0,1.7,1.1,1.3,1.1,0.5,0.1,-0.0,2.9,3.6,2.6,2.3,2.0,-0.5,2.4,1.1,0.0,0.6,-0.5,2.0,4.9,5.1,5.8,5.2,4.4,3.2,3.6,1.0,1.3,0.5,1.4,2.9,3.6,3.3,3.4,2.0,2.0,1.8,-1.8,-0.3,1.7,0.8,0.6,3.1,3.5,2.2,2.6,2.9,2.3,1.8,2.9,3.9,2.7,1.4,4.9,1.0,3.0,2.9,0.5,1.4,0.6,2.2,1.1,-1.8,0.1,-0.6,-0.4,1.3,2.5,3.9,5.2,2.7,1.8,3.1,2.2,1.7,-0.4,5.1,0.1,1.4,3.7,3.4,3.6,3.8,4.6,3.2,-1.2,-2.3,-0.1,1.6,-1.3,0.1,-2.9,1.4,0.8,4.0,0.8,1.8,4.2,5.9,3.4,3.8,1.3,2.2,2.9,2.5,0.2,-1.4,2.3,-1.2,-1.4,-1.5,3.2,4.2,-0.2,-0.3,-2.5,-3.8,-3.6,-2.2,-4.2,-2.3,-2.8,-1.3,0.6,0.8,1.0,-2.2,-0.7,-3.4,0.0,1.4,-2.6,-1.5,-2.2,-2.6,-1.5,-2.6,-4.1,-2.7,-2.5,-2.4,-1.7,-3.4,-4.7,-1.4,-2.2,-2.9,-0.3,-2.6,-1.1,-3.4,-0.7,-1.5
2C7L51L4h7,0,48.109921,11.629303,4442378.51,2778711.97,538.8,584.5,302,7401,2.1,0.85,0.29,32.66,348.97,-0.53,-0.103,0.842,-0.4,0.1,-0.46,0.16,2.4,0.1,-0.3,0.0,-0.0,0.5,0.4,0.3,0.1,0.2,0.4,-0.0,-1.9,-0.8,-0.9,0.1,-0.8,0.7,-5.5,-3.9,-4.3,-5.0,-6.5,-5.7,-4.4,-4.5,-5.1,-6.6,-3.5,-3.3,-2.5,-2.8,-6.9,-20.5,-7.9,-5.5,-4.4,-6.1,-4.3,-0.7,0.1,3.5,-1.3,-0.5,-2.0,-2.2,-5.0,0.1,0.2,-1.5,-2.2,-1.0,-0.8,-0.4,-0.0,-0.1,-1.9,-2.4,-1.4,-0.0,-2.4,1.2,1.6,1.4,-2.8,-1.4,1.3,-1.1,0.7,-0.8,-0.2,-0.7,-1.7,-1.7,-0.4,0.5,0.1,1.5,-6.6,-5.1,-2.6,-4.3,-4.6,-3.6,-5.4,-4.2,-3.5,-3.9,-5.3,-3.7,-4.4,-4.1,-5.4,-5.1,-5.6,-7.4,-5.7,-5.9,-4.0,-2.1,-4.3,-2.6,-1.9,-0.0,-4.2,-2.7,-0.6,-1.4,-0.2,-2.0,-0.8,-3.0,-3.3,-3.7,-1.4,-1.7,1.1,2.1,0.6,-1.9,-0.8,0.3,-1.0,-1.6,-0.8,-3.6,-1.0,-3.5,-3.4,0.1,-2.4,-3.5,-3.0,-3.3,-3.8,-3.6,-4.6,-6.7,-5.6,-4.8,-7.4,-1.7,-0.0,-0.8,-3.6,-2.5,-2.0,-1.2,-0.5,-3.3,-0.5,2.0,2.2,1.0,1.5,0.4,-1.3,0.7,-2.4,-2.0,-3.7,-1.0,-1.2,-6.9,-5.1,-3.8,-7.9,-7.6,-1.4,-2.8,-4.7,-4.9,-4.1,-4.4,-7.8,-0.7,-3.2,-3.6,-4.2,-3.0,-2.9,2.2,-2.3,-3.8,-5.3,-5.8,-4.4,-2.6,-1.2,-2.9,-2.8,-5.6,-6.3,-5.9,-7.1,-8.1,-7.7,-6.1,-7.1,-7.1,-6.0,-6.8,-4.4,-2.1,-3.5,-3.8,-3.8,-4.3,-2.7,-1.5,-2.1
2C7L51LLhs,0,48.10891,11.621285,4441783.73,2778586.47,540.1,585.8,303,7260,2.0,0.89,0.36,32.6,348.93,-0.529,-0.103,0.842,-0.5,0.1,-0.32,0.15,1.7,0.1,-0.3,0.6,-1.4,-5.1,-2.9,-1.6,1.5,-1.8,1.6,-0.1,3.1,0.1,4.4,-1.0,3.0,0.2,-1.7,0.9,-1.6,-2.1,-3.4,-2.1,-4.0,-3.4,-2.6,-3.5,-1.3,-1.5,0.9,-0.9,-5.3,-17.1,-6.1,-7.0,-6.1,-5.8,-4.0,-4.4,-0.9,-0.6,-0.4,1.3,-2.4,0.4,-2.2,-2.8,-3.3,0.1,-1.9,-1.9,-1.7,-1.6,-0.3,-0.6,0.7,1.6,-1.4,-0.5,-1.1,0.7,-0.4,-0.2,-2.1,-3.9,0.0,1.6,1.6,0.7,-4.5,-0.7,4.8,2.4,-0.6,-0.8,-0.8,-2.1,-0.5,-3.1,-0.6,-3.2,-3.9,-1.0,-3.5,-1.3,-1.9,-2.8,-4.3,-4.7,-4.8,-5.5,-4.4,-3.6,-2.9,-2.4,-5.4,-2.6,-0.7,-0.9,-3.0,-1.4,-1.5,-0.0,-3.7,-3.3,-1.8,-2.3,-3.9,-3.1,-5.0,-3.1,-2.5,-1.8,-0.4,0.4,-0.8,1.0,0.5,-2.7,-1.2,-0.4,0.8,-1.1,0.2,2.7,-0.2,0.3,0.6,0.6,-0.7,-0.4,-2.4,-8.2,-5.5,-2.7,-5.7,-4.2,-4.4,-3.2,-1.6,0.2,-0.1,-1.0,-0.7,-1.5,-2.8,-0.7,-1.7,1.4,-2.4,-2.1,-2.3,-2.3,-1.4,-2.0,-3.3,-3.6,-3.9,-2.8,-4.1,-3.2,-2.5,-6.6,-6.0,-2.2,-3.0,-6.2,-0.1,-4.0,-1.3,-1.6,-2.4,-2.3,-4.0,-3.5,-2.5,-1.5,-2.0,-3.1,-2.0,4.3,-1.5,-3.1,-3.1,-2.0,-4.3,-2.9,-2.8,-3.8,-4.2,-5.9,-3.8,-4.3,-5.3,-5.3,-5.5,-5.6,-4.7,-3.8,-3.6,-5.2,-4.8,-3.8,-3.4,-3.6,-2.9,-2.2,-3.3,-2.9,-4.2
2C7L51LLht,0,48.108922,11.621376,4441790.42,2778587.9,541.7,587.4,303,7261,3.1,0.79,0.45,32.6,348.93,-0.529,-0.103,0.842,-0.1,0.2,-0.48,0.24,1.6,0.2,-0.3,1.1,3.2,-3.4,2.7,-2.4,2.1,-1.7,-0.7,-0.2,0.9,2.3,3.4,0.8,-8.8,-3.0,-2.5,0.4,1.0,-2.9,-0.3,0.3,-3.0,-3.7,0.5,-2.1,1.1,-0.5,1.0,-3.0,-5.3,-16.2,-4.0,-6.0,-2.4,-4.8,-3.2,-2.2,0.7,-0.0,0.4,-0.7,-1.6,0.1,1.7,0.4,-1.6,-0.4,-0.9,0.4,0.2,-0.9,-2.2,-0.7,-1.0,-0.5,-0.7,1.0,2.1,-3.5,-1.6,1.1,-1.0,-1.7,0.8,1.9,1.4,-0.1,-2.4,12.6,-11.7,-10.9,5.9,-4.6,-3.2,1.3,1.6,-2.1,-0.6,-4.0,-5.1,-6.9,-0.9,-2.9,-4.0,-3.1,-2.2,-4.5,-2.7,-4.4,-3.4,-2.8,-1.5,-3.2,-3.7,2.5,-2.8,0.2,-2.7,-3.0,0.7,-1.6,-2.8,-3.5,-2.4,-1.5,-5.9,-3.0,-4.1,-2.5,-3.6,-2.4,1.5,3.5,5.4,5.0,7.2,-2.2,2.0,5.2,5.8,6.5,6.3,9.3,3.8,7.7,4.9,1.8,3.8,-0.2,-2.5,-6.6,-2.6,0.7,-1.2,-0.3,-1.3,-0.4,-0.3,0.4,2.3,-1.0,-0.5,-1.2,1.0,2.6,1.4,-1.5,-2.1,-0.1,-2.3,-2.2,-0.5,-0.1,-1.9,-3.4,-3.0,-0.4,-1.8,-2.5,0.4,-2.9,-3.8,0.3,0.7,-2.2,0.8,-0.6,1.6,1.5,0.2,-2.5,-3.3,-1.4,-0.8,-0.4,-1.7,-0.1,-1.5,-12.5,0.3,-1.0,-0.4,-1.0,-4.4,-0.5,0.4,-3.2,-2.6,-4.3,-0.8,-2.5,-3.5,-4.4,-3.3,-3.1,-1.4,-1.4,-1.7,-1.7,-2.6,-2.2,0.3,-0.8,0.0,0.1,0.4,1.7,-1.8
2C7L51LLiE,0,48.109064,11.622484,4441872.61,2778605.54,536.5,582.2,303,7282,3.9,0.7,0.5,32.61,348.93,-0.529,-0.103,0.842,-1.4,0.2,-0.03,0.3,2.3,0.3,-0.3,3.1,0.1,-0.4,-1.4,-1.8,1.0,-1.0,-0.3,-1.5,-0.5,-0.2,1.2,-2.8,-0.6,-2.5,-2.6,-1.8,-3.5,-2.6,0.9,-3.0,-4.4,-1.9,0.6,-2.1,-3.4,-4.2,-3.6,-3.7,-8.2,-21.4,-9.5,-8.7,-8.7,-6.2,-17.2,-9.2,-5.0,1.0,9.9,-0.8,-3.3,-4.5,-6.7,0.7,-2.8,1.3,-3.4,-2.5,-1.7,-2.4,-3.3,-2.9,-2.1,-2.9,-4.4,-2.4,-2.2,-0.5,-0.1,0.8,-0.0,10.4,-2.0,1.0,0.0,-0.1,-0.1,-1.2,-1.2,-1.7,-3.1,-3.3,-3.1,0.5,-0.8,2.5,0.5,-0.6,1.2,2.5,-5.6,-1.0,-6.6,-6.6,-9.2,-5.7,-10.5,-17.2,-0.8,-3.4,0.8,-6.0,-5.9,6.7,2.2,-3.2,2.1,1.3,-14.9,-7.3,2.1,-1.8,-4.3,-7.3,-5.5,-2.7,-1.7,-3.2,-3.7,-5.4,-4.2,-2.4,-4.0,-5.7,-6.5,-4.7,-3.8,-3.0,-2.7,-4.3,-5.4,-5.1,-5.6,-5.3,-2.0,-3.7,-5.2,-6.7,-10.9,-16.8,-12.9,-11.2,-17.6,-6.7,-5.4,-2.1,-2.9,-5.0,-1.9,-1.6,-2.8,-1.9,-4.0,-3.2,-6.2,1.5,-4.9,-4.5,-7.3,-15.0,-6.7,-1.8,-4.4,-9.2,-7.4,-5.0,-8.7,-8.2,-9.8,-8.9,-5.0,-6.3,-9.8,-9.5,-7.3,-9.7,-7.2,-8.2,-8.3,-10.0,-14.7,-4.5,-4.9,-3.5,2.0,-4.8,-6.8,-1.3,-5.8,1.1,-6.7,-8.6,-5.9,-5.6,-3.9,-1.9,-7.4,-12.9,-16.2,-11.0,-10.0,-11.1,-10.3,-15.5,-7.8,1.3,-5.6,-9.0,-6.5,-9.3,-7.0,-10.4,-11.2,-4.5,-7.5,-5.6,-8.8
2C7L51LLiK,0,48.109104,11.62279,4441895.33,2778610.41,536.3,582.0,303,7288,2.6,0.82,0.4,32.61,348.93,-0.529,-0.103,0.842,-0.5,0.1,-0.22,0.2,2.1,0.2,-0.3,-2.3,-2.1,-2.1,-2.5,-2.3,-1.5,-0.3,-2.9,-2.3,-0.1,-1.8,0.8,0.3,-2.0,-3.2,-3.1,-0.3,-2.5,-2.6,-2.4,-3.7,-4.3,-3.0,-2.2,-2.2,0.1,-3.4,-6.5,-4.9,-8.2,-20.3,-6.7,-9.4,-8.2,-8.5,-5.8,-4.1,-0.9,-2.5,-2.6,-2.5,-2.1,-1.2,-3.0,-3.7,-4.5,-0.7,-1.7,-3.4,-1.0,-2.9,-2.2,-2.0,-3.1,-2.0,-3.6,-0.6,-3.1,-2.9,-2.4,-3.6,-3.7,-0.5,-2.6,-4.5,-0.6,-3.1,-4.0,-3.8,-4.3,-0.1,-2.1,-3.0,-2.0,-1.7,-1.3,-1.1,-4.2,-2.6,-4.0,-3.0,-2.8,-1.5,-3.0,-2.5,-2.6,-5.6,-5.5,-6.8,-5.6,-7.8,-6.0,-10.4,-7.8,-7.8,-3.9,-3.1,-4.4,-2.5,-3.2,-3.1,-3.3,-3.5,-2.7,-3.3,-4.9,-5.6,-3.8,-1.7,-3.7,-4.2,-2.7,-5.0,-5.1,-5.4,3.3,-6.4,4.9,-2.4,-6.0,-9.0,-5.1,-1.5,-3.2,-5.3,-5.1,0.8,-5.2,-2.9,-8.9,-12.5,-9.1,-9.6,-9.2,-9.5,-7.6,-4.2,-3.9,-2.7,-2.2,0.5,-3.9,-4.1,-2.7,-1.8,-2.8,-1.0,-1.9,-2.3,-2.4,-0.3,-1.6,-1.2,-3.9,-3.5,-3.2,-4.1,-4.1,-2.7,-3.0,-6.1,-9.6,-6.3,-9.7,-6.7,-6.5,-5.0,-3.2,-5.2,-3.6,-3.4,-6.1,2.9,3.5,5.3,0.7,1.7,-5.4,0.5,-0.4,-3.8,-3.3,-6.2,-3.2,-6.0,-4.2,-8.6,-7.1,-11.8,-7.2,-6.8,-1.2,-6.6,-7.4,-11.6,-5.8,-4.9,-8.2,-8.4,-7.2,-8.8,-6.5,-6.3,-4.4,-5.1,-5.5,-5.0,-6.6
2C7L51LLhq,0,48.108928,11.621277,4441783.07,2778588.39,545.5,591.2,303,7258,3.1,0.78,0.39,32.6,348.93,-0.529,-0.103,0.842,-0.5,0.2,0.1,0.24,1.3,0.2,-0.3,-0.4,-1.6,-1.4,-1.6,-1.9,0.9,-1.5,0.5,-1.2,-0.2,0.8,0.1,-0.4,1.2,2.3,-0.8,-1.8,-0.7,-0.7,-3.3,-1.8,-1.8,0.3,-1.3,-3.4,-1.7,-0.5,0.1,-2.8,-3.1,6.3,-0.7,-2.7,-5.0,-4.4,-4.0,-3.2,2.6,-1.0,0.7,0.1,-2.8,1.4,-1.2,-1.9,-0.1,-1.1,-0.4,4.4,1.4,-4.2,-3.4,-2.6,-4.8,-2.3,-6.2,-4.4,-4.6,-5.5,-5.3,-6.7,-6.2,7.2,-7.3,-3.8,-1.3,-6.3,-1.3,-3.3,-2.9,-0.8,-2.7,-2.5,-3.5,-2.4,-2.9,-0.8,-1.5,-2.5,-4.0,-4.0,-6.3,-4.7,-4.0,-5.3,-5.2,-5.7,-5.0,-4.3,-6.0,-5.3,-3.0,-3.0,-5.8,-5.9,-8.3,-3.2,-4.7,-5.7,-7.4,-5.1,-0.0,-2.4,0.3,1.5,-3.2,3.2,1.9,3.2,12.4,-1.8,0.8,2.7,1.4,4.6,0.5,-0.5,1.3,1.1,3.9,0.8,0.5,1.3,-0.5,2.9,0.7,0.1,0.0,-0.5,-1.6,-5.0,-6.1,-3.0,-5.7,-3.8,-3.6,-2.1,-1.2,-0.6,-0.4,-0.3,-1.6,-5.5,0.9,-0.7,0.2,0.3,0.2,-2.0,-0.2,-1.0,1.4,-6.6,-4.1,-4.0,-2.5,-4.2,-4.9,-5.6,-4.6,-8.6,-6.1,-6.2,-7.6,-5.3,-0.0,-3.4,-0.8,-3.2,-4.5,-2.3,-3.7,-8.6,-6.8,-3.8,-3.2,-4.6,-6.1,-0.7,-4.9,-6.5,-4.3,-4.0,-5.6,-3.5,-7.0,-3.7,-6.3,0.9,8.4,-1.1,-2.5,-4.9,-2.1,-9.6,-8.4,-5.0,-8.2,-4.2,-3.5,-1.1,-2.8,-5.4,0.8,-0.4,4.4,7.7,-7.1
2C7L51LLhr,0,48.108914,11.621169,4441775.03,2778586.68,537.5,583.2,303,7259,1.8,0.91,0.22,32.6,348.93,-0.529,-0.103,0.842,-0.7,0.1,-0.31,0.14,1.7,0.1,-0.3,0.8,0.0,-0.0,-1.1,0.2,0.3,-0.4,-1.7,-0.8,0.5,1.2,1.8,-0.7,-1.2,-1.5,-1.4,-2.0,-4.5,-1.6,-5.1,-3.2,-2.9,-0.2,-3.9,-4.8,-2.4,0.6,0.4,-2.0,-4.9,-19.6,-6.8,-6.7,-7.3,-5.6,-5.1,-6.0,-1.1,-1.8,-2.2,-0.3,-2.4,-1.2,-3.3,-2.4,-1.7,-1.3,-2.9,-1.5,-1.8,-2.2,-1.6,-0.2,-0.0,-0.2,-1.6,-1.8,-2.7,-2.1,-1.9,-1.9,-2.1,-3.9,-2.2,-2.5,-1.7,-1.5,-1.6,-1.0,-0.9,-0.6,-2.8,-2.4,-2.6,-2.4,-3.0,-1.4,-1.6,-3.3,-2.7,-2.5,-4.5,-3.9,-4.0,-3.2,-6.5,-3.2,-5.8,-5.9,-4.2,-3.5,-3.0,-3.5,-5.3,-4.5,-1.9,-2.4,-5.7,-3.1,-2.4,-2.8,-2.7,-2.2,-2.3,-2.2,-3.7,-2.0,-1.6,-1.5,-1.3,-2.6,-1.6,-1.6,-1.1,-0.3,-1.8,-2.7,-2.0,-1.6,-1.2,-2.1,-2.1,-1.3,-2.4,-1.0,-3.9,-1.3,-3.0,-2.7,-4.0,-8.5,-5.1,-2.6,-6.4,-4.8,-5.7,-2.3,-1.6,-0.6,0.2,-2.0,-1.5,-2.3,-3.2,-2.4,-3.7,0.8,-1.9,-2.5,-4.3,-1.8,0.1,-4.6,-4.1,-3.8,-4.6,-3.7,-4.0,-5.3,-3.5,-7.4,-6.0,-3.9,-6.1,-5.6,-1.2,-5.3,-2.8,-3.1,-2.8,-2.9,-5.7,-7.2,-3.2,-2.6,-2.8,-5.1,-4.7,-1.7,-2.7,-4.7,-4.2,-3.9,-6.1,-5.1,-5.8,-4.4,-7.8,-8.5,-9.6,-4.6,-7.1,-6.5,-8.6,-9.1,-6.9,-5.7,-7.4,-5.7,-4.7,-2.7,-4.0,-4.5,-4.0,-3.8,-4.9,-5.1,-5.4
2C7L51LLiC,0,48.109056,11.622273,4441856.91,2778604.25,533.9,579.6,303,7280,3.9,0.68,0.5,32.6,348.93,-0.529,-0.103,0.842,-0.5,0.2,-0.94,0.3,2.0,0.3,-0.3,1.6,2.3,1.0,0.7,-0.3,0.5,1.2,-0.8,-0.1,-1.7,0.4,-0.3,-2.0,-1.9,-2.2,-4.3,-3.3,-1.3,-5.7,-5.0,-2.1,-1.7,-3.2,-2.7,-4.1,-1.5,0.6,-0.1,0.3,-8.3,-14.5,-7.7,-5.8,-2.2,-5.9,-6.2,-5.7,1.2,-1.6,-2.9,-2.6,-2.0,-4.2,-5.9,-8.5,-5.3,-0.8,-2.1,0.1,-6.3,-2.8,-1.6,2.8,-4.3,-3.0,-2.2,-1.2,1.7,0.3,1.5,2.0,-2.1,1.1,-2.1,-0.9,-0.1,-0.3,-1.9,-3.1,-0.7,-0.8,-2.3,-2.4,-2.0,-3.1,1.1,-0.9,-0.7,-0.3,-2.7,0.0,-3.6,-3.7,-4.1,-2.1,-4.2,-4.6,-14.4,-5.2,-2.6,-7.3,-2.5,1.9,-3.9,10.1,-7.1,-0.9,-0.4,-2.5,-0.5,3.1,5.4,-2.2,-1.9,-5.6,-10.4,-4.4,3.6,2.5,4.9,0.2,1.2,2.2,0.1,-1.4,1.0,-1.8,0.7,0.9,-1.0,-2.7,2.2,-1.3,2.6,0.5,1.6,-2.6,-1.0,-0.7,-2.2,-13.9,-6.6,-4.4,-14.1,-12.4,-11.7,8.6,0.6,-0.9,5.7,4.2,1.5,12.2,-3.4,-0.8,4.1,1.6,2.6,2.5,-0.1,-3.6,-0.4,-7.6,-8.6,-1.7,6.7,0.6,-4.4,3.6,-2.2,-4.1,-4.5,-0.7,3.4,-6.5,-5.1,-4.8,-5.0,-5.6,-2.8,-8.7,-8.5,-1.4,2.6,0.6,-3.4,-6.8,-1.1,-6.7,-3.2,-1.7,-3.2,-3.2,-1.7,3.9,-6.5,-1.6,-3.7,0.5,-6.4,-3.7,-12.9,-20.0,4.7,-13.0,-0.6,-1.8,-3.5,-5.4,-5.0,0.5,-4.7,-8.6,-6.4,-5.7,-6.6,-4.7,-4.6
2C7L51LLiP,0,48.109171,11.62317,4441923.5,2778618.52,540.2,585.9,303,7293,2.0,0.93,0.28,32.61,348.93,-0.529,-0.103,0.842,-0.7,0.1,-0.2,0.15,0.6,0.1,-0.3,-1.0,-0.8,-0.4,-1.4,-1.3,2.5,-0.3,-0.0,0.6,3.4,0.8,4.1,0.1,0.2,-0.6,-0.6,-0.2,-1.2,-1.7,-1.9,-2.4,-3.2,-0.7,-0.6,-0.5,0.4,0.3,-2.0,-0.7,-4.5,-16.6,-3.5,-4.7,-4.4,-4.1,-3.3,-3.1,0.6,1.0,-0.0,-0.1,0.0,0.4,-0.5,-0.9,-1.1,-0.6,-2.2,-2.0,-1.5,-1.0,-0.8,-0.5,-0.5,-1.1,-0.8,-0.4,-0.8,-1.1,-0.9,-1.9,-1.7,-4.3,-0.8,-0.8,2.0,-2.2,-3.7,-1.5,-1.3,0.1,-1.6,-0.1,-1.2,-0.2,-0.9,-1.4,-1.9,-1.3,-2.3,-1.2,-3.0,-1.5,-2.1,-1.8,-1.4,-2.8,-1.1,-3.6,-2.8,-2.6,-1.9,-1.5,-3.2,-1.3,-1.6,-0.3,-1.0,0.3,-0.4,0.5,1.3,-0.6,-0.7,-1.3,-0.6,-0.3,0.6,-0.8,-2.2,-1.8,-1.5,-2.2,-2.3,-1.4,-0.8,-2.4,-3.8,-2.1,-2.8,-0.6,-1.8,-3.3,-1.9,-1.4,-1.2,-1.5,-0.3,-0.8,-2.0,-5.0,-3.9,-1.2,-3.2,-3.4,-2.7,-2.3,-0.9,0.2,0.7,-1.8,-2.5,-2.4,-0.9,-1.7,-3.6,-8.3,-3.0,-2.0,-2.4,-0.2,-2.3,-3.0,-4.4,-2.7,-2.8,-4.9,-3.8,-2.0,-2.0,-3.5,-5.4,-2.5,-4.1,-6.5,-1.9,-3.8,-2.2,-2.1,-2.8,-3.6,-5.6,-3.8,-3.2,-1.8,7.7,-6.3,-3.2,5.4,-4.0,-4.5,-3.9,-3.5,-5.1,-4.8,-2.8,-2.4,-3.9,-4.8,-4.4,-4.5,-2.9,-4.4,-5.3,-6.2,-4.2,-3.3,-4.7,-3.6,-2.3,-5.1,-3.7,-4.4,-4.0,-3.8,-6.6,-4.8,-5.1
2C7L51LLin,0,48.10933,11.624408,4442015.27,2778638.21,535.5,581.2,303,7317,3.3,0.76,0.41,32.64,348.97,-0.529,-0.103,0.842,-0.7,0.2,0.14,0.25,1.9,0.2,-0.3,0.1,-2.7,-1.5,0.7,-1.8,1.4,-0.9,1.9,0.3,-2.3,2.1,-0.1,1.2,1.9,1.9,2.0,2.1,0.3,-2.7,-5.1,-5.2,-4.9,-4.5,-2.1,1.0,-3.1,-5.1,-5.3,-6.5,-4.6,-16.8,-3.5,-6.6,-7.3,-7.2,-3.7,-3.7,-3.1,-3.8,-2.4,-6.2,1.1,-5.4,-1.9,-15.9,-16.7,-2.9,1.9,7.6,8.3,-1.1,-5.4,-6.7,-1.0,-0.9,-0.9,5.3,-2.8,-2.0,-1.4,-2.1,-2.2,2.7,-1.3,-1.3,5.8,-4.4,-1.5,-3.0,-2.3,-10.1,-5.4,-6.7,-3.5,-2.2,-0.5,1.1,-1.9,-3.1,-2.9,-6.0,-3.5,-1.4,-6.7,-6.0,-4.6,-3.9,-3.3,-6.2,-4.3,-6.4,-6.0,-9.0,-3.4,0.2,-4.9,-7.5,-5.6,2.4,-4.8,-4.5,-2.5,-3.7,-5.9,-2.7,-3.0,-0.7,-2.7,-4.2,-10.6,-2.4,-3.6,-1.4,-6.3,-2.0,-0.8,-5.6,-3.2,-4.8,-2.2,-4.0,-4.5,-2.8,-4.7,-2.1,-1.4,-3.5,-2.1,-3.9,-2.3,-4.3,-3.1,-3.5,-7.5,-3.8,-6.0,0.0,-5.3,-2.5,0.9,-12.4,-4.1,-3.4,-0.7,-2.6,-3.4,0.4,-6.9,-4.6,-5.7,-1.4,-0.6,-0.6,-8.3,-2.2,-3.1,-2.7,-7.5,-3.4,-5.7,-8.6,-9.3,-3.6,-8.7,-5.9,-1.0,-2.3,-1.9,-2.0,-4.6,-5.2,-6.2,-11.3,-5.8,-6.8,3.4,-6.8,-3.1,-7.1,-1.5,-1.6,-2.0,-2.6,-4.2,-3.4,-3.1,-3.8,-6.8,-10.6,-12.1,-7.4,-7.0,-9.2,-5.2,-6.6,-8.1,-10.9,-6.4,-9.7,-2.5,-3.5,-10.2,-3.2,-4.6,-0.8,-0.6,-4.5,2.1
2C7L51LLju,0,48.109843,11.628399,4442311.38,2778701.72,538.1,583.8,303,7386,2.8,0.82,0.44,32.66,348.97,-0.53,-0.103,0.842,-1.2,0.1,-0.37,0.21,0.2,0.2,-0.3,0.3,3.4,1.5,-0.7,-1.8,-7.1,-0.5,-3.0,-1.0,6.9,1.0,-1.9,-1.4,-1.2,-1.1,-1.1,-1.3,0.7,-2.2,-0.2,-3.5,-2.2,-3.1,-4.0,-2.4,-2.1,-2.3,-3.0,-0.5,-3.9,-2.5,-4.6,-8.0,-1.0,-1.0,-2.6,-1.1,-2.0,-0.7,0.8,-0.9,-1.3,1.6,-0.5,-1.7,0.9,-2.1,-3.0,1.9,-3.4,-6.1,-0.9,-5.0,-2.1,-0.9,-0.6,-0.8,-4.9,-2.7,-4.4,-4.2,-2.5,-1.5,-0.3,8.8,3.0,-0.7,-1.7,1.3,-0.3,1.7,-3.2,1.2,0.2,-0.9,-3.0,-3.4,-0.9,-1.4,-1.8,-1.6,-1.8,-5.0,-4.2,-2.1,-3.6,-5.1,-2.3,-5.2,-3.2,-4.4,-3.2,-6.1,-6.6,-5.5,-2.5,2.4,-2.2,-3.4,-2.2,-5.5,-5.7,-3.4,-5.1,-3.1,0.6,-3.5,-2.2,-2.2,-5.8,-2.1,-5.7,-3.1,-5.5,-2.6,-3.2,-5.1,-5.4,-4.0,-5.5,-4.2,-4.5,-6.0,-1.5,-2.3,-0.5,-2.6,-3.1,-4.9,-4.2,-9.6,-4.5,-2.0,-2.2,-4.2,-8.0,-8.8,-1.1,-0.9,-0.5,0.0,-0.6,-3.3,-5.2,-1.6,-6.7,3.2,-4.2,-0.3,-1.1,-3.8,-3.5,-4.9,-1.6,-3.6,-2.7,-2.3,-2.1,-8.0,-2.6,-3.9,-2.8,-5.6,-6.2,-6.9,2.4,2.9,1.0,-4.2,3.0,-4.0,-6.9,-9.4,-0.3,-6.1,-4.4,-10.2,-8.2,-9.6,-7.5,-13.1,-6.7,-4.3,-6.8,-5.6,3.6,-10.5,-5.5,-4.4,-11.3,-7.6,-7.2,-5.7,-8.2,-3.6,-7.1,-5.2,-4.6,-3.7,-3.3,-11.0,-9.0,-8.2,-8.4,-6.8,-13.1,-9.1,-10.2
2C7L51LLi5,0,48.109035,11.621969,4441834.37,2778601.47,537.5,583.2,303,7273,2.9,0.78,0.41,32.6,348.93,-0.529,-0.103,0.842,-0.0,0.1,-0.12,0.22,1.7,0.2,-0.3,0.4,4.4,3.0,3.7,1.9,-4.7,-4.9,-5.1,-0.6,-0.3,4.6,-6.1,2.7,3.5,0.7,1.0,2.9,-2.5,-5.6,-5.1,-5.6,-5.9,8.1,-0.8,-2.2,-1.8,-0.7,-1.5,-6.1,-5.0,5.4,-8.2,-4.1,-4.4,-6.6,-8.4,-5.1,-2.0,-4.8,-3.7,-2.5,-4.0,-0.3,-3.2,-4.6,-4.9,-3.7,-4.7,-6.0,-3.6,2.7,0.7,1.5,1.2,0.3,1.2,0.2,0.2,-1.2,-4.9,0.9,0.3,2.4,-0.4,-0.6,1.0,-6.9,-2.8,-3.2,-1.3,-1.6,-0.1,-1.7,-0.1,-0.4,0.8,1.6,1.1,0.8,-1.8,-0.2,-6.0,-2.5,-1.1,-2.8,-2.1,-2.7,-3.4,-1.6,-2.3,0.9,-3.5,-5.3,-2.2,-3.8,-5.7,-1.6,-1.1,-1.3,0.8,0.9,1.6,-0.1,2.5,-0.3,0.2,-3.8,-4.8,-0.5,0.2,-0.3,0.7,0.8,-0.6,0.6,-3.1,-1.5,-2.0,-3.5,-0.9,-3.3,-1.7,0.4,-2.6,-0.8,1.1,-2.6,0.4,3.1,-3.9,-9.8,-2.9,-5.8,-3.0,-1.7,-1.2,-0.1,-0.2,-1.1,-0.0,1.9,-2.1,-3.4,-0.0,0.8,0.5,2.4,0.2,3.4,0.3,2.3,1.9,0.8,0.1,0.8,0.5,-3.3,-3.0,-5.9,-3.9,-5.5,-3.6,-8.0,-2.8,-5.4,-1.6,-3.8,-1.0,-2.1,-1.3,-0.7,-6.7,-6.0,-5.3,-3.6,-4.4,-5.0,7.9,6.9,9.0,-6.6,0.0,-1.3,-1.8,1.9,-2.6,-0.3,-1.4,-0.5,0.7,-1.8,-2.0,-5.7,-7.6,-7.5,-5.7,3.7,-0.2,-4.8,0.8,-2.2,-2.7,-1.1,-0.5,-0.3,-1.1,-1.1,-1.2
2C7L51LLi6,0,48.109042,11.622022,4441838.29,2778602.32,537.3,583.0,303,7274,2.2,0.89,0.3,32.6,348.93,-0.529,-0.103,0.842,-0.6,0.1,-0.14,0.17,1.3,0.1,-0.3,1.7,0.9,0.4,0.2,0.1,-0.3,-0.9,-0.8,0.2,0.5,1.5,1.3,-1.2,1.5,-2.3,-0.8,0.3,-0.4,-2.1,-2.5,-3.2,-1.7,-1.1,-0.5,-1.8,0.4,0.2,-0.9,-2.0,-4.5,-20.3,-6.1,-6.7,-5.4,-7.7,-6.7,-3.3,1.3,-2.4,-4.3,-2.5,-5.2,-1.7,-2.4,-4.6,-2.9,-0.5,-0.9,-2.5,-2.1,-1.7,-2.0,-1.0,-0.2,-1.2,-0.5,-0.8,-0.6,-0.8,-2.8,-0.8,-1.5,1.1,-0.2,0.2,0.1,-2.3,-0.9,-3.0,-1.3,-2.5,-1.0,-2.3,3.6,-1.3,-1.2,0.2,0.0,-0.6,-1.3,-0.7,-7.2,-2.5,-5.0,-3.0,-3.7,-4.1,-3.8,-3.2,-4.0,-3.6,-3.7,-3.4,-6.0,-3.5,-4.9,-1.8,-3.1,-0.5,-0.7,0.6,-1.7,-2.1,-1.2,-2.3,-3.8,-1.8,-1.9,-1.3,-3.5,-2.4,-2.1,-1.6,-2.2,-1.0,-3.2,-3.8,-2.3,-2.6,-0.4,-1.7,-1.9,-0.8,-2.6,-3.1,-4.7,-3.7,-1.1,-2.2,-3.5,-6.9,-4.6,-6.3,-2.5,-2.4,-2.5,-3.6,-2.0,-4.2,0.6,-0.9,-1.6,-0.9,-1.0,-1.4,-1.5,2.5,-1.1,1.9,-3.9,-1.3,-6.3,-4.1,-4.3,-3.2,-1.4,-2.8,-4.1,-7.8,-1.6,-3.7,-4.6,0.3,-1.8,-5.1,0.3,-1.3,-0.9,-0.2,-3.5,-4.6,-7.1,-5.3,-6.5,-7.8,-7.3,-4.1,-4.2,-3.4,-2.0,-3.9,-1.1,-1.6,-3.7,-2.8,-3.0,-5.1,-6.5,-9.0,-4.5,-5.6,-6.0,-8.8,-6.3,-5.7,-4.2,-3.4,-4.8,-5.7,-3.7,-2.1,-3.3,-6.5,-2.4,-1.7,-4.2,-1.7,-4.2
2C7L51LLiJ,0,48.10913,11.622711,4441889.37,2778613.28,535.7,581.4,303,7287,4.3,0.61,0.47,32.61,348.93,-0.529,-0.103,0.842,0.8,0.2,1.07,0.33,2.2,0.3,-0.3,-4.0,-3.3,-2.9,-4.9,-2.7,-5.1,-1.7,-4.2,0.1,-2.7,2.2,-5.0,-2.8,-1.7,-1.9,-3.3,-3.4,-2.7,-1.5,-1.6,-3.9,-7.5,-6.9,-1.6,-0.4,-3.2,-4.9,-7.0,-5.8,-7.0,-22.9,-8.0,-8.5,-9.1,-12.3,-7.9,-6.1,-2.9,-2.7,-1.9,-3.0,-4.6,-2.2,-4.3,-6.9,-6.6,-3.7,-4.7,-4.9,-1.2,-5.0,-2.3,-5.1,-3.9,-2.4,-1.2,-2.0,-3.1,-2.0,-0.4,-4.1,-3.6,-2.2,-1.9,-4.1,-1.3,-5.5,-5.2,-2.9,-5.7,-10.6,-4.5,-4.7,-4.6,-4.3,-5.9,-5.0,-9.0,-5.4,-7.2,-7.9,-6.3,-3.8,-7.1,-6.2,-3.2,-5.6,-8.4,-6.2,-12.1,-10.7,-5.8,-10.4,-14.3,-9.0,-16.2,-4.7,-11.5,-3.6,-10.0,-5.2,-6.3,-2.9,-3.5,-4.6,-3.5,-8.1,-7.8,-6.7,-9.0,-12.4,-12.1,-15.6,-2.4,-10.2,2.2,-11.9,6.7,4.8,-9.9,-2.3,-5.9,-15.8,-5.7,-13.6,-3.7,-3.1,-2.3,-3.9,-9.8,-11.2,-9.0,-11.7,-8.5,-9.2,-4.5,-3.6,-5.8,-3.2,-1.9,-5.0,-8.2,-3.7,-3.8,-3.1,-3.6,-0.4,-2.4,-3.0,-1.6,-2.1,0.8,-1.5,-3.9,-2.9,-3.6,-4.2,-4.6,-2.9,-1.6,5.0,1.7,-14.6,-18.0,3.9,-15.9,-5.5,5.6,-16.6,-0.8,1.2,-1.0,0.4,3.8,6.0,4.6,-9.6,-3.1,-0.9,5.9,11.8,5.8,4.7,0.7,11.0,1.9,-14.6,-2.1,-11.8,-4.8,-3.1,-2.3,-0.9,-5.5,-4.9,-4.5,-1.1,-5.3,5.5,-3.4,-4.6,-4.5,-1.7,-4.3,-0.9,-1.9,-2.9,-1.8
2C7L51LLiO,0,48.109191,11.623179,4441924.12,2778620.71,543.7,589.4,303,7292,4.3,0.69,0.5,32.61,348.93,-0.529,-0.103,0.842,-0.6,0.2,0.53,0.33,0.3,0.3,-0.3,-0.1,0.2,0.3,0.8,0.4,2.7,1.8,0.4,0.8,5.6,4.0,2.2,1.2,1.2,-0.0,0.2,-3.7,1.6,-2.6,-3.3,-4.0,-2.7,-2.0,-0.6,-0.5,0.5,3.3,-3.5,3.1,-5.7,-14.5,-2.8,-3.3,-7.0,-2.8,-5.6,-4.6,2.2,1.7,2.0,0.5,0.3,2.8,0.2,0.6,-1.0,0.2,0.6,-4.4,-2.6,-2.5,-1.6,-1.5,-1.9,-1.1,-3.3,-4.3,-2.4,-3.9,-1.0,0.1,-0.2,-3.6,-1.2,-0.6,-16.6,-0.6,0.4,3.4,-0.1,0.7,-3.3,-0.4,-0.6,-4.7,-0.6,-2.6,-4.3,-2.0,-4.8,-0.9,-2.9,-0.6,-2.7,-3.0,-6.8,4.9,-3.5,-6.9,-2.8,5.3,2.4,1.6,2.3,-0.5,-0.2,-12.1,8.1,6.3,-14.3,-14.1,8.8,-2.6,-0.3,1.4,-0.3,-0.4,4.1,0.8,-1.3,0.2,0.5,-0.1,-2.2,0.4,-3.2,-2.0,-5.3,-8.9,-4.7,1.8,-2.1,-7.2,-1.9,-1.9,-0.8,-3.7,-0.1,0.8,-1.2,-4.6,-5.8,-1.3,-4.5,-2.7,-2.7,-4.4,-1.7,-2.9,3.7,-2.5,-16.8,-5.2,-6.2,-4.0,-3.0,-13.8,-3.6,1.5,4.6,-1.4,-2.4,-2.3,-7.1,-3.1,-2.0,-8.4,2.9,3.8,-18.1,-0.3,-7.5,-1.7,2.7,-16.8,-13.5,-0.9,0.1,-3.4,-0.4,-9.0,-7.7,-9.3,-3.4,1.6,4.9,-18.2,0.4,5.3,-5.0,-2.1,-2.6,3.3,-3.0,-0.7,-3.3,-0.8,-1.5,-4.5,0.5,-5.3,0.4,-2.8,-3.4,-2.6,0.8,-1.8,-6.3,-4.9,3.9,0.5,-2.9,-5.6,-4.3,-5.7,-5.4,-3.5,-0.9
2C7L51LLiq,0,48.109384,11.624683,4442035.64,2778644.64,538.9,584.6,303,7320,2.8,0.83,0.44,32.64,348.97,-0.529,-0.103,0.842,-0.5,0.1,-0.56,0.21,0.6,0.2,-0.3,1.8,1.0,-1.5,1.3,1.3,-0.1,-2.6,2.6,0.3,-0.2,0.4,-0.0,0.8,-0.3,0.5,1.4,2.2,1.9,5.1,2.7,2.6,-0.5,-7.1,1.8,1.7,4.9,-0.3,0.4,2.8,-0.4,-12.0,-1.8,-1.6,-0.8,-0.6,2.8,-2.3,1.5,2.9,-1.5,0.8,-1.3,2.8,3.4,0.1,-2.1,-1.2,3.6,-1.1,1.9,8.1,-0.8,0.9,-1.5,0.5,-0.7,1.8,1.0,3.0,2.7,-1.2,-4.6,0.4,-4.6,-5.8,-0.5,1.0,-7.3,0.6,7.4,-0.1,0.4,0.7,-3.3,-1.9,0.1,0.4,1.1,2.6,1.1,2.0,-0.1,2.1,-2.0,0.4,2.0,1.2,4.0,-0.4,-3.2,-1.1,6.1,-1.1,5.2,2.3,4.9,0.6,6.5,5.3,6.1,6.1,4.0,4.0,-0.5,3.2,6.4,3.9,1.3,2.4,0.4,2.2,1.7,0.8,2.4,0.5,-0.6,-1.4,1.6,0.4,0.8,1.9,-2.6,-1.9,-0.4,-3.2,1.6,3.4,-2.1,0.7,3.2,0.5,-3.3,0.8,-4.5,-2.8,-3.0,0.8,1.3,2.7,2.8,3.1,-1.4,1.0,-0.6,4.8,1.6,3.2,-0.7,2.3,-5.8,1.0,1.5,-1.7,0.8,2.3,0.1,-1.0,-1.3,4.7,-0.3,0.2,0.1,-2.8,-2.8,-3.5,-1.3,-1.7,0.7,2.0,-0.2,-2.2,-1.8,-1.5,-1.7,-2.2,-0.8,1.4,-0.9,-2.7,-2.1,-1.7,-2.3,-1.5,-9.6,3.2,-0.5,0.9,1.9,-2.8,-1.0,-3.7,-1.3,-2.7,-0.6,-0.8,-2.2,-3.4,10.1,-2.1,-2.7,-6.1,-4.2,-4.0,-2.8,-1.0,-1.6,0.3,-1.7
2C7L51LLir,0,48.109383,11.62468,4442035.46,2778644.61,536.0,581.7,303,7321,1.9,0.92,0.28,32.64,348.97,-0.529,-0.103,0.842,-0.7,0.1,0.16,0.15,0.2,0.1,-0.3,0.6,-0.3,1.1,0.8,1.5,0.5,0.8,-0.5,-0.9,2.6,1.2,0.7,1.9,-0.3,1.2,1.1,1.8,-1.5,-0.3,-1.4,-2.7,-2.2,-1.6,-2.6,-1.2,-2.5,-1.0,-2.2,-4.6,-4.0,-16.6,-4.1,-2.9,-4.9,-5.8,-5.1,-4.3,-3.1,0.6,-1.8,-1.1,-2.0,-0.9,-3.6,-0.7,-3.6,-2.8,-2.8,-2.5,-3.3,-3.6,-2.3,-1.0,-1.4,-1.0,-2.8,-0.7,-1.5,-2.1,-2.5,-2.7,-4.2,-2.2,-3.1,-1.3,-3.0,-2.6,-3.9,-1.2,-5.4,-2.3,-5.9,-3.0,-3.8,-1.0,-1.7,-1.4,-2.3,-3.5,-0.3,-4.7,-4.3,-3.7,-4.9,-0.4,-2.7,-0.6,-3.9,-3.3,-3.7,-2.9,-3.5,-3.3,-3.5,-2.5,-2.0,-2.3,0.4,-0.2,-0.4,-2.5,-1.0,-0.7,-3.2,-0.2,-1.0,-2.6,-1.8,-1.6,-2.4,-4.9,-3.9,-3.2,-2.7,-3.0,-4.8,-5.3,-3.6,-4.7,-6.4,-2.7,-4.5,-3.3,-4.3,-5.2,-2.5,-0.9,-3.8,-2.4,-1.2,-5.6,-4.8,-2.1,-5.8,-3.4,-4.7,-4.7,-3.6,-2.1,1.4,-3.0,-3.9,-4.9,-2.8,-4.8,-3.4,-2.6,-4.4,-0.7,-6.7,-3.9,-3.5,-5.2,-2.7,-2.6,-3.8,-5.8,-3.0,-3.6,-0.7,-0.6,-0.5,-4.8,-6.9,-4.4,-3.0,-1.8,-2.3,-2.0,-1.2,-4.3,-6.4,-4.1,-3.1,-4.8,-5.3,-5.6,-3.6,-7.7,-4.4,-4.6,-4.3,-3.7,-3.4,-2.5,-2.8,-4.0,-2.9,-4.3,-3.6,-4.4,-4.4,-6.4,-5.7,-6.4,-5.8,-4.3,-8.1,-6.9,-4.2,-3.9,-5.0,-5.8,-5.5,-6.3,-3.3,-4.9,-5.0
2C7L51LLjz,0,48.1099,11.628703,4442333.82,2778708.6,539.0,584.7,303,7391,4.5,0.57,0.48,32.66,348.97,-0.53,-0.103,0.842,-1.4,0.2,-0.53,0.34,2.8,0.3,-0.3,-0.6,2.0,1.2,-3.4,-0.6,-3.3,-2.2,2.8,-7.5,12.1,-5.9,0.4,3.9,2.9,4.4,0.2,2.9,2.7,-2.5,2.1,-0.8,-3.2,-3.1,-3.3,-5.1,-1.7,-3.7,-0.4,-3.5,-6.4,-15.2,-8.3,-7.5,-7.5,-3.1,-6.0,-17.4,2.3,2.9,-0.1,-3.7,-9.1,-2.0,-0.4,0.4,-2.6,-5.1,-2.9,-4.0,-0.9,-2.1,0.2,1.2,3.1,5.0,2.7,-4.1,1.6,-0.7,-0.9,0.8,2.0,-3.9,3.9,-6.6,6.1,0.6,0.2,0.8,2.2,0.7,3.4,1.7,2.8,4.7,-3.0,-0.5,0.2,4.2,-1.8,-4.8,1.4,-5.0,-4.2,-4.2,-5.9,-5.2,-5.2,-4.1,-9.2,-3.9,-2.1,-1.0,-13.2,-9.0,-9.8,-8.6,-2.8,-4.3,-0.5,-1.4,-5.1,-1.7,-5.7,-3.1,-1.3,-1.0,-0.7,-3.9,-2.3,-2.5,-1.5,-15.2,3.6,-0.6,1.3,-0.6,-0.3,-1.2,-6.9,-0.3,-2.5,-2.8,1.2,-0.1,3.6,5.6,7.2,-7.6,-4.3,-4.3,-7.4,-3.7,-1.7,2.4,-10.1,-12.2,-10.0,-4.6,-4.5,-12.8,-7.5,-5.8,-14.9,-2.0,-6.6,9.4,4.6,1.2,4.2,-15.3,-1.2,6.3,2.4,-10.2,-2.6,-14.5,-3.0,-16.2,-6.9,-2.1,-7.6,-9.9,-4.7,-9.5,-3.6,-5.0,-6.8,4.3,-5.2,-5.7,-11.4,-9.4,-18.2,-7.0,-6.7,-3.2,-6.3,-0.6,-5.6,-5.0,-3.9,-1.1,-6.5,0.7,-10.0,-11.1,-14.8,-12.1,-8.9,1.7,-17.7,-8.3,-5.2,0.6,-9.0,-6.2,-5.6,-5.5,-19.4,-7.6,-10.0,-7.1,-2.8,-10.8,-6.7,-6.9,-6.6
2C7L51LLkB,0,48.109986,11.629373,4442383.56,2778719.27,538.4,584.1,303,7403,1.9,0.88,0.36,32.67,348.97,-0.53,-0.103,0.842,-0.9,0.1,-0.57,0.15,1.4,0.1,-0.3,0.9,-2.1,-1.2,0.1,-0.4,-0.7,-0.2,-1.7,-0.1,0.8,1.3,-0.2,-1.5,-2.8,-2.5,-2.3,-1.6,-1.4,-2.3,-2.6,-3.3,-3.0,-2.2,-1.7,-2.5,-0.7,-2.8,-1.5,-2.3,-4.7,-7.6,-7.0,-3.5,-4.8,-4.1,-3.7,-0.7,-0.7,-0.5,-0.2,-2.4,-3.0,-3.2,-2.2,-1.6,-4.2,-4.5,-3.1,-2.2,-0.9,-0.2,2.4,3.3,4.3,2.5,-0.8,1.9,-0.5,0.7,1.8,-0.7,1.8,-1.1,1.2,1.0,2.0,1.5,-2.1,0.3,-5.1,-4.0,-3.5,-4.9,-2.0,-3.5,-1.5,-2.1,-2.8,-2.1,-3.7,-4.9,-3.2,-4.8,-5.0,-6.4,-1.0,-1.6,-1.4,-0.3,-2.0,-3.0,-3.7,-4.7,-2.3,-4.9,-3.0,-4.7,-0.9,-1.0,-3.1,-2.7,-3.9,-2.7,-3.1,1.1,-4.8,-1.0,-2.5,-3.9,-6.2,-3.9,-4.4,-3.0,-3.0,-2.7,1.3,0.6,-0.6,-0.6,-2.4,-0.9,-2.4,-1.5,-3.2,-4.9,-2.7,-6.2,-2.1,-2.1,0.7,-4.2,-2.9,-3.2,-3.5,-2.8,-1.9,-2.1,-3.7,-0.7,-4.3,-1.2,-1.4,-4.4,-0.3,5.0,0.4,-0.1,0.4,2.0,2.8,1.6,2.5,-2.4,-4.2,-3.7,-4.9,-2.4,-6.2,-4.4,-5.3,-2.7,-0.7,-7.4,-4.5,-6.8,-5.7,-5.0,-2.1,-5.4,-4.6,-4.6,-4.5,-5.4,-8.5,-5.9,-4.6,-3.5,-4.0,-10.0,-3.5,-4.7,-3.9,-4.8,-6.1,-5.4,-5.3,-6.7,-3.8,-5.4,-6.6,-8.4,-5.4,-5.0,-5.7,-7.8,-5.7,-5.8,-6.8,-4.6,-7.7,-6.5,-7.0,-4.9,-5.5,-5.8,-6.4,-4.0,-5.9
2C7L51LLiH,0,48.109142,11.622657,4441885.36,2778614.48,538.6,584.3,303,7285,4.7,0.59,0.49,32.61,348.93,-0.529,-0.103,0.842,-0.8,0.2,0.35,0.35,1.1,0.3,-0.3,-3.7,-3.3,2.0,-2.7,-2.3,-0.6,2.7,-1.3,-1.9,0.7,0.6,4.9,-6.7,-2.4,-10.1,-3.6,-7.1,-0.8,-6.7,1.7,3.0,10.7,1.6,-0.1,-3.8,1.6,-1.6,1.1,-7.6,0.2,9.0,-8.5,11.4,0.9,-0.0,-9.9,-2.1,-3.3,4.7,11.7,-6.2,0.8,0.2,4.1,-1.8,0.4,0.5,-3.5,-0.1,1.5,-3.4,2.4,3.5,-2.6,-3.8,-12.5,-7.3,-12.7,-0.4,-6.0,11.3,-2.5,4.5,-5.3,0.5,5.0,-7.7,-6.4,-10.3,-6.2,-0.8,4.9,1.0,-4.5,-3.4,-5.0,-5.2,-3.7,-6.8,-4.3,1.3,-3.6,-6.7,-7.1,-11.6,-7.2,-4.2,-2.4,-5.5,0.1,1.4,10.9,-1.9,1.4,-2.3,-2.1,0.4,-5.3,9.4,4.2,-4.7,-3.8,-0.7,-1.7,-4.7,-1.9,1.0,2.7,2.1,-0.6,-3.8,-5.0,-2.4,-1.7,-2.2,-6.5,0.9,-0.4,-2.8,-2.4,0.0,-1.7,-9.6,-7.6,-6.6,-3.7,-4.1,-3.9,-3.7,-3.3,-9.1,-1.9,-0.2,-5.2,-5.6,-0.5,-2.8,-3.1,2.4,-2.0,-7.0,-5.7,-11.5,-5.0,-2.2,-4.3,2.8,0.2,-10.8,-9.3,-1.0,-1.4,-10.8,-3.2,2.8,-6.5,-2.2,-11.7,-7.5,-3.6,-3.7,-7.7,-0.5,-6.7,-7.0,-2.4,-5.4,1.1,-3.8,-0.2,-5.4,-5.7,-3.9,-3.4,-8.1,3.0,7.0,9.5,-11.6,1.4,4.4,0.0,-7.5,-6.8,-13.1,3.7,0.7,-7.6,-1.1,-4.5,0.3,2.2,-2.7,-4.9,-11.6,-1.0,-1.0,-4.8,-1.8,-7.8,0.0,-7.8,-13.2,-5.5,-3.9,-4.8,-13.4,0.1
2C7L51LLji,0,48.109798,11.627765,4442264.25,2778695.74,540.7,586.4,303,7374,4.1,0.67,0.51,32.66,348.97,-0.53,-0.103,0.842,-0.4,0.2,-0.15,0.32,1.1,0.3,-0.3,2.3,-0.6,0.6,0.5,6.9,3.5,-2.6,-0.7,-1.9,-3.6,-1.9,4.8,-0.5,4.5,-0.4,-8.3,6.5,0.4,-17.2,-4.7,-3.6,-9.3,5.0,-3.7,-5.6,-1.4,-4.6,-7.6,-2.8,-4.5,-9.7,-4.5,-7.7,-5.9,-3.2,-5.7,2.1,0.5,2.3,2.9,-4.4,-6.0,1.2,-16.1,-3.7,3.2,-7.3,2.2,-1.4,-1.6,1.3,-0.3,2.5,-0.0,3.4,2.0,-0.3,-4.0,5.0,-1.0,-6.7,-1.0,1.3,-6.8,-11.1,-0.5,-0.5,-3.1,-0.4,-3.9,-3.5,-1.0,-0.4,6.7,0.3,5.2,-13.4,0.6,-4.5,6.2,-5.8,-4.6,4.2,-6.4,-4.4,0.6,-11.1,-9.9,5.6,-5.4,7.1,-8.6,-2.4,-0.2,-8.1,-7.0,-13.7,-3.4,-4.2,-3.0,-1.5,-5.5,-3.9,-1.3,2.4,-5.1,-2.4,3.7,6.7,-1.6,1.1,-1.5,-1.5,-3.2,1.2,-1.3,0.1,-3.9,-3.7,-4.7,-2.8,-1.3,-0.8,3.0,-1.1,0.1,-8.3,2.2,-6.5,-7.9,-4.9,-5.1,-2.9,-8.3,-2.4,-5.1,-0.2,-2.6,-4.0,2.1,-6.5,-0.5,-0.7,1.3,-0.7,-1.8,-1.2,-3.5,-3.7,-2.2,0.1,0.8,-3.3,-6.2,-4.8,-6.4,-1.8,-2.5,-2.0,-3.6,2.2,-0.0,-1.3,1.0,-5.8,-0.8,-6.3,-2.1,2.7,-1.1,0.1,-5.1,-5.3,-5.9,-5.3,-6.6,-4.9,-4.4,-9.8,-5.3,2.2,-4.3,-1.7,-2.3,-1.5,-2.1,2.5,-5.7,0.2,0.5,0.6,-8.1,1.9,-19.6,-2.8,-3.7,-4.0,-3.1,-3.0,-2.0,-4.1,-6.5,-2.1,-4.3,-4.1,-7.5,-5.1,-2.9
2C7L51LLjd,0,48.10979,11.627558,4442248.8,2778694.5,544.1,589.8,303,7369,3.7,0.73,0.43,32.66,348.97,-0.53,-0.103,0.842,-0.7,0.2,-0.03,0.29,1.0,0.2,-0.3,-3.4,-2.3,0.4,-2.4,-4.4,1.3,4.2,-1.9,-0.8,3.4,-4.2,4.8,-5.8,-1.1,8.7,-4.5,-6.5,4.0,-6.3,0.3,-3.2,-2.1,-9.5,5.1,-1.2,1.3,-1.1,-7.5,-2.1,-4.7,-7.4,-4.0,-0.6,-5.8,-4.6,5.6,-7.4,-2.5,4.7,4.4,-5.3,0.1,-1.9,0.8,-0.7,-2.9,10.4,-2.2,-3.0,-2.4,-4.9,-1.1,-3.5,-1.1,-2.2,-0.6,-2.7,0.8,-0.1,-0.2,-4.2,-3.2,-9.1,-3.1,4.4,-3.2,-3.9,-5.4,-2.1,-7.6,-1.4,-2.2,-3.3,-3.1,-1.4,-5.0,-4.5,-7.6,-3.7,-1.2,-5.1,-3.3,-6.8,-5.8,-6.7,-4.7,-6.6,15.5,0.5,0.3,-2.2,1.0,-8.3,-7.6,-4.1,-2.7,-2.1,-4.6,-3.6,-5.2,-3.8,-1.0,-1.4,2.6,4.5,4.0,0.6,-6.2,1.7,-2.7,-3.2,-4.9,-2.6,-4.1,-4.9,-3.0,-2.2,-3.3,-3.8,-3.0,-5.2,-2.9,-5.7,-2.0,-2.3,-2.6,-3.5,-4.8,-3.0,-0.2,-12.2,-0.8,-7.8,-1.6,1.7,-1.0,-2.4,-2.3,4.2,1.4,5.7,-4.1,-1.5,-1.2,-3.7,-2.9,-5.8,-1.9,-1.6,-2.3,-3.9,-1.1,-0.6,-3.0,-1.4,-6.6,-4.1,-5.5,-6.7,-2.8,-1.0,-7.6,-8.8,-5.3,-3.3,-8.3,0.8,-1.0,7.6,2.2,-7.2,-2.4,-8.5,-12.8,-5.3,-5.3,-3.7,-3.4,10.5,-3.3,-3.5,-1.5,-2.7,-7.8,-2.5,1.2,-9.5,-4.4,-1.9,-5.5,-6.0,-7.2,-2.0,-7.9,-8.3,-6.0,0.5,-5.4,-2.5,-3.3,-2.5,-9.7,-4.0,-3.1,-5.1,-6.7,-4.7,-5.9
2C7L51LLje,0,48.109783,11.627504,4442244.82,2778693.65,538.7,584.4,303,7370,1.9,0.91,0.33,32.66,348.97,-0.53,-0.103,0.842,-0.9,0.1,0.01,0.14,1.0,0.1,-0.3,-1.0,-1.1,-1.8,-1.8,-2.9,-0.0,-0.8,0.4,-1.4,3.0,0.9,2.2,-2.0,0.3,-1.6,0.2,-2.1,0.5,-1.1,-1.9,-5.1,-2.6,-0.7,-0.7,-1.1,-1.4,-2.4,-0.7,-2.8,-3.5,-7.1,-4.9,-4.9,-6.6,-5.4,-1.8,0.5,0.5,0.4,-0.3,-3.0,-0.6,-1.5,-2.7,-2.4,-2.0,1.6,-0.6,-1.1,-0.5,-2.2,-0.8,-1.1,-0.5,0.0,-0.2,0.2,-0.3,-0.2,-0.9,-0.9,-1.3,0.0,-2.7,0.9,0.6,-2.6,-3.3,-1.9,-3.9,-3.2,-1.4,-2.3,-1.6,-1.8,-2.0,-3.3,-4.2,-2.1,-2.9,-4.5,-2.6,-3.0,-3.4,-3.6,-2.9,-2.9,-2.3,-0.7,-2.0,-5.0,-2.7,-8.7,-7.1,-5.1,-2.3,-4.0,-2.2,-1.2,-2.2,-3.8,-3.0,-0.9,-1.3,1.6,-0.2,-0.5,-3.0,-2.2,-4.2,-3.2,-3.7,-3.0,-5.5,-3.9,-3.2,-3.3,-3.1,-3.4,-4.1,-3.1,-4.1,-3.7,-2.0,-2.0,-0.6,-5.0,-3.6,-4.8,-3.7,-3.8,-3.0,-5.0,-3.6,-5.6,-3.9,-2.0,-1.8,1.9,0.8,1.1,-1.9,-1.6,-2.0,-3.1,-3.2,-6.9,-2.6,-2.6,-1.6,-2.6,-2.2,-1.7,-2.9,-2.8,-6.4,-5.0,-1.2,-6.9,-4.3,-4.3,-8.0,-3.2,-5.4,-5.7,-7.9,-2.0,-2.4,-3.7,-2.8,-4.8,-7.7,-11.9,-5.8,-2.5,-5.5,-5.1,-4.8,2.9,-5.5,-4.8,-4.8,-5.8,-2.7,-3.0,-5.2,-6.9,-4.7,-4.7,-7.4,-8.4,-5.5,-6.7,-7.1,-8.3,-7.4,-4.8,-7.8,-4.4,-4.8,-3.6,-3.2,-5.2,-3.9,-4.0,-2.8,-3.8,-5.5
2C7L51LLjt,0,48.109898,11.628402,4442311.42,2778707.93,541.8,587.5,303,7385,2.9,0.84,0.4,32.66,348.97,-0.53,-0.103,0.842,-0.7,0.1,-0.21,0.23,0.4,0.2,-0.3,-1.2,0.9,-0.4,-1.0,-1.6,-3.5,0.6,2.9,-0.1,-7.1,9.1,1.0,2.3,1.4,2.3,-4.5,2.3,0.0,-4.4,-3.8,-5.6,-5.7,-3.2,-1.7,2.7,1.1,-0.1,-4.3,-2.7,-0.7,-15.0,-5.1,-0.8,13.2,-4.6,-4.8,0.6,0.4,2.9,13.3,-0.9,-1.4,3.7,-1.2,0.1,-2.5,-4.5,-4.1,-4.7,2.4,-2.4,0.9,-0.1,-0.2,-0.3,-1.8,-1.5,-2.0,-1.8,-1.9,-1.6,-0.2,-1.1,-2.3,-3.6,-1.4,-2.8,-0.9,-2.5,-0.7,-1.4,-1.2,-1.9,0.1,-3.4,-0.6,-0.1,-2.5,-2.2,-1.6,-6.3,-2.7,-5.3,-2.1,-1.4,-1.3,-2.5,-8.2,-6.0,-1.4,-0.7,-3.1,-5.0,-2.5,-5.7,-0.9,0.6,-1.0,-1.7,0.4,-0.2,-5.6,-0.5,2.3,-2.4,-0.4,-4.5,0.2,-3.7,-3.5,-3.4,-2.0,0.7,-0.7,0.5,-1.3,-1.6,-2.4,-0.1,0.1,-1.7,-1.6,-0.3,-2.1,-0.8,-0.2,-4.5,-0.9,-1.9,0.3,-2.5,0.2,-3.9,-1.7,-0.5,-3.0,-7.1,4.3,2.7,-0.4,-1.4,-3.0,-1.8,-1.4,-0.4,-4.0,3.0,-2.4,1.0,-0.3,-0.5,-2.8,-3.0,8.3,-5.2,-3.8,-3.5,-6.0,-3.9,-2.7,-2.1,-4.6,-2.7,-2.8,-4.6,-1.4,-5.2,-3.9,-5.3,-5.4,-3.6,-7.4,-4.8,-5.1,-5.6,-3.1,-4.0,-2.8,-3.9,-3.4,-6.4,-2.1,-2.7,-3.9,-4.4,-3.2,-6.8,-3.3,-2.5,-5.2,-4.1,2.6,-2.4,-2.9,0.5,-0.9,-4.2,-2.5,-2.8,-7.1,-4.7,-4.3,-4.5,-5.4,-6.3,-6.8,-5.1,-6.2
2C7L51LLjw,0,48.109902,11.628427,4442313.27,2778708.35,533.2,578.9,303,7388,3.2,0.76,0.41,32.66,348.97,-0.53,-0.103,0.842,-1.5,0.2,-0.01,0.25,1.5,0.2,-0.3,-1.3,2.8,-0.1,-1.5,-0.8,2.9,-0.2,2.8,2.5,2.1,-2.9,1.5,5.1,1.6,5.4,2.0,-5.4,-6.2,-4.0,-3.9,-3.6,-3.9,-3.2,-4.9,-3.4,-0.7,-3.9,-1.2,-5.6,-5.9,-6.5,-8.8,-8.0,-4.7,-5.9,-6.2,-6.0,-1.7,-1.7,0.0,-4.4,-1.0,-4.8,-3.9,-4.9,-4.7,-2.8,-3.8,-1.8,-2.4,-5.0,-4.3,-3.9,-4.0,-4.6,-6.5,-4.3,-1.5,-0.7,-0.9,-6.4,-6.2,-12.6,-7.9,-1.1,1.1,3.4,-2.4,-2.2,-3.8,-3.1,-2.9,-0.8,-0.8,-2.1,-4.0,-3.6,-4.4,-3.1,-6.1,-5.3,-5.8,-3.9,-2.4,-3.4,-5.4,-5.3,-6.6,-5.6,-7.7,-6.9,-2.3,0.4,-11.4,-3.9,-8.3,-2.3,-4.5,-5.1,-5.2,-3.7,-5.6,3.7,-4.2,-4.9,-5.6,-10.2,-8.6,-6.5,-6.2,-3.7,-7.3,-10.2,-11.7,-4.1,-3.7,-1.4,-3.8,-1.3,-5.7,-4.2,-3.2,6.0,-7.7,-4.8,-1.2,-1.1,-5.5,-4.6,-5.8,-6.4,-4.4,-3.7,-7.3,-12.1,-9.8,-7.3,-4.7,-2.3,3.2,5.1,-4.0,-1.4,-5.3,-2.7,-8.2,-2.1,0.7,0.9,-2.5,-2.4,-7.7,-5.0,-8.1,-4.7,-3.9,-15.6,-5.9,-12.7,-3.1,-11.7,-5.7,-6.5,-8.2,-19.8,-7.0,-11.5,-7.9,-9.5,-10.0,-7.7,-9.7,-11.0,-8.4,-7.4,-8.7,-9.0,-6.9,-10.4,-9.9,-7.3,-9.1,-8.0,-4.2,-7.1,-8.3,-6.9,-4.7,-5.6,-9.3,-6.7,-9.5,-10.9,-9.4,-18.0,-10.0,-8.9,-11.6,-5.6,-7.9,-2.8,-7.8,-9.4,-6.8,-8.9,-10.7,-14.1,-5.2
2C7L51LLhu,0,48.109003,11.621281,4441783.19,2778596.72,534.7,580.4,303,7262,3.4,0.76,0.43,32.6,348.93,-0.529,-0.103,0.842,-0.6,0.2,-0.58,0.26,0.5,0.2,-0.3,0.3,-0.6,0.1,-1.2,1.2,1.5,-2.6,-0.3,-1.2,-1.3,-0.4,-0.2,-1.7,1.1,0.4,-4.1,-1.0,-0.5,-3.0,0.6,1.2,-4.4,-4.2,1.0,6.5,2.1,0.3,2.3,-3.3,-3.9,10.3,-3.8,-3.1,-1.8,-2.3,-3.6,-3.2,-0.2,1.5,-0.7,-4.2,-3.4,-2.2,0.8,-7.3,-2.1,1.6,-0.7,-1.7,3.7,-1.6,-2.4,-3.4,-1.4,-0.1,0.6,-0.6,-1.2,-1.2,-1.3,-1.0,-0.6,0.2,-0.9,0.0,-0.8,-5.4,-0.8,-2.5,-1.2,-3.1,-3.3,-0.8,-2.1,0.9,1.1,1.1,-4.0,-4.8,-2.6,-2.4,-0.9,-3.3,3.2,-2.9,-9.1,1.3,-0.3,0.2,-2.7,-13.2,-1.0,1.3,4.8,2.1,3.4,9.4,-3.0,-4.2,2.5,7.3,-2.1,-1.3,1.5,0.1,1.0,2.7,-0.3,2.3,-5.5,-2.4,-2.8,-1.4,-4.9,0.5,-0.8,0.2,-8.1,-5.7,-5.3,-6.3,-5.2,-3.0,-1.0,-0.3,-2.2,-5.4,0.4,1.5,2.7,-7.0,-4.2,8.1,-1.5,-5.7,-4.9,-2.1,-3.4,1.9,5.7,3.5,6.7,0.9,0.4,9.6,-0.9,4.7,0.5,-0.4,-1.2,0.8,0.9,0.6,0.6,-0.2,-1.4,-0.2,-2.0,-2.4,12.3,-3.3,-7.6,-4.1,-2.1,-1.2,-2.8,-2.0,0.6,2.2,-11.2,3.0,-7.1,-6.2,-3.6,-6.4,-4.7,1.6,-2.0,-6.6,0.4,-1.2,-0.5,0.7,-3.2,-1.2,-1.3,-4.7,-9.0,-5.1,-7.3,-5.3,-6.3,-4.2,-1.2,-7.0,-4.6,-5.3,-6.2,-3.7,-3.6,-3.1,-6.4,-0.8,0.4,-3.3,-4.9,-5.0,-2.0
2C7L51LLie,0,48.109347,11.623966,4441982.36,2778639.43,539.0,584.7,303,7308,2.6,0.83,0.42,32.64,348.97,-0.529,-0.103,0.842,-0.4,0.1,-0.68,0.2,1.0,0.2,-0.3,2.7,1.6,1.0,4.0,-0.4,2.4,2.0,-0.5,0.7,0.7,2.7,-1.2,3.0,0.7,2.0,2.6,1.4,-1.1,-1.9,-1.4,-3.3,-2.4,-1.8,4.1,0.8,1.2,-3.3,-8.8,-3.3,-5.2,8.2,-5.9,-8.2,-2.6,-6.6,-2.8,-5.0,0.8,-0.5,2.9,4.4,1.6,-0.7,0.3,-2.3,0.5,1.2,0.9,1.0,-0.4,0.2,0.4,0.4,1.5,1.8,2.4,1.1,1.6,0.1,1.7,0.2,2.6,5.7,-1.0,1.9,2.4,-0.3,-4.4,0.1,0.5,1.3,0.6,2.2,2.4,0.9,1.9,2.6,1.4,-0.3,0.9,-1.0,-1.4,2.9,-0.3,0.3,0.4,-2.3,-0.7,0.0,1.2,-0.5,0.1,-1.4,1.4,2.9,4.3,-0.6,-1.6,3.3,4.7,2.8,2.8,4.9,0.5,2.2,1.4,1.3,1.6,2.8,-0.9,0.3,-1.6,1.2,0.5,2.3,1.0,0.8,2.4,1.4,0.7,3.4,-3.2,0.0,2.0,1.3,7.2,0.7,2.2,2.6,2.8,2.7,1.7,-1.6,-2.1,-0.8,2.4,-1.3,1.6,1.7,4.6,5.1,2.4,-0.5,1.1,-4.8,0.1,1.9,1.5,2.1,-3.1,5.4,-0.4,2.1,5.5,2.1,2.1,-0.4,-6.1,-7.1,1.4,1.5,-5.1,0.9,-2.2,-3.3,-7.0,2.5,-0.6,-2.7,-1.5,-7.6,-1.8,-3.1,-1.0,-1.9,-0.1,-5.0,-0.3,1.3,-2.8,-2.9,-3.4,-2.8,-1.8,1.6,-4.2,3.7,-3.5,-4.6,1.8,-3.2,-0.9,3.4,-6.1,-5.3,-4.0,0.6,-1.5,-1.1,-2.7,-1.9,0.3,-1.9,0.4,0.9,1.3,-1.2,-0.8
2C7L51LLjO,0,48.109674,11.626511,4442171.11,2778679.92,535.9,581.6,303,7354,3.4,0.77,0.37,32.65,348.97,-0.53,-0.103,0.842,-2.0,0.2,-1.59,0.26,0.7,0.2,-0.3,0.2,0.3,1.2,1.6,1.3,1.0,0.8,0.7,1.9,-2.9,-0.9,1.8,0.1,1.1,0.6,1.8,2.1,0.2,-3.4,-2.7,-0.5,-1.4,-0.6,-1.7,-1.3,-0.5,1.9,-1.9,-1.4,-1.2,14.3,-3.5,-2.2,-2.2,-1.9,-5.6,1.4,0.3,-0.2,-0.9,0.5,-1.9,-0.8,2.2,-3.6,-3.3,-2.8,-1.5,-1.4,0.4,-1.7,-1.2,1.2,2.7,0.2,-0.5,-0.7,1.3,0.6,0.2,-0.8,0.5,-0.5,0.1,-2.8,-1.8,-1.0,-2.9,0.7,1.5,-1.8,1.4,-2.5,1.8,-0.1,0.5,-1.9,1.9,0.3,0.7,1.7,-0.5,-0.3,-1.7,-1.7,-1.7,0.1,-1.0,-0.0,2.8,2.0,-1.5,-3.1,-4.0,-2.6,-0.5,-1.1,-0.0,1.5,-0.8,-2.2,0.0,-1.6,-1.3,-0.7,-1.3,-0.7,-2.5,1.6,-2.0,-1.2,-0.9,-1.4,-2.5,-0.6,-2.5,-0.7,-1.6,-1.5,-1.1,1.0,1.6,-1.2,0.3,-0.5,1.6,-1.9,1.2,-1.6,-1.4,-2.4,-3.9,-1.0,-4.3,-2.6,-1.4,0.6,0.5,3.3,2.2,-2.7,-1.8,-0.4,-1.3,-2.4,-1.8,-3.2,-2.7,-0.6,-0.4,-2.0,-2.7,-0.8,-2.2,-2.7,-1.0,-2.0,-1.1,-1.3,-3.1,6.6,11.9,7.9,-14.4,-13.2,-6.9,-9.2,-9.7,-8.0,-10.6,-10.4,-11.4,10.0,-12.0,-9.9,-8.8,-9.5,-8.5,8.8,-9.7,-11.8,-5.7,-7.3,-8.8,-7.3,-5.3,-8.4,-10.1,-10.1,-9.7,-11.5,-11.2,-14.2,-11.7,-13.4,-10.2,-12.5,-11.3,4.7,-9.9,-7.8,-15.1,-11.5,-13.5,-13.8,-8.4,-8.5,-9.7
2C7L51LLjV,0,48.109728,11.626933,4442202.4,2778686.63,535.2,580.9,303,7361,2.2,0.86,0.31,32.65,348.97,-0.53,-0.103,0.842,-0.8,0.1,-0.09,0.17,1.8,0.1,-0.3,-0.9,-3.1,-2.3,-2.6,-3.8,2.3,-0.8,-1.7,-0.4,-0.5,-0.0,2.8,1.5,0.8,-2.2,-0.5,-2.6,-1.7,-5.9,-3.6,-4.4,-5.3,-5.1,-7.2,-4.3,-4.3,-3.2,-2.4,-6.1,-4.5,-12.3,-11.1,-3.9,-6.2,-9.2,-3.9,-5.2,-3.4,-1.5,-0.4,-2.1,-2.4,-3.2,-3.1,-3.5,0.5,-3.6,0.3,-1.5,-0.0,-0.2,-0.1,-0.4,-0.4,-1.7,-2.6,-2.2,1.0,0.2,-0.5,-1.4,-1.3,-0.7,-1.0,1.3,-0.5,-2.0,-2.7,-4.2,-3.6,-3.7,-1.6,-3.0,-0.5,-2.0,-2.3,-3.2,-5.4,-5.2,-6.5,-3.9,-4.1,-4.8,-6.2,-4.2,-4.7,-4.5,-3.7,-6.2,-6.9,-5.9,-5.9,-10.3,-8.6,-4.7,-5.3,-4.4,-5.4,-7.7,-4.7,-8.4,-5.7,-5.9,-5.4,-5.6,-4.8,-5.1,-7.5,-2.7,-5.2,-4.1,-4.0,-3.8,-5.0,-5.4,-4.4,-3.8,-6.4,-1.3,-6.3,-2.6,-2.1,-1.5,-4.6,-3.2,-2.1,-3.0,-3.8,-4.4,-9.4,-5.1,-2.8,-3.4,-6.6,-9.0,-2.8,-4.2,-2.1,-1.0,3.3,0.4,1.0,-0.2,-0.6,-1.6,-0.3,-4.2,-0.9,-3.2,-6.1,-5.0,-3.2,-4.4,-4.8,-3.7,-7.6,-6.3,-7.6,-1.9,-6.1,-6.4,-7.0,-7.1,-7.5,-7.8,-2.6,-4.2,-5.4,-6.0,-6.8,-4.9,-8.9,-5.4,-7.2,-1.4,-4.5,-4.5,-3.9,-5.3,-5.6,-5.1,-5.1,-6.1,-8.3,-6.7,-3.2,-8.8,-7.8,-6.4,-8.7,-8.2,-8.7,-10.9,-4.4,-5.2,-6.7,-4.7,-4.2,-6.9,-6.1,-3.6,-7.0,-6.2,-6.3,-5.0,-7.3,-8.7,-7.1
2C7L51Lclm,0,48.109406,11.624275,4442005.24,2778646.41,537.4,583.1,304,7314,3.1,0.79,0.4,32.64,348.97,-0.529,-0.103,0.842,-0.7,0.2,-0.99,0.24,0.3,0.2,-0.3,-3.2,-1.7,0.2,0.9,0.1,-0.1,-0.5,-0.2,0.3,-2.7,1.9,-0.5,2.3,1.0,0.9,0.6,-0.2,-1.7,-0.2,-0.2,-2.2,-0.4,-0.9,1.2,0.8,4.3,1.8,-1.0,-2.2,-4.9,11.1,12.4,-3.0,-3.7,-0.6,-1.4,0.7,-0.0,3.7,-1.3,0.3,-2.1,2.0,0.9,-1.9,-0.1,-4.6,-2.4,-5.1,-1.5,-6.4,-2.0,-4.5,-1.4,-0.4,0.9,-1.0,-1.4,-1.2,1.4,-1.1,-0.3,-0.7,1.2,1.9,-1.8,-2.2,-1.2,1.9,-2.7,-0.5,-2.4,-5.3,-1.5,2.4,3.6,1.1,1.0,0.1,0.7,-0.4,-3.3,-3.8,-3.0,-1.7,-0.1,1.8,-1.9,1.4,-2.1,-2.4,-0.5,-5.5,-2.1,0.2,-4.3,-5.4,2.6,2.2,-5.0,-1.0,1.7,-0.9,0.1,1.2,0.9,0.5,-0.5,2.8,-1.1,-0.7,3.8,1.6,-0.1,-0.5,1.1,0.1,-7.2,1.7,-0.1,-2.0,-1.2,-0.6,1.5,2.5,1.0,-4.1,3.5,-1.3,0.2,-1.5,2.9,0.8,-1.3,2.8,-1.3,0.9,1.8,4.1,1.2,-2.2,-3.4,-1.0,6.6,-1.9,-0.3,-7.2,3.7,0.6,4.5,-1.7,0.4,5.5,10.8,0.3,3.4,-0.6,-0.9,2.4,1.4,-3.0,5.5,4.0,-4.2,-2.4,-4.0,0.4,0.4,-1.0,-6.2,15.3,-7.8,-4.7,-4.9,-6.3,-4.3,-7.5,-3.9,2.2,0.3,1.4,-6.8,-2.3,-5.8,-4.5,-2.0,-8.1,-6.0,-2.1,-5.7,-5.7,-3.2,-7.4,-3.5,-5.5,-8.3,-1.6,-5.1,-6.6,-5.7,-6.1,-6.0,-3.5,-5.2,-0.4,-4.2,-2.0,-6.1
2C7L51Lcln,0,48.109408,11.624297,4442006.86,2778646.76,535.7,581.4,304,7315,2.6,0.85,0.38,32.64,348.97,-0.529,-0.103,0.842,-0.9,0.1,-0.62,0.19,0.4,0.2,-0.3,-1.1,0.2,0.5,1.8,1.4,-2.0,1.4,-0.5,1.1,-1.5,2.3,1.4,0.7,2.4,3.4,0.9,2.7,0.2,-2.0,5.0,1.4,-4.1,1.4,0.5,2.0,6.0,-4.9,-8.8,-4.3,-3.1,12.2,-3.5,-2.7,-2.6,-4.3,-1.0,1.4,-0.5,4.0,-0.4,0.0,-0.5,2.1,2.2,-1.0,1.4,-2.9,-2.2,1.0,-0.4,-2.7,0.2,-5.1,0.4,0.8,0.6,-1.1,0.6,-0.7,-0.3,-0.3,-1.2,2.5,4.6,-3.5,4.2,0.1,0.3,3.1,-0.7,-0.9,0.1,-2.8,0.7,3.6,2.0,2.5,2.7,1.4,0.7,0.1,-2.6,-2.6,-1.7,-0.9,0.8,3.4,1.7,2.6,-0.3,0.5,-1.0,-2.8,-2.3,-0.3,-3.1,-2.1,-0.0,2.1,-0.7,0.5,-0.4,0.9,-1.7,0.3,2.4,-0.2,-1.6,3.0,2.3,0.3,1.4,-1.0,-1.9,-2.2,-0.3,0.1,-5.5,-4.6,-3.0,-3.4,-1.8,0.2,1.1,3.2,-2.1,0.7,0.1,-3.5,-0.2,-3.2,0.5,-2.6,-0.2,0.4,1.4,3.4,3.3,3.5,1.6,-3.5,-2.1,-1.2,-0.2,-2.7,-1.2,-6.5,0.6,0.4,0.4,0.0,-1.7,4.2,1.6,1.1,1.9,-0.2,-0.3,-0.4,1.0,-2.6,-3.7,1.9,-2.9,-2.9,-4.3,-0.1,3.9,-0.9,1.7,-1.5,-5.9,-5.1,-4.2,-12.8,-4.2,-4.3,-3.8,-2.1,-2.0,-0.8,-4.7,-3.8,-5.6,-3.2,0.7,-5.8,-3.4,-5.2,-4.0,-3.1,-4.3,-8.5,-5.9,-2.8,-2.5,-2.5,-4.9,-7.2,-1.3,-3.4,-4.5,-2.4,-5.2,-3.0,-5.0,-3.8,-4.4
2C7L51Lclw,0,48.10949,11.624936,4442054.22,2778656.91,540.5,586.2,304,7324,3.6,0.76,0.39,32.64,348.97,-0.529,-0.103,0.842,-1.0,0.2,-0.48,0.28,0.7,0.2,-0.3,-1.1,0.5,-2.2,3.0,3.1,-1.0,-1.5,-1.6,-1.2,-5.6,-0.8,4.0,-1.3,0.8,5.0,0.8,6.9,3.5,-1.7,-4.7,1.7,-0.1,-0.9,1.7,2.4,3.5,-1.2,-2.1,0.1,0.0,9.0,-1.6,-1.1,-1.5,-5.7,0.2,1.8,1.0,3.4,2.3,0.8,17.9,5.8,3.3,-1.2,2.1,-10.6,-1.7,-0.5,-1.7,-3.6,-3.9,2.8,2.7,1.0,-0.6,-5.0,-3.6,-2.5,-3.3,-5.4,-1.9,-2.9,-1.5,-6.6,14.1,-3.3,-6.6,-1.7,-0.7,-6.8,1.3,-5.8,0.1,4.8,5.3,5.0,3.1,0.2,-0.3,0.4,-1.8,-0.3,-3.1,-2.2,2.5,1.4,2.2,-1.7,-1.2,-0.9,-4.0,0.7,-1.7,0.9,-1.8,-0.5,1.4,-1.1,1.0,-0.4,1.9,-0.0,2.8,1.0,2.4,-2.2,-3.2,1.9,1.5,1.5,-0.2,0.9,0.2,-2.4,-4.0,-1.7,-3.6,-2.9,-3.2,-3.0,-1.5,-2.1,-1.4,-1.6,-0.5,-1.8,1.3,-1.0,1.8,-3.8,-0.1,7.7,-1.6,-1.1,1.2,1.7,-2.1,4.8,0.9,1.0,-4.1,-0.4,1.1,-0.4,-4.2,-5.3,-0.3,0.4,-0.7,-7.2,-2.3,-1.3,0.2,1.2,-3.7,-1.1,-0.6,0.2,-1.6,-4.4,-3.8,-2.4,-2.9,-4.6,-4.7,-0.2,-0.6,-3.2,-2.4,0.4,-9.1,-8.7,-9.6,-11.3,12.0,-4.6,-2.7,11.0,-1.7,-0.5,-5.4,-5.9,-6.6,-2.9,0.2,-6.3,1.0,-2.4,-5.1,-2.7,-3.7,-4.6,-5.4,-5.6,-5.8,-4.1,-8.0,-4.7,-0.4,-10.3,-11.7,-0.5,-0.9,-6.9,-7.2,-3.4,-5.3
2C7L51Lcku,0,48.109021,11.621136,4441772.33,2778598.53,534.3,580.0,304,7260,3.6,0.7,0.44,32.6,348.93,-0.529,-0.103,0.842,-0.8,0.2,-0.78,0.27,2.5,0.2,-0.3,-0.5,1.0,-5.1,-3.8,0.2,1.6,-2.7,2.5,-0.7,3.2,-2.7,3.2,1.6,4.7,-1.0,-5.4,0.3,0.8,-4.3,-7.3,-1.7,-4.6,2.7,-4.1,2.4,-3.4,-1.9,-2.2,1.5,-5.8,-18.8,-5.3,6.2,-6.2,-0.5,-2.3,-6.1,-3.1,-0.1,-1.7,-1.7,-0.0,0.5,-0.8,-0.9,-6.2,1.4,4.2,-1.3,-4.0,-0.6,1.0,4.1,-1.9,0.1,-0.2,-3.1,2.1,2.9,2.4,-0.1,-1.2,-3.8,4.8,1.3,1.9,4.4,1.6,3.6,4.7,2.2,1.7,1.9,1.1,1.9,1.2,-7.3,-1.7,11.8,7.0,2.9,-0.7,-4.2,-5.0,-5.1,-1.1,-3.6,-3.2,-6.5,-5.4,-3.8,-4.4,-2.5,-8.7,-6.8,-2.1,-0.4,0.2,-1.1,-1.5,-1.2,-7.9,-3.6,3.9,-0.9,8.0,-3.9,14.3,-12.5,4.3,-1.2,3.7,2.1,8.8,2.0,2.3,6.6,0.5,4.5,1.5,-0.7,0.5,2.6,-2.8,4.1,2.4,0.7,-1.3,0.5,-5.5,-9.9,-9.4,3.0,-10.3,2.3,-9.4,-8.0,4.1,0.2,2.6,1.1,-1.1,-3.6,-4.6,-0.6,-2.1,4.6,-2.4,-0.7,1.8,-0.8,1.9,-1.6,-3.8,-4.0,-5.5,-2.9,-4.3,-4.9,-3.0,-6.9,-7.3,-4.7,-6.4,-8.2,-1.8,-5.4,-0.9,-4.1,-1.1,-2.3,-5.8,-6.1,-3.2,-1.3,0.5,-2.4,-2.0,2.2,-0.3,-2.7,-0.9,-3.0,-5.2,-3.7,-6.7,-3.7,-5.9,-6.2,-6.3,-5.1,-5.6,-5.2,-1.7,-3.9,-3.5,-1.8,-7.2,-9.6,-0.7,-5.9,-3.7,-4.3,-4.1,-2.4,-3.8,-2.6,-2.6
2C7L51LclG,0,48.109189,11.622441,4441869.1,2778619.28,536.2,581.9,304,7282,3.3,0.77,0.44,32.61,348.93,-0.529,-0.103,0.842,-0.5,0.2,0.22,0.25,1.5,0.2,-0.3,2.2,-0.1,-2.8,-3.5,-1.8,-0.4,-1.5,0.1,-1.2,0.6,-0.1,1.7,-2.7,-0.0,-2.7,-3.5,-3.5,-5.2,-5.9,-3.4,-4.8,-3.8,-3.8,-2.7,3.5,-1.5,-2.8,-4.1,-1.9,-3.1,-21.0,-7.9,-7.7,-6.4,-7.5,-0.9,-9.0,-2.0,-0.4,-1.2,-1.1,-0.9,-0.6,-1.2,0.9,-1.2,-2.1,-1.6,-1.4,-0.5,-2.8,-0.9,-3.4,-2.1,-3.0,-1.4,-2.3,-3.8,-1.3,-1.5,-1.4,-1.0,-13.6,-1.2,1.0,-0.5,1.0,1.9,1.9,-0.4,-0.7,-3.1,-2.5,-4.3,-2.2,0.2,0.1,-5.1,-4.7,0.5,-8.3,-7.9,-2.3,-9.1,-2.7,-2.9,-6.2,-7.9,-16.7,-0.9,-1.7,0.8,-3.4,-3.9,-2.2,-5.5,-1.3,-1.1,-1.1,-4.0,-5.9,1.2,0.5,-3.4,-2.2,-3.1,-5.9,-1.1,-1.6,-3.6,-6.8,-3.6,-5.5,-4.3,-6.0,-6.8,-2.4,-2.7,-5.0,-4.4,-5.7,-7.1,-4.9,-4.1,-3.8,-0.1,-7.9,-5.6,-4.1,-5.2,-13.6,-7.9,-9.7,-6.5,-5.1,-4.0,-1.4,-3.1,-1.8,0.3,-5.4,0.5,-1.9,-3.4,-1.5,-3.6,6.6,-2.2,-2.5,-1.3,-3.6,-6.4,-14.6,0.1,-3.3,-6.5,-3.6,-7.9,-7.0,-11.4,-6.7,-7.3,-5.3,-6.4,-4.4,3.0,-7.6,-1.9,-10.5,-3.7,-7.2,-7.0,1.5,-2.8,0.7,4.3,-3.5,-3.9,1.8,-3.1,-6.9,-4.7,-2.0,-3.5,-2.5,-2.1,-2.5,2.3,-5.5,-7.6,-7.0,-3.4,-3.4,-7.2,-13.1,-4.4,-1.9,-4.4,-4.1,-4.2,-5.9,-3.6,-8.1,-10.2,-2.8,-4.8,-4.0,-5.2
2C7L51LclM,0,48.109224,11.622719,4441889.73,2778623.71,534.3,580.0,304,7288,4.4,0.57,0.51,32.61,348.93,-0.529,-0.103,0.842,-0.7,0.2,-0.4,0.34,3.5,0.3,-0.3,-1.9,-1.7,-2.8,0.2,-4.1,-0.4,-5.4,-8.9,-1.6,-4.0,-2.8,-1.2,0.3,-4.0,-7.3,1.5,3.9,-2.9,-3.2,-3.7,-4.1,-4.0,-4.4,-1.8,-1.7,-0.4,-4.9,-14.9,-5.0,-8.7,2.6,-5.5,-12.5,-9.5,-9.1,-3.2,-4.3,0.2,-4.4,-4.1,-3.4,-0.3,-0.4,-17.7,1.0,-5.3,-0.7,0.6,-2.8,0.7,-1.8,-1.7,-0.2,-5.6,-1.6,-2.6,-0.2,-9.9,2.0,-1.6,3.2,6.1,3.5,4.5,-5.7,1.6,-0.1,-2.1,-1.5,-2.5,2.5,2.5,-0.4,-5.3,-2.7,-11.1,-4.4,-8.0,-8.7,-5.8,-3.6,-4.6,-0.2,-4.9,-5.7,-3.9,-4.1,0.4,-6.8,-6.1,-8.2,-7.3,-14.4,-10.7,-16.6,-15.1,-8.4,-5.9,-5.0,-4.5,-6.0,-6.1,-7.8,-3.0,-3.2,-6.5,-6.3,-2.8,8.8,-6.7,-2.0,-2.5,-3.3,-9.6,-3.7,7.0,-3.6,9.3,0.8,-3.9,-15.4,-0.6,-0.1,-3.2,-3.6,-5.3,-2.1,-3.4,-3.0,1.3,-12.6,-12.2,-7.9,-10.3,-12.7,-7.5,-4.1,-3.7,-4.8,-5.5,1.7,-0.2,-7.3,-5.0,-1.7,-5.7,-5.8,-1.1,-0.0,0.2,0.9,-1.9,0.2,-2.9,-5.9,-3.6,-1.3,-4.6,-4.7,-4.2,-3.8,-9.6,-5.5,-5.9,-8.5,-6.1,-10.4,-0.2,-8.5,-4.3,-8.9,-6.7,-20.4,5.6,-13.5,3.8,9.3,0.5,-1.7,3.3,-5.4,-5.6,-2.0,-5.1,2.9,-0.4,-17.6,-9.0,-14.4,-8.5,-9.3,-23.2,-9.2,-16.2,-10.6,-6.2,-6.6,-11.7,-14.0,-7.2,-3.7,-5.1,-10.0,-5.0,-8.2,3.4,-2.1,-1.3
2C7L51Lcm6,0,48.109566,11.625382,4442087.27,2778666.07,536.3,582.0,304,7334,3.7,0.75,0.44,32.65,348.97,-0.53,-0.103,0.842,-0.8,0.2,0.22,0.28,0.6,0.2,-0.3,-13.3,8.3,-11.2,10.2,10.4,12.4,12.6,-9.0,-2.7,-12.6,3.3,5.2,-5.2,-2.8,-3.2,-5.6,-3.4,-2.7,-1.0,-0.7,-3.4,-2.4,0.5,1.2,0.8,-2.1,0.6,-11.0,-5.7,-4.0,6.3,-5.0,-5.6,-4.6,-3.6,-4.1,-2.3,-0.5,-1.0,-1.1,2.0,9.3,2.4,0.5,1.0,0.7,-3.4,-1.4,-4.4,-4.0,-2.0,-3.7,-1.7,-3.9,-3.3,-3.3,-4.5,-3.5,-3.0,-3.4,-2.3,-8.1,8.6,-3.5,-2.9,-7.7,0.3,-8.8,-4.0,-2.8,-5.0,-3.8,-7.2,-4.0,-2.4,-4.4,-4.7,-1.7,-0.9,-0.1,-4.4,-1.2,-6.4,-1.4,-5.4,-1.0,-1.4,0.3,-3.6,-1.6,-2.6,-3.8,-7.6,-6.7,-5.4,-7.4,-5.1,-2.0,-2.5,0.1,-3.8,-0.9,-3.4,0.5,-0.7,-1.9,-3.6,-0.7,-1.9,-4.1,-3.0,-2.0,-9.3,-1.5,-3.2,-2.1,-2.2,-3.8,-0.1,-2.8,3.7,-3.6,-4.0,-7.4,-4.0,-1.6,0.8,-3.5,-2.1,-2.6,-3.8,-4.3,-4.4,-4.5,-2.0,-2.9,-2.4,-5.4,2.3,0.7,6.3,-4.0,-2.4,-1.2,-2.3,-4.4,-4.5,-2.9,-3.1,-2.5,-4.3,-2.1,-2.2,-2.0,-3.0,-4.8,-5.9,-4.7,-3.2,-2.0,-5.6,-5.8,-3.0,-4.3,-6.2,-0.7,-5.4,-2.4,-4.0,-0.7,-2.0,-6.1,-13.2,-11.2,-2.2,-1.1,-8.1,-5.6,-11.5,-6.1,-5.9,-6.0,-3.6,-3.6,-3.8,-5.9,-5.0,-5.0,-2.1,-5.5,-4.3,-5.2,-5.7,-9.1,-8.3,-5.7,-6.4,-6.3,-4.8,-3.0,-0.8,-5.3,-3.9,-3.5,0.2,-2.8,-4.2,-4.3
2C7L51Lcm7,0,48.109569,11.625404,4442088.93,2778666.43,534.7,580.3,304,7335,2.1,0.9,0.32,32.65,348.97,-0.53,-0.103,0.842,-0.8,0.1,-0.45,0.16,0.1,0.1,-0.3,-2.4,2.1,-0.1,-0.7,-1.9,-1.8,1.4,-0.0,1.4,15.4,1.4,-0.5,-0.4,1.5,0.4,0.5,-0.6,-0.1,0.3,-1.6,-1.3,-2.6,0.2,-0.3,0.2,-0.3,2.8,3.2,0.8,-1.1,-7.4,-4.8,-3.7,4.2,-1.4,-2.5,-1.1,0.6,1.3,0.4,1.5,0.1,0.9,-0.7,0.7,-2.4,-1.0,-2.2,-3.2,-1.2,-2.1,-0.8,0.1,-0.6,-1.4,-1.8,-2.5,-3.2,1.7,1.5,-4.0,-2.7,2.0,-4.4,-0.2,1.2,3.2,-1.2,-2.3,-0.2,-0.4,-1.2,-3.3,-0.9,2.9,0.1,0.7,-0.7,1.1,1.1,-3.1,0.5,-0.3,0.8,-2.3,2.2,0.8,2.2,0.7,2.7,1.4,-0.4,-1.3,-3.8,-2.8,-3.5,-2.5,0.6,0.3,1.3,0.2,0.3,-2.7,1.9,0.0,0.8,0.4,-1.0,0.8,0.0,-0.5,0.2,-1.9,0.9,0.8,-1.3,-1.1,-1.1,0.0,-2.5,-0.7,-1.3,-1.8,-1.1,-0.8,-0.3,-0.4,-1.7,-0.7,0.5,-2.6,-2.5,1.9,-2.2,-0.8,1.1,0.6,1.6,3.1,2.3,0.3,1.0,-1.3,-1.3,-1.9,-3.6,0.2,-1.3,-0.1,-0.3,-2.3,-1.3,-1.0,-1.4,0.1,-3.4,-2.4,-3.0,-1.8,1.5,-1.8,-4.2,-1.3,-4.3,-4.7,-2.8,1.1,-0.7,-0.1,0.6,-0.0,-4.3,-4.3,-2.0,-5.2,-1.8,-7.5,-4.0,-1.9,-4.7,-4.4,-4.2,-2.4,-0.7,-1.3,-4.5,-3.3,-2.3,-3.0,-1.4,-2.6,-0.9,-4.5,-8.4,-6.1,-2.5,-4.1,-3.7,-4.4,-3.4,-3.8,-3.8,-4.0,-4.3,-4.3,-2.6,-3.8,-3.6
2C7L51Lckt,0,48.109036,11.621105,4441769.98,2778600.09,535.8,581.5,304,7259,2.2,0.87,0.34,32.6,348.93,-0.529,-0.103,0.842,-0.9,0.1,-0.29,0.16,2.1,0.1,-0.3,1.6,1.0,-0.1,-0.9,0.4,1.3,-0.9,-0.8,-0.4,1.3,1.8,1.9,-0.6,-1.1,-3.5,-1.6,-3.2,-5.3,-3.8,-4.9,-3.8,-2.1,0.3,-2.5,-3.1,-3.2,0.3,-0.2,-4.1,-3.6,-20.4,-8.3,-8.1,-7.7,-4.3,-4.1,-6.2,-2.3,-2.9,-2.9,-1.8,-3.6,-3.7,-1.9,-4.0,-2.8,-1.5,-4.1,-2.1,-3.2,-3.4,-0.4,0.4,3.3,-1.1,-0.6,-2.3,-1.9,-2.0,-1.1,-1.5,-1.6,-5.1,-0.5,-0.1,-1.6,0.4,-1.3,-0.3,-0.8,-0.9,-3.6,-2.0,-2.7,-3.1,-1.2,-4.3,-0.6,-3.8,-1.5,-1.7,-5.4,-7.4,-5.0,-0.9,-3.8,-1.9,-2.1,-3.3,-4.4,-2.9,-4.7,-3.7,-7.4,-6.5,-1.5,-3.5,-4.4,-3.2,-3.9,-3.9,-4.9,-0.4,-4.3,-2.6,-6.4,-2.4,-3.9,-1.3,-1.0,-2.2,-2.0,-1.6,-1.9,-1.7,-2.0,2.9,-1.7,-1.4,-1.5,-2.4,-2.9,-2.4,-3.6,0.2,-2.6,-1.0,-2.1,-3.2,-5.4,-10.7,-5.9,-1.2,-7.2,-5.6,-7.2,-1.7,-0.9,-2.3,-0.4,-3.9,-3.0,-3.6,-5.3,-3.2,-4.3,0.4,-2.1,-2.1,-3.2,-2.3,0.2,-3.8,-3.8,-4.1,-4.8,-5.3,-4.6,-6.9,-4.9,-8.9,-6.1,-5.1,-8.5,-6.6,-2.4,-9.7,-2.9,-5.5,-4.9,-3.5,-7.1,-8.4,-4.3,-3.0,-1.5,-4.1,-4.3,-1.9,-1.9,-3.4,-2.9,-4.2,-7.5,-6.1,-7.0,-4.0,-2.1,-9.8,-12.0,-5.6,-7.4,-8.1,-10.1,-10.8,-8.4,-6.4,-7.0,-7.3,-3.7,-3.8,-4.6,-4.4,-4.5,-4.6,-5.0,-5.8,-5.0
2C7L51LclR,0,48.1093,11.623161,4441922.51,2778632.8,541.3,587.0,304,7293,2.2,0.9,0.29,32.61,348.93,-0.529,-0.103,0.842,-0.7,0.1,-0.21,0.17,1.2,0.1,-0.3,-1.0,-0.2,-1.1,-1.2,-1.4,4.0,-0.6,0.8,-0.2,4.3,0.9,4.3,-0.8,-0.5,-2.0,-1.5,-1.5,-1.2,-2.9,-1.6,-3.7,-4.5,-1.0,-0.9,-2.5,-0.8,-0.5,-0.9,-3.0,-5.1,-18.3,-4.6,-6.6,-5.7,-6.3,-4.4,-4.8,0.9,0.2,0.3,-1.5,-0.5,-1.5,-1.2,-1.7,-2.1,-1.7,-2.1,-2.5,-0.2,-1.5,-1.9,-1.2,-0.5,-1.2,-0.8,-0.6,-0.9,-1.1,-0.1,-0.9,-1.5,-12.2,-1.1,-1.6,2.7,-1.4,-4.4,0.0,-1.8,1.5,-2.0,-0.6,-1.7,-1.8,-1.9,-1.5,-2.7,-1.7,-3.1,-1.9,-4.7,-2.0,-3.2,-2.4,-2.7,-2.9,-2.2,-3.4,-3.9,-3.6,-4.3,-2.4,-3.7,-2.9,-4.3,-3.3,-3.0,-0.9,-1.7,-1.2,-1.0,-1.7,-2.3,-2.5,-1.8,-1.8,-0.8,-1.2,-2.9,-1.2,-1.7,-1.6,-3.8,-1.3,0.0,-2.1,-2.8,-2.4,-3.0,0.5,-1.1,-3.5,-2.9,-1.4,-1.0,-0.7,-1.5,-1.7,-2.7,-5.3,-3.6,-1.8,-5.9,-4.5,-3.8,-2.7,-2.4,-0.7,-0.4,-1.3,-3.1,-2.6,-2.7,-2.2,-3.3,-8.4,-3.1,-1.9,-0.9,-0.6,-2.6,-2.7,-4.4,-3.0,-2.0,-5.0,-4.1,-4.0,-4.2,-4.7,-6.4,-3.1,-5.1,-7.7,-3.1,-3.2,-2.7,-2.8,-4.0,-4.5,-6.3,-7.7,-5.9,-1.3,6.0,-6.9,-3.8,5.5,-3.9,-4.6,-4.0,-4.9,-6.4,-5.5,-4.6,-4.8,-4.9,-5.4,-5.5,-5.8,-5.5,-6.3,-5.8,-8.0,-5.9,-4.6,-5.6,-4.3,-3.8,-4.9,-5.1,-4.7,-4.1,-3.5,-4.8,-4.7,-6.0
2C7L51Lclu,0,48.109487,11.624617,4442030.5,2778655.98,531.4,577.1,304,7322,2.6,0.83,0.37,32.64,348.97,-0.529,-0.103,0.842,-1.3,0.1,0.78,0.21,0.2,0.2,-0.3,1.7,2.3,1.8,0.8,0.5,-0.8,1.1,0.5,-2.4,1.2,-0.1,-1.3,-0.4,1.1,0.2,0.1,1.1,-0.2,-0.3,-0.7,-3.9,-1.0,-1.3,-4.8,-4.1,-5.1,-4.4,-5.4,-6.7,-6.6,-18.2,-7.2,-4.0,-5.1,-9.0,-5.3,-4.3,-4.6,-2.5,-2.6,-4.2,-3.7,-0.3,-6.0,-3.0,-9.0,-5.8,-6.9,-8.0,-6.6,-8.3,-5.2,-4.6,-3.3,-2.5,-3.0,-2.4,-2.8,-3.4,-4.8,-5.2,-3.2,-3.7,-3.6,-2.9,-5.1,-5.1,-3.1,-4.6,-8.5,-3.9,-12.3,-8.8,-4.9,-5.5,-0.5,-3.5,-7.3,-2.4,-2.0,-6.1,-5.6,-9.5,-6.1,-4.7,-3.9,-4.7,-5.9,-4.7,-7.1,-6.2,-6.6,-6.3,-9.1,-7.5,-5.1,-6.4,-0.5,-3.5,-4.9,-7.5,-4.8,-6.1,-6.4,-3.9,-3.1,-4.9,-6.8,-3.1,-6.9,-8.7,-8.0,-7.4,-6.6,-6.5,-8.0,-9.7,-11.2,-8.4,-9.5,-6.8,-8.6,-6.7,-8.4,-7.3,-13.4,-6.6,-5.1,-5.6,-6.2,-13.9,-8.8,-9.2,-3.3,-2.9,-10.3,1.1,-12.2,-2.7,-3.6,-9.7,-8.5,-7.9,-6.9,-7.4,-7.8,-5.4,-6.4,-7.4,-7.8,-8.1,-8.0,-8.1,-9.8,-4.4,-10.8,2.2,-7.6,-9.6,-4.9,-3.5,-5.7,-7.8,-7.5,-8.3,-7.4,-2.7,-5.2,-6.3,-5.7,-6.7,-9.2,-9.1,-7.6,-9.2,-8.3,-8.9,-7.7,-14.0,-9.4,-7.8,-8.7,-8.3,-10.2,-11.2,-6.3,-8.6,-5.2,-9.9,-9.5,-8.0,-9.1,-8.9,-10.7,-9.6,-10.0,-6.0,-7.6,-10.9,-11.3,-6.9,-8.4,-11.9,-7.7,-9.0,-8.6,-7.7,-8.1
2C7L51LcmK,0,48.109688,11.626186,4442146.86,2778680.93,535.4,581.1,304,7348,2.2,0.85,0.39,32.65,348.97,-0.53,-0.103,0.842,-1.2,0.1,-0.33,0.17,1.8,0.1,-0.3,-0.1,-1.3,-1.0,-1.1,-0.5,-1.3,-1.4,-1.2,-0.4,-2.3,0.4,0.5,-0.1,-0.6,-1.6,-1.2,-3.3,-3.5,-3.0,-4.5,-1.5,-5.8,-3.3,2.0,-2.8,-6.7,-0.7,-3.3,4.6,-6.6,-14.4,-7.7,-4.8,-5.0,-5.5,-6.3,3.3,1.7,2.1,1.1,-1.8,-1.5,0.9,7.8,-0.4,1.6,2.4,3.4,1.6,-1.7,-0.1,0.1,-0.3,-1.1,-0.7,0.8,-0.3,-0.3,-1.5,-1.3,-1.7,-1.9,1.0,-2.6,-1.8,-2.1,-1.6,-1.8,-0.2,-1.2,-1.8,-0.5,-1.4,-0.7,-1.2,-2.1,0.1,-4.0,-2.7,-4.7,-3.7,-4.5,-1.4,-3.8,-3.4,-5.0,-2.4,0.0,-2.9,-1.4,-1.4,-9.6,-2.7,-7.5,-5.2,-6.9,-3.0,-3.4,-2.1,-1.3,-0.2,-1.2,-0.6,-3.8,-2.6,-2.2,-3.8,-1.7,0.4,-2.8,-1.4,-1.7,-0.8,-3.0,-2.3,-2.1,0.5,-1.0,-0.6,-2.8,-3.1,-0.6,0.1,-1.6,-2.9,-3.0,-2.2,-3.4,-2.4,-4.2,-5.7,-5.3,-7.3,-9.5,-9.4,-5.3,-5.3,-5.4,0.2,-0.3,-2.8,-2.7,-2.6,-2.3,-2.0,-2.3,-2.2,-0.1,0.2,-2.6,-3.2,-0.2,-2.7,-3.0,-1.5,-0.9,-3.1,-4.0,-3.7,-4.2,-6.0,-8.8,-7.0,-8.6,-9.1,-3.9,-3.3,-4.6,-4.8,-4.7,-4.5,-7.3,-7.6,-5.7,-5.1,-5.2,-4.2,-5.4,-5.3,-4.7,-6.4,-6.4,-7.1,-7.5,-6.6,-8.8,-3.8,-8.8,-6.3,-8.1,-7.9,-10.3,-10.8,-10.5,-8.1,-7.7,-7.6,-4.7,-7.3,-5.1,-5.9,-5.0,-5.6,-2.8,-3.0,-4.0,-2.3,-5.6
2C7L51LcmP,0,48.10971,11.626352,4442159.2,2778683.58,531.8,577.5,304,7353,4.4,0.61,0.45,32.65,348.97,-0.53,-0.103,0.842,-1.6,0.2,0.38,0.34,1.4,0.3,-0.3,-3.2,-1.9,0.6,-2.3,-1.9,-1.6,-9.6,-4.6,3.3,-6.0,-1.7,-2.3,1.8,-0.4,0.1,0.8,2.0,1.2,6.4,-1.6,11.9,7.3,-2.3,3.3,4.6,-13.5,3.7,-9.9,-6.5,-1.0,-3.9,1.7,0.5,-14.0,-4.3,-11.1,6.9,-0.3,10.1,5.2,-1.3,-0.7,8.2,-8.4,1.4,0.3,-6.9,-6.3,-4.2,-7.1,-3.4,-5.9,-0.1,-0.0,-8.8,1.5,-3.6,-4.0,-5.3,-2.0,-3.1,-4.4,-1.1,-2.9,2.0,-5.2,-2.7,12.0,-3.5,-0.7,-8.4,-1.4,-4.4,-1.1,1.0,-1.0,2.4,-2.7,-3.4,1.8,-3.4,-6.7,-6.5,-9.0,-7.9,-9.7,-11.1,6.4,-11.6,-10.1,4.4,-8.0,-9.8,-11.9,-11.6,-6.9,-4.5,-12.9,-3.3,-8.3,-7.7,-7.4,-2.9,-5.3,-3.9,-2.7,-4.4,-10.9,-3.8,-3.8,-7.1,-6.6,-7.4,-8.1,-7.1,-9.1,-10.4,-8.3,-7.2,-7.8,-4.4,-5.3,-5.3,-1.5,3.0,0.4,-1.5,-1.7,-0.5,1.3,-4.3,-13.4,-9.6,-14.8,-8.0,-7.4,2.2,-4.5,-2.9,-0.1,-7.3,-5.2,-6.9,-4.1,-8.0,-7.1,-8.7,-5.4,-3.9,-3.0,-4.1,-5.9,0.2,-2.1,-3.0,-3.0,-2.5,-3.8,-10.9,-14.0,0.7,2.2,-19.1,-15.2,-14.4,-5.8,-6.8,-7.7,-9.7,-7.2,-8.3,-9.8,-12.9,-5.4,-5.9,-5.5,-5.0,-6.4,-8.4,-8.4,-6.3,-8.4,-4.5,-9.4,-9.5,-4.3,-7.0,-11.2,-9.1,-11.5,-5.6,-8.4,-6.6,-7.7,-8.5,-8.8,-7.4,-11.8,-12.0,-8.7,-8.9,-9.1,-10.3,-8.8,-7.9,-7.4,-9.0,-7.0
2C7L51Lcmw,0,48.10997,11.628381,4442309.73,2778715.85,539.0,584.7,304,7386,2.6,0.85,0.37,32.66,348.97,-0.53,-0.103,0.842,-1.0,0.1,-0.61,0.2,0.7,0.2,-0.3,1.3,0.2,2.6,1.8,-0.7,-3.7,-0.1,-1.2,0.6,-1.3,1.8,-0.3,-1.1,1.1,-0.4,0.3,-0.8,0.7,-0.4,-0.7,-2.2,1.0,-2.9,-3.8,-2.7,0.5,-2.1,-1.6,-2.8,-0.4,-3.3,-3.3,-7.4,1.9,-1.7,-1.3,-2.1,-3.2,-1.4,-0.3,-1.3,10.8,2.5,-2.3,-0.7,-1.2,-3.1,-3.9,-0.9,-1.8,-2.6,-0.2,-5.0,-0.2,-0.8,0.4,-3.7,-1.0,-1.8,-3.5,-3.6,0.1,0.4,0.7,12.4,8.4,4.3,-0.3,5.0,-1.6,-10.0,-4.2,-2.5,1.1,-1.9,-1.8,-3.4,1.5,-2.8,-1.3,-4.0,-2.8,-2.4,-3.5,-0.9,-0.4,-0.1,0.3,-1.4,-2.0,-2.7,-2.4,-4.3,-4.7,-4.8,-3.2,1.6,-1.9,-2.0,-2.5,-2.1,-3.0,-0.9,1.2,-1.3,-0.2,-0.9,-0.1,0.1,-5.2,-2.0,-3.0,2.1,-1.6,1.2,-1.2,-1.6,-1.8,-3.3,-1.3,-1.7,0.3,-3.1,0.5,0.7,2.6,-2.1,-0.8,-3.3,-1.5,-6.3,-1.8,-0.7,-0.9,-3.3,-3.6,-2.1,-0.5,1.2,2.3,2.0,-0.6,-0.4,-1.3,-0.0,-2.8,3.5,0.6,0.2,-0.3,-1.5,-0.9,-1.2,0.9,-1.7,-1.0,-5.7,-1.4,-4.5,-1.8,-5.6,-2.9,-4.6,-4.6,-5.9,-3.5,-0.1,-2.1,-1.8,-3.9,-2.9,-3.9,-4.4,-16.7,-3.8,-6.4,-7.9,-2.0,-5.6,-3.6,-5.5,-4.1,-5.3,-7.3,-5.2,-5.4,-5.9,-3.4,-2.0,-7.7,-6.5,-6.3,-5.4,-5.2,-2.6,-5.3,-1.5,-3.4,-6.1,-2.0,-5.7,-5.9,-6.6,-5.3,-6.1,-8.3,-4.2,-5.2
2C7L51Lcl8,0,48.109171,11.622017,4441837.61,2778616.67,538.2,583.9,304,7274,2.7,0.8,0.36,32.6,348.93,-0.529,-0.103,0.842,-0.3,0.1,-0.23,0.2,1.8,0.2,-0.3,1.8,0.2,-1.4,0.4,-0.2,1.9,-3.9,0.2,0.5,1.2,0.4,2.3,-2.0,0.1,-3.9,-1.8,-4.7,-0.4,-0.1,-3.1,-2.4,-1.4,-4.6,-2.9,-3.4,-0.2,-0.7,-1.1,-6.8,-7.6,4.4,-6.5,-13.0,-8.3,-12.4,-8.1,-6.4,-4.0,-3.3,-7.1,-3.4,-5.7,-4.4,-4.4,-7.1,-4.6,-2.5,-0.4,-3.3,-4.3,-3.9,-1.4,-3.6,-0.8,-0.9,-0.2,-0.3,-0.9,-2.2,-4.1,-1.6,-0.6,0.7,-0.1,0.1,0.3,-3.0,-0.1,-1.6,-1.2,-1.7,-3.9,-1.8,4.1,-1.5,-1.7,-1.1,-0.9,-1.1,-4.5,-3.3,-8.4,-3.2,-9.3,-5.0,-4.9,-5.2,-5.0,-3.1,-10.9,-3.9,-5.0,-4.6,-5.4,-2.6,-7.3,-3.5,-4.6,-2.2,-5.2,-1.3,0.4,-0.8,-2.5,-3.2,-8.4,-2.6,-1.7,-3.2,-4.0,-1.8,-3.4,-2.4,-5.1,-0.3,-3.0,-2.8,-6.1,-1.9,0.5,-0.9,-5.7,-0.8,-1.5,-2.2,-3.1,-1.9,-5.2,-4.7,-4.3,-6.7,-5.2,-1.0,-5.4,-2.7,-2.7,1.8,-2.3,-1.4,1.6,-0.0,1.6,-0.2,0.6,2.7,1.6,4.7,2.9,2.6,-0.7,1.4,-3.1,-4.1,-6.1,-2.4,-4.3,-4.9,-2.7,-2.0,-2.4,-3.2,-7.5,-0.4,-3.8,-7.7,0.3,-0.0,-0.6,-0.5,-3.6,-5.4,-8.1,-4.3,-6.5,-13.8,-6.9,0.8,-3.6,-5.6,-1.6,-2.1,-1.6,-1.7,-4.3,-2.2,-6.5,-7.2,-5.2,-7.5,-5.3,-6.1,-6.5,-7.3,-7.0,-6.6,-4.3,-3.3,-4.9,-4.4,-3.1,-1.7,-1.7,-5.5,-1.6,-2.5,-5.2,-1.6,-1.9
2C7L51LclC,0,48.109184,11.622115,4441844.84,2778618.23,533.4,579.2,304,7278,4.6,0.61,0.48,32.6,348.93,-0.529,-0.103,0.842,-0.3,0.2,0.42,0.35,1.3,0.3,-0.3,0.6,-3.6,-1.3,4.4,-1.7,0.8,5.3,-5.9,-3.9,-11.1,9.1,1.0,3.9,1.7,2.1,0.7,9.4,-13.6,12.7,8.7,-9.7,12.1,-12.0,4.5,7.5,6.2,1.3,-5.4,6.0,11.1,7.6,-7.1,2.3,1.5,2.8,-2.3,-1.9,-0.2,3.9,8.6,7.6,-9.1,0.2,-3.3,0.0,3.7,4.3,-4.8,-9.6,1.6,-0.5,-4.2,0.2,-4.0,5.3,-7.8,0.8,1.5,-0.7,-6.0,-0.2,-2.4,3.9,-4.6,0.1,-5.3,-2.2,0.1,-6.1,-1.0,-5.2,-4.5,-1.5,-0.5,0.7,3.3,2.4,0.9,2.9,-1.7,-3.3,0.9,6.3,0.8,2.6,2.6,1.8,-3.6,0.3,4.2,-8.7,-0.3,-3.1,8.4,-1.6,3.4,4.7,4.9,4.4,2.7,0.1,12.4,12.4,11.0,-3.6,5.6,4.1,-2.4,-11.1,-8.0,-0.5,-0.1,0.7,0.1,-0.7,1.0,-5.7,-2.4,4.5,3.7,2.3,1.1,3.2,-3.6,-4.7,-2.8,-5.3,-3.5,4.2,-1.8,-1.6,0.2,4.0,-0.9,-5.8,-4.9,-1.7,5.3,0.6,2.2,4.5,2.6,-2.0,-3.1,-14.8,-6.7,-1.5,-6.2,-4.9,-1.3,0.6,-0.5,-3.3,-1.2,-2.6,-7.0,-5.4,-2.5,-1.4,-2.4,-0.4,-2.3,-2.3,1.7,-0.7,4.4,5.5,0.4,-2.7,5.1,1.6,-2.5,-3.1,2.2,0.2,4.0,1.3,0.1,5.3,0.0,0.9,0.7,-0.8,2.4,-0.7,1.0,-0.7,4.3,1.4,2.3,0.3,0.7,-3.9,-0.6,-1.9,-2.4,-6.5,1.3,-1.5,0.8,-2.2,-0.5,0.6,-0.9,-0.6,-0.8,2.9,-0.7
2C7L51Lcli,0,48.109419,11.623943,4441980.45,2778647.31,533.4,579.1,304,7310,4.3,0.62,0.48,32.64,348.97,-0.529,-0.103,0.842,-1.3,0.2,-0.71,0.33,1.4,0.3,-0.3,-0.4,-0.9,-2.4,1.4,-1.2,-8.5,-0.8,-5.4,-2.3,-0.6,3.3,-1.2,0.7,-0.2,-0.8,-0.7,0.0,-0.5,-5.3,-2.4,10.0,8.0,6.4,4.6,13.4,9.8,9.6,7.7,6.6,6.6,13.5,-1.3,0.2,10.8,-2.2,1.4,2.3,0.2,2.8,3.2,4.2,0.6,-1.4,3.1,5.1,5.8,-4.2,1.4,1.6,-11.0,-3.7,-3.2,1.1,-7.1,-2.6,-4.7,2.7,0.6,0.1,-3.8,-2.0,-2.3,-0.2,-3.4,-2.3,15.4,0.4,1.3,0.3,1.2,0.3,1.1,-2.6,3.3,4.2,1.2,2.5,0.3,0.0,0.8,-2.0,8.5,5.0,-6.7,3.9,-0.3,1.9,1.8,1.0,-0.0,-1.7,-8.0,7.6,-1.9,-0.2,0.8,1.5,0.9,0.9,7.7,6.1,6.2,-4.3,-0.7,-2.5,-2.4,2.1,5.8,-2.1,0.2,1.3,2.6,7.1,6.6,-1.2,-2.1,-1.0,-2.5,-2.7,3.7,0.6,-3.2,-1.2,-3.7,-1.9,-3.3,-1.1,-0.7,0.0,-1.4,3.4,-1.3,5.4,0.2,-4.2,-8.1,-5.6,-1.0,4.2,2.1,0.4,-2.0,-0.9,5.4,1.5,-10.6,1.8,0.7,-0.5,-1.0,-2.3,-1.5,-1.6,-0.7,-2.3,-2.4,-4.4,5.9,-2.3,2.2,-3.2,-3.3,2.9,-4.8,-3.9,-4.2,-4.7,0.8,3.3,1.6,-2.3,-2.3,1.4,5.5,3.0,-7.4,-3.6,-3.3,-12.4,-5.5,-2.2,-1.9,-2.1,0.8,-3.1,-4.1,-5.2,-0.9,-2.0,-1.4,-8.1,4.4,-6.5,-5.3,-12.5,-7.1,-13.1,8.4,-5.0,-4.8,-5.5,-9.4,2.8,-10.1,-8.1,-11.0,-17.0,5.1
2C7L51Lclr,0,48.109506,11.624626,4442031.13,2778658.17,540.4,586.1,304,7319,3.5,0.74,0.47,32.64,348.97,-0.529,-0.103,0.842,-0.5,0.2,0.04,0.27,1.6,0.2,-0.3,-5.2,-1.7,-3.0,11.2,-6.2,-5.2,-7.1,4.7,5.1,4.7,-0.9,-7.2,3.1,7.3,-4.8,-2.1,-3.0,2.8,-0.2,-0.3,-2.0,-3.4,-8.6,-0.9,-5.5,-1.7,0.2,-5.1,-0.1,-7.0,-20.0,-5.4,-6.6,-5.8,-5.5,-3.1,-5.0,-2.9,-4.5,-2.1,-2.9,-5.3,-4.0,2.9,-7.6,-5.2,-1.8,-2.0,-2.0,1.5,0.4,4.1,1.8,4.8,0.1,-0.7,-1.1,0.5,1.0,3.0,3.7,-13.3,-0.2,-3.3,-7.5,-4.1,-1.8,-10.3,-8.1,-0.9,-13.3,-3.3,8.0,-7.8,-5.1,-0.4,-3.1,-4.1,-2.7,-2.7,-2.1,-3.1,-3.9,-6.7,-4.2,-3.6,-2.6,-0.8,-4.0,-6.6,-9.1,-3.9,-6.6,-7.8,-3.7,1.1,-5.7,1.6,-3.9,-1.6,-4.4,-1.8,-2.0,-2.9,-1.0,-1.3,-0.2,-2.7,-1.8,-4.8,-0.6,0.7,-2.2,-3.2,-2.9,-8.5,-3.1,-4.3,-4.6,-2.2,-1.0,-0.7,-0.8,-5.2,-0.2,-3.2,-7.3,-1.2,-3.2,-3.8,-1.1,-6.1,-3.1,-6.0,-5.5,-8.5,0.4,-3.0,-2.1,-1.3,1.7,-4.5,-1.2,1.6,2.0,0.5,1.2,-2.7,-2.9,-7.2,0.2,-2.0,-5.5,-6.1,-4.4,-4.7,-4.4,-7.3,1.9,0.7,-7.4,-6.9,-4.1,-7.9,-7.8,-7.0,-12.8,-4.3,-1.4,-3.7,-6.3,-5.0,-4.6,-5.1,-1.8,-1.4,-2.4,-3.4,-7.7,-1.9,-3.5,0.7,-5.3,0.4,-0.8,-3.7,-4.1,-4.3,-7.3,-4.8,-6.4,-3.5,-6.3,-6.1,-5.7,-7.1,-7.7,-4.9,-2.5,-4.0,-5.2,-6.4,-5.5,-4.9,1.4,-3.8,-3.1,-2.9
2C7L51Lcls,0,48.109512,11.624667,4442034.16,2778658.82,539.6,585.3,304,7320,1.7,0.94,0.25,32.64,348.97,-0.529,-0.103,0.842,-0.6,0.1,-0.3,0.13,0.4,0.1,-0.3,0.1,-0.8,-1.0,-1.5,-2.0,0.5,-1.8,0.8,1.3,2.7,1.7,0.4,1.0,0.1,0.0,1.0,2.5,1.7,0.8,1.5,-1.0,-1.3,-4.7,0.4,0.3,1.9,1.2,-0.5,-0.4,-3.8,-16.0,-1.8,-3.7,-3.9,-3.2,-1.4,-2.9,-0.4,0.0,-0.5,-0.7,-1.2,0.6,0.6,-1.7,-1.0,-1.6,-0.1,-0.1,0.7,0.1,-1.6,0.1,-1.5,0.0,-0.5,0.4,-0.4,-0.6,0.1,-1.7,-2.4,0.8,-1.7,-3.0,-0.9,-0.6,-4.9,-1.8,-1.0,-1.0,-1.2,-1.4,-2.2,-2.0,-0.9,-0.7,-0.6,0.4,0.1,-0.6,-1.4,-1.5,-3.3,-2.0,-1.4,-0.9,0.8,-0.7,-1.8,-3.4,0.3,-2.6,-3.7,0.9,-1.1,-3.4,1.1,0.9,1.4,0.6,1.1,1.7,-1.5,0.4,1.7,0.9,-0.1,0.5,-0.8,0.5,-0.1,-1.5,-0.4,-1.2,-2.8,-2.2,-0.8,-1.7,-1.9,-0.1,-1.3,-1.4,-2.0,-2.3,-0.1,-1.5,0.5,-0.8,0.2,-2.1,-2.9,-1.3,-3.4,-3.2,-3.0,-1.5,-1.0,0.2,1.2,1.2,-1.9,-1.6,-1.9,-0.8,-1.5,0.1,-2.1,0.5,-4.0,-0.3,-1.6,-3.0,-2.4,-1.6,-1.9,-2.1,-3.5,-0.9,-2.1,0.0,-1.9,-2.3,-5.4,-4.0,-1.2,-2.2,0.1,-1.8,-1.3,-2.2,-2.5,-3.4,-2.3,-2.4,-1.6,-0.6,-1.9,-3.8,-3.3,-3.7,-2.2,-3.1,-5.6,-0.1,-1.6,-2.4,-2.6,-4.0,-2.2,-5.5,-2.5,-2.9,-5.6,-3.5,-2.5,-3.4,-4.6,-5.1,-3.0,-4.4,-4.2,-3.9,-3.1,-3.1,-2.6,-2.4,-3.6
2C7L51Lclt,0,48.10951,11.624657,4442033.4,2778658.66,536.4,582.1,304,7321,1.6,0.94,0.16,32.64,348.97,-0.529,-0.103,0.842,-0.8,0.1,0.11,0.12,0.9,0.1,-0.3,0.0,-0.3,0.6,0.0,-0.1,0.6,0.4,0.2,-0.2,2.4,1.2,0.8,1.3,0.1,1.1,1.4,1.3,-1.0,-1.5,-1.7,-4.2,-3.2,-3.4,-2.8,-1.8,-1.7,-1.8,-3.1,-4.6,-5.6,-17.6,-4.5,-4.4,-6.0,-6.9,-4.9,-5.1,-2.9,-1.2,-1.2,-2.2,-2.6,-2.3,-2.6,-3.6,-3.9,-3.5,-3.1,-3.1,-3.1,-3.7,-2.7,-1.4,-1.9,-1.5,-1.7,-0.7,-1.7,-1.6,-2.0,-2.6,-2.6,-1.9,-2.1,-1.6,-2.5,-3.0,-3.0,-2.9,-2.7,-2.5,-3.6,-3.5,-2.9,-2.5,-2.0,-1.7,-2.9,-2.1,-2.4,-3.8,-4.8,-4.2,-5.2,-3.3,-3.3,-2.5,-3.1,-3.2,-3.3,-4.4,-4.4,-3.9,-5.7,-3.6,-4.3,-3.6,-1.8,-2.7,-2.2,-3.2,-1.7,-2.2,-4.5,-2.1,-1.9,-3.2,-2.7,-2.0,-3.0,-3.6,-3.7,-3.9,-3.8,-3.1,-4.1,-4.7,-4.4,-4.0,-4.7,-3.9,-4.3,-3.1,-3.6,-3.7,-3.2,-3.0,-2.9,-3.6,-2.8,-5.9,-4.8,-4.4,-5.3,-4.1,-5.2,-3.6,-4.7,-2.9,-1.1,-3.7,-4.5,-4.5,-3.4,-3.9,-4.3,-2.8,-4.0,-2.6,-4.4,-3.4,-3.3,-4.7,-4.7,-3.7,-4.5,-5.8,-6.3,-4.9,-3.3,-1.6,-4.2,-4.3,-7.1,-5.8,-3.5,-2.8,-2.7,-3.9,-3.0,-4.3,-7.1,-5.2,-4.7,-5.7,-5.4,-4.9,-4.4,-6.6,-4.5,-4.6,-4.8,-4.7,-5.3,-4.3,-3.9,-6.6,-4.4,-5.9,-6.4,-6.5,-5.9,-6.4,-7.6,-8.6,-6.3,-4.7,-6.6,-7.6,-5.5,-5.4,-6.3,-6.6,-5.0,-5.7,-4.7,-4.8,-5.2
2C7L51Lclv,0,48.109518,11.624717,4442037.88,2778659.63,533.5,579.2,304,7323,4.0,0.7,0.46,32.64,348.97,-0.529,-0.103,0.842,-0.7,0.2,-0.58,0.3,1.0,0.3,-0.3,-0.1,-0.9,1.9,0.6,2.4,3.8,1.8,-2.0,0.9,2.9,0.7,1.4,-0.3,1.7,1.6,2.2,1.7,3.3,2.4,-2.2,1.8,-4.7,1.7,2.6,4.7,4.4,-0.0,-1.7,-1.9,1.2,8.3,-3.4,1.0,-8.6,-4.7,1.8,1.0,2.2,5.3,4.9,-9.0,0.8,11.0,7.6,-3.5,-0.7,-2.8,-0.9,-0.7,-1.1,1.6,-11.5,2.2,-2.2,-3.4,-1.7,-9.0,0.5,-3.1,-3.7,-0.7,-0.7,3.8,0.2,-2.4,-1.5,-3.3,-2.9,-8.7,-0.1,-5.2,7.2,0.0,-0.1,10.0,8.9,8.2,4.8,3.4,11.2,6.0,3.1,2.3,-0.5,2.7,-12.8,4.8,2.8,-12.2,4.9,1.9,-5.6,-1.1,0.8,3.4,2.3,-1.4,-0.4,-1.1,0.4,1.5,7.0,1.8,-1.4,1.9,-2.3,-2.2,-2.7,-2.1,-0.1,2.7,-0.4,3.0,1.9,1.8,0.6,2.1,1.7,-0.8,0.0,-0.4,1.6,0.0,-0.0,1.7,2.2,-1.1,-0.6,-1.3,2.3,-4.6,-0.9,0.4,-2.0,0.5,3.2,-0.5,-0.6,1.2,3.4,-2.2,-2.9,0.5,2.1,3.3,1.8,1.1,-0.4,1.9,0.2,-0.6,2.1,0.7,1.3,3.3,3.0,-0.4,2.1,-6.4,2.0,-3.8,-10.7,5.0,-4.5,-2.3,0.8,-3.9,-0.2,2.5,0.3,-1.4,-8.2,-7.9,-14.4,-8.6,-2.1,2.6,1.3,-4.8,-0.0,-0.7,-2.7,-4.0,1.5,1.9,0.2,-1.7,0.8,-4.0,-3.0,3.4,-1.1,-10.5,-1.5,-16.2,-0.2,-10.3,-5.3,-3.3,-2.5,-2.3,-5.2,3.6,2.6,-3.2,-3.6,-1.2,-3.9
2C7L51Lckr,0,48.10906,11.621006,4441762.58,2778602.65,536.5,582.2,304,7257,3.7,0.76,0.45,32.6,348.93,-0.529,-0.103,0.842,-1.0,0.2,-0.19,0.28,1.1,0.2,-0.3,2.5,-2.3,-1.4,1.0,-1.6,1.0,1.0,0.8,2.1,-2.0,-1.1,-0.1,1.4,1.0,3.9,2.2,1.2,1.9,-0.6,-0.7,-2.1,-2.4,2.2,-1.7,-7.2,-0.1,2.6,1.3,0.7,-4.1,10.6,-9.5,-7.1,-6.2,-5.1,-3.3,-6.4,3.0,-1.4,1.2,-0.5,2.4,-4.8,-0.2,-1.6,-1.2,0.8,-0.4,-6.2,-2.3,-1.0,-1.8,-1.8,0.4,-0.8,-1.1,-1.8,-3.5,-2.2,0.2,-0.8,-4.9,-6.6,-2.5,0.5,-1.9,-1.1,-2.5,-1.5,-1.2,-0.6,-3.0,-3.9,-2.9,1.7,2.4,-2.9,3.3,4.6,-0.3,-0.0,0.8,-2.6,-3.9,-2.1,-3.7,-1.5,-0.8,-4.1,-3.9,-2.2,-4.8,-6.1,-4.3,-5.5,-8.6,-3.8,-5.4,-7.3,-5.9,0.0,-1.4,3.0,-5.5,-4.9,3.1,-1.1,-6.4,-1.3,-4.6,-6.0,-4.9,-5.3,-3.7,-5.2,-4.4,-5.2,-3.2,-6.5,-7.9,-3.3,-3.5,-6.0,-4.8,-5.6,15.9,-4.2,14.2,0.9,14.8,-6.8,0.4,1.5,-1.8,-1.6,-3.9,-6.9,-10.4,2.1,2.2,-0.6,2.2,-8.3,-6.7,-8.5,-8.1,-9.7,-2.5,-1.5,-1.3,-2.1,0.3,-4.5,-0.4,-2.5,3.1,-4.3,-6.9,-6.7,-3.2,-6.3,-7.6,-1.6,-6.7,-3.3,-3.9,-7.9,-4.1,0.4,-1.2,-2.3,-5.9,-4.6,-1.2,1.2,-1.0,-5.2,-4.3,-4.9,-2.5,-4.0,-5.9,-4.6,-6.4,-5.4,-2.8,-4.4,-2.6,-9.7,-7.8,-5.5,-8.4,-7.1,-8.4,-10.0,-8.4,-6.1,-12.7,-9.4,-6.8,-4.4,-10.0,-7.6,-0.5,-4.4,-9.9,-1.9,1.0
2C7L51Lclx,0,48.109563,11.624924,4442053.21,2778664.98,538.2,583.9,304,7325,2.0,0.89,0.29,32.65,348.97,-0.529,-0.103,0.842,-1.1,0.1,-0.19,0.15,1.2,0.1,-0.3,2.1,-0.9,2.2,2.6,1.8,-0.1,1.2,1.2,3.3,-1.2,-0.0,2.1,-0.6,-0.7,-1.7,-1.1,-1.1,-1.8,-3.4,-3.4,-3.3,-3.8,-1.1,-3.1,-2.1,-3.0,1.2,-2.5,-2.8,-4.2,9.6,-3.6,-5.9,-5.5,-5.3,-4.6,-3.0,-1.5,-1.5,-3.3,-0.7,-5.4,-1.6,-8.7,-6.6,-4.0,-1.2,-1.7,-3.7,-0.5,-4.3,-1.8,-1.4,2.1,2.7,1.6,0.1,1.5,1.5,-0.5,-1.5,0.7,-1.2,-1.3,-2.4,-1.7,-3.0,-3.2,0.1,-1.1,-1.9,-1.9,-2.8,-0.9,0.7,-1.2,-2.4,-2.2,-2.3,-5.5,-4.9,-4.6,-1.9,-3.3,-0.9,-4.5,-3.4,-1.8,-4.0,-2.4,-3.0,-4.6,-3.3,-4.4,-1.1,-3.6,-1.4,-1.5,-2.6,-1.5,-2.3,-3.0,-2.2,-4.2,-3.5,-1.7,0.9,0.0,1.5,1.7,2.1,-0.7,0.8,-1.3,-0.8,-2.0,-1.6,-3.0,-2.3,-1.3,-2.4,-1.7,-2.4,-2.1,-1.6,-2.5,-2.3,-2.1,-1.7,0.9,-4.7,-0.9,-4.3,-3.7,-4.0,-4.7,-3.6,-3.2,0.1,-1.2,-1.1,-3.7,-2.6,-4.4,-3.0,-3.3,-4.2,-0.8,-2.1,-4.4,-2.2,-2.8,-3.2,-3.0,-2.8,-2.3,-5.1,-5.1,-4.0,-4.3,-7.3,-10.1,-5.6,-7.9,-7.7,-4.2,-5.6,-3.5,-5.5,-5.4,-4.2,-9.3,-6.1,-5.9,-7.7,-6.9,-6.1,-4.7,-8.2,-3.9,-4.9,-2.2,-5.8,-5.4,-4.6,-6.2,-5.7,-8.6,-4.4,-7.1,-6.8,-1.5,-6.8,-6.8,-8.7,-6.2,-7.2,-4.1,-4.2,-2.0,-5.0,-6.8,-6.3,-6.8,-6.0,-5.5,-4.2,-2.0
2C7L51Lcmk,0,48.10993,11.627781,4442265.09,2778710.41,543.6,589.3,304,7374,2.4,0.87,0.42,32.66,348.97,-0.53,-0.103,0.842,-0.8,0.1,-0.1,0.18,0.5,0.2,-0.3,1.3,-1.2,-0.9,0.4,3.2,2.2,-4.8,1.4,-0.3,-1.8,-3.0,4.7,-0.7,1.2,-1.0,-0.7,2.9,1.2,2.7,-2.3,-1.8,-4.2,1.4,-1.4,-3.9,-2.3,2.0,-2.2,-3.3,-4.3,-11.5,-2.6,-4.5,-4.0,-2.8,-4.7,0.7,0.6,0.9,0.6,-3.4,-2.4,1.0,2.4,-1.9,-3.1,-6.0,-0.4,-0.3,-2.0,-2.5,-1.5,-0.6,-1.0,-1.1,0.8,-0.3,-2.5,1.7,-1.0,-3.4,-1.0,1.0,-4.5,-9.4,0.3,-0.3,-1.3,-4.8,-3.2,-4.8,-0.6,-1.5,-0.2,-0.5,1.7,-2.2,-0.9,-3.5,-0.5,-1.5,-3.8,-8.3,-3.4,-3.8,-1.3,-0.7,-4.3,-0.2,-2.4,-0.6,-2.2,-0.6,-3.8,-3.6,-5.9,6.5,-2.8,-2.3,0.5,-1.0,-4.8,-1.5,-0.2,2.8,-4.1,1.2,0.3,3.0,1.4,-1.0,-2.7,-2.4,-2.1,-0.3,-3.0,-2.3,-3.3,-1.1,-4.1,-3.3,-4.4,-2.9,-2.1,-1.7,0.4,-4.0,-0.9,-5.5,-4.8,-3.4,-3.8,-1.3,-7.9,-2.7,-4.4,-2.1,2.6,0.2,3.4,-2.9,-0.4,-3.2,-0.0,-0.9,-3.2,-0.5,-4.3,-3.3,-0.3,-0.6,-2.0,-2.6,-6.7,-5.0,-4.7,-1.7,-4.2,-2.0,-3.8,-3.3,-3.8,-4.6,-1.4,-6.0,-3.2,-4.9,-1.5,-1.2,-2.4,-2.0,-5.9,-4.5,-5.6,-5.4,-4.5,-4.2,-4.7,-9.9,-4.3,-3.1,-3.6,-1.1,-2.0,-3.5,-3.4,0.3,-5.2,-3.1,-2.8,-3.2,-8.4,-3.0,-0.9,-3.5,-5.1,-5.8,-3.1,-4.6,-2.0,-4.3,-7.4,-5.8,-4.9,-3.6,-6.5,-5.1,-4.8
2C7L51Lcmg,0,48.109909,11.62747,4442242.0,2778707.54,539.5,585.2,304,7370,4.3,0.61,0.48,32.66,348.97,-0.53,-0.103,0.842,-0.7,0.2,-0.8,0.33,1.9,0.3,-0.3,-0.9,1.1,2.4,5.0,-2.3,-0.7,0.5,2.1,-0.9,0.3,3.1,1.8,-0.4,1.7,-1.0,3.4,0.3,0.9,-2.5,-14.0,-2.4,-2.4,-0.5,3.0,0.5,3.7,-3.1,-6.6,-4.2,-5.0,-11.8,-6.7,-6.1,-7.9,-9.5,-0.0,-1.1,1.3,-1.7,-9.1,-9.8,2.7,-3.7,-3.8,-6.6,-1.6,0.8,-1.3,-1.8,2.0,-6.7,-1.3,-2.9,0.2,1.7,1.0,-1.3,2.8,1.8,5.5,1.2,4.3,3.6,-3.7,6.2,9.6,-4.2,-3.0,3.4,5.6,6.5,1.9,0.5,-1.3,-1.2,5.5,-7.7,2.4,-1.8,1.0,1.2,-2.6,6.0,0.2,1.3,5.6,-2.2,2.4,5.7,3.3,-9.2,-4.3,-4.4,-7.1,-3.1,-3.6,-3.2,-3.8,-1.7,-4.2,12.1,-6.8,-4.8,-2.3,5.3,1.6,0.0,-3.6,1.0,-3.3,-12.1,4.8,4.0,-8.8,2.4,3.1,3.3,3.0,-0.1,0.3,7.0,-9.9,-7.0,0.4,1.2,3.4,-4.8,-2.4,-9.0,-6.6,1.2,-1.2,3.4,0.5,-9.3,1.7,3.3,-5.6,-0.0,1.5,-1.1,2.4,-3.4,2.8,1.8,-1.0,-1.3,-1.7,-2.6,-3.5,2.1,-2.9,-0.7,-5.6,-0.5,3.8,-6.0,-4.1,5.0,-2.1,-14.0,-16.9,1.0,-6.7,-4.7,5.4,0.9,-0.1,0.8,2.2,-1.4,-9.6,3.4,-2.7,2.5,-3.3,-2.1,-2.2,-8.0,-3.5,-1.0,-1.8,-3.2,-2.9,-2.4,-6.4,-3.5,1.3,-6.4,-8.4,-11.1,-4.4,-5.5,5.1,-11.1,-17.2,-2.0,-6.2,-7.2,-5.5,-4.4,-2.9,-7.3,0.2,-1.5,-0.9,-0.7,-4.8
2C7L51Lcmm,0,48.109949,11.627786,4442265.41,2778712.57,536.1,581.8,304,7376,2.4,0.86,0.44,32.66,348.97,-0.53,-0.103,0.842,-0.8,0.1,-0.44,0.18,0.9,0.2,-0.3,0.3,-1.9,1.9,-1.1,-2.2,-5.8,-1.8,4.0,-2.6,-1.2,3.0,-4.0,1.2,0.4,-1.3,-0.8,-2.8,-0.7,-1.7,-0.1,-5.0,-2.5,-3.8,-0.8,2.7,0.3,0.4,-4.1,-4.2,-4.9,-12.3,-4.3,-3.7,-3.4,-3.0,-0.2,0.5,-1.0,-1.4,-0.8,1.1,-0.4,1.4,-2.5,-1.0,-1.3,-1.9,-0.8,0.6,-2.4,-1.0,-0.2,-0.4,2.1,-1.4,-0.1,-1.9,-1.6,-0.1,-4.2,2.4,-2.2,-0.2,3.3,-0.2,1.1,-0.7,-3.0,-1.1,-4.0,-3.3,1.1,2.3,-8.3,-4.6,-3.5,-5.5,-0.5,-4.7,-3.3,-5.6,-5.9,-5.1,-3.4,-1.0,-1.5,-3.0,-2.7,-1.0,-4.0,-6.4,-2.9,-5.5,-5.2,-4.0,-4.1,1.5,-2.4,1.4,-1.6,-3.9,-5.3,-1.0,-1.6,-1.5,0.4,0.3,-7.1,-1.7,-0.3,1.8,-0.7,-1.8,-2.9,-4.6,-3.5,-4.9,-3.9,2.8,-4.1,-4.9,-1.4,-2.6,-3.0,-3.9,2.7,-5.0,1.5,-2.2,-4.9,-3.9,-0.1,-2.4,-1.0,9.8,-3.6,-2.2,-1.2,0.1,3.5,0.9,-5.7,-2.8,-2.7,-0.9,-4.0,-3.6,-0.2,0.7,-2.2,-3.4,-3.9,-3.6,-3.3,-2.2,-1.4,-1.9,-4.9,-2.0,-3.3,-7.6,-3.9,-4.7,-3.6,-3.9,-0.2,-3.3,-1.0,-2.6,-1.9,-2.9,-5.4,-5.8,-0.7,-2.8,-2.2,-2.9,-4.8,-1.9,-4.7,-4.4,-5.7,-4.0,-4.2,-6.2,-3.1,-3.4,-7.1,-7.8,-3.6,-6.3,-6.6,-7.4,-7.8,-7.8,-5.5,-4.2,-5.1,-2.6,-6.1,-9.4,-6.1,-7.0,-5.1,-1.8,-3.9,-6.1,-4.8
2C7L51Lcmt,0,48.109996,11.62815,4442292.47,2778718.37,535.3,581.0,304,7383,4.1,0.61,0.45,32.66,348.97,-0.53,-0.103,0.842,-0.0,0.2,-1.92,0.31,1.3,0.3,-0.3,8.6,3.1,1.8,5.3,1.7,-2.5,0.4,0.6,4.3,-6.6,5.8,4.4,1.3,0.8,-0.1,0.1,2.5,-13.4,6.6,7.6,2.6,7.1,2.0,0.0,4.6,4.9,-11.5,-3.0,-6.3,6.2,-5.8,6.1,-1.8,6.8,6.1,5.9,7.4,6.2,8.6,7.5,4.4,-0.6,6.3,7.6,1.0,5.8,-3.5,-0.3,6.7,0.4,-1.2,2.3,2.3,3.0,3.5,5.8,1.5,0.9,2.0,0.2,0.7,6.8,2.5,-0.1,-5.4,-1.5,-2.3,-1.8,0.7,2.6,-1.7,6.0,-0.4,4.7,7.7,8.3,10.5,7.8,9.8,6.1,8.8,4.4,-2.2,8.8,3.8,6.6,8.8,8.7,10.3,8.5,-4.6,0.4,3.7,8.2,8.1,3.9,-8.6,9.9,9.1,4.2,3.8,6.7,5.2,0.8,13.3,12.9,13.4,11.7,9.9,9.6,9.2,7.4,5.8,5.9,5.2,4.2,3.1,6.8,6.8,7.1,-0.6,4.1,4.2,9.6,9.2,10.3,-0.7,6.5,7.5,7.0,4.8,11.7,1.4,5.9,3.0,2.3,9.6,9.0,2.5,13.6,2.6,4.4,5.1,6.6,3.1,6.0,6.4,3.8,5.5,6.7,-0.0,6.8,7.3,6.2,6.3,4.0,5.5,3.8,1.4,3.5,3.6,7.6,5.4,6.6,6.2,4.8,9.4,11.2,9.1,9.2,5.9,5.4,0.7,-4.9,-1.0,-2.8,-1.8,1.1,4.9,-1.5,1.9,2.4,-0.6,4.7,-0.6,5.6,-0.1,3.6,3.4,-0.1,-1.5,4.5,7.7,8.2,5.6,6.6,7.1,4.1,-1.7,1.3,-3.2,2.7,-11.6,-0.7,-0.8,-2.1,-0.9,0.2
2C7L51Lclg,0,48.109478,11.623975,4441982.7,2778653.99,540.6,586.3,304,7308,3.6,0.72,0.44,32.64,348.97,-0.529,-0.103,0.842,-0.8,0.2,-0.89,0.28,1.3,0.2,-0.3,0.2,3.2,3.4,5.8,-0.6,2.1,2.7,-0.0,-0.8,3.8,2.8,-4.5,3.7,1.5,1.1,2.1,0.9,2.9,2.5,-0.3,-0.9,-1.3,-0.7,4.4,4.1,-0.5,-10.2,2.4,-3.8,-11.2,-5.7,-9.7,-11.9,-1.0,-10.2,-6.1,-7.5,-1.4,-3.7,6.7,5.8,3.7,-3.9,-2.0,-2.8,0.6,2.2,2.3,-2.2,-3.9,-0.1,-0.0,0.3,1.8,4.3,0.7,3.0,-0.2,1.3,0.8,-1.4,4.1,2.8,-5.1,-1.9,-0.2,-0.8,13.8,5.2,-0.7,0.9,2.9,-5.1,4.5,-2.4,0.2,0.2,-2.2,0.1,-0.2,-5.5,-0.8,1.7,0.0,-1.2,3.0,10.9,1.1,-3.3,5.3,8.5,-3.9,-3.5,-0.2,3.2,2.8,-2.7,-3.4,0.8,4.3,1.1,3.6,5.0,-3.3,2.4,-0.8,1.2,3.8,2.3,-0.1,1.4,-3.2,0.9,-0.1,1.4,-1.1,0.7,1.8,-0.0,1.1,-0.1,-4.8,-3.7,1.0,2.4,2.2,2.3,3.1,-0.1,2.7,0.7,-0.2,-1.9,-3.9,-2.1,-1.1,0.6,2.2,1.3,2.5,3.9,4.3,-2.2,2.3,-9.6,-1.5,-1.3,-1.6,1.3,12.6,3.9,-3.8,0.0,6.3,-2.6,-1.5,-0.7,-4.7,-1.1,-0.7,-1.3,-8.3,-1.6,-2.8,-4.9,-4.0,-7.1,-2.2,-5.1,0.1,-6.5,-3.9,-6.3,-2.1,-4.9,-4.8,-7.6,-2.2,4.2,-3.9,-6.8,-5.9,0.5,-3.8,-2.2,-2.6,-2.0,-6.3,-9.3,2.5,-0.8,-5.5,1.1,-5.9,-8.1,-6.4,-2.9,-3.9,-1.7,-9.0,-4.1,-2.6,-2.8,-1.2,-2.7,-2.0,-3.1,-2.3
2C7L51Lcmd,0,48.109897,11.627234,4442224.48,2778705.85,536.9,582.6,304,7367,3.8,0.74,0.49,32.66,348.97,-0.53,-0.103,0.842,-0.8,0.2,-0.14,0.29,0.7,0.3,-0.3,-0.3,5.5,-2.2,5.7,-0.2,-1.2,-3.9,0.9,-0.9,-6.4,2.4,-1.3,1.4,4.0,-3.4,-0.1,-0.5,-1.3,-0.5,-4.1,-8.5,-2.1,-3.2,-2.7,-0.7,-1.1,1.3,0.3,-4.8,-5.5,-12.8,-6.4,-5.9,-4.1,14.4,-3.6,2.3,-1.4,-1.5,-0.1,0.6,-0.0,1.5,-4.4,-1.6,-4.0,-2.9,-2.3,-1.9,3.0,-3.0,1.7,-0.7,-1.5,-4.0,1.9,-2.4,0.3,-6.3,-2.3,-1.1,-3.9,9.1,-3.1,-8.0,-3.7,-1.3,0.0,-2.2,-1.0,0.6,-0.6,-2.8,1.1,-3.2,-1.7,-0.7,-0.9,-1.7,-5.6,-3.0,0.2,-4.5,-6.4,-2.5,-0.6,-2.7,0.2,-1.2,-1.7,-1.7,-3.1,-5.1,-4.4,-6.2,2.0,3.2,0.1,-1.6,-4.7,2.6,-4.5,-4.8,-10.7,-1.8,-2.7,-2.9,3.0,-1.6,-0.5,-1.1,0.0,-1.2,6.5,-10.7,1.7,0.7,-7.5,-4.9,-8.0,-2.3,15.4,-5.9,1.8,-8.0,-2.7,-3.7,-5.0,-3.7,-8.1,-5.1,-5.5,-1.9,-0.7,-0.3,-4.8,-3.3,-4.0,4.0,0.6,9.6,-5.5,-1.5,-0.9,-1.8,-3.4,-8.2,-1.2,-2.9,-1.6,2.6,-2.6,-8.3,-7.1,-5.3,-6.0,-5.7,-3.7,-4.5,-2.4,10.7,-4.8,-0.4,-7.5,-7.9,8.6,1.8,-1.6,-0.0,-0.8,-5.0,-8.9,-6.7,-4.7,-6.2,-1.2,-5.9,2.1,-9.4,-3.9,-3.6,-2.7,-2.6,-6.1,-2.8,-4.5,-6.8,-3.8,-5.5,-7.2,-6.8,-3.7,-0.3,-7.0,-6.9,-1.6,-4.2,0.4,-9.3,-3.3,-3.1,-5.8,-3.7,-6.9,-5.6,-6.7,-3.9,-2.3
2C7L51LtoK,0,48.109302,11.622455,4441869.94,2778631.89,534.7,580.4,305,7284,3.8,0.7,0.44,32.61,348.93,-0.529,-0.103,0.842,0.2,0.2,-0.52,0.31,1.6,0.2,-0.3,-3.9,-3.5,0.5,-3.7,-2.8,-4.8,-0.9,-5.3,-3.5,-0.2,-1.0,-0.9,-4.5,-2.3,-1.0,-2.3,2.2,-0.8,1.0,-0.6,-1.0,-1.1,-0.3,-2.2,-1.0,0.9,0.9,14.5,-4.3,-1.9,10.2,-3.3,-1.9,-3.9,-5.5,-1.5,-3.8,1.1,2.8,1.8,1.8,3.2,1.8,3.4,0.9,9.1,-3.0,-7.4,-1.5,-5.1,-3.6,-3.2,-0.9,-3.2,-1.3,0.4,-1.8,-2.6,-0.9,-4.5,-2.1,-3.1,1.9,0.6,-1.9,0.2,-3.5,-5.8,-1.6,0.5,-2.0,0.4,-4.7,-4.3,-3.1,-4.9,-1.4,-3.3,-0.8,-0.4,-1.0,-2.3,-1.3,-0.1,-2.1,0.9,-2.9,-0.5,3.3,-2.5,0.5,-3.6,-5.2,-1.1,-2.3,-1.2,-2.8,0.2,3.3,-1.5,-3.2,1.7,-3.4,-0.0,-2.8,-1.6,-2.0,-2.5,-1.7,-2.6,-2.9,-3.4,-1.9,-0.2,-2.6,-6.2,-5.1,-5.0,-4.8,-5.8,-3.3,-3.9,-4.4,-0.4,-1.9,1.1,-5.7,-8.8,-9.2,-4.9,-1.8,14.5,-9.3,1.3,-0.8,4.4,4.9,3.9,5.9,7.7,5.6,9.5,10.4,-5.8,5.2,4.6,2.2,4.4,6.6,2.8,-0.6,0.6,-2.8,2.4,6.3,-0.3,-0.6,-4.2,4.8,6.1,1.5,-2.8,-1.1,-0.9,1.0,14.4,6.9,5.5,1.7,12.5,11.6,-2.9,-4.2,0.3,-2.5,-4.2,-1.4,-2.2,12.3,-1.8,-2.5,-0.3,-1.0,-2.7,-2.9,-0.5,-1.8,3.3,0.4,-2.5,-9.1,1.0,-0.8,-0.3,-6.8,-2.2,1.2,-4.2,-2.6,-1.7,3.0,-2.2,-6.6,-5.0,-2.8,-3.9,-2.0,-2.7
2C7L51Ltop,0,48.109535,11.624268,4442004.42,2778660.73,537.0,582.7,305,7315,3.7,0.72,0.44,32.64,348.97,-0.529,-0.103,0.842,-1.5,0.2,-0.85,0.28,0.2,0.2,-0.3,-1.8,0.1,-0.4,-1.1,-0.3,3.0,0.6,3.1,2.4,-1.9,2.2,0.0,2.5,2.4,3.3,0.5,-0.3,-1.6,-6.6,1.1,-3.3,3.3,1.7,2.2,-0.7,3.1,-1.1,-2.3,-3.6,-4.9,10.1,5.3,-5.0,-6.8,-5.2,-3.7,-0.8,-0.1,-1.2,-0.4,-0.1,0.6,1.4,2.8,-2.7,0.1,-5.2,1.3,-0.0,-1.3,-0.5,-3.8,-6.4,-1.9,0.7,-0.2,-0.2,1.3,-2.4,1.6,2.1,-0.5,1.1,3.6,-0.1,10.4,-0.5,-1.3,1.2,2.7,-0.4,0.1,2.0,-0.5,2.4,1.8,-0.6,-0.0,-0.0,-2.2,-3.9,-6.7,-3.1,-3.9,-3.3,0.2,1.6,4.1,-0.8,-3.5,2.3,-1.3,-5.3,-1.7,-1.0,-4.1,-4.3,2.5,8.1,-5.6,10.0,-2.3,-1.1,-6.5,-3.9,0.3,-8.2,-5.9,3.9,-1.3,-1.1,2.3,6.5,-2.1,1.3,-0.1,8.9,-8.4,-9.9,-4.6,-3.4,-6.4,-1.2,-2.0,0.3,-4.7,-3.5,1.7,-6.6,-2.8,6.6,-0.8,-4.3,0.2,1.9,2.7,-0.5,2.1,2.1,-2.1,-7.4,-2.9,-1.7,7.0,-1.6,-2.8,-3.0,-0.8,-0.1,-2.7,-2.3,-2.2,0.7,-0.1,-3.8,0.0,-3.8,-6.3,-0.4,-2.1,-1.9,-7.4,6.2,-3.6,-4.2,-6.4,-2.5,6.1,-0.9,0.3,-1.6,-7.7,-6.8,-13.3,-9.8,-8.3,-9.2,-8.7,2.4,-15.9,-5.5,-7.7,-3.3,-6.8,-5.3,-3.1,-10.1,-10.8,-8.4,-11.7,-1.6,-3.0,-5.5,-5.2,-5.8,-5.5,-2.8,-5.9,-11.8,-3.7,-6.1,-9.0,-7.5,-9.4,-6.5,-7.7,-7.9,-7.5
2C7L51Ltoq,0,48.109534,11.624261,4442003.86,2778660.61,533.8,579.5,305,7316,3.0,0.81,0.39,32.64,348.97,-0.529,-0.103,0.842,-0.9,0.1,-0.13,0.23,0.5,0.2,-0.3,-0.9,-0.5,-4.1,1.4,-2.5,13.4,-8.0,-2.0,-1.1,-1.5,-0.0,1.2,0.5,1.8,1.7,0.4,2.3,0.5,-0.6,0.3,1.2,2.8,-0.9,3.0,3.7,7.4,-9.6,-9.0,-9.0,-2.8,11.3,-3.0,-3.1,-2.8,-4.0,-1.6,-4.3,2.4,2.9,2.1,2.5,1.5,0.3,6.2,-2.5,2.7,-3.6,-0.0,-0.6,-1.1,-3.0,-4.1,-3.9,-2.2,-3.3,2.1,-1.7,-0.8,-2.4,-0.9,0.6,0.2,4.2,1.2,-7.5,-4.6,-1.0,-2.1,-1.0,-1.0,-2.7,0.9,-3.4,-1.9,0.7,1.1,-0.3,1.4,0.8,-0.1,-3.1,-3.4,-2.1,-0.8,0.3,0.4,0.3,1.0,1.4,0.1,-0.4,-3.7,-2.5,0.6,-1.0,-4.8,-2.7,-0.6,-2.3,-3.1,-3.8,-0.1,-1.6,-6.0,-1.5,0.0,-3.0,-2.6,0.2,0.6,1.6,-1.1,5.6,-4.4,-2.2,-4.4,-11.6,-6.6,-7.3,-6.6,-2.3,-5.9,-4.1,-1.8,-0.4,-2.5,-4.2,-0.1,-4.4,-1.2,2.2,-1.4,-2.4,-0.0,-1.4,-0.5,1.1,4.3,1.7,1.3,-2.8,-1.8,-3.2,-1.4,-1.3,-5.2,-2.2,-0.4,-2.2,-0.2,-1.1,-2.7,-2.5,-0.6,-1.3,-2.2,-2.7,-1.2,-1.8,-1.6,-1.1,-8.3,-1.1,-3.8,-3.7,-2.8,-3.0,1.3,-1.3,0.2,0.8,-6.7,-4.9,-5.7,-3.2,-5.7,-6.0,-4.8,-1.4,-4.4,-3.1,-3.3,-6.2,-6.4,-3.6,-3.7,-4.5,-4.2,-6.1,-14.1,-3.5,-4.2,-1.3,-6.7,-3.9,-3.8,-2.8,-5.2,-8.6,-2.2,-4.3,-2.5,-7.4,-4.8,-4.2,-2.7,-6.2,-2.6
2C7L51LtpA,0,48.109684,11.625432,4442090.77,2778679.25,534.8,580.5,305,7336,2.5,0.86,0.37,32.65,348.97,-0.53,-0.103,0.842,-1.2,0.1,-0.07,0.19,0.6,0.2,-0.3,-2.4,-1.4,-0.5,-0.0,-3.6,0.8,0.2,-2.1,0.2,9.8,1.1,2.6,-2.2,2.6,3.3,1.9,1.8,2.2,3.0,1.4,-2.4,-2.4,2.8,2.7,4.1,6.9,0.9,2.3,-3.3,-2.3,-14.2,-5.8,-3.8,-2.7,-2.7,-0.9,-0.6,1.1,-0.4,2.0,-0.2,1.2,-0.6,-2.1,-0.6,-1.0,0.1,-1.9,0.2,0.5,-0.6,1.4,1.9,1.3,-0.2,-0.7,-0.2,-0.9,0.8,1.7,0.2,2.3,1.0,1.2,1.9,4.0,1.5,-0.9,-2.4,2.2,1.5,2.3,-0.8,2.1,0.2,1.1,-0.2,1.8,3.4,0.8,-1.4,-0.1,-1.0,-1.2,-2.9,-0.3,-4.4,-0.6,-0.3,0.1,-2.2,-0.3,0.2,-6.4,-1.8,-10.0,0.5,0.0,0.2,0.3,1.2,-3.5,-3.6,-2.0,-3.1,-4.2,-2.8,-0.3,-1.5,-2.5,-1.6,-1.3,-3.8,-3.3,-2.8,-2.7,-2.8,-2.3,-0.3,-1.9,-2.1,-0.8,-0.5,-1.2,-3.6,-2.7,-1.8,-0.6,2.6,0.9,-2.4,-3.5,-4.8,-5.3,-4.0,-1.1,-1.3,-3.2,2.2,2.4,-1.3,0.7,0.5,-2.1,-4.0,-4.1,-0.0,-2.3,-0.0,-1.2,-2.5,-5.8,-2.4,-3.9,-4.7,-2.4,-2.7,-4.4,-0.3,-2.0,-3.2,-5.8,-3.3,-2.3,-6.9,-2.2,-1.5,0.5,-2.9,-5.3,-3.2,-6.2,-7.0,-5.9,-8.9,-6.6,-8.2,-8.0,-7.1,-8.0,-8.0,-7.5,-6.3,-5.8,-2.8,-4.6,-2.3,-5.3,-6.6,-4.3,-5.1,-7.0,-6.4,-7.9,-5.9,-4.0,-3.6,-0.7,-2.7,-2.8,-5.0,-7.6,-2.3,-4.1,-4.2,-3.4,-3.2,-1.9
2C7L51LtpH,0,48.109735,11.62583,4442120.23,2778685.57,533.2,578.9,305,7343,2.8,0.83,0.41,32.65,348.97,-0.53,-0.103,0.842,-1.0,0.1,0.48,0.21,0.5,0.2,-0.3,3.6,0.8,-0.5,1.8,-1.1,2.3,2.9,-2.9,-1.1,-1.3,2.8,1.6,-1.6,1.5,-0.7,-1.6,-3.5,-2.7,-4.7,-3.5,-1.4,0.2,2.1,-6.6,-4.9,-3.6,3.1,-2.2,-3.0,-9.9,-1.3,-14.1,-9.6,-0.4,4.4,-2.9,-3.3,-5.3,-3.5,-1.7,-1.8,-2.5,-5.3,-3.8,-1.2,-0.7,-4.7,-2.7,-3.0,-3.5,-3.1,-0.7,-0.8,-3.3,-3.9,-4.0,-0.3,-4.1,-0.8,-2.8,-3.4,-4.2,-1.2,-3.3,0.8,-3.1,-3.9,-2.5,1.2,-0.4,-5.2,-8.9,-4.4,-2.8,-3.7,-1.9,-2.2,-2.0,-4.2,-2.7,0.0,-2.8,-2.3,-4.2,-3.4,-2.6,0.5,-4.7,-3.8,-0.8,-4.4,-0.5,-5.1,-7.5,-8.6,-5.1,-2.3,-7.2,-0.4,-3.3,-1.5,-2.3,-4.6,-5.3,-4.7,-0.2,-1.9,-2.7,-1.7,-3.9,-0.9,-9.9,-5.4,-4.1,-5.0,-7.3,-3.6,-7.3,-7.4,-7.4,-6.4,-4.6,-7.7,-4.5,-5.0,-6.1,-6.4,-6.4,-4.5,-5.3,-4.7,-6.8,-2.9,-6.7,-5.3,-4.0,-4.5,-4.5,-3.5,0.4,-3.7,-5.3,-1.1,-1.9,-5.4,-5.8,-3.9,-1.9,-2.2,-16.3,-1.9,-4.8,-8.6,-3.0,-1.7,-4.6,-4.4,-6.7,-3.4,-4.8,-9.1,-8.0,-1.7,-4.9,-6.2,-4.2,-1.7,-4.9,-4.0,-4.1,-4.9,-9.3,-6.4,-9.2,-6.0,-0.8,-5.2,-8.1,1.0,-7.4,-9.7,-6.8,-6.0,-7.0,-10.1,-4.9,-6.2,-4.5,2.7,-10.2,-5.0,-5.3,-6.3,-8.7,-14.9,-7.7,-7.4,-9.5,-6.2,-4.6,-2.5,-6.2,-4.4,-6.9,-4.3,-3.3,-2.6,-6.7
2C7L51LtpQ,0,48.109801,11.626339,4442158.04,2778693.68,535.5,581.2,305,7352,3.5,0.74,0.42,32.65,348.97,-0.53,-0.103,0.842,-0.8,0.2,0.24,0.26,2.5,0.2,-0.3,1.7,-1.4,-0.2,0.4,-1.7,-0.7,-2.4,-2.6,-2.6,-3.1,-4.1,-3.1,-2.1,-2.9,-2.9,-0.7,-0.6,-1.7,-3.2,-2.8,-9.2,-4.3,-5.0,-6.4,-5.6,-3.5,-6.3,-3.5,-4.9,-7.5,-15.3,-5.2,-6.7,-6.3,-6.2,-3.2,-5.1,-1.7,-2.4,-1.9,-1.6,-5.0,-4.3,-4.8,-6.1,-8.6,-6.6,-4.9,-4.7,-3.2,-2.9,-4.0,-3.5,-3.1,-3.3,-3.2,-1.3,-5.6,-2.8,-2.7,-2.0,-1.0,5.2,3.2,6.7,2.4,-1.0,-0.9,-4.2,-3.8,-4.0,-3.0,-5.4,-3.2,-4.4,-3.6,-4.2,-3.1,-4.8,-3.5,-8.6,-5.6,-6.7,-8.2,-7.9,-5.8,-9.5,-6.5,-4.2,-6.3,-4.0,-9.9,-6.5,-10.9,-8.0,-4.8,-2.2,-6.8,-6.2,-4.3,-6.6,-2.6,-5.3,-5.6,-3.7,-3.9,-3.8,-2.6,-3.6,-4.4,-3.0,-5.3,-4.8,-6.2,-4.5,-5.7,-3.4,-5.9,-5.7,-6.0,-1.7,-5.8,-6.7,-4.5,12.8,-11.4,-0.2,-15.0,-9.4,-11.6,-11.4,-12.8,-8.7,-10.8,-9.8,-8.2,-4.8,-5.4,0.4,-0.4,-4.4,-0.2,-6.6,-4.8,-5.3,-6.5,2.7,-1.6,-2.8,-4.3,-4.5,-4.9,-0.6,-9.5,-8.9,-6.3,-3.7,-8.3,-7.7,-1.7,-3.1,-15.3,-14.5,-1.8,-20.0,1.8,-13.2,-6.2,-6.2,-3.9,-6.4,-7.2,-3.4,-1.3,0.2,-1.6,9.4,-8.3,-4.6,-8.1,-11.2,-6.0,-3.1,-7.2,-9.9,-4.1,-5.5,-5.0,-5.5,-15.7,-7.0,-10.3,-14.3,-5.9,-8.1,-1.4,-8.6,-6.5,-7.6,-8.2,0.5,-5.9,-7.0,-6.1,-4.5,-4.2,-12.1,-4.2
2C7L51Ltp4,0,48.109658,11.625088,4442065.14,2778675.83,535.2,580.9,305,7330,3.1,0.78,0.36,32.65,348.97,-0.529,-0.103,0.842,-0.6,0.2,0.08,0.24,1.2,0.2,-0.3,2.2,-1.9,-0.1,-0.9,-2.0,0.4,-0.0,0.6,1.2,1.6,-1.1,3.4,0.6,-0.9,-6.2,-6.5,0.6,-1.4,3.7,-0.0,-0.6,5.6,2.0,4.7,2.1,3.9,5.5,1.2,3.3,8.2,-8.9,7.1,6.8,5.8,3.4,3.6,4.6,2.6,-0.4,10.5,-1.4,1.7,3.4,-2.2,2.4,0.1,0.1,2.8,-2.7,0.6,-0.7,-0.8,0.8,0.9,-0.8,-1.4,-0.8,-3.3,-1.0,-2.6,-2.3,-2.7,13.6,-1.2,3.3,-1.3,-2.3,-2.2,-2.3,-0.2,-1.7,-0.1,-1.7,0.9,2.2,4.1,6.1,4.6,5.3,1.7,-1.8,-1.2,-1.0,-4.1,-4.6,2.0,0.5,3.4,-3.0,-2.7,1.8,0.5,-3.5,-1.1,0.7,4.2,2.6,1.3,2.5,0.9,1.1,4.2,-4.2,1.3,-0.9,-0.4,-2.0,-2.2,1.3,1.4,-1.8,-0.5,-1.0,-1.0,-1.0,-0.2,-2.1,-0.6,-0.8,-3.8,-2.6,-2.5,-0.8,-1.2,-1.0,-2.7,-0.9,-0.9,2.6,-0.2,4.4,-6.8,4.6,5.4,3.2,2.6,3.2,3.8,7.2,7.9,-0.1,1.7,-0.5,2.5,0.2,-0.4,-8.3,-1.9,-1.7,1.1,-5.1,-2.8,-3.3,-3.2,-1.7,-1.9,-1.4,1.1,2.4,0.4,3.4,-4.2,1.3,-1.7,-5.8,-4.2,-3.9,-1.2,0.4,-1.4,-4.1,-3.5,-3.6,-0.4,-2.4,-2.6,-3.4,-2.8,9.5,-1.7,-2.5,-3.3,-2.6,-3.6,-1.4,2.2,-2.0,-0.4,-4.5,5.4,-1.5,-5.5,-6.5,-1.4,2.6,0.6,-2.6,2.8,-1.1,0.3,-3.4,-2.1,-6.8,-3.0,-0.9,1.8,2.0,-2.3
2C7L51Ltp5,0,48.109674,11.625207,4442073.99,2778677.72,536.4,582.1,305,7331,2.9,0.77,0.39,32.65,348.97,-0.53,-0.103,0.842,-1.1,0.1,-0.46,0.22,2.1,0.2,-0.3,0.4,0.2,-0.0,-1.7,-1.5,-1.5,0.2,0.5,0.9,-4.3,-1.7,-1.4,-0.2,0.7,2.5,-4.8,-4.0,-3.8,-2.9,-5.0,0.8,-4.1,-0.6,-5.8,-4.4,-4.8,-0.5,1.7,0.2,-6.1,-9.4,-7.5,-9.0,-6.8,-6.6,-4.7,2.2,-3.9,-2.3,-2.2,1.9,-1.3,-0.2,-2.8,-2.2,-0.8,-1.3,-0.6,-0.4,-0.1,0.7,0.3,1.7,1.1,1.3,0.5,-0.7,-0.6,0.6,1.0,0.9,-0.3,-4.9,1.2,0.4,-0.3,0.6,0.6,1.4,3.8,1.7,0.5,0.5,1.8,8.0,-6.6,-7.3,-5.6,-5.3,-5.2,0.3,1.8,0.3,-2.4,-3.5,-6.8,-4.1,-4.4,-3.8,-2.2,-3.5,-1.3,-1.3,-10.6,-3.4,-1.3,-1.9,-5.3,-7.2,-2.6,0.7,-1.3,-2.5,0.5,-4.0,-4.9,-1.4,-1.5,2.0,-0.7,-2.6,-3.2,-1.6,-3.0,-2.1,-3.7,-2.3,-2.2,-1.4,-1.2,-2.1,-1.9,-2.2,-3.0,-5.7,-5.6,-2.3,-7.5,-6.1,-2.7,-1.1,-6.4,1.3,-9.0,-7.4,-4.9,-3.5,-5.9,-2.1,1.8,1.4,-3.4,3.6,-3.0,-0.9,-0.2,-7.6,-2.1,-1.2,-1.4,-0.1,-0.0,-13.4,-3.2,0.5,-2.2,-3.3,-4.3,-2.5,-2.3,-7.7,-10.0,-10.0,-14.0,-9.8,-1.1,-7.3,-6.4,-0.2,-9.1,-7.0,-10.8,-2.7,-3.2,-5.2,-5.2,-3.9,-3.5,5.6,-2.2,-4.2,-2.6,-4.4,-3.9,-5.4,-3.3,-8.2,-10.6,-6.4,-7.8,-4.4,-8.2,-12.4,-14.1,-6.7,-9.9,-6.2,-7.4,-4.7,-4.3,-6.3,-6.1,-7.1,-5.1,1.0,-4.8,-5.7,-7.5
2C7L51Ltp8,0,48.109695,11.625373,4442086.29,2778680.36,537.7,583.4,305,7334,2.0,0.92,0.28,32.65,348.97,-0.53,-0.103,0.842,-0.7,0.1,-0.39,0.15,0.6,0.1,-0.3,0.0,1.2,0.3,-0.1,1.9,-13.0,2.7,-1.4,0.7,-2.7,3.4,-0.3,0.2,-0.8,-0.0,-0.6,-0.3,-0.0,-0.7,0.7,0.3,-1.5,1.2,0.6,0.8,-0.9,1.7,-0.9,-1.7,-2.9,-15.7,-4.7,-2.7,-2.1,-3.1,-1.6,-0.3,1.5,1.1,-0.1,1.2,-0.8,1.4,0.1,0.0,1.1,-1.2,0.4,-2.3,-1.0,-1.3,-0.4,0.0,-0.3,-1.0,-0.2,-1.5,-0.8,-1.3,-1.2,0.6,-2.7,2.3,-1.6,-3.2,-2.4,-0.8,-3.7,-3.0,-1.4,-2.5,-0.9,-2.1,-1.8,-2.3,-2.4,-0.6,-2.1,-1.1,-1.3,-1.7,-2.5,-2.2,-0.0,-2.2,-0.4,-1.1,0.4,-2.3,-1.1,-2.4,-1.3,-4.3,-5.6,-2.8,-3.4,-1.8,-1.4,-0.4,0.9,-1.6,0.2,-1.3,1.6,0.3,-0.6,-0.6,-0.3,-0.2,-0.3,-0.6,0.7,-1.0,-0.4,-1.1,-0.9,-0.1,-1.7,0.6,-1.0,-0.1,-1.1,-2.1,-4.2,-1.8,-0.7,-0.7,-3.0,-1.1,-0.6,-2.6,-2.1,-3.3,-3.4,-3.4,-2.4,-2.8,-3.0,-0.2,1.4,0.7,-1.1,-0.6,0.7,0.3,-1.6,-0.9,-0.6,-0.6,-0.7,-3.1,0.8,-0.6,-0.1,-1.6,-1.6,-2.9,-2.9,-1.7,-0.7,-4.1,-3.3,-0.5,-3.5,-4.9,-0.1,-2.3,-0.4,-1.9,0.1,-0.9,-4.8,-7.7,-4.6,-4.5,-0.8,-3.5,-3.0,-5.8,-3.1,-4.0,-3.3,-2.4,-3.3,-2.2,-2.7,-4.1,-4.8,-1.4,-2.9,-4.7,-5.6,-4.3,-6.4,-5.9,-5.0,-5.5,-5.7,-4.1,-3.4,-4.7,-5.6,-2.7,-1.8,-0.8,-4.3,-2.7,-4.9
2C7L51Ltp9,0,48.109696,11.625384,4442087.12,2778680.54,535.4,581.1,305,7335,1.5,0.95,0.17,32.65,348.97,-0.53,-0.103,0.842,-0.8,0.1,-0.54,0.12,0.5,0.1,-0.3,-0.2,0.1,0.2,0.5,-0.4,-0.2,1.2,0.3,1.8,-7.4,1.9,0.5,0.4,1.2,1.5,1.1,0.2,1.2,0.3,-0.3,-0.9,-1.3,-0.2,0.2,0.1,0.9,1.4,1.2,0.1,-2.4,-14.0,-3.7,-2.6,-2.6,-2.8,-1.2,-1.5,0.8,2.0,0.5,0.9,0.8,0.5,-0.1,-0.4,-0.8,-0.6,-1.2,-1.4,-0.6,-1.4,-0.0,0.4,0.3,-0.9,-0.5,-0.3,-0.6,0.9,0.5,-0.6,-0.4,1.7,-0.9,0.6,0.2,-0.7,-2.0,-1.7,-0.4,-2.1,0.0,-1.6,-0.7,0.5,0.4,0.6,-0.4,0.3,-0.6,-1.0,-1.5,-0.8,-0.6,-1.9,0.1,-0.3,0.7,-0.9,1.1,0.5,-0.7,-2.6,-3.3,-1.8,-3.0,-0.6,0.2,0.6,1.3,0.5,0.8,-1.8,0.9,-0.0,-0.4,0.5,-0.4,1.8,0.2,-0.7,0.3,-1.8,0.2,-0.6,-1.3,-0.2,-1.2,0.0,-1.9,-0.3,-1.0,-1.2,-1.6,-1.0,-0.4,-0.0,-1.6,-1.3,0.7,-1.9,-1.5,-0.6,-2.4,-1.9,-0.5,-0.3,-0.3,1.3,1.8,-0.2,-1.1,-0.5,-0.1,-0.7,-1.7,0.1,-0.5,-0.5,-0.2,-1.4,-0.8,-1.3,-1.3,-0.8,-1.6,-1.7,-2.8,-1.9,-1.6,-2.9,-4.0,-0.9,-3.9,-5.1,-1.9,-1.1,-0.9,-1.1,-0.9,-0.9,-4.7,-5.5,-3.4,-4.0,-1.6,-3.7,-2.9,-2.5,-2.7,-3.5,-3.0,-2.9,-2.3,-2.0,-2.5,-3.1,-3.1,-2.8,-3.6,-4.2,-4.5,-5.4,-6.5,-5.8,-3.6,-4.8,-4.8,-4.5,-2.9,-4.3,-4.6,-4.2,-2.8,-2.8,-3.2,-3.3,-3.9
2C7L51LtoU,0,48.109413,11.62303,4441912.47,2778645.15,535.1,580.8,305,7294,4.0,0.69,0.45,32.61,348.93,-0.529,-0.103,0.842,-1.1,0.2,0.43,0.32,2.3,0.3,-0.3,-3.9,-3.3,0.7,-4.9,-4.3,1.1,-1.4,-2.3,-0.8,-0.8,0.3,-4.7,13.0,-1.6,10.2,8.6,6.8,-8.5,-11.6,-5.4,-3.3,-5.1,-3.0,-5.5,9.2,-7.5,-9.0,-7.8,-12.1,-15.6,0.6,-12.4,-18.5,-14.5,-14.1,-8.6,-12.8,-0.9,-6.6,-5.8,-9.2,-6.1,-12.8,-6.1,-9.1,-7.8,-10.1,-9.2,-9.4,-6.3,-6.9,-6.7,-7.5,-6.7,-6.9,-7.1,-8.7,-6.5,-4.6,-5.7,-3.4,-2.7,-0.5,-8.3,5.7,-4.1,-6.6,-6.9,-3.1,-6.6,-2.5,-6.7,-7.0,-6.8,-9.4,-9.3,-8.2,-11.9,-9.2,-10.3,-8.4,-13.7,-8.8,-14.0,-9.5,-13.4,-9.2,-7.6,-8.1,-10.3,-12.1,-11.8,-11.3,-13.5,-11.4,-9.3,-13.3,-5.3,-10.0,-7.7,-8.4,-6.3,-8.0,-5.0,-9.1,-8.0,-7.0,-8.7,-7.0,-9.5,-3.9,-6.0,-5.1,-9.2,-2.7,-7.0,-5.4,-6.1,-3.4,-4.2,-7.8,-5.1,-7.8,-4.8,-11.1,-5.2,-4.2,-10.2,-5.9,-3.1,-9.3,-8.8,-7.8,-5.9,-8.5,-6.8,-8.5,-8.0,-3.1,-5.8,-6.2,-7.5,-8.4,-4.3,-10.7,-7.9,-7.0,-12.9,-11.5,8.8,-2.8,-7.1,-8.2,-7.9,-9.2,-12.8,-13.6,-14.9,-11.6,-11.2,-9.6,-15.2,-10.9,5.5,-9.4,-5.1,-7.9,-8.6,-9.8,-9.4,-9.6,-12.5,-15.4,-10.3,-7.9,-8.1,-8.4,-7.0,5.5,-8.3,-8.6,-6.7,-8.4,-12.7,-8.1,-9.3,-10.9,-12.6,-7.3,-9.9,-16.4,-12.5,-11.2,-10.3,-11.8,-10.0,-11.5,-13.0,-14.7,-9.4,-13.1,-13.5,-10.3,-6.6,-8.2,-9.7,-9.3,-9.7
2C7L51LtpE,0,48.109764,11.625763,4442115.17,2778688.62,539.9,585.6,305,7340,3.5,0.75,0.44,32.65,348.98,-0.53,-0.103,0.842,-0.6,0.2,-0.48,0.27,0.1,0.2,-0.3,-0.7,-2.6,-2.1,-3.6,-2.8,11.9,-0.7,-2.8,2.2,0.9,0.3,2.7,-0.7,2.3,-0.2,1.6,2.2,2.2,-2.2,-2.6,-3.4,-2.6,2.3,2.2,1.9,1.9,3.7,-1.9,-2.7,-4.5,11.7,-4.5,-2.9,-3.5,-2.6,-5.8,0.3,0.7,0.7,3.7,-0.2,-1.2,0.5,0.9,-0.7,-3.1,-3.8,-1.8,-4.7,-0.8,-3.8,-2.5,-2.4,0.1,1.9,1.0,2.7,-1.1,-1.6,1.0,-2.0,1.6,2.4,-0.8,-7.3,4.7,0.3,3.6,-1.0,-0.9,-3.5,-1.5,-2.4,-0.3,-0.5,1.2,1.4,-0.3,0.1,-1.2,-0.5,0.0,-2.6,-4.7,1.7,1.1,1.4,3.4,0.3,0.9,-3.5,2.4,-7.9,-9.2,3.5,2.2,-7.9,0.4,3.1,2.6,-0.5,0.8,2.4,3.4,2.2,1.5,3.7,1.4,4.5,-0.4,-0.2,-3.5,-3.3,-1.6,-3.5,-9.0,-8.3,-10.5,7.4,-1.2,-0.1,-3.7,-0.2,-0.9,0.7,0.8,-2.4,0.9,0.2,2.0,-0.9,1.8,1.8,-2.4,-1.4,-2.4,-0.3,0.6,4.8,5.2,14.3,-2.6,-1.9,0.1,2.3,3.3,-8.6,4.2,6.6,-5.7,-6.0,1.4,-1.3,-1.8,-2.6,-3.4,-3.6,-1.8,1.1,-2.7,1.5,-8.6,-2.9,-4.4,-4.5,-2.0,-0.2,0.5,-4.0,-2.9,0.5,-4.5,-4.0,-4.2,-5.2,-5.0,3.3,-3.9,5.3,8.0,-6.8,-4.8,-1.4,-1.0,-5.3,0.4,-5.8,-1.8,-1.6,-5.3,-4.7,-3.1,-4.3,-2.2,-0.9,3.0,0.3,-3.5,-4.8,-1.8,-8.5,-4.2,-3.0,-2.4,-4.3,-5.4,-4.9,-5.9
2C7L51Ltpb,0,48.109929,11.627054,4442210.99,2778709.17,537.5,583.2,305,7363,3.3,0.74,0.46,32.65,348.98,-0.53,-0.103,0.842,-0.5,0.2,-1.23,0.25,0.8,0.2,-0.3,1.9,-5.3,-5.2,-2.1,-0.7,0.4,-2.9,-0.1,0.6,2.3,1.4,1.4,-2.0,5.3,4.4,7.0,4.8,6.0,3.5,6.3,-1.4,1.5,1.2,3.5,1.8,3.1,0.8,-1.4,3.7,2.5,-7.0,0.6,1.5,1.6,-3.1,2.9,5.3,3.4,2.6,3.2,0.2,-1.7,4.2,5.2,-2.7,4.7,2.4,-1.0,6.4,-1.6,-1.7,0.2,-0.6,1.0,2.0,0.7,4.3,3.1,0.3,0.4,2.4,-7.4,-5.7,1.6,10.1,-1.8,-1.0,-2.7,-3.7,-1.5,-0.9,1.7,3.0,-7.6,2.5,1.5,-0.3,0.6,1.1,3.9,-0.3,4.9,5.4,8.3,3.3,1.7,3.7,5.1,4.9,3.9,-4.0,1.4,-1.3,1.1,2.1,8.8,3.9,5.9,3.6,2.8,6.5,2.5,2.2,2.9,6.8,4.2,0.9,2.0,0.3,-2.9,2.1,3.3,9.5,-2.0,2.2,-1.8,-0.1,-1.9,3.8,6.6,0.5,1.0,2.0,0.8,9.5,4.0,4.3,1.3,1.5,-0.4,-2.1,0.4,11.4,3.6,-1.6,4.5,2.7,0.1,4.4,5.6,-1.4,0.8,0.5,6.2,3.8,4.9,-1.3,4.7,3.4,1.4,4.5,2.4,2.8,2.8,6.0,1.0,1.4,-2.8,1.0,-1.3,4.6,-4.3,-1.0,-5.7,-0.9,4.6,-0.1,3.6,1.1,3.8,3.3,1.5,-5.7,-4.9,-1.9,1.3,-2.2,0.5,9.4,-2.0,-3.9,1.6,-2.1,-1.0,-0.9,-0.4,-2.3,-0.3,4.0,-1.9,-0.8,0.3,0.4,-1.8,-1.4,-1.2,-3.6,1.0,-2.4,1.7,1.7,1.2,-2.7,-4.0,-1.3,-13.3,-11.2,-3.9
2C7L51Ltok,0,48.109546,11.623925,4441978.85,2778661.46,534.0,579.7,305,7310,3.4,0.77,0.39,32.64,348.98,-0.529,-0.103,0.842,-1.0,0.2,-0.77,0.26,0.8,0.2,-0.3,-2.9,-0.1,-1.7,0.5,-3.2,15.1,-2.8,-5.1,-1.7,-3.3,1.0,-2.2,1.1,-1.7,-3.1,-3.0,-2.8,-1.4,-1.5,-2.2,-4.9,-1.5,-3.1,-0.5,8.2,0.1,1.9,3.2,-1.6,-9.7,11.6,-3.6,-1.5,-1.3,-3.4,-1.9,-1.1,-1.7,2.9,0.3,0.5,-2.1,-2.6,0.9,0.4,-3.6,-6.8,-1.2,-2.9,-4.6,-0.5,-3.3,0.0,-3.7,-2.4,-6.2,-0.6,-0.5,-1.8,-2.8,-1.1,0.2,0.8,-0.8,-5.2,14.0,-1.7,2.0,1.1,3.2,-0.9,0.7,-2.1,-0.5,5.9,1.2,3.8,0.6,0.3,-1.9,-2.6,-7.3,1.4,-3.6,3.1,-6.1,-6.2,-2.2,-1.5,-1.6,-4.1,-5.4,7.4,-6.3,-2.2,-2.0,-4.8,-2.7,-2.4,-0.2,-2.6,-2.6,-5.0,-3.7,-5.4,-1.8,-1.0,-0.6,-4.5,-2.5,-2.1,-0.9,-3.0,0.9,-5.3,-3.3,-4.3,-3.0,-4.1,0.3,-1.6,-2.4,-3.2,-3.7,-2.6,-5.4,-2.6,-2.2,-2.1,-2.7,2.1,0.3,0.2,-3.5,-4.7,-6.2,-4.4,-0.7,1.2,1.2,-3.9,-4.8,-3.0,-1.0,-0.9,-13.0,-0.1,-1.2,-0.8,-0.6,-4.0,-1.8,-2.1,-1.1,-1.2,-3.2,-5.3,4.6,-3.2,-0.1,-4.6,-5.6,-1.3,-5.6,-6.2,-4.6,-3.6,-0.9,1.7,-0.8,-3.0,-5.2,-2.9,0.5,-6.9,-6.6,-3.2,-0.5,11.5,-4.1,-0.9,-2.7,-3.0,-3.7,-2.1,-4.2,-5.8,-3.5,-5.5,-2.1,-5.6,1.6,-8.9,-10.3,-11.1,-6.6,-10.5,-11.4,-9.4,-4.5,-7.9,-8.9,-1.0,-8.3,-9.2,-11.0,-11.1,-12.0
2C7L51Ltou,0,48.109626,11.624548,4442025.0,2778671.35,537.8,583.5,305,7320,3.2,0.77,0.4,32.64,348.98,-0.529,-0.103,0.842,-0.0,0.2,-0.01,0.24,0.6,0.2,-0.3,-2.4,-1.4,-3.0,-6.0,-4.1,-4.7,0.6,-0.8,0.2,-7.1,2.2,-1.2,-1.0,3.0,-1.0,-0.0,2.0,4.5,3.8,2.4,1.1,2.5,0.6,4.4,3.0,4.5,4.3,0.7,3.7,-2.4,10.5,2.2,-1.2,-0.2,-1.2,0.5,-0.5,2.2,3.1,3.3,1.1,-0.5,0.4,-2.5,-2.5,2.1,-1.4,-2.1,1.9,5.6,1.6,-5.5,-1.4,-1.0,-0.4,1.4,-0.0,0.6,0.6,1.6,-3.2,-5.5,5.7,0.2,-5.9,-1.5,-3.6,-5.2,-4.5,-2.4,-4.1,-2.1,-5.4,-2.5,-2.0,2.3,-0.5,-0.7,0.9,0.9,1.7,1.4,-1.2,-1.7,0.5,0.5,2.8,5.5,5.5,3.2,-2.1,-2.3,-1.6,-4.0,0.4,-6.0,-5.6,3.4,-0.1,1.4,-2.0,1.6,0.4,0.6,1.6,1.8,4.0,-1.2,2.5,-0.0,2.9,-1.0,-2.9,-0.5,-1.0,-3.1,-1.1,-1.2,-2.0,0.4,0.9,-0.7,-3.1,-2.2,1.1,1.0,-3.0,0.6,0.4,-2.9,-4.6,-0.8,-0.1,-0.1,-0.9,-0.6,4.8,3.3,3.9,3.9,9.0,-1.4,1.1,-1.2,2.8,-2.6,6.6,6.6,1.5,-4.6,4.3,-0.4,-1.3,-2.5,0.3,-5.1,-0.9,-3.5,3.9,-9.6,-0.9,-1.6,3.1,0.5,-0.6,-2.2,-3.9,1.9,-4.2,0.5,-0.3,3.0,0.3,-4.1,-10.2,4.4,0.0,6.0,2.3,7.1,0.5,9.6,-4.6,7.7,9.2,-0.5,-0.0,-0.8,-1.2,0.2,-3.3,1.0,1.6,-0.6,1.0,-0.0,-1.3,-1.5,-2.4,-0.9,-3.3,1.2,-0.6,-1.6,-2.8,-3.9,0.7,-0.3
2C7L51Ltov,0,48.109638,11.624642,4442032.03,2778672.86,539.6,585.3,305,7321,2.4,0.87,0.37,32.64,348.98,-0.529,-0.103,0.842,-1.0,0.1,-0.06,0.18,0.1,0.2,-0.3,-1.2,-1.7,-3.0,-3.7,-2.4,0.1,-0.5,2.3,0.5,10.5,5.0,-0.6,-3.2,0.1,-1.0,1.1,3.4,4.0,3.6,2.0,-1.5,-0.4,-5.0,1.3,-1.7,4.8,0.6,-2.9,-5.6,-6.5,8.9,0.7,-5.7,-4.5,-7.0,-2.0,-4.2,-1.4,-2.1,0.3,-1.7,-1.8,-1.6,-1.1,-2.7,1.2,-2.7,-1.9,-0.7,2.1,-1.8,-2.2,-5.9,-1.2,-0.4,0.5,-0.5,-0.0,-0.4,0.7,-2.1,-1.2,-0.1,0.3,-2.1,-1.5,-1.4,-4.0,0.9,-0.4,-0.4,-2.2,-2.0,-0.8,-2.4,-0.9,-0.4,-2.4,-0.4,-1.8,-2.3,-3.7,-3.8,-5.9,-4.7,-2.1,-0.1,2.7,1.2,-0.3,-4.8,-1.6,-2.8,-4.3,-0.2,-4.2,-5.7,2.0,-3.0,1.2,-1.9,0.3,2.1,-0.2,2.2,-0.2,0.1,-1.9,-0.8,-1.8,-1.8,-2.1,-3.2,-3.8,-3.3,-3.2,-4.2,-2.1,-2.5,-0.6,-4.7,-1.8,-3.6,-2.9,-1.1,-0.4,-4.3,0.7,-1.5,-1.0,-3.1,-3.1,-1.7,-2.4,-1.8,-1.8,0.3,-2.6,-0.4,-1.6,0.7,-4.1,-2.9,-4.3,-3.8,-3.2,-0.4,-2.9,-3.1,-3.0,-1.0,-3.5,-2.4,-4.3,-4.4,-4.0,-4.5,-7.6,-4.6,-7.7,0.8,-3.4,-1.6,-6.4,-3.2,-2.1,-1.8,-0.3,-5.6,-1.1,-3.2,-1.4,-5.2,-6.0,-6.1,-10.7,-0.2,-0.6,-3.1,-6.2,-9.3,-3.3,-3.9,-6.0,-6.5,-5.0,-6.9,-6.0,-4.8,-1.7,-8.2,-3.6,-1.3,-6.3,-7.5,-2.3,-3.1,-3.2,-6.3,-3.8,-7.8,-4.3,-4.8,-4.0,-5.7,-5.6,-4.4,-4.0
2C7L51Ltow,0,48.109637,11.624632,4442031.28,2778672.7,536.3,582.0,305,7322,2.0,0.88,0.28,32.64,348.98,-0.529,-0.103,0.842,-1.2,0.1,0.42,0.15,1.9,0.1,-0.3,0.6,-0.3,0.6,0.4,0.1,0.9,0.3,1.0,-0.1,0.7,1.8,0.5,4.6,0.8,2.5,2.2,0.4,-0.5,-2.8,-2.0,-7.8,-5.6,-8.0,-3.8,-2.9,0.5,-6.3,-7.0,-8.6,-9.0,-21.2,-5.1,-6.0,-8.2,-10.0,-7.5,-8.4,-6.8,-4.7,-2.3,-6.7,-6.5,-7.2,-3.7,-7.5,-5.6,-7.1,-4.0,-5.5,-4.0,-6.2,-3.5,-2.1,-2.5,-2.8,-1.5,-0.9,-1.9,-2.5,-2.9,-4.1,-2.9,-4.5,-2.8,-3.8,-3.7,-4.3,-3.2,-3.4,-3.7,-2.2,-3.3,-5.1,-3.7,-4.5,-3.7,-3.5,-5.3,-3.7,-5.5,-5.3,-7.4,-6.3,-7.5,-5.0,-4.2,-4.5,-4.8,-5.2,-6.0,-7.0,-8.4,-7.1,-8.8,-6.5,-7.5,-6.6,-3.8,-6.6,-4.9,-5.7,-4.6,-3.5,-7.5,-4.6,-4.5,-5.1,-5.8,-4.2,-5.6,-5.2,-5.4,-5.6,-5.9,-4.5,-4.6,-6.7,-5.9,-5.2,-5.1,-6.1,-6.4,-4.5,-4.9,-4.6,-5.7,-6.0,-5.6,-6.7,-5.2,-8.3,-6.6,-7.6,-7.2,-6.5,-8.3,-5.5,-8.6,-5.9,-6.1,-7.2,-7.9,-6.5,-6.7,-5.7,-6.6,-5.4,-5.3,-4.8,-4.8,-5.2,-4.7,-6.1,-6.9,-5.9,-6.5,-8.0,-9.3,-7.5,-7.3,-7.2,-9.6,-6.9,-9.2,-9.0,-6.7,-6.5,-6.6,-8.0,-6.9,-8.2,-10.3,-7.8,-8.2,-8.8,-6.8,-6.5,-5.6,-8.1,-6.8,-7.1,-7.0,-7.3,-8.3,-6.5,-6.0,-11.0,-7.4,-9.8,-10.1,-10.7,-9.3,-10.2,-10.3,-11.5,-8.7,-6.9,-8.1,-9.8,-7.8,-7.7,-8.0,-8.3,-6.5,-6.2,-7.6,-6.5,-7.2
2C7L51LtoJ,0,48.109371,11.622418,4441866.97,2778639.53,536.7,582.4,305,7283,3.7,0.72,0.42,32.61,348.93,-0.529,-0.103,0.842,0.2,0.2,-0.65,0.29,0.5,0.2,-0.3,-3.4,-1.7,-0.3,-0.3,-3.1,-10.9,-1.3,-3.0,6.2,8.4,1.9,-5.3,-1.7,2.2,1.7,-1.6,-2.0,-3.3,-4.1,-6.0,-4.3,0.5,-2.4,1.6,0.1,0.6,5.0,-1.5,0.8,-0.7,9.3,0.6,-4.3,-4.2,-8.9,0.4,-2.7,2.5,2.2,3.6,0.6,3.3,3.7,1.2,2.2,3.6,-3.7,-5.4,-0.6,0.9,-4.0,0.8,-5.5,-1.7,-1.4,2.3,-4.4,-3.1,-2.4,-5.0,-2.4,-0.9,14.5,3.4,-0.9,-4.4,-1.1,-1.5,2.4,2.9,-5.9,1.6,-6.8,-4.7,-0.9,0.4,-1.8,-3.4,-0.2,1.3,-0.9,1.3,-3.3,-5.5,-0.0,-0.3,0.5,1.1,-0.2,-1.2,-1.0,0.2,3.7,0.9,0.2,1.1,0.2,1.1,3.3,-1.9,-9.1,2.9,2.8,-0.7,-0.1,-0.3,-1.3,-1.4,-0.7,-3.4,-2.0,-3.4,-2.3,-1.0,0.5,-6.3,-0.7,0.7,16.3,-4.4,-6.6,-3.4,-1.9,-0.3,0.2,2.0,-10.1,-6.3,8.4,3.9,-1.6,1.1,0.9,4.0,1.6,1.8,5.3,6.2,6.3,5.4,0.9,1.5,0.3,0.1,4.9,5.2,2.7,3.9,-0.6,2.4,1.3,-3.9,2.5,5.4,4.0,-1.9,-0.9,-3.4,0.5,3.8,-1.8,-2.0,-1.0,-3.9,-2.0,-6.3,-2.6,3.4,7.2,2.8,2.0,-0.8,-0.1,0.2,10.1,2.3,1.8,-0.7,15.0,1.2,-0.9,1.9,0.1,1.0,2.1,-2.0,-1.9,5.8,-1.3,-3.8,-1.1,0.6,-0.4,1.9,-6.3,-2.8,1.0,-4.9,-2.0,-1.4,-2.4,0.4,-5.3,-2.7,-1.8,-3.5,-1.8,-2.7
2C7L51Ltor,0,48.109627,11.62441,4442014.78,2778671.23,537.2,582.9,305,7317,2.5,0.86,0.34,32.64,348.98,-0.529,-0.103,0.842,-1.3,0.1,0.09,0.19,0.5,0.2,-0.3,-0.7,-1.6,-0.7,-1.4,-3.0,0.3,-3.3,-1.3,-1.5,-3.5,0.1,1.6,-1.3,-0.6,-0.4,-0.1,1.7,-1.4,-1.7,-1.3,-0.5,-0.2,-1.4,3.1,0.5,0.8,1.8,1.5,0.7,-1.4,10.6,-3.2,-3.6,-2.4,-2.6,-0.8,-0.8,0.7,3.1,4.0,1.5,0.4,1.0,-1.0,1.7,-2.4,-0.4,0.5,-2.0,-0.9,1.2,-3.4,-1.8,-3.9,-2.0,1.0,0.3,-0.0,-0.5,-2.9,-2.9,-3.4,-7.5,-4.7,7.1,4.1,-0.8,-3.7,-2.8,-0.1,-4.7,-3.4,-4.9,-1.7,-0.8,0.1,-0.5,-1.7,0.4,-0.4,-3.3,-1.7,-2.4,-2.1,-3.7,-1.0,-0.3,0.9,-4.5,-1.5,-3.0,-3.2,-4.7,-4.2,-2.9,-5.4,-2.1,2.0,-0.3,-2.1,-4.0,1.4,-1.8,-1.9,-1.3,-1.8,-1.8,-2.8,-4.4,-1.7,-1.1,-0.2,-1.1,-0.6,-1.0,-2.7,-3.2,-2.2,-4.5,-0.6,-2.7,-2.7,-2.0,-2.5,-2.1,-1.3,-2.2,-2.9,-0.5,-1.0,-6.2,-7.9,-7.1,-9.8,-8.7,-8.0,-4.8,-4.2,2.2,-2.1,2.0,-4.0,-1.5,-2.0,-2.3,-4.6,-2.8,-2.5,-0.7,-2.5,-0.4,-1.9,-5.8,-5.6,-5.1,-4.8,-5.5,-6.2,-5.2,-1.3,-4.9,-6.0,-2.7,-6.0,-7.7,-6.8,-11.3,-5.9,-1.9,2.7,2.2,-6.3,-3.7,-5.4,-7.2,-0.1,-4.5,-5.8,-16.3,-3.8,-6.4,-5.5,-4.7,-6.1,-6.1,-6.2,-8.5,-4.2,-4.8,-3.6,-5.7,-4.1,-7.3,-4.8,-7.4,-3.9,-2.3,1.1,-6.0,-2.8,-5.2,-4.3,-7.8,-7.1,-5.7,-8.3,-6.5,-6.6
2C7L51Ltp0,0,48.109689,11.624896,4442050.78,2778678.95,537.4,583.1,305,7326,1.6,0.94,0.31,32.65,348.98,-0.529,-0.103,0.842,-0.9,0.1,-0.52,0.12,0.9,0.1,-0.3,2.3,1.3,0.4,-0.3,-0.6,-0.5,1.9,1.4,0.8,0.7,-0.4,-0.4,-0.3,0.3,-1.7,-0.7,-0.5,0.3,-0.8,0.4,-1.1,-0.8,-0.4,-0.5,-0.1,-0.6,1.8,0.6,-0.5,-3.2,-15.9,-1.2,-2.3,-2.7,-4.3,-3.3,-1.5,0.1,1.1,1.0,-0.2,-2.1,-0.1,-2.5,-2.4,-3.2,-0.6,-2.4,-3.4,-0.5,-1.8,-0.5,-0.1,0.4,0.6,-0.2,0.5,1.3,1.5,0.3,-0.8,-0.4,-1.0,0.3,1.2,1.7,0.5,-1.4,0.8,-0.1,1.0,-0.1,-0.4,0.7,-0.6,-0.5,-0.5,-1.5,-1.2,-2.7,-3.3,-3.0,-2.6,-1.4,-0.3,-1.2,-1.9,0.1,-0.2,-0.5,-0.6,-2.4,-0.8,-4.1,0.1,-3.1,-2.5,0.6,-0.5,-1.0,-1.6,-0.1,-0.3,-1.9,-0.6,-0.1,0.1,-1.1,0.7,-0.2,0.2,-1.2,-2.5,0.1,0.5,0.4,-0.2,-0.5,0.3,-0.0,-1.9,-1.1,-1.2,-1.9,-0.7,-0.3,-0.4,-0.7,-0.9,0.2,-4.1,-1.2,-1.6,-2.8,-2.0,-1.8,-1.7,-1.6,0.6,-1.4,-0.1,-3.0,-2.5,-2.6,-2.0,-1.8,-3.3,-1.0,-1.9,-2.8,1.1,-1.7,-0.6,-1.1,-1.4,-1.4,-3.4,-4.3,-2.7,-2.9,-3.8,-6.5,-2.8,-4.4,-5.3,-2.6,-4.8,-1.8,-2.6,-2.9,-2.8,-6.1,-3.7,-3.8,-5.5,-3.0,-3.3,-3.9,-3.4,-2.9,-4.3,-1.9,-2.5,-3.7,-4.0,-2.5,-3.7,-4.4,-3.2,-4.3,-10.0,-0.3,-2.9,-5.7,-4.8,-3.2,-2.6,-6.5,-5.7,-5.9,-5.2,-6.3,-7.1,-6.6,-3.7,-4.9,-3.8,-3.4
2C7L51Ltoe,0,48.109544,11.623618,4441955.94,2778660.68,536.1,581.8,305,7304,2.5,0.86,0.36,32.64,348.98,-0.529,-0.103,0.842,-0.9,0.1,-0.03,0.19,0.6,0.2,-0.3,-1.4,-0.8,-1.1,-0.5,-1.3,-0.8,2.4,1.7,2.5,2.4,2.2,-0.3,2.3,1.9,1.6,-0.5,-1.0,-0.9,1.7,-0.3,-2.8,-5.3,-1.9,3.0,0.3,1.8,-0.3,-2.7,-3.9,-4.7,11.4,-4.0,-4.4,-2.6,-4.2,-3.0,-2.2,2.5,1.7,1.5,2.5,-1.4,5.2,0.1,1.7,-0.9,0.5,-0.9,-0.6,2.1,-3.0,-0.9,0.3,-0.4,-1.5,-0.3,-0.2,-1.0,-2.1,-1.4,-1.4,-2.8,-1.8,-1.7,-1.2,0.0,-2.6,-0.7,-1.3,-2.4,0.4,-0.7,-1.0,-1.1,-0.7,0.1,-0.6,2.1,0.1,0.4,-0.1,-3.7,-1.2,-6.7,-3.4,-4.6,-1.8,4.2,-1.0,-0.4,-1.3,-2.5,-3.0,-2.9,-0.1,-1.2,-2.0,0.2,1.8,-0.2,-2.8,1.1,0.7,-0.4,0.0,1.3,-0.9,1.9,-1.6,-0.6,0.0,-0.4,3.2,2.5,-1.4,-0.4,-1.5,-0.7,-0.8,0.5,-1.7,-1.3,-1.0,-2.2,2.0,0.2,-0.5,2.4,4.2,2.3,-5.1,-1.2,-1.8,-0.5,-2.8,-1.9,1.3,-3.9,2.4,3.2,-1.0,-6.0,-4.9,-3.6,-2.9,-1.9,-2.2,2.8,0.6,-2.1,-4.1,0.1,-2.8,-3.2,-2.1,-3.6,-5.1,-9.4,-5.5,-2.9,-5.7,-7.5,-1.4,-5.9,-7.8,-1.4,-4.8,-2.6,-3.8,-2.1,-1.5,-7.9,-10.9,-4.5,-4.1,-0.3,1.5,-1.5,-3.9,-0.5,-4.4,-4.3,-4.8,-3.2,-2.8,-4.9,-2.4,-2.7,-7.9,-7.3,-2.5,-2.5,-2.8,-3.2,-6.2,-3.6,-6.3,-3.1,-3.3,-3.4,-6.7,6.6,-2.2,-3.0,0.0,-2.7,-2.8,-1.0
2C7L51LtoX,0,48.109503,11.623157,4441921.74,2778655.43,533.1,578.8,305,7297,3.1,0.79,0.42,32.61,348.93,-0.529,-0.103,0.842,-0.8,0.2,-1.1,0.23,0.7,0.2,-0.3,-2.1,2.9,-0.3,1.9,-0.4,1.3,2.3,2.1,1.3,3.8,1.6,0.2,0.3,0.8,1.2,2.0,0.5,0.1,1.5,0.2,-2.7,1.6,-1.2,1.9,-0.6,0.3,0.8,-2.7,-3.4,0.2,-14.7,-1.4,0.5,-3.3,-1.2,-0.6,2.9,2.4,2.1,4.2,2.3,-0.6,3.9,3.7,1.3,6.1,-0.6,-0.8,-0.4,0.4,0.8,-1.0,1.1,1.3,4.0,2.9,1.5,4.9,-0.9,-2.2,1.6,-1.4,-2.9,-1.2,5.4,0.5,-0.1,-3.1,-1.1,1.9,-2.3,1.4,-3.8,-2.3,1.2,1.6,3.0,0.0,0.2,0.3,-2.5,2.2,2.2,1.6,6.9,3.1,3.5,2.2,2.9,3.5,-0.7,-5.3,7.6,3.8,1.4,-0.1,-0.9,1.5,4.7,1.5,7.1,-0.1,-3.3,-0.7,-0.7,5.4,9.5,0.9,3.3,1.0,2.1,2.9,7.6,5.4,3.2,9.5,-0.8,1.0,0.6,0.8,9.2,1.8,-1.0,2.0,1.7,0.4,1.9,5.1,4.0,0.8,0.5,0.4,9.9,0.8,-2.8,-4.8,1.6,-0.2,1.3,2.8,-0.1,3.1,2.3,3.2,2.3,2.0,-0.7,2.5,0.6,2.1,1.6,0.1,-1.8,-0.8,3.6,1.3,-0.0,-1.3,-1.1,-0.9,-4.3,-2.5,-3.7,-5.7,-3.3,-4.6,-2.0,-2.9,-0.9,-2.3,-2.7,-4.4,-6.0,-4.1,-2.2,-3.0,0.8,3.9,-10.3,-2.1,-1.6,-0.1,-0.6,-3.7,-2.5,-1.2,-5.1,0.4,-4.5,-3.1,-1.8,-0.3,0.9,-4.4,-9.0,-5.6,-5.6,-13.2,9.1,0.3,-0.9,2.0,-2.6,-0.5,-4.5,-3.9,-5.8,-3.0
2C7L51Ltpc,0,48.109998,11.627011,4442207.56,2778716.73,533.6,579.3,305,7364,4.6,0.58,0.53,32.65,348.98,-0.53,-0.103,0.842,-0.3,0.2,-0.17,0.35,1.6,0.3,-0.3,-0.8,0.6,0.5,-0.9,-0.5,-5.4,-2.8,-3.1,5.5,-6.9,1.8,-1.2,-1.5,-0.3,3.1,6.7,6.8,4.9,4.0,6.8,0.1,4.3,-2.7,8.3,5.2,7.2,3.9,3.2,1.5,4.7,-10.2,1.7,4.4,5.7,0.9,5.8,6.8,4.4,3.6,4.2,-1.1,-10.5,7.6,8.7,-2.9,4.1,3.2,-12.9,-6.8,-6.3,-0.7,1.0,-0.1,1.7,0.5,3.1,6.9,0.9,1.0,2.4,1.7,2.6,-3.6,-3.6,12.9,1.2,-2.6,-8.2,-3.6,-3.9,5.8,-1.4,6.4,-7.3,-2.1,8.2,-3.9,-3.2,-4.9,6.5,1.0,6.2,-0.2,-6.2,0.6,5.2,5.6,8.3,7.7,4.6,-2.4,-8.7,2.3,3.7,-2.0,-9.6,-6.2,6.7,2.9,0.1,-2.5,4.9,-1.2,1.0,7.6,-0.3,-1.7,-4.7,0.8,-3.8,2.1,-1.8,-5.4,-2.4,-2.2,6.9,-0.4,-1.9,4.4,-12.6,-3.4,0.9,4.8,1.7,8.6,5.2,6.4,0.7,2.2,3.3,-1.1,2.3,6.9,3.6,1.2,3.8,3.6,-2.9,2.2,2.1,10.5,3.7,-1.3,-3.0,-8.0,-11.7,1.7,-12.3,-5.3,-0.3,1.4,0.7,4.0,-1.3,2.2,-3.9,14.3,-6.4,0.2,-1.4,2.2,-0.9,0.9,-3.0,-0.7,7.6,2.2,3.2,2.8,2.0,3.2,2.1,-6.8,-2.6,3.1,5.8,4.0,3.1,-14.5,2.0,-0.4,2.4,-0.2,0.3,-2.2,1.8,1.0,1.3,3.2,-0.5,1.8,-0.2,-2.3,-1.2,-0.3,0.3,-1.2,-4.4,-3.9,0.7,-0.4,-0.3,-5.5,-6.5,1.2,5.3,-11.5,0.7
2C7L51MArn,0,48.10966,11.624232,4442001.39,2778674.55,546.5,592.2,306,7311,4.4,0.59,0.5,32.64,348.98,-0.529,-0.103,0.842,-0.9,0.2,-0.62,0.34,1.5,0.3,-0.3,1.5,-1.2,2.7,-1.8,-0.2,7.2,-4.1,-4.9,-2.3,-3.8,-0.2,13.1,2.1,-10.8,9.2,5.6,5.5,-3.7,5.5,-1.0,-10.6,2.2,4.2,0.4,5.0,-2.2,0.5,0.1,8.0,-0.4,-9.6,-3.8,-2.1,-4.8,-4.9,-0.6,0.7,-0.1,0.0,2.4,-3.5,-0.0,1.7,3.1,-5.1,7.4,5.8,6.3,1.5,5.0,0.7,-1.1,-3.7,2.7,1.3,2.1,4.3,-0.8,3.9,1.1,0.2,2.9,0.7,-0.9,3.6,6.5,0.5,6.0,0.1,0.7,-0.2,8.3,1.2,-3.1,-2.0,-2.1,0.8,-0.3,4.7,-1.9,-2.7,-0.3,-4.0,3.9,2.5,5.8,3.2,6.7,1.0,0.2,-2.6,-1.0,3.2,-2.2,2.6,-1.8,3.6,4.8,2.9,4.0,9.5,1.9,-8.8,-1.8,-1.5,-0.2,-12.1,-3.4,13.6,-3.4,7.4,-4.5,2.3,3.0,4.3,4.1,4.3,-0.1,2.3,3.9,1.5,1.5,2.5,4.1,5.5,4.3,5.5,2.3,2.2,-2.7,-4.2,3.7,-8.1,-3.3,-2.5,-0.3,-7.6,-8.3,1.2,0.4,-1.4,4.5,3.3,4.5,4.2,3.6,5.3,-2.4,-1.8,-1.3,-1.4,-1.3,-6.8,-0.1,-4.4,-1.0,-2.3,3.3,1.1,1.8,-1.7,-10.3,-3.3,-7.2,-6.2,-12.1,11.0,-4.2,-0.5,-4.7,-7.7,-9.5,-7.6,-15.6,-1.7,-1.4,-2.9,-4.2,8.2,-1.6,-0.3,-2.0,1.4,-4.9,0.7,0.9,-11.4,-0.9,-6.6,-7.8,2.1,-6.9,-2.9,-3.3,-8.8,-10.5,0.9,-8.4,-2.9,-4.5,5.4,3.8,-3.2,-7.5,5.6,1.6,0.0,-2.1
2C7L51MAro,0,48.109656,11.624206,4441999.47,2778674.15,542.4,588.1,306,7312,2.9,0.79,0.41,32.64,348.98,-0.529,-0.103,0.842,-0.7,0.1,-0.78,0.23,1.3,0.2,-0.3,3.0,-1.7,-0.2,-3.6,-3.4,3.3,-1.8,5.1,1.4,-4.5,0.7,-1.2,1.3,-1.3,-0.5,-1.1,-2.9,-2.9,-1.1,-6.2,-10.0,-4.5,-0.9,-3.8,-2.7,-2.1,-1.0,-1.6,2.8,-7.1,-10.5,-7.5,-6.8,-5.8,-8.3,-5.1,-4.1,-3.7,-1.5,-1.0,-5.3,1.2,0.6,0.2,1.6,3.1,2.3,5.6,1.5,-2.4,-0.9,-2.0,-1.5,-0.7,2.3,0.9,1.5,-0.7,0.4,-0.8,-0.2,-0.1,0.4,-0.6,-2.7,-2.4,-4.1,-0.9,-2.3,-2.2,-1.6,1.9,-3.7,-3.3,-1.4,-1.4,-1.9,0.4,0.6,-4.5,-1.6,-4.5,-8.0,-3.8,-5.5,0.1,-2.9,-0.9,-5.0,-4.4,-5.3,-0.5,-3.7,-4.3,-2.0,-3.7,11.5,-1.4,-1.7,0.6,1.9,-0.7,-3.0,-0.2,-1.9,-0.3,-3.2,-1.6,-6.1,-4.1,-3.6,-3.5,-2.8,-2.6,-0.8,-1.1,-2.3,-5.0,-0.9,-0.3,-2.2,-2.1,-3.8,-2.7,-3.3,-2.9,-0.9,-1.7,-2.5,-3.0,-6.7,-5.6,-1.7,-3.8,-4.5,-0.7,-5.8,-1.5,0.1,7.1,2.1,-1.2,-0.2,1.9,-1.8,-4.4,-2.0,3.9,2.9,-0.4,0.5,0.1,-3.2,-3.5,-4.7,-1.7,-2.7,1.9,1.0,0.0,-3.5,-9.8,-3.5,-7.2,-6.4,2.5,-7.1,-5.3,-1.0,0.3,-3.1,-8.2,-5.4,-0.5,-4.5,-2.1,-5.7,-4.2,-10.3,1.1,-0.8,1.2,-2.6,-0.2,-1.5,-5.5,-5.7,-0.6,-6.4,-2.5,-0.9,-3.1,-7.7,-8.6,-9.6,-1.9,-5.4,-7.3,-8.8,-7.5,-10.8,-12.2,-6.1,-6.1,-4.0,-5.1,-4.2,-6.4
2C7L51MAsC,0,48.109814,11.62543,4442090.27,2778693.64,536.4,582.1,306,7336,2.8,0.81,0.43,32.65,348.98,-0.53,-0.103,0.842,-1.3,0.1,-0.85,0.22,0.7,0.2,-0.3,0.3,-1.8,-1.3,2.1,-0.2,1.3,-2.2,1.3,-2.2,0.7,2.1,-1.1,1.1,-1.4,3.2,2.3,0.4,-0.1,2.6,5.8,-1.7,-2.7,-3.9,2.5,4.0,5.6,0.6,0.7,-2.8,-1.0,-9.7,-2.0,-2.5,-7.2,-0.6,0.3,1.2,0.8,0.1,3.1,4.4,3.7,2.1,0.2,3.0,4.2,1.9,4.0,3.2,1.3,0.2,2.3,2.4,4.1,-0.1,0.7,1.5,-0.9,-0.6,0.9,4.8,1.6,0.8,5.7,5.3,0.5,1.2,-1.8,1.3,5.8,10.5,5.8,4.6,-1.4,1.1,2.1,1.1,2.4,-1.2,-1.4,2.9,0.3,-0.3,0.6,-1.7,-1.7,-0.0,-1.8,-1.4,3.5,-3.6,6.8,1.1,-1.1,-4.1,-2.8,1.9,2.6,-0.7,4.4,0.2,-1.4,1.7,1.4,-5.7,0.0,-0.6,-1.2,0.6,-2.4,-1.7,-0.9,-2.7,-2.1,-1.9,-1.0,-1.3,0.5,0.4,0.9,2.2,2.5,0.4,2.6,0.5,0.8,-2.4,0.2,2.4,-1.0,-0.2,1.3,-0.3,-5.1,-2.3,-0.4,-0.8,2.5,3.0,3.5,-2.9,-2.6,1.6,-0.6,-0.6,-1.1,1.6,2.3,-3.8,1.0,0.0,-1.6,-0.8,0.7,-2.0,-2.9,-2.0,-5.9,5.9,-1.0,0.2,-6.7,-2.9,-1.9,-5.0,-0.5,-0.9,1.3,-4.2,-4.4,-5.3,-11.1,-6.7,-5.0,-8.0,-3.6,-3.9,-4.7,-4.0,-3.5,-5.1,-4.3,-4.5,-4.1,-2.4,-5.1,-3.3,-6.3,-7.4,-5.4,-5.3,-7.1,-10.0,-10.7,-4.7,-0.7,-3.5,-2.7,-5.1,5.0,-5.3,-8.7,-2.7,-3.8,-13.7,-5.0,0.3,-3.1
2C7L51MAsJ,0,48.109864,11.625825,4442119.6,2778699.93,534.4,580.1,306,7343,3.6,0.71,0.48,32.65,348.98,-0.53,-0.103,0.842,-0.9,0.2,-0.41,0.29,0.2,0.2,-0.3,7.6,1.6,-1.9,-0.7,-2.5,3.6,1.8,-4.7,-1.0,-1.1,0.4,-1.0,-1.1,-3.0,-2.5,-0.6,-1.6,-2.0,-4.3,-1.8,3.1,-7.1,5.5,-5.1,1.2,-0.3,1.0,-1.4,-4.5,-7.0,3.6,-9.6,-12.6,6.4,2.3,3.6,-3.2,-6.6,3.8,-6.4,-1.3,-4.5,-10.2,-12.9,-2.2,-0.4,-2.8,-2.1,0.8,-2.5,-1.0,-1.9,2.2,-5.5,-5.1,-10.7,1.6,-4.8,-0.5,-2.7,-3.7,-4.8,-0.5,-5.8,-1.8,-5.2,-7.8,-0.9,-0.3,-0.6,-6.2,-6.9,-3.1,-1.8,-2.1,6.8,-1.7,-1.7,-3.9,-0.9,1.7,-4.5,-0.2,-8.0,-2.5,-10.0,1.9,-0.8,-3.3,-1.8,-4.8,-2.7,-4.7,0.4,-5.3,-4.2,-3.7,-5.5,7.2,-6.5,0.2,-4.8,-2.7,-1.3,-5.8,-0.7,-5.7,-4.8,0.5,-4.3,-6.1,-4.1,-6.1,-3.4,-4.1,-7.4,-0.7,-8.5,-3.7,-7.4,-6.1,-5.5,-5.8,-2.2,-2.0,-3.2,-5.6,-0.5,-5.8,-0.8,-1.3,-2.8,-1.4,-2.1,-1.6,1.8,-0.6,-4.6,-2.5,1.7,-2.5,-4.5,2.3,-7.8,2.2,5.7,0.6,-16.1,2.1,1.4,-2.1,-6.6,-4.4,-3.2,-2.1,-7.6,-3.8,-4.6,-1.3,1.8,-11.1,-6.0,2.2,-3.3,1.1,-4.2,-1.8,-3.9,0.2,-1.6,-3.3,-4.8,-5.0,-9.6,-3.8,3.7,-1.5,-8.7,-4.4,0.9,-8.0,-4.9,-4.3,-11.0,-9.1,-3.4,-2.1,-3.7,-8.7,-7.1,-9.1,-8.6,-6.0,-8.6,-10.5,-6.2,-9.9,-9.1,-4.2,-3.1,-6.6,-7.2,-14.6,-7.4,-4.6,-10.3,-5.0,-8.6
2C7L51MArY,0,48.109537,11.623131,4441919.72,2778659.13,535.1,580.8,306,7296,3.6,0.73,0.43,32.61,348.93,-0.529,-0.103,0.842,-1.4,0.2,-0.97,0.27,1.0,0.2,-0.3,5.1,0.6,-0.7,-0.4,1.1,6.3,-5.6,-1.2,-1.6,-10.3,3.4,-0.1,2.6,-2.1,3.3,-0.7,1.2,-1.7,-2.3,0.9,-6.2,2.5,-0.2,3.2,0.9,1.7,-1.9,0.4,-3.3,-6.4,10.0,-3.8,-0.6,-3.4,-5.4,-0.4,-0.5,6.0,2.1,1.0,-0.5,-1.3,1.0,1.6,3.5,7.9,-0.4,-2.6,-0.1,1.4,2.4,1.6,2.9,-0.1,-0.4,0.0,0.8,1.1,3.7,-1.8,1.7,3.0,0.3,2.7,14.4,1.1,0.8,5.2,-0.7,-3.1,-0.2,-1.0,-6.2,0.3,0.8,3.4,4.1,-0.5,-0.5,-0.1,-3.1,-1.3,-5.4,-5.5,-5.5,-3.2,-3.3,3.7,-0.6,-0.2,-3.3,0.3,-2.3,-2.1,2.6,0.6,-2.7,-0.5,3.2,-1.8,0.4,1.0,2.1,2.3,-1.0,-0.2,-8.3,0.8,-0.3,2.4,2.2,5.1,11.2,4.3,-0.6,4.1,3.0,3.2,4.4,2.0,4.7,1.5,0.7,0.7,-0.5,2.3,2.0,-0.1,1.0,2.4,-2.8,-4.0,0.1,-0.1,-2.6,-3.3,-4.1,-1.1,1.0,3.8,11.8,-1.9,-0.2,-1.5,-2.6,-2.3,-3.1,-1.4,-2.3,-0.4,-11.9,-2.2,-1.5,-2.5,-0.7,-3.1,-4.9,-3.7,-4.2,-3.3,-5.5,-2.8,-0.5,-2.7,6.8,-7.2,-8.8,-2.6,-2.6,-3.2,-3.7,-6.9,-13.4,-13.8,-5.3,-3.4,-5.4,-2.4,-10.4,-2.7,-4.1,-1.8,-2.3,-5.0,-7.6,-2.5,-6.6,-3.6,-7.0,-5.5,1.2,-4.7,-7.5,-7.3,-12.3,2.1,-5.3,-12.5,-4.3,-5.0,-10.9,-6.3,3.8,-2.6,-5.3,-9.8,-4.7,-3.3
2C7L51MAs6,0,48.109786,11.62507,4442063.49,2778689.97,536.1,581.8,306,7330,3.4,0.76,0.43,32.65,348.98,-0.529,-0.103,0.842,-0.7,0.2,0.23,0.26,1.2,0.2,-0.3,2.3,-0.8,-0.8,-1.1,-0.3,1.1,-0.5,-0.7,1.8,1.3,0.9,3.3,1.5,-2.0,5.0,4.8,-0.1,0.4,2.9,2.5,-3.6,0.9,-1.3,1.2,-0.5,7.2,0.5,-1.8,-0.5,4.3,-9.2,0.1,1.5,-1.2,-4.5,0.6,3.8,-7.2,2.9,5.1,-3.2,1.0,-0.6,-1.8,-3.0,2.2,5.5,3.2,-2.5,-4.2,-6.6,-5.6,-4.9,-2.8,-4.8,-7.3,-3.0,-6.5,-3.8,-5.1,-4.7,-4.5,0.4,-2.3,-2.1,-6.1,-3.3,-3.1,-3.4,-2.2,-3.4,-3.1,-4.1,1.1,3.7,3.9,0.7,3.7,1.4,-4.3,-4.8,-3.1,-2.6,-3.6,-4.8,-2.9,-7.6,-1.8,-3.2,-4.3,-2.0,-1.5,-4.0,16.3,1.5,-0.3,1.3,-0.0,-5.5,8.5,-1.8,-1.9,-2.4,1.6,-3.1,-2.7,-1.5,-2.0,-0.6,-3.4,-3.3,-2.3,-3.9,-1.8,-2.4,-1.1,-4.6,-1.5,-2.1,-2.9,-1.5,-4.3,-1.9,-3.2,-1.4,-1.5,-2.5,-4.3,-0.4,-2.3,0.1,-3.7,6.3,0.4,4.9,-3.8,5.0,-4.8,4.5,4.6,-5.5,-4.0,-1.2,-0.1,1.0,-1.4,2.7,-2.9,-1.8,-0.8,-7.0,-4.3,-5.8,-7.7,-3.9,-4.6,-8.5,-5.1,0.7,-1.8,-0.5,-6.2,2.6,-4.5,-6.7,-3.7,-1.6,-2.2,-2.5,-3.3,-1.9,-3.2,-4.9,-3.1,-4.3,-4.4,-5.7,-4.6,7.0,-6.1,-3.0,-7.3,-3.4,-6.0,-3.5,-1.6,-4.8,-6.8,-6.9,6.2,0.1,6.4,-0.1,-3.5,-2.1,-4.3,-8.5,-1.1,-2.3,-3.9,-4.1,-5.0,-9.9,-3.3,-0.5,-2.9,-3.9,-6.9
2C7L51MAsA,0,48.109828,11.625396,4442087.72,2778695.15,540.6,586.3,306,7334,3.3,0.77,0.43,32.65,348.98,-0.53,-0.103,0.842,-0.9,0.2,-0.32,0.25,1.0,0.2,-0.3,11.2,1.8,-10.6,-0.5,-4.5,-3.3,2.3,-1.4,-3.6,-2.6,0.7,-1.4,3.7,0.2,2.2,1.2,-2.9,-2.2,-4.3,-1.0,-2.0,-3.7,-0.9,-1.9,-1.7,1.1,-3.6,-1.2,-8.9,-6.2,-17.7,-9.4,-6.5,-6.5,-5.2,-3.6,-2.2,-0.3,-1.4,-1.5,-2.0,-3.0,-1.6,-2.4,-1.8,-0.5,-3.3,-2.5,-5.4,-2.3,-5.3,-0.6,-3.6,-2.6,-0.8,-2.5,-3.5,-2.7,-4.7,-4.2,3.1,-8.8,-4.1,-3.3,-9.1,2.6,-2.2,-6.1,-9.1,-4.3,-3.3,8.2,-1.5,-3.1,-10.1,-6.2,-5.0,-4.0,-4.0,-5.0,-1.7,-6.0,-2.5,0.2,-4.8,-4.0,-4.1,-3.8,-7.4,-3.8,-3.7,-3.9,-6.2,-7.5,-4.3,-6.7,-2.8,-5.4,-2.5,-1.1,-3.8,-1.5,-3.3,-1.7,-1.0,-3.3,-4.0,-3.9,-1.1,-1.7,-0.4,-0.5,0.4,-6.6,-2.4,3.2,-11.4,-6.3,1.1,-2.3,-1.7,-5.3,-9.5,-7.3,-5.0,-5.7,-1.9,-7.6,-3.1,-3.1,-4.3,-3.8,-6.8,-5.1,-4.3,-3.9,-5.0,-5.3,-3.1,-0.7,-4.6,-4.6,-3.6,0.5,0.6,-10.1,3.9,-5.8,-0.8,1.2,-12.1,0.8,4.7,-1.9,-6.8,-6.1,-1.8,-5.7,-4.7,-3.2,-5.0,-9.3,-2.0,-5.7,-5.1,0.7,-3.7,-2.1,-2.9,-4.0,-2.5,-3.9,-7.1,-10.9,-12.8,-1.4,-3.0,-1.7,-7.1,-6.0,-3.4,-2.7,-6.2,-7.7,-5.2,-7.5,-8.4,-9.2,-1.2,-5.5,-12.4,-9.6,-9.9,-7.5,-8.0,-6.2,-8.3,-7.7,-7.7,-6.6,-7.5,-10.4,-5.8,-6.8,-2.9,-9.3,-5.8,-10.1
2C7L51MAsB,0,48.109824,11.625364,4442085.34,2778694.65,536.2,581.9,306,7335,1.8,0.91,0.23,32.65,348.98,-0.53,-0.103,0.842,-0.9,0.1,-0.72,0.14,1.3,0.1,-0.3,-1.6,-0.2,-1.6,0.2,-2.4,-0.1,-1.4,-0.4,0.8,-3.7,0.8,-0.1,0.2,2.6,1.8,2.2,-0.9,0.8,-1.1,2.8,-3.7,-2.2,-3.1,-2.0,-1.0,2.5,-1.4,-1.2,-3.7,-3.7,-17.9,-4.6,-5.9,-4.6,-4.6,-2.2,-2.8,-1.0,1.2,-0.3,0.4,0.4,-0.9,-0.5,-1.3,0.4,-1.0,-1.2,-1.4,-0.8,-1.9,0.3,-0.9,-0.0,-0.9,-0.4,-0.6,-0.8,-0.1,-0.3,0.0,0.2,-0.2,-0.6,-0.2,-0.3,-1.3,-2.5,-1.1,-0.5,-1.9,-0.8,-0.9,-1.9,-2.7,-1.8,-0.4,-1.9,-1.3,-4.2,-0.7,-4.3,-2.2,-1.3,-3.0,-2.8,-0.6,-2.3,-4.9,-0.1,-1.2,-3.0,-3.2,-3.8,-2.4,-4.8,-1.3,-0.1,-1.0,-0.3,-0.2,-0.4,-0.6,-0.5,-1.1,-0.4,-0.7,-1.9,1.1,-1.0,-1.2,-1.8,-0.7,-1.1,-0.2,2.2,-0.2,-0.9,-0.3,-0.2,-0.6,-1.2,-2.1,-1.7,-0.3,-1.6,-1.7,-3.6,-0.9,-0.2,-2.3,-1.0,-3.3,-4.4,-4.0,-3.1,-2.5,-2.1,0.1,1.8,-2.8,-2.9,-1.2,0.4,-0.2,-1.9,0.4,-0.5,-0.7,1.8,-0.7,-0.6,1.0,-1.2,-2.4,-1.3,-2.5,-3.8,-2.7,-4.9,-4.0,-7.5,-1.4,-5.2,-6.2,-1.8,-2.4,-3.7,-1.0,-2.9,-1.6,-4.3,-6.6,-5.7,-5.4,-2.0,-3.1,-2.0,-3.7,-3.0,-4.1,-3.1,-3.1,-4.5,-3.2,-5.1,-6.2,-5.5,-5.4,-4.9,-6.1,-7.6,-9.0,-8.2,-7.4,-4.5,-5.5,-6.6,-7.6,-4.1,-5.8,-6.8,-4.7,-4.4,-2.5,-4.9,-3.0,-4.5
2C7L51MArI,0,48.109434,11.622186,4441849.53,2778646.15,534.0,579.7,306,7280,2.2,0.88,0.35,32.6,348.93,-0.529,-0.103,0.842,-0.8,0.1,-0.2,0.17,0.8,0.1,-0.3,-1.7,-1.4,-1.9,0.6,-1.5,-1.4,-1.2,-2.1,-1.5,4.3,0.1,1.4,0.3,-0.5,0.4,-2.7,-1.7,-1.0,0.2,3.0,0.8,-2.1,0.5,1.3,-0.4,3.9,3.0,0.7,-0.2,-3.3,-11.4,-8.0,-6.3,-2.9,-4.2,-5.2,-4.9,-3.6,0.1,1.7,-1.9,0.3,0.4,-0.2,-0.3,-1.0,1.6,-0.5,-0.7,-0.1,-1.0,-0.3,-0.0,0.2,2.0,2.7,2.6,0.9,0.5,1.1,-0.4,0.3,2.4,0.6,0.0,0.9,-2.8,-1.6,-1.8,-0.3,-3.1,-2.4,-1.1,-1.3,-1.4,-1.0,-0.8,-1.2,-0.8,-1.0,-0.6,-2.0,-1.1,-2.7,-2.6,-1.3,-2.8,-0.7,-2.1,-1.6,-0.5,-2.7,-0.5,-1.3,1.6,-1.5,0.0,0.4,-1.3,0.6,-0.4,0.2,-1.2,-5.8,1.1,0.9,-1.6,-0.6,2.1,0.8,-3.4,-0.3,-1.0,0.2,-2.3,3.7,-1.6,-1.1,4.1,-3.1,-7.7,-2.4,-2.0,-3.2,-4.4,-1.8,0.6,-3.3,-2.3,-1.9,-10.3,-1.9,1.5,-2.2,-3.6,-5.1,-2.8,-3.0,0.4,0.1,-0.8,-2.5,-4.3,-3.4,-2.3,-4.0,0.5,-1.0,-3.8,-4.2,-1.4,-3.2,-3.4,-3.5,-3.9,-4.6,-4.0,-4.9,-4.4,-0.5,-2.7,-4.6,-1.8,-3.1,-1.8,0.6,-4.1,-0.2,-1.5,-0.4,-2.9,-4.3,-3.9,1.8,-1.6,-2.6,-1.4,-2.7,-8.8,1.1,-5.0,-3.8,-3.5,-4.1,-1.7,-2.4,-1.1,-2.1,-2.2,-6.3,-5.2,-4.4,-4.1,-5.2,-6.4,-8.7,-8.5,-5.1,-2.0,-3.8,-2.9,-3.0,-2.4,-2.3,-4.5,-2.3,-2.9,-5.8
2C7L51MArr,0,48.109701,11.624264,4442003.73,2778679.21,539.0,584.7,306,7315,4.5,0.64,0.43,32.64,348.98,-0.529,-0.103,0.842,-1.1,0.2,-0.88,0.34,0.9,0.3,-0.3,1.5,-0.7,-0.1,-0.5,0.2,-0.0,1.7,2.3,-2.0,0.9,3.3,0.7,3.0,0.5,-1.9,0.1,-1.7,0.3,-9.6,2.3,0.2,-4.3,0.9,3.3,0.1,4.7,3.4,3.2,0.0,0.1,-13.7,-9.0,5.5,-3.1,-1.9,-0.4,9.4,-4.2,-1.5,11.8,-8.5,7.2,9.2,-3.7,2.1,0.7,2.8,0.6,0.7,5.1,2.7,-1.0,-1.6,3.9,4.7,2.9,5.6,6.7,2.1,2.4,2.4,4.6,3.5,1.6,1.4,0.6,1.0,3.9,4.6,5.8,3.6,3.4,6.5,4.1,3.1,4.0,1.1,6.5,2.6,0.3,-1.7,-4.2,4.4,-0.6,1.1,5.8,0.9,8.1,6.8,-1.6,9.5,3.7,-4.6,4.8,6.1,2.9,4.3,-8.3,-15.9,-15.4,3.6,1.8,-1.6,2.0,-1.4,2.6,-6.5,-0.4,2.5,1.9,-1.0,2.5,4.2,0.5,2.0,-10.4,-8.0,0.7,1.4,-1.0,-2.1,-3.8,-3.5,-0.8,2.1,4.8,2.1,2.5,5.0,-2.7,-12.5,-6.0,0.7,7.4,-12.2,8.1,-2.7,7.0,-2.0,-4.2,3.1,-1.3,-0.0,7.0,3.2,-8.2,3.0,-0.5,7.7,2.3,-2.7,-2.3,2.6,-1.7,-3.1,-2.4,-4.7,-7.0,5.9,5.6,4.4,1.7,1.5,-2.8,-1.1,-5.0,-1.1,-4.2,0.9,0.0,0.2,-4.3,-14.4,-4.0,-4.3,-4.3,-3.6,-3.1,0.4,-0.6,-2.3,0.3,-2.3,-2.6,-0.2,-2.9,-2.2,-7.5,-6.3,-6.2,0.9,1.8,-4.9,-10.9,-3.0,-3.4,-3.3,-3.8,-8.5,-6.0,-2.4,-13.2,-8.7,-1.9,-3.0,-2.2,-4.3,1.9
2C7L51MArm,0,48.109684,11.62399,4441983.33,2778676.91,538.9,584.6,306,7310,4.0,0.71,0.44,32.64,348.98,-0.529,-0.103,0.842,-1.0,0.2,-0.43,0.3,1.8,0.3,-0.3,0.8,0.6,-1.0,-0.1,-1.1,15.5,-5.7,-8.4,-1.1,-4.7,-0.2,-2.8,-0.3,-2.9,-4.0,-2.5,-4.4,-1.4,-3.5,-1.6,-9.2,-4.2,-8.4,-2.8,-6.3,-2.4,-3.4,0.3,-3.5,-11.3,8.1,-7.8,-7.4,-5.5,-7.8,-6.1,13.6,-3.3,10.0,-7.1,-5.2,-4.8,-3.2,1.1,-1.7,-5.2,-7.2,-1.2,-5.2,-1.8,-0.6,-1.9,-0.5,-2.8,-1.9,-3.3,-3.2,-1.0,-2.8,0.9,1.6,1.7,0.6,2.1,-7.2,-3.0,-4.8,6.4,2.2,1.7,-1.7,0.1,-1.6,-5.2,0.9,2.1,2.8,0.8,-0.4,-5.8,-4.0,-9.9,-1.9,-4.8,-11.6,-7.9,-9.1,-7.3,-4.1,-5.7,-6.1,0.2,-11.9,-10.5,-5.8,-7.3,-8.6,-5.8,-6.2,-1.3,-6.7,-4.4,-4.4,-5.1,-6.1,-2.3,-3.4,-2.5,-4.8,-4.2,-2.7,-2.3,-1.9,-2.0,-4.8,-2.2,-5.5,-3.4,-1.9,-0.9,-1.4,-2.6,-5.9,-5.5,-4.9,-5.2,-5.1,-5.8,-4.7,-5.2,4.7,10.9,-3.4,-5.5,-6.9,-8.8,-6.9,-2.0,1.0,-2.2,-4.5,-5.9,-4.9,-2.4,-2.4,-12.3,2.4,-3.3,-0.4,-1.0,-3.7,-2.0,-3.5,-3.9,-2.5,-1.9,-7.9,9.4,-5.1,-8.2,-5.9,-9.4,-6.1,-6.8,-11.9,-6.4,-6.2,0.3,-4.2,-4.2,-3.3,-11.2,-4.9,-5.5,-9.1,-11.4,-6.1,-3.3,11.0,-4.6,-2.0,-5.3,-5.9,-7.0,-7.2,-5.9,-5.2,-6.0,-10.5,-6.1,-7.1,-10.5,-12.0,-12.7,-11.3,-5.1,-9.7,-8.4,-7.3,-6.1,-9.7,-6.7,-1.9,-5.3,-8.5,-8.4,-6.9,-9.8
2C7L51MArs,0,48.10973,11.624346,4442009.75,2778682.58,538.3,584.0,306,7316,4.2,0.59,0.47,32.64,348.98,-0.529,-0.103,0.842,-1.0,0.2,-0.02,0.33,3.3,0.3,-0.3,-0.0,-1.1,-2.4,-1.9,-3.3,13.1,-2.9,-3.4,-4.0,-6.0,-3.0,9.0,1.4,-3.6,1.3,4.4,5.5,4.5,3.7,3.3,3.3,3.0,1.4,6.3,6.9,7.9,3.7,3.7,0.4,1.1,14.7,1.2,0.9,2.2,0.1,4.0,1.0,10.5,9.2,10.1,-2.1,1.0,6.2,7.6,-0.4,2.8,-3.9,3.0,-5.5,-1.8,0.5,0.7,-4.1,-1.7,-1.0,1.0,-3.6,-6.4,-3.8,-5.6,-4.0,-3.7,-1.3,-5.9,-4.0,-0.8,-3.7,-1.6,-2.4,0.9,-3.6,-3.4,-2.6,-2.3,-0.9,3.2,2.7,-2.5,3.2,3.8,-1.2,1.5,-1.0,-1.9,3.8,7.8,1.4,4.7,5.2,5.3,0.9,-1.6,-3.5,0.6,4.3,-3.4,-3.3,3.7,3.5,-3.6,-3.2,4.3,1.3,-1.8,1.2,1.5,1.3,-4.8,0.1,3.1,3.9,-1.0,-0.4,-2.3,-2.0,-3.0,-4.0,-4.3,-2.4,-2.8,-2.9,-0.7,-4.4,-3.8,6.7,5.0,1.0,4.5,1.0,3.4,-5.5,0.2,-2.9,-2.2,4.8,1.4,0.3,3.9,6.3,3.4,3.7,-3.2,-1.0,0.6,-2.9,-6.3,-4.4,-1.5,0.3,-8.4,12.4,-6.5,-0.6,-5.6,-8.5,-4.5,-9.6,-9.3,-5.9,-5.4,5.3,2.8,7.8,0.1,11.9,17.7,-9.1,9.7,-3.6,11.4,8.7,-10.6,0.2,-0.7,-6.0,-6.2,-3.8,-4.4,-13.4,-3.2,-4.1,-5.3,-7.9,-9.4,-7.6,-6.8,-2.2,1.2,3.9,9.2,-4.2,-2.1,-3.3,0.2,-3.3,-0.1,4.0,1.0,-4.0,-0.6,-3.2,-3.9,-7.2,-7.4,-3.4,-13.5,-2.7,-6.7
2C7L51MArv,0,48.109751,11.624513,4442022.09,2778685.22,538.7,584.4,306,7319,2.7,0.84,0.34,32.64,348.98,-0.529,-0.103,0.842,-0.0,0.1,0.31,0.21,0.7,0.2,-0.3,-2.2,-2.6,-1.7,-2.6,-1.9,3.4,-0.9,-2.3,-1.3,-5.5,-1.2,1.3,-1.9,0.3,-0.3,0.8,0.9,2.4,-0.3,-0.9,-1.6,-0.4,-1.4,1.7,-1.3,1.2,0.1,0.1,-1.2,-3.2,9.1,0.1,-2.5,-2.7,-3.2,-1.3,-2.5,1.9,1.3,2.1,-0.5,-2.9,-0.6,-3.3,-3.3,-2.0,-3.7,-2.3,-2.9,1.4,-0.9,-3.3,-2.8,-1.8,-1.4,-2.7,-0.9,-0.8,-1.9,-3.2,-2.2,-3.3,-4.9,-4.8,10.6,-2.2,-4.7,-8.7,-4.2,-3.9,-4.0,-3.7,-5.3,-2.0,-2.2,-0.6,-2.3,-0.5,-1.0,-2.8,-0.9,-3.6,-3.0,-2.1,-2.0,-1.2,-0.2,0.1,-1.1,0.0,-2.4,-3.3,-3.2,-4.7,-1.8,-4.8,-1.8,3.7,-0.1,0.9,-3.7,-1.1,-1.9,-1.9,-1.7,0.2,0.6,-1.2,0.9,0.0,0.2,-2.0,-3.2,-3.7,-2.1,-0.9,-3.8,-4.1,-3.0,-0.9,-2.9,-5.3,-3.0,-3.7,-2.0,0.1,-3.4,-2.8,-1.4,-3.5,-3.5,-3.9,-3.1,-3.5,-3.9,-2.7,3.1,0.8,2.6,2.6,4.0,-2.6,1.6,-0.7,-0.1,-1.5,-2.3,3.9,-1.2,-4.5,-5.3,-2.5,-3.6,-4.5,-0.3,-4.6,-3.9,-3.2,-2.5,-1.7,-1.4,-4.5,3.7,0.7,0.9,-3.4,0.1,1.3,-5.0,2.3,2.8,-1.0,-0.9,-6.4,-10.1,4.8,-0.3,10.0,9.5,-3.0,-0.1,-3.8,-3.8,2.5,6.7,-4.4,-1.5,-1.7,-1.2,-3.4,-3.1,-2.4,-3.3,-2.3,-0.7,-1.2,-1.2,-2.4,-2.7,-3.5,-4.1,0.8,1.5,-1.7,-2.6,-3.3,-2.6,-0.1
2C7L51MArL,0,48.109498,11.622394,4441864.87,2778653.58,537.3,583.0,306,7283,3.6,0.75,0.43,32.61,348.93,-0.529,-0.103,0.842,-0.2,0.2,-0.67,0.27,0.8,0.2,-0.3,-3.1,-2.1,0.1,0.5,-1.4,-3.0,1.1,-2.9,1.6,7.5,0.3,3.6,0.0,-1.4,-0.4,-1.0,-1.2,-3.8,-0.9,1.0,-1.5,-2.8,3.6,1.6,0.9,8.1,1.8,0.2,1.0,1.1,13.6,-1.1,-2.9,0.9,-4.0,2.1,-1.1,3.6,4.3,6.2,1.8,10.2,4.4,3.5,1.3,3.6,-3.2,-0.2,0.5,-2.6,-2.9,0.8,-7.2,-0.1,-1.3,2.9,-3.7,-0.9,0.1,-3.2,-0.1,0.5,13.9,2.6,1.5,-0.4,0.8,0.3,3.3,4.9,0.4,0.4,-4.4,-1.7,0.6,3.9,1.6,-0.4,0.7,0.5,6.9,2.4,-1.8,2.3,0.8,-1.5,0.1,0.2,-0.2,-0.6,-4.2,-1.2,11.7,0.1,2.8,1.0,1.7,1.1,2.9,1.7,1.6,3.1,2.5,0.8,-0.7,-0.5,-0.2,0.4,-0.3,1.8,-2.9,-6.0,-1.6,-2.2,-1.3,-4.2,-0.9,-3.1,-10.0,-1.0,-3.4,0.8,-0.2,0.4,0.2,2.0,17.1,-1.4,6.7,3.6,-1.1,3.6,0.2,5.0,2.7,4.7,3.6,6.6,6.8,6.5,-4.0,3.7,4.9,9.1,5.9,6.6,1.4,-1.9,0.5,3.3,6.5,0.9,1.9,3.2,4.2,-0.7,-0.5,-0.3,-2.1,3.4,-1.5,-1.9,-0.6,-0.7,-0.7,-7.2,2.1,5.5,4.3,9.0,4.0,0.5,4.2,2.4,-5.8,-1.0,-1.7,-0.1,-9.8,3.1,1.6,1.6,-0.8,0.3,2.2,-1.7,-1.4,1.0,-0.4,-2.1,-0.6,-1.1,-0.2,0.2,-4.0,-0.1,-1.1,-4.4,-0.5,-3.6,5.3,-0.2,-3.7,2.7,-1.4,-2.6,-1.5,-2.1
2C7L51MArV,0,48.109574,11.622984,4441908.66,2778662.97,537.6,583.3,306,7293,3.8,0.68,0.42,32.61,348.93,-0.529,-0.103,0.842,-0.7,0.2,0.41,0.29,1.7,0.2,-0.3,3.3,3.2,2.1,2.4,1.0,-0.9,1.8,3.3,3.3,3.8,2.1,0.5,2.2,0.8,0.3,-2.0,0.1,-2.7,-0.6,-1.3,-1.8,-1.5,2.8,-1.1,-2.8,-4.2,-2.2,-2.1,-9.0,-4.2,-16.9,-6.2,-5.0,-7.2,-7.0,-5.9,-1.6,0.8,2.0,3.2,3.6,-3.4,1.0,-1.1,0.6,-1.3,-0.2,-0.3,-0.0,-4.3,-3.0,-2.2,-2.1,-1.0,-1.6,2.0,-4.6,-1.5,-2.0,-3.4,-1.2,0.9,-4.7,-3.0,-9.4,-6.1,-4.5,-2.8,-3.0,-5.2,-2.1,-4.3,-7.2,0.7,-1.6,-0.2,0.5,-1.1,0.4,0.7,0.7,-3.7,-1.8,-2.6,-0.8,-3.4,-6.0,-0.6,-5.6,-2.4,-1.7,-4.9,0.1,-9.6,-3.5,0.5,1.1,1.3,-0.4,0.6,-1.4,-0.4,-3.3,-0.7,-3.6,1.8,5.1,4.3,5.5,1.1,5.5,5.7,5.2,6.6,2.9,0.2,-8.3,3.7,9.4,6.4,-10.6,4.7,1.7,1.5,-2.2,-1.2,-1.4,2.6,2.5,-0.0,-7.3,-7.5,-11.2,-8.5,-6.5,-4.3,-2.1,-7.7,1.3,11.0,-5.1,-6.9,-3.6,-5.5,-2.6,-3.4,-2.7,-2.5,-1.7,-2.0,-4.1,1.1,-4.4,-2.5,-2.3,-3.7,-5.6,-3.4,-4.0,-5.3,-3.4,-5.1,-2.2,-7.4,-5.8,-7.8,-9.4,-5.2,-4.4,-5.1,-4.1,-6.7,-8.0,-5.9,-8.2,-10.2,-7.8,-7.0,-2.9,-1.4,-6.4,2.5,-3.8,-5.8,-7.9,-5.4,-2.0,-6.5,-7.6,-11.7,-3.9,-7.4,-3.5,-2.0,-3.2,-0.7,-3.3,7.6,0.0,-0.4,-5.3,2.8,-4.9,1.2,6.3,-2.4,3.5,5.3
2C7L51MArt,0,48.109753,11.624378,4442012.1,2778685.15,537.4,583.1,306,7317,2.3,0.9,0.27,32.64,348.98,-0.529,-0.103,0.842,-1.2,0.1,-0.07,0.18,1.1,0.2,-0.3,0.0,-1.3,-1.3,-0.7,-1.9,-0.0,-2.5,-1.5,-0.7,-4.1,-0.8,1.4,-0.3,-1.3,-1.8,-0.4,-0.6,-1.5,-2.7,-2.1,-2.7,-1.1,-0.6,0.1,-0.4,0.4,-0.1,0.8,-1.1,-3.1,-17.2,-4.1,-3.9,-3.3,-3.6,-2.8,-2.0,-0.2,1.6,2.7,-0.6,-0.8,0.3,-1.4,-0.9,-2.1,-1.0,0.4,-1.7,-0.5,-0.3,-2.2,-2.5,-2.3,-2.1,-0.7,-0.3,-0.6,-1.1,-3.9,-2.3,-2.2,-6.5,-4.8,10.7,0.9,-1.6,0.8,-1.2,-0.1,-2.1,-2.9,-2.6,-1.9,-1.6,-0.3,-1.8,-2.9,-0.9,-2.2,-3.0,-3.5,-2.5,-3.6,-4.1,-1.7,-2.0,-1.5,-4.3,-3.3,-4.6,-4.9,-6.8,-6.1,-3.3,-6.8,-4.4,-1.0,-1.2,-4.4,-4.7,-1.4,-4.2,-3.9,-3.3,-2.8,-3.7,-2.9,-1.9,-2.1,-1.5,-1.3,-1.8,-2.2,-2.0,-2.5,-4.0,-3.2,-3.6,-2.2,-3.3,-3.2,-3.1,-3.0,-2.3,-0.9,-2.2,-1.8,-2.2,-2.2,-7.2,-8.7,-7.3,-6.4,-8.1,-9.1,-6.0,-3.2,-0.9,-1.7,-0.7,-4.7,-3.4,-2.7,-3.3,-4.4,-4.9,-3.0,-1.6,-3.3,-1.1,-3.0,-4.9,-5.1,-4.4,-4.4,-7.1,-6.6,-5.4,-3.6,-6.1,-8.4,-2.6,-6.8,-9.0,-4.6,-11.2,-7.1,-1.4,-4.2,-2.7,-8.3,-5.4,-4.4,-5.0,-2.5,-5.2,-6.5,8.8,-4.4,-6.5,-5.2,-5.4,-7.6,-6.4,-7.2,-7.5,-5.2,-6.6,-5.5,-7.5,-7.3,-9.1,-6.7,-7.8,-5.9,-5.1,-4.8,-6.4,-3.8,-5.6,-6.6,-7.7,-7.1,-6.5,-8.2,-6.5,-6.6
2C7L51MAs2,0,48.10982,11.624901,4442050.83,2778693.46,538.8,584.5,306,7326,2.2,0.89,0.38,32.65,348.98,-0.529,-0.103,0.842,-0.5,0.1,-0.16,0.17,1.5,0.1,-0.3,2.6,-0.4,-0.1,-0.2,-0.3,1.1,0.8,2.4,-0.5,-1.6,-0.8,-0.4,0.1,1.1,-1.8,-0.8,-1.0,-0.1,-1.7,0.4,-5.3,-1.2,-4.1,-1.0,-2.2,-0.6,-2.1,-2.8,-4.0,-3.3,-17.8,-3.3,-3.6,-3.4,-6.8,-1.9,-3.7,-0.6,2.5,1.6,-0.4,-2.9,-0.3,-0.1,-3.1,-2.2,-2.0,-8.1,-2.7,-0.7,-1.2,-1.2,-0.6,-0.3,-1.3,0.9,0.0,1.3,-1.7,-0.2,0.3,-2.0,-2.7,-0.6,0.4,1.7,3.0,-1.8,2.4,0.1,1.3,-2.3,-1.9,0.5,-1.9,-2.1,-1.0,-4.5,-1.6,-4.0,-2.9,-5.1,-6.9,-1.7,-6.6,-3.0,-2.9,-0.5,0.9,0.1,-0.5,-6.0,-2.4,-3.0,-0.6,-6.9,-4.6,-0.9,-1.3,-2.8,-0.7,-1.5,-0.3,-2.1,-1.3,-1.1,-1.4,-3.1,-2.5,-2.3,-1.4,-3.6,-3.3,0.4,0.9,0.1,-3.1,-1.2,0.0,-1.9,-1.5,-2.4,-3.1,-2.3,-0.7,1.9,-0.3,-1.4,-1.5,-0.4,-4.0,-1.7,-4.0,-3.8,-2.9,-3.9,-1.9,-3.2,-0.3,-3.9,-7.0,-4.5,-2.6,-2.4,-0.9,-1.2,-2.4,-2.2,-0.9,-2.1,2.1,-1.8,0.7,-1.6,0.0,0.9,-3.5,-3.8,-4.5,-6.5,-4.0,-5.5,-1.4,-4.7,-5.4,-2.6,-3.2,-1.0,-4.2,-4.9,-4.0,-5.7,-4.8,-3.9,-3.2,-1.7,-2.6,-2.8,0.3,-2.8,-3.5,-0.9,-1.8,-3.7,-3.5,-2.1,-4.7,-2.5,-2.8,-6.9,-13.4,-1.6,-1.9,-9.2,-5.6,-3.3,-0.9,-6.5,-4.6,-5.3,-3.5,-3.8,-7.1,-3.7,-2.5,1.0,-2.0,-0.7
2C7L51MArP,0,48.109531,11.622505,4441873.11,2778657.42,530.6,576.3,306,7287,3.5,0.75,0.47,32.61,348.93,-0.529,-0.103,0.842,-0.9,0.2,0.36,0.27,0.7,0.2,-0.3,-3.0,2.0,0.5,-1.1,-0.9,10.7,1.0,-2.0,-1.0,-2.3,-2.7,-6.7,-3.1,-0.6,-0.6,0.8,-0.2,1.6,1.1,1.5,0.2,-5.5,3.5,5.4,2.7,5.9,-6.2,-6.0,-7.7,-10.3,5.9,-9.6,-10.8,-9.8,-5.9,-6.8,-5.4,-2.0,-4.9,-3.6,-5.7,-2.1,-0.6,-2.3,-2.4,-2.9,-5.1,-4.5,-4.8,-3.2,-2.1,-2.2,-1.8,-1.8,-1.2,1.5,1.6,-1.6,-2.6,-1.3,-3.5,-4.3,-5.3,-0.7,-2.6,-3.6,-4.3,-3.6,-4.5,-3.8,-6.9,-6.6,-3.0,-5.5,-2.2,-4.3,-1.0,-3.6,-6.2,-3.3,-8.2,-6.2,-4.2,-6.7,-3.8,-6.8,-2.0,-15.7,-5.2,4.0,-3.9,-3.4,-4.2,-16.4,-12.1,-2.3,-2.3,-2.9,0.7,3.5,-3.7,-0.6,4.3,-1.9,-8.1,-3.9,-6.8,-1.9,-2.1,-6.8,-5.2,-5.8,-9.2,-1.7,-1.9,-0.7,-3.6,-5.3,-2.4,-4.6,-6.8,-1.6,-4.9,-1.0,-2.1,-2.2,-4.0,-5.1,-0.5,-1.9,-1.5,0.5,-1.8,-2.8,-2.6,-7.5,1.1,1.7,-0.3,-0.2,-5.4,-1.0,-3.6,-4.4,-4.7,-7.3,-8.5,-5.8,-3.4,-5.2,-5.0,-4.2,-7.5,-8.5,-3.0,-5.9,-4.7,-5.0,-8.2,-5.2,-7.3,-6.4,-13.0,-11.9,-0.6,-8.0,-0.8,-12.5,-6.5,-1.6,-5.1,-3.6,-9.2,-5.3,-1.7,-6.2,-4.8,-5.9,-5.0,-5.0,-5.1,-6.5,-4.8,-6.1,-7.3,-6.3,-5.9,-2.5,-6.6,-8.1,-4.6,-8.2,-6.7,-7.2,-11.5,-9.0,7.7,-3.9,-9.1,-6.2,-4.8,-7.3,-3.0,-3.3,-5.6,-2.0,-4.4,-11.7
2C7L51MArh,0,48.109679,11.623662,4441958.9,2778675.81,538.5,584.2,306,7305,3.8,0.73,0.45,32.64,348.98,-0.529,-0.103,0.842,-0.1,0.2,0.6,0.29,0.7,0.2,-0.3,2.4,-3.2,0.2,-0.9,-0.5,0.7,-0.0,0.5,0.8,0.7,0.4,1.0,0.8,0.5,0.3,-0.7,-0.3,-0.6,-1.3,-0.6,-1.5,-1.3,0.5,2.1,0.1,1.4,2.1,1.2,-3.8,-3.0,-15.6,-2.1,-6.4,-6.7,-1.1,-2.1,-0.3,3.4,-0.6,0.5,2.3,1.0,5.8,-1.6,3.1,1.3,0.2,0.9,-1.7,2.3,-7.5,-1.2,-1.5,-0.8,-1.0,-1.8,-5.9,-2.1,3.0,0.3,-1.6,-2.1,-4.1,-3.4,-0.8,-0.1,-3.9,0.5,-1.6,-3.6,-0.2,-3.3,-1.2,-0.8,-1.2,-1.2,0.1,-0.3,-0.6,-3.4,-0.6,-3.5,-1.8,-4.9,-2.9,2.8,-5.4,1.9,-2.0,-0.9,-4.9,7.7,-9.1,-10.6,-2.0,0.9,-8.0,-3.5,-0.0,-0.4,1.0,0.7,2.2,0.8,-0.6,1.0,-1.5,0.6,1.1,0.3,-0.1,-1.2,1.9,0.8,0.5,0.1,-1.7,-2.2,-1.5,-1.6,-2.7,-3.8,-5.5,-6.7,1.5,-3.2,-1.9,0.1,0.9,2.6,-4.1,-4.8,-0.3,0.6,-3.5,-0.4,1.6,-3.9,2.7,-1.8,0.4,-6.4,3.9,2.9,7.6,-1.5,-1.7,1.7,-1.2,0.3,0.8,1.2,-0.1,-2.4,-1.6,-1.2,-4.7,-3.3,-4.0,-2.8,-8.0,-10.0,-6.3,8.4,-9.3,-2.8,-3.4,-0.2,1.9,1.1,-1.1,-7.8,-13.2,-4.5,-6.9,-7.6,1.4,-1.5,-6.6,4.3,0.3,1.0,-5.8,-5.9,-2.6,-2.2,0.9,-10.9,5.0,7.2,-0.7,4.2,3.7,-1.7,-2.2,-2.7,-12.3,-0.6,11.0,12.9,10.3,6.1,-0.6,-0.6,-1.5,-3.5,-2.4,-3.6
2C7L51MArx,0,48.109801,11.624612,4442029.37,2778690.92,539.5,585.2,306,7321,3.7,0.7,0.43,32.64,348.98,-0.529,-0.103,0.842,-1.2,0.2,0.29,0.29,1.9,0.2,-0.3,-3.0,-1.5,-3.1,-3.3,-2.0,1.1,3.2,-4.2,0.2,-0.5,-0.8,-2.6,-1.0,0.8,-2.3,-2.2,-7.6,-8.4,-5.3,-1.8,-6.5,-4.9,-5.2,-5.3,-8.0,-5.2,-1.0,-3.0,-1.7,-6.9,-17.2,-7.8,-6.5,-10.0,-9.2,-8.7,-8.1,-1.4,-1.0,0.3,-0.7,-3.1,-2.1,-3.5,-4.6,-6.8,-3.9,-2.7,-3.0,-4.2,-4.3,-4.4,-3.0,-4.5,-2.1,-5.1,-3.1,-8.2,-3.3,-9.6,-5.8,-5.6,-17.8,-8.3,-5.6,-5.0,-8.4,-5.8,-5.6,-5.8,-7.5,-3.5,-10.2,-7.3,-5.1,-7.6,-9.1,-14.2,-7.2,-6.8,-2.2,-5.3,-3.1,-4.7,-3.0,-11.9,-8.4,-6.4,-5.6,-5.9,-7.0,-6.6,-4.6,-9.6,-6.0,-7.6,-5.0,-6.1,-5.6,-3.4,-2.6,-3.8,-5.7,-6.1,-6.6,-3.3,-4.1,-6.2,-3.9,-6.3,-6.0,-5.1,-8.3,-5.9,-6.7,-8.1,-7.1,-6.7,-2.9,-6.5,-2.1,-4.1,-5.6,-5.1,-9.0,-8.4,-5.1,-9.6,-13.4,-10.8,-8.5,-10.3,-13.4,-9.7,-13.6,-13.7,-7.0,-20.8,-7.9,-0.6,-4.5,-2.3,-4.9,-9.7,-6.9,-4.5,-13.9,-4.0,-0.2,-0.3,-2.2,-4.7,-1.8,-8.6,-3.5,-9.6,-21.8,-14.4,-15.4,-7.8,-10.7,-11.8,-2.3,-8.8,-10.2,-0.7,-3.5,1.1,-3.0,-6.7,-4.2,-9.5,-5.2,-3.7,-5.7,-1.8,-4.4,-3.1,-8.1,-11.8,-23.7,-2.5,-4.6,0.7,-7.0,-5.8,-6.9,-11.7,-13.0,-10.6,-13.7,-16.3,-18.3,-12.1,-17.0,-13.5,-10.3,-10.9,-9.5,-3.8,-6.8,-7.7,-10.9,-10.2,-6.9,-13.7,-7.0,-9.7
2C7L51MAsI,0,48.109946,11.62574,4442113.04,2778708.87,536.4,582.1,306,7342,4.5,0.63,0.51,32.65,348.98,-0.53,-0.103,0.842,-1.5,0.2,-0.5,0.34,1.1,0.3,-0.3,4.8,3.7,-0.6,1.0,12.7,10.4,-10.9,7.8,0.9,-2.9,0.1,5.8,0.9,0.8,-2.6,-2.0,-3.8,-2.8,-4.8,-6.5,-4.9,-5.4,-7.3,13.7,-0.3,-1.9,2.5,7.5,5.1,-2.5,-8.6,-1.3,-4.4,-3.2,-1.8,2.6,1.9,-2.6,2.7,2.4,10.2,-1.8,3.4,0.1,-1.7,-2.4,-7.8,-6.2,-2.8,-7.1,-13.9,-2.4,-1.6,-4.7,-2.9,-0.3,0.4,-13.3,-2.1,-4.7,-15.2,-15.0,-1.6,-13.3,5.4,0.2,5.7,1.0,-0.5,-6.5,-7.3,3.6,-4.3,0.3,-2.1,-1.1,3.7,1.2,-1.6,0.8,-0.1,2.2,0.3,-2.3,-8.9,-1.2,-0.3,2.0,-1.3,-3.6,-0.7,1.5,2.4,-7.1,0.5,0.8,0.1,-1.4,-0.6,-5.5,-3.9,0.4,8.9,2.7,-5.9,-1.3,2.3,-1.5,-1.9,-0.7,-0.1,2.2,-6.6,8.1,-7.3,-4.7,3.4,9.1,-2.3,-7.8,-2.1,-1.9,-2.7,-1.9,-2.8,-3.8,-8.3,-2.1,1.5,-2.7,-7.7,-0.8,4.4,-8.1,-3.9,-2.0,-1.9,-3.9,-0.2,0.8,-0.2,-3.4,-2.3,-4.9,-8.2,-5.3,-3.8,-5.5,-4.9,-6.3,2.5,-4.1,-7.5,-5.1,-2.5,-4.7,-4.0,-5.6,-4.1,-4.7,4.6,-0.3,-6.4,-11.4,-1.2,-3.5,-3.8,-4.3,-6.6,-5.7,6.5,-3.6,-2.5,-2.1,-5.8,-11.5,-7.5,-8.5,-11.4,-8.7,-10.4,-5.9,-6.4,-9.1,-7.5,-5.0,-8.0,-6.7,-3.2,-3.2,-2.3,-6.9,-3.3,-7.5,-13.3,-4.6,-5.6,-6.3,-4.9,-1.2,-5.9,-11.9,-9.5,-6.5,-14.8,-16.3,-7.1,-10.6
2C7L51MArU,0,48.109581,11.622751,4441891.31,2778663.4,529.9,575.6,306,7292,3.3,0.75,0.44,32.61,348.93,-0.529,-0.103,0.842,-0.6,0.2,-0.3,0.25,1.0,0.2,-0.3,0.4,1.6,1.3,-1.4,-1.6,-2.5,1.9,-1.8,0.7,-5.3,-0.7,-5.5,0.5,0.8,1.6,-0.7,-2.4,-4.9,0.1,-7.3,0.5,-0.7,1.2,1.1,-2.9,-1.3,-1.3,-2.1,-2.5,-7.2,-12.6,-3.6,-6.9,-1.8,-3.7,-5.0,-5.2,-3.2,4.4,2.4,0.7,-1.4,0.5,-1.0,1.1,-1.1,-2.4,-2.2,-0.4,0.0,-2.0,-0.9,1.1,2.5,1.5,8.2,1.7,-2.1,1.0,0.0,-2.6,-6.7,0.8,-3.8,-3.5,-4.6,-6.1,-9.0,-5.8,-6.3,-1.8,-3.3,-2.9,-4.3,-6.8,-4.4,-2.0,-0.4,-1.9,1.2,0.3,-2.7,2.8,1.1,0.9,-2.9,-10.1,-6.7,0.7,-2.0,-2.4,-14.8,-2.9,-1.5,-3.4,-0.9,0.5,-1.2,-0.0,-0.9,-3.3,-3.7,-3.6,1.6,-6.3,-1.3,0.9,-2.1,2.8,0.5,-9.3,-3.9,-5.7,0.6,-4.7,1.7,-6.7,-1.8,-3.7,-5.1,-5.6,2.2,0.1,-1.1,-2.5,-3.4,-1.1,1.0,-0.3,1.9,-7.7,-4.5,-0.2,-6.0,-7.1,-5.9,-4.2,-2.8,1.8,-5.6,2.7,-5.2,-1.0,-1.0,-0.4,-1.9,8.3,0.3,-0.7,-6.3,0.6,1.4,-1.9,2.8,-0.7,-2.0,-4.5,-2.0,-2.8,-2.8,-6.9,-3.2,-0.9,-4.2,-7.5,-0.6,1.6,-5.2,-3.1,-1.3,-6.0,-11.8,-8.3,-6.9,-5.5,-4.6,-2.6,-1.6,-2.1,-1.5,-0.4,-5.0,-2.6,-4.5,-1.3,-3.1,-1.9,-4.4,-8.0,-5.3,-7.0,-4.3,-8.6,-9.2,-8.0,-8.5,-8.4,-5.3,2.8,0.0,-3.0,2.2,-6.0,2.3,-10.1,-1.8,-10.5,-8.2
2C7L51MArZ,0,48.109631,11.623144,4441920.42,2778669.64,533.3,579.0,306,7297,1.9,0.9,0.32,32.61,348.93,-0.529,-0.103,0.842,-0.7,0.1,-0.91,0.15,0.7,0.1,-0.3,0.7,1.0,-0.2,0.5,-1.0,1.1,1.1,0.4,-0.3,1.1,1.1,0.6,-1.0,-0.3,-0.9,-2.4,-0.1,-1.8,-0.6,-0.8,-1.6,-0.4,-1.0,2.0,0.3,0.6,1.3,5.5,0.3,-1.3,-11.4,-2.6,-1.1,-0.2,-3.2,0.5,0.8,1.4,1.3,3.3,1.5,1.2,2.4,1.5,-1.3,1.6,0.4,0.8,-2.4,1.6,0.6,0.9,2.3,1.8,2.5,2.9,1.5,0.3,0.8,-0.7,-0.5,-0.6,0.3,-1.6,2.6,0.4,-0.1,-1.1,-1.0,-0.7,-0.6,0.8,-1.6,-1.2,0.7,0.3,-0.2,-0.1,-0.2,1.0,-0.4,0.4,2.2,2.9,-0.1,2.7,2.9,2.2,2.2,1.3,-0.7,-1.3,5.7,6.5,-0.3,-1.4,0.5,1.0,1.0,2.0,1.5,-0.6,-1.3,0.8,0.4,0.3,0.9,-0.6,1.1,0.7,1.6,0.9,0.9,0.7,0.5,0.9,-0.7,0.7,1.0,0.1,-1.0,0.1,0.5,-0.3,2.9,1.5,2.2,3.6,0.9,1.8,-3.7,-0.6,-0.3,0.2,-1.6,-3.7,2.6,2.9,1.2,0.3,0.8,3.0,1.8,3.7,2.4,1.7,1.6,4.2,2.6,2.3,1.5,2.2,0.0,-0.2,0.9,0.6,-0.4,-1.1,-1.1,-1.4,-3.2,-4.1,-3.8,-3.7,-5.6,-2.5,-1.1,-3.0,-0.7,-2.6,-2.9,-8.8,-4.8,-0.6,-0.7,-2.8,0.6,1.0,-3.6,0.8,-0.4,-1.1,-2.3,-2.0,-2.4,-2.7,-2.7,-0.5,-5.3,-3.9,-3.8,-1.6,-3.4,-4.4,-9.8,-4.9,-3.3,-3.8,-3.3,0.2,-2.0,-0.1,-2.8,-4.1,-2.6,-1.9,-2.5,-4.4
2C7L51MAsH,0,48.109963,11.625723,4442111.75,2778710.67,538.6,584.3,306,7341,2.0,0.91,0.27,32.65,348.98,-0.53,-0.103,0.842,-0.8,0.1,-0.56,0.15,0.3,0.1,-0.3,1.7,1.1,0.8,1.3,1.3,-1.3,2.1,1.0,2.2,-6.0,0.9,1.2,3.0,2.6,1.1,0.2,-1.0,-1.1,-1.7,-2.3,0.2,-2.4,0.5,4.2,2.7,2.3,4.9,1.5,-0.2,-1.7,-13.5,-1.5,-1.3,-1.3,-2.3,1.2,2.2,2.8,4.4,3.8,1.9,0.5,2.7,0.7,1.1,-0.6,-2.8,1.6,0.4,0.2,-1.8,1.0,1.4,1.7,1.4,0.4,0.5,0.6,1.4,0.6,0.7,0.9,-0.6,1.3,2.5,-0.6,-1.1,-0.0,0.1,0.7,-1.2,0.9,-2.3,0.8,2.3,4.1,2.0,1.4,1.6,1.5,-0.6,1.5,0.6,0.7,0.6,-0.9,1.7,0.6,0.5,0.9,0.4,0.1,-4.1,-0.5,-1.2,1.3,1.8,1.8,3.2,1.6,1.2,2.6,2.6,2.1,1.2,1.7,1.4,1.2,3.3,0.9,0.8,1.3,-1.0,1.4,0.8,-1.4,-0.8,1.3,0.5,-1.1,-1.8,-0.2,-0.5,-0.3,1.3,1.4,-0.4,0.1,0.8,-0.7,-1.0,-1.5,-1.4,2.0,-0.9,0.1,0.5,-0.1,2.4,4.8,-1.5,-1.0,0.3,0.7,-0.1,-0.7,-2.3,-0.8,-0.9,-1.2,2.0,1.1,-1.6,-1.1,-1.2,-1.7,-1.3,-2.4,0.5,-0.6,1.1,-1.3,-1.2,-5.0,-5.2,-0.3,-1.2,-1.1,0.1,-1.3,0.4,-0.9,-3.0,-3.1,-5.2,-5.1,-1.8,-2.8,-11.6,-3.3,-4.5,-2.6,-1.8,-2.3,-2.6,-2.4,-3.7,-1.1,1.3,-0.1,-3.1,-4.5,-2.8,-3.3,-2.7,-1.9,-0.7,-3.5,-4.2,-1.1,-3.8,-2.5,-1.9,-2.3,-1.9,-3.9,-5.5,-4.0
2C7L51MRuq,0,48.109777,11.624132,4441993.7,2778687.41,541.6,587.3,307,7312,1.9,0.91,0.23,32.64,348.98,-0.529,-0.103,0.842,-0.8,0.1,-0.5,0.14,1.3,0.1,-0.3,0.5,-0.2,-0.1,-0.8,-1.1,0.3,0.1,-1.0,0.2,-2.9,0.3,0.3,1.0,0.1,0.2,-0.1,0.1,-0.8,-1.2,-1.7,-4.0,-2.4,0.3,-0.4,-0.5,-1.2,-1.4,-1.3,-3.3,-5.4,-16.1,-5.7,-5.2,-5.9,-7.1,-3.6,-3.6,-1.9,-1.9,-1.1,-1.6,-0.7,-1.0,-0.4,-1.1,0.7,-1.6,0.8,-1.0,-0.2,-1.4,-2.2,-0.7,0.1,-0.4,0.8,0.1,-0.3,-0.6,-1.1,-0.9,0.1,1.9,-1.9,-2.5,0.3,-2.7,-0.5,-1.8,-1.4,-1.5,-0.6,-1.9,-2.4,-0.9,-2.6,-2.2,-1.9,-0.7,-4.3,-1.9,-3.7,-3.1,-3.4,-4.6,-1.3,-2.0,-1.8,-3.5,-2.7,-3.0,-2.1,-2.8,-4.7,-1.7,-3.4,-2.2,-0.6,-0.8,-1.5,0.1,-1.1,-2.9,-2.0,-3.0,-1.4,-1.7,-1.7,-3.1,-3.3,-3.5,-2.7,-1.8,-2.5,-0.5,-0.7,-1.6,-3.8,-1.1,-1.2,-1.1,0.0,-2.7,-1.9,-1.6,-1.8,-2.2,-1.3,-2.1,-2.8,-5.3,-3.2,-3.6,-5.0,-4.8,-3.9,-4.8,-1.0,-1.1,2.2,-0.6,-0.5,-0.6,0.7,-1.5,-1.5,-1.9,0.8,0.9,-0.2,0.4,-0.7,-2.3,-1.6,-0.1,-3.5,-3.4,-1.8,-1.1,0.1,-3.1,-6.1,-3.8,-6.0,-6.8,-2.4,-4.6,-2.9,-2.0,-2.2,-3.7,-7.4,-5.4,-2.6,-4.5,-3.8,-3.4,-4.7,-13.7,-0.9,-4.1,-2.8,-4.1,-4.0,-3.4,-3.5,-5.4,-2.8,-7.0,-4.5,-3.9,-4.7,-7.6,-7.9,-9.4,-6.8,-5.8,-7.2,-5.3,-4.9,-5.0,-5.6,-4.8,-4.2,-3.1,-3.5,-3.5,-5.3
2C7L51MRuZ,0,48.109662,11.623097,4441916.85,2778673.0,538.0,583.7,307,7295,3.9,0.63,0.46,32.61,348.93,-0.529,-0.103,0.842,-0.2,0.2,-1.85,0.3,2.3,0.3,-0.3,-1.5,-0.6,-2.0,-2.5,-0.8,12.7,-0.8,1.7,-1.0,-14.1,3.1,-15.2,-5.5,-4.7,-6.3,-14.0,-11.5,-12.0,-1.3,8.9,0.4,2.8,0.8,3.8,-0.4,2.5,-3.0,2.6,1.5,-2.6,-9.5,-3.4,-0.6,-0.6,-9.3,0.3,-4.0,-2.5,-2.3,-1.5,11.8,-2.8,4.5,3.6,7.1,-0.1,-1.0,-8.8,-0.3,10.9,1.5,2.9,5.2,5.2,6.4,7.7,7.1,6.0,2.8,3.4,0.7,-3.6,-0.4,0.1,5.8,7.7,1.6,-0.1,-11.3,-4.1,2.2,-1.1,-1.4,-2.5,-0.1,-1.5,-4.8,-7.7,-9.4,0.6,-2.8,-1.9,-3.1,-3.1,-7.9,4.2,-2.9,1.3,-0.9,-3.3,-3.8,1.4,5.0,0.4,-0.6,-2.9,-0.9,-0.9,0.1,2.3,2.4,4.7,-0.6,-0.1,1.7,2.6,6.1,8.8,2.6,-0.0,1.3,3.4,1.6,1.4,1.4,3.5,2.5,2.2,0.8,3.7,-1.6,3.0,1.0,2.0,4.4,5.7,4.6,4.0,4.1,3.8,-0.9,3.5,1.3,2.2,-4.9,-1.1,5.6,1.6,0.9,1.8,8.2,2.4,2.9,7.1,3.1,6.0,12.6,6.1,6.0,3.1,9.4,-4.9,3.5,-0.5,1.5,1.0,-1.5,-1.5,-1.2,1.3,3.5,-1.2,0.9,0.8,-4.2,-1.9,-1.1,4.2,-0.4,-0.7,0.2,-0.6,-0.5,3.9,2.4,1.5,2.6,1.3,3.8,1.7,-0.0,-0.1,-2.0,-3.8,-2.7,-2.5,-8.2,2.8,-1.1,-3.6,-3.4,-1.7,-3.0,-2.4,-5.7,-4.2,-3.4,-3.6,-6.1,-2.7,-2.3,1.2,-2.9,-5.6,-4.0,-2.6,-2.7,-6.2
2C7L51MRuK,0,48.10956,11.622153,4441846.82,2778660.06,534.8,580.5,307,7280,1.9,0.92,0.24,32.6,348.93,-0.529,-0.103,0.842,-0.6,0.1,-0.31,0.15,0.8,0.1,-0.3,-0.8,-1.5,-2.0,-0.9,-1.5,1.2,0.7,-1.5,-1.2,3.3,-0.2,3.0,0.5,0.3,-0.3,-0.1,1.8,0.1,0.6,1.2,-0.9,0.5,1.7,0.7,0.2,0.8,0.5,1.6,-2.3,-4.1,-16.1,-8.3,-5.9,-5.1,-4.6,-4.0,-6.0,-0.2,-3.0,-0.2,-1.0,-0.5,-0.4,-1.5,-0.6,-1.4,0.3,0.4,0.2,-1.0,-1.2,-1.8,-1.5,-0.3,-0.5,0.9,-0.0,-1.4,-1.0,-0.5,-0.4,0.0,1.2,0.4,0.1,-0.3,-2.0,-2.7,-0.9,-1.6,-1.5,-2.7,-2.1,-1.5,-1.6,-2.1,-0.6,-1.8,-0.6,-1.6,-1.3,-2.8,-0.2,-2.7,-2.2,-0.8,-4.2,-1.3,-1.8,-1.8,-1.0,-1.7,-2.6,-0.6,0.8,-1.9,-0.7,0.5,0.6,-0.4,-0.9,0.5,-0.5,-1.4,-1.4,-0.3,-0.5,-0.2,0.8,-1.4,-0.6,1.8,-0.1,-0.2,-0.6,-1.8,-0.5,-3.0,-0.6,-0.4,-3.6,-0.8,-0.6,-1.9,-0.7,-1.5,-0.4,-2.5,-2.8,-1.6,-5.3,-1.8,0.1,-4.1,-2.9,-2.4,-2.2,-2.5,-1.1,-0.0,-1.1,-1.9,-2.0,-0.8,-2.3,-2.8,-3.4,0.0,-1.2,-1.3,0.7,-0.2,-3.0,-2.8,-3.1,-2.5,-3.9,-3.6,-3.0,-0.1,-4.8,-5.8,-1.8,-2.9,-2.8,0.3,-0.5,-0.0,-1.5,-1.0,-0.4,-6.0,-5.7,-1.4,-1.1,-2.1,-1.3,-2.2,-7.3,-1.7,-1.9,-2.6,-3.0,-4.0,-2.7,-2.2,-1.9,-2.0,-3.1,-5.4,-4.1,-5.5,-4.8,-5.3,-7.3,-6.5,-4.2,-3.4,-1.7,-4.3,-2.0,-5.8,-5.0,-3.3,-4.3,-0.6,-1.4,-4.9
2C7L51MRuF,0,48.109543,11.621881,4441826.6,2778657.8,534.2,579.9,307,7275,4.1,0.68,0.55,32.6,348.93,-0.529,-0.103,0.842,-1.3,0.2,0.01,0.31,0.8,0.3,-0.3,-1.8,-5.8,9.3,-12.2,4.4,2.8,-3.9,3.5,-1.5,3.6,2.2,2.4,9.0,-12.3,11.4,9.5,-11.3,-10.0,-7.5,-2.6,7.5,8.9,-8.8,-6.2,-5.0,-4.6,-6.6,-0.3,-1.6,-4.0,-14.3,-4.1,-6.4,-4.9,-2.2,-4.5,-10.9,-10.2,-0.1,-5.2,-1.3,-6.5,-2.7,-5.3,-7.2,-2.9,2.7,-3.7,-6.6,-5.8,-3.8,-2.8,-1.7,-2.0,-2.8,-1.5,-1.7,2.4,-2.5,-1.9,-13.0,-4.7,-3.1,-13.3,-3.4,5.4,6.2,-1.8,-3.9,-3.9,-2.3,-5.0,-2.8,1.5,-4.4,-3.1,-2.3,-4.5,-3.1,-4.2,-3.7,-3.9,0.6,-3.5,-3.6,-3.7,-5.1,-2.2,-3.2,-4.1,-3.7,-3.4,-5.0,-2.8,-3.7,-10.8,-3.3,-9.0,-8.3,-9.4,-2.3,-1.0,-3.3,-3.1,-3.9,-1.5,-4.5,-5.9,-10.2,-3.1,-7.0,-5.9,-3.2,-4.4,-2.7,0.1,-5.0,-4.6,-4.7,-4.1,-6.2,-4.4,-8.6,-5.1,-4.3,-4.7,-3.9,-6.2,-4.5,-5.1,-8.1,-6.3,-3.8,-4.8,-4.3,-10.2,-2.9,-4.9,-2.5,-7.4,-0.5,-11.2,-4.4,-5.4,-7.2,-8.2,-8.4,-7.6,-4.3,-3.8,-4.8,-4.0,-6.1,-5.5,-4.2,-5.6,-12.3,-7.3,-6.3,-4.1,-6.6,-7.6,-6.1,-11.1,-7.9,-10.1,-7.5,2.2,-3.8,-5.6,-6.7,-9.3,5.3,4.1,-4.5,5.8,-8.5,-13.2,-8.7,-6.5,-5.8,-9.3,-11.0,-3.7,-5.9,-7.8,-6.0,-5.0,-8.8,-6.4,-5.2,-6.2,-7.7,-11.6,-4.4,-6.8,-15.3,-8.4,-9.5,-6.1,-5.3,-14.2,-14.9,-15.7,-6.7,-7.1,-7.6,-9.8
2C7L51MRuM,0,48.109608,11.622239,4441853.09,2778665.55,533.4,579.1,307,7282,4.3,0.63,0.43,32.61,348.93,-0.529,-0.103,0.842,-0.2,0.2,-0.63,0.33,0.2,0.3,-0.3,1.9,0.9,0.9,2.4,-0.2,2.8,3.1,-0.7,-1.1,2.5,-0.2,4.4,2.1,0.9,-2.0,3.9,-2.3,-4.4,9.2,2.2,2.0,3.2,6.7,4.5,1.1,-3.3,-3.2,3.9,-2.0,-8.6,-12.5,-5.0,1.5,0.2,-8.6,-2.0,-3.0,-4.1,-5.1,1.5,-0.0,-1.2,4.9,-1.1,-4.9,-5.1,-3.8,-5.5,-11.3,-7.9,-4.4,-8.1,-8.8,-5.2,-4.9,14.9,0.4,-2.6,-3.6,-6.9,-2.0,-1.3,-11.9,-2.6,0.4,-2.2,-2.3,7.5,1.9,-2.3,2.8,-3.9,-8.7,1.1,6.5,1.3,-0.4,-5.6,-2.7,-2.7,0.4,2.9,-3.6,-1.5,2.7,-4.4,-2.0,-2.0,-3.7,2.1,-4.4,8.5,-2.0,-2.0,1.9,4.3,2.5,4.1,3.5,6.0,1.2,1.0,0.7,0.5,-2.0,-8.7,-0.9,-0.4,0.7,0.8,3.4,12.2,1.2,1.0,-1.5,5.0,-1.0,8.4,6.9,2.9,-1.3,2.4,1.3,3.2,-0.7,0.0,2.8,0.5,2.0,0.0,-6.8,6.4,-4.6,2.5,2.0,4.9,-2.2,4.2,4.4,-1.7,9.5,1.5,-0.3,-4.9,-3.0,-0.9,-9.8,-4.2,-1.8,-1.3,11.7,0.1,-4.5,-5.2,-0.6,-3.5,0.3,-3.1,-3.7,-1.1,-2.2,-11.6,-3.6,-4.3,-5.3,-1.8,8.1,4.6,0.8,4.0,3.0,-0.3,2.2,4.4,-1.1,-1.7,-3.1,-2.6,2.5,2.4,-2.7,-5.3,-6.2,-2.4,-1.0,-5.1,-2.8,-1.9,-0.6,0.1,-1.5,0.0,2.5,-5.9,-8.6,1.5,-0.9,-6.4,-0.8,-7.1,4.9,0.3,-3.4,-1.2,-5.4,-6.7,-3.4,-1.8
2C7L51MRuX,0,48.109681,11.622806,4441895.16,2778674.58,531.1,576.8,307,7293,3.6,0.73,0.49,32.61,348.93,-0.529,-0.103,0.842,-1.2,0.2,0.63,0.27,0.8,0.2,-0.3,0.5,3.8,2.7,2.4,-1.3,3.3,3.7,0.0,3.4,4.7,1.0,0.2,0.8,-0.8,-1.5,-3.6,-1.4,-3.6,-5.4,-6.0,-0.8,-2.5,-0.3,-2.4,-2.3,-1.7,-0.6,-2.4,-7.1,-8.4,-14.0,-6.7,-7.5,-8.3,-6.2,-4.7,-5.0,4.8,-4.2,4.4,2.6,-3.8,-3.7,-2.3,-0.4,-2.1,-3.0,-2.4,-2.0,-4.8,-4.7,-2.6,0.2,-1.2,-1.4,-2.0,-2.9,-0.2,-3.5,-0.3,-1.9,-0.7,-4.4,-4.4,-6.8,-4.4,-4.2,-5.1,-2.1,-2.2,-2.2,-1.0,-2.8,1.3,-2.7,0.1,0.9,-0.0,0.2,0.6,1.9,-3.1,-2.4,-2.2,-0.8,-1.6,1.3,3.1,-3.3,-3.2,-5.7,-7.0,-8.6,-6.7,-2.6,-0.8,-3.2,-3.7,-1.3,-1.9,-6.1,-2.8,-5.6,-0.2,-5.8,0.3,-4.8,-2.4,-17.0,0.1,-13.2,-9.0,-3.2,-9.0,-1.9,-5.2,-10.8,-7.1,-6.7,-6.9,-7.8,-17.0,-18.3,4.6,-6.9,-7.3,-5.4,1.2,2.7,-1.8,-7.3,-8.8,-7.7,-6.8,-7.2,-8.9,-2.2,-6.2,-6.7,-11.5,-8.3,-6.5,-6.4,-3.6,-2.2,-4.5,-4.6,-3.3,-0.6,-1.2,-10.5,-3.3,-2.0,-4.0,-3.6,-6.1,-8.2,-3.9,-5.3,-3.8,-7.3,-8.4,2.3,-9.3,-7.0,-9.4,-4.1,-5.0,-6.3,-4.3,-4.4,-10.4,-8.9,-5.3,-6.4,-4.5,-4.2,-4.0,-14.3,-8.4,-10.5,-4.4,-5.7,-6.5,-3.5,-4.3,-3.9,-5.2,-9.4,-8.6,-6.3,-5.9,-10.2,-12.5,-9.1,-11.0,-6.4,-8.9,-5.0,-1.8,-6.5,-7.8,-7.0,-1.0,-6.0,-2.0,-13.4,-1.9
2C7L51MRuv,0,48.109878,11.62434,4442008.92,2778698.97,537.3,583.0,307,7317,2.6,0.85,0.35,32.64,348.98,-0.529,-0.103,0.842,-1.3,0.1,-0.1,0.2,1.5,0.2,-0.3,1.5,0.2,-2.3,1.0,-1.3,0.3,-1.5,-2.0,0.3,-4.6,-1.0,0.2,-0.0,-0.7,-2.4,-0.7,-0.9,-1.6,-4.1,-3.9,-5.4,-1.0,-0.1,-2.2,-1.2,-0.2,-1.6,0.7,-2.5,-3.9,-17.8,-4.9,-4.3,-4.6,-4.3,-3.9,-3.4,-1.3,1.3,2.1,-1.9,0.9,-0.3,-0.6,-3.7,-0.0,-0.2,0.7,-2.0,-1.0,-0.8,-0.7,-1.8,-1.3,-2.8,-0.6,-0.1,2.2,0.7,-3.6,-1.7,-1.2,-5.5,-7.7,9.0,1.3,0.5,3.4,-0.5,2.5,0.2,-3.1,0.9,-3.5,-1.2,-0.4,-4.1,-5.3,-1.5,-2.0,-1.7,-6.1,-2.7,-6.1,-6.4,-3.0,-4.3,-3.5,-4.5,-4.0,-5.7,-5.5,-8.5,-6.7,-3.8,-8.5,-4.0,-1.7,0.5,-6.5,-4.5,-1.8,-4.9,-4.2,-5.6,-4.8,-4.9,-4.0,-1.3,-4.2,-2.0,-2.4,-2.3,-2.9,-1.8,-3.4,-4.8,-4.8,-0.8,-2.1,-3.7,-2.6,-4.7,-3.5,-3.4,1.9,-2.2,-0.4,-3.4,-3.3,-7.1,-8.7,-2.1,-5.2,-11.3,-10.7,-7.0,-3.1,-3.6,-3.3,-1.8,-3.9,-3.8,-4.9,-3.3,-4.2,-7.1,-5.3,-3.2,-4.9,-2.6,-2.1,-4.9,-5.3,-4.4,-3.2,-4.9,-3.5,-4.1,-4.1,-7.5,-9.9,-1.2,-7.2,-11.3,-3.8,-11.3,-6.5,0.1,-5.2,-4.9,-8.4,-5.8,-3.8,-4.5,-3.4,-4.3,-5.3,-18.9,-3.7,-5.7,-4.0,-4.9,-7.4,-5.4,-7.3,-7.5,-8.4,-9.5,-7.6,-8.4,-10.3,-9.7,-8.5,-8.8,-7.1,-6.9,-7.8,-7.1,-4.8,-5.2,-6.6,-6.6,-7.7,-7.6,-7.8,-4.9,-5.8
2C7L51MRuR,0,48.109664,11.622529,4441874.54,2778672.22,533.5,579.2,307,7287,3.3,0.77,0.44,32.61,348.93,-0.529,-0.103,0.842,-0.8,0.2,-0.15,0.25,0.6,0.2,-0.3,-4.0,4.4,1.9,1.8,0.3,-8.0,2.9,1.1,0.2,-1.0,-2.7,-1.3,0.1,2.2,2.8,2.9,4.5,6.1,4.7,6.3,2.2,1.3,6.4,7.9,4.0,3.3,1.5,-1.2,-1.5,-5.7,-9.8,0.0,-3.8,-3.1,-1.4,2.8,-1.9,3.8,-1.9,3.6,-5.3,1.1,3.7,0.8,-1.0,-2.5,-2.2,-0.1,-2.4,1.7,-2.3,-9.0,-1.0,-7.2,1.0,2.8,4.9,2.9,-0.5,1.8,-0.9,-3.4,-2.7,0.0,1.4,-1.0,-3.3,-2.7,-0.6,-5.2,-2.2,-3.2,-0.5,-4.3,-0.4,-1.0,1.4,-1.9,-1.6,4.9,-2.9,-0.0,-2.2,-6.0,-4.4,7.4,0.0,14.2,0.6,2.0,-0.4,1.2,0.0,-6.6,-3.5,-6.1,0.1,8.1,1.2,-3.3,-3.7,-0.6,-1.4,-1.8,-1.9,-1.0,-0.6,-1.2,1.1,-3.5,-1.3,-1.4,-4.1,0.3,-2.8,4.2,1.1,-0.7,0.3,-0.4,-0.5,2.8,-1.1,-1.2,-3.3,2.9,-1.3,-1.6,2.8,5.5,10.8,1.2,0.9,-0.6,-1.2,-1.2,1.5,2.2,2.3,1.5,-1.0,2.3,-0.4,-0.8,-1.0,-4.2,-7.9,-2.1,-1.0,-1.8,0.2,-3.1,-3.9,-3.1,-0.4,-2.6,-2.8,-4.5,-5.3,-3.4,-3.0,-1.1,-3.3,-6.8,2.7,-2.7,-0.3,-4.0,-4.5,-1.1,-2.1,4.5,-1.6,-5.8,-5.6,3.7,-3.1,-5.7,-5.7,-2.0,-2.3,-3.7,-10.2,-5.6,-7.2,-3.3,-0.8,0.8,-2.7,-4.0,-1.7,-3.4,1.1,-4.2,-5.0,-5.2,-1.6,-2.5,-7.5,-3.9,-3.2,-6.0,2.1,-2.4,-2.8,-0.3,-0.7,-5.6
2C7L51MRuW,0,48.109717,11.622801,4441894.66,2778678.61,534.1,579.8,307,7292,2.4,0.88,0.31,32.61,348.93,-0.529,-0.103,0.842,-1.1,0.1,-0.45,0.18,0.8,0.2,-0.3,0.9,1.7,2.6,-1.3,-1.4,3.7,2.7,-2.1,0.4,0.1,0.8,-3.7,2.0,-0.5,-0.2,-1.5,-1.7,-3.2,-0.5,-4.0,0.2,-2.2,-0.4,0.1,0.4,0.9,-0.8,-0.2,-2.7,-5.7,-13.1,-4.1,-5.4,-3.1,-1.6,-2.4,-3.3,-0.2,1.5,1.1,1.3,-0.7,-1.2,-1.2,2.4,-0.9,-1.9,-2.2,-0.8,-0.9,-2.1,-1.0,1.3,1.6,0.9,1.0,1.8,-0.7,0.6,2.3,-1.1,-2.3,1.6,-0.4,-4.3,-2.0,-2.5,-3.8,1.0,-0.2,-0.2,-0.0,-1.7,-0.0,-2.5,-1.5,-0.6,0.8,-0.4,-0.1,0.3,-0.4,0.7,0.5,-1.3,-0.1,-0.1,-1.0,-0.2,-1.1,-3.3,-15.7,-3.5,-1.0,-1.8,-1.0,-0.4,2.9,2.6,-0.4,-3.3,-2.1,-1.8,1.1,-3.3,1.2,0.3,-3.0,0.6,-0.9,-1.3,-1.9,-2.0,-0.4,-0.9,-1.1,-3.5,-2.3,-2.6,-3.1,-1.3,-0.8,-1.4,-0.2,-2.5,-4.9,-3.5,-0.3,-1.8,0.0,-5.4,-4.6,-0.8,-0.7,-5.7,-0.0,-2.8,-2.0,-0.3,-0.7,-6.3,-1.8,-2.5,-0.3,-0.5,-2.7,-1.8,-1.8,0.3,-2.5,1.6,-0.4,-1.3,-3.0,-1.9,-5.1,-4.7,-4.7,-3.6,-2.2,-5.1,-5.3,0.1,-4.5,-5.6,-2.9,-0.2,-2.4,-4.0,-0.9,-3.3,-9.8,-6.5,-6.7,-5.1,-4.6,-3.3,-2.6,-17.3,-2.3,0.1,-3.1,-2.4,-4.2,-3.5,-3.0,-3.2,-4.5,-8.0,-6.4,-7.4,-7.1,-7.9,-8.1,-5.9,-7.1,-5.5,-5.1,-6.3,-5.7,-4.3,-3.7,-4.5,-2.2,-4.8,-3.5,-6.4,-5.6
2C7L51MRuc,0,48.109759,11.623129,4441919.03,2778683.83,534.0,579.7,307,7298,2.9,0.76,0.4,32.61,348.93,-0.529,-0.103,0.842,-0.6,0.1,-1.2,0.22,2.0,0.2,-0.3,-0.9,-3.1,-2.0,2.6,-2.8,-0.1,-0.0,-0.6,-1.2,-0.8,-1.3,-0.1,-3.5,-2.0,-1.9,-5.1,-3.5,-5.3,-5.2,-3.6,-4.4,0.2,-0.9,3.7,-0.7,3.6,-0.7,4.7,-2.1,-0.7,-11.7,-2.9,-3.8,2.5,-3.5,0.2,-1.0,-2.3,0.6,-2.8,-0.5,1.3,1.3,1.7,-5.1,-0.2,0.0,-1.5,-1.9,3.9,1.3,2.9,2.3,3.6,3.4,0.9,4.6,1.1,2.7,4.9,2.3,-4.1,0.5,-1.3,3.3,-2.5,0.1,-0.9,2.4,1.2,0.0,1.4,-0.6,1.8,1.0,-2.6,-2.9,-1.6,-2.6,-1.5,-0.4,-3.6,2.5,0.2,-0.9,-2.5,0.4,-0.9,0.3,-2.3,-3.0,-13.4,6.9,8.5,-4.6,-6.0,2.4,6.6,5.6,0.2,0.1,-0.8,-0.7,-1.4,0.9,-1.8,-1.8,-3.6,0.2,-1.6,0.8,0.3,0.9,-0.7,-1.5,3.4,1.2,1.9,3.8,3.3,0.2,3.8,1.6,-0.9,2.8,-0.2,1.3,-2.2,-8.6,1.9,-9.2,-2.2,-2.6,0.2,2.3,2.7,2.6,-2.6,0.3,-0.9,2.8,3.0,1.0,6.5,3.7,5.6,4.5,2.2,2.5,4.3,1.6,2.8,-1.5,-0.8,-1.8,-3.3,-3.9,-3.8,-2.0,-2.8,-1.1,-1.9,-1.3,-4.5,-5.0,-2.8,-1.4,-2.5,-5.1,-3.1,-3.4,-2.2,4.2,-6.2,0.2,-1.9,2.0,1.6,-3.9,2.5,0.6,-0.2,0.2,-2.8,-1.5,-4.2,-3.3,-8.2,-8.2,-4.2,-9.8,-6.6,-5.8,-6.1,-10.5,-5.0,-4.4,-9.3,-5.3,-7.8,-0.6,1.6,-3.7,-2.6,0.2,-0.4,-0.6,-4.7
2C7L51MixX,0,48.109743,11.622862,4441899.15,2778681.63,540.1,585.8,308,7291,3.2,0.8,0.42,32.61,348.93,-0.529,-0.103,0.842,-0.9,0.2,-0.71,0.24,0.5,0.2,-0.3,-0.0,0.5,2.1,0.3,-0.2,1.7,-0.2,0.9,0.2,0.6,-0.0,3.4,1.7,0.3,0.8,-0.8,-0.8,-2.7,3.1,-1.0,1.7,-7.6,-1.0,-3.2,11.5,-7.3,3.3,7.3,1.2,-14.1,-2.7,-12.2,1.4,-6.1,0.1,-9.8,7.3,0.0,3.0,3.1,2.9,0.3,-0.7,0.2,2.7,-0.0,2.1,1.3,-0.0,1.0,-2.3,-1.3,1.0,-0.4,2.5,-0.4,4.6,-0.4,-0.1,1.2,0.4,1.8,2.7,2.0,-0.6,2.2,0.3,0.8,1.0,0.3,2.0,-0.3,-0.1,0.8,-0.1,-0.6,2.5,1.0,0.4,0.1,0.9,1.4,1.4,0.1,0.1,1.0,0.8,0.8,1.5,1.7,-0.5,-0.0,-4.3,1.0,-0.6,-1.2,1.6,-0.0,3.8,3.2,1.6,4.1,2.1,0.4,0.2,1.6,0.8,0.4,1.1,-0.7,-0.7,0.9,0.9,3.2,-0.1,2.2,-3.1,0.7,-0.3,-1.4,-1.6,-1.0,-0.8,-1.5,-1.7,2.8,-3.1,1.1,0.6,4.0,-5.2,-2.0,-0.3,-1.2,-7.1,-0.1,1.1,-0.4,1.8,4.3,9.7,-0.6,-1.6,-0.6,0.6,-1.3,-3.1,-1.8,-0.4,-1.1,0.1,0.8,-1.9,-2.8,-0.7,-1.6,-2.8,-5.1,-2.9,-2.8,-5.9,-0.3,-1.5,-0.4,-1.5,1.1,-1.8,2.8,3.6,1.1,-0.4,-14.6,-3.9,-2.8,-3.4,-0.3,-4.6,-6.7,3.0,-10.9,2.0,-3.3,-3.4,-5.5,-4.8,1.1,-7.7,-10.1,5.7,-3.7,3.7,-10.6,-2.2,-3.0,-4.5,-4.6,0.1,-1.0,-5.2,-2.6,-5.2,-3.1,-3.2,-3.3,-3.5,-5.3,-3.3,-6.9
2C7L51Mixs,0,48.109901,11.624085,4441989.88,2778701.09,541.0,586.7,308,7312,3.4,0.73,0.46,32.64,348.98,-0.529,-0.103,0.842,-0.6,0.2,-0.26,0.26,2.1,0.2,-0.3,-1.7,-2.4,-0.8,-0.5,-1.2,-2.1,1.4,-3.3,0.0,-0.7,0.7,-1.8,-0.3,2.2,1.7,0.2,-0.4,3.6,-3.0,-7.1,-7.2,-3.7,0.1,0.9,-1.2,0.4,-0.6,-0.6,-9.6,-6.6,4.8,-13.7,-5.1,-7.4,-11.2,-2.8,-2.1,-3.7,-4.5,-3.1,-4.6,1.9,-3.1,-0.5,-3.8,-0.5,-4.2,-1.4,-1.9,0.4,2.0,-11.3,-4.3,-0.7,-4.7,1.9,-4.3,1.5,1.7,1.2,-2.3,-0.3,3.0,1.1,-4.6,2.7,-2.2,2.1,-0.8,-2.1,-1.3,-3.6,-3.4,-3.9,9.9,-13.2,-1.1,-4.0,-1.5,-8.0,-1.9,-3.4,-1.6,-9.5,-7.6,-0.5,-2.0,-3.9,-3.9,-3.5,-4.2,-2.5,-6.4,-6.8,-4.0,-2.0,-2.3,3.5,-2.0,2.0,-1.8,-3.5,-3.0,-4.6,-3.8,-2.4,-1.6,-5.3,-4.5,-3.3,-5.5,-6.1,-1.0,-9.3,4.5,0.3,-4.5,-12.9,-1.2,-1.0,1.2,4.1,1.3,-3.9,-4.4,-1.6,-0.5,-2.1,-3.4,-4.6,-6.9,-3.0,-5.0,-7.1,-6.9,-5.5,-6.3,-7.1,-3.4,1.0,0.8,-1.5,-3.0,0.3,-4.3,-3.1,-5.9,1.3,2.2,-1.4,2.2,-2.9,-2.2,-0.0,4.1,-8.3,2.7,0.3,-2.7,-0.8,-3.9,-7.6,-5.6,-6.7,-8.4,-9.7,-5.8,-2.3,-3.2,-4.8,-5.5,-6.7,-7.3,-1.1,-5.7,-2.0,-1.9,-3.9,8.0,-0.4,-3.2,-3.0,-8.4,-6.8,-5.3,-5.0,-9.5,-5.1,-8.0,-4.0,-8.8,-7.5,-8.2,-9.9,-11.9,-9.1,-8.8,-9.6,-3.9,-6.9,-3.2,3.7,-4.3,-1.1,-2.1,-2.3,-2.6,-5.1
2C7L51Miy6,0,48.109999,11.624848,4442046.51,2778713.24,539.1,584.8,308,7326,4.4,0.52,0.49,32.65,348.98,-0.529,-0.103,0.842,0.3,0.2,0.11,0.33,3.5,0.3,-0.3,-1.4,2.3,1.3,0.9,-0.6,-6.3,-2.4,-0.8,3.9,-1.3,4.5,-3.7,2.5,2.1,5.9,6.4,9.9,7.8,7.9,6.8,0.2,7.9,3.5,8.0,5.8,8.7,6.2,8.0,4.1,6.5,-4.9,6.4,3.5,5.5,4.6,10.6,7.0,9.0,11.3,8.7,1.4,-2.4,8.1,9.6,4.3,0.5,-1.5,0.3,0.2,-2.1,0.5,5.0,0.5,4.6,4.3,1.5,0.0,-1.6,-1.7,-5.5,-3.4,-3.3,1.1,-1.6,-7.1,-5.0,-2.9,-7.6,-3.5,-6.1,-7.9,-2.7,-2.2,-5.3,-1.3,6.1,3.1,4.9,4.0,6.9,3.6,5.4,0.8,-1.4,-0.1,7.3,6.9,7.8,11.4,9.7,17.9,-2.0,-3.6,9.2,12.1,4.6,3.4,11.0,9.1,7.1,2.8,10.6,7.0,6.4,7.9,8.8,10.1,1.7,6.5,5.8,10.3,3.3,1.3,-9.9,-4.1,-3.6,1.4,2.4,-0.9,-2.3,-6.6,4.3,1.7,1.1,8.7,-5.8,-0.8,10.2,8.8,7.1,5.5,7.6,5.0,6.5,5.6,5.5,8.2,8.5,9.7,3.7,-0.6,1.0,10.5,-8.2,-5.0,-5.1,6.8,7.2,-8.5,9.5,-6.1,2.2,16.4,5.9,0.3,-0.1,7.9,2.9,2.8,2.6,5.7,4.9,4.4,4.2,2.3,1.6,2.5,6.4,3.5,5.8,6.5,4.7,3.8,-3.7,-6.5,10.4,2.2,4.7,-2.1,3.2,4.0,3.1,5.0,6.2,5.2,5.9,6.9,8.3,3.8,3.0,1.4,4.6,7.7,4.7,5.6,16.0,6.0,3.1,1.3,2.3,-3.7,2.3,-0.7,2.5,3.7,-0.9,5.1,6.9
2C7L51MixM,0,48.109691,11.622168,4441847.57,2778674.71,537.0,582.7,308,7280,3.2,0.77,0.46,32.6,348.93,-0.529,-0.103,0.842,-0.8,0.2,-0.49,0.24,0.9,0.2,-0.3,-0.2,-3.0,-4.7,-0.4,-2.8,2.8,1.7,-3.9,-1.6,5.4,-1.6,6.6,0.9,1.9,-0.9,1.2,2.9,-0.7,0.7,0.3,-1.3,1.1,0.3,1.2,-1.7,-11.9,-0.9,-3.2,-4.8,-4.9,6.4,-9.9,-5.4,-7.5,-7.4,-1.0,-8.0,-0.6,-10.4,-2.7,-1.2,-2.9,-2.5,-1.6,-1.2,-3.1,-4.8,2.2,-1.8,1.5,0.2,-4.4,-4.7,0.6,-3.7,2.7,-1.8,-3.0,-1.9,-3.1,-2.1,0.7,-1.7,0.2,-0.7,-1.3,-3.8,-0.6,-0.3,-3.3,-2.7,-5.4,-0.9,-1.5,-1.8,-3.4,-0.3,-3.7,-2.2,-6.6,-4.5,-6.3,-2.2,-5.0,-0.5,0.5,3.8,-5.2,-2.6,-3.8,2.1,-3.9,-2.5,-1.8,-0.1,-2.0,-0.7,1.2,2.0,-2.5,-1.9,0.5,-0.8,-2.0,-2.2,-1.0,-0.3,-3.1,-2.2,-4.9,6.7,3.4,0.4,0.2,-1.3,-1.9,-0.4,-1.6,0.1,-5.0,-9.7,-1.1,-0.5,-4.4,-2.0,-5.2,-2.2,-2.6,-4.5,-1.2,-3.7,-0.2,0.4,-6.4,-3.0,-3.4,-1.8,-5.3,-1.5,-1.0,-3.9,-1.5,-2.0,-0.4,-3.6,-3.3,-7.6,-0.1,-3.4,1.0,0.6,0.6,-3.2,-3.5,-4.9,-3.7,-5.4,-3.6,-2.5,2.5,-8.8,-8.9,5.0,-4.2,-4.0,0.6,-0.6,-0.9,-1.8,-1.7,0.3,-8.2,-5.0,-5.5,-1.5,0.5,0.1,-3.0,-6.7,-1.7,-4.0,-1.1,-4.3,-4.0,-5.0,-3.5,-5.0,-3.8,-7.2,-12.9,-3.4,-8.9,-8.2,-7.8,-1.5,-17.4,-10.7,-0.1,0.6,-8.2,-4.3,-10.3,-7.6,-6.6,-7.8,3.7,-0.3,-8.0
2C7L51MixH,0,48.109674,11.621886,4441826.67,2778672.3,536.5,582.2,308,7275,4.7,0.54,0.49,32.6,348.93,-0.529,-0.103,0.842,-0.4,0.2,-1.21,0.36,2.1,0.3,-0.3,11.3,6.0,-6.7,0.2,-4.0,18.5,4.4,-5.8,6.0,-4.3,-4.3,-4.2,-3.3,-0.9,-2.2,-4.5,-1.0,-0.0,1.9,-5.2,19.2,18.8,-4.9,20.0,11.2,3.9,0.6,17.7,9.7,10.0,-3.5,9.0,7.5,7.2,9.4,9.1,-1.5,1.5,12.3,7.2,10.9,4.4,8.6,5.6,5.8,8.1,-5.1,1.5,2.0,1.4,1.5,7.4,3.8,9.1,9.3,-1.8,5.1,1.9,7.1,3.2,-2.0,3.7,7.1,0.3,-6.7,-8.4,-4.7,-1.3,6.9,7.5,7.4,7.2,7.3,14.0,7.4,7.9,10.6,7.8,8.8,7.0,7.8,7.1,14.2,8.0,7.9,8.4,6.7,9.2,8.9,7.9,7.4,7.1,5.7,9.0,8.5,-0.3,7.4,1.4,2.2,1.2,10.4,10.1,9.3,7.8,8.2,10.6,7.9,3.0,-1.0,8.7,1.1,2.4,9.2,2.5,9.4,-0.0,4.9,4.5,0.6,7.9,1.0,1.1,1.4,6.3,8.2,8.1,6.9,4.9,8.8,7.5,4.7,5.8,8.1,7.2,7.8,-0.8,9.1,7.1,9.2,3.5,11.1,1.1,7.8,4.4,1.8,1.4,1.8,1.8,7.5,7.9,4.4,2.9,5.8,6.1,6.9,6.7,-2.0,5.7,5.5,7.4,5.3,4.3,6.5,-1.7,4.7,0.2,4.1,15.2,7.9,5.2,5.7,2.7,-4.6,-4.3,4.4,-1.4,-2.0,-1.8,0.6,4.7,4.5,-0.2,-1.2,8.8,4.9,3.9,4.8,5.1,2.6,3.1,3.9,3.5,1.9,-1.4,7.8,5.2,-3.6,2.9,3.0,4.4,3.5,-2.5,-2.8,-3.3,4.2,3.6,3.3,2.0
2C7L51MixI,0,48.109679,11.621928,4441829.74,2778672.96,535.8,581.5,308,7276,2.7,0.79,0.4,32.6,348.93,-0.529,-0.103,0.842,-1.9,0.1,0.92,0.22,1.6,0.2,-0.3,9.6,2.3,3.2,-7.4,-6.3,1.2,-0.0,-0.3,0.4,-3.7,-0.4,2.1,-1.5,-2.3,0.3,-7.3,-4.6,-7.9,-7.7,-5.4,-4.6,-4.1,-2.1,-2.7,-3.9,-3.0,3.2,-1.7,-1.2,-9.2,-21.1,-13.6,-11.5,-12.9,-11.2,-13.1,-14.9,-10.7,-9.6,-10.5,-8.8,-11.0,-7.8,-10.0,-10.8,-11.0,-5.7,-8.3,-7.8,-7.9,-8.0,-8.5,-8.0,-8.0,-7.8,-6.0,-7.3,-6.2,-8.5,-5.9,-6.4,-5.8,-6.2,-5.3,-7.8,-3.4,-7.0,-7.5,-7.2,-9.7,-6.5,-11.0,-8.8,-6.7,-7.8,-9.2,-7.8,-10.1,-8.0,-9.5,-9.5,-10.6,-7.8,-10.4,-9.6,-9.8,-12.6,-12.2,-11.5,-11.0,-11.5,-11.8,-13.1,-10.8,-11.2,-13.7,-10.4,-12.9,-11.9,-12.0,-10.0,-8.2,-10.0,-10.4,-10.6,-8.5,-10.7,-11.0,-8.5,-10.3,-9.9,-9.5,-9.6,-7.3,-9.9,-7.7,-12.2,-10.3,-9.8,-10.5,-13.2,-10.2,-10.8,-12.5,-10.5,-13.1,-11.2,-8.7,-11.2,-11.4,-14.4,-12.3,-10.1,-11.2,-10.9,-3.3,-8.8,-12.1,-9.4,-6.2,-7.5,-17.3,-11.9,-9.4,-10.9,-12.3,-13.1,-10.7,-11.1,-10.6,-8.3,-9.1,-11.5,-10.6,-11.2,-11.8,-12.1,-13.2,-12.5,-11.4,-13.0,-14.5,-11.9,-14.2,-13.7,-10.8,-14.1,-8.2,-10.6,-12.0,-11.9,-14.8,-8.2,-9.7,-12.4,-5.8,-13.1,-10.3,-12.2,-12.1,-12.0,-13.9,-10.9,-11.8,-12.9,-13.0,-12.9,-12.5,-15.4,-15.0,-18.4,-11.3,-17.2,-20.8,-15.4,-16.4,-11.6,-14.8,-15.7,-14.0,-14.1,-12.0,-13.1,-12.9,-14.3,-15.1,-13.9,-15.1
2C7L51MixK,0,48.10972,11.622102,4441842.61,2778677.79,538.9,584.6,308,7278,4.5,0.63,0.49,32.6,348.93,-0.529,-0.103,0.842,0.2,0.2,-1.05,0.35,2.0,0.3,-0.3,3.5,-0.7,-2.0,-0.9,-0.3,-2.0,-4.2,14.4,-4.9,2.4,1.1,-6.5,-6.6,-7.4,-6.0,-6.2,-2.1,-2.8,-5.5,-4.3,-6.0,-3.6,-2.2,-1.2,-0.9,-4.0,-1.4,-8.5,6.9,-2.2,4.4,-2.6,-4.4,-5.7,-4.2,-5.8,-4.9,0.3,-0.7,0.6,0.3,-3.6,1.7,3.7,-0.1,0.1,6.7,-7.4,11.5,-8.5,6.0,-3.4,3.8,-0.3,1.7,3.2,4.0,-1.2,-0.2,-2.4,0.9,0.4,5.0,-11.0,5.5,14.4,10.9,-8.5,-2.3,2.6,1.8,-2.9,-0.3,2.4,-0.9,1.6,2.0,-2.7,0.4,-6.3,1.4,-2.3,0.9,-1.1,-0.5,-1.4,-1.8,0.2,-1.8,-1.3,-0.9,-5.2,-2.4,-1.7,0.8,-1.0,-4.5,-0.2,0.3,-4.9,-1.2,1.4,1.0,-0.5,0.3,-0.2,0.3,1.4,4.2,1.3,-2.2,-1.9,-1.2,-2.4,-1.3,15.5,-1.2,5.6,8.4,-0.4,4.0,1.0,1.5,-1.4,0.0,2.2,3.3,0.0,2.7,2.7,-4.0,1.0,4.2,-1.6,2.2,-3.1,0.9,1.3,7.0,13.2,-8.0,19.2,-0.4,-2.5,-3.4,-3.4,13.4,3.2,-3.3,-2.0,-1.4,-2.0,-1.7,-3.1,-2.2,-3.8,-4.5,-0.3,-6.1,1.7,-1.1,-1.9,2.2,11.5,-0.4,3.5,-2.4,8.3,4.9,0.9,4.8,4.2,9.0,3.1,-2.8,4.5,15.1,14.8,-3.0,-9.8,-5.6,-4.3,7.7,2.1,0.1,-7.8,-6.3,-5.4,1.2,-4.4,-6.1,-1.2,-2.8,-0.3,-1.7,-3.3,-0.6,-1.0,0.2,-0.7,1.1,1.0,0.3,0.5,-2.5,-5.0,-4.7,1.0
2C7L51MixZ,0,48.109827,11.622932,4441904.2,2778691.0,539.0,584.7,308,7293,4.4,0.6,0.52,32.61,348.93,-0.529,-0.103,0.842,-1.2,0.2,0.77,0.34,2.9,0.3,-0.3,2.7,3.2,6.4,-6.6,-4.4,4.4,7.0,2.7,-2.2,4.1,0.0,-2.4,-3.3,-4.5,-5.4,-6.2,-6.3,-6.1,-9.0,-11.1,-0.8,-5.2,-5.7,-6.5,0.2,-0.5,-4.4,-4.5,-10.9,-9.5,-18.3,-7.8,-11.8,-12.1,-14.6,-7.1,-10.7,-7.6,-3.5,-3.0,-8.9,-5.7,-13.9,-7.4,-18.3,-4.9,-3.8,-2.3,-1.8,-2.9,-4.1,-1.7,2.0,-8.6,-1.0,-7.2,-3.3,-6.2,-5.7,3.5,-4.9,-5.0,-10.9,0.2,-7.0,-5.6,-7.8,6.0,-0.5,-17.6,-1.3,-2.9,-4.9,-1.9,-3.3,-0.4,-2.3,-2.5,-2.6,-4.5,-0.6,-1.0,-6.7,-9.6,-2.4,-24.9,-10.6,-14.0,-5.7,-5.2,-10.1,-13.3,-10.4,-8.9,-4.4,-15.0,-8.6,-9.1,-4.9,-9.2,-8.6,-5.8,-6.8,-7.0,-8.8,-23.1,-6.3,-8.5,-3.3,-7.4,-3.7,-6.7,-5.2,-10.5,-2.5,-5.1,-11.7,-3.3,-4.1,-0.9,-0.0,-16.8,-14.3,-20.8,-5.9,-7.7,-10.9,-4.1,-13.2,-7.0,-6.3,-11.4,-7.0,-2.6,-8.7,-8.6,-12.9,-9.7,-11.0,-6.0,-9.6,-6.8,-9.0,-3.6,-6.0,-4.2,-7.9,-6.7,-4.7,-7.9,-9.1,-3.7,-5.2,-5.1,-5.7,-5.5,-10.9,-12.2,-8.8,-8.1,-12.0,-18.4,-26.7,-12.4,-8.7,-13.9,-5.7,-3.8,-9.2,-8.7,-8.1,-13.2,-7.9,-7.6,-9.5,-3.8,-7.9,-6.9,-20.1,-5.6,-6.8,-1.2,-5.9,-7.3,-4.3,-4.6,-7.2,-8.2,-12.9,-13.3,-12.6,-11.1,-14.4,-14.4,-14.9,-13.4,-13.0,-9.1,-9.1,-8.8,-9.8,-8.7,-9.8,-2.5,-6.4,-8.2,-7.2,-5.7
2C7L51MixJ,0,48.109728,11.622017,4441836.24,2778678.5,537.8,583.5,308,7277,2.6,0.85,0.38,32.6,348.93,-0.529,-0.103,0.842,-0.2,0.1,-0.73,0.2,0.5,0.2,-0.3,1.2,0.5,-1.2,-2.3,0.1,1.6,5.2,5.1,4.7,4.1,6.5,-2.0,-7.7,-2.1,-5.3,0.6,4.1,-0.2,-3.4,-4.3,-3.1,-8.7,-0.9,-3.3,-1.3,-5.0,-5.1,-9.2,2.6,-0.2,9.5,-2.1,-2.4,-1.4,0.9,-1.1,3.1,7.4,1.4,-0.4,1.4,-1.6,4.8,2.8,3.6,4.4,4.2,3.3,4.8,2.1,1.0,-0.6,1.3,2.8,1.8,2.7,2.4,3.4,0.3,2.8,3.2,-0.0,1.7,2.2,3.9,4.9,1.8,-0.2,2.0,3.2,1.7,2.1,-0.5,2.0,1.1,4.2,2.8,14.2,4.1,3.2,2.7,3.2,-0.4,-0.6,1.3,1.0,1.5,0.9,-2.5,1.6,3.0,-1.6,-1.4,-1.3,0.9,-0.8,1.2,2.2,2.4,2.8,-2.2,3.5,2.7,0.6,1.8,0.2,2.4,0.8,0.8,0.8,-0.6,-0.5,0.6,1.8,0.6,0.1,0.8,-0.8,-0.7,0.8,-1.8,-0.4,0.9,3.4,4.5,3.6,4.3,3.2,4.0,1.3,-4.1,0.9,1.3,1.8,1.2,-1.4,3.5,1.1,4.9,4.4,2.7,-2.4,1.7,0.3,1.9,0.4,-0.2,0.6,1.8,1.4,1.0,2.3,2.0,1.5,1.3,0.2,0.2,0.4,1.6,0.8,-1.5,-2.3,2.7,1.0,-0.5,3.5,0.1,3.9,1.2,0.8,2.2,-1.6,2.3,1.8,1.2,1.6,-2.5,-0.2,-6.2,1.6,-0.4,-0.7,-0.6,-1.3,1.7,-0.4,-1.4,0.9,-0.4,-0.6,1.4,0.0,1.3,0.2,-0.9,-4.0,-1.0,-0.2,-2.6,0.5,0.5,-1.0,-1.0,-0.3,-1.3,-0.9,-0.1,-0.5
2C7L51Mix9,0,48.109663,11.621368,4441788.06,2778670.24,533.6,579.3,308,7267,4.3,0.63,0.57,32.6,348.93,-0.529,-0.103,0.842,-1.2,0.2,0.4,0.33,0.9,0.3,-0.3,-11.2,-7.4,-9.8,-7.2,-9.9,8.5,-10.2,-10.7,-10.3,7.5,3.9,9.9,9.4,6.4,5.2,4.9,6.9,7.3,3.4,5.2,8.1,5.8,3.9,3.8,3.1,4.0,8.1,9.8,-8.0,-8.4,7.0,4.4,-1.4,-8.7,-8.8,-8.3,-7.9,-5.1,-4.1,-6.3,-6.2,-6.7,-5.3,8.1,-7.0,-6.3,-5.0,-4.5,-3.9,-1.6,-5.1,-12.3,-3.6,-4.9,-6.4,-0.7,-1.6,-2.4,-2.2,-5.1,-9.2,-8.5,0.9,-7.2,-6.3,-5.4,-2.1,-5.3,-4.7,-5.2,-5.7,-5.7,-4.3,-2.4,-5.3,-3.4,-3.1,-4.3,-4.3,-6.2,-5.2,-6.0,-5.0,-3.9,-5.6,-6.6,-5.8,-5.4,-4.2,-5.0,-9.2,-4.0,-6.1,-7.5,-4.8,-5.4,-3.1,-6.2,-2.8,-2.8,-3.6,-4.4,-6.1,-4.6,-5.9,-3.6,-3.4,-3.5,-3.5,-8.2,-5.7,-4.9,-6.2,-4.1,-7.0,-12.5,-8.4,-5.1,-10.6,-10.9,-8.1,-5.0,-10.4,-5.4,-4.8,-5.5,-12.0,0.5,-3.1,-1.1,-7.8,-3.1,-4.5,-5.4,-5.6,-1.5,-4.5,-0.9,-1.1,-2.6,-4.9,-0.6,-1.0,-3.7,1.9,0.5,2.0,-2.9,10.5,-4.9,6.6,-4.3,-5.6,-5.8,-4.7,-5.5,-5.3,-6.2,-6.4,-5.8,-2.6,-8.8,-5.8,-6.6,-8.6,-6.3,-8.8,-6.5,-7.4,-7.3,-8.0,-9.7,-12.2,-7.9,-5.1,-6.3,-9.4,-7.2,-3.7,-6.7,-7.6,-7.8,-7.7,-8.7,-7.6,-6.9,-8.6,-5.5,-7.7,-6.1,-6.9,-8.7,-11.9,-9.4,-9.3,-9.9,-5.0,-12.6,-7.4,-10.1,-8.6,-8.2,-6.7,-1.2,-6.5,-7.0,-6.9,-8.2
2C7L51MixY,0,48.109846,11.622794,4441893.89,2778692.93,535.5,581.2,308,7292,4.0,0.76,0.4,32.61,348.93,-0.529,-0.103,0.842,-1.4,0.2,-0.77,0.3,1.9,0.3,-0.3,0.9,0.9,2.3,-4.6,-3.0,7.0,4.4,1.4,-2.2,1.3,1.7,1.7,0.8,-2.4,-1.2,-1.2,-0.5,-0.8,-0.0,0.9,1.1,-2.1,-2.6,-0.7,4.2,2.2,-7.1,-8.0,-5.6,-5.2,-15.0,-4.6,-4.3,-4.6,0.1,0.6,0.1,-1.0,-2.0,-2.8,0.0,-1.4,1.3,0.3,3.3,-1.4,-3.3,-2.5,0.9,0.4,-2.4,-1.5,0.0,3.8,0.9,3.3,0.4,0.1,0.1,3.7,-2.9,-1.1,7.2,3.2,-6.1,-5.1,-4.8,2.5,3.7,1.9,1.1,-1.6,-3.1,0.1,3.6,-0.6,-0.1,0.5,1.1,0.6,2.6,1.1,0.9,2.5,-0.3,-1.2,-0.6,-1.8,-0.7,0.2,-2.4,-16.8,-5.9,-0.3,-1.3,-2.7,1.6,-20.7,3.1,-0.9,-3.3,0.5,-1.8,-0.7,1.4,1.9,1.9,-3.3,-0.3,-2.5,-0.9,-3.0,-1.8,-0.3,-0.5,3.5,-5.5,2.3,1.3,1.0,-0.4,0.9,-1.7,1.5,1.1,-0.6,-1.0,-1.0,1.1,1.3,-5.3,-5.4,-4.2,-0.7,-6.0,-3.7,1.7,-1.4,-7.5,0.6,-3.4,0.4,-1.5,2.9,0.1,-1.4,-5.4,0.5,1.8,0.1,1.5,0.0,-0.3,-3.0,-1.7,-3.9,-3.5,-4.8,-6.4,-3.7,-3.5,-23.1,-4.3,-3.6,-14.3,-0.8,0.3,-0.8,-7.1,-1.1,-3.5,-5.9,-8.2,-7.6,-9.6,-10.0,-16.9,-0.2,-22.6,1.4,0.3,-2.3,-3.1,-5.7,-3.9,-3.6,-6.8,-5.3,-7.2,-6.1,-8.5,-8.6,-9.7,-6.1,-5.9,-8.8,-23.5,-4.4,-7.2,-6.4,-5.6,-5.8,-4.4,-0.7,-1.7,-4.4,-3.6,-5.2
2C7L51N00A,0,48.10968,11.621357,4441787.19,2778672.12,536.1,581.8,309,7266,3.6,0.74,0.4,32.6,348.93,-0.529,-0.103,0.842,-1.2,0.2,-0.78,0.28,0.3,0.2,-0.3,-4.4,0.2,2.3,-2.8,-2.4,-10.3,-6.7,-8.0,-8.3,-10.7,-4.4,-9.2,14.7,5.6,4.6,5.3,6.1,5.9,3.7,7.0,0.1,3.6,7.8,4.2,4.5,7.6,9.6,12.9,4.3,0.0,-11.9,3.7,0.8,1.8,0.8,1.9,-1.2,8.8,5.3,-3.5,-2.2,-1.7,0.6,2.4,-0.1,-0.1,0.2,-1.8,1.6,1.1,-0.6,-9.5,-0.8,-0.0,0.7,-0.4,0.1,0.6,-0.2,1.9,-1.0,-1.6,3.7,2.0,0.9,-0.5,-1.0,-2.5,-1.1,-1.2,-2.8,-2.6,-2.8,4.1,-0.6,0.9,-0.2,0.0,-2.6,-2.2,-2.0,-1.2,0.1,-1.7,-4.8,-4.5,-1.5,-2.1,-5.9,-1.6,-9.4,-1.9,-2.6,-5.4,2.4,-1.1,-0.7,1.1,1.6,1.5,1.7,2.6,-0.5,0.1,-0.2,1.2,2.1,1.2,0.7,2.0,0.0,1.4,2.4,0.9,3.3,2.7,0.1,1.5,2.0,2.7,-2.0,-0.4,2.6,1.3,1.7,1.0,0.4,2.4,2.9,3.0,-2.1,6.8,0.2,-2.2,-8.0,-6.0,-4.4,1.2,0.4,0.8,-0.9,-0.5,0.7,-1.4,0.2,-1.0,2.9,0.7,-4.2,0.7,0.4,-0.3,-2.2,-2.0,-4.0,-2.6,-3.0,-2.4,-1.8,-2.8,-1.8,-6.4,-1.0,-3.2,-5.6,-3.2,-3.3,-1.2,-3.7,-3.5,-4.5,-4.3,-4.9,-4.0,-4.5,-1.9,-3.3,-1.4,-0.2,-1.4,-3.0,-2.3,-3.3,-3.6,-2.8,-2.9,-4.1,-1.8,-8.6,-0.6,-3.1,-4.0,-9.3,-8.3,-5.7,-7.4,-12.0,-12.5,-5.5,-6.9,-4.3,-1.7,-4.8,-6.1,-4.3,-3.4,-3.5,-3.7
2C7L51N00C,0,48.109688,11.621418,4441791.76,2778673.1,533.5,579.2,309,7268,4.2,0.68,0.47,32.6,348.93,-0.529,-0.103,0.842,-0.2,0.2,-0.04,0.33,0.6,0.3,-0.3,-0.9,3.8,-0.8,-2.6,-3.1,6.1,-2.1,-1.6,-5.0,9.9,-10.6,9.2,-8.8,4.2,-0.2,4.5,3.9,10.8,2.1,-0.6,-2.0,5.6,1.4,-3.9,-1.3,1.3,-4.9,10.6,-2.0,-4.6,9.3,-7.2,-8.5,-7.3,-5.3,-5.4,-3.2,-1.9,-0.4,-1.5,-1.6,-1.7,0.0,-5.4,-1.1,-3.4,-2.6,-2.3,-1.8,-5.4,-2.0,-6.8,0.3,-3.6,-2.8,-4.1,-4.0,-4.3,-4.6,-3.6,-4.6,-5.2,-7.8,-3.9,-4.1,-4.0,-9.5,-2.6,-1.2,-2.9,-1.9,-6.5,-3.6,-1.1,-0.8,-0.3,0.3,-0.5,-1.1,-0.5,-5.1,-1.3,-2.8,2.7,-0.1,-1.9,-1.3,0.3,1.5,-3.2,-3.0,0.2,-2.7,-2.0,0.3,-2.0,-1.5,-1.2,2.8,1.4,-0.4,1.4,-1.0,-0.2,-1.4,0.8,1.7,2.8,0.8,-3.1,1.7,-1.4,2.6,0.6,-0.2,-12.7,-12.6,-0.3,-5.4,-2.5,-4.3,-3.9,-6.8,-1.7,-1.6,-0.3,-6.9,-6.5,5.0,-1.4,-6.9,-2.1,0.5,-0.1,0.9,1.8,1.4,3.0,3.2,4.8,1.6,3.5,12.0,1.9,11.3,12.6,-11.8,9.6,-11.9,-1.7,-10.6,4.9,0.8,1.1,1.1,0.7,-1.4,-2.5,-0.1,-1.1,-0.8,-2.8,1.4,-2.9,-1.3,-3.2,-4.7,-6.3,0.9,0.0,-2.7,-5.2,-11.6,-3.0,-2.9,-3.3,2.4,-0.4,-0.6,-0.7,-2.9,-1.3,-2.9,-2.9,-1.1,-2.0,-4.4,-1.4,-3.4,-2.9,-1.6,-4.6,-2.0,-3.3,-4.7,-5.8,-3.8,-5.9,-2.8,-2.5,-1.2,11.1,1.9,-4.7,-1.5,-2.7,-2.6,-3.9
2C7L51N00J,0,48.109804,11.621886,4441826.33,2778686.72,538.3,584.0,309,7275,4.3,0.54,0.42,32.6,348.93,-0.529,-0.103,0.842,-0.2,0.2,-2.1,0.33,1.6,0.3,-0.3,1.9,-0.7,-6.4,6.0,-0.5,-2.7,5.2,-3.0,10.6,2.4,0.3,-0.9,1.6,3.1,1.3,-0.4,5.4,3.1,1.9,-3.4,-4.5,-5.2,-4.6,21.5,10.8,18.8,6.1,0.5,13.8,13.0,1.4,13.5,11.7,8.6,10.6,12.5,0.3,3.7,14.7,11.0,14.3,7.9,10.9,8.3,8.3,11.1,0.5,4.5,6.6,4.5,4.0,13.4,9.6,11.9,11.7,3.9,5.1,9.1,10.5,8.4,-0.1,4.2,10.6,3.6,-6.6,-6.0,4.8,3.2,11.7,10.9,10.5,10.8,9.6,16.1,10.6,10.5,14.2,11.4,12.6,9.0,10.4,8.0,17.2,9.9,10.3,10.2,9.5,10.3,11.6,10.1,9.5,9.4,7.6,11.1,11.2,3.6,9.7,3.4,5.8,3.8,15.7,11.5,12.9,11.0,11.2,12.9,11.6,7.1,5.2,11.4,5.1,6.2,13.3,2.2,12.9,5.2,5.7,6.3,2.9,10.8,2.0,3.7,4.7,9.5,11.9,11.3,10.0,8.1,12.0,11.4,7.4,10.1,11.6,10.3,10.0,-1.3,11.1,9.9,10.6,7.3,16.5,5.5,11.7,8.9,5.6,6.2,4.9,4.6,11.6,11.4,7.6,4.1,9.4,9.4,9.8,8.2,0.9,9.4,8.0,10.0,7.5,6.6,9.8,-0.7,8.9,4.1,8.9,17.1,10.1,7.2,9.1,6.0,-1.3,-0.3,7.4,3.4,1.7,2.3,4.2,8.6,6.7,2.9,2.0,11.5,7.1,6.8,6.2,6.5,4.7,3.9,4.6,4.3,4.3,1.2,9.6,5.9,-1.4,4.2,5.7,6.6,4.4,0.4,0.6,-2.0,7.2,6.0,6.3,4.3
2C7L51N00K,0,48.109805,11.6219,4441827.36,2778686.95,536.2,581.9,309,7276,3.7,0.64,0.47,32.6,348.93,-0.529,-0.103,0.842,-2.2,0.2,0.85,0.3,2.1,0.2,-0.3,8.6,2.4,5.1,-0.1,-1.3,0.3,0.8,-0.9,-1.5,-1.9,-0.6,1.0,-2.7,-0.0,-1.3,-6.5,-10.5,-5.5,-7.5,-6.1,-5.1,-5.8,-6.7,-7.7,-6.7,-6.8,-16.0,2.4,-1.4,-10.3,-20.7,-14.5,-12.3,-15.5,-14.9,-15.6,-21.4,-11.0,-11.3,-10.6,-10.7,-15.4,-9.1,-7.0,-13.3,-12.6,-0.2,-10.2,-9.9,-9.5,-13.4,-9.1,-10.1,-9.3,-9.3,-6.7,-7.9,-7.7,-9.5,-8.1,-5.5,-2.3,-6.1,-5.3,-12.5,-5.8,-9.3,-8.8,-9.2,-11.7,-9.0,-13.3,-12.0,-9.7,-10.0,-12.9,-9.3,-14.4,-10.8,-13.1,-11.7,-15.2,-10.3,-12.6,-9.9,-11.0,-14.5,-14.9,-13.1,-15.1,-14.7,-14.5,-14.5,-14.4,-12.7,-14.9,-12.6,-6.4,-12.7,-15.4,-7.0,-7.9,-10.3,-12.3,-12.2,-12.5,-11.8,-10.9,-11.0,-12.8,-14.1,-12.9,-10.8,-3.8,-11.7,-8.5,-12.8,-13.0,-20.1,-12.3,-16.7,-13.7,-9.1,-12.8,-11.9,-14.3,-13.4,-9.0,-9.6,-11.5,-16.9,-13.7,-12.1,-13.4,-12.9,-1.6,-10.1,-10.9,-11.5,-3.6,-7.4,-22.2,-15.9,-5.5,-1.0,-17.8,-9.4,-7.0,-9.6,-9.5,-4.2,-11.8,-10.5,-11.0,-11.6,-13.8,-12.0,-13.6,-14.2,-13.9,-15.4,-16.5,-13.1,-19.9,-14.5,-17.7,-12.9,-11.3,-12.5,-12.6,-14.0,-15.0,-9.8,-25.3,-14.1,-17.4,-19.5,-18.3,-22.1,-13.3,-12.0,-15.2,-13.7,-13.5,-15.3,-13.6,-15.6,-15.9,-18.8,-19.2,-19.5,-14.8,-17.1,-22.1,-17.2,-19.0,-12.6,-17.0,-18.0,-17.0,-17.7,-18.0,-16.4,-12.2,-15.5,-16.5,-14.8,-15.6
2C7L51N00B,0,48.109791,11.621356,4441786.86,2778684.47,534.8,580.5,309,7267,3.7,0.71,0.5,32.6,348.93,-0.529,-0.103,0.842,-1.2,0.2,0.59,0.28,1.3,0.2,-0.3,-9.0,-2.7,-6.8,-5.7,-1.7,-0.6,-6.3,-9.1,-7.2,10.3,5.3,8.9,8.3,2.4,4.0,3.7,1.8,5.5,-4.5,5.0,6.4,4.6,-0.2,-0.1,3.7,2.1,6.0,-3.0,-5.5,-8.7,3.4,8.6,-16.1,-9.2,-10.1,-8.4,-8.1,-4.7,-5.1,-6.2,-7.1,-6.7,-5.4,6.9,-7.8,-6.0,-6.5,-4.7,-4.8,-4.8,-3.5,-11.6,-2.7,-4.5,-3.8,-1.0,0.9,-0.2,-0.8,-3.5,-9.4,-5.9,0.8,-2.0,-6.3,-4.4,-2.9,-4.4,-1.9,-4.9,-3.7,-5.7,-1.1,-1.2,-4.6,-3.5,-4.4,-4.7,-5.8,-5.4,-4.3,-6.1,-4.5,-4.1,-4.7,-7.0,-5.6,-6.4,-5.2,-5.9,-13.7,-4.0,-6.3,-7.7,-5.3,-5.1,-4.3,-6.6,-4.4,-2.4,-1.9,-5.1,-3.4,-5.4,-6.3,-5.8,-2.7,-2.9,-3.6,-7.7,-4.7,-6.4,-2.5,-4.7,-4.9,-14.9,-6.4,-2.7,5.4,2.5,-6.5,-3.4,-9.0,-5.6,-3.8,-4.3,-7.3,-3.5,-4.3,-3.2,-8.9,-5.5,-5.7,-9.1,-6.7,-3.0,-7.7,-9.4,-2.4,-3.4,-6.3,-8.5,-8.9,-5.6,3.9,-8.6,-9.3,-3.1,-2.7,-4.6,-7.1,-4.1,-6.1,-7.5,-6.8,-6.5,-7.1,-8.4,-8.3,-6.4,-2.4,-10.7,-3.4,-6.5,-8.0,-6.8,-7.7,-2.7,-8.0,-7.0,-8.0,-10.2,-9.3,-6.8,-6.5,-3.2,-5.2,-4.5,-1.4,-5.0,-6.9,-6.1,-6.8,-8.1,-6.0,-6.4,-7.2,-7.1,-8.3,-6.2,-7.6,-8.9,-11.5,-10.8,-10.0,-10.9,-8.7,-10.7,-6.9,-8.9,-8.3,-7.0,-7.0,-1.3,-5.7,-6.4,-4.3,-6.9
2C7L51NH3C,0,48.109807,11.621338,4441785.52,2778686.25,537.0,582.7,310,7266,3.8,0.68,0.46,32.6,348.93,-0.529,-0.103,0.842,-1.1,0.2,0.21,0.29,1.1,0.3,-0.3,-3.2,1.3,3.3,-3.5,3.9,1.2,-4.3,-8.8,-10.0,-11.6,-6.6,-12.1,10.6,-0.7,-0.6,1.4,-1.5,-0.9,-3.1,5.4,-2.6,0.7,1.1,0.4,1.3,4.0,5.1,5.5,-0.3,-3.9,-1.2,-4.3,-12.2,-4.3,-3.6,-3.7,-9.0,7.8,-0.1,-9.7,-6.6,-7.1,-3.3,-0.9,-3.2,-3.5,-5.7,2.8,-4.8,0.6,-2.9,-13.1,-3.0,-3.8,-4.6,-5.1,-4.4,-0.5,-4.8,-5.9,-5.4,-4.0,-10.0,-0.2,-2.6,-6.2,-5.8,-7.0,-7.5,-6.9,-8.0,-7.8,-12.9,-10.4,-5.9,-5.1,-5.2,-3.0,-5.5,-7.4,-7.3,-7.9,-2.7,-9.2,-9.1,-9.3,-5.8,-6.4,-10.5,-3.7,-11.0,-7.5,-5.2,-12.0,-3.7,-6.3,-6.5,-5.0,-3.9,-3.2,-2.1,-2.3,-3.8,-5.0,-5.1,-10.3,-3.7,-6.5,-3.7,-0.5,-3.4,-6.0,-1.7,-3.9,0.2,2.4,-3.3,-0.9,4.3,1.7,-2.9,-1.5,2.1,-2.3,-1.9,-2.5,-3.4,-1.9,-0.3,-1.3,-9.0,-18.8,-8.6,-5.9,-13.1,-11.2,-9.6,-9.8,-5.8,-3.5,-4.2,-7.5,-9.7,-9.6,-8.2,-5.8,0.9,-2.0,-6.3,-1.9,-2.2,-3.0,-5.5,-5.0,-8.5,-6.6,-7.4,-6.2,-5.3,-6.7,-6.3,-13.2,-1.9,-6.8,-6.8,-5.4,-6.7,-2.9,-9.8,-7.4,-9.0,-9.2,-10.2,-6.8,-7.6,-5.4,-5.4,-3.3,-2.8,-2.5,-5.8,-5.8,-6.0,-8.4,-7.6,-6.6,-6.1,-7.0,-4.2,-3.7,-9.2,-8.1,-11.0,-10.8,-11.5,-10.2,-13.5,-15.2,-8.7,-9.1,-6.8,-2.7,-10.6,-9.2,-7.5,-6.5,-7.6,-6.2
